{
"lowlevel": {
    "average_loudness": 0.792404532433,
    "barkbands_crest": {
        "mean": 11.900352478,
        "var": 17.4028015137
    },
    "barkbands_flatness_db": {
        "mean": 0.259526014328,
        "var": 0.00351742864586
    },
    "barkbands_kurtosis": {
        "mean": 12.5537700653,
        "var": 163.983139038
    },
    "barkbands_skewness": {
        "mean": 2.12623143196,
        "var": 1.4663848877
    },
    "barkbands_spread": {
        "mean": 6.07011556625,
        "var": 87.7212677002
    },
    "dissonance": {
        "mean": 0.382855057716,
        "var": 0.00332814920694
    },
    "dynamic_complexity": 3.19907069206,
    "erbbands_crest": {
        "mean": 11.8510532379,
        "var": 20.729883194
    },
    "erbbands_flatness_db": {
        "mean": 0.230844303966,
        "var": 0.00258254189976
    },
    "erbbands_kurtosis": {
        "mean": 4.82500553131,
        "var": 32.4541893005
    },
    "erbbands_skewness": {
        "mean": 1.51132023335,
        "var": 0.910757541656
    },
    "erbbands_spread": {
        "mean": 19.8554763794,
        "var": 288.260009766
    },
    "hfc": {
        "mean": 7.57738161087,
        "var": 62.6421089172
    },
    "melbands_crest": {
        "mean": 15.2196178436,
        "var": 19.9127521515
    },
    "melbands_flatness_db": {
        "mean": 0.355541914701,
        "var": 0.00475331256166
    },
    "melbands_kurtosis": {
        "mean": 16.731678009,
        "var": 269.72845459
    },
    "melbands_skewness": {
        "mean": 2.4831392765,
        "var": 1.65003490448
    },
    "melbands_spread": {
        "mean": 6.09943246841,
        "var": 74.4383392334
    },
    "pitch_salience": {
        "mean": 0.555326700211,
        "var": 0.0134721798822
    },
    "silence_rate_20dB": {
        "mean": 1,
        "var": 0
    },
    "silence_rate_30dB": {
        "mean": 0.987641632557,
        "var": 0.0122056687251
    },
    "silence_rate_60dB": {
        "mean": 0.0288362521678,
        "var": 0.0280047729611
    },
    "spectral_centroid": {
        "mean": 432.018859863,
        "var": 167235.390625
    },
    "spectral_complexity": {
        "mean": 8.26570510864,
        "var": 10.855222702
    },
    "spectral_decrease": {
        "mean": -6.40417185949e-009,
        "var": 3.59120926161e-017
    },
    "spectral_energy": {
        "mean": 0.0248580798507,
        "var": 0.000538425287232
    },
    "spectral_energyband_high": {
        "mean": 0.000123398815049,
        "var": 3.0158116715e-007
    },
    "spectral_energyband_low": {
        "mean": 0.00846786797047,
        "var": 8.87595451786e-005
    },
    "spectral_energyband_middle_high": {
        "mean": 0.000664517108817,
        "var": 2.60322781287e-006
    },
    "spectral_energyband_middle_low": {
        "mean": 0.0177913866937,
        "var": 0.000319147278788
    },
    "spectral_entropy": {
        "mean": 6.29499673843,
        "var": 0.378502398729
    },
    "spectral_flux": {
        "mean": 0.0584646388888,
        "var": 0.00165879016276
    },
    "spectral_kurtosis": {
        "mean": 18.0200214386,
        "var": 185.964752197
    },
    "spectral_rms": {
        "mean": 0.00449014315382,
        "var": 4.0904301386e-006
    },
    "spectral_rolloff": {
        "mean": 502.238525391,
        "var": 775225.875
    },
    "spectral_skewness": {
        "mean": 3.18137001991,
        "var": 1.39388394356
    },
    "spectral_spread": {
        "mean": 3086710,
        "var": 3.46217381888e+012
    },
    "spectral_strongpeak": {
        "mean": 0.702141165733,
        "var": 0.309494078159
    },
    "zerocrossingrate": {
        "mean": 0.0214373581111,
        "var": 0.000572337361518
    },
    "barkbands": {
        "mean": [7.27325095795e-005, 0.00232067727484, 0.00394856324419, 0.00401060609147, 0.00622542062774, 0.00443209381774, 0.00157457659952, 0.000762304174714, 0.000657178519759, 0.000236557389144, 0.000156649562996, 8.98294238141e-005, 6.52544258628e-005, 5.42361303815e-005, 3.58195611625e-005, 2.94373076031e-005, 2.18727327592e-005, 1.40328165799e-005, 1.91434883163e-005, 2.02842093131e-005, 3.00733336189e-005, 2.62001394731e-005, 2.2338304916e-005, 1.40575739351e-005, 1.55958623509e-005, 2.4949397357e-006, 1.0965173658e-007],
        "var": [6.80265230812e-008, 9.63144429988e-006, 3.94884154957e-005, 3.53378418367e-005, 8.18646003609e-005, 2.73645764537e-005, 1.56748192239e-005, 5.14202838531e-006, 1.40174802254e-006, 1.12459679258e-006, 1.01317908729e-007, 4.99292767131e-008, 7.60867706617e-008, 3.24988604916e-008, 1.9089346992e-008, 6.4980296699e-009, 3.98062338647e-009, 1.05574693432e-009, 1.68293645686e-008, 5.45758815917e-009, 2.11754258572e-008, 1.53962123051e-008, 1.29034356533e-008, 4.72489425363e-009, 9.3858947281e-009, 1.26443716608e-010, 1.53704563725e-013]
    },
    "erbbands": {
        "mean": [0.0395211167634, 0.65816795826, 3.81426644325, 10.2174596786, 16.4303817749, 21.1377182007, 32.3279571533, 32.5609703064, 24.764503479, 22.0734672546, 17.4409217834, 13.7394962311, 11.8074960709, 5.40113735199, 5.57425880432, 3.59932875633, 3.02498364449, 3.22678637505, 1.93807375431, 1.72384047508, 1.80889606476, 1.23028683662, 0.806485831738, 0.909200847149, 0.907793283463, 0.932842373848, 1.22918665409, 1.09784209728, 0.978762090206, 0.858976900578, 0.58450037241, 0.360012829304, 0.209146767855, 0.201440393925, 0.0897087082267, 0.018488060683, 0.003536749864, 0.000554453465156, 2.54481328739e-005, 2.82417586277e-005],
        "var": [0.00559117132798, 0.694005012512, 30.9768867493, 182.908370972, 718.355712891, 1466.39086914, 1774.32568359, 2091.13867188, 2951.80541992, 4925.01464844, 1607.09960938, 580.851013184, 1450.75878906, 251.789855957, 120.420249939, 70.9553070068, 146.038925171, 125.195335388, 40.2247161865, 38.0822410583, 20.7708339691, 12.1423654556, 3.82077217102, 34.8643417358, 22.1187477112, 13.2033262253, 28.2521057129, 30.8727302551, 22.4146060944, 17.9370098114, 9.53494167328, 3.08853197098, 1.29641771317, 1.58611452579, 0.372384130955, 0.0111154364422, 0.000186288452824, 3.78868753614e-006, 2.63372634812e-009, 6.62655319505e-010]
    },
    "gfcc": {
        "mean": [-101.323524475, 161.384368896, -78.4798049927, 20.491355896, -61.7081832886, -2.04780960083, -37.1645545959, -6.61773300171, -21.3470630646, -8.12257862091, -14.414226532, -5.19707107544, -4.51519632339],
        "cov": [[4810.10107422, -1126.5045166, -7.96137332916, 352.259460449, -504.617736816, 312.712219238, -231.103042603, 62.901058197, -71.3669891357, 212.485534668, -240.023681641, 39.8113594055, -193.873855591], [-1126.5045166, 1669.83618164, -161.76171875, -373.57611084, 478.341094971, -115.135009766, 224.247879028, -147.273651123, 263.298950195, -231.566726685, 198.287796021, -165.981918335, 139.808425903], [-7.96137332916, -161.76171875, 430.194854736, 50.4206008911, -103.521354675, 23.9553909302, 12.3487520218, 38.9085235596, -58.5312728882, 50.1946144104, -48.3680877686, 9.58867645264, -48.8628196716], [352.259460449, -373.57611084, 50.4206008911, 357.532775879, -38.0048789978, 18.9337043762, 1.61348831654, 47.7981567383, -34.9633903503, 20.1064567566, -17.3933467865, 21.5705337524, -26.8480453491], [-504.617736816, 478.341094971, -103.521354675, -38.0048789978, 382.701904297, -55.9378585815, 59.853843689, 4.41119337082, 70.4113311768, -70.6489868164, 53.9149169922, -31.6992511749, 7.89713144302], [312.712219238, -115.135009766, 23.9553909302, 18.9337043762, -55.9378585815, 180.830078125, 39.5902519226, 3.40722370148, 11.9398536682, 34.6731872559, -24.589548111, 4.12100887299, 10.3960876465], [-231.103042603, 224.247879028, 12.3487520218, 1.61348831654, 59.853843689, 39.5902519226, 146.548477173, 20.6701660156, 29.4279613495, -37.7570838928, 36.0041809082, -17.4521789551, 26.0918979645], [62.901058197, -147.273651123, 38.9085235596, 47.7981567383, 4.41119337082, 3.40722370148, 20.6701660156, 126.576835632, -12.0039405823, 26.9954719543, -6.84029150009, 25.2259807587, -32.1507987976], [-71.3669891357, 263.298950195, -58.5312728882, -34.9633903503, 70.4113311768, 11.9398536682, 29.4279613495, -12.0039405823, 137.931900024, -3.50301766396, 32.5592536926, -27.7611751556, 21.5257511139], [212.485534668, -231.566726685, 50.1946144104, 20.1064567566, -70.6489868164, 34.6731872559, -37.7570838928, 26.9954719543, -3.50301766396, 117.091018677, -11.1181964874, 26.0528621674, -31.7666110992], [-240.023681641, 198.287796021, -48.3680877686, -17.3933467865, 53.9149169922, -24.589548111, 36.0041809082, -6.84029150009, 32.5592536926, -11.1181964874, 109.339759827, 3.70495891571, 33.7659797668], [39.8113594055, -165.981918335, 9.58867645264, 21.5705337524, -31.6992511749, 4.12100887299, -17.4521789551, 25.2259807587, -27.7611751556, 26.0528621674, 3.70495891571, 79.7955856323, 11.4534606934], [-193.873855591, 139.808425903, -48.8628196716, -26.8480453491, 7.89713144302, 10.3960876465, 26.0918979645, -32.1507987976, 21.5257511139, -31.7666110992, 33.7659797668, 11.4534606934, 109.409881592]],
        "icov": [[0.000424897152698, -0.000819313747343, 0.000457529095002, -0.000877481827047, 0.000869567098562, -0.00103398587089, 0.00116547942162, -0.000578977342229, 0.000604269094765, -0.000611238530837, 0.000912449031603, -0.000654223083984, 0.000866815040354], [-0.000819313747343, 0.00959996692836, -0.00292504625395, 0.00712321233004, -0.00642871065065, 0.00509370490909, -0.00815687701106, 0.00573907000944, -0.0088710365817, 0.00725134089589, -0.00756720406935, 0.00790403690189, -0.00430703209713], [0.000457529095002, -0.00292504625395, 0.00394175527617, -0.00244048517197, 0.00268582534045, -0.00157371768728, 0.00143213791307, -0.00195542466827, 0.00347378104925, -0.00334513513371, 0.00338830566034, -0.00223120069131, 0.00228272564709], [-0.000877481827047, 0.00712321233004, -0.00244048517197, 0.00855185650289, -0.0048733484, 0.00394188659266, -0.00648907711729, 0.00344279897399, -0.00600145291537, 0.00547902844846, -0.00579805159941, 0.00542923389003, -0.00311963213608], [0.000869567098562, -0.00642871065065, 0.00268582534045, -0.0048733484, 0.00833910610527, -0.00304297008552, 0.00488890428096, -0.00443912157789, 0.00434334296733, -0.00319212325849, 0.00451219500974, -0.00514833489433, 0.00434129079804], [-0.00103398587089, 0.00509370490909, -0.00157371768728, 0.00394188659266, -0.00304297008552, 0.0115396594629, -0.00902618002146, 0.00414873939008, -0.00528878392652, 0.000499054149259, -0.00140555086546, 0.0038329907693, -0.00436390191317], [0.00116547942162, -0.00815687701106, 0.00143213791307, -0.00648907711729, 0.00488890428096, -0.00902618002146, 0.0192386414856, -0.00840352382511, 0.00657424936071, -0.00180598488078, 0.00280630565248, -0.00434253225103, 0.00275372737087], [-0.000578977342229, 0.00573907000944, -0.00195542466827, 0.00344279897399, -0.00443912157789, 0.00414873939008, -0.00840352382511, 0.0144021492451, -0.0052912668325, 0.00218597170897, -0.00358065962791, 0.000704887090251, 0.000481370108901], [0.000604269094765, -0.0088710365817, 0.00347378104925, -0.00600145291537, 0.00434334296733, -0.00528878392652, 0.00657424936071, -0.0052912668325, 0.0183012504131, -0.00916534941643, 0.00528041087091, -0.00361829064786, 0.00203895778395], [-0.000611238530837, 0.00725134089589, -0.00334513513371, 0.00547902844846, -0.00319212325849, 0.000499054149259, -0.00180598488078, 0.00218597170897, -0.00916534941643, 0.0198632534593, -0.00820292439312, 0.00255128275603, 0.000592336757109], [0.000912449031603, -0.00756720406935, 0.00338830566034, -0.00579805159941, 0.00451219500974, -0.00140555086546, 0.00280630565248, -0.00358065962791, 0.00528041087091, -0.00820292439312, 0.0193425510079, -0.00793728418648, 0.000904268934391], [-0.000654223083984, 0.00790403690189, -0.00223120069131, 0.00542923389003, -0.00514833489433, 0.0038329907693, -0.00434253225103, 0.000704887090251, -0.00361829064786, 0.00255128275603, -0.00793728418648, 0.0241522528231, -0.00829956401139], [0.000866815040354, -0.00430703209713, 0.00228272564709, -0.00311963213608, 0.00434129079804, -0.00436390191317, 0.00275372737087, 0.000481370108901, 0.00203895778395, 0.000592336757109, 0.000904268934391, -0.00829956401139, 0.0163802243769]]
    },
    "melbands": {
        "mean": [0.000502935436089, 0.00163757277187, 0.00196440098807, 0.00132557039615, 0.00110626674723, 0.000770738057327, 0.000365673564374, 0.000217790307943, 0.00013892975403, 8.67019771249e-005, 5.75974445383e-005, 2.0839894205e-005, 1.88989488379e-005, 1.21441125884e-005, 7.2484467637e-006, 6.65261904942e-006, 5.94022139921e-006, 3.04339550894e-006, 2.73464729617e-006, 1.96697919819e-006, 2.06439017347e-006, 1.39069493343e-006, 7.98592679985e-007, 6.29856629075e-007, 7.58091744046e-007, 7.01684598425e-007, 5.94477228333e-007, 6.26420273875e-007, 7.86274597431e-007, 7.25332370166e-007, 5.91045306919e-007, 5.59815930501e-007, 4.90834565881e-007, 4.74736509659e-007, 3.49427693891e-007, 2.75288783769e-007, 1.89723905919e-007, 1.26837193193e-007, 1.75527105739e-007, 1.68322429772e-007],
        "var": [5.51788787106e-007, 4.79605841974e-006, 5.91754223933e-006, 3.80110827791e-006, 2.25248345487e-006, 9.99781150313e-007, 6.24762606094e-007, 4.8893349458e-007, 1.03088432013e-007, 2.37659154578e-008, 3.75303059741e-008, 4.79667638942e-009, 1.40986933239e-009, 6.0843574623e-010, 5.18113774106e-010, 8.01741395495e-010, 4.23936996619e-010, 1.17480927764e-010, 1.21185381174e-010, 3.87938257906e-011, 2.46623971245e-011, 1.70008052774e-011, 5.89212489563e-012, 2.2494556131e-012, 3.08046123332e-011, 1.89818195884e-011, 6.0313607407e-012, 6.41466393891e-012, 1.06564297317e-011, 1.46629080405e-011, 8.98027485707e-012, 6.93373440261e-012, 6.55683493611e-012, 5.81335500571e-012, 3.85421425678e-012, 1.84291449289e-012, 8.4399663907e-013, 4.51140589729e-013, 1.18412528047e-012, 1.16898071084e-012]
    },
    "mfcc": {
        "mean": [-757.093017578, 190.458786011, 34.9597930908, 27.1454391479, 0.912938117981, 2.35683894157, -7.00115728378, -2.47466778755, -3.4173014164, -6.32062530518, -8.17594051361, -3.48082399368, -3.55866193771],
        "cov": [[4419.27148438, -1201.921875, 177.677001953, -74.372718811, -236.910400391, 185.43258667, -199.172286987, -60.9276733398, 23.6620159149, 38.3813552856, 25.8450641632, 42.4964065552, 29.8790454865], [-1201.921875, 1708.08886719, -298.756378174, -136.773666382, 205.913589478, -12.2149648666, 31.3234806061, 55.968914032, 52.303478241, 0.996869683266, 51.2398986816, 14.2542514801, 35.9699478149], [177.677001953, -298.756378174, 498.049499512, -9.01815128326, -146.845809937, 28.7822380066, 18.6775112152, -24.2025299072, 28.6250362396, -18.6364307404, 5.83841085434, 14.2586240768, -12.2216682434], [-74.372718811, -136.773666382, -9.01815128326, 304.650268555, 73.0868911743, -34.9558067322, 34.2418785095, 46.1144676208, -30.812078476, 18.1891746521, 3.77785205841, -10.7992124557, 14.0566987991], [-236.910400391, 205.913589478, -146.845809937, 73.0868911743, 192.405654907, 0.867290973663, 9.20537376404, 27.3274250031, 2.09133815765, 19.1924304962, 15.2337427139, 7.14650774002, 20.4384746552], [185.43258667, -12.2149648666, 28.7822380066, -34.9558067322, 0.867290973663, 151.29296875, -0.681946396828, -3.87462997437, 35.442401886, 6.51340389252, 7.25563907623, 6.21165180206, -13.9267463684], [-199.172286987, 31.3234806061, 18.6775112152, 34.2418785095, 9.20537376404, -0.681946396828, 135.387649536, 47.2935714722, 2.70554614067, 2.18129253387, 0.851949512959, 1.70951282978, -0.121948182583], [-60.9276733398, 55.968914032, -24.2025299072, 46.1144676208, 27.3274250031, -3.87462997437, 47.2935714722, 105.049682617, 28.0816173553, 5.81380939484, 7.10800552368, 0.815903663635, 7.17171907425], [23.6620159149, 52.303478241, 28.6250362396, -30.812078476, 2.09133815765, 35.442401886, 2.70554614067, 28.0816173553, 96.9328918457, 11.7351903915, 0.777261435986, 7.11339330673, -1.82460105419], [38.3813552856, 0.996869683266, -18.6364307404, 18.1891746521, 19.1924304962, 6.51340389252, 2.18129253387, 5.81380939484, 11.7351903915, 75.9557723999, 32.0471382141, 6.89270973206, 1.53388047218], [25.8450641632, 51.2398986816, 5.83841085434, 3.77785205841, 15.2337427139, 7.25563907623, 0.851949512959, 7.10800552368, 0.777261435986, 32.0471382141, 88.912109375, 34.0015029907, 8.17743587494], [42.4964065552, 14.2542514801, 14.2586240768, -10.7992124557, 7.14650774002, 6.21165180206, 1.70951282978, 0.815903663635, 7.11339330673, 6.89270973206, 34.0015029907, 76.6939544678, 24.9010162354], [29.8790454865, 35.9699478149, -12.2216682434, 14.0566987991, 20.4384746552, -13.9267463684, -0.121948182583, 7.17171907425, -1.82460105419, 1.53388047218, 8.17743587494, 24.9010162354, 82.2012176514]],
        "icov": [[0.00034430748201, 0.000237693937379, 9.14408956305e-005, 7.68704339862e-005, 0.000278258521575, -0.000418909650762, 0.000471345934784, -0.000198204463231, -8.05764921097e-006, -0.000129610853037, -0.000149604602484, -6.03872977081e-005, -0.000315463577863], [0.000237693937379, 0.000998367206194, 0.000344050582498, 0.000684231170453, -0.000669300672598, -5.0977934734e-005, 5.00511996506e-005, -0.000293763034279, -0.0004263620649, 0.000342191720847, -0.000732385902666, 0.000255427585216, -0.000426006037742], [9.14408956305e-005, 0.000344050582498, 0.00307576195337, -0.000600624538492, 0.00224669789895, -0.000429607287515, -0.00069478637306, 0.000998773728497, -0.00155167060439, 0.000957353855483, -0.000992310815491, -0.000384292332456, -0.000180526345503], [7.68704339862e-005, 0.000684231170453, -0.000600624538492, 0.004957604222, -0.00255181430839, 0.000695076247212, -0.000295949954307, -0.00222439295612, 0.00185788213275, -0.000979802454822, -1.01498585536e-006, 0.000944917672314, -0.000545163464267], [0.000278258521575, -0.000669300672598, 0.00224669789895, -0.00255181430839, 0.00922830402851, -0.00131412444171, 0.000329863454681, -7.08028528607e-005, -0.000757250993047, -0.0007658660179, -0.000502768903971, -0.000795900123194, -0.00125975860283], [-0.000418909650762, -5.0977934734e-005, -0.000429607287515, 0.000695076247212, -0.00131412444171, 0.0082152010873, -0.00090840132907, 0.00108260323759, -0.00275066657923, 0.00011820972577, -0.00046721129911, -0.000201855422347, 0.00165898900013], [0.000471345934784, 5.00511996506e-005, -0.00069478637306, -0.000295949954307, 0.000329863454681, -0.00090840132907, 0.00986371748149, -0.0047685331665, 0.00154260545969, -0.000741095980629, 0.000725827354472, -0.000757596630137, 0.00015418624389], [-0.000198204463231, -0.000293763034279, 0.000998773728497, -0.00222439295612, -7.08028528607e-005, 0.00108260323759, -0.0047685331665, 0.0145071037114, -0.00547545636073, 0.00129900989123, -0.00162044772878, 0.000834061938804, -0.000579504470807], [-8.05764921097e-006, -0.0004263620649, -0.00155167060439, 0.00185788213275, -0.000757250993047, -0.00275066657923, 0.00154260545969, -0.00547545636073, 0.0146445538849, -0.00324974907562, 0.00258672516793, -0.00138949777465, 0.00039263869985], [-0.000129610853037, 0.000342191720847, 0.000957353855483, -0.000979802454822, -0.0007658660179, 0.00011820972577, -0.000741095980629, 0.00129900989123, -0.00324974907562, 0.0170624218881, -0.00687447935343, 0.00152913446072, 0.000133423571242], [-0.000149604602484, -0.000732385902666, -0.000992310815491, -1.01498585536e-006, -0.000502768903971, -0.00046721129911, 0.000725827354472, -0.00162044772878, 0.00258672516793, -0.00687447935343, 0.0170768722892, -0.00703997677192, 0.00103528192267], [-6.03872977081e-005, 0.000255427585216, -0.000384292332456, 0.000944917672314, -0.000795900123194, -0.000201855422347, -0.000757596630137, 0.000834061938804, -0.00138949777465, 0.00152913446072, -0.00703997677192, 0.0180817376822, -0.00505523197353], [-0.000315463577863, -0.000426006037742, -0.000180526345503, -0.000545163464267, -0.00125975860283, 0.00165898900013, 0.00015418624389, -0.000579504470807, 0.00039263869985, 0.000133423571242, 0.00103528192267, -0.00505523197353, 0.014612423256]]
    },
    "spectral_contrast_coeffs": {
        "mean": [-0.577786028385, -0.6547062397, -0.725333809853, -0.793975353241, -0.82236135006, -0.794509351254],
        "var": [0.00738942343742, 0.00577507680282, 0.00395758496597, 0.00224103103392, 0.00123800372239, 0.00107160722837]
    },
    "spectral_contrast_valleys": {
        "mean": [-7.30280590057, -7.06211709976, -8.45003509521, -9.14466285706, -9.21102333069, -11.748758316],
        "var": [0.761690437794, 0.803679764271, 0.868338942528, 0.81475764513, 0.740457653999, 1.25325381756]
    }
},
"metadata": {
    "audio_properties": {
        "analysis_sample_rate": 44100,
        "bit_rate": 128074,
        "equal_loudness": 0,
        "length": 45.0612258911,
        "lossless": 0,
        "replay_gain": -6.95022773743,
        "sample_rate": 44100,
        "codec": "mp3",
        "downmix": "mix",
        "md5_encoded": "a4659c138338ced4b5ef0cc9eeaa2e79"
    },
    "tags": {
        "file_name": "1481.mp3"
    },
    "version": {
        "essentia": "2.1-beta2",
        "essentia_git_sha": "v2.1_beta2",
        "extractor": "music 1.0"
    }
},
"rhythm": {
    "beats_count": 89,
    "beats_loudness": {
        "mean": 0.0349148400128,
        "var": 0.000607600260992
    },
    "bpm": 120.377639771,
    "bpm_histogram_first_peak_bpm": {
        "mean": 120,
        "var": 0
    },
    "bpm_histogram_first_peak_spread": {
        "mean": 0.535211265087,
        "var": 0
    },
    "bpm_histogram_first_peak_weight": {
        "mean": 0.375,
        "var": 0
    },
    "bpm_histogram_second_peak_bpm": {
        "mean": 115,
        "var": 0
    },
    "bpm_histogram_second_peak_spread": {
        "mean": 0.0999999716878,
        "var": 0
    },
    "bpm_histogram_second_peak_weight": {
        "mean": 0.102272726595,
        "var": 0
    },
    "danceability": 1.14938735962,
    "onset_rate": 3.26075792313,
    "beats_loudness_band_ratio": {
        "mean": [0.486059337854, 0.426161855459, 0.13251657784, 0.0228675864637, 0.00805567670614, 0.00374854286201],
        "var": [0.0442079119384, 0.0373501740396, 0.0113984076306, 0.000858729996253, 8.74269608175e-005, 2.98808336083e-005]
    },
    "beats_position": [0.545668900013, 1.10294783115, 1.64861679077, 2.20589566231, 2.76317453384, 3.29723358154, 3.8196823597, 4.34213161469, 4.86458063126, 5.38702917099, 5.90947818756, 6.43192720413, 6.9543762207, 7.46521520615, 7.98766422272, 8.498503685, 9.0093421936, 9.52018165588, 10.0194101334, 10.5186395645, 11.017868042, 11.5170974731, 12.0163259506, 12.5155553818, 13.0031747818, 13.5024032593, 14.0016326904, 14.512471199, 15.0233106613, 15.5341491699, 16.0449886322, 16.5558280945, 17.0666656494, 17.5891151428, 18.088344574, 18.5991840363, 19.1100215912, 19.6208610535, 20.1317005157, 20.6309299469, 21.1301574707, 21.640996933, 22.1402263641, 22.6278457642, 23.1270751953, 23.614692688, 24.102312088, 24.6015415192, 25.1007709503, 25.6000003815, 26.0992279053, 26.6100673676, 27.1092967987, 27.5969161987, 28.0961437225, 28.5837631226, 29.0713825226, 29.5706119537, 30.0698413849, 30.5690689087, 31.0682983398, 31.567527771, 32.0667572021, 32.5659866333, 33.0652160645, 33.5528335571, 34.0404510498, 34.5280723572, 35.0156898499, 35.5033111572, 35.9909286499, 36.4785499573, 36.9893875122, 37.4886169434, 37.9878463745, 38.4522438049, 38.9398651123, 39.427482605, 39.9151000977, 40.4143295288, 40.91355896, 41.4011802673, 41.8655776978, 42.3531951904, 42.8524246216, 43.3516540527, 43.8392753601, 44.3268928528, 44.8029022217]
},
"tonal": {
    "chords_changes_rate": 0.0823045298457,
    "chords_number_rate": 0.0185185186565,
    "chords_strength": {
        "mean": 0.445738822222,
        "var": 0.0131602715701
    },
    "hpcp_entropy": {
        "mean": 1.38127613068,
        "var": 0.614961802959
    },
    "key_strength": 0.688442826271,
    "tuning_diatonic_strength": 0.357283622026,
    "tuning_equal_tempered_deviation": 0.0204919055104,
    "tuning_frequency": 440.508636475,
    "tuning_nontempered_energy_ratio": 0.646080613136,
    "hpcp": {
        "mean": [0.0291000418365, 0.0306899901479, 0.0604259595275, 0.107804656029, 0.102497942746, 0.0831578448415, 0.0904062017798, 0.0697169080377, 0.0509508773685, 0.0548549890518, 0.0585500076413, 0.0970875024796, 0.145716264844, 0.101985923946, 0.0456862300634, 0.051377825439, 0.0689919292927, 0.202684357762, 0.327133983374, 0.214515134692, 0.129085868597, 0.138127505779, 0.081524245441, 0.0875717401505, 0.12405705452, 0.0864326581359, 0.0814792737365, 0.114757806063, 0.093350879848, 0.153838306665, 0.230508878827, 0.147923439741, 0.113484703004, 0.150387272239, 0.101647488773, 0.04168465361],
        "var": [0.013001143001, 0.0128868604079, 0.0202835462987, 0.0458535067737, 0.0443396158516, 0.033776730299, 0.0354736223817, 0.0268543194979, 0.0206602029502, 0.0250504445285, 0.0321122482419, 0.045607034117, 0.0956667363644, 0.0503161586821, 0.0182911343873, 0.0171761792153, 0.0261168871075, 0.0706940665841, 0.156097695231, 0.0699256062508, 0.0638125613332, 0.0909156426787, 0.0293767526746, 0.0358357131481, 0.0719884708524, 0.0413912050426, 0.0314505919814, 0.0626246035099, 0.0374079532921, 0.0592828691006, 0.124152511358, 0.0547156855464, 0.043394792825, 0.0783687457442, 0.0406395681202, 0.0155452974141]
    },
    "chords_histogram": [4.01234579086, 4.32098770142, 8.23045253754, 2.05761313438, 2.05761313438, 8.43621444702, 4.21810722351, 3.18930029869, 15.843621254, 25.3086414337, 0, 3.39506173134, 0, 1.33744859695, 0, 4.21810722351, 1.23456788063, 1.74897122383, 2.57201647758, 0, 1.23456788063, 0, 0.925925910473, 5.65843629837],
    "thpcp": [1, 0.655740916729, 0.394596338272, 0.422235280275, 0.249207511544, 0.267693817616, 0.379224002361, 0.264211803675, 0.249070033431, 0.350797563791, 0.28535977006, 0.470260858536, 0.704631388187, 0.452179998159, 0.346905887127, 0.459711551666, 0.310721278191, 0.127423793077, 0.0889545083046, 0.0938147380948, 0.184713184834, 0.329542815685, 0.313320994377, 0.254201173782, 0.27635833621, 0.213114231825, 0.155749261379, 0.167683556676, 0.178978681564, 0.296782076359, 0.445432990789, 0.31175583601, 0.139656022191, 0.157054379582, 0.210898086429, 0.619575977325],
    "chords_key": "D#",
    "chords_scale": "major",
    "key_key": "G#",
    "key_scale": "minor"
}
}