{
"lowlevel": {
    "average_loudness": 0.979682147503,
    "barkbands_crest": {
        "mean": 11.3845300674,
        "var": 11.9122123718
    },
    "barkbands_flatness_db": {
        "mean": 0.315809041262,
        "var": 0.00313692749478
    },
    "barkbands_kurtosis": {
        "mean": 6.54580640793,
        "var": 40.1283340454
    },
    "barkbands_skewness": {
        "mean": 1.51751446724,
        "var": 0.862193226814
    },
    "barkbands_spread": {
        "mean": 4.35698461533,
        "var": 8.25578594208
    },
    "dissonance": {
        "mean": 0.386710375547,
        "var": 0.00374382105656
    },
    "dynamic_complexity": 1.20537018776,
    "erbbands_crest": {
        "mean": 12.1893157959,
        "var": 18.1000919342
    },
    "erbbands_flatness_db": {
        "mean": 0.319607406855,
        "var": 0.00213593873195
    },
    "erbbands_kurtosis": {
        "mean": 3.55223727226,
        "var": 15.2643880844
    },
    "erbbands_skewness": {
        "mean": 1.11667692661,
        "var": 0.650029242039
    },
    "erbbands_spread": {
        "mean": 11.8720750809,
        "var": 41.5131263733
    },
    "hfc": {
        "mean": 15.8803672791,
        "var": 77.9165039063
    },
    "melbands_crest": {
        "mean": 13.1868076324,
        "var": 13.8756933212
    },
    "melbands_flatness_db": {
        "mean": 0.395244926214,
        "var": 0.0056110471487
    },
    "melbands_kurtosis": {
        "mean": 6.7374162674,
        "var": 52.9393997192
    },
    "melbands_skewness": {
        "mean": 1.5317786932,
        "var": 0.729534685612
    },
    "melbands_spread": {
        "mean": 6.35745716095,
        "var": 26.084602356
    },
    "pitch_salience": {
        "mean": 0.586024224758,
        "var": 0.00846156757325
    },
    "silence_rate_20dB": {
        "mean": 1,
        "var": 0
    },
    "silence_rate_30dB": {
        "mean": 1,
        "var": 0
    },
    "silence_rate_60dB": {
        "mean": 0.00154479919001,
        "var": 0.00154241069686
    },
    "spectral_centroid": {
        "mean": 456.175720215,
        "var": 51723.3984375
    },
    "spectral_complexity": {
        "mean": 11.9078273773,
        "var": 13.9992494583
    },
    "spectral_decrease": {
        "mean": -1.00715453755e-008,
        "var": 1.20467705824e-017
    },
    "spectral_energy": {
        "mean": 0.0394527204335,
        "var": 0.000187603669474
    },
    "spectral_energyband_high": {
        "mean": 2.3671091185e-005,
        "var": 5.83683501532e-009
    },
    "spectral_energyband_low": {
        "mean": 0.00474633136764,
        "var": 2.53280486504e-005
    },
    "spectral_energyband_middle_high": {
        "mean": 0.00346695166081,
        "var": 3.01297404803e-005
    },
    "spectral_energyband_middle_low": {
        "mean": 0.0332266911864,
        "var": 0.000167644349858
    },
    "spectral_entropy": {
        "mean": 5.96851444244,
        "var": 0.237077698112
    },
    "spectral_flux": {
        "mean": 0.0823907479644,
        "var": 0.00111330766231
    },
    "spectral_kurtosis": {
        "mean": 44.3810386658,
        "var": 1046.11865234
    },
    "spectral_rms": {
        "mean": 0.00610348582268,
        "var": 1.23792165141e-006
    },
    "spectral_rolloff": {
        "mean": 564.189880371,
        "var": 220316.109375
    },
    "spectral_skewness": {
        "mean": 4.5715918541,
        "var": 3.46353721619
    },
    "spectral_spread": {
        "mean": 1590305.5,
        "var": 1.65163316019e+012
    },
    "spectral_strongpeak": {
        "mean": 1.37225866318,
        "var": 1.1019743681
    },
    "zerocrossingrate": {
        "mean": 0.0215442162007,
        "var": 0.000186938996194
    },
    "barkbands": {
        "mean": [3.20079175253e-006, 0.000609317445196, 0.00253632175736, 0.00253033824265, 0.0119824595749, 0.00729632610455, 0.00588296307251, 0.002702542115, 0.00187358085532, 0.00183295528404, 0.000877862563357, 0.000546877505258, 0.000295023957733, 0.000217979308218, 5.09845194756e-005, 2.35826100834e-005, 2.47867301368e-005, 9.67177402345e-005, 2.74170906778e-005, 2.95288791676e-005, 2.46426725425e-006, 1.91136223293e-006, 1.43860438584e-006, 4.96578468301e-006, 1.20258346215e-006, 3.87763314791e-008, 2.13308815056e-009],
        "var": [7.18471185324e-011, 1.2752470866e-006, 1.12533170977e-005, 8.79472008819e-006, 7.40019313525e-005, 4.03608682973e-005, 2.64312402578e-005, 3.0283768865e-005, 2.65021244559e-005, 7.3050687206e-006, 6.61487047182e-006, 3.90912236981e-006, 7.11428185696e-007, 5.35516960554e-007, 5.27471719636e-008, 4.44704228997e-009, 2.27218666105e-009, 3.941068627e-008, 4.49630954691e-009, 4.98800245552e-009, 4.42293215941e-011, 1.08869170623e-010, 4.65567723262e-011, 1.53557733196e-009, 5.77988525097e-011, 6.40174897685e-014, 7.47124669972e-016]
    },
    "erbbands": {
        "mean": [0.00325517868623, 0.229194387794, 2.55682969093, 6.99131965637, 24.5181846619, 37.9220085144, 41.181022644, 65.0247802734, 110.478981018, 62.5480804443, 38.9264526367, 45.7649459839, 67.1247177124, 35.7186431885, 31.5423679352, 21.5168647766, 14.6540527344, 11.8314962387, 5.77307319641, 1.98365390301, 0.891471862793, 1.77197062969, 5.2592382431, 2.85482573509, 1.10673511028, 1.50320649147, 0.30188024044, 0.0628463104367, 0.0629970356822, 0.0545124411583, 0.0436966605484, 0.100140854716, 0.0794225782156, 0.0257121175528, 0.00271088816226, 0.000358548131771, 6.11584982835e-005, 8.16642659629e-006, 1.90437385754e-005, 4.41313386546e-005],
        "var": [2.59347143583e-005, 0.158910140395, 12.820930481, 50.9598579407, 457.154296875, 785.196044922, 1198.11816406, 3906.86108398, 9779.78613281, 7635.42382813, 7114.12695313, 20748.6992188, 8895.57128906, 8620.72460938, 8869.078125, 4185.03125, 1420.96032715, 1350.49914551, 419.63092041, 24.5289936066, 3.75405073166, 10.5589017868, 140.942932129, 31.9711112976, 5.14600229263, 13.6992330551, 0.480455011129, 0.0261224675924, 0.108402296901, 0.0812232345343, 0.0556174851954, 0.839562773705, 0.259357005358, 0.0280902087688, 0.000273803569144, 2.09622999137e-006, 1.86705776173e-007, 9.21582810065e-009, 5.45901136795e-011, 2.38850661471e-010]
    },
    "gfcc": {
        "mean": [-100.723823547, 205.895950317, -114.269332886, -10.0917730331, -64.8810195923, -30.4345855713, -34.1570014954, -10.1233577728, -31.1019287109, -28.1506958008, 6.75783491135, -20.2388458252, -6.59601068497],
        "cov": [[2997.26293945, -839.895629883, -1128.43981934, 295.789794922, -370.978820801, 442.831604004, -166.706176758, 95.7553482056, -44.0292320251, 34.8690299988, 33.0121078491, -252.090179443, 72.1881256104], [-839.895629883, 803.393188477, 463.021270752, -219.588912964, 334.38293457, -210.591369629, 185.715621948, -77.6931991577, 21.3808708191, -34.2729682922, 4.17807531357, 80.8006668091, -26.5595035553], [-1128.43981934, 463.021270752, 891.704772949, 25.9713497162, 176.167602539, -89.1454696655, 74.6173629761, -23.1012096405, 28.2451667786, 0.448339790106, -22.8053855896, 166.678665161, -43.9979629517], [295.789794922, -219.588912964, 25.9713497162, 324.60345459, -27.6414871216, 92.4814682007, -26.7195339203, 43.4392204285, 19.6470890045, 19.085111618, -1.04110169411, -0.988433361053, 14.5393571854], [-370.978820801, 334.38293457, 176.167602539, -27.6414871216, 275.047851563, -24.6712741852, 103.486434937, -11.9858732224, 3.0107986927, 0.588538825512, -2.1296377182, 24.9921264648, -13.3570241928], [442.831604004, -210.591369629, -89.1454696655, 92.4814682007, -24.6712741852, 345.129943848, 10.2664022446, 16.2171974182, -2.93465352058, 39.8147468567, 23.4324817657, -60.3961143494, -6.90451431274], [-166.706176758, 185.715621948, 74.6173629761, -26.7195339203, 103.486434937, 10.2664022446, 142.694732666, -5.88429880142, 5.54063558578, 9.79337501526, 3.453758955, 21.2543468475, -18.3317337036], [95.7553482056, -77.6931991577, -23.1012096405, 43.4392204285, -11.9858732224, 16.2171974182, -5.88429880142, 97.7733306885, 21.3996562958, 3.85297203064, -13.2793769836, -15.517250061, 6.12740421295], [-44.0292320251, 21.3808708191, 28.2451667786, 19.6470890045, 3.0107986927, -2.93465352058, 5.54063558578, 21.3996562958, 71.2983703613, 19.4679679871, -6.04007816315, -3.88534641266, 1.52670347691], [34.8690299988, -34.2729682922, 0.448339790106, 19.085111618, 0.588538825512, 39.8147468567, 9.79337501526, 3.85297203064, 19.4679679871, 83.095085144, 21.5838432312, -11.3334007263, -3.97874903679], [33.0121078491, 4.17807531357, -22.8053855896, -1.04110169411, -2.1296377182, 23.4324817657, 3.453758955, -13.2793769836, -6.04007816315, 21.5838432312, 71.3217086792, -2.07887005806, -8.77846813202], [-252.090179443, 80.8006668091, 166.678665161, -0.988433361053, 24.9921264648, -60.3961143494, 21.2543468475, -15.517250061, -3.88534641266, -11.3334007263, -2.07887005806, 122.183746338, -15.4547786713], [72.1881256104, -26.5595035553, -43.9979629517, 14.5393571854, -13.3570241928, -6.90451431274, -18.3317337036, 6.12740421295, 1.52670347691, -3.97874903679, -8.77846813202, -15.4547786713, 60.0021400452]],
        "icov": [[0.00177447556052, -0.00387627934106, 0.00330426730216, -0.00298045645468, 0.00346715375781, -0.00279998756014, 0.00264911726117, -0.00212164106779, 0.00247878860682, -0.00171692180447, 0.00168407498859, -0.00111250462942, 0.000553025340196], [-0.00387627934106, 0.0199390798807, -0.011349841021, 0.011615248397, -0.015568847768, 0.010359397158, -0.012780720368, 0.00943073444068, -0.0104801589623, 0.00866637565196, -0.00810411386192, 0.0059986715205, -0.00358841195703], [0.00330426730216, -0.011349841021, 0.00944109726697, -0.00763408094645, 0.00835350528359, -0.0066817398183, 0.00763097079471, -0.00540478387848, 0.00573263131082, -0.00523050455377, 0.00534067628905, -0.00552468234673, 0.0026131735649], [-0.00298045645468, 0.011615248397, -0.00763408094645, 0.0110633354634, -0.00929303467274, 0.00545494211838, -0.00674068694934, 0.00428821751848, -0.00697558466345, 0.00470842095092, -0.00483037903905, 0.00274071260355, -0.003000886878], [0.00346715375781, -0.015568847768, 0.00835350528359, -0.00929303467274, 0.017977129668, -0.0080424528569, 0.00624413788319, -0.00727564934641, 0.00873010419309, -0.00650877412409, 0.00626116152853, -0.00360338110477, 0.00237576640211], [-0.00279998756014, 0.010359397158, -0.0066817398183, 0.00545494211838, -0.0080424528569, 0.00979838706553, -0.00767380231991, 0.00501295831054, -0.00488981744274, 0.00331711722538, -0.00490480661392, 0.00494821276516, -0.000885110581294], [0.00264911726117, -0.012780720368, 0.00763097079471, -0.00674068694934, 0.00624413788319, -0.00767380231991, 0.0186658091843, -0.00624362984672, 0.00598462671041, -0.00648923637345, 0.00531107187271, -0.00547025678679, 0.00401730369776], [-0.00212164106779, 0.00943073444068, -0.00540478387848, 0.00428821751848, -0.00727564934641, 0.00501295831054, -0.00624362984672, 0.016627766192, -0.00824497081339, 0.00427922559902, -0.00179256952833, 0.00384670426138, -0.00170156522654], [0.00247878860682, -0.0104801589623, 0.00573263131082, -0.00697558466345, 0.00873010419309, -0.00488981744274, 0.00598462671041, -0.00824497081339, 0.0225772708654, -0.00886270403862, 0.005967119243, -0.00193093623966, 0.00153730565216], [-0.00171692180447, 0.00866637565196, -0.00523050455377, 0.00470842095092, -0.00650877412409, 0.00331711722538, -0.00648923637345, 0.00427922559902, -0.00886270403862, 0.0189011786133, -0.00801198743284, 0.00371405831538, -0.0012980614556], [0.00168407498859, -0.00810411386192, 0.00534067628905, -0.00483037903905, 0.00626116152853, -0.00490480661392, 0.00531107187271, -0.00179256952833, 0.005967119243, -0.00801198743284, 0.019833734259, -0.00311767519452, 0.00352399540134], [-0.00111250462942, 0.0059986715205, -0.00552468234673, 0.00274071260355, -0.00360338110477, 0.00494821276516, -0.00547025678679, 0.00384670426138, -0.00193093623966, 0.00371405831538, -0.00311767519452, 0.0144010782242, 0.000530242279638], [0.000553025340196, -0.00358841195703, 0.0026131735649, -0.003000886878, 0.00237576640211, -0.000885110581294, 0.00401730369776, -0.00170156522654, 0.00153730565216, -0.0012980614556, 0.00352399540134, 0.000530242279638, 0.0194107666612]]
    },
    "melbands": {
        "mean": [8.6120031483e-005, 0.000956932548434, 0.00149411987513, 0.00253647379577, 0.00152243569028, 0.00158598111011, 0.00152030494064, 0.000677995965816, 0.000282432418317, 0.000296562007861, 0.000329576781951, 0.000143937009852, 0.000106346335087, 6.68664943078e-005, 4.86169810756e-005, 2.63109668595e-005, 2.18588484131e-005, 1.10285955088e-005, 2.80985864265e-006, 2.50212269748e-006, 6.72459179896e-007, 1.44605064634e-006, 3.83455699193e-006, 4.50120023743e-006, 2.16482135329e-006, 6.32942374068e-007, 1.00604881936e-006, 9.79985202321e-007, 2.24455931175e-007, 5.02806578595e-008, 2.66193111997e-008, 2.97257756188e-008, 4.76155612716e-008, 2.1735104383e-008, 1.56523309869e-008, 4.94845409094e-008, 6.42877608925e-008, 5.59122419475e-008, 4.44298500213e-008, 1.4027238926e-008],
        "var": [2.47698466183e-008, 1.93097685042e-006, 1.46179559124e-006, 3.77418268727e-006, 1.556400548e-006, 2.0368083824e-006, 1.74372576112e-006, 1.23689756037e-006, 3.78898164399e-007, 8.46579155223e-007, 2.20401773277e-007, 1.37245720566e-007, 9.789104638e-008, 5.56330554957e-008, 2.65441997271e-008, 4.81506434724e-009, 5.30355626083e-009, 1.65587232814e-009, 5.93498791779e-011, 4.97193258786e-011, 1.88696757872e-012, 7.9932839861e-012, 9.0175131251e-011, 8.45712319619e-011, 2.27846977396e-011, 1.83147355788e-012, 5.78561634365e-012, 6.17543212747e-012, 3.28960600079e-013, 2.12900274396e-014, 6.76498618137e-015, 2.15779068333e-014, 8.99980773499e-014, 1.03302893109e-014, 5.27120630944e-015, 1.09196621201e-013, 4.47743052487e-013, 1.49744542395e-013, 5.89365389174e-014, 1.19444994802e-014]
    },
    "mfcc": {
        "mean": [-747.056762695, 236.663818359, 3.86144423485, 12.973025322, -11.4486236572, -30.0320663452, 2.79465174675, -4.67443084717, -26.1441707611, -10.9646596909, -7.29470586777, -7.98307561874, -12.8826122284],
        "cov": [[3176.67602539, -1179.15454102, -902.614318848, -277.814727783, -122.277603149, 21.4620018005, 88.4449768066, -95.7455062866, -42.0161094666, 320.16293335, -108.391212463, -9.45983982086, -16.1645679474], [-1179.15454102, 1026.21398926, 187.892318726, 95.1332321167, 57.3800582886, 24.4256019592, 51.828994751, 48.9874305725, 34.8552932739, -108.636764526, 56.7324180603, -8.07147789001, 8.01449584961], [-902.614318848, 187.892318726, 661.117492676, 119.147697449, 90.7067718506, 77.9163589478, -37.7209281921, 71.735748291, 25.3531150818, -109.923171997, 61.9532928467, 31.2361164093, 23.0280666351], [-277.814727783, 95.1332321167, 119.147697449, 300.343078613, 42.5212402344, -1.23129665852, -17.6626758575, 29.4098796844, 41.7602157593, -50.5503234863, 7.38762712479, 24.9508419037, 10.5146751404], [-122.277603149, 57.3800582886, 90.7067718506, 42.5212402344, 157.821105957, 44.8517990112, 32.5376243591, 24.1896686554, 25.9750347137, 24.6914043427, 7.82205677032, 6.10414838791, 14.9195775986], [21.4620018005, 24.4256019592, 77.9163589478, -1.23129665852, 44.8517990112, 212.114151001, 88.5594329834, 32.9675064087, 17.2591648102, 10.1613054276, 51.9498825073, 23.6046924591, -0.373206108809], [88.4449768066, 51.828994751, -37.7209281921, -17.6626758575, 32.5376243591, 88.5594329834, 148.287139893, 26.3189315796, -2.11055898666, 39.9003219604, 18.4659423828, 14.8433246613, 16.6672973633], [-95.7455062866, 48.9874305725, 71.735748291, 29.4098796844, 24.1896686554, 32.9675064087, 26.3189315796, 107.576416016, 23.0360965729, -28.0626068115, 18.0101242065, 9.62663936615, 2.62705683708], [-42.0161094666, 34.8552932739, 25.3531150818, 41.7602157593, 25.9750347137, 17.2591648102, -2.11055898666, 23.0360965729, 97.7128067017, 22.1181221008, -3.33980965614, 10.1907100677, 11.337269783], [320.16293335, -108.636764526, -109.923171997, -50.5503234863, 24.6914043427, 10.1613054276, 39.9003219604, -28.0626068115, 22.1181221008, 157.550704956, -7.08136892319, -5.29424142838, 28.0977916718], [-108.391212463, 56.7324180603, 61.9532928467, 7.38762712479, 7.82205677032, 51.9498825073, 18.4659423828, 18.0101242065, -3.33980965614, -7.08136892319, 116.168525696, 20.3647823334, -11.1381168365], [-9.45983982086, -8.07147789001, 31.2361164093, 24.9508419037, 6.10414838791, 23.6046924591, 14.8433246613, 9.62663936615, 10.1907100677, -5.29424142838, 20.3647823334, 67.8438415527, 26.7995834351], [-16.1645679474, 8.01449584961, 23.0280666351, 10.5146751404, 14.9195775986, -0.373206108809, 16.6672973633, 2.62705683708, 11.337269783, 28.0977916718, -11.1381168365, 26.7995834351, 92.4417953491]],
        "icov": [[0.00109545537271, 0.000964017061051, 0.00111722655129, 0.000124919839436, 0.000148026447278, -0.000563722802326, -0.000140695367008, -0.000328118680045, 0.000115776048915, -0.000792245904449, 0.000278497172985, -0.000258370884694, 0.000159045535838], [0.000964017061051, 0.00212356960401, 0.000820751127321, 9.83620702755e-006, -0.000190861072042, -3.92604160879e-005, -0.00118330062833, 1.78017326107e-005, -0.00071765499888, 0.000579353421926, -0.000506228941958, 0.000731545733288, -0.000338780169841], [0.00111722655129, 0.000820751127321, 0.00354023347609, -0.000160564566613, -0.00108560617082, -0.00155724061187, 0.00132994167507, -0.00105181557592, 0.000168952319655, 0.000576200371142, -0.000521204550751, -0.000263411406195, -0.000962702499237], [0.000124919839436, 9.83620702755e-006, -0.000160564566613, 0.0042033130303, -0.000951022724621, 0.000438633869635, 9.95491645881e-005, -8.43893285492e-005, -0.00166540185455, 0.00129087234382, 1.06817306005e-005, -0.00112833606545, -0.000137114795507], [0.000148026447278, -0.000190861072042, -0.00108560617082, -0.000951022724621, 0.00842284504324, -0.000869761803187, -0.00104755582288, -0.000884757668246, -0.000524980714545, -0.00254895584658, 0.000773357518483, 0.000354685325874, 0.000101643359812], [-0.000563722802326, -3.92604160879e-005, -0.00155724061187, 0.000438633869635, -0.000869761803187, 0.00826858170331, -0.00485670007765, 0.000362932682037, -0.00179527536966, 0.00099346623756, -0.00239115185104, -0.000689433363732, 0.00111194688361], [-0.000140695367008, -0.00118330062833, 0.00132994167507, 9.95491645881e-005, -0.00104755582288, -0.00485670007765, 0.0123883401975, -0.00320364814252, 0.00316117005423, -0.00307246716693, 0.000597618636675, -0.00172499625478, -0.00113947200589], [-0.000328118680045, 1.78017326107e-005, -0.00105181557592, -8.43893285492e-005, -0.000884757668246, 0.000362932682037, -0.00320364814252, 0.0124638713896, -0.00356379407458, 0.00361273135059, -0.00133343972266, 0.00075685972115, -0.000460733775981], [0.000115776048915, -0.00071765499888, 0.000168952319655, -0.00166540185455, -0.000524980714545, -0.00179527536966, 0.00316117005423, -0.00356379407458, 0.0138147175312, -0.00436935992911, 0.00190484011546, -0.00216685142368, 0.000330104725435], [-0.000792245904449, 0.000579353421926, 0.000576200371142, 0.00129087234382, -0.00254895584658, 0.00099346623756, -0.00307246716693, 0.00361273135059, -0.00436935992911, 0.0122541254386, -0.00204407400452, 0.00303978170268, -0.00392876099795], [0.000278497172985, -0.000506228941958, -0.000521204550751, 1.06817306005e-005, 0.000773357518483, -0.00239115185104, 0.000597618636675, -0.00133343972266, 0.00190484011546, -0.00204407400452, 0.0114361587912, -0.00400583492592, 0.0029438091442], [-0.000258370884694, 0.000731545733288, -0.000263411406195, -0.00112833606545, 0.000354685325874, -0.000689433363732, -0.00172499625478, 0.00075685972115, -0.00216685142368, 0.00303978170268, -0.00400583492592, 0.0202109050006, -0.00668531050906], [0.000159045535838, -0.000338780169841, -0.000962702499237, -0.000137114795507, 0.000101643359812, 0.00111194688361, -0.00113947200589, -0.000460733775981, 0.000330104725435, -0.00392876099795, 0.0029438091442, -0.00668531050906, 0.0147833218798]]
    },
    "spectral_contrast_coeffs": {
        "mean": [-0.473932951689, -0.637596964836, -0.706862688065, -0.750009477139, -0.759842336178, -0.799255430698],
        "var": [0.00566345034167, 0.00460321595892, 0.00396793941036, 0.00299167726189, 0.00198087398894, 0.00159316102508]
    },
    "spectral_contrast_valleys": {
        "mean": [-7.76029109955, -6.25322628021, -7.389752388, -9.01100826263, -9.34285926819, -12.8430757523],
        "var": [0.688958585262, 0.421554088593, 0.58056384325, 0.689774334431, 0.74274456501, 0.706015706062]
    }
},
"metadata": {
    "audio_properties": {
        "analysis_sample_rate": 44100,
        "bit_rate": 128074,
        "equal_loudness": 0,
        "length": 45.0612258911,
        "lossless": 0,
        "replay_gain": -5.54648780823,
        "sample_rate": 44100,
        "codec": "mp3",
        "downmix": "mix",
        "md5_encoded": "c994e0b3815c6b5df96678076776b463"
    },
    "tags": {
        "file_name": "1485.mp3"
    },
    "version": {
        "essentia": "2.1-beta2",
        "essentia_git_sha": "v2.1_beta2",
        "extractor": "music 1.0"
    }
},
"rhythm": {
    "beats_count": 71,
    "beats_loudness": {
        "mean": 0.0497031137347,
        "var": 0.00014461579849
    },
    "bpm": 98.1129302979,
    "bpm_histogram_first_peak_bpm": {
        "mean": 99,
        "var": 0
    },
    "bpm_histogram_first_peak_spread": {
        "mean": 0.285714328289,
        "var": 0
    },
    "bpm_histogram_first_peak_weight": {
        "mean": 0.428571462631,
        "var": 0
    },
    "bpm_histogram_second_peak_bpm": {
        "mean": 94,
        "var": 0
    },
    "bpm_histogram_second_peak_spread": {
        "mean": 0.291666686535,
        "var": 0
    },
    "bpm_histogram_second_peak_weight": {
        "mean": 0.242857143283,
        "var": 0
    },
    "danceability": 1.2823318243,
    "onset_rate": 2.79493546486,
    "beats_loudness_band_ratio": {
        "mean": [0.260273128748, 0.563043653965, 0.310826092958, 0.0594958402216, 0.00627555185929, 0.00104147347156],
        "var": [0.022049639374, 0.0325067676604, 0.026693450287, 0.00429245503619, 7.67381789046e-005, 2.02606361199e-006]
    },
    "beats_position": [0.638548731804, 1.30031740665, 1.97369611263, 2.6470746994, 3.32045340538, 3.99383211136, 4.65560102463, 5.30575942993, 5.94430828094, 6.58285713196, 7.22140598297, 7.84834432602, 8.48689365387, 9.10222244263, 9.70594120026, 10.3096599579, 10.9365987778, 11.5519275665, 12.1672563553, 12.7709751129, 13.3863039017, 14.0016326904, 14.6401815414, 15.2903394699, 15.9288883209, 16.5558280945, 17.1943759918, 17.8329238892, 18.4366436005, 19.0519733429, 19.667301178, 20.2710208893, 20.8747386932, 21.4784584045, 22.0821762085, 22.7091159821, 23.3244438171, 23.9397735596, 24.5434913635, 25.1472110748, 25.774148941, 26.4010887146, 27.0280265808, 27.6549663544, 28.2935142517, 28.9436721802, 29.5822219849, 30.2207698822, 30.8593196869, 31.5094776154, 32.1596374512, 32.7981834412, 33.4367332458, 34.0752830505, 34.7138328552, 35.3407707214, 35.9677085876, 36.6062583923, 37.2215881348, 37.8253059387, 38.4290237427, 39.0327415466, 39.6364631653, 40.2401809692, 40.8438987732, 41.4476165771, 42.0629463196, 42.678276062, 43.281993866, 43.8624954224, 44.4546012878]
},
"tonal": {
    "chords_changes_rate": 0.0442386828363,
    "chords_number_rate": 0.00617283955216,
    "chords_strength": {
        "mean": 0.58507591486,
        "var": 0.00497827120125
    },
    "hpcp_entropy": {
        "mean": 1.64747166634,
        "var": 0.405041724443
    },
    "key_strength": 0.806584537029,
    "tuning_diatonic_strength": 0.576024532318,
    "tuning_equal_tempered_deviation": 0.00685365404934,
    "tuning_frequency": 438.731048584,
    "tuning_nontempered_energy_ratio": 0.643295407295,
    "hpcp": {
        "mean": [0.0269093625247, 0.0266539044678, 0.0824227631092, 0.137761816382, 0.0852936133742, 0.0226328987628, 0.0175322350115, 0.0312973037362, 0.167010053992, 0.335255175829, 0.245251789689, 0.0884344801307, 0.0646569281816, 0.0387509353459, 0.0139434356242, 0.0185623280704, 0.0473550856113, 0.182732909918, 0.2872659266, 0.169162273407, 0.040715392679, 0.0175514724106, 0.0186622161418, 0.0801056995988, 0.140575066209, 0.0868197754025, 0.0227413568646, 0.0185999460518, 0.0289483591914, 0.161007866263, 0.283423513174, 0.200547635555, 0.338359683752, 0.618861496449, 0.400665670633, 0.0769947618246],
        "var": [0.00696365488693, 0.00756268808618, 0.0238082520664, 0.0618932917714, 0.0304642748088, 0.00662974594161, 0.00761144515127, 0.00996192730963, 0.0384167097509, 0.111591555178, 0.0666021481156, 0.0309409163892, 0.0408487431705, 0.0208031274378, 0.00270821317099, 0.00352390878834, 0.0117070535198, 0.0501840598881, 0.100198440254, 0.0427431873977, 0.0125578083098, 0.0057758144103, 0.00610838690773, 0.0268471669406, 0.0712832957506, 0.0310150943696, 0.00572184845805, 0.00502478703856, 0.00751392031088, 0.0417790897191, 0.104709327221, 0.0507582016289, 0.0675549954176, 0.150621250272, 0.0826374068856, 0.016459306702]
    },
    "chords_histogram": [52.4691352844, 3.39506173134, 5.14403295517, 0, 0, 0, 0, 0, 0, 0, 0, 0, 0, 0, 0, 0, 0, 0, 0, 0, 0, 7.71604919434, 2.98353910446, 28.292181015],
    "thpcp": [1, 0.647423803806, 0.124413557351, 0.0434820428491, 0.043069254607, 0.133184507489, 0.222605243325, 0.137823432684, 0.0365718305111, 0.0283298194408, 0.0505723878741, 0.269866615534, 0.541728913784, 0.396295130253, 0.142898663878, 0.104477219284, 0.0626164898276, 0.0225307848305, 0.0299943163991, 0.0765196830034, 0.295272707939, 0.464184522629, 0.273344308138, 0.0657908022404, 0.0283609051257, 0.0301557239145, 0.129440426826, 0.227151095867, 0.140289515257, 0.0367470867932, 0.0300551038235, 0.0467767976224, 0.260167866945, 0.457975685596, 0.324059009552, 0.546745419502],
    "chords_key": "G#",
    "chords_scale": "major",
    "key_key": "G#",
    "key_scale": "major"
}
}