{
"lowlevel": {
    "average_loudness": 0.949236989021,
    "barkbands_crest": {
        "mean": 14.9912729263,
        "var": 13.6350307465
    },
    "barkbands_flatness_db": {
        "mean": 0.389711886644,
        "var": 0.00713807297871
    },
    "barkbands_kurtosis": {
        "mean": 21.0154056549,
        "var": 372.925811768
    },
    "barkbands_skewness": {
        "mean": 2.72270774841,
        "var": 2.29255914688
    },
    "barkbands_spread": {
        "mean": 2.96212625504,
        "var": 21.9806728363
    },
    "dissonance": {
        "mean": 0.398899078369,
        "var": 0.00296825519763
    },
    "dynamic_complexity": 2.22869229317,
    "erbbands_crest": {
        "mean": 13.6171121597,
        "var": 24.5878925323
    },
    "erbbands_flatness_db": {
        "mean": 0.305600613356,
        "var": 0.00442342413589
    },
    "erbbands_kurtosis": {
        "mean": 8.93733692169,
        "var": 133.646499634
    },
    "erbbands_skewness": {
        "mean": 2.17564034462,
        "var": 1.35351550579
    },
    "erbbands_spread": {
        "mean": 18.9422836304,
        "var": 340.687835693
    },
    "hfc": {
        "mean": 7.90312480927,
        "var": 51.9238471985
    },
    "melbands_crest": {
        "mean": 19.6591777802,
        "var": 27.0572433472
    },
    "melbands_flatness_db": {
        "mean": 0.489190399647,
        "var": 0.0106646185741
    },
    "melbands_kurtosis": {
        "mean": 35.2993774414,
        "var": 1012.95599365
    },
    "melbands_skewness": {
        "mean": 3.57442998886,
        "var": 3.43639230728
    },
    "melbands_spread": {
        "mean": 2.59013700485,
        "var": 20.1400299072
    },
    "pitch_salience": {
        "mean": 0.464121520519,
        "var": 0.012602282688
    },
    "silence_rate_20dB": {
        "mean": 1,
        "var": 0
    },
    "silence_rate_30dB": {
        "mean": 0.96240991354,
        "var": 0.0361765101552
    },
    "silence_rate_60dB": {
        "mean": 0.00514933047816,
        "var": 0.00512285996228
    },
    "spectral_centroid": {
        "mean": 298.220184326,
        "var": 58484.8984375
    },
    "spectral_complexity": {
        "mean": 6.95314121246,
        "var": 14.182554245
    },
    "spectral_decrease": {
        "mean": -9.93316007225e-009,
        "var": 5.7646739667e-017
    },
    "spectral_energy": {
        "mean": 0.0382069274783,
        "var": 0.000850225100294
    },
    "spectral_energyband_high": {
        "mean": 8.70471048984e-005,
        "var": 1.73134424131e-007
    },
    "spectral_energyband_low": {
        "mean": 0.0193055514246,
        "var": 0.000518888467923
    },
    "spectral_energyband_middle_high": {
        "mean": 0.000422091427026,
        "var": 6.84557221575e-007
    },
    "spectral_energyband_middle_low": {
        "mean": 0.0193567723036,
        "var": 0.000336722936481
    },
    "spectral_entropy": {
        "mean": 5.42908239365,
        "var": 0.53455132246
    },
    "spectral_flux": {
        "mean": 0.0624755732715,
        "var": 0.00142737303395
    },
    "spectral_kurtosis": {
        "mean": 47.0155830383,
        "var": 1501.2911377
    },
    "spectral_rms": {
        "mean": 0.00571580743417,
        "var": 4.60453702544e-006
    },
    "spectral_rolloff": {
        "mean": 271.408294678,
        "var": 240241.890625
    },
    "spectral_skewness": {
        "mean": 4.7112121582,
        "var": 5.65372848511
    },
    "spectral_spread": {
        "mean": 1840039.25,
        "var": 3.01359274394e+012
    },
    "spectral_strongpeak": {
        "mean": 0.698175430298,
        "var": 0.211506024003
    },
    "zerocrossingrate": {
        "mean": 0.0131297875196,
        "var": 0.000219936555368
    },
    "barkbands": {
        "mean": [3.49428000845e-006, 0.00283563742414, 0.0155087793246, 0.00380702177063, 0.0131189674139, 0.00173837179318, 0.000237568252487, 5.80237938266e-005, 0.000387180887628, 4.5808381401e-005, 5.73392862862e-005, 4.08707601309e-005, 1.77620440809e-005, 4.8226393119e-005, 5.39854700037e-005, 4.33223431173e-005, 4.45417244919e-005, 2.01154653041e-005, 3.19272112392e-005, 3.63973122148e-005, 2.55755694525e-005, 2.52351237577e-005, 8.35993432702e-006, 7.5263378676e-006, 4.19005164076e-006, 6.96679876455e-007, 1.00809172121e-009],
        "var": [2.43614073359e-010, 1.82774056157e-005, 0.000345166539773, 1.18410071082e-005, 0.000272459117696, 5.92889318796e-006, 1.48129501554e-007, 7.7960651268e-009, 7.15739417956e-007, 7.46166772814e-009, 7.79889486324e-009, 9.43125044728e-009, 1.71325142961e-009, 2.02890024781e-008, 2.1105657666e-008, 2.0021607483e-008, 2.38853008483e-008, 5.11476905274e-009, 1.91113862513e-008, 2.31310472998e-008, 1.41989424662e-008, 1.59476964967e-008, 2.58353693994e-009, 1.74755154791e-009, 6.34556018841e-010, 2.23007914218e-011, 1.16332290797e-017]
    },
    "erbbands": {
        "mean": [0.0143136940897, 1.21066057682, 15.9969921112, 12.6718730927, 31.2569847107, 50.8132476807, 22.9746131897, 13.7803201675, 5.48305463791, 1.5499689579, 4.09861946106, 8.18815898895, 1.30712759495, 2.08677744865, 2.18896055222, 1.4115742445, 0.815465092659, 1.99303424358, 3.0235350132, 1.60361623764, 3.05395650864, 2.41329669952, 1.23489403725, 1.55661535263, 1.42186260223, 1.65851938725, 1.2179710865, 0.979303121567, 1.05709922314, 0.432395875454, 0.21131183207, 0.182886600494, 0.116289414465, 0.0663136765361, 0.0136232683435, 0.0046000382863, 0.000875740428455, 9.28796143853e-005, 1.95067041204e-005, 4.20364667661e-005],
        "var": [0.000385397288483, 3.00811719894, 414.050354004, 68.022605896, 744.344726563, 7387.06787109, 1315.9074707, 306.625366211, 43.7731704712, 2.29893779755, 63.6261978149, 323.982116699, 8.32883262634, 7.74176073074, 14.4895582199, 8.70973396301, 3.08582639694, 27.179933548, 44.389465332, 12.9407100677, 107.64289093, 73.4227600098, 15.872710228, 38.5453948975, 26.8204364777, 52.2794761658, 32.3597259521, 22.8832416534, 28.8764896393, 4.75902748108, 1.83526527882, 1.02926850319, 0.41783618927, 0.173136785626, 0.00726953381673, 0.00102032511495, 2.86035465251e-005, 3.7177059653e-007, 3.8392788948e-010, 1.02290265147e-009]
    },
    "gfcc": {
        "mean": [-163.364089966, 204.479385376, -78.9328079224, 32.8618125916, -26.2848892212, -21.1105880737, -29.4728031158, -26.710691452, -22.5866851807, -23.2888145447, -15.2791881561, -18.866727829, 1.1336812973],
        "cov": [[6244.296875, -1819.13354492, -1557.62353516, 1116.33361816, -606.633483887, 282.031982422, -232.849090576, 225.678131104, -31.2414207458, 129.535934448, -157.653884888, 138.45098877, -54.4233551025], [-1819.13354492, 1644.47424316, 303.22958374, -679.63482666, 620.284973145, -325.08605957, 287.260681152, -94.6521377563, 186.485183716, -102.849464417, 64.7327728271, -156.743789673, 71.9523391724], [-1557.62353516, 303.22958374, 1061.85791016, -250.908859253, 18.3887310028, 73.5472335815, 19.260925293, -10.9348812103, -6.36070108414, 6.76791238785, 14.9217653275, -34.2172164917, -49.3567962646], [1116.33361816, -679.63482666, -250.908859253, 526.03704834, -204.840515137, 103.670730591, -35.0532226563, 30.7588939667, -17.3012485504, 44.3598518372, 5.74984169006, 47.3663139343, -32.5836906433], [-606.633483887, 620.284973145, 18.3887310028, -204.840515137, 519.191772461, -68.9631347656, 156.056060791, 30.6741809845, 58.8125762939, -33.9178848267, 20.1392230988, -37.3717460632, 46.0836410522], [282.031982422, -325.08605957, 73.5472335815, 103.670730591, -68.9631347656, 244.320266724, -2.89302563667, 80.3124313354, -12.7288312912, 14.0997028351, -31.8327865601, 30.9366378784, -0.640600860119], [-232.849090576, 287.260681152, 19.260925293, -35.0532226563, 156.056060791, -2.89302563667, 184.137435913, 34.0515594482, 77.8626327515, -13.6400213242, -0.965330600739, -43.8703193665, 11.4408407211], [225.678131104, -94.6521377563, -10.9348812103, 30.7588939667, 30.6741809845, 80.3124313354, 34.0515594482, 153.025238037, 56.4040336609, 10.1813545227, -43.8472671509, -1.06175518036, -13.9920186996], [-31.2414207458, 186.485183716, -6.36070108414, -17.3012485504, 58.8125762939, -12.7288312912, 77.8626327515, 56.4040336609, 146.43019104, 4.47872209549, -15.1705932617, -41.7580375671, -14.0240545273], [129.535934448, -102.849464417, 6.76791238785, 44.3598518372, -33.9178848267, 14.0997028351, -13.6400213242, 10.1813545227, 4.47872209549, 64.6689758301, 4.2891087532, -1.52096164227, -21.2283248901], [-157.653884888, 64.7327728271, 14.9217653275, 5.74984169006, 20.1392230988, -31.8327865601, -0.965330600739, -43.8472671509, -15.1705932617, 4.2891087532, 58.4202728271, 0.894958794117, -2.93774795532], [138.45098877, -156.743789673, -34.2172164917, 47.3663139343, -37.3717460632, 30.9366378784, -43.8703193665, -1.06175518036, -41.7580375671, -1.52096164227, 0.894958794117, 65.446647644, 10.8422765732], [-54.4233551025, 71.9523391724, -49.3567962646, -32.5836906433, 46.0836410522, -0.640600860119, 11.4408407211, -13.9920186996, -14.0240545273, -21.2283248901, -2.93774795532, 10.8422765732, 62.2569389343]],
        "icov": [[0.000586115696933, -0.00122161547188, 0.000863104418386, -0.00163425283972, 0.000666559499223, -0.000974842929281, 0.00111877499148, -0.000780916947406, 0.00106634688564, -0.00107922893949, 0.00195661582984, -0.000476161920233, 0.000916094752029], [-0.00122161547188, 0.015320174396, -0.00345348659903, 0.0130001539364, -0.00708409398794, 0.0092303128913, -0.00973873864859, 0.00698260869831, -0.0125941038132, 0.0087254634127, -0.0125189851969, 0.00684488471597, -0.00765469809994], [0.000863104418386, -0.00345348659903, 0.00280589750037, -0.00272643519565, 0.00185575254727, -0.0033278435003, 0.00232531991787, -0.00150392344221, 0.00311586423777, -0.00250875810161, 0.00335600483231, -0.00119948235806, 0.00358383520506], [-0.00163425283972, 0.0130001539364, -0.00272643519565, 0.0151049429551, -0.0049597225152, 0.00688862614334, -0.0097011141479, 0.00594499427825, -0.0107113774866, 0.00677768839523, -0.0134493391961, 0.0041257343255, -0.00530320173129], [0.000666559499223, -0.00708409398794, 0.00185575254727, -0.0049597225152, 0.00684900023043, -0.00358558935113, 0.00199912884273, -0.00496624596417, 0.00613237451762, -0.00395342940465, 0.0036835311912, -0.00349061214365, 0.00187034066767], [-0.000974842929281, 0.0092303128913, -0.0033278435003, 0.00688862614334, -0.00358558935113, 0.0125059038401, -0.00700182234868, 0.000716778915375, -0.0061668693088, 0.00474398350343, -0.00653809728101, 0.00219119666144, -0.00678398180753], [0.00111877499148, -0.00973873864859, 0.00232531991787, -0.0097011141479, 0.00199912884273, -0.00700182234868, 0.0167296491563, -0.0047919107601, 0.00446667475626, -0.00424611754715, 0.00797468423843, 0.000247858581133, 0.00318784848787], [-0.000780916947406, 0.00698260869831, -0.00150392344221, 0.00594499427825, -0.00496624596417, 0.000716778915375, -0.0047919107601, 0.0161656141281, -0.00969928689301, 0.00307554355823, 0.00135690730531, 0.00100686668884, 0.000116222356155], [0.00106634688564, -0.0125941038132, 0.00311586423777, -0.0107113774866, 0.00613237451762, -0.0061668693088, 0.00446667475626, -0.00969928689301, 0.0220940485597, -0.00785278901458, 0.0111370850354, -0.00131391722243, 0.00780194019899], [-0.00107922893949, 0.0087254634127, -0.00250875810161, 0.00677768839523, -0.00395342940465, 0.00474398350343, -0.00424611754715, 0.00307554355823, -0.00785278901458, 0.0239684768021, -0.0103039853275, 0.0053610461764, -3.86963656638e-005], [0.00195661582984, -0.0125189851969, 0.00335600483231, -0.0134493391961, 0.0036835311912, -0.00653809728101, 0.00797468423843, 0.00135690730531, 0.0111370850354, -0.0103039853275, 0.0373117178679, -0.00735289696604, 0.00988265220076], [-0.000476161920233, 0.00684488471597, -0.00119948235806, 0.0041257343255, -0.00349061214365, 0.00219119666144, 0.000247858581133, 0.00100686668884, -0.00131391722243, 0.0053610461764, -0.00735289696604, 0.0269050486386, -0.00783218629658], [0.000916094752029, -0.00765469809994, 0.00358383520506, -0.00530320173129, 0.00187034066767, -0.00678398180753, 0.00318784848787, 0.000116222356155, 0.00780194019899, -3.86963656638e-005, 0.00988265220076, -0.00783218629658, 0.0273364000022]]
    },
    "melbands": {
        "mean": [0.000385582883609, 0.00589813198894, 0.00294531998225, 0.00309663196094, 0.00116833508946, 0.000302807078697, 7.35437570256e-005, 1.27128205349e-005, 5.22571936017e-005, 4.44205325039e-005, 5.23921744389e-006, 8.29655346024e-006, 8.19362503535e-006, 4.55930421595e-006, 2.8663653211e-006, 1.38326652177e-006, 4.34591038356e-006, 5.00944452142e-006, 3.90424384022e-006, 1.11205963549e-006, 4.60533419755e-006, 2.86161730401e-006, 1.33187404572e-006, 8.95467906048e-007, 1.33279468173e-006, 1.14975921406e-006, 1.29214959088e-006, 9.64085643318e-007, 7.23408447811e-007, 6.21717958893e-007, 5.8517053958e-007, 6.79686195326e-007, 3.84984730317e-007, 1.85093043115e-007, 1.1922756471e-007, 1.02675805635e-007, 1.20059524988e-007, 9.07401656036e-008, 7.34440348538e-008, 4.5343998778e-008],
        "var": [3.34288301929e-007, 5.68012510485e-005, 3.47252034771e-006, 1.31742881422e-005, 4.29386091128e-006, 1.61014455102e-007, 8.73598704487e-009, 1.62752367139e-010, 1.19020482359e-008, 9.38820132745e-009, 1.87550489028e-010, 1.33021690885e-010, 1.70702493807e-010, 1.18537610283e-010, 6.51837750443e-011, 1.23600374727e-011, 1.51865062192e-010, 1.06121895993e-010, 1.2673070926e-010, 5.38970647626e-012, 2.80338252612e-010, 1.22223967058e-010, 1.770848225e-011, 1.01169237918e-011, 3.14844227078e-011, 2.84268164563e-011, 2.34220420836e-011, 2.20441147974e-011, 1.31106315041e-011, 8.54216957585e-012, 8.9797483685e-012, 1.35674553189e-011, 4.34615321163e-012, 1.05422962027e-012, 6.47359498906e-013, 3.99679800974e-013, 4.70936440886e-013, 2.75269282195e-013, 1.82263275653e-013, 9.123765247e-014]
    },
    "mfcc": {
        "mean": [-810.004333496, 214.239440918, 30.6661529541, 45.6145248413, 23.1878032684, 7.28567028046, 0.264874011278, -5.74175739288, -4.41857099533, -9.75514507294, -15.5625572205, -14.1825695038, -9.16206455231],
        "cov": [[6352.65527344, -1940.03515625, -1561.87536621, 813.330627441, -463.916717529, 152.532775879, -164.315032959, 35.4589195251, 100.342407227, 62.3520812988, 115.775802612, -21.0360107422, -115.777389526], [-1940.03515625, 1747.24487305, 103.159446716, -302.794158936, 288.303283691, -125.236099243, 83.4923553467, 41.9834899902, 98.3048248291, 90.5595016479, 28.8086967468, 14.3761234283, 11.706533432], [-1561.87536621, 103.159446716, 1009.55065918, -245.726593018, 34.5877914429, 27.830745697, -13.7373933792, -2.20718669891, -63.2104072571, -21.8267459869, 8.96131324768, 38.8642272949, 6.52192401886], [813.330627441, -302.794158936, -245.726593018, 366.233581543, -68.8091888428, 45.1150169373, 12.7014303207, -4.14731502533, 11.6099081039, 7.84645700455, 44.701210022, 22.6888103485, 1.71570289135], [-463.916717529, 288.303283691, 34.5877914429, -68.8091888428, 227.793197632, 3.98760223389, 63.8787384033, 53.263961792, 35.724319458, 22.6533946991, -3.00221943855, 36.4057693481, 30.811756134], [152.532775879, -125.236099243, 27.830745697, 45.1150169373, 3.98760223389, 125.402435303, 45.2230491638, 26.0541286469, 21.6152687073, 9.8564043045, 7.91439628601, 9.27609062195, 9.34374332428], [-164.315032959, 83.4923553467, -13.7373933792, 12.7014303207, 63.8787384033, 45.2230491638, 125.872917175, 40.1568832397, 27.659576416, 21.4132976532, -12.0053920746, 5.17994165421, 14.1173553467], [35.4589195251, 41.9834899902, -2.20718669891, -4.14731502533, 53.263961792, 26.0541286469, 40.1568832397, 143.888046265, 96.8584594727, 43.6311187744, 35.7265014648, 25.0423374176, -6.81050872803], [100.342407227, 98.3048248291, -63.2104072571, 11.6099081039, 35.724319458, 21.6152687073, 27.659576416, 96.8584594727, 155.400863647, 80.2997055054, 41.7949142456, 25.9739246368, -8.95185852051], [62.3520812988, 90.5595016479, -21.8267459869, 7.84645700455, 22.6533946991, 9.8564043045, 21.4132976532, 43.6311187744, 80.2997055054, 115.719223022, 66.6471481323, 19.1732540131, -22.7756328583], [115.775802612, 28.8086967468, 8.96131324768, 44.701210022, -3.00221943855, 7.91439628601, -12.0053920746, 35.7265014648, 41.7949142456, 66.6471481323, 135.349716187, 51.4073219299, -43.5742225647], [-21.0360107422, 14.3761234283, 38.8642272949, 22.6888103485, 36.4057693481, 9.27609062195, 5.17994165421, 25.0423374176, 25.9739246368, 19.1732540131, 51.4073219299, 88.6500015259, 5.98068189621], [-115.777389526, 11.706533432, 6.52192401886, 1.71570289135, 30.811756134, 9.34374332428, 14.1173553467, -6.81050872803, -8.95185852051, -22.7756328583, -43.5742225647, 5.98068189621, 82.9496078491]],
        "icov": [[0.000630031514447, 0.00049119303003, 0.000864410249051, -0.000303282256937, 0.000326822249917, -0.000580349122174, 0.000833051512018, -0.00039224428474, 7.85952215665e-005, -0.000542848079931, 9.142998897e-005, -0.000231344907661, 0.000442488119006], [0.00049119303003, 0.00138054904528, 0.000651935697533, 0.000381091347663, -0.00073784327833, 0.000646807078738, -0.00010435362492, 0.00046664616093, -0.000813631282654, -0.00036132268724, -0.000754823558964, 0.000367870408809, 7.88430479588e-005], [0.000864410249051, 0.000651935697533, 0.00255816639401, 0.0006709509762, 0.000662746257149, -0.00157707859762, 0.00131231744308, -0.000899691891391, 0.00111761211883, -0.000850095821079, -0.000128353451146, -0.00122246542014, 0.000441654614406], [-0.000303282256937, 0.000381091347663, 0.0006709509762, 0.00476064812392, 0.000730467552785, -0.000428632221883, -0.00170537550002, 0.001002834877, -0.000382196216378, 0.00095900928136, -0.00236187549308, -0.000713357469067, -0.00144599634223], [0.000326822249917, -0.00073784327833, 0.000662746257149, 0.000730467552785, 0.0078781535849, -0.000484650809085, -0.00177581724711, -0.00251593440771, 0.00134545296896, -0.00113647198305, 0.00124474207405, -0.00341609423049, -0.00154968781862], [-0.000580349122174, 0.000646807078738, -0.00157707859762, -0.000428632221883, -0.000484650809085, 0.0120866093785, -0.00536124967039, 0.000592890079133, -0.00212711212225, 0.00130820262711, -0.00175982457586, 0.00112519576214, -0.00186471955385], [0.000833051512018, -0.00010435362492, 0.00131231744308, -0.00170537550002, -0.00177581724711, -0.00536124967039, 0.0138891870156, -0.00361758912914, 0.00228170352057, -0.00405081547797, 0.00414585275576, -0.000692656962201, 0.00107404589653], [-0.00039224428474, 0.00046664616093, -0.000899691891391, 0.001002834877, -0.00251593440771, 0.000592890079133, -0.00361758912914, 0.0149299399927, -0.00983422715217, 0.00383952865377, -0.00358181353658, 0.00104984384961, 0.000181588635314], [7.85952215665e-005, -0.000813631282654, 0.00111761211883, -0.000382196216378, 0.00134545296896, -0.00212711212225, 0.00228170352057, -0.00983422715217, 0.0177208539099, -0.00986613053828, 0.00371241010725, -0.00314249750227, 6.88332002028e-005], [-0.000542848079931, -0.00036132268724, -0.000850095821079, 0.00095900928136, -0.00113647198305, 0.00130820262711, -0.00405081547797, 0.00383952865377, -0.00986613053828, 0.020060217008, -0.00942695327103, 0.0035674883984, -0.000146304650116], [9.142998897e-005, -0.000754823558964, -0.000128353451146, -0.00236187549308, 0.00124474207405, -0.00175982457586, 0.00414585275576, -0.00358181353658, 0.00371241010725, -0.00942695327103, 0.0192631706595, -0.00948773603886, 0.0076447436586], [-0.000231344907661, 0.000367870408809, -0.00122246542014, -0.000713357469067, -0.00341609423049, 0.00112519576214, -0.000692656962201, 0.00104984384961, -0.00314249750227, 0.0035674883984, -0.00948773603886, 0.018876163289, -0.00462227547541], [0.000442488119006, 7.88430479588e-005, 0.000441654614406, -0.00144599634223, -0.00154968781862, -0.00186471955385, 0.00107404589653, 0.000181588635314, 6.88332002028e-005, -0.000146304650116, 0.0076447436586, -0.00462227547541, 0.0175913535058]]
    },
    "spectral_contrast_coeffs": {
        "mean": [-0.469718307257, -0.656545877457, -0.748333215714, -0.767813146114, -0.777980983257, -0.76649081707],
        "var": [0.00423134630546, 0.00469899503514, 0.00287822936662, 0.00338280620053, 0.00476053822786, 0.00297780614346]
    },
    "spectral_contrast_valleys": {
        "mean": [-7.52934837341, -7.79329204559, -9.09027099609, -9.80313968658, -10.1392917633, -13.3355293274],
        "var": [0.672004044056, 0.574406147003, 0.55352050066, 0.599686205387, 0.948649168015, 1.2522175312]
    }
},
"metadata": {
    "audio_properties": {
        "analysis_sample_rate": 44100,
        "bit_rate": 128074,
        "equal_loudness": 0,
        "length": 45.0612258911,
        "lossless": 0,
        "replay_gain": -5.70213317871,
        "sample_rate": 44100,
        "codec": "mp3",
        "downmix": "mix",
        "md5_encoded": "350b8fe1c235cf09fe021972ac1b484e"
    },
    "tags": {
        "file_name": "1487.mp3"
    },
    "version": {
        "essentia": "2.1-beta2",
        "essentia_git_sha": "v2.1_beta2",
        "extractor": "music 1.0"
    }
},
"rhythm": {
    "beats_count": 66,
    "beats_loudness": {
        "mean": 0.0627902448177,
        "var": 0.00123007362708
    },
    "bpm": 89.6260681152,
    "bpm_histogram_first_peak_bpm": {
        "mean": 88,
        "var": 0
    },
    "bpm_histogram_first_peak_spread": {
        "mean": 0.492063492537,
        "var": 0
    },
    "bpm_histogram_first_peak_weight": {
        "mean": 0.492307692766,
        "var": 0
    },
    "bpm_histogram_second_peak_bpm": {
        "mean": 94,
        "var": 0
    },
    "bpm_histogram_second_peak_spread": {
        "mean": 0.5,
        "var": 0
    },
    "bpm_histogram_second_peak_weight": {
        "mean": 0.0153846153989,
        "var": 0
    },
    "danceability": 1.18792355061,
    "onset_rate": 2.88366365433,
    "beats_loudness_band_ratio": {
        "mean": [0.557904720306, 0.463996231556, 0.0278860647231, 0.00965391471982, 0.0181633122265, 0.0135097689927],
        "var": [0.0599337406456, 0.0582113042474, 0.000737602531444, 8.85090121301e-005, 0.000819711072836, 0.000614479882643]
    },
    "beats_position": [0.66176867485, 1.3235373497, 1.99691605568, 2.6470746994, 3.32045340538, 3.99383211136, 4.65560102463, 5.31736946106, 5.99074840546, 6.66412687302, 7.32589578629, 7.98766422272, 8.67265319824, 9.35764122009, 10.0542402267, 10.7276191711, 11.412607193, 12.0859861374, 12.7593650818, 13.4211339951, 14.0829019547, 14.7330608368, 15.4064397812, 16.0682086945, 16.7299766541, 17.3685264587, 18.0186843872, 18.6688423157, 19.3538322449, 20.0156002045, 20.6889801025, 21.339138031, 21.9892959595, 22.6394557953, 23.312833786, 23.9629936218, 24.6131515503, 25.2633094788, 25.9134693146, 26.563627243, 27.2137870789, 27.8407249451, 28.5024929047, 29.1642627716, 29.8376407623, 30.5110206604, 31.1960086823, 31.8809967041, 32.5659866333, 33.2509727478, 33.9475746155, 34.6557807922, 35.3407707214, 36.0257606506, 36.7339668274, 37.4189567566, 38.1039466858, 38.7773246765, 39.4507026672, 40.124080658, 40.8090705872, 41.4940567017, 42.2022666931, 42.8872566223, 43.5722427368, 44.2688446045]
},
"tonal": {
    "chords_changes_rate": 0.0226337444037,
    "chords_number_rate": 0.00514403311536,
    "chords_strength": {
        "mean": 0.506117224693,
        "var": 0.00494019081816
    },
    "hpcp_entropy": {
        "mean": 1.75287592411,
        "var": 0.331589788198
    },
    "key_strength": 0.492613524199,
    "tuning_diatonic_strength": 0.543378412724,
    "tuning_equal_tempered_deviation": 0.0372469350696,
    "tuning_frequency": 431.692352295,
    "tuning_nontempered_energy_ratio": 0.630793333054,
    "hpcp": {
        "mean": [0.558496296406, 0.277976065874, 0.0220430959016, 0.0207569953054, 0.0592265762389, 0.249775186181, 0.358350872993, 0.173872843385, 0.0683340132236, 0.0966673865914, 0.0499706454575, 0.00398270180449, 0.00405241549015, 0.00334030087106, 0.017343243584, 0.0326026566327, 0.0182999838144, 0.00642964569852, 0.0142123447731, 0.0255623869598, 0.0548400618136, 0.0641579627991, 0.0285520721227, 0.0090675028041, 0.0235634334385, 0.06239098683, 0.153854340315, 0.230128258467, 0.166917577386, 0.0882490947843, 0.0659993886948, 0.0286784637719, 0.00742400670424, 0.0042286706157, 0.0236140228808, 0.317227363586],
        "var": [0.183288350701, 0.0607595108449, 0.00556671433151, 0.00910076498985, 0.0274769421667, 0.107956580818, 0.184516146779, 0.0572166517377, 0.0244077034295, 0.0654880702496, 0.0188496094197, 0.000764868746046, 0.0011684714118, 0.000369938730728, 0.0024254375603, 0.00636471249163, 0.00165753311012, 0.0010913516162, 0.00365798198618, 0.00710841501132, 0.0154616031796, 0.021470060572, 0.00407138466835, 0.00135073438287, 0.00736023019999, 0.0294717773795, 0.0691959932446, 0.109137527645, 0.059580270201, 0.0383333489299, 0.033385746181, 0.00918896589428, 0.00143979187123, 0.000913168245461, 0.00330618582666, 0.0651894211769]
    },
    "chords_histogram": [0.102880656719, 2.36625504494, 3.70370364189, 0, 0.205761313438, 0, 0, 0, 1.54320991039, 0, 0, 0, 0, 0, 0, 0, 0, 0, 0, 50.9259262085, 0, 0.205761313438, 0, 40.9465026855],
    "thpcp": [1, 0.497722297907, 0.0394686535001, 0.0371658615768, 0.106046497822, 0.447228014469, 0.64163517952, 0.311323165894, 0.122353568673, 0.173085093498, 0.0894735455513, 0.00713111599907, 0.00725593976676, 0.00598088279366, 0.0310534629971, 0.0583757795393, 0.0327665284276, 0.0115124229342, 0.0254475176334, 0.0457700192928, 0.0981923490763, 0.114876255393, 0.0511231198907, 0.016235563904, 0.042190849781, 0.111712448299, 0.275479614735, 0.412049740553, 0.298869609833, 0.158011958003, 0.118173368275, 0.0513494238257, 0.0132928481326, 0.00757152866572, 0.0422814302146, 0.568002641201],
    "chords_key": "A",
    "chords_scale": "minor",
    "key_key": "D",
    "key_scale": "major"
}
}