{
"lowlevel": {
    "average_loudness": 0.807017207146,
    "barkbands_crest": {
        "mean": 12.3651266098,
        "var": 18.3768730164
    },
    "barkbands_flatness_db": {
        "mean": 0.196364432573,
        "var": 0.00214986596256
    },
    "barkbands_kurtosis": {
        "mean": 9.33992576599,
        "var": 141.87260437
    },
    "barkbands_skewness": {
        "mean": 2.24794888496,
        "var": 2.21441864967
    },
    "barkbands_spread": {
        "mean": 11.9790754318,
        "var": 95.7635345459
    },
    "dissonance": {
        "mean": 0.446655660868,
        "var": 0.00107198080514
    },
    "dynamic_complexity": 3.48958277702,
    "erbbands_crest": {
        "mean": 10.4000263214,
        "var": 19.95835495
    },
    "erbbands_flatness_db": {
        "mean": 0.205979287624,
        "var": 0.0014320804039
    },
    "erbbands_kurtosis": {
        "mean": 0.788444757462,
        "var": 6.39438724518
    },
    "erbbands_skewness": {
        "mean": 0.601506590843,
        "var": 0.804651796818
    },
    "erbbands_spread": {
        "mean": 34.5510215759,
        "var": 401.56149292
    },
    "hfc": {
        "mean": 12.1063318253,
        "var": 320.554901123
    },
    "melbands_crest": {
        "mean": 15.3532218933,
        "var": 24.2286262512
    },
    "melbands_flatness_db": {
        "mean": 0.262718439102,
        "var": 0.00417858781293
    },
    "melbands_kurtosis": {
        "mean": 19.4515247345,
        "var": 420.353179932
    },
    "melbands_skewness": {
        "mean": 3.15936517715,
        "var": 3.2122323513
    },
    "melbands_spread": {
        "mean": 13.6920909882,
        "var": 133.646835327
    },
    "pitch_salience": {
        "mean": 0.554690420628,
        "var": 0.0100525747985
    },
    "silence_rate_20dB": {
        "mean": 1,
        "var": 0
    },
    "silence_rate_30dB": {
        "mean": 0.994335711002,
        "var": 0.00563231296837
    },
    "silence_rate_60dB": {
        "mean": 0.0762100890279,
        "var": 0.0704015567899
    },
    "spectral_centroid": {
        "mean": 800.746765137,
        "var": 246647.015625
    },
    "spectral_complexity": {
        "mean": 12.3161687851,
        "var": 48.7259216309
    },
    "spectral_decrease": {
        "mean": -4.58919080515e-009,
        "var": 2.12219522354e-017
    },
    "spectral_energy": {
        "mean": 0.018418719992,
        "var": 0.000353826850187
    },
    "spectral_energyband_high": {
        "mean": 0.000138629475259,
        "var": 9.01906673789e-008
    },
    "spectral_energyband_low": {
        "mean": 0.00165531795938,
        "var": 7.7689792306e-006
    },
    "spectral_energyband_middle_high": {
        "mean": 0.00486752390862,
        "var": 9.75254224613e-005
    },
    "spectral_energyband_middle_low": {
        "mean": 0.0124106798321,
        "var": 0.000156987007358
    },
    "spectral_entropy": {
        "mean": 6.93333482742,
        "var": 0.2167891711
    },
    "spectral_flux": {
        "mean": 0.066230982542,
        "var": 0.00167888449505
    },
    "spectral_kurtosis": {
        "mean": 8.45877456665,
        "var": 44.0918273926
    },
    "spectral_rms": {
        "mean": 0.0038310517557,
        "var": 3.29254226017e-006
    },
    "spectral_rolloff": {
        "mean": 875.377502441,
        "var": 903328.3125
    },
    "spectral_skewness": {
        "mean": 2.01341724396,
        "var": 0.612975239754
    },
    "spectral_spread": {
        "mean": 3365266.5,
        "var": 2.96132804608e+012
    },
    "spectral_strongpeak": {
        "mean": 0.986159563065,
        "var": 2.40506434441
    },
    "zerocrossingrate": {
        "mean": 0.036986425519,
        "var": 0.000548513198737
    },
    "barkbands": {
        "mean": [2.36711894104e-005, 0.00036100280704, 0.000675421499182, 0.00186985637993, 0.00679780356586, 0.00120045128278, 0.00117145874538, 0.000380681245588, 0.000785058247857, 0.000570237869397, 0.00064987456426, 0.000919950718526, 0.000976332928985, 0.00084415404126, 0.000240306471824, 0.00014898768859, 0.000238589171204, 0.000162907206686, 0.000200560156372, 8.52977100294e-005, 4.24413265137e-005, 2.96987855108e-005, 2.27748987527e-005, 1.43175529956e-005, 5.96373047301e-006, 9.40815482409e-007, 2.10249222476e-008],
        "var": [3.02250917628e-008, 3.02251828543e-006, 7.33196031888e-007, 6.08353411735e-006, 5.63932626392e-005, 2.95649510917e-006, 8.12969756225e-006, 5.26618669028e-006, 8.64996127348e-006, 1.10470091386e-005, 5.02325337948e-006, 1.35025593408e-005, 9.62743069977e-006, 7.31142472432e-006, 8.77591276094e-007, 2.0048504723e-007, 3.85428251093e-007, 1.8584016459e-007, 1.86139459402e-007, 4.41363745551e-008, 1.40091529488e-008, 5.34800959073e-009, 4.19973789079e-009, 1.96900873384e-009, 4.39036584865e-010, 1.08677060406e-011, 2.03680803574e-015]
    },
    "erbbands": {
        "mean": [0.00465758470818, 0.108838915825, 0.74770706892, 3.46677494049, 17.5493049622, 23.6534194946, 11.3048038483, 9.76968193054, 18.8558311462, 10.908741951, 9.41359996796, 16.7429618835, 20.0361499786, 25.0987701416, 19.4913520813, 42.1053161621, 39.2241516113, 54.0067176819, 22.3405399323, 11.5399608612, 8.09598922729, 13.8467006683, 11.1069002151, 7.74196863174, 10.4879693985, 3.98982524872, 1.35967504978, 1.98508167267, 1.04654622078, 0.874530494213, 0.579275250435, 0.357275605202, 0.225796341896, 0.0996105223894, 0.0257665738463, 0.00675535015762, 0.00121637352277, 0.000121163218864, 1.30064672703e-005, 2.16632452066e-005],
        "var": [0.00241657579318, 0.151951402426, 1.04078006744, 16.0492744446, 609.570861816, 663.714782715, 180.573074341, 204.890319824, 2427.86181641, 544.334228516, 3100.89892578, 2865.02148438, 27123.6621094, 4469.43505859, 3429.87426758, 29193.7753906, 11336.453125, 29378.7011719, 5422.19970703, 1630.90307617, 524.678710938, 1250.47119141, 677.598266602, 261.12008667, 608.316162109, 77.8328399658, 9.8214006424, 30.4820671082, 6.8659734726, 6.28246116638, 2.59424352646, 1.09773957729, 0.59824603796, 0.121043197811, 0.00796359498054, 0.000500733614899, 1.89304446394e-005, 9.46089429021e-008, 2.07747624659e-010, 5.03374508742e-010]
    },
    "gfcc": {
        "mean": [-73.7205429077, 132.571395874, -126.45715332, 25.6844291687, -61.158405304, -1.75447309017, -47.2037391663, -14.0714845657, -36.6407661438, -18.1217517853, -12.0673322678, -8.54930210114, -12.8136558533],
        "cov": [[5264.84130859, -714.932434082, -1571.44824219, 253.061935425, -222.391571045, 144.847305298, -29.1179523468, 73.2235031128, -99.7970123291, -90.0510025024, 3.09393072128, -318.514831543, -48.5797920227], [-714.932434082, 770.491149902, 65.0295639038, -281.91293335, 293.008117676, -191.62638855, 92.1864471436, -41.4052696228, 40.8762664795, -67.4972076416, 67.4711456299, -0.831689715385, -35.9534339905], [-1571.44824219, 65.0295639038, 1004.09082031, 137.084869385, -61.5658760071, 108.730300903, -36.2651939392, -2.73485064507, 56.3226013184, 86.9187469482, -42.2770042419, 175.616470337, 62.9594497681], [253.061935425, -281.91293335, 137.084869385, 375.924957275, -88.0285263062, 14.1254405975, -58.429775238, 41.7433624268, 40.5078544617, 15.9819107056, -12.9413518906, 15.6702613831, 56.8719100952], [-222.391571045, 293.008117676, -61.5658760071, -88.0285263062, 245.6275177, -87.7166137695, 18.6342639923, 3.42207789421, 12.3756742477, -30.8827800751, 17.1213741302, -22.2786979675, -2.10212898254], [144.847305298, -191.62638855, 108.730300903, 14.1254405975, -87.7166137695, 285.168731689, 69.8905181885, -15.8479690552, -11.7116746902, 43.7296867371, -37.4766845703, 27.9377155304, 7.47047901154], [-29.1179523468, 92.1864471436, -36.2651939392, -58.429775238, 18.6342639923, 69.8905181885, 170.405654907, -2.00032830238, -19.2688751221, -8.5997800827, 8.12437343597, 8.48794460297, -23.4845676422], [73.2235031128, -41.4052696228, -2.73485064507, 41.7433624268, 3.42207789421, -15.8479690552, -2.00032830238, 118.998542786, 26.4886798859, 16.9163188934, 15.9375019073, -4.4375128746, 0.394198387861], [-99.7970123291, 40.8762664795, 56.3226013184, 40.5078544617, 12.3756742477, -11.7116746902, -19.2688751221, 26.4886798859, 103.870079041, 23.1897010803, -3.75339341164, 13.0130519867, 6.19553804398], [-90.0510025024, -67.4972076416, 86.9187469482, 15.9819107056, -30.8827800751, 43.7296867371, -8.5997800827, 16.9163188934, 23.1897010803, 116.140693665, 22.5455875397, 11.2007570267, 4.82956933975], [3.09393072128, 67.4711456299, -42.2770042419, -12.9413518906, 17.1213741302, -37.4766845703, 8.12437343597, 15.9375019073, -3.75339341164, 22.5455875397, 112.273200989, 0.307496756315, -23.27825737], [-318.514831543, -0.831689715385, 175.616470337, 15.6702613831, -22.2786979675, 27.9377155304, 8.48794460297, -4.4375128746, 13.0130519867, 11.2007570267, 0.307496756315, 106.100128174, 17.2882823944], [-48.5797920227, -35.9534339905, 62.9594497681, 56.8719100952, -2.10212898254, 7.47047901154, -23.4845676422, 0.394198387861, 6.19553804398, 4.82956933975, -23.27825737, 17.2882823944, 80.5516662598]],
        "icov": [[0.000719317118637, -0.00107189815026, 0.00163773237728, -0.00143232941628, 0.00109699193854, -0.00144383416045, 0.00112607318442, -0.000725004239939, 0.000975627219304, -0.000399550801376, 0.000624753825832, 1.24621701616e-005, 0.000307760026772], [-0.00107189815026, 0.0102481534705, -0.00539887556806, 0.00737862149253, -0.0074021872133, 0.00679077627137, -0.00698488205671, 0.00431336043403, -0.00728360004723, 0.00483628362417, -0.00564057240263, 0.00281545659527, -0.00190658634529], [0.00163773237728, -0.00539887556806, 0.00639276672155, -0.00547044305131, 0.00420483527705, -0.00516767892987, 0.00476117152721, -0.00261005642824, 0.00407955190167, -0.00334412790835, 0.00368857732974, -0.00348848546855, 0.00113490363583], [-0.00143232941628, 0.00737862149253, -0.00547044305131, 0.00980679597706, -0.00423508835956, 0.00563925877213, -0.00484407925978, 0.00229513947852, -0.00665216706693, 0.00412838160992, -0.00463567208499, 0.00250054104254, -0.00388784171082], [0.00109699193854, -0.0074021872133, 0.00420483527705, -0.00423508835956, 0.0110890083015, -0.0037087101955, 0.00407066009939, -0.00342855509371, 0.00392176257446, -0.00224108039401, 0.00331599381752, -0.000483488518512, -0.00020704837516], [-0.00144383416045, 0.00679077627137, -0.00516767892987, 0.00563925877213, -0.0037087101955, 0.0108004342765, -0.00774140190333, 0.00374338170514, -0.00453209131956, 0.000949496694375, -0.00183129671495, 0.00132705236319, -0.00167829112615], [0.00112607318442, -0.00698488205671, 0.00476117152721, -0.00484407925978, 0.00407066009939, -0.00774140190333, 0.012875652872, -0.00380084174685, 0.00594882387668, -0.0021925882902, 0.00309470086358, -0.00314767262898, 0.00310064177029], [-0.000725004239939, 0.00431336043403, -0.00261005642824, 0.00229513947852, -0.00342855509371, 0.00374338170514, -0.00380084174685, 0.0115596381947, -0.0051680309698, 0.000856972823385, -0.00337016629055, 0.00158128538169, -0.000660955905914], [0.000975627219304, -0.00728360004723, 0.00407955190167, -0.00665216706693, 0.00392176257446, -0.00453209131956, 0.00594882387668, -0.0051680309698, 0.0170687120408, -0.00593994092196, 0.00561088556424, -0.00346948555671, 0.00253718835302], [-0.000399550801376, 0.00483628362417, -0.00334412790835, 0.00412838160992, -0.00224108039401, 0.000949496694375, -0.0021925882902, 0.000856972823385, -0.00593994092196, 0.0140492329374, -0.00643130484968, 0.00284915766679, -0.0020288201049], [0.000624753825832, -0.00564057240263, 0.00368857732974, -0.00463567208499, 0.00331599381752, -0.00183129671495, 0.00309470086358, -0.00337016629055, 0.00561088556424, -0.00643130484968, 0.0146689405665, -0.0035652325023, 0.00438253907487], [1.24621701616e-005, 0.00281545659527, -0.00348848546855, 0.00250054104254, -0.000483488518512, 0.00132705236319, -0.00314767262898, 0.00158128538169, -0.00346948555671, 0.00284915766679, -0.0035652325023, 0.0153922522441, -0.00307361339219], [0.000307760026772, -0.00190658634529, 0.00113490363583, -0.00388784171082, -0.00020704837516, -0.00167829112615, 0.00310064177029, -0.000660955905914, 0.00253718835302, -0.0020288201049, 0.00438253907487, -0.00307361339219, 0.0165170170367]]
    },
    "melbands": {
        "mean": [6.81657984387e-005, 0.00029577082023, 0.000983924372122, 0.00163789768703, 0.00051518145483, 0.00023491733009, 0.000271530414466, 0.000104301740066, 7.57227753638e-005, 0.000115114540677, 9.89136606222e-005, 9.90020125755e-005, 7.84359144745e-005, 8.00389825599e-005, 0.000103220387246, 0.000106536514068, 9.57842930802e-005, 4.09847962146e-005, 1.38700779644e-005, 1.24177577163e-005, 8.69652103574e-006, 1.32865470732e-005, 1.43251163536e-005, 7.07955632606e-006, 5.92648757447e-006, 7.88372653915e-006, 5.97999769525e-006, 1.87096532045e-006, 6.86828684593e-007, 1.028931365e-006, 1.19236881346e-006, 6.13448833064e-007, 4.71734409757e-007, 4.76421320172e-007, 3.12658102075e-007, 3.2990692489e-007, 1.73218737132e-007, 1.6953811155e-007, 1.18698380902e-007, 7.17842638664e-008],
        "var": [2.15601104969e-007, 2.62883958158e-007, 1.55280633862e-006, 3.5564951304e-006, 2.78114441699e-007, 1.23323445678e-007, 4.41669271822e-007, 7.78637527787e-008, 1.91290737916e-007, 1.71753839595e-007, 6.4237440256e-007, 7.02289995047e-008, 7.11842744749e-008, 1.20277846349e-007, 1.35259583089e-007, 1.16945308548e-007, 9.73471969701e-008, 2.2329187388e-008, 2.72392552958e-009, 1.40590816766e-009, 7.94410037752e-010, 1.18424614559e-009, 1.47470002876e-009, 3.14631376508e-010, 1.68682054436e-010, 3.26719762356e-010, 2.39464115204e-010, 1.75071120795e-011, 2.35183205376e-012, 1.15222484331e-011, 1.01160200008e-011, 2.71367737309e-012, 1.53773185591e-012, 2.20995227326e-012, 8.26635363892e-013, 8.90507936488e-013, 3.01216354377e-013, 3.46923038257e-013, 1.81901775543e-013, 6.60088574512e-014]
    },
    "mfcc": {
        "mean": [-712.36340332, 157.635269165, -5.67660236359, 21.3192672729, 1.72448635101, 1.2516348362, -3.18570780754, -1.39873468876, -20.8923721313, -13.8028593063, -10.3936834335, -10.5295696259, -8.53346347809],
        "cov": [[5892.48779297, -1159.89953613, -1317.20983887, -101.911331177, -249.501373291, -83.7987136841, 114.612617493, -3.62530446053, -69.5953903198, 180.34928894, 98.4581298828, -19.1304130554, -323.199707031], [-1159.89953613, 1148.05371094, -200.485473633, -56.0385742188, 85.6969680786, -80.8707733154, 46.1394844055, 36.8644142151, -59.7107276917, -40.496295929, 51.9102935791, -9.34825515747, 44.3055305481], [-1317.20983887, -200.485473633, 958.210693359, 69.6312637329, 48.2866516113, 169.785079956, -66.6846237183, 9.70368289948, 108.81035614, -54.4849739075, -42.6036148071, 50.8247184753, 115.747344971], [-101.911331177, -56.0385742188, 69.6312637329, 307.649841309, 90.6325683594, -82.5677642822, -55.0138206482, -0.970242857933, 11.2885866165, 25.0146465302, -46.0293502808, -11.4400262833, 59.6642570496], [-249.501373291, 85.6969680786, 48.2866516113, 90.6325683594, 199.203109741, -43.8359794617, -48.0321655273, -18.1432437897, 15.5075330734, 35.334651947, -27.8308601379, -12.6119499207, 20.0534591675], [-83.7987136841, -80.8707733154, 169.785079956, -82.5677642822, -43.8359794617, 233.068847656, 35.2073745728, 22.2274532318, 53.9212799072, -34.6824569702, 17.0310840607, 11.7026786804, -26.234834671], [114.612617493, 46.1394844055, -66.6846237183, -55.0138206482, -48.0321655273, 35.2073745728, 162.737030029, 21.350725174, -19.4768753052, 5.12161207199, 34.3186416626, 15.6230201721, -15.8909568787], [-3.62530446053, 36.8644142151, 9.70368289948, -0.970242857933, -18.1432437897, 22.2274532318, 21.350725174, 139.363845825, 9.60882091522, -19.665725708, 33.0170402527, -13.9304666519, 17.3966598511], [-69.5953903198, -59.7107276917, 108.81035614, 11.2885866165, 15.5075330734, 53.9212799072, -19.4768753052, 9.60882091522, 140.505737305, 6.06958150864, -26.1497840881, 15.6849050522, -15.3276453018], [180.34928894, -40.496295929, -54.4849739075, 25.0146465302, 35.334651947, -34.6824569702, 5.12161207199, -19.665725708, 6.06958150864, 125.194313049, 17.599691391, -6.19954538345, -18.7414455414], [98.4581298828, 51.9102935791, -42.6036148071, -46.0293502808, -27.8308601379, 17.0310840607, 34.3186416626, 33.0170402527, -26.1497840881, 17.599691391, 143.974945068, 6.30448007584, 2.6016728878], [-19.1304130554, -9.34825515747, 50.8247184753, -11.4400262833, -12.6119499207, 11.7026786804, 15.6230201721, -13.9304666519, 15.6849050522, -6.19954538345, 6.30448007584, 108.713981628, 16.6325397491], [-323.199707031, 44.3055305481, 115.747344971, 59.6642570496, 20.0534591675, -26.234834671, -15.8909568787, 17.3966598511, -15.3276453018, -18.7414455414, 2.6016728878, 16.6325397491, 122.949501038]],
        "icov": [[0.000495621410664, 0.00061427912442, 0.000778297078796, -6.8152534368e-005, 8.95880439202e-005, -0.000104691520391, -3.01448180835e-005, -0.000214053827222, -1.348682963e-005, -0.000171109000803, -0.00024195126025, -0.000285460584564, 0.000387270469218], [0.00061427912442, 0.00186590710655, 0.00121205253527, 0.000336616649292, -0.000761932868045, 0.000187530720723, -0.000418276176788, -0.00042887305608, 1.26393501887e-006, 0.000460944487713, -0.000640056387056, -0.000292544282274, -6.75767441862e-005], [0.000778297078796, 0.00121205253527, 0.00298805581406, -0.000238761887886, -0.000325034983689, -0.00156750122551, 0.000419421121478, -0.000184522403288, -0.000769955513533, 6.46327971481e-005, -0.00018571203691, -0.000815300678369, -0.00126105279196], [-6.8152534368e-005, 0.000336616649292, -0.000238761887886, 0.00483251316473, -0.00153979437891, 0.0013966022525, 0.00031351542566, -0.000487721263198, -0.000450660387287, -0.000517808774021, 0.000969942077063, 0.000483226263896, -0.00198310124688], [8.95880439202e-005, -0.000761932868045, -0.000325034983689, -0.00153979437891, 0.00721635110676, 0.000286576687358, 0.00131825101562, 0.000508362078108, -0.000486418051878, -0.00218117679469, 0.000709673797246, 0.000516446190886, 6.7873756052e-005], [-0.000104691520391, 0.000187530720723, -0.00156750122551, 0.0013966022525, 0.000286576687358, 0.00723621807992, -0.00153607514221, -0.000380765821319, -0.00198077224195, 0.00170031597372, -0.000980853219517, 0.000471483159345, 0.00177703960799], [-3.01448180835e-005, -0.000418276176788, 0.000419421121478, 0.00031351542566, 0.00131825101562, -0.00153607514221, 0.00785658322275, -0.00107105192728, 0.00124749552924, -0.00129494583234, -0.000352771603502, -0.00143288995605, 0.000308144284645], [-0.000214053827222, -0.00042887305608, -0.000184522403288, -0.000487721263198, 0.000508362078108, -0.000380765821319, -0.00107105192728, 0.00884098839015, -0.00164807692636, 0.00158432184253, -0.00209013232961, 0.00206426903605, -0.00175027537625], [-1.348682963e-005, 1.26393501887e-006, -0.000769955513533, -0.000450660387287, -0.000486418051878, -0.00198077224195, 0.00124749552924, -0.00164807692636, 0.00968743581325, -0.00144246744458, 0.00183513993397, -0.00183969037607, 0.00215660664253], [-0.000171109000803, 0.000460944487713, 6.46327971481e-005, -0.000517808774021, -0.00218117679469, 0.00170031597372, -0.00129494583234, 0.00158432184253, -0.00144246744458, 0.0105465352535, -0.00247535598464, 0.000632643932477, 0.00129615748301], [-0.00024195126025, -0.000640056387056, -0.00018571203691, 0.000969942077063, 0.000709673797246, -0.000980853219517, -0.000352771603502, -0.00209013232961, 0.00183513993397, -0.00247535598464, 0.00909931305796, -0.000715431757271, -0.0010204318678], [-0.000285460584564, -0.000292544282274, -0.000815300678369, 0.000483226263896, 0.000516446190886, 0.000471483159345, -0.00143288995605, 0.00206426903605, -0.00183969037607, 0.000632643932477, -0.000715431757271, 0.0107048675418, -0.00213876273483], [0.000387270469218, -6.75767441862e-005, -0.00126105279196, -0.00198310124688, 6.7873756052e-005, 0.00177703960799, 0.000308144284645, -0.00175027537625, 0.00215660664253, 0.00129615748301, -0.0010204318678, -0.00213876273483, 0.0127582773566]]
    },
    "spectral_contrast_coeffs": {
        "mean": [-0.513615846634, -0.706748247147, -0.766540467739, -0.755220651627, -0.747433185577, -0.763084352016],
        "var": [0.00663131754845, 0.00460176495835, 0.00460595265031, 0.00532645126805, 0.0045150606893, 0.00193926051725]
    },
    "spectral_contrast_valleys": {
        "mean": [-8.01103305817, -7.20305252075, -7.74126672745, -8.38691139221, -8.73921394348, -11.4766044617],
        "var": [0.661408960819, 0.660106003284, 0.70568972826, 0.834660887718, 1.00568985939, 1.01051723957]
    }
},
"metadata": {
    "audio_properties": {
        "analysis_sample_rate": 44100,
        "bit_rate": 128074,
        "equal_loudness": 0,
        "length": 45.0612258911,
        "lossless": 0,
        "replay_gain": -6.33039093018,
        "sample_rate": 44100,
        "codec": "mp3",
        "downmix": "mix",
        "md5_encoded": "875b3408986ea1c316eabc2e6d33b32b"
    },
    "tags": {
        "file_name": "1488.mp3"
    },
    "version": {
        "essentia": "2.1-beta2",
        "essentia_git_sha": "v2.1_beta2",
        "extractor": "music 1.0"
    }
},
"rhythm": {
    "beats_count": 95,
    "beats_loudness": {
        "mean": 0.0325614735484,
        "var": 0.000436583155533
    },
    "bpm": 128.546951294,
    "bpm_histogram_first_peak_bpm": {
        "mean": 129,
        "var": 0
    },
    "bpm_histogram_first_peak_spread": {
        "mean": 0.5,
        "var": 0
    },
    "bpm_histogram_first_peak_weight": {
        "mean": 0.446808516979,
        "var": 0
    },
    "bpm_histogram_second_peak_bpm": {
        "mean": 123,
        "var": 0
    },
    "bpm_histogram_second_peak_spread": {
        "mean": 0,
        "var": 0
    },
    "bpm_histogram_second_peak_weight": {
        "mean": 0.106382980943,
        "var": 0
    },
    "danceability": 1.22193777561,
    "onset_rate": 3.39385008812,
    "beats_loudness_band_ratio": {
        "mean": [0.4027762115, 0.428559422493, 0.150451570749, 0.127932742238, 0.0604495331645, 0.0182979516685],
        "var": [0.0386971384287, 0.0402661412954, 0.0232112575322, 0.0222680270672, 0.00690210098401, 0.000292704848107]
    },
    "beats_position": [0.441179126501, 0.893968224525, 1.35836732388, 1.82276642323, 2.28716540337, 2.76317453384, 3.22757363319, 3.7151927948, 4.20281171799, 4.66721057892, 5.14321994781, 5.61922883987, 6.08362817764, 6.54802703857, 7.01242637634, 7.4884352684, 7.96444416046, 8.42884349823, 8.893242836, 9.36925125122, 9.84526062012, 10.321269989, 10.8088884354, 11.2965078354, 11.7725172043, 12.2485256195, 12.7245349884, 13.2121543884, 13.6881628036, 14.1641721725, 14.6517915726, 15.1277999878, 15.6038093567, 16.0914287567, 16.5674381256, 17.0550556183, 17.5310649872, 17.995464325, 18.4598636627, 18.9242630005, 19.4002723694, 19.8762817383, 20.3406791687, 20.7934684753, 21.2578678131, 21.7222671509, 22.1866664886, 22.6626758575, 23.1502952576, 23.6379127502, 24.0907020569, 24.5551013947, 25.0078907013, 25.4606800079, 25.9134693146, 26.3778686523, 26.830657959, 27.2950553894, 27.7594547272, 28.2122440338, 28.6766433716, 29.1526527405, 29.6286621094, 30.1046714783, 30.5806789398, 31.0450782776, 31.5094776154, 31.9854869843, 32.4614944458, 32.9258956909, 33.3902931213, 33.8546943665, 34.3190917969, 34.783493042, 35.2478904724, 35.7238998413, 36.1999092102, 36.6643066406, 37.1287078857, 37.6047172546, 38.0807266235, 38.545124054, 39.0095214844, 39.462310791, 39.9151000977, 40.3795013428, 40.8438987732, 41.3083000183, 41.7726974487, 42.2370948792, 42.7014961243, 43.1542854309, 43.6070747375, 44.071472168, 44.5358734131]
},
"tonal": {
    "chords_changes_rate": 0.0668724253774,
    "chords_number_rate": 0.0102880662307,
    "chords_strength": {
        "mean": 0.500335276127,
        "var": 0.0067003373988
    },
    "hpcp_entropy": {
        "mean": 2.13675069809,
        "var": 0.474164187908
    },
    "key_strength": 0.623465955257,
    "tuning_diatonic_strength": 0.564130783081,
    "tuning_equal_tempered_deviation": 0.0521356873214,
    "tuning_frequency": 435.952270508,
    "tuning_nontempered_energy_ratio": 0.728328049183,
    "hpcp": {
        "mean": [0.245329082012, 0.131855517626, 0.0670045986772, 0.0709489062428, 0.109917275608, 0.204787224531, 0.297199726105, 0.221238613129, 0.124688521028, 0.111992388964, 0.0647001937032, 0.0327316112816, 0.0384406223893, 0.0645800828934, 0.0973321720958, 0.119351424277, 0.0900402143598, 0.0575954578817, 0.0552672408521, 0.0689052715898, 0.191936597228, 0.253741264343, 0.136204853654, 0.0632067546248, 0.0676501169801, 0.0770560279489, 0.104376681149, 0.118317127228, 0.130357652903, 0.291386842728, 0.418710619211, 0.261575400829, 0.106951661408, 0.0991953611374, 0.130370184779, 0.228013753891],
        "var": [0.117434322834, 0.0466968417168, 0.0250001307577, 0.0255672056228, 0.0492082089186, 0.0720694065094, 0.111288674176, 0.0741246789694, 0.0405606813729, 0.047803837806, 0.0168692748994, 0.00913510564715, 0.00902922172099, 0.027951579541, 0.0293123014271, 0.04208740592, 0.0251928046346, 0.0171426218003, 0.0177828613669, 0.016672288999, 0.0639566853642, 0.0942417755723, 0.0364434942603, 0.0197265651077, 0.025873536244, 0.0280835516751, 0.0435296297073, 0.0515266992152, 0.0442943386734, 0.0870096310973, 0.146741777658, 0.0810995027423, 0.0373388566077, 0.0407738089561, 0.0527515262365, 0.0952448695898]
    },
    "chords_histogram": [9.77366256714, 31.58436203, 23.0452671051, 0.308641970158, 7.51028823853, 0, 2.88065838814, 0.720164597034, 0.411522626877, 0.308641970158, 0.205761313438, 0, 0.308641970158, 0, 0.102880656719, 0, 0, 2.05761313438, 3.29218101501, 0.617283940315, 0, 7.09876537323, 1.33744859695, 8.43621444702],
    "thpcp": [1, 0.6247164011, 0.255430966616, 0.236906722188, 0.311361074448, 0.544561684132, 0.585915625095, 0.314908474684, 0.160026028752, 0.169446155429, 0.262513697147, 0.489090114832, 0.709797441959, 0.528380692005, 0.29779163003, 0.267469674349, 0.154522463679, 0.0781723931432, 0.0918071344495, 0.154235601425, 0.232456892729, 0.285045146942, 0.215041637421, 0.137554332614, 0.131993889809, 0.164565384388, 0.458399176598, 0.606006264687, 0.32529592514, 0.150955706835, 0.161567717791, 0.184031695127, 0.249281182885, 0.282574951649, 0.311331123114, 0.695914626122],
    "chords_key": "E",
    "chords_scale": "minor",
    "key_key": "C",
    "key_scale": "major"
}
}