{
"lowlevel": {
    "average_loudness": 0.959191441536,
    "barkbands_crest": {
        "mean": 10.7892637253,
        "var": 20.8765468597
    },
    "barkbands_flatness_db": {
        "mean": 0.167419537902,
        "var": 0.0025533856824
    },
    "barkbands_kurtosis": {
        "mean": 5.1509718895,
        "var": 84.8023681641
    },
    "barkbands_skewness": {
        "mean": 1.7238522768,
        "var": 1.10627281666
    },
    "barkbands_spread": {
        "mean": 14.9799938202,
        "var": 95.5579528809
    },
    "dissonance": {
        "mean": 0.449450403452,
        "var": 0.00115750019904
    },
    "dynamic_complexity": 2.28049206734,
    "erbbands_crest": {
        "mean": 10.8698959351,
        "var": 29.1005001068
    },
    "erbbands_flatness_db": {
        "mean": 0.194717511535,
        "var": 0.00198650849052
    },
    "erbbands_kurtosis": {
        "mean": 1.0818978548,
        "var": 18.0553607941
    },
    "erbbands_skewness": {
        "mean": 0.612621665001,
        "var": 0.752371668816
    },
    "erbbands_spread": {
        "mean": 31.5760784149,
        "var": 206.0574646
    },
    "hfc": {
        "mean": 18.1085681915,
        "var": 179.165267944
    },
    "melbands_crest": {
        "mean": 14.1269931793,
        "var": 26.2422771454
    },
    "melbands_flatness_db": {
        "mean": 0.215146645904,
        "var": 0.00362826697528
    },
    "melbands_kurtosis": {
        "mean": 10.4454278946,
        "var": 113.928619385
    },
    "melbands_skewness": {
        "mean": 2.36295890808,
        "var": 1.24398863316
    },
    "melbands_spread": {
        "mean": 17.1343078613,
        "var": 142.745452881
    },
    "pitch_salience": {
        "mean": 0.547170877457,
        "var": 0.0113585591316
    },
    "silence_rate_20dB": {
        "mean": 1,
        "var": 0
    },
    "silence_rate_30dB": {
        "mean": 1,
        "var": 0
    },
    "silence_rate_60dB": {
        "mean": 0.00360453152098,
        "var": 0.00359146553092
    },
    "spectral_centroid": {
        "mean": 919.567077637,
        "var": 157619.078125
    },
    "spectral_complexity": {
        "mean": 17.7996902466,
        "var": 31.712223053
    },
    "spectral_decrease": {
        "mean": -6.65250832199e-009,
        "var": 1.42555148715e-017
    },
    "spectral_energy": {
        "mean": 0.0267505906522,
        "var": 0.000227939584875
    },
    "spectral_energyband_high": {
        "mean": 0.000407615007134,
        "var": 9.13001770186e-007
    },
    "spectral_energyband_low": {
        "mean": 0.00263122166507,
        "var": 6.36059758108e-006
    },
    "spectral_energyband_middle_high": {
        "mean": 0.00527492770925,
        "var": 3.61686652468e-005
    },
    "spectral_energyband_middle_low": {
        "mean": 0.0192868839949,
        "var": 0.00018417701358
    },
    "spectral_entropy": {
        "mean": 7.24496936798,
        "var": 0.227899998426
    },
    "spectral_flux": {
        "mean": 0.0737044289708,
        "var": 0.00124303472694
    },
    "spectral_kurtosis": {
        "mean": 5.51788187027,
        "var": 15.7074232101
    },
    "spectral_rms": {
        "mean": 0.00490597682074,
        "var": 2.02951878236e-006
    },
    "spectral_rolloff": {
        "mean": 1122.67834473,
        "var": 1187013.75
    },
    "spectral_skewness": {
        "mean": 1.747803092,
        "var": 0.263817101717
    },
    "spectral_spread": {
        "mean": 3882716.75,
        "var": 2.71084054118e+012
    },
    "spectral_strongpeak": {
        "mean": 1.35657286644,
        "var": 1.94479572773
    },
    "zerocrossingrate": {
        "mean": 0.0454770363867,
        "var": 0.00071706448216
    },
    "barkbands": {
        "mean": [9.86464692687e-006, 0.000543508271221, 0.00133562239353, 0.00153318047523, 0.00700484402478, 0.00332573615015, 0.00322706252337, 0.00300722243264, 0.00093521468807, 0.000628569512628, 0.000335286807967, 0.00126770674251, 0.0011222026078, 0.000546985887922, 0.000610701215919, 0.00033572348184, 0.000143456258229, 0.000152459877427, 0.000221725131269, 9.17615761864e-005, 8.81842206581e-005, 8.55958787724e-005, 9.94588044705e-005, 5.17574044352e-005, 4.17368173657e-005, 5.02571265315e-006, 3.6630083855e-008],
        "var": [3.36383187971e-009, 5.82011296046e-007, 2.08025699067e-006, 3.9569395085e-006, 4.91654973303e-005, 2.81856064248e-005, 6.0764956288e-005, 4.44567922386e-005, 5.05462094225e-006, 1.74352510385e-006, 5.40245196134e-007, 5.81088761464e-006, 8.01025817054e-006, 1.49056461396e-006, 1.77871856977e-006, 5.7887876892e-007, 3.40128778475e-008, 6.51596607781e-008, 9.7324949877e-008, 1.33932145374e-008, 1.1374203801e-008, 6.41975930193e-008, 1.1599048122e-007, 3.17125277149e-008, 8.00951127644e-008, 2.65524741083e-010, 2.34790993885e-014]
    },
    "erbbands": {
        "mean": [0.0036571205128, 0.179766789079, 1.41447842121, 3.62407016754, 11.6867141724, 27.1425247192, 25.7729911804, 26.4384975433, 43.7950782776, 57.3614273071, 65.9505310059, 25.1101169586, 19.2066764832, 16.6177883148, 21.8809223175, 58.7610664368, 46.8583679199, 39.8841934204, 36.1772346497, 23.0920238495, 13.6525201797, 7.51111841202, 9.72901821136, 7.99991703033, 11.6803178787, 4.17923116684, 3.6850476265, 3.23918795586, 2.84286499023, 3.4291574955, 2.74970436096, 1.18539452553, 0.895210981369, 0.640592455864, 0.195011392236, 0.0407783612609, 0.0061338650994, 0.000432674045442, 2.71975732176e-005, 3.2549687603e-005],
        "var": [9.75102448137e-005, 0.055028706789, 2.33332133293, 14.8671522141, 136.761428833, 1319.46228027, 1245.9942627, 2272.8581543, 10155.3603516, 22344.3652344, 22900.6875, 2479.48535156, 1186.58093262, 1739.20568848, 1208.64111328, 11493.265625, 10325.4785156, 7826.36816406, 6656.91064453, 2197.71508789, 441.119720459, 79.8863983154, 258.328582764, 96.9426727295, 336.80670166, 26.5919189453, 17.6246204376, 24.1432723999, 47.8062896729, 150.79876709, 84.9247207642, 14.6757507324, 13.1777191162, 17.6047286987, 1.73965764046, 0.0236609708518, 0.000350416317815, 2.34665708376e-006, 2.42742048684e-009, 3.42188444247e-010]
    },
    "gfcc": {
        "mean": [-13.8347473145, 119.925720215, -137.766967773, 26.4129295349, -74.3439407349, 6.83643245697, -48.9894065857, -13.296169281, -28.6203136444, -7.76636743546, -10.5336885452, -10.9643583298, -14.7456178665],
        "cov": [[3229.87084961, -1040.89318848, -277.065307617, 21.2413158417, -321.900177002, 252.079940796, -301.998291016, 164.247467041, -170.447647095, 129.286972046, -192.198532104, -22.7309322357, -161.232208252], [-1040.89318848, 961.578674316, -39.676651001, -15.1820898056, 230.168991089, -184.666824341, 209.295135498, -126.252075195, 142.437911987, -113.90965271, 167.927581787, -41.4474220276, 85.3670578003], [-277.065307617, -39.676651001, 396.881072998, 70.1275634766, 26.1366405487, 57.7832641602, -16.7269172668, 42.4699211121, -36.0662689209, 31.4053077698, 15.5040750504, 78.1997756958, 4.28771162033], [21.2413158417, -15.1820898056, 70.1275634766, 261.457763672, 93.6559066772, 55.0812797546, 24.352891922, -12.3937301636, -7.25570058823, -6.68484449387, -22.4734401703, 24.3154621124, 60.5561714172], [-321.900177002, 230.168991089, 26.1366405487, 93.6559066772, 211.384216309, 29.7089538574, 63.9005432129, -14.5312671661, 23.712802887, -20.2946071625, 23.252904892, 3.70380067825, 40.9556541443], [252.079940796, -184.666824341, 57.7832641602, 55.0812797546, 29.7089538574, 198.245422363, 30.3437004089, 50.5352706909, -64.6941604614, 14.1676301956, -40.996421814, 10.6146659851, -13.9759731293], [-301.998291016, 209.295135498, -16.7269172668, 24.352891922, 63.9005432129, 30.3437004089, 176.929138184, 7.99818086624, -9.3006401062, -49.8316993713, 29.295917511, -3.44926786423, 15.9307403564], [164.247467041, -126.252075195, 42.4699211121, -12.3937301636, -14.5312671661, 50.5352706909, 7.99818086624, 120.897514343, -0.529531061649, 27.8354873657, -24.265586853, 8.72918987274, -20.6894264221], [-170.447647095, 142.437911987, -36.0662689209, -7.25570058823, 23.712802887, -64.6941604614, -9.3006401062, -0.529531061649, 159.870834351, 41.9776611328, 20.1493263245, -37.4062080383, 11.3006410599], [129.286972046, -113.90965271, 31.4053077698, -6.68484449387, -20.2946071625, 14.1676301956, -49.8316993713, 27.8354873657, 41.9776611328, 113.200042725, -0.888271868229, -6.70433282852, -17.6853179932], [-192.198532104, 167.927581787, 15.5040750504, -22.4734401703, 23.252904892, -40.996421814, 29.295917511, -24.265586853, 20.1493263245, -0.888271868229, 112.733421326, 19.6356754303, -8.72388362885], [-22.7309322357, -41.4474220276, 78.1997756958, 24.3154621124, 3.70380067825, 10.6146659851, -3.44926786423, 8.72918987274, -37.4062080383, -6.70433282852, 19.6356754303, 90.6982269287, 18.3734550476], [-161.232208252, 85.3670578003, 4.28771162033, 60.5561714172, 40.9556541443, -13.9759731293, 15.9307403564, -20.6894264221, 11.3006410599, -17.6853179932, -8.72388362885, 18.3734550476, 90.1970901489]],
        "icov": [[0.000923184328713, -0.000847165880259, 0.00141184648965, -0.00122424017172, 0.00160902517382, -0.00155345036183, 0.00221950607374, -0.00145267031621, 0.00110967853107, -0.000780153961387, 0.000645417603664, -0.000734011700843, 0.00143026118167], [-0.000847165880259, 0.00851447880268, -0.00324983103201, 0.00398898031563, -0.00725311273709, 0.00596571993083, -0.00823369622231, 0.00506217777729, -0.00500627839938, 0.00503310235217, -0.0063266698271, 0.00495353713632, -0.0052701793611], [0.00141184648965, -0.00324983103201, 0.00609606970102, -0.00332421599887, 0.00359654310159, -0.00392227154225, 0.00542168598622, -0.00404457515106, 0.00304200104438, -0.00308829103597, 0.00182112306356, -0.00467712152749, 0.00355762778781], [-0.00122424017172, 0.00398898031563, -0.00332421599887, 0.00849118921906, -0.00606334628537, 0.002418279415, -0.00537986448035, 0.0044339383021, -0.0031757960096, 0.00231125252321, -0.00161123648286, 0.00188466149848, -0.00610006740317], [0.00160902517382, -0.00725311273709, 0.00359654310159, -0.00606334628537, 0.0141771417111, -0.00764009077102, 0.00707313371822, -0.00475127436221, 0.00323044229299, -0.00352764455602, 0.00362636870705, -0.0038104983978, 0.00371095002629], [-0.00155345036183, 0.00596571993083, -0.00392227154225, 0.002418279415, -0.00764009077102, 0.0139911230654, -0.00924040935934, 0.00243154028431, -0.000445135199698, 0.00118365639355, -0.00174265785608, 0.00399321131408, -0.00272754160687], [0.00221950607374, -0.00823369622231, 0.00542168598622, -0.00537986448035, 0.00707313371822, -0.00924040935934, 0.0188209358603, -0.00862247869372, 0.00583201507106, -0.00135629577562, 0.00259854155593, -0.00339420232922, 0.00511508854106], [-0.00145267031621, 0.00506217777729, -0.00404457515106, 0.0044339383021, -0.00475127436221, 0.00243154028431, -0.00862247869372, 0.0157032608986, -0.00554015301168, 0.00113616453018, -0.000321092753438, 0.000538473541383, -0.00173715443816], [0.00110967853107, -0.00500627839938, 0.00304200104438, -0.0031757960096, 0.00323044229299, -0.000445135199698, 0.00583201507106, -0.00554015301168, 0.0140629298985, -0.0076502985321, 0.00206747301854, 0.00137066596653, 0.001531484304], [-0.000780153961387, 0.00503310235217, -0.00308829103597, 0.00231125252321, -0.00352764455602, 0.00118365639355, -0.00135629577562, 0.00113616453018, -0.0076502985321, 0.0167778171599, -0.00551922852173, 0.00374327669851, -0.00232584634796], [0.000645417603664, -0.0063266698271, 0.00182112306356, -0.00161123648286, 0.00362636870705, -0.00174265785608, 0.00259854155593, -0.000321092753438, 0.00206747301854, -0.00551922852173, 0.0184367448092, -0.00883508380502, 0.00792925339192], [-0.000734011700843, 0.00495353713632, -0.00467712152749, 0.00188466149848, -0.0038104983978, 0.00399321131408, -0.00339420232922, 0.000538473541383, 0.00137066596653, 0.00374327669851, -0.00883508380502, 0.0206089057028, -0.00846176967025], [0.00143026118167, -0.0052701793611, 0.00355762778781, -0.00610006740317, 0.00371095002629, -0.00272754160687, 0.00511508854106, -0.00173715443816, 0.001531484304, -0.00232584634796, 0.00792925339192, -0.00846176967025, 0.0209909211844]]
    },
    "melbands": {
        "mean": [8.36235994939e-005, 0.000563971058, 0.00079996191198, 0.00142766046338, 0.00100197829306, 0.000627198198345, 0.000683309219312, 0.000624328269623, 0.000478501751786, 0.000130198910483, 9.40554746194e-005, 6.69475339237e-005, 5.52935416636e-005, 0.000144421122968, 0.000118817326438, 0.000104254257167, 6.75067785778e-005, 5.69675612496e-005, 3.6495810491e-005, 2.89694744424e-005, 1.22520232253e-005, 6.69320752422e-006, 9.78921889327e-006, 7.6342957982e-006, 5.91826619711e-006, 9.7093061413e-006, 5.41504959983e-006, 2.15659724745e-006, 2.40251665673e-006, 1.95479879039e-006, 1.84169289241e-006, 1.53575251716e-006, 1.74674448772e-006, 1.96576456801e-006, 1.7560030301e-006, 9.71005306383e-007, 6.27323402114e-007, 6.15725866737e-007, 5.80669563988e-007, 5.51435277885e-007],
        "var": [1.59694000246e-008, 3.92508610503e-007, 6.77043601627e-007, 2.3723778213e-006, 1.60769275226e-006, 1.26763200115e-006, 2.28676253755e-006, 2.28716498896e-006, 1.2043536799e-006, 7.23963680116e-008, 3.04253902073e-008, 3.18106962993e-008, 8.96736551681e-009, 8.70183995971e-008, 4.56601121357e-008, 8.18196781438e-008, 2.32556480739e-008, 1.76490448922e-008, 4.95825647207e-009, 4.89839724338e-009, 3.15270698437e-010, 6.74721112315e-011, 2.13803308391e-010, 2.01283129053e-010, 6.29528790208e-011, 2.20808260565e-010, 6.30501137411e-011, 8.63775804355e-012, 8.22591387367e-012, 6.58415119301e-012, 1.01704174596e-011, 1.21121584984e-011, 3.95915279727e-011, 5.11497198763e-011, 3.68742501811e-011, 1.3689009995e-011, 4.04417341629e-012, 6.10433491949e-012, 7.97676247971e-012, 1.83656787694e-011]
    },
    "mfcc": {
        "mean": [-645.526794434, 139.868759155, -7.2245516777, 13.4158201218, -5.65766954422, 6.8469991684, -10.1616630554, -7.31088590622, -19.7793560028, -4.97179746628, -4.71634292603, -5.0644068718, -2.87577581406],
        "cov": [[2851.35009766, -1035.42456055, -118.09425354, -273.779541016, -63.8710746765, -49.8690261841, -80.0572357178, -84.5791778564, -38.3666000366, 160.607772827, 24.0834350586, -100.567237854, -114.091537476], [-1035.42456055, 893.399597168, -123.595230103, 127.311309814, 3.4484937191, 5.72080087662, 30.476732254, 56.073600769, -34.2196502686, -42.847492218, 35.1685371399, 52.8164405823, 48.6885871887], [-118.09425354, -123.595230103, 328.314758301, 5.880879879, 47.0152320862, 7.3575501442, 33.019241333, 13.4085817337, 9.97236919403, -50.2805137634, -3.11274003983, 19.5691223145, 41.8988685608], [-273.779541016, 127.311309814, 5.880879879, 243.116577148, 69.7633056641, 63.1445655823, 22.3446960449, 23.2746543884, 39.5866203308, -18.7830371857, -60.0959320068, 24.6896629333, 29.9917087555], [-63.8710746765, 3.4484937191, 47.0152320862, 69.7633056641, 176.652740479, 52.8889770508, 4.29226398468, -1.8905094862, 29.6469135284, 7.24838161469, -10.0784215927, 14.8175821304, 15.4734096527], [-49.8690261841, 5.72080087662, 7.3575501442, 63.1445655823, 52.8889770508, 147.219985962, 65.3618621826, 20.3123950958, 30.1224212646, 2.64980864525, -29.0694503784, 12.7699918747, -5.05529403687], [-80.0572357178, 30.476732254, 33.019241333, 22.3446960449, 4.29226398468, 65.3618621826, 194.834014893, 90.633354187, -2.17807841301, -6.2225985527, -40.4169616699, 8.73622131348, -1.93728160858], [-84.5791778564, 56.073600769, 13.4085817337, 23.2746543884, -1.8905094862, 20.3123950958, 90.633354187, 140.842285156, 4.03931665421, -12.4477329254, -15.4231452942, -8.08234596252, 1.54298520088], [-38.3666000366, -34.2196502686, 9.97236919403, 39.5866203308, 29.6469135284, 30.1224212646, -2.17807841301, 4.03931665421, 142.582366943, 31.4480476379, -29.9508228302, 17.4840545654, 1.44791412354], [160.607772827, -42.847492218, -50.2805137634, -18.7830371857, 7.24838161469, 2.64980864525, -6.2225985527, -12.4477329254, 31.4480476379, 132.353500366, 17.6711711884, 12.9026374817, -7.35701179504], [24.0834350586, 35.1685371399, -3.11274003983, -60.0959320068, -10.0784215927, -29.0694503784, -40.4169616699, -15.4231452942, -29.9508228302, 17.6711711884, 125.987205505, 6.4861536026, 3.45569610596], [-100.567237854, 52.8164405823, 19.5691223145, 24.6896629333, 14.8175821304, 12.7699918747, 8.73622131348, -8.08234596252, 17.4840545654, 12.9026374817, 6.4861536026, 89.1464920044, 32.712059021], [-114.091537476, 48.6885871887, 41.8988685608, 29.9917087555, 15.4734096527, -5.05529403687, -1.93728160858, 1.54298520088, 1.44791412354, -7.35701179504, 3.45569610596, 32.712059021, 83.8155975342]],
        "icov": [[0.000766383192968, 0.000914773670956, 0.000510623096488, 0.000232351536397, -4.15345857618e-005, -6.45274531053e-006, 6.91912355251e-005, -9.85769438557e-005, 0.000411897577578, -0.000497690984048, -0.000113292378956, 0.000101681172964, 9.83021018328e-005], [0.000914773670956, 0.00266106566414, 0.00148071022704, -0.000621024810243, -4.58382601209e-005, 0.000267692521447, -0.000202286450076, -0.000614613760263, 0.000753436237574, 0.000157500486239, -0.00105409626849, -0.000683372141793, -0.000476356566651], [0.000510623096488, 0.00148071022704, 0.0045928102918, 0.00027085156762, -0.00116004329175, 0.000503654533532, -0.0010125549743, -0.000143052224303, -0.000240451001446, 0.00175608450081, -0.00080622168025, -0.000629842106719, -0.00189678929746], [0.000232351536397, -0.000621024810243, 0.00027085156762, 0.00671801669523, -0.00168575206771, -0.00185242469888, 0.00102235679515, -0.000808564305771, -0.000595107732806, 0.00039959064452, 0.00287709129043, -0.000519947498105, -0.00149460684042], [-4.15345857618e-005, -4.58382601209e-005, -0.00116004329175, -0.00168575206771, 0.0073901261203, -0.00225027650595, 0.000716347654816, 0.000248387106694, -0.00046439297148, -0.000812786980532, -0.000472057843581, 0.000151925414684, -0.00043800190906], [-6.45274531053e-006, 0.000267692521447, 0.000503654533532, -0.00185242469888, -0.00225027650595, 0.0102257058024, -0.00379700958729, 0.00107293250039, -0.00128826440778, 0.000353125738911, -0.000212089842535, -0.000724129204173, 0.00151607790031], [6.91912355251e-005, -0.000202286450076, -0.0010125549743, 0.00102235679515, 0.000716347654816, -0.00379700958729, 0.0097349267453, -0.00559160299599, 0.00169229472522, -0.000998520408757, 0.00272819423117, -0.00153803208377, 0.000689627369866], [-9.85769438557e-005, -0.000614613760263, -0.000143052224303, -0.000808564305771, 0.000248387106694, 0.00107293250039, -0.00559160299599, 0.011011807248, -0.00120775680989, 0.000644131214358, -0.000856725207996, 0.00224671978503, -0.00049355707597], [0.000411897577578, 0.000753436237574, -0.000240451001446, -0.000595107732806, -0.00046439297148, -0.00128826440778, 0.00169229472522, -0.00120775680989, 0.00913124065846, -0.00267270486802, 0.00209043850191, -0.00157697289251, 0.000662479666062], [-0.000497690984048, 0.000157500486239, 0.00175608450081, 0.00039959064452, -0.000812786980532, 0.000353125738911, -0.000998520408757, 0.000644131214358, -0.00267270486802, 0.0100411819294, -0.00189619802404, -0.00170831277501, 1.90695700439e-005], [-0.000113292378956, -0.00105409626849, -0.00080622168025, 0.00287709129043, -0.000472057843581, -0.000212089842535, 0.00272819423117, -0.000856725207996, 0.00209043850191, -0.00189619802404, 0.011121025309, -0.00123235839419, -0.000195286120288], [0.000101681172964, -0.000683372141793, -0.000629842106719, -0.000519947498105, 0.000151925414684, -0.000724129204173, -0.00153803208377, 0.00224671978503, -0.00157697289251, -0.00170831277501, -0.00123235839419, 0.0149385100231, -0.00501453317702], [9.83021018328e-005, -0.000476356566651, -0.00189678929746, -0.00149460684042, -0.00043800190906, 0.00151607790031, 0.000689627369866, -0.00049355707597, 0.000662479666062, 1.90695700439e-005, -0.000195286120288, -0.00501453317702, 0.0159772001207]]
    },
    "spectral_contrast_coeffs": {
        "mean": [-0.533058941364, -0.669406712055, -0.74832290411, -0.749173641205, -0.766779065132, -0.742740929127],
        "var": [0.00629836181179, 0.00688399700448, 0.00298267183825, 0.00236462638713, 0.00161501544062, 0.00147028500214]
    },
    "spectral_contrast_valleys": {
        "mean": [-7.71803045273, -6.65008687973, -7.26201152802, -7.60780334473, -8.0057592392, -10.6609687805],
        "var": [0.545022070408, 0.551625669003, 0.461505293846, 0.575715959072, 0.720904648304, 1.17823052406]
    }
},
"metadata": {
    "audio_properties": {
        "analysis_sample_rate": 44100,
        "bit_rate": 128074,
        "equal_loudness": 0,
        "length": 45.0612258911,
        "lossless": 0,
        "replay_gain": -5.34568977356,
        "sample_rate": 44100,
        "codec": "mp3",
        "downmix": "mix",
        "md5_encoded": "79fa44662385c1e79dda22a074a189ef"
    },
    "tags": {
        "file_name": "1489.mp3"
    },
    "version": {
        "essentia": "2.1-beta2",
        "essentia_git_sha": "v2.1_beta2",
        "extractor": "music 1.0"
    }
},
"rhythm": {
    "beats_count": 107,
    "beats_loudness": {
        "mean": 0.0290940720588,
        "var": 0.000172470972757
    },
    "bpm": 144.007156372,
    "bpm_histogram_first_peak_bpm": {
        "mean": 144,
        "var": 0
    },
    "bpm_histogram_first_peak_spread": {
        "mean": 0.40816321969,
        "var": 0
    },
    "bpm_histogram_first_peak_weight": {
        "mean": 0.547169804573,
        "var": 0
    },
    "bpm_histogram_second_peak_bpm": {
        "mean": 133,
        "var": 0
    },
    "bpm_histogram_second_peak_spread": {
        "mean": 0.40000000596,
        "var": 0
    },
    "bpm_histogram_second_peak_weight": {
        "mean": 0.0283018872142,
        "var": 0
    },
    "danceability": 1.1091632843,
    "onset_rate": 4.03712892532,
    "beats_loudness_band_ratio": {
        "mean": [0.236871868372, 0.404113173485, 0.263621509075, 0.129738599062, 0.0579564422369, 0.0299947187304],
        "var": [0.0357254594564, 0.039750598371, 0.03835105896, 0.0141873778775, 0.00344527792186, 0.00271250400692]
    },
    "beats_position": [0.394739210606, 0.789478421211, 1.18421769142, 1.59056687355, 1.99691605568, 2.40326523781, 2.80961441994, 3.22757363319, 3.64553284645, 4.06349182129, 4.49306106567, 4.91102027893, 5.31736946106, 5.73532867432, 6.1648979187, 6.59446716309, 7.01242637634, 7.4303855896, 7.84834432602, 8.26630401611, 8.68426322937, 9.11383247375, 9.54340076447, 9.96135997772, 10.379319191, 10.7972784042, 11.2152376175, 11.6331968307, 12.051156044, 12.4691152573, 12.8986845016, 13.328253746, 13.7462129593, 14.1757822037, 14.6053514481, 15.0233106613, 15.4412698746, 15.8592290878, 16.2887973785, 16.7183666229, 17.1363258362, 17.5542850494, 17.9722442627, 18.390203476, 18.8081626892, 19.2145118713, 19.6208610535, 20.0388202667, 20.4451694489, 20.851518631, 21.2694778442, 21.6642169952, 22.0705661774, 22.4885253906, 22.8948745728, 23.312833786, 23.7307929993, 24.1487522125, 24.5667114258, 24.984670639, 25.4026298523, 25.8205890656, 26.2269382477, 26.6332874298, 27.0512466431, 27.4575958252, 27.8639450073, 28.2819042206, 28.6882534027, 29.0946025848, 29.5125617981, 29.9189109802, 30.3368701935, 30.7432193756, 31.1495685577, 31.567527771, 31.9738769531, 32.3802261353, 32.7865753174, 33.204536438, 33.6224937439, 34.0404510498, 34.4700202942, 34.9112014771, 35.3639907837, 35.8167800903, 36.269569397, 36.7107467651, 37.1287078857, 37.5466651917, 37.9646263123, 38.3825836182, 38.8005447388, 39.2301139832, 39.6596832275, 40.0660324097, 40.4723815918, 40.8903388977, 41.3083000183, 41.7262573242, 42.1442184448, 42.5621757507, 42.9801368713, 43.3980941772, 43.8160552979, 44.2340126038, 44.6635818481]
},
"tonal": {
    "chords_changes_rate": 0.0534979440272,
    "chords_number_rate": 0.0102880662307,
    "chords_strength": {
        "mean": 0.552243471146,
        "var": 0.0109843760729
    },
    "hpcp_entropy": {
        "mean": 1.73165261745,
        "var": 0.507133841515
    },
    "key_strength": 0.873033165932,
    "tuning_diatonic_strength": 0.740922033787,
    "tuning_equal_tempered_deviation": 0.04617555812,
    "tuning_frequency": 441.272583008,
    "tuning_nontempered_energy_ratio": 0.691568732262,
    "hpcp": {
        "mean": [0.23961161077, 0.141792491078, 0.0537920333445, 0.0544713884592, 0.0899123325944, 0.13965523243, 0.145299300551, 0.119298882782, 0.146898701787, 0.131559461355, 0.0679794922471, 0.0583803914487, 0.0749381706119, 0.127389416099, 0.269380807877, 0.307596623898, 0.152713879943, 0.043618619442, 0.0287642721087, 0.056057471782, 0.15150244534, 0.184109777212, 0.0968828126788, 0.0405017882586, 0.03516715765, 0.0515387319028, 0.0928050354123, 0.0945135131478, 0.0983378738165, 0.268717586994, 0.386578321457, 0.232595294714, 0.0756639838219, 0.0442184023559, 0.0751477852464, 0.185360968113],
        "var": [0.115936212242, 0.0487834252417, 0.0192882418633, 0.0201413463801, 0.0441456846893, 0.070128403604, 0.0745568051934, 0.0433678105474, 0.0726938918233, 0.0641027763486, 0.0187876466662, 0.0126123744994, 0.0240645576268, 0.0506224259734, 0.0979943051934, 0.0967210903764, 0.0351138040423, 0.0104011287913, 0.00663964916021, 0.0179977193475, 0.0600267462432, 0.0701713785529, 0.0244614761323, 0.00952155794948, 0.00783701613545, 0.0147274760529, 0.026715317741, 0.0255692284554, 0.025178860873, 0.0864343345165, 0.158543288708, 0.0801708325744, 0.0226454697549, 0.0117562683299, 0.0232117138803, 0.0755251422524]
    },
    "chords_histogram": [36.2139930725, 2.77777767181, 19.1358032227, 0, 2.98353910446, 0, 0, 0.720164597034, 0.102880656719, 0, 4.32098770142, 0, 4.21810722351, 0, 0, 0, 0, 5.96707820892, 0, 0, 0, 4.42386817932, 16.1522636414, 2.98353910446],
    "thpcp": [1, 0.601677000523, 0.195727437735, 0.114384070039, 0.194392129779, 0.479491353035, 0.619826793671, 0.36678853631, 0.13914911449, 0.140906468034, 0.232585042715, 0.361259877682, 0.37585991621, 0.30860209465, 0.379997253418, 0.340317755938, 0.175849214196, 0.151018276811, 0.193849906325, 0.32953068614, 0.696833729744, 0.79569029808, 0.395039945841, 0.112832553685, 0.0744073614478, 0.145009353757, 0.391906201839, 0.476254791021, 0.250616252422, 0.104769945145, 0.0909703299403, 0.13332028687, 0.240067869425, 0.24448736012, 0.254380196333, 0.695118069649],
    "chords_key": "G",
    "chords_scale": "major",
    "key_key": "G",
    "key_scale": "major"
}
}