{
"lowlevel": {
    "average_loudness": 0.75534760952,
    "barkbands_crest": {
        "mean": 10.6090679169,
        "var": 14.9322099686
    },
    "barkbands_flatness_db": {
        "mean": 0.24361923337,
        "var": 0.00235702446662
    },
    "barkbands_kurtosis": {
        "mean": 5.42846250534,
        "var": 57.647315979
    },
    "barkbands_skewness": {
        "mean": 1.47982859612,
        "var": 1.09095430374
    },
    "barkbands_spread": {
        "mean": 7.08312082291,
        "var": 43.5247840881
    },
    "dissonance": {
        "mean": 0.376062989235,
        "var": 0.00257629598491
    },
    "dynamic_complexity": 3.391061306,
    "erbbands_crest": {
        "mean": 12.7053174973,
        "var": 32.1524734497
    },
    "erbbands_flatness_db": {
        "mean": 0.274757862091,
        "var": 0.00275107496418
    },
    "erbbands_kurtosis": {
        "mean": 2.25117135048,
        "var": 14.5803918839
    },
    "erbbands_skewness": {
        "mean": 0.813098192215,
        "var": 0.589331030846
    },
    "erbbands_spread": {
        "mean": 16.4943885803,
        "var": 199.769104004
    },
    "hfc": {
        "mean": 9.73296356201,
        "var": 101.809761047
    },
    "melbands_crest": {
        "mean": 14.7472734451,
        "var": 28.1251182556
    },
    "melbands_flatness_db": {
        "mean": 0.318288892508,
        "var": 0.00362192280591
    },
    "melbands_kurtosis": {
        "mean": 7.58928346634,
        "var": 150.019088745
    },
    "melbands_skewness": {
        "mean": 1.64321172237,
        "var": 1.63958871365
    },
    "melbands_spread": {
        "mean": 9.57814025879,
        "var": 49.527797699
    },
    "pitch_salience": {
        "mean": 0.54823410511,
        "var": 0.0147525677457
    },
    "silence_rate_20dB": {
        "mean": 1,
        "var": 0
    },
    "silence_rate_30dB": {
        "mean": 0.990731179714,
        "var": 0.00918281730264
    },
    "silence_rate_60dB": {
        "mean": 0.093202881515,
        "var": 0.0845156833529
    },
    "spectral_centroid": {
        "mean": 575.409606934,
        "var": 102761.273438
    },
    "spectral_complexity": {
        "mean": 10.3506698608,
        "var": 8.24313640594
    },
    "spectral_decrease": {
        "mean": -5.41624167738e-009,
        "var": 2.96362799261e-017
    },
    "spectral_energy": {
        "mean": 0.0213249418885,
        "var": 0.000456230744021
    },
    "spectral_energyband_high": {
        "mean": 6.63654718664e-005,
        "var": 9.10562647505e-008
    },
    "spectral_energyband_low": {
        "mean": 0.00298442644998,
        "var": 2.60181222984e-005
    },
    "spectral_energyband_middle_high": {
        "mean": 0.00223787943833,
        "var": 1.25667556858e-005
    },
    "spectral_energyband_middle_low": {
        "mean": 0.0184382740408,
        "var": 0.000393323105527
    },
    "spectral_entropy": {
        "mean": 6.42581272125,
        "var": 0.230069130659
    },
    "spectral_flux": {
        "mean": 0.0538741089404,
        "var": 0.00113366043661
    },
    "spectral_kurtosis": {
        "mean": 23.7049674988,
        "var": 475.188262939
    },
    "spectral_rms": {
        "mean": 0.0041053048335,
        "var": 3.95128608943e-006
    },
    "spectral_rolloff": {
        "mean": 767.500854492,
        "var": 551987.6875
    },
    "spectral_skewness": {
        "mean": 3.28640246391,
        "var": 2.02988529205
    },
    "spectral_spread": {
        "mean": 2392393.5,
        "var": 2.79004001075e+012
    },
    "spectral_strongpeak": {
        "mean": 1.18518280983,
        "var": 1.09398877621
    },
    "zerocrossingrate": {
        "mean": 0.0289330519736,
        "var": 0.00041551902541
    },
    "barkbands": {
        "mean": [6.24090807833e-006, 0.000195055559743, 0.000968964945059, 0.00297266570851, 0.00352445896715, 0.00464070029557, 0.00260247453116, 0.00281945429742, 0.000482874136651, 0.00158362800721, 0.000515724823344, 0.000475837761769, 0.000175868626684, 0.000127119448734, 8.86637571966e-005, 1.31210172185e-005, 2.81845041172e-005, 1.71917090483e-005, 1.30138550958e-005, 1.25949218273e-005, 1.267297921e-005, 1.80589395313e-005, 1.52156753757e-005, 1.16417058962e-005, 3.21492234434e-006, 3.17390743021e-007, 9.22883192089e-009],
        "var": [6.65161925539e-010, 1.9884980702e-006, 4.25699454354e-006, 1.98725592782e-005, 6.41045407974e-005, 5.68707182538e-005, 4.87787656311e-005, 4.172338231e-005, 7.47728847728e-007, 1.97106946871e-005, 3.01358704746e-006, 1.09884808808e-006, 5.16573912535e-008, 4.3273576722e-008, 1.4470622034e-008, 2.16992118718e-010, 2.93259594386e-009, 9.1141655334e-010, 5.56871215807e-010, 4.69208782938e-010, 1.32113664453e-009, 7.93355070527e-009, 9.91455717525e-009, 8.27546120519e-009, 5.32933031039e-010, 1.63200193377e-012, 1.36630766024e-015]
    },
    "erbbands": {
        "mean": [0.0042790574953, 0.0588248334825, 0.752723753452, 7.00785112381, 12.5538263321, 6.53761577606, 25.3875389099, 32.081401825, 52.2121429443, 20.1433734894, 77.4232940674, 18.1741542816, 64.5276565552, 21.1026515961, 10.9606084824, 24.2055282593, 10.322347641, 7.7893447876, 5.13022089005, 2.47914814949, 1.29835748672, 1.1175031662, 0.985889315605, 0.728143870831, 0.691497862339, 0.547636151314, 0.462204903364, 0.555222988129, 0.634481906891, 0.644744217396, 0.35126465559, 0.280512034893, 0.166085213423, 0.06568621099, 0.0086872279644, 0.00206888047978, 0.000486876262585, 5.71556593059e-005, 1.19319165606e-005, 2.41549114435e-005],
        "var": [0.00100509950425, 0.129434838891, 2.84961485863, 105.047584534, 1114.42944336, 178.065246582, 3465.52368164, 4141.18701172, 13586.1621094, 3566.30297852, 31391.5605469, 709.934204102, 32635.0292969, 4078.85424805, 414.544342041, 2877.26245117, 153.891525269, 132.694046021, 43.5277175903, 7.25634384155, 3.06225562096, 4.5337305069, 3.44392728806, 1.40462040901, 1.34943139553, 1.21760892868, 1.25659918785, 3.54557609558, 9.57841777802, 19.342634201, 4.70184087753, 4.59778642654, 1.69793653488, 0.232082635164, 0.00309557584114, 9.1285292001e-005, 2.97778569802e-006, 4.04425328782e-008, 1.55154056269e-010, 5.71065361665e-010]
    },
    "gfcc": {
        "mean": [-107.161819458, 171.014205933, -130.722366333, -13.2571182251, -68.2297210693, -10.7835006714, -31.2287197113, -16.1462306976, -23.0814990997, -8.6090669632, -14.9395313263, -14.5570316315, -11.1960124969],
        "cov": [[4237.49169922, -952.597473145, 120.498138428, 879.625976563, -822.684936523, 165.225601196, -101.542922974, -162.455718994, -160.209274292, 2.09574699402, 7.63022232056, -80.2129211426, -52.2565078735], [-952.597473145, 1120.61730957, -174.628860474, -532.945007324, 603.221252441, -311.859069824, 126.41229248, -6.61025619507, 63.573425293, -76.6360778809, 57.961101532, -43.9562797546, -5.1382317543], [120.498138428, -174.628860474, 659.481689453, 238.474182129, -171.856338501, 173.174819946, -94.6999511719, -7.21016359329, -41.4098854065, -38.7946968079, -56.2268753052, 11.9897422791, -42.1120567322], [879.625976563, -532.945007324, 238.474182129, 638.072509766, -270.559997559, 189.037399292, -39.0651054382, -35.2355728149, -43.2474060059, -6.57838010788, -26.2296676636, -11.5133743286, -23.091211319], [-822.684936523, 603.221252441, -171.856338501, -270.559997559, 539.576965332, -148.207046509, 68.112739563, 66.2972793579, 25.7758712769, -20.593547821, 5.96990871429, -13.1692676544, -11.6019048691], [165.225601196, -311.859069824, 173.174819946, 189.037399292, -148.207046509, 256.26739502, -29.4922733307, 10.8236532211, -6.39439725876, 5.20651197433, -38.55651474, 12.1064834595, -5.32367753983], [-101.542922974, 126.41229248, -94.6999511719, -39.0651054382, 68.112739563, -29.4922733307, 120.201438904, 16.6507148743, 18.1395893097, 1.66954398155, 9.11846065521, -8.82908821106, -10.7114849091], [-162.455718994, -6.61025619507, -7.21016359329, -35.2355728149, 66.2972793579, 10.8236532211, 16.6507148743, 131.788009644, 27.4407119751, 25.6790885925, 1.53480756283, 20.7274265289, -12.3735742569], [-160.209274292, 63.573425293, -41.4098854065, -43.2474060059, 25.7758712769, -6.39439725876, 18.1395893097, 27.4407119751, 100.078620911, 25.8482151031, 17.4818191528, 10.0248394012, 7.05153131485], [2.09574699402, -76.6360778809, -38.7946968079, -6.57838010788, -20.593547821, 5.20651197433, 1.66954398155, 25.6790885925, 25.8482151031, 89.6969070435, 22.3703231812, 17.5115146637, 14.3197612762], [7.63022232056, 57.961101532, -56.2268753052, -26.2296676636, 5.96990871429, -38.55651474, 9.11846065521, 1.53480756283, 17.4818191528, 22.3703231812, 94.6436080933, 28.66248703, 17.4042358398], [-80.2129211426, -43.9562797546, 11.9897422791, -11.5133743286, -13.1692676544, 12.1064834595, -8.82908821106, 20.7274265289, 10.0248394012, 17.5115146637, 28.66248703, 78.5566635132, 18.5127239227], [-52.2565078735, -5.1382317543, -42.1120567322, -23.091211319, -11.6019048691, -5.32367753983, -10.7114849091, -12.3735742569, 7.05153131485, 14.3197612762, 17.4042358398, 18.5127239227, 78.5926818848]],
        "icov": [[0.000526620540768, -0.00073331524618, 0.000518236833159, -0.000889425515197, 0.00124584475998, -6.78867436363e-005, 0.000579653424211, -0.000354689080268, 0.00085972744273, -0.000482764153276, 0.000140680844197, 0.000131892476929, 0.00046964926878], [-0.00073331524618, 0.00987307820469, -0.00390188209713, 0.00510578230023, -0.00902608688921, 0.00397001532838, -0.00573944998905, 0.00494004786015, -0.00544033572078, 0.00600210344419, -0.00547199184075, 0.00382181163877, -0.00179465697147], [0.000518236833159, -0.00390188209713, 0.00397848663852, -0.00264866510406, 0.00401730649173, -0.00235622213222, 0.00372386211529, -0.00209475192241, 0.00252980832011, -0.00152557692491, 0.0025800478179, -0.00204059178941, 0.00201452639885], [-0.000889425515197, 0.00510578230023, -0.00264866510406, 0.00563411274925, -0.00451156729832, 0.000607209687587, -0.003375176806, 0.00274124834687, -0.00270223291591, 0.00309285335243, -0.00298856780864, 0.00217128219083, -0.000845457601827], [0.00124584475998, -0.00902608688921, 0.00401730649173, -0.00451156729832, 0.0118439849466, -0.00240051629953, 0.0046389834024, -0.00594427902251, 0.00543233379722, -0.00449712993577, 0.00493527203798, -0.00261820130982, 0.00220330245793], [-6.78867436363e-005, 0.00397001532838, -0.00235622213222, 0.000607209687587, -0.00240051629953, 0.00806980859488, -0.00238854205236, 0.00094203063054, -0.00252505857497, 0.00196137279272, 3.2074196497e-005, 0.00057687133085, -0.00112846912816], [0.000579653424211, -0.00573944998905, 0.00372386211529, -0.003375176806, 0.0046389834024, -0.00238854205236, 0.013680643402, -0.00353885605, 0.00207763584331, -0.00301778083667, 0.00237260549329, -0.00122368894517, 0.00297054834664], [-0.000354689080268, 0.00494004786015, -0.00209475192241, 0.00274124834687, -0.00594427902251, 0.00094203063054, -0.00353885605, 0.0125266471878, -0.00434302352369, 0.000240472552832, -0.00183042872231, -0.000883898464963, 0.00140570173971], [0.00085972744273, -0.00544033572078, 0.00252980832011, -0.00270223291591, 0.00543233379722, -0.00252505857497, 0.00207763584331, -0.00434302352369, 0.0153041966259, -0.00573487579823, 0.00139966455754, -0.00163221277762, 0.00075413583545], [-0.000482764153276, 0.00600210344419, -0.00152557692491, 0.00309285335243, -0.00449712993577, 0.00196137279272, -0.00301778083667, 0.000240472552832, -0.00573487579823, 0.0178382787853, -0.00543045438826, 0.00144601403736, -0.00261544436216], [0.000140680844197, -0.00547199184075, 0.0025800478179, -0.00298856780864, 0.00493527203798, 3.2074196497e-005, 0.00237260549329, -0.00183042872231, 0.00139966455754, -0.00543045438826, 0.0174387432635, -0.00745313428342, -0.000236231644521], [0.000131892476929, 0.00382181163877, -0.00204059178941, 0.00217128219083, -0.00261820130982, 0.00057687133085, -0.00122368894517, -0.000883898464963, -0.00163221277762, 0.00144601403736, -0.00745313428342, 0.0186620187014, -0.00363369216211], [0.00046964926878, -0.00179465697147, 0.00201452639885, -0.000845457601827, 0.00220330245793, -0.00112846912816, 0.00297054834664, 0.00140570173971, 0.00075413583545, -0.00261544436216, -0.000236231644521, -0.00363369216211, 0.0159419067204]]
    },
    "melbands": {
        "mean": [4.57848000224e-005, 0.000274688121863, 0.00135418504942, 0.000657774799038, 0.000711427885108, 0.000830291653983, 0.000765466422308, 0.000233427126659, 0.000580850755796, 9.18954756344e-005, 0.000315106328344, 7.31751788408e-005, 5.10805330123e-005, 5.38001186214e-005, 3.10867180815e-005, 2.10735906876e-005, 1.44318801176e-005, 7.73012197897e-006, 5.92969763602e-006, 1.47733669564e-006, 1.70000612343e-006, 1.32847947043e-006, 9.52754135142e-007, 7.87289479831e-007, 5.58379440463e-007, 5.01319618706e-007, 4.83069925394e-007, 3.34852671813e-007, 2.60838476152e-007, 3.02165233279e-007, 3.37647065862e-007, 3.56441262284e-007, 3.55797396878e-007, 3.69195248595e-007, 2.04792911518e-007, 1.71224954215e-007, 1.70965691382e-007, 1.19302896451e-007, 8.97116478882e-008, 4.28587085821e-008],
        "var": [1.15038027104e-007, 5.28543864675e-007, 4.41296742792e-006, 3.03294518744e-006, 3.09205415761e-006, 2.65636185759e-006, 2.96917642117e-006, 3.35008678576e-007, 1.81248469744e-006, 2.50334810659e-008, 7.96540689407e-007, 5.63679023458e-008, 1.81322228343e-008, 1.27145680651e-008, 4.18129930679e-009, 7.22664594832e-010, 6.23012696988e-010, 1.00855691854e-010, 6.0335673957e-011, 2.50159073144e-012, 7.91706110392e-012, 6.44735089969e-012, 6.25875002866e-012, 1.93203786303e-012, 9.47352331131e-013, 9.51956504076e-013, 6.34742909275e-013, 7.99800004871e-013, 3.74139467237e-013, 7.81781323705e-013, 1.50129724191e-012, 2.88615095365e-012, 4.09253230263e-012, 8.1807113167e-012, 1.70705843124e-012, 1.56188018248e-012, 1.91470038609e-012, 9.44680206456e-013, 4.24802933715e-013, 1.10263191535e-013]
    },
    "mfcc": {
        "mean": [-745.823547363, 201.336502075, -9.56574630737, -2.62417817116, -20.5948448181, -3.84769558907, -10.1263713837, -12.362112999, -9.28439044952, -7.50654840469, -4.32039546967, -6.39281463623, -7.50673770905],
        "cov": [[3264.0847168, -959.009033203, 218.040542603, 546.050048828, -468.921600342, 176.808639526, -18.6951274872, -125.635826111, -154.180755615, -51.3727226257, 7.10899019241, -86.52003479, -117.402481079], [-959.009033203, 1380.14196777, -505.423980713, -174.786010742, 238.166229248, -208.410430908, 72.3536453247, 5.49728679657, 5.75094652176, -13.4090709686, 29.8928642273, 43.877822876, 46.5504074097], [218.040542603, -505.423980713, 806.73260498, 74.6436309814, -53.299118042, 155.361282349, -73.2645797729, 49.2744178772, -22.0166492462, -9.20000648499, -28.9107913971, -49.0149612427, -31.8478813171], [546.050048828, -174.786010742, 74.6436309814, 369.526153564, -33.9050827026, 54.7212219238, 32.0958595276, -1.09009647369, -31.8754692078, -3.39875841141, 18.1291275024, -26.1991138458, -27.4755687714], [-468.921600342, 238.166229248, -53.299118042, -33.9050827026, 270.51473999, -22.4009456635, 25.9104919434, 49.2030410767, 37.6263160706, 19.3456535339, -12.1914825439, 25.1914730072, 19.4603939056], [176.808639526, -208.410430908, 155.361282349, 54.7212219238, -22.4009456635, 166.566421509, 4.08764076233, 9.62125587463, 5.2996468544, 10.0316047668, -14.3834066391, -33.3436203003, -5.20389652252], [-18.6951274872, 72.3536453247, -73.2645797729, 32.0958595276, 25.9104919434, 4.08764076233, 109.059532166, 16.8111934662, 0.480218112469, 8.5703792572, 9.79995918274, -0.89820754528, -2.825953722], [-125.635826111, 5.49728679657, 49.2744178772, -1.09009647369, 49.2030410767, 9.62125587463, 16.8111934662, 119.046485901, 13.2041606903, 9.74280929565, 23.35912323, 6.95191049576, 1.06823527813], [-154.180755615, 5.75094652176, -22.0166492462, -31.8754692078, 37.6263160706, 5.2996468544, 0.480218112469, 13.2041606903, 103.989578247, 30.7625179291, -5.47526073456, 25.3527927399, 6.92411375046], [-51.3727226257, -13.4090709686, -9.20000648499, -3.39875841141, 19.3456535339, 10.0316047668, 8.5703792572, 9.74280929565, 30.7625179291, 74.285949707, 19.0853462219, 9.05765724182, 10.4380865097], [7.10899019241, 29.8928642273, -28.9107913971, 18.1291275024, -12.1914825439, -14.3834066391, 9.79995918274, 23.35912323, -5.47526073456, 19.0853462219, 84.7987518311, 16.3586101532, 5.59529781342], [-86.52003479, 43.877822876, -49.0149612427, -26.1991138458, 25.1914730072, -33.3436203003, -0.89820754528, 6.95191049576, 25.3527927399, 9.05765724182, 16.3586101532, 119.369895935, 45.2262573242], [-117.402481079, 46.5504074097, -31.8478813171, -27.4755687714, 19.4603939056, -5.20389652252, -2.825953722, 1.06823527813, 6.92411375046, 10.4380865097, 5.59529781342, 45.2262573242, 69.8185958862]],
        "icov": [[0.000650206988212, 0.000232537349802, 0.000151400876348, -0.000713946006726, 0.000696516770404, -0.000282641412923, 7.74464715505e-005, 0.000266377202934, 0.000535468163434, -8.3786489995e-006, 9.33680930757e-005, -0.00032645414467, 0.000662396545522], [0.000232537349802, 0.00138874957338, 0.000540734035894, 0.000116983181215, -0.000759395305067, 0.000810703728348, -0.000449795770692, 0.000263003137661, 0.000366898806533, 0.000563516688999, -0.00048949290067, 0.000328837544657, -0.000286768859951], [0.000151400876348, 0.000540734035894, 0.00202968576923, -0.000221023059567, -2.2406984499e-005, -0.00126519973855, 0.00125986954663, -0.000946312269662, 0.000697217998095, 0.0001213245705, 0.000417178729549, -3.4534768929e-005, 0.000611997791566], [-0.000713946006726, 0.000116983181215, -0.000221023059567, 0.00405608862638, -0.000962191494182, -0.000378040742362, -0.00122699711937, 0.000123636345961, 0.000273967307294, 0.000217359483941, -0.0011252455879, 0.000310676638037, 0.000234564300627], [0.000696516770404, -0.000759395305067, -2.2406984499e-005, -0.000962191494182, 0.00613189628348, -0.000296829908621, -0.00035948707955, -0.00191653764341, -0.00049449049402, -0.00125122792087, 0.00221510860138, -0.000885482120793, 0.000204349547857], [-0.000282641412923, 0.000810703728348, -0.00126519973855, -0.000378040742362, -0.000296829908621, 0.00928820297122, -0.00161307607777, -0.000316542253131, -0.00138346268795, -0.000804180279374, 0.00092194165336, 0.00279121962376, -0.00265162694268], [7.74464715505e-005, -0.000449795770692, 0.00125986954663, -0.00122699711937, -0.00035948707955, -0.00161307607777, 0.0112165817991, -0.00171126623172, 0.000714925059583, -0.0011151965009, -4.21720724262e-005, -0.000254830141785, 0.00124638201669], [0.000266377202934, 0.000263003137661, -0.000946312269662, 0.000123636345961, -0.00191653764341, -0.000316542253131, -0.00171126623172, 0.0109129231423, -0.000860509346239, 0.000708345731255, -0.00382351339795, -0.000152194130351, 0.000548371579498], [0.000535468163434, 0.000366898806533, 0.000697217998095, 0.000273967307294, -0.00049449049402, -0.00138346268795, 0.000714925059583, -0.000860509346239, 0.0132794873789, -0.00517845060676, 0.00235355133191, -0.00336445798166, 0.00260645360686], [-8.3786489995e-006, 0.000563516688999, 0.0001213245705, 0.000217359483941, -0.00125122792087, -0.000804180279374, -0.0011151965009, 0.000708345731255, -0.00517845060676, 0.0176815837622, -0.0049785268493, 0.00129401392769, -0.00258521432988], [9.33680930757e-005, -0.00048949290067, 0.000417178729549, -0.0011252455879, 0.00221510860138, 0.00092194165336, -4.21720724262e-005, -0.00382351339795, 0.00235355133191, -0.0049785268493, 0.015547838062, -0.00224102521315, 0.000455490517197], [-0.00032645414467, 0.000328837544657, -3.4534768929e-005, 0.000310676638037, -0.000885482120793, 0.00279121962376, -0.000254830141785, -0.000152194130351, -0.00336445798166, 0.00129401392769, -0.00224102521315, 0.0131610808894, -0.00842034630477], [0.000662396545522, -0.000286768859951, 0.000611997791566, 0.000234564300627, 0.000204349547857, -0.00265162694268, 0.00124638201669, 0.000548371579498, 0.00260645360686, -0.00258521432988, 0.000455490517197, -0.00842034630477, 0.0213327426463]]
    },
    "spectral_contrast_coeffs": {
        "mean": [-0.525616407394, -0.643045544624, -0.699873924255, -0.751173138618, -0.784479260445, -0.761443316936],
        "var": [0.00979137979448, 0.00578467268497, 0.0042099696584, 0.00210632081144, 0.00225809100084, 0.0019942491781]
    },
    "spectral_contrast_valleys": {
        "mean": [-8.60746192932, -6.88048028946, -7.74700832367, -8.72550010681, -9.44530963898, -12.3822622299],
        "var": [0.718528628349, 0.635951042175, 0.454690635204, 0.518138885498, 0.992481648922, 1.37665271759]
    }
},
"metadata": {
    "audio_properties": {
        "analysis_sample_rate": 44100,
        "bit_rate": 128074,
        "equal_loudness": 0,
        "length": 45.0612258911,
        "lossless": 0,
        "replay_gain": -6.34042739868,
        "sample_rate": 44100,
        "codec": "mp3",
        "downmix": "mix",
        "md5_encoded": "2af8b0cce0f28fd2b5769cb8fb2d9c8f"
    },
    "tags": {
        "file_name": "1490.mp3"
    },
    "version": {
        "essentia": "2.1-beta2",
        "essentia_git_sha": "v2.1_beta2",
        "extractor": "music 1.0"
    }
},
"rhythm": {
    "beats_count": 68,
    "beats_loudness": {
        "mean": 0.0320755951107,
        "var": 0.000639289966784
    },
    "bpm": 89.9406433105,
    "bpm_histogram_first_peak_bpm": {
        "mean": 91,
        "var": 0
    },
    "bpm_histogram_first_peak_spread": {
        "mean": 0.480769217014,
        "var": 0
    },
    "bpm_histogram_first_peak_weight": {
        "mean": 0.402985066175,
        "var": 0
    },
    "bpm_histogram_second_peak_bpm": {
        "mean": 96,
        "var": 0
    },
    "bpm_histogram_second_peak_spread": {
        "mean": 0.384615391493,
        "var": 0
    },
    "bpm_histogram_second_peak_weight": {
        "mean": 0.119402982295,
        "var": 0
    },
    "danceability": 1.05454158783,
    "onset_rate": 3.17202997208,
    "beats_loudness_band_ratio": {
        "mean": [0.266225814819, 0.362215667963, 0.384189546108, 0.123350776732, 0.0141738578677, 0.00205868249759],
        "var": [0.0486475154757, 0.040453247726, 0.0331245586276, 0.0107411080971, 0.000377852586098, 2.57375540968e-006]
    },
    "beats_position": [0.673378646374, 1.34675729275, 2.03174591064, 2.71673464775, 3.40172338486, 4.08671188354, 4.78331041336, 5.46829938889, 6.14167785645, 6.80344676971, 7.47682523727, 8.13859367371, 8.80036258698, 9.47374153137, 10.1471195221, 10.8088884354, 11.4822673798, 12.144036293, 12.8058052063, 13.4675731659, 14.1293420792, 14.7911109924, 15.4412698746, 16.0914287567, 16.7415866852, 17.4033565521, 18.0651245117, 18.7385025024, 19.4118824005, 20.0852603912, 20.758638382, 21.4087982178, 22.0589561462, 22.7323360443, 23.405714035, 24.0674819946, 24.7292518616, 25.3910198212, 26.0527877808, 26.7029476166, 27.3647155762, 28.0264854431, 28.6998634338, 29.3732414246, 30.0582313538, 30.7432193756, 31.4165973663, 32.0783653259, 32.7401351929, 33.3902931213, 34.0520629883, 34.7370529175, 35.4336509705, 36.0605888367, 36.6759185791, 37.3028564453, 37.9297943115, 38.545124054, 39.1604537964, 39.7757797241, 40.4143295288, 41.0528793335, 41.6798171997, 42.3067550659, 42.9336967468, 43.560634613, 44.164352417, 44.7912902832]
},
"tonal": {
    "chords_changes_rate": 0.037037037313,
    "chords_number_rate": 0.00514403311536,
    "chords_strength": {
        "mean": 0.668146848679,
        "var": 0.00237572542392
    },
    "hpcp_entropy": {
        "mean": 1.6452485323,
        "var": 0.448746979237
    },
    "key_strength": 0.849077641964,
    "tuning_diatonic_strength": 0.691523790359,
    "tuning_equal_tempered_deviation": 0.14543800056,
    "tuning_frequency": 442.03793335,
    "tuning_nontempered_energy_ratio": 0.824806153774,
    "hpcp": {
        "mean": [0.0622132644057, 0.044457744807, 0.12943418324, 0.178405284882, 0.0949089378119, 0.0511544346809, 0.0319164209068, 0.00834909267724, 0.00836730748415, 0.00834748428315, 0.00942824780941, 0.015068451874, 0.0349798835814, 0.120698258281, 0.429855912924, 0.51350158453, 0.268290579319, 0.207165926695, 0.143514066935, 0.031391710043, 0.0113926706836, 0.0107290251181, 0.0244609024376, 0.0586374178529, 0.0590199530125, 0.0285325460136, 0.0270768087357, 0.0538835041225, 0.15951821208, 0.440076768398, 0.461137413979, 0.177112653852, 0.0432063452899, 0.0171597115695, 0.0183334238827, 0.0523826777935],
        "var": [0.0149093708023, 0.00787687022239, 0.0505351684988, 0.0833321511745, 0.0234852731228, 0.00700756208971, 0.00266891391948, 0.000535473984201, 0.000766108511016, 0.000851403165143, 0.00226775975898, 0.00497292121872, 0.0173990800977, 0.0395831651986, 0.112382054329, 0.137950628996, 0.0621296465397, 0.108082838356, 0.0632620900869, 0.00560882734135, 0.00291821290739, 0.00189631641842, 0.00257739820518, 0.0139597570524, 0.0179471131414, 0.00548165896907, 0.0121050588787, 0.0259343571961, 0.0540726780891, 0.129073783755, 0.136005789042, 0.0513362698257, 0.0140136210248, 0.00390096427873, 0.00332589377649, 0.0126059614122]
    },
    "chords_histogram": [74.6913604736, 0, 0, 0, 0, 0, 0, 6.06995868683, 0, 1.13168728352, 6.68724298477, 0, 0, 0, 0, 0, 0, 11.1111106873, 0, 0, 0, 0, 0, 0.308641970158],
    "thpcp": [1, 0.52247273922, 0.403437763453, 0.279481261969, 0.0611326433718, 0.022186242044, 0.0208938494325, 0.0476354956627, 0.114191308618, 0.114936262369, 0.0555646680295, 0.0527297481894, 0.104933470488, 0.310647934675, 0.857011497021, 0.898025274277, 0.34491160512, 0.0841406285763, 0.033417057246, 0.0357027612627, 0.10201074183, 0.12115496397, 0.086577616632, 0.252061903477, 0.347428888083, 0.184826955199, 0.0996188446879, 0.0621544755995, 0.0162591375411, 0.0162946097553, 0.0162560045719, 0.0183606985956, 0.0293445084244, 0.0681203007698, 0.235049441457, 0.837107300758],
    "chords_key": "G",
    "chords_scale": "minor",
    "key_key": "G",
    "key_scale": "minor"
}
}