{
"lowlevel": {
    "average_loudness": 0.978912472725,
    "barkbands_crest": {
        "mean": 9.52448940277,
        "var": 16.9454364777
    },
    "barkbands_flatness_db": {
        "mean": 0.142962530255,
        "var": 0.00217918260023
    },
    "barkbands_kurtosis": {
        "mean": 3.19789004326,
        "var": 31.5546875
    },
    "barkbands_skewness": {
        "mean": 1.47111845016,
        "var": 1.07474064827
    },
    "barkbands_spread": {
        "mean": 18.2130317688,
        "var": 46.1938667297
    },
    "dissonance": {
        "mean": 0.468185216188,
        "var": 0.000459000264527
    },
    "dynamic_complexity": 1.3072617054,
    "erbbands_crest": {
        "mean": 9.85979747772,
        "var": 18.6197395325
    },
    "erbbands_flatness_db": {
        "mean": 0.162043109536,
        "var": 0.00260943593457
    },
    "erbbands_kurtosis": {
        "mean": 0.584275245667,
        "var": 2.00454139709
    },
    "erbbands_skewness": {
        "mean": -0.0627798363566,
        "var": 0.192875295877
    },
    "erbbands_spread": {
        "mean": 28.5479927063,
        "var": 106.229888916
    },
    "hfc": {
        "mean": 22.2959671021,
        "var": 116.852432251
    },
    "melbands_crest": {
        "mean": 14.1336946487,
        "var": 26.0080699921
    },
    "melbands_flatness_db": {
        "mean": 0.234486758709,
        "var": 0.00294704595581
    },
    "melbands_kurtosis": {
        "mean": 8.99558448792,
        "var": 142.423751831
    },
    "melbands_skewness": {
        "mean": 2.38138103485,
        "var": 1.80036723614
    },
    "melbands_spread": {
        "mean": 19.7005500793,
        "var": 106.863044739
    },
    "pitch_salience": {
        "mean": 0.535987436771,
        "var": 0.0115461526439
    },
    "silence_rate_20dB": {
        "mean": 1,
        "var": 0
    },
    "silence_rate_30dB": {
        "mean": 0.923274993896,
        "var": 0.0708400756121
    },
    "silence_rate_60dB": {
        "mean": 0.00102986616548,
        "var": 0.00102881784551
    },
    "spectral_centroid": {
        "mean": 1014.24243164,
        "var": 113757.132813
    },
    "spectral_complexity": {
        "mean": 21.8414001465,
        "var": 28.4670791626
    },
    "spectral_decrease": {
        "mean": -1.29729134102e-008,
        "var": 9.79352000586e-017
    },
    "spectral_energy": {
        "mean": 0.0509850941598,
        "var": 0.00143525190651
    },
    "spectral_energyband_high": {
        "mean": 0.000352227158146,
        "var": 1.81968232482e-007
    },
    "spectral_energyband_low": {
        "mean": 0.0282464046031,
        "var": 0.00105334003456
    },
    "spectral_energyband_middle_high": {
        "mean": 0.00839872006327,
        "var": 2.34455965256e-005
    },
    "spectral_energyband_middle_low": {
        "mean": 0.0179941896349,
        "var": 0.000267131516011
    },
    "spectral_entropy": {
        "mean": 7.43666696548,
        "var": 0.091392993927
    },
    "spectral_flux": {
        "mean": 0.131282031536,
        "var": 0.00456165662035
    },
    "spectral_kurtosis": {
        "mean": 7.41338205338,
        "var": 12.7124252319
    },
    "spectral_rms": {
        "mean": 0.00664321752265,
        "var": 5.60924490856e-006
    },
    "spectral_rolloff": {
        "mean": 989.706054688,
        "var": 427399.1875
    },
    "spectral_skewness": {
        "mean": 2.00964999199,
        "var": 0.133492261171
    },
    "spectral_spread": {
        "mean": 3972245.25,
        "var": 2.96818101453e+012
    },
    "spectral_strongpeak": {
        "mean": 0.87611502409,
        "var": 1.35210800171
    },
    "zerocrossingrate": {
        "mean": 0.0441839210689,
        "var": 0.000360573321814
    },
    "barkbands": {
        "mean": [0.0014899749076, 0.0163486022502, 0.00647218665108, 0.00684786168858, 0.00461419252679, 0.00214355159551, 0.00167134392541, 0.00192634551786, 0.000670368492138, 0.000604790169746, 0.00135271332692, 0.00184564397205, 0.0018494813703, 0.00123269320466, 0.000155833811732, 0.000528646341991, 0.000372957292711, 0.000211268430576, 0.000246801209869, 8.01638962002e-005, 7.43638738641e-005, 5.87195681874e-005, 3.39929902111e-005, 3.11187213811e-005, 5.78200051677e-005, 5.66880917177e-005, 6.93681295161e-006],
        "var": [1.02216990854e-005, 0.000525359995663, 7.56543959142e-005, 8.59352658154e-005, 4.80026719742e-005, 4.89992726216e-006, 4.60698129245e-006, 5.0828421081e-006, 2.05453989111e-006, 7.70434780861e-007, 4.42394184574e-006, 6.4261762418e-006, 3.94340167986e-006, 1.60212505307e-006, 2.40162840726e-008, 1.95918786972e-007, 1.01454489254e-007, 8.47578505159e-008, 6.52480309782e-008, 7.82987008563e-009, 8.87839757269e-009, 6.77695544127e-009, 2.1235604386e-009, 1.70051539516e-009, 6.01649619014e-009, 5.96612981241e-009, 1.4495382672e-010]
    },
    "erbbands": {
        "mean": [0.521829128265, 3.44799947739, 7.31889724731, 17.7253494263, 19.2274360657, 12.8852701187, 15.2245140076, 17.8189640045, 24.8776836395, 25.9899597168, 41.3596382141, 19.3300056458, 13.7511091232, 24.3049945831, 74.8541564941, 85.8453903198, 85.7721939087, 76.5338592529, 19.2648010254, 19.6068572998, 26.3095397949, 17.7135791779, 13.5416383743, 13.548456192, 9.46242332458, 3.80689930916, 2.96463727951, 2.94053411484, 1.97051072121, 1.66984272003, 0.935983777046, 0.671295940876, 0.558256030083, 0.527880012989, 0.478522330523, 0.247033566236, 0.0999656766653, 0.0235796272755, 0.000716745678801, 7.35281282687e-005],
        "var": [0.828406274319, 21.6956615448, 79.6906280518, 535.176330566, 983.045898438, 272.755371094, 384.970672607, 408.395141602, 1010.11767578, 805.8515625, 2894.45336914, 1648.35461426, 582.466918945, 772.36126709, 11186.0566406, 13548.8662109, 8921.59863281, 5542.33789063, 340.53616333, 247.643096924, 472.583129883, 163.650588989, 247.30770874, 221.391113281, 86.4027938843, 16.0051288605, 14.5310525894, 13.6864376068, 8.08486175537, 5.57051753998, 1.61593914032, 0.833610057831, 0.5352678895, 0.473474651575, 0.449686914682, 0.114877544343, 0.019018098712, 0.00116857164539, 1.36850860599e-006, 2.61543142699e-009]
    },
    "gfcc": {
        "mean": [27.0124263763, 118.780387878, -113.534141541, 19.179933548, -30.8383464813, 16.2582416534, -31.686378479, 5.23365926743, -27.2210063934, 8.58155918121, -10.8377103806, 3.96390509605, -20.178981781],
        "cov": [[3214.23193359, -1508.64147949, 879.67388916, 2.85212635994, -258.42489624, 405.77142334, -346.222869873, 284.777587891, -279.992523193, 255.420272827, -261.070007324, 173.768875122, -252.304351807], [-1508.64147949, 1895.38464355, -853.328308105, 115.870300293, 184.102783203, -405.082244873, 343.08493042, -353.439422607, 270.691436768, -315.137420654, 274.837890625, -205.509078979, 265.728790283], [879.67388916, -853.328308105, 843.994140625, -8.81397438049, -56.8753128052, 290.774291992, -189.102127075, 197.875549316, -121.052337646, 177.737350464, -158.146820068, 94.8587036133, -136.045913696], [2.85212635994, 115.870300293, -8.81397438049, 130.97833252, 38.74659729, 8.41446971893, 53.4253921509, -39.5531196594, 43.4068336487, -19.5434532166, 23.5439758301, -20.1329650879, 24.4615840912], [-258.42489624, 184.102783203, -56.8753128052, 38.74659729, 195.091079712, 7.60194683075, 72.9518432617, -7.66563367844, 44.8623008728, 4.5084605217, 43.7161712646, -13.1689739227, 11.863284111], [405.77142334, -405.082244873, 290.774291992, 8.41446971893, 7.60194683075, 193.534286499, -50.4196777344, 83.5470657349, -52.7704429626, 83.3752746582, -51.1007919312, 49.637878418, -54.3969917297], [-346.222869873, 343.08493042, -189.102127075, 53.4253921509, 72.9518432617, -50.4196777344, 149.148254395, -54.7415618896, 69.0076446533, -55.7038040161, 70.1062164307, -30.2391109467, 59.5049591064], [284.777587891, -353.439422607, 197.875549316, -39.5531196594, -7.66563367844, 83.5470657349, -54.7415618896, 146.218261719, -29.666557312, 79.4277114868, -54.9999504089, 42.1509628296, -56.1359176636], [-279.992523193, 270.691436768, -121.052337646, 43.4068336487, 44.8623008728, -52.7704429626, 69.0076446533, -29.666557312, 103.19506073, -17.9234294891, 46.4530677795, -32.1803627014, 46.0981369019], [255.420272827, -315.137420654, 177.737350464, -19.5434532166, 4.5084605217, 83.3752746582, -55.7038040161, 79.4277114868, -17.9234294891, 113.144500732, -25.626411438, 41.5131530762, -51.0470275879], [-261.070007324, 274.837890625, -158.146820068, 23.5439758301, 43.7161712646, -51.1007919312, 70.1062164307, -54.9999504089, 46.4530677795, -25.626411438, 93.1657562256, -10.422170639, 46.1107788086], [173.768875122, -205.509078979, 94.8587036133, -20.1329650879, -13.1689739227, 49.637878418, -30.2391109467, 42.1509628296, -32.1803627014, 41.5131530762, -10.422170639, 67.9442977905, -6.34736919403], [-252.304351807, 265.728790283, -136.045913696, 24.4615840912, 11.863284111, -54.3969917297, 59.5049591064, -56.1359176636, 46.0981369019, -51.0470275879, 46.1107788086, -6.34736919403, 84.3107299805]],
        "icov": [[0.000725819030777, -0.000429283507401, 0.00020485384448, -0.00128375075292, 0.000904946762603, -0.000792703649495, 0.000517431122717, -0.000590751937125, 0.00115319318138, -0.000844808819238, 0.000883871980477, -0.00116751517635, 0.00111744052265], [-0.000429283507401, 0.00545582920313, -0.0013666836312, 0.00295672332868, -0.00298437918536, 0.00368079240434, -0.00132952758577, 0.00297259096988, -0.00472174957395, 0.00623230077326, -0.00671982392669, 0.0071139652282, -0.00526519026607], [0.00020485384448, -0.0013666836312, 0.00420292187482, -0.00242693931796, 0.00104264728725, -0.00431241514161, 0.00236994237639, -0.00202115811408, 0.00160519301426, -0.00289811450057, 0.00391935184598, -0.00231021642685, 0.00150930485688], [-0.00128375075292, 0.00295672332868, -0.00242693931796, 0.0151738263667, -0.00313489255495, 0.000224247443839, -0.00420473376289, 0.00624969182536, -0.00857532862574, 0.00538656627759, -0.00382929039188, 0.00534092308953, -0.00331823667511], [0.000904946762603, -0.00298437918536, 0.00104264728725, -0.00313489255495, 0.00945171993226, -0.00375739322044, -0.00201812107116, -0.002367898589, 0.00219299807213, -0.00495771272108, 0.0020937344525, -0.00370562216267, 0.00517490785569], [-0.000792703649495, 0.00368079240434, -0.00431241514161, 0.000224247443839, -0.00375739322044, 0.016926554963, -0.00448512798175, 0.00141872651875, 0.000917438708711, -0.000145651807543, -0.00342018180527, 0.00290817348287, -0.00393746141344], [0.000517431122717, -0.00132952758577, 0.00236994237639, -0.00420473376289, -0.00201812107116, -0.00448512798175, 0.0187588781118, -0.00384318432771, -0.00268622627482, 0.00445567257702, -0.00444590765983, -0.00106090516783, -0.00110726570711], [-0.000590751937125, 0.00297259096988, -0.00202115811408, 0.00624969182536, -0.002367898589, 0.00141872651875, -0.00384318432771, 0.0185464154929, -0.00765622407198, -0.000903126550838, 0.00255612190813, -0.00201388355345, 0.00218788557686], [0.00115319318138, -0.00472174957395, 0.00160519301426, -0.00857532862574, 0.00219299807213, 0.000917438708711, -0.00268622627482, -0.00765622407198, 0.0303946938366, -0.0162488650531, 0.00379136530682, 0.00548884551972, -0.00762450043112], [-0.000844808819238, 0.00623230077326, -0.00289811450057, 0.00538656627759, -0.00495771272108, -0.000145651807543, 0.00445567257702, -0.000903126550838, -0.0162488650531, 0.0341602340341, -0.0141665153205, -0.00187299610116, 0.00562122231349], [0.000883871980477, -0.00671982392669, 0.00391935184598, -0.00382929039188, 0.0020937344525, -0.00342018180527, -0.00444590765983, 0.00255612190813, 0.00379136530682, -0.0141665153205, 0.0335480049253, -0.0139231979847, 0.00355188082904], [-0.00116751517635, 0.0071139652282, -0.00231021642685, 0.00534092308953, -0.00370562216267, 0.00290817348287, -0.00106090516783, -0.00201388355345, 0.00548884551972, -0.00187299610116, -0.0139231979847, 0.0414431020617, -0.0227875504643], [0.00111744052265, -0.00526519026607, 0.00150930485688, -0.00331823667511, 0.00517490785569, -0.00393746141344, -0.00110726570711, 0.00218788557686, -0.00762450043112, 0.00562122231349, 0.00355188082904, -0.0227875504643, 0.0380815379322]]
    },
    "melbands": {
        "mean": [0.00468641147017, 0.00416055414826, 0.00310267764144, 0.00116231560241, 0.000505305652041, 0.000406870647566, 0.000370711350115, 0.000308237213176, 0.000307487236569, 0.000105850602267, 6.60591103951e-005, 9.03445688891e-005, 0.000205245014513, 0.000249191361945, 0.000187580706552, 0.000179988681339, 0.000139114985359, 3.48925495928e-005, 1.24886701087e-005, 3.96296782128e-005, 2.88642477244e-005, 1.81531850103e-005, 1.65448291227e-005, 1.0524658137e-005, 1.11158524305e-005, 8.05130366643e-006, 4.35771062257e-006, 2.07653192774e-006, 1.82627240974e-006, 1.74587364654e-006, 1.6885101104e-006, 1.14710394428e-006, 9.7562690371e-007, 8.41460462198e-007, 5.24794302237e-007, 4.86761734919e-007, 3.6286797922e-007, 3.92012054817e-007, 3.71286745349e-007, 4.71004625524e-007],
        "var": [5.06123469677e-005, 2.23141942115e-005, 1.46643833432e-005, 3.24086840919e-006, 3.6132038872e-007, 1.91820504369e-007, 2.18829541154e-007, 1.03925493988e-007, 1.61580359759e-007, 6.66259083459e-008, 1.45755647551e-008, 1.44085019471e-008, 8.77458461446e-008, 9.18769416103e-008, 4.6844899515e-008, 2.9065287066e-008, 2.32724062244e-008, 1.69684921669e-009, 1.4009808591e-010, 1.31344479737e-009, 7.57940155083e-010, 1.86614501629e-010, 3.38579470016e-010, 2.3542079397e-010, 1.61849797453e-010, 7.06936523209e-011, 2.1213900428e-011, 6.21482899865e-012, 6.14395947313e-012, 5.14304787994e-012, 4.67910779567e-012, 2.61376575765e-012, 2.48259637674e-012, 1.36138680624e-012, 5.50463646019e-013, 4.35729631629e-013, 2.61746543493e-013, 2.85637019679e-013, 2.20138658821e-013, 3.99654051172e-013]
    },
    "mfcc": {
        "mean": [-623.62286377, 158.5262146, -14.9358406067, 20.3012104034, 14.1401481628, 13.9421682358, 10.0312671661, 2.82295632362, -5.7299284935, -5.9789276123, 9.79619979858, 7.5207233429, 5.46621322632],
        "cov": [[2034.11010742, -938.130554199, 601.856750488, -168.832244873, 62.2388343811, 22.3282775879, 8.41310691833, 9.58941268921, -15.6944761276, 32.4756088257, -47.9519424438, 16.1203804016, -38.0963821411], [-938.130554199, 1188.5378418, -537.232666016, 238.551269531, -113.739685059, -1.14052069187, -23.7239265442, 8.76399612427, -21.1246356964, -50.6790733337, 9.2640914917, -55.7124900818, 9.53584671021], [601.856750488, -537.232666016, 637.609924316, -135.303344727, 105.306007385, 44.8378753662, 4.62645769119, 7.66671228409, 31.8329429626, 58.9029350281, -37.5389938354, 25.5893154144, -8.05497932434], [-168.832244873, 238.551269531, -135.303344727, 155.412857056, -11.3508634567, 28.4170131683, 0.391709059477, 10.0833559036, 9.38806247711, -6.60920143127, 22.5863342285, -2.84995245934, 3.95516109467], [62.2388343811, -113.739685059, 105.306007385, -11.3508634567, 134.170578003, 42.905254364, 31.6321048737, 8.71065330505, 19.9711723328, 28.6594200134, 21.8616790771, 29.9138031006, 9.96888446808], [22.3282775879, -1.14052069187, 44.8378753662, 28.4170131683, 42.905254364, 113.229316711, 37.2696304321, 7.40619754791, 11.6000595093, 6.28113794327, 2.26188158989, 15.5837450027, 16.568693161], [8.41310691833, -23.7239265442, 4.62645769119, 0.391709059477, 31.6321048737, 37.2696304321, 72.1852645874, 23.7319507599, 2.77360796928, 6.56557273865, 12.2109775543, 14.3990564346, 13.387389183], [9.58941268921, 8.76399612427, 7.66671228409, 10.0833559036, 8.71065330505, 7.40619754791, 23.7319507599, 51.439781189, 19.3244895935, 3.53265690804, 3.04889082909, 3.07811784744, 1.15673017502], [-15.6944761276, -21.1246356964, 31.8329429626, 9.38806247711, 19.9711723328, 11.6000595093, 2.77360796928, 19.3244895935, 57.4706306458, 23.5903949738, 4.6511387825, 9.03905677795, 6.43817806244], [32.4756088257, -50.6790733337, 58.9029350281, -6.60920143127, 28.6594200134, 6.28113794327, 6.56557273865, 3.53265690804, 23.5903949738, 56.8952064514, 22.712978363, 8.94150352478, 1.30138719082], [-47.9519424438, 9.2640914917, -37.5389938354, 22.5863342285, 21.8616790771, 2.26188158989, 12.2109775543, 3.04889082909, 4.6511387825, 22.712978363, 65.3721466064, 24.9779968262, 1.24950122833], [16.1203804016, -55.7124900818, 25.5893154144, -2.84995245934, 29.9138031006, 15.5837450027, 14.3990564346, 3.07811784744, 9.03905677795, 8.94150352478, 24.9779968262, 52.7260513306, 24.828622818], [-38.0963821411, 9.53584671021, -8.05497932434, 3.95516109467, 9.96888446808, 16.568693161, 13.387389183, 1.15673017502, 6.43817806244, 1.30138719082, 1.24950122833, 24.828622818, 53.8057975769]],
        "icov": [[0.000898178550415, 0.000631352711935, -0.000439429597463, -0.000413538917201, 0.000306692847516, -0.000152503387653, 0.000122860074043, -0.000572586606722, 0.000908799760509, -0.000188395628356, 0.000363053579349, -6.7838313953e-006, 0.000351055030478], [0.000631352711935, 0.00221809349023, 0.000807313772384, -0.00201847963035, 0.000424321275204, -0.00044648165931, 0.000750493025407, -0.00109004066326, 0.00120831478853, -0.000626985274721, 0.000802142196335, 0.0011314523872, -0.000451430270914], [-0.000439429597463, 0.000807313772384, 0.00381162646227, 0.00115988450125, -0.00148113362957, -0.00147837714758, 0.00168180209585, -0.00113314262126, 0.000159507602802, -0.00322713074274, 0.00326846214011, -0.00141666643322, 0.0010035072919], [-0.000413538917201, -0.00201847963035, 0.00115988450125, 0.0117457835004, -0.000101686440757, -0.00380132417195, 0.00221647392027, -0.0014074484352, -0.00270518707111, 0.00160098518245, -0.00432900059968, 0.000977090443484, -2.20399524551e-005], [0.000306692847516, 0.000424321275204, -0.00148113362957, -0.000101686440757, 0.0117774251848, -0.00242013880052, -0.00293787871487, 0.000739264709409, -0.00135595037136, -0.0017760891933, -0.0021556536667, -0.00297801848501, 0.000835416896734], [-0.000152503387653, -0.00044648165931, -0.00147837714758, -0.00380132417195, -0.00242013880052, 0.0138818081468, -0.00712828617543, 0.00335466535762, -0.00184784771409, 0.00122322665993, 0.00206523458473, -0.00107571866829, -0.00145563029218], [0.000122860074043, 0.000750493025407, 0.00168180209585, 0.00221647392027, -0.00293787871487, -0.00712828617543, 0.0239163078368, -0.0121983811259, 0.00585964042693, -0.00213435385376, -0.00210265931673, 2.33972004935e-005, -0.00351765146479], [-0.000572586606722, -0.00109004066326, -0.00113314262126, -0.0014074484352, 0.000739264709409, 0.00335466535762, -0.0121983811259, 0.0293551553041, -0.0119316047058, 0.00433707656339, -0.000715267378837, 0.000347370107193, 0.0021346998401], [0.000908799760509, 0.00120831478853, 0.000159507602802, -0.00270518707111, -0.00135595037136, -0.00184784771409, 0.00585964042693, -0.0119316047058, 0.0282745119184, -0.0121362302452, 0.0049955509603, -0.0033047106117, -0.00140986451879], [-0.000188395628356, -0.000626985274721, -0.00322713074274, 0.00160098518245, -0.0017760891933, 0.00122322665993, -0.00213435385376, 0.00433707656339, -0.0121362302452, 0.0310711506754, -0.0141077563167, 0.00657179160044, -0.00223714346066], [0.000363053579349, 0.000802142196335, 0.00326846214011, -0.00432900059968, -0.0021556536667, 0.00206523458473, -0.00210265931673, -0.000715267378837, 0.0049955509603, -0.0141077563167, 0.0306107513607, -0.0165341757238, 0.00788667798042], [-6.7838313953e-006, 0.0011314523872, -0.00141666643322, 0.000977090443484, -0.00297801848501, -0.00107571866829, 2.33972004935e-005, 0.000347370107193, -0.0033047106117, 0.00657179160044, -0.0165341757238, 0.0379431322217, -0.0165078900754], [0.000351055030478, -0.000451430270914, 0.0010035072919, -2.20399524551e-005, 0.000835416896734, -0.00145563029218, -0.00351765146479, 0.0021346998401, -0.00140986451879, -0.00223714346066, 0.00788667798042, -0.0165078900754, 0.0278457701206]]
    },
    "spectral_contrast_coeffs": {
        "mean": [-0.651915371418, -0.735873878002, -0.752600431442, -0.740009009838, -0.772014737129, -0.762819647789],
        "var": [0.00499699171633, 0.00298961857334, 0.00348376482725, 0.00211833883077, 0.00164153729565, 0.00155163218733]
    },
    "spectral_contrast_valleys": {
        "mean": [-6.46130895615, -6.24817037582, -6.89637804031, -7.25710058212, -7.58480548859, -10.4962644577],
        "var": [0.513919949532, 0.444559276104, 0.423406660557, 0.381356298923, 0.477112621069, 1.37256550789]
    }
},
"metadata": {
    "audio_properties": {
        "analysis_sample_rate": 44100,
        "bit_rate": 128074,
        "equal_loudness": 0,
        "length": 45.0612258911,
        "lossless": 0,
        "replay_gain": -3.77855110168,
        "sample_rate": 44100,
        "codec": "mp3",
        "downmix": "mix",
        "md5_encoded": "004a5cfbcd1cd98c4209c472d5da5704"
    },
    "tags": {
        "file_name": "1491.mp3"
    },
    "version": {
        "essentia": "2.1-beta2",
        "essentia_git_sha": "v2.1_beta2",
        "extractor": "music 1.0"
    }
},
"rhythm": {
    "beats_count": 106,
    "beats_loudness": {
        "mean": 0.0658254623413,
        "var": 0.000646286294796
    },
    "bpm": 120.935134888,
    "bpm_histogram_first_peak_bpm": {
        "mean": 120,
        "var": 0
    },
    "bpm_histogram_first_peak_spread": {
        "mean": 0.568627476692,
        "var": 0
    },
    "bpm_histogram_first_peak_weight": {
        "mean": 0.209523811936,
        "var": 0
    },
    "bpm_histogram_second_peak_bpm": {
        "mean": 178,
        "var": 0
    },
    "bpm_histogram_second_peak_spread": {
        "mean": 0,
        "var": 0
    },
    "bpm_histogram_second_peak_weight": {
        "mean": 0.209523811936,
        "var": 0
    },
    "danceability": 1.67403423786,
    "onset_rate": 4.5694975853,
    "beats_loudness_band_ratio": {
        "mean": [0.620620846748, 0.128150999546, 0.10563185811, 0.132011517882, 0.0341564118862, 0.0214631147683],
        "var": [0.0368627607822, 0.00716329412535, 0.00656890869141, 0.00852417014539, 0.000637305784039, 0.00040808680933]
    },
    "beats_position": [0.522448956966, 1.06811785698, 1.60217678547, 2.10140585899, 2.60063481331, 3.08825397491, 3.58748292923, 4.08671188354, 4.59755086899, 5.10838985443, 5.60761880875, 6.10684776306, 6.59446716309, 7.08208608627, 7.58131504059, 8.08054447174, 8.56816291809, 9.05578231812, 9.55501079559, 10.0542402267, 10.5534696579, 11.0410881042, 11.5287075043, 12.0163259506, 12.5155553818, 13.0147848129, 13.5140132904, 14.0016326904, 14.4892511368, 14.9768705368, 15.4644899368, 15.9521083832, 16.4397277832, 16.9273471832, 17.4149665833, 17.9258041382, 18.4018135071, 18.8894329071, 19.365442276, 19.853061676, 20.3406791687, 20.851518631, 21.3623580933, 21.8731975555, 22.3724250793, 22.8716545105, 23.3708839417, 23.8701133728, 24.369342804, 24.8685703278, 25.3561897278, 25.8554191589, 26.3546485901, 26.865486145, 27.353105545, 27.8639450073, 28.2354640961, 28.537322998, 28.8391838074, 29.1642627716, 29.500951767, 29.8608608246, 30.1975498199, 30.5226306915, 30.8593196869, 31.2076187134, 31.5559177399, 31.8926067352, 32.2292976379, 32.5775947571, 32.9142837524, 33.239364624, 33.5760536194, 33.9243545532, 34.2494316101, 34.5745124817, 34.8995895386, 35.2362823486, 35.572971344, 35.8980484009, 36.2347373962, 36.5714263916, 36.8965072632, 37.2331962585, 37.5698852539, 37.9181861877, 38.2432632446, 38.5683441162, 38.8818130493, 39.2185020447, 39.55519104, 39.8918800354, 40.216960907, 40.5536499023, 40.8903388977, 41.2270278931, 41.5637168884, 41.88879776, 42.2138786316, 42.550567627, 42.8872566223, 43.2123336792, 43.5374145508, 43.8624954224, 44.1875724792, 44.5358734131]
},
"tonal": {
    "chords_changes_rate": 0.0699588507414,
    "chords_number_rate": 0.00925925932825,
    "chords_strength": {
        "mean": 0.425391644239,
        "var": 0.00745154963806
    },
    "hpcp_entropy": {
        "mean": 2.06374835968,
        "var": 0.402752667665
    },
    "key_strength": 0.585271298885,
    "tuning_diatonic_strength": 0.426648616791,
    "tuning_equal_tempered_deviation": 0.232125803828,
    "tuning_frequency": 434.193115234,
    "tuning_nontempered_energy_ratio": 0.948597550392,
    "hpcp": {
        "mean": [0.190795227885, 0.189116686583, 0.120893716812, 0.105685666203, 0.123937495053, 0.105936512351, 0.0998734980822, 0.104730330408, 0.107221059501, 0.162251636386, 0.181227520108, 0.117882415652, 0.119906492531, 0.152768239379, 0.146015644073, 0.274726837873, 0.403883814812, 0.304806441069, 0.177241370082, 0.116223141551, 0.0902090221643, 0.143390029669, 0.163618445396, 0.172130987048, 0.228272631764, 0.16802187264, 0.08188495785, 0.121153883636, 0.138910219073, 0.116009145975, 0.148125201464, 0.162586644292, 0.141684517264, 0.127800777555, 0.126771822572, 0.145251959562],
        "var": [0.0770717561245, 0.0679752230644, 0.0381839163601, 0.039469435811, 0.0576622709632, 0.0471861585975, 0.0368918813765, 0.0383606925607, 0.0345069617033, 0.0496667549014, 0.070612937212, 0.0386674702168, 0.0340463072062, 0.0558234937489, 0.0449666231871, 0.0809847488999, 0.13776037097, 0.0921665281057, 0.0731157809496, 0.0490395203233, 0.0284907054156, 0.0526879578829, 0.0616321749985, 0.042512666434, 0.0827789977193, 0.0520129911602, 0.0212256200612, 0.0342675112188, 0.042783908546, 0.0382940582931, 0.0531195551157, 0.0630047023296, 0.0508819594979, 0.044608168304, 0.0455687604845, 0.0584516860545]
    },
    "chords_histogram": [16.6666660309, 2.05761313438, 6.79012346268, 12.1399173737, 0.411522626877, 20.267490387, 4.01234579086, 4.83539104462, 0, 0.411522626877, 0.102880656719, 0, 0, 0, 0, 0, 0, 0.102880656719, 0.102880656719, 0, 0.308641970158, 0, 18.5185184479, 13.271604538],
    "thpcp": [1, 0.754688441753, 0.438842475414, 0.287763804197, 0.223353892565, 0.355027914047, 0.405112653971, 0.426189363003, 0.565193831921, 0.416015356779, 0.202743843198, 0.299972116947, 0.343936085701, 0.287233948708, 0.366751998663, 0.402557969093, 0.350805133581, 0.316429555416, 0.313881903887, 0.359637975693, 0.47240126133, 0.468245267868, 0.299327969551, 0.26167345047, 0.306864231825, 0.262294530869, 0.247282743454, 0.259308069944, 0.265475004911, 0.401728481054, 0.448712021112, 0.291872084141, 0.296883642673, 0.378247976303, 0.361528843641, 0.680212557316],
    "chords_key": "G",
    "chords_scale": "major",
    "key_key": "D",
    "key_scale": "minor"
}
}