{
"lowlevel": {
    "average_loudness": 0.815709590912,
    "barkbands_crest": {
        "mean": 16.3905143738,
        "var": 40.1130332947
    },
    "barkbands_flatness_db": {
        "mean": 0.299790948629,
        "var": 0.00774300983176
    },
    "barkbands_kurtosis": {
        "mean": 44.7770690918,
        "var": 3662.63964844
    },
    "barkbands_skewness": {
        "mean": 4.33120059967,
        "var": 9.86060333252
    },
    "barkbands_spread": {
        "mean": 8.48968029022,
        "var": 127.283317566
    },
    "dissonance": {
        "mean": 0.42973023653,
        "var": 0.00187437387649
    },
    "dynamic_complexity": 3.75241065025,
    "erbbands_crest": {
        "mean": 12.3674268723,
        "var": 17.3695526123
    },
    "erbbands_flatness_db": {
        "mean": 0.24741089344,
        "var": 0.00207330868579
    },
    "erbbands_kurtosis": {
        "mean": 3.45837140083,
        "var": 48.2729187012
    },
    "erbbands_skewness": {
        "mean": 1.13485682011,
        "var": 2.08518052101
    },
    "erbbands_spread": {
        "mean": 35.1339988708,
        "var": 578.478820801
    },
    "hfc": {
        "mean": 12.3028001785,
        "var": 290.81640625
    },
    "melbands_crest": {
        "mean": 20.9639091492,
        "var": 48.9026832581
    },
    "melbands_flatness_db": {
        "mean": 0.39846393466,
        "var": 0.0129232397303
    },
    "melbands_kurtosis": {
        "mean": 64.8978729248,
        "var": 4965.36621094
    },
    "melbands_skewness": {
        "mean": 5.15765619278,
        "var": 10.3866071701
    },
    "melbands_spread": {
        "mean": 8.56882190704,
        "var": 198.055480957
    },
    "pitch_salience": {
        "mean": 0.39065772295,
        "var": 0.0347852557898
    },
    "silence_rate_20dB": {
        "mean": 1,
        "var": 0
    },
    "silence_rate_30dB": {
        "mean": 0.934603512287,
        "var": 0.0611220039427
    },
    "silence_rate_60dB": {
        "mean": 0.0581874363124,
        "var": 0.0548025667667
    },
    "spectral_centroid": {
        "mean": 648.119873047,
        "var": 422804.46875
    },
    "spectral_complexity": {
        "mean": 9.19412994385,
        "var": 39.8927650452
    },
    "spectral_decrease": {
        "mean": -1.04137782841e-008,
        "var": 9.47065354568e-017
    },
    "spectral_energy": {
        "mean": 0.0404197722673,
        "var": 0.00141642370727
    },
    "spectral_energyband_high": {
        "mean": 0.00028359357384,
        "var": 1.10533892439e-006
    },
    "spectral_energyband_low": {
        "mean": 0.0289219822735,
        "var": 0.00114913831931
    },
    "spectral_energyband_middle_high": {
        "mean": 0.00306783849373,
        "var": 9.18393561733e-005
    },
    "spectral_energyband_middle_low": {
        "mean": 0.00960293505341,
        "var": 0.000144331803313
    },
    "spectral_entropy": {
        "mean": 6.2446975708,
        "var": 0.552922785282
    },
    "spectral_flux": {
        "mean": 0.0514280647039,
        "var": 0.00129879324231
    },
    "spectral_kurtosis": {
        "mean": 17.4739208221,
        "var": 295.022064209
    },
    "spectral_rms": {
        "mean": 0.00559618137777,
        "var": 8.11670724943e-006
    },
    "spectral_rolloff": {
        "mean": 604.248352051,
        "var": 998113.375
    },
    "spectral_skewness": {
        "mean": 2.64760398865,
        "var": 2.66644001007
    },
    "spectral_spread": {
        "mean": 2736653.5,
        "var": 2.50774500147e+012
    },
    "spectral_strongpeak": {
        "mean": 0.957019805908,
        "var": 0.742360889912
    },
    "zerocrossingrate": {
        "mean": 0.0237535499036,
        "var": 0.000672674737871
    },
    "barkbands": {
        "mean": [6.35064061498e-005, 0.00162621506024, 0.0259370878339, 0.00206226389855, 0.00299628078938, 0.00139315892011, 0.00102896534372, 0.00114174373448, 0.000741966709029, 0.000714162946679, 0.00032984133577, 0.000648682354949, 0.000607738795225, 0.00020695690182, 7.80221889727e-005, 5.23129565408e-005, 0.000148368591908, 0.000203674338991, 9.6265153843e-005, 0.000203640724067, 6.00494167884e-005, 5.50272343389e-005, 8.67915787239e-006, 8.46805778565e-006, 6.44054352961e-006, 3.61068941857e-007, 1.14960228004e-008],
        "var": [1.83145747457e-008, 3.50421782969e-006, 0.000990464934148, 3.47676200363e-006, 2.11191581911e-005, 8.81707273948e-006, 1.45700532812e-005, 1.8906661353e-005, 1.33955136334e-005, 1.31026390591e-005, 2.93711809718e-006, 9.39054370974e-006, 8.58717521623e-006, 1.51633400947e-006, 1.08175910896e-007, 4.11957365998e-008, 1.32124824859e-007, 3.14240111265e-007, 7.83129507909e-008, 3.97359855242e-007, 9.48930747313e-008, 1.99727892891e-007, 5.30767563234e-009, 2.79347234233e-009, 2.02110483905e-009, 5.03898875751e-012, 2.01826126997e-016]
    },
    "erbbands": {
        "mean": [0.0176286380738, 1.03212368488, 22.931350708, 19.9818935394, 9.03207206726, 10.5210199356, 4.67708063126, 14.6554660797, 18.4558525085, 11.8556518555, 30.5613555908, 19.9841861725, 20.9147872925, 15.1952466965, 18.9488754272, 27.4567432404, 30.3019351959, 12.6398582458, 5.77360725403, 3.75516533852, 3.61399936676, 9.10840415955, 11.8774299622, 6.64079713821, 4.69777536392, 10.6651067734, 4.31408786774, 2.17141342163, 2.27510619164, 0.92765712738, 0.163244485855, 0.125950440764, 0.167971387506, 0.102403432131, 0.0276434216648, 0.00348426471464, 0.000465726974653, 5.12207443535e-005, 2.09138015634e-005, 4.51466075901e-005],
        "var": [0.000352992647095, 1.5394102335, 792.884033203, 411.615814209, 121.590446472, 312.829681396, 53.868396759, 892.538024902, 4484.50927734, 739.881408691, 14561.9462891, 8142.42871094, 11800.3388672, 4190.33056641, 8905.61230469, 15525.4960938, 19185.2109375, 3829.94042969, 948.532714844, 309.468475342, 138.804321289, 491.311737061, 1074.55957031, 306.751403809, 150.687545776, 1205.50500488, 162.730285645, 239.478912354, 338.887359619, 60.4791908264, 1.29090607166, 0.586868703365, 1.12534296513, 0.509555876255, 0.0370477214456, 0.00053455051966, 7.60919192544e-006, 2.1092406044e-008, 3.8886624476e-010, 1.73861880448e-009]
    },
    "gfcc": {
        "mean": [-115.454521179, 162.369369507, -94.3191299438, 39.908908844, -34.1654891968, -15.089050293, -30.5791168213, 0.346435934305, -23.1329441071, -14.6631116867, -5.89030504227, -17.0145721436, -15.353471756],
        "cov": [[5435.09277344, -532.492370605, -1813.79577637, 106.595306396, -837.110168457, 318.144073486, 191.1355896, -104.992401123, -272.927215576, -7.81341838837, 31.3540210724, -326.517425537, 309.429962158], [-532.492370605, 876.093566895, 322.767059326, -580.767028809, 416.812255859, 3.20761847496, 100.479431152, 35.5244369507, 85.1795120239, -93.1261520386, 124.687484741, -26.9999542236, -127.548934937], [-1813.79577637, 322.767059326, 1280.81884766, 58.8900489807, 542.980957031, 86.6986160278, -3.97716784477, 46.1863365173, 207.345291138, -4.52354812622, -36.8976135254, 71.460723877, -196.225540161], [106.595306396, -580.767028809, 58.8900489807, 1013.97174072, -30.0785179138, -365.613220215, -45.827922821, -6.02266025543, 18.0037651062, -58.0542182922, -65.5030899048, 82.3512878418, 30.7951259613], [-837.110168457, 416.812255859, 542.980957031, -30.0785179138, 684.28527832, 28.8561420441, 26.0754451752, 74.8923721313, 156.280090332, -80.9231948853, 57.7907600403, 75.1698379517, -174.860656738], [318.144073486, 3.20761847496, 86.6986160278, -365.613220215, 28.8561420441, 647.863586426, 115.085464478, -78.9793319702, 23.2132148743, 131.531951904, -83.2713165283, -56.6453781128, 32.2731361389], [191.1355896, 100.479431152, -3.97716784477, -45.827922821, 26.0754451752, 115.085464478, 259.082122803, -12.8534679413, -33.1794166565, -17.0460624695, -0.597461223602, -42.5007553101, -7.12015867233], [-104.992401123, 35.5244369507, 46.1863365173, -6.02266025543, 74.8923721313, -78.9793319702, -12.8534679413, 156.561569214, 13.7075500488, -60.3097457886, 45.8691978455, 12.8611373901, -55.8386650085], [-272.927215576, 85.1795120239, 207.345291138, 18.0037651062, 156.280090332, 23.2132148743, -33.1794166565, 13.7075500488, 147.287490845, 12.4428081512, -13.2575731277, 23.2799434662, -49.360244751], [-7.81341838837, -93.1261520386, -4.52354812622, -58.0542182922, -80.9231948853, 131.531951904, -17.0460624695, -60.3097457886, 12.4428081512, 159.712387085, -23.7610855103, -39.6546669006, 32.6773376465], [31.3540210724, 124.687484741, -36.8976135254, -65.5030899048, 57.7907600403, -83.2713165283, -0.597461223602, 45.8691978455, -13.2575731277, -23.7610855103, 133.122772217, 3.8221449852, -58.7534370422], [-326.517425537, -26.9999542236, 71.460723877, 82.3512878418, 75.1698379517, -56.6453781128, -42.5007553101, 12.8611373901, 23.2799434662, -39.6546669006, 3.8221449852, 143.909393311, -15.6694612503], [309.429962158, -127.548934937, -196.225540161, 30.7951259613, -174.860656738, 32.2731361389, -7.12015867233, -55.8386650085, -49.360244751, 32.6773376465, -58.7534370422, -15.6694612503, 148.037490845]],
        "icov": [[0.000682880869135, -0.000829898985103, 0.00103819579817, -0.00114867184311, 0.000613067473751, -0.00136578874663, 0.000364378705854, -0.000256850617006, -0.000150790248881, 0.00070801289985, -0.000568474992178, 0.00105309195351, 9.45159699768e-005], [-0.000829898985103, 0.0104424450547, -0.00277990894392, 0.0081975935027, -0.00488536339253, 0.0061651468277, -0.00416774256155, 0.00463673565537, -0.00378322531469, 0.00356164225377, -0.00324878329411, 0.00140706484672, -0.00341240712442], [0.00103819579817, -0.00277990894392, 0.00331048155203, -0.00293018459342, 0.000747623445932, -0.00282447389327, 0.00116076902486, -0.0011388300918, -0.000119810028991, -0.000163247677847, 0.000974189257249, 0.000980307580903, 0.00204401114024], [-0.00114867184311, 0.0081975935027, -0.00293018459342, 0.00833577476442, -0.00400963705033, 0.0066618937999, -0.00366619322449, 0.00369380158372, -0.00278690340929, 0.00172828487121, -0.000668819877319, -0.000433836015873, -0.00274766050279], [0.000613067473751, -0.00488536339253, 0.000747623445932, -0.00400963705033, 0.00571711733937, -0.00371412700042, 0.00160229578614, -0.00204676296562, -0.000480494345538, 0.000308911519824, -0.000150183012011, -0.000920920225326, 0.00281668803655], [-0.00136578874663, 0.0061651468277, -0.00282447389327, 0.0066618937999, -0.00371412700042, 0.00807493086904, -0.00385110382922, 0.00282584456727, -0.00164087500889, -0.00151506694965, 0.00143590685911, -0.00102919561323, -0.0019815871492], [0.000364378705854, -0.00416774256155, 0.00116076902486, -0.00366619322449, 0.00160229578614, -0.00385110382922, 0.00669271871448, -0.00126098736655, 0.00294697238132, 0.000288184528472, 0.000846719311085, 0.001089608646, 0.00189754017629], [-0.000256850617006, 0.00463673565537, -0.0011388300918, 0.00369380158372, -0.00204676296562, 0.00282584456727, -0.00126098736655, 0.0108508402482, -0.00234085344709, 0.00457216380164, -0.00317178852856, 0.00133860204369, 0.000345592241501], [-0.000150790248881, -0.00378322531469, -0.000119810028991, -0.00278690340929, -0.000480494345538, -0.00164087500889, 0.00294697238132, -0.00234085344709, 0.0129477102309, -0.00416443916038, 0.00420614844188, -0.00171291362494, 0.00324988923967], [0.00070801289985, 0.00356164225377, -0.000163247677847, 0.00172828487121, 0.000308911519824, -0.00151506694965, 0.000288184528472, 0.00457216380164, -0.00416443916038, 0.0133896600455, -0.00447714840993, 0.00452861376107, -0.00219517410733], [-0.000568474992178, -0.00324878329411, 0.000974189257249, -0.000668819877319, -0.000150183012011, 0.00143590685911, 0.000846719311085, -0.00317178852856, 0.00420614844188, -0.00447714840993, 0.0151718333364, -0.0024514538236, 0.00632611196488], [0.00105309195351, 0.00140706484672, 0.000980307580903, -0.000433836015873, -0.000920920225326, -0.00102919561323, 0.001089608646, 0.00133860204369, -0.00171291362494, 0.00452861376107, -0.0024514538236, 0.0110930046067, -0.00127483496908], [9.45159699768e-005, -0.00341240712442, 0.00204401114024, -0.00274766050279, 0.00281668803655, -0.0019815871492, 0.00189754017629, 0.000345592241501, 0.00324988923967, -0.00219517410733, 0.00632611196488, -0.00127483496908, 0.0148229179904]]
    },
    "melbands": {
        "mean": [0.00024802525877, 0.00833467114717, 0.00336112058721, 0.000757411587983, 0.000217357286601, 0.000323512649629, 0.000267058232566, 0.000138408853672, 0.000239905959461, 0.000111850495159, 0.000104662089143, 6.48552595521e-005, 5.34083592356e-005, 6.96296265232e-005, 8.03918519523e-005, 5.07206968905e-005, 2.03724957828e-005, 1.0071565157e-005, 5.78288972974e-006, 4.0262557377e-006, 3.98067413698e-006, 8.77769525687e-006, 1.00854849734e-005, 1.07802270577e-005, 4.75564411317e-006, 3.28384885506e-006, 3.89313618143e-006, 8.26538507681e-006, 3.14256817546e-006, 1.36148560159e-006, 1.1560097164e-006, 1.33740411457e-006, 9.32722457492e-007, 3.66197895119e-007, 8.35998008597e-008, 4.59730848945e-008, 9.06655373001e-008, 1.18627198731e-007, 1.17265912536e-007, 7.60257918841e-008],
        "var": [7.21509962887e-008, 0.000103666658106, 1.03731508716e-005, 1.57750309882e-006, 8.38271461134e-008, 4.49738166708e-007, 8.94626339232e-007, 1.15656433763e-007, 8.9906689027e-007, 2.93440166388e-007, 3.15951297125e-007, 8.19685084252e-008, 7.26469764345e-008, 1.05211853452e-007, 1.59198265237e-007, 4.25925463787e-008, 1.19698677636e-008, 4.17120693541e-009, 7.88582588118e-010, 2.83466305984e-010, 1.69823183294e-010, 4.08236361382e-010, 7.71034736058e-010, 9.92123383448e-010, 1.84551360305e-010, 1.20047624619e-010, 1.37937647415e-010, 8.11197664596e-010, 9.08848760139e-011, 5.78112384353e-011, 8.67002997174e-011, 1.20122994884e-010, 5.88934109813e-011, 1.11962002169e-011, 3.54609543769e-013, 6.39805455794e-014, 3.48191690324e-013, 5.53954018073e-013, 6.71699024526e-013, 2.94650453125e-013]
    },
    "mfcc": {
        "mean": [-768.086975098, 188.574203491, 8.54513072968, 51.1769485474, 17.093503952, -6.46199703217, 6.82332420349, 1.2332392931, -7.08330821991, -8.24935817719, 1.61582314968, 6.48635292053, -7.7945356369],
        "cov": [[6459.70166016, -1264.40917969, -1343.12780762, -390.239959717, -1105.45275879, -22.9272499084, 301.71661377, -350.875396729, 30.0458984375, 82.0533065796, -406.929412842, -88.8615570068, 33.0836372375], [-1264.40917969, 1610.76806641, 54.997959137, -559.751525879, 329.544921875, 0.332222402096, 134.070327759, 192.342071533, -61.9758415222, 74.7990875244, 153.381591797, 138.529800415, -22.7239646912], [-1343.12780762, 54.997959137, 720.705078125, 118.418861389, 248.114456177, 178.790527344, -61.529712677, 64.2726135254, 86.7742233276, 23.7145938873, 114.798683167, -25.771062851, 22.4124984741], [-390.239959717, -559.751525879, 118.418861389, 1120.5748291, 162.252548218, -253.913162231, -170.072174072, 98.8979415894, -99.5144042969, -112.879714966, -30.9218254089, -12.2525939941, 58.2196922302], [-1105.45275879, 329.544921875, 248.114456177, 162.252548218, 604.293762207, 53.8333244324, -106.56451416, 186.087905884, 4.75439071655, -44.4907989502, 195.659378052, 54.7632102966, -1.32077145576], [-22.9272499084, 0.332222402096, 178.790527344, -253.913162231, 53.8333244324, 501.317687988, 92.1787796021, -37.1904029846, 199.769515991, 16.3707752228, 87.535369873, -37.5096702576, 16.3103370667], [301.71661377, 134.070327759, -61.529712677, -170.072174072, -106.56451416, 92.1787796021, 243.691589355, 31.6575527191, 16.2317905426, 54.4152755737, -0.571088790894, 2.88309240341, -19.0261173248], [-350.875396729, 192.342071533, 64.2726135254, 98.8979415894, 186.087905884, -37.1904029846, 31.6575527191, 293.774200439, -11.4914007187, -66.409034729, 97.8642959595, 44.9872436523, 7.75659513474], [30.0458984375, -61.9758415222, 86.7742233276, -99.5144042969, 4.75439071655, 199.769515991, 16.2317905426, -11.4914007187, 203.774597168, 23.686580658, -5.9838051796, -26.3677978516, -7.37444019318], [82.0533065796, 74.7990875244, 23.7145938873, -112.879714966, -44.4907989502, 16.3707752228, 54.4152755737, -66.409034729, 23.686580658, 158.877227783, -9.8291349411, -26.4287376404, -9.86654281616], [-406.929412842, 153.381591797, 114.798683167, -30.9218254089, 195.659378052, 87.535369873, -0.571088790894, 97.8642959595, -5.9838051796, -9.8291349411, 232.825958252, 26.8459568024, -14.9394893646], [-88.8615570068, 138.529800415, -25.771062851, -12.2525939941, 54.7632102966, -37.5096702576, 2.88309240341, 44.9872436523, -26.3677978516, -26.4287376404, 26.8459568024, 134.932357788, 19.4434242249], [33.0836372375, -22.7239646912, 22.4124984741, 58.2196922302, -1.32077145576, 16.3103370667, -19.0261173248, 7.75659513474, -7.37444019318, -9.86654281616, -14.9394893646, 19.4434242249, 102.747886658]],
        "icov": [[0.000439449679106, 0.000371990347048, 0.000720177427866, 0.000159548013471, 0.000238469219767, -0.000142355667776, -0.000227538082981, -0.000158163718879, -1.59346254804e-005, -0.000324849475874, 7.97891625552e-005, -5.55196602363e-005, -0.000321485742461], [0.000371990347048, 0.00158084521536, 0.000499631918501, 0.000949579756707, -0.000697759736795, 0.00024346151622, -0.000754815584514, -0.000584797351621, 0.000471792562166, -0.00073623622302, 0.000258522457443, -0.000675604387652, -0.000431836640928], [0.000720177427866, 0.000499631918501, 0.00316567486152, -9.77423624136e-005, 3.34362521244e-005, -0.00104726431891, 0.000313957280014, -0.000599040533416, -0.000219663241296, -0.00136640318669, -0.000166034442373, 0.000269991782261, -0.000708714593202], [0.000159548013471, 0.000949579756707, -9.77423624136e-005, 0.00189484865405, -0.000828589661978, 0.000990998931229, -0.000292277924018, -0.000401387835154, 0.000239160377532, 0.00039227886009, 0.000375480245566, 0.000231234982493, -0.00101982522756], [0.000238469219767, -0.000697759736795, 3.34362521244e-005, -0.000828589661978, 0.00418592104688, -0.0012916889973, 0.00227112905122, -0.00162578246091, 0.000212971790461, -0.000723758712411, -0.0014807820553, -0.000694398826454, 0.000895125907846], [-0.000142355667776, 0.00024346151622, -0.00104726431891, 0.000990998931229, -0.0012916889973, 0.00647123763338, -0.00342276296578, 0.00272189080715, -0.00517265917733, 0.00278057949618, -0.00263626454398, 0.00150980614126, -0.00288980524056], [-0.000227538082981, -0.000754815584514, 0.000313957280014, -0.000292277924018, 0.00227112905122, -0.00342276296578, 0.0081978701055, -0.00338256289251, 0.00236136233434, -0.00331883970648, 0.000923708896153, -0.000998114817776, 0.00252332957461], [-0.000158163718879, -0.000584797351621, -0.000599040533416, -0.000401387835154, -0.00162578246091, 0.00272189080715, -0.00338256289251, 0.00712200021371, -0.00256817089394, 0.00376502471045, -0.00236166012473, 0.000392415357055, -0.00157770933583], [-1.59346254804e-005, 0.000471792562166, -0.000219663241296, 0.000239160377532, 0.000212971790461, -0.00517265917733, 0.00236136233434, -0.00256817089394, 0.0103935170919, -0.00261811702512, 0.00305191101506, -0.000689467589837, 0.00254563544877], [-0.000324849475874, -0.00073623622302, -0.00136640318669, 0.00039227886009, -0.000723758712411, 0.00278057949618, -0.00331883970648, 0.00376502471045, -0.00261811702512, 0.0100976685062, -0.00134080357384, 0.00209640339017, -0.00114185910206], [7.97891625552e-005, 0.000258522457443, -0.000166034442373, 0.000375480245566, -0.0014807820553, -0.00263626454398, 0.000923708896153, -0.00236166012473, 0.00305191101506, -0.00134080357384, 0.00790808070451, -0.00111027539242, 0.00205394742079], [-5.55196602363e-005, -0.000675604387652, 0.000269991782261, 0.000231234982493, -0.000694398826454, 0.00150980614126, -0.000998114817776, 0.000392415357055, -0.000689467589837, 0.00209640339017, -0.00111027539242, 0.009605913423, -0.00261187716387], [-0.000321485742461, -0.000431836640928, -0.000708714593202, -0.00101982522756, 0.000895125907846, -0.00288980524056, 0.00252332957461, -0.00157770933583, 0.00254563544877, -0.00114185910206, 0.00205394742079, -0.00261187716387, 0.0123955719173]]
    },
    "spectral_contrast_coeffs": {
        "mean": [-0.494203001261, -0.703063309193, -0.770227909088, -0.76663595438, -0.743371486664, -0.77755010128],
        "var": [0.00878349412233, 0.00631366390735, 0.00409404374659, 0.00363013218157, 0.00494516314939, 0.00352296791971]
    },
    "spectral_contrast_valleys": {
        "mean": [-7.94060373306, -7.37548065186, -8.66276741028, -9.34557247162, -9.13681125641, -12.3422212601],
        "var": [0.524950921535, 0.613174915314, 1.41540002823, 1.18013072014, 1.55462658405, 0.858021318913]
    }
},
"metadata": {
    "audio_properties": {
        "analysis_sample_rate": 44100,
        "bit_rate": 128074,
        "equal_loudness": 0,
        "length": 45.0612258911,
        "lossless": 0,
        "replay_gain": -3.67004203796,
        "sample_rate": 44100,
        "codec": "mp3",
        "downmix": "mix",
        "md5_encoded": "c3a4e28a9bbca7a7c731e5b942b33110"
    },
    "tags": {
        "file_name": "1492.mp3"
    },
    "version": {
        "essentia": "2.1-beta2",
        "essentia_git_sha": "v2.1_beta2",
        "extractor": "music 1.0"
    }
},
"rhythm": {
    "beats_count": 66,
    "beats_loudness": {
        "mean": 0.0383194498718,
        "var": 0.00114670326002
    },
    "bpm": 89.8630447388,
    "bpm_histogram_first_peak_bpm": {
        "mean": 89,
        "var": 0
    },
    "bpm_histogram_first_peak_spread": {
        "mean": 0.47499999404,
        "var": 0
    },
    "bpm_histogram_first_peak_weight": {
        "mean": 0.323076933622,
        "var": 0
    },
    "bpm_histogram_second_peak_bpm": {
        "mean": 96,
        "var": 0
    },
    "bpm_histogram_second_peak_spread": {
        "mean": 0.526315808296,
        "var": 0
    },
    "bpm_histogram_second_peak_weight": {
        "mean": 0.13846154511,
        "var": 0
    },
    "danceability": 0.879752039909,
    "onset_rate": 2.24038481712,
    "beats_loudness_band_ratio": {
        "mean": [0.67914712429, 0.197523340583, 0.0931832119823, 0.0416680574417, 0.0246412418783, 0.0234493035823],
        "var": [0.0693895444274, 0.0309729650617, 0.0149649176747, 0.0104532623664, 0.00142919889186, 0.00564793776721]
    },
    "beats_position": [0.626938760281, 1.26548755169, 1.90403628349, 2.54258489609, 3.1811337471, 3.80807256699, 4.446621418, 5.07355976105, 5.70049858093, 6.33904743195, 6.96598625183, 7.58131504059, 8.19664382935, 8.82358264923, 9.45052146912, 10.077460289, 10.7392292023, 11.4009971619, 12.0743761063, 12.7477550507, 13.4327430725, 14.117732048, 14.7911109924, 15.4180498123, 16.0449886322, 16.7299766541, 17.426574707, 18.2276649475, 19.0403633118, 19.853061676, 20.6657600403, 21.4668483734, 22.2795467377, 22.9645347595, 23.6495227814, 24.3229026794, 24.9962806702, 25.6580486298, 26.3082084656, 26.9699764252, 27.6317462921, 28.2935142517, 28.9436721802, 29.6054420471, 30.2788200378, 30.9521980286, 31.6255779266, 32.2989578247, 32.9955558777, 33.6805419922, 34.3655319214, 35.0505218506, 35.7355079651, 36.4088897705, 37.1054878235, 37.8020858765, 38.4870758057, 39.1836738586, 39.8918800354, 40.5536499023, 41.2154197693, 41.88879776, 42.5273475647, 43.1775054932, 43.8276634216, 44.4662132263]
},
"tonal": {
    "chords_changes_rate": 0.0576131679118,
    "chords_number_rate": 0.0113168722019,
    "chords_strength": {
        "mean": 0.475864559412,
        "var": 0.0119323600084
    },
    "hpcp_entropy": {
        "mean": 1.92829620838,
        "var": 0.427808910608
    },
    "key_strength": 0.652862668037,
    "tuning_diatonic_strength": 0.494891196489,
    "tuning_equal_tempered_deviation": 0.0996245145798,
    "tuning_frequency": 442.03793335,
    "tuning_nontempered_energy_ratio": 0.714957654476,
    "hpcp": {
        "mean": [0.0749496668577, 0.0568377897143, 0.294793993235, 0.510100364685, 0.262445360422, 0.040616646409, 0.0514306388795, 0.0775429606438, 0.189383521676, 0.213257849216, 0.0837866142392, 0.0181951075792, 0.0134853394702, 0.0190184153616, 0.0490858443081, 0.0488007031381, 0.0217360612005, 0.0175410080701, 0.0196616519243, 0.0350917242467, 0.0790036469698, 0.0903873220086, 0.0847986266017, 0.147936686873, 0.162199527025, 0.0840552970767, 0.0355110056698, 0.0252174641937, 0.039744772017, 0.108179882169, 0.129012390971, 0.0661451593041, 0.0256695151329, 0.02426892519, 0.0439007543027, 0.077406026423],
        "var": [0.0371008515358, 0.0217393357307, 0.08506937325, 0.23300370574, 0.0667631030083, 0.0128895584494, 0.0213568508625, 0.0312783755362, 0.0837397426367, 0.106923624873, 0.0203616227955, 0.00376671552658, 0.00306401145644, 0.00354649615474, 0.0259803105146, 0.0222026314586, 0.00455290498212, 0.00461523700505, 0.00412470893934, 0.0088486559689, 0.0393536686897, 0.0449624918401, 0.0322487019002, 0.0733281746507, 0.0915227755904, 0.0352001823485, 0.0125309117138, 0.00823958776891, 0.0115022128448, 0.0596003346145, 0.0764900520444, 0.0300721842796, 0.00889556668699, 0.00934184715152, 0.0169749259949, 0.0410288199782]
    },
    "chords_histogram": [35.1851844788, 0.205761313438, 13.0658435822, 3.90946507454, 16.4609050751, 0.617283940315, 0, 0, 0, 0.823045253754, 1.64609050751, 0, 2.26337456703, 0, 0, 2.26337456703, 3.90946507454, 0.925925910473, 0, 8.43621444702, 0, 0.102880656719, 1.33744859695, 8.84773635864],
    "thpcp": [1, 0.514497518539, 0.0796248167753, 0.100824549794, 0.15201510489, 0.371267169714, 0.418070375919, 0.164255157113, 0.0356696620584, 0.0264366399497, 0.0372836738825, 0.0962278172374, 0.0956688225269, 0.0426113419235, 0.0343873649836, 0.0385446734726, 0.0687937662005, 0.154878631234, 0.177195176482, 0.166239097714, 0.290014863014, 0.317975699902, 0.164781883359, 0.0696157217026, 0.0494362786412, 0.0779155939817, 0.212075680494, 0.252915710211, 0.129670873284, 0.0503224804997, 0.0475767664611, 0.0860629752278, 0.151746660471, 0.146931216121, 0.111424721777, 0.577913701534],
    "chords_key": "A#",
    "chords_scale": "major",
    "key_key": "A#",
    "key_scale": "major"
}
}