{
"lowlevel": {
    "average_loudness": 0.926169872284,
    "barkbands_crest": {
        "mean": 13.7170982361,
        "var": 35.5347633362
    },
    "barkbands_flatness_db": {
        "mean": 0.165239468217,
        "var": 0.00430111493915
    },
    "barkbands_kurtosis": {
        "mean": 4.51544523239,
        "var": 70.5861587524
    },
    "barkbands_skewness": {
        "mean": 0.837881028652,
        "var": 2.45410227776
    },
    "barkbands_spread": {
        "mean": 25.7111549377,
        "var": 373.490966797
    },
    "dissonance": {
        "mean": 0.458582699299,
        "var": 0.00213465164416
    },
    "dynamic_complexity": 3.18212342262,
    "erbbands_crest": {
        "mean": 17.1619300842,
        "var": 55.9960899353
    },
    "erbbands_flatness_db": {
        "mean": 0.215801596642,
        "var": 0.0051628658548
    },
    "erbbands_kurtosis": {
        "mean": 6.76493358612,
        "var": 94.9119491577
    },
    "erbbands_skewness": {
        "mean": 1.65996861458,
        "var": 2.41129899025
    },
    "erbbands_spread": {
        "mean": 26.0625343323,
        "var": 397.044891357
    },
    "hfc": {
        "mean": 91.6665420532,
        "var": 20112.7578125
    },
    "melbands_crest": {
        "mean": 17.1631641388,
        "var": 42.2340126038
    },
    "melbands_flatness_db": {
        "mean": 0.1825722754,
        "var": 0.00657326029614
    },
    "melbands_kurtosis": {
        "mean": 11.6432256699,
        "var": 307.438201904
    },
    "melbands_skewness": {
        "mean": 1.61757791042,
        "var": 3.03685879707
    },
    "melbands_spread": {
        "mean": 39.0023078918,
        "var": 1413.20629883
    },
    "pitch_salience": {
        "mean": 0.464678376913,
        "var": 0.0288234148175
    },
    "silence_rate_20dB": {
        "mean": 1,
        "var": 0
    },
    "silence_rate_30dB": {
        "mean": 0.992764830589,
        "var": 0.00718281930313
    },
    "silence_rate_60dB": {
        "mean": 0.0816537439823,
        "var": 0.0749871209264
    },
    "spectral_centroid": {
        "mean": 2035.90075684,
        "var": 621024.625
    },
    "spectral_complexity": {
        "mean": 8.92506504059,
        "var": 51.9918479919
    },
    "spectral_decrease": {
        "mean": -5.87177950706e-009,
        "var": 2.63658509752e-017
    },
    "spectral_energy": {
        "mean": 0.030475853011,
        "var": 0.000629833724815
    },
    "spectral_energyband_high": {
        "mean": 0.00610637338832,
        "var": 0.000145234589581
    },
    "spectral_energyband_low": {
        "mean": 0.00323796039447,
        "var": 7.30829124223e-005
    },
    "spectral_energyband_middle_high": {
        "mean": 0.0195220392197,
        "var": 0.000280469743302
    },
    "spectral_energyband_middle_low": {
        "mean": 0.00202768621966,
        "var": 1.44725690916e-005
    },
    "spectral_entropy": {
        "mean": 7.84484148026,
        "var": 0.391272604465
    },
    "spectral_flux": {
        "mean": 0.0929324552417,
        "var": 0.00275454972871
    },
    "spectral_kurtosis": {
        "mean": 1.87416779995,
        "var": 2.70751094818
    },
    "spectral_rms": {
        "mean": 0.00494566606358,
        "var": 5.2729633353e-006
    },
    "spectral_rolloff": {
        "mean": 5060.29003906,
        "var": 23654514
    },
    "spectral_skewness": {
        "mean": 1.25899457932,
        "var": 0.134367734194
    },
    "spectral_spread": {
        "mean": 7952121.5,
        "var": 4.73766350029e+012
    },
    "spectral_strongpeak": {
        "mean": 4.69207429886,
        "var": 12.1741504669
    },
    "zerocrossingrate": {
        "mean": 0.148177087307,
        "var": 0.0090182190761
    },
    "barkbands": {
        "mean": [0.000123457808513, 0.00281562726013, 0.000227266980801, 0.000161741845659, 0.000138843635796, 7.17750226613e-005, 0.000258003303315, 0.000759839371312, 0.000110290842713, 0.000751540064812, 0.00370740098879, 0.00780889159068, 0.000116759314551, 0.00592168606818, 0.000358014716767, 0.000560550426599, 0.000100200588349, 7.74354848545e-005, 0.000207409466384, 0.000237821979681, 0.00047270473442, 0.000447466940386, 0.000498959620018, 0.00080314342631, 0.00124130048789, 0.00227688648738, 0.000220860689296],
        "var": [1.6498447053e-007, 5.75598205614e-005, 7.38447454296e-007, 6.61341687191e-007, 3.08730847109e-007, 1.35305882054e-007, 6.10959148162e-007, 5.97401231062e-006, 1.28344623818e-007, 3.96165341954e-006, 4.52558524557e-005, 0.000131606750074, 4.49577868267e-007, 8.55067628436e-005, 4.91806804348e-006, 3.31820615429e-006, 2.34039685409e-008, 1.25960646358e-008, 6.31721803757e-008, 2.59254647972e-007, 3.55306582378e-007, 6.08293930782e-007, 7.88674299201e-007, 2.45582668867e-006, 6.29216674497e-006, 3.1486430089e-005, 2.81281586467e-007]
    },
    "erbbands": {
        "mean": [0.100642703474, 0.54885160923, 0.392739057541, 0.418543994427, 0.55156904459, 0.383852213621, 0.5221118927, 0.592595875263, 1.39525127411, 17.8537311554, 6.52979946136, 3.41754126549, 26.049200058, 18.1716957092, 381.589813232, 166.20463562, 13.7788362503, 176.190948486, 160.066116333, 13.5069847107, 32.520526886, 6.41626119614, 4.31547117233, 10.9767026901, 7.63595819473, 10.7337684631, 14.2391042709, 20.5608062744, 15.5822143555, 15.4392080307, 14.4269247055, 14.4089946747, 14.6437120438, 13.0243120193, 9.10805034637, 6.75789356232, 4.42841339111, 1.26078772545, 0.0249761473387, 0.000691124878358],
        "var": [0.0835059732199, 2.29436087608, 1.60774099827, 2.8713555336, 6.33238697052, 2.51587891579, 9.3469991684, 7.62864112854, 12.7284984589, 3400.08032227, 323.528991699, 78.9022064209, 5172.78222656, 649.409912109, 307793.8125, 70469.015625, 989.356994629, 73767.1875, 69559.59375, 569.743286133, 11909.6650391, 77.6960830688, 31.6963176727, 175.388549805, 143.260543823, 562.780212402, 345.119720459, 741.926513672, 728.93157959, 696.568603516, 722.878234863, 749.487365723, 838.044616699, 634.269226074, 364.056213379, 261.542419434, 122.46824646, 9.34578514099, 0.00356097030453, 2.50668017543e-006]
    },
    "gfcc": {
        "mean": [-4.27256584167, -25.6515865326, -122.689758301, 4.47820711136, -48.4820289612, 48.3836708069, -22.2230148315, 12.0329809189, -28.6396541595, 18.831905365, -16.8537578583, 9.49368572235, -15.6896495819],
        "cov": [[3264.30859375, -758.573303223, 571.390808105, -246.562301636, 92.0210113525, 81.1136550903, 102.863975525, 69.7720947266, -87.6376647949, -37.8768196106, -3.53564739227, 74.3763580322, -93.6082687378], [-758.573303223, 1888.4107666, 26.880405426, 336.403717041, -17.9911689758, -107.133308411, 140.007080078, 119.619628906, 151.714706421, 97.601524353, 146.484924316, -6.75286197662, -0.691390991211], [571.390808105, 26.880405426, 868.489990234, 235.501922607, 44.0095787048, -180.915100098, -2.97673416138, 78.584274292, 4.26255702972, 16.8388290405, 1.71549034119, 26.3401489258, -138.071990967], [-246.562301636, 336.403717041, 235.501922607, 615.949829102, 300.962524414, 67.2697067261, 3.96981692314, -65.5672073364, 41.8695640564, 83.929359436, -19.8820552826, -126.309204102, -50.1945343018], [92.0210113525, -17.9911689758, 44.0095787048, 300.962524414, 674.382995605, 382.474609375, 220.796630859, -74.9299545288, -1.53245019913, 110.419174194, 20.9231395721, -55.8244476318, -34.3153495789], [81.1136550903, -107.133308411, -180.915100098, 67.2697067261, 382.474609375, 386.831390381, 209.699127197, -32.8503799438, -26.4917106628, 43.1220092773, 31.4908599854, -14.5656194687, 14.444475174], [102.863975525, 140.007080078, -2.97673416138, 3.96981692314, 220.796630859, 209.699127197, 320.031585693, 161.473144531, -8.49243927002, -47.095905304, 64.6828384399, 94.4664382935, -4.58037424088], [69.7720947266, 119.619628906, 78.584274292, -65.5672073364, -74.9299545288, -32.8503799438, 161.473144531, 262.529846191, 51.072555542, -99.9824447632, 20.0124130249, 96.4598770142, -2.96709561348], [-87.6376647949, 151.714706421, 4.26255702972, 41.8695640564, -1.53245019913, -26.4917106628, -8.49243927002, 51.072555542, 232.730773926, 216.803497314, -9.06493663788, -141.681716919, -60.904750824], [-37.8768196106, 97.601524353, 16.8388290405, 83.929359436, 110.419174194, 43.1220092773, -47.095905304, -99.9824447632, 216.803497314, 366.4453125, 52.207988739, -184.719741821, -99.9770050049], [-3.53564739227, 146.484924316, 1.71549034119, -19.8820552826, 20.9231395721, 31.4908599854, 64.6828384399, 20.0124130249, -9.06493663788, 52.207988739, 157.777908325, 104.752815247, -22.7405490875], [74.3763580322, -6.75286197662, 26.3401489258, -126.309204102, -55.8244476318, -14.5656194687, 94.4664382935, 96.4598770142, -141.681716919, -184.719741821, 104.752815247, 256.714935303, 67.3916015625], [-93.6082687378, -0.691390991211, -138.071990967, -50.1945343018, -34.3153495789, 14.444475174, -4.58037424088, -2.96709561348, -60.904750824, -99.9770050049, -22.7405490875, 67.3916015625, 119.412239075]],
        "icov": [[0.000451678293757, 0.000125236489112, -0.000525952200405, 0.000395732407924, -1.56206751853e-005, -0.000313667114824, 4.79318623547e-006, -0.000108018990431, 0.000121376579045, 0.000175671564648, -0.000452438893262, 0.000586039852351, -0.000263954687398], [0.000125236489112, 0.00113014981616, -0.000191732367966, -0.000421934761107, 3.40362385032e-005, 0.00157076015603, -0.00205038115382, 0.00122579187155, -0.0016411015531, 0.00197709910572, -0.00348389637657, 0.00261907000095, -0.00184602453373], [-0.000525952200405, -0.000191732367966, 0.00370935862884, -0.00191120663658, -0.000546804338228, 0.0022757188417, 0.000338524230756, -0.00268497085199, 0.00412648078054, -0.005384107586, 0.00600420730188, -0.00548695307225, 0.00442297942936], [0.000395732407924, -0.000421934761107, -0.00191120663658, 0.00437565986067, -0.00249483436346, 9.35301286518e-005, 0.00135837856214, 4.77429493912e-005, -0.00107934721746, 0.00393545022234, -0.00501999352127, 0.00607728632167, -0.002379108686], [-1.56206751853e-005, 3.40362385032e-005, -0.000546804338228, -0.00249483436346, 0.00679989345372, -0.00522847753018, -0.0028691960033, 0.00373597652651, -0.00165033806115, -0.00184290949255, 0.00472597451881, -0.00509194051847, 0.00226530828513], [-0.000313667114824, 0.00157076015603, 0.0022757188417, 9.35301286518e-005, -0.00522847753018, 0.0156920161098, -0.00930191669613, 0.00212856312282, 0.00232828059234, 0.00119141489267, -0.00734015880153, 0.00890487618744, -0.0055091031827], [4.79318623547e-006, -0.00205038115382, 0.000338524230756, 0.00135837856214, -0.0028691960033, -0.00930191669613, 0.0198861006647, -0.0159876272082, 0.00912095885724, -0.00743951229379, 0.00544432736933, -0.0055271894671, 0.00419999239966], [-0.000108018990431, 0.00122579187155, -0.00268497085199, 4.77429493912e-005, 0.00373597652651, 0.00212856312282, -0.0159876272082, 0.0335761010647, -0.0342779159546, 0.0261633004993, -0.00815013796091, -0.00281669176184, 0.00233465153724], [0.000121376579045, -0.0016411015531, 0.00412648078054, -0.00107934721746, -0.00165033806115, 0.00232828059234, 0.00912095885724, -0.0342779159546, 0.0527818314731, -0.0406754948199, 0.0167875699699, 0.00174205529038, -0.00177520385478], [0.000175671564648, 0.00197709910572, -0.005384107586, 0.00393545022234, -0.00184290949255, 0.00119141489267, -0.00743951229379, 0.0261633004993, -0.0406754948199, 0.0463978685439, -0.0340688787401, 0.0212429203093, -0.00510744703934], [-0.000452438893262, -0.00348389637657, 0.00600420730188, -0.00501999352127, 0.00472597451881, -0.00734015880153, 0.00544432736933, -0.00815013796091, 0.0167875699699, -0.0340688787401, 0.053048979491, -0.0439580604434, 0.0216588731855], [0.000586039852351, 0.00261907000095, -0.00548695307225, 0.00607728632167, -0.00509194051847, 0.00890487618744, -0.0055271894671, -0.00281669176184, 0.00174205529038, 0.0212429203093, -0.0439580604434, 0.0503945499659, -0.0242756344378], [-0.000263954687398, -0.00184602453373, 0.00442297942936, -0.002379108686, 0.00226530828513, -0.0055091031827, 0.00419999239966, 0.00233465153724, -0.00177520385478, -0.00510744703934, 0.0216588731855, -0.0242756344378, 0.0264505986124]]
    },
    "melbands": {
        "mean": [0.000851395307109, 0.000386430590879, 7.86996315583e-005, 3.2778687455e-005, 1.79145881702e-005, 1.32317245516e-005, 2.47103889706e-005, 0.000206176860956, 3.77244032279e-005, 2.03827148653e-005, 0.000130681903102, 3.03116285068e-005, 0.000865356065333, 0.00112385628745, 4.22676712333e-005, 7.66048287915e-006, 0.000439420284238, 0.000396339251893, 1.31446658997e-005, 2.99040475511e-005, 3.37772216881e-005, 6.11341738477e-006, 3.8595399019e-006, 3.63674712389e-006, 1.00617853604e-005, 5.93469258092e-006, 5.85058842262e-006, 7.37614527679e-006, 7.3737933235e-006, 1.47943737829e-005, 1.02135500128e-005, 8.53162509884e-006, 8.71117026691e-006, 8.43535781314e-006, 8.20783770905e-006, 8.19913475425e-006, 8.88403792487e-006, 1.07791838673e-005, 9.15559121495e-006, 1.1848836948e-005],
        "var": [5.43202031622e-006, 1.1510993545e-006, 1.03997756185e-007, 1.65949423092e-008, 1.01740127434e-008, 3.93000609833e-009, 4.21320267563e-009, 4.49744959496e-007, 1.00844568252e-008, 3.27927995869e-009, 1.32928960284e-007, 7.88319987066e-009, 1.71333249455e-006, 2.46376794166e-006, 1.52374255435e-008, 1.11812381576e-009, 4.75215671258e-007, 3.91452999793e-007, 7.6914608016e-009, 8.06457389757e-009, 1.21158034716e-008, 9.82038964037e-011, 3.4312032382e-011, 2.77633402379e-011, 1.57536553247e-010, 7.05136712909e-011, 1.95186963814e-010, 2.5488433586e-010, 1.68407732204e-010, 3.4706448826e-010, 2.53088022761e-010, 2.28969343485e-010, 2.3647797609e-010, 2.09950501429e-010, 2.43352588081e-010, 2.50674925262e-010, 2.87159018786e-010, 4.82696105308e-010, 3.35153904629e-010, 5.25495702508e-010]
    },
    "mfcc": {
        "mean": [-664.610412598, 28.106842041, -6.43540668488, -12.595700264, -1.81818985939, 20.7011528015, 16.1763935089, 6.60240411758, 7.62301111221, 2.83117675781, 2.94936656952, 6.10655641556, 9.8584728241],
        "cov": [[2761.36303711, -448.438659668, 228.282073975, -190.696624756, -15.3702859879, -95.5483474731, 28.6711654663, 51.5978240967, 0.638834834099, -21.3880882263, -40.1340751648, -51.4100494385, 43.2278671265], [-448.438659668, 1164.34411621, 177.565139771, 283.41619873, -69.0079269409, -100.477416992, -30.156578064, 31.3361377716, 30.3826828003, 59.2590713501, 45.4304733276, 124.721847534, 149.194976807], [228.282073975, 177.565139771, 477.608123779, 261.585327148, 37.2173156738, -120.49495697, -79.1994476318, -30.1767272949, -44.8173713684, -3.1835360527, 39.6391105652, 43.3157577515, 32.108341217], [-190.696624756, 283.41619873, 261.585327148, 560.99621582, 260.363128662, 155.226669312, 74.4931640625, -2.64949631691, 19.9994411469, 77.8204040527, 58.2026977539, 75.7803497314, 54.3575744629], [-15.3702859879, -69.0079269409, 37.2173156738, 260.363128662, 321.589202881, 285.174865723, 147.881210327, -9.68182754517, 16.3274593353, 68.6943206787, 55.5214195251, 28.6070899963, -4.93825054169], [-95.5483474731, -100.477416992, -120.49495697, 155.226669312, 285.174865723, 442.556365967, 216.240783691, -51.0926589966, 22.7239589691, 104.957015991, 115.146064758, 38.7724571228, -74.4274902344], [28.6711654663, -30.156578064, -79.1994476318, 74.4931640625, 147.881210327, 216.240783691, 304.188232422, 196.024856567, 48.5434989929, -36.2936782837, -56.4539375305, 59.2182617188, 152.979019165], [51.5978240967, 31.3361377716, -30.1767272949, -2.64949631691, -9.68182754517, -51.0926589966, 196.024856567, 333.170257568, 106.737167358, -92.8324127197, -166.730300903, 10.7932672501, 213.53755188], [0.638834834099, 30.3826828003, -44.8173713684, 19.9994411469, 16.3274593353, 22.7239589691, 48.5434989929, 106.737167358, 169.597854614, 113.165748596, 13.9128570557, -23.310464859, -22.1421775818], [-21.3880882263, 59.2590713501, -3.1835360527, 77.8204040527, 68.6943206787, 104.957015991, -36.2936782837, -92.8324127197, 113.165748596, 267.526916504, 208.620346069, 6.40296173096, -153.818359375], [-40.1340751648, 45.4304733276, 39.6391105652, 58.2026977539, 55.5214195251, 115.146064758, -56.4539375305, -166.730300903, 13.9128570557, 208.620346069, 278.018737793, 80.2322845459, -137.645401001], [-51.4100494385, 124.721847534, 43.3157577515, 75.7803497314, 28.6070899963, 38.7724571228, 59.2182617188, 10.7932672501, -23.310464859, 6.40296173096, 80.2322845459, 201.292816162, 211.17640686], [43.2278671265, 149.194976807, 32.108341217, 54.3575744629, -4.93825054169, -74.4274902344, 152.979019165, 213.53755188, -22.1421775818, -153.818359375, -137.645401001, 211.17640686, 527.789855957]],
        "icov": [[0.000480225804495, 0.00016277890245, -0.000575539423153, 0.000450173654826, -0.000130620479467, 0.00015901470033, -0.000472621613881, 0.000304735585814, -7.79446199886e-005, -0.000334601849318, 0.000113360387331, 0.000315015844535, -0.000259063468548], [0.00016277890245, 0.00137058552355, -0.000143089884659, -0.00106358504854, 0.00149121740833, -8.61234511831e-005, -0.000204135445529, -1.67703801708e-005, 0.000268761563348, -0.00091257574968, 0.000432434404502, -0.000428894913057, -0.000185062308447], [-0.000575539423153, -0.000143089884659, 0.00534588145092, -0.00311174732633, -0.00126912083942, 0.00400449708104, -0.000909329392016, 0.000323002866935, 0.000227699536481, 0.00239121145569, -0.00320853828453, 0.000312985037453, 0.00051300378982], [0.000450173654826, -0.00106358504854, -0.00311174732633, 0.006410617847, -0.00469020754099, -0.000796404085122, 0.00108202116098, -0.000597852107603, 0.000387983367546, -0.00247127050534, 0.00325330533087, -0.00224812095985, 0.000608930015005], [-0.000130620479467, 0.00149121740833, -0.00126912083942, -0.00469020754099, 0.0148620381951, -0.00961748883128, 0.00210687704384, -0.00213042390533, 0.00229589105584, -0.00265925028361, 0.00107839575503, 0.00260309386067, -0.00225547142327], [0.00015901470033, -8.61234511831e-005, 0.00400449708104, -0.000796404085122, -0.00961748883128, 0.0217820554972, -0.0191386006773, 0.0137172155082, -0.00568299693987, 0.00345648336224, -0.00386315211654, -0.000599063874688, 0.00282999291085], [-0.000472621613881, -0.000204135445529, -0.000909329392016, 0.00108202116098, 0.00210687704384, -0.0191386006773, 0.0291429739445, -0.0214962791651, 0.0084090186283, -0.00301816663705, 0.00291157630272, -0.00356472516432, -0.000729971739929], [0.000304735585814, -1.67703801708e-005, 0.000323002866935, -0.000597852107603, -0.00213042390533, 0.0137172155082, -0.0214962791651, 0.0265353769064, -0.0177398938686, 0.00932841096073, -0.00290616392158, 0.00522513873875, -0.00344324926846], [-7.79446199886e-005, 0.000268761563348, 0.000227699536481, 0.000387983367546, 0.00229589105584, -0.00568299693987, 0.0084090186283, -0.0177398938686, 0.0294556971639, -0.0235538687557, 0.0130078056827, -0.00661634653807, 0.00424760719761], [-0.000334601849318, -0.00091257574968, 0.00239121145569, -0.00247127050534, -0.00265925028361, 0.00345648336224, -0.00301816663705, 0.00932841096073, -0.0235538687557, 0.0341209881008, -0.026694342494, 0.0135687468573, -0.00547719234601], [0.000113360387331, 0.000432434404502, -0.00320853828453, 0.00325330533087, 0.00107839575503, -0.00386315211654, 0.00291157630272, -0.00290616392158, 0.0130078056827, -0.026694342494, 0.0361403152347, -0.0253929682076, 0.0118770990521], [0.000315015844535, -0.000428894913057, 0.000312985037453, -0.00224812095985, 0.00260309386067, -0.000599063874688, -0.00356472516432, 0.00522513873875, -0.00661634653807, 0.0135687468573, -0.0253929682076, 0.0335973650217, -0.0172212794423], [-0.000259063468548, -0.000185062308447, 0.00051300378982, 0.000608930015005, -0.00225547142327, 0.00282999291085, -0.000729971739929, -0.00344324926846, 0.00424760719761, -0.00547719234601, 0.0118770990521, -0.0172212794423, 0.0124268708751]]
    },
    "spectral_contrast_coeffs": {
        "mean": [-0.734515309334, -0.776951134205, -0.659244835377, -0.685634255409, -0.805703759193, -0.79010784626],
        "var": [0.00550673250109, 0.0114086661488, 0.020046249032, 0.0139046283439, 0.00140338914935, 0.000737076916266]
    },
    "spectral_contrast_valleys": {
        "mean": [-8.8682308197, -8.04060173035, -7.83423280716, -8.33778858185, -7.61051368713, -8.92941856384],
        "var": [0.788649499416, 0.742205858231, 0.545261800289, 0.446718782187, 0.350054949522, 0.654163777828]
    }
},
"metadata": {
    "audio_properties": {
        "analysis_sample_rate": 44100,
        "bit_rate": 128074,
        "equal_loudness": 0,
        "length": 44.9044914246,
        "lossless": 0,
        "replay_gain": -4.80258560181,
        "sample_rate": 44100,
        "codec": "mp3",
        "downmix": "mix",
        "md5_encoded": "5b482ac1a964367cb55925fe77293381"
    },
    "tags": {
        "file_name": "1493.mp3",
        "album": ["Millky Way"],
        "artist": ["Not From This World"],
        "date": ["2010-08-21 04:25:10", "2010-08-21 04:25:10"],
        "genre": ["experimental; psychedelic; folk"],
        "title": ["Apart"],
        "tracknumber": ["7"]
    },
    "version": {
        "essentia": "2.1-beta2",
        "essentia_git_sha": "v2.1_beta2",
        "extractor": "music 1.0"
    }
},
"rhythm": {
    "beats_count": 103,
    "beats_loudness": {
        "mean": 0.0457877367735,
        "var": 0.000634180614725
    },
    "bpm": 139.483169556,
    "bpm_histogram_first_peak_bpm": {
        "mean": 140,
        "var": 0
    },
    "bpm_histogram_first_peak_spread": {
        "mean": 0.387755066156,
        "var": 0
    },
    "bpm_histogram_first_peak_weight": {
        "mean": 0.588235318661,
        "var": 0
    },
    "bpm_histogram_second_peak_bpm": {
        "mean": 126,
        "var": 0
    },
    "bpm_histogram_second_peak_spread": {
        "mean": 0,
        "var": 0
    },
    "bpm_histogram_second_peak_weight": {
        "mean": 0.0294117648154,
        "var": 0
    },
    "danceability": 1.16815197468,
    "onset_rate": 4.98675346375,
    "beats_loudness_band_ratio": {
        "mean": [0.0737836584449, 0.00636558048427, 0.045729957521, 0.376825720072, 0.1679802984, 0.371736437082],
        "var": [0.0172096602619, 0.0001095370244, 0.00577562861145, 0.0575564131141, 0.0286208000034, 0.0493746213615]
    },
    "beats_position": [0.441179126501, 0.882358253002, 1.33514738083, 1.8111563921, 2.28716540337, 2.76317453384, 3.20435357094, 3.63392281532, 4.06349182129, 4.49306106567, 4.91102027893, 5.34058952332, 5.7701587677, 6.19972801208, 6.62929677963, 7.05886602402, 7.4884352684, 7.91800451279, 8.34757328033, 8.77714252472, 9.2067117691, 9.63628101349, 10.0658502579, 10.4954195023, 10.9249887466, 11.354557991, 11.7725172043, 12.1904764175, 12.6200447083, 13.0496139526, 13.4675731659, 13.8971424103, 14.3151016235, 14.7330608368, 15.1626300812, 15.6038093567, 16.0449886322, 16.4861679077, 16.9273471832, 17.3685264587, 17.7980957031, 18.2276649475, 18.6688423157, 19.1100215912, 19.5279808044, 19.9575500488, 20.3871192932, 20.8166885376, 21.246257782, 21.6758270264, 22.1053962708, 22.5349655151, 22.9645347595, 23.405714035, 23.8352832794, 24.2648525238, 24.6944217682, 25.1239910126, 25.5419502258, 25.9831295013, 26.4126987457, 26.8422679901, 27.2602272034, 27.6897945404, 28.1193637848, 28.537322998, 28.9668922424, 29.3964614868, 29.8144207001, 30.2439899445, 30.6619491577, 31.0915184021, 31.5326976776, 31.962266922, 32.391834259, 32.8330154419, 33.2625846863, 33.6921539307, 34.1333312988, 34.5745124817, 34.9924697876, 35.422039032, 35.8516082764, 36.2927894592, 36.7339668274, 37.1635360718, 37.5931053162, 38.034286499, 38.4522438049, 38.8702049255, 39.2997741699, 39.7293434143, 40.1473007202, 40.5768699646, 41.006439209, 41.4476165771, 41.8771858215, 42.3067550659, 42.7363243103, 43.1658935547, 43.6070747375, 44.0482521057, 44.4894332886]
},
"tonal": {
    "chords_changes_rate": 0.0578512400389,
    "chords_number_rate": 0.00723140500486,
    "chords_strength": {
        "mean": 0.485470324755,
        "var": 0.00529101118445
    },
    "hpcp_entropy": {
        "mean": 1.90214765072,
        "var": 0.698299229145
    },
    "key_strength": 0.761199295521,
    "tuning_diatonic_strength": 0.701034843922,
    "tuning_equal_tempered_deviation": 0.176674991846,
    "tuning_frequency": 453.678466797,
    "tuning_nontempered_energy_ratio": 0.816397190094,
    "hpcp": {
        "mean": [0.0550126098096, 0.0493850037456, 0.0527760870755, 0.0497526191175, 0.0472445897758, 0.0702906697989, 0.12051974982, 0.209084928036, 0.36283493042, 0.373260706663, 0.229270115495, 0.194951146841, 0.17646881938, 0.100098364055, 0.0741921067238, 0.0834004729986, 0.0714569315314, 0.0501652732491, 0.0432851798832, 0.0372938476503, 0.0307465940714, 0.0332527905703, 0.0327713638544, 0.0305605940521, 0.0315836071968, 0.0292680021375, 0.0303904544562, 0.0457998849452, 0.0996317118406, 0.25928658247, 0.399354606867, 0.272345632315, 0.109162636101, 0.0962122678757, 0.0882578417659, 0.0705514699221],
        "var": [0.0203401707113, 0.019410315901, 0.0228448566049, 0.0185278374702, 0.0154746305197, 0.0263127479702, 0.0509815439582, 0.082780264318, 0.138310208917, 0.159984871745, 0.0752729251981, 0.0970549434423, 0.0886291414499, 0.0391266830266, 0.0294216945767, 0.032785564661, 0.0267815608531, 0.0178287383169, 0.0143321361393, 0.0110807353631, 0.00711937202141, 0.00947349425405, 0.0089592654258, 0.00777795398608, 0.00959682278335, 0.00812584441155, 0.00821448396891, 0.013581417501, 0.0405898280442, 0.0886090621352, 0.17090216279, 0.0960864424706, 0.0394187159836, 0.0419397465885, 0.0384316630661, 0.0281897373497]
    },
    "chords_histogram": [8.88429737091, 0, 0, 0, 0, 0, 0, 49.3801651001, 4.64876031876, 13.5330581665, 17.5619831085, 0, 4.23553705215, 0, 0, 0, 0, 0, 0, 0, 0, 0, 0.723140478134, 1.03305780888],
    "thpcp": [1, 0.68196439743, 0.273347645998, 0.240919396281, 0.221001192927, 0.176663711667, 0.137753784657, 0.123662039638, 0.132153451443, 0.12458255887, 0.118302352726, 0.176010668278, 0.30178630352, 0.523557066917, 0.908553242683, 0.934659838676, 0.574101567268, 0.488165527582, 0.441885024309, 0.250650316477, 0.185780018568, 0.208838135004, 0.178931027651, 0.125615864992, 0.108387835324, 0.0933852940798, 0.0769907087088, 0.083266325295, 0.0820608139038, 0.0765249580145, 0.0790866240859, 0.0732882544398, 0.0760989189148, 0.11468475312, 0.249481812119, 0.649264037609],
    "chords_key": "C",
    "chords_scale": "major",
    "key_key": "C",
    "key_scale": "minor"
}
}