{
"lowlevel": {
    "average_loudness": 0.871098458767,
    "barkbands_crest": {
        "mean": 11.5620718002,
        "var": 14.4101743698
    },
    "barkbands_flatness_db": {
        "mean": 0.231786504388,
        "var": 0.00179836421739
    },
    "barkbands_kurtosis": {
        "mean": 6.36927223206,
        "var": 49.833656311
    },
    "barkbands_skewness": {
        "mean": 1.65669322014,
        "var": 1.03853106499
    },
    "barkbands_spread": {
        "mean": 7.24280691147,
        "var": 14.8913488388
    },
    "dissonance": {
        "mean": 0.398425042629,
        "var": 0.00220361328684
    },
    "dynamic_complexity": 4.78100442886,
    "erbbands_crest": {
        "mean": 13.0225725174,
        "var": 23.9785861969
    },
    "erbbands_flatness_db": {
        "mean": 0.274951785803,
        "var": 0.00114776275586
    },
    "erbbands_kurtosis": {
        "mean": 2.29572677612,
        "var": 9.15193653107
    },
    "erbbands_skewness": {
        "mean": 1.10666286945,
        "var": 0.534743070602
    },
    "erbbands_spread": {
        "mean": 16.7300357819,
        "var": 44.8144035339
    },
    "hfc": {
        "mean": 7.59551715851,
        "var": 318.83807373
    },
    "melbands_crest": {
        "mean": 15.9493160248,
        "var": 34.664188385
    },
    "melbands_flatness_db": {
        "mean": 0.289652556181,
        "var": 0.00264243711717
    },
    "melbands_kurtosis": {
        "mean": 9.66123104095,
        "var": 135.381149292
    },
    "melbands_skewness": {
        "mean": 1.97637522221,
        "var": 1.49802744389
    },
    "melbands_spread": {
        "mean": 9.50303173065,
        "var": 35.9517440796
    },
    "pitch_salience": {
        "mean": 0.529792308807,
        "var": 0.0132914697751
    },
    "silence_rate_20dB": {
        "mean": 0.999485075474,
        "var": 0.000514657353051
    },
    "silence_rate_30dB": {
        "mean": 0.97991758585,
        "var": 0.0196793787181
    },
    "silence_rate_60dB": {
        "mean": 0.33316168189,
        "var": 0.222162812948
    },
    "spectral_centroid": {
        "mean": 647.377563477,
        "var": 72296.09375
    },
    "spectral_complexity": {
        "mean": 7.8867149353,
        "var": 17.1584758759
    },
    "spectral_decrease": {
        "mean": -3.3371028163e-009,
        "var": 5.38293772407e-017
    },
    "spectral_energy": {
        "mean": 0.0132839130238,
        "var": 0.000857407518197
    },
    "spectral_energyband_high": {
        "mean": 2.48296819336e-005,
        "var": 4.31630242659e-009
    },
    "spectral_energyband_low": {
        "mean": 0.000154195222422,
        "var": 8.12443303744e-008
    },
    "spectral_energyband_middle_high": {
        "mean": 0.00223177694716,
        "var": 4.17907322117e-005
    },
    "spectral_energyband_middle_low": {
        "mean": 0.0110489800572,
        "var": 0.000588731607422
    },
    "spectral_entropy": {
        "mean": 6.35320949554,
        "var": 0.174222394824
    },
    "spectral_flux": {
        "mean": 0.0431888028979,
        "var": 0.00294625968672
    },
    "spectral_kurtosis": {
        "mean": 15.1019058228,
        "var": 104.218223572
    },
    "spectral_rms": {
        "mean": 0.00282217329368,
        "var": 4.99527459397e-006
    },
    "spectral_rolloff": {
        "mean": 766.87890625,
        "var": 277752.09375
    },
    "spectral_skewness": {
        "mean": 2.68977642059,
        "var": 0.657720804214
    },
    "spectral_spread": {
        "mean": 2343691.5,
        "var": 1.15894963405e+012
    },
    "spectral_strongpeak": {
        "mean": 0.857624530792,
        "var": 0.731140255928
    },
    "zerocrossingrate": {
        "mean": 0.0301887057722,
        "var": 0.000198703593924
    },
    "barkbands": {
        "mean": [5.6620061514e-005, 9.4324015663e-005, 5.75076546738e-006, 4.94866071676e-005, 0.00191725324839, 0.00387313170359, 0.00112750916742, 0.00258004944772, 0.00103620975278, 0.00102956197225, 0.000505811651237, 0.000353350362275, 0.000232808146393, 0.000107823121652, 7.53280692152e-005, 9.2497728474e-005, 5.14424609719e-005, 2.10294710996e-005, 4.08424639318e-005, 1.16812088891e-005, 1.13224068627e-005, 5.95042502027e-006, 2.61508944277e-006, 9.99091980702e-007, 4.49922850976e-007, 9.13771813771e-008, 5.52144729937e-009],
        "var": [7.58131513123e-009, 4.39053451373e-008, 8.13222891805e-011, 3.14030046411e-009, 1.63619351952e-005, 6.83884572936e-005, 2.02627397812e-005, 9.16239150683e-005, 3.75158706447e-005, 1.10167238745e-005, 4.68463804282e-006, 2.00065505851e-006, 8.05888021205e-007, 1.62567772577e-007, 1.05468309641e-007, 6.50391385193e-008, 2.62398156536e-008, 2.18654738759e-009, 3.5572501389e-008, 8.25028878548e-010, 1.21125409702e-009, 2.84991752419e-010, 6.35539537663e-011, 7.24280357911e-012, 1.54983545528e-012, 1.08718820079e-013, 1.15418816387e-015]
    },
    "erbbands": {
        "mean": [0.00626966077834, 0.00766611006111, 0.00578346289694, 0.0869965925813, 0.841544926167, 5.52598047256, 27.7564201355, 28.9039535522, 22.2420120239, 36.2077484131, 45.8298034668, 30.990486145, 29.8152561188, 22.1440086365, 25.0571651459, 17.0027389526, 9.44376182556, 9.87991714478, 5.27470874786, 3.62115621567, 4.3550195694, 1.9391310215, 1.17038464546, 1.33791530132, 2.2514693737, 0.658326268196, 0.501194655895, 0.355724513531, 0.22135348618, 0.11998359859, 0.0643376857042, 0.0302276220173, 0.0134410001338, 0.00793573539704, 0.00181604141835, 0.000455200352008, 0.000169969265698, 2.7283331292e-005, 7.38277913115e-006, 1.51901058416e-005],
        "var": [0.000191418585018, 0.000273353711236, 5.3679854318e-005, 0.00711786001921, 1.00339269638, 139.554504395, 5002.55224609, 4986.40185547, 3793.0715332, 37488.6171875, 21045.7011719, 31586.9550781, 5726.59716797, 9982.25195313, 11738.1533203, 4566.78808594, 867.650146484, 1929.18334961, 481.174285889, 98.5440444946, 171.299041748, 31.6954555511, 7.06788253784, 10.831577301, 138.26461792, 2.25544047356, 1.96137237549, 1.61460316181, 0.404753118753, 0.127331510186, 0.0428373403847, 0.0098800137639, 0.00116811611224, 0.000497672706842, 2.88632199954e-005, 2.28162161875e-006, 4.42410993173e-007, 1.05430615349e-008, 3.31546234911e-010, 1.13410092428e-009]
    },
    "gfcc": {
        "mean": [-151.343505859, 156.051696777, -156.183853149, -0.803003668785, -79.1511077881, -18.8100318909, -36.0109405518, -13.8871536255, -16.9084033966, -7.48793697357, 4.01671028137, -1.01793527603, 11.6567821503],
        "cov": [[5792.47753906, -1001.51312256, -646.758422852, -503.815887451, -701.921447754, -24.8997821808, -94.2186203003, 50.1303825378, -3.03593540192, 104.138572693, -100.370620728, 96.9093856812, -94.6089019775], [-1001.51312256, 661.19720459, 163.930465698, 44.3531532288, 257.860107422, -88.8146286011, 51.3812446594, -53.9528121948, 65.4030914307, -91.0401535034, 82.0166854858, -51.5624580383, 42.2685317993], [-646.758422852, 163.930465698, 366.120513916, 53.8744087219, 48.2198867798, 14.6313266754, 29.3358592987, 29.0074062347, 22.7813396454, 47.5000534058, 34.7081108093, 59.0565185547, 8.20490837097], [-503.815887451, 44.3531532288, 53.8744087219, 277.635253906, 85.0908203125, 25.3564682007, 0.956226110458, -4.10139274597, -3.66815090179, -3.01696801186, 8.99232673645, -23.3203754425, 37.007144928], [-701.921447754, 257.860107422, 48.2198867798, 85.0908203125, 247.90763855, -2.70357108116, 10.9828748703, -22.88879776, 18.1012229919, -21.4830646515, 37.5585784912, -11.8851280212, 26.7639064789], [-24.8997821808, -88.8146286011, 14.6313266754, 25.3564682007, -2.70357108116, 166.421539307, 65.1796340942, 42.6356124878, -1.65287482738, 44.3047370911, -1.11428844929, 30.2063598633, 5.07324314117], [-94.2186203003, 51.3812446594, 29.3358592987, 0.956226110458, 10.9828748703, 65.1796340942, 122.884017944, 57.3576202393, 18.7952728271, 9.40929031372, 4.83480739594, 16.4086608887, 2.50010180473], [50.1303825378, -53.9528121948, 29.0074062347, -4.10139274597, -22.88879776, 42.6356124878, 57.3576202393, 117.547065735, 33.0842895508, 26.1435718536, -11.9331989288, 20.6670284271, -0.492849618196], [-3.03593540192, 65.4030914307, 22.7813396454, -3.66815090179, 18.1012229919, -1.65287482738, 18.7952728271, 33.0842895508, 94.8034362793, 28.9560546875, 5.45931100845, -2.00509381294, 9.32176017761], [104.138572693, -91.0401535034, 47.5000534058, -3.01696801186, -21.4830646515, 44.3047370911, 9.40929031372, 26.1435718536, 28.9560546875, 137.793441772, 22.6675033569, 21.6804065704, -3.32565665245], [-100.370620728, 82.0166854858, 34.7081108093, 8.99232673645, 37.5585784912, -1.11428844929, 4.83480739594, -11.9331989288, 5.45931100845, 22.6675033569, 113.515144348, 40.7259521484, 25.4989624023], [96.9093856812, -51.5624580383, 59.0565185547, -23.3203754425, -11.8851280212, 30.2063598633, 16.4086608887, 20.6670284271, -2.00509381294, 21.6804065704, 40.7259521484, 115.199005127, 23.0080356598], [-94.6089019775, 42.2685317993, 8.20490837097, 37.007144928, 26.7639064789, 5.07324314117, 2.50010180473, -0.492849618196, 9.32176017761, -3.32565665245, 25.4989624023, 23.0080356598, 92.354347229]],
        "icov": [[0.000389244145481, 3.61739039363e-005, 0.000649833353236, 0.000247365038376, 0.000792971055489, 0.000114993097668, 0.000130457192427, -5.98025644649e-006, -0.000277603510767, -0.000272073608357, 7.48688253225e-005, -0.000565020658541, 0.000123970559798], [3.61739039363e-005, 0.00810053478926, -0.00392290065065, 0.00192310719285, -0.00557040702552, 0.00298400572501, -0.00558841787279, 0.00397366145626, -0.00479244627059, 0.00535938609391, -0.00469012837857, 0.00566924968734, -0.00191032793373], [0.000649833353236, -0.00392290065065, 0.00648195622489, -0.00134218693711, 0.00348452129401, -0.000508019875269, 0.00231810985133, -0.00225012516603, 0.00159989402164, -0.00416280608624, 0.00244980701245, -0.00574738299474, 0.0018104823539], [0.000247365038376, 0.00192310719285, -0.00134218693711, 0.00528208678588, -0.00208801589906, -0.00037471059477, -0.000495554180816, 0.000498348788824, -0.000479681155412, 0.00117377028801, -0.00115853280295, 0.00291324104182, -0.00229755230248], [0.000792971055489, -0.00557040702552, 0.00348452129401, -0.00208801589906, 0.0108838286251, -0.00210612034425, 0.00342000718229, -0.0013962801313, 0.00126381334849, -0.00298460572958, 0.00169710046612, -0.00416368851438, 0.00108415249269], [0.000114993097668, 0.00298400572501, -0.000508019875269, -0.00037471059477, -0.00210612034425, 0.0105290878564, -0.00663029495627, 0.00070309365401, 0.000197195811779, -0.00133203587029, -0.000186100340215, -0.000258804968325, -0.000789446057752], [0.000130457192427, -0.00558841787279, 0.00231810985133, -0.000495554180816, 0.00342000718229, -0.00663029495627, 0.0170774124563, -0.00786152388901, 0.00207392452285, -0.00177084852476, 0.00185697712004, -0.00344207230955, 0.00162453425582], [-5.98025644649e-006, 0.00397366145626, -0.00225012516603, 0.000498348788824, -0.0013962801313, 0.00070309365401, -0.00786152388901, 0.0154374008998, -0.00618313159794, 0.00174099532887, 3.10251452902e-005, 0.000747730431613, -0.000671418791171], [-0.000277603510767, -0.00479244627059, 0.00159989402164, -0.000479681155412, 0.00126381334849, 0.000197195811779, 0.00207392452285, -0.00618313159794, 0.0167244989425, -0.00612834654748, 0.0026747523807, -0.00127006415278, -0.000837980012875], [-0.000272073608357, 0.00535938609391, -0.00416280608624, 0.00117377028801, -0.00298460572958, -0.00133203587029, -0.00177084852476, 0.00174099532887, -0.00612834654748, 0.0137478923425, -0.00565064419061, 0.00433267606422, -0.000242399590206], [7.48688253225e-005, -0.00469012837857, 0.00244980701245, -0.00115853280295, 0.00169710046612, -0.000186100340215, 0.00185697712004, 3.10251452902e-005, 0.0026747523807, -0.00565064419061, 0.0148971695453, -0.00771008431911, -0.000727595121134], [-0.000565020658541, 0.00566924968734, -0.00574738299474, 0.00291324104182, -0.00416368851438, -0.000258804968325, -0.00344207230955, 0.000747730431613, -0.00127006415278, 0.00433267606422, -0.00771008431911, 0.0180291384459, -0.00459084939212], [0.000123970559798, -0.00191032793373, 0.0018104823539, -0.00229755230248, 0.00108415249269, -0.000789446057752, 0.00162453425582, -0.000671418791171, -0.000837980012875, -0.000242399590206, -0.000727595121134, -0.00459084939212, 0.0136910462752]]
    },
    "melbands": {
        "mean": [4.18246199843e-005, 4.26170709034e-006, 3.37583696819e-005, 0.000144286168506, 0.000835947750602, 0.000661750615109, 0.00032165995799, 0.000434369634604, 0.000334760756232, 0.000182218354894, 0.00014294598077, 8.97097561392e-005, 7.26962607587e-005, 5.6027827668e-005, 2.24096838792e-005, 2.54552360275e-005, 1.65205128724e-005, 7.84872554505e-006, 3.57593035005e-006, 7.5250941336e-006, 4.79411619381e-006, 2.39289624915e-006, 1.02836656879e-006, 1.23364520732e-006, 8.89144359917e-007, 2.05527567232e-006, 7.65075640174e-007, 3.31318602775e-007, 3.71113799247e-007, 2.02780569225e-007, 1.98530386797e-007, 1.40259871273e-007, 8.78800889836e-008, 5.74879486237e-008, 3.57360292469e-008, 2.92067081631e-008, 1.56870978429e-008, 8.53131432166e-009, 9.58382795346e-009, 5.64318591856e-009],
        "var": [7.77306929933e-009, 4.82868640905e-011, 1.48203072037e-009, 7.87503751098e-008, 4.11128257838e-006, 2.35394895753e-006, 8.40741677166e-007, 5.01396607433e-006, 1.14810870855e-006, 1.3259757452e-006, 1.32303568989e-007, 1.85875535408e-007, 9.75684883997e-008, 3.79058455735e-008, 8.37541236365e-009, 1.05596056343e-008, 5.16736298195e-009, 1.10901643424e-009, 1.71394717863e-010, 4.64165789138e-010, 3.24285848174e-010, 6.03127964238e-011, 6.841884264e-012, 1.1301663598e-011, 4.18645933892e-012, 1.2632689339e-010, 7.39138871636e-012, 4.6385698017e-013, 1.3097947206e-012, 5.00199220151e-013, 4.70735267172e-013, 1.64328240685e-013, 9.316591281e-014, 2.79045128069e-014, 1.24664352531e-014, 1.60783794048e-014, 2.06941562783e-015, 5.45617172946e-016, 5.9088229601e-016, 3.55212292626e-016]
    },
    "mfcc": {
        "mean": [-779.150085449, 177.434463501, -21.3053836823, 5.81335067749, -23.0184001923, -14.8173646927, -14.4879541397, -12.7939977646, -13.8006229401, -10.5801506042, -7.567050457, -5.40986442566, 1.91459679604],
        "cov": [[5036.84765625, -488.975341797, -670.635070801, -348.718536377, -761.21496582, -88.2565078735, -332.631500244, -36.1462249756, -99.0014038086, 65.469291687, -37.5974845886, 9.9090719223, -49.1763305664], [-488.975341797, 469.842346191, 103.847175598, 0.987931132317, 138.466003418, -42.5685539246, 32.0542945862, 9.93803596497, -9.602891922, -13.8957910538, 15.2290735245, 19.9663047791, 29.3789100647], [-670.635070801, 103.847175598, 342.11706543, 47.9959335327, 66.4158096313, 21.4772052765, 41.4326858521, 28.7698287964, 24.4096755981, -13.3884210587, 18.9060573578, 47.7843475342, 35.5342445374], [-348.718536377, 0.987931132317, 47.9959335327, 220.533432007, 86.923034668, 14.1230974197, 17.8274440765, -9.1502456665, 13.1882610321, -8.18206787109, -10.7183094025, -9.22623538971, 1.65582811832], [-761.21496582, 138.466003418, 66.4158096313, 86.923034668, 264.999206543, 30.3371887207, 46.6515617371, -12.0323314667, -6.59627008438, -13.1823062897, 1.35783100128, 5.37026357651, 24.5869312286], [-88.2565078735, -42.5685539246, 21.4772052765, 14.1230974197, 30.3371887207, 125.508811951, 39.6960830688, -3.28449392319, 15.2658491135, 14.452255249, 19.6292934418, -4.48936462402, -1.80234408379], [-332.631500244, 32.0542945862, 41.4326858521, 17.8274440765, 46.6515617371, 39.6960830688, 130.296813965, 40.7693595886, 8.86442279816, 1.78271472454, 9.38787555695, 7.73438167572, 5.37894630432], [-36.1462249756, 9.93803596497, 28.7698287964, -9.1502456665, -12.0323314667, -3.28449392319, 40.7693595886, 133.424118042, 33.9686355591, -8.58312129974, -4.59953594208, 17.4609699249, 3.3468670845], [-99.0014038086, -9.602891922, 24.4096755981, 13.1882610321, -6.59627008438, 15.2658491135, 8.86442279816, 33.9686355591, 118.301261902, 45.8082733154, 8.42978096008, -10.1811380386, 2.90794301033], [65.469291687, -13.8957910538, -13.3884210587, -8.18206787109, -13.1823062897, 14.452255249, 1.78271472454, -8.58312129974, 45.8082733154, 133.721755981, 34.6359977722, -32.1939468384, -7.00591087341], [-37.5974845886, 15.2290735245, 18.9060573578, -10.7183094025, 1.35783100128, 19.6292934418, 9.38787555695, -4.59953594208, 8.42978096008, 34.6359977722, 86.8075637817, 19.0159187317, -4.6966753006], [9.9090719223, 19.9663047791, 47.7843475342, -9.22623538971, 5.37026357651, -4.48936462402, 7.73438167572, 17.4609699249, -10.1811380386, -32.1939468384, 19.0159187317, 113.951072693, 39.9724884033], [-49.1763305664, 29.3789100647, 35.5342445374, 1.65582811832, 24.5869312286, -1.80234408379, 5.37894630432, 3.3468670845, 2.90794301033, -7.00591087341, -4.6966753006, 39.9724884033, 97.2643356323]],
        "icov": [[0.00059806520585, -6.25959655736e-005, 0.000869003531989, 8.85590707185e-005, 0.00139487592969, -0.000502578972373, 0.000985301565379, -0.000288948009256, 0.000574590172619, -0.000470054219477, 0.000306161295157, -0.000566087896004, -0.000207772711292], [-6.25959655736e-005, 0.00301953381859, -0.000784570584074, 0.000710071763024, -0.00186177704018, 0.00177079380956, -0.000569263414945, -2.94826786558e-005, 6.40569533061e-006, 0.000214794825297, -0.000792271108367, 0.000364303792594, -0.00030591659015], [0.000869003531989, -0.000784570584074, 0.00493901735172, -0.000569274940062, 0.00189754599705, -0.00128894671798, 0.00101930531673, -0.000758002104703, 0.000104001439468, -0.000316249934258, -3.4804616007e-005, -0.00190873432439, -0.00089535251027], [8.85590707185e-005, 0.000710071763024, -0.000569274940062, 0.0056514237076, -0.00184407259803, 0.000259064749116, -0.000167448160937, 0.000570201722439, -0.000836119870655, 0.000392829038901, 0.000606119108852, 0.000409198633861, 0.000317050755257], [0.00139487592969, -0.00186177704018, 0.00189754599705, -0.00184407259803, 0.00915039144456, -0.00265675061382, 0.00111312279478, 0.000114906128147, 0.00175073533319, -0.000799884204753, 0.000943667895626, -0.00109187571798, -0.0014377401676], [-0.000502578972373, 0.00177079380956, -0.00128894671798, 0.000259064749116, -0.00265675061382, 0.0109151946381, -0.00397997209802, 0.00147586024832, -0.00165068497881, 0.000530947756488, -0.00244756182656, 0.00124209281057, 0.000179629598279], [0.000985301565379, -0.000569263414945, 0.00101930531673, -0.000167448160937, 0.00111312279478, -0.00397997209802, 0.0120477778837, -0.00400219997391, 0.00180046702735, -0.00122616067529, 0.000152585707838, -0.000934582029004, -0.000333812087774], [-0.000288948009256, -2.94826786558e-005, -0.000758002104703, 0.000570201722439, 0.000114906128147, 0.00147586024832, -0.00400219997391, 0.0100758820772, -0.00366743933409, 0.0014639319852, 0.000804315146524, -0.00112598680425, 0.000719630974345], [0.000574590172619, 6.40569533061e-006, 0.000104001439468, -0.000836119870655, 0.00175073533319, -0.00165068497881, 0.00180046702735, -0.00366743933409, 0.0119689619169, -0.00451118731871, 0.000640163372736, 0.000128841857077, -0.000886523514055], [-0.000470054219477, 0.000214794825297, -0.000316249934258, 0.000392829038901, -0.000799884204753, 0.000530947756488, -0.00122616067529, 0.0014639319852, -0.00451118731871, 0.0115146329626, -0.00513139599934, 0.00412194244564, -0.000941714562941], [0.000306161295157, -0.000792271108367, -3.4804616007e-005, 0.000606119108852, 0.000943667895626, -0.00244756182656, 0.000152585707838, 0.000804315146524, 0.000640163372736, -0.00513139599934, 0.0156483016908, -0.00497531285509, 0.00248804572038], [-0.000566087896004, 0.000364303792594, -0.00190873432439, 0.000409198633861, -0.00109187571798, 0.00124209281057, -0.000934582029004, -0.00112598680425, 0.000128841857077, 0.00412194244564, -0.00497531285509, 0.0136462915689, -0.00487180938944], [-0.000207772711292, -0.00030591659015, -0.00089535251027, 0.000317050755257, -0.0014377401676, 0.000179629598279, -0.000333812087774, 0.000719630974345, -0.000886523514055, -0.000941714562941, 0.00248804572038, -0.00487180938944, 0.0130317592993]]
    },
    "spectral_contrast_coeffs": {
        "mean": [-0.535710811615, -0.629251539707, -0.705967664719, -0.7232645154, -0.734561383724, -0.732707560062],
        "var": [0.00802020914853, 0.00774335488677, 0.00541145401075, 0.00409156875685, 0.00329753383994, 0.00164838624187]
    },
    "spectral_contrast_valleys": {
        "mean": [-9.51428222656, -7.5893740654, -8.30906009674, -9.51352977753, -9.98015403748, -13.1925592422],
        "var": [0.468072772026, 1.26132237911, 1.19303691387, 0.944201111794, 0.891431570053, 0.859546542168]
    }
},
"metadata": {
    "audio_properties": {
        "analysis_sample_rate": 44100,
        "bit_rate": 128074,
        "equal_loudness": 0,
        "length": 45.0612258911,
        "lossless": 0,
        "replay_gain": -9.85988998413,
        "sample_rate": 44100,
        "codec": "mp3",
        "downmix": "mix",
        "md5_encoded": "58f77716e26bab1be35bf6265ea711f2"
    },
    "tags": {
        "file_name": "1494.mp3"
    },
    "version": {
        "essentia": "2.1-beta2",
        "essentia_git_sha": "v2.1_beta2",
        "extractor": "music 1.0"
    }
},
"rhythm": {
    "beats_count": 128,
    "beats_loudness": {
        "mean": 0.0354205407202,
        "var": 0.00218199007213
    },
    "bpm": 172.265533447,
    "bpm_histogram_first_peak_bpm": {
        "mean": 172,
        "var": 0
    },
    "bpm_histogram_first_peak_spread": {
        "mean": 0,
        "var": 0
    },
    "bpm_histogram_first_peak_weight": {
        "mean": 0.519685029984,
        "var": 0
    },
    "bpm_histogram_second_peak_bpm": {
        "mean": 178,
        "var": 0
    },
    "bpm_histogram_second_peak_spread": {
        "mean": 0,
        "var": 0
    },
    "bpm_histogram_second_peak_weight": {
        "mean": 0.259842514992,
        "var": 0
    },
    "danceability": 1.43477773666,
    "onset_rate": 3.83749079704,
    "beats_loudness_band_ratio": {
        "mean": [0.0587060153484, 0.501663446426, 0.386409074068, 0.114099152386, 0.0147809684277, 0.00361114810221],
        "var": [0.0108410911635, 0.0444553866982, 0.0313783623278, 0.00765904225409, 0.000254266749835, 1.31585784402e-005]
    },
    "beats_position": [0.371519267559, 0.743038535118, 1.09133780003, 1.46285712719, 1.82276642323, 2.18267560005, 2.53097510338, 2.87927436829, 3.22757363319, 3.5758728981, 3.92417216301, 4.29569149017, 4.65560102463, 5.01551008224, 5.3754196167, 5.72371864319, 6.06040811539, 6.40870714188, 6.74539661407, 7.08208608627, 7.4303855896, 7.77868461609, 8.12698364258, 8.46367359161, 8.80036258698, 9.13705158234, 9.47374153137, 9.82204055786, 10.1703395844, 10.5070295334, 10.8437185287, 11.1920175552, 11.5403175354, 11.8886165619, 12.2485256195, 12.6084346771, 12.9683446884, 13.328253746, 13.6765527725, 14.0248527527, 14.3731517792, 14.7098407745, 15.0465307236, 15.3948297501, 15.7431287766, 16.0914287567, 16.4397277832, 16.7880268097, 17.1247158051, 17.4614048004, 17.8097057343, 18.1580047607, 18.5063037872, 18.8546028137, 19.1912918091, 19.5279808044, 19.8762817383, 20.2245807648, 20.5728797913, 20.9211788177, 21.2694778442, 21.6177768707, 21.9660758972, 22.3143768311, 22.6626758575, 22.9993648529, 23.3476638794, 23.6959629059, 24.0442619324, 24.40417099, 24.7524719238, 25.1007709503, 25.4490699768, 25.7973690033, 26.168888092, 26.5287971497, 26.8770961761, 27.2370071411, 27.5853061676, 27.9336051941, 28.2702941895, 28.6069831848, 28.9436721802, 29.2803630829, 29.6286621094, 29.9769611359, 30.3252601624, 30.6619491577, 30.9986381531, 31.3237190247, 31.66040802, 31.9970970154, 32.3337860107, 32.6704750061, 33.0187759399, 33.3670730591, 33.7153739929, 34.0636711121, 34.4119720459, 34.783493042, 35.1434020996, 35.5033111572, 35.8516082764, 36.1999092102, 36.5365982056, 36.8732872009, 37.2215881348, 37.5814971924, 37.9297943115, 38.2897033691, 38.638004303, 38.9746932983, 39.3113822937, 39.6480712891, 39.9963722229, 40.3562812805, 40.7045783997, 41.0528793335, 41.4011802673, 41.7378692627, 42.0745582581, 42.4228553772, 42.771156311, 43.1310653687, 43.4909744263, 43.8508834839, 44.22240448, 44.6055335999]
},
"tonal": {
    "chords_changes_rate": 0.0452674888074,
    "chords_number_rate": 0.00617283955216,
    "chords_strength": {
        "mean": 0.498052626848,
        "var": 0.00422032689676
    },
    "hpcp_entropy": {
        "mean": 1.41586387157,
        "var": 0.523934185505
    },
    "key_strength": 0.75140184164,
    "tuning_diatonic_strength": 0.584237337112,
    "tuning_equal_tempered_deviation": 0.0651641115546,
    "tuning_frequency": 438.731048584,
    "tuning_nontempered_energy_ratio": 0.724677324295,
    "hpcp": {
        "mean": [0.10835057497, 0.063163459301, 0.0295515712351, 0.0203843861818, 0.0136485984549, 0.0214284807444, 0.024976182729, 0.0387812145054, 0.191275730729, 0.261132538319, 0.10511687398, 0.0146563341841, 0.0192594304681, 0.0507520623505, 0.379841208458, 0.574516475201, 0.256956189871, 0.0314679741859, 0.0132019212469, 0.0132972458377, 0.0296118855476, 0.0374658815563, 0.0502818226814, 0.146504983306, 0.147241577506, 0.0439136363566, 0.0278786681592, 0.0390720628202, 0.165763795376, 0.462221473455, 0.39908388257, 0.0947977304459, 0.0226142145693, 0.019082935527, 0.0256164893508, 0.077631354332],
        "var": [0.0277064200491, 0.0137275829911, 0.0153775541112, 0.00833153538406, 0.0026697430294, 0.0019067999674, 0.0041989274323, 0.00851478334516, 0.0694881305099, 0.13502626121, 0.0235203821212, 0.00222714268602, 0.00536996033043, 0.00980927143246, 0.0830905884504, 0.164458930492, 0.0471020899713, 0.0133023662493, 0.00405081221834, 0.00365626742132, 0.0136135481298, 0.0217295475304, 0.00960054527968, 0.0725775286555, 0.0812512040138, 0.0101267537102, 0.00661035161465, 0.00934318266809, 0.0341045223176, 0.147318080068, 0.109182365239, 0.0144017646089, 0.00670084310696, 0.00514606758952, 0.00449563749135, 0.0160387046635]
    },
    "chords_histogram": [44.2386817932, 3.29218101501, 0, 0, 0, 0, 0, 0, 0, 0, 0, 0, 0, 0, 0, 1.85185182095, 0, 26.6460914612, 0, 2.88065838814, 0, 0, 21.0905342102, 0],
    "thpcp": [1, 0.447256445885, 0.0547729693353, 0.0229791868478, 0.0231451075524, 0.0515422746539, 0.0652128905058, 0.0875202417374, 0.255005717278, 0.256287813187, 0.0764358192682, 0.0485254451632, 0.0680086016655, 0.288527488708, 0.804539978504, 0.694643080235, 0.165004372597, 0.0393621698022, 0.0332156457007, 0.0445879101753, 0.13512468338, 0.18859437108, 0.10994194448, 0.051437292248, 0.0354809425771, 0.0237566698343, 0.0372982881963, 0.0434733964503, 0.0675023570657, 0.332933425903, 0.454525768757, 0.182965815067, 0.0255107283592, 0.0335228517652, 0.08833874017, 0.661149382591],
    "chords_key": "G",
    "chords_scale": "major",
    "key_key": "G",
    "key_scale": "major"
}
}