{
"lowlevel": {
    "average_loudness": 0.346914201975,
    "barkbands_crest": {
        "mean": 11.6092748642,
        "var": 15.0593967438
    },
    "barkbands_flatness_db": {
        "mean": 0.174097076058,
        "var": 0.00183900550473
    },
    "barkbands_kurtosis": {
        "mean": 5.69408655167,
        "var": 49.2628364563
    },
    "barkbands_skewness": {
        "mean": 1.89519810677,
        "var": 0.989296972752
    },
    "barkbands_spread": {
        "mean": 14.9059791565,
        "var": 98.7538604736
    },
    "dissonance": {
        "mean": 0.438656270504,
        "var": 0.000960441073403
    },
    "dynamic_complexity": 4.6325712204,
    "erbbands_crest": {
        "mean": 10.3221349716,
        "var": 17.3841304779
    },
    "erbbands_flatness_db": {
        "mean": 0.20000988245,
        "var": 0.00118609366473
    },
    "erbbands_kurtosis": {
        "mean": 0.161485210061,
        "var": 5.16109514236
    },
    "erbbands_skewness": {
        "mean": 0.565315961838,
        "var": 0.604691565037
    },
    "erbbands_spread": {
        "mean": 38.8666801453,
        "var": 293.973480225
    },
    "hfc": {
        "mean": 10.4179172516,
        "var": 315.08203125
    },
    "melbands_crest": {
        "mean": 14.7209291458,
        "var": 22.6255054474
    },
    "melbands_flatness_db": {
        "mean": 0.242981493473,
        "var": 0.00322960363701
    },
    "melbands_kurtosis": {
        "mean": 14.5204267502,
        "var": 155.483688354
    },
    "melbands_skewness": {
        "mean": 2.92906880379,
        "var": 1.59831988811
    },
    "melbands_spread": {
        "mean": 15.47453022,
        "var": 134.871231079
    },
    "pitch_salience": {
        "mean": 0.568844974041,
        "var": 0.00855880510062
    },
    "silence_rate_20dB": {
        "mean": 1,
        "var": 0
    },
    "silence_rate_30dB": {
        "mean": 1,
        "var": 0
    },
    "silence_rate_60dB": {
        "mean": 0.232234805822,
        "var": 0.178299278021
    },
    "spectral_centroid": {
        "mean": 979.816223145,
        "var": 273900.90625
    },
    "spectral_complexity": {
        "mean": 10.3779611588,
        "var": 38.9311790466
    },
    "spectral_decrease": {
        "mean": -3.36402061762e-009,
        "var": 1.59874524031e-017
    },
    "spectral_energy": {
        "mean": 0.0136415362358,
        "var": 0.000274612277281
    },
    "spectral_energyband_high": {
        "mean": 0.000119214098959,
        "var": 4.69793270952e-008
    },
    "spectral_energyband_low": {
        "mean": 0.000831501965877,
        "var": 1.29192039822e-006
    },
    "spectral_energyband_middle_high": {
        "mean": 0.00386562640779,
        "var": 8.32080258988e-005
    },
    "spectral_energyband_middle_low": {
        "mean": 0.00902184844017,
        "var": 0.000100061377452
    },
    "spectral_entropy": {
        "mean": 6.88238143921,
        "var": 0.167887806892
    },
    "spectral_flux": {
        "mean": 0.0460525788367,
        "var": 0.00112706888467
    },
    "spectral_kurtosis": {
        "mean": 7.40948152542,
        "var": 24.0743255615
    },
    "spectral_rms": {
        "mean": 0.00315453228541,
        "var": 3.35774325322e-006
    },
    "spectral_rolloff": {
        "mean": 1054.77246094,
        "var": 1121826.5
    },
    "spectral_skewness": {
        "mean": 1.85554993153,
        "var": 0.360795468092
    },
    "spectral_spread": {
        "mean": 3487545.5,
        "var": 2.0585250816e+012
    },
    "spectral_strongpeak": {
        "mean": 0.885244905949,
        "var": 1.70457291603
    },
    "zerocrossingrate": {
        "mean": 0.0424643754959,
        "var": 0.000622874416877
    },
    "barkbands": {
        "mean": [0.000224963048822, 8.41513974592e-005, 0.00036842370173, 0.000696404953487, 0.00353601318784, 0.00272689410485, 0.000851896940731, 0.000498922134284, 0.000642001745291, 0.000787630619016, 0.000624258595053, 0.000241426663706, 0.000260689179413, 0.000306950096274, 0.000437161652371, 0.0003626459511, 0.000315501267323, 0.000239252811298, 0.000227013617405, 0.000111384084448, 3.54456533387e-005, 2.14149076783e-005, 1.71091323864e-005, 1.60148392752e-005, 6.1327664298e-006, 1.76873300006e-006, 7.12213079623e-008],
        "var": [3.0196522971e-007, 2.47016984645e-008, 3.33901994054e-007, 1.52516429353e-006, 1.85743720067e-005, 1.86976612895e-005, 2.97434417007e-006, 2.33378386838e-006, 4.7131707106e-006, 5.75928334001e-006, 8.21975754661e-006, 9.20832007978e-007, 2.81735515273e-006, 1.77589527084e-006, 4.22495349994e-006, 1.81282564427e-006, 4.55189621107e-007, 3.80825952107e-007, 3.15667762152e-007, 4.84892339614e-008, 6.50704601313e-009, 2.72800693146e-009, 1.54133672492e-009, 2.66161026552e-009, 3.06251302096e-010, 1.91478378292e-011, 3.67693377102e-014]
    },
    "erbbands": {
        "mean": [0.00416406756267, 0.02110055089, 0.324885368347, 1.44453155994, 5.10499477386, 15.4194412231, 17.27384758, 23.4082736969, 12.8454170227, 14.0925970078, 12.797372818, 14.3728303909, 14.6018800735, 32.796962738, 17.9479503632, 11.0958900452, 11.3936738968, 15.0937795639, 12.8397378922, 27.8955783844, 23.4614162445, 19.1042118073, 13.0002679825, 13.9546804428, 9.32622623444, 5.27979421616, 1.38073039055, 1.56141602993, 0.827878475189, 0.680844664574, 0.404024273157, 0.31584367156, 0.25236928463, 0.10588683188, 0.0293183028698, 0.00971414335072, 0.0029668174684, 0.000450388819445, 1.7529258912e-005, 1.65538003785e-005],
        "var": [0.000112917536171, 0.00125807896256, 0.243606343865, 5.20748329163, 67.9024734497, 462.432983398, 758.828857422, 1832.43615723, 592.376403809, 1140.18249512, 1699.72949219, 2197.39624023, 2306.20556641, 10385.5517578, 4465.55126953, 2267.08496094, 5482.93310547, 4218.53222656, 1504.75183105, 19534.1074219, 6035.80517578, 1681.62182617, 940.632080078, 1132.88220215, 424.614318848, 118.075218201, 5.68210744858, 18.5502529144, 3.77559995651, 1.83578181267, 1.12151110172, 1.48748159409, 0.526712536812, 0.0899854302406, 0.00571285979822, 0.00044156430522, 7.43406853871e-005, 1.83835948064e-006, 1.04130493117e-009, 4.1998240996e-010]
    },
    "gfcc": {
        "mean": [-87.3616867065, 119.87046814, -127.203552246, 28.5641841888, -63.7807884216, -14.082406044, -50.6720962524, -1.68304562569, -32.7153968811, -13.8439731598, -12.0924243927, -0.14079464972, -5.22078752518],
        "cov": [[6346.97216797, -1348.31884766, -911.644348145, -78.0788879395, -545.688842773, -19.6010360718, -435.375701904, 345.652587891, -116.710945129, -5.99762535095, -113.078903198, -138.660812378, -99.2538299561], [-1348.31884766, 977.40057373, 96.9144287109, -135.910400391, 272.376678467, -128.338973999, 202.130889893, -143.607223511, 50.9693870544, -52.8905105591, 74.4468994141, -44.8317451477, 4.20687484741], [-911.644348145, 96.9144287109, 519.510742188, 108.601478577, 11.4836740494, 69.7006454468, -1.85104477406, -18.9565677643, 4.99437522888, 16.4177303314, -12.9169244766, 36.2629394531, -6.70245361328], [-78.0788879395, -135.910400391, 108.601478577, 374.970947266, -13.6348419189, -76.9167404175, -89.3839416504, 16.6905727386, 68.5994796753, -25.0027446747, -6.66178703308, 50.3628921509, 61.6500473022], [-545.688842773, 272.376678467, 11.4836740494, -13.6348419189, 233.401702881, -56.3494758606, 16.506483078, 9.7852640152, 36.2600440979, -12.3247680664, 10.6833314896, -12.2663345337, 9.4664888382], [-19.6010360718, -128.338973999, 69.7006454468, -76.9167404175, -56.3494758606, 294.389038086, 122.505348206, -47.099105835, -50.9510345459, 54.7722702026, -17.5965328217, 6.25499010086, -15.5936040878], [-435.375701904, 202.130889893, -1.85104477406, -89.3839416504, 16.506483078, 122.505348206, 285.371490479, -116.790077209, -63.4282302856, 38.6301231384, 5.46575927734, 34.9518508911, 1.93668532372], [345.652587891, -143.607223511, -18.9565677643, 16.6905727386, 9.7852640152, -47.099105835, -116.790077209, 180.32749939, 30.9102916718, -24.0653514862, -1.79016506672, -19.6157398224, -4.36018753052], [-116.710945129, 50.9693870544, 4.99437522888, 68.5994796753, 36.2600440979, -50.9510345459, -63.4282302856, 30.9102916718, 133.210159302, -6.59263515472, -3.59858059883, 1.79452931881, 21.6361541748], [-5.99762535095, -52.8905105591, 16.4177303314, -25.0027446747, -12.3247680664, 54.7722702026, 38.6301231384, -24.0653514862, -6.59263515472, 108.059661865, -9.80216312408, 7.38988399506, -3.22607398033], [-113.078903198, 74.4468994141, -12.9169244766, -6.66178703308, 10.6833314896, -17.5965328217, 5.46575927734, -1.79016506672, -3.59858059883, -9.80216312408, 107.762542725, 4.99886655807, -8.92181587219], [-138.660812378, -44.8317451477, 36.2629394531, 50.3628921509, -12.2663345337, 6.25499010086, 34.9518508911, -19.6157398224, 1.79452931881, 7.38988399506, 4.99886655807, 110.999214172, 38.84973526], [-99.2538299561, 4.20687484741, -6.70245361328, 61.6500473022, 9.4664888382, -15.5936040878, 1.93668532372, -4.36018753052, 21.6361541748, -3.22607398033, -8.92181587219, 38.84973526, 98.2303237915]],
        "icov": [[0.000418929761508, -5.35019535164e-005, 0.000794462044723, -0.000175231267349, 0.000797069340479, -0.000239935383433, 0.000573107216042, -0.00057883845875, 0.000489016412757, -0.000205620279303, 0.000431724620285, -5.66435431892e-008, 0.0003626459511], [-5.35019535164e-005, 0.00516196805984, -0.00226779468358, 0.00245479075238, -0.00377616146579, 0.00368695543148, -0.00451308395714, 0.00326305697672, -0.00339284772053, 0.00273772166111, -0.0026453929022, 0.00357045675628, -0.00160264817532], [0.000794462044723, -0.00226779468358, 0.00473701627925, -0.00222118431702, 0.00252114539035, -0.0028589963913, 0.0033534092363, -0.00215864181519, 0.00248808972538, -0.0016748594353, 0.00213031680323, -0.00227222521789, 0.00224747485481], [-0.000175231267349, 0.00245479075238, -0.00222118431702, 0.00519105838612, -0.00147022190504, 0.00250608823262, -0.00147817994002, 0.00211032480001, -0.00303824711591, 0.00186423107516, -0.00133922114037, 0.000592093274463, -0.00265473616309], [0.000797069340479, -0.00377616146579, 0.00252114539035, -0.00147022190504, 0.00930703245103, -0.00169742270373, 0.00280898297206, -0.00394080160186, 0.00168918468989, -0.00204516272061, 0.0022730845958, -0.00149452826008, 0.0010234649526], [-0.000239935383433, 0.00368695543148, -0.0028589963913, 0.00250608823262, -0.00169742270373, 0.00792760774493, -0.005535075441, 0.00218681269325, -0.0022882677149, 0.000538106367458, -0.00148604309652, 0.00302137574181, -0.00134823087137], [0.000573107216042, -0.00451308395714, 0.0033534092363, -0.00147817994002, 0.00280898297206, -0.005535075441, 0.0113937333226, -0.000212632876355, 0.00519199669361, -0.00308585260063, 0.00252041523345, -0.00506279617548, 0.00153174460866], [-0.00057883845875, 0.00326305697672, -0.00215864181519, 0.00211032480001, -0.00394080160186, 0.00218681269325, -0.000212632876355, 0.01055688411, -0.0031540824566, 0.00268370145932, -0.00211859797128, 0.00211972347461, -0.00124456267804], [0.000489016412757, -0.00339284772053, 0.00248808972538, -0.00303824711591, 0.00168918468989, -0.0022882677149, 0.00519199669361, -0.0031540824566, 0.0124959778041, -0.00277851731516, 0.00239888159558, -0.00227277213708, 0.000220748173888], [-0.000205620279303, 0.00273772166111, -0.0016748594353, 0.00186423107516, -0.00204516272061, 0.000538106367458, -0.00308585260063, 0.00268370145932, -0.00277851731516, 0.0121128354222, -0.000809280725662, 0.00126332137734, -0.000710155291017], [0.000431724620285, -0.0026453929022, 0.00213031680323, -0.00133922114037, 0.0022730845958, -0.00148604309652, 0.00252041523345, -0.00211859797128, 0.00239888159558, -0.000809280725662, 0.0114508727565, -0.00284221349284, 0.00254584685899], [-5.66435431892e-008, 0.00357045675628, -0.00227222521789, 0.000592093274463, -0.00149452826008, 0.00302137574181, -0.00506279617548, 0.00211972347461, -0.00227277213708, 0.00126332137734, -0.00284221349284, 0.0144979692996, -0.00531199481338], [0.0003626459511, -0.00160264817532, 0.00224747485481, -0.00265473616309, 0.0010234649526, -0.00134823087137, 0.00153174460866, -0.00124456267804, 0.000220748173888, -0.000710155291017, 0.00254584685899, -0.00531199481338, 0.0142967551947]]
    },
    "melbands": {
        "mean": [4.26117439929e-005, 0.000117721458082, 0.000333074654918, 0.000737783731893, 0.000646211905405, 0.000510718848091, 0.000199876973056, 0.000139590716572, 0.000108747190097, 8.64567628014e-005, 7.56796289352e-005, 0.000138889576192, 8.13530859887e-005, 2.58194559137e-005, 2.69568572548e-005, 2.54266888078e-005, 2.92254007945e-005, 2.08135716093e-005, 3.16146833939e-005, 2.66947317868e-005, 2.96795205941e-005, 2.16045718844e-005, 1.07416854007e-005, 1.34113388413e-005, 1.12911493488e-005, 6.827312518e-006, 6.31828424957e-006, 2.66966958407e-006, 7.90247440818e-007, 8.71356746757e-007, 8.18547789549e-007, 5.04843228555e-007, 3.22151180399e-007, 4.10637142068e-007, 2.51018292374e-007, 1.8272636737e-007, 1.87023815101e-007, 1.5774931228e-007, 1.76450868139e-007, 6.31121039874e-008],
        "var": [8.59835758149e-009, 3.35789493988e-008, 3.00862751601e-007, 9.04929720491e-007, 7.42166150758e-007, 8.01301951014e-007, 1.37671008815e-007, 1.07394171778e-007, 1.22657041857e-007, 9.65305204659e-008, 6.30428687032e-008, 1.8457571116e-007, 1.2057297738e-007, 9.71764091418e-009, 2.17798383773e-008, 1.89679258966e-008, 1.79871371131e-008, 5.3529660704e-009, 2.23043787884e-008, 1.35322100192e-008, 1.2260850113e-008, 2.32072205897e-009, 4.03334809995e-010, 1.83901571749e-009, 7.897254517e-010, 2.38622982485e-010, 1.84696188898e-010, 3.24872906354e-011, 2.36906739885e-012, 5.04228603315e-012, 5.12544347242e-012, 1.84658148147e-012, 3.94731773309e-013, 7.2071363634e-013, 4.47011487071e-013, 3.33973896715e-013, 6.89549816985e-013, 2.53390976821e-013, 2.11578692934e-013, 3.61513052024e-014]
    },
    "mfcc": {
        "mean": [-726.540527344, 146.203186035, -6.54202413559, 31.1628131866, 2.83756709099, -14.9933309555, -7.98577880859, -2.17498874664, -13.7228546143, -12.5603370667, -12.4707479477, -9.48260498047, -3.69105911255],
        "cov": [[6135.76855469, -1277.34387207, -731.631835938, -177.260040283, -208.479873657, -432.491455078, -289.645507813, -22.8589420319, -159.819107056, 264.970977783, -29.0192470551, -288.047393799, 32.0633087158], [-1277.34387207, 1026.36035156, -80.3876419067, -36.9235267639, 27.5210838318, 45.5525474548, 122.365188599, -8.38404750824, -29.2250461578, 12.2803440094, 44.4994354248, 29.7297859192, -30.2189617157], [-731.631835938, -80.3876419067, 502.277954102, 39.8182983398, 13.4742479324, 106.016616821, 13.9278354645, 10.6825685501, 49.5453643799, -90.267250061, 10.5424728394, 96.0929260254, -2.17707133293], [-177.260040283, -36.9235267639, 39.8182983398, 366.326507568, 109.426116943, -97.7345428467, -101.405189514, 0.392983704805, 48.2545928955, -92.0021820068, -69.4033279419, 70.6964874268, 99.1572036743], [-208.479873657, 27.5210838318, 13.4742479324, 109.426116943, 327.324859619, -168.050521851, -100.815299988, 27.2413978577, 11.6984577179, 33.8722457886, -25.8412189484, 18.7784099579, 75.2130126953], [-432.491455078, 45.5525474548, 106.016616821, -97.7345428467, -168.050521851, 363.706176758, 125.368202209, -23.4457626343, 48.6008834839, -30.7223434448, 47.1672973633, -4.24956941605, -95.650642395], [-289.645507813, 122.365188599, 13.9278354645, -101.405189514, -100.815299988, 125.368202209, 224.453201294, 4.05045080185, -22.3256778717, -2.09770464897, 36.876335144, -8.17273521423, -59.320186615], [-22.8589420319, -8.38404750824, 10.6825685501, 0.392983704805, 27.2413978577, -23.4457626343, 4.05045080185, 114.095680237, -9.22057437897, 3.26837491989, -4.87417078018, -3.93655204773, 16.2264137268], [-159.819107056, -29.2250461578, 49.5453643799, 48.2545928955, 11.6984577179, 48.6008834839, -22.3256778717, -9.22057437897, 178.057662964, -43.9881401062, -15.2154560089, 10.2179117203, -13.6086387634], [264.970977783, 12.2803440094, -90.267250061, -92.0021820068, 33.8722457886, -30.7223434448, -2.09770464897, 3.26837491989, -43.9881401062, 180.698959351, 24.0164699554, -60.8387794495, -7.73483514786], [-29.0192470551, 44.4994354248, 10.5424728394, -69.4033279419, -25.8412189484, 47.1672973633, 36.876335144, -4.87417078018, -15.2154560089, 24.0164699554, 103.781059265, -9.35746192932, -41.1476478577], [-288.047393799, 29.7297859192, 96.0929260254, 70.6964874268, 18.7784099579, -4.24956941605, -8.17273521423, -3.93655204773, 10.2179117203, -60.8387794495, -9.35746192932, 126.515670776, 35.855255127], [32.0633087158, -30.2189617157, -2.17707133293, 99.1572036743, 75.2130126953, -95.650642395, -59.320186615, 16.2264137268, -13.6086387634, -7.73483514786, -41.1476478577, 35.855255127, 143.565658569]],
        "icov": [[0.000400801596697, 0.000478484929772, 0.000449018436484, 0.000103503327409, 0.000456521374872, 0.000418406096287, 0.000284660723992, 5.73777942918e-005, 9.43219783949e-005, -0.00023057301587, -0.000160427662195, 0.000240820576437, -1.23529634948e-005], [0.000478484929772, 0.00171026494354, 0.000888236099854, 9.7109026683e-005, 0.000116227129183, 0.000354507850716, -0.000344940082869, 0.000168185622897, 0.000217508975766, -0.000264179485384, -0.000500778609421, -0.000287359172944, 0.000147915314301], [0.000449018436484, 0.000888236099854, 0.00331925554201, 0.0002628317161, -0.000209286314202, -0.000550435041077, 0.000293291872367, -0.000351088732714, -7.52811101847e-005, 0.000536806648597, -0.000572218967136, -0.0016483560903, 0.000128722866066], [0.000103503327409, 9.7109026683e-005, 0.0002628317161, 0.00476586492732, -0.000761123199482, 0.00027220195625, 0.000982592464425, 0.000349100126186, -0.00064821424894, 0.00189580535516, 0.0011992623331, -0.000909914786462, -0.00173204171006], [0.000456521374872, 0.000116227129183, -0.000209286314202, -0.000761123199482, 0.00554608693346, 0.00230380613357, 0.00121888727881, -0.000690065673552, -0.00075166951865, -0.00185880961362, -0.000482937786728, 0.000241311558057, -0.000714073190466], [0.000418406096287, 0.000354507850716, -0.000550435041077, 0.00027220195625, 0.00230380613357, 0.00555027741939, -0.00122927338816, 0.000501892587636, -0.0013660864206, -0.00028273431235, -0.000906759989448, 0.000487510842504, 0.00118473079056], [0.000284660723992, -0.000344940082869, 0.000293291872367, 0.000982592464425, 0.00121888727881, -0.00122927338816, 0.00705641554669, -0.000842491805088, 0.00102713902015, 0.000238095584791, -0.000446507649031, -4.5467815653e-005, 0.000736493326258], [5.73777942918e-005, 0.000168185622897, -0.000351088732714, 0.000349100126186, -0.000690065673552, 0.000501892587636, -0.000842491805088, 0.00932770222425, 0.000314889999572, 0.000262299086899, 0.000198951704078, 0.000934378651436, -0.00106267095543], [9.43219783949e-005, 0.000217508975766, -7.52811101847e-005, -0.00064821424894, -0.00075166951865, -0.0013660864206, 0.00102713902015, 0.000314889999572, 0.00692769745365, 0.00117130216677, 0.000849616888445, 0.000453105400084, 0.00119386869483], [-0.00023057301587, -0.000264179485384, 0.000536806648597, 0.00189580535516, -0.00185880961362, -0.00028273431235, 0.000238095584791, 0.000262299086899, 0.00117130216677, 0.00869020726532, -0.00107868597843, 0.00259987730533, -0.000830430071801], [-0.000160427662195, -0.000500778609421, -0.000572218967136, 0.0011992623331, -0.000482937786728, -0.000906759989448, -0.000446507649031, 0.000198951704078, 0.000849616888445, -0.00107868597843, 0.0123367961496, -0.000788567645941, 0.00229057925753], [0.000240820576437, -0.000287359172944, -0.0016483560903, -0.000909914786462, 0.000241311558057, 0.000487510842504, -4.5467815653e-005, 0.000934378651436, 0.000453105400084, 0.00259987730533, -0.000788567645941, 0.0121553521603, -0.00251558911987], [-1.23529634948e-005, 0.000147915314301, 0.000128722866066, -0.00173204171006, -0.000714073190466, 0.00118473079056, 0.000736493326258, -0.00106267095543, 0.00119386869483, -0.000830430071801, 0.00229057925753, -0.00251558911987, 0.0111386207864]]
    },
    "spectral_contrast_coeffs": {
        "mean": [-0.529481589794, -0.657342553139, -0.724684774876, -0.749381363392, -0.723505795002, -0.751592874527],
        "var": [0.00712752202526, 0.00510153919458, 0.00471380632371, 0.00423719314858, 0.00395055767149, 0.002339722123]
    },
    "spectral_contrast_valleys": {
        "mean": [-8.60845851898, -7.49196815491, -8.44322681427, -8.96057987213, -8.88981533051, -11.823975563],
        "var": [0.57027131319, 0.804325163364, 0.726822435856, 0.803348839283, 1.01266121864, 1.39630317688]
    }
},
"metadata": {
    "audio_properties": {
        "analysis_sample_rate": 44100,
        "bit_rate": 128074,
        "equal_loudness": 0,
        "length": 45.0612258911,
        "lossless": 0,
        "replay_gain": -7.75321578979,
        "sample_rate": 44100,
        "codec": "mp3",
        "downmix": "mix",
        "md5_encoded": "61dd7a021e6e18fea8de123b7c097a3b"
    },
    "tags": {
        "file_name": "1495.mp3"
    },
    "version": {
        "essentia": "2.1-beta2",
        "essentia_git_sha": "v2.1_beta2",
        "extractor": "music 1.0"
    }
},
"rhythm": {
    "beats_count": 116,
    "beats_loudness": {
        "mean": 0.0166320987046,
        "var": 0.000281845306745
    },
    "bpm": 155.005157471,
    "bpm_histogram_first_peak_bpm": {
        "mean": 157,
        "var": 0
    },
    "bpm_histogram_first_peak_spread": {
        "mean": 0.184210538864,
        "var": 0
    },
    "bpm_histogram_first_peak_weight": {
        "mean": 0.539130449295,
        "var": 0
    },
    "bpm_histogram_second_peak_bpm": {
        "mean": 152,
        "var": 0
    },
    "bpm_histogram_second_peak_spread": {
        "mean": 0.108108133078,
        "var": 0
    },
    "bpm_histogram_second_peak_weight": {
        "mean": 0.286956518888,
        "var": 0
    },
    "danceability": 0.934296905994,
    "onset_rate": 3.10548377037,
    "beats_loudness_band_ratio": {
        "mean": [0.230369225144, 0.501970052719, 0.118098653853, 0.0975099280477, 0.0750481039286, 0.0316264852881],
        "var": [0.0315861664712, 0.0364882647991, 0.00910025648773, 0.0186403170228, 0.0070753893815, 0.00287587381899]
    },
    "beats_position": [0.371519267559, 0.754648506641, 1.13777780533, 1.52090704441, 1.90403628349, 2.27555561066, 2.65868473053, 3.04181408882, 3.42494320869, 3.79646253586, 4.1679816246, 4.53950119019, 4.92263031006, 5.30575942993, 5.70049858093, 6.09523820877, 6.47836732864, 6.86149644852, 7.24462556839, 7.63936471939, 8.03410434723, 8.42884349823, 8.82358264923, 9.22993183136, 9.63628101349, 10.0542402267, 10.47219944, 10.8785486221, 11.261677742, 11.656416893, 12.0395460129, 12.4226751328, 12.8058052063, 13.1889343262, 13.5604534149, 13.9435825348, 14.3267116547, 14.7098407745, 15.1045799255, 15.4877090454, 15.870839119, 16.2539672852, 16.637096405, 17.0202255249, 17.4149665833, 17.7980957031, 18.1928348541, 18.575963974, 18.970703125, 19.3538322449, 19.7485713959, 20.1317005157, 20.5264396667, 20.9211788177, 21.3159179688, 21.7106571198, 22.1053962708, 22.4769153595, 22.8484344482, 23.219953537, 23.5914726257, 23.974603653, 24.3577327728, 24.7292518616, 25.1123809814, 25.4955101013, 25.8786392212, 26.2617683411, 26.6332874298, 27.0164165497, 27.3995456696, 27.7710647583, 28.1541938782, 28.537322998, 28.9204521179, 29.3151912689, 29.7215423584, 30.1046714783, 30.4878005981, 30.8593196869, 31.2424488068, 31.6255779266, 32.0203170776, 32.4150543213, 32.8097953796, 33.1929244995, 33.5760536194, 33.9707946777, 34.3423118591, 34.725440979, 35.1085700989, 35.4916992188, 35.8748283386, 36.2579574585, 36.6410865784, 37.0242156982, 37.4189567566, 37.8020858765, 38.1968231201, 38.57995224, 38.9630813599, 39.3462142944, 39.7409515381, 40.1356925964, 40.5188217163, 40.9019508362, 41.2850799561, 41.6798171997, 42.0745582581, 42.4692955017, 42.8524246216, 43.2355537415, 43.6302947998, 44.0250320435, 44.4197731018, 44.8145103455]
},
"tonal": {
    "chords_changes_rate": 0.0524691343307,
    "chords_number_rate": 0.00823045242578,
    "chords_strength": {
        "mean": 0.527516126633,
        "var": 0.00732572609559
    },
    "hpcp_entropy": {
        "mean": 1.65533602238,
        "var": 0.444697648287
    },
    "key_strength": 0.771497189999,
    "tuning_diatonic_strength": 0.630412757397,
    "tuning_equal_tempered_deviation": 0.294591486454,
    "tuning_frequency": 432.690917969,
    "tuning_nontempered_energy_ratio": 0.982340157032,
    "hpcp": {
        "mean": [0.207736939192, 0.282675534487, 0.17876046896, 0.0556656979024, 0.0370719581842, 0.0693149939179, 0.21438601613, 0.3207500875, 0.191391244531, 0.0564543642104, 0.0298656448722, 0.0261824484915, 0.0540187470615, 0.0844327732921, 0.0806108489633, 0.110755346715, 0.149741560221, 0.103759624064, 0.0557318590581, 0.0486679337919, 0.066046744585, 0.1954459548, 0.313368052244, 0.18275219202, 0.0395083799958, 0.0342039205134, 0.0554119795561, 0.182440951467, 0.265579342842, 0.14552745223, 0.0352974534035, 0.0252844467759, 0.0375435426831, 0.0568342283368, 0.0704534724355, 0.101376280189],
        "var": [0.0847628638148, 0.134150952101, 0.0715858414769, 0.0212875399739, 0.0147623596713, 0.0304269194603, 0.0776617452502, 0.140077665448, 0.0682593584061, 0.0262987352908, 0.010251189582, 0.0113842589781, 0.0186176020652, 0.0321895778179, 0.0258479434997, 0.0502370260656, 0.0882738903165, 0.0494585707784, 0.0127108450979, 0.0114390794188, 0.0224628951401, 0.056762561202, 0.131099686027, 0.0539026521146, 0.00833925046027, 0.00882362853736, 0.0181848127395, 0.0614303834736, 0.11102321744, 0.0399125143886, 0.00856445450336, 0.00449283700436, 0.0136977648363, 0.0210407599807, 0.023776229471, 0.0430517606437]
    },
    "chords_histogram": [24.8971195221, 0, 17.9012336731, 0.617283940315, 20.9876537323, 0, 0, 0, 0, 0, 0, 0, 0, 0, 0, 1.02880656719, 0, 4.11522626877, 0, 0.411522626877, 0.720164597034, 10.5967073441, 13.8888893127, 4.83539104462],
    "thpcp": [1, 0.5966989398, 0.176007315516, 0.0931118801236, 0.0816288143396, 0.168413817883, 0.263235390186, 0.251319795847, 0.345301061869, 0.46684807539, 0.323490560055, 0.173754781485, 0.151731625199, 0.205913409591, 0.609340310097, 0.976985096931, 0.569765031338, 0.123174965382, 0.10663729161, 0.172757491469, 0.568794727325, 0.827994585037, 0.45370978117, 0.110046587884, 0.0788291171193, 0.117049202323, 0.177191615105, 0.219652235508, 0.316060036421, 0.647659778595, 0.881295263767, 0.55732011795, 0.17354850471, 0.115578949451, 0.216102808714, 0.668389558792],
    "chords_key": "A",
    "chords_scale": "major",
    "key_key": "A",
    "key_scale": "major"
}
}