{
"lowlevel": {
    "average_loudness": 0.950566828251,
    "barkbands_crest": {
        "mean": 9.8071975708,
        "var": 14.6426992416
    },
    "barkbands_flatness_db": {
        "mean": 0.131816640496,
        "var": 0.00260780355893
    },
    "barkbands_kurtosis": {
        "mean": 3.74257922173,
        "var": 34.6951408386
    },
    "barkbands_skewness": {
        "mean": 1.47536861897,
        "var": 1.12491035461
    },
    "barkbands_spread": {
        "mean": 22.0759010315,
        "var": 243.675109863
    },
    "dissonance": {
        "mean": 0.454715758562,
        "var": 0.00122174131684
    },
    "dynamic_complexity": 3.21685934067,
    "erbbands_crest": {
        "mean": 9.29035663605,
        "var": 25.5598964691
    },
    "erbbands_flatness_db": {
        "mean": 0.153021961451,
        "var": 0.00261770258658
    },
    "erbbands_kurtosis": {
        "mean": 0.621899485588,
        "var": 5.5122294426
    },
    "erbbands_skewness": {
        "mean": 0.291944265366,
        "var": 0.569876074791
    },
    "erbbands_spread": {
        "mean": 39.074092865,
        "var": 471.147155762
    },
    "hfc": {
        "mean": 21.748046875,
        "var": 417.944946289
    },
    "melbands_crest": {
        "mean": 13.4928894043,
        "var": 22.5064716339
    },
    "melbands_flatness_db": {
        "mean": 0.206874057651,
        "var": 0.00429210765287
    },
    "melbands_kurtosis": {
        "mean": 11.4016237259,
        "var": 186.355331421
    },
    "melbands_skewness": {
        "mean": 2.47649931908,
        "var": 2.22036743164
    },
    "melbands_spread": {
        "mean": 21.7882404327,
        "var": 262.264984131
    },
    "pitch_salience": {
        "mean": 0.562658667564,
        "var": 0.0112832831219
    },
    "silence_rate_20dB": {
        "mean": 1,
        "var": 0
    },
    "silence_rate_30dB": {
        "mean": 1,
        "var": 0
    },
    "silence_rate_60dB": {
        "mean": 0.0324407815933,
        "var": 0.0313886553049
    },
    "spectral_centroid": {
        "mean": 1100.99755859,
        "var": 275132.875
    },
    "spectral_complexity": {
        "mean": 16.5968074799,
        "var": 62.9009284973
    },
    "spectral_decrease": {
        "mean": -6.75276012885e-009,
        "var": 2.77929939578e-017
    },
    "spectral_energy": {
        "mean": 0.0274591129273,
        "var": 0.000440390431322
    },
    "spectral_energyband_high": {
        "mean": 0.000872873002663,
        "var": 2.81406232716e-006
    },
    "spectral_energyband_low": {
        "mean": 0.00806599855423,
        "var": 0.000165910139913
    },
    "spectral_energyband_middle_high": {
        "mean": 0.00592886470258,
        "var": 5.53819154447e-005
    },
    "spectral_energyband_middle_low": {
        "mean": 0.013613384217,
        "var": 0.000124161946587
    },
    "spectral_entropy": {
        "mean": 7.46908473969,
        "var": 0.297654420137
    },
    "spectral_flux": {
        "mean": 0.0829537436366,
        "var": 0.00234603346325
    },
    "spectral_kurtosis": {
        "mean": 6.0346903801,
        "var": 27.8200855255
    },
    "spectral_rms": {
        "mean": 0.00479144137353,
        "var": 3.83143969884e-006
    },
    "spectral_rolloff": {
        "mean": 1543.07214355,
        "var": 3356296.5
    },
    "spectral_skewness": {
        "mean": 1.88062214851,
        "var": 0.471955358982
    },
    "spectral_spread": {
        "mean": 5114547.5,
        "var": 5.64501623603e+012
    },
    "spectral_strongpeak": {
        "mean": 1.18222403526,
        "var": 2.8962802887
    },
    "zerocrossingrate": {
        "mean": 0.0628313869238,
        "var": 0.00188965443522
    },
    "barkbands": {
        "mean": [0.000261459848844, 0.00443038996309, 0.00253694667481, 0.00183962727897, 0.00406750431284, 0.00222106277943, 0.0011968765175, 0.00162759842351, 0.00234154169448, 0.00096393696731, 0.000983150559478, 0.000833297846839, 0.000641905644443, 0.000815500621684, 0.000582354608923, 0.000449880084489, 0.000409450847656, 0.000189409824088, 0.000136478614877, 0.000146421865793, 0.000102825710201, 0.000138172094012, 0.000136661808938, 0.000122845565784, 0.000201678543817, 7.55445435061e-005, 6.59611032461e-006],
        "var": [3.89328420169e-007, 0.000100555720564, 1.39260037031e-005, 5.21380616192e-006, 1.58421098604e-005, 1.33020785142e-005, 3.92461970478e-006, 2.72807847068e-005, 3.10245886794e-005, 6.8253975769e-006, 7.65410004533e-006, 7.04001922713e-006, 2.50119364864e-006, 3.66970334653e-006, 2.22120593207e-006, 1.29461341203e-006, 2.2442595764e-006, 1.48293167967e-007, 6.62551826736e-008, 1.51651846636e-007, 3.07800966937e-008, 7.20895130257e-008, 1.09418891725e-007, 1.53264281266e-007, 3.6556977534e-007, 4.79469122183e-008, 3.97595262269e-010]
    },
    "erbbands": {
        "mean": [0.162512853742, 0.877839803696, 2.68934464455, 4.72917747498, 8.86191749573, 14.508020401, 19.7169284821, 16.2706413269, 14.5097646713, 25.4786567688, 44.7526016235, 50.7473258972, 35.0990638733, 32.8196029663, 37.3348045349, 29.3158588409, 31.6133441925, 34.920791626, 33.3361854553, 30.2939319611, 27.6810932159, 23.8625869751, 12.3008289337, 8.84324264526, 5.76970529556, 7.25164365768, 5.05567979813, 4.25649785995, 5.3090968132, 3.52777886391, 4.05188989639, 2.61214208603, 2.24020671844, 2.06930208206, 1.53036224842, 0.425674706697, 0.119679667056, 0.024904159829, 0.000716440088581, 5.23641429027e-005],
        "var": [0.174159616232, 3.29154419899, 13.2105731964, 33.3122215271, 94.4141235352, 238.238372803, 874.155395508, 709.790649414, 704.917236328, 3936.6887207, 13208.4394531, 16921.4433594, 9296.22363281, 6789.24902344, 8212.31738281, 4692.62304688, 5633.61865234, 8787.57714844, 3319.41113281, 4729.36767578, 5482.77246094, 7870.32128906, 694.486694336, 257.477142334, 138.770736694, 407.169891357, 78.0731658936, 57.9948272705, 112.673774719, 41.0355758667, 115.094818115, 60.8735275269, 60.121673584, 47.9700775146, 19.8385925293, 1.81484389305, 0.117872476578, 0.00492308754474, 4.35344918515e-006, 3.94258714564e-009]
    },
    "gfcc": {
        "mean": [2.754799366, 93.9775161743, -106.735618591, 21.0690288544, -52.6235466003, 17.7932167053, -46.6975975037, 6.832280159, -30.602771759, 3.44489574432, -21.8393383026, -0.621141016483, -9.92726898193],
        "cov": [[4756.29052734, -1267.47131348, -95.9859313965, -41.0633354187, -211.051773071, 248.322479248, -17.0603885651, 136.965042114, -171.52180481, 96.9961166382, -189.903305054, 122.85004425, -59.4492378235], [-1267.47131348, 1481.21765137, -236.237304688, -219.976699829, 332.974090576, -195.838256836, 129.160583496, 41.0567703247, 137.965423584, -61.8340415955, 136.25579834, -119.126419067, 122.627975464], [-95.9859313965, -236.237304688, 563.593017578, 70.924621582, -54.1272125244, 98.1999588013, 10.5596590042, 20.1674556732, 21.6195812225, 43.8028793335, -9.09917831421, 57.5397109985, -45.2397155762], [-41.0633354187, -219.976699829, 70.924621582, 516.265258789, -2.06756830215, 72.7497406006, 7.40956926346, -95.7026367188, -20.0553016663, -63.722946167, 18.7261180878, 26.4031448364, -33.2038192749], [-211.051773071, 332.974090576, -54.1272125244, -2.06756830215, 283.885345459, 33.8474998474, 52.7360954285, 33.4172706604, 38.2957992554, -8.70372867584, 39.1035232544, -1.28888690472, 34.3402633667], [248.322479248, -195.838256836, 98.1999588013, 72.7497406006, 33.8474998474, 268.625762939, 59.9357948303, -40.8275489807, -28.7056465149, 3.54936051369, -2.50054144859, 18.65483284, -19.0781269073], [-17.0603885651, 129.160583496, 10.5596590042, 7.40956926346, 52.7360954285, 59.9357948303, 168.966308594, 32.6812896729, 27.6259059906, 12.4201478958, 11.0367488861, -14.8821935654, -3.19063782692], [136.965042114, 41.0567703247, 20.1674556732, -95.7026367188, 33.4172706604, -40.8275489807, 32.6812896729, 150.047576904, 36.2191047668, 28.9783000946, -11.040019989, 3.55222201347, 12.1135120392], [-171.52180481, 137.965423584, 21.6195812225, -20.0553016663, 38.2957992554, -28.7056465149, 27.6259059906, 36.2191047668, 106.624671936, 22.4874706268, 5.51770591736, -5.01121902466, -1.85299563408], [96.9961166382, -61.8340415955, 43.8028793335, -63.722946167, -8.70372867584, 3.54936051369, 12.4201478958, 28.9783000946, 22.4874706268, 98.8913116455, 2.50691652298, -5.07188653946, -5.95361614227], [-189.903305054, 136.25579834, -9.09917831421, 18.7261180878, 39.1035232544, -2.50054144859, 11.0367488861, -11.040019989, 5.51770591736, 2.50691652298, 79.9643630981, 7.43572759628, 15.9863700867], [122.85004425, -119.126419067, 57.5397109985, 26.4031448364, -1.28888690472, 18.65483284, -14.8821935654, 3.55222201347, -5.01121902466, -5.07188653946, 7.43572759628, 88.6003799438, 13.8730735779], [-59.4492378235, 122.627975464, -45.2397155762, -33.2038192749, 34.3402633667, -19.0781269073, -3.19063782692, 12.1135120392, -1.85299563408, -5.95361614227, 15.9863700867, 13.8730735779, 78.4800262451]],
        "icov": [[0.000340623169905, 0.000180817922228, 0.000262799585471, 8.54967674968e-006, 5.94583907514e-005, -0.000269617215963, -5.28834461875e-005, -0.00046201312216, 0.000359362456948, -0.000282926135696, 0.000439530122094, -0.000379270146368, 7.27342849132e-005], [0.000180817922228, 0.00301324529573, -0.000189545753528, 0.00132935878355, -0.00227036979049, 0.0018980675377, -0.00191876699682, 0.00121808599215, -0.00223629828542, 0.00286414963193, -0.00314521533437, 0.0034534749575, -0.00273465947248], [0.000262799585471, -0.000189545753528, 0.00259926449507, -0.000450401741546, 0.000829140713904, -0.00131000392139, 0.000378208525945, -0.00116768479347, -0.000105576473288, -0.00141802767757, 0.000648902903777, -0.00214412761852, 0.00145415286534], [8.54967674968e-006, 0.00132935878355, -0.000450401741546, 0.00316563202068, -0.00113935768604, 0.000709407264367, -0.00120098993648, 0.0020078883972, -0.00124707701616, 0.00287038739771, -0.00206155329943, 0.000981481047347, -0.000243996168138], [5.94583907514e-005, -0.00227036979049, 0.000829140713904, -0.00113935768604, 0.00654492853209, -0.00282873981632, 0.000965824932791, -0.00242261774838, 0.000274753692793, -0.00148982251994, 0.000754978740588, -0.00261914380826, 0.000652860966511], [-0.000269617215963, 0.0018980675377, -0.00131000392139, 0.000709407264367, -0.00282873981632, 0.00707080960274, -0.00358175393194, 0.00332270632498, 5.32825615664e-005, 0.00150691450108, -0.00160493399017, 0.00171024305746, -0.00118671066593], [-5.28834461875e-005, -0.00191876699682, 0.000378208525945, -0.00120098993648, 0.000965824932791, -0.00358175393194, 0.00907433591783, -0.00306433183141, -0.000138184477692, -0.00201698695309, 0.000935418822337, -0.000487012905069, 0.00195583677851], [-0.00046201312216, 0.00121808599215, -0.00116768479347, 0.0020078883972, -0.00242261774838, 0.00332270632498, -0.00306433183141, 0.0111080193892, -0.00300382776186, 0.00041816601879, 2.71286389761e-005, 0.000949191395193, -0.00226073106751], [0.000359362456948, -0.00223629828542, -0.000105576473288, -0.00124707701616, 0.000274753692793, 5.32825615664e-005, -0.000138184477692, -0.00300382776186, 0.0143841113895, -0.00490020494908, 0.00319491745904, -0.00324538396671, 0.00341957202181], [-0.000282926135696, 0.00286414963193, -0.00141802767757, 0.00287038739771, -0.00148982251994, 0.00150691450108, -0.00201698695309, 0.00041816601879, -0.00490020494908, 0.0159894376993, -0.00548671605065, 0.0050412658602, -0.00209721061401], [0.000439530122094, -0.00314521533437, 0.000648902903777, -0.00206155329943, 0.000754978740588, -0.00160493399017, 0.000935418822337, 2.71286389761e-005, 0.00319491745904, -0.00548671605065, 0.0192597340792, -0.00602541398257, 0.000863769615535], [-0.000379270146368, 0.0034534749575, -0.00214412761852, 0.000981481047347, -0.00261914380826, 0.00171024305746, -0.000487012905069, 0.000949191395193, -0.00324538396671, 0.0050412658602, -0.00602541398257, 0.0187266599387, -0.00688588107005], [7.27342849132e-005, -0.00273465947248, 0.00145415286534, -0.000243996168138, 0.000652860966511, -0.00118671066593, 0.00195583677851, -0.00226073106751, 0.00341957202181, -0.00209721061401, 0.000863769615535, -0.00688588107005, 0.0186224449426]]
    },
    "melbands": {
        "mean": [0.00131250731647, 0.0013119764626, 0.00093812023988, 0.000868207658641, 0.000699715455994, 0.000386120111216, 0.000215016189031, 0.000296849029837, 0.000418721319875, 0.00029313415871, 0.000169386446942, 0.000129927284434, 0.000136512186145, 9.46575237322e-005, 7.46512159822e-005, 6.32416049484e-005, 6.58458084217e-005, 5.75769518036e-005, 4.7071629524e-005, 2.98764534818e-005, 3.11975818477e-005, 2.65383860096e-005, 1.43808165376e-005, 9.3403396022e-006, 6.99092333889e-006, 4.54331438959e-006, 3.97329586121e-006, 5.03222872794e-006, 3.39303028341e-006, 2.48057199315e-006, 2.42482269641e-006, 3.23600670527e-006, 2.26467614084e-006, 1.85005342246e-006, 2.21556501856e-006, 2.29733632295e-006, 1.3482583654e-006, 1.48549690948e-006, 1.60645026881e-006, 1.82786584446e-006],
        "var": [1.01810046544e-005, 3.368531452e-006, 1.05516858184e-006, 7.6722136555e-007, 8.58148155203e-007, 3.82036688507e-007, 1.32454900381e-007, 7.21916308066e-007, 1.06493882868e-006, 5.617269494e-007, 2.42799046646e-007, 1.08147119704e-007, 1.20002511039e-007, 1.33578240025e-007, 2.43076296869e-008, 2.25242331453e-008, 3.24579971789e-008, 1.22350476417e-008, 2.10249364585e-008, 3.68181307664e-009, 9.30012866718e-009, 1.40295970397e-008, 1.64041114026e-009, 4.35273234123e-010, 1.93017463124e-010, 6.69829886002e-011, 1.53442758499e-010, 1.93578222896e-010, 3.66499990079e-011, 1.89497445513e-011, 2.05938825021e-011, 4.50905979221e-011, 2.06039196121e-011, 1.12077881698e-011, 3.0013259239e-011, 5.55738302599e-011, 1.60226276691e-011, 2.61306237065e-011, 3.58695954883e-011, 3.67779973143e-011]
    },
    "mfcc": {
        "mean": [-646.96661377, 131.444625854, 3.60122084618, 12.2616977692, 11.1795387268, 7.07754564285, 0.385778546333, -2.47681570053, -0.436090290546, -3.14446663857, -3.24255180359, -4.68201303482, -3.33814954758],
        "cov": [[4213.94580078, -1208.88574219, -98.1732788086, -182.194961548, -128.36579895, 61.0389099121, 87.5566711426, 55.6403846741, 43.2644996643, -29.9695796967, -56.4517326355, -88.2288742065, -38.1471405029], [-1208.88574219, 1552.02404785, -364.68460083, -69.4116973877, 88.5995864868, -189.029800415, 60.8526611328, -37.4924278259, 114.736610413, 54.7220573425, 62.4956626892, 49.406414032, 51.6162376404], [-98.1732788086, -364.68460083, 552.230041504, 19.2492828369, -21.4561977386, 82.3495788574, -24.4158344269, 27.8297367096, -20.9243450165, -5.87472391129, -1.39256846905, 34.1488990784, 22.3495903015], [-182.194961548, -69.4116973877, 19.2492828369, 309.666412354, 44.1471939087, 31.8778133392, -9.35119628906, 37.1062316895, -16.9146766663, -16.8406524658, -5.30554819107, 20.804517746, -13.5248794556], [-128.36579895, 88.5995864868, -21.4561977386, 44.1471939087, 186.636581421, 34.6944351196, 21.58984375, 28.6029129028, 4.04394721985, -18.7856197357, -5.54738903046, 21.8542900085, -0.557723283768], [61.0389099121, -189.029800415, 82.3495788574, 31.8778133392, 34.6944351196, 265.461669922, 58.0392723083, 65.18309021, -39.7033538818, 20.1457977295, 4.91512489319, -22.2299213409, -20.3619613647], [87.5566711426, 60.8526611328, -24.4158344269, -9.35119628906, 21.58984375, 58.0392723083, 141.874298096, 40.2789306641, 10.0906076431, 18.7940692902, 13.2149114609, -9.10264110565, -2.02305269241], [55.6403846741, -37.4924278259, 27.8297367096, 37.1062316895, 28.6029129028, 65.18309021, 40.2789306641, 124.336639404, 19.9454803467, -5.39073371887, -5.32859992981, 10.7877140045, 9.79759979248], [43.2644996643, 114.736610413, -20.9243450165, -16.9146766663, 4.04394721985, -39.7033538818, 10.0906076431, 19.9454803467, 111.751502991, 28.4810638428, 15.3284397125, 13.0041666031, 28.4073867798], [-29.9695796967, 54.7220573425, -5.87472391129, -16.8406524658, -18.7856197357, 20.1457977295, 18.7940692902, -5.39073371887, 28.4810638428, 102.210693359, 47.1993865967, -7.57455158234, -2.1070599556], [-56.4517326355, 62.4956626892, -1.39256846905, -5.30554819107, -5.54738903046, 4.91512489319, 13.2149114609, -5.32859992981, 15.3284397125, 47.1993865967, 82.3606872559, 17.1202487946, -0.549396753311], [-88.2288742065, 49.406414032, 34.1488990784, 20.804517746, 21.8542900085, -22.2299213409, -9.10264110565, 10.7877140045, 13.0041666031, -7.57455158234, 17.1202487946, 78.0755004883, 20.7260036469], [-38.1471405029, 51.6162376404, 22.3495903015, -13.5248794556, -0.557723283768, -20.3619613647, -2.02305269241, 9.79759979248, 28.4073867798, -2.1070599556, -0.549396753311, 20.7260036469, 76.5439910889]],
        "icov": [[0.0004024648224, 0.000448675215011, 0.000312110001687, 0.00027339666849, 9.55865907599e-005, 0.000109379994683, -0.000393753580283, -6.78751603118e-005, -0.000487788434839, 0.000125596692669, 3.70087036572e-005, -3.62653372576e-006, 6.90053493599e-005], [0.000448675215011, 0.00147516629659, 0.000886477064341, 0.000432015425758, -0.000388999033021, 0.000646180764306, -0.000890874944162, 0.000150817912072, -0.000916733057238, -0.000214799671085, -0.000292698299745, -0.000467235455289, -0.000368718348909], [0.000312110001687, 0.000886477064341, 0.00264861993492, 0.000284669134999, 0.000305496825604, -0.000528803328052, 3.42138009728e-005, -0.000125268197735, -0.000284146692138, -9.75223447313e-005, 4.06932886108e-005, -0.00141596130561, -0.000800331356004], [0.00027339666849, 0.000432015425758, 0.000284669134999, 0.0038198849652, -0.000612167932559, -2.0775351004e-005, 0.000281360698864, -0.00112600391731, 0.000136888556881, 0.000159924733452, 4.47926395282e-005, -0.000981975113973, 0.000798152585048], [9.55865907599e-005, -0.000388999033021, 0.000305496825604, -0.000612167932559, 0.00655353814363, -0.00128618767485, -0.000553233898245, -0.000395368755562, -0.000649875611998, 0.00148341560271, 0.000572036253288, -0.00187188794371, 0.000647156499326], [0.000109379994683, 0.000646180764306, -0.000528803328052, -2.0775351004e-005, -0.00128618767485, 0.00631294958293, -0.00177061569411, -0.00284014991485, 0.0024338492658, -0.00198673154227, -0.000456031208159, 0.00170863140374, 0.00033234313014], [-0.000393753580283, -0.000890874944162, 3.42138009728e-005, 0.000281360698864, -0.000553233898245, -0.00177061569411, 0.00944661628455, -0.00241690385155, 0.000245597533649, -0.000680455705151, -0.00108892249409, 0.00122586451471, 7.86054733908e-005], [-6.78751603118e-005, 0.000150817912072, -0.000125268197735, -0.00112600391731, -0.000395368755562, -0.00284014991485, -0.00241690385155, 0.011710414663, -0.00330456276424, 0.001487949281, 0.00117219088133, -0.00174630281981, -0.000870495627169], [-0.000487788434839, -0.000916733057238, -0.000284146692138, 0.000136888556881, -0.000649875611998, 0.0024338492658, 0.000245597533649, -0.00330456276424, 0.0135282771662, -0.00426524039358, -0.000126660641399, -0.000227242882829, -0.00352304847911], [0.000125596692669, -0.000214799671085, -9.75223447313e-005, 0.000159924733452, 0.00148341560271, -0.00198673154227, -0.000680455705151, 0.001487949281, -0.00426524039358, 0.0161035116762, -0.00835714675486, 0.0029284961056, 0.000711322994903], [3.70087036572e-005, -0.000292698299745, 4.06932886108e-005, 4.47926395282e-005, 0.000572036253288, -0.000456031208159, -0.00108892249409, 0.00117219088133, -0.000126660641399, -0.00835714675486, 0.0187042746693, -0.00564302597195, 0.00139507185668], [-3.62653372576e-006, -0.000467235455289, -0.00141596130561, -0.000981975113973, -0.00187188794371, 0.00170863140374, 0.00122586451471, -0.00174630281981, -0.000227242882829, 0.0029284961056, -0.00564302597195, 0.0178530849516, -0.00345967290923], [6.90053493599e-005, -0.000368718348909, -0.000800331356004, 0.000798152585048, 0.000647156499326, 0.00033234313014, 7.86054733908e-005, -0.000870495627169, -0.00352304847911, 0.000711322994903, 0.00139507185668, -0.00345967290923, 0.0162026192993]]
    },
    "spectral_contrast_coeffs": {
        "mean": [-0.617683887482, -0.698425412178, -0.754266083241, -0.763949513435, -0.791909217834, -0.785018980503],
        "var": [0.0059263240546, 0.0074476916343, 0.00649557402357, 0.00442758295685, 0.00231029512361, 0.0011456097709]
    },
    "spectral_contrast_valleys": {
        "mean": [-7.15332221985, -6.86933231354, -7.35760450363, -7.6471953392, -7.83305263519, -10.1375455856],
        "var": [0.704886674881, 0.571625232697, 0.695780038834, 0.695815682411, 0.819230616093, 1.24663245678]
    }
},
"metadata": {
    "audio_properties": {
        "analysis_sample_rate": 44100,
        "bit_rate": 128074,
        "equal_loudness": 0,
        "length": 45.0612258911,
        "lossless": 0,
        "replay_gain": -5.03965568542,
        "sample_rate": 44100,
        "codec": "mp3",
        "downmix": "mix",
        "md5_encoded": "06f7a80653d14fe417052b1013dd5855"
    },
    "tags": {
        "file_name": "1496.mp3"
    },
    "version": {
        "essentia": "2.1-beta2",
        "essentia_git_sha": "v2.1_beta2",
        "extractor": "music 1.0"
    }
},
"rhythm": {
    "beats_count": 128,
    "beats_loudness": {
        "mean": 0.039553374052,
        "var": 0.000406112463679
    },
    "bpm": 172.265579224,
    "bpm_histogram_first_peak_bpm": {
        "mean": 172,
        "var": 0
    },
    "bpm_histogram_first_peak_spread": {
        "mean": 0,
        "var": 0
    },
    "bpm_histogram_first_peak_weight": {
        "mean": 0.803149580956,
        "var": 0
    },
    "bpm_histogram_second_peak_bpm": {
        "mean": 167,
        "var": 0
    },
    "bpm_histogram_second_peak_spread": {
        "mean": 0,
        "var": 0
    },
    "bpm_histogram_second_peak_weight": {
        "mean": 0.102362208068,
        "var": 0
    },
    "danceability": 1.1140948534,
    "onset_rate": 4.50295162201,
    "beats_loudness_band_ratio": {
        "mean": [0.421734780073, 0.218227028847, 0.135481089354, 0.130921572447, 0.0726392939687, 0.07491363585],
        "var": [0.057872723788, 0.0221077352762, 0.0124029861763, 0.0152700506151, 0.00334869930521, 0.0070563107729]
    },
    "beats_position": [0.359909296036, 0.743038535118, 1.11455774307, 1.47446703911, 1.83437633514, 2.18267560005, 2.51936507225, 2.85605430603, 3.20435357094, 3.55265307426, 3.90095233917, 4.2492518425, 4.59755086899, 4.94585037231, 5.2941493988, 5.64244890213, 6.00235795975, 6.35065746307, 6.71056699753, 7.04725599289, 7.40716552734, 7.75546455383, 8.10376358032, 8.45206356049, 8.80036258698, 9.14866161346, 9.49696159363, 9.84526062012, 10.1935596466, 10.5418596268, 10.8901586533, 11.2384576797, 11.5867567062, 11.9350566864, 12.2833557129, 12.6316547394, 12.9799547195, 13.328253746, 13.6765527725, 14.0248527527, 14.3731517792, 14.7446708679, 15.0929698944, 15.4412698746, 15.7895689011, 16.1494789124, 16.50938797, 16.8576869965, 17.1943759918, 17.5310649872, 17.8677539825, 18.2044448853, 18.5527439117, 18.9010429382, 19.2493419647, 19.5976409912, 19.9459400177, 20.2942390442, 20.642539978, 21.0024490356, 21.3623580933, 21.7106571198, 22.0589561462, 22.4072551727, 22.7555541992, 23.1038551331, 23.4521541595, 23.800453186, 24.1487522125, 24.497051239, 24.8453502655, 25.1936511993, 25.5419502258, 25.9018592834, 26.2617683411, 26.6100673676, 26.958366394, 27.3066654205, 27.6549663544, 28.0032653809, 28.3515644073, 28.6882534027, 29.0365524292, 29.3732414246, 29.7215423584, 30.0698413849, 30.4181404114, 30.778049469, 31.1379585266, 31.4862575531, 31.8345565796, 32.1828575134, 32.5311546326, 32.8794555664, 33.2277526855, 33.5760536194, 33.9243545532, 34.2726516724, 34.6209526062, 34.9692497253, 35.3175506592, 35.6658477783, 36.0141487122, 36.362449646, 36.7107467651, 37.059047699, 37.4073448181, 37.755645752, 38.1039466858, 38.4522438049, 38.8005447388, 39.1488418579, 39.4971427917, 39.8454399109, 40.1937408447, 40.5420417786, 40.8903388977, 41.2386398315, 41.5869369507, 41.9352378845, 42.2835350037, 42.6318359375, 42.9801368713, 43.3284339905, 43.6767349243, 44.0250320435, 44.3733329773, 44.7216300964]
},
"tonal": {
    "chords_changes_rate": 0.0401234552264,
    "chords_number_rate": 0.00720164598897,
    "chords_strength": {
        "mean": 0.584539473057,
        "var": 0.00659547140822
    },
    "hpcp_entropy": {
        "mean": 1.93264853954,
        "var": 0.628325939178
    },
    "key_strength": 0.846858799458,
    "tuning_diatonic_strength": 0.623615980148,
    "tuning_equal_tempered_deviation": 0.041628215462,
    "tuning_frequency": 441.527557373,
    "tuning_nontempered_energy_ratio": 0.683009624481,
    "hpcp": {
        "mean": [0.292005956173, 0.159589111805, 0.0794049873948, 0.0718439817429, 0.0803143754601, 0.183230608702, 0.246217519045, 0.141633450985, 0.0615423507988, 0.0578275024891, 0.0745168924332, 0.170688688755, 0.224211424589, 0.124277032912, 0.0446135029197, 0.0409836284816, 0.0639499500394, 0.120389975607, 0.13465860486, 0.125737562776, 0.246423453093, 0.328170597553, 0.205230176449, 0.101863317192, 0.0745051428676, 0.0584651194513, 0.0966978520155, 0.125712275505, 0.0963357612491, 0.0731104314327, 0.0753443017602, 0.0902049764991, 0.179387107491, 0.243076100945, 0.208035439253, 0.266590356827],
        "var": [0.133399531245, 0.0527850687504, 0.028803370893, 0.0263382848352, 0.0240714997053, 0.054980520159, 0.097146295011, 0.0390732325613, 0.0192352291197, 0.0185252726078, 0.0252860914916, 0.0623909235001, 0.0907085388899, 0.0347592756152, 0.0123572405428, 0.0130290007219, 0.018911767751, 0.05209518224, 0.0513328164816, 0.0356032326818, 0.0812340900302, 0.118758760393, 0.0581314563751, 0.0377660878003, 0.0248569026589, 0.0187230352312, 0.0330122336745, 0.0538261458278, 0.0366556718946, 0.0277296733111, 0.0274112559855, 0.03364668414, 0.0625201836228, 0.0918657034636, 0.0593852885067, 0.110324017704]
    },
    "chords_histogram": [32.4074058533, 17.5925922394, 28.0864200592, 13.0658435822, 0, 0, 0, 0, 0, 0, 2.88065838814, 0, 1.13168728352, 0, 0, 0, 0, 0, 0, 0, 0, 0, 0, 4.83539104462],
    "thpcp": [1, 0.625376462936, 0.310397446156, 0.227031737566, 0.17815464735, 0.29465726018, 0.383069902658, 0.2935539186, 0.222781777382, 0.22958882153, 0.274872213602, 0.54662758112, 0.740700423717, 0.633924663067, 0.812352955341, 0.889799237251, 0.48629924655, 0.241962522268, 0.218922659755, 0.24473361671, 0.558339476585, 0.750272929668, 0.431584835052, 0.187531575561, 0.176211714745, 0.227067545056, 0.52012181282, 0.683216094971, 0.37869644165, 0.135946065187, 0.124885134399, 0.194868013263, 0.366851806641, 0.410331100225, 0.383146941662, 0.750900447369],
    "chords_key": "A",
    "chords_scale": "major",
    "key_key": "A",
    "key_scale": "major"
}
}