{
"lowlevel": {
    "average_loudness": 0.830086410046,
    "barkbands_crest": {
        "mean": 10.0110406876,
        "var": 11.3035087585
    },
    "barkbands_flatness_db": {
        "mean": 0.201147794724,
        "var": 0.00260288012214
    },
    "barkbands_kurtosis": {
        "mean": 7.35882043839,
        "var": 45.3170127869
    },
    "barkbands_skewness": {
        "mean": 1.93857550621,
        "var": 0.812069416046
    },
    "barkbands_spread": {
        "mean": 9.22120094299,
        "var": 43.7542762756
    },
    "dissonance": {
        "mean": 0.430417925119,
        "var": 0.00240398501046
    },
    "dynamic_complexity": 4.45879173279,
    "erbbands_crest": {
        "mean": 9.47960090637,
        "var": 18.8981456757
    },
    "erbbands_flatness_db": {
        "mean": 0.19946038723,
        "var": 0.00224213371985
    },
    "erbbands_kurtosis": {
        "mean": 1.81187713146,
        "var": 12.9746685028
    },
    "erbbands_skewness": {
        "mean": 0.928115785122,
        "var": 0.586953580379
    },
    "erbbands_spread": {
        "mean": 26.8050708771,
        "var": 200.63710022
    },
    "hfc": {
        "mean": 7.91389703751,
        "var": 80.0168304443
    },
    "melbands_crest": {
        "mean": 13.1068906784,
        "var": 16.8370246887
    },
    "melbands_flatness_db": {
        "mean": 0.288353800774,
        "var": 0.00312133459374
    },
    "melbands_kurtosis": {
        "mean": 12.4907741547,
        "var": 117.480125427
    },
    "melbands_skewness": {
        "mean": 2.42234921455,
        "var": 1.40409207344
    },
    "melbands_spread": {
        "mean": 9.53028869629,
        "var": 42.5649909973
    },
    "pitch_salience": {
        "mean": 0.618659079075,
        "var": 0.00749145355076
    },
    "silence_rate_20dB": {
        "mean": 1,
        "var": 0
    },
    "silence_rate_30dB": {
        "mean": 0.992276012897,
        "var": 0.00766459666193
    },
    "silence_rate_60dB": {
        "mean": 0.172502577305,
        "var": 0.142744809389
    },
    "spectral_centroid": {
        "mean": 596.566101074,
        "var": 120420.539063
    },
    "spectral_complexity": {
        "mean": 11.0849637985,
        "var": 27.1724624634
    },
    "spectral_decrease": {
        "mean": -5.31482946542e-009,
        "var": 3.27910541382e-017
    },
    "spectral_energy": {
        "mean": 0.020777169615,
        "var": 0.000499287503771
    },
    "spectral_energyband_high": {
        "mean": 4.26022961619e-005,
        "var": 6.09602324175e-009
    },
    "spectral_energyband_low": {
        "mean": 0.00618369970471,
        "var": 7.09406740498e-005
    },
    "spectral_energyband_middle_high": {
        "mean": 0.00142026692629,
        "var": 3.81573909181e-006
    },
    "spectral_energyband_middle_low": {
        "mean": 0.0153139894828,
        "var": 0.000332385418005
    },
    "spectral_entropy": {
        "mean": 6.81113767624,
        "var": 0.194159805775
    },
    "spectral_flux": {
        "mean": 0.060780223459,
        "var": 0.00203026412055
    },
    "spectral_kurtosis": {
        "mean": 12.2521390915,
        "var": 74.2660293579
    },
    "spectral_rms": {
        "mean": 0.00393609330058,
        "var": 4.77756930195e-006
    },
    "spectral_rolloff": {
        "mean": 588.846740723,
        "var": 405711.375
    },
    "spectral_skewness": {
        "mean": 2.50541996956,
        "var": 0.662169218063
    },
    "spectral_spread": {
        "mean": 3066008,
        "var": 2.45696744653e+012
    },
    "spectral_strongpeak": {
        "mean": 0.688005745411,
        "var": 0.707542181015
    },
    "zerocrossingrate": {
        "mean": 0.0275413747877,
        "var": 0.00030854504439
    },
    "barkbands": {
        "mean": [0.000153430708451, 0.0020711440593, 0.00187133334111, 0.00338474055752, 0.00475835846737, 0.00208391458727, 0.0022865801584, 0.00137171393726, 0.0012924001785, 0.000424019963248, 0.000164134340594, 0.000174664368387, 0.000150626059622, 0.000114666065201, 6.4643114456e-005, 0.000191665822058, 5.6482047512e-005, 4.773870387e-005, 5.89930496062e-005, 1.98379766516e-005, 1.0004010619e-005, 7.17806869943e-006, 6.53926963423e-006, 5.24959068571e-006, 3.86166993849e-006, 2.89302170131e-006, 3.93426120127e-007],
        "var": [3.22104142469e-007, 8.55082907947e-006, 1.01038522189e-005, 2.80793901766e-005, 7.09753876436e-005, 1.40909796755e-005, 2.45779483521e-005, 8.62945944391e-006, 1.98259112949e-005, 8.38024902805e-007, 7.7371964835e-008, 1.50884531536e-007, 1.09928180336e-007, 6.08293646565e-008, 1.7904103089e-008, 1.57697883196e-007, 9.07836827935e-009, 7.93894194828e-009, 1.45160194975e-008, 1.20973042694e-009, 3.03782971001e-010, 2.04227662559e-010, 2.55509891023e-010, 1.80541651074e-010, 1.22437851524e-010, 1.02530171853e-010, 2.59450815866e-012]
    },
    "erbbands": {
        "mean": [0.0536130070686, 0.488652259111, 1.64882063866, 8.48142719269, 9.35801410675, 16.9862594604, 22.7157268524, 16.8147087097, 27.1476688385, 38.6340675354, 26.8488998413, 32.7894058228, 15.7412090302, 12.0089197159, 7.9699716568, 6.92645263672, 7.65557479858, 6.30018043518, 4.54723644257, 7.4054775238, 7.43379926682, 3.20138096809, 2.77663397789, 2.54611539841, 2.70972061157, 0.935612380505, 0.433183014393, 0.379303574562, 0.271497309208, 0.188312351704, 0.187553435564, 0.129679515958, 0.0802276283503, 0.0494681447744, 0.023650560528, 0.0124143902212, 0.00509729702026, 0.00132196419872, 4.86917815579e-005, 2.41167490458e-005],
        "var": [0.0142441466451, 0.362588107586, 5.5383143425, 186.859191895, 173.040664673, 993.435241699, 2362.98999023, 701.126037598, 4019.74584961, 8038.73242188, 3838.0546875, 13183.6904297, 1960.63720703, 803.493652344, 184.085617065, 237.795394897, 227.944732666, 170.426986694, 65.3182983398, 158.518859863, 266.006713867, 26.9674472809, 26.299659729, 21.5227375031, 32.4038887024, 2.46088814735, 0.440787941217, 0.545980393887, 0.267216295004, 0.191247239709, 0.214095339179, 0.100668743253, 0.0530763976276, 0.0241755116731, 0.00400458043441, 0.00166261289269, 0.000315262004733, 2.69035808742e-005, 2.32900188024e-008, 6.64045818333e-010]
    },
    "gfcc": {
        "mean": [-83.6185531616, 154.888549805, -106.205238342, 20.1413841248, -51.5302429199, -2.23668885231, -37.0243911743, 2.3465616703, -19.6291255951, -6.97282218933, -12.6387310028, -6.89520263672, -8.83219242096],
        "cov": [[5637.125, -801.465026855, -113.659065247, -120.934341431, -221.204711914, 23.2096614838, -228.057403564, 127.584083557, -128.704467773, 147.154846191, -202.073181152, 18.3196048737, -266.49206543], [-801.465026855, 1182.25476074, -289.932952881, -51.5990524292, 296.773742676, -169.741760254, 181.787780762, -101.035072327, 173.380096436, -198.31930542, 199.835067749, -138.130935669, 158.378234863], [-113.659065247, -289.932952881, 574.43157959, -13.5302944183, -193.963623047, 93.8977584839, -26.531167984, 1.51950991154, -51.1864089966, 103.415847778, -47.8047676086, 101.560401917, -27.739112854], [-120.934341431, -51.5990524292, -13.5302944183, 246.490966797, 88.6790771484, 41.9772720337, -1.41753268242, -19.938337326, 11.0332202911, -11.6377182007, -0.772796392441, 3.55236911774, 44.1450386047], [-221.204711914, 296.773742676, -193.963623047, 88.6790771484, 382.775085449, -15.4439973831, 56.2514648438, 30.4025821686, 33.1421775818, -57.7243385315, 25.1414756775, -24.4986591339, 46.6502876282], [23.2096614838, -169.741760254, 93.8977584839, 41.9772720337, -15.4439973831, 164.999481201, 18.6295661926, 31.2754859924, -21.9575500488, 29.98346138, -35.0620918274, 8.74339103699, -5.9787273407], [-228.057403564, 181.787780762, -26.531167984, -1.41753268242, 56.2514648438, 18.6295661926, 156.203842163, 21.4412002563, 19.0846767426, -19.8462600708, 11.6790180206, -20.8353786469, 25.8560161591], [127.584083557, -101.035072327, 1.51950991154, -19.938337326, 30.4025821686, 31.2754859924, 21.4412002563, 104.430656433, 1.6200401783, 29.3240013123, -24.6789188385, 18.9145450592, -18.7961292267], [-128.704467773, 173.380096436, -51.1864089966, 11.0332202911, 33.1421775818, -21.9575500488, 19.0846767426, 1.6200401783, 107.452735901, -4.56569385529, 43.5216293335, -19.1701660156, 25.1167240143], [147.154846191, -198.31930542, 103.415847778, -11.6377182007, -57.7243385315, 29.98346138, -19.8462600708, 29.3240013123, -4.56569385529, 117.300689697, -17.8534812927, 40.2060546875, -40.2133216858], [-202.073181152, 199.835067749, -47.8047676086, -0.772796392441, 25.1414756775, -35.0620918274, 11.6790180206, -24.6789188385, 43.5216293335, -17.8534812927, 97.9046173096, -14.8727416992, 25.9500350952], [18.3196048737, -138.130935669, 101.560401917, 3.55236911774, -24.4986591339, 8.74339103699, -20.8353786469, 18.9145450592, -19.1701660156, 40.2060546875, -14.8727416992, 97.3452148438, -0.841137886047], [-266.49206543, 158.378234863, -27.739112854, 44.1450386047, 46.6502876282, -5.9787273407, 25.8560161591, -18.7961292267, 25.1167240143, -40.2133216858, 25.9500350952, -0.841137886047, 83.5480117798]],
        "icov": [[0.00023890841112, -0.000151913598529, 0.000189142549061, -0.000110324195703, 0.000198500609258, -6.30443464615e-005, 0.000345765991369, -0.000298537226627, 0.000162097348948, -0.000173267922946, 0.000423321034759, -9.27036235225e-005, 0.000617048761342], [-0.000151913598529, 0.0068564475514, -0.00124580832198, 0.00395189458504, -0.00411190558225, 0.00296306610107, -0.00486096600071, 0.00468373764306, -0.00497228093445, 0.00411642808467, -0.00596518162638, 0.00402312725782, -0.00554828718305], [0.000189142549061, -0.00124580832198, 0.00331926904619, -0.000647087581456, 0.00187344977167, -0.00183386681601, 0.000703458033968, -4.59773291368e-005, 0.00126013346016, -0.00209027482197, 0.0016189244343, -0.00307884323411, 0.00108477775939], [-0.000110324195703, 0.00395189458504, -0.000647087581456, 0.00776336202398, -0.00378594873473, -0.000139793599374, -0.00201681815088, 0.00458393897861, -0.00336521817371, 0.00167600414716, -0.00260710017756, 0.00195465562865, -0.00575300073251], [0.000198500609258, -0.00411190558225, 0.00187344977167, -0.00378594873473, 0.00649430928752, -0.00149448064622, 0.00218214374036, -0.0046745473519, 0.00296481722035, -0.00154113629833, 0.00324711250141, -0.00280277407728, 0.00292037473992], [-6.30443464615e-005, 0.00296306610107, -0.00183386681601, -0.000139793599374, -0.00149448064622, 0.00976172834635, -0.00314843817614, -0.000522434886079, -0.000839699234348, 0.000523408991285, -0.00109882908873, 0.00373347150162, -0.00307995523326], [0.000345765991369, -0.00486096600071, 0.000703458033968, -0.00201681815088, 0.00218214374036, -0.00314843817614, 0.0115434117615, -0.00544848619029, 0.00316461338662, -0.00255294796079, 0.00399132352322, -0.000957418058533, 0.00194540864322], [-0.000298537226627, 0.00468373764306, -4.59773291368e-005, 0.00458393897861, -0.0046745473519, -0.000522434886079, -0.00544848619029, 0.0174333881587, -0.00556824589148, 0.000542068737559, -0.00114569312427, -0.000611114141066, -0.0018027999904], [0.000162097348948, -0.00497228093445, 0.00126013346016, -0.00336521817371, 0.00296481722035, -0.000839699234348, 0.00316461338662, -0.00556824589148, 0.0166510008276, -0.00560179166496, -0.000378639670089, -0.000156982365297, 0.000605689536314], [-0.000173267922946, 0.00411642808467, -0.00209027482197, 0.00167600414716, -0.00154113629833, 0.000523408991285, -0.00255294796079, 0.000542068737559, -0.00560179166496, 0.0170870404691, -0.00423788512126, -0.00187465723138, 0.00308022322133], [0.000423321034759, -0.00596518162638, 0.0016189244343, -0.00260710017756, 0.00324711250141, -0.00109882908873, 0.00399132352322, -0.00114569312427, -0.000378639670089, -0.00423788512126, 0.0201366897672, -0.00336719607003, 0.0029742505867], [-9.27036235225e-005, 0.00402312725782, -0.00307884323411, 0.00195465562865, -0.00280277407728, 0.00373347150162, -0.000957418058533, -0.000611114141066, -0.000156982365297, -0.00187465723138, -0.00336719607003, 0.0181759893894, -0.00761249987409], [0.000617048761342, -0.00554828718305, 0.00108477775939, -0.00575300073251, 0.00292037473992, -0.00307995523326, 0.00194540864322, -0.0018027999904, 0.000605689536314, 0.00308022322133, 0.0029742505867, -0.00761249987409, 0.0252962931991]]
    },
    "melbands": {
        "mean": [0.000545279530343, 0.000818457454443, 0.00144475314301, 0.000881964282598, 0.000862284621689, 0.000387182226405, 0.000429571577115, 0.000397072522901, 0.000210255020647, 0.000201760980417, 7.27219958208e-005, 4.83986768813e-005, 2.61854220298e-005, 1.82770418178e-005, 1.69943359651e-005, 1.54224471771e-005, 1.16812007036e-005, 7.60419834478e-006, 6.24788481218e-006, 1.39555941132e-005, 7.24618939785e-006, 3.12611655318e-006, 3.42029807143e-006, 1.72767704498e-006, 2.13923499359e-006, 2.12965846913e-006, 1.35319749006e-006, 4.5358439138e-007, 2.55306900954e-007, 2.47836709377e-007, 2.11009819395e-007, 1.62076830179e-007, 1.16558432239e-007, 9.91492754565e-008, 1.06280644729e-007, 1.07864202903e-007, 6.7743421539e-008, 5.58354855684e-008, 5.1742826912e-008, 3.81540061767e-008],
        "var": [8.50499361604e-007, 1.0684117342e-006, 4.32765000369e-006, 1.61577133895e-006, 3.44523800777e-006, 3.94002910298e-007, 8.82327015006e-007, 7.90721514932e-007, 2.54879637396e-007, 5.80290134167e-007, 4.75678838541e-008, 1.42041907125e-008, 1.9863106715e-009, 1.31177535501e-009, 1.4916807789e-009, 1.2599445931e-009, 6.83759771025e-010, 1.97390909173e-010, 1.1276510975e-010, 9.09628261603e-010, 2.20334639423e-010, 2.63139995904e-011, 5.8277146997e-011, 8.56953483869e-012, 1.72384329034e-011, 2.17600503588e-011, 7.50113252762e-012, 5.96892164601e-013, 1.5973329701e-013, 2.16781508109e-013, 1.96666630464e-013, 1.07903107022e-013, 6.79273260903e-014, 5.34742673861e-014, 6.74824034001e-014, 8.57469070791e-014, 2.66206581925e-014, 2.40284595471e-014, 3.11806143242e-014, 1.43343775299e-014]
    },
    "mfcc": {
        "mean": [-730.03314209, 184.031890869, 4.72309970856, 25.0512123108, 6.3508605957, -2.9633038044, -4.83128118515, 1.33822393417, -4.33096837997, 1.30932199955, -4.59213781357, -3.10773301125, -1.22318899632],
        "cov": [[4797.89306641, -427.177886963, -333.634368896, -51.2296295166, -146.118301392, -55.5459976196, -168.235397339, -36.6211700439, -86.0391769409, 105.899360657, 18.6746120453, -38.0448646545, 0.116711117327], [-427.177886963, 949.372680664, -244.529830933, 24.672334671, 71.7210464478, -66.778755188, 44.2559700012, 53.0535812378, -4.16322422028, 10.785068512, 13.2917737961, -3.05653619766, 30.6050682068], [-333.634368896, -244.529830933, 619.886230469, -77.8132476807, -151.360198975, 51.909198761, -33.8246269226, -57.7500152588, -0.690562129021, -65.08177948, 4.46099185944, 64.1565170288, -22.2167224884], [-51.2296295166, 24.672334671, -77.8132476807, 193.514068604, 82.2105865479, 36.0517807007, 8.89846611023, 15.9611053467, 11.3198060989, 3.32084965706, -24.7482376099, -30.1744213104, 27.9526882172], [-146.118301392, 71.7210464478, -151.360198975, 82.2105865479, 241.842224121, 29.5052528381, 27.2069835663, 33.1543998718, 12.8732795715, 20.2566547394, -14.7338294983, -27.9513320923, 34.7613182068], [-55.5459976196, -66.778755188, 51.909198761, 36.0517807007, 29.5052528381, 126.272201538, 34.6157531738, 4.39403343201, 24.1752490997, 7.40287065506, -5.40153026581, -2.71536779404, -6.76944065094], [-168.235397339, 44.2559700012, -33.8246269226, 8.89846611023, 27.2069835663, 34.6157531738, 134.00769043, 41.3907165527, 34.5614280701, 11.4182014465, 5.98124456406, -7.94787359238, -13.9783153534], [-36.6211700439, 53.0535812378, -57.7500152588, 15.9611053467, 33.1543998718, 4.39403343201, 41.3907165527, 90.5364990234, 35.4617538452, 6.992623806, -4.58751296997, -7.98354148865, 1.58152914047], [-86.0391769409, -4.16322422028, -0.690562129021, 11.3198060989, 12.8732795715, 24.1752490997, 34.5614280701, 35.4617538452, 93.1055908203, 21.9836845398, -1.39487433434, 1.84611916542, -3.51936769485], [105.899360657, 10.785068512, -65.08177948, 3.32084965706, 20.2566547394, 7.40287065506, 11.4182014465, 6.992623806, 21.9836845398, 79.239906311, 19.1426677704, 3.03739118576, 2.99427080154], [18.6746120453, 13.2917737961, 4.46099185944, -24.7482376099, -14.7338294983, -5.40153026581, 5.98124456406, -4.58751296997, -1.39487433434, 19.1426677704, 69.2254180908, 30.9579372406, -8.85710430145], [-38.0448646545, -3.05653619766, 64.1565170288, -30.1744213104, -27.9513320923, -2.71536779404, -7.94787359238, -7.98354148865, 1.84611916542, 3.03739118576, 30.9579372406, 68.5050125122, 9.77380084991], [0.116711117327, 30.6050682068, -22.2167224884, 27.9526882172, 34.7613182068, -6.76944065094, -13.9783153534, 1.58152914047, -3.51936769485, 2.99427080154, -8.85710430145, 9.77380084991, 71.0601730347]],
        "icov": [[0.000271281925961, 0.00015738834918, 0.000246268580668, 6.44713218207e-005, 0.000286837486783, -9.98716423055e-005, 0.000324538152199, -0.000144199831993, 0.000245051109232, -0.000338414189173, -5.60454463994e-005, 0.000137196257128, -9.88370957202e-005], [0.00015738834918, 0.00135299866088, 0.000551933597308, -1.68360747921e-005, 6.32125520497e-005, 0.000531548692379, -0.000246320007136, -0.000461989315227, 0.000301512074657, 7.21565738786e-005, -0.000251687160926, -0.000251594785368, -0.000407132087275], [0.000246268580668, 0.000551933597308, 0.00298241036944, 0.000551886274479, 0.00135066662915, -0.00151786068454, 0.000545846880414, 0.000802523165476, -0.000469904101919, 0.00178205920383, 0.000389291613828, -0.00198082090355, -1.59700121003e-005], [6.44713218207e-005, -1.68360747921e-005, 0.000551886274479, 0.00706428708509, -0.00118329084944, -0.00207918067463, 0.000512575090397, -0.000149716404849, -0.000469936174341, 0.000506474694703, 0.000580006511882, 0.00217508547939, -0.00238571711816], [0.000286837486783, 6.32125520497e-005, 0.00135066662915, -0.00118329084944, 0.00642911391333, -0.00167442229576, -2.02702522074e-005, -0.00107947783545, 0.000418313517002, -0.000658447854221, -0.000125893449876, 0.00124513055198, -0.00256291218102], [-9.98716423055e-005, 0.000531548692379, -0.00151786068454, -0.00207918067463, -0.00167442229576, 0.0109439212829, -0.00277902465314, 0.00102449976839, -0.00142733962275, -0.00122130068485, 0.000802730617579, -0.000470089697046, 0.00155222485773], [0.000324538152199, -0.000246320007136, 0.000545846880414, 0.000512575090397, -2.02702522074e-005, -0.00277902465314, 0.0105898939073, -0.0035462945234, -0.00155763933435, -0.000223309121793, -0.00152164069004, 0.00109573081136, 0.0015737285139], [-0.000144199831993, -0.000461989315227, 0.000802523165476, -0.000149716404849, -0.00107947783545, 0.00102449976839, -0.0035462945234, 0.0157390292734, -0.00527403596789, 0.00151754054241, 0.000741174793802, -0.000137243725476, -0.000127107530716], [0.000245051109232, 0.000301512074657, -0.000469904101919, -0.000469936174341, 0.000418313517002, -0.00142733962275, -0.00155763933435, -0.00527403596789, 0.0151090072468, -0.00462273973972, 0.00181781011634, -0.00142848014366, 0.000744191813283], [-0.000338414189173, 7.21565738786e-005, 0.00178205920383, 0.000506474694703, -0.000658447854221, -0.00122130068485, -0.000223309121793, 0.00151754054241, -0.00462273973972, 0.0172064416111, -0.00494654010981, -4.13661327912e-005, -0.00110938074067], [-5.60454463994e-005, -0.000251687160926, 0.000389291613828, 0.000580006511882, -0.000125893449876, 0.000802730617579, -0.00152164069004, 0.000741174793802, 0.00181781011634, -0.00494654010981, 0.0215128976852, -0.0104171810672, 0.00423697009683], [0.000137196257128, -0.000251594785368, -0.00198082090355, 0.00217508547939, 0.00124513055198, -0.000470089697046, 0.00109573081136, -0.000137243725476, -0.00142848014366, -4.13661327912e-005, -0.0104171810672, 0.0237421561033, -0.00643503246829], [-9.88370957202e-005, -0.000407132087275, -1.59700121003e-005, -0.00238571711816, -0.00256291218102, 0.00155222485773, 0.0015737285139, -0.000127107530716, 0.000744191813283, -0.00110938074067, 0.00423697009683, -0.00643503246829, 0.0183923579752]]
    },
    "spectral_contrast_coeffs": {
        "mean": [-0.612517654896, -0.726150751114, -0.753408432007, -0.76992982626, -0.781041443348, -0.782829582691],
        "var": [0.00704598473385, 0.00605851784348, 0.00332702463493, 0.00297085149214, 0.00243382202461, 0.00126857380383]
    },
    "spectral_contrast_valleys": {
        "mean": [-7.27711582184, -6.79339742661, -7.87729692459, -8.5910654068, -8.95236206055, -11.8464622498],
        "var": [0.70710259676, 0.741788268089, 0.736432850361, 0.734343886375, 0.784292042255, 1.22818982601]
    }
},
"metadata": {
    "audio_properties": {
        "analysis_sample_rate": 44100,
        "bit_rate": 128074,
        "equal_loudness": 0,
        "length": 45.0612258911,
        "lossless": 0,
        "replay_gain": -7.87378883362,
        "sample_rate": 44100,
        "codec": "mp3",
        "downmix": "mix",
        "md5_encoded": "cf1e38047722cd9fd0d55c5d0151a5b8"
    },
    "tags": {
        "file_name": "1497.mp3"
    },
    "version": {
        "essentia": "2.1-beta2",
        "essentia_git_sha": "v2.1_beta2",
        "extractor": "music 1.0"
    }
},
"rhythm": {
    "beats_count": 76,
    "beats_loudness": {
        "mean": 0.034351464361,
        "var": 0.000498774636071
    },
    "bpm": 103.046150208,
    "bpm_histogram_first_peak_bpm": {
        "mean": 103,
        "var": 0
    },
    "bpm_histogram_first_peak_spread": {
        "mean": 0.328767180443,
        "var": 0
    },
    "bpm_histogram_first_peak_weight": {
        "mean": 0.653333306313,
        "var": 0
    },
    "bpm_histogram_second_peak_bpm": {
        "mean": 92,
        "var": 0
    },
    "bpm_histogram_second_peak_spread": {
        "mean": 0,
        "var": 0
    },
    "bpm_histogram_second_peak_weight": {
        "mean": 0.0133333336562,
        "var": 0
    },
    "danceability": 1.08026230335,
    "onset_rate": 3.39385008812,
    "beats_loudness_band_ratio": {
        "mean": [0.370310753584, 0.356334120035, 0.253690481186, 0.0542492754757, 0.028898909688, 0.00934292562306],
        "var": [0.0374986119568, 0.0306814033538, 0.0250900071114, 0.0016210351605, 0.00102237903047, 5.33962047484e-005]
    },
    "beats_position": [0.626938760281, 1.27709746361, 1.88081634045, 2.46131515503, 3.04181408882, 3.62231278419, 4.17959165573, 4.76009082794, 5.34058952332, 5.92108821869, 6.5015873909, 7.10530614853, 7.69741487503, 8.28952407837, 8.87002277374, 9.45052146912, 10.0310201645, 10.6115188599, 11.1920175552, 11.7725172043, 12.3530158997, 12.9567346573, 13.5372333527, 14.117732048, 14.6866207123, 15.2555103302, 15.8360090256, 16.4165077209, 16.99700737, 17.5891151428, 18.1696147919, 18.7617225647, 19.3422222137, 19.9111099243, 20.4799995422, 21.0604991913, 21.640996933, 22.221496582, 22.8019943237, 23.3824939728, 23.9629936218, 24.5434913635, 25.1239910126, 25.6928787231, 26.2733783722, 26.8538761139, 27.4227657318, 28.0032653809, 28.5837631226, 29.1642627716, 29.7447605133, 30.3252601624, 30.9173698425, 31.5094776154, 32.0899772644, 32.6704750061, 33.2625846863, 33.8546943665, 34.4468002319, 35.0389099121, 35.6194114685, 36.211517334, 36.7920188904, 37.3841247559, 37.9646263123, 38.545124054, 39.1256217957, 39.7061233521, 40.2866210938, 40.8671188354, 41.4476165771, 42.0165061951, 42.5970077515, 43.1775054932, 43.7696151733, 44.3733329773]
},
"tonal": {
    "chords_changes_rate": 0.0380658432841,
    "chords_number_rate": 0.00823045242578,
    "chords_strength": {
        "mean": 0.531586229801,
        "var": 0.00753825111315
    },
    "hpcp_entropy": {
        "mean": 1.90509712696,
        "var": 0.423198521137
    },
    "key_strength": 0.711720705032,
    "tuning_diatonic_strength": 0.589507222176,
    "tuning_equal_tempered_deviation": 0.379584431648,
    "tuning_frequency": 434.193115234,
    "tuning_nontempered_energy_ratio": 0.989639759064,
    "hpcp": {
        "mean": [0.0595838017762, 0.1091202721, 0.128586217761, 0.0836760923266, 0.0508458800614, 0.0496784746647, 0.0673095583916, 0.133191376925, 0.188453167677, 0.226250365376, 0.362462520599, 0.369790494442, 0.179661139846, 0.0775052607059, 0.0701634958386, 0.0965543538332, 0.198123320937, 0.216079711914, 0.116833679378, 0.0705073699355, 0.0596514903009, 0.0615054480731, 0.172081544995, 0.265823036432, 0.201471790671, 0.167801246047, 0.17574159801, 0.110243596137, 0.0522942692041, 0.0446053929627, 0.0468237735331, 0.0896475315094, 0.124804824591, 0.0972647219896, 0.0776673555374, 0.0633146986365],
        "var": [0.0197367407382, 0.0349210575223, 0.0438452549279, 0.0291619990021, 0.021077150479, 0.0194934867322, 0.0292151812464, 0.0486399382353, 0.0705896168947, 0.0775026157498, 0.144499450922, 0.137133300304, 0.0482298471034, 0.0367020778358, 0.0319712422788, 0.040038049221, 0.0997358113527, 0.102514706552, 0.0414748080075, 0.0327880308032, 0.024544801563, 0.0185903273523, 0.0509972684085, 0.0957831665874, 0.0637973919511, 0.065438836813, 0.102514773607, 0.0425646863878, 0.0156464800239, 0.0119041660801, 0.0144875729457, 0.0211519934237, 0.03474996984, 0.0267002508044, 0.0344604887068, 0.0246546510607]
    },
    "chords_histogram": [10.5967073441, 9.87654304504, 37.0370368958, 13.271604538, 7.20164632797, 2.57201647758, 0.925925910473, 0, 0.102880656719, 0, 1.44032919407, 0, 0, 0, 0, 0, 0, 0.720164597034, 0, 0, 0, 0, 0, 16.2551441193],
    "thpcp": [1, 0.48584574461, 0.209592357278, 0.189738512039, 0.261105567217, 0.535771787167, 0.58433008194, 0.315945595503, 0.190668419003, 0.161311581731, 0.166325122118, 0.465348750353, 0.718847692013, 0.544826865196, 0.453773826361, 0.475246399641, 0.298124462366, 0.141415938735, 0.120623417199, 0.126622438431, 0.242427900434, 0.337501436472, 0.263026565313, 0.210030704737, 0.171217754483, 0.161128535867, 0.295086741447, 0.34772720933, 0.226279720664, 0.137499153614, 0.134342223406, 0.182020798326, 0.360180646181, 0.509621441364, 0.611833930016, 0.980183422565],
    "chords_key": "C",
    "chords_scale": "major",
    "key_key": "F",
    "key_scale": "major"
}
}