{
"lowlevel": {
    "average_loudness": 0.925963938236,
    "barkbands_crest": {
        "mean": 10.2827396393,
        "var": 11.1852626801
    },
    "barkbands_flatness_db": {
        "mean": 0.192191764712,
        "var": 0.00278200372122
    },
    "barkbands_kurtosis": {
        "mean": 7.88704824448,
        "var": 56.1808357239
    },
    "barkbands_skewness": {
        "mean": 2.09961223602,
        "var": 1.14244091511
    },
    "barkbands_spread": {
        "mean": 10.2187519073,
        "var": 39.6588249207
    },
    "dissonance": {
        "mean": 0.44057404995,
        "var": 0.00191062281374
    },
    "dynamic_complexity": 3.55556702614,
    "erbbands_crest": {
        "mean": 9.07734966278,
        "var": 22.7416324615
    },
    "erbbands_flatness_db": {
        "mean": 0.179351642728,
        "var": 0.00203778082505
    },
    "erbbands_kurtosis": {
        "mean": 0.795357167721,
        "var": 7.03032493591
    },
    "erbbands_skewness": {
        "mean": 0.693598091602,
        "var": 0.402922034264
    },
    "erbbands_spread": {
        "mean": 32.3917198181,
        "var": 251.444488525
    },
    "hfc": {
        "mean": 9.5194683075,
        "var": 123.623847961
    },
    "melbands_crest": {
        "mean": 13.6730012894,
        "var": 14.5939865112
    },
    "melbands_flatness_db": {
        "mean": 0.286581814289,
        "var": 0.00372812547721
    },
    "melbands_kurtosis": {
        "mean": 17.2298412323,
        "var": 291.35256958
    },
    "melbands_skewness": {
        "mean": 2.91716122627,
        "var": 2.38713407516
    },
    "melbands_spread": {
        "mean": 9.92136192322,
        "var": 40.355091095
    },
    "pitch_salience": {
        "mean": 0.575960874557,
        "var": 0.00735337473452
    },
    "silence_rate_20dB": {
        "mean": 1,
        "var": 0
    },
    "silence_rate_30dB": {
        "mean": 0.99330586195,
        "var": 0.00664932886139
    },
    "silence_rate_60dB": {
        "mean": 0.0113285277039,
        "var": 0.011200312525
    },
    "spectral_centroid": {
        "mean": 648.900817871,
        "var": 104633.617188
    },
    "spectral_complexity": {
        "mean": 12.4387226105,
        "var": 26.3411006927
    },
    "spectral_decrease": {
        "mean": -6.66580923792e-009,
        "var": 3.51163018534e-017
    },
    "spectral_energy": {
        "mean": 0.0260217413306,
        "var": 0.000540417793673
    },
    "spectral_energyband_high": {
        "mean": 6.76184790791e-005,
        "var": 1.26230013109e-008
    },
    "spectral_energyband_low": {
        "mean": 0.011276033707,
        "var": 0.000122001110867
    },
    "spectral_energyband_middle_high": {
        "mean": 0.00200253212824,
        "var": 9.1558404165e-006
    },
    "spectral_energyband_middle_low": {
        "mean": 0.0151974055916,
        "var": 0.000318417791277
    },
    "spectral_entropy": {
        "mean": 6.99295759201,
        "var": 0.175211682916
    },
    "spectral_flux": {
        "mean": 0.0726181268692,
        "var": 0.00183455226943
    },
    "spectral_kurtosis": {
        "mean": 9.72444534302,
        "var": 36.9009590149
    },
    "spectral_rms": {
        "mean": 0.00463821040466,
        "var": 3.87404088542e-006
    },
    "spectral_rolloff": {
        "mean": 527.075683594,
        "var": 328004.84375
    },
    "spectral_skewness": {
        "mean": 2.25264930725,
        "var": 0.413488060236
    },
    "spectral_spread": {
        "mean": 3277840.25,
        "var": 2.67814620365e+012
    },
    "spectral_strongpeak": {
        "mean": 0.721408188343,
        "var": 1.08974742889
    },
    "zerocrossingrate": {
        "mean": 0.0273105613887,
        "var": 0.000310209114105
    },
    "barkbands": {
        "mean": [0.000182410658454, 0.00618916098028, 0.00250867637806, 0.00365496054292, 0.00286128534935, 0.00241398648359, 0.00209871632978, 0.00289989868179, 0.00108622666448, 0.0005770069547, 0.000310433824779, 0.000264420639724, 0.000207581411814, 0.000211690625292, 8.02965951152e-005, 0.000172703235876, 7.46650257497e-005, 7.07053259248e-005, 7.53778003855e-005, 2.14198680624e-005, 1.78328755283e-005, 1.14033819045e-005, 1.12730949695e-005, 1.02887634057e-005, 5.96794188823e-006, 2.91839637612e-006, 4.64112162035e-007],
        "var": [1.43448161793e-007, 4.69268888992e-005, 9.36207106861e-006, 2.07050616154e-005, 1.16102219181e-005, 2.82774035441e-005, 4.01680081268e-005, 6.80315424688e-005, 1.62433589139e-005, 2.74807212008e-006, 1.16922365123e-006, 3.80786218557e-007, 2.45015968403e-007, 2.21772921805e-007, 1.82125869941e-008, 6.10300787685e-008, 1.0471856271e-008, 9.8287715744e-009, 1.25756667302e-008, 1.43714840029e-009, 1.53768964228e-009, 3.59003132777e-010, 5.26421795044e-010, 7.37972460918e-010, 3.16802417633e-010, 5.30906395235e-011, 2.66329710022e-012]
    },
    "erbbands": {
        "mean": [0.143790721893, 1.48125553131, 2.91461372375, 9.43396854401, 10.3129272461, 8.84557342529, 10.1063022614, 20.8250904083, 26.7398548126, 46.9068641663, 65.6610641479, 27.13788414, 17.8088169098, 16.5832633972, 11.7184123993, 11.491443634, 10.1124868393, 12.0014228821, 5.97362422943, 7.09060573578, 7.39362812042, 4.42578840256, 3.95012354851, 3.23089766502, 3.38945531845, 1.08063805103, 0.654364585876, 0.725093305111, 0.431121259928, 0.291325241327, 0.33354049921, 0.245071142912, 0.159903809428, 0.0844210833311, 0.0330817252398, 0.0130091281608, 0.00514417607337, 0.00145258614793, 5.60915577807e-005, 3.007795749e-005],
        "var": [0.0230613518506, 3.21978831291, 12.8217229843, 130.641372681, 119.552963257, 164.103530884, 482.877166748, 2268.12646484, 2939.60839844, 25762.71875, 46308.5976563, 8443.66503906, 2577.79589844, 1765.32275391, 1297.12963867, 508.805969238, 456.020050049, 657.252563477, 115.89466095, 146.878936768, 79.0222473145, 32.1823005676, 28.1614246368, 18.5157432556, 32.9823379517, 2.47739768028, 1.48096835613, 2.86745548248, 0.500188171864, 0.241049811244, 0.493802279234, 0.301355451345, 0.250915586948, 0.074794434011, 0.00705660926178, 0.000855609716382, 0.000180067421752, 2.16000407818e-005, 2.36126016517e-008, 7.04864611123e-010]
    },
    "gfcc": {
        "mean": [-52.8389587402, 149.316986084, -104.309310913, 27.0462265015, -42.7201461792, 7.08334779739, -32.5951576233, 8.25597858429, -14.7412548065, -3.72888946533, -10.9064054489, -5.96004915237, -11.8867664337],
        "cov": [[3725.63208008, -741.780883789, -135.014404297, -204.739562988, -471.193817139, -10.0117635727, -99.0996856689, 133.563446045, -63.1466598511, 252.013626099, -112.121780396, 148.780151367, -224.056716919], [-741.780883789, 955.75982666, -163.201385498, -84.7765960693, 188.57723999, -134.700393677, 183.083984375, -101.165969849, 153.749450684, -149.796936035, 159.61164856, -111.148223877, 87.1040649414], [-135.014404297, -163.201385498, 440.519592285, 48.9168624878, -25.4424381256, 87.2536087036, -48.3352470398, 6.58320188522, -29.2604503632, 35.4763755798, -53.9760971069, 37.5685462952, -4.88870954514], [-204.739562988, -84.7765960693, 48.9168624878, 234.952926636, 67.6135864258, 74.9244232178, -22.6820812225, -17.3976726532, -17.5345211029, -28.3301048279, -0.49053889513, -23.0411148071, 34.110874176], [-471.193817139, 188.57723999, -25.4424381256, 67.6135864258, 306.921417236, -19.1348686218, 17.4988651276, 2.96635317802, -23.2645835876, -55.4631233215, 5.38939476013, -14.0322437286, 31.1672954559], [-10.0117635727, -134.700393677, 87.2536087036, 74.9244232178, -19.1348686218, 156.402832031, 12.2600345612, 9.88642215729, -20.616443634, -1.37441110611, -12.8627471924, -6.78171253204, 1.58338654041], [-99.0996856689, 183.083984375, -48.3352470398, -22.6820812225, 17.4988651276, 12.2600345612, 146.000671387, -1.45304071903, 44.4212646484, -25.3263874054, 26.5030193329, -20.5345973969, 3.84898471832], [133.563446045, -101.165969849, 6.58320188522, -17.3976726532, 2.96635317802, 9.88642215729, -1.45304071903, 87.8704528809, -6.45005750656, 25.1197147369, -23.3249206543, 15.2047138214, -11.7921962738], [-63.1466598511, 153.749450684, -29.2604503632, -17.5345211029, -23.2645835876, -20.616443634, 44.4212646484, -6.45005750656, 109.484992981, 10.8752479553, 40.2707977295, -29.2737903595, 10.9949035645], [252.013626099, -149.796936035, 35.4763755798, -28.3301048279, -55.4631233215, -1.37441110611, -25.3263874054, 25.1197147369, 10.8752479553, 102.87411499, -14.7883634567, 24.7566719055, -27.1292991638], [-112.121780396, 159.61164856, -53.9760971069, -0.49053889513, 5.38939476013, -12.8627471924, 26.5030193329, -23.3249206543, 40.2707977295, -14.7883634567, 89.9292831421, -10.1908636093, 16.3697433472], [148.780151367, -111.148223877, 37.5685462952, -23.0411148071, -14.0322437286, -6.78171253204, -20.5345973969, 15.2047138214, -29.2737903595, 24.7566719055, -10.1908636093, 85.8453674316, -1.9256234169], [-224.056716919, 87.1040649414, -4.88870954514, 34.110874176, 31.1672954559, 1.58338654041, 3.84898471832, -11.7921962738, 10.9949035645, -27.1292991638, 16.3697433472, -1.9256234169, 73.7895355225]],
        "icov": [[0.000506353448145, -0.000306138099404, 0.000431036547525, -0.00022859465389, 0.000745924073271, -0.000232351070736, 0.000289390678518, -0.00050335272681, 0.000281000160612, -0.000737353984732, 0.000582305481657, -0.000858304323629, 0.00116295740008], [-0.000306138099404, 0.00756843388081, -0.00156644207891, 0.00406965706497, -0.00404535373673, 0.00423621200025, -0.00484600383788, 0.00420210137963, -0.00447437912226, 0.005936013069, -0.00686749676242, 0.00571733945981, -0.0047847959213], [0.000431036547525, -0.00156644207891, 0.00360951502807, -0.00103316816967, 0.00115198350977, -0.00268784887157, 0.00187617121264, -0.000404427206377, 0.000231307203649, -0.00210662465543, 0.00327052874491, -0.00302363419905, 0.00166981609073], [-0.00022859465389, 0.00406965706497, -0.00103316816967, 0.00867900345474, -0.00367965199985, -0.00104132946581, -0.000889831630047, 0.00342851271853, -0.00239688740112, 0.00352541031316, -0.00381754990667, 0.00454849656671, -0.0047888411209], [0.000745924073271, -0.00404535373673, 0.00115198350977, -0.00367965199985, 0.00707280123606, -0.000707588740624, 0.00174353923649, -0.00385607662611, 0.00397023372352, -0.00231179688126, 0.00370258209296, -0.00329933571629, 0.00278912717476], [-0.000232351070736, 0.00423621200025, -0.00268784887157, -0.00104132946581, -0.000707588740624, 0.0122822150588, -0.0054645659402, 0.000510690384544, 0.000366679189028, 0.00309625058435, -0.0044783661142, 0.00487909745425, -0.00279628694989], [0.000289390678518, -0.00484600383788, 0.00187617121264, -0.000889831630047, 0.00174353923649, -0.0054645659402, 0.0126938251778, -0.00305645912886, -0.00148920936044, -0.00112025730778, 0.00392483500764, -0.00402938062325, 0.00419919006526], [-0.00050335272681, 0.00420210137963, -0.000404427206377, 0.00342851271853, -0.00385607662611, 0.000510690384544, -0.00305645912886, 0.0164603758603, -0.00344236730598, 0.000761430244893, -0.000479910115246, 0.00166162941605, -0.00275001069531], [0.000281000160612, -0.00447437912226, 0.000231307203649, -0.00239688740112, 0.00397023372352, 0.000366679189028, -0.00148920936044, -0.00344236730598, 0.0186456553638, -0.00817921478301, -0.00159266835544, 0.00242864130996, -0.000267669645837], [-0.000737353984732, 0.005936013069, -0.00210662465543, 0.00352541031316, -0.00231179688126, 0.00309625058435, -0.00112025730778, 0.000761430244893, -0.00817921478301, 0.0200585275888, -0.00443762401119, 0.00118793512229, -0.000316292396747], [0.000582305481657, -0.00686749676242, 0.00327052874491, -0.00381754990667, 0.00370258209296, -0.0044783661142, 0.00392483500764, -0.000479910115246, -0.00159266835544, -0.00443762401119, 0.0223044324666, -0.00761710805818, 0.00356590864249], [-0.000858304323629, 0.00571733945981, -0.00302363419905, 0.00454849656671, -0.00329933571629, 0.00487909745425, -0.00402938062325, 0.00166162941605, 0.00242864130996, 0.00118793512229, -0.00761710805818, 0.0210823211819, -0.00757866492495], [0.00116295740008, -0.0047847959213, 0.00166981609073, -0.0047888411209, 0.00278912717476, -0.00279628694989, 0.00419919006526, -0.00275001069531, -0.000267669645837, -0.000316292396747, 0.00356590864249, -0.00757866492495, 0.022213999182]]
    },
    "melbands": {
        "mean": [0.00155146839097, 0.00175382685848, 0.00159583543427, 0.000710144813638, 0.000339853082551, 0.000489174504764, 0.000418626790633, 0.000521410896908, 0.000502804585267, 0.000145297686686, 8.58795610839e-005, 6.74845214235e-005, 4.42833697889e-005, 2.65092985501e-005, 2.63911097136e-005, 2.25959011004e-005, 2.22661255975e-005, 9.96633934847e-006, 6.90705519446e-006, 1.22945602925e-005, 7.74236195866e-006, 4.60028604721e-006, 4.54544442618e-006, 2.40818758357e-006, 2.65419589596e-006, 2.81816392089e-006, 1.51502320023e-006, 5.31997159214e-007, 3.78506598508e-007, 4.2089186536e-007, 4.22565619829e-007, 2.58865696878e-007, 1.76558884846e-007, 1.53309798634e-007, 1.84509261203e-007, 2.04305592888e-007, 1.26782794041e-007, 1.09634093803e-007, 1.01846524103e-007, 6.12579711401e-008],
        "var": [2.52770792031e-006, 4.38624238086e-006, 3.05001049128e-006, 7.25303209492e-007, 3.95631559513e-007, 1.19856258607e-006, 8.22237325337e-007, 2.56287626144e-006, 2.74739272754e-006, 3.39280546768e-007, 6.81901966004e-008, 3.24439284327e-008, 2.36942216958e-008, 4.4244830022e-009, 3.2611644496e-009, 2.47248999052e-009, 2.67374589136e-009, 4.27068047593e-010, 1.13935791357e-010, 3.75657227547e-010, 8.48379977381e-011, 4.39468149371e-011, 4.12763434543e-011, 1.08713671745e-011, 1.35886458336e-011, 2.11812425238e-011, 8.69770401535e-012, 6.19596008614e-013, 4.26879668766e-013, 1.23710557857e-012, 9.55756741111e-013, 2.10215661068e-013, 7.93510493858e-014, 7.7259237148e-014, 1.51526686164e-013, 2.06935827523e-013, 9.1682209242e-014, 1.10211793576e-013, 1.36199347156e-013, 3.61723861584e-014]
    },
    "mfcc": {
        "mean": [-700.796020508, 178.339797974, 2.54258155823, 27.6074714661, 12.6542768478, 3.49493288994, -1.33906972408, 7.24078845978, -1.21879994869, 5.65146017075, 1.50061011314, 0.637413680553, 0.640256524086],
        "cov": [[3181.14648438, -606.490600586, -45.5398712158, -226.273986816, -381.075439453, -128.798370361, -166.648101807, -69.9398574829, -79.7688064575, 55.988986969, 72.2928085327, 120.133285522, -58.57787323], [-606.490600586, 908.363342285, -216.55657959, 45.6380767822, -10.8097276688, -33.7890968323, 12.8064641953, 50.8667297363, -4.43087291718, -6.46384096146, 34.4128189087, 29.1245632172, 45.0265846252], [-45.5398712158, -216.55657959, 461.119934082, -48.9431304932, -19.0797214508, 64.6136703491, -21.1296100616, -19.0488433838, 24.453294754, -13.5236434937, -2.90393042564, 25.1990280151, -5.96261358261], [-226.273986816, 45.6380767822, -48.9431304932, 163.053497314, 97.4674377441, 23.230676651, 21.7988262177, 8.42460918427, 8.70650672913, -0.840971112251, -17.6944713593, -34.399936676, 16.4807453156], [-381.075439453, -10.8097276688, -19.0797214508, 97.4674377441, 243.182220459, 28.2444648743, 57.26197052, 6.50215530396, 7.72470188141, -7.79525947571, -32.0753173828, -58.442363739, 22.6991691589], [-128.798370361, -33.7890968323, 64.6136703491, 23.230676651, 28.2444648743, 122.282150269, 37.2318649292, 15.5697317123, 9.47934532166, 0.895844817162, -4.43727779388, 9.38264846802, -15.9517793655], [-166.648101807, 12.8064641953, -21.1296100616, 21.7988262177, 57.26197052, 37.2318649292, 111.47252655, 41.9741668701, 15.267375946, -10.7129669189, -8.57696533203, -17.210395813, -1.85146284103], [-69.9398574829, 50.8667297363, -19.0488433838, 8.42460918427, 6.50215530396, 15.5697317123, 41.9741668701, 90.6628265381, 13.3110551834, -10.4313440323, -1.63592433929, -1.24080240726, -2.65796113014], [-79.7688064575, -4.43087291718, 24.453294754, 8.70650672913, 7.72470188141, 9.47934532166, 15.267375946, 13.3110551834, 80.7444534302, 17.6023216248, -6.05626106262, -7.85663890839, 2.20081543922], [55.988986969, -6.46384096146, -13.5236434937, -0.840971112251, -7.79525947571, 0.895844817162, -10.7129669189, -10.4313440323, 17.6023216248, 75.3263778687, 23.9326286316, 6.38587427139, -8.38818836212], [72.2928085327, 34.4128189087, -2.90393042564, -17.6944713593, -32.0753173828, -4.43727779388, -8.57696533203, -1.63592433929, -6.05626106262, 23.9326286316, 63.3543624878, 31.9988117218, -5.73273849487], [120.133285522, 29.1245632172, 25.1990280151, -34.399936676, -58.442363739, 9.38264846802, -17.210395813, -1.24080240726, -7.85663890839, 6.38587427139, 31.9988117218, 72.5725402832, 5.2304315567], [-58.57787323, 45.0265846252, -5.96261358261, 16.4807453156, 22.6991691589, -15.9517793655, -1.85146284103, -2.65796113014, 2.20081543922, -8.38818836212, -5.73273849487, 5.2304315567, 71.0703430176]],
        "icov": [[0.000547847012058, 0.000464632874355, 0.000273942627246, 0.00013586312707, 0.000582897337154, 0.000359325407771, 0.00024777269573, -9.57656084211e-005, 0.000332543830154, -0.000243432135903, -6.45700492896e-005, -0.00056120834779, 4.30748150393e-005], [0.000464632874355, 0.00178498285823, 0.000854315178003, -0.000244632479735, 0.000594408542383, 0.000383381877327, 0.000319812446833, -0.000739432754926, 0.000103715137811, 0.000192864186829, -0.000794282299466, -0.00100991572253, -0.000712823530193], [0.000273942627246, 0.000854315178003, 0.00314051518217, 0.000988426269032, 6.69020955684e-005, -0.00166847743094, 0.00122489652131, 0.000282933731796, -0.00117383582983, 0.00111072824802, -0.000397423253162, -0.000871591153555, -0.00043502394692], [0.00013586312707, -0.000244632479735, 0.000988426269032, 0.00915319379419, -0.00269792973995, -0.0022692552302, 0.00130820379127, -0.000384764309274, -0.000514833198395, -0.000184434858966, -0.000126477636513, 0.00242438167334, -0.00159507396165], [0.000582897337154, 0.000594408542383, 6.69020955684e-005, -0.00269792973995, 0.00778888398781, -0.000522826332599, -0.00248542521149, 0.000802900292911, 0.00111115444452, -0.000721586635336, 0.000264903501375, 0.00348858814687, -0.00225961674005], [0.000359325407771, 0.000383381877327, -0.00166847743094, -0.0022692552302, -0.000522826332599, 0.0122466469184, -0.00375476037152, -0.000538443913683, 0.000385587103665, -0.0013255655067, 0.00226039788686, -0.00524941086769, 0.0036375860218], [0.00024777269573, 0.000319812446833, 0.00122489652131, 0.00130820379127, -0.00248542521149, -0.00375476037152, 0.0143540427089, -0.00519211823121, -0.00179620401468, 0.00194662436843, -0.00155599892605, 0.00177863123827, -3.92079746234e-005], [-9.57656084211e-005, -0.000739432754926, 0.000282933731796, -0.000384764309274, 0.000802900292911, -0.000538443913683, -0.00519211823121, 0.0144790606573, -0.00214805500582, 0.00212323316373, -0.000235210056417, -0.000470862432849, 0.000864242902026], [0.000332543830154, 0.000103715137811, -0.00117383582983, -0.000514833198395, 0.00111115444452, 0.000385587103665, -0.00179620401468, -0.00214805500582, 0.0151888243854, -0.00547254551202, 0.00254737073556, 0.00103953119833, -0.00115346827079], [-0.000243432135903, 0.000192864186829, 0.00111072824802, -0.000184434858966, -0.000721586635336, -0.0013255655067, 0.00194662436843, 0.00212323316373, -0.00547254551202, 0.0179750546813, -0.00767530594021, 0.00104474299587, 0.00147118757013], [-6.45700492896e-005, -0.000794282299466, -0.000397423253162, -0.000126477636513, 0.000264903501375, 0.00226039788686, -0.00155599892605, -0.000235210056417, 0.00254737073556, -0.00767530594021, 0.0247976016253, -0.0101168025285, 0.00257941125892], [-0.00056120834779, -0.00100991572253, -0.000871591153555, 0.00242438167334, 0.00348858814687, -0.00524941086769, 0.00177863123827, -0.000470862432849, 0.00103953119833, 0.00104474299587, -0.0101168025285, 0.0253312941641, -0.0053109745495], [4.30748150393e-005, -0.000712823530193, -0.00043502394692, -0.00159507396165, -0.00225961674005, 0.0036375860218, -3.92079746234e-005, 0.000864242902026, -0.00115346827079, 0.00147118757013, 0.00257941125892, -0.0053109745495, 0.0172688104212]]
    },
    "spectral_contrast_coeffs": {
        "mean": [-0.656358778477, -0.729954302311, -0.754123806953, -0.766966342926, -0.777554154396, -0.784022033215],
        "var": [0.00377799780108, 0.00764577416703, 0.00333870016038, 0.00215675542131, 0.00149855355266, 0.00142027984839]
    },
    "spectral_contrast_valleys": {
        "mean": [-6.77839231491, -6.62733316422, -7.7709813118, -8.24303913116, -8.56647205353, -11.4131402969],
        "var": [0.454462647438, 0.593799412251, 0.593075871468, 0.521008372307, 0.578791797161, 0.935650408268]
    }
},
"metadata": {
    "audio_properties": {
        "analysis_sample_rate": 44100,
        "bit_rate": 128074,
        "equal_loudness": 0,
        "length": 45.0612258911,
        "lossless": 0,
        "replay_gain": -7.36936569214,
        "sample_rate": 44100,
        "codec": "mp3",
        "downmix": "mix",
        "md5_encoded": "5739b62b84b1366bd9f49a51647ea58f"
    },
    "tags": {
        "file_name": "1498.mp3"
    },
    "version": {
        "essentia": "2.1-beta2",
        "essentia_git_sha": "v2.1_beta2",
        "extractor": "music 1.0"
    }
},
"rhythm": {
    "beats_count": 100,
    "beats_loudness": {
        "mean": 0.0393111258745,
        "var": 0.000541695801076
    },
    "bpm": 133.866912842,
    "bpm_histogram_first_peak_bpm": {
        "mean": 133,
        "var": 0
    },
    "bpm_histogram_first_peak_spread": {
        "mean": 0.510416686535,
        "var": 0
    },
    "bpm_histogram_first_peak_weight": {
        "mean": 0.474747478962,
        "var": 0
    },
    "bpm_histogram_second_peak_bpm": {
        "mean": 140,
        "var": 0
    },
    "bpm_histogram_second_peak_spread": {
        "mean": 0,
        "var": 0
    },
    "bpm_histogram_second_peak_weight": {
        "mean": 0.0303030312061,
        "var": 0
    },
    "danceability": 1.16554653645,
    "onset_rate": 3.90403676033,
    "beats_loudness_band_ratio": {
        "mean": [0.529581546783, 0.240730553865, 0.217120721936, 0.0651514679193, 0.0254021063447, 0.00786772463471],
        "var": [0.0519947446883, 0.0267869923264, 0.02693695575, 0.00431613530964, 0.000515658350196, 7.22816548659e-005]
    },
    "beats_position": [0.417959183455, 0.859138309956, 1.30031740665, 1.74149656296, 2.19428563118, 2.62385487556, 3.06503391266, 3.51782298088, 3.97061228752, 4.41179132462, 4.86458063126, 5.31736946106, 5.7701587677, 6.2229475975, 6.66412687302, 7.10530614853, 7.55809497833, 7.99927425385, 8.45206356049, 8.893242836, 9.34603118896, 9.78721046448, 10.2399997711, 10.6811790466, 11.1339683533, 11.5867567062, 12.0279359818, 12.4807252884, 12.933514595, 13.3979139328, 13.8623123169, 14.3151016235, 14.7678909302, 15.2090702057, 15.6502494812, 16.1030387878, 16.5558280945, 17.0202255249, 17.4614048004, 17.9141941071, 18.3669834137, 18.8081626892, 19.2493419647, 19.7021312714, 20.154920578, 20.5960998535, 21.0488891602, 21.5016784668, 21.9544658661, 22.4072551727, 22.8600444794, 23.312833786, 23.7772331238, 24.2184123993, 24.6712017059, 25.1239910126, 25.5651702881, 26.0063495636, 26.4475269318, 26.9003162384, 27.353105545, 27.7942848206, 28.2470741272, 28.6998634338, 29.1410427094, 29.593832016, 30.0466213226, 30.4878005981, 30.9405899048, 31.3817672729, 31.8345565796, 32.2757377625, 32.7401351929, 33.1813163757, 33.6224937439, 34.0636711121, 34.5048522949, 34.9460296631, 35.3988189697, 35.8516082764, 36.2927894592, 36.7571868896, 37.1983680725, 37.6511573792, 38.1039466858, 38.545124054, 38.9979133606, 39.4507026672, 39.9034919739, 40.3562812805, 40.7974586487, 41.2386398315, 41.6798171997, 42.1209983826, 42.5621757507, 43.0033569336, 43.4445343018, 43.8741035461, 44.3152809143, 44.7448501587]
},
"tonal": {
    "chords_changes_rate": 0.0205761324614,
    "chords_number_rate": 0.00514403311536,
    "chords_strength": {
        "mean": 0.61364364624,
        "var": 0.0155108356848
    },
    "hpcp_entropy": {
        "mean": 2.05260300636,
        "var": 0.360454797745
    },
    "key_strength": 0.822842299938,
    "tuning_diatonic_strength": 0.700415194035,
    "tuning_equal_tempered_deviation": 0.383236765862,
    "tuning_frequency": 434.193115234,
    "tuning_nontempered_energy_ratio": 0.982000052929,
    "hpcp": {
        "mean": [0.0516546703875, 0.0732995867729, 0.0935340970755, 0.0651215389371, 0.0383734181523, 0.0395069867373, 0.0574883855879, 0.106239065528, 0.139623776078, 0.173386394978, 0.212172612548, 0.173123061657, 0.107527807355, 0.0729235783219, 0.0831501558423, 0.170303225517, 0.34964877367, 0.371701329947, 0.193621248007, 0.093756377697, 0.0698185488582, 0.0539813861251, 0.0598532930017, 0.0947581157088, 0.123928010464, 0.112089090049, 0.0867163911462, 0.0747417062521, 0.0676014497876, 0.0830037146807, 0.147309929132, 0.269564062357, 0.29571184516, 0.180328637362, 0.0928370058537, 0.0627439245582],
        "var": [0.0175192374736, 0.0206714943051, 0.03115651384, 0.0217181649059, 0.013599447906, 0.0172465853393, 0.0211251806468, 0.0382092520595, 0.0463314279914, 0.0740299895406, 0.119484245777, 0.0833933278918, 0.0510633066297, 0.0298159215599, 0.0350394286215, 0.0671480000019, 0.128904938698, 0.130842715502, 0.0675418972969, 0.045246463269, 0.03269251436, 0.0221205279231, 0.0210896264762, 0.0326764546335, 0.0602583773434, 0.0457277297974, 0.0335552766919, 0.0356572642922, 0.024564249441, 0.0261533353478, 0.0509615242481, 0.110458776355, 0.111078731716, 0.0584049299359, 0.0359865091741, 0.026008984074]
    },
    "chords_histogram": [83.5390930176, 0, 0, 0, 0, 0, 0, 0, 0, 0, 0, 0, 0, 0, 0.617283940315, 1.23456788063, 0, 0.102880656719, 0, 4.83539104462, 8.53909492493, 1.13168728352, 0, 0],
    "thpcp": [1, 0.520905435085, 0.252235800028, 0.187835082412, 0.145227849483, 0.161025226116, 0.254930794239, 0.333407491446, 0.301556885242, 0.233295887709, 0.201080009341, 0.181870341301, 0.223307549953, 0.396312624216, 0.72521686554, 0.795563042164, 0.485143899918, 0.249762371182, 0.168801993132, 0.138968214393, 0.197200223804, 0.251637786627, 0.175198569894, 0.103237234056, 0.106286913157, 0.154662847519, 0.285818368196, 0.37563431263, 0.466466963291, 0.570814788342, 0.465758532286, 0.289285510778, 0.196188643575, 0.223701521754, 0.458172231913, 0.94067132473],
    "chords_key": "G",
    "chords_scale": "major",
    "key_key": "G",
    "key_scale": "major"
}
}