{
"lowlevel": {
    "average_loudness": 0.812225222588,
    "barkbands_crest": {
        "mean": 8.90068435669,
        "var": 8.75694561005
    },
    "barkbands_flatness_db": {
        "mean": 0.179160431027,
        "var": 0.00324559165165
    },
    "barkbands_kurtosis": {
        "mean": 1.03956103325,
        "var": 6.23726415634
    },
    "barkbands_skewness": {
        "mean": 1.20584833622,
        "var": 0.535877048969
    },
    "barkbands_spread": {
        "mean": 20.3744926453,
        "var": 36.6625404358
    },
    "dissonance": {
        "mean": 0.463694989681,
        "var": 0.000424214580562
    },
    "dynamic_complexity": 3.66267514229,
    "erbbands_crest": {
        "mean": 9.12375068665,
        "var": 12.4325723648
    },
    "erbbands_flatness_db": {
        "mean": 0.217249274254,
        "var": 0.00464841583744
    },
    "erbbands_kurtosis": {
        "mean": -0.247553452849,
        "var": 1.39233267307
    },
    "erbbands_skewness": {
        "mean": -0.393854945898,
        "var": 0.350008368492
    },
    "erbbands_spread": {
        "mean": 33.2281417847,
        "var": 128.311752319
    },
    "hfc": {
        "mean": 15.9610433578,
        "var": 196.657440186
    },
    "melbands_crest": {
        "mean": 14.7698793411,
        "var": 19.0093097687
    },
    "melbands_flatness_db": {
        "mean": 0.245754897594,
        "var": 0.0044680298306
    },
    "melbands_kurtosis": {
        "mean": 6.45963430405,
        "var": 48.8869743347
    },
    "melbands_skewness": {
        "mean": 2.24732637405,
        "var": 1.062728405
    },
    "melbands_spread": {
        "mean": 23.0690135956,
        "var": 91.3749771118
    },
    "pitch_salience": {
        "mean": 0.504110097885,
        "var": 0.00675080437213
    },
    "silence_rate_20dB": {
        "mean": 1,
        "var": 0
    },
    "silence_rate_30dB": {
        "mean": 0.99794024229,
        "var": 0.00205551902764
    },
    "silence_rate_60dB": {
        "mean": 0.0489186421037,
        "var": 0.0465255118906
    },
    "spectral_centroid": {
        "mean": 1138.97399902,
        "var": 125388.015625
    },
    "spectral_complexity": {
        "mean": 18.2492275238,
        "var": 73.2592544556
    },
    "spectral_decrease": {
        "mean": -6.73033540011e-009,
        "var": 3.8490943981e-017
    },
    "spectral_energy": {
        "mean": 0.0268495734781,
        "var": 0.000601042935159
    },
    "spectral_energyband_high": {
        "mean": 0.000297259015497,
        "var": 1.629803279e-007
    },
    "spectral_energyband_low": {
        "mean": 0.0118321692571,
        "var": 0.000208248879062
    },
    "spectral_energyband_middle_high": {
        "mean": 0.0059724082239,
        "var": 4.12892295572e-005
    },
    "spectral_energyband_middle_low": {
        "mean": 0.0129065550864,
        "var": 0.000172215135535
    },
    "spectral_entropy": {
        "mean": 7.17853975296,
        "var": 0.208486571908
    },
    "spectral_flux": {
        "mean": 0.0681935474277,
        "var": 0.00231136288494
    },
    "spectral_kurtosis": {
        "mean": 10.3016414642,
        "var": 94.5665969849
    },
    "spectral_rms": {
        "mean": 0.0045866095461,
        "var": 5.15769670528e-006
    },
    "spectral_rolloff": {
        "mean": 1346.59143066,
        "var": 514625.28125
    },
    "spectral_skewness": {
        "mean": 1.85123240948,
        "var": 0.489435166121
    },
    "spectral_spread": {
        "mean": 2934561.5,
        "var": 2.37397396685e+012
    },
    "spectral_strongpeak": {
        "mean": 0.715336978436,
        "var": 0.71377581358
    },
    "zerocrossingrate": {
        "mean": 0.0459105074406,
        "var": 0.000239392393269
    },
    "barkbands": {
        "mean": [0.000243533111643, 0.00363109284081, 0.00390374730341, 0.00529629644006, 0.00242729927413, 0.00213538622484, 0.00180906068999, 0.000610659481026, 0.000449517770903, 0.000946311978623, 0.000491619401146, 0.000652080576401, 0.000790367019363, 0.000707708473783, 0.000920857186429, 0.000615673838183, 0.000373145507183, 0.000243421134655, 0.000226396383368, 0.000146803373354, 9.61905243457e-005, 6.65196785121e-005, 2.55558043136e-005, 1.72629443114e-005, 1.40618676596e-005, 8.76017656992e-006, 2.41801103584e-007],
        "var": [4.2321107685e-007, 3.95340684918e-005, 3.3099684515e-005, 5.62796049053e-005, 3.24138927681e-005, 5.86142505199e-006, 8.34933962324e-006, 1.86896033938e-006, 8.40237817101e-007, 6.89079661242e-006, 1.50208529703e-006, 2.21083587348e-006, 2.70011605608e-006, 2.6851171242e-006, 1.38207246891e-006, 7.62005868182e-007, 1.3693254175e-007, 1.06242083575e-007, 1.17975872627e-007, 1.03954512554e-007, 1.76705210464e-008, 1.32981856638e-008, 1.19843479585e-009, 7.43000438952e-010, 8.78272010674e-010, 6.23404994293e-010, 1.19323149451e-012]
    },
    "erbbands": {
        "mean": [0.114394076169, 0.800595581532, 3.59249258041, 14.9572343826, 10.1190443039, 6.04484462738, 14.7238368988, 16.5528011322, 28.435377121, 17.5775566101, 12.4689798355, 11.6893758774, 15.9209117889, 32.3893661499, 25.4433383942, 30.264175415, 41.4477653503, 34.5825386047, 42.5087776184, 45.4811515808, 29.6163387299, 21.0243434906, 13.8561162949, 10.9871635437, 11.2455596924, 6.84304571152, 5.25746583939, 2.90782117844, 2.41563606262, 1.6097869873, 0.600896775723, 0.342491924763, 0.297812849283, 0.191319584846, 0.079258017242, 0.0428619422019, 0.0163757018745, 0.00164009688888, 5.1233018894e-005, 3.25708570017e-005],
        "var": [0.0536748990417, 1.79770195484, 30.9159164429, 428.766571045, 488.867462158, 162.347747803, 467.002319336, 469.386932373, 1871.63818359, 1107.61547852, 608.472412109, 560.085754395, 2431.61499023, 9791.42871094, 2455.25219727, 4375.27587891, 7306.57910156, 6411.27587891, 3274.92480469, 3921.30859375, 1451.96435547, 416.528198242, 271.356109619, 318.102416992, 279.655334473, 208.561126709, 49.7639503479, 24.1400508881, 21.1384410858, 5.4760594368, 0.69115293026, 0.215523526073, 0.317203372717, 0.147917896509, 0.0315184257925, 0.0124739473686, 0.00229363143444, 4.10583925259e-005, 2.34360015838e-008, 9.28950028012e-010]
    },
    "gfcc": {
        "mean": [-48.1411437988, 141.389450073, -145.600708008, 30.089307785, -29.6971111298, 6.99621582031, -46.327835083, -10.3199615479, -19.7240638733, -2.81985974312, -13.6286840439, -2.92857789993, -6.24248886108],
        "cov": [[9581.19824219, -3258.68286133, 1398.35559082, 1353.0859375, -1637.6463623, 1005.24627686, 459.262939453, 1261.46789551, -536.128662109, 861.604125977, -280.931304932, -109.19393158, -690.385375977], [-3258.68286133, 1961.68798828, -600.85559082, -561.341186523, 901.737243652, -410.133178711, -23.7289161682, -439.295379639, 321.022064209, -420.857330322, 189.10256958, -26.4879455566, 346.161407471], [1398.35559082, -600.85559082, 538.093688965, 230.563140869, -187.363265991, 245.632385254, 35.383102417, 249.67767334, -101.097091675, 175.413375854, -92.1175842285, 6.61006879807, -109.413414001], [1353.0859375, -561.341186523, 230.563140869, 504.15802002, -295.178771973, 160.583511353, 121.554748535, 158.758987427, -52.3461761475, 152.586914063, 21.3453502655, -28.5029220581, -81.9679718018], [-1637.6463623, 901.737243652, -187.363265991, -295.178771973, 636.65435791, -137.731826782, -54.393032074, -209.008972168, 149.942123413, -198.802780151, 32.0097122192, 20.9246482849, 167.601913452], [1005.24627686, -410.133178711, 245.632385254, 160.583511353, -137.731826782, 255.522644043, 63.6559104919, 164.497634888, -60.0910682678, 95.7633285522, -53.8879852295, -1.40358579159, -45.9423599243], [459.262939453, -23.7289161682, 35.383102417, 121.554748535, -54.393032074, 63.6559104919, 178.024291992, 113.634078979, 12.7723407745, 29.5782108307, 32.163066864, -25.4347763062, -10.2640171051], [1261.46789551, -439.295379639, 249.67767334, 158.758987427, -209.008972168, 164.497634888, 113.634078979, 321.740112305, -37.7380065918, 158.310211182, -3.9969060421, -14.333193779, -96.1747055054], [-536.128662109, 321.022064209, -101.097091675, -52.3461761475, 149.942123413, -60.0910682678, 12.7723407745, -37.7380065918, 179.457550049, 21.0908164978, 78.9984741211, -15.1376123428, 21.9106006622], [861.604125977, -420.857330322, 175.413375854, 152.586914063, -198.802780151, 95.7633285522, 29.5782108307, 158.310211182, 21.0908164978, 228.497207642, 36.7265472412, 1.15435481071, -126.387519836], [-280.931304932, 189.10256958, -92.1175842285, 21.3453502655, 32.0097122192, -53.8879852295, 32.163066864, -3.9969060421, 78.9984741211, 36.7265472412, 149.791015625, 17.5138092041, 19.1253585815], [-109.19393158, -26.4879455566, 6.61006879807, -28.5029220581, 20.9246482849, -1.40358579159, -25.4347763062, -14.333193779, -15.1376123428, 1.15435481071, 17.5138092041, 122.057563782, 56.9844665527], [-690.385375977, 346.161407471, -109.413414001, -81.9679718018, 167.601913452, -45.9423599243, -10.2640171051, -96.1747055054, 21.9106006622, -126.387519836, 19.1253585815, 56.9844665527, 181.041046143]],
        "icov": [[0.000575640238822, -0.000708040373866, 0.000339051330229, -0.000965074868873, 0.000611545634456, -0.000833660305943, 9.23941115616e-005, -0.00122566334903, 0.00116297812201, -0.00116531818639, 0.00145723007154, -0.000635252741631, 0.000985089456663], [-0.000708040373866, 0.00971467327327, -0.00277516571805, 0.00543700763956, -0.00544305704534, 0.00482080969959, -0.00458455830812, 0.00427379226312, -0.00716002564877, 0.00875536166131, -0.0104499794543, 0.00690343836322, -0.00630798889324], [0.000339051330229, -0.00277516571805, 0.00673069665208, -0.0033386265859, -0.000192805731785, -0.00356323691085, 0.00285018095747, -0.00411365693435, 0.00425872579217, -0.00570463296026, 0.00598058989272, -0.00259301555343, 0.00209239916876], [-0.000965074868873, 0.00543700763956, -0.0033386265859, 0.0079530030489, -0.00171863194555, 0.00238388846628, -0.0046947132796, 0.0051774638705, -0.00433634174988, 0.00433737179264, -0.00823705364019, 0.00526574766263, -0.00504725705832], [0.000611545634456, -0.00544305704534, -0.000192805731785, -0.00171863194555, 0.00751545839012, -0.00306395627558, 0.00214349594899, -0.00152307387907, 0.000328352092765, -0.00162734556943, 0.0052667716518, -0.00418431870639, 0.00300705805421], [-0.000833660305943, 0.00482080969959, -0.00356323691085, 0.00238388846628, -0.00306395627558, 0.011723308824, -0.00360916228965, 0.00144532776903, -0.00330757535994, 0.00270934286527, -0.00313401827589, 0.0037865084596, -0.00566524919122], [9.23941115616e-005, -0.00458455830812, 0.00285018095747, -0.0046947132796, 0.00214349594899, -0.00360916228965, 0.0128258978948, -0.00648559257388, 0.00175221613608, -0.000723685137928, 0.00285063474439, -0.00212879502214, 0.00274841790088], [-0.00122566334903, 0.00427379226312, -0.00411365693435, 0.0051774638705, -0.00152307387907, 0.00144532776903, -0.00648559257388, 0.0126787470654, -0.00360199273564, 0.0016411668621, -0.00686883041635, 0.00396834732965, -0.00378503720276], [0.00116297812201, -0.00716002564877, 0.00425872579217, -0.00433634174988, 0.000328352092765, -0.00330757535994, 0.00175221613608, -0.00360199273564, 0.0194364022464, -0.0154198491946, 0.00610265182331, -0.00137105211616, 0.00244803982787], [-0.00116531818639, 0.00875536166131, -0.00570463296026, 0.00433737179264, -0.00162734556943, 0.00270934286527, -0.000723685137928, 0.0016411668621, -0.0154198491946, 0.0286130513996, -0.0152817592025, 0.00089250318706, 0.00353128183633], [0.00145723007154, -0.0104499794543, 0.00598058989272, -0.00823705364019, 0.0052667716518, -0.00313401827589, 0.00285063474439, -0.00686883041635, 0.00610265182331, -0.0152817592025, 0.0253858249635, -0.00951881892979, 0.00517194066197], [-0.000635252741631, 0.00690343836322, -0.00259301555343, 0.00526574766263, -0.00418431870639, 0.0037865084596, -0.00212879502214, 0.00396834732965, -0.00137105211616, 0.00089250318706, -0.00951881892979, 0.0179973933846, -0.0118535263464], [0.000985089456663, -0.00630798889324, 0.00209239916876, -0.00504725705832, 0.00300705805421, -0.00566524919122, 0.00274841790088, -0.00378503720276, 0.00244803982787, 0.00353128183633, 0.00517194066197, -0.0118535263464, 0.0195979960263]]
    },
    "melbands": {
        "mean": [0.00100354489405, 0.00160234130453, 0.00229964777827, 0.000551240111236, 0.000434496469097, 0.000374384544557, 0.0004279158602, 0.000171968698851, 9.78809621301e-005, 6.81424280629e-005, 7.90929771028e-005, 0.000134807589347, 7.23220582586e-005, 7.80185073381e-005, 9.06069690245e-005, 6.71757225064e-005, 6.81596866343e-005, 6.72356618452e-005, 5.91688876739e-005, 6.04763627052e-005, 2.83702574961e-005, 2.37406729866e-005, 1.68605129147e-005, 9.16298722586e-006, 8.64267622092e-006, 9.46147065406e-006, 6.30170325167e-006, 4.09753965869e-006, 3.42171438206e-006, 2.49014760811e-006, 1.40173483487e-006, 1.3413156239e-006, 1.26183260818e-006, 7.60654302212e-007, 3.69917330545e-007, 2.16396600194e-007, 2.04261411341e-007, 2.1296600039e-007, 1.87653199646e-007, 1.54598467361e-007],
        "var": [3.4171673633e-006, 5.98328279011e-006, 9.66765674093e-006, 2.06273830372e-006, 3.73943237264e-007, 2.27581068657e-007, 4.3470009814e-007, 1.20971193951e-007, 3.73626996009e-008, 2.03115320119e-008, 6.45035740376e-008, 1.7461881896e-007, 2.67461786052e-008, 1.76938481644e-008, 3.20658948283e-008, 2.2244098119e-008, 3.16435695424e-008, 9.21631926332e-009, 7.03969194049e-009, 7.31391436304e-009, 1.47856982213e-009, 6.206472003e-010, 4.03665378901e-010, 1.98474681135e-010, 2.31086524916e-010, 2.50721304829e-010, 1.59116261833e-010, 8.19616735592e-011, 2.42027092812e-011, 1.1495920535e-011, 7.54159321797e-012, 6.65972658964e-012, 5.7363259108e-012, 1.12409907771e-012, 2.73411637297e-013, 9.66801305354e-014, 8.27192657362e-014, 1.94802886929e-013, 9.74815253475e-014, 1.30416145006e-013]
    },
    "mfcc": {
        "mean": [-681.152099609, 160.898513794, -33.6577072144, 22.695192337, 24.9776039124, 16.1427440643, -7.41664171219, -6.22282075882, -3.46890830994, -8.84999465942, -5.09349060059, -3.34175944328, 3.45447325706],
        "cov": [[8276.19726563, -2941.32568359, 1569.60253906, 804.38684082, -1226.53674316, -98.3675689697, 693.868103027, 282.920440674, 191.112213135, 782.039672852, 581.850402832, 241.414611816, 30.9383296967], [-2941.32568359, 1756, -711.487243652, -373.270355225, 634.930114746, 13.1246452332, -194.297439575, -7.41958189011, 31.4767494202, -263.762512207, -197.020065308, -74.7401046753, -44.7760047913], [1569.60253906, -711.487243652, 555.335144043, 163.046417236, -227.955780029, 0.482129395008, 150.286712646, 52.7299232483, 46.0516700745, 175.855682373, 115.915603638, 52.5416564941, -4.82440137863], [804.38684082, -373.270355225, 163.046417236, 304.782592773, -144.039550781, 27.5938835144, 82.1577911377, 15.541893959, -10.9000730515, 89.4347915649, 84.6119689941, 30.6638965607, 29.3183250427], [-1226.53674316, 634.930114746, -227.955780029, -144.039550781, 429.332000732, 59.8477058411, -85.1708526611, -8.47975730896, 25.0864162445, -102.379127502, -86.9159469604, -31.1395015717, -24.7508506775], [-98.3675689697, 13.1246452332, 0.482129395008, 27.5938835144, 59.8477058411, 149.921035767, -10.0963602066, -12.5154361725, 17.1199626923, -13.240436554, -28.8078594208, -25.9847621918, 15.0524024963], [693.868103027, -194.297439575, 150.286712646, 82.1577911377, -85.1708526611, -10.0963602066, 170.561737061, 86.4027786255, 41.2963447571, 75.2517700195, 38.8933601379, 17.7810955048, -17.0963382721], [282.920440674, -7.41958189011, 52.7299232483, 15.541893959, -8.47975730896, -12.5154361725, 86.4027786255, 115.014358521, 55.4821014404, 28.5752449036, 3.3234577179, -9.77344322205, -20.5413360596], [191.112213135, 31.4767494202, 46.0516700745, -10.9000730515, 25.0864162445, 17.1199626923, 41.2963447571, 55.4821014404, 107.549835205, 52.4761047363, 5.05091810226, -3.73825025558, -26.9374790192], [782.039672852, -263.762512207, 175.855682373, 89.4347915649, -102.379127502, -13.240436554, 75.2517700195, 28.5752449036, 52.4761047363, 177.624786377, 135.5675354, 60.847076416, 2.32846879959], [581.850402832, -197.020065308, 115.915603638, 84.6119689941, -86.9159469604, -28.8078594208, 38.8933601379, 3.3234577179, 5.05091810226, 135.5675354, 199.501251221, 108.071762085, 38.7523193359], [241.414611816, -74.7401046753, 52.5416564941, 30.6638965607, -31.1395015717, -25.9847621918, 17.7810955048, -9.77344322205, -3.73825025558, 60.847076416, 108.071762085, 120.31968689, 53.5938529968], [30.9383296967, -44.7760047913, -4.82440137863, 29.3183250427, -24.7508506775, 15.0524024963, -17.0963382721, -20.5413360596, -26.9374790192, 2.32846879959, 38.7523193359, 53.5938529968, 100.883010864]],
        "icov": [[0.000569361262023, 0.000453275890322, -0.0003554217692, -0.000177559515578, 0.000414401933085, 0.000108194355562, -0.000658221601043, -0.000292284326861, -0.000487645098474, -0.000479260692373, -0.000277764804196, 4.83139592689e-005, -6.24715030426e-005], [0.000453275890322, 0.00272126519121, 0.00165825791191, 0.00051388394786, -0.00183429173194, 0.000646737578791, -0.000653672614135, -0.000716941955034, -0.00150639412459, 0.000494762149174, -0.00061105604982, -0.000165574965649, 0.000104509432276], [-0.0003554217692, 0.00165825791191, 0.00518679572269, 0.000291019474389, -0.000977016286924, -0.000351627997588, -0.00104354775976, -0.000149822371895, -0.00048570430954, -0.00133517035283, 0.000568032090086, -0.0010021267226, 0.000829181168228], [-0.000177559515578, 0.00051388394786, 0.000291019474389, 0.00545280100778, 0.000109841508674, -0.00154031859711, -0.00158739963081, -2.41733105213e-005, 0.00167033472098, -0.000764030904975, -0.00122792087495, 0.00103903189301, -0.000922041770536], [0.000414401933085, -0.00183429173194, -0.000977016286924, 0.000109841508674, 0.00628035143018, -0.00240427837707, 0.000730106781702, -0.000711647269782, -0.000482076196931, 1.57612321345e-005, 0.000358559802407, -0.00162485952023, 0.00145491259173], [0.000108194355562, 0.000646737578791, -0.000351627997588, -0.00154031859711, -0.00240427837707, 0.00968717876822, -0.0010707071051, 0.00308915297501, -0.00382004817948, 0.000851031509228, -0.000188554215129, 0.00401264615357, -0.00400195503607], [-0.000658221601043, -0.000653672614135, -0.00104354775976, -0.00158739963081, 0.000730106781702, -0.0010707071051, 0.0152866179124, -0.00977723579854, 0.00262021785602, -0.00280928052962, 0.00347302248701, -0.00425272574648, 0.00295145530254], [-0.000292284326861, -0.000716941955034, -0.000149822371895, -2.41733105213e-005, -0.000711647269782, 0.00308915297501, -0.00977723579854, 0.0202530138195, -0.00853033363819, 0.00416265474632, -0.00300750462338, 0.00516894925386, -0.0023618596606], [-0.000487645098474, -0.00150639412459, -0.00048570430954, 0.00167033472098, -0.000482076196931, -0.00382004817948, 0.00262021785602, -0.00853033363819, 0.0205611567944, -0.0103313382715, 0.00593216670677, -0.00310444482602, 0.00323026301339], [-0.000479260692373, 0.000494762149174, -0.00133517035283, -0.000764030904975, 1.57612321345e-005, 0.000851031509228, -0.00280928052962, 0.00416265474632, -0.0103313382715, 0.0233666077256, -0.0136339738965, 0.00247329147533, 0.001398491906], [-0.000277764804196, -0.00061105604982, 0.000568032090086, -0.00122792087495, 0.000358559802407, -0.000188554215129, 0.00347302248701, -0.00300750462338, 0.00593216670677, -0.0136339738965, 0.0204069279134, -0.0120474305004, 0.000750184583012], [4.83139592689e-005, -0.000165574965649, -0.0010021267226, 0.00103903189301, -0.00162485952023, 0.00401264615357, -0.00425272574648, 0.00516894925386, -0.00310444482602, 0.00247329147533, -0.0120474305004, 0.0236811619252, -0.00994255766273], [-6.24715030426e-005, 0.000104509432276, 0.000829181168228, -0.000922041770536, 0.00145491259173, -0.00400195503607, 0.00295145530254, -0.0023618596606, 0.00323026301339, 0.001398491906, 0.000750184583012, -0.00994255766273, 0.0170830097049]]
    },
    "spectral_contrast_coeffs": {
        "mean": [-0.597668647766, -0.648665189743, -0.748047292233, -0.7372199893, -0.758328855038, -0.74760311842],
        "var": [0.00738128600642, 0.00409939698875, 0.00377893727273, 0.00200511864386, 0.00169070682023, 0.00163771305233]
    },
    "spectral_contrast_valleys": {
        "mean": [-7.54945373535, -7.34137392044, -7.68655443192, -7.44559717178, -8.10827064514, -11.5474262238],
        "var": [1.33427834511, 0.946798861027, 0.712475717068, 0.542222321033, 1.50566351414, 2.66423797607]
    }
},
"metadata": {
    "audio_properties": {
        "analysis_sample_rate": 44100,
        "bit_rate": 128074,
        "equal_loudness": 0,
        "length": 45.0612258911,
        "lossless": 0,
        "replay_gain": -4.77494239807,
        "sample_rate": 44100,
        "codec": "mp3",
        "downmix": "mix",
        "md5_encoded": "ab0168654a3b0b80606d6fe59f03bac8"
    },
    "tags": {
        "file_name": "1499.mp3"
    },
    "version": {
        "essentia": "2.1-beta2",
        "essentia_git_sha": "v2.1_beta2",
        "extractor": "music 1.0"
    }
},
"rhythm": {
    "beats_count": 116,
    "beats_loudness": {
        "mean": 0.0353366285563,
        "var": 0.000759571033996
    },
    "bpm": 154.995300293,
    "bpm_histogram_first_peak_bpm": {
        "mean": 157,
        "var": 0
    },
    "bpm_histogram_first_peak_spread": {
        "mean": 0.12987010181,
        "var": 0
    },
    "bpm_histogram_first_peak_weight": {
        "mean": 0.582608699799,
        "var": 0
    },
    "bpm_histogram_second_peak_bpm": {
        "mean": 152,
        "var": 0
    },
    "bpm_histogram_second_peak_spread": {
        "mean": 0.0526315495372,
        "var": 0
    },
    "bpm_histogram_second_peak_weight": {
        "mean": 0.313043475151,
        "var": 0
    },
    "danceability": 1.01225721836,
    "onset_rate": 3.92621874809,
    "beats_loudness_band_ratio": {
        "mean": [0.469911932945, 0.224075198174, 0.112467393279, 0.108730509877, 0.14429756999, 0.0154903260991],
        "var": [0.0410197265446, 0.0259768981487, 0.0140390172601, 0.00581108871847, 0.00839964393526, 0.000235881947447]
    },
    "beats_position": [0.394739210606, 0.801088392735, 1.20743763447, 1.57895684242, 1.9620860815, 2.34521532059, 2.72834467888, 3.11147379875, 3.50621318817, 3.90095233917, 4.29569149017, 4.69043064117, 5.07355976105, 5.45668935776, 5.8282084465, 6.21133756638, 6.59446716309, 6.97759628296, 7.36072540283, 7.74385452271, 8.13859367371, 8.53333282471, 8.91646194458, 9.29959201813, 9.682721138, 10.077460289, 10.47219944, 10.8437185287, 11.2152376175, 11.5867567062, 11.9814968109, 12.3646259308, 12.7593650818, 13.1424942017, 13.5256233215, 13.9087524414, 14.3034915924, 14.6982307434, 15.0813598633, 15.4644899368, 15.8592290878, 16.2539672852, 16.6487064362, 17.0202255249, 17.391746521, 17.7748756409, 18.1580047607, 18.5527439117, 18.9358730316, 19.3190021515, 19.7137413025, 20.1084804535, 20.4799995422, 20.8747386932, 21.2694778442, 21.640996933, 22.035736084, 22.4188652039, 22.8019943237, 23.1851234436, 23.5798625946, 23.974603653, 24.3577327728, 24.7408618927, 25.1239910126, 25.5187301636, 25.9018592834, 26.2849884033, 26.6797275543, 27.0628566742, 27.4459857941, 27.8291149139, 28.2122440338, 28.6069831848, 28.9901123047, 29.3732414246, 29.7563705444, 30.1511096954, 30.5342407227, 30.9173698425, 31.3004989624, 31.6836280823, 32.0783653259, 32.4614944458, 32.8446235657, 33.2277526855, 33.6224937439, 34.0056228638, 34.3887519836, 34.7718811035, 35.1550102234, 35.5497512817, 35.9444885254, 36.3276176453, 36.7107467651, 37.093875885, 37.4770050049, 37.8717460632, 38.2548751831, 38.638004303, 39.0211334229, 39.4042625427, 39.7989997864, 40.1821289063, 40.5652618408, 40.9599990845, 41.3547401428, 41.7262573242, 42.1093864441, 42.492515564, 42.8756446838, 43.2587738037, 43.6535148621, 44.0366439819, 44.4197731018, 44.8029022217]
},
"tonal": {
    "chords_changes_rate": 0.0689300447702,
    "chords_number_rate": 0.00925925932825,
    "chords_strength": {
        "mean": 0.454625397921,
        "var": 0.00423156330362
    },
    "hpcp_entropy": {
        "mean": 2.11777687073,
        "var": 0.409828424454
    },
    "key_strength": 0.713062524796,
    "tuning_diatonic_strength": 0.51029163599,
    "tuning_equal_tempered_deviation": 0.046479512006,
    "tuning_frequency": 441.017791748,
    "tuning_nontempered_energy_ratio": 0.66559356451,
    "hpcp": {
        "mean": [0.291600346565, 0.1955640167, 0.116811282933, 0.119420409203, 0.10274720192, 0.108830861747, 0.0893609151244, 0.0558238811791, 0.111310459673, 0.164328575134, 0.0962799936533, 0.0450678728521, 0.0549963526428, 0.0846973657608, 0.315302312374, 0.590885818005, 0.441687345505, 0.153525039554, 0.0578542724252, 0.0276771634817, 0.056950956583, 0.0997581109405, 0.108430624008, 0.188453987241, 0.227092579007, 0.10291402787, 0.0264605488628, 0.0263420362025, 0.0494218319654, 0.198365673423, 0.299801915884, 0.198786944151, 0.104629434645, 0.071077182889, 0.0750943124294, 0.194313287735],
        "var": [0.100094288588, 0.0555586479604, 0.053522542119, 0.0646519884467, 0.0290770493448, 0.0223577003926, 0.017064280808, 0.0123779326677, 0.0243035200983, 0.0465616881847, 0.0157624352723, 0.00931396801025, 0.0152731901035, 0.0279340334237, 0.0656691715121, 0.140730813146, 0.0935719683766, 0.0380549505353, 0.0125941690058, 0.00585829140618, 0.010880545713, 0.0223085712641, 0.0218485184014, 0.0586561188102, 0.0923416987062, 0.0256845187396, 0.00424499437213, 0.0029995625373, 0.00799638684839, 0.0656890720129, 0.127995431423, 0.0605688393116, 0.0335013642907, 0.020685814321, 0.0241920761764, 0.0465276315808]
    },
    "chords_histogram": [12.7572011948, 1.33744859695, 45.4732513428, 11.5226335526, 6.17283964157, 1.95473253727, 0, 12.8600826263, 0, 5.24691343307, 0, 0, 0, 0, 0, 0, 0, 0, 0, 0, 0, 0, 2.67489719391, 0],
    "thpcp": [1, 0.747500360012, 0.25982183218, 0.0979110896587, 0.0468401201069, 0.0963823348284, 0.168828070164, 0.1835052073, 0.318934679031, 0.384325653315, 0.174169063568, 0.0447811558843, 0.0445805862546, 0.0836402401328, 0.335708975792, 0.50737708807, 0.33642193675, 0.177072167397, 0.120289199054, 0.127087682486, 0.328850835562, 0.493496954441, 0.330967515707, 0.197688415647, 0.20210403204, 0.173886731267, 0.184182554483, 0.151232123375, 0.0944749042392, 0.188378959894, 0.278105467558, 0.162941798568, 0.07627171278, 0.0930744186044, 0.143339648843, 0.533609569073],
    "chords_key": "D",
    "chords_scale": "minor",
    "key_key": "G",
    "key_scale": "minor"
}
}