{
"lowlevel": {
    "average_loudness": 0.871017038822,
    "barkbands_crest": {
        "mean": 11.4251794815,
        "var": 22.7741775513
    },
    "barkbands_flatness_db": {
        "mean": 0.264212548733,
        "var": 0.0039226594381
    },
    "barkbands_kurtosis": {
        "mean": 1.65753746033,
        "var": 34.8219032288
    },
    "barkbands_skewness": {
        "mean": -0.0654849633574,
        "var": 0.892617046833
    },
    "barkbands_spread": {
        "mean": 10.6713981628,
        "var": 28.3260955811
    },
    "dissonance": {
        "mean": 0.446871608496,
        "var": 0.00162485800683
    },
    "dynamic_complexity": 4.17587471008,
    "erbbands_crest": {
        "mean": 14.7109584808,
        "var": 37.8927650452
    },
    "erbbands_flatness_db": {
        "mean": 0.337018072605,
        "var": 0.00320963351987
    },
    "erbbands_kurtosis": {
        "mean": 2.54487490654,
        "var": 21.601184845
    },
    "erbbands_skewness": {
        "mean": 0.0795361399651,
        "var": 0.773101449013
    },
    "erbbands_spread": {
        "mean": 11.9698057175,
        "var": 38.0626182556
    },
    "hfc": {
        "mean": 25.0994186401,
        "var": 516.872314453
    },
    "melbands_crest": {
        "mean": 12.5168495178,
        "var": 31.7634563446
    },
    "melbands_flatness_db": {
        "mean": 0.234191820025,
        "var": 0.00302604469471
    },
    "melbands_kurtosis": {
        "mean": 2.04890418053,
        "var": 76.4999771118
    },
    "melbands_skewness": {
        "mean": 0.236578702927,
        "var": 1.09947383404
    },
    "melbands_spread": {
        "mean": 23.6552047729,
        "var": 139.322189331
    },
    "pitch_salience": {
        "mean": 0.559575259686,
        "var": 0.0172927621752
    },
    "silence_rate_20dB": {
        "mean": 1,
        "var": 0
    },
    "silence_rate_30dB": {
        "mean": 0.998970150948,
        "var": 0.00102881074417
    },
    "silence_rate_60dB": {
        "mean": 0.176622033119,
        "var": 0.145423710346
    },
    "spectral_centroid": {
        "mean": 1868.77282715,
        "var": 244925.453125
    },
    "spectral_complexity": {
        "mean": 11.7456226349,
        "var": 44.5656166077
    },
    "spectral_decrease": {
        "mean": -3.76226871879e-009,
        "var": 1.18521961956e-017
    },
    "spectral_energy": {
        "mean": 0.0164762549102,
        "var": 0.000225191906793
    },
    "spectral_energyband_high": {
        "mean": 0.000290507887257,
        "var": 8.26077766192e-008
    },
    "spectral_energyband_low": {
        "mean": 4.39906170868e-006,
        "var": 2.26551916116e-010
    },
    "spectral_energyband_middle_high": {
        "mean": 0.0141768539324,
        "var": 0.00019713837537
    },
    "spectral_energyband_middle_low": {
        "mean": 0.00211670529097,
        "var": 4.38135384684e-006
    },
    "spectral_entropy": {
        "mean": 6.52015733719,
        "var": 0.358434796333
    },
    "spectral_flux": {
        "mean": 0.0366697795689,
        "var": 0.000832466583233
    },
    "spectral_kurtosis": {
        "mean": 9.55403709412,
        "var": 41.9182929993
    },
    "spectral_rms": {
        "mean": 0.00352888624184,
        "var": 3.62134915122e-006
    },
    "spectral_rolloff": {
        "mean": 2075.7644043,
        "var": 803620.6875
    },
    "spectral_skewness": {
        "mean": 1.7316224575,
        "var": 0.407952845097
    },
    "spectral_spread": {
        "mean": 2388845.25,
        "var": 2.5922895872e+012
    },
    "spectral_strongpeak": {
        "mean": 3.66222763062,
        "var": 7.31185674667
    },
    "zerocrossingrate": {
        "mean": 0.0749755576253,
        "var": 0.000553838093765
    },
    "barkbands": {
        "mean": [5.90182978044e-008, 4.96923348692e-007, 1.60558022344e-006, 1.82708736247e-005, 0.0003446105693, 0.000242555237492, 0.000251288176514, 0.000377190182917, 0.000623063126113, 0.00116378534585, 0.00160904426593, 0.00183120963629, 0.00245991372503, 0.00144863361493, 0.00335489120334, 0.000943316787016, 0.000840155407786, 0.000382367579732, 0.000232991907978, 0.000159438437549, 0.000144727920997, 4.17952287535e-005, 3.17037734021e-006, 1.2776982885e-006, 3.49491330098e-007, 6.57222400946e-008, 1.49983137021e-009],
        "var": [4.24440959267e-014, 7.25348383787e-013, 2.28912219041e-011, 6.8325118896e-009, 5.35943115665e-007, 1.29662524273e-007, 4.24876162697e-007, 4.11168514347e-007, 1.54047825163e-006, 1.46022612171e-005, 3.29215181409e-005, 1.36175067382e-005, 2.33010960073e-005, 2.75995716947e-005, 2.23205897782e-005, 3.68266773876e-006, 2.74843159787e-006, 5.57128544187e-007, 1.17779691777e-007, 3.85233569489e-008, 2.4536216614e-008, 3.8036307437e-009, 3.49620922491e-011, 2.36525230825e-012, 1.48574620489e-013, 8.83343979154e-015, 1.86048536933e-016]
    },
    "erbbands": {
        "mean": [8.74106808624e-006, 0.000177549678483, 0.00199112505652, 0.0297777988017, 0.346059918404, 1.21521937847, 2.13178634644, 1.82825648785, 3.21260881424, 6.89430236816, 9.09140014648, 16.9996643066, 17.9911155701, 43.2699241638, 82.5027084351, 91.8201751709, 118.081138611, 95.2002944946, 120.797424316, 148.677658081, 47.3660507202, 36.6379013062, 29.4651489258, 14.9240703583, 8.35151100159, 8.40221500397, 6.58019208908, 4.65119504929, 1.61142110825, 0.448862105608, 0.0882057771087, 0.0331574752927, 0.0181101560593, 0.00618785945699, 0.00203452142887, 0.000506411830429, 9.95636655716e-005, 1.26684790303e-005, 1.10083201434e-005, 2.12794348045e-005],
        "var": [1.71471378763e-010, 8.19498779947e-008, 1.80130246008e-005, 0.0152938775718, 2.69013309479, 7.38535547256, 17.2776660919, 8.74322414398, 38.7673301697, 255.825073242, 222.537841797, 1089.60449219, 1129.24694824, 19563.3378906, 72527.2578125, 20815.4570313, 50743.8085938, 88161.3984375, 35059.0664063, 57207.0039063, 6145.95605469, 3575.984375, 2153.37988281, 609.24621582, 103.673751831, 98.7234420776, 56.0866241455, 27.7697219849, 3.6583814621, 1.22310221195, 0.0431507267058, 0.00174893217627, 0.000472272018669, 4.62439966213e-005, 7.60579678172e-006, 4.79311665913e-007, 1.98703258292e-008, 4.5089940115e-010, 1.0282472096e-010, 3.68936020623e-010]
    },
    "gfcc": {
        "mean": [-135.975769043, 66.1630477905, -247.809799194, -6.90056562424, -66.1238479614, -10.2840089798, -32.1453361511, -21.2116203308, -18.2984161377, -1.40332734585, -10.7191810608, -10.8207597733, 2.37578392029],
        "cov": [[11070.3974609, -650.952026367, -3074.8371582, -971.454101563, -748.751220703, -1303.15136719, -136.222122192, -741.010009766, -52.3045272827, -267.473632813, 14.7144432068, -16.4003143311, 377.708129883], [-650.952026367, 940.243530273, 583.683898926, 194.589431763, 153.416229248, 60.7149505615, -106.929733276, -81.3700561523, -216.446533203, -206.405441284, -94.0203018188, -72.6032791138, 16.7113513947], [-3074.8371582, 583.683898926, 1298.88476563, 438.109802246, 300.652984619, 456.678955078, -0.961020112038, 182.808410645, -148.026596069, -79.1200637817, -127.214729309, -42.4534263611, -154.265197754], [-971.454101563, 194.589431763, 438.109802246, 376.669036865, 159.861053467, 173.04335022, -25.0777378082, 46.4344062805, -55.8767623901, -73.0430831909, -53.7874412537, -22.7361392975, -43.2161445618], [-748.751220703, 153.416229248, 300.652984619, 159.861053467, 330.817932129, 208.740921021, 65.1971359253, 69.4987258911, -8.45447635651, -15.9779701233, -6.85903310776, -23.7713394165, -88.4157028198], [-1303.15136719, 60.7149505615, 456.678955078, 173.04335022, 208.740921021, 415.741394043, 149.081787109, 159.984420776, 27.3223628998, 17.0123500824, -20.4136619568, -20.4302024841, -140.150817871], [-136.222122192, -106.929733276, -0.961020112038, -25.0777378082, 65.1971359253, 149.081787109, 222.967315674, 117.753684998, 68.0424118042, 22.1693210602, 9.69384002686, 8.61608505249, -62.9616889954], [-741.010009766, -81.3700561523, 182.808410645, 46.4344062805, 69.4987258911, 159.984420776, 117.753684998, 250.429412842, 108.36920929, 81.270690918, 0.521822690964, 11.2018108368, -78.6098098755], [-52.3045272827, -216.446533203, -148.026596069, -55.8767623901, -8.45447635651, 27.3223628998, 68.0424118042, 108.36920929, 234.388702393, 182.344848633, 68.1973114014, 4.59764146805, -38.6474342346], [-267.473632813, -206.405441284, -79.1200637817, -73.0430831909, -15.9779701233, 17.0123500824, 22.1693210602, 81.270690918, 182.344848633, 336.967254639, 155.253463745, 29.351852417, -53.7676811218], [14.7144432068, -94.0203018188, -127.214729309, -53.7874412537, -6.85903310776, -20.4136619568, 9.69384002686, 0.521822690964, 68.1973114014, 155.253463745, 206.403289795, 108.517616272, 18.2807178497], [-16.4003143311, -72.6032791138, -42.4534263611, -22.7361392975, -23.7713394165, -20.4302024841, 8.61608505249, 11.2018108368, 4.59764146805, 29.351852417, 108.517616272, 225.318511963, 95.9813308716], [377.708129883, 16.7113513947, -154.265197754, -43.2161445618, -88.4157028198, -140.150817871, -62.9616889954, -78.6098098755, -38.6474342346, -53.7676811218, 18.2807178497, 95.9813308716, 190.60093689]],
        "icov": [[0.000443766824901, -0.000427689519711, 0.00137989514042, -0.000183246374945, 9.32063485379e-005, 0.000141208962305, -0.000136558242957, 0.00021016325627, 0.000442730641225, -9.06990098883e-005, 0.000705875514541, -0.000460931303678, 0.000650618807413], [-0.000427689519711, 0.00273369764909, -0.0028699093964, 0.000614241813309, -0.000817082298454, 0.000789199897554, 0.000133922963869, 0.000418289506342, -0.000294728961308, 0.0012444780441, -0.00191859074403, 0.00176833209116, -0.00157280254643], [0.00137989514042, -0.0028699093964, 0.00786091387272, -0.00212771748193, 0.000465175253339, -0.00225857296027, 0.00118092971388, -0.00126013043337, 0.00356035283767, -0.00206346833147, 0.00420275703073, -0.00278588267975, 0.00296206702478], [-0.000183246374945, 0.000614241813309, -0.00212771748193, 0.00530482735485, -0.00133432017174, -0.000728067243472, 0.00160470651463, -5.1969273045e-005, -0.00106532592326, 0.00157235178631, -0.000952527625486, 0.000710058200639, -0.000894349941518], [9.32063485379e-005, -0.000817082298454, 0.000465175253339, -0.00133432017174, 0.00529302237555, -0.00166118948255, -0.000613438314758, 0.000150198000483, -9.34016716201e-005, 0.00027421064442, -0.000604888948146, -0.000153780842084, 0.00124790007249], [0.000141208962305, 0.000789199897554, -0.00225857296027, -0.000728067243472, -0.00166118948255, 0.00836414378136, -0.00411917828023, 0.000256532628555, -0.000804446695838, 0.000640732061584, -0.000602287240326, -9.54897332122e-005, 0.00190613174345], [-0.000136558242957, 0.000133922963869, 0.00118092971388, 0.00160470651463, -0.000613438314758, -0.00411917828023, 0.00955979432911, -0.00323001295328, -0.000606358749792, 0.00163939339109, -0.000483738345793, -0.000505223171785, 0.000731162435841], [0.00021016325627, 0.000418289506342, -0.00126013043337, -5.1969273045e-005, 0.000150198000483, 0.000256532628555, -0.00323001295328, 0.00921366550028, -0.00371013907716, -0.000375273695681, 0.00183693261351, -0.00171775103081, 0.00133717316203], [0.000442730641225, -0.000294728961308, 0.00356035283767, -0.00106532592326, -9.34016716201e-005, -0.000804446695838, -0.000606358749792, -0.00371013907716, 0.0118200397119, -0.00551825808361, 0.00183106504846, 0.000234094157349, -3.02344433294e-005], [-9.06990098883e-005, 0.0012444780441, -0.00206346833147, 0.00157235178631, 0.00027421064442, 0.000640732061584, 0.00163939339109, -0.000375273695681, -0.00551825808361, 0.00957399886101, -0.00675545912236, 0.00189210718963, 0.00101912289392], [0.000705875514541, -0.00191859074403, 0.00420275703073, -0.000952527625486, -0.000604888948146, -0.000602287240326, -0.000483738345793, 0.00183693261351, 0.00183106504846, -0.00675545912236, 0.0142067009583, -0.00713836820796, 0.00252703414299], [-0.000460931303678, 0.00176833209116, -0.00278588267975, 0.000710058200639, -0.000153780842084, -9.54897332122e-005, -0.000505223171785, -0.00171775103081, 0.000234094157349, 0.00189210718963, -0.00713836820796, 0.0105036813766, -0.00637580966577], [0.000650618807413, -0.00157280254643, 0.00296206702478, -0.000894349941518, 0.00124790007249, 0.00190613174345, 0.000731162435841, 0.00133717316203, -3.02344433294e-005, 0.00101912289392, 0.00252703414299, -0.00637580966577, 0.0123129161075]]
    },
    "melbands": {
        "mean": [1.01833627753e-007, 6.02323893872e-007, 1.38340456033e-005, 4.83328403789e-005, 7.84809381003e-005, 4.39946015831e-005, 4.92496874358e-005, 7.68997197156e-005, 8.86275083758e-005, 9.51584152062e-005, 8.99862861843e-005, 0.000171814972418, 0.000240183318965, 0.000245726143476, 0.000263313821051, 0.000200965572731, 0.000178733360372, 0.000166529309354, 0.000201006972929, 0.000151111627929, 4.13469460909e-005, 3.3709591662e-005, 4.61830277345e-005, 1.70521379914e-005, 1.11273957373e-005, 8.0798226918e-006, 3.9190545067e-006, 6.15904173173e-006, 4.37367543782e-006, 3.20355115946e-006, 2.69390375252e-006, 1.00881516119e-006, 4.77210960526e-007, 1.36868251843e-007, 5.2301516007e-008, 2.34230519425e-008, 1.75086753984e-008, 1.40894638179e-008, 8.15083822658e-009, 3.93185795033e-009],
        "var": [2.7540144644e-014, 2.03632054795e-012, 4.74637440462e-009, 1.37430786751e-008, 2.48895055677e-008, 4.94114971161e-009, 9.45672606889e-009, 2.52136995726e-008, 2.01840943959e-008, 3.34568994731e-008, 3.24578124378e-008, 3.85147984616e-007, 6.16865804659e-007, 2.55403591609e-007, 2.06860633511e-007, 2.06546488357e-007, 4.41064372581e-007, 7.61106448977e-008, 9.76881509018e-008, 6.65859118953e-008, 7.18995263327e-009, 3.44202910618e-009, 9.08739128391e-009, 1.00126240632e-009, 4.76018668927e-010, 1.17640799879e-010, 3.98572355675e-011, 7.01208674458e-011, 3.57465931855e-011, 1.87164866938e-011, 1.22951258549e-011, 2.15655553311e-012, 1.2370741367e-012, 1.1282407029e-013, 3.26419257292e-014, 6.92520161631e-016, 9.21872755067e-016, 3.80304558427e-016, 9.77363524568e-017, 2.39594568418e-017]
    },
    "mfcc": {
        "mean": [-750.386657715, 89.2521057129, -111.386978149, -7.7627363205, -33.0594558716, 1.3432289362, -17.3610687256, -21.5492458344, -3.23530840874, -9.22732067108, -6.80031013489, -0.450316041708, -4.15530824661],
        "cov": [[9603.63769531, 313.611572266, -3170.24829102, -166.815841675, -1406.80126953, -632.778747559, -828.530029297, -642.060119629, -387.152008057, -375.149169922, -415.53225708, -307.409545898, -420.055664063], [313.611572266, 819.741821289, 87.3750839233, -28.3008117676, 98.9496078491, -20.8048477173, 81.6497421265, 8.96150493622, -142.498001099, -108.487136841, -207.181945801, -189.072937012, -179.669113159], [-3170.24829102, 87.3750839233, 1399.85009766, 90.2939071655, 522.625549316, 263.782562256, 334.245635986, 314.628845215, 105.027328491, 88.6058883667, 50.6702537537, -31.6825637817, 71.9566421509], [-166.815841675, -28.3008117676, 90.2939071655, 227.603607178, 117.952705383, 34.5212135315, 22.4459285736, 8.20715427399, -1.12949228287, 1.20908951759, -25.7302265167, 18.440454483, 15.8663854599], [-1406.80126953, 98.9496078491, 522.625549316, 117.952705383, 459.327331543, 177.843780518, 180.881347656, 149.363235474, 21.1177349091, 39.2455482483, 8.71215820313, 63.9650421143, 76.3788909912], [-632.778747559, -20.8048477173, 263.782562256, 34.5212135315, 177.843780518, 239.706100464, 141.415969849, 99.2612457275, 11.7001647949, 24.8884735107, 27.9639225006, 15.3426923752, 74.1082458496], [-828.530029297, 81.6497421265, 334.245635986, 22.4459285736, 180.881347656, 141.415969849, 259.420013428, 149.479797363, 8.89628410339, 44.0927581787, 31.4669284821, -1.55475854874, 37.9105453491], [-642.060119629, 8.96150493622, 314.628845215, 8.20715427399, 149.363235474, 99.2612457275, 149.479797363, 323.818939209, 87.2375564575, -10.9227190018, -12.0832901001, -25.0726470947, 44.3749351501], [-387.152008057, -142.498001099, 105.027328491, -1.12949228287, 21.1177349091, 11.7001647949, 8.89628410339, 87.2375564575, 195.228393555, 80.2746658325, 71.9104690552, 54.0248527527, 55.7885169983], [-375.149169922, -108.487136841, 88.6058883667, 1.20908951759, 39.2455482483, 24.8884735107, 44.0927581787, -10.9227190018, 80.2746658325, 256.82635498, 153.536239624, 9.73102760315, 39.2073783875], [-415.53225708, -207.181945801, 50.6702537537, -25.7302265167, 8.71215820313, 27.9639225006, 31.4669284821, -12.0832901001, 71.9104690552, 153.536239624, 305.342987061, 150.333282471, 108.787536621], [-307.409545898, -189.072937012, -31.6825637817, 18.440454483, 63.9650421143, 15.3426923752, -1.55475854874, -25.0726470947, 54.0248527527, 9.73102760315, 150.333282471, 378.329406738, 190.453109741], [-420.055664063, -179.669113159, 71.9566421509, 15.8663854599, 76.3788909912, 74.1082458496, 37.9105453491, 44.3749351501, 55.7885169983, 39.2073783875, 108.787536621, 190.453109741, 255.941955566]],
        "icov": [[0.000698390416801, -0.000452832726296, 0.00133681681473, -0.000520895351656, 0.000928416789975, -0.000473158841487, 0.000590740994085, -0.000551871256903, 0.000388644839404, -9.01509702089e-005, 0.000159089730005, 0.000131539840368, 0.000116493771202], [-0.000452832726296, 0.00237005646341, -0.000778902729508, 0.00104177219328, -0.00157093896996, 0.0010726111941, -0.001388363773, 0.000636112759821, 0.000485633703647, 0.000346153043211, 0.000655461975839, 0.000274672085652, 0.000686677813064], [0.00133681681473, -0.000778902729508, 0.00414054933935, -0.000827546406072, 0.000265677750576, -0.00094611744862, 0.000287296163151, -0.00129490334075, 0.000123365665786, 6.20689970674e-005, -4.29071806138e-005, 0.000865374284331, 0.000248939642916], [-0.000520895351656, 0.00104177219328, -0.000827546406072, 0.00591526599601, -0.00276154535823, 0.00062649830943, -0.000539213418961, 0.00101597665343, -0.000267521973001, 2.51563342317e-005, 0.00081676361151, -6.18159028818e-005, 4.20937212766e-005], [0.000928416789975, -0.00157093896996, 0.000265677750576, -0.00276154535823, 0.00734544591978, -0.00271060015075, 0.000740868563298, -0.00169656041544, 0.00128001475241, -0.00141408783384, 0.00104485603515, -0.00170575687662, 5.74614605284e-005], [-0.000473158841487, 0.0010726111941, -0.00094611744862, 0.00062649830943, -0.00271060015075, 0.00820295233279, -0.00341536826454, 0.000595317862462, 5.95989331487e-005, 0.00073402345879, -0.000332183612045, 0.00123570812866, -0.00186379137449], [0.000590740994085, -0.001388363773, 0.000287296163151, -0.000539213418961, 0.000740868563298, -0.00341536826454, 0.00944654922932, -0.00349398935214, 0.00224530394189, -0.00180454354268, -0.000509062432684, -0.000603343476541, 0.000374303635908], [-0.000551871256903, 0.000636112759821, -0.00129490334075, 0.00101597665343, -0.00169656041544, 0.000595317862462, -0.00349398935214, 0.00673155393451, -0.00363234430552, 0.00221467786469, 4.05331156799e-005, 0.00139268301427, -0.00107484729961], [0.000388644839404, 0.000485633703647, 0.000123365665786, -0.000267521973001, 0.00128001475241, 5.95989331487e-005, 0.00224530394189, -0.00363234430552, 0.0089711714536, -0.00302561884746, 0.000391441193642, -0.00131860061083, 0.000181450726814], [-9.01509702089e-005, 0.000346153043211, 6.20689970674e-005, 2.51563342317e-005, -0.00141408783384, 0.00073402345879, -0.00180454354268, 0.00221467786469, -0.00302561884746, 0.00764861563221, -0.00380211486481, 0.00249092467129, -0.000580856518354], [0.000159089730005, 0.000655461975839, -4.29071806138e-005, 0.00081676361151, 0.00104485603515, -0.000332183612045, -0.000509062432684, 4.05331156799e-005, 0.000391441193642, -0.00380211486481, 0.0071631767787, -0.00246351445094, -0.000178999092896], [0.000131539840368, 0.000274672085652, 0.000865374284331, -6.18159028818e-005, -0.00170575687662, 0.00123570812866, -0.000603343476541, 0.00139268301427, -0.00131860061083, 0.00249092467129, -0.00246351445094, 0.00612337794155, -0.00343523407355], [0.000116493771202, 0.000686677813064, 0.000248939642916, 4.20937212766e-005, 5.74614605284e-005, -0.00186379137449, 0.000374303635908, -0.00107484729961, 0.000181450726814, -0.000580856518354, -0.000178999092896, -0.00343523407355, 0.00784295983613]]
    },
    "spectral_contrast_coeffs": {
        "mean": [-0.631733596325, -0.610588908195, -0.61240953207, -0.597926139832, -0.65723913908, -0.631608068943],
        "var": [0.0238521359861, 0.0120600732043, 0.0125106908381, 0.00974451377988, 0.00603317143396, 0.00533303432167]
    },
    "spectral_contrast_valleys": {
        "mean": [-11.1791172028, -9.24030303955, -8.90322875977, -8.80787754059, -9.27981758118, -13.1499633789],
        "var": [0.798384666443, 1.26175642014, 1.64808821678, 1.67928111553, 1.56077444553, 0.811369359493]
    }
},
"metadata": {
    "audio_properties": {
        "analysis_sample_rate": 44100,
        "bit_rate": 101534,
        "equal_loudness": 0,
        "length": 45.0612258911,
        "lossless": 0,
        "replay_gain": -11.4594421387,
        "sample_rate": 44100,
        "codec": "mp3",
        "downmix": "mix",
        "md5_encoded": "b283803fe3e73e8379dd36af25175397"
    },
    "tags": {
        "file_name": "150.mp3"
    },
    "version": {
        "essentia": "2.1-beta2",
        "essentia_git_sha": "v2.1_beta2",
        "extractor": "music 1.0"
    }
},
"rhythm": {
    "beats_count": 104,
    "beats_loudness": {
        "mean": 0.024323888123,
        "var": 0.000311715411954
    },
    "bpm": 123.083305359,
    "bpm_histogram_first_peak_bpm": {
        "mean": 123,
        "var": 0
    },
    "bpm_histogram_first_peak_spread": {
        "mean": 0.521739125252,
        "var": 0
    },
    "bpm_histogram_first_peak_weight": {
        "mean": 0.106796115637,
        "var": 0
    },
    "bpm_histogram_second_peak_bpm": {
        "mean": 152,
        "var": 0
    },
    "bpm_histogram_second_peak_spread": {
        "mean": 0.40000000596,
        "var": 0
    },
    "bpm_histogram_second_peak_weight": {
        "mean": 0.0873786434531,
        "var": 0
    },
    "danceability": 1.19934678078,
    "onset_rate": 2.99457359314,
    "beats_loudness_band_ratio": {
        "mean": [0.00820161215961, 0.0424260534346, 0.111009322107, 0.465097099543, 0.350058108568, 0.0429565124214],
        "var": [0.0005533741205, 0.0017643799074, 0.0112477177754, 0.042950950563, 0.0306834280491, 0.000964893552009]
    },
    "beats_position": [0.383129239082, 0.789478421211, 1.20743763447, 1.62539684772, 2.03174591064, 2.43809509277, 2.8444442749, 3.20435357094, 3.5758728981, 3.93578219414, 4.29569149017, 4.63238096237, 4.98067998886, 5.34058952332, 5.70049858093, 6.07201814651, 6.44353723526, 6.81505680084, 7.17496585846, 7.53487491608, 7.87156438828, 8.20825386047, 8.54494285583, 8.87002277374, 9.19510173798, 9.54340076447, 9.89170074463, 10.22838974, 10.5650787354, 10.9133787155, 11.2732877731, 11.6331968307, 11.9814968109, 12.3297958374, 12.6664848328, 13.0031747818, 13.3979139328, 13.7926530838, 14.1873922348, 14.5821313858, 15.0697498322, 15.5573692322, 16.0682086945, 16.5674381256, 17.0666656494, 17.5310649872, 17.9838542938, 18.4482536316, 18.9242630005, 19.3886623383, 19.8646717072, 20.3406791687, 20.8747386932, 21.4204082489, 21.9660758972, 22.523355484, 23.0574150085, 23.614692688, 24.1603622437, 24.7060317993, 25.2400894165, 25.8089790344, 26.3778686523, 26.8887062073, 27.3763256073, 27.8639450073, 28.3515644073, 28.8391838074, 29.3268013, 29.8144207001, 30.3136501312, 30.8128795624, 31.3004989624, 31.7881164551, 32.264125824, 32.7285270691, 33.1929244995, 33.6689338684, 34.1449432373, 34.6441726685, 35.1434020996, 35.6310195923, 36.0489807129, 36.4785499573, 36.908115387, 37.3492965698, 37.7788658142, 38.1852149963, 38.6031723022, 39.0327415466, 39.462310791, 39.8918800354, 40.2750091553, 40.6581382751, 41.0528793335, 41.4476165771, 41.8423576355, 42.2254867554, 42.6086158752, 43.0033569336, 43.4213142395, 43.8276634216, 44.2107925415, 44.6055335999]
},
"tonal": {
    "chords_changes_rate": 0.0977366268635,
    "chords_number_rate": 0.00925925932825,
    "chords_strength": {
        "mean": 0.442512601614,
        "var": 0.00617215689272
    },
    "hpcp_entropy": {
        "mean": 1.42039752007,
        "var": 0.324046313763
    },
    "key_strength": 0.648333668709,
    "tuning_diatonic_strength": 0.531963050365,
    "tuning_equal_tempered_deviation": 0.072363704443,
    "tuning_frequency": 440.254241943,
    "tuning_nontempered_energy_ratio": 0.658014416695,
    "hpcp": {
        "mean": [0.326265573502, 0.180551618338, 0.0640453621745, 0.0491875261068, 0.0436691828072, 0.200103670359, 0.261103212833, 0.133130311966, 0.206508129835, 0.254116535187, 0.106429383159, 0.0621571578085, 0.0724074691534, 0.0458727106452, 0.179234191775, 0.28649315238, 0.135717630386, 0.0309933815151, 0.0408510714769, 0.0475532114506, 0.254378914833, 0.355063289404, 0.154405519366, 0.0713542997837, 0.0672478154302, 0.0362883582711, 0.08492770046, 0.101765736938, 0.0506306774914, 0.152258783579, 0.227262377739, 0.103052973747, 0.041315022856, 0.0560383312404, 0.0622967109084, 0.212715059519],
        "var": [0.149822831154, 0.0431206226349, 0.0256705582142, 0.0188457816839, 0.0105332098901, 0.0655107200146, 0.121335878968, 0.0233547706157, 0.0765432566404, 0.122865736485, 0.0212518870831, 0.0229374244809, 0.0425254292786, 0.00971745606512, 0.0468693822622, 0.129145756364, 0.0291186831892, 0.00564181851223, 0.0188925098628, 0.00826845504344, 0.0717592388391, 0.147369623184, 0.0301521811634, 0.0275798104703, 0.0377247184515, 0.00741970725358, 0.0237784367055, 0.0395495779812, 0.00952119752765, 0.0497752837837, 0.0975559130311, 0.0191533062607, 0.00900400336832, 0.0219021476805, 0.0227161943913, 0.0671491771936]
    },
    "chords_histogram": [14.8148145676, 15.7407407761, 11.3168725967, 24.1769542694, 0.205761313438, 7.71604919434, 0, 0, 0, 10.3909463882, 7.20164632797, 0, 0, 1.54320991039, 0.720164597034, 0, 0, 0.205761313438, 0, 0, 0.411522626877, 0, 0, 5.55555534363],
    "thpcp": [1, 0.434867590666, 0.200962200761, 0.189396694303, 0.102202504873, 0.23919031024, 0.286612957716, 0.142596200109, 0.428821533918, 0.640061616898, 0.290238320827, 0.116359598935, 0.157826319337, 0.175452411175, 0.599090516567, 0.91889411211, 0.5085054636, 0.180377319455, 0.138531714678, 0.122989855707, 0.563571810722, 0.73537093401, 0.374948114157, 0.581609368324, 0.71569365263, 0.299747645855, 0.175059378147, 0.203928351402, 0.129195868969, 0.504795074463, 0.806879103184, 0.382235050201, 0.0872897356749, 0.115052931011, 0.133928835392, 0.716432571411],
    "chords_key": "G",
    "chords_scale": "major",
    "key_key": "A",
    "key_scale": "minor"
}
}