{
"lowlevel": {
    "average_loudness": 0.972135722637,
    "barkbands_crest": {
        "mean": 13.0153598785,
        "var": 38.5629844666
    },
    "barkbands_flatness_db": {
        "mean": 0.171155616641,
        "var": 0.00826174486428
    },
    "barkbands_kurtosis": {
        "mean": 22.529920578,
        "var": 2946.47509766
    },
    "barkbands_skewness": {
        "mean": 2.85604977608,
        "var": 8.93618774414
    },
    "barkbands_spread": {
        "mean": 22.4474830627,
        "var": 416.855926514
    },
    "dissonance": {
        "mean": 0.451995134354,
        "var": 0.00104517745785
    },
    "dynamic_complexity": 2.28888893127,
    "erbbands_crest": {
        "mean": 9.71852970123,
        "var": 16.9420089722
    },
    "erbbands_flatness_db": {
        "mean": 0.143787667155,
        "var": 0.00315157882869
    },
    "erbbands_kurtosis": {
        "mean": 0.809099435806,
        "var": 5.78935194016
    },
    "erbbands_skewness": {
        "mean": 0.593454778194,
        "var": 0.707463145256
    },
    "erbbands_spread": {
        "mean": 45.3724861145,
        "var": 649.116210938
    },
    "hfc": {
        "mean": 28.7193107605,
        "var": 1184.97631836
    },
    "melbands_crest": {
        "mean": 16.1429748535,
        "var": 36.9852752686
    },
    "melbands_flatness_db": {
        "mean": 0.25653642416,
        "var": 0.014322174713
    },
    "melbands_kurtosis": {
        "mean": 43.1553497314,
        "var": 5575.07177734
    },
    "melbands_skewness": {
        "mean": 3.90010309219,
        "var": 9.28734970093
    },
    "melbands_spread": {
        "mean": 18.0754203796,
        "var": 311.869842529
    },
    "pitch_salience": {
        "mean": 0.439196109772,
        "var": 0.0311945080757
    },
    "silence_rate_20dB": {
        "mean": 1,
        "var": 0
    },
    "silence_rate_30dB": {
        "mean": 0.893923819065,
        "var": 0.0948230996728
    },
    "silence_rate_60dB": {
        "mean": 0.0139031922445,
        "var": 0.0137094892561
    },
    "spectral_centroid": {
        "mean": 1060.27856445,
        "var": 448196.9375
    },
    "spectral_complexity": {
        "mean": 14.2095775604,
        "var": 79.5961303711
    },
    "spectral_decrease": {
        "mean": -1.09356399491e-008,
        "var": 1.50361622732e-016
    },
    "spectral_energy": {
        "mean": 0.0438786186278,
        "var": 0.002215862507
    },
    "spectral_energyband_high": {
        "mean": 0.00177815102506,
        "var": 8.26790164865e-006
    },
    "spectral_energyband_low": {
        "mean": 0.0295671820641,
        "var": 0.00194424192887
    },
    "spectral_energyband_middle_high": {
        "mean": 0.00261710118502,
        "var": 6.17981322648e-006
    },
    "spectral_energyband_middle_low": {
        "mean": 0.0114474575967,
        "var": 0.000332222989528
    },
    "spectral_entropy": {
        "mean": 7.32495450974,
        "var": 0.452726781368
    },
    "spectral_flux": {
        "mean": 0.111989140511,
        "var": 0.00752317765728
    },
    "spectral_kurtosis": {
        "mean": 6.13596868515,
        "var": 18.0068225861
    },
    "spectral_rms": {
        "mean": 0.00571843562648,
        "var": 1.01078439911e-005
    },
    "spectral_rolloff": {
        "mean": 2104.54467773,
        "var": 11121628
    },
    "spectral_skewness": {
        "mean": 2.01840615273,
        "var": 0.399200111628
    },
    "spectral_spread": {
        "mean": 5875218,
        "var": 4.82059537613e+012
    },
    "spectral_strongpeak": {
        "mean": 0.985435605049,
        "var": 1.11686468124
    },
    "zerocrossingrate": {
        "mean": 0.0741858109832,
        "var": 0.00369587005116
    },
    "barkbands": {
        "mean": [0.000119535980048, 0.0214593149722, 0.00650263624266, 0.00294563476928, 0.00285615841858, 0.00109227374196, 0.00165790261235, 0.00200220360421, 0.000826167175546, 0.000418137788074, 0.000356740085408, 0.000234971375903, 0.000151042549987, 0.000351989467163, 7.14320849511e-005, 0.000429365987657, 0.000245545583311, 0.000144178949995, 0.000191571380128, 0.000180666713277, 0.000140032803756, 0.00015407668252, 0.000167168283951, 0.000211478254641, 0.000101556724985, 0.000826007802971, 4.08321720897e-005],
        "var": [4.66610323713e-008, 0.00109246175271, 0.000234763574554, 7.28712620912e-005, 6.90703018336e-005, 6.84331735101e-006, 1.20161384984e-005, 9.25016411202e-006, 2.22991161536e-006, 1.1585801758e-006, 3.46864226231e-007, 1.46678644342e-007, 9.07573891595e-008, 2.78740657222e-007, 1.81348003281e-008, 6.83990094785e-007, 4.24883921823e-007, 8.91084823706e-008, 1.74006260067e-007, 1.09457097608e-007, 6.47294697842e-008, 8.56476063404e-008, 8.89383073854e-008, 1.3547074218e-007, 2.69459334845e-008, 2.02328965315e-006, 7.01504765388e-009]
    },
    "erbbands": {
        "mean": [0.343214273453, 5.63440799713, 9.84088420868, 8.38677310944, 12.3245191574, 7.0973944664, 4.50664281845, 11.3943328857, 24.9927120209, 35.7367782593, 34.0432739258, 16.380235672, 11.9263563156, 10.6098890305, 16.060874939, 8.45977210999, 7.40517044067, 11.9213380814, 12.5371694565, 11.9302520752, 19.0686321259, 16.4075832367, 8.00602912903, 10.9934110641, 7.16088199615, 8.16937446594, 7.12520503998, 5.61618471146, 5.57681846619, 5.17356300354, 4.58502817154, 4.50823688507, 3.40572094917, 1.5343798399, 0.655701875687, 3.84109687805, 1.31060945988, 0.184437647462, 0.00478893658146, 0.00018606413505],
        "var": [0.257163643837, 78.7118682861, 370.602783203, 554.099243164, 1406.0592041, 278.083007813, 57.5840606689, 754.292541504, 2703.04248047, 3642.41650391, 2193.25415039, 654.505187988, 670.76763916, 460.062438965, 650.56060791, 157.506149292, 154.849319458, 195.507476807, 428.871429443, 526.039733887, 929.520751953, 1907.34411621, 253.58430481, 505.747131348, 249.597335815, 231.324798584, 175.15814209, 98.2989044189, 119.875564575, 91.8768157959, 62.159198761, 67.3631439209, 34.9739151001, 6.05193281174, 1.24992120266, 44.9506263733, 5.51783561707, 0.123751372099, 8.66437912919e-005, 6.79365328438e-008]
    },
    "gfcc": {
        "mean": [-5.71629095078, 72.8927993774, -80.9900817871, 12.7917356491, -51.1182022095, 13.3796319962, -38.8925437927, 14.5715513229, -18.3322906494, 13.7778949738, -25.0222835541, 0.793271243572, -22.1065406799],
        "cov": [[5916.46142578, -2327.01367188, 488.385894775, 439.937347412, -363.984039307, -319.099121094, 55.513507843, 90.9644470215, -426.933227539, -36.0343704224, -85.2600860596, 403.874481201, -296.03527832], [-2327.01367188, 1948.98254395, 71.1631317139, -39.6282463074, 403.247802734, 336.508026123, 193.957229614, 22.6721935272, 291.10925293, 30.8138866425, 132.832351685, -177.870895386, 185.540512085], [488.385894775, 71.1631317139, 1212.41162109, 557.710083008, 386.598083496, 277.829376221, 494.605712891, 124.716621399, -26.7527065277, 146.770828247, 180.059692383, 121.680648804, -54.7259788513], [439.937347412, -39.6282463074, 557.710083008, 552.320861816, 280.664794922, 117.610839844, 234.446853638, 114.325942993, 115.213989258, 37.567565918, 75.8549041748, 88.4551849365, -2.98644661903], [-363.984039307, 403.247802734, 386.598083496, 280.664794922, 405.257720947, 189.640991211, 218.558303833, 129.976364136, 197.368728638, 63.0980796814, 64.1974868774, 31.020198822, 53.7373771667], [-319.099121094, 336.508026123, 277.829376221, 117.610839844, 189.640991211, 257.561767578, 235.827133179, 68.3504257202, 49.8621559143, 62.9495391846, 87.1598358154, -9.38384151459, 42.3164176941], [55.513507843, 193.957229614, 494.605712891, 234.446853638, 218.558303833, 235.827133179, 424.253540039, 107.306243896, 5.55197000504, 70.4662780762, 106.639785767, 60.801399231, -3.78130102158], [90.9644470215, 22.6721935272, 124.716621399, 114.325942993, 129.976364136, 68.3504257202, 107.306243896, 199.175918579, 143.55229187, 21.2962322235, 11.3976669312, 19.2904186249, 26.1182384491], [-426.933227539, 291.10925293, -26.7527065277, 115.213989258, 197.368728638, 49.8621559143, 5.55197000504, 143.55229187, 327.544494629, 40.1569976807, 5.08152341843, -17.9648456573, 72.5422592163], [-36.0343704224, 30.8138866425, 146.770828247, 37.567565918, 63.0980796814, 62.9495391846, 70.4662780762, 21.2962322235, 40.1569976807, 119.17440033, 63.4040565491, 14.1639642715, -7.71650075912], [-85.2600860596, 132.832351685, 180.059692383, 75.8549041748, 64.1974868774, 87.1598358154, 106.639785767, 11.3976669312, 5.08152341843, 63.4040565491, 127.287963867, 21.8647174835, 14.0712604523], [403.874481201, -177.870895386, 121.680648804, 88.4551849365, 31.020198822, -9.38384151459, 60.801399231, 19.2904186249, -17.9648456573, 14.1639642715, 21.8647174835, 111.709106445, -8.74803829193], [-296.03527832, 185.540512085, -54.7259788513, -2.98644661903, 53.7373771667, 42.3164176941, -3.78130102158, 26.1182384491, 72.5422592163, -7.71650075912, 14.0712604523, -8.74803829193, 93.9167480469]],
        "icov": [[0.000431586639024, 0.000268160772976, -4.30397485616e-005, -0.00034602053347, 0.000364979030564, -8.4588646132e-005, 0.000115488073789, -0.000468307349365, 0.00028865862987, 3.45543521689e-005, 0.000166328041814, -0.000859510153532, 0.00043360926793], [0.000268160772976, 0.00167153903749, -0.000185073789908, 0.000900942482986, -0.00119356741197, -0.00045782973757, -0.000631644565146, 0.00126481417101, -0.00116667116527, 0.00154127879068, -0.00140479183756, 0.0014394527534, -0.000651804090012], [-4.30397485616e-005, -0.000185073789908, 0.00344801461324, -0.0022569836583, -0.00175589497667, 0.00012932321988, -0.00109503639396, -0.000954628456384, 0.00269880355336, -0.00230814306997, -0.000673270842526, 0.00010177326476, 0.00117131660227], [-0.00034602053347, 0.000900942482986, -0.0022569836583, 0.00612245779485, -0.00221549347043, 0.00032270673546, -0.000769026228227, 0.00194383074995, -0.00356682925485, 0.00391251780093, -0.00212966417894, 0.000367567496141, -1.04971295514e-005], [0.000364979030564, -0.00119356741197, -0.00175589497667, -0.00221549347043, 0.0102722384036, -0.00306142983027, 0.000263574533165, -0.000755474786274, -0.00336166378111, -0.000695186492521, 0.00320101459511, -0.00376676511951, -0.000153643180965], [-8.4588646132e-005, -0.00045782973757, 0.00012932321988, 0.00032270673546, -0.00306142983027, 0.0139458598569, -0.00597870303318, -0.000689739303198, 0.00208487641066, -0.00289887352847, -0.00188645790331, 0.00526101095602, -0.00493324920535], [0.000115488073789, -0.000631644565146, -0.00109503639396, -0.000769026228227, 0.000263574533165, -0.00597870303318, 0.00896031968296, -0.00328793795779, 0.00205343239941, 0.000249883858487, -0.00036208803067, -0.00391026213765, 0.0028919915203], [-0.000468307349365, 0.00126481417101, -0.000954628456384, 0.00194383074995, -0.000755474786274, -0.000689739303198, -0.00328793795779, 0.0118962125853, -0.0070744487457, 0.00288775726222, -0.000173116364749, 0.00152324512601, -0.00129756005481], [0.00028865862987, -0.00116667116527, 0.00269880355336, -0.00356682925485, -0.00336166378111, 0.00208487641066, 0.00205343239941, -0.0070744487457, 0.0119756357744, -0.00621624197811, 0.00170038535725, 0.00039945464232, -0.00227030576207], [3.45543521689e-005, 0.00154127879068, -0.00230814306997, 0.00391251780093, -0.000695186492521, -0.00289887352847, 0.000249883858487, 0.00288775726222, -0.00621624197811, 0.0172456521541, -0.00751824211329, -0.000336053955834, 0.00406791828573], [0.000166328041814, -0.00140479183756, -0.000673270842526, -0.00212966417894, 0.00320101459511, -0.00188645790331, -0.00036208803067, -0.000173116364749, 0.00170038535725, -0.00751824211329, 0.0162214338779, -0.00340537237935, -0.00278720329516], [-0.000859510153532, 0.0014394527534, 0.00010177326476, 0.000367567496141, -0.00376676511951, 0.00526101095602, -0.00391026213765, 0.00152324512601, 0.00039945464232, -0.000336053955834, -0.00340537237935, 0.0177272222936, -0.00445299036801], [0.00043360926793, -0.000651804090012, 0.00117131660227, -1.04971295514e-005, -0.000153643180965, -0.00493324920535, 0.0028919915203, -0.00129756005481, -0.00227030576207, 0.00406791828573, -0.00278720329516, -0.00445299036801, 0.018863055855]]
    },
    "melbands": {
        "mean": [0.00474074622616, 0.00637362198904, 0.00162914267275, 0.000737151189242, 0.000171837542439, 0.00026590298512, 0.000358368182788, 0.000423963036155, 0.000268832111033, 9.12063624128e-005, 6.06956418778e-005, 4.60142400698e-005, 4.595241262e-005, 3.49676593032e-005, 1.63743407029e-005, 1.70062467078e-005, 2.50638895523e-005, 2.59457410721e-005, 5.71345253775e-006, 3.25698201777e-005, 1.7088594177e-005, 1.93071045942e-005, 6.85833219904e-006, 7.11590337232e-006, 9.44998373598e-006, 6.01150577495e-006, 3.7287120449e-006, 6.34268690192e-006, 5.22019126947e-006, 3.33163006871e-006, 3.05079856844e-006, 3.13436976285e-006, 3.00915894513e-006, 2.87436319013e-006, 2.5400386221e-006, 2.59555463344e-006, 2.91274500341e-006, 2.53036228059e-006, 1.84916370927e-006, 1.1047039834e-006],
        "var": [5.01203940075e-005, 0.000112567613542, 1.73602893483e-005, 4.63872038381e-006, 8.12561822272e-008, 3.72688333528e-007, 5.943755923e-007, 5.03350293002e-007, 1.75011322767e-007, 2.05597938674e-008, 2.04476506838e-008, 1.01696873145e-008, 5.30159072198e-009, 2.9739959384e-009, 5.76602821045e-010, 1.3239744856e-009, 9.62715906994e-010, 2.24121343706e-009, 1.1189267568e-010, 5.42057154718e-009, 7.41832817397e-010, 3.17345572043e-009, 1.9325499534e-010, 2.20753984537e-010, 3.99725391675e-010, 2.04873035203e-010, 6.73081521074e-011, 1.46700707138e-010, 9.50290748869e-011, 4.01482805334e-011, 3.11457457047e-011, 4.40324825213e-011, 2.98087388106e-011, 3.12095314869e-011, 1.90344962014e-011, 2.33081800388e-011, 2.95159729991e-011, 2.13312770225e-011, 1.00147607221e-011, 3.35880585497e-012]
    },
    "mfcc": {
        "mean": [-670.550415039, 123.240943909, 22.6438159943, 13.478597641, 6.77329063416, 2.72350525856, -4.74560499191, -0.761108279228, 6.2206902504, 6.30066394806, 2.26765608788, 7.67883253098, 1.74304687977],
        "cov": [[5457.95410156, -2197.02490234, 138.088012695, 289.350708008, -333.105865479, -264.897735596, -2.9336400032, 142.444625854, -399.332214355, -93.3215789795, -147.175765991, -156.233612061, -116.951553345], [-2197.02490234, 1631.33239746, 44.068649292, -110.476745605, 179.973678589, 231.974777222, 145.802093506, 26.8986473083, 217.320892334, 64.5079650879, 101.816230774, 111.564155579, 58.2701034546], [138.088012695, 44.068649292, 660.953613281, 369.06829834, 153.225967407, 264.618377686, 346.209136963, 160.161621094, 36.1365852356, 135.556838989, 98.2467269897, 92.1595687866, 56.9003486633], [289.350708008, -110.476745605, 369.06829834, 477.997589111, 214.759414673, 182.224884033, 134.592437744, 186.27746582, 72.1919021606, 98.6102523804, 54.9884376526, 112.663024902, 109.029930115], [-333.105865479, 179.973678589, 153.225967407, 214.759414673, 302.002441406, 93.9774475098, 11.4173326492, 87.1837387085, 162.694335938, 56.7148704529, 64.7630233765, 94.6351928711, 142.413970947], [-264.897735596, 231.974777222, 264.618377686, 182.224884033, 93.9774475098, 302.861480713, 230.323410034, 110.350723267, 36.5095939636, 105.140762329, 48.6414871216, 74.0877914429, 38.7146606445], [-2.9336400032, 145.802093506, 346.209136963, 134.592437744, 11.4173326492, 230.323410034, 407.221496582, 136.35105896, 2.69819903374, 92.4668655396, 67.5301437378, 40.0921363831, -21.233833313], [142.444625854, 26.8986473083, 160.161621094, 186.27746582, 87.1837387085, 110.350723267, 136.35105896, 211.919311523, 110.211853027, 68.688079834, 37.151386261, 84.3295211792, 71.3004379272], [-399.332214355, 217.320892334, 36.1365852356, 72.1919021606, 162.694335938, 36.5095939636, 2.69819903374, 110.211853027, 255.952301025, 65.3956604004, 54.3630752563, 97.0891647339, 138.776412964], [-93.3215789795, 64.5079650879, 135.556838989, 98.6102523804, 56.7148704529, 105.140762329, 92.4668655396, 68.688079834, 65.3956604004, 132.214645386, 60.3841362, 63.7970848083, 30.150188446], [-147.175765991, 101.816230774, 98.2467269897, 54.9884376526, 64.7630233765, 48.6414871216, 67.5301437378, 37.151386261, 54.3630752563, 60.3841362, 120.186828613, 60.4322814941, 28.2308959961], [-156.233612061, 111.564155579, 92.1595687866, 112.663024902, 94.6351928711, 74.0877914429, 40.0921363831, 84.3295211792, 97.0891647339, 63.7970848083, 60.4322814941, 151.867889404, 103.752365112], [-116.951553345, 58.2701034546, 56.9003486633, 109.029930115, 142.413970947, 38.7146606445, -21.233833313, 71.3004379272, 138.776412964, 30.150188446, 28.2308959961, 103.752365112, 205.023208618]],
        "icov": [[0.000492855149787, 0.000532033329364, -0.000105646897282, -7.84665535321e-005, 0.000200722512091, 0.000311595475068, -3.25372420775e-005, -0.000772043538745, 0.000546971743461, 4.25764119427e-005, -9.33870069275e-006, 0.000165398785612, -0.000191076469491], [0.000532033329364, 0.00164946529549, -9.32676630327e-005, 0.000856595754158, -0.000504709256347, -0.000894344761036, -0.000173258813447, -0.000425400125096, -0.000370520137949, 0.00073488795897, -0.000255837541772, -0.000518648012076, 0.000494920066558], [-0.000105646897282, -9.32676630327e-005, 0.00515195028856, -0.00314172171056, -0.000444695033366, 4.50285951956e-005, -0.00367130921222, 0.00190254801419, 0.000161386007676, -0.00101166474633, -0.000724638521206, 0.000324044260196, -0.000558989006095], [-7.84665535321e-005, 0.000856595754158, -0.00314172171056, 0.00851281452924, -0.00437406124547, -0.00175777717959, 0.00243246648461, -0.00488425930962, 0.0026733300183, -0.000536008505151, 0.000787539465819, -0.00144793954678, 0.000271004391834], [0.000200722512091, -0.000504709256347, -0.000444695033366, -0.00437406124547, 0.0100505901501, -0.00111157714855, 0.00152703933418, 0.00183009426109, -0.00417648581788, 0.00167086184956, -0.00252581574023, 0.00157020054758, -0.00240785256028], [0.000311595475068, -0.000894344761036, 4.50285951956e-005, -0.00175777717959, -0.00111157714855, 0.00994563102722, -0.0039764684625, -0.000558035506401, 0.00282284780405, -0.00434719445184, 0.00240187998861, -0.000620391918346, -0.0012577008456], [-3.25372420775e-005, -0.000173258813447, -0.00367130921222, 0.00243246648461, 0.00152703933418, -0.0039764684625, 0.00867641530931, -0.00442072749138, 0.000605530512985, 0.000637150486, -0.0021381159313, 0.00110478547867, 0.00111392361578], [-0.000772043538745, -0.000425400125096, 0.00190254801419, -0.00488425930962, 0.00183009426109, -0.000558035506401, -0.00442072749138, 0.0144957844168, -0.00684531591833, 0.0004410307738, 0.00136448303238, -0.00267519662157, 0.000819557113573], [0.000546971743461, -0.000370520137949, 0.000161386007676, 0.0026733300183, -0.00417648581788, 0.00282284780405, 0.000605530512985, -0.00684531591833, 0.0129820611328, -0.00433739507571, -0.00029419749626, 0.00035106705036, -0.00452441209927], [4.25764119427e-005, 0.00073488795897, -0.00101166474633, -0.000536008505151, 0.00167086184956, -0.00434719445184, 0.000637150486, 0.0004410307738, -0.00433739507571, 0.0154942851514, -0.00425154343247, -0.00256756157614, 0.00249620480463], [-9.33870069275e-006, -0.000255837541772, -0.000724638521206, 0.000787539465819, -0.00252581574023, 0.00240187998861, -0.0021381159313, 0.00136448303238, -0.00029419749626, -0.00425154343247, 0.0140709048137, -0.00448193820193, 0.00160960864741], [0.000165398785612, -0.000518648012076, 0.000324044260196, -0.00144793954678, 0.00157020054758, -0.000620391918346, 0.00110478547867, -0.00267519662157, 0.00035106705036, -0.00256756157614, -0.00448193820193, 0.0152432937175, -0.00596375856549], [-0.000191076469491, 0.000494920066558, -0.000558989006095, 0.000271004391834, -0.00240785256028, -0.0012577008456, 0.00111392361578, 0.000819557113573, -0.00452441209927, 0.00249620480463, 0.00160960864741, -0.00596375856549, 0.0118709914386]]
    },
    "spectral_contrast_coeffs": {
        "mean": [-0.615087091923, -0.718421816826, -0.766632795334, -0.750306725502, -0.792854249477, -0.787845551968],
        "var": [0.00675447145477, 0.00539264129475, 0.0037030368112, 0.0051602111198, 0.00227560126223, 0.000930898240767]
    },
    "spectral_contrast_valleys": {
        "mean": [-7.50498819351, -6.667137146, -7.7826218605, -8.27229595184, -8.20048904419, -10.187415123],
        "var": [1.48305988312, 0.64018625021, 0.815080821514, 0.867784559727, 1.42358136177, 1.6709703207]
    }
},
"metadata": {
    "audio_properties": {
        "analysis_sample_rate": 44100,
        "bit_rate": 128074,
        "equal_loudness": 0,
        "length": 45.0612258911,
        "lossless": 0,
        "replay_gain": -4.91432380676,
        "sample_rate": 44100,
        "codec": "mp3",
        "downmix": "mix",
        "md5_encoded": "6cecc7b4bf470d4e46e66b0023f52b9c"
    },
    "tags": {
        "file_name": "1501.mp3"
    },
    "version": {
        "essentia": "2.1-beta2",
        "essentia_git_sha": "v2.1_beta2",
        "extractor": "music 1.0"
    }
},
"rhythm": {
    "beats_count": 69,
    "beats_loudness": {
        "mean": 0.0733656659722,
        "var": 0.00170650228392
    },
    "bpm": 92.7217941284,
    "bpm_histogram_first_peak_bpm": {
        "mean": 92,
        "var": 0
    },
    "bpm_histogram_first_peak_spread": {
        "mean": 0.397058844566,
        "var": 0
    },
    "bpm_histogram_first_peak_weight": {
        "mean": 0.602941215038,
        "var": 0
    },
    "bpm_histogram_second_peak_bpm": {
        "mean": 0,
        "var": 0
    },
    "bpm_histogram_second_peak_spread": {
        "mean": 0,
        "var": 0
    },
    "bpm_histogram_second_peak_weight": {
        "mean": 0,
        "var": 0
    },
    "danceability": 1.59148597717,
    "onset_rate": 5.98914718628,
    "beats_loudness_band_ratio": {
        "mean": [0.690809249878, 0.188264027238, 0.106297433376, 0.0414907224476, 0.0494190454483, 0.0682582333684],
        "var": [0.0478472001851, 0.0352641604841, 0.0228413064033, 0.00362165994011, 0.00263212155551, 0.00285420380533]
    },
    "beats_position": [0.66176867485, 1.33514738083, 2.00852608681, 2.68190479279, 3.36689329147, 4.01705217361, 4.66721057892, 5.31736946106, 5.94430828094, 6.59446716309, 7.24462556839, 7.89478445053, 8.54494285583, 9.19510173798, 9.83365058899, 10.47219944, 11.1223583221, 11.7725172043, 12.4110651016, 13.0496139526, 13.6997728348, 14.3499317169, 14.9884805679, 15.6270294189, 16.2771873474, 16.9273471832, 17.5658950806, 18.2044448853, 18.8546028137, 19.5047607422, 20.154920578, 20.7934684753, 21.43201828, 22.0821762085, 22.7323360443, 23.3824939728, 24.0210418701, 24.6828117371, 25.3213596344, 25.9599094391, 26.5868473053, 27.2370071411, 27.8871650696, 28.537322998, 29.1874828339, 29.8376407623, 30.476190567, 31.1147384644, 31.7648983002, 32.4150543213, 33.053604126, 33.6921539307, 34.3423118591, 34.9924697876, 35.6426315308, 36.269569397, 36.9197273254, 37.5698852539, 38.2200431824, 38.8585929871, 39.4971427917, 40.1473007202, 40.7974586487, 41.4476165771, 42.0745582581, 42.7247161865, 43.374874115, 44.0250320435, 44.6751937866]
},
"tonal": {
    "chords_changes_rate": 0.0648148134351,
    "chords_number_rate": 0.00617283955216,
    "chords_strength": {
        "mean": 0.491726279259,
        "var": 0.00719975400716
    },
    "hpcp_entropy": {
        "mean": 1.65168833733,
        "var": 0.521562218666
    },
    "key_strength": 0.686123549938,
    "tuning_diatonic_strength": 0.498504579067,
    "tuning_equal_tempered_deviation": 0.0367997661233,
    "tuning_frequency": 439.745910645,
    "tuning_nontempered_energy_ratio": 0.625568985939,
    "hpcp": {
        "mean": [0.0374769382179, 0.0401480607688, 0.0605356171727, 0.0765951499343, 0.0509095974267, 0.0248805768788, 0.0219408981502, 0.0381794534624, 0.225390091538, 0.38875451684, 0.229079186916, 0.119748912752, 0.179510623217, 0.133726283908, 0.0570103414357, 0.0445932857692, 0.0591311082244, 0.148345053196, 0.239089593291, 0.165684327483, 0.0669924542308, 0.060904879123, 0.0833888202906, 0.158723816276, 0.195343479514, 0.112679056823, 0.0456923469901, 0.0455292277038, 0.0629542022943, 0.118158556521, 0.152393653989, 0.117881909013, 0.170191898942, 0.233633890748, 0.129983127117, 0.0388468727469],
        "var": [0.0110081005841, 0.0121036292985, 0.0194435380399, 0.033244881779, 0.0130798257887, 0.00495700025931, 0.00346379214898, 0.00933848973364, 0.0700939744711, 0.174981117249, 0.0727191641927, 0.0326917096972, 0.0780014917254, 0.0548356585205, 0.0228307656944, 0.016524605453, 0.0211761761457, 0.0453885570168, 0.105850309134, 0.0609245561063, 0.0311443097889, 0.0283891409636, 0.0444416329265, 0.0712432712317, 0.097100019455, 0.0415918081999, 0.0155616654083, 0.0186298061162, 0.0290315896273, 0.0504812262952, 0.058074593544, 0.0359195880592, 0.0535995736718, 0.0981682837009, 0.0320809520781, 0.00863986741751]
    },
    "chords_histogram": [31.58436203, 36.2139930725, 7.71604919434, 0.102880656719, 0, 1.02880656719, 0, 0, 0, 0.411522626877, 0, 0, 0, 0, 0, 0, 0, 0, 0, 0, 0, 0, 1.64609050751, 21.2962970734],
    "thpcp": [1, 0.589264392853, 0.308032214642, 0.461758285761, 0.343986451626, 0.146648690104, 0.114708080888, 0.152103975415, 0.381590545177, 0.615014314651, 0.426192671061, 0.172325849533, 0.15666668117, 0.214502513409, 0.408288031816, 0.502485454082, 0.289846301079, 0.117535218596, 0.117115624249, 0.16193819046, 0.303941309452, 0.392004847527, 0.303229689598, 0.437787592411, 0.600980520248, 0.334357857704, 0.0999264866114, 0.0964025780559, 0.103273555636, 0.155716821551, 0.197027042508, 0.130955636501, 0.0640007406473, 0.0564389526844, 0.0982096716762, 0.579774856567],
    "chords_key": "G#",
    "chords_scale": "major",
    "key_key": "F",
    "key_scale": "minor"
}
}