{
"lowlevel": {
    "average_loudness": 0.96747303009,
    "barkbands_crest": {
        "mean": 11.3157615662,
        "var": 33.745475769
    },
    "barkbands_flatness_db": {
        "mean": 0.107265591621,
        "var": 0.00273479241878
    },
    "barkbands_kurtosis": {
        "mean": 3.95343184471,
        "var": 164.168380737
    },
    "barkbands_skewness": {
        "mean": 1.37084877491,
        "var": 2.24478006363
    },
    "barkbands_spread": {
        "mean": 32.2858772278,
        "var": 347.205841064
    },
    "dissonance": {
        "mean": 0.468997091055,
        "var": 0.000644287792966
    },
    "dynamic_complexity": 1.67241537571,
    "erbbands_crest": {
        "mean": 8.0373249054,
        "var": 18.2669143677
    },
    "erbbands_flatness_db": {
        "mean": 0.128576293588,
        "var": 0.00175899174064
    },
    "erbbands_kurtosis": {
        "mean": 0.416578829288,
        "var": 4.49720096588
    },
    "erbbands_skewness": {
        "mean": 0.128803759813,
        "var": 0.66025942564
    },
    "erbbands_spread": {
        "mean": 46.971988678,
        "var": 512.399719238
    },
    "hfc": {
        "mean": 36.5401802063,
        "var": 709.794067383
    },
    "melbands_crest": {
        "mean": 16.394033432,
        "var": 57.3745498657
    },
    "melbands_flatness_db": {
        "mean": 0.163168162107,
        "var": 0.00548770278692
    },
    "melbands_kurtosis": {
        "mean": 16.6587982178,
        "var": 1091.60864258
    },
    "melbands_skewness": {
        "mean": 2.83498072624,
        "var": 5.04068660736
    },
    "melbands_spread": {
        "mean": 34.2535552979,
        "var": 799.062072754
    },
    "pitch_salience": {
        "mean": 0.532864153385,
        "var": 0.0254909582436
    },
    "silence_rate_20dB": {
        "mean": 1,
        "var": 0
    },
    "silence_rate_30dB": {
        "mean": 0.997425317764,
        "var": 0.00256806984544
    },
    "silence_rate_60dB": {
        "mean": 0.0257466528565,
        "var": 0.0250845775008
    },
    "spectral_centroid": {
        "mean": 1783.52612305,
        "var": 610813.5625
    },
    "spectral_complexity": {
        "mean": 23.3537597656,
        "var": 132.953857422
    },
    "spectral_decrease": {
        "mean": -8.1891915471e-009,
        "var": 3.63439139831e-017
    },
    "spectral_energy": {
        "mean": 0.0342222377658,
        "var": 0.000536563573405
    },
    "spectral_energyband_high": {
        "mean": 0.00263462285511,
        "var": 9.27287237573e-006
    },
    "spectral_energyband_low": {
        "mean": 0.0148061653599,
        "var": 0.000472958257888
    },
    "spectral_energyband_middle_high": {
        "mean": 0.00670874956995,
        "var": 3.43474675901e-005
    },
    "spectral_energyband_middle_low": {
        "mean": 0.0117527004331,
        "var": 0.000132909583044
    },
    "spectral_entropy": {
        "mean": 7.92741155624,
        "var": 0.162021756172
    },
    "spectral_flux": {
        "mean": 0.111900821328,
        "var": 0.00262110447511
    },
    "spectral_kurtosis": {
        "mean": 3.16525220871,
        "var": 5.23770427704
    },
    "spectral_rms": {
        "mean": 0.00541342794895,
        "var": 4.08233290727e-006
    },
    "spectral_rolloff": {
        "mean": 2732.12011719,
        "var": 7683662
    },
    "spectral_skewness": {
        "mean": 1.3958272934,
        "var": 0.204440623522
    },
    "spectral_spread": {
        "mean": 6106452.5,
        "var": 4.99527712768e+012
    },
    "spectral_strongpeak": {
        "mean": 1.0097527504,
        "var": 1.05428206921
    },
    "zerocrossingrate": {
        "mean": 0.0960475876927,
        "var": 0.00395408878103
    },
    "barkbands": {
        "mean": [0.000349153706338, 0.0110783530399, 0.00192091602366, 0.00283905048855, 0.00345377833582, 0.00160107132979, 0.00083151855506, 0.00127988541499, 0.00133779516909, 0.00117295666132, 0.000978369265795, 0.000813479593489, 0.000691256893333, 0.000502241658978, 0.00066266732756, 0.000506737560499, 0.000460475683212, 0.000470187107567, 0.0004048110859, 0.000463040138129, 0.000437036360381, 0.000502432405483, 0.00043466038187, 0.000354321178747, 0.000404025369789, 0.000254182436038, 1.78123100341e-005],
        "var": [5.30089380391e-007, 0.000399544660468, 4.07238403568e-005, 4.84982156195e-005, 3.03836332023e-005, 7.53992935643e-006, 2.44483157985e-006, 5.30750821781e-006, 9.18391742744e-006, 6.22654260951e-006, 4.75900287711e-006, 2.71999601864e-006, 2.34044409808e-006, 7.47839010273e-007, 1.21748144011e-006, 6.72538988056e-007, 3.5088697814e-007, 3.99482956936e-007, 2.45409239596e-007, 2.82061563439e-007, 4.73678511526e-007, 6.41090991849e-007, 3.31305784584e-007, 1.6930269453e-007, 4.46361610784e-007, 2.1853053056e-007, 1.68162528347e-009]
    },
    "erbbands": {
        "mean": [0.391360491514, 2.1808514595, 2.56908559799, 6.36405086517, 8.93688869476, 11.8160276413, 17.8822231293, 10.2310838699, 10.2586812973, 21.3081092834, 26.3688907623, 30.1741924286, 36.5573158264, 37.8257102966, 38.2376403809, 34.0973472595, 32.4523925781, 28.1515865326, 28.369977951, 34.6245803833, 26.7179546356, 26.0710525513, 27.5623626709, 20.4903964996, 22.3933105469, 21.8030490875, 17.26720047, 18.4733772278, 17.5239372253, 15.5197372437, 11.9684371948, 8.15280342102, 5.86762237549, 4.60979747772, 2.75844669342, 1.17978811264, 0.462481945753, 0.0819030255079, 0.00214060395956, 0.000103151229268],
        "var": [0.60972905159, 16.1226119995, 48.9452056885, 222.546173096, 388.148162842, 398.97567749, 1012.42388916, 222.250869751, 396.574615479, 1173.31030273, 2256.26879883, 5105.76367188, 5842.54833984, 7216.72998047, 7158.28173828, 4257.15185547, 5130.97460938, 1911.53161621, 1745.63745117, 3160.66186523, 1418.68261719, 1102.47814941, 1512.56433105, 574.686157227, 667.451660156, 659.442077637, 660.50201416, 873.154052734, 837.426391602, 551.818237305, 232.5105896, 108.271331787, 47.2980880737, 52.8703041077, 23.5401744843, 4.82497406006, 0.772384941578, 0.0242427457124, 1.84219989023e-005, 1.25003287721e-008]
    },
    "gfcc": {
        "mean": [41.4853973389, 47.5299263, -108.3618927, 24.8138713837, -60.0266304016, 17.079328537, -41.9104728699, 15.5944156647, -27.9478473663, 8.17434883118, -17.4111766815, 5.936191082, -12.0530319214],
        "cov": [[3625.39404297, -517.169799805, 268.336120605, 368.197570801, 32.4435043335, 338.119018555, 36.9692687988, 32.9085197449, -15.3555459976, 56.1275100708, -205.663192749, -35.3056640625, -155.457397461], [-517.169799805, 1330.59545898, -42.7517471313, 11.3315725327, 341.257751465, -12.0117797852, 211.84703064, 121.938865662, 68.2240753174, -3.09488534927, 152.539474487, -31.7794647217, 111.366912842], [268.336120605, -42.7517471313, 862.222167969, 216.650024414, 192.92364502, 146.289886475, 12.4960784912, 45.8777618408, 58.3315048218, 80.3207702637, -33.0067825317, 64.3902740479, -51.5795555115], [368.197570801, 11.3315725327, 216.650024414, 604.609985352, 124.233352661, 120.945991516, 50.6979980469, 8.67954063416, 118.186607361, 34.8600616455, -12.1601572037, -5.84606075287, -17.6421813965], [32.4435043335, 341.257751465, 192.92364502, 124.233352661, 373.249572754, 112.943016052, 121.63167572, 136.368652344, 102.365951538, 72.4196777344, 72.3358840942, 23.4194431305, 34.8423118591], [338.119018555, -12.0117797852, 146.289886475, 120.945991516, 112.943016052, 287.137054443, 154.999801636, 41.9766426086, 50.4206428528, 51.7823143005, 6.46706438065, 4.04998016357, -12.2228946686], [36.9692687988, 211.84703064, 12.4960784912, 50.6979980469, 121.63167572, 154.999801636, 263.462890625, 102.867729187, 44.5664100647, 38.1956787109, 43.8023796082, 7.74926424026, 23.8204135895], [32.9085197449, 121.938865662, 45.8777618408, 8.67954063416, 136.368652344, 41.9766426086, 102.867729187, 212.890869141, 108.560707092, 52.886390686, 76.4789199829, 41.8791122437, 53.7590293884], [-15.3555459976, 68.2240753174, 58.3315048218, 118.186607361, 102.365951538, 50.4206428528, 44.5664100647, 108.560707092, 180.518814087, 71.5997467041, 59.241985321, 37.3915061951, 38.8076057434], [56.1275100708, -3.09488534927, 80.3207702637, 34.8600616455, 72.4196777344, 51.7823143005, 38.1956787109, 52.886390686, 71.5997467041, 116.956535339, 51.7514762878, 29.3414669037, 24.4630947113], [-205.663192749, 152.539474487, -33.0067825317, -12.1601572037, 72.3358840942, 6.46706438065, 43.8023796082, 76.4789199829, 59.241985321, 51.7514762878, 153.541503906, 64.2233963013, 60.637512207], [-35.3056640625, -31.7794647217, 64.3902740479, -5.84606075287, 23.4194431305, 4.04998016357, 7.74926424026, 41.8791122437, 37.3915061951, 29.3414669037, 64.2233963013, 107.645111084, 49.1368217468], [-155.457397461, 111.366912842, -51.5795555115, -17.6421813965, 34.8423118591, -12.2228946686, 23.8204135895, 53.7590293884, 38.8076057434, 24.4630947113, 60.637512207, 49.1368217468, 114.509437561]],
        "icov": [[0.000414363516029, -2.83088174911e-005, 0.000155977046234, -0.00027873122599, 7.3760835221e-005, -0.000602309475653, 0.000408525374951, -0.000645731051918, 0.000531607365701, -0.000486014352646, 0.000760541763157, -0.000474475993542, 0.000473348714877], [-2.83088174911e-005, 0.00170760240871, -0.00030539178988, 0.000253193371464, -0.00151634600479, 0.00123021670152, -0.00160907430109, 0.00112366571557, -0.000631256087217, 0.00155980070122, -0.0018411076162, 0.00223049847409, -0.00149930256885], [0.000155977046234, -0.00030539178988, 0.00208180467598, -0.00059861864429, -0.000678531185258, -0.00106113078073, 0.00119151745457, -0.000924568390474, 0.000940208090469, -0.00155997101683, 0.00202103075571, -0.00276866578497, 0.00176611263305], [-0.00027873122599, 0.000253193371464, -0.00059861864429, 0.00260051782243, -0.000659034296405, 0.000169950973941, -0.000770938931964, 0.00184666237328, -0.00263478676789, 0.00123380182777, -0.000616427045316, 0.00113804836292, -0.000514117593411], [7.3760835221e-005, -0.00151634600479, -0.000678531185258, -0.000659034296405, 0.00608589500189, -0.00161527877208, 0.000721140298992, -0.00275649758987, 0.000285669317236, -0.00174547242932, 0.000125655758893, -0.000275477621472, 0.000615330995061], [-0.000602309475653, 0.00123021670152, -0.00106113078073, 0.000169950973941, -0.00161527877208, 0.00814866274595, -0.00555732985958, 0.00301357242279, -0.00196170760319, 0.000442759133875, -0.00166143954266, 0.00198293384165, -0.000764245865867], [0.000408525374951, -0.00160907430109, 0.00119151745457, -0.000770938931964, 0.000721140298992, -0.00555732985958, 0.00938531570137, -0.00481193000451, 0.00279214093462, -0.00201683235355, 0.00184283370618, -0.00200623576529, 0.00140118948184], [-0.000645731051918, 0.00112366571557, -0.000924568390474, 0.00184666237328, -0.00275649758987, 0.00301357242279, -0.00481193000451, 0.0119899678975, -0.00628800364211, 0.00248740240932, -0.00350400665775, 0.00186912261415, -0.00291589717381], [0.000531607365701, -0.000631256087217, 0.000940208090469, -0.00263478676789, 0.000285669317236, -0.00196170760319, 0.00279214093462, -0.00628800364211, 0.0128409527242, -0.00544794183224, 0.00129405979533, -0.00249319267459, 0.000624728098046], [-0.000486014352646, 0.00155980070122, -0.00155997101683, 0.00123380182777, -0.00174547242932, 0.000442759133875, -0.00201683235355, 0.00248740240932, -0.00544794183224, 0.0155801782385, -0.00569429900497, 0.00309655838646, -0.00265476410277], [0.000760541763157, -0.0018411076162, 0.00202103075571, -0.000616427045316, 0.000125655758893, -0.00166143954266, 0.00184283370618, -0.00350400665775, 0.00129405979533, -0.00569429900497, 0.0157895758748, -0.00903510581702, 0.000978301977739], [-0.000474475993542, 0.00223049847409, -0.00276866578497, 0.00113804836292, -0.000275477621472, 0.00198293384165, -0.00200623576529, 0.00186912261415, -0.00249319267459, 0.00309655838646, -0.00903510581702, 0.019781338051, -0.00757031980902], [0.000473348714877, -0.00149930256885, 0.00176611263305, -0.000514117593411, 0.000615330995061, -0.000764245865867, 0.00140118948184, -0.00291589717381, 0.000624728098046, -0.00265476410277, 0.000978301977739, -0.00757031980902, 0.0154444966465]]
    },
    "melbands": {
        "mean": [0.00328730233014, 0.00186758930795, 0.00119157717563, 0.000707613537088, 0.000629112531897, 0.000246531417361, 0.000159478760906, 0.000250368582783, 0.000213229388464, 0.000193287676666, 0.000181038776645, 0.000150928550283, 0.000127225619508, 9.67325322563e-005, 7.82308488851e-005, 6.92562825861e-005, 5.00765017932e-005, 4.15955510107e-005, 5.37662417628e-005, 4.07434708904e-005, 2.88228566205e-005, 2.68276198767e-005, 2.63235342572e-005, 2.17291490117e-005, 1.5756004359e-005, 1.55819016072e-005, 1.67445341503e-005, 1.38053164846e-005, 1.0778030628e-005, 9.6355615824e-006, 1.13591313493e-005, 1.01616506072e-005, 9.01561816136e-006, 8.32902242109e-006, 6.92657613399e-006, 6.19715456196e-006, 4.4471230467e-006, 3.88730131817e-006, 4.22528682975e-006, 3.75673107555e-006],
        "var": [3.73389775632e-005, 1.33559851747e-005, 7.13368126526e-006, 1.63776383033e-006, 1.03722675249e-006, 1.36466553613e-007, 9.20723266518e-008, 1.71277790173e-007, 1.45811199559e-007, 2.35071183852e-007, 1.52564467726e-007, 1.25341742319e-007, 8.44421137458e-008, 3.85320895191e-008, 2.88009118776e-008, 2.52815599566e-008, 7.16321002514e-009, 4.92977703104e-009, 9.32541066589e-009, 4.93300644777e-009, 1.93239890756e-009, 1.28821053824e-009, 1.36107713988e-009, 9.77269487556e-010, 4.04541927734e-010, 4.14472595134e-010, 3.59948210127e-010, 3.10572095819e-010, 2.67721705915e-010, 2.37603464681e-010, 3.60950019873e-010, 2.94532731537e-010, 2.20615789526e-010, 1.63993651991e-010, 8.22577284065e-011, 7.49353981644e-011, 3.18678798628e-011, 2.01743569767e-011, 3.69188776772e-011, 3.96795790669e-011]
    },
    "mfcc": {
        "mean": [-606.522155762, 87.7223968506, 4.41087627411, 12.4207038879, 4.96045541763, 0.0423752740026, 0.977511107922, 1.89223897457, -1.03213393688, 1.60304152966, -1.58962702751, -0.18876118958, 1.32236552238],
        "cov": [[3012.82617188, -656.454406738, 163.893814087, 121.071395874, 32.5411567688, 301.042449951, 38.7946434021, 90.1290359497, 109.796157837, 73.0359344482, 66.788734436, -28.3835926056, -64.5182876587], [-656.454406738, 1287.87060547, -166.428787231, 24.6001720428, 132.683547974, -86.1240234375, 221.447875977, 61.9950904846, 77.0582122803, 64.439666748, 18.1924476624, 89.935874939, 70.5504226685], [163.893814087, -166.428787231, 606.034179688, 154.860397339, 143.078430176, 178.791793823, -10.348654747, 45.7015838623, 43.1708869934, -3.60292100906, 49.6195983887, 29.6574783325, 21.6754894257], [121.071395874, 24.6001720428, 154.860397339, 404.373809814, 166.991439819, 94.8661956787, 8.96217155457, 52.9147338867, 72.7131500244, 35.0262641907, 44.7718162537, 69.344078064, 26.8938293457], [32.5411567688, 132.683547974, 143.078430176, 166.991439819, 313.083435059, 59.2843856812, 24.9240398407, 59.6962432861, 61.8432197571, 78.893661499, 63.5848197937, 54.6642303467, 50.8668746948], [301.042449951, -86.1240234375, 178.791793823, 94.8661956787, 59.2843856812, 308.491851807, 86.7216720581, 50.7795982361, 63.8705673218, 32.8660774231, 59.0059928894, 26.1945590973, -6.47527551651], [38.7946434021, 221.447875977, -10.348654747, 8.96217155457, 24.9240398407, 86.7216720581, 232.554702759, 84.1121520996, 70.9055557251, 44.4579620361, 45.0241851807, 53.187625885, 24.1706752777], [90.1290359497, 61.9950904846, 45.7015838623, 52.9147338867, 59.6962432861, 50.7795982361, 84.1121520996, 162.397918701, 70.1207809448, 51.4188079834, 47.0704040527, 44.377872467, 40.330406189], [109.796157837, 77.0582122803, 43.1708869934, 72.7131500244, 61.8432197571, 63.8705673218, 70.9055557251, 70.1207809448, 161.853378296, 71.0887680054, 47.7680969238, 43.5589447021, 21.1079101563], [73.0359344482, 64.439666748, -3.60292100906, 35.0262641907, 78.893661499, 32.8660774231, 44.4579620361, 51.4188079834, 71.0887680054, 125.975761414, 64.192237854, 41.3443069458, 23.662694931], [66.788734436, 18.1924476624, 49.6195983887, 44.7718162537, 63.5848197937, 59.0059928894, 45.0241851807, 47.0704040527, 47.7680969238, 64.192237854, 112.62197113, 55.0574188232, 27.2623195648], [-28.3835926056, 89.935874939, 29.6574783325, 69.344078064, 54.6642303467, 26.1945590973, 53.187625885, 44.377872467, 43.5589447021, 41.3443069458, 55.0574188232, 113.560401917, 48.6200675964], [-64.5182876587, 70.5504226685, 21.6754894257, 26.8938293457, 50.8668746948, -6.47527551651, 24.1706752777, 40.330406189, 21.1079101563, 23.662694931, 27.2623195648, 48.6200675964, 91.5671539307]],
        "icov": [[0.000431420397945, 0.000236778068938, 5.48444404558e-005, -6.49051798973e-005, -4.12932167819e-005, -0.000261059758486, -0.000119381395052, -0.000145233032526, -0.000158697454026, -0.000163203076227, 3.63855610885e-006, 0.000163351549418, 0.000218523549847], [0.000236778068938, 0.00129255256616, 0.000286241964204, -2.30128625844e-005, -0.000657856464386, 0.000438707036665, -0.00133782823104, 0.000225306939683, -0.000287414441118, -4.61010386061e-005, 0.000444395729573, -0.000302578962874, -0.000133148801979], [5.48444404558e-005, 0.000286241964204, 0.0024921449367, -0.000220407106099, -0.0010134234326, -0.00122951110825, 0.000506343261804, -0.00032459263457, -0.000358502293238, 0.00138682255056, -0.000464710086817, -7.30450628907e-005, -0.00032036085031], [-6.49051798973e-005, -2.30128625844e-005, -0.000220407106099, 0.00379704195075, -0.00166445365176, -0.000634664960671, 0.000860856438521, -0.000363419821952, -0.00100166304037, 0.00092123815557, 0.000436541042291, -0.0020157599356, 0.000654722098261], [-4.12932167819e-005, -0.000657856464386, -0.0010134234326, -0.00166445365176, 0.00571350008249, -4.77026915178e-005, 0.000683360383846, -0.000248367141467, 0.000430900894571, -0.00271516153589, -0.000713773537427, 0.000678210344631, -0.00158705748618], [-0.000261059758486, 0.000438707036665, -0.00122951110825, -0.000634664960671, -4.77026915178e-005, 0.00552434101701, -0.00233789323829, 0.000253130798228, -0.000529474811628, 6.19238053332e-005, -0.00146631523967, 0.00041909047286, 0.00119837955572], [-0.000119381395052, -0.00133782823104, 0.000506343261804, 0.000860856438521, 0.000683360383846, -0.00233789323829, 0.0080724414438, -0.00262471078895, -0.00110644032247, 0.000334387790645, -0.00050656410167, -0.00175577180926, 0.000305933470372], [-0.000145233032526, 0.000225306939683, -0.00032459263457, -0.000363419821952, -0.000248367141467, 0.000253130798228, -0.00262471078895, 0.00968381389976, -0.00184552371502, -0.00101749855094, -0.000727297971025, 0.000186301462236, -0.00270285620354], [-0.000158697454026, -0.000287414441118, -0.000358502293238, -0.00100166304037, 0.000430900894571, -0.000529474811628, -0.00110644032247, -0.00184552371502, 0.0101971514523, -0.00422235997394, 0.000231232348597, -0.000561589200515, 0.000286642840365], [-0.000163203076227, -4.61010386061e-005, 0.00138682255056, 0.00092123815557, -0.00271516153589, 6.19238053332e-005, 0.000334387790645, -0.00101749855094, -0.00422235997394, 0.0153033128008, -0.00574805866927, -0.000683321675751, 0.000287109724013], [3.63855610885e-006, 0.000444395729573, -0.000464710086817, 0.000436541042291, -0.000713773537427, -0.00146631523967, -0.00050656410167, -0.000727297971025, 0.000231232348597, -0.00574805866927, 0.0162240210921, -0.00500389188528, -0.000352498784196], [0.000163351549418, -0.000302578962874, -7.30450628907e-005, -0.0020157599356, 0.000678210344631, 0.00041909047286, -0.00175577180926, 0.000186301462236, -0.000561589200515, -0.000683321675751, -0.00500389188528, 0.0159957967699, -0.0057057030499], [0.000218523549847, -0.000133148801979, -0.00032036085031, 0.000654722098261, -0.00158705748618, 0.00119837955572, 0.000305933470372, -0.00270285620354, 0.000286642840365, 0.000287109724013, -0.000352498784196, -0.0057057030499, 0.0161314066499]]
    },
    "spectral_contrast_coeffs": {
        "mean": [-0.625208735466, -0.733563482761, -0.756480097771, -0.772256851196, -0.784875452518, -0.778707742691],
        "var": [0.0112103512511, 0.00491373799741, 0.00525885494426, 0.00276520149782, 0.00161248992663, 0.00160659104586]
    },
    "spectral_contrast_valleys": {
        "mean": [-7.51723480225, -6.64852285385, -7.17995548248, -7.37471246719, -7.12817430496, -9.20405960083],
        "var": [1.28430247307, 0.541026890278, 0.553886413574, 0.592722892761, 0.664176523685, 0.968201816082]
    }
},
"metadata": {
    "audio_properties": {
        "analysis_sample_rate": 44100,
        "bit_rate": 128074,
        "equal_loudness": 0,
        "length": 45.0612258911,
        "lossless": 0,
        "replay_gain": -6.12489128113,
        "sample_rate": 44100,
        "codec": "mp3",
        "downmix": "mix",
        "md5_encoded": "2ff7f3d28d8e43b52f9c1c9102e592c4"
    },
    "tags": {
        "file_name": "1502.mp3"
    },
    "version": {
        "essentia": "2.1-beta2",
        "essentia_git_sha": "v2.1_beta2",
        "extractor": "music 1.0"
    }
},
"rhythm": {
    "beats_count": 108,
    "beats_loudness": {
        "mean": 0.0431667231023,
        "var": 0.000492746767122
    },
    "bpm": 144.687133789,
    "bpm_histogram_first_peak_bpm": {
        "mean": 144,
        "var": 0
    },
    "bpm_histogram_first_peak_spread": {
        "mean": 0.333333343267,
        "var": 0
    },
    "bpm_histogram_first_peak_weight": {
        "mean": 0.63551402092,
        "var": 0
    },
    "bpm_histogram_second_peak_bpm": {
        "mean": 152,
        "var": 0
    },
    "bpm_histogram_second_peak_spread": {
        "mean": 0,
        "var": 0
    },
    "bpm_histogram_second_peak_weight": {
        "mean": 0.0467289723456,
        "var": 0
    },
    "danceability": 1.47278320789,
    "onset_rate": 4.45858764648,
    "beats_loudness_band_ratio": {
        "mean": [0.455592542887, 0.125537961721, 0.114839322865, 0.107161290944, 0.0816600993276, 0.141550123692],
        "var": [0.0906439349055, 0.0205133706331, 0.0136934230104, 0.0182997100055, 0.00702366465703, 0.0226050857455]
    },
    "beats_position": [0.429569154978, 0.859138309956, 1.27709746361, 1.68344664574, 2.11301589012, 2.53097510338, 2.94893407822, 3.35528349876, 3.76163268089, 4.17959165573, 4.59755086899, 5.01551008224, 5.4334692955, 5.85142850876, 6.24616765976, 6.65251684189, 7.07047605515, 7.4884352684, 7.89478445053, 8.31274318695, 8.73070240021, 9.12544155121, 9.54340076447, 9.96135997772, 10.379319191, 10.7972784042, 11.2152376175, 11.6331968307, 12.0395460129, 12.445895195, 12.8638544083, 13.2818136215, 13.6997728348, 14.1061220169, 14.512471199, 14.9304304123, 15.3483896255, 15.7547388077, 16.1843090057, 16.602268219, 17.0086174011, 17.426574707, 17.8329238892, 18.2508831024, 18.6688423157, 19.0635814667, 19.4815406799, 19.8994998932, 20.3174591064, 20.7354183197, 21.1417675018, 21.548116684, 21.9660758972, 22.3840351105, 22.8019943237, 23.219953537, 23.6379127502, 24.0558719635, 24.4622211456, 24.8801803589, 25.286529541, 25.6928787231, 26.0992279053, 26.5171871185, 26.9351463318, 27.353105545, 27.7594547272, 28.1658039093, 28.5837631226, 29.0017223358, 29.4196815491, 29.8376407623, 30.2439899445, 30.6503391266, 31.0682983398, 31.4862575531, 31.9042167664, 32.322177887, 32.7285270691, 33.1348762512, 33.5528335571, 33.9707946777, 34.3887519836, 34.8067131042, 35.2130622864, 35.6194114685, 36.0373687744, 36.455329895, 36.8732872009, 37.2796363831, 37.6859855652, 38.1039466858, 38.5219039917, 38.9398651123, 39.3578224182, 39.7757797241, 40.1937408447, 40.5884780884, 41.006439209, 41.4243965149, 41.8423576355, 42.2603149414, 42.6550559998, 43.0614051819, 43.467754364, 43.8857116699, 44.2920608521, 44.7100219727]
},
"tonal": {
    "chords_changes_rate": 0.116255141795,
    "chords_number_rate": 0.00823045242578,
    "chords_strength": {
        "mean": 0.470633178949,
        "var": 0.00726542063057
    },
    "hpcp_entropy": {
        "mean": 2.25094532967,
        "var": 0.736764490604
    },
    "key_strength": 0.569557845592,
    "tuning_diatonic_strength": 0.531137645245,
    "tuning_equal_tempered_deviation": 0.35779696703,
    "tuning_frequency": 454.727905273,
    "tuning_nontempered_energy_ratio": 0.95962458849,
    "hpcp": {
        "mean": [0.144378915429, 0.204139217734, 0.192877218127, 0.132725834846, 0.113633550704, 0.102718912065, 0.142306804657, 0.227530762553, 0.204035699368, 0.12607973814, 0.110888078809, 0.106623753905, 0.11381021142, 0.141812935472, 0.146805435419, 0.160327091813, 0.200880885124, 0.185366883874, 0.14377848804, 0.116999380291, 0.0945737138391, 0.135322660208, 0.200023323298, 0.160558283329, 0.0923408195376, 0.0784589424729, 0.0748831927776, 0.103993453085, 0.157522961497, 0.152886286378, 0.120819628239, 0.141528531909, 0.189800426364, 0.212506085634, 0.171273931861, 0.125054776669],
        "var": [0.0453024730086, 0.0753129571676, 0.0709769427776, 0.0421081706882, 0.0430836491287, 0.0337731428444, 0.0406552962959, 0.081163585186, 0.063684232533, 0.041743773967, 0.0429490096867, 0.0441673062742, 0.0386119186878, 0.0487101376057, 0.053511377424, 0.0568507425487, 0.0825264453888, 0.0681458711624, 0.0636277794838, 0.0497353859246, 0.0374781005085, 0.0454777367413, 0.0808927044272, 0.0575485378504, 0.0297076608986, 0.0305760763586, 0.0281615108252, 0.0361080765724, 0.0573839507997, 0.0505769252777, 0.0423568189144, 0.0527510046959, 0.0766822621226, 0.100409120321, 0.0679373145103, 0.0435999110341]
    },
    "chords_histogram": [5.34979438782, 4.01234579086, 19.7530860901, 0.411522626877, 16.872428894, 0.925925910473, 0.514403283596, 0, 0, 0, 0, 0, 0, 0, 0, 0, 0, 0, 0, 1.54320991039, 0.205761313438, 10.4938268661, 19.6502056122, 20.267490387],
    "thpcp": [1, 0.896738946438, 0.554121732712, 0.48735421896, 0.468612462282, 0.500197052956, 0.62326925993, 0.645211398602, 0.704639196396, 0.882873535156, 0.814689338207, 0.631907880306, 0.514213442802, 0.415652424097, 0.594744443893, 0.879104554653, 0.705655276775, 0.40583884716, 0.344827830791, 0.329112380743, 0.45705229044, 0.692314982414, 0.671936750412, 0.531003475189, 0.622019350529, 0.83417481184, 0.933966398239, 0.752750635147, 0.549616992474, 0.634546816349, 0.897193908691, 0.8476973176, 0.583331406116, 0.49942061305, 0.451450645924, 0.625439822674],
    "chords_key": "B",
    "chords_scale": "minor",
    "key_key": "D",
    "key_scale": "major"
}
}