{
"lowlevel": {
    "average_loudness": 0.970999002457,
    "barkbands_crest": {
        "mean": 13.0810365677,
        "var": 20.8113708496
    },
    "barkbands_flatness_db": {
        "mean": 0.214838311076,
        "var": 0.0043848589994
    },
    "barkbands_kurtosis": {
        "mean": 14.7147140503,
        "var": 605.847961426
    },
    "barkbands_skewness": {
        "mean": 2.76475334167,
        "var": 3.37783408165
    },
    "barkbands_spread": {
        "mean": 10.1976413727,
        "var": 62.0650482178
    },
    "dissonance": {
        "mean": 0.447912395,
        "var": 0.00140739302151
    },
    "dynamic_complexity": 2.98691511154,
    "erbbands_crest": {
        "mean": 10.6528205872,
        "var": 37.2659111023
    },
    "erbbands_flatness_db": {
        "mean": 0.182175919414,
        "var": 0.00297931535169
    },
    "erbbands_kurtosis": {
        "mean": 1.758035779,
        "var": 17.6125965118
    },
    "erbbands_skewness": {
        "mean": 0.817676305771,
        "var": 0.817369401455
    },
    "erbbands_spread": {
        "mean": 35.7801933289,
        "var": 365.115905762
    },
    "hfc": {
        "mean": 11.3011474609,
        "var": 333.537780762
    },
    "melbands_crest": {
        "mean": 18.9282817841,
        "var": 38.8091621399
    },
    "melbands_flatness_db": {
        "mean": 0.306238085032,
        "var": 0.00612819381058
    },
    "melbands_kurtosis": {
        "mean": 31.2556056976,
        "var": 2614.82885742
    },
    "melbands_skewness": {
        "mean": 3.71569538116,
        "var": 6.09623670578
    },
    "melbands_spread": {
        "mean": 9.29487133026,
        "var": 76.6002426147
    },
    "pitch_salience": {
        "mean": 0.466575354338,
        "var": 0.0184216927737
    },
    "silence_rate_20dB": {
        "mean": 1,
        "var": 0
    },
    "silence_rate_30dB": {
        "mean": 0.924304842949,
        "var": 0.0699657276273
    },
    "silence_rate_60dB": {
        "mean": 0.00669412966818,
        "var": 0.00664932886139
    },
    "spectral_centroid": {
        "mean": 721.422058105,
        "var": 213855.140625
    },
    "spectral_complexity": {
        "mean": 11.5648813248,
        "var": 65.4178009033
    },
    "spectral_decrease": {
        "mean": -9.44404376924e-009,
        "var": 1.07106250772e-016
    },
    "spectral_energy": {
        "mean": 0.0366690382361,
        "var": 0.00161275221035
    },
    "spectral_energyband_high": {
        "mean": 0.00028570642462,
        "var": 5.1535022294e-007
    },
    "spectral_energyband_low": {
        "mean": 0.0216488819569,
        "var": 0.000903876323719
    },
    "spectral_energyband_middle_high": {
        "mean": 0.00196664547548,
        "var": 2.26400261454e-005
    },
    "spectral_energyband_middle_low": {
        "mean": 0.0135816298425,
        "var": 0.000495490268804
    },
    "spectral_entropy": {
        "mean": 7.04123020172,
        "var": 0.313871204853
    },
    "spectral_flux": {
        "mean": 0.0844820961356,
        "var": 0.00570782739669
    },
    "spectral_kurtosis": {
        "mean": 7.24884748459,
        "var": 36.2201309204
    },
    "spectral_rms": {
        "mean": 0.00535167101771,
        "var": 7.13427880328e-006
    },
    "spectral_rolloff": {
        "mean": 515.154846191,
        "var": 457467.21875
    },
    "spectral_skewness": {
        "mean": 1.97150373459,
        "var": 0.47771269083
    },
    "spectral_spread": {
        "mean": 3922145.5,
        "var": 3.82785631027e+012
    },
    "spectral_strongpeak": {
        "mean": 0.639262676239,
        "var": 0.334500283003
    },
    "zerocrossingrate": {
        "mean": 0.0271146949381,
        "var": 0.000412303081248
    },
    "barkbands": {
        "mean": [0.000878843420651, 0.0140863768756, 0.00593402190134, 0.00148524984252, 0.00585072347894, 0.00259351171553, 0.00113746256102, 0.0018593959976, 0.000537848449312, 0.000344606494764, 0.000239478424191, 0.00022998660279, 0.000322556152241, 0.000177628331585, 0.000205363307032, 0.000121627032058, 0.000119709322462, 0.000138703442644, 8.56243714225e-005, 7.49879618525e-005, 5.37332962267e-005, 6.82591489749e-005, 3.63030922017e-005, 2.83515037154e-005, 3.53993200406e-005, 2.15894124267e-005, 1.73432556494e-006],
        "var": [2.18233071791e-006, 0.000648926128633, 5.97112739342e-005, 3.23857675539e-005, 0.000125027785543, 3.23556414514e-005, 5.52686378796e-006, 1.44343775901e-005, 1.57217380092e-006, 1.21733989999e-006, 5.70707015868e-007, 3.47719065985e-007, 8.86414454726e-007, 3.03886992015e-007, 2.40102622229e-007, 1.81183821724e-007, 6.87459476012e-008, 1.56341741331e-007, 5.10866833281e-008, 5.19841982793e-008, 2.21602665107e-008, 2.94854416438e-008, 9.11051589725e-009, 6.24169782526e-009, 1.1282269341e-008, 5.22306420336e-009, 3.90628883407e-011]
    },
    "erbbands": {
        "mean": [0.578334152699, 2.54005217552, 6.44566202164, 5.88995265961, 7.11185932159, 19.5317592621, 39.5608329773, 15.1531791687, 13.280919075, 29.3020057678, 35.622505188, 15.5450572968, 11.0394601822, 9.59550285339, 10.2369966507, 11.3486003876, 16.0543403625, 10.0780172348, 9.3133058548, 11.2005090714, 6.01195573807, 5.85249996185, 6.61543321609, 6.29152774811, 3.9188117981, 3.78011322021, 2.43711781502, 2.27901339531, 2.52737021446, 1.59760975838, 0.941517233849, 0.671129703522, 0.416204690933, 0.331498712301, 0.273887127638, 0.110000029206, 0.0363503284752, 0.00763223739341, 0.000211728474824, 4.62186690129e-005],
        "var": [1.20116627216, 22.280796051, 67.6646728516, 224.430038452, 646.920288086, 1057.55432129, 10042.1865234, 864.871643066, 907.945922852, 3142.12231445, 7524.4609375, 1037.37243652, 1220.20068359, 716.538574219, 961.20690918, 764.425598145, 2077.84960938, 914.494018555, 477.196136475, 1361.65246582, 317.60736084, 179.212020874, 279.043212891, 235.994522095, 137.006896973, 143.412139893, 46.0894470215, 41.1042137146, 41.6285247803, 14.9655227661, 5.64625406265, 3.58421945572, 1.39812338352, 0.978068053722, 0.703813254833, 0.146435588598, 0.0143214762211, 0.000687147898134, 4.79651362184e-007, 3.24558824261e-009]
    },
    "gfcc": {
        "mean": [-54.8453102112, 140.337402344, -99.4447402954, 38.5808563232, -51.5957069397, 8.69855308533, -26.3720378876, -0.391810566187, -10.6666030884, 1.67213249207, -6.45451927185, -2.24233555794, -11.7979078293],
        "cov": [[4995.28857422, -1783.16918945, 233.769805908, -96.0638656616, -302.686279297, 350.341644287, -455.534667969, 356.105712891, -364.601196289, 339.95489502, -303.293395996, 339.70401001, 52.9384231567], [-1783.16918945, 1738.96728516, -246.728515625, -37.5920295715, 152.817672729, -380.35369873, 277.736633301, -330.97543335, 324.412872314, -317.943359375, 206.78465271, -221.991912842, 54.991443634], [233.769805908, -246.728515625, 717.755859375, 12.4159479141, 19.8859939575, 194.568313599, 20.9994049072, 126.950576782, -20.9783172607, 134.416931152, -61.2365531921, 31.4322891235, -15.9276819229], [-96.0638656616, -37.5920295715, 12.4159479141, 285.992889404, -12.4596586227, 10.3122882843, 52.2225418091, 2.09089708328, 43.8486442566, -38.3729171753, 35.7998542786, -38.9807281494, 24.2894363403], [-302.686279297, 152.817672729, 19.8859939575, -12.4596586227, 300.914581299, 71.3188095093, 66.3739395142, -1.74566924572, 44.9515342712, -16.7069263458, -1.56895411015, 15.3869781494, -8.63492202759], [350.341644287, -380.35369873, 194.568313599, 10.3122882843, 71.3188095093, 323.821960449, 25.503950119, 100.167869568, -35.8116455078, 91.2320404053, -42.0478477478, 48.1700630188, 14.0493497849], [-455.534667969, 277.736633301, 20.9994049072, 52.2225418091, 66.3739395142, 25.503950119, 224.937561035, -4.85535860062, 87.9103851318, -27.4343395233, 65.6615447998, -57.2414169312, 15.7723522186], [356.105712891, -330.97543335, 126.950576782, 2.09089708328, -1.74566924572, 100.167869568, -4.85535860062, 188.346923828, -9.73167896271, 86.3535842896, -45.8048019409, 34.6666107178, -31.3530426025], [-364.601196289, 324.412872314, -20.9783172607, 43.8486442566, 44.9515342712, -35.8116455078, 87.9103851318, -9.73167896271, 235.065155029, -24.2669410706, 49.982006073, -46.0316925049, 30.9257831573], [339.95489502, -317.943359375, 134.416931152, -38.3729171753, -16.7069263458, 91.2320404053, -27.4343395233, 86.3535842896, -24.2669410706, 160.547698975, -21.309223175, 47.7874603271, -18.4582862854], [-303.293395996, 206.78465271, -61.2365531921, 35.7998542786, -1.56895411015, -42.0478477478, 65.6615447998, -45.8048019409, 49.982006073, -21.309223175, 129.527648926, -6.67667627335, 18.5057106018], [339.70401001, -221.991912842, 31.4322891235, -38.9807281494, 15.3869781494, 48.1700630188, -57.2414169312, 34.6666107178, -46.0316925049, 47.7874603271, -6.67667627335, 123.213356018, 30.3064041138], [52.9384231567, 54.991443634, -15.9276819229, 24.2894363403, -8.63492202759, 14.0493497849, 15.7723522186, -31.3530426025, 30.9257831573, -18.4582862854, 18.5057106018, 30.3064041138, 111.494888306]],
        "icov": [[0.000390671659261, 3.30491639033e-005, 8.86613779585e-005, -7.4943745858e-005, 0.000317184167216, -0.000177154477569, 0.000324600056047, -0.000332040828653, 0.000161893971381, -0.000273896032013, 0.000496702676173, -0.000523690192495, -0.000295546313282], [3.30491639033e-005, 0.00457628536969, -0.0011442512041, 0.00294550950639, -0.00183454353828, 0.00300444383174, -0.00216379528865, 0.00314355571754, -0.00313614588231, 0.00454425346106, -0.00308505888097, 0.00376009568572, -0.00129635061603], [8.86613779585e-005, -0.0011442512041, 0.00220147217624, -0.000976835261099, 0.000593909120653, -0.00144098571036, 0.0002262233902, -0.00113454309758, 0.000802410300821, -0.00231293821707, 0.00157356506679, -0.00106704211794, 0.000349483365426], [-7.4943745858e-005, 0.00294550950639, -0.000976835261099, 0.00610026717186, -0.00100495468359, 0.00151952938177, -0.0014323402429, 0.00110613182187, -0.00220064283349, 0.00425679143518, -0.00340323406272, 0.0040478031151, -0.00186161661986], [0.000317184167216, -0.00183454353828, 0.000593909120653, -0.00100495468359, 0.0054773427546, -0.00268452963792, -0.000475988344988, -0.000508465338498, 0.000124444151879, -0.000782623130362, 0.00274797366001, -0.00443606125191, 0.0023304533679], [-0.000177154477569, 0.00300444383174, -0.00144098571036, 0.00151952938177, -0.00268452963792, 0.00726809352636, -0.00255969376303, 0.000785807846114, -0.000996386166662, 0.00127279560547, -0.00133832450956, 0.0024962502066, -0.0024446088355], [0.000324600056047, -0.00216379528865, 0.0002262233902, -0.0014323402429, -0.000475988344988, -0.00255969376303, 0.0092288153246, -0.00330441445112, 0.000800149748102, -0.00173080386594, -0.00224547437392, 0.00217017089017, -0.00141728646122], [-0.000332040828653, 0.00314355571754, -0.00113454309758, 0.00110613182187, -0.000508465338498, 0.000785807846114, -0.00330441445112, 0.0119266984984, -0.00371909025125, 0.00059428071836, 0.000598168757278, -0.00023696446442, 0.00298214843497], [0.000161893971381, -0.00313614588231, 0.000802410300821, -0.00220064283349, 0.000124444151879, -0.000996386166662, 0.000800149748102, -0.00371909025125, 0.00839421246201, -0.00390051840805, 0.000742682837881, -1.12000707304e-005, -0.00205414905213], [-0.000273896032013, 0.00454425346106, -0.00231293821707, 0.00425679143518, -0.000782623130362, 0.00127279560547, -0.00173080386594, 0.00059428071836, -0.00390051840805, 0.0158104803413, -0.00462175766006, 0.00144835945684, 0.000894718803465], [0.000496702676173, -0.00308505888097, 0.00157356506679, -0.00340323406272, 0.00274797366001, -0.00133832450956, -0.00224547437392, 0.000598168757278, 0.000742682837881, -0.00462175766006, 0.0148106794804, -0.00695334654301, 0.00157994718757], [-0.000523690192495, 0.00376009568572, -0.00106704211794, 0.0040478031151, -0.00443606125191, 0.0024962502066, 0.00217017089017, -0.00023696446442, -1.12000707304e-005, 0.00144835945684, -0.00695334654301, 0.0194578655064, -0.00756392395124], [-0.000295546313282, -0.00129635061603, 0.000349483365426, -0.00186161661986, 0.0023304533679, -0.0024446088355, -0.00141728646122, 0.00298214843497, -0.00205414905213, 0.000894718803465, 0.00157994718757, -0.00756392395124, 0.0142435077578]]
    },
    "melbands": {
        "mean": [0.00440295878798, 0.00330637511797, 0.00108862179331, 0.000822592235636, 0.00140390801243, 0.000359483266948, 0.000205229560379, 0.000337690900778, 0.000262584420852, 8.16711835796e-005, 5.32504272996e-005, 3.87053769373e-005, 3.50003610947e-005, 2.72790239251e-005, 3.54815165338e-005, 2.76354221569e-005, 1.80551742233e-005, 1.39832154673e-005, 1.44950217873e-005, 1.1764728697e-005, 6.80189623381e-006, 6.18829562882e-006, 5.73623628952e-006, 7.1640065471e-006, 4.93570678373e-006, 2.93583661914e-006, 2.52599920714e-006, 2.4990597467e-006, 1.53707821937e-006, 1.25735618894e-006, 1.34988340506e-006, 1.43583758927e-006, 1.3106730421e-006, 7.70323879351e-007, 5.70282395529e-007, 4.41927824113e-007, 3.77943933927e-007, 2.8735161095e-007, 2.69591453161e-007, 2.93305731702e-007],
        "var": [6.56705960864e-005, 1.96579421754e-005, 7.80059326644e-006, 3.40369001606e-006, 1.03747115645e-005, 5.10785298502e-007, 2.04657411018e-007, 4.06021911203e-007, 4.10635209391e-007, 3.99220674296e-008, 3.1032907799e-008, 1.24571322146e-008, 1.21532384156e-008, 5.62472823873e-009, 7.57225482317e-009, 7.79372122395e-009, 2.96908697628e-009, 1.19096210671e-009, 1.56540225227e-009, 1.5690801991e-009, 4.39848685252e-010, 2.05581676682e-010, 2.17270521019e-010, 5.36519328964e-010, 1.3898243667e-010, 7.90060933342e-011, 6.81266570934e-011, 7.40758079876e-011, 2.14332961102e-011, 1.19423325395e-011, 1.51033630047e-011, 1.49214859219e-011, 1.03327502804e-011, 4.09537031024e-012, 2.09577038883e-012, 1.51968596127e-012, 1.19690748198e-012, 6.70778807933e-013, 6.4439735015e-013, 7.71455707475e-013]
    },
    "mfcc": {
        "mean": [-701.515014648, 163.699615479, 14.7566709518, 34.9717140198, 2.43971681595, 14.9189682007, -3.3308095932, 5.27246999741, -4.26762247086, 3.00947451591, 9.67122554779, 0.972231209278, 0.105196014047],
        "cov": [[4302.09472656, -1483.03222656, 63.5997924805, -356.741760254, 31.5687484741, -140.681594849, -46.9924850464, -115.287643433, 67.0671920776, -68.6049346924, -235.256317139, -30.1626110077, 9.75990772247], [-1483.03222656, 1420.97399902, -175.637695313, 139.168441772, -55.7336502075, 23.4396343231, -97.9791870117, 37.337097168, -54.4252204895, -18.9698257446, 47.3575439453, -6.28601026535, 12.1169900894], [63.5997924805, -175.637695313, 589.945068359, -1.87083554268, 22.2635211945, 34.3798789978, 60.4618797302, 4.03499317169, 71.9843978882, 57.4024658203, 52.4769935608, 11.6873283386, 41.708152771], [-356.741760254, 139.168441772, -1.87083554268, 258.235076904, -19.714723587, -15.8712759018, -25.7119541168, 19.772813797, -11.3895158768, 1.07794344425, 10.5317306519, 29.4838695526, 2.07411026955], [31.5687484741, -55.7336502075, 22.2635211945, -19.714723587, 191.942596436, 67.1183395386, 18.2590942383, 38.0694274902, 50.8942985535, 12.3881473541, -10.2914028168, 7.22382211685, 26.1095657349], [-140.681594849, 23.4396343231, 34.3798789978, -15.8712759018, 67.1183395386, 174.462051392, 64.2568740845, 41.8730239868, 35.4734382629, 43.484500885, 2.35985064507, -10.2567148209, 10.8181943893], [-46.9924850464, -97.9791870117, 60.4618797302, -25.7119541168, 18.2590942383, 64.2568740845, 192.995300293, 43.5105247498, 1.16980028152, 29.5228691101, 30.9701786041, -35.4009170532, -10.1534204483], [-115.287643433, 37.337097168, 4.03499317169, 19.772813797, 38.0694274902, 41.8730239868, 43.5105247498, 109.675895691, 48.3869819641, 17.5074329376, 14.5492868423, 9.45013237, 4.14219713211], [67.0671920776, -54.4252204895, 71.9843978882, -11.3895158768, 50.8942985535, 35.4734382629, 1.16980028152, 48.3869819641, 141.739578247, 53.3548927307, 6.65602254868, 24.7971630096, 24.8451061249], [-68.6049346924, -18.9698257446, 57.4024658203, 1.07794344425, 12.3881473541, 43.484500885, 29.5228691101, 17.5074329376, 53.3548927307, 116.338851929, 45.7708320618, 9.05979061127, 2.54484415054], [-235.256317139, 47.3575439453, 52.4769935608, 10.5317306519, -10.2914028168, 2.35985064507, 30.9701786041, 14.5492868423, 6.65602254868, 45.7708320618, 134.767471313, 31.1228752136, -4.61417484283], [-30.1626110077, -6.28601026535, 11.6873283386, 29.4838695526, 7.22382211685, -10.2567148209, -35.4009170532, 9.45013237, 24.7971630096, 9.05979061127, 31.1228752136, 97.0601806641, 32.8193740845], [9.75990772247, 12.1169900894, 41.708152771, 2.07411026955, 26.1095657349, 10.8181943893, -10.1534204483, 4.14219713211, 24.8451061249, 2.54484415054, -4.61417484283, 32.8193740845, 77.7835769653]],
        "icov": [[0.000458135793451, 0.00042431888869, 1.75256973307e-005, 0.000404838938266, 4.49024410045e-005, 0.000276726903394, 0.000170263883774, 7.0441099524e-005, -0.000160232724738, 2.00581798708e-005, 0.000556493876502, 2.18840050366e-005, -0.000104560247564], [0.00042431888869, 0.00131145236082, 0.000264978327323, -3.4136868635e-005, 0.000373726594262, -0.000244878377998, 0.000972672714852, -0.000557774154004, 0.000213723062188, 0.000169624458067, -0.000233320708503, 0.000813459046185, -0.000764311640523], [1.75256973307e-005, 0.000264978327323, 0.00211378163658, -0.000264553294983, 0.000145680867718, -0.00014441627718, -0.000470519968076, 0.000685049104504, -0.00104142294731, -0.000117124895041, -0.000901663675904, 0.000574892503209, -0.00125613994896], [0.000404838938266, -3.4136868635e-005, -0.000264553294983, 0.00483488617465, 0.000294198340271, 0.000672990165185, 0.000496292952448, -0.00127810845152, 0.000852893223055, -0.00057041348191, 0.0010064705275, -0.00157372222748, 0.000377890915843], [4.49024410045e-005, 0.000373726594262, 0.000145680867718, 0.000294198340271, 0.00691289734095, -0.00231860834174, 0.000415936898207, -0.00128028413747, -0.00148358847946, 0.000873707991559, 0.000134174915729, 0.000273069279501, -0.00168727873825], [0.000276726903394, -0.000244878377998, -0.00014441627718, 0.000672990165185, -0.00231860834174, 0.00878575351089, -0.00221459101886, -0.00119194947183, -9.48223078012e-006, -0.00280580646358, 0.00178410671651, 0.000142084129038, -0.000465621153126], [0.000170263883774, 0.000972672714852, -0.000470519968076, 0.000496292952448, 0.000415936898207, -0.00221459101886, 0.00854473654181, -0.00369827519171, 0.00201369775459, -0.000694629503414, -0.00214659702033, 0.00373477116227, -0.000776740780566], [7.0441099524e-005, -0.000557774154004, 0.000685049104504, -0.00127810845152, -0.00128028413747, -0.00119194947183, -0.00369827519171, 0.0141912372783, -0.00536573957652, 0.00177213724237, -0.000536059611477, -0.00156051747035, 0.00138439889997], [-0.000160232724738, 0.000213723062188, -0.00104142294731, 0.000852893223055, -0.00148358847946, -9.48223078012e-006, 0.00201369775459, -0.00536573957652, 0.0126240970567, -0.00530717568472, 0.00144976750016, -0.0014619755093, -0.00158541405108], [2.00581798708e-005, 0.000169624458067, -0.000117124895041, -0.00057041348191, 0.000873707991559, -0.00280580646358, -0.000694629503414, 0.00177213724237, -0.00530717568472, 0.0136434072629, -0.00435346039012, 0.000669253699016, 0.000669166387524], [0.000556493876502, -0.000233320708503, -0.000901663675904, 0.0010064705275, 0.000134174915729, 0.00178410671651, -0.00214659702033, -0.000536059611477, 0.00144976750016, -0.00435346039012, 0.0119765112177, -0.00523317372426, 0.00247618556023], [2.18840050366e-005, 0.000813459046185, 0.000574892503209, -0.00157372222748, 0.000273069279501, 0.000142084129038, 0.00373477116227, -0.00156051747035, -0.0014619755093, 0.000669253699016, -0.00523317372426, 0.0165655165911, -0.00679144542664], [-0.000104560247564, -0.000764311640523, -0.00125613994896, 0.000377890915843, -0.00168727873825, -0.000465621153126, -0.000776740780566, 0.00138439889997, -0.00158541405108, 0.000669166387524, 0.00247618556023, -0.00679144542664, 0.0176047813147]]
    },
    "spectral_contrast_coeffs": {
        "mean": [-0.626528382301, -0.73118019104, -0.793930470943, -0.783940196037, -0.801122605801, -0.749604344368],
        "var": [0.00758684193715, 0.00618675258011, 0.00215247296728, 0.0019007648807, 0.00155660917517, 0.00130835000891]
    },
    "spectral_contrast_valleys": {
        "mean": [-6.99373531342, -6.73963832855, -7.6779961586, -8.35586071014, -8.43733787537, -11.2819070816],
        "var": [0.731058120728, 0.629493892193, 0.660360395908, 0.828490495682, 0.870616257191, 1.51874983311]
    }
},
"metadata": {
    "audio_properties": {
        "analysis_sample_rate": 44100,
        "bit_rate": 128074,
        "equal_loudness": 0,
        "length": 45.0612258911,
        "lossless": 0,
        "replay_gain": -6.07982063293,
        "sample_rate": 44100,
        "codec": "mp3",
        "downmix": "mix",
        "md5_encoded": "b83c0ad831e0ea05f0e983e4da4f4139"
    },
    "tags": {
        "file_name": "1503.mp3"
    },
    "version": {
        "essentia": "2.1-beta2",
        "essentia_git_sha": "v2.1_beta2",
        "extractor": "music 1.0"
    }
},
"rhythm": {
    "beats_count": 58,
    "beats_loudness": {
        "mean": 0.0977287590504,
        "var": 0.00159011897631
    },
    "bpm": 77.9950027466,
    "bpm_histogram_first_peak_bpm": {
        "mean": 78,
        "var": 0
    },
    "bpm_histogram_first_peak_spread": {
        "mean": 0,
        "var": 0
    },
    "bpm_histogram_first_peak_weight": {
        "mean": 1,
        "var": 0
    },
    "bpm_histogram_second_peak_bpm": {
        "mean": 0,
        "var": 0
    },
    "bpm_histogram_second_peak_spread": {
        "mean": 0,
        "var": 0
    },
    "bpm_histogram_second_peak_weight": {
        "mean": 0,
        "var": 0
    },
    "danceability": 1.48936104774,
    "onset_rate": 4.59167957306,
    "beats_loudness_band_ratio": {
        "mean": [0.479327142239, 0.308234095573, 0.0789180248976, 0.0902225449681, 0.0351238772273, 0.0282566994429],
        "var": [0.14778599143, 0.0576659329236, 0.00478384736925, 0.00816572085023, 0.000844444322865, 0.000593504519202]
    },
    "beats_position": [0.766258478165, 1.53251695633, 2.29877543449, 3.07664394379, 3.85451245308, 4.62077093124, 5.38702917099, 6.15328788757, 6.91954612732, 7.6858048439, 8.45206356049, 9.22993183136, 10.0078001022, 10.774058342, 11.5403175354, 12.3065757751, 13.0728340149, 13.8390922546, 14.6169614792, 15.3948297501, 16.1610889435, 16.9273471832, 17.693605423, 18.4598636627, 19.2261219025, 19.9923801422, 20.758638382, 21.5365066528, 22.3143768311, 23.0806350708, 23.8468933105, 24.6131515503, 25.37940979, 26.1456680298, 26.9235363007, 27.7014045715, 28.4676647186, 29.2339229584, 30.0001811981, 30.7664394379, 31.5326976776, 32.2989578247, 33.0768241882, 33.8546943665, 34.6209526062, 35.3872108459, 36.1534690857, 36.9197273254, 37.6859855652, 38.4522438049, 39.2301139832, 40.0079803467, 40.7742385864, 41.5404968262, 42.3067550659, 43.0730133057, 43.8392753601, 44.6171417236]
},
"tonal": {
    "chords_changes_rate": 0.0185185186565,
    "chords_number_rate": 0.00308641977608,
    "chords_strength": {
        "mean": 0.538843333721,
        "var": 0.00857276748866
    },
    "hpcp_entropy": {
        "mean": 1.9578410387,
        "var": 0.530757248402
    },
    "key_strength": 0.584997475147,
    "tuning_diatonic_strength": 0.454202651978,
    "tuning_equal_tempered_deviation": 0.313379973173,
    "tuning_frequency": 434.193115234,
    "tuning_nontempered_energy_ratio": 0.986050009727,
    "hpcp": {
        "mean": [0.257146000862, 0.439687222242, 0.318247497082, 0.103627920151, 0.0520672872663, 0.0451595894992, 0.0711552202702, 0.0824657008052, 0.0767512768507, 0.233707070351, 0.290762424469, 0.121581606567, 0.045732896775, 0.0519790239632, 0.062221404165, 0.133202001452, 0.164785400033, 0.0871935486794, 0.0441358275712, 0.0421088561416, 0.0429874956608, 0.0888859257102, 0.116475336254, 0.117179840803, 0.134893804789, 0.0842862576246, 0.0301510635763, 0.0309869684279, 0.0389088056982, 0.0452724695206, 0.0902095288038, 0.139941349626, 0.128967314959, 0.118984408677, 0.119058214128, 0.118407510221],
        "var": [0.0762965008616, 0.15800152719, 0.106477022171, 0.0409956611693, 0.0241518151015, 0.0207023583353, 0.0287206638604, 0.029640045017, 0.0184369478375, 0.084317907691, 0.119787320495, 0.0307625178248, 0.0236265044659, 0.0251125954092, 0.0306768547744, 0.0572542659938, 0.0852585434914, 0.0207009408623, 0.0175397694111, 0.0146329794079, 0.0136219738051, 0.0251392889768, 0.0327344499528, 0.0301437173039, 0.0785766616464, 0.029099304229, 0.0106554273516, 0.0074535086751, 0.00973137002438, 0.0117362653837, 0.0413406044245, 0.0656835436821, 0.0560865961015, 0.0626090317965, 0.0679527670145, 0.053350277245]
    },
    "chords_histogram": [83.6419754028, 0.205761313438, 0, 0, 0, 8.02469158173, 0, 0, 0, 0, 0, 0, 0, 0, 0, 0, 0, 0, 0, 0, 0, 0, 8.12757205963, 0],
    "thpcp": [1, 0.723804295063, 0.235685542226, 0.11841892451, 0.102708443999, 0.161831453443, 0.187555372715, 0.174558803439, 0.53153026104, 0.661293804646, 0.276518404484, 0.104012340307, 0.118218183517, 0.141512870789, 0.302947163582, 0.374778687954, 0.198308125138, 0.100380055606, 0.0957700237632, 0.0977683514357, 0.20215716958, 0.264904975891, 0.266507267952, 0.306794911623, 0.191695943475, 0.0685738921165, 0.0704750269651, 0.0884920060635, 0.102965168655, 0.205167502165, 0.318274766207, 0.293316036463, 0.270611464977, 0.270779341459, 0.269299417734, 0.584838449955],
    "chords_key": "A",
    "chords_scale": "minor",
    "key_key": "A",
    "key_scale": "minor"
}
}