{
"lowlevel": {
    "average_loudness": 0.975995659828,
    "barkbands_crest": {
        "mean": 13.2649517059,
        "var": 28.8611392975
    },
    "barkbands_flatness_db": {
        "mean": 0.1412152946,
        "var": 0.00290593854152
    },
    "barkbands_kurtosis": {
        "mean": 7.01763772964,
        "var": 139.32371521
    },
    "barkbands_skewness": {
        "mean": 2.08571004868,
        "var": 2.03346252441
    },
    "barkbands_spread": {
        "mean": 21.8483181,
        "var": 159.555557251
    },
    "dissonance": {
        "mean": 0.471146941185,
        "var": 0.000517390377354
    },
    "dynamic_complexity": 2.07788348198,
    "erbbands_crest": {
        "mean": 8.96526432037,
        "var": 20.0129203796
    },
    "erbbands_flatness_db": {
        "mean": 0.13471981883,
        "var": 0.00157700711861
    },
    "erbbands_kurtosis": {
        "mean": 0.375326484442,
        "var": 4.54075193405
    },
    "erbbands_skewness": {
        "mean": 0.226121783257,
        "var": 0.589846074581
    },
    "erbbands_spread": {
        "mean": 41.6348152161,
        "var": 346.783447266
    },
    "hfc": {
        "mean": 22.3140926361,
        "var": 274.631530762
    },
    "melbands_crest": {
        "mean": 19.1036319733,
        "var": 50.604763031
    },
    "melbands_flatness_db": {
        "mean": 0.224193438888,
        "var": 0.00451602973044
    },
    "melbands_kurtosis": {
        "mean": 22.1752262115,
        "var": 893.866943359
    },
    "melbands_skewness": {
        "mean": 3.45902609825,
        "var": 4.36689519882
    },
    "melbands_spread": {
        "mean": 19.3107147217,
        "var": 204.302825928
    },
    "pitch_salience": {
        "mean": 0.470843583345,
        "var": 0.0203086491674
    },
    "silence_rate_20dB": {
        "mean": 1,
        "var": 0
    },
    "silence_rate_30dB": {
        "mean": 0.935118436813,
        "var": 0.0606731437147
    },
    "silence_rate_60dB": {
        "mean": 0.00360453152098,
        "var": 0.00359147810377
    },
    "spectral_centroid": {
        "mean": 1388.34436035,
        "var": 315273.5625
    },
    "spectral_complexity": {
        "mean": 20.8480949402,
        "var": 86.590171814
    },
    "spectral_decrease": {
        "mean": -1.23073213842e-008,
        "var": 9.10600917061e-017
    },
    "spectral_energy": {
        "mean": 0.0484746545553,
        "var": 0.00133484893013
    },
    "spectral_energyband_high": {
        "mean": 0.000821651541628,
        "var": 1.18107232083e-006
    },
    "spectral_energyband_low": {
        "mean": 0.0292653199285,
        "var": 0.00109717459418
    },
    "spectral_energyband_middle_high": {
        "mean": 0.00523044494912,
        "var": 2.69226238743e-005
    },
    "spectral_energyband_middle_low": {
        "mean": 0.0138122308999,
        "var": 0.000215738487896
    },
    "spectral_entropy": {
        "mean": 7.72651481628,
        "var": 0.135272786021
    },
    "spectral_flux": {
        "mean": 0.123732812703,
        "var": 0.00377613888122
    },
    "spectral_kurtosis": {
        "mean": 4.27970075607,
        "var": 6.21975851059
    },
    "spectral_rms": {
        "mean": 0.00643920805305,
        "var": 5.82891561862e-006
    },
    "spectral_rolloff": {
        "mean": 983.308837891,
        "var": 1064393.25
    },
    "spectral_skewness": {
        "mean": 1.55824613571,
        "var": 0.138115003705
    },
    "spectral_spread": {
        "mean": 4893158,
        "var": 2.58833278566e+012
    },
    "spectral_strongpeak": {
        "mean": 0.650272488594,
        "var": 0.67702960968
    },
    "zerocrossingrate": {
        "mean": 0.0493407957256,
        "var": 0.000892522919457
    },
    "barkbands": {
        "mean": [0.00154576345813, 0.0237561017275, 0.00339710246772, 0.00184511672705, 0.0040854732506, 0.00243443064392, 0.00233785412274, 0.00171633483842, 0.00122063048184, 0.000551167759113, 0.000551703211386, 0.000452619191492, 0.000593169068452, 0.000707514409442, 0.000651294365525, 0.000665026775096, 0.00033592878026, 0.000317853700835, 0.000393001741031, 0.000197929461137, 0.000172395215486, 0.000131569933728, 0.000109798638732, 0.000109501437692, 0.000123455291032, 7.03980404069e-005, 1.49261120441e-006],
        "var": [2.62508501692e-006, 0.000841275264975, 6.23152955086e-005, 9.82544952421e-006, 5.68563264096e-005, 3.79279626941e-005, 4.42779964942e-005, 1.65560741152e-005, 5.8384471231e-006, 2.21590175897e-006, 1.60579929798e-006, 7.9013557297e-007, 1.80755500878e-006, 5.09470510224e-006, 2.05848959922e-006, 8.35676587485e-007, 2.51683133001e-007, 2.01936501298e-007, 3.62096756135e-007, 5.79449519478e-008, 4.65780694014e-008, 3.03946166014e-008, 2.40806823371e-008, 2.7112376344e-008, 7.4341450329e-008, 2.81596435059e-008, 6.88209385313e-012]
    },
    "erbbands": {
        "mean": [0.950978934765, 4.20628356934, 4.69590854645, 5.00184440613, 10.270357132, 14.0792322159, 17.0028610229, 20.2705001831, 26.7891998291, 40.3755340576, 35.7532730103, 30.5377368927, 18.735244751, 21.5234737396, 19.781993866, 19.064163208, 27.6552200317, 34.5382194519, 33.0826835632, 38.5120811462, 31.3793945313, 18.5670719147, 16.9368972778, 19.9370555878, 16.8548946381, 9.45568275452, 8.30740642548, 5.81483078003, 4.60573101044, 4.10978746414, 2.92932248116, 2.3461163044, 1.78403675556, 1.19994282722, 0.949687600136, 0.426237434149, 0.11305975914, 0.0118402978405, 0.000284325273242, 6.67475978844e-005],
        "var": [1.0546309948, 38.5657691956, 100.709838867, 67.2493972778, 374.523986816, 908.040771484, 2393.98657227, 2449.52709961, 5954.52587891, 9137.18261719, 7782.88720703, 3788.48242188, 2216.2043457, 1451.08776855, 2216.32617188, 1248.03527832, 3773.54931641, 12368.1826172, 3730.64404297, 5802.84765625, 1640.67614746, 546.221618652, 448.265197754, 944.273681641, 631.857177734, 127.401527405, 101.24634552, 57.0845565796, 37.0077781677, 32.8075256348, 16.989818573, 12.1583509445, 7.90544223785, 5.28653526306, 4.73764228821, 1.08237695694, 0.084106720984, 0.000555765698664, 2.49928660878e-007, 2.28934160518e-009]
    },
    "gfcc": {
        "mean": [27.0371494293, 88.7512054443, -104.762062073, 40.3163528442, -44.4364242554, 21.1560592651, -35.8190040588, 19.2321243286, -16.49061203, 12.7133512497, -13.8015928268, 3.41677498817, -9.32845020294],
        "cov": [[2793.36889648, -488.36428833, 46.9963607788, 23.7192020416, -210.310272217, 54.504737854, -150.112854004, 103.360160828, -133.72076416, 110.371368408, -164.144012451, 8.10459041595, -113.903244019], [-488.36428833, 808.686096191, -46.4617118835, -25.652759552, 132.784790039, -138.399169922, 86.8112106323, -48.2480583191, 134.134841919, -59.2844161987, 139.450027466, -57.8137359619, 29.2040481567], [46.9963607788, -46.4617118835, 545.633544922, 122.164222717, -23.8131999969, -10.1692914963, -97.3625411987, -24.3259849548, -85.0935058594, -5.36209440231, -58.1706542969, 11.7520637512, -12.5207843781], [23.7192020416, -25.652759552, 122.164222717, 314.519439697, 48.1837768555, 52.4399261475, -11.8725795746, -40.2521972656, 32.4139938354, -10.1200428009, 16.0975532532, -27.0165748596, 41.8489151001], [-210.310272217, 132.784790039, -23.8131999969, 48.1837768555, 236.321838379, 12.5748500824, -0.21772800386, 4.87773990631, 46.0106124878, 13.3990287781, 36.3540649414, -12.9154014587, -9.57732868195], [54.504737854, -138.399169922, -10.1692914963, 52.4399261475, 12.5748500824, 225.065658569, 98.4660949707, -4.51662826538, -2.80766987801, -5.66507673264, -27.0402565002, -16.2025032043, 32.6426582336], [-150.112854004, 86.8112106323, -97.3625411987, -11.8725795746, -0.21772800386, 98.4660949707, 255.541168213, 58.3696708679, 49.0865364075, -25.4670505524, 21.784160614, -9.72626972198, 50.3585777283], [103.360160828, -48.2480583191, -24.3259849548, -40.2521972656, 4.87773990631, -4.51662826538, 58.3696708679, 143.234161377, 41.0413475037, 16.012096405, 0.0572908557951, 1.86330223083, -15.9987564087], [-133.72076416, 134.134841919, -85.0935058594, 32.4139938354, 46.0106124878, -2.80766987801, 49.0865364075, 41.0413475037, 164.818618774, 29.0551376343, 56.6392364502, -22.6371078491, 22.3888130188], [110.371368408, -59.2844161987, -5.36209440231, -10.1200428009, 13.3990287781, -5.66507673264, -25.4670505524, 16.012096405, 29.0551376343, 93.8189620972, 24.1694564819, 2.68026137352, -19.0451126099], [-164.144012451, 139.450027466, -58.1706542969, 16.0975532532, 36.3540649414, -27.0402565002, 21.784160614, 0.0572908557951, 56.6392364502, 24.1694564819, 137.074050903, 30.7273578644, 10.2901601791], [8.10459041595, -57.8137359619, 11.7520637512, -27.0165748596, -12.9154014587, -16.2025032043, -9.72626972198, 1.86330223083, -22.6371078491, 2.68026137352, 30.7273578644, 92.1318740845, 16.4723453522], [-113.903244019, 29.2040481567, -12.5207843781, 41.8489151001, -9.57732868195, 32.6426582336, 50.3585777283, -15.9987564087, 22.3888130188, -19.0451126099, 10.2901601791, 16.4723453522, 102.130683899]],
        "icov": [[0.000572280259803, -0.000413238827605, 0.000354231073288, -0.000611605122685, 0.00072273000842, -0.000568425050005, 0.00056138454238, -0.000927435990889, 0.000653219292872, -0.0011331277201, 0.000978088122793, -0.000683201651555, 0.000534955470357], [-0.000413238827605, 0.00458768988028, -0.00154263630975, 0.00243161479011, -0.00260185427032, 0.00370266241953, -0.00269074412063, 0.00373078859411, -0.003041672986, 0.0045726429671, -0.0047618621029, 0.00467958021909, -0.00122994126286], [0.000354231073288, -0.00154263630975, 0.00309139327146, -0.00227393722162, 0.00123249471653, -0.00113746558782, 0.00156630284619, -0.00190487701911, 0.00227128760889, -0.0021244790405, 0.00266512320377, -0.00228891544975, 0.000761926814448], [-0.000611605122685, 0.00243161479011, -0.00227393722162, 0.00629221508279, -0.00239581428468, 0.000903873820789, -0.000803806469776, 0.00314457016066, -0.00297687458806, 0.00375158991665, -0.00418781861663, 0.00444662431255, -0.0028021754697], [0.00072273000842, -0.00260185427032, 0.00123249471653, -0.00239581428468, 0.00673900218681, -0.00284317322075, 0.00218710536137, -0.00277546676807, 0.00111348775681, -0.00314940651879, 0.0021313119214, -0.00254073389806, 0.00207397690974], [-0.000568425050005, 0.00370266241953, -0.00113746558782, 0.000903873820789, -0.00284317322075, 0.00954571086913, -0.00540606444702, 0.00428587803617, -0.00169076840393, 0.00238868407905, -0.00200654100627, 0.00391173735261, -0.00179577805102], [0.00056138454238, -0.00269074412063, 0.00156630284619, -0.000803806469776, 0.00218710536137, -0.00540606444702, 0.00896644312888, -0.0056955399923, 0.00145045761019, -0.000634353142232, 0.0010634403443, -0.00141760823317, -0.0017782804789], [-0.000927435990889, 0.00373078859411, -0.00190487701911, 0.00314457016066, -0.00277546676807, 0.00428587803617, -0.0056955399923, 0.0134902000427, -0.00588598661125, 0.00313302781433, -0.00229013292119, 0.00204668915831, 0.00144347781315], [0.000653219292872, -0.003041672986, 0.00227128760889, -0.00297687458806, 0.00111348775681, -0.00169076840393, 0.00145045761019, -0.00588598661125, 0.012969436124, -0.00620659952983, 6.09119888395e-005, 0.00070961745223, -0.00201699743047], [-0.0011331277201, 0.0045726429671, -0.0021244790405, 0.00375158991665, -0.00314940651879, 0.00238868407905, -0.000634353142232, 0.00313302781433, -0.00620659952983, 0.0189048070461, -0.0077794585377, 0.00465533835813, 0.000294692639727], [0.000978088122793, -0.0047618621029, 0.00266512320377, -0.00418781861663, 0.0021313119214, -0.00200654100627, 0.0010634403443, -0.00229013292119, 6.09119888395e-005, -0.0077794585377, 0.0173046514392, -0.0105960099027, 0.0029547016602], [-0.000683201651555, 0.00467958021909, -0.00228891544975, 0.00444662431255, -0.00254073389806, 0.00391173735261, -0.00141760823317, 0.00204668915831, 0.00070961745223, 0.00465533835813, -0.0105960099027, 0.0202612765133, -0.0061593526043], [0.000534955470357, -0.00122994126286, 0.000761926814448, -0.0028021754697, 0.00207397690974, -0.00179577805102, -0.0017782804789, 0.00144347781315, -0.00201699743047, 0.000294692639727, 0.0029547016602, -0.0061593526043, 0.0150455590338]]
    },
    "melbands": {
        "mean": [0.00737478537485, 0.00351908849552, 0.00103486899752, 0.000906600093003, 0.000606117479037, 0.000457084213849, 0.000436898291809, 0.000436291040387, 0.000272516394034, 0.000184250922757, 8.84871988092e-005, 8.48164345371e-005, 6.9508132583e-005, 5.0239610573e-005, 5.28223827132e-005, 6.41145452391e-005, 6.49929643259e-005, 5.34741957381e-005, 5.0575392379e-005, 5.42113011761e-005, 3.22114465234e-005, 1.9546947442e-005, 1.57777412824e-005, 1.50633413796e-005, 1.62008036568e-005, 1.50360910993e-005, 8.03996408649e-006, 5.85495945415e-006, 5.49475907974e-006, 4.0406662265e-006, 3.20056938108e-006, 2.68090980171e-006, 2.37007702708e-006, 2.23419442591e-006, 1.71734552623e-006, 1.48877154516e-006, 1.39460939863e-006, 1.30163812173e-006, 1.04880359686e-006, 9.92401737676e-007],
        "var": [7.10092208465e-005, 3.47809545929e-005, 2.61799755208e-006, 2.85866872218e-006, 2.35303173213e-006, 1.23464951685e-006, 1.53726034569e-006, 9.23694017274e-007, 4.82191865103e-007, 1.24301493543e-007, 5.74319649616e-008, 2.58414321053e-008, 2.9834566817e-008, 9.85462023095e-009, 1.5274290277e-008, 2.05428829503e-008, 5.38746007805e-008, 1.14800906559e-008, 1.41636400386e-008, 7.14837344873e-009, 2.26236540612e-009, 7.88690723841e-010, 4.60297661098e-010, 5.47875078638e-010, 7.47085726616e-010, 6.20105466975e-010, 1.56238313953e-010, 5.08743151773e-011, 4.62750497643e-011, 2.88388497111e-011, 1.86622436255e-011, 1.30887401611e-011, 1.14083534286e-011, 1.04398347606e-011, 6.30738863916e-012, 4.84364978681e-012, 4.62953200081e-012, 4.24395371276e-012, 3.51175143652e-012, 3.83839618076e-012]
    },
    "mfcc": {
        "mean": [-620.040100098, 119.415397644, 4.19766521454, 28.2231655121, 16.0491867065, 9.58731269836, 2.13174796104, 5.74184560776, 5.10240697861, 9.94409942627, 4.99709653854, 3.21297264099, 3.34088087082],
        "cov": [[2187.08544922, -482.967315674, 22.8192653656, -87.3527984619, -107.207565308, -29.721862793, -41.8280639648, -57.7246170044, 38.4197502136, 23.4498405457, 6.47705841064, -30.6669902802, -11.8309211731], [-482.967315674, 777.959289551, -122.694282532, 50.4554862976, 26.715927124, -89.3661270142, -23.9138736725, 17.557598114, -63.2923088074, 20.4066944122, 62.3628730774, 10.0091333389, 38.6543045044], [22.8192653656, -122.694282532, 509.175628662, 90.7208328247, 17.641910553, 27.2256774902, 6.76563739777, -31.2771778107, 5.36154174805, -66.48828125, -61.2128143311, -11.181634903, -34.3950233459], [-87.3527984619, 50.4554862976, 90.7208328247, 242.067138672, 98.9711990356, -3.67943286896, -27.4073448181, -12.586315155, -18.0132274628, -0.352216094732, -0.325449079275, 13.1956834793, 11.4507741928], [-107.207565308, 26.715927124, 17.641910553, 98.9711990356, 242.843963623, 29.7091369629, -47.8079185486, -34.8525543213, -45.6128616333, 15.3763084412, 20.0328102112, -17.8138370514, 1.24638128281], [-29.721862793, -89.3661270142, 27.2256774902, -3.67943286896, 29.7091369629, 209.621826172, 61.1114692688, 3.20635342598, 37.1224441528, 10.3178472519, -19.2016639709, 10.9520149231, -41.5961341858], [-41.8280639648, -23.9138736725, 6.76563739777, -27.4073448181, -47.8079185486, 61.1114692688, 152.568893433, 59.461025238, 42.0012893677, -0.126342490315, -16.3756275177, 19.7954444885, 0.0195110850036], [-57.7246170044, 17.557598114, -31.2771778107, -12.586315155, -34.8525543213, 3.20635342598, 59.461025238, 131.707489014, 48.8008346558, 15.5825519562, 3.47363591194, 19.1719684601, 7.11018228531], [38.4197502136, -63.2923088074, 5.36154174805, -18.0132274628, -45.6128616333, 37.1224441528, 42.0012893677, 48.8008346558, 144.149978638, 57.8763008118, -19.5248680115, 9.60474681854, -22.2846946716], [23.4498405457, 20.4066944122, -66.48828125, -0.352216094732, 15.3763084412, 10.3178472519, -0.126342490315, 15.5825519562, 57.8763008118, 126.768226624, 42.0991516113, 11.0025310516, -3.26017212868], [6.47705841064, 62.3628730774, -61.2128143311, -0.325449079275, 20.0328102112, -19.2016639709, -16.3756275177, 3.47363591194, -19.5248680115, 42.0991516113, 104.489952087, 35.3830108643, 13.6070775986], [-30.6669902802, 10.0091333389, -11.181634903, 13.1956834793, -17.8138370514, 10.9520149231, 19.7954444885, 19.1719684601, 9.60474681854, 11.0025310516, 35.3830108643, 108.65713501, 34.2733230591], [-11.8309211731, 38.6543045044, -34.3950233459, 11.4507741928, 1.24638128281, -41.5961341858, 0.0195110850036, 7.11018228531, -22.2846946716, -3.26017212868, 13.6070775986, 34.2733230591, 89.9298553467]],
        "icov": [[0.000573426368646, 0.000383096688893, 1.47373862092e-006, 2.37533658947e-005, 0.000287906150334, 0.000113196212624, 0.000123811900266, 0.000237499494688, -6.37027769699e-005, -0.000132330344059, -0.000314994191285, 0.000258935673628, -0.000133730107336], [0.000383096688893, 0.00177212536801, 0.000299882463878, -0.000411152839661, 0.000231673795497, 0.00055394298397, -7.38207672839e-005, -0.000162942043971, 0.000621581275482, -0.000339229474775, -0.000685021397658, 0.00029881784576, -0.000146856895299], [1.47373862092e-006, 0.000299882463878, 0.00257298373617, -0.00107929541264, -3.43577703461e-005, 0.000157170405146, -0.00032049001311, 0.000619450584054, -0.000531047873665, 0.00129039422609, 0.000647666398436, -0.00029724824708, 0.000947540160269], [2.37533658947e-005, -0.000411152839661, -0.00107929541264, 0.00572302611545, -0.00232376088388, 0.000345740409102, 0.000528552860487, -0.000259891647147, -1.70856128534e-005, -0.000382202852052, 0.000890085007995, -0.00135593093, -0.000385103368899], [0.000287906150334, 0.000231673795497, -3.43577703461e-005, -0.00232376088388, 0.00641016336158, -0.00188895012252, 0.00149382324889, 0.000195545828319, 0.00191958341748, -0.00145547790453, -0.00111232476775, 0.00189312815201, -0.000887580565177], [0.000113196212624, 0.00055394298397, 0.000157170405146, 0.000345740409102, -0.00188895012252, 0.00724558671936, -0.00319519964978, 0.00120353943203, -0.000720739364624, -0.00032107703737, 0.00115814735182, -0.00210393662564, 0.00351232849061], [0.000123811900266, -7.38207672839e-005, -0.00032049001311, 0.000528552860487, 0.00149382324889, -0.00319519964978, 0.0102329468355, -0.00379430805333, -0.000645864696708, 0.000424770114478, 0.000758284411859, -0.000466877128929, -0.00142414600123], [0.000237499494688, -0.000162942043971, 0.000619450584054, -0.000259891647147, 0.000195545828319, 0.00120353943203, -0.00379430805333, 0.0109132854268, -0.00358616397716, 0.00088467792375, -0.00116171303671, -0.000392963498598, -0.000467798061436], [-6.37027769699e-005, 0.000621581275482, -0.000531047873665, -1.70856128534e-005, 0.00191958341748, -0.000720739364624, -0.000645864696708, -0.00358616397716, 0.013694325462, -0.00772291654721, 0.00478137796745, -0.00176752568223, 0.00251087243669], [-0.000132330344059, -0.000339229474775, 0.00129039422609, -0.000382202852052, -0.00145547790453, -0.00032107703737, 0.000424770114478, 0.00088467792375, -0.00772291654721, 0.0142437368631, -0.00629642605782, 0.00115414476022, -0.000412315450376], [-0.000314994191285, -0.000685021397658, 0.000647666398436, 0.000890085007995, -0.00111232476775, 0.00115814735182, 0.000758284411859, -0.00116171303671, 0.00478137796745, -0.00629642605782, 0.016163662076, -0.00591431977227, 0.00179506605491], [0.000258935673628, 0.00029881784576, -0.00029724824708, -0.00135593093, 0.00189312815201, -0.00210393662564, -0.000466877128929, -0.000392963498598, -0.00176752568223, 0.00115414476022, -0.00591431977227, 0.013849131763, -0.00578297162428], [-0.000133730107336, -0.000146856895299, 0.000947540160269, -0.000385103368899, -0.000887580565177, 0.00351232849061, -0.00142414600123, -0.000467798061436, 0.00251087243669, -0.000412315450376, 0.00179506605491, -0.00578297162428, 0.0157905314118]]
    },
    "spectral_contrast_coeffs": {
        "mean": [-0.705821931362, -0.7300978899, -0.773853838444, -0.775850892067, -0.790685176849, -0.776751160622],
        "var": [0.00600617798045, 0.00759417703375, 0.00382347032428, 0.00242443289608, 0.00226682634093, 0.00114944926463]
    },
    "spectral_contrast_valleys": {
        "mean": [-6.54641485214, -6.58043479919, -7.21156263351, -7.26249599457, -7.28092050552, -9.77242183685],
        "var": [0.523863315582, 0.492089599371, 0.485404551029, 0.463794112206, 0.487702339888, 0.723034441471]
    }
},
"metadata": {
    "audio_properties": {
        "analysis_sample_rate": 44100,
        "bit_rate": 128074,
        "equal_loudness": 0,
        "length": 45.0612258911,
        "lossless": 0,
        "replay_gain": -6.06642913818,
        "sample_rate": 44100,
        "codec": "mp3",
        "downmix": "mix",
        "md5_encoded": "c1de2297e1064c60441aa1f10d17734f"
    },
    "tags": {
        "file_name": "1504.mp3"
    },
    "version": {
        "essentia": "2.1-beta2",
        "essentia_git_sha": "v2.1_beta2",
        "extractor": "music 1.0"
    }
},
"rhythm": {
    "beats_count": 77,
    "beats_loudness": {
        "mean": 0.0667815059423,
        "var": 0.00164005707484
    },
    "bpm": 103.972259521,
    "bpm_histogram_first_peak_bpm": {
        "mean": 103,
        "var": 0
    },
    "bpm_histogram_first_peak_spread": {
        "mean": 0.243243232369,
        "var": 0
    },
    "bpm_histogram_first_peak_weight": {
        "mean": 0.736842095852,
        "var": 0
    },
    "bpm_histogram_second_peak_bpm": {
        "mean": 108,
        "var": 0
    },
    "bpm_histogram_second_peak_spread": {
        "mean": 0,
        "var": 0
    },
    "bpm_histogram_second_peak_weight": {
        "mean": 0.0263157896698,
        "var": 0
    },
    "danceability": 1.41099917889,
    "onset_rate": 5.03532028198,
    "beats_loudness_band_ratio": {
        "mean": [0.549442589283, 0.157598927617, 0.133448585868, 0.0668801665306, 0.07173371315, 0.0711387321353],
        "var": [0.0593523792922, 0.0238819532096, 0.0208149570972, 0.00489288661629, 0.00430218596011, 0.00435885135084]
    },
    "beats_position": [0.580498874187, 1.16099774837, 1.72988653183, 2.29877543449, 2.87927436829, 3.45977306366, 4.04027223587, 4.62077093124, 5.20126962662, 5.78176879883, 6.35065746307, 6.91954612732, 7.50004529953, 8.08054447174, 8.66104316711, 9.24154186249, 9.82204055786, 10.3909292221, 10.9714279175, 11.5403175354, 12.1208162308, 12.7013149261, 13.2702035904, 13.8390922546, 14.4195919037, 15.0000905991, 15.5805892944, 16.1610889435, 16.7415866852, 17.3220863342, 17.9025840759, 18.4714736938, 19.0403633118, 19.6208610535, 20.2013607025, 20.7818584442, 21.3623580933, 21.942855835, 22.523355484, 23.0922451019, 23.6611328125, 24.2416324615, 24.7989120483, 25.37940979, 25.9599094391, 26.5404071808, 27.1209068298, 27.7014045715, 28.2819042206, 28.8507938385, 29.4196815491, 30.0001811981, 30.5806789398, 31.1611785889, 31.7416782379, 32.322177887, 32.9026756287, 33.4715652466, 34.0404510498, 34.6209526062, 35.2014503479, 35.7703399658, 36.3392295837, 36.9197273254, 37.5002250671, 38.0807266235, 38.6612243652, 39.2417221069, 39.8222198486, 40.3795013428, 40.9599990845, 41.5404968262, 42.1209983826, 42.7014961243, 43.281993866, 43.8624954224, 44.4429931641]
},
"tonal": {
    "chords_changes_rate": 0.0679012313485,
    "chords_number_rate": 0.00617283955216,
    "chords_strength": {
        "mean": 0.592711687088,
        "var": 0.00747260404751
    },
    "hpcp_entropy": {
        "mean": 2.2944355011,
        "var": 0.463075757027
    },
    "key_strength": 0.42093038559,
    "tuning_diatonic_strength": 0.687353432178,
    "tuning_equal_tempered_deviation": 0.248114481568,
    "tuning_frequency": 434.193115234,
    "tuning_nontempered_energy_ratio": 0.916525363922,
    "hpcp": {
        "mean": [0.198876574636, 0.143978685141, 0.120284363627, 0.122006885707, 0.120066419244, 0.092911042273, 0.0773229897022, 0.0819178149104, 0.0934064164758, 0.107505962253, 0.114964723587, 0.102955490351, 0.0858009979129, 0.0846093371511, 0.0907536521554, 0.0987873896956, 0.0942968502641, 0.0850193277001, 0.0891411080956, 0.0804917365313, 0.0708382576704, 0.0828176066279, 0.0906091034412, 0.136845037341, 0.209793463349, 0.183404177427, 0.113596282899, 0.0890142247081, 0.0796676650643, 0.0809304565191, 0.124449238181, 0.209068372846, 0.279607832432, 0.280735969543, 0.252900093794, 0.243376299739],
        "var": [0.0873930677772, 0.0580721013248, 0.0504414886236, 0.0455622151494, 0.0453542992473, 0.0285732075572, 0.0261261146516, 0.029255470261, 0.0336102545261, 0.036999527365, 0.034410495311, 0.0308195985854, 0.0283194109797, 0.031938444823, 0.0324995219707, 0.0383125692606, 0.0340926684439, 0.0290215536952, 0.035591326654, 0.0294822528958, 0.0249197632074, 0.0352193377912, 0.0407719798386, 0.0456566736102, 0.0882380455732, 0.0531270615757, 0.0325390994549, 0.0304406136274, 0.0277902688831, 0.0267792064697, 0.0517305396497, 0.0942194908857, 0.124111890793, 0.118342265487, 0.103234812617, 0.113871522248]
    },
    "chords_histogram": [14.7119340897, 67.0781860352, 3.08641982079, 4.52674913406, 0, 0.411522626877, 0, 0.411522626877, 1.95473253727, 0, 7.09876537323, 0, 0, 0, 0, 0, 0, 0, 0, 0, 0, 0, 0, 0.720164597034],
    "thpcp": [1, 0.900846779346, 0.86692237854, 0.708411455154, 0.512861549854, 0.428460806608, 0.434596568346, 0.427684485912, 0.33095523715, 0.275429576635, 0.291796654463, 0.332719802856, 0.382943302393, 0.40951192379, 0.366734236479, 0.305628806353, 0.301384031773, 0.323270469904, 0.351887196302, 0.335891574621, 0.302844434977, 0.317526489496, 0.286716848612, 0.252330541611, 0.295001775026, 0.32275557518, 0.487451016903, 0.747298121452, 0.65329772234, 0.404637426138, 0.317074537277, 0.283781468868, 0.288279622793, 0.44329637289, 0.744715332985, 0.995981514454],
    "chords_key": "F",
    "chords_scale": "minor",
    "key_key": "C#",
    "key_scale": "major"
}
}