{
"lowlevel": {
    "average_loudness": 0.820117473602,
    "barkbands_crest": {
        "mean": 13.2721786499,
        "var": 19.2492675781
    },
    "barkbands_flatness_db": {
        "mean": 0.253567576408,
        "var": 0.00838997494429
    },
    "barkbands_kurtosis": {
        "mean": 19.797700882,
        "var": 876.443603516
    },
    "barkbands_skewness": {
        "mean": 3.18021392822,
        "var": 2.94166350365
    },
    "barkbands_spread": {
        "mean": 9.34221839905,
        "var": 94.5063018799
    },
    "dissonance": {
        "mean": 0.464501142502,
        "var": 0.00127466407139
    },
    "dynamic_complexity": 3.45542263985,
    "erbbands_crest": {
        "mean": 8.42396450043,
        "var": 14.8347406387
    },
    "erbbands_flatness_db": {
        "mean": 0.193579718471,
        "var": 0.00274732080288
    },
    "erbbands_kurtosis": {
        "mean": 1.65834879875,
        "var": 34.6313056946
    },
    "erbbands_skewness": {
        "mean": 0.622215151787,
        "var": 1.36093437672
    },
    "erbbands_spread": {
        "mean": 36.8903846741,
        "var": 299.12487793
    },
    "hfc": {
        "mean": 10.0032396317,
        "var": 111.465644836
    },
    "melbands_crest": {
        "mean": 18.2286243439,
        "var": 23.678894043
    },
    "melbands_flatness_db": {
        "mean": 0.354418873787,
        "var": 0.012352953665
    },
    "melbands_kurtosis": {
        "mean": 38.9031791687,
        "var": 1539.90808105
    },
    "melbands_skewness": {
        "mean": 4.42709875107,
        "var": 3.6413807869
    },
    "melbands_spread": {
        "mean": 7.86475324631,
        "var": 97.6525039673
    },
    "pitch_salience": {
        "mean": 0.517561733723,
        "var": 0.0198009107262
    },
    "silence_rate_20dB": {
        "mean": 0.998455226421,
        "var": 0.00154241174459
    },
    "silence_rate_30dB": {
        "mean": 0.926879525185,
        "var": 0.0677738636732
    },
    "silence_rate_60dB": {
        "mean": 0.0612770356238,
        "var": 0.0575214326382
    },
    "spectral_centroid": {
        "mean": 649.419555664,
        "var": 302518.0625
    },
    "spectral_complexity": {
        "mean": 12.2106075287,
        "var": 70.7007446289
    },
    "spectral_decrease": {
        "mean": -1.04481623353e-008,
        "var": 1.54195677663e-016
    },
    "spectral_energy": {
        "mean": 0.040341053158,
        "var": 0.0022632360924
    },
    "spectral_energyband_high": {
        "mean": 0.000170636849361,
        "var": 1.51453406261e-007
    },
    "spectral_energyband_low": {
        "mean": 0.0275513827801,
        "var": 0.00160015793517
    },
    "spectral_energyband_middle_high": {
        "mean": 0.00186555320397,
        "var": 7.07987283022e-006
    },
    "spectral_energyband_middle_low": {
        "mean": 0.0141240721568,
        "var": 0.000548092531972
    },
    "spectral_entropy": {
        "mean": 6.92764520645,
        "var": 0.516269803047
    },
    "spectral_flux": {
        "mean": 0.108151137829,
        "var": 0.00568474130705
    },
    "spectral_kurtosis": {
        "mean": 13.6498146057,
        "var": 385.318511963
    },
    "spectral_rms": {
        "mean": 0.00550254527479,
        "var": 9.0791763796e-006
    },
    "spectral_rolloff": {
        "mean": 445.199737549,
        "var": 483233.625
    },
    "spectral_skewness": {
        "mean": 2.32804489136,
        "var": 2.19069957733
    },
    "spectral_spread": {
        "mean": 3008949.75,
        "var": 2.5833004073e+012
    },
    "spectral_strongpeak": {
        "mean": 0.460640877485,
        "var": 0.277241259813
    },
    "zerocrossingrate": {
        "mean": 0.0212711598724,
        "var": 0.000455996370874
    },
    "barkbands": {
        "mean": [0.000205600925256, 0.0113347573206, 0.012662681751, 0.00561189465225, 0.00614267354831, 0.00130915874615, 0.000560965039767, 0.000232110163779, 0.000224920964683, 0.000117162962852, 0.000100414566987, 0.000166771307704, 0.000197246161406, 0.000439611816546, 0.000373389135348, 0.000152069464093, 5.84981207794e-005, 0.000147302489495, 0.000110858854896, 4.58366521343e-005, 5.7680394093e-005, 3.19252249028e-005, 2.18250934267e-005, 1.73695152625e-005, 9.16562566999e-006, 8.32256864669e-006, 8.75584987625e-007],
        "var": [5.51702079576e-008, 0.000204817872145, 0.000798142806161, 7.99182453193e-005, 0.00032177977846, 4.6150248636e-006, 1.37085464758e-006, 1.13797263168e-007, 1.04898369102e-007, 2.3290086304e-008, 2.12302442293e-008, 8.02710857783e-008, 1.46115894495e-007, 1.0099828387e-006, 7.50720289489e-007, 1.11168908745e-007, 8.80435280237e-009, 1.01296663502e-007, 8.22684427249e-008, 1.23053256473e-008, 2.43523974319e-008, 6.04508443303e-009, 2.96602942207e-009, 2.70132072266e-009, 1.65028335442e-009, 2.24989626929e-009, 3.13862547063e-011]
    },
    "erbbands": {
        "mean": [0.243756085634, 2.93065524101, 12.7771997452, 19.0882053375, 23.3115501404, 16.1654396057, 10.7189407349, 10.9205322266, 8.8516254425, 6.32456541061, 5.44171094894, 5.19227313995, 4.0124335289, 3.45304608345, 5.08434486389, 7.0334444046, 9.31436443329, 18.5940723419, 19.4461174011, 17.4128093719, 6.95788621902, 3.82587885857, 7.26199436188, 7.73263788223, 3.61078572273, 2.14114189148, 2.45685148239, 2.05877733231, 1.26436901093, 0.838220179081, 0.501929581165, 0.419368207455, 0.258314192295, 0.111053131521, 0.062898747623, 0.0386596731842, 0.0145432520658, 0.00301121454686, 9.97426541289e-005, 4.66547571705e-005],
        "var": [0.0516217648983, 18.2573852539, 789.444274902, 985.710693359, 4453.87695313, 1803.37646484, 252.20526123, 328.078399658, 373.289733887, 110.850334167, 50.5183601379, 53.0503845215, 20.4706058502, 32.1769523621, 60.1938438416, 154.997055054, 301.009613037, 1777.98547363, 1438.38586426, 1618.61303711, 192.275024414, 35.7875900269, 228.901641846, 333.442932129, 82.5468902588, 27.4345531464, 42.6038970947, 33.3687095642, 10.0184106827, 3.59255886078, 1.66143679619, 1.33909606934, 0.700059533119, 0.178104072809, 0.0937558487058, 0.0471169836819, 0.00714230909944, 0.000319325452438, 2.55263074678e-007, 2.9910864896e-009]
    },
    "gfcc": {
        "mean": [-91.6510696411, 162.706634521, -99.4979476929, 46.4525375366, -26.9207000732, 7.52800369263, -24.6509437561, -5.38845062256, -12.3030405045, -7.1232624054, -5.08411645889, -10.638589859, -9.5050201416],
        "cov": [[12047.8535156, -1839.11132813, -2188.21875, 381.154663086, -740.636779785, 253.766921997, -793.873474121, -85.7622909546, -400.694122314, 216.217193604, -370.491973877, -17.8524875641, -220.388076782], [-1839.11132813, 1751.81445313, 321.518768311, -441.1512146, 374.351593018, -403.700836182, 409.198516846, -165.683227539, 131.624176025, -289.106445313, 181.196731567, -112.674194336, 99.3729400635], [-2188.21875, 321.518768311, 1204.58862305, -139.585678101, 97.9525985718, -111.605903625, 31.2262248993, 59.9735183716, 27.2848320007, -35.8708267212, 31.962053299, 47.3099327087, 10.5797309875], [381.154663086, -441.1512146, -139.585678101, 367.490142822, -82.8763961792, 126.280815125, -76.2361602783, -33.3959121704, 5.31175422668, 67.2509689331, -23.8876113892, -19.6569728851, 29.71326828], [-740.636779785, 374.351593018, 97.9525985718, -82.8763961792, 256.97064209, -80.3377304077, 159.226364136, 27.2047843933, 38.7871170044, -41.1717185974, 33.9039154053, -19.2372150421, 9.78522968292], [253.766921997, -403.700836182, -111.605903625, 126.280815125, -80.3377304077, 228.318252563, -81.7604904175, 18.9667930603, 5.28482961655, 57.422454834, -15.5187330246, 21.0801563263, -8.66724586487], [-793.873474121, 409.198516846, 31.2262248993, -76.2361602783, 159.226364136, -81.7604904175, 324.875183105, 52.7818984985, 25.8832054138, -82.8054046631, 61.2770690918, -2.49541211128, 10.1201763153], [-85.7622909546, -165.683227539, 59.9735183716, -33.3959121704, 27.2047843933, 18.9667930603, 52.7818984985, 204.950363159, -13.2542219162, 30.091173172, 2.88496518135, 61.3257064819, -30.4337005615], [-400.694122314, 131.624176025, 27.2848320007, 5.31175422668, 38.7871170044, 5.28482961655, 25.8832054138, -13.2542219162, 92.1721572876, 3.54583668709, 28.2229862213, -16.7671165466, 21.8052597046], [216.217193604, -289.106445313, -35.8708267212, 67.2509689331, -41.1717185974, 57.422454834, -82.8054046631, 30.091173172, 3.54583668709, 131.903869629, -25.5782833099, 16.2868919373, -1.42713630199], [-370.491973877, 181.196731567, 31.962053299, -23.8876113892, 33.9039154053, -15.5187330246, 61.2770690918, 2.88496518135, 28.2229862213, -25.5782833099, 78.9264907837, 6.32285642624, 16.6319446564], [-17.8524875641, -112.674194336, 47.3099327087, -19.6569728851, -19.2372150421, 21.0801563263, -2.49541211128, 61.3257064819, -16.7671165466, 16.2868919373, 6.32285642624, 68.0177230835, -14.4457864761], [-220.388076782, 99.3729400635, 10.5797309875, 29.71326828, 9.78522968292, -8.66724586487, 10.1201763153, -30.4337005615, 21.8052597046, -1.42713630199, 16.6319446564, -14.4457864761, 70.3038787842]],
        "icov": [[0.000216835222091, -0.00032089848537, 0.000381758494768, -0.000295662903227, 0.000340269878507, -3.49158217432e-005, 0.000465109187644, -0.000293587945634, 0.000648219021969, -0.0001978136861, 0.000603434164077, -0.000163932767464, 0.000573613040615], [-0.00032089848537, 0.00851900409907, -0.00108087377157, 0.00629032589495, -0.00384740484878, 0.00553826382384, -0.00359884253703, 0.00524034211412, -0.00571715878323, 0.00644358620048, -0.00829005334526, 0.005358743947, -0.00657214550301], [0.000381758494768, -0.00108087377157, 0.00167472579051, -0.000772620667703, 0.000473089748994, 2.50059674727e-005, 0.00135909975506, -0.00101006834302, 0.00103891582694, -0.000457618240034, 0.001516587683, -0.00153397861868, 0.00109789555427], [-0.000295662903227, 0.00629032589495, -0.000772620667703, 0.00871088169515, -0.00220609875396, 0.00212060357444, -0.00306524406187, 0.00415254151449, -0.00402730982751, 0.00336409918964, -0.00578075414523, 0.00556581653655, -0.00674746651202], [0.000340269878507, -0.00384740484878, 0.000473089748994, -0.00220609875396, 0.00851797964424, -0.00151217752136, -0.00073904445162, -0.00325662619434, 0.00131090229843, -0.00334821897559, 0.00407130550593, -2.77281797025e-005, 0.00324731273577], [-3.49158217432e-005, 0.00553826382384, 2.50059674727e-005, 0.00212060357444, -0.00151217752136, 0.0104707069695, -0.00122696475592, 0.00274218129925, -0.00504297716543, 0.00362170045264, -0.00522196898237, 0.00134595588315, -0.00282310484909], [0.000465109187644, -0.00359884253703, 0.00135909975506, -0.00306524406187, -0.00073904445162, -0.00122696475592, 0.0080437976867, -0.00422592600808, 0.00288516888395, 0.000127519582747, 0.00153458223213, -0.00224370253272, 0.00288389064372], [-0.000293587945634, 0.00524034211412, -0.00101006834302, 0.00415254151449, -0.00325662619434, 0.00274218129925, -0.00422592600808, 0.0114134550095, -0.0033940882422, 0.00166628789157, -0.00451993802562, -0.00295932777226, -0.0020423270762], [0.000648219021969, -0.00571715878323, 0.00103891582694, -0.00402730982751, 0.00131090229843, -0.00504297716543, 0.00288516888395, -0.0033940882422, 0.0196011792868, -0.00643453979865, 0.00114783970639, 0.000739352486562, 0.00264042848721], [-0.0001978136861, 0.00644358620048, -0.000457618240034, 0.00336409918964, -0.00334821897559, 0.00362170045264, 0.000127519582747, 0.00166628789157, -0.00643453979865, 0.0163903068751, -0.00384384719655, 0.00195470871404, -0.00582600524649], [0.000603434164077, -0.00829005334526, 0.001516587683, -0.00578075414523, 0.00407130550593, -0.00522196898237, 0.00153458223213, -0.00451993802562, 0.00114783970639, -0.00384384719655, 0.0267393831164, -0.00990756694227, 0.00364082399756], [-0.000163932767464, 0.005358743947, -0.00153397861868, 0.00556581653655, -2.77281797025e-005, 0.00134595588315, -0.00224370253272, -0.00295932777226, 0.000739352486562, 0.00195470871404, -0.00990756694227, 0.0283671859652, -0.00301513634622], [0.000573613040615, -0.00657214550301, 0.00109789555427, -0.00674746651202, 0.00324731273577, -0.00282310484909, 0.00288389064372, -0.0020423270762, 0.00264042848721, -0.00582600524649, 0.00364082399756, -0.00301513634622, 0.0234809201211]]
    },
    "melbands": {
        "mean": [0.00266119930893, 0.00589300133288, 0.00345895462669, 0.00153736816719, 0.000409935979405, 0.000246540847002, 0.0001291508961, 6.33799209027e-005, 4.42381497123e-005, 3.14100543619e-005, 1.98051493498e-005, 1.3787224816e-005, 1.5221029571e-005, 1.78588288691e-005, 1.96362198039e-005, 2.06869972317e-005, 3.78358672606e-005, 3.20468425343e-005, 3.12443589792e-005, 1.41805849125e-005, 6.56112115394e-006, 2.8799474876e-006, 6.35197238807e-006, 6.91570403433e-006, 6.41220640318e-006, 3.55802080776e-006, 1.66440770499e-006, 1.2997062413e-006, 1.58972466124e-006, 1.28332419536e-006, 1.17229342322e-006, 7.98836651938e-007, 4.32584442933e-007, 4.87244165015e-007, 2.67947200427e-007, 3.09232348172e-007, 2.33331803656e-007, 2.09076475244e-007, 1.11150079363e-007, 8.52286845543e-008],
        "var": [7.68626341596e-006, 0.000127890511067, 2.84470461338e-005, 2.08014553209e-005, 3.86076578707e-007, 1.64768877653e-007, 7.29155189561e-008, 1.07597193377e-008, 3.51110029939e-009, 1.97382599154e-009, 5.15804066126e-010, 5.34868649371e-010, 5.35187949513e-010, 7.54505236067e-010, 1.34283417719e-009, 1.72622738326e-009, 8.35226021678e-009, 4.3977679276e-009, 5.97838534233e-009, 1.10762443661e-009, 1.6871169739e-010, 2.13469120852e-011, 1.523362686e-010, 2.5544222293e-010, 2.46062586973e-010, 9.0515546447e-011, 1.85911459838e-011, 1.07770580654e-011, 1.73312995899e-011, 1.38749454634e-011, 1.09340158455e-011, 4.34426843457e-012, 1.06556267716e-012, 1.30510695567e-012, 5.06479515446e-013, 8.33445562998e-013, 4.71061232556e-013, 5.20456724593e-013, 1.40696509348e-013, 1.2491467279e-013]
    },
    "mfcc": {
        "mean": [-733.38293457, 178.874160767, 5.91103744507, 43.4751091003, 21.8016624451, 17.8649349213, 6.74374485016, 5.46168422699, -3.06668353081, 4.48520612717, 3.75389266014, 1.40690386295, -7.67007684708],
        "cov": [[11203.8027344, -1516.9609375, -1852.60717773, -108.832489014, -444.042236328, 213.263626099, -526.436828613, -306.27053833, -310.35723877, 7.64859867096, -64.2420043945, -197.764953613, -344.332824707], [-1516.9609375, 2022.81018066, -23.0994873047, 10.9779348373, -48.5850296021, -251.789016724, 181.605026245, 130.574203491, 1.36750257015, -40.6760253906, -63.0676879883, 55.8977928162, 15.0703954697], [-1852.60717773, -23.0994873047, 968.80645752, -2.87044215202, 157.834671021, -32.0289802551, -21.82563591, -13.7857789993, 13.4392137527, -53.1192855835, -17.5556373596, 10.6514434814, 80.3134841919], [-108.832489014, 10.9779348373, -2.87044215202, 237.29498291, -4.52749490738, 6.49687290192, 47.3959579468, -8.41600131989, 32.0813827515, 12.4245615005, -11.645614624, -0.920046627522, -1.90062618256], [-444.042236328, -48.5850296021, 157.834671021, -4.52749490738, 169.990066528, 14.5461235046, -27.1991348267, -20.0296535492, 10.3998098373, 15.7322540283, 8.85194396973, -13.0576219559, 24.8974514008], [213.263626099, -251.789016724, -32.0289802551, 6.49687290192, 14.5461235046, 194.080825806, -48.1559677124, -54.8428535461, -5.61913299561, 3.02188873291, 13.1114883423, -35.2461967468, -4.63340377808], [-526.436828613, 181.605026245, -21.82563591, 47.3959579468, -27.1991348267, -48.1559677124, 182.192550659, 102.405799866, 38.1351203918, 13.6910600662, 7.75430774689, 41.7296981812, 2.07000637054], [-306.27053833, 130.574203491, -13.7857789993, -8.41600131989, -20.0296535492, -54.8428535461, 102.405799866, 159.248703003, 21.0483207703, 5.5456032753, 7.77234745026, 50.1608772278, -2.48272657394], [-310.35723877, 1.36750257015, 13.4392137527, 32.0813827515, 10.3998098373, -5.61913299561, 38.1351203918, 21.0483207703, 80.015663147, 29.3840274811, 11.2091674805, 2.49727582932, 14.8304653168], [7.64859867096, -40.6760253906, -53.1192855835, 12.4245615005, 15.7322540283, 3.02188873291, 13.6910600662, 5.5456032753, 29.3840274811, 62.9153785706, 20.038028717, 3.27463459969, 4.63619995117], [-64.2420043945, -63.0676879883, -17.5556373596, -11.645614624, 8.85194396973, 13.1114883423, 7.75430774689, 7.77234745026, 11.2091674805, 20.038028717, 57.0678825378, 17.0536308289, 6.36868476868], [-197.764953613, 55.8977928162, 10.6514434814, -0.920046627522, -13.0576219559, -35.2461967468, 41.7296981812, 50.1608772278, 2.49727582932, 3.27463459969, 17.0536308289, 64.0544052124, 11.4561414719], [-344.332824707, 15.0703954697, 80.3134841919, -1.90062618256, 24.8974514008, -4.63340377808, 2.07000637054, -2.48272657394, 14.8304653168, 4.63619995117, 6.36868476868, 11.4561414719, 51.4531402588]],
        "icov": [[0.000246015551966, 0.000161821983056, 0.000373082206352, -4.00653771067e-005, 0.000301675812807, 0.000160399606102, 0.000541387591511, 1.93545838556e-006, 0.000523623777553, -0.000183275420568, 0.000245771778282, 0.000156344918651, 0.000662291189656], [0.000161821983056, 0.000764024094678, 0.000342551647918, 2.28820681514e-005, 0.000132662811666, 0.000792837119661, -0.000205709118745, -1.63758850249e-005, 0.000472785788588, 0.000270279822871, 0.000724824785721, 0.000151152024046, 5.60058142582e-005], [0.000373082206352, 0.000342551647918, 0.00210259924643, -0.00010656248196, -0.000909321533982, 0.000560010259505, 0.000807581585832, 6.4115949499e-005, 0.00030766215059, 0.00165500550065, 0.000796638603788, -0.000128799889353, -0.000736188841984], [-4.00653771067e-005, 2.28820681514e-005, -0.00010656248196, 0.00504876393825, -6.93995389156e-005, -0.000425085949246, -0.00204696599394, 0.00179899053182, -0.00189092347864, -0.000455238536233, 0.00183314608876, -0.000911684823222, 0.00080459570745], [0.000301675812807, 0.000132662811666, -0.000909321533982, -6.93995389156e-005, 0.00843492802233, -8.4587110905e-005, 0.0016210724134, -0.000410325359553, 0.00110509002116, -0.00339736044407, -0.000892378157005, 0.00249297707342, -0.00123438134324], [0.000160399606102, 0.000792837119661, 0.000560010259505, -0.000425085949246, -8.4587110905e-005, 0.00718280021101, 0.000408005231293, 0.000861551961862, 0.00071365054464, 0.000703487778082, -0.00199734978378, 0.00317840930074, -6.52570233797e-005], [0.000541387591511, -0.000205709118745, 0.000807581585832, -0.00204696599394, 0.0016210724134, 0.000408005231293, 0.0120553765446, -0.00549227884039, -0.00160951295402, -0.000935032148845, -0.00013116140326, -0.00147665874101, 0.00174262921792], [1.93545838556e-006, -1.63758850249e-005, 6.4115949499e-005, 0.00179899053182, -0.000410325359553, 0.000861551961862, -0.00549227884039, 0.0124593004584, -0.00195737299509, 0.000532631238457, 0.00110656279139, -0.00651946337894, 0.00291319517419], [0.000523623777553, 0.000472785788588, 0.00030766215059, -0.00189092347864, 0.00110509002116, 0.00071365054464, -0.00160951295402, -0.00195737299509, 0.0199993140996, -0.00783331878483, -0.00127318478189, 0.00494412798434, -0.00368640688248], [-0.000183275420568, 0.000270279822871, 0.00165500550065, -0.000455238536233, -0.00339736044407, 0.000703487778082, -0.000935032148845, 0.000532631238457, -0.00783331878483, 0.0241573583335, -0.00576523086056, -0.000366401509382, -0.0012589028338], [0.000245771778282, 0.000724824785721, 0.000796638603788, 0.00183314608876, -0.000892378157005, -0.00199734978378, -0.00013116140326, 0.00110656279139, -0.00127318478189, -0.00576523086056, 0.0243908148259, -0.00823943689466, 0.000269271171419], [0.000156344918651, 0.000151152024046, -0.000128799889353, -0.000911684823222, 0.00249297707342, 0.00317840930074, -0.00147665874101, -0.00651946337894, 0.00494412798434, -0.000366401509382, -0.00823943689466, 0.0274767652154, -0.00649583758786], [0.000662291189656, 5.60058142582e-005, -0.000736188841984, 0.00080459570745, -0.00123438134324, -6.52570233797e-005, 0.00174262921792, 0.00291319517419, -0.00368640688248, -0.0012589028338, 0.000269271171419, -0.00649583758786, 0.0282806009054]]
    },
    "spectral_contrast_coeffs": {
        "mean": [-0.651933670044, -0.779270708561, -0.836409568787, -0.818664193153, -0.810545086861, -0.763132929802],
        "var": [0.00805111881346, 0.00314489449374, 0.00156068033539, 0.00229065190069, 0.00139114086051, 0.0030408562161]
    },
    "spectral_contrast_valleys": {
        "mean": [-6.63377428055, -6.99033260345, -7.78003454208, -8.09511756897, -8.52166938782, -11.9342508316],
        "var": [0.874093711376, 1.18546760082, 1.35557186604, 1.70405375957, 1.74236285686, 1.94974637032]
    }
},
"metadata": {
    "audio_properties": {
        "analysis_sample_rate": 44100,
        "bit_rate": 128074,
        "equal_loudness": 0,
        "length": 45.0612258911,
        "lossless": 0,
        "replay_gain": -5.8256855011,
        "sample_rate": 44100,
        "codec": "mp3",
        "downmix": "mix",
        "md5_encoded": "f0bab12e96a22fcfacd8be1b7c0f6fa6"
    },
    "tags": {
        "file_name": "1505.mp3"
    },
    "version": {
        "essentia": "2.1-beta2",
        "essentia_git_sha": "v2.1_beta2",
        "extractor": "music 1.0"
    }
},
"rhythm": {
    "beats_count": 127,
    "beats_loudness": {
        "mean": 0.0564352720976,
        "var": 0.00150223111268
    },
    "bpm": 172.265563965,
    "bpm_histogram_first_peak_bpm": {
        "mean": 172,
        "var": 0
    },
    "bpm_histogram_first_peak_spread": {
        "mean": 0,
        "var": 0
    },
    "bpm_histogram_first_peak_weight": {
        "mean": 0.53968256712,
        "var": 0
    },
    "bpm_histogram_second_peak_bpm": {
        "mean": 167,
        "var": 0
    },
    "bpm_histogram_second_peak_spread": {
        "mean": 0,
        "var": 0
    },
    "bpm_histogram_second_peak_weight": {
        "mean": 0.365079373121,
        "var": 0
    },
    "danceability": 1.34451711178,
    "onset_rate": 3.81530880928,
    "beats_loudness_band_ratio": {
        "mean": [0.827473461628, 0.151470124722, 0.0323850363493, 0.012412509881, 0.0170175563544, 0.00910133030266],
        "var": [0.0118162194267, 0.0175717882812, 0.000322798761772, 0.00020279418095, 0.000748201331589, 0.000224168048589]
    },
    "beats_position": [0.301859408617, 0.626938760281, 0.96362811327, 1.31192743778, 1.66022670269, 2.02013611794, 2.36843538284, 2.71673464775, 3.06503391266, 3.42494320869, 3.7732424736, 4.13315200806, 4.48145103455, 4.841360569, 5.18965959549, 5.54956912994, 5.89786815643, 6.25777769089, 6.6176867485, 6.96598625183, 7.31428575516, 7.66258478165, 8.0224943161, 8.38240337372, 8.73070240021, 9.07900238037, 9.43891143799, 9.79882049561, 10.1471195221, 10.4954195023, 10.8437185287, 11.1920175552, 11.5519275665, 11.9118366241, 12.2601356506, 12.6084346771, 12.9567346573, 13.328253746, 13.6765527725, 14.0248527527, 14.3847618103, 14.7446708679, 15.0929698944, 15.4412698746, 15.7895689011, 16.1378688812, 16.4745578766, 16.8112468719, 17.1711559296, 17.5426750183, 17.9025840759, 18.2624931335, 18.6224040985, 18.970703125, 19.3190021515, 19.6556911469, 20.0156002045, 20.3755092621, 20.7238082886, 21.0721092224, 21.4204082489, 21.7570972443, 22.1053962708, 22.4653053284, 22.825214386, 23.1967334747, 23.5450344086, 23.8933334351, 24.2532424927, 24.6131515503, 24.9614505768, 25.3097496033, 25.6696586609, 26.0295696259, 26.3778686523, 26.7261676788, 27.0860767365, 27.4459857941, 27.7942848206, 28.142583847, 28.4792747498, 28.8275737762, 29.1758728027, 29.5241718292, 29.8724708557, 30.2323799133, 30.5922889709, 30.9405899048, 31.3004989624, 31.6487979889, 31.9970970154, 32.3453979492, 32.6936950684, 33.0419960022, 33.4019050598, 33.7618141174, 34.1101112366, 34.4584121704, 34.818321228, 35.1898422241, 35.5497512817, 35.9096603394, 36.269569397, 36.6294784546, 36.9893875122, 37.3376846313, 37.6859855652, 38.034286499, 38.3825836182, 38.7424926758, 39.1024017334, 39.4507026672, 39.7989997864, 40.1473007202, 40.4956016541, 40.8438987732, 41.192199707, 41.5521087646, 41.9120178223, 42.2603149414, 42.6202278137, 42.9801368713, 43.3284339905, 43.6767349243, 44.0250320435, 44.3733329773, 44.7448501587]
},
"tonal": {
    "chords_changes_rate": 0.121399179101,
    "chords_number_rate": 0.0102880662307,
    "chords_strength": {
        "mean": 0.515980958939,
        "var": 0.00874291360378
    },
    "hpcp_entropy": {
        "mean": 2.57785630226,
        "var": 0.517638862133
    },
    "key_strength": 0.624044060707,
    "tuning_diatonic_strength": 0.617297649384,
    "tuning_equal_tempered_deviation": 0.257284641266,
    "tuning_frequency": 445.884552002,
    "tuning_nontempered_energy_ratio": 0.906486809254,
    "hpcp": {
        "mean": [0.115990698338, 0.0924301818013, 0.0972885116935, 0.122031860054, 0.112297795713, 0.0921274721622, 0.121694862843, 0.209177806973, 0.283889621496, 0.230647787452, 0.126827448606, 0.087315775454, 0.0666103437543, 0.0431932397187, 0.033415928483, 0.0395606048405, 0.0487030595541, 0.060839317739, 0.10402584821, 0.133991464972, 0.114081516862, 0.108654789627, 0.144121021032, 0.137219816446, 0.0858205705881, 0.0638613626361, 0.0596022754908, 0.0608227662742, 0.0822025761008, 0.109725780785, 0.133538335562, 0.165659725666, 0.188843026757, 0.223180502653, 0.215339139104, 0.153852313757],
        "var": [0.0552452653646, 0.0382040068507, 0.0398849360645, 0.0601344481111, 0.0516912788153, 0.0366161614656, 0.0570582263172, 0.0923383533955, 0.135344043374, 0.102606713772, 0.0484197251499, 0.0353910326958, 0.0221519041806, 0.015095828101, 0.0108268521726, 0.0165865849704, 0.021691352129, 0.0193245168775, 0.0347345992923, 0.0515189059079, 0.0399819500744, 0.0426012612879, 0.0678150951862, 0.0651538074017, 0.0344664156437, 0.0278432928026, 0.0262592844665, 0.0214862208813, 0.0324749648571, 0.0463575422764, 0.0517341680825, 0.0688641741872, 0.0727260857821, 0.103442877531, 0.102359011769, 0.065652795136]
    },
    "chords_histogram": [18.5185184479, 7.09876537323, 2.46913576126, 0, 0, 0, 1.13168728352, 0.617283940315, 1.85185182095, 11.4197530746, 0, 0, 0, 0.720164597034, 15.0205764771, 15.0205764771, 12.1399173737, 0, 0, 0, 0, 0, 0, 13.9917697906],
    "thpcp": [1, 0.812455892563, 0.446749150753, 0.30756944418, 0.234634652734, 0.152148008347, 0.117707468569, 0.139352068305, 0.171556323767, 0.214306235313, 0.366430610418, 0.471984386444, 0.401851654053, 0.382736027241, 0.50766569376, 0.483356237411, 0.302302598953, 0.224951386452, 0.209948763251, 0.214247941971, 0.289558231831, 0.386508613825, 0.470388233662, 0.583535671234, 0.665198743343, 0.786152362823, 0.758531212807, 0.541944146156, 0.408576756716, 0.325584918261, 0.34269836545, 0.429856717587, 0.395568519831, 0.324518620968, 0.428669631481, 0.736827969551],
    "chords_key": "E",
    "chords_scale": "minor",
    "key_key": "E",
    "key_scale": "minor"
}
}