{
"lowlevel": {
    "average_loudness": 0.946034550667,
    "barkbands_crest": {
        "mean": 12.8814878464,
        "var": 25.8755264282
    },
    "barkbands_flatness_db": {
        "mean": 0.160729795694,
        "var": 0.00690601579845
    },
    "barkbands_kurtosis": {
        "mean": 26.5276165009,
        "var": 3863.23022461
    },
    "barkbands_skewness": {
        "mean": 3.33994102478,
        "var": 7.70440292358
    },
    "barkbands_spread": {
        "mean": 19.3407649994,
        "var": 225.727798462
    },
    "dissonance": {
        "mean": 0.476023435593,
        "var": 0.000293810415315
    },
    "dynamic_complexity": 5.08065748215,
    "erbbands_crest": {
        "mean": 7.33761739731,
        "var": 9.40584278107
    },
    "erbbands_flatness_db": {
        "mean": 0.123803906143,
        "var": 0.000720568408724
    },
    "erbbands_kurtosis": {
        "mean": -0.0509529039264,
        "var": 3.31535816193
    },
    "erbbands_skewness": {
        "mean": 0.0848808810115,
        "var": 0.863022863865
    },
    "erbbands_spread": {
        "mean": 58.4916152954,
        "var": 413.293670654
    },
    "hfc": {
        "mean": 14.7399663925,
        "var": 214.667831421
    },
    "melbands_crest": {
        "mean": 19.1025505066,
        "var": 47.7071609497
    },
    "melbands_flatness_db": {
        "mean": 0.244681328535,
        "var": 0.0101152025163
    },
    "melbands_kurtosis": {
        "mean": 71.3805847168,
        "var": 16271.8544922
    },
    "melbands_skewness": {
        "mean": 5.64708423615,
        "var": 12.7411212921
    },
    "melbands_spread": {
        "mean": 15.9173574448,
        "var": 357.198272705
    },
    "pitch_salience": {
        "mean": 0.501384496689,
        "var": 0.030106768012
    },
    "silence_rate_20dB": {
        "mean": 0.999485075474,
        "var": 0.000514664512593
    },
    "silence_rate_30dB": {
        "mean": 0.898558199406,
        "var": 0.0911503061652
    },
    "silence_rate_60dB": {
        "mean": 0.157569512725,
        "var": 0.132739365101
    },
    "spectral_centroid": {
        "mean": 1262.07006836,
        "var": 796672.1875
    },
    "spectral_complexity": {
        "mean": 15.2059736252,
        "var": 121.723884583
    },
    "spectral_decrease": {
        "mean": -1.15198037776e-008,
        "var": 3.77122282114e-016
    },
    "spectral_energy": {
        "mean": 0.044815428555,
        "var": 0.005505874753
    },
    "spectral_energyband_high": {
        "mean": 0.000621130806394,
        "var": 7.25330380646e-007
    },
    "spectral_energyband_low": {
        "mean": 0.0327496342361,
        "var": 0.00480047659948
    },
    "spectral_energyband_middle_high": {
        "mean": 0.00228655082174,
        "var": 6.1525242927e-006
    },
    "spectral_energyband_middle_low": {
        "mean": 0.0113223092631,
        "var": 0.000253480422543
    },
    "spectral_entropy": {
        "mean": 7.66041135788,
        "var": 0.146124780178
    },
    "spectral_flux": {
        "mean": 0.118036612868,
        "var": 0.0134603688493
    },
    "spectral_kurtosis": {
        "mean": 3.51785063744,
        "var": 3.6011223793
    },
    "spectral_rms": {
        "mean": 0.00528660044074,
        "var": 1.5774205167e-005
    },
    "spectral_rolloff": {
        "mean": 1092.53942871,
        "var": 5026445.5
    },
    "spectral_skewness": {
        "mean": 1.34475576878,
        "var": 0.106368288398
    },
    "spectral_spread": {
        "mean": 4796719.5,
        "var": 4.70924761498e+012
    },
    "spectral_strongpeak": {
        "mean": 0.485778570175,
        "var": 0.162769988179
    },
    "zerocrossingrate": {
        "mean": 0.0501345656812,
        "var": 0.00314465211704
    },
    "barkbands": {
        "mean": [0.000804424053058, 0.0192641224712, 0.0105431908742, 0.00395414140075, 0.00527050718665, 0.000985418097116, 0.000555440201424, 0.000292059296044, 0.000221061243792, 0.000102647980384, 0.000119877586258, 0.000124939761008, 0.000184787932085, 0.000117328745546, 0.000147306811414, 0.000277972227195, 0.000494930834975, 0.000382473313948, 0.000274587189779, 0.000149454077473, 0.000129453488626, 0.000132522822241, 0.000106807674456, 9.76922528935e-005, 5.11188845849e-005, 2.63309430011e-005, 4.7889839152e-006],
        "var": [3.84471786674e-006, 0.00334130437113, 0.000413623580243, 5.52039200556e-005, 7.35497887945e-005, 2.23171650759e-006, 8.46269983867e-007, 2.11404213246e-007, 1.49127274085e-007, 2.69067346181e-008, 3.05126022226e-008, 3.06244594128e-008, 1.13010450775e-007, 4.37931753083e-008, 4.96684293694e-008, 1.44936279867e-007, 5.49762205537e-007, 2.0406454837e-007, 1.29378349811e-007, 2.77304028629e-008, 3.2737439426e-008, 3.41486092736e-008, 2.91923001328e-008, 1.97673042379e-008, 9.60550128326e-009, 3.29066618399e-009, 5.599829489e-010]
    },
    "erbbands": {
        "mean": [0.484658837318, 4.5606880188, 11.989944458, 13.6287717819, 17.9256229401, 15.626660347, 10.2658119202, 7.69096231461, 8.2102689743, 7.63261222839, 6.05509853363, 5.10350465775, 4.16511392593, 3.55750989914, 4.62389945984, 5.70762777328, 8.66180419922, 6.54975175858, 6.60356330872, 9.61020565033, 18.3209819794, 29.0803337097, 22.0536937714, 16.7965011597, 11.4926176071, 6.99284219742, 5.69663143158, 4.88337802887, 4.71909475327, 3.80881404877, 2.95573496819, 2.21693563461, 1.44039905071, 0.70196634531, 0.297304779291, 0.119611568749, 0.0465364605188, 0.0128759117797, 0.00054031459149, 6.09012422501e-005],
        "var": [1.84455418587, 197.680206299, 579.183044434, 556.736328125, 1025.97302246, 946.997436523, 385.643218994, 136.570587158, 209.738433838, 142.298461914, 84.3070373535, 79.3104476929, 47.6621017456, 24.5033016205, 43.6522750854, 59.5811309814, 292.119171143, 101.430175781, 125.198822021, 169.579940796, 675.951293945, 1939.35327148, 657.829772949, 459.799499512, 180.979187012, 58.086730957, 55.5372619629, 50.3213844299, 42.4801940918, 33.3052940369, 21.6553153992, 10.672454834, 4.43905925751, 1.65097010136, 0.354495465755, 0.057257451117, 0.0121680283919, 0.0017739700852, 6.96889628671e-006, 1.00441175377e-008]
    },
    "gfcc": {
        "mean": [-51.3681259155, 88.1876068115, -94.1874160767, 59.0662536621, -44.2174034119, 8.57943534851, -39.0854415894, 9.73165607452, -21.5168704987, -1.66169571877, -15.7650299072, 1.53028225899, -15.499165535],
        "cov": [[29921.7480469, -87.2132034302, -1625.11523438, 905.695617676, -505.504730225, 440.515930176, -1330.77062988, 95.7148895264, -851.45690918, -438.777038574, -555.514648438, 11.5861330032, -657.833679199], [-87.2132034302, 1003.23730469, -3.67765855789, -59.2274055481, -28.865398407, -210.882568359, 71.8060913086, -113.295433044, 27.2071990967, -41.2305297852, 19.7725315094, -95.488571167, 54.1573410034], [-1625.11523438, -3.67765855789, 713.19128418, 28.6300868988, 118.334747314, 77.5947036743, 187.511291504, 34.0929603577, 130.968292236, 74.4601211548, 59.3954200745, 6.37957143784, 81.5021820068], [905.695617676, -59.2274055481, 28.6300868988, 195.464660645, 54.5851593018, 83.2715072632, -0.683860301971, 51.6238594055, 22.5756645203, 7.85279560089, 20.9157142639, 16.9626064301, 3.12367224693], [-505.504730225, -28.865398407, 118.334747314, 54.5851593018, 194.427978516, 78.653465271, 91.1740722656, 44.7660751343, 61.1798248291, 13.3343667984, 57.5559158325, 11.9671030045, 29.0662555695], [440.515930176, -210.882568359, 77.5947036743, 83.2715072632, 78.653465271, 194.044555664, 31.4559955597, 74.1957702637, 36.8296737671, 20.4244022369, 28.7704544067, 33.4076652527, 2.92280602455], [-1330.77062988, 71.8060913086, 187.511291504, -0.683860301971, 91.1740722656, 31.4559955597, 194.080612183, 41.187953949, 103.872200012, 63.0907287598, 60.6240730286, 13.9958343506, 62.5771369934], [95.7148895264, -113.295433044, 34.0929603577, 51.6238594055, 44.7660751343, 74.1957702637, 41.187953949, 97.9292831421, 42.8952293396, 38.9526100159, 31.6681652069, 27.2208538055, 10.990398407], [-851.45690918, 27.2071990967, 130.968292236, 22.5756645203, 61.1798248291, 36.8296737671, 103.872200012, 42.8952293396, 127.758476257, 59.6037635803, 64.5283279419, 23.3151054382, 50.8890190125], [-438.777038574, -41.2305297852, 74.4601211548, 7.85279560089, 13.3343667984, 20.4244022369, 63.0907287598, 38.9526100159, 59.6037635803, 102.377548218, 41.8397903442, 36.4464797974, 39.8821601868], [-555.514648438, 19.7725315094, 59.3954200745, 20.9157142639, 57.5559158325, 28.7704544067, 60.6240730286, 31.6681652069, 64.5283279419, 41.8397903442, 93.6867980957, 25.0365715027, 36.9975624084], [11.5861330032, -95.488571167, 6.37957143784, 16.9626064301, 11.9671030045, 33.4076652527, 13.9958343506, 27.2208538055, 23.3151054382, 36.4464797974, 25.0365715027, 63.3292694092, 23.1288261414], [-657.833679199, 54.1573410034, 81.5021820068, 3.12367224693, 29.0662555695, 2.92280602455, 62.5771369934, 10.990398407, 50.8890190125, 39.8821601868, 36.9975624084, 23.1288261414, 75.8392181396]],
        "icov": [[9.48785454966e-005, -0.000230648001889, 3.62181272067e-005, -0.000344501168001, 5.46246556041e-005, -0.000357157376129, 0.000455027649878, -0.000247380376095, 0.000288682349492, -0.000141970333061, 0.000321610394167, -0.000414832960814, 0.000466745404992], [-0.000230648001889, 0.00243465974927, 0.000164626108017, 0.000254055194091, 0.000180302857189, 0.00237663416192, -0.00208894535899, 0.00180331734009, -0.0012004399905, 0.00115725060459, -0.00170648272615, 0.00344425044023, -0.00264599267393], [3.62181272067e-005, 0.000164626108017, 0.00214664381929, -0.000327724003, -0.000276428007055, -0.000730682571884, -0.00119034596719, 0.000941011297982, -0.000834618520457, -0.000578294391744, 0.000626010238193, 0.00113193341531, -0.000903365551494], [-0.000344501168001, 0.000254055194091, -0.000327724003, 0.00836047902703, -0.00152569834609, -0.000944848114159, 0.000659805606119, -0.00179070339072, -0.00163783645257, 0.000636619282886, -0.00103326863609, 0.000972543726675, -0.00185387069359], [5.46246556041e-005, 0.000180302857189, -0.000276428007055, -0.00152569834609, 0.00921598263085, -0.00209420826286, -0.00336330919527, -0.000555079372134, 0.000210468206205, 0.00335584534332, -0.00354643794708, 0.000518904183991, -0.000224986826652], [-0.000357157376129, 0.00237663416192, -0.000730682571884, -0.000944848114159, -0.00209420826286, 0.0118356058374, -0.00200188439339, -0.0028716805391, -0.00172994611785, 0.00218635890633, -0.00150359061081, 8.33593076095e-005, -0.000837406842038], [0.000455027649878, -0.00208894535899, -0.00119034596719, 0.000659805606119, -0.00336330919527, -0.00200188439339, 0.0156970620155, -0.00371138821356, -0.00368847255595, -0.0037421991583, 0.00220477487892, -0.000529448909219, -0.000828524818644], [-0.000247380376095, 0.00180331734009, 0.000941011297982, -0.00179070339072, -0.000555079372134, -0.0028716805391, -0.00371138821356, 0.0203583054245, -0.00317923328839, -0.00355351064354, -0.00201658252627, 0.000526359013747, 0.000889711314812], [0.000288682349492, -0.0012004399905, -0.000834618520457, -0.00163783645257, 0.000210468206205, -0.00172994611785, -0.00368847255595, -0.00317923328839, 0.0205841306597, -0.00372994854115, -0.00495756883174, -0.00131319835782, -0.00121581333224], [-0.000141970333061, 0.00115725060459, -0.000578294391744, 0.000636619282886, 0.00335584534332, 0.00218635890633, -0.0037421991583, -0.00355351064354, -0.00372994854115, 0.0195789467543, -0.00327918655239, -0.00494227046147, -0.00391658581793], [0.000321610394167, -0.00170648272615, 0.000626010238193, -0.00103326863609, -0.00354643794708, -0.00150359061081, 0.00220477487892, -0.00201658252627, -0.00495756883174, -0.00327918655239, 0.02106061019, -0.00503599317744, -0.000419120769948], [-0.000414832960814, 0.00344425044023, 0.00113193341531, 0.000972543726675, 0.000518904183991, 8.33593076095e-005, -0.000529448909219, 0.000526359013747, -0.00131319835782, -0.00494227046147, -0.00503599317744, 0.0294813867658, -0.0102098863572], [0.000466745404992, -0.00264599267393, -0.000903365551494, -0.00185387069359, -0.000224986826652, -0.000837406842038, -0.000828524818644, 0.000889711314812, -0.00121581333224, -0.00391658581793, -0.000419120769948, -0.0102098863572, 0.0270379371941]]
    },
    "melbands": {
        "mean": [0.00493040122092, 0.00642074411735, 0.00254557537846, 0.00126426306088, 0.00041358085582, 0.000176717527211, 0.00012257299386, 7.93634317233e-005, 4.60164628748e-005, 3.11371732096e-005, 2.01643742912e-005, 1.36581165862e-005, 1.64064895216e-005, 1.3047801076e-005, 1.90176233446e-005, 1.6948186385e-005, 1.13406567834e-005, 9.79171909421e-006, 1.19601345432e-005, 1.52025941134e-005, 2.21174323087e-005, 3.06826950691e-005, 2.48614433076e-005, 1.69170671143e-005, 1.33516668939e-005, 9.46342697716e-006, 6.29470878266e-006, 4.23389019488e-006, 3.61912157132e-006, 3.11363442052e-006, 2.75705042441e-006, 2.66951519734e-006, 2.54880478678e-006, 1.97789699996e-006, 1.71910528479e-006, 1.56857709044e-006, 1.31093963773e-006, 1.18449634101e-006, 6.4843123937e-007, 5.85236080042e-007],
        "var": [0.000207925972063, 0.000201894392376, 1.62084106705e-005, 4.25029520557e-006, 7.16410056611e-007, 7.10869798581e-008, 4.10509315429e-008, 1.39895490747e-008, 4.80770667721e-009, 3.30906635426e-009, 1.14754850067e-009, 3.76737363528e-010, 5.71760638834e-010, 3.47090356456e-010, 8.67763194634e-010, 1.00474950582e-009, 3.1756056118e-010, 3.4629130119e-010, 3.37461308897e-010, 4.42272496404e-010, 1.0589158439e-009, 2.44924813764e-009, 1.03459774081e-009, 3.98230032284e-010, 3.37462030542e-010, 1.21071042081e-010, 5.85056864066e-011, 2.34561259305e-011, 2.32937280575e-011, 1.93841019624e-011, 1.77151644049e-011, 1.41041761603e-011, 1.36335170584e-011, 1.03249101976e-011, 7.74109509133e-012, 5.93840081275e-012, 3.75261887536e-012, 2.82879557452e-012, 1.17252453406e-012, 1.34151305516e-012]
    },
    "mfcc": {
        "mean": [-686.058837891, 108.503677368, 14.5606508255, 47.8755912781, 19.4197311401, 6.85321140289, -0.230885669589, 8.63875102997, -1.6658629179, -0.858158767223, 0.36441001296, 3.10612463951, -1.85496342182],
        "cov": [[17012.8457031, -264.040252686, -712.443786621, 111.452003479, 545.293029785, 2.66869902611, -112.614280701, 268.94921875, -361.008666992, -341.105987549, -274.723358154, 16.388010025, -225.125793457], [-264.040252686, 922.262329102, 7.91159677505, 139.232070923, -102.923866272, -35.6848526001, -19.1634349823, -85.2104797363, -8.83180522919, 0.0572665631771, -22.9876499176, -65.2808761597, -13.9073467255], [-712.443786621, 7.91159677505, 509.705627441, 47.4004745483, 54.4663963318, 84.2509613037, 50.4134674072, 16.188993454, 84.7778320313, 69.0144271851, 43.7440338135, 23.2521591187, 24.072561264], [111.452003479, 139.232070923, 47.4004745483, 169.222045898, 29.174949646, 21.8191757202, 20.1417865753, 8.44487476349, 21.2196903229, 19.4761734009, 21.6719150543, -0.104517832398, 5.90216684341], [545.293029785, -102.923866272, 54.4663963318, 29.174949646, 180.233886719, 52.3499641418, 51.7529678345, 69.5890274048, 8.82564067841, 15.8730640411, 12.5811328888, 39.056854248, 16.0757160187], [2.66869902611, -35.6848526001, 84.2509613037, 21.8191757202, 52.3499641418, 103.632003784, 42.4492301941, 41.8019180298, 44.2882575989, 28.9017925262, 20.4632492065, 28.8074703217, 23.3688468933], [-112.614280701, -19.1634349823, 50.4134674072, 20.1417865753, 51.7529678345, 42.4492301941, 94.2830123901, 42.1145553589, 33.8742370605, 29.5198249817, 28.9739074707, 25.8934669495, 21.2270870209], [268.94921875, -85.2104797363, 16.188993454, 8.44487476349, 69.5890274048, 41.8019180298, 42.1145553589, 96.984588623, 28.0646533966, 19.0833911896, 18.3176612854, 32.2723007202, 14.3394956589], [-361.008666992, -8.83180522919, 84.7778320313, 21.2196903229, 8.82564067841, 44.2882575989, 33.8742370605, 28.0646533966, 89.66065979, 41.1871986389, 33.1676826477, 20.8923015594, 22.569196701], [-341.105987549, 0.0572665631771, 69.0144271851, 19.4761734009, 15.8730640411, 28.9017925262, 29.5198249817, 19.0833911896, 41.1871986389, 67.196434021, 40.5820579529, 22.6692352295, 19.7237319946], [-274.723358154, -22.9876499176, 43.7440338135, 21.6719150543, 12.5811328888, 20.4632492065, 28.9739074707, 18.3176612854, 33.1676826477, 40.5820579529, 71.9960479736, 29.5683422089, 22.8673973083], [16.388010025, -65.2808761597, 23.2521591187, -0.104517832398, 39.056854248, 28.8074703217, 25.8934669495, 32.2723007202, 20.8923015594, 22.6692352295, 29.5683422089, 65.9680633545, 31.9574241638], [-225.125793457, -13.9073467255, 24.072561264, 5.90216684341, 16.0757160187, 23.3688468933, 21.2270870209, 14.3394956589, 22.569196701, 19.7237319946, 22.8673973083, 31.9574241638, 59.7394180298]],
        "icov": [[9.17552242754e-005, -1.15348275358e-005, 8.66939517437e-005, -0.000109823988169, -0.000248416268732, -0.000101725119748, 0.000155630375957, -0.000233970917179, 0.000186885066796, 0.000291395524982, 0.000122823330457, -0.000185561279068, 0.000311947689625], [-1.15348275358e-005, 0.00152073521167, -1.9128774511e-005, -0.00140556297265, 0.000775062537286, 0.000132557528559, -0.000467110163299, 0.000809557561297, 0.000144638586789, -0.000591103977058, 0.000752424704842, 0.000800115638413, -0.000407150626415], [8.66939517437e-005, -1.9128774511e-005, 0.00277083762921, -0.000226552525419, -0.00103813374881, -0.00140604015905, 6.85229533701e-005, 0.00111516297329, -0.00145386718214, -0.00123023602646, 7.21824399079e-005, 0.000207489923923, 0.000582259846851], [-0.000109823988169, -0.00140556297265, -0.000226552525419, 0.00808108691126, -0.00170305464417, -0.000551178585738, -4.85215095978e-005, 0.000261348031927, -0.00112231145613, -0.000255730235949, -0.00270608323626, 0.0015853093937, -0.000123556339531], [-0.000248416268732, 0.000775062537286, -0.00103813374881, -0.00170305464417, 0.0106268161908, -0.00163585785776, -0.0030546952039, -0.00408774055541, 0.00321162398905, -0.000934504903853, 0.00148278754205, -0.00226475973614, -0.000583102460951], [-0.000101725119748, 0.000132557528559, -0.00140604015905, -0.000551178585738, -0.00163585785776, 0.0164662897587, -0.00245478423312, -0.0021618148312, -0.00460409605876, -0.00106741278432, 0.00184312381316, -0.0015110502718, -0.0021467350889], [0.000155630375957, -0.000467110163299, 6.85229533701e-005, -4.85215095978e-005, -0.0030546952039, -0.00245478423312, 0.0170219950378, -0.00369291356765, -0.00149949698243, -0.0011245815549, -0.00262251240201, -8.52281755215e-006, -0.000978552619927], [-0.000233970917179, 0.000809557561297, 0.00111516297329, 0.000261348031927, -0.00408774055541, -0.0021618148312, -0.00369291356765, 0.019165398553, -0.00418312288821, -0.00105190265458, -6.9686655479e-005, -0.00284596299753, 0.000965845712926], [0.000186885066796, 0.000144638586789, -0.00145386718214, -0.00112231145613, 0.00321162398905, -0.00460409605876, -0.00149949698243, -0.00418312288821, 0.0209384877235, -0.00557665107772, -0.00166181044187, 0.000162044423632, -0.00161143299192], [0.000291395524982, -0.000591103977058, -0.00123023602646, -0.000255730235949, -0.000934504903853, -0.00106741278432, -0.0011245815549, -0.00105190265458, -0.00557665107772, 0.0294545665383, -0.0103167472407, -0.00210630241781, 0.000260503904428], [0.000122823330457, 0.000752424704842, 7.21824399079e-005, -0.00270608323626, 0.00148278754205, 0.00184312381316, -0.00262251240201, -6.9686655479e-005, -0.00166181044187, -0.0103167472407, 0.0253927912563, -0.00652220239863, -0.00149207527284], [-0.000185561279068, 0.000800115638413, 0.000207489923923, 0.0015853093937, -0.00226475973614, -0.0015110502718, -8.52281755215e-006, -0.00284596299753, 0.000162044423632, -0.00210630241781, -0.00652220239863, 0.0281467661262, -0.0107927806675], [0.000311947689625, -0.000407150626415, 0.000582259846851, -0.000123556339531, -0.000583102460951, -0.0021467350889, -0.000978552619927, 0.000965845712926, -0.00161143299192, 0.000260503904428, -0.00149207527284, -0.0107927806675, 0.0255777593702]]
    },
    "spectral_contrast_coeffs": {
        "mean": [-0.63170003891, -0.777225136757, -0.834306955338, -0.828485608101, -0.809698998928, -0.756806612015],
        "var": [0.011180754751, 0.00362355913967, 0.00161349063274, 0.00179033505265, 0.00201692595147, 0.00192504178267]
    },
    "spectral_contrast_valleys": {
        "mean": [-7.32039928436, -7.27471542358, -8.07027339935, -8.18928813934, -7.75010919571, -10.6702928543],
        "var": [3.75029015541, 3.33684587479, 3.20264744759, 3.42926335335, 3.62691736221, 3.80060362816]
    }
},
"metadata": {
    "audio_properties": {
        "analysis_sample_rate": 44100,
        "bit_rate": 128074,
        "equal_loudness": 0,
        "length": 45.0612258911,
        "lossless": 0,
        "replay_gain": -5.34262084961,
        "sample_rate": 44100,
        "codec": "mp3",
        "downmix": "mix",
        "md5_encoded": "28abd65234221b428c574ffccb142e5c"
    },
    "tags": {
        "file_name": "1507.mp3"
    },
    "version": {
        "essentia": "2.1-beta2",
        "essentia_git_sha": "v2.1_beta2",
        "extractor": "music 1.0"
    }
},
"rhythm": {
    "beats_count": 87,
    "beats_loudness": {
        "mean": 0.0903208255768,
        "var": 0.00697713810951
    },
    "bpm": 117.877929688,
    "bpm_histogram_first_peak_bpm": {
        "mean": 117,
        "var": 0
    },
    "bpm_histogram_first_peak_spread": {
        "mean": 0.30379742384,
        "var": 0
    },
    "bpm_histogram_first_peak_weight": {
        "mean": 0.639534890652,
        "var": 0
    },
    "bpm_histogram_second_peak_bpm": {
        "mean": 108,
        "var": 0
    },
    "bpm_histogram_second_peak_spread": {
        "mean": 0.249999955297,
        "var": 0
    },
    "bpm_histogram_second_peak_weight": {
        "mean": 0.0348837226629,
        "var": 0
    },
    "danceability": 1.46574068069,
    "onset_rate": 4.81349992752,
    "beats_loudness_band_ratio": {
        "mean": [0.854777872562, 0.05055462569, 0.0191634763032, 0.0108611807227, 0.0391288176179, 0.0385174825788],
        "var": [0.0263001732528, 0.0150666972622, 0.00157022848725, 0.000158508046297, 0.00149840197992, 0.00156506197527]
    },
    "beats_position": [0.53405892849, 1.09133780003, 1.64861679077, 2.20589566231, 2.77478456497, 3.29723358154, 3.8196823597, 4.34213161469, 4.85297060013, 5.36380958557, 5.86303853989, 6.37387752533, 6.8963265419, 7.40716552734, 7.89478445053, 8.40562343597, 8.91646194458, 9.42730140686, 9.92653083801, 10.4257593155, 10.9133787155, 11.4242172241, 11.9350566864, 12.445895195, 12.9567346573, 13.4675731659, 13.9784126282, 14.4892511368, 15.0000905991, 15.4993190765, 15.9985485077, 16.50938797, 17.0202255249, 17.5310649872, 18.0419044495, 18.5527439117, 19.0635814667, 19.574420929, 20.0736503601, 20.5728797913, 21.0837192535, 21.5945568085, 22.1053962708, 22.616235733, 23.1270751953, 23.6379127502, 24.1371421814, 24.6479816437, 25.1472110748, 25.6580486298, 26.168888092, 26.6797275543, 27.1905670166, 27.7014045715, 28.2122440338, 28.7230834961, 29.2339229584, 29.7447605133, 30.2439899445, 30.7432193756, 31.2540588379, 31.7648983002, 32.2757377625, 32.7865753174, 33.2974128723, 33.8082542419, 34.3190917969, 34.8299331665, 35.329158783, 35.8283882141, 36.3392295837, 36.8500671387, 37.3609046936, 37.8717460632, 38.3825836182, 38.8934249878, 39.4042625427, 39.9034919739, 40.402721405, 40.9251708984, 41.4476165771, 41.9584579468, 42.4692955017, 42.9685249329, 43.467754364, 43.9669837952, 44.4546012878]
},
"tonal": {
    "chords_changes_rate": 0.173868313432,
    "chords_number_rate": 0.0133744860068,
    "chords_strength": {
        "mean": 0.396759778261,
        "var": 0.0067598586902
    },
    "hpcp_entropy": {
        "mean": 2.60071802139,
        "var": 0.842550814152
    },
    "key_strength": 0.48393368721,
    "tuning_diatonic_strength": 0.367209196091,
    "tuning_equal_tempered_deviation": 0.279496401548,
    "tuning_frequency": 434.193115234,
    "tuning_nontempered_energy_ratio": 0.899425804615,
    "hpcp": {
        "mean": [0.19167727232, 0.161289036274, 0.109685368836, 0.0943614244461, 0.113594666123, 0.1081988886, 0.09022872895, 0.097706861794, 0.110865361989, 0.110507778823, 0.110581673682, 0.0996208637953, 0.0805549323559, 0.0895958915353, 0.121260732412, 0.118036232889, 0.0999558717012, 0.0919530317187, 0.0708904340863, 0.0616331920028, 0.0739595070481, 0.0791813507676, 0.071040250361, 0.14271953702, 0.209283173084, 0.125493198633, 0.0538406968117, 0.0755349546671, 0.116760551929, 0.153840348125, 0.147074759007, 0.114397309721, 0.102378509939, 0.114792957902, 0.146019741893, 0.180789530277],
        "var": [0.0901010707021, 0.0817433819175, 0.0536333173513, 0.0407522693276, 0.059395134449, 0.0486763678491, 0.0384835898876, 0.0431040041149, 0.0566268227994, 0.0499525405467, 0.0571492686868, 0.0499665737152, 0.0339756086469, 0.0345416180789, 0.0618469789624, 0.0552685894072, 0.0398786664009, 0.0350426919758, 0.0203987285495, 0.0150870373473, 0.024339184165, 0.0336628966033, 0.0207299180329, 0.0411923713982, 0.113356843591, 0.0400158204138, 0.0154422773048, 0.0260501950979, 0.0506188087165, 0.0778540372849, 0.0725035145879, 0.0458426140249, 0.0427030660212, 0.0512160025537, 0.071844778955, 0.0811584740877]
    },
    "chords_histogram": [10.8024692535, 1.13168728352, 0.617283940315, 11.1111106873, 0.205761313438, 4.83539104462, 6.58436203003, 0, 0, 8.33333301544, 30.144033432, 0, 0, 9.05349826813, 2.57201647758, 3.49794244766, 0, 0.514403283596, 3.90946507454, 1.13168728352, 4.83539104462, 0, 0, 0.720164597034],
    "thpcp": [1, 0.599633514881, 0.257262438536, 0.360922247171, 0.557907044888, 0.735082268715, 0.702754795551, 0.546614944935, 0.489186525345, 0.548505425453, 0.697713732719, 0.863851249218, 0.915875196457, 0.770673692226, 0.52410030365, 0.450879186392, 0.542779743671, 0.51699757576, 0.431132256985, 0.466864407063, 0.529738545418, 0.528029918671, 0.528383016586, 0.476009905338, 0.384908795357, 0.428108423948, 0.579409837723, 0.564002513885, 0.477610647678, 0.439371347427, 0.338729739189, 0.294496655464, 0.353394418955, 0.378345519304, 0.339445590973, 0.681944608688],
    "chords_key": "C#",
    "chords_scale": "minor",
    "key_key": "D",
    "key_scale": "minor"
}
}