{
"lowlevel": {
    "average_loudness": 0.947916030884,
    "barkbands_crest": {
        "mean": 11.6352519989,
        "var": 31.3059673309
    },
    "barkbands_flatness_db": {
        "mean": 0.189473256469,
        "var": 0.0114289624617
    },
    "barkbands_kurtosis": {
        "mean": 9.6500120163,
        "var": 677.910888672
    },
    "barkbands_skewness": {
        "mean": 1.56314241886,
        "var": 5.56001853943
    },
    "barkbands_spread": {
        "mean": 22.8646907806,
        "var": 296.291717529
    },
    "dissonance": {
        "mean": 0.459127932787,
        "var": 0.00166738033295
    },
    "dynamic_complexity": 4.15558719635,
    "erbbands_crest": {
        "mean": 11.0326538086,
        "var": 24.1105194092
    },
    "erbbands_flatness_db": {
        "mean": 0.201619029045,
        "var": 0.00567701272666
    },
    "erbbands_kurtosis": {
        "mean": 1.14645600319,
        "var": 21.0363235474
    },
    "erbbands_skewness": {
        "mean": -0.0623566769063,
        "var": 0.911765217781
    },
    "erbbands_spread": {
        "mean": 34.9846572876,
        "var": 399.858947754
    },
    "hfc": {
        "mean": 18.2546329498,
        "var": 1300.69250488
    },
    "melbands_crest": {
        "mean": 15.0491170883,
        "var": 33.8638534546
    },
    "melbands_flatness_db": {
        "mean": 0.240466892719,
        "var": 0.0194939430803
    },
    "melbands_kurtosis": {
        "mean": 21.2294044495,
        "var": 1737.93164063
    },
    "melbands_skewness": {
        "mean": 2.7980093956,
        "var": 7.00535488129
    },
    "melbands_spread": {
        "mean": 34.1276702881,
        "var": 1390.36901855
    },
    "pitch_salience": {
        "mean": 0.505520701408,
        "var": 0.0259256381541
    },
    "silence_rate_20dB": {
        "mean": 1,
        "var": 0
    },
    "silence_rate_30dB": {
        "mean": 0.94902163744,
        "var": 0.0483800917864
    },
    "silence_rate_60dB": {
        "mean": 0.207518026233,
        "var": 0.164451166987
    },
    "spectral_centroid": {
        "mean": 1467.25219727,
        "var": 957348.6875
    },
    "spectral_complexity": {
        "mean": 11.3918638229,
        "var": 88.3094177246
    },
    "spectral_decrease": {
        "mean": -6.10914785426e-009,
        "var": 1.58085027964e-016
    },
    "spectral_energy": {
        "mean": 0.0247130915523,
        "var": 0.0023391013965
    },
    "spectral_energyband_high": {
        "mean": 0.00128534703981,
        "var": 1.38692239489e-005
    },
    "spectral_energyband_low": {
        "mean": 0.0142774172127,
        "var": 0.00186856393702
    },
    "spectral_energyband_middle_high": {
        "mean": 0.00327511294745,
        "var": 3.67941865989e-005
    },
    "spectral_energyband_middle_low": {
        "mean": 0.00676960824057,
        "var": 0.000339960883139
    },
    "spectral_entropy": {
        "mean": 7.26298809052,
        "var": 0.707662522793
    },
    "spectral_flux": {
        "mean": 0.0834632441401,
        "var": 0.00696359109133
    },
    "spectral_kurtosis": {
        "mean": 11.252204895,
        "var": 849.104614258
    },
    "spectral_rms": {
        "mean": 0.00374155049212,
        "var": 1.01111399999e-005
    },
    "spectral_rolloff": {
        "mean": 2056.08520508,
        "var": 5679885
    },
    "spectral_skewness": {
        "mean": 1.8929002285,
        "var": 2.5248811245
    },
    "spectral_spread": {
        "mean": 4058218,
        "var": 4.64706076672e+012
    },
    "spectral_strongpeak": {
        "mean": 0.812551796436,
        "var": 0.954779744148
    },
    "zerocrossingrate": {
        "mean": 0.0690729394555,
        "var": 0.00313154864125
    },
    "barkbands": {
        "mean": [1.06591269287e-005, 0.0087865293026, 0.00461134407669, 0.00196137232706, 0.00322337751277, 0.00072509777965, 0.000426534097642, 0.000175598877831, 0.000209186066058, 0.00024728407152, 0.000453976856079, 0.000738297880162, 0.000177469788468, 0.000290607131319, 0.000338034937158, 0.000279244559351, 0.000255402032053, 0.000264043133939, 0.000155041518155, 0.000158992421348, 0.00023362817592, 0.000215494233998, 0.000210699756281, 0.000328250142047, 0.000175512977876, 5.897831943e-005, 2.44578313868e-006],
        "var": [1.62927471514e-009, 0.00134127109777, 0.000232374251937, 7.67136079958e-005, 7.74077343522e-005, 1.44791365528e-005, 4.82862833451e-006, 2.42920293658e-007, 1.4846280294e-007, 7.55444659717e-007, 2.22022049456e-006, 7.20948901289e-006, 4.71543529557e-007, 3.5776949403e-007, 4.66857699166e-007, 4.81134748043e-007, 6.44864257993e-007, 7.59104750614e-007, 2.34532649301e-007, 1.14158027031e-007, 4.44483220008e-007, 4.0095162035e-007, 3.89277204249e-007, 1.38783161674e-006, 3.1832379932e-007, 4.02835880209e-008, 2.12714429404e-010]
    },
    "erbbands": {
        "mean": [0.14362077415, 2.37871265411, 5.55597496033, 5.94498968124, 11.3665237427, 9.36262893677, 4.32537078857, 6.54014587402, 7.50668954849, 4.05556488037, 4.12202596664, 4.68478488922, 5.67024612427, 11.6870880127, 26.7114582062, 26.669467926, 9.05623245239, 15.2562837601, 13.1149196625, 19.8134288788, 16.2000999451, 15.9870176315, 16.0011405945, 8.11887741089, 9.07881069183, 6.97403860092, 7.60830640793, 9.8026266098, 7.20005130768, 6.75283765793, 6.35149002075, 5.98420381546, 5.82869625092, 2.66724538803, 0.965917050838, 0.364671081305, 0.0788727924228, 0.0112741719931, 0.000331794755766, 4.21045260737e-005],
        "var": [0.369382530451, 91.5537109375, 280.417480469, 352.874389648, 1646.04003906, 480.563140869, 74.6887741089, 1489.08581543, 2848.37646484, 91.1362380981, 116.06211853, 78.9507446289, 310.473327637, 1757.85766602, 6289.33984375, 11086.8798828, 1725.59106445, 1162.56872559, 926.177246094, 1279.32922363, 1795.35168457, 2754.15161133, 2803.28149414, 684.083190918, 518.85559082, 203.740875244, 385.052520752, 883.77947998, 396.142944336, 395.203613281, 373.783721924, 374.826843262, 523.282287598, 79.0531082153, 9.98448562622, 1.67903232574, 0.0745875164866, 0.00259641068988, 2.41501152232e-006, 6.06067018794e-009]
    },
    "gfcc": {
        "mean": [-88.3729705811, 99.7084197998, -125.375778198, 39.4367866516, -38.783164978, 18.076839447, -40.2360153198, -9.68488121033, -30.1355934143, -4.33071041107, -17.2638187408, -6.02062273026, -7.16046762466],
        "cov": [[14554.3779297, -2498.22241211, -77.9940032959, 1185.6784668, -1488.40063477, 308.204589844, -738.868041992, 628.89050293, -439.634765625, -206.746551514, -304.495727539, 181.239715576, -275.54574585], [-2498.22241211, 4353.14697266, 268.271972656, -760.598510742, 1085.36950684, -672.169494629, 482.899108887, -490.971313477, 392.369598389, -143.595489502, 221.998703003, -332.430999756, 317.137786865], [-77.9940032959, 268.271972656, 1506.22131348, 271.862213135, 156.524032593, -52.4062080383, -78.076751709, -16.671957016, 64.9122848511, 224.713668823, -28.0434951782, -47.7875289917, -98.3354721069], [1185.6784668, -760.598510742, 271.862213135, 860.346984863, -105.474998474, 210.53453064, -108.008995056, 20.7794113159, -34.6648826599, 122.997306824, -48.750453949, 2.01481413841, -89.1880264282], [-1488.40063477, 1085.36950684, 156.524032593, -105.474998474, 698.378051758, -44.4285125732, 229.166748047, -191.283950806, 156.064468384, 44.210559845, 78.469543457, -79.2150192261, 75.3082046509], [308.204589844, -672.169494629, -52.4062080383, 210.53453064, -44.4285125732, 379.125366211, 25.7119960785, 24.9347324371, -71.0241317749, 33.8568191528, 4.24714183807, 15.9501371384, -27.4542675018], [-738.868041992, 482.899108887, -78.076751709, -108.008995056, 229.166748047, 25.7119960785, 347.015289307, -6.41306686401, 50.4560050964, -7.6720700264, 80.6569595337, -20.2239685059, 48.614440918], [628.89050293, -490.971313477, -16.671957016, 20.7794113159, -191.283950806, 24.9347324371, -6.41306686401, 291.251373291, 4.98506259918, -26.5058345795, 2.43052887917, 79.426651001, -21.5295543671], [-439.634765625, 392.369598389, 64.9122848511, -34.6648826599, 156.064468384, -71.0241317749, 50.4560050964, 4.98506259918, 235.075286865, 31.3065128326, 44.2635765076, -35.2747917175, 51.6350860596], [-206.746551514, -143.595489502, 224.713668823, 122.997306824, 44.210559845, 33.8568191528, -7.6720700264, -26.5058345795, 31.3065128326, 189.016342163, -0.828093290329, 27.6045436859, -40.1928100586], [-304.495727539, 221.998703003, -28.0434951782, -48.750453949, 78.469543457, 4.24714183807, 80.6569595337, 2.43052887917, 44.2635765076, -0.828093290329, 109.323387146, 4.80695152283, 30.8007488251], [181.239715576, -332.430999756, -47.7875289917, 2.01481413841, -79.2150192261, 15.9501371384, -20.2239685059, 79.426651001, -35.2747917175, 27.6045436859, 4.80695152283, 109.351036072, -31.5572166443], [-275.54574585, 317.137786865, -98.3354721069, -89.1880264282, 75.3082046509, -27.4542675018, 48.614440918, -21.5295543671, 51.6350860596, -40.1928100586, 30.8007488251, -31.5572166443, 107.33316803]],
        "icov": [[0.00011579758575, -0.000108287655166, 2.31316134887e-005, -0.000168645943631, 0.00019047834212, -0.000147691389429, 0.000156915120897, -0.000222664893954, 6.72878304613e-005, 0.000121750192193, 0.000172963395016, -0.000135318841785, 0.00013493426377], [-0.000108287655166, 0.00130519911181, -0.000310987088596, 0.000433017907199, -0.000946443760768, 0.0017570842756, -0.000872999371495, 0.00114679499529, -0.000257087289356, 0.000552315381356, -0.00123793177772, 0.00155969988555, -0.00117633328773], [2.31316134887e-005, -0.000310987088596, 0.00108241580892, -0.000248354277574, -0.000187167373952, -7.89516270743e-005, 0.000560061133001, -0.000872067990713, 0.000270777993137, -0.00132577389013, 0.000166239478858, 0.000813196937088, 0.00101076217834], [-0.000168645943631, 0.000433017907199, -0.000248354277574, 0.00197457079776, -0.000338553451002, -0.000304983346723, -2.73521254712e-005, 0.000390338362195, -0.000278737046756, -0.000730847124942, -0.000270908174571, 0.00113222631626, 0.000222095433855], [0.00019047834212, -0.000946443760768, -0.000187167373952, -0.000338553451002, 0.00380120845512, -0.001376966713, -0.000943475111853, 0.00106581719592, -0.0012648756383, -7.94092484284e-005, 0.000730637926608, -0.00157903227955, 0.00035936688073], [-0.000147691389429, 0.0017570842756, -7.89516270743e-005, -0.000304983346723, -0.001376966713, 0.00590465916321, -0.00162471982185, 0.00101007299963, 0.000969903892837, -8.08929253253e-005, -0.00227477005683, 0.00265170494094, -0.00154611328617], [0.000156915120897, -0.000872999371495, 0.000560061133001, -2.73521254712e-005, -0.000943475111853, -0.00162471982185, 0.00534932361916, -0.00222690636292, 0.000889266142622, -0.000783307827078, -0.00135263218544, 0.000201844115509, 0.000575880461838], [-0.000222664893954, 0.00114679499529, -0.000872067990713, 0.000390338362195, 0.00106581719592, 0.00101007299963, -0.00222690636292, 0.0075364834629, -0.00265485141426, 0.00270623131655, -0.000813737045974, -0.00356576777995, -0.000928068940993], [6.72878304613e-005, -0.000257087289356, 0.000270777993137, -0.000278737046756, -0.0012648756383, 0.000969903892837, 0.000889266142622, -0.00265485141426, 0.00715398509055, -0.00248400773853, -0.00154637300875, 0.002694924362, -0.00198659487069], [0.000121750192193, 0.000552315381356, -0.00132577389013, -0.000730847124942, -7.94092484284e-005, -8.08929253253e-005, -0.000783307827078, 0.00270623131655, -0.00248400773853, 0.00957367476076, -1.31317324303e-006, -0.00406571151689, 0.00137637159787], [0.000172963395016, -0.00123793177772, 0.000166239478858, -0.000270908174571, 0.000730637926608, -0.00227477005683, -0.00135263218544, -0.000813737045974, -0.00154637300875, -1.31317324303e-006, 0.013748829253, -0.00417505204678, -0.00104562554043], [-0.000135318841785, 0.00155969988555, 0.000813196937088, 0.00113222631626, -0.00157903227955, 0.00265170494094, 0.000201844115509, -0.00356576777995, 0.002694924362, -0.00406571151689, -0.00417505204678, 0.0180213861167, 0.00138715840876], [0.00013493426377, -0.00117633328773, 0.00101076217834, 0.000222095433855, 0.00035936688073, -0.00154611328617, 0.000575880461838, -0.000928068940993, -0.00198659487069, 0.00137637159787, -0.00104562554043, 0.00138715840876, 0.0153338788077]]
    },
    "melbands": {
        "mean": [0.00200581271201, 0.0031263648998, 0.0012220593635, 0.000841390748974, 0.000177824374987, 0.000148433347931, 0.000108042899228, 4.19763164246e-005, 3.22690066241e-005, 2.99252369587e-005, 2.7902504371e-005, 4.41701486125e-005, 7.55509536248e-005, 9.21923274291e-005, 3.58696270268e-005, 1.88337508007e-005, 2.94200381177e-005, 1.97168228624e-005, 2.48484302574e-005, 2.05689484574e-005, 1.95865723072e-005, 1.54701792781e-005, 1.5928699213e-005, 1.23190702652e-005, 5.77352875553e-006, 5.6757562561e-006, 7.37210621082e-006, 3.88149283026e-006, 4.14666646975e-006, 5.92943843003e-006, 5.5825353229e-006, 3.90554896512e-006, 4.09885296904e-006, 3.45977832694e-006, 3.61453294317e-006, 3.67508346244e-006, 3.68701375919e-006, 4.51091727882e-006, 2.84521979665e-006, 2.13615976463e-006],
        "var": [7.1941925853e-005, 9.05131455511e-005, 1.55795551109e-005, 5.70813836021e-006, 1.25527250816e-007, 8.24351388928e-007, 5.15603915119e-007, 9.30395405163e-009, 6.42144337704e-009, 3.31143290566e-009, 8.44418401869e-009, 2.84569061648e-008, 4.84598636774e-008, 6.28536938052e-008, 7.30660900672e-008, 2.24178120511e-009, 4.58481252963e-009, 2.04075667476e-009, 2.35787811498e-009, 1.71728919973e-009, 3.12295966864e-009, 2.64245003656e-009, 2.88698420725e-009, 1.53156587412e-009, 4.18657858381e-010, 2.29534377616e-010, 2.86796503213e-010, 6.40291084042e-011, 1.16396871308e-010, 3.26787347182e-010, 2.85206525064e-010, 1.20098167522e-010, 1.38477299072e-010, 1.04818785596e-010, 1.24558877101e-010, 1.30254099173e-010, 1.48641127184e-010, 3.42666756081e-010, 9.71164190733e-011, 5.15581188854e-011]
    },
    "mfcc": {
        "mean": [-724.395263672, 121.81489563, -10.7809324265, 25.4617862701, 18.7402477264, 20.8746891022, 4.84343576431, -3.97353959084, -3.46574664116, -6.07442331314, -8.47870349884, -2.60003471375, -0.29598903656],
        "cov": [[11053.7734375, -3091.02197266, 514.945861816, 207.696853638, -433.047119141, -479.960845947, -237.919036865, 452.89730835, -123.74307251, -80.8661117554, -74.0979003906, -193.649658203, -152.354736328], [-3091.02197266, 4304.05419922, -268.712219238, 166.308044434, 257.558959961, 23.6475582123, 141.328521729, -188.628448486, 106.180465698, 53.0562171936, 54.1908302307, 54.3779182434, 49.348400116], [514.945861816, -268.712219238, 1156.84606934, 297.729400635, 181.007614136, 71.2599105835, -75.5499572754, -144.879592896, -19.2539081573, 98.7822799683, 49.7167778015, 23.2893466949, -15.1636304855], [207.696853638, 166.308044434, 297.729400635, 599.004638672, 169.415176392, 133.648193359, 8.69487094879, -67.0076751709, 33.7703742981, 40.1323280334, 53.7024078369, 85.5829544067, 36.8394432068], [-433.047119141, 257.558959961, 181.007614136, 169.415176392, 360.982727051, 169.746887207, 8.58619689941, -71.417137146, 42.3527488708, 57.8571395874, 12.8578529358, 67.728187561, 8.16316318512], [-479.960845947, 23.6475582123, 71.2599105835, 133.648193359, 169.746887207, 409.405151367, 116.545677185, -94.7360992432, 2.94940662384, 54.4668464661, 62.673248291, 20.9734516144, 1.99891662598], [-237.919036865, 141.328521729, -75.5499572754, 8.69487094879, 8.58619689941, 116.545677185, 259.256317139, 67.3617553711, 2.3031373024, 23.1411857605, 25.0941562653, 9.92996883392, 7.70640850067], [452.89730835, -188.628448486, -144.879592896, -67.0076751709, -71.417137146, -94.7360992432, 67.3617553711, 222.175827026, 24.597782135, -4.83533382416, 5.7812037468, -7.44671630859, 24.766078949], [-123.74307251, 106.180465698, -19.2539081573, 33.7703742981, 42.3527488708, 2.94940662384, 2.3031373024, 24.597782135, 120.365539551, 41.9030456543, -3.42369675636, 35.9414291382, 27.0187244415], [-80.8661117554, 53.0562171936, 98.7822799683, 40.1323280334, 57.8571395874, 54.4668464661, 23.1411857605, -4.83533382416, 41.9030456543, 115.649154663, 33.6030311584, 17.0398426056, 10.1213722229], [-74.0979003906, 54.1908302307, 49.7167778015, 53.7024078369, 12.8578529358, 62.673248291, 25.0941562653, 5.7812037468, -3.42369675636, 33.6030311584, 118.520767212, 43.8021850586, 13.6294021606], [-193.649658203, 54.3779182434, 23.2893466949, 85.5829544067, 67.728187561, 20.9734516144, 9.92996883392, -7.44671630859, 35.9414291382, 17.0398426056, 43.8021850586, 123.633804321, 41.6211357117], [-152.354736328, 49.348400116, -15.1636304855, 36.8394432068, 8.16316318512, 1.99891662598, 7.70640850067, 24.766078949, 27.0187244415, 10.1213722229, 13.6294021606, 41.6211357117, 81.8483352661]],
        "icov": [[0.000147556318552, 7.82906281529e-005, -5.46488590771e-005, -0.000164820419741, 9.11034221645e-005, 7.43916825741e-005, 0.000117532174045, -0.000331757852109, 6.26863766229e-005, -1.96962100745e-005, 3.14724275086e-005, 0.000103565194877, 0.000293774995953], [7.82906281529e-005, 0.000366790220141, 0.000154235996888, -0.000167071440956, -0.000345754087903, 0.000521936279256, -0.000404051825171, 0.000517245731317, -0.000303625100059, 2.80208532786e-005, -0.000476132758195, 0.000517873093486, -0.000155669564265], [-5.46488590771e-005, 0.000154235996888, 0.00134289532434, -0.000490818521939, -0.000652233604342, 0.000591208925471, -0.000112240479211, 0.00103741232306, 0.000361350801541, -0.000994250411168, -0.000612253323197, 0.000564322574064, -0.000159086601343], [-0.000164820419741, -0.000167071440956, -0.000490818521939, 0.00254118721932, -0.000486213219119, -0.000586881709751, -5.30592005816e-005, 0.000371399364667, -0.000386534171412, 0.000494518724736, -0.000290629599476, -0.00102581770625, -0.000848847615998], [9.11034221645e-005, -0.000345754087903, -0.000652233604342, -0.000486213219119, 0.00525242323056, -0.00249828468077, 0.00128899037372, -0.00118627364282, -6.69834917062e-005, -0.00120774179231, 0.00255974708125, -0.00312970275991, 0.0015875112731], [7.43916825741e-005, 0.000521936279256, 0.000591208925471, -0.000586881709751, -0.00249828468077, 0.00572179956362, -0.00313390861265, 0.00344398384914, -0.00060247752117, -0.000310787028866, -0.00326464790851, 0.00277362414636, -0.00106961536221], [0.000117532174045, -0.000404051825171, -0.000112240479211, -5.30592005816e-005, 0.00128899037372, -0.00313390861265, 0.00652557006106, -0.00400007050484, 0.00143965648022, -0.00107463030145, 0.00150839041453, -0.00176720542368, 0.00131452665664], [-0.000331757852109, 0.000517245731317, 0.00103741232306, 0.000371399364667, -0.00118627364282, 0.00344398384914, -0.00400007050484, 0.0095573309809, -0.00256168656051, 0.000436011090642, -0.00316968280822, 0.00273401779123, -0.00345620769076], [6.26863766229e-005, -0.000303625100059, 0.000361350801541, -0.000386534171412, -6.69834917062e-005, -0.00060247752117, 0.00143965648022, -0.00256168656051, 0.0124879926443, -0.00501227425411, 0.00356070417911, -0.00353116099723, -0.00109819404315], [-1.96962100745e-005, 2.80208532786e-005, -0.000994250411168, 0.000494518724736, -0.00120774179231, -0.000310787028866, -0.00107463030145, 0.000436011090642, -0.00501227425411, 0.01297427807, -0.00376223237254, 0.00183995871339, -0.000622013583779], [3.14724275086e-005, -0.000476132758195, -0.000612253323197, -0.000290629599476, 0.00255974708125, -0.00326464790851, 0.00150839041453, -0.00316968280822, 0.00356070417911, -0.00376223237254, 0.0137339774519, -0.00639094645157, 0.00125728035346], [0.000103565194877, 0.000517873093486, 0.000564322574064, -0.00102581770625, -0.00312970275991, 0.00277362414636, -0.00176720542368, 0.00273401779123, -0.00353116099723, 0.00183995871339, -0.00639094645157, 0.0151182189584, -0.00565516715869], [0.000293774995953, -0.000155669564265, -0.000159086601343, -0.000848847615998, 0.0015875112731, -0.00106961536221, 0.00131452665664, -0.00345620769076, -0.00109819404315, -0.000622013583779, 0.00125728035346, -0.00565516715869, 0.017106641084]]
    },
    "spectral_contrast_coeffs": {
        "mean": [-0.602187395096, -0.756050646305, -0.748427212238, -0.752798736095, -0.797692298889, -0.770313203335],
        "var": [0.00907859858125, 0.00588241871446, 0.00569739565253, 0.00374552141875, 0.00253436854109, 0.00228556850925]
    },
    "spectral_contrast_valleys": {
        "mean": [-8.13454818726, -7.94020986557, -8.27892780304, -8.46330738068, -8.34254550934, -11.1589441299],
        "var": [1.76511538029, 1.6533318758, 1.56865870953, 1.52811896801, 1.97682011127, 3.5213265419]
    }
},
"metadata": {
    "audio_properties": {
        "analysis_sample_rate": 44100,
        "bit_rate": 128074,
        "equal_loudness": 0,
        "length": 45.0612258911,
        "lossless": 0,
        "replay_gain": -5.942445755,
        "sample_rate": 44100,
        "codec": "mp3",
        "downmix": "mix",
        "md5_encoded": "1e30f5452a95f8cefadcecb1a7dd39df"
    },
    "tags": {
        "file_name": "1508.mp3"
    },
    "version": {
        "essentia": "2.1-beta2",
        "essentia_git_sha": "v2.1_beta2",
        "extractor": "music 1.0"
    }
},
"rhythm": {
    "beats_count": 67,
    "beats_loudness": {
        "mean": 0.0894835889339,
        "var": 0.00742897437885
    },
    "bpm": 90.0054931641,
    "bpm_histogram_first_peak_bpm": {
        "mean": 91,
        "var": 0
    },
    "bpm_histogram_first_peak_spread": {
        "mean": 0.469696938992,
        "var": 0
    },
    "bpm_histogram_first_peak_weight": {
        "mean": 0.530303061008,
        "var": 0
    },
    "bpm_histogram_second_peak_bpm": {
        "mean": 0,
        "var": 0
    },
    "bpm_histogram_second_peak_spread": {
        "mean": 0,
        "var": 0
    },
    "bpm_histogram_second_peak_weight": {
        "mean": 0,
        "var": 0
    },
    "danceability": 1.78883647919,
    "onset_rate": 4.83568191528,
    "beats_loudness_band_ratio": {
        "mean": [0.553725898266, 0.166335508227, 0.0446134917438, 0.116010852158, 0.103842258453, 0.0829045251012],
        "var": [0.14769770205, 0.0276799406856, 0.00654134200886, 0.039169870317, 0.0122092850506, 0.0104248216376]
    },
    "beats_position": [0.650158703327, 1.30031740665, 1.97369611263, 2.6470746994, 3.32045340538, 3.99383211136, 4.65560102463, 5.31736946106, 5.99074840546, 6.64090681076, 7.31428575516, 7.98766422272, 8.64943313599, 9.31120204926, 9.97297000885, 10.6347389221, 11.3081178665, 11.9814968109, 12.6432647705, 13.3050336838, 13.9784126282, 14.6517915726, 15.3135595322, 15.9753284454, 16.637096405, 17.298866272, 17.9722442627, 18.6456241608, 19.3190021515, 19.9923801422, 20.6541500092, 21.3275279999, 21.9892959595, 22.6394557953, 23.312833786, 23.9862117767, 24.6479816437, 25.3097496033, 25.9715194702, 26.6332874298, 27.3066654205, 27.9800453186, 28.6418132782, 29.3035831451, 29.9769611359, 30.6503391266, 31.3121089935, 31.9738769531, 32.6472549438, 33.3090248108, 33.9707946777, 34.6441726685, 35.3059387207, 35.9677085876, 36.6410865784, 37.3144645691, 37.976234436, 38.638004303, 39.3113822937, 39.9847602844, 40.6581382751, 41.3199081421, 41.981678009, 42.6434440613, 43.3168258667, 43.9785919189, 44.6519737244]
},
"tonal": {
    "chords_changes_rate": 0.11213991791,
    "chords_number_rate": 0.0102880662307,
    "chords_strength": {
        "mean": 0.462349742651,
        "var": 0.00568768335506
    },
    "hpcp_entropy": {
        "mean": 2.19873023033,
        "var": 0.588735222816
    },
    "key_strength": 0.693552136421,
    "tuning_diatonic_strength": 0.478622436523,
    "tuning_equal_tempered_deviation": 0.207569882274,
    "tuning_frequency": 434.695007324,
    "tuning_nontempered_energy_ratio": 0.921991765499,
    "hpcp": {
        "mean": [0.257494091988, 0.219953939319, 0.135312438011, 0.132475242019, 0.121197462082, 0.134475171566, 0.227830812335, 0.218456059694, 0.110100544989, 0.0743516758084, 0.0838731750846, 0.106778554618, 0.143225491047, 0.171529129148, 0.173461869359, 0.215135857463, 0.189890220761, 0.101266145706, 0.0944882333279, 0.0946680232882, 0.0984654575586, 0.117398269475, 0.107495956123, 0.0821908414364, 0.0675854757428, 0.0692853182554, 0.0950281172991, 0.134490355849, 0.130020618439, 0.102379903197, 0.118249617517, 0.112820446491, 0.110013432801, 0.182871177793, 0.20248362422, 0.195690944791],
        "var": [0.123229019344, 0.0967874228954, 0.0419285856187, 0.0655329823494, 0.0445333197713, 0.0456862151623, 0.0893033444881, 0.0862496942282, 0.0279559325427, 0.0237978678197, 0.0328470245004, 0.0437650606036, 0.0659592747688, 0.0819959565997, 0.0671228840947, 0.0690861418843, 0.0531702749431, 0.023786155507, 0.031977981329, 0.0335779041052, 0.0354218445718, 0.0492090843618, 0.0360010266304, 0.0301069039851, 0.0222700964659, 0.0230472125113, 0.0329479277134, 0.0444152541459, 0.0386536717415, 0.038882996887, 0.057504452765, 0.0472723580897, 0.0343847237527, 0.0955667346716, 0.104840621352, 0.0697099491954]
    },
    "chords_histogram": [4.83539104462, 0.102880656719, 8.43621444702, 3.18930029869, 2.16049385071, 6.48148155212, 0, 0, 1.54320991039, 0, 1.44032919407, 0.205761313438, 0, 0, 0, 0, 0, 10.4938268661, 0, 0, 0, 0.514403283596, 24.0740737915, 36.5226325989],
    "thpcp": [1, 0.854209661484, 0.52549725771, 0.514478743076, 0.470680564642, 0.522245645523, 0.884800136089, 0.848392486572, 0.427584737539, 0.288751006126, 0.325728535652, 0.414683520794, 0.556228280067, 0.666147828102, 0.673653781414, 0.835498213768, 0.737454652786, 0.393275618553, 0.366953015327, 0.367651253939, 0.38239890337, 0.455926060677, 0.417469590902, 0.319195061922, 0.262473881245, 0.269075363874, 0.369049698114, 0.522304654121, 0.504946053028, 0.397600978613, 0.459232360125, 0.438147723675, 0.427246421576, 0.710195600986, 0.786362230778, 0.759982287884],
    "chords_key": "B",
    "chords_scale": "minor",
    "key_key": "D",
    "key_scale": "major"
}
}