{
"lowlevel": {
    "average_loudness": 0.962520897388,
    "barkbands_crest": {
        "mean": 9.91787528992,
        "var": 13.7816057205
    },
    "barkbands_flatness_db": {
        "mean": 0.127613648772,
        "var": 0.001983696362
    },
    "barkbands_kurtosis": {
        "mean": 4.11386489868,
        "var": 30.5251655579
    },
    "barkbands_skewness": {
        "mean": 1.6841250658,
        "var": 1.11402010918
    },
    "barkbands_spread": {
        "mean": 23.0228843689,
        "var": 152.976654053
    },
    "dissonance": {
        "mean": 0.45400416851,
        "var": 0.00131186202634
    },
    "dynamic_complexity": 2.04677629471,
    "erbbands_crest": {
        "mean": 10.6608991623,
        "var": 26.4263210297
    },
    "erbbands_flatness_db": {
        "mean": 0.146701723337,
        "var": 0.00200613052584
    },
    "erbbands_kurtosis": {
        "mean": 0.253990441561,
        "var": 7.72507190704
    },
    "erbbands_skewness": {
        "mean": 0.398836016655,
        "var": 0.421593874693
    },
    "erbbands_spread": {
        "mean": 45.3075714111,
        "var": 380.220184326
    },
    "hfc": {
        "mean": 21.9237880707,
        "var": 394.736328125
    },
    "melbands_crest": {
        "mean": 14.5800638199,
        "var": 26.2753696442
    },
    "melbands_flatness_db": {
        "mean": 0.20717638731,
        "var": 0.0029917168431
    },
    "melbands_kurtosis": {
        "mean": 14.2481803894,
        "var": 242.659683228
    },
    "melbands_skewness": {
        "mean": 2.84042906761,
        "var": 2.37825584412
    },
    "melbands_spread": {
        "mean": 21.2367992401,
        "var": 172.084335327
    },
    "pitch_salience": {
        "mean": 0.532124459743,
        "var": 0.0110234525055
    },
    "silence_rate_20dB": {
        "mean": 1,
        "var": 0
    },
    "silence_rate_30dB": {
        "mean": 0.985581874847,
        "var": 0.0142102558166
    },
    "silence_rate_60dB": {
        "mean": 0.00463439757004,
        "var": 0.00461289985105
    },
    "spectral_centroid": {
        "mean": 1303.7265625,
        "var": 236033.328125
    },
    "spectral_complexity": {
        "mean": 16.5576725006,
        "var": 51.4137077332
    },
    "spectral_decrease": {
        "mean": -8.24020762735e-009,
        "var": 4.38671448153e-017
    },
    "spectral_energy": {
        "mean": 0.0330890640616,
        "var": 0.000668191176374
    },
    "spectral_energyband_high": {
        "mean": 0.00111471000127,
        "var": 3.66183553524e-006
    },
    "spectral_energyband_low": {
        "mean": 0.0130327148363,
        "var": 0.000376676092856
    },
    "spectral_energyband_middle_high": {
        "mean": 0.00415301881731,
        "var": 1.02193807834e-005
    },
    "spectral_energyband_middle_low": {
        "mean": 0.0161264315248,
        "var": 0.000191487255506
    },
    "spectral_entropy": {
        "mean": 7.46283197403,
        "var": 0.179629668593
    },
    "spectral_flux": {
        "mean": 0.10216806829,
        "var": 0.00231549120508
    },
    "spectral_kurtosis": {
        "mean": 4.31846427917,
        "var": 14.2915239334
    },
    "spectral_rms": {
        "mean": 0.00531031144783,
        "var": 4.08257210438e-006
    },
    "spectral_rolloff": {
        "mean": 1367.34643555,
        "var": 2246227
    },
    "spectral_skewness": {
        "mean": 1.53825652599,
        "var": 0.237915456295
    },
    "spectral_spread": {
        "mean": 5162009.5,
        "var": 3.57488027238e+012
    },
    "spectral_strongpeak": {
        "mean": 0.922760367393,
        "var": 0.933812558651
    },
    "zerocrossingrate": {
        "mean": 0.0610077492893,
        "var": 0.00123844260816
    },
    "barkbands": {
        "mean": [0.00243021291681, 0.00616348674521, 0.00368098309264, 0.00293822516687, 0.00491966446862, 0.00295794941485, 0.00183689896949, 0.00144250830635, 0.000815586943645, 0.00149378855713, 0.000396839401219, 0.000354254938429, 0.000445053883595, 0.000392772752093, 0.000335431512212, 0.000238942346186, 0.000256181025179, 0.000390258122934, 0.00037015156704, 0.000234544728301, 0.00017581533757, 0.000240576424403, 0.000142826946103, 0.000176076660864, 0.000110298351501, 0.000133947294671, 1.57986632985e-005],
        "var": [3.28900787281e-005, 0.000165839795955, 4.16922739532e-005, 3.61464990419e-005, 4.07216430176e-005, 2.6158955734e-005, 9.71139706962e-006, 7.17709781384e-006, 1.77416052338e-006, 1.339215396e-005, 5.22389996149e-007, 4.65859699261e-007, 9.80335698841e-007, 9.34207093906e-007, 4.31046089489e-007, 1.57343478691e-007, 1.83991787139e-007, 2.85670438416e-007, 2.49405644581e-007, 1.4162701234e-007, 9.22929217495e-008, 2.93177919275e-007, 9.29139787331e-008, 1.72462975456e-007, 5.71889735568e-008, 1.15973271875e-007, 4.2937107203e-009]
    },
    "erbbands": {
        "mean": [0.233690008521, 1.18845033646, 3.77689981461, 8.15544509888, 15.3412370682, 13.7893486023, 24.1523742676, 18.8987255096, 22.8025245667, 33.79662323, 29.1287078857, 23.2552433014, 56.4660186768, 15.4036521912, 17.2870292664, 17.942232132, 23.3453578949, 21.9022331238, 15.8684978485, 20.1247329712, 11.1616659164, 11.4036655426, 18.5046520233, 22.2953910828, 16.629196167, 12.251657486, 8.95071983337, 6.23062944412, 8.32033920288, 6.02549743652, 4.51361703873, 4.29501962662, 2.22719454765, 1.0227253437, 0.918182492256, 0.628188788891, 0.22440071404, 0.0519003346562, 0.00174989923835, 7.69697144278e-005],
        "var": [0.278585553169, 6.35374450684, 40.3602180481, 184.36730957, 579.877746582, 338.795196533, 2604.99707031, 902.789123535, 1489.50756836, 3429.80541992, 3752.53637695, 1278.72460938, 21274.2382813, 463.608917236, 817.803588867, 1123.71862793, 2612.02172852, 2344.40966797, 1165.14208984, 875.093505859, 275.397094727, 307.667114258, 571.262084961, 881.417663574, 615.454467773, 330.968170166, 281.598327637, 131.920303345, 402.614349365, 203.461883545, 95.1740036011, 129.402648926, 22.1420307159, 4.42277574539, 4.87714958191, 2.7223277092, 0.33916541934, 0.0243525914848, 4.1060775402e-005, 1.50825094636e-008]
    },
    "gfcc": {
        "mean": [18.5650138855, 81.1720046997, -100.032188416, 30.6594581604, -59.8603744507, 7.06093549728, -37.0214385986, 9.56291389465, -29.3766937256, 3.05565738678, -20.9157333374, 0.532413065434, -17.2614173889],
        "cov": [[3226.52026367, -750.539672852, 443.022399902, 307.878051758, -66.412651062, 1.67726659775, -113.934577942, 104.350769043, -89.9944763184, 105.864379883, -31.3844451904, 140.17741394, -116.302696228], [-750.539672852, 984.953735352, -158.30670166, 12.4278059006, 151.807266235, -48.7043037415, 110.477043152, 2.94124794006, 103.079612732, -31.7780456543, 153.041351318, -19.1772499084, 111.68346405], [443.022399902, -158.30670166, 411.1300354, 121.827354431, 10.1037101746, 24.9295768738, 13.0458650589, 49.0045852661, -3.06460094452, 51.4765510559, 22.6382427216, 38.4218559265, -32.4281005859], [307.878051758, 12.4278059006, 121.827354431, 331.319274902, 141.435073853, -59.2059211731, 11.9618301392, 82.5988082886, -9.75059986115, 41.3781280518, 86.7160873413, 41.7854957581, -28.6569805145], [-66.412651062, 151.807266235, 10.1037101746, 141.435073853, 258.67755127, 43.3762283325, 74.1215362549, 51.5550308228, 48.5385055542, 21.0528869629, 17.3591766357, 29.1744365692, 15.8307189941], [1.67726659775, -48.7043037415, 24.9295768738, -59.2059211731, 43.3762283325, 358.737487793, 92.5819549561, -11.6674365997, 76.8934020996, 4.21347904205, -72.1114501953, -37.7942390442, 59.0979347229], [-113.934577942, 110.477043152, 13.0458650589, 11.9618301392, 74.1215362549, 92.5819549561, 133.057952881, 36.862575531, 31.4393463135, -27.9218883514, 21.8800868988, 40.5443916321, 13.3736753464], [104.350769043, 2.94124794006, 49.0045852661, 82.5988082886, 51.5550308228, -11.6674365997, 36.862575531, 153.237442017, 38.8177871704, 13.3659639359, 33.6158370972, 33.5577468872, 5.15921115875], [-89.9944763184, 103.079612732, -3.06460094452, -9.75059986115, 48.5385055542, 76.8934020996, 31.4393463135, 38.8177871704, 143.049407959, 54.0770225525, -19.3501300812, -9.53561306, 47.3194236755], [105.864379883, -31.7780456543, 51.4765510559, 41.3781280518, 21.0528869629, 4.21347904205, -27.9218883514, 13.3659639359, 54.0770225525, 184.477844238, 18.21534729, -81.1192779541, -5.34419202805], [-31.3844451904, 153.041351318, 22.6382427216, 86.7160873413, 17.3591766357, -72.1114501953, 21.8800868988, 33.6158370972, -19.3501300812, 18.21534729, 215.660247803, 37.2807350159, -18.6635494232], [140.17741394, -19.1772499084, 38.4218559265, 41.7854957581, 29.1744365692, -37.7942390442, 40.5443916321, 33.5577468872, -9.53561306, -81.1192779541, 37.2807350159, 200.456970215, 18.9271202087], [-116.302696228, 111.68346405, -32.4281005859, -28.6569805145, 15.8307189941, 59.0979347229, 13.3736753464, 5.15921115875, 47.3194236755, -5.34419202805, -18.6635494232, 18.9271202087, 123.988182068]],
        "icov": [[0.000497096334584, 0.00011347115651, -0.000225574709475, -0.000416409457102, 0.00027043648879, -0.000330340320943, 0.000501391361468, -0.000250542623689, 0.000287059665425, -0.000392084300984, 0.000222781513003, -0.000581079220865, 0.000283884757664], [0.00011347115651, 0.00247738556936, 0.000199339570827, 7.90331687313e-005, -0.00108018284664, 0.00164382206276, -0.00208320445381, 0.00124800903723, -0.00207976135425, 0.00153754977509, -0.00197841506451, 0.00188650400378, -0.00225329771638], [-0.000225574709475, 0.000199339570827, 0.0033723495435, -0.00109038094524, 0.000725174846593, -0.000461411837023, -0.000690050481353, -0.000272551551461, 0.000138607341796, -0.00104241329245, 7.68600511947e-005, -0.000724121462554, 0.000476234359667], [-0.000416409457102, 7.90331687313e-005, -0.00109038094524, 0.00647036265582, -0.00385075155646, 0.00066148256883, 0.00120053905994, -0.00168351747561, 0.00103034882341, -0.000204731462873, -0.00183909048792, 0.000176277535502, 0.000159642120707], [0.00027043648879, -0.00108018284664, 0.000725174846593, -0.00385075155646, 0.00772476987913, -0.000982586410828, -0.0023599897977, -0.000363534432836, -0.000250121956924, -0.00165993359406, 0.0020836815238, -0.00155171926599, 0.000852474186104], [-0.000330340320943, 0.00164382206276, -0.000461411837023, 0.00066148256883, -0.000982586410828, 0.0063068671152, -0.00565279880539, 0.00224233907647, -0.00312452297658, 0.00173720926978, -0.000327018293319, 0.00337697402574, -0.0034199769143], [0.000501391361468, -0.00208320445381, -0.000690050481353, 0.00120053905994, -0.0023599897977, -0.00565279880539, 0.0166942048818, -0.00385687150992, 0.00130701600574, 0.000435867259512, -0.000518170243595, -0.00415207259357, 0.00387506349944], [-0.000250542623689, 0.00124800903723, -0.000272551551461, -0.00168351747561, -0.000363534432836, 0.00224233907647, -0.00385687150992, 0.00998330954462, -0.00420909095556, 0.00126050354447, -0.00139224343002, 0.000996691407636, -0.00154234247748], [0.000287059665425, -0.00207976135425, 0.000138607341796, 0.00103034882341, -0.000250121956924, -0.00312452297658, 0.00130701600574, -0.00420909095556, 0.0140197016299, -0.00587506499141, 0.00277793849818, -0.00290803797543, -0.000769299571402], [-0.000392084300984, 0.00153754977509, -0.00104241329245, -0.000204731462873, -0.00165993359406, 0.00173720926978, 0.000435867259512, 0.00126050354447, -0.00587506499141, 0.0108867408708, -0.00304748443887, 0.00576013699174, -0.00141484336928], [0.000222781513003, -0.00197841506451, 7.68600511947e-005, -0.00183909048792, 0.0020836815238, -0.000327018293319, -0.000518170243595, -0.00139224343002, 0.00277793849818, -0.00304748443887, 0.00795847084373, -0.00277537410147, 0.00201982981525], [-0.000581079220865, 0.00188650400378, -0.000724121462554, 0.000176277535502, -0.00155171926599, 0.00337697402574, -0.00415207259357, 0.000996691407636, -0.00290803797543, 0.00576013699174, -0.00277537410147, 0.0103022912517, -0.00403042277321], [0.000283884757664, -0.00225329771638, 0.000476234359667, 0.000159642120707, 0.000852474186104, -0.0034199769143, 0.00387506349944, -0.00154234247748, -0.000769299571402, -0.00141484336928, 0.00201982981525, -0.00403042277321, 0.0128420768306]]
    },
    "melbands": {
        "mean": [0.00199600681663, 0.00187794573139, 0.00161042320542, 0.0011037212098, 0.000741715368349, 0.000459660863271, 0.00035714241676, 0.000351833150489, 0.000219329682295, 0.000141802840517, 0.000276169477729, 5.40622713743e-005, 5.76320671826e-005, 4.42198688688e-005, 4.56991838291e-005, 4.18617637479e-005, 4.3373216613e-005, 2.46795334533e-005, 2.32516485994e-005, 2.52566478594e-005, 1.2100071217e-005, 1.15446136988e-005, 1.3734953427e-005, 2.18234799831e-005, 1.75573059096e-005, 1.30511607495e-005, 8.57967643242e-006, 7.89096520748e-006, 5.99927852818e-006, 3.94962535211e-006, 3.60209901373e-006, 5.30240413354e-006, 3.94205108023e-006, 2.88386513603e-006, 2.49432332566e-006, 2.7417399906e-006, 2.50133189184e-006, 1.6954130615e-006, 1.04875095985e-006, 7.8539204651e-007],
        "var": [1.72994605236e-005, 9.99761778075e-006, 5.76094771532e-006, 2.54112978837e-006, 1.90157652469e-006, 5.12059386892e-007, 3.6576463458e-007, 3.51396607812e-007, 2.2014545209e-007, 5.08689055323e-008, 5.20483524724e-007, 6.42860253919e-009, 1.13306128924e-008, 6.10383521504e-009, 6.9498420352e-009, 7.78533593149e-009, 1.1988447568e-008, 2.64086863488e-009, 1.64874480735e-009, 1.63297075861e-009, 4.79911332896e-010, 3.71937897148e-010, 6.54643561582e-010, 1.10031794787e-009, 6.76055322835e-010, 4.84070450391e-010, 1.3024709089e-010, 1.79453826799e-010, 1.76591033463e-010, 4.34668967486e-011, 5.21657717023e-011, 1.91354501689e-010, 1.01593691793e-010, 4.73562300485e-011, 3.07290443091e-011, 5.65749704029e-011, 4.32115315752e-011, 1.46916836335e-011, 4.56141808353e-012, 3.04898706109e-012]
    },
    "mfcc": {
        "mean": [-634.618225098, 117.399291992, 12.9281406403, 27.7542495728, -0.838384509087, 1.13830661774, -0.0610097795725, 1.62505972385, -3.53572463989, 2.94495940208, -2.52404022217, -3.30878686905, -4.79585027695],
        "cov": [[2441.32641602, -618.539611816, 301.867675781, 241.637542725, 80.7573394775, -34.9904251099, -2.23069238663, 14.3507261276, -81.133430481, -40.2270965576, 20.4181900024, 34.6555328369, 40.8559188843], [-618.539611816, 765.069702148, -170.51940918, 49.6855735779, 23.9174346924, 1.02845990658, 16.8659038544, 35.2155570984, 27.3549156189, 11.9781694412, 31.9336071014, -3.42810559273, 38.0937805176], [301.867675781, -170.51940918, 374.925567627, -35.6784934998, 3.16054320335, 23.9505062103, 38.3704032898, -5.90564393997, 1.02601921558, 8.83660888672, -0.61364620924, 77.9940948486, -1.65971434116], [241.637542725, 49.6855735779, -35.6784934998, 477.267608643, 108.130569458, -131.139007568, 57.199798584, 28.1391639709, -96.8205337524, -6.41912508011, 72.1994628906, -20.2328701019, 69.3255386353], [80.7573394775, 23.9174346924, 3.16054320335, 108.130569458, 162.06388855, 39.2555389404, 41.8563804626, 11.5672454834, 45.6670951843, 45.6716079712, 29.9655704498, 5.95868349075, 13.5409479141], [-34.9904251099, 1.02845990658, 23.9505062103, -131.139007568, 39.2555389404, 266.575866699, 15.2487154007, 31.9258308411, 111.035964966, 44.3953514099, 1.37774300575, 6.51083135605, -38.3672828674], [-2.23069238663, 16.8659038544, 38.3704032898, 57.199798584, 41.8563804626, 15.2487154007, 165.366668701, 30.3674430847, -48.7407150269, 40.5778236389, 15.7402734756, 43.3041267395, 6.71567964554], [14.3507261276, 35.2155570984, -5.90564393997, 28.1391639709, 11.5672454834, 31.9258308411, 30.3674430847, 311.422088623, 4.14770174026, -78.8513259888, -49.9035797119, 6.12640237808, 54.5961799622], [-81.133430481, 27.3549156189, 1.02601921558, -96.8205337524, 45.6670951843, 111.035964966, -48.7407150269, 4.14770174026, 269.344573975, 30.4170131683, 10.3457183838, -22.9035377502, -24.7035923004], [-40.2270965576, 11.9781694412, 8.83660888672, -6.41912508011, 45.6716079712, 44.3953514099, 40.5778236389, -78.8513259888, 30.4170131683, 216.21937561, 50.0633811951, 2.84497499466, -16.7550945282], [20.4181900024, 31.9336071014, -0.61364620924, 72.1994628906, 29.9655704498, 1.37774300575, 15.7402734756, -49.9035797119, 10.3457183838, 50.0633811951, 164.431304932, 2.6482834816, 4.24337339401], [34.6555328369, -3.42810559273, 77.9940948486, -20.2328701019, 5.95868349075, 6.51083135605, 43.3041267395, 6.12640237808, -22.9035377502, 2.84497499466, 2.6482834816, 156.149932861, 22.3779983521], [40.8559188843, 38.0937805176, -1.65971434116, 69.3255386353, 13.5409479141, -38.3672828674, 6.71567964554, 54.5961799622, -24.7035923004, -16.7550945282, 4.24337339401, 22.3779983521, 159.012496948]],
        "icov": [[0.000612971954979, 0.000445032259449, -0.000339080550475, -0.000355191441486, -0.000209276578971, -0.000127927050926, 0.000266333139734, -2.6281690225e-005, 0.000130224841996, 8.6239502707e-005, -3.3650037949e-005, -3.09405077132e-005, -9.3492155429e-005], [0.000445032259449, 0.00184922944754, 0.000524416274857, -0.000317627418553, -0.000108978849312, -8.6371001089e-005, -7.04037956893e-005, -0.000140598596772, -0.00017549295444, 1.58020957315e-005, -0.000268228177447, -0.000299788574921, -0.000349967071088], [-0.000339080550475, 0.000524416274857, 0.00360431196168, 0.000290362018859, 0.000189548867638, -4.03239537263e-005, -0.000750070088543, 9.03524560272e-005, -0.000343407184118, -5.52504661755e-006, -6.11308423686e-005, -0.00152764690574, 9.99123403744e-006], [-0.000355191441486, -0.000317627418553, 0.000290362018859, 0.00421930896118, -0.00296777742915, 0.00189855752978, -0.00074054626748, -0.000374280294636, 0.00106271798722, 0.000425981532317, -0.00145837664604, 0.000999453593977, -0.000690279703122], [-0.000209276578971, -0.000108978849312, 0.000189548867638, -0.00296777742915, 0.0101490169764, -0.00173384824302, -0.00166099425405, 5.56539162062e-005, -0.00236260192469, -0.00132741429843, 0.000261393346591, -0.000577151309699, -0.000288496725261], [-0.000127927050926, -8.6371001089e-005, -4.03239537263e-005, 0.00189855752978, -0.00173384824302, 0.00593916978687, -0.00084831280401, -0.000995853450149, -0.00146223127376, -0.000629011017736, -0.000496529915836, 6.26593537163e-005, 0.00089482992189], [0.000266333139734, -7.04037956893e-005, -0.000750070088543, -0.00074054626748, -0.00166099425405, -0.00084831280401, 0.00872190669179, -0.00122134143021, 0.00215794751421, -0.0016752894735, -0.000206793003599, -0.00179936352652, 0.000668680877425], [-2.6281690225e-005, -0.000140598596772, 9.03524560272e-005, -0.000374280294636, 5.56539162062e-005, -0.000995853450149, -0.00122134143021, 0.00434146868065, -0.000359769561328, 0.00165776081849, 0.0011790812714, 0.000217831824557, -0.00142284412868], [0.000130224841996, -0.00017549295444, -0.000343407184118, 0.00106271798722, -0.00236260192469, -0.00146223127376, 0.00215794751421, -0.000359769561328, 0.00568525213748, -0.000311476265779, -0.000601569889113, 0.000665040570311, 0.000195324362721], [8.6239502707e-005, 1.58020957315e-005, -5.52504661755e-006, 0.000425981532317, -0.00132741429843, -0.000629011017736, -0.0016752894735, 0.00165776081849, -0.000311476265779, 0.00628217123449, -0.00118557142559, 0.000398459349526, -0.00015975930728], [-3.3650037949e-005, -0.000268228177447, -6.11308423686e-005, -0.00145837664604, 0.000261393346591, -0.000496529915836, -0.000206793003599, 0.0011790812714, -0.000601569889113, -0.00118557142559, 0.0075211036019, -0.000299562263535, -0.000207010278245], [-3.09405077132e-005, -0.000299788574921, -0.00152764690574, 0.000999453593977, -0.000577151309699, 6.26593537163e-005, -0.00179936352652, 0.000217831824557, 0.000665040570311, 0.000398459349526, -0.000299562263535, 0.00808721315116, -0.00129126897082], [-9.3492155429e-005, -0.000349967071088, 9.99123403744e-006, -0.000690279703122, -0.000288496725261, 0.00089482992189, 0.000668680877425, -0.00142284412868, 0.000195324362721, -0.00015975930728, -0.000207010278245, -0.00129126897082, 0.00759924342856]]
    },
    "spectral_contrast_coeffs": {
        "mean": [-0.608568489552, -0.712110698223, -0.740576863289, -0.744712769985, -0.753740370274, -0.736141979694],
        "var": [0.00919129978865, 0.00495922612026, 0.00615275790915, 0.00328242708929, 0.00194563739933, 0.00237120245583]
    },
    "spectral_contrast_valleys": {
        "mean": [-7.17559814453, -6.59210395813, -7.40755844116, -8.06070423126, -7.71139907837, -10.2577161789],
        "var": [0.963379561901, 0.593160450459, 0.492992132902, 0.53070551157, 0.891243219376, 1.14911103249]
    }
},
"metadata": {
    "audio_properties": {
        "analysis_sample_rate": 44100,
        "bit_rate": 128074,
        "equal_loudness": 0,
        "length": 45.0612258911,
        "lossless": 0,
        "replay_gain": -3.33271408081,
        "sample_rate": 44100,
        "codec": "mp3",
        "downmix": "mix",
        "md5_encoded": "337de38a9c64671f084669bdb2e0666f"
    },
    "tags": {
        "file_name": "1509.mp3"
    },
    "version": {
        "essentia": "2.1-beta2",
        "essentia_git_sha": "v2.1_beta2",
        "extractor": "music 1.0"
    }
},
"rhythm": {
    "beats_count": 99,
    "beats_loudness": {
        "mean": 0.0586671866477,
        "var": 0.00094341050135
    },
    "bpm": 132.045135498,
    "bpm_histogram_first_peak_bpm": {
        "mean": 133,
        "var": 0
    },
    "bpm_histogram_first_peak_spread": {
        "mean": 0.333333343267,
        "var": 0
    },
    "bpm_histogram_first_peak_weight": {
        "mean": 0.653061211109,
        "var": 0
    },
    "bpm_histogram_second_peak_bpm": {
        "mean": 140,
        "var": 0
    },
    "bpm_histogram_second_peak_spread": {
        "mean": 0,
        "var": 0
    },
    "bpm_histogram_second_peak_weight": {
        "mean": 0.0102040814236,
        "var": 0
    },
    "danceability": 1.43298017979,
    "onset_rate": 3.26075792313,
    "beats_loudness_band_ratio": {
        "mean": [0.505594193935, 0.220905900002, 0.138285279274, 0.0611522383988, 0.0519986189902, 0.104912526906],
        "var": [0.0665569603443, 0.0260534603149, 0.0136397713795, 0.00233178306371, 0.00303214392625, 0.00767764728516]
    },
    "beats_position": [0.394739210606, 0.801088392735, 1.23065757751, 1.67183673382, 2.12462592125, 2.57741498947, 3.04181408882, 3.48299312592, 3.93578219414, 4.38857126236, 4.85297060013, 5.30575942993, 5.75854873657, 6.2229475975, 6.68734693527, 7.14013576508, 7.59292507172, 8.03410434723, 8.48689365387, 8.93968200684, 9.39247131348, 9.84526062012, 10.3096599579, 10.7508392334, 11.2152376175, 11.6680269241, 12.1208162308, 12.5852155685, 13.0380039215, 13.4907932281, 13.9551925659, 14.4079818726, 14.8607711792, 15.301949501, 15.7663488388, 16.2075271606, 16.6719264984, 17.1247158051, 17.5775051117, 18.0302944183, 18.483083725, 18.9358730316, 19.3886623383, 19.853061676, 20.3174591064, 20.7702484131, 21.2230377197, 21.6758270264, 22.128616333, 22.5814056396, 23.0341949463, 23.4869842529, 23.9397735596, 24.40417099, 24.8569602966, 25.3097496033, 25.7625389099, 26.2153282166, 26.6797275543, 27.132516861, 27.5853061676, 28.0380954742, 28.4908847809, 28.9436721802, 29.3964614868, 29.8492507935, 30.3020401001, 30.7548294067, 31.2076187134, 31.6720180511, 32.1364173889, 32.5775947571, 33.0419960022, 33.4831733704, 33.935962677, 34.3887519836, 34.8531494141, 35.3059387207, 35.7587280273, 36.2231292725, 36.6759185791, 37.1287078857, 37.5814971924, 38.034286499, 38.4870758057, 38.9398651123, 39.4042625427, 39.8570518494, 40.309841156, 40.7626304626, 41.2154197693, 41.6682090759, 42.1209983826, 42.585395813, 43.0497932434, 43.4909744263, 43.9437637329, 44.3965530396, 44.86095047]
},
"tonal": {
    "chords_changes_rate": 0.0339506156743,
    "chords_number_rate": 0.00823045242578,
    "chords_strength": {
        "mean": 0.54676669836,
        "var": 0.00736825121567
    },
    "hpcp_entropy": {
        "mean": 1.92876756191,
        "var": 0.406418323517
    },
    "key_strength": 0.792534470558,
    "tuning_diatonic_strength": 0.688717246056,
    "tuning_equal_tempered_deviation": 0.312033474445,
    "tuning_frequency": 434.193115234,
    "tuning_nontempered_energy_ratio": 0.964721500874,
    "hpcp": {
        "mean": [0.0963134914637, 0.159207284451, 0.144953012466, 0.0721940398216, 0.0610192045569, 0.0779181718826, 0.157789468765, 0.220337018371, 0.173089742661, 0.166068568826, 0.179249167442, 0.108638264239, 0.0595499835908, 0.0607520490885, 0.0636924207211, 0.138270273805, 0.273604035378, 0.255155533552, 0.12813039124, 0.0785165801644, 0.0741104260087, 0.0955291986465, 0.132500603795, 0.178449034691, 0.231590822339, 0.177007645369, 0.0831171572208, 0.0773764550686, 0.0914681255817, 0.122135296464, 0.290688484907, 0.401770979166, 0.263600438833, 0.124202862382, 0.0766271948814, 0.0675648078322],
        "var": [0.0278764795512, 0.068296007812, 0.0676934346557, 0.0192907918245, 0.0217236243188, 0.0272085350007, 0.0470205657184, 0.0744009837508, 0.0547728948295, 0.0569360405207, 0.0732982829213, 0.0354315266013, 0.0185120943934, 0.0209255106747, 0.0162588655949, 0.0404623188078, 0.104242645204, 0.109963461757, 0.0436522290111, 0.026902930811, 0.0282009802759, 0.029845725745, 0.069247558713, 0.0566163472831, 0.098762974143, 0.0548064187169, 0.0213450174779, 0.0251946542412, 0.0296658277512, 0.0374552048743, 0.0839740112424, 0.134855628014, 0.0697408765554, 0.0448131002486, 0.0242653973401, 0.0219641178846]
    },
    "chords_histogram": [32.3045272827, 5.34979438782, 32.4074058533, 0, 0, 0, 0, 0, 0, 0, 0, 0, 0, 0, 0, 3.18930029869, 0, 0.925925910473, 0, 0, 2.57201647758, 8.43621444702, 8.02469158173, 6.79012346268],
    "thpcp": [1, 0.656096279621, 0.309138447046, 0.190723568201, 0.168167471886, 0.239722371101, 0.39626377821, 0.360785186291, 0.179689526558, 0.151875585318, 0.193936780095, 0.392734855413, 0.548414468765, 0.430816948414, 0.413341373205, 0.446147620678, 0.270398497581, 0.148218721151, 0.151210650802, 0.158529177308, 0.344151973724, 0.680995047092, 0.635077059269, 0.31891399622, 0.195426210761, 0.184459373355, 0.237770274282, 0.329791367054, 0.444156110287, 0.576424956322, 0.440568506718, 0.206876963377, 0.192588463426, 0.227662354708, 0.303992331028, 0.723517894745],
    "chords_key": "G",
    "chords_scale": "major",
    "key_key": "C",
    "key_scale": "major"
}
}