{
"lowlevel": {
    "average_loudness": 0.364522010088,
    "barkbands_crest": {
        "mean": 12.8295583725,
        "var": 14.946978569
    },
    "barkbands_flatness_db": {
        "mean": 0.319528311491,
        "var": 0.00600103288889
    },
    "barkbands_kurtosis": {
        "mean": 11.5584383011,
        "var": 268.304290771
    },
    "barkbands_skewness": {
        "mean": 1.87659907341,
        "var": 2.13980340958
    },
    "barkbands_spread": {
        "mean": 4.48087024689,
        "var": 22.3786430359
    },
    "dissonance": {
        "mean": 0.352761715651,
        "var": 0.00628664717078
    },
    "dynamic_complexity": 5.86568450928,
    "erbbands_crest": {
        "mean": 14.0758686066,
        "var": 20.6036262512
    },
    "erbbands_flatness_db": {
        "mean": 0.303236931562,
        "var": 0.00458865053952
    },
    "erbbands_kurtosis": {
        "mean": 4.82933998108,
        "var": 36.0203437805
    },
    "erbbands_skewness": {
        "mean": 1.29035282135,
        "var": 0.917642176151
    },
    "erbbands_spread": {
        "mean": 14.260345459,
        "var": 153.1456604
    },
    "hfc": {
        "mean": 5.78052997589,
        "var": 77.0809326172
    },
    "melbands_crest": {
        "mean": 16.1694030762,
        "var": 26.8045291901
    },
    "melbands_flatness_db": {
        "mean": 0.414196759462,
        "var": 0.00784506462514
    },
    "melbands_kurtosis": {
        "mean": 11.4077281952,
        "var": 232.434844971
    },
    "melbands_skewness": {
        "mean": 1.91783893108,
        "var": 1.92455983162
    },
    "melbands_spread": {
        "mean": 5.81864213943,
        "var": 53.9523506165
    },
    "pitch_salience": {
        "mean": 0.53105866909,
        "var": 0.0128151774406
    },
    "silence_rate_20dB": {
        "mean": 1,
        "var": 0
    },
    "silence_rate_30dB": {
        "mean": 0.984559953213,
        "var": 0.0152016691864
    },
    "silence_rate_60dB": {
        "mean": 0.272259384394,
        "var": 0.198134258389
    },
    "spectral_centroid": {
        "mean": 440.366333008,
        "var": 178146.09375
    },
    "spectral_complexity": {
        "mean": 6.37519311905,
        "var": 16.9250354767
    },
    "spectral_decrease": {
        "mean": -4.27316004803e-009,
        "var": 4.37224510738e-017
    },
    "spectral_energy": {
        "mean": 0.0166521649808,
        "var": 0.000659385696054
    },
    "spectral_energyband_high": {
        "mean": 1.18511752589e-005,
        "var": 4.6823473987e-009
    },
    "spectral_energyband_low": {
        "mean": 0.00160182302352,
        "var": 9.14487463888e-006
    },
    "spectral_energyband_middle_high": {
        "mean": 0.0011296630837,
        "var": 9.22817980609e-006
    },
    "spectral_energyband_middle_low": {
        "mean": 0.0142168970779,
        "var": 0.000557979976293
    },
    "spectral_entropy": {
        "mean": 5.69570064545,
        "var": 0.537588298321
    },
    "spectral_flux": {
        "mean": 0.0330186411738,
        "var": 0.00142143061385
    },
    "spectral_kurtosis": {
        "mean": 49.1981201172,
        "var": 1382.64196777
    },
    "spectral_rms": {
        "mean": 0.00327232177369,
        "var": 5.53794234293e-006
    },
    "spectral_rolloff": {
        "mean": 542.873168945,
        "var": 754985.4375
    },
    "spectral_skewness": {
        "mean": 5.04942750931,
        "var": 5.2799243927
    },
    "spectral_spread": {
        "mean": 1998180.375,
        "var": 2.96845705216e+012
    },
    "spectral_strongpeak": {
        "mean": 0.744174361229,
        "var": 0.416090071201
    },
    "zerocrossingrate": {
        "mean": 0.0212994161993,
        "var": 0.000605909968726
    },
    "barkbands": {
        "mean": [6.04046476838e-007, 0.000227296928642, 0.00111321127042, 0.00132298306562, 0.00672978861257, 0.00339403981343, 0.00211538001895, 0.000497661705595, 7.01313838363e-005, 0.000545317598153, 0.000136160480906, 0.000200811977265, 5.03394330735e-005, 6.85103514115e-005, 2.84351972368e-005, 3.49881120201e-005, 2.72402903647e-005, 3.32161325787e-005, 4.0937011363e-005, 5.51903576707e-006, 5.10581185154e-006, 2.63366018771e-006, 8.5262132643e-007, 6.04207059496e-007, 2.54279740375e-007, 1.7383221973e-007, 9.63915081087e-009],
        "var": [2.37443831957e-012, 3.69753507812e-007, 5.69744179302e-006, 1.18317584565e-005, 0.000250540033448, 2.51235596807e-005, 2.27336659009e-005, 1.4186377939e-006, 7.40137835464e-008, 4.23815527029e-006, 4.7259703706e-007, 3.813146634e-007, 1.30930004616e-008, 3.89640959497e-008, 1.68559370906e-008, 1.79442167791e-008, 1.03893667003e-008, 3.98995219086e-008, 5.40384057501e-008, 8.58425441841e-010, 9.98837346167e-010, 7.37861993727e-010, 5.60542931516e-011, 3.65503287358e-011, 2.09412370257e-012, 1.41213527417e-012, 2.92904480204e-015]
    },
    "erbbands": {
        "mean": [0.00125430733897, 0.0931210368872, 1.16385793686, 2.62613844872, 20.0127620697, 18.9757804871, 15.5607786179, 29.5622253418, 40.5849685669, 13.8524417877, 10.3137788773, 2.59813427925, 13.415599823, 8.32890796661, 8.43152713776, 7.67951917648, 2.50196194649, 3.8594596386, 2.29173088074, 1.56236374378, 1.79029166698, 1.49047112465, 1.91582345963, 1.75810539722, 1.62689995766, 0.358730375767, 0.275562673807, 0.123327299953, 0.0939255058765, 0.0510031171143, 0.0228882599622, 0.0166212897748, 0.00680734217167, 0.00270675122738, 0.00194373948034, 0.000951200083364, 0.000267942377832, 4.65803823317e-005, 9.04827629711e-006, 1.85503540706e-005],
        "var": [8.32363639347e-006, 0.0541770607233, 6.4647192955, 23.8609237671, 3504.01416016, 1608.03149414, 588.10369873, 2181.8371582, 6849.234375, 635.175842285, 696.543640137, 64.6336517334, 2250.34619141, 779.247070313, 1304.94946289, 494.912506104, 31.9382572174, 109.149253845, 73.1605529785, 25.8559322357, 55.4756584167, 28.0929546356, 119.24067688, 80.7729492188, 109.307868958, 4.38534641266, 2.62733960152, 0.554742217064, 0.89495241642, 0.32294857502, 0.0350885987282, 0.0275026280433, 0.00342836021446, 0.000198913970962, 0.000167016783962, 5.53771060368e-005, 2.31388617067e-006, 4.81925219731e-008, 2.05211569959e-010, 8.10017386499e-010]
    },
    "gfcc": {
        "mean": [-198.827575684, 181.6849823, -87.2293243408, -12.6990671158, -49.6059494019, -19.8962593079, -47.1263618469, -16.2033100128, -28.6763648987, -10.1549053192, -7.04073619843, -4.28347587585, -10.2679862976],
        "cov": [[9210.06445313, 1285.00793457, -2874.79345703, 481.211547852, 320.718688965, -849.73046875, 44.944732666, -249.973999023, -108.584785461, -470.629516602, 162.070220947, -551.071044922, 77.9516830444], [1285.00793457, 1573.9699707, -122.99835968, -536.036071777, 254.497589111, -281.988739014, 12.4300670624, -167.213973999, 120.43258667, -225.044204712, 200.79473877, -167.369644165, 120.098350525], [-2874.79345703, -122.99835968, 2054.97216797, 8.94207191467, -226.210510254, 300.233917236, -103.908874512, 21.1377849579, 95.5810928345, 250.780303955, -77.5638504028, 219.167297363, -76.9746017456], [481.211547852, -536.036071777, 8.94207191467, 849.820678711, 92.0389938354, -83.1066970825, 44.7582130432, 43.6660995483, -41.1473884583, 52.4272880554, -58.9148788452, -40.1377944946, -70.4829940796], [320.718688965, 254.497589111, -226.210510254, 92.0389938354, 379.498657227, -58.4687614441, -15.5436973572, -13.4450025558, -0.132524371147, -86.6829376221, 36.9380645752, -53.114982605, 0.686175823212], [-849.73046875, -281.988739014, 300.233917236, -83.1066970825, -58.4687614441, 329.76159668, 19.1635742188, 63.2873802185, -19.3257541656, 65.4539260864, -53.2393608093, 133.905807495, -13.0047540665], [44.944732666, 12.4300670624, -103.908874512, 44.7582130432, -15.5436973572, 19.1635742188, 167.131256104, 44.3464775085, -14.565451622, -8.59568881989, 18.3618602753, 19.4353504181, 32.7968940735], [-249.973999023, -167.213973999, 21.1377849579, 43.6660995483, -13.4450025558, 63.2873802185, 44.3464775085, 143.575439453, 5.86631584167, 21.7449169159, -25.8707561493, 40.8488197327, -7.52539777756], [-108.584785461, 120.43258667, 95.5810928345, -41.1473884583, -0.132524371147, -19.3257541656, -14.565451622, 5.86631584167, 100.202842712, 16.2510814667, 2.28253269196, -27.6286468506, 16.4070777893], [-470.629516602, -225.044204712, 250.780303955, 52.4272880554, -86.6829376221, 65.4539260864, -8.59568881989, 21.7449169159, 16.2510814667, 135.320861816, -19.1350765228, 44.5830917358, -31.32853508], [162.070220947, 200.79473877, -77.5638504028, -58.9148788452, 36.9380645752, -53.2393608093, 18.3618602753, -25.8707561493, 2.28253269196, -19.1350765228, 112.312393188, -1.91394972801, 2.94810152054], [-551.071044922, -167.369644165, 219.167297363, -40.1377944946, -53.114982605, 133.905807495, 19.4353504181, 40.8488197327, -27.6286468506, 44.5830917358, -1.91394972801, 142.652191162, -0.0446059964597], [77.9516830444, 120.098350525, -76.9746017456, -70.4829940796, 0.686175823212, -13.0047540665, 32.7968940735, -7.52539777756, 16.4070777893, -31.32853508, 2.94810152054, -0.0446059964597, 95.3703842163]],
        "icov": [[0.000560351996683, -0.00146487622987, 0.00110658898484, -0.00130856200121, 0.00113508850336, -0.000399108132115, 0.00106236001011, -0.000100148070487, 0.000700414180756, -0.000662712205667, 0.00097842013929, -0.000585085363127, 0.000508204335347], [-0.00146487622987, 0.00701567856595, -0.00391477253288, 0.00534774968401, -0.00466506602243, 0.00257430807687, -0.00460763648152, 0.00165050919168, -0.00358102237806, 0.00481944857165, -0.00541783636436, 0.00382011360489, -0.00237699784338], [0.00110658898484, -0.00391477253288, 0.00337042380124, -0.00332158338279, 0.00296431779861, -0.00154321710579, 0.00304260151461, -0.000126379629364, 0.000721429358236, -0.00294677191414, 0.00313631678, -0.003153802827, 0.00181225605775], [-0.00130856200121, 0.00534774968401, -0.00332158338279, 0.00596576044336, -0.00444505969062, 0.00283984746784, -0.00459230830893, 0.000734156579711, -0.00173301505856, 0.00221547717229, -0.00262442743406, 0.00303224544041, -0.000771839579102], [0.00113508850336, -0.00466506602243, 0.00296431779861, -0.00444505969062, 0.00683950772509, -0.00235880888067, 0.00408141966909, -0.00115139479749, 0.00166731316131, -0.000555844162591, 0.00191432109568, -0.00183621258475, 0.0016595745692], [-0.000399108132115, 0.00257430807687, -0.00154321710579, 0.00283984746784, -0.00235880888067, 0.00733661744744, -0.00276816799305, 0.000134079964482, -0.000983317033388, 0.000817621126771, 0.00123078236356, -0.00320709054358, 0.00031577856862], [0.00106236001011, -0.00460763648152, 0.00304260151461, -0.00459230830893, 0.00408141966909, -0.00276816799305, 0.011638328433, -0.00371131603606, 0.0034729402978, -0.00268769683316, 0.000477356021293, -0.00215521734208, -0.00220231572166], [-0.000100148070487, 0.00165050919168, -0.000126379629364, 0.000734156579711, -0.00115139479749, 0.000134079964482, -0.00371131603606, 0.010375758633, -0.00394435180351, 0.00141054496635, 0.00116869865451, -0.00225827051327, 0.00167028070427], [0.000700414180756, -0.00358102237806, 0.000721429358236, -0.00173301505856, 0.00166731316131, -0.000983317033388, 0.0034729402978, -0.00394435180351, 0.0167647954077, -0.00572885805741, 0.00132848659996, 0.00416259840131, -0.00321824382991], [-0.000662712205667, 0.00481944857165, -0.00294677191414, 0.00221547717229, -0.000555844162591, 0.000817621126771, -0.00268769683316, 0.00141054496635, -0.00572885805741, 0.0167050492018, -0.00426031835377, 0.000845880014822, 0.00148780026939], [0.00097842013929, -0.00541783636436, 0.00313631678, -0.00262442743406, 0.00191432109568, 0.00123078236356, 0.000477356021293, 0.00116869865451, 0.00132848659996, -0.00426031835377, 0.0171183962375, -0.00715627195314, 0.0045362347737], [-0.000585085363127, 0.00382011360489, -0.003153802827, 0.00303224544041, -0.00183621258475, -0.00320709054358, -0.00215521734208, -0.00225827051327, 0.00416259840131, 0.000845880014822, -0.00715627195314, 0.018641890958, -0.00470634875819], [0.000508204335347, -0.00237699784338, 0.00181225605775, -0.000771839579102, 0.0016595745692, 0.00031577856862, -0.00220231572166, 0.00167028070427, -0.00321824382991, 0.00148780026939, 0.0045362347737, -0.00470634875819, 0.0157758630812]]
    },
    "melbands": {
        "mean": [3.17911981256e-005, 0.000424922385719, 0.000929091766011, 0.00164078304078, 0.000533741491381, 0.0006734894705, 0.000589470146224, 0.000131895649247, 6.95284761605e-005, 1.24678063003e-005, 7.29873572709e-005, 4.21747354267e-005, 2.15004856727e-005, 2.75595939456e-005, 1.02195654108e-005, 5.29224189449e-006, 7.38298149372e-006, 3.88510670746e-006, 1.72565307821e-006, 2.64065965894e-006, 1.86600777852e-006, 1.45626574977e-006, 1.92459538084e-006, 1.38258792504e-006, 1.42471526487e-006, 1.68045869486e-006, 5.08367634211e-007, 1.70127805177e-007, 1.99359007524e-007, 1.12116069317e-007, 5.68307001458e-008, 5.68329383555e-008, 3.95330950198e-008, 2.31827606001e-008, 1.40112419444e-008, 9.68859659167e-009, 1.07408144601e-008, 5.64797142388e-009, 2.56181298397e-009, 2.07083039605e-009],
        "var": [7.10905156964e-009, 9.1469905783e-007, 6.0075399233e-006, 1.62752348842e-005, 6.17465730102e-007, 1.08679432742e-006, 1.40438157814e-006, 5.62212996158e-008, 3.6585923624e-008, 2.60561816567e-009, 7.12544334647e-008, 2.48554101745e-008, 8.89151330341e-009, 7.62022533962e-009, 9.95108773161e-010, 1.3624563977e-010, 4.94514040827e-010, 2.08551190206e-010, 3.62137021759e-011, 9.93823148776e-011, 7.31643079455e-011, 2.91507477879e-011, 9.81772718678e-011, 5.03935539131e-011, 5.96351301674e-011, 9.59104323739e-011, 1.75755226345e-011, 8.00261495525e-013, 1.37677814028e-012, 5.99810077908e-013, 1.42297821746e-013, 2.86150362303e-013, 2.434692259e-013, 6.59769615785e-014, 1.66961730493e-014, 9.94348748034e-015, 1.38035877216e-014, 3.55027507095e-015, 1.98691072771e-016, 1.29639782241e-016]
    },
    "mfcc": {
        "mean": [-848.684082031, 212.546524048, 20.3225021362, 10.8691196442, 5.65623998642, -8.21845626831, -8.87095546722, -12.1799926758, -19.9066429138, -16.2612113953, -8.55295372009, -4.06266689301, -2.05364465714],
        "cov": [[8303.13574219, 1111.67260742, -2952.00390625, 656.918945313, -83.2505722046, -385.166534424, -11.6787023544, -43.9502716064, -254.790969849, -24.4606666565, -89.6078720093, -205.749786377, -246.277832031], [1111.67260742, 1634.93896484, -173.474563599, -337.63192749, 99.5480499268, -152.188354492, -68.1756744385, -49.0225715637, -90.9075241089, -95.8774108887, -33.5994911194, -31.7768192291, 26.1546192169], [-2952.00390625, -173.474563599, 1862.64367676, -37.1553573608, -17.0103626251, 210.692337036, -78.0084381104, -46.0522880554, 101.104049683, 25.5648517609, -10.0414609909, 94.690071106, 200.582946777], [656.918945313, -337.63192749, -37.1553573608, 750.244995117, 120.632781982, -7.15106534958, 36.2827758789, -36.8289794922, 4.13458156586, 61.9308586121, -1.59470307827, -6.92889547348, 34.1836051941], [-83.2505722046, 99.5480499268, -17.0103626251, 120.632781982, 312.963043213, 46.1364517212, -10.2216854095, 18.7587184906, -5.7526473999, 2.16125631332, 16.5145893097, 4.44653701782, 6.70907449722], [-385.166534424, -152.188354492, 210.692337036, -7.15106534958, 46.1364517212, 178.358016968, 36.7465896606, 13.4312429428, 38.0276679993, -4.65360403061, -2.31860280037, 28.4598312378, 20.2428722382], [-11.6787023544, -68.1756744385, -78.0084381104, 36.2827758789, -10.2216854095, 36.7465896606, 146.959716797, 77.901550293, 6.0638923645, -14.1809358597, 11.6919136047, 22.3984966278, -5.54091405869], [-43.9502716064, -49.0225715637, -46.0522880554, -36.8289794922, 18.7587184906, 13.4312429428, 77.901550293, 150.922012329, 46.3151817322, -18.5115203857, 13.3795442581, 18.6436882019, -11.2235097885], [-254.790969849, -90.9075241089, 101.104049683, 4.13458156586, -5.7526473999, 38.0276679993, 6.0638923645, 46.3151817322, 139.854156494, 48.1805229187, -30.9392299652, 9.38771438599, 15.4222278595], [-24.4606666565, -95.8774108887, 25.5648517609, 61.9308586121, 2.16125631332, -4.65360403061, -14.1809358597, -18.5115203857, 48.1805229187, 102.996917725, 15.8471851349, -27.5565662384, 6.94306182861], [-89.6078720093, -33.5994911194, -10.0414609909, -1.59470307827, 16.5145893097, -2.31860280037, 11.6919136047, 13.3795442581, -30.9392299652, 15.8471851349, 91.0114440918, 24.4414901733, -16.7964191437], [-205.749786377, -31.7768192291, 94.690071106, -6.92889547348, 4.44653701782, 28.4598312378, 22.3984966278, 18.6436882019, 9.38771438599, -27.5565662384, 24.4414901733, 105.856132507, 33.0269241333], [-246.277832031, 26.1546192169, 200.582946777, 34.1836051941, 6.70907449722, 20.2428722382, -5.54091405869, -11.2235097885, 15.4222278595, 6.94306182861, -16.7964191437, 33.0269241333, 107.49684906]],
        "icov": [[0.000871163036209, -0.000966503750533, 0.00142341491301, -0.00149070320185, 0.0016054243315, -0.00178015569691, 0.00211284752004, -0.00199345941655, 0.00209988933057, -0.00184274383355, 0.00168494693935, -0.000874254503287, 0.000534470542334], [-0.000966503750533, 0.00202661915682, -0.00155224942137, 0.00222956342623, -0.00253094290383, 0.00310235726647, -0.00277165602893, 0.00300681241788, -0.00267944694497, 0.00311898160726, -0.00200362689793, 0.00153515290003, -0.00137689500116], [0.00142341491301, -0.00155224942137, 0.00317560462281, -0.00241159461439, 0.00285746855661, -0.00384805118665, 0.00415671803057, -0.00319932145067, 0.00302047515288, -0.00279007409699, 0.00225450098515, -0.00144209736027, -0.000551153556444], [-0.00149070320185, 0.00222956342623, -0.00241159461439, 0.00457189045846, -0.0040090191178, 0.00420743366703, -0.00506055075675, 0.00478791352361, -0.00377042475156, 0.00274487142451, -0.00259249168448, 0.00169494852889, -0.00177688070107], [0.0016054243315, -0.00253094290383, 0.00285746855661, -0.0040090191178, 0.00756484130397, -0.00599554274231, 0.00621425593272, -0.00609892746434, 0.00514022167772, -0.00437752576545, 0.00272219395265, -0.00199003866874, 0.00115931313485], [-0.00178015569691, 0.00310235726647, -0.00384805118665, 0.00420743366703, -0.00599554274231, 0.0135255232453, -0.00870992336422, 0.0076736593619, -0.00799054000527, 0.00692175514996, -0.00434179417789, 0.00227328226902, -0.00148901564535], [0.00211284752004, -0.00277165602893, 0.00415671803057, -0.00506055075675, 0.00621425593272, -0.00870992336422, 0.0178574286401, -0.0128479721025, 0.00895096175373, -0.00677052652463, 0.00539518194273, -0.00450468622148, 0.00157948280685], [-0.00199345941655, 0.00300681241788, -0.00319932145067, 0.00478791352361, -0.00609892746434, 0.0076736593619, -0.0128479721025, 0.0199404563755, -0.0144363464788, 0.0123517587781, -0.00997408758849, 0.00513776950538, -0.00235973577946], [0.00209988933057, -0.00267944694497, 0.00302047515288, -0.00377042475156, 0.00514022167772, -0.00799054000527, 0.00895096175373, -0.0144363464788, 0.024005625397, -0.0186607688665, 0.0157819800079, -0.00901977345347, 0.00416217930615], [-0.00184274383355, 0.00311898160726, -0.00279007409699, 0.00274487142451, -0.00437752576545, 0.00692175514996, -0.00677052652463, 0.0123517587781, -0.0186607688665, 0.0278910975903, -0.0165461692959, 0.0122872274369, -0.00622164877132], [0.00168494693935, -0.00200362689793, 0.00225450098515, -0.00259249168448, 0.00272219395265, -0.00434179417789, 0.00539518194273, -0.00997408758849, 0.0157819800079, -0.0165461692959, 0.0249264165759, -0.011518525891, 0.00708798645064], [-0.000874254503287, 0.00153515290003, -0.00144209736027, 0.00169494852889, -0.00199003866874, 0.00227328226902, -0.00450468622148, 0.00513776950538, -0.00901977345347, 0.0122872274369, -0.011518525891, 0.0179876517504, -0.00705002667382], [0.000534470542334, -0.00137689500116, -0.000551153556444, -0.00177688070107, 0.00115931313485, -0.00148901564535, 0.00157948280685, -0.00235973577946, 0.00416217930615, -0.00622164877132, 0.00708798645064, -0.00705002667382, 0.015576871112]]
    },
    "spectral_contrast_coeffs": {
        "mean": [-0.533843815327, -0.598016023636, -0.73065584898, -0.760923445225, -0.792301893234, -0.823957145214],
        "var": [0.0112685626373, 0.00845223572105, 0.00818751100451, 0.00503570400178, 0.00605623563752, 0.00276802433655]
    },
    "spectral_contrast_valleys": {
        "mean": [-8.70570755005, -8.05736446381, -9.21063709259, -10.045923233, -10.6657447815, -13.2789936066],
        "var": [1.40796720982, 1.64551258087, 1.53647470474, 1.52654981613, 1.45708036423, 0.627877414227]
    }
},
"metadata": {
    "audio_properties": {
        "analysis_sample_rate": 44100,
        "bit_rate": 106178,
        "equal_loudness": 0,
        "length": 45.0873451233,
        "lossless": 0,
        "replay_gain": -7.60634994507,
        "sample_rate": 44100,
        "codec": "mp3",
        "downmix": "mix",
        "md5_encoded": "ca67c70571d72d5d91c335ec07fa089c"
    },
    "tags": {
        "file_name": "151.mp3"
    },
    "version": {
        "essentia": "2.1-beta2",
        "essentia_git_sha": "v2.1_beta2",
        "extractor": "music 1.0"
    }
},
"rhythm": {
    "beats_count": 97,
    "beats_loudness": {
        "mean": 0.0265379566699,
        "var": 0.00147459236905
    },
    "bpm": 139.830413818,
    "bpm_histogram_first_peak_bpm": {
        "mean": 140,
        "var": 0
    },
    "bpm_histogram_first_peak_spread": {
        "mean": 0.642857134342,
        "var": 0
    },
    "bpm_histogram_first_peak_weight": {
        "mean": 0.15625,
        "var": 0
    },
    "bpm_histogram_second_peak_bpm": {
        "mean": 148,
        "var": 0
    },
    "bpm_histogram_second_peak_spread": {
        "mean": 0,
        "var": 0
    },
    "bpm_histogram_second_peak_weight": {
        "mean": 0.104166664183,
        "var": 0
    },
    "danceability": 1.05936896801,
    "onset_rate": 2.61613178253,
    "beats_loudness_band_ratio": {
        "mean": [0.30950987339, 0.542290627956, 0.182149782777, 0.0637834891677, 0.00729687558487, 0.00290096085519],
        "var": [0.0629613026977, 0.03142266348, 0.0231619868428, 0.00984569638968, 0.000104535247374, 5.96833597228e-005]
    },
    "beats_position": [0.429569154978, 0.870748281479, 1.3235373497, 1.764716506, 2.19428563118, 2.63546490669, 3.11147379875, 3.61070299149, 4.1099319458, 4.59755086899, 5.08516979218, 5.5727891922, 6.07201814651, 6.57124710083, 7.07047605515, 7.59292507172, 8.11537361145, 8.6146030426, 9.16027164459, 9.70594120026, 10.2516098022, 10.9133787155, 11.5751476288, 12.2253055573, 12.8754644394, 13.4907932281, 14.0829019547, 14.6750106812, 15.1626300812, 15.6502494812, 16.1378688812, 16.637096405, 17.1479358673, 17.6703853607, 18.1928348541, 18.7152824402, 19.2609519958, 19.7717914581, 20.2942390442, 20.7934684753, 21.1649875641, 21.548116684, 21.9312477112, 22.3027667999, 22.6858959198, 23.0690250397, 23.4521541595, 23.8701133728, 24.2996826172, 24.7176418304, 25.1356010437, 25.5651702881, 25.9947395325, 26.435918808, 26.865486145, 27.2950553894, 27.7130146027, 28.142583847, 28.5605430603, 29.0017223358, 29.4080715179, 29.8260307312, 30.2555999756, 30.68516922, 31.1147384644, 31.5326976776, 31.9738769531, 32.4266662598, 32.8794555664, 33.3206329346, 33.7618141174, 34.1797714233, 34.5977325439, 35.0040817261, 35.422039032, 35.8283882141, 36.2463493347, 36.6643066406, 37.0822677612, 37.4886169434, 37.9181861877, 38.3477554321, 38.7773246765, 39.1836738586, 39.5900230408, 39.9963722229, 40.402721405, 40.8090705872, 41.2154197693, 41.6449890137, 42.0745582581, 42.5157356262, 42.9569168091, 43.374874115, 43.8160552979, 44.257232666, 44.6984100342]
},
"tonal": {
    "chords_changes_rate": 0.0596707835793,
    "chords_number_rate": 0.0154320988804,
    "chords_strength": {
        "mean": 0.430586010218,
        "var": 0.00719096977264
    },
    "hpcp_entropy": {
        "mean": 1.62450838089,
        "var": 0.581648230553
    },
    "key_strength": 0.724390566349,
    "tuning_diatonic_strength": 0.44017162919,
    "tuning_equal_tempered_deviation": 0.0652412846684,
    "tuning_frequency": 440.763122559,
    "tuning_nontempered_energy_ratio": 0.651114881039,
    "hpcp": {
        "mean": [0.375794529915, 0.18745970726, 0.0502916611731, 0.0579652786255, 0.036251205951, 0.0651603490114, 0.108475767076, 0.0666265785694, 0.0522659420967, 0.059380505234, 0.0288008805364, 0.0343302600086, 0.0481956861913, 0.0347645394504, 0.12327760458, 0.208934962749, 0.112583704293, 0.0612263940275, 0.0788694545627, 0.0380547009408, 0.0814964994788, 0.159510716796, 0.0901386365294, 0.0170766618103, 0.0183683522046, 0.0233882796019, 0.109321266413, 0.138334423304, 0.0695775523782, 0.174149870872, 0.236176133156, 0.103901796043, 0.0624158494174, 0.0903696715832, 0.09706235677, 0.258728414774],
        "var": [0.180016353726, 0.0537363365293, 0.0234634689987, 0.036103323102, 0.0154584795237, 0.0263634510338, 0.072960473597, 0.0225319154561, 0.0249038804322, 0.0399042330682, 0.00812307093292, 0.00885988492519, 0.0162509307265, 0.00796508416533, 0.0369391515851, 0.103346936405, 0.0279876533896, 0.0304267667234, 0.0608047433197, 0.0143048129976, 0.0197989270091, 0.0787988305092, 0.0280547831208, 0.00457189325243, 0.00652790628374, 0.00371170137078, 0.0575034692883, 0.0864215642214, 0.0195513181388, 0.0844019204378, 0.145361766219, 0.031834512949, 0.0235964842141, 0.0450622849166, 0.0394669771194, 0.0885170996189]
    },
    "chords_histogram": [23.2510280609, 20.9876537323, 5.14403295517, 4.73251008987, 0, 0, 0, 0, 1.44032919407, 0, 0, 2.77777767181, 8.43621444702, 0.925925910473, 2.26337456703, 3.49794244766, 0, 2.36625504494, 1.13168728352, 2.46913576126, 0, 1.54320991039, 17.4897117615, 1.54320991039],
    "thpcp": [1, 0.498835653067, 0.133827552199, 0.154247269034, 0.096465498209, 0.173393547535, 0.288657128811, 0.17729523778, 0.139081165195, 0.158013224602, 0.0766399651766, 0.0913538038731, 0.128250107169, 0.0925094336271, 0.328045248985, 0.555981934071, 0.299588471651, 0.162925183773, 0.209873870015, 0.101264648139, 0.216864511371, 0.424462586641, 0.239861488342, 0.0454414859414, 0.048878710717, 0.0622368827462, 0.290907025337, 0.368111848831, 0.185147851706, 0.463417798281, 0.628471434116, 0.276485651731, 0.166090354323, 0.240476280451, 0.258285701275, 0.688483715057],
    "chords_key": "D",
    "chords_scale": "major",
    "key_key": "D",
    "key_scale": "major"
}
}