{
"lowlevel": {
    "average_loudness": 0.98022133112,
    "barkbands_crest": {
        "mean": 11.317656517,
        "var": 26.4442520142
    },
    "barkbands_flatness_db": {
        "mean": 0.200354397297,
        "var": 0.00519482884556
    },
    "barkbands_kurtosis": {
        "mean": 14.3875799179,
        "var": 1158.03173828
    },
    "barkbands_skewness": {
        "mean": 2.15793561935,
        "var": 6.05422306061
    },
    "barkbands_spread": {
        "mean": 14.4327039719,
        "var": 178.636489868
    },
    "dissonance": {
        "mean": 0.430322557688,
        "var": 0.00330754369497
    },
    "dynamic_complexity": 3.30164980888,
    "erbbands_crest": {
        "mean": 10.5559434891,
        "var": 18.3373889923
    },
    "erbbands_flatness_db": {
        "mean": 0.201176673174,
        "var": 0.00418395875022
    },
    "erbbands_kurtosis": {
        "mean": 1.62914073467,
        "var": 16.0304489136
    },
    "erbbands_skewness": {
        "mean": 0.442121267319,
        "var": 0.934021830559
    },
    "erbbands_spread": {
        "mean": 34.2139511108,
        "var": 595.504821777
    },
    "hfc": {
        "mean": 14.3550453186,
        "var": 307.683929443
    },
    "melbands_crest": {
        "mean": 16.2262229919,
        "var": 40.075050354
    },
    "melbands_flatness_db": {
        "mean": 0.270957022905,
        "var": 0.00918153394014
    },
    "melbands_kurtosis": {
        "mean": 29.6054821014,
        "var": 4391.98291016
    },
    "melbands_skewness": {
        "mean": 3.01246356964,
        "var": 8.56549358368
    },
    "melbands_spread": {
        "mean": 17.5648231506,
        "var": 418.339691162
    },
    "pitch_salience": {
        "mean": 0.519844532013,
        "var": 0.0254806056619
    },
    "silence_rate_20dB": {
        "mean": 1,
        "var": 0
    },
    "silence_rate_30dB": {
        "mean": 0.949536561966,
        "var": 0.0479177981615
    },
    "silence_rate_60dB": {
        "mean": 0.0504634380341,
        "var": 0.0479177907109
    },
    "spectral_centroid": {
        "mean": 967.106201172,
        "var": 484422.3125
    },
    "spectral_complexity": {
        "mean": 12.5607624054,
        "var": 86.8168411255
    },
    "spectral_decrease": {
        "mean": -7.40941619171e-009,
        "var": 8.70025788956e-017
    },
    "spectral_energy": {
        "mean": 0.0292669180781,
        "var": 0.00129229482263
    },
    "spectral_energyband_high": {
        "mean": 0.000423117482569,
        "var": 1.09763300316e-006
    },
    "spectral_energyband_low": {
        "mean": 0.0148600526154,
        "var": 0.00104884139728
    },
    "spectral_energyband_middle_high": {
        "mean": 0.00430189911276,
        "var": 5.19967870787e-005
    },
    "spectral_energyband_middle_low": {
        "mean": 0.0112517550588,
        "var": 0.000190700695384
    },
    "spectral_entropy": {
        "mean": 7.12754106522,
        "var": 0.415552228689
    },
    "spectral_flux": {
        "mean": 0.0997855886817,
        "var": 0.00658142566681
    },
    "spectral_kurtosis": {
        "mean": 9.03469467163,
        "var": 94.6034927368
    },
    "spectral_rms": {
        "mean": 0.00460251932964,
        "var": 7.36984884497e-006
    },
    "spectral_rolloff": {
        "mean": 1217.44592285,
        "var": 2437096.75
    },
    "spectral_skewness": {
        "mean": 2.08297848701,
        "var": 1.11923098564
    },
    "spectral_spread": {
        "mean": 3926741.75,
        "var": 4.08892368486e+012
    },
    "spectral_strongpeak": {
        "mean": 0.88720780611,
        "var": 0.818247258663
    },
    "zerocrossingrate": {
        "mean": 0.0439234375954,
        "var": 0.00165647035465
    },
    "barkbands": {
        "mean": [0.000388502288843, 0.00993150379509, 0.00312413903885, 0.00210916507058, 0.00212148902938, 0.00153144320939, 0.00198053522035, 0.00195665005594, 0.00123296212405, 0.00135480810422, 0.000532081758138, 0.000565246678889, 0.000305679393932, 0.000394133065129, 0.000350860878825, 0.000331589224515, 0.000297436083201, 0.00015290932788, 0.00013575371122, 9.84789367067e-005, 0.000128680418129, 8.65832189447e-005, 7.63288480812e-005, 5.41027038707e-005, 1.60877661983e-005, 9.17826037039e-006, 5.80025755426e-007],
        "var": [1.10159510314e-006, 0.000722217548173, 7.73060746724e-005, 1.4903031115e-005, 2.6628104024e-005, 9.30825171963e-006, 2.07657576539e-005, 1.90786013263e-005, 7.20031721357e-006, 1.46692646013e-005, 3.381855322e-006, 3.00444457935e-006, 1.21079926885e-006, 1.11586848561e-006, 1.04853813809e-006, 6.02617035383e-007, 8.9436628059e-007, 1.51051636976e-007, 1.87082562775e-007, 1.00284054838e-007, 1.31070436282e-007, 5.99103771037e-008, 3.4908442359e-008, 3.08263885529e-008, 1.62563851269e-009, 5.46195422224e-010, 3.56512215582e-012]
    },
    "erbbands": {
        "mean": [0.302321463823, 2.11450386047, 3.44981622696, 6.87314987183, 7.3721613884, 5.33673048019, 8.34728527069, 14.5947132111, 28.5720481873, 37.9898681641, 31.8483562469, 27.7844963074, 41.2418174744, 33.9036178589, 23.3911075592, 19.4959888458, 14.971570015, 15.7016057968, 24.0095558167, 15.0068473816, 19.6278362274, 17.2702980042, 9.51408195496, 6.57108354568, 6.86478471756, 4.45908546448, 5.5089802742, 4.50526952744, 2.9963555336, 2.7556886673, 2.1681702137, 1.44851374626, 0.704322814941, 0.23684194684, 0.0866238325834, 0.0485913492739, 0.0152836060151, 0.00234063249081, 8.22572983452e-005, 3.56451018888e-005],
        "var": [0.546179950237, 40.0194473267, 98.092956543, 180.623855591, 429.643798828, 118.513999939, 218.295806885, 865.054138184, 4749.09619141, 8233.65039063, 6280.60595703, 4684.50390625, 7891.10058594, 13884.5078125, 4949.86083984, 3405.58569336, 2463.00146484, 1693.67492676, 4560.60498047, 1177.81628418, 2205.22167969, 3354.00024414, 589.351379395, 324.113006592, 558.494567871, 188.476913452, 305.038696289, 137.09274292, 68.6204910278, 56.9264640808, 29.613948822, 17.9189872742, 6.34017801285, 0.41697371006, 0.0430884994566, 0.0140138678253, 0.00152933341451, 3.83309343306e-005, 4.14722300945e-008, 1.6405298231e-009]
    },
    "gfcc": {
        "mean": [-62.063041687, 117.120368958, -111.81325531, 23.3147754669, -65.0162963867, 6.01481580734, -37.040019989, 3.99568963051, -14.265835762, -7.7007060051, -19.2488632202, -3.53546929359, -11.5526914597],
        "cov": [[6232.5390625, -1451.78088379, -761.824035645, 413.28616333, -249.439117432, 234.282684326, -240.457489014, 115.666732788, -49.7912368774, 260.50579834, -58.3288612366, 201.953491211, -112.975509644], [-1451.78088379, 1993.08850098, -96.5563354492, -547.192687988, 290.766479492, -183.043487549, 262.244506836, -61.1419334412, 236.088653564, -171.424591064, 182.259140015, -143.403839111, 120.959220886], [-761.824035645, -96.5563354492, 1493.03381348, 449.062896729, 175.318222046, 211.528625488, 207.607391357, 195.14515686, -94.2612533569, 126.24294281, 10.0756978989, 76.5268936157, -16.4794425964], [413.28616333, -547.192687988, 449.062896729, 1084.51843262, 175.450454712, 83.3231277466, 6.8297829628, 34.0406074524, -27.5734519958, 123.098457336, 20.6080932617, 32.951210022, 86.7162399292], [-249.439117432, 290.766479492, 175.318222046, 175.450454712, 515.561767578, 162.249435425, 62.0221633911, -10.9136800766, 66.8750076294, 137.500534058, 17.5298290253, 8.78435993195, 76.0598678589], [234.282684326, -183.043487549, 211.528625488, 83.3231277466, 162.249435425, 418.743164063, 151.828063965, 28.1671676636, 28.2813949585, 124.44959259, 22.2391643524, 0.00296327867545, 10.6873311996], [-240.457489014, 262.244506836, 207.607391357, 6.8297829628, 62.0221633911, 151.828063965, 365.31427002, 100.16053009, 7.52918100357, 27.0775985718, 74.8503036499, -4.23158788681, 38.7842216492], [115.666732788, -61.1419334412, 195.14515686, 34.0406074524, -10.9136800766, 28.1671676636, 100.16053009, 203.776275635, 38.5980453491, -5.34044551849, 11.3132858276, 56.4652900696, 10.6892061234], [-49.7912368774, 236.088653564, -94.2612533569, -27.5734519958, 66.8750076294, 28.2813949585, 7.52918100357, 38.5980453491, 256.111694336, 12.9988651276, 42.1406097412, -18.5384750366, 40.6715354919], [260.50579834, -171.424591064, 126.24294281, 123.098457336, 137.500534058, 124.44959259, 27.0775985718, -5.34044551849, 12.9988651276, 285.940002441, 61.3139724731, 22.1031990051, 6.52742195129], [-58.3288612366, 182.259140015, 10.0756978989, 20.6080932617, 17.5298290253, 22.2391643524, 74.8503036499, 11.3132858276, 42.1406097412, 61.3139724731, 205.260406494, 28.7390098572, 28.4408607483], [201.953491211, -143.403839111, 76.5268936157, 32.951210022, 8.78435993195, 0.00296327867545, -4.23158788681, 56.4652900696, -18.5384750366, 22.1031990051, 28.7390098572, 154.713760376, 16.3343753815], [-112.975509644, 120.959220886, -16.4794425964, 86.7162399292, 76.0598678589, 10.6873311996, 38.7842216492, 10.6892061234, 40.6715354919, 6.52742195129, 28.4408607483, 16.3343753815, 132.455352783]],
        "icov": [[0.000280721433228, -0.000120107157272, 0.000340537982993, -0.000281906046439, 0.000297781196423, -0.000430571119068, 0.000283578090603, -0.000501274771523, 0.00019231166516, -0.000382190861274, 0.000226379401283, -0.000414723384893, 0.000359530124115], [-0.000120107157272, 0.00246482505463, -0.000776361615863, 0.00156172725838, -0.00224518822506, 0.00242270762101, -0.00211521377787, 0.0019096249016, -0.00174123223405, 0.00192022370175, -0.00205237953924, 0.00189744064119, -0.0012666170951], [0.000340537982993, -0.000776361615863, 0.00162287661806, -0.00107953406405, 0.000650486443192, -0.00131161103491, 0.000576643215027, -0.00193240412045, 0.0011468679877, -0.00104061572347, 0.000844424474053, -0.00105827441439, 0.00127581437118], [-0.000281906046439, 0.00156172725838, -0.00107953406405, 0.00234960950911, -0.00170127209276, 0.00173741928302, -0.00110398768447, 0.00143556005787, -0.000964213861153, 0.00113032816444, -0.00146330869757, 0.00159079651348, -0.00193665048573], [0.000297781196423, -0.00224518822506, 0.000650486443192, -0.00170127209276, 0.00500348582864, -0.00301097962074, 0.0018602584023, -0.00119798770174, 0.000914625648875, -0.00287130312063, 0.00247457297519, -0.00216679647565, 1.73247208295e-005], [-0.000430571119068, 0.00242270762101, -0.00131161103491, 0.00173741928302, -0.00301097962074, 0.00627857493237, -0.0037346559111, 0.00276405271143, -0.0022973313462, 0.00110536557622, -0.00160702934954, 0.00212279590778, -0.00105322024319], [0.000283578090603, -0.00211521377787, 0.000576643215027, -0.00110398768447, 0.0018602584023, -0.0037346559111, 0.00656690821052, -0.00421186117455, 0.00251618144102, -0.00138161808718, 6.86323983246e-005, -0.000276391539956, -6.70104345772e-005], [-0.000501274771523, 0.0019096249016, -0.00193240412045, 0.00143556005787, -0.00119798770174, 0.00276405271143, -0.00421186117455, 0.0101981097832, -0.00372653501108, 0.00223520142026, -0.00068479712354, -0.00121243204921, -0.00114584271796], [0.00019231166516, -0.00174123223405, 0.0011468679877, -0.000964213861153, 0.000914625648875, -0.0022973313462, 0.00251618144102, -0.00372653501108, 0.00644644862041, -0.00139944092371, 0.000209550518775, 0.000106388244603, -0.000216381216887], [-0.000382190861274, 0.00192022370175, -0.00104061572347, 0.00113032816444, -0.00287130312063, 0.00110536557622, -0.00138161808718, 0.00223520142026, -0.00139944092371, 0.00669688312337, -0.00320164859295, 0.00139047997072, -0.00054957770044], [0.000226379401283, -0.00205237953924, 0.000844424474053, -0.00146330869757, 0.00247457297519, -0.00160702934954, 6.86323983246e-005, -0.00068479712354, 0.000209550518775, -0.00320164859295, 0.00812591798604, -0.00328577449545, 0.000628089474048], [-0.000414723384893, 0.00189744064119, -0.00105827441439, 0.00159079651348, -0.00216679647565, 0.00212279590778, -0.000276391539956, -0.00121243204921, 0.000106388244603, 0.00139047997072, -0.00328577449545, 0.0102117983624, -0.00266287242994], [0.000359530124115, -0.0012666170951, 0.00127581437118, -0.00193665048573, 1.73247208295e-005, -0.00105322024319, -6.70104345772e-005, -0.00114584271796, -0.000216381216887, -0.00054957770044, 0.000628089474048, -0.00266287242994, 0.0109138451517]]
    },
    "melbands": {
        "mean": [0.00275202631019, 0.00225833174773, 0.00117774307728, 0.00045620277524, 0.000280698586721, 0.000333458301611, 0.000415658083512, 0.000437055161456, 0.000231843325309, 0.000175881490577, 0.000210835583857, 0.000148243430885, 7.55321598263e-005, 6.86641724315e-005, 3.61916827387e-005, 3.03777833324e-005, 2.93233224511e-005, 4.22329831054e-005, 2.40526387643e-005, 1.83602969628e-005, 2.38951979554e-005, 1.87026344065e-005, 1.17838408187e-005, 6.27780673312e-006, 5.10048448632e-006, 5.30456054548e-006, 3.9976921471e-006, 2.69070483228e-006, 3.48814569406e-006, 3.36786138178e-006, 2.2110352802e-006, 1.54353153903e-006, 1.83975237178e-006, 1.40456893405e-006, 1.28941849198e-006, 1.05413244e-006, 8.35875709981e-007, 5.50183926862e-007, 2.95911434023e-007, 1.62785568136e-007],
        "var": [5.06728756591e-005, 3.68041801266e-005, 4.76383502246e-006, 1.69796771843e-006, 2.07643196859e-007, 4.26108016427e-007, 9.82622054835e-007, 1.03650836536e-006, 3.46994767142e-007, 1.79530644573e-007, 2.13060360466e-007, 2.6447199275e-007, 5.27943520012e-008, 4.67163125961e-008, 1.36164164388e-008, 1.38517313175e-008, 6.36457064829e-009, 1.47022634067e-008, 4.52333814849e-009, 1.68741609574e-009, 3.61018792638e-009, 3.93779853169e-009, 1.31945565585e-009, 2.65018423873e-010, 1.95743435349e-010, 3.61467411558e-010, 1.80067835642e-010, 6.83170880977e-011, 1.41931272291e-010, 1.00134935066e-010, 3.07381585463e-011, 1.72257624831e-011, 3.19709154983e-011, 1.34551623315e-011, 1.04063129641e-011, 7.88537898172e-012, 7.24557610091e-012, 4.36463625658e-012, 8.81585386289e-013, 1.79301777418e-013]
    },
    "mfcc": {
        "mean": [-706.528076172, 145.463653564, 8.60010910034, 17.9848670959, -3.5235209465, 0.487689703703, -13.7942466736, 7.01115846634, 0.0700549930334, 0.87821996212, -3.3054432869, -1.09256470203, -7.22528457642],
        "cov": [[6435.15966797, -1631.48327637, -868.688293457, -32.3230056763, -120.669418335, 89.4018325806, -223.44052124, -27.7804260254, -66.28931427, 25.5789203644, -169.033905029, 187.554031372, 240.569778442], [-1631.48327637, 2255.31298828, -276.411834717, -428.336639404, -62.5290489197, -148.693572998, 15.2650661469, 69.1141357422, 48.1118469238, -8.18377017975, 132.434936523, 16.5583534241, -12.8454351425], [-868.688293457, -276.411834717, 1145.37072754, 360.478729248, 94.9518737793, 95.571723938, 262.846862793, 120.822616577, 45.8901748657, 63.9521369934, 114.190254211, 12.4035272598, -52.2849807739], [-32.3230056763, -428.336639404, 360.478729248, 837.520629883, 221.270645142, 98.8367080688, 112.515838623, -14.819311142, 52.5691261292, 1.18095850945, 6.40108394623, 2.06091070175, 36.4485321045], [-120.669418335, -62.5290489197, 94.9518737793, 221.270645142, 443.020172119, 197.009277344, 3.97744894028, -28.5958900452, 78.3672714233, 50.2236595154, 7.50645685196, 24.0254459381, 28.3860416412], [89.4018325806, -148.693572998, 95.571723938, 98.8367080688, 197.009277344, 414.594604492, 185.469223022, -58.9591903687, 90.8630371094, 90.0994644165, 43.5528297424, 71.6035690308, 57.0488929749], [-223.44052124, 15.2650661469, 262.846862793, 112.515838623, 3.97744894028, 185.469223022, 417.055969238, 24.1284332275, 45.1053314209, 46.5408477783, 76.2956848145, 52.1433601379, 36.1875534058], [-27.7804260254, 69.1141357422, 120.822616577, -14.819311142, -28.5958900452, -58.9591903687, 24.1284332275, 273.10848999, 53.7147750854, 3.31492257118, 18.1158828735, -7.32320022583, -17.055513382], [-66.28931427, 48.1118469238, 45.8901748657, 52.5691261292, 78.3672714233, 90.8630371094, 45.1053314209, 53.7147750854, 212.139266968, 82.7386703491, -1.05040597916, 9.04331684113, 14.2283563614], [25.5789203644, -8.18377017975, 63.9521369934, 1.18095850945, 50.2236595154, 90.0994644165, 46.5408477783, 3.31492257118, 82.7386703491, 185.073898315, 61.0006713867, 21.5195426941, -0.621210932732], [-169.033905029, 132.434936523, 114.190254211, 6.40108394623, 7.50645685196, 43.5528297424, 76.2956848145, 18.1158828735, -1.05040597916, 61.0006713867, 157.491744995, 41.9051589966, -2.18706488609], [187.554031372, 16.5583534241, 12.4035272598, 2.06091070175, 24.0254459381, 71.6035690308, 52.1433601379, -7.32320022583, 9.04331684113, 21.5195426941, 41.9051589966, 152.806488037, 83.8603973389], [240.569778442, -12.8454351425, -52.2849807739, 36.4485321045, 28.3860416412, 57.0488929749, 36.1875534058, -17.055513382, 14.2283563614, -0.621210932732, -2.18706488609, 83.8603973389, 165.399734497]],
        "icov": [[0.000269164127531, 0.000224931223784, 0.000261104491074, -1.40138899951e-005, 9.24081759877e-005, -4.53383363492e-005, 5.66079907003e-005, -0.000188049030839, 8.47761693876e-005, -0.000151392858243, 4.92718245368e-005, -0.000297585909721, -0.000176723406184], [0.000224931223784, 0.000789389072452, 0.000377310207114, 0.000309198861942, -0.000172656204086, 0.000398114032578, -0.000208646757528, -0.000141537602758, -0.000354774325388, 0.000198999739951, -0.00071810465306, -0.000212764789467, -0.000161698219017], [0.000261104491074, 0.000377310207114, 0.00161494268104, -0.000426621350925, -0.000109141554276, 0.000159730450832, -0.000670238514431, -0.000684355443809, 0.000116418668767, -0.000241435045609, -0.000613031501416, -0.000421225326136, 0.000488299992867], [-1.40138899951e-005, 0.000309198861942, -0.000426621350925, 0.00184388528578, -0.000936224125326, 0.000483210518723, -0.000431905558798, 0.000338615733199, -0.000485184631543, 0.000534540275112, -0.000284934882075, 0.000405102880904, -0.000538789026905], [9.24081759877e-005, -0.000172656204086, -0.000109141554276, -0.000936224125326, 0.00375228235498, -0.00208833464421, 0.00131251558196, -8.32295118016e-005, -0.000321843021084, -0.000233747879975, 0.000242886933847, -8.3626146079e-005, -0.000123000325402], [-4.53383363492e-005, 0.000398114032578, 0.000159730450832, 0.000483210518723, -0.00208833464421, 0.00521749118343, -0.00221775798127, 0.00119626556989, -0.00124056858476, -0.000668842345476, -0.00044208439067, -0.000886740803253, -0.000243790462264], [5.66079907003e-005, -0.000208646757528, -0.000670238514431, -0.000431905558798, 0.00131251558196, -0.00221775798127, 0.00414909096435, -0.000361968006473, -3.46133638232e-005, 0.000167572419741, -0.000727054313757, -9.03611653484e-005, -0.000580839521717], [-0.000188049030839, -0.000141537602758, -0.000684355443809, 0.000338615733199, -8.32295118016e-005, 0.00119626556989, -0.000361968006473, 0.0046971431002, -0.00186179310549, 0.000720977899618, -0.000624563370366, 0.00016389763914, 0.000208299912629], [8.47761693876e-005, -0.000354774325388, 0.000116418668767, -0.000485184631543, -0.000321843021084, -0.00124056858476, -3.46133638232e-005, -0.00186179310549, 0.00740045448765, -0.00339354434982, 0.00223827292211, 0.000127774954308, -0.00039297141484], [-0.000151392858243, 0.000198999739951, -0.000241435045609, 0.000534540275112, -0.000233747879975, -0.000668842345476, 0.000167572419741, 0.000720977899618, -0.00339354434982, 0.00849862582982, -0.00349655817263, 0.000169862381881, 0.000541516754311], [4.92718245368e-005, -0.00071810465306, -0.000613031501416, -0.000284934882075, 0.000242886933847, -0.00044208439067, -0.000727054313757, -0.000624563370366, 0.00223827292211, -0.00349655817263, 0.0100744422525, -0.00259912875481, 0.0011923701968], [-0.000297585909721, -0.000212764789467, -0.000421225326136, 0.000405102880904, -8.3626146079e-005, -0.000886740803253, -9.03611653484e-005, 0.00016389763914, 0.000127774954308, 0.000169862381881, -0.00259912875481, 0.0108517017215, -0.00499595887959], [-0.000176723406184, -0.000161698219017, 0.000488299992867, -0.000538789026905, -0.000123000325402, -0.000243790462264, -0.000580839521717, 0.000208299912629, -0.00039297141484, 0.000541516754311, 0.0011923701968, -0.00499595887959, 0.00940192583948]]
    },
    "spectral_contrast_coeffs": {
        "mean": [-0.579219222069, -0.722383320332, -0.742306053638, -0.787535607815, -0.78730070591, -0.76152330637],
        "var": [0.00991441030055, 0.00570310140029, 0.00741857755929, 0.00413860986009, 0.00371112907305, 0.00236087734811]
    },
    "spectral_contrast_valleys": {
        "mean": [-8.06857967377, -6.91710710526, -7.76977109909, -8.32604217529, -8.47448158264, -11.0338001251],
        "var": [1.310536623, 0.955706477165, 1.38551962376, 1.42633163929, 1.52711522579, 1.53617334366]
    }
},
"metadata": {
    "audio_properties": {
        "analysis_sample_rate": 44100,
        "bit_rate": 128074,
        "equal_loudness": 0,
        "length": 45.0612258911,
        "lossless": 0,
        "replay_gain": -5.85542297363,
        "sample_rate": 44100,
        "codec": "mp3",
        "downmix": "mix",
        "md5_encoded": "c60216498fb456a6305c4d868f2b5ca4"
    },
    "tags": {
        "file_name": "1510.mp3"
    },
    "version": {
        "essentia": "2.1-beta2",
        "essentia_git_sha": "v2.1_beta2",
        "extractor": "music 1.0"
    }
},
"rhythm": {
    "beats_count": 62,
    "beats_loudness": {
        "mean": 0.0686973258853,
        "var": 0.00251941336319
    },
    "bpm": 82.9870758057,
    "bpm_histogram_first_peak_bpm": {
        "mean": 83,
        "var": 0
    },
    "bpm_histogram_first_peak_spread": {
        "mean": 0.0327869057655,
        "var": 0
    },
    "bpm_histogram_first_peak_weight": {
        "mean": 0.967213094234,
        "var": 0
    },
    "bpm_histogram_second_peak_bpm": {
        "mean": 0,
        "var": 0
    },
    "bpm_histogram_second_peak_spread": {
        "mean": 0,
        "var": 0
    },
    "bpm_histogram_second_peak_weight": {
        "mean": 0,
        "var": 0
    },
    "danceability": 1.89834928513,
    "onset_rate": 5.12404823303,
    "beats_loudness_band_ratio": {
        "mean": [0.592947602272, 0.233960434794, 0.0986425057054, 0.0430400036275, 0.0861413925886, 0.0762502551079],
        "var": [0.0909789502621, 0.0432631745934, 0.014193884097, 0.00450208503753, 0.0160531345755, 0.0150725999847]
    },
    "beats_position": [0.708208620548, 1.42802715302, 2.15945577621, 2.87927436829, 3.58748292923, 4.3073015213, 5.02712011337, 5.75854873657, 6.48997735977, 7.20979595184, 7.94122457504, 8.66104316711, 9.38086128235, 10.1006803513, 10.8204984665, 11.5403175354, 12.2601356506, 12.9799547195, 13.7113828659, 14.4428119659, 15.1626300812, 15.8824491501, 16.602268219, 17.3336963654, 18.0651245117, 18.784942627, 19.5047607422, 20.2245807648, 20.94439888, 21.6758270264, 22.4072551727, 23.1270751953, 23.8468933105, 24.5667114258, 25.286529541, 26.0063495636, 26.7261676788, 27.4575958252, 28.1890239716, 28.9088420868, 29.6286621094, 30.3484802246, 31.0682983398, 31.7881164551, 32.5195465088, 33.2509727478, 33.9707946777, 34.690612793, 35.4104309082, 36.1302490234, 36.8500671387, 37.5698852539, 38.2897033691, 39.0211334229, 39.7525634766, 40.4723815918, 41.1805877686, 41.9004058838, 42.6318359375, 43.3516540527, 44.0830841064, 44.8145103455]
},
"tonal": {
    "chords_changes_rate": 0.0483539104462,
    "chords_number_rate": 0.00514403311536,
    "chords_strength": {
        "mean": 0.526344656944,
        "var": 0.00329440459609
    },
    "hpcp_entropy": {
        "mean": 1.85927331448,
        "var": 0.597377598286
    },
    "key_strength": 0.745809316635,
    "tuning_diatonic_strength": 0.62292945385,
    "tuning_equal_tempered_deviation": 0.252026885748,
    "tuning_frequency": 434.193115234,
    "tuning_nontempered_energy_ratio": 0.960985124111,
    "hpcp": {
        "mean": [0.159227311611, 0.12171214819, 0.0699395686388, 0.0552960969508, 0.0563071593642, 0.0577341280878, 0.0654931440949, 0.0738192424178, 0.108737781644, 0.135010540485, 0.114498533309, 0.113681599498, 0.278925120831, 0.445241957903, 0.291668713093, 0.102706708014, 0.0729056596756, 0.0743791386485, 0.0808534920216, 0.0633437484503, 0.0519558042288, 0.0803445130587, 0.0956165194511, 0.0874843895435, 0.0799446329474, 0.0566560924053, 0.0481852814555, 0.13036467135, 0.22252035141, 0.156594008207, 0.0876084789634, 0.112964563072, 0.135399460793, 0.187025994062, 0.209008693695, 0.174435600638],
        "var": [0.06814879179, 0.0415288358927, 0.0168698392808, 0.0174813102931, 0.0157725326717, 0.0152782602236, 0.0172950010747, 0.0210648942739, 0.0482463613153, 0.0675018057227, 0.0411168001592, 0.0403670035303, 0.0754345208406, 0.172265350819, 0.0901727378368, 0.0391152314842, 0.0277937650681, 0.0268569756299, 0.0339448228478, 0.0214508064091, 0.0134554263204, 0.0209984127432, 0.0243873260915, 0.0308982878923, 0.0375043898821, 0.0192011483014, 0.0146624110639, 0.043312266469, 0.122893229127, 0.0539373010397, 0.035136885941, 0.0572233721614, 0.0616101771593, 0.0595201812685, 0.0672660768032, 0.0665215998888]
    },
    "chords_histogram": [24.0740737915, 0.720164597034, 70.0617294312, 0, 0, 0, 0, 1.95473253727, 0, 2.05761313438, 0, 0, 0, 0, 0, 0, 0, 0, 0, 1.13168728352, 0, 0, 0, 0],
    "thpcp": [1, 0.655079126358, 0.230676159263, 0.163743913174, 0.167053297162, 0.181594505906, 0.142268151045, 0.116691164672, 0.180451348424, 0.214751809835, 0.196487292647, 0.179553225636, 0.127247869968, 0.108222685754, 0.29279512167, 0.499773979187, 0.351705402136, 0.196766003966, 0.253715008497, 0.30410310626, 0.420054733753, 0.469427227974, 0.391777098179, 0.357619732618, 0.273361802101, 0.157082155347, 0.124193362892, 0.126464173198, 0.129669114947, 0.147095620632, 0.165795788169, 0.244221776724, 0.303229600191, 0.257160246372, 0.255325436592, 0.626457393169],
    "chords_key": "C#",
    "chords_scale": "minor",
    "key_key": "F#",
    "key_scale": "minor"
}
}