{
"lowlevel": {
    "average_loudness": 0.979095220566,
    "barkbands_crest": {
        "mean": 10.6319551468,
        "var": 14.634478569
    },
    "barkbands_flatness_db": {
        "mean": 0.181428536773,
        "var": 0.00646047620103
    },
    "barkbands_kurtosis": {
        "mean": 11.6910152435,
        "var": 4650.34814453
    },
    "barkbands_skewness": {
        "mean": 1.85771811008,
        "var": 5.24829387665
    },
    "barkbands_spread": {
        "mean": 24.7720508575,
        "var": 324.717224121
    },
    "dissonance": {
        "mean": 0.439730852842,
        "var": 0.00297328131273
    },
    "dynamic_complexity": 1.95675587654,
    "erbbands_crest": {
        "mean": 12.9123268127,
        "var": 34.7878570557
    },
    "erbbands_flatness_db": {
        "mean": 0.177924618125,
        "var": 0.00428250059485
    },
    "erbbands_kurtosis": {
        "mean": 2.99149608612,
        "var": 179.11730957
    },
    "erbbands_skewness": {
        "mean": 0.412634968758,
        "var": 1.96197903156
    },
    "erbbands_spread": {
        "mean": 41.4732055664,
        "var": 697.221069336
    },
    "hfc": {
        "mean": 30.9841079712,
        "var": 749.419616699
    },
    "melbands_crest": {
        "mean": 15.542725563,
        "var": 21.0813560486
    },
    "melbands_flatness_db": {
        "mean": 0.251634329557,
        "var": 0.00918516796082
    },
    "melbands_kurtosis": {
        "mean": 24.7880325317,
        "var": 2775.44311523
    },
    "melbands_skewness": {
        "mean": 3.10528516769,
        "var": 6.6256775856
    },
    "melbands_spread": {
        "mean": 24.4953918457,
        "var": 489.329589844
    },
    "pitch_salience": {
        "mean": 0.436803758144,
        "var": 0.0147445108742
    },
    "silence_rate_20dB": {
        "mean": 1,
        "var": 0
    },
    "silence_rate_30dB": {
        "mean": 0.999485075474,
        "var": 0.00051465263823
    },
    "silence_rate_60dB": {
        "mean": 0.0175077244639,
        "var": 0.0172016303986
    },
    "spectral_centroid": {
        "mean": 1380.88354492,
        "var": 626491.625
    },
    "spectral_complexity": {
        "mean": 13.3671474457,
        "var": 81.1697006226
    },
    "spectral_decrease": {
        "mean": -9.19965348345e-009,
        "var": 2.15149511889e-017
    },
    "spectral_energy": {
        "mean": 0.0375320203602,
        "var": 0.000335881719366
    },
    "spectral_energyband_high": {
        "mean": 0.00173806690145,
        "var": 8.5924857558e-006
    },
    "spectral_energyband_low": {
        "mean": 0.018970772624,
        "var": 0.000240875771851
    },
    "spectral_energyband_middle_high": {
        "mean": 0.00708481669426,
        "var": 7.69527323428e-005
    },
    "spectral_energyband_middle_low": {
        "mean": 0.0114266360179,
        "var": 9.67961459537e-005
    },
    "spectral_entropy": {
        "mean": 7.31647253036,
        "var": 0.5122808218
    },
    "spectral_flux": {
        "mean": 0.100566931069,
        "var": 0.00204352522269
    },
    "spectral_kurtosis": {
        "mean": 4.18291091919,
        "var": 21.3437652588
    },
    "spectral_rms": {
        "mean": 0.0058391969651,
        "var": 2.5203196401e-006
    },
    "spectral_rolloff": {
        "mean": 1631.53979492,
        "var": 3805696.5
    },
    "spectral_skewness": {
        "mean": 1.52783060074,
        "var": 0.452145308256
    },
    "spectral_spread": {
        "mean": 5471616.5,
        "var": 4.30254116045e+012
    },
    "spectral_strongpeak": {
        "mean": 1.26106452942,
        "var": 2.72916269302
    },
    "zerocrossingrate": {
        "mean": 0.0637237206101,
        "var": 0.00213074171916
    },
    "barkbands": {
        "mean": [0.000190721984836, 0.00716421706602, 0.0103696454316, 0.00153893698007, 0.000639041594695, 0.00166535528842, 0.00293321511708, 0.00199239165522, 0.00183304527309, 0.00172252464108, 0.000515187741257, 0.000845986418426, 0.000720851297956, 0.00054629042279, 0.000851899036206, 0.000934087845962, 0.000465330202132, 0.000415074522607, 0.000336124969181, 0.000254456157563, 0.00029734391137, 0.000283650500933, 0.000513483013492, 0.000248560361797, 0.000137797323987, 0.000110373308416, 6.43654675514e-006],
        "var": [6.2766119413e-008, 2.36145642702e-005, 0.000138755087391, 6.75032242725e-006, 3.15707893606e-006, 1.06490861072e-005, 3.22302039422e-005, 2.67582017841e-005, 1.77037327376e-005, 2.84206544165e-005, 2.52005406765e-006, 5.80100595471e-006, 4.99732141179e-006, 2.99169823847e-006, 3.81682093575e-006, 5.66673998037e-006, 1.51849485519e-006, 6.53893039271e-007, 5.18693468621e-007, 2.68372446044e-007, 3.0105010751e-007, 3.27110143417e-007, 1.12264865493e-006, 6.67680524202e-007, 1.71918145497e-007, 2.51123083217e-007, 1.91861171395e-009]
    },
    "erbbands": {
        "mean": [0.238037616014, 1.66020703316, 9.32046794891, 10.3041095734, 2.36355614662, 2.1826646328, 5.61544322968, 16.4371261597, 41.1410369873, 43.0584564209, 40.5997848511, 39.1334648132, 63.8879852295, 30.5702419281, 23.1352539063, 37.8646659851, 35.3675460815, 28.4921665192, 32.618927002, 54.889881134, 44.1395797729, 27.1135654449, 21.5629768372, 23.1747989655, 12.986623764, 12.2554121017, 12.5326280594, 10.9534835815, 9.90320110321, 13.0774517059, 15.0527687073, 7.16667938232, 3.28253412247, 1.77084112167, 0.869362592697, 0.649556219578, 0.153588369489, 0.0229828972369, 0.000735220324714, 6.66386767989e-005],
        "var": [0.0284639839083, 1.35300922394, 99.1913223267, 162.992828369, 26.2691993713, 39.0541954041, 156.885360718, 1128.31103516, 6023.87841797, 9414.19921875, 9604.22949219, 7573.47070313, 35214.46875, 6248.63476563, 3837.15405273, 10802.1523438, 10287.1591797, 7636.63574219, 4893.64697266, 15008.2441406, 12019.1328125, 4428.0390625, 1522.91101074, 2430.6940918, 707.508728027, 777.79107666, 683.212158203, 427.877105713, 393.132568359, 881.83807373, 944.266479492, 522.410766602, 94.7889633179, 22.144443512, 11.0201063156, 6.52763605118, 0.746223509312, 0.0191235411912, 2.19078065129e-005, 1.19500978002e-008]
    },
    "gfcc": {
        "mean": [0.508343815804, 68.790763855, -102.745536804, 39.336894989, -53.8401908875, 26.4487380981, -29.9476242065, 18.592206955, -9.68461990356, 13.8158845901, -14.6678600311, 3.80342698097, -17.9229545593],
        "cov": [[6184.65625, -307.819335938, -221.238540649, 482.710968018, 41.4194602966, 422.608703613, -148.960494995, 327.038574219, -204.803222656, -221.794494629, -377.518127441, 71.2128982544, -41.2986335754], [-307.819335938, 1855.96765137, 786.224304199, 344.488525391, 395.585723877, 138.725067139, 257.16027832, -31.7578392029, 214.630599976, 36.1689147949, 70.8197860718, -121.031356812, 44.6311950684], [-221.238540649, 786.224304199, 2100.49804688, 903.870544434, 239.252838135, 227.852630615, 25.7679328918, 14.9219732285, 97.3590316772, 82.1527862549, -10.3465614319, 23.4020862579, -83.0660476685], [482.710968018, 344.488525391, 903.870544434, 1098.29333496, 362.589599609, 204.901123047, 5.08686256409, 67.1603240967, 109.644691467, -23.6036109924, -78.1080932617, 0.20305120945, -19.0150623322], [41.4194602966, 395.585723877, 239.252838135, 362.589599609, 770.765930176, 300.723968506, 57.5937690735, 36.6224021912, -33.795791626, -14.2134208679, 3.16639995575, 5.11866760254, 44.2734413147], [422.608703613, 138.725067139, 227.852630615, 204.901123047, 300.723968506, 496.298034668, 135.540603638, -46.8227539063, -39.7245979309, -36.1454772949, -94.6661453247, -32.3356628418, 14.0705060959], [-148.960494995, 257.16027832, 25.7679328918, 5.08686256409, 57.5937690735, 135.540603638, 320.470062256, 41.8786773682, 39.1270103455, 15.7783927917, 4.87656164169, -73.7275466919, -71.5391387939], [327.038574219, -31.7578392029, 14.9219732285, 67.1603240967, 36.6224021912, -46.8227539063, 41.8786773682, 251.941299438, 59.5150413513, -39.5147094727, 3.94136500359, -1.19074273109, -16.225107193], [-204.803222656, 214.630599976, 97.3590316772, 109.644691467, -33.795791626, -39.7245979309, 39.1270103455, 59.5150413513, 260.366607666, 53.8688011169, -6.22262334824, -40.3369483948, -30.8179702759], [-221.794494629, 36.1689147949, 82.1527862549, -23.6036109924, -14.2134208679, -36.1454772949, 15.7783927917, -39.5147094727, 53.8688011169, 191.273864746, 77.7438354492, -24.3641376495, -18.3449459076], [-377.518127441, 70.8197860718, -10.3465614319, -78.1080932617, 3.16639995575, -94.6661453247, 4.87656164169, 3.94136500359, -6.22262334824, 77.7438354492, 252.375457764, 36.778175354, -8.12503242493], [71.2128982544, -121.031356812, 23.4020862579, 0.20305120945, 5.11866760254, -32.3356628418, -73.7275466919, -1.19074273109, -40.3369483948, -24.3641376495, 36.778175354, 123.39906311, 27.6839542389], [-41.2986335754, 44.6311950684, -83.0660476685, -19.0150623322, 44.2734413147, 14.0705060959, -71.5391387939, -16.225107193, -30.8179702759, -18.3449459076, -8.12503242493, 27.6839542389, 182.681716919]],
        "icov": [[0.000339663296472, -0.000315550976666, 0.0003334285866, -0.000324516295223, 0.000449456070783, -0.000693064299412, 0.000658339704387, -0.000936237222049, 0.000706223538145, -0.00049529329408, 0.000511509191711, -0.000529923243448, 0.000563279667404], [-0.000315550976666, 0.00155866716523, -0.000914005213417, 0.000561528955586, -0.00119191827253, 0.00129215791821, -0.00171208137181, 0.00178325653542, -0.00179612857755, 0.00145532109309, -0.00104987935629, 0.00163391011301, -0.00158318656031], [0.0003334285866, -0.000914005213417, 0.00142939586658, -0.00112418865319, 0.000960296834819, -0.00126328552142, 0.00122010684572, -0.00136525905691, 0.00127397780307, -0.00143202382606, 0.000697395997122, -0.00139380455948, 0.00136607966851], [-0.000324516295223, 0.000561528955586, -0.00112418865319, 0.00217929761857, -0.00123351695947, 0.000696880510077, -0.000563190144021, 0.000897121790331, -0.00158809393179, 0.00113186915405, -0.000265397975454, 0.000788715376984, -0.000676054274663], [0.000449456070783, -0.00119191827253, 0.000960296834819, -0.00123351695947, 0.00316364015453, -0.00255283410661, 0.0016338020796, -0.00233303778805, 0.00202290876769, -0.00151608453598, 0.000431210384704, -0.00144388549961, 0.000990565866232], [-0.000693064299412, 0.00129215791821, -0.00126328552142, 0.000696880510077, -0.00255283410661, 0.00558881368488, -0.00363667332567, 0.0035042357631, -0.00156362168491, 0.00193714548368, -4.98690387758e-005, 0.00172403338365, -0.00223166681826], [0.000658339704387, -0.00171208137181, 0.00122010684572, -0.000563190144021, 0.0016338020796, -0.00363667332567, 0.00711330864578, -0.0036190317478, 0.00197148346342, -0.00182346359361, 0.000567585986573, 0.000222996444791, 0.00355252693407], [-0.000936237222049, 0.00178325653542, -0.00136525905691, 0.000897121790331, -0.00233303778805, 0.0035042357631, -0.0036190317478, 0.00826238747686, -0.00396194076166, 0.00374557357281, -0.00201432383619, 0.00202927971259, -0.00225196406245], [0.000706223538145, -0.00179612857755, 0.00127397780307, -0.00158809393179, 0.00202290876769, -0.00156362168491, 0.00197148346342, -0.00396194076166, 0.00759321264923, -0.00361722777598, 0.00206900364719, -0.00111376552377, 0.00224130181596], [-0.00049529329408, 0.00145532109309, -0.00143202382606, 0.00113186915405, -0.00151608453598, 0.00193714548368, -0.00182346359361, 0.00374557357281, -0.00361722777598, 0.00908893533051, -0.00358898565173, 0.00353105808608, -0.00155627250206], [0.000511509191711, -0.00104987935629, 0.000697395997122, -0.000265397975454, 0.000431210384704, -4.98690387758e-005, 0.000567585986573, -0.00201432383619, 0.00206900364719, -0.00358898565173, 0.00667879125103, -0.00350987375714, 0.00142188940663], [-0.000529923243448, 0.00163391011301, -0.00139380455948, 0.000788715376984, -0.00144388549961, 0.00172403338365, 0.000222996444791, 0.00202927971259, -0.00111376552377, 0.00353105808608, -0.00350987375714, 0.0128860473633, -0.00252813659608], [0.000563279667404, -0.00158318656031, 0.00136607966851, -0.000676054274663, 0.000990565866232, -0.00223166681826, 0.00355252693407, -0.00225196406245, 0.00224130181596, -0.00155627250206, 0.00142188940663, -0.00252813659608, 0.00833010300994]]
    },
    "melbands": {
        "mean": [0.00205058278516, 0.00399219850078, 0.00160029740073, 0.000135228707222, 0.000171183331986, 0.000375356699806, 0.000624181295279, 0.000462328694994, 0.000326846464304, 0.000249548989814, 0.000320980121614, 0.000127757157316, 7.13833069312e-005, 8.92909811228e-005, 0.000105832325062, 5.78971303185e-005, 5.25893919985e-005, 4.6181226935e-005, 7.16009744792e-005, 7.21213509678e-005, 4.60665251012e-005, 2.90616644634e-005, 2.0203024178e-005, 1.90990085684e-005, 1.94090880541e-005, 1.01656414699e-005, 8.31777197163e-006, 7.92147966422e-006, 7.97751999926e-006, 6.29283886155e-006, 6.50973743177e-006, 5.31163414053e-006, 5.96882546233e-006, 7.9092087617e-006, 8.94919048733e-006, 6.63163336867e-006, 3.73671082343e-006, 2.48369246947e-006, 1.65255596585e-006, 1.42514784329e-006],
        "var": [1.9521842205e-006, 1.4860371266e-005, 3.71925102627e-006, 1.8044022454e-007, 1.40067854204e-007, 5.53320091967e-007, 1.32187449253e-006, 1.17398542443e-006, 5.99002021318e-007, 3.44099845506e-007, 9.20151137507e-007, 1.36621011393e-007, 4.46142038868e-008, 6.38623518512e-008, 1.05229794656e-007, 3.06075733647e-008, 3.10483265764e-008, 1.47593768318e-008, 3.04743252855e-008, 3.37284369323e-008, 1.52520147623e-008, 6.98783431119e-009, 1.93461091591e-009, 1.458303589e-009, 2.08347494812e-009, 5.05144370777e-010, 3.69761721242e-010, 4.33704988589e-010, 3.2170566211e-010, 1.55365928456e-010, 1.88290869008e-010, 1.35951819247e-010, 1.703085728e-010, 3.6527003644e-010, 3.39149430761e-010, 3.05380359888e-010, 1.95190294483e-010, 6.27043070245e-011, 1.96495198584e-011, 1.58550689938e-011]
    },
    "mfcc": {
        "mean": [-653.182861328, 98.377204895, 11.7918872833, 23.7875270844, 8.08803367615, 14.1413326263, -2.09523367882, 10.0146255493, 6.05788564682, 12.5721769333, 5.54783153534, 10.8510036469, 8.19812488556],
        "cov": [[6284.27490234, -638.665039063, -326.735198975, -53.9882164001, 127.07358551, -18.9225063324, 7.3244805336, 361.117645264, 188.437698364, 4.24891424179, -241.497161865, -251.613983154, -265.869873047], [-638.665039063, 1629.87512207, 404.611877441, 180.442871094, 190.491622925, 256.454925537, 155.649734497, 22.0823345184, 109.270355225, 101.85799408, 31.1001281738, 59.8000183105, 22.6104869843], [-326.735198975, 404.611877441, 1694.9967041, 589.195068359, 260.577423096, 295.347473145, 10.4734287262, 87.9145889282, 93.5767059326, 2.89556527138, 74.6452560425, 140.270111084, 43.7477226257], [-53.9882164001, 180.442871094, 589.195068359, 812.868225098, 387.861755371, 146.187805176, 48.2225036621, 121.897613525, 89.0782470703, 39.1860122681, 45.9278030396, 110.969238281, 59.0245780945], [127.07358551, 190.491622925, 260.577423096, 387.861755371, 723.417419434, 243.285690308, 155.893356323, 116.398612976, 102.7003479, 2.07686638832, -72.8186569214, -2.53419828415, -46.0535583496], [-18.9225063324, 256.454925537, 295.347473145, 146.187805176, 243.285690308, 591.085510254, 157.438446045, 52.6225471497, 110.768829346, 72.3938293457, 17.1175403595, -44.0075798035, -27.9552497864], [7.3244805336, 155.649734497, 10.4734287262, 48.2225036621, 155.893356323, 157.438446045, 371.09072876, 65.2927093506, -2.93514704704, 37.0589828491, 3.60359501839, -34.4650344849, -25.3428993225], [361.117645264, 22.0823345184, 87.9145889282, 121.897613525, 116.398612976, 52.6225471497, 65.2927093506, 313.278442383, 75.20677948, 48.5403747559, 6.82262182236, -12.7374591827, -45.8999862671], [188.437698364, 109.270355225, 93.5767059326, 89.0782470703, 102.7003479, 110.768829346, -2.93514704704, 75.20677948, 259.694732666, 63.2269439697, -15.1862602234, -25.5794963837, 0.033254981041], [4.24891424179, 101.85799408, 2.89556527138, 39.1860122681, 2.07686638832, 72.3938293457, 37.0589828491, 48.5403747559, 63.2269439697, 214.129669189, 69.6166152954, 15.2062425613, 31.0220870972], [-241.497161865, 31.1001281738, 74.6452560425, 45.9278030396, -72.8186569214, 17.1175403595, 3.60359501839, 6.82262182236, -15.1862602234, 69.6166152954, 163.277801514, 67.6565628052, 38.6874504089], [-251.613983154, 59.8000183105, 140.270111084, 110.969238281, -2.53419828415, -44.0075798035, -34.4650344849, -12.7374591827, -25.5794963837, 15.2062425613, 67.6565628052, 184.025588989, 87.4310302734], [-265.869873047, 22.6104869843, 43.7477226257, 59.0245780945, -46.0535583496, -27.9552497864, -25.3428993225, -45.8999862671, 0.033254981041, 31.0220870972, 38.6874504089, 87.4310302734, 182.163360596]],
        "icov": [[0.000200604656129, 7.66317170928e-005, 1.79535727511e-005, -2.55212144111e-005, 3.06999536406e-005, 5.71962391405e-006, 6.6059992605e-006, -0.000186229182873, -9.48406886891e-005, -8.55634425534e-005, 0.000265048351139, 5.02182338096e-005, 0.000184060467291], [7.66317170928e-005, 0.000758986920118, -0.000124628597405, 2.84041743726e-005, -3.04632048937e-005, -0.000139170573675, -0.000254352780757, 7.5741801993e-005, -0.000239367844188, -0.000288878160063, 0.00021062437736, -0.000292422220809, 0.000137862603879], [1.79535727511e-005, -0.000124628597405, 0.000917075725738, -0.000575110025238, 0.00012448252528, -0.000398321106331, 0.000169950842974, -8.77796119312e-005, -7.94315201347e-005, 0.000349033682141, -0.000128034953377, -0.000418142852141, 0.00014810571156], [-2.55212144111e-005, 2.84041743726e-005, -0.000575110025238, 0.00240045553073, -0.00117104535457, 0.000154125911649, 0.000106442494143, -0.000417077040765, -0.000170787214302, -2.83688459604e-005, -0.000608605041634, -0.000527509080712, -0.000655841780826], [3.06999536406e-005, -3.04632048937e-005, 0.00012448252528, -0.00117104535457, 0.00261211465113, -0.000639975769445, -0.000658027536701, -0.000221077178139, -0.000348159577698, 0.000109761786007, 0.00156391120981, -0.000575843383558, 0.000738665170502], [5.71962391405e-006, -0.000139170573675, -0.000398321106331, 0.000154125911649, -0.000639975769445, 0.00260283448733, -0.000700313132256, 0.000283874134766, -0.000639518373646, -0.000448236940429, -0.000645629945211, 0.000926698034164, 5.18738852406e-005], [6.6059992605e-006, -0.000254352780757, 0.000169950842974, 0.000106442494143, -0.000658027536701, -0.000700313132256, 0.00356065272354, -0.000618697435129, 0.000907705398276, -0.000309249036945, -0.000359317316907, 0.000716470822226, -0.000183519514394], [-0.000186229182873, 7.5741801993e-005, -8.77796119312e-005, -0.000417077040765, -0.000221077178139, 0.000283874134766, -0.000618697435129, 0.00422904687002, -0.000868280243594, -0.00065752887167, -0.000422471523052, -0.000163508724654, 0.00112255022395], [-9.48406886891e-005, -0.000239367844188, -7.94315201347e-005, -0.000170787214302, -0.000348159577698, -0.000639518373646, 0.000907705398276, -0.000868280243594, 0.00524774566293, -0.00135214393958, 0.00074981834041, 0.000964685634244, -0.000705903337803], [-8.55634425534e-005, -0.000288878160063, 0.000349033682141, -2.83688459604e-005, 0.000109761786007, -0.000448236940429, -0.000309249036945, -0.00065752887167, -0.00135214393958, 0.00665598269552, -0.00295753637329, 0.000394611794036, -0.00110793299973], [0.000265048351139, 0.00021062437736, -0.000128034953377, -0.000608605041634, 0.00156391120981, -0.000645629945211, -0.000359317316907, -0.000422471523052, 0.00074981834041, -0.00295753637329, 0.00995731260628, -0.00306186266243, 0.000586891139392], [5.02182338096e-005, -0.000292422220809, -0.000418142852141, -0.000527509080712, -0.000575843383558, 0.000926698034164, 0.000716470822226, -0.000163508724654, 0.000964685634244, 0.000394611794036, -0.00306186266243, 0.00947464816272, -0.00352851068601], [0.000184060467291, 0.000137862603879, 0.00014810571156, -0.000655841780826, 0.000738665170502, 5.18738852406e-005, -0.000183519514394, 0.00112255022395, -0.000705903337803, -0.00110793299973, 0.000586891139392, -0.00352851068601, 0.00812777504325]]
    },
    "spectral_contrast_coeffs": {
        "mean": [-0.615564763546, -0.655136525631, -0.730584919453, -0.729170203209, -0.752669870853, -0.743139743805],
        "var": [0.00749419024214, 0.0127602089196, 0.00954422913492, 0.0075387400575, 0.00547165051103, 0.00225917086937]
    },
    "spectral_contrast_valleys": {
        "mean": [-7.74157571793, -7.30030059814, -7.95433568954, -8.13741397858, -8.01843261719, -10.0505313873],
        "var": [1.84057450294, 1.18591201305, 1.26139986515, 1.14960920811, 1.18684637547, 1.34016227722]
    }
},
"metadata": {
    "audio_properties": {
        "analysis_sample_rate": 44100,
        "bit_rate": 128074,
        "equal_loudness": 0,
        "length": 45.0612258911,
        "lossless": 0,
        "replay_gain": -5.09679412842,
        "sample_rate": 44100,
        "codec": "mp3",
        "downmix": "mix",
        "md5_encoded": "3d76fdc797f016fbdc016a8f77f82ec9"
    },
    "tags": {
        "file_name": "1513.mp3"
    },
    "version": {
        "essentia": "2.1-beta2",
        "essentia_git_sha": "v2.1_beta2",
        "extractor": "music 1.0"
    }
},
"rhythm": {
    "beats_count": 130,
    "beats_loudness": {
        "mean": 0.0484860949218,
        "var": 0.000389458902646
    },
    "bpm": 172.265579224,
    "bpm_histogram_first_peak_bpm": {
        "mean": 172,
        "var": 0
    },
    "bpm_histogram_first_peak_spread": {
        "mean": 0,
        "var": 0
    },
    "bpm_histogram_first_peak_weight": {
        "mean": 0.565891444683,
        "var": 0
    },
    "bpm_histogram_second_peak_bpm": {
        "mean": 178,
        "var": 0
    },
    "bpm_histogram_second_peak_spread": {
        "mean": 0,
        "var": 0
    },
    "bpm_histogram_second_peak_weight": {
        "mean": 0.294573634863,
        "var": 0
    },
    "danceability": 1.27087533474,
    "onset_rate": 4.52513360977,
    "beats_loudness_band_ratio": {
        "mean": [0.480105757713, 0.0598883703351, 0.214065790176, 0.124241523445, 0.0740070715547, 0.0803921595216],
        "var": [0.0716872438788, 0.00578601425514, 0.0295699704438, 0.0293375793844, 0.0103463120759, 0.00869771279395]
    },
    "beats_position": [0.359909296036, 0.696598649025, 1.04489791393, 1.39319729805, 1.74149656296, 2.07818579674, 2.42648530006, 2.76317453384, 3.12308382988, 3.45977306366, 3.80807256699, 4.15637159348, 4.49306106567, 4.82975053787, 5.17804956436, 5.52634906769, 5.88625860214, 6.2229475975, 6.5596370697, 6.90793657303, 7.24462556839, 7.59292507172, 7.94122457504, 8.28952407837, 8.63782310486, 8.98612213135, 9.33442115784, 9.682721138, 10.0194101334, 10.3560991287, 10.6927890778, 11.0294780731, 11.3661680222, 11.7260770798, 12.0743761063, 12.4226751328, 12.7709751129, 13.1076641083, 13.4443531036, 13.7810430527, 14.1409521103, 14.4892511368, 14.8375511169, 15.1974601746, 15.5341491699, 15.8592290878, 16.2075271606, 16.5558280945, 16.8925170898, 17.2524261475, 17.5775051117, 17.9141941071, 18.2741031647, 18.6224040985, 18.970703125, 19.3190021515, 19.667301178, 20.0039901733, 20.3406791687, 20.6889801025, 21.037279129, 21.3855781555, 21.733877182, 22.0705661774, 22.4072551727, 22.7555541992, 23.1038551331, 23.4521541595, 23.800453186, 24.1487522125, 24.497051239, 24.8337402344, 25.1704311371, 25.5187301636, 25.8670291901, 26.2153282166, 26.563627243, 26.9119262695, 27.2486171722, 27.5853061676, 27.9336051941, 28.2819042206, 28.6302032471, 28.9785022736, 29.3151912689, 29.6518821716, 30.0001811981, 30.3484802246, 30.7083892822, 31.0682983398, 31.4165973663, 31.776506424, 32.1248054504, 32.4614944458, 32.7981834412, 33.1348762512, 33.4831733704, 33.8082542419, 34.1565513611, 34.5048522949, 34.8531494141, 35.1782302856, 35.5265312195, 35.8748283386, 36.2231292725, 36.5598182678, 36.908115387, 37.2680282593, 37.6163253784, 37.9530143738, 38.3013153076, 38.6496124268, 38.9979133606, 39.3113822937, 39.6596832275, 40.0195922852, 40.3562812805, 40.7045783997, 41.0528793335, 41.3895683289, 41.7378692627, 42.0745582581, 42.4228553772, 42.771156311, 43.1194534302, 43.467754364, 43.8160552979, 44.1759643555, 44.5242614746, 44.8725624084]
},
"tonal": {
    "chords_changes_rate": 0.091563783586,
    "chords_number_rate": 0.00823045242578,
    "chords_strength": {
        "mean": 0.508998453617,
        "var": 0.00749042443931
    },
    "hpcp_entropy": {
        "mean": 1.91465044022,
        "var": 0.541568219662
    },
    "key_strength": 0.512551128864,
    "tuning_diatonic_strength": 0.445827335119,
    "tuning_equal_tempered_deviation": 0.140987738967,
    "tuning_frequency": 434.193115234,
    "tuning_nontempered_energy_ratio": 0.751093387604,
    "hpcp": {
        "mean": [0.481061011553, 0.303500831127, 0.0920249000192, 0.0814230963588, 0.08848336339, 0.115334048867, 0.147391587496, 0.12270192802, 0.153571277857, 0.249542996287, 0.193530127406, 0.0843109041452, 0.0650706365705, 0.0599578022957, 0.0564333237708, 0.0532732903957, 0.0603004470468, 0.0622350238264, 0.0622587241232, 0.063527084887, 0.0629769191146, 0.0722133740783, 0.0604081079364, 0.0415641143918, 0.0407426431775, 0.0384319163859, 0.0392387956381, 0.0464132875204, 0.0479172319174, 0.0513951480389, 0.0626698359847, 0.0692410543561, 0.06517264992, 0.0638921931386, 0.0836299136281, 0.283923268318],
        "var": [0.207123860717, 0.09019716084, 0.0315608307719, 0.041132569313, 0.0449897348881, 0.0525889024138, 0.0960407927632, 0.0587426796556, 0.0498781278729, 0.148937314749, 0.0919038951397, 0.0332103446126, 0.0291557274759, 0.0215154476464, 0.0202895570546, 0.0180407036096, 0.02511350438, 0.0250850394368, 0.0201256852597, 0.0251318458468, 0.0220424253494, 0.0365304015577, 0.0253701582551, 0.0112798949704, 0.0129050333053, 0.0108699686825, 0.012028105557, 0.0169591400772, 0.0188239589334, 0.0205143801868, 0.0249309260398, 0.0269350633025, 0.0258390754461, 0.0247910618782, 0.0316593647003, 0.08272434026]
    },
    "chords_histogram": [52.2633743286, 0.102880656719, 0, 2.05761313438, 0, 3.29218101501, 2.46913576126, 5.14403295517, 0, 0.308641970158, 2.57201647758, 0, 0, 0, 0, 0, 0, 0.205761313438, 0.925925910473, 0, 0, 0, 4.11522626877, 26.5432090759],
    "thpcp": [1, 0.630898833275, 0.191295698285, 0.169257313013, 0.183933764696, 0.239749312401, 0.306388556957, 0.255065202713, 0.319234520197, 0.518734633923, 0.402298510075, 0.175260320306, 0.135264828801, 0.12463658303, 0.117310114205, 0.110741235316, 0.125348851085, 0.129370331764, 0.129419595003, 0.132056191564, 0.130912542343, 0.150112718344, 0.125572651625, 0.0864009186625, 0.0846932977438, 0.0798899009824, 0.0815671905875, 0.0964810848236, 0.0996073931456, 0.106837071478, 0.130274191499, 0.143934041262, 0.135476887226, 0.132815152407, 0.173844709992, 0.590202212334],
    "chords_key": "A",
    "chords_scale": "minor",
    "key_key": "A",
    "key_scale": "minor"
}
}