{
"lowlevel": {
    "average_loudness": 0.970217347145,
    "barkbands_crest": {
        "mean": 12.2062959671,
        "var": 23.7815914154
    },
    "barkbands_flatness_db": {
        "mean": 0.234811738133,
        "var": 0.0126246819273
    },
    "barkbands_kurtosis": {
        "mean": 37.0743637085,
        "var": 2873.42602539
    },
    "barkbands_skewness": {
        "mean": 3.84246921539,
        "var": 14.3516921997
    },
    "barkbands_spread": {
        "mean": 16.4369029999,
        "var": 254.336730957
    },
    "dissonance": {
        "mean": 0.478995680809,
        "var": 0.000428423576523
    },
    "dynamic_complexity": 2.61351799965,
    "erbbands_crest": {
        "mean": 9.05421257019,
        "var": 12.5395946503
    },
    "erbbands_flatness_db": {
        "mean": 0.181875348091,
        "var": 0.00127034587786
    },
    "erbbands_kurtosis": {
        "mean": 1.18558192253,
        "var": 7.97980165482
    },
    "erbbands_skewness": {
        "mean": -0.559195816517,
        "var": 0.902051091194
    },
    "erbbands_spread": {
        "mean": 37.942363739,
        "var": 393.164093018
    },
    "hfc": {
        "mean": 18.6061515808,
        "var": 395.750701904
    },
    "melbands_crest": {
        "mean": 24.48853302,
        "var": 175.996490479
    },
    "melbands_flatness_db": {
        "mean": 0.281446576118,
        "var": 0.0216323006898
    },
    "melbands_kurtosis": {
        "mean": 124.308586121,
        "var": 61720.1289063
    },
    "melbands_skewness": {
        "mean": 7.07117462158,
        "var": 50.6371307373
    },
    "melbands_spread": {
        "mean": 24.4026107788,
        "var": 924.254760742
    },
    "pitch_salience": {
        "mean": 0.359635829926,
        "var": 0.068668782711
    },
    "silence_rate_20dB": {
        "mean": 0.991761088371,
        "var": 0.00817095115781
    },
    "silence_rate_30dB": {
        "mean": 0.464469611645,
        "var": 0.248738184571
    },
    "silence_rate_60dB": {
        "mean": 0.0854788869619,
        "var": 0.0781732648611
    },
    "spectral_centroid": {
        "mean": 1933.98681641,
        "var": 853652.4375
    },
    "spectral_complexity": {
        "mean": 15.7368688583,
        "var": 76.2104034424
    },
    "spectral_decrease": {
        "mean": -3.24782192251e-008,
        "var": 8.99533002237e-016
    },
    "spectral_energy": {
        "mean": 0.124267883599,
        "var": 0.0129413865507
    },
    "spectral_energyband_high": {
        "mean": 0.00101777189411,
        "var": 7.28232816982e-006
    },
    "spectral_energyband_low": {
        "mean": 0.10876878351,
        "var": 0.0111821014434
    },
    "spectral_energyband_middle_high": {
        "mean": 0.00316436029971,
        "var": 7.93023446022e-006
    },
    "spectral_energyband_middle_low": {
        "mean": 0.00483295321465,
        "var": 0.000149328508996
    },
    "spectral_entropy": {
        "mean": 7.65482807159,
        "var": 0.156021311879
    },
    "spectral_flux": {
        "mean": 0.138415247202,
        "var": 0.0153444940224
    },
    "spectral_kurtosis": {
        "mean": 4.33999824524,
        "var": 10.2697553635
    },
    "spectral_rms": {
        "mean": 0.00911961402744,
        "var": 3.8069596485e-005
    },
    "spectral_rolloff": {
        "mean": 1311.27807617,
        "var": 3226638.25
    },
    "spectral_skewness": {
        "mean": 1.25142788887,
        "var": 0.242789149284
    },
    "spectral_spread": {
        "mean": 3655017.25,
        "var": 2.48883314688e+012
    },
    "spectral_strongpeak": {
        "mean": 0.583665251732,
        "var": 0.365944445133
    },
    "zerocrossingrate": {
        "mean": 0.0477416850626,
        "var": 0.00268107815646
    },
    "barkbands": {
        "mean": [0.0484376139939, 0.0603301972151, 0.00651358440518, 0.00153911288362, 0.00141944701318, 0.000679284508806, 0.000420288415626, 0.000377023301553, 0.000342220242601, 0.000202283263206, 0.000229256344028, 0.000253913312918, 0.00022023206111, 0.000470318773296, 0.000430625776062, 0.000420776981628, 0.000388953107176, 0.000236104198848, 0.000231895988691, 0.00020572374342, 0.000282078632154, 0.000327825895511, 0.000160676499945, 9.45529682213e-005, 4.97537366755e-005, 3.99748796553e-006, 8.69930971703e-008],
        "var": [0.0028526247479, 0.0044777742587, 0.000849450065289, 4.24700774602e-005, 1.71948195202e-005, 1.65998335433e-006, 8.70413146004e-007, 6.3063515654e-007, 6.09969333709e-007, 1.32300826294e-007, 1.75319087248e-007, 2.43884670681e-007, 8.73301146953e-008, 5.38684105322e-007, 4.20754247443e-007, 5.23012545273e-007, 3.68798396266e-007, 1.03572702415e-007, 2.81110914102e-007, 3.50541967009e-007, 8.2885003394e-007, 1.16186936339e-006, 2.71298176813e-007, 1.03655025896e-007, 3.33946914566e-008, 8.47377584767e-011, 1.4428222343e-013]
    },
    "erbbands": {
        "mean": [3.92405390739, 5.42092657089, 8.1437625885, 6.34340715408, 4.00265598297, 5.15558385849, 6.40538692474, 4.97860813141, 5.89997434616, 7.41270303726, 7.81808423996, 7.91271495819, 6.36273097992, 7.59706306458, 9.89019298553, 10.806432724, 10.8678731918, 22.7740955353, 23.1896629333, 21.1256942749, 23.7037239075, 22.2212677002, 13.751291275, 11.3709630966, 12.3657464981, 9.80519199371, 9.89996242523, 11.9330635071, 11.6306638718, 8.15525245667, 4.44841909409, 2.74123740196, 1.19530200958, 0.78787124157, 0.213564246893, 0.0334273092449, 0.00492607988417, 0.000571946089622, 7.45956058381e-005, 0.000137998227729],
        "var": [16.2342529297, 141.319335938, 1065.28430176, 784.205627441, 183.69883728, 248.863235474, 278.779296875, 82.4936828613, 190.828445435, 258.09564209, 206.341156006, 355.149780273, 153.467819214, 175.489379883, 302.437774658, 359.128143311, 202.499679565, 1281.00390625, 931.653015137, 1190.4440918, 1623.57592773, 1166.56811523, 349.588653564, 409.829559326, 978.62487793, 761.172180176, 860.341308594, 1490.80932617, 1407.33117676, 825.942626953, 209.597625732, 90.5523376465, 16.9689006805, 9.26957988739, 0.49771246314, 0.00679427571595, 0.000160515468451, 2.62623916569e-006, 4.15440526425e-009, 1.51310057817e-008]
    },
    "gfcc": {
        "mean": [-42.0128822327, 93.2648849487, -137.137329102, 53.8858757019, -39.2651176453, 19.4902877808, -27.3807048798, 3.15446591377, -8.0914516449, 1.58216655254, -1.78912138939, -2.89568352699, 1.05587553978],
        "cov": [[3733.15917969, -366.293762207, 540.126525879, 501.117370605, -88.85105896, 380.337493896, 125.912086487, 193.483840942, 243.892028809, 260.682159424, -14.0225191116, 59.9881210327, 25.5923538208], [-366.293762207, 2209.28369141, 229.984436035, -107.068199158, 775.454528809, -415.022979736, 464.13067627, -34.5799102783, 320.336395264, -194.775466919, 335.898254395, -194.632293701, 130.354248047], [540.126525879, 229.984436035, 1285.24560547, 580.403808594, 527.067077637, 417.676513672, 440.52734375, 100.67855835, 276.83682251, 132.923400879, 198.764480591, 91.2866668701, 146.667480469], [501.117370605, -107.068199158, 580.403808594, 713.681335449, 305.997039795, 275.980865479, 189.744796753, 14.1081829071, 165.215270996, 95.2983932495, 162.486663818, 43.9805450439, 123.278770447], [-88.85105896, 775.454528809, 527.067077637, 305.997039795, 969.144836426, 182.996261597, 493.357696533, 89.0838088989, 363.01852417, 60.2733650208, 313.442169189, 29.1171131134, 176.47883606], [380.337493896, -415.022979736, 417.676513672, 275.980865479, 182.996261597, 526.392456055, 227.579574585, 78.9009857178, 129.154220581, 131.391860962, 60.7556419373, 94.319229126, 94.7895202637], [125.912086487, 464.13067627, 440.52734375, 189.744796753, 493.357696533, 227.579574585, 578.430969238, 143.29397583, 248.624450684, 68.3177261353, 247.577819824, 4.67346191406, 128.763442993], [193.483840942, -34.5799102783, 100.67855835, 14.1081829071, 89.0838088989, 78.9009857178, 143.29397583, 188.806640625, 101.911453247, 46.2551803589, 43.7752685547, 20.9363899231, 5.68540143967], [243.892028809, 320.336395264, 276.83682251, 165.215270996, 363.01852417, 129.154220581, 248.624450684, 101.911453247, 354.27255249, 88.5908126831, 152.110641479, 18.2604007721, 106.057807922], [260.682159424, -194.775466919, 132.923400879, 95.2983932495, 60.2733650208, 131.391860962, 68.3177261353, 46.2551803589, 88.5908126831, 183.553482056, 56.0686264038, 25.80768013, 30.3186244965], [-14.0225191116, 335.898254395, 198.764480591, 162.486663818, 313.442169189, 60.7556419373, 247.577819824, 43.7752685547, 152.110641479, 56.0686264038, 271.390014648, 22.8012657166, 92.998085022], [59.9881210327, -194.632293701, 91.2866668701, 43.9805450439, 29.1171131134, 94.319229126, 4.67346191406, 20.9363899231, 18.2604007721, 25.80768013, 22.8012657166, 125.784934998, 33.9604759216], [25.5923538208, 130.354248047, 146.667480469, 123.278770447, 176.47883606, 94.7895202637, 128.763442993, 5.68540143967, 106.057807922, 30.3186244965, 92.998085022, 33.9604759216, 147.226394653]],
        "icov": [[0.00039981509326, -0.000306153146084, 6.38868077658e-005, -0.000436861184426, 0.0003629529092, -0.000287507777102, 4.60916016891e-005, -0.00040863614413, -0.000110945708002, -0.000603438587859, 0.000412903929828, -0.000364370440366, 0.000256654486293], [-0.000306153146084, 0.00288747367449, -0.000996887683868, 0.0016818389995, -0.00136657559779, 0.00252963695675, -0.000971073110122, 0.00177316006739, -0.00148544588592, 0.00294381263666, -0.00188337697182, 0.00318966782652, -0.00121050677262], [6.38868077658e-005, -0.000996887683868, 0.00206550140865, -0.00157850561664, 0.000172705578734, -0.0011441843817, -0.000576889258809, -0.000405312108342, 0.000351876660716, -0.00116600818001, 0.00123684690334, -0.00187131681014, 0.000822483038064], [-0.000436861184426, 0.0016818389995, -0.00157850561664, 0.00392463197932, -0.00107562902849, 0.000560756481718, 0.000514509098139, 0.00145569932647, -0.0007524175453, 0.00191991578322, -0.00254903081805, 0.00275613670237, -0.00158376072068], [0.0003629529092, -0.00136657559779, 0.000172705578734, -0.00107562902849, 0.00338951894082, -0.00102644867729, -0.000717123388313, -0.000344933650922, -0.000931517046411, -0.000919285404962, -2.28378339671e-005, -0.00174544285983, 0.000391279580072], [-0.000287507777102, 0.00252963695675, -0.0011441843817, 0.000560756481718, -0.00102644867729, 0.00623546727002, -0.00257075787522, 0.00150272727478, -0.00111259252299, 0.00075130991172, 0.000277173880022, 0.000526119489223, -0.00176302343607], [4.60916016891e-005, -0.000971073110122, -0.000576889258809, 0.000514509098139, -0.000717123388313, -0.00257075787522, 0.00624833349138, -0.00316777080297, 0.000574476842303, 3.99328346248e-005, -0.00259487750009, 0.00175725435838, -0.00102032755967], [-0.00040863614413, 0.00177316006739, -0.000405312108342, 0.00145569932647, -0.000344933650922, 0.00150272727478, -0.00316777080297, 0.00947902537882, -0.0029605559539, 0.00112676282879, -0.000553471618332, 3.54941912519e-005, 0.00177844858263], [-0.000110945708002, -0.00148544588592, 0.000351876660716, -0.0007524175453, -0.000931517046411, -0.00111259252299, 0.000574476842303, -0.0029605559539, 0.00715743983164, -0.00287482468411, 0.000518280547112, -0.000815736479126, -0.00164441077504], [-0.000603438587859, 0.00294381263666, -0.00116600818001, 0.00191991578322, -0.000919285404962, 0.00075130991172, 3.99328346248e-005, 0.00112676282879, -0.00287482468411, 0.0109785320237, -0.00393023481593, 0.00361146894284, -0.000948156230152], [0.000412903929828, -0.00188337697182, 0.00123684690334, -0.00254903081805, -2.28378339671e-005, 0.000277173880022, -0.00259487750009, -0.000553471618332, 0.000518280547112, -0.00393023481593, 0.0100589236245, -0.0041357348673, -0.000326116802171], [-0.000364370440366, 0.00318966782652, -0.00187131681014, 0.00275613670237, -0.00174544285983, 0.000526119489223, 0.00175725435838, 3.54941912519e-005, -0.000815736479126, 0.00361146894284, -0.0041357348673, 0.0145705081522, -0.00389378424734], [0.000256654486293, -0.00121050677262, 0.000822483038064, -0.00158376072068, 0.000391279580072, -0.00176302343607, -0.00102032755967, 0.00177844858263, -0.00164441077504, -0.000948156230152, -0.000326116802171, -0.00389378424734, 0.0122999986634]]
    },
    "melbands": {
        "mean": [0.0281166713685, 0.00496830744669, 0.00106338120531, 0.000309241033392, 0.000227962853387, 0.000115867427667, 8.89533839654e-005, 8.25951137813e-005, 6.18226258666e-005, 4.93714142067e-005, 3.11872463499e-005, 2.99116491078e-005, 3.24196334986e-005, 2.9299995731e-005, 2.70984837698e-005, 2.18651985051e-005, 4.5705735829e-005, 3.70920861315e-005, 2.97943170153e-005, 2.81031552731e-005, 2.72001288977e-005, 2.35984589381e-005, 1.70454841282e-005, 9.59197495831e-006, 8.87892474566e-006, 9.66594325291e-006, 7.89880141383e-006, 6.05672858001e-006, 5.60338048672e-006, 6.90088336341e-006, 6.86623207002e-006, 6.42227087155e-006, 6.55426811136e-006, 3.60592889592e-006, 2.55680288319e-006, 2.14290434997e-006, 1.51797257786e-006, 8.68884797001e-007, 6.85845407133e-007, 6.54405937439e-007],
        "var": [0.000786560063716, 0.000243917602347, 2.04900570679e-005, 9.32767761697e-007, 3.6184562191e-007, 4.35980105351e-008, 3.99439699095e-008, 3.26494671299e-008, 1.37897346875e-008, 1.42984237783e-008, 3.7929628327e-009, 2.85108114895e-009, 3.36516770005e-009, 3.21135584791e-009, 1.92755034156e-009, 8.64348204122e-010, 5.78374281801e-009, 2.61408672486e-009, 2.6716244772e-009, 2.36337482917e-009, 2.39707120819e-009, 1.60395219329e-009, 6.96099067277e-010, 1.82948226013e-010, 3.05811348467e-010, 5.25226528936e-010, 6.52062237538e-010, 2.92513568922e-010, 2.7231430999e-010, 6.60285381926e-010, 4.63627608527e-010, 4.23328205823e-010, 5.94448990032e-010, 1.59564264579e-010, 6.86252721316e-011, 6.15122258685e-011, 2.91760782201e-011, 9.21005459398e-012, 6.68673710152e-012, 6.56387054085e-012]
    },
    "mfcc": {
        "mean": [-673.848205566, 111.309883118, -19.6794624329, 35.7543754578, 14.0530147552, 20.2256793976, 2.37990927696, 7.6223320961, 3.14455580711, 4.93273830414, 4.31891012192, 5.16753578186, 2.30612897873],
        "cov": [[3123.9777832, -691.536071777, 412.884857178, 66.0905914307, -63.1240501404, 154.07484436, -111.507034302, -1.57289218903, 165.292297363, 168.307479858, 76.4422912598, 112.284179688, 76.9227905273], [-691.536071777, 2355.69262695, -357.249084473, 361.283905029, 220.798736572, -132.802383423, 211.602737427, 156.018768311, 58.7759056091, 159.089355469, 119.304603577, 67.9413070679, 44.520778656], [412.884857178, -357.249084473, 976.420532227, 246.762634277, 154.893692017, 364.758148193, 166.136886597, 149.060546875, 141.035064697, 57.4931869507, 122.861167908, 66.6535110474, 51.9659461975], [66.0905914307, 361.283905029, 246.762634277, 602.597045898, 287.092407227, 191.631835938, 175.191238403, 121.486335754, 52.589012146, 109.275604248, 103.504318237, 102.968566895, 52.5115814209], [-63.1240501404, 220.798736572, 154.893692017, 287.092407227, 443.271087646, 275.229888916, 118.501213074, 142.73223877, 107.850700378, 103.564750671, 95.8921737671, 94.572593689, 69.332572937], [154.07484436, -132.802383423, 364.758148193, 191.631835938, 275.229888916, 510.356323242, 221.152816772, 151.009185791, 166.17350769, 111.594856262, 122.329467773, 102.955734253, 82.0006637573], [-111.507034302, 211.602737427, 166.136886597, 175.191238403, 118.501213074, 221.152816772, 392.065307617, 166.295166016, 95.6608428955, 105.819084167, 121.507400513, 110.544487, 51.9124450684], [-1.57289218903, 156.018768311, 149.060546875, 121.486335754, 142.73223877, 151.009185791, 166.295166016, 275.068725586, 117.358383179, 78.4587936401, 96.1528701782, 72.4201812744, 58.3367652893], [165.292297363, 58.7759056091, 141.035064697, 52.589012146, 107.850700378, 166.17350769, 95.6608428955, 117.358383179, 230.664428711, 117.694236755, 96.6913146973, 59.3666648865, 62.2443199158], [168.307479858, 159.089355469, 57.4931869507, 109.275604248, 103.564750671, 111.594856262, 105.819084167, 78.4587936401, 117.694236755, 196.135742188, 104.115280151, 80.8502578735, 52.5519447327], [76.4422912598, 119.304603577, 122.861167908, 103.504318237, 95.8921737671, 122.329467773, 121.507400513, 96.1528701782, 96.6913146973, 104.115280151, 196.382644653, 84.9258422852, 52.2493896484], [112.284179688, 67.9413070679, 66.6535110474, 102.968566895, 94.572593689, 102.955734253, 110.544487, 72.4201812744, 59.3666648865, 80.8502578735, 84.9258422852, 172.287109375, 63.9789543152], [76.9227905273, 44.520778656, 51.9659461975, 52.5115814209, 69.332572937, 82.0006637573, 51.9124450684, 58.3367652893, 62.2443199158, 52.5519447327, 52.2493896484, 63.9789543152, 134.696777344]],
        "icov": [[0.000428073341027, 0.000105969294964, -0.000121601457067, -0.000145122219692, 0.000291447970085, -6.92970861564e-005, 0.000359408237273, 1.05409080788e-005, -0.000175769950147, -0.000440627685748, 5.0615206419e-005, -0.000274875725154, -6.28496272839e-005], [0.000105969294964, 0.00068010261748, 0.000268201110885, -0.000389551423723, -0.000254767131992, 0.000566419563256, -0.000312163581839, -0.000143344470416, -0.000210063692066, -0.00030125991907, -0.000178664806299, 0.000181767856702, -7.06351856934e-005], [-0.000121601457067, 0.000268201110885, 0.00176783709321, -0.000724780606106, 0.000389307999285, -0.00091767241247, -5.07519616804e-005, -0.000383240374504, -0.00041847556713, 0.000646832573693, -0.000545487040654, 0.000312606658554, 0.000129265667056], [-0.000145122219692, -0.000389551423723, -0.000724780606106, 0.00317279109731, -0.00173288804945, 0.000274507183349, -0.000645003805403, 0.000124186830362, 0.00112468597945, -0.000599111139309, -1.71294286702e-005, -0.000337098957971, 5.47765448573e-005], [0.000291447970085, -0.000254767131992, 0.000389307999285, -0.00173288804945, 0.00535470526665, -0.00270031997934, 0.00160764029715, -0.00113942322787, -0.000173986816662, -0.000448344420874, 4.70158993267e-005, -0.00076270266436, -0.00019594328478], [-6.92970861564e-005, 0.000566419563256, -0.00091767241247, 0.000274507183349, -0.00270031997934, 0.00548188388348, -0.00211093504913, 0.000474189087981, -0.00149873108603, 1.52329348566e-005, -8.60636791913e-005, 0.000144461853779, -0.00058835564414], [0.000359408237273, -0.000312163581839, -5.07519616804e-005, -0.000645003805403, 0.00160764029715, -0.00211093504913, 0.00530890887603, -0.00180489919148, 0.000496089807712, -0.000895312987268, -0.000667061889544, -0.00157900736667, 0.000491005717777], [1.05409080788e-005, -0.000143344470416, -0.000383240374504, 0.000124186830362, -0.00113942322787, 0.000474189087981, -0.00180489919148, 0.00630822405219, -0.00187579763588, 0.000619640108198, -0.000631145609077, -0.000110184781079, -0.000675615505315], [-0.000175769950147, -0.000210063692066, -0.00041847556713, 0.00112468597945, -0.000173986816662, -0.00149873108603, 0.000496089807712, -0.00187579763588, 0.00871473737061, -0.0034492702689, -0.000951767025981, 0.00064228719566, -0.00110133038834], [-0.000440627685748, -0.00030125991907, 0.000646832573693, -0.000599111139309, -0.000448344420874, 1.52329348566e-005, -0.000895312987268, 0.000619640108198, -0.0034492702689, 0.0102674737573, -0.00239668809809, -0.00129712268244, -0.000232705671806], [5.0615206419e-005, -0.000178664806299, -0.000545487040654, -1.71294286702e-005, 4.70158993267e-005, -8.60636791913e-005, -0.000667061889544, -0.000631145609077, -0.000951767025981, -0.00239668809809, 0.00891682319343, -0.00180962635204, -0.000418535928475], [-0.000274875725154, 0.000181767856702, 0.000312606658554, -0.000337098957971, -0.00076270266436, 0.000144461853779, -0.00157900736667, -0.000110184781079, 0.00064228719566, -0.00129712268244, -0.00180962635204, 0.00962616316974, -0.00259242882021], [-6.28496272839e-005, -7.06351856934e-005, 0.000129265667056, 5.47765448573e-005, -0.00019594328478, -0.00058835564414, 0.000491005717777, -0.000675615505315, -0.00110133038834, -0.000232705671806, -0.000418535928475, -0.00259242882021, 0.00996794458479]]
    },
    "spectral_contrast_coeffs": {
        "mean": [-0.69632256031, -0.759094059467, -0.808550953865, -0.787163972855, -0.770893454552, -0.726924002171],
        "var": [0.0116005958989, 0.00528742093593, 0.00287659233436, 0.00198776926845, 0.00176529865712, 0.00158464419656]
    },
    "spectral_contrast_valleys": {
        "mean": [-7.59104824066, -7.39551019669, -7.6349234581, -7.57117509842, -7.65836572647, -10.7026166916],
        "var": [2.55688428879, 0.888141334057, 0.668555319309, 0.72007393837, 0.671481966972, 1.30312347412]
    }
},
"metadata": {
    "audio_properties": {
        "analysis_sample_rate": 44100,
        "bit_rate": 128074,
        "equal_loudness": 0,
        "length": 45.0612258911,
        "lossless": 0,
        "replay_gain": -5.41282081604,
        "sample_rate": 44100,
        "codec": "mp3",
        "downmix": "mix",
        "md5_encoded": "0968ab2a684f54546570ac23469bb8c8"
    },
    "tags": {
        "file_name": "1514.mp3"
    },
    "version": {
        "essentia": "2.1-beta2",
        "essentia_git_sha": "v2.1_beta2",
        "extractor": "music 1.0"
    }
},
"rhythm": {
    "beats_count": 67,
    "beats_loudness": {
        "mean": 0.155638501048,
        "var": 0.0119420178235
    },
    "bpm": 89.260307312,
    "bpm_histogram_first_peak_bpm": {
        "mean": 89,
        "var": 0
    },
    "bpm_histogram_first_peak_spread": {
        "mean": 0.190476149321,
        "var": 0
    },
    "bpm_histogram_first_peak_weight": {
        "mean": 0.772727251053,
        "var": 0
    },
    "bpm_histogram_second_peak_bpm": {
        "mean": 96,
        "var": 0
    },
    "bpm_histogram_second_peak_spread": {
        "mean": 0,
        "var": 0
    },
    "bpm_histogram_second_peak_weight": {
        "mean": 0.0454545468092,
        "var": 0
    },
    "danceability": 1.56462621689,
    "onset_rate": 4.74695396423,
    "beats_loudness_band_ratio": {
        "mean": [0.715703964233, 0.0402211733162, 0.0635312944651, 0.0553979687393, 0.0897798314691, 0.0462708473206],
        "var": [0.13463319838, 0.00368154072203, 0.0150402486324, 0.00620182370767, 0.0181385278702, 0.0137618333101]
    },
    "beats_position": [0.626938760281, 1.25387752056, 1.88081634045, 2.50775504112, 3.15791368484, 3.80807256699, 4.46984100342, 5.14321994781, 5.81659841537, 6.48997735977, 7.17496585846, 7.83673477173, 8.498503685, 9.17188167572, 9.84526062012, 10.5302495956, 11.2152376175, 11.8886165619, 12.5619955063, 13.235373497, 13.9087524414, 14.5821313858, 15.2555103302, 15.9288883209, 16.602268219, 17.2756462097, 17.9606342316, 18.6224040985, 19.2957820892, 19.96916008, 20.642539978, 21.3159179688, 21.9892959595, 22.6626758575, 23.3360538483, 24.009431839, 24.6828117371, 25.3561897278, 26.0295696259, 26.6913375854, 27.3763256073, 28.0497055054, 28.7346935272, 29.4196815491, 30.0930614471, 30.7664394379, 31.4398174286, 32.1131973267, 32.7865753174, 33.4599533081, 34.1333312988, 34.8067131042, 35.480091095, 36.1534690857, 36.8268470764, 37.5002250671, 38.1619949341, 38.8469848633, 39.520362854, 40.1937408447, 40.8555107117, 41.5288887024, 42.2022666931, 42.8756446838, 43.5374145508, 44.1991844177, 44.86095047]
},
"tonal": {
    "chords_changes_rate": 0.0967078208923,
    "chords_number_rate": 0.0102880662307,
    "chords_strength": {
        "mean": 0.421666145325,
        "var": 0.0101886419579
    },
    "hpcp_entropy": {
        "mean": 2.32836818695,
        "var": 0.77652078867
    },
    "key_strength": 0.610942363739,
    "tuning_diatonic_strength": 0.470141738653,
    "tuning_equal_tempered_deviation": 0.0825124904513,
    "tuning_frequency": 434.193115234,
    "tuning_nontempered_energy_ratio": 0.720995128155,
    "hpcp": {
        "mean": [0.131362080574, 0.110100105405, 0.0953518599272, 0.113089129329, 0.11574010551, 0.102939292789, 0.105082340539, 0.111227154732, 0.115141347051, 0.114303201437, 0.104994669557, 0.0995365902781, 0.103781051934, 0.110951788723, 0.129136770964, 0.144596084952, 0.130808904767, 0.112013414502, 0.109553702176, 0.112156175077, 0.108731597662, 0.0951113253832, 0.08358964324, 0.334376811981, 0.578588008881, 0.322475492954, 0.0747453197837, 0.0784485638142, 0.0933136567473, 0.118959799409, 0.133440792561, 0.10945109278, 0.0833424329758, 0.0874682068825, 0.105039380491, 0.124539412558],
        "var": [0.0510286614299, 0.0427789278328, 0.0307031087577, 0.0459535084665, 0.0481578335166, 0.0362339541316, 0.0369762144983, 0.0423739589751, 0.0415682569146, 0.0394707024097, 0.0349531210959, 0.0352875180542, 0.0406889654696, 0.0413264557719, 0.0510441176593, 0.0592879280448, 0.0503301210701, 0.0449054352939, 0.0434714406729, 0.042109541595, 0.0397322997451, 0.0321379750967, 0.0267574377358, 0.0530650950968, 0.193949341774, 0.0515950582922, 0.0253688339144, 0.0280809160322, 0.0346983708441, 0.0440717712045, 0.0559879615903, 0.0426982603967, 0.0288471709937, 0.0308335609734, 0.042016364634, 0.0477149002254]
    },
    "chords_histogram": [19.9588470459, 35.5967063904, 23.3539085388, 0, 1.23456788063, 1.33744859695, 1.02880656719, 0, 0, 0.411522626877, 0, 0.720164597034, 0, 0, 0, 0, 0, 3.60082316399, 0.925925910473, 2.98353910446, 0, 7.30452680588, 0.308641970158, 1.23456788063],
    "thpcp": [1, 0.557349085808, 0.129185736179, 0.135586231947, 0.161278247833, 0.205603644252, 0.230631798506, 0.189169302583, 0.144044518471, 0.151175290346, 0.181544348598, 0.215247139335, 0.227039068937, 0.190291032195, 0.164800956845, 0.195457085967, 0.200038895011, 0.177914664149, 0.181618601084, 0.19223895669, 0.199004039168, 0.197555422783, 0.181467071176, 0.172033622861, 0.179369524121, 0.191763028502, 0.223192960024, 0.249911993742, 0.226082980633, 0.193597882986, 0.189346656203, 0.193844631314, 0.187925770879, 0.164385229349, 0.144471779466, 0.57791864872],
    "chords_key": "D",
    "chords_scale": "minor",
    "key_key": "A#",
    "key_scale": "major"
}
}