{
"lowlevel": {
    "average_loudness": 0.909182965755,
    "barkbands_crest": {
        "mean": 10.2357931137,
        "var": 14.1024198532
    },
    "barkbands_flatness_db": {
        "mean": 0.141587406397,
        "var": 0.00114993739408
    },
    "barkbands_kurtosis": {
        "mean": -0.391620665789,
        "var": 2.20084238052
    },
    "barkbands_skewness": {
        "mean": 0.501101732254,
        "var": 0.603090941906
    },
    "barkbands_spread": {
        "mean": 34.3409080505,
        "var": 154.272750854
    },
    "dissonance": {
        "mean": 0.481583416462,
        "var": 0.000270088872639
    },
    "dynamic_complexity": 2.48239350319,
    "erbbands_crest": {
        "mean": 9.82370281219,
        "var": 17.2700519562
    },
    "erbbands_flatness_db": {
        "mean": 0.205159574747,
        "var": 0.00110187823884
    },
    "erbbands_kurtosis": {
        "mean": 1.11844468117,
        "var": 4.85845756531
    },
    "erbbands_skewness": {
        "mean": -0.537001848221,
        "var": 0.347787976265
    },
    "erbbands_spread": {
        "mean": 24.3259716034,
        "var": 87.712097168
    },
    "hfc": {
        "mean": 21.7566223145,
        "var": 430.647918701
    },
    "melbands_crest": {
        "mean": 15.8327598572,
        "var": 30.8983020782
    },
    "melbands_flatness_db": {
        "mean": 0.185078531504,
        "var": 0.00245753396302
    },
    "melbands_kurtosis": {
        "mean": 3.38186764717,
        "var": 30.6236057281
    },
    "melbands_skewness": {
        "mean": 1.67339110374,
        "var": 1.19344270229
    },
    "melbands_spread": {
        "mean": 43.5739746094,
        "var": 429.318786621
    },
    "pitch_salience": {
        "mean": 0.497577250004,
        "var": 0.00945635326207
    },
    "silence_rate_20dB": {
        "mean": 1,
        "var": 0
    },
    "silence_rate_30dB": {
        "mean": 0.998455226421,
        "var": 0.00154241116252
    },
    "silence_rate_60dB": {
        "mean": 0.011843460612,
        "var": 0.0117032062262
    },
    "spectral_centroid": {
        "mean": 2113.44360352,
        "var": 325408.65625
    },
    "spectral_complexity": {
        "mean": 22.8769302368,
        "var": 70.1548156738
    },
    "spectral_decrease": {
        "mean": -5.02096808574e-009,
        "var": 1.3320556761e-017
    },
    "spectral_energy": {
        "mean": 0.0209236629307,
        "var": 0.000227393451496
    },
    "spectral_energyband_high": {
        "mean": 0.000870994350407,
        "var": 3.60521698894e-006
    },
    "spectral_energyband_low": {
        "mean": 0.00815378502011,
        "var": 3.34269425366e-005
    },
    "spectral_energyband_middle_high": {
        "mean": 0.00744879664853,
        "var": 4.98575464007e-005
    },
    "spectral_energyband_middle_low": {
        "mean": 0.00463682832196,
        "var": 7.82646602602e-005
    },
    "spectral_entropy": {
        "mean": 7.7091050148,
        "var": 0.0470665805042
    },
    "spectral_flux": {
        "mean": 0.0797461867332,
        "var": 0.00168861157726
    },
    "spectral_kurtosis": {
        "mean": 3.74581003189,
        "var": 5.03596544266
    },
    "spectral_rms": {
        "mean": 0.00427185511217,
        "var": 2.16461353375e-006
    },
    "spectral_rolloff": {
        "mean": 2244.23291016,
        "var": 1657269
    },
    "spectral_skewness": {
        "mean": 1.001314044,
        "var": 0.106405474246
    },
    "spectral_spread": {
        "mean": 2984525.5,
        "var": 1.80715991859e+012
    },
    "spectral_strongpeak": {
        "mean": 0.745773553848,
        "var": 1.6361374855
    },
    "zerocrossingrate": {
        "mean": 0.0699157416821,
        "var": 0.000982226454653
    },
    "barkbands": {
        "mean": [0.000186840276001, 0.00641147326678, 0.00140983669553, 0.000262534944341, 0.000693111156579, 0.00106663093902, 0.000582341512199, 0.00058134336723, 0.00136720552109, 0.00047952515888, 0.000749479338992, 0.000541630026419, 0.00057392421877, 0.000961924495641, 0.00106473721098, 0.00156099966262, 0.000534527644049, 0.000438876799308, 0.000415029528085, 0.00034074796713, 0.000385739898775, 0.000121886638226, 7.67123492551e-005, 4.82125615235e-005, 4.94984451507e-005, 1.81542345672e-005, 7.66363314142e-007],
        "var": [2.88982775487e-008, 2.03929339477e-005, 6.11391260463e-006, 1.55380007527e-007, 2.60155547949e-006, 2.49907443504e-005, 2.01525631383e-006, 6.92074036124e-006, 2.4902918085e-005, 1.97188546736e-006, 3.2530253975e-006, 4.52910171589e-006, 1.85517285445e-006, 2.70527698376e-006, 3.19628929901e-006, 4.12860663346e-006, 7.11763220806e-007, 1.99666843059e-007, 4.63512208171e-007, 6.73962517794e-007, 1.03967920495e-006, 9.52006118382e-008, 1.55329246354e-007, 5.33772421818e-008, 9.40363662494e-008, 1.83737061121e-008, 4.43978707965e-011]
    },
    "erbbands": {
        "mean": [0.235708400607, 1.22712135315, 1.72353100777, 1.29131090641, 0.975967109203, 2.57969856262, 7.89262056351, 7.73853349686, 5.86010217667, 11.0164422989, 17.9982299805, 28.167350769, 19.3382396698, 25.8916740417, 26.1605815887, 22.3546276093, 24.5141506195, 55.3269805908, 49.8037528992, 54.0624275208, 92.5429992676, 33.5660171509, 22.854095459, 21.7721500397, 21.5230884552, 17.0846843719, 19.2380313873, 9.60658836365, 4.61542844772, 3.35311365128, 1.93472826481, 0.963499426842, 0.863772630692, 0.662255764008, 0.289827972651, 0.0798370316625, 0.0351127386093, 0.00589130679145, 0.000140868549352, 3.0447019526e-005],
        "var": [0.0252451691777, 0.955875873566, 5.80198287964, 4.13482952118, 1.8251991272, 36.0947875977, 944.565490723, 1679.11108398, 148.727371216, 1287.90539551, 8377.95800781, 12138.5722656, 1469.69921875, 4617.35107422, 3730.57446289, 7740.13232422, 3174.82763672, 6609.16357422, 7045.11865234, 8156.63378906, 15106.9707031, 2362.65087891, 590.444580078, 633.895202637, 1689.15185547, 1875.11547852, 2519.62915039, 694.68951416, 119.039550781, 205.237533569, 95.85987854, 20.7897701263, 20.3598537445, 18.504863739, 3.3341319561, 0.281122893095, 0.0796764865518, 0.00251987879165, 1.14395743367e-006, 1.49555823281e-009]
    },
    "gfcc": {
        "mean": [-23.0594062805, 114.071113586, -169.686950684, 56.9730529785, -35.2205505371, 14.5888853073, -12.5656270981, 4.69044589996, -1.69524383545, 5.75364589691, -12.1565065384, -2.36095619202, -0.622469007969],
        "cov": [[3050.71166992, -966.057434082, 521.68548584, -42.5101242065, -63.3521652222, 393.060699463, -254.83164978, 428.618377686, -198.026016235, 156.747543335, -107.591110229, 98.3433609009, 136.048797607], [-966.057434082, 1226.60205078, -429.114929199, 24.408657074, 171.303421021, -291.500610352, 272.705871582, -305.688537598, 211.656387329, -136.495788574, 104.434684753, -45.0289077759, -4.2230181694], [521.68548584, -429.114929199, 511.655456543, 9.97001266479, 15.2195949554, 165.578674316, -147.040100098, 185.142532349, -77.4860458374, 70.623374939, -48.1404190063, 33.0226669312, 23.2589912415], [-42.5101242065, 24.408657074, 9.97001266479, 249.348327637, 37.5019187927, 16.9678821564, 37.5826187134, -59.4503974915, 31.2218227386, 6.82266712189, 14.7880744934, -26.5706501007, -22.4976615906], [-63.3521652222, 171.303421021, 15.2195949554, 37.5019187927, 206.915878296, 55.4214057922, 83.9264297485, -16.1563968658, 50.4636650085, -18.6559638977, -6.67703342438, 0.264202833176, 10.4628620148], [393.060699463, -291.500610352, 165.578674316, 16.9678821564, 55.4214057922, 206.297927856, 6.96301651001, 112.67250824, -48.3658828735, 22.7019062042, -40.1717987061, 8.02714824677, 17.8655357361], [-254.83164978, 272.705871582, -147.040100098, 37.5826187134, 83.9264297485, 6.96301651001, 233.251495361, -26.6045398712, 54.5792198181, -47.9098434448, 5.91074562073, -28.9089298248, -12.0505647659], [428.618377686, -305.688537598, 185.142532349, -59.4503974915, -16.1563968658, 112.67250824, -26.6045398712, 229.58934021, -48.3213119507, 35.1654396057, -36.3857841492, 1.57631587982, 38.032497406], [-198.026016235, 211.656387329, -77.4860458374, 31.2218227386, 50.4636650085, -48.3658828735, 54.5792198181, -48.3213119507, 151.514068604, 4.97908115387, 20.1799793243, 1.60809719563, -0.0432764030993], [156.747543335, -136.495788574, 70.623374939, 6.82266712189, -18.6559638977, 22.7019062042, -47.9098434448, 35.1654396057, 4.97908115387, 94.2082824707, 29.8480587006, 7.052090168, -12.2653779984], [-107.591110229, 104.434684753, -48.1404190063, 14.7880744934, -6.67703342438, -40.1717987061, 5.91074562073, -36.3857841492, 20.1799793243, 29.8480587006, 88.6171951294, 9.75940322876, -12.6084880829], [98.3433609009, -45.0289077759, 33.0226669312, -26.5706501007, 0.264202833176, 8.02714824677, -28.9089298248, 1.57631587982, 1.60809719563, 7.052090168, 9.75940322876, 65.8119430542, 34.7922019958], [136.048797607, -4.2230181694, 23.2589912415, -22.4976615906, 10.4628620148, 17.8655357361, -12.0505647659, 38.032497406, -0.0432764030993, -12.2653779984, -12.6084880829, 34.7922019958, 104.257896423]],
        "icov": [[0.000671730202157, -0.000559046689887, 0.000386839266866, -0.000472077983432, 0.000397461961256, -0.00131670536939, 0.000912194373086, -0.00118360901251, 0.00060749280965, -0.00114390614908, 0.00104103435297, -0.00125362863764, 4.55049557786e-005], [-0.000559046689887, 0.00612456770614, -0.00175453559496, 0.00238990527578, -0.00371295399964, 0.00680293515325, -0.00494526606053, 0.00508030597121, -0.00327490945347, 0.00541573623195, -0.006263082847, 0.0060223932378, -0.00346465967596], [0.000386839266866, -0.00175453559496, 0.005393513944, -0.0020720011089, -0.000347178429365, -0.00350609188899, 0.00441714376211, -0.004738018848, 0.00173782906495, -0.00283044017851, 0.00327477185056, -0.00417668744922, 0.00210595084354], [-0.000472077983432, 0.00238990527578, -0.0020720011089, 0.00644904375076, -0.00117846706416, 0.00146801827941, -0.00303070177324, 0.00515625998378, -0.00237714452669, 0.00189309183042, -0.00370871578343, 0.0057955882512, -0.0019587057177], [0.000397461961256, -0.00371295399964, -0.000347178429365, -0.00117846706416, 0.00985554885119, -0.00702421320602, 0.000605903333053, -0.000927028129809, -0.000607764988672, -0.00205636606552, 0.00331398006529, -0.00309933070093, 0.000969800283201], [-0.00131670536939, 0.00680293515325, -0.00350609188899, 0.00146801827941, -0.00702421320602, 0.0187352374196, -0.00794478226453, 0.00318252900615, -0.000755607557949, 0.00399425951764, -0.00415197061375, 0.00505504803732, -0.00321153597906], [0.000912194373086, -0.00494526606053, 0.00441714376211, -0.00303070177324, 0.000605903333053, -0.00794478226453, 0.0126935392618, -0.00683004176244, 0.00107422610745, -0.00118598912377, 0.00378021900542, -0.00399120897055, 0.00387925468385], [-0.00118360901251, 0.00508030597121, -0.004738018848, 0.00515625998378, -0.000927028129809, 0.00318252900615, -0.00683004176244, 0.0152769964188, -0.00300410110503, 0.00251486035995, -0.00494081480429, 0.00993266422302, -0.0065122935921], [0.00060749280965, -0.00327490945347, 0.00173782906495, -0.00237714452669, -0.000607764988672, -0.000755607557949, 0.00107422610745, -0.00300410110503, 0.0116298152134, -0.00669411197305, 0.00457130232826, -0.00515476707369, 0.00107481726445], [-0.00114390614908, 0.00541573623195, -0.00283044017851, 0.00189309183042, -0.00205636606552, 0.00399425951764, -0.00118598912377, 0.00251486035995, -0.00669411197305, 0.0238051898777, -0.0139756668359, 0.00606403499842, 0.000303435750538], [0.00104103435297, -0.006263082847, 0.00327477185056, -0.00370871578343, 0.00331398006529, -0.00415197061375, 0.00378021900542, -0.00494081480429, 0.00457130232826, -0.0139756668359, 0.0239567328244, -0.0112462127581, 0.00448313821107], [-0.00125362863764, 0.0060223932378, -0.00417668744922, 0.0057955882512, -0.00309933070093, 0.00505504803732, -0.00399120897055, 0.00993266422302, -0.00515476707369, 0.00606403499842, -0.0112462127581, 0.0301383845508, -0.0112840132788], [4.55049557786e-005, -0.00346465967596, 0.00210595084354, -0.0019587057177, 0.000969800283201, -0.00321153597906, 0.00387925468385, -0.0065122935921, 0.00107481726445, 0.000303435750538, 0.00448313821107, -0.0112840132788, 0.0161203481257]]
    },
    "melbands": {
        "mean": [0.00191348779481, 0.00115923630074, 0.000220730624278, 0.000111642337288, 0.000246911018621, 0.000176397166797, 9.9807708466e-005, 0.000114287591714, 0.000163747288752, 0.000183673691936, 9.3100083177e-005, 0.000100505363662, 9.89581458271e-005, 6.11291397945e-005, 4.86868557346e-005, 7.2470465966e-005, 0.000101518679003, 7.06071514287e-005, 8.0616096966e-005, 7.31086693122e-005, 0.000112629582873, 3.26030894939e-005, 2.21552108997e-005, 1.98012894543e-005, 1.69530467247e-005, 1.68137485161e-005, 1.29240625029e-005, 1.06466532088e-005, 1.0858708265e-005, 1.15239517982e-005, 3.72701197193e-006, 2.66513666247e-006, 2.0783893433e-006, 1.78921391125e-006, 1.26453971916e-006, 6.71124780638e-007, 5.28972122993e-007, 5.65120615192e-007, 6.58365593154e-007, 5.25962718712e-007],
        "var": [1.71493672951e-006, 1.31355511712e-006, 1.05233397107e-007, 4.26046149471e-008, 7.68742779655e-007, 8.14597115095e-007, 4.19295496101e-008, 1.33252584078e-007, 8.23772552394e-007, 4.31081986108e-007, 3.77847868549e-008, 7.66439853805e-008, 5.27289714114e-008, 5.3324889393e-008, 3.32093605948e-008, 1.88299136283e-008, 2.62961474817e-008, 1.98197760426e-008, 1.97661815804e-008, 1.20230190248e-008, 2.4339758653e-008, 3.16918913335e-009, 8.7280671579e-010, 4.43179604126e-010, 4.63593136102e-010, 9.9137709153e-010, 7.94988352926e-010, 9.90313386851e-010, 9.72505853625e-010, 1.02684272196e-009, 1.51006179783e-010, 4.09924247324e-011, 3.76773959254e-011, 8.42450484373e-011, 4.74387785998e-011, 1.27417711798e-011, 6.11051357083e-012, 7.87866820395e-012, 1.79394294558e-011, 1.18354943901e-011]
    },
    "mfcc": {
        "mean": [-644.574157715, 125.895172119, -52.479019165, 45.3213539124, -0.971223950386, 25.2742576599, -0.324405193329, 9.43011283875, 14.7899847031, 9.2010307312, 7.09328985214, 1.37455844879, 4.99453163147],
        "cov": [[1982.89306641, -673.313293457, 406.083526611, -266.664825439, 240.257858276, -146.366622925, 174.044342041, -0.72416305542, 121.415725708, 112.087852478, -128.037109375, 10.4765033722, -57.2801551819], [-673.313293457, 987.196655273, -401.684448242, 191.594894409, -153.538009644, 104.762771606, -97.3334884644, 48.8458442688, -24.8679637909, -66.1952438354, 66.2554016113, -16.6700439453, 18.4886016846], [406.083526611, -401.684448242, 442.45904541, -105.741065979, 166.196777344, -91.7089309692, 60.2092895508, -27.5076065063, 34.0523834229, 35.5537338257, -40.3058166504, 15.6926651001, -14.2207403183], [-266.664825439, 191.594894409, -105.741065979, 244.647216797, -49.8802528381, 104.421707153, -45.3588600159, 0.903160989285, -23.541437149, -19.6665725708, 39.5793533325, 0.62884926796, 45.6452331543], [240.257858276, -153.538009644, 166.196777344, -49.8802528381, 213.063827515, -4.74107456207, 32.5894546509, -4.77611732483, 37.3388404846, 32.0158653259, -23.4199924469, 15.3716020584, -24.4203987122], [-146.366622925, 104.762771606, -91.7089309692, 104.421707153, -4.74107456207, 197.797027588, -11.5638551712, 31.875087738, -0.286316096783, -11.8349914551, 42.6280097961, -14.05402565, 18.9495315552], [174.044342041, -97.3334884644, 60.2092895508, -45.3588600159, 32.5894546509, -11.5638551712, 180.041687012, 49.0019454956, 42.5080795288, 32.6822280884, -8.34757518768, -5.60875415802, -23.2697238922], [-0.72416305542, 48.8458442688, -27.5076065063, 0.903160989285, -4.77611732483, 31.875087738, 49.0019454956, 114.144439697, 58.6222267151, 23.3632526398, -6.95053577423, -19.2571773529, -11.2932825089], [121.415725708, -24.8679637909, 34.0523834229, -23.541437149, 37.3388404846, -0.286316096783, 42.5080795288, 58.6222267151, 126.401679993, 45.4594154358, -13.4210300446, -18.1890964508, -16.7566699982], [112.087852478, -66.1952438354, 35.5537338257, -19.6665725708, 32.0158653259, -11.8349914551, 32.6822280884, 23.3632526398, 45.4594154358, 86.5666122437, 12.491979599, 3.679448843, -14.0986909866], [-128.037109375, 66.2554016113, -40.3058166504, 39.5793533325, -23.4199924469, 42.6280097961, -8.34757518768, -6.95053577423, -13.4210300446, 12.491979599, 88.9806442261, 27.1641216278, 16.8957824707], [10.4765033722, -16.6700439453, 15.6926651001, 0.62884926796, 15.3716020584, -14.05402565, -5.60875415802, -19.2571773529, -18.1890964508, 3.679448843, 27.1641216278, 77.0799713135, 37.8847389221], [-57.2801551819, 18.4886016846, -14.2207403183, 45.6452331543, -24.4203987122, 18.9495315552, -23.2697238922, -11.2932825089, -16.7566699982, -14.0986909866, 16.8957824707, 37.8847389221, 84.4175109863]],
        "icov": [[0.000832400808576, 0.000247649208177, -0.000154291046783, 0.00035230544745, -0.000230367251788, -9.97041424853e-005, -0.000370964262402, 0.000334856653353, -0.000360744917998, -0.000549960765056, 0.000885268033016, -0.000313814962283, -7.43760710975e-006], [0.000247649208177, 0.0019973765593, 0.00140279228799, -0.000817586493213, -0.000332585099386, 0.000572544522583, 0.000415161135606, -0.000866818823852, -0.000457025365904, 0.00115685537457, -0.000844207883347, 1.92078532564e-005, 0.0004455508315], [-0.000154291046783, 0.00140279228799, 0.0050286478363, -0.000228803968639, -0.00300105172209, 0.00185569224413, -0.000406015693443, 0.000198652254767, -0.000396146526327, 0.000744002405554, -0.000842750654556, 0.000924662512261, -0.00101181247737], [0.00035230544745, -0.000817586493213, -0.000228803968639, 0.00685639912263, 0.000388606073102, -0.00284191709943, 0.000294424360618, 0.000826539646368, 0.000339636026183, -0.000984565471299, -3.52740025846e-005, 0.000968064879999, -0.00291005894542], [-0.000230367251788, -0.000332585099386, -0.00300105172209, 0.000388606073102, 0.00859352760017, -0.00293260836042, 7.2957649536e-005, 0.00144203496166, -0.00152670941316, -0.0015106734354, 0.00281089544296, -0.00423682900146, 0.00334158283658], [-9.97041424853e-005, 0.000572544522583, 0.00185569224413, -0.00284191709943, -0.00293260836042, 0.00912755075842, 0.000142603676068, -0.0029910269659, 0.000377181539079, 0.00227446574718, -0.00493543222547, 0.00396831380203, -0.00194022548385], [-0.000370964262402, 0.000415161135606, -0.000406015693443, 0.000294424360618, 7.2957649536e-005, 0.000142603676068, 0.00749329803512, -0.00332644372247, -0.000216257190914, -0.000445498677436, -0.000850712531246, -0.00041148904711, 0.00127698923461], [0.000334856653353, -0.000866818823852, 0.000198652254767, 0.000826539646368, 0.00144203496166, -0.0029910269659, -0.00332644372247, 0.0149977039546, -0.00551127362996, -0.00225167535245, 0.00295588793233, 0.000125826729345, 6.35009055259e-005], [-0.000360744917998, -0.000457025365904, -0.000396146526327, 0.000339636026183, -0.00152670941316, 0.000377181539079, -0.000216257190914, -0.00551127362996, 0.0135035375133, -0.00495498301461, 0.000557468505576, 0.00285330787301, -0.0012574767461], [-0.000549960765056, 0.00115685537457, 0.000744002405554, -0.000984565471299, -0.0015106734354, 0.00227446574718, -0.000445498677436, -0.00225167535245, -0.00495498301461, 0.0181382466108, -0.00609184196219, -0.000682109734043, 0.00223067775369], [0.000885268033016, -0.000844207883347, -0.000842750654556, -3.52740025846e-005, 0.00281089544296, -0.00493543222547, -0.000850712531246, 0.00295588793233, 0.000557468505576, -0.00609184196219, 0.0191117469221, -0.0080201132223, 0.00161200587172], [-0.000313814962283, 1.92078532564e-005, 0.000924662512261, 0.000968064879999, -0.00423682900146, 0.00396831380203, -0.00041148904711, 0.000125826729345, 0.00285330787301, -0.000682109734043, -0.0080201132223, 0.0234663002193, -0.0112713472918], [-7.43760710975e-006, 0.0004455508315, -0.00101181247737, -0.00291005894542, 0.00334158283658, -0.00194022548385, 0.00127698923461, 6.35009055259e-005, -0.0012574767461, 0.00223067775369, 0.00161200587172, -0.0112713472918, 0.01976762712]]
    },
    "spectral_contrast_coeffs": {
        "mean": [-0.733471512794, -0.762485086918, -0.773331820965, -0.75682669878, -0.784870505333, -0.649203240871],
        "var": [0.00353518617339, 0.00732018100098, 0.004180977121, 0.00181618134957, 0.000983564299531, 0.00297074881382]
    },
    "spectral_contrast_valleys": {
        "mean": [-7.25210285187, -7.13064622879, -7.18078279495, -7.13120794296, -6.9960398674, -11.2720689774],
        "var": [0.563674390316, 0.389882534742, 0.388367235661, 0.380824655294, 0.397261887789, 1.33494317532]
    }
},
"metadata": {
    "audio_properties": {
        "analysis_sample_rate": 44100,
        "bit_rate": 128074,
        "equal_loudness": 0,
        "length": 45.0612258911,
        "lossless": 0,
        "replay_gain": -6.69854736328,
        "sample_rate": 44100,
        "codec": "mp3",
        "downmix": "mix",
        "md5_encoded": "b97fb513ceedf097800be63350504bd7"
    },
    "tags": {
        "file_name": "1515.mp3"
    },
    "version": {
        "essentia": "2.1-beta2",
        "essentia_git_sha": "v2.1_beta2",
        "extractor": "music 1.0"
    }
},
"rhythm": {
    "beats_count": 119,
    "beats_loudness": {
        "mean": 0.0270251743495,
        "var": 0.000374797149561
    },
    "bpm": 162.395263672,
    "bpm_histogram_first_peak_bpm": {
        "mean": 161,
        "var": 0
    },
    "bpm_histogram_first_peak_spread": {
        "mean": 0.125000014901,
        "var": 0
    },
    "bpm_histogram_first_peak_weight": {
        "mean": 0.652542352676,
        "var": 0
    },
    "bpm_histogram_second_peak_bpm": {
        "mean": 167,
        "var": 0
    },
    "bpm_histogram_second_peak_spread": {
        "mean": 0,
        "var": 0
    },
    "bpm_histogram_second_peak_weight": {
        "mean": 0.135593220592,
        "var": 0
    },
    "danceability": 1.14556014538,
    "onset_rate": 2.88366365433,
    "beats_loudness_band_ratio": {
        "mean": [0.343332022429, 0.0614207424223, 0.114173382521, 0.158596485853, 0.208468183875, 0.123576812446],
        "var": [0.0484354421496, 0.0104192811996, 0.0190461985767, 0.0173303876072, 0.0126776816323, 0.0165342576802]
    },
    "beats_position": [0.394739210606, 0.812698423862, 1.21904754639, 1.6137868166, 1.99691605568, 2.38004541397, 2.75156450272, 3.12308382988, 3.50621318817, 3.87773227692, 4.2492518425, 4.60916090012, 4.98067998886, 5.34058952332, 5.70049858093, 6.08362817764, 6.45514726639, 6.81505680084, 7.17496585846, 7.5464849472, 7.91800451279, 8.28952407837, 8.66104316711, 9.04417228699, 9.42730140686, 9.79882049561, 10.1703395844, 10.5418596268, 10.9133787155, 11.2732877731, 11.6331968307, 12.0047159195, 12.3762359619, 12.7477550507, 13.1192741394, 13.4907932281, 13.8623123169, 14.2338323593, 14.6053514481, 14.9768705368, 15.3599996567, 15.7431287766, 16.114648819, 16.4861679077, 16.8576869965, 17.2408161163, 17.6123352051, 17.9722442627, 18.3321533203, 18.6920623779, 19.0519733429, 19.4118824005, 19.7834014893, 20.154920578, 20.5264396667, 20.8979587555, 21.2694778442, 21.640996933, 22.0125160217, 22.3840351105, 22.7555541992, 23.1270751953, 23.4985942841, 23.8701133728, 24.2416324615, 24.6015415192, 24.9614505768, 25.3329696655, 25.7044887543, 26.076007843, 26.4475269318, 26.8190479279, 27.1905670166, 27.5620861053, 27.9336051941, 28.3051242828, 28.6766433716, 29.0481624603, 29.4196815491, 29.7912006378, 30.1627197266, 30.5342407227, 30.9057598114, 31.2772789001, 31.6487979889, 32.0203170776, 32.391834259, 32.7517471313, 33.1232643127, 33.4831733704, 33.8546943665, 34.2262115479, 34.5977325439, 34.9692497253, 35.3407707214, 35.7122879028, 36.0838088989, 36.455329895, 36.8268470764, 37.1983680725, 37.5698852539, 37.94140625, 38.3129234314, 38.6844444275, 39.0559616089, 39.427482605, 39.8106117249, 40.216960907, 40.6116981506, 41.0180473328, 41.4243965149, 41.8191375732, 42.2138786316, 42.6086158752, 43.0033569336, 43.3864860535, 43.7812232971, 44.1759643555, 44.5707015991]
},
"tonal": {
    "chords_changes_rate": 0.0380658432841,
    "chords_number_rate": 0.00925925932825,
    "chords_strength": {
        "mean": 0.560420930386,
        "var": 0.0123895192519
    },
    "hpcp_entropy": {
        "mean": 2.17920780182,
        "var": 0.482177168131
    },
    "key_strength": 0.552820026875,
    "tuning_diatonic_strength": 0.580578923225,
    "tuning_equal_tempered_deviation": 0.227210476995,
    "tuning_frequency": 433.942382813,
    "tuning_nontempered_energy_ratio": 0.888282477856,
    "hpcp": {
        "mean": [0.527641713619, 0.541055560112, 0.297279447317, 0.168798878789, 0.204112052917, 0.229475483298, 0.186366692185, 0.138494893909, 0.102112874389, 0.0749113336205, 0.0670809447765, 0.0804066061974, 0.127661585808, 0.16321875155, 0.138673618436, 0.107062846422, 0.0981850549579, 0.0928758308291, 0.0865547731519, 0.0757679492235, 0.0809516906738, 0.10782148689, 0.140740990639, 0.16099666059, 0.145826652646, 0.110030554235, 0.124192036688, 0.184367522597, 0.185200452805, 0.124248377979, 0.0885633379221, 0.0692282170057, 0.0483892560005, 0.052432846278, 0.0976397693157, 0.26597866416],
        "var": [0.134528309107, 0.136922463775, 0.083623021841, 0.0485215075314, 0.070720218122, 0.0883971452713, 0.0502446964383, 0.0317556075752, 0.0188504867256, 0.011623499915, 0.00977574568242, 0.0134757561609, 0.0235619712621, 0.0359619110823, 0.0311621446162, 0.027954293415, 0.0244440939277, 0.0248007364571, 0.0238251779228, 0.0226795319468, 0.0246388856322, 0.0408545807004, 0.0460064932704, 0.0573613196611, 0.0447860211134, 0.0299545507878, 0.0303271971643, 0.0627651885152, 0.0453204959631, 0.0208305250853, 0.0196944642812, 0.0127234980464, 0.00706944847479, 0.0107641257346, 0.0276000015438, 0.082905612886]
    },
    "chords_histogram": [10.6995887756, 0, 0, 0, 6.27572011948, 0, 1.64609050751, 0.617283940315, 0, 0, 0, 0, 0, 0, 1.13168728352, 0, 9.05349826813, 1.44032919407, 0, 0, 0, 7.61316871643, 25, 36.5226325989],
    "thpcp": [1, 0.549443483353, 0.31198066473, 0.377247869968, 0.424125552177, 0.344450205564, 0.255971670151, 0.188729003072, 0.138454049826, 0.123981617391, 0.148610621691, 0.235949128866, 0.301667273045, 0.256301999092, 0.1978777349, 0.181469455361, 0.171656727791, 0.15997390449, 0.140037283301, 0.149618074298, 0.199279874563, 0.260122984648, 0.297560304403, 0.26952251792, 0.203362762928, 0.229536563158, 0.34075525403, 0.342294692993, 0.229640707374, 0.163686215878, 0.127950295806, 0.0894349142909, 0.0969084352255, 0.180461630225, 0.491592139006, 0.975207984447],
    "chords_key": "F#",
    "chords_scale": "minor",
    "key_key": "A",
    "key_scale": "major"
}
}