{
"lowlevel": {
    "average_loudness": 0.979672253132,
    "barkbands_crest": {
        "mean": 14.5247755051,
        "var": 33.9577407837
    },
    "barkbands_flatness_db": {
        "mean": 0.278885632753,
        "var": 0.0150870503858
    },
    "barkbands_kurtosis": {
        "mean": 56.5077781677,
        "var": 14539.5625
    },
    "barkbands_skewness": {
        "mean": 4.0335021019,
        "var": 15.0173768997
    },
    "barkbands_spread": {
        "mean": 14.9389371872,
        "var": 425.903991699
    },
    "dissonance": {
        "mean": 0.431933045387,
        "var": 0.0027347963769
    },
    "dynamic_complexity": 3.53226733208,
    "erbbands_crest": {
        "mean": 11.5436630249,
        "var": 30.3275661469
    },
    "erbbands_flatness_db": {
        "mean": 0.174253761768,
        "var": 0.0052990927361
    },
    "erbbands_kurtosis": {
        "mean": 5.2836523056,
        "var": 63.2122383118
    },
    "erbbands_skewness": {
        "mean": 1.37938296795,
        "var": 1.9146900177
    },
    "erbbands_spread": {
        "mean": 52.0971221924,
        "var": 2414.07080078
    },
    "hfc": {
        "mean": 21.797296524,
        "var": 1188.18969727
    },
    "melbands_crest": {
        "mean": 22.3216400146,
        "var": 87.5694656372
    },
    "melbands_flatness_db": {
        "mean": 0.388033658266,
        "var": 0.0212068017572
    },
    "melbands_kurtosis": {
        "mean": 132.138793945,
        "var": 96002.7578125
    },
    "melbands_skewness": {
        "mean": 6.1524438858,
        "var": 35.5841369629
    },
    "melbands_spread": {
        "mean": 7.8932299614,
        "var": 254.767120361
    },
    "pitch_salience": {
        "mean": 0.434870362282,
        "var": 0.0458178110421
    },
    "silence_rate_20dB": {
        "mean": 0.977857887745,
        "var": 0.0216520540416
    },
    "silence_rate_30dB": {
        "mean": 0.800720930099,
        "var": 0.159567758441
    },
    "silence_rate_60dB": {
        "mean": 0.0422245115042,
        "var": 0.0404419638216
    },
    "spectral_centroid": {
        "mean": 733.826416016,
        "var": 1036975.625
    },
    "spectral_complexity": {
        "mean": 8.00257492065,
        "var": 32.1983070374
    },
    "spectral_decrease": {
        "mean": -1.80105690362e-008,
        "var": 5.75505101067e-016
    },
    "spectral_energy": {
        "mean": 0.0699530914426,
        "var": 0.00827558897436
    },
    "spectral_energyband_high": {
        "mean": 0.00134035432711,
        "var": 8.72023065313e-006
    },
    "spectral_energyband_low": {
        "mean": 0.0553317442536,
        "var": 0.00799778755754
    },
    "spectral_energyband_middle_high": {
        "mean": 0.000882165913936,
        "var": 8.89541024662e-006
    },
    "spectral_energyband_middle_low": {
        "mean": 0.0145687935874,
        "var": 0.0005216980353
    },
    "spectral_entropy": {
        "mean": 6.89029598236,
        "var": 0.891720116138
    },
    "spectral_flux": {
        "mean": 0.105732411146,
        "var": 0.0125067839399
    },
    "spectral_kurtosis": {
        "mean": 11.738820076,
        "var": 298.568572998
    },
    "spectral_rms": {
        "mean": 0.00701001565903,
        "var": 1.91065610124e-005
    },
    "spectral_rolloff": {
        "mean": 921.131896973,
        "var": 5574486.5
    },
    "spectral_skewness": {
        "mean": 2.53534984589,
        "var": 2.97406196594
    },
    "spectral_spread": {
        "mean": 7095082,
        "var": 1.83752101724e+013
    },
    "spectral_strongpeak": {
        "mean": 0.617723226547,
        "var": 0.514430999756
    },
    "zerocrossingrate": {
        "mean": 0.0519541800022,
        "var": 0.0049431133084
    },
    "barkbands": {
        "mean": [0.00619237497449, 0.0424920395017, 0.00448796153069, 0.00409553013742, 0.00449439417571, 0.00410454161465, 0.00124057161156, 0.000443245982751, 0.000175077380845, 7.58852911531e-005, 0.00014089490287, 8.39971980895e-005, 7.47503218008e-005, 0.000100313744042, 6.98656658642e-005, 9.99960393528e-005, 5.06804644829e-005, 9.39673773246e-005, 6.17800251348e-005, 7.6619850006e-005, 6.82065219735e-005, 9.03534237295e-005, 0.000104601254861, 0.00023761347984, 0.000504285504576, 0.00028556631878, 8.02647173259e-006],
        "var": [0.000120908269309, 0.0062003498897, 0.000103643600596, 8.66726622917e-005, 0.00011123962031, 0.00010467190441, 4.87991565024e-006, 1.05261824501e-006, 1.71109732605e-007, 5.05232442549e-008, 5.5962004808e-007, 4.0758731501e-008, 7.26097937331e-008, 3.98990351869e-007, 7.03176255001e-008, 3.45053280171e-007, 1.0446654386e-007, 2.7953237236e-007, 1.99861005967e-007, 1.1168140901e-007, 5.95767701839e-008, 1.15745116602e-007, 8.65996767629e-008, 3.07423164259e-007, 1.83333543191e-006, 6.7763255629e-007, 9.06246133692e-010]
    },
    "erbbands": {
        "mean": [2.19656586647, 5.57643413544, 5.57737112045, 10.7898206711, 15.5689496994, 13.781083107, 28.6149349213, 25.4804649353, 19.8448085785, 16.0702381134, 7.18437957764, 3.9256207943, 2.54956459999, 4.90969562531, 4.10085105896, 3.04654717445, 3.4904859066, 5.51436376572, 4.1917552948, 2.84651827812, 6.62175798416, 3.19290518761, 4.28918600082, 4.53071784973, 3.05510115623, 3.94816279411, 3.06081032753, 2.75514817238, 3.12902784348, 2.93350720406, 3.0315887928, 3.40614938736, 4.94150495529, 4.42611789703, 4.25188016891, 1.58540558815, 0.45819324255, 0.0778802186251, 0.00177303655073, 0.000135345384479],
        "var": [16.6316165924, 141.56842041, 153.858184814, 480.10244751, 1737.14733887, 990.34954834, 7558.60449219, 1939.78369141, 1131.77099609, 1292.75805664, 276.722717285, 79.6763916016, 50.6061248779, 168.503677368, 966.953796387, 46.0196876526, 109.867835999, 1241.57043457, 273.724853516, 145.606155396, 1640.46130371, 320.703674316, 474.745666504, 765.453369141, 314.848937988, 312.875457764, 130.917526245, 114.540245056, 146.390899658, 85.6416778564, 61.9506263733, 67.8424301147, 137.741867065, 141.116271973, 143.702835083, 22.7120552063, 2.26531839371, 0.0810666531324, 3.3557156712e-005, 3.69397312738e-008]
    },
    "gfcc": {
        "mean": [-74.3248138428, 98.9345397949, -31.0117340088, 27.6388931274, -51.6938819885, 24.4562473297, -42.3175544739, 9.40710449219, -26.2103424072, 11.7045879364, -5.91151666641, 4.73088121414, -6.42828321457],
        "cov": [[13399.8056641, -1280.6361084, -1295.36413574, 533.786010742, -639.733703613, -309.004760742, -748.28515625, 519.650268555, -533.367492676, 117.863433838, -632.898132324, -82.8692092896, -248.596954346], [-1280.6361084, 4564.74853516, 216.919387817, -947.398681641, 230.470550537, -447.895019531, 386.317138672, -385.660644531, 505.669250488, -97.6183395386, 519.739440918, -186.462799072, 141.401763916], [-1295.36413574, 216.919387817, 1375.40844727, -154.218002319, 120.981132507, 244.412078857, 124.082511902, 51.7471389771, 103.610816956, 19.506193161, 126.693466187, 98.2889862061, 25.3839607239], [533.786010742, -947.398681641, -154.218002319, 710.605773926, 119.459526062, 157.919342041, 87.963973999, 137.388183594, -33.0897979736, -5.78519153595, -42.2517585754, 45.1359634399, 78.5888748169], [-639.733703613, 230.470550537, 120.981132507, 119.459526062, 548.076293945, 17.5100364685, 258.739044189, 94.3629302979, 160.722412109, 53.5410041809, 84.8450469971, -54.9054374695, 72.9448471069], [-309.004760742, -447.895019531, 244.412078857, 157.919342041, 17.5100364685, 302.822265625, 25.3539924622, 73.7313537598, 14.7475605011, -4.59583091736, 19.4721012115, 80.6056976318, 25.0863075256], [-748.28515625, 386.317138672, 124.082511902, 87.963973999, 258.739044189, 25.3539924622, 399.222717285, 38.4708747864, 239.153442383, 41.6194076538, 125.582145691, 50.9297218323, 116.206756592], [519.650268555, -385.660644531, 51.7471389771, 137.388183594, 94.3629302979, 73.7313537598, 38.4708747864, 211.695648193, 6.31666278839, 51.6811141968, 1.10894107819, 8.23188686371, 23.2407016754], [-533.367492676, 505.669250488, 103.610816956, -33.0897979736, 160.722412109, 14.7475605011, 239.153442383, 6.31666278839, 335.472290039, 72.1921844482, 70.5925140381, -7.48575639725, 35.7712402344], [117.863433838, -97.6183395386, 19.506193161, -5.78519153595, 53.5410041809, -4.59583091736, 41.6194076538, 51.6811141968, 72.1921844482, 115.6068573, -1.93401122093, 15.6268692017, -9.44737052917], [-632.898132324, 519.739440918, 126.693466187, -42.2517585754, 84.8450469971, 19.4721012115, 125.582145691, 1.10894107819, 70.5925140381, -1.93401122093, 252.577011108, 61.3824882507, 111.036186218], [-82.8692092896, -186.462799072, 98.2889862061, 45.1359634399, -54.9054374695, 80.6056976318, 50.9297218323, 8.23188686371, -7.48575639725, 15.6268692017, 61.3824882507, 188.811462402, 94.1340026855], [-248.596954346, 141.401763916, 25.3839607239, 78.5888748169, 72.9448471069, 25.0863075256, 116.206756592, 23.2407016754, 35.7712402344, -9.44737052917, 111.036186218, 94.1340026855, 166.233657837]],
        "icov": [[0.000156870723004, -0.00018097559223, 8.73493481777e-005, -0.000254925718764, 0.000132559274789, 0.000138528703246, 0.000238104737946, -0.000688330212142, 0.000157695627422, -0.000196487817448, 0.000464566546725, -0.000380743236747, 0.000206625059946], [-0.00018097559223, 0.001053092652, -0.000174792061443, 0.00102274108212, -0.000158508701134, 0.00053018523613, -0.000399108132115, 0.00150546291843, -0.00115296058357, 0.0011405198602, -0.00179427722469, 0.00145840854384, -0.000879627128597], [8.73493481777e-005, -0.000174792061443, 0.00109568925109, 0.000289028161205, -0.000192467297893, -0.000906987523194, -5.07339791511e-005, -0.000622335355729, 0.000170193321537, -9.12546784093e-006, 9.03467007447e-005, -0.000744185701478, 0.000643083709292], [-0.000254925718764, 0.00102274108212, 0.000289028161205, 0.00337002798915, -0.000501011265442, -0.000996161834337, -0.00127123249695, 0.000866073591169, -0.000393216090742, 0.00135593058076, -0.000881360378116, 0.00165013282094, -0.00193484022748], [0.000132559274789, -0.000158508701134, -0.000192467297893, -0.000501011265442, 0.00364978215657, -9.93880530586e-005, -0.0018450737698, -0.00108312966768, 0.000553602294531, -0.00159540434834, 0.000163386430359, 0.00251341005787, -0.00128821458202], [0.000138528703246, 0.00053018523613, -0.000906987523194, -0.000996161834337, -9.93880530586e-005, 0.00652579870075, 0.00119153503329, -0.00161613919772, -0.00205557863228, 0.0027343055699, -0.000952567323111, -0.00250093452632, 0.00146764097735], [0.000238104737946, -0.000399108132115, -5.07339791511e-005, -0.00127123249695, -0.0018450737698, 0.00119153503329, 0.00776470638812, -0.00138159270864, -0.00400215946138, 0.000916590157431, 8.77553029568e-005, -0.00290150125511, -0.000802953960374], [-0.000688330212142, 0.00150546291843, -0.000622335355729, 0.000866073591169, -0.00108312966768, -0.00161613919772, -0.00138159270864, 0.0108624314889, -0.000124798272736, -0.00259255920537, -0.00292234797962, 0.00424655620009, -0.00303124194033], [0.000157695627422, -0.00115296058357, 0.000170193321537, -0.000393216090742, 0.000553602294531, -0.00205557863228, -0.00400215946138, -0.000124798272736, 0.00830294564366, -0.00529141817242, 0.00179789692629, 0.0010564973345, 0.000372354144929], [-0.000196487817448, 0.0011405198602, -9.12546784093e-006, 0.00135593058076, -0.00159540434834, 0.0027343055699, 0.000916590157431, -0.00259255920537, -0.00529141817242, 0.0156026724726, -0.00171002675779, -0.00365717662498, 0.00334408180788], [0.000464566546725, -0.00179427722469, 9.03467007447e-005, -0.000881360378116, 0.000163386430359, -0.000952567323111, 8.77553029568e-005, -0.00292234797962, 0.00179789692629, -0.00171002675779, 0.00984591525048, -0.00255211885087, -0.00257232203148], [-0.000380743236747, 0.00145840854384, -0.000744185701478, 0.00165013282094, 0.00251341005787, -0.00250093452632, -0.00290150125511, 0.00424655620009, 0.0010564973345, -0.00365717662498, -0.00255211885087, 0.0144645608962, -0.0086887171492], [0.000206625059946, -0.000879627128597, 0.000643083709292, -0.00193484022748, -0.00128821458202, 0.00146764097735, -0.000802953960374, -0.00303124194033, 0.000372354144929, 0.00334408180788, -0.00257232203148, -0.0086887171492, 0.0159665960819]]
    },
    "melbands": {
        "mean": [0.0149824172258, 0.0042493767105, 0.00198198901489, 0.00111355260015, 0.000844802882057, 0.000643244071398, 0.000280791835394, 0.000158217080752, 4.89889280288e-005, 2.32669190154e-005, 1.21185030366e-005, 1.87687473954e-005, 1.5977955627e-005, 7.666944839e-006, 8.57132363308e-006, 1.0072420082e-005, 9.51033325691e-006, 6.63633136355e-006, 4.80618473375e-006, 3.75047102352e-006, 8.27736221254e-006, 3.03868273477e-006, 2.6159218578e-006, 5.33339789399e-006, 3.53771088157e-006, 1.99745454665e-006, 2.3978518584e-006, 2.59916510004e-006, 2.17187607632e-006, 1.28386409415e-006, 1.69085842572e-006, 1.76259447926e-006, 1.76138087227e-006, 1.67516941474e-006, 1.74875845005e-006, 1.66630036347e-006, 2.19631442633e-006, 3.4810377656e-006, 3.38307472703e-006, 3.82045664082e-006],
        "var": [0.000758279638831, 7.52085252316e-005, 1.86917113751e-005, 7.8092343756e-006, 5.19957256984e-006, 1.48764672758e-006, 2.04062075682e-007, 1.28070126948e-007, 1.48367558239e-008, 2.96863533755e-009, 1.25587573674e-009, 2.179824099e-009, 1.13302434102e-008, 1.28488120144e-009, 2.29139554553e-010, 2.28776775302e-009, 3.80772480213e-009, 7.58031526438e-010, 3.52140261395e-010, 3.02228742033e-010, 2.78542811039e-009, 3.90246335247e-010, 1.62875227194e-010, 1.15953291413e-009, 5.59520152432e-010, 1.7961228338e-010, 1.41895550865e-010, 1.46463743911e-010, 7.03391928036e-011, 2.0004548365e-011, 4.66317921777e-011, 5.69776656412e-011, 3.69956010271e-011, 3.04178418564e-011, 2.19249549072e-011, 1.81600463833e-011, 3.1436436787e-011, 7.72401587135e-011, 7.89048132388e-011, 1.09339745591e-010]
    },
    "mfcc": {
        "mean": [-745.424316406, 143.696365356, 68.7632141113, 20.2366218567, 21.7730102539, 10.3802642822, 9.20048809052, -1.75527107716, -3.49942731857, -0.42108938098, 1.26592278481, 3.64592814445, 5.91781425476],
        "cov": [[10449.2568359, -3018.24438477, -607.577148438, 160.311035156, -117.279937744, -357.929412842, -285.840606689, -237.646316528, -22.4758205414, -69.3021621704, -159.86630249, -364.038665771, -492.361633301], [-3018.24438477, 3973.16381836, 436.215026855, -325.669555664, -170.505264282, 39.4394645691, -140.126571655, -130.21182251, -121.618225098, -81.7192153931, 139.292266846, 314.245391846, 258.769104004], [-607.577148438, 436.215026855, 1050.80126953, -151.409057617, 88.0718154907, 98.3453292847, 39.7877883911, 134.315338135, -71.9757843018, -3.38454794884, -11.8373022079, -3.96062374115, 141.385940552], [160.311035156, -325.669555664, -151.409057617, 430.522186279, 90.4286422729, 95.681854248, 134.829147339, 75.4868545532, 123.763282776, 88.660369873, 21.2790203094, 30.6568641663, -10.6890077591], [-117.279937744, -170.505264282, 88.0718154907, 90.4286422729, 307.273254395, 42.710811615, 148.369552612, 52.3541183472, 34.4832191467, 83.9453353882, 37.6297645569, -23.96900177, -6.82080030441], [-357.929412842, 39.4394645691, 98.3453292847, 95.681854248, 42.710811615, 235.636520386, 22.3273067474, 109.95854187, 88.8239898682, 22.0607948303, 42.1978607178, 72.8359832764, 50.2674751282], [-285.840606689, -140.126571655, 39.7877883911, 134.829147339, 148.369552612, 22.3273067474, 259.131317139, 90.8442306519, 12.374540329, 62.6646080017, -18.1186561584, -26.4594650269, 35.7785949707], [-237.646316528, -130.21182251, 134.315338135, 75.4868545532, 52.3541183472, 109.95854187, 90.8442306519, 182.681594849, 66.3310317993, 49.9814872742, 3.32010555267, 28.5520954132, 66.3786697388], [-22.4758205414, -121.618225098, -71.9757843018, 123.763282776, 34.4832191467, 88.8239898682, 12.374540329, 66.3310317993, 228.516601563, 86.4134063721, 90.0649795532, 71.5658035278, -9.47490119934], [-69.3021621704, -81.7192153931, -3.38454794884, 88.660369873, 83.9453353882, 22.0607948303, 62.6646080017, 49.9814872742, 86.4134063721, 155.991958618, 83.5993118286, 33.259765625, -20.7925605774], [-159.86630249, 139.292266846, -11.8373022079, 21.2790203094, 37.6297645569, 42.1978607178, -18.1186561584, 3.32010555267, 90.0649795532, 83.5993118286, 146.673019409, 88.3375930786, 2.21680283546], [-364.038665771, 314.245391846, -3.96062374115, 30.6568641663, -23.96900177, 72.8359832764, -26.4594650269, 28.5520954132, 71.5658035278, 33.259765625, 88.3375930786, 144.783294678, 66.1742782593], [-492.361633301, 258.769104004, 141.385940552, -10.6890077591, -6.82080030441, 50.2674751282, 35.7785949707, 66.3786697388, -9.47490119934, -20.7925605774, 2.21680283546, 66.1742782593, 144.033111572]],
        "icov": [[0.000148552528117, 9.98870818876e-005, -3.14184071613e-005, -0.000113584777864, 8.99755650607e-006, 0.000188454796444, 0.000193357904209, -1.26756594909e-005, 2.05604392249e-005, 0.000118480696983, -2.00474296435e-005, -2.59100725089e-005, 0.000273900746834], [9.98870818876e-005, 0.00047929448192, -0.000189446844161, 0.000140154414112, 0.000118151729112, 3.27233210555e-005, -8.54703175719e-005, 0.000658903620206, 0.000206112585147, 4.23247911385e-005, 3.60791345884e-005, -0.00104973406997, -0.000110131761176], [-3.14184071613e-005, -0.000189446844161, 0.00150312588084, 0.000503499060869, -0.000460479932372, -0.000571283570025, 0.000443388271378, -0.000971973116975, 0.000427063612733, -0.00048118236009, -0.000303309003357, 0.00147734989878, -0.00140525598545], [-0.000113584777864, 0.000140154414112, 0.000503499060869, 0.00421099830419, -6.82831378072e-005, -0.00161331531126, -0.00206058612093, 0.000853008008562, -0.00125646649394, -0.00152764376253, 0.00193812861107, -0.00152529752813, 0.000224508563406], [8.99755650607e-006, 0.000118151729112, -0.000460479932372, -6.82831378072e-005, 0.0056866533123, -0.00120025512297, -0.00300988927484, 0.000962549645919, 0.000151681655552, -0.00114601803944, -0.00236177444458, 0.00212945928797, 0.000160229668836], [0.000188454796444, 3.27233210555e-005, -0.000571283570025, -0.00161331531126, -0.00120025512297, 0.00857330113649, 0.0014207722852, -0.00489699887112, -0.000921931175981, 0.00340878032148, -0.00111824646592, -0.00297901546583, 0.00169877731241], [0.000193357904209, -8.54703175719e-005, 0.000443388271378, -0.00206058612093, -0.00300988927484, 0.0014207722852, 0.00882429070771, -0.0028147129342, 0.000804421957582, -0.00206795637496, 0.00127543008421, 0.00264882599004, -0.00278904987499], [-1.26756594909e-005, 0.000658903620206, -0.000971973116975, 0.000853008008562, 0.000962549645919, -0.00489699887112, -0.0028147129342, 0.0146747101098, -0.00276706996374, -0.00508264452219, 0.00437547685578, -9.39930105233e-005, -0.00545873399824], [2.05604392249e-005, 0.000206112585147, 0.000427063612733, -0.00125646649394, 0.000151681655552, -0.000921931175981, 0.000804421957582, -0.00276706996374, 0.00873526185751, -0.000977621297352, -0.00321718328632, -0.00197202013806, 0.00198089773767], [0.000118480696983, 4.23247911385e-005, -0.00048118236009, -0.00152764376253, -0.00114601803944, 0.00340878032148, -0.00206795637496, -0.00508264452219, -0.000977621297352, 0.0159241501242, -0.00838083960116, -0.00121107278392, 0.00521996757016], [-2.00474296435e-005, 3.60791345884e-005, -0.000303309003357, 0.00193812861107, -0.00236177444458, -0.00111824646592, 0.00127543008421, 0.00437547685578, -0.00321718328632, -0.00838083960116, 0.0206496305764, -0.0107542052865, 0.00145493180025], [-2.59100725089e-005, -0.00104973406997, 0.00147734989878, -0.00152529752813, 0.00212945928797, -0.00297901546583, 0.00264882599004, -9.39930105233e-005, -0.00197202013806, -0.00121107278392, -0.0107542052865, 0.0245162248611, -0.0106428880244], [0.000273900746834, -0.000110131761176, -0.00140525598545, 0.000224508563406, 0.000160229668836, 0.00169877731241, -0.00278904987499, -0.00545873399824, 0.00198089773767, 0.00521996757016, 0.00145493180025, -0.0106428880244, 0.0178475417197]]
    },
    "spectral_contrast_coeffs": {
        "mean": [-0.669200897217, -0.699247777462, -0.780758738518, -0.807087361813, -0.821997046471, -0.829622924328],
        "var": [0.0113818719983, 0.0096239624545, 0.00451300945133, 0.00264612608589, 0.00207650195807, 0.00233865040354]
    },
    "spectral_contrast_valleys": {
        "mean": [-6.90980005264, -7.29684972763, -8.69182491302, -9.12571620941, -9.24919700623, -10.5519771576],
        "var": [1.83911812305, 1.95626437664, 1.56283009052, 1.71304225922, 2.09831285477, 2.19072365761]
    }
},
"metadata": {
    "audio_properties": {
        "analysis_sample_rate": 44100,
        "bit_rate": 128074,
        "equal_loudness": 0,
        "length": 45.0612258911,
        "lossless": 0,
        "replay_gain": -4.94812965393,
        "sample_rate": 44100,
        "codec": "mp3",
        "downmix": "mix",
        "md5_encoded": "ff09e4c79ad78e6293e973b2c86ff494"
    },
    "tags": {
        "file_name": "1516.mp3"
    },
    "version": {
        "essentia": "2.1-beta2",
        "essentia_git_sha": "v2.1_beta2",
        "extractor": "music 1.0"
    }
},
"rhythm": {
    "beats_count": 66,
    "beats_loudness": {
        "mean": 0.19902330637,
        "var": 0.02199909091
    },
    "bpm": 89.9582443237,
    "bpm_histogram_first_peak_bpm": {
        "mean": 89,
        "var": 0
    },
    "bpm_histogram_first_peak_spread": {
        "mean": 0.523076891899,
        "var": 0
    },
    "bpm_histogram_first_peak_weight": {
        "mean": 0.476923078299,
        "var": 0
    },
    "bpm_histogram_second_peak_bpm": {
        "mean": 0,
        "var": 0
    },
    "bpm_histogram_second_peak_spread": {
        "mean": 0,
        "var": 0
    },
    "bpm_histogram_second_peak_weight": {
        "mean": 0,
        "var": 0
    },
    "danceability": 1.63030946255,
    "onset_rate": 4.70258998871,
    "beats_loudness_band_ratio": {
        "mean": [0.934947669506, 0.0261333659291, 0.00694849388674, 0.00528527284041, 0.0164893399924, 0.0177844334394],
        "var": [0.0117859393358, 0.00357401371002, 0.000266443676082, 0.000322494364809, 0.000769153528381, 0.00150705385022]
    },
    "beats_position": [0.696598649025, 1.40480720997, 2.11301589012, 2.82122445107, 3.52943301201, 4.23764181137, 4.94585037231, 5.61922883987, 6.29260778427, 6.96598625183, 7.61614513397, 8.28952407837, 8.96290206909, 9.63628101349, 10.2980499268, 10.95981884, 11.6215867996, 12.294965744, 12.9567346573, 13.6301136017, 14.3034915924, 14.9652605057, 15.6270294189, 16.3004074097, 16.9505672455, 17.6239452362, 18.2857131958, 18.9590930939, 19.6324710846, 20.3058490753, 20.9676189423, 21.6293869019, 22.2911567688, 22.9645347595, 23.614692688, 24.2880725861, 24.9614505768, 25.6348285675, 26.2965984344, 26.958366394, 27.620136261, 28.2935142517, 28.9552822113, 29.6286621094, 30.3020401001, 30.9638080597, 31.6255779266, 32.2989578247, 32.9491157532, 33.6341018677, 34.2958717346, 34.9692497253, 35.6426315308, 36.304397583, 36.96616745, 37.6279373169, 38.2897033691, 38.9630813599, 39.613243103, 40.2982292175, 40.9716110229, 41.6449890137, 42.3067550659, 42.9801368713, 43.6535148621, 44.3036727905]
},
"tonal": {
    "chords_changes_rate": 0.047325104475,
    "chords_number_rate": 0.00308641977608,
    "chords_strength": {
        "mean": 0.474513113499,
        "var": 0.00560582615435
    },
    "hpcp_entropy": {
        "mean": 2.15205049515,
        "var": 0.534629285336
    },
    "key_strength": 0.400460362434,
    "tuning_diatonic_strength": 0.445004105568,
    "tuning_equal_tempered_deviation": 0.136912956834,
    "tuning_frequency": 434.193115234,
    "tuning_nontempered_energy_ratio": 0.765348136425,
    "hpcp": {
        "mean": [0.0539271309972, 0.0353241972625, 0.0347091108561, 0.064463019371, 0.0902195572853, 0.0736304074526, 0.0697482526302, 0.0734199881554, 0.0577151402831, 0.0408549532294, 0.0328912809491, 0.0465575642884, 0.115735732019, 0.132267490029, 0.0577847138047, 0.0243774056435, 0.031416784972, 0.0656772702932, 0.160171166062, 0.176274210215, 0.102639660239, 0.0721006244421, 0.0509728826582, 0.26884829998, 0.48826777935, 0.247974649072, 0.0253181941807, 0.0487303324044, 0.0771577805281, 0.067711353302, 0.0457325428724, 0.0510255470872, 0.0855372175574, 0.186870157719, 0.228842824697, 0.132679998875],
        "var": [0.0270379148424, 0.0191004406661, 0.0164897292852, 0.0308580137789, 0.0541085451841, 0.0321135222912, 0.0221086647362, 0.0214284788817, 0.022867500782, 0.0201350897551, 0.0187640693039, 0.0207217969, 0.060136012733, 0.0886395052075, 0.0198512915522, 0.00921951420605, 0.0115945255384, 0.0221001151949, 0.0650006607175, 0.0726570934057, 0.0305876526982, 0.0262016765773, 0.0230730529875, 0.0627255439758, 0.209984049201, 0.0527878627181, 0.00653176940978, 0.0129890320823, 0.0300914682448, 0.0257182214409, 0.017978258431, 0.027954345569, 0.0390717685223, 0.0725337713957, 0.10988740623, 0.0533913597465]
    },
    "chords_histogram": [75.6172866821, 17.5925922394, 0, 0, 0, 0, 0, 0, 0, 0.102880656719, 0, 0, 0, 0, 0, 0, 0, 0, 5.34979438782, 0.617283940315, 0, 0, 0.720164597034, 0],
    "thpcp": [1, 0.507866084576, 0.0518530905247, 0.0998024716973, 0.158023491502, 0.138676673174, 0.093662828207, 0.104503206909, 0.175185054541, 0.382720649242, 0.468683034182, 0.27173614502, 0.110445812345, 0.0723459497094, 0.0710862204432, 0.132023900747, 0.184774756432, 0.150799229741, 0.142848357558, 0.150368288159, 0.118203870952, 0.0836732536554, 0.0673632025719, 0.0953525230289, 0.237033322453, 0.270891278982, 0.118346355855, 0.0499263033271, 0.0643433481455, 0.134510755539, 0.328039586544, 0.361019551754, 0.210211828351, 0.147666156292, 0.104395344853, 0.550616502762],
    "chords_key": "A#",
    "chords_scale": "minor",
    "key_key": "A#",
    "key_scale": "minor"
}
}