{
"lowlevel": {
    "average_loudness": 0.950166404247,
    "barkbands_crest": {
        "mean": 18.904668808,
        "var": 43.8983001709
    },
    "barkbands_flatness_db": {
        "mean": 0.385415494442,
        "var": 0.042293600738
    },
    "barkbands_kurtosis": {
        "mean": 258.878692627,
        "var": 953089.625
    },
    "barkbands_skewness": {
        "mean": 5.95711565018,
        "var": 132.280731201
    },
    "barkbands_spread": {
        "mean": 13.0363273621,
        "var": 387.59576416
    },
    "dissonance": {
        "mean": 0.369607537985,
        "var": 0.0158875025809
    },
    "dynamic_complexity": 5.91031265259,
    "erbbands_crest": {
        "mean": 18.3357124329,
        "var": 76.325630188
    },
    "erbbands_flatness_db": {
        "mean": 0.304669827223,
        "var": 0.0363836735487
    },
    "erbbands_kurtosis": {
        "mean": 21.5754737854,
        "var": 2671.29467773
    },
    "erbbands_skewness": {
        "mean": 1.4757219553,
        "var": 8.73045539856
    },
    "erbbands_spread": {
        "mean": 38.7416229248,
        "var": 2064.39282227
    },
    "hfc": {
        "mean": 15.3148708344,
        "var": 902.769042969
    },
    "melbands_crest": {
        "mean": 24.4104824066,
        "var": 50.4143714905
    },
    "melbands_flatness_db": {
        "mean": 0.48008659482,
        "var": 0.0542423315346
    },
    "melbands_kurtosis": {
        "mean": 122.951126099,
        "var": 47319.4648438
    },
    "melbands_skewness": {
        "mean": 5.14556884766,
        "var": 34.1392250061
    },
    "melbands_spread": {
        "mean": 11.9327173233,
        "var": 703.007507324
    },
    "pitch_salience": {
        "mean": 0.329802125692,
        "var": 0.043586935848
    },
    "silence_rate_20dB": {
        "mean": 1,
        "var": 0
    },
    "silence_rate_30dB": {
        "mean": 0.899073123932,
        "var": 0.0907418429852
    },
    "silence_rate_60dB": {
        "mean": 0.28887745738,
        "var": 0.205423384905
    },
    "spectral_centroid": {
        "mean": 891.772827148,
        "var": 898488.25
    },
    "spectral_complexity": {
        "mean": 6.01390314102,
        "var": 138.239379883
    },
    "spectral_decrease": {
        "mean": -9.19082943085e-009,
        "var": 1.61681569563e-016
    },
    "spectral_energy": {
        "mean": 0.0360774584115,
        "var": 0.00243061361834
    },
    "spectral_energyband_high": {
        "mean": 0.000974902126472,
        "var": 5.3947392189e-006
    },
    "spectral_energyband_low": {
        "mean": 0.0272418055683,
        "var": 0.00203497707844
    },
    "spectral_energyband_middle_high": {
        "mean": 0.00172268727329,
        "var": 4.00956450903e-005
    },
    "spectral_energyband_middle_low": {
        "mean": 0.00748034566641,
        "var": 0.000177430003532
    },
    "spectral_entropy": {
        "mean": 6.18223619461,
        "var": 3.36670279503
    },
    "spectral_flux": {
        "mean": 0.0772226899862,
        "var": 0.00766008999199
    },
    "spectral_kurtosis": {
        "mean": 92.0343780518,
        "var": 30041.1875
    },
    "spectral_rms": {
        "mean": 0.00461551127955,
        "var": 1.38945806611e-005
    },
    "spectral_rolloff": {
        "mean": 1074.46508789,
        "var": 4311650.5
    },
    "spectral_skewness": {
        "mean": 5.42897701263,
        "var": 42.8477516174
    },
    "spectral_spread": {
        "mean": 5558802,
        "var": 1.4169800704e+013
    },
    "spectral_strongpeak": {
        "mean": 0.599983155727,
        "var": 0.334062695503
    },
    "zerocrossingrate": {
        "mean": 0.0440041460097,
        "var": 0.00256544793956
    },
    "barkbands": {
        "mean": [0.00056416564621, 0.0224421378225, 0.00291365967132, 0.00225791451521, 0.00140228762757, 0.000662489794195, 0.00241217715666, 0.000567717419472, 0.000142951714224, 0.000105715203972, 0.000110458226118, 9.62806807365e-005, 0.00015029705537, 0.000205551099498, 0.000171205407241, 0.000402081524953, 0.000152376218466, 0.000148631996126, 0.000119352822367, 0.000139454292366, 0.000145895464811, 0.000143947443576, 0.000236533524003, 0.000148204082507, 0.000128710118588, 9.95374211925e-005, 7.67872370488e-006],
        "var": [1.51616370658e-006, 0.0016622004332, 5.01811191498e-005, 4.99451889482e-005, 2.70583514066e-005, 7.93993422121e-006, 3.62022947229e-005, 1.48072138018e-006, 4.81036011024e-007, 1.70861838455e-007, 2.124888141e-007, 9.73181570885e-008, 3.59810826467e-007, 9.09891809897e-007, 4.82212385577e-007, 2.94305732496e-006, 4.69549547688e-007, 2.39906341903e-007, 1.61343066907e-007, 1.82433751661e-007, 1.31239360712e-007, 1.2859106846e-007, 4.79704056033e-007, 1.24614672359e-007, 9.68079092445e-008, 5.62344197874e-008, 4.70154304377e-010]
    },
    "erbbands": {
        "mean": [0.637019634247, 4.96343708038, 4.91380405426, 6.04766988754, 6.07195949554, 3.77137684822, 3.09931755066, 6.39394330978, 39.860824585, 18.6290569305, 7.07215929031, 3.02702760696, 3.79288911819, 3.36574053764, 4.69909715652, 4.82329702377, 6.01877403259, 9.11293792725, 9.13814735413, 15.4382200241, 19.1682777405, 9.28828334808, 7.61009693146, 6.86201095581, 6.91336917877, 6.79305553436, 4.6646399498, 6.63024806976, 5.33844614029, 6.0567984581, 6.85725355148, 3.87399721146, 2.14704442024, 1.35875928402, 0.964386999607, 0.440274626017, 0.17587262392, 0.0360019020736, 0.00097236817237, 6.63842147333e-005],
        "var": [1.89830100536, 73.007850647, 78.1873168945, 357.267272949, 292.592895508, 208.626449585, 128.725891113, 625.562866211, 9944.95214844, 1110.23522949, 260.520111084, 161.467269897, 292.563446045, 144.364852905, 357.639831543, 247.038208008, 534.204345703, 1734.22839355, 1465.38916016, 3983.58935547, 7325.28320313, 1683.98925781, 643.157104492, 510.930786133, 529.791931152, 425.562255859, 147.268768311, 286.705749512, 180.699951172, 265.237854004, 427.121734619, 101.660209656, 23.9640712738, 10.1791744232, 5.52417469025, 0.976763010025, 0.199616789818, 0.00922110490501, 6.94656819178e-006, 1.07229745083e-008]
    },
    "gfcc": {
        "mean": [-220.409118652, 85.5766372681, -34.5248031616, 16.6087436676, -68.2728424072, 0.212567433715, -27.6950302124, 18.3299942017, 4.78358125687, 26.7125644684, -1.79573869705, -0.39367556572, -19.6799793243],
        "cov": [[45351.9375, -11342.1806641, -2980.8449707, 9691.93945313, 3183.1315918, 4201.17578125, -1320.89770508, 933.773803711, -2990.14013672, -417.804168701, -1970.58276367, 1871.64733887, -156.5703125], [-11342.1806641, 7072.02441406, 1444.99963379, -4236.27880859, -186.970046997, -1065.86450195, 968.811462402, -618.718444824, 860.309753418, -195.539855957, 769.705566406, -704.764404297, 189.286300659], [-2980.8449707, 1444.99963379, 2880.15039063, 699.247497559, 888.419616699, 469.075866699, 873.608337402, 364.683441162, 504.442443848, 212.401901245, 284.482879639, -175.221664429, -97.21144104], [9691.93945313, -4236.27880859, 699.247497559, 4678.67236328, 1483.74780273, 1693.21044922, -10.8581390381, 777.556335449, -477.640167236, 172.283294678, -500.653045654, 528.077209473, -144.073532104], [3183.1315918, -186.970046997, 888.419616699, 1483.74780273, 1483.10205078, 957.38067627, 373.733917236, 196.787094116, -162.037796021, -70.4647521973, -167.472808838, 91.7168273926, 24.7361030579], [4201.17578125, -1065.86450195, 469.075866699, 1693.21044922, 957.38067627, 940.14239502, 187.619445801, 259.513366699, -242.864089966, -20.2023162842, -249.02583313, 141.317169189, -36.1515007019], [-1320.89770508, 968.811462402, 873.608337402, -10.8581390381, 373.733917236, 187.619445801, 453.482543945, 113.323516846, 193.251907349, 3.73587346077, 97.4616165161, -124.343902588, -10.5265655518], [933.773803711, -618.718444824, 364.683441162, 777.556335449, 196.787094116, 259.513366699, 113.323516846, 318.883880615, 103.716720581, 132.295608521, -49.3720664978, 46.365486145, -54.4848632813], [-2990.14013672, 860.309753418, 504.442443848, -477.640167236, -162.037796021, -242.864089966, 193.251907349, 103.716720581, 451.830566406, 160.248825073, 209.019302368, -134.5990448, 8.16862010956], [-417.804168701, -195.539855957, 212.401901245, 172.283294678, -70.4647521973, -20.2023162842, 3.73587346077, 132.295608521, 160.248825073, 221.436279297, 129.072631836, 67.9524154663, -18.7407360077], [-1970.58276367, 769.705566406, 284.482879639, -500.653045654, -167.472808838, -249.02583313, 97.4616165161, -49.3720664978, 209.019302368, 129.072631836, 313.353607178, 26.9889373779, 41.8907737732], [1871.64733887, -704.764404297, -175.221664429, 528.077209473, 91.7168273926, 141.317169189, -124.343902588, 46.365486145, -134.5990448, 67.9524154663, 26.9889373779, 230.585067749, 41.8308029175], [-156.5703125, 189.286300659, -97.21144104, -144.073532104, 24.7361030579, -36.1515007019, -10.5265655518, -54.4848632813, 8.16862010956, -18.7407360077, 41.8907737732, 41.8308029175, 96.9234619141]],
        "icov": [[9.77288364084e-005, -5.9380865423e-005, 6.8511981226e-005, -2.4414883228e-005, 2.38968896156e-005, -0.000314550008625, 0.000189084705198, -0.00020408477576, 0.0001285947219, 0.000195499189431, 0.000176496178028, -0.000597637263127, 0.000297263235552], [-5.9380865423e-005, 0.0013680976117, -0.00023814139422, 0.00112016045023, -0.000603022053838, -0.000120645585412, -0.00142294797115, 0.000878171180375, -0.00094352371525, 0.000995751353912, -0.00136033794843, 0.000659793615341, -0.000318256526953], [6.8511981226e-005, -0.00023814139422, 0.00139612774365, -0.00072038260987, -0.000297140883049, 0.000503633869812, -0.00197219196707, 0.000588395807426, -0.000129358959384, -0.000997346593067, -0.000114528549602, 8.36347535369e-005, 0.00111691944767], [-2.4414883228e-005, 0.00112016045023, -0.00072038260987, 0.00268113869242, -0.000568600953557, -0.00245391041972, 0.00118147674948, -0.00188835116569, -0.00104786013253, 0.00225777179003, -0.00111566658597, -0.00165665021632, 0.00105452095158], [2.38968896156e-005, -0.000603022053838, -0.000297140883049, -0.000568600953557, 0.00319234305061, -0.0028060618788, -0.000130670392537, 0.000833284051623, -0.000165726640262, 0.000221096066525, 0.000905469059944, -0.00077452295227, -0.00133444182575], [-0.000314550008625, -0.000120645585412, 0.000503633869812, -0.00245391041972, -0.0028060618788, 0.0116831604391, -0.00694449851289, 0.00302097154781, 0.00222264649346, -0.0057350168936, 0.00536606973037, 0.000362152437447, -0.00116895546671], [0.000189084705198, -0.00142294797115, -0.00197219196707, 0.00118147674948, -0.000130670392537, -0.00694449851289, 0.0185565948486, -0.0118137300014, 0.00250142882578, 0.00789125543088, -0.0101700024679, 0.00724153639749, -0.00173476885539], [-0.00020408477576, 0.000878171180375, 0.000588395807426, -0.00188835116569, 0.000833284051623, 0.00302097154781, -0.0118137300014, 0.0208714567125, -0.00927840266377, -0.0076257660985, 0.0122593613341, -0.00916040316224, 0.00506472820416], [0.0001285947219, -0.00094352371525, -0.000129358959384, -0.00104786013253, -0.000165726640262, 0.00222264649346, 0.00250142882578, -0.00927840266377, 0.0161281079054, -0.00685337791219, -0.00687588751316, 0.014269137755, -0.00958073977381], [0.000195499189431, 0.000995751353912, -0.000997346593067, 0.00225777179003, 0.000221096066525, -0.0057350168936, 0.00789125543088, -0.0076257660985, -0.00685337791219, 0.0217883456498, -0.00957835372537, -0.0057373684831, 0.00650817668065], [0.000176496178028, -0.00136033794843, -0.000114528549602, -0.00111566658597, 0.000905469059944, 0.00536606973037, -0.0101700024679, 0.0122593613341, -0.00687588751316, -0.00957835372537, 0.0253714863211, -0.019793594256, 0.005030318629], [-0.000597637263127, 0.000659793615341, 8.36347535369e-005, -0.00165665021632, -0.00077452295227, 0.000362152437447, 0.00724153639749, -0.00916040316224, 0.014269137755, -0.0057373684831, -0.019793594256, 0.0365310646594, -0.0181862208992], [0.000297263235552, -0.000318256526953, 0.00111691944767, 0.00105452095158, -0.00133444182575, -0.00116895546671, -0.00173476885539, 0.00506472820416, -0.00958073977381, 0.00650817668065, 0.005030318629, -0.0181862208992, 0.0244107991457]]
    },
    "melbands": {
        "mean": [0.00616149883717, 0.00408667279407, 0.00102715124376, 0.000371026311768, 0.000105493294541, 0.000147833052324, 0.000588856637478, 0.000180700706551, 4.67454337922e-005, 1.89767761185e-005, 1.89969141502e-005, 1.31170436362e-005, 1.55802117661e-005, 1.13566638902e-005, 1.38693276313e-005, 1.36718308568e-005, 1.8005272068e-005, 1.53767923621e-005, 1.51858967001e-005, 2.67233590421e-005, 2.12164377444e-005, 1.01225687104e-005, 5.94203311266e-006, 7.29058228899e-006, 5.32313106305e-006, 4.5279666665e-006, 5.33521870238e-006, 4.30042882726e-006, 2.76769696939e-006, 3.36221773978e-006, 3.83582982977e-006, 2.94689380098e-006, 2.80010726783e-006, 3.65274809155e-006, 4.27879876952e-006, 2.89243712359e-006, 2.17486808651e-006, 1.47815796936e-006, 1.32289926569e-006, 1.09087227429e-006],
        "var": [0.000146090693306, 3.90238710679e-005, 8.76992817211e-006, 1.61636694429e-006, 1.53304057449e-007, 4.21222154046e-007, 2.19146545533e-006, 1.05437749198e-007, 1.54024633048e-008, 7.91734766636e-009, 7.42685157817e-009, 2.20483831193e-009, 4.08550260289e-009, 1.34925426387e-009, 2.4877560012e-009, 3.05999181549e-009, 7.09637859586e-009, 4.60147075998e-009, 3.60007867961e-009, 1.24241141819e-008, 9.49213774248e-009, 2.24668839088e-009, 4.4412948319e-010, 5.95253624169e-010, 3.07942088495e-010, 2.46091091949e-010, 3.10703351936e-010, 1.69427541441e-010, 5.8425417282e-011, 7.60568830138e-011, 9.65772600781e-011, 5.83009265864e-011, 4.80541474668e-011, 1.07685867168e-010, 1.8359916365e-010, 6.22318030441e-011, 3.22703912203e-011, 1.12075479106e-011, 9.51447601261e-012, 6.76314039494e-012]
    },
    "mfcc": {
        "mean": [-851.213012695, 94.2508773804, 64.4708023071, 32.8719787598, 0.873047828674, -4.71614122391, -11.6204338074, -4.07535505295, 4.36004066467, 14.5404968262, 19.0535087585, 22.4361438751, 18.1420173645],
        "cov": [[27675.4589844, -3148.46899414, -2114.59375, 1449.79101563, 2428.80566406, 2814.53051758, 1755.18786621, 1178.13830566, 83.6007232666, -709.010620117, -1359.31030273, -1190.52709961, -858.479125977], [-3148.46899414, 3505.76611328, 641.85357666, -570.579772949, -399.234069824, -288.525787354, 53.5479202271, -90.587562561, 35.6607475281, 123.008453369, 235.725875854, 179.619613647, 209.772491455], [-2114.59375, 641.85357666, 1558.32214355, 624.265197754, 253.295623779, 247.283355713, 321.419769287, 250.974136353, 285.645019531, 293.703308105, 354.835113525, 365.784515381, 251.729263306], [1449.79101563, -570.579772949, 624.265197754, 1031.27526855, 870.919677734, 781.437133789, 586.562805176, 465.686431885, 318.181854248, 184.927703857, 91.0306091309, 112.026054382, 96.744140625], [2428.80566406, -399.234069824, 253.295623779, 870.919677734, 1088.55664063, 977.086486816, 696.912597656, 483.436401367, 338.282684326, 124.834907532, -18.7487239838, -36.9557418823, 5.38210630417], [2814.53051758, -288.525787354, 247.283355713, 781.437133789, 977.086486816, 1016.86920166, 738.789978027, 495.927612305, 296.611968994, 83.0378112793, -59.9824752808, -63.5903701782, -18.437046051], [1755.18786621, 53.5479202271, 321.419769287, 586.562805176, 696.912597656, 738.789978027, 661.244262695, 424.193084717, 239.068130493, 82.8366622925, -18.5519008636, -30.3360614777, -7.95690155029], [1178.13830566, -90.587562561, 250.974136353, 465.686431885, 483.436401367, 495.927612305, 424.193084717, 352.266723633, 226.475296021, 108.470535278, 11.9513196945, -4.04159212112, -5.95853424072], [83.6007232666, 35.6607475281, 285.645019531, 318.181854248, 338.282684326, 296.611968994, 239.068130493, 226.475296021, 267.419189453, 177.174942017, 96.2019119263, 41.8029823303, 29.0548553467], [-709.010620117, 123.008453369, 293.703308105, 184.927703857, 124.834907532, 83.0378112793, 82.8366622925, 108.470535278, 177.174942017, 188.907836914, 150.916275024, 102.618682861, 70.9371490479], [-1359.31030273, 235.725875854, 354.835113525, 91.0306091309, -18.7487239838, -59.9824752808, -18.5519008636, 11.9513196945, 96.2019119263, 150.916275024, 201.297424316, 170.043640137, 120.011413574], [-1190.52709961, 179.619613647, 365.784515381, 112.026054382, -36.9557418823, -63.5903701782, -30.3360614777, -4.04159212112, 41.8029823303, 102.618682861, 170.043640137, 200.677871704, 156.180618286], [-858.479125977, 209.772491455, 251.729263306, 96.744140625, 5.38210630417, -18.437046051, -7.95690155029, -5.95853424072, 29.0548553467, 70.9371490479, 120.011413574, 156.180618286, 164.732498169]],
        "icov": [[8.69545619935e-005, -3.19422497341e-007, 8.52573939483e-005, -8.21389912744e-005, 0.000100205041235, -0.000320656545227, 0.000119048083434, -0.000142598815728, 8.16490573925e-005, 2.33139599004e-005, 0.000348914443748, -0.00010789904627, 0.000156608846737], [-3.19422497341e-007, 0.00068466248922, -0.000526062503923, 0.00147474789992, -0.000473815627629, 0.000443597236881, -0.000901877938304, -0.000414660142269, 0.000315367797157, -0.000224026094656, -0.000555251259357, 0.0012413803488, -0.00166074023582], [8.52573939483e-005, -0.000526062503923, 0.00260957097635, -0.00284306635149, 0.00235490920022, -0.000715608126484, -0.00149571022484, 0.00239900522865, -0.00280398037285, 0.00148926314432, -9.6756099083e-005, -0.00439469981939, 0.00274395709857], [-8.21389912744e-005, 0.00147474789992, -0.00284306635149, 0.010270934552, -0.00695730792359, 0.0016852307599, 0.00105573202018, -0.00733856298029, 0.00517049385235, -0.0035861688666, 0.00166463805363, -0.001316313399, -0.00312436977401], [0.000100205041235, -0.000473815627629, 0.00235490920022, -0.00695730792359, 0.0132796047255, -0.00876621715724, -0.00144339632243, 0.00673234788701, -0.00752666732296, 0.00369355268776, -0.00260158069432, 0.00197984743863, 0.000126951097627], [-0.000320656545227, 0.000443597236881, -0.000715608126484, 0.0016852307599, -0.00876621715724, 0.0156022338197, -0.00746024213731, -0.00152593234088, -0.000223745926633, 0.000196563632926, 0.00256962655112, -0.000392558460589, -0.00206005689688], [0.000119048083434, -0.000901877938304, -0.00149571022484, 0.00105573202018, -0.00144339632243, -0.00746024213731, 0.0175358112901, -0.0141301536933, 0.00643222825602, 0.00201056036167, -0.00495445961133, 0.00626949686557, -0.00135228934232], [-0.000142598815728, -0.000414660142269, 0.00239900522865, -0.00733856298029, 0.00673234788701, -0.00152593234088, -0.0141301536933, 0.0318071246147, -0.0158694237471, -0.00272778654471, 0.0106726316735, -0.0124668246135, 0.00852398294955], [8.16490573925e-005, 0.000315367797157, -0.00280398037285, 0.00517049385235, -0.00752666732296, -0.000223745926633, 0.00643222825602, -0.0158694237471, 0.0321850776672, -0.0220726877451, -0.00267631700262, 0.0115168476477, -0.00391122233123], [2.33139599004e-005, -0.000224026094656, 0.00148926314432, -0.0035861688666, 0.00369355268776, 0.000196563632926, 0.00201056036167, -0.00272778654471, -0.0220726877451, 0.0444931015372, -0.0280399750918, 0.00801051780581, -0.00229655718431], [0.000348914443748, -0.000555251259357, -9.6756099083e-005, 0.00166463805363, -0.00260158069432, 0.00256962655112, -0.00495445961133, 0.0106726316735, -0.00267631700262, -0.0280399750918, 0.056123804301, -0.0408648066223, 0.0126174455509], [-0.00010789904627, 0.0012413803488, -0.00439469981939, -0.001316313399, 0.00197984743863, -0.000392558460589, 0.00626949686557, -0.0124668246135, 0.0115168476477, 0.00801051780581, -0.0408648066223, 0.0693555027246, -0.0363760255277], [0.000156608846737, -0.00166074023582, 0.00274395709857, -0.00312436977401, 0.000126951097627, -0.00206005689688, -0.00135228934232, 0.00852398294955, -0.00391122233123, -0.00229655718431, 0.0126174455509, -0.0363760255277, 0.0336258076131]]
    },
    "spectral_contrast_coeffs": {
        "mean": [-0.650080382824, -0.648743391037, -0.830663084984, -0.833909273148, -0.861629545689, -0.841843307018],
        "var": [0.0134693291038, 0.0119985127822, 0.00266890972853, 0.00195225991774, 0.00159296579659, 0.00337652093731]
    },
    "spectral_contrast_valleys": {
        "mean": [-9.27656555176, -8.50451278687, -10.1445922852, -10.7319383621, -10.3669519424, -11.7476263046],
        "var": [4.16959571838, 1.81943786144, 4.01954698563, 6.24750137329, 8.43292617798, 7.60251665115]
    }
},
"metadata": {
    "audio_properties": {
        "analysis_sample_rate": 44100,
        "bit_rate": 128068,
        "equal_loudness": 0,
        "length": 45.0479812622,
        "lossless": 0,
        "replay_gain": -6.04011726379,
        "sample_rate": 48000,
        "codec": "mp3",
        "downmix": "mix",
        "md5_encoded": "1d27307d755110f17622b505c8e3a4b6"
    },
    "tags": {
        "file_name": "1517.mp3"
    },
    "version": {
        "essentia": "2.1-beta2",
        "essentia_git_sha": "v2.1_beta2",
        "extractor": "music 1.0"
    }
},
"rhythm": {
    "beats_count": 75,
    "beats_loudness": {
        "mean": 0.0589876808226,
        "var": 0.00132816587575
    },
    "bpm": 101.027244568,
    "bpm_histogram_first_peak_bpm": {
        "mean": 101,
        "var": 0
    },
    "bpm_histogram_first_peak_spread": {
        "mean": 0.432432413101,
        "var": 0
    },
    "bpm_histogram_first_peak_weight": {
        "mean": 0.567567586899,
        "var": 0
    },
    "bpm_histogram_second_peak_bpm": {
        "mean": 0,
        "var": 0
    },
    "bpm_histogram_second_peak_spread": {
        "mean": 0,
        "var": 0
    },
    "bpm_histogram_second_peak_weight": {
        "mean": 0,
        "var": 0
    },
    "danceability": 1.43968820572,
    "onset_rate": 3.74972820282,
    "beats_loudness_band_ratio": {
        "mean": [0.619897246361, 0.1048097983, 0.174425959587, 0.0255484767258, 0.0591432638466, 0.0777316614985],
        "var": [0.107514925301, 0.0207771398127, 0.0815221294761, 0.000841889588628, 0.00478896033019, 0.0128337061033]
    },
    "beats_position": [0.580498874187, 1.16099774837, 1.75310659409, 2.33360528946, 2.92571425438, 3.52943301201, 4.12154197693, 4.72526073456, 5.31736946106, 5.92108821869, 6.51319694519, 7.10530614853, 7.70902490616, 8.28952407837, 8.88163280487, 9.47374153137, 10.077460289, 10.6579589844, 11.261677742, 11.8537864685, 12.445895195, 13.0496139526, 13.6417226791, 14.2338323593, 14.8375511169, 15.4180498123, 16.0217685699, 16.6138763428, 17.2059860229, 17.7980957031, 18.390203476, 18.9939231873, 19.5860309601, 20.1781406403, 20.7818584442, 21.3739681244, 21.9660758972, 22.5465755463, 23.1502952576, 23.7424030304, 24.3345127106, 24.9150104523, 25.5187301636, 26.1224479675, 26.7145576477, 27.3066654205, 27.9103851318, 28.5024929047, 29.0946025848, 29.6751022339, 30.2788200378, 30.870929718, 31.4630374908, 32.0551452637, 32.6472549438, 33.2509727478, 33.843082428, 34.4351921082, 35.0389099121, 35.6310195923, 36.2231292725, 36.8036270142, 37.4073448181, 37.9994544983, 38.5915641785, 39.1836738586, 39.7757797241, 40.3795013428, 40.9716110229, 41.5637168884, 42.1558265686, 42.7479362488, 43.3516540527, 43.9321517944, 44.5358734131]
},
"tonal": {
    "chords_changes_rate": 0.0452674888074,
    "chords_number_rate": 0.00720164598897,
    "chords_strength": {
        "mean": 0.555687606335,
        "var": 0.00799212325364
    },
    "hpcp_entropy": {
        "mean": 1.9170088768,
        "var": 0.923317313194
    },
    "key_strength": 0.741154015064,
    "tuning_diatonic_strength": 0.57259452343,
    "tuning_equal_tempered_deviation": 0.1288703233,
    "tuning_frequency": 438.731048584,
    "tuning_nontempered_energy_ratio": 0.756132543087,
    "hpcp": {
        "mean": [0.249562859535, 0.154695957899, 0.0494808144867, 0.033963214606, 0.0294267684221, 0.0357003249228, 0.0456586517394, 0.0600293427706, 0.209719032049, 0.369192808867, 0.23236759007, 0.0501912534237, 0.0315051339567, 0.0353719703853, 0.0531858764589, 0.0992787927389, 0.096970975399, 0.0552897192538, 0.0391306392848, 0.0355848073959, 0.0324070863426, 0.0260171964765, 0.032755382359, 0.130894035101, 0.190260469913, 0.0927720591426, 0.0260483138263, 0.0243748556823, 0.0228057634085, 0.0582587048411, 0.101612374187, 0.0912230610847, 0.0677694678307, 0.0572944767773, 0.056713886559, 0.15724863112],
        "var": [0.139955937862, 0.065670222044, 0.0227160621434, 0.0171021744609, 0.0120133329183, 0.0173296220601, 0.0237176604569, 0.0270964484662, 0.0796078294516, 0.18894687295, 0.0911991819739, 0.0166671127081, 0.0103842560202, 0.0142412586138, 0.0169251412153, 0.0597315020859, 0.0525007545948, 0.0219684746116, 0.0140077220276, 0.0141594810411, 0.0114313783124, 0.00974533706903, 0.0114489011467, 0.0619879513979, 0.132143497467, 0.0359816402197, 0.0122153973207, 0.0108925169334, 0.00652440823615, 0.0231677312404, 0.0599094033241, 0.0430489182472, 0.0376486293972, 0.0346315875649, 0.0271404627711, 0.0675547942519]
    },
    "chords_histogram": [61.8312759399, 7.51028823853, 0, 0, 8.95061683655, 0, 0, 0, 0, 0, 0, 0, 0, 0, 0, 0, 0, 5.86419773102, 5.76131677628, 7.20164632797, 0, 0.617283940315, 0, 2.26337456703],
    "thpcp": [1, 0.629393577576, 0.135948628187, 0.0853351801634, 0.0958089381456, 0.144059896469, 0.268907696009, 0.262656718493, 0.149758383632, 0.105989709496, 0.0963854268193, 0.0877782180905, 0.070470482111, 0.0887216180563, 0.354541122913, 0.515341758728, 0.251283496618, 0.0705547705293, 0.0660220235586, 0.0617719590664, 0.157800212502, 0.275228470564, 0.247087866068, 0.183561176062, 0.155188500881, 0.153615906835, 0.42592549324, 0.675968885422, 0.419011294842, 0.134024322033, 0.0919931605458, 0.0797056928277, 0.0966983214021, 0.12367156148, 0.162596181035, 0.568047463894],
    "chords_key": "F",
    "chords_scale": "major",
    "key_key": "F",
    "key_scale": "major"
}
}