{
"lowlevel": {
    "average_loudness": 0.834739625454,
    "barkbands_crest": {
        "mean": 13.1006441116,
        "var": 27.3228778839
    },
    "barkbands_flatness_db": {
        "mean": 0.182555705309,
        "var": 0.00449050264433
    },
    "barkbands_kurtosis": {
        "mean": 16.251581192,
        "var": 2843.36425781
    },
    "barkbands_skewness": {
        "mean": 2.69398188591,
        "var": 6.51608610153
    },
    "barkbands_spread": {
        "mean": 13.5584211349,
        "var": 139.954086304
    },
    "dissonance": {
        "mean": 0.459521055222,
        "var": 0.00059560558293
    },
    "dynamic_complexity": 2.24581670761,
    "erbbands_crest": {
        "mean": 8.174036026,
        "var": 10.6803312302
    },
    "erbbands_flatness_db": {
        "mean": 0.174423620105,
        "var": 0.00379277113825
    },
    "erbbands_kurtosis": {
        "mean": -0.0533070079982,
        "var": 1.14949607849
    },
    "erbbands_skewness": {
        "mean": 0.387015759945,
        "var": 0.346506297588
    },
    "erbbands_spread": {
        "mean": 38.7665977478,
        "var": 292.082763672
    },
    "hfc": {
        "mean": 18.2577285767,
        "var": 431.381317139
    },
    "melbands_crest": {
        "mean": 16.9804115295,
        "var": 49.1632766724
    },
    "melbands_flatness_db": {
        "mean": 0.256211161613,
        "var": 0.00577644677833
    },
    "melbands_kurtosis": {
        "mean": 30.2306251526,
        "var": 3007.10742188
    },
    "melbands_skewness": {
        "mean": 3.74925065041,
        "var": 6.4279551506
    },
    "melbands_spread": {
        "mean": 12.6305027008,
        "var": 84.7773132324
    },
    "pitch_salience": {
        "mean": 0.489160656929,
        "var": 0.0278052128851
    },
    "silence_rate_20dB": {
        "mean": 0.996910393238,
        "var": 0.00308005022816
    },
    "silence_rate_30dB": {
        "mean": 0.915551006794,
        "var": 0.0773173198104
    },
    "silence_rate_60dB": {
        "mean": 0.00360453152098,
        "var": 0.00359143596143
    },
    "spectral_centroid": {
        "mean": 882.992370605,
        "var": 308319.9375
    },
    "spectral_complexity": {
        "mean": 18.2183322906,
        "var": 64.791633606
    },
    "spectral_decrease": {
        "mean": -1.18580354425e-008,
        "var": 2.39102207356e-016
    },
    "spectral_energy": {
        "mean": 0.0464109666646,
        "var": 0.00349850812927
    },
    "spectral_energyband_high": {
        "mean": 0.000683408987243,
        "var": 3.05564140035e-006
    },
    "spectral_energyband_low": {
        "mean": 0.0241970736533,
        "var": 0.00354950176552
    },
    "spectral_energyband_middle_high": {
        "mean": 0.00346381147392,
        "var": 1.45352532854e-005
    },
    "spectral_energyband_middle_low": {
        "mean": 0.0198603663594,
        "var": 0.000334604003001
    },
    "spectral_entropy": {
        "mean": 7.30257415771,
        "var": 0.277945876122
    },
    "spectral_flux": {
        "mean": 0.101605288684,
        "var": 0.00585591001436
    },
    "spectral_kurtosis": {
        "mean": 7.60468864441,
        "var": 54.4174346924
    },
    "spectral_rms": {
        "mean": 0.00596926826984,
        "var": 9.64683749771e-006
    },
    "spectral_rolloff": {
        "mean": 812.705078125,
        "var": 990744.5625
    },
    "spectral_skewness": {
        "mean": 1.86309731007,
        "var": 0.471690475941
    },
    "spectral_spread": {
        "mean": 3929803.25,
        "var": 4.17121619149e+012
    },
    "spectral_strongpeak": {
        "mean": 0.765710890293,
        "var": 0.277601629496
    },
    "zerocrossingrate": {
        "mean": 0.036952983588,
        "var": 0.000690505316015
    },
    "barkbands": {
        "mean": [0.000547765812371, 0.0170272421092, 0.00501371873543, 0.00461573293433, 0.00960034597665, 0.00127010548022, 0.0010981959058, 0.0012083449401, 0.00170191237703, 0.00056883279467, 0.000662680889945, 0.000294357218081, 0.000501475646161, 0.000386999949114, 0.000268474570476, 0.000235184503254, 0.000291897449642, 0.000175538400072, 0.000182009855052, 0.000163762611919, 0.000120400305605, 0.000120280441479, 9.78751049843e-005, 0.000101351637568, 9.73918358795e-005, 5.45083967154e-005, 4.60112323708e-006],
        "var": [1.92188394976e-006, 0.00260613416322, 0.000326237815898, 8.50478900247e-005, 0.000112815803732, 2.38058942159e-006, 2.8957701943e-006, 3.69799590771e-006, 4.3771287892e-006, 8.15092676021e-007, 5.70439397052e-007, 1.48548309653e-007, 3.89897451214e-007, 1.65886163472e-007, 2.83510217969e-007, 8.90810909482e-008, 2.74920466836e-007, 1.98358435455e-007, 1.93381424651e-007, 2.40967409582e-007, 7.55327249635e-008, 8.62796554202e-008, 6.31990246802e-008, 1.46270650703e-007, 1.59065507432e-007, 4.40527756496e-008, 3.91778220976e-010]
    },
    "erbbands": {
        "mean": [0.441117584705, 3.90883922577, 6.89827108383, 10.1799163818, 34.8694038391, 24.1946544647, 14.2098197937, 10.8090400696, 11.2163991928, 29.145072937, 23.5356483459, 45.0100746155, 23.5607852936, 11.0490703583, 26.653345108, 15.8361577988, 25.3694953918, 16.0187473297, 14.4392204285, 18.1427211761, 11.9874258041, 15.1419219971, 11.6791505814, 9.20965766907, 8.46077346802, 8.44885540009, 5.69588041306, 4.38321018219, 4.39413690567, 3.8948071003, 2.29533696175, 2.27797937393, 1.48566997051, 1.0859503746, 0.690804004669, 0.258658379316, 0.0964939370751, 0.0185822937638, 0.000515415973496, 6.59970683046e-005],
        "var": [1.12998211384, 172.318481445, 518.68548584, 496.673553467, 2188.75927734, 733.195495605, 270.48651123, 162.576065063, 537.628723145, 1315.53161621, 1431.42944336, 3256.20019531, 1018.61541748, 200.629043579, 864.270324707, 333.924957275, 926.843322754, 295.443389893, 544.705932617, 659.321105957, 304.538299561, 958.993286133, 624.971313477, 326.332427979, 742.383911133, 594.577514648, 174.824493408, 110.549621582, 116.397621155, 92.1054840088, 30.553396225, 68.5128860474, 29.1686382294, 19.1768112183, 8.00423431396, 1.01734960079, 0.140201091766, 0.00496777426451, 4.15745216742e-006, 7.60648966036e-009]
    },
    "gfcc": {
        "mean": [-15.0238170624, 120.703536987, -123.060188293, 22.5289478302, -52.8288192749, 4.33051633835, -37.7067604065, -2.23533797264, -25.9669933319, -10.3138751984, -23.1489849091, -10.3513994217, -15.8628444672],
        "cov": [[5472.69824219, -2448.62768555, 907.015197754, 642.149902344, -485.507995605, 629.800292969, -51.0688476563, 571.475036621, -189.387054443, 695.467956543, -33.9380683899, 517.741455078, -79.9261932373], [-2448.62768555, 2348.328125, -924.697875977, -449.061126709, 351.91809082, -621.342285156, 26.9085979462, -545.206481934, 103.758308411, -601.553588867, -0.752933204174, -470.340393066, 61.1322135925], [907.015197754, -924.697875977, 928.587158203, 379.502838135, 10.6520175934, 415.369354248, 118.963310242, 342.64276123, 78.1125030518, 317.081787109, 38.0641479492, 206.836639404, -0.161170840263], [642.149902344, -449.061126709, 379.502838135, 488.218109131, 136.778320313, 293.291656494, 157.844207764, 192.786483765, 72.8416824341, 170.910003662, 56.691734314, 88.8628463745, 21.7689361572], [-485.507995605, 351.91809082, 10.6520175934, 136.778320313, 326.179901123, 81.1956329346, 164.528747559, 15.7911567688, 109.426528931, -35.185546875, 77.3077087402, -33.7622070313, 55.3180274963], [629.800292969, -621.342285156, 415.369354248, 293.291656494, 81.1956329346, 366.914855957, 145.987258911, 246.374282837, 57.5773010254, 209.815917969, 57.2956504822, 157.874801636, 26.9657535553], [-51.0688476563, 26.9085979462, 118.963310242, 157.844207764, 164.528747559, 145.987258911, 213.637161255, 134.001739502, 119.788734436, 67.7801589966, 73.9414596558, 29.3515090942, 49.9795570374], [571.475036621, -545.206481934, 342.64276123, 192.786483765, 15.7911567688, 246.374282837, 134.001739502, 286.103179932, 101.47694397, 227.583206177, 63.0279922485, 151.953826904, 29.4719543457], [-189.387054443, 103.758308411, 78.1125030518, 72.8416824341, 109.426528931, 57.5773010254, 119.788734436, 101.47694397, 169.167098999, 81.9524002075, 83.2221450806, 18.3885612488, 54.4374427795], [695.467956543, -601.553588867, 317.081787109, 170.910003662, -35.185546875, 209.815917969, 67.7801589966, 227.583206177, 81.9524002075, 282.960388184, 89.1319046021, 175.377334595, 28.9450778961], [-33.9380683899, -0.752933204174, 38.0641479492, 56.691734314, 77.3077087402, 57.2956504822, 73.9414596558, 63.0279922485, 83.2221450806, 89.1319046021, 109.345993042, 66.959236145, 54.0306053162], [517.741455078, -470.340393066, 206.836639404, 88.8628463745, -33.7622070313, 157.874801636, 29.3515090942, 151.953826904, 18.3885612488, 175.377334595, 66.959236145, 174.02571106, 40.9432868958], [-79.9261932373, 61.1322135925, -0.161170840263, 21.7689361572, 55.3180274963, 26.9657535553, 49.9795570374, 29.4719543457, 54.4374427795, 28.9450778961, 54.0306053162, 40.9432868958, 77.8549957275]],
        "icov": [[0.000477380497614, -0.000236636275076, 0.000188232283108, -0.000633042480331, 0.000464053824544, -7.39064271329e-005, -2.50108514592e-005, -0.000275830214377, 0.000869333103765, -0.00123359740246, 0.00104833161458, -0.000868962320965, 0.00024985516211], [-0.000236636275076, 0.00548784201965, -0.000332026102114, 0.00177959562279, -0.0025928162504, 0.00383568089455, -0.00255302735604, 0.00346775283106, -0.00422352040187, 0.00568560371175, -0.00464076315984, 0.00568246468902, -0.0031387032941], [0.000188232283108, -0.000332026102114, 0.00294034136459, -0.00104015611578, 6.06935427641e-005, -0.00196709181182, 0.00108861795161, -0.000944121798966, -0.000811172940303, -0.00163604691625, 0.00269547826611, -0.00156282144599, 0.00117429485545], [-0.000633042480331, 0.00177959562279, -0.00104015611578, 0.00617548450828, -0.00251729763113, -0.00163437670562, -0.00150430831127, 0.00154384307098, -0.000370265770471, 0.000289549294394, -0.00288553792052, 0.00601586326957, -0.002050048206], [0.000464053824544, -0.0025928162504, 6.06935427641e-005, -0.00251729763113, 0.0107067590579, -0.00507744029164, -0.00225271214731, 0.000629398971796, -0.000361342943506, 0.00192224467173, -0.00325148785487, -0.00159324309789, 0.00120771944057], [-7.39064271329e-005, 0.00383568089455, -0.00196709181182, -0.00163437670562, -0.00507744029164, 0.0170880462974, -0.00612078001723, -0.000926567183342, 0.000781167123932, 0.0017954625655, 0.00115320063196, -0.00295785791241, -0.00112419028301], [-2.50108514592e-005, -0.00255302735604, 0.00108861795161, -0.00150430831127, -0.00225271214731, -0.00612078001723, 0.0201876834035, -0.0127566335723, 0.000411704095313, 0.00227679591626, -0.005823796615, 0.00592208746821, -0.00221522455104], [-0.000275830214377, 0.00346775283106, -0.000944121798966, 0.00154384307098, 0.000629398971796, -0.000926567183342, -0.0127566335723, 0.0287115816027, -0.0141083067283, -0.00397618021816, 0.0104090115055, -0.0107683967799, 0.00353676592931], [0.000869333103765, -0.00422352040187, -0.000811172940303, -0.000370265770471, -0.000361342943506, 0.000781167123932, 0.000411704095313, -0.0141083067283, 0.0292109288275, -0.0128693468869, -0.0074736205861, 0.0132779432461, -0.00806307420135], [-0.00123359740246, 0.00568560371175, -0.00163604691625, 0.000289549294394, 0.00192224467173, 0.0017954625655, 0.00227679591626, -0.00397618021816, -0.0128693468869, 0.0326028354466, -0.0182281304151, -0.00254880124703, 0.00310860690661], [0.00104833161458, -0.00464076315984, 0.00269547826611, -0.00288553792052, -0.00325148785487, 0.00115320063196, -0.005823796615, 0.0104090115055, -0.0074736205861, -0.0182281304151, 0.0452702641487, -0.0257573239505, 0.0013727301266], [-0.000868962320965, 0.00568246468902, -0.00156282144599, 0.00601586326957, -0.00159324309789, -0.00295785791241, 0.00592208746821, -0.0107683967799, 0.0132779432461, -0.00254880124703, -0.0257573239505, 0.0492646545172, -0.0209772270173], [0.00024985516211, -0.0031387032941, 0.00117429485545, -0.002050048206, 0.00120771944057, -0.00112419028301, -0.00221522455104, 0.00353676592931, -0.00806307420135, 0.00310860690661, 0.0013727301266, -0.0209772270173, 0.0303167514503]]
    },
    "melbands": {
        "mean": [0.00441932119429, 0.00430596899241, 0.00263753230684, 0.00221656518988, 0.000637816207018, 0.000245624483796, 0.000171585023054, 0.000324854219798, 0.000224168194109, 0.000251688441494, 0.000108593230834, 3.98199517804e-005, 9.29724992602e-005, 3.96937211917e-005, 6.32047958788e-005, 3.65435225831e-005, 3.15119650622e-005, 2.64713144134e-005, 1.94716012629e-005, 2.24969571718e-005, 1.25055639728e-005, 1.49153283928e-005, 1.51344975166e-005, 9.2162472356e-006, 7.12804103387e-006, 6.21867593509e-006, 5.87101703786e-006, 5.62907507629e-006, 3.64561878996e-006, 2.68166968453e-006, 2.60669912677e-006, 2.56733119386e-006, 2.13094108403e-006, 2.29773377214e-006, 1.32980801482e-006, 1.20960589811e-006, 1.5309584569e-006, 1.03180423139e-006, 1.04007960999e-006, 8.59617784954e-007],
        "var": [0.000146211634274, 0.000181243667612, 1.71446918102e-005, 6.49942103337e-006, 6.02313832587e-007, 8.7318504427e-008, 1.02440800731e-007, 1.72894502271e-007, 1.04016578462e-007, 9.8290279027e-008, 2.49109035622e-008, 3.85079612641e-009, 1.07421742612e-008, 2.42194686528e-009, 4.6066062076e-009, 2.09464956491e-009, 1.12846254563e-009, 1.45185519163e-009, 1.73496694789e-009, 6.91928958574e-010, 3.91033622149e-010, 1.12698828048e-009, 9.21788700925e-010, 3.73938408016e-010, 1.92162841195e-010, 2.93198770818e-010, 4.39832004151e-010, 2.74204520201e-010, 7.57987492217e-011, 3.68122615724e-011, 4.33893615481e-011, 4.08212248726e-011, 2.7336929595e-011, 3.71792006904e-011, 9.6070608066e-012, 1.36558264696e-011, 3.86337802027e-011, 1.38098872615e-011, 1.69896128416e-011, 1.25545433424e-011]
    },
    "mfcc": {
        "mean": [-655.381347656, 151.032745361, -10.3605680466, 20.8355407715, 2.13823485374, 4.41139411926, -4.47719717026, 1.82298445702, -3.43073511124, -2.55918598175, -3.21431612968, -4.60270309448, -9.54469680786],
        "cov": [[4486.43359375, -2103.51977539, 845.438293457, 107.887443542, -98.3825912476, 142.482284546, 202.25239563, 39.761932373, 72.8694229126, 126.864326477, 140.601516724, 139.488006592, 232.88079834], [-2103.51977539, 2061.87670898, -903.988525391, -50.5410842896, -42.9784584045, -182.150924683, -218.557327271, -128.305969238, -120.814498901, -183.662399292, -174.57774353, -167.124145508, -216.554229736], [845.438293457, -903.988525391, 809.538635254, 93.2926177979, 107.671440125, 134.849334717, 136.414505005, 113.09916687, 128.132568359, 165.76940918, 133.060241699, 102.913665771, 124.765983582], [107.887443542, -50.5410842896, 93.2926177979, 245.252365112, 107.650314331, 120.085342407, 91.0389633179, 70.9784164429, 70.3618545532, 76.0545883179, 52.4148483276, 42.5868377686, 40.0765800476], [-98.3825912476, -42.9784584045, 107.671440125, 107.650314331, 169.847824097, 119.286087036, 92.4865493774, 77.4118118286, 62.0620002747, 59.8400039673, 50.7235908508, 43.2317733765, 34.7149734497], [142.482284546, -182.150924683, 134.849334717, 120.085342407, 119.286087036, 174.906112671, 127.875968933, 93.5715560913, 68.4665374756, 69.5231552124, 54.9542198181, 46.4007949829, 49.2868423462], [202.25239563, -218.557327271, 136.414505005, 91.0389633179, 92.4865493774, 127.875968933, 170.783584595, 115.659156799, 85.980255127, 71.513633728, 66.7405014038, 59.1816864014, 64.9108505249], [39.761932373, -128.305969238, 113.09916687, 70.9784164429, 77.4118118286, 93.5715560913, 115.659156799, 134.506881714, 95.5213088989, 75.784072876, 58.843875885, 47.8870201111, 48.6503829956], [72.8694229126, -120.814498901, 128.132568359, 70.3618545532, 62.0620002747, 68.4665374756, 85.980255127, 95.5213088989, 127.739639282, 99.7941436768, 72.0295333862, 56.5442886353, 61.1330070496], [126.864326477, -183.662399292, 165.76940918, 76.0545883179, 59.8400039673, 69.5231552124, 71.513633728, 75.784072876, 99.7941436768, 133.248519897, 94.3289108276, 66.1908111572, 66.9839935303], [140.601516724, -174.57774353, 133.060241699, 52.4148483276, 50.7235908508, 54.9542198181, 66.7405014038, 58.843875885, 72.0295333862, 94.3289108276, 114.92565918, 84.5243759155, 70.0317993164], [139.488006592, -167.124145508, 102.913665771, 42.5868377686, 43.2317733765, 46.4007949829, 59.1816864014, 47.8870201111, 56.5442886353, 66.1908111572, 84.5243759155, 96.6003570557, 77.5455932617], [232.88079834, -216.554229736, 124.765983582, 40.0765800476, 34.7149734497, 49.2868423462, 64.9108505249, 48.6503829956, 61.1330070496, 66.9839935303, 70.0317993164, 77.5455932617, 111.320014954]],
        "icov": [[0.000504421826918, 0.000487483252073, -2.80532458419e-005, -0.000409579632105, 0.000697273528203, -0.000100026016298, -0.000394077418605, 0.000580409890972, -0.000182209681952, 0.000378706055926, -0.000208629688132, 0.00032328668749, -0.000346829328919], [0.000487483252073, 0.00170866562985, 0.00123479147442, -0.000752268650103, -0.000535238767043, 0.000678263197187, 0.000554695667233, 0.000301343243336, -0.00103498238605, 0.000622971972916, -0.000460774026578, 0.000914948701393, 0.000448506965768], [-2.80532458419e-005, 0.00123479147442, 0.00307387951761, -2.03097552003e-005, -0.00149430241436, 0.000316195539199, 0.000663455983158, -0.000134178641019, -0.000639133388177, -0.00143746286631, -0.000542576191947, 0.00103836110793, -0.000145347759826], [-0.000409579632105, -0.000752268650103, -2.03097552003e-005, 0.00728618679568, -0.00202492182143, -0.00325853656977, -0.000258019281318, 0.00074491975829, -0.000504527823068, -0.00272706220858, 0.0012316488428, -0.000957182375714, 0.0005021020188], [0.000697273528203, -0.000535238767043, -0.00149430241436, -0.00202492182143, 0.0146282324567, -0.00740978308022, -0.000799217552412, -0.000519172346685, -0.000379512726795, 0.00112596678082, -0.000712907640263, -0.00237810611725, 0.000951661728323], [-0.000100026016298, 0.000678263197187, 0.000316195539199, -0.00325853656977, -0.00740978308022, 0.0199218839407, -0.00859346613288, -0.00166718009859, 0.00309926597401, -0.00292581971735, 0.00147314963397, 0.00133425556123, -0.000220446425374], [-0.000394077418605, 0.000554695667233, 0.000663455983158, -0.000258019281318, -0.000799217552412, -0.00859346613288, 0.0227730497718, -0.0119677688926, -0.00196392275393, 0.00495943147689, -0.00332232145593, 0.000257253268501, -0.00273675913922], [0.000580409890972, 0.000301343243336, -0.000134178641019, 0.00074491975829, -0.000519172346685, -0.00166718009859, -0.0119677688926, 0.0269977115095, -0.0121760005131, -0.00053648132598, 0.000827567535453, -0.000483081123093, 0.00215914472938], [-0.000182209681952, -0.00103498238605, -0.000639133388177, -0.000504527823068, -0.000379512726795, 0.00309926597401, -0.00196392275393, -0.0121760005131, 0.0293314605951, -0.0152537962422, 0.00260282726958, -0.00094484409783, -0.00343009689823], [0.000378706055926, 0.000622971972916, -0.00143746286631, -0.00272706220858, 0.00112596678082, -0.00292581971735, 0.00495943147689, -0.00053648132598, -0.0152537962422, 0.0330163836479, -0.0189374946058, 0.00654785661027, -0.00283814338036], [-0.000208629688132, -0.000460774026578, -0.000542576191947, 0.0012316488428, -0.000712907640263, 0.00147314963397, -0.00332232145593, 0.000827567535453, 0.00260282726958, -0.0189374946058, 0.0400945916772, -0.0256091225892, 0.00343192298897], [0.00032328668749, 0.000914948701393, 0.00103836110793, -0.000957182375714, -0.00237810611725, 0.00133425556123, 0.000257253268501, -0.000483081123093, -0.00094484409783, 0.00654785661027, -0.0256091225892, 0.0435070693493, -0.0171210318804], [-0.000346829328919, 0.000448506965768, -0.000145347759826, 0.0005021020188, 0.000951661728323, -0.000220446425374, -0.00273675913922, 0.00215914472938, -0.00343009689823, -0.00283814338036, 0.00343192298897, -0.0171210318804, 0.0243752878159]]
    },
    "spectral_contrast_coeffs": {
        "mean": [-0.530495345592, -0.728109538555, -0.734322547913, -0.77716678381, -0.778514444828, -0.755875885487],
        "var": [0.0116763282567, 0.00431333249435, 0.0032701222226, 0.00119828118477, 0.00101303309202, 0.00110903533641]
    },
    "spectral_contrast_valleys": {
        "mean": [-7.46125745773, -6.69306993484, -7.3483915329, -7.58755064011, -7.88268280029, -10.7957439423],
        "var": [0.975427985191, 0.7158446908, 0.606564581394, 0.499079942703, 0.784219324589, 1.89148700237]
    }
},
"metadata": {
    "audio_properties": {
        "analysis_sample_rate": 44100,
        "bit_rate": 128074,
        "equal_loudness": 0,
        "length": 45.0612258911,
        "lossless": 0,
        "replay_gain": -5.33269691467,
        "sample_rate": 44100,
        "codec": "mp3",
        "downmix": "mix",
        "md5_encoded": "668b35b13ffdd2f117498a0ea9427516"
    },
    "tags": {
        "file_name": "1518.mp3"
    },
    "version": {
        "essentia": "2.1-beta2",
        "essentia_git_sha": "v2.1_beta2",
        "extractor": "music 1.0"
    }
},
"rhythm": {
    "beats_count": 90,
    "beats_loudness": {
        "mean": 0.0873344540596,
        "var": 0.00916204787791
    },
    "bpm": 121.673309326,
    "bpm_histogram_first_peak_bpm": {
        "mean": 123,
        "var": 0
    },
    "bpm_histogram_first_peak_spread": {
        "mean": 0.480000019073,
        "var": 0
    },
    "bpm_histogram_first_peak_weight": {
        "mean": 0.438202261925,
        "var": 0
    },
    "bpm_histogram_second_peak_bpm": {
        "mean": 117,
        "var": 0
    },
    "bpm_histogram_second_peak_spread": {
        "mean": 0.142857119441,
        "var": 0
    },
    "bpm_histogram_second_peak_weight": {
        "mean": 0.13483145833,
        "var": 0
    },
    "danceability": 1.46325385571,
    "onset_rate": 4.14803934097,
    "beats_loudness_band_ratio": {
        "mean": [0.604705393314, 0.260004669428, 0.127966225147, 0.085125990212, 0.040362752974, 0.0109341954812],
        "var": [0.0773485153913, 0.0384170673788, 0.0167740602046, 0.00814706459641, 0.0016041159397, 0.000237697255216]
    },
    "beats_position": [0.487619042397, 0.986848056316, 1.48607707024, 1.98530614376, 2.48453521729, 2.99537420273, 3.51782298088, 4.04027223587, 4.55111122131, 5.05034017563, 5.54956912994, 6.04879808426, 6.54802703857, 7.03564596176, 7.52326536179, 8.01088428497, 8.51011276245, 9.0093421936, 9.49696159363, 9.98458003998, 10.47219944, 10.9714279175, 11.4706573486, 11.9582767487, 12.445895195, 12.933514595, 13.4327430725, 13.9203624725, 14.4195919037, 14.90721035, 15.3948297501, 15.8824491501, 16.3816776276, 16.8809070587, 17.3685264587, 17.8561439514, 18.3553733826, 18.8546028137, 19.3422222137, 19.8298416138, 20.3174591064, 20.8050785065, 21.3043079376, 21.8035373688, 22.3027667999, 22.8019943237, 23.3012237549, 23.8120632172, 24.3112926483, 24.8221302032, 25.3329696655, 25.8321990967, 26.3314285278, 26.830657959, 27.3414955139, 27.8407249451, 28.3515644073, 28.8624038696, 29.3616313934, 29.8724708557, 30.3717002869, 30.8825397491, 31.3701572418, 31.8577766418, 32.3453979492, 32.8562355042, 33.3438529968, 33.8314743042, 34.3190917969, 34.8067131042, 35.2943305969, 35.8051681519, 36.2927894592, 36.7804069519, 37.2680282593, 37.755645752, 38.2548751831, 38.7541046143, 39.2417221069, 39.7293434143, 40.216960907, 40.7161903381, 41.2038078308, 41.703037262, 42.1906585693, 42.678276062, 43.1658935547, 43.6651229858, 44.1527442932, 44.6519737244]
},
"tonal": {
    "chords_changes_rate": 0.0236625522375,
    "chords_number_rate": 0.00411522621289,
    "chords_strength": {
        "mean": 0.606969833374,
        "var": 0.0041168499738
    },
    "hpcp_entropy": {
        "mean": 2.07980155945,
        "var": 0.408086389303
    },
    "key_strength": 0.695514678955,
    "tuning_diatonic_strength": 0.484422266483,
    "tuning_equal_tempered_deviation": 0.179264977574,
    "tuning_frequency": 434.193115234,
    "tuning_nontempered_energy_ratio": 0.926010608673,
    "hpcp": {
        "mean": [0.098743468523, 0.122563250363, 0.0999317094684, 0.0561679303646, 0.0368008352816, 0.0679582208395, 0.16259086132, 0.182175844908, 0.134471997619, 0.17478916049, 0.188867896795, 0.0997378602624, 0.0488427467644, 0.0467114299536, 0.0299561731517, 0.0375188030303, 0.0474451556802, 0.0414220839739, 0.0536219105124, 0.0710254758596, 0.172157883644, 0.373061299324, 0.349675178528, 0.177467092872, 0.124507091939, 0.0659590363503, 0.0161468293518, 0.0299288351089, 0.0602620430291, 0.256371259689, 0.46702554822, 0.316035181284, 0.0953923091292, 0.0886625275016, 0.0977656394243, 0.0766507610679],
        "var": [0.0250387769192, 0.0311274472624, 0.0311557985842, 0.0169809870422, 0.0115633476526, 0.0166838094592, 0.0411718897521, 0.0492464825511, 0.0425983034074, 0.0581792071462, 0.0599010139704, 0.0250082891434, 0.0159852411598, 0.0194144491106, 0.00601958157495, 0.0108355563134, 0.0233230795711, 0.0135481767356, 0.0153608769178, 0.0173870548606, 0.0519892796874, 0.128098160028, 0.0991117283702, 0.0446687974036, 0.088663302362, 0.0258030444384, 0.00496091600507, 0.00515002198517, 0.0131288627163, 0.0907193720341, 0.180335119367, 0.10841947794, 0.030058728531, 0.0341850183904, 0.0429857894778, 0.0283008143306]
    },
    "chords_histogram": [66.6666641235, 4.73251008987, 0, 0, 0, 0, 0, 0.823045253754, 2.46913576126, 0, 0, 0, 0, 0, 0, 0, 0, 0, 0, 0, 0, 0, 0, 25.3086414337],
    "thpcp": [1, 0.676697850227, 0.204255014658, 0.189845129848, 0.209336817265, 0.164125412703, 0.211430549622, 0.262433707714, 0.213974818587, 0.120267361403, 0.0787983313203, 0.145512849092, 0.348141252995, 0.390076816082, 0.28793284297, 0.374260395765, 0.404405921698, 0.213559746742, 0.104582600296, 0.100019000471, 0.064142473042, 0.0803356543183, 0.101590067148, 0.0886934027076, 0.114815793931, 0.152080491185, 0.368626266718, 0.798802793026, 0.74872815609, 0.379994392395, 0.266595900059, 0.141232177615, 0.0345737598836, 0.0640839338303, 0.129033714533, 0.548944830894],
    "chords_key": "C",
    "chords_scale": "major",
    "key_key": "C",
    "key_scale": "major"
}
}