{
"lowlevel": {
    "average_loudness": 0.851761698723,
    "barkbands_crest": {
        "mean": 11.8759670258,
        "var": 17.4348106384
    },
    "barkbands_flatness_db": {
        "mean": 0.199791297317,
        "var": 0.00401889719069
    },
    "barkbands_kurtosis": {
        "mean": 8.30494308472,
        "var": 225.496887207
    },
    "barkbands_skewness": {
        "mean": 1.97438979149,
        "var": 2.01471400261
    },
    "barkbands_spread": {
        "mean": 9.98472881317,
        "var": 50.1198387146
    },
    "dissonance": {
        "mean": 0.427948325872,
        "var": 0.00171546102501
    },
    "dynamic_complexity": 2.36638069153,
    "erbbands_crest": {
        "mean": 11.2015295029,
        "var": 26.5090351105
    },
    "erbbands_flatness_db": {
        "mean": 0.209284365177,
        "var": 0.00413745408878
    },
    "erbbands_kurtosis": {
        "mean": 1.68373966217,
        "var": 8.2917509079
    },
    "erbbands_skewness": {
        "mean": 0.674764752388,
        "var": 0.67338681221
    },
    "erbbands_spread": {
        "mean": 23.5359477997,
        "var": 192.729660034
    },
    "hfc": {
        "mean": 14.1886177063,
        "var": 110.205474854
    },
    "melbands_crest": {
        "mean": 14.9031658173,
        "var": 25.3848228455
    },
    "melbands_flatness_db": {
        "mean": 0.271435678005,
        "var": 0.0055004004389
    },
    "melbands_kurtosis": {
        "mean": 12.7496147156,
        "var": 408.896270752
    },
    "melbands_skewness": {
        "mean": 2.33164453506,
        "var": 2.40930914879
    },
    "melbands_spread": {
        "mean": 11.6753053665,
        "var": 74.2979736328
    },
    "pitch_salience": {
        "mean": 0.51765370369,
        "var": 0.0134036000818
    },
    "silence_rate_20dB": {
        "mean": 1,
        "var": 0
    },
    "silence_rate_30dB": {
        "mean": 0.998456001282,
        "var": 0.00154162012041
    },
    "silence_rate_60dB": {
        "mean": 0.0252187345177,
        "var": 0.0245834831148
    },
    "spectral_centroid": {
        "mean": 680.614746094,
        "var": 216163.53125
    },
    "spectral_complexity": {
        "mean": 13.3669586182,
        "var": 36.2106246948
    },
    "spectral_decrease": {
        "mean": -6.81111655965e-009,
        "var": 2.11764093252e-017
    },
    "spectral_energy": {
        "mean": 0.0269936732948,
        "var": 0.000327961082803
    },
    "spectral_energyband_high": {
        "mean": 0.000159071947564,
        "var": 7.42617913829e-008
    },
    "spectral_energyband_low": {
        "mean": 0.00513682654127,
        "var": 6.76478812238e-005
    },
    "spectral_energyband_middle_high": {
        "mean": 0.00501807453111,
        "var": 3.24570064549e-005
    },
    "spectral_energyband_middle_low": {
        "mean": 0.0176141988486,
        "var": 0.000242110108957
    },
    "spectral_entropy": {
        "mean": 6.89854812622,
        "var": 0.297125011683
    },
    "spectral_flux": {
        "mean": 0.0688165947795,
        "var": 0.00140464678407
    },
    "spectral_kurtosis": {
        "mean": 12.8425750732,
        "var": 140.972183228
    },
    "spectral_rms": {
        "mean": 0.0048487521708,
        "var": 2.82490896097e-006
    },
    "spectral_rolloff": {
        "mean": 847.25994873,
        "var": 846178.375
    },
    "spectral_skewness": {
        "mean": 2.67058563232,
        "var": 0.797941744328
    },
    "spectral_spread": {
        "mean": 3724382.5,
        "var": 4.14612638925e+012
    },
    "spectral_strongpeak": {
        "mean": 1.20473372936,
        "var": 1.09165227413
    },
    "zerocrossingrate": {
        "mean": 0.037874341011,
        "var": 0.000867105671205
    },
    "barkbands": {
        "mean": [1.05301405711e-005, 0.000796737265773, 0.00348968897015, 0.00132943771314, 0.00618278095499, 0.00460030976683, 0.00243324763142, 0.00148268335033, 0.00136236951221, 0.000525589974131, 0.00245583197102, 0.000841740053147, 0.000380199839128, 0.000430148706073, 0.000179680602741, 8.54776226333e-005, 8.5615174612e-005, 7.27546648704e-005, 6.82822283125e-005, 4.36470436398e-005, 3.34398100676e-005, 1.72248346644e-005, 1.67993057403e-005, 2.60812375927e-005, 2.50182310992e-005, 1.78125228558e-005, 5.78465915169e-007],
        "var": [3.80962550395e-009, 3.97526309825e-006, 3.68941291526e-005, 6.67523318043e-006, 9.4249509857e-005, 3.76204807253e-005, 2.37716558331e-005, 7.092398846e-006, 4.9303735068e-006, 8.89675504823e-007, 1.56911864906e-005, 2.80060316982e-006, 6.80969549194e-007, 5.0846023214e-007, 6.2873425577e-008, 1.15440270676e-008, 1.63513380613e-008, 1.43126586138e-008, 1.21382175422e-008, 5.62502799895e-009, 4.03504429869e-009, 1.39637157393e-009, 1.22747156883e-009, 2.6636481909e-009, 1.85370185868e-009, 7.98125232571e-010, 1.67479842928e-012]
    },
    "erbbands": {
        "mean": [0.0155059155077, 0.259810417891, 2.91678547859, 5.32805252075, 7.78017234802, 28.4144668579, 30.217798233, 37.7165756226, 22.0745315552, 57.4034996033, 33.0307121277, 28.7211341858, 27.6223239899, 37.5058708191, 89.1393814087, 32.3439598083, 17.2217292786, 27.4423370361, 9.80560016632, 7.3834900856, 5.4244260788, 3.96637773514, 3.88962888718, 3.64630889893, 3.14703273773, 2.14892506599, 1.51822495461, 1.21098780632, 0.654067397118, 0.399544239044, 0.514822602272, 0.518837332726, 0.449734389782, 0.314496695995, 0.154140993953, 0.0816830769181, 0.0353236049414, 0.00426352582872, 0.000102156031062, 3.39822363458e-005],
        "var": [0.00275046098977, 0.282161206007, 25.4835414886, 79.9957275391, 363.60357666, 2135.14208984, 2996.64599609, 2713.73706055, 930.055664063, 15522.7539063, 3973.70776367, 2480.49902344, 1959.15332031, 2294.70263672, 18376.1816406, 5236.84326172, 1198.31518555, 2373.8190918, 193.225204468, 91.8616027832, 55.6111030579, 26.4784812927, 37.202205658, 32.0022583008, 25.7869510651, 13.8653516769, 8.01364135742, 5.55841875076, 1.80588293076, 0.75594741106, 1.20497298241, 1.13588905334, 0.739013791084, 0.265152096748, 0.0790259465575, 0.0171103030443, 0.00325177656487, 5.88646689721e-005, 2.56870595905e-008, 4.71348626796e-010]
    },
    "gfcc": {
        "mean": [-40.7278823853, 118.386932373, -114.634422302, -11.2905635834, -65.0630493164, 1.66568541527, -46.1382408142, 2.02366566658, -38.2437591553, -1.4250947237, -15.2086677551, -2.00065469742, -8.63985729218],
        "cov": [[5793.0546875, -1110.37780762, -308.907684326, 148.626846313, -505.749847412, 141.036758423, -372.088165283, 82.3838882446, -364.295227051, 199.438323975, -161.870773315, 156.957443237, -236.415222168], [-1110.37780762, 1935.99853516, -206.278884888, -85.091293335, 458.77432251, -211.80178833, 347.642700195, -207.684020996, 201.313339233, -289.953155518, 156.235656738, -180.414749146, 229.034744263], [-308.907684326, -206.278884888, 1236.77294922, 488.127441406, 237.113449097, 485.924499512, 34.6693611145, 167.717788696, -23.6895427704, 9.18335151672, -159.140258789, -16.0139446259, -133.278335571], [148.626846313, -85.091293335, 488.127441406, 586.742858887, 196.211364746, 211.629104614, 93.8960189819, 114.643280029, 52.4506034851, -8.12997150421, -86.7323455811, -63.3257789612, -99.3634643555], [-505.749847412, 458.77432251, 237.113449097, 196.211364746, 332.124328613, 140.708587646, 175.209625244, 30.8269195557, 85.0025939941, -63.4753227234, 2.90941095352, -71.5968780518, 3.38965678215], [141.036758423, -211.80178833, 485.924499512, 211.629104614, 140.708587646, 401.730316162, 80.4000549316, 151.534912109, -11.9082479477, 28.3504314423, -56.2953414917, 5.82207393646, -90.3591766357], [-372.088165283, 347.642700195, 34.6693611145, 93.8960189819, 175.209625244, 80.4000549316, 271.696594238, 71.914642334, 115.536872864, -39.2135658264, 43.160900116, -44.1465110779, 3.52338266373], [82.3838882446, -207.684020996, 167.717788696, 114.643280029, 30.8269195557, 151.534912109, 71.914642334, 209.158081055, 77.6727676392, 75.4099502563, -22.2451114655, -7.08659029007, -78.580039978], [-364.295227051, 201.313339233, -23.6895427704, 52.4506034851, 85.0025939941, -11.9082479477, 115.536872864, 77.6727676392, 166.605422974, 26.6191253662, 38.5766448975, -56.8075141907, -14.306883812], [199.438323975, -289.953155518, 9.18335151672, -8.12997150421, -63.4753227234, 28.3504314423, -39.2135658264, 75.4099502563, 26.6191253662, 135.646255493, 15.8045301437, 26.6706008911, -48.4854125977], [-161.870773315, 156.235656738, -159.140258789, -86.7323455811, 2.90941095352, -56.2953414917, 43.160900116, -22.2451114655, 38.5766448975, 15.8045301437, 98.3514938354, 17.4533500671, 44.5003547668], [156.957443237, -180.414749146, -16.0139446259, -63.3257789612, -71.5968780518, 5.82207393646, -44.1465110779, -7.08659029007, -56.8075141907, 26.6706008911, 17.4533500671, 92.7989883423, 31.006603241], [-236.415222168, 229.034744263, -133.278335571, -99.3634643555, 3.38965678215, -90.3591766357, 3.52338266373, -78.580039978, -14.306883812, -48.4854125977, 44.5003547668, 31.006603241, 116.201545715]],
        "icov": [[0.000471305451356, -0.00087297137361, 0.000765761244111, -0.000815411040094, 0.00115538819227, -0.000844944792334, 0.00037104805233, -0.000239793167566, 0.0011943114223, -0.00123677705415, 0.00124035507906, -0.00147969799582, 0.00154724356253], [-0.00087297137361, 0.00479945726693, -0.00216298224404, 0.00261895102449, -0.00495394086465, 0.00302433990873, -0.00173418270424, 0.00110695976764, -0.00312715419568, 0.00550549477339, -0.00554354954511, 0.00702630216256, -0.00601961091161], [0.000765761244111, -0.00216298224404, 0.00365092349239, -0.00242842105217, 0.00180339929648, -0.00379619561136, 0.00167995877564, -9.81682969723e-005, 0.00137809070293, -0.00277439458296, 0.00472122058272, -0.00442033587024, 0.00319378939457], [-0.000815411040094, 0.00261895102449, -0.00242842105217, 0.00504488870502, -0.00420961668715, 0.00242648855783, -0.00135549064726, 0.000255014980212, -0.0026467544958, 0.00340567436069, -0.00200812099501, 0.00400748802349, -0.0022743481677], [0.00115538819227, -0.00495394086465, 0.00180339929648, -0.00420961668715, 0.0136184711009, -0.00607286626473, -0.000868742179591, 0.000939515884966, 0.0017520171823, -0.00493630161509, 0.00488289957866, -0.00311070075259, 0.00324198533781], [-0.000844944792334, 0.00302433990873, -0.00379619561136, 0.00242648855783, -0.00607286626473, 0.0105950515717, -0.00275746942498, -0.00375297851861, 0.00229931343347, 0.00345497112721, -0.00507761491463, 0.00311845145188, -0.00116054166574], [0.00037104805233, -0.00173418270424, 0.00167995877564, -0.00135549064726, -0.000868742179591, -0.00275746942498, 0.0101023288444, -0.00294974329881, -0.00291962781921, 0.00294890650548, -0.00181752082426, -0.00388797791675, 0.00312529038638], [-0.000239793167566, 0.00110695976764, -9.81682969723e-005, 0.000255014980212, 0.000939515884966, -0.00375297851861, -0.00294974329881, 0.0145010305569, -0.00849157664925, -0.00290362210944, 0.00395033601671, -0.00212242780253, 0.00118211016525], [0.0011943114223, -0.00312715419568, 0.00137809070293, -0.0026467544958, 0.0017520171823, 0.00229931343347, -0.00291962781921, -0.00849157664925, 0.0226723998785, -0.00892828032374, -0.00206010229886, 0.00554273277521, 0.00236999569461], [-0.00123677705415, 0.00550549477339, -0.00277439458296, 0.00340567436069, -0.00493630161509, 0.00345497112721, 0.00294890650548, -0.00290362210944, -0.00892828032374, 0.0238932538778, -0.0129727711901, 0.00173134193756, 0.000516365864314], [0.00124035507906, -0.00554354954511, 0.00472122058272, -0.00200812099501, 0.00488289957866, -0.00507761491463, -0.00181752082426, 0.00395033601671, -0.00206010229886, -0.0129727711901, 0.0297855827957, -0.0138463592157, 0.00240498967469], [-0.00147969799582, 0.00702630216256, -0.00442033587024, 0.00400748802349, -0.00311070075259, 0.00311845145188, -0.00388797791675, -0.00212242780253, 0.00554273277521, 0.00173134193756, -0.0138463592157, 0.0366075485945, -0.0203650295734], [0.00154724356253, -0.00601961091161, 0.00319378939457, -0.0022743481677, 0.00324198533781, -0.00116054166574, 0.00312529038638, 0.00118211016525, 0.00236999569461, 0.000516365864314, 0.00240498967469, -0.0203650295734, 0.0300646834075]]
    },
    "melbands": {
        "mean": [0.000175977998879, 0.0011536302045, 0.000953784270678, 0.00122899608687, 0.00115121854469, 0.000841880857479, 0.000390423811041, 0.000554422324058, 0.00024484237656, 0.00018258918135, 0.00013327736815, 0.000127544233692, 0.000384232291253, 0.000108490166895, 3.63654653484e-005, 5.26317708136e-005, 4.62467141915e-005, 1.44433170135e-005, 1.14896683954e-005, 6.98908661434e-006, 6.64676872475e-006, 4.37938933828e-006, 3.09449274027e-006, 4.11821883972e-006, 2.73815817309e-006, 2.75460570265e-006, 1.6196179331e-006, 1.37951838042e-006, 1.00525824109e-006, 7.01119915902e-007, 7.54999746277e-007, 3.84893610317e-007, 2.53594265587e-007, 2.08001907254e-007, 2.95595441457e-007, 2.97089627566e-007, 3.32414657578e-007, 3.38808973765e-007, 2.6291991162e-007, 2.64566523356e-007],
        "var": [2.57060520426e-007, 3.78163917958e-006, 2.26829752137e-006, 4.27956410931e-006, 3.31526234731e-006, 1.29207023747e-006, 2.85973356995e-007, 1.30457772229e-006, 2.29017416586e-007, 9.26321490624e-008, 4.90236189421e-008, 2.65128079491e-008, 3.73854646796e-007, 4.35171649826e-008, 6.90644919032e-009, 1.11027631533e-008, 6.53549525609e-009, 4.44404540945e-010, 2.56064058846e-010, 7.632063731e-011, 9.9457171665e-011, 3.91621526874e-011, 2.02726412046e-011, 5.07920372428e-011, 1.95167267764e-011, 1.97972766652e-011, 6.90890270341e-012, 6.34068752364e-012, 3.53977481007e-012, 2.38180503966e-012, 1.9790256673e-012, 7.17081721693e-013, 2.79300508502e-013, 2.05980049098e-013, 4.40210070002e-013, 3.5554846285e-013, 4.95339826014e-013, 4.38294203448e-013, 2.48834427456e-013, 1.76525501573e-013]
    },
    "mfcc": {
        "mean": [-689.758300781, 164.380477905, -3.19440984726, -5.99486637115, -5.66368246078, -12.0914974213, 0.26651468873, -9.7712020874, -9.86177635193, -9.0709810257, -10.0092124939, -6.26659631729, -4.31773519516],
        "cov": [[3943.41357422, -1024.51831055, -272.998840332, -21.4191570282, -265.699798584, -75.0380859375, -80.440864563, -177.500701904, -188.638946533, -72.9069595337, -50.3731842041, 40.1565284729, -75.7945861816], [-1024.51831055, 1579.68859863, -275.330688477, 45.907409668, 44.9266738892, 35.8340988159, 69.7483215332, 81.6274414063, 49.5298194885, -14.597943306, -99.0149841309, -50.2711105347, 87.9182434082], [-272.998840332, -275.330688477, 932.850097656, 173.844818115, 364.058013916, 259.744110107, 183.674102783, 166.346450806, 144.42225647, 76.2744750977, 50.2640762329, 5.59622526169, -53.5147132874], [-21.4191570282, 45.907409668, 173.844818115, 399.944366455, 148.891677856, 121.925857544, 60.2848854065, 97.1497421265, 92.5867767334, 86.6506958008, 30.2892589569, 8.98674488068, -4.10612344742], [-265.699798584, 44.9266738892, 364.058013916, 148.891677856, 311.627166748, 182.738754272, 118.192955017, 103.79359436, 98.7342681885, 69.7308044434, 29.9364948273, -3.76546978951, -19.8715801239], [-75.0380859375, 35.8340988159, 259.744110107, 121.925857544, 182.738754272, 216.13583374, 146.050689697, 113.798828125, 79.1796188354, 50.799495697, 18.6396255493, 11.02754879, -8.48715496063], [-80.440864563, 69.7483215332, 183.674102783, 60.2848854065, 118.192955017, 146.050689697, 183.812744141, 137.81678772, 86.5333328247, 46.3487129211, 21.8580112457, 29.2721748352, 23.138759613], [-177.500701904, 81.6274414063, 166.346450806, 97.1497421265, 103.79359436, 113.798828125, 137.81678772, 195.452590942, 128.116760254, 71.6098327637, 34.3944473267, 37.1341819763, 32.0941123962], [-188.638946533, 49.5298194885, 144.42225647, 92.5867767334, 98.7342681885, 79.1796188354, 86.5333328247, 128.116760254, 144.811965942, 92.5529632568, 50.5559196472, 40.096862793, 30.7443256378], [-72.9069595337, -14.597943306, 76.2744750977, 86.6506958008, 69.7308044434, 50.799495697, 46.3487129211, 71.6098327637, 92.5529632568, 133.997711182, 91.1968078613, 58.5463142395, 25.1168022156], [-50.3731842041, -99.0149841309, 50.2640762329, 30.2892589569, 29.9364948273, 18.6396255493, 21.8580112457, 34.3944473267, 50.5559196472, 91.1968078613, 121.456115723, 71.881362915, 18.8633670807], [40.1565284729, -50.2711105347, 5.59622526169, 8.98674488068, -3.76546978951, 11.02754879, 29.2721748352, 37.1341819763, 40.096862793, 58.5463142395, 71.881362915, 97.9115142822, 53.8858985901], [-75.7945861816, 87.9182434082, -53.5147132874, -4.10612344742, -19.8715801239, -8.48715496063, 23.138759613, 32.0941123962, 30.7443256378, 25.1168022156, 18.8633670807, 53.8858985901, 95.2173080444]],
        "icov": [[0.000387269217754, 0.000277212064248, 0.000166827463545, -0.000166482524946, 0.000238748732954, -0.00016281909484, -0.000339886755683, 0.000213402221561, 0.000351063994458, -0.000367032393115, 0.000809587072581, -0.000705242331605, 0.000407064857427], [0.000277212064248, 0.00109292042907, 0.000661627971567, -0.000134530098876, -0.000403349753469, -0.000161613133969, -0.000476082175737, -9.34581476031e-005, 2.44890270551e-005, -0.000366987485904, 0.00117783702444, 0.000337494566338, -0.00070925115142], [0.000166827463545, 0.000661627971567, 0.002648742171, -2.47344360105e-005, -0.00222200225107, -0.000699933501892, -0.000506320095155, -0.000234706007177, -0.00100760906935, 0.00105160532985, 7.87467797636e-005, -0.000454785244074, 0.000975243921857], [-0.000166482524946, -0.000134530098876, -2.47344360105e-005, 0.00375602161512, -0.000763980962802, -0.00172004383057, 0.00207398156635, -0.00129833922256, -0.000293545715977, -0.00192110997159, 0.000570827221964, 0.000588737486396, -8.40946231619e-005], [0.000238748732954, -0.000403349753469, -0.00222200225107, -0.000763980962802, 0.00978052429855, -0.00498368963599, 1.25412816487e-005, 0.00174032710493, -0.0016733603552, -0.00171286787372, -0.000652048678603, 0.00229227356613, 0.000112061970867], [-0.00016281909484, -0.000161613133969, -0.000699933501892, -0.00172004383057, -0.00498368963599, 0.01692520082, -0.00966916326433, -0.000157475136803, 0.0016570254229, -0.000966353865806, 0.00159862835426, -0.00180874171201, 0.0028501721099], [-0.000339886755683, -0.000476082175737, -0.000506320095155, 0.00207398156635, 1.25412816487e-005, -0.00966916326433, 0.0198195613921, -0.00938383862376, 0.000849865667988, 0.00122656207532, -0.000772652041633, -0.000603528867941, -0.00264209066518], [0.000213402221561, -9.34581476031e-005, -0.000234706007177, -0.00129833922256, 0.00174032710493, -0.000157475136803, -0.00938383862376, 0.01963426359, -0.0124395154417, 0.00141904118937, 0.000840873224661, -0.000996755436063, 0.000119566175272], [0.000351063994458, 2.44890270551e-005, -0.00100760906935, -0.000293545715977, -0.0016733603552, 0.0016570254229, 0.000849865667988, -0.0124395154417, 0.026682222262, -0.0121976491064, 0.00267195445485, -0.000105661158159, -0.00240459898487], [-0.000367032393115, -0.000366987485904, 0.00105160532985, -0.00192110997159, -0.00171286787372, -0.000966353865806, 0.00122656207532, 0.00141904118937, -0.0121976491064, 0.027175039053, -0.0155178597197, -0.000281251879642, -0.000661603175104], [0.000809587072581, 0.00117783702444, 7.87467797636e-005, 0.000570827221964, -0.000652048678603, 0.00159862835426, -0.000772652041633, 0.000840873224661, 0.00267195445485, -0.0155178597197, 0.0282606426626, -0.0160943605006, 0.0062766787596], [-0.000705242331605, 0.000337494566338, -0.000454785244074, 0.000588737486396, 0.00229227356613, -0.00180874171201, -0.000603528867941, -0.000996755436063, -0.000105661158159, -0.000281251879642, -0.0160943605006, 0.0317741297185, -0.0149884708226], [0.000407064857427, -0.00070925115142, 0.000975243921857, -8.40946231619e-005, 0.000112061970867, 0.0028501721099, -0.00264209066518, 0.000119566175272, -0.00240459898487, -0.000661603175104, 0.0062766787596, -0.0149884708226, 0.0210947059095]]
    },
    "spectral_contrast_coeffs": {
        "mean": [-0.528256475925, -0.687532424927, -0.722686052322, -0.775156259537, -0.799231767654, -0.784424364567],
        "var": [0.0123558994383, 0.00735527835786, 0.00539265247062, 0.00329806050286, 0.00191464647651, 0.00111878884491]
    },
    "spectral_contrast_valleys": {
        "mean": [-8.19843292236, -6.61476230621, -7.20574569702, -8.1039276123, -8.44998073578, -11.2471313477],
        "var": [1.62655460835, 1.01062846184, 0.96695035696, 0.899114787579, 1.13406729698, 1.56717085838]
    }
},
"metadata": {
    "audio_properties": {
        "analysis_sample_rate": 44100,
        "bit_rate": 107890,
        "equal_loudness": 0,
        "length": 45.0873451233,
        "lossless": 0,
        "replay_gain": -7.11525535583,
        "sample_rate": 44100,
        "codec": "mp3",
        "downmix": "mix",
        "md5_encoded": "b49acaacbd7a3fe6f2473e53aad8f3f4"
    },
    "tags": {
        "file_name": "152.mp3"
    },
    "version": {
        "essentia": "2.1-beta2",
        "essentia_git_sha": "v2.1_beta2",
        "extractor": "music 1.0"
    }
},
"rhythm": {
    "beats_count": 114,
    "beats_loudness": {
        "mean": 0.0305746346712,
        "var": 0.00042174445116
    },
    "bpm": 152.051422119,
    "bpm_histogram_first_peak_bpm": {
        "mean": 152,
        "var": 0
    },
    "bpm_histogram_first_peak_spread": {
        "mean": 0.046728990972,
        "var": 0
    },
    "bpm_histogram_first_peak_weight": {
        "mean": 0.902654886246,
        "var": 0
    },
    "bpm_histogram_second_peak_bpm": {
        "mean": 157,
        "var": 0
    },
    "bpm_histogram_second_peak_spread": {
        "mean": 0,
        "var": 0
    },
    "bpm_histogram_second_peak_weight": {
        "mean": 0.0530973449349,
        "var": 0
    },
    "danceability": 1.12601029873,
    "onset_rate": 3.94636821747,
    "beats_loudness_band_ratio": {
        "mean": [0.265539258718, 0.356925755739, 0.186195746064, 0.17541693151, 0.0387275144458, 0.0381507575512],
        "var": [0.0807185024023, 0.0532955117524, 0.0278165824711, 0.0169152263552, 0.00163765763864, 0.00260235462338]
    },
    "beats_position": [0.359909296036, 0.743038535118, 1.13777780533, 1.54412698746, 1.92725622654, 2.32199549675, 2.71673464775, 3.12308382988, 3.50621318817, 3.90095233917, 4.29569149017, 4.69043064117, 5.08516979218, 5.47990942001, 5.87464857101, 6.26938772202, 6.66412687302, 7.05886602402, 7.45360517502, 7.85995435715, 8.24308395386, 8.63782310486, 9.03256225586, 9.43891143799, 9.82204055786, 10.2167797089, 10.6115188599, 11.0062580109, 11.4009971619, 11.7957363129, 12.1904764175, 12.5852155685, 12.9799547195, 13.3746938705, 13.7694330215, 14.1641721725, 14.5589113235, 14.9536504745, 15.3483896255, 15.7431287766, 16.1378688812, 16.5326080322, 16.9273471832, 17.3220863342, 17.7168254852, 18.1115646362, 18.5063037872, 18.9010429382, 19.2957820892, 19.6905212402, 20.0852603912, 20.4799995422, 20.8747386932, 21.2694778442, 21.6642169952, 22.0705661774, 22.4536952972, 22.8484344482, 23.2431735992, 23.6379127502, 24.0326519012, 24.4273910522, 24.8221302032, 25.2168693542, 25.6116104126, 26.0063495636, 26.4010887146, 26.7958278656, 27.1905670166, 27.5853061676, 27.9800453186, 28.3747844696, 28.7695236206, 29.1642627716, 29.5590019226, 29.9537410736, 30.3484802246, 30.7432193756, 31.1379585266, 31.5326976776, 31.9274368286, 32.322177887, 32.7169151306, 33.111656189, 33.5063934326, 33.901134491, 34.2958717346, 34.690612793, 35.0853500366, 35.480091095, 35.8748283386, 36.269569397, 36.6643066406, 37.059047699, 37.4537849426, 37.848526001, 38.2432632446, 38.638004303, 39.0327415466, 39.427482605, 39.8222198486, 40.216960907, 40.6116981506, 41.006439209, 41.4011802673, 41.795917511, 42.1906585693, 42.585395813, 42.9801368713, 43.374874115, 43.7696151733, 44.164352417, 44.5590934753, 44.953830719]
},
"tonal": {
    "chords_changes_rate": 0.0195473246276,
    "chords_number_rate": 0.00514403311536,
    "chords_strength": {
        "mean": 0.599023044109,
        "var": 0.00493649579585
    },
    "hpcp_entropy": {
        "mean": 1.57544243336,
        "var": 0.531875669956
    },
    "key_strength": 0.723212659359,
    "tuning_diatonic_strength": 0.572849452496,
    "tuning_equal_tempered_deviation": 0.0120758898556,
    "tuning_frequency": 441.272583008,
    "tuning_nontempered_energy_ratio": 0.639427363873,
    "hpcp": {
        "mean": [0.0421058684587, 0.0289213843644, 0.0175286494195, 0.0270672291517, 0.123006567359, 0.535966932774, 0.712015330791, 0.30688303709, 0.0398956201971, 0.0273101441562, 0.0230658166111, 0.0639346688986, 0.101155266166, 0.0693825334311, 0.161730438471, 0.251361489296, 0.123322941363, 0.0191048365086, 0.0120476502925, 0.0195477362722, 0.10662124306, 0.17135836184, 0.0897756367922, 0.0159422103316, 0.0121645564213, 0.035544142127, 0.174651429057, 0.256945520639, 0.150888845325, 0.126654237509, 0.151560351253, 0.0835480466485, 0.0339130498469, 0.0232375133783, 0.0166213326156, 0.0293602403253],
        "var": [0.00699348002672, 0.00457525392994, 0.00257036206312, 0.00650061341003, 0.0373147577047, 0.0939989238977, 0.119347631931, 0.0430380925536, 0.0129739707336, 0.0134796109051, 0.00756494048983, 0.0165769737214, 0.0379022695124, 0.0172473471612, 0.0486854203045, 0.115775197744, 0.0295576509088, 0.00133668712806, 0.000693460751791, 0.00283883349039, 0.0359634049237, 0.0808286592364, 0.0254443604499, 0.00134789396543, 0.00130451261066, 0.006152828224, 0.0506008677185, 0.0931013450027, 0.0331797040999, 0.0471580438316, 0.0777778699994, 0.0304970126599, 0.00802670884877, 0.00403026258573, 0.00249533192255, 0.00364692136645]
    },
    "chords_histogram": [54.1152267456, 0, 0, 0, 0, 1.02880656719, 0, 4.93827152252, 0, 0, 0, 0, 0, 0, 0, 0, 0, 0, 0, 0, 0, 0, 22.2222213745, 17.6954727173],
    "thpcp": [1, 0.431006222963, 0.0560319684446, 0.0383561179042, 0.0323951132596, 0.0897939503193, 0.142068937421, 0.0974452793598, 0.227144598961, 0.353028208017, 0.173202648759, 0.0268320571631, 0.016920492053, 0.0274540949613, 0.149745717645, 0.240666672587, 0.12608666718, 0.0223902631551, 0.0170846823603, 0.0499204732478, 0.245291665196, 0.360870778561, 0.211917966604, 0.177881330252, 0.212861075997, 0.117340236902, 0.0476296618581, 0.0326362550259, 0.023344065994, 0.0412354059517, 0.0591361820698, 0.040619045496, 0.0246183592826, 0.0380149520934, 0.172758311033, 0.752746343613],
    "chords_key": "B",
    "chords_scale": "minor",
    "key_key": "B",
    "key_scale": "minor"
}
}