{
"lowlevel": {
    "average_loudness": 0.979165434837,
    "barkbands_crest": {
        "mean": 10.6215724945,
        "var": 23.6190242767
    },
    "barkbands_flatness_db": {
        "mean": 0.114591449499,
        "var": 0.00188011722639
    },
    "barkbands_kurtosis": {
        "mean": 4.58254051208,
        "var": 91.1153106689
    },
    "barkbands_skewness": {
        "mean": 1.48052763939,
        "var": 2.21491646767
    },
    "barkbands_spread": {
        "mean": 28.5090484619,
        "var": 348.55682373
    },
    "dissonance": {
        "mean": 0.459529578686,
        "var": 0.00138039665762
    },
    "dynamic_complexity": 1.67916989326,
    "erbbands_crest": {
        "mean": 8.67318916321,
        "var": 16.9940052032
    },
    "erbbands_flatness_db": {
        "mean": 0.141472771764,
        "var": 0.00161503697746
    },
    "erbbands_kurtosis": {
        "mean": 1.09876286983,
        "var": 11.6113834381
    },
    "erbbands_skewness": {
        "mean": 0.187329888344,
        "var": 1.32030034065
    },
    "erbbands_spread": {
        "mean": 43.4569778442,
        "var": 378.501251221
    },
    "hfc": {
        "mean": 31.6509380341,
        "var": 1276.89379883
    },
    "melbands_crest": {
        "mean": 15.3274621964,
        "var": 40.4963912964
    },
    "melbands_flatness_db": {
        "mean": 0.174482136965,
        "var": 0.00401212880388
    },
    "melbands_kurtosis": {
        "mean": 15.4754009247,
        "var": 649.553039551
    },
    "melbands_skewness": {
        "mean": 2.79724597931,
        "var": 3.59603309631
    },
    "melbands_spread": {
        "mean": 34.4213066101,
        "var": 1598.08581543
    },
    "pitch_salience": {
        "mean": 0.598807692528,
        "var": 0.0210299678147
    },
    "silence_rate_20dB": {
        "mean": 1,
        "var": 0
    },
    "silence_rate_30dB": {
        "mean": 0.999485075474,
        "var": 0.000514643033966
    },
    "silence_rate_60dB": {
        "mean": 0.00669412966818,
        "var": 0.00664932886139
    },
    "spectral_centroid": {
        "mean": 1629.07836914,
        "var": 903427.5
    },
    "spectral_complexity": {
        "mean": 21.2353248596,
        "var": 146.186416626
    },
    "spectral_decrease": {
        "mean": -6.53012577345e-009,
        "var": 1.52685100281e-017
    },
    "spectral_energy": {
        "mean": 0.0275170300156,
        "var": 0.000228342847549
    },
    "spectral_energyband_high": {
        "mean": 0.00235121115111,
        "var": 2.05867308978e-005
    },
    "spectral_energyband_low": {
        "mean": 0.00738513562828,
        "var": 0.000108628766611
    },
    "spectral_energyband_middle_high": {
        "mean": 0.00506496150047,
        "var": 1.69915074366e-005
    },
    "spectral_energyband_middle_low": {
        "mean": 0.0134269446135,
        "var": 0.000149618354044
    },
    "spectral_entropy": {
        "mean": 7.79817533493,
        "var": 0.166219115257
    },
    "spectral_flux": {
        "mean": 0.108343236148,
        "var": 0.00193395849783
    },
    "spectral_kurtosis": {
        "mean": 3.06628751755,
        "var": 4.13113689423
    },
    "spectral_rms": {
        "mean": 0.00497104646638,
        "var": 2.13459429688e-006
    },
    "spectral_rolloff": {
        "mean": 2286.76879883,
        "var": 6163041
    },
    "spectral_skewness": {
        "mean": 1.34915888309,
        "var": 0.253603309393
    },
    "spectral_spread": {
        "mean": 5576895,
        "var": 4.16975133082e+012
    },
    "spectral_strongpeak": {
        "mean": 1.01633608341,
        "var": 1.60755670071
    },
    "zerocrossingrate": {
        "mean": 0.0844935253263,
        "var": 0.00417376961559
    },
    "barkbands": {
        "mean": [0.000221708323807, 0.00489414157346, 0.00168178707827, 0.00158289179672, 0.00420651491731, 0.00236633024178, 0.00206845346838, 0.00168200093322, 0.00128793192562, 0.000752890715376, 0.000590179930441, 0.000480032816995, 0.000532732636202, 0.000458274094854, 0.000492196239065, 0.000492541992571, 0.000479360634927, 0.000378700904548, 0.000358037941623, 0.00031463909545, 0.000422204029746, 0.000376032170607, 0.000549400341697, 0.000512463273481, 0.000201044182177, 0.000126567101688, 7.98514338385e-006],
        "var": [2.03525104325e-007, 7.88985416875e-005, 5.83539667787e-006, 1.03041757029e-005, 4.89425656269e-005, 2.54436745308e-005, 1.48930857904e-005, 1.30513490149e-005, 7.06586524757e-006, 3.51558833245e-006, 1.99298460757e-006, 8.24721212211e-007, 7.54130098812e-007, 8.52138668961e-007, 6.8666952302e-007, 4.9994616802e-007, 5.13898157806e-007, 3.60753688255e-007, 3.6085950228e-007, 2.83632232367e-007, 8.9422610472e-007, 5.78106494231e-007, 1.84705618267e-006, 2.57754686572e-006, 3.43808437719e-007, 1.56550981956e-007, 9.0550056342e-010]
    },
    "erbbands": {
        "mean": [0.170508787036, 0.973835408688, 1.90405571461, 3.65607070923, 8.62052822113, 14.6572027206, 20.5320453644, 19.4461193085, 27.5476970673, 36.0534248352, 34.5779151917, 29.8110542297, 24.2099132538, 23.6239051819, 23.839138031, 19.0368251801, 23.4763832092, 23.4330501556, 25.6229362488, 26.4842205048, 27.7653312683, 26.4063072205, 22.5947875977, 19.2376899719, 17.0017242432, 14.1046209335, 16.1669464111, 16.2916622162, 14.0734014511, 13.9634056091, 15.8370008469, 12.8079338074, 7.12513685226, 2.61171364784, 1.3170889616, 0.561026573181, 0.247709780931, 0.035183660686, 0.00103798892815, 6.55199182802e-005],
        "var": [0.114156782627, 3.42951083183, 9.49607658386, 28.8150062561, 352.552368164, 660.708251953, 2899.43432617, 1586.51867676, 3158.03588867, 5334.37353516, 5271.35205078, 4254.86523438, 2977.56176758, 2374.16894531, 2757.30664063, 1161.59106445, 1400.82116699, 1770.46386719, 1888.08654785, 1827.81274414, 1228.92053223, 1430.65808105, 1373.24926758, 1077.84484863, 708.787353516, 635.364135742, 1219.9609375, 1336.46337891, 733.054748535, 1050.04272461, 1630.14367676, 1531.96374512, 543.630126953, 61.4245147705, 15.8995265961, 2.86284732819, 0.685373663902, 0.0115941064432, 1.62099058798e-005, 1.03446797795e-008]
    },
    "gfcc": {
        "mean": [26.531539917, 63.4293365479, -107.375892639, 31.6940631866, -64.5536727905, 14.8795003891, -44.0094795227, 8.12856674194, -21.108291626, 1.73258852959, -20.8754062653, 6.39772558212, -17.3754787445],
        "cov": [[2436.92504883, -341.729400635, -214.746139526, 170.0443573, -134.504272461, 17.8460941315, -110.797065735, -108.869003296, -91.0132598877, 16.6208591461, -85.9539871216, -77.3087921143, -89.577293396], [-341.729400635, 1077.77893066, -229.488632202, -90.9137954712, 154.870697021, -192.290267944, 99.2237243652, 56.1437606812, 83.2779464722, -39.4602584839, 53.3064422607, 20.7611904144, 76.0485687256], [-214.746139526, -229.488632202, 734.99420166, 66.8088531494, 21.1923942566, 161.622024536, -44.1549758911, 54.1115150452, -16.3450279236, 37.8126144409, 50.4434623718, 74.9909973145, 58.7055664063], [170.0443573, -90.9137954712, 66.8088531494, 628.798706055, 213.982009888, 7.97209596634, 14.7176532745, -99.0890731812, -76.3303756714, 49.7237319946, 44.2358207703, -24.8584651947, 102.590034485], [-134.504272461, 154.870697021, 21.1923942566, 213.982009888, 405.851226807, 120.231742859, 98.4923858643, 18.51770401, -1.78017342091, 92.8481140137, 36.8502082825, -9.14014530182, 71.7300720215], [17.8460941315, -192.290267944, 161.622024536, 7.97209596634, 120.231742859, 315.328643799, 102.156890869, 46.6872024536, 22.350402832, 80.8454589844, 52.0862693787, -6.06592750549, -16.7100009918], [-110.797065735, 99.2237243652, -44.1549758911, 14.7176532745, 98.4923858643, 102.156890869, 324.825683594, 129.162612915, -0.061522539705, 32.2046051025, 28.6201686859, 30.441072464, 7.8228302002], [-108.869003296, 56.1437606812, 54.1115150452, -99.0890731812, 18.51770401, 46.6872024536, 129.162612915, 190.276794434, 83.2044296265, 8.17746448517, 21.0549640656, 45.3354911804, 3.89900326729], [-91.0132598877, 83.2779464722, -16.3450279236, -76.3303756714, -1.78017342091, 22.350402832, -0.061522539705, 83.2044296265, 233.089614868, 54.3063926697, 28.3619537354, 33.3731842041, -16.8014831543], [16.6208591461, -39.4602584839, 37.8126144409, 49.7237319946, 92.8481140137, 80.8454589844, 32.2046051025, 8.17746448517, 54.3063926697, 166.465072632, 65.7383575439, -3.29479169846, 5.25539159775], [-85.9539871216, 53.3064422607, 50.4434623718, 44.2358207703, 36.8502082825, 52.0862693787, 28.6201686859, 21.0549640656, 28.3619537354, 65.7383575439, 133.33215332, 43.9878082275, 12.8484420776], [-77.3087921143, 20.7611904144, 74.9909973145, -24.8584651947, -9.14014530182, -6.06592750549, 30.441072464, 45.3354911804, 33.3731842041, -3.29479169846, 43.9878082275, 123.314750671, 34.8359680176], [-89.577293396, 76.0485687256, 58.7055664063, 102.590034485, 71.7300720215, -16.7100009918, 7.8228302002, 3.89900326729, -16.8014831543, 5.25539159775, 12.8484420776, 34.8359680176, 113.983711243]],
        "icov": [[0.000542239693459, -9.99165204121e-005, 0.000319413054967, -0.000476233952213, 0.000467371515697, -0.000507998978719, 0.000479312293464, -0.000406333158026, 0.000450897292467, -0.000554423371796, 0.000728548970073, -0.000434100249549, 0.000511905644089], [-9.99165204121e-005, 0.00211669667624, -0.000103612423118, 0.00131721014623, -0.00177535100374, 0.00230737123638, -0.00145585334394, 0.00111442408524, -0.00146951014176, 0.0018097537104, -0.00255233491771, 0.00165647163521, -0.00162425136659], [0.000319413054967, -0.000103612423118, 0.0023647621274, -0.000784741772804, 0.000829306431115, -0.00194371386897, 0.00178641744424, -0.00187000026926, 0.00125371839385, -0.000889702874701, 0.000830493168905, -0.00171212072019, -0.00040148498374], [-0.000476233952213, 0.00131721014623, -0.000784741772804, 0.00384546816349, -0.00251132575795, 0.00238847685978, -0.00206327321939, 0.00295975198969, -0.00134409347083, 0.0017149457708, -0.00316118914634, 0.00247387588024, -0.00301603693515], [0.000467371515697, -0.00177535100374, 0.000829306431115, -0.00251132575795, 0.00603566132486, -0.00370017089881, 0.00119678291958, -0.00186254759319, 0.00167581101414, -0.00341225834563, 0.00314460624941, -0.0012798133539, -0.000533132697456], [-0.000507998978719, 0.00230737123638, -0.00194371386897, 0.00238847685978, -0.00370017089881, 0.00839720107615, -0.00377954333089, 0.00232639862224, -0.00239798380062, 0.00158625806216, -0.00454124249518, 0.00358564918861, -0.000358520337613], [0.000479312293464, -0.00145585334394, 0.00178641744424, -0.00206327321939, 0.00119678291958, -0.00377954333089, 0.00762632675469, -0.00631070975214, 0.00365772168152, -0.00259911129251, 0.0027823431883, -0.00323443976231, 0.0020041000098], [-0.000406333158026, 0.00111442408524, -0.00187000026926, 0.00295975198969, -0.00186254759319, 0.00232639862224, -0.00631070975214, 0.0129092624411, -0.005328706, 0.00324456789531, -0.00270862621255, 0.00121303473134, -0.00225943094119], [0.000450897292467, -0.00146951014176, 0.00125371839385, -0.00134409347083, 0.00167581101414, -0.00239798380062, 0.00365772168152, -0.005328706, 0.00815473590046, -0.00436371797696, 0.00268673500977, -0.00345144770108, 0.00257914094254], [-0.000554423371796, 0.0018097537104, -0.000889702874701, 0.0017149457708, -0.00341225834563, 0.00158625806216, -0.00259911129251, 0.00324456789531, -0.00436371797696, 0.0120321922004, -0.00711297802627, 0.00409282930195, -0.00192823004909], [0.000728548970073, -0.00255233491771, 0.000830493168905, -0.00316118914634, 0.00314460624941, -0.00454124249518, 0.0027823431883, -0.00270862621255, 0.00268673500977, -0.00711297802627, 0.015490533784, -0.007269769907, 0.00314962374978], [-0.000434100249549, 0.00165647163521, -0.00171212072019, 0.00247387588024, -0.0012798133539, 0.00358564918861, -0.00323443976231, 0.00121303473134, -0.00345144770108, 0.00409282930195, -0.007269769907, 0.0147711439058, -0.00567197194323], [0.000511905644089, -0.00162425136659, -0.00040148498374, -0.00301603693515, -0.000533132697456, -0.000358520337613, 0.0020041000098, -0.00225943094119, 0.00257914094254, -0.00192823004909, 0.00314962374978, -0.00567197194323, 0.0152507079765]]
    },
    "melbands": {
        "mean": [0.00142294273246, 0.00111257610843, 0.000808697659522, 0.000801682239398, 0.000744953402318, 0.000444891978987, 0.000420604017563, 0.00039166060742, 0.00027770869201, 0.000178392190719, 0.000118277574074, 9.54671268119e-005, 7.96598978923e-005, 5.94560115132e-005, 4.38272982137e-005, 5.73426295887e-005, 4.13800189563e-005, 4.08621272072e-005, 3.91255380237e-005, 3.33413227054e-005, 3.28533315042e-005, 2.90983225568e-005, 2.10606049222e-005, 1.84191121662e-005, 1.54815479618e-005, 1.22223418657e-005, 1.19361002362e-005, 8.64155572344e-006, 1.01801851997e-005, 9.54109418672e-006, 9.36996548262e-006, 8.0784484453e-006, 6.83544612912e-006, 8.28342672321e-006, 9.18599107536e-006, 8.60045474838e-006, 7.66151242715e-006, 5.83664586884e-006, 2.67622112915e-006, 2.02595788323e-006],
        "var": [7.05134971213e-006, 3.38161567015e-006, 2.00395561478e-006, 1.74372371475e-006, 3.01881163978e-006, 7.9412541254e-007, 6.53657252769e-007, 6.42904694814e-007, 3.58274405698e-007, 1.5467841763e-007, 7.69795320821e-008, 4.39513421213e-008, 3.69224508745e-008, 1.36081679258e-008, 6.26889296029e-009, 9.24782739276e-009, 7.01456759344e-009, 6.00799143768e-009, 4.22940660272e-009, 3.1321623073e-009, 1.92241911279e-009, 1.71527436699e-009, 1.89899052039e-009, 8.82676542968e-010, 7.76779307543e-010, 3.9294145715e-010, 3.95208532566e-010, 2.53478599221e-010, 4.78660056036e-010, 5.05728237066e-010, 4.54998205779e-010, 2.47269510423e-010, 2.24824547868e-010, 4.19633078286e-010, 5.44851719297e-010, 6.04398420201e-010, 6.23082530016e-010, 3.95767696393e-010, 6.90317802921e-011, 4.05572832263e-011]
    },
    "mfcc": {
        "mean": [-619.024780273, 97.6890029907, 10.4547080994, 17.504283905, 3.1212348938, 5.04711294174, -10.5518608093, 6.77017784119, -3.08441925049, -0.303555071354, -2.73497653008, 0.789967477322, -1.24435901642],
        "cov": [[2064.48632813, -440.552703857, -269.262145996, 116.11025238, -79.600440979, 96.1065597534, -71.183013916, -112.456634521, -111.747131348, 7.85037326813, -16.1615772247, -85.522895813, -83.1744384766], [-440.552703857, 1085.94335938, -238.172485352, -74.4349212646, -52.4198532104, -172.509658813, -42.9613609314, 89.5628051758, 65.5272521973, -0.674888849258, 44.1472740173, -3.94160246849, 59.2769927979], [-269.262145996, -238.172485352, 674.151123047, -64.5371246338, 84.5709381104, -4.37289142609, -3.40048551559, 20.7896556854, -35.2146034241, -12.2342004776, -45.164680481, 19.7805118561, 26.1925182343], [116.11025238, -74.4349212646, -64.5371246338, 571.997619629, 113.320373535, 94.8622970581, 112.31337738, -70.2676239014, 34.8609809875, -53.8826751709, -62.0297164917, -19.4213066101, 10.3040046692], [-79.600440979, -52.4198532104, 84.5709381104, 113.320373535, 338.074951172, 138.801101685, 29.9165477753, -63.6601066589, 6.41234874725, 45.2311515808, -19.788143158, 11.6730556488, 0.797683119774], [96.1065597534, -172.509658813, -4.37289142609, 94.8622970581, 138.801101685, 284.896942139, 141.927124023, -45.6662216187, 11.565073967, 63.3494300842, 26.5340652466, 33.6298027039, -9.07808971405], [-71.183013916, -42.9613609314, -3.40048551559, 112.31337738, 29.9165477753, 141.927124023, 375.831970215, 31.9608364105, 59.9876747131, -1.51353466511, 18.6778736115, 55.1542739868, -11.4464797974], [-112.456634521, 89.5628051758, 20.7896556854, -70.2676239014, -63.6601066589, -45.6662216187, 31.9608364105, 222.649536133, 66.7277603149, 6.93222522736, 43.8580055237, 40.8635787964, 19.2294025421], [-111.747131348, 65.5272521973, -35.2146034241, 34.8609809875, 6.41234874725, 11.565073967, 59.9876747131, 66.7277603149, 158.941223145, 35.9374923706, 11.0648374557, 29.9016094208, -12.2065267563], [7.85037326813, -0.674888849258, -12.2342004776, -53.8826751709, 45.2311515808, 63.3494300842, -1.51353466511, 6.93222522736, 35.9374923706, 175.502716064, 70.7805557251, 36.8853607178, -4.26625823975], [-16.1615772247, 44.1472740173, -45.164680481, -62.0297164917, -19.788143158, 26.5340652466, 18.6778736115, 43.8580055237, 11.0648374557, 70.7805557251, 143.353546143, 49.9137878418, 20.2112007141], [-85.522895813, -3.94160246849, 19.7805118561, -19.4213066101, 11.6730556488, 33.6298027039, 55.1542739868, 40.8635787964, 29.9016094208, 36.8853607178, 49.9137878418, 112.990615845, 28.2827205658], [-83.1744384766, 59.2769927979, 26.1925182343, 10.3040046692, 0.797683119774, -9.07808971405, -11.4464797974, 19.2294025421, -12.2065267563, -4.26625823975, 20.2112007141, 28.2827205658, 115.307647705]],
        "icov": [[0.000661484838929, 0.000278800376691, 0.000321785744745, -0.00014884970733, 0.000236727893935, -0.00021065994224, 0.000166680532857, -5.20306639373e-005, 0.000424229743658, -0.000179095994099, 1.40792608363e-005, 0.000282179738861, 0.000247630436206], [0.000278800376691, 0.00138778635301, 0.000645835592877, 0.000119920594443, -0.000327570567606, 0.000896354089491, -0.000149171435623, -0.000226172443945, -0.000257662730291, -0.000117757976113, -0.000255907594692, 0.000478049769299, -0.000678031414282], [0.000321785744745, 0.000645835592877, 0.00207752059214, 0.000308670452796, -0.000656188814901, 0.000462735246401, -0.000141591226566, -0.000517710868735, 0.000592730182689, -0.000170308718225, 0.000801945163403, -0.000182099087397, -0.000525598821696], [-0.00014884970733, 0.000119920594443, 0.000308670452796, 0.002438362455, -0.000735418871045, -0.000210390688153, -0.000610743649304, 0.000612350762822, -0.000990385771729, 0.00088326697005, 0.000546180410311, 0.000430821499322, -0.000904821092263], [0.000236727893935, -0.000327570567606, -0.000656188814901, -0.000735418871045, 0.00460244808346, -0.00234391028062, 0.000692565226927, 0.000725404999685, -3.64141960745e-005, -0.000931122282054, 0.000922883453313, -0.000359544763342, 0.000173451931914], [-0.00021065994224, 0.000896354089491, 0.000462735246401, -0.000210390688153, -0.00234391028062, 0.00714956922457, -0.00242386758327, 0.000789130048361, 0.000265581184067, -0.0017050371971, -0.000850424694363, -0.000294847122859, -0.000305766996462], [0.000166680532857, -0.000149171435623, -0.000141591226566, -0.000610743649304, 0.000692565226927, -0.00242386758327, 0.00414531258866, -0.00049071846297, -0.000826065079309, 0.00112590391655, -0.000210080252145, -0.00144337641541, 0.000926436856389], [-5.20306639373e-005, -0.000226172443945, -0.000517710868735, 0.000612350762822, 0.000725404999685, 0.000789130048361, -0.00049071846297, 0.00660543469712, -0.0028163252864, 0.000818410073407, -0.00159288221039, -0.00095184968086, -0.000706733437255], [0.000424229743658, -0.000257662730291, 0.000592730182689, -0.000990385771729, -3.64141960745e-005, 0.000265581184067, -0.000826065079309, -0.0028163252864, 0.00937407743186, -0.0024627270177, 0.00153483496979, -0.00141592370346, 0.00178065150976], [-0.000179095994099, -0.000117757976113, -0.000170308718225, 0.00088326697005, -0.000931122282054, -0.0017050371971, 0.00112590391655, 0.000818410073407, -0.0024627270177, 0.00911354646087, -0.00394306331873, -0.000967546133325, 0.000743544776924], [1.40792608363e-005, -0.000255907594692, 0.000801945163403, 0.000546180410311, 0.000922883453313, -0.000850424694363, -0.000210080252145, -0.00159288221039, 0.00153483496979, -0.00394306331873, 0.0114068426192, -0.0030796949286, -0.00114523374941], [0.000282179738861, 0.000478049769299, -0.000182099087397, 0.000430821499322, -0.000359544763342, -0.000294847122859, -0.00144337641541, -0.00095184968086, -0.00141592370346, -0.000967546133325, -0.0030796949286, 0.0131405061111, -0.00291360472329], [0.000247630436206, -0.000678031414282, -0.000525598821696, -0.000904821092263, 0.000173451931914, -0.000305766996462, 0.000926436856389, -0.000706733437255, 0.00178065150976, 0.000743544776924, -0.00114523374941, -0.00291360472329, 0.0107158329338]]
    },
    "spectral_contrast_coeffs": {
        "mean": [-0.631643235683, -0.722578763962, -0.781294643879, -0.780163168907, -0.776408314705, -0.748370707035],
        "var": [0.0104290973395, 0.0080711375922, 0.00422171456739, 0.00244549009949, 0.0023045449052, 0.00282000796869]
    },
    "spectral_contrast_valleys": {
        "mean": [-7.34805727005, -6.63923501968, -7.17981815338, -7.50865602493, -7.4206609726, -9.5722951889],
        "var": [0.752012968063, 0.548449635506, 0.620046079159, 0.70132291317, 0.733804225922, 0.772188127041]
    }
},
"metadata": {
    "audio_properties": {
        "analysis_sample_rate": 44100,
        "bit_rate": 128074,
        "equal_loudness": 0,
        "length": 45.0612258911,
        "lossless": 0,
        "replay_gain": -6.46514892578,
        "sample_rate": 44100,
        "codec": "mp3",
        "downmix": "mix",
        "md5_encoded": "9948b696cac6bd0b756bbfd51a56a858"
    },
    "tags": {
        "file_name": "1522.mp3"
    },
    "version": {
        "essentia": "2.1-beta2",
        "essentia_git_sha": "v2.1_beta2",
        "extractor": "music 1.0"
    }
},
"rhythm": {
    "beats_count": 117,
    "beats_loudness": {
        "mean": 0.0375518910587,
        "var": 0.000190772174392
    },
    "bpm": 155.424072266,
    "bpm_histogram_first_peak_bpm": {
        "mean": 157,
        "var": 0
    },
    "bpm_histogram_first_peak_spread": {
        "mean": 0.309523791075,
        "var": 0
    },
    "bpm_histogram_first_peak_weight": {
        "mean": 0.5,
        "var": 0
    },
    "bpm_histogram_second_peak_bpm": {
        "mean": 152,
        "var": 0
    },
    "bpm_histogram_second_peak_spread": {
        "mean": 0.200000032783,
        "var": 0
    },
    "bpm_histogram_second_peak_weight": {
        "mean": 0.172413796186,
        "var": 0
    },
    "danceability": 2.03009343147,
    "onset_rate": 4.50295162201,
    "beats_loudness_band_ratio": {
        "mean": [0.39376860857, 0.172641962767, 0.177277162671, 0.0897336527705, 0.0884569212794, 0.128020420671],
        "var": [0.0793247595429, 0.0369586162269, 0.0453028194606, 0.0112513825297, 0.00605004653335, 0.0379135087132]
    },
    "beats_position": [0.348299324512, 0.719818592072, 1.09133780003, 1.46285712719, 1.86920630932, 2.26394557953, 2.67029476166, 3.04181408882, 3.40172338486, 3.78485250473, 4.19120168686, 4.55111122131, 4.92263031006, 5.30575942993, 5.70049858093, 6.08362817764, 6.45514726639, 6.83827638626, 7.22140598297, 7.60453510284, 7.99927425385, 8.39401340485, 8.80036258698, 9.14866161346, 9.50857162476, 9.86848068237, 10.2167797089, 10.5999088287, 10.9946479797, 11.3893871307, 11.7725172043, 12.1672563553, 12.5619955063, 12.9451246262, 13.328253746, 13.7113828659, 14.0945119858, 14.4776411057, 14.8607711792, 15.2555103302, 15.6270294189, 16.0101585388, 16.3932876587, 16.7648067474, 17.1479358673, 17.5310649872, 17.9258041382, 18.3089332581, 18.6804523468, 19.0635814667, 19.4467124939, 19.8298416138, 20.2013607025, 20.5844898224, 20.9676189423, 21.3507480621, 21.733877182, 22.1053962708, 22.5001354218, 22.8832645416, 23.2780036926, 23.6843528748, 24.0790920258, 24.4506111145, 24.8221302032, 25.1936511993, 25.5651702881, 25.9599094391, 26.3546485901, 26.73777771, 27.1209068298, 27.5040359497, 27.8871650696, 28.2586841583, 28.6302032471, 29.0017223358, 29.3848514557, 29.7679805756, 30.1511096954, 30.5342407227, 30.9173698425, 31.3004989624, 31.6836280823, 32.0667572021, 32.449886322, 32.8330154419, 33.2161445618, 33.5876655579, 33.9707946777, 34.3539237976, 34.7370529175, 35.1085700989, 35.4916992188, 35.8748283386, 36.2579574585, 36.6526985168, 37.0358276367, 37.4189567566, 37.8020858765, 38.1736030579, 38.545124054, 38.91664505, 39.2881622314, 39.6829032898, 40.0776405334, 40.4607696533, 40.8438987732, 41.2270278931, 41.6101570129, 41.981678009, 42.3531951904, 42.713104248, 43.1078453064, 43.4909744263, 43.8857116699, 44.2688446045, 44.6519737244]
},
"tonal": {
    "chords_changes_rate": 0.136831268668,
    "chords_number_rate": 0.0113168722019,
    "chords_strength": {
        "mean": 0.462361931801,
        "var": 0.00967521127313
    },
    "hpcp_entropy": {
        "mean": 2.39673948288,
        "var": 0.729514718056
    },
    "key_strength": 0.650710999966,
    "tuning_diatonic_strength": 0.504585981369,
    "tuning_equal_tempered_deviation": 0.301562070847,
    "tuning_frequency": 452.37008667,
    "tuning_nontempered_energy_ratio": 0.935009777546,
    "hpcp": {
        "mean": [0.126064196229, 0.172006294131, 0.204582646489, 0.160755395889, 0.129296660423, 0.14133054018, 0.154312968254, 0.161570891738, 0.15392036736, 0.139491260052, 0.161923497915, 0.18029999733, 0.136177375913, 0.102253802121, 0.110257677734, 0.116953574121, 0.12408927083, 0.121817573905, 0.099384367466, 0.0810054391623, 0.0840194970369, 0.113580666482, 0.171650007367, 0.198389366269, 0.189450144768, 0.184621930122, 0.162963673472, 0.128413453698, 0.113233141601, 0.120773471892, 0.143472537398, 0.189155191183, 0.221224948764, 0.204310715199, 0.161094009876, 0.130387499928],
        "var": [0.043908175081, 0.0578560493886, 0.0790416374803, 0.0540490709245, 0.0493510253727, 0.0566900297999, 0.0590225607157, 0.0543235465884, 0.0502135381103, 0.0465115942061, 0.05199932307, 0.0660392418504, 0.042614441365, 0.0336431860924, 0.034984704107, 0.0424814969301, 0.0381587445736, 0.037816811353, 0.0302147641778, 0.0253178179264, 0.025029502809, 0.0404178164899, 0.0594292469323, 0.071760751307, 0.0716484561563, 0.0766524299979, 0.059730309993, 0.044227309525, 0.04115216434, 0.0435760058463, 0.0476876236498, 0.0664924383163, 0.0862129554152, 0.0850174129009, 0.0673569962382, 0.0489113293588]
    },
    "chords_histogram": [13.9917697906, 12.3456792831, 6.58436203003, 1.74897122383, 0.823045253754, 0, 8.02469158173, 0.102880656719, 1.95473253727, 0.205761313438, 0, 0, 0, 0, 0.308641970158, 1.54320991039, 0.308641970158, 0, 0, 0.823045253754, 5.55555534363, 3.70370364189, 6.79012346268, 35.1851844788],
    "thpcp": [1, 0.92354285717, 0.7281909585, 0.589388787746, 0.569846212864, 0.777517616749, 0.924772024155, 0.726660311222, 0.584457874298, 0.638854444027, 0.697538733482, 0.730346620083, 0.695764064789, 0.630540370941, 0.731940507889, 0.815007507801, 0.615560650826, 0.462216407061, 0.498396217823, 0.528663575649, 0.560918986797, 0.550650238991, 0.449245750904, 0.366167724133, 0.379792153835, 0.513417065144, 0.775907099247, 0.896776616573, 0.856368780136, 0.834543883801, 0.736642360687, 0.580465495586, 0.511846184731, 0.545930624008, 0.648536860943, 0.855035543442],
    "chords_key": "A",
    "chords_scale": "minor",
    "key_key": "C",
    "key_scale": "major"
}
}