{
"lowlevel": {
    "average_loudness": 0.98512250185,
    "barkbands_crest": {
        "mean": 14.6285209656,
        "var": 14.3949975967
    },
    "barkbands_flatness_db": {
        "mean": 0.258723199368,
        "var": 0.00743270339444
    },
    "barkbands_kurtosis": {
        "mean": 26.8313236237,
        "var": 551.022033691
    },
    "barkbands_skewness": {
        "mean": 4.14879369736,
        "var": 2.35374879837
    },
    "barkbands_spread": {
        "mean": 8.70720005035,
        "var": 68.0794219971
    },
    "dissonance": {
        "mean": 0.454112648964,
        "var": 0.000724688987248
    },
    "dynamic_complexity": 1.32013046741,
    "erbbands_crest": {
        "mean": 8.28990936279,
        "var": 14.4811401367
    },
    "erbbands_flatness_db": {
        "mean": 0.169813707471,
        "var": 0.00311292870902
    },
    "erbbands_kurtosis": {
        "mean": -0.221048548818,
        "var": 2.46392989159
    },
    "erbbands_skewness": {
        "mean": 0.613086998463,
        "var": 0.412937223911
    },
    "erbbands_spread": {
        "mean": 53.9540596008,
        "var": 411.298492432
    },
    "hfc": {
        "mean": 18.9659042358,
        "var": 115.93196106
    },
    "melbands_crest": {
        "mean": 21.4875240326,
        "var": 25.2601299286
    },
    "melbands_flatness_db": {
        "mean": 0.354933768511,
        "var": 0.00950457248837
    },
    "melbands_kurtosis": {
        "mean": 70.1929931641,
        "var": 3024.65087891
    },
    "melbands_skewness": {
        "mean": 6.19823312759,
        "var": 4.43269824982
    },
    "melbands_spread": {
        "mean": 5.6527132988,
        "var": 38.3602180481
    },
    "pitch_salience": {
        "mean": 0.39286595583,
        "var": 0.0184325370938
    },
    "silence_rate_20dB": {
        "mean": 1,
        "var": 0
    },
    "silence_rate_30dB": {
        "mean": 0.554582893848,
        "var": 0.247018069029
    },
    "silence_rate_60dB": {
        "mean": 0.00154479919001,
        "var": 0.00154241069686
    },
    "spectral_centroid": {
        "mean": 677.966186523,
        "var": 159366.421875
    },
    "spectral_complexity": {
        "mean": 13.9804325104,
        "var": 45.8593101501
    },
    "spectral_decrease": {
        "mean": -2.44490863111e-008,
        "var": 1.38752083278e-016
    },
    "spectral_energy": {
        "mean": 0.0939967110753,
        "var": 0.00201890314929
    },
    "spectral_energyband_high": {
        "mean": 0.000548780953977,
        "var": 6.50365109323e-007
    },
    "spectral_energyband_low": {
        "mean": 0.0761777609587,
        "var": 0.00187304860447
    },
    "spectral_energyband_middle_high": {
        "mean": 0.00208746315911,
        "var": 2.86671911454e-006
    },
    "spectral_energyband_middle_low": {
        "mean": 0.0164147075266,
        "var": 0.000152176959091
    },
    "spectral_entropy": {
        "mean": 7.00671005249,
        "var": 0.439362704754
    },
    "spectral_flux": {
        "mean": 0.104215353727,
        "var": 0.00441470276564
    },
    "spectral_kurtosis": {
        "mean": 6.80312538147,
        "var": 48.3222579956
    },
    "spectral_rms": {
        "mean": 0.00925397593528,
        "var": 6.06798448644e-006
    },
    "spectral_rolloff": {
        "mean": 270.261444092,
        "var": 263313.875
    },
    "spectral_skewness": {
        "mean": 1.75681364536,
        "var": 0.466275781393
    },
    "spectral_spread": {
        "mean": 4253254.5,
        "var": 5.51741974118e+012
    },
    "spectral_strongpeak": {
        "mean": 0.855476975441,
        "var": 0.190709367394
    },
    "zerocrossingrate": {
        "mean": 0.0229424294084,
        "var": 0.000520015892107
    },
    "barkbands": {
        "mean": [0.00115402473602, 0.0516914725304, 0.0221192892641, 0.00484541105106, 0.00558482669294, 0.00314073148184, 0.00164619949646, 0.000849390635267, 0.000318319944199, 0.00012954948761, 5.60295920877e-005, 0.00032737836591, 0.000406352628488, 7.43395212339e-005, 0.000311726296786, 8.92889074748e-005, 0.000208662750083, 0.000306990114041, 0.000139643962029, 0.000110738641524, 9.46094514802e-005, 6.24884996796e-005, 8.70889998623e-005, 0.000130657106638, 0.000100669756648, 1.03183438114e-005, 6.03027160651e-007],
        "var": [3.93815207644e-006, 0.00105283327866, 0.000390124536352, 2.72612669505e-005, 1.83570336958e-005, 4.22688499384e-005, 2.4870080324e-006, 8.26868586046e-007, 1.4675775617e-007, 1.06189084192e-007, 1.64183102669e-008, 1.99750104457e-007, 5.29210183231e-007, 1.7038722433e-008, 1.40436796414e-007, 5.16735561007e-008, 6.05222751915e-008, 1.20752417843e-007, 2.33072103839e-008, 3.08180929665e-008, 1.70599161464e-008, 9.4678584972e-009, 2.08206927255e-008, 4.71801406832e-008, 3.63151180238e-008, 4.19947771002e-010, 1.67906845112e-012]
    },
    "erbbands": {
        "mean": [0.755633234978, 13.5944519043, 35.0509986877, 12.3938426971, 25.6524620056, 12.6959819794, 22.8000659943, 21.5118427277, 16.562669754, 26.2408294678, 19.4673690796, 9.45729446411, 3.22514271736, 4.10111713409, 3.20673489571, 17.7951278687, 22.215795517, 6.17361831665, 16.2852706909, 7.06098127365, 6.27255916595, 10.3644866943, 15.237704277, 10.6926307678, 6.36168766022, 5.38819217682, 4.40261030197, 3.21056866646, 2.45210361481, 2.18057012558, 2.61762905121, 2.63590049744, 2.18491840363, 1.54650485516, 0.464083373547, 0.0816543400288, 0.0139057021588, 0.00249913195148, 0.000113903450256, 0.000106939063699],
        "var": [0.712119042873, 74.5508728027, 715.582824707, 69.499710083, 378.709564209, 159.337677002, 1630.47741699, 1845.96142578, 265.270019531, 673.592956543, 405.483764648, 107.358100891, 21.9168663025, 146.206314087, 36.8809509277, 520.458984375, 1572.07543945, 46.6476783752, 467.386535645, 48.8016891479, 190.99911499, 167.119934082, 252.765319824, 118.762359619, 56.16614151, 64.2716903687, 39.1817207336, 20.4865779877, 14.5825786591, 12.7748498917, 19.599937439, 19.244348526, 13.8359689713, 8.73583698273, 0.76186388731, 0.0258753057569, 0.000765644770581, 2.40673634835e-005, 2.24091607492e-008, 2.5279500715e-009]
    },
    "gfcc": {
        "mean": [-15.2520389557, 143.420410156, -91.9378356934, 60.4272537231, -31.0291347504, 4.0660443306, -30.2023010254, 3.97835588455, -8.7834815979, 2.08952689171, 1.11773526669, -12.2208328247, -16.0374279022],
        "cov": [[4657.11181641, -2466.16503906, 499.289306641, 237.373535156, -1254.171875, 962.510131836, -783.866943359, 560.164245605, -477.585388184, 283.417022705, -112.408927917, 230.298675537, 4.43649864197], [-2466.16503906, 2443.81933594, -609.523376465, -293.270111084, 1061.67858887, -817.941772461, 648.333679199, -520.190246582, 429.85244751, -266.67288208, 170.495803833, -162.050552368, 2.20857977867], [499.289306641, -609.523376465, 505.223266602, 112.413696289, -208.933959961, 241.672683716, -153.531051636, 169.04258728, -70.2785339355, 66.1453857422, -89.0682983398, 36.9966506958, 49.8673553467], [237.373535156, -293.270111084, 112.413696289, 161.343841553, -100.852012634, 68.2830429077, -49.3669052124, 44.367603302, -31.8570270538, 19.6395988464, -16.9343070984, 3.53060531616, 5.11131763458], [-1254.171875, 1061.67858887, -208.933959961, -100.852012634, 621.098937988, -350.837860107, 325.951690674, -225.052749634, 203.47984314, -75.3645172119, 57.4219474792, -103.526054382, -33.7078475952], [962.510131836, -817.941772461, 241.672683716, 68.2830429077, -350.837860107, 375.572875977, -219.316543579, 177.165863037, -153.976318359, 95.2615814209, -22.3697280884, 54.269241333, 7.62407302856], [-783.866943359, 648.333679199, -153.531051636, -49.3669052124, 325.951690674, -219.316543579, 259.82800293, -137.324447632, 116.052604675, -67.7881774902, 46.9809494019, -38.7879905701, -2.58247566223], [560.164245605, -520.190246582, 169.04258728, 44.367603302, -225.052749634, 177.165863037, -137.324447632, 167.279403687, -68.6364212036, 58.5661392212, -47.7496528625, 30.5804462433, 6.12476301193], [-477.585388184, 429.85244751, -70.2785339355, -31.8570270538, 203.47984314, -153.976318359, 116.052604675, -68.6364212036, 135.079452515, -33.0733070374, 19.6893997192, -41.5638198853, 3.27062392235], [283.417022705, -266.67288208, 66.1453857422, 19.6395988464, -75.3645172119, 95.2615814209, -67.7881774902, 58.5661392212, -33.0733070374, 91.3169937134, -3.25077581406, 4.17720174789, -23.937789917], [-112.408927917, 170.495803833, -89.0682983398, -16.9343070984, 57.4219474792, -22.3697280884, 46.9809494019, -47.7496528625, 19.6893997192, -3.25077581406, 101.931518555, 9.95837783813, -11.0838775635], [230.298675537, -162.050552368, 36.9966506958, 3.53060531616, -103.526054382, 54.269241333, -38.7879905701, 30.5804462433, -41.5638198853, 4.17720174789, 9.95837783813, 71.8992385864, 30.9529056549], [4.43649864197, 2.20857977867, 49.8673553467, 5.11131763458, -33.7078475952, 7.62407302856, -2.58247566223, 6.12476301193, 3.27062392235, -23.937789917, -11.0838775635, 30.9529056549, 68.0390396118]],
        "icov": [[0.000894614786375, -0.00214445032179, 0.000743765383959, -0.00217931275256, 0.00117803097237, -0.00279721943662, 0.00151015073061, -0.00191050546709, 0.000873010372743, -0.00186798884533, 0.00225385115482, -0.00301096937619, 0.00179400003981], [-0.00214445032179, 0.0205286759883, -0.00299169588834, 0.0172786507756, -0.00909786485136, 0.0172170512378, -0.00784211419523, 0.0149323986843, -0.0104524288327, 0.0155727351084, -0.0175919551402, 0.0181794743985, -0.012865097262], [0.000743765383959, -0.00299169588834, 0.00563935143873, -0.00505340844393, -0.000655350682791, -0.00604239339009, 0.00260265031829, -0.00479564024135, 0.000276489212411, -0.00292929634452, 0.0057628126815, -0.00488206045702, -0.000706191000063], [-0.00217931275256, 0.0172786507756, -0.00505340844393, 0.0230417884886, -0.00522225396708, 0.0160686336458, -0.00847188849002, 0.0136346938089, -0.00793496146798, 0.0126695586368, -0.0162219777703, 0.0189521219581, -0.0108082909137], [0.00117803097237, -0.00909786485136, -0.000655350682791, -0.00522225396708, 0.0136859212071, -0.00603072298691, -0.0029484659899, -0.00167044147383, 0.00107968074735, -0.0091917635873, 0.00736780511215, -0.00369049375877, 0.00817901268601], [-0.00279721943662, 0.0172170512378, -0.00604239339009, 0.0160686336458, -0.00603072298691, 0.0280099771917, -0.00643530255184, 0.00858665723354, -0.000928790483158, 0.00976517703384, -0.0209984704852, 0.0208475068212, -0.0137231945992], [0.00151015073061, -0.00784211419523, 0.00260265031829, -0.00847188849002, -0.0029484659899, -0.00643530255184, 0.0180770065635, -0.00652076723054, 0.00295275403187, -0.00294030481018, 0.00535811530426, -0.0109198251739, 0.00408267090097], [-0.00191050546709, 0.0149323986843, -0.00479564024135, 0.0136346938089, -0.00167044147383, 0.00858665723354, -0.00652076723054, 0.031197430566, -0.0131545700133, 0.00784949958324, -0.00749874906614, 0.0113307926804, -0.00569747202098], [0.000873010372743, -0.0104524288327, 0.000276489212411, -0.00793496146798, 0.00107968074735, -0.000928790483158, 0.00295275403187, -0.0131545700133, 0.0272591933608, -0.00962373614311, 0.00331964413635, -0.000175778128323, -0.00146443885751], [-0.00186798884533, 0.0155727351084, -0.00292929634452, 0.0126695586368, -0.0091917635873, 0.00976517703384, -0.00294030481018, 0.00784949958324, -0.00962373614311, 0.0315860621631, -0.0147087853402, 0.0118860285729, -0.00188280281145], [0.00225385115482, -0.0175919551402, 0.0057628126815, -0.0162219777703, 0.00736780511215, -0.0209984704852, 0.00535811530426, -0.00749874906614, 0.00331964413635, -0.0147087853402, 0.032335691154, -0.0249047148973, 0.0155635718256], [-0.00301096937619, 0.0181794743985, -0.00488206045702, 0.0189521219581, -0.00369049375877, 0.0208475068212, -0.0109198251739, 0.0113307926804, -0.000175778128323, 0.0118860285729, -0.0249047148973, 0.0480017736554, -0.025542434305], [0.00179400003981, -0.012865097262, -0.000706191000063, -0.0108082909137, 0.00817901268601, -0.0137231945992, 0.00408267090097, -0.00569747202098, -0.00146443885751, -0.00188280281145, 0.0155635718256, -0.025542434305, 0.0361485779285]]
    },
    "melbands": {
        "mean": [0.0103627545759, 0.0193057619035, 0.00296604842879, 0.00140176119749, 0.000710279797204, 0.000506116775796, 0.000284092733636, 0.000255780963926, 0.000151338696014, 4.70040176879e-005, 1.43370989463e-005, 1.70341481862e-005, 7.97108623374e-006, 3.32168128807e-005, 4.54810724477e-005, 3.78876720788e-005, 8.26736777526e-006, 2.27950240514e-005, 1.7649415895e-005, 6.06409594184e-006, 8.06229036243e-006, 9.83535119303e-006, 1.37422284752e-005, 1.67676098499e-005, 7.44654744267e-006, 5.69123540117e-006, 3.31131741405e-006, 3.65307323591e-006, 2.86226486423e-006, 2.36087316807e-006, 1.64788298207e-006, 1.43370073147e-006, 1.07918594949e-006, 1.27780435832e-006, 1.53095243149e-006, 1.50701589519e-006, 1.60586796483e-006, 1.50912046593e-006, 1.58257694238e-006, 1.19454455216e-006],
        "var": [5.60775370104e-005, 0.000159090181114, 3.40795691045e-006, 1.23866527701e-006, 1.30771957174e-006, 1.07009725525e-006, 7.50287441065e-008, 6.30208703001e-008, 2.45384654818e-008, 3.27502469588e-009, 5.44941203273e-010, 2.67845323698e-009, 3.67441660432e-010, 2.05713046597e-009, 3.21126436553e-009, 3.84607945492e-009, 1.9012404151e-010, 9.48159550873e-010, 3.42230604966e-010, 1.07812078709e-010, 3.40272754418e-010, 1.74609215975e-010, 5.14302544996e-010, 5.16641063264e-010, 6.17758066923e-011, 4.77312217528e-011, 2.22814908885e-011, 3.80643398745e-011, 2.12710717096e-011, 1.06649159989e-011, 5.85305241774e-012, 5.15963747422e-012, 3.10407754188e-012, 4.53332423683e-012, 7.20330912973e-012, 6.076501715e-012, 7.57892359982e-012, 6.57093693693e-012, 8.96375855486e-012, 5.33154683596e-012]
    },
    "mfcc": {
        "mean": [-663.97265625, 159.1512146, 16.6442108154, 59.3578834534, 26.3127040863, 10.0552358627, 3.39497518539, 1.66897952557, -4.1824259758, 6.27017211914, 13.8452911377, 13.5467205048, -0.141214326024],
        "cov": [[4277.33105469, -2574.58813477, 1147.30883789, -885.02923584, -139.754165649, -157.031600952, 47.3413276672, -33.9361763, -158.064743042, 22.4097328186, -174.217163086, 3.00205516815, -29.827091217], [-2574.58813477, 2570.04882813, -1158.96044922, 631.514648438, 73.1286849976, 165.619995117, -68.3748016357, 48.6416168213, 60.0341949463, -32.05128479, 129.973052979, 4.77291822433, 23.3310337067], [1147.30883789, -1158.96044922, 790.607666016, -305.644287109, 26.8280544281, -85.7870025635, 34.467048645, 10.4766559601, 39.9727859497, 27.4657688141, -119.251930237, -42.6698303223, 29.8158187866], [-885.02923584, 631.514648438, -305.644287109, 351.565612793, 29.9590320587, 54.9210929871, -19.1201248169, 7.2351937294, 35.9735374451, -8.01956176758, 60.5240859985, 4.37437915802, 15.2400522232], [-139.754165649, 73.1286849976, 26.8280544281, 29.9590320587, 99.0189666748, 18.8485927582, 4.87902259827, -6.20756816864, 35.6955451965, 26.7038936615, 18.4061336517, -4.64940834045, 5.10565519333], [-157.031600952, 165.619995117, -85.7870025635, 54.9210929871, 18.8485927582, 100.813690186, 33.7349052429, -2.24708676338, -18.6305770874, 8.17475223541, 30.0583209991, 4.33413219452, -2.01594734192], [47.3413276672, -68.3748016357, 34.467048645, -19.1201248169, 4.87902259827, 33.7349052429, 81.6987915039, 6.63704967499, -10.4257297516, -0.830746412277, 17.6444358826, 14.9075250626, -0.475584387779], [-33.9361763, 48.6416168213, 10.4766559601, 7.2351937294, -6.20756816864, -2.24708676338, 6.63704967499, 60.2960777283, 18.3692932129, -8.54405975342, -31.7786197662, -6.24850702286, 10.6289548874], [-158.064743042, 60.0341949463, 39.9727859497, 35.9735374451, 35.6955451965, -18.6305770874, -10.4257297516, 18.3692932129, 103.21546936, 22.8879261017, -25.7778091431, -34.7389907837, 14.2857370377], [22.4097328186, -32.05128479, 27.4657688141, -8.01956176758, 26.7038936615, 8.17475223541, -0.830746412277, -8.54405975342, 22.8879261017, 59.8871116638, 21.9399223328, -7.76897192001, -6.68565416336], [-174.217163086, 129.973052979, -119.251930237, 60.5240859985, 18.4061336517, 30.0583209991, 17.6444358826, -31.7786197662, -25.7778091431, 21.9399223328, 115.281349182, 44.8135566711, -16.463394165], [3.00205516815, 4.77291822433, -42.6698303223, 4.37437915802, -4.64940834045, 4.33413219452, 14.9075250626, -6.24850702286, -34.7389907837, -7.76897192001, 44.8135566711, 65.3274002075, 3.71368312836], [-29.827091217, 23.3310337067, 29.8158187866, 15.2400522232, 5.10565519333, -2.01594734192, -0.475584387779, 10.6289548874, 14.2857370377, -6.68565416336, -16.463394165, 3.71368312836, 50.7938842773]],
        "icov": [[0.000784490141086, 0.000554041936994, -2.04035695788e-005, 0.000940042489674, 0.000288265116978, -0.000319257786032, 0.00042729076813, -0.000278476654785, 0.000611330906395, -0.00027421451523, 9.77800154942e-005, 2.64645427706e-006, -0.000219793670112], [0.000554041936994, 0.00235478929244, 0.00271038594656, -3.7679074012e-005, -0.00155211391393, -0.000876282691024, 0.000839986314531, -0.00176197325345, -0.0002166723134, 0.000401336175855, 2.75688234979e-005, 0.00117883144412, -0.00180164061021], [-2.04035695788e-005, 0.00271038594656, 0.00646030018106, 0.000767269928474, -0.0037649392616, 0.000825939816423, -0.00119322689716, -0.00156025134493, -0.000906952365767, -0.000546580587979, 0.00181255070493, 0.00220500607975, -0.00394336599857], [0.000940042489674, -3.7679074012e-005, 0.000767269928474, 0.00732737546787, 9.52828559093e-005, -0.00223836698569, 0.00206476938911, -0.00100608938374, -0.00209540058859, 0.00229026121087, -0.00324709061533, 0.00106786889955, -0.00218785041943], [0.000288265116978, -0.00155211391393, -0.0037649392616, 9.52828559093e-005, 0.0161790587008, -0.00322235166095, 0.000535474624485, 0.00293372571468, -0.00461739115417, -0.00315163820051, -0.00219525909051, -0.00222482648678, 0.00103550963104], [-0.000319257786032, -0.000876282691024, 0.000825939816423, -0.00223836698569, -0.00322235166095, 0.0174779184163, -0.00850299559534, 0.000152112566866, 0.00644563930109, -0.0042556100525, 0.000305009773001, 0.0041183559224, -0.00126728101168], [0.00042729076813, 0.000839986314531, -0.00119322689716, 0.00206476938911, 0.000535474624485, -0.00850299559534, 0.0187884103507, -0.00446665100753, -0.00207740045153, 0.0039254212752, -0.00478097097948, -0.00249196705408, 0.000398813223001], [-0.000278476654785, -0.00176197325345, -0.00156025134493, -0.00100608938374, 0.00293372571468, 0.000152112566866, -0.00446665100753, 0.0240302830935, -0.00375890056603, -0.000618644815404, 0.00876668002456, -0.00542080076411, 0.000717913091648], [0.000611330906395, -0.0002166723134, -0.000906952365767, -0.00209540058859, -0.00461739115417, 0.00644563930109, -0.00207740045153, -0.00375890056603, 0.0202646572143, -0.00759914796799, 0.00228962721303, 0.00738841062412, -0.00339105771855], [-0.00027421451523, 0.000401336175855, -0.000546580587979, 0.00229026121087, -0.00315163820051, -0.0042556100525, 0.0039254212752, -0.000618644815404, -0.00759914796799, 0.0269466992468, -0.0101874256507, 0.00463448092341, 0.0016456724843], [9.77800154942e-005, 2.75688234979e-005, 0.00181255070493, -0.00324709061533, -0.00219525909051, 0.000305009773001, -0.00478097097948, 0.00876668002456, 0.00228962721303, -0.0101874256507, 0.024380531162, -0.0138686308637, 0.00523993233219], [2.64645427706e-006, 0.00117883144412, 0.00220500607975, 0.00106786889955, -0.00222482648678, 0.0041183559224, -0.00249196705408, -0.00542080076411, 0.00738841062412, 0.00463448092341, -0.0138686308637, 0.0307062491775, -0.00886467657983], [-0.000219793670112, -0.00180164061021, -0.00394336599857, -0.00218785041943, 0.00103550963104, -0.00126728101168, 0.000398813223001, 0.000717913091648, -0.00339105771855, 0.0016456724843, 0.00523993233219, -0.00886467657983, 0.0265730228275]]
    },
    "spectral_contrast_coeffs": {
        "mean": [-0.601208209991, -0.723781228065, -0.775372922421, -0.745916426182, -0.777659833431, -0.760748744011],
        "var": [0.00461472291499, 0.00338928517886, 0.00335223088041, 0.00260087056085, 0.00134810002055, 0.00200656964444]
    },
    "spectral_contrast_valleys": {
        "mean": [-6.32794189453, -6.47526597977, -8.06550788879, -8.32555198669, -7.8738360405, -10.8440361023],
        "var": [0.468005627394, 0.564243197441, 0.68112629652, 0.708271086216, 0.824515342712, 2.75639390945]
    }
},
"metadata": {
    "audio_properties": {
        "analysis_sample_rate": 44100,
        "bit_rate": 128074,
        "equal_loudness": 0,
        "length": 45.0612258911,
        "lossless": 0,
        "replay_gain": -5.78846168518,
        "sample_rate": 44100,
        "codec": "mp3",
        "downmix": "mix",
        "md5_encoded": "a97af0eafe94d913ade26cbfd47d006b"
    },
    "tags": {
        "file_name": "1524.mp3"
    },
    "version": {
        "essentia": "2.1-beta2",
        "essentia_git_sha": "v2.1_beta2",
        "extractor": "music 1.0"
    }
},
"rhythm": {
    "beats_count": 65,
    "beats_loudness": {
        "mean": 0.128465265036,
        "var": 0.0013756477274
    },
    "bpm": 87.1605987549,
    "bpm_histogram_first_peak_bpm": {
        "mean": 88,
        "var": 0
    },
    "bpm_histogram_first_peak_spread": {
        "mean": 0.428571432829,
        "var": 0
    },
    "bpm_histogram_first_peak_weight": {
        "mean": 0.5625,
        "var": 0
    },
    "bpm_histogram_second_peak_bpm": {
        "mean": 94,
        "var": 0
    },
    "bpm_histogram_second_peak_spread": {
        "mean": 0,
        "var": 0
    },
    "bpm_histogram_second_peak_weight": {
        "mean": 0.015625,
        "var": 0
    },
    "danceability": 1.76956486702,
    "onset_rate": 4.21458530426,
    "beats_loudness_band_ratio": {
        "mean": [0.838709414005, 0.115934640169, 0.0376667976379, 0.00817034393549, 0.0175740793347, 0.00992081314325],
        "var": [0.012298562564, 0.00676045427099, 0.000417922768975, 3.94201524614e-005, 0.000199611808057, 0.000126032537082]
    },
    "beats_position": [0.615328788757, 1.25387752056, 1.90403628349, 2.56580495834, 3.25079369545, 3.93578219414, 4.62077093124, 5.31736946106, 6.01396799088, 6.6989569664, 7.38394546509, 8.06893444061, 8.75392246246, 9.45052146912, 10.1355104446, 10.8204984665, 11.5170974731, 12.2136955261, 12.9102945328, 13.5952835083, 14.2802715302, 14.9768705368, 15.6734695435, 16.3584575653, 17.0434455872, 17.7284355164, 18.4134235382, 19.1100215912, 19.7950115204, 20.4799995422, 21.1765975952, 21.8615875244, 22.5465755463, 23.2431735992, 23.9397735596, 24.6247615814, 25.3097496033, 25.9947395325, 26.6797275543, 27.3763256073, 28.0729255676, 28.7579135895, 29.4545116425, 30.1394996643, 30.8360996246, 31.5210876465, 32.2060775757, 32.9026756287, 33.5992736816, 34.2842636108, 34.9692497253, 35.6658477783, 36.362449646, 37.0358276367, 37.7324256897, 38.4174156189, 39.1024017334, 39.7873916626, 40.4723815918, 41.1689796448, 41.8655776978, 42.550567627, 43.2355537415, 43.9321517944, 44.6287536621]
},
"tonal": {
    "chords_changes_rate": 0.116255141795,
    "chords_number_rate": 0.00720164598897,
    "chords_strength": {
        "mean": 0.410755306482,
        "var": 0.00573496799916
    },
    "hpcp_entropy": {
        "mean": 1.81976735592,
        "var": 0.279971212149
    },
    "key_strength": 0.448843717575,
    "tuning_diatonic_strength": 0.4926469028,
    "tuning_equal_tempered_deviation": 0.171658113599,
    "tuning_frequency": 439.238189697,
    "tuning_nontempered_energy_ratio": 0.892598688602,
    "hpcp": {
        "mean": [0.0443508885801, 0.0434444099665, 0.0337550602853, 0.0314884595573, 0.0264664869756, 0.024268174544, 0.0280364193022, 0.0261818356812, 0.0217465218157, 0.0188798140734, 0.0152938263491, 0.0149807389826, 0.0170851387084, 0.019324593246, 0.0280922111124, 0.0427254848182, 0.0432495847344, 0.0283642411232, 0.023634666577, 0.0373844392598, 0.0719879865646, 0.166581124067, 0.201768949628, 0.293801367283, 0.348487824202, 0.161893606186, 0.061977211386, 0.121287941933, 0.123600892723, 0.199584752321, 0.322356104851, 0.194492518902, 0.0544731989503, 0.0464659817517, 0.0419506840408, 0.0371635109186],
        "var": [0.0147067923099, 0.0156615618616, 0.011596637778, 0.0117073738948, 0.00935272406787, 0.00983744487166, 0.00694549828768, 0.00690312171355, 0.00836555846035, 0.00751310260966, 0.0040281675756, 0.00394181860611, 0.00592904677615, 0.00799506437033, 0.0126183945686, 0.013142622076, 0.0102487513795, 0.00765614956617, 0.00863882526755, 0.0194983147085, 0.0284494757652, 0.102404072881, 0.0934629365802, 0.109715558589, 0.186617314816, 0.0618332847953, 0.0207311306149, 0.0907397344708, 0.0738114565611, 0.0717983543873, 0.190351247787, 0.0799479186535, 0.0248692780733, 0.0274204071611, 0.0219298377633, 0.0156819131225]
    },
    "chords_histogram": [0, 0, 2.26337456703, 2.26337456703, 17.7983531952, 8.64197540283, 18.6213989258, 0, 0, 0, 0, 0, 0, 0, 0, 0, 0, 0, 0, 0, 0, 4.32098770142, 0, 46.0905342102],
    "thpcp": [1, 0.464560300112, 0.177846133709, 0.348040699959, 0.354677796364, 0.572716593742, 0.925013959408, 0.558104217052, 0.156313061714, 0.133336022496, 0.120379194617, 0.106642208993, 0.127266675234, 0.124665506184, 0.0968615189195, 0.0903574153781, 0.0759466588497, 0.0696385130286, 0.0804516449571, 0.0751298442483, 0.0624025315046, 0.0541763938963, 0.0438862591982, 0.0429878421128, 0.0490265004337, 0.0554527081549, 0.0806117430329, 0.122602514923, 0.124106444418, 0.0813923478127, 0.0678206384182, 0.107276171446, 0.206572458148, 0.478011310101, 0.578984200954, 0.843074977398],
    "chords_key": "D",
    "chords_scale": "minor",
    "key_key": "F",
    "key_scale": "major"
}
}