{
"lowlevel": {
    "average_loudness": 0.943532466888,
    "barkbands_crest": {
        "mean": 14.8964481354,
        "var": 21.4005584717
    },
    "barkbands_flatness_db": {
        "mean": 0.196087062359,
        "var": 0.00652114953846
    },
    "barkbands_kurtosis": {
        "mean": 28.5908069611,
        "var": 898.296264648
    },
    "barkbands_skewness": {
        "mean": 4.00751447678,
        "var": 4.2903342247
    },
    "barkbands_spread": {
        "mean": 13.6437292099,
        "var": 216.743560791
    },
    "dissonance": {
        "mean": 0.464595139027,
        "var": 0.000388702610508
    },
    "dynamic_complexity": 2.10974550247,
    "erbbands_crest": {
        "mean": 9.5090303421,
        "var": 19.0885314941
    },
    "erbbands_flatness_db": {
        "mean": 0.133566528559,
        "var": 0.00192812015302
    },
    "erbbands_kurtosis": {
        "mean": 1.38839280605,
        "var": 18.8062591553
    },
    "erbbands_skewness": {
        "mean": 1.03006184101,
        "var": 1.20796203613
    },
    "erbbands_spread": {
        "mean": 61.4054107666,
        "var": 813.035705566
    },
    "hfc": {
        "mean": 17.1113414764,
        "var": 379.001800537
    },
    "melbands_crest": {
        "mean": 17.6407394409,
        "var": 18.0626583099
    },
    "melbands_flatness_db": {
        "mean": 0.287788361311,
        "var": 0.00891203992069
    },
    "melbands_kurtosis": {
        "mean": 80.1308364868,
        "var": 4382.65039063
    },
    "melbands_skewness": {
        "mean": 6.20946311951,
        "var": 7.40201711655
    },
    "melbands_spread": {
        "mean": 9.15252876282,
        "var": 140.265579224
    },
    "pitch_salience": {
        "mean": 0.47885543108,
        "var": 0.0186422150582
    },
    "silence_rate_20dB": {
        "mean": 0.998455226421,
        "var": 0.00154241139535
    },
    "silence_rate_30dB": {
        "mean": 0.857878446579,
        "var": 0.121924035251
    },
    "silence_rate_60dB": {
        "mean": 0.00308959838003,
        "var": 0.00308004394174
    },
    "spectral_centroid": {
        "mean": 733.657714844,
        "var": 291919.1875
    },
    "spectral_complexity": {
        "mean": 11.495880127,
        "var": 95.5312805176
    },
    "spectral_decrease": {
        "mean": -1.38980986719e-008,
        "var": 2.15016468159e-016
    },
    "spectral_energy": {
        "mean": 0.0540067143738,
        "var": 0.00314155523665
    },
    "spectral_energyband_high": {
        "mean": 0.000873507175129,
        "var": 2.40352960645e-006
    },
    "spectral_energyband_low": {
        "mean": 0.0352251790464,
        "var": 0.00252780457959
    },
    "spectral_energyband_middle_high": {
        "mean": 0.00206541619264,
        "var": 1.71880383277e-005
    },
    "spectral_energyband_middle_low": {
        "mean": 0.0170786399394,
        "var": 0.000215411680983
    },
    "spectral_entropy": {
        "mean": 7.35261535645,
        "var": 0.342944592237
    },
    "spectral_flux": {
        "mean": 0.109183035791,
        "var": 0.00506671518087
    },
    "spectral_kurtosis": {
        "mean": 3.43422985077,
        "var": 5.27570343018
    },
    "spectral_rms": {
        "mean": 0.00651609478518,
        "var": 1.02300291474e-005
    },
    "spectral_rolloff": {
        "mean": 715.062255859,
        "var": 2138540.5
    },
    "spectral_skewness": {
        "mean": 1.50601172447,
        "var": 0.156826287508
    },
    "spectral_spread": {
        "mean": 5825269,
        "var": 4.50899109478e+012
    },
    "spectral_strongpeak": {
        "mean": 0.713222324848,
        "var": 0.122188992798
    },
    "zerocrossingrate": {
        "mean": 0.041385229677,
        "var": 0.00131251476705
    },
    "barkbands": {
        "mean": [0.000310189876473, 0.0266371071339, 0.00706673227251, 0.0046383086592, 0.00996206328273, 0.00150756398216, 0.000342614861438, 0.000205147705856, 0.000375200586859, 0.00019887657254, 0.000279739877442, 0.000311547744786, 0.000326920679072, 0.000148261795403, 0.000176829882548, 0.000149152459926, 0.000143603450852, 0.000175339126145, 0.000129724649014, 0.000141912096296, 0.000138773189974, 0.000148148828885, 0.000101623016235, 0.000150513325934, 0.00013065712119, 9.8467040516e-005, 1.17573681564e-005],
        "var": [3.5414359445e-007, 0.00169952155557, 0.000196328488528, 5.09618948854e-005, 7.73803185439e-005, 1.18761590784e-006, 3.05455188254e-007, 2.79713844975e-007, 9.37881452501e-007, 2.03854938263e-007, 9.59151634561e-007, 7.51543041133e-007, 5.47885747437e-007, 1.26593931782e-007, 1.72107675667e-007, 7.0256703566e-008, 1.09261144132e-007, 1.41035414458e-007, 5.35442445937e-008, 6.22759799285e-008, 7.85735068121e-008, 1.40282068628e-007, 2.68923514568e-008, 9.65235003036e-008, 5.91053570531e-008, 3.72635149404e-008, 7.50584483455e-010]
    },
    "erbbands": {
        "mean": [0.429268866777, 6.94079017639, 11.4823284149, 10.2743625641, 43.5997428894, 17.2823505402, 12.9031190872, 10.5383491516, 6.00602149963, 6.33029508591, 4.16606664658, 9.67519569397, 5.57503080368, 10.0279407501, 12.4408388138, 13.239739418, 15.4955253601, 8.61412525177, 9.5606212616, 8.4975605011, 7.16822481155, 8.65147209167, 9.84265518188, 7.57746887207, 6.09089374542, 6.54685735703, 5.60743379593, 5.99538612366, 5.62235593796, 3.93240594864, 2.78703904152, 3.18326878548, 2.21186900139, 1.384298563, 0.935694992542, 0.44185295701, 0.193167388439, 0.0392082296312, 0.00123456527945, 8.90146911843e-005],
        "var": [0.481046527624, 117.405410767, 323.776611328, 298.35949707, 1717.83032227, 221.311355591, 68.0977325439, 104.782608032, 33.4465446472, 272.523223877, 81.6738510132, 694.086364746, 176.473266602, 663.95135498, 2625.62573242, 1089.36450195, 1147.05651855, 374.061218262, 501.997894287, 260.866638184, 181.684066772, 404.431274414, 452.843505859, 189.837814331, 138.65335083, 128.000778198, 128.643920898, 151.192138672, 200.907791138, 61.9384803772, 20.4736003876, 43.1949691772, 18.5426902771, 6.125041008, 3.49196815491, 0.736414790154, 0.147567465901, 0.0068712355569, 7.41656413084e-006, 8.23357204638e-009]
    },
    "gfcc": {
        "mean": [-12.0706615448, 89.0331954956, -74.4187850952, 55.8272972107, -52.2613601685, 11.8166027069, -42.3119010925, -4.91847372055, -29.800994873, -2.15895318985, -17.2411823273, 1.79139697552, -10.2572584152],
        "cov": [[4444.63671875, -1281.11181641, -216.813827515, -524.198791504, 129.429473877, 442.145294189, 54.5180778503, 394.933410645, -405.640075684, 223.284240723, -197.32194519, 161.900604248, -240.332626343], [-1281.11181641, 1708.35827637, -255.711959839, 410.950866699, 199.560043335, -35.4368286133, 324.975067139, -179.728164673, 417.778808594, -191.136734009, 266.803588867, -146.228393555, 183.199447632], [-216.813827515, -255.711959839, 1161.66369629, 344.957336426, 133.976135254, 93.5162734985, 56.7422676086, 134.698867798, 67.9158859253, 112.054969788, 26.1178970337, 62.5193748474, -6.523832798], [-524.198791504, 410.950866699, 344.957336426, 420.162445068, 116.059463501, -0.441155344248, 116.357246399, -4.70456695557, 191.840545654, -20.2316837311, 131.810531616, -40.22057724, 73.7408599854], [129.429473877, 199.560043335, 133.976135254, 116.059463501, 255.306869507, 140.944549561, 138.02784729, 57.2190437317, 78.909942627, 31.7872753143, 55.1953811646, 7.67305612564, 15.604593277], [442.145294189, -35.4368286133, 93.5162734985, -0.441155344248, 140.944549561, 189.795913696, 103.887504578, 93.5990371704, -9.58928394318, 50.1618156433, 28.7161560059, 36.3424263, -9.06852340698], [54.5180778503, 324.975067139, 56.7422676086, 116.357246399, 138.02784729, 103.887504578, 225.852035522, 60.129119873, 104.283599854, -6.89221715927, 84.1760787964, -6.828104496, 33.2525520325], [394.933410645, -179.728164673, 134.698867798, -4.70456695557, 57.2190437317, 93.5990371704, 60.129119873, 140.388534546, -16.6743240356, 73.3577651978, -5.04993152618, 37.6047973633, -25.5426635742], [-405.640075684, 417.778808594, 67.9158859253, 191.840545654, 78.909942627, -9.58928394318, 104.283599854, -16.6743240356, 190.589752197, -17.9341545105, 91.2298202515, -38.0563468933, 60.7358627319], [223.284240723, -191.136734009, 112.054969788, -20.2316837311, 31.7872753143, 50.1618156433, -6.89221715927, 73.3577651978, -17.9341545105, 97.5299072266, -8.74376583099, 41.738067627, -25.1905002594], [-197.32194519, 266.803588867, 26.1178970337, 131.810531616, 55.1953811646, 28.7161560059, 84.1760787964, -5.04993152618, 91.2298202515, -8.74376583099, 110.527084351, -6.99012231827, 37.3120536804], [161.900604248, -146.228393555, 62.5193748474, -40.22057724, 7.67305612564, 36.3424263, -6.828104496, 37.6047973633, -38.0563468933, 41.738067627, -6.99012231827, 64.8350524902, -8.37581443787], [-240.332626343, 183.199447632, -6.523832798, 73.7408599854, 15.604593277, -9.06852340698, 33.2525520325, -25.5426635742, 60.7358627319, -25.1905002594, 37.3120536804, -8.37581443787, 59.0849876404]],
        "icov": [[0.000527384167071, 0.000264483969659, 0.000366889929865, -0.000243819929892, 6.53829265502e-005, -0.000997245660983, -0.000302682921756, -0.000524448754732, 7.62769341236e-005, 0.000151372820255, 0.000511722988449, -0.000261286040768, 0.00106915750075], [0.000264483969659, 0.00306470878422, 0.0007420637412, -0.000169927632669, -0.000894830445759, -0.000146013815538, -0.00236998288892, 0.00224549346603, -0.00317376945168, 0.00183557497803, -0.00152430287562, 0.000793701270595, -0.00049404258607], [0.000366889929865, 0.0007420637412, 0.00229199882597, -0.00307606277056, 0.000250535318628, -0.00147337990347, -0.000512556522153, -0.00013474842126, -0.000734391855076, -0.000374257360818, 0.00239745201543, -0.00221521407366, 0.00198888592422], [-0.000243819929892, -0.000169927632669, -0.00307606277056, 0.010107091628, -0.00273933983408, 0.0038596780505, 0.00121169700287, -0.00190182216465, -0.00213682092726, 0.00180547428317, -0.00816125702113, 0.00493831001222, -0.00478673633188], [6.53829265502e-005, -0.000894830445759, 0.000250535318628, -0.00273933983408, 0.0107300290838, -0.00833670515567, -0.0018958223518, 0.00247842469253, -0.00239582406357, -0.00282865180634, 0.00462436117232, -0.00109522568528, 0.00269321282394], [-0.000997245660983, -0.000146013815538, -0.00147337990347, 0.0038596780505, -0.00833670515567, 0.0197303723544, -0.00312912254594, -0.00439218478277, 0.00603218283504, -0.0011700639734, -0.00772799411789, 0.000912467308808, -0.00518107833341], [-0.000302682921756, -0.00236998288892, -0.000512556522153, 0.00121169700287, -0.0018958223518, -0.00312912254594, 0.015151258558, -0.00886258017272, -0.00268802861683, 0.00627048593014, -0.00359485438094, -0.000653834198602, -0.00017557652609], [-0.000524448754732, 0.00224549346603, -0.00013474842126, -0.00190182216465, 0.00247842469253, -0.00439218478277, -0.00886258017272, 0.0231672283262, -0.00203051394783, -0.0104453582317, 0.00375043554232, -0.00066851824522, 0.00210821232758], [7.62769341236e-005, -0.00317376945168, -0.000734391855076, -0.00213682092726, -0.00239582406357, 0.00603218283504, -0.00268802861683, -0.00203051394783, 0.0224155038595, -0.00824593193829, -0.00383995636366, 0.00681863399222, -0.00823564920574], [0.000151372820255, 0.00183557497803, -0.000374257360818, 0.00180547428317, -0.00282865180634, -0.0011700639734, 0.00627048593014, -0.0104453582317, -0.00824593193829, 0.0280206091702, -0.00351609941572, -0.00947180204093, 0.00645303912461], [0.000511722988449, -0.00152430287562, 0.00239745201543, -0.00816125702113, 0.00462436117232, -0.00772799411789, -0.00359485438094, 0.00375043554232, -0.00383995636366, -0.00351609941572, 0.0268413517624, -0.0075792465359, 0.0029186392203], [-0.000261286040768, 0.000793701270595, -0.00221521407366, 0.00493831001222, -0.00109522568528, 0.000912467308808, -0.000653834198602, -0.00066851824522, 0.00681863399222, -0.00947180204093, -0.0075792465359, 0.030823957175, -0.0113148698583], [0.00106915750075, -0.00049404258607, 0.00198888592422, -0.00478673633188, 0.00269321282394, -0.00518107833341, -0.00017557652609, 0.00210821232758, -0.00823564920574, 0.00645303912461, 0.0029186392203, -0.0113148698583, 0.0362727381289]]
    },
    "melbands": {
        "mean": [0.00587556324899, 0.00764923356473, 0.00297138025053, 0.00240144180134, 0.000422579149017, 0.000243861184572, 8.96449637366e-005, 6.40666985419e-005, 3.51056696672e-005, 6.01106039539e-005, 2.54596470768e-005, 3.86649990105e-005, 3.74250375899e-005, 4.15213216911e-005, 3.15623183269e-005, 2.8430016755e-005, 1.5050228285e-005, 1.50871992446e-005, 1.2364250324e-005, 1.06008874354e-005, 7.86431428423e-006, 8.31807847135e-006, 9.36809829e-006, 8.36478739075e-006, 5.87523800277e-006, 4.79188247482e-006, 3.75314834855e-006, 4.71342445962e-006, 3.7758761664e-006, 3.04573836729e-006, 3.73068019144e-006, 3.23708945871e-006, 2.69185966317e-006, 1.94958897737e-006, 1.74600575065e-006, 1.17672516353e-006, 2.52189761341e-006, 1.79531457434e-006, 1.19800029097e-006, 1.07924017811e-006],
        "var": [8.45494432724e-005, 0.00012453160889, 1.17722629511e-005, 4.86654789711e-006, 8.00634438747e-008, 4.61150335695e-008, 8.30557222997e-009, 2.89026669265e-008, 5.8217968224e-009, 2.69581477141e-008, 4.28818180964e-009, 9.56205514768e-009, 2.27893153237e-008, 1.49694745488e-008, 5.41284883582e-009, 3.95358101812e-009, 1.42728795449e-009, 1.18535858906e-009, 6.57859322573e-010, 4.0819214675e-010, 2.50369058818e-010, 4.3306128128e-010, 3.87448878536e-010, 3.65111801903e-010, 1.18548240668e-010, 7.68393820794e-011, 7.23795884339e-011, 6.09759256975e-011, 5.29004028083e-011, 5.8673808867e-011, 5.02832601945e-011, 8.22395762601e-011, 3.69932764976e-011, 1.38435018657e-011, 8.62239619981e-012, 3.19541810546e-012, 3.26306898168e-011, 1.27026141342e-011, 4.95837312181e-012, 3.80844704731e-012]
    },
    "mfcc": {
        "mean": [-665.604187012, 115.175247192, 35.6092453003, 45.0887794495, 14.6079597473, 17.3568668365, -0.432142287493, 1.3359875679, -8.08382320404, -4.47178792953, -8.5621509552, -2.45423173904, -5.68760633469],
        "cov": [[3763.80249023, -678.796691895, -646.42010498, -686.05065918, -62.7071609497, -69.1645431519, 433.132537842, 54.0257797241, 150.975738525, -122.715805054, 197.721496582, 23.4702186584, -38.3781280518], [-678.796691895, 969.844421387, -118.466873169, 263.172821045, 18.3551750183, 208.433898926, -29.3885688782, 163.187515259, 38.4967536926, 96.1678543091, 11.1119861603, 131.955307007, 7.47915124893], [-646.42010498, -118.466873169, 833.565612793, 311.372039795, 185.019821167, 53.56508255, 43.2222213745, 43.883731842, 44.3425369263, 88.9572982788, 25.1199398041, 1.33589482307, 118.856246948], [-686.05065918, 263.172821045, 311.372039795, 401.512817383, 107.743995667, 105.608192444, -31.3390312195, 79.4547119141, 14.218082428, 117.096153259, 5.38802814484, 63.9985313416, 42.4097938538], [-62.7071609497, 18.3551750183, 185.019821167, 107.743995667, 179.651641846, 85.5468063354, 67.9100112915, 42.2558135986, 45.1126937866, 48.3873062134, 43.6259803772, 19.8966007233, 57.8951683044], [-69.1645431519, 208.433898926, 53.56508255, 105.608192444, 85.5468063354, 143.894302368, 67.7595596313, 86.4439849854, 42.4931945801, 54.3156204224, 28.5940494537, 53.4262084961, 38.5192756653], [433.132537842, -29.3885688782, 43.2222213745, -31.3390312195, 67.9100112915, 67.7595596313, 205.684036255, 86.0690765381, 76.2708358765, 12.1348285675, 72.9859466553, 49.3958435059, 43.7181892395], [54.0257797241, 163.187515259, 43.883731842, 79.4547119141, 42.2558135986, 86.4439849854, 86.0690765381, 119.89276886, 52.5360221863, 45.3745803833, 32.8444671631, 66.5453109741, 24.8809375763], [150.975738525, 38.4967536926, 44.3425369263, 14.218082428, 45.1126937866, 42.4931945801, 76.2708358765, 52.5360221863, 93.1510925293, 32.6066703796, 46.4460868835, 21.9444141388, 36.3934249878], [-122.715805054, 96.1678543091, 88.9572982788, 117.096153259, 48.3873062134, 54.3156204224, 12.1348285675, 45.3745803833, 32.6066703796, 98.9710693359, 25.5637893677, 35.5804367065, 11.7238512039], [197.721496582, 11.1119861603, 25.1199398041, 5.38802814484, 43.6259803772, 28.5940494537, 72.9859466553, 32.8444671631, 46.4460868835, 25.5637893677, 104.886390686, 29.3663101196, 18.9740505219], [23.4702186584, 131.955307007, 1.33589482307, 63.9985313416, 19.8966007233, 53.4262084961, 49.3958435059, 66.5453109741, 21.9444141388, 35.5804367065, 29.3663101196, 97.4828796387, 23.9162998199], [-38.3781280518, 7.47915124893, 118.856246948, 42.4097938538, 57.8951683044, 38.5192756653, 43.7181892395, 24.8809375763, 36.3934249878, 11.7238512039, 18.9740505219, 23.9162998199, 84.1156768799]],
        "icov": [[0.000696473929565, 0.00052774976939, 0.000471550854854, 0.000581435509957, -4.03639023716e-006, -7.11109969416e-005, -0.000798096996732, -0.000517336127814, -0.000457491696579, -3.37125638907e-005, -0.000543724512681, -0.000271587574389, 0.000317061843816], [0.00052774976939, 0.00304355937988, 0.00108776579145, -0.000802075199317, 0.00107259943616, -0.00350641808473, 0.00163150916342, -0.00221847789362, -0.00131429813337, 0.000929895846639, -0.000851417833474, -0.00125472759828, 0.000501090660691], [0.000471550854854, 0.00108776579145, 0.00321065727621, -0.00208025774918, -0.000994419213384, 0.00125809339806, -0.00106754247099, -0.00143689091783, 0.000187107129022, -0.000579741375986, -0.000334039883455, 0.00170101399999, -0.00268968637101], [0.000581435509957, -0.000802075199317, -0.00208025774918, 0.00844695512205, -0.00180714775342, -0.000696254021022, 0.00231927353889, -0.00247576204129, 0.00153313938063, -0.00428814860061, 3.31927658408e-005, -0.00226204120554, 0.000676778669003], [-4.03639023716e-006, 0.00107259943616, -0.000994419213384, -0.00180714775342, 0.0125940805301, -0.00730725564063, -0.0015774947824, 0.00284377904609, -0.000702268385794, -0.000782538205385, -0.00234150793403, 0.0018556205323, -0.0027107859496], [-7.11109969416e-005, -0.00350641808473, 0.00125809339806, -0.000696254021022, -0.00730725564063, 0.0231410246342, -0.00425546197221, -0.00682851299644, 0.00308360066265, -0.00424107722938, 0.00190687028226, 0.00215677148663, -0.00426974194124], [-0.000798096996732, 0.00163150916342, -0.00106754247099, 0.00231927353889, -0.0015774947824, -0.00425546197221, 0.0157042331994, -0.00778328953311, -0.00366288027726, 0.00358460680582, -0.00361056462862, -0.00283984513953, -0.000288425129838], [-0.000517336127814, -0.00221847789362, -0.00143689091783, -0.00247576204129, 0.00284377904609, -0.00682851299644, -0.00778328953311, 0.029353607446, -0.0068558533676, -0.000468509679195, 0.0033154678531, -0.00854416191578, 0.0044851321727], [-0.000457491696579, -0.00131429813337, 0.000187107129022, 0.00153313938063, -0.000702268385794, 0.00308360066265, -0.00366288027726, -0.0068558533676, 0.0237445514649, -0.00711720949039, -0.0040368498303, 0.00637701991946, -0.00831017643213], [-3.37125638907e-005, 0.000929895846639, -0.000579741375986, -0.00428814860061, -0.000782538205385, -0.00424107722938, 0.00358460680582, -0.000468509679195, -0.00711720949039, 0.021032538265, -0.00234736362472, -0.00415632966906, 0.00549849821255], [-0.000543724512681, -0.000851417833474, -0.000334039883455, 3.31927658408e-005, -0.00234150793403, 0.00190687028226, -0.00361056462862, 0.0033154678531, -0.0040368498303, -0.00234736362472, 0.015615940094, -0.00299744238146, 0.0013206449803], [-0.000271587574389, -0.00125472759828, 0.00170101399999, -0.00226204120554, 0.0018556205323, 0.00215677148663, -0.00283984513953, -0.00854416191578, 0.00637701991946, -0.00415632966906, -0.00299744238146, 0.0219666045159, -0.0072862864472], [0.000317061843816, 0.000501090660691, -0.00268968637101, 0.000676778669003, -0.0027107859496, -0.00426974194124, -0.000288425129838, 0.0044851321727, -0.00831017643213, 0.00549849821255, 0.0013206449803, -0.0072862864472, 0.0226949807256]]
    },
    "spectral_contrast_coeffs": {
        "mean": [-0.564085364342, -0.722863435745, -0.817191421986, -0.810781359673, -0.815178334713, -0.749799609184],
        "var": [0.0092910612002, 0.0026491410099, 0.00305687915534, 0.00263512204401, 0.000876288046129, 0.00182728690561]
    },
    "spectral_contrast_valleys": {
        "mean": [-6.94265890121, -7.02148199081, -7.80927610397, -8.11779117584, -7.78780841827, -10.2631759644],
        "var": [1.24870324135, 0.483718425035, 0.859008610249, 0.784515202045, 0.681990981102, 1.36914718151]
    }
},
"metadata": {
    "audio_properties": {
        "analysis_sample_rate": 44100,
        "bit_rate": 128074,
        "equal_loudness": 0,
        "length": 45.0612258911,
        "lossless": 0,
        "replay_gain": -5.37796974182,
        "sample_rate": 44100,
        "codec": "mp3",
        "downmix": "mix",
        "md5_encoded": "b8032940f2f133937261274f462ac223"
    },
    "tags": {
        "file_name": "1525.mp3"
    },
    "version": {
        "essentia": "2.1-beta2",
        "essentia_git_sha": "v2.1_beta2",
        "extractor": "music 1.0"
    }
},
"rhythm": {
    "beats_count": 110,
    "beats_loudness": {
        "mean": 0.0748532041907,
        "var": 0.00420053210109
    },
    "bpm": 147.96005249,
    "bpm_histogram_first_peak_bpm": {
        "mean": 148,
        "var": 0
    },
    "bpm_histogram_first_peak_spread": {
        "mean": 0.25,
        "var": 0
    },
    "bpm_histogram_first_peak_weight": {
        "mean": 0.743119239807,
        "var": 0
    },
    "bpm_histogram_second_peak_bpm": {
        "mean": 140,
        "var": 0
    },
    "bpm_histogram_second_peak_spread": {
        "mean": 0,
        "var": 0
    },
    "bpm_histogram_second_peak_weight": {
        "mean": 0.00917431153357,
        "var": 0
    },
    "danceability": 1.14691376686,
    "onset_rate": 5.78950929642,
    "beats_loudness_band_ratio": {
        "mean": [0.66361105442, 0.23910330236, 0.0399203635752, 0.0486163012683, 0.0336688570678, 0.0944065377116],
        "var": [0.0734214112163, 0.0287737697363, 0.00250424002297, 0.00509710004553, 0.001524652238, 0.0105930231512]
    },
    "beats_position": [0.441179126501, 0.870748281479, 1.27709746361, 1.68344664574, 2.08979582787, 2.50775504112, 2.90249419212, 3.30884337425, 3.7151927948, 4.13315200806, 4.52789115906, 4.92263031006, 5.32897949219, 5.73532867432, 6.14167785645, 6.54802703857, 6.9543762207, 7.36072540283, 7.76707458496, 8.17342376709, 8.57977294922, 8.98612213135, 9.39247131348, 9.79882049561, 10.2051696777, 10.6115188599, 11.0062580109, 11.412607193, 11.8189563751, 12.2369155884, 12.6316547394, 13.0263938904, 13.4327430725, 13.8390922546, 14.2454423904, 14.6517915726, 15.0581407547, 15.4644899368, 15.870839119, 16.2771873474, 16.6835365295, 17.0898857117, 17.4962348938, 17.9025840759, 18.3089332581, 18.7152824402, 19.1100215912, 19.5163707733, 19.9227199554, 20.3290691376, 20.7354183197, 21.1417675018, 21.548116684, 21.9544658661, 22.3608150482, 22.7555541992, 23.1619052887, 23.5682544708, 23.974603653, 24.3809528351, 24.7873020172, 25.1936511993, 25.6000003815, 26.0063495636, 26.4126987457, 26.8190479279, 27.22539711, 27.6317462921, 28.0380954742, 28.4444446564, 28.8391838074, 29.2455329895, 29.6518821716, 30.0698413849, 30.4645805359, 30.870929718, 31.2772789001, 31.6952381134, 32.0899772644, 32.4847145081, 32.9026756287, 33.3206329346, 33.7153739929, 34.121723175, 34.5280723572, 34.9344215393, 35.3407707214, 35.7355079651, 36.1418571472, 36.5482063293, 36.9545555115, 37.3609046936, 37.7672538757, 38.1736030579, 38.57995224, 38.9863014221, 39.3926506042, 39.7989997864, 40.2053489685, 40.6116981506, 41.0180473328, 41.4243965149, 41.8191375732, 42.2254867554, 42.6318359375, 43.0497932434, 43.4445343018, 43.8392753601, 44.257232666, 44.6751937866]
},
"tonal": {
    "chords_changes_rate": 0.0637860074639,
    "chords_number_rate": 0.0102880662307,
    "chords_strength": {
        "mean": 0.583506405354,
        "var": 0.0130029888824
    },
    "hpcp_entropy": {
        "mean": 2.41179418564,
        "var": 0.483877927065
    },
    "key_strength": 0.597292840481,
    "tuning_diatonic_strength": 0.667105317116,
    "tuning_equal_tempered_deviation": 0.282356739044,
    "tuning_frequency": 434.193115234,
    "tuning_nontempered_energy_ratio": 0.925452947617,
    "hpcp": {
        "mean": [0.0403549969196, 0.049041070044, 0.0430223196745, 0.0419598557055, 0.0383457876742, 0.0303390584886, 0.049740228802, 0.0842149108648, 0.0777710303664, 0.0534684844315, 0.0422698296607, 0.028864922002, 0.0191368553787, 0.0195505693555, 0.0319564566016, 0.0617738775909, 0.104011438787, 0.125188335776, 0.112828232348, 0.0954646617174, 0.0924135372043, 0.0967481657863, 0.101938642561, 0.117313355207, 0.121945314109, 0.0828413367271, 0.0729907974601, 0.180120363832, 0.299718022346, 0.345774799585, 0.29697689414, 0.197585508227, 0.126166164875, 0.0705456733704, 0.0388558395207, 0.0296479482204],
        "var": [0.0176892671734, 0.0249837711453, 0.0164147876203, 0.0171209983528, 0.0183492898941, 0.0138317402452, 0.0189705286175, 0.0260948259383, 0.0207920111716, 0.0206196140498, 0.0161049440503, 0.011112825945, 0.00562366191298, 0.00655993865803, 0.00866031646729, 0.0150466142222, 0.0248473715037, 0.0455124378204, 0.0626272782683, 0.0551297664642, 0.0505040027201, 0.0522868894041, 0.0510097630322, 0.0566892698407, 0.0560720972717, 0.0391111560166, 0.0276080295444, 0.0903702378273, 0.129121378064, 0.134506478906, 0.122495062649, 0.0911857411265, 0.0615018121898, 0.0320613719523, 0.0159346144646, 0.0107659939677]
    },
    "chords_histogram": [63.3744850159, 1.33744859695, 0, 0.205761313438, 0, 0, 0, 6.06995868683, 0, 0, 0, 0, 0, 0, 2.88065838814, 0, 1.13168728352, 7.09876537323, 0, 0, 5.45267486572, 3.18930029869, 5.76131677628, 3.49794244766],
    "thpcp": [1, 0.858873724937, 0.57142829895, 0.364879578352, 0.204022020102, 0.112373255193, 0.0857435166836, 0.116708904505, 0.141829505563, 0.124422945082, 0.121350243688, 0.110898159444, 0.0877422466874, 0.143851518631, 0.243554219604, 0.224918156862, 0.154633834958, 0.122246704996, 0.0834789648652, 0.0553448535502, 0.0565413348377, 0.0924198552966, 0.178653493524, 0.300806879997, 0.362051635981, 0.326305538416, 0.276089131832, 0.267265111208, 0.279801100492, 0.294812232256, 0.339276760817, 0.352672636509, 0.239581763744, 0.211093455553, 0.520918130875, 0.866801261902],
    "chords_key": "B",
    "chords_scale": "minor",
    "key_key": "B",
    "key_scale": "minor"
}
}