{
"lowlevel": {
    "average_loudness": 0.974816024303,
    "barkbands_crest": {
        "mean": 12.9763898849,
        "var": 25.0134086609
    },
    "barkbands_flatness_db": {
        "mean": 0.229394331574,
        "var": 0.00808140356094
    },
    "barkbands_kurtosis": {
        "mean": 16.6076831818,
        "var": 514.128295898
    },
    "barkbands_skewness": {
        "mean": 2.92390823364,
        "var": 3.16991376877
    },
    "barkbands_spread": {
        "mean": 11.3589763641,
        "var": 117.848182678
    },
    "dissonance": {
        "mean": 0.458114027977,
        "var": 0.00073653308209
    },
    "dynamic_complexity": 2.06972932816,
    "erbbands_crest": {
        "mean": 8.0670337677,
        "var": 10.4643983841
    },
    "erbbands_flatness_db": {
        "mean": 0.186446413398,
        "var": 0.00339743238874
    },
    "erbbands_kurtosis": {
        "mean": 0.638624191284,
        "var": 8.72060680389
    },
    "erbbands_skewness": {
        "mean": 0.342149138451,
        "var": 0.990562200546
    },
    "erbbands_spread": {
        "mean": 37.0010948181,
        "var": 458.546325684
    },
    "hfc": {
        "mean": 13.0311346054,
        "var": 223.509963989
    },
    "melbands_crest": {
        "mean": 18.3620052338,
        "var": 32.8130073547
    },
    "melbands_flatness_db": {
        "mean": 0.333889305592,
        "var": 0.0122431144118
    },
    "melbands_kurtosis": {
        "mean": 39.5973930359,
        "var": 2810.42016602
    },
    "melbands_skewness": {
        "mean": 4.29808044434,
        "var": 5.13908433914
    },
    "melbands_spread": {
        "mean": 10.3127527237,
        "var": 133.450836182
    },
    "pitch_salience": {
        "mean": 0.494130641222,
        "var": 0.0185864586383
    },
    "silence_rate_20dB": {
        "mean": 1,
        "var": 0
    },
    "silence_rate_30dB": {
        "mean": 0.871781647205,
        "var": 0.11177688092
    },
    "silence_rate_60dB": {
        "mean": 0.0144181260839,
        "var": 0.0142102558166
    },
    "spectral_centroid": {
        "mean": 707.793518066,
        "var": 325730.59375
    },
    "spectral_complexity": {
        "mean": 13.5509786606,
        "var": 73.5481567383
    },
    "spectral_decrease": {
        "mean": -1.37389424282e-008,
        "var": 2.33939673892e-016
    },
    "spectral_energy": {
        "mean": 0.0530358552933,
        "var": 0.00339102419093
    },
    "spectral_energyband_high": {
        "mean": 0.000356997566996,
        "var": 9.52549498834e-007
    },
    "spectral_energyband_low": {
        "mean": 0.040391292423,
        "var": 0.00295394007117
    },
    "spectral_energyband_middle_high": {
        "mean": 0.00308326678351,
        "var": 3.23440181091e-005
    },
    "spectral_energyband_middle_low": {
        "mean": 0.0122900372371,
        "var": 0.000210871614399
    },
    "spectral_entropy": {
        "mean": 7.00260734558,
        "var": 0.468728452921
    },
    "spectral_flux": {
        "mean": 0.118780702353,
        "var": 0.00719080958515
    },
    "spectral_kurtosis": {
        "mean": 13.1588563919,
        "var": 281.945800781
    },
    "spectral_rms": {
        "mean": 0.00643620779738,
        "var": 1.0317552551e-005
    },
    "spectral_rolloff": {
        "mean": 561.580993652,
        "var": 658243.25
    },
    "spectral_skewness": {
        "mean": 2.3464050293,
        "var": 1.50322282314
    },
    "spectral_spread": {
        "mean": 3260172.25,
        "var": 4.14050602189e+012
    },
    "spectral_strongpeak": {
        "mean": 0.482625693083,
        "var": 0.135253712535
    },
    "zerocrossingrate": {
        "mean": 0.0263611525297,
        "var": 0.000566473987419
    },
    "barkbands": {
        "mean": [0.00110290152952, 0.0225146897137, 0.0138018317521, 0.00583208305761, 0.00365490652621, 0.00113054632675, 0.000583668705076, 0.000477975903777, 0.000395523267798, 0.000409328204114, 0.00069213466486, 0.000491379993036, 0.000299016595818, 0.000514284416568, 0.000280526670394, 0.000198615889531, 0.000104616527096, 7.77694076532e-005, 9.36520445975e-005, 5.64303554711e-005, 8.77591519384e-005, 9.38313096412e-005, 7.79372930992e-005, 3.36811208399e-005, 1.82693038369e-005, 1.16180453915e-005, 9.81325342764e-007],
        "var": [6.91638069839e-006, 0.00120513513684, 0.000531434547156, 0.000124739468447, 1.68745700648e-005, 1.35859386319e-006, 4.63792360961e-007, 7.88699765053e-007, 4.9320897233e-007, 2.23554729928e-006, 2.28028920901e-006, 9.49353307078e-007, 2.5420001748e-007, 1.01816738152e-006, 5.16830084507e-007, 1.82227708478e-007, 1.05593876754e-007, 3.29571392399e-008, 1.06232803887e-007, 2.59693688776e-008, 6.48910685186e-008, 6.00699863185e-008, 4.91668536995e-008, 7.49130713018e-009, 3.17495985058e-009, 1.58622137647e-009, 1.65182433703e-011]
    },
    "erbbands": {
        "mean": [0.567414522171, 5.33282184601, 15.4213094711, 18.8346481323, 18.1638088226, 9.32309818268, 7.79264116287, 9.18779754639, 7.73147726059, 12.3191385269, 7.07602739334, 9.22364997864, 15.2979078293, 13.2102155685, 29.2354412079, 20.0181732178, 15.2363729477, 28.296667099, 16.9333305359, 12.5031471252, 9.78731250763, 5.90247964859, 4.28451156616, 5.09610319138, 3.7574634552, 2.88634705544, 3.50263190269, 3.4452855587, 3.57545733452, 2.61023950577, 1.97686040401, 0.901865899563, 0.514178812504, 0.261396855116, 0.108889840543, 0.0535920076072, 0.0203315708786, 0.00416259840131, 0.000128483501612, 6.16492834524e-005],
        "var": [0.678156018257, 74.7381286621, 552.660339355, 1372.71276855, 596.934875488, 81.7147750854, 56.8956680298, 112.79548645, 108.473213196, 310.677368164, 166.523971558, 248.367355347, 2867.88012695, 936.967468262, 3235.35009766, 1607.07116699, 616.68762207, 3432.14306641, 1290.61303711, 811.635864258, 497.361022949, 280.984436035, 115.232910156, 252.981201172, 125.321601868, 64.5258789063, 107.856758118, 100.115158081, 83.3578109741, 45.025302887, 34.0487289429, 5.93374347687, 1.87593829632, 0.603676557541, 0.118603639305, 0.033977098763, 0.00491615524516, 0.000220009198529, 1.72840444179e-007, 4.12886080881e-009]
    },
    "gfcc": {
        "mean": [-50.9367675781, 154.858581543, -100.004341125, 33.1418457031, -29.9354419708, 17.9511642456, -22.5636940002, -6.52264022827, -15.677406311, -3.47395610809, -7.37697172165, -4.02048110962, -9.68209266663],
        "cov": [[4534.86328125, -2339.85693359, -119.290771484, 525.042358398, -807.081848145, 474.178253174, -362.661865234, 253.715362549, -222.749511719, 286.355499268, -347.043609619, 206.964828491, -114.020797729], [-2339.85693359, 2732.88818359, -401.788787842, -732.479187012, 941.881713867, -507.048126221, 373.31817627, -259.395111084, 277.327636719, -304.017578125, 344.340362549, -290.080413818, 138.856704712], [-119.290771484, -401.788787842, 1141.01733398, 373.093414307, -133.067565918, 121.879325867, -36.5859870911, 18.1564426422, -37.8256721497, 24.329454422, -84.0715637207, 7.29536581039, -67.8503494263], [525.042358398, -732.479187012, 373.093414307, 511.771942139, -280.613739014, 152.280731201, -44.3080329895, 9.2200012207, -26.167470932, 61.8723831177, -84.9453201294, 26.2518672943, -33.9976158142], [-807.081848145, 941.881713867, -133.067565918, -280.613739014, 473.124664307, -157.26763916, 153.356521606, -66.7089767456, 96.9005203247, -85.1552734375, 111.62046051, -83.686088562, 52.0023651123], [474.178253174, -507.048126221, 121.879325867, 152.280731201, -157.26763916, 223.002075195, -47.5252151489, 49.8278541565, -22.8042488098, 53.0972862244, -50.4298248291, 55.1586341858, -1.56756234169], [-362.661865234, 373.31817627, -36.5859870911, -44.3080329895, 153.356521606, -47.5252151489, 154.632232666, -42.7681274414, 67.7814559937, -20.9575748444, 61.120880127, -36.8533859253, 42.865146637], [253.715362549, -259.395111084, 18.1564426422, 9.2200012207, -66.7089767456, 49.8278541565, -42.7681274414, 102.133850098, -9.45382881165, 47.6449584961, -13.3343019485, 41.4894943237, -19.7705135345], [-222.749511719, 277.327636719, -37.8256721497, -26.167470932, 96.9005203247, -22.8042488098, 67.7814559937, -9.45382881165, 107.340080261, -4.31600522995, 62.9137039185, -31.9042434692, 38.1950721741], [286.355499268, -304.017578125, 24.329454422, 61.8723831177, -85.1552734375, 53.0972862244, -20.9575748444, 47.6449584961, -4.31600522995, 102.401428223, -13.9405145645, 51.9135971069, -1.11846220493], [-347.043609619, 344.340362549, -84.0715637207, -84.9453201294, 111.62046051, -50.4298248291, 61.120880127, -13.3343019485, 62.9137039185, -13.9405145645, 121.152488708, -14.0523166656, 35.1584472656], [206.964828491, -290.080413818, 7.29536581039, 26.2518672943, -83.686088562, 55.1586341858, -36.8533859253, 41.4894943237, -31.9042434692, 51.9135971069, -14.0523166656, 89.4791030884, 9.0055513382], [-114.020797729, 138.856704712, -67.8503494263, -33.9976158142, 52.0023651123, -1.56756234169, 42.865146637, -19.7705135345, 38.1950721741, -1.11846220493, 35.1584472656, 9.0055513382, 62.9967727661]],
        "icov": [[0.000475044274935, 0.000153782530106, 0.000262014451437, -0.000149656523718, 6.6906613938e-005, -0.000358304503607, 0.000268100760877, -0.000353152194293, 0.000101829013147, -0.000509682809934, 0.000577022845391, 0.000411295332015, -8.67464041221e-005], [0.000153782530106, 0.00722225708887, -0.000957035052124, 0.00480143167078, -0.00402304902673, 0.00414376659319, -0.00171683740336, 0.00540053425357, -0.00511010875925, 0.00571768265218, -0.00577869126573, 0.00638187862933, -0.00228077429347], [0.000262014451437, -0.000957035052124, 0.00156152481213, -0.00183991040103, 6.78820215398e-005, -0.00109140749555, 0.000401079916628, -0.00109629891813, 0.000827230862342, -0.000865557638463, 0.00135772768408, -0.00102129683364, 0.00144377478864], [-0.000149656523718, 0.00480143167078, -0.00183991040103, 0.00799778290093, -8.7295396952e-005, 0.0016872852575, -0.00263542425819, 0.00589412124828, -0.0052205985412, 0.00299601606093, -0.00326861953363, 0.00470170285553, -0.000392012618249], [6.6906613938e-005, -0.00402304902673, 6.78820215398e-005, -8.7295396952e-005, 0.00829003285617, -0.0014925430296, -0.00223736022599, -0.00271607888862, 0.0012882957235, -0.00210233358666, 0.00281876022927, -0.0021158636082, 0.000715162430424], [-0.000358304503607, 0.00414376659319, -0.00109140749555, 0.0016872852575, -0.0014925430296, 0.0103349015117, -0.0010984496912, 0.00104582833592, -0.00359349371865, 0.00386601244099, -0.00231040292419, 0.00168644683436, -0.00418646726757], [0.000268100760877, -0.00171683740336, 0.000401079916628, -0.00263542425819, -0.00223736022599, -0.0010984496912, 0.013705461286, 0.00057764473604, -0.00112141319551, -0.0034155077301, 0.000106762519863, 0.000472339888802, -0.00355345802382], [-0.000353152194293, 0.00540053425357, -0.00109629891813, 0.00589412124828, -0.00271607888862, 0.00104582833592, 0.00057764473604, 0.0223430432379, -0.0093649700284, 0.000535166880582, -0.0052703935653, -0.00182755093556, 0.00723434658721], [0.000101829013147, -0.00511010875925, 0.000827230862342, -0.0052205985412, 0.0012882957235, -0.00359349371865, -0.00112141319551, -0.0093649700284, 0.0260340310633, -0.00805126689374, -0.00240957434289, 0.00647572707385, -0.00931574683636], [-0.000509682809934, 0.00571768265218, -0.000865557638463, 0.00299601606093, -0.00210233358666, 0.00386601244099, -0.0034155077301, 0.000535166880582, -0.00805126689374, 0.0229108948261, -0.00447463197634, -0.00394670385867, -0.000167367441463], [0.000577022845391, -0.00577869126573, 0.00135772768408, -0.00326861953363, 0.00281876022927, -0.00231040292419, 0.000106762519863, -0.0052703935653, -0.00240957434289, -0.00447463197634, 0.020505098626, -0.00775661738589, 0.000415501912357], [0.000411295332015, 0.00638187862933, -0.00102129683364, 0.00470170285553, -0.0021158636082, 0.00168644683436, 0.000472339888802, -0.00182755093556, 0.00647572707385, -0.00394670385867, -0.00775661738589, 0.032562892884, -0.0153137268499], [-8.67464041221e-005, -0.00228077429347, 0.00144377478864, -0.000392012618249, 0.000715162430424, -0.00418646726757, -0.00355345802382, 0.00723434658721, -0.00931574683636, -0.000167367441463, 0.000415501912357, -0.0153137268499, 0.0336837135255]]
    },
    "melbands": {
        "mean": [0.0057195010595, 0.00799570977688, 0.00339642958716, 0.000984978163615, 0.000281019514659, 0.000205995005672, 0.0001204601067, 0.000134813133627, 5.20084577147e-005, 5.99203158345e-005, 7.48254242353e-005, 4.63204232801e-005, 0.000103214471892, 5.69660442125e-005, 4.55724839412e-005, 3.20571125485e-005, 5.4650936363e-005, 2.52551908488e-005, 2.11633905565e-005, 1.32016502903e-005, 1.12479665404e-005, 6.31468083157e-006, 4.4446001084e-006, 3.63697176908e-006, 4.14513624492e-006, 3.38094127983e-006, 1.85880389836e-006, 1.80396648375e-006, 2.39434939431e-006, 1.70894111307e-006, 2.20141055252e-006, 2.1934315555e-006, 1.49314791997e-006, 1.47338846546e-006, 1.17110676001e-006, 9.17607394513e-007, 4.23268431859e-007, 3.56869094276e-007, 3.12697949312e-007, 1.92592949588e-007],
        "var": [7.0770525781e-005, 0.000139123789268, 3.44075924659e-005, 1.24079349462e-006, 6.93087613968e-008, 5.44114122647e-008, 2.46808991022e-008, 4.13306864289e-008, 9.93861437593e-009, 1.06157527213e-008, 7.41434647011e-008, 1.37472619954e-008, 5.06941226774e-008, 1.02838324523e-008, 9.14714437528e-009, 3.22157323041e-009, 1.34554998255e-008, 2.64111577053e-009, 3.04708769328e-009, 8.07875322195e-010, 8.00240429477e-010, 3.62689073219e-010, 1.48581841275e-010, 8.23184992393e-011, 1.80479090006e-010, 1.24191421036e-010, 2.80997516922e-011, 2.61016989273e-011, 4.73831633652e-011, 3.74549072313e-011, 3.79129332095e-011, 3.26767189696e-011, 1.61198571852e-011, 1.43957033794e-011, 1.21205719072e-011, 7.498925092e-012, 1.25962120508e-012, 8.79644718611e-013, 8.23019441227e-013, 3.45218130341e-013]
    },
    "mfcc": {
        "mean": [-698.852783203, 181.131256104, 4.18618917465, 28.6050605774, 16.7284660339, 24.9792690277, 7.97266054153, 7.23723077774, -3.12305641174, 2.71127176285, 0.333954066038, 1.09531009197, 0.200526237488],
        "cov": [[4329.44580078, -2505.70556641, 111.384300232, -140.254272461, -371.186950684, 98.2076263428, -219.884002686, -10.5232410431, 70.9205932617, 47.6955871582, -67.2978744507, -50.7544937134, -50.8815727234], [-2505.70556641, 3017.30249023, -903.633361816, -100.359840393, 336.707183838, -195.705703735, 205.989608765, -11.6294612885, -63.8650932312, 28.4668064117, 63.6283416748, 19.0669822693, 29.6486759186], [111.384300232, -903.633361816, 1168.45544434, 268.50692749, -5.33610916138, 177.047836304, -43.0880775452, 40.1427192688, 46.3300971985, -19.6380958557, 6.93459844589, -6.15553569794, 7.00434827805], [-140.254272461, -100.359840393, 268.50692749, 227.249832153, 28.4231853485, 36.4828147888, 8.16774749756, -6.99060773849, 15.3405408859, 2.56734418869, 22.2469367981, 8.99143218994, -6.4204621315], [-371.186950684, 336.707183838, -5.33610916138, 28.4231853485, 137.4012146, 16.0165290833, 31.0882911682, 16.2110443115, 5.07314777374, 12.6606369019, 4.15237283707, 6.93425941467, 8.35258102417], [98.2076263428, -195.705703735, 177.047836304, 36.4828147888, 16.0165290833, 133.692825317, 17.2839660645, 13.7223796844, 43.2260017395, -3.18987417221, 1.56395447254, 0.062347471714, 14.788230896], [-219.884002686, 205.989608765, -43.0880775452, 8.16774749756, 31.0882911682, 17.2839660645, 78.6187286377, 12.5454206467, 1.28246331215, 1.78560340405, 14.2519645691, 0.26913151145, 7.05692625046], [-10.5232410431, -11.6294612885, 40.1427192688, -6.99060773849, 16.2110443115, 13.7223796844, 12.5454206467, 61.5274963379, 4.72950267792, 14.405412674, 1.60399079323, 0.226338267326, -0.44294989109], [70.9205932617, -63.8650932312, 46.3300971985, 15.3405408859, 5.07314777374, 43.2260017395, 1.28246331215, 4.72950267792, 71.0843353271, 3.19342327118, 7.04625988007, -2.37330698967, 14.9012422562], [47.6955871582, 28.4668064117, -19.6380958557, 2.56734418869, 12.6606369019, -3.18987417221, 1.78560340405, 14.405412674, 3.19342327118, 77.8750915527, 19.7734527588, 2.43906569481, 9.294880867], [-67.2978744507, 63.6283416748, 6.93459844589, 22.2469367981, 4.15237283707, 1.56395447254, 14.2519645691, 1.60399079323, 7.04625988007, 19.7734527588, 47.3567771912, 13.8253955841, 12.6763820648], [-50.7544937134, 19.0669822693, -6.15553569794, 8.99143218994, 6.93425941467, 0.062347471714, 0.26913151145, 0.226338267326, -2.37330698967, 2.43906569481, 13.8253955841, 56.8001022339, 20.1258068085], [-50.8815727234, 29.6486759186, 7.00434827805, -6.4204621315, 8.35258102417, 14.788230896, 7.05692625046, -0.44294989109, 14.9012422562, 9.294880867, 12.6763820648, 20.1258068085, 61.118270874]],
        "icov": [[0.000610666524153, 0.000555576873012, 0.000371155823814, 0.000204270938411, 0.000228207893088, -0.000205745411222, 0.0003749752359, 6.17193218204e-005, -0.00032064403058, -0.000579834682867, -1.62672404258e-005, 0.000253749603871, 0.000279716623481], [0.000555576873012, 0.00137557182461, 0.000768363242969, 0.000256524392171, -0.00178956589662, 0.00088808464352, -0.00103953049984, 0.000441076233983, -0.000174904125743, -0.000160380965099, -0.000920544436667, 0.000532399339136, -3.03241668007e-005], [0.000371155823814, 0.000768363242969, 0.00216025859118, -0.00180252746213, -0.000430529762525, -0.00158800813369, 0.00128272152506, -0.00135393382516, 0.000574538775254, 0.000508025463205, -0.000653191120364, 0.00103398738429, -0.00063786591636], [0.000204270938411, 0.000256524392171, -0.00180252746213, 0.00749209942296, -0.00169347680639, 0.0007867901586, -0.00158153939992, 0.00305900233798, -0.00127211213112, -0.000698466377798, -0.00264582480304, -0.00142666627653, 0.00272000906989], [0.000228207893088, -0.00178956589662, -0.000430529762525, -0.00169347680639, 0.0133737130091, -0.00309795723297, 0.000446503021521, -0.00266820890829, -0.000400470045861, -0.00227938708849, 0.00393361225724, -0.00142824347131, -0.000120705568406], [-0.000205745411222, 0.00088808464352, -0.00158800813369, 0.0007867901586, -0.00309795723297, 0.0140678323805, -0.00577198294923, 0.000403501617257, -0.0062690936029, 0.000672752852552, 0.00104281248059, -0.000481129885884, -0.00128026725724], [0.0003749752359, -0.00103953049984, 0.00128272152506, -0.00158153939992, 0.000446503021521, -0.00577198294923, 0.0200638305396, -0.00456084357575, 0.00234750262462, 0.0017775533488, -0.00476226210594, 0.00255719874986, -0.00120782759041], [6.17193218204e-005, 0.000441076233983, -0.00135393382516, 0.00305900233798, -0.00266820890829, 0.000403501617257, -0.00456084357575, 0.0202097240835, -0.00122398429085, -0.00424762768671, 0.000869572453666, -0.00141846342012, 0.00248515279964], [-0.00032064403058, -0.000174904125743, 0.000574538775254, -0.00127211213112, -0.000400470045861, -0.0062690936029, 0.00234750262462, -0.00122398429085, 0.0192896015942, 0.000844190246426, -0.00311601837166, 0.00314037664793, -0.00430908799171], [-0.000579834682867, -0.000160380965099, 0.000508025463205, -0.000698466377798, -0.00227938708849, 0.000672752852552, 0.0017775533488, -0.00424762768671, 0.000844190246426, 0.0166710503399, -0.00758782727644, 0.00202457932755, -0.00245787855238], [-1.62672404258e-005, -0.000920544436667, -0.000653191120364, -0.00264582480304, 0.00393361225724, 0.00104281248059, -0.00476226210594, 0.000869572453666, -0.00311601837166, -0.00758782727644, 0.0308004878461, -0.00626529706642, -0.00241525447927], [0.000253749603871, 0.000532399339136, 0.00103398738429, -0.00142666627653, -0.00142824347131, -0.000481129885884, 0.00255719874986, -0.00141846342012, 0.00314037664793, 0.00202457932755, -0.00626529706642, 0.0223687011749, -0.00744926696643], [0.000279716623481, -3.03241668007e-005, -0.00063786591636, 0.00272000906989, -0.000120705568406, -0.00128026725724, -0.00120782759041, 0.00248515279964, -0.00430908799171, -0.00245787855238, -0.00241525447927, -0.00744926696643, 0.021830201149]]
    },
    "spectral_contrast_coeffs": {
        "mean": [-0.6499761343, -0.743181347847, -0.789025485516, -0.802242577076, -0.798587739468, -0.753808736801],
        "var": [0.00684556271881, 0.00332136941142, 0.00273994309828, 0.00197239383124, 0.00105900631752, 0.00159343949053]
    },
    "spectral_contrast_valleys": {
        "mean": [-6.48208808899, -6.87627887726, -7.38567495346, -7.76802873611, -8.49589443207, -11.641705513],
        "var": [0.476038664579, 0.467885047197, 0.616879880428, 0.689197063446, 0.969352245331, 2.51363301277]
    }
},
"metadata": {
    "audio_properties": {
        "analysis_sample_rate": 44100,
        "bit_rate": 128074,
        "equal_loudness": 0,
        "length": 45.0612258911,
        "lossless": 0,
        "replay_gain": -5.67437362671,
        "sample_rate": 44100,
        "codec": "mp3",
        "downmix": "mix",
        "md5_encoded": "0485cd7d89d60215f8e4dba72bf3f7e9"
    },
    "tags": {
        "file_name": "1527.mp3"
    },
    "version": {
        "essentia": "2.1-beta2",
        "essentia_git_sha": "v2.1_beta2",
        "extractor": "music 1.0"
    }
},
"rhythm": {
    "beats_count": 59,
    "beats_loudness": {
        "mean": 0.108888320625,
        "var": 0.00687689706683
    },
    "bpm": 79.8401870728,
    "bpm_histogram_first_peak_bpm": {
        "mean": 80,
        "var": 0
    },
    "bpm_histogram_first_peak_spread": {
        "mean": 0.111111044884,
        "var": 0
    },
    "bpm_histogram_first_peak_weight": {
        "mean": 0.827586233616,
        "var": 0
    },
    "bpm_histogram_second_peak_bpm": {
        "mean": 75,
        "var": 0
    },
    "bpm_histogram_second_peak_spread": {
        "mean": 0.250000029802,
        "var": 0
    },
    "bpm_histogram_second_peak_weight": {
        "mean": 0.0517241358757,
        "var": 0
    },
    "danceability": 1.52016878128,
    "onset_rate": 5.01313829422,
    "beats_loudness_band_ratio": {
        "mean": [0.620847523212, 0.0800365880132, 0.0517015531659, 0.144506648183, 0.0705809444189, 0.0689288526773],
        "var": [0.138735696673, 0.00240389956161, 0.00300731672905, 0.0237150769681, 0.0057673486881, 0.00589597038925]
    },
    "beats_position": [0.777868449688, 1.5673469305, 2.38004541397, 3.1811337471, 3.97061228752, 4.77170038223, 5.59600877762, 6.3622674942, 7.10530614853, 7.87156438828, 8.6146030426, 9.36925125122, 10.1239004135, 10.866938591, 11.6099767685, 12.3646259308, 13.1192741394, 13.8623123169, 14.6053514481, 15.3599996567, 16.114648819, 16.8692970276, 17.6239452362, 18.3669834137, 19.1100215912, 19.8762817383, 20.6193199158, 21.3623580933, 22.1170063019, 22.8716545105, 23.614692688, 24.369342804, 25.1239910126, 25.8670291901, 26.6100673676, 27.3647155762, 28.1193637848, 28.8624038696, 29.6054420471, 30.3600902557, 31.1147384644, 31.869386673, 32.6240348816, 33.3670730591, 34.1101112366, 34.8763694763, 35.6194114685, 36.362449646, 37.1170959473, 37.8717460632, 38.6147842407, 39.369430542, 40.124080658, 40.8671188354, 41.6101570129, 42.3648071289, 43.1194534302, 43.8624954224, 44.6055335999]
},
"tonal": {
    "chords_changes_rate": 0.0565843619406,
    "chords_number_rate": 0.00308641977608,
    "chords_strength": {
        "mean": 0.587606728077,
        "var": 0.00550013873726
    },
    "hpcp_entropy": {
        "mean": 2.37830543518,
        "var": 0.419735640287
    },
    "key_strength": 0.748640775681,
    "tuning_diatonic_strength": 0.624203324318,
    "tuning_equal_tempered_deviation": 0.275761127472,
    "tuning_frequency": 440,
    "tuning_nontempered_energy_ratio": 0.929440617561,
    "hpcp": {
        "mean": [0.368683248758, 0.272690951824, 0.193198680878, 0.15055668354, 0.124685324728, 0.0938436388969, 0.0953446403146, 0.128173306584, 0.130538448691, 0.125170260668, 0.120701394975, 0.0782651603222, 0.0463477000594, 0.0429545678198, 0.0459815450013, 0.0547734461725, 0.0726689100266, 0.084179840982, 0.0974075347185, 0.118986964226, 0.140733808279, 0.202345758677, 0.270143896341, 0.238038003445, 0.135130465031, 0.0648188963532, 0.0344125144184, 0.0321279615164, 0.0690337121487, 0.111141704023, 0.108500443399, 0.0837112441659, 0.0740428864956, 0.0958378762007, 0.190987035632, 0.340925782919],
        "var": [0.149776488543, 0.10584513098, 0.0859681069851, 0.0668541863561, 0.058275680989, 0.0386928170919, 0.0376846417785, 0.0495699159801, 0.0513690188527, 0.0476797148585, 0.0564424321055, 0.0280336551368, 0.0166507437825, 0.0105763683096, 0.0140108540654, 0.0190968941897, 0.0381403975189, 0.0401120148599, 0.0345888249576, 0.0460069030523, 0.0602239184082, 0.0750413089991, 0.0954519361258, 0.081252194941, 0.04527361691, 0.0249482635409, 0.00819937232882, 0.00524881482124, 0.0197437722236, 0.0350300073624, 0.0361603312194, 0.0341950654984, 0.0306646917015, 0.0385425463319, 0.0789937525988, 0.144672825933]
    },
    "chords_histogram": [65.1234588623, 0, 0, 0, 0, 0, 0, 0, 0, 29.4238681793, 0.411522626877, 0, 0, 0, 0, 0, 0, 0, 0, 0, 0, 0, 0, 5.04115247726],
    "thpcp": [1, 0.739634752274, 0.524023473263, 0.408363223076, 0.3381909132, 0.254537314177, 0.258608549833, 0.347651571035, 0.354066669941, 0.339506238699, 0.32738506794, 0.212282925844, 0.12571144104, 0.116508051753, 0.124718293548, 0.14856505394, 0.197103917599, 0.228325650096, 0.264203846455, 0.322734922171, 0.381720095873, 0.548833608627, 0.732726275921, 0.645643651485, 0.366521835327, 0.175811886787, 0.0933389663696, 0.0871424525976, 0.187243968248, 0.301455795765, 0.294291764498, 0.227054640651, 0.200830623507, 0.259946376085, 0.518024742603, 0.924711883068],
    "chords_key": "A",
    "chords_scale": "minor",
    "key_key": "A",
    "key_scale": "minor"
}
}