{
"lowlevel": {
    "average_loudness": 0.979147434235,
    "barkbands_crest": {
        "mean": 12.9613952637,
        "var": 21.3082370758
    },
    "barkbands_flatness_db": {
        "mean": 0.163930818439,
        "var": 0.00241040368564
    },
    "barkbands_kurtosis": {
        "mean": 11.8717164993,
        "var": 247.852020264
    },
    "barkbands_skewness": {
        "mean": 2.71766829491,
        "var": 2.73510026932
    },
    "barkbands_spread": {
        "mean": 18.7747135162,
        "var": 281.563201904
    },
    "dissonance": {
        "mean": 0.464290767908,
        "var": 0.000612770207226
    },
    "dynamic_complexity": 3.8350110054,
    "erbbands_crest": {
        "mean": 8.7805929184,
        "var": 20.8269443512
    },
    "erbbands_flatness_db": {
        "mean": 0.157875210047,
        "var": 0.00111439800821
    },
    "erbbands_kurtosis": {
        "mean": 0.507994830608,
        "var": 9.52206993103
    },
    "erbbands_skewness": {
        "mean": 0.520230174065,
        "var": 1.25399410725
    },
    "erbbands_spread": {
        "mean": 56.8511695862,
        "var": 956.704528809
    },
    "hfc": {
        "mean": 13.7506561279,
        "var": 470.829742432
    },
    "melbands_crest": {
        "mean": 16.6139202118,
        "var": 27.3109722137
    },
    "melbands_flatness_db": {
        "mean": 0.22649396956,
        "var": 0.00502038560808
    },
    "melbands_kurtosis": {
        "mean": 40.632068634,
        "var": 2936.0246582
    },
    "melbands_skewness": {
        "mean": 4.60876941681,
        "var": 7.40489721298
    },
    "melbands_spread": {
        "mean": 20.5789642334,
        "var": 1050.36853027
    },
    "pitch_salience": {
        "mean": 0.548824369907,
        "var": 0.0174625683576
    },
    "silence_rate_20dB": {
        "mean": 1,
        "var": 0
    },
    "silence_rate_30dB": {
        "mean": 0.963439762592,
        "var": 0.0352229550481
    },
    "silence_rate_60dB": {
        "mean": 0.19464468956,
        "var": 0.156756415963
    },
    "spectral_centroid": {
        "mean": 1167.90014648,
        "var": 780959.75
    },
    "spectral_complexity": {
        "mean": 10.0962924957,
        "var": 59.9220199585
    },
    "spectral_decrease": {
        "mean": -5.86815485093e-009,
        "var": 8.92918971938e-017
    },
    "spectral_energy": {
        "mean": 0.0233949553221,
        "var": 0.00135946762748
    },
    "spectral_energyband_high": {
        "mean": 0.00137253722642,
        "var": 7.08085735823e-006
    },
    "spectral_energyband_low": {
        "mean": 0.012050524354,
        "var": 0.000753227272071
    },
    "spectral_energyband_middle_high": {
        "mean": 0.000769842066802,
        "var": 9.70090354713e-007
    },
    "spectral_energyband_middle_low": {
        "mean": 0.0111785382032,
        "var": 0.000467073579784
    },
    "spectral_entropy": {
        "mean": 7.39621162415,
        "var": 0.251500666142
    },
    "spectral_flux": {
        "mean": 0.0847955271602,
        "var": 0.00741312932223
    },
    "spectral_kurtosis": {
        "mean": 3.67677664757,
        "var": 9.87520313263
    },
    "spectral_rms": {
        "mean": 0.00375173147768,
        "var": 8.74887791724e-006
    },
    "spectral_rolloff": {
        "mean": 1304.12487793,
        "var": 3998550.25
    },
    "spectral_skewness": {
        "mean": 1.3860514164,
        "var": 0.448237091303
    },
    "spectral_spread": {
        "mean": 5064142.5,
        "var": 2.4256095191e+012
    },
    "spectral_strongpeak": {
        "mean": 0.511549890041,
        "var": 0.202763289213
    },
    "zerocrossingrate": {
        "mean": 0.057164106518,
        "var": 0.00224058120511
    },
    "barkbands": {
        "mean": [8.523890574e-005, 0.00576098728925, 0.00423572259024, 0.00384768750519, 0.00528041040525, 0.00136034376919, 0.000495515647344, 0.000146063452121, 4.57924725197e-005, 3.19965438393e-005, 7.4855001003e-005, 8.06196258054e-005, 3.865135659e-005, 4.46391059086e-005, 3.64340594388e-005, 6.40353100607e-005, 5.32390477019e-005, 9.65425351751e-005, 0.000121438897622, 0.000236773383222, 0.000380796554964, 0.000376018666429, 0.000303777225781, 0.000142777033034, 4.40041403635e-005, 1.01911573438e-005, 4.40378755684e-007],
        "var": [4.46095675954e-008, 0.000189756799955, 0.000159252958838, 0.000100555895187, 0.00018508710491, 3.55785073225e-006, 1.76252342499e-007, 2.34926655907e-008, 4.11218792351e-009, 1.2308291053e-009, 3.85679044257e-009, 4.8689692278e-009, 1.56272761398e-009, 5.62302826523e-009, 1.98416660879e-009, 7.80972619907e-009, 1.07474713573e-008, 5.6789900782e-008, 6.54979217529e-008, 2.43470168471e-007, 6.44568160624e-007, 5.31857608621e-007, 3.53524796992e-007, 8.51097325949e-008, 7.35306215915e-009, 5.41803268916e-010, 1.56573864117e-012]
    },
    "erbbands": {
        "mean": [0.078924253583, 1.57506763935, 4.86534738541, 9.87281036377, 19.9512882233, 12.7728366852, 11.104265213, 12.1995067596, 6.78758716583, 6.92475509644, 2.43364405632, 1.03311240673, 0.829672813416, 2.13376712799, 3.11844801903, 2.55088043213, 1.88438045979, 2.39337396622, 1.46686387062, 3.02630639076, 3.55319476128, 3.42262148857, 4.95822095871, 6.45553445816, 7.02877092361, 10.3925638199, 15.4147205353, 12.1880674362, 13.665143013, 11.7156229019, 8.79515171051, 4.22534894943, 1.69569921494, 0.725066244602, 0.199818432331, 0.0605371072888, 0.01545902621, 0.00227668252774, 7.21201577107e-005, 3.08849448629e-005],
        "var": [0.0301696341485, 14.6030282974, 164.887496948, 781.116027832, 3578.96362305, 781.42578125, 253.666641235, 396.697570801, 36.1790542603, 41.9668540955, 5.8525686264, 1.99827086926, 0.608244240284, 2.81410837173, 3.79183936119, 3.67850017548, 3.48169660568, 15.7414655685, 4.11769533157, 13.5239610672, 25.301815033, 39.0743980408, 139.191009521, 210.778198242, 178.702301025, 527.393371582, 1038.82299805, 694.602722168, 725.683227539, 572.15838623, 284.015594482, 73.7625808716, 11.7951393127, 2.26226186752, 0.143923580647, 0.0164262875915, 0.00121844548266, 2.88674837066e-005, 2.64111434944e-008, 2.15898987577e-009]
    },
    "gfcc": {
        "mean": [-61.0901603699, 84.8389892578, -106.762115479, 47.887462616, -77.7707290649, 0.951864421368, -51.4118804932, -8.00754642487, -34.2794876099, -0.160595595837, -13.6586389542, 3.71092438698, -10.472653389],
        "cov": [[4787.68212891, -1519.29187012, 1090.43286133, 1647.06689453, -48.3517036438, 584.421508789, 257.859985352, -40.0159072876, 165.507080078, -19.0102272034, -91.0668869019, -115.724143982, -233.121673584], [-1519.29187012, 1318.0814209, -128.365112305, -589.966430664, 302.405303955, -155.240707397, 8.34982872009, 47.4730644226, 15.2231378555, 15.6294021606, 63.6094207764, 27.6057300568, 154.957458496], [1090.43286133, -128.365112305, 803.429016113, 639.115661621, 182.138122559, 350.293884277, 246.320022583, 63.1036071777, 161.432525635, 25.5523090363, 23.1643447876, -41.762462616, -19.5613574982], [1647.06689453, -589.966430664, 639.115661621, 880.850280762, 89.3653411865, 360.245544434, 217.886306763, 35.2735862732, 151.69102478, -4.85948944092, 4.11555671692, -44.1878395081, -91.7619857788], [-48.3517036438, 302.405303955, 182.138122559, 89.3653411865, 235.167419434, 75.2837982178, 75.9744873047, 33.692489624, 40.1040611267, 5.56178665161, 6.80269765854, -7.12712621689, 25.4678535461], [584.421508789, -155.240707397, 350.293884277, 360.245544434, 75.2837982178, 273.376251221, 168.584869385, 64.2398223877, 119.407966614, 34.4846611023, 34.1334075928, -0.703185737133, -21.3183708191], [257.859985352, 8.34982872009, 246.320022583, 217.886306763, 75.9744873047, 168.584869385, 154.734680176, 65.6421737671, 95.2355651855, 24.9175662994, 40.0459976196, 0.211161598563, -3.42498373985], [-40.0159072876, 47.4730644226, 63.1036071777, 35.2735862732, 33.692489624, 64.2398223877, 65.6421737671, 103.49067688, 63.3983459473, 40.8539886475, 39.0091362, 23.5226840973, 4.04421758652], [165.507080078, 15.2231378555, 161.432525635, 151.69102478, 40.1040611267, 119.407966614, 95.2355651855, 63.3983459473, 140.725509644, 52.9056816101, 53.1551017761, 10.3266820908, 13.0135793686], [-19.0102272034, 15.6294021606, 25.5523090363, -4.85948944092, 5.56178665161, 34.4846611023, 24.9175662994, 40.8539886475, 52.9056816101, 88.747718811, 46.8815193176, 30.8494186401, 29.2949752808], [-91.0668869019, 63.6094207764, 23.1643447876, 4.11555671692, 6.80269765854, 34.1334075928, 40.0459976196, 39.0091362, 53.1551017761, 46.8815193176, 85.9634399414, 47.6453666687, 32.5293502808], [-115.724143982, 27.6057300568, -41.762462616, -44.1878395081, -7.12712621689, -0.703185737133, 0.211161598563, 23.5226840973, 10.3266820908, 30.8494186401, 47.6453666687, 70.1165542603, 40.3740959167], [-233.121673584, 154.957458496, -19.5613574982, -91.7619857788, 25.4678535461, -21.3183708191, -3.42498373985, 4.04421758652, 13.0135793686, 29.2949752808, 32.5293502808, 40.3740959167, 82.0122070313]],
        "icov": [[0.00079761800589, -0.000249618722592, -0.000134805508424, -0.0018337611109, 0.000933863571845, -0.000271061639069, 0.000817903026473, 0.000238165506744, 0.000518323737197, -0.000951506430283, 0.000932781491429, -0.000308050657623, 0.000356232427293], [-0.000249618722592, 0.00531941233203, -0.00149591709487, 0.00606934493408, -0.00702451355755, 0.00265439413488, -0.00342815415934, 0.000703428057022, -0.00334468670189, 0.00367537303828, -0.00358785223216, 0.00195270741824, -0.00195303396322], [-0.000134805508424, -0.00149591709487, 0.00539205223322, -0.00374180288054, 0.000580832595006, -0.00267998920754, -0.00120224629063, -0.00036246192758, 0.00157136481721, -0.00138588808477, 0.000660388206597, 0.00293522910215, -0.00282784830779], [-0.0018337611109, 0.00606934493408, -0.00374180288054, 0.0143817542121, -0.00886272266507, 0.000920029415283, -0.00504416693002, 0.00250527588651, -0.0065481052734, 0.0067643057555, -0.00485586514696, -4.87720399178e-006, 0.00172721873969], [0.000933863571845, -0.00702451355755, 0.000580832595006, -0.00886272266507, 0.0158217214048, -0.00323573546484, 0.00290726404637, -0.00218840548769, 0.00529584521428, -0.00463020382449, 0.00632361555472, -0.00147191109136, -0.000345863139955], [-0.000271061639069, 0.00265439413488, -0.00267998920754, 0.000920029415283, -0.00323573546484, 0.0197168029845, -0.0147713394836, 0.00183239358012, -0.00478566251695, -0.00143972772639, 0.00242913211696, -0.00518733309582, 0.00289100036025], [0.000817903026473, -0.00342815415934, -0.00120224629063, -0.00504416693002, 0.00290726404637, -0.0147713394836, 0.0338378660381, -0.00889268238097, 0.000100676406873, 0.00274211983196, -0.00632818229496, 0.00565398298204, -0.00128809176385], [0.000238165506744, 0.000703428057022, -0.00036246192758, 0.00250527588651, -0.00218840548769, 0.00183239358012, -0.00889268238097, 0.0202134195715, -0.00581316044554, -0.00434292992577, 0.0018170013791, -0.00840600207448, 0.00774356350303], [0.000518323737197, -0.00334468670189, 0.00157136481721, -0.0065481052734, 0.00529584521428, -0.00478566251695, 0.000100676406873, -0.00581316044554, 0.0216605775058, -0.0074603469111, -0.00470233429223, 0.00710565363988, -0.00416164519265], [-0.000951506430283, 0.00367537303828, -0.00138588808477, 0.0067643057555, -0.00463020382449, -0.00143972772639, 0.00274211983196, -0.00434292992577, -0.0074603469111, 0.0238594859838, -0.0091199753806, 0.0012722518295, -0.00536675192416], [0.000932781491429, -0.00358785223216, 0.000660388206597, -0.00485586514696, 0.00632361555472, 0.00242913211696, -0.00632818229496, 0.0018170013791, -0.00470233429223, -0.0091199753806, 0.0335353836417, -0.0192436892539, 0.00264460942708], [-0.000308050657623, 0.00195270741824, 0.00293522910215, -4.87720399178e-006, -0.00147191109136, -0.00518733309582, 0.00565398298204, -0.00840600207448, 0.00710565363988, 0.0012722518295, -0.0192436892539, 0.0386369787157, -0.0170810911804], [0.000356232427293, -0.00195303396322, -0.00282784830779, 0.00172721873969, -0.000345863139955, 0.00289100036025, -0.00128809176385, 0.00774356350303, -0.00416164519265, -0.00536675192416, 0.00264460942708, -0.0170810911804, 0.0285147000104]]
    },
    "melbands": {
        "mean": [0.00117559719365, 0.00252775708213, 0.00203549279831, 0.00124842487276, 0.000402291945647, 0.000260427535977, 0.000106339226477, 6.77046919009e-005, 1.63534332387e-005, 5.83501923757e-006, 4.05048058383e-006, 8.1805346781e-006, 1.0349222066e-005, 9.91361957858e-006, 4.36844720753e-006, 4.55612916994e-006, 4.32564957009e-006, 2.25447161029e-006, 3.07851291836e-006, 4.32657088822e-006, 3.90090690416e-006, 3.40978431268e-006, 3.97367557525e-006, 4.5535962272e-006, 5.35938261237e-006, 4.46176773039e-006, 7.39129700378e-006, 6.35180731479e-006, 9.07060439204e-006, 1.08321646621e-005, 5.50230106455e-006, 7.27973292669e-006, 8.06423395261e-006, 5.95039637119e-006, 5.61584647585e-006, 3.33982256961e-006, 2.31473609347e-006, 1.26454699512e-006, 8.64553726387e-007, 4.97245309816e-007],
        "var": [7.59196245781e-006, 3.72412978322e-005, 2.57045230683e-005, 1.16520059237e-005, 3.32611250542e-007, 1.57823293989e-007, 7.72681474359e-009, 3.98353883213e-009, 3.40767108975e-010, 6.03813665734e-011, 1.85228082872e-011, 4.15472309334e-011, 5.8646865142e-011, 9.31863475273e-011, 2.26560523814e-011, 2.33542907235e-011, 6.2511405774e-011, 1.22475484615e-011, 1.26498716016e-011, 3.50569087648e-011, 3.14174276872e-011, 3.76991736439e-011, 9.84680531557e-011, 1.21125540153e-010, 1.48964382496e-010, 8.55178497461e-011, 2.40649833394e-010, 2.35403890825e-010, 3.6344230403e-010, 4.97427099511e-010, 1.87409920915e-010, 2.10507833387e-010, 2.45040598923e-010, 1.61361757289e-010, 1.18164839025e-010, 4.3622497975e-011, 2.41038109611e-011, 6.7121859286e-012, 3.39699319021e-012, 1.07425483439e-012]
    },
    "mfcc": {
        "mean": [-702.59979248, 105.921813965, 20.5394477844, 34.2097930908, -5.01972484589, 4.58595657349, -10.0187568665, -8.45100975037, -16.2387008667, -13.1676034927, -12.1695022583, -1.22296106815, 3.21092629433],
        "cov": [[4305.38085938, -2261.60302734, 1233.97595215, 914.634887695, 237.3934021, 667.811523438, 156.243148804, 284.992980957, 107.262588501, 293.569366455, 130.873626709, 58.7837867737, -88.5534362793], [-2261.60302734, 1914.96447754, -612.162231445, -402.814605713, 12.2446718216, -290.706359863, -15.9196090698, -141.461730957, 15.5349674225, -136.808197021, -49.390499115, -34.6175193787, 42.7521591187], [1233.97595215, -612.162231445, 802.364624023, 386.625732422, 175.177352905, 367.928314209, 169.832580566, 200.253982544, 149.868392944, 195.45803833, 107.820983887, 67.5055236816, 62.6687507629], [914.634887695, -402.814605713, 386.625732422, 369.370239258, 171.540008545, 227.147399902, 99.3725814819, 125.750968933, 71.5899505615, 101.806182861, 38.0980682373, 23.3228321075, 13.9680786133], [237.3934021, 12.2446718216, 175.177352905, 171.540008545, 163.916488647, 132.59161377, 74.3965454102, 77.0952148438, 65.6438674927, 60.2391548157, 26.446603775, 17.0118370056, 23.0473918915], [667.811523438, -290.706359863, 367.928314209, 227.147399902, 132.59161377, 270.176727295, 110.371307373, 112.749038696, 85.5635681152, 112.337539673, 53.090801239, 29.6098251343, 28.1747207642], [156.243148804, -15.9196090698, 169.832580566, 99.3725814819, 74.3965454102, 110.371307373, 108.777748108, 75.1827774048, 52.4838104248, 51.5008049011, 36.828540802, 23.7203979492, 24.1315860748], [284.992980957, -141.461730957, 200.253982544, 125.750968933, 77.0952148438, 112.749038696, 75.1827774048, 142.75881958, 59.8673934937, 65.2797775269, 42.1570930481, 43.9295005798, 39.0888023376], [107.262588501, 15.5349674225, 149.868392944, 71.5899505615, 65.6438674927, 85.5635681152, 52.4838104248, 59.8673934937, 96.5986328125, 68.366607666, 32.5804328918, 26.9860515594, 37.0205039978], [293.569366455, -136.808197021, 195.45803833, 101.806182861, 60.2391548157, 112.337539673, 51.5008049011, 65.2797775269, 68.366607666, 105.702606201, 53.7645072937, 35.7761726379, 40.1886367798], [130.873626709, -49.390499115, 107.820983887, 38.0980682373, 26.446603775, 53.090801239, 36.828540802, 42.1570930481, 32.5804328918, 53.7645072937, 77.9128417969, 45.5218887329, 24.4891834259], [58.7837867737, -34.6175193787, 67.5055236816, 23.3228321075, 17.0118370056, 29.6098251343, 23.7203979492, 43.9295005798, 26.9860515594, 35.7761726379, 45.5218887329, 66.5710601807, 39.2133178711], [-88.5534362793, 42.7521591187, 62.6687507629, 13.9680786133, 23.0473918915, 28.1747207642, 24.1315860748, 39.0888023376, 37.0205039978, 40.1886367798, 24.4891834259, 39.2133178711, 96.4769439697]],
        "icov": [[0.00132839661092, 0.00083868438378, -0.000435837340774, -0.00195148296189, 0.000681516597979, -0.000965580053162, 0.000962234975304, 0.000315103214234, -3.92459151044e-005, -0.000107047017082, -0.00050507474225, -0.000373757648049, 0.0015038929414], [0.00083868438378, 0.00195083348081, 0.000320900260704, 0.000450220366474, -0.00222282670438, 0.000448976963526, -0.00107344193384, 0.00112500134856, -0.00178922794294, 0.00119876058307, -0.000825627357699, 0.000398149975808, 7.92322607595e-005], [-0.000435837340774, 0.000320900260704, 0.00526020955294, -0.00162875989918, 0.00162991334219, -0.00279741198756, -0.00172400218435, -0.000586177164223, -0.00267290696502, -0.000479925714899, -0.0017404895043, 0.000938783749007, -0.00134122197051], [-0.00195148296189, 0.000450220366474, -0.00162875989918, 0.0147688388824, -0.0111591033638, 0.0012744050473, -0.00226671295241, -0.00143534003291, 0.00213399063796, -0.000981528544798, 0.00310921343043, 0.000655389390886, -0.00109444034752], [0.000681516597979, -0.00222282670438, 0.00162991334219, -0.0111591033638, 0.0222494658083, -0.0059480634518, 0.000348572677467, -0.00211553834379, -0.00351986847818, 5.50481454411e-005, -0.000814240251202, 0.000208285840927, 0.000809006567579], [-0.000965580053162, 0.000448976963526, -0.00279741198756, 0.0012744050473, -0.0059480634518, 0.0164763946086, -0.00659426487982, 0.000295939738862, -2.41708912654e-005, -0.00513136014342, 0.00155571615323, 0.00166691385675, -0.000239491346292], [0.000962234975304, -0.00107344193384, -0.00172400218435, -0.00226671295241, 0.000348572677467, -0.00659426487982, 0.0232033301145, -0.00582718104124, -0.000943634891883, 0.00252637569793, -0.0045355069451, 0.000920278427657, 0.00129349064082], [0.000315103214234, 0.00112500134856, -0.000586177164223, -0.00143534003291, -0.00211553834379, 0.000295939738862, -0.00582718104124, 0.0164458677173, -0.00298162875697, 0.000701634213328, 0.000621510378551, -0.00574448192492, -0.0013785235351], [-3.92459151044e-005, -0.00178922794294, -0.00267290696502, 0.00213399063796, -0.00351986847818, -2.41708912654e-005, -0.000943634891883, -0.00298162875697, 0.0271189212799, -0.0139456409961, 0.00444777263328, -0.00200223107822, -0.000436016416643], [-0.000107047017082, 0.00119876058307, -0.000479925714899, -0.000981528544798, 5.50481454411e-005, -0.00513136014342, 0.00252637569793, 0.000701634213328, -0.0139456409961, 0.0341597050428, -0.0132317095995, 0.00238802400418, -0.00609673187137], [-0.00050507474225, -0.000825627357699, -0.0017404895043, 0.00310921343043, -0.000814240251202, 0.00155571615323, -0.0045355069451, 0.000621510378551, 0.00444777263328, -0.0132317095995, 0.0308653116226, -0.0167243722826, 0.00397361675277], [-0.000373757648049, 0.000398149975808, 0.000938783749007, 0.000655389390886, 0.000208285840927, 0.00166691385675, 0.000920278427657, -0.00574448192492, -0.00200223107822, 0.00238802400418, -0.0167243722826, 0.0334537923336, -0.00924210529774], [0.0015038929414, 7.92322607595e-005, -0.00134122197051, -0.00109444034752, 0.000809006567579, -0.000239491346292, 0.00129349064082, -0.0013785235351, -0.000436016416643, -0.00609673187137, 0.00397361675277, -0.00924210529774, 0.018306594342]]
    },
    "spectral_contrast_coeffs": {
        "mean": [-0.556736290455, -0.728078961372, -0.805830717087, -0.798446655273, -0.777118802071, -0.75526279211],
        "var": [0.0109057743102, 0.00359506765381, 0.00128917966504, 0.00111765426118, 0.00103832653258, 0.00141004426405]
    },
    "spectral_contrast_valleys": {
        "mean": [-8.19883155823, -7.09450292587, -8.14747619629, -8.64145946503, -8.36913871765, -10.5144891739],
        "var": [1.79971301556, 0.433847427368, 0.334242105484, 0.490966409445, 1.16175544262, 1.60440504551]
    }
},
"metadata": {
    "audio_properties": {
        "analysis_sample_rate": 44100,
        "bit_rate": 128074,
        "equal_loudness": 0,
        "length": 45.0612258911,
        "lossless": 0,
        "replay_gain": -5.93932914734,
        "sample_rate": 44100,
        "codec": "mp3",
        "downmix": "mix",
        "md5_encoded": "1064ad95c67bd898b3f331aeedbef398"
    },
    "tags": {
        "file_name": "1528.mp3"
    },
    "version": {
        "essentia": "2.1-beta2",
        "essentia_git_sha": "v2.1_beta2",
        "extractor": "music 1.0"
    }
},
"rhythm": {
    "beats_count": 69,
    "beats_loudness": {
        "mean": 0.0684150159359,
        "var": 0.00067969126394
    },
    "bpm": 91.6186676025,
    "bpm_histogram_first_peak_bpm": {
        "mean": 92,
        "var": 0
    },
    "bpm_histogram_first_peak_spread": {
        "mean": 0.107692345977,
        "var": 0
    },
    "bpm_histogram_first_peak_weight": {
        "mean": 0.852941155434,
        "var": 0
    },
    "bpm_histogram_second_peak_bpm": {
        "mean": 101,
        "var": 0
    },
    "bpm_histogram_second_peak_spread": {
        "mean": 0.333333343267,
        "var": 0
    },
    "bpm_histogram_second_peak_weight": {
        "mean": 0.0294117648154,
        "var": 0
    },
    "danceability": 2.70761990547,
    "onset_rate": 3.61567044258,
    "beats_loudness_band_ratio": {
        "mean": [0.760994851589, 0.225861907005, 0.0181237049401, 0.00879421271384, 0.0210883542895, 0.110888920724],
        "var": [0.0283108651638, 0.0201284810901, 0.000804939772934, 0.000129382446175, 0.000472758518299, 0.0130720315501]
    },
    "beats_position": [0.580498874187, 1.17260766029, 1.764716506, 2.38004541397, 3.01859402657, 3.66875267029, 4.34213161469, 4.99229001999, 5.64244890213, 6.29260778427, 6.9543762207, 7.60453510284, 8.26630401611, 8.91646194458, 9.56662082672, 10.2167797089, 10.8785486221, 11.5287075043, 12.1904764175, 12.840634346, 13.5024032593, 14.1525621414, 14.8143310547, 15.4644899368, 16.1262588501, 16.7764167786, 17.4381847382, 18.088344574, 18.7385025024, 19.3886623383, 20.062040329, 20.7121982574, 21.3623580933, 22.0125160217, 22.6742858887, 23.3244438171, 23.9862117767, 24.6363716125, 25.286529541, 25.9366893768, 26.5984573364, 27.2486171722, 27.9103851318, 28.5605430603, 29.2339229584, 29.8840808868, 30.5342407227, 31.1843986511, 31.8461666107, 32.4963264465, 33.1580963135, 33.8082542419, 34.4584121704, 35.1085700989, 35.7819480896, 36.4321098328, 37.0822677612, 37.7324256897, 38.4058036804, 39.0559616089, 39.7061233521, 40.3562812805, 41.006439209, 41.6682090759, 42.3299751282, 42.9801368713, 43.6302947998, 44.2804527283, 44.953830719]
},
"tonal": {
    "chords_changes_rate": 0.0761316865683,
    "chords_number_rate": 0.00925925932825,
    "chords_strength": {
        "mean": 0.47985625267,
        "var": 0.00299484655261
    },
    "hpcp_entropy": {
        "mean": 2.30575251579,
        "var": 0.588699758053
    },
    "key_strength": 0.658686876297,
    "tuning_diatonic_strength": 0.502685964108,
    "tuning_equal_tempered_deviation": 0.110439054668,
    "tuning_frequency": 440.508636475,
    "tuning_nontempered_energy_ratio": 0.759405374527,
    "hpcp": {
        "mean": [0.0418839305639, 0.0488802865148, 0.145641818643, 0.223394319415, 0.135633096099, 0.0875447615981, 0.118497900665, 0.0738608539104, 0.0329019203782, 0.0445950441062, 0.100461900234, 0.230891108513, 0.263265728951, 0.14061409235, 0.087871812284, 0.103367015719, 0.104780822992, 0.164574101567, 0.18255507946, 0.103288762271, 0.102586321533, 0.190244928002, 0.201794758439, 0.174987047911, 0.14429217577, 0.114889539778, 0.188003569841, 0.200728073716, 0.119224227965, 0.0749526321888, 0.0460134707391, 0.0510444119573, 0.137272790074, 0.177831456065, 0.11491163075, 0.0619044825435],
        "var": [0.0157523192465, 0.0161789692938, 0.0341659747064, 0.0851480513811, 0.0323023088276, 0.0202041659504, 0.0508683845401, 0.0190034676343, 0.0045875236392, 0.00896861031651, 0.0400636233389, 0.0834493786097, 0.108795292675, 0.0372346639633, 0.0344701930881, 0.0547338016331, 0.0411709882319, 0.0687461867929, 0.0948836654425, 0.0347031801939, 0.0382631085813, 0.110268674791, 0.105983063579, 0.0799804031849, 0.0553380958736, 0.0434808842838, 0.0767785534263, 0.0800208225846, 0.0546009577811, 0.0437666140497, 0.0220661535859, 0.0139319980517, 0.048190690577, 0.0569658763707, 0.0368019938469, 0.0247764997184]
    },
    "chords_histogram": [17.2839508057, 28.3950614929, 2.26337456703, 0, 0, 0, 0, 0, 0.823045253754, 0, 0, 0, 0, 0, 0, 8.12757205963, 0, 0, 0, 9.56790161133, 10.6995887756, 1.85185182095, 17.7983531952, 3.18930029869],
    "thpcp": [1, 0.534114658833, 0.333776116371, 0.392633765936, 0.398004025221, 0.625125408173, 0.693425178528, 0.392336517572, 0.389668345451, 0.722634613514, 0.766506016254, 0.664678394794, 0.548085689545, 0.436401426792, 0.714120924473, 0.762454271317, 0.452866494656, 0.284703344107, 0.174779564142, 0.193889319897, 0.521422922611, 0.675482749939, 0.436485350132, 0.235140681267, 0.159093737602, 0.185669004917, 0.553212225437, 0.848550677299, 0.515194654465, 0.332533836365, 0.450107574463, 0.280556291342, 0.124976083636, 0.169391751289, 0.381598860025, 0.877026855946],
    "chords_key": "A#",
    "chords_scale": "minor",
    "key_key": "F#",
    "key_scale": "major"
}
}