{
"lowlevel": {
    "average_loudness": 0.761322379112,
    "barkbands_crest": {
        "mean": 14.1543970108,
        "var": 19.8139972687
    },
    "barkbands_flatness_db": {
        "mean": 0.426383197308,
        "var": 0.00247749709524
    },
    "barkbands_kurtosis": {
        "mean": 6.16360664368,
        "var": 91.6287231445
    },
    "barkbands_skewness": {
        "mean": 0.819768369198,
        "var": 1.55530357361
    },
    "barkbands_spread": {
        "mean": 2.54307627678,
        "var": 3.59448003769
    },
    "dissonance": {
        "mean": 0.33196336031,
        "var": 0.00473227445036
    },
    "dynamic_complexity": 5.60566329956,
    "erbbands_crest": {
        "mean": 17.2903881073,
        "var": 41.2789764404
    },
    "erbbands_flatness_db": {
        "mean": 0.457603752613,
        "var": 0.00194176554214
    },
    "erbbands_kurtosis": {
        "mean": 4.13416099548,
        "var": 33.1927566528
    },
    "erbbands_skewness": {
        "mean": 1.02734935284,
        "var": 1.01030230522
    },
    "erbbands_spread": {
        "mean": 5.47077417374,
        "var": 10.3544130325
    },
    "hfc": {
        "mean": 9.74226474762,
        "var": 100.587471008
    },
    "melbands_crest": {
        "mean": 17.1151428223,
        "var": 37.3636398315
    },
    "melbands_flatness_db": {
        "mean": 0.538861215115,
        "var": 0.00314728100784
    },
    "melbands_kurtosis": {
        "mean": 5.44780349731,
        "var": 39.8966178894
    },
    "melbands_skewness": {
        "mean": 0.715637147427,
        "var": 1.07606458664
    },
    "melbands_spread": {
        "mean": 4.4608707428,
        "var": 35.8758659363
    },
    "pitch_salience": {
        "mean": 0.530193269253,
        "var": 0.0190213918686
    },
    "silence_rate_20dB": {
        "mean": 1,
        "var": 0
    },
    "silence_rate_30dB": {
        "mean": 0.996912002563,
        "var": 0.00307847326621
    },
    "silence_rate_60dB": {
        "mean": 0.188368499279,
        "var": 0.152887150645
    },
    "spectral_centroid": {
        "mean": 513.428405762,
        "var": 133089.796875
    },
    "spectral_complexity": {
        "mean": 8.34225463867,
        "var": 15.4984025955
    },
    "spectral_decrease": {
        "mean": -5.1155732983e-009,
        "var": 2.64078618241e-017
    },
    "spectral_energy": {
        "mean": 0.0201910100877,
        "var": 0.000410384469433
    },
    "spectral_energyband_high": {
        "mean": 3.10360235289e-007,
        "var": 1.49524847799e-012
    },
    "spectral_energyband_low": {
        "mean": 0.00039638573071,
        "var": 4.14511589497e-007
    },
    "spectral_energyband_middle_high": {
        "mean": 0.00160938967019,
        "var": 2.65735525318e-005
    },
    "spectral_energyband_middle_low": {
        "mean": 0.0186735149473,
        "var": 0.000379214179702
    },
    "spectral_entropy": {
        "mean": 5.27087640762,
        "var": 0.151582300663
    },
    "spectral_flux": {
        "mean": 0.0400145053864,
        "var": 0.00179799541365
    },
    "spectral_kurtosis": {
        "mean": 198.276260376,
        "var": 5778.24462891
    },
    "spectral_rms": {
        "mean": 0.00383482361212,
        "var": 4.99266798215e-006
    },
    "spectral_rolloff": {
        "mean": 650.975158691,
        "var": 652583.9375
    },
    "spectral_skewness": {
        "mean": 10.3201780319,
        "var": 8.02968788147
    },
    "spectral_spread": {
        "mean": 694709.5625,
        "var": 1.84376492032e+012
    },
    "spectral_strongpeak": {
        "mean": 1.5582190752,
        "var": 1.39989364147
    },
    "zerocrossingrate": {
        "mean": 0.0245934929699,
        "var": 0.000467186735477
    },
    "barkbands": {
        "mean": [2.47845287049e-006, 2.7239901101e-005, 0.000137631155667, 0.000471992214443, 0.0016868194798, 0.00592376897112, 0.00490563409403, 0.0031386280898, 0.002012321027, 0.00137281429488, 0.00024407019373, 9.48505985434e-005, 0.000105013052234, 1.84692835319e-005, 2.41211091634e-005, 1.76381472556e-005, 4.68214057037e-006, 1.49412505834e-006, 1.03913191651e-006, 1.8235941468e-007, 1.36946383122e-007, 8.16778644719e-009, 1.22364718358e-009, 6.91606605319e-010, 6.39408304082e-010, 6.30963004067e-010, 6.80850986701e-010],
        "var": [1.46125403444e-011, 2.14386064457e-009, 6.55161542795e-008, 3.78917206945e-007, 1.13450932986e-005, 0.000101486919448, 7.47444064473e-005, 6.77172502037e-005, 2.35717943724e-005, 2.91511187243e-005, 1.16314708976e-007, 2.05879810977e-008, 5.43168283684e-008, 3.2866918076e-009, 1.85112691842e-009, 1.39775757635e-009, 1.62740307341e-010, 1.9324909728e-011, 9.55954586324e-012, 3.94456711218e-013, 4.91549509429e-013, 1.74707416926e-015, 1.94207416361e-017, 1.56915438418e-018, 1.3934685633e-018, 1.33697409202e-018, 1.51570073223e-018]
    },
    "erbbands": {
        "mean": [0.000402908481192, 0.00911006331444, 0.113118626177, 0.971566617489, 1.67035627365, 6.64068031311, 19.7178974152, 54.6323699951, 65.2366714478, 102.113540649, 49.7460212708, 57.475063324, 33.5692443848, 34.178352356, 11.1099748611, 5.20879459381, 5.51843643188, 1.53582954407, 0.966321706772, 1.67378306389, 0.495993167162, 0.198699548841, 0.146724969149, 0.0524352043867, 0.0352324023843, 0.0112883606926, 0.00646974472329, 0.00369816902094, 0.000404078426072, 0.00014172817464, 4.14300993725e-005, 2.83123590634e-005, 2.34653089137e-005, 1.98472171178e-005, 1.63520708156e-005, 1.23473819258e-005, 7.23284028936e-006, 1.59733122018e-006, 9.72856105363e-006, 2.27202726819e-005],
        "var": [3.05297845671e-007, 0.000216720189201, 0.0355977267027, 2.02195882797, 4.34372520447, 131.597869873, 3897.49169922, 11109.9150391, 8415.70898438, 61316.5, 8757.86132813, 16800.71875, 7452.76220703, 36990.3789063, 239.956512451, 52.1517944336, 137.753677368, 9.95560455322, 4.02411270142, 15.4464588165, 0.684809923172, 0.212495133281, 0.204299971461, 0.0188250020146, 0.00962058175355, 0.00135813420638, 0.000762290903367, 0.000345378444763, 3.32173249262e-006, 4.40738006091e-007, 5.57885870833e-009, 1.30970212453e-009, 7.48943740358e-010, 4.64658284072e-010, 2.83447765259e-010, 1.52007045839e-010, 5.12616477044e-011, 2.69312610407e-012, 9.42710839946e-011, 5.18173060016e-010]
    },
    "gfcc": {
        "mean": [-264.642211914, 253.190429688, -117.544265747, -90.4414367676, -40.1701316833, -41.6239051819, -31.3564891815, -10.6613225937, -11.7742290497, -12.9568052292, -2.40378689766, -12.4726743698, -1.61948812008],
        "cov": [[12548.5058594, 992.997131348, -1948.80737305, 694.0625, 1201.14294434, -1326.63684082, 45.171672821, -161.826965332, -439.870147705, -226.792037964, -317.939208984, -464.759674072, -118.907936096], [992.997131348, 514.158569336, 18.4087486267, -115.689537048, 185.084671021, -83.0647125244, -168.495681763, -123.055374146, -122.001281738, -111.39566803, -7.11124801636, -41.0832595825, -14.9444875717], [-1948.80737305, 18.4087486267, 694.231689453, -195.0909729, -225.425247192, 281.690460205, -155.833557129, -73.9092941284, 18.1298942566, -6.84971189499, 90.3896789551, 94.6182327271, 20.0922832489], [694.0625, -115.689537048, -195.0909729, 399.016265869, 89.3865203857, -109.078918457, 101.987380981, -21.6997051239, -27.0813560486, 62.8531951904, -51.9254074097, -21.4519233704, 9.01221084595], [1201.14294434, 185.084671021, -225.425247192, 89.3865203857, 299.306671143, -139.707260132, -27.0295238495, -23.2938365936, -87.849861145, -64.1434631348, -37.3405799866, -73.2568664551, -25.7875766754], [-1326.63684082, -83.0647125244, 281.690460205, -109.078918457, -139.707260132, 267.186523438, 18.4610404968, 13.2309837341, 46.4121170044, 2.67360401154, 21.3419647217, 63.2596435547, 29.7612380981], [45.171672821, -168.495681763, -155.833557129, 101.987380981, -27.0295238495, 18.4610404968, 211.610031128, 110.361732483, 55.209651947, 61.3345336914, -29.2927131653, -8.75763511658, 23.9538097382], [-161.826965332, -123.055374146, -73.9092941284, -21.6997051239, -23.2938365936, 13.2309837341, 110.361732483, 143.386993408, 83.4671478271, 44.6454391479, 7.03577852249, -19.290643692, -13.6159191132], [-439.870147705, -122.001281738, 18.1298942566, -27.0813560486, -87.849861145, 46.4121170044, 55.209651947, 83.4671478271, 113.278923035, 66.6434936523, 11.2827692032, 6.83743715286, -6.75331544876], [-226.792037964, -111.39566803, -6.84971189499, 62.8531951904, -64.1434631348, 2.67360401154, 61.3345336914, 44.6454391479, 66.6434936523, 98.4813079834, 29.0136699677, 7.54849100113, 4.39747905731], [-317.939208984, -7.11124801636, 90.3896789551, -51.9254074097, -37.3405799866, 21.3419647217, -29.2927131653, 7.03577852249, 11.2827692032, 29.0136699677, 74.8709945679, 39.1840705872, -1.01783680916], [-464.759674072, -41.0832595825, 94.6182327271, -21.4519233704, -73.2568664551, 63.2596435547, -8.75763511658, -19.290643692, 6.83743715286, 7.54849100113, 39.1840705872, 91.250617981, 54.0727882385], [-118.907936096, -14.9444875717, 20.0922832489, 9.01221084595, -25.7875766754, 29.7612380981, 23.9538097382, -13.6159191132, -6.75331544876, 4.39747905731, -1.01783680916, 54.0727882385, 82.4217147827]],
        "icov": [[0.000282932101982, -0.000374717463274, 0.000360778358299, -0.000226988267968, -9.2611015134e-005, 0.000740450399462, -0.000400129851187, 0.000444852077635, -0.00035906204721, 0.000710045394953, -0.000474209489767, 0.000698479008861, -0.000360853417078], [-0.000374717463274, 0.00522018829361, -0.00124934059568, 0.0025477737654, -0.00283481623046, 0.000234555787756, 0.000298592814943, 0.00297199375927, 0.00055499636801, -0.000536309904419, 0.00023069071176, 0.000806734198704, -0.0005878743832], [0.000360778358299, -0.00124934059568, 0.00628872588277, -0.00230117677711, 0.00361065543257, -0.00493637286127, 0.00438724784181, 7.09936211933e-005, -0.000687359424774, 0.00333845801651, -0.0072156470269, 0.00596126820892, -0.00357307610102], [-0.000226988267968, 0.0025477737654, -0.00230117677711, 0.00966060068458, -0.00549312960356, 0.00269044027664, -0.00276504736394, 0.00162548373919, 0.00867865979671, -0.0164999254048, 0.0155317746103, -0.0120862741023, 0.00773355271667], [-9.2611015134e-005, -0.00283481623046, 0.00361065543257, -0.00549312960356, 0.0116984117776, -0.00258643645793, 0.00371856777929, -0.00401064241305, 0.000244330905844, 0.00972836650908, -0.00995687954128, 0.0107839815319, -0.00577318761498], [0.000740450399462, 0.000234555787756, -0.00493637286127, 0.00269044027664, -0.00258643645793, 0.0141324419528, -0.00850461702794, 0.00452229287475, -0.00413010502234, 0.00296267308295, 0.00412223953754, -0.00515115633607, 0.00226027984172], [-0.000400129851187, 0.000298592814943, 0.00438724784181, -0.00276504736394, 0.00371856777929, -0.00850461702794, 0.0237213987857, -0.020672429353, 0.0147145437077, -0.0142803192139, 0.0117524508387, -0.00355121097527, -0.00292256521061], [0.000444852077635, 0.00297199375927, 7.09936211933e-005, 0.00162548373919, -0.00401064241305, 0.00452229287475, -0.020672429353, 0.0393659807742, -0.0312349274755, 0.023357372731, -0.0263952035457, 0.0193045809865, -0.00618722848594], [-0.00035906204721, 0.00055499636801, -0.000687359424774, 0.00867865979671, 0.000244330905844, -0.00413010502234, 0.0147145437077, -0.0312349274755, 0.055372286588, -0.0488136820495, 0.0417258143425, -0.0296939685941, 0.0180700086057], [0.000710045394953, -0.000536309904419, 0.00333845801651, -0.0164999254048, 0.00972836650908, 0.00296267308295, -0.0142803192139, 0.023357372731, -0.0488136820495, 0.0756052210927, -0.0622778981924, 0.0452658459544, -0.0265989229083], [-0.000474209489767, 0.00023069071176, -0.0072156470269, 0.0155317746103, -0.00995687954128, 0.00412223953754, 0.0117524508387, -0.0263952035457, 0.0417258143425, -0.0622778981924, 0.0810576975346, -0.0591759718955, 0.0336036719382], [0.000698479008861, 0.000806734198704, 0.00596126820892, -0.0120862741023, 0.0107839815319, -0.00515115633607, -0.00355121097527, 0.0193045809865, -0.0296939685941, 0.0452658459544, -0.0591759718955, 0.0700447037816, -0.0410542376339], [-0.000360853417078, -0.0005878743832, -0.00357307610102, 0.00773355271667, -0.00577318761498, 0.00226027984172, -0.00292256521061, -0.00618722848594, 0.0180700086057, -0.0265989229083, 0.0336036719382, -0.0410542376339, 0.0389841236174]]
    },
    "melbands": {
        "mean": [5.64965375816e-006, 4.13171183027e-005, 0.000188025951502, 0.000240944078541, 0.000624989508651, 0.00123504188377, 0.00101550668478, 0.00103818555363, 0.000376625248464, 0.000327545742039, 0.000156800102559, 0.000143787241541, 3.69303234038e-005, 1.42755570778e-005, 1.23101817735e-005, 9.22970684769e-006, 2.19758362618e-006, 1.36105177262e-006, 1.69336351519e-006, 1.98350517167e-006, 3.53028951849e-007, 1.80373575631e-007, 2.63049798832e-007, 5.18237364133e-008, 4.10039113774e-008, 4.06908995387e-008, 7.57615570279e-009, 7.92131693572e-009, 2.65265431842e-009, 6.37758601485e-009, 6.51991016731e-010, 2.14287226852e-010, 7.9688707022e-011, 5.54448362222e-011, 1.56243837313e-011, 1.19603320303e-011, 9.04414217129e-012, 7.82650853848e-012, 6.72289350925e-012, 5.89732733133e-012],
        "var": [7.64749374937e-011, 4.96608487666e-009, 5.44848717254e-008, 1.44327103158e-007, 3.0717901609e-006, 4.89481226396e-006, 1.95206530407e-006, 6.66568257657e-006, 5.52718745439e-007, 5.2903476444e-007, 1.85618986848e-007, 7.18682656498e-007, 2.60182808631e-009, 3.68668096051e-010, 4.62212434993e-010, 3.33016697551e-010, 4.46117934261e-011, 8.74355622626e-012, 1.06533011579e-011, 1.94369000062e-011, 5.38562575612e-013, 2.25621171052e-013, 1.03219939106e-012, 4.0473758378e-014, 1.34896366538e-014, 1.7748116819e-014, 5.05919915082e-016, 8.21343232057e-016, 1.62911196704e-016, 1.23422642464e-015, 3.56852962358e-017, 1.09273619487e-018, 1.76774028673e-019, 6.70043567279e-020, 1.08970635264e-021, 5.28755062222e-022, 2.67915414499e-022, 2.02684720816e-022, 1.53109609198e-022, 1.1869130498e-022]
    },
    "mfcc": {
        "mean": [-858.658813477, 241.889892578, 14.9815168381, -39.8905601501, -19.9221057892, -23.512172699, -22.5003948212, -12.785525322, -8.9501247406, -8.03408908844, -6.65069627762, -3.57785391808, 0.699705421925],
        "cov": [[4830.17285156, 2817.52246094, -1380.57971191, -159.661743164, 748.666625977, -20.4845542908, -144.729003906, -42.7893180847, -79.2510604858, -110.042770386, -157.091308594, -125.186714172, -83.3557739258], [2817.52246094, 1905.0793457, -626.18951416, -262.112426758, 484.036010742, 84.4272842407, -159.618927002, -51.0324287415, -92.1544113159, -146.896987915, -138.934432983, -126.549873352, -76.4421386719], [-1380.57971191, -626.18951416, 576.548278809, 7.80420017242, -179.762939453, 72.9372329712, 2.15832328796, -28.2685394287, -28.8819561005, -36.1607131958, 5.24437761307, 2.93335986137, 4.75617265701], [-159.661743164, -262.112426758, 7.80420017242, 264.444152832, 12.4864339828, -61.1064491272, 63.6946563721, -4.94270372391, -16.0291728973, 29.0427799225, 24.9621334076, 43.5698699951, 30.8292274475], [748.666625977, 484.036010742, -179.762939453, 12.4864339828, 240.328216553, 53.983543396, -41.7368392944, -14.1827831268, -50.7714080811, -63.8167877197, -46.7021522522, -34.4803199768, -19.0839176178], [-20.4845542908, 84.4272842407, 72.9372329712, -61.1064491272, 53.983543396, 118.879699707, 7.66206264496, -21.6742286682, -19.1694564819, -46.2056121826, -41.9894180298, -33.0482597351, -35.7431678772], [-144.729003906, -159.618927002, 2.15832328796, 63.6946563721, -41.7368392944, 7.66206264496, 97.6944961548, 41.3495101929, 18.0741043091, 28.06432724, 6.19316720963, 7.03084802628, 3.74464583397], [-42.7893180847, -51.0324287415, -28.2685394287, -4.94270372391, -14.1827831268, -21.6742286682, 41.3495101929, 90.2125244141, 59.3670120239, 25.6929473877, 12.8021039963, 0.890090465546, 3.32709717751], [-79.2510604858, -92.1544113159, -28.8819561005, -16.0291728973, -50.7714080811, -19.1694564819, 18.0741043091, 59.3670120239, 113.02910614, 82.3002166748, 27.8820743561, 10.655878067, -8.84553050995], [-110.042770386, -146.896987915, -36.1607131958, 29.0427799225, -63.8167877197, -46.2056121826, 28.06432724, 25.6929473877, 82.3002166748, 127.159080505, 74.3595733643, 27.4973258972, 9.1525888443], [-157.091308594, -138.934432983, 5.24437761307, 24.9621334076, -46.7021522522, -41.9894180298, 6.19316720963, 12.8021039963, 27.8820743561, 74.3595733643, 88.8833007813, 52.392780304, 18.3817005157], [-125.186714172, -126.549873352, 2.93335986137, 43.5698699951, -34.4803199768, -33.0482597351, 7.03084802628, 0.890090465546, 10.655878067, 27.4973258972, 52.392780304, 79.8603210449, 51.222442627], [-83.3557739258, -76.4421386719, 4.75617265701, 30.8292274475, -19.0839176178, -35.7431678772, 3.74464583397, 3.32709717751, -8.84553050995, 9.1525888443, 18.3817005157, 51.222442627, 89.1389694214]],
        "icov": [[81.9651412964, -113.657814026, 107.0704422, -96.815322876, 83.7101821899, -68.9413146973, 53.7174453735, -39.2555885315, 26.5371208191, -16.3057632446, 8.71032619476, -3.76608228683, 1.11153686047], [-113.657814026, 157.611907959, -148.486846924, 134.290390015, -116.140380859, 95.6777801514, -74.5810165405, 54.5333900452, -36.8896713257, 22.6884117126, -12.1337661743, 5.25510931015, -1.55414307117], [107.0704422, -148.486846924, 139.936355591, -126.610969543, 109.57258606, -90.3535919189, 70.518913269, -51.6425628662, 35.0055580139, -21.5840053558, 11.5827674866, -5.03559017181, 1.49836087227], [-96.815322876, 134.290390015, -126.610969543, 114.6664505, -99.3531494141, 82.0609436035, -64.1940383911, 47.1479110718, -32.0712051392, 19.8724956512, -10.7300806046, 4.70053529739, -1.41446793079], [83.7101821899, -116.140380859, 109.57258606, -99.3531494141, 86.2412643433, -71.3908309937, 56.0238571167, -41.3160209656, 28.2507381439, -17.6221828461, 9.59906864166, -4.25177669525, 1.29934477806], [-68.9413146973, 95.6777801514, -90.3535919189, 82.0609436035, -71.3908309937, 59.2977180481, -46.7279663086, 34.6469154358, -23.8497524261, 15.0112428665, -8.26445770264, 3.71051263809, -1.15218877792], [53.7174453735, -74.5810165405, 70.518913269, -64.1940383911, 56.0238571167, -46.7279663086, 37.0636253357, -27.6866645813, 19.2401981354, -12.2641716003, 6.86450576782, -3.14156651497, 1.00551497936], [-39.2555885315, 54.5333900452, -51.6425628662, 47.1479110718, -41.3160209656, 34.6469154358, -27.6866645813, 20.898059845, -14.6942358017, 9.50748062134, -5.42314624786, 2.54159069061, -0.839971244335], [26.5371208191, -36.8896713257, 35.0055580139, -32.0712051392, 28.2507381439, -23.8497524261, 19.2401981354, -14.6942358017, 10.5012340546, -6.92173433304, 4.03678607941, -1.94234073162, 0.666088581085], [-16.3057632446, 22.6884117126, -21.5840053558, 19.8724956512, -17.6221828461, 15.0112428665, -12.2641716003, 9.50748062134, -6.92173433304, 4.68462133408, -2.81032109261, 1.39165556431, -0.493745177984], [8.71032619476, -12.1337661743, 11.5827674866, -10.7300806046, 9.59906864166, -8.26445770264, 6.86450576782, -5.42314624786, 4.03678607941, -2.81032109261, 1.76070666313, -0.904799282551, 0.334017843008], [-3.76608228683, 5.25510931015, -5.03559017181, 4.70053529739, -4.25177669525, 3.71051263809, -3.14156651497, 2.54159069061, -1.94234073162, 1.39165556431, -0.904799282551, 0.504449546337, -0.196428671479], [1.11153686047, -1.55414307117, 1.49836087227, -1.41446793079, 1.29934477806, -1.15218877792, 1.00551497936, -0.839971244335, 0.666088581085, -0.493745177984, 0.334017843008, -0.196428671479, 0.0931944102049]]
    },
    "spectral_contrast_coeffs": {
        "mean": [-0.564225673676, -0.631285250187, -0.668961882591, -0.716041088104, -0.734082341194, -0.896969795227],
        "var": [0.00998248718679, 0.00742474198341, 0.00687843700871, 0.00246513169259, 0.00410953583196, 0.00365518545732]
    },
    "spectral_contrast_valleys": {
        "mean": [-9.37168693542, -6.99299764633, -8.43821048737, -10.3435106277, -12.6407184601, -14.7733459473],
        "var": [1.64166927338, 1.53678333759, 1.75852870941, 1.99640989304, 1.19834339619, 1.52632379532]
    }
},
"metadata": {
    "audio_properties": {
        "analysis_sample_rate": 44100,
        "bit_rate": 78154,
        "equal_loudness": 0,
        "length": 45.0873451233,
        "lossless": 0,
        "replay_gain": -7.15587806702,
        "sample_rate": 44100,
        "codec": "mp3",
        "downmix": "mix",
        "md5_encoded": "dcfca66970397be6cd6a6b7aa4c59250"
    },
    "tags": {
        "file_name": "153.mp3"
    },
    "version": {
        "essentia": "2.1-beta2",
        "essentia_git_sha": "v2.1_beta2",
        "extractor": "music 1.0"
    }
},
"rhythm": {
    "beats_count": 106,
    "beats_loudness": {
        "mean": 0.0302770361304,
        "var": 0.000686696555931
    },
    "bpm": 143.892410278,
    "bpm_histogram_first_peak_bpm": {
        "mean": 144,
        "var": 0
    },
    "bpm_histogram_first_peak_spread": {
        "mean": 0.534883737564,
        "var": 0
    },
    "bpm_histogram_first_peak_weight": {
        "mean": 0.190476194024,
        "var": 0
    },
    "bpm_histogram_second_peak_bpm": {
        "mean": 152,
        "var": 0
    },
    "bpm_histogram_second_peak_spread": {
        "mean": 0,
        "var": 0
    },
    "bpm_histogram_second_peak_weight": {
        "mean": 0.12380952388,
        "var": 0
    },
    "danceability": 1.11329758167,
    "onset_rate": 3.94636821747,
    "beats_loudness_band_ratio": {
        "mean": [0.0427024997771, 0.33446931839, 0.637218594551, 0.0779909193516, 0.0025997387711, 8.2034181105e-005],
        "var": [0.002893517958, 0.0771645307541, 0.0737712979317, 0.0197592675686, 1.35265245262e-005, 3.4327840126e-008]
    },
    "beats_position": [0.394739210606, 0.789478421211, 1.18421769142, 1.53251695633, 1.8575963974, 2.18267560005, 2.51936507225, 2.85605430603, 3.23918366432, 3.64553284645, 4.04027223587, 4.42340135574, 4.78331041336, 5.17804956436, 5.56117916107, 5.9675283432, 6.3622674942, 6.7570066452, 7.1517457962, 7.55809497833, 7.94122457504, 8.34757328033, 8.75392246246, 9.17188167572, 9.57823085785, 9.98458003998, 10.3909292221, 10.7972784042, 11.1804075241, 11.5867567062, 11.9582767487, 12.3297958374, 12.7013149261, 13.0960540771, 13.5256233215, 13.9435825348, 14.3383216858, 14.7214508057, 15.1161899567, 15.5341491699, 15.9521083832, 16.3700675964, 16.7880268097, 17.2059860229, 17.6123352051, 18.0302944183, 18.4598636627, 18.8894329071, 19.3306121826, 19.760181427, 20.2013607025, 20.6193199158, 21.037279129, 21.4552383423, 21.8731975555, 22.2911567688, 22.7207260132, 23.1270751953, 23.5450344086, 23.9629936218, 24.3809528351, 24.7989120483, 25.2400894165, 25.6232185364, 26.0295696259, 26.4475269318, 26.8770961761, 27.3066654205, 27.747844696, 28.1658039093, 28.5605430603, 28.9552822113, 29.3500213623, 29.7099323273, 30.1394996643, 30.5806789398, 30.9986381531, 31.4282073975, 31.8577766418, 32.2989578247, 32.7401351929, 33.1813163757, 33.6224937439, 34.0868911743, 34.5512924194, 35.0040817261, 35.480091095, 35.9677085876, 36.4669380188, 36.96616745, 37.4305648804, 37.8949661255, 38.3593635559, 38.823764801, 39.2881622314, 39.7525634766, 40.2053489685, 40.6581382751, 41.1109275818, 41.5637168884, 42.0513381958, 42.550567627, 43.0381851196, 43.5258026123, 44.0134239197, 44.5010414124]
},
"tonal": {
    "chords_changes_rate": 0.0154320988804,
    "chords_number_rate": 0.00617283955216,
    "chords_strength": {
        "mean": 0.516115963459,
        "var": 0.00952189043164
    },
    "hpcp_entropy": {
        "mean": 1.37708413601,
        "var": 0.325436681509
    },
    "key_strength": 0.809391081333,
    "tuning_diatonic_strength": 0.517047405243,
    "tuning_equal_tempered_deviation": 0.00463169347495,
    "tuning_frequency": 440.508636475,
    "tuning_nontempered_energy_ratio": 0.574344277382,
    "hpcp": {
        "mean": [0.191406682134, 0.101559728384, 0.00352555792779, 0.00157313165255, 0.0033651208505, 0.15686096251, 0.313546031713, 0.166848987341, 0.12678861618, 0.229499787092, 0.112725868821, 0.00401931488886, 0.00247837859206, 0.00514289736748, 0.115491487086, 0.2353297472, 0.129638016224, 0.00934476498514, 0.00590394856408, 0.00602660467848, 0.0823213234544, 0.165623962879, 0.099455922842, 0.115479126573, 0.192434921861, 0.107515230775, 0.072783946991, 0.0830964967608, 0.0383434444666, 0.215471968055, 0.362869620323, 0.159531518817, 0.00460507906973, 0.00403659464791, 0.00600065849721, 0.0967233553529],
        "var": [0.100712381303, 0.0292996279895, 8.61368316691e-005, 1.80855204235e-005, 0.00036361781531, 0.0394620299339, 0.15549518168, 0.0426559410989, 0.0372954569757, 0.127084359527, 0.0329779945314, 0.000397934112698, 0.000264201953541, 0.000627239176538, 0.0272401310503, 0.101698957384, 0.0329394750297, 0.000461759889731, 0.00115092471242, 0.00100717169698, 0.0233601313084, 0.0951370298862, 0.0305233504623, 0.0332955978811, 0.0902547463775, 0.0329917147756, 0.0393692366779, 0.0531032346189, 0.00986149627715, 0.0670481100678, 0.174070611596, 0.0351290479302, 0.000236786130699, 0.000227762866416, 0.00125310581643, 0.0276799853891]
    },
    "chords_histogram": [19.855966568, 13.9917697906, 24.1769542694, 13.1687240601, 0, 0, 0, 0, 0, 0, 0, 0, 0, 0, 0, 0, 0, 0, 0, 0, 0, 14.6090536118, 14.1975307465, 0],
    "thpcp": [1, 0.439638674259, 0.0126907266676, 0.0111240912229, 0.0165366791189, 0.26655125618, 0.527480602264, 0.279879391193, 0.00971577037126, 0.00433525303379, 0.00927363615483, 0.432279139757, 0.864073514938, 0.459804236889, 0.349405437708, 0.632457971573, 0.310651153326, 0.011076470837, 0.00682994257659, 0.0141728520393, 0.318272680044, 0.648524224758, 0.357257843018, 0.0257524047047, 0.0162701644003, 0.0166081823409, 0.226861983538, 0.456428289413, 0.274081707001, 0.31823861599, 0.530314207077, 0.296291619539, 0.200578778982, 0.228998214006, 0.105667278171, 0.593799948692],
    "chords_key": "G",
    "chords_scale": "major",
    "key_key": "C",
    "key_scale": "major"
}
}