{
"lowlevel": {
    "average_loudness": 0.960659086704,
    "barkbands_crest": {
        "mean": 11.8478431702,
        "var": 36.3446807861
    },
    "barkbands_flatness_db": {
        "mean": 0.177122786641,
        "var": 0.0106960441917
    },
    "barkbands_kurtosis": {
        "mean": 37.8562774658,
        "var": 24172.5332031
    },
    "barkbands_skewness": {
        "mean": 2.60094594955,
        "var": 19.2942504883
    },
    "barkbands_spread": {
        "mean": 23.5325279236,
        "var": 309.793518066
    },
    "dissonance": {
        "mean": 0.471650779247,
        "var": 0.00059880700428
    },
    "dynamic_complexity": 5.63481521606,
    "erbbands_crest": {
        "mean": 8.11704158783,
        "var": 16.9349899292
    },
    "erbbands_flatness_db": {
        "mean": 0.16516251862,
        "var": 0.0023610170465
    },
    "erbbands_kurtosis": {
        "mean": 1.10483932495,
        "var": 92.3441772461
    },
    "erbbands_skewness": {
        "mean": -0.272077858448,
        "var": 1.19814729691
    },
    "erbbands_spread": {
        "mean": 41.5522117615,
        "var": 362.878509521
    },
    "hfc": {
        "mean": 13.9187059402,
        "var": 793.162353516
    },
    "melbands_crest": {
        "mean": 17.2234954834,
        "var": 56.5030632019
    },
    "melbands_flatness_db": {
        "mean": 0.247446224093,
        "var": 0.0189657155424
    },
    "melbands_kurtosis": {
        "mean": 69.7784729004,
        "var": 46192.2421875
    },
    "melbands_skewness": {
        "mean": 4.20345973969,
        "var": 16.4241027832
    },
    "melbands_spread": {
        "mean": 29.9971904755,
        "var": 1290.26269531
    },
    "pitch_salience": {
        "mean": 0.468498885632,
        "var": 0.0355574376881
    },
    "silence_rate_20dB": {
        "mean": 1,
        "var": 0
    },
    "silence_rate_30dB": {
        "mean": 0.900102972984,
        "var": 0.0899174138904
    },
    "silence_rate_60dB": {
        "mean": 0.219876423478,
        "var": 0.171528086066
    },
    "spectral_centroid": {
        "mean": 1486.03710938,
        "var": 1077740.75
    },
    "spectral_complexity": {
        "mean": 11.4897012711,
        "var": 127.269638062
    },
    "spectral_decrease": {
        "mean": -7.95157450995e-009,
        "var": 2.20048386496e-016
    },
    "spectral_energy": {
        "mean": 0.0312735140324,
        "var": 0.00323812570423
    },
    "spectral_energyband_high": {
        "mean": 0.00083328189794,
        "var": 5.34576338396e-006
    },
    "spectral_energyband_low": {
        "mean": 0.0238491557539,
        "var": 0.00296737300232
    },
    "spectral_energyband_middle_high": {
        "mean": 0.002450596774,
        "var": 2.82819746644e-005
    },
    "spectral_energyband_middle_low": {
        "mean": 0.00521323177963,
        "var": 0.000160767303896
    },
    "spectral_entropy": {
        "mean": 7.54233646393,
        "var": 0.343481779099
    },
    "spectral_flux": {
        "mean": 0.0871408134699,
        "var": 0.0117215542123
    },
    "spectral_kurtosis": {
        "mean": 5.80869293213,
        "var": 123.784294128
    },
    "spectral_rms": {
        "mean": 0.00400990480557,
        "var": 1.44314180943e-005
    },
    "spectral_rolloff": {
        "mean": 1978.3614502,
        "var": 6758117
    },
    "spectral_skewness": {
        "mean": 1.51279199123,
        "var": 0.676275312901
    },
    "spectral_spread": {
        "mean": 4566684.5,
        "var": 7.97017846579e+012
    },
    "spectral_strongpeak": {
        "mean": 0.484587520361,
        "var": 0.655212104321
    },
    "zerocrossingrate": {
        "mean": 0.0672938078642,
        "var": 0.00513164093718
    },
    "barkbands": {
        "mean": [0.000281004206045, 0.016791312024, 0.00571411848068, 0.00204590870999, 0.00217341468669, 0.000244463182753, 0.000245304079726, 0.000345569831552, 0.000142053700984, 7.79139663791e-005, 0.000109914770292, 0.00020416273037, 0.000225710959057, 0.000277080427622, 0.000205712931347, 0.000505038362462, 0.000267515948508, 0.000245673436439, 0.000198707217351, 0.000252780300798, 0.000187199242646, 0.000165519566508, 0.000168705606484, 7.68801037339e-005, 7.20876414562e-005, 4.94024097861e-005, 3.56449419314e-007],
        "var": [5.17625664997e-007, 0.00159629341215, 0.000425437901868, 5.51086814085e-005, 4.23031196988e-005, 3.46260975448e-007, 3.64922016161e-007, 4.54521682514e-007, 1.66636226595e-007, 1.8921502587e-008, 1.00623637422e-007, 1.76141611519e-007, 2.12323342907e-007, 3.58167966397e-007, 3.68353937574e-007, 9.45662236518e-007, 6.74458817684e-007, 5.34066941782e-007, 4.45281415296e-007, 1.02838964722e-006, 3.47467391748e-007, 3.01677232528e-007, 1.99083416419e-007, 4.07622877674e-008, 2.96680795486e-008, 1.54598573943e-008, 1.19692179345e-012]
    },
    "erbbands": {
        "mean": [0.388795316219, 3.99758267403, 7.90145540237, 6.39100503922, 8.07800102234, 6.24314975739, 3.79555296898, 1.91356682777, 2.37614226341, 7.02117919922, 5.67020559311, 3.49753594398, 2.7039949894, 3.79495000839, 3.92578482628, 8.71620559692, 10.9148654938, 10.6235427856, 13.3972215652, 14.5051908493, 28.7312068939, 17.0696105957, 13.9814023972, 11.1202106476, 12.6608781815, 8.87805652618, 9.53213405609, 5.92046976089, 6.57278585434, 4.34440088272, 5.44607019424, 2.28060913086, 1.03474724293, 0.810488045216, 0.467026948929, 0.311810582876, 0.0682851076126, 0.00481546949595, 0.000125136910356, 4.21168042521e-005],
        "var": [0.989645838737, 99.3053817749, 639.976318359, 506.322509766, 629.587463379, 294.91293335, 47.10338974, 25.3582725525, 24.2933425903, 289.981872559, 137.169494629, 68.3268280029, 22.7301158905, 115.374588013, 38.4874572754, 361.639770508, 471.761535645, 491.884429932, 825.963256836, 1196.21264648, 3559.33276367, 2396.70361328, 1598.1081543, 1437.09301758, 2358.81738281, 1105.62841797, 987.133605957, 370.474975586, 496.231048584, 161.533905029, 210.839904785, 36.3023719788, 6.51932668686, 3.72232723236, 1.30785191059, 0.63492333889, 0.0270288083702, 0.000140896794619, 7.77461508505e-008, 4.85677809081e-009]
    },
    "gfcc": {
        "mean": [-123.945320129, 98.6478424072, -115.391677856, 46.7976570129, -29.0424022675, 20.7541637421, -33.6968727112, 9.21274852753, -16.2369709015, 2.04836273193, -16.6864547729, -0.611069738865, -10.8999443054],
        "cov": [[29614.2773438, 1529.80456543, -420.727905273, -132.922729492, -18.7589702606, -487.723388672, -538.143249512, 4.30269050598, 266.56149292, 699.896972656, -27.5461597443, 20.7094631195, -197.593414307], [1529.80456543, 3986.72705078, -893.575439453, -493.166534424, 1196.59020996, -824.782470703, 584.416992188, -222.055999756, 278.730865479, -62.9252166748, 317.960327148, -193.198913574, 170.843841553], [-420.727905273, -893.575439453, 1836.81103516, 61.2763824463, 52.5441513062, 503.280883789, -17.6061458588, 241.681915283, 0.851533949375, 115.764305115, -136.251296997, 116.652160645, -29.4389514923], [-132.922729492, -493.166534424, 61.2763824463, 371.446716309, -189.722335815, 124.693344116, -19.9469566345, -6.9075756073, 18.5922298431, -36.6178779602, 24.2538528442, -21.3283042908, 11.9137449265], [-18.7589702606, 1196.59020996, 52.5441513062, -189.722335815, 756.354919434, -116.898590088, 294.094024658, 10.3643398285, 99.2741317749, 8.54954242706, 110.171020508, -27.273109436, 85.6894226074], [-487.723388672, -824.782470703, 503.280883789, 124.693344116, -116.898590088, 359.878845215, -92.4842453003, 111.886802673, -28.0085430145, 26.4560852051, -61.3713226318, 62.5427055359, -17.6935214996], [-538.143249512, 584.416992188, -17.6061458588, -19.9469566345, 294.094024658, -92.4842453003, 294.98147583, 13.6566724777, 87.8948516846, -21.9751434326, 96.39427948, -28.6461791992, 71.7265319824], [4.30269050598, -222.055999756, 241.681915283, -6.9075756073, 10.3643398285, 111.886802673, 13.6566724777, 144.896194458, 36.2827644348, 38.4456710815, -11.2882289886, 34.5509719849, 1.84543180466], [266.56149292, 278.730865479, 0.851533949375, 18.5922298431, 99.2741317749, -28.0085430145, 87.8948516846, 36.2827644348, 130.062667847, 35.7961120605, 68.4220275879, -14.7677497864, 36.1320915222], [699.896972656, -62.9252166748, 115.764305115, -36.6178779602, 8.54954242706, 26.4560852051, -21.9751434326, 38.4456710815, 35.7961120605, 88.29322052, 1.60496246815, 22.142370224, -6.56075620651], [-27.5461597443, 317.960327148, -136.251296997, 24.2538528442, 110.171020508, -61.3713226318, 96.39427948, -11.2882289886, 68.4220275879, 1.60496246815, 111.172286987, -2.90899538994, 38.0426483154], [20.7094631195, -193.198913574, 116.652160645, -21.3283042908, -27.273109436, 62.5427055359, -28.6461791992, 34.5509719849, -14.7677497864, 22.142370224, -2.90899538994, 61.4173278809, 5.20805549622], [-197.593414307, 170.843841553, -29.4389514923, 11.9137449265, 85.6894226074, -17.6935214996, 71.7265319824, 1.84543180466, 36.1320915222, -6.56075620651, 38.0426483154, 5.20805549622, 60.291469574]],
        "icov": [[5.61107699468e-005, -0.000102204059658, 3.82511534553e-005, -0.000227543219808, 8.97720019566e-006, 5.61944507353e-005, 9.35724165174e-005, -6.68049033266e-005, 3.48173962266e-005, -0.000564699468669, 0.000241934758378, -0.000259257678408, 0.000219022884266], [-0.000102204059658, 0.00174715160392, -0.000282310385955, 0.00155138468836, -0.00150999659672, 0.00194326334167, 0.000308223272441, 0.000951747293584, -0.00180863076821, 0.0024060648866, -0.00178150041029, 0.00227396655828, -0.00113620806951], [3.82511534553e-005, -0.000282310385955, 0.0012932488462, -0.000667071726639, -0.00019497309404, -0.00148446823005, -0.000902422412764, -0.000268072239123, -0.000332966737915, -0.00143146130722, 0.00240031909198, -0.00199560867622, 0.00131346017588], [-0.000227543219808, 0.00155138468836, -0.000667071726639, 0.00748899858445, 0.000965301354881, -0.00183579360601, -1.71912097358e-006, 0.00203480478376, -0.00177828432061, 0.00502527505159, -0.00605806801468, 0.0078034219332, -0.00415727123618], [8.97720019566e-006, -0.00150999659672, -0.00019497309404, 0.000965301354881, 0.0045258924365, -0.00260046496987, -0.00227553001605, -0.000441940879682, 0.00225914595649, -0.00180375855416, -0.000944183033425, 0.00107368454337, -0.00149984750897], [5.61944507353e-005, 0.00194326334167, -0.00148446823005, -0.00183579360601, -0.00260046496987, 0.0107703711838, 0.00266605452634, -0.00273674889468, -0.00127553672064, 0.0019788024947, -8.4006547695e-005, -0.00202755490318, -0.000707785889972], [9.35724165174e-005, 0.000308223272441, -0.000902422412764, -1.71912097358e-006, -0.00227553001605, 0.00266605452634, 0.00968068279326, -0.00256544537842, -0.000819371372927, 0.00265500834212, -0.00457638688385, 0.00394618744031, -0.00510206446052], [-6.68049033266e-005, 0.000951747293584, -0.000268072239123, 0.00203480478376, -0.000441940879682, -0.00273674889468, -0.00256544537842, 0.0142344962806, -0.00744745042175, 0.000676510157064, 0.00280990591273, -0.00446467008442, 0.00214194040745], [3.48173962266e-005, -0.00180863076821, -0.000332966737915, -0.00177828432061, 0.00225914595649, -0.00127553672064, -0.000819371372927, -0.00744745042175, 0.023618042469, -0.0111901452765, -0.00945001561195, 0.0103040914983, -0.00725356349722], [-0.000564699468669, 0.0024060648866, -0.00143146130722, 0.00502527505159, -0.00180375855416, 0.0019788024947, 0.00265500834212, 0.000676510157064, -0.0111901452765, 0.0267221033573, -0.0033000477124, -0.00234358897433, 0.00150316220243], [0.000241934758378, -0.00178150041029, 0.00240031909198, -0.00605806801468, -0.000944183033425, -8.4006547695e-005, -0.00457638688385, 0.00280990591273, -0.00945001561195, -0.0033000477124, 0.0275350175798, -0.0165356043726, 0.00424429215491], [-0.000259257678408, 0.00227396655828, -0.00199560867622, 0.0078034219332, 0.00107368454337, -0.00202755490318, 0.00394618744031, -0.00446467008442, 0.0103040914983, -0.00234358897433, -0.0165356043726, 0.0408135540783, -0.0160106830299], [0.000219022884266, -0.00113620806951, 0.00131346017588, -0.00415727123618, -0.00149984750897, -0.000707785889972, -0.00510206446052, 0.00214194040745, -0.00725356349722, 0.00150316220243, 0.00424429215491, -0.0160106830299, 0.0331299640238]]
    },
    "melbands": {
        "mean": [0.00410433951765, 0.00475494097918, 0.00120153545868, 0.000539901957382, 0.000155061672558, 4.21842269134e-005, 3.84816958103e-005, 8.15337043605e-005, 3.87105319533e-005, 2.2073776563e-005, 1.3183680494e-005, 1.4965333321e-005, 1.25401065816e-005, 1.5368397726e-005, 3.36596822308e-005, 1.89962993318e-005, 2.14575829887e-005, 2.43676367973e-005, 1.55240322783e-005, 2.75604033959e-005, 3.36370430887e-005, 1.8380862457e-005, 1.19475362226e-005, 1.12437064672e-005, 8.94195909495e-006, 7.10775566404e-006, 1.04359842226e-005, 5.22510617884e-006, 5.83801875109e-006, 5.87856220591e-006, 2.66310485131e-006, 3.90065497413e-006, 2.93657149086e-006, 2.27243845075e-006, 3.61356683243e-006, 1.90848663806e-006, 1.14715226118e-006, 7.29934356514e-007, 7.19801789728e-007, 6.47245883556e-007],
        "var": [9.89083200693e-005, 0.000167643869645, 1.39434514494e-005, 2.94899246001e-006, 7.70953647589e-008, 1.19822978206e-008, 6.94723345518e-009, 3.29373790464e-008, 8.43106917614e-009, 2.62091837122e-009, 5.31965860251e-010, 1.59806090583e-009, 7.53495266181e-010, 4.56669896343e-010, 9.3739549456e-009, 1.13887399511e-009, 2.22324647581e-009, 2.68352318145e-009, 2.15536277715e-009, 2.45363795948e-009, 5.99375482579e-009, 3.16342219087e-009, 9.91519866211e-010, 1.22932564128e-009, 9.87462001056e-010, 5.78688930108e-010, 1.93320759401e-009, 3.91070842376e-010, 4.03846206476e-010, 3.60741048144e-010, 9.07623629032e-011, 1.85305840117e-010, 8.53508305698e-011, 4.53243206855e-011, 9.60391280391e-011, 2.35281950173e-011, 9.12699863603e-012, 3.3690311825e-012, 3.01818964786e-012, 2.42352990974e-012]
    },
    "mfcc": {
        "mean": [-758.699523926, 120.505203247, -8.26651287079, 33.7936859131, 23.9562339783, 16.7181568146, 4.42432880402, 8.28798294067, 6.18903255463, 4.6313457489, -0.766318202019, 6.54043626785, 3.8963124752],
        "cov": [[23423.2929688, 2900.640625, -1284.62060547, 319.85369873, 198.570617676, 144.038162231, -527.075012207, -185.553390503, -229.388320923, -31.5277462006, -108.107170105, 142.746902466, 9.94805335999], [2900.640625, 4498.32861328, -1432.50537109, 518.473571777, 333.400939941, -39.6361274719, 282.050598145, -77.2533950806, 157.661300659, -50.7995529175, 78.9876937866, 144.009597778, 188.55178833], [-1284.62060547, -1432.50537109, 1598.8034668, -180.178543091, 138.714523315, 152.686035156, -2.24166178703, 141.372955322, 87.8841629028, 114.429901123, -6.96572971344, -6.30154371262, -49.1013450623], [319.85369873, 518.473571777, -180.178543091, 252.738342285, 38.7569618225, 33.3535041809, 87.8258895874, 21.1786384583, 30.0457706451, 7.86662197113, 14.9263467789, 16.2697753906, 27.6592407227], [198.570617676, 333.400939941, 138.714523315, 38.7569618225, 284.31262207, 92.9129714966, 101.404823303, 59.1903533936, 65.4934082031, 59.0928268433, 17.2550430298, 26.7815761566, 14.5645647049], [144.038162231, -39.6361274719, 152.686035156, 33.3535041809, 92.9129714966, 136.335861206, 53.8274345398, 33.4789237976, 21.8514099121, 37.5277900696, 0.585365176201, 14.5149354935, -5.10493040085], [-527.075012207, 282.050598145, -2.24166178703, 87.8258895874, 101.404823303, 53.8274345398, 179.61366272, 68.0001296997, 73.2133789063, 24.5206108093, 8.0484085083, 22.7424640656, 27.5688400269], [-185.553390503, -77.2533950806, 141.372955322, 21.1786384583, 59.1903533936, 33.4789237976, 68.0001296997, 101.704246521, 52.403629303, 44.1023139954, 8.94942378998, 16.7869434357, 17.6293926239], [-229.388320923, 157.661300659, 87.8841629028, 30.0457706451, 65.4934082031, 21.8514099121, 73.2133789063, 52.403629303, 104.666030884, 49.6708717346, 17.7118930817, 17.8874855042, 18.2881202698], [-31.5277462006, -50.7995529175, 114.429901123, 7.86662197113, 59.0928268433, 37.5277900696, 24.5206108093, 44.1023139954, 49.6708717346, 80.4381103516, 19.2315101624, 13.6463832855, 8.72981643677], [-108.107170105, 78.9876937866, -6.96572971344, 14.9263467789, 17.2550430298, 0.585365176201, 8.0484085083, 8.94942378998, 17.7118930817, 19.2315101624, 54.6913528442, 24.3053092957, 17.2331752777], [142.746902466, 144.009597778, -6.30154371262, 16.2697753906, 26.7815761566, 14.5149354935, 22.7424640656, 16.7869434357, 17.8874855042, 13.6463832855, 24.3053092957, 55.0071258545, 36.3733177185], [9.94805335999, 188.55178833, -49.1013450623, 27.6592407227, 14.5645647049, -5.10493040085, 27.5688400269, 17.6293926239, 18.2881202698, 8.72981643677, 17.2331752777, 36.3733177185, 56.3474960327]],
        "icov": [[6.71324160066e-005, -5.65866575926e-005, 3.8843434595e-005, -7.8449222201e-005, -6.27070476185e-005, -0.000158899696544, 0.000460700452095, -0.000195430518943, 6.35509495623e-005, -4.81380629935e-005, 0.000308382732328, -0.000328880822053, 0.000192224048078], [-5.65866575926e-005, 0.000694813206792, 0.000417161645601, -0.000683061138261, -0.000924031541217, 0.000423328339821, -0.000335784687195, 0.00116680806968, -0.00133850087877, 0.000860535015818, -0.000123975652969, -0.000402823818149, -0.000940734869801], [3.8843434595e-005, 0.000417161645601, 0.00133879377972, 0.000168222206412, -0.000803439295851, -0.000925705593545, 0.00101145834196, -0.00078638055129, -0.00155149039347, 0.000442732067313, 0.000360013276804, -0.000554548343644, 0.000239068482188], [-7.8449222201e-005, -0.000683061138261, 0.000168222206412, 0.00655846437439, 0.00148794392589, -0.00188750587404, -0.00266056274995, -0.00104470329825, 0.00107000302523, -0.000741712516174, -0.00171196460724, 0.0025568283163, -0.00105951807927], [-6.27070476185e-005, -0.000924031541217, -0.000803439295851, 0.00148794392589, 0.00712060928345, -0.00263066403568, -0.00258982926607, -0.00112409703434, 0.00123157422058, -0.00297988415696, -0.000974427966867, 0.000733402848709, 0.00109908927698], [-0.000158899696544, 0.000423328339821, -0.000925705593545, -0.00188750587404, -0.00263066403568, 0.0135691864416, -0.00428586779162, 0.00184509821702, 0.00304403482005, -0.00435199588537, 0.00184934772551, -0.00507536204532, 0.00455721700564], [0.000460700452095, -0.000335784687195, 0.00101145834196, -0.00266056274995, -0.00258982926607, -0.00428586779162, 0.0163072347641, -0.00700541166589, -0.00652919569984, 0.00521175563335, 0.00312911393121, -0.00158416549675, -0.000898728030734], [-0.000195430518943, 0.00116680806968, -0.00078638055129, -0.00104470329825, -0.00112409703434, 0.00184509821702, -0.00700541166589, 0.0212280582637, -0.00339752738364, -0.00509684393182, 0.000677185191307, -0.000695917697158, -0.00466427439824], [6.35509495623e-005, -0.00133850087877, -0.00155149039347, 0.00107000302523, 0.00123157422058, 0.00304403482005, -0.00652919569984, -0.00339752738364, 0.0227969866246, -0.0111330961809, -0.00132883538026, 0.000170282335603, 0.00142778072041], [-4.81380629935e-005, 0.000860535015818, 0.000442732067313, -0.000741712516174, -0.00297988415696, -0.00435199588537, 0.00521175563335, -0.00509684393182, -0.0111330961809, 0.0260325521231, -0.00538652064279, 0.00114819954615, -0.00221410533413], [0.000308382732328, -0.000123975652969, 0.000360013276804, -0.00171196460724, -0.000974427966867, 0.00184934772551, 0.00312911393121, 0.000677185191307, -0.00132883538026, -0.00538652064279, 0.0266988165677, -0.0122735640034, 0.00121416908223], [-0.000328880822053, -0.000402823818149, -0.000554548343644, 0.0025568283163, 0.000733402848709, -0.00507536204532, -0.00158416549675, -0.000695917697158, 0.000170282335603, 0.00114819954615, -0.0122735640034, 0.0416379235685, -0.0233463384211], [0.000192224048078, -0.000940734869801, 0.000239068482188, -0.00105951807927, 0.00109908927698, 0.00455721700564, -0.000898728030734, -0.00466427439824, 0.00142778072041, -0.00221410533413, 0.00121416908223, -0.0233463384211, 0.0381959788501]]
    },
    "spectral_contrast_coeffs": {
        "mean": [-0.662883102894, -0.766665577888, -0.804325699806, -0.782431721687, -0.794356167316, -0.77605009079],
        "var": [0.00720342807472, 0.00686432793736, 0.00388026074506, 0.00369210680947, 0.00262443255633, 0.00323709868826]
    },
    "spectral_contrast_valleys": {
        "mean": [-8.09206199646, -8.33062458038, -8.69857501984, -8.57403278351, -8.67147731781, -11.4760780334],
        "var": [3.3780066967, 3.0763771534, 2.71956777573, 2.83115792274, 2.6198656559, 3.41241073608]
    }
},
"metadata": {
    "audio_properties": {
        "analysis_sample_rate": 44100,
        "bit_rate": 128074,
        "equal_loudness": 0,
        "length": 45.0612258911,
        "lossless": 0,
        "replay_gain": -6.25508499146,
        "sample_rate": 44100,
        "codec": "mp3",
        "downmix": "mix",
        "md5_encoded": "f2faa5f5901a84e0e4b1f03e5e589705"
    },
    "tags": {
        "file_name": "1530.mp3"
    },
    "version": {
        "essentia": "2.1-beta2",
        "essentia_git_sha": "v2.1_beta2",
        "extractor": "music 1.0"
    }
},
"rhythm": {
    "beats_count": 70,
    "beats_loudness": {
        "mean": 0.0877468809485,
        "var": 0.00492288498208
    },
    "bpm": 94.0270309448,
    "bpm_histogram_first_peak_bpm": {
        "mean": 94,
        "var": 0
    },
    "bpm_histogram_first_peak_spread": {
        "mean": 0.417910456657,
        "var": 0
    },
    "bpm_histogram_first_peak_weight": {
        "mean": 0.565217375755,
        "var": 0
    },
    "bpm_histogram_second_peak_bpm": {
        "mean": 85,
        "var": 0
    },
    "bpm_histogram_second_peak_spread": {
        "mean": 0.5,
        "var": 0
    },
    "bpm_histogram_second_peak_weight": {
        "mean": 0.0144927538931,
        "var": 0
    },
    "danceability": 1.83245456219,
    "onset_rate": 4.03712892532,
    "beats_loudness_band_ratio": {
        "mean": [0.487324625254, 0.0532912351191, 0.0331402942538, 0.0566767193377, 0.194126531482, 0.187463507056],
        "var": [0.158920913935, 0.00403085071594, 0.001213237294, 0.00204566982575, 0.0284483339638, 0.0344112999737]
    },
    "beats_position": [0.696598649025, 1.40480720997, 2.08979582787, 2.72834467888, 3.36689329147, 4.00544214249, 4.6439909935, 5.28253936768, 5.92108821869, 6.5596370697, 7.19818592072, 7.83673477173, 8.47528362274, 9.11383247375, 9.75238037109, 10.3909292221, 11.0294780731, 11.656416893, 12.294965744, 12.933514595, 13.5836734772, 14.2106122971, 14.8607711792, 15.4993190765, 16.1378688812, 16.7764167786, 17.4149665833, 18.0419044495, 18.6920623779, 19.3190021515, 19.96916008, 20.5960998535, 21.246257782, 21.8731975555, 22.5117454529, 23.1502952576, 23.800453186, 24.4273910522, 25.0775508881, 25.7160987854, 26.3546485901, 26.9931964874, 27.6317462921, 28.2586841583, 28.9088420868, 29.5357818604, 30.1859397888, 30.8128795624, 31.4630374908, 32.0899772644, 32.7401351929, 33.3670730591, 34.0172348022, 34.6441726685, 35.2827186584, 35.9212684631, 36.5598182678, 37.1983680725, 37.848526001, 38.4754638672, 39.1140136719, 39.7525634766, 40.3911094666, 41.0296592712, 41.6682090759, 42.3067550659, 42.9453048706, 43.5838546753, 44.2107925415, 44.8493423462]
},
"tonal": {
    "chords_changes_rate": 0.0668724253774,
    "chords_number_rate": 0.00617283955216,
    "chords_strength": {
        "mean": 0.518683612347,
        "var": 0.00393569981679
    },
    "hpcp_entropy": {
        "mean": 2.24258184433,
        "var": 0.518949091434
    },
    "key_strength": 0.773097634315,
    "tuning_diatonic_strength": 0.533262133598,
    "tuning_equal_tempered_deviation": 0.262111902237,
    "tuning_frequency": 434.193115234,
    "tuning_nontempered_energy_ratio": 0.942090928555,
    "hpcp": {
        "mean": [0.0944634899497, 0.0885739549994, 0.111079864204, 0.221878632903, 0.336812406778, 0.247909381986, 0.117992945015, 0.0990613773465, 0.114428445697, 0.124378830194, 0.111995227635, 0.104172609746, 0.140836685896, 0.190439477563, 0.167193800211, 0.130235999823, 0.12022896111, 0.100529111922, 0.0948618873954, 0.0876818075776, 0.0564710944891, 0.03974185884, 0.0394435040653, 0.104452289641, 0.31864541769, 0.376950711012, 0.194142386317, 0.115199565887, 0.119433060288, 0.0983812585473, 0.0830181464553, 0.0709776431322, 0.0815058201551, 0.120525330305, 0.12799757719, 0.109460830688],
        "var": [0.0418011285365, 0.0297994576395, 0.0396609976888, 0.0839159265161, 0.167620867491, 0.100069917738, 0.032042004168, 0.0348218120635, 0.0465392507613, 0.0403976626694, 0.0243661161512, 0.0252981185913, 0.0386929102242, 0.0710027739406, 0.0618631765246, 0.050425093621, 0.0566439665854, 0.0459816679358, 0.0322048217058, 0.0201967358589, 0.0115205068141, 0.00709475949407, 0.00782827846706, 0.0271182134748, 0.1218354702, 0.163814902306, 0.0495433881879, 0.052459936589, 0.0685158222914, 0.0470429807901, 0.0393454767764, 0.0264703202993, 0.0315177626908, 0.0587511882186, 0.0506184361875, 0.0511831305921]
    },
    "chords_histogram": [33.436214447, 13.5802469254, 13.3744859695, 0, 0, 0, 0, 8.84773635864, 2.77777767181, 0, 0, 0, 0, 0, 0, 0, 0, 0, 0, 0, 0, 0, 0, 27.9835395813],
    "thpcp": [1, 0.515033900738, 0.305609107018, 0.316839993, 0.260992377996, 0.220236077905, 0.188294231892, 0.216224074364, 0.319737643003, 0.339560508728, 0.290385007858, 0.250599056482, 0.234974890947, 0.294680088758, 0.588614463806, 0.893518447876, 0.657670557499, 0.313019543886, 0.262796640396, 0.303563416004, 0.329960465431, 0.297108411789, 0.276356041431, 0.373620957136, 0.505210578442, 0.443542867899, 0.345498740673, 0.318951398134, 0.266690343618, 0.251655936241, 0.232608154416, 0.149810284376, 0.105429857969, 0.104638360441, 0.27709800005, 0.845323801041],
    "chords_key": "A#",
    "chords_scale": "minor",
    "key_key": "A#",
    "key_scale": "minor"
}
}