{
"lowlevel": {
    "average_loudness": 0.955381393433,
    "barkbands_crest": {
        "mean": 11.5359382629,
        "var": 14.3505716324
    },
    "barkbands_flatness_db": {
        "mean": 0.202136665583,
        "var": 0.0064994264394
    },
    "barkbands_kurtosis": {
        "mean": 12.9269227982,
        "var": 502.194824219
    },
    "barkbands_skewness": {
        "mean": 2.48559880257,
        "var": 2.77660775185
    },
    "barkbands_spread": {
        "mean": 17.6806697845,
        "var": 501.648925781
    },
    "dissonance": {
        "mean": 0.449353039265,
        "var": 0.00115786329843
    },
    "dynamic_complexity": 4.9484167099,
    "erbbands_crest": {
        "mean": 8.9680519104,
        "var": 15.427324295
    },
    "erbbands_flatness_db": {
        "mean": 0.168031185865,
        "var": 0.00287454458885
    },
    "erbbands_kurtosis": {
        "mean": 1.15164482594,
        "var": 28.5303859711
    },
    "erbbands_skewness": {
        "mean": 0.442327171564,
        "var": 1.25663459301
    },
    "erbbands_spread": {
        "mean": 45.3562889099,
        "var": 875.59954834
    },
    "hfc": {
        "mean": 16.0401477814,
        "var": 1388.83447266
    },
    "melbands_crest": {
        "mean": 20.3348922729,
        "var": 31.1119174957
    },
    "melbands_flatness_db": {
        "mean": 0.292057752609,
        "var": 0.0115086380392
    },
    "melbands_kurtosis": {
        "mean": 37.2366600037,
        "var": 3341.08300781
    },
    "melbands_skewness": {
        "mean": 4.23252344131,
        "var": 6.90919208527
    },
    "melbands_spread": {
        "mean": 16.6203250885,
        "var": 825.346862793
    },
    "pitch_salience": {
        "mean": 0.542221784592,
        "var": 0.0124883754179
    },
    "silence_rate_20dB": {
        "mean": 1,
        "var": 0
    },
    "silence_rate_30dB": {
        "mean": 0.866117417812,
        "var": 0.115958571434
    },
    "silence_rate_60dB": {
        "mean": 0.182286307216,
        "var": 0.149060413241
    },
    "spectral_centroid": {
        "mean": 910.613220215,
        "var": 861728.4375
    },
    "spectral_complexity": {
        "mean": 10.1060762405,
        "var": 123.803192139
    },
    "spectral_decrease": {
        "mean": -8.92833984523e-009,
        "var": 2.27748577731e-016
    },
    "spectral_energy": {
        "mean": 0.0351524874568,
        "var": 0.0034451901447
    },
    "spectral_energyband_high": {
        "mean": 0.00137388648,
        "var": 1.58250259119e-005
    },
    "spectral_energyband_low": {
        "mean": 0.0227805972099,
        "var": 0.00229737581685
    },
    "spectral_energyband_middle_high": {
        "mean": 0.00128873996437,
        "var": 1.26241411635e-005
    },
    "spectral_energyband_middle_low": {
        "mean": 0.00955325830728,
        "var": 0.000542346737348
    },
    "spectral_entropy": {
        "mean": 7.14803886414,
        "var": 0.638713479042
    },
    "spectral_flux": {
        "mean": 0.0909631773829,
        "var": 0.0117348125204
    },
    "spectral_kurtosis": {
        "mean": 8.59605693817,
        "var": 70.7718276978
    },
    "spectral_rms": {
        "mean": 0.00451624952257,
        "var": 1.38986215461e-005
    },
    "spectral_rolloff": {
        "mean": 1088.75036621,
        "var": 3859999.75
    },
    "spectral_skewness": {
        "mean": 2.0894241333,
        "var": 1.28543114662
    },
    "spectral_spread": {
        "mean": 4538813,
        "var": 5.40804854579e+012
    },
    "spectral_strongpeak": {
        "mean": 0.433173745871,
        "var": 0.174252837896
    },
    "zerocrossingrate": {
        "mean": 0.0437755957246,
        "var": 0.00226517720148
    },
    "barkbands": {
        "mean": [0.0026587692555, 0.00995991472155, 0.0103332549334, 0.00325638568029, 0.00414758641273, 0.000843658053782, 0.000807910226285, 0.000145834957948, 0.00032291340176, 8.81668602233e-005, 0.000121346027299, 9.11257739062e-005, 0.000158874085173, 0.000105938961497, 0.000127830106067, 8.64222238306e-005, 0.000141528231325, 0.000146576552652, 0.000157077229233, 0.000194351101527, 0.000239765897277, 0.000452525826404, 0.000271515513305, 0.000163610224263, 0.000104588165414, 2.34363742493e-005, 1.59429373525e-006],
        "var": [1.25570422824e-005, 0.00072354124859, 0.000703547208104, 9.69071261352e-005, 0.000239546454395, 1.54316433054e-006, 1.61489424499e-006, 1.69934921246e-007, 5.24439769833e-007, 4.22622576934e-008, 1.22496686572e-007, 4.65324241361e-008, 1.2065095234e-007, 7.36992404882e-008, 1.73626702349e-007, 1.23552851505e-007, 2.90243747259e-007, 3.95057213609e-007, 4.01542791906e-007, 4.59391770846e-007, 5.25432881204e-007, 2.31436160902e-006, 5.41415488442e-007, 1.67722731703e-007, 6.45890665396e-008, 2.67329491876e-009, 1.69388062604e-011]
    },
    "erbbands": {
        "mean": [0.142721876502, 2.83690023422, 11.5284452438, 11.6744127274, 18.1265621185, 8.68372249603, 3.44828367233, 8.39345169067, 11.915687561, 7.33695650101, 5.62596750259, 6.01851272583, 3.67161798477, 4.58682823181, 3.58532547951, 3.77508664131, 6.53820180893, 5.60592031479, 6.83291435242, 5.66053581238, 5.64605522156, 7.39136075974, 8.54405403137, 7.3512096405, 8.71352386475, 8.9209318161, 8.01294231415, 13.4217233658, 14.1493167877, 12.5690813065, 7.13055896759, 4.14461231232, 2.50500822067, 1.3779078722, 0.580426573753, 0.151019498706, 0.035171020776, 0.0066569680348, 0.000196133580175, 4.74311636935e-005],
        "var": [0.203328207135, 50.3089637756, 620.969482422, 1352.42236328, 3649.94873047, 994.008422852, 47.2615242004, 143.166320801, 284.768005371, 204.513656616, 140.561553955, 177.07144165, 99.0452423096, 158.52444458, 110.663734436, 67.7411956787, 184.610809326, 121.211669922, 557.824645996, 307.829650879, 460.90637207, 770.307434082, 1316.0826416, 872.02154541, 1203.25610352, 1012.95452881, 717.341918945, 1642.42651367, 2242.99194336, 1548.93017578, 361.145446777, 107.471130371, 39.2367324829, 11.5548563004, 2.0691587925, 0.121526561677, 0.00591224152595, 0.00022407004144, 1.98276978836e-007, 5.75694691918e-009]
    },
    "gfcc": {
        "mean": [-87.9602584839, 120.468093872, -89.2201004028, 36.3166847229, -56.804309845, 21.8354492188, -36.5085372925, -3.19615650177, -12.7280025482, 1.28335106373, -13.6783123016, -6.8512597084, -13.0975227356],
        "cov": [[9124.7265625, -3550.49707031, 563.961669922, 1292.26623535, -606.869262695, 309.864105225, -82.9664764404, 411.519012451, -396.194854736, 387.199310303, -311.664520264, 373.751556396, -236.091796875], [-3550.49707031, 3563.93530273, -300.196350098, -949.039245605, 917.330810547, -186.933792114, 119.4376297, -269.376617432, 553.805725098, -317.280181885, 253.605926514, -393.181243896, 184.767868042], [563.961669922, -300.196350098, 649.436645508, 195.345458984, 85.4349746704, 146.232025146, 105.591171265, 97.7099380493, 74.6741485596, 143.463867188, -62.3477325439, -19.126001358, -56.8142204285], [1292.26623535, -949.039245605, 195.345458984, 479.08694458, -208.636611938, 81.5215148926, 41.9626350403, 84.8936462402, -115.588356018, 66.1085357666, -70.8673858643, 83.1981658936, -34.8758087158], [-606.869262695, 917.330810547, 85.4349746704, -208.636611938, 490.928466797, 70.6291046143, 52.1818008423, -17.1195411682, 225.376541138, -27.1193523407, 72.5662384033, -106.45930481, 42.534122467], [309.864105225, -186.933792114, 146.232025146, 81.5215148926, 70.6291046143, 175.747314453, 57.3098983765, 40.4615936279, 19.4816608429, 86.6647644043, 9.70011043549, 15.3145866394, -27.4799137115], [-82.9664764404, 119.4376297, 105.591171265, 41.9626350403, 52.1818008423, 57.3098983765, 146.210418701, 19.5268173218, 34.7093467712, -9.44064331055, 27.3608589172, -19.3601074219, 4.23837995529], [411.519012451, -269.376617432, 97.7099380493, 84.8936462402, -17.1195411682, 40.4615936279, 19.5268173218, 95.544708252, 12.5511274338, 59.5150718689, -8.97992324829, 35.1074485779, -14.8106222153], [-396.194854736, 553.805725098, 74.6741485596, -115.588356018, 225.376541138, 19.4816608429, 34.7093467712, 12.5511274338, 186.409591675, 20.4042778015, 51.7523460388, -68.1610870361, 23.9745330811], [387.199310303, -317.280181885, 143.463867188, 66.1085357666, -27.1193523407, 86.6647644043, -9.44064331055, 59.5150718689, 20.4042778015, 163.521911621, 9.84305477142, 34.183681488, -39.1906089783], [-311.664520264, 253.605926514, -62.3477325439, -70.8673858643, 72.5662384033, 9.70011043549, 27.3608589172, -8.97992324829, 51.7523460388, 9.84305477142, 88.087600708, -2.54831671715, 17.6930408478], [373.751556396, -393.181243896, -19.126001358, 83.1981658936, -106.45930481, 15.3145866394, -19.3601074219, 35.1074485779, -68.1610870361, 34.183681488, -2.54831671715, 93.1332015991, -3.77563261986], [-236.091796875, 184.767868042, -56.8142204285, -34.8758087158, 42.534122467, -27.4799137115, 4.23837995529, -14.8106222153, 23.9745330811, -39.1906089783, 17.6930408478, -3.77563261986, 61.6146430969]],
        "icov": [[0.000231723388424, 2.37910953729e-005, 0.000118255113193, -0.000479154870845, -0.000242639580392, 5.19885288668e-005, 0.000104229111457, -0.000366180873243, 9.2961039627e-005, -0.000206523691304, 0.000445764133474, -0.000329730944941, 0.000434140936704], [2.37910953729e-005, 0.00401868950576, 6.80286102579e-005, 0.00307019520551, -0.00175106385723, 0.00178159563802, -0.00212881737389, 0.00452619465068, -0.00568362418562, 0.00306092156097, -0.00315768411383, 0.00426404783502, -0.00159508548677], [0.000118255113193, 6.80286102579e-005, 0.00393649423495, -0.00117628951557, -0.0015014319215, 0.00069227151107, -0.00318389292806, -4.76162422274e-005, -0.00107907375786, -0.00373816280626, 0.00498168589547, -2.77565013675e-005, 0.00137585459743], [-0.000479154870845, 0.00307019520551, -0.00117628951557, 0.00764714507386, 0.00067677925108, -0.000466039171442, -0.00248623406515, 0.00235147238709, -0.00358675397001, 0.00353930867277, -0.00225338176824, 0.0031408641953, -0.00325133372098], [-0.000242639580392, -0.00175106385723, -0.0015014319215, 0.00067677925108, 0.00878266897053, -0.00654999073595, 0.00362707255408, -0.00195770896971, -0.00447272323072, 0.00434444332495, -0.00175126944669, 0.000305663532345, -0.00135903141927], [5.19885288668e-005, 0.00178159563802, 0.00069227151107, -0.000466039171442, -0.00654999073595, 0.0150927593932, -0.00704159913585, 0.00349678541534, 0.00167166686151, -0.00742282206193, 0.000839831482153, -0.000821828085463, 0.00214568688534], [0.000104229111457, -0.00212881737389, -0.00318389292806, -0.00248623406515, 0.00362707255408, -0.00704159913585, 0.0155718633905, -0.00658469740301, 0.00239355908707, 0.0066680777818, -0.00751160504296, 0.00227333023213, -0.000252001744229], [-0.000366180873243, 0.00452619465068, -4.76162422274e-005, 0.00235147238709, -0.00195770896971, 0.00349678541534, -0.00658469740301, 0.0266969781369, -0.0136580988765, -0.000727799721062, 0.00143402721733, -0.00545946136117, 0.00019740605785], [9.2961039627e-005, -0.00568362418562, -0.00107907375786, -0.00358675397001, -0.00447272323072, 0.00167166686151, 0.00239355908707, -0.0136580988765, 0.0299464017153, -0.010724728927, -0.00123741652351, 0.00456792023033, -0.00307828630321], [-0.000206523691304, 0.00306092156097, -0.00373816280626, 0.00353930867277, 0.00434444332495, -0.00742282206193, 0.0066680777818, -0.000727799721062, -0.010724728927, 0.0221341401339, -0.0110094305128, 0.00152206048369, 0.00314922234975], [0.000445764133474, -0.00315768411383, 0.00498168589547, -0.00225338176824, -0.00175126944669, 0.000839831482153, -0.00751160504296, 0.00143402721733, -0.00123741652351, -0.0110094305128, 0.0288887582719, -0.0123445037752, 0.00136699446011], [-0.000329730944941, 0.00426404783502, -2.77565013675e-005, 0.0031408641953, 0.000305663532345, -0.000821828085463, 0.00227333023213, -0.00545946136117, 0.00456792023033, 0.00152206048369, -0.0123445037752, 0.0323220603168, -0.00962816458195], [0.000434140936704, -0.00159508548677, 0.00137585459743, -0.00325133372098, -0.00135903141927, 0.00214568688534, -0.000252001744229, 0.00019740605785, -0.00307828630321, 0.00314922234975, 0.00136699446011, -0.00962816458195, 0.0262832790613]]
    },
    "melbands": {
        "mean": [0.00216577271931, 0.00542098795995, 0.00228675757535, 0.00108143815305, 0.000122934550745, 0.000186814475455, 0.000181828785571, 6.45849286229e-005, 5.24052084074e-005, 3.7070883991e-005, 1.73793741851e-005, 1.76098092197e-005, 1.39489829962e-005, 9.49931381911e-006, 1.15507500595e-005, 1.71796982613e-005, 8.9868754003e-006, 1.09667234938e-005, 9.75765215117e-006, 5.27338215761e-006, 7.33420120014e-006, 7.37805248718e-006, 8.25868664833e-006, 7.16959584679e-006, 5.81749054618e-006, 5.72945555177e-006, 6.355590358e-006, 6.11508903603e-006, 4.64984259452e-006, 6.37708944851e-006, 8.40226130094e-006, 8.13198312244e-006, 8.2948608906e-006, 6.22998732069e-006, 4.17460978497e-006, 3.41109034707e-006, 2.13533553506e-006, 1.63148547472e-006, 1.86934892099e-006, 9.08756533136e-007],
        "var": [3.75693307433e-005, 0.000122654557345, 3.76200987375e-005, 1.54872304847e-005, 7.43874508657e-008, 6.64824852947e-008, 6.44914734949e-008, 1.75575483041e-008, 1.26129409139e-008, 7.18476522721e-009, 2.22368434777e-009, 2.23085638851e-009, 1.66048896855e-009, 6.50339282426e-010, 4.83195095047e-010, 1.80519987847e-009, 3.54437618144e-010, 1.60923274706e-009, 7.5388867371e-010, 3.44866052382e-010, 8.4310192161e-010, 7.68297758746e-010, 1.11441456063e-009, 9.87604220626e-010, 5.51033219054e-010, 5.22763776711e-010, 5.82189241261e-010, 4.82302975335e-010, 2.64184035759e-010, 4.00230543152e-010, 6.39410246972e-010, 7.47255091138e-010, 7.92869270239e-010, 3.59351742807e-010, 1.27329632948e-010, 7.93337825988e-011, 2.80839899947e-011, 1.75957460408e-011, 2.20338504386e-011, 5.25764371276e-012]
    },
    "mfcc": {
        "mean": [-735.376037598, 145.546707153, 29.219045639, 21.9934577942, 8.35495471954, 20.3794269562, -4.7995595932, 2.49810218811, 0.314187914133, 1.52038025856, 3.46596980095, 3.67713403702, 0.894759893417],
        "cov": [[8654.45996094, -3862.99121094, 698.030395508, 672.075927734, -240.541641235, 39.6737251282, 101.512542725, 107.712211609, -14.4885587692, 20.1941680908, -6.67616796494, -105.516822815, -113.414398193], [-3862.99121094, 3844.79150391, -724.870605469, -421.171813965, 522.509765625, 50.5213623047, -134.514419556, 8.42729854584, 112.061729431, 103.776878357, 87.8253631592, 72.6541824341, 53.7429084778], [698.030395508, -724.870605469, 553.126281738, 173.575698853, -67.2844467163, 90.3895645142, 72.664024353, 3.751527071, 67.9483718872, 87.4984436035, 29.113948822, 49.1030960083, 11.4252252579], [672.075927734, -421.171813965, 173.575698853, 210.197998047, -28.5047683716, 14.6641683578, 23.239736557, 39.5047492981, 24.2857131958, 18.13920784, -7.47663402557, -20.935382843, -20.3713512421], [-240.541641235, 522.509765625, -67.2844467163, -28.5047683716, 285.226104736, 80.1336288452, -15.4148817062, 10.6812143326, 72.748550415, 79.0355987549, 37.510597229, 54.8129196167, 31.1765880585], [39.6737251282, 50.5213623047, 90.3895645142, 14.6641683578, 80.1336288452, 142.856613159, 60.207118988, 20.6109790802, 42.3628921509, 51.4081306458, 36.8720779419, 33.2188568115, 19.8547554016], [101.512542725, -134.514419556, 72.664024353, 23.239736557, -15.4148817062, 60.207118988, 100.016822815, 40.2186698914, 10.58685112, 14.9396867752, 18.2562294006, 10.2781457901, 0.755150675774], [107.712211609, 8.42729854584, 3.751527071, 39.5047492981, 10.6812143326, 20.6109790802, 40.2186698914, 92.8765487671, 20.741569519, 7.41787099838, 4.3460650444, -14.1270685196, -11.4584112167], [-14.4885587692, 112.061729431, 67.9483718872, 24.2857131958, 72.748550415, 42.3628921509, 10.58685112, 20.741569519, 79.6073989868, 58.3190155029, 16.7192287445, 25.9573001862, 10.6374320984], [20.1941680908, 103.776878357, 87.4984436035, 18.13920784, 79.0355987549, 51.4081306458, 14.9396867752, 7.41787099838, 58.3190155029, 100.885543823, 47.3586463928, 33.3388519287, 20.1288414001], [-6.67616796494, 87.8253631592, 29.113948822, -7.47663402557, 37.510597229, 36.8720779419, 18.2562294006, 4.3460650444, 16.7192287445, 47.3586463928, 62.9622344971, 40.3377227783, 20.2255249023], [-105.516822815, 72.6541824341, 49.1030960083, -20.935382843, 54.8129196167, 33.2188568115, 10.2781457901, -14.1270685196, 25.9573001862, 33.3388519287, 40.3377227783, 85.9895172119, 41.4735221863], [-113.414398193, 53.7429084778, 11.4252252579, -20.3713512421, 31.1765880585, 19.8547554016, 0.755150675774, -11.4584112167, 10.6374320984, 20.1288414001, 20.2255249023, 41.4735221863, 57.3547706604]],
        "icov": [[0.0002698408789, 0.000320594554069, 0.000153753630002, -0.00033533788519, -0.000266909890343, -0.000116105962661, 0.000315029901685, -0.000171804902493, -7.63505377108e-005, -4.60207047581e-005, -0.000547257950529, 0.000182373230928, 0.000321677245665], [0.000320594554069, 0.000943635881413, 0.000735487090424, 0.000330783368554, -0.000785616284702, -0.000294438825222, 0.000875385536347, -0.000465128629003, -0.000886368448846, -0.000232676087762, -0.00113175448496, 0.000303415785311, 0.000570983975194], [0.000153753630002, 0.000735487090424, 0.00527797266841, -0.00264752539806, 0.00247166515328, -0.0025232930202, -0.000140979507705, 0.00134836847428, -0.0021732551977, -0.00432515051216, 0.00194637512323, -0.00366522953846, 0.00130929832812], [-0.00033533788519, 0.000330783368554, -0.00264752539806, 0.00941338483244, -0.00103588099591, 0.000799711386207, 0.000987310428172, -0.0032932064496, -0.00127455196343, 0.000601931533311, -0.00011576484394, 0.00271292915568, 0.000617344980128], [-0.000266909890343, -0.000785616284702, 0.00247166515328, -0.00103588099591, 0.00914901308715, -0.00477599352598, 0.00298542901874, -0.000576340651605, -0.00219192937948, -0.00521993264556, 0.00400089006871, -0.00516884541139, 0.000439001683844], [-0.000116105962661, -0.000294438825222, -0.0025232930202, 0.000799711386207, -0.00477599352598, 0.0154609819874, -0.00893331039697, 0.0016095044557, -0.00223316648044, 0.00224977359176, -0.00443506613374, 0.00333289406262, -0.00270536611788], [0.000315029901685, 0.000875385536347, -0.000140979507705, 0.000987310428172, 0.00298542901874, -0.00893331039697, 0.0205125864595, -0.00854491442442, 0.00199311203323, -0.00120481383055, -0.00139655754901, -0.0029560981784, 0.00235716253519], [-0.000171804902493, -0.000465128629003, 0.00134836847428, -0.0032932064496, -0.000576340651605, 0.0016095044557, -0.00854491442442, 0.0178663413972, -0.00675953086466, 0.00358996307477, -0.00363308703527, 0.00466768955812, -4.49574872619e-006], [-7.63505377108e-005, -0.000886368448846, -0.0021732551977, -0.00127455196343, -0.00219192937948, -0.00223316648044, 0.00199311203323, -0.00675953086466, 0.0323618985713, -0.0163884665817, 0.0126922624186, -0.00797570403665, 0.00228866445832], [-4.60207047581e-005, -0.000232676087762, -0.00432515051216, 0.000601931533311, -0.00521993264556, 0.00224977359176, -0.00120481383055, 0.00358996307477, -0.0163884665817, 0.0340033657849, -0.0220434311777, 0.0102373994887, -0.00452933320776], [-0.000547257950529, -0.00113175448496, 0.00194637512323, -0.00011576484394, 0.00400089006871, -0.00443506613374, -0.00139655754901, -0.00363308703527, 0.0126922624186, -0.0220434311777, 0.041297275573, -0.0176347810775, 0.00177355995402], [0.000182373230928, 0.000303415785311, -0.00366522953846, 0.00271292915568, -0.00516884541139, 0.00333289406262, -0.0029560981784, 0.00466768955812, -0.00797570403665, 0.0102373994887, -0.0176347810775, 0.0308455172926, -0.0138021009043], [0.000321677245665, 0.000570983975194, 0.00130929832812, 0.000617344980128, 0.000439001683844, -0.00270536611788, 0.00235716253519, -4.49574872619e-006, 0.00228866445832, -0.00452933320776, 0.00177355995402, -0.0138021009043, 0.0286808777601]]
    },
    "spectral_contrast_coeffs": {
        "mean": [-0.598373651505, -0.748626410961, -0.802127420902, -0.787097096443, -0.822355866432, -0.785156905651],
        "var": [0.00599961588159, 0.00386194558814, 0.00193105835933, 0.0024907682091, 0.0012531534303, 0.00163103512023]
    },
    "spectral_contrast_valleys": {
        "mean": [-7.77679109573, -7.12942838669, -8.28192424774, -8.71822834015, -8.86609554291, -10.9429836273],
        "var": [1.15917897224, 0.700914263725, 0.775732338428, 0.843331813812, 1.64532375336, 2.41240096092]
    }
},
"metadata": {
    "audio_properties": {
        "analysis_sample_rate": 44100,
        "bit_rate": 128074,
        "equal_loudness": 0,
        "length": 45.0612258911,
        "lossless": 0,
        "replay_gain": -5.95964241028,
        "sample_rate": 44100,
        "codec": "mp3",
        "downmix": "mix",
        "md5_encoded": "7048d9899dd5e45643f71ed4b8fd02f8"
    },
    "tags": {
        "file_name": "1531.mp3"
    },
    "version": {
        "essentia": "2.1-beta2",
        "essentia_git_sha": "v2.1_beta2",
        "extractor": "music 1.0"
    }
},
"rhythm": {
    "beats_count": 69,
    "beats_loudness": {
        "mean": 0.0780749320984,
        "var": 0.00246225297451
    },
    "bpm": 92.2868347168,
    "bpm_histogram_first_peak_bpm": {
        "mean": 92,
        "var": 0
    },
    "bpm_histogram_first_peak_spread": {
        "mean": 0.0294117331505,
        "var": 0
    },
    "bpm_histogram_first_peak_weight": {
        "mean": 0.97058826685,
        "var": 0
    },
    "bpm_histogram_second_peak_bpm": {
        "mean": 0,
        "var": 0
    },
    "bpm_histogram_second_peak_spread": {
        "mean": 0,
        "var": 0
    },
    "bpm_histogram_second_peak_weight": {
        "mean": 0,
        "var": 0
    },
    "danceability": 1.78088772297,
    "onset_rate": 4.59167957306,
    "beats_loudness_band_ratio": {
        "mean": [0.592828989029, 0.17136362195, 0.0414999350905, 0.0167501829565, 0.0513484291732, 0.215550810099],
        "var": [0.0902150347829, 0.0231115426868, 0.00082458765246, 0.000101376186649, 0.00228030397557, 0.0349176079035]
    },
    "beats_position": [0.650158703327, 1.30031740665, 1.95047616959, 2.60063481331, 3.25079369545, 3.90095233917, 4.55111122131, 5.20126962662, 5.85142850876, 6.5015873909, 7.1517457962, 7.80190467834, 8.45206356049, 9.10222244263, 9.75238037109, 10.4025392532, 11.0526981354, 11.7028570175, 12.3646259308, 13.0031747818, 13.6533327103, 14.3034915924, 14.9536504745, 15.6038093567, 16.2539672852, 16.904127121, 17.5542850494, 18.2044448853, 18.8546028137, 19.5047607422, 20.154920578, 20.8050785065, 21.4552383423, 22.1053962708, 22.7555541992, 23.405714035, 24.0558719635, 24.7060317993, 25.3561897278, 26.0063495636, 26.6565074921, 27.3066654205, 27.9568252563, 28.6069831848, 29.2571430206, 29.9073009491, 30.5574588776, 31.2076187134, 31.8577766418, 32.5079345703, 33.1697044373, 33.8082542419, 34.4584121704, 35.1085700989, 35.7587280273, 36.4088897705, 37.059047699, 37.7092056274, 38.3593635559, 39.0095214844, 39.6596832275, 40.309841156, 40.9599990845, 41.6101570129, 42.2603149414, 42.9104766846, 43.560634613, 44.2107925415, 44.86095047]
},
"tonal": {
    "chords_changes_rate": 0.0730452686548,
    "chords_number_rate": 0.00823045242578,
    "chords_strength": {
        "mean": 0.469930589199,
        "var": 0.00265768519603
    },
    "hpcp_entropy": {
        "mean": 2.14304542542,
        "var": 0.662844002247
    },
    "key_strength": 0.505419254303,
    "tuning_diatonic_strength": 0.610486268997,
    "tuning_equal_tempered_deviation": 0.148486837745,
    "tuning_frequency": 445.884552002,
    "tuning_nontempered_energy_ratio": 0.692473948002,
    "hpcp": {
        "mean": [0.0426167212427, 0.0436315201223, 0.0744924768806, 0.0923463925719, 0.0600827932358, 0.034952737391, 0.0306860804558, 0.0268524959683, 0.0228058882058, 0.0204550269991, 0.023696763441, 0.0303802490234, 0.0272391550243, 0.0342870913446, 0.0533299259841, 0.0506686009467, 0.0493049547076, 0.080351293087, 0.0987780317664, 0.0705627799034, 0.0392367504537, 0.0367925390601, 0.0497176349163, 0.0615920498967, 0.0711403489113, 0.127468928695, 0.221304908395, 0.195442423224, 0.118167378008, 0.0993865355849, 0.0997931808233, 0.174667000771, 0.452177792788, 0.504962742329, 0.196728631854, 0.0464989691973],
        "var": [0.0255935210735, 0.0205954387784, 0.0211527869105, 0.0250259060413, 0.0153019428253, 0.0143474880606, 0.0150594878942, 0.0125174345449, 0.00785777717829, 0.00573199568316, 0.00604483438656, 0.0114493183792, 0.00379163841717, 0.00852773617953, 0.0311960875988, 0.0191879887134, 0.0136716719717, 0.0189649220556, 0.0309082008898, 0.0227081626654, 0.0146045610309, 0.0188274420798, 0.0274900402874, 0.0273459944874, 0.0292740873992, 0.040337909013, 0.0986462682486, 0.0736882910132, 0.0471354722977, 0.0567229948938, 0.0479046329856, 0.0793238431215, 0.147049322724, 0.194048017263, 0.049367621541, 0.0218833051622]
    },
    "chords_histogram": [7.20164632797, 0.308641970158, 21.707818985, 0, 2.16049385071, 1.44032919407, 0, 1.54320991039, 0, 0, 0, 0, 2.57201647758, 0, 0, 0, 0, 0, 0, 28.1893005371, 0, 34.8765449524, 0, 0],
    "thpcp": [1, 0.389590382576, 0.0920839607716, 0.0843957737088, 0.0864054262638, 0.14752073586, 0.182877629995, 0.118984609842, 0.0692184492946, 0.0607689991593, 0.0531771816313, 0.0451635085046, 0.0405079908669, 0.0469277463853, 0.0601633489132, 0.053942900151, 0.0679002404213, 0.105611607432, 0.100341267884, 0.0976407751441, 0.159123212099, 0.195614501834, 0.139738589525, 0.0777022689581, 0.0728618875146, 0.0984580293298, 0.121973454952, 0.140882372856, 0.252432346344, 0.438259869814, 0.387043267488, 0.234012067318, 0.196819543839, 0.197624832392, 0.345900774002, 0.895467638969],
    "chords_key": "D#",
    "chords_scale": "minor",
    "key_key": "C#",
    "key_scale": "major"
}
}