{
"lowlevel": {
    "average_loudness": 0.956344723701,
    "barkbands_crest": {
        "mean": 16.5897846222,
        "var": 39.5521011353
    },
    "barkbands_flatness_db": {
        "mean": 0.226771071553,
        "var": 0.00776900397614
    },
    "barkbands_kurtosis": {
        "mean": 34.8940353394,
        "var": 11069.9160156
    },
    "barkbands_skewness": {
        "mean": 3.51442551613,
        "var": 18.4434909821
    },
    "barkbands_spread": {
        "mean": 30.9857540131,
        "var": 487.606903076
    },
    "dissonance": {
        "mean": 0.489640206099,
        "var": 0.000116196388262
    },
    "dynamic_complexity": 2.26702141762,
    "erbbands_crest": {
        "mean": 9.19840621948,
        "var": 11.7640323639
    },
    "erbbands_flatness_db": {
        "mean": 0.192495957017,
        "var": 0.00146293907892
    },
    "erbbands_kurtosis": {
        "mean": 3.38761734962,
        "var": 27.8297290802
    },
    "erbbands_skewness": {
        "mean": -1.26040327549,
        "var": 1.38160204887
    },
    "erbbands_spread": {
        "mean": 46.5376701355,
        "var": 1041.16125488
    },
    "hfc": {
        "mean": 23.0504760742,
        "var": 236.749252319
    },
    "melbands_crest": {
        "mean": 22.4747562408,
        "var": 34.6054763794
    },
    "melbands_flatness_db": {
        "mean": 0.321128726006,
        "var": 0.0122200306505
    },
    "melbands_kurtosis": {
        "mean": 92.3915405273,
        "var": 21974.890625
    },
    "melbands_skewness": {
        "mean": 6.51800489426,
        "var": 26.0975170135
    },
    "melbands_spread": {
        "mean": 28.1197357178,
        "var": 955.355285645
    },
    "pitch_salience": {
        "mean": 0.336100429296,
        "var": 0.0254467427731
    },
    "silence_rate_20dB": {
        "mean": 1,
        "var": 0
    },
    "silence_rate_30dB": {
        "mean": 0.846035003662,
        "var": 0.130262926221
    },
    "silence_rate_60dB": {
        "mean": 0.00514933047816,
        "var": 0.0051229535602
    },
    "spectral_centroid": {
        "mean": 2439.21191406,
        "var": 835476.1875
    },
    "spectral_complexity": {
        "mean": 18.5962924957,
        "var": 120.721557617
    },
    "spectral_decrease": {
        "mean": -1.45224019477e-008,
        "var": 2.68547216655e-016
    },
    "spectral_energy": {
        "mean": 0.0569015853107,
        "var": 0.00383741711266
    },
    "spectral_energyband_high": {
        "mean": 0.00134066201281,
        "var": 2.15839554585e-006
    },
    "spectral_energyband_low": {
        "mean": 0.048202931881,
        "var": 0.00392452208325
    },
    "spectral_energyband_middle_high": {
        "mean": 0.00486799050122,
        "var": 1.96023574972e-005
    },
    "spectral_energyband_middle_low": {
        "mean": 0.00349095277488,
        "var": 4.62691859866e-005
    },
    "spectral_entropy": {
        "mean": 7.43630886078,
        "var": 0.086906760931
    },
    "spectral_flux": {
        "mean": 0.121743492782,
        "var": 0.00716086896136
    },
    "spectral_kurtosis": {
        "mean": 4.53834009171,
        "var": 6.71330356598
    },
    "spectral_rms": {
        "mean": 0.00664465269074,
        "var": 1.13623755169e-005
    },
    "spectral_rolloff": {
        "mean": 1562.36865234,
        "var": 2767925.75
    },
    "spectral_skewness": {
        "mean": 0.713309526443,
        "var": 0.207970798016
    },
    "spectral_spread": {
        "mean": 3215821.75,
        "var": 1.9037356032e+012
    },
    "spectral_strongpeak": {
        "mean": 0.55963408947,
        "var": 0.746823489666
    },
    "zerocrossingrate": {
        "mean": 0.0533556640148,
        "var": 0.00129442173056
    },
    "barkbands": {
        "mean": [0.00085643096827, 0.0404292345047, 0.00594388972968, 0.00205006543547, 0.00116748583969, 0.000109864602564, 5.56886407139e-005, 4.24682475568e-005, 5.89250557823e-005, 5.69341245864e-005, 0.000208615136216, 0.000242309251917, 0.00019660757971, 0.000307611888275, 0.00054230709793, 0.000615384138655, 0.00039921636926, 0.000655519310385, 0.0010201431578, 0.000991451554, 0.000627107743639, 0.000274973514024, 1.1179190551e-005, 1.84217640253e-006, 9.91029082797e-006, 2.42361111304e-005, 2.29945612773e-006],
        "var": [2.92915410682e-006, 0.00329748773947, 0.000170104409335, 2.00338781724e-005, 6.77275420458e-006, 3.23832090032e-008, 1.72354024386e-008, 1.44068872387e-008, 7.14777659283e-009, 1.08521591713e-008, 1.24458935602e-007, 1.65109213413e-007, 1.22667628943e-007, 2.45978242219e-007, 1.43427541843e-006, 1.43796205521e-006, 5.47884098978e-007, 8.59334249981e-007, 1.37534834721e-006, 1.06073332518e-006, 5.63230400985e-007, 1.78463636757e-007, 5.3942722511e-010, 8.62813726715e-012, 3.4424368911e-010, 3.34123040346e-009, 4.33008594258e-011]
    },
    "erbbands": {
        "mean": [1.23953056335, 8.60614681244, 9.29880714417, 6.42555093765, 6.83936882019, 2.28291296959, 1.35125648975, 0.875440239906, 0.698565244675, 0.821062445641, 1.16090345383, 1.38687777519, 1.31229352951, 4.57749080658, 9.77905750275, 8.4875831604, 8.61241436005, 13.1750593185, 23.8974742889, 28.8549938202, 35.0721893311, 26.0209445953, 38.0260276794, 49.9155769348, 51.7306060791, 43.3911247253, 29.7707099915, 21.5852050781, 11.0544042587, 2.6003472805, 0.216963872313, 0.0404968746006, 0.0409660302103, 0.0843581333756, 0.0915086865425, 0.119008101523, 0.0359344258904, 0.00727847032249, 0.000217325097765, 6.99049705872e-005],
        "var": [4.33195638657, 144.575134277, 286.304046631, 179.997665405, 274.491821289, 18.4554462433, 4.74622011185, 2.38595461845, 2.41491985321, 3.62867093086, 8.37227630615, 4.18738269806, 4.42939329147, 50.2348060608, 226.742095947, 206.822540283, 199.971542358, 432.306671143, 2374.07519531, 3406.01416016, 5209.63916016, 2079.5090332, 2357.10742188, 4358.89697266, 2800.19775391, 2020.37426758, 1105.4263916, 805.600646973, 279.411712646, 21.7514076233, 0.198117256165, 0.00414568325505, 0.00418537575752, 0.024442685768, 0.0348660722375, 0.0807726606727, 0.00737825920805, 0.000321113038808, 2.68900180345e-007, 4.43907399728e-009]
    },
    "gfcc": {
        "mean": [-37.7505149841, 78.5405960083, -120.61391449, 90.0812988281, 3.91276454926, 7.30277633667, 4.13040065765, 6.69942998886, -30.7783641815, 18.6871395111, -26.5701980591, 8.61256694794, -6.3372592926],
        "cov": [[4112.41894531, 47.3000068665, -991.004150391, -285.649688721, -360.749633789, 12.7018375397, -160.33140564, -158.04006958, -280.264587402, -140.682357788, -128.691116333, -14.5563793182, -147.831115723], [47.3000068665, 904.970458984, -44.6120758057, -46.8161354065, 80.6908416748, -86.0006790161, 59.1662330627, -85.7957611084, 70.3126831055, -136.509811401, 84.381690979, -143.177642822, 58.428943634], [-991.004150391, -44.6120758057, 1183.76611328, 146.617492676, 169.026702881, -112.574798584, -27.7900238037, 34.8627891541, 11.3798027039, 119.121871948, -88.031539917, 40.4087257385, -76.5293502808], [-285.649688721, -46.8161354065, 146.617492676, 416.835601807, 76.4510345459, -72.8689041138, 14.7095527649, 12.3220968246, 110.103775024, -14.4822874069, 66.7746505737, -66.3188171387, 59.9540290833], [-360.749633789, 80.6908416748, 169.026702881, 76.4510345459, 303.483276367, -3.28315448761, 9.61341762543, 16.6534519196, 26.4468612671, 25.1938533783, -9.07706069946, -13.9589252472, 26.068479538], [12.7018375397, -86.0006790161, -112.574798584, -72.8689041138, -3.28315448761, 218.697540283, 87.5794830322, -35.9230041504, -54.2180862427, -33.3608665466, 35.2470550537, 9.86748981476, -14.6253786087], [-160.33140564, 59.1662330627, -27.7900238037, 14.7095527649, 9.61341762543, 87.5794830322, 205.53024292, 9.07930755615, 11.4028730392, 0.449406981468, 58.6715126038, -0.961742639542, 6.01602554321], [-158.04006958, -85.7957611084, 34.8627891541, 12.3220968246, 16.6534519196, -35.9230041504, 9.07930755615, 134.99420166, 71.6151199341, 55.0148353577, -1.25095665455, -1.96576797962, 25.6716365814], [-280.264587402, 70.3126831055, 11.3798027039, 110.103775024, 26.4468612671, -54.2180862427, 11.4028730392, 71.6151199341, 211.536972046, 19.3789367676, 44.6086120605, -37.2753372192, 57.421497345], [-140.682357788, -136.509811401, 119.121871948, -14.4822874069, 25.1938533783, -33.3608665466, 0.449406981468, 55.0148353577, 19.3789367676, 130.412582397, -2.87996649742, 40.6342506409, -10.3364992142], [-128.691116333, 84.381690979, -88.031539917, 66.7746505737, -9.07706069946, 35.2470550537, 58.6715126038, -1.25095665455, 44.6086120605, -2.87996649742, 153.004714966, -25.881105423, 36.8027038574], [-14.5563793182, -143.177642822, 40.4087257385, -66.3188171387, -13.9589252472, 9.86748981476, -0.961742639542, -1.96576797962, -37.2753372192, 40.6342506409, -25.881105423, 104.264724731, -18.4115695953], [-147.831115723, 58.428943634, -76.5293502808, 59.9540290833, 26.068479538, -14.6253786087, 6.01602554321, 25.6716365814, 57.421497345, -10.3364992142, 36.8027038574, -18.4115695953, 104.099937439]],
        "icov": [[0.000439809460659, -0.000302121858113, 0.000465517281555, -0.000343189632986, 0.000354747375241, -0.000142374061397, 0.000371489557438, -0.000135442925966, 0.000476635876112, -0.000311780866468, 0.000519173569046, -0.00013977396884, 0.000734979868867], [-0.000302121858113, 0.00438214000314, -0.000973728776444, 0.00397552317008, -0.00190800416749, 0.00460433401167, -0.00290418928489, 0.00374691747129, -0.00186337286141, 0.00409996556118, -0.00303752184846, 0.0048344139941, -0.00216175056994], [0.000465517281555, -0.000973728776444, 0.0018281172961, -0.00154350243974, 7.97678294475e-005, -0.000507303571794, 0.000700781005435, -0.000691027613357, 0.000745245313738, -0.00174624519423, 0.00153254088946, -0.00120504188817, 0.00213976250961], [-0.000343189632986, 0.00397552317008, -0.00154350243974, 0.00738305132836, -0.00224704714492, 0.00527295656502, -0.00302850501612, 0.00406901258975, -0.0027878805995, 0.00440643634647, -0.00412379950285, 0.00565228518099, -0.00319753703661], [0.000354747375241, -0.00190800416749, 7.97678294475e-005, -0.00224704714492, 0.00493017258123, -0.0026326503139, 0.00124289945234, -0.0013649428729, 0.00100030680187, -0.00274101225659, 0.00230786204338, -0.0011832449818, -0.000261342007434], [-0.000142374061397, 0.00460433401167, -0.000507303571794, 0.00527295656502, -0.0026326503139, 0.0120659777895, -0.00570791261271, 0.00454251840711, -0.000691255496349, 0.005920921918, -0.0045915315859, 0.00447729183361, -0.00124783220235], [0.000371489557438, -0.00290418928489, 0.000700781005435, -0.00302850501612, 0.00124289945234, -0.00570791261271, 0.00863464456052, -0.00346687668934, 0.00111488392577, -0.00278666941449, 0.000219354900764, -0.00350866187364, 0.00206998735666], [-0.000135442925966, 0.00374691747129, -0.000691027613357, 0.00406901258975, -0.0013649428729, 0.00454251840711, -0.00346687668934, 0.0149120539427, -0.00468994723633, -0.00136515905615, -0.000800376874395, 0.00558298220858, -0.0039221001789], [0.000476635876112, -0.00186337286141, 0.000745245313738, -0.0027878805995, 0.00100030680187, -0.000691255496349, 0.00111488392577, -0.00468994723633, 0.00881691928953, -0.00200782436877, 0.000279931206023, -0.000541510409676, -0.000636767130345], [-0.000311780866468, 0.00409996556118, -0.00174624519423, 0.00440643634647, -0.00274101225659, 0.005920921918, -0.00278666941449, -0.00136515905615, -0.00200782436877, 0.0166385453194, -0.00507119018584, -0.000385153136449, -6.52362941764e-005], [0.000519173569046, -0.00303752184846, 0.00153254088946, -0.00412379950285, 0.00230786204338, -0.0045915315859, 0.000219354900764, -0.000800376874395, 0.000279931206023, -0.00507119018584, 0.0120616396889, -0.00156660738867, -0.000293690100079], [-0.00013977396884, 0.0048344139941, -0.00120504188817, 0.00565228518099, -0.0011832449818, 0.00447729183361, -0.00350866187364, 0.00558298220858, -0.000541510409676, -0.000385153136449, -0.00156660738867, 0.0187714211643, -0.00316752982326], [0.000734979868867, -0.00216175056994, 0.00213976250961, -0.00319753703661, -0.000261342007434, -0.00124783220235, 0.00206998735666, -0.0039221001789, -0.000636767130345, -6.52362941764e-005, -0.000293690100079, -0.00316752982326, 0.0159039199352]]
    },
    "melbands": {
        "mean": [0.0113385701552, 0.00731485942379, 0.00120100611821, 0.000320882420056, 5.0831327826e-005, 1.90112768905e-005, 1.10912069431e-005, 9.02568535821e-006, 9.37150434765e-006, 8.71193515195e-006, 6.61073136143e-006, 1.72230375028e-005, 2.95169375022e-005, 2.97047408822e-005, 1.90456412383e-005, 2.02076753339e-005, 2.46841118496e-005, 3.65492305718e-005, 4.12593399233e-005, 3.75270938093e-005, 4.00469107262e-005, 2.45103728957e-005, 3.01572545141e-005, 3.1447281799e-005, 4.23913515988e-005, 3.46911729139e-005, 4.11822875321e-005, 2.53228154179e-005, 2.03539038921e-005, 1.40017036756e-005, 1.19810974866e-005, 7.37109212423e-006, 2.90569460049e-006, 7.42045187963e-007, 9.09748223421e-008, 2.27857253066e-008, 1.96768006333e-008, 2.03947188027e-008, 5.10106090701e-008, 7.48102948478e-008],
        "var": [0.000293651915854, 0.000107907500933, 5.55971837457e-006, 5.41807423815e-007, 6.63075327978e-009, 1.069235811e-009, 6.14174211488e-010, 4.05848132878e-010, 4.54121712457e-010, 1.81613585282e-010, 1.30354893546e-010, 7.30044580344e-010, 2.34256991583e-009, 2.16599338465e-009, 1.84264048464e-009, 1.44871570296e-009, 1.87274062924e-009, 5.70856251159e-009, 9.08083030993e-009, 4.93421836723e-009, 8.19281709141e-009, 2.32483121643e-009, 1.40940081828e-009, 2.33079000544e-009, 3.76583475514e-009, 1.37181688231e-009, 2.02752259426e-009, 9.3228380571e-010, 5.57702828363e-010, 3.15964143738e-010, 2.88451901254e-010, 1.25052884714e-010, 3.46801060092e-011, 2.1480480155e-012, 6.73350264435e-014, 2.49753360795e-015, 1.44369121387e-015, 1.40267141994e-015, 8.53320049305e-015, 2.0688761102e-014]
    },
    "mfcc": {
        "mean": [-687.788391113, 108.420639038, -42.4812393188, 99.8119354248, 12.5681886673, 39.6563873291, 34.3569107056, 3.70678114891, 27.2048969269, -8.31313705444, 15.5159435272, -9.24607944489, 9.11466217041],
        "cov": [[4156.86474609, 53.125289917, -992.70135498, -419.768707275, -462.79977417, -102.496871948, -65.7516174316, -99.2695007324, -168.721908569, -175.863220215, -82.9532165527, -215.566604614, -91.5224990845], [53.125289917, 820.539550781, 3.87898373604, -30.6037006378, 13.363656044, -10.7318782806, 22.4553585052, -10.5847120285, -15.2685317993, -9.38203334808, -24.7550487518, -16.2917194366, -20.3263320923], [-992.70135498, 3.87898373604, 774.697143555, 198.598297119, 120.329551697, 18.545293808, -39.297077179, 16.0631084442, -3.06130051613, 26.9518527985, 11.1272306442, 95.4572753906, 19.6640033722], [-419.768707275, -30.6037006378, 198.598297119, 473.313446045, 151.436691284, -32.8158607483, -43.3472366333, -52.0986251831, 90.1143722534, 18.8750839233, 41.1001625061, 24.5189170837, 42.7479057312], [-462.79977417, 13.363656044, 120.329551697, 151.436691284, 306.791870117, -1.88896167278, -46.6890258789, -3.77660274506, 30.4596862793, 62.207824707, -39.6857719421, 28.9222145081, 0.522078812122], [-102.496871948, -10.7318782806, 18.545293808, -32.8158607483, -1.88896167278, 196.046463013, 86.1339187622, 49.2604408264, -39.7435874939, -22.2982349396, 21.7311401367, -34.408416748, -2.58146381378], [-65.7516174316, 22.4553585052, -39.297077179, -43.3472366333, -46.6890258789, 86.1339187622, 223.928161621, 17.428604126, -20.3788566589, -23.4457359314, 53.1285705566, -13.2848682404, -38.9470748901], [-99.2695007324, -10.5847120285, 16.0631084442, -52.0986251831, -3.77660274506, 49.2604408264, 17.428604126, 119.869155884, -12.8047237396, 33.4236984253, -21.3863487244, 23.3681163788, -7.03331518173], [-168.721908569, -15.2685317993, -3.06130051613, 90.1143722534, 30.4596862793, -39.7435874939, -20.3788566589, -12.8047237396, 157.507919312, 17.6302280426, 23.8093662262, 6.14685583115, 34.3856506348], [-175.863220215, -9.38203334808, 26.9518527985, 18.8750839233, 62.207824707, -22.2982349396, -23.4457359314, 33.4236984253, 17.6302280426, 145.465438843, -20.0478401184, 55.9039840698, -11.6476840973], [-82.9532165527, -24.7550487518, 11.1272306442, 41.1001625061, -39.6857719421, 21.7311401367, 53.1285705566, -21.3863487244, 23.8093662262, -20.0478401184, 137.567214966, 2.65710186958, 44.4172172546], [-215.566604614, -16.2917194366, 95.4572753906, 24.5189170837, 28.9222145081, -34.408416748, -13.2848682404, 23.3681163788, 6.14685583115, 55.9039840698, 2.65710186958, 137.913787842, 4.9901766777], [-91.5224990845, -20.3263320923, 19.6640033722, 42.7479057312, 0.522078812122, -2.58146381378, -38.9470748901, -7.03331518173, 34.3856506348, -11.6476840973, 44.4172172546, 4.9901766777, 97.2555541992]],
        "icov": [[0.00047481546062, -2.25742514885e-005, 0.000508542114403, -2.51016499533e-005, 0.000501980248373, 0.000115923765406, 0.000372183945728, 0.000211559774471, 0.000406331382692, 0.00021372649644, 0.000113044457976, 0.000196570676053, 0.000335266668117], [-2.25742514885e-005, 0.00124976155348, -8.52636658237e-005, 0.000104768005258, -0.000143075827509, 0.000190746752196, -0.000281158281723, 0.000110267799755, 3.97750627599e-005, 4.01513934776e-005, 0.000242131543928, 0.000162424956216, -1.58137227118e-005], [0.000508542114403, -8.52636658237e-005, 0.00221833609976, -0.000682099082042, 0.000238198394072, -0.000314088450978, 0.000752623076551, -1.57365575433e-005, 0.000824367394671, 0.000561077729799, -4.64031327283e-005, -0.000962032238021, 0.000448963197414], [-2.51016499533e-005, 0.000104768005258, -0.000682099082042, 0.00331480661407, -0.00137566390913, 0.000113486486953, 0.000143707831739, 0.00106162775774, -0.00133427453693, 4.13203597418e-005, -0.000908041605726, 7.73634164943e-005, -0.000288655195618], [0.000501980248373, -0.000143075827509, 0.000238198394072, -0.00137566390913, 0.00526509946212, -0.000878974504303, 0.000748777121771, 0.000965233542956, 7.75652006269e-005, -0.00147934770212, 0.00187574280426, -1.66741847352e-005, 0.000256649160292], [0.000115923765406, 0.000190746752196, -0.000314088450978, 0.000113486486953, -0.000878974504303, 0.00834958348423, -0.00275640026666, -0.00360580673441, 0.00192391278688, 0.000750447041355, -0.000818984000944, 0.00268784025684, -0.00132989371195], [0.000372183945728, -0.000281158281723, 0.000752623076551, 0.000143707831739, 0.000748777121771, -0.00275640026666, 0.00784116517752, -0.000305423978716, -0.000162929209182, 0.00096886290703, -0.00380732538179, -0.000530691060703, 0.00505665503442], [0.000211559774471, 0.000110267799755, -1.57365575433e-005, 0.00106162775774, 0.000965233542956, -0.00360580673441, -0.000305423978716, 0.0120294904336, -0.000377803400625, -0.00254729622975, 0.00268807937391, -0.00197398476303, -0.000892442825716], [0.000406331382692, 3.97750627599e-005, 0.000824367394671, -0.00133427453693, 7.75652006269e-005, 0.00192391278688, -0.000162929209182, -0.000377803400625, 0.00859936792403, -0.000785994867329, -0.000626947381534, 0.000842719222419, -0.00212286808528], [0.00021372649644, 4.01513934776e-005, 0.000561077729799, 4.13203597418e-005, -0.00147934770212, 0.000750447041355, 0.00096886290703, -0.00254729622975, -0.000785994867329, 0.00992819294333, -0.000257254956523, -0.00309320096858, 0.00205268594436], [0.000113044457976, 0.000242131543928, -4.64031327283e-005, -0.000908041605726, 0.00187574280426, -0.000818984000944, -0.00380732538179, 0.00268807937391, -0.000626947381534, -0.000257254956523, 0.0122971460223, -0.000902307103388, -0.00617563910782], [0.000196570676053, 0.000162424956216, -0.000962032238021, 7.73634164943e-005, -1.66741847352e-005, 0.00268784025684, -0.000530691060703, -0.00197398476303, 0.000842719222419, -0.00309320096858, -0.000902307103388, 0.0104457819834, -0.000696692673955], [0.000335266668117, -1.58137227118e-005, 0.000448963197414, -0.000288655195618, 0.000256649160292, -0.00132989371195, 0.00505665503442, -0.000892442825716, -0.00212286808528, 0.00205268594436, -0.00617563910782, -0.000696692673955, 0.0164068639278]]
    },
    "spectral_contrast_coeffs": {
        "mean": [-0.661680877209, -0.767714142799, -0.775026500225, -0.755833566189, -0.749728500843, -0.53300267458],
        "var": [0.00589783815667, 0.00375825492665, 0.00458954554051, 0.00461072940379, 0.00276857824065, 0.00418143672869]
    },
    "spectral_contrast_valleys": {
        "mean": [-7.08198833466, -8.42625617981, -8.48016643524, -8.07697582245, -7.11034297943, -12.592300415],
        "var": [0.604026734829, 0.824902176857, 0.924146950245, 0.770782411098, 0.689312636852, 1.13040018082]
    }
},
"metadata": {
    "audio_properties": {
        "analysis_sample_rate": 44100,
        "bit_rate": 128074,
        "equal_loudness": 0,
        "length": 45.0612258911,
        "lossless": 0,
        "replay_gain": -3.93963432312,
        "sample_rate": 44100,
        "codec": "mp3",
        "downmix": "mix",
        "md5_encoded": "7543bd18c6d1213540e263baf9757573"
    },
    "tags": {
        "file_name": "1533.mp3"
    },
    "version": {
        "essentia": "2.1-beta2",
        "essentia_git_sha": "v2.1_beta2",
        "extractor": "music 1.0"
    }
},
"rhythm": {
    "beats_count": 99,
    "beats_loudness": {
        "mean": 0.133566468954,
        "var": 0.0100530888885
    },
    "bpm": 132.778808594,
    "bpm_histogram_first_peak_bpm": {
        "mean": 133,
        "var": 0
    },
    "bpm_histogram_first_peak_spread": {
        "mean": 0.275510191917,
        "var": 0
    },
    "bpm_histogram_first_peak_weight": {
        "mean": 0.724489808083,
        "var": 0
    },
    "bpm_histogram_second_peak_bpm": {
        "mean": 0,
        "var": 0
    },
    "bpm_histogram_second_peak_spread": {
        "mean": 0,
        "var": 0
    },
    "bpm_histogram_second_peak_weight": {
        "mean": 0,
        "var": 0
    },
    "danceability": 1.88535261154,
    "onset_rate": 4.70258998871,
    "beats_loudness_band_ratio": {
        "mean": [0.863639235497, 0.0158840138465, 0.00400853063911, 0.0225165579468, 0.0475936979055, 0.0558754205704],
        "var": [0.0453591160476, 0.000724930956494, 0.000156317371875, 0.00278390897438, 0.0118066808209, 0.0137583455071]
    },
    "beats_position": [0.452789098024, 0.905578196049, 1.35836732388, 1.8111563921, 2.26394557953, 2.71673464775, 3.16952371597, 3.62231278419, 4.06349182129, 4.51628112793, 4.98067998886, 5.4334692955, 5.88625860214, 6.33904743195, 6.78022670746, 7.23301553726, 7.69741487503, 8.15020370483, 8.60299301147, 9.05578231812, 9.49696159363, 9.96135997772, 10.4141492844, 10.866938591, 11.3081178665, 11.7609071732, 12.2136955261, 12.6664848328, 13.1192741394, 13.5836734772, 14.0248527527, 14.4776411057, 14.9304304123, 15.3832197189, 15.8360090256, 16.2887973785, 16.7299766541, 17.1827659607, 17.6355552673, 18.088344574, 18.5411338806, 18.9939231873, 19.4467124939, 19.8994998932, 20.3522891998, 20.8050785065, 21.246257782, 21.7106571198, 22.1634464264, 22.616235733, 23.0690250397, 23.5218143463, 23.9629936218, 24.4273910522, 24.8685703278, 25.3329696655, 25.774148941, 26.2153282166, 26.6681175232, 27.1209068298, 27.5736961365, 28.0264854431, 28.4792747498, 28.932062149, 29.3848514557, 29.8376407623, 30.290430069, 30.7432193756, 31.1843986511, 31.6487979889, 32.1015853882, 32.5543746948, 33.0071640015, 33.4599533081, 33.901134491, 34.3539237976, 34.8067131042, 35.2711105347, 35.7238998413, 36.1766891479, 36.6294784546, 37.0822677612, 37.5234451294, 37.976234436, 38.4174156189, 38.8702049255, 39.334602356, 39.7757797241, 40.2285690308, 40.6813583374, 41.134147644, 41.5869369507, 42.0397262573, 42.492515564, 42.9453048706, 43.3980941772, 43.8508834839, 44.3036727905, 44.7448501587]
},
"tonal": {
    "chords_changes_rate": 0.0905349776149,
    "chords_number_rate": 0.0123456791043,
    "chords_strength": {
        "mean": 0.490813374519,
        "var": 0.0099516119808
    },
    "hpcp_entropy": {
        "mean": 2.5816924572,
        "var": 0.513300299644
    },
    "key_strength": 0.631675243378,
    "tuning_diatonic_strength": 0.528585970402,
    "tuning_equal_tempered_deviation": 0.327059805393,
    "tuning_frequency": 434.695007324,
    "tuning_nontempered_energy_ratio": 0.930391430855,
    "hpcp": {
        "mean": [0.129942730069, 0.176335185766, 0.223563909531, 0.216832518578, 0.174758061767, 0.14768499136, 0.141411304474, 0.135413587093, 0.123585216701, 0.122331008315, 0.133929029107, 0.12008215487, 0.104045428336, 0.108298331499, 0.0855564028025, 0.0581861920655, 0.0479707457125, 0.0396510474384, 0.035105779767, 0.032825678587, 0.0313152000308, 0.0319089405239, 0.0342773012817, 0.0595719665289, 0.132200628519, 0.160129711032, 0.0993059426546, 0.0673642978072, 0.0958975180984, 0.0883579924703, 0.0455786548555, 0.0341913662851, 0.048110473901, 0.0593591742218, 0.0756005570292, 0.10363048315],
        "var": [0.0661504939198, 0.0845916494727, 0.10898283869, 0.104079432786, 0.0775278359652, 0.0670369639993, 0.0712603852153, 0.0713782981038, 0.0648904517293, 0.0627891272306, 0.0670427531004, 0.0572023279965, 0.0472330749035, 0.050848659128, 0.0370377860963, 0.0285850670189, 0.0243855565786, 0.0170271955431, 0.0111390948296, 0.0103677548468, 0.0107314158231, 0.0120975421742, 0.0152206337079, 0.0222956873477, 0.06699090451, 0.085767917335, 0.037150375545, 0.0265295449644, 0.0557740442455, 0.05430136621, 0.0154742989689, 0.0104245776311, 0.0139808515087, 0.021361913532, 0.0300199650228, 0.0491019487381]
    },
    "chords_histogram": [32.8189315796, 13.271604538, 3.08641982079, 0.514403283596, 1.13168728352, 0.514403283596, 1.74897122383, 0, 0, 18.5185184479, 1.64609050751, 0, 0, 2.26337456703, 0, 0, 1.85185182095, 0.102880656719, 4.11522626877, 0.102880656719, 10.2880659103, 0.102880656719, 0, 7.92181062698],
    "thpcp": [1, 0.969890534878, 0.781691730022, 0.660594046116, 0.632531881332, 0.605704128742, 0.552795946598, 0.547185838223, 0.599063754082, 0.537126719952, 0.465394556522, 0.484417766333, 0.382693260908, 0.26026648283, 0.214572846889, 0.17735889554, 0.157027944922, 0.14682905376, 0.140072703362, 0.142728492618, 0.153322160244, 0.266465038061, 0.591332614422, 0.716259241104, 0.444194883108, 0.301320105791, 0.428948998451, 0.395224750042, 0.203873038292, 0.15293776989, 0.215197861195, 0.265513211489, 0.338160842657, 0.463538527489, 0.581233024597, 0.78874617815],
    "chords_key": "A#",
    "chords_scale": "minor",
    "key_key": "A#",
    "key_scale": "minor"
}
}