{
"lowlevel": {
    "average_loudness": 0.516907572746,
    "barkbands_crest": {
        "mean": 15.2993431091,
        "var": 32.0146598816
    },
    "barkbands_flatness_db": {
        "mean": 0.284913629293,
        "var": 0.0232591237873
    },
    "barkbands_kurtosis": {
        "mean": 34.2102966309,
        "var": 5615.01855469
    },
    "barkbands_skewness": {
        "mean": 3.24648928642,
        "var": 11.0802326202
    },
    "barkbands_spread": {
        "mean": 14.2366638184,
        "var": 333.398529053
    },
    "dissonance": {
        "mean": 0.408564597368,
        "var": 0.00574209168553
    },
    "dynamic_complexity": 14.3497247696,
    "erbbands_crest": {
        "mean": 12.3711643219,
        "var": 28.1595592499
    },
    "erbbands_flatness_db": {
        "mean": 0.205398052931,
        "var": 0.00931375287473
    },
    "erbbands_kurtosis": {
        "mean": 7.07604932785,
        "var": 297.786712646
    },
    "erbbands_skewness": {
        "mean": 1.13488411903,
        "var": 3.26867127419
    },
    "erbbands_spread": {
        "mean": 39.984249115,
        "var": 1164.73791504
    },
    "hfc": {
        "mean": 12.4537258148,
        "var": 350.974121094
    },
    "melbands_crest": {
        "mean": 19.9381542206,
        "var": 58.7131385803
    },
    "melbands_flatness_db": {
        "mean": 0.370966315269,
        "var": 0.0368876419961
    },
    "melbands_kurtosis": {
        "mean": 66.5346298218,
        "var": 19775.265625
    },
    "melbands_skewness": {
        "mean": 4.29032468796,
        "var": 16.0861740112
    },
    "melbands_spread": {
        "mean": 17.7939872742,
        "var": 1062.22241211
    },
    "pitch_salience": {
        "mean": 0.419939875603,
        "var": 0.0216705463827
    },
    "silence_rate_20dB": {
        "mean": 0.981977343559,
        "var": 0.017697667703
    },
    "silence_rate_30dB": {
        "mean": 0.868692040443,
        "var": 0.114066235721
    },
    "silence_rate_60dB": {
        "mean": 0.35169929266,
        "var": 0.228002980351
    },
    "spectral_centroid": {
        "mean": 1016.08172607,
        "var": 1690072
    },
    "spectral_complexity": {
        "mean": 5.40937185287,
        "var": 24.9411678314
    },
    "spectral_decrease": {
        "mean": -1.13364366783e-008,
        "var": 4.92959146319e-016
    },
    "spectral_energy": {
        "mean": 0.0439159497619,
        "var": 0.00718054967001
    },
    "spectral_energyband_high": {
        "mean": 0.000615610624664,
        "var": 2.27450686907e-006
    },
    "spectral_energyband_low": {
        "mean": 0.0330743826926,
        "var": 0.00637083873153
    },
    "spectral_energyband_middle_high": {
        "mean": 0.00245327665471,
        "var": 4.97703113069e-005
    },
    "spectral_energyband_middle_low": {
        "mean": 0.0100255580619,
        "var": 0.000284468958853
    },
    "spectral_entropy": {
        "mean": 6.82750940323,
        "var": 1.44859921932
    },
    "spectral_flux": {
        "mean": 0.073847360909,
        "var": 0.0108628552407
    },
    "spectral_kurtosis": {
        "mean": 17.7140197754,
        "var": 1682.35375977
    },
    "spectral_rms": {
        "mean": 0.0045481948182,
        "var": 2.21587397391e-005
    },
    "spectral_rolloff": {
        "mean": 1529.76513672,
        "var": 10127673
    },
    "spectral_skewness": {
        "mean": 2.52651381493,
        "var": 6.403860569
    },
    "spectral_spread": {
        "mean": 5949931.5,
        "var": 1.78437310382e+013
    },
    "spectral_strongpeak": {
        "mean": 0.686779260635,
        "var": 1.39553523064
    },
    "zerocrossingrate": {
        "mean": 0.0565262250602,
        "var": 0.00708562647924
    },
    "barkbands": {
        "mean": [0.00163275317755, 0.0254577100277, 0.00376909202896, 0.00328978640027, 0.00394164677709, 0.000596225145273, 0.000426272570621, 0.000708853127435, 0.000984264421277, 0.000236836960539, 0.00201445375569, 1.19448322948e-005, 1.32230970848e-005, 7.99310782895e-006, 3.10216419166e-005, 2.42207133851e-005, 2.8928341635e-005, 4.34731773566e-005, 4.78474103147e-005, 6.04654887866e-005, 0.000124372076243, 0.000119811818877, 0.000114710521302, 7.72739076638e-005, 9.94160072878e-005, 4.78852598462e-005, 5.51022503714e-006],
        "var": [1.95628908841e-005, 0.00410641077906, 0.000162687298143, 0.000104767059383, 8.01982751e-005, 1.61441016644e-006, 1.20094125577e-006, 2.76257765108e-006, 4.38256120106e-006, 7.36448157568e-007, 4.19440366386e-005, 2.75242073577e-009, 2.7567368388e-009, 3.64862640101e-010, 6.68425599315e-008, 4.01538979844e-009, 1.0909355197e-008, 2.8384700812e-008, 6.81454039864e-008, 2.60956891651e-008, 1.28224499463e-007, 1.00686300186e-007, 1.20776888934e-007, 3.88172090027e-008, 1.0656803795e-007, 2.29913794669e-008, 4.2001710443e-010]
    },
    "erbbands": {
        "mean": [0.934250771999, 4.82735824585, 4.91327047348, 9.71318149567, 8.04840660095, 15.624004364, 12.3773317337, 4.11384439468, 2.5974149704, 15.0393123627, 15.8804321289, 23.4039001465, 11.6722745895, 25.5790023804, 61.3416557312, 2.49501490593, 0.740125358105, 0.380548268557, 0.881792604923, 1.74203455448, 1.45040786266, 1.50720620155, 2.1518342495, 2.94494581223, 2.50557565689, 2.74262166023, 3.89603972435, 5.04873514175, 4.39543819427, 3.87434196472, 2.73210120201, 1.656280756, 1.43446612358, 1.1038351059, 0.6815777421, 0.254869043827, 0.0780891925097, 0.017180852592, 0.000572685908992, 6.24131498626e-005],
        "var": [4.50337839127, 195.877380371, 272.69519043, 960.339660645, 396.701599121, 1436.82727051, 646.749633789, 55.6134567261, 24.0701751709, 998.786865234, 1239.35009766, 2483.46582031, 857.313049316, 6342.51074219, 38701.734375, 52.2530250549, 6.83447980881, 0.799914419651, 39.1635169983, 113.144706726, 16.924943924, 33.3521766663, 80.5151748657, 245.914550781, 52.597782135, 62.2751655579, 108.029769897, 203.447570801, 136.283737183, 156.446563721, 53.2473526001, 16.4643344879, 15.6602163315, 11.8486537933, 5.77009868622, 0.662624180317, 0.0646732524037, 0.00324707245454, 3.95301458411e-006, 1.17526823828e-008]
    },
    "gfcc": {
        "mean": [-231.228027344, 91.4390869141, -48.0624732971, 45.1655044556, -62.5449180603, 9.15898227692, -21.5871219635, 11.7772397995, -16.3963241577, -1.70181500912, -16.8799972534, -0.677021205425, -4.99050235748],
        "cov": [[72953.90625, 893.870300293, -4430.67138672, -318.500793457, -6496.29931641, -874.11706543, -588.085327148, 1826.45532227, -260.762145996, -653.181030273, -1434.47924805, 467.166992188, 965.514526367], [893.870300293, 4697.75, 961.030761719, -639.765625, 241.848739624, -345.779876709, 843.005737305, -478.780029297, 224.350067139, -442.734832764, 470.277770996, -317.823669434, 292.27432251], [-4430.67138672, 961.030761719, 2494.24511719, 695.600158691, 1406.93847656, 177.605163574, 121.668945313, -37.9784088135, 268.653656006, 119.945137024, 97.6710357666, -265.015228271, -130.428039551], [-318.500793457, -639.765625, 695.600158691, 1433.55981445, 815.172790527, 203.912506104, -244.37387085, 130.592529297, 221.668792725, 128.802963257, -117.87512207, -147.501708984, -138.957260132], [-6496.29931641, 241.848739624, 1406.93847656, 815.172790527, 1716.71887207, 400.413146973, 137.99520874, -145.726989746, 136.947174072, 42.6224212646, 158.62663269, -107.860961914, -96.9984207153], [-874.11706543, -345.779876709, 177.605163574, 203.912506104, 400.413146973, 517.672119141, 159.854721069, 144.697692871, -55.764667511, 13.2572479248, 39.4186782837, 167.190643311, 47.7375793457], [-588.085327148, 843.005737305, 121.668945313, -244.37387085, 137.99520874, 159.854721069, 484.806640625, 22.7149581909, 48.0890235901, -102.576629639, 172.910400391, 66.7173309326, 144.470230103], [1826.45532227, -478.780029297, -37.9784088135, 130.592529297, -145.726989746, 144.697692871, 22.7149581909, 310.58001709, 54.2969360352, 86.5648727417, -88.1255722046, 78.7855987549, 6.029504776], [-260.762145996, 224.350067139, 268.653656006, 221.668792725, 136.947174072, -55.764667511, 48.0890235901, 54.2969360352, 211.436538696, 56.0991477966, 23.5176925659, -103.410461426, -7.27497243881], [-653.181030273, -442.734832764, 119.945137024, 128.802963257, 42.6224212646, 13.2572479248, -102.576629639, 86.5648727417, 56.0991477966, 167.156494141, -29.6349506378, -13.5617551804, -74.4102249146], [-1434.47924805, 470.277770996, 97.6710357666, -117.87512207, 158.62663269, 39.4186782837, 172.910400391, -88.1255722046, 23.5176925659, -29.6349506378, 195.384567261, 59.6097793579, 84.97681427], [467.166992188, -317.823669434, -265.015228271, -147.501708984, -107.860961914, 167.190643311, 66.7173309326, 78.7855987549, -103.410461426, -13.5617551804, 59.6097793579, 250.999084473, 113.866127014], [965.514526367, 292.27432251, -130.428039551, -138.957260132, -96.9984207153, 47.7375793457, 144.470230103, 6.029504776, -7.27497243881, -74.4102249146, 84.97681427, 113.866127014, 179.4375]],
        "icov": [[4.3914620619e-005, -9.31988251978e-005, 1.49817860802e-005, -0.00010259370174, 0.000130150758196, 1.22087003547e-005, 0.000112598900159, -0.0002554510138, 0.000123516452732, 5.8040193835e-005, 0.000264670874458, -4.93031002406e-005, -0.000232992460951], [-9.31988251978e-005, 0.00114218925592, -0.000500303460285, 0.000239469358348, 0.000168750222656, 0.000219189169002, -0.00115245475899, 0.000852684723213, -0.000274592981441, 0.0014320515329, -0.00202181236818, 0.00170980452094, -0.00014983669098], [1.49817860802e-005, -0.000500303460285, 0.0011772478465, 0.000117312360089, -0.00108432245906, 0.00013555282203, 0.000539546774235, -0.000964256352745, 0.000108507156256, -0.00111002137419, 0.000582910783123, 0.000188175559742, -0.000194736436242], [-0.00010259370174, 0.000239469358348, 0.000117312360089, 0.00224255025387, -0.00132218899671, -0.000767207704484, 0.00155850569718, -0.000371188594727, -0.00240539154038, 0.000887947215233, -0.000207405901165, 0.000582897162531, 0.000229967874475], [0.000130150758196, 0.000168750222656, -0.00108432245906, -0.00132218899671, 0.00326239271089, -0.0016426416114, -0.000790369464085, 0.00197023176588, -0.000331017450662, 0.000839765591081, -0.000507606950123, -0.000121558543469, 0.000635795819107], [1.22087003547e-005, 0.000219189169002, 0.00013555282203, -0.000767207704484, -0.0016426416114, 0.00612126477063, -0.00227760104463, -0.00298964139074, 0.00371918291785, -0.000409242202295, -8.76057129062e-006, -0.00153438642155, -0.000541650515515], [0.000112598900159, -0.00115245475899, 0.000539546774235, 0.00155850569718, -0.000790369464085, -0.00227760104463, 0.00822855718434, -0.00457782391459, -0.00176762475166, 0.00309883686714, -0.00297454488464, 0.00105663051363, -0.00147061527241], [-0.0002554510138, 0.000852684723213, -0.000964256352745, -0.000371188594727, 0.00197023176588, -0.00298964139074, -0.00457782391459, 0.0145129868761, -0.00691778725013, -0.00410733139142, 0.00682236254215, -0.00610596546903, 0.00271584815346], [0.000123516452732, -0.000274592981441, 0.000108507156256, -0.00240539154038, -0.000331017450662, 0.00371918291785, -0.00176762475166, -0.00691778725013, 0.0166463758796, -0.00454901903868, -0.00470088655129, 0.00856654066592, -0.00593539141119], [5.8040193835e-005, 0.0014320515329, -0.00111002137419, 0.000887947215233, 0.000839765591081, -0.000409242202295, 0.00309883686714, -0.00410733139142, -0.00454901903868, 0.0165409315377, -0.00630080280825, 0.000500142457895, 0.00478316517547], [0.000264670874458, -0.00202181236818, 0.000582910783123, -0.000207405901165, -0.000507606950123, -8.76057129062e-006, -0.00297454488464, 0.00682236254215, -0.00470088655129, -0.00630080280825, 0.021431222558, -0.0104467216879, -0.00229776836932], [-4.93031002406e-005, 0.00170980452094, 0.000188175559742, 0.000582897162531, -0.000121558543469, -0.00153438642155, 0.00105663051363, -0.00610596546903, 0.00856654066592, 0.000500142457895, -0.0104467216879, 0.0195790696889, -0.00915691256523], [-0.000232992460951, -0.00014983669098, -0.000194736436242, 0.000229967874475, 0.000635795819107, -0.000541650515515, -0.00147061527241, 0.00271584815346, -0.00593539141119, 0.00478316517547, -0.00229776836932, -0.00915691256523, 0.0173295810819]]
    },
    "melbands": {
        "mean": [0.0077215465717, 0.00397230545059, 0.00157055247109, 0.000782112765592, 0.000563858426176, 9.24368578126e-005, 4.87818397232e-005, 0.000175250694156, 0.000144800447742, 0.000133274821565, 5.42423331353e-005, 8.79268118297e-005, 0.000296916812658, 2.9517011626e-006, 1.46136130752e-006, 1.01115881534e-006, 6.51914717764e-007, 1.00707836737e-006, 2.87285820377e-006, 1.8171397187e-006, 1.67137579865e-006, 1.63044262536e-006, 1.26709755932e-006, 2.57552756011e-006, 2.43388672061e-006, 1.55608859131e-006, 2.22434141506e-006, 1.67657003658e-006, 1.75708066763e-006, 4.08493724535e-006, 2.35186166719e-006, 2.36692517319e-006, 2.54336464423e-006, 2.25186067837e-006, 1.66980009908e-006, 1.23483891912e-006, 9.31742192734e-007, 9.91415731733e-007, 9.714508451e-007, 9.31900274281e-007],
        "var": [0.00033466948662, 0.000151103362441, 2.08691326407e-005, 3.30955276695e-006, 1.53461985519e-006, 3.15287103092e-008, 1.12122409135e-008, 1.24994471662e-007, 9.54326893066e-008, 7.78508777444e-008, 2.22217302337e-008, 7.51282982492e-008, 9.12024233912e-007, 1.18177009845e-010, 2.88895123102e-011, 1.16692497679e-011, 2.50615522258e-012, 3.35061978163e-011, 6.05659133956e-010, 3.29107505137e-011, 2.25821167321e-011, 4.93144518277e-011, 1.72304896046e-011, 1.10490942784e-010, 2.05023789612e-010, 4.01402522332e-011, 2.59592885382e-011, 3.38867753302e-011, 2.55627758544e-011, 1.88091722753e-010, 3.75429062838e-011, 4.246880278e-011, 4.93076898755e-011, 7.8081714705e-011, 2.19361646903e-011, 1.23198838284e-011, 5.38945060455e-012, 7.2980640628e-012, 8.65510354359e-012, 9.27008730195e-012]
    },
    "mfcc": {
        "mean": [-840.594177246, 100.348434448, 58.2300262451, 39.8107337952, 0.588268220425, 1.9276714325, -0.609036922455, 9.54265880585, 10.4477844238, 5.08062505722, 0.866999864578, -1.39073872566, -0.906433343887],
        "cov": [[32717.9433594, 2729.05078125, 1107.01171875, 580.658325195, -2575.06811523, -1710.25720215, -1474.54101563, 119.102882385, 502.954437256, -58.9683265686, -548.293457031, -604.317871094, -200.863052368], [2729.05078125, 4499.79003906, 1099.4864502, 136.401123047, -559.009277344, -119.076820374, 183.95161438, 117.86680603, -43.9425125122, -91.6067581177, -75.4063415527, -19.2747192383, -2.46288895607], [1107.01171875, 1099.4864502, 1120.60302734, 515.489257813, 327.874084473, 124.430747986, 77.1240005493, 36.0862236023, 131.386230469, 132.637985229, 110.33467865, 64.220161438, -14.2184677124], [580.658325195, 136.401123047, 515.489257813, 933.397033691, 650.555175781, 287.20489502, 9.74489974976, -15.9419307709, 77.7113037109, 171.905639648, 175.684539795, 81.1689605713, -41.0025100708], [-2575.06811523, -559.009277344, 327.874084473, 650.555175781, 1135.71020508, 561.654724121, 287.533843994, 55.370677948, 81.2573928833, 177.428710938, 154.594787598, 73.041015625, 26.3523616791], [-1710.25720215, -119.076820374, 124.430747986, 287.20489502, 561.654724121, 422.022247314, 289.393127441, 141.296478271, 79.3898010254, 66.6702270508, 36.2169647217, 33.970500946, 52.2281723022], [-1474.54101563, 183.95161438, 77.1240005493, 9.74489974976, 287.533843994, 289.393127441, 391.435821533, 248.273834229, 119.136161804, 17.1536254883, -50.9025230408, -5.39479589462, 112.40725708], [119.102882385, 117.86680603, 36.0862236023, -15.9419307709, 55.370677948, 141.296478271, 248.273834229, 314.510650635, 181.173980713, 8.56853485107, -95.4367141724, -42.0593910217, 114.613761902], [502.954437256, -43.9425125122, 131.386230469, 77.7113037109, 81.2573928833, 79.3898010254, 119.136161804, 181.173980713, 211.964630127, 88.3884048462, -6.83922576904, -4.42775917053, 59.6063842773], [-58.9683265686, -91.6067581177, 132.637985229, 171.905639648, 177.428710938, 66.6702270508, 17.1536254883, 8.56853485107, 88.3884048462, 153.3878479, 117.334190369, 51.7694396973, -6.85707330704], [-548.293457031, -75.4063415527, 110.33467865, 175.684539795, 154.594787598, 36.2169647217, -50.9025230408, -95.4367141724, -6.83922576904, 117.334190369, 193.160079956, 104.25844574, -51.9760322571], [-604.317871094, -19.2747192383, 64.220161438, 81.1689605713, 73.041015625, 33.970500946, -5.39479589462, -42.0593910217, -4.42775917053, 51.7694396973, 104.25844574, 103.808425903, 3.13859319687], [-200.863052368, -2.46288895607, -14.2184677124, -41.0025100708, 26.3523616791, 52.2281723022, 112.40725708, 114.613761902, 59.6063842773, -6.85707330704, -51.9760322571, 3.13859319687, 128.907867432]],
        "icov": [[8.35690079839e-005, -1.41520195029e-005, -5.79410079808e-005, -0.000208058263524, 0.000199121903279, 6.25548927928e-005, 0.000324109016219, -0.000117361509183, -0.000194218373508, -0.000115470851597, 0.000144951132825, 0.000396481744247, -5.44934846403e-005], [-1.41520195029e-005, 0.000582921493333, -0.000686805695295, -0.000380536628654, 0.000990297179669, -0.00014787663531, -0.00115291005932, -4.21189870394e-005, 0.00119377917144, -0.000328750465997, -4.93005099997e-005, 0.000284376350464, 9.62562698987e-005], [-5.79410079808e-005, -0.000686805695295, 0.00229467544705, -0.000329689210048, -0.00144904607441, 0.00125903368462, -0.000218675122596, 0.000879100291058, -0.00229196995497, 0.00071025127545, 0.00016816140851, -0.00130831717979, 0.000437244976638], [-0.000208058263524, -0.000380536628654, -0.000329689210048, 0.00394488079473, -0.00243296823464, -0.00189173221588, 0.00316877104342, -0.0012887394987, -9.79496780928e-006, 7.53842832637e-005, -0.000930421578232, -0.0012985545909, 0.000198446228751], [0.000199121903279, 0.000990297179669, -0.00144904607441, -0.00243296823464, 0.00680762482807, -0.00537299690768, -0.00181621452793, 0.00230127433315, 0.00150576781016, -0.00243159919046, -0.00101047556382, 0.00428887829185, -0.00161907554138], [6.25548927928e-005, -0.00014787663531, 0.00125903368462, -0.00189173221588, -0.00537299690768, 0.0158150605857, -0.00728223379701, -0.00184683396947, 0.000161644158652, 0.00104313448537, 0.00221772864461, -0.00432486180216, 0.00329495058395], [0.000324109016219, -0.00115291005932, -0.000218675122596, 0.00316877104342, -0.00181621452793, -0.00728223379701, 0.0169803276658, -0.00787058379501, -0.000492611376103, -0.000318459555274, 0.000123853358673, 0.000782275281381, -0.00277868052945], [-0.000117361509183, -4.21189870394e-005, 0.000879100291058, -0.0012887394987, 0.00230127433315, -0.00184683396947, -0.00787058379501, 0.0181912742555, -0.0115419216454, 0.00390985235572, 7.52086416469e-005, 0.00332369236276, -0.00403549103066], [-0.000194218373508, 0.00119377917144, -0.00229196995497, -9.79496780928e-006, 0.00150576781016, 0.000161644158652, -0.000492611376103, -0.0115419216454, 0.0222983080894, -0.0146209793165, 0.00551869766787, -0.0026275087148, 0.000983339850791], [-0.000115470851597, -0.000328750465997, 0.00071025127545, 7.53842832637e-005, -0.00243159919046, 0.00104313448537, -0.000318459555274, 0.00390985235572, -0.0146209793165, 0.0290474686772, -0.0199851989746, 0.00676220748574, -0.00312496861443], [0.000144951132825, -4.93005099997e-005, 0.00016816140851, -0.000930421578232, -0.00101047556382, 0.00221772864461, 0.000123853358673, 7.52086416469e-005, 0.00551869766787, -0.0199851989746, 0.0340584777296, -0.0228186771274, 0.00975384470075], [0.000396481744247, 0.000284376350464, -0.00130831717979, -0.0012985545909, 0.00428887829185, -0.00432486180216, 0.000782275281381, 0.00332369236276, -0.0026275087148, 0.00676220748574, -0.0228186771274, 0.0333734713495, -0.0111343776807], [-5.44934846403e-005, 9.62562698987e-005, 0.000437244976638, 0.000198446228751, -0.00161907554138, 0.00329495058395, -0.00277868052945, -0.00403549103066, 0.000983339850791, -0.00312496861443, 0.00975384470075, -0.0111343776807, 0.0163757260889]]
    },
    "spectral_contrast_coeffs": {
        "mean": [-0.668410897255, -0.74087703228, -0.718046426773, -0.827844142914, -0.844978511333, -0.799105942249],
        "var": [0.0203593391925, 0.00952893681824, 0.0193061828613, 0.0033989707008, 0.00262253032997, 0.00423970166594]
    },
    "spectral_contrast_valleys": {
        "mean": [-8.73540115356, -9.09045886993, -10.5964784622, -10.9960947037, -10.2236318588, -12.105173111],
        "var": [9.40629196167, 9.56604957581, 8.41721820831, 7.25853633881, 8.45368862152, 8.43971729279]
    }
},
"metadata": {
    "audio_properties": {
        "analysis_sample_rate": 44100,
        "bit_rate": 128074,
        "equal_loudness": 0,
        "length": 45.0612258911,
        "lossless": 0,
        "replay_gain": -5.84179496765,
        "sample_rate": 44100,
        "codec": "mp3",
        "downmix": "mix",
        "md5_encoded": "98d43b84753ca1ecb81889c9ecea1e13"
    },
    "tags": {
        "file_name": "1537.mp3"
    },
    "version": {
        "essentia": "2.1-beta2",
        "essentia_git_sha": "v2.1_beta2",
        "extractor": "music 1.0"
    }
},
"rhythm": {
    "beats_count": 131,
    "beats_loudness": {
        "mean": 0.0698060840368,
        "var": 0.0100883785635
    },
    "bpm": 178.205886841,
    "bpm_histogram_first_peak_bpm": {
        "mean": 178,
        "var": 0
    },
    "bpm_histogram_first_peak_spread": {
        "mean": 0,
        "var": 0
    },
    "bpm_histogram_first_peak_weight": {
        "mean": 0.56153845787,
        "var": 0
    },
    "bpm_histogram_second_peak_bpm": {
        "mean": 172,
        "var": 0
    },
    "bpm_histogram_second_peak_spread": {
        "mean": 0,
        "var": 0
    },
    "bpm_histogram_second_peak_weight": {
        "mean": 0.292307704687,
        "var": 0
    },
    "danceability": 1.21511685848,
    "onset_rate": 3.28294014931,
    "beats_loudness_band_ratio": {
        "mean": [0.612874090672, 0.116938635707, 0.0928355306387, 0.0448833927512, 0.034081671387, 0.113374508917],
        "var": [0.153045728803, 0.0342068597674, 0.0232280250639, 0.010208370164, 0.00716657238081, 0.0397581160069]
    },
    "beats_position": [0.290249437094, 0.615328788757, 0.952018141747, 1.28870749474, 1.62539684772, 1.9620860815, 2.29877543449, 2.6470746994, 2.97215414047, 3.30884337425, 3.64553284645, 3.99383211136, 4.33052158356, 4.66721057892, 5.01551008224, 5.36380958557, 5.70049858093, 6.03718805313, 6.38548755646, 6.73378658295, 7.07047605515, 7.40716552734, 7.75546455383, 8.10376358032, 8.45206356049, 8.78875255585, 9.13705158234, 9.4853515625, 9.83365058899, 10.1935596466, 10.5534696579, 10.9249887466, 11.3197278976, 11.6912469864, 12.051156044, 12.3994560242, 12.7361450195, 13.0728340149, 13.4211339951, 13.7694330215, 14.1061220169, 14.4428119659, 14.7795009613, 15.1161899567, 15.4528799057, 15.7895689011, 16.1262588501, 16.4629478455, 16.7996368408, 17.1363258362, 17.4730148315, 17.8097057343, 18.1580047607, 18.4946937561, 18.8429927826, 19.179681778, 19.5163707733, 19.853061676, 20.2013607025, 20.5264396667, 20.8631286621, 21.1998176575, 21.548116684, 21.8848075867, 22.221496582, 22.5697956085, 22.8948745728, 23.2315635681, 23.5682544708, 23.9049434662, 24.2416324615, 24.589931488, 24.9266204834, 25.2633094788, 25.6116104126, 25.9366893768, 26.2733783722, 26.6100673676, 26.958366394, 27.2950553894, 27.6317462921, 27.9684352875, 28.3051242828, 28.6418132782, 28.9785022736, 29.3035831451, 29.6518821716, 30.0001811981, 30.3368701935, 30.6735591888, 31.0102481842, 31.3353290558, 31.6720180511, 32.0087051392, 32.3686180115, 32.7169151306, 33.0652160645, 33.4135131836, 33.7618141174, 34.0985031128, 34.4351921082, 34.7602729797, 35.1085700989, 35.4568710327, 35.7935600281, 36.118637085, 36.455329895, 36.7920188904, 37.1287078857, 37.4653968811, 37.8020858765, 38.1503829956, 38.4870758057, 38.823764801, 39.1720619202, 39.5087509155, 39.8454399109, 40.1937408447, 40.5420417786, 40.8787307739, 41.2154197693, 41.5404968262, 41.88879776, 42.2138786316, 42.550567627, 42.8872566223, 43.2355537415, 43.5722427368, 43.9089317322, 44.257232666, 44.6171417236]
},
"tonal": {
    "chords_changes_rate": 0.0668724253774,
    "chords_number_rate": 0.0123456791043,
    "chords_strength": {
        "mean": 0.406690150499,
        "var": 0.0049889087677
    },
    "hpcp_entropy": {
        "mean": 1.69100558758,
        "var": 0.631887078285
    },
    "key_strength": 0.578981816769,
    "tuning_diatonic_strength": 0.433544158936,
    "tuning_equal_tempered_deviation": 0.188984274864,
    "tuning_frequency": 434.193115234,
    "tuning_nontempered_energy_ratio": 0.93503177166,
    "hpcp": {
        "mean": [0.15612962842, 0.155971154571, 0.076709240675, 0.0441127978265, 0.0440427064896, 0.0680034682155, 0.217955544591, 0.278392463923, 0.171510577202, 0.153440624475, 0.14046177268, 0.0910694375634, 0.132210493088, 0.151188611984, 0.0764875635505, 0.0502165183425, 0.0671754702926, 0.0839625969529, 0.0980975776911, 0.0938959643245, 0.0794895514846, 0.135710686445, 0.138355001807, 0.139634475112, 0.198316052556, 0.110839642584, 0.0305368769914, 0.0804181918502, 0.0885982438922, 0.0418087169528, 0.0444165021181, 0.0464739538729, 0.0292984955013, 0.0433247573674, 0.0574532486498, 0.0787807032466],
        "var": [0.0984363332391, 0.0958145260811, 0.0382558256388, 0.0235187057406, 0.0211236681789, 0.0289774630219, 0.0932122319937, 0.135964870453, 0.0611242614686, 0.0855831801891, 0.0768460184336, 0.0396926291287, 0.0518521443009, 0.070797726512, 0.0232855267823, 0.0197822451591, 0.029618691653, 0.0441114939749, 0.0464517399669, 0.0464489199221, 0.0330238863826, 0.0464198477566, 0.0526905842125, 0.0383091457188, 0.136856734753, 0.0426687709987, 0.010922989808, 0.0441930294037, 0.0539176613092, 0.0151827028021, 0.0197899919003, 0.0204376392066, 0.00826779287308, 0.0137056745589, 0.0230430737138, 0.0349407307804]
    },
    "chords_histogram": [9.97942352295, 0, 12.1399173737, 0, 0, 13.5802469254, 0, 5.86419773102, 0.102880656719, 1.13168728352, 0, 0, 0.205761313438, 0, 9.56790161133, 6.89300394058, 1.95473253727, 3.08641982079, 0, 7.81893014908, 0, 4.21810722351, 22.8395061493, 0.617283940315],
    "thpcp": [1, 0.616074800491, 0.551166594028, 0.504545867443, 0.327126085758, 0.474906861782, 0.543077230453, 0.274747252464, 0.180380314589, 0.241297736764, 0.301597952843, 0.352371513844, 0.337279111147, 0.285530537367, 0.487479746342, 0.496978253126, 0.501574218273, 0.712361454964, 0.398141682148, 0.109690025449, 0.288866281509, 0.318249434233, 0.150179058313, 0.159546345472, 0.166936829686, 0.105241701007, 0.155624747276, 0.206375017762, 0.282984316349, 0.560825645924, 0.560256361961, 0.275543510914, 0.158455431461, 0.158203661442, 0.244271948934, 0.782907485962],
    "chords_key": "A",
    "chords_scale": "major",
    "key_key": "E",
    "key_scale": "major"
}
}