{
"lowlevel": {
    "average_loudness": 0.965815842152,
    "barkbands_crest": {
        "mean": 16.0493888855,
        "var": 47.684425354
    },
    "barkbands_flatness_db": {
        "mean": 0.231751188636,
        "var": 0.0156054375693
    },
    "barkbands_kurtosis": {
        "mean": 64.8969268799,
        "var": 14126.8730469
    },
    "barkbands_skewness": {
        "mean": 4.35629367828,
        "var": 22.7970180511
    },
    "barkbands_spread": {
        "mean": 21.533493042,
        "var": 458.246856689
    },
    "dissonance": {
        "mean": 0.4606795609,
        "var": 0.0010572578758
    },
    "dynamic_complexity": 3.80643606186,
    "erbbands_crest": {
        "mean": 10.5858621597,
        "var": 32.0875511169
    },
    "erbbands_flatness_db": {
        "mean": 0.167623519897,
        "var": 0.00246180407703
    },
    "erbbands_kurtosis": {
        "mean": 3.94980573654,
        "var": 139.94493103
    },
    "erbbands_skewness": {
        "mean": 0.444206982851,
        "var": 3.61554217339
    },
    "erbbands_spread": {
        "mean": 54.6950569153,
        "var": 1489.0032959
    },
    "hfc": {
        "mean": 32.2879676819,
        "var": 7791.41601563
    },
    "melbands_crest": {
        "mean": 21.4906177521,
        "var": 58.2710151672
    },
    "melbands_flatness_db": {
        "mean": 0.294956594706,
        "var": 0.0252614431083
    },
    "melbands_kurtosis": {
        "mean": 119.869087219,
        "var": 34035.4960938
    },
    "melbands_skewness": {
        "mean": 6.28082466125,
        "var": 30.0578975677
    },
    "melbands_spread": {
        "mean": 26.6397438049,
        "var": 1568.39416504
    },
    "pitch_salience": {
        "mean": 0.361878722906,
        "var": 0.0443704687059
    },
    "silence_rate_20dB": {
        "mean": 0.992790937424,
        "var": 0.00715676974505
    },
    "silence_rate_30dB": {
        "mean": 0.83831101656,
        "var": 0.135543689132
    },
    "silence_rate_60dB": {
        "mean": 0.107106074691,
        "var": 0.0956348702312
    },
    "spectral_centroid": {
        "mean": 1552.9909668,
        "var": 1323637.625
    },
    "spectral_complexity": {
        "mean": 10.455201149,
        "var": 122.672035217
    },
    "spectral_decrease": {
        "mean": -1.28163044621e-008,
        "var": 4.33559028599e-016
    },
    "spectral_energy": {
        "mean": 0.0513003841043,
        "var": 0.00648391153663
    },
    "spectral_energyband_high": {
        "mean": 0.00340503384359,
        "var": 0.000119098964205
    },
    "spectral_energyband_low": {
        "mean": 0.0430281832814,
        "var": 0.00606704037637
    },
    "spectral_energyband_middle_high": {
        "mean": 0.00226754997857,
        "var": 2.47145526373e-005
    },
    "spectral_energyband_middle_low": {
        "mean": 0.00286540528759,
        "var": 2.81239772448e-005
    },
    "spectral_entropy": {
        "mean": 7.51007938385,
        "var": 0.613346934319
    },
    "spectral_flux": {
        "mean": 0.0875214710832,
        "var": 0.00783467106521
    },
    "spectral_kurtosis": {
        "mean": 2.42360568047,
        "var": 8.6045923233
    },
    "spectral_rms": {
        "mean": 0.00551747484133,
        "var": 1.96066048375e-005
    },
    "spectral_rolloff": {
        "mean": 1665.38537598,
        "var": 6399970
    },
    "spectral_skewness": {
        "mean": 1.07373309135,
        "var": 0.393260329962
    },
    "spectral_spread": {
        "mean": 5393917,
        "var": 5.52638506598e+012
    },
    "spectral_strongpeak": {
        "mean": 0.630263566971,
        "var": 0.842301547527
    },
    "zerocrossingrate": {
        "mean": 0.0561045706272,
        "var": 0.00354897021316
    },
    "barkbands": {
        "mean": [0.000852791999932, 0.0380185507238, 0.00391549244523, 0.00063491408946, 0.00062964920653, 0.00116784882266, 0.000197556146304, 5.95645942667e-005, 0.000158609036589, 5.54230464331e-005, 0.000202229130082, 0.000443459866801, 0.000132192479214, 7.34625937184e-005, 0.000105596191133, 0.000144959267345, 0.000168181344634, 0.000382071419153, 0.000346952088876, 0.000496434920933, 0.000658912002109, 0.00067252444569, 0.000834545237012, 0.000492335006129, 0.000298646336887, 0.000153170985868, 4.35697165813e-006],
        "var": [2.70037526207e-006, 0.00561600690708, 3.92627807742e-005, 2.91986680168e-006, 1.50994264914e-006, 1.15854554679e-005, 1.87683980357e-007, 1.86773281285e-008, 1.29080746092e-007, 8.03987632025e-009, 1.42495139244e-007, 9.47391356476e-007, 1.56514957439e-007, 4.29522266643e-008, 7.11580980806e-008, 1.34357932779e-007, 2.64314564902e-007, 1.58040518272e-006, 1.41369071116e-006, 4.05489208788e-006, 5.19001469002e-006, 7.09943060428e-006, 5.98821452513e-006, 2.48824312621e-006, 9.03499540073e-007, 2.3243936198e-007, 2.23186025217e-010]
    },
    "erbbands": {
        "mean": [1.41474688053, 7.22929668427, 6.03539705276, 2.7543118, 2.25048232079, 2.21594524384, 3.92221021652, 12.5745019913, 3.52537250519, 2.52681970596, 1.89278924465, 3.65105390549, 2.13866615295, 5.07157039642, 11.9933815002, 15.0870580673, 5.83444643021, 3.80139517784, 4.92304801941, 6.1132068634, 8.37855911255, 10.7008581161, 18.1276092529, 22.3427009583, 16.8094615936, 22.8604564667, 24.8390445709, 27.3253688812, 25.8854484558, 24.067522049, 23.1625804901, 12.3842582703, 6.61081075668, 3.69301509857, 2.01582813263, 0.736919879913, 0.261220484972, 0.0474697910249, 0.000949005421717, 9.55416544457e-005],
        "var": [8.74126911163, 194.945663452, 71.7155456543, 25.8134326935, 38.4574699402, 16.3867912292, 84.1305770874, 1359.73828125, 90.2231292725, 22.2523155212, 18.2244682312, 68.7052078247, 11.1729307175, 68.3287353516, 901.45904541, 702.304260254, 230.363525391, 69.3162002563, 200.512710571, 251.718536377, 439.081115723, 955.865234375, 2832.47021484, 5778.73339844, 4276.05273438, 8420.33691406, 7418.63476563, 9867.54199219, 10176.4980469, 6350.64404297, 4527.78076172, 1506.69042969, 450.562316895, 152.828521729, 38.834438324, 5.35635519028, 0.681284248829, 0.0217198878527, 8.34128786664e-006, 2.90766575262e-008]
    },
    "gfcc": {
        "mean": [-75.361618042, 83.4993896484, -92.5144195557, 70.7881088257, -55.1508827209, 24.1720466614, -16.4000301361, 1.17762219906, -9.50767707825, -2.9373652935, -3.10178995132, 7.75614690781, -5.93048238754],
        "cov": [[11252.7714844, -3708.41577148, -818.659851074, -556.380004883, -149.699768066, 349.358520508, -990.235229492, 731.367919922, -1059.25952148, 644.18560791, -267.234100342, 759.906860352, -256.272827148], [-3708.41577148, 3172.41137695, -9.5034942627, 98.8376159668, 234.37298584, -323.549591064, 732.807617188, -339.633270264, 664.965087891, -384.338684082, 449.423461914, -262.842803955, 383.925445557], [-818.659851074, -9.5034942627, 2474.33374023, 574.234863281, 209.367050171, 301.215179443, 235.963394165, 114.400131226, 237.600540161, 81.8755264282, -195.142593384, -200.981582642, -128.099182129], [-556.380004883, 98.8376159668, 574.234863281, 626.040039063, 149.693588257, 30.4990406036, 205.959472656, -21.2240486145, 205.689559937, -29.7172451019, 8.91180706024, -148.812835693, -13.321018219], [-149.699768066, 234.37298584, 209.367050171, 149.693588257, 447.255096436, 111.497917175, 166.809585571, 62.843963623, 32.8309364319, 2.81091403961, 48.1834220886, -21.4344272614, 26.0331077576], [349.358520508, -323.549591064, 301.215179443, 30.4990406036, 111.497917175, 335.260253906, 84.7408981323, 117.287445068, -42.8311805725, 55.7804374695, -45.0389022827, 30.1954708099, -42.2744064331], [-990.235229492, 732.807617188, 235.963394165, 205.959472656, 166.809585571, 84.7408981323, 407.248291016, -11.0672140121, 265.976837158, -86.3644561768, 115.922462463, -112.505493164, 97.817527771], [731.367919922, -339.633270264, 114.400131226, -21.2240486145, 62.843963623, 117.287445068, -11.0672140121, 211.021728516, -61.2725906372, 84.3177185059, -46.9601669312, 50.565788269, -51.1884918213], [-1059.25952148, 664.965087891, 237.600540161, 205.689559937, 32.8309364319, -42.8311805725, 265.976837158, -61.2725906372, 329.111724854, -69.2683181763, 102.141342163, -139.455322266, 77.2976303101], [644.18560791, -384.338684082, 81.8755264282, -29.7172451019, 2.81091403961, 55.7804374695, -86.3644561768, 84.3177185059, -69.2683181763, 145.626419067, -38.8163871765, 50.0292167664, -50.3788986206], [-267.234100342, 449.423461914, -195.142593384, 8.91180706024, 48.1834220886, -45.0389022827, 115.922462463, -46.9601669312, 102.141342163, -38.8163871765, 204.518127441, 47.8189353943, 104.584487915], [759.906860352, -262.842803955, -200.981582642, -148.812835693, -21.4344272614, 30.1954708099, -112.505493164, 50.565788269, -139.455322266, 50.0292167664, 47.8189353943, 174.326126099, 27.7913036346], [-256.272827148, 383.925445557, -128.099182129, -13.321018219, 26.0331077576, -42.2744064331, 97.817527771, -51.1884918213, 77.2976303101, -50.3788986206, 104.584487915, 27.7913036346, 133.802780151]],
        "icov": [[0.000208908328204, 0.000142720658914, 3.5631157516e-005, -5.08859884576e-005, 1.41977216117e-005, 7.01409226167e-005, 5.01683389302e-005, -0.00041297392454, 0.000194368578377, -0.000259126216406, -6.82180179865e-005, -0.000266558985459, -0.000256777566392], [0.000142720658914, 0.00193551555276, -0.000385051622288, 0.00139355158899, -0.000612589588854, 0.00162777630612, -0.00185635616072, 0.000335957738571, -0.000239654065808, 0.00133791938424, -0.00215076864697, 0.00162748247385, -0.00140581896994], [3.5631157516e-005, -0.000385051622288, 0.00082795281196, -0.00075494882185, -7.09749947418e-005, -0.000784838979598, 0.000447987753432, -4.51913147117e-005, -0.000917998200748, -0.000642705650534, 0.00158341997303, -0.0010739377467, 0.000585382571444], [-5.08859884576e-005, 0.00139355158899, -0.00075494882185, 0.00381793268025, -0.00108884647489, 0.00145874812733, -0.00185190117918, 0.000901835272089, -0.00110585067887, 0.00119270698633, -0.00196164776571, 0.0021628732793, 0.000104865859612], [1.41977216117e-005, -0.000612589588854, -7.09749947418e-005, -0.00108884647489, 0.00371632515453, -0.00083039276069, -0.000878303952049, -0.00133071700111, 0.0029886579141, -0.00106599798892, -0.00119166309014, 0.00156887457706, -0.000766175915487], [7.01409226167e-005, 0.00162777630612, -0.000784838979598, 0.00145874812733, -0.00083039276069, 0.00727603025734, -0.00577524583787, -0.000171554056578, 0.0013005026849, 0.00026237120619, -0.000101885445474, -0.00175984483212, 0.00126699684188], [5.01683389302e-005, -0.00185635616072, 0.000447987753432, -0.00185190117918, -0.000878303952049, -0.00577524583787, 0.0134059609845, -0.00326196220703, -0.00432928511873, 0.00144398736302, -0.00120687123854, 0.00346213346347, -0.0037661655806], [-0.00041297392454, 0.000335957738571, -4.51913147117e-005, 0.000901835272089, -0.00133071700111, -0.000171554056578, -0.00326196220703, 0.0100347418338, -0.00210504932329, -0.00203393842094, 0.00279792794026, -0.00462169805542, 0.00394318671897], [0.000194368578377, -0.000239654065808, -0.000917998200748, -0.00110585067887, 0.0029886579141, 0.0013005026849, -0.00432928511873, -0.00210504932329, 0.0157668683678, -0.0028234263882, -0.00706855719909, 0.0108497757465, -0.00464008469135], [-0.000259126216406, 0.00133791938424, -0.000642705650534, 0.00119270698633, -0.00106599798892, 0.00026237120619, 0.00144398736302, -0.00203393842094, -0.0028234263882, 0.0133449891582, -0.00162078428548, -0.00115958682727, 0.00178812700324], [-6.82180179865e-005, -0.00215076864697, 0.00158341997303, -0.00196164776571, -0.00119166309014, -0.000101885445474, -0.00120687123854, 0.00279792794026, -0.00706855719909, -0.00162078428548, 0.0186775159091, -0.0150686521083, 0.00151771877427], [-0.000266558985459, 0.00162748247385, -0.0010739377467, 0.0021628732793, 0.00156887457706, -0.00175984483212, 0.00346213346347, -0.00462169805542, 0.0108497757465, -0.00115958682727, -0.0150686521083, 0.029112001881, -0.0121265845373], [-0.000256777566392, -0.00140581896994, 0.000585382571444, 0.000104865859612, -0.000766175915487, 0.00126699684188, -0.0037661655806, 0.00394318671897, -0.00464008469135, 0.00178812700324, 0.00151771877427, -0.0121265845373, 0.0210839714855]]
    },
    "melbands": {
        "mean": [0.0115656452253, 0.00530610140413, 0.000507447868586, 0.000152261840412, 0.000135332535137, 0.000256264698692, 5.13946142746e-005, 2.40569406742e-005, 1.67454963957e-005, 2.33382543229e-005, 9.77326817519e-006, 1.84459368029e-005, 3.35284494213e-005, 5.85080415476e-005, 1.82762014447e-005, 9.84142843663e-006, 6.74281682222e-006, 7.39233655622e-006, 8.71575230121e-006, 8.46240527608e-006, 9.82737037702e-006, 1.0421663319e-005, 1.28752208184e-005, 1.8494147298e-005, 1.83459796972e-005, 1.19621336125e-005, 1.30975859065e-005, 1.57709619089e-005, 1.3848598428e-005, 1.96152486751e-005, 1.38944733408e-005, 1.41421014632e-005, 1.38931573019e-005, 1.41551790875e-005, 1.59323353728e-005, 7.50412664274e-006, 7.54492612032e-006, 4.57330679637e-006, 3.80598089578e-006, 2.94003507406e-006],
        "var": [0.000558728002943, 6.70245717629e-005, 9.47526132222e-007, 9.89257316064e-008, 8.47717984698e-008, 5.68035375181e-007, 1.66096345566e-008, 1.88662552247e-009, 2.0394974598e-009, 2.90298696193e-009, 2.50275966618e-010, 9.33390253977e-010, 5.89490500857e-009, 1.49742600541e-008, 2.32206831541e-009, 4.7152431959e-010, 2.47734527337e-010, 5.29037869068e-010, 4.77196115956e-010, 5.86264647939e-010, 5.84144344007e-010, 9.40464595089e-010, 1.32279054377e-009, 3.82126419396e-009, 3.79888209778e-009, 2.17418327786e-009, 2.63144883661e-009, 4.20879553431e-009, 2.24763452294e-009, 5.35160626924e-009, 2.61884602892e-009, 3.07014880185e-009, 3.13454617817e-009, 1.99307192972e-009, 2.09893102898e-009, 5.29953081418e-010, 5.88520621125e-010, 2.19876367114e-010, 1.58122639982e-010, 9.79329256579e-011]
    },
    "mfcc": {
        "mean": [-717.062133789, 95.3947372437, 29.6528148651, 48.6395263672, 2.82647681236, 27.1051616669, 4.00428771973, 19.7404975891, -0.856966257095, 2.89542961121, -1.98896229267, 8.50281429291, 3.32257080078],
        "cov": [[10932.3779297, -2878.01831055, -1572.84558105, -920.472167969, 147.118484497, -628.396362305, 134.600601196, -312.567443848, -314.43862915, -538.084899902, -151.745742798, 46.5578117371, 109.694450378], [-2878.01831055, 2356.86254883, 114.789909363, 269.527557373, -142.729263306, 94.967048645, 30.4992828369, 186.467834473, 119.903282166, 96.0564651489, -2.7212035656, 108.112541199, 48.1860618591], [-1572.84558105, 114.789909363, 1904.55273438, 427.93182373, 217.104919434, 317.769073486, 38.2741775513, 150.316940308, 228.932830811, 322.005065918, 201.075714111, -81.3882980347, -17.4357795715], [-920.472167969, 269.527557373, 427.93182373, 604.769897461, 125.821357727, 159.130630493, 19.0048141479, 67.0879440308, 108.160636902, 155.901672363, 70.0192947388, 53.8210144043, -25.2549724579], [147.118484497, -142.729263306, 217.104919434, 125.821357727, 306.100128174, 93.1638412476, 143.036178589, 36.2712669373, 63.5101547241, 14.2807435989, 62.0756645203, -1.89122021198, 43.7193183899], [-628.396362305, 94.967048645, 317.769073486, 159.130630493, 93.1638412476, 258.812774658, 100.677337646, 90.7693710327, 98.2119827271, 102.432563782, 43.3369445801, 32.0792236328, 6.42705869675], [134.600601196, 30.4992828369, 38.2741775513, 19.0048141479, 143.036178589, 100.677337646, 217.591506958, 100.54397583, 89.1138534546, -6.26130533218, 29.132024765, 51.7779655457, 72.8427810669], [-312.567443848, 186.467834473, 150.316940308, 67.0879440308, 36.2712669373, 90.7693710327, 100.54397583, 174.586578369, 93.2216491699, 57.6929130554, 22.3885059357, 42.3231773376, 34.8913726807], [-314.43862915, 119.903282166, 228.932830811, 108.160636902, 63.5101547241, 98.2119827271, 89.1138534546, 93.2216491699, 166.093841553, 111.115135193, 59.8496246338, 19.1726436615, 3.86233925819], [-538.084899902, 96.0564651489, 322.005065918, 155.901672363, 14.2807435989, 102.432563782, -6.26130533218, 57.6929130554, 111.115135193, 193.583755493, 92.0961837769, -10.6590623856, -45.415435791], [-151.745742798, -2.7212035656, 201.075714111, 70.0192947388, 62.0756645203, 43.3369445801, 29.132024765, 22.3885059357, 59.8496246338, 92.0961837769, 109.603507996, 18.6435985565, -3.45649170876], [46.5578117371, 108.112541199, -81.3882980347, 53.8210144043, -1.89122021198, 32.0792236328, 51.7779655457, 42.3231773376, 19.1726436615, -10.6590623856, 18.6435985565, 141.383666992, 61.1640548706], [109.694450378, 48.1860618591, -17.4357795715, -25.2549724579, 43.7193183899, 6.42705869675, 72.8427810669, 34.8913726807, 3.86233925819, -45.415435791, -3.45649170876, 61.1640548706, 108.355789185]],
        "icov": [[0.000197063520318, 0.000213743856875, 3.61572238035e-005, 0.000117146708362, -0.000132314540679, 0.00046650954755, -0.00033598538721, 7.66198718338e-005, 2.31692592934e-005, -9.71846602624e-005, 0.000235443701968, -0.000359195400961, 0.000134190864628], [0.000213743856875, 0.000769065634813, 7.36942747608e-005, -0.000186514895177, 0.000352985487552, 0.000464109733002, -0.000296128448099, -0.000360603822628, -0.000227550452109, 1.4588626982e-005, 0.000227261043619, -0.000323002197547, -0.000240961337113], [3.61572238035e-005, 7.36942747608e-005, 0.0011036649812, -0.000377377553377, -0.000167853242601, -0.000964092265349, 0.00113827572204, -0.00058192468714, -0.000578307022806, 9.53945709625e-005, -0.00150272110477, 0.00152160739526, -0.00127890543081], [0.000117146708362, -0.000186514895177, -0.000377377553377, 0.00326166138984, -0.0022906193044, 0.000110899520223, 0.000767408811953, 0.000319113052683, 9.46586224018e-005, -0.00248174322769, 0.00235459348187, -0.00303675699979, 0.00170855096076], [-0.000132314540679, 0.000352985487552, -0.000167853242601, -0.0022906193044, 0.00812404323369, -0.00139469699934, -0.00410793209448, 0.000896751473192, -0.000421758653829, 0.00377218262292, -0.00527387438342, 0.00422666780651, -0.00226425821893], [0.00046650954755, 0.000464109733002, -0.000964092265349, 0.000110899520223, -0.00139469699934, 0.00961639918387, -0.00539699057117, 0.000258977204794, 0.00175256526563, -0.00585468532518, 0.00543763488531, -0.00393024645746, 0.0026047762949], [-0.00033598538721, -0.000296128448099, 0.00113827572204, 0.000767408811953, -0.00410793209448, -0.00539699057117, 0.0172797385603, -0.00510098459199, -0.00745588215068, 0.00741631072015, -0.00466378359124, 0.00126609392464, -0.00465167686343], [7.66198718338e-005, -0.000360603822628, -0.00058192468714, 0.000319113052683, 0.000896751473192, 0.000258977204794, -0.00510098459199, 0.0117160035297, -0.00191235542297, -0.0038484102115, 0.00390829704702, -0.00203667674214, -0.000927628017962], [2.31692592934e-005, -0.000227550452109, -0.000578307022806, 9.46586224018e-005, -0.000421758653829, 0.00175256526563, -0.00745588215068, -0.00191235542297, 0.0172867309302, -0.0102737573907, 0.00244240392931, -0.0014743343927, 0.00168889644556], [-9.71846602624e-005, 1.4588626982e-005, 9.53945709625e-005, -0.00248174322769, 0.00377218262292, -0.00585468532518, 0.00741631072015, -0.0038484102115, -0.0102737573907, 0.0253477748483, -0.016275530681, 0.00540960906073, 0.00202516582794], [0.000235443701968, 0.000227261043619, -0.00150272110477, 0.00235459348187, -0.00527387438342, 0.00543763488531, -0.00466378359124, 0.00390829704702, 0.00244240392931, -0.016275530681, 0.025918001309, -0.00886832363904, 0.00257374346256], [-0.000359195400961, -0.000323002197547, 0.00152160739526, -0.00303675699979, 0.00422666780651, -0.00393024645746, 0.00126609392464, -0.00203667674214, -0.0014743343927, 0.00540960906073, -0.00886832363904, 0.0160923674703, -0.00866996496916], [0.000134190864628, -0.000240961337113, -0.00127890543081, 0.00170855096076, -0.00226425821893, 0.0026047762949, -0.00465167686343, -0.000927628017962, 0.00168889644556, 0.00202516582794, 0.00257374346256, -0.00866996496916, 0.0193421766162]]
    },
    "spectral_contrast_coeffs": {
        "mean": [-0.665107369423, -0.734587967396, -0.788076877594, -0.82009023428, -0.813866496086, -0.719358026981],
        "var": [0.00728446850553, 0.00559135014191, 0.00478245364502, 0.00257202377543, 0.00224327249452, 0.002562553389]
    },
    "spectral_contrast_valleys": {
        "mean": [-7.62312984467, -7.91440200806, -8.35909461975, -8.83655834198, -8.15653324127, -10.679485321],
        "var": [1.17257285118, 0.960161566734, 1.31666564941, 1.57310187817, 1.62247419357, 2.68131422997]
    }
},
"metadata": {
    "audio_properties": {
        "analysis_sample_rate": 44100,
        "bit_rate": 128074,
        "equal_loudness": 0,
        "length": 45.0612258911,
        "lossless": 0,
        "replay_gain": -5.87719917297,
        "sample_rate": 44100,
        "codec": "mp3",
        "downmix": "mix",
        "md5_encoded": "779ce31817fcddae79a29d6c211c47f0"
    },
    "tags": {
        "file_name": "1538.mp3"
    },
    "version": {
        "essentia": "2.1-beta2",
        "essentia_git_sha": "v2.1_beta2",
        "extractor": "music 1.0"
    }
},
"rhythm": {
    "beats_count": 127,
    "beats_loudness": {
        "mean": 0.15984505415,
        "var": 0.0172811318189
    },
    "bpm": 172.265548706,
    "bpm_histogram_first_peak_bpm": {
        "mean": 172,
        "var": 0
    },
    "bpm_histogram_first_peak_spread": {
        "mean": 0,
        "var": 0
    },
    "bpm_histogram_first_peak_weight": {
        "mean": 0.547619044781,
        "var": 0
    },
    "bpm_histogram_second_peak_bpm": {
        "mean": 167,
        "var": 0
    },
    "bpm_histogram_second_peak_spread": {
        "mean": 0,
        "var": 0
    },
    "bpm_histogram_second_peak_weight": {
        "mean": 0.444444447756,
        "var": 0
    },
    "danceability": 2.16804623604,
    "onset_rate": 4.90222787857,
    "beats_loudness_band_ratio": {
        "mean": [0.578746259212, 0.0324306599796, 0.011179481633, 0.0463359318674, 0.0617846883833, 0.273810356855],
        "var": [0.167522385716, 0.00348224164918, 0.000581693719141, 0.00475657824427, 0.00440281489864, 0.0834340974689]
    },
    "beats_position": [0.301859408617, 0.626938760281, 0.975238084793, 1.3235373497, 1.67183673382, 2.02013611794, 2.38004541397, 2.73995471001, 3.08825397491, 3.43655323982, 3.79646253586, 4.14476203918, 4.5046710968, 4.85297060013, 5.20126962662, 5.54956912994, 5.90947818756, 6.26938772202, 6.6176867485, 6.97759628296, 7.33750534058, 7.6858048439, 8.03410434723, 8.38240337372, 8.74231243134, 9.10222244263, 9.45052146912, 9.79882049561, 10.1587295532, 10.5186395645, 10.866938591, 11.2152376175, 11.5635375977, 11.9234466553, 12.2833557129, 12.6316547394, 12.9799547195, 13.3398637772, 13.6997728348, 14.0480718613, 14.3963718414, 14.7446708679, 15.1045799255, 15.4644899368, 15.8127889633, 16.1610889435, 16.5209980011, 16.8809070587, 17.2292060852, 17.5775051117, 17.9374141693, 18.2973232269, 18.6456241608, 18.9939231873, 19.3538322449, 19.7137413025, 20.062040329, 20.4103393555, 20.7702484131, 21.1301574707, 21.4784584045, 21.826757431, 22.1750564575, 22.523355484, 22.8832645416, 23.2431735992, 23.5914726257, 23.9513835907, 24.3112926483, 24.6595916748, 25.0078907013, 25.3561897278, 25.7160987854, 26.076007843, 26.4243087769, 26.7726078033, 27.132516861, 27.4924259186, 27.8407249451, 28.1890239716, 28.5489330292, 28.9088420868, 29.2571430206, 29.6054420471, 29.9537410736, 30.3136501312, 30.6735591888, 31.0218582153, 31.3701572418, 31.7300682068, 32.0899772644, 32.4382743835, 32.7865753174, 33.1348762512, 33.4947853088, 33.8546943665, 34.2029914856, 34.5512924194, 34.9112014771, 35.2711105347, 35.6194114685, 35.9677085876, 36.3276176453, 36.6875267029, 37.0358276367, 37.3841247559, 37.7440338135, 38.1039466858, 38.4522438049, 38.8005447388, 39.1488418579, 39.5087509155, 39.8686599731, 40.216960907, 40.5652618408, 40.91355896, 41.2734680176, 41.6333770752, 41.981678009, 42.3415870667, 42.7014961243, 43.0497932434, 43.3980941772, 43.7463951111, 44.1063041687, 44.4662132263, 44.8145103455]
},
"tonal": {
    "chords_changes_rate": 0.0462962947786,
    "chords_number_rate": 0.00720164598897,
    "chords_strength": {
        "mean": 0.536596417427,
        "var": 0.00833788421005
    },
    "hpcp_entropy": {
        "mean": 2.20599555969,
        "var": 0.906929850578
    },
    "key_strength": 0.661718904972,
    "tuning_diatonic_strength": 0.593440592289,
    "tuning_equal_tempered_deviation": 0.206805869937,
    "tuning_frequency": 436.456176758,
    "tuning_nontempered_energy_ratio": 0.891616821289,
    "hpcp": {
        "mean": [0.156498655677, 0.15212726593, 0.182628110051, 0.224759444594, 0.207667797804, 0.137854158878, 0.0804925560951, 0.0676158219576, 0.0683922618628, 0.0673706978559, 0.066702246666, 0.0714669451118, 0.0754357725382, 0.0865210592747, 0.107279248536, 0.086541377008, 0.0546762421727, 0.070469930768, 0.102661348879, 0.102451719344, 0.0789703652263, 0.0568231865764, 0.0579094514251, 0.143212482333, 0.251260519028, 0.224326863885, 0.121193796396, 0.0735781490803, 0.0764556899667, 0.0810283794999, 0.0710816085339, 0.063724771142, 0.0785567685962, 0.133873730898, 0.17191773653, 0.16603448987],
        "var": [0.082710750401, 0.0738409534097, 0.0826929807663, 0.100344307721, 0.0892997458577, 0.054909106344, 0.0320656038821, 0.0303193852305, 0.0290791392326, 0.0280664525926, 0.0248030032963, 0.0309119727463, 0.0242501366884, 0.0259188171476, 0.0447445437312, 0.0329993255436, 0.0167675800622, 0.0248942710459, 0.0514026582241, 0.0519087985158, 0.038461048156, 0.0249943155795, 0.0205834805965, 0.0630641505122, 0.123061850667, 0.107336811721, 0.0522595979273, 0.0302413851023, 0.0355792231858, 0.0374623648822, 0.0292277690023, 0.026623941958, 0.0316007956862, 0.0626253038645, 0.0860304757953, 0.0818625539541]
    },
    "chords_histogram": [35.0823059082, 3.18930029869, 0, 0.205761313438, 0, 13.9917697906, 0, 15.2263374329, 0.308641970158, 0, 0, 0, 0, 0, 0, 0, 0, 6.68724298477, 3.29218101501, 0, 0, 0, 22.0164604187, 0],
    "thpcp": [1, 0.892805874348, 0.482343167067, 0.292836099863, 0.304288506508, 0.32248750329, 0.282900035381, 0.253620326519, 0.312650680542, 0.532808482647, 0.684221029282, 0.660806119442, 0.622854173183, 0.605456292629, 0.726847648621, 0.894527494907, 0.826503872871, 0.548650324345, 0.320354968309, 0.269106417894, 0.272196620703, 0.268130868673, 0.265470474958, 0.284433633089, 0.300229310989, 0.344348013401, 0.426964193583, 0.344428867102, 0.21760776639, 0.280465602875, 0.40858528018, 0.407750964165, 0.314296752214, 0.226152464747, 0.230475723743, 0.569976091385],
    "chords_key": "A#",
    "chords_scale": "minor",
    "key_key": "A#",
    "key_scale": "minor"
}
}