{
"lowlevel": {
    "average_loudness": 0.982940196991,
    "barkbands_crest": {
        "mean": 14.6976890564,
        "var": 11.73042202
    },
    "barkbands_flatness_db": {
        "mean": 0.327929466963,
        "var": 0.00625988375396
    },
    "barkbands_kurtosis": {
        "mean": 13.7317895889,
        "var": 396.621612549
    },
    "barkbands_skewness": {
        "mean": 3.13014006615,
        "var": 3.38098025322
    },
    "barkbands_spread": {
        "mean": 13.2730054855,
        "var": 105.893135071
    },
    "dissonance": {
        "mean": 0.469847083092,
        "var": 0.000539089669473
    },
    "dynamic_complexity": 1.19539296627,
    "erbbands_crest": {
        "mean": 12.9331102371,
        "var": 12.1159095764
    },
    "erbbands_flatness_db": {
        "mean": 0.266049146652,
        "var": 0.00249543483369
    },
    "erbbands_kurtosis": {
        "mean": 2.26817536354,
        "var": 3.28706860542
    },
    "erbbands_skewness": {
        "mean": -1.35848546028,
        "var": 0.447329729795
    },
    "erbbands_spread": {
        "mean": 22.9406986237,
        "var": 176.53137207
    },
    "hfc": {
        "mean": 22.9228496552,
        "var": 582.706542969
    },
    "melbands_crest": {
        "mean": 22.0984210968,
        "var": 52.8646125793
    },
    "melbands_flatness_db": {
        "mean": 0.380135089159,
        "var": 0.00970384757966
    },
    "melbands_kurtosis": {
        "mean": 28.9464931488,
        "var": 2531.0715332
    },
    "melbands_skewness": {
        "mean": 4.17991924286,
        "var": 8.21867084503
    },
    "melbands_spread": {
        "mean": 15.4616336823,
        "var": 184.300308228
    },
    "pitch_salience": {
        "mean": 0.348995149136,
        "var": 0.0142948301509
    },
    "silence_rate_20dB": {
        "mean": 1,
        "var": 0
    },
    "silence_rate_30dB": {
        "mean": 0.748712658882,
        "var": 0.188141331077
    },
    "silence_rate_60dB": {
        "mean": 0.00154479919001,
        "var": 0.00154241069686
    },
    "spectral_centroid": {
        "mean": 1049.92871094,
        "var": 215064.078125
    },
    "spectral_complexity": {
        "mean": 14.3810501099,
        "var": 118.595306396
    },
    "spectral_decrease": {
        "mean": -2.9013341063e-008,
        "var": 1.29489910349e-016
    },
    "spectral_energy": {
        "mean": 0.1115822047,
        "var": 0.00183148379438
    },
    "spectral_energyband_high": {
        "mean": 0.000342810351867,
        "var": 8.33772730857e-007
    },
    "spectral_energyband_low": {
        "mean": 0.0660715401173,
        "var": 0.00268387724645
    },
    "spectral_energyband_middle_high": {
        "mean": 0.0104540586472,
        "var": 0.000128080049763
    },
    "spectral_energyband_middle_low": {
        "mean": 0.00528997508809,
        "var": 3.2858330087e-005
    },
    "spectral_entropy": {
        "mean": 7.03496456146,
        "var": 0.193758368492
    },
    "spectral_flux": {
        "mean": 0.0865533351898,
        "var": 0.00514100724831
    },
    "spectral_kurtosis": {
        "mean": 11.2520256042,
        "var": 68.8485717773
    },
    "spectral_rms": {
        "mean": 0.0102653289214,
        "var": 3.48371281689e-006
    },
    "spectral_rolloff": {
        "mean": 448.16104126,
        "var": 528808.25
    },
    "spectral_skewness": {
        "mean": 1.89681649208,
        "var": 0.563732028008
    },
    "spectral_spread": {
        "mean": 2258729.75,
        "var": 1.93844740096e+012
    },
    "spectral_strongpeak": {
        "mean": 0.179091334343,
        "var": 0.131534278393
    },
    "zerocrossingrate": {
        "mean": 0.0243376269937,
        "var": 0.00035345176002
    },
    "barkbands": {
        "mean": [0.0459839738905, 0.0447788015008, 0.00475567625836, 0.000700403528754, 0.00182763068005, 0.002411166206, 8.56255282997e-005, 0.000149978732225, 8.44280948513e-005, 0.000152359192725, 0.00039337752969, 0.00293696415611, 0.00296852272004, 0.00224007153884, 0.000534135149792, 0.000298068887787, 0.00031915170257, 0.000257948064245, 0.000266025192104, 0.000190459133592, 0.00010608566663, 8.16498941276e-005, 4.52304593637e-005, 1.27590501506e-005, 1.67329301348e-006, 2.28292023507e-007, 1.27287203e-008],
        "var": [0.000459129747469, 0.00178182974923, 5.28880882484e-005, 8.24010385259e-006, 2.51509322879e-006, 2.95501308756e-006, 8.03535940008e-008, 6.03763794516e-007, 5.06311117476e-008, 1.75460911578e-007, 2.37111612478e-006, 5.11865482622e-006, 1.35145974127e-005, 1.04235105027e-005, 2.49749541581e-006, 6.82096413129e-007, 1.18917898817e-006, 7.88330169144e-007, 6.62193485823e-007, 2.20961851483e-007, 8.28417441312e-008, 5.43839071554e-008, 1.54026693622e-008, 1.27411936557e-009, 2.49342387015e-011, 8.73766608112e-013, 3.65724465957e-014]
    },
    "erbbands": {
        "mean": [1.8328435421, 7.84068441391, 9.03220844269, 2.84387135506, 2.1720764637, 6.07774925232, 16.3485202789, 23.4477958679, 4.00155210495, 1.45490539074, 3.93896770477, 2.11313128471, 3.5299012661, 7.45495557785, 51.5, 125.276252747, 102.89717865, 165.081237793, 38.2824859619, 22.7968063354, 18.269903183, 16.8374099731, 14.5548124313, 16.292093277, 10.6601781845, 8.9449930191, 5.05607843399, 3.89151740074, 2.97608685493, 2.16934418678, 1.20176279545, 0.408659905195, 0.14847907424, 0.0278969816864, 0.00880789011717, 0.00212171743624, 0.000324628461385, 4.84758566017e-005, 5.32703597855e-005, 0.000122912140796],
        "var": [7.48749160767, 30.8677444458, 79.2127685547, 46.6194267273, 61.9703903198, 24.6210575104, 238.243453979, 231.029678345, 24.4018249512, 20.5081195831, 427.344146729, 37.8156776428, 82.3815841675, 406.584686279, 9378.0625, 9751.36914063, 13707.7392578, 26589.6953125, 9255.35839844, 3790.10986328, 3092.11010742, 2873.02978516, 2462.91503906, 2575.65429688, 861.726013184, 488.03729248, 172.432098389, 121.187072754, 74.3265838623, 35.950252533, 11.1848888397, 1.20625936985, 0.186936631799, 0.00639740237966, 0.00070997281, 4.74495209346e-005, 1.92247080122e-006, 1.5798674724e-007, 7.8469142295e-010, 2.10597339567e-009]
    },
    "gfcc": {
        "mean": [-62.7086029053, 169.034286499, -139.84022522, 41.2073860168, 3.73650932312, 24.7383079529, -9.61167812347, -33.298740387, -10.4461116791, 4.11117362976, 29.9014663696, 9.58967876434, 8.03455924988],
        "cov": [[3832.65917969, -1468.00134277, -572.057983398, 883.162658691, -1150.78942871, 165.959136963, -326.368225098, 323.226409912, -195.703903198, -98.5723724365, -251.150817871, -125.448226929, -203.849060059], [-1468.00134277, 1180.6340332, 95.3372955322, -665.139892578, 703.208435059, -193.851974487, 178.340118408, -205.585708618, 140.684921265, 22.5627765656, 80.9627304077, 33.4687042236, 107.140457153], [-572.057983398, 95.3372955322, 427.128997803, 53.9217720032, 146.234039307, 74.1694030762, 54.2625427246, -53.4806556702, -9.00954818726, 18.3496284485, 66.0257568359, 1.14380204678, -25.1090908051], [883.162658691, -665.139892578, 53.9217720032, 504.075775146, -395.474822998, 143.676361084, -78.272605896, 94.712387085, -81.9111938477, -25.5756816864, -16.0979652405, -40.7546272278, -72.303024292], [-1150.78942871, 703.208435059, 146.234039307, -395.474822998, 527.400085449, -100.566902161, 129.940811157, -124.304824829, 84.86302948, 30.2885551453, 70.4304885864, 45.4862251282, 76.2172317505], [165.959136963, -193.851974487, 74.1694030762, 143.676361084, -100.566902161, 89.7083587646, -19.4043521881, 5.47049617767, -26.0458545685, -0.844795942307, 30.9764213562, 5.22563743591, -9.02232456207], [-326.368225098, 178.340118408, 54.2625427246, -78.272605896, 129.940811157, -19.4043521881, 69.5123901367, -17.9243068695, 32.2827644348, 3.56555604935, 22.5004940033, 5.76825523376, 24.4805488586], [323.226409912, -205.585708618, -53.4806556702, 94.712387085, -124.304824829, 5.47049617767, -17.9243068695, 111.247322083, 11.8716068268, -16.358839035, -70.3903427124, -31.475271225, -24.425775528], [-195.703903198, 140.684921265, -9.00954818726, -81.9111938477, 84.86302948, -26.0458545685, 32.2827644348, 11.8716068268, 71.6749343872, 4.42993783951, -0.459124058485, -7.66884803772, 28.7235641479], [-98.5723724365, 22.5627765656, 18.3496284485, -25.5756816864, 30.2885551453, -0.844795942307, 3.56555604935, -16.358839035, 4.42993783951, 36.5902366638, 33.8843421936, 25.0671977997, 16.4406051636], [-251.150817871, 80.9627304077, 66.0257568359, -16.0979652405, 70.4304885864, 30.9764213562, 22.5004940033, -70.3903427124, -0.459124058485, 33.8843421936, 112.22631073, 50.7285194397, 41.6096534729], [-125.448226929, 33.4687042236, 1.14380204678, -40.7546272278, 45.4862251282, 5.22563743591, 5.76825523376, -31.475271225, -7.66884803772, 25.0671977997, 50.7285194397, 53.9537353516, 32.6025619507], [-203.849060059, 107.140457153, -25.1090908051, -72.303024292, 76.2172317505, -9.02232456207, 24.4805488586, -24.425775528, 28.7235641479, 16.4406051636, 41.6096534729, 32.6025619507, 57.1146354675]],
        "icov": [[0.00195415178314, -0.00479500181973, 0.00318839028478, -0.00485291657969, 0.00260109920055, -0.00468124169856, 0.00340830883943, -0.00440814811736, 0.00242821476422, -0.00323306419887, 0.00293420581147, -0.00389783876017, 0.00346791255288], [-0.00479500181973, 0.0292938016355, -0.00979667343199, 0.0226860120893, -0.0128509309143, 0.0229631159455, -0.0156235676259, 0.0256803296506, -0.0148982265964, 0.0179494991899, -0.0134950168431, 0.0209569633007, -0.00900374818593], [0.00318839028478, -0.00979667343199, 0.0123556209728, -0.0108790369704, -0.000104816914245, -0.0173144191504, 0.00345827359706, -0.00844755489379, 0.00530911283568, -0.0112842964008, 0.00508757913485, -0.00566659122705, 0.0138331027701], [-0.00485291657969, 0.0226860120893, -0.0108790369704, 0.0283257011324, -0.00529584242031, 0.0135085117072, -0.0140920104459, 0.0146282371134, -0.00675626285374, 0.0158812962472, -0.0167289562523, 0.0223119650036, -0.00902671460062], [0.00260109920055, -0.0128509309143, -0.000104816914245, -0.00529584242031, 0.0190789345652, -0.0038245273754, -0.00140889151953, -0.00517614511773, 0.001674106461, -0.00525717809796, 0.0079030552879, -0.0146760959178, 0.00225753313862], [-0.00468124169856, 0.0229631159455, -0.0173144191504, 0.0135085117072, -0.0038245273754, 0.0565940439701, -0.00766096031293, 0.0190874524415, -0.01318232622, 0.0264169853181, -0.0216757766902, 0.0113078374416, -0.0164427943528], [0.00340830883943, -0.0156235676259, 0.00345827359706, -0.0140920104459, -0.00140889151953, -0.00766096031293, 0.045122154057, -0.0234756097198, 0.00755162583664, -0.00115538574755, -0.00281495391391, -0.00371001870371, -0.00285314093344], [-0.00440814811736, 0.0256803296506, -0.00844755489379, 0.0146282371134, -0.00517614511773, 0.0190874524415, -0.0234756097198, 0.0551294162869, -0.0303670894355, 0.00937289185822, 0.0127410255373, 0.00449378229678, -0.00481396587566], [0.00242821476422, -0.0148982265964, 0.00530911283568, -0.00675626285374, 0.001674106461, -0.01318232622, 0.00755162583664, -0.0303670894355, 0.0480857156217, -0.0155978007242, -0.00252759945579, 0.0187834184617, -0.0187186449766], [-0.00323306419887, 0.0179494991899, -0.0112842964008, 0.0158812962472, -0.00525717809796, 0.0264169853181, -0.00115538574755, 0.00937289185822, -0.0155978007242, 0.0635738372803, -0.024597229436, -0.00519430730492, -0.00394523097202], [0.00293420581147, -0.0134950168431, 0.00508757913485, -0.0167289562523, 0.0079030552879, -0.0216757766902, -0.00281495391391, 0.0127410255373, -0.00252759945579, -0.024597229436, 0.0512909963727, -0.0301694758236, -0.00226228241809], [-0.00389783876017, 0.0209569633007, -0.00566659122705, 0.0223119650036, -0.0146760959178, 0.0113078374416, -0.00371001870371, 0.00449378229678, 0.0187834184617, -0.00519430730492, -0.0301694758236, 0.0828571096063, -0.0358564816415], [0.00346791255288, -0.00900374818593, 0.0138331027701, -0.00902671460062, 0.00225753313862, -0.0164427943528, -0.00285314093344, -0.00481396587566, -0.0187186449766, -0.00394523097202, -0.00226228241809, -0.0358564816415, 0.0676498189569]]
    },
    "melbands": {
        "mean": [0.0157021712512, 0.0069960267283, 0.000512307567988, 0.000222264265176, 0.00056623632554, 0.000481146824313, 5.19556488143e-005, 1.70868279383e-005, 3.0180946851e-005, 1.21203456729e-005, 1.78904956556e-005, 2.55955928878e-005, 9.08016663743e-005, 0.000406049919548, 0.000237831307459, 0.000253855163464, 0.000310305389576, 5.0182115956e-005, 3.89127199014e-005, 2.19949361053e-005, 2.15499294427e-005, 1.75342647708e-005, 1.51642443598e-005, 1.24953903651e-005, 1.37341603477e-005, 8.22601032269e-006, 7.08065499566e-006, 5.8621358221e-006, 3.10101449941e-006, 2.66681695393e-006, 2.0840709567e-006, 1.71623582901e-006, 1.52362224526e-006, 1.01084401649e-006, 7.44834608213e-007, 3.97709158051e-007, 2.12564870594e-007, 1.32403712882e-007, 3.90581043064e-008, 1.60593565113e-008],
        "var": [0.000279695290374, 2.29303950618e-005, 1.64987841345e-006, 1.277519317e-007, 2.26757904898e-007, 9.96087692329e-008, 5.47237588577e-009, 3.8879983677e-009, 2.41658639766e-008, 1.1177671011e-009, 2.21927787258e-009, 5.44149569848e-009, 6.39784829559e-008, 1.09051860875e-007, 9.48302769643e-008, 6.05275332077e-008, 1.11308281703e-007, 2.53633576364e-008, 1.23409531483e-008, 3.42815287269e-009, 4.83758766379e-009, 3.48973916431e-009, 2.76433653745e-009, 1.65471236713e-009, 1.86790605206e-009, 5.89400639406e-010, 3.21434323602e-010, 2.26195978614e-010, 6.47798134579e-011, 5.3552447199e-011, 3.7137692227e-011, 2.56908591623e-011, 2.03181863695e-011, 7.53094808736e-012, 4.63958298863e-012, 1.11088015956e-012, 3.52204973086e-013, 1.64247372756e-013, 1.25428079788e-014, 2.24804661784e-015]
    },
    "mfcc": {
        "mean": [-697.961181641, 186.912506104, -39.6807937622, 37.4667854309, 29.536283493, 54.1195983887, 23.9233150482, 0.584764659405, -20.0294132233, -7.39380025864, 4.96721363068, 13.3944702148, 9.90975666046],
        "cov": [[4293.80859375, -2280.87841797, 196.44593811, 274.172454834, -668.709655762, -263.474395752, -350.759277344, 220.240081787, -133.357421875, 205.765670776, -145.900421143, -72.1708068848, -160.772369385], [-2280.87841797, 1970.1932373, -504.705078125, -279.536804199, 385.630706787, 61.3123855591, 136.783630371, -168.464736938, 173.888397217, -127.935333252, 81.132598877, -23.7753486633, 77.7969894409], [196.44593811, -504.705078125, 452.259155273, 130.73324585, -19.465587616, 79.6619110107, 41.6179504395, 44.295917511, -96.5595550537, 23.2241821289, 8.63312721252, 59.4687614441, 2.58674621582], [274.172454834, -279.536804199, 130.73324585, 116.147239685, -34.6066551208, 14.2339334488, 5.49189329147, 28.8789348602, -26.7872161865, 22.6297569275, 0.507871747017, 11.3323097229, -7.26428699493], [-668.709655762, 385.630706787, -19.465587616, -34.6066551208, 160.815383911, 57.930683136, 68.7192230225, -37.7879219055, 19.7599563599, -42.1352844238, 30.7059440613, 15.2466745377, 23.4326725006], [-263.474395752, 61.3123855591, 79.6619110107, 14.2339334488, 57.930683136, 100.340393066, 56.4440727234, -17.0103626251, -50.4769477844, -32.3821258545, 5.82208919525, 30.529542923, 13.2939414978], [-350.759277344, 136.783630371, 41.6179504395, 5.49189329147, 68.7192230225, 56.4440727234, 82.9894256592, -15.4021110535, -20.4604606628, -36.4142379761, 17.3478984833, 18.7240943909, 13.9007358551], [220.240081787, -168.464736938, 44.295917511, 28.8789348602, -37.7879219055, -17.0103626251, -15.4021110535, 56.8156547546, 16.5064544678, 31.7050075531, -10.1565847397, -5.3366727829, -9.9666519165], [-133.357421875, 173.888397217, -96.5595550537, -26.7872161865, 19.7599563599, -50.4769477844, -20.4604606628, 16.5064544678, 101.115280151, 28.2516021729, 5.1152305603, -30.3198738098, -0.930968046188], [205.765670776, -127.935333252, 23.2241821289, 22.6297569275, -42.1352844238, -32.3821258545, -36.4142379761, 31.7050075531, 28.2516021729, 60.1142997742, -4.08287811279, -8.17843818665, -8.3287820816], [-145.900421143, 81.132598877, 8.63312721252, 0.507871747017, 30.7059440613, 5.82208919525, 17.3478984833, -10.1565847397, 5.1152305603, -4.08287811279, 29.8009395599, 8.99948692322, 5.22701311111], [-72.1708068848, -23.7753486633, 59.4687614441, 11.3323097229, 15.2466745377, 30.529542923, 18.7240943909, -5.3366727829, -30.3198738098, -8.17843818665, 8.99948692322, 36.3172721863, 10.9099674225], [-160.772369385, 77.7969894409, 2.58674621582, -7.26428699493, 23.4326725006, 13.2939414978, 13.9007358551, -9.9666519165, -0.930968046188, -8.3287820816, 5.22701311111, 10.9099674225, 31.1169376373]],
        "icov": [[0.00133515929338, 0.000843719753902, 0.000753945554607, -0.00104976864532, 0.00156655930914, 0.000780411472078, 0.00196423870511, -0.00115876761265, 0.00158470601309, 0.000218210931052, 4.09367248722e-006, 0.000698501651641, 0.00157970783766], [0.000843719753902, 0.00316979619674, 0.00201882631518, 0.00177603727207, -0.00153412902728, -0.00130563543644, -0.000383817066904, 0.00235201767646, -0.00246532075107, 0.000207118253456, -0.00194009020925, 0.000847605348099, -0.000670632056426], [0.000753945554607, 0.00201882631518, 0.00655635818839, -0.00233744736761, -0.00144857517444, -0.00177644623909, -0.000831564189866, -0.00242462474853, 0.00299171637744, -0.00307936337776, -0.00228347443044, -0.00256790826097, -0.000248777854722], [-0.00104976864532, 0.00177603727207, -0.00233744736761, 0.0180526282638, -0.000761811330449, -0.00355177582242, -0.00576322432607, 0.000886032532435, -0.00291350227781, -0.00381747982465, -0.0048429290764, 0.00204200576991, -0.00151742389426], [0.00156655930914, -0.00153412902728, -0.00144857517444, -0.000761811330449, 0.0235690679401, -0.0068027577363, -0.00258008018136, 0.00191251339857, -0.00749974884093, 0.00559934042394, -0.00622358359396, -0.00183226307854, 0.00175702001434], [0.000780411472078, -0.00130563543644, -0.00177644623909, -0.00355177582242, -0.0068027577363, 0.0295200608671, -0.00674505857751, -0.00282574864104, 0.0136827323586, -0.00118456291966, 0.011262703687, -0.0063136764802, 0.00164823397063], [0.00196423870511, -0.000383817066904, -0.000831564189866, -0.00576322432607, -0.00258008018136, -0.00674505857751, 0.0346980169415, -0.00929150823504, 0.00407397607341, 0.0133646791801, -0.00810827035457, 0.0026356796734, 0.000317027996061], [-0.00115876761265, 0.00235201767646, -0.00242462474853, 0.000886032532435, 0.00191251339857, -0.00282574864104, -0.00929150823504, 0.0398883521557, -0.0168559346348, -0.00897001847625, 0.00860104709864, -0.00372687587515, 0.00219152006321], [0.00158470601309, -0.00246532075107, 0.00299171637744, -0.00291350227781, -0.00749974884093, 0.0136827323586, 0.00407397607341, -0.0168559346348, 0.038433264941, -0.0136580849066, -0.00203885743394, 0.01450381428, -0.00124281889293], [0.000218210931052, 0.000207118253456, -0.00307936337776, -0.00381747982465, 0.00559934042394, -0.00118456291966, 0.0133646791801, -0.00897001847625, -0.0136580849066, 0.0406151600182, -0.00594624690711, -0.00358514720574, 0.000138765768497], [4.09367248722e-006, -0.00194009020925, -0.00228347443044, -0.0048429290764, -0.00622358359396, 0.011262703687, -0.00810827035457, 0.00860104709864, -0.00203885743394, -0.00594624690711, 0.0548431389034, -0.0154793178663, 0.00474505731836], [0.000698501651641, 0.000847605348099, -0.00256790826097, 0.00204200576991, -0.00183226307854, -0.0063136764802, 0.0026356796734, -0.00372687587515, 0.01450381428, -0.00358514720574, -0.0154793178663, 0.0565150268376, -0.0138542829081], [0.00157970783766, -0.000670632056426, -0.000248777854722, -0.00151742389426, 0.00175702001434, 0.00164823397063, 0.000317027996061, 0.00219152006321, -0.00124281889293, 0.000138765768497, 0.00474505731836, -0.0138542829081, 0.0442352369428]]
    },
    "spectral_contrast_coeffs": {
        "mean": [-0.580279827118, -0.643796563148, -0.71887922287, -0.74966531992, -0.808997809887, -0.708329200745],
        "var": [0.00975096412003, 0.0045844912529, 0.00221958965994, 0.00171366985887, 0.000607369816862, 0.000949530513026]
    },
    "spectral_contrast_valleys": {
        "mean": [-7.51707029343, -7.73873519897, -7.4917473793, -7.15457248688, -7.96113920212, -12.2977294922],
        "var": [1.00386404991, 0.574392199516, 0.529065489769, 0.518547058105, 0.892108440399, 1.47717249393]
    }
},
"metadata": {
    "audio_properties": {
        "analysis_sample_rate": 44100,
        "bit_rate": 128074,
        "equal_loudness": 0,
        "length": 45.0612258911,
        "lossless": 0,
        "replay_gain": -6.29614639282,
        "sample_rate": 44100,
        "codec": "mp3",
        "downmix": "mix",
        "md5_encoded": "ce45a8103de8f858e39fb1374747019f"
    },
    "tags": {
        "file_name": "1539.mp3"
    },
    "version": {
        "essentia": "2.1-beta2",
        "essentia_git_sha": "v2.1_beta2",
        "extractor": "music 1.0"
    }
},
"rhythm": {
    "beats_count": 112,
    "beats_loudness": {
        "mean": 0.137390941381,
        "var": 0.003810841823
    },
    "bpm": 150.045181274,
    "bpm_histogram_first_peak_bpm": {
        "mean": 152,
        "var": 0
    },
    "bpm_histogram_first_peak_spread": {
        "mean": 0.463636398315,
        "var": 0
    },
    "bpm_histogram_first_peak_weight": {
        "mean": 0.531531512737,
        "var": 0
    },
    "bpm_histogram_second_peak_bpm": {
        "mean": 157,
        "var": 0
    },
    "bpm_histogram_second_peak_spread": {
        "mean": 0,
        "var": 0
    },
    "bpm_histogram_second_peak_weight": {
        "mean": 0.00900900922716,
        "var": 0
    },
    "danceability": 1.85203266144,
    "onset_rate": 2.79493546486,
    "beats_loudness_band_ratio": {
        "mean": [0.748591840267, 0.0526080057025, 0.00471674324945, 0.118507452309, 0.0594640187919, 0.0203730259091],
        "var": [0.0520854815841, 0.0014849914005, 6.0000391386e-005, 0.0100304326043, 0.0114094568416, 0.000557435094379]
    },
    "beats_position": [0.394739210606, 0.801088392735, 1.20743763447, 1.60217678547, 1.99691605568, 2.40326523781, 2.80961441994, 3.20435357094, 3.61070299149, 4.01705217361, 4.41179132462, 4.80653047562, 5.20126962662, 5.60761880875, 6.01396799088, 6.40870714188, 6.80344676971, 7.19818592072, 7.60453510284, 7.99927425385, 8.40562343597, 8.8119726181, 9.21832180023, 9.61306095123, 10.0078001022, 10.4025392532, 10.7972784042, 11.1920175552, 11.5983667374, 12.0047159195, 12.4110651016, 12.8058052063, 13.2005443573, 13.6068935394, 14.0132427216, 14.4079818726, 14.8143310547, 15.2090702057, 15.6038093567, 15.9985485077, 16.3932876587, 16.7996368408, 17.2059860229, 17.600725174, 17.995464325, 18.4018135071, 18.8081626892, 19.1912918091, 19.5860309601, 19.9807701111, 20.3871192932, 20.7934684753, 21.1998176575, 21.6061668396, 22.0125160217, 22.4072551727, 22.8136043549, 23.219953537, 23.614692688, 24.009431839, 24.40417099, 24.8105201721, 25.2168693542, 25.6116104126, 26.0063495636, 26.4126987457, 26.8190479279, 27.2137870789, 27.6085262299, 28.0032653809, 28.409614563, 28.804353714, 29.2107028961, 29.6170520782, 30.0234012604, 30.4181404114, 30.8128795624, 31.2076187134, 31.6023578644, 31.9970970154, 32.4034461975, 32.8097953796, 33.204536438, 33.5992736816, 34.0056228638, 34.4119720459, 34.8067131042, 35.2014503479, 35.5961914063, 36.0025405884, 36.4088897705, 36.8036270142, 37.1983680725, 37.6047172546, 38.0110664368, 38.4058036804, 38.8005447388, 39.2068939209, 39.613243103, 40.0079803467, 40.402721405, 40.8090705872, 41.2154197693, 41.6101570129, 42.0048980713, 42.4112472534, 42.8175964355, 43.2123336792, 43.6070747375, 44.0018119812, 44.3965530396, 44.7912902832]
},
"tonal": {
    "chords_changes_rate": 0.0771604925394,
    "chords_number_rate": 0.0133744860068,
    "chords_strength": {
        "mean": 0.415543973446,
        "var": 0.00909236352891
    },
    "hpcp_entropy": {
        "mean": 2.38412165642,
        "var": 0.227463126183
    },
    "key_strength": 0.286161959171,
    "tuning_diatonic_strength": 0.395181596279,
    "tuning_equal_tempered_deviation": 0.156888917089,
    "tuning_frequency": 434.193115234,
    "tuning_nontempered_energy_ratio": 0.911360383034,
    "hpcp": {
        "mean": [0.0542031526566, 0.0227683056146, 0.018072752282, 0.0145354950801, 0.0112471422181, 0.0120676523075, 0.0144948484376, 0.015393320471, 0.0194855742157, 0.0217634756118, 0.0315702743828, 0.0683690011501, 0.0627250224352, 0.0386354997754, 0.174909725785, 0.239527091384, 0.13964766264, 0.187697678804, 0.164611458778, 0.0849755704403, 0.227652683854, 0.212396964431, 0.0661312714219, 0.223129019141, 0.343347489834, 0.188161447644, 0.144340783358, 0.123896017671, 0.0429935529828, 0.0956511572003, 0.101099565625, 0.039938043803, 0.0242692194879, 0.0203310400248, 0.0275031570345, 0.0590684302151],
        "var": [0.0376531966031, 0.00550963543355, 0.00518800038844, 0.00381121202372, 0.00142192980275, 0.001979166409, 0.00398267898709, 0.00434269057587, 0.00436180690303, 0.0046637095511, 0.00707587599754, 0.00737403566018, 0.00722483405843, 0.00662144739181, 0.0504039116204, 0.119438908994, 0.0302110649645, 0.118423439562, 0.0918608829379, 0.0174542572349, 0.15022303164, 0.128446996212, 0.0174193456769, 0.0752024501562, 0.185586601496, 0.0451042540371, 0.0586960911751, 0.0308059975505, 0.00651557603851, 0.0359388962388, 0.0447963550687, 0.0128872692585, 0.00937105249614, 0.00676866481081, 0.0089646903798, 0.0417527556419]
    },
    "chords_histogram": [1.23456788063, 0, 0, 1.44032919407, 0, 10.2880659103, 9.67078208923, 9.15637874603, 13.6831274033, 0.411522626877, 1.23456788063, 0, 0, 8.84773635864, 1.64609050751, 0.823045253754, 2.77777767181, 16.7695465088, 0, 0, 2.46913576126, 0, 19.5473251343, 0],
    "thpcp": [1, 0.548020482063, 0.420392721891, 0.360847294331, 0.125218778849, 0.278584122658, 0.294452607632, 0.116319604218, 0.0706841349602, 0.0592141784728, 0.0801029801369, 0.172036871314, 0.157866746187, 0.0663127154112, 0.0526369139552, 0.0423346497118, 0.0327573157847, 0.0351470522583, 0.0422162637115, 0.0448330640793, 0.0567517578602, 0.0633861497045, 0.0919484645128, 0.199124798179, 0.182686701417, 0.112525939941, 0.509424805641, 0.697622954845, 0.406724005938, 0.546669721603, 0.479431092739, 0.247491464019, 0.663038730621, 0.618606448174, 0.192607417703, 0.649863541126],
    "chords_key": "G",
    "chords_scale": "minor",
    "key_key": "D",
    "key_scale": "minor"
}
}