{
"lowlevel": {
    "average_loudness": 0.916592955589,
    "barkbands_crest": {
        "mean": 12.5911474228,
        "var": 21.0435695648
    },
    "barkbands_flatness_db": {
        "mean": 0.249811902642,
        "var": 0.00364266196266
    },
    "barkbands_kurtosis": {
        "mean": 4.89389324188,
        "var": 54.1219444275
    },
    "barkbands_skewness": {
        "mean": 1.13246333599,
        "var": 1.6980394125
    },
    "barkbands_spread": {
        "mean": 11.1947774887,
        "var": 69.9312362671
    },
    "dissonance": {
        "mean": 0.415894955397,
        "var": 0.00282527809031
    },
    "dynamic_complexity": 2.69686675072,
    "erbbands_crest": {
        "mean": 15.3748426437,
        "var": 38.3498725891
    },
    "erbbands_flatness_db": {
        "mean": 0.264045417309,
        "var": 0.00321255368181
    },
    "erbbands_kurtosis": {
        "mean": 3.8520860672,
        "var": 88.6960983276
    },
    "erbbands_skewness": {
        "mean": 0.542091190815,
        "var": 2.23803758621
    },
    "erbbands_spread": {
        "mean": 18.6220092773,
        "var": 126.040267944
    },
    "hfc": {
        "mean": 15.340004921,
        "var": 171.746841431
    },
    "melbands_crest": {
        "mean": 15.2733831406,
        "var": 29.6795101166
    },
    "melbands_flatness_db": {
        "mean": 0.324703961611,
        "var": 0.0055862031877
    },
    "melbands_kurtosis": {
        "mean": 8.07961463928,
        "var": 124.462982178
    },
    "melbands_skewness": {
        "mean": 1.64450347424,
        "var": 2.05140471458
    },
    "melbands_spread": {
        "mean": 15.5489387512,
        "var": 192.648696899
    },
    "pitch_salience": {
        "mean": 0.457007586956,
        "var": 0.010921950452
    },
    "silence_rate_20dB": {
        "mean": 1,
        "var": 0
    },
    "silence_rate_30dB": {
        "mean": 0.997941315174,
        "var": 0.00205446453765
    },
    "silence_rate_60dB": {
        "mean": 0.00977869238704,
        "var": 0.00968287605792
    },
    "spectral_centroid": {
        "mean": 858.748535156,
        "var": 352662.09375
    },
    "spectral_complexity": {
        "mean": 11.6299533844,
        "var": 12.3071699142
    },
    "spectral_decrease": {
        "mean": -7.43518580038e-009,
        "var": 2.35900197823e-017
    },
    "spectral_energy": {
        "mean": 0.0294534992427,
        "var": 0.000361739308573
    },
    "spectral_energyband_high": {
        "mean": 6.88275686116e-005,
        "var": 3.55219320625e-008
    },
    "spectral_energyband_low": {
        "mean": 0.00822752062231,
        "var": 0.00013585430861
    },
    "spectral_energyband_middle_high": {
        "mean": 0.00617497041821,
        "var": 7.78772737249e-005
    },
    "spectral_energyband_middle_low": {
        "mean": 0.0161657650024,
        "var": 0.000259661872406
    },
    "spectral_entropy": {
        "mean": 6.25201559067,
        "var": 0.199970245361
    },
    "spectral_flux": {
        "mean": 0.0546343959868,
        "var": 0.000699522322975
    },
    "spectral_kurtosis": {
        "mean": 19.1834163666,
        "var": 207.70249939
    },
    "spectral_rms": {
        "mean": 0.00507591292262,
        "var": 2.97021119877e-006
    },
    "spectral_rolloff": {
        "mean": 885.931152344,
        "var": 874402.0625
    },
    "spectral_skewness": {
        "mean": 2.98176980019,
        "var": 1.50542545319
    },
    "spectral_spread": {
        "mean": 2312744.5,
        "var": 1.94760382874e+012
    },
    "spectral_strongpeak": {
        "mean": 1.93410563469,
        "var": 5.21983861923
    },
    "zerocrossingrate": {
        "mean": 0.033986184746,
        "var": 0.000683958467562
    },
    "barkbands": {
        "mean": [4.75046326756e-005, 0.00549104763195, 0.00240358198062, 0.000605276611168, 0.00362312514335, 0.00407249387354, 0.00385268381797, 0.00124562869314, 0.00120621325914, 0.00214128103107, 0.00121658586431, 0.000478996051243, 0.00170120771509, 0.000218125147512, 0.000133488967549, 0.000487128447276, 0.000164985307492, 0.000116696850455, 0.000159674644237, 5.07543700223e-005, 2.03773106477e-005, 1.1836653357e-005, 2.2979897949e-006, 1.52443942625e-006, 7.48249021854e-007, 2.64983953002e-007, 1.1508844544e-008],
        "var": [3.8399723401e-009, 9.76133960648e-005, 1.46980510181e-005, 9.16808005513e-007, 4.55178596894e-005, 6.33219387964e-005, 6.54443429084e-005, 1.52127249748e-005, 1.58830825967e-005, 2.6442367016e-005, 1.20326358228e-005, 1.52019060806e-006, 4.20407232014e-005, 3.39137955052e-007, 1.3437124835e-007, 4.45077830591e-006, 1.18352978973e-007, 1.86584813378e-007, 5.39639131603e-007, 3.18710675629e-008, 3.89276877399e-009, 7.61234464353e-010, 1.81025611168e-011, 1.0143486745e-011, 2.30462762589e-012, 2.18829430488e-013, 1.26295164122e-015]
    },
    "erbbands": {
        "mean": [0.139082968235, 1.3201417923, 2.73078083992, 2.47483158112, 4.54446792603, 15.2111597061, 22.9512825012, 36.6984329224, 59.8426132202, 37.8198013306, 23.8759613037, 23.0093898773, 82.2755355835, 40.386264801, 49.0021972656, 24.2500305176, 90.3342056274, 16.81391716, 6.20501995087, 12.9996099472, 24.2690258026, 9.70989608765, 7.80696678162, 11.8659648895, 2.6280708313, 2.22758603096, 1.61743164063, 0.560938894749, 0.332758694887, 0.168810814619, 0.0625479742885, 0.0354664176702, 0.023487156257, 0.00977954175323, 0.00422425987199, 0.00156701193191, 0.000449212937383, 6.48186032777e-005, 1.61451134773e-005, 3.35462755174e-005],
        "var": [0.0813966542482, 5.1195101738, 20.0694656372, 10.0789518356, 58.8681335449, 986.386535645, 2138.67749023, 6183.46630859, 14233.0488281, 7090.44335938, 6095.56494141, 3281.56225586, 48440.8789063, 11766.5058594, 9365.93652344, 2215.05224609, 118341.609375, 1423.54309082, 119.93724823, 1377.15979004, 9286.34960938, 410.827758789, 887.077026367, 2716.30493164, 35.3852386475, 47.7985725403, 25.3586139679, 1.22526955605, 0.455567061901, 0.139695033431, 0.00979979429394, 0.00522830942646, 0.00227514863946, 0.000397107738536, 4.95797903568e-005, 5.92186506765e-006, 1.00595070762e-006, 2.14392930076e-008, 1.08045621061e-010, 4.54732640431e-010]
    },
    "gfcc": {
        "mean": [-75.271697998, 165.517852783, -125.729347229, 18.5708847046, -45.7261810303, -0.118716977537, -25.3296642303, 0.84926211834, -17.0918998718, -7.72052097321, -1.92506694794, 0.305682748556, 2.08090257645],
        "cov": [[3588.13623047, -275.326141357, -1049.32348633, 185.852249146, -105.393615723, -114.718353271, 58.0469551086, 141.921676636, -16.7446956635, 20.5614414215, -77.5966415405, 92.3766479492, -24.7218933105], [-275.326141357, 976.080871582, 380.391021729, -376.735107422, 51.5289077759, -18.8963413239, -64.7208862305, -196.545791626, 72.1367645264, -32.5570983887, 231.936019897, -85.0637664795, 55.562664032], [-1049.32348633, 380.391021729, 1025.08178711, 16.8936748505, 73.2663497925, 125.071044922, -32.7554779053, -10.4232139587, 20.9404582977, 16.0603199005, -19.9376602173, -48.3309707642, 19.3442001343], [185.852249146, -376.735107422, 16.8936748505, 560.091430664, 116.559646606, 36.9212875366, 45.6548995972, 117.695930481, -19.0318145752, -10.0336122513, -124.033943176, 6.36848592758, -12.946639061], [-105.393615723, 51.5289077759, 73.2663497925, 116.559646606, 286.597015381, 115.459709167, 10.81681633, -54.7862319946, -40.3376274109, -9.46223449707, 37.7717285156, 10.2645969391, -18.4085884094], [-114.718353271, -18.8963413239, 125.071044922, 36.9212875366, 115.459709167, 264.26763916, 104.165122986, 1.94562494755, -49.5375900269, -23.9775218964, -21.6112747192, -0.323701947927, 5.77176904678], [58.0469551086, -64.7208862305, -32.7554779053, 45.6548995972, 10.81681633, 104.165122986, 261.731262207, 114.964576721, -27.9093875885, -74.8146438599, -49.3672676086, 0.111920952797, 23.8720111847], [141.921676636, -196.545791626, -10.4232139587, 117.695930481, -54.7862319946, 1.94562494755, 114.964576721, 241.5027771, 58.8621025085, -31.8717155457, -124.921173096, -4.90614366531, 6.86629104614], [-16.7446956635, 72.1367645264, 20.9404582977, -19.0318145752, -40.3376274109, -49.5375900269, -27.9093875885, 58.8621025085, 191.633529663, 71.9152984619, 9.59146785736, -40.9694747925, -14.7055950165], [20.5614414215, -32.5570983887, 16.0603199005, -10.0336122513, -9.46223449707, -23.9775218964, -74.8146438599, -31.8717155457, 71.9152984619, 182.090408325, 72.7748260498, -6.19922494888, -52.4231872559], [-77.5966415405, 231.936019897, -19.9376602173, -124.033943176, 37.7717285156, -21.6112747192, -49.3672676086, -124.921173096, 9.59146785736, 72.7748260498, 235.466186523, 27.6509132385, -5.26040029526], [92.3766479492, -85.0637664795, -48.3309707642, 6.36848592758, 10.2645969391, -0.323701947927, 0.111920952797, -4.90614366531, -40.9694747925, -6.19922494888, 27.6509132385, 123.917579651, 40.818195343], [-24.7218933105, 55.562664032, 19.3442001343, -12.946639061, -18.4085884094, 5.77176904678, 23.8720111847, 6.86629104614, -14.7055950165, -52.4231872559, -5.26040029526, 40.818195343, 145.584060669]],
        "icov": [[0.000595307268668, -0.000986803439446, 0.00096524937544, -0.000599383201916, 0.000384376820875, -0.000321223487845, 0.000173218286363, -0.000636901648249, 0.000619817175902, -0.000967887113802, 0.000934861251153, -0.000946732063312, 0.000372425449314], [-0.000986803439446, 0.0057364278473, -0.00309317046776, 0.00283265043981, -0.00179706176277, 0.0015632873401, -0.0007068773848, 0.00263284356333, -0.00319329998456, 0.00463924137875, -0.0049501741305, 0.00455138133839, -0.00209844997153], [0.00096524937544, -0.00309317046776, 0.00322708301246, -0.00161411718, 0.000902931613382, -0.00157136784401, 0.000927250890527, -0.00178360403515, 0.00171571853571, -0.00278116343543, 0.00279883714393, -0.00209184642881, 0.000740116229281], [-0.000599383201916, 0.00283265043981, -0.00161411718, 0.00408609723672, -0.00254558352754, 0.00125428359024, -0.000287893984932, 1.33266912599e-005, -0.000889805029146, 0.00142473424785, -0.00118943525013, 0.00219283835031, -0.00116470176727], [0.000384376820875, -0.00179706176277, 0.000902931613382, -0.00254558352754, 0.006282848306, -0.00294815306552, 0.000586055917665, 0.00052519433666, 0.000611015828326, -0.000130870481371, 3.74473493139e-005, -0.00193563767243, 0.00175388506614], [-0.000321223487845, 0.0015632873401, -0.00157136784401, 0.00125428359024, -0.00294815306552, 0.00689915986732, -0.00319845951162, 0.00160747650079, 8.90549999895e-005, 3.5781747556e-006, -4.84146266899e-006, 0.0012840651907, -0.00087841344066], [0.000173218286363, -0.0007068773848, 0.000927250890527, -0.000287893984932, 0.000586055917665, -0.00319845951162, 0.00744087062776, -0.00467300089076, 0.00156457500998, 0.00143715948798, -0.00118546083104, 0.000410200009355, -0.000130716114654], [-0.000636901648249, 0.00263284356333, -0.00178360403515, 1.33266912599e-005, 0.00052519433666, 0.00160747650079, -0.00467300089076, 0.0114571144804, -0.0055571962148, 0.0024795923382, 0.00166858383454, 2.77290837403e-006, -0.000255190388998], [0.000619817175902, -0.00319329998456, 0.00171571853571, -0.000889805029146, 0.000611015828326, 8.90549999895e-005, 0.00156457500998, -0.0055571962148, 0.0105759352446, -0.00597466342151, 0.00165263912641, 0.000654390081763, -0.000110720393423], [-0.000967887113802, 0.00463924137875, -0.00278116343543, 0.00142473424785, -0.000130870481371, 3.5781747556e-006, 0.00143715948798, 0.0024795923382, -0.00597466342151, 0.0133927129209, -0.00690744956955, 0.0026221005246, 0.00142630550545], [0.000934861251153, -0.0049501741305, 0.00279883714393, -0.00118943525013, 3.74473493139e-005, -4.84146266899e-006, -0.00118546083104, 0.00166858383454, 0.00165263912641, -0.00690744956955, 0.0124712558463, -0.0059509165585, 0.00148970703594], [-0.000946732063312, 0.00455138133839, -0.00209184642881, 0.00219283835031, -0.00193563767243, 0.0012840651907, 0.000410200009355, 2.77290837403e-006, 0.000654390081763, 0.0026221005246, -0.0059509165585, 0.014473949559, -0.00505079049617], [0.000372425449314, -0.00209844997153, 0.000740116229281, -0.00116470176727, 0.00175388506614, -0.00087841344066, -0.000130716114654, -0.000255190388998, -0.000110720393423, 0.00142630550545, 0.00148970703594, -0.00505079049617, 0.00979351531714]]
    },
    "melbands": {
        "mean": [0.00145126925781, 0.00157607765868, 0.000475786393508, 0.00068855372956, 0.000824183109216, 0.000798455730546, 0.000907537993044, 0.000379372388124, 0.000182601215784, 0.000158348368132, 0.000407836574595, 0.000146954611409, 0.000165845893207, 7.7662167314e-005, 0.000143901299452, 0.000133115347126, 2.38631582761e-005, 8.37050265545e-006, 1.05811614048e-005, 3.21238949255e-005, 2.48895739787e-005, 8.78791797732e-006, 9.3961461971e-006, 5.63876665183e-006, 1.10259861685e-005, 1.85800320196e-006, 1.34936351515e-006, 1.58435841513e-006, 1.40533768445e-006, 3.1651717336e-007, 3.69102082232e-007, 2.41031074211e-007, 1.02037560623e-007, 7.64670247122e-008, 3.52202320641e-008, 2.40338700053e-008, 2.16657998209e-008, 1.83678618981e-008, 1.17519682874e-008, 7.08094161084e-009],
        "var": [7.86970758782e-006, 4.99538373333e-006, 3.47370757936e-007, 1.63109552886e-006, 2.61515401689e-006, 2.71623798653e-006, 3.37402639161e-006, 8.10273718344e-007, 4.30011425578e-007, 1.89449764321e-007, 1.20687695926e-006, 1.6682201931e-007, 1.24509810462e-007, 3.96912582801e-008, 2.73801816775e-007, 2.36163202771e-007, 4.56784388092e-009, 2.67883160099e-010, 1.44476353103e-009, 2.29360246351e-008, 8.07732281061e-009, 4.98061203391e-010, 7.66686270026e-010, 4.29911189981e-010, 2.68104827228e-009, 4.7101555295e-011, 2.55455153558e-011, 4.37045191704e-011, 2.40090742426e-011, 8.17031013157e-013, 8.50315531962e-013, 3.29691352344e-013, 3.7574323942e-014, 3.73934857959e-014, 3.61129320688e-015, 1.71840146872e-015, 3.14236899102e-015, 1.66427669867e-015, 9.45172196226e-016, 2.06953654179e-016]
    },
    "mfcc": {
        "mean": [-725.14630127, 194.41166687, -7.52752637863, 25.1542396545, -1.92408299446, 2.15209531784, 1.46432924271, 7.32383966446, -2.77572798729, -7.16152763367, -3.83062958717, 1.4771296978, 2.29094099998],
        "cov": [[2569.69360352, -480.087982178, -865.653564453, 58.3272438049, -284.852203369, -145.230072021, -95.2689361572, 62.4480667114, 18.8026161194, -11.6824016571, 23.2812423706, 82.1612243652, 24.3409538269], [-480.087982178, 1188.85620117, 141.716110229, -277.698150635, 145.40713501, 14.4311857224, -24.4706687927, -144.243911743, -180.584625244, -35.5111885071, 35.3030166626, 18.7249698639, -8.40508651733], [-865.653564453, 141.716110229, 690.982971191, 89.1965332031, 128.311035156, 77.0270385742, 54.267162323, 33.981048584, 125.670906067, 60.2991790771, -27.3214263916, -49.6862602234, -11.6532058716], [58.3272438049, -277.698150635, 89.1965332031, 344.54800415, 75.9227600098, 19.2963180542, 14.1718940735, 30.1899852753, 65.0862731934, 41.5814552307, -7.37305021286, -12.3187265396, 26.2322883606], [-284.852203369, 145.40713501, 128.311035156, 75.9227600098, 285.849761963, 114.843460083, 5.98846578598, -58.9026412964, -59.8826713562, -6.37134838104, 19.7252254486, 15.1943941116, 28.4731254578], [-145.230072021, 14.4311857224, 77.0270385742, 19.2963180542, 114.843460083, 215.267379761, 108.593261719, -3.79454803467, -39.9806671143, -16.1179103851, 11.9507226944, 4.78050231934, -2.46504640579], [-95.2689361572, -24.4706687927, 54.267162323, 14.1718940735, 5.98846578598, 108.593261719, 247.891891479, 120.092803955, 10.57056427, -13.8894281387, -43.2687416077, -58.417881012, -18.3787193298], [62.4480667114, -144.243911743, 33.981048584, 30.1899852753, -58.9026412964, -3.79454803467, 120.092803955, 261.49987793, 142.412475586, 20.3395709991, -41.7345161438, -80.565322876, -29.0782032013], [18.8026161194, -180.584625244, 125.670906067, 65.0862731934, -59.8826713562, -39.9806671143, 10.57056427, 142.412475586, 267.322296143, 84.8933258057, -31.9823799133, -41.1761932373, -29.3473167419], [-11.6824016571, -35.5111885071, 60.2991790771, 41.5814552307, -6.37134838104, -16.1179103851, -13.8894281387, 20.3395709991, 84.8933258057, 156.153900146, 54.4991569519, 0.64738214016, -41.7243270874], [23.2812423706, 35.3030166626, -27.3214263916, -7.37305021286, 19.7252254486, 11.9507226944, -43.2687416077, -41.7345161438, -31.9823799133, 54.4991569519, 178.296875, 81.5026321411, -52.7020454407], [82.1612243652, 18.7249698639, -49.6862602234, -12.3187265396, 15.1943941116, 4.78050231934, -58.417881012, -80.565322876, -41.1761932373, 0.64738214016, 81.5026321411, 188.926940918, 63.3358192444], [24.3409538269, -8.40508651733, -11.6532058716, 26.2322883606, 28.4731254578, -2.46504640579, -18.3787193298, -29.0782032013, -29.3473167419, -41.7243270874, -52.7020454407, 63.3358192444, 242.15196228]],
        "icov": [[0.000812213285826, -2.1473315428e-005, 0.00105704623275, -0.000450399675174, 0.000449709448731, -0.000222159156692, 0.000257571780821, -0.000203345683985, -0.000301970372675, -5.69335934415e-005, 9.6019160992e-005, -0.000245794130024, -3.95805682274e-006], [-2.1473315428e-005, 0.00145317311399, -0.000495257554576, 0.00136001722421, -0.000993396737613, 0.000760012830142, -0.000323909131112, 0.000303187640384, 0.000699834723491, -0.000211673963349, -0.000108719294076, 0.00010900808411, 1.39713620229e-005], [0.00105704623275, -0.000495257554576, 0.00347639154643, -0.00103829568252, -4.55761146441e-005, -0.000767461664509, -5.41426015843e-006, 0.000244241760811, -0.00192615250126, -0.000271602155408, 0.000262655783445, 4.6961758926e-005, -5.25597133674e-005], [-0.000450399675174, 0.00136001722421, -0.00103829568252, 0.00494579505175, -0.00230080308393, 0.00103537773248, -0.000681100529619, 0.0003829402267, -6.69747532811e-005, -0.000773170904722, -0.000204694762942, 0.000475448759971, -0.000528140808456], [0.000449709448731, -0.000993396737613, -4.55761146441e-005, -0.00230080308393, 0.00672777369618, -0.00370735325851, 0.00169772852678, -0.000175354245584, 0.000810462457594, -2.00079666683e-005, -0.00018226946122, 0.00018223351799, -0.000546210620087], [-0.000222159156692, 0.000760012830142, -0.000767461664509, 0.00103537773248, -0.00370735325851, 0.0092457048595, -0.00487015303224, 0.00156145961955, 0.000139776559081, 0.000735489302315, -0.00113269977737, -0.000461210584035, 0.000265310809482], [0.000257571780821, -0.000323909131112, -5.41426015843e-006, -0.000681100529619, 0.00169772852678, -0.00487015303224, 0.00872188434005, -0.00461363885552, 0.002185002435, -0.000641741615254, 0.0018166853115, 0.000149082028656, 0.000405762461014], [-0.000203345683985, 0.000303187640384, 0.000244241760811, 0.0003829402267, -0.000175354245584, 0.00156145961955, -0.00461363885552, 0.00892240181565, -0.00469745369628, 0.00139685557224, -0.00158798845951, 0.00233305199072, -0.00052543648053], [-0.000301970372675, 0.000699834723491, -0.00192615250126, -6.69747532811e-005, 0.000810462457594, 0.000139776559081, 0.002185002435, -0.00469745369628, 0.00924406573176, -0.00395917613059, 0.00258352956735, -0.00119645625819, 0.000790437741671], [-5.69335934415e-005, -0.000211673963349, -0.000271602155408, -0.000773170904722, -2.00079666683e-005, 0.000735489302315, -0.000641741615254, 0.00139685557224, -0.00395917613059, 0.0101647870615, -0.0041339173913, 0.00109472079203, 0.000283527886495], [9.6019160992e-005, -0.000108719294076, 0.000262655783445, -0.000204694762942, -0.00018226946122, -0.00113269977737, 0.0018166853115, -0.00158798845951, 0.00258352956735, -0.0041339173913, 0.010971727781, -0.00533015327528, 0.00336130405776], [-0.000245794130024, 0.00010900808411, 4.6961758926e-005, 0.000475448759971, 0.00018223351799, -0.000461210584035, 0.000149082028656, 0.00233305199072, -0.00119645625819, 0.00109472079203, -0.00533015327528, 0.00964322406799, -0.00339405983686], [-3.95805682274e-006, 1.39713620229e-005, -5.25597133674e-005, -0.000528140808456, -0.000546210620087, 0.000265310809482, 0.000405762461014, -0.00052543648053, 0.000790437741671, 0.000283527886495, 0.00336130405776, -0.00339405983686, 0.00598376756534]]
    },
    "spectral_contrast_coeffs": {
        "mean": [-0.64064437151, -0.644679605961, -0.675353229046, -0.694743573666, -0.70995849371, -0.75168210268],
        "var": [0.00821521133184, 0.0110165886581, 0.00812416616827, 0.00802787672728, 0.00600814865902, 0.00415530987084]
    },
    "spectral_contrast_valleys": {
        "mean": [-7.32340955734, -7.15423345566, -7.91852712631, -9.01167583466, -9.45825576782, -12.4292411804],
        "var": [0.980715036392, 1.04300475121, 0.892690956593, 0.729421675205, 0.599585592747, 0.475337743759]
    }
},
"metadata": {
    "audio_properties": {
        "analysis_sample_rate": 44100,
        "bit_rate": 104160,
        "equal_loudness": 0,
        "length": 45.0873451233,
        "lossless": 0,
        "replay_gain": -7.52521514893,
        "sample_rate": 44100,
        "codec": "mp3",
        "downmix": "mix",
        "md5_encoded": "fb22c67494da3b48c521b1ccc202bf2b"
    },
    "tags": {
        "file_name": "154.mp3"
    },
    "version": {
        "essentia": "2.1-beta2",
        "essentia_git_sha": "v2.1_beta2",
        "extractor": "music 1.0"
    }
},
"rhythm": {
    "beats_count": 129,
    "beats_loudness": {
        "mean": 0.0328387506306,
        "var": 0.000315490207868
    },
    "bpm": 172.265548706,
    "bpm_histogram_first_peak_bpm": {
        "mean": 172,
        "var": 0
    },
    "bpm_histogram_first_peak_spread": {
        "mean": 0,
        "var": 0
    },
    "bpm_histogram_first_peak_weight": {
        "mean": 0.5703125,
        "var": 0
    },
    "bpm_histogram_second_peak_bpm": {
        "mean": 178,
        "var": 0
    },
    "bpm_histogram_second_peak_spread": {
        "mean": 0,
        "var": 0
    },
    "bpm_histogram_second_peak_weight": {
        "mean": 0.1796875,
        "var": 0
    },
    "danceability": 1.03694880009,
    "onset_rate": 2.32791376114,
    "beats_loudness_band_ratio": {
        "mean": [0.29564884305, 0.277407556772, 0.283498644829, 0.158863961697, 0.0385499075055, 0.00667208759114],
        "var": [0.0674743428826, 0.0549682453275, 0.073919147253, 0.0355722606182, 0.00535574508831, 0.000273878831649]
    },
    "beats_position": [0.359909296036, 0.719818592072, 1.06811785698, 1.4164172411, 1.75310659409, 2.10140585899, 2.43809509277, 2.7863945961, 3.12308382988, 3.45977306366, 3.78485250473, 4.14476203918, 4.5046710968, 4.86458063126, 5.22448968887, 5.5727891922, 5.90947818756, 6.24616765976, 6.59446716309, 6.93115615845, 7.26784563065, 7.60453510284, 7.96444416046, 8.31274318695, 8.66104316711, 9.0093421936, 9.35764122009, 9.69433116913, 10.0310201645, 10.379319191, 10.7276191711, 11.0759181976, 11.4242172241, 11.7725172043, 12.1324262619, 12.4923353195, 12.8638544083, 13.2121543884, 13.572063446, 13.9319725037, 14.2802715302, 14.6285715103, 14.9768705368, 15.3251695633, 15.6850786209, 16.0449886322, 16.4048976898, 16.7648067474, 17.1131057739, 17.4614048004, 17.8097057343, 18.1580047607, 18.4946937561, 18.8313827515, 19.1564617157, 19.5279808044, 19.8762817383, 20.2245807648, 20.5728797913, 20.9211788177, 21.2694778442, 21.6177768707, 21.9660758972, 22.3143768311, 22.6626758575, 23.010974884, 23.3592739105, 23.707572937, 24.0558719635, 24.40417099, 24.7524719238, 25.1007709503, 25.4490699768, 25.7973690033, 26.1456680298, 26.4823570251, 26.830657959, 27.1789569855, 27.527256012, 27.8755550385, 28.2354640961, 28.5837631226, 28.932062149, 29.291973114, 29.6518821716, 30.0001811981, 30.3484802246, 30.6967792511, 31.0450782776, 31.3933773041, 31.7416782379, 32.0899772644, 32.4382743835, 32.7865753174, 33.1348762512, 33.4831733704, 33.8198623657, 34.1565513611, 34.5048522949, 34.8531494141, 35.1898422241, 35.5381393433, 35.8864402771, 36.2231292725, 36.5598182678, 36.8848991394, 37.1983680725, 37.5118370056, 37.8253059387, 38.1503829956, 38.4754638672, 38.823764801, 39.1720619202, 39.520362854, 39.8570518494, 40.1937408447, 40.5304298401, 40.8671188354, 41.2154197693, 41.5753288269, 41.923625946, 42.2835350037, 42.6434440613, 43.0033569336, 43.3516540527, 43.6999549866, 44.0482521057, 44.3965530396, 44.7216300964]
},
"tonal": {
    "chords_changes_rate": 0.0679012313485,
    "chords_number_rate": 0.0144032919779,
    "chords_strength": {
        "mean": 0.499375879765,
        "var": 0.0138016296551
    },
    "hpcp_entropy": {
        "mean": 1.68565499783,
        "var": 0.3191832304
    },
    "key_strength": 0.764708638191,
    "tuning_diatonic_strength": 0.520959556103,
    "tuning_equal_tempered_deviation": 0.0227998048067,
    "tuning_frequency": 442.804626465,
    "tuning_nontempered_energy_ratio": 0.641544699669,
    "hpcp": {
        "mean": [0.238813921809, 0.131803542376, 0.0557106845081, 0.091262973845, 0.0904157608747, 0.17172729969, 0.284248292446, 0.239836499095, 0.196987181902, 0.196604087949, 0.111726567149, 0.0619273111224, 0.0824283361435, 0.0571267530322, 0.0551189929247, 0.0825294107199, 0.0535298287868, 0.0398584939539, 0.0536097735167, 0.0506027750671, 0.154322996736, 0.253552496433, 0.138774469495, 0.035939514637, 0.0400161445141, 0.0376079753041, 0.100646518171, 0.158107385039, 0.102646708488, 0.146291255951, 0.236417517066, 0.130276575685, 0.0341548807919, 0.0395988970995, 0.0365932509303, 0.141508132219],
        "var": [0.130635485053, 0.0421275794506, 0.0178563985974, 0.0559959597886, 0.0357587561011, 0.0557266958058, 0.122971981764, 0.08415941149, 0.087832480669, 0.0931525677443, 0.0513814017177, 0.0199928879738, 0.0437915958464, 0.0209114961326, 0.0243121683598, 0.0479940399528, 0.0212754588574, 0.0131321521476, 0.0279754605144, 0.0139797972515, 0.0520575009286, 0.13438333571, 0.044363502413, 0.00960141047835, 0.0167550742626, 0.00946665462106, 0.0389422513545, 0.0821879059076, 0.0329134464264, 0.045696683228, 0.108215361834, 0.0363482199609, 0.0140423150733, 0.0232953932136, 0.0101313507184, 0.0495207160711]
    },
    "chords_histogram": [31.2757205963, 2.46913576126, 6.58436203003, 8.12757205963, 5.96707820892, 0, 1.64609050751, 0.102880656719, 3.08641982079, 5.65843629837, 0, 1.64609050751, 4.52674913406, 0, 0, 0.411522626877, 1.33744859695, 0, 0, 0, 1.33744859695, 0, 16.1522636414, 9.67078208923],
    "thpcp": [1, 0.843757033348, 0.693010985851, 0.691663205624, 0.393059760332, 0.217863440514, 0.28998708725, 0.200974836946, 0.19391143322, 0.29034268856, 0.188320666552, 0.140224218369, 0.188601925969, 0.178023144603, 0.542916178703, 0.892010629177, 0.488215655088, 0.126437053084, 0.140778839588, 0.13230676949, 0.354079574347, 0.556229829788, 0.361116349697, 0.51466012001, 0.831728875637, 0.458319634199, 0.120158612728, 0.1393109411, 0.128736928105, 0.497832834721, 0.840159595013, 0.463691592216, 0.195993036032, 0.321067810059, 0.318087249994, 0.604145407677],
    "chords_key": "E",
    "chords_scale": "minor",
    "key_key": "E",
    "key_scale": "minor"
}
}