{
"lowlevel": {
    "average_loudness": 0.631073057652,
    "barkbands_crest": {
        "mean": 13.1278543472,
        "var": 35.8597831726
    },
    "barkbands_flatness_db": {
        "mean": 0.227362319827,
        "var": 0.00765849184245
    },
    "barkbands_kurtosis": {
        "mean": 24.2922611237,
        "var": 9206.47460938
    },
    "barkbands_skewness": {
        "mean": 2.14771223068,
        "var": 15.5743894577
    },
    "barkbands_spread": {
        "mean": 15.9902629852,
        "var": 362.364044189
    },
    "dissonance": {
        "mean": 0.418406873941,
        "var": 0.00465067755431
    },
    "dynamic_complexity": 3.2994761467,
    "erbbands_crest": {
        "mean": 12.6029930115,
        "var": 32.5052604675
    },
    "erbbands_flatness_db": {
        "mean": 0.214567556977,
        "var": 0.00731368549168
    },
    "erbbands_kurtosis": {
        "mean": 3.08550477028,
        "var": 26.1934776306
    },
    "erbbands_skewness": {
        "mean": 0.264332145452,
        "var": 1.30853426456
    },
    "erbbands_spread": {
        "mean": 38.0927810669,
        "var": 2121.71118164
    },
    "hfc": {
        "mean": 34.2264938354,
        "var": 5039.625
    },
    "melbands_crest": {
        "mean": 18.0116882324,
        "var": 77.9942169189
    },
    "melbands_flatness_db": {
        "mean": 0.321612089872,
        "var": 0.0117233265191
    },
    "melbands_kurtosis": {
        "mean": 96.5437850952,
        "var": 110146.476563
    },
    "melbands_skewness": {
        "mean": 4.03908348083,
        "var": 46.7475471497
    },
    "melbands_spread": {
        "mean": 14.8932237625,
        "var": 390.897094727
    },
    "pitch_salience": {
        "mean": 0.494843244553,
        "var": 0.0400014519691
    },
    "silence_rate_20dB": {
        "mean": 0.961380004883,
        "var": 0.0371275246143
    },
    "silence_rate_30dB": {
        "mean": 0.843975305557,
        "var": 0.131679236889
    },
    "silence_rate_60dB": {
        "mean": 0.100926876068,
        "var": 0.0907406508923
    },
    "spectral_centroid": {
        "mean": 875.530700684,
        "var": 392843.28125
    },
    "spectral_complexity": {
        "mean": 10.9016475677,
        "var": 63.48204422
    },
    "spectral_decrease": {
        "mean": -1.6013213866e-008,
        "var": 9.40803517922e-016
    },
    "spectral_energy": {
        "mean": 0.0635420754552,
        "var": 0.014275030233
    },
    "spectral_energyband_high": {
        "mean": 0.00211359886453,
        "var": 3.66577296518e-005
    },
    "spectral_energyband_low": {
        "mean": 0.0433183684945,
        "var": 0.0121183693409
    },
    "spectral_energyband_middle_high": {
        "mean": 0.00664881896228,
        "var": 6.38245182927e-005
    },
    "spectral_energyband_middle_low": {
        "mean": 0.0129160191864,
        "var": 0.000557948311325
    },
    "spectral_entropy": {
        "mean": 7.04775524139,
        "var": 0.845791399479
    },
    "spectral_flux": {
        "mean": 0.123611494899,
        "var": 0.0124188680202
    },
    "spectral_kurtosis": {
        "mean": 20.1840610504,
        "var": 488.561157227
    },
    "spectral_rms": {
        "mean": 0.00608171243221,
        "var": 2.50050652539e-005
    },
    "spectral_rolloff": {
        "mean": 1211.38659668,
        "var": 4687698
    },
    "spectral_skewness": {
        "mean": 3.07652139664,
        "var": 3.73758244514
    },
    "spectral_spread": {
        "mean": 6062671.5,
        "var": 2.85692835922e+013
    },
    "spectral_strongpeak": {
        "mean": 1.02433359623,
        "var": 1.49893152714
    },
    "zerocrossingrate": {
        "mean": 0.0500239357352,
        "var": 0.00284131523222
    },
    "barkbands": {
        "mean": [0.0025265365839, 0.0364710949361, 0.00318510923535, 0.00298683508299, 0.00520973512903, 0.0012444765307, 0.000789989775512, 0.00108209205791, 0.000837075116578, 0.00327424099669, 0.00218126596883, 0.000557661405765, 0.000318663631333, 0.000292419426842, 0.000125887498143, 0.000116542934848, 8.14233426354e-005, 6.14219388808e-005, 5.53800091438e-005, 6.61177327856e-005, 9.00872182683e-005, 0.000112151436042, 0.000224048009841, 0.000502544280607, 0.00075512874173, 0.000376611627871, 1.75078112079e-005],
        "var": [2.8380578442e-005, 0.0100951334462, 0.000153548680828, 0.000100701312476, 0.000181894225534, 3.42131033904e-006, 3.05640787701e-006, 2.68945314019e-006, 1.89128729744e-006, 2.49761542364e-005, 1.68725000549e-005, 7.38293465474e-007, 1.2240623164e-006, 9.47410001118e-007, 2.99405229498e-007, 2.028127426e-007, 1.38025001206e-007, 7.29591249637e-008, 4.00511055432e-008, 6.93322022016e-008, 1.51177417251e-007, 2.09156283404e-007, 6.4980957859e-007, 2.21102072828e-006, 4.44078659712e-006, 1.82384371783e-006, 3.73354724914e-009]
    },
    "erbbands": {
        "mean": [1.61716639996, 5.90779972076, 4.49985456467, 7.29767084122, 13.7789468765, 18.3391685486, 13.4516706467, 8.9162607193, 11.7198019028, 13.3293037415, 28.4694061279, 17.4906845093, 57.1665687561, 147.88420105, 43.3689689636, 24.8760929108, 15.4988145828, 16.6777229309, 8.37659454346, 6.82321882248, 6.04953765869, 4.52368927002, 3.63913583755, 2.6258354187, 3.05521273613, 2.94874215126, 3.38749647141, 3.83748960495, 3.50010609627, 5.9941239357, 6.20811080933, 7.62716674805, 10.4853162766, 8.44080162048, 4.83903074265, 2.0621445179, 0.667084038258, 0.0887816399336, 0.00237629259937, 0.000149764440721],
        "var": [18.4165782928, 315.367889404, 246.496398926, 618.901428223, 1345.88708496, 3076.64306641, 583.258483887, 229.949935913, 616.277893066, 636.851135254, 1812.8885498, 648.805175781, 5797.5703125, 41451.453125, 4285.05419922, 1267.0748291, 2448.88964844, 3705.98730469, 853.157470703, 797.352050781, 498.812316895, 441.621734619, 267.446716309, 80.2627410889, 145.417800903, 127.903511047, 190.713989258, 306.938323975, 192.012512207, 579.853637695, 449.241485596, 547.735900879, 943.811401367, 547.636962891, 189.06288147, 45.0845146179, 6.56030893326, 0.106945946813, 6.98315998306e-005, 1.26172210457e-007]
    },
    "gfcc": {
        "mean": [-85.4237594604, 114.541648865, -76.8558731079, -8.36953735352, -58.5664405823, 28.3706512451, -28.2889022827, 10.3682641983, -25.4108333588, -6.96403026581, -18.4524078369, 6.46630859375, -3.45552778244],
        "cov": [[21856.3789063, -2633.79272461, 518.698303223, 971.467651367, 228.684265137, 1658.87512207, -80.5475082397, 950.056396484, -140.715515137, 642.983093262, 103.114051819, 250.735931396, 34.0797729492], [-2633.79272461, 4643.72900391, -1283.90124512, -1263.42150879, 118.156806946, -1424.56469727, 43.4922676086, -1029.71557617, 201.546234131, -807.482543945, -237.570953369, -372.733093262, -105.325019836], [518.698303223, -1283.90124512, 2133.39038086, 877.950134277, 211.680709839, 769.73260498, -92.7748184204, 401.452026367, 67.7457046509, 330.617156982, 135.390136719, 39.0490951538, -5.79867887497], [971.467651367, -1263.42150879, 877.950134277, 1006.06011963, 296.914825439, 412.936279297, 7.12351465225, 284.790771484, -20.7240085602, 345.758117676, 128.942932129, 37.7473258972, -29.1248874664], [228.684265137, 118.156806946, 211.680709839, 296.914825439, 408.891113281, 102.967918396, 39.0761756897, 35.4537086487, 51.6991424561, 108.189376831, 52.5371589661, -73.5921096802, -36.1864891052], [1658.87512207, -1424.56469727, 769.73260498, 412.936279297, 102.967918396, 863.638305664, 78.3953170776, 453.085876465, 12.3544139862, 283.331604004, 127.196182251, 113.159912109, 65.086265564], [-80.5475082397, 43.4922676086, -92.7748184204, 7.12351465225, 39.0761756897, 78.3953170776, 217.282012939, 71.917350769, 13.630487442, -22.8690357208, 14.3266716003, 45.4477844238, 28.4116859436], [950.056396484, -1029.71557617, 401.452026367, 284.790771484, 35.4537086487, 453.085876465, 71.917350769, 449.056854248, 15.0595378876, 213.616882324, 98.3537445068, 100.746017456, 58.0741348267], [-140.715515137, 201.546234131, 67.7457046509, -20.7240085602, 51.6991424561, 12.3544139862, 13.630487442, 15.0595378876, 112.58430481, 3.41452097893, 8.08754825592, -12.6473445892, 10.289147377], [642.983093262, -807.482543945, 330.617156982, 345.758117676, 108.189376831, 283.331604004, -22.8690357208, 213.616882324, 3.41452097893, 272.568786621, 91.1158065796, 30.9773826599, 2.30233597755], [103.114051819, -237.570953369, 135.390136719, 128.942932129, 52.5371589661, 127.196182251, 14.3266716003, 98.3537445068, 8.08754825592, 91.1158065796, 93.315322876, 23.9586544037, 16.3498401642], [250.735931396, -372.733093262, 39.0490951538, 37.7473258972, -73.5921096802, 113.159912109, 45.4477844238, 100.746017456, -12.6473445892, 30.9773826599, 23.9586544037, 120.729667664, 52.5200614929], [34.0797729492, -105.325019836, -5.79867887497, -29.1248874664, -36.1864891052, 65.086265564, 28.4116859436, 58.0741348267, 10.289147377, 2.30233597755, 16.3498401642, 52.5200614929, 77.0394134521]],
        "icov": [[7.55523142288e-005, -0.000194522202946, 0.000138602845254, -0.000217358974623, 0.000120148819406, -0.000380165176466, 0.00030189496465, -0.000210319936741, 0.000226489049965, -0.0002043320128, 0.00037806032924, -0.000312383926939, 0.000162302065291], [-0.000194522202946, 0.00275174179114, -0.000895388540812, 0.00227367691696, -0.00224148668349, 0.00299386074767, -0.0022603967227, 0.00214835628867, -0.0029570767656, 0.00343888509087, -0.0031150537543, 0.00320837227628, -0.000961753423326], [0.000138602845254, -0.000895388540812, 0.00151589454617, -0.00178715877701, 0.000939808378462, -0.00210802047513, 0.00181152939331, -0.000850010022987, -1.10892660814e-005, -0.000178544869414, 0.00107583554927, -0.000897837162483, 0.0007386537618], [-0.000217358974623, 0.00227367691696, -0.00178715877701, 0.00501954928041, -0.0033236539457, 0.00328547111712, -0.00265392940491, 0.00168748968281, -0.000746279547457, 0.000192643914488, -0.00277935201302, 0.00134304934181, 0.000105737337435], [0.000120148819406, -0.00224148668349, 0.000939808378462, -0.0033236539457, 0.0067143375054, -0.00282070459798, 0.000276896520518, -0.000888237613253, 0.00039945851313, -0.00342074641958, 0.00119275285397, 0.00131829804741, 0.000697960960679], [-0.000380165176466, 0.00299386074767, -0.00210802047513, 0.00328547111712, -0.00282070459798, 0.00721766846254, -0.00379374646582, 0.000583022716455, -0.0023126679007, 0.00198929314502, -0.00388128729537, 0.00310127646662, -0.00215954543091], [0.00030189496465, -0.0022603967227, 0.00181152939331, -0.00265392940491, 0.000276896520518, -0.00379374646582, 0.00923825893551, -0.00331497564912, 0.00154222466517, 0.000781762413681, 0.00230525480583, -0.00541433133185, 0.0013087738771], [-0.000210319936741, 0.00214835628867, -0.000850010022987, 0.00168748968281, -0.000888237613253, 0.000583022716455, -0.00331497564912, 0.00815758388489, -0.00302491686307, -0.00015952133981, -0.00337218702771, 0.00148525042459, -0.00212056213059], [0.000226489049965, -0.0029570767656, -1.10892660814e-005, -0.000746279547457, 0.00039945851313, -0.0023126679007, 0.00154222466517, -0.00302491686307, 0.0143942059949, -0.00456483848393, 0.00321075296961, -0.00233638007194, -0.00144763709977], [-0.0002043320128, 0.00343888509087, -0.000178544869414, 0.000192643914488, -0.00342074641958, 0.00198929314502, 0.000781762413681, -0.00015952133981, -0.00456483848393, 0.01619050093, -0.00823965482414, 0.00356544577517, 0.000839621876366], [0.00037806032924, -0.0031150537543, 0.00107583554927, -0.00277935201302, 0.00119275285397, -0.00388128729537, 0.00230525480583, -0.00337218702771, 0.00321075296961, -0.00823965482414, 0.0217140875757, -0.00483849551529, -0.00135691242758], [-0.000312383926939, 0.00320837227628, -0.000897837162483, 0.00134304934181, 0.00131829804741, 0.00310127646662, -0.00541433133185, 0.00148525042459, -0.00233638007194, 0.00356544577517, -0.00483849551529, 0.0213192719966, -0.0094606494531], [0.000162302065291, -0.000961753423326, 0.0007386537618, 0.000105737337435, 0.000697960960679, -0.00215954543091, 0.0013087738771, -0.00212056213059, -0.00144763709977, 0.000839621876366, -0.00135691242758, -0.0094606494531, 0.0218632873148]]
    },
    "melbands": {
        "mean": [0.0119468225166, 0.00405361875892, 0.00143877149094, 0.00120952422731, 0.000552337500267, 0.000214469255297, 0.000175222856342, 0.000155980422278, 0.000235311759752, 0.000105763792817, 0.000288352282951, 0.000604059023317, 0.000198152047233, 7.0444191806e-005, 4.42954442406e-005, 3.19318642141e-005, 3.07252048515e-005, 1.41806312968e-005, 9.13463009056e-006, 8.69505493029e-006, 6.6955294642e-006, 4.708081633e-006, 4.06727485824e-006, 2.62666435447e-006, 2.02415185413e-006, 2.15922727875e-006, 2.27390728469e-006, 1.87533976259e-006, 2.04638536161e-006, 2.30518026001e-006, 2.15451223085e-006, 1.96762812266e-006, 2.15130171455e-006, 3.95234974349e-006, 3.57560406883e-006, 3.82258986065e-006, 4.81883580505e-006, 6.93545916874e-006, 8.06220396043e-006, 6.91176728651e-006],
        "var": [0.00104860484134, 0.000145857367897, 2.13562816498e-005, 1.04473028841e-005, 1.57712975124e-006, 1.23538114849e-007, 1.4119638081e-007, 7.42737782389e-008, 1.29117808001e-007, 2.51056473388e-008, 1.58968248343e-007, 7.01505314282e-007, 1.1173587211e-007, 1.25349286506e-008, 8.04066946358e-009, 1.60905848645e-008, 1.12243014883e-008, 2.45797049381e-009, 1.74963699084e-009, 1.17462828353e-009, 6.47818465538e-010, 5.0973447685e-010, 3.75521724827e-010, 1.40314301844e-010, 4.76831456264e-011, 6.68463409625e-011, 9.92097237695e-011, 4.95846592952e-011, 7.32717359009e-011, 1.11802976599e-010, 9.8314863195e-011, 7.20791967779e-011, 6.73925568129e-011, 2.68337102538e-010, 1.642822961e-010, 1.49438114661e-010, 2.15781295609e-010, 4.45020381656e-010, 5.1243326249e-010, 3.73874320392e-010]
    },
    "mfcc": {
        "mean": [-741.308532715, 160.066070557, 32.5072784424, -12.3631677628, 1.1629332304, 6.04949426651, 7.24981021881, 14.6374998093, 7.80253839493, -4.07011699677, -6.88533687592, -2.43731188774, -1.46462595463],
        "cov": [[16278.0537109, -974.725585938, -88.1984939575, -526.386291504, 337.931976318, 366.360290527, 625.585571289, 359.482666016, 240.757125854, 218.808929443, 198.703323364, 168.622879028, 145.340240479], [-974.725585938, 4939.76757813, -1245.54394531, -164.878860474, -604.77947998, -290.784332275, -846.224121094, -138.694763184, -219.918533325, -400.58605957, -413.85345459, -235.961730957, -270.020263672], [-88.1984939575, -1245.54394531, 1791.61291504, 139.770187378, 616.696350098, 270.029449463, 334.693115234, 133.903610229, 139.849807739, 206.938995361, 209.648147583, 104.562690735, 119.578086853], [-526.386291504, -164.878860474, 139.770187378, 689.553039551, 204.638076782, 107.206832886, 50.4499092102, -88.9055099487, -58.0988388062, 64.5523986816, 70.9857025146, 18.1232185364, 18.4103317261], [337.931976318, -604.77947998, 616.696350098, 204.638076782, 581.289794922, 223.330047607, 234.883682251, -10.3739032745, 75.7229003906, 180.439178467, 188.227478027, 80.2612838745, 82.9858779907], [366.360290527, -290.784332275, 270.029449463, 107.206832886, 223.330047607, 269.290710449, 155.092285156, 31.8403015137, 34.5578804016, 82.8313064575, 84.0902633667, 34.1438865662, 36.6546554565], [625.585571289, -846.224121094, 334.693115234, 50.4499092102, 234.883682251, 155.092285156, 392.175323486, 119.882484436, 107.087020874, 134.323272705, 147.952484131, 92.0681533813, 93.9803085327], [359.482666016, -138.694763184, 133.903610229, -88.9055099487, -10.3739032745, 31.8403015137, 119.882484436, 211.324279785, 103.35874939, 17.4691314697, 11.5896234512, 37.4314575195, 35.4985618591], [240.757125854, -219.918533325, 139.849807739, -58.0988388062, 75.7229003906, 34.5578804016, 107.087020874, 103.35874939, 141.186523438, 65.8704605103, 42.0003509521, 37.5414505005, 54.3700447083], [218.808929443, -400.58605957, 206.938995361, 64.5523986816, 180.439178467, 82.8313064575, 134.323272705, 17.4691314697, 65.8704605103, 142.987182617, 114.336654663, 43.1709938049, 41.1598587036], [198.703323364, -413.85345459, 209.648147583, 70.9857025146, 188.227478027, 84.0902633667, 147.952484131, 11.5896234512, 42.0003509521, 114.336654663, 146.408493042, 64.3857879639, 40.8316307068], [168.622879028, -235.961730957, 104.562690735, 18.1232185364, 80.2612838745, 34.1438865662, 92.0681533813, 37.4314575195, 37.5414505005, 43.1709938049, 64.3857879639, 78.3552093506, 48.8433647156], [145.340240479, -270.020263672, 119.578086853, 18.4103317261, 82.9858779907, 36.6546554565, 93.9803085327, 35.4985618591, 54.3700447083, 41.1598587036, 40.8316307068, 48.8433647156, 93.0696411133]],
        "icov": [[7.18915907783e-005, 2.37884137277e-006, 5.19932473253e-005, 7.5892690802e-005, -6.65456318529e-005, -6.82966201566e-005, -7.36092188163e-005, -9.4732567959e-005, 6.87211504555e-005, -8.22029760457e-005, 7.15949645382e-005, -5.24144015799e-005, 1.82017231509e-006], [2.37884137277e-006, 0.000385232502595, 0.000184764809092, -1.47209557326e-005, -0.000237490909058, -0.000148361039464, 0.000730271451175, -0.000330512353685, -0.000110772482003, 0.000410472828662, 0.000100476587249, 4.25811049354e-005, 0.000355061027221], [5.19932473253e-005, 0.000184764809092, 0.0010962577071, 0.000102820828033, -0.00120315223467, -0.000154552064487, 0.00032148900209, -0.00100290041883, 0.000279741507256, 2.48427641054e-005, 4.71620151075e-005, 0.000235479077674, -0.000101102996268], [7.5892690802e-005, -1.47209557326e-005, 0.000102820828033, 0.00193480518647, -0.000581728003453, -0.000403245561756, -7.92592618382e-005, 0.000136044211104, 0.00145748339128, -0.000854785030242, 0.000262119428953, -0.000129356616526, -0.000490927312057], [-6.65456318529e-005, -0.000237490909058, -0.00120315223467, -0.000581728003453, 0.00548400310799, -0.00170809926931, -0.000702145916875, 0.00253651896492, -0.00150267337449, -0.00117291742936, -0.00248524779454, -0.000169783670572, -0.000823770125862], [-6.82966201566e-005, -0.000148361039464, -0.000154552064487, -0.000403245561756, -0.00170809926931, 0.00630011875182, -0.00157059542835, -0.000863997731358, 0.00110567593947, -0.000747154117562, 0.000135219306685, 0.00103777216282, -7.59183785703e-006], [-7.36092188163e-005, 0.000730271451175, 0.00032148900209, -7.92592618382e-005, -0.000702145916875, -0.00157059542835, 0.00789873488247, -0.00335975410417, 3.21752049786e-005, -0.000116812625492, -0.00344027229585, -0.000235487692407, -0.00194785441272], [-9.4732567959e-005, -0.000330512353685, -0.00100290041883, 0.000136044211104, 0.00253651896492, -0.000863997731358, -0.00335975410417, 0.0112004112452, -0.00759914936498, 0.0024062001612, 0.00148465717211, -0.00333932391368, 0.00212615332566], [6.87211504555e-005, -0.000110772482003, 0.000279741507256, 0.00145748339128, -0.00150267337449, 0.00110567593947, 3.21752049786e-005, -0.00759914936498, 0.01861204952, -0.00939648970962, 0.00391906080768, 0.000114652888442, -0.00580292800441], [-8.22029760457e-005, 0.000410472828662, 2.48427641054e-005, -0.000854785030242, -0.00117291742936, -0.000747154117562, -0.000116812625492, 0.0024062001612, -0.00939648970962, 0.02663882263, -0.0172845218331, 0.0060497703962, 0.000113191985292], [7.15949645382e-005, 0.000100476587249, 4.71620151075e-005, 0.000262119428953, -0.00248524779454, 0.000135219306685, -0.00344027229585, 0.00148465717211, 0.00391906080768, -0.0172845218331, 0.0308748707175, -0.0148275224492, 0.00472831167281], [-5.24144015799e-005, 4.25811049354e-005, 0.000235479077674, -0.000129356616526, -0.000169783670572, 0.00103777216282, -0.000235487692407, -0.00333932391368, 0.000114652888442, 0.0060497703962, -0.0148275224492, 0.029762500897, -0.0106742456555], [1.82017231509e-006, 0.000355061027221, -0.000101102996268, -0.000490927312057, -0.000823770125862, -7.59183785703e-006, -0.00194785441272, 0.00212615332566, -0.00580292800441, 0.000113191985292, 0.00472831167281, -0.0106742456555, 0.0207598190755]]
    },
    "spectral_contrast_coeffs": {
        "mean": [-0.634748578072, -0.778661549091, -0.752971768379, -0.80391472578, -0.827371001244, -0.826095998287],
        "var": [0.0104502188042, 0.00413554441184, 0.00695565063506, 0.00289374147542, 0.00166875566356, 0.00116438185796]
    },
    "spectral_contrast_valleys": {
        "mean": [-7.67242240906, -6.96977901459, -7.33927822113, -8.73659706116, -9.24566745758, -10.9785757065],
        "var": [2.45547509193, 2.00631976128, 2.05202388763, 2.09821867943, 2.34295296669, 3.90474200249]
    }
},
"metadata": {
    "audio_properties": {
        "analysis_sample_rate": 44100,
        "bit_rate": 128074,
        "equal_loudness": 0,
        "length": 45.0612258911,
        "lossless": 0,
        "replay_gain": -6.44347381592,
        "sample_rate": 44100,
        "codec": "mp3",
        "downmix": "mix",
        "md5_encoded": "d0a51e068e9526ba36e56ae6292d2799"
    },
    "tags": {
        "file_name": "1540.mp3"
    },
    "version": {
        "essentia": "2.1-beta2",
        "essentia_git_sha": "v2.1_beta2",
        "extractor": "music 1.0"
    }
},
"rhythm": {
    "beats_count": 82,
    "beats_loudness": {
        "mean": 0.100958257914,
        "var": 0.0241552051157
    },
    "bpm": 110.736991882,
    "bpm_histogram_first_peak_bpm": {
        "mean": 112,
        "var": 0
    },
    "bpm_histogram_first_peak_spread": {
        "mean": 0.538461565971,
        "var": 0
    },
    "bpm_histogram_first_peak_weight": {
        "mean": 0.444444447756,
        "var": 0
    },
    "bpm_histogram_second_peak_bpm": {
        "mean": 103,
        "var": 0
    },
    "bpm_histogram_second_peak_spread": {
        "mean": 0.333333343267,
        "var": 0
    },
    "bpm_histogram_second_peak_weight": {
        "mean": 0.0246913582087,
        "var": 0
    },
    "danceability": 1.19150459766,
    "onset_rate": 7.07606697083,
    "beats_loudness_band_ratio": {
        "mean": [0.441876202822, 0.193002656102, 0.1334554106, 0.220231026411, 0.0135824158788, 0.0442178212106],
        "var": [0.10767223686, 0.0235061552376, 0.0235090646893, 0.051475327462, 0.000898228841834, 0.00529244914651]
    },
    "beats_position": [0.545668900013, 1.09133780003, 1.62539684772, 2.17106580734, 2.71673464775, 3.26240348816, 3.80807256699, 4.35374164581, 4.91102027893, 5.46829938889, 6.03718805313, 6.59446716309, 7.14013576508, 7.6858048439, 8.24308395386, 8.80036258698, 9.35764122009, 9.93814086914, 10.4954195023, 11.0526981354, 11.6099767685, 12.1556463242, 12.7013149261, 13.2585935593, 13.8390922546, 14.3963718414, 14.9420404434, 15.4877090454, 16.0217685699, 16.5558280945, 17.0898857117, 17.6239452362, 18.1580047607, 18.7036724091, 19.2493419647, 19.7834014893, 20.3174591064, 20.851518631, 21.3855781555, 21.9312477112, 22.4769153595, 23.010974884, 23.5450344086, 24.0790920258, 24.6131515503, 25.158821106, 25.7044887543, 26.2385482788, 26.7726078033, 27.3066654205, 27.8407249451, 28.3863945007, 28.932062149, 29.4661216736, 30.0001811981, 30.5342407227, 31.0682983398, 31.6139678955, 32.1596374512, 32.6936950684, 33.2277526855, 33.7618141174, 34.2958717346, 34.8415412903, 35.3872108459, 35.9212684631, 36.455329895, 37.000995636, 37.5466651917, 38.0807266235, 38.6147842407, 39.1488418579, 39.6829032898, 40.216960907, 40.7626304626, 41.2966880798, 41.8423576355, 42.3764152527, 42.9104766846, 43.4561424255, 44.0018119812, 44.5474815369]
},
"tonal": {
    "chords_changes_rate": 0.100823044777,
    "chords_number_rate": 0.00617283955216,
    "chords_strength": {
        "mean": 0.500370025635,
        "var": 0.0117444181815
    },
    "hpcp_entropy": {
        "mean": 2.14547228813,
        "var": 0.408136367798
    },
    "key_strength": 0.547886550426,
    "tuning_diatonic_strength": 0.549547553062,
    "tuning_equal_tempered_deviation": 0.211504086852,
    "tuning_frequency": 434.193115234,
    "tuning_nontempered_energy_ratio": 0.884813427925,
    "hpcp": {
        "mean": [0.223090693355, 0.20603774488, 0.15154466033, 0.211027532816, 0.260867446661, 0.161005869508, 0.075208067894, 0.072710968554, 0.0806133151054, 0.108905851841, 0.122779376805, 0.0849509984255, 0.0500908195972, 0.0452718250453, 0.0755473747849, 0.145202338696, 0.157820478082, 0.132362678647, 0.149206325412, 0.143190830946, 0.0918108448386, 0.0511390641332, 0.0418043583632, 0.0994776710868, 0.156711161137, 0.0982386246324, 0.0409097783267, 0.0389932617545, 0.0363409258425, 0.0818239524961, 0.206882834435, 0.278474211693, 0.261794537306, 0.230429947376, 0.181354597211, 0.175134092569],
        "var": [0.102190621197, 0.0974377840757, 0.0535995066166, 0.0879517793655, 0.114461652935, 0.0643331632018, 0.0192812979221, 0.0268185902387, 0.0258431471884, 0.0331663154066, 0.0473479665816, 0.0304424576461, 0.0145966354758, 0.0127837406471, 0.0188168399036, 0.0414632894099, 0.0439416579902, 0.0456983298063, 0.0579334385693, 0.0522642098367, 0.0270964205265, 0.0137951299548, 0.0114813540131, 0.0370524004102, 0.100607693195, 0.0364864878356, 0.0118304099888, 0.0128178782761, 0.00716404756531, 0.0184207297862, 0.0645581334829, 0.0926728025079, 0.10841486603, 0.104753561318, 0.0822445452213, 0.0758453011513]
    },
    "chords_histogram": [44.9588470459, 8.64197540283, 6.27572011948, 15.0205764771, 0, 0, 0, 0, 0, 0, 0, 0, 0, 0, 0, 0, 0, 0, 0.720164597034, 0, 0.720164597034, 1.02880656719, 0, 22.6337451935],
    "thpcp": [1, 0.94010335207, 0.827473223209, 0.651243805885, 0.628905951977, 0.801117956638, 0.739880859852, 0.544196367264, 0.757799208164, 0.936774134636, 0.578171551228, 0.270071923733, 0.261104851961, 0.289482146502, 0.3910805583, 0.440900355577, 0.305058777332, 0.179875969887, 0.162570983171, 0.271290391684, 0.521421134472, 0.566732823849, 0.475313961506, 0.535799443722, 0.514197826385, 0.329692453146, 0.183640211821, 0.150119319558, 0.357223987579, 0.562749266624, 0.352774590254, 0.146906882524, 0.140024676919, 0.130500152707, 0.29382956028, 0.742915570736],
    "chords_key": "G",
    "chords_scale": "minor",
    "key_key": "G",
    "key_scale": "minor"
}
}