{
"lowlevel": {
    "average_loudness": 0.865716814995,
    "barkbands_crest": {
        "mean": 18.0541286469,
        "var": 36.5196876526
    },
    "barkbands_flatness_db": {
        "mean": 0.331658065319,
        "var": 0.0286457389593
    },
    "barkbands_kurtosis": {
        "mean": 32.912902832,
        "var": 3395.11474609
    },
    "barkbands_skewness": {
        "mean": 3.99096679688,
        "var": 6.62671041489
    },
    "barkbands_spread": {
        "mean": 8.0492067337,
        "var": 122.703689575
    },
    "dissonance": {
        "mean": 0.44362911582,
        "var": 0.00337300496176
    },
    "dynamic_complexity": 3.43052077293,
    "erbbands_crest": {
        "mean": 11.3534832001,
        "var": 23.6957378387
    },
    "erbbands_flatness_db": {
        "mean": 0.222792953253,
        "var": 0.0109963165596
    },
    "erbbands_kurtosis": {
        "mean": 2.78146290779,
        "var": 58.3890113831
    },
    "erbbands_skewness": {
        "mean": 0.92423504591,
        "var": 1.54884457588
    },
    "erbbands_spread": {
        "mean": 38.4836273193,
        "var": 843.532714844
    },
    "hfc": {
        "mean": 9.02485084534,
        "var": 187.166244507
    },
    "melbands_crest": {
        "mean": 22.2229156494,
        "var": 51.4368515015
    },
    "melbands_flatness_db": {
        "mean": 0.433050990105,
        "var": 0.0414425805211
    },
    "melbands_kurtosis": {
        "mean": 52.8431282043,
        "var": 5787.53369141
    },
    "melbands_skewness": {
        "mean": 4.75016641617,
        "var": 9.00858020782
    },
    "melbands_spread": {
        "mean": 6.45222377777,
        "var": 101.094306946
    },
    "pitch_salience": {
        "mean": 0.366534739733,
        "var": 0.0356128588319
    },
    "silence_rate_20dB": {
        "mean": 1,
        "var": 0
    },
    "silence_rate_30dB": {
        "mean": 0.919155538082,
        "var": 0.0743084922433
    },
    "silence_rate_60dB": {
        "mean": 0.0514933057129,
        "var": 0.0488435141742
    },
    "spectral_centroid": {
        "mean": 734.222229004,
        "var": 448946.46875
    },
    "spectral_complexity": {
        "mean": 8.62255382538,
        "var": 61.7804527283
    },
    "spectral_decrease": {
        "mean": -1.21720713508e-008,
        "var": 1.07944204585e-016
    },
    "spectral_energy": {
        "mean": 0.0467587076128,
        "var": 0.00158523139544
    },
    "spectral_energyband_high": {
        "mean": 0.000311645650072,
        "var": 9.61153546086e-007
    },
    "spectral_energyband_low": {
        "mean": 0.0366618484259,
        "var": 0.00109809148125
    },
    "spectral_energyband_middle_high": {
        "mean": 0.000917173281778,
        "var": 6.91570767231e-006
    },
    "spectral_energyband_middle_low": {
        "mean": 0.00992633122951,
        "var": 0.000280220003333
    },
    "spectral_entropy": {
        "mean": 6.67884540558,
        "var": 1.27739739418
    },
    "spectral_flux": {
        "mean": 0.0651815608144,
        "var": 0.00382310920395
    },
    "spectral_kurtosis": {
        "mean": 71.143119812,
        "var": 17596.3339844
    },
    "spectral_rms": {
        "mean": 0.00615041004494,
        "var": 7.79073434387e-006
    },
    "spectral_rolloff": {
        "mean": 405.839416504,
        "var": 758557.4375
    },
    "spectral_skewness": {
        "mean": 4.37152099609,
        "var": 28.1233062744
    },
    "spectral_spread": {
        "mean": 3541082.5,
        "var": 5.51833881805e+012
    },
    "spectral_strongpeak": {
        "mean": 0.503994882107,
        "var": 0.160316288471
    },
    "zerocrossingrate": {
        "mean": 0.0212711598724,
        "var": 0.000749077647924
    },
    "barkbands": {
        "mean": [0.00145948363934, 0.0317601189017, 0.00240344181657, 0.00230669090524, 0.00218825833872, 0.00389202754013, 0.00115947937593, 0.00016007036902, 0.000182335003046, 0.000114677881356, 8.5590640083e-005, 0.000129728199681, 9.65833096416e-005, 6.75351620885e-005, 8.34294987726e-005, 8.06421594461e-005, 6.77932912367e-005, 6.66907144478e-005, 8.61658045324e-005, 0.000116056246043, 7.88787874626e-005, 5.67792158108e-005, 4.35373003711e-005, 3.29343456542e-005, 2.23180868488e-005, 1.60617000802e-005, 1.51192614339e-006],
        "var": [4.84755037178e-006, 0.000817239342723, 3.57160897693e-005, 8.26812756713e-005, 1.84210803127e-005, 4.77887988382e-005, 5.37703090231e-006, 3.83454050734e-007, 4.04813988553e-007, 9.33900565769e-008, 6.07774381933e-008, 2.13020555861e-007, 8.9111630075e-008, 5.48058309846e-008, 2.11945391015e-007, 1.19966301781e-007, 6.73562325915e-008, 3.79164930564e-008, 5.43591163193e-008, 1.2841465491e-007, 6.80471075043e-008, 3.57490890224e-008, 3.04397147488e-008, 1.199624311e-008, 6.7168484108e-009, 4.47641612666e-009, 5.19258976095e-011]
    },
    "erbbands": {
        "mean": [1.19763851166, 5.92911195755, 4.2899928093, 5.22496700287, 6.95102739334, 7.1764330864, 13.6148233414, 39.0833740234, 28.5655479431, 6.9248919487, 3.69373631477, 4.03783798218, 3.7545440197, 3.65424585342, 4.09724092484, 5.37194347382, 4.57575750351, 3.4817006588, 4.14694786072, 4.79191350937, 4.12021923065, 3.77338933945, 3.63583087921, 3.96003818512, 4.75536203384, 5.52468919754, 3.77026510239, 2.96633720398, 2.05931186676, 1.57565832138, 1.23720610142, 0.74956035614, 0.527151405811, 0.254531264305, 0.158338367939, 0.0809362754226, 0.0265274439007, 0.00551949022338, 0.000165114397532, 5.53274076083e-005],
        "var": [1.48639297485, 31.2461051941, 62.3125534058, 309.663696289, 393.972869873, 273.958129883, 559.680664063, 5559.97851563, 2577.31640625, 256.380584717, 240.175796509, 216.607513428, 99.0365524292, 100.73260498, 162.687133789, 323.198669434, 191.215255737, 130.755310059, 297.577392578, 806.339111328, 268.606689453, 179.942214966, 109.270301819, 113.11139679, 174.552154541, 297.735321045, 146.807327271, 106.466575623, 49.1120109558, 30.1176357269, 27.3553066254, 6.75294303894, 3.18223071098, 0.9058406353, 0.321679860353, 0.109160073102, 0.0121961683035, 0.000605636218097, 4.22694682811e-007, 2.57890242494e-009]
    },
    "gfcc": {
        "mean": [-120.37462616, 154.062988281, -62.4085083008, 42.7723312378, -45.974937439, 6.3558716774, -21.3994464874, 0.442655682564, -10.7798166275, 6.13643741608, 12.5095796585, 5.32230186462, 6.12748670578],
        "cov": [[14316.6552734, -5628.68066406, -4099.91503906, 3301.4831543, -1360.42492676, 368.23538208, -1208.984375, 735.735229492, -874.719604492, 148.132385254, -956.669067383, -31.7802848816, -556.74407959], [-5628.68066406, 4205.07958984, 1575.36254883, -2120.61645508, 1105.88415527, -104.084030151, 792.18170166, -511.186187744, 578.34588623, -212.358291626, 566.201782227, -83.2219924927, 354.488128662], [-4099.91503906, 1575.36254883, 2831.6875, -1382.69482422, 531.184753418, 66.9616546631, 470.612670898, -43.9658737183, 211.217071533, 198.383743286, 191.758956909, 248.062149048, 63.8650360107], [3301.4831543, -2120.61645508, -1382.69482422, 2087.05004883, -623.743896484, 23.6814460754, -224.790512085, 297.765014648, -192.030319214, -50.600933075, -145.8621521, -169.785736084, -68.3887786865], [-1360.42492676, 1105.88415527, 531.184753418, -623.743896484, 705.612182617, 87.6702423096, 280.420928955, -82.7005233765, 175.699890137, -23.8209915161, 97.1078720093, 21.8459777832, 70.9840316772], [368.23538208, -104.084030151, 66.9616546631, 23.6814460754, 87.6702423096, 188.375320435, 33.9122123718, 62.0981025696, -12.9676856995, 5.14681911469, -45.1746292114, 8.93365478516, -20.2041397095], [-1208.984375, 792.18170166, 470.612670898, -224.790512085, 280.420928955, 33.9122123718, 344.997711182, -20.7253341675, 153.462478638, -41.9353103638, 141.741073608, -36.0384521484, 91.9781341553], [735.735229492, -511.186187744, -43.9658737183, 297.765014648, -82.7005233765, 62.0981025696, -20.7253341675, 171.919113159, -40.3931388855, 37.0651435852, -89.9050979614, 5.55474996567, -53.4491157532], [-874.719604492, 578.34588623, 211.217071533, -192.030319214, 175.699890137, -12.9676856995, 153.462478638, -40.3931388855, 171.260055542, -5.97584819794, 128.831085205, -16.6620006561, 69.3600921631], [148.132385254, -212.358291626, 198.383743286, -50.600933075, -23.8209915161, 5.14681911469, -41.9353103638, 37.0651435852, -5.97584819794, 167.502151489, 37.7067184448, 100.023925781, -24.0889911652], [-956.669067383, 566.201782227, 191.758956909, -145.8621521, 97.1078720093, -45.1746292114, 141.741073608, -89.9050979614, 128.831085205, 37.7067184448, 250.808914185, 28.7863101959, 105.402488708], [-31.7802848816, -83.2219924927, 248.062149048, -169.785736084, 21.8459777832, 8.93365478516, -36.0384521484, 5.55474996567, -16.6620006561, 100.023925781, 28.7863101959, 140.403945923, 0.902840018272], [-556.74407959, 354.488128662, 63.8650360107, -68.3887786865, 70.9840316772, -20.2041397095, 91.9781341553, -53.4491157532, 69.3600921631, -24.0889911652, 105.402488708, 0.902840018272, 110.548309326]],
        "icov": [[0.000345436972566, -0.000368760840502, 0.000502141658217, -0.00046478913282, 0.000211677819607, -0.000572104007006, -6.33596791886e-005, -0.000294493453111, 0.000448286300525, -0.00086860707961, 0.00103267631494, -0.00113414251246, 0.00056851701811], [-0.000368760840502, 0.00405643135309, -0.000975292525254, 0.00305890431628, -0.0016076953616, 0.00137893098872, -0.0013181604445, 0.00185027054977, -0.00240025017411, 0.00403670314699, -0.00482692196965, 0.00533704878762, -0.00218899268657], [0.000502141658217, -0.000975292525254, 0.00168087193742, -0.00054117460968, 0.000759582675528, -0.000888160604518, -0.00154958851635, -0.000701016804669, 0.000757340982091, -0.00227449694648, 0.00244216690771, -0.00331959896721, 0.00137856998481], [-0.00046478913282, 0.00305890431628, -0.00054117460968, 0.00383659428917, -0.000760228664149, 0.00128138554282, -0.000836620747577, -0.00119481957518, -0.000817268271931, 0.00329678901471, -0.00513695646077, 0.00579670956358, -0.00254108780064], [0.000211677819607, -0.0016076953616, 0.000759582675528, -0.000760228664149, 0.00400751968846, -0.00205988157541, -0.00204378203489, 0.000856806349475, -0.00135753233917, -0.00183094001841, 0.00381170958281, -0.00386408576742, 0.00132725865114], [-0.000572104007006, 0.00137893098872, -0.000888160604518, 0.00128138554282, -0.00205988157541, 0.00832388643175, -0.000857352744788, -0.00193919171579, 0.000341376668075, 0.00233498588204, -0.00211656838655, 0.00227206619456, -0.00108333001845], [-6.33596791886e-005, -0.0013181604445, -0.00154958851635, -0.000836620747577, -0.00204378203489, -0.000857352744788, 0.0117857083678, -0.00542615400627, -7.01373501215e-005, 0.00210286746733, -0.00421625934541, 0.00391685636714, -0.0024981116876], [-0.000294493453111, 0.00185027054977, -0.000701016804669, -0.00119481957518, 0.000856806349475, -0.00193919171579, -0.00542615400627, 0.0179023221135, -0.00565976835787, -0.0025400086306, 0.00605963915586, -0.00140297599137, 0.00174670037813], [0.000448286300525, -0.00240025017411, 0.000757340982091, -0.000817268271931, -0.00135753233917, 0.000341376668075, -7.01373501215e-005, -0.00565976835787, 0.0179217960685, -0.00353411678225, -0.00375234242529, 0.00216931290925, -0.00118735292926], [-0.00086860707961, 0.00403670314699, -0.00227449694648, 0.00329678901471, -0.00183094001841, 0.00233498588204, 0.00210286746733, -0.0025400086306, -0.00353411678225, 0.0199428219348, -0.0118393814191, -0.00123767449986, 0.00252089533024], [0.00103267631494, -0.00482692196965, 0.00244216690771, -0.00513695646077, 0.00381170958281, -0.00211656838655, -0.00421625934541, 0.00605963915586, -0.00375234242529, -0.0118393814191, 0.0224879309535, -0.011543805711, -0.00187883444596], [-0.00113414251246, 0.00533704878762, -0.00331959896721, 0.00579670956358, -0.00386408576742, 0.00227206619456, 0.00391685636714, -0.00140297599137, 0.00216931290925, -0.00123767449986, -0.011543805711, 0.0279865022749, -0.00921561196446], [0.00056851701811, -0.00218899268657, 0.00137856998481, -0.00254108780064, 0.00132725865114, -0.00108333001845, -0.0024981116876, 0.00174670037813, -0.00118735292926, 0.00252089533024, -0.00187883444596, -0.00921561196446, 0.0215935483575]]
    },
    "melbands": {
        "mean": [0.00975041650236, 0.00415453640744, 0.000995319220237, 0.000470393599244, 0.000441279262304, 0.00082720478531, 0.000413558707805, 5.74417717871e-005, 3.01166874124e-005, 2.51401015703e-005, 1.83516422112e-005, 1.45981721289e-005, 1.24688704091e-005, 1.46201009557e-005, 1.27924131448e-005, 8.53126948641e-006, 6.09074913882e-006, 6.68849224894e-006, 6.00716703048e-006, 6.16276565779e-006, 4.65739503852e-006, 4.03673129767e-006, 3.2348118566e-006, 3.25760106534e-006, 3.13132136398e-006, 3.35900563186e-006, 3.69819304069e-006, 3.65822097592e-006, 2.50867469731e-006, 1.93511777979e-006, 1.61287778155e-006, 1.19357832773e-006, 1.02639830857e-006, 7.85364477451e-007, 7.49200182781e-007, 5.60378396131e-007, 4.16957192328e-007, 4.00392508482e-007, 2.6593627922e-007, 1.99159060799e-007],
        "var": [8.13032893348e-005, 2.2239601094e-005, 1.08508938865e-005, 1.25282656427e-006, 5.51236951196e-007, 2.35165566664e-006, 5.58701572118e-007, 2.33232579916e-008, 1.82744113175e-008, 7.65212249121e-009, 2.31828400921e-009, 1.60078406086e-009, 1.41196032644e-009, 2.20413198804e-009, 2.01441907599e-009, 6.81859790852e-010, 4.17383017037e-010, 7.39853400766e-010, 1.22766319333e-009, 1.00923802648e-009, 3.41216666033e-010, 2.35569619367e-010, 1.02060214446e-010, 8.84064071949e-011, 7.34685368098e-011, 8.41361910697e-011, 1.21424426069e-010, 1.41900088901e-010, 6.51424816867e-011, 4.52274086238e-011, 3.43418488091e-011, 1.6646127185e-011, 1.2493742152e-011, 8.27109908341e-012, 1.0812721378e-011, 4.53828077548e-012, 2.08992198547e-012, 1.78545405457e-012, 1.15963987544e-012, 5.8026310536e-013]
    },
    "mfcc": {
        "mean": [-763.03112793, 162.864364624, 48.6142425537, 46.3857574463, 7.24317026138, 12.7083368301, 9.18717098236, 2.49047017097, -6.16829919815, 0.0617416203022, 1.03943121433, 9.65612792969, 10.6007442474],
        "cov": [[12828.6240234, -4325.51660156, -3411.07055664, 927.291503906, 84.3368988037, -173.334213257, -480.793548584, -96.5155944824, -45.0526885986, 179.319824219, -302.285461426, -350.494354248, -470.652770996], [-4325.51660156, 3398.34204102, 833.964416504, -836.934326172, 92.4482421875, 246.525253296, 273.858795166, 107.265319824, 53.6107330322, -69.6062469482, 135.119537354, 119.78502655, 202.008499146], [-3411.07055664, 833.964416504, 1971.95202637, -216.58380127, -88.457244873, 51.1929092407, 213.576339722, 58.9207305908, 69.0265426636, -39.3242607117, 125.169723511, 179.312805176, 205.745101929], [927.291503906, -836.934326172, -216.58380127, 672.204223633, 38.2723350525, -13.0702781677, 32.5413551331, 51.7076301575, 39.5554580688, 86.2914047241, -4.58463907242, 4.5258808136, -55.5424842834], [84.3368988037, 92.4482421875, -88.457244873, 38.2723350525, 207.977462769, 93.5424118042, 49.7681236267, 56.9983673096, 50.7071876526, 26.2736053467, 17.6861057281, -2.91566896439, 1.50721037388], [-173.334213257, 246.525253296, 51.1929092407, -13.0702781677, 93.5424118042, 152.96723938, 98.6106796265, 53.5148124695, 33.7174034119, 18.9215888977, 29.6568832397, 30.6125049591, 24.0606212616], [-480.793548584, 273.858795166, 213.576339722, 32.5413551331, 49.7681236267, 98.6106796265, 176.381103516, 90.4245376587, 60.0910339355, 27.5860309601, 44.3680763245, 40.0321540833, 32.2797279358], [-96.5155944824, 107.265319824, 58.9207305908, 51.7076301575, 56.9983673096, 53.5148124695, 90.4245376587, 146.108779907, 86.7917633057, 47.2878608704, 16.0124034882, -3.86900544167, -15.5688352585], [-45.0526885986, 53.6107330322, 69.0265426636, 39.5554580688, 50.7071876526, 33.7174034119, 60.0910339355, 86.7917633057, 118.816833496, 51.6773986816, 17.034828186, -7.78190422058, -11.8047933578], [179.319824219, -69.6062469482, -39.3242607117, 86.2914047241, 26.2736053467, 18.9215888977, 27.5860309601, 47.2878608704, 51.6773986816, 83.4782485962, 29.7453098297, 2.78540062904, -10.0366306305], [-302.285461426, 135.119537354, 125.169723511, -4.58463907242, 17.6861057281, 29.6568832397, 44.3680763245, 16.0124034882, 17.034828186, 29.7453098297, 72.5122833252, 50.8002929688, 36.5586280823], [-350.494354248, 119.78502655, 179.312805176, 4.5258808136, -2.91566896439, 30.6125049591, 40.0321540833, -3.86900544167, -7.78190422058, 2.78540062904, 50.8002929688, 91.8480911255, 64.1835250854], [-470.652770996, 202.008499146, 205.745101929, -55.5424842834, 1.50721037388, 24.0606212616, 32.2797279358, -15.5688352585, -11.8047933578, -10.0366306305, 36.5586280823, 64.1835250854, 96.2599258423]],
        "icov": [[0.000259999622358, 0.00029339583125, 0.000347792869434, 0.000160299532581, 5.05382231495e-005, -0.000265364506049, 2.55860504694e-006, -1.9750366846e-005, -0.000162236363394, -0.000260844448349, 0.000305746943923, -0.000180432689376, 2.3232654712e-005], [0.00029339583125, 0.000931392365601, 0.000360141391866, 0.000886417343281, -1.36247740556e-006, -0.000593705277424, -0.000581530446652, -0.000315790472087, -0.000142438453622, -1.24726884678e-005, -0.000119975193229, -5.29909484612e-005, -0.000423876801506], [0.000347792869434, 0.000360141391866, 0.00133954954799, 0.000320838647895, 0.000595062447246, 7.2703754995e-005, -0.000750057690311, -0.00013739996939, -0.00111130485311, 0.000604031549301, -0.000114792288514, -0.000778399175033, -0.00104218279012], [0.000160299532581, 0.000886417343281, 0.000320838647895, 0.00306730275042, -0.000743230688386, 0.000843063811772, -0.00192724436056, -0.000144745819853, 0.000407508516219, -0.00252640992403, 0.00180304097012, -0.00253236084245, 0.00122171547264], [5.05382231495e-005, -1.36247740556e-006, 0.000595062447246, -0.000743230688386, 0.00815008208156, -0.00535268895328, 0.00186240579933, -0.00130161468405, -0.00245951605029, 0.00182913662866, -0.00267784646712, 0.00296094617806, -0.0021436708048], [-0.000265364506049, -0.000593705277424, 7.2703754995e-005, 0.000843063811772, -0.00535268895328, 0.0151971820742, -0.00723380735144, 0.000391189998481, 0.00147366023157, -0.00177748780698, 0.00219202577136, -0.00425976701081, 0.00105694821104], [2.55860504694e-006, -0.000581530446652, -0.000750057690311, -0.00192724436056, 0.00186240579933, -0.00723380735144, 0.015679018572, -0.0059489463456, -0.00165955373086, 0.00256801187061, -0.00390374683775, 0.000882997002918, -0.00175887765363], [-1.9750366846e-005, -0.000315790472087, -0.00013739996939, -0.000144745819853, -0.00130161468405, 0.000391189998481, -0.0059489463456, 0.0165165942162, -0.00694007892162, -0.00334835471585, 0.00255137961358, -0.000753091648221, 0.00369810592383], [-0.000162236363394, -0.000142438453622, -0.00111130485311, 0.000407508516219, -0.00245951605029, 0.00147366023157, -0.00165955373086, -0.00694007892162, 0.0190024897456, -0.00776642980054, 0.00063566013705, 0.00248138536699, 0.00084496132331], [-0.000260844448349, -1.24726884678e-005, 0.000604031549301, -0.00252640992403, 0.00182913662866, -0.00177748780698, 0.00256801187061, -0.00334835471585, -0.00776642980054, 0.0259975530207, -0.0143387997523, 0.00428784219548, -0.000640106271021], [0.000305746943923, -0.000119975193229, -0.000114792288514, 0.00180304097012, -0.00267784646712, 0.00219202577136, -0.00390374683775, 0.00255137961358, 0.00063566013705, -0.0143387997523, 0.0340264812112, -0.0165281910449, 0.000928684487008], [-0.000180432689376, -5.29909484612e-005, -0.000778399175033, -0.00253236084245, 0.00296094617806, -0.00425976701081, 0.000882997002918, -0.000753091648221, 0.00248138536699, 0.00428784219548, -0.0165281910449, 0.0323887914419, -0.0145353041589], [2.3232654712e-005, -0.000423876801506, -0.00104218279012, 0.00122171547264, -0.0021436708048, 0.00105694821104, -0.00175887765363, 0.00369810592383, 0.00084496132331, -0.000640106271021, 0.000928684487008, -0.0145353041589, 0.0246574003249]]
    },
    "spectral_contrast_coeffs": {
        "mean": [-0.690563440323, -0.655516028404, -0.829551637173, -0.830180883408, -0.82993799448, -0.793539702892],
        "var": [0.00575181515887, 0.0111472448334, 0.00191195041407, 0.00188440154307, 0.00169738673139, 0.00476417504251]
    },
    "spectral_contrast_valleys": {
        "mean": [-6.91943025589, -7.47614431381, -8.25323867798, -9.22480010986, -9.23666286469, -11.9157629013],
        "var": [0.938071012497, 0.901044785976, 1.18283367157, 2.81844902039, 5.07353019714, 4.24582004547]
    }
},
"metadata": {
    "audio_properties": {
        "analysis_sample_rate": 44100,
        "bit_rate": 128068,
        "equal_loudness": 0,
        "length": 45.0479812622,
        "lossless": 0,
        "replay_gain": -5.01290130615,
        "sample_rate": 48000,
        "codec": "mp3",
        "downmix": "mix",
        "md5_encoded": "276c98e99a4b60e6a8a468e5994a378f"
    },
    "tags": {
        "file_name": "1541.mp3"
    },
    "version": {
        "essentia": "2.1-beta2",
        "essentia_git_sha": "v2.1_beta2",
        "extractor": "music 1.0"
    }
},
"rhythm": {
    "beats_count": 66,
    "beats_loudness": {
        "mean": 0.0574945472181,
        "var": 0.00176527991425
    },
    "bpm": 88.9157180786,
    "bpm_histogram_first_peak_bpm": {
        "mean": 89,
        "var": 0
    },
    "bpm_histogram_first_peak_spread": {
        "mean": 0.112903222442,
        "var": 0
    },
    "bpm_histogram_first_peak_weight": {
        "mean": 0.846153855324,
        "var": 0
    },
    "bpm_histogram_second_peak_bpm": {
        "mean": 98,
        "var": 0
    },
    "bpm_histogram_second_peak_spread": {
        "mean": 0,
        "var": 0
    },
    "bpm_histogram_second_peak_weight": {
        "mean": 0.0461538471282,
        "var": 0
    },
    "danceability": 1.04347348213,
    "onset_rate": 3.59441423416,
    "beats_loudness_band_ratio": {
        "mean": [0.728556632996, 0.148502647877, 0.0631757453084, 0.0309742800891, 0.0283428691328, 0.034137699753],
        "var": [0.0616772249341, 0.0177186820656, 0.00588393956423, 0.00209835730493, 0.00152965681627, 0.0022181791719]
    },
    "beats_position": [0.592108845711, 1.20743763447, 1.82276642323, 2.43809509277, 3.08825397491, 3.75002264977, 4.41179132462, 5.08516979218, 5.75854873657, 6.43192720413, 7.10530614853, 7.77868461609, 8.45206356049, 9.12544155121, 9.79882049561, 10.47219944, 11.1455783844, 11.8189563751, 12.5155553818, 13.1889343262, 13.8623123169, 14.5356912613, 15.2090702057, 15.8824491501, 16.5558280945, 17.2292060852, 17.9025840759, 18.575963974, 19.2493419647, 19.9227199554, 20.5960998535, 21.2694778442, 21.942855835, 22.616235733, 23.2780036926, 23.9513835907, 24.6247615814, 25.3097496033, 25.9831295013, 26.6565074921, 27.3182754517, 27.9916553497, 28.6650333405, 29.3500213623, 30.0234012604, 30.6967792511, 31.3701572418, 32.0435371399, 32.7169151306, 33.3902931213, 34.0636711121, 34.7486610413, 35.4336509705, 36.1070289612, 36.7804069519, 37.4537849426, 38.1271629333, 38.8005447388, 39.4739227295, 40.1589126587, 40.8438987732, 41.5404968262, 42.2254867554, 42.9104766846, 43.5954627991, 44.2804527283]
},
"tonal": {
    "chords_changes_rate": 0.0689300447702,
    "chords_number_rate": 0.0113168722019,
    "chords_strength": {
        "mean": 0.522424817085,
        "var": 0.00973362568766
    },
    "hpcp_entropy": {
        "mean": 2.43836569786,
        "var": 0.684872448444
    },
    "key_strength": 0.62928545475,
    "tuning_diatonic_strength": 0.62434142828,
    "tuning_equal_tempered_deviation": 0.130475834012,
    "tuning_frequency": 437.465789795,
    "tuning_nontempered_energy_ratio": 0.803938210011,
    "hpcp": {
        "mean": [0.254624813795, 0.186206489801, 0.0586579628289, 0.0347510874271, 0.032574608922, 0.0350396074355, 0.0459955222905, 0.050588965416, 0.112284146249, 0.201307684183, 0.14288443327, 0.0416157655418, 0.0224645882845, 0.0265107471496, 0.0834272652864, 0.202898472548, 0.193640857935, 0.071524001658, 0.0204870514572, 0.0186804998666, 0.035809006542, 0.046641536057, 0.0462215468287, 0.098670527339, 0.119346939027, 0.05994444713, 0.0554774664342, 0.108423128724, 0.0940599739552, 0.0888061597943, 0.20192861557, 0.205970689654, 0.102466180921, 0.0645501613617, 0.0609426908195, 0.14116409421],
        "var": [0.142357185483, 0.0831358805299, 0.0268932860345, 0.0156048675999, 0.0154757974669, 0.0136382738128, 0.0213045030832, 0.0218641180545, 0.0471244193614, 0.130959242582, 0.0744262561202, 0.0166133325547, 0.00852514617145, 0.0113499406725, 0.029124667868, 0.106211900711, 0.105552628636, 0.0301040578634, 0.00662397127599, 0.00644507491961, 0.0151379406452, 0.0221353918314, 0.0117480987683, 0.0469517931342, 0.0599249005318, 0.0150391831994, 0.0146836163476, 0.0543681383133, 0.0396555177867, 0.0269256234169, 0.114631295204, 0.119547240436, 0.0469013303518, 0.0357097089291, 0.0301316715777, 0.0566133968532]
    },
    "chords_histogram": [17.9012336731, 2.98353910446, 23.8683128357, 0, 1.33744859695, 0, 0.720164597034, 0, 1.85185182095, 0, 0, 0, 0, 1.54320991039, 0, 9.97942352295, 0, 0, 0.617283940315, 7.81893014908, 8.12757205963, 6.17283964157, 17.0781898499, 0],
    "thpcp": [1, 0.731297492981, 0.230370178819, 0.136479586363, 0.127931788564, 0.137612700462, 0.180640369654, 0.19868041575, 0.44097879529, 0.790605127811, 0.561156749725, 0.163439556956, 0.088226236403, 0.104116901755, 0.327647835016, 0.796852707863, 0.760494828224, 0.280899584293, 0.0804597586393, 0.0733648017049, 0.140634387732, 0.183177500963, 0.181528046727, 0.387513399124, 0.468716830015, 0.235422641039, 0.217879265547, 0.42581525445, 0.369406163692, 0.348772615194, 0.793043732643, 0.808918356895, 0.402420252562, 0.253510892391, 0.239343091846, 0.554400384426],
    "chords_key": "D",
    "chords_scale": "major",
    "key_key": "G",
    "key_scale": "major"
}
}