{
"lowlevel": {
    "average_loudness": 0.971013665199,
    "barkbands_crest": {
        "mean": 16.0918464661,
        "var": 34.1632232666
    },
    "barkbands_flatness_db": {
        "mean": 0.256103098392,
        "var": 0.0134194456041
    },
    "barkbands_kurtosis": {
        "mean": 126.994400024,
        "var": 172660.109375
    },
    "barkbands_skewness": {
        "mean": 5.69239854813,
        "var": 61.5254592896
    },
    "barkbands_spread": {
        "mean": 20.98279953,
        "var": 637.421447754
    },
    "dissonance": {
        "mean": 0.424035608768,
        "var": 0.00486773299053
    },
    "dynamic_complexity": 2.11017632484,
    "erbbands_crest": {
        "mean": 12.0948791504,
        "var": 36.6209449768
    },
    "erbbands_flatness_db": {
        "mean": 0.155880406499,
        "var": 0.00493769906461
    },
    "erbbands_kurtosis": {
        "mean": 4.04033184052,
        "var": 53.5404548645
    },
    "erbbands_skewness": {
        "mean": 0.831823706627,
        "var": 2.66274809837
    },
    "erbbands_spread": {
        "mean": 65.4795608521,
        "var": 2233.36669922
    },
    "hfc": {
        "mean": 41.5885658264,
        "var": 2809.59033203
    },
    "melbands_crest": {
        "mean": 20.8955631256,
        "var": 31.2828826904
    },
    "melbands_flatness_db": {
        "mean": 0.359237074852,
        "var": 0.0173017662019
    },
    "melbands_kurtosis": {
        "mean": 118.912910461,
        "var": 33985.2460938
    },
    "melbands_skewness": {
        "mean": 6.62653684616,
        "var": 22.2014961243
    },
    "melbands_spread": {
        "mean": 10.4797887802,
        "var": 275.062713623
    },
    "pitch_salience": {
        "mean": 0.366435021162,
        "var": 0.0350906401873
    },
    "silence_rate_20dB": {
        "mean": 1,
        "var": 0
    },
    "silence_rate_30dB": {
        "mean": 0.880535542965,
        "var": 0.105192452669
    },
    "silence_rate_60dB": {
        "mean": 0.0154479919001,
        "var": 0.015209148638
    },
    "spectral_centroid": {
        "mean": 951.627075195,
        "var": 831592.5
    },
    "spectral_complexity": {
        "mean": 9.54325485229,
        "var": 119.556900024
    },
    "spectral_decrease": {
        "mean": -1.69412768258e-008,
        "var": 7.16792036319e-017
    },
    "spectral_energy": {
        "mean": 0.067712508142,
        "var": 0.0011280401377
    },
    "spectral_energyband_high": {
        "mean": 0.00389047060162,
        "var": 3.68338805856e-005
    },
    "spectral_energyband_low": {
        "mean": 0.0517179556191,
        "var": 0.000935354386456
    },
    "spectral_energyband_middle_high": {
        "mean": 0.00113176309969,
        "var": 8.08574168332e-006
    },
    "spectral_energyband_middle_low": {
        "mean": 0.014095954597,
        "var": 0.000197458342882
    },
    "spectral_entropy": {
        "mean": 7.28781890869,
        "var": 1.01168167591
    },
    "spectral_flux": {
        "mean": 0.105319283903,
        "var": 0.0049389465712
    },
    "spectral_kurtosis": {
        "mean": 5.29734134674,
        "var": 77.4331817627
    },
    "spectral_rms": {
        "mean": 0.00782199855894,
        "var": 4.87717034048e-006
    },
    "spectral_rolloff": {
        "mean": 1141.58728027,
        "var": 4969171.5
    },
    "spectral_skewness": {
        "mean": 1.61155414581,
        "var": 1.28980958462
    },
    "spectral_spread": {
        "mean": 7222299.5,
        "var": 1.05141040579e+013
    },
    "spectral_strongpeak": {
        "mean": 0.712072014809,
        "var": 0.221141919494
    },
    "zerocrossingrate": {
        "mean": 0.0496540814638,
        "var": 0.00242677726783
    },
    "barkbands": {
        "mean": [0.000600462371949, 0.0355542115867, 0.0124797411263, 0.00463449489325, 0.00239291181788, 0.00332849472761, 0.00231714639813, 0.000940766884014, 0.00040648097638, 0.000220604008064, 0.000137934577651, 9.3501424999e-005, 8.98044963833e-005, 6.29299756838e-005, 5.89334049437e-005, 6.31053117104e-005, 8.42587905936e-005, 8.94909389899e-005, 0.000141452052048, 0.000266941729933, 0.000389777676901, 0.000610244227573, 0.0011612608796, 0.000623222498689, 0.000521055480931, 0.000399869313696, 4.34075736848e-005],
        "var": [1.5212414155e-006, 0.000625125889201, 0.000242020440055, 4.5522741857e-005, 1.96289220185e-005, 3.50579794031e-005, 1.45205785884e-005, 1.28864130602e-005, 1.47230025505e-006, 5.45876048363e-007, 1.52254045815e-007, 7.21834965134e-008, 9.86157431271e-008, 2.51955007968e-008, 5.48421503765e-008, 3.8123999957e-008, 1.12147247933e-007, 5.35960218428e-008, 1.61922358188e-007, 5.39891232165e-007, 7.03421790149e-007, 1.0209383845e-006, 3.66785911865e-006, 9.56357780524e-007, 7.76862293606e-007, 5.26392568645e-007, 1.1211431783e-008]
    },
    "erbbands": {
        "mean": [0.831216037273, 8.59770965576, 15.5404090881, 16.7411708832, 7.45551156998, 9.45203495026, 12.1587982178, 29.1336727142, 40.5355072021, 33.7308578491, 15.2374334335, 9.89143562317, 6.92278909683, 6.19288015366, 5.34274768829, 4.00911140442, 4.15332984924, 3.3627114296, 2.75681185722, 3.84060001373, 3.60861611366, 4.78332090378, 4.57866430283, 6.01928186417, 9.38974571228, 12.3017091751, 14.0541381836, 16.9877510071, 19.5000762939, 38.8675537109, 28.2008018494, 15.0746984482, 9.45348644257, 6.48316574097, 3.25793027878, 1.76600587368, 0.732020795345, 0.151304751635, 0.00453594187275, 0.000189632715774],
        "var": [0.635780632496, 35.9058685303, 269.721221924, 438.563049316, 134.295333862, 345.472991943, 1077.53369141, 3206.72119141, 4218.65576172, 6404.19628906, 4617.09619141, 759.747375488, 602.269958496, 319.435241699, 229.038070679, 136.947052002, 198.764068604, 80.0234069824, 69.6513748169, 185.19480896, 155.785125732, 249.203475952, 152.315765381, 277.248199463, 838.231323242, 1096.27587891, 960.338256836, 1187.86694336, 1117.89318848, 4124.67138672, 2150.53735352, 587.457275391, 230.011749268, 132.830169678, 28.5044574738, 9.26323032379, 1.82851529121, 0.104372672737, 0.00010630783072, 5.53947181459e-008]
    },
    "gfcc": {
        "mean": [-26.2054615021, 75.6547851563, -36.5091896057, 53.8988189697, -56.6299362183, 19.9414787292, -24.463727951, 15.812664032, -9.96178627014, 11.9171438217, -12.3097763062, 3.68880844116, -16.1662883759],
        "cov": [[11227.9960938, -3942.52709961, 134.066101074, 132.102096558, -1591.57348633, 415.981201172, -1220.92651367, -148.651092529, -746.290771484, 410.503479004, -501.682922363, 596.826049805, -463.869293213], [-3942.52709961, 3719.15527344, -256.421569824, -729.448669434, 410.501953125, -702.491516113, 242.712097168, -240.304626465, 397.044036865, -193.76914978, 429.94619751, -317.34185791, 268.76675415], [134.066101074, -256.421569824, 683.99017334, 237.852462769, -103.035346985, 110.441749573, 7.2764415741, 46.7702484131, 47.7823295593, 56.2248382568, -15.6730499268, 33.6121177673, -102.304534912], [132.102096558, -729.448669434, 237.852462769, 550.291870117, 90.6477127075, 258.696594238, 123.408927917, 90.3389663696, 23.9309902191, 7.44388866425, -42.2901992798, 26.4362258911, -52.236946106], [-1591.57348633, 410.501953125, -103.035346985, 90.6477127075, 656.952819824, 83.8769989014, 377.954711914, 134.636474609, 105.992446899, -67.5910415649, 55.231552124, -93.5276184082, 132.534851074], [415.981201172, -702.491516113, 110.441749573, 258.696594238, 83.8769989014, 401.59161377, 129.858047485, 124.762298584, -29.0014591217, -7.65882587433, -95.8039093018, 27.9737129211, -40.3549079895], [-1220.92651367, 242.712097168, 7.2764415741, 123.408927917, 377.954711914, 129.858047485, 378.568847656, 163.88180542, 130.434707642, -62.33826828, 26.2172622681, -87.2791824341, 69.8505706787], [-148.651092529, -240.304626465, 46.7702484131, 90.3389663696, 134.636474609, 124.762298584, 163.88180542, 171.450775146, 41.8120079041, 14.060043335, -35.4436531067, -13.1170282364, 4.36103820801], [-746.290771484, 397.044036865, 47.7823295593, 23.9309902191, 105.992446899, -29.0014591217, 130.434707642, 41.8120079041, 164.697784424, 11.3510904312, 80.9580612183, -46.495464325, 29.9801502228], [410.503479004, -193.76914978, 56.2248382568, 7.44388866425, -67.5910415649, -7.65882587433, -62.33826828, 14.060043335, 11.3510904312, 113.540847778, 28.7029266357, 56.5701255798, -20.2804260254], [-501.682922363, 429.94619751, -15.6730499268, -42.2901992798, 55.231552124, -95.8039093018, 26.2172622681, -35.4436531067, 80.9580612183, 28.7029266357, 135.537368774, 6.33459043503, 55.2406425476], [596.826049805, -317.34185791, 33.6121177673, 26.4362258911, -93.5276184082, 27.9737129211, -87.2791824341, -13.1170282364, -46.495464325, 56.5701255798, 6.33459043503, 106.868667603, 12.3363552094], [-463.869293213, 268.76675415, -102.304534912, -52.236946106, 132.534851074, -40.3549079895, 69.8505706787, 4.36103820801, 29.9801502228, -20.2804260254, 55.2406425476, 12.3363552094, 121.231994629]],
        "icov": [[0.000280981621472, -1.65027613548e-005, 0.000156516718562, -4.00118624384e-005, 0.000250820216024, -0.00021407395252, 0.000348095258232, -0.000179718772415, 0.000325690460159, -0.000467102479888, 0.000520013738424, -0.00080470147077, 0.000373235408915], [-1.65027613548e-005, 0.00237612565979, -0.000866990885697, 0.00225377571769, -0.000360306090442, 0.000801132468041, -0.000237375119468, 0.00215988210402, -0.00233221333474, 0.00257073459215, -0.0042679309845, 0.00450369250029, -0.00187855865806], [0.000156516718562, -0.000866990885697, 0.00253385212272, -0.00145285448525, 0.000467259960715, -0.000269276002655, -9.32855327846e-005, -0.000933624687605, -0.000118939606182, -0.00105878233444, 0.00184430391528, -0.00353187415749, 0.0028913943097], [-4.00118624384e-005, 0.00225377571769, -0.00145285448525, 0.00536769954488, -0.000955597264692, -0.000641735561658, -0.000914195145015, 0.0026295457501, -0.00310261617415, 0.00316443759948, -0.00393722206354, 0.00215301872231, 7.19937306712e-005], [0.000250820216024, -0.000360306090442, 0.000467259960715, -0.000955597264692, 0.00510904286057, -0.00035818037577, -0.00431324075907, 0.00020681215392, 0.00325246085413, -0.00304113933817, 0.000259976368397, 0.00205692043528, -0.00312664802186], [-0.00021407395252, 0.000801132468041, -0.000269276002655, -0.000641735561658, -0.00035818037577, 0.00616101827472, -0.00312246079557, 8.15463718027e-005, -0.000335783581249, 0.00178707635496, 0.000949634471908, -0.00194525462575, 0.0012868437916], [0.000348095258232, -0.000237375119468, -9.32855327846e-005, -0.000914195145015, -0.00431324075907, -0.00312246079557, 0.0185798592865, -0.0112787261605, -0.00509239500389, 0.00669118948281, -0.00303758238442, 0.00306778168306, -0.00178735028021], [-0.000179718772415, 0.00215988210402, -0.000933624687605, 0.0026295457501, 0.00020681215392, 8.15463718027e-005, -0.0112787261605, 0.0209047216922, -0.00358747318387, -0.00670901266858, 0.00527305249125, 0.00253894366324, -0.00247955764644], [0.000325690460159, -0.00233221333474, -0.000118939606182, -0.00310261617415, 0.00325246085413, -0.000335783581249, -0.00509239500389, -0.00358747318387, 0.0203246474266, -0.00837540905923, -0.00423070741817, 0.0039837565273, -0.000529843848199], [-0.000467102479888, 0.00257073459215, -0.00105878233444, 0.00316443759948, -0.00304113933817, 0.00178707635496, 0.00669118948281, -0.00670901266858, -0.00837540905923, 0.0259994510561, -0.0121800648049, -0.00605841819197, 0.00587615789846], [0.000520013738424, -0.0042679309845, 0.00184430391528, -0.00393722206354, 0.000259976368397, 0.000949634471908, -0.00303758238442, 0.00527305249125, -0.00423070741817, -0.0121800648049, 0.0303134676069, -0.0141754876822, -0.000457678572275], [-0.00080470147077, 0.00450369250029, -0.00353187415749, 0.00215301872231, 0.00205692043528, -0.00194525462575, 0.00306778168306, 0.00253894366324, 0.0039837565273, -0.00605841819197, -0.0141754876822, 0.0409700758755, -0.0195799041539], [0.000373235408915, -0.00187855865806, 0.0028913943097, 7.19937306712e-005, -0.00312664802186, 0.0012868437916, -0.00178735028021, -0.00247955764644, -0.000529843848199, 0.00587615789846, -0.000457678572275, -0.0195799041539, 0.0245929639786]]
    },
    "melbands": {
        "mean": [0.00902590528131, 0.0096653746441, 0.00265715969726, 0.00050788547378, 0.000458188034827, 0.000701817276422, 0.000598195532802, 0.000333077419782, 0.000109890774183, 5.58028477826e-005, 3.3662050555e-005, 2.53498037637e-005, 1.87609839486e-005, 1.10522678369e-005, 1.08942449515e-005, 7.8299017332e-006, 6.0953020693e-006, 4.38585357188e-006, 4.69893711852e-006, 4.88683281219e-006, 4.1243429223e-006, 4.99735097037e-006, 4.53639859188e-006, 4.00476301365e-006, 4.8522756515e-006, 5.7031356846e-006, 8.43543057272e-006, 8.04620231065e-006, 8.22312904347e-006, 8.93302876648e-006, 1.0547153579e-005, 1.11271192509e-005, 1.13650485218e-005, 2.65858561761e-005, 1.72021736944e-005, 1.14322065201e-005, 8.14131726656e-006, 6.65258039589e-006, 6.12094027019e-006, 5.27241172676e-006],
        "var": [4.87922334287e-005, 5.26652802364e-005, 1.01862087831e-005, 7.38440633086e-007, 1.16303692721e-006, 1.60592946941e-006, 7.98361213583e-007, 7.25754830455e-007, 2.69726626811e-007, 2.33271126859e-008, 1.49780507996e-008, 5.72703440227e-009, 2.89905099926e-009, 9.02992292051e-010, 1.58062662958e-009, 7.01148306081e-010, 2.49097020788e-010, 1.64805169511e-010, 4.0611172758e-010, 2.34872926663e-010, 2.42252135019e-010, 3.05181269145e-010, 2.01112917986e-010, 1.12652533135e-010, 1.88667831358e-010, 2.90613005882e-010, 7.50660478221e-010, 4.45811915162e-010, 3.51524143127e-010, 4.01437466602e-010, 4.32221841651e-010, 3.873371901e-010, 3.55163370935e-010, 2.09839234877e-009, 8.108029248e-010, 3.9411318653e-010, 1.71605479826e-010, 1.16679638174e-010, 1.18598658672e-010, 8.78597541942e-011]
    },
    "mfcc": {
        "mean": [-691.991882324, 108.517372131, 69.5453643799, 43.4517593384, 10.3726921082, 15.086233139, 2.0720102787, 10.0052757263, 5.50437831879, 9.89701557159, 8.49861812592, 7.95739126205, 9.07938766479],
        "cov": [[10740.7734375, -3752.28125, 762.211120605, -828.871948242, -412.305877686, -76.869644165, -562.030090332, -476.347473145, -529.124267578, -451.833557129, -393.795318604, -197.893997192, -5.34542894363], [-3752.28125, 3680.28076172, -552.966125488, 63.9965934753, -61.4917984009, -333.245513916, -141.629455566, -203.168624878, -83.5623626709, -7.94918870926, 69.7203063965, 90.2995223999, 22.0653514862], [762.211120605, -552.966125488, 863.120117188, 45.5075340271, -43.8686218262, 60.5555000305, -155.22203064, -11.2301139832, -112.948013306, -8.56230735779, 22.1622390747, 16.2295722961, 70.5433883667], [-828.871948242, 63.9965934753, 45.5075340271, 339.163116455, 107.773696899, 67.6186523438, 81.473526001, 81.9552993774, 61.220161438, 73.6774139404, 65.3712539673, 44.7490768433, 16.4901485443], [-412.305877686, -61.4917984009, -43.8686218262, 107.773696899, 165.5362854, 110.609825134, 130.147369385, 88.8368759155, 83.9339294434, 52.3443145752, 30.5858192444, 14.4575586319, -0.561895370483], [-76.869644165, -333.245513916, 60.5555000305, 67.6186523438, 110.609825134, 208.332321167, 133.025772095, 138.010284424, 81.5726623535, 57.9950675964, 33.6084671021, 9.38138580322, 13.1626586914], [-562.030090332, -141.629455566, -155.22203064, 81.473526001, 130.147369385, 133.025772095, 277.823455811, 194.53036499, 184.798538208, 90.4494247437, 44.3319206238, 11.912946701, -21.5326137543], [-476.347473145, -203.168624878, -11.2301139832, 81.9552993774, 88.8368759155, 138.010284424, 194.53036499, 234.287582397, 173.812454224, 104.642936707, 52.0393295288, 9.49551200867, -4.69844055176], [-529.124267578, -83.5623626709, -112.948013306, 61.220161438, 83.9339294434, 81.5726623535, 184.798538208, 173.812454224, 206.365356445, 108.218978882, 53.4263191223, 13.5942621231, -20.2098064423], [-451.833557129, -7.94918870926, -8.56230735779, 73.6774139404, 52.3443145752, 57.9950675964, 90.4494247437, 104.642936707, 108.218978882, 117.865684509, 76.7732620239, 29.533575058, 4.95365428925], [-393.795318604, 69.7203063965, 22.1622390747, 65.3712539673, 30.5858192444, 33.6084671021, 44.3319206238, 52.0393295288, 53.4263191223, 76.7732620239, 89.9424438477, 46.6781806946, 21.5914268494], [-197.893997192, 90.2995223999, 16.2295722961, 44.7490768433, 14.4575586319, 9.38138580322, 11.912946701, 9.49551200867, 13.5942621231, 29.533575058, 46.6781806946, 61.9159698486, 32.5950813293], [-5.34542894363, 22.0653514862, 70.5433883667, 16.4901485443, -0.561895370483, 13.1626586914, -21.5326137543, -4.69844055176, -20.2098064423, 4.95365428925, 21.5914268494, 32.5950813293, 64.4830169678]],
        "icov": [[0.000272165721981, 0.000290605326882, -1.8399905457e-005, 0.000386602914659, 0.000140797768836, -6.0552971263e-005, 0.000154809211381, 0.000319573882734, 0.000117753115774, 6.56684496789e-005, 0.000444179284386, -0.00030828153831, -2.80856984318e-005], [0.000290605326882, 0.000708086823579, 0.000276676699286, 0.000325647910358, -0.000138550327392, 0.000645701715257, 0.000378576485673, 0.000141166252433, 0.000399906159146, 0.000112211811938, -2.0877136194e-005, -0.000608149275649, -0.00016936022439], [-1.8399905457e-005, 0.000276676699286, 0.00199174718, -0.000361032842193, 1.89633410628e-005, -0.000457770947833, 0.00194534217007, -0.00165740284137, 0.00123316480312, -1.71230510659e-006, -0.000947201217059, 0.000158669703524, -0.000936791126151], [0.000386602914659, 0.000325647910358, -0.000361032842193, 0.00498085701838, -0.00279105990194, 0.000796011649072, 0.000358515215339, -0.000934023933951, 0.00149934610818, -0.00102727673948, -6.92898902344e-005, -0.00225054984912, 0.000616333156358], [0.000140797768836, -0.000138550327392, 1.89633410628e-005, -0.00279105990194, 0.0146010629833, -0.0064459964633, -0.00475831562653, 0.00502513116226, -0.00217474717647, -0.00106300297193, 0.0018257976044, 0.000150344043504, -0.000314942706609], [-6.0552971263e-005, 0.000645701715257, -0.000457770947833, 0.000796011649072, -0.0064459964633, 0.0134514402598, -0.00187473895494, -0.00682055205107, 0.00467237085104, -0.000403138546972, -0.00147238688078, 0.000738012953661, -0.00223838118836], [0.000154809211381, 0.000378576485673, 0.00194534217007, 0.000358515215339, -0.00475831562653, -0.00187473895494, 0.0160782467574, -0.00690798927099, -0.00576424784958, 0.00399232190102, -0.00127666152548, -0.00240517104976, 0.00240023923106], [0.000319573882734, 0.000141166252433, -0.00165740284137, -0.000934023933951, 0.00502513116226, -0.00682055205107, -0.00690798927099, 0.021951880306, -0.0102858413011, -0.00438012368977, 0.00254610972479, 0.00366828287952, -0.00283504463732], [0.000117753115774, 0.000399906159146, 0.00123316480312, 0.00149934610818, -0.00217474717647, 0.00467237085104, -0.00576424784958, -0.0102858413011, 0.0244149789214, -0.0118417926133, 0.00282285432331, -0.00283191050403, 0.00354137946852], [6.56684496789e-005, 0.000112211811938, -1.71230510659e-006, -0.00102727673948, -0.00106300297193, -0.000403138546972, 0.00399232190102, -0.00438012368977, -0.0118417926133, 0.0367750376463, -0.0247477162629, 0.0042271069251, 0.000931946036872], [0.000444179284386, -2.0877136194e-005, -0.000947201217059, -6.92898902344e-005, 0.0018257976044, -0.00147238688078, -0.00127666152548, 0.00254610972479, 0.00282285432331, -0.0247477162629, 0.0416312254965, -0.0184582900256, -0.000649961701129], [-0.00030828153831, -0.000608149275649, 0.000158669703524, -0.00225054984912, 0.000150344043504, 0.000738012953661, -0.00240517104976, 0.00366828287952, -0.00283191050403, 0.0042271069251, -0.0184582900256, 0.0372661724687, -0.0139698693529], [-2.80856984318e-005, -0.00016936022439, -0.000936791126151, 0.000616333156358, -0.000314942706609, -0.00223838118836, 0.00240023923106, -0.00283504463732, 0.00354137946852, 0.000931946036872, -0.000649961701129, -0.0139698693529, 0.025797393173]]
    },
    "spectral_contrast_coeffs": {
        "mean": [-0.57920897007, -0.691885828972, -0.82343184948, -0.858578383923, -0.836390912533, -0.789275705814],
        "var": [0.00685009919107, 0.0120772412047, 0.00259419600479, 0.000901325431187, 0.00088739907369, 0.000886457506567]
    },
    "spectral_contrast_valleys": {
        "mean": [-7.16038274765, -7.25917673111, -8.11929512024, -8.61577320099, -8.16095161438, -9.80211925507],
        "var": [0.928121447563, 1.2017390728, 1.13350129128, 1.11888718605, 1.32994043827, 3.15442085266]
    }
},
"metadata": {
    "audio_properties": {
        "analysis_sample_rate": 44100,
        "bit_rate": 128074,
        "equal_loudness": 0,
        "length": 45.0612258911,
        "lossless": 0,
        "replay_gain": -5.55451965332,
        "sample_rate": 44100,
        "codec": "mp3",
        "downmix": "mix",
        "md5_encoded": "3a6b0fd65e85e408cfd24c5b244d723e"
    },
    "tags": {
        "file_name": "1542.mp3"
    },
    "version": {
        "essentia": "2.1-beta2",
        "essentia_git_sha": "v2.1_beta2",
        "extractor": "music 1.0"
    }
},
"rhythm": {
    "beats_count": 124,
    "beats_loudness": {
        "mean": 0.0749507397413,
        "var": 0.000657809665427
    },
    "bpm": 166.397140503,
    "bpm_histogram_first_peak_bpm": {
        "mean": 167,
        "var": 0
    },
    "bpm_histogram_first_peak_spread": {
        "mean": 0,
        "var": 0
    },
    "bpm_histogram_first_peak_weight": {
        "mean": 0.894308924675,
        "var": 0
    },
    "bpm_histogram_second_peak_bpm": {
        "mean": 161,
        "var": 0
    },
    "bpm_histogram_second_peak_spread": {
        "mean": 0,
        "var": 0
    },
    "bpm_histogram_second_peak_weight": {
        "mean": 0.0569105707109,
        "var": 0
    },
    "danceability": 1.4813144207,
    "onset_rate": 5.50114297867,
    "beats_loudness_band_ratio": {
        "mean": [0.67183226347, 0.087737634778, 0.0596323311329, 0.00801533740014, 0.0127249527723, 0.183107852936],
        "var": [0.0386019870639, 0.0108616407961, 0.00533354189247, 0.000117452524137, 0.000144898091094, 0.0150589086115]
    },
    "beats_position": [0.417959183455, 0.789478421211, 1.16099774837, 1.52090704441, 1.88081634045, 2.24072551727, 2.60063481331, 2.96054410934, 3.32045340538, 3.68036270142, 4.04027223587, 4.40018129349, 4.76009082794, 5.11999988556, 5.47990942001, 5.83981847763, 6.19972801208, 6.5596370697, 6.91954612732, 7.27945566177, 7.63936471939, 7.99927425385, 8.35918331146, 8.71909236908, 9.07900238037, 9.43891143799, 9.79882049561, 10.1587295532, 10.5186395645, 10.8785486221, 11.2384576797, 11.5983667374, 11.9582767487, 12.3181858063, 12.6780948639, 13.0380039215, 13.3979139328, 13.7578229904, 14.117732048, 14.4776411057, 14.8375511169, 15.1974601746, 15.5573692322, 15.9172782898, 16.2771873474, 16.637096405, 16.99700737, 17.3569164276, 17.7168254852, 18.0767345428, 18.4366436005, 18.784942627, 19.1448516846, 19.5047607422, 19.8762817383, 20.2361907959, 20.5960998535, 20.9560089111, 21.3159179688, 21.6758270264, 22.035736084, 22.3956451416, 22.7555541992, 23.1154651642, 23.4753742218, 23.8352832794, 24.195192337, 24.5551013947, 24.9150104523, 25.2749195099, 25.6348285675, 25.9947395325, 26.3546485901, 26.7145576477, 27.0744667053, 27.4343757629, 27.7942848206, 28.1541938782, 28.5141029358, 28.8740139008, 29.2339229584, 29.593832016, 29.9537410736, 30.3136501312, 30.6735591888, 31.0334682465, 31.3933773041, 31.753288269, 32.1131973267, 32.4731063843, 32.8330154419, 33.1813163757, 33.5528335571, 33.9127426147, 34.2726516724, 34.63256073, 34.9924697876, 35.3523788452, 35.7122879028, 36.0722007751, 36.4321098328, 36.7920188904, 37.151927948, 37.5118370056, 37.8717460632, 38.2316551208, 38.5915641785, 38.9398651123, 39.3113822937, 39.6712913513, 40.0312004089, 40.3795013428, 40.7510185242, 41.1109275818, 41.4708366394, 41.8191375732, 42.1906585693, 42.550567627, 42.9104766846, 43.2587738037, 43.6186828613, 43.9785919189, 44.3385009766, 44.6984100342]
},
"tonal": {
    "chords_changes_rate": 0.0329218097031,
    "chords_number_rate": 0.00514403311536,
    "chords_strength": {
        "mean": 0.540003299713,
        "var": 0.00365511211567
    },
    "hpcp_entropy": {
        "mean": 2.03045511246,
        "var": 1.03238749504
    },
    "key_strength": 0.787352263927,
    "tuning_diatonic_strength": 0.52619177103,
    "tuning_equal_tempered_deviation": 0.0736918449402,
    "tuning_frequency": 438.477722168,
    "tuning_nontempered_energy_ratio": 0.690515518188,
    "hpcp": {
        "mean": [0.0807814523578, 0.052420258522, 0.0289041027427, 0.0257332902402, 0.0289885867387, 0.0478755123913, 0.0679329037666, 0.0695669725537, 0.239680141211, 0.406328320503, 0.241082653403, 0.058697335422, 0.031465228647, 0.0268300957978, 0.0434448458254, 0.0674077495933, 0.0582735091448, 0.0379547104239, 0.0329345539212, 0.0342872180045, 0.0814339071512, 0.176456227899, 0.15277159214, 0.0639125928283, 0.0357256159186, 0.0223303325474, 0.0178562738001, 0.015427114442, 0.0216333642602, 0.135222285986, 0.236104249954, 0.132318556309, 0.0381515547633, 0.0446280948818, 0.0503694973886, 0.0701372921467],
        "var": [0.0530611313879, 0.0236919075251, 0.0117492368445, 0.0107850339264, 0.0132861360908, 0.0228314772248, 0.033739104867, 0.0275922939181, 0.078524723649, 0.194062486291, 0.0857291594148, 0.0324527099729, 0.0152977779508, 0.0130936475471, 0.0182542465627, 0.0434907749295, 0.0309609398246, 0.0191672760993, 0.017065834254, 0.018180238083, 0.026958251372, 0.105079770088, 0.0956937894225, 0.0316884927452, 0.0181888639927, 0.0137844122946, 0.00930658355355, 0.00785726960748, 0.00942456256598, 0.0493910163641, 0.142940178514, 0.0499896854162, 0.020294463262, 0.0258894730359, 0.0305368024856, 0.0397432595491]
    },
    "chords_histogram": [57.5102882385, 0, 2.46913576126, 0, 0, 0, 0, 0, 0, 0, 0, 0, 0, 0, 0, 0, 1.85185182095, 13.7860078812, 0, 0, 0, 0, 0, 24.3827152252],
    "thpcp": [1, 0.593319833279, 0.144457891583, 0.0774379447103, 0.0660305842757, 0.106920547783, 0.165894791484, 0.143414840102, 0.0934089720249, 0.0810540467501, 0.0843830406666, 0.200414061546, 0.434270083904, 0.37598067522, 0.157292976975, 0.087923027575, 0.0549563765526, 0.0439454317093, 0.0379671156406, 0.0532410927117, 0.332790702581, 0.581067681313, 0.325644433498, 0.0938934162259, 0.109832599759, 0.123962558806, 0.172612369061, 0.198808327317, 0.129009604454, 0.0711348429322, 0.0633312761784, 0.0713427662849, 0.117824703455, 0.167187228799, 0.171208769083, 0.589868187904],
    "chords_key": "C",
    "chords_scale": "major",
    "key_key": "C",
    "key_scale": "major"
}
}