{
"lowlevel": {
    "average_loudness": 0.902160346508,
    "barkbands_crest": {
        "mean": 15.8001317978,
        "var": 43.2477684021
    },
    "barkbands_flatness_db": {
        "mean": 0.220449700952,
        "var": 0.010171379894
    },
    "barkbands_kurtosis": {
        "mean": 39.537689209,
        "var": 7776.54541016
    },
    "barkbands_skewness": {
        "mean": 3.67764854431,
        "var": 13.7965679169
    },
    "barkbands_spread": {
        "mean": 14.0298471451,
        "var": 298.25793457
    },
    "dissonance": {
        "mean": 0.429850667715,
        "var": 0.0025479933247
    },
    "dynamic_complexity": 4.30453395844,
    "erbbands_crest": {
        "mean": 11.8140392303,
        "var": 28.881023407
    },
    "erbbands_flatness_db": {
        "mean": 0.171675831079,
        "var": 0.00370835606009
    },
    "erbbands_kurtosis": {
        "mean": 3.97363781929,
        "var": 47.4032325745
    },
    "erbbands_skewness": {
        "mean": 0.89320230484,
        "var": 1.57852876186
    },
    "erbbands_spread": {
        "mean": 39.5168685913,
        "var": 1117.84802246
    },
    "hfc": {
        "mean": 18.2300376892,
        "var": 717.348815918
    },
    "melbands_crest": {
        "mean": 20.8982620239,
        "var": 95.1492843628
    },
    "melbands_flatness_db": {
        "mean": 0.308385282755,
        "var": 0.0170644242316
    },
    "melbands_kurtosis": {
        "mean": 75.1664123535,
        "var": 23901.3417969
    },
    "melbands_skewness": {
        "mean": 4.83065128326,
        "var": 23.9591560364
    },
    "melbands_spread": {
        "mean": 14.796954155,
        "var": 788.500244141
    },
    "pitch_salience": {
        "mean": 0.424570679665,
        "var": 0.0475169420242
    },
    "silence_rate_20dB": {
        "mean": 0.994335711002,
        "var": 0.00563223753124
    },
    "silence_rate_30dB": {
        "mean": 0.739958822727,
        "var": 0.192423805594
    },
    "silence_rate_60dB": {
        "mean": 0.208032950759,
        "var": 0.164753332734
    },
    "spectral_centroid": {
        "mean": 996.389892578,
        "var": 849686
    },
    "spectral_complexity": {
        "mean": 9.53347110748,
        "var": 65.0481185913
    },
    "spectral_decrease": {
        "mean": -1.70905565255e-008,
        "var": 5.45040131751e-016
    },
    "spectral_energy": {
        "mean": 0.0661572292447,
        "var": 0.00789667759091
    },
    "spectral_energyband_high": {
        "mean": 0.0011251635151,
        "var": 7.37560640118e-006
    },
    "spectral_energyband_low": {
        "mean": 0.0549747422338,
        "var": 0.00756943365559
    },
    "spectral_energyband_middle_high": {
        "mean": 0.00156093924306,
        "var": 5.87014301345e-006
    },
    "spectral_energyband_middle_low": {
        "mean": 0.00931481085718,
        "var": 0.000338287296472
    },
    "spectral_entropy": {
        "mean": 7.24095487595,
        "var": 0.532816469669
    },
    "spectral_flux": {
        "mean": 0.0831909552217,
        "var": 0.00800779275596
    },
    "spectral_kurtosis": {
        "mean": 6.88564443588,
        "var": 34.3490982056
    },
    "spectral_rms": {
        "mean": 0.006201218348,
        "var": 2.60883916781e-005
    },
    "spectral_rolloff": {
        "mean": 1288.30603027,
        "var": 6185468
    },
    "spectral_skewness": {
        "mean": 2.13339233398,
        "var": 0.804433405399
    },
    "spectral_spread": {
        "mean": 6226081,
        "var": 8.69168788275e+012
    },
    "spectral_strongpeak": {
        "mean": 0.837529540062,
        "var": 0.432229787111
    },
    "zerocrossingrate": {
        "mean": 0.056214697659,
        "var": 0.00449681654572
    },
    "barkbands": {
        "mean": [0.00346273463219, 0.0481355562806, 0.00259171775542, 0.00157607311849, 0.00338844582438, 0.00154755241238, 0.00109889206942, 0.000836922554299, 0.000793292187154, 0.000245364324655, 0.000329497270286, 0.000184424279723, 0.000111800283776, 0.000114040696644, 0.000126701139379, 9.95446680463e-005, 9.51703477767e-005, 7.93424333096e-005, 0.00015113299014, 0.00013273381046, 0.00012933803373, 0.000149397092173, 0.000222164773731, 0.000138822026202, 0.000243479284109, 0.000161933799973, 1.1231377357e-005],
        "var": [3.33102143486e-005, 0.00623199669644, 0.0001569029846, 7.42500124034e-005, 0.000103715487057, 1.35828358907e-005, 8.88628528628e-006, 3.39547364092e-006, 4.69205087938e-006, 7.88418674347e-007, 3.97368580707e-007, 3.16246598686e-007, 1.38830984042e-007, 9.76937002406e-008, 1.3789637876e-007, 3.77279718577e-008, 5.39115383447e-008, 8.47182093366e-008, 3.19544028571e-007, 2.31968357411e-007, 1.42413796311e-007, 2.01108292686e-007, 6.3325398969e-007, 1.62757601174e-007, 4.55125729104e-007, 1.18589738918e-007, 9.62607882293e-010]
    },
    "erbbands": {
        "mean": [2.41536283493, 6.62365436554, 3.70723176003, 4.58171606064, 9.62231445313, 10.9783639908, 9.21454048157, 12.7682905197, 18.0811672211, 12.7510490417, 19.2758083344, 15.8674678802, 13.5513696671, 8.8698797226, 12.797164917, 7.63948440552, 5.3347029686, 5.83684921265, 5.9994635582, 6.15630817413, 5.87749576569, 5.0685043335, 4.25518894196, 6.92284822464, 7.07523155212, 6.17453575134, 5.50346040726, 5.05137825012, 5.35846614838, 6.25865697861, 6.17712497711, 2.84888482094, 2.58213806152, 2.29460906982, 1.93038523197, 0.968543410301, 0.231519460678, 0.0376747362316, 0.00118070596363, 0.000106027720904],
        "var": [16.6289310455, 121.365081787, 187.855834961, 596.374755859, 771.137695313, 1363.41015625, 917.356079102, 810.545898438, 2469.74609375, 836.504699707, 1650.55236816, 3103.46850586, 578.676208496, 761.620117188, 642.945007324, 603.156982422, 254.064239502, 263.517120361, 233.666824341, 257.992218018, 121.44757843, 147.743438721, 222.003952026, 702.352478027, 560.043151855, 509.828552246, 293.894226074, 205.338424683, 267.677001953, 484.33984375, 490.49331665, 71.3466567993, 57.8606758118, 42.2470932007, 30.4327926636, 5.45685100555, 0.220001220703, 0.00836813915521, 8.1071511886e-006, 1.6927334201e-008]
    },
    "gfcc": {
        "mean": [-63.9085197449, 78.2279052734, -72.588432312, 9.44913005829, -63.8389701843, 12.6335515976, -34.626209259, 23.4608421326, -24.3560562134, 8.67864990234, -21.7188739777, 7.70740270615, -8.5339641571],
        "cov": [[8481.83496094, -1846.75, 479.804595947, 1395.23132324, 785.608825684, 575.462524414, -217.827651978, 62.8500175476, 362.822509766, 433.154815674, 15.8720941544, 220.926696777, -70.345413208], [-1846.75, 2406.88598633, 151.003128052, -584.640930176, 379.516906738, -74.9791259766, 242.308761597, -13.5483913422, 173.420730591, -201.297851563, 144.8099823, -1.47280979156, 171.477630615], [479.804595947, 151.003128052, 1597.98034668, 652.097839355, 495.741577148, 391.615386963, 428.858764648, 258.181945801, 372.539489746, 58.5314674377, 63.2276687622, 125.809104919, 171.711395264], [1395.23132324, -584.640930176, 652.097839355, 1050.40917969, 351.669342041, 248.061462402, 134.368301392, 128.059082031, 255.045455933, 104.809265137, 10.517115593, 31.9835205078, 86.9298858643], [785.608825684, 379.516906738, 495.741577148, 351.669342041, 703.919311523, 299.42590332, 208.899169922, 143.222595215, 356.66619873, 101.567375183, 79.0277481079, 65.8992080688, 120.011703491], [575.462524414, -74.9791259766, 391.615386963, 248.061462402, 299.42590332, 502.980285645, 324.047576904, 162.381088257, 185.231933594, 133.857925415, 69.4252090454, 50.857635498, 70.4958877563], [-217.827651978, 242.308761597, 428.858764648, 134.368301392, 208.899169922, 324.047576904, 570.383361816, 220.831832886, 164.390380859, 43.5441551208, 121.552093506, 78.0701370239, 125.359397888], [62.8500175476, -13.5483913422, 258.181945801, 128.059082031, 143.222595215, 162.381088257, 220.831832886, 252.393768311, 159.047348022, 72.5096969604, 47.938079834, 35.4834671021, 62.48204422], [362.822509766, 173.420730591, 372.539489746, 255.045455933, 356.66619873, 185.231933594, 164.390380859, 159.047348022, 418.072814941, 127.615982056, 67.2717208862, 46.9659194946, 106.645812988], [433.154815674, -201.297851563, 58.5314674377, 104.809265137, 101.567375183, 133.857925415, 43.5441551208, 72.5096969604, 127.615982056, 208.254776001, 49.029586792, 13.1628627777, 12.0414543152], [15.8720941544, 144.8099823, 63.2276687622, 10.517115593, 79.0277481079, 69.4252090454, 121.552093506, 47.938079834, 67.2717208862, 49.029586792, 143.927108765, 57.1137428284, 38.3073234558], [220.926696777, -1.47280979156, 125.809104919, 31.9835205078, 65.8992080688, 50.857635498, 78.0701370239, 35.4834671021, 46.9659194946, 13.1628627777, 57.1137428284, 140.980789185, 67.6512451172], [-70.345413208, 171.477630615, 171.711395264, 86.9298858643, 120.011703491, 70.4958877563, 125.359397888, 62.48204422, 106.645812988, 12.0414543152, 38.3073234558, 67.6512451172, 151.391021729]],
        "icov": [[0.000231841171626, 0.000105324856122, 5.97245816607e-005, -0.00019687024178, -0.000272401142865, -0.00016360617883, 0.00019809755031, 7.63862335589e-005, 2.8320839192e-005, -0.000141236523632, 3.01006621157e-005, -0.000479334063129, 0.000328158290358], [0.000105324856122, 0.00122552085668, -0.00020100097754, 0.000937666860409, -0.00108491443098, 0.000407215586165, -0.000261548295384, 0.000585429428611, -0.000402897334425, 0.00118492473848, -0.00120835762937, 0.00118314207066, -0.00103761942592], [5.97245816607e-005, -0.00020100097754, 0.00125094968826, -0.000730945437681, -8.28251213534e-005, -0.000327665591612, -0.000326153152855, -0.000326212553773, -0.000322126958054, 0.000214261512156, 0.00065707945032, -0.000978169846348, 0.000359941943316], [-0.00019687024178, 0.000937666860409, -0.000730945437681, 0.00249941577204, -0.000851945660543, 0.000298417784506, -0.000168387312442, 0.000374479830498, -0.000517256557941, 0.00087508384604, -0.000822445901576, 0.0018711091252, -0.00157165457495], [-0.000272401142865, -0.00108491443098, -8.28251213534e-005, -0.000851945660543, 0.00420869002119, -0.00141289073508, 0.000459343165858, -0.000217304230318, -0.00175610906444, -0.000172097483301, 0.000348454341292, -0.000581126660109, 0.000138601681101], [-0.00016360617883, 0.000407215586165, -0.000327665591612, 0.000298417784506, -0.00141289073508, 0.00500407395884, -0.0026182224974, 0.000192234831047, 0.000434114132077, -0.00176955026109, 0.000400634802645, 0.000596198078711, 8.72073997016e-006], [0.00019809755031, -0.000261548295384, -0.000326153152855, -0.000168387312442, 0.000459343165858, -0.0026182224974, 0.00506521156058, -0.00248083518818, 0.00037704926217, 0.00114669895265, -0.00221762689762, -0.000211552149267, -0.00116153084673], [7.63862335589e-005, 0.000585429428611, -0.000326212553773, 0.000374479830498, -0.000217304230318, 0.000192234831047, -0.00248083518818, 0.00767072103918, -0.00182740169112, -0.000778837769758, 0.000157680013217, 0.000353586307028, -0.000350156362401], [2.8320839192e-005, -0.000402897334425, -0.000322126958054, -0.000517256557941, -0.00175610906444, 0.000434114132077, 0.00037704926217, -0.00182740169112, 0.00614842260256, -0.00265117269009, -3.13245000143e-005, 0.000166366924532, -0.00142289150972], [-0.000141236523632, 0.00118492473848, 0.000214261512156, 0.00087508384604, -0.000172097483301, -0.00176955026109, 0.00114669895265, -0.000778837769758, -0.00265117269009, 0.00939173437655, -0.00364574580453, 0.00191005470697, -0.000631374190561], [3.01006621157e-005, -0.00120835762937, 0.00065707945032, -0.000822445901576, 0.000348454341292, 0.000400634802645, -0.00221762689762, 0.000157680013217, -3.13245000143e-005, -0.00364574580453, 0.0121204648167, -0.0050618276, 0.00192517635878], [-0.000479334063129, 0.00118314207066, -0.000978169846348, 0.0018711091252, -0.000581126660109, 0.000596198078711, -0.000211552149267, 0.000353586307028, 0.000166366924532, 0.00191005470697, -0.0050618276, 0.0131783336401, -0.00619271723554], [0.000328158290358, -0.00103761942592, 0.000359941943316, -0.00157165457495, 0.000138601681101, 8.72073997016e-006, -0.00116153084673, -0.000350156362401, -0.00142289150972, -0.000631374190561, 0.00192517635878, -0.00619271723554, 0.0127525003627]]
    },
    "melbands": {
        "mean": [0.0165179800242, 0.00396853405982, 0.000890018010978, 0.00086173240561, 0.000314458389767, 0.000300685060211, 0.000257776962826, 0.000149092942593, 0.000151720450958, 0.000101794910734, 6.62403472234e-005, 3.34212818416e-005, 4.9608588597e-005, 2.04450352612e-005, 1.75626828423e-005, 1.01330679172e-005, 1.08078238554e-005, 9.20706952456e-006, 9.68754829955e-006, 6.9679540502e-006, 7.11458096703e-006, 5.67937013329e-006, 3.65676032743e-006, 4.10830125475e-006, 5.75793910684e-006, 5.61016122447e-006, 4.57870419268e-006, 4.01345050705e-006, 3.42392445418e-006, 3.23227982335e-006, 2.79816140392e-006, 3.055122761e-006, 2.84892212221e-006, 3.90803916162e-006, 4.1386151679e-006, 2.10882672036e-006, 1.56018768394e-006, 1.77542642632e-006, 1.79008520718e-006, 1.98840280063e-006],
        "var": [0.000754823326133, 6.4454456151e-005, 1.66847676155e-005, 7.21555989003e-006, 9.47029889176e-007, 4.31824958014e-007, 4.66812991817e-007, 1.05817285601e-007, 1.1394110544e-007, 1.02594512441e-007, 1.5433139211e-008, 1.48153267432e-008, 8.91308360451e-009, 2.88686785588e-009, 5.43398481767e-009, 9.32166011047e-010, 9.859394412e-010, 5.6698096218e-010, 8.70238048289e-010, 2.34518099385e-010, 1.91860596854e-010, 1.87409046615e-010, 1.45959966336e-010, 2.60117233308e-010, 5.31223010025e-010, 4.09668049484e-010, 2.4597685e-010, 2.32549701717e-010, 1.21056484281e-010, 9.43023367728e-011, 6.91785587148e-011, 8.83175060862e-011, 8.43074984824e-011, 2.22742893574e-010, 2.50168774585e-010, 4.62888269381e-011, 2.11716356252e-011, 2.94538213264e-011, 2.43923978238e-011, 3.55428846077e-011]
    },
    "mfcc": {
        "mean": [-728.887023926, 129.217697144, 33.5819473267, 11.3942184448, -1.66434812546, -6.53174781799, -0.470061033964, 6.83469963074, 9.32014274597, 2.63840007782, 0.0914238020778, -2.59512782097, 6.66778707504],
        "cov": [[7979.84130859, -2264.26318359, -103.175125122, 675.14440918, 906.609680176, 737.889892578, -112.617858887, -49.6318778992, -41.9114532471, 240.931854248, 163.721633911, 93.5564193726, 163.095016479], [-2264.26318359, 2715.72436523, -128.609588623, -377.003082275, 26.1406917572, -108.559013367, 67.404838562, 163.068725586, 101.33731842, -81.047996521, -38.4221839905, 54.2506599426, 102.460762024], [-103.175125122, -128.609588623, 1131.63928223, 423.524475098, 224.56300354, 252.167831421, 217.182327271, 283.587005615, 288.482025146, 164.403533936, 37.6866111755, 124.591888428, 57.7791481018], [675.14440918, -377.003082275, 423.524475098, 672.682312012, 333.41696167, 179.693267822, 32.111579895, 137.343841553, 159.491424561, 139.652526855, 9.89598655701, 75.3789749146, 30.087808609], [906.609680176, 26.1406917572, 224.56300354, 333.41696167, 627.077941895, 288.948516846, -37.2957000732, 104.894134521, 173.746627808, 186.141891479, 79.1334152222, 77.5336837769, 76.8788070679], [737.889892578, -108.559013367, 252.167831421, 179.693267822, 288.948516846, 444.010192871, 154.842376709, 146.512527466, 187.960327148, 179.750839233, 115.045730591, 83.500038147, 72.7864532471], [-112.617858887, 67.404838562, 217.182327271, 32.111579895, -37.2957000732, 154.842376709, 352.466888428, 190.145828247, 113.196182251, 66.568069458, 68.9212799072, 58.8899154663, 36.2709732056], [-49.6318778992, 163.068725586, 283.587005615, 137.343841553, 104.894134521, 146.512527466, 190.145828247, 324.77645874, 206.558166504, 106.977394104, 41.2076759338, 78.2729568481, 93.2409591675], [-41.9114532471, 101.33731842, 288.482025146, 159.491424561, 173.746627808, 187.960327148, 113.196182251, 206.558166504, 318.404632568, 183.575134277, 71.2633132935, 83.804649353, 70.5252761841], [240.931854248, -81.047996521, 164.403533936, 139.652526855, 186.141891479, 179.750839233, 66.568069458, 106.977394104, 183.575134277, 280.29498291, 150.743240356, 51.6581916809, 40.974571228], [163.721633911, -38.4221839905, 37.6866111755, 9.89598655701, 79.1334152222, 115.045730591, 68.9212799072, 41.2076759338, 71.2633132935, 150.743240356, 201.833953857, 57.5824813843, 14.9543476105], [93.5564193726, 54.2506599426, 124.591888428, 75.3789749146, 77.5336837769, 83.500038147, 58.8899154663, 78.2729568481, 83.804649353, 51.6581916809, 57.5824813843, 149.494674683, 75.352897644], [163.095016479, 102.460762024, 57.7791481018, 30.087808609, 76.8788070679, 72.7864532471, 36.2709732056, 93.2409591675, 70.5252761841, 40.974571228, 14.9543476105, 75.352897644, 166.992034912]],
        "icov": [[0.000263296300545, 0.000214283209061, 0.000147733575432, -4.64635777462e-005, -0.000315251003485, -0.000337589124683, 3.73598013539e-005, -7.14943817002e-005, 0.000273571145954, 8.35843093228e-005, -1.40487927638e-005, -2.88238788926e-005, -0.000229071767535], [0.000214283209061, 0.000667283311486, 0.000159162955242, 0.000403377896873, -0.000615374709014, 5.78191466047e-005, -0.000100439378002, -0.000330909300828, -7.16805661796e-005, 0.0003124846844, 7.66125958762e-005, -0.000182567557204, -0.000252653437201], [0.000147733575432, 0.000159162955242, 0.00159814744256, -0.000649541441817, -0.000138945295475, -0.000330052396748, -0.000399714132072, -0.000462645024527, -0.000469341379358, 3.94274647988e-005, 0.000386012106901, -0.000533784448635, 0.000269931711955], [-4.64635777462e-005, 0.000403377896873, -0.000649541441817, 0.00305454502814, -0.00134302466176, 0.000396597839426, 2.62626571157e-007, -0.000611189811025, 7.30174942873e-005, -0.000787804485299, 0.00129305908922, -0.000960454402957, 0.00073896383401], [-0.000315251003485, -0.000615374709014, -0.000138945295475, -0.00134302466176, 0.00415035756305, -0.00175337691326, 0.00182448967826, -0.000158810260473, -0.000254209851846, -0.000828499672934, -0.000272422359558, 1.41202845043e-005, -0.000149892672198], [-0.000337589124683, 5.78191466047e-005, -0.000330052396748, 0.000396597839426, -0.00175337691326, 0.00559287611395, -0.00222956947982, 0.000647026055958, -0.00140716263559, -0.000518425134942, -0.000630854512565, -9.93162416307e-007, -0.000392143410863], [3.73598013539e-005, -0.000100439378002, -0.000399714132072, 2.62626571157e-007, 0.00182448967826, -0.00222956947982, 0.00594490906224, -0.00314284861088, 0.000644443614874, 0.000424042053055, -0.00128626439255, -0.000407015060773, 0.000681458157487], [-7.14943817002e-005, -0.000330909300828, -0.000462645024527, -0.000611189811025, -0.000158810260473, 0.000647026055958, -0.00314284861088, 0.00812917109579, -0.00342162069865, 0.000209243124118, 0.000307493843138, 0.000485939701321, -0.0023752937559], [0.000273571145954, -7.16805661796e-005, -0.000469341379358, 7.30174942873e-005, -0.000254209851846, -0.00140716263559, 0.000644443614874, -0.00342162069865, 0.0091035887599, -0.00445489306003, 0.00181936356239, -0.00175307458267, 0.000303427572362], [8.35843093228e-005, 0.0003124846844, 3.94274647988e-005, -0.000787804485299, -0.000828499672934, -0.000518425134942, 0.000424042053055, 0.000209243124118, -0.00445489306003, 0.0108974920586, -0.00674729701132, 0.0025100139901, -0.00106747203972], [-1.40487927638e-005, 7.66125958762e-005, 0.000386012106901, 0.00129305908922, -0.000272422359558, -0.000630854512565, -0.00128626439255, 0.000307493843138, 0.00181936356239, -0.00674729701132, 0.0111014377326, -0.00403655413538, 0.00182274996769], [-2.88238788926e-005, -0.000182567557204, -0.000533784448635, -0.000960454402957, 1.41202845043e-005, -9.93162416307e-007, -0.000407015060773, 0.000485939701321, -0.00175307458267, 0.0025100139901, -0.00403655413538, 0.011483117938, -0.00438671326265], [-0.000229071767535, -0.000252653437201, 0.000269931711955, 0.00073896383401, -0.000149892672198, -0.000392143410863, 0.000681458157487, -0.0023752937559, 0.000303427572362, -0.00106747203972, 0.00182274996769, -0.00438671326265, 0.00950868427753]]
    },
    "spectral_contrast_coeffs": {
        "mean": [-0.61426192522, -0.724229574203, -0.732269465923, -0.803781092167, -0.80934971571, -0.813572049141],
        "var": [0.00895497947931, 0.00862275902182, 0.00534786935896, 0.00350558198988, 0.00229883636348, 0.00152464467101]
    },
    "spectral_contrast_valleys": {
        "mean": [-8.17753314972, -7.20036888123, -8.17492580414, -8.8755569458, -8.69885063171, -10.5243320465],
        "var": [2.10179615021, 0.675123751163, 0.896943628788, 1.27169334888, 1.36048328876, 1.78967583179]
    }
},
"metadata": {
    "audio_properties": {
        "analysis_sample_rate": 44100,
        "bit_rate": 128074,
        "equal_loudness": 0,
        "length": 45.0612258911,
        "lossless": 0,
        "replay_gain": -5.31182479858,
        "sample_rate": 44100,
        "codec": "mp3",
        "downmix": "mix",
        "md5_encoded": "fd529b367e657ecf21b5106b93b179bc"
    },
    "tags": {
        "file_name": "1544.mp3"
    },
    "version": {
        "essentia": "2.1-beta2",
        "essentia_git_sha": "v2.1_beta2",
        "extractor": "music 1.0"
    }
},
"rhythm": {
    "beats_count": 69,
    "beats_loudness": {
        "mean": 0.0690012574196,
        "var": 0.00373827456497
    },
    "bpm": 92.9267578125,
    "bpm_histogram_first_peak_bpm": {
        "mean": 92,
        "var": 0
    },
    "bpm_histogram_first_peak_spread": {
        "mean": 0.45454543829,
        "var": 0
    },
    "bpm_histogram_first_peak_weight": {
        "mean": 0.529411792755,
        "var": 0
    },
    "bpm_histogram_second_peak_bpm": {
        "mean": 83,
        "var": 0
    },
    "bpm_histogram_second_peak_spread": {
        "mean": 0.5,
        "var": 0
    },
    "bpm_histogram_second_peak_weight": {
        "mean": 0.0147058824077,
        "var": 0
    },
    "danceability": 1.0313616991,
    "onset_rate": 4.45858764648,
    "beats_loudness_band_ratio": {
        "mean": [0.484860897064, 0.251286238432, 0.123375602067, 0.0482199750841, 0.0398260690272, 0.126927286386],
        "var": [0.123906619847, 0.0549750328064, 0.0274089761078, 0.00654495693743, 0.00144601368811, 0.0148422876373]
    },
    "beats_position": [0.696598649025, 1.4164172411, 2.12462592125, 2.80961441994, 3.45977306366, 4.1099319458, 4.76009082794, 5.39863920212, 6.03718805313, 6.68734693527, 7.33750534058, 7.97605419159, 8.6146030426, 9.26476192474, 9.91492080688, 10.5650787354, 11.2036275864, 11.8421764374, 12.4923353195, 13.1424942017, 13.7926530838, 14.4312019348, 15.0697498322, 15.7082986832, 16.3584575653, 16.99700737, 17.6471652985, 18.2973232269, 18.9474830627, 19.5976409912, 20.247800827, 20.9095687866, 21.548116684, 22.1866664886, 22.825214386, 23.4753742218, 24.1255321503, 24.764081955, 25.4142398834, 26.0527877808, 26.6913375854, 27.3298854828, 27.9800453186, 28.6302032471, 29.2687530518, 29.9189109802, 30.5574588776, 31.2076187134, 31.8461666107, 32.4847145081, 33.1348762512, 33.7850341797, 34.4351921082, 35.0737419128, 35.7122879028, 36.362449646, 37.000995636, 37.6511573792, 38.2897033691, 38.9398651123, 39.5900230408, 40.2401809692, 40.8787307739, 41.5172767639, 42.1674385071, 42.8175964355, 43.467754364, 44.1063041687, 44.7448501587]
},
"tonal": {
    "chords_changes_rate": 0.09465020895,
    "chords_number_rate": 0.0123456791043,
    "chords_strength": {
        "mean": 0.423635035753,
        "var": 0.00671994965523
    },
    "hpcp_entropy": {
        "mean": 1.91110229492,
        "var": 0.671827018261
    },
    "key_strength": 0.467720389366,
    "tuning_diatonic_strength": 0.393715530634,
    "tuning_equal_tempered_deviation": 0.216340795159,
    "tuning_frequency": 450.284484863,
    "tuning_nontempered_energy_ratio": 0.921751797199,
    "hpcp": {
        "mean": [0.0796020627022, 0.0645133033395, 0.0595324896276, 0.0505031459033, 0.0763830393553, 0.150760933757, 0.127365961671, 0.0494236424565, 0.0376551263034, 0.0442954301834, 0.0989022776484, 0.179757907987, 0.136811852455, 0.0636850446463, 0.0794708803296, 0.0836579501629, 0.0684666633606, 0.0580245144665, 0.0479962900281, 0.0553314201534, 0.0884405449033, 0.101869463921, 0.0813314542174, 0.0550140142441, 0.0423771627247, 0.0839494764805, 0.151646956801, 0.123819552362, 0.0793757736683, 0.203512966633, 0.340222746134, 0.289935171604, 0.202911451459, 0.16539503634, 0.120653860271, 0.095698222518],
        "var": [0.0362347066402, 0.0251216851175, 0.021987574175, 0.0149941891432, 0.0248665213585, 0.0757521614432, 0.0546624213457, 0.013670518063, 0.0121298013255, 0.0177062340081, 0.0339427478611, 0.101186178625, 0.0607409179211, 0.0213498789817, 0.0344991348684, 0.0379118993878, 0.029370540753, 0.0257974211127, 0.0183435995132, 0.0204533170909, 0.0407358966768, 0.0482816882432, 0.0430749058723, 0.0231620091945, 0.0166124682873, 0.0309714414179, 0.0834540724754, 0.0513478927314, 0.029477769509, 0.073736153543, 0.171297609806, 0.105884343386, 0.102762393653, 0.0779816880822, 0.061094224453, 0.0406292006373]
    },
    "chords_histogram": [23.0452671051, 5.14403295517, 0.617283940315, 4.62962961197, 0, 2.57201647758, 0, 6.06995868683, 5.55555534363, 15.4320983887, 0, 0, 0, 0, 0, 0, 0, 0, 1.13168728352, 6.17283964157, 6.89300394058, 4.52674913406, 18.2098770142, 0],
    "thpcp": [1, 0.852192223072, 0.596407651901, 0.486137509346, 0.354631960392, 0.281281083822, 0.233970433474, 0.189620777965, 0.174980923533, 0.148441419005, 0.224508911371, 0.443124204874, 0.374360501766, 0.14526848495, 0.110677860677, 0.130195379257, 0.290698617697, 0.528353571892, 0.402124345303, 0.187186315656, 0.233584851027, 0.245891705155, 0.201240703464, 0.170548602939, 0.141073137522, 0.162632927299, 0.259948939085, 0.299419909716, 0.239053547382, 0.161699995399, 0.124557115138, 0.246748566628, 0.445728451014, 0.363936722279, 0.233305305243, 0.598175644875],
    "chords_key": "C",
    "chords_scale": "minor",
    "key_key": "C",
    "key_scale": "minor"
}
}