{
"lowlevel": {
    "average_loudness": 0.711035370827,
    "barkbands_crest": {
        "mean": 13.7656116486,
        "var": 34.9549980164
    },
    "barkbands_flatness_db": {
        "mean": 0.153772816062,
        "var": 0.00633313786238
    },
    "barkbands_kurtosis": {
        "mean": 19.3554515839,
        "var": 3548.34448242
    },
    "barkbands_skewness": {
        "mean": 2.42936587334,
        "var": 10.5465812683
    },
    "barkbands_spread": {
        "mean": 36.3941841125,
        "var": 816.95526123
    },
    "dissonance": {
        "mean": 0.466723710299,
        "var": 0.000989514752291
    },
    "dynamic_complexity": 5.00396776199,
    "erbbands_crest": {
        "mean": 9.73115539551,
        "var": 38.6364059448
    },
    "erbbands_flatness_db": {
        "mean": 0.125701218843,
        "var": 0.00211407546885
    },
    "erbbands_kurtosis": {
        "mean": 1.59817230701,
        "var": 28.2389392853
    },
    "erbbands_skewness": {
        "mean": -0.0289412494749,
        "var": 1.57699584961
    },
    "erbbands_spread": {
        "mean": 57.2863693237,
        "var": 1058.05822754
    },
    "hfc": {
        "mean": 29.02252388,
        "var": 4899.83154297
    },
    "melbands_crest": {
        "mean": 18.2315940857,
        "var": 34.7592468262
    },
    "melbands_flatness_db": {
        "mean": 0.226378023624,
        "var": 0.011719561182
    },
    "melbands_kurtosis": {
        "mean": 64.1582641602,
        "var": 14730.5957031
    },
    "melbands_skewness": {
        "mean": 4.98488330841,
        "var": 19.3724517822
    },
    "melbands_spread": {
        "mean": 35.4217262268,
        "var": 1691.20446777
    },
    "pitch_salience": {
        "mean": 0.413975477219,
        "var": 0.029558295384
    },
    "silence_rate_20dB": {
        "mean": 0.998970150948,
        "var": 0.00102880958002
    },
    "silence_rate_30dB": {
        "mean": 0.903707504272,
        "var": 0.0870205387473
    },
    "silence_rate_60dB": {
        "mean": 0.186920702457,
        "var": 0.151983857155
    },
    "spectral_centroid": {
        "mean": 1978.26171875,
        "var": 1190016.375
    },
    "spectral_complexity": {
        "mean": 9.12152385712,
        "var": 108.399368286
    },
    "spectral_decrease": {
        "mean": -7.14426473536e-009,
        "var": 1.90401915705e-016
    },
    "spectral_energy": {
        "mean": 0.0295965578407,
        "var": 0.00300434231758
    },
    "spectral_energyband_high": {
        "mean": 0.00236999359913,
        "var": 4.11337823607e-005
    },
    "spectral_energyband_low": {
        "mean": 0.0199094004929,
        "var": 0.00199560145847
    },
    "spectral_energyband_middle_high": {
        "mean": 0.00371345644817,
        "var": 0.000159150906256
    },
    "spectral_energyband_middle_low": {
        "mean": 0.00420988211408,
        "var": 0.000276224047411
    },
    "spectral_entropy": {
        "mean": 7.85159111023,
        "var": 0.318512409925
    },
    "spectral_flux": {
        "mean": 0.078645080328,
        "var": 0.00779032986611
    },
    "spectral_kurtosis": {
        "mean": 2.27010369301,
        "var": 9.74273967743
    },
    "spectral_rms": {
        "mean": 0.00411319453269,
        "var": 1.19563037515e-005
    },
    "spectral_rolloff": {
        "mean": 2971.31811523,
        "var": 14967301
    },
    "spectral_skewness": {
        "mean": 1.1698474884,
        "var": 0.247993722558
    },
    "spectral_spread": {
        "mean": 7007047.5,
        "var": 6.89725557965e+012
    },
    "spectral_strongpeak": {
        "mean": 0.619631946087,
        "var": 1.57086896896
    },
    "zerocrossingrate": {
        "mean": 0.0988814756274,
        "var": 0.00677558034658
    },
    "barkbands": {
        "mean": [0.000576653226744, 0.0157557949424, 0.00311123742722, 0.00090243795421, 0.0010763076134, 0.000403697282309, 0.000448669714388, 0.000704512174707, 0.000308341055643, 0.000551486562472, 0.000854007666931, 0.000308105081785, 0.000352386501618, 0.00021713496244, 0.00014994139201, 0.000254191021668, 0.00035369064426, 0.000355948257493, 0.000378085824195, 0.000296405312838, 0.00037232003524, 0.000508229830302, 0.000339620368322, 0.000328226422425, 0.000268489471637, 0.000385393126635, 3.52314200427e-005],
        "var": [2.4495946036e-006, 0.00128593796398, 0.000158008129802, 4.57699534309e-005, 2.93091216008e-005, 2.38320467361e-006, 4.7595281103e-006, 2.26545507758e-005, 1.96356813831e-006, 3.40080919159e-006, 1.16249493658e-005, 1.75438958649e-006, 6.65199513605e-006, 1.2113697494e-006, 4.41592845846e-007, 1.24775021959e-006, 2.51260553341e-006, 2.0906793452e-006, 1.46649597355e-006, 1.09275208615e-006, 2.45915043706e-006, 2.96243979392e-006, 1.11055896923e-006, 7.16916190413e-007, 3.77551373276e-007, 8.65374374825e-007, 1.08030340229e-008]
    },
    "erbbands": {
        "mean": [0.419534087181, 3.48110699654, 5.13024139404, 3.0005967617, 3.86096763611, 2.94250583649, 2.4284260273, 3.48886036873, 6.02273845673, 12.986741066, 10.2941055298, 6.41129112244, 21.5369472504, 11.0813655853, 39.4731445313, 14.0489311218, 18.6780567169, 10.7979326248, 8.7796087265, 10.4132585526, 14.9944133759, 19.7666492462, 20.6504573822, 18.7826271057, 19.2256240845, 12.9420661926, 13.0899019241, 16.0128288269, 17.8154182434, 15.26445961, 8.87544727325, 7.31158590317, 5.06177997589, 2.97976326942, 1.96590411663, 1.85442149639, 0.603112876415, 0.128886252642, 0.00431024981663, 0.000133041321533],
        "var": [1.17077636719, 63.6872711182, 211.491729736, 431.371795654, 436.900421143, 256.2762146, 179.244018555, 162.323776245, 411.884643555, 7047.18994141, 4290.62353516, 652.298522949, 5632.05126953, 1888.53442383, 25453.9648438, 2708.80566406, 18417.6503906, 3138.78295898, 1772.78674316, 1964.6541748, 3793.31738281, 7623.05712891, 7734.78808594, 3644.8815918, 4200.02148438, 2157.1328125, 2708.30395508, 4642.01074219, 3840.04541016, 2432.10107422, 709.548034668, 418.50491333, 168.549041748, 49.9101791382, 20.0303230286, 21.3062591553, 2.11287546158, 0.100536197424, 0.000148155901115, 7.1721025563e-008]
    },
    "gfcc": {
        "mean": [-43.6673736572, 41.9676895142, -78.6329879761, 51.5127563477, -51.8597106934, 31.1220169067, -20.8101615906, 23.3825130463, -22.2135410309, 5.12628984451, -16.5799884796, 10.238992691, -11.8281450272],
        "cov": [[6639.875, -1707.49169922, -66.6268463135, -632.632019043, 49.017868042, 154.491821289, -73.300567627, 71.8093109131, -86.0687332153, 312.186859131, -176.369842529, 212.224578857, -252.70741272], [-1707.49169922, 2512.04174805, -144.323608398, 241.961837769, -57.9780311584, -147.86315918, 156.784744263, -142.841598511, 106.13520813, -218.387985229, 225.858184814, -164.228622437, 197.446090698], [-66.6268463135, -144.323608398, 1284.80664063, 85.4736251831, 28.3630752563, 76.2154083252, -5.82805204391, 34.2143630981, -42.4999427795, 2.5372838974, -59.9368209839, 45.6723594666, 43.606880188], [-632.632019043, 241.961837769, 85.4736251831, 513.328308105, 141.426010132, -42.6550064087, -6.69141817093, -7.05486392975, 80.6641387939, -46.7346343994, 28.1700630188, -38.9580001831, 51.6723747253], [49.017868042, -57.9780311584, 28.3630752563, 141.426010132, 420.649902344, 93.4156951904, 55.5638198853, 28.5931854248, -7.96561145782, -4.03215789795, -27.2037830353, 0.370461821556, -11.0541200638], [154.491821289, -147.86315918, 76.2154083252, -42.6550064087, 93.4156951904, 275.367767334, 96.4687652588, 14.7554998398, -19.7927951813, 9.68606948853, -32.1624412537, 8.7849111557, -10.1293449402], [-73.300567627, 156.784744263, -5.82805204391, -6.69141817093, 55.5638198853, 96.4687652588, 198.270690918, 25.1240158081, -13.6692867279, -24.8381500244, 8.51567459106, -11.2477912903, 14.5581960678], [71.8093109131, -142.841598511, 34.2143630981, -7.05486392975, 28.5931854248, 14.7554998398, 25.1240158081, 144.450653076, 16.3501930237, 5.33836746216, -11.5159931183, 26.7539863586, 4.04713726044], [-86.0687332153, 106.13520813, -42.4999427795, 80.6641387939, -7.96561145782, -19.7927951813, -13.6692867279, 16.3501930237, 158.629501343, 39.93932724, 21.2007083893, -14.4601211548, 24.2700214386], [312.186859131, -218.387985229, 2.5372838974, -46.7346343994, -4.03215789795, 9.68606948853, -24.8381500244, 5.33836746216, 39.93932724, 133.795822144, 20.5722084045, 21.9150028229, -29.0622596741], [-176.369842529, 225.858184814, -59.9368209839, 28.1700630188, -27.2037830353, -32.1624412537, 8.51567459106, -11.5159931183, 21.2007083893, 20.5722084045, 136.200866699, 23.3913173676, 12.8346281052], [212.224578857, -164.228622437, 45.6723594666, -38.9580001831, 0.370461821556, 8.7849111557, -11.2477912903, 26.7539863586, -14.4601211548, 21.9150028229, 23.3913173676, 94.8112792969, 8.54995155334], [-252.70741272, 197.446090698, 43.606880188, 51.6723747253, -11.0541200638, -10.1293449402, 14.5581960678, 4.04713726044, 24.2700214386, -29.0622596741, 12.8346281052, 8.54995155334, 86.1015930176]],
        "icov": [[0.000224921896006, 3.00266510749e-005, 1.92639599845e-005, 0.000164565644809, -5.24316710653e-005, 1.26809263747e-005, -4.36044247181e-005, 5.59126201551e-005, -5.6755499827e-005, -0.000299937470118, 0.000312888296321, -0.000467336503789, 0.000396800140152], [3.00266510749e-005, 0.00104583334178, -5.94318044023e-005, 0.000251070712693, -0.000160208233865, 0.000410258420743, -0.000629442627542, 0.000734020431992, -0.000609827053268, 0.001383920433, -0.00187214883044, 0.00174903112929, -0.00158670009114], [1.92639599845e-005, -5.94318044023e-005, 0.000895542965736, -0.000308873626636, 0.000126757557155, -0.000298608356388, 0.000156291891471, -0.000194088730495, 0.000500888680108, -0.000461810093839, 0.000636565557215, -0.00053721992299, -0.000450130057288], [0.000164565644809, 0.000251070712693, -0.000308873626636, 0.00315331155434, -0.00133431714494, 0.000585629721172, 0.00023582445283, 0.00042076286627, -0.00171167007647, 0.00135663175024, -0.00114407774527, 0.00116865546443, -0.000995903275907], [-5.24316710653e-005, -0.000160208233865, 0.000126757557155, -0.00133431714494, 0.00320689030923, -0.00096534169279, -0.000458345195511, -0.000565154186916, 0.000659156765323, -0.000534256570973, 0.000930910347961, -0.000675574992783, 0.000914469186682], [1.26809263747e-005, 0.000410258420743, -0.000298608356388, 0.000585629721172, -0.00096534169279, 0.00530377449468, -0.00276304315776, 0.000734866887797, -0.000373657094315, -8.53980600368e-005, 0.000480693182908, -9.78065218078e-005, -0.000156579626491], [-4.36044247181e-005, -0.000629442627542, 0.000156291891471, 0.00023582445283, -0.000458345195511, -0.00276304315776, 0.0074942461215, -0.00190701778047, 0.00100006186403, 0.000306304136757, -0.000683237740304, 0.00102235481609, -0.000644819287118], [5.59126201551e-005, 0.000734020431992, -0.000194088730495, 0.00042076286627, -0.000565154186916, 0.000734866887797, -0.00190701778047, 0.0086304731667, -0.00214466941543, 0.00126953434665, 0.000113889916975, -0.00191506161354, -0.000536447856575], [-5.6755499827e-005, -0.000609827053268, 0.000500888680108, -0.00171167007647, 0.000659156765323, -0.000373657094315, 0.00100006186403, -0.00214466941543, 0.0097245471552, -0.00498630432412, 0.000524328905158, 0.00163056980819, -0.00268645002507], [-0.000299937470118, 0.001383920433, -0.000461810093839, 0.00135663175024, -0.000534256570973, -8.53980600368e-005, 0.000306304136757, 0.00126953434665, -0.00498630432412, 0.0133926626295, -0.00473521091044, 0.000691878667567, 0.0017388939159], [0.000312888296321, -0.00187214883044, 0.000636565557215, -0.00114407774527, 0.000930910347961, 0.000480693182908, -0.000683237740304, 0.000113889916975, 0.000524328905158, -0.00473521091044, 0.0133310891688, -0.00725274858996, 0.00284885778092], [-0.000467336503789, 0.00174903112929, -0.00053721992299, 0.00116865546443, -0.000675574992783, -9.78065218078e-005, 0.00102235481609, -0.00191506161354, 0.00163056980819, 0.000691878667567, -0.00725274858996, 0.0185428168625, -0.00697909807786], [0.000396800140152, -0.00158670009114, -0.000450130057288, -0.000995903275907, 0.000914469186682, -0.000156579626491, -0.000644819287118, -0.000536447856575, -0.00268645002507, 0.0017388939159, 0.00284885778092, -0.00697909807786, 0.0190887972713]]
    },
    "melbands": {
        "mean": [0.00404106499627, 0.00356688792817, 0.000560453219805, 0.000258396554273, 9.01910025277e-005, 8.44531896291e-005, 8.99864462554e-005, 0.000159297589562, 7.29414532543e-005, 4.4115979108e-005, 0.000106376945041, 3.65932319255e-005, 0.000116052950034, 6.22192310402e-005, 3.28398527927e-005, 3.4410149965e-005, 1.95676020667e-005, 1.45467474795e-005, 1.23312265714e-005, 1.74026863533e-005, 1.74514007085e-005, 2.06357999559e-005, 1.95602788153e-005, 1.66564695974e-005, 1.50231353473e-005, 1.36431617648e-005, 1.30940070449e-005, 7.45724037188e-006, 7.79072342993e-006, 8.91988565854e-006, 9.15037799132e-006, 9.52950813371e-006, 1.06245170173e-005, 7.61054798204e-006, 4.98864392284e-006, 4.74683474749e-006, 4.47260390501e-006, 3.87196541851e-006, 2.87228613161e-006, 2.37020708482e-006],
        "var": [9.17430515983e-005, 7.17416187399e-005, 1.30771140903e-005, 1.76968978849e-006, 2.58500335804e-007, 8.64440679038e-008, 1.08926464293e-007, 1.13487078579e-006, 1.91353166201e-007, 3.12996313312e-008, 1.37348479257e-007, 2.6063814218e-008, 2.15694271333e-007, 5.38814433071e-008, 3.35038130572e-008, 6.27483700555e-008, 9.38146893503e-009, 5.23928900265e-009, 3.21983995022e-009, 6.47105258267e-009, 5.10307041068e-009, 8.52430126486e-009, 6.89859591674e-009, 5.28989874127e-009, 2.35774155755e-009, 2.15353468391e-009, 2.25562968303e-009, 7.44597661306e-010, 1.00953556625e-009, 1.44169021166e-009, 1.49637868763e-009, 1.15151599367e-009, 1.42369249723e-009, 6.16689810329e-010, 2.30153146541e-010, 2.09477948876e-010, 1.57735199902e-010, 1.10529439767e-010, 4.93966360871e-011, 3.03714900451e-011]
    },
    "mfcc": {
        "mean": [-699.094543457, 75.1106109619, 32.0016899109, 32.3650817871, 8.49845027924, 13.6267766953, 13.7144575119, 21.3112487793, 9.90445804596, 4.65953207016, 3.27004766464, 1.71263480186, 4.04318904877],
        "cov": [[5827.32080078, -985.715209961, -601.155395508, -588.855957031, -164.539382935, 42.4755439758, -101.680763245, -127.109863281, -60.9147148132, 41.1721763611, 119.356552124, 85.7219390869, 57.6213989258], [-985.715209961, 1702.86584473, 115.460334778, 156.322875977, -81.8717727661, 3.6362760067, 77.8237533569, 27.1356182098, -33.2694396973, -34.558177948, -29.7112312317, -8.75663566589, -0.931390285492], [-601.155395508, 115.460334778, 1043.70141602, 97.7680969238, 47.2690734863, 4.26676845551, 7.42570924759, 7.21456336975, 42.2131690979, -26.5877285004, -55.1971435547, 4.10006809235, -16.939081192], [-588.855957031, 156.322875977, 97.7680969238, 493.079956055, 161.043838501, -2.90571212769, -12.39727211, 21.9524097443, 20.656703949, 8.00955581665, -28.6627006531, -5.97887563705, 27.5081119537], [-164.539382935, -81.8717727661, 47.2690734863, 161.043838501, 315.486602783, 81.1253967285, 31.5394020081, 44.8079185486, 41.8053703308, 11.9011011124, 6.04049539566, -12.9409322739, 9.27269268036], [42.4755439758, 3.6362760067, 4.26676845551, -2.90571212769, 81.1253967285, 243.308731079, 89.529624939, 23.6707267761, 34.2808418274, 30.3123188019, 16.517660141, -12.4094562531, -2.18411231041], [-101.680763245, 77.8237533569, 7.42570924759, -12.39727211, 31.5394020081, 89.529624939, 218.810470581, 83.8071517944, 12.1455545425, 4.35518598557, -1.61397635937, -24.6027584076, -16.8471736908], [-127.109863281, 27.1356182098, 7.21456336975, 21.9524097443, 44.8079185486, 23.6707267761, 83.8071517944, 144.235198975, 55.4176635742, -1.11379110813, -3.2465531826, -15.2135696411, -5.79910469055], [-60.9147148132, -33.2694396973, 42.2131690979, 20.656703949, 41.8053703308, 34.2808418274, 12.1455545425, 55.4176635742, 124.447990417, 51.2957305908, -6.76278162003, -15.4999752045, -16.4220619202], [41.1721763611, -34.558177948, -26.5877285004, 8.00955581665, 11.9011011124, 30.3123188019, 4.35518598557, -1.11379110813, 51.2957305908, 103.29032135, 29.6041564941, -16.1998386383, -10.6163291931], [119.356552124, -29.7112312317, -55.1971435547, -28.6627006531, 6.04049539566, 16.517660141, -1.61397635937, -3.2465531826, -6.76278162003, 29.6041564941, 88.9090499878, 29.7416324615, -0.291073441505], [85.7219390869, -8.75663566589, 4.10006809235, -5.97887563705, -12.9409322739, -12.4094562531, -24.6027584076, -15.2135696411, -15.4999752045, -16.1998386383, 29.7416324615, 103.246330261, 43.0395393372], [57.6213989258, -0.931390285492, -16.939081192, 27.5081119537, 9.27269268036, -2.18411231041, -16.8471736908, -5.79910469055, -16.4220619202, -10.6163291931, -0.291073441505, 43.0395393372, 121.913902283]],
        "icov": [[0.000228268385399, 0.000101825185993, 9.05247579794e-005, 0.000210399361094, 2.41715843003e-005, -7.40828472772e-005, 5.03720693814e-005, 9.41673570196e-005, 2.86312406388e-005, -4.61869385617e-005, -8.53713281685e-005, -8.76468111528e-005, -0.000103159174614], [0.000101825185993, 0.00070494634565, -1.77244128281e-005, -0.000241117842961, 0.000393915193854, -0.000113077323476, -0.000224112460273, -4.27289342042e-005, 0.000165176446899, 0.000131873879582, -3.36320881615e-005, 2.90109323942e-006, -2.31593294302e-005], [9.05247579794e-005, -1.77244128281e-005, 0.00108392699622, -5.66757116758e-005, -9.402789874e-005, -2.10043963307e-005, -8.88844806468e-005, 0.000315985060297, -0.000549107731786, 0.000353643408744, 0.000515779305715, -0.000380086334189, 0.000222237795242], [0.000210399361094, -0.000241117842961, -5.66757116758e-005, 0.00300673744641, -0.00161973282229, 0.000368019129382, 0.00046420795843, -0.000243604183197, 0.000413226342062, -0.000960380828474, 0.00105270021595, -0.000271822733339, -0.00053472945001], [2.41715843003e-005, 0.000393915193854, -9.402789874e-005, -0.00161973282229, 0.00473264371976, -0.00141932931729, 8.51653112477e-006, -0.000644721207209, -0.000916741555557, 0.000974962371401, -0.00121964223217, 0.000781441747677, -0.000388263171772], [-7.40828472772e-005, -0.000113077323476, -2.10043963307e-005, 0.000368019129382, -0.00141932931729, 0.00576174492016, -0.00261170580052, 0.00150187930558, -0.00154515472241, -0.000412701832829, -0.000901688588783, 0.000360608333722, -0.000503632065374], [5.03720693814e-005, -0.000224112460273, -8.88844806468e-005, 0.00046420795843, 8.51653112477e-006, -0.00261170580052, 0.00767352757975, -0.00503288162872, 0.00286882906221, -0.00131703633815, 0.000924186722841, 0.000380219949875, 0.000770674785599], [9.41673570196e-005, -4.27289342042e-005, 0.000315985060297, -0.000243604183197, -0.000644721207209, 0.00150187930558, -0.00503288162872, 0.0128684258088, -0.00743483100086, 0.00453915074468, -0.00243977922946, 0.00143370579462, -0.00107157998718], [2.86312406388e-005, 0.000165176446899, -0.000549107731786, 0.000413226342062, -0.000916741555557, -0.00154515472241, 0.00286882906221, -0.00743483100086, 0.0160777103156, -0.00926568731666, 0.00490491697565, -0.00194710213691, 0.00196096929722], [-4.61869385617e-005, 0.000131873879582, 0.000353643408744, -0.000960380828474, 0.000974962371401, -0.000412701832829, -0.00131703633815, 0.00453915074468, -0.00926568731666, 0.0174638237804, -0.00785007420927, 0.00446936581284, -0.00108288542833], [-8.53713281685e-005, -3.36320881615e-005, 0.000515779305715, 0.00105270021595, -0.00121964223217, -0.000901688588783, 0.000924186722841, -0.00243977922946, 0.00490491697565, -0.00785007420927, 0.0174620598555, -0.00681233312935, 0.00238627917133], [-8.76468111528e-005, 2.90109323942e-006, -0.000380086334189, -0.000271822733339, 0.000781441747677, 0.000360608333722, 0.000380219949875, 0.00143370579462, -0.00194710213691, 0.00446936581284, -0.00681233312935, 0.0146303223446, -0.00493658985943], [-0.000103159174614, -2.31593294302e-005, 0.000222237795242, -0.00053472945001, -0.000388263171772, -0.000503632065374, 0.000770674785599, -0.00107157998718, 0.00196096929722, -0.00108288542833, 0.00238627917133, -0.00493658985943, 0.0103969788179]]
    },
    "spectral_contrast_coeffs": {
        "mean": [-0.686033070087, -0.752573728561, -0.768710851669, -0.801267325878, -0.790606379509, -0.767401218414],
        "var": [0.00414962973446, 0.00406363327056, 0.00374876568094, 0.00219678273425, 0.00235115387477, 0.00254713837057]
    },
    "spectral_contrast_valleys": {
        "mean": [-7.76418113708, -8.02687168121, -8.2735786438, -8.76347351074, -8.14256668091, -9.98333930969],
        "var": [0.883828520775, 1.00931310654, 1.04823839664, 1.20312047005, 1.03364634514, 1.65448081493]
    }
},
"metadata": {
    "audio_properties": {
        "analysis_sample_rate": 44100,
        "bit_rate": 128074,
        "equal_loudness": 0,
        "length": 45.0612258911,
        "lossless": 0,
        "replay_gain": -4.75090408325,
        "sample_rate": 44100,
        "codec": "mp3",
        "downmix": "mix",
        "md5_encoded": "72b816a3308f5fa5efae22beba40a479"
    },
    "tags": {
        "file_name": "1546.mp3"
    },
    "version": {
        "essentia": "2.1-beta2",
        "essentia_git_sha": "v2.1_beta2",
        "extractor": "music 1.0"
    }
},
"rhythm": {
    "beats_count": 72,
    "beats_loudness": {
        "mean": 0.067825473845,
        "var": 0.00570044573396
    },
    "bpm": 95.9981079102,
    "bpm_histogram_first_peak_bpm": {
        "mean": 96,
        "var": 0
    },
    "bpm_histogram_first_peak_spread": {
        "mean": 0.25,
        "var": 0
    },
    "bpm_histogram_first_peak_weight": {
        "mean": 0.718309879303,
        "var": 0
    },
    "bpm_histogram_second_peak_bpm": {
        "mean": 108,
        "var": 0
    },
    "bpm_histogram_second_peak_spread": {
        "mean": 0,
        "var": 0
    },
    "bpm_histogram_second_peak_weight": {
        "mean": 0.0281690135598,
        "var": 0
    },
    "danceability": 1.2196161747,
    "onset_rate": 4.05931091309,
    "beats_loudness_band_ratio": {
        "mean": [0.484823971987, 0.0386757403612, 0.0529971830547, 0.0464321151376, 0.0861419588327, 0.312237173319],
        "var": [0.115871109068, 0.00189509592019, 0.00328378588893, 0.00239941990003, 0.0112611074001, 0.0579354576766]
    },
    "beats_position": [0.557278871536, 1.11455774307, 1.67183673382, 2.2523355484, 2.87927436829, 3.50621318817, 4.13315200806, 4.76009082794, 5.38702917099, 6.01396799088, 6.64090681076, 7.25623559952, 7.87156438828, 8.498503685, 9.11383247375, 9.75238037109, 10.379319191, 11.0062580109, 11.6331968307, 12.2601356506, 12.8870744705, 13.5024032593, 14.117732048, 14.7446708679, 15.3716096878, 15.9985485077, 16.6254863739, 17.2524261475, 17.8793640137, 18.5063037872, 19.1216316223, 19.760181427, 20.3871192932, 21.0140590668, 21.6293869019, 22.2447166443, 22.8716545105, 23.4985942841, 24.1255321503, 24.7524719238, 25.37940979, 26.0063495636, 26.6332874298, 27.2602272034, 27.8871650696, 28.5141029358, 29.1410427094, 29.7679805756, 30.3949203491, 31.0102481842, 31.6255779266, 32.2525177002, 32.8794555664, 33.5063934326, 34.1333312988, 34.7602729797, 35.3872108459, 36.0141487122, 36.6294784546, 37.244808197, 37.8717460632, 38.4986839294, 39.1140136719, 39.7525634766, 40.3795013428, 41.006439209, 41.6333770752, 42.2603149414, 42.8872566223, 43.5141944885, 44.1411323547, 44.7564620972]
},
"tonal": {
    "chords_changes_rate": 0.0432098768651,
    "chords_number_rate": 0.00514403311536,
    "chords_strength": {
        "mean": 0.551492273808,
        "var": 0.00743783032522
    },
    "hpcp_entropy": {
        "mean": 2.27775025368,
        "var": 0.477725714445
    },
    "key_strength": 0.650311410427,
    "tuning_diatonic_strength": 0.590256035328,
    "tuning_equal_tempered_deviation": 0.183567494154,
    "tuning_frequency": 434.193115234,
    "tuning_nontempered_energy_ratio": 0.902409791946,
    "hpcp": {
        "mean": [0.0494792386889, 0.0477281995118, 0.0505971051753, 0.0593684799969, 0.0582639575005, 0.0485115908086, 0.0521430931985, 0.0570953078568, 0.0667061060667, 0.146759703755, 0.17047470808, 0.100639767945, 0.0578797645867, 0.0353444293141, 0.0319055654109, 0.05440524593, 0.0741169378161, 0.0814707502723, 0.109705880284, 0.112959295511, 0.0767363607883, 0.0647387430072, 0.0856150761247, 0.221323430538, 0.447127759457, 0.425440967083, 0.196798861027, 0.0772953554988, 0.0644480884075, 0.0913208723068, 0.202336132526, 0.219489768147, 0.150992706418, 0.171252220869, 0.133677080274, 0.0638603270054],
        "var": [0.0153721980751, 0.0154782654718, 0.0178541969508, 0.0180442873389, 0.0197191648185, 0.0161213297397, 0.0169459804893, 0.0233708489686, 0.0201558638364, 0.0558856092393, 0.0703154578805, 0.0473038814962, 0.0255974344909, 0.0108416937292, 0.00641332846135, 0.0132520664483, 0.0270876679569, 0.0329169332981, 0.0493711009622, 0.0588227845728, 0.0378344468772, 0.0292443539947, 0.042887520045, 0.0704784616828, 0.154404863715, 0.155380189419, 0.0796568021178, 0.0278134457767, 0.0291899461299, 0.0357676744461, 0.084912031889, 0.0890102311969, 0.0424748696387, 0.0583159849048, 0.0384854748845, 0.0170379001647]
    },
    "chords_histogram": [65.2263412476, 0, 22.2222213745, 0.308641970158, 2.77777767181, 0.102880656719, 0.514403283596, 1.23456788063, 0, 6.68724298477, 0.205761313438, 0.720164597034, 0, 0, 0, 0, 0, 0, 0, 0, 0, 0, 0, 0],
    "thpcp": [1, 0.951497554779, 0.440140098333, 0.172870844603, 0.144137978554, 0.2042388767, 0.452524214983, 0.490888267756, 0.337694764137, 0.38300511241, 0.298968434334, 0.142823442817, 0.110660180449, 0.106743983924, 0.113160282373, 0.132777437568, 0.13030718267, 0.108496040106, 0.116617880762, 0.127693504095, 0.149188026786, 0.328227669001, 0.381266206503, 0.225080564618, 0.129447937012, 0.079047717154, 0.0713567063212, 0.121677182615, 0.165762320161, 0.1822091043, 0.24535690248, 0.252633154392, 0.17162065208, 0.14478802681, 0.191477879882, 0.49498924613],
    "chords_key": "F",
    "chords_scale": "minor",
    "key_key": "F",
    "key_scale": "minor"
}
}