{
"lowlevel": {
    "average_loudness": 0.969548821449,
    "barkbands_crest": {
        "mean": 12.0291099548,
        "var": 35.1057128906
    },
    "barkbands_flatness_db": {
        "mean": 0.168269559741,
        "var": 0.00607823487371
    },
    "barkbands_kurtosis": {
        "mean": 22.4927349091,
        "var": 7274.62304688
    },
    "barkbands_skewness": {
        "mean": 2.3523645401,
        "var": 12.5671205521
    },
    "barkbands_spread": {
        "mean": 26.4362831116,
        "var": 431.475891113
    },
    "dissonance": {
        "mean": 0.469910830259,
        "var": 0.000565022055525
    },
    "dynamic_complexity": 3.42880988121,
    "erbbands_crest": {
        "mean": 9.15039157867,
        "var": 15.1484394073
    },
    "erbbands_flatness_db": {
        "mean": 0.152357682586,
        "var": 0.00191372015979
    },
    "erbbands_kurtosis": {
        "mean": 0.997758209705,
        "var": 8.41416168213
    },
    "erbbands_skewness": {
        "mean": -0.106664784253,
        "var": 1.1026622057
    },
    "erbbands_spread": {
        "mean": 45.41588974,
        "var": 694.436035156
    },
    "hfc": {
        "mean": 16.2266178131,
        "var": 413.197509766
    },
    "melbands_crest": {
        "mean": 15.8865194321,
        "var": 50.7486915588
    },
    "melbands_flatness_db": {
        "mean": 0.219575792551,
        "var": 0.011732310988
    },
    "melbands_kurtosis": {
        "mean": 48.6520881653,
        "var": 11178.2275391
    },
    "melbands_skewness": {
        "mean": 3.97590899467,
        "var": 14.5736694336
    },
    "melbands_spread": {
        "mean": 32.1388778687,
        "var": 1579.57128906
    },
    "pitch_salience": {
        "mean": 0.502395033836,
        "var": 0.0325527712703
    },
    "silence_rate_20dB": {
        "mean": 1,
        "var": 0
    },
    "silence_rate_30dB": {
        "mean": 0.901132881641,
        "var": 0.0890932679176
    },
    "silence_rate_60dB": {
        "mean": 0.141091659665,
        "var": 0.121186338365
    },
    "spectral_centroid": {
        "mean": 1512.59411621,
        "var": 904153.75
    },
    "spectral_complexity": {
        "mean": 12.5350151062,
        "var": 92.3989944458
    },
    "spectral_decrease": {
        "mean": -8.13541678468e-009,
        "var": 2.01776588805e-016
    },
    "spectral_energy": {
        "mean": 0.0321768000722,
        "var": 0.0029637622647
    },
    "spectral_energyband_high": {
        "mean": 0.000890226860065,
        "var": 3.09589222525e-006
    },
    "spectral_energyband_low": {
        "mean": 0.0228089448065,
        "var": 0.00256831524894
    },
    "spectral_energyband_middle_high": {
        "mean": 0.00275419279933,
        "var": 1.13817122838e-005
    },
    "spectral_energyband_middle_low": {
        "mean": 0.00683582108468,
        "var": 0.000286266847979
    },
    "spectral_entropy": {
        "mean": 7.68001317978,
        "var": 0.234276533127
    },
    "spectral_flux": {
        "mean": 0.10064779222,
        "var": 0.00928117800504
    },
    "spectral_kurtosis": {
        "mean": 4.06490373611,
        "var": 15.253537178
    },
    "spectral_rms": {
        "mean": 0.0044091437012,
        "var": 1.19514297694e-005
    },
    "spectral_rolloff": {
        "mean": 2088.78222656,
        "var": 7242701.5
    },
    "spectral_skewness": {
        "mean": 1.50579190254,
        "var": 0.368970036507
    },
    "spectral_spread": {
        "mean": 5640499,
        "var": 7.68343854285e+012
    },
    "spectral_strongpeak": {
        "mean": 0.584072232246,
        "var": 0.60121178627
    },
    "zerocrossingrate": {
        "mean": 0.0763260051608,
        "var": 0.0048575126566
    },
    "barkbands": {
        "mean": [0.000376674026484, 0.0145156439394, 0.00683620478958, 0.00179580005351, 0.0028993145097, 0.000639317790046, 0.000558319617994, 0.000516060448717, 0.000368142151274, 0.000306208938127, 0.000168847342138, 0.000176193760126, 0.000192219638848, 0.000236743522692, 0.000444615114247, 0.000419889634941, 0.000441805023002, 0.000203081683139, 0.000138139497722, 0.000112544352305, 0.00010565953562, 0.000110857596155, 0.000136961636599, 0.000213096151128, 0.000216485699639, 4.79476257169e-005, 6.14368245166e-009],
        "var": [6.54835559999e-007, 0.00101998075843, 0.000642457627691, 4.29288302257e-005, 0.000152753927978, 1.44936291235e-006, 2.17574506678e-006, 1.46252477862e-006, 5.18282547546e-007, 4.67647566893e-007, 2.43511323106e-007, 2.18349228476e-007, 1.37033083547e-007, 3.10317233243e-007, 8.19706713173e-007, 7.32514592983e-007, 7.79921606409e-007, 3.6673927184e-007, 1.16693584573e-007, 6.16279010046e-008, 6.56004885968e-008, 3.85556191418e-008, 1.22560322779e-007, 3.36300757908e-007, 4.21080869728e-007, 1.00387103075e-008, 4.56817468069e-016]
    },
    "erbbands": {
        "mean": [0.316368430853, 3.5962741375, 8.55690193176, 7.00261449814, 8.41222858429, 9.8522233963, 4.22353458405, 5.60411882401, 7.99555683136, 8.46650886536, 11.757935524, 8.5434179306, 7.56150150299, 10.5498781204, 7.31070327759, 7.34448337555, 8.93441772461, 10.6600027084, 19.5984325409, 23.4716491699, 24.0707473755, 24.4974403381, 12.6679916382, 7.98315811157, 6.63480138779, 5.24128437042, 5.06452322006, 3.82132101059, 4.35035324097, 3.0302259922, 4.06567907333, 4.3349480629, 3.64229369164, 2.61629271507, 1.41356635094, 0.326586931944, 0.0725313797593, 0.00795174017549, 0.000177179288585, 4.69717815577e-005],
        "var": [0.349842756987, 73.4538879395, 805.876403809, 669.735778809, 779.138000488, 2119.07983398, 104.193992615, 125.289733887, 432.634765625, 492.540283203, 667.3046875, 227.230178833, 302.328826904, 607.09173584, 445.432556152, 358.862304688, 263.742950439, 564.888000488, 1519.67687988, 2305.546875, 2174.06542969, 2468.33496094, 1122.96569824, 427.001037598, 246.572494507, 133.864440918, 151.849365234, 70.8157958984, 60.9240570068, 51.5461235046, 105.608520508, 124.37323761, 121.037742615, 65.0813064575, 19.9893569946, 0.603078663349, 0.0243528448045, 0.000301090069115, 1.19344548466e-007, 4.66842831059e-009]
    },
    "gfcc": {
        "mean": [-42.8364486694, 79.1973114014, -106.440658569, 42.8034439087, -52.559261322, 29.4935092926, -44.6872634888, 14.6549110413, -15.4877853394, 4.32160949707, -15.9594697952, -0.904990851879, -5.86342954636],
        "cov": [[5639.7734375, -1010.03961182, 238.189880371, 210.160583496, -270.500823975, -78.7191772461, -208.142684937, 253.451858521, -110.866836548, 65.0649871826, -294.505218506, 6.37488460541, -145.919128418], [-1010.03961182, 1937.54711914, -477.962646484, -217.075424194, 508.443817139, -62.8039627075, 334.438323975, -123.587898254, 280.735321045, -164.181625366, 148.975234985, -59.0040130615, 70.2507705688], [238.189880371, -477.962646484, 1532.32666016, 386.123199463, 218.052490234, 379.211120605, 238.452926636, 119.438583374, -163.118011475, 147.612640381, -16.1635971069, 33.2729110718, -90.8914337158], [210.160583496, -217.075424194, 386.123199463, 662.445068359, 131.932891846, 46.628238678, 53.2532081604, 43.0504417419, -1.07464003563, -20.8337516785, 65.4619293213, -2.61089372635, 22.5344219208], [-270.500823975, 508.443817139, 218.052490234, 131.932891846, 564.652648926, 127.01865387, 190.960510254, -16.361240387, 127.374984741, 1.96782135963, 33.8120231628, -12.5451078415, 16.0822696686], [-78.7191772461, -62.8039627075, 379.211120605, 46.628238678, 127.01865387, 459.196289063, 174.831207275, 75.3318405151, 34.3997459412, 56.9763641357, 42.7643623352, -41.8646125793, 44.2579421997], [-208.142684937, 334.438323975, 238.452926636, 53.2532081604, 190.960510254, 174.831207275, 372.5078125, 44.0211639404, 18.7953796387, 7.82710123062, 49.3799171448, 13.9909706116, 4.86307621002], [253.451858521, -123.587898254, 119.438583374, 43.0504417419, -16.361240387, 75.3318405151, 44.0211639404, 150.677749634, 36.7821807861, 28.9473934174, 6.25896024704, -4.73746061325, 3.42266058922], [-110.866836548, 280.735321045, -163.118011475, -1.07464003563, 127.374984741, 34.3997459412, 18.7953796387, 36.7821807861, 264.774963379, 4.22348546982, 24.1585884094, -32.2935256958, 33.2569847107], [65.0649871826, -164.181625366, 147.612640381, -20.8337516785, 1.96782135963, 56.9763641357, 7.82710123062, 28.9473934174, 4.22348546982, 126.498085022, -4.09313249588, 8.17049217224, -16.0182151794], [-294.505218506, 148.975234985, -16.1635971069, 65.4619293213, 33.8120231628, 42.7643623352, 49.3799171448, 6.25896024704, 24.1585884094, -4.09313249588, 141.136901855, 17.6340427399, 36.1538887024], [6.37488460541, -59.0040130615, 33.2729110718, -2.61089372635, -12.5451078415, -41.8646125793, 13.9909706116, -4.73746061325, -32.2935256958, 8.17049217224, 17.6340427399, 115.961280823, 5.34681367874], [-145.919128418, 70.2507705688, -90.8914337158, 22.5344219208, 16.0822696686, 44.2579421997, 4.86307621002, 3.42266058922, 33.2569847107, -16.0182151794, 36.1538887024, 5.34681367874, 101.318756104]],
        "icov": [[0.000242315712967, -1.54524386744e-005, 7.6478056144e-005, -0.000171209074324, 3.16913065035e-005, -7.7051903645e-005, 0.000128876432427, -0.000475846230984, 0.000114138470963, -6.81634046487e-005, 0.000530004152097, -0.000163101562066, 0.000276141974609], [-1.54524386744e-005, 0.00186644878704, -3.89508568333e-005, 0.00110772042535, -0.00115700811148, 0.0011658994481, -0.00168573949486, 0.00114647310693, -0.00126203848049, 0.00181228050496, -0.00180259812623, 0.00135566829704, -0.000608692760579], [7.6478056144e-005, -3.89508568333e-005, 0.0017079062527, -0.000970827473793, -0.000464830052806, -0.00126989756245, -8.65883775987e-005, -0.000798285589553, 0.00125736440532, -0.00122317578644, 0.000829932105262, -0.000834480801132, 0.00168661994394], [-0.000171209074324, 0.00110772042535, -0.000970827473793, 0.0029906865675, -0.000989185413346, 0.00145217648242, -0.000830501492601, 0.000545657298062, -0.000991514651105, 0.00210096174851, -0.00252590258606, 0.00148902228102, -0.00152624130715], [3.16913065035e-005, -0.00115700811148, -0.000464830052806, -0.000989185413346, 0.00362492143176, -0.000748194288462, -0.000181598050403, 0.000806861731689, -0.00100591941737, -0.000890070630703, 0.00127545034047, -0.000721016200259, 0.000156180074555], [-7.7051903645e-005, 0.0011658994481, -0.00126989756245, 0.00145217648242, -0.000748194288462, 0.00510497856885, -0.00226022745483, 0.000182816584129, -0.00122592819389, 0.000432091066614, -0.00211169361137, 0.00313968560658, -0.00333188124932], [0.000128876432427, -0.00168573949486, -8.65883775987e-005, -0.000830501492601, -0.000181598050403, -0.00226022745483, 0.00574979139492, -0.00222239247523, 0.00155297026504, -0.000815905223135, 0.000850972894114, -0.00218512048014, 0.00144962407649], [-0.000475846230984, 0.00114647310693, -0.000798285589553, 0.000545657298062, 0.000806861731689, 0.000182816584129, -0.00222239247523, 0.0103560751304, -0.00316250207834, 0.000261740176938, -0.00178403791506, 0.00111877126619, -0.0011118183611], [0.000114138470963, -0.00126203848049, 0.00125736440532, -0.000991514651105, -0.00100591941737, -0.00122592819389, 0.00155297026504, -0.00316250207834, 0.0068247076124, -0.00230860011652, 0.00112151401117, -1.19216774692e-005, 0.000110693370516], [-6.81634046487e-005, 0.00181228050496, -0.00122317578644, 0.00210096174851, -0.000890070630703, 0.000432091066614, -0.000815905223135, 0.000261740176938, -0.00230860011652, 0.0119208320975, -0.00223851739429, 0.000328082911437, 0.000487438752316], [0.000530004152097, -0.00180259812623, 0.000829932105262, -0.00252590258606, 0.00127545034047, -0.00211169361137, 0.000850972894114, -0.00178403791506, 0.00112151401117, -0.00223851739429, 0.0118163581938, -0.00333569478244, -0.000703593133949], [-0.000163101562066, 0.00135566829704, -0.000834480801132, 0.00148902228102, -0.000721016200259, 0.00313968560658, -0.00218512048014, 0.00111877126619, -1.19216774692e-005, 0.000328082911437, -0.00333569478244, 0.0115704787895, -0.00280911545269], [0.000276141974609, -0.000608692760579, 0.00168661994394, -0.00152624130715, 0.000156180074555, -0.00333188124932, 0.00144962407649, -0.0011118183611, 0.000110693370516, 0.000487438752316, -0.000703593133949, -0.00280911545269, 0.0143807334825]]
    },
    "melbands": {
        "mean": [0.00352891325019, 0.00475393235683, 0.00123164034449, 0.000775120977778, 0.000172812084202, 0.000128220111947, 0.000120657939988, 9.635699098e-005, 9.34838026296e-005, 5.03456103615e-005, 3.76346833946e-005, 4.40306503151e-005, 2.31629346672e-005, 2.18353397941e-005, 1.87424211617e-005, 1.78849932126e-005, 1.99719343073e-005, 2.93884586426e-005, 3.35773765983e-005, 2.96384823741e-005, 2.7595922802e-005, 2.67641698883e-005, 1.71396604856e-005, 8.31375746202e-006, 6.16679017185e-006, 5.21811580256e-006, 4.04856200475e-006, 3.31990690938e-006, 3.43534770764e-006, 2.40532381213e-006, 2.12127770283e-006, 2.67657969744e-006, 1.79987273441e-006, 1.69208692569e-006, 2.18139780372e-006, 2.84034877041e-006, 2.54765086538e-006, 2.51981191468e-006, 2.41911038756e-006, 2.14963233702e-006],
        "var": [4.96809479955e-005, 0.000176007815753, 1.73358639586e-005, 1.1134477063e-005, 2.93528586326e-007, 6.68742430321e-008, 9.53759595745e-008, 5.84440869034e-008, 3.97567632149e-008, 9.00424801387e-009, 8.05591682251e-009, 1.0804164674e-008, 4.3833670027e-009, 3.32255289948e-009, 1.82734893883e-009, 1.23369581218e-009, 2.33191510546e-009, 3.93429644419e-009, 5.53623324961e-009, 3.82741571769e-009, 3.05120440025e-009, 3.0370999049e-009, 1.87860060841e-009, 6.07559946797e-010, 2.66316690922e-010, 1.53039955708e-010, 9.32974669743e-011, 5.63467293657e-011, 7.05393521372e-011, 4.34242537761e-011, 1.90080486073e-011, 2.41024266517e-011, 1.1713836498e-011, 2.2151993781e-011, 3.26286567209e-011, 6.11877840062e-011, 4.49050241436e-011, 6.28834415095e-011, 5.6077909677e-011, 4.67637283064e-011]
    },
    "mfcc": {
        "mean": [-686.559020996, 105.860115051, 11.6133470535, 17.8872966766, 20.3755836487, 11.7607431412, -3.48628211021, 6.43811130524, 6.24762058258, 5.80661821365, -0.686758458614, 2.23962664604, 1.28479838371],
        "cov": [[5041.01708984, -948.594604492, -30.2793769836, 107.335090637, -116.238929749, -349.620147705, -263.045410156, -48.5357437134, 78.1408996582, -5.64777088165, -130.030380249, 40.7344894409, -115.837188721], [-948.594604492, 1907.7010498, -596.990600586, -122.527244568, 55.7730865479, 166.55480957, 47.3605613708, 145.598709106, 92.2510452271, -4.48319196701, 112.649559021, 44.153678894, 49.0090408325], [-30.2793769836, -596.990600586, 1157.50146484, 182.905883789, 107.182807922, 199.489074707, 341.7449646, 67.4349822998, 45.6574821472, 66.5403213501, 59.0120239258, 2.77433037758, 34.4865570068], [107.335090637, -122.527244568, 182.905883789, 629.04296875, 130.013549805, 32.6345558167, 68.30027771, 75.4672012329, -45.3255691528, -0.991378962994, -7.11758518219, -16.5274562836, 39.0933265686], [-116.238929749, 55.7730865479, 107.182807922, 130.013549805, 387.939605713, 147.686920166, 35.9681968689, 39.8553771973, 62.1855964661, 95.6554412842, 18.7247657776, 24.2805728912, 20.4650688171], [-349.620147705, 166.55480957, 199.489074707, 32.6345558167, 147.686920166, 335.403289795, 196.476593018, 83.3570098877, 92.5035858154, 80.0486221313, 55.5873031616, 12.858953476, 14.1410493851], [-263.045410156, 47.3605613708, 341.7449646, 68.30027771, 35.9681968689, 196.476593018, 398.080200195, 99.9016571045, 36.9389381409, 35.8770370483, 44.8729667664, -2.05737829208, 26.2754440308], [-48.5357437134, 145.598709106, 67.4349822998, 75.4672012329, 39.8553771973, 83.3570098877, 99.9016571045, 194.021636963, 59.0749282837, 27.5024299622, 36.1282691956, 16.1984672546, 29.0652275085], [78.1408996582, 92.2510452271, 45.6574821472, -45.3255691528, 62.1855964661, 92.5035858154, 36.9389381409, 59.0749282837, 177.280670166, 82.966293335, 32.0158042908, 24.632390976, 6.52034235001], [-5.64777088165, -4.48319196701, 66.5403213501, -0.991378962994, 95.6554412842, 80.0486221313, 35.8770370483, 27.5024299622, 82.966293335, 157.682662964, 37.7088394165, 18.8364658356, 14.5079641342], [-130.030380249, 112.649559021, 59.0120239258, -7.11758518219, 18.7247657776, 55.5873031616, 44.8729667664, 36.1282691956, 32.0158042908, 37.7088394165, 101.298316956, 28.2268676758, 16.3946876526], [40.7344894409, 44.153678894, 2.77433037758, -16.5274562836, 24.2805728912, 12.858953476, -2.05737829208, 16.1984672546, 24.632390976, 18.8364658356, 28.2268676758, 100.556373596, 31.0412635803], [-115.837188721, 49.0090408325, 34.4865570068, 39.0933265686, 20.4650688171, 14.1410493851, 26.2754440308, 29.0652275085, 6.52034235001, 14.5079641342, 16.3946876526, 31.0412635803, 101.384635925]],
        "icov": [[0.000261452863924, 0.00011764968076, 2.49030072155e-005, -9.30230817175e-005, 4.3237600039e-005, 0.000250361073995, 3.64660118066e-005, -8.69729628903e-005, -0.00033421072294, -1.06494999272e-005, 0.000186138509889, -0.000267116061877, 0.000315786892315], [0.00011764968076, 0.000950059678871, 0.000687827821821, 6.54616233078e-005, -0.000147820814163, -0.000310470844852, -0.000268723204499, -0.000405172031606, -0.000393686379539, 0.000562664878089, -0.000880224397406, -2.90400184895e-005, -0.000229069759371], [2.49030072155e-005, 0.000687827821821, 0.00174268789124, -0.00020197025151, -0.000229956582189, -0.000335683987942, -0.00122015748639, 6.9715330028e-005, -0.0003401254653, 0.000295456469757, -0.000991989159957, 7.14077905286e-005, -0.000311327137752], [-9.30230817175e-005, 6.54616233078e-005, -0.00020197025151, 0.00209912494756, -0.000824547722004, 9.02277388377e-005, -5.63648100069e-005, -0.000951925409026, 0.00101087987423, 0.000166798548889, 0.000105342362076, 0.000616809236817, -0.000732039858121], [4.3237600039e-005, -0.000147820814163, -0.000229956582189, -0.000824547722004, 0.00392063241452, -0.00159327872097, 0.000843368121423, 0.000133042674861, -8.69694849825e-005, -0.00178336945828, 0.000917213386856, -0.000740347546525, 3.02773478325e-005], [0.000250361073995, -0.000310470844852, -0.000335683987942, 9.02277388377e-005, -0.00159327872097, 0.00632493849844, -0.00220377906226, -0.00030714442255, -0.00166023627389, -0.000612017640378, -0.000631151080597, 6.26242253929e-005, 0.000891378615052], [3.64660118066e-005, -0.000268723204499, -0.00122015748639, -5.63648100069e-005, 0.000843368121423, -0.00220377906226, 0.00492292596027, -0.00130974396598, 0.000707079307176, -0.00021298674983, 0.000180379138328, 0.000436237547547, -0.000332618539687], [-8.69729628903e-005, -0.000405172031606, 6.9715330028e-005, -0.000951925409026, 0.000133042674861, -0.00030714442255, -0.00130974396598, 0.00749810179695, -0.00210899370722, 0.000484171177959, -0.0010219248943, -0.000125215330627, -0.00108437763993], [-0.00033421072294, -0.000393686379539, -0.0003401254653, 0.00101087987423, -8.69694849825e-005, -0.00166023627389, 0.000707079307176, -0.00210899370722, 0.00963996257633, -0.00382742704824, 0.000170400569914, -0.000721612304915, 0.000325952278217], [-1.06494999272e-005, 0.000562664878089, 0.000295456469757, 0.000166798548889, -0.00178336945828, -0.000612017640378, -0.00021298674983, 0.000484171177959, -0.00382742704824, 0.0103207696229, -0.0027680543717, 0.000279392319499, -0.000955890980549], [0.000186138509889, -0.000880224397406, -0.000991989159957, 0.000105342362076, 0.000917213386856, -0.000631151080597, 0.000180379138328, -0.0010219248943, 0.000170400569914, -0.0027680543717, 0.0139520354569, -0.00310706999153, 0.000164383338415], [-0.000267116061877, -2.90400184895e-005, 7.14077905286e-005, 0.000616809236817, -0.000740347546525, 6.26242253929e-005, 0.000436237547547, -0.000125215330627, -0.000721612304915, 0.000279392319499, -0.00310706999153, 0.0125408833846, -0.00382055318914], [0.000315786892315, -0.000229069759371, -0.000311327137752, -0.000732039858121, 3.02773478325e-005, 0.000891378615052, -0.000332618539687, -0.00108437763993, 0.000325952278217, -0.000955890980549, 0.000164383338415, -0.00382055318914, 0.0122487600893]]
    },
    "spectral_contrast_coeffs": {
        "mean": [-0.66372859478, -0.747489631176, -0.791608333588, -0.779184103012, -0.775608062744, -0.786172986031],
        "var": [0.00959102064371, 0.00502897845581, 0.00293208053336, 0.00263546337374, 0.00295434915461, 0.00176257709973]
    },
    "spectral_contrast_valleys": {
        "mean": [-7.62062931061, -7.38366317749, -7.92487335205, -8.02463245392, -8.1930065155, -10.2140026093],
        "var": [1.08154201508, 0.876390457153, 0.819845378399, 0.847033262253, 1.06862032413, 1.57772755623]
    }
},
"metadata": {
    "audio_properties": {
        "analysis_sample_rate": 44100,
        "bit_rate": 128074,
        "equal_loudness": 0,
        "length": 45.0612258911,
        "lossless": 0,
        "replay_gain": -6.20867729187,
        "sample_rate": 44100,
        "codec": "mp3",
        "downmix": "mix",
        "md5_encoded": "a21769920e3eb5f13f3c9ee9360a9ca4"
    },
    "tags": {
        "file_name": "1547.mp3"
    },
    "version": {
        "essentia": "2.1-beta2",
        "essentia_git_sha": "v2.1_beta2",
        "extractor": "music 1.0"
    }
},
"rhythm": {
    "beats_count": 133,
    "beats_loudness": {
        "mean": 0.0832747370005,
        "var": 0.00481380801648
    },
    "bpm": 178.205886841,
    "bpm_histogram_first_peak_bpm": {
        "mean": 178,
        "var": 0
    },
    "bpm_histogram_first_peak_spread": {
        "mean": 0,
        "var": 0
    },
    "bpm_histogram_first_peak_weight": {
        "mean": 0.696969687939,
        "var": 0
    },
    "bpm_histogram_second_peak_bpm": {
        "mean": 172,
        "var": 0
    },
    "bpm_histogram_second_peak_spread": {
        "mean": 0,
        "var": 0
    },
    "bpm_histogram_second_peak_weight": {
        "mean": 0.166666671634,
        "var": 0
    },
    "danceability": 1.93298506737,
    "onset_rate": 5.32368659973,
    "beats_loudness_band_ratio": {
        "mean": [0.576187074184, 0.182733997703, 0.0679386854172, 0.0613879933953, 0.116058237851, 0.0482417866588],
        "var": [0.125213727355, 0.0728428214788, 0.00933730602264, 0.012215196155, 0.0229788459837, 0.0030075260438]
    },
    "beats_position": [0.267029464245, 0.557278871536, 0.870748281479, 1.18421769142, 1.53251695633, 1.86920630932, 2.20589566231, 2.54258489609, 2.87927436829, 3.21596360207, 3.54104304314, 3.87773227692, 4.22603178024, 4.57433080673, 4.91102027893, 5.25931978226, 5.59600877762, 5.93269824982, 6.26938772202, 6.60607719421, 6.94276618958, 7.26784563065, 7.60453510284, 7.94122457504, 8.27791404724, 8.6146030426, 8.95129203796, 9.287981987, 9.61306095123, 9.94974994659, 10.2980499268, 10.6347389221, 10.9714279175, 11.3081178665, 11.6448068619, 11.9814968109, 12.3181858063, 12.6548748016, 13.0031747818, 13.328253746, 13.6649427414, 14.0016326904, 14.3383216858, 14.6750106812, 15.0117006302, 15.3483896255, 15.6850786209, 16.0217685699, 16.3700675964, 16.7067565918, 17.0434455872, 17.3685264587, 17.7168254852, 18.0535144806, 18.390203476, 18.7152824402, 19.0519733429, 19.3886623383, 19.7253513336, 20.062040329, 20.3987293243, 20.7354183197, 21.0837192535, 21.4204082489, 21.7570972443, 22.1053962708, 22.4420852661, 22.7787742615, 23.1154651642, 23.4521541595, 23.7772331238, 24.1139221191, 24.4506111145, 24.7989120483, 25.1356010437, 25.4722900391, 25.7973690033, 26.1340579987, 26.470746994, 26.8190479279, 27.1557369232, 27.4924259186, 27.8291149139, 28.1658039093, 28.5024929047, 28.8391838074, 29.1758728027, 29.5125617981, 29.8492507935, 30.1859397888, 30.5226306915, 30.8593196869, 31.2076187134, 31.5443077087, 31.8809967041, 32.2060775757, 32.5543746948, 32.8910636902, 33.2277526855, 33.5528335571, 33.8895225525, 34.2378234863, 34.5745124817, 34.8995895386, 35.2362823486, 35.572971344, 35.9212684631, 36.2463493347, 36.5946464539, 36.9313354492, 37.2680282593, 37.5931053162, 37.94140625, 38.2780952454, 38.6147842407, 38.9398651123, 39.2881622314, 39.6248512268, 39.9615402222, 40.2982292175, 40.6349182129, 40.9832191467, 41.3199081421, 41.6565971375, 41.981678009, 42.3183670044, 42.6550559998, 42.9917449951, 43.340045929, 43.6767349243, 44.0134239197, 44.350112915, 44.6984100342]
},
"tonal": {
    "chords_changes_rate": 0.0606995895505,
    "chords_number_rate": 0.00514403311536,
    "chords_strength": {
        "mean": 0.557607829571,
        "var": 0.00377120636404
    },
    "hpcp_entropy": {
        "mean": 2.26986670494,
        "var": 0.620545089245
    },
    "key_strength": 0.807479739189,
    "tuning_diatonic_strength": 0.689365684986,
    "tuning_equal_tempered_deviation": 0.221703991294,
    "tuning_frequency": 434.193115234,
    "tuning_nontempered_energy_ratio": 0.915471792221,
    "hpcp": {
        "mean": [0.382881850004, 0.338946729898, 0.165806695819, 0.108087591827, 0.106591545045, 0.104012593627, 0.108661539853, 0.113489545882, 0.105949215591, 0.102134585381, 0.0955130010843, 0.0943896099925, 0.116576932371, 0.12630161643, 0.13095843792, 0.247919023037, 0.286056131124, 0.157339021564, 0.0911842957139, 0.0812133252621, 0.0961693748832, 0.159246817231, 0.171772316098, 0.137327849865, 0.136743456125, 0.114745363593, 0.083814881742, 0.0799836069345, 0.0766978040338, 0.0748211741447, 0.0779851153493, 0.0744043141603, 0.0724161341786, 0.077542938292, 0.095414057374, 0.209287211299],
        "var": [0.152677044272, 0.109920859337, 0.0489972867072, 0.0401246659458, 0.043879378587, 0.0431720986962, 0.0435595326126, 0.0435846857727, 0.0390962474048, 0.0413607023656, 0.0331194251776, 0.0303825493902, 0.0358377620578, 0.043688621372, 0.0335706882179, 0.104809127748, 0.140899538994, 0.0446987897158, 0.0327788814902, 0.0270279292017, 0.0314011648297, 0.0569026917219, 0.0639137849212, 0.0419190563262, 0.0687806010246, 0.0468415878713, 0.0328969359398, 0.0286812689155, 0.0284444615245, 0.0261717140675, 0.0291612781584, 0.0247475225478, 0.0219236481935, 0.025670664385, 0.0322191119194, 0.072622589767]
    },
    "chords_histogram": [29.8353900909, 0, 15.2263374329, 0, 0, 0, 0, 15.3292179108, 1.44032919407, 38.1687240601, 0, 0, 0, 0, 0, 0, 0, 0, 0, 0, 0, 0, 0, 0],
    "thpcp": [1, 0.885251522064, 0.433049231768, 0.282300114632, 0.278392791748, 0.271657139063, 0.283799141645, 0.296408802271, 0.276715159416, 0.26675221324, 0.249458163977, 0.246524110436, 0.304472327232, 0.329870998859, 0.342033535242, 0.64750790596, 0.747113347054, 0.410933613777, 0.238152563572, 0.212110668421, 0.251172453165, 0.415916353464, 0.448630094528, 0.358669012785, 0.357142686844, 0.299688696861, 0.218905344605, 0.208898931742, 0.200317159295, 0.195415824652, 0.203679323196, 0.19432708621, 0.189134418964, 0.202524453402, 0.249199733138, 0.546610414982],
    "chords_key": "A",
    "chords_scale": "major",
    "key_key": "D",
    "key_scale": "minor"
}
}