{
"lowlevel": {
    "average_loudness": 0.983865022659,
    "barkbands_crest": {
        "mean": 17.6311531067,
        "var": 14.5756874084
    },
    "barkbands_flatness_db": {
        "mean": 0.25411221385,
        "var": 0.00720405904576
    },
    "barkbands_kurtosis": {
        "mean": 24.8570632935,
        "var": 382.292327881
    },
    "barkbands_skewness": {
        "mean": 3.81101298332,
        "var": 2.22770810127
    },
    "barkbands_spread": {
        "mean": 6.58356761932,
        "var": 69.5465621948
    },
    "dissonance": {
        "mean": 0.448029726744,
        "var": 0.000874627789017
    },
    "dynamic_complexity": 0.996885061264,
    "erbbands_crest": {
        "mean": 6.97623109818,
        "var": 4.46849536896
    },
    "erbbands_flatness_db": {
        "mean": 0.153146520257,
        "var": 0.00303516327403
    },
    "erbbands_kurtosis": {
        "mean": 1.47625720501,
        "var": 1.77425038815
    },
    "erbbands_skewness": {
        "mean": 0.946893751621,
        "var": 0.331060945988
    },
    "erbbands_spread": {
        "mean": 31.9571323395,
        "var": 149.236831665
    },
    "hfc": {
        "mean": 18.2230110168,
        "var": 311.895477295
    },
    "melbands_crest": {
        "mean": 19.7367191315,
        "var": 11.2568063736
    },
    "melbands_flatness_db": {
        "mean": 0.372167497873,
        "var": 0.00937973055989
    },
    "melbands_kurtosis": {
        "mean": 36.1869163513,
        "var": 469.715240479
    },
    "melbands_skewness": {
        "mean": 4.2958240509,
        "var": 1.30158174038
    },
    "melbands_spread": {
        "mean": 4.87637233734,
        "var": 57.5297050476
    },
    "pitch_salience": {
        "mean": 0.418777942657,
        "var": 0.0123022766784
    },
    "silence_rate_20dB": {
        "mean": 1,
        "var": 0
    },
    "silence_rate_30dB": {
        "mean": 0.596807420254,
        "var": 0.24062885344
    },
    "silence_rate_60dB": {
        "mean": 0.00154479919001,
        "var": 0.00154241069686
    },
    "spectral_centroid": {
        "mean": 495.932250977,
        "var": 191082.515625
    },
    "spectral_complexity": {
        "mean": 15.4629249573,
        "var": 104.129478455
    },
    "spectral_decrease": {
        "mean": -2.54438994318e-008,
        "var": 1.64345567591e-016
    },
    "spectral_energy": {
        "mean": 0.0976839363575,
        "var": 0.00238112686202
    },
    "spectral_energyband_high": {
        "mean": 0.000403259095037,
        "var": 7.55370933803e-007
    },
    "spectral_energyband_low": {
        "mean": 0.0804325267673,
        "var": 0.00229854509234
    },
    "spectral_energyband_middle_high": {
        "mean": 0.00303830788471,
        "var": 4.50578263553e-005
    },
    "spectral_energyband_middle_low": {
        "mean": 0.0166272632778,
        "var": 2.25172425417e-005
    },
    "spectral_entropy": {
        "mean": 6.86199426651,
        "var": 0.362590521574
    },
    "spectral_flux": {
        "mean": 0.114080026746,
        "var": 0.00502330623567
    },
    "spectral_kurtosis": {
        "mean": 12.2354831696,
        "var": 90.7375793457
    },
    "spectral_rms": {
        "mean": 0.00949448253959,
        "var": 5.156242878e-006
    },
    "spectral_rolloff": {
        "mean": 291.950836182,
        "var": 315064.46875
    },
    "spectral_skewness": {
        "mean": 2.66572475433,
        "var": 0.741473972797
    },
    "spectral_spread": {
        "mean": 3866002.75,
        "var": 4.0588368937e+012
    },
    "spectral_strongpeak": {
        "mean": 0.667246162891,
        "var": 0.0585501156747
    },
    "zerocrossingrate": {
        "mean": 0.0214650146663,
        "var": 0.000401812256314
    },
    "barkbands": {
        "mean": [0.00126193789765, 0.0681798309088, 0.0082770222798, 0.0055496217683, 0.00677009206265, 0.00163793168031, 0.00134129752405, 0.000649412162602, 0.000474848988233, 0.00058680359507, 0.000463229458546, 0.000425248872489, 0.000260350498138, 0.000239707675064, 0.000309067487251, 0.000337070930982, 0.000133594541694, 0.000165886711329, 0.000188315825653, 7.61158007663e-005, 8.36354593048e-005, 7.04324047547e-005, 4.64952609036e-005, 4.12767876696e-005, 4.07516490668e-005, 5.24064635101e-005, 2.16520966205e-005],
        "var": [1.88113256172e-006, 0.0022089171689, 4.48459359177e-005, 1.94609947357e-005, 1.2254219655e-005, 1.34702281684e-006, 1.03956506337e-006, 3.08989655196e-007, 1.70926071519e-007, 9.44440671447e-007, 7.94017751105e-007, 9.76760816229e-007, 5.21097376804e-007, 5.84068743592e-007, 7.28505824554e-007, 9.96382141238e-007, 1.33018076554e-007, 2.30755858865e-007, 3.28365956648e-007, 4.435322154e-008, 5.66569866578e-008, 3.90702084019e-008, 1.55990083073e-008, 8.74908945292e-009, 5.43397993269e-009, 5.51955325889e-009, 1.30101052154e-009]
    },
    "erbbands": {
        "mean": [1.65789592266, 15.6491975784, 17.3733711243, 12.8656539917, 17.4950561523, 28.1322727203, 17.5332527161, 13.7974672318, 20.9522705078, 14.9254693985, 14.1418457031, 11.8982954025, 15.9231300354, 17.8986911774, 19.0586948395, 18.453584671, 13.4394407272, 12.6823062897, 14.1333875656, 17.107131958, 16.5598258972, 7.97192001343, 9.47249794006, 8.63848304749, 7.95430517197, 3.76104903221, 4.15694046021, 2.87244820595, 2.61679840088, 1.71481394768, 1.40849649906, 0.899120032787, 0.639788985252, 0.467698216438, 0.279429525137, 0.158519342542, 0.0992583408952, 0.0503843650222, 0.00215888232924, 0.000142287215567],
        "var": [2.81338572502, 97.5274810791, 93.4923629761, 81.4898147583, 114.65436554, 376.681762695, 181.794509888, 80.4857635498, 297.8515625, 123.983360291, 148.354751587, 102.22492981, 621.299560547, 899.191101074, 1522.19567871, 1724.91796875, 1339.90551758, 1417.21374512, 1389.6619873, 2172.85302734, 2397.61206055, 506.454101563, 757.070922852, 629.437744141, 564.398071289, 104.062385559, 151.368789673, 66.6786270142, 53.1439933777, 21.3977851868, 15.1726732254, 5.07275915146, 1.87415826321, 0.761386752129, 0.212820887566, 0.0531420223415, 0.020541107282, 0.00582582922652, 1.33198282128e-005, 6.19662676726e-009]
    },
    "gfcc": {
        "mean": [-9.28868675232, 141.381530762, -62.0869903564, 30.3412513733, -34.5391998291, 9.97347164154, -20.5428905487, 10.4810724258, -15.4024744034, -1.14502263069, -10.7172737122, 2.94550704956, -6.57927751541],
        "cov": [[5093.36328125, -2728.20288086, -501.401947021, 50.2926864624, -77.3455200195, 629.050231934, -418.839447021, 233.24887085, -449.146240234, 447.386108398, -417.053833008, 274.827484131, -303.52923584], [-2728.20288086, 2271.98413086, -62.5695877075, 78.6921615601, 64.2828063965, -383.133666992, 356.529571533, -185.723846436, 360.173858643, -393.11151123, 333.228729248, -237.086654663, 292.269683838], [-501.401947021, -62.5695877075, 779.399841309, -188.880477905, 31.8384895325, -145.196334839, 20.7469902039, 57.3243598938, -2.98246669769, 78.4311904907, -14.9869289398, 64.7331085205, -60.123500824], [50.2926864624, 78.6921615601, -188.880477905, 111.87272644, -15.8895215988, 33.7681999207, -4.03737974167, -22.163848877, 19.2805423737, -33.237247467, 27.7410488129, -25.1538639069, 29.9444236755], [-77.3455200195, 64.2828063965, 31.8384895325, -15.8895215988, 50.9340858459, -11.4255084991, 27.2960548401, 1.72957265377, 18.4635829926, -6.56047964096, 11.6316385269, 3.17393732071, 18.6208724976], [629.050231934, -383.133666992, -145.196334839, 33.7681999207, -11.4255084991, 127.350784302, -60.4677963257, 20.5602779388, -60.555770874, 56.9115142822, -49.5106468201, 29.6286239624, -31.7143421173], [-418.839447021, 356.529571533, 20.7469902039, -4.03737974167, 27.2960548401, -60.4677963257, 103.891555786, -12.65528965, 59.1561355591, -63.7653007507, 60.7043800354, -26.2537097931, 54.1306915283], [233.24887085, -185.723846436, 57.3243598938, -22.163848877, 1.72957265377, 20.5602779388, -12.65528965, 46.4225273132, -24.414144516, 34.4722213745, -28.8758049011, 30.9075164795, -21.5299854279], [-449.146240234, 360.173858643, -2.98246669769, 19.2805423737, 18.4635829926, -60.555770874, 59.1561355591, -24.414144516, 83.712310791, -55.0657577515, 55.4387550354, -39.2980728149, 53.3158683777], [447.386108398, -393.11151123, 78.4311904907, -33.237247467, -6.56047964096, 56.9115142822, -63.7653007507, 34.4722213745, -55.0657577515, 96.5138931274, -55.1765518188, 43.8953208923, -55.7774848938], [-417.053833008, 333.228729248, -14.9869289398, 27.7410488129, 11.6316385269, -49.5106468201, 60.7043800354, -28.8758049011, 55.4387550354, -55.1765518188, 78.8871765137, -27.3443202972, 46.3882713318], [274.827484131, -237.086654663, 64.7331085205, -25.1538639069, 3.17393732071, 29.6286239624, -26.2537097931, 30.9075164795, -39.2980728149, 43.8953208923, -27.3443202972, 52.199760437, -26.5085277557], [-303.52923584, 292.269683838, -60.123500824, 29.9444236755, 18.6208724976, -31.7143421173, 54.1306915283, -21.5299854279, 53.3158683777, -55.7774848938, 46.3882713318, -26.5085277557, 67.9506835938]],
        "icov": [[0.00096203724388, -0.00015765237913, 0.0006853142404, -0.00100693106651, -0.000392794376239, -0.00145626568701, -0.000632696261164, -0.00141390226781, 0.00109858438373, -0.00193634722382, 0.00204434874468, -0.00171624671202, 0.000992926186882], [-0.00015765237913, 0.00857013091445, -0.000361058220733, 0.00391901750118, 0.00166109914426, 0.00669615529478, -0.00231890310533, 0.00536959758028, -0.00775837944821, 0.011224931106, -0.00953588727862, 0.00958543550223, -0.00784312654287], [0.0006853142404, -0.000361058220733, 0.00454402947798, 0.00121172296349, -0.00098001700826, 0.00539190974087, -0.00130328268278, -0.00245034694672, 0.000367591273971, -0.00647537922487, 0.00103444454726, -0.00471892207861, 0.00299691781402], [-0.00100693106651, 0.00391901750118, 0.00121172296349, 0.0267417449504, 0.00687151774764, -0.00588911958039, 0.0100371902809, -0.000216116153751, -0.00951537769288, 0.0136073054746, -0.0182122737169, 0.00933447480202, -0.0100524565205], [-0.000392794376239, 0.00166109914426, -0.00098001700826, 0.00687151774764, 0.0291555598378, -0.00331186596304, -0.00554048828781, 0.00403885822743, -0.00905760843307, 0.00130487757269, -0.000941304024309, -0.00412813294679, -0.00942648295313], [-0.00145626568701, 0.00669615529478, 0.00539190974087, -0.00588911958039, -0.00331186596304, 0.0407283678651, -0.00463704345748, 0.00442910706624, 0.00458977557719, -0.00773910619318, -0.00369031191804, 0.00430699950084, -0.00868105702102], [-0.000632696261164, -0.00231890310533, -0.00130328268278, 0.0100371902809, -0.00554048828781, -0.00463704345748, 0.0360987000167, -0.0149617725983, -0.000782495015301, 0.0122759211808, -0.0167948212475, 0.00528248492628, -0.00835496932268], [-0.00141390226781, 0.00536959758028, -0.00245034694672, -0.000216116153751, 0.00403885822743, 0.00442910706624, -0.0149617725983, 0.0527908280492, -0.0123557532206, 0.00338565697894, 0.00928237661719, -0.0148388147354, -0.00153044285253], [0.00109858438373, -0.00775837944821, 0.000367591273971, -0.00951537769288, -0.00905760843307, 0.00458977557719, -0.000782495015301, -0.0123557532206, 0.054613687098, -0.0195684619248, 0.000375512550818, 0.0111409258097, -0.0106954118237], [-0.00193634722382, 0.011224931106, -0.00647537922487, 0.0136073054746, 0.00130487757269, -0.00773910619318, 0.0122759211808, 0.00338565697894, -0.0195684619248, 0.0614453442395, -0.0167667623609, 0.00870826188475, -0.000697262061294], [0.00204434874468, -0.00953588727862, 0.00103444454726, -0.0182122737169, -0.000941304024309, -0.00369031191804, -0.0167948212475, 0.00928237661719, 0.000375512550818, -0.0167667623609, 0.0571932531893, -0.0261856932193, 0.0106269530952], [-0.00171624671202, 0.00958543550223, -0.00471892207861, 0.00933447480202, -0.00412813294679, 0.00430699950084, 0.00528248492628, -0.0148388147354, 0.0111409258097, 0.00870826188475, -0.0261856932193, 0.0685579627752, -0.0199238806963], [0.000992926186882, -0.00784312654287, 0.00299691781402, -0.0100524565205, -0.00942648295313, -0.00868105702102, -0.00835496932268, -0.00153044285253, -0.0106954118237, -0.000697262061294, 0.0106269530952, -0.0199238806963, 0.0574628598988]]
    },
    "melbands": {
        "mean": [0.0171295683831, 0.0140599943697, 0.00242012133822, 0.0015850799391, 0.00081242894521, 0.000319862592733, 0.000300219689962, 0.0001498786296, 0.000108154941699, 7.2209724749e-005, 7.91107522673e-005, 7.20895186532e-005, 6.40852304059e-005, 5.00407695654e-005, 3.46641172655e-005, 2.86704926111e-005, 2.30400401051e-005, 2.09054560401e-005, 2.40044100792e-005, 2.51198180194e-005, 1.7442045646e-005, 7.67735582485e-006, 8.47231149237e-006, 8.06398475106e-006, 6.68803522785e-006, 7.18842738934e-006, 3.04937384499e-006, 2.40923054662e-006, 2.65192466031e-006, 2.12624922824e-006, 1.57577869686e-006, 1.61946240951e-006, 1.05433809949e-006, 8.4630744368e-007, 8.78156811268e-007, 5.89126614159e-007, 5.29291526163e-007, 4.38426781102e-007, 4.66191067972e-007, 3.62078452554e-007],
        "var": [0.000200047623366, 4.57478818134e-005, 2.0400007088e-006, 6.23388245913e-007, 2.9169393656e-007, 3.72551234307e-008, 5.86469468544e-008, 1.38020244123e-008, 9.1595317997e-009, 4.12854461729e-009, 1.60468740518e-008, 1.4904143697e-008, 1.68886966634e-008, 1.16602878464e-008, 7.639347821e-009, 6.62892674086e-009, 5.3631157293e-009, 3.08435854635e-009, 5.06263653222e-009, 5.08788655651e-009, 2.78299561174e-009, 5.22117127311e-010, 5.53039281037e-010, 5.28581622916e-010, 3.88489379555e-010, 4.94280338881e-010, 7.35815297581e-011, 4.30469410118e-011, 6.39693575888e-011, 3.67947200486e-011, 2.08372156335e-011, 2.11786872761e-011, 8.19451104195e-012, 5.15547196947e-012, 6.12291294055e-012, 2.34212172226e-012, 1.71437115806e-012, 8.67358648012e-013, 1.08260460058e-012, 4.05283527008e-013]
    },
    "mfcc": {
        "mean": [-672.692932129, 179.849853516, 32.5163917542, 37.0646400452, 14.68567276, 9.98402309418, 8.40662765503, 13.0500192642, 6.5495595932, 2.31723546982, 1.21694791317, 0.88081240654, 3.53939628601],
        "cov": [[4864.09228516, -2503.13818359, -643.779968262, -514.520935059, 166.022994995, 275.973449707, 125.114425659, -114.190376282, 48.0056877136, 8.36504173279, -34.2030982971, -68.8082504272, -0.507243096828], [-2503.13818359, 1732.61462402, 165.737503052, 332.259307861, -128.890579224, -121.354179382, -55.0397758484, 128.112075806, -3.84708476067, 6.35137033463, 9.59042644501, 29.2653388977, -0.749536156654], [-643.779968262, 165.737503052, 413.126678467, 43.4604415894, 13.5185537338, -85.0397720337, -8.85490036011, -30.0609226227, -3.14021682739, -4.04529714584, 21.6143226624, 29.5535411835, 15.8772878647], [-514.520935059, 332.259307861, 43.4604415894, 106.609169006, -22.4760932922, -27.4472560883, -15.3959360123, 30.9876976013, -5.31877803802, 0.602127075195, 1.75515580177, 9.57134723663, 1.33038544655], [166.022994995, -128.890579224, 13.5185537338, -22.4760932922, 46.3528213501, 11.819478035, -2.68793225288, -17.8985328674, 4.03907489777, 1.85654270649, 0.549897372723, -1.19560396671, 0.900677382946], [275.973449707, -121.354179382, -85.0397720337, -27.4472560883, 11.819478035, 55.5812644958, 7.94003725052, -7.65732955933, -2.73917627335, 3.32768559456, -1.86299920082, -6.95502471924, -0.0697240307927], [125.114425659, -55.0397758484, -8.85490036011, -15.3959360123, -2.68793225288, 7.94003725052, 35.8585319519, 8.72642803192, -1.03156030178, -3.08102178574, -2.14166498184, 0.324220091105, 6.43524646759], [-114.190376282, 128.112075806, -30.0609226227, 30.9876976013, -17.8985328674, -7.65732955933, 8.72642803192, 48.0401649475, 4.37329673767, -4.34245920181, -5.7236905098, 1.85393416882, 2.3356897831], [48.0056877136, -3.84708476067, -3.14021682739, -5.31877803802, 4.03907489777, -2.73917627335, -1.03156030178, 4.37329673767, 34.5602035522, 6.09434509277, -3.92079639435, -3.57892084122, -4.77907085419], [8.36504173279, 6.35137033463, -4.04529714584, 0.602127075195, 1.85654270649, 3.32768559456, -3.08102178574, -4.34245920181, 6.09434509277, 24.7412757874, 4.42299461365, -4.82268714905, -2.04286718369], [-34.2030982971, 9.59042644501, 21.6143226624, 1.75515580177, 0.549897372723, -1.86299920082, -2.14166498184, -5.7236905098, -3.92079639435, 4.42299461365, 23.0529518127, 6.63093519211, -3.84528398514], [-68.8082504272, 29.2653388977, 29.5535411835, 9.57134723663, -1.19560396671, -6.95502471924, 0.324220091105, 1.85393416882, -3.57892084122, -4.82268714905, 6.63093519211, 24.5698318481, 6.51660346985], [-0.507243096828, -0.749536156654, 15.8772878647, 1.33038544655, 0.900677382946, -0.0697240307927, 6.43524646759, 2.3356897831, -4.77907085419, -2.04286718369, -3.84528398514, 6.51660346985, 25.8497409821]],
        "icov": [[0.00144076498691, 0.00179403612856, 0.00118160585407, 0.000574240344577, -0.000203321833396, -0.00111993635073, -0.00127095798962, -0.000932571769226, -0.00165727350395, -0.000485598575324, -0.000496852269862, -7.13201143299e-006, -0.00068717438262], [0.00179403612856, 0.00401135347784, 0.00109078770038, -0.00343435956165, 0.00221404107288, -0.00104879285209, -0.000313041527988, -0.002789207967, -0.00248039676808, -0.001162149827, -0.00102840200998, 0.000210661790334, -0.000848229276016], [0.00118160585407, 0.00109078770038, 0.00619876245037, -0.00102315680124, -0.00332335708663, 0.00697813043371, -0.00398690160364, 0.00511529296637, -0.0020807152614, 0.000517838052474, -0.00334181613289, -0.00197079079226, -0.00337898940779], [0.000574240344577, -0.00343435956165, -0.00102315680124, 0.0271671693772, -0.00196861382574, -0.000338520912919, 0.00644392287359, -0.00999182183295, 0.00501280697063, -0.00315692904405, 0.00189209275413, -0.00368119077757, 0.000394981412683], [-0.000203321833396, 0.00221404107288, -0.00332335708663, -0.00196861382574, 0.0324573069811, -0.0077194464393, 0.00597987277433, 0.00317922327667, -0.0047619282268, -0.000204679352464, 0.000961354235187, 3.44001382473e-005, -0.0014871081803], [-0.00111993635073, -0.00104879285209, 0.00697813043371, -0.000338520912919, -0.0077194464393, 0.0357507169247, -0.00622884230688, 0.00783375278115, 0.00434766104445, -0.00249164435081, -0.00284807919525, 0.000832117861137, -0.00313936802559], [-0.00127095798962, -0.000313041527988, -0.00398690160364, 0.00644392287359, 0.00597987277433, -0.00622884230688, 0.0403943583369, -0.0148312179372, 0.00320175057277, 0.00133424252272, -2.98201357509e-005, 0.000626014254522, -0.00632288306952], [-0.000932571769226, -0.002789207967, 0.00511529296637, -0.00999182183295, 0.00317922327667, 0.00783375278115, -0.0148312179372, 0.042675126344, -0.0071757491678, 0.00708117894828, 0.00302270124666, -0.00192741036881, -0.00281172711402], [-0.00165727350395, -0.00248039676808, -0.0020807152614, 0.00501280697063, -0.0047619282268, 0.00434766104445, 0.00320175057277, -0.0071757491678, 0.0374906621873, -0.0107559170574, 0.00933377817273, -0.00111401767936, 0.00869501847774], [-0.000485598575324, -0.001162149827, 0.000517838052474, -0.00315692904405, -0.000204679352464, -0.00249164435081, 0.00133424252272, 0.00708117894828, -0.0107559170574, 0.0502075739205, -0.0147266751155, 0.0128525951877, -0.00462185358629], [-0.000496852269862, -0.00102840200998, -0.00334181613289, 0.00189209275413, 0.000961354235187, -0.00284807919525, -2.98201357509e-005, 0.00302270124666, 0.00933377817273, -0.0147266751155, 0.059268206358, -0.0196235943586, 0.015934035182], [-7.13201143299e-006, 0.000210661790334, -0.00197079079226, -0.00368119077757, 3.44001382473e-005, 0.000832117861137, 0.000626014254522, -0.00192741036881, -0.00111401767936, 0.0128525951877, -0.0196235943586, 0.0562043488026, -0.0148529447615], [-0.00068717438262, -0.000848229276016, -0.00337898940779, 0.000394981412683, -0.0014871081803, -0.00313936802559, -0.00632288306952, -0.00281172711402, 0.00869501847774, -0.00462185358629, 0.015934035182, -0.0148529447615, 0.049930498004]]
    },
    "spectral_contrast_coeffs": {
        "mean": [-0.645046412945, -0.72710943222, -0.799234867096, -0.822372972965, -0.803194105625, -0.770654141903],
        "var": [0.00255717430264, 0.00218718755059, 0.00170401972719, 0.00109596957918, 0.00107986282092, 0.000646783737466]
    },
    "spectral_contrast_valleys": {
        "mean": [-5.9770565033, -6.48447608948, -7.10853719711, -8.01677417755, -8.34049320221, -11.0458955765],
        "var": [0.346295118332, 0.321923196316, 0.552452623844, 0.914928376675, 0.975231230259, 1.21199703217]
    }
},
"metadata": {
    "audio_properties": {
        "analysis_sample_rate": 44100,
        "bit_rate": 128074,
        "equal_loudness": 0,
        "length": 45.0612258911,
        "lossless": 0,
        "replay_gain": -5.54138755798,
        "sample_rate": 44100,
        "codec": "mp3",
        "downmix": "mix",
        "md5_encoded": "881533d352f67ae00cafa11605e62323"
    },
    "tags": {
        "file_name": "1549.mp3"
    },
    "version": {
        "essentia": "2.1-beta2",
        "essentia_git_sha": "v2.1_beta2",
        "extractor": "music 1.0"
    }
},
"rhythm": {
    "beats_count": 67,
    "beats_loudness": {
        "mean": 0.0920270755887,
        "var": 0.000681193429045
    },
    "bpm": 89.9665756226,
    "bpm_histogram_first_peak_bpm": {
        "mean": 89,
        "var": 0
    },
    "bpm_histogram_first_peak_spread": {
        "mean": 0.348484843969,
        "var": 0
    },
    "bpm_histogram_first_peak_weight": {
        "mean": 0.651515126228,
        "var": 0
    },
    "bpm_histogram_second_peak_bpm": {
        "mean": 0,
        "var": 0
    },
    "bpm_histogram_second_peak_spread": {
        "mean": 0,
        "var": 0
    },
    "bpm_histogram_second_peak_weight": {
        "mean": 0,
        "var": 0
    },
    "danceability": 2.41359972954,
    "onset_rate": 3.06111979485,
    "beats_loudness_band_ratio": {
        "mean": [0.708570957184, 0.0889100059867, 0.050923306495, 0.0836837515235, 0.0661313384771, 0.0217776894569],
        "var": [0.00828370545059, 0.00101523310877, 0.000458732334664, 0.00191058637574, 0.00122420524713, 0.000265087292064]
    },
    "beats_position": [0.696598649025, 1.369977355, 2.02013611794, 2.69351458549, 3.36689329147, 4.04027223587, 4.69043064117, 5.36380958557, 6.03718805313, 6.71056699753, 7.36072540283, 8.03410434723, 8.70748329163, 9.35764122009, 10.0310201645, 10.7043991089, 11.3777770996, 12.051156044, 12.7129249573, 13.3746938705, 14.0480718613, 14.6982307434, 15.3716096878, 16.0333786011, 16.6951465607, 17.3685264587, 18.0186843872, 18.6920623779, 19.365442276, 20.0388202667, 20.6889801025, 21.3623580933, 22.035736084, 22.7091159821, 23.3592739105, 24.0326519012, 24.7060317993, 25.37940979, 26.0295696259, 26.7029476166, 27.3763256073, 28.0380954742, 28.6998634338, 29.3732414246, 30.0466213226, 30.6967792511, 31.3701572418, 32.0435371399, 32.7053070068, 33.3670730591, 34.0172348022, 34.690612793, 35.3639907837, 36.0373687744, 36.6875267029, 37.3609046936, 38.034286499, 38.7076644897, 39.3578224182, 40.0312004089, 40.7045783997, 41.3663482666, 42.0281181335, 42.7014961243, 43.374874115, 44.0482521057, 44.7216300964]
},
"tonal": {
    "chords_changes_rate": 0.102880656719,
    "chords_number_rate": 0.00823045242578,
    "chords_strength": {
        "mean": 0.419137537479,
        "var": 0.00418113078922
    },
    "hpcp_entropy": {
        "mean": 2.09381270409,
        "var": 0.492899537086
    },
    "key_strength": 0.714357852936,
    "tuning_diatonic_strength": 0.446087986231,
    "tuning_equal_tempered_deviation": 0.0596715547144,
    "tuning_frequency": 439.745910645,
    "tuning_nontempered_energy_ratio": 0.705551147461,
    "hpcp": {
        "mean": [0.106675170362, 0.05460318923, 0.0313785262406, 0.0269867368042, 0.0263759475201, 0.0479730665684, 0.0698492079973, 0.0511757060885, 0.0525033101439, 0.0685921907425, 0.0422839075327, 0.0179409943521, 0.0169767737389, 0.0235549248755, 0.0635088384151, 0.144078209996, 0.137669250369, 0.0804236829281, 0.0619305223227, 0.0447262190282, 0.142922967672, 0.350490123034, 0.304116010666, 0.174944519997, 0.159916564822, 0.0669556036592, 0.0126620065421, 0.0121361194178, 0.0126542262733, 0.0643497630954, 0.100873962045, 0.0551029592752, 0.0461456291378, 0.110285304487, 0.173096179962, 0.167219609022],
        "var": [0.0491452440619, 0.0231568943709, 0.0152537627146, 0.0132891098037, 0.0130540197715, 0.0211668070406, 0.0184446703643, 0.0135323377326, 0.0240168105811, 0.0387274771929, 0.0184880085289, 0.0109933242202, 0.00908999983221, 0.0135384863243, 0.0232463218272, 0.0943354517221, 0.0835559368134, 0.0468342676759, 0.0427804216743, 0.0185944922268, 0.0459278784692, 0.191139250994, 0.14279051125, 0.072493724525, 0.120745956898, 0.0269702859223, 0.0038777589798, 0.00420733448118, 0.0040098875761, 0.0300374738872, 0.0662548691034, 0.0171202849597, 0.0172063652426, 0.05359788239, 0.0991061925888, 0.0891298502684]
    },
    "chords_histogram": [6.48148155212, 9.46502017975, 2.88065838814, 7.51028823853, 0, 0, 0, 0, 34.7736625671, 0, 0, 0, 0, 0, 0, 0, 0, 0, 12.448559761, 0, 2.16049385071, 0, 24.0740737915, 0.205761313438],
    "thpcp": [1, 0.867687821388, 0.499142497778, 0.456265538931, 0.191034212708, 0.0361265726388, 0.0346261374652, 0.0361043736339, 0.183599367738, 0.287808299065, 0.157216861844, 0.131660282612, 0.314660221338, 0.493868917227, 0.477102190256, 0.304360002279, 0.155790954828, 0.0895275622606, 0.0769971385598, 0.0752544701099, 0.136874228716, 0.19929009676, 0.146011829376, 0.149799689651, 0.19570364058, 0.120642222464, 0.051188301295, 0.0484372377396, 0.0672056749463, 0.18120008707, 0.411076366901, 0.392790675163, 0.229460626841, 0.176696911454, 0.127610504627, 0.40778028965],
    "chords_key": "C#",
    "chords_scale": "minor",
    "key_key": "A",
    "key_scale": "minor"
}
}