{
"lowlevel": {
    "average_loudness": 0.894322812557,
    "barkbands_crest": {
        "mean": 13.7478876114,
        "var": 20.862411499
    },
    "barkbands_flatness_db": {
        "mean": 0.284668415785,
        "var": 0.00751604698598
    },
    "barkbands_kurtosis": {
        "mean": 5.76419782639,
        "var": 80.6711959839
    },
    "barkbands_skewness": {
        "mean": 0.862783014774,
        "var": 1.77050590515
    },
    "barkbands_spread": {
        "mean": 8.27589416504,
        "var": 22.9896221161
    },
    "dissonance": {
        "mean": 0.364034801722,
        "var": 0.00637074140832
    },
    "dynamic_complexity": 3.04667162895,
    "erbbands_crest": {
        "mean": 19.1801452637,
        "var": 45.2554664612
    },
    "erbbands_flatness_db": {
        "mean": 0.287658542395,
        "var": 0.0078724976629
    },
    "erbbands_kurtosis": {
        "mean": 11.8548784256,
        "var": 230.569839478
    },
    "erbbands_skewness": {
        "mean": 0.8434445858,
        "var": 3.16228270531
    },
    "erbbands_spread": {
        "mean": 11.3286514282,
        "var": 77.8835449219
    },
    "hfc": {
        "mean": 15.3595018387,
        "var": 178.704696655
    },
    "melbands_crest": {
        "mean": 16.0676002502,
        "var": 32.5989303589
    },
    "melbands_flatness_db": {
        "mean": 0.379999816418,
        "var": 0.00911176856607
    },
    "melbands_kurtosis": {
        "mean": 5.95690441132,
        "var": 94.4633865356
    },
    "melbands_skewness": {
        "mean": 1.01812434196,
        "var": 1.94905281067
    },
    "melbands_spread": {
        "mean": 10.7911205292,
        "var": 65.9837722778
    },
    "pitch_salience": {
        "mean": 0.425123661757,
        "var": 0.0111142015085
    },
    "silence_rate_20dB": {
        "mean": 1,
        "var": 0
    },
    "silence_rate_30dB": {
        "mean": 0.972207903862,
        "var": 0.0270194485784
    },
    "silence_rate_60dB": {
        "mean": 0.11322696507,
        "var": 0.100404769182
    },
    "spectral_centroid": {
        "mean": 575.966308594,
        "var": 195534.84375
    },
    "spectral_complexity": {
        "mean": 8.74832725525,
        "var": 20.883102417
    },
    "spectral_decrease": {
        "mean": -9.91246285054e-009,
        "var": 7.83236344726e-017
    },
    "spectral_energy": {
        "mean": 0.0388050861657,
        "var": 0.00117256771773
    },
    "spectral_energyband_high": {
        "mean": 0.000130344342324,
        "var": 1.19200478821e-007
    },
    "spectral_energyband_low": {
        "mean": 0.0153602706268,
        "var": 0.000632427458186
    },
    "spectral_energyband_middle_high": {
        "mean": 0.00577084254473,
        "var": 6.60517398501e-005
    },
    "spectral_energyband_middle_low": {
        "mean": 0.0197978299111,
        "var": 0.000330946873873
    },
    "spectral_entropy": {
        "mean": 6.15740966797,
        "var": 0.58164525032
    },
    "spectral_flux": {
        "mean": 0.0829519703984,
        "var": 0.00419218139723
    },
    "spectral_kurtosis": {
        "mean": 33.8248176575,
        "var": 1082.90307617
    },
    "spectral_rms": {
        "mean": 0.00544624263421,
        "var": 8.19701745058e-006
    },
    "spectral_rolloff": {
        "mean": 680.356079102,
        "var": 758656.1875
    },
    "spectral_skewness": {
        "mean": 4.14164400101,
        "var": 3.68062949181
    },
    "spectral_spread": {
        "mean": 2848061.25,
        "var": 4.86442795008e+012
    },
    "spectral_strongpeak": {
        "mean": 1.8050365448,
        "var": 3.28258991241
    },
    "zerocrossingrate": {
        "mean": 0.0299628265202,
        "var": 0.000604029744864
    },
    "barkbands": {
        "mean": [0.000245305505814, 0.0115496488288, 0.00301318708807, 0.00193391076755, 0.00487360404804, 0.00191242387518, 0.00274982349947, 0.00299133523367, 0.00193250190932, 0.00454265065491, 0.00250378623605, 0.000125126898638, 7.04691628926e-005, 6.0970782215e-005, 5.17071930517e-005, 3.16518526233e-005, 4.43317476311e-005, 2.12049999391e-005, 1.48629187606e-005, 1.24301468531e-005, 1.33402772917e-005, 1.74513079401e-005, 1.70370676642e-005, 9.40195150179e-006, 3.3308257116e-005, 3.23123276758e-005, 1.36384880989e-006],
        "var": [2.20567159204e-007, 0.000454006978543, 2.47148600465e-005, 9.67565847532e-006, 5.91712414462e-005, 2.30579807976e-005, 6.00927814958e-005, 6.54857649351e-005, 1.63326640177e-005, 6.55657640891e-005, 4.1565464926e-005, 6.29321945667e-008, 2.08354027365e-008, 8.62456417394e-009, 9.21387677266e-009, 3.05378744514e-009, 6.14470874183e-009, 1.17767129382e-009, 8.30796986762e-010, 6.49730769187e-010, 1.70288394497e-009, 3.26142335361e-009, 3.93598353909e-009, 4.33622748819e-010, 7.39947969564e-009, 1.22871819386e-008, 4.01978589304e-011]
    },
    "erbbands": {
        "mean": [0.245858162642, 2.79378795624, 4.63187599182, 4.46358919144, 17.4544811249, 12.2482271194, 9.01681137085, 17.1975383759, 28.1950397491, 71.6035690308, 51.6418914795, 44.0271492004, 162.887420654, 92.2264938354, 55.4125938416, 7.39442205429, 3.4724407196, 3.34560108185, 2.7713227272, 2.33557653427, 2.21453928947, 1.93682861328, 1.2222315073, 0.875652015209, 0.683281242847, 0.575062632561, 0.447507441044, 0.617437660694, 0.706490159035, 0.428736329079, 0.512639582157, 0.27745655179, 0.143770828843, 0.278271615505, 0.293559104204, 0.217083334923, 0.025073941797, 0.00393161829561, 0.000161738731549, 4.76809618704e-005],
        "var": [0.156437858939, 30.4514122009, 67.5345077515, 40.9082984924, 791.581420898, 382.865203857, 491.962524414, 2377.03369141, 4116.99804688, 29300.2695313, 10041.9111328, 7005.1875, 91725.28125, 41896.6523438, 28466.109375, 286.201171875, 40.4521255493, 24.0279426575, 17.6052055359, 13.997710228, 9.92702198029, 8.01293849945, 3.59520864487, 2.46728205681, 1.86205720901, 1.38325047493, 1.14057683945, 4.93838357925, 6.03430223465, 1.81645190716, 3.73707699776, 0.450470387936, 0.0980526506901, 0.64423584938, 0.545342028141, 0.643784940243, 0.00780861312523, 0.000228795586736, 3.18799067145e-007, 1.82978465713e-009]
    },
    "gfcc": {
        "mean": [-107.362159729, 162.319122314, -89.4935379028, -5.60702848434, -56.1802940369, 12.4720859528, -22.798576355, 16.7178916931, -13.6437759399, -15.5691461563, -20.9216766357, -9.60530757904, -5.56325864792],
        "cov": [[12381.4296875, -2121.42480469, 477.13293457, 789.42364502, 74.7238922119, 655.411499023, -514.575256348, 260.012969971, -1071.31750488, 788.192321777, -364.064147949, 950.148803711, 193.947128296], [-2121.42480469, 2560.93652344, -265.238677979, -157.829833984, 587.588439941, -537.442871094, 785.401733398, -286.731658936, 585.715942383, -272.930603027, 457.623687744, -455.249786377, 294.15222168], [477.13293457, -265.238677979, 661.974304199, 152.532089233, 148.906311035, 126.598220825, -82.6268920898, 185.274429321, -32.4059448242, 263.701385498, 46.770198822, 147.342636108, -28.8666477203], [789.42364502, -157.829833984, 152.532089233, 496.312164307, 95.9627075195, 67.8494491577, 37.9242668152, -29.147857666, -86.1513061523, 95.4921188354, 63.5529518127, 74.8313903809, 68.4279022217], [74.7238922119, 587.588439941, 148.906311035, 95.9627075195, 455.106292725, -7.03630065918, 288.499725342, -9.23533725739, 65.639755249, 27.5008888245, 161.197753906, -26.4498195648, 141.533111572], [655.411499023, -537.442871094, 126.598220825, 67.8494491577, -7.03630065918, 378.54586792, -191.285217285, 137.523666382, -181.21585083, -17.4952754974, -82.6911849976, 205.682876587, 41.2909812927], [-514.575256348, 785.401733398, -82.6268920898, 37.9242668152, 288.499725342, -191.285217285, 541.468811035, -121.163970947, 158.440689087, -33.3939285278, 126.055839539, -155.254684448, 63.857925415], [260.012969971, -286.731658936, 185.274429321, -29.147857666, -9.23533725739, 137.523666382, -121.163970947, 308.121459961, 43.9153633118, 123.084014893, -3.41174292564, 33.630191803, 18.0749664307], [-1071.31750488, 585.715942383, -32.4059448242, -86.1513061523, 65.639755249, -181.21585083, 158.440689087, 43.9153633118, 346.365936279, 34.3602638245, 151.732208252, -174.007598877, 14.4620447159], [788.192321777, -272.930603027, 263.701385498, 95.4921188354, 27.5008888245, -17.4952754974, -33.3939285278, 123.084014893, 34.3602638245, 407.389953613, 119.627571106, 44.003326416, -88.7617416382], [-364.064147949, 457.623687744, 46.770198822, 63.5529518127, 161.197753906, -82.6911849976, 126.055839539, -3.41174292564, 151.732208252, 119.627571106, 304.991973877, -37.7416610718, 87.9863052368], [950.148803711, -455.249786377, 147.342636108, 74.8313903809, -26.4498195648, 205.682876587, -155.254684448, 33.630191803, -174.007598877, 44.003326416, -37.7416610718, 308.007659912, 38.2297859192], [193.947128296, 294.15222168, -28.8666477203, 68.4279022217, 141.533111572, 41.2909812927, 63.857925415, 18.0749664307, 14.4620447159, -88.7617416382, 87.9863052368, 38.2297859192, 234.403869629]],
        "icov": [[0.000252876779996, -0.000382491503842, 0.000412526162108, -0.000301508698612, -4.68772777822e-005, 6.27994668321e-005, 0.000188910664292, -0.00036920956336, 0.00083232356701, -0.00114356121048, 0.000886380905285, -0.000598552869633, -0.000315655721352], [-0.000382491503842, 0.00392827996984, -0.00131131417584, 0.00158266117796, -0.00180171371903, 0.00116254144814, -0.00137227948289, 0.00263237929903, -0.00398106174543, 0.0038622491993, -0.00341366720386, 0.00229408452287, -0.00156730483286], [0.000412526162108, -0.00131131417584, 0.00409070402384, -0.00147256674245, -0.00173906015698, 0.000402718957048, 0.00135598098859, -0.0025805986952, 0.00161517458037, -0.00316750723869, 0.00228511868045, -0.0027846659068, 0.00134389067534], [-0.000301508698612, 0.00158266117796, -0.00147256674245, 0.00359646347351, -7.55505097914e-005, -0.000568810559344, -0.00105848687235, 0.00246526207775, -0.00121787795797, 0.000960920006037, -0.00191155308858, 0.00184293591883, -0.00186779687647], [-4.68772777822e-005, -0.00180171371903, -0.00173906015698, -7.55505097914e-005, 0.00718757323921, -0.0024083124008, -0.00255329231732, -0.000101909703517, 0.00204160483554, -0.00123171589803, -0.000426393235102, 0.000764790282119, -0.00166159949731], [6.27994668321e-005, 0.00116254144814, 0.000402718957048, -0.000568810559344, -0.0024083124008, 0.00809921324253, 0.000784073374234, -0.00369903864339, 0.0014532977948, 0.00285087386146, -0.000925170315895, -0.00312654464506, 0.000650954432786], [0.000188910664292, -0.00137227948289, 0.00135598098859, -0.00105848687235, -0.00255329231732, 0.000784073374234, 0.00493478262797, -0.000232680424233, 0.000383919163141, -0.00154865835793, 0.00188706163317, -0.00067623401992, 0.000910722359549], [-0.00036920956336, 0.00263237929903, -0.0025805986952, 0.00246526207775, -0.000101909703517, -0.00369903864339, -0.000232680424233, 0.0101720066741, -0.00582863949239, -0.000486940407427, -0.000367094500689, 0.00417803926393, -0.00441158469766], [0.00083232356701, -0.00398106174543, 0.00161517458037, -0.00121787795797, 0.00204160483554, 0.0014532977948, 0.000383919163141, -0.00582863949239, 0.0120999664068, -0.00430896645412, 0.00123825774062, -0.00142810633406, 0.00110762345139], [-0.00114356121048, 0.0038622491993, -0.00316750723869, 0.000960920006037, -0.00123171589803, 0.00285087386146, -0.00154865835793, -0.000486940407427, -0.00430896645412, 0.0129741514102, -0.00876579899341, 0.0018864403246, 0.00429130159318], [0.000886380905285, -0.00341366720386, 0.00228511868045, -0.00191155308858, -0.000426393235102, -0.000925170315895, 0.00188706163317, -0.000367094500689, 0.00123825774062, -0.00876579899341, 0.0120384963229, -0.00302476598881, -0.00309673440643], [-0.000598552869633, 0.00229408452287, -0.0027846659068, 0.00184293591883, 0.000764790282119, -0.00312654464506, -0.00067623401992, 0.00417803926393, -0.00142810633406, 0.0018864403246, -0.00302476598881, 0.00964373536408, -0.00294849043712], [-0.000315655721352, -0.00156730483286, 0.00134389067534, -0.00186779687647, -0.00166159949731, 0.000650954432786, 0.000910722359549, -0.00441158469766, 0.00110762345139, 0.00429130159318, -0.00309673440643, -0.00294849043712, 0.0113854790106]]
    },
    "melbands": {
        "mean": [0.00275240489282, 0.00305849104188, 0.00118895038031, 0.00122637301683, 0.000317606813041, 0.000384799175663, 0.000494898587931, 0.000791017897427, 0.000432026135968, 0.00027435796801, 0.00080666190479, 0.00034357511322, 0.000226309231948, 4.69035512651e-005, 7.76924662205e-006, 7.63766274758e-006, 6.06192725172e-006, 4.28413750342e-006, 4.22764833274e-006, 2.58813656728e-006, 2.80989070234e-006, 2.39271253122e-006, 1.23385916595e-006, 9.31338377086e-007, 6.87076919803e-007, 5.21007677889e-007, 4.63852813937e-007, 3.59892254664e-007, 2.72614158803e-007, 2.86403292193e-007, 3.72294095996e-007, 3.93214122596e-007, 3.49570655089e-007, 2.05581358159e-007, 3.23494589338e-007, 2.46443903507e-007, 1.37852964599e-007, 1.09266771631e-007, 8.95375436016e-008, 2.95500257153e-007],
        "var": [2.27320851991e-005, 3.23373751598e-005, 2.39695782511e-006, 3.80873143513e-006, 4.61513934624e-007, 1.06975164726e-006, 1.60479896749e-006, 3.98641986976e-006, 8.8222782324e-007, 2.85030580471e-007, 2.29330294133e-006, 5.95686287852e-007, 3.52631531086e-007, 2.94463085027e-008, 1.66124641821e-010, 3.38400613087e-010, 9.31178120722e-011, 4.39640268635e-011, 7.09601682969e-011, 2.25582486718e-011, 2.04328741427e-011, 1.65654434614e-011, 3.07700869992e-012, 2.78050846236e-012, 1.61595823528e-012, 1.11278325964e-012, 8.24929209144e-013, 5.94977409354e-013, 4.1000099908e-013, 6.42251714051e-013, 2.10743358528e-012, 2.00136868883e-012, 1.20708315305e-012, 4.74197775231e-013, 1.75078040173e-012, 7.07437743368e-013, 9.40685924338e-014, 6.2836854589e-014, 4.47675174654e-014, 8.4443574095e-013]
    },
    "mfcc": {
        "mean": [-764.166870117, 198.874481201, 22.7453842163, -0.0149891674519, -1.0247335434, -5.66770124435, 0.781878113747, 17.7636184692, 13.6205120087, 3.9176671505, -0.309832304716, -5.74993228912, -9.11638832092],
        "cov": [[9128.29589844, -1147.28540039, -364.490814209, 843.760925293, 153.801589966, 528.055725098, 334.884429932, -191.050735474, -230.764175415, -179.519180298, -533.875793457, -205.827041626, 275.141296387], [-1147.28540039, 1699.5098877, -95.5591125488, 45.243637085, 86.8265151978, -87.0158157349, 118.457061768, 63.3261642456, 203.669937134, 174.926254272, 7.03099918365, 88.0903625488, 127.758903503], [-364.490814209, -95.5591125488, 475.582702637, 28.0662956238, 140.377731323, -17.7718524933, 16.0287570953, -42.5634536743, 27.4785671234, 59.7861099243, 141.059829712, 82.1043701172, 51.6360397339], [843.760925293, 45.243637085, 28.0662956238, 465.623046875, 5.9848446846, 175.362976074, 111.729507446, -39.5281143188, -33.4185562134, 100.363044739, -47.7601242065, 1.21144545078, 85.3580780029], [153.801589966, 86.8265151978, 140.377731323, 5.9848446846, 390.787322998, -22.6580562592, 145.823440552, -18.5604877472, 63.7063674927, -37.1721458435, 57.710811615, 24.3386154175, 38.8506011963], [528.055725098, -87.0158157349, -17.7718524933, 175.362976074, -22.6580562592, 258.472808838, 88.3103485107, 66.0605697632, -62.4854049683, -7.7598400116, -92.9112167358, -63.3648681641, 19.9133014679], [334.884429932, 118.457061768, 16.0287570953, 111.729507446, 145.823440552, 88.3103485107, 252.460494995, 11.8544149399, 40.191318512, 34.7776489258, -7.51148891449, 1.46087563038, 75.0071716309], [-191.050735474, 63.3261642456, -42.5634536743, -39.5281143188, -18.5604877472, 66.0605697632, 11.8544149399, 225.124786377, 65.1065673828, -52.0702972412, -94.7777404785, -73.8755569458, -68.7798233032], [-230.764175415, 203.669937134, 27.4785671234, -33.4185562134, 63.7063674927, -62.4854049683, 40.191318512, 65.1065673828, 170.172714233, 88.4478683472, 38.6548614502, 26.7869606018, -5.34466552734], [-179.519180298, 174.926254272, 59.7861099243, 100.363044739, -37.1721458435, -7.7598400116, 34.7776489258, -52.0702972412, 88.4478683472, 249.065841675, 100.996444702, 84.9140167236, 76.173500061], [-533.875793457, 7.03099918365, 141.059829712, -47.7601242065, 57.710811615, -92.9112167358, -7.51148891449, -94.7777404785, 38.6548614502, 100.996444702, 206.765350342, 131.822616577, 59.414894104], [-205.827041626, 88.0903625488, 82.1043701172, 1.21144545078, 24.3386154175, -63.3648681641, 1.46087563038, -73.8755569458, 26.7869606018, 84.9140167236, 131.822616577, 161.252166748, 127.284492493], [275.141296387, 127.758903503, 51.6360397339, 85.3580780029, 38.8506011963, 19.9133014679, 75.0071716309, -68.7798233032, -5.34466552734, 76.173500061, 59.414894104, 127.284492493, 237.788650513]],
        "icov": [[0.000246530515142, 0.000235693703871, 0.000156358335516, -0.000263743306277, -0.000179808397661, -0.000212634142372, 2.143880738e-005, 0.000590595183894, -0.000539913773537, 0.000146880513057, 0.000884802138899, -9.879078425e-005, -0.000367304630345], [0.000235693703871, 0.00102752214298, 0.000387155509088, -0.000305390334688, -0.000383237726055, 0.000243552261963, -0.00012367873569, 0.0002644569322, -0.000940168916713, -0.000383516366128, 0.00142855220474, -0.000487208424602, -0.000635930045974], [0.000156358335516, 0.000387155509088, 0.00323138548993, -0.000583855144214, -0.00132642604876, -0.000419043673901, 0.000778091140091, -0.000345784414094, -0.00013794915867, -0.000238232649281, -0.00176914036274, 0.00030218847678, -0.000621189014055], [-0.000263743306277, -0.000305390334688, -0.000583855144214, 0.00431141257286, -0.000175821041921, -0.00211591762491, -0.000559054606128, 0.000818630505819, 0.0010542513337, -0.00225017685443, 0.00162296369672, -0.00112870137673, 0.000610615941696], [-0.000179808397661, -0.000383237726055, -0.00132642604876, -0.000175821041921, 0.00543753895909, 0.000199065194465, -0.00273605110124, 0.00115915236529, -0.00290669733658, 0.00368590233847, -0.00264939339831, 0.00139100442175, -0.000270304444712], [-0.000212634142372, 0.000243552261963, -0.000419043673901, -0.00211591762491, 0.000199065194465, 0.0103413872421, -0.00274079153314, -0.0055994708091, 0.00655611138791, -0.00264929514378, -2.88678620564e-005, 0.00242203148082, -0.000981145421974], [2.143880738e-005, -0.00012367873569, 0.000778091140091, -0.000559054606128, -0.00273605110124, -0.00274079153314, 0.00785494968295, 0.000517259526532, -0.00226225238293, -0.000232072401559, -0.000836490711663, 0.00250884587876, -0.00268865190446], [0.000590595183894, 0.0002644569322, -0.000345784414094, 0.000818630505819, 0.00115915236529, -0.0055994708091, 0.000517259526532, 0.0124051012099, -0.0098177511245, 0.00413910625502, 0.00508084101602, -0.000860157073475, 0.000304603570839], [-0.000539913773537, -0.000940168916713, -0.00013794915867, 0.0010542513337, -0.00290669733658, 0.00655611138791, -0.00226225238293, -0.0098177511245, 0.0195460449904, -0.0090165939182, -0.000791619881056, -0.00188793009147, 0.00311717018485], [0.000146880513057, -0.000383516366128, -0.000238232649281, -0.00225017685443, 0.00368590233847, -0.00264929514378, -0.000232072401559, 0.00413910625502, -0.0090165939182, 0.0119472350925, -0.00481988769025, 0.00139186205342, -0.0017849256983], [0.000884802138899, 0.00142855220474, -0.00176914036274, 0.00162296369672, -0.00264939339831, -2.88678620564e-005, -0.000836490711663, 0.00508084101602, -0.000791619881056, -0.00481988769025, 0.0226724743843, -0.0152005245909, 0.00417679781094], [-9.879078425e-005, -0.000487208424602, 0.00030218847678, -0.00112870137673, 0.00139100442175, 0.00242203148082, 0.00250884587876, -0.000860157073475, -0.00188793009147, 0.00139186205342, -0.0152005245909, 0.0285922754556, -0.0127498824149], [-0.000367304630345, -0.000635930045974, -0.000621189014055, 0.000610615941696, -0.000270304444712, -0.000981145421974, -0.00268865190446, 0.000304603570839, 0.00311717018485, -0.0017849256983, 0.00417679781094, -0.0127498824149, 0.012373348698]]
    },
    "spectral_contrast_coeffs": {
        "mean": [-0.613840103149, -0.680082798004, -0.679794251919, -0.81616961956, -0.804329872131, -0.760654568672],
        "var": [0.0113202882931, 0.0128926970065, 0.00967162009329, 0.00220224400982, 0.00222507235594, 0.00291088689119]
    },
    "spectral_contrast_valleys": {
        "mean": [-7.60317754745, -7.13016748428, -7.88025903702, -8.82981204987, -9.55864143372, -12.7492437363],
        "var": [2.4224126339, 1.53389751911, 1.39195096493, 1.53710758686, 2.24898838997, 2.73021197319]
    }
},
"metadata": {
    "audio_properties": {
        "analysis_sample_rate": 44100,
        "bit_rate": 102396,
        "equal_loudness": 0,
        "length": 45.0873451233,
        "lossless": 0,
        "replay_gain": -8.71099853516,
        "sample_rate": 44100,
        "codec": "mp3",
        "downmix": "mix",
        "md5_encoded": "5ff7b869749448cf8b4a3c120c8e1069"
    },
    "tags": {
        "file_name": "155.mp3"
    },
    "version": {
        "essentia": "2.1-beta2",
        "essentia_git_sha": "v2.1_beta2",
        "extractor": "music 1.0"
    }
},
"rhythm": {
    "beats_count": 74,
    "beats_loudness": {
        "mean": 0.0555278882384,
        "var": 0.000289434829028
    },
    "bpm": 99.9294433594,
    "bpm_histogram_first_peak_bpm": {
        "mean": 99,
        "var": 0
    },
    "bpm_histogram_first_peak_spread": {
        "mean": 0.305555552244,
        "var": 0
    },
    "bpm_histogram_first_peak_weight": {
        "mean": 0.684931516647,
        "var": 0
    },
    "bpm_histogram_second_peak_bpm": {
        "mean": 89,
        "var": 0
    },
    "bpm_histogram_second_peak_spread": {
        "mean": 0,
        "var": 0
    },
    "bpm_histogram_second_peak_weight": {
        "mean": 0.0136986300349,
        "var": 0
    },
    "danceability": 1.44856023788,
    "onset_rate": 3.21473813057,
    "beats_loudness_band_ratio": {
        "mean": [0.595183372498, 0.138501510024, 0.171042665839, 0.154625594616, 0.00800701137632, 0.0106906061992],
        "var": [0.0342209972441, 0.0122700864449, 0.0286327153444, 0.0163896121085, 2.50610810326e-005, 0.000149909508764]
    },
    "beats_position": [0.650158703327, 1.3235373497, 1.95047616959, 2.55419492722, 3.14630389214, 3.73841261864, 4.34213161469, 4.94585037231, 5.54956912994, 6.15328788757, 6.7570066452, 7.3491153717, 7.94122457504, 8.54494285583, 9.14866161346, 9.75238037109, 10.3560991287, 10.9482088089, 11.5519275665, 12.144036293, 12.7477550507, 13.3514738083, 13.9551925659, 14.5589113235, 15.15102005, 15.7431287766, 16.3468475342, 16.9505672455, 17.5542850494, 18.1463947296, 18.7501125336, 19.3538322449, 19.9459400177, 20.549659729, 21.153377533, 21.7454872131, 22.3492050171, 22.9413146973, 23.5450344086, 24.1487522125, 24.7524719238, 25.3445796967, 25.948299408, 26.5404071808, 27.1441268921, 27.747844696, 28.3515644073, 28.9552822113, 29.5590019226, 30.1511096954, 30.7548294067, 31.3469390869, 31.9506568909, 32.5543746948, 33.1580963135, 33.7618141174, 34.3539237976, 34.9460296631, 35.5497512817, 36.1418571472, 36.7455787659, 37.3376846313, 37.94140625, 38.545124054, 39.1488418579, 39.7525634766, 40.3562812805, 40.9599990845, 41.5404968262, 42.1442184448, 42.7479362488, 43.3516540527, 43.9553718567, 44.5590934753]
},
"tonal": {
    "chords_changes_rate": 0.0771604925394,
    "chords_number_rate": 0.00617283955216,
    "chords_strength": {
        "mean": 0.488354355097,
        "var": 0.00375656737015
    },
    "hpcp_entropy": {
        "mean": 1.4621669054,
        "var": 0.323132306337
    },
    "key_strength": 0.751976072788,
    "tuning_diatonic_strength": 0.586570978165,
    "tuning_equal_tempered_deviation": 0.0576608031988,
    "tuning_frequency": 438.731048584,
    "tuning_nontempered_energy_ratio": 0.66646707058,
    "hpcp": {
        "mean": [0.0186863671988, 0.0239180438221, 0.110445104539, 0.228082388639, 0.151929020882, 0.0257912576199, 0.0108252270147, 0.0129709430039, 0.118255123496, 0.244015067816, 0.154705628753, 0.0301157031208, 0.0155993960798, 0.0138339158148, 0.0349157005548, 0.0905854701996, 0.129839062691, 0.178405791521, 0.233731150627, 0.146223396063, 0.0389795154333, 0.0277314670384, 0.0474295951426, 0.132228165865, 0.178631901741, 0.106180675328, 0.0465150400996, 0.0345878116786, 0.0294267497957, 0.135038793087, 0.31603577733, 0.242032140493, 0.138405308127, 0.202786549926, 0.140050187707, 0.0398777909577],
        "var": [0.00523289572448, 0.00900582317263, 0.0338069535792, 0.134994715452, 0.0655240118504, 0.00501274736598, 0.000956100528128, 0.00180017296225, 0.0330377630889, 0.128118991852, 0.0567365474999, 0.0115284118801, 0.00529485568404, 0.00448299944401, 0.0128678381443, 0.0452148541808, 0.0718195065856, 0.0756402313709, 0.129270941019, 0.062137093395, 0.015714250505, 0.0128943575546, 0.018949335441, 0.0557376332581, 0.0897382348776, 0.0385777167976, 0.0176060143858, 0.0149764157832, 0.00921630579978, 0.0327924489975, 0.146471098065, 0.0856082886457, 0.0472717992961, 0.102865457535, 0.0556617639959, 0.00958125200123]
    },
    "chords_histogram": [47.8395080566, 21.2962970734, 7.61316871643, 1.95473253727, 2.67489719391, 0, 0, 0, 0, 0, 0, 0, 0, 0, 0, 0, 0, 0, 0, 0, 0, 0, 0, 18.6213989258],
    "thpcp": [1, 0.765837788582, 0.437941908836, 0.641656935215, 0.44314661622, 0.126181259751, 0.0591273792088, 0.0756814405322, 0.349470257759, 0.721697986126, 0.480733603239, 0.0816086605191, 0.0342531688511, 0.0410426408052, 0.374182701111, 0.772112190723, 0.489519357681, 0.0952920690179, 0.0493595898151, 0.0437732599676, 0.110480211675, 0.286630421877, 0.410836607218, 0.564511358738, 0.739571809769, 0.462679892778, 0.123338930309, 0.0877478718758, 0.150076657534, 0.41839620471, 0.565226852894, 0.335976749659, 0.147182837129, 0.109442710876, 0.0931120812893, 0.427289575338],
    "chords_key": "G#",
    "chords_scale": "major",
    "key_key": "G#",
    "key_scale": "major"
}
}