{
"lowlevel": {
    "average_loudness": 0.270507305861,
    "barkbands_crest": {
        "mean": 9.89969730377,
        "var": 19.7150402069
    },
    "barkbands_flatness_db": {
        "mean": 0.154541343451,
        "var": 0.00389706483111
    },
    "barkbands_kurtosis": {
        "mean": 5.4927148819,
        "var": 82.8388442993
    },
    "barkbands_skewness": {
        "mean": 1.13013100624,
        "var": 2.33896636963
    },
    "barkbands_spread": {
        "mean": 17.9682312012,
        "var": 209.452606201
    },
    "dissonance": {
        "mean": 0.438364058733,
        "var": 0.00266331527382
    },
    "dynamic_complexity": 5.76271247864,
    "erbbands_crest": {
        "mean": 12.1230125427,
        "var": 29.2976799011
    },
    "erbbands_flatness_db": {
        "mean": 0.21403080225,
        "var": 0.00335292122327
    },
    "erbbands_kurtosis": {
        "mean": 3.44347953796,
        "var": 35.3936195374
    },
    "erbbands_skewness": {
        "mean": 0.759612381458,
        "var": 1.91842186451
    },
    "erbbands_spread": {
        "mean": 27.3639907837,
        "var": 338.948638916
    },
    "hfc": {
        "mean": 14.5014019012,
        "var": 396.021362305
    },
    "melbands_crest": {
        "mean": 13.0909576416,
        "var": 33.9638900757
    },
    "melbands_flatness_db": {
        "mean": 0.187605530024,
        "var": 0.0081191174686
    },
    "melbands_kurtosis": {
        "mean": 10.0803537369,
        "var": 211.384414673
    },
    "melbands_skewness": {
        "mean": 1.78471016884,
        "var": 2.32571721077
    },
    "melbands_spread": {
        "mean": 30.9302864075,
        "var": 1101.58642578
    },
    "pitch_salience": {
        "mean": 0.592681765556,
        "var": 0.0138000287116
    },
    "silence_rate_20dB": {
        "mean": 1,
        "var": 0
    },
    "silence_rate_30dB": {
        "mean": 0.999485075474,
        "var": 0.000514665269293
    },
    "silence_rate_60dB": {
        "mean": 0.308959841728,
        "var": 0.213506132364
    },
    "spectral_centroid": {
        "mean": 1497.53295898,
        "var": 1027043.0625
    },
    "spectral_complexity": {
        "mean": 9.60659122467,
        "var": 41.2303504944
    },
    "spectral_decrease": {
        "mean": -3.40171779634e-009,
        "var": 1.93843159107e-017
    },
    "spectral_energy": {
        "mean": 0.0141541650519,
        "var": 0.000319591752486
    },
    "spectral_energyband_high": {
        "mean": 0.000590095703956,
        "var": 1.89096624581e-006
    },
    "spectral_energyband_low": {
        "mean": 0.000222959672101,
        "var": 1.1540615219e-007
    },
    "spectral_energyband_middle_high": {
        "mean": 0.00428220629692,
        "var": 8.96652200026e-005
    },
    "spectral_energyband_middle_low": {
        "mean": 0.00921912770718,
        "var": 0.000204255498829
    },
    "spectral_entropy": {
        "mean": 7.37752628326,
        "var": 0.444304078817
    },
    "spectral_flux": {
        "mean": 0.055510956794,
        "var": 0.00127529108431
    },
    "spectral_kurtosis": {
        "mean": 5.69444656372,
        "var": 32.8810119629
    },
    "spectral_rms": {
        "mean": 0.00307458033785,
        "var": 4.35588844994e-006
    },
    "spectral_rolloff": {
        "mean": 2379.92895508,
        "var": 5769054.5
    },
    "spectral_skewness": {
        "mean": 1.73424232006,
        "var": 0.69011515379
    },
    "spectral_spread": {
        "mean": 4464159.5,
        "var": 3.08388639539e+012
    },
    "spectral_strongpeak": {
        "mean": 1.51864504814,
        "var": 4.02199602127
    },
    "zerocrossingrate": {
        "mean": 0.0820832997561,
        "var": 0.0036389157176
    },
    "barkbands": {
        "mean": [1.27375205921e-005, 3.15269680868e-005, 9.22450126382e-005, 0.000171431718627, 0.00041234420496, 0.00226452993229, 0.00332189141773, 0.00218440941535, 0.000771131075453, 0.000226607458899, 0.000400884018745, 0.00104725221172, 0.000949317589402, 0.000644615094643, 0.000555642996915, 7.64705182519e-005, 0.000145408252138, 8.29072741908e-005, 0.000106074781797, 0.000175730354385, 9.84027283266e-005, 9.98820396489e-005, 0.000101880919829, 0.000102047575638, 6.93602050887e-005, 9.345610124e-006, 1.0535065087e-007],
        "var": [1.0267836581e-009, 3.87644627509e-009, 2.84049299637e-008, 6.78758809158e-008, 5.49140565909e-007, 2.77894741885e-005, 3.0842009437e-005, 3.88659536839e-005, 3.30917418978e-006, 4.30621128089e-007, 1.20654908642e-006, 1.22730316434e-005, 1.61394000315e-005, 9.74417798716e-006, 4.82563700643e-006, 9.0143117859e-008, 7.62822708111e-007, 8.09340150454e-008, 6.49125055929e-008, 1.42320303098e-007, 6.15409234683e-008, 6.29026359888e-008, 9.79525935918e-008, 8.93429188409e-008, 6.22739904088e-008, 8.52094395043e-010, 1.31347040991e-013]
    },
    "erbbands": {
        "mean": [0.00123596936464, 0.00682253250852, 0.0667856112123, 0.412972658873, 0.584957718849, 1.27519464493, 6.37279844284, 27.4750175476, 61.0482177734, 36.156124115, 31.5840530396, 16.1403045654, 7.84450674057, 5.35048627853, 45.4009857178, 27.4298877716, 30.5563373566, 21.4043235779, 62.6407852173, 10.8850564957, 3.96815299988, 8.46423339844, 4.2268280983, 5.62450742722, 6.09726381302, 7.66574621201, 5.81625986099, 3.60871362686, 3.57190513611, 3.41256165504, 2.91135644913, 2.52882623672, 1.38406026363, 0.784111440182, 0.483772188425, 0.094831995666, 0.0140730990097, 0.00107620400377, 3.86804058508e-005, 1.9980556317e-005],
        "var": [7.60281682233e-006, 0.000163439544849, 0.0135677112266, 0.405711263418, 0.833658754826, 4.93432426453, 115.611946106, 4479.45263672, 10216.9306641, 7627.72314453, 4999.77587891, 1260.5222168, 527.932983398, 73.1851272583, 23568.2421875, 5640.64111328, 13620.6962891, 9157.81640625, 87630.8046875, 1160.09765625, 175.179702759, 2484.02050781, 244.949172974, 228.316101074, 267.152801514, 317.161621094, 182.588623047, 77.5703735352, 80.9854354858, 85.8917922974, 91.9654159546, 57.4584274292, 17.1192951202, 6.21252346039, 6.97492074966, 0.149377718568, 0.00172740279231, 1.01462746898e-005, 8.10788236549e-009, 5.66782065725e-010]
    },
    "gfcc": {
        "mean": [-81.1175231934, 78.3465652466, -138.559783936, 12.7747983932, -93.7164154053, 2.71507549286, -50.8180770874, -1.08614838123, -26.4284667969, 6.28807115555, -5.72001409531, -3.05035591125, -9.63527107239],
        "cov": [[4890.42626953, -462.971618652, -201.801223755, -313.722900391, -96.773979187, -62.7326545715, -133.032867432, -100.004470825, 38.764995575, 449.597137451, 235.559509277, 13.3601713181, -87.9049911499], [-462.971618652, 2645.41967773, 73.1427154541, -913.482727051, -125.775650024, -371.194915771, 290.841766357, -199.913604736, 288.539520264, -71.9077224731, 267.407012939, -152.572845459, 183.602310181], [-201.801223755, 73.1427154541, 582.964599609, -8.38965702057, -115.766654968, -39.5361442566, -19.9044361115, 95.0592193604, -60.9889678955, 57.02110672, -28.7743492126, 1.25258052349, 9.66219711304], [-313.722900391, -913.482727051, -8.38965702057, 777.353942871, 84.713394165, 100.577720642, -100.408111572, 79.6183013916, -45.1272888184, -76.235786438, -162.718292236, 48.1484184265, -43.2068023682], [-96.773979187, -125.775650024, -115.766654968, 84.713394165, 322.067199707, 145.121902466, -83.0224227905, -29.9949092865, 34.5905990601, 28.607208252, -20.3176574707, -11.0416116714, -39.4401435852], [-62.7326545715, -371.194915771, -39.5361442566, 100.577720642, 145.121902466, 301.661712646, -58.9481010437, -32.024974823, -51.7317466736, 1.35539221764, -9.93350028992, 5.60334873199, -64.0487670898], [-133.032867432, 290.841766357, -19.9044361115, -100.408111572, -83.0224227905, -58.9481010437, 179.934036255, -22.7262783051, -10.1757164001, -4.91894578934, 32.0899887085, -11.7644395828, 35.0382575989], [-100.004470825, -199.913604736, 95.0592193604, 79.6183013916, -29.9949092865, -32.024974823, -22.7262783051, 157.946640015, -12.8370189667, -26.5388469696, -42.099697113, 33.6870994568, -5.16531562805], [38.764995575, 288.539520264, -60.9889678955, -45.1272888184, 34.5905990601, -51.7317466736, -10.1757164001, -12.8370189667, 181.534484863, -5.21780633926, 34.8633880615, -1.94738578796, 14.5187969208], [449.597137451, -71.9077224731, 57.02110672, -76.235786438, 28.607208252, 1.35539221764, -4.91894578934, -26.5388469696, -5.21780633926, 215.592559814, 24.791967392, -23.7937755585, 13.4545669556], [235.559509277, 267.407012939, -28.7743492126, -162.718292236, -20.3176574707, -9.93350028992, 32.0899887085, -42.099697113, 34.8633880615, 24.791967392, 164.777984619, 4.64150905609, 6.85500669479], [13.3601713181, -152.572845459, 1.25258052349, 48.1484184265, -11.0416116714, 5.60334873199, -11.7644395828, 33.6870994568, -1.94738578796, -23.7937755585, 4.64150905609, 99.9611282349, -3.90063977242], [-87.9049911499, 183.602310181, 9.66219711304, -43.2068023682, -39.4401435852, -64.0487670898, 35.0382575989, -5.16531562805, 14.5187969208, 13.4545669556, 6.85500669479, -3.90063977242, 80.7921676636]],
        "icov": [[0.000344113359461, 7.98039254732e-005, 0.000220549016376, 8.98060461623e-005, 0.000318866659654, 0.000187160549103, 0.000353927462129, 9.10346934688e-005, -7.67950332374e-005, -0.000741401163395, -0.000381779973395, -7.3784700362e-005, 0.000537163577974], [7.98039254732e-005, 0.00224963971414, -0.00125689082779, 0.00173798762262, -0.00121241703164, 0.00151037424803, -0.00185626745224, 0.00194798398297, -0.00238083465956, 0.00232394365594, -0.00127922988031, 0.00198978744447, -0.00216524559073], [0.000220549016376, -0.00125689082779, 0.00316090346314, -0.000841012049932, 0.0018457545666, -0.000897712365258, 0.00189213745762, -0.0023946731817, 0.00180275191087, -0.00272420980036, 0.000629212183412, -0.000881825282704, 0.00151792005636], [8.98060461623e-005, 0.00173798762262, -0.000841012049932, 0.00322177680209, -0.00105745182373, 0.000800393638201, -0.00092076434521, 0.00109767308459, -0.00172643049154, 0.00208315323107, 0.000553393445443, 0.000838099396788, -0.00148370908573], [0.000318866659654, -0.00121241703164, 0.0018457545666, -0.00105745182373, 0.00621649436653, -0.00286238337867, 0.00287667731754, -0.000964474747889, -0.000156061025336, -0.00311459042132, 0.0010039547924, -0.000601225998253, 0.00220473250374], [0.000187160549103, 0.00151037424803, -0.000897712365258, 0.000800393638201, -0.00286238337867, 0.00664617307484, -0.000675344723277, 0.00260453275405, 0.000278694351437, 0.00145578535739, -0.00160244631115, 0.000745634490158, 0.00151701527648], [0.000353927462129, -0.00185626745224, 0.00189213745762, -0.00092076434521, 0.00287667731754, -0.000675344723277, 0.00943639408797, -0.000971415429376, 0.00289013958536, -0.00254875328392, -5.73588658881e-005, -0.00119731901214, 0.000451337225968], [9.10346934688e-005, 0.00194798398297, -0.0023946731817, 0.00109767308459, -0.000964474747889, 0.00260453275405, -0.000971415429376, 0.0104991449043, -0.00195585284382, 0.0027371852193, 0.000350263726432, -0.000882412015926, -0.000944584840909], [-7.67950332374e-005, -0.00238083465956, 0.00180275191087, -0.00172643049154, -0.000156061025336, 0.000278694351437, 0.00289013958536, -0.00195585284382, 0.00945812370628, -0.00194657582324, -0.000194022213691, -0.00205997214653, 0.00149588077329], [-0.000741401163395, 0.00232394365594, -0.00272420980036, 0.00208315323107, -0.00311459042132, 0.00145578535739, -0.00254875328392, 0.0027371852193, -0.00194657582324, 0.00984051544219, -0.00119128380902, 0.00320258410648, -0.00476731779054], [-0.000381779973395, -0.00127922988031, 0.000629212183412, 0.000553393445443, 0.0010039547924, -0.00160244631115, -5.73588658881e-005, 0.000350263726432, -0.000194022213691, -0.00119128380902, 0.0097214654088, -0.00278983777389, 0.00125312502496], [-7.3784700362e-005, 0.00198978744447, -0.000881825282704, 0.000838099396788, -0.000601225998253, 0.000745634490158, -0.00119731901214, -0.000882412015926, -0.00205997214653, 0.00320258410648, -0.00278983777389, 0.0134580656886, -0.00256468798034], [0.000537163577974, -0.00216524559073, 0.00151792005636, -0.00148370908573, 0.00220473250374, 0.00151701527648, 0.000451337225968, -0.000944584840909, 0.00149588077329, -0.00476731779054, 0.00125312502496, -0.00256468798034, 0.0192251950502]]
    },
    "melbands": {
        "mean": [1.01053256003e-005, 2.67573759629e-005, 7.65514050727e-005, 5.24721144757e-005, 0.000194092935999, 0.000600089493673, 0.000823600159492, 0.000437883281847, 0.000248385389568, 8.76530029927e-005, 3.82015023206e-005, 1.82958701771e-005, 0.000105092047306, 0.000131138061988, 7.53096610424e-005, 6.90036322339e-005, 2.52243135037e-005, 0.00012477429118, 1.58742459462e-005, 8.16631199996e-006, 3.89088336306e-006, 9.61098339758e-006, 4.39316863776e-006, 4.1534385673e-006, 4.60029104943e-006, 3.84834265788e-006, 4.73091813546e-006, 5.3896760619e-006, 4.54970722785e-006, 2.06368008548e-006, 2.07191692425e-006, 2.02472597266e-006, 1.91137610273e-006, 1.84204759535e-006, 1.67045641319e-006, 1.61063792348e-006, 1.51389917846e-006, 1.05926744709e-006, 6.93684967246e-007, 6.43255077648e-007],
        "var": [4.28597601854e-010, 2.09533967954e-009, 1.2049985898e-008, 5.35596544893e-009, 1.05141040763e-007, 1.80271206318e-006, 1.85679766673e-006, 1.45903641169e-006, 2.51483839975e-007, 3.86692420307e-008, 1.38636169211e-008, 1.13823883652e-009, 1.20509668022e-007, 1.94723455138e-007, 8.96967833341e-008, 1.64158535654e-007, 1.51085881583e-008, 3.69164098402e-007, 2.2555095569e-009, 9.81660752686e-010, 2.42284220464e-010, 3.61765239987e-009, 4.42253372812e-010, 1.99139496559e-010, 1.62930308134e-010, 1.09553081884e-010, 1.71093569867e-010, 1.58726032318e-010, 1.1051612403e-010, 3.93097186746e-011, 3.31728776393e-011, 2.80878931225e-011, 2.75291525687e-011, 2.62277682211e-011, 3.02772355798e-011, 2.93320194522e-011, 1.94025455424e-011, 9.12950097465e-012, 6.5627971807e-012, 4.14130231843e-012]
    },
    "mfcc": {
        "mean": [-715.796936035, 108.472747803, -2.02761912346, 0.220236614347, -20.9492206573, -9.57440757751, -14.2057409286, -13.2850608826, -16.9490509033, -3.60496973991, -7.29998731613, 3.84061694145, 5.8784532547],
        "cov": [[4161.45214844, -516.010009766, -284.943023682, -146.874740601, -68.8377914429, 28.6590595245, -69.8272171021, -314.605651855, -225.569747925, 101.877723694, 248.768966675, 87.9411392212, 53.7845153809], [-516.010009766, 3060.72460938, 40.8454780579, -500.370941162, -483.715423584, -226.026550293, -131.870422363, -155.071640015, -67.3622207642, 22.1880836487, 35.0578193665, 158.296142578, 107.650863647], [-284.943023682, 40.8454780579, 521.432800293, 51.4653739929, -65.4752731323, -92.6382522583, 15.7859525681, 16.6049938202, 4.29400253296, -4.34100580215, -63.3305168152, 25.4080066681, 45.7304763794], [-146.874740601, -500.370941162, 51.4653739929, 430.090118408, 52.204158783, -9.76389598846, -39.3983688354, 53.2428283691, 91.470916748, -2.29073429108, -70.7543029785, -16.4795303345, -15.0157375336], [-68.8377914429, -483.715423584, -65.4752731323, 52.204158783, 416.930969238, 119.956626892, 0.0318584814668, 44.9723815918, 13.5004997253, 32.4607124329, 41.091381073, -47.6371154785, -66.1434555054], [28.6590595245, -226.026550293, -92.6382522583, -9.76389598846, 119.956626892, 258.518890381, 53.4589576721, -38.8871002197, -14.3893470764, 31.5249767303, 37.0696487427, -38.504611969, -42.3724517822], [-69.8272171021, -131.870422363, 15.7859525681, -39.3983688354, 0.0318584814668, 53.4589576721, 171.604049683, -5.19133329391, -29.2669811249, -7.74137592316, 2.75030779839, -6.97297000885, -6.95717716217], [-314.605651855, -155.071640015, 16.6049938202, 53.2428283691, 44.9723815918, -38.8871002197, -5.19133329391, 190.064605713, 30.28673172, -55.5496253967, -20.1016998291, -25.9130306244, -12.9418315887], [-225.569747925, -67.3622207642, 4.29400253296, 91.470916748, 13.5004997253, -14.3893470764, -29.2669811249, 30.28673172, 127.617858887, -0.890441119671, -33.7451095581, -10.5795059204, -12.3948287964], [101.877723694, 22.1880836487, -4.34100580215, -2.29073429108, 32.4607124329, 31.5249767303, -7.74137592316, -55.5496253967, -0.890441119671, 119.233520508, 11.1248064041, -4.50066947937, 2.03145837784], [248.768966675, 35.0578193665, -63.3305168152, -70.7543029785, 41.091381073, 37.0696487427, 2.75030779839, -20.1016998291, -33.7451095581, 11.1248064041, 125.923751831, 5.68809175491, -21.9600849152], [87.9411392212, 158.296142578, 25.4080066681, -16.4795303345, -47.6371154785, -38.504611969, -6.97297000885, -25.9130306244, -10.5795059204, -4.50066947937, 5.68809175491, 105.60471344, 22.960855484], [53.7845153809, 107.650863647, 45.7304763794, -15.0157375336, -66.1434555054, -42.3724517822, -6.95717716217, -12.9418315887, -12.3948287964, 2.03145837784, -21.9600849152, 22.960855484, 95.2130279541]],
        "icov": [[0.000411376153352, 0.000209907477256, 0.000177808178705, 6.80960292812e-005, 0.000210700192838, 0.000185881610378, 0.000359685975127, 0.000577105151024, 0.000508016790263, -0.00013563207176, -0.000666121137328, -0.000227973025176, -0.000240182926063], [0.000209907477256, 0.000678245269228, 7.15742571629e-005, 0.000691344961524, 0.000600099214353, 0.000254364160355, 0.000676868250594, 0.000416061666328, 0.000105936313048, -0.000269249663688, -0.00033852859633, -0.000551395642105, -0.000100246186776], [0.000177808178705, 7.15742571629e-005, 0.00231176521629, -0.000225713098189, 8.88373760972e-005, 0.000738724484108, -0.000355373427738, 0.000128479296109, 0.000427256076364, -0.000313107098918, 0.000487208919367, -0.000378357683076, -0.000679417455103], [6.80960292812e-005, 0.000691344961524, -0.000225713098189, 0.00381606630981, 0.000257614825387, 2.83889403363e-005, 0.00111222395208, -0.000165666104294, -0.00166236120276, -0.000361605460057, 0.00123823841568, -0.000611828814726, 0.000364895735402], [0.000210700192838, 0.000600099214353, 8.88373760972e-005, 0.000257614825387, 0.00389279215597, -0.00106280192267, 0.000940542260651, -0.000807230593637, 0.000181546376552, -0.00129353068769, -0.00112638517749, -6.00943712925e-005, 0.00119668571278], [0.000185881610378, 0.000254364160355, 0.000738724484108, 2.83889403363e-005, -0.00106280192267, 0.00593430688605, -0.00144897145219, 0.00175086525269, 0.000396546587581, -0.000621920044068, -0.000880121078808, 0.00118055369239, 0.000869007781148], [0.000359685975127, 0.000676868250594, -0.000355373427738, 0.00111222395208, 0.000940542260651, -0.00144897145219, 0.00752282282338, 0.00036195028224, 0.00158491183538, 0.000345605483744, 2.85065125354e-005, -0.000467537291115, 0.000303331587929], [0.000577105151024, 0.000416061666328, 0.000128479296109, -0.000165666104294, -0.000807230593637, 0.00175086525269, 0.00036195028224, 0.00821967609227, -0.000284453533823, 0.00315187918022, -0.000663236540277, 0.00131670082919, -9.69033571891e-005], [0.000508016790263, 0.000105936313048, 0.000427256076364, -0.00166236120276, 0.000181546376552, 0.000396546587581, 0.00158491183538, -0.000284453533823, 0.0108463680372, -0.000700010976288, 0.00116504903417, 5.28889286215e-005, 0.00118848506827], [-0.00013563207176, -0.000269249663688, -0.000313107098918, -0.000361605460057, -0.00129353068769, -0.000621920044068, 0.000345605483744, 0.00315187918022, -0.000700010976288, 0.0106169907376, -0.000247877120273, 0.00111060135532, -0.000889951246791], [-0.000666121137328, -0.00033852859633, 0.000487208919367, 0.00123823841568, -0.00112638517749, -0.000880121078808, 2.85065125354e-005, -0.000663236540277, 0.00116504903417, -0.000247877120273, 0.0116272922605, -0.000919409445487, 0.00251848413609], [-0.000227973025176, -0.000551395642105, -0.000378357683076, -0.000611828814726, -6.00943712925e-005, 0.00118055369239, -0.000467537291115, 0.00131670082919, 5.28889286215e-005, 0.00111060135532, -0.000919409445487, 0.0116191506386, -0.00156497070566], [-0.000240182926063, -0.000100246186776, -0.000679417455103, 0.000364895735402, 0.00119668571278, 0.000869007781148, 0.000303331587929, -9.69033571891e-005, 0.00118848506827, -0.000889951246791, 0.00251848413609, -0.00156497070566, 0.0134946685284]]
    },
    "spectral_contrast_coeffs": {
        "mean": [-0.620257496834, -0.722944021225, -0.783178031445, -0.777152895927, -0.799373745918, -0.782586395741],
        "var": [0.00592655315995, 0.00701911235228, 0.00502377515659, 0.00581472273916, 0.00216217478737, 0.00254075042903]
    },
    "spectral_contrast_valleys": {
        "mean": [-9.26514053345, -6.86637544632, -7.79078817368, -8.39972019196, -8.27248191833, -10.6156892776],
        "var": [0.70107704401, 1.08114099503, 0.612596035004, 0.569302856922, 0.761720180511, 1.09765267372]
    }
},
"metadata": {
    "audio_properties": {
        "analysis_sample_rate": 44100,
        "bit_rate": 128074,
        "equal_loudness": 0,
        "length": 45.0612258911,
        "lossless": 0,
        "replay_gain": -4.44138145447,
        "sample_rate": 44100,
        "codec": "mp3",
        "downmix": "mix",
        "md5_encoded": "2cdad2d7428a41ceb281bbe0366c4da9"
    },
    "tags": {
        "file_name": "1550.mp3"
    },
    "version": {
        "essentia": "2.1-beta2",
        "essentia_git_sha": "v2.1_beta2",
        "extractor": "music 1.0"
    }
},
"rhythm": {
    "beats_count": 82,
    "beats_loudness": {
        "mean": 0.0167199932039,
        "var": 0.000367632193957
    },
    "bpm": 123.218917847,
    "bpm_histogram_first_peak_bpm": {
        "mean": 123,
        "var": 0
    },
    "bpm_histogram_first_peak_spread": {
        "mean": 0.511627972126,
        "var": 0
    },
    "bpm_histogram_first_peak_weight": {
        "mean": 0.25925925374,
        "var": 0
    },
    "bpm_histogram_second_peak_bpm": {
        "mean": 110,
        "var": 0
    },
    "bpm_histogram_second_peak_spread": {
        "mean": 0.5,
        "var": 0
    },
    "bpm_histogram_second_peak_weight": {
        "mean": 0.074074074626,
        "var": 0
    },
    "danceability": 0.870982348919,
    "onset_rate": 4.21458530426,
    "beats_loudness_band_ratio": {
        "mean": [0.0535713806748, 0.201724290848, 0.371529728174, 0.171351909637, 0.125450283289, 0.130015656352],
        "var": [0.0052279913798, 0.0202383715659, 0.0607700012624, 0.0325653366745, 0.0243460107595, 0.0477294698358]
    },
    "beats_position": [0.615328788757, 1.25387752056, 1.89242625237, 2.53097510338, 3.15791368484, 3.7732424736, 4.5046710968, 5.22448968887, 5.94430828094, 6.66412687302, 7.38394546509, 8.05732440948, 8.75392246246, 9.39247131348, 10.0310201645, 10.5766887665, 11.110748291, 11.656416893, 12.1904764175, 12.7245349884, 13.2702035904, 13.7578229904, 14.2338323593, 14.7214508057, 15.2090702057, 15.696688652, 16.1726989746, 16.6487064362, 17.1247158051, 17.600725174, 18.088344574, 18.575963974, 19.0635814667, 19.5860309601, 20.1084804535, 20.6193199158, 21.153377533, 21.6990470886, 22.2447166443, 22.7323360443, 23.219953537, 23.7191829681, 24.2184123993, 24.7176418304, 25.2052612305, 25.7044887543, 26.1921081543, 26.7493877411, 27.2950553894, 27.8523349762, 28.3283443451, 28.7927436829, 29.2687530518, 29.7447605133, 30.2207698822, 30.6967792511, 31.1843986511, 31.6720180511, 32.1596374512, 32.6356468201, 33.111656189, 33.5992736816, 34.0868911743, 34.5745124817, 35.0621299744, 35.5497512817, 36.0489807129, 36.5365982056, 37.0358276367, 37.5350570679, 38.034286499, 38.5335159302, 39.0327415466, 39.520362854, 40.124080658, 40.7045783997, 41.2966880798, 41.9120178223, 42.5157356262, 43.1078453064, 43.6999549866, 44.3036727905]
},
"tonal": {
    "chords_changes_rate": 0.0689300447702,
    "chords_number_rate": 0.00925925932825,
    "chords_strength": {
        "mean": 0.654929220676,
        "var": 0.011493713595
    },
    "hpcp_entropy": {
        "mean": 2.17693328857,
        "var": 0.581298291683
    },
    "key_strength": 0.720959067345,
    "tuning_diatonic_strength": 0.621328651905,
    "tuning_equal_tempered_deviation": 0.0761984884739,
    "tuning_frequency": 452.37008667,
    "tuning_nontempered_energy_ratio": 0.755416810513,
    "hpcp": {
        "mean": [0.0748658403754, 0.0699938908219, 0.0963523238897, 0.11518266052, 0.0975530222058, 0.0913298428059, 0.126837819815, 0.208156809211, 0.377408802509, 0.452081203461, 0.297470778227, 0.203004792333, 0.181282445788, 0.110551476479, 0.0761932730675, 0.0723287165165, 0.1080096066, 0.253139555454, 0.32634550333, 0.176041290164, 0.0510142892599, 0.0425394102931, 0.0726064071059, 0.200848162174, 0.253242433071, 0.144519403577, 0.0830658748746, 0.082010358572, 0.0883169323206, 0.141077369452, 0.186125800014, 0.209694832563, 0.413529425859, 0.520215749741, 0.290076643229, 0.107582554221],
        "var": [0.0210118945688, 0.0196016132832, 0.026390792802, 0.0400269292295, 0.0307462755591, 0.0309098977596, 0.0492153428495, 0.0699489042163, 0.0841839537024, 0.123649984598, 0.0638124421239, 0.0604570545256, 0.0679240226746, 0.0281223356724, 0.0199947506189, 0.0184808876365, 0.0228191036731, 0.0554195865989, 0.0918995440006, 0.0338196344674, 0.00650926772505, 0.00700375111774, 0.0117693077773, 0.052790813148, 0.0792558118701, 0.031257301569, 0.0259556882083, 0.0282123200595, 0.0259613189846, 0.0450537018478, 0.0653222054243, 0.0533272661269, 0.100851215422, 0.134541809559, 0.0638254880905, 0.0261548869312]
    },
    "chords_histogram": [35.288066864, 15.2263374329, 0, 0, 0.720164597034, 0, 0.411522626877, 0, 0, 1.85185182095, 1.95473253727, 4.11522626877, 0, 0, 0, 0, 0.823045253754, 0, 1.74897122383, 0, 0, 1.85185182095, 14.4032926559, 21.6049385071],
    "thpcp": [1, 0.557608366013, 0.20680372417, 0.143913060427, 0.134547814727, 0.185216084123, 0.221413254738, 0.187524154782, 0.175561472774, 0.243817716837, 0.400135546923, 0.725485146046, 0.869026362896, 0.571821928024, 0.39023193717, 0.348475515842, 0.212510824203, 0.146464750171, 0.139035999775, 0.207624644041, 0.48660492897, 0.627327203751, 0.338400542736, 0.0980637148023, 0.0817726328969, 0.139569804072, 0.386086285114, 0.486802697182, 0.277806669474, 0.159675821662, 0.157646819949, 0.169769823551, 0.271190106869, 0.357785791159, 0.403092056513, 0.794919073582],
    "chords_key": "G#",
    "chords_scale": "major",
    "key_key": "G#",
    "key_scale": "major"
}
}