{
"lowlevel": {
    "average_loudness": 0.957864224911,
    "barkbands_crest": {
        "mean": 18.6985340118,
        "var": 27.0260066986
    },
    "barkbands_flatness_db": {
        "mean": 0.379928946495,
        "var": 0.0258330386132
    },
    "barkbands_kurtosis": {
        "mean": 99.2329025269,
        "var": 35449.1445313
    },
    "barkbands_skewness": {
        "mean": 6.1515879631,
        "var": 20.6205177307
    },
    "barkbands_spread": {
        "mean": 6.44278001785,
        "var": 157.382904053
    },
    "dissonance": {
        "mean": 0.408209502697,
        "var": 0.00513369310647
    },
    "dynamic_complexity": 4.09109258652,
    "erbbands_crest": {
        "mean": 13.678735733,
        "var": 36.441028595
    },
    "erbbands_flatness_db": {
        "mean": 0.215231314301,
        "var": 0.0121943326667
    },
    "erbbands_kurtosis": {
        "mean": 16.6821594238,
        "var": 2362.72631836
    },
    "erbbands_skewness": {
        "mean": 1.99359714985,
        "var": 6.80884981155
    },
    "erbbands_spread": {
        "mean": 45.9286651611,
        "var": 2007.20214844
    },
    "hfc": {
        "mean": 9.32397270203,
        "var": 240.582702637
    },
    "melbands_crest": {
        "mean": 23.6758117676,
        "var": 32.2677154541
    },
    "melbands_flatness_db": {
        "mean": 0.477905362844,
        "var": 0.0363595560193
    },
    "melbands_kurtosis": {
        "mean": 137.200256348,
        "var": 38202.59375
    },
    "melbands_skewness": {
        "mean": 6.51856422424,
        "var": 26.8113880157
    },
    "melbands_spread": {
        "mean": 5.86012458801,
        "var": 402.085235596
    },
    "pitch_salience": {
        "mean": 0.283854454756,
        "var": 0.0302472244948
    },
    "silence_rate_20dB": {
        "mean": 0.96240991354,
        "var": 0.0361763723195
    },
    "silence_rate_30dB": {
        "mean": 0.894953668118,
        "var": 0.0940103307366
    },
    "silence_rate_60dB": {
        "mean": 0.155509784818,
        "var": 0.131328061223
    },
    "spectral_centroid": {
        "mean": 487.442260742,
        "var": 318379.625
    },
    "spectral_complexity": {
        "mean": 5.0653963089,
        "var": 44.352897644
    },
    "spectral_decrease": {
        "mean": -1.79575003756e-008,
        "var": 1.18846959895e-015
    },
    "spectral_energy": {
        "mean": 0.0686215683818,
        "var": 0.0172000937164
    },
    "spectral_energyband_high": {
        "mean": 0.000317048310535,
        "var": 6.0214978248e-007
    },
    "spectral_energyband_low": {
        "mean": 0.0607885941863,
        "var": 0.0152517510578
    },
    "spectral_energyband_middle_high": {
        "mean": 0.000412168184994,
        "var": 1.62563628692e-006
    },
    "spectral_energyband_middle_low": {
        "mean": 0.00668627396226,
        "var": 0.000387972395401
    },
    "spectral_entropy": {
        "mean": 6.30457687378,
        "var": 1.87286055088
    },
    "spectral_flux": {
        "mean": 0.088789768517,
        "var": 0.0214710272849
    },
    "spectral_kurtosis": {
        "mean": 25.8239021301,
        "var": 3429.61914063
    },
    "spectral_rms": {
        "mean": 0.00661097513512,
        "var": 2.3242799216e-005
    },
    "spectral_rolloff": {
        "mean": 438.769561768,
        "var": 2586805.75
    },
    "spectral_skewness": {
        "mean": 3.15953373909,
        "var": 8.47775554657
    },
    "spectral_spread": {
        "mean": 5182747.5,
        "var": 1.45990782812e+013
    },
    "spectral_strongpeak": {
        "mean": 0.581521749496,
        "var": 0.17354542017
    },
    "zerocrossingrate": {
        "mean": 0.0208613257855,
        "var": 0.00126359751448
    },
    "barkbands": {
        "mean": [0.00482307933271, 0.047604162246, 0.00880693551153, 0.00179971358739, 0.00384010770358, 0.000574489531573, 0.000153013126692, 0.000150076157297, 0.000109257060103, 8.55027319631e-005, 3.76357056666e-005, 4.78483489132e-005, 5.87441354583e-005, 2.39720957325e-005, 3.05356334138e-005, 3.71357746189e-005, 3.73296461476e-005, 3.59185360139e-005, 2.96445196e-005, 3.53425020876e-005, 5.10044119437e-005, 3.92796682718e-005, 2.5725510568e-005, 5.83680375712e-005, 7.97029861133e-005, 4.70189661428e-005, 4.25387947089e-009],
        "var": [0.000569438328966, 0.0096854493022, 0.00037891350803, 2.57098054135e-005, 0.000173631997313, 1.69337954503e-006, 1.97900035914e-007, 1.86738958519e-007, 2.05750197324e-007, 1.64650913348e-007, 5.98909322136e-009, 1.39265887711e-008, 4.960126887e-008, 6.96349422569e-009, 1.1575455261e-008, 1.63892366345e-008, 1.34330990775e-008, 1.44779903621e-008, 1.44388847545e-008, 1.66526810119e-008, 4.26335482473e-008, 2.12398685306e-008, 3.75654263252e-009, 1.81874515448e-008, 3.00452924762e-008, 1.2248773551e-008, 1.61212392719e-014]
    },
    "erbbands": {
        "mean": [1.27135026455, 10.7198572159, 14.8317651749, 6.26841926575, 13.5236101151, 10.0149288177, 6.08240795135, 4.32598257065, 1.95775568485, 3.81736803055, 2.52952861786, 2.3324508667, 3.32896900177, 1.31135594845, 1.89590001106, 1.84543204308, 2.81871843338, 1.66976189613, 1.20506489277, 2.17996358871, 1.90307104588, 2.16680669785, 1.99479925632, 1.63401389122, 1.50160169601, 1.73093295097, 1.59290146828, 2.31670451164, 1.56923186779, 0.895186245441, 0.678687214851, 0.801938712597, 1.16371917725, 0.981677472591, 0.541067063808, 0.3005027771, 0.0691815540195, 0.00160006294027, 8.43306988827e-005, 7.96488675405e-005],
        "var": [15.7847709656, 373.271392822, 723.399353027, 252.441238403, 2787.24511719, 879.207824707, 232.084365845, 69.4976577759, 25.1814861298, 110.774291992, 116.64263916, 80.0924224854, 251.528457642, 16.3792686462, 17.6888961792, 20.2109470367, 112.764060974, 33.9983329773, 14.2479667664, 76.4887695313, 39.4599380493, 45.5997772217, 41.5941772461, 34.5226707458, 34.800491333, 40.192653656, 37.4434013367, 96.1044616699, 37.6756324768, 6.13693809509, 2.32288599014, 3.44355630875, 6.97458744049, 4.81904840469, 1.39014089108, 0.488625735044, 0.0249807368964, 1.33128942252e-005, 2.21567244552e-008, 2.11107167303e-008]
    },
    "gfcc": {
        "mean": [-162.126266479, 122.245864868, -39.6640167236, 53.6585960388, -24.2544727325, 24.5299243927, -29.062128067, 8.2218580246, -18.0066108704, 1.74870026112, -7.79954004288, -1.21800529957, -4.51567697525],
        "cov": [[16665.5253906, -3225.52441406, -2513.87597656, -85.8238220215, -1290.22790527, 738.261535645, -721.406188965, 989.990112305, -744.383178711, 715.346923828, -602.984375, 537.329162598, -265.06918335], [-3225.52441406, 3450.0690918, -25.4734840393, -610.397094727, 1003.96258545, -770.611633301, 586.975097656, -554.307128906, 597.325622559, -448.493041992, 462.27734375, -235.646408081, 313.442718506], [-2513.87597656, -25.4734840393, 3281.0637207, 897.509216309, 337.878326416, 199.073471069, 117.90222168, -191.236785889, 120.914237976, 18.5991153717, 99.8474197388, -76.6285171509, 166.010757446], [-85.8238220215, -610.397094727, 897.509216309, 738.612365723, 28.8436870575, 104.375320435, -9.94862651825, -17.4149513245, -75.7271270752, 31.7693595886, -62.0503005981, -23.2614002228, 8.78687477112], [-1290.22790527, 1003.96258545, 337.878326416, 28.8436870575, 706.401000977, -81.7247467041, 321.244262695, -161.611099243, 241.37109375, -153.329650879, 201.17098999, -92.5698547363, 83.6797714233], [738.261535645, -770.611633301, 199.073471069, 104.375320435, -81.7247467041, 420.173614502, -38.4479942322, 162.502410889, -109.742134094, 119.493560791, -55.9966468811, 64.2636795044, -68.4646987915], [-721.406188965, 586.975097656, 117.90222168, -9.94862651825, 321.244262695, -38.4479942322, 311.918334961, -48.9684906006, 170.835952759, -91.8247756958, 108.868255615, -71.8877716064, 41.4660682678], [989.990112305, -554.307128906, -191.236785889, -17.4149513245, -161.611099243, 162.502410889, -48.9684906006, 263.58581543, -27.849199295, 102.039482117, -72.2620925903, 50.6361160278, -85.1877975464], [-744.383178711, 597.325622559, 120.914237976, -75.7271270752, 241.37109375, -109.742134094, 170.835952759, -27.849199295, 242.007369995, -39.4821166992, 115.487060547, -51.4365310669, 43.9753112793], [715.346923828, -448.493041992, 18.5991153717, 31.7693595886, -153.329650879, 119.493560791, -91.8247756958, 102.039482117, -39.4821166992, 148.128601074, -30.3945217133, 65.9140701294, -25.2171535492], [-602.984375, 462.27734375, 99.8474197388, -62.0503005981, 201.17098999, -55.9966468811, 108.868255615, -72.2620925903, 115.487060547, -30.3945217133, 162.010223389, -0.575365781784, 58.5581245422], [537.329162598, -235.646408081, -76.6285171509, -23.2614002228, -92.5698547363, 64.2636795044, -71.8877716064, 50.6361160278, -51.4365310669, 65.9140701294, -0.575365781784, 90.1521072388, 12.2223930359], [-265.06918335, 313.442718506, 166.010757446, 8.78687477112, 83.6797714233, -68.4646987915, 41.4660682678, -85.1877975464, 43.9753112793, -25.2171535492, 58.5581245422, 12.2223930359, 138.639312744]],
        "icov": [[0.000122715340694, -0.000166797093698, 0.000101104087662, -0.000168905695318, -2.2190342861e-005, -8.47371629789e-005, -3.74903902411e-006, -0.000336598575814, 0.000318509992212, -0.000492862251122, 0.00035014792229, -0.000351571012288, -4.03651974921e-005], [-0.000166797093698, 0.00356793333776, -0.00039308538544, 0.00267095980234, -0.00146764260717, 0.0028041661717, -0.001145370421, 0.00218958780169, -0.00220760516822, 0.00279787462205, -0.00209430069663, 0.00200714031234, -0.00220867455937], [0.000101104087662, -0.00039308538544, 0.000741638068575, -0.00106755457819, 0.000167609789059, -0.000961506972089, 0.000475575739983, 9.097680595e-005, -0.000399363256292, -0.000596321478952, 0.00015346807777, 0.000182423231308, -0.000463410658995], [-0.000168905695318, 0.00267095980234, -0.00106755457819, 0.00455425819382, -0.0016798696015, 0.00263868505135, -0.00141126243398, 0.0013684410369, 9.2461159511e-005, 0.000982015975751, -0.000586988753639, 0.00230377493426, -0.00159782904666], [-2.2190342861e-005, -0.00146764260717, 0.000167609789059, -0.0016798696015, 0.00496916845441, -0.00256251520477, -0.00104376289528, 0.000635699019767, -0.0016771517694, 0.00191685522441, -0.00161250634119, -0.000793546263594, 0.00125119497534], [-8.47371629789e-005, 0.0028041661717, -0.000961506972089, 0.00263868505135, -0.00256251520477, 0.00795156601816, -0.00289533636533, -0.00106434279587, 0.00282666808926, -0.00148391514085, -0.00145084480755, 0.000434001151007, -0.000424266589107], [-3.74903902411e-006, -0.001145370421, 0.000475575739983, -0.00141126243398, -0.00104376289528, -0.00289533636533, 0.00919620227069, -0.00175017339643, -0.00300616514869, 0.0023948031012, -0.00133999704849, 0.00301527651027, -0.000834143604152], [-0.000336598575814, 0.00218958780169, 9.097680595e-005, 0.0013684410369, 0.000635699019767, -0.00106434279587, -0.00175017339643, 0.0113967610523, -0.00648284656927, 0.00093123211991, 0.00195715692826, -0.00292951706797, 0.00248471694067], [0.000318509992212, -0.00220760516822, -0.000399363256292, 9.2461159511e-005, -0.0016771517694, 0.00282666808926, -0.00300616514869, -0.00648284656927, 0.0163493547589, -0.00807059649378, -0.00305704562925, 0.00478467298672, -0.000388162065065], [-0.000492862251122, 0.00279787462205, -0.000596321478952, 0.000982015975751, 0.00191685522441, -0.00148391514085, 0.0023948031012, 0.00093123211991, -0.00807059649378, 0.0210746731609, -0.00334717310034, -0.00557700917125, -0.000351282273186], [0.00035014792229, -0.00209430069663, 0.00015346807777, -0.000586988753639, -0.00161250634119, -0.00145084480755, -0.00133999704849, 0.00195715692826, -0.00305704562925, -0.00334717310034, 0.0175982695073, -0.00967806391418, 0.000898920698091], [-0.000351571012288, 0.00200714031234, 0.000182423231308, 0.00230377493426, -0.000793546263594, 0.000434001151007, 0.00301527651027, -0.00292951706797, 0.00478467298672, -0.00557700917125, -0.00967806391418, 0.0300311837345, -0.00867489911616], [-4.03651974921e-005, -0.00220867455937, -0.000463410658995, -0.00159782904666, 0.00125119497534, -0.000424266589107, -0.000834143604152, 0.00248471694067, -0.000388162065065, -0.000351282273186, 0.000898920698091, -0.00867489911616, 0.0140412822366]]
    },
    "melbands": {
        "mean": [0.0127940634266, 0.0104946224019, 0.00136839051265, 0.000921414524782, 0.00024135489366, 9.67311716522e-005, 2.94122946798e-005, 4.13746020058e-005, 2.05144933716e-005, 1.46286383824e-005, 1.61458592629e-005, 4.85514101456e-006, 5.28619011675e-006, 5.01210570292e-006, 5.46464116269e-006, 6.48604691378e-006, 2.58947557086e-006, 1.73850867213e-006, 2.58680233856e-006, 2.86282897832e-006, 2.10077018892e-006, 2.28224757848e-006, 1.93901610146e-006, 1.62562878359e-006, 1.28709825731e-006, 1.13932912882e-006, 1.17830677482e-006, 1.09252960101e-006, 8.85015481344e-007, 1.11504186862e-006, 1.45638023241e-006, 1.00169688722e-006, 5.47373645077e-007, 4.59711998246e-007, 3.93260620513e-007, 4.15720734281e-007, 4.97693690704e-007, 7.44532144381e-007, 1.01610055481e-006, 7.59162730901e-007],
        "var": [0.000979342265055, 0.000312934658723, 1.18306952572e-005, 1.07507512439e-005, 3.37876031153e-007, 3.7893865823e-008, 5.92537130473e-009, 1.29443566976e-008, 1.15255858191e-008, 2.96811641931e-009, 6.17633855171e-009, 2.47324716263e-010, 1.341495387e-010, 1.54614404613e-010, 2.13273121386e-010, 6.76617095685e-010, 7.86143927733e-011, 3.11299562517e-011, 9.00720609209e-011, 1.06367609165e-010, 5.09425349127e-011, 5.40026287577e-011, 4.09958768322e-011, 2.79897580807e-011, 2.17693415377e-011, 2.63317648935e-011, 1.8869090318e-011, 1.57693042652e-011, 1.16547509491e-011, 1.8114943573e-011, 4.4014285272e-011, 1.60274640781e-011, 3.30559950072e-012, 1.44889937721e-012, 7.34415674976e-013, 1.0923134142e-012, 1.41782093878e-012, 2.70160846819e-012, 5.70228456467e-012, 2.81516346692e-012]
    },
    "mfcc": {
        "mean": [-822.321228027, 144.884170532, 56.5965042114, 46.8514022827, 38.4852638245, 23.588470459, 16.0913276672, 10.1738348007, 6.68271255493, -1.49698078632, 3.94711828232, 8.16664028168, 3.16136574745],
        "cov": [[14368.4082031, -1694.41931152, -1903.39404297, -1190.61657715, -928.1171875, -550.406433105, -220.463256836, -239.914550781, 155.097473145, -129.745986938, -2.9937543869, -93.4636611938, -18.3663330078], [-1694.41931152, 2839.25146484, -498.600036621, 64.0694122314, 130.223373413, 4.72525310516, -49.0683364868, 115.11542511, -30.8838634491, 10.7709703445, -4.67442369461, 131.475570679, 102.880630493], [-1903.39404297, -498.600036621, 1995.48657227, 693.197570801, 442.477111816, 364.193328857, 146.270904541, -12.6732664108, 48.9667472839, 96.5046386719, -21.1713905334, -99.1647338867, 27.9653568268], [-1190.61657715, 64.0694122314, 693.197570801, 779.452209473, 280.704986572, 191.281341553, 82.2830200195, 20.0524806976, 26.1956806183, 48.7558441162, -40.5902061462, -60.1930160522, -6.03916120529], [-928.1171875, 130.223373413, 442.477111816, 280.704986572, 342.387878418, 198.880020142, 104.383529663, 62.3569107056, 18.9504241943, 31.3769245148, 21.4110031128, 26.1828479767, 19.8432445526], [-550.406433105, 4.72525310516, 364.193328857, 191.281341553, 198.880020142, 274.494262695, 137.687316895, 45.7121276855, 19.8801593781, 33.3550224304, 1.79263460636, -15.726852417, 12.756652832], [-220.463256836, -49.0683364868, 146.270904541, 82.2830200195, 104.383529663, 137.687316895, 168.346725464, 93.5687484741, 31.4746685028, 20.9934806824, 31.1788253784, 26.9898815155, -5.40837049484], [-239.914550781, 115.11542511, -12.6732664108, 20.0524806976, 62.3569107056, 45.7121276855, 93.5687484741, 143.525131226, 62.1678085327, 29.2687759399, 62.2441062927, 79.7348327637, 6.90259742737], [155.097473145, -30.8838634491, 48.9667472839, 26.1956806183, 18.9504241943, 19.8801593781, 31.4746685028, 62.1678085327, 104.55418396, 59.9992904663, 32.0822944641, 30.0486526489, 22.173871994], [-129.745986938, 10.7709703445, 96.5046386719, 48.7558441162, 31.3769245148, 33.3550224304, 20.9934806824, 29.2687759399, 59.9992904663, 90.4992523193, 32.1243934631, -3.42988443375, 24.0177307129], [-2.9937543869, -4.67442369461, -21.1713905334, -40.5902061462, 21.4110031128, 1.79263460636, 31.1788253784, 62.2441062927, 32.0822944641, 32.1243934631, 115.515434265, 113.399627686, 5.95987653732], [-93.4636611938, 131.475570679, -99.1647338867, -60.1930160522, 26.1828479767, -15.726852417, 26.9898815155, 79.7348327637, 30.0486526489, -3.42988443375, 113.399627686, 210.534927368, 46.6064453125], [-18.3663330078, 102.880630493, 27.9653568268, -6.03916120529, 19.8432445526, 12.756652832, -5.40837049484, 6.90259742737, 22.173871994, 24.0177307129, 5.95987653732, 46.6064453125, 106.072288513]],
        "icov": [[0.000118108589959, 4.37294402218e-005, 0.000102723664895, 3.81187637686e-005, 9.58565287874e-005, 4.29765459558e-005, -0.000202454524697, 0.000446704099886, -0.000691076158546, 0.000572823919356, -0.000445397454314, 0.000327609363012, -0.000213525971049], [4.37294402218e-005, 0.000519458379131, 0.000237602551351, -8.18940898171e-005, -0.00023865098774, -0.000210779166082, 0.000698806426954, -0.000837377912831, 0.000653544673696, -0.000596913218033, 0.00077615986811, -0.0004395180149, -0.000255400285823], [0.000102723664895, 0.000237602551351, 0.00111546611879, -0.000501473725308, -0.000668085354846, -0.000440520176198, -0.000150725216372, 0.000972134468611, -0.000803439761512, 0.000293815217447, -0.000768791011069, 0.000639085541479, -0.000564471934922], [3.81187637686e-005, -8.18940898171e-005, -0.000501473725308, 0.00233966531232, -0.00117953936569, 4.51942541986e-005, -8.87188216439e-005, 0.000136415721499, -0.000324100401485, -0.00091813900508, 0.0016249200562, -0.000439387862571, 0.000930676644202], [9.58565287874e-005, -0.00023865098774, -0.000668085354846, -0.00117953936569, 0.00731789832935, -0.00349459098652, 0.000466130994027, -0.00162819074467, 0.000774766434915, 0.000532153469976, -0.000786843767855, -0.00066205940675, -0.000409285596106], [4.29765459558e-005, -0.000210779166082, -0.000440520176198, 4.51942541986e-005, -0.00349459098652, 0.0104946624488, -0.00793855451047, 0.00329863466322, -0.000719792733435, -0.000337037199643, -0.000357863580575, 0.00152543908916, -0.00132057955489], [-0.000202454524697, 0.000698806426954, -0.000150725216372, -8.87188216439e-005, 0.000466130994027, -0.00793855451047, 0.0184564273804, -0.0124253220856, 0.00402724510059, -0.00142665870953, 0.00172645330895, -0.000836049381178, 0.00169049482793], [0.000446704099886, -0.000837377912831, 0.000972134468611, 0.000136415721499, -0.00162819074467, 0.00329863466322, -0.0124253220856, 0.0238684695214, -0.0129234325141, 0.00465394183993, -0.00606317026541, -0.00074350630166, 0.000677266973071], [-0.000691076158546, 0.000653544673696, -0.000803439761512, -0.000324100401485, 0.000774766434915, -0.000719792733435, 0.00402724510059, -0.0129234325141, 0.027192030102, -0.0188668686897, 0.00964005850255, -0.00664744293317, 0.00139454728924], [0.000572823919356, -0.000596913218033, 0.000293815217447, -0.00091813900508, 0.000532153469976, -0.000337037199643, -0.00142665870953, 0.00465394183993, -0.0188668686897, 0.0344491302967, -0.0222259964794, 0.0161835700274, -0.0096044242382], [-0.000445397454314, 0.00077615986811, -0.000768791011069, 0.0016249200562, -0.000786843767855, -0.000357863580575, 0.00172645330895, -0.00606317026541, 0.00964005850255, -0.0222259964794, 0.0372619219124, -0.0226835347712, 0.0110286213458], [0.000327609363012, -0.0004395180149, 0.000639085541479, -0.000439387862571, -0.00066205940675, 0.00152543908916, -0.000836049381178, -0.00074350630166, -0.00664744293317, 0.0161835700274, -0.0226835347712, 0.0216340590268, -0.010270270519], [-0.000213525971049, -0.000255400285823, -0.000564471934922, 0.000930676644202, -0.000409285596106, -0.00132057955489, 0.00169049482793, 0.000677266973071, 0.00139454728924, -0.0096044242382, 0.0110286213458, -0.010270270519, 0.0158937033266]]
    },
    "spectral_contrast_coeffs": {
        "mean": [-0.626328468323, -0.698664665222, -0.791434526443, -0.80645686388, -0.814174175262, -0.818930089474],
        "var": [0.00999918393791, 0.00935749616474, 0.00625158147886, 0.00621759798378, 0.00428081490099, 0.00201894179918]
    },
    "spectral_contrast_valleys": {
        "mean": [-7.46071052551, -8.90299415588, -9.71333122253, -9.92671966553, -9.98282527924, -11.8730182648],
        "var": [1.54197156429, 1.50392758846, 2.12128186226, 2.4987154007, 3.05962371826, 3.89364671707]
    }
},
"metadata": {
    "audio_properties": {
        "analysis_sample_rate": 44100,
        "bit_rate": 128074,
        "equal_loudness": 0,
        "length": 45.0612258911,
        "lossless": 0,
        "replay_gain": -5.2295627594,
        "sample_rate": 44100,
        "codec": "mp3",
        "downmix": "mix",
        "md5_encoded": "7c3bd92b1a3313c80b9d7f3d0a163248"
    },
    "tags": {
        "file_name": "1554.mp3"
    },
    "version": {
        "essentia": "2.1-beta2",
        "essentia_git_sha": "v2.1_beta2",
        "extractor": "music 1.0"
    }
},
"rhythm": {
    "beats_count": 63,
    "beats_loudness": {
        "mean": 0.154247924685,
        "var": 0.0183999557048
    },
    "bpm": 85.0540847778,
    "bpm_histogram_first_peak_bpm": {
        "mean": 85,
        "var": 0
    },
    "bpm_histogram_first_peak_spread": {
        "mean": 0.0833333209157,
        "var": 0
    },
    "bpm_histogram_first_peak_weight": {
        "mean": 0.887096762657,
        "var": 0
    },
    "bpm_histogram_second_peak_bpm": {
        "mean": 91,
        "var": 0
    },
    "bpm_histogram_second_peak_spread": {
        "mean": 0,
        "var": 0
    },
    "bpm_histogram_second_peak_weight": {
        "mean": 0.0322580635548,
        "var": 0
    },
    "danceability": 1.58161342144,
    "onset_rate": 3.61567044258,
    "beats_loudness_band_ratio": {
        "mean": [0.904559969902, 0.176368445158, 0.0168472453952, 0.00567968841642, 0.00626353453845, 0.0201444104314],
        "var": [0.00620438996702, 0.0323460139334, 0.000331172370352, 2.88882729365e-005, 3.60220510629e-005, 0.000339208665537]
    },
    "beats_position": [0.638548731804, 1.28870749474, 1.95047616959, 2.6470746994, 3.34367346764, 4.05188179016, 4.76009082794, 5.45668935776, 6.1648979187, 6.87310647964, 7.56970500946, 8.28952407837, 8.98612213135, 9.69433116913, 10.4025392532, 11.110748291, 11.8189563751, 12.5271654129, 13.2237634659, 13.9319725037, 14.6401815414, 15.3483896255, 16.0449886322, 16.7648067474, 17.4614048004, 18.1696147919, 18.877822876, 19.574420929, 20.2826309204, 20.9908390045, 21.6874370575, 22.4072551727, 23.1038551331, 23.8120632172, 24.5202713013, 25.2284793854, 25.9366893768, 26.6448974609, 27.353105545, 28.0497055054, 28.7579135895, 29.4661216736, 30.1627197266, 30.8825397491, 31.5791378021, 32.2873458862, 32.9955558777, 33.6921539307, 34.4003639221, 35.1085700989, 35.8051681519, 36.5249862671, 37.2215881348, 37.9297943115, 38.638004303, 39.334602356, 40.0428123474, 40.7510185242, 41.4592285156, 42.1674385071, 42.8640365601, 43.5722427368, 44.2804527283]
},
"tonal": {
    "chords_changes_rate": 0.0442386828363,
    "chords_number_rate": 0.00411522621289,
    "chords_strength": {
        "mean": 0.499588876963,
        "var": 0.00552802579477
    },
    "hpcp_entropy": {
        "mean": 1.71400010586,
        "var": 0.969724178314
    },
    "key_strength": 0.756569683552,
    "tuning_diatonic_strength": 0.616593003273,
    "tuning_equal_tempered_deviation": 0.249450549483,
    "tuning_frequency": 434.193115234,
    "tuning_nontempered_energy_ratio": 0.962338089943,
    "hpcp": {
        "mean": [0.0255938768387, 0.0165450870991, 0.0182449780405, 0.0262811481953, 0.0307464879006, 0.0276358872652, 0.022906832397, 0.0240415465087, 0.0388947762549, 0.175129503012, 0.249062880874, 0.117936477065, 0.0530822388828, 0.0649388581514, 0.0433346033096, 0.021388258785, 0.0169681869447, 0.0257926099002, 0.0449280589819, 0.0471199676394, 0.0293738562614, 0.0290842428803, 0.0469501800835, 0.124435074627, 0.383103191853, 0.401304543018, 0.12693220377, 0.0199400354177, 0.0191054772586, 0.0517935156822, 0.104232445359, 0.09503698349, 0.0476997494698, 0.039632383734, 0.065286912024, 0.0584103502333],
        "var": [0.0120164630935, 0.00689526181668, 0.00809328909963, 0.0124579910189, 0.0140238525346, 0.0114197758958, 0.00845378823578, 0.0103861745447, 0.0170557945967, 0.0846225619316, 0.165543362498, 0.0432361699641, 0.0276501663029, 0.0485237948596, 0.021784927696, 0.0121020553634, 0.00618600659072, 0.0118497461081, 0.0207836888731, 0.0226906836033, 0.0115559166297, 0.013184578158, 0.0283367652446, 0.0465999320149, 0.166820466518, 0.196375265718, 0.0349585972726, 0.00793604087085, 0.00789494719356, 0.0285314749926, 0.0725918486714, 0.0638718307018, 0.0209269467741, 0.0171823631972, 0.0493806749582, 0.0395353473723]
    },
    "chords_histogram": [32.5102882385, 0.102880656719, 9.15637874603, 0, 0, 0.823045253754, 0, 54.4238700867, 0, 2.98353910446, 0, 0, 0, 0, 0, 0, 0, 0, 0, 0, 0, 0, 0, 0],
    "thpcp": [1, 0.316298931837, 0.0496880374849, 0.0476084239781, 0.129062876105, 0.259734034538, 0.236820101738, 0.118861719966, 0.0987588688731, 0.162686705589, 0.145551174879, 0.0637766942382, 0.0412282571197, 0.045464169234, 0.0654892846942, 0.0766163468361, 0.0688651278615, 0.0570809207857, 0.0599084831774, 0.0969208478928, 0.43640050292, 0.620633125305, 0.293882727623, 0.132274210453, 0.161819398403, 0.10798433423, 0.0532968267798, 0.0422825701535, 0.0642719119787, 0.111955024302, 0.117416977882, 0.0731959193945, 0.0724742412567, 0.116993889213, 0.310076415539, 0.954644560814],
    "chords_key": "F",
    "chords_scale": "major",
    "key_key": "F",
    "key_scale": "minor"
}
}