{
"lowlevel": {
    "average_loudness": 0.776874303818,
    "barkbands_crest": {
        "mean": 13.6699857712,
        "var": 10.5875711441
    },
    "barkbands_flatness_db": {
        "mean": 0.361985117197,
        "var": 0.00828204676509
    },
    "barkbands_kurtosis": {
        "mean": 30.1954288483,
        "var": 921.518737793
    },
    "barkbands_skewness": {
        "mean": 3.01376986504,
        "var": 5.16592502594
    },
    "barkbands_spread": {
        "mean": 3.34341692924,
        "var": 16.4634723663
    },
    "dissonance": {
        "mean": 0.326181441545,
        "var": 0.00739512918517
    },
    "dynamic_complexity": 1.95876324177,
    "erbbands_crest": {
        "mean": 14.9339151382,
        "var": 19.8628921509
    },
    "erbbands_flatness_db": {
        "mean": 0.327978938818,
        "var": 0.00744182243943
    },
    "erbbands_kurtosis": {
        "mean": 13.7272968292,
        "var": 196.227615356
    },
    "erbbands_skewness": {
        "mean": 2.26514339447,
        "var": 2.27919697762
    },
    "erbbands_spread": {
        "mean": 14.7218637466,
        "var": 291.450012207
    },
    "hfc": {
        "mean": 10.7772350311,
        "var": 38.6773147583
    },
    "melbands_crest": {
        "mean": 16.2837085724,
        "var": 16.6667098999
    },
    "melbands_flatness_db": {
        "mean": 0.449132531881,
        "var": 0.0104387272149
    },
    "melbands_kurtosis": {
        "mean": 26.2395973206,
        "var": 850.295593262
    },
    "melbands_skewness": {
        "mean": 2.54255914688,
        "var": 4.29543781281
    },
    "melbands_spread": {
        "mean": 3.75465464592,
        "var": 14.4611930847
    },
    "pitch_salience": {
        "mean": 0.479202747345,
        "var": 0.00716766295955
    },
    "silence_rate_20dB": {
        "mean": 1,
        "var": 0
    },
    "silence_rate_30dB": {
        "mean": 0.983522117138,
        "var": 0.0162056833506
    },
    "silence_rate_60dB": {
        "mean": 0.00154479919001,
        "var": 0.00154241069686
    },
    "spectral_centroid": {
        "mean": 417.38104248,
        "var": 55817.0976563
    },
    "spectral_complexity": {
        "mean": 5.89340877533,
        "var": 11.2179546356
    },
    "spectral_decrease": {
        "mean": -9.06972896786e-009,
        "var": 3.99622699889e-017
    },
    "spectral_energy": {
        "mean": 0.0352087281644,
        "var": 0.000591947755311
    },
    "spectral_energyband_high": {
        "mean": 9.4221184554e-005,
        "var": 8.31007511692e-008
    },
    "spectral_energyband_low": {
        "mean": 0.00619356101379,
        "var": 0.000290141324513
    },
    "spectral_energyband_middle_high": {
        "mean": 0.000463975011371,
        "var": 1.27743419398e-006
    },
    "spectral_energyband_middle_low": {
        "mean": 0.0292428918183,
        "var": 0.000263053952949
    },
    "spectral_entropy": {
        "mean": 5.55663394928,
        "var": 0.659499645233
    },
    "spectral_flux": {
        "mean": 0.0664931386709,
        "var": 0.00235440395772
    },
    "spectral_kurtosis": {
        "mean": 45.6987876892,
        "var": 12939.6640625
    },
    "spectral_rms": {
        "mean": 0.00556876417249,
        "var": 3.3388716929e-006
    },
    "spectral_rolloff": {
        "mean": 445.776885986,
        "var": 261788.203125
    },
    "spectral_skewness": {
        "mean": 4.34613847733,
        "var": 13.9048967361
    },
    "spectral_spread": {
        "mean": 3054816,
        "var": 3.96530260378e+012
    },
    "spectral_strongpeak": {
        "mean": 1.17424476147,
        "var": 0.34419387579
    },
    "zerocrossingrate": {
        "mean": 0.0206878371537,
        "var": 0.0002466373262
    },
    "barkbands": {
        "mean": [8.41622822918e-005, 0.00387778040022, 0.00147666654084, 0.00223995605484, 0.0120681738481, 0.00637711724266, 0.00788327492774, 0.000524170056451, 8.62463421072e-005, 0.000189756319742, 6.66023188387e-005, 4.30811924161e-005, 4.90085440106e-005, 1.62003707374e-005, 2.26199299505e-005, 5.35167919224e-006, 1.87600981008e-005, 5.73765501031e-005, 2.43236409005e-005, 1.92982643057e-005, 3.45317093888e-005, 1.2758900084e-005, 8.50417109177e-006, 1.16469209388e-005, 9.23115931073e-006, 2.08224378184e-006, 9.39080351259e-008],
        "var": [1.16171818831e-007, 0.000124243219034, 3.25716864609e-005, 1.60077397595e-005, 9.27601722651e-005, 4.39438663307e-005, 2.71519384114e-005, 5.49578044229e-006, 1.03607504798e-007, 6.45472255201e-007, 4.3902470992e-008, 2.16305924283e-008, 3.41027117656e-008, 9.60358459423e-010, 2.18188467294e-009, 1.57721544158e-010, 1.90876181527e-009, 2.17628723931e-008, 1.81776793617e-009, 2.46514408886e-009, 1.000739136e-008, 1.90635729425e-009, 8.52994230804e-010, 2.53934517858e-009, 2.36145636379e-009, 1.33535307811e-010, 6.21352795604e-013]
    },
    "erbbands": {
        "mean": [0.0623703747988, 1.00308692455, 2.10296726227, 4.85298871994, 31.6952342987, 32.7173728943, 66.2078094482, 32.5609321594, 106.250106812, 58.0966682434, 11.9470891953, 3.17175006866, 4.34181833267, 4.84419870377, 2.6891336441, 1.79576587677, 2.28762054443, 1.44814074039, 1.1363452673, 0.642608046532, 0.402167707682, 0.888753950596, 3.1213350296, 2.47040081024, 0.589358925819, 0.830248475075, 1.61056470871, 1.12978112698, 0.473714739084, 0.3099206388, 0.244889169931, 0.200912192464, 0.217406913638, 0.137784674764, 0.0453573390841, 0.00976442266256, 0.00416485406458, 0.000618779857177, 2.99500006804e-005, 3.95349998144e-005],
        "var": [0.039024323225, 8.46156311035, 43.8726158142, 124.010124207, 882.322753906, 1011.05413818, 4660.04443359, 2110.02783203, 6219.97998047, 2672.27539063, 2236.8034668, 90.7425994873, 191.035461426, 435.361602783, 67.0369796753, 36.3146781921, 72.6826171875, 11.5816984177, 4.0381155014, 1.67029166222, 0.961705982685, 3.52530813217, 76.4055404663, 17.0074062347, 1.27547633648, 3.92347025871, 20.9058074951, 11.5803747177, 2.61491513252, 1.14831292629, 0.725125610828, 0.924753248692, 0.762967169285, 0.576419949532, 0.0512660108507, 0.00285214884207, 0.000525390962139, 1.86001616385e-005, 8.48586978464e-009, 7.37179040033e-010]
    },
    "gfcc": {
        "mean": [-135.146835327, 149.370056152, -60.6049385071, 26.1650867462, -76.6270980835, -47.8495750427, -64.0863189697, -6.32789373398, -23.8430175781, -1.80591404438, 2.74721264839, -15.1722517014, -1.04242837429],
        "cov": [[5832.98095703, -1465.20263672, -832.516784668, 889.922729492, -71.4024734497, 1092.77282715, 160.323028564, 482.134002686, -425.397918701, 42.9726219177, -443.414550781, -50.8108291626, -140.703262329], [-1465.20263672, 2240.71044922, 365.971557617, -1027.92382813, 866.253234863, 121.707649231, 347.465576172, -90.4343795776, 302.407348633, -175.908187866, 338.404327393, -33.7579498291, 95.2883834839], [-832.516784668, 365.971557617, 1165.91186523, -85.0072631836, -62.4499702454, 93.4371948242, 122.460998535, -108.545036316, 63.5080947876, 39.4491958618, 23.3371257782, 116.567947388, -123.618522644], [889.922729492, -1027.92382813, -85.0072631836, 1179.11767578, -326.388824463, -279.052398682, -60.4249343872, 137.794082642, -68.9754180908, 15.1487140656, -154.696838379, -23.7007045746, -65.3056945801], [-71.4024734497, 866.253234863, -62.4499702454, -326.388824463, 623.121337891, 286.483673096, 182.256652832, 114.224960327, 108.269943237, -64.5032806396, 112.409645081, -42.3190727234, 65.7305526733], [1092.77282715, 121.707649231, 93.4371948242, -279.052398682, 286.483673096, 878.792785645, 236.659744263, 103.535453796, -43.6797027588, 70.9535827637, -62.6512756348, 58.416015625, -63.7976799011], [160.323028564, 347.465576172, 122.460998535, -60.4249343872, 182.256652832, 236.659744263, 282.613769531, 52.3681755066, 61.986000061, -3.6773006916, 3.75208544731, 76.1646728516, -41.9408340454], [482.134002686, -90.4343795776, -108.545036316, 137.794082642, 114.224960327, 103.535453796, 52.3681755066, 231.074447632, 5.94996213913, 17.4147853851, 3.5479722023, -5.96229171753, 18.3748455048], [-425.397918701, 302.407348633, 63.5080947876, -68.9754180908, 108.269943237, -43.6797027588, 61.986000061, 5.94996213913, 204.000137329, 50.0965576172, 111.427185059, 76.5041809082, 36.6628875732], [42.9726219177, -175.908187866, 39.4491958618, 15.1487140656, -64.5032806396, 70.9535827637, -3.6773006916, 17.4147853851, 50.0965576172, 162.153213501, 31.5923957825, 49.2261657715, 25.8739433289], [-443.414550781, 338.404327393, 23.3371257782, -154.696838379, 112.409645081, -62.6512756348, 3.75208544731, 3.5479722023, 111.427185059, 31.5923957825, 180.426467896, 22.1474266052, 64.4530258179], [-50.8108291626, -33.7579498291, 116.567947388, -23.7007045746, -42.3190727234, 58.416015625, 76.1646728516, -5.96229171753, 76.5041809082, 49.2261657715, 22.1474266052, 182.356903076, 3.56228208542], [-140.703262329, 95.2883834839, -123.618522644, -65.3056945801, 65.7305526733, -63.7976799011, -41.9408340454, 18.3748455048, 36.6628875732, 25.8739433289, 64.4530258179, 3.56228208542, 134.251983643]],
        "icov": [[0.000616307021119, -0.00107354891952, 0.00072505522985, -0.00098857213743, 0.00109205278568, -0.00126861792523, 0.000997344381176, -0.00101706536952, 0.00112000887748, -0.000606132671237, 0.000864737201482, -0.000826606585179, 0.000325624452671], [-0.00107354891952, 0.0113937333226, -0.00399877456948, 0.00645108101889, -0.00886793993413, 0.0049981600605, -0.0106755737215, 0.0056961956434, -0.00725152716041, 0.00824479293078, -0.00729105435312, 0.00796063896269, -0.00347337126732], [0.00072505522985, -0.00399877456948, 0.00276411580853, -0.00251295580529, 0.00327266310342, -0.00227830302902, 0.00345856929198, -0.00181360635906, 0.00286859925836, -0.00308594852686, 0.00222556642257, -0.00333379511721, 0.00239595375024], [-0.00098857213743, 0.00645108101889, -0.00251295580529, 0.00542582618073, -0.00456672953442, 0.00403768755496, -0.00636610994115, 0.00216474989429, -0.004765863996, 0.00425018556416, -0.00303784501739, 0.00485927332193, -0.00160800304729], [0.00109205278568, -0.00886793993413, 0.00327266310342, -0.00456672953442, 0.0124262804165, -0.00607554521412, 0.00622865231708, -0.00632156990469, 0.00264125387184, -0.00260724197142, 0.00436545489356, -0.00293231825344, -0.000166114594322], [-0.00126861792523, 0.0049981600605, -0.00227830302902, 0.00403768755496, -0.00607554521412, 0.00631706835702, -0.00566641427577, 0.00266943359748, -0.00165667571127, 0.000516498810612, -0.00209618569352, 0.00238105328754, 0.000126144106616], [0.000997344381176, -0.0106755737215, 0.00345856929198, -0.00636610994115, 0.00622865231708, -0.00566641427577, 0.0172266028821, -0.00572126125917, 0.00557087454945, -0.00708822067827, 0.00752622261643, -0.0103059345856, 0.00563773466274], [-0.00101706536952, 0.0056961956434, -0.00181360635906, 0.00216474989429, -0.00632156990469, 0.00266943359748, -0.00572126125917, 0.00996067561209, -0.00311308144592, 0.00286389421672, -0.00458727730438, 0.0037361769937, -0.00211153645068], [0.00112000887748, -0.00725152716041, 0.00286859925836, -0.004765863996, 0.00264125387184, -0.00165667571127, 0.00557087454945, -0.00311308144592, 0.0169814545661, -0.0092542655766, 0.000542236492038, -0.00953587610275, 0.00386863132007], [-0.000606132671237, 0.00824479293078, -0.00308594852686, 0.00425018556416, -0.00260724197142, 0.000516498810612, -0.00708822067827, 0.00286389421672, -0.0092542655766, 0.0171180441976, -0.00695731351152, 0.00638873083517, -0.00594688626006], [0.000864737201482, -0.00729105435312, 0.00222556642257, -0.00303784501739, 0.00436545489356, -0.00209618569352, 0.00752622261643, -0.00458727730438, 0.000542236492038, -0.00695731351152, 0.0164450798184, -0.00488034496084, -7.44048738852e-005], [-0.000826606585179, 0.00796063896269, -0.00333379511721, 0.00485927332193, -0.00293231825344, 0.00238105328754, -0.0103059345856, 0.0037361769937, -0.00953587610275, 0.00638873083517, -0.00488034496084, 0.015441047959, -0.00508020166308], [0.000325624452671, -0.00347337126732, 0.00239595375024, -0.00160800304729, -0.000166114594322, 0.000126144106616, 0.00563773466274, -0.00211153645068, 0.00386863132007, -0.00594688626006, -7.44048738852e-005, -0.00508020166308, 0.0141309248284]]
    },
    "melbands": {
        "mean": [0.000832258607261, 0.00126149819698, 0.00152024417184, 0.00259084068239, 0.00196450715885, 0.000813694263343, 0.00170373253059, 0.000501929840539, 6.93971014698e-005, 1.66117642948e-005, 2.21671980398e-005, 2.07871526072e-005, 7.67197252571e-006, 5.59651471121e-006, 3.86521742257e-006, 6.30433123661e-006, 2.10545817936e-006, 1.57482406848e-006, 1.65661845131e-006, 4.91408229664e-007, 4.94125117712e-007, 8.26048449198e-007, 1.23680888464e-006, 3.98457814299e-006, 1.79889320862e-006, 4.14686354588e-007, 3.03625625975e-007, 6.12709925463e-007, 1.1241984339e-006, 8.10908034055e-007, 5.7180739077e-007, 2.77238342505e-007, 1.949675692e-007, 1.59089012186e-007, 1.46268462231e-007, 1.15748512997e-007, 1.28992240889e-007, 1.56127342166e-007, 1.46868046613e-007, 1.07522808435e-007],
        "var": [5.90786567045e-006, 1.39427775139e-005, 3.93842947233e-006, 5.59708087167e-006, 3.72887484446e-006, 1.0239009498e-006, 1.35710524773e-006, 2.89537751996e-007, 1.01800104346e-007, 3.78990305805e-009, 5.91340887368e-009, 9.60187751531e-009, 5.47238920845e-010, 3.14338305385e-010, 1.88424331693e-010, 6.14538975263e-010, 2.00620440399e-011, 7.16206304333e-012, 1.45090666911e-011, 1.2797230723e-012, 2.07444781838e-012, 2.76458998923e-012, 1.04162685421e-011, 1.24304705418e-010, 1.02176617861e-011, 9.53949159249e-013, 4.2787206612e-013, 2.44023616418e-012, 1.04511148e-011, 5.48595717464e-012, 3.3104612801e-012, 9.9804637211e-013, 4.92926608819e-013, 2.99199142025e-013, 2.61184032301e-013, 2.20005735635e-013, 4.71210527195e-013, 3.83803286461e-013, 3.94476768958e-013, 4.72216558391e-013]
    },
    "mfcc": {
        "mean": [-796.540344238, 173.382125854, 53.2412910461, 51.7311859131, 7.32494401932, -35.4015312195, -19.2763347626, -35.3066825867, -20.1048336029, -17.8262901306, -4.5897936821, 1.23017013073, -11.1105155945],
        "cov": [[4808.22119141, -999.392944336, -695.464599609, -124.831184387, -72.1619415283, 301.840484619, 634.120483398, 316.669067383, 548.368286133, 198.706939697, 22.966003418, -10.239235878, -293.622467041], [-999.392944336, 2528.46826172, -261.15838623, -848.183288574, 513.940917969, 247.222122192, 370.743469238, 325.05657959, 79.8668136597, 73.0807571411, 123.093666077, 113.536628723, 38.7594070435], [-695.464599609, -261.15838623, 1130.91357422, 194.476974487, -145.689407349, 210.582839966, -111.176986694, 40.222366333, -156.951156616, -16.1089229584, -46.2004432678, 0.594446957111, 169.416824341], [-124.831184387, -848.183288574, 194.476974487, 1055.18237305, -125.277862549, -294.932250977, -240.171920776, -86.2217559814, -52.1360855103, -73.380607605, -34.9781112671, 18.0680656433, 25.4170398712], [-72.1619415283, 513.940917969, -145.689407349, -125.277862549, 344.911376953, -0.811350882053, 146.293609619, 56.3841438293, 105.479400635, 50.2787132263, 39.9500656128, 87.0308914185, -65.7750091553], [301.840484619, 247.222122192, 210.582839966, -294.932250977, -0.811350882053, 485.547119141, 148.764465332, 215.993667603, 50.2036018372, 100.028526306, 50.4453125, -18.1051197052, 98.8312149048], [634.120483398, 370.743469238, -111.176986694, -240.171920776, 146.293609619, 148.764465332, 369.466033936, 153.204315186, 182.014144897, 60.5962371826, 54.490436554, 46.7970733643, -84.9227371216], [316.669067383, 325.05657959, 40.222366333, -86.2217559814, 56.3841438293, 215.993667603, 153.204315186, 345.215576172, 84.3112335205, 67.6589126587, 44.0585861206, 83.1127090454, 49.6846847534], [548.368286133, 79.8668136597, -156.951156616, -52.1360855103, 105.479400635, 50.2036018372, 182.014144897, 84.3112335205, 235.766326904, 40.7125434875, 43.9294013977, 42.9862785339, -75.172088623], [198.706939697, 73.0807571411, -16.1089229584, -73.380607605, 50.2787132263, 100.028526306, 60.5962371826, 67.6589126587, 40.7125434875, 155.707595825, 75.8314285278, -7.0704331398, 26.4836788177], [22.966003418, 123.093666077, -46.2004432678, -34.9781112671, 39.9500656128, 50.4453125, 54.490436554, 44.0585861206, 43.9294013977, 75.8314285278, 130.8853302, 4.35122156143, 16.0245227814], [-10.239235878, 113.536628723, 0.594446957111, 18.0680656433, 87.0308914185, -18.1051197052, 46.7970733643, 83.1127090454, 42.9862785339, -7.0704331398, 4.35122156143, 168.513793945, 28.5563755035], [-293.622467041, 38.7594070435, 169.416824341, 25.4170398712, -65.7750091553, 98.8312149048, -84.9227371216, 49.6846847534, -75.172088623, 26.4836788177, 16.0245227814, 28.5563755035, 201.784179688]],
        "icov": [[0.000615399796516, 0.000440765870735, 0.000396079878556, 2.89816107397e-005, 0.000296315352898, -0.000243370392127, -0.0009261163068, -0.000402582081733, -0.000485811615363, -0.000541947840247, 0.000595889985561, 5.85763409617e-005, 0.000234311926761], [0.000440765870735, 0.00139244459569, 0.000335984426783, 0.000714773777872, -0.00141250039451, 0.000259845255641, -0.00111870630644, -0.0012535987189, 0.00030949342181, 0.000645710737444, -0.000263822992565, 0.00078909198055, -0.000808234326541], [0.000396079878556, 0.000335984426783, 0.0015855935635, -0.000402406876674, 0.000251110701356, -0.00116356275976, -0.000795829109848, -8.3990935309e-006, 0.000569512078073, -0.00019022320339, 0.000730060273781, -0.000328415248077, -0.000224238101509], [2.89816107397e-005, 0.000714773777872, -0.000402406876674, 0.00197076448239, -0.000707081169821, 0.00150314276107, 0.000530599383637, -0.00118460401427, -0.000471349107102, 0.000672193593346, -0.000636501819827, 0.000565950816963, -0.000750586332288], [0.000296315352898, -0.00141250039451, 0.000251110701356, -0.000707081169821, 0.00713521754369, -0.000539427215699, -0.000494232634082, 0.00157031218987, -0.00152766262181, -0.00322227901779, 0.00103263265919, -0.00359184574336, 0.00285624037497], [-0.000243370392127, 0.000259845255641, -0.00116356275976, 0.00150314276107, -0.000539427215699, 0.00578446220607, -0.000792347360402, -0.00265744747594, -0.000682701705955, -0.000330199574819, -0.000369834480807, 0.0027407607995, -0.00287408032455], [-0.0009261163068, -0.00111870630644, -0.000795829109848, 0.000530599383637, -0.000494232634082, -0.000792347360402, 0.00833377987146, -0.000363888917491, -0.00258705508895, 0.000349246838596, -0.00142615160439, -0.00104096706491, 0.00254348968156], [-0.000402582081733, -0.0012535987189, -8.3990935309e-006, -0.00118460401427, 0.00157031218987, -0.00265744747594, -0.000363888917491, 0.00679710926488, -0.000276109320112, -0.0013505818788, 0.000286967202555, -0.00345159717835, 0.000338006269885], [-0.000485811615363, 0.00030949342181, 0.000569512078073, -0.000471349107102, -0.00152766262181, -0.000682701705955, -0.00258705508895, -0.000276109320112, 0.00935815274715, 0.000515003805049, -0.00179796759039, -0.00116840866394, 0.00135725713335], [-0.000541947840247, 0.000645710737444, -0.00019022320339, 0.000672193593346, -0.00322227901779, -0.000330199574819, 0.000349246838596, -0.0013505818788, 0.000515003805049, 0.012128982693, -0.00595528911799, 0.00262099015526, -0.00254471995868], [0.000595889985561, -0.000263822992565, 0.000730060273781, -0.000636501819827, 0.00103263265919, -0.000369834480807, -0.00142615160439, 0.000286967202555, -0.00179796759039, -0.00595528911799, 0.0123281665146, -4.17946976086e-005, -0.000629438087344], [5.85763409617e-005, 0.00078909198055, -0.000328415248077, 0.000565950816963, -0.00359184574336, 0.0027407607995, -0.00104096706491, -0.00345159717835, -0.00116840866394, 0.00262099015526, -4.17946976086e-005, 0.0106154549867, -0.00424157222733], [0.000234311926761, -0.000808234326541, -0.000224238101509, -0.000750586332288, 0.00285624037497, -0.00287408032455, 0.00254348968156, 0.000338006269885, 0.00135725713335, -0.00254471995868, -0.000629438087344, -0.00424157222733, 0.0105506265536]]
    },
    "spectral_contrast_coeffs": {
        "mean": [-0.459683954716, -0.513301730156, -0.798001050949, -0.782606601715, -0.782918214798, -0.785578727722],
        "var": [0.0105285691097, 0.00751545606181, 0.00362841179594, 0.00301344762556, 0.00258871470578, 0.00355618726462]
    },
    "spectral_contrast_valleys": {
        "mean": [-8.23482227325, -7.55669784546, -9.37690925598, -10.2038259506, -9.56960964203, -12.0735330582],
        "var": [1.51541876793, 0.733642041683, 1.1618219614, 0.881493508816, 1.25490868092, 1.35175669193]
    }
},
"metadata": {
    "audio_properties": {
        "analysis_sample_rate": 44100,
        "bit_rate": 128074,
        "equal_loudness": 0,
        "length": 45.0612258911,
        "lossless": 0,
        "replay_gain": -6.20612335205,
        "sample_rate": 44100,
        "codec": "mp3",
        "downmix": "mix",
        "md5_encoded": "4547c78e0b6876cda86bfae5e8197420"
    },
    "tags": {
        "file_name": "1555.mp3"
    },
    "version": {
        "essentia": "2.1-beta2",
        "essentia_git_sha": "v2.1_beta2",
        "extractor": "music 1.0"
    }
},
"rhythm": {
    "beats_count": 89,
    "beats_loudness": {
        "mean": 0.0495245866477,
        "var": 0.000617328041699
    },
    "bpm": 120.040458679,
    "bpm_histogram_first_peak_bpm": {
        "mean": 120,
        "var": 0
    },
    "bpm_histogram_first_peak_spread": {
        "mean": 0.215909063816,
        "var": 0
    },
    "bpm_histogram_first_peak_weight": {
        "mean": 0.784090936184,
        "var": 0
    },
    "bpm_histogram_second_peak_bpm": {
        "mean": 0,
        "var": 0
    },
    "bpm_histogram_second_peak_spread": {
        "mean": 0,
        "var": 0
    },
    "bpm_histogram_second_peak_weight": {
        "mean": 0,
        "var": 0
    },
    "danceability": 1.21804773808,
    "onset_rate": 2.48438715935,
    "beats_loudness_band_ratio": {
        "mean": [0.424680650234, 0.452768146992, 0.245105266571, 0.00428747199476, 0.00235433527268, 0.00427624583244],
        "var": [0.0464992560446, 0.0412820130587, 0.0166878812015, 0.0003879115975, 1.43123497764e-005, 0.000405406812206]
    },
    "beats_position": [0.53405892849, 1.04489791393, 1.53251695633, 2.04335594177, 2.55419492722, 3.05342388153, 3.55265307426, 4.04027223587, 4.53950119019, 5.0387301445, 5.54956912994, 6.04879808426, 6.54802703857, 7.04725599289, 7.5464849472, 8.04571437836, 8.54494285583, 9.04417228699, 9.54340076447, 10.0426301956, 10.5418596268, 11.0410881042, 11.5403175354, 12.051156044, 12.5503854752, 13.0496139526, 13.5488433838, 14.0480718613, 14.5473012924, 15.0465307236, 15.545759201, 16.0449886322, 16.5442180634, 17.0434455872, 17.5426750183, 18.0419044495, 18.5411338806, 19.0403633118, 19.5395908356, 20.0388202667, 20.5380496979, 21.037279129, 21.5365066528, 22.035736084, 22.5349655151, 23.0341949463, 23.5334243774, 24.0326519012, 24.5318813324, 25.0311107635, 25.5303401947, 26.0295696259, 26.5287971497, 27.0280265808, 27.5388660431, 28.0497055054, 28.5489330292, 29.0481624603, 29.5473918915, 30.0466213226, 30.5458488464, 31.0450782776, 31.5326976776, 32.0435371399, 32.5311546326, 33.0303840637, 33.5296134949, 34.028842926, 34.5280723572, 35.0389099121, 35.5265312195, 36.0257606506, 36.5249862671, 37.0358276367, 37.5350570679, 38.0458946228, 38.545124054, 39.0559616089, 39.5435829163, 40.0428123474, 40.5420417786, 41.041267395, 41.5404968262, 42.0397262573, 42.5389556885, 43.0265769958, 43.5258026123, 44.0250320435, 44.5242614746]
},
"tonal": {
    "chords_changes_rate": 0.0432098768651,
    "chords_number_rate": 0.00925925932825,
    "chords_strength": {
        "mean": 0.494786918163,
        "var": 0.00990793853998
    },
    "hpcp_entropy": {
        "mean": 1.96240651608,
        "var": 0.336016863585
    },
    "key_strength": 0.704609513283,
    "tuning_diatonic_strength": 0.615455150604,
    "tuning_equal_tempered_deviation": 0.0402123220265,
    "tuning_frequency": 438.731048584,
    "tuning_nontempered_energy_ratio": 0.670311808586,
    "hpcp": {
        "mean": [0.392773360014, 0.201609715819, 0.163996487856, 0.257614165545, 0.114115148783, 0.00509939203039, 0.00453204661608, 0.00905411224812, 0.0252261981368, 0.0340022556484, 0.0232343561947, 0.0185112841427, 0.0190972574055, 0.0306274294853, 0.171645224094, 0.245972633362, 0.132755339146, 0.176912084222, 0.255898267031, 0.125327661633, 0.0156148131937, 0.0105077810585, 0.0235338900238, 0.0832361653447, 0.0989114418626, 0.042689807713, 0.0160287227482, 0.0134565988556, 0.0197932198644, 0.160459861159, 0.362903028727, 0.28164678812, 0.07877048105, 0.0249207448214, 0.0350712761283, 0.232252299786],
        "var": [0.183045908809, 0.0470302142203, 0.0482167936862, 0.131401985884, 0.0272603444755, 0.000312318006763, 0.000675534945913, 0.00276796333492, 0.00809717457741, 0.0117168044671, 0.0067973206751, 0.00815577059984, 0.00756363058463, 0.00881422776729, 0.0465028658509, 0.0845901295543, 0.0339545421302, 0.0776394084096, 0.142313972116, 0.048389557749, 0.00725899962708, 0.00568933412433, 0.00865526776761, 0.0554317086935, 0.0707753673196, 0.0182184353471, 0.00509262271225, 0.00501641910523, 0.00661954144016, 0.0577779300511, 0.167500898242, 0.116457819939, 0.0303519014269, 0.00989428441972, 0.014027915895, 0.0734467208385]
    },
    "chords_histogram": [25.9259262085, 0, 6.89300394058, 9.67078208923, 0.102880656719, 9.25925922394, 0, 6.17283964157, 0, 14.3004112244, 3.60082316399, 0, 0, 0, 0, 0, 0.823045253754, 0, 0, 0, 0, 0, 10.6995887756, 12.551440239],
    "thpcp": [1, 0.513297855854, 0.417534649372, 0.65588504076, 0.290536880493, 0.0129830390215, 0.0115385791287, 0.0230517480522, 0.0642258375883, 0.0865696594119, 0.0591546148062, 0.0471296831965, 0.0486215688288, 0.0779773592949, 0.437008321285, 0.626245737076, 0.337994754314, 0.450417727232, 0.651516377926, 0.319083929062, 0.0397552773356, 0.0267527848482, 0.0599172264338, 0.21191906929, 0.251828283072, 0.108688145876, 0.0408090874553, 0.0342604666948, 0.0503934882581, 0.408530414104, 0.923950195313, 0.71707201004, 0.200549453497, 0.0634481534362, 0.0892913788557, 0.591313779354],
    "chords_key": "G",
    "chords_scale": "minor",
    "key_key": "G",
    "key_scale": "minor"
}
}