{
"lowlevel": {
    "average_loudness": 0.983960390091,
    "barkbands_crest": {
        "mean": 12.577378273,
        "var": 24.866558075
    },
    "barkbands_flatness_db": {
        "mean": 0.188620463014,
        "var": 0.00560995936394
    },
    "barkbands_kurtosis": {
        "mean": 19.5070762634,
        "var": 1161.70593262
    },
    "barkbands_skewness": {
        "mean": 3.02513217926,
        "var": 5.53089141846
    },
    "barkbands_spread": {
        "mean": 21.9486351013,
        "var": 642.44354248
    },
    "dissonance": {
        "mean": 0.442148923874,
        "var": 0.00269969459623
    },
    "dynamic_complexity": 2.29810023308,
    "erbbands_crest": {
        "mean": 10.228884697,
        "var": 24.5597190857
    },
    "erbbands_flatness_db": {
        "mean": 0.148491799831,
        "var": 0.00274769659154
    },
    "erbbands_kurtosis": {
        "mean": 2.55140113831,
        "var": 27.0840587616
    },
    "erbbands_skewness": {
        "mean": 0.638522028923,
        "var": 2.17907190323
    },
    "erbbands_spread": {
        "mean": 54.8218269348,
        "var": 1355.37561035
    },
    "hfc": {
        "mean": 23.3033714294,
        "var": 692.086364746
    },
    "melbands_crest": {
        "mean": 17.3572330475,
        "var": 34.5286598206
    },
    "melbands_flatness_db": {
        "mean": 0.275246143341,
        "var": 0.00890294555575
    },
    "melbands_kurtosis": {
        "mean": 61.4303398132,
        "var": 9103.8984375
    },
    "melbands_skewness": {
        "mean": 5.09599113464,
        "var": 14.0117139816
    },
    "melbands_spread": {
        "mean": 17.8849601746,
        "var": 851.059143066
    },
    "pitch_salience": {
        "mean": 0.494885444641,
        "var": 0.0238398406655
    },
    "silence_rate_20dB": {
        "mean": 1,
        "var": 0
    },
    "silence_rate_30dB": {
        "mean": 0.955200850964,
        "var": 0.042791787535
    },
    "silence_rate_60dB": {
        "mean": 0.00308959838003,
        "var": 0.00308004394174
    },
    "spectral_centroid": {
        "mean": 1060.65185547,
        "var": 967319.625
    },
    "spectral_complexity": {
        "mean": 11.3331613541,
        "var": 92.7061920166
    },
    "spectral_decrease": {
        "mean": -9.15545061986e-009,
        "var": 7.99040391335e-017
    },
    "spectral_energy": {
        "mean": 0.036668471992,
        "var": 0.00118600006681
    },
    "spectral_energyband_high": {
        "mean": 0.00158041913528,
        "var": 8.464907296e-006
    },
    "spectral_energyband_low": {
        "mean": 0.0172371286899,
        "var": 0.000620246108156
    },
    "spectral_energyband_middle_high": {
        "mean": 0.00250556087121,
        "var": 2.0616906113e-005
    },
    "spectral_energyband_middle_low": {
        "mean": 0.0186766088009,
        "var": 0.000482599745737
    },
    "spectral_entropy": {
        "mean": 7.4297618866,
        "var": 0.593677699566
    },
    "spectral_flux": {
        "mean": 0.126212790608,
        "var": 0.00617689359933
    },
    "spectral_kurtosis": {
        "mean": 4.5542883873,
        "var": 51.1441764832
    },
    "spectral_rms": {
        "mean": 0.00552693475038,
        "var": 5.22717164131e-006
    },
    "spectral_rolloff": {
        "mean": 1419.60632324,
        "var": 6225077.5
    },
    "spectral_skewness": {
        "mean": 1.60220599174,
        "var": 0.84899610281
    },
    "spectral_spread": {
        "mean": 6486701,
        "var": 8.37476469965e+012
    },
    "spectral_strongpeak": {
        "mean": 0.707973301411,
        "var": 0.453434437513
    },
    "zerocrossingrate": {
        "mean": 0.05878534168,
        "var": 0.00347727374174
    },
    "barkbands": {
        "mean": [0.000162131531397, 0.00811342615634, 0.00571532873437, 0.00611387751997, 0.00507135177031, 0.0040472894907, 0.00177315098699, 0.000987107632682, 0.00053121970268, 0.000416314724134, 0.000233423299505, 0.000288282521069, 0.000366721680621, 0.00023907245486, 0.000219268680667, 0.000186540914001, 0.000226046453463, 0.000156126261572, 0.000161392628797, 0.000145812737173, 0.00015489285579, 0.000284713954898, 0.000413632718846, 0.000293552468065, 0.000236804029555, 0.000122125347843, 8.9182958618e-006],
        "var": [1.11976710571e-007, 0.000135977272294, 0.000214494313695, 8.3941660705e-005, 9.74539361778e-005, 5.50381628273e-005, 2.27665041166e-005, 5.66684138903e-006, 1.88914418686e-006, 1.41141595122e-006, 4.07410851722e-007, 5.64513925383e-007, 9.10091557671e-007, 3.55370048055e-007, 5.37035532489e-007, 3.78106875587e-007, 2.47082994065e-007, 1.30754713723e-007, 1.48514928355e-007, 8.24716295256e-008, 9.06484629581e-008, 4.04835674317e-007, 8.74865065725e-007, 5.17415344348e-007, 3.61430522844e-007, 7.62278844491e-008, 7.47482409302e-010]
    },
    "erbbands": {
        "mean": [0.171054005623, 2.03802037239, 6.11010169983, 15.2976179123, 21.6532592773, 13.4069986343, 18.2213401794, 36.8749923706, 31.6632804871, 20.1307277679, 21.0193901062, 12.4429626465, 13.4805774689, 9.85887050629, 11.0934524536, 12.3144903183, 16.8239688873, 14.5384664536, 10.561750412, 11.8289012909, 9.71611690521, 13.2434568405, 9.179479599, 8.14105510712, 8.14316272736, 6.5928645134, 6.03673124313, 6.644343853, 9.48674583435, 12.5839662552, 11.2689857483, 6.94830513, 4.63729333878, 2.99044895172, 1.51601994038, 0.586001455784, 0.226099327207, 0.0362200587988, 0.00106681569014, 7.31737891329e-005],
        "var": [0.0752877965569, 9.73267841339, 221.067901611, 588.067565918, 1246.31030273, 976.391662598, 1444.41882324, 5292.98193359, 6994.02197266, 2248.78979492, 2596.66796875, 1033.05212402, 1700.46154785, 497.514282227, 908.565917969, 1059.17724609, 1930.47119141, 1338.12744141, 619.428283691, 2371.02392578, 618.143310547, 874.67578125, 433.773010254, 416.952148438, 322.378356934, 172.015213013, 154.762390137, 151.903457642, 424.607543945, 854.285400391, 687.340698242, 292.647460938, 141.293731689, 70.2470245361, 12.4732017517, 1.55371534824, 0.32515090704, 0.00807197391987, 8.420704944e-006, 7.3113683996e-009]
    },
    "gfcc": {
        "mean": [-16.7032852173, 78.9155273438, -64.9020309448, 47.828327179, -59.4175758362, 17.1732521057, -43.4100990295, 6.39194774628, -22.0601482391, 3.12746191025, -18.8750362396, 4.10728502274, -17.7265548706],
        "cov": [[5961.19482422, -1606.61743164, -1053.9420166, 147.186126709, -320.952453613, 96.7429428101, -388.646972656, 82.3218154907, -208.081207275, 178.004425049, -118.467567444, 97.5776977539, -132.167663574], [-1606.61743164, 2615.20629883, -532.179870605, -783.376708984, 32.3176727295, -353.050018311, 159.065307617, -257.98538208, 132.855194092, -180.995605469, 65.3283920288, -95.9268722534, 130.965103149], [-1053.9420166, -532.179870605, 1283.76965332, 317.35144043, 26.7816505432, 183.779067993, 65.9248428345, 132.388061523, -3.62831950188, -13.2779760361, 7.33426094055, 77.1327133179, 20.3149394989], [147.186126709, -783.376708984, 317.35144043, 700.190063477, 148.193572998, 32.7603340149, -111.329025269, 66.2268676758, 40.6585617065, 24.1228313446, 20.7832450867, 27.8165416718, 17.4014987946], [-320.952453613, 32.3176727295, 26.7816505432, 148.193572998, 323.209106445, 44.918056488, -41.9953727722, 5.12555551529, 54.2946815491, 43.235244751, 13.656080246, -31.0619373322, 18.2714138031], [96.7429428101, -353.050018311, 183.779067993, 32.7603340149, 44.918056488, 349.742492676, 171.533370972, 81.2669067383, -9.0680437088, 74.79296875, 16.3237380981, 16.0581016541, -6.94186210632], [-388.646972656, 159.065307617, 65.9248428345, -111.329025269, -41.9953727722, 171.533370972, 358.881317139, 92.8602905273, -0.391146302223, 12.1488332748, 22.0700645447, 25.4753112793, 24.9982414246], [82.3218154907, -257.98538208, 132.388061523, 66.2268676758, 5.12555551529, 81.2669067383, 92.8602905273, 204.756469727, 44.8623466492, 58.9423599243, 17.779668808, 27.3172225952, 0.0951964482665], [-208.081207275, 132.855194092, -3.62831950188, 40.6585617065, 54.2946815491, -9.0680437088, -0.391146302223, 44.8623466492, 164.669921875, 44.4852981567, 19.7262229919, -3.39027571678, 23.7512969971], [178.004425049, -180.995605469, -13.2779760361, 24.1228313446, 43.235244751, 74.79296875, 12.1488332748, 58.9423599243, 44.4852981567, 166.240905762, 32.5292015076, -9.94796943665, -13.5572328568], [-118.467567444, 65.3283920288, 7.33426094055, 20.7832450867, 13.656080246, 16.3237380981, 22.0700645447, 17.779668808, 19.7262229919, 32.5292015076, 105.2082901, 21.0644207001, -1.9022179842], [97.5776977539, -95.9268722534, 77.1327133179, 27.8165416718, -31.0619373322, 16.0581016541, 25.4753112793, 27.3172225952, -3.39027571678, -9.94796943665, 21.0644207001, 114.612960815, 32.1093864441], [-132.167663574, 130.965103149, 20.3149394989, 17.4014987946, 18.2714138031, -6.94186210632, 24.9982414246, 0.0951964482665, 23.7512969971, -13.5572328568, -1.9022179842, 32.1093864441, 110.16028595]],
        "icov": [[0.00042102302541, 5.4166780501e-006, 0.000526270421688, -0.000251430930803, 0.00054703099886, -0.00058652710868, 0.000768802710809, -0.00051848316798, 0.00053118809592, -0.000397777330363, 0.0005843800609, -0.000638437690213, 0.000172354993992], [5.4166780501e-006, 0.0019604137633, -9.29773086682e-005, 0.00206613703631, -0.00119769154117, 0.0019827648066, -0.00166701385751, 0.0018113394035, -0.00196600053459, 0.00162007147446, -0.00219055917114, 0.00152048841119, -0.00179082213435], [0.000526270421688, -9.29773086682e-005, 0.00168631062843, -0.000827658281196, 0.000830929726362, -0.00135829288047, 0.00112013099715, -0.00120061927009, 0.000822717964184, -0.000119699303468, 0.000901785620954, -0.00123413163237, 0.000268324889475], [-0.000251430930803, 0.00206613703631, -0.000827658281196, 0.00435265898705, -0.0023467107676, 0.00226028962061, -0.00129727693275, 0.00154408544768, -0.00246539688669, 0.00212414329872, -0.00297652231529, 0.00169198645744, -0.00221983483061], [0.00054703099886, -0.00119769154117, 0.000830929726362, -0.0023467107676, 0.00549002271146, -0.00284094712697, 0.002583198715, -0.00145648512989, 0.000947230379097, -0.00187990919221, 0.00167292286642, -0.000329025555402, 0.000312323478283], [-0.00058652710868, 0.0019827648066, -0.00135829288047, 0.00226028962061, -0.00284094712697, 0.00778448628262, -0.00517221307382, 0.00253484700806, -0.00175073358696, 4.48144455731e-005, -0.00253158272244, 0.00198328471743, -0.00127303379122], [0.000768802710809, -0.00166701385751, 0.00112013099715, -0.00129727693275, 0.002583198715, -0.00517221307382, 0.0077136522159, -0.00442773848772, 0.0026597827673, -0.000879878236447, 0.00189259008039, -0.00217719026841, 0.000387138774386], [-0.00051848316798, 0.0018113394035, -0.00120061927009, 0.00154408544768, -0.00145648512989, 0.00253484700806, -0.00442773848772, 0.00972490478307, -0.00412490684539, -0.000162066702615, -0.00219994108193, 0.000800061156042, -0.000802093825769], [0.00053118809592, -0.00196600053459, 0.000822717964184, -0.00246539688669, 0.000947230379097, -0.00175073358696, 0.0026597827673, -0.00412490684539, 0.0103882402182, -0.00374478334561, 0.00206904462539, -0.00159791996703, 0.00014573840599], [-0.000397777330363, 0.00162007147446, -0.000119699303468, 0.00212414329872, -0.00187990919221, 4.48144455731e-005, -0.000879878236447, -0.000162066702615, -0.00374478334561, 0.0104591213167, -0.004547058139, 0.00289975921623, -0.00103146047331], [0.0005843800609, -0.00219055917114, 0.000901785620954, -0.00297652231529, 0.00167292286642, -0.00253158272244, 0.00189259008039, -0.00219994108193, 0.00206904462539, -0.004547058139, 0.01433288306, -0.00525716459379, 0.00351884705015], [-0.000638437690213, 0.00152048841119, -0.00123413163237, 0.00169198645744, -0.000329025555402, 0.00198328471743, -0.00217719026841, 0.000800061156042, -0.00159791996703, 0.00289975921623, -0.00525716459379, 0.0135357435793, -0.00527516473085], [0.000172354993992, -0.00179082213435, 0.000268324889475, -0.00221983483061, 0.000312323478283, -0.00127303379122, 0.000387138774386, -0.000802093825769, 0.00014573840599, -0.00103146047331, 0.00351884705015, -0.00527516473085, 0.0129354950041]]
    },
    "melbands": {
        "mean": [0.0019254348008, 0.00314677506685, 0.00289066485129, 0.00129790313076, 0.000594944285695, 0.000825101742521, 0.000449137733085, 0.000212541635847, 0.00016098289052, 7.24007986719e-005, 6.7095963459e-005, 4.0686220018e-005, 3.39343132509e-005, 3.25855107803e-005, 3.49512774847e-005, 3.67576067219e-005, 2.54860151472e-005, 1.58402235684e-005, 1.73400403582e-005, 1.41544005601e-005, 1.04741857285e-005, 1.3542443412e-005, 1.17626668725e-005, 6.33330182609e-006, 6.56874408378e-006, 6.06403636993e-006, 5.70311522097e-006, 3.98938755097e-006, 3.60006220035e-006, 3.79129915018e-006, 3.91734238292e-006, 4.86049293613e-006, 6.48899185762e-006, 7.20343086869e-006, 6.46956914352e-006, 5.77645687372e-006, 3.65950700143e-006, 3.23396466229e-006, 2.96710936709e-006, 2.40083704739e-006],
        "var": [7.14314683137e-006, 4.04072925448e-005, 1.76831690624e-005, 5.89178034716e-006, 1.51311360241e-006, 2.43529166255e-006, 1.3276332993e-006, 2.49371169048e-007, 1.58583091547e-007, 3.87080305586e-008, 4.32996216659e-008, 9.25414855857e-009, 8.66175842162e-009, 6.90109303036e-009, 8.99824659228e-009, 9.33710619933e-009, 4.44223013929e-009, 1.22821852688e-009, 4.47519266089e-009, 3.0551248198e-009, 5.83222858896e-010, 8.22878987172e-010, 1.02507791144e-009, 2.16074685921e-010, 3.11493913996e-010, 2.29249202954e-010, 1.45122761031e-010, 6.87110576769e-011, 6.08553138437e-011, 5.67886467018e-011, 5.72834002455e-011, 1.08326313197e-010, 2.4429547274e-010, 2.86571016916e-010, 2.25644156138e-010, 2.12599701732e-010, 8.91125298552e-011, 6.62497487425e-011, 7.24625914827e-011, 4.6697076761e-011]
    },
    "mfcc": {
        "mean": [-674.809204102, 110.061698914, 47.1505889893, 33.7290458679, 13.7462282181, 12.220293045, -5.6235833168, 5.82411766052, -2.88457274437, -2.28642296791, 1.97641086578, -0.777832746506, 1.02439236641],
        "cov": [[6202.67871094, -1643.11413574, -1077.04138184, -207.245513916, -155.803482056, -78.7877960205, -168.658508301, -179.500961304, -162.872680664, 26.6952953339, -83.0796279907, 17.5917263031, -80.0090484619], [-1643.11413574, 2704.5144043, -483.158874512, -421.792724609, -356.948608398, -123.067176819, -138.102264404, -65.1403656006, 37.4757118225, -241.379257202, 13.3387775421, 37.9283981323, 8.17662811279], [-1077.04138184, -483.158874512, 1084.98986816, 156.240982056, 107.466773987, 45.6957054138, 142.984405518, 156.065734863, 44.8697662354, 36.3844451904, -19.5204753876, -35.6657905579, 56.215587616], [-207.245513916, -421.792724609, 156.240982056, 494.203948975, 246.095840454, -22.1820087433, -61.9127655029, 2.91929745674, -12.3984079361, 27.7664718628, -8.68610954285, -81.6842956543, -5.65657901764], [-155.803482056, -356.948608398, 107.466773987, 246.095840454, 468.057495117, 45.6105232239, -65.6485137939, -48.6750679016, -28.2024173737, 91.0101776123, 8.9197435379, -71.9427566528, -17.34425354], [-78.7877960205, -123.067176819, 45.6957054138, -22.1820087433, 45.6105232239, 225.922302246, 99.6745681763, 16.0312690735, 38.1467781067, 44.3833007813, 8.42668247223, 34.8971481323, 6.43437623978], [-168.658508301, -138.102264404, 142.984405518, -61.9127655029, -65.6485137939, 99.6745681763, 287.389678955, 86.4565658569, 52.0989837646, 53.4129486084, 11.0697441101, 70.1669616699, 24.1395072937], [-179.500961304, -65.1403656006, 156.065734863, 2.91929745674, -48.6750679016, 16.0312690735, 86.4565658569, 197.614318848, 53.1761016846, -5.12183618546, 17.2859745026, 12.0844516754, 26.6756401062], [-162.872680664, 37.4757118225, 44.8697662354, -12.3984079361, -28.2024173737, 38.1467781067, 52.0989837646, 53.1761016846, 174.705337524, 50.2782287598, 0.293642520905, 37.975856781, 18.5657958984], [26.6952953339, -241.379257202, 36.3844451904, 27.7664718628, 91.0101776123, 44.3833007813, 53.4129486084, -5.12183618546, 50.2782287598, 191.185836792, 56.7243881226, 39.2789878845, 2.47774028778], [-83.0796279907, 13.3387775421, -19.5204753876, -8.68610954285, 8.9197435379, 8.42668247223, 11.0697441101, 17.2859745026, 0.293642520905, 56.7243881226, 139.107681274, 54.8669395447, 4.08236789703], [17.5917263031, 37.9283981323, -35.6657905579, -81.6842956543, -71.9427566528, 34.8971481323, 70.1669616699, 12.0844516754, 37.975856781, 39.2789878845, 54.8669395447, 134.493759155, 30.9799251556], [-80.0090484619, 8.17662811279, 56.215587616, -5.65657901764, -17.34425354, 6.43437623978, 24.1395072937, 26.6756401062, 18.5657958984, 2.47774028778, 4.08236789703, 30.9799251556, 97.3777923584]],
        "icov": [[0.000369039102225, 0.000392827554606, 0.000444814068032, 0.000293596123811, 0.000163171935128, 0.000124053476611, 0.000214579791646, 9.10427570489e-006, 9.05696942937e-005, 7.33898414182e-005, 0.000218543689698, -5.29805292899e-005, -1.57662016136e-005], [0.000392827554606, 0.000971679226495, 0.000604155589826, 0.000691709981766, 0.000240393404965, 0.000296444661217, 0.000344486790709, 0.000231995916693, -0.000386172003346, 0.000823867041618, -0.000184873933904, 8.68044517119e-005, -0.000160345938639], [0.000444814068032, 0.000604155589826, 0.00177825696301, 0.000196817098185, -2.57157607848e-005, 0.000219402485527, -0.000271326600341, -0.000675983901601, -4.40674921265e-006, 0.000169606864802, 0.000333447183948, 0.000454759603599, -0.000629169109743], [0.000293596123811, 0.000691709981766, 0.000196817098185, 0.00351261044852, -0.0012871439103, 0.000686232466251, 0.000433334324043, -0.000125220278278, -0.000487554847496, 0.000616517849267, -0.000259636581177, 0.0010046265088, -0.000305609341012], [0.000163171935128, 0.000240393404965, -2.57157607848e-005, -0.0012871439103, 0.00398578122258, -0.00117060099728, 0.000950346409809, 0.000645505206194, 0.00065446930239, -0.00181628856808, -0.000178249058081, 0.00144624058157, -0.000102389378299], [0.000124053476611, 0.000296444661217, 0.000219402485527, 0.000686232466251, -0.00117060099728, 0.00590264238417, -0.00189591362141, 0.000358932389645, -0.00092158454936, 0.000301115302136, 0.000107054533146, -0.000734085100703, 0.000160475508892], [0.000214579791646, 0.000344486790709, -0.000271326600341, 0.000433334324043, 0.000950346409809, -0.00189591362141, 0.00613023340702, -0.00194861274213, 0.000439094612375, -0.001440619817, 0.00136993126944, -0.00227842433378, 0.000258246756857], [9.10427570489e-006, 0.000231995916693, -0.000675983901601, -0.000125220278278, 0.000645505206194, 0.000358932389645, -0.00194861274213, 0.00758743006736, -0.00230846297927, 0.00176647154149, -0.00228194636293, 0.00159694359172, -0.00115043239202], [9.05696942937e-005, -0.000386172003346, -4.40674921265e-006, -0.000487554847496, 0.00065446930239, -0.00092158454936, 0.000439094612375, -0.00230846297927, 0.00806782767177, -0.00313300522976, 0.00234646699391, -0.00191482610535, -0.000165599631146], [7.33898414182e-005, 0.000823867041618, 0.000169606864802, 0.000616517849267, -0.00181628856808, 0.000301115302136, -0.001440619817, 0.00176647154149, -0.00313300522976, 0.00940228719264, -0.00351574108936, -0.000753385480493, 0.000204002848477], [0.000218543689698, -0.000184873933904, 0.000333447183948, -0.000259636581177, -0.000178249058081, 0.000107054533146, 0.00136993126944, -0.00228194636293, 0.00234646699391, -0.00351574108936, 0.0109185744077, -0.00500109605491, 0.00100960419513], [-5.29805292899e-005, 8.68044517119e-005, 0.000454759603599, 0.0010046265088, 0.00144624058157, -0.000734085100703, -0.00227842433378, 0.00159694359172, -0.00191482610535, -0.000753385480493, -0.00500109605491, 0.0137914363295, -0.00361527013592], [-1.57662016136e-005, -0.000160345938639, -0.000629169109743, -0.000305609341012, -0.000102389378299, 0.000160475508892, 0.000258246756857, -0.00115043239202, -0.000165599631146, 0.000204002848477, 0.00100960419513, -0.00361527013592, 0.0119717689231]]
    },
    "spectral_contrast_coeffs": {
        "mean": [-0.602906823158, -0.701289474964, -0.807439804077, -0.801194965839, -0.799988746643, -0.780876457691],
        "var": [0.00919604767114, 0.0102113550529, 0.00440186588094, 0.00376167870127, 0.00260337861255, 0.00237563392147]
    },
    "spectral_contrast_valleys": {
        "mean": [-7.09014463425, -7.03721237183, -8.00152111053, -8.36036872864, -8.10717582703, -9.83652496338],
        "var": [0.590424418449, 0.881802022457, 1.20359265804, 1.28751909733, 1.26536345482, 1.64907968044]
    }
},
"metadata": {
    "audio_properties": {
        "analysis_sample_rate": 44100,
        "bit_rate": 128074,
        "equal_loudness": 0,
        "length": 45.0612258911,
        "lossless": 0,
        "replay_gain": -5.48428344727,
        "sample_rate": 44100,
        "codec": "mp3",
        "downmix": "mix",
        "md5_encoded": "94d77a30d7722887fc49ec10a6b17ba0"
    },
    "tags": {
        "file_name": "1556.mp3"
    },
    "version": {
        "essentia": "2.1-beta2",
        "essentia_git_sha": "v2.1_beta2",
        "extractor": "music 1.0"
    }
},
"rhythm": {
    "beats_count": 74,
    "beats_loudness": {
        "mean": 0.0610193312168,
        "var": 0.000353470735718
    },
    "bpm": 99.9878616333,
    "bpm_histogram_first_peak_bpm": {
        "mean": 99,
        "var": 0
    },
    "bpm_histogram_first_peak_spread": {
        "mean": 0.309859156609,
        "var": 0
    },
    "bpm_histogram_first_peak_weight": {
        "mean": 0.671232879162,
        "var": 0
    },
    "bpm_histogram_second_peak_bpm": {
        "mean": 92,
        "var": 0
    },
    "bpm_histogram_second_peak_spread": {
        "mean": 0,
        "var": 0
    },
    "bpm_histogram_second_peak_weight": {
        "mean": 0.0273972600698,
        "var": 0
    },
    "danceability": 2.18168354034,
    "onset_rate": 5.45677852631,
    "beats_loudness_band_ratio": {
        "mean": [0.603465437889, 0.229389548302, 0.0602542907, 0.0325523428619, 0.0287660229951, 0.0856419354677],
        "var": [0.105298094451, 0.0585601441562, 0.00942471437156, 0.00147130351979, 0.00130775442813, 0.00918605923653]
    },
    "beats_position": [0.626938760281, 1.27709746361, 1.92725622654, 2.53097510338, 3.13469386101, 3.73841261864, 4.34213161469, 4.94585037231, 5.53795909882, 6.13006782532, 6.73378658295, 7.33750534058, 7.94122457504, 8.54494285583, 9.13705158234, 9.72916126251, 10.3328800201, 10.9365987778, 11.5403175354, 12.144036293, 12.7477550507, 13.3514738083, 13.9435825348, 14.5356912613, 15.1394100189, 15.7431287766, 16.3468475342, 16.9505672455, 17.5426750183, 18.1347846985, 18.7385025024, 19.3422222137, 19.9459400177, 20.549659729, 21.1417675018, 21.733877182, 22.3375968933, 22.9413146973, 23.5450344086, 24.1371421814, 24.7408618927, 25.3329696655, 25.9366893768, 26.5404071808, 27.1441268921, 27.747844696, 28.3399543762, 28.932062149, 29.5357818604, 30.1394996643, 30.7316093445, 31.3237190247, 31.9274368286, 32.5311546326, 33.1348762512, 33.7385940552, 34.3423118591, 34.9460296631, 35.5381393433, 36.1302490234, 36.7339668274, 37.3376846313, 37.94140625, 38.5335159302, 39.1372337341, 39.7293434143, 40.3330612183, 40.9367790222, 41.5404968262, 42.1442184448, 42.7479362488, 43.340045929, 43.9321517944, 44.5358734131]
},
"tonal": {
    "chords_changes_rate": 0.10390946269,
    "chords_number_rate": 0.00925925932825,
    "chords_strength": {
        "mean": 0.513343155384,
        "var": 0.0124662443995
    },
    "hpcp_entropy": {
        "mean": 2.43950557709,
        "var": 0.731276929379
    },
    "key_strength": 0.411313921213,
    "tuning_diatonic_strength": 0.508210301399,
    "tuning_equal_tempered_deviation": 0.205684378743,
    "tuning_frequency": 437.718536377,
    "tuning_nontempered_energy_ratio": 0.891167640686,
    "hpcp": {
        "mean": [0.103853598237, 0.0825178325176, 0.0679160505533, 0.0601545795798, 0.0546551607549, 0.0478394180536, 0.0477375127375, 0.0640353560448, 0.109141416848, 0.152985870838, 0.142792269588, 0.100936338305, 0.084722623229, 0.0920893549919, 0.111288040876, 0.157836645842, 0.183524161577, 0.174653857946, 0.187742039561, 0.171927854419, 0.125184297562, 0.106180533767, 0.111623547971, 0.136083886027, 0.14099945128, 0.114573255181, 0.101866528392, 0.101063385606, 0.100767552853, 0.103783831, 0.0988850817084, 0.0956622138619, 0.102796323597, 0.111656092107, 0.121702566743, 0.123218327761],
        "var": [0.0461424514651, 0.0384253971279, 0.0298949833959, 0.0221784431487, 0.0154327852651, 0.0114972628653, 0.0159437116235, 0.0242418739945, 0.0470406338573, 0.0782825574279, 0.0711966902018, 0.0451111979783, 0.0340923331678, 0.0401504412293, 0.0443849526346, 0.0751104205847, 0.0904514864087, 0.0703214779496, 0.0883562713861, 0.0823265686631, 0.0551010966301, 0.0487949438393, 0.0510392263532, 0.0660092830658, 0.0728295296431, 0.0528120733798, 0.0502801388502, 0.0467890873551, 0.0474870055914, 0.0491886287928, 0.0483617149293, 0.0463772676885, 0.0511123202741, 0.0536476969719, 0.0628362894058, 0.0628418177366]
    },
    "chords_histogram": [39.1975326538, 20.7818927765, 0, 0.102880656719, 1.33744859695, 5.65843629837, 0, 0, 0.308641970158, 0, 12.2427988052, 15.3292179108, 0.823045253754, 1.13168728352, 0, 1.13168728352, 1.13168728352, 0.411522626877, 0, 0, 0, 0, 0, 0.411522626877],
    "thpcp": [1, 0.91576641798, 0.666788816452, 0.565566122532, 0.594558060169, 0.724845051765, 0.751027584076, 0.610269606113, 0.542587757111, 0.538309812546, 0.536734104156, 0.552800178528, 0.526707172394, 0.509540736675, 0.54754024744, 0.594731450081, 0.648243546486, 0.656317174435, 0.553171753883, 0.439527720213, 0.361751973629, 0.320410817862, 0.291118383408, 0.254814624786, 0.254271835089, 0.34108158946, 0.581337094307, 0.814872741699, 0.760576963425, 0.537633121014, 0.451271444559, 0.490510046482, 0.59277099371, 0.840710163116, 0.977533638477, 0.930286347866],
    "chords_key": "G#",
    "chords_scale": "major",
    "key_key": "G#",
    "key_scale": "major"
}
}