{
"lowlevel": {
    "average_loudness": 0.843453764915,
    "barkbands_crest": {
        "mean": 13.5898656845,
        "var": 25.7840900421
    },
    "barkbands_flatness_db": {
        "mean": 0.180405542254,
        "var": 0.00569588923827
    },
    "barkbands_kurtosis": {
        "mean": 9.95368385315,
        "var": 408.027557373
    },
    "barkbands_skewness": {
        "mean": 2.21268367767,
        "var": 3.36011958122
    },
    "barkbands_spread": {
        "mean": 17.8969593048,
        "var": 158.625076294
    },
    "dissonance": {
        "mean": 0.443884462118,
        "var": 0.0019949991256
    },
    "dynamic_complexity": 3.4180932045,
    "erbbands_crest": {
        "mean": 13.1835050583,
        "var": 48.5369300842
    },
    "erbbands_flatness_db": {
        "mean": 0.168752640486,
        "var": 0.00468600774184
    },
    "erbbands_kurtosis": {
        "mean": 2.36973071098,
        "var": 28.9895839691
    },
    "erbbands_skewness": {
        "mean": 0.612201571465,
        "var": 1.02669966221
    },
    "erbbands_spread": {
        "mean": 37.7488365173,
        "var": 534.281616211
    },
    "hfc": {
        "mean": 17.4073905945,
        "var": 401.592834473
    },
    "melbands_crest": {
        "mean": 17.7885780334,
        "var": 33.9171676636
    },
    "melbands_flatness_db": {
        "mean": 0.257350295782,
        "var": 0.00753945531324
    },
    "melbands_kurtosis": {
        "mean": 27.2142524719,
        "var": 2201.48388672
    },
    "melbands_skewness": {
        "mean": 3.46195960045,
        "var": 7.0902132988
    },
    "melbands_spread": {
        "mean": 15.7263536453,
        "var": 156.466918945
    },
    "pitch_salience": {
        "mean": 0.423879921436,
        "var": 0.0195433758199
    },
    "silence_rate_20dB": {
        "mean": 0.998970150948,
        "var": 0.00102880969644
    },
    "silence_rate_30dB": {
        "mean": 0.88928937912,
        "var": 0.0984532684088
    },
    "silence_rate_60dB": {
        "mean": 0.0391349121928,
        "var": 0.0376042239368
    },
    "spectral_centroid": {
        "mean": 1091.72937012,
        "var": 314936.375
    },
    "spectral_complexity": {
        "mean": 12.7914524078,
        "var": 66.6624908447
    },
    "spectral_decrease": {
        "mean": -1.10252429408e-008,
        "var": 2.09890264467e-016
    },
    "spectral_energy": {
        "mean": 0.0431907661259,
        "var": 0.00310474284925
    },
    "spectral_energyband_high": {
        "mean": 0.000699676631484,
        "var": 1.92699985746e-006
    },
    "spectral_energyband_low": {
        "mean": 0.028850754723,
        "var": 0.00253621092997
    },
    "spectral_energyband_middle_high": {
        "mean": 0.00433832360432,
        "var": 3.91640496673e-005
    },
    "spectral_energyband_middle_low": {
        "mean": 0.0109511585906,
        "var": 0.000280663458398
    },
    "spectral_entropy": {
        "mean": 7.39532232285,
        "var": 0.433293789625
    },
    "spectral_flux": {
        "mean": 0.095663331449,
        "var": 0.00627907551825
    },
    "spectral_kurtosis": {
        "mean": 5.73942661285,
        "var": 64.6608734131
    },
    "spectral_rms": {
        "mean": 0.00553997932002,
        "var": 1.14459362521e-005
    },
    "spectral_rolloff": {
        "mean": 860.36505127,
        "var": 1031119.9375
    },
    "spectral_skewness": {
        "mean": 1.73833870888,
        "var": 0.484537482262
    },
    "spectral_spread": {
        "mean": 5094312,
        "var": 4.74616745165e+012
    },
    "spectral_strongpeak": {
        "mean": 0.956300497055,
        "var": 1.18562269211
    },
    "zerocrossingrate": {
        "mean": 0.045875556767,
        "var": 0.000875547586475
    },
    "barkbands": {
        "mean": [0.000155859117513, 0.0211906023324, 0.00613206345588, 0.00256164604798, 0.00212235026993, 0.00266123819165, 0.00165338092484, 0.000720356300008, 0.000640792248305, 0.00103663653135, 0.00163332372904, 0.000603211636189, 0.000201751608984, 0.000244074617513, 0.000154365130584, 0.000139614276122, 0.000164588796906, 0.000270710792392, 0.000167128280737, 7.55028595449e-005, 9.44103085203e-005, 0.000103751859569, 0.000118657582789, 0.000132913701236, 0.000166418161825, 4.37349772255e-005, 1.70333885308e-006],
        "var": [2.44270154326e-007, 0.00181994657032, 0.000220395217184, 5.71415730519e-005, 4.74530934298e-005, 3.17374833685e-005, 1.3799676708e-005, 2.74796025224e-006, 2.54289352597e-006, 7.31563841327e-006, 1.67414491443e-005, 3.03295814774e-006, 3.92655408632e-007, 3.18597869864e-007, 3.29544491251e-007, 6.664218688e-008, 5.55907391231e-008, 1.66873419971e-007, 6.54442047221e-008, 1.63905600203e-008, 3.16107460208e-008, 5.27576133891e-008, 8.40583354034e-008, 8.20779177957e-008, 1.3274035382e-007, 9.70390967581e-009, 2.4698333656e-011]
    },
    "erbbands": {
        "mean": [0.487441271544, 5.14557361603, 8.52487182617, 7.61278629303, 7.98760938644, 6.30133628845, 8.10743618011, 23.5060138702, 36.1232337952, 13.277428627, 15.6842126846, 17.5531044006, 32.0012664795, 63.6596794128, 33.7454605103, 26.14311409, 11.6151399612, 13.6813402176, 7.52534246445, 9.03841876984, 8.29553890228, 7.92811965942, 13.2070016861, 14.2524681091, 5.41188335419, 3.7916162014, 3.70515155792, 3.61399769783, 3.19532060623, 4.35259819031, 3.23103547096, 2.66146755219, 2.38772368431, 2.14129805565, 0.953796088696, 0.289771735668, 0.0628046914935, 0.00828592199832, 0.000237305852352, 5.79303741688e-005],
        "var": [1.48454856873, 97.3301391602, 368.334991455, 342.828155518, 541.079467773, 532.758178711, 217.964080811, 2577.06518555, 8048.96435547, 662.937744141, 1722.02636719, 1896.68811035, 9468.29980469, 29531.3652344, 5706.13769531, 5807.24609375, 1055.7208252, 943.482849121, 273.444122314, 451.366851807, 148.718093872, 130.123382568, 431.482788086, 391.599182129, 72.1823272705, 42.7032814026, 53.6886138916, 46.9878883362, 46.9629173279, 113.142662048, 56.1682624817, 38.0799064636, 25.2248306274, 22.4410114288, 4.18151712418, 0.422842592001, 0.0200388710946, 0.000425590289524, 3.18462582527e-007, 5.10384268182e-009]
    },
    "gfcc": {
        "mean": [-23.3297538757, 98.3006973267, -102.89981842, 37.7677536011, -51.9415206909, 20.1142635345, -33.0724067688, 19.7468605042, -21.5333766937, -1.30805003643, -8.79710102081, 4.05263566971, -8.32025814056],
        "cov": [[6924.50537109, -2415.1862793, 998.796569824, 544.280395508, -126.844444275, 1164.94287109, -399.947540283, 506.746124268, -320.204101563, 488.280578613, -250.195770264, 267.099090576, -507.068847656], [-2415.1862793, 1865.89343262, -458.719604492, -382.331115723, 87.9181365967, -606.337158203, 316.049072266, -337.830078125, 239.740081787, -294.248962402, 173.127120972, -203.061325073, 242.320373535], [998.796569824, -458.719604492, 705.112548828, 199.780334473, 130.72265625, 288.251556396, -60.6196556091, 169.666854858, -25.5741252899, 151.952789307, -3.99860978127, 95.2640533447, -69.0973892212], [544.280395508, -382.331115723, 199.780334473, 438.825927734, 147.648147583, 169.726272583, -46.4970626831, 54.5928535461, -2.04721879959, 73.3262329102, 11.8789920807, 30.6442470551, -55.3257751465], [-126.844444275, 87.9181365967, 130.72265625, 147.648147583, 363.316833496, 158.012191772, 116.819961548, 42.8401985168, 76.8763656616, 27.4681358337, 28.2306880951, -4.32157802582, -0.154320597649], [1164.94287109, -606.337158203, 288.251556396, 169.726272583, 158.012191772, 615.094604492, 131.04119873, 271.585632324, -50.2290039063, 60.1498336792, -80.3849716187, 62.2632980347, -54.9895095825], [-399.947540283, 316.049072266, -60.6196556091, -46.4970626831, 116.819961548, 131.04119873, 331.293945313, 92.4325332642, 74.7031860352, -134.700531006, -16.2832431793, -43.9614715576, 83.5200271606], [506.746124268, -337.830078125, 169.666854858, 54.5928535461, 42.8401985168, 271.585632324, 92.4325332642, 282.775543213, 30.8333110809, 54.651802063, -64.9828643799, 30.0046749115, -21.9601612091], [-320.204101563, 239.740081787, -25.5741252899, -2.04721879959, 76.8763656616, -50.2290039063, 74.7031860352, 30.8333110809, 179.653701782, 44.3105964661, 42.4195823669, -56.4342536926, 5.32639503479], [488.280578613, -294.248962402, 151.952789307, 73.3262329102, 27.4681358337, 60.1498336792, -134.700531006, 54.651802063, 44.3105964661, 231.164550781, 78.0938186646, 64.5425338745, -86.3266296387], [-250.195770264, 173.127120972, -3.99860978127, 11.8789920807, 28.2306880951, -80.3849716187, -16.2832431793, -64.9828643799, 42.4195823669, 78.0938186646, 175.759475708, 75.1023635864, 38.4133148193], [267.099090576, -203.061325073, 95.2640533447, 30.6442470551, -4.32157802582, 62.2632980347, -43.9614715576, 30.0046749115, -56.4342536926, 64.5425338745, 75.1023635864, 166.089889526, 46.4903755188], [-507.068847656, 242.320373535, -69.0973892212, -55.3257751465, -0.154320597649, -54.9895095825, 83.5200271606, -21.9601612091, 5.32639503479, -86.3266296387, 38.4133148193, 46.4903755188, 164.191818237]],
        "icov": [[0.000431910622865, -0.000201628688956, -0.00015008560149, -0.000295230594929, 0.000603257096373, -0.000829201191664, 0.000201203365577, 0.000228537159273, -3.04931290884e-005, -0.000413768313592, 0.000848340394441, -0.000969309243374, 0.000979292904958], [-0.000201628688956, 0.00441941805184, -0.000586041191127, 0.00248647853732, -0.00194125261623, 0.00260213622823, -0.00195337552577, 0.00146543374285, -0.00220117229037, 0.00374817661941, -0.00560915470123, 0.00483095133677, -0.00250803725794], [-0.00015008560149, -0.000586041191127, 0.00242059282027, -0.00061452772934, -0.000581781787332, -0.000436033529695, 0.000772272178438, -0.00113923347089, 0.000655365758575, -0.000983758014627, 0.000651481328532, -0.000905471679289, 8.66871559992e-005], [-0.000295230594929, 0.00248647853732, -0.00061452772934, 0.0048056752421, -0.00258427346125, 0.000887047848664, 0.000578782754019, 0.000360067730071, -0.00169450533576, 0.00360399461351, -0.00444635795429, 0.00299128191546, -0.00102919049095], [0.000603257096373, -0.00194125261623, -0.000581781787332, -0.00258427346125, 0.00630250480026, -0.00308843678795, -0.00109825422987, 0.00181625061668, -0.00104177230969, -0.00295489956625, 0.00358585850336, -0.00319806416519, 0.00193231704179], [-0.000829201191664, 0.00260213622823, -0.000436033529695, 0.000887047848664, -0.00308843678795, 0.00782886426896, -0.00458810012788, -0.00225249910727, 0.002631357871, -0.00019461629563, -0.00256638973951, 0.00353044760413, -0.00222098501399], [0.000201203365577, -0.00195337552577, 0.000772272178438, 0.000578782754019, -0.00109825422987, -0.00458810012788, 0.0126692103222, -0.00448669400066, -0.00412720721215, 0.00866843294352, -0.0027959565632, -0.00123087095562, 0.00113615510054], [0.000228537159273, 0.00146543374285, -0.00113923347089, 0.000360067730071, 0.00181625061668, -0.00225249910727, -0.00448669400066, 0.0113818785176, -0.00433785282075, -0.00348459673114, 0.00519123021513, -0.00254244590178, -0.000949168694206], [-3.04931290884e-005, -0.00220117229037, 0.000655365758575, -0.00169450533576, -0.00104177230969, 0.002631357871, -0.00412720721215, -0.00433785282075, 0.0170188229531, -0.0108476728201, 0.000111686371383, 0.0067404313013, -0.00293136178516], [-0.000413768313592, 0.00374817661941, -0.000983758014627, 0.00360399461351, -0.00295489956625, -0.00019461629563, 0.00866843294352, -0.00348459673114, -0.0108476728201, 0.0251064114273, -0.0142444968224, -0.000645527383313, 0.00611481303349], [0.000848340394441, -0.00560915470123, 0.000651481328532, -0.00444635795429, 0.00358585850336, -0.00256638973951, -0.0027959565632, 0.00519123021513, 0.000111686371383, -0.0142444968224, 0.0247693676502, -0.0145163927227, 0.00175690324977], [-0.000969309243374, 0.00483095133677, -0.000905471679289, 0.00299128191546, -0.00319806416519, 0.00353044760413, -0.00123087095562, -0.00254244590178, 0.0067404313013, -0.000645527383313, -0.0145163927227, 0.0246961731464, -0.012185389176], [0.000979292904958, -0.00250803725794, 8.66871559992e-005, -0.00102919049095, 0.00193231704179, -0.00222098501399, 0.00113615510054, -0.000949168694206, -0.00293136178516, 0.00611481303349, 0.00175690324977, -0.012185389176, 0.01740828529]]
    },
    "melbands": {
        "mean": [0.00534413103014, 0.00546834245324, 0.0013814070262, 0.000512205529958, 0.000268315518042, 0.000584414228797, 0.00050026900135, 0.000136504211696, 0.000117509633128, 0.000113003829028, 0.000147713566548, 0.000235146668274, 0.000138637362397, 7.16309150448e-005, 4.96901157021e-005, 2.00903414225e-005, 2.68077874352e-005, 1.13094683911e-005, 1.30178104882e-005, 1.10929295261e-005, 1.01906016425e-005, 7.90705234976e-006, 1.10842047434e-005, 1.18621019283e-005, 1.21131824926e-005, 4.3659788389e-006, 2.93375228466e-006, 2.33166201724e-006, 2.25008261623e-006, 2.2601125238e-006, 2.022693252e-006, 1.73317357621e-006, 2.12001464206e-006, 2.4562427825e-006, 1.83210022442e-006, 1.63937340858e-006, 1.66301106219e-006, 1.75601587671e-006, 1.60847218922e-006, 1.89966488051e-006],
        "var": [0.000137225666549, 0.000103451042378, 1.02027579487e-005, 3.51919629793e-006, 2.59604547637e-007, 1.70536281985e-006, 1.45799822349e-006, 8.02976671821e-008, 9.86642660905e-008, 8.52478549973e-008, 2.32322491911e-007, 4.13180174519e-007, 9.56822745479e-008, 3.55866554003e-008, 3.02835196919e-008, 5.30019672595e-009, 4.24128066001e-009, 4.50218612391e-010, 3.2637326175e-009, 4.20117357569e-010, 2.45231418505e-010, 1.34629182802e-010, 3.02086022863e-010, 3.30924510017e-010, 2.94404833845e-010, 5.02476463216e-011, 2.73065996897e-011, 1.74755297039e-011, 2.29139936192e-011, 1.85652777873e-011, 1.662504856e-011, 1.45487953282e-011, 2.31150185798e-011, 4.20616701191e-011, 1.82608615729e-011, 1.60214844863e-011, 1.45169952448e-011, 1.40410452362e-011, 1.44576373443e-011, 1.74169845213e-011]
    },
    "mfcc": {
        "mean": [-670.282592773, 123.515510559, 12.5951709747, 25.7021408081, 13.5950012207, 1.3193308115, 6.92068386078, 13.9260416031, 1.85751318932, -0.175584316254, 2.73526358604, 0.377687364817, 1.39889919758],
        "cov": [[5888.67285156, -2111.46826172, 814.025390625, -277.629211426, 406.167144775, 441.298339844, 218.909362793, 141.648101807, 28.7391433716, -54.4330940247, 308.025634766, 294.143890381, 71.1623382568], [-2111.46826172, 1658.83361816, -361.33392334, 22.8695106506, -273.602172852, -201.33706665, -105.253257751, -53.7654533386, -5.05812835693, 45.4237136841, -92.0026779175, -102.82056427, -43.621181488], [814.025390625, -361.33392334, 495.642852783, 9.7349729538, 154.187271118, 79.0231628418, 76.2077102661, 44.7690658569, 28.0796985626, -1.8365265131, 50.6014785767, 37.8765182495, 36.4326324463], [-277.629211426, 22.8695106506, 9.7349729538, 309.941619873, 109.246635437, 40.1991004944, -26.3871097565, -41.3022537231, -50.9071807861, -8.56337738037, 8.00897789001, 14.5322961807, 20.7161560059], [406.167144775, -273.602172852, 154.187271118, 109.246635437, 332.371612549, 169.946258545, 84.7071075439, 22.5143795013, 23.6998977661, 31.9422893524, 89.5869522095, 79.1623382568, 42.2161979675], [441.298339844, -201.33706665, 79.0231628418, 40.1991004944, 169.946258545, 247.796096802, 145.19140625, 99.5995635986, 46.5540771484, 35.2359085083, 55.9973564148, 41.3383903503, 30.7781486511], [218.909362793, -105.253257751, 76.2077102661, -26.3871097565, 84.7071075439, 145.19140625, 225.117797852, 185.772979736, 107.191162109, 29.6320514679, 6.6108956337, 7.50873374939, 34.0377349854], [141.648101807, -53.7654533386, 44.7690658569, -41.3022537231, 22.5143795013, 99.5995635986, 185.772979736, 273.319152832, 189.045532227, 69.575958252, -4.75347423553, -24.9309806824, 5.48666810989], [28.7391433716, -5.05812835693, 28.0796985626, -50.9071807861, 23.6998977661, 46.5540771484, 107.191162109, 189.045532227, 215.092987061, 118.564735413, 21.2917861938, -29.1821403503, -20.0610961914], [-54.4330940247, 45.4237136841, -1.8365265131, -8.56337738037, 31.9422893524, 35.2359085083, 29.6320514679, 69.575958252, 118.564735413, 159.941680908, 83.6743850708, 3.94192624092, -29.2473430634], [308.025634766, -92.0026779175, 50.6014785767, 8.00897789001, 89.5869522095, 55.9973564148, 6.6108956337, -4.75347423553, 21.2917861938, 83.6743850708, 157.689590454, 94.6558761597, 11.9751825333], [294.143890381, -102.82056427, 37.8765182495, 14.5322961807, 79.1623382568, 41.3383903503, 7.50873374939, -24.9309806824, -29.1821403503, 3.94192624092, 94.6558761597, 142.955154419, 79.6580886841], [71.1623382568, -43.621181488, 36.4326324463, 20.7161560059, 42.2161979675, 30.7781486511, 34.0377349854, 5.48666810989, -20.0610961914, -29.2473430634, 11.9751825333, 79.6580886841, 129.313690186]],
        "icov": [[0.000477778783534, 0.000416739436332, -0.000422655954026, 0.000428099068813, 0.000226328600547, -0.000645071850158, 0.000379944365704, -0.000238340042415, -8.86674097273e-005, 0.000625784799922, -0.00052822480211, -0.00053825735813, 0.000426167272963], [0.000416739436332, 0.00121341657359, 5.74595251237e-005, 9.74483555183e-005, 0.000602103536949, -0.000112830057333, -1.81423820322e-005, 3.14655699185e-005, 3.9801820094e-005, -0.000193932981347, -0.000228173070354, -0.00018325864221, 7.82462084317e-005], [-0.000422655954026, 5.74595251237e-005, 0.00313103664666, -0.000257310544839, -0.00123544980306, 0.00121083739214, -0.000931045447942, 0.000195606538909, -0.000179849812412, 0.000257982348558, -0.0008670000243, 0.001713290927, -0.00118169514462], [0.000428099068813, 9.74483555183e-005, -0.000257310544839, 0.00478172907606, -0.00206484878436, -0.000886745867319, 0.00218103500083, -0.00191683799494, 0.0024563644547, -0.000618072226644, 0.000186216304428, 0.000416311813751, -0.000536280684173], [0.000226328600547, 0.000602103536949, -0.00123544980306, -0.00206484878436, 0.00748978974298, -0.00379812670872, -0.00161751522683, 0.00370594719425, -0.00365705066361, 0.0014324313961, -0.00144343590364, -0.00197246158496, 0.000590155774262], [-0.000645071850158, -0.000112830057333, 0.00121083739214, -0.000886745867319, -0.00379812670872, 0.0110890595242, -0.00564917968586, -0.00161464011762, 0.00364977307618, -0.00262252450921, -0.000778927176725, 0.00164827809203, -0.000696208269801], [0.000379944365704, -1.81423820322e-005, -0.000931045447942, 0.00218103500083, -0.00161751522683, -0.00564917968586, 0.016761822626, -0.0106309205294, 0.00216910638846, 0.0011060424149, 0.000462706404505, 0.000243654925725, -0.00199690763839], [-0.000238340042415, 3.14655699185e-005, 0.000195606538909, -0.00191683799494, 0.00370594719425, -0.00161464011762, -0.0106309205294, 0.020826978609, -0.0156730767339, 0.00379448616877, 0.000340951693943, -0.000305244728224, 6.59992365399e-005], [-8.86674097273e-005, 3.9801820094e-005, -0.000179849812412, 0.0024563644547, -0.00365705066361, 0.00364977307618, 0.00216910638846, -0.0156730767339, 0.0252893399447, -0.0143682220951, 0.003693171544, 0.00149632955436, -0.000451573403552], [0.000625784799922, -0.000193932981347, 0.000257982348558, -0.000618072226644, 0.0014324313961, -0.00262252450921, 0.0011060424149, 0.00379448616877, -0.0143682220951, 0.0231366343796, -0.0143919754773, 0.00465396232903, 0.000790752936155], [-0.00052822480211, -0.000228173070354, -0.0008670000243, 0.000186216304428, -0.00144343590364, -0.000778927176725, 0.000462706404505, 0.000340951693943, 0.003693171544, -0.0143919754773, 0.0255712177604, -0.0172092095017, 0.00649931887165], [-0.00053825735813, -0.00018325864221, 0.001713290927, 0.000416311813751, -0.00197246158496, 0.00164827809203, 0.000243654925725, -0.000305244728224, 0.00149632955436, 0.00465396232903, -0.0172092095017, 0.0274933241308, -0.014172221534], [0.000426167272963, 7.82462084317e-005, -0.00118169514462, -0.000536280684173, 0.000590155774262, -0.000696208269801, -0.00199690763839, 6.59992365399e-005, -0.000451573403552, 0.000790752936155, 0.00649931887165, -0.014172221534, 0.0166768115014]]
    },
    "spectral_contrast_coeffs": {
        "mean": [-0.649002850056, -0.702152848244, -0.718897640705, -0.788393080235, -0.783343911171, -0.786888360977],
        "var": [0.00914468988776, 0.00966584775597, 0.0079799098894, 0.00233429321088, 0.00145776127465, 0.00146992632654]
    },
    "spectral_contrast_valleys": {
        "mean": [-7.28637981415, -7.13518047333, -7.81310796738, -8.16251087189, -7.97417736053, -10.3443202972],
        "var": [1.14410316944, 0.713246643543, 0.886069595814, 0.996504724026, 1.3332618475, 2.60908484459]
    }
},
"metadata": {
    "audio_properties": {
        "analysis_sample_rate": 44100,
        "bit_rate": 128074,
        "equal_loudness": 0,
        "length": 45.0612258911,
        "lossless": 0,
        "replay_gain": -5.56738471985,
        "sample_rate": 44100,
        "codec": "mp3",
        "downmix": "mix",
        "md5_encoded": "d278b9d5f6f42ab6c7f39e1d91fd2b9d"
    },
    "tags": {
        "file_name": "1559.mp3"
    },
    "version": {
        "essentia": "2.1-beta2",
        "essentia_git_sha": "v2.1_beta2",
        "extractor": "music 1.0"
    }
},
"rhythm": {
    "beats_count": 118,
    "beats_loudness": {
        "mean": 0.0696478933096,
        "var": 0.00501521257684
    },
    "bpm": 155.947113037,
    "bpm_histogram_first_peak_bpm": {
        "mean": 157,
        "var": 0
    },
    "bpm_histogram_first_peak_spread": {
        "mean": 0.490566045046,
        "var": 0
    },
    "bpm_histogram_first_peak_weight": {
        "mean": 0.461538463831,
        "var": 0
    },
    "bpm_histogram_second_peak_bpm": {
        "mean": 152,
        "var": 0
    },
    "bpm_histogram_second_peak_spread": {
        "mean": 0,
        "var": 0
    },
    "bpm_histogram_second_peak_weight": {
        "mean": 0.0769230797887,
        "var": 0
    },
    "danceability": 1.2383466959,
    "onset_rate": 4.61386156082,
    "beats_loudness_band_ratio": {
        "mean": [0.607216835022, 0.163081303239, 0.110627360642, 0.109328240156, 0.0309562142938, 0.0299659408629],
        "var": [0.0843156501651, 0.04798810184, 0.0171350184828, 0.0195087958127, 0.00149793364108, 0.00149189296644]
    },
    "beats_position": [0.383129239082, 0.766258478165, 1.13777780533, 1.50929701328, 1.89242625237, 2.27555561066, 2.6470746994, 3.01859402657, 3.39011335373, 3.7732424736, 4.15637159348, 4.52789115906, 4.8994102478, 5.27092981339, 5.64244890213, 6.01396799088, 6.39709758759, 6.78022670746, 7.1517457962, 7.52326536179, 7.89478445053, 8.26630401611, 8.64943313599, 9.03256225586, 9.4040813446, 9.76399040222, 10.1355104446, 10.5186395645, 10.9017686844, 11.2848978043, 11.6680269241, 12.051156044, 12.4342851639, 12.8174142838, 13.2121543884, 13.6068935394, 14.0016326904, 14.3963718414, 14.7795009613, 15.1626300812, 15.545759201, 15.9288883209, 16.3236274719, 16.7183666229, 17.1014957428, 17.4846248627, 17.8677539825, 18.2508831024, 18.6340141296, 19.0171432495, 19.4002723694, 19.7834014893, 20.1781406403, 20.5728797913, 20.9560089111, 21.339138031, 21.7106571198, 22.0937862396, 22.4653053284, 22.8484344482, 23.219953537, 23.5914726257, 23.9629936218, 24.3461227417, 24.7292518616, 25.1007709503, 25.4722900391, 25.8554191589, 26.2385482788, 26.6100673676, 26.9815864563, 27.353105545, 27.7362346649, 28.1193637848, 28.5141029358, 28.897233963, 29.2803630829, 29.6518821716, 30.0234012604, 30.3949203491, 30.778049469, 31.1611785889, 31.5326976776, 31.9042167664, 32.264125824, 32.6356468201, 33.0187759399, 33.4019050598, 33.7850341797, 34.1565513611, 34.5280723572, 34.8995895386, 35.2711105347, 35.6542396545, 36.0373687744, 36.4088897705, 36.7804069519, 37.151927948, 37.5234451294, 37.9065742493, 38.2897033691, 38.6612243652, 39.0327415466, 39.4042625427, 39.7757797241, 40.1473007202, 40.5188217163, 40.8903388977, 41.2618598938, 41.6333770752, 42.0165061951, 42.3996353149, 42.7827644348, 43.1658935547, 43.5374145508, 43.9089317322, 44.2804527283, 44.6635818481]
},
"tonal": {
    "chords_changes_rate": 0.0668724253774,
    "chords_number_rate": 0.0102880662307,
    "chords_strength": {
        "mean": 0.516357660294,
        "var": 0.00784094259143
    },
    "hpcp_entropy": {
        "mean": 1.78771042824,
        "var": 0.49766305089
    },
    "key_strength": 0.635140836239,
    "tuning_diatonic_strength": 0.537204086781,
    "tuning_equal_tempered_deviation": 0.0709624662995,
    "tuning_frequency": 437.718536377,
    "tuning_nontempered_energy_ratio": 0.717622578144,
    "hpcp": {
        "mean": [0.0414887964725, 0.0416407622397, 0.146361127496, 0.264241397381, 0.174066931009, 0.0553372502327, 0.0595216043293, 0.0823917463422, 0.144287034869, 0.252615064383, 0.251282572746, 0.139999762177, 0.0649025589228, 0.0393552742898, 0.097296513617, 0.172829508781, 0.112604476511, 0.0433369651437, 0.0645334124565, 0.0652751997113, 0.0574474558234, 0.0623438134789, 0.0603038072586, 0.127929285169, 0.224544405937, 0.166616052389, 0.053845256567, 0.03232068941, 0.0415844023228, 0.125699684024, 0.25314950943, 0.200655147433, 0.0733327940106, 0.0473258532584, 0.0413841605186, 0.042023550719],
        "var": [0.0193634983152, 0.0158261302859, 0.0487010665238, 0.130382567644, 0.0695165917277, 0.0206757932901, 0.024712914601, 0.0390919707716, 0.0585064925253, 0.108904540539, 0.115111097693, 0.0677095726132, 0.0291858352721, 0.016244629398, 0.0305009186268, 0.0879079177976, 0.0390011630952, 0.0136370640248, 0.033717084676, 0.0294341631234, 0.0290209855884, 0.0342545732856, 0.0264508407563, 0.0444794148207, 0.108181521297, 0.068273358047, 0.0178471375257, 0.0136759653687, 0.0178133677691, 0.0399858020246, 0.111657805741, 0.0786220654845, 0.0220321733505, 0.0192247852683, 0.0165041312575, 0.0206229127944]
    },
    "chords_histogram": [3.08641982079, 0, 21.707818985, 0.102880656719, 2.26337456703, 0, 0, 0, 0, 0, 0, 0, 0, 0, 0, 11.1111106873, 0, 1.95473253727, 2.77777767181, 15.5349798203, 2.67489719391, 20.3703708649, 18.41563797, 0],
    "thpcp": [1, 0.658742070198, 0.209419310093, 0.225254654884, 0.311804831028, 0.546042501926, 0.956001102924, 0.950958371162, 0.529817700386, 0.24561843276, 0.14893682301, 0.368210703135, 0.654059171677, 0.426142454147, 0.164005205035, 0.244221433997, 0.247028663754, 0.217405214906, 0.235935077071, 0.22821483016, 0.484137952328, 0.849769949913, 0.63054484129, 0.203772976995, 0.122315011919, 0.157372772694, 0.475700199604, 0.958023667336, 0.759363055229, 0.277521967888, 0.179100826383, 0.156614974141, 0.159034699202, 0.157010957599, 0.157586067915, 0.553891718388],
    "chords_key": "C",
    "chords_scale": "major",
    "key_key": "F",
    "key_scale": "major"
}
}