{
"lowlevel": {
    "average_loudness": 0.958077847958,
    "barkbands_crest": {
        "mean": 10.2991657257,
        "var": 18.6666164398
    },
    "barkbands_flatness_db": {
        "mean": 0.130941718817,
        "var": 0.00157688290346
    },
    "barkbands_kurtosis": {
        "mean": 2.05116128922,
        "var": 14.0598659515
    },
    "barkbands_skewness": {
        "mean": 1.18336892128,
        "var": 0.765024781227
    },
    "barkbands_spread": {
        "mean": 20.2293281555,
        "var": 74.4867019653
    },
    "dissonance": {
        "mean": 0.461318135262,
        "var": 0.000667064159643
    },
    "dynamic_complexity": 1.73916947842,
    "erbbands_crest": {
        "mean": 9.84892654419,
        "var": 20.571516037
    },
    "erbbands_flatness_db": {
        "mean": 0.169994190335,
        "var": 0.00272620888427
    },
    "erbbands_kurtosis": {
        "mean": 0.137972667813,
        "var": 1.61169683933
    },
    "erbbands_skewness": {
        "mean": 0.420736819506,
        "var": 0.281650871038
    },
    "erbbands_spread": {
        "mean": 32.5733375549,
        "var": 210.398803711
    },
    "hfc": {
        "mean": 26.7538146973,
        "var": 330.093078613
    },
    "melbands_crest": {
        "mean": 12.6167640686,
        "var": 19.9381771088
    },
    "melbands_flatness_db": {
        "mean": 0.18176394701,
        "var": 0.0026830714196
    },
    "melbands_kurtosis": {
        "mean": 7.46805763245,
        "var": 156.985900879
    },
    "melbands_skewness": {
        "mean": 1.94157373905,
        "var": 1.68601953983
    },
    "melbands_spread": {
        "mean": 23.8919010162,
        "var": 194.933853149
    },
    "pitch_salience": {
        "mean": 0.518972873688,
        "var": 0.0130429556593
    },
    "silence_rate_20dB": {
        "mean": 1,
        "var": 0
    },
    "silence_rate_30dB": {
        "mean": 0.992794632912,
        "var": 0.0071532712318
    },
    "silence_rate_60dB": {
        "mean": 0.0144107053056,
        "var": 0.0142031954601
    },
    "spectral_centroid": {
        "mean": 1402.56860352,
        "var": 403865.6875
    },
    "spectral_complexity": {
        "mean": 21.231086731,
        "var": 54.9477272034
    },
    "spectral_decrease": {
        "mean": -8.34751379131e-009,
        "var": 3.57607450338e-017
    },
    "spectral_energy": {
        "mean": 0.0339320898056,
        "var": 0.000545433082152
    },
    "spectral_energyband_high": {
        "mean": 0.000828303804155,
        "var": 1.39123812914e-006
    },
    "spectral_energyband_low": {
        "mean": 0.0101790027693,
        "var": 0.000360705162166
    },
    "spectral_energyband_middle_high": {
        "mean": 0.00908253900707,
        "var": 9.11720271688e-005
    },
    "spectral_energyband_middle_low": {
        "mean": 0.0142193390056,
        "var": 0.00011442174582
    },
    "spectral_entropy": {
        "mean": 7.55787038803,
        "var": 0.131992593408
    },
    "spectral_flux": {
        "mean": 0.0941481664777,
        "var": 0.00184443616308
    },
    "spectral_kurtosis": {
        "mean": 4.7475976944,
        "var": 8.0745267868
    },
    "spectral_rms": {
        "mean": 0.00545755727217,
        "var": 3.3195301512e-006
    },
    "spectral_rolloff": {
        "mean": 1756.76245117,
        "var": 4409577.5
    },
    "spectral_skewness": {
        "mean": 1.56000065804,
        "var": 0.110816851258
    },
    "spectral_spread": {
        "mean": 4401486.5,
        "var": 4.79194723123e+012
    },
    "spectral_strongpeak": {
        "mean": 1.35132873058,
        "var": 1.74620568752
    },
    "zerocrossingrate": {
        "mean": 0.067669801414,
        "var": 0.00282105570659
    },
    "barkbands": {
        "mean": [3.79655139113e-005, 0.00864558387548, 0.00124105217401, 0.000699915981386, 0.00387096591294, 0.00141334463842, 0.00430898414925, 0.00268825422972, 0.00102683785371, 0.00199925736524, 0.00144907692447, 0.00136442948133, 0.00075898936484, 0.000742300006095, 0.000743286800571, 0.000744033313822, 0.00047741891467, 0.000324641994666, 0.000439013238065, 0.000219598834519, 0.000175259905518, 0.000132023284095, 0.000113560796308, 0.000103619189758, 0.000103161059087, 9.95420414256e-005, 9.96799644781e-006],
        "var": [4.27831903238e-009, 0.000289179704851, 6.22712786935e-006, 1.03032641618e-006, 3.30188631779e-005, 5.73584929953e-006, 3.05923349515e-005, 1.47971322804e-005, 2.6380143936e-006, 1.08522071969e-005, 2.73326277238e-005, 5.28783539266e-006, 2.95346717394e-006, 1.38724328735e-006, 1.34660160711e-006, 1.054305244e-006, 4.14570791918e-007, 1.59549983891e-007, 6.77367552271e-007, 5.96078919557e-008, 3.50796973692e-008, 3.61322776143e-008, 2.94843847115e-008, 3.49260567134e-008, 5.72877212335e-008, 9.05591051037e-008, 1.17924014997e-009]
    },
    "erbbands": {
        "mean": [0.135014712811, 2.25510764122, 2.62197160721, 1.77906155586, 9.76142692566, 11.4179067612, 10.5280742645, 13.441280365, 45.7290000916, 72.3028564453, 52.3637466431, 24.3096923828, 36.3474884033, 68.1463317871, 72.7142562866, 51.8657913208, 41.3152275085, 29.7416973114, 42.2843971252, 43.7758865356, 41.5391159058, 26.6396846771, 18.7257423401, 16.8370571136, 23.5510807037, 11.2813558578, 7.66511249542, 6.47340202332, 4.79466772079, 3.66696476936, 3.15147781372, 2.23508262634, 1.71285307407, 1.06012380123, 0.790648937225, 0.4712421, 0.162079185247, 0.0379816554487, 0.00108355656266, 6.60871955915e-005],
        "var": [0.0643895566463, 20.1532440186, 25.2496242523, 6.18657684326, 284.061737061, 298.574066162, 337.397949219, 420.720703125, 4310.80517578, 12363.2412109, 4795.93310547, 1399.5949707, 3116.70874023, 12736.8261719, 65719.1484375, 6537.42041016, 8267.38671875, 2379.18945313, 3537.25927734, 5230.87597656, 3733.11206055, 937.339294434, 481.317626953, 428.819061279, 2710.85327148, 139.854476929, 69.9484634399, 58.1555137634, 47.8494529724, 30.5476970673, 23.0749588013, 14.0287847519, 11.2607307434, 4.74505090714, 4.46101570129, 2.32003450394, 0.222726032138, 0.0152106564492, 1.37560919029e-005, 7.21063075915e-009]
    },
    "gfcc": {
        "mean": [22.7850837708, 88.9469680786, -134.790649414, 20.3506412506, -59.7250785828, 8.70411205292, -35.9888801575, 12.0917654037, -21.1303329468, 6.86475276947, -14.8360462189, 1.41807389259, -10.7371959686],
        "cov": [[4980.72412109, -355.603881836, 594.535644531, 247.914169312, -180.297897339, 356.889404297, -253.002639771, 114.021575928, -160.369308472, 87.0020675659, -160.613128662, 173.687088013, -158.093780518], [-355.603881836, 1999.28552246, -503.579071045, 262.739807129, 102.223617554, -233.800247192, 207.316055298, -111.001579285, 194.242401123, -154.088256836, 201.725616455, -118.597259521, 209.549453735], [594.535644531, -503.579071045, 1045.23193359, 245.780334473, 47.2897224426, 351.380249023, -82.2164916992, 158.659790039, 7.12585353851, 114.672599792, -55.5511322021, 116.761375427, -94.2943878174], [247.914169312, 262.739807129, 245.780334473, 357.197906494, 88.1263580322, 148.213912964, 56.7880516052, 57.9139785767, 75.7764282227, 2.18834114075, 37.7352676392, 2.51474499702, 23.7948894501], [-180.297897339, 102.223617554, 47.2897224426, 88.1263580322, 252.297531128, 87.4561157227, 118.012786865, 62.058681488, 47.0712471008, 37.2521972656, 33.4557189941, 5.26864290237, -0.723460018635], [356.889404297, -233.800247192, 351.380249023, 148.213912964, 87.4561157227, 316.875518799, 39.0769538879, 129.859603882, 37.9165000916, 70.2394561768, -16.8051204681, 50.8843460083, -26.2299156189], [-253.002639771, 207.316055298, -82.2164916992, 56.7880516052, 118.012786865, 39.0769538879, 191.386322021, 57.9099464417, 56.3778533936, -4.54529953003, 32.8906097412, -16.0309410095, 36.2984695435], [114.021575928, -111.001579285, 158.659790039, 57.9139785767, 62.058681488, 129.859603882, 57.9099464417, 170.820129395, 86.9467849731, 56.5677719116, -10.9010972977, 17.998052597, -15.0219936371], [-160.369308472, 194.242401123, 7.12585353851, 75.7764282227, 47.0712471008, 37.9165000916, 56.3778533936, 86.9467849731, 166.195999146, 46.4537010193, 28.8022689819, -17.6693763733, 24.7212047577], [87.0020675659, -154.088256836, 114.672599792, 2.18834114075, 37.2521972656, 70.2394561768, -4.54529953003, 56.5677719116, 46.4537010193, 109.976860046, 23.3456668854, 18.3405971527, -38.7887954712], [-160.613128662, 201.725616455, -55.5511322021, 37.7352676392, 33.4557189941, -16.8051204681, 32.8906097412, -10.9010972977, 28.8022689819, 23.3456668854, 106.223609924, 12.5225524902, 18.9203357697], [173.687088013, -118.597259521, 116.761375427, 2.51474499702, 5.26864290237, 50.8843460083, -16.0309410095, 17.998052597, -17.6693763733, 18.3405971527, 12.5225524902, 80.9652938843, 6.1268362999], [-158.093780518, 209.549453735, -94.2943878174, 23.7948894501, -0.723460018635, -26.2299156189, 36.2984695435, -15.0219936371, 24.7212047577, -38.7887954712, 18.9203357697, 6.1268362999, 97.986038208]],
        "icov": [[0.000383192964364, -0.000337402132573, 0.000283399538603, -0.000518456159625, 0.000431742082583, -0.000301895925077, 0.000375642499421, -0.000505201285705, 0.000894024968147, -0.000920002930798, 0.00117591687012, -0.00119200651534, 0.000701926765032], [-0.000337402132573, 0.00174126517959, -0.000255632068729, -0.000232099962886, -0.000685147300828, 0.00084551947657, -0.000711967877578, 0.00128394598141, -0.00242262030952, 0.00271365512162, -0.00307332957163, 0.00219266070053, -0.00163418543525], [0.000283399538603, -0.000255632068729, 0.00270138215274, -0.00205616932362, 0.000429475097917, -0.00128219462931, 0.00134226307273, -0.00113644555677, 0.00118879717775, -0.00184541696217, 0.00233997311443, -0.00333998724818, 0.00181789486669], [-0.000518456159625, -0.000232099962886, -0.00205616932362, 0.00686611002311, -0.00139166868757, -0.00214535649866, -0.000274527235888, 0.00133328873198, -0.0028848380316, 0.00416754838079, -0.00386677356437, 0.00374074652791, -0.00137432850897], [0.000431742082583, -0.000685147300828, 0.000429475097917, -0.00139166868757, 0.00709733041003, -0.000992250745185, -0.00348300719634, -0.000550485914573, 0.00163875555154, -0.00326660880819, 0.00146946148016, -0.00219641556032, 0.00205274787731], [-0.000301895925077, 0.00084551947657, -0.00128219462931, -0.00214535649866, -0.000992250745185, 0.0083727426827, -0.00162343413103, -0.00252542365342, 0.000535967585165, -0.00169825577177, 0.000463478674646, -0.000618358259089, -0.00141831580549], [0.000375642499421, -0.000711967877578, 0.00134226307273, -0.000274527235888, -0.00348300719634, -0.00162343413103, 0.0111461477354, -0.00451515102759, 0.00133140746038, 0.00121957832016, -0.000818973931018, 0.000939765654039, -0.00154826289508], [-0.000505201285705, 0.00128394598141, -0.00113644555677, 0.00133328873198, -0.000550485914573, -0.00252542365342, -0.00451515102759, 0.015821820125, -0.0092158485204, 0.00108507217374, 0.000667588901706, -0.000670212437399, 0.00110744335689], [0.000894024968147, -0.00242262030952, 0.00118879717775, -0.0028848380316, 0.00163875555154, 0.000535967585165, 0.00133140746038, -0.0092158485204, 0.0175536312163, -0.0106702344492, 0.00380200566724, 0.000642332946882, -0.00270944531076], [-0.000920002930798, 0.00271365512162, -0.00184541696217, 0.00416754838079, -0.00326660880819, -0.00169825577177, 0.00121957832016, 0.00108507217374, -0.0106702344492, 0.0250726658851, -0.0122067295015, 0.00334327598102, 0.00392549298704], [0.00117591687012, -0.00307332957163, 0.00233997311443, -0.00386677356437, 0.00146946148016, 0.000463478674646, -0.000818973931018, 0.000667588901706, 0.00380200566724, -0.0122067295015, 0.0219995696098, -0.0109996180981, 0.00284969899803], [-0.00119200651534, 0.00219266070053, -0.00333998724818, 0.00374074652791, -0.00219641556032, -0.000618358259089, 0.000939765654039, -0.000670212437399, 0.000642332946882, 0.00334327598102, -0.0109996180981, 0.0255033057183, -0.00967685412616], [0.000701926765032, -0.00163418543525, 0.00181789486669, -0.00137432850897, 0.00205274787731, -0.00141831580549, -0.00154826289508, 0.00110744335689, -0.00270944531076, 0.00392549298704, 0.00284969899803, -0.00967685412616, 0.0195871554315]]
    },
    "melbands": {
        "mean": [0.00192015792709, 0.0021189735271, 0.000491842569318, 0.000890529248863, 0.000374876981368, 0.000303331966279, 0.000740074785426, 0.000762674433645, 0.000370228313841, 0.000138485076604, 0.000189289188711, 0.00028699048562, 0.000227602897212, 0.000185827870155, 9.45926221902e-005, 7.44935896364e-005, 5.26285803062e-005, 7.20934258425e-005, 5.29803546669e-005, 5.0748931244e-005, 4.91371429234e-005, 2.8066267987e-005, 1.92575898836e-005, 1.58606871992e-005, 1.26273080241e-005, 1.86667548405e-005, 1.21641760416e-005, 6.34309981251e-006, 4.96336997458e-006, 3.81091422241e-006, 3.78409868063e-006, 2.88005503535e-006, 2.1240289243e-006, 2.04633761314e-006, 1.94201902559e-006, 1.4332573528e-006, 1.34519996209e-006, 1.22466201447e-006, 1.03800675788e-006, 8.36117237668e-007],
        "var": [1.38263221743e-005, 1.68059777934e-005, 4.48628441063e-007, 2.17536353375e-006, 3.1654394661e-007, 2.06813709269e-007, 1.0159019439e-006, 1.25077872326e-006, 2.35102334045e-007, 5.12551068255e-008, 9.03243275729e-008, 2.39177325057e-007, 5.81762151342e-007, 1.58199512157e-007, 2.38395028163e-008, 2.67746909088e-008, 9.05476316149e-009, 1.19003775723e-008, 8.01105315418e-009, 5.69702418574e-009, 6.50524123458e-009, 1.45017031716e-009, 8.54842696629e-010, 4.04549199695e-010, 3.16485865293e-010, 1.29357591305e-009, 5.33432076288e-010, 5.1607749324e-011, 3.62443720869e-011, 1.94105616996e-011, 2.33839510255e-011, 1.82551560673e-011, 1.08491375606e-011, 9.86455622048e-012, 8.41445923355e-012, 6.01901384636e-012, 5.43551618645e-012, 5.42230843559e-012, 5.48197945371e-012, 2.92888716752e-012]
    },
    "mfcc": {
        "mean": [-615.92364502, 122.531684875, -17.4492549896, 15.0994462967, -4.28188800812, -0.924629092216, -3.17338252068, 0.837493419647, 0.0428589694202, 3.8415119648, -1.76454508305, 1.53418946266, 5.07290506363],
        "cov": [[2400.96801758, -182.749130249, 625.696716309, 21.3308944702, 156.96446228, 134.813934326, 9.59858036041, 65.0619659424, -4.59264039993, -73.9514389038, -11.4142837524, 14.074760437, 28.0918502808], [-182.749130249, 1298.6184082, -370.455566406, 271.26776123, -85.122253418, -26.1874103546, -5.77806091309, 2.47112846375, -11.4249219894, 1.92897975445, -61.3464050293, 16.8829479218, 93.3603668213], [625.696716309, -370.455566406, 936.647460938, 37.0022697449, 245.572921753, 148.178039551, 23.9847221375, 104.345855713, 54.6111106873, 40.1856880188, 38.7409973145, 69.2464981079, 21.9519824982], [21.3308944702, 271.26776123, 37.0022697449, 246.440948486, 59.4860191345, 53.2641067505, 39.1529273987, 44.7798995972, 27.6606044769, 20.8841457367, -2.36064481735, 34.5951805115, 46.5584754944], [156.96446228, -85.122253418, 245.572921753, 59.4860191345, 214.899932861, 105.676116943, 57.8052253723, 67.2803192139, 52.2356719971, 45.74477005, 52.3982124329, 59.8846130371, 35.1795883179], [134.813934326, -26.1874103546, 148.178039551, 53.2641067505, 105.676116943, 157.208435059, 80.6618728638, 57.5925674438, 39.0481948853, 27.6183795929, 29.9170150757, 40.2886009216, 30.128276825], [9.59858036041, -5.77806091309, 23.9847221375, 39.1529273987, 57.8052253723, 80.6618728638, 152.069152832, 67.526222229, 31.2403678894, 21.1596183777, 26.4757423401, 19.0530605316, 25.6161251068], [65.0619659424, 2.47112846375, 104.345855713, 44.7798995972, 67.2803192139, 57.5925674438, 67.526222229, 135.193099976, 87.3610534668, 43.6398391724, 15.9427919388, 33.39270401, 26.9843273163], [-4.59264039993, -11.4249219894, 54.6111106873, 27.6606044769, 52.2356719971, 39.0481948853, 31.2403678894, 87.3610534668, 151.083831787, 76.3311157227, 18.3681869507, 28.8605270386, 17.8525085449], [-73.9514389038, 1.92897975445, 40.1856880188, 20.8841457367, 45.74477005, 27.6183795929, 21.1596183777, 43.6398391724, 76.3311157227, 124.470085144, 57.83177948, 28.0806350708, 11.4210958481], [-11.4142837524, -61.3464050293, 38.7409973145, -2.36064481735, 52.3982124329, 29.9170150757, 26.4757423401, 15.9427919388, 18.3681869507, 57.83177948, 119.081642151, 52.6961708069, 8.29642295837], [14.074760437, 16.8829479218, 69.2464981079, 34.5951805115, 59.8846130371, 40.2886009216, 19.0530605316, 33.39270401, 28.8605270386, 28.0806350708, 52.6961708069, 110.782684326, 53.6774482727], [28.0918502808, 93.3603668213, 21.9519824982, 46.5584754944, 35.1795883179, 30.128276825, 25.6161251068, 26.9843273163, 17.8525085449, 11.4210958481, 8.29642295837, 53.6774482727, 109.391700745]],
        "icov": [[0.000542352383491, -4.67663885502e-005, -0.000357523415005, 6.26054752502e-005, -4.35214724348e-006, -0.000290765077807, 0.000175364504685, -0.000134209185489, -6.31735092611e-005, 0.000589619739912, -0.00019959648489, 0.000302591564832, -0.000165332312463], [-4.67663885502e-005, 0.00134566391353, 0.000554965983611, -0.0014907537261, 0.000383638049243, -5.1214297855e-005, 0.000391463981941, -0.000318587815855, 0.000458573631477, -0.000508374418132, 0.000571994867641, -0.000151140004164, -0.000726660655346], [-0.000357523415005, 0.000554965983611, 0.0021589754615, -0.000321911065839, -0.00160644389689, -0.000739420531318, 0.00113462097943, -0.00116370827891, 0.000790178368334, -0.0006211057771, 0.000713622372132, -0.000467822537757, 0.000174898174009], [6.26054752502e-005, -0.0014907537261, -0.000321911065839, 0.00658281380311, -0.00135878450237, -0.000767332152463, -0.000553422549274, -0.000491834653076, 4.79240625282e-005, -0.000269068783382, 0.000845527276397, -0.000553124933504, -0.000354134244844], [-4.35214724348e-006, 0.000383638049243, -0.00160644389689, -0.00135878450237, 0.0100426841527, -0.00327402749099, -0.000468554731924, -0.000490193662699, -0.00067981518805, -0.000353576935595, -0.00190548202954, -0.00114106480032, -0.000670622801408], [-0.000290765077807, -5.1214297855e-005, -0.000739420531318, -0.000767332152463, -0.00327402749099, 0.0126586817205, -0.00508453743532, 0.000544979469851, -0.000747769663576, -8.50037104101e-005, 0.000188750156667, -0.0012163129868, -7.0526075433e-005], [0.000175364504685, 0.000391463981941, 0.00113462097943, -0.000553422549274, -0.000468554731924, -0.00508453743532, 0.0117743778974, -0.00555562460795, 0.00166913366411, 0.000603380147368, -0.00197212072089, 0.00219649286009, -0.00147060060408], [-0.000134209185489, -0.000318587815855, -0.00116370827891, -0.000491834653076, -0.000490193662699, 0.000544979469851, -0.00555562460795, 0.0166060216725, -0.00791516434401, 0.000287048518658, 0.00102378218435, -0.00146977033, -0.00013326316548], [-6.31735092611e-005, 0.000458573631477, 0.000790178368334, 4.79240625282e-005, -0.00067981518805, -0.000747769663576, 0.00166913366411, -0.00791516434401, 0.014703460969, -0.00760096684098, 0.00315804383717, -0.00136208417825, 0.000254942046013], [0.000589619739912, -0.000508374418132, -0.0006211057771, -0.000269068783382, -0.000353576935595, -8.50037104101e-005, 0.000603380147368, 0.000287048518658, -0.00760096684098, 0.0163871869445, -0.00776972947642, 0.00230221101083, -0.000564220943488], [-0.00019959648489, 0.000571994867641, 0.000713622372132, 0.000845527276397, -0.00190548202954, 0.000188750156667, -0.00197212072089, 0.00102378218435, 0.00315804383717, -0.00776972947642, 0.0159667897969, -0.00748110888526, 0.00258586602286], [0.000302591564832, -0.000151140004164, -0.000467822537757, -0.000553124933504, -0.00114106480032, -0.0012163129868, 0.00219649286009, -0.00146977033, -0.00136208417825, 0.00230221101083, -0.00748110888526, 0.0173350162804, -0.00702608143911], [-0.000165332312463, -0.000726660655346, 0.000174898174009, -0.000354134244844, -0.000670622801408, -7.0526075433e-005, -0.00147060060408, -0.00013326316548, 0.000254942046013, -0.000564220943488, 0.00258586602286, -0.00702608143911, 0.0138008631766]]
    },
    "spectral_contrast_coeffs": {
        "mean": [-0.626405894756, -0.70099657774, -0.726205527782, -0.745726168156, -0.762825369835, -0.733508110046],
        "var": [0.00799252837896, 0.00629111938179, 0.00463878689334, 0.00261520990171, 0.00179808971006, 0.001936576562]
    },
    "spectral_contrast_valleys": {
        "mean": [-7.5358543396, -6.41888856888, -7.03772926331, -7.45949792862, -7.39063072205, -10.3514556885],
        "var": [1.63502836227, 1.21937465668, 1.03012502193, 0.904518961906, 0.90454018116, 1.66130304337]
    }
},
"metadata": {
    "audio_properties": {
        "analysis_sample_rate": 44100,
        "bit_rate": 109671,
        "equal_loudness": 0,
        "length": 45.0873451233,
        "lossless": 0,
        "replay_gain": -8.36524391174,
        "sample_rate": 44100,
        "codec": "mp3",
        "downmix": "mix",
        "md5_encoded": "46f200c2d5f36f2f79a5aa4106211194"
    },
    "tags": {
        "file_name": "156.mp3"
    },
    "version": {
        "essentia": "2.1-beta2",
        "essentia_git_sha": "v2.1_beta2",
        "extractor": "music 1.0"
    }
},
"rhythm": {
    "beats_count": 77,
    "beats_loudness": {
        "mean": 0.0357013009489,
        "var": 0.00036675168667
    },
    "bpm": 109.338851929,
    "bpm_histogram_first_peak_bpm": {
        "mean": 110,
        "var": 0
    },
    "bpm_histogram_first_peak_spread": {
        "mean": 0.5,
        "var": 0
    },
    "bpm_histogram_first_peak_weight": {
        "mean": 0.276315778494,
        "var": 0
    },
    "bpm_histogram_second_peak_bpm": {
        "mean": 105,
        "var": 0
    },
    "bpm_histogram_second_peak_spread": {
        "mean": 0,
        "var": 0
    },
    "bpm_histogram_second_peak_weight": {
        "mean": 0.131578952074,
        "var": 0
    },
    "danceability": 1.15652871132,
    "onset_rate": 3.32559132576,
    "beats_loudness_band_ratio": {
        "mean": [0.236165955663, 0.277708828449, 0.242638900876, 0.163085058331, 0.101967319846, 0.0952708423138],
        "var": [0.0342226102948, 0.0275485701859, 0.0187858324498, 0.0134829590097, 0.0089901573956, 0.00597985787317]
    },
    "beats_position": [0.580498874187, 1.18421769142, 1.78793644905, 2.39165520668, 3.00698399544, 3.62231278419, 4.23764181137, 4.85297060013, 5.46829938889, 6.08362817764, 6.71056699753, 7.3491153717, 7.99927425385, 8.64943313599, 9.29959201813, 9.96135997772, 10.6115188599, 11.2732877731, 11.9234466553, 12.5852155685, 13.235373497, 13.8855323792, 14.5356912613, 15.1626300812, 15.7895689011, 16.3584575653, 16.9273471832, 17.4962348938, 18.0651245117, 18.6340141296, 19.2029018402, 19.7717914581, 20.3406791687, 20.8979587555, 21.4552383423, 22.0125160217, 22.5581855774, 23.1038551331, 23.6611328125, 24.2068023682, 24.7524719238, 25.2981395721, 25.8554191589, 26.4243087769, 26.9815864563, 27.527256012, 28.0729255676, 28.6069831848, 29.1410427094, 29.6751022339, 30.2091598511, 30.7548294067, 31.3004989624, 31.8345565796, 32.3802261353, 32.9258956909, 33.4599533081, 33.99401474, 34.539680481, 35.0853500366, 35.6194114685, 36.1534690857, 36.6875267029, 37.2215881348, 37.7672538757, 38.3129234314, 38.8469848633, 39.3926506042, 39.9383201599, 40.4839897156, 41.0296592712, 41.5637168884, 42.1326065063, 42.678276062, 43.2239456177, 43.7812232971, 44.3385009766]
},
"tonal": {
    "chords_changes_rate": 0.0679012313485,
    "chords_number_rate": 0.0123456791043,
    "chords_strength": {
        "mean": 0.49072521925,
        "var": 0.0103501891717
    },
    "hpcp_entropy": {
        "mean": 1.91334033012,
        "var": 0.523872852325
    },
    "key_strength": 0.589382827282,
    "tuning_diatonic_strength": 0.453596889973,
    "tuning_equal_tempered_deviation": 0.0345053635538,
    "tuning_frequency": 443.572570801,
    "tuning_nontempered_energy_ratio": 0.721577942371,
    "hpcp": {
        "mean": [0.261116206646, 0.16171450913, 0.0831061676145, 0.091326162219, 0.101179860532, 0.198831453919, 0.268924981356, 0.157321110368, 0.0838528126478, 0.097258888185, 0.0875009819865, 0.158259734511, 0.22935923934, 0.1538451612, 0.127872571349, 0.187157377601, 0.189016520977, 0.179774165154, 0.16074475646, 0.124234095216, 0.141509503126, 0.167321741581, 0.137739211321, 0.101982600987, 0.078267224133, 0.0604673735797, 0.093743994832, 0.120974726975, 0.0812276527286, 0.0535013303161, 0.0764537677169, 0.14181175828, 0.240777537227, 0.265071481466, 0.181085646152, 0.202624797821],
        "var": [0.119156442583, 0.0480284877121, 0.0274768583477, 0.0402948893607, 0.0340933315456, 0.0609787739813, 0.110126465559, 0.0408166311681, 0.022704705596, 0.0385693721473, 0.0251011326909, 0.0460698753595, 0.0940243303776, 0.0399349071085, 0.0358669497073, 0.0764253661036, 0.0749749988317, 0.0800548940897, 0.0625691860914, 0.0476515777409, 0.0508606508374, 0.0625193268061, 0.0537433922291, 0.0399982817471, 0.0294893570244, 0.0158187840134, 0.0281852371991, 0.0475507825613, 0.0224781427532, 0.0144677516073, 0.0281480941921, 0.0485637933016, 0.0871931836009, 0.0917409136891, 0.0517868772149, 0.0685721039772]
    },
    "chords_histogram": [18.41563797, 7.51028823853, 5.34979438782, 19.6502056122, 0, 0, 0, 2.57201647758, 0, 0.720164597034, 1.13168728352, 0, 0, 5.65843629837, 1.85185182095, 0, 0.925925910473, 6.48148155212, 0, 0.514403283596, 4.62962961197, 11.4197530746, 0.102880656719, 13.0658435822],
    "thpcp": [1, 0.584999978542, 0.311807453632, 0.361658066511, 0.325373202562, 0.588490247726, 0.852874398232, 0.572074651718, 0.47549533844, 0.695946395397, 0.702859640121, 0.668491899967, 0.597730875015, 0.461965620518, 0.526204407215, 0.622187435627, 0.512184500694, 0.379223227501, 0.291037380695, 0.224848479033, 0.3485879004, 0.449845641851, 0.302045762539, 0.198945179582, 0.284294039011, 0.527328312397, 0.895333468914, 0.985670745373, 0.673368632793, 0.753462135792, 0.970963001251, 0.60133689642, 0.309031039476, 0.339597165585, 0.376238226891, 0.739356577396],
    "chords_key": "G#",
    "chords_scale": "minor",
    "key_key": "A",
    "key_scale": "major"
}
}