{
"lowlevel": {
    "average_loudness": 0.983467459679,
    "barkbands_crest": {
        "mean": 10.6641302109,
        "var": 16.8214874268
    },
    "barkbands_flatness_db": {
        "mean": 0.168889179826,
        "var": 0.0050434502773
    },
    "barkbands_kurtosis": {
        "mean": 11.5343952179,
        "var": 373.442352295
    },
    "barkbands_skewness": {
        "mean": 2.25334811211,
        "var": 3.76214051247
    },
    "barkbands_spread": {
        "mean": 25.3005638123,
        "var": 564.112731934
    },
    "dissonance": {
        "mean": 0.447471320629,
        "var": 0.00244843098335
    },
    "dynamic_complexity": 1.96904599667,
    "erbbands_crest": {
        "mean": 10.1453170776,
        "var": 24.9662761688
    },
    "erbbands_flatness_db": {
        "mean": 0.151565119624,
        "var": 0.00237841531634
    },
    "erbbands_kurtosis": {
        "mean": 1.90723562241,
        "var": 26.6049137115
    },
    "erbbands_skewness": {
        "mean": 0.355204999447,
        "var": 1.74666309357
    },
    "erbbands_spread": {
        "mean": 53.5444145203,
        "var": 1236.06811523
    },
    "hfc": {
        "mean": 32.1730003357,
        "var": 1082.23278809
    },
    "melbands_crest": {
        "mean": 16.2342567444,
        "var": 33.26014328
    },
    "melbands_flatness_db": {
        "mean": 0.24839310348,
        "var": 0.00874058809131
    },
    "melbands_kurtosis": {
        "mean": 39.3708763123,
        "var": 3418.47631836
    },
    "melbands_skewness": {
        "mean": 4.14299917221,
        "var": 9.5402469635
    },
    "melbands_spread": {
        "mean": 23.2909431458,
        "var": 950.756591797
    },
    "pitch_salience": {
        "mean": 0.53182387352,
        "var": 0.0155850918964
    },
    "silence_rate_20dB": {
        "mean": 1,
        "var": 0
    },
    "silence_rate_30dB": {
        "mean": 0.972236514091,
        "var": 0.0269925352186
    },
    "silence_rate_60dB": {
        "mean": 0.020051414147,
        "var": 0.0196490194649
    },
    "spectral_centroid": {
        "mean": 1316.7298584,
        "var": 1049110.75
    },
    "spectral_complexity": {
        "mean": 14.9007711411,
        "var": 85.5832748413
    },
    "spectral_decrease": {
        "mean": -1.11267253189e-008,
        "var": 6.58881320157e-017
    },
    "spectral_energy": {
        "mean": 0.0449130497873,
        "var": 0.000965894025285
    },
    "spectral_energyband_high": {
        "mean": 0.00260084262118,
        "var": 1.84098171303e-005
    },
    "spectral_energyband_low": {
        "mean": 0.0233588702977,
        "var": 0.000672635622323
    },
    "spectral_energyband_middle_high": {
        "mean": 0.00390516617335,
        "var": 3.26393237629e-005
    },
    "spectral_energyband_middle_low": {
        "mean": 0.0191444531083,
        "var": 0.000361602171324
    },
    "spectral_entropy": {
        "mean": 7.50314664841,
        "var": 0.383038908243
    },
    "spectral_flux": {
        "mean": 0.140856683254,
        "var": 0.00462352670729
    },
    "spectral_kurtosis": {
        "mean": 3.93230056763,
        "var": 19.824338913
    },
    "spectral_rms": {
        "mean": 0.00622822204605,
        "var": 5.02680177306e-006
    },
    "spectral_rolloff": {
        "mean": 1663.81506348,
        "var": 5857103
    },
    "spectral_skewness": {
        "mean": 1.44300711155,
        "var": 0.555082559586
    },
    "spectral_spread": {
        "mean": 5750393,
        "var": 4.15763346227e+012
    },
    "spectral_strongpeak": {
        "mean": 0.847689449787,
        "var": 1.10102915764
    },
    "zerocrossingrate": {
        "mean": 0.0683463215828,
        "var": 0.00317861931399
    },
    "barkbands": {
        "mean": [0.00137028552126, 0.00906372163445, 0.00893714278936, 0.0066835959442, 0.00482114637271, 0.0017146258615, 0.00397332524881, 0.000673663045745, 0.0011169743957, 0.00118127930909, 0.000230065634241, 0.00045878358651, 0.000420432974352, 0.000277969404124, 0.000293132587103, 0.000261079898337, 0.000290780037176, 0.000176720379386, 0.000254658370977, 0.000309482566081, 0.000523348164279, 0.000632829149254, 0.000420971919084, 0.000327310262946, 0.000332755997078, 0.000160470852279, 6.47878141535e-006],
        "var": [2.80352651316e-006, 7.41409894545e-005, 0.000201785092941, 0.000186712219147, 3.89012129745e-005, 1.01505083876e-005, 4.87477991555e-005, 2.49158779297e-006, 1.01895129774e-005, 1.60852923727e-005, 8.2269110635e-007, 2.24134350901e-006, 1.12159898435e-006, 4.06500078043e-007, 4.38977650674e-007, 2.89809065634e-007, 3.74733701847e-007, 1.31042853013e-007, 2.8287843179e-007, 3.56586042471e-007, 8.48628360473e-007, 1.20778520341e-006, 5.99097404574e-007, 4.32240369719e-007, 6.93781601058e-007, 1.34066780788e-007, 4.79523643016e-010]
    },
    "erbbands": {
        "mean": [0.304973751307, 1.94785964489, 8.9310464859, 19.0538196564, 19.5361347198, 14.766992569, 7.99301624298, 17.4824810028, 62.8536148071, 24.1216545105, 21.7501983643, 26.7583961487, 25.7661342621, 26.4178028107, 13.7099542618, 18.9526176453, 19.3990325928, 15.2377996445, 15.175778389, 14.2364606857, 14.8179826736, 16.6404380798, 10.4725179672, 10.5641536713, 13.3724451065, 14.2919330597, 20.1555614471, 21.4285697937, 22.3416996002, 17.5537548065, 11.2598381042, 7.62240552902, 5.64857530594, 3.94987821579, 2.23443651199, 1.07719767094, 0.195969343185, 0.0267329327762, 0.000731033971533, 8.09762059362e-005],
        "var": [0.0740352794528, 5.27044677734, 181.980926514, 1317.63342285, 793.357788086, 471.609863281, 192.317581177, 847.412658691, 12201.2402344, 2418.5222168, 2246.99047852, 6635.86865234, 6194.8359375, 8407.01171875, 2467.11621094, 2893.95947266, 2118.25268555, 1119.64050293, 1153.48535156, 720.664489746, 850.198303223, 1167.41149902, 408.895233154, 578.211486816, 698.540405273, 851.469360352, 1219.86486816, 1504.70776367, 1482.54370117, 1201.02575684, 391.634857178, 220.267807007, 142.248550415, 93.8899383545, 33.0285835266, 6.13973283768, 0.234920307994, 0.00534164113924, 3.77223045689e-006, 5.69555247409e-009]
    },
    "gfcc": {
        "mean": [8.31181144714, 77.7982177734, -79.0926437378, 50.0221061707, -62.1388549805, 16.5673332214, -36.3608169556, 9.84380626678, -20.2792720795, 10.0083084106, -21.395570755, 4.04767417908, -13.8290987015],
        "cov": [[5015.25292969, -1429.27392578, -433.444335938, 392.251678467, -343.813446045, 241.25932312, -426.859344482, -57.5440788269, -243.566101074, 135.002166748, -144.977676392, -145.096038818, -189.134338379], [-1429.27392578, 2108.36108398, -250.476791382, -738.292297363, 320.077850342, -166.089294434, 212.255477905, -90.1800308228, 217.140579224, -177.206176758, 52.0969161987, -69.6734619141, 54.8741912842], [-433.444335938, -250.476791382, 1158.65197754, 557.59173584, -58.4760284424, 81.628616333, 60.5945777893, 38.22290802, -22.7995700836, -27.2198925018, -35.1304168701, 49.0311431885, 11.9328975677], [392.251678467, -738.292297363, 557.59173584, 1033.91430664, 39.6310195923, 47.5174407959, -120.182350159, 30.8967590332, -29.3744831085, -32.9431648254, 4.98939752579, 11.5999746323, -10.6794681549], [-343.813446045, 320.077850342, -58.4760284424, 39.6310195923, 459.702545166, 11.9147796631, 22.8816947937, 8.37393665314, 51.7018966675, -20.0806045532, -3.14342594147, 29.1190319061, 13.0785932541], [241.25932312, -166.089294434, 81.628616333, 47.5174407959, 11.9147796631, 387.729064941, 119.782035828, -5.54828739166, -25.5373973846, 22.1461372375, 21.6145420074, -19.4349632263, -23.1179351807], [-426.859344482, 212.255477905, 60.5945777893, -120.182350159, 22.8816947937, 119.782035828, 325.057067871, 53.9996070862, -6.30712890625, -20.858045578, 20.3916835785, 13.0686721802, 9.11249446869], [-57.5440788269, -90.1800308228, 38.22290802, 30.8967590332, 8.37393665314, -5.54828739166, 53.9996070862, 159.244018555, 50.8270797729, 15.0141353607, 16.8390331268, 26.0202350616, 24.6035022736], [-243.566101074, 217.140579224, -22.7995700836, -29.3744831085, 51.7018966675, -25.5373973846, -6.30712890625, 50.8270797729, 181.590866089, 39.6066131592, 32.8534965515, 22.3697929382, 20.8317813873], [135.002166748, -177.206176758, -27.2198925018, -32.9431648254, -20.0806045532, 22.1461372375, -20.858045578, 15.0141353607, 39.6066131592, 169.004379272, 48.8521232605, 27.2640686035, -6.59379386902], [-144.977676392, 52.0969161987, -35.1304168701, 4.98939752579, -3.14342594147, 21.6145420074, 20.3916835785, 16.8390331268, 32.8534965515, 48.8521232605, 139.938232422, 36.8348884583, -3.74791002274], [-145.096038818, -69.6734619141, 49.0311431885, 11.5999746323, 29.1190319061, -19.4349632263, 13.0686721802, 26.0202350616, 22.3697929382, 27.2640686035, 36.8348884583, 127.011993408, 17.2328281403], [-189.134338379, 54.8741912842, 11.9328975677, -10.6794681549, 13.0785932541, -23.1179351807, 9.11249446869, 24.6035022736, 20.8317813873, -6.59379386902, -3.74791002274, 17.2328281403, 80.9583129883]],
        "icov": [[0.00038571812911, -7.99472400104e-005, 0.000312188465614, -0.000288622512016, 0.000313338707201, -0.000420170777943, 0.000517671345733, -0.000405854050769, 0.000510771817062, -0.000476105953567, 0.000643844658043, -6.48156201351e-005, 0.000639081699774], [-7.99472400104e-005, 0.00223413459025, -0.000724938116036, 0.00178272405174, -0.00152788730338, 0.00124085973948, -0.00129386782646, 0.00235815765336, -0.0030537834391, 0.00294669554569, -0.00238408194855, 0.00215655611828, -0.000872560427524], [0.000312188465614, -0.000724938116036, 0.00179654848762, -0.00155318784527, 0.00102330883965, -0.000787597324234, 0.000203001138289, -0.000894518976565, 0.00115209736396, -0.00126311741769, 0.00185994640924, -0.00133545207791, 0.00058083771728], [-0.000288622512016, 0.00178272405174, -0.00155318784527, 0.00314716342837, -0.0016910211416, 0.000927012995817, -0.000283414847218, 0.00144517363515, -0.00229297904298, 0.00298639782704, -0.0028072965797, 0.00191000616178, -0.000811214849818], [0.000313338707201, -0.00152788730338, 0.00102330883965, -0.0016910211416, 0.0036527463235, -0.00125605904032, 0.000875544501469, -0.00153031537775, 0.00147616199683, -0.00183522643056, 0.00244490732439, -0.0022198355291, 0.000867879251018], [-0.000420170777943, 0.00124085973948, -0.000787597324234, 0.000927012995817, -0.00125605904032, 0.00430882489309, -0.00260355416685, 0.00209296285175, -0.0017539660912, 0.00118855712935, -0.00222849380225, 0.0019700883422, -0.000468381127575], [0.000517671345733, -0.00129386782646, 0.000203001138289, -0.000283414847218, 0.000875544501469, -0.00260355416685, 0.00588830839843, -0.00354979094118, 0.00287154875696, -0.00104385509621, 0.0011613231618, -0.00141376105603, 0.00108097458724], [-0.000405854050769, 0.00235815765336, -0.000894518976565, 0.00144517363515, -0.00153031537775, 0.00209296285175, -0.00354979094118, 0.0108082778752, -0.00560047244653, 0.00286517012864, -0.00287227449007, 0.00148195947986, -0.00303826667368], [0.000510771817062, -0.0030537834391, 0.00115209736396, -0.00229297904298, 0.00147616199683, -0.0017539660912, 0.00287154875696, -0.00560047244653, 0.0116387307644, -0.00561161199585, 0.00256944447756, -0.0027654862497, 0.000686065293849], [-0.000476105953567, 0.00294669554569, -0.00126311741769, 0.00298639782704, -0.00183522643056, 0.00118855712935, -0.00104385509621, 0.00286517012864, -0.00561161199585, 0.0116538368165, -0.0056397812441, 0.0016503125662, -0.000866071961354], [0.000643844658043, -0.00238408194855, 0.00185994640924, -0.0028072965797, 0.00244490732439, -0.00222849380225, 0.0011613231618, -0.00287227449007, 0.00256944447756, -0.0056397812441, 0.0125159705058, -0.00469708442688, 0.00264522759244], [-6.48156201351e-005, 0.00215655611828, -0.00133545207791, 0.00191000616178, -0.0022198355291, 0.0019700883422, -0.00141376105603, 0.00148195947986, -0.0027654862497, 0.0016503125662, -0.00469708442688, 0.0117985615507, -0.00241730944254], [0.000639081699774, -0.000872560427524, 0.00058083771728, -0.000811214849818, 0.000867879251018, -0.000468381127575, 0.00108097458724, -0.00303826667368, 0.000686065293849, -0.000866071961354, 0.00264522759244, -0.00241730944254, 0.0151615114883]]
    },
    "melbands": {
        "mean": [0.00263147475198, 0.00396788166836, 0.00328206084669, 0.00131985475309, 0.000309003575239, 0.000429712759797, 0.000907980196644, 0.000208493554965, 0.000199225629331, 0.000151839049067, 0.000136405433295, 0.00012424349552, 3.67453758372e-005, 4.9580965424e-005, 5.23864619026e-005, 3.767529779e-005, 2.65447615675e-005, 2.34648068727e-005, 2.22254129767e-005, 1.79545459105e-005, 1.67731013789e-005, 1.81246377906e-005, 1.25018141262e-005, 7.49304899728e-006, 8.31948182167e-006, 1.0921874491e-005, 8.38608229969e-006, 9.76071260084e-006, 1.2541320757e-005, 1.19995829664e-005, 1.26568065753e-005, 1.26209115479e-005, 1.23478312162e-005, 8.49952630233e-006, 5.73792294745e-006, 6.43805742584e-006, 4.22093717134e-006, 3.91492903873e-006, 3.71071087102e-006, 3.20668777931e-006],
        "var": [5.01405793329e-006, 3.00570518448e-005, 3.45957378158e-005, 2.91569222099e-006, 2.56219720995e-007, 5.28595592186e-007, 2.47294110522e-006, 2.02833049912e-007, 2.18072329972e-007, 2.34935114918e-007, 1.96378081796e-007, 1.99408489721e-007, 1.98690361941e-008, 3.54219764631e-008, 1.94026483769e-008, 8.10163225395e-009, 3.83439457963e-009, 3.13738901525e-009, 2.39372432986e-009, 1.50809331689e-009, 1.34750088865e-009, 1.56258761486e-009, 7.2984429611e-010, 2.55331339405e-010, 4.33602875827e-010, 4.99999819326e-010, 3.18636256269e-010, 4.24552698552e-010, 4.94613849877e-010, 4.55921439491e-010, 5.93317617259e-010, 4.78834361051e-010, 5.34398525431e-010, 3.36389388567e-010, 1.14444780042e-010, 1.35697494907e-010, 8.43300707043e-011, 6.90401347203e-011, 7.90041643217e-011, 6.6459851511e-011]
    },
    "mfcc": {
        "mean": [-645.434448242, 105.647155762, 35.2255020142, 36.8593559265, 4.09323358536, 13.3505458832, -3.87668013573, 3.08273792267, 4.81644392014, 0.731690168381, 2.03258800507, 3.04203915596, 1.13230526447],
        "cov": [[5440.24414063, -1605.29870605, -364.49899292, -129.670135498, 2.14537811279, 47.3052749634, -79.951423645, -300.209136963, -176.616699219, 41.0640792847, -60.6353149414, -34.892288208, -81.3703384399], [-1605.29870605, 2466.61914063, -631.760620117, -492.316345215, -106.842788696, -69.0471191406, -64.6549072266, 86.3173980713, 77.9713668823, -1.9926160574, -4.36216926575, 39.8221740723, -43.7415428162], [-364.49899292, -631.760620117, 1214.16503906, 385.334655762, 23.9161834717, 106.501708984, 70.8307495117, 91.3689346313, 15.9768610001, 22.0074214935, -26.070602417, -31.7751121521, 44.6104011536], [-129.670135498, -492.316345215, 385.334655762, 723.396606445, 253.570022583, -7.58238935471, -27.7940998077, 46.717086792, 16.7807750702, -61.3903923035, -22.9663887024, -7.47486305237, 38.4139175415], [2.14537811279, -106.842788696, 23.9161834717, 253.570022583, 407.23348999, 67.2008132935, -50.0186920166, 11.4110078812, 8.77220058441, -4.09471273422, -27.4329013824, 24.8035068512, 16.9710426331], [47.3052749634, -69.0471191406, 106.501708984, -7.58238935471, 67.2008132935, 295.880340576, 103.087127686, 45.0275688171, -2.32375645638, 21.8212337494, 33.7130851746, -9.75118350983, -13.0266628265], [-79.951423645, -64.6549072266, 70.8307495117, -27.7940998077, -50.0186920166, 103.087127686, 259.696716309, 83.6181106567, 8.68841648102, 16.9848003387, 29.7402992249, -24.3694496155, -5.6276345253], [-300.209136963, 86.3173980713, 91.3689346313, 46.717086792, 11.4110078812, 45.0275688171, 83.6181106567, 209.746307373, 54.8262329102, -4.20677518845, 7.72121810913, 20.1856975555, 4.18067884445], [-176.616699219, 77.9713668823, 15.9768610001, 16.7807750702, 8.77220058441, -2.32375645638, 8.68841648102, 54.8262329102, 148.242431641, 30.4699230194, -5.70486116409, -12.2057523727, 2.74399161339], [41.0640792847, -1.9926160574, 22.0074214935, -61.3903923035, -4.09471273422, 21.8212337494, 16.9848003387, -4.20677518845, 30.4699230194, 149.611953735, 27.1070632935, -2.20696926117, -0.20846799016], [-60.6353149414, -4.36216926575, -26.070602417, -22.9663887024, -27.4329013824, 33.7130851746, 29.7402992249, 7.72121810913, -5.70486116409, 27.1070632935, 132.940322876, 33.1680297852, 8.82056903839], [-34.892288208, 39.8221740723, -31.7751121521, -7.47486305237, 24.8035068512, -9.75118350983, -24.3694496155, 20.1856975555, -12.2057523727, -2.20696926117, 33.1680297852, 123.722198486, 49.64245224], [-81.3703384399, -43.7415428162, 44.6104011536, 38.4139175415, 16.9710426331, -13.0266628265, -5.6276345253, 4.18067884445, 2.74399161339, -0.20846799016, 8.82056903839, 49.64245224, 102.896751404]],
        "icov": [[0.000294879631838, 0.000251310062595, 0.000177751251613, 8.67108246894e-005, 3.65000341844e-005, -0.000125620834297, 8.33033773233e-005, 0.000173383828951, 0.000137985596666, -0.000128684638184, 0.000251639256021, -0.000129668507725, 0.000243222122663], [0.000251310062595, 0.000765498029068, 0.000345707376255, 0.000402955920435, -1.29822001327e-006, -5.8313311456e-005, 0.000291269185254, -0.000268936011707, -0.000113627887913, -2.41459588324e-006, 0.000259631255176, -0.000169044578797, 0.000305848981952], [0.000177751251613, 0.000345707376255, 0.00136762263719, -0.000657350581605, 0.000586858892348, -0.000618515710812, 0.000150885680341, -0.00039650441613, 0.000216064523556, -0.00059288792545, 0.000627441040706, 0.000161026560818, -0.000349165173247], [8.67108246894e-005, 0.000402955920435, -0.000657350581605, 0.00279448460788, -0.00173850322608, 0.000775730528403, 0.000164318538737, -0.000457238726085, -0.000282731285552, 0.0012033371022, -0.000568864808884, 0.000714752008207, -0.000391973473597], [3.65000341844e-005, -1.29822001327e-006, 0.000586858892348, -0.00173850322608, 0.00402082735673, -0.00160524470266, 0.000880549720023, -4.2450028559e-007, -7.22388540453e-006, -0.000816080137156, 0.00130389514379, -0.00107074552216, 8.04247702035e-006], [-0.000125620834297, -5.8313311456e-005, -0.000618515710812, 0.000775730528403, -0.00160524470266, 0.00483781797811, -0.00170341541525, -0.000398660515202, 0.000238400592934, 8.16517786006e-005, -0.0013619363308, 0.000479939393699, 0.000533692014869], [8.33033773233e-005, 0.000291269185254, 0.000150885680341, 0.000164318538737, 0.000880549720023, -0.00170341541525, 0.00576397404075, -0.00236416398548, 0.000572600052692, -0.000386309489841, -0.000708138977643, 0.00169232313056, -0.0006584575749], [0.000173383828951, -0.000268936011707, -0.00039650441613, -0.000457238726085, -4.2450028559e-007, -0.000398660515202, -0.00236416398548, 0.00729430094361, -0.00248523801565, 0.000749631144572, 0.000401971279643, -0.00246722949669, 0.00111296854448], [0.000137985596666, -0.000113627887913, 0.000216064523556, -0.000282731285552, -7.22388540453e-006, 0.000238400592934, 0.000572600052692, -0.00248523801565, 0.00847836118191, -0.00214135600254, 0.000447254569735, 0.00166628859006, -0.000836317543872], [-0.000128684638184, -2.41459588324e-006, -0.00059288792545, 0.0012033371022, -0.000816080137156, 8.16517786006e-005, -0.000386309489841, 0.000749631144572, -0.00214135600254, 0.00812451262027, -0.00194428022951, 0.000367025786545, -0.000138469738886], [0.000251639256021, 0.000259631255176, 0.000627441040706, -0.000568864808884, 0.00130389514379, -0.0013619363308, -0.000708138977643, 0.000401971279643, 0.000447254569735, -0.00194428022951, 0.00960827246308, -0.00323876016773, 0.000530200835783], [-0.000129668507725, -0.000169044578797, 0.000161026560818, 0.000714752008207, -0.00107074552216, 0.000479939393699, 0.00169232313056, -0.00246722949669, 0.00166628859006, 0.000367025786545, -0.00323876016773, 0.0125878918916, -0.00591996405274], [0.000243222122663, 0.000305848981952, -0.000349165173247, -0.000391973473597, 8.04247702035e-006, 0.000533692014869, -0.0006584575749, 0.00111296854448, -0.000836317543872, -0.000138469738886, 0.000530200835783, -0.00591996405274, 0.0131562082097]]
    },
    "spectral_contrast_coeffs": {
        "mean": [-0.639625191689, -0.701474487782, -0.777773320675, -0.785430312157, -0.78200596571, -0.736595630646],
        "var": [0.00991023145616, 0.00988966692239, 0.00638274941593, 0.00429080892354, 0.00232112337835, 0.00233155186288]
    },
    "spectral_contrast_valleys": {
        "mean": [-6.7863535881, -6.86066389084, -7.76347255707, -8.08645820618, -7.77483463287, -9.83460998535],
        "var": [0.786159396172, 0.630624234676, 0.621420443058, 0.793388962746, 0.853820979595, 1.60002171993]
    }
},
"metadata": {
    "audio_properties": {
        "analysis_sample_rate": 44100,
        "bit_rate": 128074,
        "equal_loudness": 0,
        "length": 45.139591217,
        "lossless": 0,
        "replay_gain": -5.59161376953,
        "sample_rate": 44100,
        "codec": "mp3",
        "downmix": "mix",
        "md5_encoded": "519b925a450bc4bd89803640af2eb469"
    },
    "tags": {
        "file_name": "1561.mp3",
        "album": ["It's Notherground Music!!"],
        "artist": ["It's Notherground Music!!"],
        "date": ["2009-05-05 16:49:07", "2009-05-05 16:49:07"],
        "genre": ["Hip-Hop"],
        "title": ["Let's Do It"],
        "tracknumber": ["8"]
    },
    "version": {
        "essentia": "2.1-beta2",
        "essentia_git_sha": "v2.1_beta2",
        "extractor": "music 1.0"
    }
},
"rhythm": {
    "beats_count": 70,
    "beats_loudness": {
        "mean": 0.0584571287036,
        "var": 0.000589169736486
    },
    "bpm": 94.1248626709,
    "bpm_histogram_first_peak_bpm": {
        "mean": 94,
        "var": 0
    },
    "bpm_histogram_first_peak_spread": {
        "mean": 0.308823555708,
        "var": 0
    },
    "bpm_histogram_first_peak_weight": {
        "mean": 0.681159436703,
        "var": 0
    },
    "bpm_histogram_second_peak_bpm": {
        "mean": 99,
        "var": 0
    },
    "bpm_histogram_second_peak_spread": {
        "mean": 0,
        "var": 0
    },
    "bpm_histogram_second_peak_weight": {
        "mean": 0.0144927538931,
        "var": 0
    },
    "danceability": 1.27023088932,
    "onset_rate": 4.82822132111,
    "beats_loudness_band_ratio": {
        "mean": [0.538204491138, 0.144365757704, 0.117287456989, 0.0259877610952, 0.0315250642598, 0.200129568577],
        "var": [0.0864148736, 0.0100673250854, 0.0211638305336, 0.00228437595069, 0.00188774894923, 0.0308675020933]
    },
    "beats_position": [0.592108845711, 1.19582760334, 1.8111563921, 2.43809509277, 3.06503391266, 3.70358276367, 4.34213161469, 4.98067998886, 5.61922883987, 6.24616765976, 6.8963265419, 7.53487491608, 8.17342376709, 8.80036258698, 9.45052146912, 10.0890703201, 10.7276191711, 11.354557991, 11.9931058884, 12.6316547394, 13.2818136215, 13.9087524414, 14.5589113235, 15.1974601746, 15.8360090256, 16.4745578766, 17.1131057739, 17.7400455475, 18.3785934448, 19.0171432495, 19.6556911469, 20.2942390442, 20.9327888489, 21.5713367462, 22.2098865509, 22.8484344482, 23.4985942841, 24.1255321503, 24.7756919861, 25.4142398834, 26.0527877808, 26.6797275543, 27.3182754517, 27.9568252563, 28.5953731537, 29.2339229584, 29.8724708557, 30.5110206604, 31.1495685577, 31.7881164551, 32.4382743835, 33.0884361267, 33.7153739929, 34.3423118591, 34.9808616638, 35.6194114685, 36.2579574585, 36.8965072632, 37.5234451294, 38.1619949341, 38.8005447388, 39.4390907288, 40.0776405334, 40.7161903381, 41.3547401428, 41.9932861328, 42.6318359375, 43.2703857422, 43.9089317322, 44.5474815369]
},
"tonal": {
    "chords_changes_rate": 0.161356627941,
    "chords_number_rate": 0.00822199415416,
    "chords_strength": {
        "mean": 0.480109721422,
        "var": 0.00490463199094
    },
    "hpcp_entropy": {
        "mean": 2.44585847855,
        "var": 0.638275265694
    },
    "key_strength": 0.467368155718,
    "tuning_diatonic_strength": 0.463136821985,
    "tuning_equal_tempered_deviation": 0.206144228578,
    "tuning_frequency": 434.193115234,
    "tuning_nontempered_energy_ratio": 0.847801089287,
    "hpcp": {
        "mean": [0.216637179255, 0.211398765445, 0.197760283947, 0.144919529557, 0.100498192012, 0.0887423679233, 0.0764091685414, 0.0610665306449, 0.0528940632939, 0.0554285757244, 0.0645647272468, 0.0953684449196, 0.161921977997, 0.190120607615, 0.143211513758, 0.113209813833, 0.136260464787, 0.181855022907, 0.1815726161, 0.127666369081, 0.0987053513527, 0.103574767709, 0.0977642610669, 0.221900373697, 0.348627090454, 0.194802388549, 0.0534785911441, 0.0656481459737, 0.0744262784719, 0.0783318057656, 0.0891143530607, 0.116908036172, 0.169162094593, 0.250434398651, 0.292364120483, 0.253996491432],
        "var": [0.0906174778938, 0.0977517589927, 0.0941016450524, 0.0644578412175, 0.0390478856862, 0.0339361540973, 0.0251238141209, 0.0185308810323, 0.0147806443274, 0.0164375100285, 0.0223029181361, 0.0293489713222, 0.0613557584584, 0.0762479826808, 0.0478368848562, 0.0394499003887, 0.0513288229704, 0.0821835696697, 0.0836465954781, 0.04307372123, 0.0323737189174, 0.0355123877525, 0.0367686152458, 0.0566073916852, 0.141685917974, 0.0440086871386, 0.0169136896729, 0.0251227971166, 0.0306226592511, 0.0273915920407, 0.0336521528661, 0.0513081438839, 0.0702490657568, 0.0956855937839, 0.109271168709, 0.0894016847014]
    },
    "chords_histogram": [32.7852020264, 0, 1.23329901695, 0, 0, 0, 3.08324766159, 28.4686527252, 0, 6.78314495087, 0, 0, 0.10277492553, 6.16649532318, 14.2857141495, 0, 0, 0, 0, 0, 0, 0.41109970212, 0, 6.68036985397],
    "thpcp": [1, 0.558770060539, 0.15339769423, 0.188304781914, 0.213483914733, 0.224686518312, 0.255615115166, 0.335338354111, 0.48522362113, 0.718344628811, 0.838615596294, 0.728562116623, 0.621400892735, 0.606375038624, 0.5672544837, 0.415686368942, 0.288268446922, 0.254548102617, 0.219171628356, 0.175162896514, 0.151721030474, 0.158991023898, 0.185197100043, 0.273554325104, 0.464456111193, 0.545340895653, 0.41078710556, 0.324730396271, 0.390848755836, 0.5216319561, 0.520821869373, 0.366197496653, 0.28312587738, 0.297093272209, 0.280426472425, 0.636497795582],
    "chords_key": "C#",
    "chords_scale": "minor",
    "key_key": "C#",
    "key_scale": "minor"
}
}