{
"lowlevel": {
    "average_loudness": 0.980460464954,
    "barkbands_crest": {
        "mean": 20.2201576233,
        "var": 17.8829174042
    },
    "barkbands_flatness_db": {
        "mean": 0.277283042669,
        "var": 0.011580100283
    },
    "barkbands_kurtosis": {
        "mean": 71.3071060181,
        "var": 7029.13378906
    },
    "barkbands_skewness": {
        "mean": 6.10139989853,
        "var": 14.8490333557
    },
    "barkbands_spread": {
        "mean": 16.9625492096,
        "var": 587.914978027
    },
    "dissonance": {
        "mean": 0.468981862068,
        "var": 0.000877601967659
    },
    "dynamic_complexity": 1.27106368542,
    "erbbands_crest": {
        "mean": 7.70534563065,
        "var": 13.4789333344
    },
    "erbbands_flatness_db": {
        "mean": 0.126950904727,
        "var": 0.00187349820044
    },
    "erbbands_kurtosis": {
        "mean": 1.64358377457,
        "var": 13.0261631012
    },
    "erbbands_skewness": {
        "mean": 0.101091504097,
        "var": 1.63171350956
    },
    "erbbands_spread": {
        "mean": 61.8048591614,
        "var": 1714.91955566
    },
    "hfc": {
        "mean": 35.6765823364,
        "var": 1578.85339355
    },
    "melbands_crest": {
        "mean": 30.4416179657,
        "var": 31.1766853333
    },
    "melbands_flatness_db": {
        "mean": 0.378808051348,
        "var": 0.0170182492584
    },
    "melbands_kurtosis": {
        "mean": 184.034957886,
        "var": 43180.9375
    },
    "melbands_skewness": {
        "mean": 9.62589645386,
        "var": 27.4792060852
    },
    "melbands_spread": {
        "mean": 9.72476196289,
        "var": 330.87677002
    },
    "pitch_salience": {
        "mean": 0.234198018909,
        "var": 0.014322691597
    },
    "silence_rate_20dB": {
        "mean": 1,
        "var": 0
    },
    "silence_rate_30dB": {
        "mean": 0.321318238974,
        "var": 0.218069523573
    },
    "silence_rate_60dB": {
        "mean": 0.00102986616548,
        "var": 0.00102881784551
    },
    "spectral_centroid": {
        "mean": 1380.62451172,
        "var": 1509841.875
    },
    "spectral_complexity": {
        "mean": 16.2173023224,
        "var": 227.285873413
    },
    "spectral_decrease": {
        "mean": -3.36431185133e-008,
        "var": 2.21698009631e-016
    },
    "spectral_energy": {
        "mean": 0.13021273911,
        "var": 0.00302734947763
    },
    "spectral_energyband_high": {
        "mean": 0.00300170807168,
        "var": 2.1402933271e-005
    },
    "spectral_energyband_low": {
        "mean": 0.1188044101,
        "var": 0.00324422121048
    },
    "spectral_energyband_middle_high": {
        "mean": 0.00250725401565,
        "var": 1.17866529763e-005
    },
    "spectral_energyband_middle_low": {
        "mean": 0.00654990039766,
        "var": 4.87227734993e-005
    },
    "spectral_entropy": {
        "mean": 7.56925201416,
        "var": 0.638954102993
    },
    "spectral_flux": {
        "mean": 0.0905208438635,
        "var": 0.00523724406958
    },
    "spectral_kurtosis": {
        "mean": 4.57469987869,
        "var": 28.4235858917
    },
    "spectral_rms": {
        "mean": 0.0110056679696,
        "var": 5.91210937273e-006
    },
    "spectral_rolloff": {
        "mean": 721.898071289,
        "var": 2641904.75
    },
    "spectral_skewness": {
        "mean": 1.58647012711,
        "var": 0.72829246521
    },
    "spectral_spread": {
        "mean": 6394505,
        "var": 9.69690578944e+012
    },
    "spectral_strongpeak": {
        "mean": 0.635693669319,
        "var": 0.0586174465716
    },
    "zerocrossingrate": {
        "mean": 0.0316756740212,
        "var": 0.00152100925334
    },
    "barkbands": {
        "mean": [0.0173702947795, 0.0992758721113, 0.00154311454389, 0.00321831507608, 0.00235970574431, 0.000421606615419, 0.000160577415954, 0.000125548875076, 0.000233806262258, 0.000158038645168, 0.000177553272806, 0.000149211264215, 0.000141691169119, 0.000149783139932, 0.000245659583015, 0.000251063116593, 0.000248028023634, 0.000337516830768, 0.000400026794523, 0.000513952807523, 0.00055436702678, 0.000616275123321, 0.000474356173072, 0.000409131316701, 0.000367681845091, 0.000291833450319, 1.78407517524e-005],
        "var": [0.000301976426272, 0.00224726879969, 2.20905239985e-005, 1.827014421e-005, 1.2479616089e-005, 1.1816487131e-006, 9.25006204966e-008, 5.74330591974e-008, 2.07541091868e-007, 5.2024628161e-008, 9.64600133102e-008, 7.6011041017e-008, 7.51265432086e-008, 6.92506247901e-008, 1.60252483283e-007, 1.84726232533e-007, 2.11241200532e-007, 4.20401590873e-007, 6.0198584606e-007, 9.18065779842e-007, 9.73973328655e-007, 1.0494164826e-006, 9.8965028883e-007, 4.14521366565e-007, 3.68945876517e-007, 2.37383773083e-007, 1.84496662392e-009]
    },
    "erbbands": {
        "mean": [4.95370912552, 13.796546936, 4.90727043152, 6.43020486832, 8.65336513519, 8.67272090912, 6.95400190353, 2.9611415863, 2.07093191147, 2.97600460052, 3.24765467644, 5.00327920914, 4.41482448578, 6.43840074539, 6.71758985519, 6.36594867706, 6.91303825378, 7.46984672546, 10.2876882553, 13.5716314316, 14.4276409149, 14.7296466827, 17.3758869171, 18.5946350098, 22.4156074524, 25.1086273193, 22.6192359924, 21.8571395874, 19.8881149292, 20.5572471619, 12.9671316147, 7.80871629715, 7.47426462173, 4.92887830734, 2.0833542347, 1.25650811195, 0.573996245861, 0.0800024345517, 0.00229076552205, 0.000209119418287],
        "var": [9.36143398285, 114.334365845, 48.2267951965, 84.0646209717, 119.35067749, 190.456192017, 230.419692993, 54.2933120728, 17.7680511475, 34.4290924072, 33.9030036926, 110.984344482, 61.6485519409, 66.4388275146, 115.782470703, 136.67565918, 173.826782227, 187.580993652, 284.773010254, 479.199310303, 610.417175293, 709.453613281, 1080.68151855, 1303.03491211, 1894.28503418, 2159.63989258, 1708.70092773, 1484.74719238, 1125.28735352, 1327.18615723, 931.359191895, 156.798706055, 143.985336304, 68.5430755615, 11.0095815659, 4.03815412521, 1.0772806406, 0.022729633376, 2.2282694772e-005, 1.60347148892e-008]
    },
    "gfcc": {
        "mean": [-5.06382131577, 68.266746521, -55.977897644, 57.2057113647, -27.3455982208, 37.0562171936, -16.1222801208, 16.871679306, -16.9286499023, 8.04149532318, -15.4964599609, 7.9185423851, -1.90107393265],
        "cov": [[5891.16650391, -3410.10644531, -1298.58251953, 1005.04467773, -485.208770752, 384.209289551, -487.840576172, 237.840316772, -360.629425049, 275.075286865, -227.503768921, 264.257659912, -297.227996826], [-3410.10644531, 3402.68383789, 529.81463623, -920.380310059, 305.261566162, -457.97555542, 384.285644531, -277.464630127, 355.690643311, -242.099182129, 267.831848145, -248.407440186, 258.31539917], [-1298.58251953, 529.81463623, 1444.79675293, -260.18939209, -210.495346069, -59.6186218262, -38.4498558044, -77.5852432251, 12.1994504929, 7.7045173645, -8.15432929993, 39.1048660278, -20.7807235718], [1005.04467773, -920.380310059, -260.18939209, 491.702056885, -53.3893318176, 43.2675628662, -114.999320984, 25.9265327454, -91.1868743896, 39.3025054932, -40.7750930786, 43.702091217, -40.6464538574], [-485.208770752, 305.261566162, -210.495346069, -53.3893318176, 285.573547363, 16.6354503632, 77.9574813843, -7.07265901566, 13.8916511536, -55.0672187805, 19.0459461212, -44.4614028931, 66.544631958], [384.209289551, -457.97555542, -59.6186218262, 43.2675628662, 16.6354503632, 219.452667236, 9.52351570129, 53.7201347351, -63.1622543335, 9.22196769714, -55.9681510925, 34.0233764648, -42.5364227295], [-487.840576172, 384.285644531, -38.4498558044, -114.999320984, 77.9574813843, 9.52351570129, 178.114562988, 17.179731369, 68.4218063354, -63.8256149292, 14.7611532211, -61.5767097473, 23.5131645203], [237.840316772, -277.464630127, -77.5852432251, 25.9265327454, -7.07265901566, 53.7201347351, 17.179731369, 128.743728638, 5.66048765182, 25.8395633698, -57.0510177612, -10.7828016281, -30.6435871124], [-360.629425049, 355.690643311, 12.1994504929, -91.1868743896, 13.8916511536, -63.1622543335, 68.4218063354, 5.66048765182, 128.105621338, -9.69066143036, 21.7221107483, -53.0788993835, 7.13999271393], [275.075286865, -242.099182129, 7.7045173645, 39.3025054932, -55.0672187805, 9.22196769714, -63.8256149292, 25.8395633698, -9.69066143036, 78.6848754883, -1.04377639294, 18.5848503113, -31.777223587], [-227.503768921, 267.831848145, -8.15432929993, -40.7750930786, 19.0459461212, -55.9681510925, 14.7611532211, -57.0510177612, 21.7221107483, -1.04377639294, 79.4848556519, 7.86956214905, 33.8734588623], [264.257659912, -248.407440186, 39.1048660278, 43.702091217, -44.4614028931, 34.0233764648, -61.5767097473, -10.7828016281, -53.0788993835, 18.5848503113, 7.86956214905, 99.7516860962, 21.5512104034], [-297.227996826, 258.31539917, -20.7807235718, -40.6464538574, 66.544631958, -42.5364227295, 23.5131645203, -30.6435871124, 7.13999271393, -31.777223587, 33.8734588623, 21.5512104034, 105.116973877]],
        "icov": [[0.000827972544357, -0.000223097289563, 0.000919605430681, -0.000759816844948, 0.00125010916963, -0.000589905888774, 0.000638279714622, -0.000177065725438, 0.000567137904, -0.000868116738275, 0.00137189077213, -0.00153083598707, 0.00112372741569], [-0.000223097289563, 0.00497459992766, -0.00128384295385, 0.00558837642893, -0.0012741870014, 0.00337332626805, -9.7490461485e-005, 0.00253626029007, -0.0029959382955, 0.00679280981421, -0.00797750614583, 0.00835805665702, -0.00490138726309], [0.000919605430681, -0.00128384295385, 0.00223265541717, -0.00131023162976, 0.00225720810704, -0.00104339898098, 0.000535295519512, 0.000239780012635, 0.00128001684789, -0.00259998906404, 0.00432475563139, -0.00389320426621, 0.00232057273388], [-0.000759816844948, 0.00558837642893, -0.00131023162976, 0.00967009644955, -0.00172725750599, 0.00427813408896, 0.000788627192378, 0.00283504999243, -0.00241716066375, 0.00819571968168, -0.00873131956905, 0.0098317656666, -0.00548680638894], [0.00125010916963, -0.0012741870014, 0.00225720810704, -0.00172725750599, 0.00843293592334, -0.00383808277547, 0.00178608810529, -0.00140026246663, 0.00217594997957, -0.00016475978191, 0.00135445746128, 0.000937425182201, -0.00208126427606], [-0.000589905888774, 0.00337332626805, -0.00104339898098, 0.00427813408896, -0.00383808277547, 0.0123317716643, -0.0061549381353, 0.00263245776296, 0.00133489328437, 0.00128033966757, 0.000873422366567, -0.000797245302238, 0.00123275292572], [0.000638279714622, -9.7490461485e-005, 0.000535295519512, 0.000788627192378, 0.00178608810529, -0.0061549381353, 0.0185667369515, -0.00763916084543, -0.00447319215164, 0.0135842477903, -0.00976603385061, 0.00721852853894, -0.00146875856444], [-0.000177065725438, 0.00253626029007, 0.000239780012635, 0.00283504999243, -0.00140026246663, 0.00263245776296, -0.00763916084543, 0.0194216053933, -0.00296187284403, -0.00832641124725, 0.0116609800607, 0.000912194896955, -0.0025280576665], [0.000567137904, -0.0029959382955, 0.00128001684789, -0.00241716066375, 0.00217594997957, 0.00133489328437, -0.00447319215164, -0.00296187284403, 0.0167231094092, -0.00758737092838, 0.0038394103758, -0.0016677089734, 0.00325918593444], [-0.000868116738275, 0.00679280981421, -0.00259998906404, 0.00819571968168, -0.00016475978191, 0.00128033966757, 0.0135842477903, -0.00832641124725, -0.00758737092838, 0.040216948837, -0.0265151374042, 0.0148652745411, -0.00316601642407], [0.00137189077213, -0.00797750614583, 0.00432475563139, -0.00873131956905, 0.00135445746128, 0.000873422366567, -0.00976603385061, 0.0116609800607, 0.0038394103758, -0.0265151374042, 0.0476894415915, -0.024202067405, 0.00735963927582], [-0.00153083598707, 0.00835805665702, -0.00389320426621, 0.0098317656666, 0.000937425182201, -0.000797245302238, 0.00721852853894, 0.000912194896955, -0.0016677089734, 0.0148652745411, -0.024202067405, 0.0399036593735, -0.0198754686862], [0.00112372741569, -0.00490138726309, 0.00232057273388, -0.00548680638894, -0.00208126427606, 0.00123275292572, -0.00146875856444, -0.0025280576665, 0.00325918593444, -0.00316601642407, 0.00735963927582, -0.0198754686862, 0.0250052623451]]
    },
    "melbands": {
        "mean": [0.0353286378086, 0.00757306162268, 0.00124148011673, 0.000573335506488, 0.000299704523059, 6.5972446464e-005, 3.30513139488e-005, 3.16569712595e-005, 2.95307527267e-005, 3.11671828968e-005, 2.16357566387e-005, 2.57754218183e-005, 2.50742759818e-005, 1.50618343469e-005, 1.82484727702e-005, 1.44694668052e-005, 1.31049800984e-005, 1.57463309733e-005, 1.7747779566e-005, 1.71983556356e-005, 1.70461134985e-005, 1.4726905647e-005, 1.61474490596e-005, 1.51955582623e-005, 1.48015951709e-005, 1.52639531734e-005, 1.69855757122e-005, 1.64551420312e-005, 1.39117964864e-005, 1.34595984491e-005, 1.24268717627e-005, 1.10902792585e-005, 1.1790316421e-005, 1.10538403533e-005, 8.68379811436e-006, 4.87884290123e-006, 4.42370492237e-006, 5.15052852279e-006, 5.28793907506e-006, 3.76936873181e-006],
        "var": [0.000319043407217, 5.37272790098e-005, 2.91291144094e-006, 5.5625321238e-007, 3.33604418756e-007, 2.85724830462e-008, 3.96868493624e-009, 3.78211240104e-009, 3.19675663718e-009, 3.80891229668e-009, 1.60127811011e-009, 1.13214659869e-009, 2.0005508361e-009, 5.69212899038e-010, 1.48892687069e-009, 6.61417864922e-010, 5.67755620295e-010, 7.29400428945e-010, 8.61882010206e-010, 8.34485036627e-010, 9.23022658306e-010, 7.39875327671e-010, 9.3366381293e-010, 8.93564888749e-010, 8.60831683713e-010, 9.23451204393e-010, 1.11100617595e-009, 9.34494259752e-010, 6.78357203743e-010, 6.13146033945e-010, 4.82207884733e-010, 3.68007263551e-010, 4.006815435e-010, 4.16235573786e-010, 5.48538992007e-010, 7.10179415275e-011, 5.39077671391e-011, 6.98075069971e-011, 8.50379003325e-011, 3.94643207002e-011]
    },
    "mfcc": {
        "mean": [-667.22052002, 103.498123169, 40.5227966309, 41.2358055115, 25.984369278, 30.2018203735, 20.5638751984, 18.134759903, 17.3020133972, 8.84955596924, 3.01686000824, 1.30514979362, 5.27639913559],
        "cov": [[6918.94042969, -4204.57128906, -1197.21838379, 164.29776001, -18.9601364136, 71.368270874, -57.7257995605, -22.3987007141, -174.283752441, -75.5070877075, 67.8465194702, 10.5152416229, -104.900276184], [-4204.57128906, 3803.30834961, 372.935394287, -222.464248657, -130.119781494, -132.502487183, -40.625705719, -35.1492424011, 70.3695526123, 65.0202484131, -29.7332935333, 36.1593093872, 40.722076416], [-1197.21838379, 372.935394287, 1244.48962402, -32.8773841858, -67.1185379028, -32.7870903015, -113.567146301, -58.5041618347, -71.740524292, -30.5455341339, -7.95029020309, -20.7974739075, 68.0978622437], [164.29776001, -222.464248657, -32.8773841858, 253.328216553, 35.5281066895, -21.967300415, -24.1871986389, -41.2419815063, -23.8184165955, -16.6485214233, -12.5602807999, -7.12042760849, -16.7371101379], [-18.9601364136, -130.119781494, -67.1185379028, 35.5281066895, 141.786804199, 42.3244667053, 37.1401596069, -6.59878730774, 9.49357128143, -23.9167175293, -20.1578063965, -21.6577129364, 2.2465698719], [71.368270874, -132.502487183, -32.7870903015, -21.967300415, 42.3244667053, 111.87688446, 51.4929962158, 34.2603721619, -10.2181739807, -12.5696315765, -19.4855499268, -11.9075374603, 0.731790184975], [-57.7257995605, -40.625705719, -113.567146301, -24.1871986389, 37.1401596069, 51.4929962158, 125.563919067, 53.6833457947, 36.616104126, -13.5308151245, -10.9088926315, -10.0200433731, -7.61748504639], [-22.3987007141, -35.1492424011, -58.5041618347, -41.2419815063, -6.59878730774, 34.2603721619, 53.6833457947, 105.593544006, 59.2910652161, 20.5854187012, -9.80980014801, -7.7566075325, 4.99615001678], [-174.283752441, 70.3695526123, -71.740524292, -23.8184165955, 9.49357128143, -10.2181739807, 36.616104126, 59.2910652161, 111.906822205, 50.9771347046, 6.34681367874, -4.37088298798, -0.362014591694], [-75.5070877075, 65.0202484131, -30.5455341339, -16.6485214233, -23.9167175293, -12.5696315765, -13.5308151245, 20.5854187012, 50.9771347046, 85.8050613403, 42.5624465942, 16.8627643585, -12.9696435928], [67.8465194702, -29.7332935333, -7.95029020309, -12.5602807999, -20.1578063965, -19.4855499268, -10.9088926315, -9.80980014801, 6.34681367874, 42.5624465942, 86.880531311, 36.0211105347, -28.1758098602], [10.5152416229, 36.1593093872, -20.7974739075, -7.12042760849, -21.6577129364, -11.9075374603, -10.0200433731, -7.7566075325, -4.37088298798, 16.8627643585, 36.0211105347, 52.7952461243, 4.59313964844], [-104.900276184, 40.722076416, 68.0978622437, -16.7371101379, 2.2465698719, 0.731790184975, -7.61748504639, 4.99615001678, -0.362014591694, -12.9696435928, -28.1758098602, 4.59313964844, 80.7138290405]],
        "icov": [[0.0008767551044, 0.000946022686549, 0.000763927178923, 0.000456516747363, 0.00098844722379, 0.00013656077499, 0.000931367219891, 0.00015403929865, 0.000705237791408, 0.000452572334325, -9.839975246e-005, 0.00013958690397, 0.000195539032575], [0.000946022686549, 0.00135090365075, 0.000712852110155, 0.000816400162876, 0.00117233151104, 0.000536807172466, 0.000760762603022, 0.00055327755399, 0.000579525192734, 7.50244435039e-005, 0.000640378217213, -0.000340460363077, 0.000373430375475], [0.000763927178923, 0.000712852110155, 0.00170062284451, 0.000407732586609, 0.00131128716748, -0.000241421497776, 0.00165970565286, 0.000232682999922, 0.000775386230089, 0.00101829285268, -0.00113490060903, 0.00151085318066, -0.000924189051148], [0.000456516747363, 0.000816400162876, 0.000407732586609, 0.00524132233113, -0.0009898400167, 0.00179148616735, 0.000774243846536, 0.00119660259224, 0.00100923003629, -0.000498206354678, 0.0021920746658, -0.000860314699821, 0.00167323322967], [0.00098844722379, 0.00117233151104, 0.00131128716748, -0.0009898400167, 0.0123115852475, -0.0051506604068, -0.000126511687995, 0.00534807471558, -0.00462347269058, 0.0043819276616, -0.00190964003559, 0.00368046155199, -0.0014500572579], [0.00013656077499, 0.000536807172466, -0.000241421497776, 0.00179148616735, -0.0051506604068, 0.0170370005071, -0.00550217973068, -0.00621665082872, 0.00959894433618, -0.00592091539875, 0.00447038607672, -0.000931128161028, 0.00104141584598], [0.000931367219891, 0.000760762603022, 0.00165970565286, 0.000774243846536, -0.000126511687995, -0.00550217973068, 0.016690172255, -0.00409371079877, -0.00540286442265, 0.00881482195109, -0.00325552420691, 0.000134059679112, 0.00171698024496], [0.00015403929865, 0.00055327755399, 0.000232682999922, 0.00119660259224, 0.00534807471558, -0.00621665082872, -0.00409371079877, 0.0209560096264, -0.0104797733948, -0.000224372386583, 0.00212021940388, 0.000798211432993, -0.00119148532394], [0.000705237791408, 0.000579525192734, 0.000775386230089, 0.00100923003629, -0.00462347269058, 0.00959894433618, -0.00540286442265, -0.0104797733948, 0.0257662013173, -0.0151327289641, 0.00332083180547, 0.00238940282725, -0.000933069968596], [0.000452572334325, 7.50244435039e-005, 0.00101829285268, -0.000498206354678, 0.0043819276616, -0.00592091539875, 0.00881482195109, -0.000224372386583, -0.0151327289641, 0.0294182915241, -0.012810616754, 0.000339574587997, 0.00053338217549], [-9.839975246e-005, 0.000640378217213, -0.00113490060903, 0.0021920746658, -0.00190964003559, 0.00447038607672, -0.00325552420691, 0.00212021940388, 0.00332083180547, -0.012810616754, 0.0282320268452, -0.0163545496762, 0.00927762407809], [0.00013958690397, -0.000340460363077, 0.00151085318066, -0.000860314699821, 0.00368046155199, -0.000931128161028, 0.000134059679112, 0.000798211432993, 0.00238940282725, 0.000339574587997, -0.0163545496762, 0.0330776870251, -0.00875681266189], [0.000195539032575, 0.000373430375475, -0.000924189051148, 0.00167323322967, -0.0014500572579, 0.00104141584598, 0.00171698024496, -0.00119148532394, -0.000933069968596, 0.00053338217549, 0.00927762407809, -0.00875681266189, 0.0176670961082]]
    },
    "spectral_contrast_coeffs": {
        "mean": [-0.658998548985, -0.772625684738, -0.796055078506, -0.81067186594, -0.82465672493, -0.77781277895],
        "var": [0.00358937564306, 0.00407001469284, 0.00317413709126, 0.00199695187621, 0.00108964729588, 0.00182175450027]
    },
    "spectral_contrast_valleys": {
        "mean": [-6.63239097595, -7.60794591904, -7.85817718506, -8.1222038269, -7.77302360535, -9.75476932526],
        "var": [0.519864559174, 0.652002155781, 0.665924608707, 1.0667154789, 1.71196329594, 2.00923371315]
    }
},
"metadata": {
    "audio_properties": {
        "analysis_sample_rate": 44100,
        "bit_rate": 128074,
        "equal_loudness": 0,
        "length": 45.0612258911,
        "lossless": 0,
        "replay_gain": -5.86951828003,
        "sample_rate": 44100,
        "codec": "mp3",
        "downmix": "mix",
        "md5_encoded": "eb12ad6aa9b7916c87264a91c02e52d7"
    },
    "tags": {
        "file_name": "1563.mp3"
    },
    "version": {
        "essentia": "2.1-beta2",
        "essentia_git_sha": "v2.1_beta2",
        "extractor": "music 1.0"
    }
},
"rhythm": {
    "beats_count": 71,
    "beats_loudness": {
        "mean": 0.093242995441,
        "var": 0.0033943450544
    },
    "bpm": 95.1062316895,
    "bpm_histogram_first_peak_bpm": {
        "mean": 96,
        "var": 0
    },
    "bpm_histogram_first_peak_spread": {
        "mean": 0.347826123238,
        "var": 0
    },
    "bpm_histogram_first_peak_weight": {
        "mean": 0.642857134342,
        "var": 0
    },
    "bpm_histogram_second_peak_bpm": {
        "mean": 101,
        "var": 0
    },
    "bpm_histogram_second_peak_spread": {
        "mean": 0,
        "var": 0
    },
    "bpm_histogram_second_peak_weight": {
        "mean": 0.0142857143655,
        "var": 0
    },
    "danceability": 1.61423909664,
    "onset_rate": 4.70258998871,
    "beats_loudness_band_ratio": {
        "mean": [0.738788962364, 0.046828892082, 0.00469061546028, 0.0157225169241, 0.047921307385, 0.152073398232],
        "var": [0.0696682110429, 0.0032556289807, 2.69909050985e-005, 0.000282333960058, 0.00301412679255, 0.022569257766]
    },
    "beats_position": [0.568888902664, 1.16099774837, 1.764716506, 2.38004541397, 3.01859402657, 3.64553284645, 4.27247142792, 4.8994102478, 5.54956912994, 6.17650794983, 6.80344676971, 7.4303855896, 8.05732440948, 8.68426322937, 9.33442115784, 9.96135997772, 10.5882987976, 11.2152376175, 11.8537864685, 12.4807252884, 13.1192741394, 13.7462129593, 14.3731517792, 15.0000905991, 15.6502494812, 16.2771873474, 16.904127121, 17.5310649872, 18.181224823, 18.8081626892, 19.4351024628, 20.0736503601, 20.7121982574, 21.339138031, 21.9660758972, 22.5930156708, 23.219953537, 23.8468933105, 24.4854412079, 25.1239910126, 25.7509288788, 26.3778686523, 27.0164165497, 27.6549663544, 28.2819042206, 28.9088420868, 29.5357818604, 30.1743297577, 30.8128795624, 31.4398174286, 32.0667572021, 32.6936950684, 33.3206329346, 33.9591827393, 34.5977325439, 35.2246704102, 35.8748283386, 36.5017662048, 37.1287078857, 37.755645752, 38.3825836182, 39.0095214844, 39.6480712891, 40.2866210938, 40.91355896, 41.5404968262, 42.1674385071, 42.7943763733, 43.432926178, 44.071472168, 44.6984100342]
},
"tonal": {
    "chords_changes_rate": 0.0679012313485,
    "chords_number_rate": 0.0133744860068,
    "chords_strength": {
        "mean": 0.414846330881,
        "var": 0.00759929697961
    },
    "hpcp_entropy": {
        "mean": 2.47462797165,
        "var": 0.829367876053
    },
    "key_strength": 0.619664609432,
    "tuning_diatonic_strength": 0.404951810837,
    "tuning_equal_tempered_deviation": 0.198853224516,
    "tuning_frequency": 434.193115234,
    "tuning_nontempered_energy_ratio": 0.801896154881,
    "hpcp": {
        "mean": [0.0175137370825, 0.0171636007726, 0.0167935099453, 0.015912014991, 0.0166059378535, 0.0227793417871, 0.0896996706724, 0.166677221656, 0.130652576685, 0.151648521423, 0.150418549776, 0.049150660634, 0.0178614370525, 0.0130561096594, 0.0135400444269, 0.0397190228105, 0.0602919943631, 0.0350256413221, 0.00983853172511, 0.00464639998972, 0.00692157400772, 0.0216372776777, 0.021947786212, 0.287192851305, 0.55179810524, 0.271545797586, 0.00320802116767, 0.0052926032804, 0.00633861450478, 0.00531985377893, 0.00766848772764, 0.00868319813162, 0.00842575076967, 0.0142911784351, 0.0215289425105, 0.0213119219989],
        "var": [0.00912500079721, 0.00918670278043, 0.00858973059803, 0.00899254065007, 0.00801958888769, 0.0123005416244, 0.0420496016741, 0.125922814012, 0.0597805529833, 0.104694493115, 0.110965587199, 0.0196306128055, 0.0104418881238, 0.00590506847948, 0.00468445941806, 0.0219752583653, 0.0483780801296, 0.0182464830577, 0.00239013135433, 0.000163344520843, 0.000150367050082, 0.000708696665242, 0.000754297885578, 0.06537117064, 0.244481995702, 0.0584792941809, 7.516691403e-005, 0.000163072487339, 0.000210626167245, 0.000206218086532, 0.00329589773901, 0.00449915789068, 0.00286740693264, 0.00719334650785, 0.0144861070439, 0.0133934309706]
    },
    "chords_histogram": [32.3045272827, 7.30452680588, 0, 1.74897122383, 2.57201647758, 15.9465017319, 0, 0, 1.33744859695, 0, 1.85185182095, 0, 4.11522626877, 0, 0, 9.87654304504, 0, 6.48148155212, 0, 3.08641982079, 0, 0, 10.3909463882, 2.98353910446],
    "thpcp": [1, 0.492110788822, 0.0058137588203, 0.00959155708551, 0.0114871989936, 0.00964094232768, 0.0138972708955, 0.0157361868769, 0.015269625932, 0.0258992891759, 0.0390159785748, 0.0386226810515, 0.0317393951118, 0.031104857102, 0.0304341558367, 0.0288366619498, 0.0300942286849, 0.0412820242345, 0.162558853626, 0.302061975002, 0.236776053905, 0.274826109409, 0.272597074509, 0.0890736281872, 0.0323695167899, 0.0236610267311, 0.0245380401611, 0.0719810798764, 0.109264589846, 0.0634754672647, 0.0178299490362, 0.008420471102, 0.0125436708331, 0.0392123088241, 0.0397750288248, 0.520467281342],
    "chords_key": "F",
    "chords_scale": "major",
    "key_key": "F",
    "key_scale": "major"
}
}