{
"lowlevel": {
    "average_loudness": 0.942473053932,
    "barkbands_crest": {
        "mean": 9.88147926331,
        "var": 21.3696269989
    },
    "barkbands_flatness_db": {
        "mean": 0.125508576632,
        "var": 0.00331066548824
    },
    "barkbands_kurtosis": {
        "mean": 5.88464164734,
        "var": 178.12562561
    },
    "barkbands_skewness": {
        "mean": 1.5791105032,
        "var": 2.63467669487
    },
    "barkbands_spread": {
        "mean": 23.1687793732,
        "var": 226.26852417
    },
    "dissonance": {
        "mean": 0.4421697855,
        "var": 0.00176175241359
    },
    "dynamic_complexity": 3.12458324432,
    "erbbands_crest": {
        "mean": 9.30331134796,
        "var": 21.1561431885
    },
    "erbbands_flatness_db": {
        "mean": 0.153131827712,
        "var": 0.00301887420937
    },
    "erbbands_kurtosis": {
        "mean": 1.10177791119,
        "var": 15.698135376
    },
    "erbbands_skewness": {
        "mean": 0.626170516014,
        "var": 0.85283011198
    },
    "erbbands_spread": {
        "mean": 42.9961929321,
        "var": 506.247070313
    },
    "hfc": {
        "mean": 23.2626743317,
        "var": 768.002380371
    },
    "melbands_crest": {
        "mean": 13.7346019745,
        "var": 39.029209137
    },
    "melbands_flatness_db": {
        "mean": 0.175786331296,
        "var": 0.00541360210627
    },
    "melbands_kurtosis": {
        "mean": 17.2275047302,
        "var": 1289.07653809
    },
    "melbands_skewness": {
        "mean": 2.67456579208,
        "var": 4.67980098724
    },
    "melbands_spread": {
        "mean": 28.1977138519,
        "var": 1034.48242188
    },
    "pitch_salience": {
        "mean": 0.554342806339,
        "var": 0.0213767066598
    },
    "silence_rate_20dB": {
        "mean": 1,
        "var": 0
    },
    "silence_rate_30dB": {
        "mean": 0.998455226421,
        "var": 0.00154241139535
    },
    "silence_rate_60dB": {
        "mean": 0.177651911974,
        "var": 0.146089434624
    },
    "spectral_centroid": {
        "mean": 1450.73303223,
        "var": 741528.0625
    },
    "spectral_complexity": {
        "mean": 13.99330616,
        "var": 87.2240371704
    },
    "spectral_decrease": {
        "mean": -5.7409526022e-009,
        "var": 3.72512980278e-017
    },
    "spectral_energy": {
        "mean": 0.0237777326256,
        "var": 0.000583053624723
    },
    "spectral_energyband_high": {
        "mean": 0.00132314744405,
        "var": 6.20602577328e-006
    },
    "spectral_energyband_low": {
        "mean": 0.00721072824672,
        "var": 0.000331361516146
    },
    "spectral_energyband_middle_high": {
        "mean": 0.00513963028789,
        "var": 5.21008769283e-005
    },
    "spectral_energyband_middle_low": {
        "mean": 0.011088478379,
        "var": 0.000138954768772
    },
    "spectral_entropy": {
        "mean": 7.52672481537,
        "var": 0.276805222034
    },
    "spectral_flux": {
        "mean": 0.10051125288,
        "var": 0.00443549314514
    },
    "spectral_kurtosis": {
        "mean": 4.13585710526,
        "var": 11.0391864777
    },
    "spectral_rms": {
        "mean": 0.00414689304307,
        "var": 6.00104658588e-006
    },
    "spectral_rolloff": {
        "mean": 2248.83007813,
        "var": 6032725
    },
    "spectral_skewness": {
        "mean": 1.57513153553,
        "var": 0.318037360907
    },
    "spectral_spread": {
        "mean": 5781145.5,
        "var": 5.37623841997e+012
    },
    "spectral_strongpeak": {
        "mean": 1.01721060276,
        "var": 1.11184227467
    },
    "zerocrossingrate": {
        "mean": 0.0691081434488,
        "var": 0.00399386370555
    },
    "barkbands": {
        "mean": [5.79410443606e-005, 0.00286229490303, 0.00360296713188, 0.00135340623092, 0.00160150695592, 0.00218801992014, 0.00197119405493, 0.00122403656133, 0.00215896544978, 0.00162067834754, 0.000680200115312, 0.000833773461636, 0.000625287240837, 0.000298857921734, 0.000323599932017, 0.000297536054859, 0.000266406364972, 0.000187808502233, 0.000173008171259, 0.00021441836725, 0.000185055439943, 0.000212023107451, 0.000223926806939, 0.000276525883237, 0.000216520042159, 0.000111126450065, 1.06237466753e-005],
        "var": [4.5432368978e-008, 7.50644394429e-005, 0.000141805125168, 1.41992486533e-005, 9.17345369089e-006, 1.53068867803e-005, 2.21342361328e-005, 7.65688764659e-006, 2.86125650746e-005, 1.20815584523e-005, 2.47394564212e-006, 3.87165482607e-006, 1.86398483493e-006, 3.92908333424e-007, 4.58282158888e-007, 4.52250674243e-007, 2.07876084346e-007, 1.38575103392e-007, 8.69479777066e-008, 1.24970796378e-007, 1.43995308122e-007, 2.20525393502e-007, 1.99131946488e-007, 6.35771073121e-007, 4.57633348105e-007, 6.54085496876e-008, 1.3946256372e-009]
    },
    "erbbands": {
        "mean": [0.0445111058652, 0.817030310631, 3.90629911423, 4.35621404648, 5.12472343445, 4.80236959457, 10.2341117859, 19.8202953339, 29.1004543304, 27.2536258698, 30.5962848663, 50.0474586487, 50.3575630188, 39.199382782, 30.4868125916, 34.7556495667, 30.2739238739, 16.8252010345, 14.0856933594, 18.2854595184, 17.0384693146, 14.2679195404, 10.8985614777, 8.75533485413, 10.5746297836, 10.0362119675, 8.16737270355, 6.84522247314, 7.56593227386, 6.87253713608, 6.39846944809, 5.33967065811, 4.83989286423, 2.44606804848, 1.5828397274, 0.602433800697, 0.176229774952, 0.0361960306764, 0.00126125407405, 5.97810358158e-005],
        "var": [0.0202584564686, 5.78635883331, 151.984985352, 136.161529541, 126.58908844, 113.528190613, 506.198760986, 1541.24291992, 4668.56494141, 3658.74047852, 4427.24658203, 15686.9375, 17196.5058594, 6444.46533203, 4463.76123047, 6569.50146484, 3848.82421875, 1278.99890137, 732.730041504, 1344.7902832, 1266.76867676, 589.803283691, 352.743652344, 331.736114502, 293.737121582, 278.960998535, 242.040145874, 279.19152832, 308.646972656, 178.312362671, 169.553970337, 161.070098877, 240.723526001, 52.3263549805, 29.5456676483, 2.44317913055, 0.156003072858, 0.00891979038715, 1.60599374794e-005, 8.20701906434e-009]
    },
    "gfcc": {
        "mean": [-15.0694255829, 49.0825462341, -112.949394226, 9.80793571472, -77.5161819458, 6.16739320755, -45.5898284912, 10.321518898, -28.101556778, 5.12767839432, -20.6134185791, 3.57408165932, -15.3606128693],
        "cov": [[7229.93359375, 451.530853271, 146.768600464, 233.959762573, 320.904602051, 399.273864746, 211.890350342, 49.1705589294, -37.1117744446, 30.0249290466, -8.26677036285, 12.3243255615, -72.3221740723], [451.530853271, 1691.45825195, 26.2961235046, 19.2172889709, 323.020324707, -131.840820313, 155.346694946, -13.2363233566, -21.537733078, -88.5895462036, 66.4645004272, -214.149429321, -87.6628723145], [146.768600464, 26.2961235046, 905.272949219, 572.488708496, 276.452667236, 229.931945801, 2.48972463608, 10.3077697754, 72.8221359253, 52.8571968079, -37.8370170593, -32.6111564636, -67.4240112305], [233.959762573, 19.2172889709, 572.488708496, 703.54864502, 328.738800049, 83.337852478, -72.3680267334, 24.40442276, 86.6313781738, 46.4868774414, -41.3354911804, -4.99366760254, -23.6739521027], [320.904602051, 323.020324707, 276.452667236, 328.738800049, 377.125335693, 142.674285889, 50.4902839661, 37.6991004944, 58.0766525269, 30.3532218933, -12.8826808929, -61.804233551, -40.5372390747], [399.273864746, -131.840820313, 229.931945801, 83.337852478, 142.674285889, 370.122314453, 174.111663818, 47.5218734741, 27.8810997009, 53.8393058777, -15.8548784256, -2.30239295959, -38.0122261047], [211.890350342, 155.346694946, 2.48972463608, -72.3680267334, 50.4902839661, 174.111663818, 272.252410889, 89.4570999146, -21.5590801239, -30.5955066681, 6.80091428757, -10.3872280121, -10.7982120514], [49.1705589294, -13.2363233566, 10.3077697754, 24.40442276, 37.6991004944, 47.5218734741, 89.4570999146, 150.144958496, 65.1730041504, -0.529581069946, -9.23359012604, -1.35200023651, 24.592628479], [-37.1117744446, -21.537733078, 72.8221359253, 86.6313781738, 58.0766525269, 27.8810997009, -21.5590801239, 65.1730041504, 152.674240112, 92.8946762085, 7.62564659119, -5.31510639191, 3.7979798317], [30.0249290466, -88.5895462036, 52.8571968079, 46.4868774414, 30.3532218933, 53.8393058777, -30.5955066681, -0.529581069946, 92.8946762085, 160.403701782, 68.8868942261, 20.170085907, -13.8672914505], [-8.26677036285, 66.4645004272, -37.8370170593, -41.3354911804, -12.8826808929, -15.8548784256, 6.80091428757, -9.23359012604, 7.62564659119, 68.8868942261, 138.378982544, 53.8734741211, 1.25584673882], [12.3243255615, -214.149429321, -32.6111564636, -4.99366760254, -61.804233551, -2.30239295959, -10.3872280121, -1.35200023651, -5.31510639191, 20.170085907, 53.8734741211, 172.96295166, 80.0222854614], [-72.3221740723, -87.6628723145, -67.4240112305, -23.6739521027, -40.5372390747, -38.0122261047, -10.7982120514, 24.592628479, 3.7979798317, -13.8672914505, 1.25584673882, 80.0222854614, 115.454406738]],
        "icov": [[0.000163305478054, -0.000134091314976, 0.000119942204037, -0.000132712593768, 8.63125824253e-005, -0.000333872099873, 0.000169088278199, -0.000190083184862, 0.000243516871706, -0.000148411010741, 0.000158288748935, -0.000213187347981, 0.000140203395858], [-0.000134091314976, 0.00185027893167, -0.000554135651328, 0.000943494553212, -0.00241387239657, 0.00247511547059, -0.00231238431297, 0.00192836357746, -0.00148867280222, 0.00153352331836, -0.00186609907541, 0.00185989739839, -0.0005045539001], [0.000119942204037, -0.000554135651328, 0.00319243781269, -0.00293844309635, 0.00154980726074, -0.00266794906929, 0.000876195670571, 8.85713743628e-005, -0.000236575797317, 0.000515109219123, -0.000214854211663, 9.10774833756e-005, 0.000653906667139], [-0.000132712593768, 0.000943494553212, -0.00293844309635, 0.00591277144849, -0.00488777970895, 0.00298100127839, 0.000145150755998, -0.000324576889398, -0.000286903174128, -0.000336762197549, 0.00108495145105, -0.00140194792766, 0.000406564126024], [8.63125824253e-005, -0.00241387239657, 0.00154980726074, -0.00488777970895, 0.00978523306549, -0.00538187101483, 0.00215811282396, -0.0016377234133, 0.00025267971796, -0.000388193147955, 4.18085983256e-005, 0.000893479620572, -0.000336132914526], [-0.000333872099873, 0.00247511547059, -0.00266794906929, 0.00298100127839, -0.00538187101483, 0.0108567690477, -0.00754904560745, 0.00266267452389, -0.000641562219243, -0.00290595158003, 0.00180085061584, -0.000214737141505, 0.000936336233281], [0.000169088278199, -0.00231238431297, 0.000876195670571, 0.000145150755998, 0.00215811282396, -0.00754904560745, 0.0123749598861, -0.00802012253553, 0.004432100337, 0.000719771021977, -0.000337857432896, -0.00174435414374, 0.00118299934547], [-0.000190083184862, 0.00192836357746, 8.85713743628e-005, -0.000324576889398, -0.0016377234133, 0.00266267452389, -0.00802012253553, 0.0165351070464, -0.0110212545842, 0.00604371959344, -0.00291753700003, 0.00305420719087, -0.003636976704], [0.000243516871706, -0.00148867280222, -0.000236575797317, -0.000286903174128, 0.00025267971796, -0.000641562219243, 0.004432100337, -0.0110212545842, 0.0199822951108, -0.0136125162244, 0.00572216743603, -0.00120828382205, -5.22646405443e-005], [-0.000148411010741, 0.00153352331836, 0.000515109219123, -0.000336762197549, -0.000388193147955, -0.00290595158003, 0.000719771021977, 0.00604371959344, -0.0136125162244, 0.0206580031663, -0.0111706517637, 0.00238124304451, 0.000390179542592], [0.000158288748935, -0.00186609907541, -0.000214854211663, 0.00108495145105, 4.18085983256e-005, 0.00180085061584, -0.000337857432896, -0.00291753700003, 0.00572216743603, -0.0111706517637, 0.0166448038071, -0.0077114822343, 0.00361058092676], [-0.000213187347981, 0.00185989739839, 9.10774833756e-005, -0.00140194792766, 0.000893479620572, -0.000214737141505, -0.00174435414374, 0.00305420719087, -0.00120828382205, 0.00238124304451, -0.0077114822343, 0.0147059857845, -0.00930952001363], [0.000140203395858, -0.0005045539001, 0.000653906667139, 0.000406564126024, -0.000336132914526, 0.000936336233281, 0.00118299934547, -0.003636976704, -5.22646405443e-005, 0.000390179542592, 0.00361058092676, -0.00930952001363, 0.0163688044995]]
    },
    "melbands": {
        "mean": [0.00060813408345, 0.00174230453558, 0.000814943574369, 0.000350950605934, 0.000325029162923, 0.000449232873507, 0.000434707471868, 0.000287524511805, 0.000277011073194, 0.000307395268464, 0.000249948032433, 0.000164275421412, 0.000100109886262, 8.95581397344e-005, 9.51034598984e-005, 4.67322315671e-005, 3.00545016216e-005, 2.18884797505e-005, 2.4227098038e-005, 2.25813309953e-005, 1.93157356989e-005, 1.4846632439e-005, 1.21306329675e-005, 9.15781038202e-006, 6.61010608383e-006, 6.83836196913e-006, 8.52025368658e-006, 6.04075830779e-006, 5.40014798389e-006, 4.26851693192e-006, 3.75374111172e-006, 4.44558827439e-006, 3.88751641367e-006, 3.76924845114e-006, 3.76111529476e-006, 3.33548746312e-006, 3.28616556544e-006, 3.54428243554e-006, 2.74556600743e-006, 1.83606869086e-006],
        "var": [3.47939726453e-006, 2.55039594776e-005, 3.8233106352e-006, 5.41213694305e-007, 4.27901426292e-007, 7.33582737666e-007, 1.00684815152e-006, 3.89214932284e-007, 3.78139333179e-007, 6.2165804593e-007, 4.3039801767e-007, 1.22861621321e-007, 5.19956380174e-008, 4.87583378117e-008, 4.43648460191e-008, 1.14094911297e-008, 4.36345315435e-009, 1.91874183209e-009, 2.75718381459e-009, 2.44332931665e-009, 1.73718606167e-009, 7.31831040213e-010, 4.04530020592e-010, 4.49111164924e-010, 2.1714736953e-010, 1.35315994521e-010, 2.07942191244e-010, 1.10355349858e-010, 1.10859772751e-010, 7.71161259849e-011, 1.16227513725e-010, 1.48443590753e-010, 5.36413205521e-011, 6.06089831101e-011, 6.41352110309e-011, 4.88070521498e-011, 7.50179710018e-011, 1.27251043036e-010, 7.96928842361e-011, 3.26598852129e-011]
    },
    "mfcc": {
        "mean": [-664.334411621, 93.2228775024, 6.62897396088, 2.62615132332, -10.2141256332, -9.38866329193, -10.4160842896, -3.38237047195, -5.29885387421, 0.284016996622, -6.14966917038, -1.97939920425, -0.0601054504514],
        "cov": [[6826.98339844, 389.719726563, -120.427658081, 55.7175865173, 123.040000916, 328.042327881, 318.391571045, 204.010421753, 74.6495437622, 24.5128116608, 50.2289619446, 81.4041595459, 25.0073127747], [389.719726563, 1554.4005127, -202.054000854, 43.5525817871, -12.3780956268, -45.9638252258, 204.656219482, 34.3061294556, -84.8259277344, 85.8825378418, -0.287426352501, -39.1238098145, 51.6292266846], [-120.427658081, -202.054000854, 703.132263184, 291.426055908, 265.62890625, 249.193130493, 57.3124008179, 43.3260765076, 64.9057846069, 32.607219696, 86.9667358398, 35.0686950684, 12.031504631], [55.7175865173, 43.5525817871, 291.426055908, 600.897216797, 368.834106445, 98.9434967041, -24.9586448669, 14.6269874573, 41.2138824463, 13.3981113434, 15.0256118774, 5.87431526184, 15.6947107315], [123.040000916, -12.3780956268, 265.62890625, 368.834106445, 451.097564697, 199.672363281, -3.2760848999, 1.09031248093, 66.5909729004, 72.308555603, 71.6590576172, 34.4548683167, 11.6137561798], [328.042327881, -45.9638252258, 249.193130493, 98.9434967041, 199.672363281, 358.438598633, 138.439834595, 45.9446640015, 61.4415740967, 51.3382301331, 114.132362366, 44.3064880371, -13.7541332245], [318.391571045, 204.656219482, 57.3124008179, -24.9586448669, -3.2760848999, 138.439834595, 291.050598145, 143.573181152, 38.0346755981, 27.7704734802, 36.453212738, 11.2387151718, 2.64772582054], [204.010421753, 34.3061294556, 43.3260765076, 14.6269874573, 1.09031248093, 45.9446640015, 143.573181152, 203.177490234, 96.8893661499, 9.60563087463, -4.64591884613, -11.6056346893, 10.0120363235], [74.6495437622, -84.8259277344, 64.9057846069, 41.2138824463, 66.5909729004, 61.4415740967, 38.0346755981, 96.8893661499, 184.937911987, 72.7160873413, 9.53966903687, -2.2703576088, -13.9149217606], [24.5128116608, 85.8825378418, 32.607219696, 13.3981113434, 72.308555603, 51.3382301331, 27.7704734802, 9.60563087463, 72.7160873413, 175.20401001, 87.111328125, 0.91537386179, -3.28881645203], [50.2289619446, -0.287426352501, 86.9667358398, 15.0256118774, 71.6590576172, 114.132362366, 36.453212738, -4.64591884613, 9.53966903687, 87.111328125, 163.92980957, 65.7457809448, 6.15020465851], [81.4041595459, -39.1238098145, 35.0686950684, 5.87431526184, 34.4548683167, 44.3064880371, 11.2387151718, -11.6056346893, -2.2703576088, 0.91537386179, 65.7457809448, 125.091316223, 44.1275520325], [25.0073127747, 51.6292266846, 12.031504631, 15.6947107315, 11.6137561798, -13.7541332245, 2.64772582054, 10.0120363235, -13.9149217606, -3.28881645203, 6.15020465851, 44.1275520325, 97.8525161743]],
        "icov": [[0.000166740675922, -2.55137947534e-005, 0.00011405062105, -3.86497340514e-005, 7.42442489354e-006, -0.000222744798521, -2.61855420831e-005, -0.00014235159324, 4.60864503111e-005, -3.13349082717e-005, 0.000117065421364, -0.000144421195728, 9.37945696933e-006], [-2.55137947534e-005, 0.000946783518884, 0.000333572505042, -0.000312059215503, -4.83448930026e-005, 0.000261050357949, -0.00102644891012, 0.000257423118455, 0.00066555570811, -0.00078348669922, 0.000176948989974, 0.000393276073737, -0.000560283253435], [0.00011405062105, 0.000333572505042, 0.00251445826143, -0.000976168899797, -5.44327958778e-005, -0.0013602176914, -0.000171499676071, -0.000159978924785, -2.59249936789e-005, 9.24354317249e-005, -0.000424550846219, 0.00031526121893, -0.000637533317786], [-3.86497340514e-005, -0.000312059215503, -0.000976168899797, 0.00415132893249, -0.00359195098281, 0.00131015945226, 0.000249957287451, -0.0004233730142, -0.000137842318509, 0.00120333523955, -8.48713170853e-005, 0.000471668783575, 8.92139141797e-005], [7.42442489354e-006, -4.83448930026e-005, -5.44327958778e-005, -0.00359195098281, 0.00697528244928, -0.00326379132457, 0.00146924250294, 0.000133872570586, -0.000237438638578, -0.0021794969216, 0.000844200141728, -0.000996077083983, -0.000444545730716], [-0.000222744798521, 0.000261050357949, -0.0013602176914, 0.00131015945226, -0.00326379132457, 0.00787314400077, -0.00391428684816, 0.00217365985736, -0.0020790817216, 0.00251152482815, -0.00410430785269, 0.00101360399276, 0.00084345106734], [-2.61855420831e-005, -0.00102644891012, -0.000171499676071, 0.000249957287451, 0.00146924250294, -0.00391428684816, 0.00910684186965, -0.00665119010955, 0.00263650692068, -0.00180241698399, 0.0014563362347, -0.00188891775906, 0.00131344597321], [-0.00014235159324, 0.000257423118455, -0.000159978924785, -0.0004233730142, 0.000133872570586, 0.00217365985736, -0.00665119010955, 0.0129672596231, -0.00745055545121, 0.00383257959038, -0.00243751564994, 0.00348478718661, -0.00321801099926], [4.60864503111e-005, 0.00066555570811, -2.59249936789e-005, -0.000137842318509, -0.000237438638578, -0.0020790817216, 0.00263650692068, -0.00745055545121, 0.0126887559891, -0.00741250440478, 0.0052251429297, -0.00340151204728, 0.00285006617196], [-3.13349082717e-005, -0.00078348669922, 9.24354317249e-005, 0.00120333523955, -0.0021794969216, 0.00251152482815, -0.00180241698399, 0.00383257959038, -0.00741250440478, 0.0139625482261, -0.00950133148581, 0.00535442540422, -0.00191690586507], [0.000117065421364, 0.000176948989974, -0.000424550846219, -8.48713170853e-005, 0.000844200141728, -0.00410430785269, 0.0014563362347, -0.00243751564994, 0.0052251429297, -0.00950133148581, 0.0164249539375, -0.00844573974609, 0.00267547625117], [-0.000144421195728, 0.000393276073737, 0.00031526121893, 0.000471668783575, -0.000996077083983, 0.00101360399276, -0.00188891775906, 0.00348478718661, -0.00340151204728, 0.00535442540422, -0.00844573974609, 0.0153204072267, -0.00701156072319], [9.37945696933e-006, -0.000560283253435, -0.000637533317786, 8.92139141797e-005, -0.000444545730716, 0.00084345106734, 0.00131344597321, -0.00321801099926, 0.00285006617196, -0.00191690586507, 0.00267547625117, -0.00701156072319, 0.0143764326349]]
    },
    "spectral_contrast_coeffs": {
        "mean": [-0.613442122936, -0.684693574905, -0.72923630476, -0.749453783035, -0.754581093788, -0.757699549198],
        "var": [0.0118654621765, 0.00878427829593, 0.00745681207627, 0.00429360382259, 0.00325043126941, 0.00228534569032]
    },
    "spectral_contrast_valleys": {
        "mean": [-8.56249523163, -7.12666320801, -7.75755405426, -8.29786491394, -8.17318344116, -10.3045816422],
        "var": [1.97038507462, 1.42394912243, 1.60172986984, 1.33702301979, 1.25561189651, 1.46472394466]
    }
},
"metadata": {
    "audio_properties": {
        "analysis_sample_rate": 44100,
        "bit_rate": 128074,
        "equal_loudness": 0,
        "length": 45.0612258911,
        "lossless": 0,
        "replay_gain": -6.18995666504,
        "sample_rate": 44100,
        "codec": "mp3",
        "downmix": "mix",
        "md5_encoded": "154f23fe3ceb40c88c56e135c293b099"
    },
    "tags": {
        "file_name": "1564.mp3"
    },
    "version": {
        "essentia": "2.1-beta2",
        "essentia_git_sha": "v2.1_beta2",
        "extractor": "music 1.0"
    }
},
"rhythm": {
    "beats_count": 111,
    "beats_loudness": {
        "mean": 0.0498150773346,
        "var": 0.000804972252809
    },
    "bpm": 150.140518188,
    "bpm_histogram_first_peak_bpm": {
        "mean": 152,
        "var": 0
    },
    "bpm_histogram_first_peak_spread": {
        "mean": 0.443298965693,
        "var": 0
    },
    "bpm_histogram_first_peak_weight": {
        "mean": 0.490909099579,
        "var": 0
    },
    "bpm_histogram_second_peak_bpm": {
        "mean": 144,
        "var": 0
    },
    "bpm_histogram_second_peak_spread": {
        "mean": 0.454545468092,
        "var": 0
    },
    "bpm_histogram_second_peak_weight": {
        "mean": 0.0545454546809,
        "var": 0
    },
    "danceability": 1.36013233662,
    "onset_rate": 5.27932262421,
    "beats_loudness_band_ratio": {
        "mean": [0.442899763584, 0.152833253145, 0.197207733989, 0.134466990829, 0.0575836710632, 0.0584770105779],
        "var": [0.121769890189, 0.0233182776719, 0.03163215518, 0.0242469199002, 0.00383996660821, 0.00408408138901]
    },
    "beats_position": [0.429569154978, 0.882358253002, 1.30031740665, 1.70666658878, 2.11301589012, 2.50775504112, 2.90249419212, 3.30884337425, 3.7151927948, 4.1099319458, 4.5046710968, 4.8994102478, 5.30575942993, 5.71210861206, 6.10684776306, 6.5015873909, 6.90793657303, 7.31428575516, 7.70902490616, 8.10376358032, 8.51011276245, 8.91646194458, 9.31120204926, 9.70594120026, 10.1006803513, 10.5186395645, 10.9133787155, 11.3081178665, 11.7028570175, 12.0975961685, 12.5039453506, 12.9102945328, 13.3050336838, 13.722992897, 14.1525621414, 14.5589113235, 14.9536504745, 15.3599996567, 15.7547388077, 16.1378688812, 16.5326080322, 16.9273471832, 17.3220863342, 17.7168254852, 18.1463947296, 18.575963974, 18.9939231873, 19.4234924316, 19.8414516449, 20.2594108582, 20.6889801025, 21.0953292847, 21.5016784668, 21.8964176178, 22.3027667999, 22.7091159821, 23.1038551331, 23.5102043152, 23.9049434662, 24.3112926483, 24.7060317993, 25.1007709503, 25.4955101013, 25.9018592834, 26.2965984344, 26.7029476166, 27.0976867676, 27.5040359497, 27.9103851318, 28.3051242828, 28.6998634338, 29.106212616, 29.5125617981, 29.9073009491, 30.3020401001, 30.7083892822, 31.1147384644, 31.5094776154, 31.9042167664, 32.2989578247, 32.7053070068, 33.111656189, 33.5063934326, 33.901134491, 34.3074836731, 34.7138328552, 35.1085700989, 35.5033111572, 35.8980484009, 36.304397583, 36.7107467651, 37.1054878235, 37.5002250671, 37.9065742493, 38.3129234314, 38.7076644897, 39.1024017334, 39.5087509155, 39.9151000977, 40.309841156, 40.7045783997, 41.099319458, 41.5056686401, 41.9120178223, 42.3067550659, 42.713104248, 43.1194534302, 43.5141944885, 43.9089317322, 44.3036727905, 44.7100219727]
},
"tonal": {
    "chords_changes_rate": 0.118312753737,
    "chords_number_rate": 0.0133744860068,
    "chords_strength": {
        "mean": 0.509360909462,
        "var": 0.00624232180417
    },
    "hpcp_entropy": {
        "mean": 1.94547486305,
        "var": 0.579248607159
    },
    "key_strength": 0.707559466362,
    "tuning_diatonic_strength": 0.467863738537,
    "tuning_equal_tempered_deviation": 0.0935616642237,
    "tuning_frequency": 441.017791748,
    "tuning_nontempered_energy_ratio": 0.714162051678,
    "hpcp": {
        "mean": [0.284618020058, 0.166086882353, 0.0982600674033, 0.0953674539924, 0.0853581055999, 0.118760973215, 0.140960291028, 0.110906437039, 0.126823693514, 0.13784147799, 0.0979722812772, 0.100112304091, 0.112547397614, 0.102039679885, 0.149038538337, 0.189280390739, 0.145546868443, 0.12229141593, 0.134699106216, 0.142208084464, 0.256502658129, 0.316101551056, 0.192468866706, 0.118793554604, 0.109369836748, 0.102988988161, 0.132832884789, 0.139369443059, 0.111536346376, 0.153453245759, 0.195245876908, 0.138074472547, 0.133587777615, 0.168850630522, 0.152192339301, 0.237033560872],
        "var": [0.118093237281, 0.0416099987924, 0.0308204516768, 0.0313938334584, 0.0292546469718, 0.031275421381, 0.040462911129, 0.0277296137065, 0.0365183241665, 0.048202238977, 0.0273209828883, 0.0261611714959, 0.0379930958152, 0.0307149384171, 0.0488901287317, 0.0843088105321, 0.0513404496014, 0.0427605621517, 0.0498450212181, 0.0498203076422, 0.0843414962292, 0.131342917681, 0.0586056858301, 0.0497399196029, 0.0486497692764, 0.0425787419081, 0.0535975880921, 0.062365245074, 0.040751516819, 0.0544748492539, 0.100881569088, 0.0451636984944, 0.0462939850986, 0.0806601420045, 0.0499018542469, 0.0853736922145]
    },
    "chords_histogram": [15.3292179108, 5.14403295517, 10.8024692535, 10.0823049545, 0, 0.102880656719, 0, 0, 0, 0, 3.08641982079, 4.11522626877, 0, 2.26337456703, 0, 3.80658435822, 0.308641970158, 15.843621254, 12.2427988052, 1.23456788063, 1.85185182095, 0.205761313438, 13.1687240601, 0.411522626877],
    "thpcp": [1, 0.608883023262, 0.375808209181, 0.345995873213, 0.325809806585, 0.420222193003, 0.440900862217, 0.352849721909, 0.485455542803, 0.61766821146, 0.436804145575, 0.4226103127, 0.534165799618, 0.481466591358, 0.749865233898, 0.900400578976, 0.52542257309, 0.310849696398, 0.301698774099, 0.270033806562, 0.375705122948, 0.445933550596, 0.350856989622, 0.401211857796, 0.436067074537, 0.309939265251, 0.316709309816, 0.356048226357, 0.322806626558, 0.471489429474, 0.598796129227, 0.460443377495, 0.386873811483, 0.42612606287, 0.449881017208, 0.811456501484],
    "chords_key": "A",
    "chords_scale": "minor",
    "key_key": "A",
    "key_scale": "major"
}
}