{
"lowlevel": {
    "average_loudness": 0.905121266842,
    "barkbands_crest": {
        "mean": 15.6952962875,
        "var": 43.4846420288
    },
    "barkbands_flatness_db": {
        "mean": 0.301214367151,
        "var": 0.0228327829391
    },
    "barkbands_kurtosis": {
        "mean": 68.5172958374,
        "var": 82231.0078125
    },
    "barkbands_skewness": {
        "mean": 3.77327418327,
        "var": 28.9463596344
    },
    "barkbands_spread": {
        "mean": 7.97221040726,
        "var": 71.7548675537
    },
    "dissonance": {
        "mean": 0.434827029705,
        "var": 0.00335556338541
    },
    "dynamic_complexity": 2.69195866585,
    "erbbands_crest": {
        "mean": 13.7891979218,
        "var": 39.1036720276
    },
    "erbbands_flatness_db": {
        "mean": 0.239499688148,
        "var": 0.004907598719
    },
    "erbbands_kurtosis": {
        "mean": 5.48926353455,
        "var": 227.882644653
    },
    "erbbands_skewness": {
        "mean": 0.99821716547,
        "var": 2.68973755836
    },
    "erbbands_spread": {
        "mean": 21.9022445679,
        "var": 282.514923096
    },
    "hfc": {
        "mean": 17.2373218536,
        "var": 491.455352783
    },
    "melbands_crest": {
        "mean": 20.8012752533,
        "var": 75.7496490479
    },
    "melbands_flatness_db": {
        "mean": 0.386958062649,
        "var": 0.0341818705201
    },
    "melbands_kurtosis": {
        "mean": 47.6259269714,
        "var": 10257.2773438
    },
    "melbands_skewness": {
        "mean": 3.50205802917,
        "var": 11.089635849
    },
    "melbands_spread": {
        "mean": 10.3403377533,
        "var": 128.29826355
    },
    "pitch_salience": {
        "mean": 0.376633673906,
        "var": 0.0524617210031
    },
    "silence_rate_20dB": {
        "mean": 1,
        "var": 0
    },
    "silence_rate_30dB": {
        "mean": 0.769309997559,
        "var": 0.177474409342
    },
    "silence_rate_60dB": {
        "mean": 0.00463439757004,
        "var": 0.00461289985105
    },
    "spectral_centroid": {
        "mean": 731.631164551,
        "var": 400397.46875
    },
    "spectral_complexity": {
        "mean": 12.6519050598,
        "var": 69.6893920898
    },
    "spectral_decrease": {
        "mean": -1.63546101106e-008,
        "var": 1.50938187471e-016
    },
    "spectral_energy": {
        "mean": 0.0632895082235,
        "var": 0.0022198932711
    },
    "spectral_energyband_high": {
        "mean": 0.000288727052975,
        "var": 1.64540711012e-006
    },
    "spectral_energyband_low": {
        "mean": 0.0490457378328,
        "var": 0.00219643954188
    },
    "spectral_energyband_middle_high": {
        "mean": 0.00553487055004,
        "var": 9.24015330384e-005
    },
    "spectral_energyband_middle_low": {
        "mean": 0.00975702796131,
        "var": 0.000182278003194
    },
    "spectral_entropy": {
        "mean": 6.67242956161,
        "var": 0.997958600521
    },
    "spectral_flux": {
        "mean": 0.0974873155355,
        "var": 0.00469148391858
    },
    "spectral_kurtosis": {
        "mean": 21.3921051025,
        "var": 911.221557617
    },
    "spectral_rms": {
        "mean": 0.00723247928545,
        "var": 9.43712075241e-006
    },
    "spectral_rolloff": {
        "mean": 663.403564453,
        "var": 749994.8125
    },
    "spectral_skewness": {
        "mean": 3.06680417061,
        "var": 3.95897555351
    },
    "spectral_spread": {
        "mean": 3102299.5,
        "var": 4.09065042739e+012
    },
    "spectral_strongpeak": {
        "mean": 1.09800875187,
        "var": 1.25712144375
    },
    "zerocrossingrate": {
        "mean": 0.0262095388025,
        "var": 0.000759612768888
    },
    "barkbands": {
        "mean": [0.00140610651579, 0.0335352160037, 0.013116623275, 0.00170191098005, 0.00148872879799, 0.0021910527721, 0.000860192754772, 0.0010813404806, 0.00180232699495, 0.0020096343942, 0.000885921996087, 0.00114617869258, 0.000511809485033, 0.000410749722505, 0.000168852813658, 0.000152624590555, 0.000163246368174, 0.000178422022145, 0.000133675552206, 8.85765621206e-005, 4.79873888253e-005, 3.72414397134e-005, 2.94332112389e-005, 4.83773328597e-005, 4.68466314487e-005, 4.06015024055e-005, 5.87945487496e-006],
        "var": [1.36573216878e-005, 0.00132104579825, 0.000682210025843, 2.22275230044e-005, 9.45255942497e-006, 4.01869729103e-005, 5.20588537256e-006, 1.00466013464e-005, 2.45183218794e-005, 3.95670576836e-005, 5.90020363234e-006, 1.2156970115e-005, 1.47867751821e-006, 9.42450810726e-007, 1.38773941671e-007, 1.66934071899e-007, 2.33596949784e-007, 8.39677625208e-007, 3.2033793218e-007, 2.94180921401e-007, 9.39237949638e-008, 5.21076550797e-008, 2.28072103425e-008, 5.00593841934e-008, 6.56225580542e-008, 7.00813345134e-008, 2.58091326089e-009]
    },
    "erbbands": {
        "mean": [0.822546899319, 8.02030086517, 17.498216629, 8.73356628418, 4.03680324554, 5.33926296234, 10.6740169525, 20.349609375, 10.8069591522, 19.9266853333, 25.4153652191, 42.1009788513, 59.0569114685, 46.7049674988, 43.831451416, 51.2727584839, 27.4016361237, 22.0285835266, 12.4599504471, 8.22086811066, 8.10000896454, 9.35324001312, 9.9076089859, 7.88184928894, 6.30964231491, 4.07030105591, 2.29798483849, 1.75680553913, 1.33407282829, 1.00304472446, 0.818940460682, 0.926687836647, 0.823058009148, 0.583860635757, 0.299639433622, 0.153947025537, 0.0772039741278, 0.0203726086766, 0.000658916891553, 8.37060579215e-005],
        "var": [0.953733563423, 86.3871765137, 986.00982666, 339.276977539, 67.7409896851, 145.701583862, 680.462402344, 4024.02416992, 735.998413086, 2474.50439453, 7214.22460938, 11670.5175781, 28226.4746094, 26341.9824219, 12277.2265625, 28974.3085938, 3556.47045898, 2751.95751953, 615.960266113, 317.945251465, 517.916625977, 721.133483887, 2419.78100586, 980.060791016, 1326.6439209, 662.729309082, 254.75592041, 137.582427979, 64.793800354, 22.0784931183, 19.1329669952, 19.6298694611, 15.0897502899, 9.3427362442, 3.09291291237, 0.991633355618, 0.252595901489, 0.0224012713879, 2.59450789599e-005, 1.5638084605e-008]
    },
    "gfcc": {
        "mean": [-81.5748443604, 145.809188843, -100.368797302, 16.6154537201, -37.2157554626, 15.4331560135, -13.2470436096, 11.1941280365, -10.3500843048, -6.08690071106, -5.07942533493, -6.38532924652, -4.89957618713],
        "cov": [[10074.6533203, -3167.45507813, -3066.95263672, -459.208740234, -1569.89782715, 591.563720703, -1161.79370117, 485.877075195, -914.602478027, 292.736328125, -121.344078064, 483.430175781, -375.784057617], [-3167.45507813, 2667.25488281, 934.382202148, -119.902732849, 676.354125977, -451.311065674, 490.536407471, -409.915405273, 533.219665527, -162.957458496, 232.782455444, -212.716339111, 260.73727417], [-3066.95263672, 934.382202148, 3749.43798828, 677.869812012, 1052.36669922, 84.0395050049, 373.580657959, 358.566955566, 502.624755859, 202.384918213, -22.0602645874, 113.938606262, 63.1916923523], [-459.208740234, -119.902732849, 677.869812012, 660.948486328, 269.404693604, 92.3676452637, 129.718551636, 17.1944103241, 169.020324707, 42.9394111633, -12.6874313354, 6.48990345001, 31.9504623413], [-1569.89782715, 676.354125977, 1052.36669922, 269.404693604, 726.528564453, 29.2829322815, 291.798431396, 44.7275695801, 284.828735352, 59.6231193542, 50.7257080078, -23.4137477875, 72.0115203857], [591.563720703, -451.311065674, 84.0395050049, 92.3676452637, 29.2829322815, 315.865509033, 12.1404809952, 149.28024292, -39.1853179932, 100.853935242, 24.345041275, 82.322479248, -17.0502414703], [-1161.79370117, 490.536407471, 373.580657959, 129.718551636, 291.798431396, 12.1404809952, 457.150054932, -0.911725223064, 164.991592407, -32.2321434021, 26.2105770111, -78.2737350464, 24.2761917114], [485.877075195, -409.915405273, 358.566955566, 17.1944103241, 44.7275695801, 149.28024292, -0.911725223064, 416.597381592, 21.0642547607, 123.805931091, -0.918839216232, 117.891777039, -34.5238227844], [-914.602478027, 533.219665527, 502.624755859, 169.020324707, 284.828735352, -39.1853179932, 164.991592407, 21.0642547607, 339.917175293, 54.3974990845, 79.284614563, -3.95760011673, 111.936973572], [292.736328125, -162.957458496, 202.384918213, 42.9394111633, 59.6231193542, 100.853935242, -32.2321434021, 123.805931091, 54.3974990845, 212.264892578, 87.84034729, 130.303070068, 33.1236381531], [-121.344078064, 232.782455444, -22.0602645874, -12.6874313354, 50.7257080078, 24.345041275, 26.2105770111, -0.918839216232, 79.284614563, 87.84034729, 212.156036377, 92.2195663452, 93.3271713257], [483.430175781, -212.716339111, 113.938606262, 6.48990345001, -23.4137477875, 82.322479248, -78.2737350464, 117.891777039, -3.95760011673, 130.303070068, 92.2195663452, 206.528030396, 51.0654754639], [-375.784057617, 260.73727417, 63.1916923523, 31.9504623413, 72.0115203857, -17.0502414703, 24.2761917114, -34.5238227844, 111.936973572, 33.1236381531, 93.3271713257, 51.0654754639, 178.193222046]],
        "icov": [[0.000388727465179, -0.000380762387067, 0.000393560359953, -0.000420044234488, 0.000373919174308, -0.000680418277625, 0.000613709737081, -0.000521016016137, 0.000278888852336, -0.000449072249467, 0.00072093430208, -0.000866466085427, 0.000690903281793], [-0.000380762387067, 0.00288219633512, -0.00105047400575, 0.00217463960871, -0.00128175434656, 0.00237856199965, -0.00153292750474, 0.00219487003051, -0.00211592810228, 0.00191525812261, -0.003361918265, 0.00207124440931, -0.00151765241753], [0.000393560359953, -0.00105047400575, 0.00116764847189, -0.00115755619481, -8.58228231664e-005, -0.0009119832539, 0.000868523027748, -0.00127999833785, 0.000502427399624, -0.000918824516702, 0.00190506130457, -0.00172933621798, 0.00109463219997], [-0.000420044234488, 0.00217463960871, -0.00115755619481, 0.00389800267294, -0.00116223329678, 0.000988022540696, -0.00138701731339, 0.00236245547421, -0.00251610972919, 0.00157707557082, -0.00197765626945, 0.00148786755744, -0.00124853372108], [0.000373919174308, -0.00128175434656, -8.58228231664e-005, -0.00116223329678, 0.00406073639169, -0.00167054729536, -6.40701327939e-005, -0.000808877230156, -0.000100970042695, -0.00143656239379, 0.00123669893946, -0.000380014476832, 0.000745664874557], [-0.000680418277625, 0.00237856199965, -0.0009119832539, 0.000988022540696, -0.00167054729536, 0.00731526734307, -0.00230173370801, 0.000676510913763, -1.52260054165e-005, 0.000104832965008, -0.00330335879698, 0.00200541480444, -0.00180383806583], [0.000613709737081, -0.00153292750474, 0.000868523027748, -0.00138701731339, -6.40701327939e-005, -0.00230173370801, 0.00483718980104, -0.00171263283119, 0.000171416511876, -0.000186028046301, 0.00120994856115, -0.000582918291911, 0.00175303849392], [-0.000521016016137, 0.00219487003051, -0.00127999833785, 0.00236245547421, -0.000808877230156, 0.000676510913763, -0.00171263283119, 0.00592546164989, -0.0025922912173, 0.000691932975315, -0.0015770761529, -1.93088399101e-005, -0.00017574915546], [0.000278888852336, -0.00211592810228, 0.000502427399624, -0.00251610972919, -0.000100970042695, -1.52260054165e-005, 0.000171416511876, -0.0025922912173, 0.00865303725004, -0.00318751111627, 0.00109215709381, 0.000730792526156, -0.00215361616574], [-0.000449072249467, 0.00191525812261, -0.000918824516702, 0.00157707557082, -0.00143656239379, 0.000104832965008, -0.000186028046301, 0.000691932975315, -0.00318751111627, 0.0114779975265, -0.00446567684412, -0.00248894025572, -3.55999763997e-005], [0.00072093430208, -0.003361918265, 0.00190506130457, -0.00197765626945, 0.00123669893946, -0.00330335879698, 0.00120994856115, -0.0015770761529, 0.00109215709381, -0.00446567684412, 0.0130104618147, -0.00628532283008, -3.64949919458e-005], [-0.000866466085427, 0.00207124440931, -0.00172933621798, 0.00148786755744, -0.000380014476832, 0.00200541480444, -0.000582918291911, -1.93088399101e-005, 0.000730792526156, -0.00248894025572, -0.00628532283008, 0.0144711909816, -0.00494192354381], [0.000690903281793, -0.00151765241753, 0.00109463219997, -0.00124853372108, 0.000745664874557, -0.00180383806583, 0.00175303849392, -0.00017574915546, -0.00215361616574, -3.55999763997e-005, -3.64949919458e-005, -0.00494192354381, 0.0111732520163]]
    },
    "melbands": {
        "mean": [0.00861030071974, 0.00989111885428, 0.00145255308598, 0.000312856369419, 0.000360106903827, 0.000438225484686, 0.000168183134519, 0.000220197442104, 0.000215030551772, 0.00027076061815, 0.000298215105431, 0.000197805871721, 0.000132409739308, 0.000137127892231, 9.67536834651e-005, 4.49162798759e-005, 4.04768579756e-005, 2.11531842069e-005, 1.14580097943e-005, 1.04585251393e-005, 9.32250804908e-006, 9.00046688912e-006, 1.07468058559e-005, 7.89001933299e-006, 6.22286597718e-006, 4.90933234687e-006, 4.02784462494e-006, 2.31539070228e-006, 1.44144109981e-006, 1.14986960398e-006, 9.98778546091e-007, 8.10360916148e-007, 5.87333374824e-007, 5.32921262675e-007, 4.63413670104e-007, 4.78888864563e-007, 6.06959758898e-007, 5.92519597831e-007, 5.23531014096e-007, 4.85741679768e-007],
        "var": [8.91855888767e-005, 0.000180314469617, 7.79321544542e-006, 4.31400735579e-007, 6.82302697896e-007, 1.76787921191e-006, 1.80168626684e-007, 2.89811765697e-007, 5.82275845318e-007, 5.00317582919e-007, 7.8141567883e-007, 5.09003598381e-007, 1.1440133818e-007, 1.45011540553e-007, 6.38051744772e-008, 8.29989854623e-009, 1.02506554356e-008, 2.0052570715e-009, 6.18500306526e-010, 7.14917847144e-010, 8.11167744086e-010, 6.53982645815e-010, 1.96364946525e-009, 2.06617101206e-009, 6.19551687731e-010, 6.19912954303e-010, 8.32524993388e-010, 2.0550296187e-010, 1.07706420172e-010, 5.5718003128e-011, 6.81263725988e-011, 3.55515825112e-011, 6.78895481498e-012, 6.6581974309e-012, 6.1857277113e-012, 9.1372005448e-012, 8.31566326215e-012, 7.87480324005e-012, 6.64822710772e-012, 7.14177631964e-012]
    },
    "mfcc": {
        "mean": [-729.033752441, 174.648971558, 7.24363803864, 16.9115791321, 7.25543403625, 7.72787189484, 12.0694065094, 15.5520353317, 6.52805519104, 7.68457984924, 6.33529090881, 2.23873209953, -0.455690592527],
        "cov": [[10601.421875, -2465.74511719, -3197.28076172, -1689.19750977, -1031.81884766, -823.487670898, -269.809570313, -311.90737915, -773.836120605, -483.741363525, -286.629882813, -199.349853516, -22.7711791992], [-2465.74511719, 2138.18237305, 602.840942383, 284.841644287, 229.557037354, 145.524520874, -43.6651725769, -15.3802547455, 119.060569763, 67.1208267212, 70.4227523804, 90.0986633301, 87.8911590576], [-3197.28076172, 602.840942383, 2332.88696289, 846.137634277, 725.75012207, 312.162353516, 110.114746094, 249.381027222, 390.735839844, 187.637374878, 213.117874146, 189.785842896, 116.832733154], [-1689.19750977, 284.841644287, 846.137634277, 771.305358887, 360.839508057, 278.287780762, 36.5854759216, 123.539558411, 232.766830444, 132.748748779, 101.948425293, 88.0198516846, 53.1841278076], [-1031.81884766, 229.557037354, 725.75012207, 360.839508057, 560.321777344, 154.162124634, 28.939245224, 95.8619689941, 181.019271851, 110.939666748, 67.0391693115, 124.286857605, 88.1536102295], [-823.487670898, 145.524520874, 312.162353516, 278.287780762, 154.162124634, 367.79788208, 84.0631866455, 39.659992218, 109.421348572, 60.2507095337, 47.9189834595, 62.8993911743, 30.3046569824], [-269.809570313, -43.6651725769, 110.114746094, 36.5854759216, 28.939245224, 84.0631866455, 257.527435303, 108.903892517, 59.7463378906, 43.2564315796, 58.3115653992, 40.113948822, 22.5415248871], [-311.90737915, -15.3802547455, 249.381027222, 123.539558411, 95.8619689941, 39.659992218, 108.903892517, 204.626342773, 120.952293396, 63.3587722778, 84.1327056885, 50.3571357727, 27.3222141266], [-773.836120605, 119.060569763, 390.735839844, 232.766830444, 181.019271851, 109.421348572, 59.7463378906, 120.952293396, 245.028671265, 125.510673523, 84.5600357056, 61.233543396, 20.3571987152], [-483.741363525, 67.1208267212, 187.637374878, 132.748748779, 110.939666748, 60.2507095337, 43.2564315796, 63.3587722778, 125.510673523, 149.730377197, 73.9789657593, 41.4721717834, 21.5469589233], [-286.629882813, 70.4227523804, 213.117874146, 101.948425293, 67.0391693115, 47.9189834595, 58.3115653992, 84.1327056885, 84.5600357056, 73.9789657593, 144.424667358, 82.0572814941, 53.9797286987], [-199.349853516, 90.0986633301, 189.785842896, 88.0198516846, 124.286857605, 62.8993911743, 40.113948822, 50.3571357727, 61.233543396, 41.4721717834, 82.0572814941, 143.845993042, 95.7353363037], [-22.7711791992, 87.8911590576, 116.832733154, 53.1841278076, 88.1536102295, 30.3046569824, 22.5415248871, 27.3222141266, 20.3571987152, 21.5469589233, 53.9797286987, 95.7353363037, 145.962844849]],
        "icov": [[0.000276606646366, 0.000229096011026, 0.000247496063821, 0.00021549705707, -9.2405534815e-005, 0.000128024854348, 0.000206463882932, -0.000124315134599, 9.7457326774e-005, 0.000371378991986, -0.000201700881007, -2.28751196119e-005, -0.00032962608384], [0.000229096011026, 0.000722827680875, 9.5300587418e-005, 0.000148700491991, -7.40982359275e-005, 2.65556282102e-005, 0.000287667935481, 0.000200084614335, -6.15381504758e-005, 0.000305614463286, -0.00026985432487, -3.34000214934e-005, -0.000487440236611], [0.000247496063821, 9.5300587418e-005, 0.00123171682935, -0.000400341930799, -0.000924719497561, 0.000228646356845, 5.30791003257e-005, -0.00022561532387, -0.00039624091005, 0.00101956585422, -0.000972447509412, 0.000228381628403, -0.000199167785468], [0.00021549705707, 0.000148700491991, -0.000400341930799, 0.00317487982102, -0.000561253807973, -0.00137434783392, 0.000923851504922, -0.000603363034315, -0.000577491591685, -0.000174288346898, -0.000365229469026, 0.000660946476273, -0.000489892321639], [-9.2405534815e-005, -7.40982359275e-005, -0.000924719497561, -0.000561253807973, 0.00407347176224, -0.000185295735719, 0.000333685224177, -0.000300645071547, -0.000523000140674, -0.00157694378868, 0.00245045870543, -0.00231725024059, -0.000522700953297], [0.000128024854348, 2.65556282102e-005, 0.000228646356845, -0.00137434783392, -0.000185295735719, 0.00444665877149, -0.00150962930638, 0.00130809203256, -0.000807634263765, 0.000459915609099, 0.000129310326884, -0.00115005369298, 0.000249945849646], [0.000206463882932, 0.000287667935481, 5.30791003257e-005, 0.000923851504922, 0.000333685224177, -0.00150962930638, 0.00592882419005, -0.00322569557466, 0.00065347115742, -0.000533982762136, -0.000417888688389, -0.000324769120198, -0.000364776031347], [-0.000124315134599, 0.000200084614335, -0.00022561532387, -0.000603363034315, -0.000300645071547, 0.00130809203256, -0.00322569557466, 0.00992603320628, -0.00374648836441, 0.0012926653726, -0.00309539609589, 0.000494329200592, -3.71084097424e-005], [9.7457326774e-005, -6.15381504758e-005, -0.00039624091005, -0.000577491591685, -0.000523000140674, -0.000807634263765, 0.00065347115742, -0.00374648836441, 0.0111767351627, -0.00590130966157, 0.000256073282799, -0.00142854871228, 0.00181837251876], [0.000371378991986, 0.000305614463286, 0.00101956585422, -0.000174288346898, -0.00157694378868, 0.000459915609099, -0.000533982762136, 0.0012926653726, -0.00590130966157, 0.0144575247541, -0.00552064413205, 0.00189916719683, -0.000696447503287], [-0.000201700881007, -0.00026985432487, -0.000972447509412, -0.000365229469026, 0.00245045870543, 0.000129310326884, -0.000417888688389, -0.00309539609589, 0.000256073282799, -0.00552064413205, 0.0158805605024, -0.00689218798652, -0.000393538066419], [-2.28751196119e-005, -3.34000214934e-005, 0.000228381628403, 0.000660946476273, -0.00231725024059, -0.00115005369298, -0.000324769120198, 0.000494329200592, -0.00142854871228, 0.00189916719683, -0.00689218798652, 0.0181312002242, -0.00823550205678], [-0.00032962608384, -0.000487440236611, -0.000199167785468, -0.000489892321639, -0.000522700953297, 0.000249945849646, -0.000364776031347, -3.71084097424e-005, 0.00181837251876, -0.000696447503287, -0.000393538066419, -0.00823550205678, 0.0131544461474]]
    },
    "spectral_contrast_coeffs": {
        "mean": [-0.61237847805, -0.744496047497, -0.757903158665, -0.795781254768, -0.809138059616, -0.792440652847],
        "var": [0.0142174484208, 0.00796226598322, 0.00703753018752, 0.00417090673, 0.00320414686576, 0.00282554398291]
    },
    "spectral_contrast_valleys": {
        "mean": [-7.53903913498, -7.09604644775, -7.44209623337, -8.30243396759, -8.69306182861, -11.622303009],
        "var": [1.12993657589, 1.21446418762, 2.0457265377, 1.9241591692, 2.01485419273, 2.49463558197]
    }
},
"metadata": {
    "audio_properties": {
        "analysis_sample_rate": 44100,
        "bit_rate": 128074,
        "equal_loudness": 0,
        "length": 45.0612258911,
        "lossless": 0,
        "replay_gain": -5.14263534546,
        "sample_rate": 44100,
        "codec": "mp3",
        "downmix": "mix",
        "md5_encoded": "5178ca56727edbaa25abc81059dbe494"
    },
    "tags": {
        "file_name": "1565.mp3"
    },
    "version": {
        "essentia": "2.1-beta2",
        "essentia_git_sha": "v2.1_beta2",
        "extractor": "music 1.0"
    }
},
"rhythm": {
    "beats_count": 75,
    "beats_loudness": {
        "mean": 0.078266903758,
        "var": 0.00315636419691
    },
    "bpm": 99.7524490356,
    "bpm_histogram_first_peak_bpm": {
        "mean": 99,
        "var": 0
    },
    "bpm_histogram_first_peak_spread": {
        "mean": 0.396825373173,
        "var": 0
    },
    "bpm_histogram_first_peak_weight": {
        "mean": 0.513513505459,
        "var": 0
    },
    "bpm_histogram_second_peak_bpm": {
        "mean": 108,
        "var": 0
    },
    "bpm_histogram_second_peak_spread": {
        "mean": 0.454545468092,
        "var": 0
    },
    "bpm_histogram_second_peak_weight": {
        "mean": 0.0810810774565,
        "var": 0
    },
    "danceability": 1.04437124729,
    "onset_rate": 4.83568191528,
    "beats_loudness_band_ratio": {
        "mean": [0.60093742609, 0.0752207413316, 0.131245955825, 0.160836696625, 0.0349850580096, 0.0218292754143],
        "var": [0.155462294817, 0.0115756392479, 0.0259313955903, 0.0453590787947, 0.00354431662709, 0.00233069900423]
    },
    "beats_position": [0.53405892849, 1.09133780003, 1.64861679077, 2.21750569344, 2.79800438881, 3.36689329147, 3.97061228752, 4.55111122131, 5.14321994781, 5.75854873657, 6.3622674942, 6.9543762207, 7.55809497833, 8.15020370483, 8.74231243134, 9.35764122009, 9.96135997772, 10.5534696579, 11.1455783844, 11.749297142, 12.3530158997, 12.9451246262, 13.5372333527, 14.1409521103, 14.7330608368, 15.3483896255, 15.9521083832, 16.5558280945, 17.1711559296, 17.7632656097, 18.3553733826, 18.9474830627, 19.5512008667, 20.154920578, 20.758638382, 21.3623580933, 21.9660758972, 22.5697956085, 23.1735134125, 23.7540130615, 24.369342804, 24.9614505768, 25.5651702881, 26.1572780609, 26.7493877411, 27.353105545, 27.9568252563, 28.5605430603, 29.1642627716, 29.7679805756, 30.3717002869, 30.9986381531, 31.6255779266, 32.2525177002, 32.8330154419, 33.4019050598, 33.9707946777, 34.5280723572, 35.0853500366, 35.6426315308, 36.211517334, 36.7687988281, 37.3492965698, 37.94140625, 38.5335159302, 39.1488418579, 39.7641716003, 40.3795013428, 40.9948310852, 41.6101570129, 42.2138786316, 42.8175964355, 43.4213142395, 44.0250320435, 44.6287536621]
},
"tonal": {
    "chords_changes_rate": 0.0606995895505,
    "chords_number_rate": 0.0113168722019,
    "chords_strength": {
        "mean": 0.525753319263,
        "var": 0.0148910377175
    },
    "hpcp_entropy": {
        "mean": 1.93313372135,
        "var": 0.507258832455
    },
    "key_strength": 0.83476370573,
    "tuning_diatonic_strength": 0.706019639969,
    "tuning_equal_tempered_deviation": 0.28010648489,
    "tuning_frequency": 434.193115234,
    "tuning_nontempered_energy_ratio": 0.935384809971,
    "hpcp": {
        "mean": [0.131179198623, 0.138585284352, 0.0884596258402, 0.0510877408087, 0.0432631745934, 0.0450932346284, 0.0617618598044, 0.0874119624496, 0.125649899244, 0.214429363608, 0.234093382955, 0.140910729766, 0.098157338798, 0.0965242534876, 0.0819680318236, 0.10124732554, 0.125389173627, 0.103557541966, 0.0851034075022, 0.0751681625843, 0.0723448246717, 0.0989525467157, 0.127019479871, 0.148946642876, 0.161256015301, 0.126057580113, 0.0762826129794, 0.070919662714, 0.0793116539717, 0.10063418746, 0.211896240711, 0.277292519808, 0.207547947764, 0.152893856168, 0.129013225436, 0.109984718263],
        "var": [0.0594717338681, 0.0704543292522, 0.0308062788099, 0.0167052578181, 0.0130656603724, 0.0134298214689, 0.0210107192397, 0.0394190326333, 0.0540651828051, 0.0970899239182, 0.121069848537, 0.0591931156814, 0.0422792211175, 0.0469455271959, 0.0353833809495, 0.0414790250361, 0.0626339092851, 0.0413442291319, 0.0377727709711, 0.0311361216009, 0.0267334915698, 0.0383718796074, 0.0546480081975, 0.0546978972852, 0.0779988318682, 0.0453816503286, 0.0267067179084, 0.0246011354029, 0.0306848324835, 0.0333438888192, 0.0931247249246, 0.137421652675, 0.0857282578945, 0.0763674974442, 0.0619755387306, 0.0498289354146]
    },
    "chords_histogram": [32.8189315796, 2.05761313438, 3.60082316399, 0, 5.34979438782, 0, 0, 2.98353910446, 0.411522626877, 0, 0, 0, 0, 0, 1.13168728352, 22.9423866272, 0, 6.79012346268, 0, 0.102880656719, 0, 13.5802469254, 2.88065838814, 5.34979438782],
    "thpcp": [1, 0.748480141163, 0.551381111145, 0.465260386467, 0.396637886763, 0.473071545362, 0.499780118465, 0.319011956453, 0.184237718582, 0.156019985676, 0.16261972487, 0.222731798887, 0.315233767033, 0.453131228685, 0.77329659462, 0.844210982323, 0.508166372776, 0.353984802961, 0.348095417023, 0.295601308346, 0.365128219128, 0.452190965414, 0.373459547758, 0.306908428669, 0.271078944206, 0.260897129774, 0.356852561235, 0.458070337772, 0.537146270275, 0.581537544727, 0.454601436853, 0.275097995996, 0.255757570267, 0.286021620035, 0.36291706562, 0.764161407948],
    "chords_key": "C",
    "chords_scale": "major",
    "key_key": "C",
    "key_scale": "major"
}
}