{
"lowlevel": {
    "average_loudness": 0.941401302814,
    "barkbands_crest": {
        "mean": 14.0089731216,
        "var": 29.0494918823
    },
    "barkbands_flatness_db": {
        "mean": 0.253553539515,
        "var": 0.0110777541995
    },
    "barkbands_kurtosis": {
        "mean": 17.7302951813,
        "var": 1075.97058105
    },
    "barkbands_skewness": {
        "mean": 2.69808769226,
        "var": 4.48534297943
    },
    "barkbands_spread": {
        "mean": 13.3566503525,
        "var": 327.924743652
    },
    "dissonance": {
        "mean": 0.424495279789,
        "var": 0.00410321122035
    },
    "dynamic_complexity": 1.93149423599,
    "erbbands_crest": {
        "mean": 12.0746250153,
        "var": 30.9928417206
    },
    "erbbands_flatness_db": {
        "mean": 0.206160843372,
        "var": 0.00492443330586
    },
    "erbbands_kurtosis": {
        "mean": 2.74032521248,
        "var": 59.7244911194
    },
    "erbbands_skewness": {
        "mean": 0.642549574375,
        "var": 1.47299659252
    },
    "erbbands_spread": {
        "mean": 34.1286773682,
        "var": 587.586242676
    },
    "hfc": {
        "mean": 20.0571918488,
        "var": 827.833618164
    },
    "melbands_crest": {
        "mean": 17.6755027771,
        "var": 26.7933769226
    },
    "melbands_flatness_db": {
        "mean": 0.35038536787,
        "var": 0.0161417443305
    },
    "melbands_kurtosis": {
        "mean": 31.9425239563,
        "var": 2381.24853516
    },
    "melbands_skewness": {
        "mean": 3.67221307755,
        "var": 5.92521905899
    },
    "melbands_spread": {
        "mean": 13.4389209747,
        "var": 651.010437012
    },
    "pitch_salience": {
        "mean": 0.442870080471,
        "var": 0.0200409963727
    },
    "silence_rate_20dB": {
        "mean": 0.983007192612,
        "var": 0.0167036689818
    },
    "silence_rate_30dB": {
        "mean": 0.917610704899,
        "var": 0.0756018087268
    },
    "silence_rate_60dB": {
        "mean": 0.00463439757004,
        "var": 0.00461289985105
    },
    "spectral_centroid": {
        "mean": 825.713134766,
        "var": 638361.625
    },
    "spectral_complexity": {
        "mean": 11.9948511124,
        "var": 81.2728347778
    },
    "spectral_decrease": {
        "mean": -1.54122385965e-008,
        "var": 4.35970054943e-016
    },
    "spectral_energy": {
        "mean": 0.0599884800613,
        "var": 0.00629370193928
    },
    "spectral_energyband_high": {
        "mean": 0.00099560059607,
        "var": 1.02776821223e-005
    },
    "spectral_energyband_low": {
        "mean": 0.0416964665055,
        "var": 0.00554829835892
    },
    "spectral_energyband_middle_high": {
        "mean": 0.00196723081172,
        "var": 7.41115900382e-006
    },
    "spectral_energyband_middle_low": {
        "mean": 0.0176452640444,
        "var": 0.000498867128044
    },
    "spectral_entropy": {
        "mean": 6.71027421951,
        "var": 0.86424100399
    },
    "spectral_flux": {
        "mean": 0.102437339723,
        "var": 0.00931646395475
    },
    "spectral_kurtosis": {
        "mean": 13.9247426987,
        "var": 241.805877686
    },
    "spectral_rms": {
        "mean": 0.00684319762513,
        "var": 1.16960018204e-005
    },
    "spectral_rolloff": {
        "mean": 966.865661621,
        "var": 3768469
    },
    "spectral_skewness": {
        "mean": 2.48954486847,
        "var": 1.87573516369
    },
    "spectral_spread": {
        "mean": 3606431.25,
        "var": 4.96762984858e+012
    },
    "spectral_strongpeak": {
        "mean": 0.820253610611,
        "var": 0.457813292742
    },
    "zerocrossingrate": {
        "mean": 0.0371405519545,
        "var": 0.00280998856761
    },
    "barkbands": {
        "mean": [0.000794952095021, 0.0310985520482, 0.00752392224967, 0.00554724829271, 0.00553631596267, 0.00187771068886, 0.00180637091398, 0.00174767640419, 0.00105071940925, 0.000184539079783, 0.000152340799104, 0.00014537248353, 0.000170898827491, 0.000218261411646, 0.000264349830104, 0.000258733285591, 0.000224320887355, 0.000172083600773, 0.000152766020619, 0.00012978372979, 0.000156176058226, 0.000148980790982, 0.000165050267242, 0.000226513715461, 0.000144172765431, 8.37311090436e-005, 7.04461808709e-006],
        "var": [1.48966137203e-005, 0.00444743363187, 0.000126944010844, 0.000149857689394, 0.00013281343854, 1.34835872814e-005, 1.34215979415e-005, 9.88574902294e-006, 6.72299120197e-006, 2.49604113378e-007, 1.14206500257e-007, 1.49726801624e-007, 1.31589956709e-007, 3.21141300219e-007, 3.99772176252e-007, 2.73140074114e-007, 1.92503890162e-007, 1.66273991908e-007, 1.34736310997e-007, 1.28371539176e-007, 2.44649697834e-007, 2.34088943785e-007, 3.49600213667e-007, 9.26749123664e-007, 3.21067261666e-007, 1.12304881839e-007, 1.48491352547e-009]
    },
    "erbbands": {
        "mean": [0.568132400513, 7.87860584259, 11.9771823883, 13.2894868851, 24.0114631653, 15.215839386, 5.30208730698, 19.7266998291, 34.5088500977, 23.0271530151, 32.217666626, 27.5975093842, 11.4017534256, 4.93896150589, 6.9949016571, 5.9046998024, 7.69825220108, 9.60165214539, 13.6288557053, 14.1031637192, 13.9846630096, 13.0692691803, 10.5222225189, 7.24968004227, 7.97323989868, 6.02693939209, 5.88946723938, 6.26993322372, 5.54746341705, 4.84656190872, 4.77275753021, 4.44535112381, 3.81490516663, 1.8548309803, 0.902429580688, 0.438183963299, 0.132506519556, 0.0268586073071, 0.000823158887215, 8.8417873485e-005],
        "var": [2.94305157661, 249.242172241, 237.324905396, 832.003601074, 2760.33740234, 785.75604248, 114.283279419, 1473.30041504, 4155.64257813, 1504.90258789, 3387.03051758, 4719.14648438, 612.449951172, 89.9146347046, 250.696136475, 188.101531982, 248.23387146, 603.816467285, 1159.58203125, 957.922180176, 749.661865234, 659.341308594, 572.627319336, 263.260375977, 413.291595459, 274.470458984, 297.343841553, 449.921813965, 349.559661865, 273.810211182, 314.753540039, 337.839447021, 274.475097656, 55.9441871643, 12.5261974335, 3.0644903183, 0.302457839251, 0.0139736523852, 1.92763527593e-005, 1.64985394235e-008]
    },
    "gfcc": {
        "mean": [-49.0791664124, 130.258804321, -87.7315368652, 37.5206336975, -33.0177726746, -0.856020152569, -31.9121246338, 11.3496341705, -12.1013622284, 2.06245923042, -18.771522522, -8.52430343628, -14.0477561951],
        "cov": [[6068.46337891, -2942.58325195, -362.698760986, 816.143310547, -614.76763916, 973.017333984, -495.044830322, -31.2226734161, -672.436828613, 79.4081192017, -180.504989624, 482.310150146, -23.048532486], [-2942.58325195, 3198.14746094, -89.0405960083, -531.22454834, 584.174499512, -767.444152832, 585.40802002, 56.9106864929, 662.487792969, -100.940917969, 209.612365723, -403.801391602, 27.0269546509], [-362.698760986, -89.0405960083, 1211.4050293, 142.540267944, 114.177101135, 194.81652832, 8.88062095642, 149.035827637, -6.30500364304, 75.2406692505, 53.1848945618, 83.2152938843, -8.10491943359], [816.143310547, -531.22454834, 142.540267944, 693.179992676, 176.910873413, 245.371490479, 74.2972946167, 8.37586212158, 6.73658180237, 25.2361373901, 76.2557373047, 117.250053406, 25.4098396301], [-614.76763916, 584.174499512, 114.177101135, 176.910873413, 669.112854004, 45.946472168, 265.920928955, 103.834144592, 167.884658813, 12.8252296448, 110.023826599, -39.6565513611, 11.2839746475], [973.017333984, -767.444152832, 194.81652832, 245.371490479, 45.946472168, 531.741760254, 14.2724704742, 53.39894104, -195.08039856, 41.9700431824, -19.107585907, 118.991722107, 12.1986713409], [-495.044830322, 585.40802002, 8.88062095642, 74.2972946167, 265.920928955, 14.2724704742, 505.124084473, 152.814239502, 233.051574707, -16.525806427, 49.1582260132, -132.374649048, -29.5308017731], [-31.2226734161, 56.9106864929, 149.035827637, 8.37586212158, 103.834144592, 53.39894104, 152.814239502, 268.30645752, 111.00655365, 26.7710075378, -18.9462718964, -50.5779685974, -39.558013916], [-672.436828613, 662.487792969, -6.30500364304, 6.73658180237, 167.884658813, -195.08039856, 233.051574707, 111.00655365, 380.61151123, 32.815158844, 56.6377449036, -119.507072449, -32.2994804382], [79.4081192017, -100.940917969, 75.2406692505, 25.2361373901, 12.8252296448, 41.9700431824, -16.525806427, 26.7710075378, 32.815158844, 143.041534424, 48.416053772, 24.9513092041, -10.1201210022], [-180.504989624, 209.612365723, 53.1848945618, 76.2557373047, 110.023826599, -19.107585907, 49.1582260132, -18.9462718964, 56.6377449036, 48.416053772, 156.851638794, 44.8267097473, 21.4503765106], [482.310150146, -403.801391602, 83.2152938843, 117.250053406, -39.6565513611, 118.991722107, -132.374649048, -50.5779685974, -119.507072449, 24.9513092041, 44.8267097473, 221.877304077, 44.7841644287], [-23.048532486, 27.0269546509, -8.10491943359, 25.4098396301, 11.2839746475, 12.1986713409, -29.5308017731, -39.558013916, -32.2994804382, -10.1201210022, 21.4503765106, 44.7841644287, 115.477767944]],
        "icov": [[0.000467140460387, -4.47680831712e-005, 0.000334642885718, -0.00053765863413, 0.000408820837038, -0.000576222490054, 0.00023967922607, -0.000384960789233, 0.000258821761236, -0.000197009314434, 0.000319690618198, -0.000480273389257, 0.000377854448743], [-4.47680831712e-005, 0.00160495948512, -0.000313442200422, 0.00126307958271, -0.000943334249314, 0.00116287195124, -0.000876800448168, 0.000723487290088, -0.00115647504572, 0.00116550689563, -0.00165569095407, 0.00110727990977, -0.00103474291973], [0.000334642885718, -0.000313442200422, 0.00127790810075, -0.000637724995613, 0.000371163652744, -0.000857586623169, 0.000541032408364, -0.0010154141346, 0.000367865344742, -0.000477002584375, 0.00016990758013, -0.000710068561602, 0.0005199147854], [-0.00053765863413, 0.00126307958271, -0.000637724995613, 0.00365841761231, -0.00145994941704, 0.000360298290616, -0.000954800925683, 0.00139270664658, -0.00198971526697, 0.00152716296725, -0.00206549931318, 0.000470309605589, -0.00113658932969], [0.000408820837038, -0.000943334249314, 0.000371163652744, -0.00145994941704, 0.00311626004986, -0.00139975303318, 7.33244596631e-005, -0.0010930984281, 0.000470924918773, -0.000401904195314, -0.000126441897009, -0.000649338529911, 0.000509145436808], [-0.000576222490054, 0.00116287195124, -0.000857586623169, 0.000360298290616, -0.00139975303318, 0.00569274928421, -0.00230880244635, 2.67944724328e-005, 0.00191572005861, -0.000836396648083, -2.72954239335e-005, 0.000195350483409, -0.00118063075934], [0.00023967922607, -0.000876800448168, 0.000541032408364, -0.000954800925683, 7.33244596631e-005, -0.00230880244635, 0.0049791210331, -0.00172045722138, -0.00136193376966, 0.00109570089262, -0.00065274676308, 0.00112376525067, 0.000822305562906], [-0.000384960789233, 0.000723487290088, -0.0010154141346, 0.00139270664658, -0.0010930984281, 2.67944724328e-005, -0.00172045722138, 0.00664723431692, -0.00229841610417, -0.000269030773779, 0.00107929250225, 0.000608432746958, 0.000214310915908], [0.000258821761236, -0.00115647504572, 0.000367865344742, -0.00198971526697, 0.000470924918773, 0.00191572005861, -0.00136193376966, -0.00229841610417, 0.00769490422681, -0.00308362185024, 0.000734890811145, 8.43635571073e-005, 0.00111477181781], [-0.000197009314434, 0.00116550689563, -0.000477002584375, 0.00152716296725, -0.000401904195314, -0.000836396648083, 0.00109570089262, -0.000269030773779, -0.00308362185024, 0.0106209227815, -0.00504702934995, 0.00100423616823, 0.000250378507189], [0.000319690618198, -0.00165569095407, 0.00016990758013, -0.00206549931318, -0.000126441897009, -2.72954239335e-005, -0.00065274676308, 0.00107929250225, 0.000734890811145, -0.00504702934995, 0.0128718595952, -0.00452173082158, 0.000261624314589], [-0.000480273389257, 0.00110727990977, -0.000710068561602, 0.000470309605589, -0.000649338529911, 0.000195350483409, 0.00112376525067, 0.000608432746958, 8.43635571073e-005, 0.00100423616823, -0.00452173082158, 0.00956921000034, -0.00272928457707], [0.000377854448743, -0.00103474291973, 0.0005199147854, -0.00113658932969, 0.000509145436808, -0.00118063075934, 0.000822305562906, 0.000214310915908, 0.00111477181781, 0.000250378507189, 0.000261624314589, -0.00272928457707, 0.0109661333263]]
    },
    "melbands": {
        "mean": [0.00719425128773, 0.00829523615539, 0.00272431899793, 0.00153653288726, 0.000225229232456, 0.000455379660707, 0.000479625596199, 0.000299706764054, 0.000227045893553, 0.00017573601508, 5.14301063959e-005, 1.86973011296e-005, 2.21931422857e-005, 1.75645564013e-005, 1.54488861881e-005, 1.72161599039e-005, 1.81633877219e-005, 2.21674072236e-005, 2.01566308533e-005, 1.78356203833e-005, 1.57128033607e-005, 1.35920408866e-005, 1.11272338472e-005, 8.00408906798e-006, 5.45139027963e-006, 6.16837542111e-006, 5.00007627124e-006, 3.75375384465e-006, 3.5175182802e-006, 3.86975807487e-006, 3.5248660879e-006, 3.14129533763e-006, 2.79188043351e-006, 2.70060672847e-006, 2.83069539364e-006, 2.49813524533e-006, 2.84881571133e-006, 2.98990153169e-006, 1.92664265342e-006, 1.4248670368e-006],
        "var": [0.000311509356834, 0.000156670459546, 2.8335605748e-005, 9.20407819649e-006, 1.7865171742e-007, 7.35166850063e-007, 7.85656595781e-007, 2.71206573643e-007, 1.89271432305e-007, 2.10469963235e-007, 1.33844233474e-008, 1.55315826866e-009, 2.51842480203e-009, 2.15643258805e-009, 1.18885090661e-009, 1.44283862635e-009, 2.53201482003e-009, 3.50703821539e-009, 2.40519559824e-009, 1.35314925931e-009, 1.06136321953e-009, 8.01830712938e-010, 4.77767936324e-010, 4.61347099412e-010, 1.61849228464e-010, 2.50903881005e-010, 1.95166063865e-010, 1.2149330153e-010, 1.02616234954e-010, 1.62256222347e-010, 1.56856777567e-010, 1.21291629518e-010, 8.2219044073e-011, 9.5362030772e-011, 1.2195401633e-010, 9.13616196585e-011, 1.58808285966e-010, 1.95179886142e-010, 5.60959195761e-011, 3.55141679953e-011]
    },
    "mfcc": {
        "mean": [-706.725585938, 162.458480835, 11.483833313, 45.3797798157, 19.4405994415, 2.58886528015, -2.25082826614, 4.01996183395, 7.44253587723, 6.93966388702, 4.54371166229, 0.585115075111, 0.267837435007],
        "cov": [[6391.41503906, -3266.93066406, -264.348937988, -324.385925293, -81.8347320557, 568.730895996, 188.855163574, 49.0760612488, -232.53678894, -406.431549072, -334.313232422, -83.9113616943, -65.0842437744], [-3266.93066406, 3189.88647461, -306.537750244, 233.925354004, -53.0073432922, -407.309570313, -110.762825012, 32.3100852966, 219.657363892, 296.896514893, 320.787536621, 69.9520492554, 67.8398284912], [-264.348937988, -306.537750244, 1035.17004395, 40.961025238, 81.4550323486, 52.5853729248, 48.3198204041, 63.9726600647, 1.75584435463, -22.231842041, -30.9932765961, 112.657333374, 38.6748886108], [-324.385925293, 233.925354004, 40.961025238, 518.051635742, 166.29107666, 69.8529891968, 51.2664260864, 130.050979614, 88.7644348145, 80.05909729, 104.540145874, 101.416603088, 91.0581359863], [-81.8347320557, -53.0073432922, 81.4550323486, 166.29107666, 422.547851563, 148.693634033, 117.157165527, 66.3603897095, 8.57239532471, -0.0211079511791, 6.83245992661, 52.8984947205, 63.1180038452], [568.730895996, -407.309570313, 52.5853729248, 69.8529891968, 148.693634033, 371.334381104, 198.652069092, 73.3931732178, -1.71959650517, -36.6089477539, -7.19286966324, 27.0280685425, 21.8830718994], [188.855163574, -110.762825012, 48.3198204041, 51.2664260864, 117.157165527, 198.652069092, 354.054901123, 144.141464233, 71.3767471313, 39.462020874, 46.2122116089, 43.3426704407, 18.6662731171], [49.0760612488, 32.3100852966, 63.9726600647, 130.050979614, 66.3603897095, 73.3931732178, 144.141464233, 275.0519104, 120.050247192, 84.6460723877, 66.5570678711, 46.5705986023, 30.4440631866], [-232.53678894, 219.657363892, 1.75584435463, 88.7644348145, 8.57239532471, -1.71959650517, 71.3767471313, 120.050247192, 221.949478149, 158.837646484, 98.3678283691, 37.5491371155, -3.99157977104], [-406.431549072, 296.896514893, -22.231842041, 80.05909729, -0.0211079511791, -36.6089477539, 39.462020874, 84.6460723877, 158.837646484, 254.998168945, 151.08392334, 49.6816177368, -10.1692886353], [-334.313232422, 320.787536621, -30.9932765961, 104.540145874, 6.83245992661, -7.19286966324, 46.2122116089, 66.5570678711, 98.3678283691, 151.08392334, 222.088439941, 92.0947875977, 17.9006137848], [-83.9113616943, 69.9520492554, 112.657333374, 101.416603088, 52.8984947205, 27.0280685425, 43.3426704407, 46.5705986023, 37.5491371155, 49.6816177368, 92.0947875977, 167.989089966, 79.2300491333], [-65.0842437744, 67.8398284912, 38.6748886108, 91.0581359863, 63.1180038452, 21.8830718994, 18.6662731171, 30.4440631866, -3.99157977104, -10.1692886353, 17.9006137848, 79.2300491333, 155.112167358]],
        "icov": [[0.000419180869358, 0.000400635646656, 0.000268254545517, 0.000101682875538, 0.000188070596778, -0.000259818596533, 4.87121724291e-005, -0.000263137480943, -7.99086556071e-005, 0.000329779199092, 1.08217827801e-005, -0.000254792044871, 2.84572379314e-005], [0.000400635646656, 0.000858170329593, 0.000340742262779, -4.32714732597e-005, 0.000105483537482, 0.000317374506267, -3.71011083189e-005, -0.000114105634566, -0.000300444546156, 0.000278009043541, -0.000559200823773, 1.04627297333e-005, -0.00025793389068], [0.000268254545517, 0.000340742262779, 0.00131606857758, 9.28044901229e-005, -1.94812992049e-006, -6.85438717483e-005, 4.44344805146e-005, -0.000426464743214, -6.33040035609e-005, 0.000205335658393, 0.000586456328165, -0.00133591005579, 0.000296252488624], [0.000101682875538, -4.32714732597e-005, 9.28044901229e-005, 0.00294889346696, -0.00080514838919, -0.000560962071177, 0.000743958749808, -0.000981808872893, -0.000475088920211, 0.000160079565831, -0.00061020324938, -0.000567617593333, -0.000824121700134], [0.000188070596778, 0.000105483537482, -1.94812992049e-006, -0.00080514838919, 0.0033531752415, -0.00101122958586, -0.000534539925866, -7.34853892936e-005, 0.00038185014273, -0.000185313125257, 0.000640734506305, -0.000319917977322, -0.000549985852558], [-0.000259818596533, 0.000317374506267, -6.85438717483e-005, -0.000560962071177, -0.00101122958586, 0.00524776335806, -0.00243772845715, 0.000260670058196, 0.00010191839101, 0.000644938496407, -0.00054911110783, 0.000242812879151, -3.84144004784e-006], [4.87121724291e-005, -3.71011083189e-005, 4.44344805146e-005, 0.000743958749808, -0.000534539925866, -0.00243772845715, 0.00521539151669, -0.00190318597015, -0.000691621797159, 0.000129721840494, -0.000411782297306, -0.000426461949246, 0.000152254215209], [-0.000263137480943, -0.000114105634566, -0.000426464743214, -0.000981808872893, -7.34853892936e-005, 0.000260670058196, -0.00190318597015, 0.00638489378616, -0.00237932661548, -0.000319166312693, -0.000266695977189, 0.000640856451355, -0.000787538418081], [-7.99086556071e-005, -0.000300444546156, -6.33040035609e-005, -0.000475088920211, 0.00038185014273, 0.00010191839101, -0.000691621797159, -0.00237932661548, 0.00988683756441, -0.00510564632714, 0.000496806402225, -0.000205658187042, 0.00074042705819], [0.000329779199092, 0.000278009043541, 0.000205335658393, 0.000160079565831, -0.000185313125257, 0.000644938496407, 0.000129721840494, -0.000319166312693, -0.00510564632714, 0.0102375056595, -0.00465118745342, 3.37314122589e-005, 0.000962395453826], [1.08217827801e-005, -0.000559200823773, 0.000586456328165, -0.00061020324938, 0.000640734506305, -0.00054911110783, -0.000411782297306, -0.000266695977189, 0.000496806402225, -0.00465118745342, 0.0107274288312, -0.00499779218808, 0.00140243605711], [-0.000254792044871, 1.04627297333e-005, -0.00133591005579, -0.000567617593333, -0.000319917977322, 0.000242812879151, -0.000426461949246, 0.000640856451355, -0.000205658187042, 3.37314122589e-005, -0.00499779218808, 0.0122347101569, -0.00509941997007], [2.84572379314e-005, -0.00025793389068, 0.000296252488624, -0.000824121700134, -0.000549985852558, -3.84144004784e-006, 0.000152254215209, -0.000787538418081, 0.00074042705819, 0.000962395453826, 0.00140243605711, -0.00509941997007, 0.00986726488918]]
    },
    "spectral_contrast_coeffs": {
        "mean": [-0.564487874508, -0.66792088747, -0.760403096676, -0.762401401997, -0.758884251118, -0.761166989803],
        "var": [0.00837218388915, 0.0092437081039, 0.00744859036058, 0.00412821490318, 0.00281948014162, 0.00361294322647]
    },
    "spectral_contrast_valleys": {
        "mean": [-7.24446249008, -7.21079397202, -8.10267925262, -8.49886608124, -8.64216041565, -11.5033607483],
        "var": [1.19165074825, 0.669092953205, 1.02028644085, 1.4910993576, 2.06383109093, 3.01353335381]
    }
},
"metadata": {
    "audio_properties": {
        "analysis_sample_rate": 44100,
        "bit_rate": 128074,
        "equal_loudness": 0,
        "length": 45.0612258911,
        "lossless": 0,
        "replay_gain": -5.42226600647,
        "sample_rate": 44100,
        "codec": "mp3",
        "downmix": "mix",
        "md5_encoded": "c076e5b1c5d30c1ce63c2be9ca990397"
    },
    "tags": {
        "file_name": "1567.mp3"
    },
    "version": {
        "essentia": "2.1-beta2",
        "essentia_git_sha": "v2.1_beta2",
        "extractor": "music 1.0"
    }
},
"rhythm": {
    "beats_count": 70,
    "beats_loudness": {
        "mean": 0.130458697677,
        "var": 0.0287739112973
    },
    "bpm": 85.9123764038,
    "bpm_histogram_first_peak_bpm": {
        "mean": 86,
        "var": 0
    },
    "bpm_histogram_first_peak_spread": {
        "mean": 0.0526315681636,
        "var": 0
    },
    "bpm_histogram_first_peak_weight": {
        "mean": 0.521739125252,
        "var": 0
    },
    "bpm_histogram_second_peak_bpm": {
        "mean": 99,
        "var": 0
    },
    "bpm_histogram_second_peak_spread": {
        "mean": 0.399999976158,
        "var": 0
    },
    "bpm_histogram_second_peak_weight": {
        "mean": 0.0869565233588,
        "var": 0
    },
    "danceability": 1.17711484432,
    "onset_rate": 3.9927649498,
    "beats_loudness_band_ratio": {
        "mean": [0.66060334444, 0.155450388789, 0.134636536241, 0.0250236894935, 0.03814329952, 0.0633626505733],
        "var": [0.0867823958397, 0.0340881533921, 0.0407802350819, 0.00188847247045, 0.00377597683109, 0.0160130243748]
    },
    "beats_position": [0.719818592072, 1.46285712719, 2.22911548615, 2.99537420273, 3.70358276367, 4.41179132462, 5.10838985443, 5.80498838425, 6.5015873909, 7.19818592072, 7.90639448166, 8.6146030426, 9.31120204926, 10.0078001022, 10.7043991089, 11.4009971619, 12.0975961685, 12.7941951752, 13.4907932281, 14.1873922348, 14.8839902878, 15.5805892944, 16.2771873474, 16.9737873077, 17.6819953918, 18.3669834137, 19.0635814667, 19.760181427, 20.45677948, 21.153377533, 21.8499774933, 22.5465755463, 23.2431735992, 23.9397735596, 24.6479816437, 25.3561897278, 26.0411777496, 26.7493877411, 27.4459857941, 28.142583847, 28.8391838074, 29.5357818604, 30.1162815094, 30.7199993134, 31.3237190247, 31.9158267975, 32.5079345703, 33.111656189, 33.7153739929, 34.3190917969, 34.9112014771, 35.514919281, 36.0489807129, 36.5830383301, 37.1287078857, 37.6395454407, 38.1619949341, 38.638004303, 39.1372337341, 39.6248512268, 40.1008605957, 40.5768699646, 41.0528793335, 41.5404968262, 42.0281181335, 42.492515564, 42.9801368713, 43.4909744263, 43.9785919189, 44.4546012878]
},
"tonal": {
    "chords_changes_rate": 0.074074074626,
    "chords_number_rate": 0.0113168722019,
    "chords_strength": {
        "mean": 0.442492574453,
        "var": 0.00914611201733
    },
    "hpcp_entropy": {
        "mean": 2.02511000633,
        "var": 0.656233787537
    },
    "key_strength": 0.595739662647,
    "tuning_diatonic_strength": 0.453665167093,
    "tuning_equal_tempered_deviation": 0.208482936025,
    "tuning_frequency": 434.695007324,
    "tuning_nontempered_energy_ratio": 0.892873823643,
    "hpcp": {
        "mean": [0.136991992593, 0.131825238466, 0.0706107243896, 0.0952706485987, 0.139600008726, 0.0927820429206, 0.0439932234585, 0.0429547615349, 0.04841388762, 0.0697725042701, 0.071131400764, 0.0618422068655, 0.0961299911141, 0.112734556198, 0.0805235952139, 0.0558659806848, 0.0509184896946, 0.110573776066, 0.184022977948, 0.143483132124, 0.0708214789629, 0.0802543833852, 0.0894048660994, 0.125021845102, 0.276448130608, 0.258608937263, 0.0990905463696, 0.0747966840863, 0.085161164403, 0.068465590477, 0.0712563544512, 0.080737195909, 0.0789388865232, 0.0866717994213, 0.0779113247991, 0.07970803231],
        "var": [0.0847049057484, 0.0760901123285, 0.0245774369687, 0.0404399074614, 0.0957379862666, 0.0422581471503, 0.0186745151877, 0.0199425294995, 0.0198421459645, 0.0296750664711, 0.0265378635377, 0.0242302771658, 0.0437225997448, 0.0535405091941, 0.0387512221932, 0.0280745625496, 0.024819791317, 0.0469508506358, 0.116820968688, 0.0699831843376, 0.0306874830276, 0.0363007523119, 0.0431516356766, 0.0346765257418, 0.139503568411, 0.123308233917, 0.0262642186135, 0.0387442037463, 0.0480306372046, 0.0351266749203, 0.0313251055777, 0.0389112010598, 0.0343185327947, 0.0415221303701, 0.03434317559, 0.0291873048991]
    },
    "chords_histogram": [25.6172847748, 18.8271598816, 8.74485588074, 0.102880656719, 1.13168728352, 0, 0, 3.29218101501, 4.11522626877, 0.411522626877, 1.95473253727, 0, 0, 0, 0, 0, 0, 19.4444446564, 0.514403283596, 0.514403283596, 0, 8.33333301544, 3.18930029869, 3.80658435822],
    "thpcp": [1, 0.935470044613, 0.358441740274, 0.270563185215, 0.308054775, 0.247661620378, 0.25775668025, 0.292051881552, 0.285546839237, 0.313519209623, 0.281829804182, 0.288329064846, 0.495543211699, 0.476853430271, 0.255421251059, 0.344623953104, 0.504977226257, 0.335621893406, 0.159137353301, 0.155380904675, 0.175128281116, 0.252389132977, 0.257304698229, 0.223702743649, 0.347732454538, 0.407796412706, 0.291279226542, 0.202084854245, 0.184188216925, 0.399980187416, 0.665669083595, 0.51902371645, 0.256183594465, 0.290305405855, 0.323405563831, 0.452243417501],
    "chords_key": "A#",
    "chords_scale": "minor",
    "key_key": "A#",
    "key_scale": "minor"
}
}