{
"lowlevel": {
    "average_loudness": 0.980763792992,
    "barkbands_crest": {
        "mean": 15.1921014786,
        "var": 30.4553756714
    },
    "barkbands_flatness_db": {
        "mean": 0.19590087235,
        "var": 0.00527004944161
    },
    "barkbands_kurtosis": {
        "mean": 25.2183017731,
        "var": 1983.02563477
    },
    "barkbands_skewness": {
        "mean": 3.41784095764,
        "var": 8.12470436096
    },
    "barkbands_spread": {
        "mean": 26.6422367096,
        "var": 661.93347168
    },
    "dissonance": {
        "mean": 0.466189652681,
        "var": 0.000798819353804
    },
    "dynamic_complexity": 1.5458509922,
    "erbbands_crest": {
        "mean": 8.55452346802,
        "var": 14.2183256149
    },
    "erbbands_flatness_db": {
        "mean": 0.142491400242,
        "var": 0.00124595290981
    },
    "erbbands_kurtosis": {
        "mean": 1.48680341244,
        "var": 31.7465438843
    },
    "erbbands_skewness": {
        "mean": -0.119632191956,
        "var": 1.99774622917
    },
    "erbbands_spread": {
        "mean": 60.823135376,
        "var": 837.788513184
    },
    "hfc": {
        "mean": 31.0411567688,
        "var": 1895.34802246
    },
    "melbands_crest": {
        "mean": 19.5898284912,
        "var": 28.9625644684
    },
    "melbands_flatness_db": {
        "mean": 0.270649701357,
        "var": 0.0096339341253
    },
    "melbands_kurtosis": {
        "mean": 71.6405563354,
        "var": 7006.37353516
    },
    "melbands_skewness": {
        "mean": 6.03539848328,
        "var": 11.7385435104
    },
    "melbands_spread": {
        "mean": 22.6914272308,
        "var": 1150.05456543
    },
    "pitch_salience": {
        "mean": 0.429202109575,
        "var": 0.0195710603148
    },
    "silence_rate_20dB": {
        "mean": 1,
        "var": 0
    },
    "silence_rate_30dB": {
        "mean": 0.920700311661,
        "var": 0.07300978899
    },
    "silence_rate_60dB": {
        "mean": 0.00360453152098,
        "var": 0.00359144899994
    },
    "spectral_centroid": {
        "mean": 1627.37695313,
        "var": 1319211.375
    },
    "spectral_complexity": {
        "mean": 14.0895986557,
        "var": 94.0166931152
    },
    "spectral_decrease": {
        "mean": -1.26093739894e-008,
        "var": 8.27014382337e-017
    },
    "spectral_energy": {
        "mean": 0.0504061989486,
        "var": 0.00119614216965
    },
    "spectral_energyband_high": {
        "mean": 0.00283120363019,
        "var": 3.22461419273e-005
    },
    "spectral_energyband_low": {
        "mean": 0.0368297621608,
        "var": 0.00113663228694
    },
    "spectral_energyband_middle_high": {
        "mean": 0.00288213184103,
        "var": 1.53699711518e-005
    },
    "spectral_energyband_middle_low": {
        "mean": 0.0132941007614,
        "var": 0.000200831549591
    },
    "spectral_entropy": {
        "mean": 7.54084205627,
        "var": 0.353999227285
    },
    "spectral_flux": {
        "mean": 0.110182158649,
        "var": 0.00317973317578
    },
    "spectral_kurtosis": {
        "mean": 2.79237890244,
        "var": 7.20834493637
    },
    "spectral_rms": {
        "mean": 0.0065935025923,
        "var": 5.70248994336e-006
    },
    "spectral_rolloff": {
        "mean": 1547.09655762,
        "var": 5450355
    },
    "spectral_skewness": {
        "mean": 1.1264166832,
        "var": 0.337802261114
    },
    "spectral_spread": {
        "mean": 5495886,
        "var": 3.28849188454e+012
    },
    "spectral_strongpeak": {
        "mean": 0.764655828476,
        "var": 0.541642427444
    },
    "zerocrossingrate": {
        "mean": 0.0563555024564,
        "var": 0.00263015762903
    },
    "barkbands": {
        "mean": [0.00091055163648, 0.0252540744841, 0.00531483907253, 0.00951228942722, 0.00173388409894, 0.00087975297356, 0.000330805225531, 0.00036159766023, 0.000363410334103, 0.000293597724522, 0.000162084790645, 0.0002793406602, 0.00016336896806, 0.000244283728534, 0.000170098268427, 0.00016981184308, 0.000336892349878, 0.000363561761333, 0.000493163708597, 0.000540307722986, 0.000539045664482, 0.000553430465516, 0.000588264199905, 0.000497346045449, 0.000300518790027, 4.83557123516e-005, 1.51905442181e-006],
        "var": [7.45134320823e-006, 0.00101991696283, 3.95561619371e-005, 0.000148949504364, 8.30560111353e-006, 2.35629386225e-006, 6.63248954424e-007, 9.12249845442e-007, 6.96318920745e-007, 3.4305577401e-007, 1.81402128874e-007, 4.86090243612e-007, 1.70959395973e-007, 4.46031577894e-007, 1.47944675177e-007, 1.36489362035e-007, 5.0562459819e-007, 4.41418592345e-007, 1.04056334749e-006, 7.51891377604e-007, 1.11603901587e-006, 1.53540588599e-006, 3.11978806167e-006, 2.21686855184e-006, 1.10712335299e-006, 1.03368353876e-008, 2.55328553439e-011]
    },
    "erbbands": {
        "mean": [0.35625872016, 6.69537496567, 9.39985847473, 21.7534198761, 13.9638671875, 5.52400302887, 10.6550350189, 4.70294761658, 4.47821426392, 5.6143116951, 9.49908161163, 8.22194099426, 8.62754631042, 6.7189874649, 10.7210969925, 8.34205627441, 7.08879947662, 10.4707603455, 12.0932693481, 8.1916809082, 10.7645797729, 20.0048503876, 21.4875354767, 19.3788967133, 27.2687549591, 25.1359462738, 24.7507209778, 20.3024024963, 19.4609127045, 17.0743255615, 17.1158294678, 13.6679897308, 6.26147079468, 4.3342628479, 1.58788323402, 0.305733770132, 0.0757362246513, 0.0122939832509, 0.000307104754029, 7.43799027987e-005],
        "var": [0.194148600101, 72.5946578979, 86.8896026611, 745.62097168, 300.72467041, 86.9192199707, 556.708984375, 104.102729797, 131.901733398, 272.259246826, 414.376403809, 359.85546875, 246.552658081, 208.172058105, 593.371704102, 387.748077393, 294.105957031, 600.226013184, 1003.37139893, 257.972229004, 509.597473145, 1807.33813477, 1483.86950684, 1644.91540527, 2648.04345703, 1778.29772949, 1961.52722168, 1665.94726563, 1885.02722168, 2027.20080566, 2725.99438477, 2065.93310547, 297.257324219, 242.024093628, 30.4460258484, 0.675684452057, 0.0242131780833, 0.000459954811959, 2.95551672025e-007, 2.92979573935e-009]
    },
    "gfcc": {
        "mean": [-1.84519922733, 69.3117980957, -81.6062164307, 69.7718353271, -47.3132247925, 24.3210525513, -25.0346927643, 14.9302911758, -25.4401683807, -2.28919053078, -18.9983844757, -5.79745006561, -12.330701828],
        "cov": [[3608.74951172, -951.612854004, -669.409973145, 249.419204712, -349.640228271, 193.545272827, -293.611358643, 131.647033691, -130.029312134, 57.1218528748, -11.6382112503, 43.7831535339, -1.69091701508], [-951.612854004, 1615.43688965, -0.505997538567, -567.322631836, 477.379241943, -403.045898438, 212.326065063, -120.508575439, -11.401720047, -102.940078735, 91.4809799194, -114.287483215, -51.5089912415], [-669.409973145, -0.505997538567, 1054.46289063, 123.361717224, 74.0494842529, 39.0885734558, 43.086353302, -203.734649658, -49.3326568604, 7.5252828598, -114.215782166, 116.866912842, -15.4761285782], [249.419204712, -567.322631836, 123.361717224, 626.831665039, -137.714675903, 182.912796021, -91.3321609497, 35.680973053, 79.877822876, 33.2681045532, 14.5574026108, -5.37573671341, 64.0201873779], [-349.640228271, 477.379241943, 74.0494842529, -137.714675903, 479.432342529, -79.2721328735, 112.064994812, -15.5292797089, 6.94401836395, 11.3313770294, 15.9887313843, -10.2892370224, -33.6656799316], [193.545272827, -403.045898438, 39.0885734558, 182.912796021, -79.2721328735, 407.270446777, 99.1557922363, 107.725906372, 71.4838867188, 76.2469940186, 18.9319171906, 8.42293930054, 39.778968811], [-293.611358643, 212.326065063, 43.086353302, -91.3321609497, 112.064994812, 99.1557922363, 313.630706787, 101.182228088, 17.1669235229, 16.5847244263, 41.2286949158, -7.05551958084, -7.3659529686], [131.647033691, -120.508575439, -203.734649658, 35.680973053, -15.5292797089, 107.725906372, 101.182228088, 260.157318115, 103.843605042, 38.2062072754, 55.5883522034, -33.9673309326, 13.1912765503], [-130.029312134, -11.401720047, -49.3326568604, 79.877822876, 6.94401836395, 71.4838867188, 17.1669235229, 103.843605042, 217.342651367, 62.6619911194, 8.78944969177, -41.6302146912, 9.03409767151], [57.1218528748, -102.940078735, 7.5252828598, 33.2681045532, 11.3313770294, 76.2469940186, 16.5847244263, 38.2062072754, 62.6619911194, 158.781219482, 29.0687770844, -3.34032225609, 7.51311588287], [-11.6382112503, 91.4809799194, -114.215782166, 14.5574026108, 15.9887313843, 18.9319171906, 41.2286949158, 55.5883522034, 8.78944969177, 29.0687770844, 152.473526001, -4.04696893692, -0.439437806606], [43.7831535339, -114.287483215, 116.866912842, -5.37573671341, -10.2892370224, 8.42293930054, -7.05551958084, -33.9673309326, -41.6302146912, -3.34032225609, -4.04696893692, 125.935852051, 14.553106308], [-1.69091701508, -51.5089912415, -15.4761285782, 64.0201873779, -33.6656799316, 39.778968811, -7.3659529686, 13.1912765503, 9.03409767151, 7.51311588287, -0.439437806606, 14.553106308, 89.1387557983]],
        "icov": [[0.000463763804873, -0.000107265877887, 0.000383609032724, -0.000275274098385, 0.000136371847475, -0.000339092628565, 0.000483742711367, -0.000402472680435, 0.000696751987562, -0.00039763719542, 0.000481021881569, -0.000503534916788, 0.000560961547308], [-0.000107265877887, 0.00337449274957, -0.000659523881041, 0.00229230057448, -0.00176171539351, 0.00225800019689, -0.00202378770337, 0.00243756407872, -0.00226726778783, 0.00215231091715, -0.00337548088282, 0.00355390366167, -0.00256239296868], [0.000383609032724, -0.000659523881041, 0.00201841956005, -0.00121385254897, 0.000221949710976, -0.000712630280759, -0.000161552423378, 0.000668135413434, 0.000717437593266, -0.000997145893052, 0.00200969190337, -0.00232230033726, 0.00153841008432], [-0.000275274098385, 0.00229230057448, -0.00121385254897, 0.0041325991042, -0.000950351939537, 0.000607982568908, -0.000299518636893, 0.00142756442074, -0.00234763324261, 0.00198820675723, -0.00328163709491, 0.00327042513527, -0.00320544629358], [0.000136371847475, -0.00176171539351, 0.000221949710976, -0.000950351939537, 0.0035583388526, -0.000553951773327, 4.79168338643e-005, -0.000925087777432, 0.00086792348884, -0.00151770527009, 0.00154311454389, -0.00171959947329, 0.00176594371442], [-0.000339092628565, 0.00225800019689, -0.000712630280759, 0.000607982568908, -0.000553951773327, 0.00564146786928, -0.00314155267552, 0.00104387430474, -0.00203565158881, 0.000239818808041, -0.00202596420422, 0.00210260553285, -0.00257004634477], [0.000483742711367, -0.00202378770337, -0.000161552423378, -0.000299518636893, 4.79168338643e-005, -0.00314155267552, 0.00701610418037, -0.00412034150213, 0.00253654806875, -0.00098236289341, 0.0011491458863, -0.00172465515789, 0.00174932577647], [-0.000402472680435, 0.00243756407872, 0.000668135413434, 0.00142756442074, -0.000925087777432, 0.00104387430474, -0.00412034150213, 0.00946002732962, -0.00478922715411, 0.00180089881178, -0.00350166484714, 0.0025708025787, -0.00216741696931], [0.000696751987562, -0.00226726778783, 0.000717437593266, -0.00234763324261, 0.00086792348884, -0.00203565158881, 0.00253654806875, -0.00478922715411, 0.00932166539133, -0.00392633723095, 0.00358343101107, -0.00117758265696, 0.00226440653205], [-0.00039763719542, 0.00215231091715, -0.000997145893052, 0.00198820675723, -0.00151770527009, 0.000239818808041, -0.00098236289341, 0.00180089881178, -0.00392633723095, 0.00957986153662, -0.00406079087406, 0.00247532199137, -0.00222646864131], [0.000481021881569, -0.00337548088282, 0.00200969190337, -0.00328163709491, 0.00154311454389, -0.00202596420422, 0.0011491458863, -0.00350166484714, 0.00358343101107, -0.00406079087406, 0.0119451563805, -0.00481968279928, 0.00368933146819], [-0.000503534916788, 0.00355390366167, -0.00232230033726, 0.00327042513527, -0.00171959947329, 0.00210260553285, -0.00172465515789, 0.0025708025787, -0.00117758265696, 0.00247532199137, -0.00481968279928, 0.014076994732, -0.00522998906672], [0.000560961547308, -0.00256239296868, 0.00153841008432, -0.00320544629358, 0.00176594371442, -0.00257004634477, 0.00174932577647, -0.00216741696931, 0.00226440653205, -0.00222646864131, 0.00368933146819, -0.00522998906672, 0.0154270809144]]
    },
    "melbands": {
        "mean": [0.00543447816744, 0.00685498630628, 0.00354365888052, 0.000548045965843, 0.000347581837559, 0.000120411190437, 6.54609830235e-005, 6.40077123535e-005, 8.34507372929e-005, 4.61187810288e-005, 4.35173751612e-005, 2.78982915916e-005, 2.98138475046e-005, 3.23547537846e-005, 1.78179543582e-005, 1.54663594003e-005, 2.00899557967e-005, 2.14792307816e-005, 1.17852623589e-005, 1.08543590613e-005, 1.26894083223e-005, 1.9696981326e-005, 2.28183798754e-005, 1.57253743964e-005, 1.51952235683e-005, 1.95955981326e-005, 1.86277848115e-005, 1.63269141922e-005, 1.63082913787e-005, 1.22321380331e-005, 1.21239045257e-005, 1.15383054435e-005, 9.68562108028e-006, 9.3500393632e-006, 9.91196611722e-006, 9.65262552199e-006, 7.87194676377e-006, 4.54784185422e-006, 3.51685002897e-006, 3.71233386431e-006],
        "var": [4.66729507025e-005, 5.74229925405e-005, 1.83726606338e-005, 4.74890327951e-007, 5.49444280296e-007, 5.37997308925e-008, 2.58340957515e-008, 3.52764608635e-008, 2.84256529426e-008, 1.16132676808e-008, 6.79631195766e-009, 4.16663015201e-009, 4.99396435316e-009, 6.66970256802e-009, 3.34863115015e-009, 1.40534350823e-009, 2.55123611126e-009, 3.91582233306e-009, 7.57258755701e-010, 5.55740120589e-010, 8.1332091062e-010, 2.0097208342e-009, 1.91455851173e-009, 7.98460686458e-010, 1.23716770162e-009, 1.5448297086e-009, 1.3028591539e-009, 7.86154585874e-010, 8.45592151855e-010, 6.28153251636e-010, 6.89420742717e-010, 7.16370629483e-010, 5.49526313343e-010, 7.24728665968e-010, 9.17381337562e-010, 1.1994421012e-009, 6.5433969354e-010, 1.5047296742e-010, 1.28029864488e-010, 1.97773089572e-010]
    },
    "mfcc": {
        "mean": [-650.948913574, 89.1976013184, 31.8648319244, 49.1333580017, 15.8155660629, 15.3916521072, 15.7677612305, 13.2881593704, 7.99676036835, 6.41634321213, -1.84628915787, 1.3467438221, -4.70953607559],
        "cov": [[3793.79125977, -1440.15722656, -466.207305908, -173.721252441, -88.454864502, -140.200576782, -111.906402588, -3.15220499039, -86.9579925537, 27.9182682037, 16.6765480042, 32.5312614441, -5.71407365799], [-1440.15722656, 2270.58227539, -455.187652588, -61.7381477356, 52.2755737305, -189.685745239, 203.988769531, -102.448204041, -72.067855835, -36.7941627502, -70.3522796631, -29.9634952545, 25.9460449219], [-466.207305908, -455.187652588, 929.023010254, 135.924072266, -12.4040622711, 253.74772644, -76.1835021973, 12.4575996399, 34.9846611023, -98.4724502563, -40.0505981445, -20.8273239136, -14.4504985809], [-173.721252441, -61.7381477356, 135.924072266, 342.813720703, 109.470039368, 24.3375854492, -29.0317497253, -24.1589622498, -13.97290802, -21.5038795471, -33.7962722778, -8.50445747375, -10.0517950058], [-88.454864502, 52.2755737305, -12.4040622711, 109.470039368, 258.087646484, 55.983959198, -30.0288887024, -21.4899044037, 7.12140321732, 19.3054389954, 5.50578403473, 6.29363155365, 0.395172774792], [-140.200576782, -189.685745239, 253.74772644, 24.3375854492, 55.983959198, 295.758148193, 33.2304191589, -1.01526725292, 76.8563308716, -33.2960281372, 43.7547264099, 18.7242698669, -7.15974855423], [-111.906402588, 203.988769531, -76.1835021973, -29.0317497253, -30.0288887024, 33.2304191589, 287.018493652, 73.5759887695, 22.8293857574, 11.6205778122, 30.5380649567, 51.0265617371, 78.4898452759], [-3.15220499039, -102.448204041, 12.4575996399, -24.1589622498, -21.4899044037, -1.01526725292, 73.5759887695, 204.399703979, 48.7427101135, 52.5065460205, 36.3858718872, 12.1498479843, 22.7119216919], [-86.9579925537, -72.067855835, 34.9846611023, -13.97290802, 7.12140321732, 76.8563308716, 22.8293857574, 48.7427101135, 211.164840698, 68.0201339722, 63.9661979675, 51.0445137024, 6.71209144592], [27.9182682037, -36.7941627502, -98.4724502563, -21.5038795471, 19.3054389954, -33.2960281372, 11.6205778122, 52.5065460205, 68.0201339722, 197.96434021, 81.5696792603, 39.3025970459, 9.97287750244], [16.6765480042, -70.3522796631, -40.0505981445, -33.7962722778, 5.50578403473, 43.7547264099, 30.5380649567, 36.3858718872, 63.9661979675, 81.5696792603, 166.425308228, 78.5571212769, 13.7918796539], [32.5312614441, -29.9634952545, -20.8273239136, -8.50445747375, 6.29363155365, 18.7242698669, 51.0265617371, 12.1498479843, 51.0445137024, 39.3025970459, 78.5571212769, 168.444030762, 60.5057258606], [-5.71407365799, 25.9460449219, -14.4504985809, -10.0517950058, 0.395172774792, -7.15974855423, 78.4898452759, 22.7119216919, 6.71209144592, 9.97287750244, 13.7918796539, 60.5057258606, 148.328094482]],
        "icov": [[0.000489629979711, 0.000427859748015, 0.000398217147449, 0.000196619934286, -1.65166420629e-005, 0.000114349742944, -6.1693470343e-005, 0.000147951053805, 0.00017208729696, 0.000117548035632, 0.000149232218973, -0.000124335900182, 3.28468959196e-005], [0.000427859748015, 0.000966011662968, 0.000473646796308, 0.000299357343465, -0.000326499139192, 0.000519822177012, -0.000696557224728, 0.000576095771976, 3.76696480089e-005, 0.000267416791758, 0.000236038671574, 4.5333916205e-005, 0.000160153504112], [0.000398217147449, 0.000473646796308, 0.00218578870408, -0.000571359531023, 0.000753434724174, -0.00167572952341, 0.000723732402548, -0.000395122973714, 0.000208157245652, 0.000431726337411, 0.000762115407269, -0.000183428128366, -0.000333138013957], [0.000196619934286, 0.000299357343465, -0.000571359531023, 0.00391346774995, -0.00189090205822, 0.000799470755737, -0.00042947079055, 0.000415145681472, 7.97997563495e-005, 0.000167077741935, 0.00057862297399, -0.00025525977253, 0.00040755191003], [-1.65166420629e-005, -0.000326499139192, 0.000753434724174, -0.00189090205822, 0.00544480793178, -0.00216596992686, 0.00128338660579, -0.000144384277519, 0.000432530156104, -0.00103548110928, 0.000339993595844, -0.000204730953556, -0.000672385736834], [0.000114349742944, 0.000519822177012, -0.00167572952341, 0.000799470755737, -0.00216596992686, 0.00684881303459, -0.00208682473749, 0.00125815789215, -0.00206893775612, 0.00191986444406, -0.00216532964259, 0.000604372762609, 0.000971727014985], [-6.1693470343e-005, -0.000696557224728, 0.000723732402548, -0.00042947079055, 0.00128338660579, -0.00208682473749, 0.00579478498548, -0.00222675153054, 0.0004058520135, 5.69380463276e-005, 0.000114590431622, -0.000790024409071, -0.00237929238938], [0.000147951053805, 0.000576095771976, -0.000395122973714, 0.000415145681472, -0.000144384277519, 0.00125815789215, -0.00222675153054, 0.00665068253875, -0.00110772880726, -0.00099550455343, -0.000730486819521, 0.00106275035068, -0.000132884393679], [0.00017208729696, 3.76696480089e-005, 0.000208157245652, 7.97997563495e-005, 0.000432530156104, -0.00206893775612, 0.0004058520135, -0.00110772880726, 0.00678519299254, -0.00199913419783, -0.000219002802623, -0.00142429268453, 0.000308289832901], [0.000117548035632, 0.000267416791758, 0.000431726337411, 0.000167077741935, -0.00103548110928, 0.00191986444406, 5.69380463276e-005, -0.00099550455343, -0.00199913419783, 0.00799640454352, -0.00328984879889, 0.000245314615313, -1.24822436192e-005], [0.000149232218973, 0.000236038671574, 0.000762115407269, 0.00057862297399, 0.000339993595844, -0.00216532964259, 0.000114590431622, -0.000730486819521, -0.000219002802623, -0.00328984879889, 0.0106352949515, -0.00407713325694, 0.000929055444431], [-0.000124335900182, 4.5333916205e-005, -0.000183428128366, -0.00025525977253, -0.000204730953556, 0.000604372762609, -0.000790024409071, 0.00106275035068, -0.00142429268453, 0.000245314615313, -0.00407713325694, 0.00945964735001, -0.0031945486553], [3.28468959196e-005, 0.000160153504112, -0.000333138013957, 0.00040755191003, -0.000672385736834, 0.000971727014985, -0.00237929238938, -0.000132884393679, 0.000308289832901, -1.24822436192e-005, 0.000929055444431, -0.0031945486553, 0.0092419218272]]
    },
    "spectral_contrast_coeffs": {
        "mean": [-0.597057342529, -0.718177497387, -0.765318036079, -0.794335067272, -0.774156928062, -0.760741651058],
        "var": [0.00853605568409, 0.00713789369911, 0.00454181386158, 0.00412771431729, 0.00353684043512, 0.00165631854907]
    },
    "spectral_contrast_valleys": {
        "mean": [-7.031437397, -7.57255125046, -8.09144306183, -8.28056144714, -7.53211784363, -9.67385864258],
        "var": [0.583690345287, 0.524183869362, 0.62526923418, 0.576624810696, 0.782694935799, 1.27956032753]
    }
},
"metadata": {
    "audio_properties": {
        "analysis_sample_rate": 44100,
        "bit_rate": 128074,
        "equal_loudness": 0,
        "length": 45.0612258911,
        "lossless": 0,
        "replay_gain": -5.75665473938,
        "sample_rate": 44100,
        "codec": "mp3",
        "downmix": "mix",
        "md5_encoded": "085132ed2490f8a1fe07187883e47c57"
    },
    "tags": {
        "file_name": "1568.mp3"
    },
    "version": {
        "essentia": "2.1-beta2",
        "essentia_git_sha": "v2.1_beta2",
        "extractor": "music 1.0"
    }
},
"rhythm": {
    "beats_count": 72,
    "beats_loudness": {
        "mean": 0.0618436411023,
        "var": 0.00184103427455
    },
    "bpm": 96.0411605835,
    "bpm_histogram_first_peak_bpm": {
        "mean": 96,
        "var": 0
    },
    "bpm_histogram_first_peak_spread": {
        "mean": 0.544117629528,
        "var": 0
    },
    "bpm_histogram_first_peak_weight": {
        "mean": 0.436619728804,
        "var": 0
    },
    "bpm_histogram_second_peak_bpm": {
        "mean": 101,
        "var": 0
    },
    "bpm_histogram_second_peak_spread": {
        "mean": 0.666666686535,
        "var": 0
    },
    "bpm_histogram_second_peak_weight": {
        "mean": 0.0140845067799,
        "var": 0
    },
    "danceability": 1.49331605434,
    "onset_rate": 5.72296285629,
    "beats_loudness_band_ratio": {
        "mean": [0.622708082199, 0.0524170137942, 0.032853320241, 0.0276076253504, 0.0707765743136, 0.202602624893],
        "var": [0.0892988666892, 0.00716817704961, 0.00227318820544, 0.000967128318734, 0.00493081053719, 0.0356820300221]
    },
    "beats_position": [0.580498874187, 1.16099774837, 1.72988653183, 2.32199549675, 2.93732428551, 3.55265307426, 4.17959165573, 4.80653047562, 5.4334692955, 6.06040811539, 6.68734693527, 7.30267572403, 7.91800451279, 8.52172279358, 9.16027164459, 9.81043052673, 10.4489793777, 11.0759181976, 11.7028570175, 12.3297958374, 12.9567346573, 13.5604534149, 14.1873922348, 14.8259410858, 15.4644899368, 16.0798187256, 16.6951465607, 17.3104763031, 17.9490242004, 18.5643539429, 19.1912918091, 19.8298416138, 20.45677948, 21.0837192535, 21.6990470886, 22.3143768311, 22.9413146973, 23.5682544708, 24.195192337, 24.8337402344, 25.4722900391, 26.0876178741, 26.7029476166, 27.3066654205, 27.9336051941, 28.5605430603, 29.1874828339, 29.8260307312, 30.4645805359, 31.079908371, 31.6952381134, 32.322177887, 32.9491157532, 33.5644454956, 34.1797714233, 34.8067131042, 35.4336509705, 36.0605888367, 36.6875267029, 37.3028564453, 37.94140625, 38.5915641785, 39.2185020447, 39.8338317871, 40.4491615295, 41.0644874573, 41.6798171997, 42.3067550659, 42.9336967468, 43.560634613, 44.1875724792, 44.8145103455]
},
"tonal": {
    "chords_changes_rate": 0.0720164626837,
    "chords_number_rate": 0.00823045242578,
    "chords_strength": {
        "mean": 0.499944239855,
        "var": 0.00695342477411
    },
    "hpcp_entropy": {
        "mean": 2.24643063545,
        "var": 0.60696464777
    },
    "key_strength": 0.479176610708,
    "tuning_diatonic_strength": 0.398770540953,
    "tuning_equal_tempered_deviation": 0.209006652236,
    "tuning_frequency": 441.272583008,
    "tuning_nontempered_energy_ratio": 0.868801057339,
    "hpcp": {
        "mean": [0.037864163518, 0.0367183499038, 0.035346545279, 0.039065644145, 0.0423900298774, 0.0379455164075, 0.035920444876, 0.0378892347217, 0.0450649037957, 0.0521758459508, 0.0591122359037, 0.0683622285724, 0.0811229124665, 0.0737343207002, 0.0589961893857, 0.0851839035749, 0.13480296731, 0.230950161815, 0.383857995272, 0.373802274466, 0.267401725054, 0.29231891036, 0.279407203197, 0.161913007498, 0.0655906423926, 0.0347550399601, 0.0287806913257, 0.0213277861476, 0.0215681996197, 0.0273463670164, 0.0318438559771, 0.0311984587461, 0.0367486588657, 0.048525955528, 0.0494718514383, 0.0420782491565],
        "var": [0.0116169592366, 0.0113125229254, 0.0103028714657, 0.0132763972506, 0.0174464359879, 0.0129937790334, 0.013119969517, 0.0135216945782, 0.0203929655254, 0.0240290425718, 0.0247800219804, 0.0306103434414, 0.0431650057435, 0.0378315113485, 0.0221547447145, 0.0396721586585, 0.0702289566398, 0.0912498086691, 0.151645854115, 0.142576172948, 0.0926437973976, 0.139879956841, 0.140995964408, 0.0814164057374, 0.0284056924284, 0.0147263808176, 0.0125525053591, 0.00642093457282, 0.00527594378218, 0.00793492328376, 0.00837515108287, 0.00854873284698, 0.0125708887354, 0.0175258535892, 0.0169104840606, 0.0122516555712]
    },
    "chords_histogram": [2.16049385071, 0.514403283596, 0, 0, 0, 0, 0, 33.436214447, 37.0370368958, 8.64197540283, 0, 0, 0, 0, 1.44032919407, 9.46502017975, 0.514403283596, 0, 0, 0, 0, 1.13168728352, 5.65843629837, 0],
    "thpcp": [1, 0.973803520203, 0.696616292, 0.761528789997, 0.727892100811, 0.421804428101, 0.170872151852, 0.0905414000154, 0.0749774426222, 0.055561657995, 0.0561879649758, 0.0712408423424, 0.0829573869705, 0.0812760442495, 0.0957350358367, 0.126416429877, 0.128880605102, 0.109619311988, 0.0986410677433, 0.0956560745835, 0.0920823439956, 0.101771086454, 0.110431544483, 0.098853006959, 0.0935774296522, 0.0987063869834, 0.117399938405, 0.135924860835, 0.153995066881, 0.178092494607, 0.211335733533, 0.192087501287, 0.153692752123, 0.221915140748, 0.351179271936, 0.601655185223],
    "chords_key": "C",
    "chords_scale": "minor",
    "key_key": "G#",
    "key_scale": "minor"
}
}