{
"lowlevel": {
    "average_loudness": 0.935329556465,
    "barkbands_crest": {
        "mean": 12.8759889603,
        "var": 39.5945625305
    },
    "barkbands_flatness_db": {
        "mean": 0.12985022366,
        "var": 0.00328069156967
    },
    "barkbands_kurtosis": {
        "mean": 8.94646072388,
        "var": 292.734436035
    },
    "barkbands_skewness": {
        "mean": 2.13262557983,
        "var": 4.70195484161
    },
    "barkbands_spread": {
        "mean": 26.5086936951,
        "var": 213.880233765
    },
    "dissonance": {
        "mean": 0.480742514133,
        "var": 0.0002393231116
    },
    "dynamic_complexity": 2.07267260551,
    "erbbands_crest": {
        "mean": 7.68983840942,
        "var": 16.4632167816
    },
    "erbbands_flatness_db": {
        "mean": 0.132333785295,
        "var": 0.001865182654
    },
    "erbbands_kurtosis": {
        "mean": -0.0719745457172,
        "var": 1.42807424068
    },
    "erbbands_skewness": {
        "mean": -0.22699098289,
        "var": 0.393184095621
    },
    "erbbands_spread": {
        "mean": 49.9863090515,
        "var": 483.014526367
    },
    "hfc": {
        "mean": 27.6617546082,
        "var": 338.000701904
    },
    "melbands_crest": {
        "mean": 18.3226299286,
        "var": 59.5423316956
    },
    "melbands_flatness_db": {
        "mean": 0.187935069203,
        "var": 0.00705165602267
    },
    "melbands_kurtosis": {
        "mean": 38.7460784912,
        "var": 4146.58398438
    },
    "melbands_skewness": {
        "mean": 4.28075170517,
        "var": 13.3738832474
    },
    "melbands_spread": {
        "mean": 28.2279224396,
        "var": 506.269256592
    },
    "pitch_salience": {
        "mean": 0.473322600126,
        "var": 0.0294131506234
    },
    "silence_rate_20dB": {
        "mean": 1,
        "var": 0
    },
    "silence_rate_30dB": {
        "mean": 0.867662191391,
        "var": 0.114827133715
    },
    "silence_rate_60dB": {
        "mean": 0.0123583935201,
        "var": 0.0122056249529
    },
    "spectral_centroid": {
        "mean": 1942.09875488,
        "var": 373874.03125
    },
    "spectral_complexity": {
        "mean": 25.4253349304,
        "var": 148.0209198
    },
    "spectral_decrease": {
        "mean": -1.32703119604e-008,
        "var": 1.2513968148e-016
    },
    "spectral_energy": {
        "mean": 0.052594255656,
        "var": 0.00181455607526
    },
    "spectral_energyband_high": {
        "mean": 0.00157503073569,
        "var": 1.87788793937e-006
    },
    "spectral_energyband_low": {
        "mean": 0.0361265204847,
        "var": 0.0016804812476
    },
    "spectral_energyband_middle_high": {
        "mean": 0.0055449292995,
        "var": 2.12284739973e-005
    },
    "spectral_energyband_middle_low": {
        "mean": 0.0103023797274,
        "var": 0.000214388972381
    },
    "spectral_entropy": {
        "mean": 7.90124320984,
        "var": 0.056196719408
    },
    "spectral_flux": {
        "mean": 0.128344371915,
        "var": 0.00524537265301
    },
    "spectral_kurtosis": {
        "mean": 2.89512228966,
        "var": 1.43638920784
    },
    "spectral_rms": {
        "mean": 0.00645929249004,
        "var": 9.58893269853e-006
    },
    "spectral_rolloff": {
        "mean": 1773.19372559,
        "var": 3155171.75
    },
    "spectral_skewness": {
        "mean": 1.26073372364,
        "var": 0.0704851821065
    },
    "spectral_spread": {
        "mean": 5094689,
        "var": 1.69377857536e+012
    },
    "spectral_strongpeak": {
        "mean": 0.850713014603,
        "var": 1.20162200928
    },
    "zerocrossingrate": {
        "mean": 0.0712490826845,
        "var": 0.00217840215191
    },
    "barkbands": {
        "mean": [0.00317666865885, 0.0286234412342, 0.00354535900988, 0.00245938450098, 0.00327347172424, 0.00180273270234, 0.000949617358856, 0.00049751525512, 0.00103219703306, 0.000671753194183, 0.000442923075752, 0.000297204533126, 0.000314068252919, 0.000438040879089, 0.000535322003998, 0.000752545252908, 0.000688918633386, 0.000711203028914, 0.000557725084946, 0.000446685648058, 0.000484306598082, 0.000285733083729, 0.000207118762773, 0.000153519271407, 0.000142975564813, 9.22465405893e-005, 1.15106968224e-005],
        "var": [1.79742874025e-005, 0.00141113577411, 5.1765840908e-005, 7.44015851524e-005, 5.80487139814e-005, 1.58564489539e-005, 2.04134653359e-006, 9.54402935349e-007, 7.07132494426e-006, 2.47004800258e-006, 1.11613962872e-006, 3.09143587174e-007, 2.15247567326e-007, 3.17269268635e-007, 3.29615602368e-007, 7.03993805473e-007, 5.90645697685e-007, 5.98698534304e-007, 4.0484420083e-007, 2.47897617101e-007, 3.013758203e-007, 6.56416077049e-008, 4.53955806279e-008, 2.83560357417e-008, 3.61955123651e-008, 2.42935005446e-008, 8.13413225664e-010]
    },
    "erbbands": {
        "mean": [1.04866290092, 5.43910217285, 5.17575550079, 6.99733877182, 7.52040624619, 12.6139097214, 13.5523309708, 15.5978851318, 15.3038597107, 12.3569030762, 11.6101484299, 28.5661525726, 20.6710224152, 17.3756866455, 17.5265827179, 12.8850297928, 15.2955875397, 19.4770317078, 23.5778141022, 38.3000869751, 42.4648170471, 38.309173584, 40.600982666, 29.7029438019, 27.0181655884, 21.2113456726, 18.3232841492, 18.6984901428, 11.33735466, 7.1248383522, 6.07635498047, 2.63917851448, 2.97618556023, 1.70603382587, 0.989023327827, 0.473497837782, 0.15219797194, 0.0373481810093, 0.00112824083772, 8.76743724803e-005],
        "var": [1.85775649548, 64.014251709, 69.8367538452, 483.113555908, 290.635955811, 1204.30297852, 935.950622559, 1172.44567871, 725.724060059, 611.375976563, 271.007141113, 6241.10058594, 3137.91650391, 1221.08666992, 1449.70214844, 500.964141846, 514.995544434, 646.397033691, 833.557556152, 1492.35778809, 2133.14306641, 1562.48669434, 2137.54321289, 1146.90991211, 795.07623291, 549.959716797, 469.092559814, 475.42401123, 105.495414734, 39.3025665283, 64.5636749268, 4.91494560242, 17.8280792236, 4.75089168549, 1.87065351009, 0.523684382439, 0.0748889446259, 0.0055548241362, 7.18498904462e-006, 5.3327458005e-009]
    },
    "gfcc": {
        "mean": [31.321849823, 50.0139541626, -119.998168945, 43.1002082825, -55.9527397156, 13.8708362579, -39.3242378235, 17.2543411255, -16.5969333649, 10.6701955795, -15.7316865921, 9.3118391037, -5.67029428482],
        "cov": [[3555.95068359, 633.884338379, 979.140441895, 738.733398438, 792.835571289, 227.303390503, 557.809631348, 150.862716675, -285.498748779, 53.0612182617, -156.456756592, 45.6854858398, -77.9574737549], [633.884338379, 1154.10693359, 597.176513672, 679.137023926, 440.97668457, 195.476303101, 434.174377441, -95.3243484497, -38.1056480408, -59.7661781311, 80.9482498169, -19.7437210083, 65.9695358276], [979.140441895, 597.176513672, 1223.02185059, 738.89831543, 719.815856934, 252.471740723, 552.951049805, 143.054168701, -103.582061768, 33.6932792664, -48.4759788513, 32.0336074829, -43.780090332], [738.733398438, 679.137023926, 738.89831543, 832.330078125, 643.04888916, 244.019119263, 498.534423828, 37.9301071167, -12.6340579987, -1.51628088951, -4.79682207108, -7.53161287308, -10.5572052002], [792.835571289, 440.97668457, 719.815856934, 643.04888916, 765.909423828, 267.489074707, 525.119689941, 167.068405151, -19.8758888245, 48.9259414673, -50.3337860107, 14.6126785278, -23.0013904572], [227.303390503, 195.476303101, 252.471740723, 244.019119263, 267.489074707, 213.447738647, 232.750961304, 49.0556526184, 4.26985025406, 14.7206611633, -9.94704532623, 1.80267679691, 8.32837772369], [557.809631348, 434.174377441, 552.951049805, 498.534423828, 525.119689941, 232.750961304, 494.664337158, 161.874801636, 19.2807788849, 32.0239257813, -17.9150810242, 3.31134986877, -3.53059244156], [150.862716675, -95.3243484497, 143.054168701, 37.9301071167, 167.068405151, 49.0556526184, 161.874801636, 219.540130615, 69.0472793579, 56.6216201782, -33.18409729, 4.06635189056, -29.2511539459], [-285.498748779, -38.1056480408, -103.582061768, -12.6340579987, -19.8758888245, 4.26985025406, 19.2807788849, 69.0472793579, 141.9740448, 48.2413597107, 29.733543396, -8.08429718018, 3.92631363869], [53.0612182617, -59.7661781311, 33.6932792664, -1.51628088951, 48.9259414673, 14.7206611633, 32.0239257813, 56.6216201782, 48.2413597107, 94.6700592041, 20.0563316345, 8.11197566986, -15.737487793], [-156.456756592, 80.9482498169, -48.4759788513, -4.79682207108, -50.3337860107, -9.94704532623, -17.9150810242, -33.18409729, 29.733543396, 20.0563316345, 107.618850708, 30.3231315613, 22.2030239105], [45.6854858398, -19.7437210083, 32.0336074829, -7.53161287308, 14.6126785278, 1.80267679691, 3.31134986877, 4.06635189056, -8.08429718018, 8.11197566986, 30.3231315613, 75.3095703125, 29.2301559448], [-77.9574737549, 65.9695358276, -43.780090332, -10.5572052002, -23.0013904572, 8.32837772369, -3.53059244156, -29.2511539459, 3.92631363869, -15.737487793, 22.2030239105, 29.2301559448, 83.6435852051]],
        "icov": [[0.000656463089399, -0.000568996765651, 0.000387088075513, -0.000721635587979, 0.000247334770393, -3.51663184119e-005, 0.000283270870568, -0.00124695582781, 0.00219879834913, -0.00155119982082, 0.00117378099822, -0.00102944090031, 0.000472626386909], [-0.000568996765651, 0.00390310678631, -0.00111459719483, 4.06473882322e-005, -0.000142683391459, 0.00130700063892, -0.00377299124375, 0.00442944932729, -0.00255789817311, 0.00305765052326, -0.00385378161445, 0.0037044454366, -0.00254276883788], [0.000387088075513, -0.00111459719483, 0.00333191896789, -0.00239934190176, 0.000256682717009, -0.000239870918449, 0.000143628320075, -0.00300712208264, 0.00457938062027, -0.00271573895589, 0.00163922319189, -0.00250931689516, 0.00144574581645], [-0.000721635587979, 4.06473882322e-005, -0.00239934190176, 0.00914994813502, -0.00471518980339, 0.00121267954819, -0.00393567979336, 0.00775081198663, -0.00743160862476, 0.00458213919774, -0.00172373116948, 0.00191454787273, 0.00132090388797], [0.000247334770393, -0.000142683391459, 0.000256682717009, -0.00471518980339, 0.00878691673279, -0.00193153019063, -0.00270500010811, -0.00358797819354, 0.00425099302083, -0.00412467075512, 0.00300155556761, -0.00251025287434, 0.000226874166401], [-3.51663184119e-005, 0.00130700063892, -0.000239870918449, 0.00121267954819, -0.00193153019063, 0.0112776923925, -0.00684624304995, 0.00474683986977, -0.00168696721084, 0.000210586324101, -0.000221251684707, 0.00123240740504, -0.00157226179726], [0.000283270870568, -0.00377299124375, 0.000143628320075, -0.00393567979336, -0.00270500010811, -0.00684624304995, 0.0189008563757, -0.012339762412, 0.00278954650275, -0.000810259603895, 0.000287732487777, -0.000446155288955, -0.000965397863183], [-0.00124695582781, 0.00442944932729, -0.00300712208264, 0.00775081198663, -0.00358797819354, 0.00474683986977, -0.012339762412, 0.0221841763705, -0.013809225522, 0.00390902068466, -0.000250174547546, 0.00153796025552, 0.00143917871173], [0.00219879834913, -0.00255789817311, 0.00457938062027, -0.00743160862476, 0.00425099302083, -0.00168696721084, 0.00278954650275, -0.013809225522, 0.0242782123387, -0.0118904700503, 0.000884455512278, -0.000878478866071, -0.0011535048252], [-0.00155119982082, 0.00305765052326, -0.00271573895589, 0.00458213919774, -0.00412467075512, 0.000210586324101, -0.000810259603895, 0.00390902068466, -0.0118904700503, 0.0222382284701, -0.00844747107476, 0.00318144797347, 0.00135001726449], [0.00117378099822, -0.00385378161445, 0.00163922319189, -0.00172373116948, 0.00300155556761, -0.000221251684707, 0.000287732487777, -0.000250174547546, 0.000884455512278, -0.00844747107476, 0.0198594424874, -0.0111448960379, 0.002538127359], [-0.00102944090031, 0.0037044454366, -0.00250931689516, 0.00191454787273, -0.00251025287434, 0.00123240740504, -0.000446155288955, 0.00153796025552, -0.000878478866071, 0.00318144797347, -0.0111448960379, 0.0245470628142, -0.0102269323543], [0.000472626386909, -0.00254276883788, 0.00144574581645, 0.00132090388797, 0.000226874166401, -0.00157226179726, -0.000965397863183, 0.00143917871173, -0.0011535048252, 0.00135001726449, 0.002538127359, -0.0102269323543, 0.019214713946]]
    },
    "melbands": {
        "mean": [0.00878452975303, 0.00436222972348, 0.00122538674623, 0.00068782933522, 0.000540056964383, 0.000360487727448, 0.000214327053982, 0.00012854198576, 0.000108919324703, 0.000166906334925, 9.71226763795e-005, 6.92428293405e-005, 6.32684168522e-005, 3.60594167432e-005, 3.12330121233e-005, 3.17361518682e-005, 3.75626259483e-005, 3.80664750992e-005, 4.17310293415e-005, 5.27301599504e-005, 5.0220562116e-005, 4.0292932681e-005, 3.81574573112e-005, 3.26948320435e-005, 2.30241967074e-005, 2.0950270482e-005, 1.77775909833e-005, 1.27123184939e-005, 1.08340009319e-005, 1.25156302602e-005, 9.75555667537e-006, 6.87567126079e-006, 4.63558535557e-006, 3.62578839486e-006, 4.13472207583e-006, 1.8030884803e-006, 1.482617904e-006, 2.28153180615e-006, 1.58186287536e-006, 1.43103363826e-006],
        "var": [0.000125822218251, 3.7046323996e-005, 1.28870551634e-005, 2.09426775655e-006, 1.75972240868e-006, 5.91673995132e-007, 1.31606483933e-007, 7.21901542988e-008, 3.31707177281e-008, 2.08352886943e-007, 7.92052716747e-008, 1.98768770332e-008, 2.39555877357e-008, 4.24622648154e-009, 2.01240180076e-009, 2.48599762998e-009, 2.74088840513e-009, 2.37652320045e-009, 1.8392403156e-009, 3.21865312181e-009, 3.59766438862e-009, 1.89813542661e-009, 2.1496233682e-009, 1.46685552593e-009, 8.22841850212e-010, 5.77667913504e-010, 3.58581997428e-010, 2.14206360982e-010, 1.97345056963e-010, 2.4086879713e-010, 1.22941407055e-010, 4.65580525522e-011, 2.2155098936e-011, 1.05274495718e-011, 4.05254094171e-011, 2.75662478955e-012, 1.81115983756e-012, 1.54660832752e-011, 2.97057517473e-012, 4.19978852043e-012]
    },
    "mfcc": {
        "mean": [-609.048828125, 81.1091766357, -4.79011392593, 28.4905910492, 7.38713216782, 3.43288350105, -5.48159503937, 4.23625326157, 5.89368152618, 2.18357038498, 1.69802165031, 1.96706080437, 2.49294161797],
        "cov": [[2412.02148438, 463.8331604, 293.396972656, 696.482543945, 235.74822998, 381.164978027, 543.335266113, 203.727096558, 174.401275635, 23.1920661926, 19.2075805664, -25.1805324554, 8.03266906738], [463.8331604, 631.977172852, 334.779083252, 461.875915527, 133.266464233, 295.74395752, 322.60647583, 153.727432251, 76.0803985596, 33.5963897705, -12.6477861404, 19.5034160614, 33.7950057983], [293.396972656, 334.779083252, 553.764892578, 463.602874756, 164.16204834, 268.22543335, 306.126159668, 147.557510376, 79.7503585815, 30.275094986, 15.6546726227, 14.8411216736, 19.7931022644], [696.482543945, 461.875915527, 463.602874756, 901.288879395, 334.821350098, 467.396057129, 517.740905762, 305.118011475, 240.054580688, 94.3181991577, 73.2415161133, 68.4574432373, 70.5201644897], [235.74822998, 133.266464233, 164.16204834, 334.821350098, 217.117385864, 210.766220093, 228.657974243, 135.098556519, 119.896286011, 49.6982078552, 44.3665504456, 19.8382320404, 38.1036071777], [381.164978027, 295.74395752, 268.22543335, 467.396057129, 210.766220093, 411.870758057, 343.732299805, 174.486953735, 134.074981689, 54.9041748047, 15.1400537491, 32.2834815979, 40.9836273193], [543.335266113, 322.60647583, 306.126159668, 517.740905762, 228.657974243, 343.732299805, 473.16293335, 247.307617188, 194.702056885, 83.1104278564, 58.3095626831, 26.1813716888, 47.8722763062], [203.727096558, 153.727432251, 147.557510376, 305.118011475, 135.098556519, 174.486953735, 247.307617188, 224.359832764, 160.676605225, 67.7019424438, 49.4107933044, 36.9154243469, 37.6272964478], [174.401275635, 76.0803985596, 79.7503585815, 240.054580688, 119.896286011, 134.074981689, 194.702056885, 160.676605225, 223.571762085, 103.129295349, 60.4702835083, 33.0264892578, 36.5302085876], [23.1920661926, 33.5963897705, 30.275094986, 94.3181991577, 49.6982078552, 54.9041748047, 83.1104278564, 67.7019424438, 103.129295349, 129.120758057, 67.539855957, 27.158498764, 31.1101360321], [19.2075805664, -12.6477861404, 15.6546726227, 73.2415161133, 44.3665504456, 15.1400537491, 58.3095626831, 49.4107933044, 60.4702835083, 67.539855957, 120.734695435, 42.0427856445, 15.6072444916], [-25.1805324554, 19.5034160614, 14.8411216736, 68.4574432373, 19.8382320404, 32.2834815979, 26.1813716888, 36.9154243469, 33.0264892578, 27.158498764, 42.0427856445, 81.0920791626, 46.8156585693], [8.03266906738, 33.7950057983, 19.7931022644, 70.5201644897, 38.1036071777, 40.9836273193, 47.8722763062, 37.6272964478, 36.5302085876, 31.1101360321, 15.6072444916, 46.8156585693, 84.7002258301]],
        "icov": [[0.0006649333518, -0.000105650637124, 0.000330805807607, -0.000539251894224, 0.000309167488012, 0.000205287447898, -0.000979418051429, 0.000641609425656, -0.000138589966809, 0.000327693182044, -2.54060705629e-005, 0.000390074477764, 0.000109373046143], [-0.000105650637124, 0.00341428956017, -0.000639304460492, -0.0011348281987, 0.00165152852423, -0.000687475374434, -0.00119043607265, -0.000274543708656, 0.00126375921536, -0.000906761502847, 0.00126075604931, -0.00011914150673, -0.000252007390372], [0.000330805807607, -0.000639304460492, 0.00385193503462, -0.00165046716575, 0.000163381337188, 0.000115050635941, -0.00154809025116, 0.000410211127019, 0.00111234176438, -0.000142156641232, 0.000230152902077, 0.000279815110844, 0.000636704615317], [-0.000539251894224, -0.0011348281987, -0.00165046716575, 0.00598151097074, -0.0037396014668, -0.00143674656283, -6.08476148045e-005, -0.00143613095861, -0.000992238870822, 0.00059524923563, -0.000339143385645, -0.00243400223553, 0.000576513761189], [0.000309167488012, 0.00165152852423, 0.000163381337188, -0.0037396014668, 0.015374911949, -0.00370837352239, -0.00113226787653, -0.000339033693308, -0.00161069491878, 0.00189616857097, -0.003743003821, 0.00550418207422, -0.0042989756912], [0.000205287447898, -0.000687475374434, 0.000115050635941, -0.00143674656283, -0.00370837352239, 0.00915852747858, -0.00441656354815, 0.00148321862798, 0.000724208948668, -0.00166867149528, 0.00404420215636, -0.00357025675476, 0.00202694814652], [-0.000979418051429, -0.00119043607265, -0.00154809025116, -6.08476148045e-005, -0.00113226787653, -0.00441656354815, 0.0129788918421, -0.00603497726843, -0.00159689947031, 0.000727218401153, -0.00341983838007, 0.00451632123441, -0.00247245375067], [0.000641609425656, -0.000274543708656, 0.000410211127019, -0.00143613095861, -0.000339033693308, 0.00148321862798, -0.00603497726843, 0.0157318841666, -0.00609730603173, 0.00111456040759, 0.000430889398558, -0.00284740165807, 0.000720322306734], [-0.000138589966809, 0.00126375921536, 0.00111234176438, -0.000992238870822, -0.00161069491878, 0.000724208948668, -0.00159689947031, -0.00609730603173, 0.013938321732, -0.00737665873021, 0.00174478115514, -0.000997193274088, 0.000988163752481], [0.000327693182044, -0.000906761502847, -0.000142156641232, 0.00059524923563, 0.00189616857097, -0.00166867149528, 0.000727218401153, 0.00111456040759, -0.00737665873021, 0.0170130617917, -0.00824311003089, 0.00352650205605, -0.00458106026053], [-2.54060705629e-005, 0.00126075604931, 0.000230152902077, -0.000339143385645, -0.003743003821, 0.00404420215636, -0.00341983838007, 0.000430889398558, 0.00174478115514, -0.00824311003089, 0.0174958948046, -0.0103055238724, 0.00594378821552], [0.000390074477764, -0.00011914150673, 0.000279815110844, -0.00243400223553, 0.00550418207422, -0.00357025675476, 0.00451632123441, -0.00284740165807, -0.000997193274088, 0.00352650205605, -0.0103055238724, 0.0270323064178, -0.0139722106978], [0.000109373046143, -0.000252007390372, 0.000636704615317, 0.000576513761189, -0.0042989756912, 0.00202694814652, -0.00247245375067, 0.000720322306734, 0.000988163752481, -0.00458106026053, 0.00594378821552, -0.0139722106978, 0.0211822874844]]
    },
    "spectral_contrast_coeffs": {
        "mean": [-0.681091606617, -0.754960656166, -0.784996569157, -0.773665845394, -0.77824729681, -0.731986880302],
        "var": [0.00845090672374, 0.00438558636233, 0.00371448602527, 0.00333722261712, 0.00177656451706, 0.0011376341572]
    },
    "spectral_contrast_valleys": {
        "mean": [-7.40327501297, -6.67886018753, -7.23738718033, -7.39431190491, -6.97808170319, -9.51821327209],
        "var": [2.91600489616, 0.566536664963, 0.62227076292, 0.62423157692, 0.746384680271, 0.462747484446]
    }
},
"metadata": {
    "audio_properties": {
        "analysis_sample_rate": 44100,
        "bit_rate": 128074,
        "equal_loudness": 0,
        "length": 45.0612258911,
        "lossless": 0,
        "replay_gain": -6.37196159363,
        "sample_rate": 44100,
        "codec": "mp3",
        "downmix": "mix",
        "md5_encoded": "c1f82f197c7c1a9b4e56addbbfa7c9b5"
    },
    "tags": {
        "file_name": "1569.mp3"
    },
    "version": {
        "essentia": "2.1-beta2",
        "essentia_git_sha": "v2.1_beta2",
        "extractor": "music 1.0"
    }
},
"rhythm": {
    "beats_count": 61,
    "beats_loudness": {
        "mean": 0.065542794764,
        "var": 0.00130079616793
    },
    "bpm": 81.9844055176,
    "bpm_histogram_first_peak_bpm": {
        "mean": 81,
        "var": 0
    },
    "bpm_histogram_first_peak_spread": {
        "mean": 0.366666674614,
        "var": 0
    },
    "bpm_histogram_first_peak_weight": {
        "mean": 0.633333325386,
        "var": 0
    },
    "bpm_histogram_second_peak_bpm": {
        "mean": 0,
        "var": 0
    },
    "bpm_histogram_second_peak_spread": {
        "mean": 0,
        "var": 0
    },
    "bpm_histogram_second_peak_weight": {
        "mean": 0,
        "var": 0
    },
    "danceability": 1.14504611492,
    "onset_rate": 3.85967278481,
    "beats_loudness_band_ratio": {
        "mean": [0.482310444117, 0.241706848145, 0.102111399174, 0.06442900002, 0.0856589600444, 0.0609158463776],
        "var": [0.108483843505, 0.0360052026808, 0.0194925237447, 0.00268223439343, 0.00649309065193, 0.00217415788211]
    },
    "beats_position": [0.777868449688, 1.53251695633, 2.27555561066, 2.99537420273, 3.73841261864, 4.45823097229, 5.20126962662, 5.92108821869, 6.65251684189, 7.38394546509, 8.12698364258, 8.84680271149, 9.58984088898, 10.3096599579, 11.0526981354, 11.7725172043, 12.5155553818, 13.235373497, 13.9784126282, 14.6982307434, 15.4412698746, 16.1610889435, 16.904127121, 17.6239452362, 18.3669834137, 19.0868015289, 19.8298416138, 20.549659729, 21.2926979065, 22.0125160217, 22.7555541992, 23.4753742218, 24.2184123993, 24.9498405457, 25.681268692, 26.4010887146, 27.1441268921, 27.8639450073, 28.6069831848, 29.3384113312, 30.0698413849, 30.7896595001, 31.5326976776, 32.2525177002, 32.9839439392, 33.7153739929, 34.4584121704, 35.2014503479, 35.9212684631, 36.6526985168, 37.3957366943, 38.1271629333, 38.8469848633, 39.55519104, 40.2750091553, 41.006439209, 41.7494773865, 42.4809074402, 43.2239456177, 43.9669837952, 44.6984100342]
},
"tonal": {
    "chords_changes_rate": 0.0360082313418,
    "chords_number_rate": 0.00617283955216,
    "chords_strength": {
        "mean": 0.544228613377,
        "var": 0.00638677552342
    },
    "hpcp_entropy": {
        "mean": 2.55587911606,
        "var": 0.811650514603
    },
    "key_strength": 0.731310725212,
    "tuning_diatonic_strength": 0.588021636009,
    "tuning_equal_tempered_deviation": 0.179849654436,
    "tuning_frequency": 434.193115234,
    "tuning_nontempered_energy_ratio": 0.840694189072,
    "hpcp": {
        "mean": [0.0826071053743, 0.0898810103536, 0.102843038738, 0.08899743855, 0.0706308335066, 0.0884433239698, 0.158020719886, 0.201937377453, 0.195822402835, 0.19611428678, 0.181500896811, 0.138631597161, 0.105840541422, 0.0978603959084, 0.100024141371, 0.107676133513, 0.109848961234, 0.111476376653, 0.11520216614, 0.097114674747, 0.114836663008, 0.206662088633, 0.233774274588, 0.300073683262, 0.367376387119, 0.203643083572, 0.056315202266, 0.0563625879586, 0.0677204504609, 0.0735697299242, 0.123619437218, 0.153755649924, 0.142852500081, 0.163167774677, 0.14330367744, 0.0967720299959],
        "var": [0.0292629078031, 0.0369202569127, 0.0393806286156, 0.0299404542893, 0.0184017065912, 0.0248710531741, 0.0538018792868, 0.0695545375347, 0.0737033188343, 0.0721226781607, 0.0712793245912, 0.0555089302361, 0.0406482592225, 0.03793675825, 0.0346627421677, 0.0343930572271, 0.0336926952004, 0.0439856946468, 0.0487634316087, 0.0353822074831, 0.0366109497845, 0.0792939439416, 0.0870237052441, 0.0846084803343, 0.169745832682, 0.0542484745383, 0.013786142692, 0.0118116606027, 0.0177485905588, 0.0163688939065, 0.0356605052948, 0.0607679747045, 0.0482489056885, 0.0760692730546, 0.0563080199063, 0.0343330949545]
    },
    "chords_histogram": [22.9423866272, 0, 0, 0, 0, 0.102880656719, 0, 1.85185182095, 0, 13.5802469254, 48.6625518799, 0.411522626877, 0, 0, 0, 0, 2.67489719391, 9.77366256714, 0, 0, 0, 0, 0, 0],
    "thpcp": [1, 0.554317295551, 0.153290212154, 0.153419196606, 0.184335336089, 0.200257092714, 0.336492598057, 0.418523490429, 0.388845086098, 0.44414332509, 0.390073180199, 0.263413846493, 0.224856868386, 0.244656473398, 0.279939174652, 0.242251381278, 0.192257419229, 0.240743085742, 0.43013304472, 0.549674332142, 0.53302937746, 0.533823847771, 0.49404618144, 0.377355754375, 0.288098365068, 0.266376376152, 0.272266119719, 0.293094873428, 0.29900932312, 0.30343914032, 0.313580751419, 0.264346539974, 0.312585860491, 0.562535047531, 0.63633453846, 0.816801786423],
    "chords_key": "E",
    "chords_scale": "minor",
    "key_key": "F",
    "key_scale": "minor"
}
}