{
"lowlevel": {
    "average_loudness": 0.886184096336,
    "barkbands_crest": {
        "mean": 17.2777748108,
        "var": 35.8809547424
    },
    "barkbands_flatness_db": {
        "mean": 0.271746397018,
        "var": 0.0238835792989
    },
    "barkbands_kurtosis": {
        "mean": 92.979133606,
        "var": 132299.25
    },
    "barkbands_skewness": {
        "mean": 4.70100927353,
        "var": 42.8463554382
    },
    "barkbands_spread": {
        "mean": 21.1157855988,
        "var": 614.615600586
    },
    "dissonance": {
        "mean": 0.448307394981,
        "var": 0.00650430098176
    },
    "dynamic_complexity": 2.74542975426,
    "erbbands_crest": {
        "mean": 10.7291841507,
        "var": 44.9563140869
    },
    "erbbands_flatness_db": {
        "mean": 0.171272799373,
        "var": 0.0142619730905
    },
    "erbbands_kurtosis": {
        "mean": 9.93095779419,
        "var": 1594.16174316
    },
    "erbbands_skewness": {
        "mean": 0.211169555783,
        "var": 5.87837553024
    },
    "erbbands_spread": {
        "mean": 58.4833221436,
        "var": 1545.58203125
    },
    "hfc": {
        "mean": 44.6212997437,
        "var": 2980.98681641
    },
    "melbands_crest": {
        "mean": 28.170923233,
        "var": 97.2160339355
    },
    "melbands_flatness_db": {
        "mean": 0.346183031797,
        "var": 0.0332868769765
    },
    "melbands_kurtosis": {
        "mean": 189.117553711,
        "var": 77492.71875
    },
    "melbands_skewness": {
        "mean": 8.73951244354,
        "var": 54.6599845886
    },
    "melbands_spread": {
        "mean": 22.1924343109,
        "var": 1585.50085449
    },
    "pitch_salience": {
        "mean": 0.285100519657,
        "var": 0.0506604798138
    },
    "silence_rate_20dB": {
        "mean": 0.994335711002,
        "var": 0.00563223473728
    },
    "silence_rate_30dB": {
        "mean": 0.492276012897,
        "var": 0.249941363931
    },
    "silence_rate_60dB": {
        "mean": 0.0741503611207,
        "var": 0.0686524063349
    },
    "spectral_centroid": {
        "mean": 1945.39624023,
        "var": 2064240
    },
    "spectral_complexity": {
        "mean": 12.2286300659,
        "var": 164.122940063
    },
    "spectral_decrease": {
        "mean": -2.96148741086e-008,
        "var": 6.58427456081e-016
    },
    "spectral_energy": {
        "mean": 0.115820586681,
        "var": 0.00950600206852
    },
    "spectral_energyband_high": {
        "mean": 0.00421830639243,
        "var": 4.0647766582e-005
    },
    "spectral_energyband_low": {
        "mean": 0.101691991091,
        "var": 0.0091737350449
    },
    "spectral_energyband_middle_high": {
        "mean": 0.00325067527592,
        "var": 3.20801736962e-005
    },
    "spectral_energyband_middle_low": {
        "mean": 0.00527083361521,
        "var": 5.20236208104e-005
    },
    "spectral_entropy": {
        "mean": 7.63793754578,
        "var": 1.85899102688
    },
    "spectral_flux": {
        "mean": 0.116388656199,
        "var": 0.00904367025942
    },
    "spectral_kurtosis": {
        "mean": 11.3325786591,
        "var": 1883.01257324
    },
    "spectral_rms": {
        "mean": 0.00921779125929,
        "var": 2.8027989174e-005
    },
    "spectral_rolloff": {
        "mean": 1853.22790527,
        "var": 10213300
    },
    "spectral_skewness": {
        "mean": 1.64784824848,
        "var": 6.00761127472
    },
    "spectral_spread": {
        "mean": 7422117,
        "var": 1.02170603028e+013
    },
    "spectral_strongpeak": {
        "mean": 0.827066957951,
        "var": 1.40073347092
    },
    "zerocrossingrate": {
        "mean": 0.0671791508794,
        "var": 0.00663572689518
    },
    "barkbands": {
        "mean": [0.0200836546719, 0.0818648561835, 0.00118925655261, 0.000562218890991, 0.00238879374228, 0.00122362526599, 0.00060189620126, 0.000134862784762, 0.000297059275908, 0.000233476952417, 0.000358366116416, 0.000219388923142, 0.000345854932675, 0.000378069700673, 0.000249098986387, 0.000456953217508, 0.000295285281027, 0.000283298228169, 0.000285310117761, 0.000367501634173, 0.000597529287916, 0.000577247294132, 0.00107503065374, 0.00102900865022, 0.000492186052725, 0.000215694803046, 1.51238846229e-005],
        "var": [0.000626828754321, 0.00584927294403, 1.29986410684e-005, 1.6838986312e-006, 2.99596940749e-005, 1.42224707815e-005, 5.43304986422e-006, 1.54898074811e-007, 4.32251709981e-007, 2.29048637834e-007, 3.55549076403e-007, 1.86941477409e-007, 4.11293854086e-007, 7.20720663594e-007, 3.31148413579e-007, 2.39594055529e-006, 6.31159366549e-007, 4.83467033519e-007, 5.76757770432e-007, 1.14539739116e-006, 1.77126401013e-006, 1.30624778194e-006, 2.36523555941e-006, 2.28293265536e-006, 4.1505631998e-007, 7.64071685921e-008, 4.8188369961e-010]
    },
    "erbbands": {
        "mean": [4.76518583298, 8.75584030151, 2.5597114563, 1.81983304024, 4.95515012741, 9.52237319946, 5.67628192902, 11.1584043503, 10.4083824158, 5.5680270195, 3.27467727661, 7.27112150192, 6.87041378021, 8.45427894592, 14.0429162979, 9.65615463257, 15.6702194214, 23.6829204559, 9.56862258911, 23.6219329834, 17.5310325623, 16.5046577454, 16.5885677338, 14.9967088699, 14.5328741074, 17.8474826813, 20.2867088318, 25.4187831879, 19.4004135132, 23.8251800537, 34.6659812927, 23.5960102081, 16.0917739868, 6.9684715271, 2.68878507614, 1.08466362953, 0.381512224674, 0.0625632479787, 0.00171282305382, 0.00018590183754],
        "var": [22.423576355, 90.0568389893, 29.2157440186, 14.5951433182, 109.043380737, 509.577148438, 340.80078125, 1417.14819336, 1677.95178223, 238.715011597, 43.1379776001, 282.287628174, 226.943634033, 200.010116577, 620.292236328, 269.788024902, 877.23236084, 2814.17114258, 307.66619873, 5730.78173828, 2533.97363281, 1977.23120117, 1854.15063477, 1582.84667969, 1257.46472168, 2507.15942383, 2596.70849609, 3109.85058594, 1970.78356934, 1376.74987793, 2356.42480469, 1157.06970215, 576.567321777, 91.4976654053, 11.7307577133, 1.87288665771, 0.251529455185, 0.00721738068387, 5.56593749934e-006, 1.94453768643e-008]
    },
    "gfcc": {
        "mean": [-51.5349845886, 35.3201713562, -64.0035934448, 51.9364547729, -44.59009552, 37.5159606934, -29.4906406403, 14.6624517441, -12.2997055054, 10.7799224854, -4.45842027664, 11.2496862411, -5.51051187515],
        "cov": [[25460.8320313, -3187.98461914, -749.215698242, 1095.65368652, -811.071777344, 2670.68505859, 43.8736305237, 1279.3684082, -519.50012207, 698.166809082, -290.694824219, 505.651947021, -565.06628418], [-3187.98461914, 6084.84472656, 670.325744629, -873.404907227, 1163.00524902, -846.103149414, 335.261108398, -608.399414063, 267.575378418, -251.082015991, 469.622802734, -198.334320068, 541.322937012], [-749.215698242, 670.325744629, 2384.84057617, 764.547607422, 326.252563477, -40.6189880371, -169.635803223, -253.039398193, 111.982589722, -33.4265098572, 170.679168701, 73.9194717407, 120.208976746], [1095.65368652, -873.404907227, 764.547607422, 1209.54052734, 319.980377197, 230.586715698, 57.4885292053, 75.5048370361, 6.44574832916, 19.906671524, -32.3984947205, 25.6155052185, -9.86937427521], [-811.071777344, 1163.00524902, 326.252563477, 319.980377197, 1097.00109863, 244.541748047, 437.625823975, 52.812625885, 168.598007202, -81.3466186523, 77.0593338013, -80.7219772339, 138.712783813], [2670.68505859, -846.103149414, -40.6189880371, 230.586715698, 244.541748047, 1046.08691406, 336.158294678, 478.148620605, 63.0208511353, 139.462615967, -64.1063232422, 50.3467102051, -125.679679871], [43.8736305237, 335.261108398, -169.635803223, 57.4885292053, 437.625823975, 336.158294678, 563.522521973, 235.688415527, 154.141448975, 115.316749573, 28.4038887024, -20.1094532013, -10.9289159775], [1279.3684082, -608.399414063, -253.039398193, 75.5048370361, 52.812625885, 478.148620605, 235.688415527, 437.09866333, 162.254089355, 154.518692017, -22.8427257538, 57.8220443726, -93.3252868652], [-519.50012207, 267.575378418, 111.982589722, 6.44574832916, 168.598007202, 63.0208511353, 154.141448975, 162.254089355, 259.883544922, 96.867515564, 91.4053344727, 25.6106071472, 23.5418586731], [698.166809082, -251.082015991, -33.4265098572, 19.906671524, -81.3466186523, 139.462615967, 115.316749573, 154.518692017, 96.867515564, 201.672332764, 63.5799255371, 77.3002471924, -46.7343635559], [-290.694824219, 469.622802734, 170.679168701, -32.3984947205, 77.0593338013, -64.1063232422, 28.4038887024, -22.8427257538, 91.4053344727, 63.5799255371, 157.983718872, 30.7183036804, 74.6680145264], [505.651947021, -198.334320068, 73.9194717407, 25.6155052185, -80.7219772339, 50.3467102051, -20.1094532013, 57.8220443726, 25.6106071472, 77.3002471924, 30.7183036804, 115.160095215, 6.34347009659], [-565.06628418, 541.322937012, 120.208976746, -9.86937427521, 138.712783813, -125.679679871, -10.9289159775, -93.3252868652, 23.5418586731, -46.7343635559, 74.6680145264, 6.34347009659, 136.243667603]],
        "icov": [[0.000102448153484, -0.00014042283874, 8.17684704089e-005, -0.000205157426535, 9.49119348661e-005, -0.000264388712822, 0.000237005384406, -0.000216851709411, 0.000409279280575, -0.000312017771648, 9.2432324891e-005, -0.00028398266295, 0.000210587750189], [-0.00014042283874, 0.000799384899437, -0.000338658253895, 0.000893506978173, -0.000593662727624, 0.000656939751934, -0.000696534058079, 0.000459875183878, -0.0005100168637, 0.000548144045752, -0.000886570487637, 0.00100471370388, -0.00121017196216], [8.17684704089e-005, -0.000338658253895, 0.00105284294114, -0.000961261044722, 0.000246033130679, -0.000915596086998, 0.000597447506152, 0.00140314328019, -0.00102824554779, 0.000262755900621, -0.000353936251486, -0.00134695624001, 0.00112458015792], [-0.000205157426535, 0.000893506978173, -0.000961261044722, 0.00240828399546, -0.00128834182397, 0.00110341212712, -0.000511717807967, -0.000428051076597, 0.000268514297204, -0.000363265775377, 9.40171958064e-005, 0.00151246134192, -0.00167604198214], [9.49119348661e-005, -0.000593662727624, 0.000246033130679, -0.00128834182397, 0.00326263345778, -0.0012893412495, -0.00167200888973, 0.000729228311684, -0.00127969845198, 0.00239837425761, -0.000202466369956, -0.000359977595508, -0.000532224599738], [-0.000264388712822, 0.000656939751934, -0.000915596086998, 0.00110341212712, -0.0012893412495, 0.00395379913971, -0.00111677392852, -0.00384654314257, 0.00212402641773, 0.000513531616889, -0.00083174026804, 0.00116391247138, -0.000372627720935], [0.000237005384406, -0.000696534058079, 0.000597447506152, -0.000511717807967, -0.00167200888973, -0.00111677392852, 0.00569385942072, -0.00133435067255, 0.000755742716137, -0.00507059600204, 0.002144489903, 0.00111731351353, 0.000303881213767], [-0.000216851709411, 0.000459875183878, 0.00140314328019, -0.000428051076597, 0.000729228311684, -0.00384654314257, -0.00133435067255, 0.0134273068979, -0.00927938800305, 0.000169527265825, 0.00197277357802, -0.00250236294232, 0.00150109350216], [0.000409279280575, -0.0005100168637, -0.00102824554779, 0.000268514297204, -0.00127969845198, 0.00212402641773, 0.000755742716137, -0.00927938800305, 0.0136466305703, -0.00373012735508, -0.00296716066077, 0.00117550592404, -0.000448999955552], [-0.000312017771648, 0.000548144045752, 0.000262755900621, -0.000363265775377, 0.00239837425761, 0.000513531616889, -0.00507059600204, 0.000169527265825, -0.00373012735508, 0.0199662782252, -0.0106509691104, -0.00744276912883, 0.00768829183653], [9.2432324891e-005, -0.000886570487637, -0.000353936251486, 9.40171958064e-005, -0.000202466369956, -0.00083174026804, 0.002144489903, 0.00197277357802, -0.00296716066077, -0.0106509691104, 0.018954847008, 0.00109462102409, -0.00839271582663], [-0.00028398266295, 0.00100471370388, -0.00134695624001, 0.00151246134192, -0.000359977595508, 0.00116391247138, 0.00111731351353, -0.00250236294232, 0.00117550592404, -0.00744276912883, 0.00109462102409, 0.0177757628262, -0.00823971722275], [0.000210587750189, -0.00121017196216, 0.00112458015792, -0.00167604198214, -0.000532224599738, -0.000372627720935, 0.000303881213767, 0.00150109350216, -0.000448999955552, 0.00768829183653, -0.00839271582663, -0.00823971722275, 0.0208566244692]]
    },
    "melbands": {
        "mean": [0.0314918421209, 0.00424333848059, 0.000337900302839, 0.000637873949017, 0.000217580265598, 0.000246820476605, 0.000150326653966, 5.17136541021e-005, 3.19847313222e-005, 4.24486061092e-005, 3.39364705724e-005, 3.31176488544e-005, 5.2760271501e-005, 2.78951592918e-005, 2.41879151872e-005, 4.43369790446e-005, 4.09360909543e-005, 1.28492119984e-005, 2.01816928893e-005, 4.09953609051e-005, 1.51651147462e-005, 1.47236660268e-005, 2.01931361516e-005, 1.24274065456e-005, 1.20191780297e-005, 1.06228762888e-005, 1.0400724932e-005, 1.1950208318e-005, 1.19878532132e-005, 1.49056577357e-005, 1.33904231916e-005, 1.01050145531e-005, 1.26128798001e-005, 1.32735403895e-005, 1.88067351701e-005, 1.863388934e-005, 1.371444705e-005, 1.26637487483e-005, 7.93192612036e-006, 5.00359510625e-006],
        "var": [0.000904138374608, 2.9570870538e-005, 4.20895702291e-007, 2.38747975345e-006, 2.98268759025e-007, 6.4734604166e-007, 3.5943429566e-007, 2.09163157905e-008, 4.6418118238e-009, 9.14790643236e-009, 5.89341508928e-009, 3.302528917e-009, 8.0524973356e-009, 3.11839332134e-009, 1.98251948191e-009, 7.32688354432e-009, 8.56182502673e-009, 6.2078076013e-010, 3.09394376785e-009, 2.07805861407e-008, 1.59869151251e-009, 1.54700097177e-009, 3.25345905772e-009, 1.07054221044e-009, 1.07303954611e-009, 7.61168794661e-010, 6.87992551818e-010, 1.24094023946e-009, 1.06435127378e-009, 1.19722753933e-009, 8.31906987742e-010, 7.06601110956e-010, 5.34993049861e-010, 4.12093137392e-010, 7.06671998696e-010, 6.93592183687e-010, 4.20814744162e-010, 3.8285935533e-010, 1.36962344244e-010, 4.45979884967e-011]
    },
    "mfcc": {
        "mean": [-704.488952637, 64.2454071045, 46.7767372131, 25.4499893188, 24.7693843842, 24.2920627594, 10.2703304291, 14.4375982285, 2.59874868393, 8.1316280365, 3.00899982452, 8.9429359436, 6.77668857574],
        "cov": [[22652.1542969, -1807.26928711, -1167.71972656, -1013.11767578, -555.641784668, 472.745269775, 744.611206055, 923.030090332, 367.566070557, 872.292053223, 514.991638184, 272.632995605, -103.258636475], [-1807.26928711, 4817.56640625, -29.9553985596, -19.8241577148, 359.253814697, 169.317840576, 237.442962646, -80.635055542, 35.8924942017, -102.365921021, -40.0393104553, -32.4114532471, 111.794387817], [-1167.71972656, -29.9553985596, 1761.54724121, 602.152832031, 457.199554443, 201.506988525, -139.592651367, -76.502494812, -174.146514893, -76.4786987305, -81.0366439819, -52.5597915649, 19.7155227661], [-1013.11767578, -19.8241577148, 602.152832031, 1064.35900879, 371.158966064, 190.608261108, 27.2091178894, -72.9354934692, -12.0853633881, -104.82774353, -35.7901992798, -35.1116905212, 0.334891200066], [-555.641784668, 359.253814697, 457.199554443, 371.158966064, 633.697509766, 249.898361206, 118.706604004, 137.788024902, 86.2551727295, 41.5881843567, -22.1409873962, -12.4434404373, 11.7549104691], [472.745269775, 169.317840576, 201.506988525, 190.608261108, 249.898361206, 379.155761719, 281.411254883, 210.714126587, 152.862213135, 147.123718262, 102.420883179, 39.1765708923, 16.4443283081], [744.611206055, 237.442962646, -139.592651367, 27.2091178894, 118.706604004, 281.411254883, 360.787750244, 240.511978149, 197.798065186, 186.338027954, 130.690505981, 55.4303207397, 7.94960832596], [923.030090332, -80.635055542, -76.502494812, -72.9354934692, 137.788024902, 210.714126587, 240.511978149, 341.742004395, 261.463470459, 231.775161743, 162.047241211, 109.997245789, 49.7332801819], [367.566070557, 35.8924942017, -174.146514893, -12.0853633881, 86.2551727295, 152.862213135, 197.798065186, 261.463470459, 292.542205811, 214.136184692, 160.019104004, 132.802825928, 71.3357620239], [872.292053223, -102.365921021, -76.4786987305, -104.82774353, 41.5881843567, 147.123718262, 186.338027954, 231.775161743, 214.136184692, 256.127532959, 186.668258667, 128.307235718, 67.8014068604], [514.991638184, -40.0393104553, -81.0366439819, -35.7901992798, -22.1409873962, 102.420883179, 130.690505981, 162.047241211, 160.019104004, 186.668258667, 204.306152344, 144.307296753, 81.1666870117], [272.632995605, -32.4114532471, -52.5597915649, -35.1116905212, -12.4434404373, 39.1765708923, 55.4303207397, 109.997245789, 132.802825928, 128.307235718, 144.307296753, 170.328872681, 110.557380676], [-103.258636475, 111.794387817, 19.7155227661, 0.334891200066, 11.7549104691, 16.4443283081, 7.94960832596, 49.7332801819, 71.3357620239, 67.8014068604, 81.1666870117, 110.557380676, 139.922271729]],
        "icov": [[7.22496624803e-005, -1.22684905364e-005, 8.29871569294e-005, -8.93100077519e-005, 0.000140187476063, -0.000104073056718, 9.89940963336e-005, -0.000437660812167, 0.00060324271908, -0.000583898858167, 0.000388769985875, -0.000317834987072, 0.000203032745048], [-1.22684905364e-005, 0.000327147630742, -0.000101825833553, 0.000347200781107, -0.000406313338317, 0.000161170974025, -0.00078083871631, 0.000933191156946, -0.000872813805472, 0.00115781184286, -0.000806142750662, 0.000643102976028, -0.000685613253154], [8.29871569294e-005, -0.000101825833553, 0.00139083014801, -0.000754055741709, -8.78037171788e-005, -0.00155044498388, 0.00202034926042, -0.00145274947863, 0.00293834181502, -0.00254707224667, 0.00146596692502, -0.00100365106482, 0.000218414294068], [-8.93100077519e-005, 0.000347200781107, -0.000754055741709, 0.00247119157575, -0.0014136065729, -0.000275219674222, -0.00137492304202, 0.00349378213286, -0.00406397134066, 0.00483748363331, -0.00365707697347, 0.0017953311326, -0.000824876537081], [0.000140187476063, -0.000406313338317, -8.78037171788e-005, -0.0014136065729, 0.00409356318414, -0.00182494812179, 0.00162097602151, -0.00361414835788, 0.00205063656904, -0.00336631853133, 0.00490747019649, -0.00169608404394, 0.000586042646319], [-0.000104073056718, 0.000161170974025, -0.00155044498388, -0.000275219674222, -0.00182494812179, 0.0114927487448, -0.00838912092149, -0.000433251640061, -0.000928450434003, 0.00219273450784, -0.00309039233252, 0.00238850479946, -0.00123693200294], [9.89940963336e-005, -0.00078083871631, 0.00202034926042, -0.00137492304202, 0.00162097602151, -0.00838912092149, 0.0142630003393, -0.00479500507936, 0.0027275418397, -0.0065113119781, 0.00218910095282, -0.000540162553079, 0.00308078504167], [-0.000437660812167, 0.000933191156946, -0.00145274947863, 0.00349378213286, -0.00361414835788, -0.000433251640061, -0.00479500507936, 0.0205292999744, -0.0154685238376, 0.00457640038803, -0.00686315866187, 0.00482031377032, -0.00170092610642], [0.00060324271908, -0.000872813805472, 0.00293834181502, -0.00406397134066, 0.00205063656904, -0.000928450434003, 0.0027275418397, -0.0154685238376, 0.02645149827, -0.0159830320626, 0.0103504592553, -0.0107433553785, 0.00276192557067], [-0.000583898858167, 0.00115781184286, -0.00254707224667, 0.00483748363331, -0.00336631853133, 0.00219273450784, -0.0065113119781, 0.00457640038803, -0.0159830320626, 0.0337038971484, -0.0214840155095, 0.00765824364498, -0.00401191134006], [0.000388769985875, -0.000806142750662, 0.00146596692502, -0.00365707697347, 0.00490747019649, -0.00309039233252, 0.00218910095282, -0.00686315866187, 0.0103504592553, -0.0214840155095, 0.0328914746642, -0.018342602998, 0.00354591617361], [-0.000317834987072, 0.000643102976028, -0.00100365106482, 0.0017953311326, -0.00169608404394, 0.00238850479946, -0.000540162553079, 0.00482031377032, -0.0107433553785, 0.00765824364498, -0.018342602998, 0.0300237778574, -0.0137483496219], [0.000203032745048, -0.000685613253154, 0.000218414294068, -0.000824876537081, 0.000586042646319, -0.00123693200294, 0.00308078504167, -0.00170092610642, 0.00276192557067, -0.00401191134006, 0.00354591617361, -0.0137483496219, 0.0176833625883]]
    },
    "spectral_contrast_coeffs": {
        "mean": [-0.692914187908, -0.743531823158, -0.81303524971, -0.79624068737, -0.802181482315, -0.79701679945],
        "var": [0.0141192581505, 0.0144892344251, 0.0051168911159, 0.00474032619968, 0.00226954184473, 0.00226359930821]
    },
    "spectral_contrast_valleys": {
        "mean": [-7.69155311584, -8.18183040619, -8.51059532166, -8.72946739197, -8.38854980469, -9.68351364136],
        "var": [3.79247570038, 2.74782586098, 3.26211833954, 2.72271871567, 3.2408850193, 5.00362443924]
    }
},
"metadata": {
    "audio_properties": {
        "analysis_sample_rate": 44100,
        "bit_rate": 128074,
        "equal_loudness": 0,
        "length": 45.0612258911,
        "lossless": 0,
        "replay_gain": -5.20624160767,
        "sample_rate": 44100,
        "codec": "mp3",
        "downmix": "mix",
        "md5_encoded": "473a06cd290080ec7b92b9e53365bad9"
    },
    "tags": {
        "file_name": "1572.mp3"
    },
    "version": {
        "essentia": "2.1-beta2",
        "essentia_git_sha": "v2.1_beta2",
        "extractor": "music 1.0"
    }
},
"rhythm": {
    "beats_count": 109,
    "beats_loudness": {
        "mean": 0.1537694484,
        "var": 0.00915894191712
    },
    "bpm": 145.989730835,
    "bpm_histogram_first_peak_bpm": {
        "mean": 148,
        "var": 0
    },
    "bpm_histogram_first_peak_spread": {
        "mean": 0.444444477558,
        "var": 0
    },
    "bpm_histogram_first_peak_weight": {
        "mean": 0.555555582047,
        "var": 0
    },
    "bpm_histogram_second_peak_bpm": {
        "mean": 0,
        "var": 0
    },
    "bpm_histogram_second_peak_spread": {
        "mean": 0,
        "var": 0
    },
    "bpm_histogram_second_peak_weight": {
        "mean": 0,
        "var": 0
    },
    "danceability": 1.3023917675,
    "onset_rate": 4.94659233093,
    "beats_loudness_band_ratio": {
        "mean": [0.629254698753, 0.071246497333, 0.0129036651924, 0.0320051759481, 0.0377394258976, 0.224808305502],
        "var": [0.158818811178, 0.0378074459732, 0.000698391464539, 0.00305209658109, 0.00382326822728, 0.106184542179]
    },
    "beats_position": [0.371519267559, 0.777868449688, 1.18421769142, 1.60217678547, 2.02013611794, 2.42648530006, 2.83283448219, 3.23918366432, 3.64553284645, 4.06349182129, 4.48145103455, 4.88780021667, 5.2941493988, 5.71210861206, 6.11845779419, 6.52480697632, 6.94276618958, 7.3491153717, 7.75546455383, 8.17342376709, 8.59138298035, 8.99773216248, 9.4040813446, 9.82204055786, 10.2399997711, 10.6463489532, 11.0526981354, 11.4706573486, 11.8770065308, 12.2833557129, 12.7013149261, 13.1076641083, 13.5140132904, 13.9319725037, 14.3499317169, 14.756280899, 15.1626300812, 15.5689792633, 15.9753284454, 16.3932876587, 16.8112468719, 17.2175960541, 17.6239452362, 18.0419044495, 18.4598636627, 18.8662128448, 19.272562027, 19.6905212402, 20.0968704224, 20.5032196045, 20.9211788177, 21.3275279999, 21.733877182, 22.1518363953, 22.5581855774, 22.9645347595, 23.3824939728, 23.7888431549, 24.195192337, 24.6131515503, 25.0311107635, 25.4374599457, 25.8438091278, 26.2617683411, 26.6797275543, 27.0744667053, 27.4924259186, 27.9103851318, 28.316734314, 28.7230834961, 29.1410427094, 29.5473918915, 29.9537410736, 30.3717002869, 30.778049469, 31.1843986511, 31.6023578644, 32.0087051392, 32.4150543213, 32.8330154419, 33.2509727478, 33.6573219299, 34.0636711121, 34.4816322327, 34.8995895386, 35.2943305969, 35.7122879028, 36.118637085, 36.5249862671, 36.9429473877, 37.3609046936, 37.7672538757, 38.1736030579, 38.5915641785, 38.9979133606, 39.4042625427, 39.8222198486, 40.2285690308, 40.6349182129, 41.0528793335, 41.4708366394, 41.8771858215, 42.2835350037, 42.7014961243, 43.1078453064, 43.5141944885, 43.9321517944, 44.350112915, 44.7680702209]
},
"tonal": {
    "chords_changes_rate": 0.0761316865683,
    "chords_number_rate": 0.00720164598897,
    "chords_strength": {
        "mean": 0.445036143064,
        "var": 0.0118151344359
    },
    "hpcp_entropy": {
        "mean": 2.45372414589,
        "var": 0.598492622375
    },
    "key_strength": 0.64548677206,
    "tuning_diatonic_strength": 0.439244806767,
    "tuning_equal_tempered_deviation": 0.188183858991,
    "tuning_frequency": 434.193115234,
    "tuning_nontempered_energy_ratio": 0.80635625124,
    "hpcp": {
        "mean": [0.240104064345, 0.240167453885, 0.0860577970743, 0.0428958833218, 0.0358060188591, 0.0361570157111, 0.0597353503108, 0.0832114741206, 0.070890635252, 0.0645861551166, 0.0578166246414, 0.0371106564999, 0.0305819734931, 0.03728498891, 0.0493402294815, 0.0668323487043, 0.0768480524421, 0.0623990707099, 0.0574753917754, 0.045879714191, 0.0285732075572, 0.0574130527675, 0.0691411271691, 0.314287990332, 0.57375228405, 0.299368083477, 0.0210080388933, 0.0264284852892, 0.0370247922838, 0.0437138527632, 0.0701760873199, 0.0735085904598, 0.0484893471003, 0.0439231470227, 0.0415029637516, 0.0791560336947],
        "var": [0.142217516899, 0.138575404882, 0.0285978931934, 0.0207331888378, 0.0151388598606, 0.0135768940672, 0.0253792479634, 0.0448416993022, 0.0321480818093, 0.0323353111744, 0.0285324379802, 0.0140041382983, 0.00990717671812, 0.0137712564319, 0.0217523556203, 0.0304551292211, 0.0394010208547, 0.0313181020319, 0.0339346565306, 0.0230075083673, 0.00581670971587, 0.0250934697688, 0.0333789400756, 0.0601786933839, 0.218898788095, 0.0612020157278, 0.00477080140263, 0.0078959716484, 0.0154714118689, 0.0167995002121, 0.040772266686, 0.0471672713757, 0.0213812757283, 0.0214862395078, 0.0178151931614, 0.0251793060452]
    },
    "chords_histogram": [0, 8.12757205963, 41.872428894, 5.24691343307, 0, 19.2386837006, 0.102880656719, 2.26337456703, 0, 0, 0, 0, 15.3292179108, 0, 0, 0, 0, 0, 0, 7.81893014908, 0, 0, 0, 0],
    "thpcp": [1, 0.521772384644, 0.0366151742637, 0.0460625365376, 0.0645309686661, 0.0761894211173, 0.122310779989, 0.128119036555, 0.0845126882195, 0.0765542015433, 0.0723360329866, 0.137962043285, 0.418480366468, 0.418590843678, 0.149991199374, 0.0747637674212, 0.0624067559838, 0.0630185157061, 0.104113489389, 0.145030319691, 0.123556174338, 0.11256801337, 0.10076931864, 0.0646806284785, 0.0533017031848, 0.0649844706059, 0.0859957039356, 0.116482935846, 0.133939430118, 0.108756117523, 0.100174576044, 0.079964324832, 0.0498006008565, 0.100065924227, 0.120506934822, 0.547776460648],
    "chords_key": "F",
    "chords_scale": "major",
    "key_key": "A#",
    "key_scale": "major"
}
}