{
"lowlevel": {
    "average_loudness": 0.932426393032,
    "barkbands_crest": {
        "mean": 12.5113554001,
        "var": 16.431678772
    },
    "barkbands_flatness_db": {
        "mean": 0.200419917703,
        "var": 0.00359773007222
    },
    "barkbands_kurtosis": {
        "mean": 18.3931655884,
        "var": 292.026763916
    },
    "barkbands_skewness": {
        "mean": 3.05384540558,
        "var": 2.61210846901
    },
    "barkbands_spread": {
        "mean": 16.6389808655,
        "var": 459.514831543
    },
    "dissonance": {
        "mean": 0.445238798857,
        "var": 0.00136956560891
    },
    "dynamic_complexity": 2.44872903824,
    "erbbands_crest": {
        "mean": 9.69824790955,
        "var": 12.8825798035
    },
    "erbbands_flatness_db": {
        "mean": 0.161833718419,
        "var": 0.00206292094663
    },
    "erbbands_kurtosis": {
        "mean": 2.97775864601,
        "var": 25.8120574951
    },
    "erbbands_skewness": {
        "mean": 0.927531898022,
        "var": 2.07692313194
    },
    "erbbands_spread": {
        "mean": 50.6663970947,
        "var": 1058.4786377
    },
    "hfc": {
        "mean": 22.775680542,
        "var": 2164.62768555
    },
    "melbands_crest": {
        "mean": 15.5345211029,
        "var": 14.4639596939
    },
    "melbands_flatness_db": {
        "mean": 0.289002865553,
        "var": 0.00582971936092
    },
    "melbands_kurtosis": {
        "mean": 44.026725769,
        "var": 1403.83007813
    },
    "melbands_skewness": {
        "mean": 4.62196874619,
        "var": 4.46601867676
    },
    "melbands_spread": {
        "mean": 14.713722229,
        "var": 885.329772949
    },
    "pitch_salience": {
        "mean": 0.571521639824,
        "var": 0.0103444652632
    },
    "silence_rate_20dB": {
        "mean": 1,
        "var": 0
    },
    "silence_rate_30dB": {
        "mean": 0.964984536171,
        "var": 0.0337891355157
    },
    "silence_rate_60dB": {
        "mean": 0.00308959838003,
        "var": 0.00308004394174
    },
    "spectral_centroid": {
        "mean": 828.736022949,
        "var": 797915.75
    },
    "spectral_complexity": {
        "mean": 10.4624099731,
        "var": 56.3887329102
    },
    "spectral_decrease": {
        "mean": -8.86779716325e-009,
        "var": 6.32357078984e-017
    },
    "spectral_energy": {
        "mean": 0.0355349630117,
        "var": 0.000984895043075
    },
    "spectral_energyband_high": {
        "mean": 0.00216785934754,
        "var": 3.80128331017e-005
    },
    "spectral_energyband_low": {
        "mean": 0.017817877233,
        "var": 0.000471231964184
    },
    "spectral_energyband_middle_high": {
        "mean": 0.00108759361319,
        "var": 3.62256696462e-006
    },
    "spectral_energyband_middle_low": {
        "mean": 0.0167646575719,
        "var": 0.000196434717509
    },
    "spectral_entropy": {
        "mean": 7.1516456604,
        "var": 0.489627748728
    },
    "spectral_flux": {
        "mean": 0.0975209027529,
        "var": 0.00281570036896
    },
    "spectral_kurtosis": {
        "mean": 4.82116985321,
        "var": 31.7093868256
    },
    "spectral_rms": {
        "mean": 0.00542432023212,
        "var": 5.24498591403e-006
    },
    "spectral_rolloff": {
        "mean": 1072.93579102,
        "var": 4165368.5
    },
    "spectral_skewness": {
        "mean": 1.67106378078,
        "var": 0.895919024944
    },
    "spectral_spread": {
        "mean": 5584396.5,
        "var": 4.58179372646e+012
    },
    "spectral_strongpeak": {
        "mean": 0.643025457859,
        "var": 1.00656545162
    },
    "zerocrossingrate": {
        "mean": 0.0475314892828,
        "var": 0.00304164900444
    },
    "barkbands": {
        "mean": [0.000857024104334, 0.0049255550839, 0.0098512629047, 0.00477428315207, 0.00976983644068, 0.00061893457314, 0.000580763735343, 0.000507307820953, 0.000271252822131, 0.000329545437125, 0.000161716452567, 6.03987900831e-005, 5.10899189976e-005, 0.000116170536785, 6.32802766631e-005, 6.15744793322e-005, 6.36422773823e-005, 8.03298316896e-005, 0.000131711829454, 0.000176088607986, 0.000211982507608, 0.000587013782933, 0.00092928216327, 0.0001309527579, 7.47364756535e-005, 0.00014712580014, 2.12162422031e-006],
        "var": [4.45099385615e-006, 7.53593776608e-005, 0.000185668701306, 4.09757521993e-005, 7.27689548512e-005, 4.18941965563e-007, 3.24547187347e-007, 3.18145850997e-007, 1.17329754801e-007, 2.01458334459e-007, 8.65330704869e-008, 1.83137025545e-008, 2.54625298624e-008, 7.27418409951e-008, 4.47446844021e-008, 4.86349875928e-008, 3.52057512032e-008, 6.89104524554e-008, 1.85226767258e-007, 1.78037552701e-007, 2.84174348053e-007, 3.5382936403e-006, 9.43997474678e-006, 9.96840157086e-008, 5.09032815899e-008, 5.18027150065e-007, 1.95237492839e-010]
    },
    "erbbands": {
        "mean": [0.118916392326, 1.28755903244, 8.7614402771, 16.124382019, 24.2190227509, 33.2350692749, 20.3293476105, 5.07720041275, 5.99729156494, 14.6541852951, 7.71938991547, 4.98928022385, 13.5878705978, 4.63052511215, 6.30236005783, 2.4272248745, 2.33154344559, 6.11354351044, 3.78680682182, 3.41186404228, 3.20749306679, 3.72747039795, 4.18233156204, 5.28728675842, 8.16503429413, 7.88408327103, 6.24009752274, 15.6104602814, 17.5767936707, 30.0771179199, 24.2741012573, 4.76721811295, 2.20348334312, 1.06016981602, 0.51308786869, 1.07168388367, 0.130858868361, 0.0106967007741, 0.000329068046995, 5.77971513849e-005],
        "var": [0.0572869628668, 5.09825468063, 160.938568115, 346.095916748, 1201.0369873, 902.976745605, 434.313781738, 33.6210212708, 37.4164886475, 213.647491455, 63.1250190735, 38.6072044373, 264.807739258, 46.835357666, 120.572540283, 27.6300811768, 44.9270019531, 213.664962769, 98.7421188354, 135.413421631, 128.507110596, 126.453140259, 203.235565186, 297.25402832, 694.468811035, 358.40914917, 181.483947754, 1798.37402344, 3368.09936523, 9998.94726563, 6609.48828125, 149.814025879, 31.2411880493, 6.96521043777, 4.08213996887, 27.1918830872, 0.431781113148, 0.00313681503758, 2.39737823904e-006, 8.3098719017e-009]
    },
    "gfcc": {
        "mean": [-33.2026863098, 101.386764526, -64.1522293091, 49.6160812378, -75.8973464966, 13.5321149826, -36.1001434326, -3.49322962761, -27.2293548584, -5.17983293533, -26.2625713348, -8.16502094269, -14.8509473801],
        "cov": [[5029.609375, -1778.49755859, -356.655212402, 839.643737793, -79.3314285278, 443.397247314, -149.655456543, 152.697235107, -7.77027082443, 243.933792114, -175.124053955, 110.335906982, -234.519165039], [-1778.49755859, 2089.55566406, -126.964576721, -625.569824219, 287.296569824, -227.280502319, 230.96434021, -74.3367843628, 41.8198509216, -233.313262939, 256.744384766, -216.085388184, 235.831420898], [-356.655212402, -126.964576721, 476.060791016, -34.4951133728, -162.637298584, 10.3700962067, 32.1274719238, -52.1537857056, 27.5100727081, 14.6345472336, -78.0363845825, 49.3747634888, -53.1250305176], [839.643737793, -625.569824219, -34.4951133728, 514.242553711, 70.3552246094, 91.1233291626, -54.2579193115, 64.5980606079, 50.4121856689, 98.9381790161, -14.6333417892, 26.5983886719, -47.4201545715], [-79.3314285278, 287.296569824, -162.637298584, 70.3552246094, 303.336273193, 7.42188596725, 24.8562755585, 47.459274292, 44.4845352173, 8.87812995911, 89.1164474487, -54.1355895996, 35.4255027771], [443.397247314, -227.280502319, 10.3700962067, 91.1233291626, 7.42188596725, 172.372833252, 35.4930648804, 27.2821159363, 6.26290512085, 29.625875473, -15.4076566696, 35.7633132935, -17.0864067078], [-149.655456543, 230.96434021, 32.1274719238, -54.2579193115, 24.8562755585, 35.4930648804, 165.50958252, 3.6166677475, -4.62928295135, -40.574131012, 30.8234214783, -1.4511629343, 32.3616867065], [152.697235107, -74.3367843628, -52.1537857056, 64.5980606079, 47.459274292, 27.2821159363, 3.6166677475, 82.900604248, 17.4118289948, 21.1122703552, 9.4204750061, -2.37677264214, -6.0868973732], [-7.77027082443, 41.8198509216, 27.5100727081, 50.4121856689, 44.4845352173, 6.26290512085, -4.62928295135, 17.4118289948, 103.696296692, 30.4656639099, 1.45793390274, -19.1822376251, -12.9836750031], [243.933792114, -233.313262939, 14.6345472336, 98.9381790161, 8.87812995911, 29.625875473, -40.574131012, 21.1122703552, 30.4656639099, 88.9808197021, -12.3440647125, 10.6256723404, -38.677318573], [-175.124053955, 256.744384766, -78.0363845825, -14.6333417892, 89.1164474487, -15.4076566696, 30.8234214783, 9.4204750061, 1.45793390274, -12.3440647125, 97.7947921753, -19.9129981995, 44.7006988525], [110.335906982, -216.085388184, 49.3747634888, 26.5983886719, -54.1355895996, 35.7633132935, -1.4511629343, -2.37677264214, -19.1822376251, 10.6256723404, -19.9129981995, 95.2698898315, -1.03399097919], [-234.519165039, 235.831420898, -53.1250305176, -47.4201545715, 35.4255027771, -17.0864067078, 32.3616867065, -6.0868973732, -12.9836750031, -38.677318573, 44.7006988525, -1.03399097919, 105.905441284]],
        "icov": [[0.000470009865239, -0.000218771529035, 0.000638953468297, -0.000703114666976, 0.000466059020255, -0.000919926271308, 9.61155164987e-005, -6.02257678111e-005, 0.000353892886778, -0.000539493164979, 0.000772910367232, -0.00026453481405, 0.000714052061085], [-0.000218771529035, 0.00502741662785, -0.00116428628098, 0.00443673087284, -0.00267744320445, 0.00234381295741, -0.00247463909909, 0.00181896402501, -0.00410814443603, 0.0050571761094, -0.00679543381557, 0.00577378319576, -0.00387467234395], [0.000638953468297, -0.00116428628098, 0.00439405441284, -0.00157526205294, 0.0022874395363, -0.00120312301442, -0.00101829972118, 0.0013347575441, -0.000591565389186, -0.00228811777197, 0.00341618619859, -0.0025710943155, 0.00255984556861], [-0.000703114666976, 0.00443673087284, -0.00157526205294, 0.00735395681113, -0.00335648003966, 0.0020436020568, -0.00153750891332, 0.000581998028792, -0.00426098657772, 0.00287905754521, -0.00618860358372, 0.00444362591952, -0.00379387731664], [0.000466059020255, -0.00267744320445, 0.0022874395363, -0.00335648003966, 0.00788666959852, -0.00227508065291, 0.000774440704845, -0.00213609309867, 0.000265313545242, -0.00312946760096, -1.56942987815e-005, -0.00114434200805, 0.00215926184319], [-0.000919926271308, 0.00234381295741, -0.00120312301442, 0.0020436020568, -0.00227508065291, 0.010762585327, -0.00417517032474, -0.000315712648444, -0.00196843896993, 0.000809334625956, -0.00218376191333, 6.29983696854e-005, -0.00221313768998], [9.61155164987e-005, -0.00247463909909, -0.00101829972118, -0.00153750891332, 0.000774440704845, -0.00417517032474, 0.0102888718247, -0.00227153324522, 0.00194112118334, 0.00177389534656, 0.00051561294822, -0.00234850309789, 0.000962206046097], [-6.02257678111e-005, 0.00181896402501, 0.0013347575441, 0.000581998028792, -0.00213609309867, -0.000315712648444, -0.00227153324522, 0.0165642742068, -0.00298110302538, -0.000256257219007, -0.00215916824527, 0.00159640540369, -0.00047610438196], [0.000353892886778, -0.00410814443603, -0.000591565389186, -0.00426098657772, 0.000265313545242, -0.00196843896993, 0.00194112118334, -0.00298110302538, 0.0164138711989, -0.00791951920837, 0.00648412806913, -0.00181144825183, 0.00292178639211], [-0.000539493164979, 0.0050571761094, -0.00228811777197, 0.00287905754521, -0.00312946760096, 0.000809334625956, 0.00177389534656, -0.000256257219007, -0.00791951920837, 0.0252225082368, -0.00929532572627, 0.00407073320821, 0.000509541365318], [0.000772910367232, -0.00679543381557, 0.00341618619859, -0.00618860358372, -1.56942987815e-005, -0.00218376191333, 0.00051561294822, -0.00215916824527, 0.00648412806913, -0.00929532572627, 0.0278525240719, -0.00741413934156, 0.000729426858015], [-0.00026453481405, 0.00577378319576, -0.0025710943155, 0.00444362591952, -0.00114434200805, 6.29983696854e-005, -0.00234850309789, 0.00159640540369, -0.00181144825183, 0.00407073320821, -0.00741413934156, 0.020876865834, -0.00694285845384], [0.000714052061085, -0.00387467234395, 0.00255984556861, -0.00379387731664, 0.00215926184319, -0.00221313768998, 0.000962206046097, -0.00047610438196, 0.00292178639211, 0.000509541365318, 0.000729426858015, -0.00694285845384, 0.0180050078779]]
    },
    "melbands": {
        "mean": [0.00122164003551, 0.00373906013556, 0.00309847528115, 0.00202505197376, 0.00100564071909, 0.000102003432403, 9.85493970802e-005, 0.000155810281285, 5.71605232835e-005, 3.32463896484e-005, 6.75439005136e-005, 1.67486832652e-005, 2.27189411817e-005, 8.72218424774e-006, 4.99997759107e-006, 5.62645982427e-006, 1.24575644804e-005, 6.01907231612e-006, 4.69927272206e-006, 4.4867078941e-006, 3.58279612556e-006, 3.72176464225e-006, 3.99510872739e-006, 3.60221906703e-006, 4.22443144998e-006, 5.20479625266e-006, 6.55675557937e-006, 4.88640853291e-006, 3.96550649384e-006, 3.8408106775e-006, 1.20248141684e-005, 1.12693296614e-005, 9.12462382985e-006, 1.91086655832e-005, 1.38273153425e-005, 7.92013906903e-006, 1.50304924773e-006, 1.48706260461e-006, 1.40776421631e-006, 7.23813514014e-007],
        "var": [4.52403037343e-006, 2.81547727354e-005, 1.28420260808e-005, 3.82802954846e-006, 9.43127702158e-007, 1.43733824842e-008, 9.13422315563e-009, 2.44457414311e-008, 4.55346915729e-009, 1.60504987079e-009, 6.57364562784e-009, 7.22448434409e-010, 1.76122938456e-009, 2.69074984516e-010, 2.05313044344e-010, 2.23751184247e-010, 9.63060631243e-010, 2.51999726641e-010, 2.7513680223e-010, 2.37551617266e-010, 1.68570976622e-010, 1.25819660246e-010, 1.87756935e-010, 1.38409658734e-010, 2.11042530673e-010, 3.39789973935e-010, 3.97666066743e-010, 1.21726642655e-010, 7.21672721582e-011, 9.78047781652e-011, 1.2476996103e-009, 1.67968683407e-009, 7.28120841398e-010, 4.38447322892e-009, 2.23212404116e-009, 6.44641451331e-010, 1.28507924788e-011, 1.48918724574e-011, 1.42576766365e-011, 3.15933997713e-012]
    },
    "mfcc": {
        "mean": [-687.20916748, 123.773399353, 57.6437683105, 36.4185180664, -3.7613465786, 14.0335502625, -4.14150333405, 2.00594067574, -1.93269622326, 1.79071104527, -3.21562433243, -9.32983493805, -12.1889896393],
        "cov": [[5044.65136719, -2083.39624023, -266.989044189, 277.504241943, 229.895462036, 319.680053711, -15.1363220215, 99.2458343506, 46.3773612976, 104.246337891, 138.351989746, 54.2549057007, 161.190170288], [-2083.39624023, 2211.96557617, -209.848999023, -286.960449219, -92.7050704956, -222.079421997, 204.432952881, -49.9575805664, 11.6755876541, -40.3838386536, -82.2513427734, 20.5341453552, -111.89037323], [-266.989044189, -209.848999023, 505.759338379, -27.9019432068, -155.927062988, 74.4852371216, -114.341285706, 39.2146339417, -17.6067485809, 6.05816173553, -1.93646395206, -25.0830020905, -9.70128917694], [277.504241943, -286.960449219, -27.9019432068, 271.959777832, 121.377044678, 29.8483123779, -3.58007192612, -5.95247268677, 6.28112983704, 43.2020187378, 52.9746017456, 22.4231147766, 14.2500677109], [229.895462036, -92.7050704956, -155.927062988, 121.377044678, 240.464157104, 14.5110139847, 10.2570152283, -29.387090683, 20.5652656555, 42.6055793762, 48.3412513733, 44.5662384033, 8.66183376312], [319.680053711, -222.079421997, 74.4852371216, 29.8483123779, 14.5110139847, 143.945739746, 0.0849448516965, 43.7365493774, 14.7262687683, 22.50740242, 14.5109262466, 9.122382164, 30.6916503906], [-15.1363220215, 204.432952881, -114.341285706, -3.58007192612, 10.2570152283, 0.0849448516965, 181.788772583, 30.4380970001, 22.029466629, -23.0379257202, -20.3140239716, 16.1583557129, 18.7872543335], [99.2458343506, -49.9575805664, 39.2146339417, -5.95247268677, -29.387090683, 43.7365493774, 30.4380970001, 103.549781799, 20.7288990021, -3.16361737251, -7.00168895721, 0.903800904751, 26.5483875275], [46.3773612976, 11.6755876541, -17.6067485809, 6.28112983704, 20.5652656555, 14.7262687683, 22.029466629, 20.7288990021, 74.598991394, 16.0285205841, -3.45614790916, 10.3084888458, 8.82160568237], [104.246337891, -40.3838386536, 6.05816173553, 43.2020187378, 42.6055793762, 22.50740242, -23.0379257202, -3.16361737251, 16.0285205841, 84.7977981567, 42.3479118347, 12.797791481, -5.77822351456], [138.351989746, -82.2513427734, -1.93646395206, 52.9746017456, 48.3412513733, 14.5109262466, -20.3140239716, -7.00168895721, -3.45614790916, 42.3479118347, 99.8749847412, 18.6414966583, -11.4077882767], [54.2549057007, 20.5341453552, -25.0830020905, 22.4231147766, 44.5662384033, 9.122382164, 16.1583557129, 0.903800904751, 10.3084888458, 12.797791481, 18.6414966583, 64.9894332886, 11.8436937332], [161.190170288, -111.89037323, -9.70128917694, 14.2500677109, 8.66183376312, 30.6916503906, 18.7872543335, 26.5483875275, 8.82160568237, -5.77822351456, -11.4077882767, 11.8436937332, 65.5525741577]],
        "icov": [[0.000438059796579, 0.000441351206973, 0.000506386510096, 0.00015190045815, 0.000166528028785, -0.00048514775699, -0.000166637750226, -0.000106305946247, -1.3364784536e-005, -0.000312599062454, -0.000187119730981, -0.000248056661803, 5.40156690931e-007], [0.000441351206973, 0.0012447303161, 0.000546824245248, 0.000861705746502, 0.000223606111831, 0.000385114894016, -0.0011290932307, -5.08354860358e-005, -2.97390215565e-005, -0.000844496535137, 0.000229134137044, -0.000886799884029, 0.0011969396146], [0.000506386510096, 0.000546824245248, 0.00416510831565, -0.000369577581296, 0.0028287328314, -0.00247556390241, 0.00191277358681, -0.000841320317704, 9.76920200628e-005, -0.000471871317131, -0.000143938217661, -0.000991481705569, 0.00106209015939], [0.00015190045815, 0.000861705746502, -0.000369577581296, 0.00591254560277, -0.00255437148735, 0.000558258558158, -0.00127991917543, 6.80161463151e-007, 0.00045582849998, -0.00151812494732, -0.00110862252768, -1.16654136946e-005, -0.000185958240763], [0.000166528028785, 0.000223606111831, 0.0028287328314, -0.00255437148735, 0.00870808493346, -0.00175366015173, 0.000867809925694, 0.00185390608385, -0.00141168665141, -0.00123043591157, -0.00116546079516, -0.00342381233349, 0.000114269139885], [-0.00048514775699, 0.000385114894016, -0.00247556390241, 0.000558258558158, -0.00175366015173, 0.0117088565603, -0.00145392701961, -0.00276447529905, -0.000274993915809, -0.00212957430631, -0.000100887977169, 4.68845719297e-005, -0.00252822600305], [-0.000166637750226, -0.0011290932307, 0.00191277358681, -0.00127991917543, 0.000867809925694, -0.00145392701961, 0.00904787238687, -0.00222685537301, -0.00140641117468, 0.00266326824203, 0.000356577744242, -0.00108247844037, -0.00139969482552], [-0.000106305946247, -5.08354860358e-005, -0.000841320317704, 6.80161463151e-007, 0.00185390608385, -0.00276447529905, -0.00222685537301, 0.0139182563871, -0.00307810585946, 0.000493920408189, -0.000715137226507, 0.000519782712217, -0.00365986023098], [-1.3364784536e-005, -2.97390215565e-005, 9.76920200628e-005, 0.00045582849998, -0.00141168665141, -0.000274993915809, -0.00140641117468, -0.00307810585946, 0.0162812042981, -0.00409825798124, 0.00249251606874, -0.00118255452253, -4.23938181484e-005], [-0.000312599062454, -0.000844496535137, -0.000471871317131, -0.00151812494732, -0.00123043591157, -0.00212957430631, 0.00266326824203, 0.000493920408189, -0.00409825798124, 0.0182240251452, -0.00571859441698, -0.000132031782414, 0.00097029178869], [-0.000187119730981, 0.000229134137044, -0.000143938217661, -0.00110862252768, -0.00116546079516, -0.000100887977169, 0.000356577744242, -0.000715137226507, 0.00249251606874, -0.00571859441698, 0.0151897873729, -0.0031802947633, 0.00383808580227], [-0.000248056661803, -0.000886799884029, -0.000991481705569, -1.16654136946e-005, -0.00342381233349, 4.68845719297e-005, -0.00108247844037, 0.000519782712217, -0.00118255452253, -0.000132031782414, -0.0031802947633, 0.0200533624738, -0.00454680016264], [5.40156690931e-007, 0.0011969396146, 0.00106209015939, -0.000185958240763, 0.000114269139885, -0.00252822600305, -0.00139969482552, -0.00365986023098, -4.23938181484e-005, 0.00097029178869, 0.00383808580227, -0.00454680016264, 0.0221268739551]]
    },
    "spectral_contrast_coeffs": {
        "mean": [-0.560794234276, -0.768321454525, -0.763853728771, -0.832684159279, -0.827887535095, -0.761082053185],
        "var": [0.0062450831756, 0.00178784073796, 0.00292948260903, 0.00115975283552, 0.00142911379226, 0.00204833527096]
    },
    "spectral_contrast_valleys": {
        "mean": [-6.88470745087, -6.83109378815, -8.06398391724, -8.51648712158, -8.22282028198, -10.1386451721],
        "var": [0.765381157398, 0.508581161499, 0.751825749874, 0.781639993191, 0.997854590416, 1.25689983368]
    }
},
"metadata": {
    "audio_properties": {
        "analysis_sample_rate": 44100,
        "bit_rate": 128074,
        "equal_loudness": 0,
        "length": 45.0612258911,
        "lossless": 0,
        "replay_gain": -5.4093875885,
        "sample_rate": 44100,
        "codec": "mp3",
        "downmix": "mix",
        "md5_encoded": "4f3754e5f2bf10f99f9e5777c8f265b1"
    },
    "tags": {
        "file_name": "1573.mp3"
    },
    "version": {
        "essentia": "2.1-beta2",
        "essentia_git_sha": "v2.1_beta2",
        "extractor": "music 1.0"
    }
},
"rhythm": {
    "beats_count": 66,
    "beats_loudness": {
        "mean": 0.0866473391652,
        "var": 0.00153767049778
    },
    "bpm": 89.4196624756,
    "bpm_histogram_first_peak_bpm": {
        "mean": 89,
        "var": 0
    },
    "bpm_histogram_first_peak_spread": {
        "mean": 0.246153831482,
        "var": 0
    },
    "bpm_histogram_first_peak_weight": {
        "mean": 0.753846168518,
        "var": 0
    },
    "bpm_histogram_second_peak_bpm": {
        "mean": 0,
        "var": 0
    },
    "bpm_histogram_second_peak_spread": {
        "mean": 0,
        "var": 0
    },
    "bpm_histogram_second_peak_weight": {
        "mean": 0,
        "var": 0
    },
    "danceability": 1.27327799797,
    "onset_rate": 5.25714063644,
    "beats_loudness_band_ratio": {
        "mean": [0.750327289104, 0.234724968672, 0.0498700775206, 0.0119890272617, 0.00902451574802, 0.0410448312759],
        "var": [0.0239573214203, 0.0127322115004, 0.00218647462316, 0.000111243665742, 0.000376443640562, 0.008828708902]
    },
    "beats_position": [0.673378646374, 1.34675729275, 2.02013611794, 2.69351458549, 3.36689329147, 4.04027223587, 4.71365070343, 5.38702917099, 6.04879808426, 6.73378658295, 7.40716552734, 8.05732440948, 8.73070240021, 9.4040813446, 10.077460289, 10.7392292023, 11.4009971619, 12.0743761063, 12.7477550507, 13.4211339951, 14.0945119858, 14.7678909302, 15.4296598434, 16.0914287567, 16.7648067474, 17.4381847382, 18.1115646362, 18.784942627, 19.458322525, 20.1317005157, 20.7934684753, 21.4668483734, 22.128616333, 22.8019943237, 23.4753742218, 24.1487522125, 24.8221302032, 25.4955101013, 26.168888092, 26.830657959, 27.4924259186, 28.1658039093, 28.8391838074, 29.5125617981, 30.1859397888, 30.8593196869, 31.5210876465, 32.1828575134, 32.8562355042, 33.5296134949, 34.2029914856, 34.8763694763, 35.5497512817, 36.2231292725, 36.8848991394, 37.5466651917, 38.2200431824, 38.8934249878, 39.5668029785, 40.2401809692, 40.91355896, 41.5869369507, 42.2487068176, 42.9220848083, 43.5954627991, 44.2920608521]
},
"tonal": {
    "chords_changes_rate": 0.0751028805971,
    "chords_number_rate": 0.00720164598897,
    "chords_strength": {
        "mean": 0.450190275908,
        "var": 0.00540735013783
    },
    "hpcp_entropy": {
        "mean": 2.00189518929,
        "var": 0.594983279705
    },
    "key_strength": 0.458078563213,
    "tuning_diatonic_strength": 0.451890558004,
    "tuning_equal_tempered_deviation": 0.233988314867,
    "tuning_frequency": 434.193115234,
    "tuning_nontempered_energy_ratio": 0.966542601585,
    "hpcp": {
        "mean": [0.0857775956392, 0.0668123140931, 0.052327439189, 0.0597987957299, 0.089822165668, 0.136064648628, 0.224841460586, 0.298634052277, 0.292791455984, 0.398618757725, 0.379311591387, 0.162072747946, 0.0926607102156, 0.0906269699335, 0.0758127197623, 0.0836836844683, 0.0933605656028, 0.0656238868833, 0.042469073087, 0.035702213645, 0.0288168843836, 0.0388915389776, 0.0569699406624, 0.0828091129661, 0.106526002288, 0.0967289060354, 0.112650133669, 0.174010366201, 0.172063559294, 0.11598225683, 0.0898109450936, 0.0817983374, 0.096615344286, 0.147290468216, 0.159211993217, 0.116690613329],
        "var": [0.0284335277975, 0.0212361831218, 0.0186050515622, 0.0293719861656, 0.0441900007427, 0.066104836762, 0.100248716772, 0.13803230226, 0.094516299665, 0.130857735872, 0.15861658752, 0.0508900769055, 0.0452925115824, 0.0438319146633, 0.0357810556889, 0.0264759343117, 0.0313485376537, 0.0220632236451, 0.00956318993121, 0.00798607431352, 0.00740518560633, 0.0121873039752, 0.0232329666615, 0.0338793098927, 0.0504445694387, 0.0412412323058, 0.0459100492299, 0.079185642302, 0.071571663022, 0.0477758683264, 0.0278533790261, 0.0180137120187, 0.0267258360982, 0.0460965409875, 0.061975941062, 0.0486191399395]
    },
    "chords_histogram": [0.205761313438, 9.56790161133, 15.9465017319, 0, 0, 0, 0, 0, 0, 31.6872425079, 1.02880656719, 0, 24.6913585663, 0, 0, 0, 0, 0, 3.80658435822, 13.0658435822, 0, 0, 0, 0],
    "thpcp": [1, 0.951564848423, 0.406585842371, 0.23245446384, 0.227352499962, 0.190188542008, 0.209934130311, 0.234210163355, 0.164628192782, 0.106540575624, 0.089564807713, 0.0722918435931, 0.0975657552481, 0.142918363214, 0.20774012804, 0.267237812281, 0.242660194635, 0.282601177692, 0.436533302069, 0.431649416685, 0.290960371494, 0.225305363536, 0.205204442143, 0.242375314236, 0.369502097368, 0.399409174919, 0.292737394571, 0.215187057853, 0.167609557509, 0.131271898746, 0.15001501143, 0.225333511829, 0.341340303421, 0.564051389694, 0.749172091484, 0.734515011311],
    "chords_key": "C",
    "chords_scale": "major",
    "key_key": "F",
    "key_scale": "minor"
}
}