{
"lowlevel": {
    "average_loudness": 0.982285499573,
    "barkbands_crest": {
        "mean": 15.3635187149,
        "var": 25.939573288
    },
    "barkbands_flatness_db": {
        "mean": 0.170214012265,
        "var": 0.00291729718447
    },
    "barkbands_kurtosis": {
        "mean": 19.5053672791,
        "var": 337.527893066
    },
    "barkbands_skewness": {
        "mean": 3.62851548195,
        "var": 2.49080061913
    },
    "barkbands_spread": {
        "mean": 13.9846105576,
        "var": 96.901222229
    },
    "dissonance": {
        "mean": 0.465741544962,
        "var": 0.000597781210672
    },
    "dynamic_complexity": 1.21249306202,
    "erbbands_crest": {
        "mean": 7.57829809189,
        "var": 13.3718490601
    },
    "erbbands_flatness_db": {
        "mean": 0.108702801168,
        "var": 0.000481785915326
    },
    "erbbands_kurtosis": {
        "mean": 0.134300008416,
        "var": 3.31156516075
    },
    "erbbands_skewness": {
        "mean": 0.688451528549,
        "var": 0.477654784918
    },
    "erbbands_spread": {
        "mean": 61.4638366699,
        "var": 402.933807373
    },
    "hfc": {
        "mean": 28.2356529236,
        "var": 273.098266602
    },
    "melbands_crest": {
        "mean": 20.5511627197,
        "var": 39.6848945618
    },
    "melbands_flatness_db": {
        "mean": 0.266561388969,
        "var": 0.00441183894873
    },
    "melbands_kurtosis": {
        "mean": 52.0128936768,
        "var": 1748.8137207
    },
    "melbands_skewness": {
        "mean": 5.31081438065,
        "var": 4.60187292099
    },
    "melbands_spread": {
        "mean": 9.52599906921,
        "var": 86.7902908325
    },
    "pitch_salience": {
        "mean": 0.436291188002,
        "var": 0.0206833668053
    },
    "silence_rate_20dB": {
        "mean": 1,
        "var": 0
    },
    "silence_rate_30dB": {
        "mean": 0.572090625763,
        "var": 0.24480471015
    },
    "silence_rate_60dB": {
        "mean": 0.00154479919001,
        "var": 0.00154241069686
    },
    "spectral_centroid": {
        "mean": 1037.19592285,
        "var": 272856.84375
    },
    "spectral_complexity": {
        "mean": 19.8851699829,
        "var": 111.829742432
    },
    "spectral_decrease": {
        "mean": -2.44496192181e-008,
        "var": 9.00389736359e-017
    },
    "spectral_energy": {
        "mean": 0.0948396250606,
        "var": 0.00129977287725
    },
    "spectral_energyband_high": {
        "mean": 0.0014888526639,
        "var": 2.04340267373e-006
    },
    "spectral_energyband_low": {
        "mean": 0.0707377865911,
        "var": 0.00135062716436
    },
    "spectral_energyband_middle_high": {
        "mean": 0.00347162550315,
        "var": 1.58980074048e-005
    },
    "spectral_energyband_middle_low": {
        "mean": 0.0211397912353,
        "var": 0.000180834249477
    },
    "spectral_entropy": {
        "mean": 7.71093654633,
        "var": 0.0885437726974
    },
    "spectral_flux": {
        "mean": 0.134333640337,
        "var": 0.00247468915768
    },
    "spectral_kurtosis": {
        "mean": 2.48188591003,
        "var": 1.42316746712
    },
    "spectral_rms": {
        "mean": 0.00939363520592,
        "var": 4.28616340287e-006
    },
    "spectral_rolloff": {
        "mean": 473.685760498,
        "var": 648847.8125
    },
    "spectral_skewness": {
        "mean": 1.32668077946,
        "var": 0.0984356477857
    },
    "spectral_spread": {
        "mean": 5911351.5,
        "var": 2.36615394918e+012
    },
    "spectral_strongpeak": {
        "mean": 0.629098176956,
        "var": 0.133970916271
    },
    "zerocrossingrate": {
        "mean": 0.0369718410075,
        "var": 0.000564080430195
    },
    "barkbands": {
        "mean": [0.00399678666145, 0.0564249567688, 0.00848180893809, 0.00454638479277, 0.00552955875173, 0.00452787755057, 0.00324064865708, 0.00166002393235, 0.00123265944421, 0.000761959294323, 0.00058573379647, 0.000358189310646, 0.00014861523232, 0.000212984494283, 0.000273223995464, 0.000266005663434, 0.000237171043409, 0.000334414013196, 0.000394154572859, 0.000286907074042, 0.000215772117372, 0.000391502369894, 0.000430950894952, 0.000103680300526, 0.000110638815386, 8.04237351986e-005, 6.65411698719e-006],
        "var": [3.14958415402e-005, 0.00120538065676, 8.15852108644e-005, 3.33166171913e-005, 2.85336063826e-005, 1.79544658749e-005, 1.32762670546e-005, 5.51463290321e-006, 2.40390636463e-006, 1.36957930863e-006, 2.97681253869e-006, 4.25277590921e-007, 5.39101669972e-008, 1.37555417723e-007, 2.89151017796e-007, 2.00317145982e-007, 9.33918116175e-008, 1.38092019597e-007, 2.21884320695e-007, 1.25883417468e-007, 6.20394331463e-008, 2.86593206056e-007, 2.2861993898e-007, 1.33369040256e-008, 1.69503522329e-008, 9.66702984329e-009, 1.14916465233e-010]
    },
    "erbbands": {
        "mean": [1.92795598507, 11.0547418594, 13.2917604446, 12.1298589706, 15.8159656525, 20.1233329773, 23.8762664795, 46.6380882263, 53.0057678223, 36.5093040466, 29.4605464935, 27.2656879425, 31.1074790955, 19.465877533, 21.5687274933, 15.6312818527, 8.16109371185, 8.33142948151, 15.1123361588, 13.2385253906, 15.3003501892, 15.1169147491, 17.3527584076, 16.8776512146, 20.5189247131, 12.8915491104, 10.6859760284, 10.4935941696, 12.33644104, 16.1647548676, 10.7902708054, 2.9305832386, 1.8339099884, 1.43510198593, 0.64782422781, 0.480988144875, 0.104340471327, 0.0216033235192, 0.000736132904422, 0.000124072001199],
        "var": [2.34825897217, 72.4381942749, 171.208435059, 168.858551025, 344.264770508, 543.751281738, 461.886535645, 2352.00317383, 3756.54150391, 1957.04785156, 1320.28869629, 1054.23425293, 2360.2097168, 1955.99719238, 4649.1953125, 878.219726563, 141.688201904, 118.314239502, 993.289123535, 531.532531738, 676.159484863, 361.310699463, 383.880310059, 333.264953613, 673.867004395, 238.25579834, 161.935195923, 139.196472168, 256.140563965, 439.750915527, 118.82043457, 9.2420425415, 4.03465747833, 2.24349761009, 0.780372083187, 0.370928704739, 0.0169339161366, 0.000902445521206, 1.18407911032e-006, 2.0150050517e-009]
    },
    "gfcc": {
        "mean": [54.5297431946, 89.3026351929, -71.9199447632, 51.8370628357, -61.295124054, 15.1866636276, -29.7120723724, 17.2512245178, -13.8176622391, 9.44192886353, -12.8923749924, 11.3171272278, -13.1904373169],
        "cov": [[2131.79785156, -205.566619873, -357.890930176, -57.4795036316, -59.6812553406, 0.763083875179, -102.88961792, 7.7629108429, -83.2794494629, 41.8267326355, -131.92098999, 7.01473760605, -39.910900116], [-205.566619873, 368.355316162, 90.5795669556, 10.2085981369, 52.5403900146, -17.3089084625, 69.1578674316, -1.43108475208, 23.0228843689, -25.4716739655, 68.2441253662, -31.1470432281, 27.8686027527], [-357.890930176, 90.5795669556, 508.626739502, -14.9667367935, -3.37897610664, 100.084129333, 10.7587165833, -66.1413574219, -6.25834178925, 1.99531817436, 30.3945026398, 25.5210189819, -21.1619777679], [-57.4795036316, 10.2085981369, -14.9667367935, 225.759384155, 55.5156440735, -29.3989467621, 23.3216590881, 32.6194648743, 48.4999389648, -13.9676856995, 33.7201805115, -6.9772939682, 15.817650795], [-59.6812553406, 52.5403900146, -3.37897610664, 55.5156440735, 131.990905762, 11.5274448395, 28.9105491638, 31.5983181, 9.27206516266, -7.00639390945, 17.8416557312, -25.0850734711, 15.9528388977], [0.763083875179, -17.3089084625, 100.084129333, -29.3989467621, 11.5274448395, 142.964401245, 30.90883255, -29.6535186768, -1.35490715504, 1.51149451733, -6.19463968277, 20.2755947113, 3.19917345047], [-102.88961792, 69.1578674316, 10.7587165833, 23.3216590881, 28.9105491638, 30.90883255, 99.4763946533, 38.4587974548, 28.5600891113, -9.49688434601, 8.75615692139, 5.31958961487, 6.80439662933], [7.7629108429, -1.43108475208, -66.1413574219, 32.6194648743, 31.5983181, -29.6535186768, 38.4587974548, 102.114974976, 36.9566879272, 1.49327254295, 10.7616348267, -24.2562847137, 10.4106941223], [-83.2794494629, 23.0228843689, -6.25834178925, 48.4999389648, 9.27206516266, -1.35490715504, 28.5600891113, 36.9566879272, 89.8624267578, 32.8317909241, 11.7832813263, -4.66411018372, 1.27925384045], [41.8267326355, -25.4716739655, 1.99531817436, -13.9676856995, -7.00639390945, 1.51149451733, -9.49688434601, 1.49327254295, 32.8317909241, 67.1909179688, 20.6023292542, 2.20463657379, -5.65823888779], [-131.92098999, 68.2441253662, 30.3945026398, 33.7201805115, 17.8416557312, -6.19463968277, 8.75615692139, 10.7616348267, 11.7832813263, 20.6023292542, 94.7426147461, 12.4878101349, 16.1027374268], [7.01473760605, -31.1470432281, 25.5210189819, -6.9772939682, -25.0850734711, 20.2755947113, 5.31958961487, -24.2562847137, -4.66411018372, 2.20463657379, 12.4878101349, 67.9839477539, 3.98644471169], [-39.910900116, 27.8686027527, -21.1619777679, 15.817650795, 15.9528388977, 3.19917345047, 6.80439662933, 10.4106941223, 1.27925384045, -5.65823888779, 16.1027374268, 3.98644471169, 55.8129577637]],
        "icov": [[0.000890830880962, -0.00111996848136, 0.000792641832959, -0.00102351699024, 0.000483055016957, -0.0014094983926, 0.00178283662535, -0.00204032030888, 0.0024844026193, -0.00263108965009, 0.00233227899298, -0.00150801450945, 0.00100393348839], [-0.00111996848136, 0.00866947509348, -0.00211665290408, 0.00437255762517, -0.00230632792227, 0.00582628464326, -0.00874071568251, 0.00925932731479, -0.00821483135223, 0.00944857764989, -0.00946457404643, 0.00784412864596, -0.00419118255377], [0.000792641832959, -0.00211665290408, 0.00348052056506, -0.00133724918123, 0.000698125571944, -0.00348620139994, 0.00246703298762, -0.00135486316867, 0.00246656266972, -0.00256211007945, 0.00163013336714, -0.00207619648427, 0.00263628666289], [-0.00102351699024, 0.00437255762517, -0.00133724918123, 0.00927644502372, -0.00373558350839, 0.00486252456903, -0.00433925306424, 0.00604558829218, -0.0102399941534, 0.0100201657042, -0.00765983154997, 0.00376703357324, -0.00266944104806], [0.000483055016957, -0.00230632792227, 0.000698125571944, -0.00373558350839, 0.0112926922739, -0.00364361400716, 0.00060847774148, -0.00447470182553, 0.00468132831156, -0.00337714282796, 0.00148836954031, 0.00204182951711, -0.00046294083586], [-0.0014094983926, 0.00582628464326, -0.00348620139994, 0.00486252456903, -0.00364361400716, 0.0150829711929, -0.0105959801003, 0.0104668764398, -0.0073773516342, 0.00648637348786, -0.00547345681116, 0.00392401916906, -0.00497509771958], [0.00178283662535, -0.00874071568251, 0.00246703298762, -0.00433925306424, 0.00060847774148, -0.0105959801003, 0.0255765710026, -0.0160958003253, 0.00477512180805, -0.00547796627507, 0.00934800319374, -0.0114585179836, 0.00557868741453], [-0.00204032030888, 0.00925932731479, -0.00135486316867, 0.00604558829218, -0.00447470182553, 0.0104668764398, -0.0160958003253, 0.0285983644426, -0.0159981269389, 0.0132900411263, -0.0130403582007, 0.0135197089985, -0.00649182777852], [0.0024844026193, -0.00821483135223, 0.00246656266972, -0.0102399941534, 0.00468132831156, -0.0073773516342, 0.00477512180805, -0.0159981269389, 0.0324017554522, -0.0246112532914, 0.0138385687023, -0.00793806556612, 0.00453910324723], [-0.00263108965009, 0.00944857764989, -0.00256211007945, 0.0100201657042, -0.00337714282796, 0.00648637348786, -0.00547796627507, 0.0132900411263, -0.0246112532914, 0.0381112657487, -0.0192177947611, 0.00932222884148, -0.00232167798094], [0.00233227899298, -0.00946457404643, 0.00163013336714, -0.00765983154997, 0.00148836954031, -0.00547345681116, 0.00934800319374, -0.0130403582007, 0.0138385687023, -0.0192177947611, 0.0266990102828, -0.012585089542, 0.00129404326435], [-0.00150801450945, 0.00784412864596, -0.00207619648427, 0.00376703357324, 0.00204182951711, 0.00392401916906, -0.0114585179836, 0.0135197089985, -0.00793806556612, 0.00932222884148, -0.012585089542, 0.0267410930246, -0.00593529408798], [0.00100393348839, -0.00419118255377, 0.00263628666289, -0.00266944104806, -0.00046294083586, -0.00497509771958, 0.00557868741453, -0.00649182777852, 0.00453910324723, -0.00232167798094, 0.00129404326435, -0.00593529408798, 0.0231431871653]]
    },
    "melbands": {
        "mean": [0.0163494665176, 0.00999258086085, 0.00233227503486, 0.00120420672465, 0.000917294993997, 0.00101071503013, 0.000749661121517, 0.000397829368012, 0.000221188878641, 0.00017831583682, 0.000151288302732, 7.4730371125e-005, 7.18440278433e-005, 4.6386190661e-005, 3.05759822368e-005, 1.41180398714e-005, 1.56449150381e-005, 2.49848399108e-005, 1.94685071619e-005, 1.71072042576e-005, 1.75827881321e-005, 1.37474962685e-005, 1.89193706319e-005, 1.36041899168e-005, 1.32371160362e-005, 1.59873306984e-005, 1.15825650937e-005, 8.04906449048e-006, 7.47947251512e-006, 4.72232522952e-006, 7.12495511834e-006, 7.96952008386e-006, 5.9179501477e-006, 9.80711593002e-006, 6.16217721472e-006, 3.74194451069e-006, 1.18795787785e-006, 1.04999844552e-006, 1.73542093762e-006, 1.00758529697e-006],
        "var": [0.000109987107862, 6.83793477947e-005, 5.6211156334e-006, 1.38047528253e-006, 7.12228995781e-007, 9.93591015686e-007, 6.89005560162e-007, 2.76041845382e-007, 7.64008234455e-008, 5.04091453024e-008, 5.67942350926e-008, 2.82049352762e-008, 4.25260751058e-008, 9.4038226095e-009, 2.86379875369e-009, 6.50645703981e-010, 4.93907803545e-010, 2.89061174996e-009, 1.53707080397e-009, 6.99537039406e-010, 9.2580365596e-010, 3.47389672584e-010, 5.40131883664e-010, 2.34742253413e-010, 2.07789549456e-010, 4.44023900981e-010, 2.03956074252e-010, 9.95923551961e-011, 8.97981064507e-011, 3.23087702425e-011, 7.9594789093e-011, 1.20807530646e-010, 5.75843504824e-011, 1.69762939817e-010, 3.70216322876e-011, 1.5862137992e-011, 1.92284296124e-012, 1.60741873371e-012, 3.73177053495e-012, 1.19387464324e-012]
    },
    "mfcc": {
        "mean": [-599.226745605, 116.521499634, 41.1885299683, 42.0575904846, 3.88301038742, 8.34725093842, -2.96259236336, 12.749335289, 1.49357163906, 6.24369287491, 6.43455123901, 1.37711727619, 8.24645233154],
        "cov": [[1759.88793945, -236.911117554, -429.04776001, -68.9535369873, -62.9208450317, -55.1625900269, -65.0747756958, -57.3782043457, 37.1242828369, -5.30842447281, -45.5461654663, -43.0474433899, -30.711227417], [-236.911117554, 364.425262451, 102.343681335, -15.7473487854, 3.55979561806, 7.35903310776, 55.00415802, 0.894181311131, -1.65500581264, 1.31458759308, -4.97987508774, 21.0909767151, 23.6829509735], [-429.04776001, 102.343681335, 444.947174072, -51.7753295898, 31.8306007385, 105.509407043, 18.3029212952, 3.91821360588, -34.7461433411, -54.5217514038, 20.6377162933, 22.0014228821, 24.6018257141], [-68.9535369873, -15.7473487854, -51.7753295898, 243.487945557, 40.9877128601, -44.0551185608, -1.2472037077, 42.0912132263, -0.183459103107, 54.204498291, 2.75463747978, 11.4763641357, 0.902040779591], [-62.9208450317, 3.55979561806, 31.8306007385, 40.9877128601, 114.619262695, 10.5287313461, 33.9694252014, -12.5711698532, 3.16861701012, 11.5787229538, -0.238657593727, 3.19572925568, -2.58638811111], [-55.1625900269, 7.35903310776, 105.509407043, -44.0551185608, 10.5287313461, 149.993225098, 0.576011836529, 20.6054000854, -5.32378149033, -23.0654659271, 4.73617696762, -6.12158918381, 7.34564590454], [-65.0747756958, 55.00415802, 18.3029212952, -1.2472037077, 33.9694252014, 0.576011836529, 101.543479919, 17.7616767883, 8.86340332031, -5.6062335968, -13.7982931137, 16.6510887146, 9.13827705383], [-57.3782043457, 0.894181311131, 3.91821360588, 42.0912132263, -12.5711698532, 20.6054000854, 17.7616767883, 102.544883728, 22.4336929321, 13.1033334732, 2.28733253479, -7.04547595978, 8.48659515381], [37.1242828369, -1.65500581264, -34.7461433411, -0.183459103107, 3.16861701012, -5.32378149033, 8.86340332031, 22.4336929321, 77.0109100342, 40.1813430786, 4.81887054443, -11.1169500351, -4.67716646194], [-5.30842447281, 1.31458759308, -54.5217514038, 54.204498291, 11.5787229538, -23.0654659271, -5.6062335968, 13.1033334732, 40.1813430786, 83.5508728027, 27.809841156, 4.42518806458, -8.47916030884], [-45.5461654663, -4.97987508774, 20.6377162933, 2.75463747978, -0.238657593727, 4.73617696762, -13.7982931137, 2.28733253479, 4.81887054443, 27.809841156, 65.5658416748, 25.4034252167, 2.34870934486], [-43.0474433899, 21.0909767151, 22.0014228821, 11.4763641357, 3.19572925568, -6.12158918381, 16.6510887146, -7.04547595978, -11.1169500351, 4.42518806458, 25.4034252167, 55.6896018982, 25.553527832], [-30.711227417, 23.6829509735, 24.6018257141, 0.902040779591, -2.58638811111, 7.34564590454, 9.13827705383, 8.48659515381, -4.67716646194, -8.47916030884, 2.34870934486, 25.553527832, 58.0567092896]],
        "icov": [[0.000853647245094, 0.000304926303215, 0.000825491675641, 0.000201886679861, 0.000119609991089, -0.000249646167504, 0.000261033535935, 0.000410547450883, -0.000488747260533, 0.000465779157821, 0.000305663445033, -0.000155355912284, -5.28188002136e-006], [0.000304926303215, 0.00348904612474, -0.00064375862712, 0.000249094387982, 0.000884065637365, 0.000122296332847, -0.00186431617476, 0.000650068803225, 0.000268936244538, -0.00146021391265, 0.000916341552511, -8.77255806699e-005, -0.000960774312261], [0.000825491675641, -0.00064375862712, 0.00419809063897, 0.000326274195686, -0.00106465490535, -0.00199849251658, 0.000586928043049, 2.75969159702e-005, -0.000163881850312, 0.00279690814205, -0.00145871052518, -0.000657562690321, -0.000232015925576], [0.000201886679861, 0.000249094387982, 0.000326274195686, 0.00718205794692, -0.00333970715292, 0.00185733661056, 0.00220929435454, -0.00441376306117, 0.00347555265762, -0.0052014128305, 0.00329947844148, -0.00292612751946, 0.000343775900546], [0.000119609991089, 0.000884065637365, -0.00106465490535, -0.00333970715292, 0.012867115438, -0.00189816695638, -0.00607640109956, 0.0050881812349, -0.000676833675243, -0.00155022670515, -0.00109870824963, 0.00302318413742, -0.000335405668011], [-0.000249646167504, 0.000122296332847, -0.00199849251658, 0.00185733661056, -0.00189816695638, 0.00933432579041, 0.00100721092895, -0.00315324403346, 0.000580749998335, 0.000723038276192, -0.000831176468637, 0.00138438597787, -0.00075045163976], [0.000261033535935, -0.00186431617476, 0.000586928043049, 0.00220929435454, -0.00607640109956, 0.00100721092895, 0.0164205189794, -0.00523800449446, -0.00257274787873, 0.00193586677779, 0.0062808454968, -0.00953334290534, 0.00241591059603], [0.000410547450883, 0.000650068803225, 2.75969159702e-005, -0.00441376306117, 0.0050881812349, -0.00315324403346, -0.00523800449446, 0.0155205465853, -0.00414745137095, 0.000910022703465, -0.00317853293382, 0.00603420753032, -0.00353833776899], [-0.000488747260533, 0.000268936244538, -0.000163881850312, 0.00347555265762, -0.000676833675243, 0.000580749998335, -0.00257274787873, -0.00414745137095, 0.0221296176314, -0.0131714092568, 0.00125743611716, 0.0049372673966, -0.00181008165237], [0.000465779157821, -0.00146021391265, 0.00279690814205, -0.0052014128305, -0.00155022670515, 0.000723038276192, 0.00193586677779, 0.000910022703465, -0.0131714092568, 0.0278941206634, -0.010855386965, -0.000624496897217, 0.00286622531712], [0.000305663445033, 0.000916341552511, -0.00145871052518, 0.00329947844148, -0.00109870824963, -0.000831176468637, 0.0062808454968, -0.00317853293382, 0.00125743611716, -0.010855386965, 0.0279678031802, -0.0161835104227, 0.00439455127344], [-0.000155355912284, -8.77255806699e-005, -0.000657562690321, -0.00292612751946, 0.00302318413742, 0.00138438597787, -0.00953334290534, 0.00603420753032, 0.0049372673966, -0.000624496897217, -0.0161835104227, 0.0374781824648, -0.014678934589], [-5.28188002136e-006, -0.000960774312261, -0.000232015925576, 0.000343775900546, -0.000335405668011, -0.00075045163976, 0.00241591059603, -0.00353833776899, -0.00181008165237, 0.00286622531712, 0.00439455127344, -0.014678934589, 0.0244795158505]]
    },
    "spectral_contrast_coeffs": {
        "mean": [-0.68152064085, -0.71440154314, -0.776452660561, -0.814480602741, -0.816589415073, -0.746814727783],
        "var": [0.00537121063098, 0.00433685583994, 0.00293620815501, 0.00123872642871, 0.000518336950336, 0.00140715064481]
    },
    "spectral_contrast_valleys": {
        "mean": [-5.99813652039, -6.07993936539, -7.08890247345, -7.64451265335, -7.09292984009, -9.45375442505],
        "var": [0.43473687768, 0.50115686655, 0.50487112999, 0.497786730528, 0.565826773643, 0.431879371405]
    }
},
"metadata": {
    "audio_properties": {
        "analysis_sample_rate": 44100,
        "bit_rate": 128074,
        "equal_loudness": 0,
        "length": 45.0612258911,
        "lossless": 0,
        "replay_gain": -5.95604324341,
        "sample_rate": 44100,
        "codec": "mp3",
        "downmix": "mix",
        "md5_encoded": "fb62bc900e920940935424a72a2d0b36"
    },
    "tags": {
        "file_name": "1574.mp3"
    },
    "version": {
        "essentia": "2.1-beta2",
        "essentia_git_sha": "v2.1_beta2",
        "extractor": "music 1.0"
    }
},
"rhythm": {
    "beats_count": 92,
    "beats_loudness": {
        "mean": 0.0910043120384,
        "var": 0.000565192720387
    },
    "bpm": 123.158042908,
    "bpm_histogram_first_peak_bpm": {
        "mean": 123,
        "var": 0
    },
    "bpm_histogram_first_peak_spread": {
        "mean": 0.127906963229,
        "var": 0
    },
    "bpm_histogram_first_peak_weight": {
        "mean": 0.824175834656,
        "var": 0
    },
    "bpm_histogram_second_peak_bpm": {
        "mean": 133,
        "var": 0
    },
    "bpm_histogram_second_peak_spread": {
        "mean": 0.249999985099,
        "var": 0
    },
    "bpm_histogram_second_peak_weight": {
        "mean": 0.0329670347273,
        "var": 0
    },
    "danceability": 1.34034824371,
    "onset_rate": 5.70078086853,
    "beats_loudness_band_ratio": {
        "mean": [0.681513249874, 0.172769874334, 0.110495015979, 0.022847186774, 0.0149319376796, 0.0300959032029],
        "var": [0.0259400587529, 0.0133089758456, 0.00641737226397, 0.000596050114837, 0.000183790456504, 0.00061968236696]
    },
    "beats_position": [0.429569154978, 0.882358253002, 1.33514738083, 1.78793644905, 2.2523355484, 2.72834467888, 3.20435357094, 3.69197273254, 4.17959165573, 4.66721057892, 5.15482997894, 5.65405893326, 6.13006782532, 6.6176867485, 7.10530614853, 7.59292507172, 8.08054447174, 8.56816291809, 9.05578231812, 9.54340076447, 10.0310201645, 10.5186395645, 11.0062580109, 11.4938774109, 11.9814968109, 12.4691152573, 12.9567346573, 13.4443531036, 13.9319725037, 14.4195919037, 14.90721035, 15.3948297501, 15.8824491501, 16.3700675964, 16.8576869965, 17.3453063965, 17.8329238892, 18.3205432892, 18.8081626892, 19.2957820892, 19.7834014893, 20.2710208893, 20.758638382, 21.2694778442, 21.7570972443, 22.2331066132, 22.7091159821, 23.1967334747, 23.6843528748, 24.1719722748, 24.6595916748, 25.1472110748, 25.6348285675, 26.1224479675, 26.6100673676, 27.0976867676, 27.5853061676, 28.0729255676, 28.5605430603, 29.0481624603, 29.5357818604, 30.0234012604, 30.5110206604, 30.9986381531, 31.4862575531, 31.9738769531, 32.4614944458, 32.9491157532, 33.4367332458, 33.9243545532, 34.4119720459, 34.8995895386, 35.3872108459, 35.8864402771, 36.3856697083, 36.8732872009, 37.3609046936, 37.8369140625, 38.3129234314, 38.8005447388, 39.2881622314, 39.7757797241, 40.2634010315, 40.7510185242, 41.2386398315, 41.7262573242, 42.2138786316, 42.7014961243, 43.1891136169, 43.6883430481, 44.1759643555, 44.6635818481]
},
"tonal": {
    "chords_changes_rate": 0.0720164626837,
    "chords_number_rate": 0.00617283955216,
    "chords_strength": {
        "mean": 0.503124713898,
        "var": 0.00569762708619
    },
    "hpcp_entropy": {
        "mean": 2.08727908134,
        "var": 0.506350159645
    },
    "key_strength": 0.67643737793,
    "tuning_diatonic_strength": 0.578027009964,
    "tuning_equal_tempered_deviation": 0.216041103005,
    "tuning_frequency": 434.193115234,
    "tuning_nontempered_energy_ratio": 0.880666434765,
    "hpcp": {
        "mean": [0.0794312432408, 0.0654417052865, 0.0814761742949, 0.121512301266, 0.107435189188, 0.0670652166009, 0.0652146339417, 0.0898243710399, 0.118416771293, 0.15903608501, 0.146921128035, 0.0795654654503, 0.0539252087474, 0.0470025986433, 0.0367852114141, 0.0373349376023, 0.0432644300163, 0.0746573060751, 0.145971804857, 0.136618122458, 0.0590381473303, 0.0371759906411, 0.0476933158934, 0.215940460563, 0.428285270929, 0.310536831617, 0.103508003056, 0.0570630244911, 0.0451552309096, 0.0406281240284, 0.0513090901077, 0.0513656027615, 0.0553958266973, 0.107087522745, 0.15373839438, 0.125109583139],
        "var": [0.035290889442, 0.0241627823561, 0.0380227565765, 0.0723349824548, 0.0519042946398, 0.0265764482319, 0.0283177345991, 0.038521129638, 0.0498952567577, 0.0753922685981, 0.0657881498337, 0.0274853873998, 0.0210059322417, 0.0166819244623, 0.0107592139393, 0.0118152871728, 0.0152073968202, 0.0295518487692, 0.0845583155751, 0.0754386410117, 0.0189824998379, 0.0133763998747, 0.0142888417467, 0.0585543699563, 0.183968394995, 0.0920368805528, 0.0316511169076, 0.0214128009975, 0.0203630030155, 0.0148796774447, 0.0174536369741, 0.0164220556617, 0.0200176686049, 0.0510354861617, 0.0856146216393, 0.0643060207367]
    },
    "chords_histogram": [6.68724298477, 17.2839508057, 36.4197540283, 3.80658435822, 4.21810722351, 0, 0, 0.720164597034, 0.205761313438, 29.4238681793, 0.823045253754, 0.411522626877, 0, 0, 0, 0, 0, 0, 0, 0, 0, 0, 0, 0],
    "thpcp": [1, 0.725070059299, 0.241680040956, 0.133236020803, 0.105432599783, 0.0948622971773, 0.119801200926, 0.119933150709, 0.129343286157, 0.250037848949, 0.358962595463, 0.292117416859, 0.185463398695, 0.152799338102, 0.190238088369, 0.283718138933, 0.250849604607, 0.1565900594, 0.152269154787, 0.209730237722, 0.276490420103, 0.371332138777, 0.343045026064, 0.185776799917, 0.125909551978, 0.109746009111, 0.0858895108104, 0.0871730595827, 0.101017788053, 0.174316778779, 0.340828448534, 0.318988621235, 0.137847721577, 0.0868019387126, 0.111358761787, 0.504197716713],
    "chords_key": "F",
    "chords_scale": "minor",
    "key_key": "A#",
    "key_scale": "minor"
}
}