{
"lowlevel": {
    "average_loudness": 0.965129375458,
    "barkbands_crest": {
        "mean": 12.6867771149,
        "var": 27.3761692047
    },
    "barkbands_flatness_db": {
        "mean": 0.218453064561,
        "var": 0.00784162245691
    },
    "barkbands_kurtosis": {
        "mean": 9.81854152679,
        "var": 567.91784668
    },
    "barkbands_skewness": {
        "mean": 2.02019047737,
        "var": 2.97763514519
    },
    "barkbands_spread": {
        "mean": 13.1878061295,
        "var": 117.469871521
    },
    "dissonance": {
        "mean": 0.458465397358,
        "var": 0.000949639128521
    },
    "dynamic_complexity": 2.77934217453,
    "erbbands_crest": {
        "mean": 9.95721054077,
        "var": 19.0884799957
    },
    "erbbands_flatness_db": {
        "mean": 0.214260712266,
        "var": 0.00407435419038
    },
    "erbbands_kurtosis": {
        "mean": 1.30834472179,
        "var": 12.5834608078
    },
    "erbbands_skewness": {
        "mean": 0.511298060417,
        "var": 0.92226755619
    },
    "erbbands_spread": {
        "mean": 28.9287986755,
        "var": 236.42868042
    },
    "hfc": {
        "mean": 12.2936010361,
        "var": 100.422454834
    },
    "melbands_crest": {
        "mean": 15.9668464661,
        "var": 34.5214385986
    },
    "melbands_flatness_db": {
        "mean": 0.307166278362,
        "var": 0.0116515289992
    },
    "melbands_kurtosis": {
        "mean": 18.3830184937,
        "var": 825.017272949
    },
    "melbands_skewness": {
        "mean": 2.86098313332,
        "var": 3.51932859421
    },
    "melbands_spread": {
        "mean": 13.8493499756,
        "var": 146.07623291
    },
    "pitch_salience": {
        "mean": 0.529700040817,
        "var": 0.0206794980913
    },
    "silence_rate_20dB": {
        "mean": 1,
        "var": 0
    },
    "silence_rate_30dB": {
        "mean": 0.978372812271,
        "var": 0.0211597308517
    },
    "silence_rate_60dB": {
        "mean": 0.00566426385194,
        "var": 0.00563238654286
    },
    "spectral_centroid": {
        "mean": 829.399475098,
        "var": 299138.40625
    },
    "spectral_complexity": {
        "mean": 14.7193613052,
        "var": 62.2563858032
    },
    "spectral_decrease": {
        "mean": -9.09230379875e-009,
        "var": 5.95877752226e-017
    },
    "spectral_energy": {
        "mean": 0.0354314893484,
        "var": 0.000871687836479
    },
    "spectral_energyband_high": {
        "mean": 0.000187415338587,
        "var": 3.35499407811e-007
    },
    "spectral_energyband_low": {
        "mean": 0.0167643763125,
        "var": 0.00061024678871
    },
    "spectral_energyband_middle_high": {
        "mean": 0.00309859565459,
        "var": 1.70262701431e-005
    },
    "spectral_energyband_middle_low": {
        "mean": 0.0165887456387,
        "var": 0.000376605457859
    },
    "spectral_entropy": {
        "mean": 7.05432224274,
        "var": 0.369742661715
    },
    "spectral_flux": {
        "mean": 0.0968144610524,
        "var": 0.00362857664004
    },
    "spectral_kurtosis": {
        "mean": 13.1234292984,
        "var": 178.208862305
    },
    "spectral_rms": {
        "mean": 0.00539592606947,
        "var": 5.45129523744e-006
    },
    "spectral_rolloff": {
        "mean": 774.053344727,
        "var": 697702.25
    },
    "spectral_skewness": {
        "mean": 2.27848625183,
        "var": 1.08077049255
    },
    "spectral_spread": {
        "mean": 2919682.75,
        "var": 3.35101217997e+012
    },
    "spectral_strongpeak": {
        "mean": 0.70244371891,
        "var": 0.516576945782
    },
    "zerocrossingrate": {
        "mean": 0.031997255981,
        "var": 0.000618855585344
    },
    "barkbands": {
        "mean": [0.000584029650781, 0.0118833472952, 0.00322126271203, 0.00197792495601, 0.00813605170697, 0.00266505661421, 0.00130785733927, 0.00125004304573, 0.00101136241574, 0.000613949436229, 0.000256582745351, 0.000628278707154, 0.000435052992543, 0.000467479840154, 0.000246748270001, 0.000160128955031, 0.000142497898196, 0.000144771212945, 8.48584895721e-005, 5.6985176343e-005, 5.11580255989e-005, 3.14850221912e-005, 2.50081538979e-005, 2.44363782258e-005, 1.65956334968e-005, 7.75043190515e-006, 8.40981044803e-007],
        "var": [7.70322344579e-007, 0.000516246247571, 3.02647968056e-005, 3.77018659492e-005, 0.000180238625035, 2.48348114837e-005, 3.94158178096e-006, 3.80380629394e-006, 2.7535290883e-006, 6.03037142355e-006, 4.08274672736e-007, 2.34904427998e-006, 7.87912767919e-007, 1.05007791262e-006, 2.02969744123e-007, 8.79079564697e-008, 6.25643892249e-008, 5.0849763511e-008, 3.47229587305e-008, 2.25699601231e-008, 3.20664277353e-008, 7.73923769515e-009, 6.49348086412e-009, 9.84666037596e-009, 4.52425075181e-009, 1.30331945236e-009, 2.69546884812e-011]
    },
    "erbbands": {
        "mean": [0.366728842258, 2.53493356705, 3.91164040565, 5.97767877579, 11.0729074478, 39.1967887878, 28.3098602295, 16.6110210419, 19.1396751404, 18.5594902039, 28.6755504608, 23.8963451385, 21.3702030182, 15.218911171, 15.1839981079, 23.3239898682, 19.4469814301, 24.158115387, 15.0130662918, 13.9876012802, 9.27028083801, 8.45576572418, 8.17673397064, 5.4672703743, 3.78585481644, 2.82647323608, 2.21203041077, 1.82706189156, 1.15815830231, 0.925937533379, 0.708497107029, 0.564844429493, 0.36936289072, 0.207642629743, 0.105604492128, 0.0414025448263, 0.0127699933946, 0.00288320961408, 9.29627422011e-005, 4.16934417444e-005],
        "var": [0.688447117805, 21.8118267059, 36.449306488, 226.477218628, 716.186828613, 4446.74023438, 2082.87866211, 721.924072266, 857.60144043, 589.807556152, 1891.99597168, 1519.85046387, 4247.77294922, 4308.21435547, 1088.95227051, 2864.97680664, 1425.3815918, 2444.33300781, 956.348083496, 690.276000977, 242.393661499, 212.224441528, 173.785446167, 77.6429214478, 88.7680892944, 55.6478004456, 50.0565223694, 39.901889801, 10.7416114807, 7.68255615234, 5.70306444168, 5.32446813583, 2.02063512802, 0.758105754852, 0.196545317769, 0.0347519926727, 0.00377357657999, 0.000252853613347, 1.84998370401e-007, 1.16329224031e-009]
    },
    "gfcc": {
        "mean": [-59.3151016235, 162.062026978, -118.865486145, 24.4814682007, -35.0170478821, 1.99113368988, -28.5307331085, 4.1965212822, -13.749961853, -2.61397266388, -3.94896912575, -7.69413089752, -6.7191491127],
        "cov": [[5070.13134766, -2257.1875, -128.073318481, 273.953948975, -1002.965271, 505.012298584, -647.033081055, 65.3518676758, -338.555267334, 257.885528564, -408.093322754, 223.073730469, -214.784683228], [-2257.1875, 3126.68701172, -167.018417358, -662.974365234, 1010.16192627, -802.421081543, 442.635681152, -339.629486084, 192.015594482, -334.239044189, 488.914093018, -232.310791016, 192.184234619], [-128.073318481, -167.018417358, 847.77923584, 127.73034668, -99.4385452271, 75.7024536133, -97.7054595947, 72.3757553101, -56.5293807983, 15.819144249, -16.2261924744, 76.617729187, 12.0931892395], [273.953948975, -662.974365234, 127.73034668, 568.513793945, -98.9622039795, 166.581741333, -19.4705314636, 39.8462944031, 12.9223089218, 67.6349258423, -66.7375640869, 25.0909557343, -3.99156475067], [-1002.965271, 1010.16192627, -99.4385452271, -98.9622039795, 769.070495605, -216.261657715, 242.635543823, -56.0310020447, 106.038963318, -0.347737073898, 180.379089355, -37.6693725586, 33.7307662964], [505.012298584, -802.421081543, 75.7024536133, 166.581741333, -216.261657715, 452.66897583, -57.1872940063, 108.879966736, 1.85199534893, 91.6168746948, -118.792869568, 38.6671943665, -42.9374923706], [-647.033081055, 442.635681152, -97.7054595947, -19.4705314636, 242.635543823, -57.1872940063, 392.845245361, 87.2031021118, 106.300422668, -53.7156524658, 68.3692016602, -48.670791626, 43.0335578918], [65.3518676758, -339.629486084, 72.3757553101, 39.8462944031, -56.0310020447, 108.879966736, 87.2031021118, 245.549575806, 11.623049736, 31.6349220276, -49.2129974365, 38.1286849976, -14.904718399], [-338.555267334, 192.015594482, -56.5293807983, 12.9223089218, 106.038963318, 1.85199534893, 106.300422668, 11.623049736, 127.24407959, -2.30889368057, 34.590133667, -33.1324729919, 25.1295776367], [257.885528564, -334.239044189, 15.819144249, 67.6349258423, -0.347737073898, 91.6168746948, -53.7156524658, 31.6349220276, -2.30889368057, 136.01499939, -28.5559616089, 49.7032279968, -38.2083053589], [-408.093322754, 488.914093018, -16.2261924744, -66.7375640869, 180.379089355, -118.792869568, 68.3692016602, -49.2129974365, 34.590133667, -28.5559616089, 160.693206787, -19.4842243195, 43.2870521545], [223.073730469, -232.310791016, 76.617729187, 25.0909557343, -37.6693725586, 38.6671943665, -48.670791626, 38.1286849976, -33.1324729919, 49.7032279968, -19.4842243195, 99.7948913574, -1.51242983341], [-214.784683228, 192.184234619, 12.0931892395, -3.99156475067, 33.7307662964, -42.9374923706, 43.0335578918, -14.904718399, 25.1295776367, -38.2083053589, 43.2870521545, -1.51242983341, 75.0449371338]],
        "icov": [[0.000410415348597, -0.000206363096368, 0.000269647600362, -0.000221032401896, 0.000431175314588, -0.000232067992329, 0.000258320767898, -9.47146545514e-005, 0.000617179379333, -0.000480207672808, 0.000394585367758, -0.00060626323102, 0.000463406351628], [-0.000206363096368, 0.00474660564214, -0.00122063432354, 0.00312355416827, -0.00324677629396, 0.00266616023146, -0.00137948873453, 0.00299728359096, -0.00240079290234, 0.00471784826368, -0.00427170516923, 0.00357082136907, -0.00227040867321], [0.000269647600362, -0.00122063432354, 0.00184045732021, -0.001165164751, 0.000928976747673, -0.000874303979799, 0.000911728362553, -0.00128999643493, 0.00125530618243, -0.000867447291967, 0.000850251351949, -0.00191570702009, 0.000451280240668], [-0.000221032401896, 0.00312355416827, -0.001165164751, 0.00423322571442, -0.00207502651028, 0.00129120110068, -0.00120165827684, 0.00223093223758, -0.0019253208302, 0.00209868140519, -0.00218531140126, 0.00272626895458, -0.00238656625152], [0.000431175314588, -0.00324677629396, 0.000928976747673, -0.00207502651028, 0.00487047247589, -0.0011909728637, -0.000245357019594, -0.00137233547866, 0.00121051433962, -0.00470741139725, 0.0013784308685, -0.00295344088227, 0.0026295890566], [-0.000232067992329, 0.00266616023146, -0.000874303979799, 0.00129120110068, -0.0011909728637, 0.00518574984744, -0.00081468973076, 0.000838248117361, -0.00247726379894, 0.000992613029666, -0.00119839445688, 0.00232831761241, -0.00107333250344], [0.000258320767898, -0.00137948873453, 0.000911728362553, -0.00120165827684, -0.000245357019594, -0.00081468973076, 0.00573889678344, -0.00356438569725, -0.00124025624245, 0.000480137736304, 0.000957097741775, -0.000269704352831, -0.000191143146367], [-9.47146545514e-005, 0.00299728359096, -0.00128999643493, 0.00223093223758, -0.00137233547866, 0.000838248117361, -0.00356438569725, 0.00834675133228, -0.00180304318201, 0.00236017839052, -0.00150967156515, -0.000222856571781, -0.000150471474626], [0.000617179379333, -0.00240079290234, 0.00125530618243, -0.0019253208302, 0.00121051433962, -0.00247726379894, -0.00124025624245, -0.00180304318201, 0.0145370997488, -0.00548109272495, 0.00183595879935, 0.00192690943368, -0.00267711747438], [-0.000480207672808, 0.00471784826368, -0.000867447291967, 0.00209868140519, -0.00470741139725, 0.000992613029666, 0.000480137736304, 0.00236017839052, -0.00548109272495, 0.0188451334834, -0.00514309713617, -0.00278373039328, 0.0040129031986], [0.000394585367758, -0.00427170516923, 0.000850251351949, -0.00218531140126, 0.0013784308685, -0.00119839445688, 0.000957097741775, -0.00150967156515, 0.00183595879935, -0.00514309713617, 0.0150715177879, -0.00282265548594, -0.00232202815823], [-0.00060626323102, 0.00357082136907, -0.00191570702009, 0.00272626895458, -0.00295344088227, 0.00232831761241, -0.000269704352831, -0.000222856571781, 0.00192690943368, -0.00278373039328, -0.00282265548594, 0.0197686832398, -0.00769198732451], [0.000463406351628, -0.00227040867321, 0.000451280240668, -0.00238656625152, 0.0026295890566, -0.00107333250344, -0.000191143146367, -0.000150471474626, -0.00267711747438, 0.0040129031986, -0.00232202815823, -0.00769198732451, 0.0226739551872]]
    },
    "melbands": {
        "mean": [0.00334822107106, 0.00257790810429, 0.00107290328015, 0.00184161926154, 0.00116577686276, 0.00041191719356, 0.000288936775178, 0.000229232260608, 0.000216553889913, 0.00015024933964, 0.000105628707388, 6.24279127805e-005, 3.97709627578e-005, 8.34232196212e-005, 2.97706410493e-005, 5.62893292226e-005, 4.18477538915e-005, 2.65712606051e-005, 1.79124563147e-005, 1.45984176925e-005, 1.02705625977e-005, 8.72506916494e-006, 7.662567441e-006, 6.72779924571e-006, 4.18877289121e-006, 3.14836165671e-006, 2.11498422686e-006, 1.79864514394e-006, 1.49920367676e-006, 1.08480196559e-006, 1.0376878663e-006, 6.59248485135e-007, 5.64087656585e-007, 4.76662762594e-007, 4.0134202095e-007, 3.75125154051e-007, 3.34794947321e-007, 2.7813723591e-007, 1.99033479475e-007, 1.64619606835e-007],
        "var": [4.63631185994e-005, 1.40547881529e-005, 7.18335832062e-006, 1.10912296805e-005, 2.64595155386e-006, 4.77483524719e-007, 1.85240750739e-007, 9.25296887999e-008, 1.05665030503e-007, 6.4141772782e-008, 1.12681398434e-007, 8.51689208048e-008, 8.44853342841e-009, 4.35891962525e-008, 3.81951670292e-009, 1.29823467532e-008, 8.3559843489e-009, 3.66543684294e-009, 1.04818576041e-009, 7.19611592537e-010, 3.08927550208e-010, 2.3466736887e-010, 2.25902366258e-010, 1.08470031568e-010, 5.08108902175e-011, 6.40999128776e-011, 3.01418404125e-011, 2.25451411012e-011, 2.62567242254e-011, 1.12759255058e-011, 1.43884843276e-011, 3.54606556792e-012, 3.03337758557e-012, 1.99488038935e-012, 1.72721082228e-012, 1.82573617682e-012, 2.4208536651e-012, 1.3005514634e-012, 5.42607788128e-013, 5.16655511776e-013]
    },
    "mfcc": {
        "mean": [-699.857299805, 186.457077026, -10.3886833191, 27.1054439545, 14.2379922867, 2.03576564789, 2.95279812813, 3.16307759285, -2.91802239418, 4.56499385834, 4.65257644653, 2.81996226311, -2.10521125793],
        "cov": [[4475.82226563, -2090.36523438, 4.4579539299, -255.278060913, -456.801879883, 176.076461792, -362.958892822, -190.671554565, -63.1030883789, -90.8902206421, -143.770553589, -60.2779083252, -86.514465332], [-2090.36523438, 3070.56982422, -546.499572754, 31.7537651062, 348.139465332, -315.702178955, 216.636047363, -32.4722862244, -217.192520142, -75.5869979858, 71.1305389404, 41.1584434509, 43.5770263672], [4.4579539299, -546.499572754, 888.998657227, -4.44694948196, -65.1710510254, 5.593085289, -66.2452468872, 37.5221252441, -0.0155295571312, -23.6063327789, -46.1935920715, -58.3266830444, -18.2344245911], [-255.278060913, 31.7537651062, -4.44694948196, 440.198242188, 102.612411499, 32.1774787903, 66.0563049316, 9.64039230347, 24.0945911407, -16.7365398407, 32.7106513977, 29.1417999268, 22.6496391296], [-456.801879883, 348.139465332, -65.1710510254, 102.612411499, 317.798400879, 54.1847457886, 52.602142334, -26.916021347, -40.5911369324, -9.32060146332, 43.3400230408, 44.8370552063, 42.8681411743], [176.076461792, -315.702178955, 5.593085289, 32.1774787903, 54.1847457886, 276.070343018, -0.413329094648, -11.7901182175, 43.2955665588, 27.6593723297, 20.3434066772, 9.74533081055, 9.3030090332], [-362.958892822, 216.636047363, -66.2452468872, 66.0563049316, 52.602142334, -0.413329094648, 190.723144531, 91.2013320923, 47.8463363647, 45.9228782654, 47.9933815002, 30.2351303101, 21.5837478638], [-190.671554565, -32.4722862244, 37.5221252441, 9.64039230347, -26.916021347, -11.7901182175, 91.2013320923, 167.271270752, 105.908058167, 61.6553993225, 20.6165542603, 3.41816091537, 10.0676908493], [-63.1030883789, -217.192520142, -0.0155295571312, 24.0945911407, -40.5911369324, 43.2955665588, 47.8463363647, 105.908058167, 168.090713501, 83.6254882813, 18.344209671, 3.00994825363, 6.61514091492], [-90.8902206421, -75.5869979858, -23.6063327789, -16.7365398407, -9.32060146332, 27.6593723297, 45.9228782654, 61.6553993225, 83.6254882813, 116.376411438, 35.1106681824, 0.684746265411, 6.05929279327], [-143.770553589, 71.1305389404, -46.1935920715, 32.7106513977, 43.3400230408, 20.3434066772, 47.9933815002, 20.6165542603, 18.344209671, 35.1106681824, 76.7363815308, 33.1465492249, 14.9347448349], [-60.2779083252, 41.1584434509, -58.3266830444, 29.1417999268, 44.8370552063, 9.74533081055, 30.2351303101, 3.41816091537, 3.00994825363, 0.684746265411, 33.1465492249, 72.3516311646, 36.5695343018], [-86.514465332, 43.5770263672, -18.2344245911, 22.6496391296, 42.8681411743, 9.3030090332, 21.5837478638, 10.0676908493, 6.61514091492, 6.05929279327, 14.9347448349, 36.5695343018, 62.5300102234]],
        "icov": [[0.000455775356386, 0.000320011109579, 0.000245663657552, 0.00010274170927, 0.000353197101504, -0.000112059235107, 0.000234230567003, 5.28506607225e-005, 0.000483943586005, 0.000163225413417, 0.000161889169249, -8.02687427495e-005, 6.84417100274e-005], [0.000320011109579, 0.000835792394355, 0.000485630356707, 0.000183644864592, -0.00034544969094, 0.000602882239036, -0.000442261050921, -6.88634390826e-005, 0.000952189613599, 0.000350482208887, -0.000236681211391, 0.000582282838877, -0.000172437619767], [0.000245663657552, 0.000485630356707, 0.00158160470892, -2.45241953962e-005, -1.06648894871e-005, 9.94802248897e-005, 0.000442536867922, -0.000999843818136, 0.000956484000199, 0.000461003568489, 6.58872741042e-005, 0.00118887063581, -0.000384593033232], [0.00010274170927, 0.000183644864592, -2.45241953962e-005, 0.00281801214442, -0.000738555681892, 7.69184116507e-005, -0.00102053058799, 0.000705614627805, -0.00123178015929, 0.0017168194754, -0.000892898882739, 0.000231252270169, -0.000238224442001], [0.000353197101504, -0.00034544969094, -1.06648894871e-005, -0.000738555681892, 0.00529162399471, -0.00159423297737, -0.000192303661606, 0.000626453431323, 0.00140741397627, -0.000187725032447, -0.000781164970249, -0.00103979022242, -0.00176723080222], [-0.000112059235107, 0.000602882239036, 9.94802248897e-005, 7.69184116507e-005, -0.00159423297737, 0.0050829583779, -0.000582992855925, 0.0015958363656, -0.00164617341943, -8.38886990095e-005, -0.00111615972128, 0.000832348654512, -0.000330946029862], [0.000234230567003, -0.000442261050921, 0.000442536867922, -0.00102053058799, -0.000192303661606, -0.000582992855925, 0.0101591888815, -0.00548909325153, 0.00131441571284, -0.00150222133379, -0.00194042839576, -0.00187295256183, 0.000291977805318], [5.28506607225e-005, -6.88634390826e-005, -0.000999843818136, 0.000705614627805, 0.000626453431323, 0.0015958363656, -0.00548909325153, 0.0145662827417, -0.00790225062519, -0.00017202788149, -0.000249347183853, 0.00107774219941, -0.00126158003695], [0.000483943586005, 0.000952189613599, 0.000956484000199, -0.00123178015929, 0.00140741397627, -0.00164617341943, 0.00131441571284, -0.00790225062519, 0.0162232145667, -0.00705000944436, 0.00193006149493, -0.0012128027156, 4.492656808e-005], [0.000163225413417, 0.000350482208887, 0.000461003568489, 0.0017168194754, -0.000187725032447, -8.38886990095e-005, -0.00150222133379, -0.00017202788149, -0.00705000944436, 0.0173115208745, -0.00730262557045, 0.00475988117978, -0.00178970140405], [0.000161889169249, -0.000236681211391, 6.58872741042e-005, -0.000892898882739, -0.000781164970249, -0.00111615972128, -0.00194042839576, -0.000249347183853, 0.00193006149493, -0.00730262557045, 0.0224684178829, -0.00964020099491, 0.00291806040332], [-8.02687427495e-005, 0.000582282838877, 0.00118887063581, 0.000231252270169, -0.00103979022242, 0.000832348654512, -0.00187295256183, 0.00107774219941, -0.0012128027156, 0.00475988117978, -0.00964020099491, 0.0263635795563, -0.0126406671479], [6.84417100274e-005, -0.000172437619767, -0.000384593033232, -0.000238224442001, -0.00176723080222, -0.000330946029862, 0.000291977805318, -0.00126158003695, 4.492656808e-005, -0.00178970140405, 0.00291806040332, -0.0126406671479, 0.0244088284671]]
    },
    "spectral_contrast_coeffs": {
        "mean": [-0.644838452339, -0.744522929192, -0.773532092571, -0.803834855556, -0.793679177761, -0.777736008167],
        "var": [0.00907294731587, 0.00424432847649, 0.00390211190097, 0.00201628520153, 0.00156788644381, 0.00183654692955]
    },
    "spectral_contrast_valleys": {
        "mean": [-6.85171318054, -6.54553794861, -7.35801267624, -7.73115348816, -8.22201919556, -11.6780204773],
        "var": [0.643967330456, 0.808172047138, 0.66538143158, 0.770333826542, 0.950726151466, 2.33431410789]
    }
},
"metadata": {
    "audio_properties": {
        "analysis_sample_rate": 44100,
        "bit_rate": 128074,
        "equal_loudness": 0,
        "length": 45.0612258911,
        "lossless": 0,
        "replay_gain": -6.20457267761,
        "sample_rate": 44100,
        "codec": "mp3",
        "downmix": "mix",
        "md5_encoded": "06e25fba617cd0d575fc87d9652edc4b"
    },
    "tags": {
        "file_name": "1575.mp3"
    },
    "version": {
        "essentia": "2.1-beta2",
        "essentia_git_sha": "v2.1_beta2",
        "extractor": "music 1.0"
    }
},
"rhythm": {
    "beats_count": 85,
    "beats_loudness": {
        "mean": 0.0390407778323,
        "var": 0.000405628816225
    },
    "bpm": 114.899665833,
    "bpm_histogram_first_peak_bpm": {
        "mean": 115,
        "var": 0
    },
    "bpm_histogram_first_peak_spread": {
        "mean": 0.34177210927,
        "var": 0
    },
    "bpm_histogram_first_peak_weight": {
        "mean": 0.619047641754,
        "var": 0
    },
    "bpm_histogram_second_peak_bpm": {
        "mean": 108,
        "var": 0
    },
    "bpm_histogram_second_peak_spread": {
        "mean": 0.40000000596,
        "var": 0
    },
    "bpm_histogram_second_peak_weight": {
        "mean": 0.0357142873108,
        "var": 0
    },
    "danceability": 1.39395689964,
    "onset_rate": 4.63604354858,
    "beats_loudness_band_ratio": {
        "mean": [0.413122683764, 0.271552652121, 0.168522268534, 0.0900270044804, 0.0558895505965, 0.0330399386585],
        "var": [0.0795327425003, 0.0473945625126, 0.0124638630077, 0.0083009051159, 0.00352370738983, 0.00289546186104]
    },
    "beats_position": [0.545668900013, 1.09133780003, 1.64861679077, 2.20589566231, 2.76317453384, 3.30884337425, 3.83129239082, 4.35374164581, 4.87619018555, 5.39863920212, 5.92108821869, 6.43192720413, 6.9543762207, 7.47682523727, 8.01088428497, 8.53333282471, 9.05578231812, 9.56662082672, 10.1006803513, 10.6115188599, 11.1339683533, 11.656416893, 12.1904764175, 12.7013149261, 13.2237634659, 13.7462129593, 14.2802715302, 14.7911109924, 15.3135595322, 15.8360090256, 16.3584575653, 16.8809070587, 17.391746521, 17.9141941071, 18.4366436005, 18.9590930939, 19.4815406799, 20.0039901733, 20.5264396667, 21.037279129, 21.5597267151, 22.0821762085, 22.616235733, 23.1270751953, 23.6495227814, 24.1719722748, 24.7060317993, 25.2168693542, 25.7393188477, 26.2617683411, 26.7958278656, 27.3066654205, 27.8291149139, 28.3631744385, 28.8856239319, 29.3964614868, 29.9189109802, 30.4413604736, 30.9638080597, 31.4862575531, 31.9970970154, 32.5195465088, 33.0419960022, 33.5644454956, 34.0868911743, 34.6093406677, 35.1317901611, 35.6542396545, 36.1766891479, 36.6991386414, 37.2215881348, 37.7324256897, 38.2548751831, 38.7773246765, 39.3113822937, 39.8222198486, 40.344669342, 40.8671188354, 41.4011802673, 41.9120178223, 42.4344673157, 42.9569168091, 43.4909744263, 44.0018119812, 44.5242614746]
},
"tonal": {
    "chords_changes_rate": 0.0709876567125,
    "chords_number_rate": 0.0123456791043,
    "chords_strength": {
        "mean": 0.473293960094,
        "var": 0.0104200169444
    },
    "hpcp_entropy": {
        "mean": 2.22276592255,
        "var": 0.591621816158
    },
    "key_strength": 0.714869141579,
    "tuning_diatonic_strength": 0.398404836655,
    "tuning_equal_tempered_deviation": 0.129014670849,
    "tuning_frequency": 445.369720459,
    "tuning_nontempered_energy_ratio": 0.797954499722,
    "hpcp": {
        "mean": [0.10805092752, 0.118488870561, 0.279978245497, 0.379889398813, 0.228350430727, 0.123453900218, 0.104501374066, 0.0731109306216, 0.0630286559463, 0.0718196332455, 0.0949428230524, 0.150704830885, 0.171474337578, 0.123869173229, 0.104987539351, 0.124179512262, 0.211445257068, 0.329518646002, 0.273574501276, 0.130330175161, 0.0851581096649, 0.0900738909841, 0.156774431467, 0.189807504416, 0.127992302179, 0.0689063742757, 0.0522322580218, 0.0628949403763, 0.0625395029783, 0.0774762630463, 0.0896439105272, 0.0811336785555, 0.0866800844669, 0.100195340812, 0.106660567224, 0.112162359059],
        "var": [0.0425377376378, 0.0410339310765, 0.0892867520452, 0.14896479249, 0.0575974471867, 0.0637864246964, 0.0522270686924, 0.0272228904068, 0.0209972076118, 0.0229693613946, 0.0312203597277, 0.0558018051088, 0.0715177059174, 0.0485745370388, 0.0352717898786, 0.0410534851253, 0.0652704536915, 0.146471619606, 0.0987227112055, 0.0446437969804, 0.0317134559155, 0.0339612141252, 0.0437104217708, 0.0490329042077, 0.0318413935602, 0.0152127472684, 0.0124154575169, 0.018962521106, 0.0123741412535, 0.018290547654, 0.0293195024133, 0.0276453439146, 0.0324711874127, 0.038153771311, 0.0435320772231, 0.0443435385823]
    },
    "chords_histogram": [3.08641982079, 0, 0, 4.42386817932, 0, 0, 3.18930029869, 1.23456788063, 0, 0, 0, 0, 0, 2.26337456703, 6.48148155212, 6.06995868683, 42.5925941467, 7.81893014908, 0, 2.46913576126, 0.205761313438, 5.34979438782, 0.102880656719, 14.7119340897],
    "thpcp": [1, 0.601097166538, 0.324973255396, 0.275083690882, 0.192453205585, 0.165913179517, 0.189054057002, 0.249922275543, 0.396707117558, 0.451379626989, 0.326066404581, 0.276363432407, 0.326883345842, 0.556596875191, 0.867406785488, 0.720142483711, 0.343073993921, 0.224165529013, 0.237105563283, 0.41268441081, 0.499638855457, 0.336919903755, 0.181385353208, 0.13749332726, 0.165561184287, 0.164625555277, 0.203944265842, 0.235973715782, 0.213571846485, 0.228171899915, 0.263748705387, 0.280767410994, 0.295250028372, 0.284427344799, 0.311903595924, 0.736999392509],
    "chords_key": "A#",
    "chords_scale": "minor",
    "key_key": "D",
    "key_scale": "minor"
}
}