{
"lowlevel": {
    "average_loudness": 0.970844805241,
    "barkbands_crest": {
        "mean": 11.8884344101,
        "var": 15.5582866669
    },
    "barkbands_flatness_db": {
        "mean": 0.208209648728,
        "var": 0.00558010023087
    },
    "barkbands_kurtosis": {
        "mean": 15.2808609009,
        "var": 1254.6003418
    },
    "barkbands_skewness": {
        "mean": 2.23687911034,
        "var": 5.10528230667
    },
    "barkbands_spread": {
        "mean": 15.283115387,
        "var": 289.353881836
    },
    "dissonance": {
        "mean": 0.447048485279,
        "var": 0.00122803356498
    },
    "dynamic_complexity": 3.2349858284,
    "erbbands_crest": {
        "mean": 11.9270200729,
        "var": 29.7228450775
    },
    "erbbands_flatness_db": {
        "mean": 0.181900665164,
        "var": 0.0031548247207
    },
    "erbbands_kurtosis": {
        "mean": 3.17448043823,
        "var": 20.0009632111
    },
    "erbbands_skewness": {
        "mean": 0.974896788597,
        "var": 1.59460139275
    },
    "erbbands_spread": {
        "mean": 38.1915245056,
        "var": 723.927246094
    },
    "hfc": {
        "mean": 11.4266443253,
        "var": 604.370178223
    },
    "melbands_crest": {
        "mean": 13.7718763351,
        "var": 16.7707805634
    },
    "melbands_flatness_db": {
        "mean": 0.284900158644,
        "var": 0.00934587884694
    },
    "melbands_kurtosis": {
        "mean": 31.5326023102,
        "var": 4713.72412109
    },
    "melbands_skewness": {
        "mean": 3.05229139328,
        "var": 6.20566606522
    },
    "melbands_spread": {
        "mean": 15.7302999496,
        "var": 471.186523438
    },
    "pitch_salience": {
        "mean": 0.529207468033,
        "var": 0.0164469704032
    },
    "silence_rate_20dB": {
        "mean": 1,
        "var": 0
    },
    "silence_rate_30dB": {
        "mean": 0.903192579746,
        "var": 0.0874341726303
    },
    "silence_rate_60dB": {
        "mean": 0.00875386223197,
        "var": 0.00867704953998
    },
    "spectral_centroid": {
        "mean": 886.449584961,
        "var": 666060
    },
    "spectral_complexity": {
        "mean": 8.5942325592,
        "var": 71.7291870117
    },
    "spectral_decrease": {
        "mean": -7.91069698636e-009,
        "var": 3.99949687694e-016
    },
    "spectral_energy": {
        "mean": 0.0308931600302,
        "var": 0.00581013364717
    },
    "spectral_energyband_high": {
        "mean": 0.000923774787225,
        "var": 1.23406862258e-005
    },
    "spectral_energyband_low": {
        "mean": 0.0222175829113,
        "var": 0.00523233599961
    },
    "spectral_energyband_middle_high": {
        "mean": 0.00151037960313,
        "var": 7.63093521527e-006
    },
    "spectral_energyband_middle_low": {
        "mean": 0.00679252622649,
        "var": 0.000100861376268
    },
    "spectral_entropy": {
        "mean": 7.08333587646,
        "var": 0.470085352659
    },
    "spectral_flux": {
        "mean": 0.0880835950375,
        "var": 0.0158265884966
    },
    "spectral_kurtosis": {
        "mean": 6.34870433807,
        "var": 57.3376731873
    },
    "spectral_rms": {
        "mean": 0.00403800234199,
        "var": 1.38342047649e-005
    },
    "spectral_rolloff": {
        "mean": 1086.91479492,
        "var": 3363831.75
    },
    "spectral_skewness": {
        "mean": 1.81225514412,
        "var": 1.02607643604
    },
    "spectral_spread": {
        "mean": 4739394,
        "var": 4.45561962496e+012
    },
    "spectral_strongpeak": {
        "mean": 0.604121565819,
        "var": 0.641299784184
    },
    "zerocrossingrate": {
        "mean": 0.0432174168527,
        "var": 0.00166886788793
    },
    "barkbands": {
        "mean": [0.000119725089462, 0.0155896246433, 0.00603395979851, 0.00113630515989, 0.00364285428077, 0.000855435093399, 0.000917082070373, 5.47533454665e-005, 6.20149658062e-005, 0.000608079368249, 3.62737155228e-005, 0.000366418506019, 8.87666756171e-005, 4.66839228466e-005, 6.1196515162e-005, 4.58455142507e-005, 5.53509999008e-005, 3.85483690479e-005, 0.000122528261272, 0.000268822506769, 0.000364676147001, 0.000149959683768, 9.46370419115e-005, 5.59829568374e-005, 5.03801893501e-005, 2.62083394773e-005, 1.11130475489e-006],
        "var": [1.1028712521e-007, 0.00272031431086, 0.000535948027391, 2.02932169486e-005, 2.92517088383e-005, 9.35625621423e-007, 4.30431981613e-007, 7.59919860371e-009, 5.30408499344e-008, 2.26079168897e-006, 8.51155146364e-009, 2.1808780275e-006, 4.89154245997e-008, 1.01892680959e-008, 2.03835721635e-008, 2.09247943417e-008, 4.08850731048e-008, 1.83811508236e-008, 2.04376817692e-007, 1.31248418711e-006, 2.34384310716e-006, 3.09032827772e-007, 1.24404166968e-007, 3.11406012088e-008, 3.42732704439e-008, 1.04876809459e-008, 2.24651078989e-011]
    },
    "erbbands": {
        "mean": [0.222634211183, 4.19362640381, 9.0303440094, 4.18985080719, 8.65506744385, 14.3681402206, 6.81093645096, 7.03338670731, 13.2862300873, 7.73990058899, 0.867340326309, 1.23900032043, 13.4376583099, 11.8589410782, 2.1687848568, 16.6472492218, 6.56973743439, 2.08844447136, 3.33560681343, 2.66846609116, 3.06489086151, 3.13947272301, 2.12564754486, 4.67680311203, 7.12660598755, 11.8027009964, 20.4713535309, 9.03134822845, 5.49677658081, 3.55924987793, 2.72756457329, 1.43701303005, 0.920848667622, 0.52865666151, 0.374152511358, 0.151297464967, 0.0402214378119, 0.00494292611256, 0.000159899049322, 4.00662975153e-005],
        "var": [0.453548699617, 203.958129883, 1125.88781738, 237.825149536, 395.567749023, 360.81137085, 56.879737854, 67.3355712891, 149.34576416, 40.5859947205, 0.978154957294, 11.2390403748, 923.80078125, 1270.95715332, 25.6639022827, 4429.2890625, 299.127807617, 16.2973575592, 43.1868896484, 43.2519264221, 102.607917786, 127.694267273, 52.0347366333, 343.122253418, 631.526672363, 2110.23095703, 9288.49902344, 1045.58813477, 396.294433594, 217.891769409, 96.7812957764, 21.1054668427, 10.703332901, 4.18497657776, 2.16448426247, 0.365747153759, 0.0238009039313, 0.000367862900021, 3.47520256128e-007, 7.4327317634e-009]
    },
    "gfcc": {
        "mean": [-79.9728546143, 119.041946411, -84.3151168823, 47.9357528687, -64.3903656006, 12.5392503738, -36.132183075, -5.66525650024, -24.0046272278, 6.57844591141, -6.01230812073, 1.91037642956, 2.62555837631],
        "cov": [[4791.37402344, -2135.13574219, -229.442657471, 866.881774902, -327.345855713, 140.719512939, -68.363899231, 107.31980896, -256.944793701, 122.947540283, -272.996154785, 109.304931641, -156.535858154], [-2135.13574219, 1903.3449707, 23.0262184143, -446.259368896, 299.84979248, -127.182067871, 211.470321655, -130.295578003, 231.883224487, -215.368789673, 197.512451172, -153.168487549, 205.319564819], [-229.442657471, 23.0262184143, 815.762207031, -33.9766426086, 149.915634155, 55.6644973755, -133.583984375, 80.0269699097, 47.2542076111, 108.371383667, 15.4104413986, -34.0502891541, -84.7615127563], [866.881774902, -446.259368896, -33.9766426086, 621.538879395, -42.1404266357, -2.85597467422, 87.8119506836, 35.2892837524, 10.984377861, 39.8878288269, 4.00311040878, -9.76933479309, -47.9588699341], [-327.345855713, 299.84979248, 149.915634155, -42.1404266357, 286.911193848, 34.412979126, 41.4505386353, -74.15234375, 21.2388877869, -20.9740390778, 47.1142692566, -33.8972892761, 1.68696689606], [140.719512939, -127.182067871, 55.6644973755, -2.85597467422, 34.412979126, 143.903594971, 10.3179416656, -20.5198879242, -39.0510864258, 25.3089561462, 10.576259613, 18.1136436462, -23.1878509521], [-68.363899231, 211.470321655, -133.583984375, 87.8119506836, 41.4505386353, 10.3179416656, 223.830718994, -8.40463829041, 35.3524513245, -82.4089584351, 32.9357185364, -0.134897083044, 58.5076217651], [107.31980896, -130.295578003, 80.0269699097, 35.2892837524, -74.15234375, -20.5198879242, -8.40463829041, 156.457260132, 64.0740432739, 32.4292411804, -27.2657432556, 12.8369235992, 17.1056404114], [-256.944793701, 231.883224487, 47.2542076111, 10.984377861, 21.2388877869, -39.0510864258, 35.3524513245, 64.0740432739, 133.93699646, 1.48295760155, 5.82571268082, -29.6923465729, 50.0123443604], [122.947540283, -215.368789673, 108.371383667, 39.8878288269, -20.9740390778, 25.3089561462, -82.4089584351, 32.4292411804, 1.48295760155, 116.215278625, 11.8875904083, 25.0019397736, -48.9374008179], [-272.996154785, 197.512451172, 15.4104413986, 4.00311040878, 47.1142692566, 10.576259613, 32.9357185364, -27.2657432556, 5.82571268082, 11.8875904083, 149.020172119, 17.7634353638, 0.292282998562], [109.304931641, -153.168487549, -34.0502891541, -9.76933479309, -33.8972892761, 18.1136436462, -0.134897083044, 12.8369235992, -29.6923465729, 25.0019397736, 17.7634353638, 63.9767723083, -10.4146156311], [-156.535858154, 205.319564819, -84.7615127563, -47.9588699341, 1.68696689606, -23.1878509521, 58.5076217651, 17.1056404114, 50.0123443604, -48.9374008179, 0.292282998562, -10.4146156311, 85.3170852661]],
        "icov": [[0.000524589733686, 0.000552594778128, 9.06602144823e-006, -0.000407612795243, -6.89011540089e-006, -0.000142480595969, 1.72720945102e-006, 7.81981943874e-005, 0.000279149564449, 0.00026804668596, 0.000203068353585, 0.000257455365499, -0.000622078950983], [0.000552594778128, 0.00445596314967, -0.000678361335304, 0.00229117064737, -0.000367158325389, 0.00187975738663, -0.00214408570901, 0.00347821414471, -0.00448919879273, 0.00253363349475, -0.00452601676807, 0.00598260993138, -0.00297388364561], [9.06602144823e-006, -0.000678361335304, 0.00246706954204, -0.000227110664127, -0.00147887179628, -0.00112902966794, 0.00129601825029, -0.00280662393197, 0.000313665135764, -0.000791884143837, 0.000395345879951, 0.000541106099263, 0.00279542780481], [-0.000407612795243, 0.00229117064737, -0.000227110664127, 0.00455827824771, 9.02147876332e-005, 0.00201134174131, -0.00374656007625, 0.00163880630862, -0.00327328150161, -0.000560316490009, -0.00344014260918, 0.00574413407594, 0.00117092509754], [-6.89011540089e-006, -0.000367158325389, -0.00147887179628, 9.02147876332e-005, 0.00611041486263, -0.00103978242259, -0.00124627340119, 0.00356629956514, -0.00143746857066, 0.000127309220261, -0.000328568305122, 0.000576076970901, 0.000175729321199], [-0.000142480595969, 0.00187975738663, -0.00112902966794, 0.00201134174131, -0.00103978242259, 0.01052398514, -0.00410404009745, 0.00222945096903, 0.00128775567282, -0.00312072969973, -0.00189121288713, 0.00251951348037, -0.00175883085467], [1.72720945102e-006, -0.00214408570901, 0.00129601825029, -0.00374656007625, -0.00124627340119, -0.00410404009745, 0.0119195785373, -0.00230991863646, -0.00102504482493, 0.00714928796515, 0.00082144443877, -0.00763839576393, -0.00069070328027], [7.81981943874e-005, 0.00347821414471, -0.00280662393197, 0.00163880630862, 0.00356629956514, 0.00222945096903, -0.00230991863646, 0.0166808776557, -0.0106278844178, 0.000722747354303, -0.00149092043284, -0.000718799070455, -0.00475716823712], [0.000279149564449, -0.00448919879273, 0.000313665135764, -0.00327328150161, -0.00143746857066, 0.00128775567282, -0.00102504482493, -0.0106278844178, 0.0252774208784, -0.0107082352042, 0.00470763677731, 0.00281321187504, -0.00763291073963], [0.00026804668596, 0.00253363349475, -0.000791884143837, -0.000560316490009, 0.000127309220261, -0.00312072969973, 0.00714928796515, 0.000722747354303, -0.0107082352042, 0.0243802443147, -0.00484925461933, -0.00610144622624, 0.00692774634808], [0.000203068353585, -0.00452601676807, 0.000395345879951, -0.00344014260918, -0.000328568305122, -0.00189121288713, 0.00082144443877, -0.00149092043284, 0.00470763677731, -0.00484925461933, 0.0143550941721, -0.0104007339105, 0.00209184666164], [0.000257455365499, 0.00598260993138, 0.000541106099263, 0.00574413407594, 0.000576076970901, 0.00251951348037, -0.00763839576393, -0.000718799070455, 0.00281321187504, -0.00610144622624, -0.0104007339105, 0.0361959412694, -0.00479770312086], [-0.000622078950983, -0.00297388364561, 0.00279542780481, 0.00117092509754, 0.000175729321199, -0.00175883085467, -0.00069070328027, -0.00475716823712, -0.00763291073963, 0.00692774634808, 0.00209184666164, -0.00479770312086, 0.0299730543047]]
    },
    "melbands": {
        "mean": [0.0032778698951, 0.0053250179626, 0.000876731413882, 0.000894775323104, 0.000313658703817, 0.000177291163709, 0.000188650083146, 6.42918312224e-005, 3.280318424e-006, 8.72565397003e-006, 7.38382295822e-005, 5.70757074456e-005, 4.77458479509e-006, 2.30624718824e-005, 4.43399221695e-005, 6.03424496148e-006, 3.54934650204e-006, 5.52569963475e-006, 4.55527833765e-006, 2.74000581157e-006, 3.84684608434e-006, 3.2921930142e-006, 2.59509124589e-006, 1.52733434788e-006, 4.02679279432e-006, 4.6330569603e-006, 5.85398765907e-006, 8.17075215309e-006, 1.40701595228e-005, 8.3908707893e-006, 4.39474251834e-006, 3.18656088893e-006, 2.55626241596e-006, 1.68563803982e-006, 1.58331829425e-006, 1.33689127324e-006, 6.96628262631e-007, 6.21646734089e-007, 6.35020683148e-007, 3.70050941001e-007],
        "var": [0.000111267821922, 0.000349113368429, 8.80433708517e-006, 2.08911001209e-006, 1.1634470809e-007, 3.38820100865e-008, 2.6747173365e-008, 3.38050831772e-009, 3.34227125143e-011, 9.47840250731e-010, 2.79305094608e-008, 2.98423330491e-008, 1.49084800061e-010, 7.61148299944e-009, 2.73717635224e-008, 1.53997870012e-010, 5.99755453634e-011, 1.16055484667e-010, 1.34378300154e-010, 6.82933709584e-011, 1.79053771809e-010, 1.55655863199e-010, 7.88394557971e-011, 2.54987021081e-011, 2.77369044399e-010, 2.70208161401e-010, 4.26716023627e-010, 1.07531294979e-009, 5.18098097757e-009, 1.15909459808e-009, 2.19201420903e-010, 1.29750363231e-010, 1.04678349322e-010, 5.06673071554e-011, 3.35747575575e-011, 2.11616713736e-011, 4.67502122084e-012, 5.0630589131e-012, 5.78403687793e-012, 2.28238890461e-012]
    },
    "mfcc": {
        "mean": [-729.735961914, 137.206192017, 36.0085678101, 39.1793022156, 3.57026386261, 18.010766983, 1.48083817959, -7.70705652237, -6.01026344299, -4.31375837326, -10.4363985062, 1.21851098537, 1.90807211399],
        "cov": [[4792.9609375, -2521.26367188, -151.413192749, 495.327087402, -281.390960693, 119.647155762, 30.0022888184, 55.7298469543, 69.7581710815, 20.4789466858, -43.4374084473, -42.5649795532, -26.6858711243], [-2521.26367188, 2029.92089844, -23.2672119141, -263.027069092, 170.715789795, -44.6608047485, 4.79212141037, 13.6675596237, 14.3460950851, 34.6924057007, -29.1216163635, -46.606880188, -13.5965242386], [-151.413192749, -23.2672119141, 494.358703613, 21.9163837433, 148.470367432, -12.3482570648, 2.66096520424, -25.1854152679, -6.47320890427, 38.6875457764, 84.6323318481, 57.6186447144, -10.0895738602], [495.327087402, -263.027069092, 21.9163837433, 368.8019104, -3.95126843452, 61.4577980042, 45.8187713623, 40.9526329041, 31.4863872528, 21.164024353, 37.2734260559, 40.5605049133, 15.0998954773], [-281.390960693, 170.715789795, 148.470367432, -3.95126843452, 230.401260376, 44.5815391541, 14.8483810425, -41.2051429749, -33.3182144165, 28.2630653381, 22.4996204376, 22.9390964508, 12.1962032318], [119.647155762, -44.6608047485, -12.3482570648, 61.4577980042, 44.5815391541, 176.94593811, 64.546295166, 5.37974023819, -15.3592271805, -22.7036895752, 2.15162563324, 26.9754962921, 6.3203754425], [30.0022888184, 4.79212141037, 2.66096520424, 45.8187713623, 14.8483810425, 64.546295166, 115.928405762, 35.118270874, -28.8561897278, -34.7957725525, 5.26407909393, 43.6829681396, 29.463727951], [55.7298469543, 13.6675596237, -25.1854152679, 40.9526329041, -41.2051429749, 5.37974023819, 35.118270874, 91.8070907593, 51.253490448, 14.842420578, -1.98147523403, 2.23201537132, -4.56100988388], [69.7581710815, 14.3460950851, -6.47320890427, 31.4863872528, -33.3182144165, -15.3592271805, -28.8561897278, 51.253490448, 119.460990906, 71.6183929443, -1.24885964394, -42.7317008972, -38.3817176819], [20.4789466858, 34.6924057007, 38.6875457764, 21.164024353, 28.2630653381, -22.7036895752, -34.7957725525, 14.842420578, 71.6183929443, 101.799705505, 12.8730220795, -46.9321098328, -29.7672843933], [-43.4374084473, -29.1216163635, 84.6323318481, 37.2734260559, 22.4996204376, 2.15162563324, 5.26407909393, -1.98147523403, -1.24885964394, 12.8730220795, 67.6171188354, 44.8223304749, 11.0862808228], [-42.5649795532, -46.606880188, 57.6186447144, 40.5605049133, 22.9390964508, 26.9754962921, 43.6829681396, 2.23201537132, -42.7317008972, -46.9321098328, 44.8223304749, 119.443321228, 49.9010429382], [-26.6858711243, -13.5965242386, -10.0895738602, 15.0998954773, 12.1962032318, 6.3203754425, 29.463727951, -4.56100988388, -38.3817176819, -29.7672843933, 11.0862808228, 49.9010429382, 59.1844940186]],
        "icov": [[0.000757941685151, 0.000901508028619, 0.000105675397208, -0.000385823252145, 0.000194942927919, -0.00020092415798, -0.00030054958188, -8.85683548404e-005, 6.000072608e-005, -0.00061811361229, 0.000879562750924, 0.00018929829821, 0.000193051062524], [0.000901508028619, 0.00170361727942, 0.000353962415829, 5.95077926846e-006, -0.000547210802324, 4.80344497191e-005, -0.00061077112332, -0.000485817872686, -0.000209105099202, -0.000570209871512, 0.000884958833922, 0.000371215486666, 0.000329782196786], [0.000105675397208, 0.000353962415829, 0.00355273508467, 0.00010932997975, -0.00228413427249, 0.00119860679843, -0.000845472153742, 0.000296982034342, -0.00022028569947, -0.000144623176311, -0.00307421432808, -0.00132749055047, 0.00297273159958], [-0.000385823252145, 5.95077926846e-006, 0.00010932997975, 0.00392191391438, -0.000161262913025, -0.000802314199973, -0.000684224884026, -0.000694969901815, -0.00088635343127, -0.000751828600187, -0.00172908918466, -0.000667572778184, -0.000814785424154], [0.000194942927919, -0.000547210802324, -0.00228413427249, -0.000161262913025, 0.00886917021126, -0.00274256104603, -0.000648360990454, 0.00292992428876, 0.00355857750401, -0.00677562644705, 0.00283982465044, -0.00168078625575, -0.0015871769283], [-0.00020092415798, 4.80344497191e-005, 0.00119860679843, -0.000802314199973, -0.00274256104603, 0.00880987197161, -0.00501057179645, 0.00187644688413, -0.00200062198564, 0.00248708389699, -0.000476959830849, -0.00105717044789, 0.00352699379437], [-0.00030054958188, -0.00061077112332, -0.000845472153742, -0.000684224884026, -0.000648360990454, -0.00501057179645, 0.0183069128543, -0.0102996854112, 0.00552828237414, 0.00213217060082, 0.000290943222353, -0.000318415346555, -0.00461263488978], [-8.85683548404e-005, -0.000485817872686, 0.000296982034342, -0.000694969901815, 0.00292992428876, 0.00187644688413, -0.0102996854112, 0.0233995206654, -0.0119055127725, -0.000273542507784, 0.00203734077513, -0.00318882591091, 0.000651569163892], [6.000072608e-005, -0.000209105099202, -0.00022028569947, -0.00088635343127, 0.00355857750401, -0.00200062198564, 0.00552828237414, -0.0119055127725, 0.0263882614672, -0.0153080495074, 0.00239395699464, -0.00188637210522, 0.00653410190716], [-0.00061811361229, -0.000570209871512, -0.000144623176311, -0.000751828600187, -0.00677562644705, 0.00248708389699, 0.00213217060082, -0.000273542507784, -0.0153080495074, 0.0304163489491, -0.0114401169121, 0.011666720733, -0.00251749111339], [0.000879562750924, 0.000884958833922, -0.00307421432808, -0.00172908918466, 0.00283982465044, -0.000476959830849, 0.000290943222353, 0.00203734077513, 0.00239395699464, -0.0114401169121, 0.0306565649807, -0.0136465420946, 0.00155695725698], [0.00018929829821, 0.000371215486666, -0.00132749055047, -0.000667572778184, -0.00168078625575, -0.00105717044789, -0.000318415346555, -0.00318882591091, -0.00188637210522, 0.011666720733, -0.0136465420946, 0.024712799117, -0.0131490025669], [0.000193051062524, 0.000329782196786, 0.00297273159958, -0.000814785424154, -0.0015871769283, 0.00352699379437, -0.00461263488978, 0.000651569163892, 0.00653410190716, -0.00251749111339, 0.00155695725698, -0.0131490025669, 0.0338368080556]]
    },
    "spectral_contrast_coeffs": {
        "mean": [-0.64994263649, -0.625951051712, -0.750455200672, -0.795348703861, -0.831046521664, -0.769522190094],
        "var": [0.00464604236186, 0.00297149876133, 0.00526332901791, 0.00328182289377, 0.000970372115262, 0.00272632297128]
    },
    "spectral_contrast_valleys": {
        "mean": [-7.17041158676, -7.95413827896, -8.60622596741, -8.72912788391, -8.49189853668, -10.898024559],
        "var": [0.672470986843, 0.500469923019, 0.596124947071, 0.688857972622, 1.13717937469, 1.37416386604]
    }
},
"metadata": {
    "audio_properties": {
        "analysis_sample_rate": 44100,
        "bit_rate": 128074,
        "equal_loudness": 0,
        "length": 45.0612258911,
        "lossless": 0,
        "replay_gain": -5.34527587891,
        "sample_rate": 44100,
        "codec": "mp3",
        "downmix": "mix",
        "md5_encoded": "b37149858a814eefb32bbbf7e34da5cb"
    },
    "tags": {
        "file_name": "1576.mp3"
    },
    "version": {
        "essentia": "2.1-beta2",
        "essentia_git_sha": "v2.1_beta2",
        "extractor": "music 1.0"
    }
},
"rhythm": {
    "beats_count": 115,
    "beats_loudness": {
        "mean": 0.0848192572594,
        "var": 0.0132753262296
    },
    "bpm": 153.459182739,
    "bpm_histogram_first_peak_bpm": {
        "mean": 152,
        "var": 0
    },
    "bpm_histogram_first_peak_spread": {
        "mean": 0.0746268853545,
        "var": 0
    },
    "bpm_histogram_first_peak_weight": {
        "mean": 0.543859660625,
        "var": 0
    },
    "bpm_histogram_second_peak_bpm": {
        "mean": 157,
        "var": 0
    },
    "bpm_histogram_second_peak_spread": {
        "mean": 0.173913046718,
        "var": 0
    },
    "bpm_histogram_second_peak_weight": {
        "mean": 0.333333343267,
        "var": 0
    },
    "danceability": 2.87640976906,
    "onset_rate": 4.28113126755,
    "beats_loudness_band_ratio": {
        "mean": [0.54123467207, 0.140468433499, 0.093023404479, 0.0653300508857, 0.0349554158747, 0.185796841979],
        "var": [0.120327450335, 0.015690529719, 0.00878173857927, 0.0115833273157, 0.00130246591289, 0.0439638197422]
    },
    "beats_position": [0.325079351664, 0.684988677502, 1.06811785698, 1.45124709606, 1.83437633514, 2.20589566231, 2.60063481331, 2.99537420273, 3.40172338486, 3.78485250473, 4.17959165573, 4.57433080673, 4.96907043457, 5.35219955444, 5.74693870544, 6.13006782532, 6.52480697632, 6.90793657303, 7.30267572403, 7.6858048439, 8.08054447174, 8.47528362274, 8.87002277374, 9.24154186249, 9.63628101349, 10.0310201645, 10.4257593155, 10.8088884354, 11.2036275864, 11.5867567062, 11.9698867798, 12.3530158997, 12.7593650818, 13.1424942017, 13.5372333527, 13.9203624725, 14.3151016235, 14.6982307434, 15.0929698944, 15.4877090454, 15.8824491501, 16.2655773163, 16.6487064362, 17.0434455872, 17.4381847382, 17.8329238892, 18.2160549164, 18.5991840363, 18.9939231873, 19.3886623383, 19.7834014893, 20.1665306091, 20.5612697601, 20.94439888, 21.339138031, 21.7222671509, 22.1170063019, 22.5001354218, 22.8948745728, 23.2663936615, 23.6611328125, 24.0326519012, 24.4273910522, 24.8221302032, 25.2284793854, 25.6116104126, 26.0063495636, 26.4010887146, 26.7958278656, 27.1789569855, 27.5736961365, 27.9568252563, 28.3399543762, 28.7346935272, 29.1294326782, 29.5125617981, 29.9073009491, 30.3020401001, 30.6967792511, 31.0682983398, 31.474647522, 31.8577766418, 32.2525177002, 32.6240348816, 33.0187759399, 33.3902931213, 33.7850341797, 34.1797714233, 34.5861206055, 34.9692497253, 35.3639907837, 35.7587280273, 36.1534690857, 36.5249862671, 36.9197273254, 37.3028564453, 37.6975975037, 38.0807266235, 38.4754638672, 38.8702049255, 39.2649421692, 39.6596832275, 40.0428123474, 40.4259414673, 40.8206787109, 41.2038078308, 41.5985488892, 41.981678009, 42.3764152527, 42.771156311, 43.1658935547, 43.5490226746, 43.9437637329, 44.3268928528, 44.7216300964]
},
"tonal": {
    "chords_changes_rate": 0.0288065839559,
    "chords_number_rate": 0.00617283955216,
    "chords_strength": {
        "mean": 0.496912270784,
        "var": 0.0084057347849
    },
    "hpcp_entropy": {
        "mean": 1.79162812233,
        "var": 0.971881151199
    },
    "key_strength": 0.517938435078,
    "tuning_diatonic_strength": 0.342351108789,
    "tuning_equal_tempered_deviation": 0.0886449813843,
    "tuning_frequency": 455.779724121,
    "tuning_nontempered_energy_ratio": 0.67839807272,
    "hpcp": {
        "mean": [0.0680365562439, 0.065556794405, 0.141214907169, 0.336652487516, 0.323251992464, 0.12788836658, 0.0739767327905, 0.102398097515, 0.137643575668, 0.130483210087, 0.0785568505526, 0.0498646274209, 0.0583321936429, 0.0545666366816, 0.0902976691723, 0.147390291095, 0.114461228251, 0.0785343274474, 0.0818609595299, 0.0609378665686, 0.0456111393869, 0.0516340844333, 0.0521840192378, 0.0524422377348, 0.0676923021674, 0.06349889189, 0.0701992064714, 0.0922457799315, 0.0727069601417, 0.18149574101, 0.388422876596, 0.28695872426, 0.118379451334, 0.12232992053, 0.0835901424289, 0.061541326344],
        "var": [0.0313840173185, 0.0161456707865, 0.0342508144677, 0.152983725071, 0.153331547976, 0.0406231731176, 0.0271258316934, 0.0446115359664, 0.070149704814, 0.074400767684, 0.0375742278993, 0.0224336273968, 0.0311533752829, 0.0241859145463, 0.0354333519936, 0.0896260738373, 0.0502326264977, 0.0249924249947, 0.0227552503347, 0.0198125299066, 0.0222281105816, 0.0217945743352, 0.0226937122643, 0.0209922343493, 0.0226895138621, 0.0173219274729, 0.0209980420768, 0.0390908643603, 0.0234993454069, 0.0351038463414, 0.140192016959, 0.0842148214579, 0.0420842580497, 0.0752133205533, 0.0348059386015, 0.0262424033135]
    },
    "chords_histogram": [15.0205764771, 0, 0, 0, 0, 0, 0, 4.11522626877, 0, 6.37860059738, 0, 0, 2.16049385071, 0, 0, 0, 0, 0, 0, 2.77777767181, 0, 0, 0, 69.5473251343],
    "thpcp": [1, 0.738779127598, 0.304769515991, 0.314940065145, 0.21520395577, 0.158438980579, 0.17516104877, 0.168776869774, 0.363559693098, 0.866716444492, 0.83221668005, 0.329250335693, 0.190454110503, 0.26362529397, 0.354365259409, 0.335930794477, 0.202245682478, 0.128377169371, 0.150177031755, 0.140482544899, 0.232472583652, 0.37945830822, 0.294681996107, 0.20218770206, 0.210752159357, 0.156885370612, 0.117426499724, 0.132932648063, 0.134348466992, 0.135013252497, 0.174274757504, 0.163478761911, 0.180728822947, 0.237488016486, 0.187185063958, 0.467263251543],
    "chords_key": "D#",
    "chords_scale": "major",
    "key_key": "G",
    "key_scale": "minor"
}
}