{
"lowlevel": {
    "average_loudness": 0.809932529926,
    "barkbands_crest": {
        "mean": 14.2056150436,
        "var": 31.4588108063
    },
    "barkbands_flatness_db": {
        "mean": 0.275146305561,
        "var": 0.0177713930607
    },
    "barkbands_kurtosis": {
        "mean": 33.0414886475,
        "var": 4042.92602539
    },
    "barkbands_skewness": {
        "mean": 3.44102740288,
        "var": 9.58755588531
    },
    "barkbands_spread": {
        "mean": 9.23834037781,
        "var": 124.01713562
    },
    "dissonance": {
        "mean": 0.439755886793,
        "var": 0.00346332183108
    },
    "dynamic_complexity": 4.42914152145,
    "erbbands_crest": {
        "mean": 11.3181409836,
        "var": 29.8931674957
    },
    "erbbands_flatness_db": {
        "mean": 0.203636094928,
        "var": 0.00681916624308
    },
    "erbbands_kurtosis": {
        "mean": 4.58030462265,
        "var": 81.1876373291
    },
    "erbbands_skewness": {
        "mean": 1.21244800091,
        "var": 1.7819712162
    },
    "erbbands_spread": {
        "mean": 35.7805900574,
        "var": 678.787780762
    },
    "hfc": {
        "mean": 9.31886100769,
        "var": 197.389984131
    },
    "melbands_crest": {
        "mean": 18.6004257202,
        "var": 39.0275115967
    },
    "melbands_flatness_db": {
        "mean": 0.377117246389,
        "var": 0.0265208184719
    },
    "melbands_kurtosis": {
        "mean": 54.5490341187,
        "var": 8225.35058594
    },
    "melbands_skewness": {
        "mean": 4.17573738098,
        "var": 9.63151836395
    },
    "melbands_spread": {
        "mean": 9.54459571838,
        "var": 253.429244995
    },
    "pitch_salience": {
        "mean": 0.486127048731,
        "var": 0.0241821408272
    },
    "silence_rate_20dB": {
        "mean": 0.996395468712,
        "var": 0.00359142688103
    },
    "silence_rate_30dB": {
        "mean": 0.856333673,
        "var": 0.123027071357
    },
    "silence_rate_60dB": {
        "mean": 0.14675591886,
        "var": 0.125215575099
    },
    "spectral_centroid": {
        "mean": 743.588195801,
        "var": 537969.8125
    },
    "spectral_complexity": {
        "mean": 7.53347063065,
        "var": 54.7576789856
    },
    "spectral_decrease": {
        "mean": -1.36047129118e-008,
        "var": 3.59331810895e-016
    },
    "spectral_energy": {
        "mean": 0.0521926432848,
        "var": 0.00524992030114
    },
    "spectral_energyband_high": {
        "mean": 0.000209567515412,
        "var": 2.36701808376e-007
    },
    "spectral_energyband_low": {
        "mean": 0.0408203415573,
        "var": 0.00416871206835
    },
    "spectral_energyband_middle_high": {
        "mean": 0.000945552252233,
        "var": 6.53558208796e-006
    },
    "spectral_energyband_middle_low": {
        "mean": 0.0131895439699,
        "var": 0.000605980632827
    },
    "spectral_entropy": {
        "mean": 6.6922287941,
        "var": 1.06285274029
    },
    "spectral_flux": {
        "mean": 0.0945942923427,
        "var": 0.0109709436074
    },
    "spectral_kurtosis": {
        "mean": 21.2896957397,
        "var": 2294.02978516
    },
    "spectral_rms": {
        "mean": 0.00582584599033,
        "var": 1.69791001099e-005
    },
    "spectral_rolloff": {
        "mean": 576.339660645,
        "var": 940306.875
    },
    "spectral_skewness": {
        "mean": 2.72282934189,
        "var": 6.64199066162
    },
    "spectral_spread": {
        "mean": 3630017.75,
        "var": 4.51806180147e+012
    },
    "spectral_strongpeak": {
        "mean": 0.501381695271,
        "var": 0.211487144232
    },
    "zerocrossingrate": {
        "mean": 0.0267926100641,
        "var": 0.000885085144546
    },
    "barkbands": {
        "mean": [0.00145603704732, 0.0296318568289, 0.00677380058914, 0.00481858290732, 0.00417073164135, 0.00212886463851, 0.00116274179891, 0.000722925411537, 0.000168114900589, 0.000127023842651, 5.99742343184e-005, 7.35595385777e-005, 9.49118621065e-005, 0.000131627253722, 9.44099811022e-005, 9.45764404605e-005, 7.19462695997e-005, 7.41653057048e-005, 8.22384172352e-005, 8.39264102979e-005, 6.60756777506e-005, 4.56789675809e-005, 1.74742363015e-005, 1.2737610632e-005, 1.65129240486e-005, 1.14149506771e-005, 7.44328701785e-007],
        "var": [9.35769639909e-006, 0.00268606166355, 0.000443561526481, 8.25777169666e-005, 0.000121731354739, 3.24281463691e-005, 1.58933835337e-005, 8.20002787805e-006, 2.13528977611e-007, 9.02605634678e-008, 4.18199483931e-008, 5.54938459629e-008, 7.29651716824e-008, 7.4829785035e-007, 9.57053956085e-008, 1.92708796476e-007, 4.12551202089e-008, 2.61207340202e-008, 5.94203335424e-008, 5.65834668009e-008, 3.20533217746e-008, 2.32897168218e-008, 4.44037961955e-009, 9.77242953226e-010, 1.97603222674e-009, 1.11582687534e-009, 6.17095610722e-012]
    },
    "erbbands": {
        "mean": [0.911699652672, 6.35225582123, 8.60784053802, 14.1660165787, 14.370467186, 11.5428991318, 19.808221817, 15.5675315857, 20.7417736053, 7.16307973862, 18.6173305511, 5.7784204483, 2.66532659531, 4.08677196503, 2.63590788841, 3.54286909103, 4.73433876038, 6.84069252014, 5.70697307587, 4.1108455658, 5.43522548676, 3.99555659294, 3.77793121338, 3.95184278488, 4.61349439621, 4.03993654251, 2.74278092384, 2.69271159172, 1.62866437435, 0.869393110275, 0.422130614519, 0.309716373682, 0.194895982742, 0.232233062387, 0.0847904756665, 0.0526588559151, 0.0218801219016, 0.00343631324358, 0.000106829735159, 5.96487334406e-005],
        "var": [2.3521926403, 145.671310425, 517.851501465, 796.912902832, 2178.42456055, 677.568054199, 2391.94824219, 2086.21362305, 5177.69384766, 255.66595459, 6103.79443359, 219.748596191, 32.9317550659, 82.5504760742, 62.3088760376, 103.849639893, 192.748260498, 2022.52441406, 398.704437256, 276.50970459, 598.181152344, 115.440734863, 72.8060684204, 97.806892395, 201.579986572, 141.169326782, 46.278755188, 67.5738296509, 24.4631748199, 7.98862886429, 1.84079480171, 0.612306237221, 0.213022097945, 0.402322649956, 0.0485043153167, 0.0228330474347, 0.00449381768703, 0.000110151573608, 7.28210238776e-008, 6.69398225739e-009]
    },
    "gfcc": {
        "mean": [-107.231086731, 139.917190552, -74.4376068115, 50.2911834717, -36.9259185791, -0.318038254976, -27.2447872162, -3.12320494652, -19.4211616516, 3.17007040977, -7.94106578827, -3.93410396576, -3.88985443115],
        "cov": [[10014.8339844, -2820.09082031, -1597.26721191, 744.59185791, -818.954956055, 614.483154297, -302.582275391, 642.888061523, -200.512939453, 433.737487793, -245.080291748, 253.593399048, -447.145996094], [-2820.09082031, 2807.90942383, 926.20135498, -339.618682861, 586.531860352, -517.699707031, 382.817718506, -357.770446777, 293.681243896, -325.569915771, 302.948181152, -241.538208008, 415.425170898], [-1597.26721191, 926.20135498, 2779.61547852, -62.7900505066, 518.132629395, 73.3440856934, -57.0947875977, 13.4471416473, -13.9396915436, 75.3747177124, 84.7220458984, 35.7636299133, 227.602249146], [744.59185791, -339.618682861, -62.7900505066, 455.812103271, 3.92538356781, 182.008087158, 70.9028091431, 94.0922012329, 96.3952331543, 30.5198802948, 34.498336792, -8.14933109283, -19.7278614044], [-818.954956055, 586.531860352, 518.132629395, 3.92538356781, 472.824676514, 25.4444713593, 113.815353394, -54.5021324158, 79.7526473999, -38.324886322, 98.3229370117, -7.03246259689, 97.5164871216], [614.483154297, -517.699707031, 73.3440856934, 182.008087158, 25.4444713593, 326.684631348, -13.9617033005, 113.370780945, -2.86778855324, 84.7979507446, -29.1890869141, 46.1010055542, -46.4310913086], [-302.582275391, 382.817718506, -57.0947875977, 70.9028091431, 113.815353394, -13.9617033005, 276.854736328, 9.94888496399, 142.872497559, -48.7520256042, 93.979675293, -30.9827747345, 56.1994972229], [642.888061523, -357.770446777, 13.4471416473, 94.0922012329, -54.5021324158, 113.370780945, 9.94888496399, 191.917633057, 14.5243654251, 63.6272239685, -24.4219646454, 37.506893158, -45.9055976868], [-200.512939453, 293.681243896, -13.9396915436, 96.3952331543, 79.7526473999, -2.86778855324, 142.872497559, 14.5243654251, 208.436203003, -14.7203578949, 68.5136871338, -36.6292304993, 54.963432312], [433.737487793, -325.569915771, 75.3747177124, 30.5198802948, -38.324886322, 84.7979507446, -48.7520256042, 63.6272239685, -14.7203578949, 146.401351929, -0.923292279243, 54.2712745667, -32.2769470215], [-245.080291748, 302.948181152, 84.7220458984, 34.498336792, 98.3229370117, -29.1890869141, 93.979675293, -24.4219646454, 68.5136871338, -0.923292279243, 137.389129639, 6.49270343781, 71.7126083374], [253.593399048, -241.538208008, 35.7636299133, -8.14933109283, -7.03246259689, 46.1010055542, -30.9827747345, 37.506893158, -36.6292304993, 54.2712745667, 6.49270343781, 121.907478333, -9.70725250244], [-447.145996094, 415.425170898, 227.602249146, -19.7278614044, 97.5164871216, -46.4310913086, 56.1994972229, -45.9055976868, 54.963432312, -32.2769470215, 71.7126083374, -9.70725250244, 145.343887329]],
        "icov": [[0.000203981864615, -0.000229053359362, 0.000155339002958, -0.000391370791476, 0.000187018435099, -0.000169394799741, 0.000207577075344, -0.000506057345774, 0.000303638342302, -0.000461243034806, 0.000219459514483, -0.000364482286386, 0.000216286891373], [-0.000229053359362, 0.00366357108578, -0.000934342911933, 0.00226009031758, -0.00151072524022, 0.00243531679735, -0.00169216259383, 0.00200290046632, -0.00219606631435, 0.00321302609518, -0.00279336958192, 0.00391419650987, -0.00314392778091], [0.000155339002958, -0.000934342911933, 0.000872183009051, -0.00068953295704, -0.000260040105786, -0.000583983724937, 0.000822131230962, -0.00110631866846, 0.000935299438424, -0.00143863353878, 0.000935943797231, -0.000864112284034, -0.000183017837116], [-0.000391370791476, 0.00226009031758, -0.00068953295704, 0.00529202679172, -0.000616474135313, -0.0005881889374, -0.00104363879655, 0.00106658751611, -0.00295714125969, 0.00299201370217, -0.00338769354858, 0.003304006299, -0.00122480117716], [0.000187018435099, -0.00151072524022, -0.000260040105786, -0.000616474135313, 0.00445677433163, -0.00225436221808, -0.000141545111546, 0.000250845885603, 0.00026891118614, -0.00021637705504, -0.000396129849833, -0.00202903291211, 0.00155064847786], [-0.000169394799741, 0.00243531679735, -0.000583983724937, -0.0005881889374, -0.00225436221808, 0.00738125666976, -0.00132076977752, -0.000243176124059, -0.000694161048159, -3.80986457458e-005, 0.000227950513363, 0.00175762269646, -0.00208377861418], [0.000207577075344, -0.00169216259383, 0.000822131230962, -0.00104363879655, -0.000141545111546, -0.00132076977752, 0.00819097645581, -0.00275449664332, -0.00220200838521, 0.00071329344064, -0.00208424776793, -0.00141518749297, 0.00160695647355], [-0.000506057345774, 0.00200290046632, -0.00110631866846, 0.00106658751611, 0.000250845885603, -0.000243176124059, -0.00275449664332, 0.0104189002886, -0.00262527423911, 0.000560125510674, -5.56420454814e-005, 0.000573688128497, -0.000111649722385], [0.000303638342302, -0.00219606631435, 0.000935299438424, -0.00295714125969, 0.00026891118614, -0.000694161048159, -0.00220200838521, -0.00262527423911, 0.0106399208307, -0.00373342400417, 0.00117692595813, -0.000170599509147, -0.000479730981169], [-0.000461243034806, 0.00321302609518, -0.00143863353878, 0.00299201370217, -0.00021637705504, -3.80986457458e-005, 0.00071329344064, 0.000560125510674, -0.00373342400417, 0.0147381797433, -0.00594823947176, 0.000572251621634, -0.000251617195318], [0.000219459514483, -0.00279336958192, 0.000935943797231, -0.00338769354858, -0.000396129849833, 0.000227950513363, -0.00208424776793, -5.56420454814e-005, 0.00117692595813, -0.00594823947176, 0.0167960599065, -0.00520891742781, -0.00254037673585], [-0.000364482286386, 0.00391419650987, -0.000864112284034, 0.003304006299, -0.00202903291211, 0.00175762269646, -0.00141518749297, 0.000573688128497, -0.000170599509147, 0.000572251621634, -0.00520891742781, 0.0155212022364, -0.00405779853463], [0.000216286891373, -0.00314392778091, -0.000183017837116, -0.00122480117716, 0.00155064847786, -0.00208377861418, 0.00160695647355, -0.000111649722385, -0.000479730981169, -0.000251617195318, -0.00254037673585, -0.00405779853463, 0.0153972962871]]
    },
    "melbands": {
        "mean": [0.00842359103262, 0.00600260449573, 0.00243084691465, 0.000896186043974, 0.000649240799248, 0.000357053504558, 0.00029181264108, 7.50439721742e-005, 0.000142064862303, 2.6354309739e-005, 1.31816595967e-005, 1.76481080416e-005, 8.83184566192e-006, 8.09271841717e-006, 1.04289856608e-005, 9.67624055193e-006, 1.28279461933e-005, 9.03493582882e-006, 6.101962299e-006, 6.01385454502e-006, 6.19181355432e-006, 4.05372975365e-006, 3.9277911128e-006, 3.29666568177e-006, 3.07591085402e-006, 3.46520960193e-006, 3.19489208778e-006, 2.50636162491e-006, 1.66433471804e-006, 1.69272732364e-006, 1.54164433752e-006, 1.04052821825e-006, 5.74679461351e-007, 4.54273589412e-007, 2.46626882472e-007, 1.91540323158e-007, 1.84999493058e-007, 1.34469431146e-007, 1.49384916881e-007, 2.04662853776e-007],
        "var": [0.000200322203455, 0.000153233486344, 2.52282698057e-005, 6.52937160339e-006, 2.54444012171e-006, 1.10651467367e-006, 1.01591376733e-006, 2.72753890584e-008, 3.48265530192e-007, 5.02543917591e-009, 9.0162283195e-010, 1.66852442973e-009, 9.25901966209e-010, 6.08063266405e-010, 9.22435128281e-010, 1.05971476039e-009, 7.83335263321e-009, 1.00653263502e-009, 4.77891004547e-010, 8.43640268755e-010, 7.13247405582e-010, 1.37834896274e-010, 9.69685096108e-011, 5.49772449787e-011, 6.67895044826e-011, 1.31399460757e-010, 9.61766985497e-011, 5.81653926413e-011, 1.56729507844e-011, 2.5949804805e-011, 2.84165069947e-011, 1.15682385546e-011, 2.91405224603e-012, 3.54892699429e-012, 9.5585074144e-013, 2.44058923462e-013, 2.24324397491e-013, 1.12574852868e-013, 1.27726686649e-013, 3.38703023961e-013]
    },
    "mfcc": {
        "mean": [-759.386047363, 159.739624023, 29.957567215, 53.6394119263, 16.160572052, 13.5848236084, 5.69085502625, -3.42889308929, -1.21702694893, 1.35334444046, -0.0626183822751, -0.61503213644, -0.0970290601254],
        "cov": [[9665.96484375, -2522.53393555, -1910.90100098, 3.84586215019, -707.436950684, -115.824775696, -133.211303711, 150.135742188, 32.8216094971, 58.5198097229, 308.680328369, 342.663543701, -44.826839447], [-2522.53393555, 2294.97387695, 756.292541504, 163.830245972, 328.363250732, -20.1974201202, 99.7239379883, -73.2835617065, 18.9126243591, 18.7864131927, -178.212524414, -155.241119385, 117.183425903], [-1910.90100098, 756.292541504, 1847.21435547, 205.308074951, 497.29309082, 116.050666809, 122.994812012, -42.2206001282, 107.052780151, -37.2164154053, -0.291779249907, -109.039596558, 84.3501281738], [3.84586215019, 163.830245972, 205.308074951, 299.550354004, 75.7263641357, 44.4245147705, 42.6998672485, 51.7392120361, 43.6342544556, 29.7242507935, 35.2057495117, 45.4945869446, 34.5172348022], [-707.436950684, 328.363250732, 497.29309082, 75.7263641357, 398.632568359, 136.443634033, 90.9596633911, 23.2000160217, 31.0222110748, 11.5235290527, 2.88343334198, -45.8814086914, 32.6508140564], [-115.824775696, -20.1974201202, 116.050666809, 44.4245147705, 136.443634033, 205.405029297, 62.3457069397, 43.8333892822, 33.0872612, 42.4527053833, 16.866147995, 24.1079730988, 23.4938411713], [-133.211303711, 99.7239379883, 122.994812012, 42.6998672485, 90.9596633911, 62.3457069397, 152.454116821, 47.2043457031, 20.6178569794, 12.7623033524, 18.8033161163, 7.8717880249, 21.3859539032], [150.135742188, -73.2835617065, -42.2206001282, 51.7392120361, 23.2000160217, 43.8333892822, 47.2043457031, 159.509124756, 58.1977767944, 37.6384811401, 40.6187744141, 41.7166862488, 5.46412801743], [32.8216094971, 18.9126243591, 107.052780151, 43.6342544556, 31.0222110748, 33.0872612, 20.6178569794, 58.1977767944, 116.963439941, 42.659122467, 40.3764686584, 16.41771698, 16.386592865], [58.5198097229, 18.7864131927, -37.2164154053, 29.7242507935, 11.5235290527, 42.4527053833, 12.7623033524, 37.6384811401, 42.659122467, 107.93270874, 37.8958053589, 23.4774723053, 5.2149310112], [308.680328369, -178.212524414, -0.291779249907, 35.2057495117, 2.88343334198, 16.866147995, 18.8033161163, 40.6187744141, 40.3764686584, 37.8958053589, 119.493362427, 54.1911468506, 7.72870922089], [342.663543701, -155.241119385, -109.039596558, 45.4945869446, -45.8814086914, 24.1079730988, 7.8717880249, 41.7166862488, 16.41771698, 23.4774723053, 54.1911468506, 118.501335144, 24.0740509033], [-44.826839447, 117.183425903, 84.3501281738, 34.5172348022, 32.6508140564, 23.4938411713, 21.3859539032, 5.46412801743, 16.386592865, 5.2149310112, 7.72870922089, 24.0740509033, 70.9350814819]],
        "icov": [[0.000181557785254, 0.000163103715749, 0.000145125828567, -0.000155879475642, 3.52097667928e-005, 0.000102097656054, -3.38749887305e-005, 6.39940190013e-005, -0.000137032198836, 2.58399486484e-005, -0.000151602202095, -1.2244685422e-005, -0.000245739531238], [0.000163103715749, 0.000943643506616, 2.23761362577e-005, -0.000479181151604, -0.00042833504267, 0.000832943478599, -0.000407032726798, 0.000282228691503, -0.000213438383071, -0.00081685045734, 0.00118466606364, 0.000498829118442, -0.00141599483322], [0.000145125828567, 2.23761362577e-005, 0.0011773656588, -0.000572738645133, -0.000986746861599, 0.000150136896991, -0.000177442881977, 0.000744496937841, -0.00115490099415, 0.000817852444015, -0.000492965336889, 0.000596973579377, -0.000608194910455], [-0.000155879475642, -0.000479181151604, -0.000572738645133, 0.00458301557228, -0.000124820129713, -0.000188333986443, -3.44332074746e-005, -0.000970255990978, 6.87044530423e-006, -0.000334137293976, -0.000324559456203, -0.00192855426576, 6.18407793809e-005], [3.52097667928e-005, -0.00042833504267, -0.000986746861599, -0.000124820129713, 0.00564893241972, -0.0031404516194, -0.000777027162258, -0.000828991702292, 0.0010042990325, 0.000405936996685, -0.00139136065263, 0.0020868848078, -0.000116463241284], [0.000102097656054, 0.000832943478599, 0.000150136896991, -0.000188333986443, -0.0031404516194, 0.00851787161082, -0.00175210309681, -7.08673833287e-005, -0.000729569350369, -0.00292938295752, 0.00233482895419, -0.001888742554, -0.00146978336852], [-3.38749887305e-005, -0.000407032726798, -0.000177442881977, -3.44332074746e-005, -0.000777027162258, -0.00175210309681, 0.00899225100875, -0.00243863253854, 0.000899652193766, 0.000725413789041, -0.0014452271862, 0.000309924216708, -0.0009153499268], [6.39940190013e-005, 0.000282228691503, 0.000744496937841, -0.000970255990978, -0.000828991702292, -7.08673833287e-005, -0.00243863253854, 0.00988041516393, -0.00434918655083, -0.000532341422513, 3.70452326024e-005, -0.00194117194042, 0.00123881048057], [-0.000137032198836, -0.000213438383071, -0.00115490099415, 6.87044530423e-006, 0.0010042990325, -0.000729569350369, 0.000899652193766, -0.00434918655083, 0.0138344233856, -0.0034559040796, -0.00264845089987, 0.00137216609437, -0.00163980689831], [2.58399486484e-005, -0.00081685045734, 0.000817852444015, -0.000334137293976, 0.000405936996685, -0.00292938295752, 0.000725413789041, -0.000532341422513, -0.0034559040796, 0.0136742517352, -0.00393336452544, -9.04731205082e-005, 0.00141380960122], [-0.000151602202095, 0.00118466606364, -0.000492965336889, -0.000324559456203, -0.00139136065263, 0.00233482895419, -0.0014452271862, 3.70452326024e-005, -0.00264845089987, -0.00393336452544, 0.0149253169075, -0.00493672816083, -5.84968693147e-005], [-1.2244685422e-005, 0.000498829118442, 0.000596973579377, -0.00192855426576, 0.0020868848078, -0.001888742554, 0.000309924216708, -0.00194117194042, 0.00137216609437, -9.04731205082e-005, -0.00493672816083, 0.0155638139695, -0.00593667523935], [-0.000245739531238, -0.00141599483322, -0.000608194910455, 6.18407793809e-005, -0.000116463241284, -0.00146978336852, -0.0009153499268, 0.00123881048057, -0.00163980689831, 0.00141380960122, -5.84968693147e-005, -0.00593667523935, 0.0199914071709]]
    },
    "spectral_contrast_coeffs": {
        "mean": [-0.649929344654, -0.690377175808, -0.808001160622, -0.825826644897, -0.817914128304, -0.763886749744],
        "var": [0.00673298258334, 0.0104293255135, 0.00350348697975, 0.00184220937081, 0.00197610002942, 0.00298084528185]
    },
    "spectral_contrast_valleys": {
        "mean": [-6.9556684494, -7.58015537262, -8.5594997406, -8.85909366608, -8.83506679535, -11.8647356033],
        "var": [1.4085483551, 1.02335894108, 1.12405872345, 1.53234708309, 2.17041516304, 2.28482270241]
    }
},
"metadata": {
    "audio_properties": {
        "analysis_sample_rate": 44100,
        "bit_rate": 128074,
        "equal_loudness": 0,
        "length": 45.0612258911,
        "lossless": 0,
        "replay_gain": -5.22668838501,
        "sample_rate": 44100,
        "codec": "mp3",
        "downmix": "mix",
        "md5_encoded": "3a156da104a2faa86f9c4c9e82f124f1"
    },
    "tags": {
        "file_name": "1577.mp3"
    },
    "version": {
        "essentia": "2.1-beta2",
        "essentia_git_sha": "v2.1_beta2",
        "extractor": "music 1.0"
    }
},
"rhythm": {
    "beats_count": 67,
    "beats_loudness": {
        "mean": 0.125096008182,
        "var": 0.00696501648054
    },
    "bpm": 90.0084075928,
    "bpm_histogram_first_peak_bpm": {
        "mean": 91,
        "var": 0
    },
    "bpm_histogram_first_peak_spread": {
        "mean": 0.453125059605,
        "var": 0
    },
    "bpm_histogram_first_peak_weight": {
        "mean": 0.530303001404,
        "var": 0
    },
    "bpm_histogram_second_peak_bpm": {
        "mean": 81,
        "var": 0
    },
    "bpm_histogram_second_peak_spread": {
        "mean": 0,
        "var": 0
    },
    "bpm_histogram_second_peak_weight": {
        "mean": 0.0303030312061,
        "var": 0
    },
    "danceability": 1.19021427631,
    "onset_rate": 3.17202997208,
    "beats_loudness_band_ratio": {
        "mean": [0.758335351944, 0.154271140695, 0.0571350492537, 0.017508527264, 0.0242948457599, 0.0331492051482],
        "var": [0.0692279860377, 0.0238441620022, 0.0107096629217, 0.00122910458595, 0.00230253441259, 0.00608655018732]
    },
    "beats_position": [0.731428563595, 1.46285712719, 2.20589566231, 2.87927436829, 3.54104304314, 4.20281171799, 4.87619018555, 5.54956912994, 6.21133756638, 6.88471651077, 7.5464849472, 8.20825386047, 8.87002277374, 9.54340076447, 10.2051696777, 10.866938591, 11.5403175354, 12.202085495, 12.8638544083, 13.5372333527, 14.2106122971, 14.8723802567, 15.5341491699, 16.2075271606, 16.8809070587, 17.5426750183, 18.2044448853, 18.877822876, 19.5395908356, 20.2013607025, 20.8747386932, 21.548116684, 22.2098865509, 22.8832645416, 23.5450344086, 24.2068023682, 24.8685703278, 25.5419502258, 26.2153282166, 26.865486145, 27.5388660431, 28.2122440338, 28.8740139008, 29.5357818604, 30.1975498199, 30.8593196869, 31.5326976776, 32.2060775757, 32.8678436279, 33.5296134949, 34.2029914856, 34.8763694763, 35.5381393433, 36.1999092102, 36.8500671387, 37.5234451294, 38.1968231201, 38.8702049255, 39.5319709778, 40.1937408447, 40.8671188354, 41.5404968262, 42.2022666931, 42.8640365601, 43.5374145508, 44.2107925415, 44.8725624084]
},
"tonal": {
    "chords_changes_rate": 0.0534979440272,
    "chords_number_rate": 0.00823045242578,
    "chords_strength": {
        "mean": 0.502080321312,
        "var": 0.00795530155301
    },
    "hpcp_entropy": {
        "mean": 2.0761077404,
        "var": 0.612772166729
    },
    "key_strength": 0.642367184162,
    "tuning_diatonic_strength": 0.532972216606,
    "tuning_equal_tempered_deviation": 0.258347123861,
    "tuning_frequency": 434.193115234,
    "tuning_nontempered_energy_ratio": 0.951855480671,
    "hpcp": {
        "mean": [0.195113301277, 0.170167058706, 0.100611664355, 0.0813537687063, 0.0990731418133, 0.117373600602, 0.101709321141, 0.0709377974272, 0.0731355398893, 0.109141103923, 0.147720456123, 0.138211607933, 0.0880420058966, 0.0535476580262, 0.0771701708436, 0.270007431507, 0.420295596123, 0.256935745478, 0.0767698511481, 0.039742320776, 0.0448001548648, 0.0796654671431, 0.0894988104701, 0.121082931757, 0.199200972915, 0.162721291184, 0.0631275102496, 0.034651055932, 0.0430072657764, 0.054498989135, 0.0972156375647, 0.113969735801, 0.0727899596095, 0.0547108836472, 0.0765696614981, 0.137132570148],
        "var": [0.0915129557252, 0.0755189210176, 0.038053561002, 0.0300698913634, 0.0390155985951, 0.0603455230594, 0.0565975308418, 0.030236305669, 0.0323839634657, 0.0496002063155, 0.0680185556412, 0.0802462995052, 0.0438887998462, 0.0233342666179, 0.02536621131, 0.0878734216094, 0.152558863163, 0.0736543089151, 0.0271329768002, 0.0154785094783, 0.0147533258423, 0.031959053129, 0.0376808717847, 0.039024733007, 0.101105518639, 0.0681660398841, 0.0176734272391, 0.00974070746452, 0.0178165156394, 0.0233807191253, 0.0387403741479, 0.0525481291115, 0.0246521830559, 0.0220446325839, 0.0314123630524, 0.0618935227394]
    },
    "chords_histogram": [58.9506187439, 10.6995887756, 7.20164632797, 1.33744859695, 0, 8.33333301544, 0.308641970158, 2.46913576126, 0, 0.514403283596, 0.514403283596, 0, 0, 0, 0, 0, 0, 0, 2.57201647758, 0, 0, 0, 0, 7.09876537323],
    "thpcp": [1, 0.611321508884, 0.182656809688, 0.0945580229163, 0.106592014432, 0.18954628706, 0.212942540646, 0.288089931011, 0.473954468966, 0.38715916872, 0.150197893381, 0.0824444890022, 0.102326236665, 0.129668235779, 0.231303006411, 0.271165668964, 0.173187538981, 0.130172386765, 0.18218049407, 0.326276481152, 0.464228749275, 0.404874712229, 0.239383101463, 0.193563222885, 0.235722526908, 0.279264420271, 0.241994738579, 0.168780729175, 0.174009770155, 0.259677022696, 0.351467996836, 0.328843802214, 0.209476396441, 0.127404749393, 0.18360927701, 0.642422676086],
    "chords_key": "D",
    "chords_scale": "minor",
    "key_key": "D",
    "key_scale": "minor"
}
}