{
"lowlevel": {
    "average_loudness": 0.965334653854,
    "barkbands_crest": {
        "mean": 10.7511615753,
        "var": 28.5476226807
    },
    "barkbands_flatness_db": {
        "mean": 0.178117975593,
        "var": 0.0114256283268
    },
    "barkbands_kurtosis": {
        "mean": 22.6235866547,
        "var": 2062.03222656
    },
    "barkbands_skewness": {
        "mean": 2.67628884315,
        "var": 6.54753255844
    },
    "barkbands_spread": {
        "mean": 18.8285808563,
        "var": 280.165008545
    },
    "dissonance": {
        "mean": 0.463620394468,
        "var": 0.00135010888334
    },
    "dynamic_complexity": 2.5901350975,
    "erbbands_crest": {
        "mean": 8.91656303406,
        "var": 29.5520191193
    },
    "erbbands_flatness_db": {
        "mean": 0.153867632151,
        "var": 0.00281791319139
    },
    "erbbands_kurtosis": {
        "mean": 2.28435349464,
        "var": 79.1904983521
    },
    "erbbands_skewness": {
        "mean": 0.721225440502,
        "var": 1.80363512039
    },
    "erbbands_spread": {
        "mean": 40.0111923218,
        "var": 395.040740967
    },
    "hfc": {
        "mean": 20.1240196228,
        "var": 1002.38293457
    },
    "melbands_crest": {
        "mean": 15.8840026855,
        "var": 66.1989822388
    },
    "melbands_flatness_db": {
        "mean": 0.254698485136,
        "var": 0.017228057608
    },
    "melbands_kurtosis": {
        "mean": 60.9490280151,
        "var": 538407.9375
    },
    "melbands_skewness": {
        "mean": 3.84030270576,
        "var": 21.1528587341
    },
    "melbands_spread": {
        "mean": 20.2774085999,
        "var": 511.99017334
    },
    "pitch_salience": {
        "mean": 0.536268830299,
        "var": 0.035954054445
    },
    "silence_rate_20dB": {
        "mean": 1,
        "var": 0
    },
    "silence_rate_30dB": {
        "mean": 0.939752817154,
        "var": 0.0566186644137
    },
    "silence_rate_60dB": {
        "mean": 0.0545829050243,
        "var": 0.0516051612794
    },
    "spectral_centroid": {
        "mean": 1170.79821777,
        "var": 717701.125
    },
    "spectral_complexity": {
        "mean": 15.1951599121,
        "var": 157.251052856
    },
    "spectral_decrease": {
        "mean": -9.47709111188e-009,
        "var": 7.76667207173e-017
    },
    "spectral_energy": {
        "mean": 0.037594050169,
        "var": 0.00114148121793
    },
    "spectral_energyband_high": {
        "mean": 0.00114621082321,
        "var": 7.72983003117e-006
    },
    "spectral_energyband_low": {
        "mean": 0.0224017221481,
        "var": 0.0011491838377
    },
    "spectral_energyband_middle_high": {
        "mean": 0.00426461361349,
        "var": 4.53017019026e-005
    },
    "spectral_energyband_middle_low": {
        "mean": 0.0100286202505,
        "var": 0.000105915074528
    },
    "spectral_entropy": {
        "mean": 7.37701892853,
        "var": 0.551517605782
    },
    "spectral_flux": {
        "mean": 0.114305727184,
        "var": 0.00442783115432
    },
    "spectral_kurtosis": {
        "mean": 5.7470536232,
        "var": 29.0894432068
    },
    "spectral_rms": {
        "mean": 0.00546933803707,
        "var": 6.76351419315e-006
    },
    "spectral_rolloff": {
        "mean": 1132.89941406,
        "var": 2499481
    },
    "spectral_skewness": {
        "mean": 1.73153591156,
        "var": 0.513911545277
    },
    "spectral_spread": {
        "mean": 4516939,
        "var": 3.46113101005e+012
    },
    "spectral_strongpeak": {
        "mean": 0.570802986622,
        "var": 0.695451855659
    },
    "zerocrossingrate": {
        "mean": 0.0478834956884,
        "var": 0.00169577985071
    },
    "barkbands": {
        "mean": [0.00342550408095, 0.0121821472421, 0.00662330677733, 0.00301194563508, 0.00281143048778, 0.00179894571193, 0.00103790871799, 0.00040907721268, 0.000804199837148, 0.000477885623695, 0.000609783455729, 0.000732826651074, 0.000484895514091, 0.000415397138568, 0.000334756769007, 0.000397823401727, 0.000203389543458, 0.0002665820939, 0.000275527621852, 0.000279771629721, 0.000245609233389, 0.000177169247763, 0.000201126982574, 0.000190316175576, 0.000147488055518, 4.79957379866e-005, 1.24767575471e-006],
        "var": [5.66719245398e-005, 0.000573196448386, 0.000141343931318, 1.93517371372e-005, 2.19194989768e-005, 1.28346482597e-005, 7.88005309005e-006, 4.92749586556e-006, 6.1554092099e-006, 2.85550413537e-006, 4.21204731538e-006, 2.81853749584e-006, 1.05647779947e-006, 1.15313855531e-006, 4.3666733518e-007, 7.87472799857e-007, 2.08339230312e-007, 3.66152903553e-007, 4.72976466881e-007, 3.62556420441e-007, 3.19030448281e-007, 2.31308789012e-007, 2.73975615528e-007, 2.58432919509e-007, 2.02439153441e-007, 2.11776125525e-008, 1.06394424521e-011]
    },
    "erbbands": {
        "mean": [0.219615757465, 3.15079307556, 8.71539306641, 9.05973720551, 7.81601190567, 9.85137271881, 13.3333587646, 15.3947658539, 16.7923755646, 11.0373916626, 9.82323551178, 18.0190105438, 18.161939621, 18.5907306671, 25.2568187714, 27.1943969727, 24.3021087646, 19.9095420837, 18.3082008362, 21.840927124, 19.4815235138, 13.1083517075, 15.3808946609, 11.9789600372, 15.4451179504, 11.8029031754, 11.9344644547, 7.94684362411, 6.48248004913, 5.82354068756, 5.69561576843, 4.5497803688, 2.88563966751, 1.97224795818, 0.831951916218, 0.296755433083, 0.0745937526226, 0.00821752101183, 0.000218828892685, 5.28844793735e-005],
        "var": [0.156677857041, 43.2167282104, 270.632232666, 153.679672241, 175.892929077, 346.538696289, 726.860839844, 1071.60339355, 1579.97412109, 1873.71618652, 2384.78417969, 3135.56738281, 3707.12915039, 2759.67993164, 4901.37792969, 4252.34619141, 2368.34228516, 3449.47900391, 1230.50109863, 1994.21191406, 2053.60522461, 754.995605469, 1272.84143066, 785.548828125, 1340.57849121, 584.82220459, 680.245361328, 426.332366943, 295.324157715, 273.191040039, 207.999237061, 143.10723877, 70.2989730835, 35.0426902771, 6.71424198151, 0.820844829082, 0.0540638491511, 0.000529149896465, 2.93927712391e-007, 2.66148547645e-009]
    },
    "gfcc": {
        "mean": [-30.7804794312, 103.727920532, -101.700180054, 42.1608200073, -48.2735824585, 19.0283374786, -30.5006198883, 5.56344461441, -22.7551078796, 3.9992582798, -13.1213340759, -1.61900055408, -6.09174871445],
        "cov": [[9201.08105469, -1853.53186035, -885.952026367, -430.135162354, -819.354919434, 376.550140381, -947.997192383, 247.079666138, -520.734863281, 102.076896667, -263.397735596, 335.574676514, -226.652908325], [-1853.53186035, 2214.85058594, 442.866394043, -28.3637084961, 445.683563232, -259.785949707, 388.766174316, -307.566680908, 210.933181763, -291.325256348, 14.5845804214, -326.762054443, 111.89466095], [-885.952026367, 442.866394043, 993.1171875, 284.541381836, 266.311584473, 54.9993095398, 119.735748291, 47.6304626465, 134.416854858, -118.908699036, -85.6798629761, -132.443466187, -0.0784012153745], [-430.135162354, -28.3637084961, 284.541381836, 429.764251709, 160.368606567, 105.121162415, 128.732315063, 4.94882202148, 31.156665802, -42.5647239685, -3.27954053879, -76.767868042, -16.7592983246], [-819.354919434, 445.683563232, 266.311584473, 160.368606567, 337.387634277, 18.3622913361, 180.050369263, -58.4050598145, 76.5987930298, -77.8500747681, 17.3037834167, -90.9839630127, 4.06377840042], [376.550140381, -259.785949707, 54.9993095398, 105.121162415, 18.3622913361, 222.438308716, 14.5877218246, 59.9343528748, -49.6186180115, 1.41365671158, -28.1726303101, -44.6677780151, -43.0143890381], [-947.997192383, 388.766174316, 119.735748291, 128.732315063, 180.050369263, 14.5877218246, 304.350830078, -36.297039032, 79.9683456421, -65.7767486572, 51.0919418335, -121.421356201, 12.9771766663], [247.079666138, -307.566680908, 47.6304626465, 4.94882202148, -58.4050598145, 59.9343528748, -36.297039032, 139.027557373, 7.51211929321, 34.5768280029, -31.9829101563, 39.746307373, -20.8825321198], [-520.734863281, 210.933181763, 134.416854858, 31.156665802, 76.5987930298, -49.6186180115, 79.9683456421, 7.51211929321, 142.304458618, -14.0207223892, 21.4617176056, -19.94490242, 15.7677612305], [102.076896667, -291.325256348, -118.908699036, -42.5647239685, -77.8500747681, 1.41365671158, -65.7767486572, 34.5768280029, -14.0207223892, 135.200195313, 43.4696960449, 60.9485969543, -7.00469017029], [-263.397735596, 14.5845804214, -85.6798629761, -3.27954053879, 17.3037834167, -28.1726303101, 51.0919418335, -31.9829101563, 21.4617176056, 43.4696960449, 128.03692627, 27.1469917297, 9.3666009903], [335.574676514, -326.762054443, -132.443466187, -76.767868042, -90.9839630127, -44.6677780151, -121.421356201, 39.746307373, -19.94490242, 60.9485969543, 27.1469917297, 164.596481323, 14.0775671005], [-226.652908325, 111.89466095, -0.0784012153745, -16.7592983246, 4.06377840042, -43.0143890381, 12.9771766663, -20.8825321198, 15.7677612305, -7.00469017029, 9.3666009903, 14.0775671005, 73.3109817505]],
        "icov": [[0.000233723883866, -8.03642469691e-005, 0.000135437716381, -7.22259164831e-006, 0.000239607252297, -0.000436723610619, 0.000534275313839, -0.000156754860654, 0.00021514792752, 0.000340937927831, 6.39631543891e-005, -0.000234435079619, 0.000458145426819], [-8.03642469691e-005, 0.00228087394498, -0.000492185296025, 0.00132165069226, -0.00134984101169, 0.00186397891957, -0.000439228955656, 0.00213680090383, -0.00109595712274, 0.00188697397243, -0.000432642555097, 0.00321890925989, -0.00172006280627], [0.000135437716381, -0.000492185296025, 0.00212304573506, -0.00110476010013, -0.000801241083536, -0.00032256252598, 0.00139286008198, -0.00195687985979, -0.000861155742314, 0.000589639297687, 0.000556399696507, 0.00049095711438, 4.7041070502e-005], [-7.22259164831e-006, 0.00132165069226, -0.00110476010013, 0.00444559752941, -0.00133465020917, -0.00054289289983, -0.00124263274483, 0.00179237907287, -0.000411045883084, 0.000873426732142, -0.000248043244937, 0.00130618177354, -0.000585759291425], [0.000239607252297, -0.00134984101169, -0.000801241083536, -0.00133465020917, 0.00731498841196, -0.0024879751727, -0.00196363357827, 0.00200151326135, -0.000679527816828, -5.16219661222e-005, 0.000497210596222, -0.00333806220442, 0.0022662167903], [-0.000436723610619, 0.00186397891957, -0.00032256252598, -0.00054289289983, -0.0024879751727, 0.0104312188923, -0.000752061430831, -0.00304689141922, 0.00273473467678, 0.000678484502714, -0.00110791565385, 0.00600573513657, -0.000331173388986], [0.000534275313839, -0.000439228955656, 0.00139286008198, -0.00124263274483, -0.00196363357827, -0.000752061430831, 0.0102221416309, -0.00365476170555, -0.00131894217338, 0.00326738297008, -0.00476700719446, 0.00521059520543, -0.000938972749282], [-0.000156754860654, 0.00213680090383, -0.00195687985979, 0.00179237907287, 0.00200151326135, -0.00304689141922, -0.00365476170555, 0.017092557624, -0.00485112983733, -0.00187034835108, 0.00507311383262, -0.00355373718776, 0.00117759895511], [0.00021514792752, -0.00109595712274, -0.000861155742314, -0.000411045883084, -0.000679527816828, 0.00273473467678, -0.00131894217338, -0.00485112983733, 0.0126670952886, -0.00102868268732, -0.00164177722763, -0.000770660000853, 0.000271930941381], [0.000340937927831, 0.00188697397243, 0.000589639297687, 0.000873426732142, -5.16219661222e-005, 0.000678484502714, 0.00326738297008, -0.00187034835108, -0.00102868268732, 0.0147656658664, -0.00602926407009, 0.0023860312067, -0.000391687644878], [6.39631543891e-005, -0.000432642555097, 0.000556399696507, -0.000248043244937, 0.000497210596222, -0.00110791565385, -0.00476700719446, 0.00507311383262, -0.00164177722763, -0.00602926407009, 0.0146904941648, -0.00593832042068, 0.00145367649384], [-0.000234435079619, 0.00321890925989, 0.00049095711438, 0.00130618177354, -0.00333806220442, 0.00600573513657, 0.00521059520543, -0.00355373718776, -0.000770660000853, 0.0023860312067, -0.00593832042068, 0.0189546551555, -0.00605182442814], [0.000458145426819, -0.00172006280627, 4.7041070502e-005, -0.000585759291425, 0.0022662167903, -0.000331173388986, -0.000938972749282, 0.00117759895511, 0.000271930941381, -0.000391687644878, 0.00145367649384, -0.00605182442814, 0.0186106096953]]
    },
    "melbands": {
        "mean": [0.00288366386667, 0.00466666743159, 0.0015560091706, 0.000590332318097, 0.000480139628053, 0.00034703372512, 0.000248141499469, 0.000111651323095, 7.90947742644e-005, 0.000120640594105, 8.94528711797e-005, 7.26153375581e-005, 8.59576830408e-005, 6.85022241669e-005, 8.04170631454e-005, 4.53374086646e-005, 3.42381827068e-005, 3.07149784931e-005, 2.5992960218e-005, 2.75637376035e-005, 2.25637249969e-005, 1.23107001855e-005, 1.57641006808e-005, 1.06920851977e-005, 9.21752234717e-006, 1.25355954879e-005, 9.99693929771e-006, 7.33666956876e-006, 8.01383248472e-006, 5.60742773814e-006, 4.19594425694e-006, 3.73438365386e-006, 3.21928609992e-006, 3.2794271192e-006, 3.27346310769e-006, 3.32631725541e-006, 2.52840777648e-006, 2.05249671126e-006, 1.76628589088e-006, 1.63282743415e-006],
        "var": [2.31345984503e-005, 7.99027766334e-005, 4.13997850046e-006, 1.11180099793e-006, 8.12875100564e-007, 5.06761864472e-007, 3.52624027755e-007, 2.26919368629e-007, 1.73477033627e-007, 1.26646540366e-007, 9.5316543991e-008, 4.38559304428e-008, 8.21054584321e-008, 2.0392679545e-008, 5.97827991555e-008, 9.48829192993e-009, 1.20866818776e-008, 3.95608346082e-009, 2.34895347617e-009, 3.46880257851e-009, 3.45249429046e-009, 7.17967074682e-010, 1.4897114653e-009, 5.4460497223e-010, 5.23933674224e-010, 1.0006117046e-009, 6.73175792887e-010, 2.6686700072e-010, 3.07588399195e-010, 1.77516848443e-010, 1.308136377e-010, 9.52299350487e-011, 8.49172121509e-011, 8.87261167315e-011, 7.1128047896e-011, 7.6963470319e-011, 4.48847278789e-011, 3.77245491789e-011, 2.44853460424e-011, 2.61132677981e-011]
    },
    "mfcc": {
        "mean": [-676.777587891, 130.332977295, 11.3731546402, 30.3201313019, 8.80875205994, 15.303144455, 7.99474191666, 3.48970556259, 2.16288805008, 4.9795255661, -4.12860393524, 1.5358953476, 1.47717058659],
        "cov": [[9203.71679688, -1832.2532959, -639.825866699, -1013.79968262, -208.015060425, -378.785675049, -368.933319092, -134.451293945, -375.878082275, -283.823852539, -278.491973877, -52.8167457581, 1.32375192642], [-1832.2532959, 2055.44067383, 135.016296387, 279.105072021, 52.0185623169, 138.182373047, 28.6953468323, 25.1493415833, 92.2114181519, 52.7859344482, -23.7005405426, -90.8012924194, -113.499794006], [-639.825866699, 135.016296387, 672.069458008, 224.779220581, 203.862869263, 70.6326828003, 47.3125534058, 100.939254761, 152.241744995, 41.1719436646, 35.7869110107, -5.36690378189, -47.2650108337], [-1013.79968262, 279.105072021, 224.779220581, 399.883514404, 117.390693665, 132.854721069, 86.1207046509, 81.5797958374, 81.7900238037, 37.8253364563, 32.2785682678, 11.052947998, -17.6034412384], [-208.015060425, 52.0185623169, 203.862869263, 117.390693665, 217.731933594, 76.0128250122, 23.4200267792, 57.2509498596, 55.2719612122, -0.082802221179, 2.02387928963, 20.7642745972, -6.13843822479], [-378.785675049, 138.182373047, 70.6326828003, 132.854721069, 76.0128250122, 185.655090332, 115.022293091, 38.4505195618, 27.9288711548, 53.5705223083, 25.0092220306, -4.18305444717, -21.2670040131], [-368.933319092, 28.6953468323, 47.3125534058, 86.1207046509, 23.4200267792, 115.022293091, 192.119140625, 47.8962440491, 21.6024131775, 58.9877853394, 29.6209697723, -2.20633602142, -0.984424293041], [-134.451293945, 25.1493415833, 100.939254761, 81.5797958374, 57.2509498596, 38.4505195618, 47.8962440491, 140.004318237, 62.3034629822, 20.5578403473, 12.3406906128, 9.64508247375, -9.88457202911], [-375.878082275, 92.2114181519, 152.241744995, 81.7900238037, 55.2719612122, 27.9288711548, 21.6024131775, 62.3034629822, 130.930603027, 31.4192695618, 30.2555027008, -17.1889324188, -35.3799819946], [-283.823852539, 52.7859344482, 41.1719436646, 37.8253364563, -0.082802221179, 53.5705223083, 58.9877853394, 20.5578403473, 31.4192695618, 116.136070251, 44.638092041, -5.95665359497, -13.1601419449], [-278.491973877, -23.7005405426, 35.7869110107, 32.2785682678, 2.02387928963, 25.0092220306, 29.6209697723, 12.3406906128, 30.2555027008, 44.638092041, 88.273223877, 18.6760196686, -0.25345402956], [-52.8167457581, -90.8012924194, -5.36690378189, 11.052947998, 20.7642745972, -4.18305444717, -2.20633602142, 9.64508247375, -17.1889324188, -5.95665359497, 18.6760196686, 87.7572402954, 51.8024673462], [1.32375192642, -113.499794006, -47.2650108337, -17.6034412384, -6.13843822479, -21.2670040131, -0.984424293041, -9.88457202911, -35.3799819946, -13.1601419449, -0.25345402956, 51.8024673462, 94.1248016357]],
        "icov": [[0.000209991572774, 0.000149869039888, 9.31072554522e-006, 0.000380320649128, -6.32778610452e-005, -0.00011541157437, 0.000227632903261, -0.000278012070339, 0.000383372127544, 0.000106418294308, 0.000347786670318, 0.0001151593533, 0.000293090764899], [0.000149869039888, 0.000713139015716, 5.11800171807e-005, -0.00015222694492, 7.78922694735e-005, -0.000402623059927, 0.000418198324041, -4.03324920626e-005, 4.88737496198e-005, -0.000126173050376, 0.000652074289974, 0.00034713227069, 0.000580742489547], [9.31072554522e-006, 5.11800171807e-005, 0.00274789030664, -0.000811089470517, -0.00202884711325, 0.00100763991941, -0.000311201030854, 8.77932779986e-006, -0.00168890750501, -0.000430670217611, -0.000147339436808, 0.00016833038535, 0.000594691024162], [0.000380320649128, -0.00015222694492, -0.000811089470517, 0.00509858736768, -0.000355756870704, -0.00241903844289, 0.000222271803068, -0.00132244452834, -7.42588890716e-005, 0.000798536813818, 0.000154687673785, -0.000499927438796, 1.03174843389e-005], [-6.32778610452e-005, 7.78922694735e-005, -0.00202884711325, -0.000355756870704, 0.00863491464406, -0.00396801158786, 0.00152029690798, -0.000971601926722, -0.00138029886875, 0.00149186421186, 0.00154768186621, -0.00238391174935, -0.00040412961971], [-0.00011541157437, -0.000402623059927, 0.00100763991941, -0.00241903844289, -0.00396801158786, 0.012868726626, -0.0059950677678, 0.000825054594316, 0.00124020525254, -0.00244964053854, -0.000851194490679, 7.93057915871e-005, 0.00232021929696], [0.000227632903261, 0.000418198324041, -0.000311201030854, 0.000222271803068, 0.00152029690798, -0.0059950677678, 0.0100920954719, -0.00258671119809, 0.00100239377934, -0.00178488600068, -0.000271948752925, 0.00160657148808, -0.00179281714372], [-0.000278012070339, -4.03324920626e-005, 8.77932779986e-006, -0.00132244452834, -0.000971601926722, 0.000825054594316, -0.00258671119809, 0.0110734626651, -0.00493321707472, -0.000454001565231, 0.00116878806148, -0.00258284364827, 0.000478089292301], [0.000383372127544, 4.88737496198e-005, -0.00168890750501, -7.42588890716e-005, -0.00138029886875, 0.00124020525254, 0.00100239377934, -0.00493321707472, 0.0154292909428, -0.00103681301698, -0.0034655937925, 0.00320222997107, 0.00275713182054], [0.000106418294308, -0.000126173050376, -0.000430670217611, 0.000798536813818, 0.00149186421186, -0.00244964053854, -0.00178488600068, -0.000454001565231, -0.00103681301698, 0.0132257733494, -0.00504336180165, 0.00102936034091, 0.000136258895509], [0.000347786670318, 0.000652074289974, -0.000147339436808, 0.000154687673785, 0.00154768186621, -0.000851194490679, -0.000271948752925, 0.00116878806148, -0.0034655937925, -0.00504336180165, 0.0176593679935, -0.00556964753196, 0.00186991656665], [0.0001151593533, 0.00034713227069, 0.00016833038535, -0.000499927438796, -0.00238391174935, 7.93057915871e-005, 0.00160657148808, -0.00258284364827, 0.00320222997107, 0.00102936034091, -0.00556964753196, 0.0205520410091, -0.00996240787208], [0.000293090764899, 0.000580742489547, 0.000594691024162, 1.03174843389e-005, -0.00040412961971, 0.00232021929696, -0.00179281714372, 0.000478089292301, 0.00275713182054, 0.000136258895509, 0.00186991656665, -0.00996240787208, 0.0186936035752]]
    },
    "spectral_contrast_coeffs": {
        "mean": [-0.657255470753, -0.752866089344, -0.77816516161, -0.788627684116, -0.801570355892, -0.766745507717],
        "var": [0.00845998711884, 0.00839666463435, 0.00425156624988, 0.00371391465887, 0.0022538327612, 0.00142306345515]
    },
    "spectral_contrast_valleys": {
        "mean": [-7.05105257034, -6.99159765244, -7.58918809891, -7.96333456039, -7.95767402649, -10.5782089233],
        "var": [0.930629074574, 0.993587017059, 1.15951442719, 1.25865244865, 1.27815210819, 2.18652296066]
    }
},
"metadata": {
    "audio_properties": {
        "analysis_sample_rate": 44100,
        "bit_rate": 128074,
        "equal_loudness": 0,
        "length": 45.0612258911,
        "lossless": 0,
        "replay_gain": -5.78487586975,
        "sample_rate": 44100,
        "codec": "mp3",
        "downmix": "mix",
        "md5_encoded": "9cd4af2a828a7660f3e6dd49f9be7796"
    },
    "tags": {
        "file_name": "1578.mp3"
    },
    "version": {
        "essentia": "2.1-beta2",
        "essentia_git_sha": "v2.1_beta2",
        "extractor": "music 1.0"
    }
},
"rhythm": {
    "beats_count": 72,
    "beats_loudness": {
        "mean": 0.0537409484386,
        "var": 0.000818596337922
    },
    "bpm": 97.0435638428,
    "bpm_histogram_first_peak_bpm": {
        "mean": 98,
        "var": 0
    },
    "bpm_histogram_first_peak_spread": {
        "mean": 0.411764651537,
        "var": 0
    },
    "bpm_histogram_first_peak_weight": {
        "mean": 0.563380300999,
        "var": 0
    },
    "bpm_histogram_second_peak_bpm": {
        "mean": 92,
        "var": 0
    },
    "bpm_histogram_second_peak_spread": {
        "mean": 0,
        "var": 0
    },
    "bpm_histogram_second_peak_weight": {
        "mean": 0.0422535203397,
        "var": 0
    },
    "danceability": 1.59875762463,
    "onset_rate": 5.70078086853,
    "beats_loudness_band_ratio": {
        "mean": [0.454829007387, 0.0912646055222, 0.0671893507242, 0.121726989746, 0.119317755103, 0.16377478838],
        "var": [0.13859410584, 0.00780898146331, 0.00349663943052, 0.0110763078555, 0.0098396120593, 0.0219557881355]
    },
    "beats_position": [0.638548731804, 1.27709746361, 1.92725622654, 2.54258489609, 3.16952371597, 3.78485250473, 4.38857126236, 5.02712011337, 5.66566896439, 6.28099775314, 6.87310647964, 7.4884352684, 8.12698364258, 8.74231243134, 9.35764122009, 9.98458003998, 10.6347389221, 11.2500677109, 11.8421764374, 12.4807252884, 13.0960540771, 13.7113828659, 14.3267116547, 14.9536504745, 15.5573692322, 16.1726989746, 16.7648067474, 17.3685264587, 17.995464325, 18.6340141296, 19.272562027, 19.8878898621, 20.5032196045, 21.1185474396, 21.733877182, 22.3608150482, 22.9761447906, 23.5914726257, 24.195192337, 24.8337402344, 25.4490699768, 26.0643978119, 26.6797275543, 27.2950553894, 27.9103851318, 28.537322998, 29.1642627716, 29.7795906067, 30.4181404114, 31.0450782776, 31.6371879578, 32.2409057617, 32.8562355042, 33.4831733704, 34.0868911743, 34.725440979, 35.3639907837, 35.9677085876, 36.5714263916, 37.186756134, 37.8253059387, 38.4290237427, 39.0327415466, 39.6712913513, 40.3330612183, 40.9367790222, 41.5404968262, 42.1558265686, 42.771156311, 43.4097061157, 44.0250320435, 44.6635818481]
},
"tonal": {
    "chords_changes_rate": 0.0709876567125,
    "chords_number_rate": 0.00720164598897,
    "chords_strength": {
        "mean": 0.426764786243,
        "var": 0.00577445561066
    },
    "hpcp_entropy": {
        "mean": 2.44964957237,
        "var": 0.618653416634
    },
    "key_strength": 0.532854139805,
    "tuning_diatonic_strength": 0.441644400358,
    "tuning_equal_tempered_deviation": 0.268467247486,
    "tuning_frequency": 434.193115234,
    "tuning_nontempered_energy_ratio": 0.939616143703,
    "hpcp": {
        "mean": [0.0870121568441, 0.0719021037221, 0.0651381611824, 0.086346462369, 0.122430704534, 0.119178593159, 0.165088027716, 0.224685385823, 0.171035736799, 0.10986212641, 0.102332733572, 0.0981660112739, 0.110450364649, 0.136127442122, 0.107845254242, 0.0733918100595, 0.0773967504501, 0.147850841284, 0.387777417898, 0.432771921158, 0.191705808043, 0.0711295008659, 0.0615839995444, 0.114689908922, 0.1926227808, 0.166954025626, 0.0981499925256, 0.113196440041, 0.162261396646, 0.176581516862, 0.173002079129, 0.141459360719, 0.107834145427, 0.118051938713, 0.144150823355, 0.125472709537],
        "var": [0.0281399358064, 0.0213796813041, 0.0161070581526, 0.0179982353002, 0.023778712377, 0.024824950844, 0.0623162388802, 0.123596608639, 0.0719847977161, 0.0475833043456, 0.0374054722488, 0.0384522005916, 0.0246518105268, 0.0338040143251, 0.0265273693949, 0.0200990047306, 0.026074660942, 0.0415750704706, 0.151473894715, 0.181791976094, 0.0493640713394, 0.0240708719939, 0.0208542384207, 0.0359833650291, 0.0823865905404, 0.0496289953589, 0.0296044945717, 0.0293411482126, 0.0537352114916, 0.0632671043277, 0.0801908671856, 0.0574379749596, 0.0510190017521, 0.0346878692508, 0.043572191149, 0.0385478176177]
    },
    "chords_histogram": [13.7860078812, 32.2016448975, 7.92181062698, 1.13168728352, 0.308641970158, 22.3251037598, 3.29218101501, 18.3127574921, 0.720164597034, 0, 0, 0, 0, 0, 0, 0, 0, 0, 0, 0, 0, 0, 0, 0],
    "thpcp": [1, 0.442971915007, 0.164357945323, 0.142301276326, 0.265012353659, 0.445090740919, 0.385778307915, 0.226793810725, 0.26156142354, 0.374935120344, 0.408024430275, 0.39975348115, 0.326868146658, 0.249170839787, 0.272780954838, 0.333087295294, 0.289928019047, 0.201057761908, 0.16614317894, 0.150513827801, 0.199519559741, 0.282898902893, 0.275384306908, 0.381466597319, 0.519177377224, 0.395209878683, 0.253856867552, 0.236458808184, 0.22683082521, 0.255216091871, 0.314547777176, 0.249196514487, 0.169585421681, 0.178839579225, 0.341636866331, 0.896031856537],
    "chords_key": "B",
    "chords_scale": "major",
    "key_key": "G#",
    "key_scale": "minor"
}
}