{
"lowlevel": {
    "average_loudness": 0.984314799309,
    "barkbands_crest": {
        "mean": 12.576748848,
        "var": 19.2351932526
    },
    "barkbands_flatness_db": {
        "mean": 0.22183445096,
        "var": 0.00753734773025
    },
    "barkbands_kurtosis": {
        "mean": 10.4255723953,
        "var": 157.423324585
    },
    "barkbands_skewness": {
        "mean": 2.15295505524,
        "var": 1.63578665257
    },
    "barkbands_spread": {
        "mean": 10.0004358292,
        "var": 120.183547974
    },
    "dissonance": {
        "mean": 0.405019342899,
        "var": 0.00376865034923
    },
    "dynamic_complexity": 2.13730955124,
    "erbbands_crest": {
        "mean": 10.7424430847,
        "var": 15.7003412247
    },
    "erbbands_flatness_db": {
        "mean": 0.204043596983,
        "var": 0.00576767791063
    },
    "erbbands_kurtosis": {
        "mean": 3.96531271935,
        "var": 27.8755531311
    },
    "erbbands_skewness": {
        "mean": 1.28214585781,
        "var": 0.865054666996
    },
    "erbbands_spread": {
        "mean": 25.9187278748,
        "var": 529.538452148
    },
    "hfc": {
        "mean": 13.4380216599,
        "var": 140.940704346
    },
    "melbands_crest": {
        "mean": 15.9994239807,
        "var": 32.6280632019
    },
    "melbands_flatness_db": {
        "mean": 0.312571942806,
        "var": 0.0108965011314
    },
    "melbands_kurtosis": {
        "mean": 16.5837650299,
        "var": 297.083404541
    },
    "melbands_skewness": {
        "mean": 2.57550597191,
        "var": 2.25553894043
    },
    "melbands_spread": {
        "mean": 8.59707832336,
        "var": 56.2755622864
    },
    "pitch_salience": {
        "mean": 0.559380829334,
        "var": 0.0167780444026
    },
    "silence_rate_20dB": {
        "mean": 1,
        "var": 0
    },
    "silence_rate_30dB": {
        "mean": 0.894438743591,
        "var": 0.0944175496697
    },
    "silence_rate_60dB": {
        "mean": 0.00205973233096,
        "var": 0.00205553835258
    },
    "spectral_centroid": {
        "mean": 584.288818359,
        "var": 209231.203125
    },
    "spectral_complexity": {
        "mean": 11.5025749207,
        "var": 36.2191848755
    },
    "spectral_decrease": {
        "mean": -1.01091099936e-008,
        "var": 1.43757373017e-016
    },
    "spectral_energy": {
        "mean": 0.039372947067,
        "var": 0.0021099310834
    },
    "spectral_energyband_high": {
        "mean": 0.000406866020057,
        "var": 5.53896370548e-007
    },
    "spectral_energyband_low": {
        "mean": 0.0197834465653,
        "var": 0.00164099270478
    },
    "spectral_energyband_middle_high": {
        "mean": 0.00211776955985,
        "var": 1.30261996674e-005
    },
    "spectral_energyband_middle_low": {
        "mean": 0.0186897199601,
        "var": 0.000157058733748
    },
    "spectral_entropy": {
        "mean": 6.76122093201,
        "var": 0.75698184967
    },
    "spectral_flux": {
        "mean": 0.0999072194099,
        "var": 0.00771055184305
    },
    "spectral_kurtosis": {
        "mean": 19.3688774109,
        "var": 602.961791992
    },
    "spectral_rms": {
        "mean": 0.00555972522125,
        "var": 7.50206845623e-006
    },
    "spectral_rolloff": {
        "mean": 629.497741699,
        "var": 680955.4375
    },
    "spectral_skewness": {
        "mean": 3.18130350113,
        "var": 3.42051792145
    },
    "spectral_spread": {
        "mean": 4339688,
        "var": 7.20892592128e+012
    },
    "spectral_strongpeak": {
        "mean": 0.824514269829,
        "var": 0.262584120035
    },
    "zerocrossingrate": {
        "mean": 0.0343227535486,
        "var": 0.000922710867599
    },
    "barkbands": {
        "mean": [0.000512471597176, 0.0147900916636, 0.00295228580944, 0.00213881325908, 0.00563507759944, 0.00615811115131, 0.00303574977443, 0.000465703429654, 0.00104010815267, 0.0007393239066, 0.000436441012425, 0.000248837488471, 0.000214115498238, 0.000128221319756, 0.000154587396537, 0.000121051089081, 6.54421091895e-005, 5.03622468386e-005, 5.29469580215e-005, 5.44102076674e-005, 6.48779241601e-005, 7.3988805525e-005, 6.00787316216e-005, 7.0474401582e-005, 7.70121041569e-005, 3.12026240863e-005, 1.18127445603e-006],
        "var": [1.13452369987e-006, 0.00115164066665, 0.000111344568722, 1.85671651707e-005, 3.36693810823e-005, 2.41358120547e-005, 1.55780489877e-005, 3.89945228108e-007, 2.02510204872e-006, 1.17390948162e-006, 8.22968161174e-007, 4.34357161794e-007, 2.74425417501e-007, 1.22134380831e-007, 1.23147032127e-007, 1.25968455222e-007, 2.70840541106e-008, 8.2743287777e-009, 8.86572415482e-009, 1.08567048684e-008, 1.59523807497e-008, 2.67806843368e-008, 1.01011785603e-008, 1.66253784073e-008, 2.6013381671e-008, 3.04118774608e-009, 1.99552353808e-011]
    },
    "erbbands": {
        "mean": [0.526216983795, 2.89522695541, 3.64272379875, 6.64525651932, 9.71252822876, 20.0877494812, 38.8532676697, 52.0370178223, 51.8285064697, 17.6735782623, 15.3628921509, 27.7845954895, 18.5172576904, 24.7691001892, 16.5462627411, 10.8160257339, 10.2335166931, 6.89151763916, 7.41659927368, 8.05822181702, 6.01897954941, 3.85835886002, 3.10498952866, 2.62537288666, 2.70626735687, 2.37567543983, 2.39869880676, 2.86735463142, 2.63787555695, 2.1032307148, 1.70297253132, 1.40325319767, 1.22132956982, 1.03778779507, 0.438765883446, 0.175137504935, 0.0523633882403, 0.00734195765108, 0.000199883666937, 5.05006282765e-005],
        "var": [1.33574867249, 53.346572876, 160.535369873, 193.844726563, 205.227371216, 479.069946289, 1258.31274414, 2176.42919922, 3741.00805664, 554.920166016, 329.404632568, 1267.38696289, 814.583618164, 1714.26342773, 1122.55078125, 727.995361328, 649.954711914, 299.63470459, 299.023132324, 453.328094482, 271.155548096, 103.401893616, 32.6446266174, 21.6876831055, 23.9570274353, 19.3376121521, 21.9791107178, 33.6867141724, 32.2853813171, 15.7502393723, 8.79437160492, 6.1425075531, 5.40377187729, 5.22452497482, 0.760032594204, 0.102849684656, 0.00893375370651, 0.00020347435202, 2.24351779821e-007, 2.85325474358e-009]
    },
    "gfcc": {
        "mean": [-45.1237335205, 129.847640991, -71.3022155762, 6.15789413452, -71.4534225464, 6.77181386948, -45.4215965271, 5.40396404266, -23.5246105194, 2.18805813789, -13.0078859329, 4.60054016113, -0.896872222424],
        "cov": [[7145.68408203, -3069.66894531, -796.42388916, 1175.12475586, -19.192855835, 677.276550293, -196.979141235, 358.375457764, -313.16998291, 415.936279297, -279.562988281, 315.66317749, -347.162658691], [-3069.66894531, 2699.38256836, 252.827377319, -836.527648926, 447.203491211, -280.363372803, 334.531402588, -181.552001953, 314.541137695, -291.556213379, 312.326721191, -170.764678955, 262.052185059], [-796.42388916, 252.827377319, 544.44152832, 18.1636314392, -159.447937012, -61.5661201477, 83.2336044312, -33.8757972717, 32.0194854736, -45.1602706909, -7.14504528046, -55.6222686768, 30.4438991547], [1175.12475586, -836.527648926, 18.1636314392, 621.128173828, 21.3103256226, 125.912902832, 11.2703733444, 153.549240112, -25.0795211792, 142.387313843, -40.6065101624, 75.4865341187, -30.7845191956], [-19.192855835, 447.203491211, -159.447937012, 21.3103256226, 459.683074951, 88.454574585, 98.3997573853, 58.3007202148, 124.914802551, -14.3360414505, 111.352287292, 26.9051933289, 65.5780410767], [677.276550293, -280.363372803, -61.5661201477, 125.912902832, 88.454574585, 184.616119385, 56.0046882629, 73.5678863525, -7.61575126648, 54.752948761, 6.97206163406, 64.5975799561, -21.7554512024], [-196.979141235, 334.531402588, 83.2336044312, 11.2703733444, 98.3997573853, 56.0046882629, 260.829406738, 32.5090827942, 91.3765640259, 2.8745765686, 90.6958312988, 20.2274494171, 56.5487174988], [358.375457764, -181.552001953, -33.8757972717, 153.549240112, 58.3007202148, 73.5678863525, 32.5090827942, 158.15725708, 55.5487518311, 69.9050369263, 33.7054214478, 57.6713142395, 15.5327892303], [-313.16998291, 314.541137695, 32.0194854736, -25.0795211792, 124.914802551, -7.61575126648, 91.3765640259, 55.5487518311, 138.132461548, 24.3382072449, 83.1570281982, 11.754863739, 53.4202575684], [415.936279297, -291.556213379, -45.1602706909, 142.387313843, -14.3360414505, 54.752948761, 2.8745765686, 69.9050369263, 24.3382072449, 111.433059692, 33.3680763245, 53.3052558899, -6.07081460953], [-279.562988281, 312.326721191, -7.14504528046, -40.6065101624, 111.352287292, 6.97206163406, 90.6958312988, 33.7054214478, 83.1570281982, 33.3680763245, 140.366516113, 52.4049530029, 68.5799865723], [315.66317749, -170.764678955, -55.6222686768, 75.4865341187, 26.9051933289, 64.5975799561, 20.2274494171, 57.6713142395, 11.754863739, 53.3052558899, 52.4049530029, 95.8465194702, 25.6576862335], [-347.162658691, 262.052185059, 30.4438991547, -30.7845191956, 65.5780410767, -21.7554512024, 56.5487174988, 15.5327892303, 53.4202575684, -6.07081460953, 68.5799865723, 25.6576862335, 91.4272003174]],
        "icov": [[0.000517004402354, -0.000371529429685, 0.00058795401128, -0.000714265974239, 0.00019626726862, -0.000948546803556, 2.95285099128e-005, -8.6178915808e-006, 0.00044688602793, -0.00102779013105, 0.00153398804832, -0.00150796526577, 0.00115164509043], [-0.000371529429685, 0.00709022767842, -0.00185289140791, 0.00484715448692, -0.00330779654905, 0.00307658989914, -0.00240724626929, 0.000136225498863, -0.00365485576913, 0.00970440730453, -0.0130224898458, 0.0119461007416, -0.00571790710092], [0.00058795401128, -0.00185289140791, 0.00500214332715, -0.00415513012558, 0.00520459050313, -0.00506333308294, 0.00138633651659, 0.0017152375076, -0.00409682514146, 0.00317308632657, 0.000620720267761, -0.00019357886049, 0.000585012487136], [-0.000714265974239, 0.00484715448692, -0.00415513012558, 0.00925078149885, -0.00698169413954, 0.00730248866603, -0.00439683068544, -0.00371789047495, 0.00443989271298, -0.00317100761458, -0.00253136735409, 0.0052744327113, -0.00439644837752], [0.00019626726862, -0.00330779654905, 0.00520459050313, -0.00698169413954, 0.012223450467, -0.0115979043767, 0.00532142305747, 0.00320014799945, -0.0104314563796, 0.00957189127803, -0.00402620155364, 0.00143940572161, 0.00012673153833], [-0.000948546803556, 0.00307658989914, -0.00506333308294, 0.00730248866603, -0.0115979043767, 0.0234289672226, -0.00906434748322, -0.00613375753164, 0.0117566939443, -0.00932708848268, 0.00470696063712, -0.00667934678495, 0.00312222004868], [2.95285099128e-005, -0.00240724626929, 0.00138633651659, -0.00439683068544, 0.00532142305747, -0.00906434748322, 0.010114852339, 0.00259762513451, -0.00709025328979, 0.0052231871523, -0.0039156107232, 0.00102854799479, -0.00046340355766], [-8.6178915808e-006, 0.000136225498863, 0.0017152375076, -0.00371789047495, 0.00320014799945, -0.00613375753164, 0.00259762513451, 0.0151486601681, -0.0111950282007, 0.00307225831784, -0.00157129927538, -0.00119492399972, -0.00192225445062], [0.00044688602793, -0.00365485576913, -0.00409682514146, 0.00443989271298, -0.0104314563796, 0.0117566939443, -0.00709025328979, -0.0111950282007, 0.0341444201767, -0.0256480723619, 0.0126347765326, -0.0081929769367, 0.00276724505238], [-0.00102779013105, 0.00970440730453, 0.00317308632657, -0.00317100761458, 0.00957189127803, -0.00932708848268, 0.0052231871523, 0.00307225831784, -0.0256480723619, 0.0540614388883, -0.0388233326375, 0.0212955530733, -0.00495874276385], [0.00153398804832, -0.0130224898458, 0.000620720267761, -0.00253136735409, -0.00402620155364, 0.00470696063712, -0.0039156107232, -0.00157129927538, 0.0126347765326, -0.0388233326375, 0.057444434613, -0.0393516346812, 0.00678183417767], [-0.00150796526577, 0.0119461007416, -0.00019357886049, 0.0052744327113, 0.00143940572161, -0.00667934678495, 0.00102854799479, -0.00119492399972, -0.0081929769367, 0.0212955530733, -0.0393516346812, 0.0531486459076, -0.020377298817], [0.00115164509043, -0.00571790710092, 0.000585012487136, -0.00439644837752, 0.00012673153833, 0.00312222004868, -0.00046340355766, -0.00192225445062, 0.00276724505238, -0.00495874276385, 0.00678183417767, -0.020377298817, 0.0299749821424]]
    },
    "melbands": {
        "mean": [0.00439367583022, 0.00258981995285, 0.0010810707463, 0.00118756201118, 0.00123182148673, 0.00113602902275, 0.000766977493186, 0.000151464992086, 0.000133526118589, 0.000167564983713, 8.84249020601e-005, 0.000101482197351, 5.71386517549e-005, 3.27214183926e-005, 2.61560489889e-005, 1.79941362148e-005, 1.21467901408e-005, 1.16979836093e-005, 1.09378806883e-005, 9.79482592811e-006, 6.30190697848e-006, 4.00129783884e-006, 2.91015771836e-006, 2.63003221335e-006, 2.06718596019e-006, 1.87540649677e-006, 1.99197575057e-006, 1.50275513988e-006, 1.54727877089e-006, 1.51667791215e-006, 1.68637154729e-006, 1.64524647062e-006, 1.20052311559e-006, 1.14174588361e-006, 1.00487648069e-006, 7.82393328791e-007, 9.3301139259e-007, 8.1273469732e-007, 9.36549611197e-007, 8.21938442641e-007],
        "var": [9.68029125943e-005, 5.25133327756e-005, 5.62381956115e-006, 2.1819334961e-006, 1.11256599666e-006, 9.51337142396e-007, 8.64328058015e-007, 3.8608760633e-008, 2.42677771212e-008, 5.04119128664e-008, 1.99967047365e-008, 2.96270492584e-008, 1.33594451057e-008, 6.15456530184e-009, 5.55538459679e-009, 1.58258062211e-009, 1.02559016835e-009, 8.05347788457e-010, 6.44067243982e-010, 8.18078604858e-010, 2.93459145873e-010, 1.30299673828e-010, 3.28729682364e-011, 2.32509306947e-011, 1.38560057525e-011, 1.16130560029e-011, 1.35345840438e-011, 8.2385738856e-012, 9.80622787833e-012, 8.15988509401e-012, 1.28258167975e-011, 1.36895156669e-011, 6.42156293418e-012, 4.16394523028e-012, 3.1614409441e-012, 1.79311676184e-012, 2.91770210423e-012, 2.20232057417e-012, 4.21188344618e-012, 3.16846310473e-012]
    },
    "mfcc": {
        "mean": [-704.664611816, 169.137390137, 41.7559585571, 7.71982955933, 0.192696839571, -5.29249715805, -8.13987350464, -4.39683198929, -2.9010488987, -3.27359771729, -5.73927354813, -6.11809825897, -0.931193947792],
        "cov": [[7229.44824219, -3562.58691406, -686.737243652, 343.09197998, 249.51675415, 412.851409912, 244.768127441, 130.800170898, 56.5189094543, 96.6148300171, 99.1846923828, 62.4151191711, 76.195274353], [-3562.58691406, 3086.16625977, -55.0550231934, -355.366943359, 40.9678916931, -121.996620178, 7.59983539581, 89.3068389893, 17.5622406006, -36.948184967, -15.5878286362, 42.3820495605, 50.2627868652], [-686.737243652, -55.0550231934, 645.116027832, 80.129486084, -217.035079956, -41.8515892029, -39.3923339844, -50.8851394653, 11.0209512711, -5.66431474686, -27.9058818817, -13.417298317, -44.7805480957], [343.09197998, -355.366943359, 80.129486084, 334.15246582, 69.2772598267, 48.2046546936, 50.3426971436, 32.2514076233, 57.491481781, 63.5973205566, 58.0385398865, 19.8276462555, 1.95801436901], [249.51675415, 40.9678916931, -217.035079956, 69.2772598267, 284.829223633, 45.4186668396, 24.122428894, 59.7129020691, 21.266450882, 32.4118537903, 44.648853302, 1.97266578674, 24.6402339935], [412.851409912, -121.996620178, -41.8515892029, 48.2046546936, 45.4186668396, 145.745452881, 92.8907699585, 51.9006767273, 28.4015197754, 15.5565462112, 15.6502323151, 38.9487533569, 20.8112545013], [244.768127441, 7.59983539581, -39.3923339844, 50.3426971436, 24.122428894, 92.8907699585, 130.539886475, 82.3332901001, 36.8570289612, 15.9711275101, 29.8260688782, 43.9589653015, 36.0103797913], [130.800170898, 89.3068389893, -50.8851394653, 32.2514076233, 59.7129020691, 51.9006767273, 82.3332901001, 122.623329163, 56.6474571228, 24.5898284912, 35.9942474365, 35.6080322266, 40.2241744995], [56.5189094543, 17.5622406006, 11.0209512711, 57.491481781, 21.266450882, 28.4015197754, 36.8570289612, 56.6474571228, 72.3903121948, 47.9622840881, 26.4513645172, 17.9024791718, 15.6518831253], [96.6148300171, -36.948184967, -5.66431474686, 63.5973205566, 32.4118537903, 15.5565462112, 15.9711275101, 24.5898284912, 47.9622840881, 72.2809906006, 40.9957542419, 17.8864097595, 8.55692481995], [99.1846923828, -15.5878286362, -27.9058818817, 58.0385398865, 44.648853302, 15.6502323151, 29.8260688782, 35.9942474365, 26.4513645172, 40.9957542419, 74.1830215454, 44.0530128479, 32.1145133972], [62.4151191711, 42.3820495605, -13.417298317, 19.8276462555, 1.97266578674, 38.9487533569, 43.9589653015, 35.6080322266, 17.9024791718, 17.8864097595, 44.0530128479, 74.3664245605, 54.1025161743], [76.195274353, 50.2627868652, -44.7805480957, 1.95801436901, 24.6402339935, 20.8112545013, 36.0103797913, 40.2241744995, 15.6518831253, 8.55692481995, 32.1145133972, 54.1025161743, 79.0838394165]],
        "icov": [[0.000571368786041, 0.000683533085976, 0.000536908337381, 0.000213759951293, -3.65734763363e-006, -0.000585538742598, -0.000294025870971, -0.00041506785783, 3.56651289621e-005, -0.000274489022559, 8.3045430074e-005, 3.37409801432e-006, -0.000199366550078], [0.000683533085976, 0.00127393030562, 0.000497719098348, 0.000883220462129, -0.00050234090304, 0.000248018390266, -0.00093287974596, -0.000563315872569, -0.000541894289199, -0.000154165361892, 0.000566303962842, -0.00106794608291, 0.00021884162561], [0.000536908337381, 0.000497719098348, 0.00305098877288, -0.00111530593131, 0.00220476137474, -0.000909800699446, 0.000970856577624, -0.000550361350179, -0.000873659038916, 0.000451083062217, 2.88359806291e-005, -5.45550938114e-006, 0.000428038270911], [0.000213759951293, 0.000883220462129, -0.00111530593131, 0.00571734877303, -0.00231401273049, 0.000817635562271, -0.00307675590739, 0.00206633098423, -0.0033484485466, -0.000649699533824, -0.00216339970939, -0.00074927060632, 0.00143953680526], [-3.65734763363e-006, -0.00050234090304, 0.00220476137474, -0.00231401273049, 0.00783569179475, -0.00439248932526, 0.00460147392005, -0.00418415525928, 0.00343668530695, -0.00139972835314, -0.00434950552881, 0.00715172616765, -0.00327911553904], [-0.000585538742598, 0.000248018390266, -0.000909800699446, 0.000817635562271, -0.00439248932526, 0.018433727324, -0.0122861042619, 0.00327346054837, -0.00344884605147, -0.00014539406402, 0.00779260415584, -0.0120710702613, 0.0061100916937], [-0.000294025870971, -0.00093287974596, 0.000970856577624, -0.00307675590739, 0.00460147392005, -0.0122861042619, 0.0250821579248, -0.0122589673847, 0.00349273579195, 0.00129087897949, -0.00324054062366, 0.00182424776722, -0.00264722667634], [-0.00041506785783, -0.000563315872569, -0.000550361350179, 0.00206633098423, -0.00418415525928, 0.00327346054837, -0.0122589673847, 0.0262992698699, -0.0192770436406, 0.00892122182995, -0.00433771219105, -0.000317375961458, -0.00212857429869], [3.56651289621e-005, -0.000541894289199, -0.000873659038916, -0.0033484485466, 0.00343668530695, -0.00344884605147, 0.00349273579195, -0.0192770436406, 0.0456607490778, -0.0270471833646, 0.00647216802463, 0.0042767515406, -0.00371496914886], [-0.000274489022559, -0.000154165361892, 0.000451083062217, -0.000649699533824, -0.00139972835314, -0.00014539406402, 0.00129087897949, 0.00892122182995, -0.0270471833646, 0.0388882607222, -0.016263011843, -0.00054196768906, 0.00410315254703], [8.3045430074e-005, 0.000566303962842, 2.88359806291e-005, -0.00216339970939, -0.00434950552881, 0.00779260415584, -0.00324054062366, -0.00433771219105, 0.00647216802463, -0.016263011843, 0.038141977042, -0.021915839985, 0.00259925844148], [3.37409801432e-006, -0.00106794608291, -5.45550938114e-006, -0.00074927060632, 0.00715172616765, -0.0120710702613, 0.00182424776722, -0.000317375961458, 0.0042767515406, -0.00054196768906, -0.021915839985, 0.0496392548084, -0.0248771663755], [-0.000199366550078, 0.00021884162561, 0.000428038270911, 0.00143953680526, -0.00327911553904, 0.0061100916937, -0.00264722667634, -0.00212857429869, -0.00371496914886, 0.00410315254703, 0.00259925844148, -0.0248771663755, 0.0308610070497]]
    },
    "spectral_contrast_coeffs": {
        "mean": [-0.588886976242, -0.633660435677, -0.73091930151, -0.82868629694, -0.837656497955, -0.824182510376],
        "var": [0.00853211525828, 0.00479844165966, 0.004499158822, 0.00208233599551, 0.00121678540017, 0.00103564979509]
    },
    "spectral_contrast_valleys": {
        "mean": [-7.30096817017, -6.68483066559, -7.65156126022, -8.33194160461, -8.67973136902, -10.6273241043],
        "var": [1.07640254498, 0.70622831583, 1.13257980347, 1.47361421585, 1.78930211067, 2.07898807526]
    }
},
"metadata": {
    "audio_properties": {
        "analysis_sample_rate": 44100,
        "bit_rate": 128074,
        "equal_loudness": 0,
        "length": 45.0612258911,
        "lossless": 0,
        "replay_gain": -5.18743133545,
        "sample_rate": 44100,
        "codec": "mp3",
        "downmix": "mix",
        "md5_encoded": "9ac198ac65046dfc42b2dbed980e29ad"
    },
    "tags": {
        "file_name": "1580.mp3"
    },
    "version": {
        "essentia": "2.1-beta2",
        "essentia_git_sha": "v2.1_beta2",
        "extractor": "music 1.0"
    }
},
"rhythm": {
    "beats_count": 89,
    "beats_loudness": {
        "mean": 0.131871089339,
        "var": 0.00163271347992
    },
    "bpm": 120.036003113,
    "bpm_histogram_first_peak_bpm": {
        "mean": 120,
        "var": 0
    },
    "bpm_histogram_first_peak_spread": {
        "mean": 0.636363625526,
        "var": 0
    },
    "bpm_histogram_first_peak_weight": {
        "mean": 0.363636374474,
        "var": 0
    },
    "bpm_histogram_second_peak_bpm": {
        "mean": 0,
        "var": 0
    },
    "bpm_histogram_second_peak_spread": {
        "mean": 0,
        "var": 0
    },
    "bpm_histogram_second_peak_weight": {
        "mean": 0,
        "var": 0
    },
    "danceability": 2.34448122978,
    "onset_rate": 6.49933385849,
    "beats_loudness_band_ratio": {
        "mean": [0.837953269482, 0.0832123085856, 0.0396783128381, 0.0407496057451, 0.00816683378071, 0.00210601836443],
        "var": [0.00780717795715, 0.00417162757367, 0.00115861895029, 0.00157153944019, 8.85086410563e-005, 3.91827052226e-006]
    },
    "beats_position": [0.557278871536, 1.05650794506, 1.55573689938, 2.06657600403, 2.55419492722, 3.06503391266, 3.55265307426, 4.06349182129, 4.5627207756, 5.06195020676, 5.56117916107, 6.06040811539, 6.57124710083, 7.05886602402, 7.56970500946, 8.05732440948, 8.56816291809, 9.05578231812, 9.56662082672, 10.0542402267, 10.5650787354, 11.0526981354, 11.5635375977, 12.051156044, 12.5619955063, 13.0496139526, 13.5604534149, 14.0596818924, 14.5589113235, 15.0581407547, 15.5573692322, 16.0565986633, 16.5558280945, 17.0550556183, 17.5542850494, 18.0535144806, 18.5527439117, 19.0635814667, 19.5628108978, 20.062040329, 20.5612697601, 21.0604991913, 21.5713367462, 22.0589561462, 22.5697956085, 23.0574150085, 23.5682544708, 24.0558719635, 24.5667114258, 25.0543308258, 25.5651702881, 26.0527877808, 26.563627243, 27.0512466431, 27.5620861053, 28.0497055054, 28.5605430603, 29.0481624603, 29.5590019226, 30.0582313538, 30.5574588776, 31.0566883087, 31.5559177399, 32.0667572021, 32.5543746948, 33.0652160645, 33.5528335571, 34.0636711121, 34.5629005432, 35.0621299744, 35.5613594055, 36.0605888367, 36.5598182678, 37.059047699, 37.5698852539, 38.0575065613, 38.5683441162, 39.0559616089, 39.5668029785, 40.0544204712, 40.5652618408, 41.0528793335, 41.5637168884, 42.0513381958, 42.5621757507, 43.0497932434, 43.560634613, 44.0598640442, 44.5590934753]
},
"tonal": {
    "chords_changes_rate": 0.0195473246276,
    "chords_number_rate": 0.00514403311536,
    "chords_strength": {
        "mean": 0.612687349319,
        "var": 0.0159050021321
    },
    "hpcp_entropy": {
        "mean": 1.83902394772,
        "var": 0.536655306816
    },
    "key_strength": 0.863328158855,
    "tuning_diatonic_strength": 0.63917952776,
    "tuning_equal_tempered_deviation": 0.0400618575513,
    "tuning_frequency": 437.971466064,
    "tuning_nontempered_energy_ratio": 0.656944036484,
    "hpcp": {
        "mean": [0.492851525545, 0.318420350552, 0.0967494994402, 0.0694191232324, 0.0552341081202, 0.0302932355553, 0.0268508214504, 0.0344104245305, 0.0692350044847, 0.0793049633503, 0.0392323695123, 0.022180205211, 0.0299993604422, 0.0675406679511, 0.278505563736, 0.425270467997, 0.239682540298, 0.0581410788, 0.0225478690118, 0.0264757554978, 0.111466623843, 0.2079551965, 0.152924880385, 0.112381756306, 0.181825920939, 0.148126974702, 0.0505332313478, 0.0157015826553, 0.0215011425316, 0.0743029713631, 0.122511282563, 0.0972184762359, 0.099697612226, 0.135961607099, 0.143640786409, 0.311885386705],
        "var": [0.142179980874, 0.0768155604601, 0.0301844831556, 0.0368166305125, 0.0286782998592, 0.0111209005117, 0.00822284072638, 0.0117632402107, 0.0278673041612, 0.0341672413051, 0.010400203988, 0.00862954091281, 0.0106568252668, 0.0174590423703, 0.0648539960384, 0.12396568805, 0.0541367381811, 0.0190478619188, 0.00989049486816, 0.00830717105418, 0.0389407947659, 0.0974387824535, 0.0570081882179, 0.0303071234375, 0.0863870531321, 0.0631336569786, 0.0132259149104, 0.00410409225151, 0.00507261697203, 0.0263372119516, 0.0615339316428, 0.0348474569619, 0.049577858299, 0.0802255421877, 0.0617743097246, 0.0750684067607]
    },
    "chords_histogram": [47.6337432861, 0, 27.4691352844, 1.33744859695, 0.308641970158, 0.411522626877, 0, 0, 0, 6.27572011948, 0, 0, 0, 0, 0, 0, 0, 0, 0, 0, 0, 0, 16.563785553, 0],
    "thpcp": [1, 0.646077632904, 0.196305572987, 0.14085200429, 0.112070478499, 0.0614652372897, 0.054480548948, 0.0698190480471, 0.140478417277, 0.160910457373, 0.0796028152108, 0.0450038276613, 0.0608689598739, 0.137040600181, 0.565090179443, 0.862877428532, 0.486317932606, 0.11796875298, 0.0457498207688, 0.05371953547, 0.22616674006, 0.42194288969, 0.310285896063, 0.228023558855, 0.368926376104, 0.30055090785, 0.102532364428, 0.0318586453795, 0.0436260029674, 0.150761365891, 0.248576447368, 0.197257131338, 0.202287316322, 0.275867283344, 0.291448384523, 0.632818162441],
    "chords_key": "D",
    "chords_scale": "minor",
    "key_key": "D",
    "key_scale": "minor"
}
}