{
"lowlevel": {
    "average_loudness": 0.975316941738,
    "barkbands_crest": {
        "mean": 15.6488466263,
        "var": 40.6965255737
    },
    "barkbands_flatness_db": {
        "mean": 0.234422311187,
        "var": 0.0089734653011
    },
    "barkbands_kurtosis": {
        "mean": 33.21900177,
        "var": 7487.44482422
    },
    "barkbands_skewness": {
        "mean": 3.45720982552,
        "var": 10.9852552414
    },
    "barkbands_spread": {
        "mean": 11.7637395859,
        "var": 141.974029541
    },
    "dissonance": {
        "mean": 0.43975135684,
        "var": 0.00321296881884
    },
    "dynamic_complexity": 3.80510640144,
    "erbbands_crest": {
        "mean": 12.5903205872,
        "var": 35.5710372925
    },
    "erbbands_flatness_db": {
        "mean": 0.187816649675,
        "var": 0.00517801567912
    },
    "erbbands_kurtosis": {
        "mean": 3.89869022369,
        "var": 184.667816162
    },
    "erbbands_skewness": {
        "mean": 0.998107671738,
        "var": 1.98917722702
    },
    "erbbands_spread": {
        "mean": 37.8803024292,
        "var": 542.108215332
    },
    "hfc": {
        "mean": 11.0358018875,
        "var": 115.33694458
    },
    "melbands_crest": {
        "mean": 19.8418807983,
        "var": 54.8822937012
    },
    "melbands_flatness_db": {
        "mean": 0.300443410873,
        "var": 0.0135841593146
    },
    "melbands_kurtosis": {
        "mean": 53.445148468,
        "var": 6084.75537109
    },
    "melbands_skewness": {
        "mean": 4.42027759552,
        "var": 10.9602804184
    },
    "melbands_spread": {
        "mean": 12.5577983856,
        "var": 285.557006836
    },
    "pitch_salience": {
        "mean": 0.447551339865,
        "var": 0.0345001630485
    },
    "silence_rate_20dB": {
        "mean": 1,
        "var": 0
    },
    "silence_rate_30dB": {
        "mean": 0.926879525185,
        "var": 0.0677745863795
    },
    "silence_rate_60dB": {
        "mean": 0.12049433589,
        "var": 0.105979591608
    },
    "spectral_centroid": {
        "mean": 940.539733887,
        "var": 470038.78125
    },
    "spectral_complexity": {
        "mean": 9.5061788559,
        "var": 71.7309875488
    },
    "spectral_decrease": {
        "mean": -9.76386616003e-009,
        "var": 9.87662651113e-017
    },
    "spectral_energy": {
        "mean": 0.0378520861268,
        "var": 0.00144550320692
    },
    "spectral_energyband_high": {
        "mean": 0.000310612434987,
        "var": 2.51247257665e-007
    },
    "spectral_energyband_low": {
        "mean": 0.023784019053,
        "var": 0.00102477357723
    },
    "spectral_energyband_middle_high": {
        "mean": 0.00224602618255,
        "var": 1.37042898132e-005
    },
    "spectral_energyband_middle_low": {
        "mean": 0.0131133468822,
        "var": 0.000485484313685
    },
    "spectral_entropy": {
        "mean": 7.19184827805,
        "var": 0.452227294445
    },
    "spectral_flux": {
        "mean": 0.109344884753,
        "var": 0.00831435993314
    },
    "spectral_kurtosis": {
        "mean": 6.31588745117,
        "var": 166.007263184
    },
    "spectral_rms": {
        "mean": 0.00523575721309,
        "var": 9.51574838837e-006
    },
    "spectral_rolloff": {
        "mean": 782.846374512,
        "var": 1385448.75
    },
    "spectral_skewness": {
        "mean": 1.7713419199,
        "var": 0.871507525444
    },
    "spectral_spread": {
        "mean": 4536319,
        "var": 2.06318652621e+012
    },
    "spectral_strongpeak": {
        "mean": 0.694563269615,
        "var": 0.465364307165
    },
    "zerocrossingrate": {
        "mean": 0.0333373881876,
        "var": 0.00101034436375
    },
    "barkbands": {
        "mean": [0.00060653348919, 0.0176452379674, 0.00410077627748, 0.00323169305921, 0.00442024739459, 0.0025289375335, 0.000676937110256, 0.000523693277501, 0.00137779582292, 0.00061365874717, 0.00040791957872, 0.000383097241865, 0.000198970345082, 0.000205499411095, 0.000130106287543, 8.89874208951e-005, 0.000102922145743, 0.000146360311192, 0.000107234234747, 0.000101538629679, 9.32741240831e-005, 6.12201183685e-005, 4.28831081081e-005, 2.70964883384e-005, 1.8475611796e-005, 1.09743068606e-005, 1.42163902872e-009],
        "var": [7.52856408326e-007, 0.000692479545251, 0.000161124698934, 8.4855761088e-005, 0.000175253342604, 2.21210648306e-005, 2.42726559918e-006, 2.46764375333e-006, 1.06900533865e-005, 2.85464898298e-006, 1.54660244789e-006, 1.87777277461e-006, 3.01658957369e-007, 2.45201533744e-007, 1.03369529825e-007, 2.94721687055e-008, 2.18733774204e-007, 9.71949560835e-008, 4.8447088119e-008, 3.3607051364e-008, 1.80553580975e-008, 1.17176437442e-008, 1.72988325886e-008, 1.14137064244e-008, 1.80113934878e-009, 4.22970825031e-010, 5.16049570518e-018]
    },
    "erbbands": {
        "mean": [0.617647230625, 3.52282953262, 4.80101728439, 8.44253158569, 14.2995452881, 13.1341867447, 15.8703718185, 21.3440723419, 13.7696228027, 8.00023651123, 15.3655042648, 31.3145885468, 29.1307125092, 11.8784980774, 20.1892414093, 14.6054821014, 9.59768199921, 10.5721120834, 8.54714775085, 5.7709736824, 4.99451494217, 6.27274465561, 8.02309036255, 6.34348201752, 4.94204616547, 4.98567533493, 3.5005338192, 3.9097905159, 2.4445374012, 1.50105178356, 1.18189394474, 0.769248783588, 0.352906733751, 0.20254394412, 0.134068310261, 0.0773820802569, 0.014471472241, 0.000343994586729, 3.0149707527e-005, 4.33258574049e-005],
        "var": [0.828717827797, 32.723197937, 155.517929077, 597.964904785, 2105.52148438, 1564.53881836, 1016.81109619, 1749.70593262, 1105.52441406, 399.13394165, 1657.04443359, 5540.46972656, 5902.13574219, 871.870483398, 3576.33911133, 2566.92553711, 691.604492188, 568.037109375, 458.521881104, 163.891403198, 98.3887634277, 869.155395508, 278.184875488, 180.489990234, 88.4630966187, 74.7819595337, 30.9897480011, 32.1524162292, 15.7777070999, 11.9992485046, 16.0389633179, 9.23100376129, 2.35744190216, 0.338004231453, 0.0758608132601, 0.0223414599895, 0.000684744096361, 3.85891837595e-007, 9.87412707154e-010, 1.76378267547e-009]
    },
    "gfcc": {
        "mean": [-79.326210022, 103.097770691, -101.711509705, 41.2828407288, -59.250957489, 13.1881484985, -30.5245399475, 9.54317569733, -20.7974357605, 7.46290922165, -12.1596508026, 4.02735900879, -0.276799768209],
        "cov": [[17618.7226563, 706.969543457, -116.729034424, 886.828125, -519.883605957, 437.456268311, -446.991699219, 362.46887207, -587.025878906, -110.95639801, -872.272460938, -214.352478027, -408.966461182], [706.969543457, 1288.88452148, 494.351470947, 33.3034439087, 230.147384644, 35.5319137573, 256.687805176, -36.0090255737, 178.022460938, -59.7840042114, 102.779350281, -123.999099731, 110.794952393], [-116.729034424, 494.351470947, 1655.74853516, 758.063598633, 492.21383667, 72.8628616333, 12.4144868851, 6.28902244568, 79.9117050171, 41.6391067505, -61.0115394592, -71.8450012207, -3.61892056465], [886.828125, 33.3034439087, 758.063598633, 912.150085449, 453.23236084, 141.866500854, -41.4664802551, -11.2607517242, 0.677307248116, 24.7218475342, -120.153495789, -69.8471450806, -37.324382782], [-519.883605957, 230.147384644, 492.21383667, 453.23236084, 796.936218262, 305.150970459, 140.986816406, -1.24822032452, 72.2320861816, 36.8171310425, 12.3056621552, -74.8439178467, 13.1591720581], [437.456268311, 35.5319137573, 72.8628616333, 141.866500854, 305.150970459, 476.804992676, 237.989212036, 11.8098497391, 49.7835273743, 10.7830429077, -33.3615150452, -88.4419708252, -22.4703083038], [-446.991699219, 256.687805176, 12.4144868851, -41.4664802551, 140.986816406, 237.989212036, 475.556732178, 69.3757247925, 149.170074463, 18.0203075409, 88.1280975342, -53.959602356, 57.2828178406], [362.46887207, -36.0090255737, 6.28902244568, -11.2607517242, -1.24822032452, 11.8098497391, 69.3757247925, 212.373062134, 38.4629173279, 2.00779151917, -27.8567886353, 15.6859426498, -7.48048305511], [-587.025878906, 178.022460938, 79.9117050171, 0.677307248116, 72.2320861816, 49.7835273743, 149.170074463, 38.4629173279, 293.259124756, 69.0762176514, 107.244758606, -25.1406097412, 74.9336776733], [-110.95639801, -59.7840042114, 41.6391067505, 24.7218475342, 36.8171310425, 10.7830429077, 18.0203075409, 2.00779151917, 69.0762176514, 159.64125061, 67.2940597534, 28.2008953094, 13.8853988647], [-872.272460938, 102.779350281, -61.0115394592, -120.153495789, 12.3056621552, -33.3615150452, 88.1280975342, -27.8567886353, 107.244758606, 67.2940597534, 234.115859985, 62.4015922546, 65.5930633545], [-214.352478027, -123.999099731, -71.8450012207, -69.8471450806, -74.8439178467, -88.4419708252, -53.959602356, 15.6859426498, -25.1406097412, 28.2008953094, 62.4015922546, 144.627563477, 50.2068481445], [-408.966461182, 110.794952393, -3.61892056465, -37.324382782, 13.1591720581, -22.4703083038, 57.2828178406, -7.48048305511, 74.9336776733, 13.8853988647, 65.5930633545, 50.2068481445, 159.479507446]],
        "icov": [[0.000163125820109, -0.000425610312959, 0.000218889777898, -0.000389310385799, 0.000399586191634, -0.000471802602988, 0.00033197470475, -0.00043192045996, 0.000279540457996, -0.0003921680036, 0.000372644484742, -0.00022142319358, 0.000208146651858], [-0.000425610312959, 0.00253428542055, -0.00108969362918, 0.00141504046042, -0.00131367973518, 0.00169810163788, -0.00139016681351, 0.00135936134029, -0.000879841973074, 0.00183917279355, -0.00153300247621, 0.00200648116879, -0.00138275977224], [0.000218889777898, -0.00108969362918, 0.00152996287216, -0.00143062951975, 0.000332939758664, -0.000431816792116, 0.000517181062605, -0.000679082470015, 0.000216468048166, -0.00088110199431, 0.00077938940376, -0.000696151575539, 0.000585928617511], [-0.000389310385799, 0.00141504046042, -0.00143062951975, 0.00340179749765, -0.00192512152717, 0.00116266589612, -0.000628633133601, 0.00133445917163, -0.000836076913401, 0.000767301011365, 7.64978904044e-005, 0.000768238620367, -0.000553948048037], [0.000399586191634, -0.00131367973518, 0.000332939758664, -0.00192512152717, 0.00354881072417, -0.00263773160987, 0.00111073080916, -0.00137788872235, 0.000967429368757, -0.00111685867887, -9.57539232331e-005, -0.000112962938147, 8.3907500084e-005], [-0.000471802602988, 0.00169810163788, -0.000431816792116, 0.00116266589612, -0.00263773160987, 0.00572971766815, -0.0032333699055, 0.00197983859107, -0.000963508617133, 0.000887214846443, 0.000202458468266, 0.00139141234104, 6.06809908277e-006], [0.00033197470475, -0.00139016681351, 0.000517181062605, -0.000628633133601, 0.00111073080916, -0.0032333699055, 0.00510583352298, -0.00257651507854, 0.000158853683388, -0.000643767067231, -0.00101227092091, 0.000866699498147, -0.000695410824846], [-0.00043192045996, 0.00135936134029, -0.000679082470015, 0.00133445917163, -0.00137788872235, 0.00197983859107, -0.00257651507854, 0.00731081143022, -0.00243758177385, 0.00125370267779, 0.00153896515258, -0.00209224899299, 0.000967807427514], [0.000279540457996, -0.000879841973074, 0.000216468048166, -0.000836076913401, 0.000967429368757, -0.000963508617133, 0.000158853683388, -0.00243758177385, 0.00680607603863, -0.00263903988525, -0.00197643833235, 0.0029604875017, -0.0023369085975], [-0.0003921680036, 0.00183917279355, -0.00088110199431, 0.000767301011365, -0.00111685867887, 0.000887214846443, -0.000643767067231, 0.00125370267779, -0.00263903988525, 0.00951966736466, -0.00295199966058, -0.00059211748885, 0.000195081127458], [0.000372644484742, -0.00153300247621, 0.00077938940376, 7.64978904044e-005, -9.57539232331e-005, 0.000202458468266, -0.00101227092091, 0.00153896515258, -0.00197643833235, -0.00295199966058, 0.00998837500811, -0.00533174071461, 0.00128445576411], [-0.00022142319358, 0.00200648116879, -0.000696151575539, 0.000768238620367, -0.000112962938147, 0.00139141234104, 0.000866699498147, -0.00209224899299, 0.0029604875017, -0.00059211748885, -0.00533174071461, 0.0145990075544, -0.00574442045763], [0.000208146651858, -0.00138275977224, 0.000585928617511, -0.000553948048037, 8.3907500084e-005, 6.06809908277e-006, -0.000695410824846, 0.000967807427514, -0.0023369085975, 0.000195081127458, 0.00128445576411, -0.00574442045763, 0.0102987634018]]
    },
    "melbands": {
        "mean": [0.00522950990126, 0.00327145354822, 0.00167433265597, 0.00101547839586, 0.000562306959182, 0.000484830117784, 0.000194957610802, 8.88399445103e-005, 0.000137761584483, 0.000203688556212, 0.000141544180224, 4.40479052486e-005, 6.13795782556e-005, 5.23856215295e-005, 2.38663342316e-005, 2.04311527341e-005, 1.96534056158e-005, 1.46347492773e-005, 9.03999261936e-006, 6.55273788652e-006, 5.4348906815e-006, 6.41396491119e-006, 6.35860624243e-006, 7.61053752285e-006, 4.83401345264e-006, 3.87804720958e-006, 3.15340093948e-006, 3.40459087056e-006, 2.12647569242e-006, 2.20542506213e-006, 2.22020867113e-006, 1.41828422784e-006, 1.03668560314e-006, 7.6626201917e-007, 6.82450604472e-007, 6.18598676283e-007, 4.11604645478e-007, 2.51001466722e-007, 1.98838222332e-007, 1.56973740673e-007],
        "var": [5.82391039643e-005, 3.7070713006e-005, 2.1159516109e-005, 1.09917036752e-005, 1.27095449898e-006, 8.79484332472e-007, 2.15932018932e-007, 5.23005816433e-008, 1.19868616366e-007, 2.43420913648e-007, 1.47145499341e-007, 1.4617862476e-008, 3.53717553025e-008, 3.25102895715e-008, 8.30007174102e-009, 2.95082869251e-009, 2.29271246432e-009, 1.69925240545e-009, 5.31572508233e-010, 1.87916279759e-010, 1.29506239066e-010, 1.60317459308e-009, 1.67993119415e-010, 3.18401638388e-010, 1.14851635147e-010, 6.06565492278e-011, 3.93672212884e-011, 3.68113005356e-011, 1.37018590918e-011, 1.08310305169e-011, 1.09624575043e-011, 5.90475975407e-012, 5.19789072895e-012, 3.27204929818e-012, 4.73885557531e-012, 6.79345945817e-012, 2.69398696059e-012, 1.40442301885e-012, 5.98011278084e-013, 1.66207406995e-013]
    },
    "mfcc": {
        "mean": [-721.264404297, 125.659576416, 15.5307292938, 33.6084289551, 0.514601707458, 9.84074115753, 1.42506861687, 3.11444473267, 2.49615693092, 1.53637981415, 0.61143296957, -0.995528459549, -3.25291085243],
        "cov": [[12052.7558594, 318.175079346, -446.493225098, 379.051269531, -134.989868164, 169.546478271, 90.4864807129, 202.646560669, 85.3221435547, -57.0468940735, -131.040420532, -100.984481812, -214.993103027], [318.175079346, 1089.17602539, 265.865509033, 77.5563659668, 128.543457031, 140.553924561, 160.954193115, 73.6405105591, 94.7754364014, 105.779006958, 96.4117202759, 51.520160675, 12.1859436035], [-446.493225098, 265.865509033, 1079.05761719, 509.036407471, 281.318359375, 141.74621582, 17.3431968689, 30.4444065094, 78.8996582031, 88.7007217407, 0.534589707851, 12.8073186874, 42.3047637939], [379.051269531, 77.5563659668, 509.036407471, 782.776855469, 442.91104126, 186.293319702, 62.3310470581, 3.74258112907, 101.715812683, 28.0229568481, -26.0616111755, -9.07792758942, 68.5433959961], [-134.989868164, 128.543457031, 281.318359375, 442.91104126, 656.931518555, 269.232818604, 99.163269043, 29.4069919586, 81.6324005127, 67.345123291, -30.0928649902, -16.8373737335, 72.5365600586], [169.546478271, 140.553924561, 141.74621582, 186.293319702, 269.232818604, 518.325622559, 219.389175415, 73.2967529297, 122.573440552, 131.696563721, 58.0498161316, 0.167369216681, -9.0427904129], [90.4864807129, 160.954193115, 17.3431968689, 62.3310470581, 99.163269043, 219.389175415, 309.771820068, 116.573226929, 89.9997940063, 53.2188034058, 55.1341781616, 13.4219684601, -3.92400884628], [202.646560669, 73.6405105591, 30.4444065094, 3.74258112907, 29.4069919586, 73.2967529297, 116.573226929, 191.053237915, 104.860649109, 48.5565109253, 34.9078025818, 13.0962028503, -8.12718391418], [85.3221435547, 94.7754364014, 78.8996582031, 101.715812683, 81.6324005127, 122.573440552, 89.9997940063, 104.860649109, 217.245361328, 110.191864014, 34.9613571167, -1.03402066231, -2.75613594055], [-57.0468940735, 105.779006958, 88.7007217407, 28.0229568481, 67.345123291, 131.696563721, 53.2188034058, 48.5565109253, 110.191864014, 200.702438354, 89.1534423828, 9.92681694031, -9.01942920685], [-131.040420532, 96.4117202759, 0.534589707851, -26.0616111755, -30.0928649902, 58.0498161316, 55.1341781616, 34.9078025818, 34.9613571167, 89.1534423828, 168.349700928, 74.8303070068, -10.1526641846], [-100.984481812, 51.520160675, 12.8073186874, -9.07792758942, -16.8373737335, 0.167369216681, 13.4219684601, 13.0962028503, -1.03402066231, 9.92681694031, 74.8303070068, 126.341308594, 42.8145103455], [-214.993103027, 12.1859436035, 42.3047637939, 68.5433959961, 72.5365600586, -9.0427904129, -3.92400884628, -8.12718391418, -2.75613594055, -9.01942920685, -10.1526641846, 42.8145103455, 136.110214233]],
        "icov": [[0.000106227438664, -7.26594153093e-005, 0.0001347396028, -0.000216009866563, 0.000133355715661, -7.68657846493e-005, 8.18333428469e-005, -0.000209170553717, 0.000103717946331, -6.55685871607e-005, 0.000212054292206, -6.76803101669e-005, 0.000189754297026], [-7.26594153093e-005, 0.00117800105363, -0.00041955098277, 0.000398296746425, -0.000303384294966, 0.000185852084542, -0.000604311993811, 0.000300175917801, -0.000298088009004, -5.26168514625e-005, -0.000511308317073, -0.000128649946419, -0.000123075267766], [0.0001347396028, -0.00041955098277, 0.00170218071435, -0.00137056899257, 0.000346260407241, -0.000198624387849, 0.000521986803506, -0.000722832861356, 0.000597062811721, -0.000899992533959, 0.000806812895462, -0.000443066994194, 0.000337696896167], [-0.000216009866563, 0.000398296746425, -0.00137056899257, 0.00346330436878, -0.00181893189438, 0.000141968776006, -0.000401640805649, 0.00138057360891, -0.00170206988696, 0.00150289956946, -0.00110330386087, 0.000509993638843, -0.000822897534817], [0.000133355715661, -0.000303384294966, 0.000346260407241, -0.00181893189438, 0.00335647258908, -0.00123911513947, 0.000216673768591, -0.000667231739499, 0.000732779444661, -0.0009453134262, 0.00132123357616, 0.000146699749166, -0.000853889039718], [-7.68657846493e-005, 0.000185852084542, -0.000198624387849, 0.000141968776006, -0.00123911513947, 0.00394472107291, -0.00238676602021, 0.000864782428835, -0.000474189204397, -0.00143008958548, -0.000163655582583, -0.000140023883432, 0.000684917904437], [8.18333428469e-005, -0.000604311993811, 0.000521986803506, -0.000401640805649, 0.000216673768591, -0.00238676602021, 0.00631212256849, -0.00298441783525, -0.00012878641428, 0.00124411797151, -0.00112919800449, 0.000546523951925, -0.000223187584197], [-0.000209170553717, 0.000300175917801, -0.000722832861356, 0.00138057360891, -0.000667231739499, 0.000864782428835, -0.00298441783525, 0.00931341014802, -0.00420702015981, 0.000800520298071, -0.000800468144007, -0.000522012182046, 0.000127613529912], [0.000103717946331, -0.000298088009004, 0.000597062811721, -0.00170206988696, 0.000732779444661, -0.000474189204397, -0.00012878641428, -0.00420702015981, 0.00943744089454, -0.0046780705452, 0.00178027909715, -0.000120210752357, 0.000236859385041], [-6.55685871607e-005, -5.26168514625e-005, -0.000899992533959, 0.00150289956946, -0.0009453134262, -0.00143008958548, 0.00124411797151, 0.000800520298071, -0.0046780705452, 0.0110904639587, -0.00628670910373, 0.00292495149188, -0.000832345685922], [0.000212054292206, -0.000511308317073, 0.000806812895462, -0.00110330386087, 0.00132123357616, -0.000163655582583, -0.00112919800449, -0.000800468144007, 0.00178027909715, -0.00628670910373, 0.0138100972399, -0.00812374148518, 0.00309518584982], [-6.76803101669e-005, -0.000128649946419, -0.000443066994194, 0.000509993638843, 0.000146699749166, -0.000140023883432, 0.000546523951925, -0.000522012182046, -0.000120210752357, 0.00292495149188, -0.00812374148518, 0.0143715823069, -0.0052526621148], [0.000189754297026, -0.000123075267766, 0.000337696896167, -0.000822897534817, -0.000853889039718, 0.000684917904437, -0.000223187584197, 0.000127613529912, 0.000236859385041, -0.000832345685922, 0.00309518584982, -0.0052526621148, 0.0103017017245]]
    },
    "spectral_contrast_coeffs": {
        "mean": [-0.667992472649, -0.69744759798, -0.759506523609, -0.80134421587, -0.815522253513, -0.75576967001],
        "var": [0.0121648106724, 0.0105505306274, 0.00888959784061, 0.00391491828486, 0.00196523568593, 0.00241783610545]
    },
    "spectral_contrast_valleys": {
        "mean": [-7.73476696014, -7.58308315277, -8.15562534332, -8.55049419403, -8.34847927094, -10.995885849],
        "var": [3.22186923027, 2.57035136223, 2.29519319534, 1.9607719183, 2.04836058617, 2.02155137062]
    }
},
"metadata": {
    "audio_properties": {
        "analysis_sample_rate": 44100,
        "bit_rate": 128074,
        "equal_loudness": 0,
        "length": 45.0612258911,
        "lossless": 0,
        "replay_gain": -6.24564552307,
        "sample_rate": 44100,
        "codec": "mp3",
        "downmix": "mix",
        "md5_encoded": "42b4382ef2b4de2a0f80beb08a77a7c2"
    },
    "tags": {
        "file_name": "1581.mp3"
    },
    "version": {
        "essentia": "2.1-beta2",
        "essentia_git_sha": "v2.1_beta2",
        "extractor": "music 1.0"
    }
},
"rhythm": {
    "beats_count": 84,
    "beats_loudness": {
        "mean": 0.0428116470575,
        "var": 0.00197351514362
    },
    "bpm": 112.754379272,
    "bpm_histogram_first_peak_bpm": {
        "mean": 112,
        "var": 0
    },
    "bpm_histogram_first_peak_spread": {
        "mean": 0.246913552284,
        "var": 0
    },
    "bpm_histogram_first_peak_weight": {
        "mean": 0.734939754009,
        "var": 0
    },
    "bpm_histogram_second_peak_bpm": {
        "mean": 117,
        "var": 0
    },
    "bpm_histogram_second_peak_spread": {
        "mean": 0,
        "var": 0
    },
    "bpm_histogram_second_peak_weight": {
        "mean": 0.0240963846445,
        "var": 0
    },
    "danceability": 1.38998615742,
    "onset_rate": 6.0556936264,
    "beats_loudness_band_ratio": {
        "mean": [0.408255726099, 0.219981446862, 0.192021816969, 0.130386710167, 0.054664708674, 0.0408173389733],
        "var": [0.0966816619039, 0.0449777320027, 0.0367466881871, 0.021802386269, 0.00440960377455, 0.00174633727875]
    },
    "beats_position": [0.522448956966, 1.06811785698, 1.60217678547, 2.12462592125, 2.6470746994, 3.1811337471, 3.7151927948, 4.2492518425, 4.78331041336, 5.31736946106, 5.85142850876, 6.37387752533, 6.8963265419, 7.4303855896, 7.96444416046, 8.498503685, 9.03256225586, 9.56662082672, 10.1006803513, 10.623128891, 11.1455783844, 11.6796369553, 12.2136955261, 12.7477550507, 13.2818136215, 13.8158731461, 14.3383216858, 14.8607711792, 15.3948297501, 15.9288883209, 16.4397277832, 16.9621772766, 17.5078449249, 18.0419044495, 18.575963974, 19.1100215912, 19.6440811157, 20.1781406403, 20.7121982574, 21.246257782, 21.7803173065, 22.3143768311, 22.8484344482, 23.3592739105, 23.8933334351, 24.4273910522, 24.9614505768, 25.4955101013, 26.0295696259, 26.5520172119, 27.0860767365, 27.6085262299, 28.142583847, 28.6766433716, 29.2107028961, 29.7447605133, 30.2672100067, 30.7896595001, 31.3237190247, 31.8577766418, 32.391834259, 32.9258956909, 33.4599533081, 33.99401474, 34.5280723572, 35.0621299744, 35.5845794678, 36.1070289612, 36.6410865784, 37.1751480103, 37.7092056274, 38.2432632446, 38.765712738, 39.2881622314, 39.8222198486, 40.3562812805, 40.8903388977, 41.4243965149, 41.9584579468, 42.492515564, 43.0265769958, 43.560634613, 44.1179122925, 44.6519737244]
},
"tonal": {
    "chords_changes_rate": 0.110082305968,
    "chords_number_rate": 0.0174897126853,
    "chords_strength": {
        "mean": 0.483233302832,
        "var": 0.00852413102984
    },
    "hpcp_entropy": {
        "mean": 2.09673190117,
        "var": 0.796357929707
    },
    "key_strength": 0.624127447605,
    "tuning_diatonic_strength": 0.476056367159,
    "tuning_equal_tempered_deviation": 0.186831384897,
    "tuning_frequency": 435.700531006,
    "tuning_nontempered_energy_ratio": 0.884761273861,
    "hpcp": {
        "mean": [0.240214243531, 0.207762300968, 0.148274317384, 0.126955777407, 0.110398627818, 0.0879155099392, 0.0823993384838, 0.0876110643148, 0.0987529531121, 0.0940369367599, 0.0756382867694, 0.078998029232, 0.0796487405896, 0.0739863589406, 0.0797770619392, 0.0868115350604, 0.0877181738615, 0.0812783688307, 0.0729141831398, 0.0721351504326, 0.0951401144266, 0.173072889447, 0.191694200039, 0.141769438982, 0.147189050913, 0.13878954947, 0.116125956178, 0.119615495205, 0.107437096536, 0.105331636965, 0.142343699932, 0.141669228673, 0.0956306159496, 0.0723663270473, 0.0853579863906, 0.166548624635],
        "var": [0.13126976788, 0.0934743657708, 0.0742042064667, 0.0572404712439, 0.0500134564936, 0.0334588438272, 0.0340865291655, 0.0385944098234, 0.0396772064269, 0.0370464101434, 0.0274983961135, 0.0363562814891, 0.0332879126072, 0.0267239995301, 0.0351889543235, 0.035295881331, 0.0350795872509, 0.0301024839282, 0.0294910371304, 0.0283918604255, 0.036299996078, 0.0850629583001, 0.102529034019, 0.0550432279706, 0.0691005736589, 0.0622280314565, 0.0466539673507, 0.05734058097, 0.0498586669564, 0.0436503738165, 0.0644316971302, 0.0656232684851, 0.0347947329283, 0.0303850769997, 0.0332606099546, 0.0784099325538]
    },
    "chords_histogram": [24.0740737915, 17.0781898499, 1.02880656719, 0.514403283596, 0, 3.90946507454, 1.85185182095, 3.80658435822, 6.48148155212, 3.90946507454, 0.514403283596, 0, 0, 3.49794244766, 1.64609050751, 1.44032919407, 0, 0, 5.65843629837, 1.74897122383, 5.24691343307, 1.02880656719, 1.54320991039, 15.0205764771],
    "thpcp": [1, 0.864904165268, 0.617258667946, 0.528510630131, 0.459584027529, 0.365987926722, 0.343024373055, 0.364720523357, 0.411103665829, 0.391471117735, 0.314878433943, 0.328864872456, 0.331573754549, 0.308001548052, 0.332107961178, 0.361392110586, 0.365166425705, 0.338357836008, 0.303538143635, 0.300295054913, 0.39606359601, 0.720493853092, 0.798013448715, 0.590179145336, 0.612740755081, 0.577774047852, 0.483426600695, 0.497953385115, 0.447255313396, 0.438490390778, 0.592569768429, 0.589761972427, 0.398105531931, 0.301257431507, 0.355341076851, 0.693333685398],
    "chords_key": "A",
    "chords_scale": "minor",
    "key_key": "A",
    "key_scale": "minor"
}
}