{
"lowlevel": {
    "average_loudness": 0.982786178589,
    "barkbands_crest": {
        "mean": 17.8117790222,
        "var": 44.2490158081
    },
    "barkbands_flatness_db": {
        "mean": 0.189662873745,
        "var": 0.00618277257308
    },
    "barkbands_kurtosis": {
        "mean": 32.1273078918,
        "var": 4959.17089844
    },
    "barkbands_skewness": {
        "mean": 3.65641331673,
        "var": 13.2317390442
    },
    "barkbands_spread": {
        "mean": 30.0789318085,
        "var": 823.280395508
    },
    "dissonance": {
        "mean": 0.46571829915,
        "var": 0.000583976274356
    },
    "dynamic_complexity": 2.12494635582,
    "erbbands_crest": {
        "mean": 7.78164482117,
        "var": 8.69080448151
    },
    "erbbands_flatness_db": {
        "mean": 0.1167454198,
        "var": 0.000797833607066
    },
    "erbbands_kurtosis": {
        "mean": 0.717009961605,
        "var": 11.1093530655
    },
    "erbbands_skewness": {
        "mean": -0.261450707912,
        "var": 1.29295527935
    },
    "erbbands_spread": {
        "mean": 68.9979553223,
        "var": 1202.64294434
    },
    "hfc": {
        "mean": 98.5777053833,
        "var": 22116.6035156
    },
    "melbands_crest": {
        "mean": 24.4581203461,
        "var": 62.6600494385
    },
    "melbands_flatness_db": {
        "mean": 0.269752800465,
        "var": 0.0119938338175
    },
    "melbands_kurtosis": {
        "mean": 101.7759552,
        "var": 21469.0351563
    },
    "melbands_skewness": {
        "mean": 7.04423332214,
        "var": 21.3631534576
    },
    "melbands_spread": {
        "mean": 25.4679927826,
        "var": 1581.52453613
    },
    "pitch_salience": {
        "mean": 0.368918716908,
        "var": 0.0390091054142
    },
    "silence_rate_20dB": {
        "mean": 0.99794024229,
        "var": 0.00205552903935
    },
    "silence_rate_30dB": {
        "mean": 0.509783744812,
        "var": 0.249908417463
    },
    "silence_rate_60dB": {
        "mean": 0.019052522257,
        "var": 0.0186893288046
    },
    "spectral_centroid": {
        "mean": 1832.8873291,
        "var": 1448585.875
    },
    "spectral_complexity": {
        "mean": 17.021112442,
        "var": 97.877532959
    },
    "spectral_decrease": {
        "mean": -3.1857851468e-008,
        "var": 7.27549473863e-016
    },
    "spectral_energy": {
        "mean": 0.129180163145,
        "var": 0.0107897566631
    },
    "spectral_energyband_high": {
        "mean": 0.00908999703825,
        "var": 0.000231712096138
    },
    "spectral_energyband_low": {
        "mean": 0.107005625963,
        "var": 0.0101605309173
    },
    "spectral_energyband_middle_high": {
        "mean": 0.00393045134842,
        "var": 1.97460140043e-005
    },
    "spectral_energyband_middle_low": {
        "mean": 0.0107302162796,
        "var": 0.000105696854007
    },
    "spectral_entropy": {
        "mean": 7.91971731186,
        "var": 0.201453596354
    },
    "spectral_flux": {
        "mean": 0.132927045226,
        "var": 0.00814138073474
    },
    "spectral_kurtosis": {
        "mean": 1.81103444099,
        "var": 5.66704893112
    },
    "spectral_rms": {
        "mean": 0.0100783323869,
        "var": 2.44566435867e-005
    },
    "spectral_rolloff": {
        "mean": 2184.46728516,
        "var": 11933677
    },
    "spectral_skewness": {
        "mean": 1.11304700375,
        "var": 0.325062274933
    },
    "spectral_spread": {
        "mean": 8078041,
        "var": 1.33149921116e+013
    },
    "spectral_strongpeak": {
        "mean": 0.9225487113,
        "var": 2.00584340096
    },
    "zerocrossingrate": {
        "mean": 0.0734229683876,
        "var": 0.00592473195866
    },
    "barkbands": {
        "mean": [0.00492572598159, 0.0982519835234, 0.00233641522937, 0.00315080909058, 0.00395811675116, 0.000973765971139, 0.00146479462273, 0.000467042293167, 0.000575340003707, 0.000681168981828, 0.000321980769513, 0.000275740982033, 0.000275140570011, 0.000259426771663, 0.000244880182436, 0.000324459484546, 0.000562912609894, 0.000460986135295, 0.000383286795113, 0.000349334528437, 0.000571400101762, 0.000926608976442, 0.000852695549838, 0.00186464248691, 0.00438617635518, 0.000308797956677, 2.65754188149e-005],
        "var": [5.46368319192e-005, 0.00848308671266, 5.93045588175e-005, 1.87389123312e-005, 3.38488353009e-005, 2.33096761804e-006, 5.55675160285e-006, 9.18594992072e-007, 1.40812994687e-006, 9.74678755483e-007, 4.87145257466e-007, 2.54594510807e-007, 3.58514768095e-007, 3.02944442865e-007, 3.23689022252e-007, 3.07297682411e-007, 2.55269992522e-006, 8.93734068086e-007, 4.43056791255e-007, 5.05924049321e-007, 1.60731906362e-006, 3.57027624887e-006, 2.2634421839e-006, 1.41726486618e-005, 8.5353567556e-005, 3.29541109068e-007, 3.98040178595e-009]
    },
    "erbbands": {
        "mean": [4.36012840271, 15.9158363342, 5.38612651825, 7.45728349686, 13.2354154587, 12.4636449814, 7.75961017609, 8.91532325745, 22.8465270996, 11.923874855, 11.7372741699, 13.2121620178, 16.7964382172, 18.9159564972, 12.964846611, 11.7992315292, 12.5680847168, 14.2185058594, 12.09354496, 15.2183971405, 22.061252594, 29.5539741516, 26.623500824, 18.5068759918, 21.3984489441, 16.1814899445, 18.5392074585, 25.5958957672, 32.2289772034, 31.1021156311, 24.8573703766, 45.8878173828, 22.8476200104, 48.7400817871, 29.6697406769, 2.41841387749, 0.549973964691, 0.111804783344, 0.00363205512986, 0.000299652921967],
        "var": [20.8140583038, 222.798400879, 118.824684143, 128.060409546, 305.808197021, 451.887939453, 133.788757324, 181.255111694, 1216.00610352, 489.786193848, 572.836730957, 848.307556152, 538.698608398, 886.844482422, 522.142028809, 560.414611816, 634.754211426, 875.890258789, 634.012512207, 915.781188965, 2344.2512207, 4594.26220703, 3041.57275391, 976.959472656, 1336.56970215, 1133.28320313, 1980.0760498, 2748.65014648, 4605.57666016, 3828.58862305, 1623.12451172, 7560.32617188, 2147.36132813, 10139.7119141, 4018.72998047, 20.5579833984, 1.06167292595, 0.0474686063826, 5.96600402787e-005, 1.16088784807e-007]
    },
    "gfcc": {
        "mean": [41.0423049927, 54.2112503052, -69.3789901733, 48.0048141479, -53.2379264832, 33.727809906, -34.0558319092, 24.8348960876, -17.5024242401, 6.81561326981, -13.0190677643, 10.7213602066, -4.22725152969],
        "cov": [[4346.83398438, -1177.71105957, 283.251556396, 294.983154297, -215.661956787, 303.73651123, -165.447418213, 258.726776123, -101.485977173, 151.167984009, -55.0303192139, -22.930109024, -43.1498756409], [-1177.71105957, 1920.69335938, -276.667053223, -66.172744751, 482.874969482, -198.484146118, 266.145782471, -177.205291748, 103.735816956, -91.1156539917, 160.906280518, -31.010471344, 32.1709480286], [283.251556396, -276.667053223, 1280.37792969, 115.651802063, 1.36755430698, 367.976745605, -75.9410629272, 103.786239624, 59.2551651001, 21.9455184937, 32.8390617371, 11.470995903, 63.7897415161], [294.983154297, -66.172744751, 115.651802063, 478.061584473, 169.613998413, 24.281539917, 111.800224304, 36.200958252, 80.5802383423, 6.82435178757, 11.5974788666, 16.085111618, -1.03261864185], [-215.661956787, 482.874969482, 1.36755430698, 169.613998413, 558.21862793, 144.933746338, 198.773330688, 55.3400993347, 42.0313301086, 16.1632003784, 71.6755828857, -49.0272140503, 61.6881752014], [303.73651123, -198.484146118, 367.976745605, 24.281539917, 144.933746338, 365.999542236, 106.329277039, 80.1255493164, 20.0600986481, 77.2907104492, 15.5435380936, -10.0465488434, 57.6272468567], [-165.447418213, 266.145782471, -75.9410629272, 111.800224304, 198.773330688, 106.329277039, 316.852539063, 7.40939903259, 63.1922645569, 62.7998542786, 46.8820037842, 8.92880535126, 30.5765991211], [258.726776123, -177.205291748, 103.786239624, 36.200958252, 55.3400993347, 80.1255493164, 7.40939903259, 177.400802612, 31.5213127136, 32.6028442383, 28.3472175598, -5.17840099335, 20.7323226929], [-101.485977173, 103.735816956, 59.2551651001, 80.5802383423, 42.0313301086, 20.0600986481, 63.1922645569, 31.5213127136, 181.491043091, 29.5226020813, 17.6744995117, 40.400932312, 6.04834461212], [151.167984009, -91.1156539917, 21.9455184937, 6.82435178757, 16.1632003784, 77.2907104492, 62.7998542786, 32.6028442383, 29.5226020813, 111.545852661, 21.1234645844, 1.56487548351, 22.5700321198], [-55.0303192139, 160.906280518, 32.8390617371, 11.5974788666, 71.6755828857, 15.5435380936, 46.8820037842, 28.3472175598, 17.6744995117, 21.1234645844, 112.58644104, 16.7078266144, 6.79508543015], [-22.930109024, -31.010471344, 11.470995903, 16.085111618, -49.0272140503, -10.0465488434, 8.92880535126, -5.17840099335, 40.400932312, 1.56487548351, 16.7078266144, 80.5783538818, 2.78456735611], [-43.1498756409, 32.1709480286, 63.7897415161, -1.03261864185, 61.6881752014, 57.6272468567, 30.5765991211, 20.7323226929, 6.04834461212, 22.5700321198, 6.79508543015, 2.78456735611, 74.9070053101]],
        "icov": [[0.00037004170008, -9.91343767964e-005, 0.000157476781169, -0.000505397329107, 0.000351870548911, -0.000622138206381, 0.000454528169939, -0.000524218543433, 0.000425243983045, -0.000520836329088, 0.00014891383762, -4.8807632993e-005, 0.000373966555344], [-9.91343767964e-005, 0.0018842323916, -0.000453672691947, 0.00141375150997, -0.00178934668656, 0.0021586404182, -0.00157275085803, 0.00206793448888, -0.00155395246111, 0.00165336008649, -0.00196701777168, 0.00114994752221, -0.000814983097371], [0.000157476781169, -0.000453672691947, 0.00175308377948, -0.0011701004114, 0.0011954382062, -0.00285339355469, 0.00160504947416, -0.000493839732371, -0.000192698367755, 0.000479211274069, -0.000637432211079, 0.000256853061728, -0.000611834286246], [-0.000505397329107, 0.00141375150997, -0.0011701004114, 0.00452453969046, -0.0027849888429, 0.00337379518896, -0.00261704646982, 0.00145837792661, -0.00194932019804, 0.00142537127249, -0.000308208225761, -0.000222838818445, 0.000287295493763], [0.000351870548911, -0.00178934668656, 0.0011954382062, -0.0027849888429, 0.005717322696, -0.0040433909744, 0.000693854817655, -0.00231023225933, 0.000884212378878, 0.000413153698901, -0.000580606691074, 0.00226918188855, -0.00155434932094], [-0.000622138206381, 0.0021586404182, -0.00285339355469, 0.00337379518896, -0.0040433909744, 0.0101187275723, -0.00442957365885, 0.00140861875843, -0.000914316391572, -0.000855744408909, 0.000118818112242, 0.000272679812042, -0.00153469853103], [0.000454528169939, -0.00157275085803, 0.00160504947416, -0.00261704646982, 0.000693854817655, -0.00442957365885, 0.0076446980238, -0.000753571162932, 0.000420275697252, -0.00339822145179, 0.000199302623514, -0.00141038757283, 0.000483086536406], [-0.000524218543433, 0.00206793448888, -0.000493839732371, 0.00145837792661, -0.00231023225933, 0.00140861875843, -0.000753571162932, 0.00990315340459, -0.00334481219761, 0.00137155607808, -0.00408860202879, 0.00249096099287, -0.00222880882211], [0.000425243983045, -0.00155395246111, -0.000192698367755, -0.00194932019804, 0.000884212378878, -0.000914316391572, 0.000420275697252, -0.00334481219761, 0.00931503809988, -0.00379211921245, 0.00280226534232, -0.00514863990247, 0.00210664724], [-0.000520836329088, 0.00165336008649, 0.000479211274069, 0.00142537127249, 0.000413153698901, -0.000855744408909, -0.00339822145179, 0.00137155607808, -0.00379211921245, 0.0155468052253, -0.00455899490044, 0.00343333906494, -0.00416517164558], [0.00014891383762, -0.00196701777168, -0.000637432211079, -0.000308208225761, -0.000580606691074, 0.000118818112242, 0.000199302623514, -0.00408860202879, 0.00280226534232, -0.00455899490044, 0.0143482442945, -0.00557949068025, 0.00295937550254], [-4.8807632993e-005, 0.00114994752221, 0.000256853061728, -0.000222838818445, 0.00226918188855, 0.000272679812042, -0.00141038757283, 0.00249096099287, -0.00514863990247, 0.00343333906494, -0.00557949068025, 0.0183785408735, -0.00373186264187], [0.000373966555344, -0.000814983097371, -0.000611834286246, 0.000287295493763, -0.00155434932094, -0.00153469853103, 0.000483086536406, -0.00222880882211, 0.00210664724, -0.00416517164558, 0.00295937550254, -0.00373186264187, 0.0182758904994]]
    },
    "melbands": {
        "mean": [0.0323953181505, 0.00856592040509, 0.00142987957224, 0.000994815956801, 0.000308136804961, 0.000204865369597, 0.000335216202075, 0.000116403047286, 9.8436474218e-005, 8.03120565251e-005, 8.71646698215e-005, 8.21396824904e-005, 4.59332186438e-005, 3.29804606736e-005, 2.52610334428e-005, 2.93315260933e-005, 2.57661267824e-005, 1.87083514902e-005, 1.86529014172e-005, 2.30347868637e-005, 2.74070443993e-005, 3.26855843014e-005, 2.62575795205e-005, 2.07920529647e-005, 1.39019921335e-005, 1.55329526024e-005, 1.47738592204e-005, 9.46300497162e-006, 9.92533568933e-006, 1.44470486703e-005, 1.46645970744e-005, 1.77127349161e-005, 1.91053113667e-005, 1.65120527527e-005, 1.28354095068e-005, 2.03191939363e-005, 3.12305419357e-005, 1.74276010512e-005, 1.01410214484e-005, 5.78779508942e-005],
        "var": [0.000982541474514, 8.8041080744e-005, 3.83334418075e-006, 2.26742349696e-006, 2.13548773331e-007, 9.39127815514e-008, 2.6738942438e-007, 4.72152059672e-008, 4.30054107881e-008, 3.23971178773e-008, 1.4816216698e-008, 1.69905245428e-008, 8.75158878699e-009, 3.29776694841e-009, 2.497656304e-009, 4.23695745155e-009, 3.07708525327e-009, 1.60060642518e-009, 2.22278440098e-009, 1.52192836111e-009, 6.04970074036e-009, 8.14052558695e-009, 3.00319413782e-009, 1.88366100495e-009, 6.40419661746e-010, 7.86446185952e-010, 8.14347145273e-010, 4.7085940702e-010, 6.1266697271e-010, 1.26654164934e-009, 8.78272565785e-010, 1.52267354281e-009, 1.61555013811e-009, 1.06929598509e-009, 5.48333212169e-010, 8.96142993145e-010, 4.69379246582e-009, 1.53210344411e-009, 3.17046860987e-010, 1.55351731479e-008]
    },
    "mfcc": {
        "mean": [-615.924316406, 88.948059082, 42.0089416504, 25.0654850006, 18.4388275146, 11.1238422394, 7.14207839966, 17.4592113495, 9.65093708038, 3.39561343193, 2.89059925079, 4.05363798141, 5.36820888519],
        "cov": [[3727.06689453, -1184.11950684, 64.9971084595, -1.13486099243, 1.47354257107, -50.012714386, 39.5239944458, -34.2215576172, 66.2349700928, 25.5528659821, 164.061782837, 19.169801712, -89.0856323242], [-1184.11950684, 1751.79406738, -380.791717529, 107.087936401, 96.9808425903, 102.07660675, 135.748718262, 44.3958129883, -67.6985702515, 46.1654663086, -45.6761322021, 55.709526062, 32.5080757141], [64.9971084595, -380.791717529, 1185.98303223, -125.460754395, 172.315505981, 71.8137054443, -23.4778079987, 57.887424469, 66.3320388794, -20.8961448669, 46.1406555176, 2.00732445717, 69.9959945679], [-1.13486099243, 107.087936401, -125.460754395, 483.688598633, 75.8084716797, 75.6417617798, 19.9049987793, 97.9347229004, 4.82937908173, 48.6720733643, 32.6786079407, -1.16906630993, 51.6369819641], [1.47354257107, 96.9808425903, 172.315505981, 75.8084716797, 384.73815918, 75.226776123, 134.996459961, 65.7111053467, 76.5023040771, 53.9327545166, 19.0463180542, 35.6481781006, 17.3606796265], [-50.012714386, 102.07660675, 71.8137054443, 75.6417617798, 75.226776123, 316.1512146, 142.474105835, 56.6053886414, 107.999427795, 52.5676651001, 53.1074562073, 30.2709064484, 18.1994037628], [39.5239944458, 135.748718262, -23.4778079987, 19.9049987793, 134.996459961, 142.474105835, 330.703643799, 25.3455963135, 88.1128158569, 60.3828964233, 25.879491806, 61.9076080322, -6.43444252014], [-34.2215576172, 44.3958129883, 57.887424469, 97.9347229004, 65.7111053467, 56.6053886414, 25.3455963135, 152.943252563, 34.3234100342, 31.509759903, 44.6366500854, 20.9191207886, 39.5598869324], [66.2349700928, -67.6985702515, 66.3320388794, 4.82937908173, 76.5023040771, 107.999427795, 88.1128158569, 34.3234100342, 189.108001709, 51.4015045166, 42.8187637329, 40.7025718689, 2.11096048355], [25.5528659821, 46.1654663086, -20.8961448669, 48.6720733643, 53.9327545166, 52.5676651001, 60.3828964233, 31.509759903, 51.4015045166, 114.265830994, 42.9253196716, 17.6784038544, 17.3028507233], [164.061782837, -45.6761322021, 46.1406555176, 32.6786079407, 19.0463180542, 53.1074562073, 25.879491806, 44.6366500854, 42.8187637329, 42.9253196716, 121.660766602, 29.1859207153, 12.5427341461], [19.169801712, 55.709526062, 2.00732445717, -1.16906630993, 35.6481781006, 30.2709064484, 61.9076080322, 20.9191207886, 40.7025718689, 17.6784038544, 29.1859207153, 93.0278244019, 21.0635223389], [-89.0856323242, 32.5080757141, 69.9959945679, 51.6369819641, 17.3606796265, 18.1994037628, -6.43444252014, 39.5598869324, 2.11096048355, 17.3028507233, 12.5427341461, 21.0635223389, 100.948356628]],
        "icov": [[0.000384099112125, 0.000272609118838, 5.39355423825e-005, -6.10730203334e-005, -6.96884744684e-005, 6.65908810333e-005, -0.000114959024359, 0.000116309296573, 0.000110946733912, -1.79914040928e-005, -0.000482753181132, -0.000146798905917, 0.000283465342363], [0.000272609118838, 0.000923393643461, 0.000299199746223, 7.90464218881e-006, -0.000283707573544, -0.000317940954119, -0.000173741835169, -0.000116564086056, 0.000689508917276, -0.000241785266553, 0.000100603632745, -0.000549143354874, 1.53511825829e-006], [5.39355423825e-005, 0.000299199746223, 0.00123163848184, 0.000546905386727, -0.000753148458898, -0.000385321007343, 0.000270227523288, -0.000248863099841, -4.08328196499e-005, 0.000594401266426, -0.000430439889897, 0.000343795458321, -0.00098804559093], [-6.10730203334e-005, 7.90464218881e-006, 0.000546905386727, 0.00284098600969, -0.000596169033088, -0.000627689994872, 0.00028063802165, -0.00137257750612, 0.000465410732431, -0.000385161518352, -0.000164959172253, 0.000780138361733, -0.00120340811554], [-6.96884744684e-005, -0.000283707573544, -0.000753148458898, -0.000596169033088, 0.00385700189508, 0.000461743504275, -0.00123308214825, -0.000858408107888, -0.000780104950536, -0.000882019463461, 0.000806538562756, -0.000277450511931, 0.00049345131265], [6.65908810333e-005, -0.000317940954119, -0.000385321007343, -0.000627689994872, 0.000461743504275, 0.00510780187324, -0.00175250659231, -0.000411569577409, -0.00215856963769, 7.00874734321e-005, -0.00113919074647, 0.00093565491261, -0.000221842972678], [-0.000114959024359, -0.000173741835169, 0.000270227523288, 0.00028063802165, -0.00123308214825, -0.00175250659231, 0.00506981695071, 0.000273956655292, -0.000375909963623, -0.00122906896286, 0.000711078057066, -0.00231427699327, 0.000980442273431], [0.000116309296573, -0.000116564086056, -0.000248863099841, -0.00137257750612, -0.000858408107888, -0.000411569577409, 0.000273956655292, 0.00948005821556, -0.000560271611903, -6.99357187841e-005, -0.00244758487679, -0.000323232903611, -0.00206568813883], [0.000110946733912, 0.000689508917276, -4.08328196499e-005, 0.000465410732431, -0.000780104950536, -0.00215856963769, -0.000375909963623, -0.000560271611903, 0.00855801161379, -0.00229368708096, -0.000371917674784, -0.00250803702511, 0.00116874487139], [-1.79914040928e-005, -0.000241785266553, 0.000594401266426, -0.000385161518352, -0.000882019463461, 7.00874734321e-005, -0.00122906896286, -6.99357187841e-005, -0.00229368708096, 0.0126408981159, -0.00358849973418, 0.00146978837438, -0.00204456783831], [-0.000482753181132, 0.000100603632745, -0.000430439889897, -0.000164959172253, 0.000806538562756, -0.00113919074647, 0.000711078057066, -0.00244758487679, -0.000371917674784, -0.00358849973418, 0.0122723495588, -0.00298242783174, 0.000715914240573], [-0.000146798905917, -0.000549143354874, 0.000343795458321, 0.000780138361733, -0.000277450511931, 0.00093565491261, -0.00231427699327, -0.000323232903611, -0.00250803702511, 0.00146978837438, -0.00298242783174, 0.0151206813753, -0.00371590210125], [0.000283465342363, 1.53511825829e-006, -0.00098804559093, -0.00120340811554, 0.00049345131265, -0.000221842972678, 0.000980442273431, -0.00206568813883, 0.00116874487139, -0.00204456783831, 0.000715914240573, -0.00371590210125, 0.0132959103212]]
    },
    "spectral_contrast_coeffs": {
        "mean": [-0.652772247791, -0.746538639069, -0.778361618519, -0.782858669758, -0.774707973003, -0.771930932999],
        "var": [0.0055265519768, 0.00468248827383, 0.00302584189922, 0.00253226305358, 0.00295719527639, 0.00207232986577]
    },
    "spectral_contrast_valleys": {
        "mean": [-6.74608182907, -6.8427491188, -7.37401485443, -7.94870901108, -7.58984613419, -9.021027565],
        "var": [1.0745664835, 0.623129785061, 0.482051432133, 0.621160626411, 0.742898702621, 1.33955609798]
    }
},
"metadata": {
    "audio_properties": {
        "analysis_sample_rate": 44100,
        "bit_rate": 128074,
        "equal_loudness": 0,
        "length": 45.0612258911,
        "lossless": 0,
        "replay_gain": -6.4631652832,
        "sample_rate": 44100,
        "codec": "mp3",
        "downmix": "mix",
        "md5_encoded": "248703c2821a7d902b1e03f532d6641c"
    },
    "tags": {
        "file_name": "1582.mp3"
    },
    "version": {
        "essentia": "2.1-beta2",
        "essentia_git_sha": "v2.1_beta2",
        "extractor": "music 1.0"
    }
},
"rhythm": {
    "beats_count": 100,
    "beats_loudness": {
        "mean": 0.135605975986,
        "var": 0.00828967709094
    },
    "bpm": 134.294326782,
    "bpm_histogram_first_peak_bpm": {
        "mean": 136,
        "var": 0
    },
    "bpm_histogram_first_peak_spread": {
        "mean": 0.488888889551,
        "var": 0
    },
    "bpm_histogram_first_peak_weight": {
        "mean": 0.464646458626,
        "var": 0
    },
    "bpm_histogram_second_peak_bpm": {
        "mean": 129,
        "var": 0
    },
    "bpm_histogram_second_peak_spread": {
        "mean": 0,
        "var": 0
    },
    "bpm_histogram_second_peak_weight": {
        "mean": 0.0606060624123,
        "var": 0
    },
    "danceability": 1.41896104813,
    "onset_rate": 5.30150461197,
    "beats_loudness_band_ratio": {
        "mean": [0.622059643269, 0.0519799143076, 0.034979287535, 0.0274859648198, 0.0859172567725, 0.193490386009],
        "var": [0.0841567143798, 0.00359489629045, 0.0011285651708, 0.00142159196548, 0.0134845124558, 0.0278139188886]
    },
    "beats_position": [0.46439909935, 0.96362811327, 1.45124709606, 1.95047616959, 2.41487526894, 2.87927436829, 3.32045340538, 3.76163268089, 4.21442174911, 4.66721057892, 5.10838985443, 5.56117916107, 6.01396799088, 6.45514726639, 6.8963265419, 7.36072540283, 7.80190467834, 8.24308395386, 8.6958732605, 9.14866161346, 9.58984088898, 10.0426301956, 10.4954195023, 10.9365987778, 11.3893871307, 11.8421764374, 12.2833557129, 12.7245349884, 13.1657142639, 13.6185035706, 14.0712919235, 14.512471199, 14.9652605057, 15.4180498123, 15.8592290878, 16.3004074097, 16.7531967163, 17.2059860229, 17.6471652985, 18.0999546051, 18.5527439117, 18.9939231873, 19.4467124939, 19.8994998932, 20.3406791687, 20.7818584442, 21.2230377197, 21.6758270264, 22.128616333, 22.5814056396, 23.0341949463, 23.4753742218, 23.9165534973, 24.3809528351, 24.8221302032, 25.2633094788, 25.7160987854, 26.168888092, 26.6100673676, 27.0628566742, 27.5156459808, 27.9568252563, 28.409614563, 28.8507938385, 29.3035831451, 29.7447605133, 30.1859397888, 30.6271190643, 31.0915184021, 31.5326976776, 31.9738769531, 32.4266662598, 32.8794555664, 33.3206329346, 33.7734222412, 34.2262115479, 34.6673927307, 35.1201820374, 35.5613594055, 36.0141487122, 36.455329895, 36.908115387, 37.3492965698, 37.8020858765, 38.2548751831, 38.7076644897, 39.1488418579, 39.5900230408, 40.0428123474, 40.4956016541, 40.9367790222, 41.3779602051, 41.8191375732, 42.2719268799, 42.7247161865, 43.1658935547, 43.6302947998, 44.071472168, 44.5126533508, 44.953830719]
},
"tonal": {
    "chords_changes_rate": 0.100823044777,
    "chords_number_rate": 0.0123456791043,
    "chords_strength": {
        "mean": 0.425109297037,
        "var": 0.0102092791349
    },
    "hpcp_entropy": {
        "mean": 2.25348949432,
        "var": 0.568584918976
    },
    "key_strength": 0.493566215038,
    "tuning_diatonic_strength": 0.413096576929,
    "tuning_equal_tempered_deviation": 0.103418581188,
    "tuning_frequency": 442.293365479,
    "tuning_nontempered_energy_ratio": 0.809076011181,
    "hpcp": {
        "mean": [0.100074477494, 0.186519861221, 0.330794304609, 0.338774830103, 0.208913162351, 0.123406730592, 0.0863029137254, 0.0530701167881, 0.0444913990796, 0.0469218082726, 0.0420709550381, 0.0480271615088, 0.0525960698724, 0.0461306907237, 0.0452936291695, 0.0497140102088, 0.0483504235744, 0.0453847050667, 0.0435303747654, 0.0426130741835, 0.0423652380705, 0.0386081561446, 0.0384363457561, 0.0445863232017, 0.0427491441369, 0.035221375525, 0.0400481447577, 0.0461690351367, 0.0420597605407, 0.0877425298095, 0.164481580257, 0.165706977248, 0.133990854025, 0.122675687075, 0.106641978025, 0.0919179171324],
        "var": [0.0472975298762, 0.0880930051208, 0.162082150578, 0.155077889562, 0.104312360287, 0.065443597734, 0.0473406985402, 0.0206192079931, 0.0182828567922, 0.0198754649609, 0.014547361061, 0.019676707685, 0.0226027201861, 0.0182662829757, 0.0164237711579, 0.0145184705034, 0.0161435306072, 0.0165063478053, 0.0181655343622, 0.016022708267, 0.0165464971215, 0.0137119069695, 0.013438702561, 0.0159847252071, 0.0126795414835, 0.00860488042235, 0.0131200710312, 0.0191123541445, 0.016139196232, 0.0381078310311, 0.106354407966, 0.088604323566, 0.0673794001341, 0.058436602354, 0.0493295863271, 0.0429256036878]
    },
    "chords_histogram": [15.9465017319, 46.3991775513, 0, 0, 7.51028823853, 2.26337456703, 0, 0, 1.33744859695, 0, 1.13168728352, 2.98353910446, 0, 7.09876537323, 0, 1.02880656719, 0, 0.823045253754, 6.58436203003, 0.617283940315, 1.33744859695, 0.308641970158, 4.32098770142, 0.308641970158],
    "thpcp": [1, 0.616672635078, 0.364273607731, 0.254750072956, 0.156653061509, 0.131330296397, 0.138504415751, 0.124185599387, 0.141767203808, 0.155253767967, 0.136169180274, 0.133698329329, 0.146746471524, 0.142721414566, 0.13396717608, 0.128493532538, 0.125785827637, 0.125054270029, 0.113964065909, 0.113456912339, 0.131610497832, 0.126187488437, 0.103966921568, 0.118214637041, 0.136282369494, 0.124152556062, 0.258999556303, 0.48551890254, 0.489136040211, 0.395515978336, 0.362115710974, 0.314787179232, 0.271324515343, 0.295401155949, 0.550571799278, 0.976442992687],
    "chords_key": "G",
    "chords_scale": "minor",
    "key_key": "D#",
    "key_scale": "major"
}
}