{
"lowlevel": {
    "average_loudness": 0.835162401199,
    "barkbands_crest": {
        "mean": 12.872754097,
        "var": 25.2676544189
    },
    "barkbands_flatness_db": {
        "mean": 0.153440788388,
        "var": 0.00296171009541
    },
    "barkbands_kurtosis": {
        "mean": 11.3107681274,
        "var": 226.927154541
    },
    "barkbands_skewness": {
        "mean": 2.67167448997,
        "var": 2.42769098282
    },
    "barkbands_spread": {
        "mean": 15.2648630142,
        "var": 93.0544967651
    },
    "dissonance": {
        "mean": 0.478643774986,
        "var": 0.000272618170129
    },
    "dynamic_complexity": 2.56109046936,
    "erbbands_crest": {
        "mean": 6.86142587662,
        "var": 19.0113487244
    },
    "erbbands_flatness_db": {
        "mean": 0.129149734974,
        "var": 0.00127400795463
    },
    "erbbands_kurtosis": {
        "mean": -0.441215217113,
        "var": 2.85522007942
    },
    "erbbands_skewness": {
        "mean": 0.235057160258,
        "var": 0.223743543029
    },
    "erbbands_spread": {
        "mean": 46.7159576416,
        "var": 169.257980347
    },
    "hfc": {
        "mean": 14.8244953156,
        "var": 212.832046509
    },
    "melbands_crest": {
        "mean": 17.2069549561,
        "var": 32.5102958679
    },
    "melbands_flatness_db": {
        "mean": 0.243863835931,
        "var": 0.00525690848008
    },
    "melbands_kurtosis": {
        "mean": 29.2132663727,
        "var": 1005.26403809
    },
    "melbands_skewness": {
        "mean": 4.04854488373,
        "var": 3.98721432686
    },
    "melbands_spread": {
        "mean": 13.9112253189,
        "var": 149.283874512
    },
    "pitch_salience": {
        "mean": 0.513781547546,
        "var": 0.0215162523091
    },
    "silence_rate_20dB": {
        "mean": 1,
        "var": 0
    },
    "silence_rate_30dB": {
        "mean": 0.914006173611,
        "var": 0.0786002129316
    },
    "silence_rate_60dB": {
        "mean": 0.0453141108155,
        "var": 0.0432597734034
    },
    "spectral_centroid": {
        "mean": 1130.59484863,
        "var": 238085.828125
    },
    "spectral_complexity": {
        "mean": 19.101442337,
        "var": 84.9942398071
    },
    "spectral_decrease": {
        "mean": -1.20205969623e-008,
        "var": 1.08219410883e-016
    },
    "spectral_energy": {
        "mean": 0.0467131398618,
        "var": 0.0015958052827
    },
    "spectral_energyband_high": {
        "mean": 0.000428868195741,
        "var": 5.18109686709e-007
    },
    "spectral_energyband_low": {
        "mean": 0.0318210758269,
        "var": 0.00120975531172
    },
    "spectral_energyband_middle_high": {
        "mean": 0.00366117502563,
        "var": 3.07814661937e-005
    },
    "spectral_energyband_middle_low": {
        "mean": 0.0124189099297,
        "var": 0.000220919988351
    },
    "spectral_entropy": {
        "mean": 7.56378602982,
        "var": 0.118242412806
    },
    "spectral_flux": {
        "mean": 0.108390375972,
        "var": 0.00514142401516
    },
    "spectral_kurtosis": {
        "mean": 5.07153606415,
        "var": 5.74164962769
    },
    "spectral_rms": {
        "mean": 0.00611922238022,
        "var": 8.12888902146e-006
    },
    "spectral_rolloff": {
        "mean": 744.780578613,
        "var": 920365.375
    },
    "spectral_skewness": {
        "mean": 1.660125494,
        "var": 0.119514241815
    },
    "spectral_spread": {
        "mean": 4279586.5,
        "var": 1.76674059059e+012
    },
    "spectral_strongpeak": {
        "mean": 0.521401524544,
        "var": 0.659605145454
    },
    "zerocrossingrate": {
        "mean": 0.0352025143802,
        "var": 0.000638828263618
    },
    "barkbands": {
        "mean": [0.00207145279273, 0.0216062068939, 0.00658302754164, 0.00298150023445, 0.00532942824066, 0.00172821513843, 0.000857908569742, 0.000745499855839, 0.000681003788486, 0.000824842602015, 0.00023548619356, 0.000625207263511, 0.000390181317925, 0.000223619092139, 0.000226649441174, 0.00030100918957, 0.000335872551659, 0.000231538433582, 0.000244685506914, 0.000117507566756, 0.000133144771098, 8.08685072116e-005, 6.18979611318e-005, 4.26488404628e-005, 3.12127667712e-005, 2.08257060876e-005, 1.70048440395e-006],
        "var": [9.09485152079e-006, 0.000662061735056, 0.000168585655047, 4.10594875575e-005, 6.64213657728e-005, 3.36098833031e-006, 2.24711743613e-006, 8.81713219769e-007, 5.37049913873e-007, 8.36968229123e-006, 7.36954817171e-008, 6.06387447988e-006, 6.98378755715e-007, 4.56615907751e-007, 5.5699490531e-007, 1.60291762086e-007, 1.42251749935e-007, 8.41727327838e-008, 7.84305527191e-008, 3.43671473502e-008, 6.41275477165e-008, 2.36888251237e-008, 1.29007258209e-008, 7.53959827904e-009, 6.41937569767e-009, 2.2231314567e-009, 2.35636163359e-011]
    },
    "erbbands": {
        "mean": [0.668111383915, 4.58593130112, 8.46298599243, 9.39981460571, 11.4220399857, 18.5296859741, 19.8393249512, 13.8086509705, 13.8564767838, 12.7981910706, 16.0077838898, 15.2946710587, 16.7871227264, 28.3914699554, 12.206278801, 29.3237934113, 19.5773963928, 11.6097049713, 12.8770532608, 11.3151226044, 18.4228973389, 18.4675197601, 13.0524320602, 11.2103652954, 13.6422243118, 5.88540124893, 5.48282289505, 4.85408639908, 3.10052895546, 2.23542809486, 1.68488180637, 1.06606543064, 0.637852668762, 0.366300433874, 0.196075454354, 0.0968925729394, 0.0364364981651, 0.00726646138355, 0.000203699470148, 5.73227007408e-005],
        "var": [0.717184066772, 34.7101402283, 209.032501221, 360.597930908, 398.097961426, 884.175842285, 1007.22833252, 225.219009399, 488.205963135, 336.004180908, 486.08895874, 307.894195557, 499.973571777, 11790.7851563, 318.221618652, 15692.3496094, 1490.54614258, 956.891906738, 1320.16235352, 637.528198242, 622.49621582, 432.129699707, 231.583969116, 188.651672363, 226.418197632, 74.922454834, 101.193748474, 90.1083068848, 38.6698913574, 17.1205825806, 9.62767219543, 4.18109750748, 2.45487976074, 0.766934394836, 0.20536197722, 0.0532182790339, 0.00622351001948, 0.00034992696601, 2.16748574644e-007, 2.28679875036e-009]
    },
    "gfcc": {
        "mean": [3.61372971535, 108.039649963, -101.498191833, 38.1675109863, -44.4392166138, 9.18524646759, -31.2969017029, 17.6708469391, -22.2628765106, 1.06208086014, -13.0947189331, 8.0889081955, -9.92143630981],
        "cov": [[4379.47802734, -644.046813965, 288.079559326, 351.802520752, -120.326622009, 440.03503418, -111.664169312, -248.278778076, -125.039390564, 163.402130127, -196.255615234, -37.8549957275, -123.139503479], [-644.046813965, 710.064025879, 87.7274703979, -22.2499332428, 215.304412842, -77.5609741211, 127.026535034, 72.2710494995, 104.82244873, -87.9817276001, 79.4460144043, -41.8777542114, 46.4347343445], [288.079559326, 87.7274703979, 521.827880859, 137.806121826, 186.597045898, 168.143890381, 81.3641052246, 93.6189651489, 45.1337661743, 13.6002931595, -30.9971427917, -27.5326404572, -36.9594726563], [351.802520752, -22.2499332428, 137.806121826, 175.202911377, 56.3784561157, 81.6219863892, 37.3342170715, -10.7368011475, 22.6265068054, 19.5401725769, -9.7301235199, -16.0771217346, -2.28836154938], [-120.326622009, 215.304412842, 186.597045898, 56.3784561157, 199.353134155, 54.9218444824, 72.3513641357, 64.471572876, 54.5857620239, -20.3930397034, 19.8173179626, -6.30819511414, 1.91197299957], [440.03503418, -77.5609741211, 168.143890381, 81.6219863892, 54.9218444824, 179.534515381, 51.3337860107, 8.76882362366, 7.67116451263, 26.4574012756, -22.7601623535, -6.31566095352, -20.58477211], [-111.664169312, 127.026535034, 81.3641052246, 37.3342170715, 72.3513641357, 51.3337860107, 120.783996582, 54.1052474976, 32.2122459412, -8.94372081757, 26.3428859711, -8.65808010101, 8.02767467499], [-248.278778076, 72.2710494995, 93.6189651489, -10.7368011475, 64.471572876, 8.76882362366, 54.1052474976, 129.951568604, 52.2614746094, -6.70816850662, 11.6693315506, 10.891954422, 3.54327535629], [-125.039390564, 104.82244873, 45.1337661743, 22.6265068054, 54.5857620239, 7.67116451263, 32.2122459412, 52.2614746094, 95.3214111328, 11.0209932327, 10.1908845901, -1.22161483765, 20.4785079956], [163.402130127, -87.9817276001, 13.6002931595, 19.5401725769, -20.3930397034, 26.4574012756, -8.94372081757, -6.70816850662, 11.0209932327, 60.7348098755, 9.08336734772, 6.64033412933, -8.51204013824], [-196.255615234, 79.4460144043, -30.9971427917, -9.7301235199, 19.8173179626, -22.7601623535, 26.3428859711, 11.6693315506, 10.1908845901, 9.08336734772, 70.0791549683, 21.2065029144, 15.2669944763], [-37.8549957275, -41.8777542114, -27.5326404572, -16.0771217346, -6.30819511414, -6.31566095352, -8.65808010101, 10.891954422, -1.22161483765, 6.64033412933, 21.2065029144, 54.9846000671, 23.2745838165], [-123.139503479, 46.4347343445, -36.9594726563, -2.28836154938, 1.91197299957, -20.58477211, 8.02767467499, 3.54327535629, 20.4785079956, -8.51204013824, 15.2669944763, 23.2745838165, 52.2544975281]],
        "icov": [[0.000510379148182, -0.000445505895186, 0.000127979568788, -0.000856314669363, 0.000496847205795, -0.00115713221021, 0.000557190156542, 0.000304105546093, 0.000592638039961, -0.00109492486808, 0.00126197747886, -0.000847358256578, 0.000669501547236], [-0.000445505895186, 0.00652712164447, -0.0013935638126, 0.00344996433705, -0.00473614409566, 0.00416378444061, -0.00356234190986, 0.00293865171261, -0.0052139419131, 0.00697154132649, -0.00671407254413, 0.00685294345021, -0.00343480962329], [0.000127979568788, -0.0013935638126, 0.00529186241329, -0.00270480522886, -0.0024695545435, -0.00324822752737, 0.00163148494903, -0.00380449858494, 0.00269210129045, -0.00299788103439, 0.00330275623128, -0.000291049742373, 0.0016038356116], [-0.000856314669363, 0.00344996433705, -0.00270480522886, 0.0120887570083, -0.00357125769369, 0.00178025907371, -0.00420933309942, 0.0047699068673, -0.00462010223418, 0.00213155685924, -0.00370661355555, 0.00536279240623, -0.00446001486853], [0.000496847205795, -0.00473614409566, -0.0024695545435, -0.00357125769369, 0.0153764793649, -0.00430496875197, 0.00147222040687, -0.00184122496285, -0.00137943215668, 0.00212370743975, -0.000128830622998, -0.00589186744764, 0.00466505298391], [-0.00115713221021, 0.00416378444061, -0.00324822752737, 0.00178025907371, -0.00430496875197, 0.0164217781276, -0.00935085769743, 0.00406636903062, -0.00305286515504, 0.000271605036687, 0.000612951465882, -4.89642807224e-005, 0.000224417934078], [0.000557190156542, -0.00356234190986, 0.00163148494903, -0.00420933309942, 0.00147222040687, -0.00935085769743, 0.0202184859663, -0.00826930068433, 0.00364064634778, 0.000239273707848, -0.00524770654738, 0.00436353869736, -0.00263275718316], [0.000304105546093, 0.00293865171261, -0.00380449858494, 0.0047699068673, -0.00184122496285, 0.00406636903062, -0.00826930068433, 0.0185832418501, -0.0103601049632, 0.00430954946205, -3.25654254993e-005, -0.00543024623767, 0.00449310056865], [0.000592638039961, -0.0052139419131, 0.00269210129045, -0.00462010223418, -0.00137943215668, -0.00305286515504, 0.00364064634778, -0.0103601049632, 0.0250850822777, -0.0150484703481, 0.00753837591037, 0.00160639791284, -0.00847746711224], [-0.00109492486808, 0.00697154132649, -0.00299788103439, 0.00213155685924, 0.00212370743975, 0.000271605036687, 0.000239273707848, 0.00430954946205, -0.0150484703481, 0.0362324751914, -0.017823766917, 0.00345245585777, 0.00436729053035], [0.00126197747886, -0.00671407254413, 0.00330275623128, -0.00370661355555, -0.000128830622998, 0.000612951465882, -0.00524770654738, -3.25654254993e-005, 0.00753837591037, -0.017823766917, 0.0340558998287, -0.0168994646519, 0.00388795346953], [-0.000847358256578, 0.00685294345021, -0.000291049742373, 0.00536279240623, -0.00589186744764, -4.89642807224e-005, 0.00436353869736, -0.00543024623767, 0.00160639791284, 0.00345245585777, -0.0168994646519, 0.0404910184443, -0.0213281307369], [0.000669501547236, -0.00343480962329, 0.0016038356116, -0.00446001486853, 0.00466505298391, 0.000224417934078, -0.00263275718316, 0.00449310056865, -0.00847746711224, 0.00436729053035, 0.00388795346953, -0.0213281307369, 0.0371211767197]]
    },
    "melbands": {
        "mean": [0.00610298803076, 0.00515546929091, 0.00165480328724, 0.00110241340008, 0.000746740784962, 0.00030470159254, 0.000208061581361, 0.000142927514389, 0.000126705199364, 9.43635241129e-005, 8.4667452029e-005, 0.000122144061606, 3.49908368662e-005, 7.10196545697e-005, 5.46541486983e-005, 3.61541351594e-005, 1.96976343432e-005, 2.12104168895e-005, 1.5898822312e-005, 1.59103492479e-005, 2.20516576519e-005, 1.75666009454e-005, 1.70397997863e-005, 1.08807153083e-005, 8.16446663521e-006, 1.16320006782e-005, 5.63367939321e-006, 3.4515844618e-006, 3.4005586258e-006, 3.16786122312e-006, 2.68310009233e-006, 1.8223911411e-006, 1.36721951094e-006, 1.20577601592e-006, 1.02247156519e-006, 7.47132446577e-007, 6.1387589767e-007, 4.53554321211e-007, 3.9618299752e-007, 2.76369263474e-007],
        "var": [5.13017148478e-005, 5.27339871041e-005, 9.89160253084e-006, 2.86106933345e-006, 1.53689848048e-006, 1.1384134524e-007, 1.1035837133e-007, 3.87822893799e-008, 3.14241965782e-008, 1.0538820483e-008, 1.43899328009e-008, 2.29492314929e-007, 1.8976420435e-009, 7.34037897132e-008, 2.26888534627e-008, 8.11981415438e-009, 3.12762615806e-009, 4.03327549137e-009, 4.54587700816e-009, 4.43885428414e-010, 9.83113701558e-010, 5.15835374415e-010, 2.94184843153e-010, 1.99772628995e-010, 1.1670839295e-010, 1.65409824726e-010, 5.725589447e-011, 2.89578586804e-011, 3.89511339849e-011, 3.79416845164e-011, 2.98048634384e-011, 1.7082505549e-011, 6.4759907506e-012, 5.40132478674e-012, 3.77047611883e-012, 1.90420335749e-012, 1.50466043704e-012, 1.17019935408e-012, 2.35865298646e-012, 3.29818529259e-013]
    },
    "mfcc": {
        "mean": [-644.262329102, 139.257446289, 4.22405767441, 35.0571212769, 10.3292570114, 0.974686086178, 4.06535291672, 13.8443450928, 1.05358743668, 0.486254185438, 1.06197464466, 2.49376368523, 1.18095648289],
        "cov": [[3850.68847656, -844.918579102, 313.367736816, -22.5469360352, 4.74864768982, 501.43157959, -6.05097150803, -230.888671875, -13.2815542221, 5.19559955597, -100.972671509, 14.045249939, -77.8794021606], [-844.918579102, 725.798278809, -21.9426631927, 83.064125061, 110.896842957, -95.3581619263, 59.9908447266, 133.639038086, 49.3380050659, 33.5788002014, 53.4465255737, 15.3904409409, 41.1318054199], [313.367736816, -21.9426631927, 319.544464111, 62.4350471497, 115.440322876, 118.322776794, 76.9567642212, 53.1234703064, 70.5808029175, 49.1171073914, 33.854347229, 16.9899215698, -2.3837723732], [-22.5469360352, 83.064125061, 62.4350471497, 129.13873291, 55.6864624023, 29.7789516449, 29.1139221191, 28.1235027313, 26.8440761566, 19.2547245026, 16.257396698, 13.1669025421, 8.91210460663], [4.74864768982, 110.896842957, 115.440322876, 55.6864624023, 157.676361084, 48.2883033752, 35.5235900879, 61.5402946472, 48.995803833, 23.7115135193, 28.7107334137, 19.4106369019, 12.0338602066], [501.43157959, -95.3581619263, 118.322776794, 29.7789516449, 48.2883033752, 177.746017456, 49.9853286743, -11.881026268, 24.3440723419, 17.5240478516, -4.42437696457, 21.8515758514, -0.364579856396], [-6.05097150803, 59.9908447266, 76.9567642212, 29.1139221191, 35.5235900879, 49.9853286743, 105.54990387, 54.942779541, 14.7375841141, 23.0304164886, 20.1604328156, 8.53016090393, 16.5014820099], [-230.888671875, 133.639038086, 53.1234703064, 28.1235027313, 61.5402946472, -11.881026268, 54.942779541, 118.819969177, 56.3631286621, 22.4060592651, 31.9068908691, 10.6511993408, 14.2913427353], [-13.2815542221, 49.3380050659, 70.5808029175, 26.8440761566, 48.995803833, 24.3440723419, 14.7375841141, 56.3631286621, 90.5886001587, 36.770275116, 16.2941322327, 15.4149360657, 1.3802074194], [5.19559955597, 33.5788002014, 49.1171073914, 19.2547245026, 23.7115135193, 17.5240478516, 23.0304164886, 22.4060592651, 36.770275116, 61.309223175, 30.8519744873, 4.62292957306, 4.48134803772], [-100.972671509, 53.4465255737, 33.854347229, 16.257396698, 28.7107334137, -4.42437696457, 20.1604328156, 31.9068908691, 16.2941322327, 30.8519744873, 57.0440406799, 14.0529212952, 8.51951789856], [14.045249939, 15.3904409409, 16.9899215698, 13.1669025421, 19.4106369019, 21.8515758514, 8.53016090393, 10.6511993408, 15.4149360657, 4.62292957306, 14.0529212952, 57.3169441223, 24.2551555634], [-77.8794021606, 41.1318054199, -2.3837723732, 8.91210460663, 12.0338602066, -0.364579856396, 16.5014820099, 14.2913427353, 1.3802074194, 4.48134803772, 8.51951789856, 24.2551555634, 41.9462394714]],
        "icov": [[0.000566213333514, 0.000328203925164, -0.000224430463277, 9.37923687161e-005, -4.69539554615e-005, -0.00132291181944, 0.000350784626789, 0.000305606052279, 0.00025305422605, -0.000357641954906, 0.00051193422405, -0.000128737621708, 0.000456946116174], [0.000328203925164, 0.00251346523874, 0.000787673459854, -0.000903802982066, -0.00161175767425, 0.000788835983258, -0.000954327580985, -0.000767847406678, -0.000115604678285, -0.000672437949106, 0.000120965800306, -7.44510259665e-007, -0.000460720621049], [-0.000224430463277, 0.000787673459854, 0.00670363102108, -0.000801463029347, -0.00324945966713, -0.00107394647785, -0.00331605388783, 0.000690180633683, -0.00287715205923, -0.000484086602228, -0.00182435056195, 0.000508205150254, 0.0015775031643], [9.37923687161e-005, -0.000903802982066, -0.000801463029347, 0.0100124673918, -0.00183320918586, -0.000862967979629, -0.00083082227502, 0.000982707599178, -0.000734036264475, -0.000574227946345, -6.86516505084e-005, -0.000633813731838, -0.000136055241455], [-4.69539554615e-005, -0.00161175767425, -0.00324945966713, -0.00183320918586, 0.0127439908683, -0.00332551565953, 0.00377572258003, -0.00451724696904, -0.000141462631291, 0.00164952059276, -0.00225261924788, 0.000281374144834, -0.00180993927643], [-0.00132291181944, 0.000788835983258, -0.00107394647785, -0.000862967979629, -0.00332551565953, 0.0154119599611, -0.00855186861008, 0.00590797141194, -0.00399635545909, 0.000249870732659, 0.00218168739229, -0.00397207029164, 0.00129052414559], [0.000350784626789, -0.000954327580985, -0.00331605388783, -0.00083082227502, 0.00377572258003, -0.00855186861008, 0.0227304529399, -0.0135292960331, 0.0102056516334, -0.00564991869032, 0.00108237809036, 0.00203767465428, -0.0050452449359], [0.000305606052279, -0.000767847406678, 0.000690180633683, 0.000982707599178, -0.00451724696904, 0.00590797141194, -0.0135292960331, 0.0264331772923, -0.01610785909, 0.00800056941807, -0.00671782018617, 0.00195334409364, -0.00127532170154], [0.00025305422605, -0.000115604678285, -0.00287715205923, -0.000734036264475, -0.000141462631291, -0.00399635545909, 0.0102056516334, -0.01610785909, 0.0290423296392, -0.0159051679075, 0.00887266919017, -0.00673688249663, 0.00489177089185], [-0.000357641954906, -0.000672437949106, -0.000484086602228, -0.000574227946345, 0.00164952059276, 0.000249870732659, -0.00564991869032, 0.00800056941807, -0.0159051679075, 0.0340471453965, -0.0177764836699, 0.00701430160552, -0.00444395421073], [0.00051193422405, 0.000120965800306, -0.00182435056195, -6.86516505084e-005, -0.00225261924788, 0.00218168739229, 0.00108237809036, -0.00671782018617, 0.00887266919017, -0.0177764836699, 0.0329013764858, -0.00905421655625, 0.00343128689565], [-0.000128737621708, -7.44510259665e-007, 0.000508205150254, -0.000633813731838, 0.000281374144834, -0.00397207029164, 0.00203767465428, 0.00195334409364, -0.00673688249663, 0.00701430160552, -0.00905421655625, 0.0289138872176, -0.0170651432127], [0.000456946116174, -0.000460720621049, 0.0015775031643, -0.000136055241455, -0.00180993927643, 0.00129052414559, -0.0050452449359, -0.00127532170154, 0.00489177089185, -0.00444395421073, 0.00343128689565, -0.0170651432127, 0.0376932248473]]
    },
    "spectral_contrast_coeffs": {
        "mean": [-0.672748804092, -0.771347284317, -0.794137656689, -0.82242757082, -0.787580788136, -0.776409566402],
        "var": [0.00662781810388, 0.00231909332797, 0.00253700255416, 0.00114288844634, 0.00171473308001, 0.00123908591922]
    },
    "spectral_contrast_valleys": {
        "mean": [-6.57782173157, -6.43579864502, -7.05745267868, -7.60473012924, -7.5650100708, -10.262717247],
        "var": [1.0506708622, 0.567731559277, 0.564269721508, 0.721081674099, 0.903161406517, 0.96692186594]
    }
},
"metadata": {
    "audio_properties": {
        "analysis_sample_rate": 44100,
        "bit_rate": 128074,
        "equal_loudness": 0,
        "length": 45.0612258911,
        "lossless": 0,
        "replay_gain": -5.10320663452,
        "sample_rate": 44100,
        "codec": "mp3",
        "downmix": "mix",
        "md5_encoded": "dd867e4c9ea9ccd9c0e930018c5a10fb"
    },
    "tags": {
        "file_name": "1583.mp3"
    },
    "version": {
        "essentia": "2.1-beta2",
        "essentia_git_sha": "v2.1_beta2",
        "extractor": "music 1.0"
    }
},
"rhythm": {
    "beats_count": 65,
    "beats_loudness": {
        "mean": 0.0713994204998,
        "var": 0.00190875260159
    },
    "bpm": 87.7072753906,
    "bpm_histogram_first_peak_bpm": {
        "mean": 88,
        "var": 0
    },
    "bpm_histogram_first_peak_spread": {
        "mean": 0.051724139601,
        "var": 0
    },
    "bpm_histogram_first_peak_weight": {
        "mean": 0.859375,
        "var": 0
    },
    "bpm_histogram_second_peak_bpm": {
        "mean": 82,
        "var": 0
    },
    "bpm_histogram_second_peak_spread": {
        "mean": 0,
        "var": 0
    },
    "bpm_histogram_second_peak_weight": {
        "mean": 0.09375,
        "var": 0
    },
    "danceability": 1.14610469341,
    "onset_rate": 4.17022132874,
    "beats_loudness_band_ratio": {
        "mean": [0.604824662209, 0.254750043154, 0.0623032413423, 0.0654972791672, 0.049404554069, 0.0314083062112],
        "var": [0.0650272369385, 0.0340556837618, 0.00224421895109, 0.00709519488737, 0.00186823913828, 0.00136534497142]
    },
    "beats_position": [0.673378646374, 1.369977355, 2.06657600403, 2.77478456497, 3.51782298088, 4.2492518425, 4.96907043457, 5.70049858093, 6.43192720413, 7.1517457962, 7.83673477173, 8.52172279358, 9.2067117691, 9.89170074463, 10.5650787354, 11.2500677109, 11.9234466553, 12.6084346771, 13.2934236526, 13.9784126282, 14.6517915726, 15.3367795944, 16.0217685699, 16.6951465607, 17.3801364899, 18.0651245117, 18.7385025024, 19.4234924316, 20.1084804535, 20.7818584442, 21.4668483734, 22.1518363953, 22.8368244171, 23.5218143463, 24.195192337, 24.8801803589, 25.5651702881, 26.2385482788, 26.9235363007, 27.6085262299, 28.2935142517, 28.9785022736, 29.6518821716, 30.3252601624, 31.0102481842, 31.6952381134, 32.3802261353, 33.0652160645, 33.750202179, 34.4351921082, 35.1085700989, 35.7935600281, 36.4785499573, 37.151927948, 37.8369140625, 38.5219039917, 39.2068939209, 39.8918800354, 40.5652618408, 41.2502479553, 41.9352378845, 42.6086158752, 43.2936058044, 43.9785919189, 44.6635818481]
},
"tonal": {
    "chords_changes_rate": 0.0483539104462,
    "chords_number_rate": 0.00514403311536,
    "chords_strength": {
        "mean": 0.506031095982,
        "var": 0.00402883160859
    },
    "hpcp_entropy": {
        "mean": 2.30282974243,
        "var": 0.56009966135
    },
    "key_strength": 0.753123998642,
    "tuning_diatonic_strength": 0.576308786869,
    "tuning_equal_tempered_deviation": 0.24667327106,
    "tuning_frequency": 434.193115234,
    "tuning_nontempered_energy_ratio": 0.943660020828,
    "hpcp": {
        "mean": [0.267584830523, 0.342386156321, 0.204187661409, 0.0837517678738, 0.0659682378173, 0.0609291009605, 0.0626537203789, 0.0635591223836, 0.0764674544334, 0.0996247008443, 0.0906957909465, 0.07084723562, 0.126779779792, 0.16144798696, 0.12454136461, 0.213334262371, 0.374655604362, 0.313850998878, 0.142262160778, 0.0730427950621, 0.0662453100085, 0.102397628129, 0.115161806345, 0.183826223016, 0.261029779911, 0.147375375032, 0.056366648525, 0.145392790437, 0.177271261811, 0.101432599127, 0.0721919983625, 0.0786203593016, 0.0853643715382, 0.0865284278989, 0.086125023663, 0.127205535769],
        "var": [0.0880729109049, 0.111732572317, 0.0537896566093, 0.0265645440668, 0.0291801970452, 0.01967500709, 0.0211339686066, 0.0248528402299, 0.0289179198444, 0.032913852483, 0.033381100744, 0.0247427914292, 0.0457213036716, 0.0685757547617, 0.0376427397132, 0.0643251687288, 0.145735800266, 0.11498195678, 0.0543015822768, 0.0274291783571, 0.0189211480319, 0.0265036560595, 0.0303256157786, 0.0467991940677, 0.114255085588, 0.0350819714367, 0.0181817058474, 0.044400844723, 0.0640796869993, 0.0274063553661, 0.0301740448922, 0.0370266325772, 0.039203684777, 0.0318779498339, 0.0371948294342, 0.0499115623534]
    },
    "chords_histogram": [22.8395061493, 0, 3.18930029869, 0, 0, 0, 0.205761313438, 58.436214447, 4.11522626877, 11.2139921188, 0, 0, 0, 0, 0, 0, 0, 0, 0, 0, 0, 0, 0, 0],
    "thpcp": [1, 0.837705314159, 0.379714488983, 0.194959834218, 0.176816552877, 0.273311346769, 0.307380437851, 0.49065387249, 0.696719288826, 0.393362253904, 0.150449231267, 0.388070493937, 0.473157912493, 0.270735561848, 0.192688956857, 0.209847018123, 0.227847576141, 0.23095458746, 0.229877844453, 0.339526593685, 0.714215457439, 0.913869023323, 0.545000970364, 0.223543345928, 0.176077008247, 0.162626951933, 0.167230173945, 0.169646799564, 0.204100653529, 0.265910089016, 0.242077767849, 0.189099624753, 0.338390171528, 0.430923730135, 0.33241558075, 0.569414317608],
    "chords_key": "D",
    "chords_scale": "major",
    "key_key": "D",
    "key_scale": "minor"
}
}