{
"lowlevel": {
    "average_loudness": 0.934975862503,
    "barkbands_crest": {
        "mean": 11.7270174026,
        "var": 22.3212013245
    },
    "barkbands_flatness_db": {
        "mean": 0.143012598157,
        "var": 0.00312650389969
    },
    "barkbands_kurtosis": {
        "mean": 8.55129814148,
        "var": 314.229675293
    },
    "barkbands_skewness": {
        "mean": 2.02751779556,
        "var": 3.27822709084
    },
    "barkbands_spread": {
        "mean": 22.4382343292,
        "var": 226.866516113
    },
    "dissonance": {
        "mean": 0.471447616816,
        "var": 0.000660558405798
    },
    "dynamic_complexity": 2.79088234901,
    "erbbands_crest": {
        "mean": 9.0081577301,
        "var": 23.0066947937
    },
    "erbbands_flatness_db": {
        "mean": 0.146581068635,
        "var": 0.00173909950536
    },
    "erbbands_kurtosis": {
        "mean": 0.519471645355,
        "var": 4.79228496552
    },
    "erbbands_skewness": {
        "mean": 0.258758664131,
        "var": 0.726225972176
    },
    "erbbands_spread": {
        "mean": 42.7241172791,
        "var": 419.461334229
    },
    "hfc": {
        "mean": 19.0896015167,
        "var": 226.15663147
    },
    "melbands_crest": {
        "mean": 15.9224147797,
        "var": 29.4151325226
    },
    "melbands_flatness_db": {
        "mean": 0.209675595164,
        "var": 0.00544190499932
    },
    "melbands_kurtosis": {
        "mean": 25.4229507446,
        "var": 1792.54174805
    },
    "melbands_skewness": {
        "mean": 3.40669512749,
        "var": 6.10675811768
    },
    "melbands_spread": {
        "mean": 22.0748920441,
        "var": 359.188201904
    },
    "pitch_salience": {
        "mean": 0.4963747859,
        "var": 0.0203383099288
    },
    "silence_rate_20dB": {
        "mean": 1,
        "var": 0
    },
    "silence_rate_30dB": {
        "mean": 0.938208043575,
        "var": 0.0579719655216
    },
    "silence_rate_60dB": {
        "mean": 0.0375901125371,
        "var": 0.0361763313413
    },
    "spectral_centroid": {
        "mean": 1505.93688965,
        "var": 513861.40625
    },
    "spectral_complexity": {
        "mean": 18.6467552185,
        "var": 90.336730957
    },
    "spectral_decrease": {
        "mean": -9.54271506259e-009,
        "var": 7.3852220336e-017
    },
    "spectral_energy": {
        "mean": 0.0377478264272,
        "var": 0.00108252163045
    },
    "spectral_energyband_high": {
        "mean": 0.000727621023543,
        "var": 1.20923834857e-006
    },
    "spectral_energyband_low": {
        "mean": 0.0216924156994,
        "var": 0.000942646234762
    },
    "spectral_energyband_middle_high": {
        "mean": 0.00484334072098,
        "var": 3.49724723492e-005
    },
    "spectral_energyband_middle_low": {
        "mean": 0.0111149763688,
        "var": 0.000177143927431
    },
    "spectral_entropy": {
        "mean": 7.72369432449,
        "var": 0.105811536312
    },
    "spectral_flux": {
        "mean": 0.106630116701,
        "var": 0.00344411679544
    },
    "spectral_kurtosis": {
        "mean": 3.34625101089,
        "var": 3.77209377289
    },
    "spectral_rms": {
        "mean": 0.00555915711448,
        "var": 5.92290552959e-006
    },
    "spectral_rolloff": {
        "mean": 1237.6151123,
        "var": 1667434.75
    },
    "spectral_skewness": {
        "mean": 1.31469237804,
        "var": 0.146330550313
    },
    "spectral_spread": {
        "mean": 4490335,
        "var": 1.50990906982e+012
    },
    "spectral_strongpeak": {
        "mean": 0.815144896507,
        "var": 1.22790014744
    },
    "zerocrossingrate": {
        "mean": 0.0527595169842,
        "var": 0.000921060855035
    },
    "barkbands": {
        "mean": [0.000434087560279, 0.0145388254896, 0.00619018543512, 0.00111894204747, 0.00250659696758, 0.0012476380216, 0.00174375227652, 0.00253124767914, 0.00173979334068, 0.000924795982428, 0.00051838287618, 0.000336038036039, 0.000609553244431, 0.000528975215275, 0.00055517454166, 0.000390447559766, 0.000379236735171, 0.000246621988481, 0.000348428875441, 0.000261990266154, 0.000234008359257, 0.00016568772844, 9.52470873017e-005, 5.95661076659e-005, 3.25204418914e-005, 9.75662806013e-006, 3.58842925152e-007],
        "var": [8.33539161249e-007, 0.000480894581415, 0.000118325180665, 5.94342054683e-006, 1.99661080842e-005, 4.52975427834e-006, 3.36647826771e-005, 3.92535221181e-005, 2.15711079363e-005, 3.62790228792e-006, 2.56876387539e-006, 7.82938684551e-007, 4.41503925686e-006, 1.99847727345e-006, 1.39489372941e-006, 6.88753232225e-007, 5.47510410343e-007, 1.57479263407e-007, 4.77600679005e-007, 2.80471226688e-007, 1.45059658507e-007, 7.52758069211e-008, 1.79864549921e-008, 1.29575399299e-008, 3.46209372282e-009, 3.02063818403e-010, 1.55255886272e-012]
    },
    "erbbands": {
        "mean": [0.398778140545, 3.31900763512, 7.74978780746, 4.83288192749, 5.78070545197, 8.97912216187, 9.73572731018, 10.7572441101, 19.0299110413, 39.0533714294, 58.9237442017, 38.2087593079, 22.9702758789, 33.1730995178, 19.1557655334, 15.7007188797, 27.2800750732, 26.8247051239, 31.3901329041, 23.9629020691, 21.2869701385, 21.7997264862, 14.3646440506, 17.151714325, 15.7730808258, 12.4431438446, 10.1816158295, 8.44368362427, 6.02093410492, 4.23784160614, 2.50459599495, 1.51984608173, 0.881877839565, 0.440133273602, 0.18799239397, 0.0630210489035, 0.0146320639178, 0.00172620161902, 6.38570636511e-005, 4.55362715002e-005],
        "var": [0.399753749371, 26.7729625702, 175.738677979, 75.9957275391, 183.20803833, 276.965545654, 186.698394775, 460.016418457, 2780.13647461, 14605.7929688, 20010.3242188, 9969.40136719, 2538.42578125, 6939.65527344, 3000.58374023, 1385.27282715, 8910.76464844, 5631.07128906, 4482.09179688, 2806.43383789, 1652.69177246, 1865.24902344, 397.361602783, 1253.7557373, 725.705993652, 721.291564941, 282.924530029, 213.184082031, 98.347869873, 38.1310348511, 12.275305748, 8.08372497559, 2.75689601898, 0.642670750618, 0.119439400733, 0.013827261515, 0.000668859400321, 1.56443165906e-005, 1.3672877941e-008, 1.30606248039e-009]
    },
    "gfcc": {
        "mean": [7.54498720169, 92.6031723022, -116.002937317, 50.6084251404, -55.9992446899, 20.8228855133, -29.0748577118, 17.2350254059, -16.652677536, 6.37117528915, -13.2921171188, 0.0159622095525, -7.80799913406],
        "cov": [[2871.66772461, 145.977035522, -141.492477417, -5.98332929611, -176.65322876, -168.967407227, -83.2302856445, 25.4000530243, 21.0694122314, -22.4091587067, -125.375579834, -30.6554164886, -81.4033508301], [145.977035522, 757.630981445, 149.942337036, -72.4695281982, 91.1277160645, -148.574707031, 84.431388855, 6.70622110367, 93.1298675537, -124.169509888, 53.9511985779, -65.6340484619, 62.9283599854], [-141.492477417, 149.942337036, 660.968811035, 289.983856201, 23.3494358063, -35.2389335632, 47.7442398071, 25.9439334869, -39.0312957764, -48.1363258362, -17.4104766846, 28.6946315765, 60.9379806519], [-5.98332929611, -72.4695281982, 289.983856201, 437.858428955, 92.5505142212, 13.1593589783, 5.39391231537, -36.8915901184, -26.8213977814, -14.6188220978, -4.9024643898, 34.2072677612, 46.745880127], [-176.65322876, 91.1277160645, 23.3494358063, 92.5505142212, 325.290283203, 104.212928772, 35.8848838806, -12.2129049301, 31.2882232666, 19.1445426941, 49.1273536682, -5.71824216843, 22.2053909302], [-168.967407227, -148.574707031, -35.2389335632, 13.1593589783, 104.212928772, 205.945266724, 75.9900512695, 0.782193779945, -30.2826290131, 25.28266716, 22.7062244415, 7.42567443848, -6.72161340714], [-83.2302856445, 84.431388855, 47.7442398071, 5.39391231537, 35.8848838806, 75.9900512695, 178.988418579, 49.4428024292, -13.3927936554, -41.9714202881, 13.7848443985, -4.23537015915, 18.8086280823], [25.4000530243, 6.70622110367, 25.9439334869, -36.8915901184, -12.2129049301, 0.782193779945, 49.4428024292, 112.008605957, 41.3325614929, 6.55775547028, -3.8193833828, -6.87456417084, -5.01083850861], [21.0694122314, 93.1298675537, -39.0312957764, -26.8213977814, 31.2882232666, -30.2826290131, -13.3927936554, 41.3325614929, 168.344665527, 57.9989585876, 16.6235256195, -42.3144302368, -15.1808443069], [-22.4091587067, -124.169509888, -48.1363258362, -14.6188220978, 19.1445426941, 25.28266716, -41.9714202881, 6.55775547028, 57.9989585876, 120.306694031, 22.0483646393, 0.661072969437, -28.347120285], [-125.375579834, 53.9511985779, -17.4104766846, -4.9024643898, 49.1273536682, 22.7062244415, 13.7848443985, -3.8193833828, 16.6235256195, 22.0483646393, 86.8317565918, 20.4533367157, 5.20084142685], [-30.6554164886, -65.6340484619, 28.6946315765, 34.2072677612, -5.71824216843, 7.42567443848, -4.23537015915, -6.87456417084, -42.3144302368, 0.661072969437, 20.4533367157, 78.4458770752, 27.5696544647], [-81.4033508301, 62.9283599854, 60.9379806519, 46.745880127, 22.2053909302, -6.72161340714, 18.8086280823, -5.01083850861, -15.1808443069, -28.347120285, 5.20084142685, 27.5696544647, 69.9071502686]],
        "icov": [[0.000496416294482, -0.000765964854509, 0.000445682235295, -0.000565088412259, 0.00037197736674, -0.000292782759061, 0.000351893540937, -0.000536553969141, 0.000384344020858, -0.000595680379774, 0.00124417745974, -0.000817484629806, 0.00104922289029], [-0.000765964854509, 0.00713846832514, -0.00265658367425, 0.00374736497179, -0.00314402440563, 0.00573258008808, -0.00364288291894, 0.00386035488918, -0.0041221100837, 0.00653510354459, -0.00671790586784, 0.00547199789435, -0.00460455892608], [0.000445682235295, -0.00265658367425, 0.00351238925941, -0.00309770042077, 0.00124656816479, -0.00128663715441, 0.000884881359525, -0.00266119441949, 0.00218978873454, -0.00242691254243, 0.00276370975189, -0.00181646179408, 0.000973673537374], [-0.000565088412259, 0.00374736497179, -0.00309770042077, 0.00587752042338, -0.00261540268548, 0.00270807975903, -0.00190075614955, 0.00372791616246, -0.00258942740038, 0.00322876032442, -0.00271980580874, 0.00163131125737, -0.00308554456569], [0.00037197736674, -0.00314402440563, 0.00124656816479, -0.00261540268548, 0.00610130513087, -0.00508536305279, 0.00207311846316, -0.00135206407867, 0.000604046566878, -0.00247218715958, 0.000773019390181, -0.000819776323624, 0.000238379041548], [-0.000292782759061, 0.00573258008808, -0.00128663715441, 0.00270807975903, -0.00508536305279, 0.0138009143993, -0.00750355049968, 0.00359100778587, -0.000237470812863, 0.00130850658752, -0.00456389971077, 0.0038413235452, -0.0016683555441], [0.000351893540937, -0.00364288291894, 0.000884881359525, -0.00190075614955, 0.00207311846316, -0.00750355049968, 0.0122468899935, -0.00667754001915, 0.0021319326479, 0.00117231882177, 0.000817854772322, -0.000592262716964, 0.0001460408821], [-0.000536553969141, 0.00386035488918, -0.00266119441949, 0.00372791616246, -0.00135206407867, 0.00359100778587, -0.00667754001915, 0.0155593352392, -0.00638304138556, 0.00268730614334, -0.00136339396704, 0.000112457113573, -0.000825538183562], [0.000384344020858, -0.0041221100837, 0.00218978873454, -0.00258942740038, 0.000604046566878, -0.000237470812863, 0.0021319326479, -0.00638304138556, 0.0139812417328, -0.00950740650296, 0.00132981548086, 0.00381721253507, 0.000311555399094], [-0.000595680379774, 0.00653510354459, -0.00242691254243, 0.00322876032442, -0.00247218715958, 0.00130850658752, 0.00117231882177, 0.00268730614334, -0.00950740650296, 0.0209737792611, -0.00808149948716, 0.00126107479446, 0.000712549022865], [0.00124417745974, -0.00671790586784, 0.00276370975189, -0.00271980580874, 0.000773019390181, -0.00456389971077, 0.000817854772322, -0.00136339396704, 0.00132981548086, -0.00808149948716, 0.0226631332189, -0.0117274429649, 0.00585419405252], [-0.000817484629806, 0.00547199789435, -0.00181646179408, 0.00163131125737, -0.000819776323624, 0.0038413235452, -0.000592262716964, 0.000112457113573, 0.00381721253507, 0.00126107479446, -0.0117274429649, 0.0260680485517, -0.0126557452604], [0.00104922289029, -0.00460455892608, 0.000973673537374, -0.00308554456569, 0.000238379041548, -0.0016683555441, 0.0001460408821, -0.000825538183562, 0.000311555399094, 0.000712549022865, 0.00585419405252, -0.0126557452604, 0.0254634302109]]
    },
    "melbands": {
        "mean": [0.00382794789039, 0.00425696000457, 0.000896540586837, 0.000557818566449, 0.000356255768565, 0.000233313228819, 0.000313847791404, 0.000452789507108, 0.000493486586493, 0.000216869273572, 0.000109013242763, 0.000135949914693, 6.63684550091e-005, 3.67623215425e-005, 5.57161874895e-005, 5.93461554672e-005, 4.76265959151e-005, 5.02288712596e-005, 3.96993855247e-005, 2.80639542325e-005, 2.37203330471e-005, 2.35685729422e-005, 1.5969540982e-005, 1.10123237391e-005, 1.4352425751e-005, 1.23494774016e-005, 9.9674325611e-006, 7.82726056059e-006, 6.4326741267e-006, 5.81488075113e-006, 4.51383584732e-006, 3.45376724908e-006, 2.98042164104e-006, 2.07198627322e-006, 1.44224952692e-006, 1.20280890314e-006, 8.33682406665e-007, 6.45734189675e-007, 4.90472473302e-007, 3.31567548528e-007],
        "var": [3.255124102e-005, 4.54658184026e-005, 2.37729773289e-006, 1.24793848499e-006, 2.50326337436e-007, 2.03294717949e-007, 8.71929728419e-007, 1.76026458121e-006, 1.48478511619e-006, 3.34594631113e-007, 6.20113169703e-008, 1.17173442504e-007, 3.26662572547e-008, 1.06985362791e-008, 2.8513168715e-008, 4.74482817481e-008, 1.93567011308e-008, 1.40397569126e-008, 7.55210649572e-009, 5.19088150241e-009, 2.42269382333e-009, 2.51213849722e-009, 7.57493900938e-010, 2.82265322227e-010, 1.0479815904e-009, 5.73925074132e-010, 2.67585814617e-010, 4.17296891486e-010, 1.23601726076e-010, 1.07866000854e-010, 6.42505354476e-011, 3.54200939412e-011, 2.27624898097e-011, 9.27580928733e-012, 3.83571646667e-012, 5.08059870216e-012, 2.72815559206e-012, 1.46738936106e-012, 1.03482153402e-012, 3.62017300902e-013]
    },
    "mfcc": {
        "mean": [-630.58996582, 111.828239441, 4.00772666931, 33.3361282349, 4.25016403198, 9.56770801544, 3.13382196426, 9.2057723999, 5.63109111786, 9.38186836243, 2.30902838707, 2.05895996094, 1.36416113377],
        "cov": [[2326.86889648, 37.3036346436, -164.759628296, 15.4882650375, -149.416381836, -141.020599365, -201.190139771, -45.8042907715, -11.8526935577, -14.6098384857, 31.7746810913, -37.7172737122, -52.3521308899], [37.3036346436, 799.171508789, 3.89282560349, -6.23317146301, 15.3619775772, -120.379211426, -7.58100986481, 58.0486907959, 23.3846302032, 41.9694671631, 3.85584688187, -34.1194992065, 5.59626483917], [-164.759628296, 3.89282560349, 578.999023438, 271.371887207, -10.7056417465, -22.5783405304, 33.1278266907, 41.4969291687, 32.4854125977, -39.1398963928, -67.0118255615, -43.646030426, 10.5522203445], [15.4882650375, -6.23317146301, 271.371887207, 395.475891113, 108.354003906, 30.9239559174, 6.07957649231, 21.1288852692, 26.8743095398, -26.5383892059, -59.3167419434, -35.7757072449, 23.4938678741], [-149.416381836, 15.3619775772, -10.7056417465, 108.354003906, 250.929153442, 99.6037368774, 16.3883171082, -15.857963562, 7.28818893433, 26.5816383362, 6.2338514328, 12.0582971573, 21.1626262665], [-141.020599365, -120.379211426, -22.5783405304, 30.9239559174, 99.6037368774, 198.224456787, 91.1525421143, 5.25298547745, -2.39866399765, 4.21763038635, 11.8827600479, 2.87506103516, -4.39413881302], [-201.190139771, -7.58100986481, 33.1278266907, 6.07957649231, 16.3883171082, 91.1525421143, 212.910720825, 88.2649841309, 0.416825771332, -14.677192688, -12.8992462158, -28.9512233734, -18.793088913], [-45.8042907715, 58.0486907959, 41.4969291687, 21.1288852692, -15.857963562, 5.25298547745, 88.2649841309, 121.834136963, 31.3108272552, -0.854135274887, -8.44736671448, -17.8611831665, -13.4948215485], [-11.8526935577, 23.3846302032, 32.4854125977, 26.8743095398, 7.28818893433, -2.39866399765, 0.416825771332, 31.3108272552, 92.9683914185, 41.9714431763, 11.3055019379, 1.13130176067, 2.2768676281], [-14.6098384857, 41.9694671631, -39.1398963928, -26.5383892059, 26.5816383362, 4.21763038635, -14.677192688, -0.854135274887, 41.9714431763, 104.084518433, 52.1703109741, 15.8092508316, 4.14082956314], [31.7746810913, 3.85584688187, -67.0118255615, -59.3167419434, 6.2338514328, 11.8827600479, -12.8992462158, -8.44736671448, 11.3055019379, 52.1703109741, 91.0171127319, 48.9980125427, 2.79148173332], [-37.7172737122, -34.1194992065, -43.646030426, -35.7757072449, 12.0582971573, 2.87506103516, -28.9512233734, -17.8611831665, 1.13130176067, 15.8092508316, 48.9980125427, 101.069511414, 39.6049461365], [-52.3521308899, 5.59626483917, 10.5522203445, 23.4938678741, 21.1626262665, -4.39413881302, -18.793088913, -13.4948215485, 2.2768676281, 4.14082956314, 2.79148173332, 39.6049461365, 72.5182037354]],
        "icov": [[0.000549586024135, -8.48939089337e-006, 0.000303695967887, -0.000390876404708, 0.00037681122194, 7.95384767116e-005, 0.000533533922862, -0.00011965615704, 2.15946693061e-005, 0.000284126814222, -0.000592341762967, 0.000416498834966, 0.000269141368335], [-8.48939089337e-006, 0.00160644378047, 7.87282988313e-006, 0.000166838683072, -0.000716754759196, 0.0013908179244, -0.000110954868433, -0.000882342923433, 0.000211365171708, -0.000495515821967, -0.000425539095886, 0.000966426567174, -0.000574565550778], [0.000303695967887, 7.87282988313e-006, 0.0030710301362, -0.00235046586022, 0.0011085360311, 0.000540610810276, -0.000418656767579, 0.000116140872706, -0.000661662721541, 0.000375042756787, 0.000179898415809, 0.000212048529647, 3.22543346556e-005], [-0.000390876404708, 0.000166838683072, -0.00235046586022, 0.00545837869868, -0.0026275231503, -0.000477199588204, 0.000802186550573, -0.000994956702925, -0.000782673654612, 0.00070184643846, 0.00139098078944, 0.001064562588, -0.00161124370061], [0.00037681122194, -0.000716754759196, 0.0011085360311, -0.0026275231503, 0.00706691620871, -0.00342027470469, 0.000482531584566, 0.00104705942795, 0.000362525461242, -0.00178595108446, 0.000554164056666, -0.000802069262136, -0.000425072299549], [7.95384767116e-005, 0.0013908179244, 0.000540610810276, -0.000477199588204, -0.00342027470469, 0.0100676296279, -0.0048007578589, 0.00197281502187, -0.000485959812067, 0.000431951892097, -0.00192861282267, 0.000266708608251, 0.000676355091855], [0.000533533922862, -0.000110954868433, -0.000418656767579, 0.000802186550573, 0.000482531584566, -0.0048007578589, 0.0106368009001, -0.00740555953234, 0.00198020692915, 0.000757553498261, -0.000413235335145, 0.00220031198114, -0.000149708517711], [-0.00011965615704, -0.000882342923433, 0.000116140872706, -0.000994956702925, 0.00104705942795, 0.00197281502187, -0.00740555953234, 0.015547612682, -0.00528149912134, 0.000989244086668, 0.000199128131499, -0.00108478486072, 0.00176932942122], [2.15946693061e-005, 0.000211365171708, -0.000661662721541, -0.000782673654612, 0.000362525461242, -0.000485959812067, 0.00198020692915, -0.00528149912134, 0.0161061491817, -0.00747055979446, 0.0013788912911, -0.000517960055731, -0.000105090250145], [0.000284126814222, -0.000495515821967, 0.000375042756787, 0.00070184643846, -0.00178595108446, 0.000431951892097, 0.000757553498261, 0.000989244086668, -0.00747055979446, 0.0187205821276, -0.0110706016421, 0.00416751904413, -0.00179512565956], [-0.000592341762967, -0.000425539095886, 0.000179898415809, 0.00139098078944, 0.000554164056666, -0.00192861282267, -0.000413235335145, 0.000199128131499, 0.0013788912911, -0.0110706016421, 0.0250925105065, -0.0123559730127, 0.00515079731122], [0.000416498834966, 0.000966426567174, 0.000212048529647, 0.001064562588, -0.000802069262136, 0.000266708608251, 0.00220031198114, -0.00108478486072, -0.000517960055731, 0.00416751904413, -0.0123559730127, 0.0209057219326, -0.0106945661828], [0.000269141368335, -0.000574565550778, 3.22543346556e-005, -0.00161124370061, -0.000425072299549, 0.000676355091855, -0.000149708517711, 0.00176932942122, -0.000105090250145, -0.00179512565956, 0.00515079731122, -0.0106945661828, 0.0207493063062]]
    },
    "spectral_contrast_coeffs": {
        "mean": [-0.691268861294, -0.732762753963, -0.773956000805, -0.791041374207, -0.795366108418, -0.74932128191],
        "var": [0.00451080966741, 0.00656122900546, 0.00450725853443, 0.00271076196805, 0.00134310941212, 0.00130533135962]
    },
    "spectral_contrast_valleys": {
        "mean": [-6.85700511932, -6.71221160889, -7.28768777847, -7.52940893173, -7.26243925095, -9.94236850739],
        "var": [0.769176602364, 0.766133487225, 0.544755220413, 0.552459776402, 0.489883452654, 0.474776566029]
    }
},
"metadata": {
    "audio_properties": {
        "analysis_sample_rate": 44100,
        "bit_rate": 128074,
        "equal_loudness": 0,
        "length": 45.0612258911,
        "lossless": 0,
        "replay_gain": -4.72626495361,
        "sample_rate": 44100,
        "codec": "mp3",
        "downmix": "mix",
        "md5_encoded": "9505b3c6f458ebf8ba5b3ed88af135f1"
    },
    "tags": {
        "file_name": "1584.mp3"
    },
    "version": {
        "essentia": "2.1-beta2",
        "essentia_git_sha": "v2.1_beta2",
        "extractor": "music 1.0"
    }
},
"rhythm": {
    "beats_count": 76,
    "beats_loudness": {
        "mean": 0.0506380945444,
        "var": 0.00131837045774
    },
    "bpm": 113.451805115,
    "bpm_histogram_first_peak_bpm": {
        "mean": 115,
        "var": 0
    },
    "bpm_histogram_first_peak_spread": {
        "mean": 0.499999970198,
        "var": 0
    },
    "bpm_histogram_first_peak_weight": {
        "mean": 0.20000000298,
        "var": 0
    },
    "bpm_histogram_second_peak_bpm": {
        "mean": 110,
        "var": 0
    },
    "bpm_histogram_second_peak_spread": {
        "mean": 0.166666686535,
        "var": 0
    },
    "bpm_histogram_second_peak_weight": {
        "mean": 0.133333340287,
        "var": 0
    },
    "danceability": 1.10503721237,
    "onset_rate": 2.46220493317,
    "beats_loudness_band_ratio": {
        "mean": [0.509401261806, 0.116789028049, 0.178913637996, 0.0884928703308, 0.0672711879015, 0.0635593533516],
        "var": [0.102358363569, 0.0150125501677, 0.0575829744339, 0.0169311929494, 0.00649216398597, 0.00714116124436]
    },
    "beats_position": [0.719818592072, 1.46285712719, 2.19428563118, 2.92571425438, 3.63392281532, 4.33052158356, 5.0387301445, 5.74693870544, 6.45514726639, 7.17496585846, 7.80190467834, 8.40562343597, 8.93968200684, 9.46213150024, 9.98458003998, 10.5186395645, 11.0643081665, 11.6099767685, 12.202085495, 12.782585144, 13.3630838394, 13.9203624725, 14.4776411057, 15.0233106613, 15.5573692322, 16.0798187256, 16.6138763428, 17.1595458984, 17.7052154541, 18.2508831024, 18.7965526581, 19.3422222137, 19.8762817383, 20.3987293243, 20.9095687866, 21.4087982178, 21.9196376801, 22.4420852661, 22.9761447906, 23.4869842529, 23.9862117767, 24.497051239, 25.0195007324, 25.5419502258, 26.0643978119, 26.5868473053, 27.1092967987, 27.6317462921, 28.1658039093, 28.7927436829, 29.4080715179, 30.0001811981, 30.5922889709, 31.1843986511, 31.776506424, 32.357006073, 32.9375038147, 33.5063934326, 34.0752830505, 34.5745124817, 35.0853500366, 35.60779953, 36.118637085, 36.6410865784, 37.1751480103, 37.6975975037, 38.2200431824, 38.7541046143, 39.2997741699, 39.8454399109, 40.5304298401, 41.2270278931, 41.981678009, 42.7247161865, 43.467754364, 44.22240448]
},
"tonal": {
    "chords_changes_rate": 0.0874485597014,
    "chords_number_rate": 0.0102880662307,
    "chords_strength": {
        "mean": 0.536056280136,
        "var": 0.00566385453567
    },
    "hpcp_entropy": {
        "mean": 2.34810590744,
        "var": 0.549681186676
    },
    "key_strength": 0.779962897301,
    "tuning_diatonic_strength": 0.676811993122,
    "tuning_equal_tempered_deviation": 0.290813952684,
    "tuning_frequency": 448.726654053,
    "tuning_nontempered_energy_ratio": 0.959203958511,
    "hpcp": {
        "mean": [0.319855123758, 0.178029030561, 0.129951611161, 0.0982617735863, 0.0843419954181, 0.0837665870786, 0.0955226942897, 0.124405011535, 0.139403283596, 0.131628841162, 0.11907093972, 0.117218770087, 0.13586525619, 0.192105412483, 0.236725747585, 0.19861702621, 0.130415409803, 0.099817559123, 0.0897403806448, 0.0960764363408, 0.11854416877, 0.127065107226, 0.136705085635, 0.130636096001, 0.100371144712, 0.083953499794, 0.075414173305, 0.072038076818, 0.0827445089817, 0.0877398774028, 0.0807860568166, 0.086420468986, 0.115137189627, 0.194484636188, 0.380296617746, 0.468627005816],
        "var": [0.0916932448745, 0.0600411780179, 0.0465930812061, 0.0317496731877, 0.0287974048406, 0.0273443106562, 0.0342709459364, 0.0484625920653, 0.0509661100805, 0.0505682118237, 0.0499433428049, 0.0440924502909, 0.0535675399005, 0.0718621015549, 0.0950300097466, 0.0790640488267, 0.0490332581103, 0.0365720130503, 0.0338577218354, 0.0255150534213, 0.0388700850308, 0.0462724156678, 0.0547315105796, 0.0443600565195, 0.0339752286673, 0.0306076295674, 0.0267070792615, 0.0218357834965, 0.0271784607321, 0.0327733568847, 0.028298901394, 0.0279100202024, 0.0408663526177, 0.0657691583037, 0.105511531234, 0.131153166294]
    },
    "chords_histogram": [42.9012336731, 11.3168725967, 12.448559761, 0, 0, 0, 0, 14.3004112244, 0.205761313438, 2.16049385071, 0.411522626877, 0, 0, 0, 0.925925910473, 1.85185182095, 0.205761313438, 0.617283940315, 0.411522626877, 0.205761313438, 2.57201647758, 4.01234579086, 3.49794244766, 1.95473253727],
    "thpcp": [1, 0.682536661625, 0.379894942045, 0.277302861214, 0.209680140018, 0.179976820946, 0.178748950362, 0.203835234046, 0.265467017889, 0.297471731901, 0.280881881714, 0.254084676504, 0.250132352114, 0.289921939373, 0.409932434559, 0.505147457123, 0.423827528954, 0.278292566538, 0.213000014424, 0.191496387124, 0.205016851425, 0.252960592508, 0.271143376827, 0.291714072227, 0.278763473034, 0.214181303978, 0.179147809744, 0.160925790668, 0.153721570969, 0.176567941904, 0.187227532268, 0.17238882184, 0.184412047267, 0.245690464973, 0.415009438992, 0.811512410641],
    "chords_key": "C#",
    "chords_scale": "minor",
    "key_key": "C#",
    "key_scale": "minor"
}
}