{
"lowlevel": {
    "average_loudness": 0.82206094265,
    "barkbands_crest": {
        "mean": 10.9464359283,
        "var": 11.8936815262
    },
    "barkbands_flatness_db": {
        "mean": 0.183465600014,
        "var": 0.00372914224863
    },
    "barkbands_kurtosis": {
        "mean": 11.3725738525,
        "var": 125.990226746
    },
    "barkbands_skewness": {
        "mean": 2.36502838135,
        "var": 1.44206094742
    },
    "barkbands_spread": {
        "mean": 12.5167007446,
        "var": 161.137069702
    },
    "dissonance": {
        "mean": 0.43311804533,
        "var": 0.00174763426185
    },
    "dynamic_complexity": 2.5426402092,
    "erbbands_crest": {
        "mean": 11.5180196762,
        "var": 28.2047233582
    },
    "erbbands_flatness_db": {
        "mean": 0.181026190519,
        "var": 0.00269359513186
    },
    "erbbands_kurtosis": {
        "mean": 2.76870203018,
        "var": 26.7688274384
    },
    "erbbands_skewness": {
        "mean": 1.24476742744,
        "var": 0.881105601788
    },
    "erbbands_spread": {
        "mean": 33.8385925293,
        "var": 449.016784668
    },
    "hfc": {
        "mean": 14.2075147629,
        "var": 177.520874023
    },
    "melbands_crest": {
        "mean": 15.0743341446,
        "var": 26.3170547485
    },
    "melbands_flatness_db": {
        "mean": 0.264939725399,
        "var": 0.00544404797256
    },
    "melbands_kurtosis": {
        "mean": 18.4692420959,
        "var": 215.955032349
    },
    "melbands_skewness": {
        "mean": 2.81249117851,
        "var": 1.69507265091
    },
    "melbands_spread": {
        "mean": 11.586640358,
        "var": 133.253234863
    },
    "pitch_salience": {
        "mean": 0.567467153072,
        "var": 0.0127591304481
    },
    "silence_rate_20dB": {
        "mean": 1,
        "var": 0
    },
    "silence_rate_30dB": {
        "mean": 0.971163749695,
        "var": 0.0280047710985
    },
    "silence_rate_60dB": {
        "mean": 0.00360453152098,
        "var": 0.00359144317918
    },
    "spectral_centroid": {
        "mean": 746.88873291,
        "var": 222673.984375
    },
    "spectral_complexity": {
        "mean": 12.6961898804,
        "var": 36.7460708618
    },
    "spectral_decrease": {
        "mean": -8.04289435052e-009,
        "var": 4.89962800355e-017
    },
    "spectral_energy": {
        "mean": 0.0316444188356,
        "var": 0.000730501196813
    },
    "spectral_energyband_high": {
        "mean": 0.000510742480401,
        "var": 1.33983667183e-006
    },
    "spectral_energyband_low": {
        "mean": 0.0107346689329,
        "var": 0.000388555839891
    },
    "spectral_energyband_middle_high": {
        "mean": 0.00225905189291,
        "var": 9.2012260211e-006
    },
    "spectral_energyband_middle_low": {
        "mean": 0.018363405019,
        "var": 0.00018270824512
    },
    "spectral_entropy": {
        "mean": 7.03714847565,
        "var": 0.357208698988
    },
    "spectral_flux": {
        "mean": 0.0569924153388,
        "var": 0.000974662310909
    },
    "spectral_kurtosis": {
        "mean": 7.82979249954,
        "var": 49.5813407898
    },
    "spectral_rms": {
        "mean": 0.00513873202726,
        "var": 4.46608009952e-006
    },
    "spectral_rolloff": {
        "mean": 834.348205566,
        "var": 1480247
    },
    "spectral_skewness": {
        "mean": 2.09375119209,
        "var": 0.734020411968
    },
    "spectral_spread": {
        "mean": 4431356.5,
        "var": 3.85906009702e+012
    },
    "spectral_strongpeak": {
        "mean": 0.873562693596,
        "var": 0.900773465633
    },
    "zerocrossingrate": {
        "mean": 0.0397421196103,
        "var": 0.00101966678631
    },
    "barkbands": {
        "mean": [0.00246460130438, 0.00611882936209, 0.00203061848879, 0.000771172868554, 0.00726427696645, 0.00511528365314, 0.00125972717069, 0.00322423898615, 0.000507046759594, 0.000473838765174, 0.000328432797687, 0.000631851959042, 0.000127141713165, 0.000178262373083, 0.000107423773443, 5.8245856053e-005, 0.000166187193827, 0.000152013133629, 0.000116196781164, 8.29652999528e-005, 0.000111449247925, 9.77998497547e-005, 9.69252141658e-005, 8.37417464936e-005, 5.77583450649e-005, 1.68469723576e-005, 1.55754560183e-006],
        "var": [3.67196262232e-005, 0.000149290630361, 1.00288661997e-005, 1.01677846942e-006, 3.89222623198e-005, 2.41178950091e-005, 1.68026474512e-006, 4.966679262e-005, 7.55059829771e-007, 8.70442818268e-007, 5.32272565579e-007, 1.66986137629e-006, 1.46929494349e-007, 1.54692287424e-007, 5.12036386624e-008, 1.35394060408e-008, 1.5933613895e-007, 9.66311972661e-008, 4.50163355481e-008, 1.73068652742e-008, 5.46425553694e-008, 8.76705286146e-008, 7.27926021682e-008, 9.42227060818e-008, 1.97498586374e-008, 1.62646796031e-009, 4.01472778633e-011]
    },
    "erbbands": {
        "mean": [0.335145294666, 0.746832847595, 2.4152007103, 2.2931432724, 6.94095230103, 30.1302566528, 50.4376869202, 31.1937923431, 29.04986763, 14.5467338562, 85.9921569824, 19.0832576752, 15.23828125, 11.3982381821, 15.2001180649, 31.1320018768, 7.68325614929, 10.4184656143, 6.48698949814, 4.23065185547, 6.11206293106, 6.98181772232, 8.43724727631, 7.08461809158, 4.79639387131, 4.16186332703, 4.52838516235, 3.99800920486, 3.57565736771, 3.01679778099, 2.77346611023, 1.8542342186, 1.37895715237, 0.841082036495, 0.300883919001, 0.0874629840255, 0.0296223051846, 0.00614079972729, 0.00018076376, 4.10060929426e-005],
        "var": [0.658379852772, 1.55701434612, 13.6974906921, 9.21877861023, 25.2431850433, 867.341064453, 3089.29370117, 1027.74597168, 1083.60742188, 402.657287598, 37022.2890625, 1072.87390137, 786.948974609, 604.292358398, 1006.37481689, 4208.28662109, 337.597137451, 551.043823242, 193.500640869, 46.0587005615, 173.873580933, 205.598480225, 295.604125977, 155.17326355, 92.7189407349, 46.6446113586, 63.8222236633, 109.098716736, 112.674415588, 80.5711746216, 58.2749900818, 40.8106079102, 26.0173397064, 4.93461894989, 0.4148825109, 0.0390718951821, 0.00542291486636, 0.000424794881837, 3.38039228609e-007, 1.20482557264e-009]
    },
    "gfcc": {
        "mean": [-26.3408622742, 117.157821655, -92.1875686646, 25.0160369873, -67.0078353882, -1.67158186436, -44.0580749512, 3.38816332817, -27.5900058746, -1.02617263794, -11.1514015198, 3.08250927925, -7.81900501251],
        "cov": [[4750.12939453, -1466.43249512, -169.967330933, 338.90838623, -343.861480713, 589.899291992, -65.7522888184, 319.866668701, -118.436927795, 300.261627197, 48.4547462463, 169.974319458, -13.4533090591], [-1466.43249512, 1303.41540527, -83.020111084, -166.375823975, 360.007781982, -356.428894043, 153.7059021, -105.522247314, 103.99055481, -137.350585938, 135.484710693, -74.1201934814, 27.3070697784], [-169.967330933, -83.020111084, 432.031433105, 42.6407661438, 20.3315849304, 8.93830394745, -13.6088523865, 3.58211445808, 39.1268386841, 49.0068664551, -38.1162796021, 81.5118560791, 18.4597644806], [338.90838623, -166.375823975, 42.6407661438, 513.879089355, 45.1124305725, -2.59690785408, -14.7833862305, 28.0691585541, 56.0080986023, -4.71284723282, 58.0679893494, 33.0755157471, 122.54486084], [-343.861480713, 360.007781982, 20.3315849304, 45.1124305725, 361.040039063, -82.7393112183, 40.1318778992, 14.8430891037, 58.7433891296, 19.0505962372, 37.0416641235, 26.4177970886, 31.76212883], [589.899291992, -356.428894043, 8.93830394745, -2.59690785408, -82.7393112183, 312.560424805, 38.2922973633, 35.0583229065, 8.58812618256, 96.4812850952, -20.4812812805, 21.7414855957, -25.1729793549], [-65.7522888184, 153.7059021, -13.6088523865, -14.7833862305, 40.1318778992, 38.2922973633, 167.658721924, 11.9032783508, 35.5332679749, 26.1073417664, 40.5072555542, 12.8726434708, -21.4749755859], [319.866668701, -105.522247314, 3.58211445808, 28.0691585541, 14.8430891037, 35.0583229065, 11.9032783508, 136.282012939, 21.5308933258, 11.1512498856, 10.8491916656, 12.517539978, -2.02292227745], [-118.436927795, 103.99055481, 39.1268386841, 56.0080986023, 58.7433891296, 8.58812618256, 35.5332679749, 21.5308933258, 128.425369263, 18.9602127075, 18.6044788361, 21.088716507, 14.8826065063], [300.261627197, -137.350585938, 49.0068664551, -4.71284723282, 19.0505962372, 96.4812850952, 26.1073417664, 11.1512498856, 18.9602127075, 118.805374146, -3.79525303841, 29.4988937378, -9.4346036911], [48.4547462463, 135.484710693, -38.1162796021, 58.0679893494, 37.0416641235, -20.4812812805, 40.5072555542, 10.8491916656, 18.6044788361, -3.79525303841, 126.645126343, 27.9236793518, 4.43264198303], [169.974319458, -74.1201934814, 81.5118560791, 33.0755157471, 26.4177970886, 21.7414855957, 12.8726434708, 12.517539978, 21.088716507, 29.4988937378, 27.9236793518, 107.213645935, -0.258604288101], [-13.4533090591, 27.3070697784, 18.4597644806, 122.54486084, 31.76212883, -25.1729793549, -21.4749755859, -2.02292227745, 14.8826065063, -9.4346036911, 4.43264198303, -0.258604288101, 103.561088562]],
        "icov": [[0.00056557613425, -0.000162136959261, 0.000519213092048, -0.000531701021828, 0.000578675942961, -0.000556195271201, 0.000548929092474, -0.0012654036982, 0.00089671544265, -0.00137287389953, 7.34812638257e-005, -0.00100480066612, 0.000169685707078], [-0.000162136959261, 0.00592940347269, -0.000838986772578, 0.00368098705076, -0.0044152867049, 0.00359401665628, -0.00465826503932, 0.00439227838069, -0.00442592147738, 0.00517206965014, -0.0054516820237, 0.0051240650937, -0.00308975297958], [0.000519213092048, -0.000838986772578, 0.00368068157695, -0.00104682683013, 0.00118080619723, -0.000404750520829, 0.00117082998622, -0.00156073807739, 0.000636192620732, -0.00283474987373, 0.0023324212525, -0.00399804580957, 0.000163585427799], [-0.000531701021828, 0.00368098705076, -0.00104682683013, 0.00567263318226, -0.00300476653501, 0.00222493615001, -0.00286565395072, 0.00320945261046, -0.00407516630366, 0.00447464594617, -0.00460778689012, 0.00344954314642, -0.00543560273945], [0.000578675942961, -0.0044152867049, 0.00118080619723, -0.00300476653501, 0.00725915003568, -0.00155840499792, 0.00309792440385, -0.00459215557203, 0.00281246379018, -0.00629069190472, 0.00372317642905, -0.00503781158477, 0.00138279888779], [-0.000556195271201, 0.00359401665628, -0.000404750520829, 0.00222493615001, -0.00155840499792, 0.0078164730221, -0.0041315224953, 0.00255548791029, -0.00341549445875, -4.77209650853e-005, -0.00211040838622, 0.00321554508992, -0.00142459652852], [0.000548929092474, -0.00465826503932, 0.00117082998622, -0.00286565395072, 0.00309792440385, -0.0041315224953, 0.0115541797131, -0.00422661751509, 0.00235758861527, -0.00559107493609, 0.00183151883539, -0.00430906936526, 0.00390352355316], [-0.0012654036982, 0.00439227838069, -0.00156073807739, 0.00320945261046, -0.00459215557203, 0.00255548791029, -0.00422661751509, 0.0135063221678, -0.00583979766816, 0.0067407656461, -0.00422313064337, 0.00517263961956, -0.00177816231735], [0.00089671544265, -0.00442592147738, 0.000636192620732, -0.00407516630366, 0.00281246379018, -0.00341549445875, 0.00235758861527, -0.00583979766816, 0.0140722980723, -0.00610006181523, 0.00368614844047, -0.00535456137732, 0.00192513363436], [-0.00137287389953, 0.00517206965014, -0.00283474987373, 0.00447464594617, -0.00629069190472, -4.77209650853e-005, -0.00559107493609, 0.0067407656461, -0.00610006181523, 0.0203266777098, -0.00431140977889, 0.00469490559772, -0.00251700193621], [7.34812638257e-005, -0.0054516820237, 0.0023324212525, -0.00460778689012, 0.00372317642905, -0.00211040838622, 0.00183151883539, -0.00422313064337, 0.00368614844047, -0.00431140977889, 0.015856128186, -0.0081135397777, 0.0035047091078], [-0.00100480066612, 0.0051240650937, -0.00399804580957, 0.00344954314642, -0.00503781158477, 0.00321554508992, -0.00430906936526, 0.00517263961956, -0.00535456137732, 0.00469490559772, -0.0081135397777, 0.0188111998141, -0.00172521616332], [0.000169685707078, -0.00308975297958, 0.000163585427799, -0.00543560273945, 0.00138279888779, -0.00142459652852, 0.00390352355316, -0.00177816231735, 0.00192513363436, -0.00251700193621, 0.0035047091078, -0.00172521616332, 0.0162397883832]]
    },
    "melbands": {
        "mean": [0.00232416740619, 0.00115870847367, 0.000506339070853, 0.0011995183304, 0.00174130115192, 0.000782899034675, 0.000400503718993, 0.000191848637769, 0.000669944449328, 8.02125068731e-005, 7.45697179809e-005, 4.54713808722e-005, 4.70960148959e-005, 7.75794833316e-005, 3.73690381821e-005, 1.46228094309e-005, 2.01809525606e-005, 1.03317206595e-005, 5.99557506575e-006, 4.89016429128e-006, 8.69936775416e-006, 7.96754466137e-006, 7.46113346395e-006, 7.62719901104e-006, 5.51160792384e-006, 3.54765757038e-006, 2.81392999568e-006, 2.7341054647e-006, 2.87470606963e-006, 2.49406480179e-006, 2.30654859479e-006, 2.033937335e-006, 1.82718724773e-006, 1.60395052262e-006, 1.64544314885e-006, 1.39095061513e-006, 1.03886964098e-006, 9.82241317615e-007, 8.546060144e-007, 6.70394399549e-007],
        "var": [2.73873210972e-005, 2.97392807624e-006, 2.67528889708e-007, 1.06570757907e-006, 3.14951171276e-006, 5.87826832543e-007, 2.01088511176e-007, 8.88843132429e-008, 2.30527052736e-006, 2.0213505536e-008, 1.95060145813e-008, 1.12086624426e-008, 1.05803747985e-008, 2.49215492687e-008, 5.33119681734e-009, 2.13764850265e-009, 2.21672058487e-009, 4.78583284114e-010, 1.14640970328e-010, 7.34026103788e-011, 4.69759176003e-010, 3.11172199119e-010, 3.12585263229e-010, 2.33418534501e-010, 1.11436956884e-010, 7.38989772153e-011, 2.39681330338e-011, 2.22174691838e-011, 2.54823696866e-011, 3.41937450576e-011, 4.57855940661e-011, 3.85520330937e-011, 3.26921302529e-011, 2.34069447852e-011, 1.99291676911e-011, 1.87400529122e-011, 1.50640160068e-011, 1.58426310265e-011, 7.93709802743e-012, 2.74778420503e-012]
    },
    "mfcc": {
        "mean": [-678.168273926, 150.325210571, 23.5012187958, 26.5750598907, 0.675134420395, -5.54848957062, -5.93196153641, -2.34862709045, -9.00807857513, -5.16572666168, -7.25079727173, 1.50527501106, -2.62124228477],
        "cov": [[4524.03369141, -1739.11645508, 84.9713973999, -281.530822754, -63.2445487976, 111.293861389, 261.056793213, 56.0923881531, 48.233997345, 74.6692047119, 104.100112915, 138.08644104, 53.2555236816], [-1739.11645508, 1519.52734375, -321.109893799, 135.548294067, 69.7517547607, -104.699371338, -10.6623678207, -4.44589042664, -57.0375785828, -8.97891139984, 24.0682430267, 2.03836679459, 14.8828716278], [84.9713973999, -321.109893799, 435.098632813, -28.2984657288, -36.6878547668, 61.6623687744, -60.7868766785, 15.6419181824, 37.4097709656, -34.6332740784, 39.0528068542, -34.4019088745, 16.4051780701], [-281.530822754, 135.548294067, -28.2984657288, 447.580230713, 132.179641724, -28.0775032043, -17.897480011, 29.1598548889, -11.5103445053, 22.0752735138, -82.4021224976, 9.58571052551, -63.1824874878], [-63.2445487976, 69.7517547607, -36.6878547668, 132.179641724, 226.671798706, 0.99220085144, -13.7864484787, 9.970454216, 25.4941997528, 35.0860900879, -32.7709007263, 0.320576280355, -24.7994785309], [111.293861389, -104.699371338, 61.6623687744, -28.0775032043, 0.99220085144, 210.505722046, 13.2449645996, -10.5694322586, 50.2415008545, -2.4840528965, 60.8692550659, 14.3462753296, 20.8988399506], [261.056793213, -10.6623678207, -60.7868766785, -17.897480011, -13.7864484787, 13.2449645996, 141.287872314, 10.1509523392, -8.28928279877, 22.4820251465, 6.00246620178, 19.5379371643, -0.354210883379], [56.0923881531, -4.44589042664, 15.6419181824, 29.1598548889, 9.970454216, -10.5694322586, 10.1509523392, 118.975440979, -3.96188187599, 6.76148557663, 27.783908844, 17.5927963257, 22.2447681427], [48.233997345, -57.0375785828, 37.4097709656, -11.5103445053, 25.4941997528, 50.2415008545, -8.28928279877, -3.96188187599, 133.900283813, 23.9676799774, 22.1720676422, -3.29192709923, -9.19108486176], [74.6692047119, -8.97891139984, -34.6332740784, 22.0752735138, 35.0860900879, -2.4840528965, 22.4820251465, 6.76148557663, 23.9676799774, 96.9508285522, -14.2065849304, 0.773506820202, -16.2632369995], [104.100112915, 24.0682430267, 39.0528068542, -82.4021224976, -32.7709007263, 60.8692550659, 6.00246620178, 27.783908844, 22.1720676422, -14.2065849304, 171.289779663, 29.3880329132, 48.0368843079], [138.08644104, 2.03836679459, -34.4019088745, 9.58571052551, 0.320576280355, 14.3462753296, 19.5379371643, 17.5927963257, -3.29192709923, 0.773506820202, 29.3880329132, 103.608139038, 42.7304611206], [53.2555236816, 14.8828716278, 16.4051780701, -63.1824874878, -24.7994785309, 20.8988399506, -0.354210883379, 22.2447681427, -9.19108486176, -16.2632369995, 48.0368843079, 42.7304611206, 107.45464325]],
        "icov": [[0.000561816850677, 0.00071685842704, 0.000272001663689, 0.000109919492388, -0.000192715015146, 0.000203741888981, -0.000797094544396, -9.75162583927e-006, 2.66091647063e-005, -0.000119844997243, -0.000449901592219, -0.000387851963751, -9.98390096356e-005], [0.00071685842704, 0.00180716684554, 0.00106222217437, -0.000227402473683, -0.000374151160941, 0.000609329435974, -0.000823073554784, 0.000187869547517, 0.000133359950269, 6.86892817612e-005, -0.0011744532967, 9.12303949008e-006, -0.00060471938923], [0.000272001663689, 0.00106222217437, 0.00356192491017, -0.000346425862517, 0.000316784047754, -0.000390908768168, 0.000852218596265, -0.000507089251187, -0.000565545051359, 0.00080739177065, -0.000901948485989, 0.00139184074942, -0.000848947674967], [0.000109919492388, -0.000227402473683, -0.000346425862517, 0.00346692581661, -0.0015406680759, -0.000285459740553, 0.000236680760281, -0.00123062112834, 0.000524680188391, -6.41549650027e-006, 0.00132355373353, -0.00159891089424, 0.00211196392775], [-0.000192715015146, -0.000374151160941, 0.000316784047754, -0.0015406680759, 0.00594411976635, -0.000464700482553, 0.00103041541297, -0.00035928923171, -0.00105706322938, -0.00143451313488, 0.000649097317364, 0.000193500367459, 5.84167064517e-005], [0.000203741888981, 0.000609329435974, -0.000390908768168, -0.000285459740553, -0.000464700482553, 0.00637482712045, -0.00130609842017, 0.00142236542888, -0.00183588045184, 0.000335421151249, -0.00221691979095, -0.000311579089612, -0.000930686539505], [-0.000797094544396, -0.000823073554784, 0.000852218596265, 0.000236680760281, 0.00103041541297, -0.00130609842017, 0.00957252364606, -0.000949155073613, 0.000846842944156, -0.00171280023642, 0.000565231952351, -0.00068977632327, 0.00107279687654], [-9.75162583927e-006, 0.000187869547517, -0.000507089251187, -0.00123062112834, -0.00035928923171, 0.00142236542888, -0.000949155073613, 0.0100222667679, 0.000252894184086, -0.00092457520077, -0.00211969087832, -0.000250243640039, -0.00217601167969], [2.66091647063e-005, 0.000133359950269, -0.000565545051359, 0.000524680188391, -0.00105706322938, -0.00183588045184, 0.000846842944156, 0.000252894184086, 0.00937156286091, -0.00244241021574, -0.00105134106707, -0.000183417680091, 0.00140159740113], [-0.000119844997243, 6.86892817612e-005, 0.00080739177065, -6.41549650027e-006, -0.00143451313488, 0.000335421151249, -0.00171280023642, -0.00092457520077, -0.00244241021574, 0.012582488358, 0.000748350168578, 4.61928648292e-005, 0.00105482526124], [-0.000449901592219, -0.0011744532967, -0.000901948485989, 0.00132355373353, 0.000649097317364, -0.00221691979095, 0.000565231952351, -0.00211969087832, -0.00105134106707, 0.000748350168578, 0.00912131648511, -0.00137943180744, -0.00118251435924], [-0.000387851963751, 9.12303949008e-006, 0.00139184074942, -0.00159891089424, 0.000193500367459, -0.000311579089612, -0.00068977632327, -0.000250243640039, -0.000183417680091, 4.61928648292e-005, -0.00137943180744, 0.0137091865763, -0.00565052591264], [-9.98390096356e-005, -0.00060471938923, -0.000848947674967, 0.00211196392775, 5.84167064517e-005, -0.000930686539505, 0.00107279687654, -0.00217601167969, 0.00140159740113, 0.00105482526124, -0.00118251435924, -0.00565052591264, 0.0145145710558]]
    },
    "spectral_contrast_coeffs": {
        "mean": [-0.59050655365, -0.664457082748, -0.758834600449, -0.80280649662, -0.791714668274, -0.781495153904],
        "var": [0.00611600233242, 0.0044104042463, 0.0027237762697, 0.00184379599523, 0.00167207827326, 0.00143930420745]
    },
    "spectral_contrast_valleys": {
        "mean": [-7.09673500061, -6.61076498032, -7.56835985184, -8.32889652252, -8.20571231842, -10.6436052322],
        "var": [0.638881027699, 0.523527860641, 0.564606308937, 0.570398330688, 0.861840546131, 1.51525831223]
    }
},
"metadata": {
    "audio_properties": {
        "analysis_sample_rate": 44100,
        "bit_rate": 128074,
        "equal_loudness": 0,
        "length": 45.0612258911,
        "lossless": 0,
        "replay_gain": -4.94460105896,
        "sample_rate": 44100,
        "codec": "mp3",
        "downmix": "mix",
        "md5_encoded": "ed19658cf77d455425843bb45851e887"
    },
    "tags": {
        "file_name": "1585.mp3"
    },
    "version": {
        "essentia": "2.1-beta2",
        "essentia_git_sha": "v2.1_beta2",
        "extractor": "music 1.0"
    }
},
"rhythm": {
    "beats_count": 111,
    "beats_loudness": {
        "mean": 0.0406244471669,
        "var": 0.00103312381543
    },
    "bpm": 149.952896118,
    "bpm_histogram_first_peak_bpm": {
        "mean": 152,
        "var": 0
    },
    "bpm_histogram_first_peak_spread": {
        "mean": 0.471153855324,
        "var": 0
    },
    "bpm_histogram_first_peak_weight": {
        "mean": 0.5,
        "var": 0
    },
    "bpm_histogram_second_peak_bpm": {
        "mean": 144,
        "var": 0
    },
    "bpm_histogram_second_peak_spread": {
        "mean": 0.333333343267,
        "var": 0
    },
    "bpm_histogram_second_peak_weight": {
        "mean": 0.0363636352122,
        "var": 0
    },
    "danceability": 1.0155929327,
    "onset_rate": 4.08149290085,
    "beats_loudness_band_ratio": {
        "mean": [0.315377622843, 0.494166582823, 0.174685895443, 0.0510670430958, 0.0184887666255, 0.0185789130628],
        "var": [0.0508075840771, 0.0571774207056, 0.0208795294166, 0.00362822110765, 0.000408420222811, 0.00086216640193]
    },
    "beats_position": [0.406349211931, 0.835918366909, 1.26548755169, 1.68344664574, 2.08979582787, 2.48453521729, 2.87927436829, 3.28562355042, 3.69197273254, 4.08671188354, 4.48145103455, 4.88780021667, 5.28253936768, 5.67727899551, 6.08362817764, 6.48997735977, 6.8963265419, 7.2910656929, 7.6858048439, 8.09215450287, 8.498503685, 8.893242836, 9.287981987, 9.682721138, 10.077460289, 10.4838094711, 10.8901586533, 11.2848978043, 11.6796369553, 12.0859861374, 12.4923353195, 12.8986845016, 13.2934236526, 13.6881628036, 14.0945119858, 14.4892511368, 14.8956003189, 15.2903394699, 15.6850786209, 16.0798187256, 16.4861679077, 16.8925170898, 17.298866272, 17.693605423, 18.088344574, 18.483083725, 18.8894329071, 19.2841720581, 19.6905212402, 20.0852603912, 20.4799995422, 20.8863487244, 21.2926979065, 21.6874370575, 22.0821762085, 22.4769153595, 22.8832645416, 23.2896137238, 23.6843528748, 24.0907020569, 24.497051239, 24.89179039, 25.286529541, 25.681268692, 26.076007843, 26.4823570251, 26.8887062073, 27.2950553894, 27.7014045715, 28.0961437225, 28.4908847809, 28.8856239319, 29.2803630829, 29.686712265, 30.0930614471, 30.4878005981, 30.8825397491, 31.2888889313, 31.6952381134, 32.0899772644, 32.4847145081, 32.8910636902, 33.2974128723, 33.6921539307, 34.0868911743, 34.4932403564, 34.8995895386, 35.2943305969, 35.6890678406, 36.0838088989, 36.4901580811, 36.8965072632, 37.2912483215, 37.6975975037, 38.1039466858, 38.4986839294, 38.8934249878, 39.2997741699, 39.7061233521, 40.1008605957, 40.4956016541, 40.8903388977, 41.2966880798, 41.703037262, 42.0977783203, 42.492515564, 42.8988647461, 43.3052139282, 43.7231750488, 44.1411323547, 44.5590934753]
},
"tonal": {
    "chords_changes_rate": 0.0308641977608,
    "chords_number_rate": 0.00720164598897,
    "chords_strength": {
        "mean": 0.560548245907,
        "var": 0.0085349753499
    },
    "hpcp_entropy": {
        "mean": 1.7496868372,
        "var": 0.386896550655
    },
    "key_strength": 0.609683811665,
    "tuning_diatonic_strength": 0.510780572891,
    "tuning_equal_tempered_deviation": 0.216104209423,
    "tuning_frequency": 434.193115234,
    "tuning_nontempered_energy_ratio": 0.971401572227,
    "hpcp": {
        "mean": [0.109634064138, 0.123758837581, 0.0458995774388, 0.0129406135529, 0.0171635132283, 0.046460006386, 0.267289608717, 0.362666130066, 0.165259748697, 0.100844115019, 0.0931138247252, 0.0345778055489, 0.0145447216928, 0.0151468049735, 0.0773473754525, 0.421551764011, 0.524862349033, 0.18781028688, 0.0242285132408, 0.0111621525139, 0.0110087310895, 0.0438210144639, 0.0526835955679, 0.155912280083, 0.369189828634, 0.286068975925, 0.0656611174345, 0.0218518227339, 0.0214610416442, 0.0671511292458, 0.315200865269, 0.365569233894, 0.129292428493, 0.0461718663573, 0.0399026758969, 0.0402792096138],
        "var": [0.0363903716207, 0.0493022613227, 0.00828018505126, 0.00182161072735, 0.00423430139199, 0.00769231235608, 0.0675268769264, 0.113590195775, 0.0286698993295, 0.0493208877742, 0.0469449721277, 0.00699719414115, 0.00169734843075, 0.00217583868653, 0.0126224663109, 0.122420862317, 0.167735308409, 0.0383100956678, 0.00439287163317, 0.0007365582278, 0.00136715592816, 0.0220533553511, 0.0288395918906, 0.0381572134793, 0.161266207695, 0.11188492924, 0.0161054898053, 0.00226754392497, 0.00133262563031, 0.00708556547761, 0.100383937359, 0.126271098852, 0.0220470670611, 0.01060287375, 0.00988873559982, 0.00716657983139]
    },
    "chords_histogram": [65.3292160034, 0, 0, 0, 0, 0, 1.54320991039, 0, 0, 0, 0, 0, 0, 1.44032919407, 0, 0, 0, 0, 1.95473253727, 13.4773664474, 9.67078208923, 0, 0, 6.58436203003],
    "thpcp": [1, 0.357827693224, 0.0461616516113, 0.0212668180466, 0.0209745112807, 0.0834904909134, 0.100376024842, 0.297053664923, 0.703403174877, 0.545036196709, 0.125101596117, 0.0416334345937, 0.0408888943493, 0.12794046104, 0.600540041924, 0.696504950523, 0.246335878968, 0.0879694744945, 0.076025031507, 0.076742425561, 0.208881556988, 0.235792934895, 0.0874506980181, 0.0246552526951, 0.0327009819448, 0.0885184556246, 0.509256601334, 0.690973818302, 0.314863026142, 0.192134410143, 0.177406176925, 0.0658797621727, 0.0277114976197, 0.0288586243987, 0.147366970778, 0.803166329861],
    "chords_key": "G",
    "chords_scale": "major",
    "key_key": "G",
    "key_scale": "major"
}
}