{
"lowlevel": {
    "average_loudness": 0.938275873661,
    "barkbands_crest": {
        "mean": 9.80988311768,
        "var": 16.6223640442
    },
    "barkbands_flatness_db": {
        "mean": 0.131806626916,
        "var": 0.00355821847916
    },
    "barkbands_kurtosis": {
        "mean": 3.84203290939,
        "var": 158.060195923
    },
    "barkbands_skewness": {
        "mean": 1.1602165699,
        "var": 2.57356667519
    },
    "barkbands_spread": {
        "mean": 31.8636798859,
        "var": 333.412841797
    },
    "dissonance": {
        "mean": 0.473587989807,
        "var": 0.000726821890566
    },
    "dynamic_complexity": 1.84168899059,
    "erbbands_crest": {
        "mean": 10.0526704788,
        "var": 23.5178642273
    },
    "erbbands_flatness_db": {
        "mean": 0.160037696362,
        "var": 0.00213019037619
    },
    "erbbands_kurtosis": {
        "mean": 1.04516637325,
        "var": 7.47703552246
    },
    "erbbands_skewness": {
        "mean": 0.0433698669076,
        "var": 0.851708233356
    },
    "erbbands_spread": {
        "mean": 31.9699649811,
        "var": 271.918182373
    },
    "hfc": {
        "mean": 30.9860134125,
        "var": 697.41607666
    },
    "melbands_crest": {
        "mean": 19.0801105499,
        "var": 71.5711517334
    },
    "melbands_flatness_db": {
        "mean": 0.181090846658,
        "var": 0.0063117519021
    },
    "melbands_kurtosis": {
        "mean": 12.2259273529,
        "var": 846.069946289
    },
    "melbands_skewness": {
        "mean": 2.28582143784,
        "var": 4.9496846199
    },
    "melbands_spread": {
        "mean": 38.7753295898,
        "var": 750.779541016
    },
    "pitch_salience": {
        "mean": 0.483599811792,
        "var": 0.0208473168314
    },
    "silence_rate_20dB": {
        "mean": 1,
        "var": 0
    },
    "silence_rate_30dB": {
        "mean": 0.982492268085,
        "var": 0.0172007866204
    },
    "silence_rate_60dB": {
        "mean": 0.00360453152098,
        "var": 0.00359146902338
    },
    "spectral_centroid": {
        "mean": 2171.16601563,
        "var": 666858.6875
    },
    "spectral_complexity": {
        "mean": 21.1843452454,
        "var": 87.1515579224
    },
    "spectral_decrease": {
        "mean": -8.88363782536e-009,
        "var": 4.87491151598e-017
    },
    "spectral_energy": {
        "mean": 0.0363394543529,
        "var": 0.000708398118149
    },
    "spectral_energyband_high": {
        "mean": 0.00218376074918,
        "var": 1.9599641746e-005
    },
    "spectral_energyband_low": {
        "mean": 0.0186737757176,
        "var": 0.000625262153335
    },
    "spectral_energyband_middle_high": {
        "mean": 0.00888262875378,
        "var": 6.95116395946e-005
    },
    "spectral_energyband_middle_low": {
        "mean": 0.00481228763238,
        "var": 1.81965224328e-005
    },
    "spectral_entropy": {
        "mean": 7.80965471268,
        "var": 0.144305124879
    },
    "spectral_flux": {
        "mean": 0.114231534302,
        "var": 0.00207290705293
    },
    "spectral_kurtosis": {
        "mean": 4.00557088852,
        "var": 6.6011300087
    },
    "spectral_rms": {
        "mean": 0.00561824114993,
        "var": 3.8884722926e-006
    },
    "spectral_rolloff": {
        "mean": 2247.29199219,
        "var": 4309356.5
    },
    "spectral_skewness": {
        "mean": 1.4097943306,
        "var": 0.212572574615
    },
    "spectral_spread": {
        "mean": 4824656.5,
        "var": 3.67371799757e+012
    },
    "spectral_strongpeak": {
        "mean": 0.847918450832,
        "var": 1.97726202011
    },
    "zerocrossingrate": {
        "mean": 0.0812372267246,
        "var": 0.00266127870418
    },
    "barkbands": {
        "mean": [0.00789840705693, 0.0115408152342, 0.00112887402065, 0.00038951516035, 0.000543267524336, 0.000923107145354, 0.000344078638591, 0.000479182024719, 0.00198517064564, 0.000749490573071, 0.00219425768591, 0.00118449307047, 0.00143814308103, 0.000643661420327, 0.000529994023964, 0.000446588761406, 0.000471777748317, 0.00042512579239, 0.000584196124692, 0.000732021057047, 0.000767471676227, 0.000246949202847, 0.000182954594493, 0.000244429684244, 0.000195379659999, 6.77759308019e-005, 2.32635102293e-006],
        "var": [9.1230191174e-005, 0.000384130427847, 3.83004999094e-006, 7.14211807917e-007, 1.38877283007e-006, 2.80741119241e-006, 3.84933969144e-007, 9.37530842293e-007, 8.89952571015e-006, 3.26334020428e-006, 1.89534257515e-005, 7.1841936915e-006, 7.69107191445e-006, 1.39431801927e-006, 1.11368740363e-006, 4.97011399148e-007, 7.42565532619e-007, 3.99592636313e-007, 7.25776999388e-007, 3.15253942063e-006, 6.02108048042e-006, 1.1180918591e-007, 9.11881699039e-008, 2.32491004226e-007, 1.8512074007e-007, 1.83548252153e-008, 2.78134112963e-011]
    },
    "erbbands": {
        "mean": [0.625429570675, 1.50448954105, 1.67145502567, 1.18554139137, 1.54708886147, 1.79524731636, 4.40782260895, 8.40809822083, 5.16883516312, 6.15262889862, 18.6777572632, 48.4012985229, 22.2435588837, 44.1027488708, 91.5602798462, 50.5921173096, 67.4993209839, 37.6289405823, 32.4556541443, 26.3351173401, 24.8599567413, 25.1092014313, 22.0022220612, 29.9164009094, 27.0615558624, 35.090045929, 46.6133308411, 14.2186832428, 10.0627641678, 6.54531955719, 4.77266597748, 4.88977336884, 4.06490087509, 2.41171503067, 1.25608253479, 0.422071993351, 0.101719863713, 0.0128365932032, 0.000341516599292, 5.76932325203e-005],
        "var": [1.13450276852, 7.03924131393, 7.04272413254, 5.01277399063, 13.4250850677, 16.4805316925, 63.6312866211, 287.061157227, 87.4267425537, 138.015945435, 1066.22387695, 5733.75976563, 1551.27038574, 7466.67822266, 32706.5996094, 8964.55371094, 16352.4960938, 4017.70922852, 2746.8190918, 2744.91943359, 1401.14587402, 1812.92004395, 955.411437988, 1932.12658691, 1374.51000977, 6961.67871094, 29999.515625, 485.797851563, 193.079147339, 86.8737106323, 74.1219329834, 86.4155731201, 71.9742279053, 28.0593070984, 8.18975257874, 0.867909610271, 0.0383075997233, 0.000633980438579, 4.36093131384e-007, 1.54493984272e-009]
    },
    "gfcc": {
        "mean": [21.160490036, 57.3756484985, -127.010139465, 31.8845939636, -51.7549057007, 31.098323822, -20.7047843933, 24.5929470062, -25.3097286224, 14.1502847672, -9.61406517029, 4.39858627319, -7.84229803085],
        "cov": [[2228.77197266, -391.071166992, -109.618507385, 117.63886261, -214.560150146, 69.5361175537, -42.8299369812, -28.3417835236, -146.166427612, 37.7790527344, -94.8797988892, 44.5563354492, -22.9162330627], [-391.071166992, 1584.6126709, 121.82624054, -122.407447815, 472.801422119, -27.1836357117, 153.58883667, 107.014831543, 148.985275269, -37.3667907715, 149.45173645, -48.1016807556, 96.4498291016], [-109.618507385, 121.82624054, 993.834228516, 362.393554688, 30.3686466217, 134.500106812, 25.3906955719, 38.2975349426, 4.79725646973, 104.783500671, 25.7384986877, -28.4713497162, -5.561439991], [117.63886261, -122.407447815, 362.393554688, 450.609283447, 33.9882469177, 46.0212593079, 29.3485603333, -22.8799686432, 1.05010843277, 25.8346729279, -51.1302680969, -64.5021820068, -56.1338157654], [-214.560150146, 472.801422119, 30.3686466217, 33.9882469177, 378.981567383, 64.5219268799, 36.2495613098, 79.5760269165, 92.3008956909, 5.37145996094, 57.95495224, -33.4686126709, 30.9894733429], [69.5361175537, -27.1836357117, 134.500106812, 46.0212593079, 64.5219268799, 228.211090088, 99.8771972656, 35.0937728882, -5.91640138626, -5.14165353775, -2.83216977119, -26.7991943359, -39.4375457764], [-42.8299369812, 153.58883667, 25.3906955719, 29.3485603333, 36.2495613098, 99.8771972656, 268.617523193, 65.9497528076, -30.110080719, -31.4716453552, -4.9940738678, -42.0100021362, -34.3022880554], [-28.3417835236, 107.014831543, 38.2975349426, -22.8799686432, 79.5760269165, 35.0937728882, 65.9497528076, 168.297271729, 63.3571090698, 25.5067043304, 35.9446716309, -18.9812793732, 20.1478729248], [-146.166427612, 148.985275269, 4.79725646973, 1.05010843277, 92.3008956909, -5.91640138626, -30.110080719, 63.3571090698, 158.437957764, 45.9184608459, 28.7365646362, -7.96328401566, 20.1211204529], [37.7790527344, -37.3667907715, 104.783500671, 25.8346729279, 5.37145996094, -5.14165353775, -31.4716453552, 25.5067043304, 45.9184608459, 142.349258423, 50.6070632935, 5.7946395874, 33.2606124878], [-94.8797988892, 149.45173645, 25.7384986877, -51.1302680969, 57.95495224, -2.83216977119, -4.9940738678, 35.9446716309, 28.7365646362, 50.6070632935, 129.719848633, 50.7196846008, 53.8798980713], [44.5563354492, -48.1016807556, -28.4713497162, -64.5021820068, -33.4686126709, -26.7991943359, -42.0100021362, -18.9812793732, -7.96328401566, 5.7946395874, 50.7196846008, 128.901992798, 71.6030426025], [-22.9162330627, 96.4498291016, -5.561439991, -56.1338157654, 30.9894733429, -39.4375457764, -34.3022880554, 20.1478729248, 20.1211204529, 33.2606124878, 53.8798980713, 71.6030426025, 149.292297363]],
        "icov": [[0.000694949703757, -0.000438077724539, 0.000577490020078, -0.000762233394198, 0.000724703189917, -0.000902823056094, 0.000753871747293, -0.000892766285688, 0.00114081788342, -0.0010371110402, 0.000957028823905, -0.000912961608265, 0.000199159359909], [-0.000438077724539, 0.00226964987814, -0.0013758399291, 0.00185034843162, -0.00262935110368, 0.0023082899861, -0.00221865694039, 0.00196500332095, -0.0021440484561, 0.0023501557298, -0.00221838592552, 0.00216295965947, -0.000979864154942], [0.000577490020078, -0.0013758399291, 0.00275063351728, -0.00277083972469, 0.00195892807096, -0.002588537056, 0.0018660959322, -0.00198877858929, 0.0020916191861, -0.00248456932604, 0.00105255807284, -0.00152959779371, 0.000270255928626], [-0.000762233394198, 0.00185034843162, -0.00277083972469, 0.00562246516347, -0.00296164047904, 0.00271220528521, -0.00258599012159, 0.00305495923385, -0.00254304218106, 0.00173321634065, -0.000589905306697, 0.00257907318883, -4.42828677478e-005], [0.000724703189917, -0.00262935110368, 0.00195892807096, -0.00296164047904, 0.00724085839465, -0.00406443187967, 0.00280196033418, -0.0028965214733, 0.00077229551971, -0.00130600691773, 0.000321929343045, -0.000531117490027, -0.000447255122708], [-0.000902823056094, 0.0023082899861, -0.002588537056, 0.00271220528521, -0.00406443187967, 0.00900358241051, -0.00446897838265, 0.00213997252285, -0.00235153804533, 0.00255933497101, -0.00197852915153, 0.00167634815443, 0.000856779050082], [0.000753871747293, -0.00221865694039, 0.0018660959322, -0.00258599012159, 0.00280196033418, -0.00446897838265, 0.00795447360724, -0.00475534051657, 0.00429919920862, -0.00152357039042, 0.00165010453202, -0.00120330136269, 0.00109512847848], [-0.000892766285688, 0.00196500332095, -0.00198877858929, 0.00305495923385, -0.0028965214733, 0.00213997252285, -0.00475534051657, 0.0115982070565, -0.00590739259496, 0.00227831746452, -0.00367148057558, 0.00419301958755, -0.0022206583526], [0.00114081788342, -0.0021440484561, 0.0020916191861, -0.00254304218106, 0.00077229551971, -0.00235153804533, 0.00429919920862, -0.00590739259496, 0.0126817459241, -0.00545345107093, 0.00310311978683, -0.00271835643798, 0.00137516099494], [-0.0010371110402, 0.0023501557298, -0.00248456932604, 0.00173321634065, -0.00130600691773, 0.00255933497101, -0.00152357039042, 0.00227831746452, -0.00545345107093, 0.0136448862031, -0.00722258444875, 0.00513959350064, -0.00299204676412], [0.000957028823905, -0.00221838592552, 0.00105255807284, -0.000589905306697, 0.000321929343045, -0.00197852915153, 0.00165010453202, -0.00367148057558, 0.00310311978683, -0.00722258444875, 0.0163098406047, -0.00787854008377, 0.000765939301345], [-0.000912961608265, 0.00216295965947, -0.00152959779371, 0.00257907318883, -0.000531117490027, 0.00167634815443, -0.00120330136269, 0.00419301958755, -0.00271835643798, 0.00513959350064, -0.00787854008377, 0.0168093256652, -0.00691135553643], [0.000199159359909, -0.000979864154942, 0.000270255928626, -4.42828677478e-005, -0.000447255122708, 0.000856779050082, 0.00109512847848, -0.0022206583526, 0.00137516099494, -0.00299204676412, 0.000765939301345, -0.00691135553643, 0.0117454035208]]
    },
    "melbands": {
        "mean": [0.00478507671505, 0.00122926104814, 0.000226607662626, 0.000115963484859, 0.000140505741001, 0.000182813397259, 7.66304729041e-005, 6.84970873408e-005, 0.000193738829694, 0.000295991863823, 0.000101984573121, 0.000160656985827, 0.000318611826515, 0.000160848183441, 0.000132607296109, 0.000135829963256, 6.13129450358e-005, 5.39935790584e-005, 3.71677633666e-005, 3.25671026076e-005, 2.9463404644e-005, 2.79594514723e-005, 2.0409022909e-005, 2.00735012186e-005, 2.47251646215e-005, 2.26709544222e-005, 1.67957241501e-005, 2.39090277319e-005, 3.78833901777e-005, 1.29761492644e-005, 6.21888648311e-006, 5.78549179409e-006, 4.26172482548e-006, 3.57440603693e-006, 2.61428522208e-006, 2.84525708594e-006, 3.07422578771e-006, 3.04379477711e-006, 2.36853452407e-006, 1.90906939679e-006],
        "var": [5.3049869166e-005, 3.58056377081e-006, 1.89189677258e-007, 7.73509043484e-008, 5.7149946997e-008, 1.24820402903e-007, 1.88248350241e-008, 1.74662080354e-008, 1.13267148549e-007, 2.24324480769e-007, 4.14088852096e-008, 1.18023464779e-007, 4.03610499689e-007, 1.21601175351e-007, 5.97172729044e-008, 8.24084480655e-008, 1.35040281179e-008, 8.93517526634e-009, 7.0015802045e-009, 3.63178354057e-009, 2.47038500767e-009, 2.99952018779e-009, 1.17149023815e-009, 1.04937658563e-009, 1.66250990752e-009, 1.31494426459e-009, 5.70077263173e-010, 3.97187260859e-009, 2.77350089561e-008, 4.41848557742e-010, 9.33544422321e-011, 6.61340773811e-011, 3.51009082911e-011, 3.04847813659e-011, 2.32873338668e-011, 3.45744682884e-011, 3.37956329588e-011, 4.44204048544e-011, 2.59572918715e-011, 1.91340641248e-011]
    },
    "mfcc": {
        "mean": [-620.181213379, 91.0782470703, -10.9513978958, 14.1948051453, -0.251480340958, 9.67714691162, 19.4793128967, 9.21710300446, 7.3676905632, 8.36431694031, 5.77826738358, 8.71468830109, 3.06881380081],
        "cov": [[1858.37573242, -566.025268555, -124.457214355, -70.9033737183, -207.925582886, 24.2644290924, -26.5276565552, -40.6631965637, -34.8986358643, -75.8464355469, -90.8609848022, -75.6599807739, -35.0799980164], [-566.025268555, 1628.26489258, -177.868499756, 40.3510742188, 264.851776123, -42.6645011902, 128.822875977, 98.270111084, 86.171585083, 54.9313659668, 108.271156311, 74.2520141602, 9.41884040833], [-124.457214355, -177.868499756, 901.952087402, 233.648162842, 42.8767547607, 133.301467896, 88.9316635132, -30.5210208893, 14.3078012466, 52.5626068115, 7.19197225571, 44.8338241577, 47.1023750305], [-70.9033737183, 40.3510742188, 233.648162842, 350.610656738, 92.1440124512, 57.6093254089, 30.2333278656, -17.4183712006, 34.456577301, 57.6993103027, 3.08326435089, 10.194360733, 15.2823753357], [-207.925582886, 264.851776123, 42.8767547607, 92.1440124512, 354.540557861, 38.194770813, -25.1330680847, 1.0751183033, 33.4317131042, 68.2133331299, 38.7601737976, 32.2491912842, 18.881685257], [24.2644290924, -42.6645011902, 133.301467896, 57.6093254089, 38.194770813, 197.705245972, 68.7515716553, 28.0325603485, 13.2229738235, 18.142665863, 15.2586393356, 0.490310490131, 6.94983577728], [-26.5276565552, 128.822875977, 88.9316635132, 30.2333278656, -25.1330680847, 68.7515716553, 255.591629028, 84.6559371948, 40.613658905, 21.7317085266, 32.0167884827, 47.2072105408, -13.6153707504], [-40.6631965637, 98.270111084, -30.5210208893, -17.4183712006, 1.0751183033, 28.0325603485, 84.6559371948, 175.89100647, 45.2834815979, 5.61599111557, 20.2326431274, 9.66032028198, -12.1998567581], [-34.8986358643, 86.171585083, 14.3078012466, 34.456577301, 33.4317131042, 13.2229738235, 40.613658905, 45.2834815979, 117.862770081, 58.1590576172, 24.0450172424, 13.0479869843, -3.26209688187], [-75.8464355469, 54.9313659668, 52.5626068115, 57.6993103027, 68.2133331299, 18.142665863, 21.7317085266, 5.61599111557, 58.1590576172, 167.120544434, 53.7419776917, 9.46656799316, -14.0451755524], [-90.8609848022, 108.271156311, 7.19197225571, 3.08326435089, 38.7601737976, 15.2586393356, 32.0167884827, 20.2326431274, 24.0450172424, 53.7419776917, 139.121368408, 36.6227531433, -6.47129869461], [-75.6599807739, 74.2520141602, 44.8338241577, 10.194360733, 32.2491912842, 0.490310490131, 47.2072105408, 9.66032028198, 13.0479869843, 9.46656799316, 36.6227531433, 135.998184204, 13.1492490768], [-35.0799980164, 9.41884040833, 47.1023750305, 15.2823753357, 18.881685257, 6.94983577728, -13.6153707504, -12.1998567581, -3.26209688187, -14.0451755524, -6.47129869461, 13.1492490768, 89.9882125854]],
        "icov": [[0.00064947939245, 0.000187511905096, 0.000138313887874, -8.03146394901e-006, 0.00018567906227, -0.000180866976734, -8.57999475556e-005, 0.00015066745982, -0.000134259535116, 0.000136661037686, 0.000180829665624, 0.000129288237076, 0.00015555396385], [0.000187511905096, 0.00090714514954, 0.000254318583757, -9.25964923226e-005, -0.000631857139524, 0.00040107028326, -0.000589543313254, -0.00010926998948, -0.000279515108559, 0.000235070343479, -0.00036420795368, 1.53352430061e-005, -0.000143527387991], [0.000138313887874, 0.000254318583757, 0.00161856610794, -0.000858424347825, 4.30641375715e-005, -0.000662452948745, -0.000494603242259, 0.00037306730519, 0.000115441609523, -0.000225832365686, 7.78421890573e-005, -0.000349117151927, -0.000630702706985], [-8.03146394901e-006, -9.25964923226e-005, -0.000858424347825, 0.00389812653884, -0.000702170480508, -0.000375637318939, -0.000223422714043, 0.000572632998228, -0.000678125710692, -0.000672364898492, 0.000544473994523, 0.000217307213461, -0.000108071180875], [0.00018567906227, -0.000631857139524, 4.30641375715e-005, -0.000702170480508, 0.00413445802405, -0.00112081284169, 0.00139866769314, -9.78386742645e-005, -0.000114176451461, -0.00115736143198, -4.57823116449e-005, -0.000824225891847, -0.000414999201894], [-0.000180866976734, 0.00040107028326, -0.000662452948745, -0.000375637318939, -0.00112081284169, 0.00670919939876, -0.00182003853843, -0.000684247876052, 0.000234810635448, 0.000150372783537, -0.000693282985594, 0.00105335109401, -0.000524859235156], [-8.57999475556e-005, -0.000589543313254, -0.000494603242259, -0.000223422714043, 0.00139866769314, -0.00182003853843, 0.00628983974457, -0.00219715898857, -0.000575713114813, -0.000295721314615, -0.000126364699099, -0.00188771798275, 0.00102569488809], [0.00015066745982, -0.00010926998948, 0.00037306730519, 0.000572632998228, -9.78386742645e-005, -0.000684247876052, -0.00219715898857, 0.00778172304854, -0.00266550132073, 0.00100113544613, -0.000392466230551, 0.000452786625829, 0.000538815394975], [-0.000134259535116, -0.000279515108559, 0.000115441609523, -0.000678125710692, -0.000114176451461, 0.000234810635448, -0.000575713114813, -0.00266550132073, 0.0119379404932, -0.00380909675732, 0.000145401369082, -0.000364044826711, -0.000509105680976], [0.000136661037686, 0.000235070343479, -0.000225832365686, -0.000672364898492, -0.00115736143198, 0.000150372783537, -0.000295721314615, 0.00100113544613, -0.00380909675732, 0.00904541369528, -0.00279065989889, 0.000715248985216, 0.00155178527348], [0.000180829665624, -0.00036420795368, 7.78421890573e-005, 0.000544473994523, -4.57823116449e-005, -0.000693282985594, -0.000126364699099, -0.000392466230551, 0.000145401369082, -0.00279065989889, 0.00937130860984, -0.0020748146344, 0.000513027480338], [0.000129288237076, 1.53352430061e-005, -0.000349117151927, 0.000217307213461, -0.000824225891847, 0.00105335109401, -0.00188771798275, 0.000452786625829, -0.000364044826711, 0.000715248985216, -0.0020748146344, 0.0090000750497, -0.00130388571415], [0.00015555396385, -0.000143527387991, -0.000630702706985, -0.000108071180875, -0.000414999201894, -0.000524859235156, 0.00102569488809, 0.000538815394975, -0.000509105680976, 0.00155178527348, 0.000513027480338, -0.00130388571415, 0.0123437223956]]
    },
    "spectral_contrast_coeffs": {
        "mean": [-0.744428396225, -0.752466261387, -0.749397754669, -0.758786022663, -0.761987090111, -0.757115662098],
        "var": [0.00511674303561, 0.00643165316433, 0.0067707025446, 0.00417378451675, 0.00283397547901, 0.00168591993861]
    },
    "spectral_contrast_valleys": {
        "mean": [-7.3500328064, -6.95380878448, -6.99511432648, -7.43335294724, -7.20087194443, -9.61556720734],
        "var": [1.0072119236, 0.564308464527, 0.613393902779, 0.503375828266, 0.554320633411, 0.815335929394]
    }
},
"metadata": {
    "audio_properties": {
        "analysis_sample_rate": 44100,
        "bit_rate": 128074,
        "equal_loudness": 0,
        "length": 45.0612258911,
        "lossless": 0,
        "replay_gain": -4.32439422607,
        "sample_rate": 44100,
        "codec": "mp3",
        "downmix": "mix",
        "md5_encoded": "e76252e8fe9731fe32c97f7f2b455830"
    },
    "tags": {
        "file_name": "1586.mp3"
    },
    "version": {
        "essentia": "2.1-beta2",
        "essentia_git_sha": "v2.1_beta2",
        "extractor": "music 1.0"
    }
},
"rhythm": {
    "beats_count": 80,
    "beats_loudness": {
        "mean": 0.0446798279881,
        "var": 0.00086299731629
    },
    "bpm": 99.3361663818,
    "bpm_histogram_first_peak_bpm": {
        "mean": 99,
        "var": 0
    },
    "bpm_histogram_first_peak_spread": {
        "mean": 0.425000011921,
        "var": 0
    },
    "bpm_histogram_first_peak_weight": {
        "mean": 0.291139245033,
        "var": 0
    },
    "bpm_histogram_second_peak_bpm": {
        "mean": 123,
        "var": 0
    },
    "bpm_histogram_second_peak_spread": {
        "mean": 0.590909063816,
        "var": 0
    },
    "bpm_histogram_second_peak_weight": {
        "mean": 0.113924048841,
        "var": 0
    },
    "danceability": 1.14943933487,
    "onset_rate": 4.05931091309,
    "beats_loudness_band_ratio": {
        "mean": [0.545304715633, 0.0350006185472, 0.10179258883, 0.155572861433, 0.0759766623378, 0.0954995602369],
        "var": [0.0900027006865, 0.003574159462, 0.0153464972973, 0.030878867954, 0.0074938191101, 0.0072204945609]
    },
    "beats_position": [0.510838985443, 0.99845802784, 1.48607707024, 1.97369611263, 2.43809509277, 2.90249419212, 3.36689329147, 3.83129239082, 4.29569149017, 4.80653047562, 5.31736946106, 5.81659841537, 6.28099775314, 6.74539661407, 7.22140598297, 7.70902490616, 8.18503379822, 8.68426322937, 9.29959201813, 9.91492080688, 10.5186395645, 11.1223583221, 11.7376871109, 12.3530158997, 12.9799547195, 13.5836734772, 14.1757822037, 14.7678909302, 15.3948297501, 16.0217685699, 16.602268219, 17.1827659607, 17.7632656097, 18.2741031647, 18.7733325958, 19.272562027, 19.7834014893, 20.2942390442, 20.8979587555, 21.5016784668, 22.1053962708, 22.7207260132, 23.3244438171, 23.9281635284, 24.5434913635, 25.1472110748, 25.7509288788, 26.343038559, 26.9235363007, 27.5156459808, 28.1077537537, 28.6998634338, 29.3035831451, 29.9421310425, 30.5690689087, 31.1843986511, 31.7881164551, 32.4034461975, 33.053604126, 33.7037620544, 34.3423118591, 34.9692497253, 35.60779953, 36.211517334, 36.8152389526, 37.4073448181, 37.9994544983, 38.6031723022, 39.1024017334, 39.5900230408, 40.0892524719, 40.5768699646, 41.0644874573, 41.5404968262, 42.0281181335, 42.5157356262, 42.9917449951, 43.467754364, 43.9437637329, 44.4197731018]
},
"tonal": {
    "chords_changes_rate": 0.123456791043,
    "chords_number_rate": 0.0113168722019,
    "chords_strength": {
        "mean": 0.469793885946,
        "var": 0.0034005951602
    },
    "hpcp_entropy": {
        "mean": 2.17230343819,
        "var": 0.619015872478
    },
    "key_strength": 0.580282449722,
    "tuning_diatonic_strength": 0.506393015385,
    "tuning_equal_tempered_deviation": 0.1888371557,
    "tuning_frequency": 434.193115234,
    "tuning_nontempered_energy_ratio": 0.792374610901,
    "hpcp": {
        "mean": [0.129818275571, 0.121565200388, 0.109117239714, 0.104447409511, 0.10331556946, 0.105158761144, 0.147369876504, 0.185664266348, 0.174826443195, 0.175261631608, 0.175869330764, 0.155363321304, 0.154228761792, 0.152581617236, 0.134223520756, 0.122410275042, 0.134543567896, 0.146107703447, 0.138968795538, 0.12949334085, 0.129314750433, 0.167633101344, 0.204985678196, 0.347436964512, 0.478342473507, 0.311625152826, 0.150905683637, 0.138028383255, 0.142805725336, 0.155200004578, 0.137353539467, 0.110712021589, 0.100968971848, 0.107751436532, 0.118734955788, 0.129252523184],
        "var": [0.0391006022692, 0.0361303798854, 0.0329230837524, 0.0271359980106, 0.0284093059599, 0.0266490671784, 0.0492403618991, 0.065460473299, 0.0510705038905, 0.0593938566744, 0.0561581291258, 0.050386313349, 0.0601287782192, 0.0517212115228, 0.0393444672227, 0.0328280031681, 0.0433327518404, 0.05417336151, 0.045101210475, 0.0396614335477, 0.0410801097751, 0.0555330179632, 0.0691151693463, 0.0726176127791, 0.167558461428, 0.0656122714281, 0.0459630712867, 0.0437684841454, 0.048582714051, 0.0644013881683, 0.0482462309301, 0.0364854224026, 0.0287367030978, 0.0302570872009, 0.0354625806212, 0.0430760793388]
    },
    "chords_histogram": [25.8230457306, 0.308641970158, 9.87654304504, 10.8024692535, 1.13168728352, 1.74897122383, 0.617283940315, 0, 0, 0.925925910473, 2.88065838814, 0, 0.514403283596, 0, 0, 15.843621254, 8.12757205963, 9.97942352295, 0.514403283596, 0, 0, 0, 2.16049385071, 8.74485588074],
    "thpcp": [1, 0.65146869421, 0.315476238728, 0.288555562496, 0.29854285717, 0.324453741312, 0.287144780159, 0.231449276209, 0.211080923676, 0.225260019302, 0.24822165072, 0.270209163427, 0.271391898394, 0.254138410091, 0.228115305305, 0.218352779746, 0.215986609459, 0.219839900732, 0.308084458113, 0.388140887022, 0.365483850241, 0.366393625736, 0.367664039135, 0.324795156717, 0.322423309088, 0.318979859352, 0.280601292849, 0.255905091763, 0.281270384789, 0.305445820093, 0.290521562099, 0.270712614059, 0.270339250565, 0.350445777178, 0.428533285856, 0.726335167885],
    "chords_key": "F",
    "chords_scale": "major",
    "key_key": "F",
    "key_scale": "major"
}
}