{
"lowlevel": {
    "average_loudness": 0.908512353897,
    "barkbands_crest": {
        "mean": 15.0408229828,
        "var": 44.5890846252
    },
    "barkbands_flatness_db": {
        "mean": 0.214799329638,
        "var": 0.0127009544522
    },
    "barkbands_kurtosis": {
        "mean": 47.192855835,
        "var": 14615.6660156
    },
    "barkbands_skewness": {
        "mean": 3.72300028801,
        "var": 20.467716217
    },
    "barkbands_spread": {
        "mean": 19.8069076538,
        "var": 426.047210693
    },
    "dissonance": {
        "mean": 0.453968733549,
        "var": 0.00152740825433
    },
    "dynamic_complexity": 2.71015906334,
    "erbbands_crest": {
        "mean": 12.701089859,
        "var": 41.4290809631
    },
    "erbbands_flatness_db": {
        "mean": 0.168158009648,
        "var": 0.00468943314627
    },
    "erbbands_kurtosis": {
        "mean": 2.86262178421,
        "var": 37.7513237
    },
    "erbbands_skewness": {
        "mean": 0.554653406143,
        "var": 2.0664627552
    },
    "erbbands_spread": {
        "mean": 39.96251297,
        "var": 751.186584473
    },
    "hfc": {
        "mean": 35.961139679,
        "var": 1915.53137207
    },
    "melbands_crest": {
        "mean": 19.2397212982,
        "var": 51.4697341919
    },
    "melbands_flatness_db": {
        "mean": 0.311422079802,
        "var": 0.0204599071294
    },
    "melbands_kurtosis": {
        "mean": 59.3692703247,
        "var": 9961.67773438
    },
    "melbands_skewness": {
        "mean": 4.35334587097,
        "var": 12.5095586777
    },
    "melbands_spread": {
        "mean": 18.4469127655,
        "var": 503.824768066
    },
    "pitch_salience": {
        "mean": 0.386272579432,
        "var": 0.0396511219442
    },
    "silence_rate_20dB": {
        "mean": 1,
        "var": 0
    },
    "silence_rate_30dB": {
        "mean": 0.625128746033,
        "var": 0.234343111515
    },
    "silence_rate_60dB": {
        "mean": 0.0514933057129,
        "var": 0.0488449931145
    },
    "spectral_centroid": {
        "mean": 1115.90856934,
        "var": 661172.125
    },
    "spectral_complexity": {
        "mean": 14.5494337082,
        "var": 90.3992538452
    },
    "spectral_decrease": {
        "mean": -2.18105800087e-008,
        "var": 4.2149600888e-016
    },
    "spectral_energy": {
        "mean": 0.0855799019337,
        "var": 0.00596372457221
    },
    "spectral_energyband_high": {
        "mean": 0.00168526754715,
        "var": 1.37468032335e-005
    },
    "spectral_energyband_low": {
        "mean": 0.0696276053786,
        "var": 0.00642440514639
    },
    "spectral_energyband_middle_high": {
        "mean": 0.00442079175264,
        "var": 4.2943709559e-005
    },
    "spectral_energyband_middle_low": {
        "mean": 0.0113212000579,
        "var": 0.000156141773914
    },
    "spectral_entropy": {
        "mean": 7.15609550476,
        "var": 0.627913415432
    },
    "spectral_flux": {
        "mean": 0.135612145066,
        "var": 0.00973097328097
    },
    "spectral_kurtosis": {
        "mean": 8.31819248199,
        "var": 59.6298141479
    },
    "spectral_rms": {
        "mean": 0.00801937654614,
        "var": 1.91822236957e-005
    },
    "spectral_rolloff": {
        "mean": 1654.8182373,
        "var": 8461010
    },
    "spectral_skewness": {
        "mean": 2.08745384216,
        "var": 0.843855559826
    },
    "spectral_spread": {
        "mean": 5604606.5,
        "var": 1.05427228426e+013
    },
    "spectral_strongpeak": {
        "mean": 1.4028583765,
        "var": 3.18643283844
    },
    "zerocrossingrate": {
        "mean": 0.0593103319407,
        "var": 0.00335853430443
    },
    "barkbands": {
        "mean": [0.000748732709326, 0.0529391393065, 0.0145917441696, 0.00226520770229, 0.00200881552882, 0.00161761220079, 0.000928160443436, 0.000780764908995, 0.00350021012127, 0.000532582111191, 0.000286259280983, 0.000298337865388, 0.00031188360299, 0.000244541413849, 0.00121948937885, 0.000271267257631, 0.000669020519126, 0.000190747625311, 0.000391748297261, 0.000165035249665, 0.000147978498717, 0.000141324853757, 0.00014190193906, 0.000139732379466, 0.000367649889085, 0.000605403853115, 7.46907098801e-005],
        "var": [2.26703514272e-006, 0.00501298066229, 0.000672212045174, 3.87450054404e-005, 8.91737454367e-006, 6.93984793543e-006, 3.92783158532e-006, 1.96146743292e-006, 4.08577652706e-005, 2.3710563255e-006, 4.80112248624e-007, 1.0193888329e-006, 5.71935800053e-007, 6.3662582761e-007, 1.30109237944e-005, 3.1611165241e-007, 2.17930914914e-006, 1.31017245053e-007, 7.57983116273e-007, 2.47373577622e-007, 1.46014940583e-007, 1.13038090888e-007, 1.11963380789e-007, 1.00062031549e-007, 8.4789360244e-007, 2.43013869294e-006, 5.06748989437e-008]
    },
    "erbbands": {
        "mean": [1.08216035366, 13.1444635391, 22.1926994324, 10.268699646, 6.21672010422, 7.05000782013, 11.1063089371, 12.8338050842, 12.9292583466, 14.4050149918, 24.8920631409, 98.0708694458, 28.3117332458, 13.7397842407, 12.0641479492, 12.1272373199, 14.4133691788, 15.8790082932, 70.9553375244, 21.062286377, 27.8818798065, 25.0926914215, 13.3590421677, 17.49659729, 15.8817749023, 7.72433853149, 5.37164115906, 6.60936880112, 5.46847200394, 4.03557825089, 4.05964994431, 2.97249674797, 2.44007563591, 3.1643640995, 3.30287456512, 2.56929421425, 1.00434088707, 0.26125434041, 0.00812863744795, 0.000270486692898],
        "var": [2.55611085892, 321.020019531, 1085.73547363, 480.062103271, 222.191497803, 106.296844482, 333.575439453, 487.792053223, 802.717468262, 761.31060791, 1439.46875, 36295.90625, 4132.39746094, 1059.4342041, 985.44720459, 1556.9230957, 1127.87670898, 1823.83349609, 46925.75, 2842.71435547, 2865.98974609, 2439.0949707, 511.245391846, 1643.05383301, 1170.69445801, 400.898742676, 295.281494141, 340.11517334, 160.515380859, 103.901306152, 90.9366760254, 48.7004051208, 30.288974762, 57.7795600891, 75.7107925415, 45.813999176, 6.45495605469, 0.486905455589, 0.000573930505197, 2.27341345749e-007]
    },
    "gfcc": {
        "mean": [-11.5404014587, 91.3898620605, -76.9127044678, 25.7842998505, -32.3305397034, 4.2168970108, -30.7895183563, 20.8847675323, -14.6240539551, 10.0858259201, -23.8968811035, 0.294350266457, -14.3950967789],
        "cov": [[9820.13769531, -3425.01977539, 431.526031494, -639.867980957, -1285.4407959, 1089.33068848, -354.184173584, 612.934326172, -204.762527466, 342.13659668, -400.782714844, 232.137374878, -171.515472412], [-3425.01977539, 2963.84545898, -274.236999512, 201.410980225, 609.217102051, -398.889282227, 386.510437012, -315.392944336, 292.506164551, -169.769607544, 311.039031982, -201.426391602, 174.726669312], [431.526031494, -274.236999512, 2455.90185547, 136.772842407, 49.5313529968, 624.758666992, 102.960456848, 282.318115234, 65.3007965088, 166.202728271, 43.0180625916, 162.65625, -13.5072536469], [-639.867980957, 201.410980225, 136.772842407, 607.404052734, 367.55758667, -107.244621277, 70.8860015869, -23.2781352997, 100.272392273, -15.2619819641, 69.9810180664, 60.2655944824, 71.0777511597], [-1285.4407959, 609.217102051, 49.5313529968, 367.55758667, 680.643249512, -113.117080688, 59.6197662354, -43.7123985291, 165.742019653, 8.30565834045, 85.5912246704, -10.1728019714, 90.3504943848], [1089.33068848, -398.889282227, 624.758666992, -107.244621277, -113.117080688, 522.797058105, 72.6843795776, 121.86315155, -3.00933170319, 99.8297576904, -24.4462146759, 36.426738739, -38.6890335083], [-354.184173584, 386.510437012, 102.960456848, 70.8860015869, 59.6197662354, 72.6843795776, 273.003112793, 18.2325153351, 55.0033988953, -18.4675483704, 84.7455978394, -32.7834739685, 0.276074260473], [612.934326172, -315.392944336, 282.318115234, -23.2781352997, -43.7123985291, 121.86315155, 18.2325153351, 277.576538086, 57.405834198, 9.13607692719, -34.1575965881, 40.5709609985, -29.4389724731], [-204.762527466, 292.506164551, 65.3007965088, 100.272392273, 165.742019653, -3.00933170319, 55.0033988953, 57.405834198, 216.434783936, 42.5904045105, 35.9971618652, -0.897667586803, 66.3608398438], [342.13659668, -169.769607544, 166.202728271, -15.2619819641, 8.30565834045, 99.8297576904, -18.4675483704, 9.13607692719, 42.5904045105, 154.756530762, 16.445936203, 36.3395576477, 25.9976215363], [-400.782714844, 311.039031982, 43.0180625916, 69.9810180664, 85.5912246704, -24.4462146759, 84.7455978394, -34.1575965881, 35.9971618652, 16.445936203, 143.906082153, 25.1169490814, 28.6228656769], [232.137374878, -201.426391602, 162.65625, 60.2655944824, -10.1728019714, 36.426738739, -32.7834739685, 40.5709609985, -0.897667586803, 36.3395576477, 25.1169490814, 128.742950439, 35.8305473328], [-171.515472412, 174.726669312, -13.5072536469, 71.0777511597, 90.3504943848, -38.6890335083, 0.276074260473, -29.4389724731, 66.3608398438, 25.9976215363, 28.6228656769, 35.8305473328, 102.583930969]],
        "icov": [[0.000266481889412, 0.000128977553686, 0.000130961387185, -0.00011042256665, 0.000355203519575, -0.000479186797747, 0.00019232078921, -0.000330845883582, -5.20879402757e-005, -0.000232724065427, 6.84678889229e-005, 3.42100611306e-005, -0.000207792007132], [0.000128977553686, 0.00129754561931, -0.000209218327655, 0.000606566492934, -0.000365853338735, 0.000359821948223, -0.000853290432133, 0.000973068294115, -0.00122606137302, 0.00145071872976, -0.00149762851652, 0.00136975559872, -0.00133784185164], [0.000130961387185, -0.000209218327655, 0.000820015033241, -0.000420014024712, 0.000199090573005, -0.0011221121531, 0.000351951952325, -0.000800436537247, 0.000321956031257, -0.000636226497591, 0.000117265284644, -0.000650239642709, 0.00029246538179], [-0.00011042256665, 0.000606566492934, -0.000420014024712, 0.00340498937294, -0.00186532526277, 0.00118774897419, -0.00151020952035, 0.00125127646606, -0.00104549364187, 0.00148570886813, -0.000243409464019, -0.00147435849067, -0.000295626348816], [0.000355203519575, -0.000365853338735, 0.000199090573005, -0.00186532526277, 0.00348175177351, -0.000801610876806, 0.00113920040894, -0.000780241447501, -0.000707109982613, -0.000969845918007, -0.000184359305422, 0.000926547276322, -0.000629140704405], [-0.000479186797747, 0.000359821948223, -0.0011221121531, 0.00118774897419, -0.000801610876806, 0.00500374287367, -0.00246138125658, 0.000778940273449, -0.000186831995961, -0.000842006178573, 0.000645451131277, -0.000129790278152, 0.000638046301901], [0.00019232078921, -0.000853290432133, 0.000351951952325, -0.00151020952035, 0.00113920040894, -0.00246138125658, 0.00720029370859, -0.00176868436392, -5.06764945385e-006, 0.000362996215699, -0.00325814890675, 0.00215861131437, 0.000475469423691], [-0.000330845883582, 0.000973068294115, -0.000800436537247, 0.00125127646606, -0.000780241447501, 0.000778940273449, -0.00176868436392, 0.00753606576473, -0.00443015480414, 0.0028970555868, 0.000671494693961, -0.00229719211347, 0.00271212053485], [-5.20879402757e-005, -0.00122606137302, 0.000321956031257, -0.00104549364187, -0.000707109982613, -0.000186831995961, -5.06764945385e-006, -0.00443015480414, 0.0103890262544, -0.00388331967406, 0.000667325337417, 0.0019567522686, -0.00455711036921], [-0.000232724065427, 0.00145071872976, -0.000636226497591, 0.00148570886813, -0.000969845918007, -0.000842006178573, 0.000362996215699, 0.0028970555868, -0.00388331967406, 0.0116304671392, -0.00335545628332, 7.69025136833e-005, -0.00213221111335], [6.84678889229e-005, -0.00149762851652, 0.000117265284644, -0.000243409464019, -0.000184359305422, 0.000645451131277, -0.00325814890675, 0.000671494693961, 0.000667325337417, -0.00335545628332, 0.0135931670666, -0.00605059135705, 0.00219596317038], [3.42100611306e-005, 0.00136975559872, -0.000650239642709, -0.00147435849067, 0.000926547276322, -0.000129790278152, 0.00215861131437, -0.00229719211347, 0.0019567522686, 7.69025136833e-005, -0.00605059135705, 0.0161753650755, -0.00811677332968], [-0.000207792007132, -0.00133784185164, 0.00029246538179, -0.000295626348816, -0.000629140704405, 0.000638046301901, 0.000475469423691, 0.00271212053485, -0.00455711036921, -0.00213221111335, 0.00219596317038, -0.00811677332968, 0.0192051436752]]
    },
    "melbands": {
        "mean": [0.0126430597156, 0.0143803050742, 0.00174730259459, 0.000460989860585, 0.000369146902813, 0.000291915581329, 0.000196424662136, 0.000153688524733, 0.000263600464677, 0.000585323257837, 0.000118718249723, 5.45250259165e-005, 3.80962919735e-005, 3.74543051294e-005, 2.36112227867e-005, 3.56893215212e-005, 2.37546355493e-005, 0.000106979750853, 5.56130617042e-005, 1.74430588231e-005, 4.00399621867e-005, 3.01136406051e-005, 1.69674531207e-005, 9.79026754067e-006, 1.46625698108e-005, 1.41546679515e-005, 8.31165289128e-006, 4.31529815614e-006, 3.39617554346e-006, 3.23346239384e-006, 3.83993847208e-006, 3.40715132552e-006, 2.25244457397e-006, 2.27420787269e-006, 2.3641723601e-006, 1.98530756279e-006, 1.82617179689e-006, 1.64111418144e-006, 1.77759818598e-006, 2.98139207189e-006],
        "var": [0.00029886001721, 0.00033779014484, 1.34805304697e-005, 6.52759183595e-007, 2.92922180734e-007, 2.45791767384e-007, 1.66450746519e-007, 8.69445244689e-008, 1.72964050194e-007, 1.21790424146e-006, 1.00750568777e-007, 1.7394159002e-008, 8.99149288358e-009, 1.54753756476e-008, 5.31089083822e-009, 8.48496384265e-009, 6.59763532695e-009, 1.05640992842e-007, 2.25657217356e-008, 2.38384867401e-009, 7.9478805759e-009, 4.2112366927e-009, 1.26640964382e-009, 3.78643977283e-010, 1.43531597718e-009, 1.01311981027e-009, 4.07424094462e-010, 2.20337456613e-010, 2.21509199871e-010, 7.58955398528e-011, 1.08848950686e-010, 7.00112606777e-011, 3.28143692774e-011, 3.49310094738e-011, 3.03147403014e-011, 2.31103330917e-011, 1.91493331608e-011, 1.34283816705e-011, 1.77262978601e-011, 5.32175796486e-011]
    },
    "mfcc": {
        "mean": [-675.707275391, 137.67199707, 16.3347663879, 33.5253219604, 18.4407958984, 1.05190324783, -0.885104894638, 6.10219621658, 11.3758678436, 11.4086780548, 6.54911184311, -2.45986819267, 1.1828840971],
        "cov": [[8027.40283203, -2102.2746582, -299.714569092, -1040.47253418, -751.787780762, -148.888748169, -94.1576080322, -12.7117538452, 106.651451111, 97.9457321167, 76.1847839355, -102.481117249, -109.557487488], [-2102.2746582, 2172.90722656, -29.3546905518, 259.36227417, 95.3064041138, 138.762496948, 59.7089691162, 28.4542293549, 54.0857696533, 97.0316848755, 23.4585952759, 91.8050689697, 115.656715393], [-299.714569092, -29.3546905518, 1823.44189453, -66.2231674194, 186.285217285, 263.866485596, 232.007843018, 202.704772949, 103.526687622, 69.7562103271, 116.800132751, 132.581970215, 42.1568527222], [-1040.47253418, 259.36227417, -66.2231674194, 688.878540039, 319.789306641, 48.4161071777, 6.73789978027, 32.9672660828, 55.4343261719, -28.4532718658, -16.1341705322, 70.1101074219, 60.7298240662], [-751.787780762, 95.3064041138, 186.285217285, 319.789306641, 502.996032715, 110.210197449, 6.62135648727, 46.737361908, 88.9005584717, 31.064994812, -1.09910571575, 54.6005401611, 44.5278053284], [-148.888748169, 138.762496948, 263.866485596, 48.4161071777, 110.210197449, 309.771240234, 121.040763855, 20.0573635101, 53.0469970703, 27.6349811554, 20.6166801453, 54.4067420959, 24.2728977203], [-94.1576080322, 59.7089691162, 232.007843018, 6.73789978027, 6.62135648727, 121.040763855, 208.026779175, 86.1458892822, -2.01746368408, 4.76857042313, 42.395816803, 46.4938087463, 10.8928136826], [-12.7117538452, 28.4542293549, 202.704772949, 32.9672660828, 46.737361908, 20.0573635101, 86.1458892822, 207.755950928, 62.2720565796, 35.9185714722, 63.0526847839, 34.3037605286, 25.2584705353], [106.651451111, 54.0857696533, 103.526687622, 55.4343261719, 88.9005584717, 53.0469970703, -2.01746368408, 62.2720565796, 164.336654663, 66.0859222412, 35.3707923889, 33.3548164368, 13.4704532623], [97.9457321167, 97.0316848755, 69.7562103271, -28.4532718658, 31.064994812, 27.6349811554, 4.76857042313, 35.9185714722, 66.0859222412, 182.176528931, 56.4192237854, -13.1215639114, 26.1014900208], [76.1847839355, 23.4585952759, 116.800132751, -16.1341705322, -1.09910571575, 20.6166801453, 42.395816803, 63.0526847839, 35.3707923889, 56.4192237854, 113.146888733, 25.9084892273, 19.7021636963], [-102.481117249, 91.8050689697, 132.581970215, 70.1101074219, 54.6005401611, 54.4067420959, 46.4938087463, 34.3037605286, 33.3548164368, -13.1215639114, 25.9084892273, 114.68762207, 34.0968742371], [-109.557487488, 115.656715393, 42.1568527222, 60.7298240662, 44.5278053284, 24.2728977203, 10.8928136826, 25.2584705353, 13.4704532623, 26.1014900208, 19.7021636963, 34.0968742371, 88.4288864136]],
        "icov": [[0.000244371913141, 0.000233309387113, 7.28098239051e-005, 0.000218222674448, 0.000278955150861, -8.34628735902e-005, 4.37156886619e-005, -1.62493906828e-005, -0.000373540533474, -0.000136658927659, -1.58094081826e-007, -0.000154928638949, -0.0001482519001], [0.000233309387113, 0.000762253417633, 0.000121982644487, 1.96072414838e-005, 0.000389058783185, -0.000264140515355, -3.51062590198e-006, 4.66136725663e-007, -0.000312550866511, -0.000485609198222, 0.000156067399075, -0.00044198796968, -0.00057602475863], [7.28098239051e-005, 0.000121982644487, 0.000808175303973, 0.000353521929355, -0.000223907802138, -0.000379974808311, -0.000344254687661, -0.000416254042648, -0.000117502924695, -0.000101906734926, -0.000213216451812, -0.000558981380891, -8.0354820966e-006], [0.000218222674448, 1.96072414838e-005, 0.000353521929355, 0.00262883352116, -0.00127002655063, 0.000185449913261, -0.000267323019216, -0.000111803652544, -0.000675043906085, 0.000639629201032, 0.000185143144336, -0.000669361616019, -0.000944855099078], [0.000278955150861, 0.000389058783185, -0.000223907802138, -0.00127002655063, 0.00378869450651, -0.00103898858652, 0.000935390591621, -0.00042826923891, -0.0010312179802, -0.000723073782865, 0.000749040045775, -0.000410765584093, -0.000437754089944], [-8.34628735902e-005, -0.000264140515355, -0.000379974808311, 0.000185449913261, -0.00103898858652, 0.00564339384437, -0.00367720425129, 0.00210402510129, -0.00174069323111, -8.38490086608e-005, 0.000449717015726, -0.000292170705507, -0.00057568209013], [4.37156886619e-005, -3.51062590198e-006, -0.000344254687661, -0.000267323019216, 0.000935390591621, -0.00367720425129, 0.00954450294375, -0.00384026858956, 0.00310640782118, -0.000123265752336, -0.00119347043801, -0.00188947026618, 0.00142365915235], [-1.62493906828e-005, 4.66136725663e-007, -0.000416254042648, -0.000111803652544, -0.00042826923891, 0.00210402510129, -0.00384026858956, 0.00832622777671, -0.00303809600882, 0.000447044702014, -0.00234801485203, 0.00069624587195, -0.00142709654756], [-0.000373540533474, -0.000312550866511, -0.000117502924695, -0.000675043906085, -0.0010312179802, -0.00174069323111, 0.00310640782118, -0.00303809600882, 0.0106795486063, -0.00297668902203, -0.000484906224301, -0.0025918551255, 0.00230703456327], [-0.000136658927659, -0.000485609198222, -0.000101906734926, 0.000639629201032, -0.000723073782865, -8.38490086608e-005, -0.000123265752336, 0.000447044702014, -0.00297668902203, 0.00886159017682, -0.00372729450464, 0.00373544916511, -0.00242237676866], [-1.58094081826e-007, 0.000156067399075, -0.000213216451812, 0.000185143144336, 0.000749040045775, 0.000449717015726, -0.00119347043801, -0.00234801485203, -0.000484906224301, -0.00372729450464, 0.0134443864226, -0.00246518361382, -0.000783599971328], [-0.000154928638949, -0.00044198796968, -0.000558981380891, -0.000669361616019, -0.000410765584093, -0.000292170705507, -0.00188947026618, 0.00069624587195, -0.0025918551255, 0.00373544916511, -0.00246518361382, 0.0138260265812, -0.00405641132966], [-0.0001482519001, -0.00057602475863, -8.0354820966e-006, -0.000944855099078, -0.000437754089944, -0.00057568209013, 0.00142365915235, -0.00142709654756, 0.00230703456327, -0.00242237676866, -0.000783599971328, -0.00405641132966, 0.0152439260855]]
    },
    "spectral_contrast_coeffs": {
        "mean": [-0.635325968266, -0.748840808868, -0.743555128574, -0.771568059921, -0.775292813778, -0.792089760303],
        "var": [0.00759945530444, 0.00461268052459, 0.00763016147539, 0.00450543453917, 0.00443608826026, 0.00335040688515]
    },
    "spectral_contrast_valleys": {
        "mean": [-7.01079177856, -6.74803543091, -7.80776119232, -8.20990753174, -8.11396598816, -10.4845628738],
        "var": [1.13884139061, 1.07518470287, 1.35946762562, 1.18385374546, 1.30934631824, 2.88886785507]
    }
},
"metadata": {
    "audio_properties": {
        "analysis_sample_rate": 44100,
        "bit_rate": 128074,
        "equal_loudness": 0,
        "length": 45.0612258911,
        "lossless": 0,
        "replay_gain": -5.14964675903,
        "sample_rate": 44100,
        "codec": "mp3",
        "downmix": "mix",
        "md5_encoded": "d725f0094dd04214692895d951f437b8"
    },
    "tags": {
        "file_name": "1587.mp3"
    },
    "version": {
        "essentia": "2.1-beta2",
        "essentia_git_sha": "v2.1_beta2",
        "extractor": "music 1.0"
    }
},
"rhythm": {
    "beats_count": 128,
    "beats_loudness": {
        "mean": 0.113615460694,
        "var": 0.00640531908721
    },
    "bpm": 172.265548706,
    "bpm_histogram_first_peak_bpm": {
        "mean": 172,
        "var": 0
    },
    "bpm_histogram_first_peak_spread": {
        "mean": 0,
        "var": 0
    },
    "bpm_histogram_first_peak_weight": {
        "mean": 0.748031497002,
        "var": 0
    },
    "bpm_histogram_second_peak_bpm": {
        "mean": 167,
        "var": 0
    },
    "bpm_histogram_second_peak_spread": {
        "mean": 0,
        "var": 0
    },
    "bpm_histogram_second_peak_weight": {
        "mean": 0.141732290387,
        "var": 0
    },
    "danceability": 1.34342515469,
    "onset_rate": 6.87642860413,
    "beats_loudness_band_ratio": {
        "mean": [0.669918239117, 0.0697755888104, 0.102859869599, 0.0480061396956, 0.0582328140736, 0.0714178085327],
        "var": [0.123499818146, 0.00638325558975, 0.0206239689142, 0.00599464168772, 0.0100011397153, 0.0113610150293]
    },
    "beats_position": [0.359909296036, 0.731428563595, 1.09133780003, 1.43963718414, 1.78793644905, 2.13623571396, 2.49614500999, 2.85605430603, 3.22757363319, 3.59909296036, 3.95900225639, 4.31891155243, 4.69043064117, 5.06195020676, 5.41024923325, 5.7701587677, 6.10684776306, 6.45514726639, 6.80344676971, 7.1517457962, 7.50004529953, 7.84834432602, 8.19664382935, 8.54494285583, 8.893242836, 9.24154186249, 9.58984088898, 9.93814086914, 10.2864398956, 10.6347389221, 10.9830379486, 11.3313379288, 11.6796369553, 12.0279359818, 12.3762359619, 12.7245349884, 13.0728340149, 13.4211339951, 13.7694330215, 14.117732048, 14.4660310745, 14.8143310547, 15.1626300812, 15.5109291077, 15.8592290878, 16.2075271606, 16.5558280945, 16.9157371521, 17.2640361786, 17.6239452362, 17.9722442627, 18.3205432892, 18.6688423157, 19.0171432495, 19.365442276, 19.7137413025, 20.062040329, 20.4103393555, 20.758638382, 21.1069393158, 21.4552383423, 21.8035373688, 22.1518363953, 22.5001354218, 22.8484344482, 23.1967334747, 23.5450344086, 23.8933334351, 24.2300224304, 24.5783214569, 24.9382305145, 25.286529541, 25.6348285675, 25.9831295013, 26.3314285278, 26.6797275543, 27.0280265808, 27.3763256073, 27.7246246338, 28.0729255676, 28.4212245941, 28.7695236206, 29.1178226471, 29.4661216736, 29.8144207001, 30.1511096954, 30.5110206604, 30.8593196869, 31.1960086823, 31.5559177399, 31.9042167664, 32.2525177002, 32.6008148193, 32.9491157532, 33.2974128723, 33.6573219299, 34.0172348022, 34.3655319214, 34.7138328552, 35.0389099121, 35.3639907837, 35.7355079651, 36.0954170227, 36.455329895, 36.8036270142, 37.151927948, 37.5002250671, 37.848526001, 38.1968231201, 38.545124054, 38.8934249878, 39.2417221069, 39.5900230408, 39.9383201599, 40.2866210938, 40.6349182129, 40.9716110229, 41.3315200806, 41.6798171997, 42.0281181335, 42.3880271912, 42.7479362488, 43.0730133057, 43.4213142395, 43.7696151733, 44.1179122925, 44.4662132263, 44.8145103455]
},
"tonal": {
    "chords_changes_rate": 0.0689300447702,
    "chords_number_rate": 0.00925925932825,
    "chords_strength": {
        "mean": 0.563970863819,
        "var": 0.0152171365917
    },
    "hpcp_entropy": {
        "mean": 2.03102850914,
        "var": 0.502948999405
    },
    "key_strength": 0.8653845191,
    "tuning_diatonic_strength": 0.663283526897,
    "tuning_equal_tempered_deviation": 0.122834704816,
    "tuning_frequency": 443.572570801,
    "tuning_nontempered_energy_ratio": 0.804123461246,
    "hpcp": {
        "mean": [0.240450754762, 0.148956254125, 0.133272185922, 0.14092130959, 0.101386450231, 0.0567465648055, 0.048147212714, 0.0537380054593, 0.0730225145817, 0.0831758379936, 0.0637846365571, 0.0496199131012, 0.0478183962405, 0.0739300176501, 0.191717803478, 0.259413689375, 0.178197413683, 0.101535752416, 0.0720585584641, 0.0646035298705, 0.125689536333, 0.21184527874, 0.196076378226, 0.158478856087, 0.145967006683, 0.0927687361836, 0.0524180084467, 0.0448613986373, 0.056409176439, 0.10084541887, 0.113905370235, 0.0797273814678, 0.0734634622931, 0.0804457440972, 0.112174786627, 0.224346205592],
        "var": [0.108585037291, 0.0560237132013, 0.066205099225, 0.0761792883277, 0.0459242500365, 0.0180700495839, 0.0179986674339, 0.0219440348446, 0.0296726953238, 0.0340953059494, 0.0214568022639, 0.0180846042931, 0.0147051401436, 0.024425143376, 0.0764444991946, 0.1226233989, 0.0667931139469, 0.0472439527512, 0.0343672856688, 0.0282576922327, 0.0503646545112, 0.113710649312, 0.0818030685186, 0.0753572657704, 0.0765484198928, 0.0407873988152, 0.0199274607003, 0.0143133895472, 0.0197605807334, 0.0582948997617, 0.0638902708888, 0.0309913679957, 0.0314628742635, 0.0379344560206, 0.0451548881829, 0.10909409076]
    },
    "chords_histogram": [30.4526748657, 0, 23.2510280609, 0.205761313438, 0, 1.95473253727, 0.925925910473, 3.60082316399, 0.411522626877, 10.5967073441, 5.24691343307, 1.13168728352, 0, 0, 0, 0, 0, 0, 0, 1.95473253727, 0, 0, 0, 20.267490387],
    "thpcp": [1, 0.68692368269, 0.391404747963, 0.277774691582, 0.249036699533, 0.484513878822, 0.81663107872, 0.75584435463, 0.610911667347, 0.56268042326, 0.357609242201, 0.202063381672, 0.17293381691, 0.217448726296, 0.388743638992, 0.439087748528, 0.307336837053, 0.283190369606, 0.310106009245, 0.43241661787, 0.864820241928, 0.926900804043, 0.574203550816, 0.513743817806, 0.543230056763, 0.390829235315, 0.218749314547, 0.185600116849, 0.207151770592, 0.281490594149, 0.32063010335, 0.245879992843, 0.191277161241, 0.184332579374, 0.284988880157, 0.739042758942],
    "chords_key": "D",
    "chords_scale": "minor",
    "key_key": "D",
    "key_scale": "minor"
}
}