{
"lowlevel": {
    "average_loudness": 0.922964513302,
    "barkbands_crest": {
        "mean": 14.6871566772,
        "var": 41.2502937317
    },
    "barkbands_flatness_db": {
        "mean": 0.201385468245,
        "var": 0.0148929385468
    },
    "barkbands_kurtosis": {
        "mean": 37.0794754028,
        "var": 5763.97558594
    },
    "barkbands_skewness": {
        "mean": 3.53446817398,
        "var": 16.0334415436
    },
    "barkbands_spread": {
        "mean": 15.9219923019,
        "var": 255.361709595
    },
    "dissonance": {
        "mean": 0.465168088675,
        "var": 0.000981958932243
    },
    "dynamic_complexity": 3.79441189766,
    "erbbands_crest": {
        "mean": 8.51645278931,
        "var": 17.3304138184
    },
    "erbbands_flatness_db": {
        "mean": 0.152214616537,
        "var": 0.00339356879704
    },
    "erbbands_kurtosis": {
        "mean": 1.18130147457,
        "var": 101.353462219
    },
    "erbbands_skewness": {
        "mean": 0.253075659275,
        "var": 1.01354539394
    },
    "erbbands_spread": {
        "mean": 48.9091720581,
        "var": 1389.37927246
    },
    "hfc": {
        "mean": 25.026309967,
        "var": 619.762145996
    },
    "melbands_crest": {
        "mean": 21.8732452393,
        "var": 111.033996582
    },
    "melbands_flatness_db": {
        "mean": 0.274294197559,
        "var": 0.0226400345564
    },
    "melbands_kurtosis": {
        "mean": 266.718719482,
        "var": 3069557.25
    },
    "melbands_skewness": {
        "mean": 6.89395809174,
        "var": 119.990844727
    },
    "melbands_spread": {
        "mean": 19.3280982971,
        "var": 527.728881836
    },
    "pitch_salience": {
        "mean": 0.408320903778,
        "var": 0.0406749695539
    },
    "silence_rate_20dB": {
        "mean": 1,
        "var": 0
    },
    "silence_rate_30dB": {
        "mean": 0.672502577305,
        "var": 0.220247089863
    },
    "silence_rate_60dB": {
        "mean": 0.09732234478,
        "var": 0.08785045892
    },
    "spectral_centroid": {
        "mean": 1361.69213867,
        "var": 759458.875
    },
    "spectral_complexity": {
        "mean": 16.5530376434,
        "var": 131.937927246
    },
    "spectral_decrease": {
        "mean": -2.02539300886e-008,
        "var": 3.05311331772e-016
    },
    "spectral_energy": {
        "mean": 0.0787129625678,
        "var": 0.00431878352538
    },
    "spectral_energyband_high": {
        "mean": 0.00117158493958,
        "var": 8.01412261353e-006
    },
    "spectral_energyband_low": {
        "mean": 0.0601851455867,
        "var": 0.00469153514132
    },
    "spectral_energyband_middle_high": {
        "mean": 0.00577692547813,
        "var": 4.99299021612e-005
    },
    "spectral_energyband_middle_low": {
        "mean": 0.0133810015395,
        "var": 0.000297066901112
    },
    "spectral_entropy": {
        "mean": 7.51527881622,
        "var": 0.479220479727
    },
    "spectral_flux": {
        "mean": 0.102480366826,
        "var": 0.00505537772551
    },
    "spectral_kurtosis": {
        "mean": 6.69897794724,
        "var": 139.250427246
    },
    "spectral_rms": {
        "mean": 0.00773553317413,
        "var": 1.69546838151e-005
    },
    "spectral_rolloff": {
        "mean": 1362.12548828,
        "var": 4158619.75
    },
    "spectral_skewness": {
        "mean": 1.76426899433,
        "var": 1.11999773979
    },
    "spectral_spread": {
        "mean": 5071112.5,
        "var": 4.77409312768e+012
    },
    "spectral_strongpeak": {
        "mean": 1.16601097584,
        "var": 2.32670378685
    },
    "zerocrossingrate": {
        "mean": 0.0488678514957,
        "var": 0.00309658399783
    },
    "barkbands": {
        "mean": [0.00842725951225, 0.0456575751305, 0.00435449881479, 0.00480117835104, 0.00387737643905, 0.00154012418352, 0.00126213906333, 0.000772790750489, 0.00099575787317, 0.000471674167784, 0.000888810667675, 0.0011197749991, 0.000586135662161, 0.000503239862155, 0.000788424687926, 0.000445117504569, 0.000394703209167, 0.000324954104144, 0.000186300690984, 0.00024790095631, 0.000184378266567, 0.000187725483556, 0.000336775177857, 0.00019117310876, 0.000111570741865, 5.21891306562e-005, 3.40648966812e-006],
        "var": [0.000277435377939, 0.00344980461523, 0.000116532937682, 0.000142726203194, 6.48887071293e-005, 1.05712379082e-005, 6.99561269357e-006, 1.55833345161e-006, 3.60739727512e-006, 6.15020383066e-007, 4.99946145283e-006, 4.25147982241e-006, 2.18583113565e-006, 1.41935186093e-006, 5.66620065001e-006, 9.44791281654e-007, 7.52828327677e-007, 3.35826541686e-007, 1.05076281898e-007, 2.24241176738e-007, 1.51018724637e-007, 1.99164375658e-007, 8.94806760243e-007, 3.43583195672e-007, 1.2690482265e-007, 2.3029217644e-008, 5.80937312145e-011]
    },
    "erbbands": {
        "mean": [2.3470313549, 6.13064241409, 5.26458740234, 11.9914884567, 15.6414804459, 12.6423988342, 6.85252380371, 15.1460800171, 16.2933082581, 16.7101593018, 24.4938716888, 17.6749706268, 16.8534622192, 31.5927391052, 31.6329975128, 36.6442985535, 30.1411323547, 24.1310863495, 30.3125400543, 34.8073310852, 27.4564533234, 24.5407371521, 20.1798019409, 11.7160186768, 10.3856496811, 10.8472881317, 8.2632598877, 6.6740694046, 7.24328327179, 6.47291183472, 10.8289871216, 4.46342325211, 3.15527653694, 1.6849001646, 0.616254031658, 0.254246294498, 0.0840311124921, 0.0154321482405, 0.000444245553808, 0.000100981036667],
        "var": [11.5876283646, 64.1704559326, 88.0981369019, 735.963317871, 827.91595459, 730.465026855, 118.325653076, 1469.13635254, 853.904174805, 1030.84130859, 1802.25842285, 872.367126465, 724.24786377, 7855.81933594, 3050.52734375, 4731.81396484, 4901.13769531, 2608.87890625, 4074.71728516, 7866.15478516, 3889.12231445, 3297.55078125, 1404.49401855, 286.972991943, 275.276550293, 461.501831055, 455.870513916, 138.621383667, 356.160919189, 175.894744873, 1115.90136719, 157.962982178, 102.971260071, 31.4517993927, 4.08782958984, 0.761554718018, 0.0448174066842, 0.000918692036066, 7.70208885115e-007, 5.90820858903e-009]
    },
    "gfcc": {
        "mean": [-25.1272983551, 74.7984771729, -103.154533386, 31.5400791168, -47.4084625244, 24.0584583282, -30.7524356842, 11.9232168198, -15.8487262726, 3.42839860916, -13.8692359924, 2.26034402847, -13.368183136],
        "cov": [[20920.84375, 269.237945557, -238.545150757, 890.145507813, -1012.49572754, 253.216949463, -690.982971191, -4.36061286926, -620.77355957, -107.075233459, -628.693115234, 222.214324951, -421.263397217], [269.237945557, 3044.34130859, 1260.0168457, 169.914978027, 582.679260254, -184.894042969, 355.835540771, -265.105377197, 215.204101563, -197.581542969, 240.273605347, -15.8940391541, 291.145843506], [-238.545150757, 1260.0168457, 2322.30371094, 974.80859375, 459.432861328, 288.718688965, 491.329772949, -201.301864624, 402.69140625, -28.8070087433, 256.742584229, 193.584960938, 205.026611328], [890.145507813, 169.914978027, 974.80859375, 828.917114258, 208.6144104, 274.38168335, 232.361633301, -15.7672271729, 159.7787323, 29.314037323, 100.424133301, 136.696975708, 122.621528625], [-1012.49572754, 582.679260254, 459.432861328, 208.6144104, 456.917663574, 93.4713668823, 248.647476196, -16.9547176361, 197.601928711, 29.8574695587, 155.669692993, 71.4989242554, 132.961715698], [253.216949463, -184.894042969, 288.718688965, 274.38168335, 93.4713668823, 336.44354248, 117.525215149, 32.6595306396, 102.325408936, 36.2299957275, 62.4542274475, 121.739372253, 47.4292984009], [-690.982971191, 355.835540771, 491.329772949, 232.361633301, 248.647476196, 117.525215149, 292.133728027, 2.52096390724, 181.335525513, 27.3037548065, 120.312324524, 80.7271194458, 94.6327285767], [-4.36061286926, -265.105377197, -201.301864624, -15.7672271729, -16.9547176361, 32.6595306396, 2.52096390724, 146.821212769, 12.4316320419, 70.0224075317, 22.5401325226, 12.5976696014, 11.1231660843], [-620.77355957, 215.204101563, 402.69140625, 159.7787323, 197.601928711, 102.325408936, 181.335525513, 12.4316320419, 253.546188354, 76.6175537109, 146.475219727, 100.79208374, 74.3330459595], [-107.075233459, -197.581542969, -28.8070087433, 29.314037323, 29.8574695587, 36.2299957275, 27.3037548065, 70.0224075317, 76.6175537109, 133.844711304, 67.4675369263, 43.5629463196, 17.3595695496], [-628.693115234, 240.273605347, 256.742584229, 100.424133301, 155.669692993, 62.4542274475, 120.312324524, 22.5401325226, 146.475219727, 67.4675369263, 166.764465332, 81.4249801636, 104.02696228], [222.214324951, -15.8940391541, 193.584960938, 136.696975708, 71.4989242554, 121.739372253, 80.7271194458, 12.5976696014, 100.79208374, 43.5629463196, 81.4249801636, 157.690292358, 51.4298629761], [-421.263397217, 291.145843506, 205.026611328, 122.621528625, 132.961715698, 47.4292984009, 94.6327285767, 11.1231660843, 74.3330459595, 17.3595695496, 104.02696228, 51.4298629761, 162.156539917]],
        "icov": [[0.000136790127726, -0.000316911842674, 0.000148626160808, -0.000415148562752, 0.000332113093464, -0.000189992104424, 0.000321060331771, -0.000199861082365, 8.62858141772e-005, -0.00048004326527, 0.00071928021498, -0.000627000932582, 0.000409238535212], [-0.000316911842674, 0.0016570178559, -0.00077754521044, 0.00134856929071, -0.00143747788388, 0.00116931926459, -0.000891637988389, 0.000883529894054, -2.66189890681e-005, 0.00237061758526, -0.00246010394767, 0.00173828715924, -0.00175336946268], [0.000148626160808, -0.00077754521044, 0.00203496729955, -0.00220485427417, 0.00101370213088, -0.000328385271132, -0.000562325469218, 0.00151342432946, -0.00117699231487, -0.000185097407666, -0.000163151067682, -0.0004037268518, 0.0011577710975], [-0.000415148562752, 0.00134856929071, -0.00220485427417, 0.0049267038703, -0.00162543624174, -0.000528000178747, -0.00109883619007, -0.00034168100683, 0.000875276629813, 0.000653327791952, -0.00036006301525, 0.0012950503733, -0.00293657579459], [0.000332113093464, -0.00143747788388, 0.00101370213088, -0.00162543624174, 0.00629627006128, -0.00101979786996, -0.00202292622998, 0.000437542854343, -0.00129878881853, -0.00160123314708, 0.000566127477214, -0.000626142602414, 0.000279504747596], [-0.000189992104424, 0.00116931926459, -0.000328385271132, -0.000528000178747, -0.00101979786996, 0.00610177218914, -0.00119432783686, -0.000493233033922, -0.000474794709589, 0.00222704256885, -0.00111658591777, -0.00185374391731, -0.000712779466994], [0.000321060331771, -0.000891637988389, -0.000562325469218, -0.00109883619007, -0.00202292622998, -0.00119432783686, 0.0106024937704, -0.00271989172325, -0.00308719673194, 0.000229271521675, 0.00219848286361, -0.00165554333944, 0.000489358324558], [-0.000199861082365, 0.000883529894054, 0.00151342432946, -0.00034168100683, 0.000437542854343, -0.000493233033922, -0.00271989172325, 0.0127906389534, -1.24215857795e-005, -0.00379801448435, -0.00250023277476, 0.00236180634238, -0.00199813069776], [8.62858141772e-005, -2.66189890681e-005, -0.00117699231487, 0.000875276629813, -0.00129878881853, -0.000474794709589, -0.00308719673194, -1.24215857795e-005, 0.0133776841685, -0.00386458239518, -0.00532112922519, -0.00248018745333, 0.00258615869097], [-0.00048004326527, 0.00237061758526, -0.000185097407666, 0.000653327791952, -0.00160123314708, 0.00222704256885, 0.000229271521675, -0.00379801448435, -0.00386458239518, 0.0184461269528, -0.00956354755908, 0.0019736608956, 0.000330876704538], [0.00071928021498, -0.00246010394767, -0.000163151067682, -0.00036006301525, 0.000566127477214, -0.00111658591777, 0.00219848286361, -0.00250023277476, -0.00532112922519, -0.00956354755908, 0.0272657200694, -0.00705890543759, -0.00627462659031], [-0.000627000932582, 0.00173828715924, -0.0004037268518, 0.0012950503733, -0.000626142602414, -0.00185374391731, -0.00165554333944, 0.00236180634238, -0.00248018745333, 0.0019736608956, -0.00705890543759, 0.0146658914164, -0.00255636754446], [0.000409238535212, -0.00175336946268, 0.0011577710975, -0.00293657579459, 0.000279504747596, -0.000712779466994, 0.000489358324558, -0.00199813069776, 0.00258615869097, 0.000330876704538, -0.00627462659031, -0.00255636754446, 0.0145808449015]]
    },
    "melbands": {
        "mean": [0.016369285062, 0.0043604564853, 0.00219779182225, 0.00107203214429, 0.000265893439064, 0.000326503446558, 0.000269617128652, 0.000169885388459, 0.00021823339921, 0.000109601700387, 8.15399107523e-005, 0.000119951095257, 0.00010876624583, 0.000108229236503, 9.32628026931e-005, 6.09614216955e-005, 4.16367329308e-005, 3.98554839194e-005, 7.71413251641e-005, 2.78016195807e-005, 2.97913229588e-005, 2.72779252555e-005, 1.72904092324e-005, 1.53388864419e-005, 9.00849136087e-006, 6.81074470776e-006, 9.14664360607e-006, 6.51890468362e-006, 5.9660333136e-006, 3.72712952412e-006, 3.73963871425e-006, 4.7027506298e-006, 2.75395427707e-006, 3.9176898099e-006, 6.69497603667e-006, 4.35281162936e-006, 2.2454619284e-006, 2.2570575311e-006, 1.99244254873e-006, 1.23164045363e-006],
        "var": [0.000491660321131, 2.78949828498e-005, 1.8253484086e-005, 4.6152053983e-006, 1.52639202611e-007, 5.88942725699e-007, 2.3260612636e-007, 8.77360477602e-008, 1.699270058e-007, 3.35164180854e-008, 1.85585466994e-008, 1.09710157403e-007, 4.12110559012e-008, 3.9724252332e-008, 5.74895118177e-008, 2.65292818824e-008, 8.51249470912e-009, 8.55369552966e-009, 6.47603854986e-008, 2.80901990557e-009, 5.36343147672e-009, 5.26185450767e-009, 9.30020227496e-010, 7.08000824634e-010, 2.13564457785e-010, 1.45222056602e-010, 3.61784213698e-010, 2.34303104696e-010, 3.91247895193e-010, 4.0712957311e-011, 4.74185656019e-011, 1.83774648277e-010, 2.88840097673e-011, 6.95085933256e-011, 4.29715124595e-010, 1.69806405048e-010, 4.10578168686e-011, 5.48088935348e-011, 3.95254176611e-011, 1.83715959112e-011]
    },
    "mfcc": {
        "mean": [-669.421691895, 107.664016724, 8.06434440613, 16.492647171, 10.7670783997, 12.5274858475, 3.0756072998, 11.6709842682, 2.91428923607, 6.27030849457, 1.46513295174, 5.67536973953, 3.55659031868],
        "cov": [[15811.5507813, 182.791244507, -295.195861816, 76.0836486816, -294.642028809, 14.0553703308, -113.984443665, -89.6083755493, -113.12928772, -408.628875732, -260.939239502, -81.3433456421, -272.459503174], [182.791244507, 2643.72631836, 561.485778809, 392.937561035, 217.018722534, 118.957611084, 72.8083267212, -2.94205760956, 25.2848873138, -99.7840499878, 22.6866035461, 24.5221214294, -3.12379741669], [-295.195861816, 561.485778809, 1751.98339844, 785.403320313, 333.613311768, 593.621948242, 121.293762207, 250.202468872, 89.299697876, 85.3264160156, 6.95581150055, 115.558105469, 52.297000885], [76.0836486816, 392.937561035, 785.403320313, 688.289367676, 245.678665161, 333.615692139, 132.935150146, 136.088378906, 105.914489746, 48.9275970459, 43.6796150208, 73.2824172974, 23.6965732574], [-294.642028809, 217.018722534, 333.613311768, 245.678665161, 235.627334595, 208.260528564, 75.6125793457, 89.560760498, 51.0099983215, 47.0891914368, 40.905796051, 43.5125045776, 37.9592247009], [14.0553703308, 118.957611084, 593.621948242, 333.615692139, 208.260528564, 444.456115723, 92.2224655151, 201.300048828, 61.6715660095, 86.4690704346, 24.1417636871, 68.3369140625, 63.7151641846], [-113.984443665, 72.8083267212, 121.293762207, 132.935150146, 75.6125793457, 92.2224655151, 140.813308716, 49.3646812439, 75.6561813354, 1.24991929531, 22.0155792236, 25.0188159943, 11.505147934], [-89.6083755493, -2.94205760956, 250.202468872, 136.088378906, 89.560760498, 201.300048828, 49.3646812439, 185.3881073, 45.6180229187, 63.2198028564, 22.266078949, 52.4342803955, 50.420841217], [-113.12928772, 25.2848873138, 89.299697876, 105.914489746, 51.0099983215, 61.6715660095, 75.6561813354, 45.6180229187, 104.703514099, 24.5747280121, 27.761013031, 30.0615844727, 27.0300102234], [-408.628875732, -99.7840499878, 85.3264160156, 48.9275970459, 47.0891914368, 86.4690704346, 1.24991929531, 63.2198028564, 24.5747280121, 140.463699341, 61.4558067322, 33.8033447266, 55.5498580933], [-260.939239502, 22.6866035461, 6.95581150055, 43.6796150208, 40.905796051, 24.1417636871, 22.0155792236, 22.266078949, 27.761013031, 61.4558067322, 104.365158081, 48.6061897278, 41.3980522156], [-81.3433456421, 24.5221214294, 115.558105469, 73.2824172974, 43.5125045776, 68.3369140625, 25.0188159943, 52.4342803955, 30.0615844727, 33.8033447266, 48.6061897278, 94.1434936523, 47.837677002], [-272.459503174, -3.12379741669, 52.297000885, 23.6965732574, 37.9592247009, 63.7151641846, 11.505147934, 50.420841217, 27.0300102234, 55.5498580933, 41.3980522156, 47.837677002, 109.836929321]],
        "icov": [[7.68266472733e-005, -5.98781025474e-006, 6.48295026622e-005, -8.92650932656e-005, 0.000160735187819, -0.000169853388797, 0.000123075587908, 6.8220679168e-006, -2.00095546461e-005, 0.000212569560972, 4.68153048132e-005, -8.63250097609e-005, 0.000123122401419], [-5.98781025474e-006, 0.000473255757242, -0.000127210558276, -0.000139914191095, -0.000405512109865, 0.000183131560334, 3.70033594663e-005, 8.39256099425e-005, 0.000109222259198, 0.000595202727709, -0.000337507546647, 0.00015549082309, -0.000187545228982], [6.48295026622e-005, -0.000127210558276, 0.00164519157261, -0.0013558579376, 0.00016571841843, -0.00134978082497, 0.000594458018895, 4.34858084191e-005, 0.000260181492195, -7.46272853576e-005, 0.00103760114871, -0.000887702160981, 0.000279136089375], [-8.92650932656e-005, -0.000139914191095, -0.0013558579376, 0.00426617916673, -0.00160522107035, -0.000459561211755, -0.000847784511279, 0.00046816340182, -0.00173204566818, -8.8724809757e-005, -0.000920234946534, -0.000143663288327, 0.00107552413829], [0.000160735187819, -0.000405512109865, 0.00016571841843, -0.00160522107035, 0.00971580948681, -0.00333905103616, -0.00135210866574, 0.000464183540316, 0.000225100768148, 6.13581796642e-005, -0.00180609046947, 0.000368326436728, -0.000403781887144], [-0.000169853388797, 0.000183131560334, -0.00134978082497, -0.000459561211755, -0.00333905103616, 0.00879431329668, -0.00195088470355, -0.00499478308484, 0.00170484883711, -0.00200609769672, 0.00169499753974, 0.000224251198233, -0.00126609904692], [0.000123075587908, 3.70033594663e-005, 0.000594458018895, -0.000847784511279, -0.00135210866574, -0.00195088470355, 0.0145049588755, -0.000595350284129, -0.00876167602837, 0.00390092143789, -0.00196875212714, 0.000262108631432, 0.00137029145844], [6.8220679168e-006, 8.39256099425e-005, 4.34858084191e-005, 0.00046816340182, 0.000464183540316, -0.00499478308484, -0.000595350284129, 0.0123281525448, -0.00164154311642, -0.00213752291165, 0.0016276439419, -0.00284718698822, -0.000850701529998], [-2.00095546461e-005, 0.000109222259198, 0.000260181492195, -0.00173204566818, 0.000225100768148, 0.00170484883711, -0.00876167602837, -0.00164154311642, 0.0183151960373, -0.00188951473683, 1.95476986846e-005, -0.001152880257, -0.00224903039634], [0.000212569560972, 0.000595202727709, -7.46272853576e-005, -8.8724809757e-005, 6.13581796642e-005, -0.00200609769672, 0.00390092143789, -0.00213752291165, -0.00188951473683, 0.0145370587707, -0.00759301707149, 0.00249703833833, -0.00279877102003], [4.68153048132e-005, -0.000337507546647, 0.00103760114871, -0.000920234946534, -0.00180609046947, 0.00169499753974, -0.00196875212714, 0.0016276439419, 1.95476986846e-005, -0.00759301707149, 0.0189546346664, -0.00775580201298, -0.0010198247619], [-8.63250097609e-005, 0.00015549082309, -0.000887702160981, -0.000143663288327, 0.000368326436728, 0.000224251198233, 0.000262108631432, -0.00284718698822, -0.001152880257, 0.00249703833833, -0.00775580201298, 0.0189243610948, -0.00503203831613], [0.000123122401419, -0.000187545228982, 0.000279136089375, 0.00107552413829, -0.000403781887144, -0.00126609904692, 0.00137029145844, -0.000850701529998, -0.00224903039634, -0.00279877102003, -0.0010198247619, -0.00503203831613, 0.0147054623812]]
    },
    "spectral_contrast_coeffs": {
        "mean": [-0.644664049149, -0.737204730511, -0.796762764454, -0.793486535549, -0.790858745575, -0.76561820507],
        "var": [0.019941482693, 0.0106290709227, 0.00527053419501, 0.00566918682307, 0.00449667917565, 0.00197658780962]
    },
    "spectral_contrast_valleys": {
        "mean": [-7.72558736801, -7.25463914871, -7.55112552643, -7.86896371841, -8.01701641083, -10.3582191467],
        "var": [4.37252664566, 2.45432400703, 2.12428331375, 2.0559053421, 2.44288802147, 3.16006350517]
    }
},
"metadata": {
    "audio_properties": {
        "analysis_sample_rate": 44100,
        "bit_rate": 128074,
        "equal_loudness": 0,
        "length": 45.0612258911,
        "lossless": 0,
        "replay_gain": -4.96435546875,
        "sample_rate": 44100,
        "codec": "mp3",
        "downmix": "mix",
        "md5_encoded": "1648343c2969f85d1361f9ba3ce7bcd2"
    },
    "tags": {
        "file_name": "1588.mp3"
    },
    "version": {
        "essentia": "2.1-beta2",
        "essentia_git_sha": "v2.1_beta2",
        "extractor": "music 1.0"
    }
},
"rhythm": {
    "beats_count": 56,
    "beats_loudness": {
        "mean": 0.0906878933311,
        "var": 0.00535422516987
    },
    "bpm": 75.1035079956,
    "bpm_histogram_first_peak_bpm": {
        "mean": 75,
        "var": 0
    },
    "bpm_histogram_first_peak_spread": {
        "mean": 0.0363636016846,
        "var": 0
    },
    "bpm_histogram_first_peak_weight": {
        "mean": 0.963636398315,
        "var": 0
    },
    "bpm_histogram_second_peak_bpm": {
        "mean": 0,
        "var": 0
    },
    "bpm_histogram_second_peak_spread": {
        "mean": 0,
        "var": 0
    },
    "bpm_histogram_second_peak_weight": {
        "mean": 0,
        "var": 0
    },
    "danceability": 1.15237402916,
    "onset_rate": 4.72477197647,
    "beats_loudness_band_ratio": {
        "mean": [0.615949749947, 0.0568336844444, 0.0986658781767, 0.0928072780371, 0.0732531994581, 0.0808596014977],
        "var": [0.122542724013, 0.00553229032084, 0.0123478220776, 0.0158647876233, 0.0152122844011, 0.0158864501864]
    },
    "beats_position": [0.801088392735, 1.60217678547, 2.39165520668, 3.19274377823, 3.99383211136, 4.79492044449, 5.58439922333, 6.38548755646, 7.17496585846, 7.97605419159, 8.75392246246, 9.55501079559, 10.3560991287, 11.1571884155, 11.9582767487, 12.7477550507, 13.5488433838, 14.3499317169, 15.1394100189, 15.9404983521, 16.7415866852, 17.5426750183, 18.3553733826, 19.179681778, 19.9923801422, 20.8050785065, 21.6177768707, 22.430475235, 23.2315635681, 24.0326519012, 24.8337402344, 25.6348285675, 26.435918808, 27.22539711, 28.0264854431, 28.8159637451, 29.6170520782, 30.4181404114, 31.2076187134, 31.9970970154, 32.7981834412, 33.5992736816, 34.3887519836, 35.1898422241, 35.9909286499, 36.7920188904, 37.5931053162, 38.3825836182, 39.1836738586, 39.9847602844, 40.7742385864, 41.5637168884, 42.3648071289, 43.1658935547, 43.9553718567, 44.7448501587]
},
"tonal": {
    "chords_changes_rate": 0.0679012313485,
    "chords_number_rate": 0.00823045242578,
    "chords_strength": {
        "mean": 0.439016312361,
        "var": 0.00858861859888
    },
    "hpcp_entropy": {
        "mean": 2.13191699982,
        "var": 0.762105107307
    },
    "key_strength": 0.642661094666,
    "tuning_diatonic_strength": 0.458811670542,
    "tuning_equal_tempered_deviation": 0.180041149259,
    "tuning_frequency": 434.193115234,
    "tuning_nontempered_energy_ratio": 0.870854079723,
    "hpcp": {
        "mean": [0.0608503818512, 0.0456352680922, 0.0724001377821, 0.245365276933, 0.295014768839, 0.141098931432, 0.0833983272314, 0.0807380229235, 0.0603010728955, 0.0534855239093, 0.0592018514872, 0.069651581347, 0.116986982524, 0.12151067704, 0.0636467412114, 0.0523548424244, 0.0680342465639, 0.10234592855, 0.229511246085, 0.240339249372, 0.097996249795, 0.0387738905847, 0.0338395759463, 0.172314316034, 0.347281396389, 0.223507195711, 0.051260907203, 0.0752194300294, 0.0879036560655, 0.0528992116451, 0.0599913187325, 0.0703616663814, 0.0698742046952, 0.111086763442, 0.121926382184, 0.082731552422],
        "var": [0.028471916914, 0.0163418911397, 0.0212983284146, 0.106002226472, 0.136397451162, 0.041154216975, 0.0418101511896, 0.0412234514952, 0.02475143224, 0.0210652966052, 0.023870697245, 0.0263131726533, 0.0514161847532, 0.0557744018734, 0.0192817654461, 0.0158997494727, 0.0231695640832, 0.0359869748354, 0.106903403997, 0.124370373785, 0.0298072136939, 0.015054423362, 0.0138530861586, 0.0525561198592, 0.178556963801, 0.0575003400445, 0.00891514495015, 0.0263985395432, 0.0379002913833, 0.0102911544964, 0.0223668478429, 0.031556468457, 0.0311221908778, 0.0590299591422, 0.0700551569462, 0.0342680066824]
    },
    "chords_histogram": [27.7777786255, 1.13168728352, 27.6748962402, 7.51028823853, 0.720164597034, 5.34979438782, 5.04115247726, 12.7572011948, 0, 12.0370368958, 0, 0, 0, 0, 0, 0, 0, 0, 0, 0, 0, 0, 0, 0],
    "thpcp": [1, 0.643591046333, 0.147606253624, 0.216595038772, 0.253119379282, 0.152323767543, 0.172745555639, 0.202607065439, 0.201203420758, 0.319875359535, 0.351088136435, 0.238226264715, 0.175219237804, 0.131407171488, 0.208476871252, 0.706531584263, 0.8494977355, 0.40629568696, 0.240146249533, 0.232485890388, 0.173637494445, 0.154012069106, 0.170472279191, 0.200562372804, 0.336865097284, 0.349891126156, 0.183271378279, 0.150756254792, 0.19590523839, 0.294706046581, 0.660879731178, 0.692059099674, 0.282181113958, 0.111649774015, 0.0974413752556, 0.496180683374],
    "chords_key": "D#",
    "chords_scale": "minor",
    "key_key": "D#",
    "key_scale": "minor"
}
}