{
"lowlevel": {
    "average_loudness": 0.980679750443,
    "barkbands_crest": {
        "mean": 14.2754707336,
        "var": 26.6793708801
    },
    "barkbands_flatness_db": {
        "mean": 0.200334995985,
        "var": 0.00512814428657
    },
    "barkbands_kurtosis": {
        "mean": 12.460650444,
        "var": 416.152954102
    },
    "barkbands_skewness": {
        "mean": 2.57425260544,
        "var": 3.81472015381
    },
    "barkbands_spread": {
        "mean": 18.0781555176,
        "var": 176.172424316
    },
    "dissonance": {
        "mean": 0.453672856092,
        "var": 0.000993291381747
    },
    "dynamic_complexity": 2.83931279182,
    "erbbands_crest": {
        "mean": 9.422996521,
        "var": 18.802066803
    },
    "erbbands_flatness_db": {
        "mean": 0.171492263675,
        "var": 0.00281169288792
    },
    "erbbands_kurtosis": {
        "mean": 0.652028143406,
        "var": 5.84679269791
    },
    "erbbands_skewness": {
        "mean": 0.41961863637,
        "var": 0.745658576488
    },
    "erbbands_spread": {
        "mean": 43.3452148438,
        "var": 647.660827637
    },
    "hfc": {
        "mean": 16.9525470734,
        "var": 321.552337646
    },
    "melbands_crest": {
        "mean": 17.1551742554,
        "var": 23.4041366577
    },
    "melbands_flatness_db": {
        "mean": 0.279413282871,
        "var": 0.00776332337409
    },
    "melbands_kurtosis": {
        "mean": 35.4696235657,
        "var": 2713.72827148
    },
    "melbands_skewness": {
        "mean": 4.01080560684,
        "var": 7.36176872253
    },
    "melbands_spread": {
        "mean": 15.7085390091,
        "var": 199.680328369
    },
    "pitch_salience": {
        "mean": 0.448693722486,
        "var": 0.0165678765625
    },
    "silence_rate_20dB": {
        "mean": 1,
        "var": 0
    },
    "silence_rate_30dB": {
        "mean": 0.973738431931,
        "var": 0.0255724508315
    },
    "silence_rate_60dB": {
        "mean": 0.0288362521678,
        "var": 0.0280047729611
    },
    "spectral_centroid": {
        "mean": 1108.65698242,
        "var": 366781.125
    },
    "spectral_complexity": {
        "mean": 13.8640575409,
        "var": 73.4565048218
    },
    "spectral_decrease": {
        "mean": -8.72464767099e-009,
        "var": 6.10045834107e-017
    },
    "spectral_energy": {
        "mean": 0.0344664677978,
        "var": 0.00093079888029
    },
    "spectral_energyband_high": {
        "mean": 0.000490797625389,
        "var": 7.47902220155e-007
    },
    "spectral_energyband_low": {
        "mean": 0.0192787144333,
        "var": 0.000389352499042
    },
    "spectral_energyband_middle_high": {
        "mean": 0.00408935034648,
        "var": 3.28634741891e-005
    },
    "spectral_energyband_middle_low": {
        "mean": 0.0126432683319,
        "var": 0.000443408818683
    },
    "spectral_entropy": {
        "mean": 7.33430099487,
        "var": 0.225747093558
    },
    "spectral_flux": {
        "mean": 0.107787683606,
        "var": 0.0067128771916
    },
    "spectral_kurtosis": {
        "mean": 5.75573301315,
        "var": 37.755771637
    },
    "spectral_rms": {
        "mean": 0.00534420879558,
        "var": 5.06528385813e-006
    },
    "spectral_rolloff": {
        "mean": 875.820007324,
        "var": 1433493.5
    },
    "spectral_skewness": {
        "mean": 1.68588042259,
        "var": 0.395234316587
    },
    "spectral_spread": {
        "mean": 4809341.5,
        "var": 8.08581018419e+012
    },
    "spectral_strongpeak": {
        "mean": 0.499515324831,
        "var": 0.42579010129
    },
    "zerocrossingrate": {
        "mean": 0.0417430177331,
        "var": 0.000846412498504
    },
    "barkbands": {
        "mean": [0.000101536003058, 0.0138013130054, 0.0034637148492, 0.00351425306872, 0.00371718825772, 0.00122318894137, 0.000824306742288, 0.00146650953684, 0.00164894806221, 0.000696534465533, 0.000614703109022, 0.000488414778374, 0.000542972760741, 0.000305690948153, 0.000261406123172, 0.000244492315687, 0.000254135200521, 0.000347363238689, 0.000356564094545, 0.000137478695251, 3.61615202564e-005, 7.65602308093e-005, 4.62769312435e-005, 0.000114809925435, 0.000126278129756, 5.39366265002e-005, 1.7694642338e-006],
        "var": [3.11061398861e-008, 0.000217464767047, 5.58391038794e-005, 0.000122741039377, 8.45441027195e-005, 5.5140853874e-006, 3.56808163815e-006, 1.4968589312e-005, 1.31252427309e-005, 2.77318258668e-006, 2.5895969884e-006, 1.2978863424e-006, 1.66273707691e-006, 3.820136385e-007, 3.62638132856e-007, 2.62836380216e-007, 2.00451253818e-007, 4.77377056995e-007, 4.31887372088e-007, 9.40671398553e-008, 4.56293136608e-009, 1.55010067004e-008, 8.82079920217e-009, 7.71744623762e-008, 8.45157259732e-008, 2.22083151868e-008, 3.49280465661e-011]
    },
    "erbbands": {
        "mean": [0.339747786522, 3.30314850807, 4.23089551926, 9.09949970245, 11.247385025, 11.9666652679, 13.0667247772, 8.86683368683, 12.2384901047, 17.5685634613, 35.4777297974, 38.217124939, 29.0424518585, 22.7224559784, 24.0396690369, 20.8643302917, 23.7913455963, 18.3964233398, 14.2178058624, 13.1675415039, 13.5052366257, 14.8776340485, 19.2648105621, 16.9152526855, 17.3385314941, 6.46877336502, 1.62054920197, 1.97710669041, 2.65159869194, 1.69012308121, 1.42344892025, 1.70387685299, 2.09494686127, 1.50054752827, 0.926119565964, 0.327964961529, 0.0832611247897, 0.00877361185849, 0.000255830498645, 4.89816120535e-005],
        "var": [0.132906243205, 12.9009542465, 58.5092468262, 562.157287598, 1516.68945313, 828.411071777, 829.512512207, 290.431945801, 692.042907715, 1502.29663086, 9189.29394531, 9340.33886719, 2796.96704102, 4257.60888672, 2336.51586914, 2283.09863281, 3020.09155273, 1471.86450195, 896.539733887, 774.349609375, 692.718139648, 604.58795166, 1426.62658691, 987.77557373, 1093.91333008, 199.039825439, 9.82838439941, 9.67292690277, 17.1479225159, 12.6321744919, 9.81215763092, 10.3112916946, 30.6650180817, 12.183134079, 5.11211013794, 0.708927869797, 0.0564463324845, 0.00066084327409, 5.45934540241e-007, 2.49755882642e-009]
    },
    "gfcc": {
        "mean": [-35.4086952209, 122.183395386, -105.86164093, 43.2954521179, -48.1904144287, 21.0735912323, -28.9459533691, 21.3771476746, -12.7122087479, -2.42126202583, -4.17482376099, -3.2393450737, -7.24236965179],
        "cov": [[6846.19921875, -2296.74194336, 168.901443481, -165.4949646, -727.600341797, 416.952514648, -677.093078613, 489.621429443, -620.392944336, 295.287963867, -323.454925537, 229.627807617, -223.821960449], [-2296.74194336, 2051.21923828, -727.901611328, -5.10762166977, 552.707092285, -392.434692383, 581.712158203, -320.529907227, 378.468841553, -324.517089844, 221.730529785, -223.695785522, 182.55166626], [168.901443481, -727.901611328, 1476.15942383, 58.3740539551, -117.608345032, 264.441040039, -385.566345215, 52.5659484863, -178.908874512, 99.7353363037, -166.118865967, 129.915390015, -126.152908325], [-165.4949646, -5.10762166977, 58.3740539551, 625.890441895, -52.6794395447, -76.6532211304, -37.9410743713, -25.0240573883, 155.905975342, -74.630569458, 65.3725585938, -60.6491165161, 31.0834693909], [-727.600341797, 552.707092285, -117.608345032, -52.6794395447, 561.881591797, -109.781044006, 155.227737427, -70.7355728149, 76.8810272217, -23.85105896, 24.7166862488, -33.8674697876, 20.8823242188], [416.952514648, -392.434692383, 264.441040039, -76.6532211304, -109.781044006, 387.814117432, -5.51496505737, 46.9634170532, -109.955657959, 73.5390777588, -29.7020015717, 25.9109191895, -36.4752807617], [-677.093078613, 581.712158203, -385.566345215, -37.9410743713, 155.227737427, -5.51496505737, 524.257080078, -6.70840787888, 49.4745063782, -105.699035645, 87.8515853882, -85.6006240845, 41.3717155457], [489.621429443, -320.529907227, 52.5659484863, -25.0240573883, -70.7355728149, 46.9634170532, -6.70840787888, 225.111450195, -18.6621627808, 50.8658256531, -33.5924568176, 19.3437595367, -40.7275505066], [-620.392944336, 378.468841553, -178.908874512, 155.905975342, 76.8810272217, -109.955657959, 49.4745063782, -18.6621627808, 307.603240967, -33.2279891968, 35.1764793396, -79.260925293, 48.5365104675], [295.287963867, -324.517089844, 99.7353363037, -74.630569458, -23.85105896, 73.5390777588, -105.699035645, 50.8658256531, -33.2279891968, 191.559463501, -22.1800365448, 32.9255561829, -36.5745925903], [-323.454925537, 221.730529785, -166.118865967, 65.3725585938, 24.7166862488, -29.7020015717, 87.8515853882, -33.5924568176, 35.1764793396, -22.1800365448, 140.906295776, -16.5591220856, 20.2465896606], [229.627807617, -223.695785522, 129.915390015, -60.6491165161, -33.8674697876, 25.9109191895, -85.6006240845, 19.3437595367, -79.260925293, 32.9255561829, -16.5591220856, 150.1875, 3.1426551342], [-223.821960449, 182.55166626, -126.152908325, 31.0834693909, 20.8823242188, -36.4752807617, 41.3717155457, -40.7275505066, 48.5365104675, -36.5745925903, 20.2465896606, 3.1426551342, 103.937088013]],
        "icov": [[0.000339873949997, -7.19051167835e-005, 0.000343428197084, -0.000238510270719, 0.00015945758787, -0.00030032324139, 0.00045087718172, -0.000571907206904, 0.000657704018522, -9.78839161689e-005, 0.000651613052469, -0.000168472572113, 0.000341932522133], [-7.19051167835e-005, 0.00432013347745, -0.0007176604704, 0.00219124392606, -0.0017653061077, 0.00213734572753, -0.00241132825613, 0.00336204841733, -0.00333287683316, 0.00346701731905, -0.00372369657271, 0.00259800255299, -0.00246376590803], [0.000343428197084, -0.0007176604704, 0.00167375453748, -0.000984999467619, 0.000197570276214, -0.00137712201104, 0.00141347001772, -0.000940757803619, 0.00134549313225, -0.000395587820094, 0.00212579010986, -0.0012356339721, 0.00172761396971], [-0.000238510270719, 0.00219124392606, -0.000984999467619, 0.00351052475162, -0.000643710664008, 0.00148509582505, -0.00108454865403, 0.00183161755558, -0.00302407611161, 0.0025658714585, -0.0035701955203, 0.00212950538844, -0.0018615560839], [0.00015945758787, -0.0017653061077, 0.000197570276214, -0.000643710664008, 0.0030505808536, -0.000247383926762, 0.000266555143753, -0.000841555418447, 0.00108249078039, -0.00191044481471, 0.00183764146641, -0.00114628637675, 0.00123955646995], [-0.00030032324139, 0.00213734572753, -0.00137712201104, 0.00148509582505, -0.000247383926762, 0.00503032235429, -0.0024716348853, 0.0019503099611, -0.00134644459467, 0.000369945570128, -0.00238950038329, 0.00183222000487, -0.00178421207238], [0.00045087718172, -0.00241132825613, 0.00141347001772, -0.00108454865403, 0.000266555143753, -0.0024716348853, 0.00528105394915, -0.00336119695567, 0.00276218075305, -0.000198191541131, 0.00138627667911, -0.000385052670026, 0.00128790375311], [-0.000571907206904, 0.00336204841733, -0.000940757803619, 0.00183161755558, -0.000841555418447, 0.0019503099611, -0.00336119695567, 0.00895242672414, -0.00399779109284, 0.00146909430623, -0.00236299447715, 0.00115459843073, -0.00031750195194], [0.000657704018522, -0.00333287683316, 0.00134549313225, -0.00302407611161, 0.00108249078039, -0.00134644459467, 0.00276218075305, -0.00399779109284, 0.00865828059614, -0.00323832244612, 0.00383663759567, -9.78081588983e-005, 0.000524353177752], [-9.78839161689e-005, 0.00346701731905, -0.000395587820094, 0.0025658714585, -0.00191044481471, 0.000369945570128, -0.000198191541131, 0.00146909430623, -0.00323832244612, 0.0101933637634, -0.00377024221234, 0.00154813146219, -0.000592611089814], [0.000651613052469, -0.00372369657271, 0.00212579010986, -0.0035701955203, 0.00183764146641, -0.00238950038329, 0.00138627667911, -0.00236299447715, 0.00383663759567, -0.00377024221234, 0.0139318648726, -0.00358117092401, 0.00318180001341], [-0.000168472572113, 0.00259800255299, -0.0012356339721, 0.00212950538844, -0.00114628637675, 0.00183222000487, -0.000385052670026, 0.00115459843073, -9.78081588983e-005, 0.00154813146219, -0.00358117092401, 0.0110825663432, -0.00463048694655], [0.000341932522133, -0.00246376590803, 0.00172761396971, -0.0018615560839, 0.00123955646995, -0.00178421207238, 0.00128790375311, -0.00031750195194, 0.000524353177752, -0.000592611089814, 0.00318180001341, -0.00463048694655, 0.0148929711431]]
    },
    "melbands": {
        "mean": [0.00366867263801, 0.00306960591115, 0.00166057911702, 0.000797949207481, 0.000502080656588, 0.000214554340346, 0.000184335134691, 0.000217600652832, 0.000288646668196, 0.000238347012782, 0.00014036068751, 8.98766666069e-005, 8.28045740491e-005, 5.52353485546e-005, 6.13451629761e-005, 4.62623393105e-005, 3.23675812979e-005, 2.21363752644e-005, 1.96040618903e-005, 1.63968707056e-005, 1.56002352014e-005, 1.46664542626e-005, 1.71751271409e-005, 1.64178563864e-005, 1.31436490847e-005, 1.42322414831e-005, 9.00915074453e-006, 3.14310773319e-006, 9.70807718659e-007, 7.5238045838e-007, 1.34633751259e-006, 1.5473624444e-006, 1.39206349559e-006, 7.2308438348e-007, 7.57911720939e-007, 9.09304390007e-007, 1.10500479877e-006, 1.25826159092e-006, 1.61387958997e-006, 1.25363567349e-006],
        "var": [1.48698109115e-005, 1.51300182551e-005, 2.12521881622e-005, 5.12575979883e-006, 1.27969360619e-006, 1.64685161508e-007, 1.61436503276e-007, 2.30232004128e-007, 5.54265284336e-007, 3.45668553337e-007, 7.14155561354e-008, 6.92268002922e-008, 3.32424079375e-008, 1.71479364042e-008, 1.93473326249e-008, 1.28246151476e-008, 4.83310946819e-009, 2.33590058407e-009, 2.24070939581e-009, 1.20306298257e-009, 1.07043207631e-009, 7.45177530792e-010, 9.70292513003e-010, 1.26672661249e-009, 6.63549937219e-010, 7.79368458659e-010, 3.57004759088e-010, 6.36153005273e-011, 4.53235279169e-012, 2.62856902043e-012, 4.18111162012e-012, 5.65599954025e-012, 7.73601495363e-012, 2.40194322765e-012, 3.46681862905e-012, 2.6620474488e-012, 4.87051458192e-012, 9.87648851591e-012, 1.97137861591e-011, 8.52160009224e-012]
    },
    "mfcc": {
        "mean": [-679.138061523, 142.760574341, 12.3088417053, 27.2592906952, 15.9604730606, 2.18026161194, 6.23712205887, 17.4577331543, 3.03501033783, 4.20900964737, 13.5085430145, 0.090407833457, 3.08235025406],
        "cov": [[5952.34619141, -1597.58044434, -138.172821045, -414.638671875, -224.617935181, -303.437774658, 32.3732566833, -114.149932861, -165.507965088, 55.4023666382, -118.940658569, -130.97114563, -108.685035706], [-1597.58044434, 1572.62841797, -665.043457031, 87.0382537842, -26.4863452911, 94.6862640381, 109.024635315, 97.4048995972, 101.021362305, 0.517356455326, -7.05662250519, 17.0452575684, 33.0054092407], [-138.172821045, -665.043457031, 1363.82507324, -67.1964645386, 209.628097534, 53.4058990479, -98.0058364868, -44.1318740845, -53.7589569092, -79.2503738403, -63.0194702148, 31.2612190247, -24.5828018188], [-414.638671875, 87.0382537842, -67.1964645386, 560.90802002, 93.9979171753, -31.9128856659, -106.44959259, 63.7334518433, 6.95903348923, 11.9765300751, 69.5297470093, -52.4820671082, 56.0742454529], [-224.617935181, -26.4863452911, 209.628097534, 93.9979171753, 427.121429443, 21.979227066, -122.612709045, -54.553401947, -2.78888964653, 0.302131593227, -18.8046550751, -2.40629148483, 30.8915996552], [-303.437774658, 94.6862640381, 53.4058990479, -31.9128856659, 21.979227066, 253.767501831, 82.6552124023, -2.45071673393, 25.9462394714, -8.25688266754, 8.06203746796, 32.0190734863, -21.331413269], [32.3732566833, 109.024635315, -98.0058364868, -106.44959259, -122.612709045, 82.6552124023, 379.424316406, 69.021697998, 5.48860120773, 0.862099647522, -24.4199695587, 45.3225898743, -5.29837751389], [-114.149932861, 97.4048995972, -44.1318740845, 63.7334518433, -54.553401947, -2.45071673393, 69.021697998, 206.737258911, 37.9189796448, -7.46654939651, 40.3490409851, -10.9445772171, 4.97809267044], [-165.507965088, 101.021362305, -53.7589569092, 6.95903348923, -2.78888964653, 25.9462394714, 5.48860120773, 37.9189796448, 162.911148071, 52.9408111572, -0.570166528225, 25.4843978882, -14.773059845], [55.4023666382, 0.517356455326, -79.2503738403, 11.9765300751, 0.302131593227, -8.25688266754, 0.862099647522, -7.46654939651, 52.9408111572, 182.379776001, 56.6241035461, 0.237753972411, -2.80986666679], [-118.940658569, -7.05662250519, -63.0194702148, 69.5297470093, -18.8046550751, 8.06203746796, -24.4199695587, 40.3490409851, -0.570166528225, 56.6241035461, 157.29624939, -1.25297832489, -3.17826724052], [-130.97114563, 17.0452575684, 31.2612190247, -52.4820671082, -2.40629148483, 32.0190734863, 45.3225898743, -10.9445772171, 25.4843978882, 0.237753972411, -1.25297832489, 115.169548035, 15.6856222153], [-108.685035706, 33.0054092407, -24.5828018188, 56.0742454529, 30.8915996552, -21.331413269, -5.29837751389, 4.97809267044, -14.773059845, -2.80986666679, -3.17826724052, 15.6856222153, 94.6152191162]],
        "icov": [[0.000323221582221, 0.000398986710934, 0.000233719081734, 0.000167787147802, 6.40644293526e-006, 0.000183746655239, -5.80111554882e-005, -9.18748628465e-005, 0.000187588782865, -0.000165054763784, 0.000354244402843, 0.000215379448491, 0.000234890656429], [0.000398986710934, 0.00140725611709, 0.000769690668676, 0.000135102556669, -0.000164901401149, -0.000172973886947, -0.000106430539745, -0.000445983198006, -9.44327257457e-005, -1.63836903084e-005, 0.000709382176865, 0.000156963826157, 0.000102247424365], [0.000233719081734, 0.000769690668676, 0.0013004434295, 0.000193980929907, -0.000497828761581, -0.000261285807937, 0.000212832761463, -0.000452062377008, 0.000368074688595, 0.000128905216116, 0.000711902161129, -0.000319312995998, 0.000500376801938], [0.000167787147802, 0.000135102556669, 0.000193980929907, 0.00248529110104, -0.000443092954811, 9.50380781433e-005, 0.000449452287285, -0.000684486585669, -0.000173834661837, 0.000108597938379, -0.000756892259233, 0.00117940478958, -0.00129450287204], [6.40644293526e-006, -0.000164901401149, -0.000497828761581, -0.000443092954811, 0.00309886573814, -0.000516491360031, 0.00081642717123, 0.000576926278882, -3.92822767026e-005, -0.000348285771906, 0.000476513727335, 4.70845261589e-005, -0.000922987703234], [0.000183746655239, -0.000172973886947, -0.000261285807937, 9.50380781433e-005, -0.000516491360031, 0.00510131753981, -0.00140834110789, 0.000792382867076, -0.000777697889134, 0.000644081505015, -0.000972991925664, -0.000465932243969, 0.00128764857072], [-5.80111554882e-005, -0.000106430539745, 0.000212832761463, 0.000449452287285, 0.00081642717123, -0.00140834110789, 0.00399013562128, -0.00177177484147, 0.00105854612775, -0.000805227493402, 0.00136227137409, -0.00143973913509, -8.2184720668e-005], [-9.18748628465e-005, -0.000445983198006, -0.000452062377008, -0.000684486585669, 0.000576926278882, 0.000792382867076, -0.00177177484147, 0.00701187551022, -0.00252413423732, 0.00175087223761, -0.00265713687986, 0.00156681227963, -0.000830736011267], [0.000187588782865, -9.44327257457e-005, 0.000368074688595, -0.000173834661837, -3.92822767026e-005, -0.000777697889134, 0.00105854612775, -0.00252413423732, 0.00890702009201, -0.00334239006042, 0.00246959947981, -0.00264177774079, 0.0022890411783], [-0.000165054763784, -1.63836903084e-005, 0.000128905216116, 0.000108597938379, -0.000348285771906, 0.000644081505015, -0.000805227493402, 0.00175087223761, -0.00334239006042, 0.00775836175308, -0.00358173414133, 0.000899829436094, -0.00065400172025], [0.000354244402843, 0.000709382176865, 0.000711902161129, -0.000756892259233, 0.000476513727335, -0.000972991925664, 0.00136227137409, -0.00265713687986, 0.00246959947981, -0.00358173414133, 0.00959373544902, -0.00138263287954, 0.00146486295853], [0.000215379448491, 0.000156963826157, -0.000319312995998, 0.00117940478958, 4.70845261589e-005, -0.000465932243969, -0.00143973913509, 0.00156681227963, -0.00264177774079, 0.000899829436094, -0.00138263287954, 0.0113769434392, -0.00319108343683], [0.000234890656429, 0.000102247424365, 0.000500376801938, -0.00129450287204, -0.000922987703234, 0.00128764857072, -8.2184720668e-005, -0.000830736011267, 0.0022890411783, -0.00065400172025, 0.00146486295853, -0.00319108343683, 0.0132474629208]]
    },
    "spectral_contrast_coeffs": {
        "mean": [-0.682685494423, -0.739952027798, -0.760328114033, -0.770052492619, -0.747977554798, -0.782135426998],
        "var": [0.00680889328942, 0.00531995389611, 0.0056740520522, 0.00325037073344, 0.00498639373109, 0.00255809375085]
    },
    "spectral_contrast_valleys": {
        "mean": [-6.84230852127, -6.86393547058, -7.67926025391, -8.18060493469, -8.27998924255, -10.6535682678],
        "var": [0.613091945648, 0.707700192928, 1.08695614338, 0.9965685606, 1.01104640961, 2.24504065514]
    }
},
"metadata": {
    "audio_properties": {
        "analysis_sample_rate": 44100,
        "bit_rate": 128074,
        "equal_loudness": 0,
        "length": 45.0612258911,
        "lossless": 0,
        "replay_gain": -5.14809036255,
        "sample_rate": 44100,
        "codec": "mp3",
        "downmix": "mix",
        "md5_encoded": "a3f7118f4491ae19250979a914d2b5b9"
    },
    "tags": {
        "file_name": "1589.mp3"
    },
    "version": {
        "essentia": "2.1-beta2",
        "essentia_git_sha": "v2.1_beta2",
        "extractor": "music 1.0"
    }
},
"rhythm": {
    "beats_count": 72,
    "beats_loudness": {
        "mean": 0.0616570189595,
        "var": 0.000610920484178
    },
    "bpm": 96.027557373,
    "bpm_histogram_first_peak_bpm": {
        "mean": 96,
        "var": 0
    },
    "bpm_histogram_first_peak_spread": {
        "mean": 0.164179101586,
        "var": 0
    },
    "bpm_histogram_first_peak_weight": {
        "mean": 0.788732409477,
        "var": 0
    },
    "bpm_histogram_second_peak_bpm": {
        "mean": 105,
        "var": 0
    },
    "bpm_histogram_second_peak_spread": {
        "mean": 0.5,
        "var": 0
    },
    "bpm_histogram_second_peak_weight": {
        "mean": 0.0281690135598,
        "var": 0
    },
    "danceability": 1.99426162243,
    "onset_rate": 4.85786390305,
    "beats_loudness_band_ratio": {
        "mean": [0.534255385399, 0.14219366014, 0.154711142182, 0.102141536772, 0.0579489655793, 0.0319706015289],
        "var": [0.0970881283283, 0.0167705658823, 0.0160101763904, 0.0120784109458, 0.00252529932186, 0.000441523676272]
    },
    "beats_position": [0.557278871536, 1.11455774307, 1.68344664574, 2.24072551727, 2.80961441994, 3.43655323982, 4.06349182129, 4.69043064117, 5.31736946106, 5.93269824982, 6.54802703857, 7.17496585846, 7.80190467834, 8.42884349823, 9.05578231812, 9.682721138, 10.3096599579, 10.9365987778, 11.5635375977, 12.1904764175, 12.7941951752, 13.4211339951, 14.0480718613, 14.6750106812, 15.301949501, 15.9288883209, 16.5558280945, 17.1827659607, 17.8097057343, 18.4366436005, 19.0635814667, 19.6905212402, 20.3174591064, 20.94439888, 21.5597267151, 22.1750564575, 22.8019943237, 23.4289340973, 24.0558719635, 24.6828117371, 25.3097496033, 25.9366893768, 26.563627243, 27.1905670166, 27.8175048828, 28.4328346252, 29.0481624603, 29.6751022339, 30.3020401001, 30.9289798737, 31.5559177399, 32.1828575134, 32.8097953796, 33.4367332458, 34.0636711121, 34.690612793, 35.3175506592, 35.9328804016, 36.5482063293, 37.1751480103, 37.8020858765, 38.4290237427, 39.0559616089, 39.6829032898, 40.309841156, 40.9367790222, 41.5637168884, 42.1906585693, 42.8175964355, 43.4445343018, 44.0598640442, 44.6751937866]
},
"tonal": {
    "chords_changes_rate": 0.0545267499983,
    "chords_number_rate": 0.00514403311536,
    "chords_strength": {
        "mean": 0.550356805325,
        "var": 0.00659943930805
    },
    "hpcp_entropy": {
        "mean": 2.07490491867,
        "var": 0.501621544361
    },
    "key_strength": 0.597714781761,
    "tuning_diatonic_strength": 0.569976508617,
    "tuning_equal_tempered_deviation": 0.205590829253,
    "tuning_frequency": 437.465789795,
    "tuning_nontempered_energy_ratio": 0.835539340973,
    "hpcp": {
        "mean": [0.0379054024816, 0.0407990068197, 0.0508200265467, 0.0562258698046, 0.0565127842128, 0.0553062707186, 0.0663814619184, 0.128560394049, 0.383122473955, 0.553340375423, 0.357660055161, 0.149403303862, 0.0908033400774, 0.0836890637875, 0.11324429512, 0.137821808457, 0.133423522115, 0.140428617597, 0.11679315567, 0.0723902732134, 0.05964377895, 0.0573507323861, 0.0633494853973, 0.0667761936784, 0.0617673695087, 0.0529966428876, 0.0455477945507, 0.0563794784248, 0.0627107620239, 0.0672978907824, 0.112989902496, 0.123891480267, 0.0801189541817, 0.0549221597612, 0.0481924079359, 0.043406855315],
        "var": [0.00772373238578, 0.0092693194747, 0.0188244916499, 0.0192222893238, 0.0180378071964, 0.0207883827388, 0.0274192672223, 0.0525118559599, 0.115012124181, 0.183324024081, 0.0984769538045, 0.0591355413198, 0.0447516068816, 0.0367208197713, 0.0484462678432, 0.0744002535939, 0.0554022341967, 0.0733997151256, 0.0522114560008, 0.018801536411, 0.0195076540112, 0.021876167506, 0.0252050217241, 0.0261382572353, 0.0246578268707, 0.0188611485064, 0.0120393661782, 0.0113874776289, 0.0158902034163, 0.0156771410257, 0.0407458245754, 0.048749897629, 0.0302193220705, 0.02205789648, 0.0160847771913, 0.0143663147464]
    },
    "chords_histogram": [79.2181091309, 0, 0, 0, 0, 1.02880656719, 0.720164597034, 4.93827152252, 0, 0, 0, 0, 0, 0, 0, 0, 0, 0, 0, 0, 0, 0, 7.40740728378, 6.68724298477],
    "thpcp": [1, 0.646365344524, 0.270002543926, 0.164100334048, 0.151243373752, 0.204655766487, 0.249072387815, 0.241123780608, 0.253783434629, 0.21106928587, 0.130824133754, 0.107788592577, 0.103644579649, 0.114485561848, 0.120678335428, 0.11162635684, 0.0957758501172, 0.0823142454028, 0.101889327168, 0.113331258297, 0.121621146798, 0.204196020961, 0.223897412419, 0.144791454077, 0.0992556512356, 0.0870936065912, 0.0784451290965, 0.0685028657317, 0.0737322047353, 0.0918422490358, 0.101611725986, 0.102130234241, 0.0999498218298, 0.119964972138, 0.232335105538, 0.692381203175],
    "chords_key": "C",
    "chords_scale": "minor",
    "key_key": "C",
    "key_scale": "minor"
}
}