{
"lowlevel": {
    "average_loudness": 0.46982344985,
    "barkbands_crest": {
        "mean": 16.4284973145,
        "var": 32.0625686646
    },
    "barkbands_flatness_db": {
        "mean": 0.344865262508,
        "var": 0.00316000380553
    },
    "barkbands_kurtosis": {
        "mean": 13.9196968079,
        "var": 399.478759766
    },
    "barkbands_skewness": {
        "mean": 1.98514926434,
        "var": 1.54187548161
    },
    "barkbands_spread": {
        "mean": 3.61463308334,
        "var": 10.5652761459
    },
    "dissonance": {
        "mean": 0.396253913641,
        "var": 0.00311110820621
    },
    "dynamic_complexity": 5.27374601364,
    "erbbands_crest": {
        "mean": 14.1491661072,
        "var": 28.3563117981
    },
    "erbbands_flatness_db": {
        "mean": 0.309555590153,
        "var": 0.0018574463902
    },
    "erbbands_kurtosis": {
        "mean": 3.13194489479,
        "var": 43.5015563965
    },
    "erbbands_skewness": {
        "mean": 1.24363589287,
        "var": 1.59560620785
    },
    "erbbands_spread": {
        "mean": 14.9788455963,
        "var": 45.3991508484
    },
    "hfc": {
        "mean": 4.94141674042,
        "var": 36.0049247742
    },
    "melbands_crest": {
        "mean": 21.5180664063,
        "var": 46.8069076538
    },
    "melbands_flatness_db": {
        "mean": 0.461981505156,
        "var": 0.00418099947274
    },
    "melbands_kurtosis": {
        "mean": 20.1923446655,
        "var": 347.106018066
    },
    "melbands_skewness": {
        "mean": 2.98649477959,
        "var": 1.5026743412
    },
    "melbands_spread": {
        "mean": 4.34547805786,
        "var": 43.4786529541
    },
    "pitch_salience": {
        "mean": 0.507780432701,
        "var": 0.0221459679306
    },
    "silence_rate_20dB": {
        "mean": 1,
        "var": 0
    },
    "silence_rate_30dB": {
        "mean": 0.979927957058,
        "var": 0.0196692347527
    },
    "silence_rate_60dB": {
        "mean": 0.252701997757,
        "var": 0.188852906227
    },
    "spectral_centroid": {
        "mean": 310.089385986,
        "var": 131333.40625
    },
    "spectral_complexity": {
        "mean": 6.94544506073,
        "var": 17.0706233978
    },
    "spectral_decrease": {
        "mean": -5.26645704824e-009,
        "var": 4.98249561906e-017
    },
    "spectral_energy": {
        "mean": 0.0203250199556,
        "var": 0.000738432398066
    },
    "spectral_energyband_high": {
        "mean": 8.47902811074e-007,
        "var": 5.25306664487e-012
    },
    "spectral_energyband_low": {
        "mean": 0.00494537036866,
        "var": 0.000114454131108
    },
    "spectral_energyband_middle_high": {
        "mean": 0.000866630871315,
        "var": 9.65902131611e-007
    },
    "spectral_energyband_middle_low": {
        "mean": 0.0156628806144,
        "var": 0.000468886079034
    },
    "spectral_entropy": {
        "mean": 5.68397903442,
        "var": 0.330631047487
    },
    "spectral_flux": {
        "mean": 0.0645998641849,
        "var": 0.00258033559658
    },
    "spectral_kurtosis": {
        "mean": 52.7209587097,
        "var": 717.670288086
    },
    "spectral_rms": {
        "mean": 0.00369477923959,
        "var": 6.1778955569e-006
    },
    "spectral_rolloff": {
        "mean": 370.631866455,
        "var": 749201.75
    },
    "spectral_skewness": {
        "mean": 5.3779091835,
        "var": 2.72584486008
    },
    "spectral_spread": {
        "mean": 1551101.875,
        "var": 1.81942838886e+012
    },
    "spectral_strongpeak": {
        "mean": 0.655440032482,
        "var": 0.347460210323
    },
    "zerocrossingrate": {
        "mean": 0.0145366080105,
        "var": 0.000493315747008
    },
    "barkbands": {
        "mean": [5.83450309932e-005, 0.00138679204974, 0.00240776501596, 0.00188036973123, 0.0124238431454, 0.000628358277027, 0.000302118744003, 4.84656120534e-005, 0.000301131280139, 0.000315059965942, 0.00021714642935, 0.000199561953195, 0.00013039415353, 4.14808164351e-006, 4.34160756413e-006, 3.06802621708e-006, 2.91982632916e-006, 1.54650956574e-006, 8.09362245491e-006, 9.97794131763e-007, 2.80248343643e-007, 1.40762864476e-007, 6.71526478868e-008, 3.86527077012e-008, 3.09701526646e-008, 1.48488501495e-008, 1.57903345954e-009],
        "var": [1.79714394477e-008, 7.22882805348e-006, 3.89410852222e-005, 2.59622029262e-005, 0.000342033279594, 1.83208067028e-006, 5.32654610197e-007, 1.94579694579e-008, 4.77434014101e-007, 2.11066989664e-007, 1.12116140372e-007, 9.54649053142e-008, 4.55111717201e-008, 8.76571454311e-011, 4.08698977439e-011, 5.74852318524e-011, 2.11337076311e-011, 4.22307371364e-012, 1.87113421979e-010, 1.92633214068e-012, 1.03387264028e-012, 2.81365398645e-013, 5.91857969969e-014, 2.35819952568e-014, 1.09293237167e-014, 1.39899677926e-015, 3.48160609337e-018]
    },
    "erbbands": {
        "mean": [0.0286420024931, 0.379742950201, 2.24883127213, 5.74279212952, 26.4848747253, 49.1792602539, 6.94073057175, 4.82745838165, 3.79913854599, 3.15147566795, 1.70035302639, 8.64959526062, 8.41099739075, 8.45937919617, 8.24670314789, 9.62599658966, 6.64893293381, 0.541057944298, 0.244708999991, 0.197914063931, 0.149798452854, 0.1807384938, 0.116464883089, 0.409396409988, 0.187152773142, 0.0513213574886, 0.0142987435684, 0.00965524557978, 0.00530376425013, 0.00292350049131, 0.00179094064515, 0.000975631177425, 0.000603835855145, 0.000382858648663, 0.00021513926913, 0.000103915750515, 2.4046674298e-005, 4.38667120761e-006, 9.4303068181e-006, 2.23258448386e-005],
        "var": [0.00256126397289, 0.583399295807, 29.5908985138, 201.13432312, 1586.92932129, 5620.69287109, 101.418426514, 106.857322693, 87.3148422241, 40.2099189758, 10.6721248627, 423.494995117, 163.885910034, 109.487373352, 158.084701538, 212.584136963, 108.120155334, 0.730192780495, 0.123546347022, 0.104443646967, 0.170829102397, 0.0821747407317, 0.02100953646, 0.543791115284, 0.0590424761176, 0.00466100824997, 0.00213949824683, 0.00120505376253, 0.000360122154234, 9.80947370408e-005, 4.57689093309e-005, 1.5118538613e-005, 5.47940317119e-006, 1.6174707298e-006, 4.55235323216e-007, 7.29279037159e-008, 2.81497070098e-009, 3.78076840668e-011, 1.51966633721e-010, 8.84948891944e-010]
    },
    "gfcc": {
        "mean": [-210.538604736, 210.50692749, -75.8298873901, -3.9032933712, -34.6138153076, -1.85907721519, -18.5006256104, -15.2947864532, -39.0834617615, -25.3567752838, -7.5136089325, -10.7056350708, -2.83581995964],
        "cov": [[7474.26416016, 1606.72644043, -2082.97729492, 227.948822021, 261.457946777, -582.366394043, 733.582824707, 47.2180023193, -258.702484131, -584.927612305, 654.88482666, -179.011428833, 183.992874146], [1606.72644043, 631.169372559, -361.696014404, -54.1375617981, 139.333618164, -216.730148315, 183.553588867, 39.6006011963, -7.43040752411, -157.171234131, 165.992828369, -92.3496246338, 49.6875457764], [-2082.97729492, -361.696014404, 1046.90258789, -87.9391708374, -98.5242004395, 153.305831909, -311.118530273, -34.986907959, 133.761306763, 185.05619812, -297.914154053, 34.5258712769, -75.2831878662], [227.948822021, -54.1375617981, -87.9391708374, 153.087173462, 19.0859584808, 29.349237442, 40.1724853516, 12.4754705429, -7.97691822052, -18.4805107117, 33.4751853943, 16.897819519, 11.1889801025], [261.457946777, 139.333618164, -98.5242004395, 19.0859584808, 173.944442749, -16.9406089783, 85.2812423706, 2.13696455956, -36.9493217468, -52.3529319763, 62.5143165588, -15.7922143936, 12.091258049], [-582.366394043, -216.730148315, 153.305831909, 29.349237442, -16.9406089783, 225.652069092, -50.8487548828, -46.288394928, -6.16226816177, 105.367401123, -49.3501434326, 50.9504165649, -23.3298339844], [733.582824707, 183.553588867, -311.118530273, 40.1724853516, 85.2812423706, -50.8487548828, 174.550979614, 32.2301177979, -47.3545074463, -82.2346420288, 117.500083923, -15.0582389832, 28.4029178619], [47.2180023193, 39.6006011963, -34.986907959, 12.4754705429, 2.13696455956, -46.288394928, 32.2301177979, 150.293548584, 75.5862884521, -2.67668414116, -13.5427131653, -1.34323620796, 2.19665026665], [-258.702484131, -7.43040752411, 133.761306763, -7.97691822052, -36.9493217468, -6.16226816177, -47.3545074463, 75.5862884521, 133.107635498, 60.07289505, -58.0048904419, -6.60548400879, -9.34056568146], [-584.927612305, -157.171234131, 185.05619812, -18.4805107117, -52.3529319763, 105.367401123, -82.2346420288, -2.67668414116, 60.07289505, 155.012130737, -49.4345054626, 33.6403007507, -39.781955719], [654.88482666, 165.992828369, -297.914154053, 33.4751853943, 62.5143165588, -49.3501434326, 117.500083923, -13.5427131653, -58.0048904419, -49.4345054626, 161.433547974, -3.91976642609, 18.9348220825], [-179.011428833, -92.3496246338, 34.5258712769, 16.897819519, -15.7922143936, 50.9504165649, -15.0582389832, -1.34323620796, -6.60548400879, 33.6403007507, -3.91976642609, 52.6823501587, 1.14351761341], [183.992874146, 49.6875457764, -75.2831878662, 11.1889801025, 12.091258049, -23.3298339844, 28.4029178619, 2.19665026665, -9.34056568146, -39.781955719, 18.9348220825, 1.14351761341, 51.3258132935]],
        "icov": [[0.00110720319208, -0.00335837178864, 0.0016019558534, -0.00255552469753, 0.00139275600668, 0.000318201200571, -0.000126847851789, 0.00075372151332, 0.00128495425452, -0.000299075763905, 0.00234567024745, -0.0017621651059, 0.0012192891445], [-0.00335837178864, 0.0158285032958, -0.00513543142006, 0.0107840234414, -0.0059751928784, 0.00042627993389, -0.00189596391283, -0.00152179680299, -0.00772150652483, 0.0033253126312, -0.0115785170346, 0.00961786136031, -0.0052224653773], [0.0016019558534, -0.00513543142006, 0.00539796240628, -0.00346991722472, 0.000592994445469, 0.000301056512399, 0.00254621519707, 0.00224216119386, 0.000454414519481, -0.000741358264349, 0.00709463888779, -0.004327068571, 0.00338215194643], [-0.00255552469753, 0.0107840234414, -0.00346991722472, 0.015826607123, -0.00418157037348, -0.0027563793119, -0.00108989409637, -0.00177644472569, -0.00719822244719, 0.00537813547999, -0.00947321858257, 0.0034998850897, -0.00313178845681], [0.00139275600668, -0.0059751928784, 0.000592994445469, -0.00418157037348, 0.0109833655879, -0.00128552154638, -0.00356371258385, -1.03580566702e-006, 0.00389602105133, 0.000365624553524, 0.00168520375155, -0.000929991598241, 0.00176489481237], [0.000318201200571, 0.00042627993389, 0.000301056512399, -0.0027563793119, -0.00128552154638, 0.0111384391785, -0.00397430313751, 0.00353649957106, 0.00223666848615, -0.00756708346307, 0.00490642245859, -0.0042047877796, -0.000271651282674], [-0.000126847851789, -0.00189596391283, 0.00254621519707, -0.00108989409637, -0.00356371258385, -0.00397430313751, 0.0224236976355, -0.00673638330773, 0.00286033307202, 0.00389638566412, -0.00699360715225, 0.00130552158225, -0.00073357479414], [0.00075372151332, -0.00152179680299, 0.00224216119386, -0.00177644472569, -1.03580566702e-006, 0.00353649957106, -0.00673638330773, 0.015439956449, -0.00982098001987, 0.00128340919036, 0.00649103568867, -0.00761554948986, 0.00410453835502], [0.00128495425452, -0.00772150652483, 0.000454414519481, -0.00719822244719, 0.00389602105133, 0.00223666848615, 0.00286033307202, -0.00982098001987, 0.0252147726715, -0.0126904835925, 0.00706379208714, 0.00428911671042, -0.00390822300687], [-0.000299075763905, 0.0033253126312, -0.000741358264349, 0.00537813547999, 0.000365624553524, -0.00756708346307, 0.00389638566412, 0.00128340919036, -0.0126904835925, 0.0231076274067, -0.00849911291152, -0.00501980772242, 0.00870450306684], [0.00234567024745, -0.0115785170346, 0.00709463888779, -0.00947321858257, 0.00168520375155, 0.00490642245859, -0.00699360715225, 0.00649103568867, 0.00706379208714, -0.00849911291152, 0.0292042400688, -0.0116308368742, 0.00488030724227], [-0.0017621651059, 0.00961786136031, -0.004327068571, 0.0034998850897, -0.000929991598241, -0.0042047877796, 0.00130552158225, -0.00761554948986, 0.00428911671042, -0.00501980772242, -0.0116308368742, 0.0386690944433, -0.0118733216077], [0.0012192891445, -0.0052224653773, 0.00338215194643, -0.00313178845681, 0.00176489481237, -0.000271651282674, -0.00073357479414, 0.00410453835502, -0.00390822300687, 0.00870450306684, 0.00488030724227, -0.0118733216077, 0.0300024561584]]
    },
    "melbands": {
        "mean": [0.000324461405398, 0.000961335201282, 0.00118895119522, 0.00350846839137, 0.000426444865298, 0.000106976287498, 6.0160717112e-005, 2.89405816147e-005, 1.62842770806e-005, 5.30122197233e-005, 4.15169888583e-005, 3.52717761416e-005, 3.0474151572e-005, 1.92709812836e-005, 2.90986208711e-005, 6.21572553428e-006, 4.93276786528e-007, 3.55287312459e-007, 3.26735630551e-007, 2.25163319101e-007, 1.58455833343e-007, 1.83488197081e-007, 1.24732437712e-007, 9.24124279322e-008, 3.91655504473e-007, 2.16616811599e-007, 5.97204063979e-008, 2.4642089258e-008, 8.3071638457e-009, 6.32253138733e-009, 5.31903943113e-009, 3.34568772686e-009, 1.84575932316e-009, 1.48621126517e-009, 1.0781051607e-009, 7.32995164565e-010, 5.329258701e-010, 4.35297270451e-010, 3.39267114402e-010, 3.01363045629e-010],
        "var": [3.54079276121e-007, 4.87348006573e-006, 6.83915777699e-006, 2.75626789517e-005, 3.31844887569e-007, 5.43515206175e-008, 2.26934631087e-008, 3.38507200048e-009, 9.77729897045e-010, 1.60901603152e-008, 4.31843494297e-009, 2.01660244059e-009, 2.48310216833e-009, 8.11044231774e-010, 2.08224171239e-009, 9.03203484226e-011, 1.3271319807e-012, 3.0908595453e-013, 2.68513320302e-013, 1.94416761878e-013, 2.23736976754e-013, 8.21310657288e-014, 3.40407769247e-014, 1.73541753477e-014, 5.26116097303e-013, 1.15127606884e-013, 8.05132429639e-015, 1.26065660545e-015, 1.18677299196e-015, 4.97173029352e-016, 3.82864953738e-016, 1.72011573106e-016, 3.7386422944e-017, 2.66788230317e-017, 1.69305524524e-017, 8.15744426994e-018, 5.04174896516e-018, 3.3358028959e-018, 1.33048641108e-018, 1.17674455448e-018]
    },
    "mfcc": {
        "mean": [-856.371459961, 230.07321167, 33.552192688, 10.872803688, 5.06724834442, 5.29182243347, 20.5017585754, 6.95274353027, -12.0324201584, -12.5394802094, -12.3928899765, -12.8146677017, -6.53164196014],
        "cov": [[5610.73388672, 1791.85778809, -2156.28393555, 392.349121094, -219.886276245, -643.001586914, 669.926513672, 465.487457275, -322.370605469, -141.578231812, -3.58236598969, -79.707824707, 188.109680176], [1791.85778809, 886.227844238, -564.385681152, 96.1568527222, -14.1200313568, -270.940826416, 187.582794189, 146.479797363, -93.8304824829, -4.64120864868, -0.976145446301, -54.1947288513, 51.6604957581], [-2156.28393555, -564.385681152, 1083.0123291, -113.714637756, 89.9597320557, 260.439880371, -355.285919189, -207.944885254, 165.631652832, 78.6372070313, 10.8363428116, 11.7693834305, -96.3310165405], [392.349121094, 96.1568527222, -113.714637756, 129.862091064, 13.971198082, -71.3435821533, 36.1568946838, 56.2417945862, -7.1975107193, 0.727936506271, 8.15518188477, -38.8297233582, -0.402997642756], [-219.886276245, -14.1200313568, 89.9597320557, 13.971198082, 100.014923096, 32.8256568909, -17.3203887939, 4.66266727448, 20.6360397339, 25.3803653717, 1.91293549538, -16.4167747498, -9.68326759338], [-643.001586914, -270.940826416, 260.439880371, -71.3435821533, 32.8256568909, 261.118041992, -13.813082695, -90.7860183716, 14.4107933044, -36.8836174011, -12.4017620087, 74.2196807861, -2.95459580421], [669.926513672, 187.582794189, -355.285919189, 36.1568946838, -17.3203887939, -13.813082695, 245.352355957, 93.5724029541, -105.655181885, -67.0438461304, -23.3472862244, 16.633441925, 43.2039451599], [465.487457275, 146.479797363, -207.944885254, 56.2417945862, 4.66266727448, -90.7860183716, 93.5724029541, 122.062797546, -2.02449679375, 0.0910713970661, -1.38950014114, -44.9466400146, 6.35157394409], [-322.370605469, -93.8304824829, 165.631652832, -7.1975107193, 20.6360397339, 14.4107933044, -105.655181885, -2.02449679375, 116.784576416, 68.4591522217, 16.5631370544, -18.1987361908, -21.8948192596], [-141.578231812, -4.64120864868, 78.6372070313, 0.727936506271, 25.3803653717, -36.8836174011, -67.0438461304, 0.0910713970661, 68.4591522217, 90.5746994019, 36.8382377625, -18.7380504608, -2.8611433506], [-3.58236598969, -0.976145446301, 10.8363428116, 8.15518188477, 1.91293549538, -12.4017620087, -23.3472862244, -1.38950014114, 16.5631370544, 36.8382377625, 51.5962600708, 25.467382431, 11.6141691208], [-79.707824707, -54.1947288513, 11.7693834305, -38.8297233582, -16.4167747498, 74.2196807861, 16.633441925, -44.9466400146, -18.1987361908, -18.7380504608, 25.467382431, 108.692367554, 47.9296073914], [188.109680176, 51.6604957581, -96.3310165405, -0.402997642756, -9.68326759338, -2.95459580421, 43.2039451599, 6.35157394409, -21.8948192596, -2.8611433506, 11.6141691208, 47.9296073914, 61.8257026672]],
        "icov": [[0.00708862254396, -0.00969779398292, 0.0108088813722, -0.0124124940485, 0.0127650620416, -0.0124803343788, 0.0136709418148, -0.0133304744959, 0.0117468331009, -0.0103666754439, 0.00798114016652, -0.00533557869494, 0.00283245998435], [-0.00969779398292, 0.0154978726059, -0.0144353443757, 0.0172518417239, -0.018707472831, 0.0195655766875, -0.0204423908144, 0.0195567123592, -0.0169082917273, 0.0150896301493, -0.0116048473865, 0.00800164043903, -0.00485442113131], [0.0108088813722, -0.0144353443757, 0.0198699422181, -0.0191570539027, 0.0187936797738, -0.0221706274897, 0.0254971012473, -0.021334560588, 0.0199763774872, -0.0191298276186, 0.0146164325997, -0.00951691996306, 0.00708921346813], [-0.0124124940485, 0.0172518417239, -0.0191570539027, 0.034896876663, -0.0269155167043, 0.0267484281212, -0.0295245163143, 0.0283442474902, -0.0292231552303, 0.0313400737941, -0.0274674110115, 0.0194338280708, -0.0102926418185], [0.0127650620416, -0.018707472831, 0.0187936797738, -0.0269155167043, 0.0402679815888, -0.0320345535874, 0.0326456688344, -0.0369069986045, 0.0348041877151, -0.0364698208869, 0.0253170318902, -0.014014585875, 0.00840117409825], [-0.0124803343788, 0.0195655766875, -0.0221706274897, 0.0267484281212, -0.0320345535874, 0.0433949530125, -0.0437081679702, 0.0456585623324, -0.0445604100823, 0.0424376800656, -0.0278816483915, 0.0142040271312, -0.00942732859403], [0.0136709418148, -0.0204423908144, 0.0254971012473, -0.0295245163143, 0.0326456688344, -0.0437081679702, 0.0636312887073, -0.063066445291, 0.0610785484314, -0.0507007539272, 0.043164268136, -0.0292918290943, 0.0139422072098], [-0.0133304744959, 0.0195567123592, -0.021334560588, 0.0283442474902, -0.0369069986045, 0.0456585623324, -0.063066445291, 0.0840299874544, -0.0710849836469, 0.0632664784789, -0.0521202012897, 0.040455237031, -0.0208166800439], [0.0117468331009, -0.0169082917273, 0.0199763774872, -0.0292231552303, 0.0348041877151, -0.0445604100823, 0.0610785484314, -0.0710849836469, 0.0863940343261, -0.076902769506, 0.0550549961627, -0.0372336655855, 0.0228241998702], [-0.0103666754439, 0.0150896301493, -0.0191298276186, 0.0313400737941, -0.0364698208869, 0.0424376800656, -0.0507007539272, 0.0632664784789, -0.076902769506, 0.0987572744489, -0.0734148770571, 0.0477989427745, -0.0313511453569], [0.00798114016652, -0.0116048473865, 0.0146164325997, -0.0274674110115, 0.0253170318902, -0.0278816483915, 0.043164268136, -0.0521202012897, 0.0550549961627, -0.0734148770571, 0.0858588665724, -0.0515382885933, 0.0257575623691], [-0.00533557869494, 0.00800164043903, -0.00951691996306, 0.0194338280708, -0.014014585875, 0.0142040271312, -0.0292918290943, 0.040455237031, -0.0372336655855, 0.0477989427745, -0.0515382885933, 0.056287817657, -0.0352855250239], [0.00283245998435, -0.00485442113131, 0.00708921346813, -0.0102926418185, 0.00840117409825, -0.00942732859403, 0.0139422072098, -0.0208166800439, 0.0228241998702, -0.0313511453569, 0.0257575623691, -0.0352855250239, 0.0450005307794]]
    },
    "spectral_contrast_coeffs": {
        "mean": [-0.556329369545, -0.755323290825, -0.800664782524, -0.786934137344, -0.834708690643, -0.828542292118],
        "var": [0.00764620164409, 0.00361440237612, 0.0021934362594, 0.00439437059686, 0.00244671548717, 0.00106691254769]
    },
    "spectral_contrast_valleys": {
        "mean": [-7.61663627625, -7.82284975052, -8.01165008545, -9.69327354431, -10.4545316696, -13.5653381348],
        "var": [1.25517940521, 1.26553273201, 1.86590921879, 1.16692578793, 1.24221241474, 0.448833882809]
    }
},
"metadata": {
    "audio_properties": {
        "analysis_sample_rate": 44100,
        "bit_rate": 95847,
        "equal_loudness": 0,
        "length": 45.0873451233,
        "lossless": 0,
        "replay_gain": -2.24555778503,
        "sample_rate": 44100,
        "codec": "mp3",
        "downmix": "mix",
        "md5_encoded": "07651d24abf3933180bbd1d768382a17"
    },
    "tags": {
        "file_name": "159.mp3"
    },
    "version": {
        "essentia": "2.1-beta2",
        "essentia_git_sha": "v2.1_beta2",
        "extractor": "music 1.0"
    }
},
"rhythm": {
    "beats_count": 106,
    "beats_loudness": {
        "mean": 0.0259448736906,
        "var": 0.000866662361659
    },
    "bpm": 142.550720215,
    "bpm_histogram_first_peak_bpm": {
        "mean": 144,
        "var": 0
    },
    "bpm_histogram_first_peak_spread": {
        "mean": 0.352272748947,
        "var": 0
    },
    "bpm_histogram_first_peak_weight": {
        "mean": 0.542857170105,
        "var": 0
    },
    "bpm_histogram_second_peak_bpm": {
        "mean": 136,
        "var": 0
    },
    "bpm_histogram_second_peak_spread": {
        "mean": 0.176470577717,
        "var": 0
    },
    "bpm_histogram_second_peak_weight": {
        "mean": 0.133333340287,
        "var": 0
    },
    "danceability": 1.11700212955,
    "onset_rate": 4.65582752228,
    "beats_loudness_band_ratio": {
        "mean": [0.326112776995, 0.640830218792, 0.0941047221422, 0.0394919961691, 0.00104327115696, 0.000271263765171],
        "var": [0.0228566806763, 0.0460456237197, 0.00523087708279, 0.00250002415851, 1.2701631249e-006, 1.1436325309e-007]
    },
    "beats_position": [0.394739210606, 0.824308395386, 1.25387752056, 1.67183673382, 2.08979582787, 2.51936507225, 2.94893407822, 3.36689329147, 3.79646253586, 4.22603178024, 4.66721057892, 5.0967798233, 5.52634906769, 5.94430828094, 6.3622674942, 6.78022670746, 7.19818592072, 7.6277551651, 8.08054447174, 8.53333282471, 8.98612213135, 9.42730140686, 9.86848068237, 10.3096599579, 10.7508392334, 11.1804075241, 11.5983667374, 12.0163259506, 12.4342851639, 12.8638544083, 13.2934236526, 13.722992897, 14.1409521103, 14.5589113235, 14.9884805679, 15.4180498123, 15.8360090256, 16.2655773163, 16.6719264984, 17.0898857117, 17.5078449249, 17.9258041382, 18.3437633514, 18.7617225647, 19.2029018402, 19.6440811157, 20.0736503601, 20.4916095734, 20.9095687866, 21.3275279999, 21.733877182, 22.1518363953, 22.5697956085, 22.9877548218, 23.405714035, 23.8236732483, 24.2416324615, 24.6595916748, 25.0775508881, 25.4955101013, 25.9018592834, 26.3082084656, 26.7261676788, 27.1441268921, 27.5620861053, 27.9800453186, 28.4212245941, 28.8507938385, 29.2803630829, 29.6983222961, 30.1394996643, 30.5806789398, 30.9986381531, 31.4165973663, 31.8577766418, 32.2757377625, 32.6936950684, 33.1232643127, 33.5644454956, 34.0056228638, 34.4351921082, 34.8647613525, 35.2943305969, 35.7122879028, 36.1418571472, 36.5714263916, 36.9893875122, 37.4073448181, 37.8253059387, 38.2432632446, 38.6612243652, 39.0791816711, 39.4971427917, 39.9151000977, 40.344669342, 40.7742385864, 41.192199707, 41.6101570129, 42.0281181335, 42.4460754395, 42.8640365601, 43.281993866, 43.6999549866, 44.1179122925, 44.5358734131, 44.9770507813]
},
"tonal": {
    "chords_changes_rate": 0.114197529852,
    "chords_number_rate": 0.00823045242578,
    "chords_strength": {
        "mean": 0.48683321476,
        "var": 0.00672815926373
    },
    "hpcp_entropy": {
        "mean": 2.21058678627,
        "var": 0.408720701933
    },
    "key_strength": 0.618015825748,
    "tuning_diatonic_strength": 0.63774740696,
    "tuning_equal_tempered_deviation": 0.26490187645,
    "tuning_frequency": 443.060424805,
    "tuning_nontempered_energy_ratio": 0.904174506664,
    "hpcp": {
        "mean": [0.70092189312, 0.47348383069, 0.158855140209, 0.0789787694812, 0.0591697432101, 0.0513697676361, 0.0560142658651, 0.0569377355278, 0.0482006892562, 0.0392903015018, 0.0407141372561, 0.061121892184, 0.0826848298311, 0.084809102118, 0.0675878375769, 0.0575337484479, 0.0608784928918, 0.0516912043095, 0.0369072295725, 0.0439851209521, 0.071249499917, 0.0744115635753, 0.0594649873674, 0.0544035471976, 0.0422663316131, 0.0355098694563, 0.0393296666443, 0.039835665375, 0.0517839975655, 0.0713818073273, 0.0745773017406, 0.0721781849861, 0.0779524147511, 0.0941318571568, 0.190836325288, 0.478341192007],
        "var": [0.121318884194, 0.128498151898, 0.0485046766698, 0.0331302918494, 0.0227409340441, 0.0191165246069, 0.0189695451409, 0.016023254022, 0.015615827404, 0.0173901356757, 0.0140664586797, 0.0250776037574, 0.0347101353109, 0.0320955179632, 0.0202995464206, 0.0145205585286, 0.0216369237751, 0.0148678226396, 0.00830552726984, 0.00809623673558, 0.0138265872374, 0.0180706195533, 0.0112341633067, 0.0139733972028, 0.0111535619944, 0.0107572134584, 0.0116453655064, 0.0120894955471, 0.0174222234637, 0.027722934261, 0.0296168904752, 0.0314179547131, 0.035513561219, 0.0452760457993, 0.0754770487547, 0.130655482411]
    },
    "chords_histogram": [2.57201647758, 0, 9.15637874603, 0, 1.54320991039, 0, 0, 0, 0, 40.8436203003, 3.29218101501, 12.9629631042, 24.2798347473, 0, 0, 0, 0, 0, 0, 5.34979438782, 0, 0, 0, 0],
    "thpcp": [1, 0.675515830517, 0.22663743794, 0.112678416073, 0.0844170302153, 0.0732888579369, 0.0799151286483, 0.081232637167, 0.0687675625086, 0.0560551770031, 0.0580865554512, 0.0872021466494, 0.117965824902, 0.120996512473, 0.0964270606637, 0.0820829644799, 0.0868548899889, 0.0737474560738, 0.0526552684605, 0.0627532452345, 0.101651124656, 0.106162421405, 0.0848382487893, 0.0776171311736, 0.0603010579944, 0.0506616644561, 0.0561113394797, 0.0568332448602, 0.0738798379898, 0.101839885116, 0.106398873031, 0.102976076305, 0.111214123666, 0.134297206998, 0.272264748812, 0.682445764542],
    "chords_key": "A",
    "chords_scale": "major",
    "key_key": "D",
    "key_scale": "minor"
}
}