{
"lowlevel": {
    "average_loudness": 0.960079610348,
    "barkbands_crest": {
        "mean": 13.6320428848,
        "var": 33.7806167603
    },
    "barkbands_flatness_db": {
        "mean": 0.209306016564,
        "var": 0.00623435992748
    },
    "barkbands_kurtosis": {
        "mean": 19.7433586121,
        "var": 3602.93457031
    },
    "barkbands_skewness": {
        "mean": 2.3114554882,
        "var": 10.3191175461
    },
    "barkbands_spread": {
        "mean": 17.2895507813,
        "var": 246.201644897
    },
    "dissonance": {
        "mean": 0.444650948048,
        "var": 0.00284298486076
    },
    "dynamic_complexity": 4.12855243683,
    "erbbands_crest": {
        "mean": 11.6464891434,
        "var": 30.0760993958
    },
    "erbbands_flatness_db": {
        "mean": 0.208718925714,
        "var": 0.00493348296732
    },
    "erbbands_kurtosis": {
        "mean": 1.76710414886,
        "var": 23.4175758362
    },
    "erbbands_skewness": {
        "mean": 0.448820918798,
        "var": 1.32025194168
    },
    "erbbands_spread": {
        "mean": 37.3935813904,
        "var": 742.172546387
    },
    "hfc": {
        "mean": 12.5006198883,
        "var": 271.399505615
    },
    "melbands_crest": {
        "mean": 17.9044876099,
        "var": 45.2831764221
    },
    "melbands_flatness_db": {
        "mean": 0.256491661072,
        "var": 0.0115830972791
    },
    "melbands_kurtosis": {
        "mean": 41.7908287048,
        "var": 9649.90820313
    },
    "melbands_skewness": {
        "mean": 3.48715543747,
        "var": 14.1839952469
    },
    "melbands_spread": {
        "mean": 22.4225120544,
        "var": 789.90637207
    },
    "pitch_salience": {
        "mean": 0.474956572056,
        "var": 0.0348565615714
    },
    "silence_rate_20dB": {
        "mean": 1,
        "var": 0
    },
    "silence_rate_30dB": {
        "mean": 0.934088587761,
        "var": 0.061566002667
    },
    "silence_rate_60dB": {
        "mean": 0.212667346001,
        "var": 0.167439967394
    },
    "spectral_centroid": {
        "mean": 1300.12878418,
        "var": 731002.125
    },
    "spectral_complexity": {
        "mean": 8.97013378143,
        "var": 81.5870132446
    },
    "spectral_decrease": {
        "mean": -7.07617520135e-009,
        "var": 1.134114383e-016
    },
    "spectral_energy": {
        "mean": 0.0278409309685,
        "var": 0.00167254032567
    },
    "spectral_energyband_high": {
        "mean": 0.000434453599155,
        "var": 1.20894935662e-006
    },
    "spectral_energyband_low": {
        "mean": 0.0151079623029,
        "var": 0.00126705982257
    },
    "spectral_energyband_middle_high": {
        "mean": 0.00280350097455,
        "var": 1.72131349245e-005
    },
    "spectral_energyband_middle_low": {
        "mean": 0.00958155747503,
        "var": 0.000309306866257
    },
    "spectral_entropy": {
        "mean": 7.31673765182,
        "var": 0.42171767354
    },
    "spectral_flux": {
        "mean": 0.0994423404336,
        "var": 0.00586127536371
    },
    "spectral_kurtosis": {
        "mean": 6.13161563873,
        "var": 30.9416446686
    },
    "spectral_rms": {
        "mean": 0.00416118744761,
        "var": 9.84643611446e-006
    },
    "spectral_rolloff": {
        "mean": 1508.88098145,
        "var": 3512466
    },
    "spectral_skewness": {
        "mean": 1.63130438328,
        "var": 0.546373188496
    },
    "spectral_spread": {
        "mean": 4215239,
        "var": 3.99821740442e+012
    },
    "spectral_strongpeak": {
        "mean": 0.871470808983,
        "var": 1.12939524651
    },
    "zerocrossingrate": {
        "mean": 0.0553208589554,
        "var": 0.00227906182408
    },
    "barkbands": {
        "mean": [0.000710038817488, 0.0128705333918, 0.00150298629887, 0.000117291630886, 0.00145221489947, 0.00311903166585, 0.000358829041943, 0.00225825770758, 0.00217335671186, 0.000423691846663, 0.000278975145193, 0.000459606701043, 0.000337057717843, 0.000366105436115, 0.000294017256238, 0.000193110259715, 0.000154739042046, 9.60375473369e-005, 0.000127573250211, 0.000208875135286, 0.000145469763083, 8.94357362995e-005, 5.30344368599e-005, 3.12840711558e-005, 1.40856627695e-005, 5.30485203853e-006, 1.42223672839e-008],
        "var": [2.04038906304e-006, 0.00102181348484, 3.19056598528e-005, 1.92870615479e-007, 8.44547139423e-006, 0.000124274694826, 3.79820221497e-006, 4.67895479233e-005, 6.17248515482e-005, 1.60127376603e-006, 7.02517866102e-007, 1.70814951161e-006, 7.84613746418e-007, 9.35723619477e-007, 3.59443987463e-007, 1.38726349519e-007, 7.69474226558e-008, 4.95475269702e-008, 8.42081746555e-008, 3.09635822759e-007, 1.861389336e-007, 7.12939112191e-008, 1.73788041735e-008, 3.73344954951e-009, 6.06815431237e-010, 9.32636953777e-011, 4.59096854906e-015]
    },
    "erbbands": {
        "mean": [0.39369648695, 2.71871709824, 2.78102254868, 0.75838303566, 0.770488679409, 5.24597167969, 24.9217624664, 20.4785289764, 5.06939935684, 15.9491901398, 65.3039627075, 49.6157188416, 14.8978004456, 14.8028001785, 12.3724975586, 19.5279827118, 16.5465927124, 18.4092197418, 16.8059520721, 12.7455396652, 10.7386493683, 8.33206558228, 5.35066795349, 6.18339252472, 7.57758426666, 10.0171222687, 6.62483215332, 5.08653688431, 3.67866230011, 2.11421847343, 1.4645550251, 0.823896348476, 0.43402993679, 0.18523786962, 0.089593231678, 0.0353281609714, 0.00731687946245, 0.000451434461866, 2.49868699029e-005, 3.25686232827e-005],
        "var": [1.06301355362, 48.0588760376, 72.4360351563, 7.91891384125, 3.30485963821, 105.645057678, 3676.33740234, 11346.8779297, 1076.43835449, 3957.5625, 34191.953125, 33405.90625, 4649.82421875, 1663.03161621, 1127.91491699, 3070.07666016, 1668.671875, 1983.55810547, 1369.3458252, 559.459716797, 415.102996826, 216.692626953, 140.84727478, 260.43371582, 328.369567871, 750.165649414, 330.633483887, 244.930984497, 131.854812622, 30.6428432465, 14.1039075851, 3.09377503395, 0.661995530128, 0.111173272133, 0.0241068508476, 0.00412473268807, 0.000187035475392, 7.4589416954e-007, 8.35150060219e-010, 2.02820604756e-009]
    },
    "gfcc": {
        "mean": [-93.0625305176, 89.9882278442, -132.49760437, 28.9339351654, -62.532951355, 7.24708843231, -40.7941741943, 5.95242261887, -15.8448429108, 8.21639060974, -6.9255771637, -4.65104818344, 1.74389958382],
        "cov": [[7448.19042969, -360.086334229, -179.023742676, 261.195404053, -142.848831177, 205.775970459, 294.385681152, 102.615707397, -80.4832000732, 22.6349506378, -102.873687744, 219.09437561, -6.49700737], [-360.086334229, 2267.18505859, 1.5107139349, -410.214263916, 661.413513184, -183.652618408, 470.38369751, 33.5859451294, 304.789245605, -196.043777466, 368.888549805, -195.766326904, 262.668395996], [-179.023742676, 1.5107139349, 2174.97705078, 1119.25646973, 386.967315674, 485.645782471, 219.493850708, 314.537200928, 156.825424194, 201.676589966, -10.1240215302, 201.821075439, -143.275604248], [261.195404053, -410.214263916, 1119.25646973, 1321.12341309, 412.49420166, 320.153381348, 104.26789856, 116.452644348, 105.222557068, 168.656585693, -96.845954895, 61.7317047119, -113.449302673], [-142.848831177, 661.413513184, 386.967315674, 412.49420166, 986.690063477, 365.097930908, 279.112365723, 152.092605591, 209.764801025, 28.3936862946, 122.490905762, -44.6117782593, -2.30137181282], [205.775970459, -183.652618408, 485.645782471, 320.153381348, 365.097930908, 586.553466797, 240.438964844, 210.113647461, 40.2090339661, 75.1959686279, -4.02344417572, 105.147163391, -142.625366211], [294.385681152, 470.38369751, 219.493850708, 104.26789856, 279.112365723, 240.438964844, 543.544189453, 222.238815308, 105.687355042, -49.8509941101, 110.270606995, 37.082069397, 12.1834688187], [102.615707397, 33.5859451294, 314.537200928, 116.452644348, 152.092605591, 210.113647461, 222.238815308, 272.634155273, 82.5123977661, 5.61566495895, 16.0378379822, 66.4439926147, -59.314868927], [-80.4832000732, 304.789245605, 156.825424194, 105.222557068, 209.764801025, 40.2090339661, 105.687355042, 82.5123977661, 216.516159058, 52.2617721558, 41.6557388306, -37.9062423706, 30.1741275787], [22.6349506378, -196.043777466, 201.676589966, 168.656585693, 28.3936862946, 75.1959686279, -49.8509941101, 5.61566495895, 52.2617721558, 190.384231567, -12.7012071609, 17.3961772919, -16.1546649933], [-102.873687744, 368.888549805, -10.1240215302, -96.845954895, 122.490905762, -4.02344417572, 110.270606995, 16.0378379822, 41.6557388306, -12.7012071609, 169.217544556, 13.8814268112, 65.1768875122], [219.09437561, -195.766326904, 201.821075439, 61.7317047119, -44.6117782593, 105.147163391, 37.082069397, 66.4439926147, -37.9062423706, 17.3961772919, 13.8814268112, 170.682525635, -1.57327628136], [-6.49700737, 262.668395996, -143.275604248, -113.449302673, -2.30137181282, -142.625366211, 12.1834688187, -59.314868927, 30.1741275787, -16.1546649933, 65.1768875122, -1.57327628136, 178.660476685]],
        "icov": [[0.000158236216521, -9.83607533271e-005, 0.000128990810481, -0.000132195229526, 8.80710795172e-005, -5.70231532038e-005, -8.82984604686e-005, -2.51112251135e-005, 7.39116803743e-005, -0.000126944170916, 0.000231703947065, -0.000322920706822, 1.18291718536e-005], [-9.83607533271e-005, 0.0026052671019, -0.00121587526519, 0.00157706823666, -0.00156922254246, 0.00137822295073, -0.00161622441374, 0.0014356742613, -0.00162246974651, 0.00184212287422, -0.00210941559635, 0.0021298408974, -0.000911732960958], [0.000128990810481, -0.00121587526519, 0.00169208471198, -0.0015933229588, 0.000891540374141, -0.000818413158413, 0.000863732886501, -0.00132320111152, 0.00044134928612, -0.00106609007344, 0.000533645390533, -0.00175105128437, 0.000616385776084], [-0.000132195229526, 0.00157706823666, -0.0015933229588, 0.00282569695264, -0.00171903020237, 0.00115889345761, -0.00141480565071, 0.00166089669801, -0.000906899571419, 0.00035817688331, 0.00026202033041, 0.00107746000867, -0.000156512673129], [8.80710795172e-005, -0.00156922254246, 0.000891540374141, -0.00171903020237, 0.0034042543266, -0.00272651342675, 0.00131232489366, -0.000998663716018, -0.000393211259507, -9.10055096028e-005, -0.000539935659617, 0.000290244206553, -0.000362400402082], [-5.70231532038e-005, 0.00137822295073, -0.000818413158413, 0.00115889345761, -0.00272651342675, 0.00589212169871, -0.00249139661901, 0.000164760247571, 0.000340140628396, -0.00102635181975, 0.000216193482629, -0.0014752629213, 0.0027022943832], [-8.82984604686e-005, -0.00161622441374, 0.000863732886501, -0.00141480565071, 0.00131232489366, -0.00249139661901, 0.00534478621557, -0.00362121849321, 0.000446004269179, 0.000700735196006, -0.00111746508628, -1.42013141158e-005, -0.000975889794063], [-2.51112251135e-005, 0.0014356742613, -0.00132320111152, 0.00166089669801, -0.000998663716018, 0.000164760247571, -0.00362121849321, 0.00977434124798, -0.00399711355567, 0.00172793550882, 0.000301895925077, -0.00180610141251, 0.00219782651402], [7.39116803743e-005, -0.00162246974651, 0.00044134928612, -0.000906899571419, -0.000393211259507, 0.000340140628396, 0.000446004269179, -0.00399711355567, 0.00989533215761, -0.00407893164083, 0.00112984399311, 0.0015060370788, -0.00136382877827], [-0.000126944170916, 0.00184212287422, -0.00106609007344, 0.00035817688331, -9.10055096028e-005, -0.00102635181975, 0.000700735196006, 0.00172793550882, -0.00407893164083, 0.00923994556069, -0.00250292336568, 0.00153544696514, -0.00118406431284], [0.000231703947065, -0.00210941559635, 0.000533645390533, 0.00026202033041, -0.000539935659617, 0.000216193482629, -0.00111746508628, 0.000301895925077, 0.00112984399311, -0.00250292336568, 0.0121129807085, -0.00407838821411, -0.000825860071927], [-0.000322920706822, 0.0021298408974, -0.00175105128437, 0.00107746000867, 0.000290244206553, -0.0014752629213, -1.42013141158e-005, -0.00180610141251, 0.0015060370788, 0.00153544696514, -0.00407838821411, 0.0125592453405, -0.00415282836184], [1.18291718536e-005, -0.000911732960958, 0.000616385776084, -0.000156512673129, -0.000362400402082, 0.0027022943832, -0.000975889794063, 0.00219782651402, -0.00136382877827, -0.00118406431284, -0.000825860071927, -0.00415282836184, 0.0106697911397]]
    },
    "melbands": {
        "mean": [0.00362514611334, 0.00228359829634, 0.00013031924027, 0.000163366581546, 0.000749510305468, 0.000479912763694, 7.12078544893e-005, 0.00022001103207, 0.00057886808645, 0.000275659171166, 6.61910526105e-005, 6.01965584792e-005, 3.81999780075e-005, 4.77355679322e-005, 4.88184668939e-005, 3.12846568704e-005, 3.49507863575e-005, 2.76649807347e-005, 2.11159494938e-005, 1.29628379e-005, 1.29154377646e-005, 8.99620135897e-006, 6.33595391264e-006, 4.14537726101e-006, 5.06482592755e-006, 4.77773755847e-006, 6.88837872076e-006, 6.46802027404e-006, 4.15190152125e-006, 3.76485331799e-006, 2.53602115663e-006, 1.99459327632e-006, 1.75323862095e-006, 1.01660066321e-006, 9.09865207177e-007, 6.16833347067e-007, 4.54916261106e-007, 3.22423346688e-007, 2.15346346977e-007, 1.31424727101e-007],
        "var": [8.3461694885e-005, 3.47726781911e-005, 2.16155484623e-007, 1.2643162961e-007, 2.95214749713e-006, 4.94581763633e-006, 2.30825747849e-007, 6.84727467615e-007, 2.69502402261e-006, 1.26829365854e-006, 1.14305834131e-007, 2.96739894878e-008, 1.18863070497e-008, 1.83623960481e-008, 1.99759657704e-008, 6.10585804139e-009, 8.69270344594e-009, 4.62180294036e-009, 1.85549442477e-009, 4.94053464806e-010, 7.3546468915e-010, 2.4492544104e-010, 1.98382629768e-010, 1.07892535184e-010, 2.02311820074e-010, 1.22482315956e-010, 3.33402500052e-010, 3.11261044716e-010, 1.26742089046e-010, 1.17917689502e-010, 6.90585852392e-011, 3.60528204513e-011, 3.12794373736e-011, 6.11162552858e-012, 5.83977224217e-012, 2.04652245671e-012, 8.79706897605e-013, 3.73727063836e-013, 1.51640608707e-013, 5.85857927384e-014]
    },
    "mfcc": {
        "mean": [-730.877807617, 114.837348938, -11.4382543564, 18.8345108032, 1.89424562454, 1.64833652973, -5.32001495361, -8.12928581238, -1.41487431526, 8.12258243561, -1.74424004555, 3.35397315025, -2.06354570389],
        "cov": [[7016.03662109, -608.126220703, -499.17477417, 42.8135948181, -454.003967285, 146.299880981, 25.7615337372, 184.335678101, 25.804567337, -98.0655670166, -112.182388306, -60.4814109802, 57.2319564819], [-608.126220703, 2423.95947266, -475.530456543, -202.072021484, 161.67779541, -151.322631836, 298.795898438, 126.52872467, 112.969947815, 96.2306365967, 45.8513145447, 93.3926696777, 55.5647735596], [-499.17477417, -475.530456543, 1779.59216309, 710.014648438, 272.13381958, 314.129455566, 111.957168579, 248.922546387, 128.062072754, 60.4038887024, 159.180084229, 95.4010848999, 85.2415924072], [42.8135948181, -202.072021484, 710.014648438, 944.934936523, 399.378601074, 300.812011719, 104.97480011, 113.311820984, 167.351348877, 118.138977051, 71.7906036377, 38.0428695679, 84.5405426025], [-454.003967285, 161.67779541, 272.13381958, 399.378601074, 734.438049316, 345.254180908, 147.578521729, 134.16368103, 107.252761841, 164.090026855, 130.869903564, 47.9816207886, 20.8549633026], [146.299880981, -151.322631836, 314.129455566, 300.812011719, 345.254180908, 449.632843018, 200.687530518, 160.268188477, 113.882835388, 111.555114746, 133.327316284, 46.5633811951, 36.8981056213], [25.7615337372, 298.795898438, 111.957168579, 104.97480011, 147.578521729, 200.687530518, 411.413574219, 311.437530518, 98.149887085, 62.8675956726, 121.194274902, 59.9295501709, 39.022151947], [184.335678101, 126.52872467, 248.922546387, 113.311820984, 134.16368103, 160.268188477, 311.437530518, 487.201324463, 143.697799683, 31.5439682007, 160.84677124, 73.0002441406, 15.0022201538], [25.804567337, 112.969947815, 128.062072754, 167.351348877, 107.252761841, 113.882835388, 98.149887085, 143.697799683, 204.432556152, 99.9940948486, 73.7299423218, 43.4409408569, 31.2976455688], [-98.0655670166, 96.2306365967, 60.4038887024, 118.138977051, 164.090026855, 111.555114746, 62.8675956726, 31.5439682007, 99.9940948486, 178.234634399, 81.8561019897, 36.8745880127, 25.8556785583], [-112.182388306, 45.8513145447, 159.180084229, 71.7906036377, 130.869903564, 133.327316284, 121.194274902, 160.84677124, 73.7299423218, 81.8561019897, 187.746368408, 77.2961120605, 4.10069322586], [-60.4814109802, 93.3926696777, 95.4010848999, 38.0428695679, 47.9816207886, 46.5633811951, 59.9295501709, 73.0002441406, 43.4409408569, 36.8745880127, 77.2961120605, 112.287208557, 38.7714920044], [57.2319564819, 55.5647735596, 85.2415924072, 84.5405426025, 20.8549633026, 36.8981056213, 39.022151947, 15.0022201538, 31.2976455688, 25.8556785583, 4.10069322586, 38.7714920044, 93.8894424438]],
        "icov": [[0.000186013552593, 1.58129387273e-005, 0.00012734651682, -0.000109910826723, 0.000247493589995, -0.000298502738588, 0.00018769435701, -0.000294550991384, 0.000112171524961, -6.56250558677e-005, 0.000190444348846, 2.25327530643e-005, -0.00014494676725], [1.58129387273e-005, 0.00066106650047, 0.000113335423521, 0.000166211364558, -0.000441315583885, 0.000800077687018, -0.000851160963066, 0.000332366907969, -0.000533019250724, 4.54709224869e-005, 2.45343526331e-005, -0.000331988936523, -0.000267992669251], [0.00012734651682, 0.000113335423521, 0.00104153971188, -0.000732818967663, 0.000278483668808, -0.000402560282964, 0.000449782732176, -0.000625165179372, 0.000322222185787, 0.000165057223057, -0.000295942358207, -0.000267542054644, -0.000450614024885], [-0.000109910826723, 0.000166211364558, -0.000732818967663, 0.00231218151748, -0.00105399673339, 5.36292936886e-005, -0.000377402466256, 0.00058967928635, -0.00139646977186, 0.000192486884771, 0.000369596586097, 0.000441523850895, -0.000958292104769], [0.000247493589995, -0.000441315583885, 0.000278483668808, -0.00105399673339, 0.00332977622747, -0.00244367448613, 0.00113445473835, -0.0011387669947, 0.00143853307236, -0.00180689850822, 0.000335682707373, -0.000121207325719, 0.000791171391029], [-0.000298502738588, 0.000800077687018, -0.000402560282964, 5.36292936886e-005, -0.00244367448613, 0.00643215561286, -0.0031077011954, 0.00176574743818, -0.00170358561445, 0.00044209396583, -0.00219878810458, 0.000645531050395, -0.000674280687235], [0.00018769435701, -0.000851160963066, 0.000449782732176, -0.000377402466256, 0.00113445473835, -0.0031077011954, 0.00729117216542, -0.00459661474451, 0.00201099924743, -0.00138562603388, 0.000440774630988, 0.000329919683281, -0.00145003164653], [-0.000294550991384, 0.000332366907969, -0.000625165179372, 0.00058967928635, -0.0011387669947, 0.00176574743818, -0.00459661474451, 0.00694432388991, -0.00388678023592, 0.00341889820993, -0.0033726580441, -1.42345807035e-005, 0.000886629044544], [0.000112171524961, -0.000533019250724, 0.000322222185787, -0.00139646977186, 0.00143853307236, -0.00170358561445, 0.00201099924743, -0.00388678023592, 0.0104616228491, -0.00533308275044, 0.00123265187722, -0.000752979074605, -0.000414424430346], [-6.56250558677e-005, 4.54709224869e-005, 0.000165057223057, 0.000192486884771, -0.00180689850822, 0.00044209396583, -0.00138562603388, 0.00341889820993, -0.00533308275044, 0.0118797384202, -0.00474630622193, 0.000838194042444, -0.00168543623295], [0.000190444348846, 2.45343526331e-005, -0.000295942358207, 0.000369596586097, 0.000335682707373, -0.00219878810458, 0.000440774630988, -0.0033726580441, 0.00123265187722, -0.00474630622193, 0.0138166556135, -0.00690967822447, 0.0040965876542], [2.25327530643e-005, -0.000331988936523, -0.000267542054644, 0.000441523850895, -0.000121207325719, 0.000645531050395, 0.000329919683281, -1.42345807035e-005, -0.000752979074605, 0.000838194042444, -0.00690967822447, 0.0159380584955, -0.00659316778183], [-0.00014494676725, -0.000267992669251, -0.000450614024885, -0.000958292104769, 0.000791171391029, -0.000674280687235, -0.00145003164653, 0.000886629044544, -0.000414424430346, -0.00168543623295, 0.0040965876542, -0.00659316778183, 0.0158660076559]]
    },
    "spectral_contrast_coeffs": {
        "mean": [-0.620339691639, -0.669284820557, -0.766251623631, -0.776612818241, -0.797249078751, -0.776174128056],
        "var": [0.0133188040927, 0.0165316406637, 0.00903489906341, 0.00513240275905, 0.00261688278988, 0.00256069144234]
    },
    "spectral_contrast_valleys": {
        "mean": [-8.65141773224, -7.7838716507, -8.48369312286, -8.34661865234, -8.29374790192, -10.9758844376],
        "var": [2.12728214264, 0.969555616379, 1.16001200676, 1.05482137203, 1.20473074913, 1.40430295467]
    }
},
"metadata": {
    "audio_properties": {
        "analysis_sample_rate": 44100,
        "bit_rate": 128074,
        "equal_loudness": 0,
        "length": 45.0612258911,
        "lossless": 0,
        "replay_gain": -6.87656593323,
        "sample_rate": 44100,
        "codec": "mp3",
        "downmix": "mix",
        "md5_encoded": "d3419dd26029f885da018a47291918c2"
    },
    "tags": {
        "file_name": "1590.mp3"
    },
    "version": {
        "essentia": "2.1-beta2",
        "essentia_git_sha": "v2.1_beta2",
        "extractor": "music 1.0"
    }
},
"rhythm": {
    "beats_count": 70,
    "beats_loudness": {
        "mean": 0.0452484600246,
        "var": 0.001770134666
    },
    "bpm": 93.9219207764,
    "bpm_histogram_first_peak_bpm": {
        "mean": 94,
        "var": 0
    },
    "bpm_histogram_first_peak_spread": {
        "mean": 0.294117629528,
        "var": 0
    },
    "bpm_histogram_first_peak_weight": {
        "mean": 0.695652186871,
        "var": 0
    },
    "bpm_histogram_second_peak_bpm": {
        "mean": 88,
        "var": 0
    },
    "bpm_histogram_second_peak_spread": {
        "mean": 0,
        "var": 0
    },
    "bpm_histogram_second_peak_weight": {
        "mean": 0.0144927538931,
        "var": 0
    },
    "danceability": 1.49527490139,
    "onset_rate": 5.05750226974,
    "beats_loudness_band_ratio": {
        "mean": [0.38664367795, 0.123822212219, 0.137936517596, 0.0986495390534, 0.0958520174026, 0.170326173306],
        "var": [0.176613718271, 0.0151855386794, 0.0286329202354, 0.0174775030464, 0.00929783564061, 0.0341120585799]
    },
    "beats_position": [0.66176867485, 1.34675729275, 1.99691605568, 2.6470746994, 3.28562355042, 3.92417216301, 4.57433080673, 5.20126962662, 5.83981847763, 6.47836732864, 7.11691617966, 7.75546455383, 8.39401340485, 9.03256225586, 9.682721138, 10.3096599579, 10.9482088089, 11.5867567062, 12.2253055573, 12.8638544083, 13.5024032593, 14.1409521103, 14.7911109924, 15.4180498123, 16.0565986633, 16.6951465607, 17.3336963654, 17.9722442627, 18.6107940674, 19.2493419647, 19.8878898621, 20.5264396667, 21.1649875641, 21.8035373688, 22.4420852661, 23.0806350708, 23.7191829681, 24.3577327728, 24.9962806702, 25.6348285675, 26.2733783722, 26.9119262695, 27.5388660431, 28.1890239716, 28.8275737762, 29.4661216736, 30.1046714783, 30.7432193756, 31.3817672729, 32.0203170776, 32.6472549438, 33.2858047485, 33.9127426147, 34.5512924194, 35.2014503479, 35.8516082764, 36.4785499573, 37.1170959473, 37.755645752, 38.3825836182, 39.0211334229, 39.6596832275, 40.309841156, 40.9599990845, 41.5985488892, 42.2370948792, 42.8640365601, 43.50258255, 44.1527442932, 44.7912902832]
},
"tonal": {
    "chords_changes_rate": 0.147119343281,
    "chords_number_rate": 0.0154320988804,
    "chords_strength": {
        "mean": 0.39359459281,
        "var": 0.00440341653302
    },
    "hpcp_entropy": {
        "mean": 1.89580500126,
        "var": 0.949266374111
    },
    "key_strength": 0.336813420057,
    "tuning_diatonic_strength": 0.252941519022,
    "tuning_equal_tempered_deviation": 0.233547911048,
    "tuning_frequency": 434.193115234,
    "tuning_nontempered_energy_ratio": 0.8507771492,
    "hpcp": {
        "mean": [0.0856487825513, 0.0908869504929, 0.0872543528676, 0.0935366228223, 0.0956840142608, 0.0861374512315, 0.0909851789474, 0.100600868464, 0.103956893086, 0.116381011903, 0.141039863229, 0.157513514161, 0.159400165081, 0.167978033423, 0.177978888154, 0.187331154943, 0.209300398827, 0.213973239064, 0.188989967108, 0.16800442338, 0.169098362327, 0.186282023787, 0.179170712829, 0.232411593199, 0.28780657053, 0.162518322468, 0.0520451702178, 0.0535774342716, 0.0622407384217, 0.0712247863412, 0.0711888223886, 0.0716248080134, 0.075081653893, 0.0728961974382, 0.0708064809442, 0.0747991651297],
        "var": [0.031697999686, 0.0361403860152, 0.0320727042854, 0.0373576357961, 0.0389475636184, 0.0295561160892, 0.032094527036, 0.0429923869669, 0.0429348088801, 0.0481335520744, 0.0593419671059, 0.0687450915575, 0.0697033256292, 0.0717406496406, 0.0735139921308, 0.0750790983438, 0.0863726735115, 0.0922661274672, 0.079892411828, 0.0751427933574, 0.0776916444302, 0.0791411995888, 0.0834073796868, 0.0907390415668, 0.138148605824, 0.0451509468257, 0.017978195101, 0.017745392397, 0.0218325313181, 0.0259808525443, 0.0266967024654, 0.0259810667485, 0.030500786379, 0.0274257529527, 0.0289539024234, 0.0287185795605]
    },
    "chords_histogram": [40.1234550476, 6.68724298477, 1.33744859695, 2.98353910446, 6.17283964157, 1.02880656719, 2.16049385071, 4.73251008987, 0, 0, 15.123456955, 1.13168728352, 0, 0, 0.411522626877, 0, 0, 8.53909492493, 1.44032919407, 1.64609050751, 1.85185182095, 4.62962961197, 0, 0],
    "thpcp": [1, 0.564678966999, 0.180833846331, 0.186157792807, 0.21625892818, 0.247474491596, 0.24734954536, 0.248864397407, 0.260875403881, 0.253281921148, 0.246021077037, 0.259893864393, 0.297591477633, 0.315791785717, 0.303170114756, 0.324998229742, 0.332459449768, 0.299289375544, 0.316133081913, 0.349543333054, 0.36120402813, 0.40437233448, 0.490050882101, 0.5472894907, 0.553844749928, 0.583649039268, 0.618397593498, 0.650892555714, 0.727225899696, 0.743461966515, 0.656656205654, 0.583740770817, 0.587541699409, 0.647247314453, 0.622538626194, 0.807527065277],
    "chords_key": "A#",
    "chords_scale": "major",
    "key_key": "A#",
    "key_scale": "major"
}
}