{
"lowlevel": {
    "average_loudness": 0.948742628098,
    "barkbands_crest": {
        "mean": 10.4828138351,
        "var": 14.6206026077
    },
    "barkbands_flatness_db": {
        "mean": 0.137126579881,
        "var": 0.00102235586382
    },
    "barkbands_kurtosis": {
        "mean": 5.72254943848,
        "var": 11.8176689148
    },
    "barkbands_skewness": {
        "mean": 1.92471444607,
        "var": 0.291762918234
    },
    "barkbands_spread": {
        "mean": 12.7059955597,
        "var": 20.8292217255
    },
    "dissonance": {
        "mean": 0.459197342396,
        "var": 0.000524596311152
    },
    "dynamic_complexity": 0.891728937626,
    "erbbands_crest": {
        "mean": 9.74935531616,
        "var": 13.2317781448
    },
    "erbbands_flatness_db": {
        "mean": 0.151372149587,
        "var": 0.000378440978238
    },
    "erbbands_kurtosis": {
        "mean": 1.05587232113,
        "var": 1.82608795166
    },
    "erbbands_skewness": {
        "mean": 1.04687774181,
        "var": 0.200803697109
    },
    "erbbands_spread": {
        "mean": 30.8597373962,
        "var": 49.5692329407
    },
    "hfc": {
        "mean": 21.1979789734,
        "var": 63.9393005371
    },
    "melbands_crest": {
        "mean": 14.448474884,
        "var": 18.6857833862
    },
    "melbands_flatness_db": {
        "mean": 0.218058168888,
        "var": 0.00181294605136
    },
    "melbands_kurtosis": {
        "mean": 10.7791318893,
        "var": 29.7095661163
    },
    "melbands_skewness": {
        "mean": 2.37548112869,
        "var": 0.460273236036
    },
    "melbands_spread": {
        "mean": 12.6212263107,
        "var": 30.6759586334
    },
    "pitch_salience": {
        "mean": 0.576221764088,
        "var": 0.0106837758794
    },
    "silence_rate_20dB": {
        "mean": 1,
        "var": 0
    },
    "silence_rate_30dB": {
        "mean": 1,
        "var": 0
    },
    "silence_rate_60dB": {
        "mean": 0.00154479919001,
        "var": 0.00154241069686
    },
    "spectral_centroid": {
        "mean": 768.056884766,
        "var": 50580.109375
    },
    "spectral_complexity": {
        "mean": 21.5829048157,
        "var": 19.8167991638
    },
    "spectral_decrease": {
        "mean": -1.13182663242e-008,
        "var": 1.8004262666e-017
    },
    "spectral_energy": {
        "mean": 0.0446404702961,
        "var": 0.000267540366622
    },
    "spectral_energyband_high": {
        "mean": 0.000584022083785,
        "var": 2.21032124159e-007
    },
    "spectral_energyband_low": {
        "mean": 0.0146963810548,
        "var": 0.000212824394112
    },
    "spectral_energyband_middle_high": {
        "mean": 0.00418401742354,
        "var": 4.46259628006e-006
    },
    "spectral_energyband_middle_low": {
        "mean": 0.0258267186582,
        "var": 0.000135337628308
    },
    "spectral_entropy": {
        "mean": 7.51503610611,
        "var": 0.0490254424512
    },
    "spectral_flux": {
        "mean": 0.0876827538013,
        "var": 0.000586825772189
    },
    "spectral_kurtosis": {
        "mean": 4.68344068527,
        "var": 2.62484383583
    },
    "spectral_rms": {
        "mean": 0.00647701788694,
        "var": 1.59991145665e-006
    },
    "spectral_rolloff": {
        "mean": 707.546020508,
        "var": 272885.5
    },
    "spectral_skewness": {
        "mean": 1.76676118374,
        "var": 0.097711853683
    },
    "spectral_spread": {
        "mean": 4610469,
        "var": 1.33055001395e+012
    },
    "spectral_strongpeak": {
        "mean": 1.1462635994,
        "var": 0.542317807674
    },
    "zerocrossingrate": {
        "mean": 0.037927031517,
        "var": 0.000235062398133
    },
    "barkbands": {
        "mean": [5.66367270949e-005, 0.010359082371, 0.00377458333969, 0.000686028040946, 0.00629141461104, 0.00541042489931, 0.00862089172006, 0.00381946703419, 0.000623005384114, 0.000865938374773, 0.000404640450142, 0.000498287088703, 0.000763770425692, 0.000646617030725, 0.000610212096944, 0.000272720906651, 0.000154572713654, 8.18957414594e-005, 7.5463532994e-005, 0.000108034575533, 0.000216840810026, 0.000158757015015, 5.81907697779e-005, 2.86755857815e-005, 2.62434787146e-005, 2.48776959779e-005, 3.17830381391e-006],
        "var": [1.43572655986e-008, 0.000175247681909, 2.48123960773e-005, 1.72187469616e-006, 4.16036273236e-005, 2.21950122068e-005, 5.86917594774e-005, 1.08567646748e-005, 3.81466662702e-007, 7.69783923715e-007, 1.80265672611e-007, 2.842210165e-007, 3.17777590908e-007, 2.89246372631e-007, 2.94021504033e-007, 4.07009146386e-008, 1.70482330475e-008, 4.52365833681e-009, 3.77353170933e-009, 9.22305520845e-009, 3.65545922421e-008, 2.17206590492e-008, 2.93679125463e-009, 4.64842997427e-010, 2.10665818123e-010, 9.62977544927e-011, 1.99278462655e-012]
    },
    "erbbands": {
        "mean": [0.133081123233, 2.82592105865, 5.81934452057, 2.89523816109, 2.27463078499, 23.5298500061, 56.4283485413, 40.6050376892, 142.04234314, 77.3259277344, 70.3049850464, 19.676700592, 23.10679245, 21.6823616028, 19.0311050415, 26.2404212952, 33.6455955505, 36.3124313354, 38.823928833, 19.1535110474, 14.23412323, 7.67804431915, 4.85503578186, 3.73801112175, 4.2138376236, 5.40847063065, 7.28860092163, 8.932762146, 6.28332281113, 3.17949748039, 1.4592217207, 0.700680971146, 0.444837719202, 0.297326236963, 0.186366274953, 0.10204833746, 0.0453376211226, 0.0116498759016, 0.000298082683003, 5.77840473852e-005],
        "var": [0.0430314205587, 12.3128557205, 40.4217224121, 14.7182569504, 5.88581609726, 940.663879395, 2939.79785156, 1515.07788086, 15543.1904297, 2785.93457031, 5554.54980469, 307.864837646, 694.328613281, 563.716552734, 363.32824707, 699.773498535, 616.073791504, 755.747314453, 1081.83117676, 172.051925659, 108.055610657, 29.5855045319, 14.2694864273, 8.34983348846, 12.8319377899, 25.4704189301, 38.3778457642, 67.1593170166, 34.1893730164, 9.12359333038, 1.83361363411, 0.339216172695, 0.0983480215073, 0.0328655019403, 0.00962527748197, 0.00220313691534, 0.000314213510137, 1.69642644323e-005, 1.12158620169e-008, 3.33891164717e-010]
    },
    "gfcc": {
        "mean": [39.5252609253, 99.9535140991, -104.203475952, 13.8220100403, -63.6493225098, 7.57516002655, -38.1101531982, -2.18239068985, -13.8012828827, 27.5163974762, -16.1886997223, 9.07855415344, -12.0956840515],
        "cov": [[1412.06542969, -3.06021499634, -175.954193115, 113.994285583, -111.079330444, 28.0560112, -20.5224609375, -11.7600278854, 19.3225975037, 17.7465209961, -14.2668514252, 5.2882027626, -0.669460713863], [-3.06021499634, 216.856246948, 143.853988647, 36.2544403076, 92.9639816284, 19.2271175385, 35.7157096863, 2.82142066956, 14.4063835144, -5.06076478958, 10.5702676773, -3.73910355568, 7.14117240906], [-175.954193115, 143.853988647, 224.53175354, 36.4789466858, 119.497398376, 45.0388946533, 28.3669166565, 31.8204879761, 12.6252918243, 16.5932235718, 24.162229538, 4.15640306473, 12.6256227493], [113.994285583, 36.2544403076, 36.4789466858, 123.103065491, 50.3547134399, 47.8062858582, 42.8466873169, 9.5770816803, 25.7751102448, 0.776570320129, 6.46583986282, -2.05461621284, 3.5295894146], [-111.079330444, 92.9639816284, 119.497398376, 50.3547134399, 120.04372406, 61.7070617676, 44.9510612488, 29.4496650696, 18.2975349426, 13.2534599304, 16.6220302582, 3.45458436012, 5.63107776642], [28.0560112, 19.2271175385, 45.0388946533, 47.8062858582, 61.7070617676, 77.8993453979, 51.7026901245, 36.3770027161, 18.3783626556, 10.7103681564, 9.21789550781, 2.56166529655, 3.41245007515], [-20.5224609375, 35.7157096863, 28.3669166565, 42.8466873169, 44.9510612488, 51.7026901245, 73.1546173096, 44.468952179, 33.9329414368, 9.04853534698, 7.9030790329, -0.446061730385, 0.0420030653477], [-11.7600278854, 2.82142066956, 31.8204879761, 9.5770816803, 29.4496650696, 36.3770027161, 44.468952179, 66.9420394897, 42.6454544067, 25.7270374298, 10.8836345673, -0.846502840519, -1.81464278698], [19.3225975037, 14.4063835144, 12.6252918243, 25.7751102448, 18.2975349426, 18.3783626556, 33.9329414368, 42.6454544067, 65.1450500488, 39.0737724304, 19.5860233307, -0.672137141228, -2.77873444557], [17.7465209961, -5.06076478958, 16.5932235718, 0.776570320129, 13.2534599304, 10.7103681564, 9.04853534698, 25.7270374298, 39.0737724304, 52.0586395264, 31.9324626923, 8.63735198975, -0.897544562817], [-14.2668514252, 10.5702676773, 24.162229538, 6.46583986282, 16.6220302582, 9.21789550781, 7.9030790329, 10.8836345673, 19.5860233307, 31.9324626923, 44.8125724792, 24.4786071777, 9.36066532135], [5.2882027626, -3.73910355568, 4.15640306473, -2.05461621284, 3.45458436012, 2.56166529655, -0.446061730385, -0.846502840519, -0.672137141228, 8.63735198975, 24.4786071777, 36.5730285645, 24.9445056915], [-0.669460713863, 7.14117240906, 12.6256227493, 3.5295894146, 5.63107776642, 3.41245007515, 0.0420030653477, -1.81464278698, -2.77873444557, -0.897544562817, 9.36066532135, 24.9445056915, 40.5109672546]],
        "icov": [[0.0023589823395, -0.00575501099229, 0.00391399022192, -0.00508040329441, 0.00626339577138, -0.0062565645203, 0.00710705807433, -0.00554441893473, 0.00446887174621, -0.00691653834656, 0.00482725445181, -0.00429892493412, 0.00136187765747], [-0.00575501099229, 0.0273559000343, -0.016817227006, 0.0150164188817, -0.0209405515343, 0.0213782992214, -0.0264927577227, 0.0244363751262, -0.0198356434703, 0.0249906368554, -0.0152505571023, 0.014384678565, -0.00489273201674], [0.00391399022192, -0.016817227006, 0.0221538841724, -0.0106487479061, 0.00036634283606, -0.00924489554018, 0.0201910864562, -0.0214778427035, 0.0164182297885, -0.0149555727839, 0.00324900983833, -0.00211310107261, -0.00185746653005], [-0.00508040329441, 0.0150164188817, -0.0106487479061, 0.0268805027008, -0.0157582182437, 0.00574003253132, -0.0203221589327, 0.0252095796168, -0.0241004601121, 0.0247691683471, -0.0143555253744, 0.012872396037, -0.00461044348776], [0.00626339577138, -0.0209405515343, 0.00036634283606, -0.0157582182437, 0.0489430129528, -0.0335323177278, 0.0175094082952, -0.0130744175985, 0.0133385946974, -0.0230591427535, 0.0156937427819, -0.0159879997373, 0.00709361582994], [-0.0062565645203, 0.0213782992214, -0.00924489554018, 0.00574003253132, -0.0335323177278, 0.0606155917048, -0.038811635226, 0.00524138845503, 0.00330942659639, 0.00935679674149, -0.0110293198377, 0.0126964999363, -0.00649570114911], [0.00710705807433, -0.0264927577227, 0.0201910864562, -0.0203221589327, 0.0175094082952, -0.038811635226, 0.0717422291636, -0.0403054878116, 0.00393554614857, -0.00545160192996, 0.00793738011271, -0.0145475938916, 0.00649378960952], [-0.00554441893473, 0.0244363751262, -0.0214778427035, 0.0252095796168, -0.0130744175985, 0.00524138845503, -0.0403054878116, 0.0693283379078, -0.0411753021181, 0.0180615540594, -0.00473415944725, 0.00868869852275, -0.00205901847221], [0.00446887174621, -0.0198356434703, 0.0164182297885, -0.0241004601121, 0.0133385946974, 0.00330942659639, 0.00393554614857, -0.0411753021181, 0.0752346813679, -0.0571463815868, 0.0130828209221, -0.000732040090952, -0.00210584001616], [-0.00691653834656, 0.0249906368554, -0.0149555727839, 0.0247691683471, -0.0230591427535, 0.00935679674149, -0.00545160192996, 0.0180615540594, -0.0571463815868, 0.0998266264796, -0.0601817220449, 0.0259059146047, -0.00253849592991], [0.00482725445181, -0.0152505571023, 0.00324900983833, -0.0143555253744, 0.0156937427819, -0.0110293198377, 0.00793738011271, -0.00473415944725, 0.0130828209221, -0.0601817220449, 0.0926238372922, -0.0652504116297, 0.0198732186109], [-0.00429892493412, 0.014384678565, -0.00211310107261, 0.012872396037, -0.0159879997373, 0.0126964999363, -0.0145475938916, 0.00868869852275, -0.000732040090952, 0.0259059146047, -0.0652504116297, 0.101675100625, -0.0485178567469], [0.00136187765747, -0.00489273201674, -0.00185746653005, -0.00461044348776, 0.00709361582994, -0.00649570114911, 0.00649378960952, -0.00205901847221, -0.00210584001616, -0.00253849592991, 0.0198732186109, -0.0485178567469, 0.0510944612324]]
    },
    "melbands": {
        "mean": [0.0021213889122, 0.00351721141487, 0.000474098866107, 0.000675277377013, 0.00194466172252, 0.000920723367017, 0.00209414772689, 0.000796399835963, 0.00049165985547, 0.000100314347947, 0.00011311659182, 8.81018786458e-005, 5.61061824556e-005, 6.47752021905e-005, 6.67202257318e-005, 7.15092610335e-005, 6.78713840898e-005, 6.34351963527e-005, 3.49504844053e-005, 2.11662318179e-005, 1.54006156663e-005, 8.39388849272e-006, 5.39612619832e-006, 3.79058951694e-006, 2.83938743451e-006, 2.98609711535e-006, 2.9485261166e-006, 3.75986837753e-006, 4.08522328144e-006, 5.16657155458e-006, 5.32293734068e-006, 3.82580401492e-006, 2.41889802055e-006, 1.49291986418e-006, 8.97500456176e-007, 5.33524314505e-007, 3.82051467795e-007, 3.15269488738e-007, 2.7310625228e-007, 2.43026875069e-007],
        "var": [8.71577867656e-006, 1.26976983665e-005, 3.19701740636e-007, 9.27430392039e-007, 2.84800125883e-006, 7.20009950328e-007, 3.370763352e-006, 3.27524219301e-007, 2.97487190437e-007, 9.95205873267e-009, 1.68631206776e-008, 1.10840581158e-008, 3.35230243564e-009, 4.26801882725e-009, 2.84413004259e-009, 2.52761012121e-009, 3.48060757993e-009, 2.88036483553e-009, 7.20000614685e-010, 2.68800537384e-010, 1.50369341978e-010, 4.14603629206e-011, 2.15526051867e-011, 1.27897614374e-011, 5.35913544444e-012, 7.15100157908e-012, 6.13481054151e-012, 1.55274699348e-011, 1.26018258328e-011, 2.18678946479e-011, 2.7143861811e-011, 1.31855837013e-011, 5.52442466772e-012, 2.095953619e-012, 7.49477465766e-013, 2.36137037658e-013, 1.00032659836e-013, 5.48396777208e-014, 3.36844301638e-014, 2.17359259118e-014]
    },
    "mfcc": {
        "mean": [-610.017211914, 140.370147705, 6.73775291443, 14.4458904266, -7.96368503571, 15.1325025558, -14.7016878128, -16.24010849, 1.51406633854, 0.79005074501, 7.28760957718, 7.29486513138, 5.82174921036],
        "cov": [[965.084655762, -159.153259277, -67.3402481079, 37.358455658, -91.5184860229, 32.3940734863, -58.2653579712, 7.58595705032, -4.54014062881, 7.70566177368, -8.98314094543, -8.75296020508, 0.658938467503], [-159.153259277, 265.270874023, 95.5232009888, 40.9494781494, 77.4775619507, 26.5839385986, 43.5461425781, 10.8146686554, 13.6207122803, 2.64109015465, 10.3948965073, 6.54532003403, 1.05551767349], [-67.3402481079, 95.5232009888, 108.270675659, 46.9812583923, 65.1201171875, 28.8271255493, 37.2457962036, 15.7046403885, 14.2770872116, 12.0363368988, 11.5301675797, 6.51442718506, 2.43328809738], [37.358455658, 40.9494781494, 46.9812583923, 84.8370742798, 41.8395118713, 42.7374534607, 19.8410816193, 22.6080551147, 13.7962179184, 13.443819046, 9.52608394623, 3.67646741867, 1.80991995335], [-91.5184860229, 77.4775619507, 65.1201171875, 41.8395118713, 91.4941635132, 42.7421722412, 44.3240394592, 18.0219135284, 17.1430797577, 13.4191570282, 12.9106693268, 10.9666461945, 7.88540554047], [32.3940734863, 26.5839385986, 28.8271255493, 42.7374534607, 42.7421722412, 66.0175628662, 38.8046340942, 26.8050231934, 14.9758663177, 11.9172878265, 7.54780626297, 5.24014425278, 5.93267965317], [-58.2653579712, 43.5461425781, 37.2457962036, 19.8410816193, 44.3240394592, 38.8046340942, 64.6573028564, 36.906414032, 20.6110191345, 11.0629043579, 8.06855010986, 8.41412734985, 6.46566820145], [7.58595705032, 10.8146686554, 15.7046403885, 22.6080551147, 18.0219135284, 26.8050231934, 36.906414032, 55.5128669739, 34.1240997314, 18.7879066467, 8.85472011566, 6.8243098259, 5.58253479004], [-4.54014062881, 13.6207122803, 14.2770872116, 13.7962179184, 17.1430797577, 14.9758663177, 20.6110191345, 34.1240997314, 51.0203819275, 35.2639198303, 16.9861927032, 10.8048734665, 6.64832401276], [7.70566177368, 2.64109015465, 12.0363368988, 13.443819046, 13.4191570282, 11.9172878265, 11.0629043579, 18.7879066467, 35.2639198303, 54.0388832092, 34.0615653992, 15.9648914337, 8.93960952759], [-8.98314094543, 10.3948965073, 11.5301675797, 9.52608394623, 12.9106693268, 7.54780626297, 8.06855010986, 8.85472011566, 16.9861927032, 34.0615653992, 49.3240852356, 30.9030036926, 14.9853010178], [-8.75296020508, 6.54532003403, 6.51442718506, 3.67646741867, 10.9666461945, 5.24014425278, 8.41412734985, 6.8243098259, 10.8048734665, 15.9648914337, 30.9030036926, 47.3193244934, 28.9530029297], [0.658938467503, 1.05551767349, 2.43328809738, 1.80991995335, 7.88540554047, 5.93267965317, 6.46566820145, 5.58253479004, 6.64832401276, 8.93960952759, 14.9853010178, 28.9530029297, 41.188243866]],
        "icov": [[0.00153304403648, 0.000485041033244, -0.000274768477539, -0.000786692078691, 0.00203897594474, -0.0024876804091, 0.00191910553258, -0.000667909102049, 0.000254894344835, -0.000481094641145, 0.000491196406074, -0.000232547681662, -0.000180889444891], [0.000485041033244, 0.00620667589828, -0.0037396075204, -0.000721432559658, -0.00164538354147, 0.000564563146327, -0.00123935146257, 0.00172420905437, -0.00218794913962, 0.00277674733661, -0.0015214526793, 0.000511357269716, 0.00022493279539], [-0.000274768477539, -0.0037396075204, 0.0213711634278, -0.00736112939194, -0.00893016159534, 0.00581743521616, -0.0064083840698, 0.00234604347497, 0.000213385937968, -0.00143534655217, -0.000440088275354, 0.000591617834289, 0.00074220780516], [-0.000786692078691, -0.000721432559658, -0.00736112939194, 0.0248016100377, -0.00459973420948, -0.0127820307389, 0.0118047315627, -0.00969234108925, 0.00368911353871, -0.00172072718851, -0.000679474556819, 5.95640813117e-005, 0.00154173304327], [0.00203897594474, -0.00164538354147, -0.00893016159534, -0.00459973420948, 0.0316358245909, -0.0110295116901, -0.00848141685128, 0.00837456714362, -0.00478550978005, 0.000199358502869, -2.90229763777e-005, -0.00151856523007, -0.00172516913153], [-0.0024876804091, 0.000564563146327, 0.00581743521616, -0.0127820307389, -0.0110295116901, 0.0400307103992, -0.0188848916441, -0.000210377591429, 0.00205614371225, -0.00156640727073, -0.000252679048572, 0.00277960812673, -0.00227189622819], [0.00191910553258, -0.00123935146257, -0.0064083840698, 0.0118047315627, -0.00848141685128, -0.0188848916441, 0.0491288453341, -0.0275123231113, 0.00620968732983, -0.000166399069712, 0.0014884932898, -0.00309982360341, 0.000892820884474], [-0.000667909102049, 0.00172420905437, 0.00234604347497, -0.00969234108925, 0.00837456714362, -0.000210377591429, -0.0275123231113, 0.0532635189593, -0.0310445893556, 0.00831598322839, -0.00228193425573, 0.00218704645522, -0.00172058702447], [0.000254894344835, -0.00218794913962, 0.000213385937968, 0.00368911353871, -0.00478550978005, 0.00205614371225, 0.00620968732983, -0.0310445893556, 0.0608890391886, -0.037470921874, 0.014264469035, -0.00764753576368, 0.00222071376629], [-0.000481094641145, 0.00277674733661, -0.00143534655217, -0.00172072718851, 0.000199358502869, -0.00156640727073, -0.000166399069712, 0.00831598322839, -0.037470921874, 0.0621348470449, -0.0391147360206, 0.0145575813949, -0.00425646593794], [0.000491196406074, -0.0015214526793, -0.000440088275354, -0.000679474556819, -2.90229763777e-005, -0.000252679048572, 0.0014884932898, -0.00228193425573, 0.014264469035, -0.0391147360206, 0.0632804334164, -0.0363176614046, 0.00889793783426], [-0.000232547681662, 0.000511357269716, 0.000591617834289, 5.95640813117e-005, -0.00151856523007, 0.00277960812673, -0.00309982360341, 0.00218704645522, -0.00764753576368, 0.0145575813949, -0.0363176614046, 0.0611317269504, -0.0316505022347], [-0.000180889444891, 0.00022493279539, 0.00074220780516, 0.00154173304327, -0.00172516913153, -0.00227189622819, 0.000892820884474, -0.00172058702447, 0.00222071376629, -0.00425646593794, 0.00889793783426, -0.0316505022347, 0.0444914773107]]
    },
    "spectral_contrast_coeffs": {
        "mean": [-0.58211094141, -0.688434064388, -0.792610704899, -0.803146004677, -0.829244852066, -0.730349957943],
        "var": [0.00483489828184, 0.00366032822058, 0.00164440996014, 0.000868811272085, 0.000410835345974, 0.000847834628075]
    },
    "spectral_contrast_valleys": {
        "mean": [-7.24892473221, -5.76935625076, -6.79918909073, -6.91772699356, -7.44496154785, -9.95366573334],
        "var": [0.404485523701, 0.352859646082, 0.308666080236, 0.302176654339, 0.325944423676, 0.278398573399]
    }
},
"metadata": {
    "audio_properties": {
        "analysis_sample_rate": 44100,
        "bit_rate": 128074,
        "equal_loudness": 0,
        "length": 45.0612258911,
        "lossless": 0,
        "replay_gain": -4.58019256592,
        "sample_rate": 44100,
        "codec": "mp3",
        "downmix": "mix",
        "md5_encoded": "39b786967b7dcc5994687a25303a9f55"
    },
    "tags": {
        "file_name": "1591.mp3"
    },
    "version": {
        "essentia": "2.1-beta2",
        "essentia_git_sha": "v2.1_beta2",
        "extractor": "music 1.0"
    }
},
"rhythm": {
    "beats_count": 86,
    "beats_loudness": {
        "mean": 0.0508161485195,
        "var": 0.000163646094734
    },
    "bpm": 114.771331787,
    "bpm_histogram_first_peak_bpm": {
        "mean": 115,
        "var": 0
    },
    "bpm_histogram_first_peak_spread": {
        "mean": 0.349397569895,
        "var": 0
    },
    "bpm_histogram_first_peak_weight": {
        "mean": 0.635294139385,
        "var": 0
    },
    "bpm_histogram_second_peak_bpm": {
        "mean": 123,
        "var": 0
    },
    "bpm_histogram_second_peak_spread": {
        "mean": 0.5,
        "var": 0
    },
    "bpm_histogram_second_peak_weight": {
        "mean": 0.0117647061124,
        "var": 0
    },
    "danceability": 1.12325263023,
    "onset_rate": 3.83749079704,
    "beats_loudness_band_ratio": {
        "mean": [0.24681943655, 0.269558131695, 0.37241974473, 0.0807764753699, 0.0477207973599, 0.0248020999134],
        "var": [0.0360946394503, 0.0180356223136, 0.0249133948237, 0.00215190160088, 0.000949628069066, 0.000229582248721]
    },
    "beats_position": [0.476009070873, 0.952018141747, 1.43963718414, 1.9620860815, 2.48453521729, 3.00698399544, 3.52943301201, 4.04027223587, 4.5627207756, 5.08516979218, 5.61922883987, 6.13006782532, 6.66412687302, 7.17496585846, 7.70902490616, 8.23147392273, 8.75392246246, 9.27637195587, 9.79882049561, 10.3328800201, 10.8437185287, 11.3777770996, 11.8886165619, 12.4226751328, 12.933514595, 13.4559631348, 13.9784126282, 14.512471199, 15.0349206924, 15.5573692322, 16.0682086945, 16.602268219, 17.1131057739, 17.6355552673, 18.1580047607, 18.6920623779, 19.2145118713, 19.7369613647, 20.2710208893, 20.7818584442, 21.3043079376, 21.826757431, 22.3492050171, 22.8716545105, 23.3941040039, 23.9165534973, 24.4390010834, 24.9614505768, 25.4839000702, 26.0063495636, 26.5287971497, 27.0512466431, 27.5736961365, 28.0961437225, 28.6185932159, 29.1410427094, 29.6634922028, 30.1859397888, 30.7083892822, 31.2308387756, 31.7648983002, 32.2757377625, 32.7981834412, 33.3206329346, 33.8546943665, 34.3771438599, 34.8995895386, 35.422039032, 35.9444885254, 36.4669380188, 36.9893875122, 37.5118370056, 38.034286499, 38.5567321777, 39.0791816711, 39.6016311646, 40.124080658, 40.6581382751, 41.1689796448, 41.703037262, 42.2138786316, 42.7363243103, 43.2587738037, 43.7928352356, 44.3036727905, 44.8377304077]
},
"tonal": {
    "chords_changes_rate": 0.037037037313,
    "chords_number_rate": 0.00514403311536,
    "chords_strength": {
        "mean": 0.490440756083,
        "var": 0.00529364449903
    },
    "hpcp_entropy": {
        "mean": 1.86534440517,
        "var": 0.403254657984
    },
    "key_strength": 0.618914604187,
    "tuning_diatonic_strength": 0.516493678093,
    "tuning_equal_tempered_deviation": 0.0366239100695,
    "tuning_frequency": 438.224517822,
    "tuning_nontempered_energy_ratio": 0.667134523392,
    "hpcp": {
        "mean": [0.479006022215, 0.224093332887, 0.027657372877, 0.0173779465258, 0.0150502668694, 0.0200773999095, 0.0241879224777, 0.0717591196299, 0.260166317225, 0.315179228783, 0.133391752839, 0.0295583214611, 0.030077598989, 0.075606353581, 0.293489724398, 0.463483095169, 0.274539381266, 0.0603446289897, 0.0192267838866, 0.0178920235485, 0.0365242771804, 0.0470901057124, 0.0546593740582, 0.180165976286, 0.27625310421, 0.15753762424, 0.0510223321617, 0.0345116481185, 0.0413584932685, 0.167743727565, 0.239728271961, 0.119625546038, 0.0335770063102, 0.0415138192475, 0.0752126723528, 0.321568399668],
        "var": [0.135856255889, 0.042757909745, 0.00370389432646, 0.00173988111783, 0.000605679408181, 0.0007598757511, 0.00213705329224, 0.0129014831036, 0.0912968292832, 0.107129923999, 0.0282488968223, 0.00344436685555, 0.00780060654506, 0.021903263405, 0.0825835168362, 0.148444071412, 0.0813967213035, 0.0119105270132, 0.00399898597971, 0.00325835589319, 0.00816248171031, 0.00854997616261, 0.00995241105556, 0.06161981076, 0.139470040798, 0.0577281937003, 0.0189298577607, 0.00916442647576, 0.00553964776918, 0.0381429307163, 0.0667757838964, 0.0185520537198, 0.00766279222444, 0.0207089036703, 0.027966465801, 0.0728681907058]
    },
    "chords_histogram": [53.1893005371, 33.3333320618, 0, 2.57201647758, 0, 8.95061683655, 0.205761313438, 1.64609050751, 0, 0, 0, 0, 0, 0, 0, 0, 0, 0, 0, 0, 0.102880656719, 0, 0, 0],
    "thpcp": [1, 0.467829883099, 0.0577390938997, 0.0362791828811, 0.0314197875559, 0.0419147126377, 0.0504960715771, 0.149808391929, 0.543137907982, 0.657985925674, 0.278476148844, 0.0617076195776, 0.0627916902304, 0.15784008801, 0.61270570755, 0.967593491077, 0.573143899441, 0.125978857279, 0.0401389189065, 0.0373523980379, 0.0762501433492, 0.0983079597354, 0.114109992981, 0.37612465024, 0.576721549034, 0.328884422779, 0.106517098844, 0.0720484629273, 0.0863423272967, 0.350191265345, 0.500470280647, 0.249737039208, 0.0700972527266, 0.0866665914655, 0.157018214464, 0.671324312687],
    "chords_key": "D",
    "chords_scale": "minor",
    "key_key": "D",
    "key_scale": "minor"
}
}