{
"lowlevel": {
    "average_loudness": 0.96319258213,
    "barkbands_crest": {
        "mean": 9.64595127106,
        "var": 17.5550270081
    },
    "barkbands_flatness_db": {
        "mean": 0.106064610183,
        "var": 0.00231738295406
    },
    "barkbands_kurtosis": {
        "mean": 4.43969488144,
        "var": 301.082458496
    },
    "barkbands_skewness": {
        "mean": 1.20114123821,
        "var": 3.22631955147
    },
    "barkbands_spread": {
        "mean": 39.8007583618,
        "var": 497.442260742
    },
    "dissonance": {
        "mean": 0.473716199398,
        "var": 0.000807737233117
    },
    "dynamic_complexity": 2.3511197567,
    "erbbands_crest": {
        "mean": 8.49084949493,
        "var": 12.5928907394
    },
    "erbbands_flatness_db": {
        "mean": 0.125279799104,
        "var": 0.00162340130191
    },
    "erbbands_kurtosis": {
        "mean": 1.10888540745,
        "var": 13.1055583954
    },
    "erbbands_skewness": {
        "mean": -0.137336209416,
        "var": 1.04098773003
    },
    "erbbands_spread": {
        "mean": 48.4658660889,
        "var": 731.309509277
    },
    "hfc": {
        "mean": 35.3069381714,
        "var": 1521.5255127
    },
    "melbands_crest": {
        "mean": 15.0356836319,
        "var": 37.9580955505
    },
    "melbands_flatness_db": {
        "mean": 0.171050235629,
        "var": 0.00505316117778
    },
    "melbands_kurtosis": {
        "mean": 22.3994293213,
        "var": 3314.11474609
    },
    "melbands_skewness": {
        "mean": 3.08012366295,
        "var": 7.85503721237
    },
    "melbands_spread": {
        "mean": 42.0098457336,
        "var": 1625.4284668
    },
    "pitch_salience": {
        "mean": 0.542316734791,
        "var": 0.018884409219
    },
    "silence_rate_20dB": {
        "mean": 1,
        "var": 0
    },
    "silence_rate_30dB": {
        "mean": 0.988671481609,
        "var": 0.0112001020461
    },
    "silence_rate_60dB": {
        "mean": 0.0381050445139,
        "var": 0.0366531647742
    },
    "spectral_centroid": {
        "mean": 1955.57824707,
        "var": 953551.25
    },
    "spectral_complexity": {
        "mean": 16.6112251282,
        "var": 133.462203979
    },
    "spectral_decrease": {
        "mean": -5.23092591465e-009,
        "var": 3.22132850239e-017
    },
    "spectral_energy": {
        "mean": 0.0229451451451,
        "var": 0.000561016029678
    },
    "spectral_energyband_high": {
        "mean": 0.00267951795831,
        "var": 1.39038893394e-005
    },
    "spectral_energyband_low": {
        "mean": 0.00917811319232,
        "var": 0.000175283523276
    },
    "spectral_energyband_middle_high": {
        "mean": 0.00582457380369,
        "var": 7.3117123975e-005
    },
    "spectral_energyband_middle_low": {
        "mean": 0.00609552301466,
        "var": 0.000133158944664
    },
    "spectral_entropy": {
        "mean": 7.97936534882,
        "var": 0.152907282114
    },
    "spectral_flux": {
        "mean": 0.100230820477,
        "var": 0.00326116988435
    },
    "spectral_kurtosis": {
        "mean": 2.80278110504,
        "var": 3.87049293518
    },
    "spectral_rms": {
        "mean": 0.00429543619975,
        "var": 3.93476375393e-006
    },
    "spectral_rolloff": {
        "mean": 3276.4453125,
        "var": 10217814
    },
    "spectral_skewness": {
        "mean": 1.31352221966,
        "var": 0.196243941784
    },
    "spectral_spread": {
        "mean": 6558083,
        "var": 5.38124694323e+012
    },
    "spectral_strongpeak": {
        "mean": 0.703374624252,
        "var": 1.03470909595
    },
    "zerocrossingrate": {
        "mean": 0.116365820169,
        "var": 0.00464618764818
    },
    "barkbands": {
        "mean": [9.31420145207e-005, 0.00380981131457, 0.00458325631917, 0.00141029094812, 0.00153277930804, 0.00119078636635, 0.000725967343897, 0.000423760764534, 0.000574875215534, 0.000741126656067, 0.000992766115814, 0.000715798232704, 0.000510076293722, 0.00047072765301, 0.000662965932861, 0.00050005922094, 0.000468151352834, 0.000294011289952, 0.000387515348848, 0.000362290855264, 0.00034908921225, 0.000448824313935, 0.000405690836487, 0.000402854959248, 0.000457682821434, 0.000361176440492, 6.9672918471e-005],
        "var": [4.43131611405e-008, 4.21321929025e-005, 6.07014990237e-005, 8.35388800624e-006, 1.77259225893e-005, 1.15867078421e-005, 4.36280606664e-006, 1.18945388294e-006, 2.50411744673e-006, 3.36521134159e-006, 8.6775435193e-006, 2.68959183813e-006, 1.54968722654e-006, 1.02611306829e-006, 1.87752186775e-006, 7.32607134069e-007, 6.76730564919e-007, 2.69973867262e-007, 3.43521321611e-007, 7.16671536338e-007, 5.99378608968e-007, 5.76692968934e-007, 6.59982561046e-007, 6.78573769619e-007, 5.98654878559e-007, 3.44925211948e-007, 2.18006288577e-008]
    },
    "erbbands": {
        "mean": [0.0771097317338, 1.02549946308, 4.915974617, 4.92812013626, 6.51487970352, 3.86685204506, 3.14532828331, 11.7262783051, 14.1531591415, 7.32312917709, 10.502035141, 12.3811922073, 20.5468349457, 31.5800170898, 35.4841995239, 29.6085071564, 24.6505298615, 23.0821723938, 32.9928512573, 31.4585399628, 26.8009872437, 25.6377048492, 18.6977806091, 15.8263902664, 20.7437820435, 16.7358264923, 14.7025613785, 14.3477964401, 15.8003921509, 13.7942886353, 11.6119146347, 8.50651931763, 6.67236566544, 4.96982288361, 3.05655407906, 1.3544151783, 0.756837368011, 0.213334262371, 0.00739598367363, 0.000178527785465],
        "var": [0.021971065551, 2.77407979965, 64.0021438599, 72.5708694458, 187.875015259, 164.56338501, 198.948913574, 922.83190918, 1736.16369629, 328.92489624, 691.826477051, 1200.13671875, 2739.96899414, 6300.18066406, 10317.1787109, 4224.99707031, 3029.0793457, 2105.56713867, 4885.64501953, 3260.18286133, 1832.45324707, 1984.41870117, 1136.91125488, 552.030517578, 1056.0378418, 1635.85461426, 1390.79614258, 823.562988281, 774.620178223, 548.349365234, 588.363525391, 329.354675293, 195.349227905, 85.8939743042, 25.7408695221, 4.24567556381, 1.65769660473, 0.154434427619, 0.000246600597166, 8.2589650674e-008]
    },
    "gfcc": {
        "mean": [14.4734249115, 34.0567779541, -91.7902679443, 38.6982574463, -43.8926239014, 26.6438922882, -35.2421722412, 13.7999744415, -27.6383991241, 5.55291461945, -22.1470794678, 7.02783536911, -18.8384590149],
        "cov": [[4890.87304688, -494.476593018, -489.201171875, -476.593383789, -207.025344849, 89.2804031372, 156.232208252, 45.2806663513, -32.3442001343, 85.3910369873, -95.1176300049, -43.6259918213, -54.2983779907], [-494.476593018, 1439.68359375, -316.652313232, -125.286979675, 47.0279655457, -123.583900452, 45.6294441223, 5.33955717087, 31.0750102997, -40.1327400208, 34.9272613525, -33.762928009, 8.07516384125], [-489.201171875, -316.652313232, 1201.53015137, 271.657470703, 27.9289093018, -15.2509126663, -72.5232467651, -40.2759666443, -56.4427528381, 60.0298881531, 17.7672080994, 43.7648429871, -19.9752578735], [-476.593383789, -125.286979675, 271.657470703, 583.734680176, 69.7787017822, -29.756149292, -106.879096985, -32.7702102661, 19.3671627045, -16.2637310028, 28.9290981293, -5.29321575165, 21.2813148499], [-207.025344849, 47.0279655457, 27.9289093018, 69.7787017822, 446.631347656, 84.4230422974, -17.4033260345, 55.9505653381, 12.7568349838, 18.9150047302, -52.507396698, -16.1526241302, 19.7855739594], [89.2804031372, -123.583900452, -15.2509126663, -29.756149292, 84.4230422974, 340.899688721, 156.639038086, 41.7308998108, -20.5377388, -11.8700819016, -14.1250572205, -20.701625824, -0.0120303882286], [156.232208252, 45.6294441223, -72.5232467651, -106.879096985, -17.4033260345, 156.639038086, 288.480133057, 75.4387207031, -49.9839439392, -29.0468254089, 5.58911466599, 8.5341053009, -20.7121067047], [45.2806663513, 5.33955717087, -40.2759666443, -32.7702102661, 55.9505653381, 41.7308998108, 75.4387207031, 152.745269775, 34.8579864502, -3.59854245186, -4.89666175842, -0.469007104635, 1.91788983345], [-32.3442001343, 31.0750102997, -56.4427528381, 19.3671627045, 12.7568349838, -20.5377388, -49.9839439392, 34.8579864502, 155.570220947, 43.7451019287, -12.2794656754, -40.1611747742, -10.7619714737], [85.3910369873, -40.1327400208, 60.0298881531, -16.2637310028, 18.9150047302, -11.8700819016, -29.0468254089, -3.59854245186, 43.7451019287, 124.59009552, 18.5219745636, -8.65663433075, -8.34771156311], [-95.1176300049, 34.9272613525, 17.7672080994, 28.9290981293, -52.507396698, -14.1250572205, 5.58911466599, -4.89666175842, -12.2794656754, 18.5219745636, 117.57749176, 53.0415649414, -17.1240882874], [-43.6259918213, -33.762928009, 43.7648429871, -5.29321575165, -16.1526241302, -20.701625824, 8.5341053009, -0.469007104635, -40.1611747742, -8.65663433075, 53.0415649414, 113.232543945, 22.9165210724], [-54.2983779907, 8.07516384125, -19.9752578735, 21.2813148499, 19.7855739594, -0.0120303882286, -20.7121067047, 1.91788983345, -10.7619714737, -8.34771156311, -17.1240882874, 22.9165210724, 91.7031021118]],
        "icov": [[0.000259722699411, 0.000101672456367, 0.000121422170196, 0.000113239060738, 0.000129567124532, -6.13496013102e-006, -4.52991916973e-005, -8.78648497746e-005, 0.000175160064828, -0.000317830796121, 0.000290697964374, -2.15590516746e-005, 0.000159946677741], [0.000101672456367, 0.00093801721232, 0.000152952547069, 0.000294668658171, -0.000361496000551, 0.000671721471008, -0.000580498017371, 0.000337938952725, -0.000309097522404, 0.000454258872196, -0.000876383855939, 0.000823046080768, -0.000481813010992], [0.000121422170196, 0.000152952547069, 0.00115544139408, -0.000521850772202, 0.000135849288199, -7.03893747414e-005, 0.00018718818319, -0.000161843636306, 0.000775901833549, -0.00101892487146, 0.000692015164532, -0.000663674611133, 0.000740938528907], [0.000113239060738, 0.000294668658171, -0.000521850772202, 0.00247758300975, -0.000570392643567, 0.000205078278668, 0.000331214949256, 0.000495831191074, -0.000720887328498, 0.00132185011171, -0.00176486431155, 0.00127116765361, -0.00107150222175], [0.000129567124532, -0.000361496000551, 0.000135849288199, -0.000570392643567, 0.00316202500835, -0.00128628883976, 0.00117511546705, -0.00167504581623, 0.000904093321878, -0.00141584232915, 0.00231093750335, -0.000997348804958, 0.000546543335076], [-6.13496013102e-006, 0.000671721471008, -7.03893747414e-005, 0.000205078278668, -0.00128628883976, 0.00491640344262, -0.00314571801573, 0.000795687665232, -0.000495911808684, 0.000640227866825, -0.00124510005116, 0.00190651288722, -0.00128352839965], [-4.52991916973e-005, -0.000580498017371, 0.00018718818319, 0.000331214949256, 0.00117511546705, -0.00314571801573, 0.00706687336788, -0.00351830315776, 0.00264452304691, -0.000110262568342, 0.000770505692344, -0.00106118968688, 0.00211334810592], [-8.78648497746e-005, 0.000337938952725, -0.000161843636306, 0.000495831191074, -0.00167504581623, 0.000795687665232, -0.00351830315776, 0.00966507848352, -0.00390179874375, 0.00154724612366, -0.00117237935774, -7.16567665222e-005, -0.00138545187656], [0.000175160064828, -0.000309097522404, 0.000775901833549, -0.000720887328498, 0.000904093321878, -0.000495911808684, 0.00264452304691, -0.00390179874375, 0.0102881481871, -0.00396720506251, 0.00147928111255, 0.00178811082151, 0.0016266386956], [-0.000317830796121, 0.000454258872196, -0.00101892487146, 0.00132185011171, -0.00141584232915, 0.000640227866825, -0.000110262568342, 0.00154724612366, -0.00396720506251, 0.0114724924788, -0.00446859374642, 0.00222903047688, -0.00132131052669], [0.000290697964374, -0.000876383855939, 0.000692015164532, -0.00176486431155, 0.00231093750335, -0.00124510005116, 0.000770505692344, -0.00117237935774, 0.00147928111255, -0.00446859374642, 0.0157068055123, -0.00872548017651, 0.00538969878107], [-2.15590516746e-005, 0.000823046080768, -0.000663674611133, 0.00127116765361, -0.000997348804958, 0.00190651288722, -0.00106118968688, -7.16567665222e-005, 0.00178811082151, 0.00222903047688, -0.00872548017651, 0.0157140698284, -0.00569107057527], [0.000159946677741, -0.000481813010992, 0.000740938528907, -0.00107150222175, 0.000546543335076, -0.00128352839965, 0.00211334810592, -0.00138545187656, 0.0016266386956, -0.00132131052669, 0.00538969878107, -0.00569107057527, 0.0143394060433]]
    },
    "melbands": {
        "mean": [0.000879629864357, 0.00217831181362, 0.000948588538449, 0.00040629869909, 0.000103747544927, 0.000267279043328, 0.000199400194106, 7.93526996858e-005, 8.82614403963e-005, 7.84892326919e-005, 0.000101902121969, 0.000122115321574, 0.00013519305503, 8.09881894384e-005, 6.49837893434e-005, 4.98433037137e-005, 4.07374609495e-005, 5.11994330736e-005, 4.94723972224e-005, 3.64091101801e-005, 3.05353823933e-005, 2.73067325907e-005, 2.0743927962e-005, 1.36878798003e-005, 1.2329670426e-005, 1.5383160644e-005, 1.40165493576e-005, 1.03848842627e-005, 9.7187303254e-006, 7.81088601798e-006, 8.58206931298e-006, 9.15176315175e-006, 8.33524336485e-006, 7.36437095838e-006, 6.96228698871e-006, 5.49946344108e-006, 5.14476414537e-006, 4.68529242426e-006, 4.33647528553e-006, 4.23921301262e-006],
        "var": [2.48156538873e-006, 1.09076654553e-005, 2.28336875807e-006, 1.06969287117e-006, 2.06536242331e-007, 5.0233188631e-007, 3.25106412902e-007, 3.8735137764e-008, 4.93260081669e-008, 4.825249178e-008, 6.91951669296e-008, 9.48198746187e-008, 1.70551558654e-007, 3.96012964643e-008, 2.44331435084e-008, 1.40496032586e-008, 7.30661442461e-009, 1.37828495284e-008, 1.07483177914e-008, 4.53321291616e-009, 2.71655209438e-009, 2.28065744068e-009, 1.59846702541e-009, 6.99088842371e-010, 3.70113911741e-010, 5.9273613795e-010, 6.44526154669e-010, 8.34039004527e-010, 7.48224704417e-010, 3.08560982321e-010, 2.9643026922e-010, 2.89398977005e-010, 2.06228811805e-010, 1.76669873175e-010, 2.23122548215e-010, 1.55789534051e-010, 1.27715255038e-010, 1.03714023481e-010, 9.54663015307e-011, 6.22990617427e-011]
    },
    "mfcc": {
        "mean": [-639.501342773, 75.5242919922, 12.1768569946, 22.3230857849, 15.7896595001, 15.0629434586, 7.41170072556, 10.7606582642, 3.20339465141, -0.275620520115, 0.224685013294, -1.42236495018, 4.371301651],
        "cov": [[4515.19042969, -247.396850586, -656.373596191, -524.107299805, -446.875793457, -44.1139602661, 10.2732667923, -1.72975790501, 44.63256073, 135.015991211, 56.4748954773, -98.8446121216, -15.1956338882], [-247.396850586, 1318.53100586, -292.892303467, -92.8621520996, -66.042098999, -79.9069747925, 10.5399742126, 9.59972858429, 4.54359149933, 14.6078796387, 42.9122276306, -35.3024253845, 6.81832551956], [-656.373596191, -292.892303467, 1024.57214355, 245.108703613, 40.0786628723, 41.8246879578, 11.6115369797, -59.1938972473, -75.4675292969, -55.0486183167, -27.6168575287, 57.0564689636, 12.2883434296], [-524.107299805, -92.8621520996, 245.108703613, 518.555541992, 206.007827759, -24.6977825165, -66.1378250122, -51.4248962402, -38.0940704346, -38.1210594177, -45.9595031738, 18.7947120667, 19.8575229645], [-446.875793457, -66.042098999, 40.0786628723, 206.007827759, 449.889648438, 72.2278518677, -43.4639511108, -35.6519012451, 47.975944519, 33.9929466248, -30.4125003815, -0.290010035038, 1.85626411438], [-44.1139602661, -79.9069747925, 41.8246879578, -24.6977825165, 72.2278518677, 229.05279541, 99.5798339844, 19.684885025, 34.3959960938, 20.9270572662, 10.014872551, -0.145093902946, -10.8150014877], [10.2732667923, 10.5399742126, 11.6115369797, -66.1378250122, -43.4639511108, 99.5798339844, 283.246154785, 122.225631714, 35.4760437012, -21.2606124878, 11.1540307999, 24.0124778748, -10.6153497696], [-1.72975790501, 9.59972858429, -59.1938972473, -51.4248962402, -35.6519012451, 19.684885025, 122.225631714, 201.505523682, 40.3600234985, -12.0003509521, 31.2702465057, 8.20053863525, -8.16608524323], [44.63256073, 4.54359149933, -75.4675292969, -38.0940704346, 47.975944519, 34.3959960938, 35.4760437012, 40.3600234985, 174.278427124, 65.2048721313, -10.2087697983, -11.4034872055, -21.6440658569], [135.015991211, 14.6078796387, -55.0486183167, -38.1210594177, 33.9929466248, 20.9270572662, -21.2606124878, -12.0003509521, 65.2048721313, 161.464614868, 51.2868003845, -20.9920063019, -8.34728050232], [56.4748954773, 42.9122276306, -27.6168575287, -45.9595031738, -30.4125003815, 10.014872551, 11.1540307999, 31.2702465057, -10.2087697983, 51.2868003845, 141.803131104, 27.3631801605, -4.60984659195], [-98.8446121216, -35.3024253845, 57.0564689636, 18.7947120667, -0.290010035038, -0.145093902946, 24.0124778748, 8.20053863525, -11.4034872055, -20.9920063019, 27.3631801605, 97.7312393188, 20.5395374298], [-15.1956338882, 6.81832551956, 12.2883434296, 19.8575229645, 1.85626411438, -10.8150014877, -10.6153497696, -8.16608524323, -21.6440658569, -8.34728050232, -4.60984659195, 20.5395374298, 81.0787506104]],
        "icov": [[0.000306841422571, 0.000130138592795, 0.000177031877683, 0.000132156899781, 0.000261090113781, 3.40358856192e-005, -6.12056901446e-005, 0.000141921060276, 2.12239569919e-006, -0.000201997158001, -2.81650991383e-005, 0.000214947867789, -8.40751090436e-005], [0.000130138592795, 0.000907828682102, 0.000285744346911, 7.5639327406e-005, 0.000112850015284, 0.000376219744794, -0.000286242167931, 0.000265911512543, -6.10450806562e-005, 3.92138608731e-005, -0.000406068196753, 0.000491855724249, -0.000236828636844], [0.000177031877683, 0.000285744346911, 0.00136545184068, -0.000521504087374, 0.00036255660234, -0.000259493885096, -0.000247814983595, 0.000421339005698, 0.000358930497896, -0.000105293431261, 0.000110636079626, -0.000419991381932, 9.46649670368e-005], [0.000132156899781, 7.5639327406e-005, -0.000521504087374, 0.00301146460697, -0.00131717696786, 0.000667785177939, 0.000208394834772, 5.6680484704e-005, 0.000429879873991, 0.000321927509503, 0.000363202823792, -9.27775909076e-005, -0.000295831880067], [0.000261090113781, 0.000112850015284, 0.00036255660234, -0.00131717696786, 0.00354401534423, -0.00137355166953, 0.000653844734188, 0.000163997450727, -0.000776159693487, -0.000774405605625, 0.000538971740752, -0.0002153134119, -5.68751711398e-005], [3.40358856192e-005, 0.000376219744794, -0.000259493885096, 0.000667785177939, -0.00137355166953, 0.00627414742485, -0.00271815457381, 0.00103301065974, -0.000421705481131, -0.000246322480962, -0.000825856113806, 0.000897397228982, 5.4805263062e-005], [-6.12056901446e-005, -0.000286242167931, -0.000247814983595, 0.000208394834772, 0.000653844734188, -0.00271815457381, 0.00633744569495, -0.00339848129079, -0.000386811821954, 0.000556964136194, 0.00080846628407, -0.00159440562129, 0.000512985687237], [0.000141921060276, 0.000265911512543, 0.000421339005698, 5.6680484704e-005, 0.000163997450727, 0.00103301065974, -0.00339848129079, 0.00792052410543, -0.00201011775061, 0.00172851386014, -0.0025438554585, 0.00108052964788, -0.000363689439837], [2.12239569919e-006, -6.10450806562e-005, 0.000358930497896, 0.000429879873991, -0.000776159693487, -0.000421705481131, -0.000386811821954, -0.00201011775061, 0.00879272539169, -0.00433761300519, 0.00306465034373, -0.00122261827346, 0.00193889485672], [-0.000201997158001, 3.92138608731e-005, -0.000105293431261, 0.000321927509503, -0.000774405605625, -0.000246322480962, 0.000556964136194, 0.00172851386014, -0.00433761300519, 0.0105043603107, -0.00512728188187, 0.00291631789878, -0.000978938420303], [-2.81650991383e-005, -0.000406068196753, 0.000110636079626, 0.000363202823792, 0.000538971740752, -0.000825856113806, 0.00080846628407, -0.0025438554585, 0.00306465034373, -0.00512728188187, 0.0109898978844, -0.00447204243392, 0.00169827032369], [0.000214947867789, 0.000491855724249, -0.000419991381932, -9.27775909076e-005, -0.0002153134119, 0.000897397228982, -0.00159440562129, 0.00108052964788, -0.00122261827346, 0.00291631789878, -0.00447204243392, 0.0136926760897, -0.00363913155161], [-8.40751090436e-005, -0.000236828636844, 9.46649670368e-005, -0.000295831880067, -5.68751711398e-005, 5.4805263062e-005, 0.000512985687237, -0.000363689439837, 0.00193889485672, -0.000978938420303, 0.00169827032369, -0.00363913155161, 0.0138703575358]]
    },
    "spectral_contrast_coeffs": {
        "mean": [-0.634591341019, -0.727224707603, -0.792445659637, -0.78397500515, -0.784031748772, -0.777324616909],
        "var": [0.00655258260667, 0.00861269421875, 0.00492841564119, 0.00351699604653, 0.00211217184551, 0.00193805305753]
    },
    "spectral_contrast_valleys": {
        "mean": [-7.64840173721, -7.52733421326, -7.52023839951, -7.70886325836, -7.41858482361, -9.31555557251],
        "var": [0.693007707596, 0.821408450603, 1.12456345558, 0.985573172569, 0.757743358612, 0.929242730141]
    }
},
"metadata": {
    "audio_properties": {
        "analysis_sample_rate": 44100,
        "bit_rate": 128074,
        "equal_loudness": 0,
        "length": 45.0612258911,
        "lossless": 0,
        "replay_gain": -5.27470397949,
        "sample_rate": 44100,
        "codec": "mp3",
        "downmix": "mix",
        "md5_encoded": "2edb147b54deb66bc8e86be1ac0688ee"
    },
    "tags": {
        "file_name": "1592.mp3"
    },
    "version": {
        "essentia": "2.1-beta2",
        "essentia_git_sha": "v2.1_beta2",
        "extractor": "music 1.0"
    }
},
"rhythm": {
    "beats_count": 71,
    "beats_loudness": {
        "mean": 0.0450995229185,
        "var": 0.000370171910618
    },
    "bpm": 95.9249649048,
    "bpm_histogram_first_peak_bpm": {
        "mean": 96,
        "var": 0
    },
    "bpm_histogram_first_peak_spread": {
        "mean": 0.212121248245,
        "var": 0
    },
    "bpm_histogram_first_peak_weight": {
        "mean": 0.742857158184,
        "var": 0
    },
    "bpm_histogram_second_peak_bpm": {
        "mean": 89,
        "var": 0
    },
    "bpm_histogram_second_peak_spread": {
        "mean": 0,
        "var": 0
    },
    "bpm_histogram_second_peak_weight": {
        "mean": 0.0571428574622,
        "var": 0
    },
    "danceability": 1.62906646729,
    "onset_rate": 6.14442157745,
    "beats_loudness_band_ratio": {
        "mean": [0.566601514816, 0.0851484239101, 0.0846732631326, 0.0924900323153, 0.0623349994421, 0.146571010351],
        "var": [0.0362957194448, 0.00808517541736, 0.00716448156163, 0.0135458847508, 0.00256663281471, 0.00746494531631]
    },
    "beats_position": [0.66176867485, 1.34675729275, 2.02013611794, 2.69351458549, 3.36689329147, 4.00544214249, 4.6439909935, 5.27092981339, 5.89786815643, 6.51319694519, 7.12852573395, 7.75546455383, 8.38240337372, 9.0093421936, 9.63628101349, 10.2632198334, 10.8901586533, 11.5170974731, 12.144036293, 12.7593650818, 13.3746938705, 14.0016326904, 14.6285715103, 15.2555103302, 15.8824491501, 16.50938797, 17.1363258362, 17.7632656097, 18.390203476, 19.0171432495, 19.6440811157, 20.2710208893, 20.8979587555, 21.5248966217, 22.1402263641, 22.7555541992, 23.3824939728, 24.009431839, 24.6363716125, 25.2633094788, 25.8902492523, 26.5055770874, 27.1209068298, 27.747844696, 28.3747844696, 29.0017223358, 29.6286621094, 30.2555999756, 30.8825397491, 31.5094776154, 32.1364173889, 32.7633552551, 33.3902931213, 34.0172348022, 34.6557807922, 35.2827186584, 35.9096603394, 36.5249862671, 37.151927948, 37.7788658142, 38.4058036804, 39.0327415466, 39.6596832275, 40.2866210938, 40.91355896, 41.5404968262, 42.1674385071, 42.7827644348, 43.3980941772, 44.0250320435, 44.6519737244]
},
"tonal": {
    "chords_changes_rate": 0.115226335824,
    "chords_number_rate": 0.00925925932825,
    "chords_strength": {
        "mean": 0.501918315887,
        "var": 0.011166443117
    },
    "hpcp_entropy": {
        "mean": 2.54018473625,
        "var": 0.594669342041
    },
    "key_strength": 0.778121590614,
    "tuning_diatonic_strength": 0.650595843792,
    "tuning_equal_tempered_deviation": 0.216285333037,
    "tuning_frequency": 435.197479248,
    "tuning_nontempered_energy_ratio": 0.900080561638,
    "hpcp": {
        "mean": [0.26800262928, 0.265038311481, 0.206753462553, 0.201624304056, 0.189614623785, 0.139753177762, 0.125538378954, 0.130730286241, 0.110370725393, 0.0900983437896, 0.0877398625016, 0.0959562286735, 0.11580221355, 0.128908216953, 0.143190145493, 0.202288627625, 0.255843102932, 0.220202624798, 0.163593813777, 0.129851639271, 0.112336859107, 0.119165658951, 0.121865920722, 0.152387604117, 0.184095442295, 0.152109488845, 0.120433948934, 0.131217584014, 0.129430904984, 0.125712588429, 0.154566809535, 0.171813458204, 0.164269253612, 0.154377043247, 0.161863341928, 0.204075619578],
        "var": [0.105553098023, 0.104671947658, 0.0696273893118, 0.0760299563408, 0.0739959776402, 0.0443088337779, 0.0416517034173, 0.0469230897725, 0.0325866751373, 0.0219299439341, 0.0222036596388, 0.0265695154667, 0.0361492261291, 0.0429386869073, 0.0468949861825, 0.0723891183734, 0.101204395294, 0.0727583989501, 0.0544422008097, 0.0466279275715, 0.0389416366816, 0.0409197695553, 0.0394679047167, 0.0475038439035, 0.0719651132822, 0.0568509176373, 0.0426229052246, 0.0496731698513, 0.0477553941309, 0.0463465489447, 0.0619139038026, 0.0600171685219, 0.0595976263285, 0.058991920203, 0.0595796778798, 0.0753741115332]
    },
    "chords_histogram": [21.8106994629, 0.514403283596, 0.925925910473, 0, 0, 3.49794244766, 0, 24.3827152252, 0.617283940315, 1.02880656719, 0, 0.102880656719, 4.73251008987, 0, 0, 0, 1.23456788063, 0, 0, 0, 0, 5.86419773102, 29.1152267456, 6.17283964157],
    "thpcp": [1, 0.988939225674, 0.771460592747, 0.752322137356, 0.70751029253, 0.521461963654, 0.468422204256, 0.487794786692, 0.411827027798, 0.336184561253, 0.327384322882, 0.358042120934, 0.432093560696, 0.480996102095, 0.53428632021, 0.754800915718, 0.954629063606, 0.821643531322, 0.61041867733, 0.48451629281, 0.419163286686, 0.444643616676, 0.454719126225, 0.568604886532, 0.686916530132, 0.567567169666, 0.449375987053, 0.489613056183, 0.482946395874, 0.46907222271, 0.576736152172, 0.641088724136, 0.612938940525, 0.576028108597, 0.603961765766, 0.761468708515],
    "chords_key": "G",
    "chords_scale": "minor",
    "key_key": "D",
    "key_scale": "minor"
}
}