{
"lowlevel": {
    "average_loudness": 0.864350140095,
    "barkbands_crest": {
        "mean": 11.9013996124,
        "var": 17.0697937012
    },
    "barkbands_flatness_db": {
        "mean": 0.289535969496,
        "var": 0.00870009697974
    },
    "barkbands_kurtosis": {
        "mean": 15.3301134109,
        "var": 4737.51318359
    },
    "barkbands_skewness": {
        "mean": 1.71004343033,
        "var": 4.56793165207
    },
    "barkbands_spread": {
        "mean": 6.82553482056,
        "var": 69.7503967285
    },
    "dissonance": {
        "mean": 0.417768150568,
        "var": 0.00229211268015
    },
    "dynamic_complexity": 5.50338220596,
    "erbbands_crest": {
        "mean": 10.1192293167,
        "var": 17.6684818268
    },
    "erbbands_flatness_db": {
        "mean": 0.270789295435,
        "var": 0.00571213802323
    },
    "erbbands_kurtosis": {
        "mean": 1.23938512802,
        "var": 19.8949584961
    },
    "erbbands_skewness": {
        "mean": 0.77429240942,
        "var": 0.629216253757
    },
    "erbbands_spread": {
        "mean": 20.0020751953,
        "var": 278.626190186
    },
    "hfc": {
        "mean": 7.76848983765,
        "var": 360.92074585
    },
    "melbands_crest": {
        "mean": 16.9701385498,
        "var": 30.1156005859
    },
    "melbands_flatness_db": {
        "mean": 0.406577855349,
        "var": 0.0133942812681
    },
    "melbands_kurtosis": {
        "mean": 16.2611885071,
        "var": 1507.23999023
    },
    "melbands_skewness": {
        "mean": 2.42025065422,
        "var": 2.32540130615
    },
    "melbands_spread": {
        "mean": 6.91794061661,
        "var": 56.7925682068
    },
    "pitch_salience": {
        "mean": 0.558345675468,
        "var": 0.0157123338431
    },
    "silence_rate_20dB": {
        "mean": 0.958805382252,
        "var": 0.0394975952804
    },
    "silence_rate_30dB": {
        "mean": 0.951596319675,
        "var": 0.0460603423417
    },
    "silence_rate_60dB": {
        "mean": 0.289392381907,
        "var": 0.20564289391
    },
    "spectral_centroid": {
        "mean": 444.151519775,
        "var": 145409.9375
    },
    "spectral_complexity": {
        "mean": 8.19258499146,
        "var": 51.053401947
    },
    "spectral_decrease": {
        "mean": -1.26419656965e-008,
        "var": 2.69872870863e-015
    },
    "spectral_energy": {
        "mean": 0.0484182760119,
        "var": 0.0390234068036
    },
    "spectral_energyband_high": {
        "mean": 0.000105490958958,
        "var": 1.22339542941e-007
    },
    "spectral_energyband_low": {
        "mean": 0.0388294607401,
        "var": 0.0384276732802
    },
    "spectral_energyband_middle_high": {
        "mean": 0.000951090420131,
        "var": 9.21263927012e-006
    },
    "spectral_energyband_middle_low": {
        "mean": 0.0100460881367,
        "var": 0.000160200113896
    },
    "spectral_entropy": {
        "mean": 6.16360139847,
        "var": 0.566111683846
    },
    "spectral_flux": {
        "mean": 0.0813678726554,
        "var": 0.0236587170511
    },
    "spectral_kurtosis": {
        "mean": 56.0793075562,
        "var": 2267.05712891
    },
    "spectral_rms": {
        "mean": 0.00407882779837,
        "var": 3.06005022139e-005
    },
    "spectral_rolloff": {
        "mean": 515.101623535,
        "var": 589108.75
    },
    "spectral_skewness": {
        "mean": 5.17348003387,
        "var": 6.25298786163
    },
    "spectral_spread": {
        "mean": 2183581.25,
        "var": 4.51880052326e+012
    },
    "spectral_strongpeak": {
        "mean": 0.528390824795,
        "var": 0.352564752102
    },
    "zerocrossingrate": {
        "mean": 0.0213667042553,
        "var": 0.000463068659883
    },
    "barkbands": {
        "mean": [0.00130233133677, 0.0302311591804, 0.00586296292022, 0.00309052621014, 0.00290366983972, 0.00173256383277, 0.00103121635038, 0.000586582580581, 0.000539845088497, 0.000277060607914, 0.00018264100072, 0.000181954397704, 7.37194131943e-005, 7.24374840502e-005, 6.13495067228e-005, 5.08135271957e-005, 3.55316697096e-005, 5.13704908371e-005, 3.30066395691e-005, 2.56260300375e-005, 3.34820651915e-005, 1.93480482267e-005, 1.44523119161e-005, 1.07431369543e-005, 7.95216055849e-006, 5.81966924074e-006, 2.08739649565e-007],
        "var": [2.27198561333e-005, 0.0271648149937, 0.00124101992697, 2.46784748015e-005, 1.94833937712e-005, 2.6317740776e-005, 9.22933486436e-006, 6.35390915704e-006, 1.08260178422e-006, 5.14783266681e-007, 1.85421328069e-007, 9.81930725175e-007, 6.03036482971e-008, 9.75868132969e-008, 5.54958887733e-008, 4.36194085296e-008, 2.63359662966e-008, 5.61763862095e-008, 1.73966618888e-008, 8.81315287415e-009, 1.45634011517e-008, 4.73558836589e-009, 2.44198172794e-009, 1.1674528011e-009, 7.04970359866e-010, 4.02866989768e-010, 6.53211696972e-013]
    },
    "erbbands": {
        "mean": [0.786564528942, 6.88352060318, 9.62325954437, 8.23005008698, 10.8803911209, 7.76736211777, 7.76549386978, 17.8034572601, 17.238035202, 17.1600551605, 8.97256278992, 11.8474340439, 11.2624826431, 6.31717205048, 7.50441789627, 7.76217317581, 3.5942928791, 3.7262866497, 3.12430500984, 3.65220093727, 2.33573436737, 2.06621217728, 2.53713440895, 2.14231133461, 1.56668484211, 1.24204409122, 1.29505598545, 1.17720675468, 0.741922140121, 0.661403775215, 0.327365249395, 0.232801511884, 0.179782345891, 0.113566994667, 0.0419679395854, 0.0322982631624, 0.00873630493879, 0.00104928342625, 4.77861140098e-005, 5.38016829523e-005],
        "var": [20.740228653, 1555.86193848, 3647.08666992, 324.099182129, 245.733810425, 145.015335083, 258.703887939, 3267.22607422, 2562.17797852, 7778.66015625, 500.804016113, 605.621154785, 799.129394531, 259.483551025, 551.859680176, 1839.26416016, 144.311126709, 200.571243286, 154.281845093, 211.094146729, 97.6864318848, 87.4918136597, 128.148330688, 89.3151550293, 39.4358024597, 20.8372325897, 22.3307323456, 17.3027572632, 6.68147850037, 5.19780063629, 1.23002481461, 0.551021158695, 0.343345224857, 0.14950324595, 0.0188773330301, 0.0118193598464, 0.000932563096285, 1.44971845657e-005, 1.97143101843e-008, 4.58602222864e-008]
    },
    "gfcc": {
        "mean": [-177.214233398, 191.656234741, -76.237663269, -12.1930780411, -48.4634552002, 1.00223112106, -26.2333297729, -9.52693557739, -20.9237594604, -9.706990242, -13.2506608963, -10.1002864838, -6.6664056778],
        "cov": [[13051.5615234, -5002.85009766, -473.14151001, 2315.01538086, -1521.92944336, 892.151916504, -581.471984863, 629.385009766, 41.5148849487, 607.055664063, -343.106719971, 443.333312988, -150.489700317], [-5002.85009766, 3663.51708984, 126.230476379, -1422.53039551, 1085.3795166, -483.366821289, 372.189453125, -448.234558105, 208.254348755, -457.98739624, 300.424438477, -310.179931641, 246.275024414], [-473.14151001, 126.230476379, 874.233947754, 45.5717658997, 93.3575134277, 235.139175415, 187.020690918, 74.4516906738, 35.8354415894, 56.5610961914, 10.7528991699, -5.78738021851, 3.87549209595], [2315.01538086, -1422.53039551, 45.5717658997, 972.019836426, -391.062225342, 213.712661743, 26.9145946503, 173.548828125, -39.6949462891, 152.950241089, -58.8275260925, 60.3428115845, -65.8319854736], [-1521.92944336, 1085.3795166, 93.3575134277, -391.062225342, 598.539611816, -137.316314697, 159.213272095, -50.8790397644, 75.0140075684, -100.034248352, 61.9200820923, -28.6537513733, 84.4070663452], [892.151916504, -483.366821289, 235.139175415, 213.712661743, -137.316314697, 261.506469727, -11.4200553894, 73.3421630859, 26.8996906281, 81.9165115356, -34.1893157959, 31.6422767639, 1.13591325283], [-581.471984863, 372.189453125, 187.020690918, 26.9145946503, 159.213272095, -11.4200553894, 218.918945313, -7.99624681473, 15.8401050568, -22.5020523071, 57.42137146, -50.9075737, 9.95874786377], [629.385009766, -448.234558105, 74.4516906738, 173.548828125, -50.8790397644, 73.3421630859, -7.99624681473, 149.268997192, 12.3198728561, 87.7749023438, -46.2032089233, 69.8104553223, -32.9097862244], [41.5148849487, 208.254348755, 35.8354415894, -39.6949462891, 75.0140075684, 26.8996906281, 15.8401050568, 12.3198728561, 141.96321106, -6.5799574852, 42.1221466064, -10.254611969, 66.5030822754], [607.055664063, -457.98739624, 56.5610961914, 152.950241089, -100.034248352, 81.9165115356, -22.5020523071, 87.7749023438, -6.5799574852, 140.686889648, -2.1050028801, 81.0029830933, -35.195224762], [-343.106719971, 300.424438477, 10.7528991699, -58.8275260925, 61.9200820923, -34.1893157959, 57.42137146, -46.2032089233, 42.1221466064, -2.1050028801, 130.847610474, 10.0009670258, 37.0979881287], [443.333312988, -310.179931641, -5.78738021851, 60.3428115845, -28.6537513733, 31.6422767639, -50.9075737, 69.8104553223, -10.254611969, 81.0029830933, 10.0009670258, 133.621414185, 3.4944024086], [-150.489700317, 246.275024414, 3.87549209595, -65.8319854736, 84.4070663452, 1.13591325283, 9.95874786377, -32.9097862244, 66.5030822754, -35.195224762, 37.0979881287, 3.4944024086, 100.227127075]],
        "icov": [[0.000237491680309, -0.000124019381474, 0.000259178224951, -0.000476253364468, 0.000196570050321, -0.000559840060305, 0.000303505250486, -0.000126617815113, -0.00033345510019, -0.000109085711301, 0.000346625951352, -0.000483128271298, 0.000179052585736], [-0.000124019381474, 0.0072710509412, -0.00139925768599, 0.00586296571419, -0.00430044950917, 0.00371547602117, -0.00513223651797, 0.00522803142667, -0.00369051820599, 0.00544941425323, -0.00568937743083, 0.00498563237488, -0.0020468479488], [0.000259178224951, -0.00139925768599, 0.00285159633495, -0.000839322223328, 0.000880260253325, -0.00381302740425, -0.00102671561763, -0.00186054315418, 0.000696629751474, -0.00106483674608, 0.00133127300069, -0.00135129119735, 0.000677015457768], [-0.000476253364468, 0.00586296571419, -0.000839322223328, 0.00764969177544, -0.00215258053504, 0.00263291154988, -0.00663456693292, 0.00214693811722, -0.00166378496215, 0.00410566153005, -0.00480720074847, 0.00478005502373, -0.00275889434852], [0.000196570050321, -0.00430044950917, 0.000880260253325, -0.00215258053504, 0.00686866510659, -0.00116512679961, -0.000636055017821, -0.00367493717931, 0.000557860475965, -0.00201918091625, 0.00504308380187, -0.0053020240739, -0.000261589331785], [-0.000559840060305, 0.00371547602117, -0.00381302740425, 0.00263291154988, -0.00116512679961, 0.0120712239295, -0.00181998929475, 0.00361398095265, -0.00309379259124, -0.000394281640183, -0.00094644841738, 0.00360856647603, -0.00374257215299], [0.000303505250486, -0.00513223651797, -0.00102671561763, -0.00663456693292, -0.000636055017821, -0.00181998929475, 0.0165783185512, -0.00725760590285, 0.00581384217367, -0.00427572522312, -0.00278350221924, 0.00365855963901, 0.000818062224425], [-0.000126617815113, 0.00522803142667, -0.00186054315418, 0.00214693811722, -0.00367493717931, 0.00361398095265, -0.00725760590285, 0.0269945245236, -0.0128408214077, -0.000706296530552, 0.00692976592109, -0.00826730113477, 0.00708002503961], [-0.00033345510019, -0.00369051820599, 0.000696629751474, -0.00166378496215, 0.000557860475965, -0.00309379259124, 0.00581384217367, -0.0128408214077, 0.0195627305657, -0.00421618390828, -0.00534022599459, 0.00782936997712, -0.0105381468311], [-0.000109085711301, 0.00544941425323, -0.00106483674608, 0.00410566153005, -0.00201918091625, -0.000394281640183, -0.00427572522312, -0.000706296530552, -0.00421618390828, 0.0234415084124, -0.0077588390559, -0.00457585137337, 0.00514235207811], [0.000346625951352, -0.00568937743083, 0.00133127300069, -0.00480720074847, 0.00504308380187, -0.00094644841738, -0.00278350221924, 0.00692976592109, -0.00534022599459, -0.0077588390559, 0.0222083646804, -0.0129417805001, 0.0026567094028], [-0.000483128271298, 0.00498563237488, -0.00135129119735, 0.00478005502373, -0.0053020240739, 0.00360856647603, 0.00365855963901, -0.00826730113477, 0.00782936997712, -0.00457585137337, -0.0129417805001, 0.0268056523055, -0.0113840103149], [0.000179052585736, -0.0020468479488, 0.000677015457768, -0.00275889434852, -0.000261589331785, -0.00374257215299, 0.000818062224425, 0.00708002503961, -0.0105381468311, 0.00514235207811, 0.0026567094028, -0.0113840103149, 0.0241551324725]]
    },
    "melbands": {
        "mean": [0.00789704360068, 0.0067222667858, 0.00152518681716, 0.000682145473547, 0.000292318931315, 0.000394082278945, 0.000242401772994, 0.000178827263881, 7.01404933352e-005, 7.71638515289e-005, 5.4792049923e-005, 2.41244651988e-005, 2.2253854695e-005, 2.65193175437e-005, 1.00019751699e-005, 7.84133681009e-006, 6.92782532496e-006, 4.98890585732e-006, 5.14439352628e-006, 4.20604692408e-006, 2.46775766755e-006, 2.20943957174e-006, 1.95986808649e-006, 2.51638698501e-006, 1.64796949775e-006, 1.20289496408e-006, 9.49581817622e-007, 7.96920858193e-007, 7.25498182419e-007, 9.93412982098e-007, 5.24442612004e-007, 4.11898582797e-007, 3.8735504404e-007, 3.71270118649e-007, 1.9084137648e-007, 1.43053711099e-007, 1.38456144327e-007, 1.29437111696e-007, 1.1630472585e-007, 8.40853715545e-008],
        "var": [0.0018029185012, 0.00164234219119, 9.40239442571e-006, 9.45356077864e-007, 3.31316982738e-007, 1.45933222484e-006, 4.84834572489e-007, 8.61538637764e-007, 1.64052895713e-008, 2.96385795906e-008, 1.97473646324e-008, 4.20298773562e-009, 3.15593173816e-009, 2.00659737715e-008, 1.79076087292e-009, 7.6755968248e-010, 7.83963005624e-010, 4.39304398414e-010, 3.75025399624e-010, 2.93737728585e-010, 1.25723001454e-010, 1.09195957831e-010, 6.49252457352e-011, 1.48584561321e-010, 5.31682302352e-011, 2.44309641961e-011, 1.27635853275e-011, 8.70055156393e-012, 7.0967043006e-012, 1.35089890663e-011, 3.42207338855e-012, 1.98825352883e-012, 2.15579767579e-012, 1.6467389518e-012, 4.421079388e-013, 2.07106169237e-013, 1.9503182977e-013, 1.7761439292e-013, 1.54487723612e-013, 8.3172712966e-014]
    },
    "mfcc": {
        "mean": [-818.512878418, 209.989135742, 42.9080657959, -2.24789428711, -1.39535439014, 8.03861904144, -0.11291026324, -0.95896679163, -1.03553819656, -2.77263355255, -6.47815465927, -1.88560009003, -6.43402385712],
        "cov": [[9619.49902344, -2841.92138672, -1223.71533203, 1279.36645508, -242.048324585, -110.93132782, -189.014602661, -22.0478649139, 92.4654159546, 187.0078125, 18.5813140869, 75.627822876, 109.104408264], [-2841.92138672, 2570.13378906, 180.103866577, -764.337158203, 318.411254883, 75.2362670898, -60.6683731079, 15.2587270737, 48.1902618408, -64.4579925537, -130.138397217, 24.1112976074, -31.8476638794], [-1223.71533203, 180.103866577, 699.510437012, -2.02803397179, -19.4000377655, 124.949226379, 201.49621582, 62.7310638428, 30.3629169464, 39.5177383423, 83.0007629395, 33.2564620972, 3.32880425453], [1279.36645508, -764.337158203, -2.02803397179, 485.329040527, -50.9226951599, 34.8417892456, 71.3921966553, 61.2831077576, 23.2472133636, 69.1256713867, 61.0486183167, 5.47331905365, 23.8693256378], [-242.048324585, 318.411254883, -19.4000377655, -50.9226951599, 164.693847656, 48.6943664551, -12.9421987534, 33.5894508362, 59.840297699, 5.0408449173, -16.4207057953, -12.6108236313, 11.3670158386], [-110.93132782, 75.2362670898, 124.949226379, 34.8417892456, 48.6943664551, 108.707366943, 78.3789367676, 31.7204456329, 28.7350883484, 30.7547740936, 12.9736785889, -0.617889523506, 10.7437372208], [-189.014602661, -60.6683731079, 201.49621582, 71.3921966553, -12.9421987534, 78.3789367676, 134.41204834, 48.805141449, -2.76585531235, 25.3235263824, 46.6358299255, 3.78429389, 3.43836355209], [-22.0478649139, 15.2587270737, 62.7310638428, 61.2831077576, 33.5894508362, 31.7204456329, 48.805141449, 74.5480804443, 42.9464645386, 15.4345664978, 21.8636054993, -3.89006328583, 8.55177021027], [92.4654159546, 48.1902618408, 30.3629169464, 23.2472133636, 59.840297699, 28.7350883484, -2.76585531235, 42.9464645386, 99.5934677124, 46.7808380127, -2.51899313927, -9.7794675827, 7.54699420929], [187.0078125, -64.4579925537, 39.5177383423, 69.1256713867, 5.0408449173, 30.7547740936, 25.3235263824, 15.4345664978, 46.7808380127, 74.98462677, 27.2040863037, -4.92312479019, -2.72186923027], [18.5813140869, -130.138397217, 83.0007629395, 61.0486183167, -16.4207057953, 12.9736785889, 46.6358299255, 21.8636054993, -2.51899313927, 27.2040863037, 85.8879547119, 35.6674690247, 12.8205480576], [75.627822876, 24.1112976074, 33.2564620972, 5.47331905365, -12.6108236313, -0.617889523506, 3.78429389, -3.89006328583, -9.7794675827, -4.92312479019, 35.6674690247, 96.1882019043, 29.7374744415], [109.104408264, -31.8476638794, 3.32880425453, 23.8693256378, 11.3670158386, 10.7437372208, 3.43836355209, 8.55177021027, 7.54699420929, -2.72186923027, 12.8205480576, 29.7374744415, 58.4783973694]],
        "icov": [[0.000307923008222, 0.000105350758531, 0.000598809623625, -0.000594137236476, 0.000364818348316, -0.000253600795986, -0.000140914038639, 0.000430029525887, -0.000711219559889, -8.90264927875e-005, 0.000245496426942, -0.000511542719323, -9.36701835599e-005], [0.000105350758531, 0.00157443690114, -0.000557278457563, 0.00216384069063, -0.00224014185369, -0.0005693907151, 0.00176850694697, -0.00382025307044, 0.00341559224762, -0.00334977242164, 0.00294909859076, -0.00203058356419, 0.000593451492023], [0.000598809623625, -0.000557278457563, 0.00475203851238, -0.00160397088621, 0.00276094581932, -0.000585898582358, -0.00689681107178, 0.00512799667194, -0.00709047680721, 0.00359727325849, -0.00243989587761, -0.000733778229915, 0.000180617818842], [-0.000594137236476, 0.00216384069063, -0.00160397088621, 0.00803701579571, -0.00261008506641, -0.00109805492684, 0.00293323863298, -0.0102792968974, 0.00817551743239, -0.00791428796947, 0.00338732171804, -0.00162596302107, -0.000201670307433], [0.000364818348316, -0.00224014185369, 0.00276094581932, -0.00261008506641, 0.0169473700225, -0.00987346563488, 0.00401638494805, 0.00110778945964, -0.0110339652747, 0.00885822344571, -0.00646148296073, 0.00370594207197, -0.00150250550359], [-0.000253600795986, -0.0005693907151, -0.000585898582358, -0.00109805492684, -0.00987346563488, 0.0300721842796, -0.0223678760231, 0.00964701734483, -0.00419392297044, -0.0043991249986, 0.00601707445458, -0.00101792858914, -0.0035217194818], [-0.000140914038639, 0.00176850694697, -0.00689681107178, 0.00293323863298, 0.00401638494805, -0.0223678760231, 0.043824557215, -0.0289954524487, 0.0237092599273, -0.0112395239994, -0.00148354982957, 0.00129337969702, 0.00149817252532], [0.000430029525887, -0.00382025307044, 0.00512799667194, -0.0102792968974, 0.00110778945964, 0.00964701734483, -0.0289954524487, 0.053200032562, -0.0365610197186, 0.0255063604563, -0.0140865817666, 0.00609781173989, -0.001148702926], [-0.000711219559889, 0.00341559224762, -0.00709047680721, 0.00817551743239, -0.0110339652747, -0.00419392297044, 0.0237092599273, -0.0365610197186, 0.049804084003, -0.0341847166419, 0.0156020391732, -0.003953860607, -0.00230700080283], [-8.90264927875e-005, -0.00334977242164, 0.00359727325849, -0.00791428796947, 0.00885822344571, -0.0043991249986, -0.0112395239994, 0.0255063604563, -0.0341847166419, 0.0450953543186, -0.0200510900468, 0.00762641988695, 0.00441305479035], [0.000245496426942, 0.00294909859076, -0.00243989587761, 0.00338732171804, -0.00646148296073, 0.00601707445458, -0.00148354982957, -0.0140865817666, 0.0156020391732, -0.0200510900468, 0.0301710739732, -0.0118105346337, -0.00135340669658], [-0.000511542719323, -0.00203058356419, -0.000733778229915, -0.00162596302107, 0.00370594207197, -0.00101792858914, 0.00129337969702, 0.00609781173989, -0.003953860607, 0.00762641988695, -0.0118105346337, 0.0188913717866, -0.00709927314892], [-9.36701835599e-005, 0.000593451492023, 0.000180617818842, -0.000201670307433, -0.00150250550359, -0.0035217194818, 0.00149817252532, -0.001148702926, -0.00230700080283, 0.00441305479035, -0.00135340669658, -0.00709927314892, 0.0230992734432]]
    },
    "spectral_contrast_coeffs": {
        "mean": [-0.584375858307, -0.749981284142, -0.786922156811, -0.796895980835, -0.840079307556, -0.823151230812],
        "var": [0.00630987249315, 0.0059785656631, 0.00324559258297, 0.00214680703357, 0.00137670314871, 0.00208723242395]
    },
    "spectral_contrast_valleys": {
        "mean": [-7.84530973434, -7.04417896271, -7.99974489212, -9.41886329651, -10.2554779053, -12.9699068069],
        "var": [1.17604196072, 0.70594727993, 0.727427721024, 1.21142983437, 2.28575634956, 3.46836328506]
    }
},
"metadata": {
    "audio_properties": {
        "analysis_sample_rate": 44100,
        "bit_rate": 128074,
        "equal_loudness": 0,
        "length": 45.0612258911,
        "lossless": 0,
        "replay_gain": -6.15379333496,
        "sample_rate": 44100,
        "codec": "mp3",
        "downmix": "mix",
        "md5_encoded": "c05542735b96ff5f8f1b0d2c7029a2ee"
    },
    "tags": {
        "file_name": "1593.mp3"
    },
    "version": {
        "essentia": "2.1-beta2",
        "essentia_git_sha": "v2.1_beta2",
        "extractor": "music 1.0"
    }
},
"rhythm": {
    "beats_count": 67,
    "beats_loudness": {
        "mean": 0.272426664829,
        "var": 0.181202739477
    },
    "bpm": 89.6146697998,
    "bpm_histogram_first_peak_bpm": {
        "mean": 89,
        "var": 0
    },
    "bpm_histogram_first_peak_spread": {
        "mean": 0.359375029802,
        "var": 0
    },
    "bpm_histogram_first_peak_weight": {
        "mean": 0.621212124825,
        "var": 0
    },
    "bpm_histogram_second_peak_bpm": {
        "mean": 94,
        "var": 0
    },
    "bpm_histogram_second_peak_spread": {
        "mean": 0.5,
        "var": 0
    },
    "bpm_histogram_second_peak_weight": {
        "mean": 0.0151515156031,
        "var": 0
    },
    "danceability": 1.72359776497,
    "onset_rate": 2.99457359314,
    "beats_loudness_band_ratio": {
        "mean": [0.532190144062, 0.238091349602, 0.162668034434, 0.0784779563546, 0.0459764115512, 0.0257073361427],
        "var": [0.127008810639, 0.0474267937243, 0.0231360252947, 0.00745298154652, 0.00432562176138, 0.00129319552798]
    },
    "beats_position": [0.66176867485, 1.33514738083, 2.00852608681, 2.68190479279, 3.35528349876, 4.02866220474, 4.71365070343, 5.38702917099, 6.06040811539, 6.74539661407, 7.4303855896, 8.10376358032, 8.77714252472, 9.45052146912, 10.1239004135, 10.7972784042, 11.4706573486, 12.1324262619, 12.7941951752, 13.4675731659, 14.1409521103, 14.8027210236, 15.4644899368, 16.1378688812, 16.7996368408, 17.4614048004, 18.1347846985, 18.8081626892, 19.4815406799, 20.1433105469, 20.8050785065, 21.4668483734, 22.1402263641, 22.7671642303, 23.405714035, 24.0907020569, 24.764081955, 25.4374599457, 26.1224479675, 26.7958278656, 27.4692058563, 28.142583847, 28.804353714, 29.4661216736, 30.1394996643, 30.8012695313, 31.4630374908, 32.1364173889, 32.8097953796, 33.4715652466, 34.1333312988, 34.8067131042, 35.480091095, 36.1418571472, 36.8036270142, 37.4653968811, 38.1271629333, 38.8005447388, 39.4739227295, 40.1356925964, 40.7974586487, 41.4708366394, 42.1326065063, 42.7943763733, 43.467754364, 44.1411323547, 44.8145103455]
},
"tonal": {
    "chords_changes_rate": 0.0380658432841,
    "chords_number_rate": 0.00411522621289,
    "chords_strength": {
        "mean": 0.588514268398,
        "var": 0.0115707740188
    },
    "hpcp_entropy": {
        "mean": 1.8750026226,
        "var": 0.628781318665
    },
    "key_strength": 0.803843438625,
    "tuning_diatonic_strength": 0.586283147335,
    "tuning_equal_tempered_deviation": 0.0731746479869,
    "tuning_frequency": 441.527557373,
    "tuning_nontempered_energy_ratio": 0.686912536621,
    "hpcp": {
        "mean": [0.0353687889874, 0.0428339056671, 0.0632354468107, 0.0917512848973, 0.0790454223752, 0.0448238328099, 0.0462829880416, 0.0692622438073, 0.141900390387, 0.21546676755, 0.153344660997, 0.0680291727185, 0.0594642423093, 0.0446871481836, 0.0287654362619, 0.0264078862965, 0.0581638403237, 0.29231184721, 0.486441731453, 0.282606363297, 0.0618287436664, 0.0386040620506, 0.0826572105289, 0.186644688249, 0.240552693605, 0.148436903954, 0.0516820959747, 0.0366685651243, 0.0397678352892, 0.122151680291, 0.240922883153, 0.22864381969, 0.203546628356, 0.185514196754, 0.09635835886, 0.0444852337241],
        "var": [0.00977801531553, 0.0166556444019, 0.019752766937, 0.0248516071588, 0.0193319320679, 0.0133472988382, 0.0186669006944, 0.0323282554746, 0.0455291979015, 0.0667760148644, 0.0369946844876, 0.020366160199, 0.0283554624766, 0.0173131413758, 0.00607718806714, 0.00358693371527, 0.0134126525372, 0.0938299745321, 0.18652176857, 0.0869533792138, 0.0197358094156, 0.0113939726725, 0.0269816629589, 0.0618481040001, 0.0981808528304, 0.0507231913507, 0.0134333288297, 0.0108581325039, 0.0100192455575, 0.0340876616538, 0.105995051563, 0.0695773586631, 0.0823921635747, 0.0919038504362, 0.032888378948, 0.0144877210259]
    },
    "chords_histogram": [8.84773635864, 65.9465026855, 0.925925910473, 0, 0, 0, 0, 0, 0, 0, 0, 0, 0, 0, 0, 0, 0, 0, 0, 0.514403283596, 0, 0, 1.54320991039, 22.2222213745],
    "thpcp": [1, 0.58096653223, 0.127104103565, 0.0793600976467, 0.169922113419, 0.383693814278, 0.494514912367, 0.305148363113, 0.106245197356, 0.0753812044859, 0.0817525163293, 0.251112669706, 0.495275944471, 0.470033317804, 0.418439894915, 0.381369829178, 0.198088183999, 0.0914502814412, 0.0727092027664, 0.0880555734038, 0.129995927215, 0.188617214561, 0.162497207522, 0.0921463593841, 0.0951460078359, 0.142385482788, 0.291710972786, 0.442944645882, 0.315237462521, 0.139850616455, 0.12224330008, 0.0918653681874, 0.0591343939304, 0.0542878732085, 0.11957000196, 0.600918531418],
    "chords_key": "C",
    "chords_scale": "minor",
    "key_key": "G#",
    "key_scale": "major"
}
}