{
"lowlevel": {
    "average_loudness": 0.920473635197,
    "barkbands_crest": {
        "mean": 13.7444581985,
        "var": 36.6375198364
    },
    "barkbands_flatness_db": {
        "mean": 0.198435083032,
        "var": 0.00704104779288
    },
    "barkbands_kurtosis": {
        "mean": 10.8375148773,
        "var": 335.342315674
    },
    "barkbands_skewness": {
        "mean": 1.76043832302,
        "var": 4.7225933075
    },
    "barkbands_spread": {
        "mean": 16.6299304962,
        "var": 224.27671814
    },
    "dissonance": {
        "mean": 0.44552603364,
        "var": 0.00257619470358
    },
    "dynamic_complexity": 3.53591251373,
    "erbbands_crest": {
        "mean": 11.516711235,
        "var": 60.8652305603
    },
    "erbbands_flatness_db": {
        "mean": 0.200309708714,
        "var": 0.0078119924292
    },
    "erbbands_kurtosis": {
        "mean": 3.02935528755,
        "var": 62.6075935364
    },
    "erbbands_skewness": {
        "mean": 0.339499026537,
        "var": 1.53046751022
    },
    "erbbands_spread": {
        "mean": 36.7720870972,
        "var": 624.010681152
    },
    "hfc": {
        "mean": 13.8446674347,
        "var": 412.161376953
    },
    "melbands_crest": {
        "mean": 15.5595464706,
        "var": 39.2974586487
    },
    "melbands_flatness_db": {
        "mean": 0.270266652107,
        "var": 0.00938916392624
    },
    "melbands_kurtosis": {
        "mean": 25.2645435333,
        "var": 1486.36279297
    },
    "melbands_skewness": {
        "mean": 2.90753436089,
        "var": 7.63206243515
    },
    "melbands_spread": {
        "mean": 19.0692462921,
        "var": 504.082763672
    },
    "pitch_salience": {
        "mean": 0.478997945786,
        "var": 0.0234239529818
    },
    "silence_rate_20dB": {
        "mean": 1,
        "var": 0
    },
    "silence_rate_30dB": {
        "mean": 0.961380004883,
        "var": 0.0371272228658
    },
    "silence_rate_60dB": {
        "mean": 0.149845525622,
        "var": 0.127393260598
    },
    "spectral_centroid": {
        "mean": 1262.67297363,
        "var": 638160.8125
    },
    "spectral_complexity": {
        "mean": 12.7296600342,
        "var": 110.607658386
    },
    "spectral_decrease": {
        "mean": -7.29831617363e-009,
        "var": 8.66103827887e-017
    },
    "spectral_energy": {
        "mean": 0.0288012307137,
        "var": 0.00129796564579
    },
    "spectral_energyband_high": {
        "mean": 0.000864280387759,
        "var": 4.18913850808e-006
    },
    "spectral_energyband_low": {
        "mean": 0.0177289750427,
        "var": 0.000852754688822
    },
    "spectral_energyband_middle_high": {
        "mean": 0.00338187348098,
        "var": 4.17964802182e-005
    },
    "spectral_energyband_middle_low": {
        "mean": 0.00837087165564,
        "var": 0.000204218624276
    },
    "spectral_entropy": {
        "mean": 7.15708827972,
        "var": 0.538388431072
    },
    "spectral_flux": {
        "mean": 0.0832336395979,
        "var": 0.00585691025481
    },
    "spectral_kurtosis": {
        "mean": 6.48358011246,
        "var": 64.7134780884
    },
    "spectral_rms": {
        "mean": 0.00443298555911,
        "var": 8.44745682116e-006
    },
    "spectral_rolloff": {
        "mean": 1162.77111816,
        "var": 1912302.375
    },
    "spectral_skewness": {
        "mean": 1.56347501278,
        "var": 0.764800965786
    },
    "spectral_spread": {
        "mean": 3851655.25,
        "var": 2.8440943657e+012
    },
    "spectral_strongpeak": {
        "mean": 1.00516104698,
        "var": 1.96729886532
    },
    "zerocrossingrate": {
        "mean": 0.0455328561366,
        "var": 0.00104796176311
    },
    "barkbands": {
        "mean": [0.000521707930602, 0.0136901037768, 0.00204032310285, 0.00285065826029, 0.00237154983915, 0.00124414113816, 0.000440878531663, 0.000726477010176, 0.00061724788975, 0.000350186834112, 0.000360447855201, 0.000279963045614, 0.00135862175375, 0.0001907365222, 0.000198843088583, 0.000127112318296, 0.000226965421462, 8.85362678673e-005, 0.00014760880731, 0.000216183791053, 0.000362728227628, 0.000247726828093, 7.1381124144e-005, 4.23798264819e-005, 2.00140093511e-005, 7.53731865188e-006, 1.21922641938e-006],
        "var": [1.05695050934e-006, 0.00053393363487, 3.77847936761e-005, 9.73928981693e-005, 2.76132923318e-005, 3.72163776774e-006, 3.74396989855e-007, 1.66247514244e-006, 1.87331295365e-006, 1.24982068428e-006, 1.34043796152e-006, 7.80885102358e-007, 1.05652170532e-005, 2.64522441284e-007, 4.193974803e-007, 1.46533380985e-007, 2.10795462863e-007, 4.87163021035e-008, 8.03113806569e-008, 1.51515209268e-007, 7.76593537921e-007, 3.52092030198e-007, 2.66677702143e-008, 4.39710063915e-008, 4.4711097047e-009, 9.96232096817e-010, 7.64729737868e-011]
    },
    "erbbands": {
        "mean": [0.402269601822, 2.95440292358, 3.10846400261, 6.68719005585, 9.05326652527, 7.40434122086, 7.67772579193, 9.36276817322, 8.68845176697, 10.9610528946, 14.7612428665, 14.6084718704, 10.1153392792, 10.1063747406, 16.4998531342, 20.3413085938, 67.8425827026, 12.24771595, 10.6336212158, 8.52468013763, 10.6799430847, 9.24979114532, 4.63041353226, 7.9451918602, 7.13101482391, 10.7878046036, 14.0069360733, 12.7952127457, 10.9661254883, 4.02854681015, 1.86360454559, 1.14158332348, 0.591028571129, 0.226888805628, 0.151815801859, 0.0420144200325, 0.0110629089177, 0.0036813816987, 0.000134789952426, 3.61051315849e-005],
        "var": [0.573102891445, 24.7271633148, 44.4530105591, 506.094329834, 483.291381836, 269.043792725, 126.565673828, 226.805252075, 104.451087952, 472.203582764, 614.084350586, 995.041992188, 718.213378906, 1471.93664551, 2684.28466797, 1933.52124023, 26834.2109375, 683.473083496, 1255.75891113, 498.674316406, 585.665588379, 312.321472168, 108.576301575, 241.930892944, 209.318054199, 344.123748779, 995.451477051, 1049.12243652, 792.237365723, 85.5431976318, 17.5105419159, 22.9555492401, 9.56971645355, 0.543374300003, 0.298998504877, 0.0326368883252, 0.00188118428923, 0.000378284312319, 6.51939330965e-007, 2.06148809134e-009]
    },
    "gfcc": {
        "mean": [-70.6634902954, 121.86516571, -120.11138916, 37.9627685547, -57.4293136597, -2.53818774223, -18.0391311646, -5.69000911713, -17.7653141022, 8.97509384155, -8.79536056519, 0.249659568071, -6.16277599335],
        "cov": [[8932.89941406, -2257.65625, 1301.63916016, 2016.22424316, -374.341644287, 1388.8951416, -295.223388672, 774.725769043, -159.761199951, -21.3011188507, -439.588989258, 219.746124268, -62.0546722412], [-2257.65625, 1868.98535156, -562.272338867, -665.811157227, 465.184020996, -533.394165039, 223.115066528, -305.285308838, 179.098388672, -154.446472168, 232.225646973, -244.020645142, 75.8017578125], [1301.63916016, -562.272338867, 2153.34692383, 935.936828613, -205.901260376, 524.014343262, 21.0342578888, 572.541564941, 62.9120101929, 101.06804657, -189.739151001, 272.051971436, 69.3989868164], [2016.22424316, -665.811157227, 935.936828613, 1014.47283936, -39.4836540222, 379.216583252, 1.77920544147, 401.325836182, 6.65972328186, -24.6979579926, -162.696365356, 91.1403503418, 36.4428596497], [-374.341644287, 465.184020996, -205.901260376, -39.4836540222, 489.245239258, -22.6662483215, 117.805511475, -69.9608612061, 39.6615257263, -22.9886302948, 61.5615844727, -127.571914673, -1.49977326393], [1388.8951416, -533.394165039, 524.014343262, 379.216583252, -22.6662483215, 480.104553223, -25.4656448364, 192.410522461, -18.6772975922, 63.4931297302, -77.0270690918, 80.5491485596, -33.4284973145], [-295.223388672, 223.115066528, 21.0342578888, 1.77920544147, 117.805511475, -25.4656448364, 147.921859741, 7.17250299454, 48.4551391602, 7.57416343689, 35.1403579712, -46.2699432373, 4.59906148911], [774.725769043, -305.285308838, 572.541564941, 401.325836182, -69.9608612061, 192.410522461, 7.17250299454, 287.290222168, 50.669467926, 28.4102878571, -88.9563903809, 99.6894607544, 40.8413658142], [-159.761199951, 179.098388672, 62.9120101929, 6.65972328186, 39.6615257263, -18.6772975922, 48.4551391602, 50.669467926, 104.562522888, 20.38813591, 27.8385124207, 6.38371801376, 29.3956604004], [-21.3011188507, -154.446472168, 101.06804657, -24.6979579926, -22.9886302948, 63.4931297302, 7.57416343689, 28.4102878571, 20.38813591, 114.054962158, 21.7580337524, 61.7879714966, -9.7242231369], [-439.588989258, 232.225646973, -189.739151001, -162.696365356, 61.5615844727, -77.0270690918, 35.1403579712, -88.9563903809, 27.8385124207, 21.7580337524, 124.512672424, -18.1537322998, -0.472830623388], [219.746124268, -244.020645142, 272.051971436, 91.1403503418, -127.571914673, 80.5491485596, -46.2699432373, 99.6894607544, 6.38371801376, 61.7879714966, -18.1537322998, 163.474212646, 48.982208252], [-62.0546722412, 75.8017578125, 69.3989868164, 36.4428596497, -1.49977326393, -33.4284973145, 4.59906148911, 40.8413658142, 29.3956604004, -9.7242231369, -0.472830623388, 48.982208252, 81.8059921265]],
        "icov": [[0.000413201021729, -0.000299596897094, 0.000434502755525, -0.000886140798684, 0.00042185082566, -0.00104696268681, 0.000538618245628, -0.000233062863117, 0.00042356402264, -0.000377533986466, 0.00032632399234, 5.35967919859e-005, 5.59014551982e-005], [-0.000299596897094, 0.00391640514135, -0.00168486870825, 0.00288234255277, -0.00232401210815, 0.00217654765584, -0.00166890374385, 0.00153428164776, -0.00501069007441, 0.00597820430994, -0.00283932220191, 0.00132171425503, -0.00183293432929], [0.000434502755525, -0.00168486870825, 0.00214144377969, -0.00215379870497, 0.0013506525429, -0.00193884421606, 0.000398790492909, -0.00190436968114, 0.00220200233161, -0.00263366661966, 0.00155639543664, -0.00137210742105, 0.000920673308428], [-0.000886140798684, 0.00288234255277, -0.00215379870497, 0.00634315423667, -0.00243733380921, 0.00223395624198, -0.00193375779781, -0.00241213897243, -0.00215288484469, 0.0058886744082, -0.00241806893609, 0.00153818854596, -0.00162182643544], [0.00042185082566, -0.00232401210815, 0.0013506525429, -0.00243733380921, 0.00491810683161, -0.00268732081167, -0.000321312487358, -0.000246650422923, 0.00267482898198, -0.00423880387098, 0.000989071908407, 0.00228847004473, -0.00128289312124], [-0.00104696268681, 0.00217654765584, -0.00193884421606, 0.00223395624198, -0.00268732081167, 0.00751664629206, -0.00109136640094, -0.000171450927155, -0.00183828698937, 0.00158547481988, -0.00159551785327, -0.000762866984587, 0.00230442848988], [0.000538618245628, -0.00166890374385, 0.000398790492909, -0.00193375779781, -0.000321312487358, -0.00109136640094, 0.0123171694577, -0.00215577590279, -4.42303389718e-005, -0.00480335392058, -0.000979298609309, 0.00419391971081, -0.000661819358356], [-0.000233062863117, 0.00153428164776, -0.00190436968114, -0.00241213897243, -0.000246650422923, -0.000171450927155, -0.00215577590279, 0.0176180060953, -0.0100906016305, 0.00161049130838, 0.00493132416159, -0.00349664594978, -0.00171798712108], [0.00042356402264, -0.00501069007441, 0.00220200233161, -0.00215288484469, 0.00267482898198, -0.00183828698937, -4.42303389718e-005, -0.0100906016305, 0.0244061518461, -0.0107564181089, -0.00149524898734, 0.00251760729589, -0.00317135755904], [-0.000377533986466, 0.00597820430994, -0.00263366661966, 0.0058886744082, -0.00423880387098, 0.00158547481988, -0.00480335392058, 0.00161049130838, -0.0107564181089, 0.0264953263104, -0.00657105492428, -0.00787575077266, 0.00551365176216], [0.00032632399234, -0.00283932220191, 0.00155639543664, -0.00241806893609, 0.000989071908407, -0.00159551785327, -0.000979298609309, 0.00493132416159, -0.00149524898734, -0.00657105492428, 0.0169607084244, -0.00372252170928, 0.00167770578992], [5.35967919859e-005, 0.00132171425503, -0.00137210742105, 0.00153818854596, 0.00228847004473, -0.000762866984587, 0.00419391971081, -0.00349664594978, 0.00251760729589, -0.00787575077266, -0.00372252170928, 0.0216769445688, -0.0143068013713], [5.59014551982e-005, -0.00183293432929, 0.000920673308428, -0.00162182643544, -0.00128289312124, 0.00230442848988, -0.000661819358356, -0.00171798712108, -0.00317135755904, 0.00551365176216, 0.00167770578992, -0.0143068013713, 0.0260903760791]]
    },
    "melbands": {
        "mean": [0.00378806749359, 0.00251915561967, 0.00123996718321, 0.000591521617025, 0.000278094812529, 0.00022692681523, 0.000123394405819, 0.000132912929985, 0.000127878622152, 8.29379350762e-005, 4.93353036291e-005, 3.97410258302e-005, 5.13763006893e-005, 3.73187031073e-005, 0.000134790869197, 9.0897337941e-005, 1.86843008123e-005, 1.67397756741e-005, 1.34759147841e-005, 9.37751610763e-006, 1.49876941578e-005, 1.2345378309e-005, 3.93655409425e-006, 4.53084885521e-006, 6.81714163875e-006, 4.63008427687e-006, 6.0664119701e-006, 7.17786360838e-006, 7.58074247642e-006, 9.4552497103e-006, 6.99431302564e-006, 6.97729274179e-006, 3.37695928465e-006, 1.75669890723e-006, 1.08673702925e-006, 8.29377938771e-007, 6.3777321202e-007, 4.68101603701e-007, 2.355051123e-007, 1.70894892904e-007],
        "var": [4.39639188698e-005, 1.78617847268e-005, 1.45307212733e-005, 2.01886064133e-006, 1.64292856653e-007, 1.21240631756e-007, 2.24574598917e-008, 7.34902698696e-008, 4.91857683471e-008, 3.51354856321e-008, 1.88171753734e-008, 2.49350726733e-008, 2.93243722638e-008, 1.34055362366e-008, 8.96294949371e-008, 4.61017606312e-008, 2.34660491039e-009, 3.05606895346e-009, 1.89628912572e-009, 5.97767280119e-010, 1.08397968379e-009, 6.1902172277e-010, 8.49286543869e-011, 1.18799151072e-010, 1.74371656003e-010, 1.00532152048e-010, 1.33764388455e-010, 1.57606414031e-010, 3.06504016612e-010, 4.68322991498e-010, 3.47283229951e-010, 3.24086729675e-010, 6.29376134542e-011, 1.68562178104e-011, 5.75005494607e-012, 5.04866287665e-012, 9.94369083601e-012, 7.13640344735e-012, 7.40852258013e-013, 2.87120099831e-013]
    },
    "mfcc": {
        "mean": [-711.876953125, 141.36328125, 3.31977558136, 40.7434539795, -14.7106752396, 10.0403461456, 1.00908565521, -5.36646699905, -1.21004474163, 0.987149894238, 0.248823598027, 6.66566133499, 1.55099105835],
        "cov": [[8253.38476563, -2282.75537109, 629.362670898, 622.573242188, 319.550109863, 814.123168945, 87.016204834, 699.127380371, 274.412780762, 82.4406356812, -11.0531616211, -81.3662261963, -98.5905914307], [-2282.75537109, 1831.91357422, -408.005706787, -224.210830688, 36.9048347473, -233.090286255, 34.9155349731, -180.002090454, -70.5191116333, 30.8946819305, -27.1512565613, 27.0294818878, 53.0333747864], [629.362670898, -408.005706787, 1331.08544922, 505.490966797, 85.392250061, 239.629684448, 34.9955024719, 334.171966553, 249.404312134, 20.6450786591, 31.7778186798, 6.87160825729, 60.6879920959], [622.573242188, -224.210830688, 505.490966797, 552.805541992, 136.490585327, 137.894821167, 81.6400527954, 216.353637695, 187.848297119, 64.1481704712, 1.684684515, 42.9980697632, 7.96512269974], [319.550109863, 36.9048347473, 85.392250061, 136.490585327, 246.595443726, 116.137145996, 100.637893677, 82.1503448486, 58.3886756897, 61.9121170044, 1.88479244709, 32.2823448181, -32.6914291382], [814.123168945, -233.090286255, 239.629684448, 137.894821167, 116.137145996, 273.769348145, 65.3286437988, 144.752319336, 92.0809555054, 38.9732818604, 49.8991622925, 42.8684387207, 16.8493022919], [87.016204834, 34.9155349731, 34.9955024719, 81.6400527954, 100.637893677, 65.3286437988, 145.648117065, 34.8285903931, 27.9005336761, 45.2987670898, 18.4264602661, 26.3282966614, -28.7321014404], [699.127380371, -180.002090454, 334.171966553, 216.353637695, 82.1503448486, 144.752319336, 34.8285903931, 217.201599121, 132.703994751, 40.2598838806, 11.6975498199, 1.13484096527, 15.5644378662], [274.412780762, -70.5191116333, 249.404312134, 187.848297119, 58.3886756897, 92.0809555054, 27.9005336761, 132.703994751, 151.479629517, 50.8045158386, 8.89175224304, 16.0283584595, 10.7001829147], [82.4406356812, 30.8946819305, 20.6450786591, 64.1481704712, 61.9121170044, 38.9732818604, 45.2987670898, 40.2598838806, 50.8045158386, 87.8731079102, 31.1512508392, 16.722858429, -17.0803985596], [-11.0531616211, -27.1512565613, 31.7778186798, 1.684684515, 1.88479244709, 49.8991622925, 18.4264602661, 11.6975498199, 8.89175224304, 31.1512508392, 85.0224304199, 42.8222885132, 14.8556480408], [-81.3662261963, 27.0294818878, 6.87160825729, 42.9980697632, 32.2823448181, 42.8684387207, 26.3282966614, 1.13484096527, 16.0283584595, 16.722858429, 42.8222885132, 96.3833389282, 37.5404472351], [-98.5905914307, 53.0333747864, 60.6879920959, 7.96512269974, -32.6914291382, 16.8493022919, -28.7321014404, 15.5644378662, 10.7001829147, -17.0803985596, 14.8556480408, 37.5404472351, 78.3135910034]],
        "icov": [[0.000320808961987, 0.000274242309388, 0.000204707554076, -0.00011646978237, 7.34610466679e-006, -0.000673114787787, 0.00018822812126, -0.000922277627978, 0.000546655850485, -0.000207630961086, 0.000439394032583, 0.000163590841112, 0.000189868136658], [0.000274242309388, 0.0010712838266, 0.000246851705015, 0.000236577136093, -0.00072843657108, 0.000348587956978, -0.000456317298813, -0.00022332718072, -8.60442014528e-005, -0.000711893197149, 0.000484080606839, 0.00057311943965, -0.00160775019322], [0.000204707554076, 0.000246851705015, 0.00175250356551, -0.00101524498314, -5.241711915e-005, -0.000583308108617, 4.65767952846e-005, -0.00143108947668, -0.000730574829504, 0.00131105538458, -0.000936273718253, 0.00135121145286, -0.000843492336571], [-0.00011646978237, 0.000236577136093, -0.00101524498314, 0.00464049773291, -0.000696301925927, 0.00146057805978, -0.00115565641318, -0.00145944359247, -0.00255960342474, -0.000538472260814, 0.00167717470322, -0.00264844787307, 0.000452784704976], [7.34610466679e-006, -0.00072843657108, -5.241711915e-005, -0.000696301925927, 0.00906777847558, -0.00322914915159, -0.00195247482043, -0.00215967465192, 0.00226256600581, -0.00330992788076, 0.00445665372536, -0.00423057563603, 0.00495842844248], [-0.000673114787787, 0.000348587956978, -0.000583308108617, 0.00146057805978, -0.00322914915159, 0.0102640381083, -0.00224259751849, -0.00160162709653, -0.00278614833951, 0.00207713851705, -0.0045514497906, -0.000957320909947, -0.00268476153724], [0.00018822812126, -0.000456317298813, 4.65767952846e-005, -0.00115565641318, -0.00195247482043, -0.00224259751849, 0.011928758584, -0.000832064135466, 0.00208051735535, -0.00210632523522, -0.000210110694752, -0.0028219926171, 0.00548567855731], [-0.000922277627978, -0.00022332718072, -0.00143108947668, -0.00145944359247, -0.00215967465192, -0.00160162709653, -0.000832064135466, 0.019234366715, -0.00931679084897, 0.000106225794298, -0.00232614250854, 0.00625815056264, -0.00569986319169], [0.000546655850485, -8.60442014528e-005, -0.000730574829504, -0.00255960342474, 0.00226256600581, -0.00278614833951, 0.00208051735535, -0.00931679084897, 0.0215049348772, -0.00901614781469, 0.00518213259056, -0.00313690118492, 0.00134782528039], [-0.000207630961086, -0.000711893197149, 0.00131105538458, -0.000538472260814, -0.00330992788076, 0.00207713851705, -0.00210632523522, 0.000106225794298, -0.00901614781469, 0.0240131020546, -0.0107192145661, 0.00125863333233, 0.00453623989597], [0.000439394032583, 0.000484080606839, -0.000936273718253, 0.00167717470322, 0.00445665372536, -0.0045514497906, -0.000210110694752, -0.00232614250854, 0.00518213259056, -0.0107192145661, 0.0232533104718, -0.0096135251224, 0.00115657434799], [0.000163590841112, 0.00057311943965, 0.00135121145286, -0.00264844787307, -0.00423057563603, -0.000957320909947, -0.0028219926171, 0.00625815056264, -0.00313690118492, 0.00125863333233, -0.0096135251224, 0.0238994657993, -0.0137287909165], [0.000189868136658, -0.00160775019322, -0.000843492336571, 0.000452784704976, 0.00495842844248, -0.00268476153724, 0.00548567855731, -0.00569986319169, 0.00134782528039, 0.00453623989597, 0.00115657434799, -0.0137287909165, 0.0276643391699]]
    },
    "spectral_contrast_coeffs": {
        "mean": [-0.668083071709, -0.73204523325, -0.787151515484, -0.766585409641, -0.79795473814, -0.706560015678],
        "var": [0.00860191322863, 0.00451663509011, 0.00355534278788, 0.0104963555932, 0.00330857210793, 0.00172143930104]
    },
    "spectral_contrast_valleys": {
        "mean": [-7.56609010696, -7.0285782814, -7.95222473145, -8.64126968384, -8.30627632141, -11.4568920135],
        "var": [2.33964180946, 0.928403913975, 1.15321469307, 1.45265567303, 1.62967157364, 2.8674685955]
    }
},
"metadata": {
    "audio_properties": {
        "analysis_sample_rate": 44100,
        "bit_rate": 128074,
        "equal_loudness": 0,
        "length": 45.0612258911,
        "lossless": 0,
        "replay_gain": -5.7332572937,
        "sample_rate": 44100,
        "codec": "mp3",
        "downmix": "mix",
        "md5_encoded": "e8aa42507b2ae852e9cdb20a13e2d3f3"
    },
    "tags": {
        "file_name": "1594.mp3"
    },
    "version": {
        "essentia": "2.1-beta2",
        "essentia_git_sha": "v2.1_beta2",
        "extractor": "music 1.0"
    }
},
"rhythm": {
    "beats_count": 67,
    "beats_loudness": {
        "mean": 0.0559386461973,
        "var": 0.00167987833265
    },
    "bpm": 90.0860900879,
    "bpm_histogram_first_peak_bpm": {
        "mean": 89,
        "var": 0
    },
    "bpm_histogram_first_peak_spread": {
        "mean": 0.523809492588,
        "var": 0
    },
    "bpm_histogram_first_peak_weight": {
        "mean": 0.454545468092,
        "var": 0
    },
    "bpm_histogram_second_peak_bpm": {
        "mean": 94,
        "var": 0
    },
    "bpm_histogram_second_peak_spread": {
        "mean": 0.5,
        "var": 0
    },
    "bpm_histogram_second_peak_weight": {
        "mean": 0.0151515156031,
        "var": 0
    },
    "danceability": 1.29384291172,
    "onset_rate": 3.61567044258,
    "beats_loudness_band_ratio": {
        "mean": [0.383370280266, 0.225650265813, 0.132705211639, 0.183131352067, 0.0434418916702, 0.0897974744439],
        "var": [0.0863994881511, 0.0179247912019, 0.00928510725498, 0.0362567082047, 0.00108089612331, 0.00792269781232]
    },
    "beats_position": [0.592108845711, 1.19582760334, 1.8111563921, 2.4497051239, 3.11147379875, 3.76163268089, 4.43501138687, 5.10838985443, 5.7701587677, 6.43192720413, 7.10530614853, 7.76707458496, 8.42884349823, 9.10222244263, 9.77560043335, 10.4257593155, 11.0991382599, 11.7725172043, 12.4342851639, 13.0960540771, 13.7694330215, 14.4312019348, 15.1045799255, 15.7663488388, 16.4397277832, 17.1014957428, 17.7632656097, 18.4366436005, 19.1100215912, 19.760181427, 20.4335594177, 21.1069393158, 21.7687072754, 22.430475235, 23.1038551331, 23.7656230927, 24.4273910522, 25.1007709503, 25.774148941, 26.435918808, 27.0976867676, 27.7710647583, 28.4444446564, 29.0946025848, 29.7679805756, 30.4413604736, 31.1147384644, 31.7881164551, 32.4614944458, 33.1232643127, 33.7850341797, 34.4468002319, 35.1085700989, 35.7703399658, 36.4321098328, 37.093875885, 37.755645752, 38.4290237427, 39.1024017334, 39.7641716003, 40.4259414673, 41.099319458, 41.7726974487, 42.4344673157, 43.0962333679, 43.7696151733, 44.4429931641]
},
"tonal": {
    "chords_changes_rate": 0.0226337444037,
    "chords_number_rate": 0.00411522621289,
    "chords_strength": {
        "mean": 0.570450007915,
        "var": 0.00498296506703
    },
    "hpcp_entropy": {
        "mean": 1.90269196033,
        "var": 0.493862450123
    },
    "key_strength": 0.596571683884,
    "tuning_diatonic_strength": 0.543583512306,
    "tuning_equal_tempered_deviation": 0.0430935323238,
    "tuning_frequency": 441.782684326,
    "tuning_nontempered_energy_ratio": 0.657530546188,
    "hpcp": {
        "mean": [0.123340800405, 0.0819581449032, 0.05156442523, 0.0474365577102, 0.0476246885955, 0.0608395896852, 0.0842486098409, 0.103982165456, 0.211711704731, 0.283638685942, 0.172873571515, 0.0696023851633, 0.0552115887403, 0.0631347298622, 0.0982722640038, 0.138019621372, 0.129407420754, 0.1744209975, 0.247100934386, 0.201466351748, 0.237837091088, 0.287315696478, 0.167933702469, 0.0974323228002, 0.0682734176517, 0.0275300219655, 0.0278497561812, 0.029794709757, 0.0429306514561, 0.181504428387, 0.28941732645, 0.168484777212, 0.060893509537, 0.0592009462416, 0.0733865574002, 0.114115767181],
        "var": [0.068047888577, 0.0343666374683, 0.0188080854714, 0.016690634191, 0.0184884946793, 0.0199013855308, 0.0349558852613, 0.0336732082069, 0.069543838501, 0.111106589437, 0.0553721860051, 0.0240745265037, 0.0174048133194, 0.0248479172587, 0.0373518951237, 0.0591348744929, 0.0501698628068, 0.0632044002414, 0.105093620718, 0.0792929381132, 0.0823379009962, 0.155039265752, 0.0437917746603, 0.0405213572085, 0.0200153887272, 0.00389438355342, 0.00499011389911, 0.00572052923962, 0.00647777086124, 0.0489713996649, 0.117172002792, 0.0458346419036, 0.0238449051976, 0.0241517070681, 0.0289940536022, 0.057068310678]
    },
    "chords_histogram": [27.6748962402, 0, 11.1111106873, 0, 0, 0, 0, 0, 0, 0, 0, 0, 0, 0, 0, 0, 0, 58.127571106, 0, 0, 0, 0.205761313438, 0, 2.88065838814],
    "thpcp": [1, 0.582151651382, 0.210400357842, 0.204552188516, 0.253566563129, 0.394294857979, 0.426169365644, 0.283183276653, 0.178166344762, 0.163903653622, 0.164553686976, 0.210214048624, 0.291097313166, 0.35928106308, 0.731510102749, 0.980033516884, 0.597315907478, 0.240491420031, 0.19076807797, 0.218144267797, 0.339552104473, 0.476887911558, 0.447130858898, 0.602662622929, 0.853787660599, 0.696110188961, 0.82177901268, 0.992738425732, 0.580247581005, 0.336649924517, 0.235899552703, 0.0951222330332, 0.0962269827724, 0.102947220206, 0.148334771395, 0.627137422562],
    "chords_key": "C",
    "chords_scale": "minor",
    "key_key": "C",
    "key_scale": "major"
}
}