{
"lowlevel": {
    "average_loudness": 0.986287236214,
    "barkbands_crest": {
        "mean": 11.0409545898,
        "var": 17.6502094269
    },
    "barkbands_flatness_db": {
        "mean": 0.17012013495,
        "var": 0.00796898826957
    },
    "barkbands_kurtosis": {
        "mean": 8.41829681396,
        "var": 259.199859619
    },
    "barkbands_skewness": {
        "mean": 1.77900922298,
        "var": 3.23453164101
    },
    "barkbands_spread": {
        "mean": 27.184589386,
        "var": 646.003051758
    },
    "dissonance": {
        "mean": 0.452892899513,
        "var": 0.00172609160654
    },
    "dynamic_complexity": 1.54131495953,
    "erbbands_crest": {
        "mean": 11.2736749649,
        "var": 44.8977470398
    },
    "erbbands_flatness_db": {
        "mean": 0.165361791849,
        "var": 0.00762967159972
    },
    "erbbands_kurtosis": {
        "mean": 2.0200009346,
        "var": 26.4108295441
    },
    "erbbands_skewness": {
        "mean": 0.238536983728,
        "var": 1.25871860981
    },
    "erbbands_spread": {
        "mean": 47.9188270569,
        "var": 1275.81604004
    },
    "hfc": {
        "mean": 43.6436195374,
        "var": 1954.15625
    },
    "melbands_crest": {
        "mean": 16.5317420959,
        "var": 29.192407608
    },
    "melbands_flatness_db": {
        "mean": 0.248668938875,
        "var": 0.0125040728599
    },
    "melbands_kurtosis": {
        "mean": 27.3050041199,
        "var": 1432.19506836
    },
    "melbands_skewness": {
        "mean": 3.47571086884,
        "var": 7.11197900772
    },
    "melbands_spread": {
        "mean": 22.3226966858,
        "var": 561.145385742
    },
    "pitch_salience": {
        "mean": 0.52738982439,
        "var": 0.0162463802844
    },
    "silence_rate_20dB": {
        "mean": 1,
        "var": 0
    },
    "silence_rate_30dB": {
        "mean": 0.992276012897,
        "var": 0.00766446394846
    },
    "silence_rate_60dB": {
        "mean": 0.00978372804821,
        "var": 0.0096878092736
    },
    "spectral_centroid": {
        "mean": 1154.51281738,
        "var": 750723.75
    },
    "spectral_complexity": {
        "mean": 16.8805351257,
        "var": 75.1420898438
    },
    "spectral_decrease": {
        "mean": -1.11419824478e-008,
        "var": 4.97523065718e-017
    },
    "spectral_energy": {
        "mean": 0.0460109747946,
        "var": 0.000721413409337
    },
    "spectral_energyband_high": {
        "mean": 0.00296226330101,
        "var": 1.92476327356e-005
    },
    "spectral_energyband_low": {
        "mean": 0.0230958219618,
        "var": 0.000558201631065
    },
    "spectral_energyband_middle_high": {
        "mean": 0.00875314604491,
        "var": 0.000195642147446
    },
    "spectral_energyband_middle_low": {
        "mean": 0.0165737457573,
        "var": 0.000237167143496
    },
    "spectral_entropy": {
        "mean": 7.43544721603,
        "var": 0.71950596571
    },
    "spectral_flux": {
        "mean": 0.124711029232,
        "var": 0.00305011658929
    },
    "spectral_kurtosis": {
        "mean": 8.57784080505,
        "var": 165.119598389
    },
    "spectral_rms": {
        "mean": 0.00636588176712,
        "var": 4.36426853412e-006
    },
    "spectral_rolloff": {
        "mean": 2388.34545898,
        "var": 10965103
    },
    "spectral_skewness": {
        "mean": 1.96846652031,
        "var": 1.45855259895
    },
    "spectral_spread": {
        "mean": 6178409.5,
        "var": 1.31558119834e+013
    },
    "spectral_strongpeak": {
        "mean": 1.44575119019,
        "var": 4.66811227798
    },
    "zerocrossingrate": {
        "mean": 0.0840892195702,
        "var": 0.00535713788122
    },
    "barkbands": {
        "mean": [0.00019996255287, 0.0080331992358, 0.00963135063648, 0.00788401346654, 0.00494430633262, 0.00118250679225, 0.000637981051113, 0.000485805299832, 0.00115982687566, 0.00175713526551, 0.00206722109579, 0.0021455315873, 0.00171281956136, 0.000283121451503, 0.000162448632182, 0.000159230839927, 0.000161994132213, 0.000127371371491, 0.00015414878726, 0.000354548450559, 0.000318479724228, 0.00038784352364, 0.000343811203493, 0.000432271132013, 0.000658855598886, 0.000571100565139, 5.4149353673e-005],
        "var": [7.56491189691e-008, 7.79976544436e-005, 0.000163966105902, 0.000168899758137, 3.5747543734e-005, 5.23904009242e-006, 1.6920738517e-006, 8.13905501218e-007, 1.11170011223e-005, 4.06588151236e-005, 3.81729005312e-005, 5.13036720804e-005, 3.20485196426e-005, 1.45215011571e-007, 4.76250576753e-008, 4.52723440958e-008, 3.77227351578e-008, 3.21001500936e-008, 6.08253216683e-008, 5.73968975459e-007, 2.36823424871e-007, 4.12446979681e-007, 2.87175794256e-007, 4.95319682159e-007, 1.32813931941e-006, 1.38391544624e-006, 2.05548804644e-008]
    },
    "erbbands": {
        "mean": [0.118475914001, 2.23918485641, 10.1357927322, 22.2903060913, 16.1098022461, 20.067735672, 12.4029331207, 9.7856388092, 9.70007419586, 8.53860855103, 11.8591594696, 24.478302002, 43.9351158142, 82.7904968262, 69.5562133789, 109.090240479, 87.1303482056, 25.6710414886, 10.55037117, 8.59710121155, 8.99504566193, 8.8184299469, 6.82917308807, 7.41573572159, 9.56558036804, 18.6174430847, 12.6924552917, 12.6811304092, 14.4883203506, 12.6115627289, 9.19024562836, 7.52634191513, 8.37764549255, 7.26098155975, 4.73920249939, 2.66958189011, 0.978846132755, 0.197203323245, 0.00560552580282, 0.000195641201572],
        "var": [0.0148464590311, 6.25020647049, 151.688903809, 1055.50720215, 366.915161133, 787.961181641, 325.551300049, 496.102996826, 395.314880371, 253.733398438, 528.033996582, 3676.30981445, 21053.7421875, 53031.0273438, 45166.0585938, 133073.375, 70343.4453125, 3189.47827148, 155.7159729, 125.35043335, 136.194854736, 128.416946411, 72.7073669434, 132.106933594, 240.512023926, 1776.28015137, 487.456756592, 357.137390137, 626.283752441, 404.79095459, 221.493530273, 132.026992798, 216.661361694, 169.050125122, 71.3219223022, 27.1522159576, 4.5099158287, 0.206471562386, 0.000181416224223, 9.68501936427e-008]
    },
    "gfcc": {
        "mean": [10.4925251007, 84.2322921753, -88.5930175781, 21.1154556274, -50.5703315735, 27.8634757996, -31.7503566742, -0.661796987057, -34.6514129639, -2.27110719681, -19.2929153442, -1.60599005222, -15.2941875458],
        "cov": [[7035.78515625, -4307.11083984, 934.733337402, 759.028198242, -999.327087402, 47.5115890503, -633.160827637, 403.900238037, -577.290710449, 570.017150879, -419.47253418, 518.591918945, -251.634185791], [-4307.11083984, 4829.11181641, -886.072387695, -405.25894165, 1090.20129395, -14.6363954544, 630.373718262, -339.541625977, 601.713989258, -670.028747559, 401.458953857, -504.674194336, 303.71295166], [934.733337402, -886.072387695, 1600.42614746, 602.541503906, -72.2069702148, 198.915985107, -93.6743850708, 140.218612671, -22.4988632202, 263.049041748, -180.67225647, 50.5689086914, -102.166870117], [759.028198242, -405.25894165, 602.541503906, 744.688232422, -36.8516387939, 41.8531494141, -45.3956108093, 49.6472473145, 16.382314682, 140.101348877, -46.7845802307, -44.465297699, -55.1462020874], [-999.327087402, 1090.20129395, -72.2069702148, -36.8516387939, 578.537109375, 185.607971191, 239.194335938, -59.7181434631, 155.253967285, -99.6201477051, 127.034675598, -119.062858582, 24.288766861], [47.5115890503, -14.6363954544, 198.915985107, 41.8531494141, 185.607971191, 325.211456299, 123.760726929, 58.3201637268, 13.4023694992, 61.0304489136, 0.792883813381, 12.8252019882, -44.5564575195], [-633.160827637, 630.373718262, -93.6743850708, -45.3956108093, 239.194335938, 123.760726929, 261.144256592, 21.9686717987, 91.8783416748, -95.4989242554, 68.7190322876, -65.7636413574, 31.3294010162], [403.900238037, -339.541625977, 140.218612671, 49.6472473145, -59.7181434631, 58.3201637268, 21.9686717987, 174.609817505, 25.1903610229, 39.0406455994, -76.5682601929, 57.2142982483, 3.9003663063], [-577.290710449, 601.713989258, -22.4988632202, 16.382314682, 155.253967285, 13.4023694992, 91.8783416748, 25.1903610229, 166.768432617, -50.9254760742, 26.527425766, -71.9250564575, 50.8071098328], [570.017150879, -670.028747559, 263.049041748, 140.101348877, -99.6201477051, 61.0304489136, -95.4989242554, 39.0406455994, -50.9254760742, 203.823028564, -24.4816703796, 62.1010742188, -71.0596008301], [-419.47253418, 401.458953857, -180.67225647, -46.7845802307, 127.034675598, 0.792883813381, 68.7190322876, -76.5682601929, 26.527425766, -24.4816703796, 123.214370728, -31.38073349, 7.10301113129], [518.591918945, -504.674194336, 50.5689086914, -44.465297699, -119.062858582, 12.8252019882, -65.7636413574, 57.2142982483, -71.9250564575, 62.1010742188, -31.38073349, 126.316452026, -5.34324455261], [-251.634185791, 303.71295166, -102.166870117, -55.1462020874, 24.288766861, -44.5564575195, 31.3294010162, 3.9003663063, 50.8071098328, -71.0596008301, 7.10301113129, -5.34324455261, 81.9159088135]],
        "icov": [[0.000422120385338, 7.2850700235e-005, 0.000124443249661, -0.000452438282082, -5.20336034242e-005, -7.50838589738e-005, 0.000402541831136, -0.000616826117039, 0.000797513115685, 1.5694540707e-005, 0.000306456291582, -0.000673542323057, 0.000175680237589], [7.2850700235e-005, 0.00216547888704, -0.000341629318427, 0.000417362578446, -0.000581324857194, -0.000710366410203, 9.38973171287e-005, 0.00195743166842, -0.00422059092671, 0.00395032856613, -0.00303578167222, 0.00214526220225, -0.00184551533312], [0.000124443249661, -0.000341629318427, 0.00143663131166, -0.00104768271558, -0.000240776746068, -0.00011974870722, -0.000317134254146, 0.000249186035944, 0.000521040987223, -0.00173601543065, 0.00297511881217, -0.00139478314668, 0.00067300722003], [-0.000452438282082, 0.000417362578446, -0.00104768271558, 0.00295534613542, 7.26790894987e-005, 0.000111557812488, -1.14177482828e-005, -0.000146310951095, -0.00122500117868, -0.00017574460071, -0.00218609510921, 0.003899267409, -0.00115268176887], [-5.20336034242e-005, -0.000581324857194, -0.000240776746068, 7.26790894987e-005, 0.0051685301587, -0.00253387587145, -0.000908760237508, 0.000966500374489, -0.00213554175571, 0.000803259317763, -0.00224174000323, 0.000120789045468, 0.00135850254446], [-7.50838589738e-005, -0.000710366410203, -0.00011974870722, 0.000111557812488, -0.00253387587145, 0.00760913128033, -0.00441792421043, -0.000520083936863, 0.00225656758994, -0.00446486007422, 0.00431863358244, -0.00298452144489, 0.00309156486765], [0.000402541831136, 9.38973171287e-005, -0.000317134254146, -1.14177482828e-005, -0.000908760237508, -0.00441792421043, 0.0130761116743, -0.00777504872531, 0.0018301064847, 0.00545957125723, -0.00852194987237, 0.00493933353573, -0.00161719880998], [-0.000616826117039, 0.00195743166842, 0.000249186035944, -0.000146310951095, 0.000966500374489, -0.000520083936863, -0.00777504872531, 0.0207352507859, -0.0138998720795, 0.0016132426681, 0.00909898802638, -0.00867328140885, 0.00114284991287], [0.000797513115685, -0.00422059092671, 0.000521040987223, -0.00122500117868, -0.00213554175571, 0.00225656758994, 0.0018301064847, -0.0138998720795, 0.027992952615, -0.011114382185, 0.00301896338351, 0.00608221627772, -0.00712276948616], [1.5694540707e-005, 0.00395032856613, -0.00173601543065, -0.00017574460071, 0.000803259317763, -0.00446486007422, 0.00545957125723, 0.0016132426681, -0.011114382185, 0.0218002796173, -0.0118688158691, -0.00010486372048, 0.00511372368783], [0.000306456291582, -0.00303578167222, 0.00297511881217, -0.00218609510921, -0.00224174000323, 0.00431863358244, -0.00852194987237, 0.00909898802638, 0.00301896338351, -0.0118688158691, 0.0290630497038, -0.0114783458412, 0.00483850203454], [-0.000673542323057, 0.00214526220225, -0.00139478314668, 0.003899267409, 0.000120789045468, -0.00298452144489, 0.00493933353573, -0.00867328140885, 0.00608221627772, -0.00010486372048, -0.0114783458412, 0.0282013528049, -0.0133012728766], [0.000175680237589, -0.00184551533312, 0.00067300722003, -0.00115268176887, 0.00135850254446, 0.00309156486765, -0.00161719880998, 0.00114284991287, -0.00712276948616, 0.00511372368783, 0.00483850203454, -0.0133012728766, 0.0290626678616]]
    },
    "melbands": {
        "mean": [0.00164222670719, 0.00464532943442, 0.00361392484047, 0.00125138182193, 0.000538794731256, 0.000218682704144, 0.000145509635331, 9.15750715649e-005, 9.03580803424e-005, 0.000174669738044, 0.000220917892875, 0.000331571121933, 0.000218860819587, 0.000260153436102, 0.000223893090151, 0.000164026030689, 3.35640797857e-005, 1.76200810529e-005, 1.14500116979e-005, 1.18107218441e-005, 1.00304832813e-005, 9.35806656344e-006, 7.35093999538e-006, 5.63367575523e-006, 5.8292880567e-006, 6.61612966724e-006, 8.59936517372e-006, 1.3188569028e-005, 7.99457848188e-006, 7.35350931791e-006, 7.04141575625e-006, 7.96625499788e-006, 7.90697504272e-006, 6.78119158692e-006, 5.64755600863e-006, 4.18294985138e-006, 4.76856212117e-006, 5.82664642934e-006, 5.79785410082e-006, 6.30564454696e-006],
        "var": [2.9608429486e-006, 2.83662793663e-005, 2.54784808931e-005, 1.99127384803e-006, 5.46514911548e-007, 2.2844037062e-007, 9.09144119987e-008, 2.60439492195e-008, 3.20595923142e-008, 2.18963435827e-007, 6.32437206605e-007, 9.10543349164e-007, 4.40938237034e-007, 6.35131470972e-007, 3.09234678753e-007, 3.90188006349e-007, 2.44813058714e-009, 4.79327355585e-010, 2.18146598008e-010, 2.50739207175e-010, 1.88994736527e-010, 1.71368613744e-010, 9.30539326149e-011, 6.0906245325e-011, 8.6529360066e-011, 1.41069989024e-010, 2.66842631325e-010, 9.66370428124e-010, 2.46555165173e-010, 1.34117883466e-010, 1.15614767759e-010, 2.06472575148e-010, 1.63813587695e-010, 1.19680612642e-010, 1.00410367521e-010, 4.10921748017e-011, 5.51153012118e-011, 1.02420266712e-010, 1.06701231184e-010, 1.44498649157e-010]
    },
    "mfcc": {
        "mean": [-644.547912598, 123.156898499, 19.7991600037, 9.51265239716, 7.08491849899, 19.0585861206, 11.6796760559, 4.08733034134, -2.98998737335, -5.25031852722, -2.48184776306, -1.493516922, -3.1297056675],
        "cov": [[6078.71191406, -3791.32373047, 749.986877441, 252.571578979, -325.713806152, -369.390350342, -196.977844238, -282.990478516, -85.2417068481, -203.944152832, -127.171096802, -70.7392501831, 82.7563476563], [-3791.32373047, 3995.3190918, -969.475158691, -127.917266846, 368.597198486, 317.229766846, 161.069473267, 367.63104248, 105.590248108, 138.222671509, 41.0287590027, 48.8996353149, -65.9035491943], [749.986877441, -969.475158691, 1320.37011719, 399.167449951, 100.403945923, 91.6751556396, -0.561267077923, -67.1033477783, 117.498886108, 82.6707839966, 42.9314956665, -22.1487350464, 4.52095174789], [252.571578979, -127.917266846, 399.167449951, 540.161437988, 132.033950806, 64.5350952148, -3.47406554222, -19.0474643707, 37.9024276733, 87.3219833374, 19.3614425659, 1.95735812187, -8.43743515015], [-325.713806152, 368.597198486, 100.403945923, 132.033950806, 275.246002197, 188.101318359, 82.7063140869, 50.3862571716, 64.8438873291, 66.4990234375, 61.7877311707, 55.4980621338, 10.346373558], [-369.390350342, 317.229766846, 91.6751556396, 64.5350952148, 188.101318359, 288.862182617, 162.51260376, 49.5173721313, 31.7408027649, 64.8119735718, 82.0991592407, 74.1018676758, 24.2233448029], [-196.977844238, 161.069473267, -0.561267077923, -3.47406554222, 82.7063140869, 162.51260376, 195.37512207, 88.5089569092, 25.6212177277, 29.9461212158, 46.0921173096, 60.9746780396, 32.9612693787], [-282.990478516, 367.63104248, -67.1033477783, -19.0474643707, 50.3862571716, 49.5173721313, 88.5089569092, 186.055450439, 110.44833374, 31.5887737274, -0.46314239502, 16.3759098053, 15.2560195923], [-85.2417068481, 105.590248108, 117.498886108, 37.9024276733, 64.8438873291, 31.7408027649, 25.6212177277, 110.44833374, 168.686721802, 69.2807922363, 9.72674560547, 0.728456199169, 10.4317560196], [-203.944152832, 138.222671509, 82.6707839966, 87.3219833374, 66.4990234375, 64.8119735718, 29.9461212158, 31.5887737274, 69.2807922363, 101.476455688, 42.3258895874, 11.7890338898, -0.577545583248], [-127.171096802, 41.0287590027, 42.9314956665, 19.3614425659, 61.7877311707, 82.0991592407, 46.0921173096, -0.46314239502, 9.72674560547, 42.3258895874, 83.070526123, 47.2374000549, 9.90003013611], [-70.7392501831, 48.8996353149, -22.1487350464, 1.95735812187, 55.4980621338, 74.1018676758, 60.9746780396, 16.3759098053, 0.728456199169, 11.7890338898, 47.2374000549, 76.5957260132, 34.302772522], [82.7563476563, -65.9035491943, 4.52095174789, -8.43743515015, 10.346373558, 24.2233448029, 32.9612693787, 15.2560195923, 10.4317560196, -0.577545583248, 9.90003013611, 34.302772522, 58.0084838867]],
        "icov": [[0.000463886273792, 0.000479896581965, 0.000141879165312, -0.000258140469668, -0.000158310169354, -6.19713464403e-005, 0.00018421432469, -0.000268627511105, -9.20700695133e-005, 0.000503413495608, 0.000237660991843, 0.000143401339301, -0.000248885975452], [0.000479896581965, 0.00105277681723, 0.000509775185492, -0.000149985251483, -0.00073564145714, -0.000698839663528, 0.000927142798901, -0.00163975101896, 0.000687064719386, -0.000340471946402, 0.000616328441538, 0.00022519340564, 0.000412050896557], [0.000141879165312, 0.000509775185492, 0.00159148266539, -0.000967606320046, -6.8629582529e-005, -0.000902026193216, 2.11348360608e-005, 0.000669658824336, -0.00167433905881, 0.00080718297977, -0.00071338750422, 0.00143028330058, -0.000102139980299], [-0.000258140469668, -0.000149985251483, -0.000967606320046, 0.00337810907513, -0.0016218777746, 0.000544956768863, 0.000503566581756, -0.000629294139799, 0.00218357751146, -0.00388371804729, 0.00202976632863, -0.0010469655972, 0.000547074945644], [-0.000158310169354, -0.00073564145714, -6.8629582529e-005, -0.0016218777746, 0.00923160556704, -0.00501390686259, 0.0013063820079, 0.00115556537639, -0.00344586092979, 0.00167439668439, -0.00106996798422, -0.00281201349571, 0.00104229897261], [-6.19713464403e-005, -0.000698839663528, -0.000902026193216, 0.000544956768863, -0.00501390686259, 0.0131801795214, -0.00856338534504, 0.00297431601211, 0.000538997119293, -0.00158362730872, -0.00271274289116, -0.00079399405513, -0.000262112356722], [0.00018421432469, 0.000927142798901, 2.11348360608e-005, 0.000503566581756, 0.0013063820079, -0.00856338534504, 0.0162968356162, -0.00965635944158, 0.00522482767701, -0.00196889135987, 0.000620158039965, -0.0034343637526, -0.00154962693341], [-0.000268627511105, -0.00163975101896, 0.000669658824336, -0.000629294139799, 0.00115556537639, 0.00297431601211, -0.00965635944158, 0.0191416908056, -0.0134621718898, 0.00458620861173, 0.00141123810317, -0.000522047805134, -8.44118185341e-005], [-9.20700695133e-005, 0.000687064719386, -0.00167433905881, 0.00218357751146, -0.00344586092979, 0.000538997119293, 0.00522482767701, -0.0134621718898, 0.0203547533602, -0.0121501358226, 0.00258319987915, 0.00076894526137, -0.00235574087128], [0.000503413495608, -0.000340471946402, 0.00080718297977, -0.00388371804729, 0.00167439668439, -0.00158362730872, -0.00196889135987, 0.00458620861173, -0.0121501358226, 0.0257121361792, -0.0119474921376, 0.0055678691715, -0.00027006000164], [0.000237660991843, 0.000616328441538, -0.00071338750422, 0.00202976632863, -0.00106996798422, -0.00271274289116, 0.000620158039965, 0.00141123810317, 0.00258319987915, -0.0119474921376, 0.0299102142453, -0.0170024484396, 0.00567820388824], [0.000143401339301, 0.00022519340564, 0.00143028330058, -0.0010469655972, -0.00281201349571, -0.00079399405513, -0.0034343637526, -0.000522047805134, 0.00076894526137, 0.0055678691715, -0.0170024484396, 0.0357484333217, -0.0156112499535], [-0.000248885975452, 0.000412050896557, -0.000102139980299, 0.000547074945644, 0.00104229897261, -0.000262112356722, -0.00154962693341, -8.44118185341e-005, -0.00235574087128, -0.00027006000164, 0.00567820388824, -0.0156112499535, 0.0276593025774]]
    },
    "spectral_contrast_coeffs": {
        "mean": [-0.585738122463, -0.775432169437, -0.73469543457, -0.77083003521, -0.806125819683, -0.791010737419],
        "var": [0.0087285079062, 0.00280426046811, 0.00902634393424, 0.00455607846379, 0.00227762968279, 0.0010342951864]
    },
    "spectral_contrast_valleys": {
        "mean": [-7.03904628754, -6.76045036316, -7.27081775665, -7.73830842972, -7.85399723053, -9.79640388489],
        "var": [1.33325052261, 0.635447263718, 0.656239748001, 0.670171678066, 1.25126862526, 2.65464806557]
    }
},
"metadata": {
    "audio_properties": {
        "analysis_sample_rate": 44100,
        "bit_rate": 128074,
        "equal_loudness": 0,
        "length": 45.0612258911,
        "lossless": 0,
        "replay_gain": -6.49258232117,
        "sample_rate": 44100,
        "codec": "mp3",
        "downmix": "mix",
        "md5_encoded": "57021f3fd06ddc50ad7e8e033332c6fd"
    },
    "tags": {
        "file_name": "1595.mp3"
    },
    "version": {
        "essentia": "2.1-beta2",
        "essentia_git_sha": "v2.1_beta2",
        "extractor": "music 1.0"
    }
},
"rhythm": {
    "beats_count": 110,
    "beats_loudness": {
        "mean": 0.0461969710886,
        "var": 0.000480773625895
    },
    "bpm": 148.837692261,
    "bpm_histogram_first_peak_bpm": {
        "mean": 148,
        "var": 0
    },
    "bpm_histogram_first_peak_spread": {
        "mean": 0.412371128798,
        "var": 0
    },
    "bpm_histogram_first_peak_weight": {
        "mean": 0.522935807705,
        "var": 0
    },
    "bpm_histogram_second_peak_bpm": {
        "mean": 140,
        "var": 0
    },
    "bpm_histogram_second_peak_spread": {
        "mean": 0.166666686535,
        "var": 0
    },
    "bpm_histogram_second_peak_weight": {
        "mean": 0.091743119061,
        "var": 0
    },
    "danceability": 2.28377485275,
    "onset_rate": 5.96696519852,
    "beats_loudness_band_ratio": {
        "mean": [0.435670018196, 0.222022712231, 0.0672640576959, 0.121079780161, 0.023906134069, 0.157502949238],
        "var": [0.10695347935, 0.0487252622843, 0.00392158469185, 0.0273370649666, 0.000549017277081, 0.0234107952565]
    },
    "beats_position": [0.383129239082, 0.789478421211, 1.18421769142, 1.59056687355, 1.99691605568, 2.39165520668, 2.79800438881, 3.20435357094, 3.59909296036, 3.99383211136, 4.38857126236, 4.78331041336, 5.18965959549, 5.59600877762, 5.99074840546, 6.39709758759, 6.80344676971, 7.19818592072, 7.60453510284, 8.01088428497, 8.4172334671, 8.82358264923, 9.22993183136, 9.64789104462, 10.077460289, 10.5070295334, 10.9365987778, 11.354557991, 11.7609071732, 12.1672563553, 12.5619955063, 12.9567346573, 13.3514738083, 13.7578229904, 14.1641721725, 14.5589113235, 14.9652605057, 15.3716096878, 15.7663488388, 16.1726989746, 16.5790481567, 16.9853973389, 17.391746521, 17.786485672, 18.2044448853, 18.6340141296, 19.0751914978, 19.5047607422, 19.9111099243, 20.3174591064, 20.7238082886, 21.1301574707, 21.5248966217, 21.9196376801, 22.3259868622, 22.7323360443, 23.1270751953, 23.5334243774, 23.9397735596, 24.3345127106, 24.7408618927, 25.1472110748, 25.5419502258, 25.948299408, 26.3546485901, 26.7726078033, 27.2021770477, 27.6433563232, 28.0729255676, 28.4792747498, 28.8856239319, 29.2803630829, 29.6751022339, 30.0698413849, 30.476190567, 30.8825397491, 31.3004989624, 31.6952381134, 32.0899772644, 32.4847145081, 32.8794555664, 33.2858047485, 33.6921539307, 34.0985031128, 34.5048522949, 34.9228096008, 35.3407707214, 35.7703399658, 36.1999092102, 36.6294784546, 37.0358276367, 37.4421768188, 37.848526001, 38.2432632446, 38.638004303, 39.0327415466, 39.4390907288, 39.8454399109, 40.2401809692, 40.6465301514, 41.0528793335, 41.4476165771, 41.8539657593, 42.2603149414, 42.6666641235, 43.0730133057, 43.467754364, 43.8624954224, 44.2688446045, 44.6751937866]
},
"tonal": {
    "chords_changes_rate": 0.0864197537303,
    "chords_number_rate": 0.00720164598897,
    "chords_strength": {
        "mean": 0.429795920849,
        "var": 0.0084629226476
    },
    "hpcp_entropy": {
        "mean": 2.22591614723,
        "var": 0.574786484241
    },
    "key_strength": 0.547677457333,
    "tuning_diatonic_strength": 0.419895321131,
    "tuning_equal_tempered_deviation": 0.0772056803107,
    "tuning_frequency": 440.254241943,
    "tuning_nontempered_energy_ratio": 0.75927823782,
    "hpcp": {
        "mean": [0.149307280779, 0.106897458434, 0.110026627779, 0.165751665831, 0.162205085158, 0.132479339838, 0.108990386128, 0.0879010036588, 0.13305567205, 0.173419713974, 0.128479018807, 0.0982375144958, 0.119426697493, 0.132494106889, 0.179366022348, 0.2501950562, 0.223759248853, 0.173780575395, 0.170577839017, 0.144148409367, 0.119644097984, 0.106483787298, 0.113684616983, 0.190070539713, 0.195150986314, 0.106689177454, 0.0971637815237, 0.129193127155, 0.123702190816, 0.151206061244, 0.161066263914, 0.0972908511758, 0.082421168685, 0.0875039324164, 0.0822743326426, 0.126559108496],
        "var": [0.0645676851273, 0.0367029458284, 0.0387727804482, 0.0852219536901, 0.0689073652029, 0.0579458773136, 0.0459729246795, 0.0330412015319, 0.0524622574449, 0.0868019685149, 0.0460797734559, 0.0352171696723, 0.0413732863963, 0.0497142523527, 0.0599322617054, 0.0957025289536, 0.0818812921643, 0.0605539791286, 0.0710241571069, 0.0588847734034, 0.0447042770684, 0.0446794107556, 0.0327641703188, 0.0648329854012, 0.0784921124578, 0.0333467759192, 0.0302314795554, 0.0600521154702, 0.0538280270994, 0.06737767905, 0.0816152319312, 0.0248105879873, 0.0236678663641, 0.0316323824227, 0.0284363664687, 0.0558942891657]
    },
    "chords_histogram": [0.617283940315, 20.8847732544, 31.3786010742, 0.823045253754, 0, 0.411522626877, 0, 1.02880656719, 0, 12.9629631042, 0, 0.308641970158, 0, 0, 0, 0, 0, 0, 1.23456788063, 0, 2.67489719391, 0, 27.6748962402, 0],
    "thpcp": [1, 0.894339203835, 0.694580376148, 0.681779444218, 0.576144099236, 0.478203296661, 0.425603091717, 0.454383939505, 0.759689450264, 0.779995381832, 0.426423996687, 0.388352125883, 0.516369640827, 0.494423002005, 0.604352712631, 0.643762767315, 0.388860017061, 0.329427659512, 0.349742859602, 0.328840762377, 0.50584179163, 0.596763491631, 0.427256464958, 0.439763396978, 0.662489771843, 0.648314535618, 0.529504239559, 0.435621649027, 0.351329892874, 0.531807780266, 0.693138062954, 0.513515412807, 0.392643719912, 0.477334350348, 0.529563248158, 0.716904759407],
    "chords_key": "D",
    "chords_scale": "minor",
    "key_key": "G",
    "key_scale": "minor"
}
}