{
"lowlevel": {
    "average_loudness": 0.977166712284,
    "barkbands_crest": {
        "mean": 9.47145557404,
        "var": 18.5241451263
    },
    "barkbands_flatness_db": {
        "mean": 0.131071895361,
        "var": 0.00228255288675
    },
    "barkbands_kurtosis": {
        "mean": 3.45872855186,
        "var": 55.24036026
    },
    "barkbands_skewness": {
        "mean": 1.24869728088,
        "var": 1.3444712162
    },
    "barkbands_spread": {
        "mean": 18.680847168,
        "var": 118.166473389
    },
    "dissonance": {
        "mean": 0.451199769974,
        "var": 0.00113874033559
    },
    "dynamic_complexity": 2.5897333622,
    "erbbands_crest": {
        "mean": 9.71480178833,
        "var": 20.9996261597
    },
    "erbbands_flatness_db": {
        "mean": 0.170126602054,
        "var": 0.00210559787229
    },
    "erbbands_kurtosis": {
        "mean": 1.02581751347,
        "var": 5.04473257065
    },
    "erbbands_skewness": {
        "mean": 0.470100015402,
        "var": 0.52021509409
    },
    "erbbands_spread": {
        "mean": 30.0466556549,
        "var": 286.769348145
    },
    "hfc": {
        "mean": 19.5074920654,
        "var": 219.482330322
    },
    "melbands_crest": {
        "mean": 12.5561590195,
        "var": 27.6826610565
    },
    "melbands_flatness_db": {
        "mean": 0.195633843541,
        "var": 0.00342364259996
    },
    "melbands_kurtosis": {
        "mean": 8.94350624084,
        "var": 274.116668701
    },
    "melbands_skewness": {
        "mean": 1.95243692398,
        "var": 2.31828165054
    },
    "melbands_spread": {
        "mean": 22.9438686371,
        "var": 210.234466553
    },
    "pitch_salience": {
        "mean": 0.555291652679,
        "var": 0.0123745594174
    },
    "silence_rate_20dB": {
        "mean": 1,
        "var": 0
    },
    "silence_rate_30dB": {
        "mean": 0.998455226421,
        "var": 0.00154241197743
    },
    "silence_rate_60dB": {
        "mean": 0.0535530373454,
        "var": 0.0506856925786
    },
    "spectral_centroid": {
        "mean": 1151.32470703,
        "var": 266728.46875
    },
    "spectral_complexity": {
        "mean": 17.5180225372,
        "var": 65.8120422363
    },
    "spectral_decrease": {
        "mean": -6.14533623988e-009,
        "var": 2.24415374044e-017
    },
    "spectral_energy": {
        "mean": 0.0249632839113,
        "var": 0.000356505654054
    },
    "spectral_energyband_high": {
        "mean": 0.000436204019934,
        "var": 3.97120089701e-007
    },
    "spectral_energyband_low": {
        "mean": 0.00469289440662,
        "var": 8.28704796731e-005
    },
    "spectral_energyband_middle_high": {
        "mean": 0.0075246701017,
        "var": 5.69670919504e-005
    },
    "spectral_energyband_middle_low": {
        "mean": 0.0131213348359,
        "var": 0.000177321111551
    },
    "spectral_entropy": {
        "mean": 7.42440509796,
        "var": 0.176783800125
    },
    "spectral_flux": {
        "mean": 0.0910882651806,
        "var": 0.00243423809297
    },
    "spectral_kurtosis": {
        "mean": 6.11164093018,
        "var": 10.1539707184
    },
    "spectral_rms": {
        "mean": 0.00459465617314,
        "var": 3.24357392856e-006
    },
    "spectral_rolloff": {
        "mean": 1400.73950195,
        "var": 1363826.25
    },
    "spectral_skewness": {
        "mean": 1.87295436859,
        "var": 0.212901383638
    },
    "spectral_spread": {
        "mean": 4302166,
        "var": 2.95837499392e+012
    },
    "spectral_strongpeak": {
        "mean": 1.22030210495,
        "var": 1.52342331409
    },
    "zerocrossingrate": {
        "mean": 0.0575746968389,
        "var": 0.00102209486067
    },
    "barkbands": {
        "mean": [5.41520021216e-005, 0.00245144404471, 0.00148789375089, 0.00133758119773, 0.00360194244422, 0.00253983261064, 0.00218417518772, 0.00192332221195, 0.00126454327255, 0.00131589581724, 0.00120926520322, 0.00166011205874, 0.000902059662621, 0.000726817524992, 0.00057334813755, 0.000355372787453, 0.000365957937902, 0.000306441477733, 0.000197940084036, 0.000125370948808, 7.41272815503e-005, 7.72714120103e-005, 9.87728344626e-005, 5.3783198382e-005, 3.72678914573e-005, 3.34685610142e-005, 5.13398572366e-006],
        "var": [2.81542025249e-008, 1.93477444554e-005, 1.8985452698e-005, 9.58370856097e-006, 2.51189703704e-005, 3.01442541968e-005, 4.36669979536e-005, 2.87514340016e-005, 1.28318042698e-005, 1.35178715936e-005, 3.23141784975e-006, 6.85888198859e-006, 2.4092462354e-006, 1.85439716915e-006, 5.32815477072e-007, 4.34403233385e-007, 5.5577902458e-007, 5.11383007051e-007, 1.1310072523e-007, 3.56078686536e-008, 1.39517686293e-008, 1.25796644213e-008, 3.96481603104e-008, 8.71231087274e-009, 4.35148894695e-009, 4.86174078773e-009, 2.61414639935e-010]
    },
    "erbbands": {
        "mean": [0.0498067811131, 0.62389421463, 1.61468863487, 3.55662894249, 7.22573566437, 12.5122404099, 18.9238948822, 20.5102596283, 28.8661060333, 36.0120887756, 41.9111671448, 26.2056846619, 37.7564582825, 54.6942062378, 42.4511146545, 62.9695510864, 41.2613372803, 30.2207317352, 40.1766662598, 26.0671577454, 20.1675720215, 21.5297431946, 18.8590126038, 11.6529512405, 8.95152282715, 5.83952283859, 3.49206805229, 2.75747013092, 2.81667160988, 2.73468089104, 2.82439565659, 1.50621187687, 0.713693261147, 0.431159496307, 0.266539782286, 0.136357426643, 0.0620884560049, 0.0159579850733, 0.000523029302713, 4.06214094255e-005],
        "var": [0.0110862283036, 1.25958764553, 16.3094501495, 61.4937515259, 117.172363281, 394.183837891, 2138.2512207, 1796.83520508, 8344.00195313, 9735.28710938, 14683.8085938, 8361.02539063, 7025.92626953, 10171.1816406, 3390.95849609, 10449.3896484, 4979.69775391, 2943.96435547, 3611.8203125, 1144.48779297, 1205.52380371, 1789.32446289, 1707.74279785, 472.030700684, 235.323501587, 93.5873794556, 31.9506931305, 19.8086776733, 16.4878406525, 21.8645820618, 37.7705154419, 6.70680713654, 1.83445680141, 0.609189808369, 0.22008292377, 0.067079782486, 0.0189552959055, 0.00185578432865, 2.44292914431e-006, 1.68483216267e-009]
    },
    "gfcc": {
        "mean": [-1.67423820496, 92.3351745605, -123.164047241, 12.2269916534, -58.1898612976, 12.3666381836, -41.8047790527, 4.20081520081, -26.8701000214, -0.76189249754, -16.3778514862, 5.48222494125, -15.7816448212],
        "cov": [[4403.91650391, -618.930969238, -205.79095459, -42.8068351746, 97.580581665, 259.011932373, 28.2912502289, 73.5750961304, -109.404556274, 173.679656982, -32.2851905823, 63.8437652588, -56.4484558105], [-618.930969238, 1106.10461426, -17.623550415, 18.8642234802, 252.312805176, -96.8527145386, 75.3371429443, 2.25850152969, 94.964302063, -94.2514038086, 80.1204528809, -108.49054718, 17.8483104706], [-205.79095459, -17.623550415, 809.067993164, 357.083557129, 100.130523682, 95.7153396606, 18.0352401733, 27.5415172577, 19.9691200256, 36.7106437683, -18.1356372833, 20.0793933868, -56.5859527588], [-42.8068351746, 18.8642234802, 357.083557129, 401.727905273, 123.680648804, 42.3749542236, 24.9257316589, 33.2156257629, 42.7509803772, 15.2936677933, -17.1143989563, -14.2367649078, -3.07078528404], [97.580581665, 252.312805176, 100.130523682, 123.680648804, 285.913299561, 116.309524536, 82.8443984985, 41.3348236084, 14.22311306, 12.1658334732, 26.6172904968, -36.3462944031, -15.2776107788], [259.011932373, -96.8527145386, 95.7153396606, 42.3749542236, 116.309524536, 380.728363037, 138.721939087, 24.2918643951, -49.0529899597, 57.6639289856, 26.9462528229, -27.7315750122, -40.5117416382], [28.2912502289, 75.3371429443, 18.0352401733, 24.9257316589, 82.8443984985, 138.721939087, 214.648635864, 61.7510948181, -13.4093828201, 40.8124694824, 13.1199569702, -29.2303352356, -16.8126564026], [73.5750961304, 2.25850152969, 27.5415172577, 33.2156257629, 41.3348236084, 24.2918643951, 61.7510948181, 112.494812012, 46.4269332886, 27.1363639832, 1.60382533073, 0.223244145513, -5.91286563873], [-109.404556274, 94.964302063, 19.9691200256, 42.7509803772, 14.22311306, -49.0529899597, -13.4093828201, 46.4269332886, 140.956939697, 33.4698791504, -1.82757246494, -5.25237703323, 6.57475233078], [173.679656982, -94.2514038086, 36.7106437683, 15.2936677933, 12.1658334732, 57.6639289856, 40.8124694824, 27.1363639832, 33.4698791504, 114.386474609, 21.7361660004, 1.05428814888, -10.2968902588], [-32.2851905823, 80.1204528809, -18.1356372833, -17.1143989563, 26.6172904968, 26.9462528229, 13.1199569702, 1.60382533073, -1.82757246494, 21.7361660004, 86.2054824829, 14.710062027, -5.21619081497], [63.8437652588, -108.49054718, 20.0793933868, -14.2367649078, -36.3462944031, -27.7315750122, -29.2303352356, 0.223244145513, -5.25237703323, 1.05428814888, 14.710062027, 90.7742767334, 22.3242912292], [-56.4484558105, 17.8483104706, -56.5859527588, -3.07078528404, -15.2776107788, -40.5117416382, -16.8126564026, -5.91286563873, 6.57475233078, -10.2968902588, -5.21619081497, 22.3242912292, 81.8698577881]],
        "icov": [[0.000305536377709, 2.73578771157e-005, 0.00022871006513, -9.83443460427e-005, -0.000220223460929, -0.000146229212987, 0.000294797035167, -0.000296659272863, 0.00043685286073, -0.000620075094048, 0.000444719917141, -0.000401076860726, 0.00030937793781], [2.73578771157e-005, 0.00285342615098, -0.000706283084583, 0.00118081679102, -0.00242767948657, 0.00153341540135, -0.00186754693277, 0.0016017165035, -0.00276393187232, 0.00348315294832, -0.0036361431703, 0.00338210794143, -0.00150301796384], [0.00022871006513, -0.000706283084583, 0.00275565730408, -0.00251024565659, 0.000453903980087, -0.000830690958537, 0.00092099851463, -0.000513737904839, 0.00117925647646, -0.00177049718332, 0.00187672197353, -0.00260268524289, 0.002459714422], [-9.83443460427e-005, 0.00118081679102, -0.00251024565659, 0.00548291858286, -0.00234400224872, 0.000849408155773, -0.000871558557265, 0.000527343072463, -0.00213728449307, 0.00179269909859, -0.0010688820621, 0.00254829716869, -0.00237844162621], [-0.000220223460929, -0.00242767948657, 0.000453903980087, -0.00234400224872, 0.00747795077041, -0.00230763945729, 0.000550596276298, -0.00205119652674, 0.00153655628674, -0.00134942238219, 0.000759701535571, -0.000968450156506, 0.000841066765133], [-0.000146229212987, 0.00153341540135, -0.000830690958537, 0.000849408155773, -0.00230763945729, 0.00522379018366, -0.00303533766419, 0.00132091389969, -1.03003740151e-005, 0.000467221485451, -0.00249653239734, 0.00236579403281, -9.56503063207e-005], [0.000294797035167, -0.00186754693277, 0.00092099851463, -0.000871558557265, 0.000550596276298, -0.00303533766419, 0.00958726555109, -0.00562387611717, 0.00430265534669, -0.00446701142937, 0.00268335617147, -0.0007259894046, 0.000839266635012], [-0.000296659272863, 0.0016017165035, -0.000513737904839, 0.000527343072463, -0.00205119652674, 0.00132091389969, -0.00562387611717, 0.0148442424834, -0.00668887654319, 0.0021419452969, -0.0014591034269, -0.000133415494929, 4.89862759423e-005], [0.00043685286073, -0.00276393187232, 0.00117925647646, -0.00213728449307, 0.00153655628674, -1.03003740151e-005, 0.00430265534669, -0.00668887654319, 0.0140391467139, -0.00794795807451, 0.00430600438267, -0.00225190189667, 0.00108212663326], [-0.000620075094048, 0.00348315294832, -0.00177049718332, 0.00179269909859, -0.00134942238219, 0.000467221485451, -0.00446701142937, 0.0021419452969, -0.00794795807451, 0.0175072401762, -0.00806341599673, 0.00457784160972, -0.00204846612178], [0.000444719917141, -0.0036361431703, 0.00187672197353, -0.0010688820621, 0.000759701535571, -0.00249653239734, 0.00268335617147, -0.0014591034269, 0.00430600438267, -0.00806341599673, 0.0193198453635, -0.00858430285007, 0.00392020260915], [-0.000401076860726, 0.00338210794143, -0.00260268524289, 0.00254829716869, -0.000968450156506, 0.00236579403281, -0.0007259894046, -0.000133415494929, -0.00225190189667, 0.00457784160972, -0.00858430285007, 0.0193339586258, -0.00694827316329], [0.00030937793781, -0.00150301796384, 0.002459714422, -0.00237844162621, 0.000841066765133, -9.56503063207e-005, 0.000839266635012, 4.89862759423e-005, 0.00108212663326, -0.00204846612178, 0.00392020260915, -0.00694827316329, 0.0164517518133]]
    },
    "melbands": {
        "mean": [0.000587431248277, 0.000877333164681, 0.000701273267623, 0.000715015397873, 0.000653960276395, 0.000472582731163, 0.0004486614489, 0.000402639154345, 0.000317916652421, 0.000165273188031, 0.000193861807929, 0.000224587289267, 0.000140672971611, 0.000190361039131, 0.000131439810502, 8.25861498015e-005, 4.95061613037e-005, 7.01310491422e-005, 4.69097976747e-005, 2.28673397942e-005, 2.38539960264e-005, 2.19666944759e-005, 1.99528294615e-005, 1.40168849612e-005, 8.92493426363e-006, 7.36184711059e-006, 5.4130209719e-006, 3.46828619513e-006, 2.28163230531e-006, 1.63206152592e-006, 1.57396607392e-006, 1.65529809237e-006, 1.40967119933e-006, 1.59862213422e-006, 1.72883278537e-006, 1.29482964439e-006, 7.73943554577e-007, 5.18808690231e-007, 3.80273377232e-007, 3.61303364116e-007],
        "var": [1.22116955481e-006, 3.58736497219e-006, 1.93141227101e-006, 1.04637911136e-006, 1.93753749045e-006, 9.50485684825e-007, 1.82716939889e-006, 1.1154323829e-006, 9.13184862839e-007, 3.60152426992e-007, 1.97843490923e-007, 2.07279029496e-007, 4.03294393436e-008, 7.55050209023e-008, 1.05302191855e-007, 2.43108893017e-008, 1.07081170597e-008, 1.58137680728e-008, 4.0511487498e-009, 2.26220975286e-009, 1.79908654641e-009, 2.19012519231e-009, 2.27075691583e-009, 1.03652952888e-009, 3.01960595417e-010, 1.90879048678e-010, 6.15628520384e-011, 4.59332676062e-011, 1.54023131055e-011, 7.948260973e-012, 7.10169726845e-012, 6.05139983262e-012, 5.13658039714e-012, 8.75453442378e-012, 1.59776705755e-011, 5.90424974536e-012, 1.80163436253e-012, 1.08894837592e-012, 5.27554345695e-013, 4.65031387963e-013]
    },
    "mfcc": {
        "mean": [-647.040039063, 131.674621582, -8.96049118042, 6.61514568329, -0.414603412151, 3.01978492737, -5.04034042358, 6.17508983612, -10.3722248077, -0.96561062336, -4.25718069077, -3.94255661964, -0.540298104286],
        "cov": [[3846.65332031, -511.161071777, -360.583740234, -203.168151855, -5.43662786484, 126.198295593, 152.095321655, -23.142665863, 39.9715042114, 54.1804084778, 60.5678215027, -15.4816217422, 39.6155738831], [-511.161071777, 998.081787109, -170.55078125, 72.3495559692, 103.370910645, -41.2743148804, 38.7766036987, 52.6481246948, -14.2162714005, 28.1562004089, 40.1962623596, -11.2916240692, 14.9381303787], [-360.583740234, -170.55078125, 656.962158203, 209.747451782, 125.935844421, 119.08316803, 36.9853134155, 34.8336029053, 19.7637367249, 34.35572052, 0.324618458748, 32.332649231, 32.6363334656], [-203.168151855, 72.3495559692, 209.747451782, 402.798919678, 137.755126953, -6.14470434189, -35.023059845, 16.021818161, 63.268196106, 7.94971895218, 1.2637462616, 30.6512031555, 22.0289402008], [-5.43662786484, 103.370910645, 125.935844421, 137.755126953, 263.148773193, 80.7222290039, 29.233669281, 42.929309845, 10.1273355484, 41.1244697571, 11.0826072693, 0.746637165546, 26.8765010834], [126.198295593, -41.2743148804, 119.08316803, -6.14470434189, 80.7222290039, 234.952514648, 161.272567749, 38.358745575, 19.9671096802, 72.1233520508, 29.3606758118, 9.5519285202, 21.7392654419], [152.095321655, 38.7766036987, 36.9853134155, -35.023059845, 29.233669281, 161.272567749, 306.864227295, 66.3531036377, 15.9061889648, 56.3007316589, 56.0296440125, 0.270891070366, 10.4907608032], [-23.142665863, 52.6481246948, 34.8336029053, 16.021818161, 42.929309845, 38.358745575, 66.3531036377, 117.97026062, 22.9759635925, 13.2998905182, 21.313167572, 6.52515411377, 8.25277519226], [39.9715042114, -14.2162714005, 19.7637367249, 63.268196106, 10.1273355484, 19.9671096802, 15.9061889648, 22.9759635925, 138.8387146, 40.6166725159, 29.2584381104, 26.3681716919, -5.54342460632], [54.1804084778, 28.1562004089, 34.35572052, 7.94971895218, 41.1244697571, 72.1233520508, 56.3007316589, 13.2998905182, 40.6166725159, 144.237686157, 37.4855537415, 13.7009897232, 26.463924408], [60.5678215027, 40.1962623596, 0.324618458748, 1.2637462616, 11.0826072693, 29.3606758118, 56.0296440125, 21.313167572, 29.2584381104, 37.4855537415, 109.324325562, 40.7244911194, 6.57758331299], [-15.4816217422, -11.2916240692, 32.332649231, 30.6512031555, 0.746637165546, 9.5519285202, 0.270891070366, 6.52515411377, 26.3681716919, 13.7009897232, 40.7244911194, 91.4522705078, 22.9382209778], [39.6155738831, 14.9381303787, 32.6363334656, 22.0289402008, 26.8765010834, 21.7392654419, 10.4907608032, 8.25277519226, -5.54342460632, 26.463924408, 6.57758331299, 22.9382209778, 89.3468170166]],
        "icov": [[0.000340429221978, 0.000251407327596, 0.000306463974994, 3.30484581355e-005, -0.000188390651601, -0.000105735671241, -0.000132711487822, 0.000103011196188, -0.000104988423118, 1.32544446387e-005, -0.000207662436878, 0.000161124960869, -0.000261122739175], [0.000251407327596, 0.00144422135781, 0.000716431590263, -0.000344225816661, -0.000669032218866, 0.000439697090769, -0.000367749657016, -0.000385561579606, 0.000355000491254, -0.000314398494083, -0.000548724317923, 0.000332024821546, -0.000286395719741], [0.000306463974994, 0.000716431590263, 0.00259959488176, -0.00121854187455, -0.000424345489591, -0.00117825390771, 6.2255836383e-005, -0.000407070619985, 0.000509030709509, -0.000146553531522, 1.20787744891e-005, -0.000265386217507, -0.000317942060065], [3.30484581355e-005, -0.000344225816661, -0.00121854187455, 0.00426900200546, -0.00197820854373, 0.00124022283126, -7.30261899662e-006, 0.00058882223675, -0.00210579647683, 0.000630935595836, 0.000483634707052, -0.000774872023612, -0.000478968664538], [-0.000188390651601, -0.000669032218866, -0.000424345489591, -0.00197820854373, 0.00628472026438, -0.00236342102289, 0.00113978167064, -0.0015956350835, 0.00101854116656, -0.000727958220523, -0.000292367883958, 0.00105935288593, -0.000435410649516], [-0.000105735671241, 0.000439697090769, -0.00117825390771, 0.00124022283126, -0.00236342102289, 0.00930378306657, -0.00419809855521, 0.00039825894055, -0.0004778271541, -0.00218725670129, 0.000892272393685, -0.000802825670689, -0.000240051245783], [-0.000132711487822, -0.000367749657016, 6.2255836383e-005, -7.30261899662e-006, 0.00113978167064, -0.00419809855521, 0.0063297143206, -0.00224751187488, 0.000394930248149, -7.68519821577e-005, -0.00216143578291, 0.00131566391792, 0.000110983615741], [0.000103011196188, -0.000385561579606, -0.000407070619985, 0.00058882223675, -0.0015956350835, 0.00039825894055, -0.00224751187488, 0.0108506157994, -0.00197094376199, 0.00108602480032, -0.000625914486591, -1.29290356199e-005, -0.000727526203264], [-0.000104988423118, 0.000355000491254, 0.000509030709509, -0.00210579647683, 0.00101854116656, -0.0004778271541, 0.000394930248149, -0.00197094376199, 0.00990489684045, -0.0028358604759, -0.000975011498667, -0.0018313647015, 0.00226246053353], [1.32544446387e-005, -0.000314398494083, -0.000146553531522, 0.000630935595836, -0.000727958220523, -0.00218725670129, -7.68519821577e-005, 0.00108602480032, -0.0028358604759, 0.0099992165342, -0.00227560196072, 0.000948273343965, -0.00260903779417], [-0.000207662436878, -0.000548724317923, 1.20787744891e-005, 0.000483634707052, -0.000292367883958, 0.000892272393685, -0.00216143578291, -0.000625914486591, -0.000975011498667, -0.00227560196072, 0.01372721605, -0.00615759845823, 0.00142641272396], [0.000161124960869, 0.000332024821546, -0.000265386217507, -0.000774872023612, 0.00105935288593, -0.000802825670689, 0.00131566391792, -1.29290356199e-005, -0.0018313647015, 0.000948273343965, -0.00615759845823, 0.0155737949535, -0.00405505904928], [-0.000261122739175, -0.000286395719741, -0.000317942060065, -0.000478968664538, -0.000435410649516, -0.000240051245783, 0.000110983615741, -0.000727526203264, 0.00226246053353, -0.00260903779417, 0.00142641272396, -0.00405505904928, 0.0136829912663]]
    },
    "spectral_contrast_coeffs": {
        "mean": [-0.6117208004, -0.721583068371, -0.728429555893, -0.739462971687, -0.766859292984, -0.776077508926],
        "var": [0.00819932948798, 0.00851383525878, 0.00541128683835, 0.00428717350587, 0.0024393980857, 0.00145161408]
    },
    "spectral_contrast_valleys": {
        "mean": [-7.62679386139, -6.61316728592, -7.24800491333, -7.76740264893, -7.86442613602, -10.3524446487],
        "var": [1.17644691467, 0.539662718773, 0.672263145447, 0.699365079403, 0.681787192822, 0.917172312737]
    }
},
"metadata": {
    "audio_properties": {
        "analysis_sample_rate": 44100,
        "bit_rate": 128074,
        "equal_loudness": 0,
        "length": 45.0612258911,
        "lossless": 0,
        "replay_gain": -5.39782905579,
        "sample_rate": 44100,
        "codec": "mp3",
        "downmix": "mix",
        "md5_encoded": "fa7faf6b7e5397a2aa6473e66e339405"
    },
    "tags": {
        "file_name": "1597.mp3"
    },
    "version": {
        "essentia": "2.1-beta2",
        "essentia_git_sha": "v2.1_beta2",
        "extractor": "music 1.0"
    }
},
"rhythm": {
    "beats_count": 63,
    "beats_loudness": {
        "mean": 0.0369596779346,
        "var": 0.000225883792154
    },
    "bpm": 83.955581665,
    "bpm_histogram_first_peak_bpm": {
        "mean": 83,
        "var": 0
    },
    "bpm_histogram_first_peak_spread": {
        "mean": 0.465517252684,
        "var": 0
    },
    "bpm_histogram_first_peak_weight": {
        "mean": 0.5,
        "var": 0
    },
    "bpm_histogram_second_peak_bpm": {
        "mean": 89,
        "var": 0
    },
    "bpm_histogram_second_peak_spread": {
        "mean": 0.5,
        "var": 0
    },
    "bpm_histogram_second_peak_weight": {
        "mean": 0.0322580635548,
        "var": 0
    },
    "danceability": 1.48231709003,
    "onset_rate": 3.63785243034,
    "beats_loudness_band_ratio": {
        "mean": [0.372376769781, 0.238643571734, 0.131310611963, 0.163044527173, 0.0833054482937, 0.062507212162],
        "var": [0.0883953720331, 0.0242498107255, 0.0153447138146, 0.0182505473495, 0.0037062051706, 0.00310825509951]
    },
    "beats_position": [0.650158703327, 1.31192743778, 1.97369611263, 2.6470746994, 3.32045340538, 4.02866220474, 4.73687076569, 5.44507932663, 6.1648979187, 6.87310647964, 7.58131504059, 8.31274318695, 9.03256225586, 9.75238037109, 10.47219944, 11.1920175552, 11.900226593, 12.6084346771, 13.3050336838, 14.0016326904, 14.7330608368, 15.4528799057, 16.1610889435, 16.8809070587, 17.600725174, 18.3089332581, 19.0171432495, 19.7485713959, 20.4799995422, 21.1882076263, 21.9080276489, 22.616235733, 23.3360538483, 24.0442619324, 24.7524719238, 25.4490699768, 26.168888092, 26.8887062073, 27.5969161987, 28.3051242828, 29.0249423981, 29.7447605133, 30.4413604736, 31.17278862, 31.9042167664, 32.6240348816, 33.3438529968, 34.0636711121, 34.7718811035, 35.4684791565, 36.1766891479, 36.8732872009, 37.5931053162, 38.3129234314, 39.0327415466, 39.7293434143, 40.4491615295, 41.1573677063, 41.8655776978, 42.5970077515, 43.3284339905, 44.0482521057, 44.7796821594]
},
"tonal": {
    "chords_changes_rate": 0.0689300447702,
    "chords_number_rate": 0.00720164598897,
    "chords_strength": {
        "mean": 0.479721426964,
        "var": 0.00924521964043
    },
    "hpcp_entropy": {
        "mean": 1.95851075649,
        "var": 0.549917697906
    },
    "key_strength": 0.785825788975,
    "tuning_diatonic_strength": 0.630355119705,
    "tuning_equal_tempered_deviation": 0.081914909184,
    "tuning_frequency": 446.399932861,
    "tuning_nontempered_energy_ratio": 0.724676549435,
    "hpcp": {
        "mean": [0.0928395166993, 0.0879729986191, 0.180025935173, 0.256381779909, 0.166250407696, 0.111612766981, 0.156189247966, 0.148730888963, 0.123612523079, 0.114852145314, 0.0949269980192, 0.178947582841, 0.351192355156, 0.298336446285, 0.124920286238, 0.0860764682293, 0.0940196067095, 0.15791991353, 0.230833023787, 0.173880398273, 0.0884011909366, 0.0717478916049, 0.0779459849, 0.110239192843, 0.130226105452, 0.107227668166, 0.147710233927, 0.26454102993, 0.224419951439, 0.104896366596, 0.0794293582439, 0.081663608551, 0.144735246897, 0.233639985323, 0.210596650839, 0.129607409239],
        "var": [0.036813121289, 0.0337765999138, 0.0530268512666, 0.0967444479465, 0.0434702038765, 0.0379830673337, 0.0661676600575, 0.0605904646218, 0.0458182729781, 0.0480319596827, 0.0349772572517, 0.0420660190284, 0.115728914738, 0.0963512435555, 0.0424386486411, 0.0352975726128, 0.0365428030491, 0.0575824975967, 0.0938275232911, 0.0542066060007, 0.0285889320076, 0.0250868294388, 0.0304449293762, 0.0292122084647, 0.0359009802341, 0.0281812474132, 0.0347175635397, 0.096807397902, 0.0815201178193, 0.0334768854082, 0.0303278323263, 0.0299944020808, 0.0476159118116, 0.0894492045045, 0.0797876119614, 0.0483821853995]
    },
    "chords_histogram": [47.0164604187, 0.205761313438, 14.7119340897, 0, 1.54320991039, 0, 0, 0, 0, 0.514403283596, 0, 0, 0, 0, 0, 0, 0, 0.823045253754, 0, 6.68724298477, 0, 6.37860059738, 5.86419773102, 16.2551441193],
    "thpcp": [1, 0.849495828152, 0.35570332408, 0.245097786188, 0.267715424299, 0.449667870998, 0.657283723354, 0.495114415884, 0.251717299223, 0.204297989607, 0.221946701407, 0.313899755478, 0.370811343193, 0.305324614048, 0.420596390963, 0.753265321255, 0.639022886753, 0.298686355352, 0.226170524955, 0.232532426715, 0.41212528944, 0.665276408195, 0.599661827087, 0.36904963851, 0.264355182648, 0.250498056412, 0.512613475323, 0.730032324791, 0.473388463259, 0.317810922861, 0.444739878178, 0.423502624035, 0.351979523897, 0.327034860849, 0.270299166441, 0.509542942047],
    "chords_key": "F#",
    "chords_scale": "major",
    "key_key": "F#",
    "key_scale": "major"
}
}