{
"lowlevel": {
    "average_loudness": 0.975927293301,
    "barkbands_crest": {
        "mean": 11.7687911987,
        "var": 24.5370044708
    },
    "barkbands_flatness_db": {
        "mean": 0.132813423872,
        "var": 0.00190782069694
    },
    "barkbands_kurtosis": {
        "mean": 0.99005573988,
        "var": 7.14179468155
    },
    "barkbands_skewness": {
        "mean": 1.04281783104,
        "var": 0.997756063938
    },
    "barkbands_spread": {
        "mean": 34.7901268005,
        "var": 256.606201172
    },
    "dissonance": {
        "mean": 0.480689674616,
        "var": 0.000236874111579
    },
    "dynamic_complexity": 1.89700043201,
    "erbbands_crest": {
        "mean": 8.44910526276,
        "var": 15.3173933029
    },
    "erbbands_flatness_db": {
        "mean": 0.170699983835,
        "var": 0.00156423484441
    },
    "erbbands_kurtosis": {
        "mean": 0.480917662382,
        "var": 2.92644286156
    },
    "erbbands_skewness": {
        "mean": -0.540664434433,
        "var": 0.449198096991
    },
    "erbbands_spread": {
        "mean": 35.1150817871,
        "var": 173.89112854
    },
    "hfc": {
        "mean": 21.4703826904,
        "var": 310.460693359
    },
    "melbands_crest": {
        "mean": 16.9350795746,
        "var": 36.7647590637
    },
    "melbands_flatness_db": {
        "mean": 0.184965446591,
        "var": 0.00356156076305
    },
    "melbands_kurtosis": {
        "mean": 9.10099411011,
        "var": 94.9404754639
    },
    "melbands_skewness": {
        "mean": 2.55164790154,
        "var": 2.03058362007
    },
    "melbands_spread": {
        "mean": 37.6749954224,
        "var": 741.576538086
    },
    "pitch_salience": {
        "mean": 0.48301538825,
        "var": 0.0141682596877
    },
    "silence_rate_20dB": {
        "mean": 1,
        "var": 0
    },
    "silence_rate_30dB": {
        "mean": 1,
        "var": 0
    },
    "silence_rate_60dB": {
        "mean": 0.00257466523908,
        "var": 0.00256805913523
    },
    "spectral_centroid": {
        "mean": 2192.6171875,
        "var": 447595.375
    },
    "spectral_complexity": {
        "mean": 23.2451076508,
        "var": 96.1093902588
    },
    "spectral_decrease": {
        "mean": -5.62208590793e-009,
        "var": 1.04296680536e-017
    },
    "spectral_energy": {
        "mean": 0.023166462779,
        "var": 0.00016363778559
    },
    "spectral_energyband_high": {
        "mean": 0.00108387402724,
        "var": 2.36523055719e-006
    },
    "spectral_energyband_low": {
        "mean": 0.0105718765408,
        "var": 5.49192955077e-005
    },
    "spectral_energyband_middle_high": {
        "mean": 0.00513172987849,
        "var": 2.2050091502e-005
    },
    "spectral_energyband_middle_low": {
        "mean": 0.00663393782452,
        "var": 7.16852810001e-005
    },
    "spectral_entropy": {
        "mean": 7.78411531448,
        "var": 0.0744829028845
    },
    "spectral_flux": {
        "mean": 0.0896039381623,
        "var": 0.00114545586985
    },
    "spectral_kurtosis": {
        "mean": 3.13835716248,
        "var": 3.39737081528
    },
    "spectral_rms": {
        "mean": 0.00457799620926,
        "var": 1.64336131547e-006
    },
    "spectral_rolloff": {
        "mean": 2172.02563477,
        "var": 3375145.5
    },
    "spectral_skewness": {
        "mean": 0.918755054474,
        "var": 0.0866224318743
    },
    "spectral_spread": {
        "mean": 3622809,
        "var": 3.0883404841e+012
    },
    "spectral_strongpeak": {
        "mean": 0.694433569908,
        "var": 1.35290801525
    },
    "zerocrossingrate": {
        "mean": 0.0716144144535,
        "var": 0.00179078057408
    },
    "barkbands": {
        "mean": [0.000383763574064, 0.00868481677026, 0.00134879269172, 0.000363699422451, 0.00202939333394, 0.000434613612015, 0.00166426470969, 0.00125723064411, 0.000713151704986, 0.000339531514328, 0.000334768061293, 0.000327370798914, 0.000328939815518, 0.000648138870019, 0.000383686216082, 0.000782567658462, 0.000394361180952, 0.000676082272548, 0.000747651502024, 0.000454786350019, 0.000305756169837, 0.000177358902874, 0.000122500496218, 0.000131919121486, 0.000103545164166, 2.57200699707e-005, 2.07152675102e-006],
        "var": [1.79271609113e-007, 4.80108647025e-005, 3.02983835354e-006, 2.05082400839e-007, 1.32713812491e-005, 2.01110060516e-006, 2.12216546061e-005, 1.79157232196e-005, 1.31731212605e-006, 6.05581760738e-007, 6.08537789049e-007, 1.87283296782e-006, 6.557912684e-007, 9.14134943741e-007, 4.98691633766e-007, 5.56229281301e-007, 2.73746024959e-007, 5.10089137151e-007, 1.08236804408e-006, 3.32698931516e-007, 1.19338238846e-007, 7.72233548219e-008, 8.23134058692e-008, 1.81405738431e-007, 1.68172078929e-007, 8.76939232342e-009, 2.13417533645e-010]
    },
    "erbbands": {
        "mean": [0.287060409784, 1.80000972748, 1.82629299164, 1.48743188381, 2.475471735, 8.61483478546, 6.64078474045, 4.04660749435, 19.6301441193, 28.0695705414, 21.6804637909, 14.0389146805, 18.64220047, 9.04836654663, 13.8093271255, 13.9946269989, 14.9410924911, 32.5926399231, 24.1142730713, 25.0077838898, 44.8792877197, 27.5366821289, 37.2858772278, 31.6651039124, 38.3670349121, 22.4333972931, 15.3305854797, 9.55850219727, 6.79822063446, 4.60463857651, 3.35966038704, 2.24779653549, 2.52335214615, 1.62401676178, 0.464999884367, 0.12777723372, 0.0445670336485, 0.00964936055243, 0.000258671760093, 3.62897844752e-005],
        "var": [0.0674039199948, 2.05817866325, 3.98896026611, 2.25028777122, 12.4078044891, 282.558105469, 450.456390381, 165.389984131, 3288.88647461, 5685.00048828, 6075.11914063, 580.428222656, 963.993103027, 380.989135742, 1000.03063965, 4036.6965332, 1436.03173828, 2449.01220703, 1694.57202148, 932.462646484, 1941.5489502, 957.743408203, 1784.22314453, 1131.58447266, 4105.59521484, 847.983520508, 302.631286621, 139.449707031, 113.53276825, 71.384262085, 66.3539428711, 37.0572128296, 82.2274780273, 42.7455024719, 3.15938997269, 0.24666890502, 0.026597507298, 0.00268556480296, 2.17971182792e-006, 1.36549882512e-009]
    },
    "gfcc": {
        "mean": [-3.80384969711, 97.9670181274, -145.986434937, 63.4853172302, -43.5352516174, 9.71339130402, -19.0341720581, 15.0693941116, -5.10006427765, 5.60591697693, -11.8811855316, -4.15844106674, -6.69792795181],
        "cov": [[2853.80957031, -934.776123047, 496.565032959, -266.35559082, -393.339538574, 207.123031616, -424.649505615, 242.544708252, -291.318511963, 141.659301758, -19.2605705261, 93.9435424805, -143.812561035], [-934.776123047, 1767.015625, -506.45223999, 169.759963989, 219.978088379, -366.071075439, 337.955810547, -312.548492432, 226.302734375, -166.112716675, 148.803100586, -95.8003005981, 186.526412964], [496.565032959, -506.45223999, 703.520202637, -73.9080200195, -77.4454956055, 190.21295166, -216.986968994, 156.798461914, -120.983840942, 50.4131126404, -55.1377449036, 84.3684387207, -42.6054611206], [-266.35559082, 169.759963989, -73.9080200195, 249.216110229, 64.7750930786, -45.3647384644, 72.4983596802, -45.5176467896, 76.1012496948, -30.9744167328, 3.95423746109, -35.3365707397, 41.5614585876], [-393.339538574, 219.978088379, -77.4454956055, 64.7750930786, 215.578887939, 22.4087600708, 111.312438965, -41.0834884644, 56.1065940857, -21.4093532562, -4.03082132339, -6.89601278305, 30.8529510498], [207.123031616, -366.071075439, 190.21295166, -45.3647384644, 22.4087600708, 235.716812134, -16.0911064148, 101.251052856, -41.8754768372, 26.3355369568, -23.4747543335, 28.9132347107, -29.2175750732], [-424.649505615, 337.955810547, -216.986968994, 72.4983596802, 111.312438965, -16.0911064148, 244.075363159, -24.4288864136, 98.8631591797, -36.211933136, 32.4958839417, -27.7133579254, 28.2443733215], [242.544708252, -312.548492432, 156.798461914, -45.5176467896, -41.0834884644, 101.251052856, -24.4288864136, 154.30065918, -13.7628383636, 43.2422409058, -19.5834236145, 23.377155304, -41.1263122559], [-291.318511963, 226.302734375, -120.983840942, 76.1012496948, 56.1065940857, -41.8754768372, 98.8631591797, -13.7628383636, 148.337432861, 1.80159378052, 24.3992176056, -32.8019180298, 28.6297855377], [141.659301758, -166.112716675, 50.4131126404, -30.9744167328, -21.4093532562, 26.3355369568, -36.211933136, 43.2422409058, 1.80159378052, 87.1827697754, 10.5838794708, 14.1533288956, -34.1375198364], [-19.2605705261, 148.803100586, -55.1377449036, 3.95423746109, -4.03082132339, -23.4747543335, 32.4958839417, -19.5834236145, 24.3992176056, 10.5838794708, 83.2937011719, 11.9302482605, 17.5198669434], [93.9435424805, -95.8003005981, 84.3684387207, -35.3365707397, -6.89601278305, 28.9132347107, -27.7133579254, 23.377155304, -32.8019180298, 14.1533288956, 11.9302482605, 71.697052002, 13.8378591537], [-143.812561035, 186.526412964, -42.6054611206, 41.5614585876, 30.8529510498, -29.2175750732, 28.2443733215, -41.1263122559, 28.6297855377, -34.1375198364, 17.5198669434, 13.8378591537, 88.730178833]],
        "icov": [[0.000715105852578, -0.000387974578189, 0.000291883421596, -0.000180052811629, 0.000899476639461, -0.000806884898338, 0.00101581600029, -0.000909738941118, 0.000825662515126, -0.000590109557379, 6.41600126983e-005, -0.000385801075026, 0.000429695326602], [-0.000387974578189, 0.00310266460292, -0.00138954957947, 0.00134878244717, -0.00202070665546, 0.00372895598412, -0.00307273259386, 0.0027859325055, -0.00144624675158, 0.00248836027458, -0.00360029283911, 0.0031077794265, -0.00260004145093], [0.000291883421596, -0.00138954957947, 0.00385979912244, -0.00125203910284, 0.00072053365875, -0.00312516489066, 0.0041076685302, -0.00331742106937, 0.0009396232781, -0.000475761917187, 0.00192635238636, -0.00346277747303, 0.00138264789712], [-0.000180052811629, 0.00134878244717, -0.00125203910284, 0.00615458935499, -0.00157952529844, 0.00216632592492, -0.00200225342996, 0.00188168103341, -0.00237740506418, 0.00150070304517, -0.00122027902398, 0.00349098397419, -0.00279816589318], [0.000899476639461, -0.00202070665546, 0.00072053365875, -0.00157952529844, 0.00976332649589, -0.00496170111001, -0.000796705833636, 0.00130595557857, 1.79473991011e-005, -0.00288651813753, 0.00471426546574, -0.0037283138372, 0.00115607480984], [-0.000806884898338, 0.00372895598412, -0.00312516489066, 0.00216632592492, -0.00496170111001, 0.0123365102336, -0.00517598027363, -0.000368022505427, 6.77611606079e-005, 0.00260296580382, -0.00412693759426, 0.00428746175021, -0.00327169243246], [0.00101581600029, -0.00307273259386, 0.0041076685302, -0.00200225342996, -0.000796705833636, -0.00517598027363, 0.0137098580599, -0.00618421472609, -0.00146876880899, 0.0017553253565, 0.000127968509332, -0.00375571055338, 0.00406796624884], [-0.000909738941118, 0.0027859325055, -0.00331742106937, 0.00188168103341, 0.00130595557857, -0.000368022505427, -0.00618421472609, 0.0171801131219, -0.00481480639428, -0.000916936609428, 0.000342572486261, -0.000188894482562, 0.000713490124326], [0.000825662515126, -0.00144624675158, 0.0009396232781, -0.00237740506418, 1.79473991011e-005, 6.77611606079e-005, -0.00146876880899, -0.00481480639428, 0.0149455815554, -0.0060975602828, -0.00052654434694, 0.00450315931812, -0.00357142067514], [-0.000590109557379, 0.00248836027458, -0.000475761917187, 0.00150070304517, -0.00288651813753, 0.00260296580382, 0.0017553253565, -0.000916936609428, -0.0060975602828, 0.0211065728217, -0.00707468111068, -0.00179729820229, 0.005523331929], [6.41600126983e-005, -0.00360029283911, 0.00192635238636, -0.00122027902398, 0.00471426546574, -0.00412693759426, 0.000127968509332, 0.000342572486261, -0.00052654434694, -0.00707468111068, 0.0209233313799, -0.00820422358811, 0.000885047193151], [-0.000385801075026, 0.0031077794265, -0.00346277747303, 0.00349098397419, -0.0037283138372, 0.00428746175021, -0.00375571055338, -0.000188894482562, 0.00450315931812, -0.00179729820229, -0.00820422358811, 0.0268958266824, -0.0113592166454], [0.000429695326602, -0.00260004145093, 0.00138264789712, -0.00279816589318, 0.00115607480984, -0.00327169243246, 0.00406796624884, 0.000713490124326, -0.00357142067514, 0.005523331929, 0.000885047193151, -0.0113592166454, 0.0218375101686]]
    },
    "melbands": {
        "mean": [0.00256434897892, 0.00146649742965, 0.000270277319942, 0.000395732087782, 0.000289491203148, 9.43497434491e-005, 0.000310762843583, 0.000315377779771, 0.000148655904923, 9.87484163488e-005, 9.33384581003e-005, 3.36019838869e-005, 4.851461199e-005, 3.57723365596e-005, 3.14219178108e-005, 4.09528474847e-005, 6.18845151621e-005, 4.02137884521e-005, 2.73128753179e-005, 4.19761563535e-005, 5.16236359545e-005, 2.46119270741e-005, 3.48305038642e-005, 2.87571074296e-005, 2.48774395004e-005, 2.8941052733e-005, 2.15589006984e-005, 1.33979920065e-005, 1.00154875327e-005, 7.30390593162e-006, 4.90640604767e-006, 4.07045445172e-006, 2.94036931336e-006, 2.4173921247e-006, 2.0692561975e-006, 1.41876955695e-006, 1.35351433528e-006, 1.6664615714e-006, 1.93842265617e-006, 1.17807678635e-006],
        "var": [4.44082797912e-006, 1.32000684516e-006, 7.16187784633e-008, 4.40177444716e-007, 6.05301750056e-007, 8.51710098004e-008, 7.88606485003e-007, 7.17036812148e-007, 3.00344197512e-007, 2.62857575706e-008, 2.45915394714e-008, 6.2260072653e-009, 1.31880550924e-008, 1.98537986051e-008, 1.53236960898e-008, 5.93486282341e-009, 9.71419122919e-009, 5.28881294315e-009, 2.21172435921e-009, 1.94886573546e-009, 2.96766744512e-009, 1.01022190613e-009, 1.65579050471e-009, 1.0775680348e-009, 7.69235508624e-010, 2.17975348882e-009, 1.12061881996e-009, 3.0173147314e-010, 1.32238456296e-010, 7.97833257793e-011, 4.6175004792e-011, 4.74045837306e-011, 2.13569110313e-011, 2.70935288094e-011, 2.74956776097e-011, 1.33930054547e-011, 1.52935442088e-011, 3.21779478063e-011, 7.01688845917e-011, 2.30884061869e-011]
    },
    "mfcc": {
        "mean": [-630.755554199, 109.726272583, -27.2900238037, 51.2054138184, 2.59756755829, 11.1849412918, 0.711770355701, 10.1309137344, 11.4488067627, 12.4803543091, 9.34456348419, 2.89842796326, 1.08815050125],
        "cov": [[1913.08129883, -556.698425293, 419.326965332, -386.611450195, 28.7711620331, -250.713943481, 17.4494857788, -107.466590881, -162.129364014, -16.7940711975, -57.8212738037, 45.8846092224, 14.1335363388], [-556.698425293, 1263.17468262, -391.259521484, 326.13293457, -133.184020996, 108.516403198, -37.7749595642, 15.4388942719, 2.00119447708, -60.4592666626, 9.20802783966, -18.1209487915, 17.3695735931], [419.326965332, -391.259521484, 633.009277344, -193.220397949, 167.861694336, -101.506034851, 22.5535182953, -7.99741840363, -12.1912727356, -25.1738300323, -36.1457214355, 4.94642877579, 12.8481931686], [-386.611450195, 326.13293457, -193.220397949, 354.642333984, -60.0081443787, 72.4889678955, -52.800075531, 4.10319519043, 27.92237854, 10.8676214218, 13.5905046463, -14.4749851227, -10.9947147369], [28.7711620331, -133.184020996, 167.861694336, -60.0081443787, 173.374771118, 18.7829971313, 18.4651088715, 1.47020077705, 19.387090683, -12.3787240982, -8.44740390778, -7.55005884171, -6.51600503922], [-250.713943481, 108.516403198, -101.506034851, 72.4889678955, 18.7829971313, 141.310119629, 33.0854148865, 36.8209648132, 36.028263092, 8.58732318878, 19.4108123779, -3.97002124786, -13.0208311081], [17.4494857788, -37.7749595642, 22.5535182953, -52.800075531, 18.4651088715, 33.0854148865, 113.280967712, 51.8616065979, 11.0134334564, -2.7414484024, 9.91961765289, 10.2153654099, 7.46194839478], [-107.466590881, 15.4388942719, -7.99741840363, 4.10319519043, 1.47020077705, 36.8209648132, 51.8616065979, 103.088409424, 49.7661323547, 16.5398750305, 7.5897026062, 6.50707864761, 12.4245414734], [-162.129364014, 2.00119447708, -12.1912727356, 27.92237854, 19.387090683, 36.028263092, 11.0134334564, 49.7661323547, 96.3293457031, 35.8103103638, 17.1136779785, 0.689982414246, 0.747081756592], [-16.7940711975, -60.4592666626, -25.1738300323, 10.8676214218, -12.3787240982, 8.58732318878, -2.7414484024, 16.5398750305, 35.8103103638, 83.1855773926, 38.1696624756, 15.1982326508, -8.4477481842], [-57.8212738037, 9.20802783966, -36.1457214355, 13.5905046463, -8.44740390778, 19.4108123779, 9.91961765289, 7.5897026062, 17.1136779785, 38.1696624756, 78.4191894531, 31.6697731018, 2.17413401604], [45.8846092224, -18.1209487915, 4.94642877579, -14.4749851227, -7.55005884171, -3.97002124786, 10.2153654099, 6.50707864761, 0.689982414246, 15.1982326508, 31.6697731018, 69.4202194214, 29.7538261414], [14.1335363388, 17.3695735931, 12.8481931686, -10.9947147369, -6.51600503922, -13.0208311081, 7.46194839478, 12.4245414734, 0.747081756592, -8.4477481842, 2.17413401604, 29.7538261414, 74.4135131836]],
        "icov": [[0.000963556638453, 8.17475374788e-005, -0.000290338211926, 0.000494689098559, 0.000150899111759, 0.000832396210171, -0.000430186861195, 0.000430663785664, 0.00106416025665, -0.000683854683302, 0.000664577702992, -0.000657207798213, 0.000206271739444], [8.17475374788e-005, 0.0013057802571, 0.000385016552173, -0.000774785876274, 0.000431820109952, -0.000296333164442, 0.00018377120432, -0.000228843142395, 4.96147440572e-005, 0.00143497053068, -0.000429810432252, 0.000170262821484, -0.00038864754606], [-0.000290338211926, 0.000385016552173, 0.00312415277585, 0.000140886200825, -0.00274618016556, 0.00188741646707, -0.000136273272801, -0.000672574853525, -0.000224549803534, 0.000653857772704, 0.000293306395179, -0.000202273731702, -0.000188779726159], [0.000494689098559, -0.000774785876274, 0.000140886200825, 0.00497192423791, 0.000831913668662, -0.00151070661377, 0.00220675347373, 2.85204150714e-005, -0.000211152175325, -0.000712603039574, 0.000163375036209, 0.000157860224135, 0.000232962076552], [0.000150899111759, 0.000431820109952, -0.00274618016556, 0.000831913668662, 0.00989537313581, -0.00360254524276, -0.000162911193911, 0.00199090689421, -0.00273228203878, 0.00206001242623, -0.000218015426071, 0.000584589259233, 0.000421569449827], [0.000832396210171, -0.000296333164442, 0.00188741646707, -0.00151070661377, -0.00360254524276, 0.013186102733, -0.00387966446579, -0.00135242182296, -0.000863010762259, 0.000100551900687, -0.000947217689827, -0.000558315950911, 0.00223966431804], [-0.000430186861195, 0.00018377120432, -0.000136273272801, 0.00220675347373, -0.000162911193911, -0.00387966446579, 0.0148553112522, -0.00779080577195, 0.00194398895837, 0.00248326687142, -0.00247138855048, -0.000314440199872, -3.32495692419e-005], [0.000430663785664, -0.000228843142395, -0.000672574853525, 2.85204150714e-005, 0.00199090689421, -0.00135242182296, -0.00779080577195, 0.0186685360968, -0.00777853094041, -0.00180906592868, 0.00258837942965, -0.000466867320938, -0.00232236017473], [0.00106416025665, 4.96147440572e-005, -0.000224549803534, -0.000211152175325, -0.00273228203878, -0.000863010762259, 0.00194398895837, -0.00777853094041, 0.0195658188313, -0.00720095494762, -9.62757112575e-005, 0.00123087037355, -0.00099583377596], [-0.000683854683302, 0.00143497053068, 0.000653857772704, -0.000712603039574, 0.00206001242623, 0.000100551900687, 0.00248326687142, -0.00180906592868, -0.00720095494762, 0.0216039456427, -0.00865589920431, -0.00140080135316, 0.00316564156674], [0.000664577702992, -0.000429810432252, 0.000293306395179, 0.000163375036209, -0.000218015426071, -0.000947217689827, -0.00247138855048, 0.00258837942965, -9.62757112575e-005, -0.00865589920431, 0.0215448252857, -0.00911957956851, 0.00161366548855], [-0.000657207798213, 0.000170262821484, -0.000202273731702, 0.000157860224135, 0.000584589259233, -0.000558315950911, -0.000314440199872, -0.000466867320938, 0.00123087037355, -0.00140080135316, -0.00911957956851, 0.0233863815665, -0.00904954131693], [0.000206271739444, -0.00038864754606, -0.000188779726159, 0.000232962076552, 0.000421569449827, 0.00223966431804, -3.32495692419e-005, -0.00232236017473, -0.00099583377596, 0.00316564156674, 0.00161366548855, -0.00904954131693, 0.0183175113052]]
    },
    "spectral_contrast_coeffs": {
        "mean": [-0.714866161346, -0.74730014801, -0.773250102997, -0.77080732584, -0.783644020557, -0.692206799984],
        "var": [0.00460379850119, 0.00686098169535, 0.0024661028292, 0.0014489472378, 0.000765084696468, 0.00287150312215]
    },
    "spectral_contrast_valleys": {
        "mean": [-7.01838874817, -7.02140235901, -7.38391876221, -7.40520858765, -6.86002588272, -10.5155029297],
        "var": [0.536883592606, 0.507813155651, 0.479177176952, 0.417964249849, 0.423127561808, 1.37239658833]
    }
},
"metadata": {
    "audio_properties": {
        "analysis_sample_rate": 44100,
        "bit_rate": 128074,
        "equal_loudness": 0,
        "length": 45.0612258911,
        "lossless": 0,
        "replay_gain": -6.01347351074,
        "sample_rate": 44100,
        "codec": "mp3",
        "downmix": "mix",
        "md5_encoded": "db6a321066e38dd01b6b95a44f686478"
    },
    "tags": {
        "file_name": "1598.mp3"
    },
    "version": {
        "essentia": "2.1-beta2",
        "essentia_git_sha": "v2.1_beta2",
        "extractor": "music 1.0"
    }
},
"rhythm": {
    "beats_count": 130,
    "beats_loudness": {
        "mean": 0.0306198690087,
        "var": 0.000228649631026
    },
    "bpm": 172.265533447,
    "bpm_histogram_first_peak_bpm": {
        "mean": 172,
        "var": 0
    },
    "bpm_histogram_first_peak_spread": {
        "mean": 0,
        "var": 0
    },
    "bpm_histogram_first_peak_weight": {
        "mean": 0.620155036449,
        "var": 0
    },
    "bpm_histogram_second_peak_bpm": {
        "mean": 178,
        "var": 0
    },
    "bpm_histogram_second_peak_spread": {
        "mean": 0,
        "var": 0
    },
    "bpm_histogram_second_peak_weight": {
        "mean": 0.286821693182,
        "var": 0
    },
    "danceability": 1.22898519039,
    "onset_rate": 4.59167957306,
    "beats_loudness_band_ratio": {
        "mean": [0.393896132708, 0.110912047327, 0.176730260253, 0.0774951949716, 0.141849607229, 0.122220598161],
        "var": [0.050265673548, 0.0181604847312, 0.0297983791679, 0.00849509425461, 0.010469276458, 0.0146724674851]
    },
    "beats_position": [0.301859408617, 0.626938760281, 0.940408170223, 1.26548755169, 1.60217678547, 1.93886613846, 2.27555561066, 2.62385487556, 2.96054410934, 3.29723358154, 3.64553284645, 3.99383211136, 4.33052158356, 4.66721057892, 5.00390005112, 5.36380958557, 5.71210861206, 6.06040811539, 6.40870714188, 6.7570066452, 7.10530614853, 7.45360517502, 7.80190467834, 8.15020370483, 8.47528362274, 8.8119726181, 9.14866161346, 9.49696159363, 9.84526062012, 10.1935596466, 10.5418596268, 10.8901586533, 11.2384576797, 11.5867567062, 11.9350566864, 12.2833557129, 12.6316547394, 12.9799547195, 13.3166437149, 13.6649427414, 13.9900226593, 14.3267116547, 14.6750106812, 15.0233106613, 15.3716096878, 15.7199087143, 16.0682086945, 16.4165077209, 16.7648067474, 17.1014957428, 17.4497947693, 17.7980957031, 18.1347846985, 18.483083725, 18.8313827515, 19.179681778, 19.5163707733, 19.853061676, 20.1897506714, 20.5264396667, 20.8747386932, 21.2230377197, 21.5713367462, 21.9312477112, 22.2795467377, 22.6278457642, 22.9761447906, 23.3244438171, 23.6611328125, 24.009431839, 24.3461227417, 24.6828117371, 25.0195007324, 25.3677997589, 25.7044887543, 26.0527877808, 26.4010887146, 26.7493877411, 27.0976867676, 27.4459857941, 27.7942848206, 28.142583847, 28.4908847809, 28.8391838074, 29.1874828339, 29.5241718292, 29.8608608246, 30.2091598511, 30.5458488464, 30.8825397491, 31.2308387756, 31.5791378021, 31.9274368286, 32.2757377625, 32.6240348816, 32.9723358154, 33.2974128723, 33.6457138062, 33.99401474, 34.3423118591, 34.690612793, 35.0389099121, 35.3872108459, 35.7238998413, 36.0605888367, 36.397277832, 36.7339668274, 37.1054878235, 37.4537849426, 37.8020858765, 38.1503829956, 38.4986839294, 38.8353729248, 39.1720619202, 39.520362854, 39.8686599731, 40.216960907, 40.5536499023, 40.8903388977, 41.2386398315, 41.5753288269, 41.9120178223, 42.2603149414, 42.6086158752, 42.9336967468, 43.281993866, 43.6302947998, 43.9902038574, 44.350112915, 44.6984100342]
},
"tonal": {
    "chords_changes_rate": 0.0864197537303,
    "chords_number_rate": 0.0102880662307,
    "chords_strength": {
        "mean": 0.44788223505,
        "var": 0.00669996161014
    },
    "hpcp_entropy": {
        "mean": 2.28448629379,
        "var": 0.50270062685
    },
    "key_strength": 0.416816860437,
    "tuning_diatonic_strength": 0.542426049709,
    "tuning_equal_tempered_deviation": 0.220588162541,
    "tuning_frequency": 434.193115234,
    "tuning_nontempered_energy_ratio": 0.860410690308,
    "hpcp": {
        "mean": [0.148854374886, 0.158347040415, 0.148956775665, 0.142693415284, 0.156618922949, 0.183892816305, 0.24941636622, 0.324648529291, 0.333916455507, 0.262481331825, 0.183043435216, 0.153708428144, 0.180002957582, 0.190883949399, 0.137663424015, 0.0984585061669, 0.0971921235323, 0.0943235680461, 0.0847254917026, 0.0777317434549, 0.0637558400631, 0.0502313971519, 0.0491663999856, 0.109763473272, 0.177104264498, 0.131008014083, 0.0973761230707, 0.136952280998, 0.146296739578, 0.127792045474, 0.117362827063, 0.112364210188, 0.103738889098, 0.108098521829, 0.13911472261, 0.15092676878],
        "var": [0.0557293668389, 0.0639539957047, 0.062623091042, 0.0545534491539, 0.0602443106472, 0.0666934475303, 0.0890079140663, 0.120098166168, 0.124592669308, 0.100278921425, 0.0612074807286, 0.0528540238738, 0.0564335100353, 0.0711314827204, 0.0489939451218, 0.0352393463254, 0.0377038903534, 0.0377745106816, 0.0264110472053, 0.0238742958754, 0.0187296327204, 0.0128058688715, 0.0123900799081, 0.0260941833258, 0.0715791583061, 0.0354214124382, 0.0255163218826, 0.0333376787603, 0.0394318662584, 0.036131426692, 0.0379656814039, 0.0363499298692, 0.0300647411495, 0.0234523452818, 0.0474340766668, 0.0543286949396]
    },
    "chords_histogram": [3.29218101501, 0, 25.8230457306, 2.67489719391, 7.81893014908, 3.39506173134, 0, 0.411522626877, 0, 0.823045253754, 0, 0, 2.77777767181, 0, 0.308641970158, 2.57201647758, 1.44032919407, 31.8930034637, 0, 16.7695465088, 0, 0, 0, 0],
    "thpcp": [1, 0.786068856716, 0.548171341419, 0.460320025682, 0.53906583786, 0.571651816368, 0.412269055843, 0.294859707355, 0.291067183018, 0.28247654438, 0.253732591867, 0.232787996531, 0.190933510661, 0.150431036949, 0.14724162221, 0.328715384007, 0.53038495779, 0.392337709665, 0.291618227959, 0.410139352083, 0.43812379241, 0.382706642151, 0.351473629475, 0.336503952742, 0.310673177242, 0.323729246855, 0.416615366936, 0.451989620924, 0.445783287287, 0.474211543798, 0.446089953184, 0.427332669497, 0.469036251307, 0.55071502924, 0.746942400932, 0.972244799137],
    "chords_key": "B",
    "chords_scale": "minor",
    "key_key": "B",
    "key_scale": "major"
}
}