{
"lowlevel": {
    "average_loudness": 0.964709222317,
    "barkbands_crest": {
        "mean": 16.1810188293,
        "var": 17.8716144562
    },
    "barkbands_flatness_db": {
        "mean": 0.264978408813,
        "var": 0.00269249663688
    },
    "barkbands_kurtosis": {
        "mean": 12.6421785355,
        "var": 169.092315674
    },
    "barkbands_skewness": {
        "mean": 2.68102550507,
        "var": 2.45162391663
    },
    "barkbands_spread": {
        "mean": 8.3293428421,
        "var": 72.1134185791
    },
    "dissonance": {
        "mean": 0.424381136894,
        "var": 0.00253157247789
    },
    "dynamic_complexity": 2.43181395531,
    "erbbands_crest": {
        "mean": 11.2959842682,
        "var": 28.0430660248
    },
    "erbbands_flatness_db": {
        "mean": 0.208907499909,
        "var": 0.00390734756365
    },
    "erbbands_kurtosis": {
        "mean": 2.13274288177,
        "var": 15.7921190262
    },
    "erbbands_skewness": {
        "mean": 0.777827143669,
        "var": 0.706638097763
    },
    "erbbands_spread": {
        "mean": 35.1894836426,
        "var": 969.304443359
    },
    "hfc": {
        "mean": 10.443611145,
        "var": 72.1156005859
    },
    "melbands_crest": {
        "mean": 22.1259269714,
        "var": 29.8012523651
    },
    "melbands_flatness_db": {
        "mean": 0.35317876935,
        "var": 0.00375400995836
    },
    "melbands_kurtosis": {
        "mean": 32.6966438293,
        "var": 1471.53710938
    },
    "melbands_skewness": {
        "mean": 3.95403575897,
        "var": 6.89014053345
    },
    "melbands_spread": {
        "mean": 6.46048545837,
        "var": 24.1832084656
    },
    "pitch_salience": {
        "mean": 0.382454931736,
        "var": 0.0149977710098
    },
    "silence_rate_20dB": {
        "mean": 1,
        "var": 0
    },
    "silence_rate_30dB": {
        "mean": 0.981977343559,
        "var": 0.017697725445
    },
    "silence_rate_60dB": {
        "mean": 0.00102986616548,
        "var": 0.00102881784551
    },
    "spectral_centroid": {
        "mean": 554.537353516,
        "var": 154733
    },
    "spectral_complexity": {
        "mean": 9.9346036911,
        "var": 14.1382198334
    },
    "spectral_decrease": {
        "mean": -9.36317956501e-009,
        "var": 3.50790257863e-017
    },
    "spectral_energy": {
        "mean": 0.036286059767,
        "var": 0.0005270751426
    },
    "spectral_energyband_high": {
        "mean": 0.000191741099115,
        "var": 2.18822705733e-007
    },
    "spectral_energyband_low": {
        "mean": 0.0208064429462,
        "var": 0.000142335775308
    },
    "spectral_energyband_middle_high": {
        "mean": 0.00125543191098,
        "var": 2.62937123807e-006
    },
    "spectral_energyband_middle_low": {
        "mean": 0.0143213290721,
        "var": 0.000334129203111
    },
    "spectral_entropy": {
        "mean": 6.79845619202,
        "var": 0.395159572363
    },
    "spectral_flux": {
        "mean": 0.0791735574603,
        "var": 0.00289848120883
    },
    "spectral_kurtosis": {
        "mean": 12.8551883698,
        "var": 153.739624023
    },
    "spectral_rms": {
        "mean": 0.00571608077735,
        "var": 2.72744819085e-006
    },
    "spectral_rolloff": {
        "mean": 391.355804443,
        "var": 357403.625
    },
    "spectral_skewness": {
        "mean": 2.45874667168,
        "var": 1.31175541878
    },
    "spectral_spread": {
        "mean": 3774618.75,
        "var": 8.99542731981e+012
    },
    "spectral_strongpeak": {
        "mean": 0.783043801785,
        "var": 0.538074731827
    },
    "zerocrossingrate": {
        "mean": 0.020917898044,
        "var": 0.00041966047138
    },
    "barkbands": {
        "mean": [4.94362830068e-005, 0.00852435082197, 0.0120180090889, 0.000628023641184, 0.0051635550335, 0.00139804522041, 0.00501701887697, 0.000862430024426, 0.00108351348899, 0.000478014815599, 0.000275170546956, 0.000143502125866, 0.000106289553514, 9.27088185563e-005, 6.7964218033e-005, 5.42555790162e-005, 5.22122245457e-005, 4.56026391475e-005, 2.62554658548e-005, 1.84768523468e-005, 2.63477231783e-005, 3.16160185321e-005, 3.39548241755e-005, 3.96984360123e-005, 4.01164033974e-005, 9.28537610889e-006, 2.62823732555e-007],
        "var": [1.68615255092e-008, 0.000135151480208, 6.30748909316e-005, 1.30497380724e-006, 0.000104699276562, 6.40614280201e-006, 0.000114474467409, 9.87801195151e-006, 6.99660267856e-006, 8.13505494079e-007, 3.89100421216e-007, 1.84678597748e-007, 3.87068368468e-008, 6.25192910775e-008, 2.23777441022e-008, 1.76188041934e-008, 8.76550831919e-009, 1.25344836732e-008, 2.36338570936e-009, 1.93910065782e-009, 2.83752021879e-009, 6.48126974312e-009, 9.40797750815e-009, 1.49940415639e-008, 2.07605985736e-008, 1.07379949377e-009, 1.99528544728e-012]
    },
    "erbbands": {
        "mean": [0.17414689064, 2.41925239563, 13.1009950638, 6.22707271576, 9.96295833588, 20.2790660858, 9.66275310516, 14.9732847214, 65.4705963135, 50.0387916565, 16.5320034027, 23.3359584808, 20.359369278, 13.1992044449, 10.1346378326, 5.84982061386, 5.14204978943, 4.57192754745, 4.60048151016, 2.78481626511, 3.30326485634, 2.73009109497, 2.35809278488, 1.84294712543, 1.21395945549, 0.876213788986, 0.971658825874, 1.11925339699, 1.09701657295, 1.06198513508, 0.96528506279, 0.771965026855, 0.735781133175, 0.560556471348, 0.217673450708, 0.0621482543647, 0.0136892348528, 0.00138266512658, 5.60643493372e-005, 4.21099830419e-005],
        "var": [0.0822390764952, 7.55738019943, 72.6141433716, 17.1573677063, 308.055175781, 2281.43188477, 685.721679688, 720.683105469, 19615.6171875, 18391.2675781, 1455.25292969, 3683.38427734, 1924.84667969, 808.664733887, 406.772766113, 169.212158203, 72.8812332153, 132.143234253, 104.075965881, 41.1832237244, 49.9321250916, 23.9496936798, 25.6575679779, 16.8111076355, 5.29955244064, 3.99703216553, 3.85983538628, 5.9133310318, 7.58993244171, 6.44853830338, 8.40024852753, 5.6840839386, 5.95036077499, 4.31152534485, 0.612153172493, 0.049176517874, 0.00241107773036, 3.1954710721e-005, 2.60877826008e-008, 6.56941501198e-010]
    },
    "gfcc": {
        "mean": [-69.7348175049, 158.699798584, -93.1815414429, 30.689119339, -53.9686203003, 8.73872566223, -23.1540527344, 4.58340263367, -10.4556245804, -7.35276889801, -7.10527324677, -8.34070110321, -6.43587303162],
        "cov": [[3005.18188477, -1261.23754883, 236.552658081, 321.778991699, -657.338623047, 384.371002197, -368.152099609, 80.0908432007, -170.356781006, 134.061584473, -225.406143188, 79.5445175171, -104.864448547], [-1261.23754883, 2504.57885742, -841.143371582, -634.311767578, 563.330627441, -792.347045898, 311.65057373, -266.824279785, 297.166503906, -353.583496094, 299.869628906, -218.396057129, 141.244506836], [236.552658081, -841.143371582, 814.48236084, 74.9215011597, -290.789764404, 303.226165771, -114.84916687, 113.479515076, -121.614074707, 187.004547119, -106.532447815, 156.037521362, -43.3793029785], [321.778991699, -634.311767578, 74.9215011597, 434.086608887, -92.3893737793, 144.164230347, -97.0123748779, 10.1367893219, -55.4569969177, 46.9462814331, -70.2725524902, 19.9911956787, -9.36050319672], [-657.338623047, 563.330627441, -290.789764404, -92.3893737793, 411.760375977, -151.700363159, 83.1178894043, -44.3904724121, 66.7774887085, -54.8016815186, 86.1541824341, -37.2852897644, 50.4029541016], [384.371002197, -792.347045898, 303.226165771, 144.164230347, -151.700363159, 399.400787354, -48.1569976807, 96.8808670044, -90.5682907104, 135.40246582, -67.182800293, 90.0564651489, -9.21464252472], [-368.152099609, 311.65057373, -114.84916687, -97.0123748779, 83.1178894043, -48.1569976807, 220.351715088, 43.0473632813, 41.4194450378, -33.4895324707, 86.1041564941, 4.79344701767, 43.9729957581], [80.0908432007, -266.824279785, 113.479515076, 10.1367893219, -44.3904724121, 96.8808670044, 43.0473632813, 157.315719604, -8.11162090302, 55.6502685547, -10.252248764, 45.6225318909, -5.30549144745], [-170.356781006, 297.166503906, -121.614074707, -55.4569969177, 66.7774887085, -90.5682907104, 41.4194450378, -8.11162090302, 155.538833618, 20.3952007294, 72.1538925171, -16.8944416046, 40.418170929], [134.061584473, -353.583496094, 187.004547119, 46.9462814331, -54.8016815186, 135.40246582, -33.4895324707, 55.6502685547, 20.3952007294, 185.033126831, 12.475279808, 66.1782913208, 1.1806551218], [-225.406143188, 299.869628906, -106.532447815, -70.2725524902, 86.1541824341, -67.182800293, 86.1041564941, -10.252248764, 72.1538925171, 12.475279808, 143.668289185, 20.7826156616, 45.0138244629], [79.5445175171, -218.396057129, 156.037521362, 19.9911956787, -37.2852897644, 90.0564651489, 4.79344701767, 45.6225318909, -16.8944416046, 66.1782913208, 20.7826156616, 133.785415649, 31.7625255585], [-104.864448547, 141.244506836, -43.3793029785, -9.36050319672, 50.4029541016, -9.21464252472, 43.9729957581, -5.30549144745, 40.418170929, 1.1806551218, 45.0138244629, 31.7625255585, 97.9377975464]],
        "icov": [[0.000926090986468, -0.00101216160692, 0.00105226552114, -0.000686017447151, 0.00186853040941, -0.00121479772497, 0.00175954564475, -0.00125123106409, 0.000986824859865, -0.00108671968337, 0.000776761618908, -0.00121742824558, 0.000561765395105], [-0.00101216160692, 0.00830890238285, -0.00181069679093, 0.00607103062794, -0.00475887581706, 0.00723138311878, -0.00489759678021, 0.00652711978182, -0.00500509748235, 0.00636199163273, -0.00487720360979, 0.00531517667696, -0.00509970681742], [0.00105226552114, -0.00181069679093, 0.00421177130193, -0.000693747715559, 0.00343461357988, -0.00227749487385, 0.00268992129713, -0.00225964561105, 0.00258072838187, -0.00353665044531, 0.00247162254527, -0.00384627748281, 0.00131420395337], [-0.000686017447151, 0.00607103062794, -0.000693747715559, 0.00744713982567, -0.00305700511672, 0.00439665419981, -0.00250880932435, 0.00474827550352, -0.00313853402622, 0.00414527300745, -0.00283983745612, 0.00370477302931, -0.0043660136871], [0.00186853040941, -0.00475887581706, 0.00343461357988, -0.00305700511672, 0.00844108313322, -0.00412354851142, 0.00438528321683, -0.00434781983495, 0.00391265610233, -0.00472274282947, 0.0024547195062, -0.00394105259329, 0.00174850411713], [-0.00121479772497, 0.00723138311878, -0.00227749487385, 0.00439665419981, -0.00412354851142, 0.0119349034503, -0.00520911766216, 0.0045044622384, -0.00195856229402, 0.00255094654858, -0.00312428013422, 0.00431783962995, -0.00567717151716], [0.00175954564475, -0.00489759678021, 0.00268992129713, -0.00250880932435, 0.00438528321683, -0.00520911766216, 0.0128346802667, -0.00823699589819, 0.00395837798715, -0.00199138605967, -0.00123859231826, -0.00327790901065, 0.000965845247265], [-0.00125123106409, 0.00652711978182, -0.00225964561105, 0.00474827550352, -0.00434781983495, 0.0045044622384, -0.00823699589819, 0.0152013339102, -0.00543683767319, 0.00366649124771, -0.00151309987996, 0.00240231608041, -0.00200100662187], [0.000986824859865, -0.00500509748235, 0.00258072838187, -0.00313853402622, 0.00391265610233, -0.00195856229402, 0.00395837798715, -0.00543683767319, 0.0151428254321, -0.00851813517511, -8.54381869431e-005, -0.000800848356448, -0.00099932635203], [-0.00108671968337, 0.00636199163273, -0.00353665044531, 0.00414527300745, -0.00472274282947, 0.00255094654858, -0.00199138605967, 0.00366649124771, -0.00851813517511, 0.0166392084211, -0.00699642393738, 0.0025934681762, -0.00205642054789], [0.000776761618908, -0.00487720360979, 0.00247162254527, -0.00283983745612, 0.0024547195062, -0.00312428013422, -0.00123859231826, -0.00151309987996, -8.54381869431e-005, -0.00699642393738, 0.0175794512033, -0.00729249045253, 0.00201059901156], [-0.00121742824558, 0.00531517667696, -0.00384627748281, 0.00370477302931, -0.00394105259329, 0.00431783962995, -0.00327790901065, 0.00240231608041, -0.000800848356448, 0.0025934681762, -0.00729249045253, 0.0178487543017, -0.00841976795346], [0.000561765395105, -0.00509970681742, 0.00131420395337, -0.0043660136871, 0.00174850411713, -0.00567717151716, 0.000965845247265, -0.00200100662187, -0.00099932635203, -0.00205642054789, 0.00201059901156, -0.00841976795346, 0.0185992829502]]
    },
    "melbands": {
        "mean": [0.00203248416074, 0.00551697053015, 0.00123490649275, 0.00122916977853, 0.000449728249805, 0.000335007032845, 0.0010239481926, 0.000461806164822, 0.000125686681713, 0.000151333108079, 9.93736102828e-005, 5.3136900533e-005, 3.87900727219e-005, 1.75510067493e-005, 1.29413256218e-005, 9.13141138881e-006, 8.56860879139e-006, 7.8614712038e-006, 4.19884418079e-006, 3.5614382341e-006, 3.99377859139e-006, 2.90698471872e-006, 2.37601830122e-006, 2.04312641472e-006, 1.42306430462e-006, 1.01028149402e-006, 6.18182809831e-007, 5.68477219076e-007, 5.9484762005e-007, 6.10413337654e-007, 6.7330603315e-007, 6.19872253083e-007, 6.17571288331e-007, 5.6322016917e-007, 5.34958928711e-007, 5.72118608488e-007, 4.13509951613e-007, 4.54320513654e-007, 5.87036822708e-007, 4.41763660319e-007],
        "var": [9.43987743085e-006, 1.06754878288e-005, 8.12990322174e-007, 6.21548042545e-006, 1.38504117331e-006, 4.19758663384e-007, 4.62236585008e-006, 1.70624218754e-006, 8.5669164207e-008, 1.65082610692e-007, 4.78035317997e-008, 1.37076785478e-008, 5.64769964129e-009, 2.81016676595e-009, 7.01185332019e-010, 2.75224232293e-010, 5.61567459201e-010, 3.59653778981e-010, 1.00233932265e-010, 7.90684670515e-011, 8.72085459402e-011, 3.08957165407e-011, 1.93310176894e-011, 3.31097128881e-011, 1.07850273851e-011, 3.49634492365e-012, 2.39592742347e-012, 1.78235779e-012, 1.63910681902e-012, 1.69909843573e-012, 2.36395820453e-012, 2.68903150615e-012, 2.42561764945e-012, 1.86649805854e-012, 2.44111913843e-012, 3.95265244146e-012, 1.61626387187e-012, 2.24785728226e-012, 4.38505698766e-012, 3.00002904463e-012]
    },
    "mfcc": {
        "mean": [-717.518310547, 182.646255493, 21.8813915253, 29.2452735901, 2.45347356796, 6.61690235138, 0.520243883133, 10.2212677002, 4.01367282867, 2.03571796417, 1.95171248913, 2.3506925106, 1.53929567337],
        "cov": [[2590.54296875, -1334.88293457, 425.975616455, -116.821884155, -122.595687866, 106.95627594, -179.758224487, -52.7753562927, -42.3250656128, -32.4617156982, -34.5534057617, -28.7641048431, -142.573181152], [-1334.88293457, 2649.51660156, -1078.54040527, 59.516456604, -51.7330856323, -329.49710083, -62.0597572327, 4.21229887009, -84.1765594482, -44.0319824219, 24.0794334412, 13.5247869492, 20.0884437561], [425.975616455, -1078.54040527, 1036.70983887, -173.117507935, -69.2679748535, 108.871612549, 8.30813312531, -24.4906482697, 49.3136062622, -13.4050979614, -12.4984378815, -9.00729179382, 52.0123329163], [-116.821884155, 59.516456604, -173.117507935, 269.9972229, 30.5075836182, -19.2582530975, -35.7523193359, -4.87835264206, -14.1379518509, -20.6423053741, -9.81178760529, 0.437436133623, -13.6753902435], [-122.595687866, -51.7330856323, -69.2679748535, 30.5075836182, 201.076049805, 54.4155082703, -12.5298528671, -32.8160209656, 1.80275464058, 7.93022441864, -6.81451940536, -10.9148302078, 3.50621128082], [106.95627594, -329.49710083, 108.871612549, -19.2582530975, 54.4155082703, 167.19744873, 20.4652709961, -25.2856445313, 6.52608156204, 11.0825452805, -15.8377513885, -4.86642074585, 14.5976247787], [-179.758224487, -62.0597572327, 8.30813312531, -35.7523193359, -12.5298528671, 20.4652709961, 178.094528198, 59.9548110962, 15.9591245651, 14.2994070053, -4.53093242645, 3.95161509514, 21.4798946381], [-52.7753562927, 4.21229887009, -24.4906482697, -4.87835264206, -32.8160209656, -25.2856445313, 59.9548110962, 116.815437317, 23.9285106659, -16.5912094116, 2.81797337532, 1.17000961304, -5.97441864014], [-42.3250656128, -84.1765594482, 49.3136062622, -14.1379518509, 1.80275464058, 6.52608156204, 15.9591245651, 23.9285106659, 87.196647644, 29.4290981293, 1.16472172737, 3.0294444561, 4.94299650192], [-32.4617156982, -44.0319824219, -13.4050979614, -20.6423053741, 7.93022441864, 11.0825452805, 14.2994070053, -16.5912094116, 29.4290981293, 108.565376282, 30.6245746613, 4.08965826035, 9.33362007141], [-34.5534057617, 24.0794334412, -12.4984378815, -9.81178760529, -6.81451940536, -15.8377513885, -4.53093242645, 2.81797337532, 1.16472172737, 30.6245746613, 88.5250015259, 31.8267765045, 5.17351150513], [-28.7641048431, 13.5247869492, -9.00729179382, 0.437436133623, -10.9148302078, -4.86642074585, 3.95161509514, 1.17000961304, 3.0294444561, 4.08965826035, 31.8267765045, 73.7430496216, 27.2096004486], [-142.573181152, 20.0884437561, 52.0123329163, -13.6753902435, 3.50621128082, 14.5976247787, 21.4798946381, -5.97441864014, 4.94299650192, 9.33362007141, 5.17351150513, 27.2096004486, 96.7424621582]],
        "icov": [[0.000830485543702, 0.000632937473711, 0.000401216937462, 0.0006289788289, 0.000745582045056, 0.000110146000225, 0.00103610893711, 0.000108125626866, 0.000541933230124, 0.000195407803403, 0.000330034381477, -0.000107267456769, 0.000664657563902], [0.000632937473711, 0.00149294373114, 0.00141195661854, 0.0010463274084, 0.000873080338351, 0.00144205079414, 0.000950563931838, 0.000643495644908, 0.000379720702767, 0.000838653242681, 9.56853255047e-005, 0.000434012559708, -0.000636487966403], [0.000401216937462, 0.00141195661854, 0.00273226574063, 0.00162310665473, 0.00139648793265, 0.000621847459115, 0.000826223928016, 0.00117615086492, -0.0007653387147, 0.00162731541786, -0.000277675164398, 0.00105671247002, -0.00159694347531], [0.0006289788289, 0.0010463274084, 0.00162310665473, 0.0051765483804, 0.000300329382299, 0.00091175158741, 0.00166842190083, 0.000316584046232, 0.000347519497154, 0.00124972034246, 0.000627078406978, -9.51276015257e-005, -7.56687732064e-005], [0.000745582045056, 0.000873080338351, 0.00139648793265, 0.000300329382299, 0.00697041815147, -0.00174748047721, 0.00112225476187, 0.00181383185554, -0.000544389535207, 0.000791286875028, -0.000213621009607, 0.00131739815697, -0.000324590393575], [0.000110146000225, 0.00144205079414, 0.000621847459115, 0.00091175158741, -0.00174748047721, 0.00972162093967, -0.00102917698678, 0.00220113596879, 0.000123769466882, 0.000215542808292, 0.00123775773682, 0.000273546291282, -0.00155194010586], [0.00103610893711, 0.000950563931838, 0.000826223928016, 0.00166842190083, 0.00112225476187, -0.00102917698678, 0.00917543191463, -0.00452703051269, 0.00139407464303, -0.0015035320539, 0.00163503491785, -0.000308525748551, -0.00100781023502], [0.000108125626866, 0.000643495644908, 0.00117615086492, 0.000316584046232, 0.00181383185554, 0.00220113596879, -0.00452703051269, 0.0138398315758, -0.00471188640222, 0.00462322868407, -0.00204804772511, 0.00114589405712, 0.000482040137285], [0.000541933230124, 0.000379720702767, -0.0007653387147, 0.000347519497154, -0.000544389535207, 0.000123769466882, 0.00139407464303, -0.00471188640222, 0.0154636316001, -0.00547837559134, 0.00249684485607, -0.00167792476714, 0.000657807453535], [0.000195407803403, 0.000838653242681, 0.00162731541786, 0.00124972034246, 0.000791286875028, 0.000215542808292, -0.0015035320539, 0.00462322868407, -0.00547837559134, 0.0139498999342, -0.00552787957713, 0.00265944749117, -0.00154460442718], [0.000330034381477, 9.56853255047e-005, -0.000277675164398, 0.000627078406978, -0.000213621009607, 0.00123775773682, 0.00163503491785, -0.00204804772511, 0.00249684485607, -0.00552787957713, 0.0161997135729, -0.00732236960903, 0.00163482443895], [-0.000107267456769, 0.000434012559708, 0.00105671247002, -9.51276015257e-005, 0.00131739815697, 0.000273546291282, -0.000308525748551, 0.00114589405712, -0.00167792476714, 0.00265944749117, -0.00732236960903, 0.0190444830805, -0.00591521896422], [0.000664657563902, -0.000636487966403, -0.00159694347531, -7.56687732064e-005, -0.000324590393575, -0.00155194010586, -0.00100781023502, 0.000482040137285, 0.000657807453535, -0.00154460442718, 0.00163482443895, -0.00591521896422, 0.0144874630496]]
    },
    "spectral_contrast_coeffs": {
        "mean": [-0.561700165272, -0.699260175228, -0.761910259724, -0.802953541279, -0.800640702248, -0.775408864021],
        "var": [0.00722008105367, 0.00696814991534, 0.00312438840047, 0.00189341441728, 0.00160783587489, 0.00141009967774]
    },
    "spectral_contrast_valleys": {
        "mean": [-7.39666175842, -6.78320407867, -7.59025144577, -8.53236865997, -8.76066207886, -11.4473962784],
        "var": [0.539857923985, 0.551664888859, 0.517094910145, 0.533517003059, 0.594238758087, 1.71584331989]
    }
},
"metadata": {
    "audio_properties": {
        "analysis_sample_rate": 44100,
        "bit_rate": 128074,
        "equal_loudness": 0,
        "length": 45.0612258911,
        "lossless": 0,
        "replay_gain": -5.85375595093,
        "sample_rate": 44100,
        "codec": "mp3",
        "downmix": "mix",
        "md5_encoded": "39efdec89e7f1938a93a15280fb8dbcf"
    },
    "tags": {
        "file_name": "1599.mp3"
    },
    "version": {
        "essentia": "2.1-beta2",
        "essentia_git_sha": "v2.1_beta2",
        "extractor": "music 1.0"
    }
},
"rhythm": {
    "beats_count": 114,
    "beats_loudness": {
        "mean": 0.0490404255688,
        "var": 0.000663328857627
    },
    "bpm": 153.380126953,
    "bpm_histogram_first_peak_bpm": {
        "mean": 152,
        "var": 0
    },
    "bpm_histogram_first_peak_spread": {
        "mean": 0.0847457423806,
        "var": 0
    },
    "bpm_histogram_first_peak_weight": {
        "mean": 0.477876096964,
        "var": 0
    },
    "bpm_histogram_second_peak_bpm": {
        "mean": 157,
        "var": 0
    },
    "bpm_histogram_second_peak_spread": {
        "mean": 0.272727251053,
        "var": 0
    },
    "bpm_histogram_second_peak_weight": {
        "mean": 0.283185839653,
        "var": 0
    },
    "danceability": 1.51817679405,
    "onset_rate": 4.17022132874,
    "beats_loudness_band_ratio": {
        "mean": [0.553909778595, 0.202528506517, 0.229285791516, 0.0330613777041, 0.0135049531236, 0.00662216031924],
        "var": [0.0584850311279, 0.0354321822524, 0.0423984155059, 0.00189206108917, 0.000257543375483, 0.000221401613089]
    },
    "beats_position": [0.348299324512, 0.708208620548, 1.06811785698, 1.45124709606, 1.84598636627, 2.24072551727, 2.63546490669, 3.03020405769, 3.41333317757, 3.80807256699, 4.20281171799, 4.59755086899, 5.00390005112, 5.41024923325, 5.8282084465, 6.19972801208, 6.57124710083, 6.94276618958, 7.31428575516, 7.74385452271, 8.18503379822, 8.62621307373, 9.05578231812, 9.49696159363, 9.92653083801, 10.3677091599, 10.7624483109, 11.1687984467, 11.5635375977, 11.9350566864, 12.3065757751, 12.6780948639, 13.0612239838, 13.4443531036, 13.8390922546, 14.2338323593, 14.6169614792, 15.0000905991, 15.3948297501, 15.7779588699, 16.1726989746, 16.5558280945, 16.9505672455, 17.3453063965, 17.7284355164, 18.1115646362, 18.5063037872, 18.9010429382, 19.2957820892, 19.667301178, 20.062040329, 20.45677948, 20.8399085999, 21.2230377197, 21.6177768707, 22.0125160217, 22.3956451416, 22.7787742615, 23.1735134125, 23.5682544708, 23.9513835907, 24.3345127106, 24.7292518616, 25.1239910126, 25.5303401947, 25.9134693146, 26.3082084656, 26.7145576477, 27.0976867676, 27.4692058563, 27.8639450073, 28.2586841583, 28.6418132782, 29.0249423981, 29.4196815491, 29.8144207001, 30.2091598511, 30.6038990021, 30.9986381531, 31.3933773041, 31.7648983002, 32.1364173889, 32.5311546326, 32.9258956909, 33.3090248108, 33.6921539307, 34.0868911743, 34.4816322327, 34.8763694763, 35.2594985962, 35.6542396545, 36.0489807129, 36.4437179565, 36.8268470764, 37.2215881348, 37.6163253784, 38.0110664368, 38.4058036804, 38.8005447388, 39.1720619202, 39.5668029785, 39.9499320984, 40.344669342, 40.7277984619, 41.1109275818, 41.5056686401, 41.88879776, 42.2835350037, 42.6666641235, 43.0497932434, 43.4445343018, 43.8392753601, 44.22240448, 44.6055335999]
},
"tonal": {
    "chords_changes_rate": 0.0257201641798,
    "chords_number_rate": 0.00411522621289,
    "chords_strength": {
        "mean": 0.481309741735,
        "var": 0.0055947243236
    },
    "hpcp_entropy": {
        "mean": 1.92796993256,
        "var": 0.343328207731
    },
    "key_strength": 0.488580673933,
    "tuning_diatonic_strength": 0.48185762763,
    "tuning_equal_tempered_deviation": 0.114746876061,
    "tuning_frequency": 438.477722168,
    "tuning_nontempered_energy_ratio": 0.704583764076,
    "hpcp": {
        "mean": [0.736871182919, 0.398864507675, 0.0538434199989, 0.0369797721505, 0.0347214192152, 0.0316975861788, 0.0349395349622, 0.038713902235, 0.126589521766, 0.242389902472, 0.152488172054, 0.0300443470478, 0.019862074405, 0.0130231333897, 0.00946086831391, 0.0108238998801, 0.00981262419373, 0.0065750926733, 0.0071065435186, 0.00784008298069, 0.00931208301336, 0.0244689285755, 0.034373909235, 0.024388898164, 0.0197688695043, 0.0218149181455, 0.0187087915838, 0.0203352086246, 0.0245534963906, 0.0276082381606, 0.0348977856338, 0.0387030392885, 0.0397315211594, 0.0420112088323, 0.0564014203846, 0.407160580158],
        "var": [0.157114416361, 0.0615999363363, 0.021240523085, 0.0202712714672, 0.0184840522707, 0.0179782081395, 0.0155009189621, 0.0162456277758, 0.0475189983845, 0.168273225427, 0.069378465414, 0.0111341280863, 0.00850251596421, 0.00362673797645, 0.00248063378967, 0.00211123563349, 0.00109664723277, 0.00023028763826, 0.000352704897523, 0.000514611427207, 0.000838232575916, 0.00116474786773, 0.0026112399064, 0.00424131378531, 0.00767342699692, 0.0106124002486, 0.00663556577638, 0.00369887799025, 0.00658015627414, 0.00712365098298, 0.0109652103856, 0.0129386782646, 0.0149203827605, 0.0165067017078, 0.0217963121831, 0.0649397820234]
    },
    "chords_histogram": [73.5596694946, 0, 0, 0, 0.925925910473, 15.9465017319, 0, 0, 0, 8.23045253754, 0, 0.205761313438, 0, 0, 0, 0, 0, 0, 0, 0, 0, 0, 0, 1.13168728352],
    "thpcp": [1, 0.541294753551, 0.073070332408, 0.050184853375, 0.0471200682223, 0.0430164560676, 0.0474160686135, 0.0525382235646, 0.171793282032, 0.32894474268, 0.206940069795, 0.0407728627324, 0.0269546080381, 0.0176735557616, 0.012839242816, 0.0146889984608, 0.0133166071028, 0.00892298761755, 0.00964421406388, 0.0106396926567, 0.0126373283565, 0.0332065224648, 0.046648465097, 0.0330979116261, 0.0268281213939, 0.0296047925949, 0.025389501825, 0.027596693486, 0.033321287483, 0.0374668464065, 0.0473594106734, 0.0525234788656, 0.0539192222059, 0.0570129603148, 0.0765417665243, 0.552553296089],
    "chords_key": "A",
    "chords_scale": "minor",
    "key_key": "A",
    "key_scale": "minor"
}
}