{
"lowlevel": {
    "average_loudness": 0.471838593483,
    "barkbands_crest": {
        "mean": 9.16268157959,
        "var": 14.6141309738
    },
    "barkbands_flatness_db": {
        "mean": 0.154968783259,
        "var": 0.00180662563071
    },
    "barkbands_kurtosis": {
        "mean": 2.13689398766,
        "var": 17.6495037079
    },
    "barkbands_skewness": {
        "mean": 1.10779309273,
        "var": 0.556479036808
    },
    "barkbands_spread": {
        "mean": 15.7015132904,
        "var": 39.1174201965
    },
    "dissonance": {
        "mean": 0.446320444345,
        "var": 0.000922694802284
    },
    "dynamic_complexity": 2.47320914268,
    "erbbands_crest": {
        "mean": 10.3881616592,
        "var": 16.8283500671
    },
    "erbbands_flatness_db": {
        "mean": 0.207045853138,
        "var": 0.00090570905013
    },
    "erbbands_kurtosis": {
        "mean": 0.174965932965,
        "var": 2.09463834763
    },
    "erbbands_skewness": {
        "mean": 0.490006178617,
        "var": 0.322017550468
    },
    "erbbands_spread": {
        "mean": 26.5012207031,
        "var": 65.1874694824
    },
    "hfc": {
        "mean": 16.6076965332,
        "var": 183.350585938
    },
    "melbands_crest": {
        "mean": 12.7023935318,
        "var": 28.9631404877
    },
    "melbands_flatness_db": {
        "mean": 0.223661422729,
        "var": 0.00297698564827
    },
    "melbands_kurtosis": {
        "mean": 5.38536787033,
        "var": 53.7833518982
    },
    "melbands_skewness": {
        "mean": 1.69562327862,
        "var": 0.816353678703
    },
    "melbands_spread": {
        "mean": 19.8794631958,
        "var": 101.688560486
    },
    "pitch_salience": {
        "mean": 0.536167562008,
        "var": 0.00858797878027
    },
    "silence_rate_20dB": {
        "mean": 1,
        "var": 0
    },
    "silence_rate_30dB": {
        "mean": 0.981471955776,
        "var": 0.0181847829372
    },
    "silence_rate_60dB": {
        "mean": 0.0226453933865,
        "var": 0.022131530568
    },
    "spectral_centroid": {
        "mean": 1151.69213867,
        "var": 284013.09375
    },
    "spectral_complexity": {
        "mean": 17.9006690979,
        "var": 22.1965808868
    },
    "spectral_decrease": {
        "mean": -6.61432597582e-009,
        "var": 3.60294629276e-017
    },
    "spectral_energy": {
        "mean": 0.0264703631401,
        "var": 0.000558094645385
    },
    "spectral_energyband_high": {
        "mean": 0.000214695610339,
        "var": 8.27055970376e-008
    },
    "spectral_energyband_low": {
        "mean": 0.00708942161873,
        "var": 0.000215959618799
    },
    "spectral_energyband_middle_high": {
        "mean": 0.00639609899372,
        "var": 5.82410648349e-005
    },
    "spectral_energyband_middle_low": {
        "mean": 0.0137648554519,
        "var": 0.000127788371174
    },
    "spectral_entropy": {
        "mean": 6.9852643013,
        "var": 0.0636899545789
    },
    "spectral_flux": {
        "mean": 0.0632765442133,
        "var": 0.000585004279856
    },
    "spectral_kurtosis": {
        "mean": 8.74898433685,
        "var": 27.4649124146
    },
    "spectral_rms": {
        "mean": 0.0047070547007,
        "var": 3.66841368304e-006
    },
    "spectral_rolloff": {
        "mean": 1175.05126953,
        "var": 796481.875
    },
    "spectral_skewness": {
        "mean": 1.90346777439,
        "var": 0.254864364862
    },
    "spectral_spread": {
        "mean": 2697741.25,
        "var": 1.69966331494e+012
    },
    "spectral_strongpeak": {
        "mean": 1.32657885551,
        "var": 1.62553679943
    },
    "zerocrossingrate": {
        "mean": 0.0456275343895,
        "var": 0.000572327524424
    },
    "barkbands": {
        "mean": [0.000133421955979, 0.0024143869523, 0.0037703611888, 0.00198555411771, 0.00202422449365, 0.00168296368793, 0.0038026298862, 0.00215724855661, 0.0016532697482, 0.00164748390671, 0.00161304324865, 0.000802734517492, 0.000404351972975, 0.000332387629896, 0.000432297529187, 0.000473112129839, 0.000351913127815, 0.000262680987362, 0.000214769563172, 0.00017873881734, 7.69844264141e-005, 3.17260492011e-005, 1.22254014059e-005, 5.87341219216e-006, 3.94249582314e-006, 1.97613826458e-006, 9.68072981777e-008],
        "var": [4.00740196582e-009, 1.71289266291e-005, 0.000126390354126, 1.68704918906e-005, 5.7976262724e-006, 3.98375686927e-006, 3.11658222927e-005, 2.83525696432e-005, 5.51339462618e-006, 6.7164878601e-006, 2.24172417802e-005, 1.11480603664e-005, 8.36443803109e-007, 1.44554832104e-007, 6.65193226723e-007, 9.58490659286e-007, 2.78917241303e-007, 2.45431721169e-007, 1.144759878e-007, 1.08754242945e-007, 1.92603959448e-008, 2.57873766785e-009, 5.80128001193e-010, 7.45173020511e-011, 3.32071800613e-011, 8.33138939782e-012, 5.56303186025e-014]
    },
    "erbbands": {
        "mean": [0.0258202366531, 0.745848715305, 4.2699007988, 5.05487918854, 7.39645433426, 6.2197098732, 7.91807937622, 17.3785476685, 52.0308074951, 57.1668930054, 33.9279441833, 38.7533149719, 38.7666130066, 60.9504699707, 64.5124893188, 32.9388504028, 21.3724308014, 16.3004512787, 16.4019241333, 32.0694770813, 24.6395435333, 16.6052494049, 15.4024801254, 12.7691001892, 10.1549243927, 9.23843288422, 5.20333147049, 1.73473405838, 1.01541090012, 0.622244477272, 0.335706621408, 0.153688669205, 0.0799942314625, 0.0488285422325, 0.0226229000837, 0.0103061255068, 0.00361307570711, 0.000388965185266, 2.39705968852e-005, 3.10012837872e-005],
        "var": [0.00170805770904, 1.82508087158, 145.507980347, 86.128074646, 124.714012146, 53.7668914795, 81.1967468262, 467.404541016, 6109.52099609, 10597.5410156, 3242.28759766, 3509.41430664, 2358.83129883, 12634.6279297, 44183.3632813, 10200.1796875, 2112.04663086, 296.922668457, 314.560943604, 5178.02734375, 2601.36816406, 515.4375, 831.919921875, 344.784576416, 384.722015381, 243.103561401, 79.0608520508, 6.96267557144, 2.13032507896, 1.00236392021, 0.494652181864, 0.0584202632308, 0.0140799386427, 0.00629547378048, 0.001033190405, 0.000206310331123, 3.35836848535e-005, 3.41662996561e-007, 5.67405900043e-010, 7.22372051065e-010]
    },
    "gfcc": {
        "mean": [-24.8562412262, 134.492675781, -145.883529663, 17.7785549164, -56.9852523804, -6.1357178688, -30.0493564606, 8.36890602112, -20.8019256592, -0.122696846724, -14.8782701492, -4.15200090408, -8.10599517822],
        "cov": [[4318.49804688, -326.821990967, -108.457420349, 170.889633179, -150.281219482, 175.27243042, -16.9558010101, 133.359893799, -164.197052002, 113.603614807, -126.129692078, 96.6936950684, -104.936721802], [-326.821990967, 895.076599121, 178.684036255, 19.1825027466, 259.279754639, -31.778169632, 54.9423828125, -72.2945709229, 116.056838989, -131.29385376, 91.2643051147, -138.939819336, 28.0114173889], [-108.457420349, 178.684036255, 326.149963379, 102.914489746, 140.943786621, 78.9393005371, 48.6065788269, 24.8342685699, 9.08486557007, -18.8121471405, 5.43592119217, -39.7918815613, -34.9206542969], [170.889633179, 19.1825027466, 102.914489746, 170.234268188, 74.8941116333, 61.5501899719, 27.4667396545, 17.3961200714, -9.39908504486, -2.55141544342, -13.7788095474, -14.3349981308, -19.159368515], [-150.281219482, 259.279754639, 140.943786621, 74.8941116333, 212.280578613, 61.1904983521, 50.4264411926, 2.93401193619, 26.6352958679, -39.4384002686, 8.02704238892, -42.996471405, -12.3086738586], [175.27243042, -31.778169632, 78.9393005371, 61.5501899719, 61.1904983521, 128.879440308, 45.3150634766, 20.0710258484, -17.9645404816, -3.7264559269, -25.8466396332, 4.50842285156, -17.0666751862], [-16.9558010101, 54.9423828125, 48.6065788269, 27.4667396545, 50.4264411926, 45.3150634766, 103.477333069, 26.9921970367, 7.14186477661, -5.40623092651, -3.77971100807, -3.11872410774, -0.545013785362], [133.359893799, -72.2945709229, 24.8342685699, 17.3961200714, 2.93401193619, 20.0710258484, 26.9921970367, 103.129943848, 13.8091650009, 19.818605423, -0.785107672215, 14.7333879471, -3.85462260246], [-164.197052002, 116.056838989, 9.08486557007, -9.39908504486, 26.6352958679, -17.9645404816, 7.14186477661, 13.8091650009, 94.1852874756, 2.23378396034, 27.1778392792, -6.00446033478, 12.5851640701], [113.603614807, -131.29385376, -18.8121471405, -2.55141544342, -39.4384002686, -3.7264559269, -5.40623092651, 19.818605423, 2.23378396034, 93.0668029785, 12.718000412, 26.5389919281, -5.15134048462], [-126.129692078, 91.2643051147, 5.43592119217, -13.7788095474, 8.02704238892, -25.8466396332, -3.77971100807, -0.785107672215, 27.1778392792, 12.718000412, 87.5481643677, 8.51405239105, 10.46667099], [96.6936950684, -138.939819336, -39.7918815613, -14.3349981308, -42.996471405, 4.50842285156, -3.11872410774, 14.7333879471, -6.00446033478, 26.5389919281, 8.51405239105, 90.8852157593, 17.3783454895], [-104.936721802, 28.0114173889, -34.9206542969, -19.159368515, -12.3086738586, -17.0666751862, -0.545013785362, -3.85462260246, 12.5851640701, -5.15134048462, 10.46667099, 17.3783454895, 75.6007080078]],
        "icov": [[0.00041573587805, -0.00078555586515, 0.000457887654193, -0.000552667654119, 0.000839699234348, -0.000814244092908, 0.000502362672705, -0.000911277486011, 0.000928661669604, -0.000850833312143, 0.000829473428894, -0.000831613957416, 0.000713376037311], [-0.00078555586515, 0.00619623996317, -0.00185760378372, 0.00174972997047, -0.00521989073604, 0.00342315016314, -0.00252629187889, 0.00433345232159, -0.00481919804588, 0.00530629558489, -0.00522961607203, 0.00555018568411, -0.00306315603666], [0.000457887654193, -0.00185760378372, 0.00583567284048, -0.00218513794243, -0.000428321684012, -0.00262400414795, 0.000672562746331, -0.00230513513088, 0.00169927906245, -0.00160846987274, 0.000655696436297, -0.000725787947886, 0.00237441668287], [-0.000552667654119, 0.00174972997047, -0.00218513794243, 0.00925606302917, -0.00338689773344, -0.000662902020849, -0.000634209834971, 0.000921718834434, -0.000752312305849, 0.000780367117841, -0.000899685837794, 0.0020033789333, -0.000895216187928], [0.000839699234348, -0.00521989073604, -0.000428321684012, -0.00338689773344, 0.0136585962027, -0.0054932590574, 0.000326366745867, -0.00286395172589, 0.00178155873436, -0.00196460913867, 0.00291862152517, -0.00246757082641, 0.00261614145711], [-0.000814244092908, 0.00342315016314, -0.00262400414795, -0.000662902020849, -0.0054932590574, 0.0155436154455, -0.0050308923237, 0.00217382679693, -0.000850796757732, 0.00269277649932, 0.000161118747201, 0.000255129736615, -0.000845295377076], [0.000502362672705, -0.00252629187889, 0.000672562746331, -0.000634209834971, 0.000326366745867, -0.0050308923237, 0.0139994844794, -0.00466882018372, 0.00166228134185, -0.00203079218045, 0.00220934627578, -0.00212846766226, 0.000331873277901], [-0.000911277486011, 0.00433345232159, -0.00230513513088, 0.000921718834434, -0.00286395172589, 0.00217382679693, -0.00466882018372, 0.0151930553839, -0.00600479356945, 0.00195099925622, -0.00312132015824, 0.00233537959866, -0.00190839543939], [0.000928661669604, -0.00481919804588, 0.00169927906245, -0.000752312305849, 0.00178155873436, -0.000850796757732, 0.00166228134185, -0.00600479356945, 0.0174354836345, -0.00507562793791, 0.00130227440968, -0.0034631008748, 0.000840141321532], [-0.000850833312143, 0.00530629558489, -0.00160846987274, 0.000780367117841, -0.00196460913867, 0.00269277649932, -0.00203079218045, 0.00195099925622, -0.00507562793791, 0.0180996246636, -0.00679787155241, 0.0021554522682, -0.000795516418293], [0.000829473428894, -0.00522961607203, 0.000655696436297, -0.000899685837794, 0.00291862152517, 0.000161118747201, 0.00220934627578, -0.00312132015824, 0.00130227440968, -0.00679787155241, 0.0187620129436, -0.00681213010103, 0.00182059267536], [-0.000831613957416, 0.00555018568411, -0.000725787947886, 0.0020033789333, -0.00246757082641, 0.000255129736615, -0.00212846766226, 0.00233537959866, -0.0034631008748, 0.0021554522682, -0.00681213010103, 0.0196928139776, -0.00613902090117], [0.000713376037311, -0.00306315603666, 0.00237441668287, -0.000895216187928, 0.00261614145711, -0.000845295377076, 0.000331873277901, -0.00190839543939, 0.000840141321532, -0.000795516418293, 0.00182059267536, -0.00613902090117, 0.0173276923597]]
    },
    "melbands": {
        "mean": [0.000452235981356, 0.00180929980706, 0.00101122818887, 0.000500235822983, 0.000273579993518, 0.000383287464501, 0.000795632309746, 0.000609589274973, 0.000270196498604, 0.000238264081418, 0.000190550767002, 0.000244832539465, 0.000211700476939, 0.000128182306071, 5.74756850256e-005, 3.19205428241e-005, 3.19492428389e-005, 2.55916056631e-005, 3.22485830111e-005, 4.2206262151e-005, 2.73486912192e-005, 1.81723007699e-005, 1.43885090438e-005, 1.33286694108e-005, 1.01541618278e-005, 7.08700736141e-006, 6.60602700009e-006, 5.89957107877e-006, 3.68232031178e-006, 1.68858935012e-006, 9.01621490357e-007, 6.23713617642e-007, 4.55290205537e-007, 3.02050580103e-007, 2.16699532984e-007, 9.30187340487e-008, 9.51488274836e-008, 5.62879804988e-008, 5.14454328027e-008, 3.67221240083e-008],
        "var": [5.14836244747e-007, 2.07459543162e-005, 2.81174311567e-006, 3.57245937721e-007, 9.12473581138e-008, 2.23924914167e-007, 1.32028799271e-006, 1.53023597704e-006, 1.98892692538e-007, 1.37649834642e-007, 6.22129689987e-008, 2.14404394683e-007, 3.75525388563e-007, 2.56032393509e-007, 1.22757475296e-008, 3.7753848936e-009, 1.49544099326e-009, 9.76193015312e-010, 4.0798595613e-009, 7.48150785768e-009, 4.24913171315e-009, 1.02663355595e-009, 5.6414617422e-010, 7.49296846791e-010, 2.96599828031e-010, 2.0364825104e-010, 2.37485364707e-010, 1.26283553059e-010, 4.66618549355e-011, 1.47993214905e-011, 4.10597510853e-012, 1.26873056332e-012, 5.62959834999e-013, 4.97854036642e-013, 2.37354081702e-013, 2.22568901379e-014, 4.02407565549e-014, 1.10563108961e-014, 7.91298094622e-015, 4.29474588081e-015]
    },
    "mfcc": {
        "mean": [-663.128295898, 166.660324097, -28.882019043, 22.9857501984, -9.72139835358, -6.79576778412, -4.5510725975, 0.359233528376, 1.57645130157, 1.32844400406, -3.33049702644, -1.14279401302, 2.36128973961],
        "cov": [[2552.14648438, -368.669891357, 59.4338989258, 9.08630371094, -61.0697250366, 69.2477416992, 69.7619476318, 49.6752967834, 20.9697036743, 55.6168289185, -57.5074958801, -23.0653781891, 91.7161560059], [-368.669891357, 747.924438477, 52.7608566284, 96.7937698364, 170.097000122, 34.842590332, 40.5984230042, 35.95703125, 9.44324016571, -2.14127874374, 12.6554279327, 53.1545753479, 45.9851226807], [59.4338989258, 52.7608566284, 203.625762939, 49.4155464172, 73.5826339722, 42.4802398682, 48.9250679016, 35.2453536987, 14.5127096176, 22.1805114746, 10.6476316452, 7.10768270493, 2.65090179443], [9.08630371094, 96.7937698364, 49.4155464172, 128.682250977, 67.3394088745, 38.7457389832, 30.6294212341, 22.5245037079, 13.3852081299, 18.0692672729, 5.3977022171, 15.2755870819, 8.1220998764], [-61.0697250366, 170.097000122, 73.5826339722, 67.3394088745, 171.477493286, 50.907371521, 48.0595779419, 35.423866272, 17.3875408173, 10.9976787567, 7.54753875732, 24.5205039978, 16.0109634399], [69.2477416992, 34.842590332, 42.4802398682, 38.7457389832, 50.907371521, 132.548110962, 47.6014137268, 25.2927379608, 20.1349697113, -2.21302437782, 2.04541921616, -0.502560853958, 3.67714452744], [69.7619476318, 40.5984230042, 48.9250679016, 30.6294212341, 48.0595779419, 47.6014137268, 120.92364502, 36.4635887146, 23.2345523834, 10.8912506104, 3.12770676613, 3.02227187157, 12.8493270874], [49.6752967834, 35.95703125, 35.2453536987, 22.5245037079, 35.423866272, 25.2927379608, 36.4635887146, 103.378196716, 29.665102005, 16.0074672699, -6.39082479477, -0.500509798527, 7.84542417526], [20.9697036743, 9.44324016571, 14.5127096176, 13.3852081299, 17.3875408173, 20.1349697113, 23.2345523834, 29.665102005, 91.0073699951, 12.2499094009, -1.57353723049, -6.45467853546, -2.20834755898], [55.6168289185, -2.14127874374, 22.1805114746, 18.0692672729, 10.9976787567, -2.21302437782, 10.8912506104, 16.0074672699, 12.2499094009, 81.2615509033, 8.79580974579, -10.1030464172, 0.502777338028], [-57.5074958801, 12.6554279327, 10.6476316452, 5.3977022171, 7.54753875732, 2.04541921616, 3.12770676613, -6.39082479477, -1.57353723049, 8.79580974579, 91.0753555298, 13.5639877319, -14.4857063293], [-23.0653781891, 53.1545753479, 7.10768270493, 15.2755870819, 24.5205039978, -0.502560853958, 3.02227187157, -0.500509798527, -6.45467853546, -10.1030464172, 13.5639877319, 103.58795929, 31.3362827301], [91.7161560059, 45.9851226807, 2.65090179443, 8.1220998764, 16.0109634399, 3.67714452744, 12.8493270874, 7.84542417526, -2.20834755898, 0.502777338028, -14.4857063293, 31.3362827301, 109.988449097]],
        "icov": [[0.000478663481772, 0.000261872919509, -0.000118373493024, -9.87229577731e-005, 0.000187015073607, -0.000237620377447, -0.000173272856046, -0.000120810756925, 2.82515193248e-005, -0.000270814605756, 0.000218225701246, 4.30796098954e-005, -0.00047063420061], [0.000261872919509, 0.00196687853895, 0.000150452629896, -0.000708883395419, -0.0015620397171, 0.00016536199837, -2.82801811409e-005, -0.00021464760357, 9.0387504315e-005, 0.000218740882701, -6.51930604363e-005, -0.000242080481257, -0.000690309738275], [-0.000118373493024, 0.000150452629896, 0.00645141908899, -0.000890073308256, -0.00194272852968, -0.000538180815056, -0.00114157283679, -0.000798067543656, 0.000276710197795, -0.000919869518839, -0.000474419241073, -6.00796010986e-005, 0.000401522585889], [-9.87229577731e-005, -0.000708883395419, -0.000890073308256, 0.0108499471098, -0.00238414644264, -0.00162202527281, -0.000269131181994, -0.000121626966575, -0.000239486267674, -0.00187639321666, 0.000101347184682, -0.000943270628341, 0.000326199835399], [0.000187015073607, -0.0015620397171, -0.00194272852968, -0.00238414644264, 0.0105124823749, -0.00173007918056, -0.00127263972536, -0.000962305522989, -0.000249202508712, -0.000319009355735, 5.36008792551e-006, -0.00111717300024, -0.000219683584874], [-0.000237620377447, 0.00016536199837, -0.000538180815056, -0.00162202527281, -0.00173007918056, 0.0100837210193, -0.00244895578362, -0.000463910779217, -0.000960758945439, 0.00187738612294, -0.000325331231579, 0.000769633799791, 0.000205681441003], [-0.000173272856046, -2.82801811409e-005, -0.00114157283679, -0.000269131181994, -0.00127263972536, -0.00244895578362, 0.0113311195746, -0.00200964696705, -0.00116391829215, -0.000258502113866, -0.000501412723679, 0.000276060804026, -0.000876449223142], [-0.000120810756925, -0.00021464760357, -0.000798067543656, -0.000121626966575, -0.000962305522989, -0.000463910779217, -0.00200964696705, 0.0123712662607, -0.00282642710954, -0.00140948302578, 0.00112090364564, 0.00010153283074, -0.000204978030524], [2.82515193248e-005, 9.0387504315e-005, 0.000276710197795, -0.000239486267674, -0.000249202508712, -0.000960758945439, -0.00116391829215, -0.00282642710954, 0.0126554593444, -0.00118259328883, 0.000198705834919, 0.000551623990759, 0.000484157120809], [-0.000270814605756, 0.000218740882701, -0.000919869518839, -0.00187639321666, -0.000319009355735, 0.00187738612294, -0.000258502113866, -0.00140948302578, -0.00118259328883, 0.0141954245046, -0.0018461428117, 0.00194969167933, -0.000477738358313], [0.000218225701246, -6.51930604363e-005, -0.000474419241073, 0.000101347184682, 5.36008792551e-006, -0.000325331231579, -0.000501412723679, 0.00112090364564, 0.000198705834919, -0.0018461428117, 0.0121326781809, -0.00227356865071, 0.00209603388794], [4.30796098954e-005, -0.000242080481257, -6.00796010986e-005, -0.000943270628341, -0.00111717300024, 0.000769633799791, 0.000276060804026, 0.00010153283074, 0.000551623990759, 0.00194969167933, -0.00227356865071, 0.0117449751124, -0.00340967974626], [-0.00047063420061, -0.000690309738275, 0.000401522585889, 0.000326199835399, -0.000219683584874, 0.000205681441003, -0.000876449223142, -0.000204978030524, 0.000484157120809, -0.000477738358313, 0.00209603388794, -0.00340967974626, 0.0111406650394]]
    },
    "spectral_contrast_coeffs": {
        "mean": [-0.614144861698, -0.694427132607, -0.711665630341, -0.741244137287, -0.700228869915, -0.671203315258],
        "var": [0.00540409423411, 0.00533703807741, 0.00370886339806, 0.00221494818106, 0.0021862203721, 0.00254953978583]
    },
    "spectral_contrast_valleys": {
        "mean": [-7.64398527145, -6.46337127686, -7.17495632172, -7.8699054718, -8.43404006958, -12.5140314102],
        "var": [1.09199047089, 0.810776650906, 0.734329283237, 0.675754070282, 0.666948497295, 0.591061592102]
    }
},
"metadata": {
    "audio_properties": {
        "analysis_sample_rate": 44100,
        "bit_rate": 101355,
        "equal_loudness": 0,
        "length": 45.0873451233,
        "lossless": 0,
        "replay_gain": -6.31195831299,
        "sample_rate": 44100,
        "codec": "mp3",
        "downmix": "mix",
        "md5_encoded": "83d4b8233bbb01a49f9d18b2880d9fd2"
    },
    "tags": {
        "file_name": "160.mp3"
    },
    "version": {
        "essentia": "2.1-beta2",
        "essentia_git_sha": "v2.1_beta2",
        "extractor": "music 1.0"
    }
},
"rhythm": {
    "beats_count": 86,
    "beats_loudness": {
        "mean": 0.0297011323273,
        "var": 0.000768426281866
    },
    "bpm": 120.885238647,
    "bpm_histogram_first_peak_bpm": {
        "mean": 120,
        "var": 0
    },
    "bpm_histogram_first_peak_spread": {
        "mean": 0.523809552193,
        "var": 0
    },
    "bpm_histogram_first_peak_weight": {
        "mean": 0.117647059262,
        "var": 0
    },
    "bpm_histogram_second_peak_bpm": {
        "mean": 96,
        "var": 0
    },
    "bpm_histogram_second_peak_spread": {
        "mean": 0.703703701496,
        "var": 0
    },
    "bpm_histogram_second_peak_weight": {
        "mean": 0.0941176488996,
        "var": 0
    },
    "danceability": 0.890785753727,
    "onset_rate": 1.19721281528,
    "beats_loudness_band_ratio": {
        "mean": [0.28885409236, 0.155634194613, 0.32703769207, 0.188761264086, 0.0743082910776, 0.0205918531865],
        "var": [0.0545393042266, 0.0114721572027, 0.03222309798, 0.0177421215922, 0.002723289188, 0.000468622689368]
    },
    "beats_position": [0.46439909935, 0.952018141747, 1.42802715302, 1.90403628349, 2.38004541397, 2.85605430603, 3.35528349876, 3.85451245308, 4.35374164581, 4.86458063126, 5.3754196167, 5.87464857101, 6.3622674942, 6.84988641739, 7.33750534058, 7.8251247406, 8.32435321808, 8.82358264923, 9.31120204926, 9.81043052673, 10.321269989, 10.8204984665, 11.3197278976, 11.8189563751, 12.294965744, 12.782585144, 13.2702035904, 13.7926530838, 14.3151016235, 14.8375511169, 15.4412698746, 16.0565986633, 16.6835365295, 17.3104763031, 17.9258041382, 18.5295238495, 19.1564617157, 19.760181427, 20.3522891998, 20.9211788177, 21.5016784668, 22.0821762085, 22.6975059509, 23.3012237549, 23.9397735596, 24.5667114258, 25.2052612305, 25.8438091278, 26.4823570251, 27.1209068298, 27.747844696, 28.3747844696, 29.0017223358, 29.6286621094, 30.2323799133, 30.8477096558, 31.4630374908, 32.0667572021, 32.6820869446, 33.2974128723, 33.9127426147, 34.3655319214, 34.8299331665, 35.2827186584, 35.6890678406, 36.1070289612, 36.5249862671, 36.9545555115, 37.3841247559, 37.8136940002, 38.2432632446, 38.6844444275, 39.1256217957, 39.55519104, 39.9847602844, 40.3911094666, 40.8090705872, 41.2270278931, 41.6333770752, 42.0397262573, 42.4460754395, 42.8408164978, 43.2471656799, 43.6651229858, 44.0830841064, 44.4894332886]
},
"tonal": {
    "chords_changes_rate": 0.0442386828363,
    "chords_number_rate": 0.0154320988804,
    "chords_strength": {
        "mean": 0.55254393816,
        "var": 0.0178116057068
    },
    "hpcp_entropy": {
        "mean": 1.77687036991,
        "var": 0.382917732
    },
    "key_strength": 0.680907428265,
    "tuning_diatonic_strength": 0.383171230555,
    "tuning_equal_tempered_deviation": 0.047897066921,
    "tuning_frequency": 440.763122559,
    "tuning_nontempered_energy_ratio": 0.675397276878,
    "hpcp": {
        "mean": [0.367932736874, 0.196711540222, 0.135338425636, 0.15886156261, 0.092572376132, 0.111253529787, 0.152902260423, 0.101318195462, 0.160538300872, 0.238004490733, 0.132538586855, 0.062334112823, 0.0658266097307, 0.050450835377, 0.0915191918612, 0.143980041146, 0.109192587435, 0.0993563681841, 0.115931473672, 0.0870891436934, 0.17908398807, 0.262456715107, 0.157950177789, 0.119908750057, 0.139991298318, 0.082501038909, 0.0879066959023, 0.113863185048, 0.0851663649082, 0.151085287333, 0.195622727275, 0.106396131217, 0.0847011655569, 0.133086502552, 0.129488438368, 0.265546143055],
        "var": [0.15282022953, 0.0554169639945, 0.0514337271452, 0.0929777398705, 0.0291247218847, 0.042389139533, 0.0724526271224, 0.0253033749759, 0.0470818020403, 0.102373711765, 0.0386273115873, 0.0161044914275, 0.0217050742358, 0.0105524845421, 0.0245651453733, 0.0606664009392, 0.0438040271401, 0.0313767194748, 0.0592244639993, 0.0207194276154, 0.0582401454449, 0.116857126355, 0.0453804507852, 0.0470677837729, 0.0748829767108, 0.0214265417308, 0.0295227188617, 0.0477693155408, 0.0286651365459, 0.0557566620409, 0.0875615552068, 0.0271051805466, 0.026580279693, 0.0766676068306, 0.0508729703724, 0.0817139521241]
    },
    "chords_histogram": [28.3950614929, 9.25925922394, 10.2880659103, 0.205761313438, 0, 2.98353910446, 2.36625504494, 0.823045253754, 0, 3.49794244766, 0.411522626877, 1.54320991039, 0.308641970158, 0, 0.925925910473, 4.11522626877, 0.720164597034, 1.23456788063, 3.08641982079, 5.55555534363, 2.05761313438, 8.53909492493, 8.02469158173, 5.65843629837],
    "thpcp": [1, 0.534639954567, 0.367834687233, 0.431767940521, 0.251601368189, 0.302374631166, 0.415571242571, 0.275371521711, 0.436325132847, 0.646869540215, 0.360225051641, 0.169417142868, 0.178909361362, 0.137119725347, 0.248738914728, 0.391321629286, 0.296773225069, 0.270039498806, 0.315088778734, 0.236698552966, 0.486730247736, 0.713328003883, 0.429290890694, 0.325898557901, 0.380480676889, 0.224228590727, 0.238920554519, 0.309467405081, 0.23147264123, 0.410632908344, 0.531680703163, 0.289172768593, 0.230208292603, 0.361714214087, 0.351935088634, 0.721724689007],
    "chords_key": "A",
    "chords_scale": "minor",
    "key_key": "A",
    "key_scale": "minor"
}
}