{
"lowlevel": {
    "average_loudness": 0.968806803226,
    "barkbands_crest": {
        "mean": 11.1104221344,
        "var": 33.9369506836
    },
    "barkbands_flatness_db": {
        "mean": 0.155759215355,
        "var": 0.00781778525561
    },
    "barkbands_kurtosis": {
        "mean": 27.6206855774,
        "var": 20097.2929688
    },
    "barkbands_skewness": {
        "mean": 2.55007481575,
        "var": 14.0119524002
    },
    "barkbands_spread": {
        "mean": 30.083070755,
        "var": 740.372802734
    },
    "dissonance": {
        "mean": 0.466612398624,
        "var": 0.000866274582222
    },
    "dynamic_complexity": 3.94157481194,
    "erbbands_crest": {
        "mean": 7.35857629776,
        "var": 10.9239168167
    },
    "erbbands_flatness_db": {
        "mean": 0.126476272941,
        "var": 0.00209864834324
    },
    "erbbands_kurtosis": {
        "mean": 1.35565292835,
        "var": 63.6036491394
    },
    "erbbands_skewness": {
        "mean": -0.0611518770456,
        "var": 1.68263351917
    },
    "erbbands_spread": {
        "mean": 55.3461303711,
        "var": 731.259277344
    },
    "hfc": {
        "mean": 47.6015968323,
        "var": 5676.41943359
    },
    "melbands_crest": {
        "mean": 18.4193210602,
        "var": 58.8494415283
    },
    "melbands_flatness_db": {
        "mean": 0.219486087561,
        "var": 0.0158211328089
    },
    "melbands_kurtosis": {
        "mean": 51.1718864441,
        "var": 8137.82910156
    },
    "melbands_skewness": {
        "mean": 4.59805345535,
        "var": 13.910071373
    },
    "melbands_spread": {
        "mean": 37.9072494507,
        "var": 2468.67456055
    },
    "pitch_salience": {
        "mean": 0.469066053629,
        "var": 0.0449060834944
    },
    "silence_rate_20dB": {
        "mean": 1,
        "var": 0
    },
    "silence_rate_30dB": {
        "mean": 0.859938204288,
        "var": 0.120445869863
    },
    "silence_rate_60dB": {
        "mean": 0.130792990327,
        "var": 0.113685168326
    },
    "spectral_centroid": {
        "mean": 1738.57836914,
        "var": 1970449.5
    },
    "spectral_complexity": {
        "mean": 13.5417098999,
        "var": 132.201293945
    },
    "spectral_decrease": {
        "mean": -1.14989795463e-008,
        "var": 2.55527049706e-016
    },
    "spectral_energy": {
        "mean": 0.0477174036205,
        "var": 0.00374296773225
    },
    "spectral_energyband_high": {
        "mean": 0.0051528615877,
        "var": 9.99853291432e-005
    },
    "spectral_energyband_low": {
        "mean": 0.0348069481552,
        "var": 0.00334647484124
    },
    "spectral_energyband_middle_high": {
        "mean": 0.00250283465721,
        "var": 2.46391791734e-005
    },
    "spectral_energyband_middle_low": {
        "mean": 0.00641174940392,
        "var": 0.000303282256937
    },
    "spectral_entropy": {
        "mean": 7.85803031921,
        "var": 0.491179287434
    },
    "spectral_flux": {
        "mean": 0.121038079262,
        "var": 0.0111573161557
    },
    "spectral_kurtosis": {
        "mean": 2.99957466125,
        "var": 22.1114253998
    },
    "spectral_rms": {
        "mean": 0.00562796881422,
        "var": 1.4879513401e-005
    },
    "spectral_rolloff": {
        "mean": 3144.90625,
        "var": 14704846
    },
    "spectral_skewness": {
        "mean": 1.30453169346,
        "var": 0.541573822498
    },
    "spectral_spread": {
        "mean": 6929829.5,
        "var": 4.60759289037e+012
    },
    "spectral_strongpeak": {
        "mean": 0.629956185818,
        "var": 0.512366592884
    },
    "zerocrossingrate": {
        "mean": 0.105346806347,
        "var": 0.0090025216341
    },
    "barkbands": {
        "mean": [0.000331292976625, 0.0224443674088, 0.0109283169731, 0.00198558904231, 0.00164499308448, 0.000875737692695, 0.00124380574562, 0.00037665682612, 0.000185686643817, 0.000404232356232, 0.000167795355082, 0.000290621916065, 0.000430269545177, 0.000115659022413, 0.000417623756221, 0.000281025830191, 0.000115709619422, 0.000110537082946, 0.000140623073094, 0.000198799083591, 0.00077757955296, 0.00109547364991, 0.00120747438632, 0.00107486080378, 0.000620952923782, 0.000238254142459, 1.34814463308e-005],
        "var": [2.5644010293e-007, 0.00185951206367, 0.000486161647132, 0.000105585226265, 3.5033779568e-005, 2.08317965189e-006, 2.27680561693e-006, 8.57767815887e-007, 1.1101128905e-007, 1.31077933929e-006, 3.42998276892e-007, 1.20735353448e-006, 3.18969711088e-007, 1.29327801801e-007, 6.36697734535e-007, 1.95956801008e-007, 5.52706680423e-008, 4.56233451018e-008, 5.75543523951e-008, 1.32861472935e-007, 3.3761227769e-006, 4.68998132419e-006, 6.49022740618e-006, 3.93855270886e-006, 1.33424157411e-006, 2.06612241982e-007, 1.97837701776e-009]
    },
    "erbbands": {
        "mean": [0.309042185545, 6.13060474396, 15.438044548, 7.91695833206, 5.84775829315, 4.95271348953, 7.27459716797, 6.705473423, 17.9595794678, 11.9336843491, 7.03877878189, 4.80660104752, 7.72434854507, 13.8446855545, 7.26955127716, 13.9010295868, 19.6092987061, 10.4662055969, 22.6022319794, 12.4769439697, 12.2467308044, 6.24192810059, 6.59121513367, 5.77734947205, 8.24914169312, 9.69321632385, 17.0710716248, 42.3029098511, 40.2479095459, 34.8003158569, 31.8907146454, 24.8549938202, 16.8670539856, 8.19796276093, 3.89026355743, 1.37694334984, 0.392810285091, 0.061174325645, 0.00174188707024, 0.000118226489576],
        "var": [0.429574429989, 132.774551392, 684.12890625, 911.61328125, 704.727905273, 319.125030518, 177.998336792, 134.831787109, 464.428161621, 346.723632813, 275.313781738, 59.2376098633, 779.304931641, 1482.75024414, 363.561950684, 2392.95825195, 689.778625488, 602.781066895, 1205.96032715, 568.595275879, 554.048706055, 182.623550415, 162.342758179, 83.3059768677, 208.303955078, 298.04888916, 1254.46618652, 10477.9589844, 6250.34179688, 5400.48193359, 4280.35644531, 2310.99243164, 975.68145752, 244.549179077, 48.8923187256, 6.45440912247, 0.634467363358, 0.0236891359091, 2.10582220461e-005, 2.23553993095e-008]
    },
    "gfcc": {
        "mean": [-34.2703666687, 45.311126709, -83.1454391479, 41.2794761658, -55.3407287598, 32.1154899597, -38.9095344543, 6.34552145004, -18.3108253479, 16.6587028503, -13.4502468109, 4.54793977737, -15.0713396072],
        "cov": [[27211.7890625, 670.81652832, 61.2797622681, 347.975830078, -653.254394531, 611.053649902, -875.899475098, -161.541564941, -127.807563782, 442.805389404, -114.722717285, 70.2679290771, -199.435150146], [670.81652832, 4076.95410156, 547.390441895, -88.6758270264, 1078.91186523, 25.6703739166, 365.920043945, -267.628356934, 73.5932159424, -158.692886353, 238.774414063, -222.47833252, -90.9541015625], [61.2797622681, 547.390441895, 818.729675293, 351.605834961, 322.060577393, 150.645782471, 153.378295898, -4.19327640533, 53.7923698425, 13.423625946, 41.7233047485, -29.3708000183, -57.6308135986], [347.975830078, -88.6758270264, 351.605834961, 550.114379883, 145.155792236, 239.642715454, 87.1887664795, 6.65088272095, 60.8582382202, 48.6229553223, 30.6215991974, -11.8634691238, -21.8553180695], [-653.254394531, 1078.91186523, 322.060577393, 145.155792236, 612.369567871, 145.255905151, 253.733581543, -30.1526679993, 41.6562309265, -37.5645027161, 113.984931946, -73.6914215088, -42.7724761963], [611.053649902, 25.6703739166, 150.645782471, 239.642715454, 145.255905151, 269.971008301, 106.93927002, 29.7333106995, 28.49284935, 36.823135376, 47.0837135315, 0.984493196011, -20.9831314087], [-875.899475098, 365.920043945, 153.378295898, 87.1887664795, 253.733581543, 106.93927002, 265.588684082, 33.2480239868, 41.2956161499, -47.5055732727, 73.8190307617, -1.56491935253, -8.66314315796], [-161.541564941, -267.628356934, -4.19327640533, 6.65088272095, -30.1526679993, 29.7333106995, 33.2480239868, 131.552505493, 31.2220916748, 32.3236885071, -14.583322525, 15.5107355118, 9.4699306488], [-127.807563782, 73.5932159424, 53.7923698425, 60.8582382202, 41.6562309265, 28.49284935, 41.2956161499, 31.2220916748, 107.321510315, 57.0449790955, 33.6340942383, -7.00604104996, -4.31630802155], [442.805389404, -158.692886353, 13.423625946, 48.6229553223, -37.5645027161, 36.823135376, -47.5055732727, 32.3236885071, 57.0449790955, 110.444740295, 27.592250824, 17.6450424194, -13.6084537506], [-114.722717285, 238.774414063, 41.7233047485, 30.6215991974, 113.984931946, 47.0837135315, 73.8190307617, -14.583322525, 33.6340942383, 27.592250824, 98.0555725098, 21.4982700348, -2.39021921158], [70.2679290771, -222.47833252, -29.3708000183, -11.8634691238, -73.6914215088, 0.984493196011, -1.56491935253, 15.5107355118, -7.00604104996, 17.6450424194, 21.4982700348, 92.2830200195, 41.1125411987], [-199.435150146, -90.9541015625, -57.6308135986, -21.8553180695, -42.7724761963, -20.9831314087, -8.66314315796, 9.4699306488, -4.31630802155, -13.6084537506, -2.39021921158, 41.1125411987, 68.2580718994]],
        "icov": [[6.36366967228e-005, -0.000102325968328, 1.68656642927e-005, -1.78069058165e-005, 0.00014345200907, -0.000300734856864, 0.00024934578687, -4.34801841038e-005, 0.000105647726741, -0.000152929147589, 0.000178305839654, -0.000274389371043, 0.000240945257246], [-0.000102325968328, 0.000918337958865, -0.000355526484782, 0.000644543615635, -0.00122961238958, 0.000454822467873, -2.62548037426e-005, 0.00100628659129, -0.000989522552118, 0.00114691234194, -0.0013383612968, 0.0014268582454, -0.000682913640048], [1.68656642927e-005, -0.000355526484782, 0.00236078933813, -0.00160203024279, -0.000686499406584, 0.000570287229493, -0.000354218005668, -0.000326936715282, 6.69238897899e-006, -0.00051640975289, 0.00175784458406, -0.00202125194483, 0.00197779829614], [-1.78069058165e-005, 0.000644543615635, -0.00160203024279, 0.00458583328873, -0.000418550305767, -0.00322676030919, 0.00019610975869, 0.00196110736579, -0.0019756257534, 0.000176318440936, 9.56903604674e-005, 0.0015189871192, -0.00158018199727], [0.00014345200907, -0.00122961238958, -0.000686499406584, -0.000418550305767, 0.00635299412534, -0.00133207428735, -0.00309639540501, -0.000424954487244, 0.0028165683616, -0.00230492907576, -0.001969860401, 0.00334675773047, -0.00106169818901], [-0.000300734856864, 0.000454822467873, 0.000570287229493, -0.00322676030919, -0.00133207428735, 0.00970538146794, -0.00432762736455, -0.000697615090758, 0.00305148097686, -0.00376326497644, -0.000958307588007, 0.00139134435449, -0.000556850689463], [0.00024934578687, -2.62548037426e-005, -0.000354218005668, 0.00019610975869, -0.00309639540501, -0.00432762736455, 0.0168467052281, -0.0064084418118, -0.00837297830731, 0.0164923984557, -0.00774813443422, -0.00627575721592, 0.00648107985035], [-4.34801841038e-005, 0.00100628659129, -0.000326936715282, 0.00196110736579, -0.000424954487244, -0.000697615090758, -0.0064084418118, 0.0142787760124, -0.00108500954229, -0.00793381221592, 0.00702707795426, 0.00130025995895, -0.00389680289663], [0.000105647726741, -0.000989522552118, 6.69238897899e-006, -0.0019756257534, 0.0028165683616, 0.00305148097686, -0.00837297830731, -0.00108500954229, 0.0227339919657, -0.0181101448834, -3.0357483638e-007, 0.00769109139219, -0.00665135728195], [-0.000152929147589, 0.00114691234194, -0.00051640975289, 0.000176318440936, -0.00230492907576, -0.00376326497644, 0.0164923984557, -0.00793381221592, -0.0181101448834, 0.0367286540568, -0.0140534741804, -0.00776410475373, 0.0116561716422], [0.000178305839654, -0.0013383612968, 0.00175784458406, 9.56903604674e-005, -0.001969860401, -0.000958307588007, -0.00774813443422, 0.00702707795426, -3.0357483638e-007, -0.0140534741804, 0.0287234187126, -0.0101533588022, 0.00108461035416], [-0.000274389371043, 0.0014268582454, -0.00202125194483, 0.0015189871192, 0.00334675773047, 0.00139134435449, -0.00627575721592, 0.00130025995895, 0.00769109139219, -0.00776410475373, -0.0101533588022, 0.0284267477691, -0.0171114560217], [0.000240945257246, -0.000682913640048, 0.00197779829614, -0.00158018199727, -0.00106169818901, -0.000556850689463, 0.00648107985035, -0.00389680289663, -0.00665135728195, 0.0116561716422, 0.00108461035416, -0.0171114560217, 0.028382577002]]
    },
    "melbands": {
        "mean": [0.00465568806976, 0.00850686337799, 0.00139065191615, 0.000374842522433, 0.000240548644797, 0.000151776563143, 0.000278207153315, 0.000118139920232, 4.93085426569e-005, 2.98740378639e-005, 3.8333957491e-005, 5.76603815716e-005, 2.16451171582e-005, 3.36151388183e-005, 2.91357864626e-005, 5.05639945914e-005, 1.33091316457e-005, 3.24007014569e-005, 2.31728972722e-005, 2.17493197852e-005, 1.17085837701e-005, 5.85355519434e-006, 6.64230674374e-006, 5.54035023015e-006, 4.34891080658e-006, 5.85727048019e-006, 5.65983236811e-006, 6.51775508231e-006, 8.77741149452e-006, 1.50152773131e-005, 2.87362490781e-005, 2.40014505835e-005, 1.88125104614e-005, 1.96949695237e-005, 1.76039957296e-005, 1.84092896234e-005, 1.48528260979e-005, 1.22751571325e-005, 9.70497876551e-006, 6.05211698712e-006],
        "var": [9.02402825886e-005, 0.000191690778593, 2.60388969764e-005, 2.44174384534e-006, 2.55275182326e-007, 6.92835513405e-008, 1.11311180717e-007, 4.286116706e-008, 1.44844252148e-008, 2.44222886359e-009, 1.90622007068e-008, 2.42659901062e-008, 4.46381376307e-009, 1.39955664835e-008, 6.59245147361e-009, 4.49066073216e-009, 1.81284376399e-009, 2.06073513809e-009, 3.73865605141e-009, 9.85087122984e-010, 8.23612567036e-010, 1.98970839804e-010, 1.33587113593e-010, 1.24029619908e-010, 4.60748002251e-011, 1.13661989543e-010, 1.06355368956e-010, 1.37575922876e-010, 3.1731897665e-010, 1.12256970386e-009, 5.37460831396e-009, 2.28826380066e-009, 1.33354860488e-009, 1.86135196145e-009, 1.27500132674e-009, 1.62024116346e-009, 7.57713225497e-010, 5.04669750434e-010, 3.89327431405e-010, 1.25252877514e-010]
    },
    "mfcc": {
        "mean": [-680.574829102, 78.285697937, 29.7758464813, 18.5728778839, 13.7332191467, 22.1629276276, -0.136955946684, -0.239363431931, 1.15553033352, 4.9649477005, 4.8280544281, 5.86684274673, 2.709867239],
        "cov": [[19267.2910156, 426.685089111, 707.010131836, -235.561584473, 122.500335693, 476.263916016, -379.089691162, -310.221557617, -105.635223389, -18.6405487061, -8.44850063324, 69.8801574707, 160.105804443], [426.685089111, 3815.5246582, -91.9897918701, 339.161895752, 461.392120361, 333.30847168, 341.243591309, 100.169258118, -80.8906402588, 54.03307724, 53.0481109619, 5.23201036453, -18.732301712], [707.010131836, -91.9897918701, 593.867858887, 241.765365601, 145.31300354, 174.948608398, 38.2728271484, 44.4612770081, 46.1254615784, 20.7330265045, 64.0387802124, 40.8637962341, 42.7310791016], [-235.561584473, 339.161895752, 241.765365601, 333.762969971, 197.414047241, 195.582351685, 120.926841736, 78.4897766113, 26.4932994843, 40.2999801636, 57.0113868713, 26.2345924377, 20.7575244904], [122.500335693, 461.392120361, 145.31300354, 197.414047241, 280.986663818, 202.493881226, 136.457611084, 45.8922157288, 25.9529304504, 57.4538650513, 58.980091095, 24.6861591339, 36.7093734741], [476.263916016, 333.30847168, 174.948608398, 195.582351685, 202.493881226, 300.563690186, 156.127105713, 91.4559860229, 13.9901533127, 36.7145805359, 66.3270874023, 36.8050231934, 31.6858005524], [-379.089691162, 341.243591309, 38.2728271484, 120.926841736, 136.457611084, 156.127105713, 233.005722046, 140.405075073, 27.036605835, 20.6878204346, 43.0009498596, 18.952173233, -3.60858988762], [-310.221557617, 100.169258118, 44.4612770081, 78.4897766113, 45.8922157288, 91.4559860229, 140.405075073, 144.852676392, 48.4900474548, 16.665763855, 26.3161334991, 16.6550579071, -3.17710065842], [-105.635223389, -80.8906402588, 46.1254615784, 26.4932994843, 25.9529304504, 13.9901533127, 27.036605835, 48.4900474548, 75.5568237305, 46.9684371948, 21.0549850464, 9.2391834259, 10.1731996536], [-18.6405487061, 54.03307724, 20.7330265045, 40.2999801636, 57.4538650513, 36.7145805359, 20.6878204346, 16.665763855, 46.9684371948, 87.1561813354, 48.2395057678, 17.2662525177, 13.6358613968], [-8.44850063324, 53.0481109619, 64.0387802124, 57.0113868713, 58.980091095, 66.3270874023, 43.0009498596, 26.3161334991, 21.0549850464, 48.2395057678, 84.1832580566, 43.896686554, 21.9211711884], [69.8801574707, 5.23201036453, 40.8637962341, 26.2345924377, 24.6861591339, 36.8050231934, 18.952173233, 16.6550579071, 9.2391834259, 17.2662525177, 43.896686554, 73.0392150879, 44.6397819519], [160.105804443, -18.732301712, 42.7310791016, 20.7575244904, 36.7093734741, 31.6858005524, -3.60858988762, -3.17710065842, 10.1731996536, 13.6358613968, 21.9211711884, 44.6397819519, 83.3357162476]],
        "icov": [[7.40594769013e-005, -2.88490573439e-005, -0.00013076113828, 0.000256206083577, 2.36172290897e-005, -0.000333817210048, 0.000196114837308, 8.19647320895e-005, -4.24955305789e-006, -5.00607675349e-005, 0.000135739726829, -5.81002459512e-005, -1.3273282093e-005], [-2.88490573439e-005, 0.000409984553698, 0.000249113276368, -0.000275954051176, -0.000667563814204, 0.000233279090025, -0.000267328112386, -0.000241432731855, 0.000938319193665, -0.000375169125618, 0.0002058831451, -9.60912293522e-005, 0.000217324792175], [-0.00013076113828, 0.000249113276368, 0.00336741888896, -0.00241191731766, -0.000514204206411, -0.000530042918399, 0.00109041854739, 0.000143103403389, -0.00257613370195, 0.00285823480226, -0.00192775367759, 2.07448683796e-005, 4.80164999317e-006], [0.000256206083577, -0.000275954051176, -0.00241191731766, 0.00823026802391, -0.00327791133896, -0.00195860047825, 0.00186479929835, -0.00310413353145, 0.00208209152333, -0.00132480240427, 0.000464485201519, -0.000184358083061, 0.000722649157979], [2.36172290897e-005, -0.000667563814204, -0.000514204206411, -0.00327791133896, 0.0139652453363, -0.00472649140283, -0.00788918882608, 0.0103241344914, -0.00528447795659, -0.00246395380236, 0.000366926542483, 0.00205541192554, -0.00356715754606], [-0.000333817210048, 0.000233279090025, -0.000530042918399, -0.00195860047825, -0.00472649140283, 0.0111967502162, -0.00171455845702, -0.00495904777199, 0.00553799793124, -0.00109496840741, -0.00221303780563, 0.000404512742534, -0.00111652421765], [0.000196114837308, -0.000267328112386, 0.00109041854739, 0.00186479929835, -0.00788918882608, -0.00171455845702, 0.0206131488085, -0.0186356510967, 0.00557584268972, 0.0018409404438, -0.00282879383303, -7.92700593593e-005, 0.00265340390615], [8.19647320895e-005, -0.000241432731855, 0.000143103403389, -0.00310413353145, 0.0103241344914, -0.00495904777199, -0.0186356510967, 0.0329094901681, -0.0196593161672, 0.00538231665269, 0.00104064389598, -0.00267977220938, 0.000954437127803], [-4.24955305789e-006, 0.000938319193665, -0.00257613370195, 0.00208209152333, -0.00528447795659, 0.00553799793124, 0.00557584268972, -0.0196593161672, 0.0379504710436, -0.0202357359231, 0.00461566867307, 0.00144387048203, -0.00257376465015], [-5.00607675349e-005, -0.000375169125618, 0.00285823480226, -0.00132480240427, -0.00246395380236, -0.00109496840741, 0.0018409404438, 0.00538231665269, -0.0202357359231, 0.0310242064297, -0.0153719382361, 0.00269343098626, 0.000657545228023], [0.000135739726829, 0.0002058831451, -0.00192775367759, 0.000464485201519, 0.000366926542483, -0.00221303780563, -0.00282879383303, 0.00104064389598, 0.00461566867307, -0.0153719382361, 0.0299928765744, -0.0146576650441, 0.00316907768138], [-5.81002459512e-005, -9.60912293522e-005, 2.07448683796e-005, -0.000184358083061, 0.00205541192554, 0.000404512742534, -7.92700593593e-005, -0.00267977220938, 0.00144387048203, 0.00269343098626, -0.0146576650441, 0.0300130844116, -0.013877700083], [-1.3273282093e-005, 0.000217324792175, 4.80164999317e-006, 0.000722649157979, -0.00356715754606, -0.00111652421765, 0.00265340390615, 0.000954437127803, -0.00257376465015, 0.000657545228023, 0.00316907768138, -0.013877700083, 0.0208454299718]]
    },
    "spectral_contrast_coeffs": {
        "mean": [-0.655401706696, -0.739310383797, -0.795656681061, -0.778927147388, -0.817830443382, -0.783048093319],
        "var": [0.00878903735429, 0.00735056074336, 0.00506474496797, 0.00446571176872, 0.00144562101923, 0.0015030024806]
    },
    "spectral_contrast_valleys": {
        "mean": [-7.78487443924, -7.55929279327, -8.21101665497, -8.31863212585, -8.146027565, -9.6762304306],
        "var": [3.56482243538, 2.87687420845, 2.39164113998, 2.34685897827, 2.35572934151, 3.52580428123]
    }
},
"metadata": {
    "audio_properties": {
        "analysis_sample_rate": 44100,
        "bit_rate": 128074,
        "equal_loudness": 0,
        "length": 45.0612258911,
        "lossless": 0,
        "replay_gain": -5.57117080688,
        "sample_rate": 44100,
        "codec": "mp3",
        "downmix": "mix",
        "md5_encoded": "6af0f776e8d917d12b8aeeeaa4ad8cb9"
    },
    "tags": {
        "file_name": "1600.mp3"
    },
    "version": {
        "essentia": "2.1-beta2",
        "essentia_git_sha": "v2.1_beta2",
        "extractor": "music 1.0"
    }
},
"rhythm": {
    "beats_count": 130,
    "beats_loudness": {
        "mean": 0.0461611412466,
        "var": 0.00268642255105
    },
    "bpm": 178.205932617,
    "bpm_histogram_first_peak_bpm": {
        "mean": 178,
        "var": 0
    },
    "bpm_histogram_first_peak_spread": {
        "mean": 0,
        "var": 0
    },
    "bpm_histogram_first_peak_weight": {
        "mean": 0.310077518225,
        "var": 0
    },
    "bpm_histogram_second_peak_bpm": {
        "mean": 172,
        "var": 0
    },
    "bpm_histogram_second_peak_spread": {
        "mean": 0,
        "var": 0
    },
    "bpm_histogram_second_peak_weight": {
        "mean": 0.294573634863,
        "var": 0
    },
    "danceability": 1.38933598995,
    "onset_rate": 5.25714063644,
    "beats_loudness_band_ratio": {
        "mean": [0.496134370565, 0.0864118263125, 0.113785423338, 0.0412629581988, 0.0487374812365, 0.236412525177],
        "var": [0.110690578818, 0.00832311622798, 0.0188001468778, 0.00177326798439, 0.00315841543488, 0.0516260415316]
    },
    "beats_position": [0.371519267559, 0.766258478165, 1.11455774307, 1.46285712719, 1.83437633514, 2.18267560005, 2.51936507225, 2.85605430603, 3.20435357094, 3.56426286697, 3.90095233917, 4.2492518425, 4.62077093124, 4.98067998886, 5.31736946106, 5.67727899551, 6.03718805313, 6.38548755646, 6.74539661407, 7.08208608627, 7.45360517502, 7.77868461609, 8.10376358032, 8.42884349823, 8.76553249359, 9.10222244263, 9.47374153137, 9.79882049561, 10.1239004135, 10.4605894089, 10.7972784042, 11.1455783844, 11.4706573486, 11.807346344, 12.1556463242, 12.4923353195, 12.840634346, 13.1657142639, 13.4907932281, 13.8390922546, 14.1873922348, 14.5356912613, 14.8839902878, 15.2439002991, 15.6038093567, 15.9521083832, 16.3004074097, 16.6487064362, 16.99700737, 17.3569164276, 17.7168254852, 18.0535144806, 18.4134235382, 18.7385025024, 19.0635814667, 19.3886623383, 19.7253513336, 20.062040329, 20.3987293243, 20.7354183197, 21.0837192535, 21.4204082489, 21.7570972443, 22.1053962708, 22.430475235, 22.7787742615, 23.1270751953, 23.4521541595, 23.7888431549, 24.1255321503, 24.4506111145, 24.7989120483, 25.1472110748, 25.5071201324, 25.8438091278, 26.1921081543, 26.563627243, 26.9119262695, 27.2602272034, 27.6085262299, 27.9568252563, 28.3283443451, 28.6882534027, 29.0249423981, 29.3848514557, 29.7215423584, 30.0466213226, 30.3717002869, 30.6967792511, 31.0218582153, 31.3469390869, 31.6952381134, 32.0435371399, 32.391834259, 32.7401351929, 33.0768241882, 33.4019050598, 33.7385940552, 34.0752830505, 34.3887519836, 34.7370529175, 35.0853500366, 35.4336509705, 35.7819480896, 36.118637085, 36.4785499573, 36.8152389526, 37.151927948, 37.5118370056, 37.8717460632, 38.2316551208, 38.5915641785, 38.9398651123, 39.2997741699, 39.6596832275, 39.9963722229, 40.3562812805, 40.6813583374, 41.0180473328, 41.3547401428, 41.6914291382, 42.0281181335, 42.3764152527, 42.7014961243, 43.0381851196, 43.374874115, 43.7115631104, 44.0482521057, 44.3849411011, 44.7216300964]
},
"tonal": {
    "chords_changes_rate": 0.042181070894,
    "chords_number_rate": 0.00205761310644,
    "chords_strength": {
        "mean": 0.487805753946,
        "var": 0.00262156524695
    },
    "hpcp_entropy": {
        "mean": 2.26526641846,
        "var": 0.588210701942
    },
    "key_strength": 0.770146369934,
    "tuning_diatonic_strength": 0.463712751865,
    "tuning_equal_tempered_deviation": 0.0873727723956,
    "tuning_frequency": 438.984558105,
    "tuning_nontempered_energy_ratio": 0.680628836155,
    "hpcp": {
        "mean": [0.226793974638, 0.213302984834, 0.117408357561, 0.0842096209526, 0.068111769855, 0.0622978769243, 0.0600719638169, 0.0650619268417, 0.102969929576, 0.144893467426, 0.117458671331, 0.0753793641925, 0.0726512521505, 0.0825994312763, 0.161183610559, 0.236520960927, 0.212558969855, 0.178168907762, 0.144310519099, 0.093159660697, 0.0757502391934, 0.0792517438531, 0.0742236301303, 0.0919002071023, 0.110288739204, 0.0922212675214, 0.072523213923, 0.0761527344584, 0.11844355613, 0.333635300398, 0.47819262743, 0.286296367645, 0.110525675118, 0.0766101852059, 0.0607810132205, 0.112585306168],
        "var": [0.0884270444512, 0.0804374888539, 0.0446713268757, 0.0301191676408, 0.021063817665, 0.0198048651218, 0.0202365051955, 0.0199325960129, 0.0367722399533, 0.0578199923038, 0.0413282588124, 0.023654455319, 0.0244215410203, 0.0263675861061, 0.0591668002307, 0.0866539850831, 0.0779836550355, 0.0811921581626, 0.065293982625, 0.0392470508814, 0.030820004642, 0.0294081997126, 0.0247498136014, 0.0314222611487, 0.0338158495724, 0.0303534399718, 0.0277419853956, 0.0340091176331, 0.0460779629648, 0.105392388999, 0.185891062021, 0.0834322497249, 0.0413776673377, 0.0280649978667, 0.0175415500998, 0.0280193574727]
    },
    "chords_histogram": [0, 0, 87.7572021484, 12.2427988052, 0, 0, 0, 0, 0, 0, 0, 0, 0, 0, 0, 0, 0, 0, 0, 0, 0, 0, 0, 0],
    "thpcp": [1, 0.598705112934, 0.231132119894, 0.160207793117, 0.127105712891, 0.235439240932, 0.474273264408, 0.446060806513, 0.245525240898, 0.176099792123, 0.142435848713, 0.130277782679, 0.125622943044, 0.136057987809, 0.215331479907, 0.303002297878, 0.245630457997, 0.157633885741, 0.151928842068, 0.172732546926, 0.337068378925, 0.494614392519, 0.444504916668, 0.372588157654, 0.301783233881, 0.194816172123, 0.158409461379, 0.165731832385, 0.155217006803, 0.192182406783, 0.230636641383, 0.192853808403, 0.151661083102, 0.15925116837, 0.247690051794, 0.697700619698],
    "chords_key": "D",
    "chords_scale": "minor",
    "key_key": "G",
    "key_scale": "minor"
}
}