{
"lowlevel": {
    "average_loudness": 0.710096299648,
    "barkbands_crest": {
        "mean": 13.9691820145,
        "var": 37.8661460876
    },
    "barkbands_flatness_db": {
        "mean": 0.191624864936,
        "var": 0.00485232751817
    },
    "barkbands_kurtosis": {
        "mean": 18.7805423737,
        "var": 2935.63061523
    },
    "barkbands_skewness": {
        "mean": 2.51091551781,
        "var": 8.97430324554
    },
    "barkbands_spread": {
        "mean": 20.4536075592,
        "var": 652.847717285
    },
    "dissonance": {
        "mean": 0.441095709801,
        "var": 0.00214465986937
    },
    "dynamic_complexity": 3.99547362328,
    "erbbands_crest": {
        "mean": 10.0243167877,
        "var": 27.6595172882
    },
    "erbbands_flatness_db": {
        "mean": 0.182168468833,
        "var": 0.0106568802148
    },
    "erbbands_kurtosis": {
        "mean": 2.02088403702,
        "var": 15.0592412949
    },
    "erbbands_skewness": {
        "mean": 0.422077685595,
        "var": 1.19718194008
    },
    "erbbands_spread": {
        "mean": 44.2648468018,
        "var": 1523.65063477
    },
    "hfc": {
        "mean": 54.0119667053,
        "var": 10922.8007813
    },
    "melbands_crest": {
        "mean": 17.3126182556,
        "var": 56.0374259949
    },
    "melbands_flatness_db": {
        "mean": 0.266711771488,
        "var": 0.00628325203434
    },
    "melbands_kurtosis": {
        "mean": 54.9795150757,
        "var": 11250.2568359
    },
    "melbands_skewness": {
        "mean": 4.18375587463,
        "var": 19.8976631165
    },
    "melbands_spread": {
        "mean": 13.359167099,
        "var": 188.652648926
    },
    "pitch_salience": {
        "mean": 0.496967673302,
        "var": 0.0336269661784
    },
    "silence_rate_20dB": {
        "mean": 0.977857887745,
        "var": 0.021652052179
    },
    "silence_rate_30dB": {
        "mean": 0.752832114697,
        "var": 0.186075627804
    },
    "silence_rate_60dB": {
        "mean": 0.137487128377,
        "var": 0.118586294353
    },
    "spectral_centroid": {
        "mean": 1247.61352539,
        "var": 696021.875
    },
    "spectral_complexity": {
        "mean": 14.9165811539,
        "var": 111.87651825
    },
    "spectral_decrease": {
        "mean": -1.65954752163e-008,
        "var": 5.33930924071e-016
    },
    "spectral_energy": {
        "mean": 0.0675342306495,
        "var": 0.00843951571733
    },
    "spectral_energyband_high": {
        "mean": 0.00490040006116,
        "var": 0.000117214251077
    },
    "spectral_energyband_low": {
        "mean": 0.0531221702695,
        "var": 0.00727100111544
    },
    "spectral_energyband_middle_high": {
        "mean": 0.00260819075629,
        "var": 1.21102611956e-005
    },
    "spectral_energyband_middle_low": {
        "mean": 0.0070985541679,
        "var": 6.96258357493e-005
    },
    "spectral_entropy": {
        "mean": 7.48712682724,
        "var": 0.530190348625
    },
    "spectral_flux": {
        "mean": 0.100826628506,
        "var": 0.00774965342134
    },
    "spectral_kurtosis": {
        "mean": 8.24729537964,
        "var": 117.074058533
    },
    "spectral_rms": {
        "mean": 0.00644707726315,
        "var": 2.43222675635e-005
    },
    "spectral_rolloff": {
        "mean": 1474.23254395,
        "var": 5096054
    },
    "spectral_skewness": {
        "mean": 1.86334478855,
        "var": 1.16702985764
    },
    "spectral_spread": {
        "mean": 5633410,
        "var": 1.44348639396e+013
    },
    "spectral_strongpeak": {
        "mean": 0.9203145504,
        "var": 0.733763635159
    },
    "zerocrossingrate": {
        "mean": 0.0591780766845,
        "var": 0.00230517005548
    },
    "barkbands": {
        "mean": [0.00285842339508, 0.0446277298033, 0.0055328910239, 0.00129948218819, 0.00128730933648, 0.00038024695823, 0.000201684248168, 0.000408779917052, 0.00317042903043, 0.000611365539953, 0.000606653746217, 0.000332204304868, 0.00039025337901, 0.00011285693472, 0.000106684761704, 0.000108128690044, 0.000162676224136, 0.000176919536898, 0.000168486178154, 0.000250530079938, 0.000505327014253, 0.000893077463843, 0.00104008428752, 0.000555658596568, 0.000565933354665, 0.000939752731938, 0.000240688343183],
        "var": [4.96886459587e-005, 0.00663909269497, 7.72483181208e-005, 5.6115982261e-006, 6.28764155408e-006, 2.41058785377e-007, 1.0092113456e-007, 1.72646025476e-007, 4.22997545684e-005, 1.21288110222e-006, 1.46755166952e-006, 4.92500589644e-007, 5.0118001127e-007, 2.85255623567e-008, 3.77663020856e-008, 6.99798334836e-008, 2.20008473661e-007, 1.47167455111e-007, 1.67624719438e-007, 3.58456958338e-007, 1.54377653416e-006, 4.67036898044e-006, 5.80645610171e-006, 1.55094437559e-006, 2.23280699174e-006, 6.38345181869e-006, 4.20660313694e-007]
    },
    "erbbands": {
        "mean": [1.71239984035, 8.45337486267, 6.62800931931, 6.08072566986, 5.25424909592, 3.70975732803, 2.73914337158, 3.41786432266, 2.27694225311, 5.21325111389, 18.9419631958, 58.0395088196, 51.5902786255, 16.5591182709, 24.7446556091, 12.9130439758, 17.0156459808, 8.6542301178, 5.89472341537, 4.76723670959, 7.18025493622, 9.45807552338, 9.65075206757, 7.8986530304, 9.40159893036, 12.0465269089, 16.4260234833, 23.0224304199, 28.7800331116, 40.3699226379, 26.8798103333, 12.540222168, 9.69693088531, 5.77400064468, 4.30318975449, 3.69236254692, 1.76071751118, 0.592027187347, 0.0200800597668, 0.00046613716404],
        "var": [9.53682994843, 245.981887817, 78.9762496948, 81.8167648315, 116.317657471, 42.4907112122, 20.5058937073, 16.0819835663, 13.3656988144, 39.5411071777, 1038.24902344, 23579.5605469, 6816.15527344, 643.886413574, 2174.71826172, 524.944519043, 774.141479492, 254.23336792, 110.202377319, 93.9488449097, 277.478790283, 671.932373047, 443.660583496, 359.805389404, 541.833374023, 907.60534668, 1654.30993652, 3254.16015625, 4895.49658203, 9324.56542969, 3691.64599609, 833.139831543, 460.894348145, 220.242431641, 132.21736145, 98.0090255737, 23.3917064667, 2.36603760719, 0.0027863716241, 1.09459028863e-006]
    },
    "gfcc": {
        "mean": [-34.9025421143, 86.3097915649, -106.020301819, 9.99364471436, -60.7441177368, 20.0983486176, -16.6112480164, 10.9167585373, -22.0393180847, -3.23421001434, -20.1196670532, -1.20080804825, -13.7482290268],
        "cov": [[13290.4980469, -5514.52490234, 5506.75878906, 3680.70214844, 937.691101074, 2256.18286133, 525.114196777, 1143.76501465, 358.003723145, 752.248474121, -659.127990723, 994.023681641, -384.134277344], [-5514.52490234, 3032.77856445, -2580.93432617, -1548.86450195, -371.611694336, -1007.43969727, -180.493560791, -528.13067627, -117.651809692, -403.517456055, 323.316619873, -489.501159668, 212.757049561], [5506.75878906, -2580.93432617, 4021.65405273, 1960.07409668, 734.430053711, 1461.17785645, 392.325683594, 716.873962402, 271.956573486, 509.596282959, -309.953613281, 591.975219727, -269.079833984], [3680.70214844, -1548.86450195, 1960.07409668, 1773.13317871, 364.885131836, 815.962158203, 194.837936401, 359.023101807, 210.917541504, 253.401107788, -144.181549072, 328.222686768, -101.884391785], [937.691101074, -371.611694336, 734.430053711, 364.885131836, 310.702880859, 264.004486084, 77.3179626465, 145.568725586, 71.7919540405, 111.105644226, -45.4208183289, 113.004631042, -47.0815315247], [2256.18286133, -1007.43969727, 1461.17785645, 815.962158203, 264.004486084, 679.01550293, 193.575164795, 309.042022705, 112.217330933, 194.423034668, -108.07144928, 227.180786133, -101.531425476], [525.114196777, -180.493560791, 392.325683594, 194.837936401, 77.3179626465, 193.575164795, 196.404815674, 114.454833984, 68.0434570313, 29.5294075012, -7.40345621109, 45.9153060913, 3.89028143883], [1143.76501465, -528.13067627, 716.873962402, 359.023101807, 145.568725586, 309.042022705, 114.454833984, 213.681671143, 73.9195022583, 110.285820007, -64.9988708496, 113.761558533, -45.1739349365], [358.003723145, -117.651809692, 271.956573486, 210.917541504, 71.7919540405, 112.217330933, 68.0434570313, 73.9195022583, 106.077407837, 42.3785095215, -2.47019028664, 32.4448509216, 0.364177286625], [752.248474121, -403.517456055, 509.596282959, 253.401107788, 111.105644226, 194.423034668, 29.5294075012, 110.285820007, 42.3785095215, 127.773200989, -29.0917930603, 92.0533981323, -44.3820304871], [-659.127990723, 323.316619873, -309.953613281, -144.181549072, -45.4208183289, -108.07144928, -7.40345621109, -64.9988708496, -2.47019028664, -29.0917930603, 108.410636902, -24.2310276031, 30.0431613922], [994.023681641, -489.501159668, 591.975219727, 328.222686768, 113.004631042, 227.180786133, 45.9153060913, 113.761558533, 32.4448509216, 92.0533981323, -24.2310276031, 158.048950195, -37.1102180481], [-384.134277344, 212.757049561, -269.079833984, -101.884391785, -47.0815315247, -101.531425476, 3.89028143883, -45.1739349365, 0.364177286625, -44.3820304871, 30.0431613922, -37.1102180481, 80.4442062378]],
        "icov": [[0.000458201597212, 0.000509725068696, 8.75280675245e-005, -0.00033277910552, -0.000151188229211, -0.000222319809836, -0.000162397700478, -0.000148072751472, 2.57405536104e-005, 0.000324412569171, 0.000679690157995, -0.000452410342405, -1.68796577782e-005], [0.000509725068696, 0.00206154631451, 0.000101068144431, 0.000166260579135, -0.00106017885264, -0.000388398446376, 0.000215322623262, 0.000264181522653, -0.000733300868887, 0.00219003926031, -0.00203209859319, 0.00194763962645, -0.000573447148781], [8.75280675245e-005, 0.000101068144431, 0.00201300112531, -0.000305884314002, -0.000984279089607, -0.00194550515153, -0.000863051216584, 0.000474920263514, -0.000538415159099, -0.00128817488439, 0.00226533925161, -0.00224705808796, 0.00118256511632], [-0.00033277910552, 0.000166260579135, -0.000305884314002, 0.00209868582897, -0.000192052204511, -0.00141086836811, 0.000929859059397, 0.00131047877949, -0.0023031339515, 0.000751398329157, -0.000848812516779, 5.78665712965e-005, -0.000827414216474], [-0.000151188229211, -0.00106017885264, -0.000984279089607, -0.000192052204511, 0.00663460977376, 0.00071942381328, -0.000170774626895, -0.000952596426941, -0.000780798844062, -0.00250381743535, 0.000963659433182, -0.0014259024756, 0.000415240094298], [-0.000222319809836, -0.000388398446376, -0.00194550515153, -0.00141086836811, 0.00071942381328, 0.0105421468616, -0.00293172546662, -0.00487837009132, 0.00222671427764, -0.000999901676551, -0.000911124167033, -0.000338000187185, 0.00242272554897], [-0.000162397700478, 0.000215322623262, -0.000863051216584, 0.000929859059397, -0.000170774626895, -0.00293172546662, 0.0118419742212, -0.00526716047898, -0.00299593340605, 0.00589055893943, -0.004919457715, 0.00321433646604, -0.00380124640651], [-0.000148072751472, 0.000264181522653, 0.000474920263514, 0.00131047877949, -0.000952596426941, -0.00487837009132, -0.00526716047898, 0.0216373838484, -0.00520585104823, -0.00642054574564, 0.00612731603906, -0.00330690620467, 0.000200592010515], [2.57405536104e-005, -0.000733300868887, -0.000538415159099, -0.0023031339515, -0.000780798844062, 0.00222671427764, -0.00299593340605, -0.00520585104823, 0.0184220094234, -0.0034006643109, -0.00272979238071, 0.00356398033909, -0.0023766332306], [0.000324412569171, 0.00219003926031, -0.00128817488439, 0.000751398329157, -0.00250381743535, -0.000999901676551, 0.00589055893943, -0.00642054574564, -0.0034006643109, 0.0247063282877, -0.00673513719812, -0.000138384653837, 0.00187966495287], [0.000679690157995, -0.00203209859319, 0.00226533925161, -0.000848812516779, 0.000963659433182, -0.000911124167033, -0.004919457715, 0.00612731603906, -0.00272979238071, -0.00673513719812, 0.0229860339314, -0.0114976381883, 0.000623163417913], [-0.000452410342405, 0.00194763962645, -0.00224705808796, 5.78665712965e-005, -0.0014259024756, -0.000338000187185, 0.00321433646604, -0.00330690620467, 0.00356398033909, -0.000138384653837, -0.0114976381883, 0.0233182255179, -0.00306938844733], [-1.68796577782e-005, -0.000573447148781, 0.00118256511632, -0.000827414216474, 0.000415240094298, 0.00242272554897, -0.00380124640651, 0.000200592010515, -0.0023766332306, 0.00187966495287, 0.000623163417913, -0.00306938844733, 0.0197710748762]]
    },
    "melbands": {
        "mean": [0.0141573734581, 0.00601379014552, 0.00108484283555, 0.000320674327668, 0.000106131876237, 7.31635300326e-005, 3.60732119589e-005, 5.84322224313e-005, 0.000214547239011, 0.000399592507165, 0.000251780933468, 5.81408676226e-005, 9.33196133701e-005, 4.2712486902e-005, 3.68778564734e-005, 3.36330595019e-005, 1.31929209601e-005, 9.62648755376e-006, 6.01743113293e-006, 6.49522189633e-006, 8.990959941e-006, 9.58308191912e-006, 1.03607580968e-005, 7.30650435798e-006, 6.17224986854e-006, 6.53962524666e-006, 6.64944491291e-006, 8.38298001327e-006, 9.86571922112e-006, 1.09422571768e-005, 1.41541995617e-005, 1.48299532157e-005, 1.99925270863e-005, 2.32170514209e-005, 1.68147344084e-005, 1.00697725429e-005, 6.45836462354e-006, 7.13751842341e-006, 5.52457231606e-006, 4.54877772427e-006],
        "var": [0.000650429574307, 7.91240818216e-005, 2.4651815238e-006, 4.1237913706e-007, 2.63967763203e-008, 7.66821006692e-009, 3.16771497921e-009, 4.28739932445e-009, 2.46878101962e-007, 8.22357890229e-007, 1.71944492422e-007, 9.62775104085e-009, 3.3859048898e-008, 9.25145382524e-009, 2.13652073811e-009, 5.24911403232e-009, 5.63797730724e-010, 3.22771698258e-010, 1.23011545394e-010, 2.81738826713e-010, 4.31866459261e-010, 7.96193000419e-010, 5.44938094649e-010, 3.11173531387e-010, 2.30893762443e-010, 2.58302990108e-010, 2.96916269349e-010, 4.51274573265e-010, 5.81857173554e-010, 8.43763503511e-010, 1.28300592372e-009, 1.36375022386e-009, 2.30777530419e-009, 3.22903503935e-009, 1.51697054918e-009, 4.90248674989e-010, 2.47311643387e-010, 2.49169934685e-010, 1.90866031313e-010, 1.39208727878e-010]
    },
    "mfcc": {
        "mean": [-683.992492676, 126.827568054, 7.93776464462, 2.83793592453, -12.9745845795, 6.6952624321, 8.0762758255, 14.2523374557, 4.90302801132, 4.45850753784, 1.56443893909, 0.924893558025, -6.40833473206],
        "cov": [[9783.37792969, -4661.8671875, 3556.74560547, 2033.48815918, 1383.80859375, 1646.24365234, 496.275878906, 1162.93774414, 888.115966797, 437.708892822, 402.195739746, 130.495498657, 333.105834961], [-4661.8671875, 2828.91796875, -2015.61999512, -1108.48937988, -744.434448242, -885.954040527, -240.157775879, -587.899719238, -440.746063232, -238.353378296, -231.984100342, -89.2276000977, -192.393157959], [3556.74560547, -2015.61999512, 2749.40820313, 1054.21044922, 937.200866699, 1034.14575195, 413.213195801, 733.394836426, 548.046875, 308.28918457, 332.502655029, 162.806594849, 223.424636841], [2033.48815918, -1108.48937988, 1054.21044922, 821.149597168, 459.963378906, 505.742492676, 121.762062073, 323.803771973, 221.425582886, 154.198944092, 128.193283081, 45.8005027771, 98.8949203491], [1383.80859375, -744.434448242, 937.200866699, 459.963378906, 509.52557373, 400.962249756, 139.136993408, 242.743988037, 203.058776855, 110.961250305, 134.445831299, 74.2062225342, 91.199760437], [1646.24365234, -885.954040527, 1034.14575195, 505.742492676, 400.962249756, 499.528442383, 176.216918945, 316.346588135, 227.104141235, 133.412841797, 136.860214233, 68.1050262451, 97.4521255493], [496.275878906, -240.157775879, 413.213195801, 121.762062073, 139.136993408, 176.216918945, 162.146011353, 151.712783813, 107.813682556, 56.9120597839, 60.7378387451, 38.6447219849, 50.4093742371], [1162.93774414, -587.899719238, 733.394836426, 323.803771973, 242.743988037, 316.346588135, 151.712783813, 303.059326172, 184.215133667, 104.59186554, 101.496887207, 49.6908721924, 76.1546020508], [888.115966797, -440.746063232, 548.046875, 221.425582886, 203.058776855, 227.104141235, 107.813682556, 184.215133667, 211.710861206, 100.403457642, 74.3733673096, 17.4923419952, 36.9010848999], [437.708892822, -238.353378296, 308.28918457, 154.198944092, 110.961250305, 133.412841797, 56.9120597839, 104.59186554, 100.403457642, 122.332321167, 58.4287452698, 9.75633716583, 22.2827301025], [402.195739746, -231.984100342, 332.502655029, 128.193283081, 134.445831299, 136.860214233, 60.7378387451, 101.496887207, 74.3733673096, 58.4287452698, 104.386634827, 43.7493629456, 29.5680465698], [130.495498657, -89.2276000977, 162.806594849, 45.8005027771, 74.2062225342, 68.1050262451, 38.6447219849, 49.6908721924, 17.4923419952, 9.75633716583, 43.7493629456, 82.0400695801, 41.6629905701], [333.105834961, -192.393157959, 223.424636841, 98.8949203491, 91.199760437, 97.4521255493, 50.4093742371, 76.1546020508, 36.9010848999, 22.2827301025, 29.5680465698, 41.6629905701, 81.781829834]],
        "icov": [[0.000592447293457, 0.000789044599514, 0.000220947913476, -0.000132793473313, -0.000189613303519, -0.000311570242047, 1.7519467292e-005, -0.00060010177549, -0.000507930293679, 0.000332519208314, 0.000203107832931, 0.00026679461007, 6.00689418206e-005], [0.000789044599514, 0.00206711050123, 0.000627722765785, 0.000435615860624, -0.000508352939505, 0.000293299992336, -0.000713989778887, -0.000748234277125, -0.000147046070197, 2.65824619419e-005, 0.000318755104672, 1.3537293853e-005, 0.000698574818671], [0.000220947913476, 0.000627722765785, 0.00238315924071, 0.000238428954617, -0.00131936580874, -0.002109575551, -0.000421594741056, -0.00151526811533, -0.000780013157055, 6.65839907015e-005, -0.000651419803035, 4.59514740214e-005, -2.03410872928e-005], [-0.000132793473313, 0.000435615860624, 0.000238428954617, 0.00467919046059, -0.00177152187098, -0.00296552712098, 0.00220505916514, -0.00155007233843, 0.00153983279597, -0.00175023463089, 0.000853077683132, 0.00111258332618, -0.000243640592089], [-0.000189613303519, -0.000508352939505, -0.00131936580874, -0.00177152187098, 0.00751189794391, -0.00204836344346, -8.38226333144e-005, 0.00325356493704, -0.00220419815741, 0.00114548357669, -0.00219160201959, -0.00147340912372, -0.00136561633553], [-0.000311570242047, 0.000293299992336, -0.002109575551, -0.00296552712098, -0.00204836344346, 0.015894357115, -0.00335784512572, -0.00266403774731, -4.25281577918e-005, -0.000451171596069, -0.000740598363336, -0.00112756260205, 0.000187533762073], [1.7519467292e-005, -0.000713989778887, -0.000421594741056, 0.00220505916514, -8.38226333144e-005, -0.00335784512572, 0.0149587327614, -0.0044796699658, -0.00212754588574, -0.000171594962012, -0.000164621087606, -0.000681313569658, -0.00280662300065], [-0.00060010177549, -0.000748234277125, -0.00151526811533, -0.00155007233843, 0.00325356493704, -0.00266403774731, -0.0044796699658, 0.0158833675086, -0.00384742254391, -0.000361969723599, -0.00206881552003, -0.000857495761011, -0.00276542128995], [-0.000507930293679, -0.000147046070197, -0.000780013157055, 0.00153983279597, -0.00220419815741, -4.25281577918e-005, -0.00212754588574, -0.00384742254391, 0.015408729203, -0.00567439710721, 0.000522191403434, 0.00253524398431, 0.00250772852451], [0.000332519208314, 2.65824619419e-005, 6.65839907015e-005, -0.00175023463089, 0.00114548357669, -0.000451171596069, -0.000171594962012, -0.000361969723599, -0.00567439710721, 0.0162060037255, -0.005637654569, 0.00270329252817, -0.000848317693453], [0.000203107832931, 0.000318755104672, -0.000651419803035, 0.000853077683132, -0.00219160201959, -0.000740598363336, -0.000164621087606, -0.00206881552003, 0.000522191403434, -0.005637654569, 0.0215463489294, -0.00799577403814, 0.00360887125134], [0.00026679461007, 1.3537293853e-005, 4.59514740214e-005, 0.00111258332618, -0.00147340912372, -0.00112756260205, -0.000681313569658, -0.000857495761011, 0.00253524398431, 0.00270329252817, -0.00799577403814, 0.0218702983111, -0.00845187436789], [6.00689418206e-005, 0.000698574818671, -2.03410872928e-005, -0.000243640592089, -0.00136561633553, 0.000187533762073, -0.00280662300065, -0.00276542128995, 0.00250772852451, -0.000848317693453, 0.00360887125134, -0.00845187436789, 0.0216816775501]]
    },
    "spectral_contrast_coeffs": {
        "mean": [-0.643880546093, -0.760271787643, -0.728379607201, -0.772405445576, -0.805793583393, -0.77030813694],
        "var": [0.00556496763602, 0.00407967809588, 0.00510242627934, 0.00316110206768, 0.00155049166642, 0.00187819381244]
    },
    "spectral_contrast_valleys": {
        "mean": [-7.80165481567, -6.99972677231, -7.35347795486, -8.27415752411, -8.1917886734, -10.5390195847],
        "var": [3.29749894142, 0.423268288374, 0.52912145853, 0.743630826473, 1.58016490936, 4.15594959259]
    }
},
"metadata": {
    "audio_properties": {
        "analysis_sample_rate": 44100,
        "bit_rate": 128074,
        "equal_loudness": 0,
        "length": 45.0612258911,
        "lossless": 0,
        "replay_gain": -5.02201843262,
        "sample_rate": 44100,
        "codec": "mp3",
        "downmix": "mix",
        "md5_encoded": "1a385495f0bf5de92c84531df13acbb7"
    },
    "tags": {
        "file_name": "1601.mp3"
    },
    "version": {
        "essentia": "2.1-beta2",
        "essentia_git_sha": "v2.1_beta2",
        "extractor": "music 1.0"
    }
},
"rhythm": {
    "beats_count": 98,
    "beats_loudness": {
        "mean": 0.0734527632594,
        "var": 0.00791764818132
    },
    "bpm": 131.96043396,
    "bpm_histogram_first_peak_bpm": {
        "mean": 133,
        "var": 0
    },
    "bpm_histogram_first_peak_spread": {
        "mean": 0.456521779299,
        "var": 0
    },
    "bpm_histogram_first_peak_weight": {
        "mean": 0.515463888645,
        "var": 0
    },
    "bpm_histogram_second_peak_bpm": {
        "mean": 120,
        "var": 0
    },
    "bpm_histogram_second_peak_spread": {
        "mean": 0.200000017881,
        "var": 0
    },
    "bpm_histogram_second_peak_weight": {
        "mean": 0.0412371121347,
        "var": 0
    },
    "danceability": 1.11808037758,
    "onset_rate": 5.90041923523,
    "beats_loudness_band_ratio": {
        "mean": [0.337286919355, 0.0418165959418, 0.342750310898, 0.15616722405, 0.0239320974797, 0.112339794636],
        "var": [0.109974853694, 0.00278221955523, 0.10818888247, 0.0301547925919, 0.000324218824971, 0.0157003421336]
    },
    "beats_position": [0.510838985443, 1.02167797089, 1.52090704441, 2.02013611794, 2.51936507225, 3.01859402657, 3.48299312592, 3.94739222527, 4.40018129349, 4.85297060013, 5.31736946106, 5.78176879883, 6.24616765976, 6.68734693527, 7.1517457962, 7.60453510284, 8.05732440948, 8.51011276245, 8.96290206909, 9.41569137573, 9.86848068237, 10.3328800201, 10.7972784042, 11.2500677109, 11.7028570175, 12.144036293, 12.5968255997, 13.0496139526, 13.5024032593, 13.9551925659, 14.4195919037, 14.8839902878, 15.3251695633, 15.7779588699, 16.242357254, 16.6951465607, 17.1363258362, 17.5891151428, 18.0535144806, 18.5179138184, 18.970703125, 19.4234924316, 19.8762817383, 20.3174591064, 20.7702484131, 21.2230377197, 21.6874370575, 22.1518363953, 22.6046257019, 23.0574150085, 23.4985942841, 23.9629936218, 24.40417099, 24.8685703278, 25.3213596344, 25.774148941, 26.2269382477, 26.6797275543, 27.132516861, 27.5853061676, 28.0497055054, 28.5024929047, 28.9552822113, 29.4196815491, 29.8608608246, 30.3252601624, 30.7664394379, 31.2308387756, 31.6836280823, 32.1364173889, 32.5892066956, 33.0419960022, 33.4947853088, 33.9475746155, 34.4119720459, 34.8763694763, 35.3175506592, 35.7819480896, 36.2231292725, 36.6875267029, 37.1287078857, 37.5931053162, 38.0458946228, 38.4986839294, 38.9514732361, 39.4042625427, 39.8686599731, 40.3214492798, 40.7742385864, 41.2270278931, 41.6798171997, 42.1442184448, 42.585395813, 43.0497932434, 43.50258255, 43.9553718567, 44.4081611633, 44.86095047]
},
"tonal": {
    "chords_changes_rate": 0.0401234552264,
    "chords_number_rate": 0.00411522621289,
    "chords_strength": {
        "mean": 0.509531497955,
        "var": 0.00186091766227
    },
    "hpcp_entropy": {
        "mean": 2.06615710258,
        "var": 0.394106537104
    },
    "key_strength": 0.822640120983,
    "tuning_diatonic_strength": 0.664481163025,
    "tuning_equal_tempered_deviation": 0.206428915262,
    "tuning_frequency": 434.193115234,
    "tuning_nontempered_energy_ratio": 0.9206174016,
    "hpcp": {
        "mean": [0.10324985534, 0.0794023871422, 0.0642533451319, 0.0977210849524, 0.184554561973, 0.272451728582, 0.274227440357, 0.195212036371, 0.120871409774, 0.0841275453568, 0.0505241565406, 0.0304112024605, 0.0969077199697, 0.173761576414, 0.110540993512, 0.0335867442191, 0.0322459898889, 0.0673887506127, 0.14107221365, 0.112283810973, 0.100922547281, 0.203013911843, 0.154538750648, 0.081017382443, 0.106179207563, 0.105453036726, 0.102358520031, 0.229716822505, 0.313264727592, 0.185266241431, 0.0957084670663, 0.0643582195044, 0.0355803482234, 0.0431707650423, 0.0497623980045, 0.0784194692969],
        "var": [0.0470533333719, 0.0350320413709, 0.0327693894506, 0.04813901335, 0.0788043141365, 0.121275290847, 0.0930976271629, 0.064033947885, 0.046219330281, 0.0424716807902, 0.0195799097419, 0.0105755850673, 0.0257155820727, 0.0807490646839, 0.031836014241, 0.0118100121617, 0.0106228338555, 0.0171353071928, 0.0628630593419, 0.0419942997396, 0.0229309722781, 0.0997224077582, 0.0657170936465, 0.0230353623629, 0.0440858490765, 0.0309496708214, 0.028906038031, 0.0764171779156, 0.150975912809, 0.0561475977302, 0.0614131465554, 0.0261049810797, 0.016768315807, 0.0204544737935, 0.0214868169278, 0.0288135055453]
    },
    "chords_histogram": [81.4814834595, 10.0823049545, 5.55555534363, 0.823045253754, 0, 0, 0, 0, 0, 0, 0, 0, 0, 0, 0, 0, 0, 2.05761313438, 0, 0, 0, 0, 0, 0],
    "thpcp": [1, 0.591404736042, 0.305519461632, 0.205443561077, 0.113579168916, 0.137809216976, 0.158850938082, 0.250329703093, 0.329592972994, 0.253467381001, 0.205108776689, 0.311944097281, 0.589132905006, 0.869717240334, 0.875385642052, 0.623153567314, 0.385844290257, 0.26855096221, 0.161282628775, 0.0970782861114, 0.309347689152, 0.554679691792, 0.352867662907, 0.107215210795, 0.102935269475, 0.215117588639, 0.450329065323, 0.358431071043, 0.322163760662, 0.648058652878, 0.493316799402, 0.258622735739, 0.338944017887, 0.336625963449, 0.326747655869, 0.73329937458],
    "chords_key": "B",
    "chords_scale": "major",
    "key_key": "B",
    "key_scale": "major"
}
}