{
"lowlevel": {
    "average_loudness": 0.779530346394,
    "barkbands_crest": {
        "mean": 12.1205759048,
        "var": 27.8724117279
    },
    "barkbands_flatness_db": {
        "mean": 0.171994507313,
        "var": 0.00403787614778
    },
    "barkbands_kurtosis": {
        "mean": 7.75119781494,
        "var": 117.979888916
    },
    "barkbands_skewness": {
        "mean": 2.04792451859,
        "var": 2.02767014503
    },
    "barkbands_spread": {
        "mean": 25.6972370148,
        "var": 454.655029297
    },
    "dissonance": {
        "mean": 0.435751885176,
        "var": 0.00240878760815
    },
    "dynamic_complexity": 5.03729581833,
    "erbbands_crest": {
        "mean": 12.7954673767,
        "var": 35.1258010864
    },
    "erbbands_flatness_db": {
        "mean": 0.14957177639,
        "var": 0.00156703952234
    },
    "erbbands_kurtosis": {
        "mean": 3.25104856491,
        "var": 30.4541893005
    },
    "erbbands_skewness": {
        "mean": 0.662164568901,
        "var": 1.69620132446
    },
    "erbbands_spread": {
        "mean": 44.4482688904,
        "var": 1093.73669434
    },
    "hfc": {
        "mean": 17.1288013458,
        "var": 249.079666138
    },
    "melbands_crest": {
        "mean": 14.7674884796,
        "var": 37.1468086243
    },
    "melbands_flatness_db": {
        "mean": 0.265128493309,
        "var": 0.00576602388173
    },
    "melbands_kurtosis": {
        "mean": 33.76146698,
        "var": 3604.60864258
    },
    "melbands_skewness": {
        "mean": 3.6981716156,
        "var": 11.8312187195
    },
    "melbands_spread": {
        "mean": 18.8203868866,
        "var": 409.066558838
    },
    "pitch_salience": {
        "mean": 0.476800143719,
        "var": 0.0224248804152
    },
    "silence_rate_20dB": {
        "mean": 1,
        "var": 0
    },
    "silence_rate_30dB": {
        "mean": 0.994335711002,
        "var": 0.00563224777579
    },
    "silence_rate_60dB": {
        "mean": 0.0962924808264,
        "var": 0.087023422122
    },
    "spectral_centroid": {
        "mean": 1136.73156738,
        "var": 735267.9375
    },
    "spectral_complexity": {
        "mean": 9.73583889008,
        "var": 35.5785064697
    },
    "spectral_decrease": {
        "mean": -6.76573597147e-009,
        "var": 4.11843366997e-017
    },
    "spectral_energy": {
        "mean": 0.0270890668035,
        "var": 0.000633258081507
    },
    "spectral_energyband_high": {
        "mean": 0.000677601958159,
        "var": 1.41078703564e-006
    },
    "spectral_energyband_low": {
        "mean": 0.00838703662157,
        "var": 0.000135721958941
    },
    "spectral_energyband_middle_high": {
        "mean": 0.00406419858336,
        "var": 2.76414830296e-005
    },
    "spectral_energyband_middle_low": {
        "mean": 0.0150646455586,
        "var": 0.000312592455884
    },
    "spectral_entropy": {
        "mean": 7.34606075287,
        "var": 0.316950023174
    },
    "spectral_flux": {
        "mean": 0.0658130645752,
        "var": 0.002700580284
    },
    "spectral_kurtosis": {
        "mean": 3.41631388664,
        "var": 7.55527067184
    },
    "spectral_rms": {
        "mean": 0.00458097318187,
        "var": 5.44302383787e-006
    },
    "spectral_rolloff": {
        "mean": 1428.1986084,
        "var": 5246828
    },
    "spectral_skewness": {
        "mean": 1.67231845856,
        "var": 0.398446977139
    },
    "spectral_spread": {
        "mean": 7788208.5,
        "var": 6.8923728855e+012
    },
    "spectral_strongpeak": {
        "mean": 1.02367663383,
        "var": 1.9227155447
    },
    "zerocrossingrate": {
        "mean": 0.0720393359661,
        "var": 0.00242657866329
    },
    "barkbands": {
        "mean": [0.000165574645507, 0.00512293865904, 0.00213966215961, 0.00200517522171, 0.00582114420831, 0.00366125581786, 0.00150522834156, 0.00100635644048, 0.000753374537453, 0.000945972045884, 0.000620732083917, 0.00070160505129, 0.000477569235954, 0.000391004112316, 0.000814174010884, 2.76592109003e-005, 7.21107498975e-005, 7.52277192078e-005, 7.19677191228e-005, 6.36566110188e-005, 4.69568076369e-005, 8.94213153515e-005, 0.00011378434283, 0.000143142824527, 0.000135427122586, 9.41540201893e-005, 2.3796559617e-005],
        "var": [4.1351579938e-008, 3.93762202293e-005, 4.12310218962e-005, 3.61232378054e-005, 7.22190598026e-005, 3.02885364363e-005, 7.63756725064e-006, 4.62888556285e-006, 4.47610136689e-006, 5.10947302246e-006, 6.29658461548e-006, 2.7737110031e-006, 1.56355542913e-006, 1.45756155234e-006, 3.94137305193e-006, 4.60697124893e-009, 1.72668084275e-008, 4.06482065785e-008, 1.07233981694e-008, 1.10176285872e-008, 8.77812134092e-009, 3.9200976687e-008, 8.6354255302e-008, 3.56912920552e-007, 9.46051201822e-008, 9.59734691719e-009, 4.53090898134e-009]
    },
    "erbbands": {
        "mean": [0.139241501689, 1.167948246, 2.44264149666, 4.95985174179, 8.0025396347, 24.6021900177, 28.489233017, 30.9823570251, 27.0547027588, 23.5132160187, 15.2862081528, 20.6263885498, 19.5604400635, 28.8313217163, 30.0535583496, 37.9531822205, 24.9818344116, 22.2741260529, 51.4648704529, 8.29569244385, 1.99187660217, 3.41298985481, 5.61323833466, 2.87662053108, 3.68044304848, 3.23713707924, 2.10069918633, 2.0380885601, 3.26837134361, 2.910592556, 3.28099870682, 2.91002130508, 2.49957203865, 1.5412093401, 0.937256336212, 0.393552154303, 0.168934613466, 0.0635362043977, 0.00225528236479, 7.47142985347e-005],
        "var": [0.0265161115676, 2.41148042679, 36.4677276611, 195.174819946, 320.374481201, 1374.0802002, 1670.55407715, 2292.69726563, 2279.57495117, 2559.36645508, 587.363830566, 3469.21166992, 1147.93835449, 9244.01074219, 13392.1064453, 6581.43896484, 3509.95532227, 3978.43188477, 13594.3369141, 302.460479736, 12.7071619034, 34.2861175537, 214.428771973, 17.5616645813, 28.0707550049, 22.2177009583, 10.45291996, 21.2319469452, 65.3957061768, 50.7370223999, 90.9412994385, 119.563911438, 110.00478363, 23.8226966858, 2.4916446209, 0.213574722409, 0.0338410586119, 0.0108692813665, 2.90151001536e-005, 7.17686399199e-009]
    },
    "gfcc": {
        "mean": [-24.2470302582, 59.6803207397, -53.778678894, 24.583694458, -54.8184890747, 29.4883766174, -34.4246177673, 9.93165683746, -31.1120014191, 9.30111503601, -11.5460147858, 6.79774188995, -11.5516166687],
        "cov": [[8411.28515625, 2413.21362305, -2041.02502441, -1739.68786621, -650.937866211, -646.575256348, -1000.04510498, -748.357849121, -217.58039856, 313.341339111, -102.667106628, -41.7523231506, -150.785217285], [2413.21362305, 2478.99365234, -651.880493164, -983.686645508, -874.686218262, -518.579223633, -445.401733398, -416.448059082, -112.835487366, 111.290061951, 137.131774902, -30.3686580658, 56.6684913635], [-2041.02502441, -651.880493164, 1092.26086426, 692.273986816, 56.6909065247, 96.0441894531, 153.024597168, 189.291809082, 81.2760391235, -149.494110107, 19.5066776276, 58.6905136108, 34.3110084534], [-1739.68786621, -983.686645508, 692.273986816, 943.616027832, 325.868774414, 52.137714386, 155.319412231, 249.078872681, 73.5007705688, -99.2796020508, -3.56939220428, 79.0948104858, 2.90366148949], [-650.937866211, -874.686218262, 56.6909065247, 325.868774414, 637.981018066, 265.321685791, 138.43637085, 96.3871231079, 41.3264579773, -33.8076248169, -84.9039535522, 8.03042697906, -62.2053413391], [-646.575256348, -518.579223633, 96.0441894531, 52.137714386, 265.321685791, 405.598175049, 197.494186401, 19.4792194366, -16.1630306244, -14.3338384628, -21.5641860962, -34.2136116028, -36.8440322876], [-1000.04510498, -445.401733398, 153.024597168, 155.319412231, 138.43637085, 197.494186401, 407.689056396, 145.496887207, -29.6994132996, -27.1736621857, -7.86970281601, -51.1306762695, 18.2580089569], [-748.357849121, -416.448059082, 189.291809082, 249.078872681, 96.3871231079, 19.4792194366, 145.496887207, 299.48248291, 77.4546813965, -94.0089187622, -32.8736076355, 21.2917442322, 19.881231308], [-217.58039856, -112.835487366, 81.2760391235, 73.5007705688, 41.3264579773, -16.1630306244, -29.6994132996, 77.4546813965, 153.34487915, 6.70970582962, -53.1587982178, 20.1446323395, 22.252746582], [313.341339111, 111.290061951, -149.494110107, -99.2796020508, -33.8076248169, -14.3338384628, -27.1736621857, -94.0089187622, 6.70970582962, 171.772781372, 50.2327537537, -28.4909095764, 5.63748264313], [-102.667106628, 137.131774902, 19.5066776276, -3.56939220428, -84.9039535522, -21.5641860962, -7.86970281601, -32.8736076355, -53.1587982178, 50.2327537537, 174.939025879, 29.4329376221, -18.931022644], [-41.7523231506, -30.3686580658, 58.6905136108, 79.0948104858, 8.03042697906, -34.2136116028, -51.1306762695, 21.2917442322, 20.1446323395, -28.4909095764, 29.4329376221, 97.5363769531, -3.25974392891], [-150.785217285, 56.6684913635, 34.3110084534, 2.90366148949, -62.2053413391, -36.8440322876, 18.2580089569, 19.881231308, 22.252746582, 5.63748264313, -18.931022644, -3.25974392891, 101.420951843]],
        "icov": [[0.000410809472669, -3.80153760489e-005, 0.000357286888175, 0.00026047922438, 8.72372911545e-005, 0.000232683625654, 0.000550135911908, -1.44707255458e-005, 0.000614081975073, -0.000481389346533, 0.000779951631557, -0.000379937759135, 0.000570903590415], [-3.80153760489e-005, 0.0016415938735, 0.00016327733465, 0.000886816356797, 0.000975230650511, 0.00111951387953, 5.30745710421e-005, 0.00130235531833, -0.000566222239286, 0.00109345803503, -0.00106397201307, 0.000476295186672, -0.000434223533375], [0.000357286888175, 0.00016327733465, 0.00305091566406, -0.0019739207346, 0.00159605685622, -0.000857489590999, 0.000172808780917, 0.00118482334074, -0.0014113195939, 0.00191662763245, -0.000437726383097, 0.000351882830728, 1.11146823656e-006], [0.00026047922438, 0.000886816356797, -0.0019739207346, 0.00442277267575, -0.00158519670367, 0.0023304077331, 0.000247589574428, -0.00091328000417, 0.00137075898238, -0.00110795348883, 0.000109675340354, -0.00136789144017, 0.000179032125743], [8.72372911545e-005, 0.000975230650511, 0.00159605685622, -0.00158519670367, 0.00460048532113, -0.00176810170524, 0.000127412044094, 0.000934146752115, -0.000947049120441, 0.000601707666647, 0.00102610990871, -0.000360935693607, 0.00141778751276], [0.000232683625654, 0.00111951387953, -0.000857489590999, 0.0023304077331, -0.00176810170524, 0.00623247725889, -0.00180404947605, 0.00180586823262, -5.74337864236e-005, 0.000534485909157, -0.000567584764212, 0.00043840854778, 0.000985274207778], [0.000550135911908, 5.30745710421e-005, 0.000172808780917, 0.000247589574428, 0.000127412044094, -0.00180404947605, 0.00603224430233, -0.00312017975375, 0.00345098483376, -0.0017601728905, 0.000996029935777, 0.00159473484382, -0.000750994775444], [-1.44707255458e-005, 0.00130235531833, 0.00118482334074, -0.00091328000417, 0.000934146752115, 0.00180586823262, -0.00312017975375, 0.00918191950768, -0.00570073677227, 0.00567985046655, -0.00250506261364, 0.000914663134608, -0.000636211363599], [0.000614081975073, -0.000566222239286, -0.0014113195939, 0.00137075898238, -0.000947049120441, -5.74337864236e-005, 0.00345098483376, -0.00570073677227, 0.013974419795, -0.00708075705916, 0.0065575488843, -0.00399828609079, -1.4956416635e-005], [-0.000481389346533, 0.00109345803503, 0.00191662763245, -0.00110795348883, 0.000601707666647, 0.000534485909157, -0.0017601728905, 0.00567985046655, -0.00708075705916, 0.013350921683, -0.00718117132783, 0.00529948947951, -0.00253527169116], [0.000779951631557, -0.00106397201307, -0.000437726383097, 0.000109675340354, 0.00102610990871, -0.000567584764212, 0.000996029935777, -0.00250506261364, 0.0065575488843, -0.00718117132783, 0.0125559242442, -0.00615348434076, 0.0037401819136], [-0.000379937759135, 0.000476295186672, 0.000351882830728, -0.00136789144017, -0.000360935693607, 0.00043840854778, 0.00159473484382, 0.000914663134608, -0.00399828609079, 0.00529948947951, -0.00615348434076, 0.0161365997046, -0.00148663250729], [0.000570903590415, -0.000434223533375, 1.11146823656e-006, 0.000179032125743, 0.00141778751276, 0.000985274207778, -0.000750994775444, -0.000636211363599, -1.4956416635e-005, -0.00253527169116, 0.0037401819136, -0.00148663250729, 0.0132277719676]]
    },
    "melbands": {
        "mean": [0.00136066623963, 0.00141644570976, 0.000956222589593, 0.00106226687785, 0.00116480549332, 0.000699188211001, 0.000385113293305, 0.00025467548403, 0.000126461600303, 0.00011688855011, 9.39141682466e-005, 0.000116641465866, 8.48382696859e-005, 9.91259585135e-005, 7.84874937381e-005, 3.04897512251e-005, 4.42269483756e-005, 7.58019305067e-005, 3.75440577045e-005, 2.17252477341e-006, 2.21175696424e-006, 3.07876530314e-006, 5.80322921451e-006, 3.38731115335e-006, 2.11795850191e-006, 3.12640304401e-006, 2.12486452256e-006, 2.10483813134e-006, 1.48401909428e-006, 7.96607594111e-007, 1.30214857563e-006, 2.14254896491e-006, 1.46156901337e-006, 1.57541114731e-006, 1.80772121894e-006, 2.09603990697e-006, 1.66602478657e-006, 1.815134965e-006, 1.58053387622e-006, 1.19945559618e-006],
        "var": [2.55853342424e-006, 6.55292706142e-006, 6.40758344161e-006, 2.60415276898e-006, 2.71358339887e-006, 1.1335388308e-006, 4.72151356234e-007, 3.18286481615e-007, 4.5089855405e-008, 1.10283771448e-007, 2.97978726138e-008, 1.64775997291e-007, 1.04753510755e-007, 5.3999880123e-008, 2.35453576636e-008, 5.46420197978e-009, 2.04032293283e-008, 2.75818212714e-008, 8.34258617743e-009, 2.92809110292e-011, 1.91162814744e-011, 3.05516723031e-011, 1.49599804766e-010, 7.5303832614e-011, 1.15288932914e-011, 2.2320043383e-011, 2.0169838022e-011, 9.70336658246e-012, 5.98376860214e-012, 2.22686279139e-012, 1.19130851017e-011, 3.77593130374e-011, 1.86573777261e-011, 1.36510932766e-011, 3.23053389595e-011, 3.45796967449e-011, 6.67001523458e-011, 7.20436627022e-011, 3.06957237406e-011, 1.44935114257e-011]
    },
    "mfcc": {
        "mean": [-697.475463867, 106.585197449, 53.8671722412, 13.8915882111, 11.9003305435, 12.0474090576, 13.5270614624, 3.73986625671, -6.65057516098, 7.13785600662, -0.143779024482, -6.13331031799, -1.68964219093],
        "cov": [[9008.35644531, 2730.4675293, -1824.38952637, -1234.82678223, -777.033325195, -520.659301758, -943.181884766, -1150.51135254, -591.84552002, -630.066650391, 104.089401245, 29.4383029938, -234.925338745], [2730.4675293, 2263.84716797, -291.870666504, -642.989562988, -650.251403809, -406.81036377, -459.483215332, -595.597229004, -369.49810791, -303.652862549, -75.117805481, 9.75241565704, -8.43141174316], [-1824.38952637, -291.870666504, 1022.90002441, 339.790893555, 47.6371421814, -21.9532661438, 45.640625, 177.229293823, 9.64416599274, 92.0690917969, -94.4320068359, -59.5697669983, 105.529846191], [-1234.82678223, -642.989562988, 339.790893555, 635.249084473, 243.522766113, -4.9974193573, 77.0627670288, 212.424072266, 94.169921875, 60.3048248291, -6.12760972977, -24.6355342865, 78.2010650635], [-777.033325195, -650.251403809, 47.6371421814, 243.522766113, 505.473175049, 138.057144165, 45.8066864014, 235.015014648, 82.55443573, 36.0771217346, 23.4626941681, 7.57432079315, -9.40376377106], [-520.659301758, -406.81036377, -21.9532661438, -4.9974193573, 138.057144165, 387.354003906, 190.114852905, 38.8937988281, 52.9607772827, 67.6095123291, 22.6048221588, 21.6828136444, -39.4673881531], [-943.181884766, -459.483215332, 45.640625, 77.0627670288, 45.8066864014, 190.114852905, 382.131591797, 158.013015747, 50.3499145508, 127.772842407, -0.322030186653, 15.4235610962, 18.2098312378], [-1150.51135254, -595.597229004, 177.229293823, 212.424072266, 235.015014648, 38.8937988281, 158.013015747, 406.163085938, 159.565551758, 78.1451644897, 4.47604751587, -12.4984073639, 18.1292705536], [-591.84552002, -369.49810791, 9.64416599274, 94.169921875, 82.55443573, 52.9607772827, 50.3499145508, 159.565551758, 296.418395996, 82.8081054688, 9.58893108368, -32.3465881348, -59.8474349976], [-630.066650391, -303.652862549, 92.0690917969, 60.3048248291, 36.0771217346, 67.6095123291, 127.772842407, 78.1451644897, 82.8081054688, 198.077148438, 10.1443338394, -62.2194633484, 17.9952640533], [104.089401245, -75.117805481, -94.4320068359, -6.12760972977, 23.4626941681, 22.6048221588, -0.322030186653, 4.47604751587, 9.58893108368, 10.1443338394, 111.390930176, 22.9028663635, -23.795715332], [29.4383029938, 9.75241565704, -59.5697669983, -24.6355342865, 7.57432079315, 21.6828136444, 15.4235610962, -12.4984073639, -32.3465881348, -62.2194633484, 22.9028663635, 174.284088135, 16.420135498], [-234.925338745, -8.43141174316, 105.529846191, 78.2010650635, -9.40376377106, -39.4673881531, 18.2098312378, 18.1292705536, -59.8474349976, 17.9952640533, -23.795715332, 16.420135498, 153.914245605]],
        "icov": [[0.000436445436208, -2.54432561633e-005, 0.000586640497204, 0.000161455871421, 0.000198141045985, 0.000114035050501, 0.000529549084604, 0.000289551098831, 0.000407802028349, 0.000414558890043, -9.26213542698e-005, 0.000320406834362, 0.000186699733604], [-2.54432561633e-005, 0.00162620621268, -3.56964919774e-005, 0.000822542817332, 0.00091780978255, 0.000687700288836, 0.000615444441792, 0.000642402796075, 0.000627141620498, 0.00092136405874, 0.000574047851842, 0.000259257591097, -6.20352002443e-005], [0.000586640497204, -3.56964919774e-005, 0.00234208581969, -0.000629778020084, 0.000925746920984, -0.000296995072858, 0.00145748257637, -0.000588716939092, 0.00124113552738, -0.00032888102578, 0.00114509882405, 0.000389051157981, 0.000141499069287], [0.000161455871421, 0.000822542817332, -0.000629778020084, 0.00334182451479, -0.00094212195836, 0.00123630405869, -0.000395979674067, 0.000823144684546, -0.000569579191506, 0.00134436390363, -0.000535692553967, 0.000732592248823, -0.00130490306765], [0.000198141045985, 0.00091780978255, 0.000925746920984, -0.00094212195836, 0.0049162376672, -0.00174712995067, 0.00275111780502, -0.00247936346568, 0.00178028980736, -0.000120306038298, 0.000673184113111, -0.000199966525543, 0.000847283692565], [0.000114035050501, 0.000687700288836, -0.000296995072858, 0.00123630405869, -0.00174712995067, 0.00521241175011, -0.00270331511274, 0.00248379074037, -0.00068721716525, 0.000740797724575, -0.000502631184645, 5.5958989833e-006, 0.000612200878095], [0.000529549084604, 0.000615444441792, 0.00145748257637, -0.000395979674067, 0.00275111780502, -0.00270331511274, 0.00730348750949, -0.00278397346847, 0.00259355548769, -0.0026818565093, 0.00161827926058, -0.00106259481981, 0.00066816637991], [0.000289551098831, 0.000642402796075, -0.000588716939092, 0.000823144684546, -0.00247936346568, 0.00248379074037, -0.00278397346847, 0.00703640747815, -0.0025871891994, 0.00204051542096, -0.000920589838643, 0.000846167793497, -0.0010286035249], [0.000407802028349, 0.000627141620498, 0.00124113552738, -0.000569579191506, 0.00178028980736, -0.00068721716525, 0.00259355548769, -0.0025871891994, 0.00687287840992, -0.00214739702642, 0.0012405597372, -0.000118372634461, 0.00315357954241], [0.000414558890043, 0.00092136405874, -0.00032888102578, 0.00134436390363, -0.000120306038298, 0.000740797724575, -0.0026818565093, 0.00204051542096, -0.00214739702642, 0.0107922255993, -0.00237675686367, 0.0042485347949, -0.0024322590325], [-9.26213542698e-005, 0.000574047851842, 0.00114509882405, -0.000535692553967, 0.000673184113111, -0.000502631184645, 0.00161827926058, -0.000920589838643, 0.0012405597372, -0.00237675686367, 0.0113685904071, -0.00217327103019, 0.00195607845671], [0.000320406834362, 0.000259257591097, 0.000389051157981, 0.000732592248823, -0.000199966525543, 5.5958989833e-006, -0.00106259481981, 0.000846167793497, -0.000118372634461, 0.0042485347949, -0.00217327103019, 0.00802350882441, -0.00185517698992], [0.000186699733604, -6.20352002443e-005, 0.000141499069287, -0.00130490306765, 0.000847283692565, 0.000612200878095, 0.00066816637991, -0.0010286035249, 0.00315357954241, -0.0024322590325, 0.00195607845671, -0.00185517698992, 0.00960646290332]]
    },
    "spectral_contrast_coeffs": {
        "mean": [-0.660452961922, -0.691690504551, -0.718174517155, -0.739717423916, -0.772575080395, -0.806119263172],
        "var": [0.00738620758057, 0.00875645969063, 0.00822961051017, 0.00732425972819, 0.00298937037587, 0.00108736020047]
    },
    "spectral_contrast_valleys": {
        "mean": [-7.13353300095, -7.61049747467, -8.29874992371, -9.07270812988, -8.78231430054, -9.95031929016],
        "var": [1.03685128689, 2.89217376709, 1.72049033642, 1.48334717751, 1.12173175812, 0.722408354282]
    }
},
"metadata": {
    "audio_properties": {
        "analysis_sample_rate": 44100,
        "bit_rate": 128074,
        "equal_loudness": 0,
        "length": 45.0612258911,
        "lossless": 0,
        "replay_gain": -5.35301589966,
        "sample_rate": 44100,
        "codec": "mp3",
        "downmix": "mix",
        "md5_encoded": "18295850c1519c10b29cf55273373bde"
    },
    "tags": {
        "file_name": "1602.mp3"
    },
    "version": {
        "essentia": "2.1-beta2",
        "essentia_git_sha": "v2.1_beta2",
        "extractor": "music 1.0"
    }
},
"rhythm": {
    "beats_count": 87,
    "beats_loudness": {
        "mean": 0.0330056585371,
        "var": 0.000723413773812
    },
    "bpm": 116.983955383,
    "bpm_histogram_first_peak_bpm": {
        "mean": 117,
        "var": 0
    },
    "bpm_histogram_first_peak_spread": {
        "mean": 0.407407402992,
        "var": 0
    },
    "bpm_histogram_first_peak_weight": {
        "mean": 0.558139562607,
        "var": 0
    },
    "bpm_histogram_second_peak_bpm": {
        "mean": 112,
        "var": 0
    },
    "bpm_histogram_second_peak_spread": {
        "mean": 0,
        "var": 0
    },
    "bpm_histogram_second_peak_weight": {
        "mean": 0.0116279069334,
        "var": 0
    },
    "danceability": 0.887090206146,
    "onset_rate": 2.70620727539,
    "beats_loudness_band_ratio": {
        "mean": [0.506413042545, 0.224035575986, 0.113858960569, 0.101629957557, 0.024902228266, 0.0589016452432],
        "var": [0.0678343251348, 0.041412346065, 0.0149492248893, 0.019710123539, 0.00100804620888, 0.0102827148512]
    },
    "beats_position": [0.522448956966, 1.04489791393, 1.57895684242, 2.10140585899, 2.62385487556, 3.13469386101, 3.64553284645, 4.1679816246, 4.69043064117, 5.20126962662, 5.71210861206, 6.2229475975, 6.73378658295, 7.23301553726, 7.75546455383, 8.27791404724, 8.80036258698, 9.32281208038, 9.84526062012, 10.3560991287, 10.866938591, 11.3777770996, 11.8886165619, 12.3994560242, 12.9219045639, 13.4443531036, 13.9551925659, 14.4660310745, 14.9768705368, 15.4877090454, 16.0101585388, 16.5326080322, 17.0434455872, 17.5542850494, 18.0651245117, 18.575963974, 19.0868015289, 19.5976409912, 20.1084804535, 20.6193199158, 21.1417675018, 21.6642169952, 22.1750564575, 22.6858959198, 23.1967334747, 23.707572937, 24.2184123993, 24.7292518616, 25.2400894165, 25.7625389099, 26.2849884033, 26.7958278656, 27.2950553894, 27.7942848206, 28.3051242828, 28.8275737762, 29.3500213623, 29.8608608246, 30.3717002869, 30.8825397491, 31.3933773041, 31.9042167664, 32.4266662598, 32.9491157532, 33.4599533081, 33.9707946777, 34.4816322327, 34.9924697876, 35.5033111572, 36.0141487122, 36.5249862671, 37.0358276367, 37.5466651917, 38.0458946228, 38.5567321777, 39.0791816711, 39.6016311646, 40.1124725342, 40.5768699646, 41.0180473328, 41.4708366394, 41.9700660706, 42.4692955017, 42.9685249329, 43.467754364, 43.9553718567, 44.4546012878]
},
"tonal": {
    "chords_changes_rate": 0.047325104475,
    "chords_number_rate": 0.0113168722019,
    "chords_strength": {
        "mean": 0.501339673996,
        "var": 0.00509703299031
    },
    "hpcp_entropy": {
        "mean": 1.69275975227,
        "var": 0.454008638859
    },
    "key_strength": 0.822241604328,
    "tuning_diatonic_strength": 0.634466230869,
    "tuning_equal_tempered_deviation": 0.043251093477,
    "tuning_frequency": 440,
    "tuning_nontempered_energy_ratio": 0.654626250267,
    "hpcp": {
        "mean": [0.203595384955, 0.132199272513, 0.0403860546649, 0.0281009953469, 0.0280271340162, 0.0863410830498, 0.145319655538, 0.137891501188, 0.330903202295, 0.432735592127, 0.194332420826, 0.0468838885427, 0.0376710705459, 0.0445198379457, 0.137532323599, 0.229148685932, 0.138119921088, 0.0363842919469, 0.0300062336028, 0.0415957011282, 0.143166750669, 0.228893473744, 0.16874705255, 0.182491183281, 0.183169260621, 0.07025398314, 0.028994243592, 0.0298645775765, 0.0330866388977, 0.125306352973, 0.232685282826, 0.150325849652, 0.0413645878434, 0.0362714827061, 0.0513762608171, 0.12927518785],
        "var": [0.089138880372, 0.0446955896914, 0.0153080187738, 0.0117271235213, 0.0117427865043, 0.0319177471101, 0.0822443515062, 0.0435391142964, 0.112130261958, 0.177979305387, 0.0504375472665, 0.0202271174639, 0.0160350371152, 0.018823614344, 0.0483798421919, 0.110107600689, 0.0465766377747, 0.0137410638854, 0.0124338353053, 0.0164294540882, 0.0547780320048, 0.103880248964, 0.0534098781645, 0.0784895420074, 0.0861263871193, 0.0164008941501, 0.0105759408325, 0.0122784022242, 0.0102902296931, 0.0337832830846, 0.105973362923, 0.0517521426082, 0.0124392686412, 0.0145605839789, 0.0233590174466, 0.0483432672918]
    },
    "chords_histogram": [17.5925922394, 9.56790161133, 10.4938268661, 0, 3.39506173134, 0, 0.720164597034, 2.16049385071, 3.08641982079, 0, 0, 0, 0, 0, 0, 0, 0.720164597034, 5.55555534363, 0, 2.77777767181, 0, 12.551440239, 13.6831274033, 17.6954727173],
    "thpcp": [1, 0.449078887701, 0.108343034983, 0.0870533213019, 0.102880001068, 0.317820698023, 0.529535114765, 0.319178551435, 0.0840797275305, 0.0693408027291, 0.096122674644, 0.330841183662, 0.528945326805, 0.389954179525, 0.42171522975, 0.423282176256, 0.162348523736, 0.0670022144914, 0.06901345402, 0.0764592513442, 0.289567947388, 0.537707746029, 0.347384989262, 0.0955885946751, 0.083819039166, 0.118724368513, 0.298739433289, 0.470484495163, 0.305496633053, 0.0933273211122, 0.0649380236864, 0.0647673383355, 0.199523881078, 0.335816264153, 0.318650692701, 0.764677584171],
    "chords_key": "A",
    "chords_scale": "minor",
    "key_key": "C",
    "key_scale": "major"
}
}