{
"lowlevel": {
    "average_loudness": 0.964853346348,
    "barkbands_crest": {
        "mean": 12.7850265503,
        "var": 17.8703804016
    },
    "barkbands_flatness_db": {
        "mean": 0.217991381884,
        "var": 0.00275452481583
    },
    "barkbands_kurtosis": {
        "mean": 24.4032306671,
        "var": 681.939941406
    },
    "barkbands_skewness": {
        "mean": 3.57452201843,
        "var": 2.31411075592
    },
    "barkbands_spread": {
        "mean": 8.66894054413,
        "var": 55.2700958252
    },
    "dissonance": {
        "mean": 0.425958842039,
        "var": 0.0013835974969
    },
    "dynamic_complexity": 1.80312132835,
    "erbbands_crest": {
        "mean": 9.91908836365,
        "var": 14.4201536179
    },
    "erbbands_flatness_db": {
        "mean": 0.140696570277,
        "var": 0.00118840707
    },
    "erbbands_kurtosis": {
        "mean": 4.31079244614,
        "var": 28.2011623383
    },
    "erbbands_skewness": {
        "mean": 1.63588118553,
        "var": 0.852206945419
    },
    "erbbands_spread": {
        "mean": 40.8819122314,
        "var": 687.704956055
    },
    "hfc": {
        "mean": 15.6753253937,
        "var": 82.3090591431
    },
    "melbands_crest": {
        "mean": 15.9079303741,
        "var": 20.5780239105
    },
    "melbands_flatness_db": {
        "mean": 0.333688259125,
        "var": 0.00384720787406
    },
    "melbands_kurtosis": {
        "mean": 40.3111457825,
        "var": 1436.69885254
    },
    "melbands_skewness": {
        "mean": 4.01095294952,
        "var": 3.53702783585
    },
    "melbands_spread": {
        "mean": 5.46878528595,
        "var": 20.9110126495
    },
    "pitch_salience": {
        "mean": 0.502103567123,
        "var": 0.014981308952
    },
    "silence_rate_20dB": {
        "mean": 1,
        "var": 0
    },
    "silence_rate_30dB": {
        "mean": 0.848094761372,
        "var": 0.128829464316
    },
    "silence_rate_60dB": {
        "mean": 0.00154479919001,
        "var": 0.00154241069686
    },
    "spectral_centroid": {
        "mean": 478.279693604,
        "var": 61642.4960938
    },
    "spectral_complexity": {
        "mean": 10.1457262039,
        "var": 9.89380455017
    },
    "spectral_decrease": {
        "mean": -1.67863589695e-008,
        "var": 1.32954473626e-016
    },
    "spectral_energy": {
        "mean": 0.0647773966193,
        "var": 0.00193404569291
    },
    "spectral_energyband_high": {
        "mean": 0.000476088287542,
        "var": 4.86781004838e-007
    },
    "spectral_energyband_low": {
        "mean": 0.0441110283136,
        "var": 0.00160005618818
    },
    "spectral_energyband_middle_high": {
        "mean": 0.00123400532175,
        "var": 2.02636056201e-006
    },
    "spectral_energyband_middle_low": {
        "mean": 0.0236965119839,
        "var": 0.000259088497842
    },
    "spectral_entropy": {
        "mean": 6.95351934433,
        "var": 0.234152853489
    },
    "spectral_flux": {
        "mean": 0.106029972434,
        "var": 0.00402209023014
    },
    "spectral_kurtosis": {
        "mean": 6.09170866013,
        "var": 15.1688175201
    },
    "spectral_rms": {
        "mean": 0.00757703511044,
        "var": 5.78598019274e-006
    },
    "spectral_rolloff": {
        "mean": 339.108551025,
        "var": 308395.625
    },
    "spectral_skewness": {
        "mean": 2.17335987091,
        "var": 0.378645628691
    },
    "spectral_spread": {
        "mean": 6360511,
        "var": 5.60880418816e+012
    },
    "spectral_strongpeak": {
        "mean": 0.634750306606,
        "var": 0.220700085163
    },
    "zerocrossingrate": {
        "mean": 0.0316980518401,
        "var": 0.000493083964102
    },
    "barkbands": {
        "mean": [0.000344596192008, 0.028694588691, 0.0103581165895, 0.00778629910201, 0.00524964975193, 0.00817206688225, 0.00141388061456, 0.000347827764926, 0.000660835590679, 0.00019882300694, 0.000161566917086, 0.000439930794528, 5.17620865139e-005, 0.000105323335447, 9.25919375732e-005, 8.87848509592e-005, 3.3804521081e-005, 2.07695484278e-005, 5.65667214687e-005, 5.632754619e-005, 5.07462136738e-005, 7.27343358449e-005, 4.98900735693e-005, 5.98782826273e-005, 0.00011692813132, 8.56930273585e-005, 7.45419310988e-006],
        "var": [1.9728395273e-007, 0.000826459843665, 0.00032035537879, 7.831343828e-005, 2.73970363196e-005, 7.6668598922e-005, 1.85684473308e-006, 2.69448150902e-007, 8.50574679134e-007, 1.46860287487e-007, 1.32492161242e-007, 7.99673330221e-007, 1.01634505256e-008, 6.86950656359e-008, 5.43214362381e-008, 2.37895832811e-007, 4.13336831429e-009, 1.34512501138e-009, 6.17618178822e-009, 1.85135515807e-008, 1.03347321811e-008, 3.27092344321e-008, 1.11689866245e-008, 1.30138460008e-008, 4.94743979118e-008, 2.32462920025e-008, 3.36508959586e-010]
    },
    "erbbands": {
        "mean": [0.640354514122, 7.05222988129, 14.2830228806, 19.7286834717, 17.3100147247, 17.0804538727, 64.7368011475, 46.6101074219, 18.5734825134, 18.4604568481, 12.5753908157, 11.529624939, 9.11930942535, 8.06397438049, 9.35639286041, 11.423043251, 3.00845003128, 5.97448778152, 4.10286140442, 3.90598893166, 5.07438325882, 2.13841843605, 1.17080247402, 2.17290854454, 2.88633298874, 2.68784284592, 2.63627648354, 1.80416619778, 2.48500227928, 1.87397682667, 1.39048683643, 0.907568335533, 1.29221057892, 1.34823608398, 0.796890318394, 0.340315848589, 0.173603057861, 0.0324478819966, 0.000834524107631, 9.31582035264e-005],
        "var": [0.433704674244, 54.6972007751, 466.942962646, 415.902679443, 422.958587646, 269.142883301, 4082.81274414, 3464.26464844, 349.828338623, 314.272918701, 286.172607422, 289.748718262, 168.133514404, 225.140136719, 278.246704102, 493.406433105, 27.5865249634, 203.868881226, 97.1586761475, 88.5541152954, 724.248962402, 16.131690979, 3.1078646183, 10.0176353455, 16.0425186157, 31.0646286011, 48.3979263306, 14.7820053101, 37.9536094666, 25.3725280762, 7.89502573013, 3.29901409149, 6.07073783875, 6.77465486526, 2.96179771423, 0.357366085052, 0.107038617134, 0.00360528938472, 2.75278648587e-006, 3.61701357754e-009]
    },
    "gfcc": {
        "mean": [-0.257509082556, 105.327056885, -36.5207901001, 31.1166782379, -54.0126571655, 11.2275524139, -36.600440979, 13.5225534439, -29.6718578339, 14.0764532089, -18.2603244781, 5.1692276001, -7.7883143425],
        "cov": [[2222.24584961, -312.302429199, -292.270507813, 32.3955688477, -109.643699646, 133.137435913, -66.2555847168, -65.2108917236, -104.784324646, 23.3533306122, -39.2254486084, 12.1487731934, -33.530506134], [-312.302429199, 691.340393066, -76.7860412598, -132.033432007, 76.0806274414, -32.48802948, 116.927947998, -62.6517333984, -22.1419811249, -0.262101590633, 82.8976745605, -36.0000648499, 33.352016449], [-292.270507813, -76.7860412598, 430.900756836, 87.9871673584, -70.5821762085, -34.0475387573, -29.2333335876, 59.9304122925, 93.8906784058, -25.3027839661, -27.9809379578, 36.5698623657, 4.26096868515], [32.3955688477, -132.033432007, 87.9871673584, 193.092956543, -37.2811813354, -22.2231273651, -5.65063667297, 37.4008483887, 43.3091278076, -14.2783308029, -14.5036153793, 15.1875133514, 3.46640634537], [-109.643699646, 76.0806274414, -70.5821762085, -37.2811813354, 275.583465576, -88.4678955078, -30.2354221344, 66.8972473145, -26.2319850922, 18.6002960205, 1.19740927219, -32.4959869385, -0.576233565807], [133.137435913, -32.48802948, -34.0475387573, -22.2231273651, -88.4678955078, 271.020294189, 77.7564468384, -118.959213257, -1.6505972147, 5.17551374435, 35.0143737793, 4.52812767029, -16.7027187347], [-66.2555847168, 116.927947998, -29.2333335876, -5.65063667297, -30.2354221344, 77.7564468384, 165.224578857, -32.4530258179, -29.5090141296, 20.0026359558, 33.5773735046, 4.11457920074, -1.88071250916], [-65.2108917236, -62.6517333984, 59.9304122925, 37.4008483887, 66.8972473145, -118.959213257, -32.4530258179, 185.283355713, 21.1004447937, -17.9009151459, -16.6248493195, -13.8343820572, 6.41834783554], [-104.784324646, -22.1419811249, 93.8906784058, 43.3091278076, -26.2319850922, -1.6505972147, -29.5090141296, 21.1004447937, 116.70589447, 6.46203899384, -27.0811977386, 9.32527828217, 4.82501077652], [23.3533306122, -0.262101590633, -25.3027839661, -14.2783308029, 18.6002960205, 5.17551374435, 20.0026359558, -17.9009151459, 6.46203899384, 71.3022842407, 14.5659008026, -6.10065555573, 0.268432766199], [-39.2254486084, 82.8976745605, -27.9809379578, -14.5036153793, 1.19740927219, 35.0143737793, 33.5773735046, -16.6248493195, -27.0811977386, 14.5659008026, 90.7998352051, 16.2961750031, 6.00443935394], [12.1487731934, -36.0000648499, 36.5698623657, 15.1875133514, -32.4959869385, 4.52812767029, 4.11457920074, -13.8343820572, 9.32527828217, -6.10065555573, 16.2961750031, 85.9669494629, 20.7052345276], [-33.530506134, 33.352016449, 4.26096868515, 3.46640634537, -0.576233565807, -16.7027187347, -1.88071250916, 6.41834783554, 4.82501077652, 0.268432766199, 6.00443935394, 20.7052345276, 56.2696342468]],
        "icov": [[0.000665434810799, -0.000161470699823, 0.000504045689013, -0.00051330140559, 0.000450667284895, -0.00073950557271, 0.000917163968552, -0.000553121557459, 0.0010738793062, -0.000944551313296, 0.000910500180908, -0.00066758133471, 0.000425447331509], [-0.000161470699823, 0.00397364422679, -0.000201180097065, 0.00274539855309, -0.00127342029009, 0.0033555382397, -0.00431489385664, 0.00344146299176, -0.00369293848053, 0.00431148707867, -0.0046376506798, 0.00362622714601, -0.00270248274319], [0.000504045689013, -0.000201180097065, 0.00364350806922, -0.00101608061232, 0.0010209683096, -0.000376318464987, 0.000731000152882, -0.00128757033963, -0.00120086164679, -5.36992156412e-005, 0.000869166862685, -0.00161264825147, 0.00088021857664], [-0.00051330140559, 0.00274539855309, -0.00101608061232, 0.0084157269448, -0.00040211668238, 0.00306984526105, -0.00396253401414, 0.00166955345776, -0.00474121654406, 0.00425445474684, -0.00347955687903, 0.00223495368846, -0.00185520749073], [0.000450667284895, -0.00127342029009, 0.0010209683096, -0.00040211668238, 0.00558912707493, -0.000511567632202, 0.00247678998858, -0.0029668752104, 0.002435649978, -0.00331169646233, 0.00154160405509, -0.000476602232084, 0.00111518555786], [-0.00073950557271, 0.0033555382397, -0.000376318464987, 0.00306984526105, -0.000511567632202, 0.00994446873665, -0.00663331896067, 0.00681008864194, -0.00591004965827, 0.0059770308435, -0.00657577859238, 0.00439543882385, -0.00107946177013], [0.000917163968552, -0.00431489385664, 0.000731000152882, -0.00396253401414, 0.00247678998858, -0.00663331896067, 0.0135747920722, -0.00502223148942, 0.00748504977673, -0.00813828594983, 0.00470074033365, -0.00472524482757, 0.003009846434], [-0.000553121557459, 0.00344146299176, -0.00128757033963, 0.00166955345776, -0.0029668752104, 0.00681008864194, -0.00502223148942, 0.0123068904504, -0.0054582557641, 0.00693395920098, -0.00549385370687, 0.00533628556877, -0.00289768748917], [0.0010738793062, -0.00369293848053, -0.00120086164679, -0.00474121654406, 0.002435649978, -0.00591004965827, 0.00748504977673, -0.0054582557641, 0.0177734550089, -0.00925442203879, 0.00875763967633, -0.00503087136894, 0.00179197941907], [-0.000944551313296, 0.00431148707867, -5.36992156412e-005, 0.00425445474684, -0.00331169646233, 0.0059770308435, -0.00813828594983, 0.00693395920098, -0.00925442203879, 0.0228648092598, -0.00899802427739, 0.00629273569211, -0.00336988805793], [0.000910500180908, -0.0046376506798, 0.000869166862685, -0.00347955687903, 0.00154160405509, -0.00657577859238, 0.00470074033365, -0.00549385370687, 0.00875763967633, -0.00899802427739, 0.0204667914659, -0.00804111920297, 0.00235439673997], [-0.00066758133471, 0.00362622714601, -0.00161264825147, 0.00223495368846, -0.000476602232084, 0.00439543882385, -0.00472524482757, 0.00533628556877, -0.00503087136894, 0.00629273569211, -0.00804111920297, 0.0185562651604, -0.00759810442105], [0.000425447331509, -0.00270248274319, 0.00088021857664, -0.00185520749073, 0.00111518555786, -0.00107946177013, 0.003009846434, -0.00289768748917, 0.00179197941907, -0.00336988805793, 0.00235439673997, -0.00759810442105, 0.0222036745399]]
    },
    "melbands": {
        "mean": [0.0070850327611, 0.00830848235637, 0.00336740794592, 0.00111125758849, 0.00188991322648, 0.00116890924983, 0.000309052236844, 0.00017323231441, 0.00011539485422, 7.1635338827e-005, 4.47668244306e-005, 3.17843550874e-005, 2.39074161072e-005, 5.43272108189e-005, 1.156336657e-005, 7.00114924257e-006, 1.11281879072e-005, 5.4264796745e-006, 8.12126654637e-006, 5.02572447658e-006, 5.33629872734e-006, 2.12387362808e-006, 1.32981324441e-006, 9.58425744102e-007, 1.79491303243e-006, 2.41560655923e-006, 1.76007324626e-006, 1.7758178501e-006, 1.90231810393e-006, 9.79088554232e-007, 1.1089872487e-006, 1.43716499679e-006, 1.40593522246e-006, 8.87702299224e-007, 7.80034440595e-007, 7.26272105567e-007, 4.89179910801e-007, 8.1376754224e-007, 1.12181373879e-006, 1.15183672733e-006],
        "var": [4.98944391438e-005, 0.000102089376014, 1.2089431948e-005, 1.54725887569e-006, 3.05194294015e-006, 1.88847161553e-006, 9.21867453485e-008, 2.75678839756e-008, 2.88514971913e-008, 1.06018145374e-008, 4.59705118416e-009, 3.61190566345e-009, 1.24666077461e-009, 1.41444171931e-008, 1.33343014408e-009, 2.44897324642e-010, 8.52753367919e-010, 2.39029546156e-010, 4.39095787508e-010, 8.03215827183e-010, 7.31211535765e-010, 1.65716104034e-011, 6.18928649651e-012, 2.35802805233e-012, 7.51379253955e-012, 1.20856649341e-011, 7.7892085143e-012, 1.9608833654e-011, 3.34471755847e-011, 4.98548858446e-012, 7.02854267842e-012, 1.52692858357e-011, 1.49872388805e-011, 6.01266605949e-012, 2.56436560354e-012, 3.0186885977e-012, 1.23247896264e-012, 3.0542211555e-012, 4.44234362837e-012, 5.50566840382e-012]
    },
    "mfcc": {
        "mean": [-673.667053223, 149.255554199, 63.2535591125, 33.8693847656, 10.6892204285, 2.91289710999, 7.30586576462, -4.38361549377, 4.94914388657, 1.45206654072, -0.804676234722, -5.51568365097, 8.15320396423],
        "cov": [[1841.15576172, -393.934661865, -196.966186523, -145.887039185, -106.892845154, 136.171096802, 18.1820259094, -33.2293777466, -77.7931289673, -7.01166057587, -32.5983657837, -52.9555740356, -31.9227180481], [-393.934661865, 734.990356445, -161.7706604, 0.769279539585, -19.077129364, -32.4415130615, 100.047065735, -41.9187812805, -29.1712322235, 21.6766738892, 10.1353626251, -19.476436615, 18.7980213165], [-196.966186523, -161.7706604, 506.944000244, -8.50898361206, -66.3987503052, 58.6418991089, -110.174659729, 75.2804641724, 38.3748512268, -49.8103790283, 8.38633823395, 62.2911834717, 13.6886167526], [-145.887039185, 0.769279539585, -8.50898361206, 254.198226929, 72.8858718872, -144.961120605, -17.3676624298, 2.23640871048, 57.3034439087, -6.23797178268, 9.48617362976, 9.61495018005, 16.1780929565], [-106.892845154, -19.077129364, -66.3987503052, 72.8858718872, 245.597137451, -127.11656189, -27.6623802185, -11.2114372253, 25.43309021, 34.4327201843, -10.4803323746, -4.37642049789, -11.6369514465], [136.171096802, -32.4415130615, 58.6418991089, -144.961120605, -127.11656189, 321.255493164, 12.3238182068, 2.97186923027, -51.1217269897, -14.7110910416, 23.946762085, -4.70082139969, 1.69252502918], [18.1820259094, 100.047065735, -110.174659729, -17.3676624298, -27.6623802185, 12.3238182068, 182.978927612, -1.3209117651, -35.5096473694, 16.7560768127, 7.59565401077, -5.49530029297, 4.2812461853], [-33.2293777466, -41.9187812805, 75.2804641724, 2.23640871048, -11.2114372253, 2.97186923027, -1.3209117651, 97.2630386353, 20.4579410553, -28.8035831451, 5.25340414047, 22.6941432953, 4.87634420395], [-77.7931289673, -29.1712322235, 38.3748512268, 57.3034439087, 25.43309021, -51.1217269897, -35.5096473694, 20.4579410553, 102.986068726, 10.383769989, 4.30888462067, 3.63730144501, 6.72015333176], [-7.01166057587, 21.6766738892, -49.8103790283, -6.23797178268, 34.4327201843, -14.7110910416, 16.7560768127, -28.8035831451, 10.383769989, 100.357093811, 16.5314464569, -18.8918991089, -19.8210792542], [-32.5983657837, 10.1353626251, 8.38633823395, 9.48617362976, -10.4803323746, 23.946762085, 7.59565401077, 5.25340414047, 4.30888462067, 16.5314464569, 79.0566940308, 15.0486774445, -9.29589176178], [-52.9555740356, -19.476436615, 62.2911834717, 9.61495018005, -4.37642049789, -4.70082139969, -5.49530029297, 22.6941432953, 3.63730144501, -18.8918991089, 15.0486774445, 69.7472000122, 21.8996486664], [-31.9227180481, 18.7980213165, 13.6886167526, 16.1780929565, -11.6369514465, 1.69252502918, 4.2812461853, 4.87634420395, 6.72015333176, -19.8210792542, -9.29589176178, 21.8996486664, 66.2257537842]],
        "icov": [[0.000782302056905, 0.000541836314369, 0.000499895249959, 0.00023076175421, 0.000399431446567, -7.21279648133e-005, 6.18268895778e-005, 5.05965799675e-005, 0.000281733140582, 5.21029214724e-005, 0.000178867776413, 0.000214774612687, 6.89929656801e-005], [0.000541836314369, 0.00196192692965, 0.000626572407782, 0.000246388779487, 0.000513370789122, 0.000275998609141, -0.000551554257981, 0.000444395060185, 0.000363504776033, 6.93669548468e-008, -0.000300927727949, 0.000473858439364, -0.000635121075902], [0.000499895249959, 0.000626572407782, 0.00342325656675, 7.19480885891e-005, 0.0010589051526, -0.000484373944346, 0.0016948642442, -0.00151584472042, -0.000355315918569, 0.000112118228571, 0.000391083012801, -0.00198825728148, 0.000320443883538], [0.00023076175421, 0.000246388779487, 7.19480885891e-005, 0.00626497529447, -0.000611936382484, 0.0023996445816, -0.000191081911908, 0.000802672177088, -0.00214902777225, 0.00158993608784, -0.00205215555616, 0.000626226363238, -0.00152083707508], [0.000399431446567, 0.000513370789122, 0.0010589051526, -0.000611936382484, 0.00600863108411, 0.00164088327438, 0.00122532446403, -0.000350694142981, 0.000349677953636, -0.00188414822333, 0.000839321466628, -0.000635389122181, 0.000666447682306], [-7.21279648133e-005, 0.000275998609141, -0.000484373944346, 0.0023996445816, 0.00164088327438, 0.00540284346789, 5.16955842613e-005, 0.000135562615469, 0.00122619559988, 0.00038523011608, -0.00231909332797, 0.00149765447713, -0.00129216571804], [6.18268895778e-005, -0.000551554257981, 0.0016948642442, -0.000191081911908, 0.00122532446403, 5.16955842613e-005, 0.00757773919031, -0.00214898516424, 0.00239810184576, -0.00181773048826, -0.000259987515165, -0.000498392211739, -0.000893999938853], [5.05965799675e-005, 0.000444395060185, -0.00151584472042, 0.000802672177088, -0.000350694142981, 0.000135562615469, -0.00214898516424, 0.0140095846727, -0.00346092344262, 0.00404543289915, -0.000863342196681, -0.00226401817054, 0.00124722346663], [0.000281733140582, 0.000363504776033, -0.000355315918569, -0.00214902777225, 0.000349677953636, 0.00122619559988, 0.00239810184576, -0.00346092344262, 0.0138231143355, -0.00316680665128, -0.000614045653492, 0.00159414892551, -0.00220287847333], [5.21029214724e-005, 6.93669548468e-008, 0.000112118228571, 0.00158993608784, -0.00188414822333, 0.00038523011608, -0.00181773048826, 0.00404543289915, -0.00316680665128, 0.0140838781372, -0.00353937153704, 0.0021521425806, 0.00242034066468], [0.000178867776413, -0.000300927727949, 0.000391083012801, -0.00205215555616, 0.000839321466628, -0.00231909332797, -0.000259987515165, -0.000863342196681, -0.000614045653492, -0.00353937153704, 0.0161535087973, -0.00551761174574, 0.00397422444075], [0.000214774612687, 0.000473858439364, -0.00198825728148, 0.000626226363238, -0.000635389122181, 0.00149765447713, -0.000498392211739, -0.00226401817054, 0.00159414892551, 0.0021521425806, -0.00551761174574, 0.0209514480084, -0.0069443769753], [6.89929656801e-005, -0.000635121075902, 0.000320443883538, -0.00152083707508, 0.000666447682306, -0.00129216571804, -0.000893999938853, 0.00124722346663, -0.00220287847333, 0.00242034066468, 0.00397422444075, -0.0069443769753, 0.0195369329304]]
    },
    "spectral_contrast_coeffs": {
        "mean": [-0.649443268776, -0.667569339275, -0.749524712563, -0.797077357769, -0.810120820999, -0.805683493614],
        "var": [0.00346895563416, 0.00537084788084, 0.00354990269989, 0.00271950406022, 0.00178451230749, 0.000975754344836]
    },
    "spectral_contrast_valleys": {
        "mean": [-6.16358423233, -6.49702453613, -7.96952486038, -8.60801506042, -8.35551071167, -10.1175489426],
        "var": [0.43042331934, 0.473420739174, 0.460012078285, 0.439831286669, 0.428983896971, 0.595296502113]
    }
},
"metadata": {
    "audio_properties": {
        "analysis_sample_rate": 44100,
        "bit_rate": 128074,
        "equal_loudness": 0,
        "length": 45.0612258911,
        "lossless": 0,
        "replay_gain": -5.64312553406,
        "sample_rate": 44100,
        "codec": "mp3",
        "downmix": "mix",
        "md5_encoded": "ee12ffa30e457af23876c93f65155bd3"
    },
    "tags": {
        "file_name": "1603.mp3"
    },
    "version": {
        "essentia": "2.1-beta2",
        "essentia_git_sha": "v2.1_beta2",
        "extractor": "music 1.0"
    }
},
"rhythm": {
    "beats_count": 95,
    "beats_loudness": {
        "mean": 0.0845176801085,
        "var": 0.00250708172098
    },
    "bpm": 128.177780151,
    "bpm_histogram_first_peak_bpm": {
        "mean": 129,
        "var": 0
    },
    "bpm_histogram_first_peak_spread": {
        "mean": 0.393258452415,
        "var": 0
    },
    "bpm_histogram_first_peak_weight": {
        "mean": 0.574468076229,
        "var": 0
    },
    "bpm_histogram_second_peak_bpm": {
        "mean": 123,
        "var": 0
    },
    "bpm_histogram_second_peak_spread": {
        "mean": 0.199999988079,
        "var": 0
    },
    "bpm_histogram_second_peak_weight": {
        "mean": 0.0425531901419,
        "var": 0
    },
    "danceability": 1.13105297089,
    "onset_rate": 4.99095630646,
    "beats_loudness_band_ratio": {
        "mean": [0.73992729187, 0.212479487062, 0.0375391058624, 0.0141771808267, 0.00484391022474, 0.0123297376558],
        "var": [0.0239815413952, 0.018000561744, 0.000829718832392, 0.000325870147208, 6.22876541456e-005, 0.000505929405335]
    },
    "beats_position": [0.476009070873, 0.975238084793, 1.46285712719, 1.93886613846, 2.41487526894, 2.87927436829, 3.33206343651, 3.80807256699, 4.27247142792, 4.74848079681, 5.22448968887, 5.6888885498, 6.1648979187, 6.6176867485, 7.08208608627, 7.5464849472, 8.01088428497, 8.48689365387, 8.96290206909, 9.43891143799, 9.91492080688, 10.379319191, 10.8437185287, 11.3081178665, 11.7957363129, 12.2601356506, 12.7245349884, 13.1889343262, 13.6533327103, 14.117732048, 14.5821313858, 15.0465307236, 15.5109291077, 15.9869384766, 16.4629478455, 16.9389572144, 17.4149665833, 17.8793640137, 18.3437633514, 18.8197727203, 19.2957820892, 19.760181427, 20.2245807648, 20.6889801025, 21.1649875641, 21.6293869019, 22.1053962708, 22.5697956085, 23.0458049774, 23.4985942841, 23.9629936218, 24.4506111145, 24.9150104523, 25.37940979, 25.8438091278, 26.3082084656, 26.7726078033, 27.2486171722, 27.7246246338, 28.1890239716, 28.6650333405, 29.1294326782, 29.6054420471, 30.0698413849, 30.5342407227, 30.9986381531, 31.4630374908, 31.9390468597, 32.4150543213, 32.8794555664, 33.3438529968, 33.8082542419, 34.2842636108, 34.7486610413, 35.2246704102, 35.6890678406, 36.1534690857, 36.6178665161, 37.0822677612, 37.5698852539, 38.034286499, 38.4986839294, 38.9630813599, 39.4390907288, 39.9151000977, 40.3795013428, 40.8438987732, 41.3083000183, 41.7726974487, 42.2370948792, 42.7014961243, 43.1658935547, 43.6419029236, 44.1179122925, 44.5939216614]
},
"tonal": {
    "chords_changes_rate": 0.0617283955216,
    "chords_number_rate": 0.00925925932825,
    "chords_strength": {
        "mean": 0.423910111189,
        "var": 0.00369113823399
    },
    "hpcp_entropy": {
        "mean": 1.69023287296,
        "var": 0.481834024191
    },
    "key_strength": 0.685757219791,
    "tuning_diatonic_strength": 0.483936846256,
    "tuning_equal_tempered_deviation": 0.0324674136937,
    "tuning_frequency": 439.745910645,
    "tuning_nontempered_energy_ratio": 0.63059592247,
    "hpcp": {
        "mean": [0.0974856168032, 0.0684391334653, 0.0904254838824, 0.125990331173, 0.0832171887159, 0.0357931107283, 0.0480304062366, 0.0695141404867, 0.0827096700668, 0.0786961615086, 0.0541044287384, 0.07531696558, 0.129497259855, 0.0941831544042, 0.0455160737038, 0.064067684114, 0.138674259186, 0.41943281889, 0.539271950722, 0.255091309547, 0.0803148970008, 0.0905181244016, 0.0614178329706, 0.0249433312565, 0.0213624183089, 0.0236562006176, 0.055222760886, 0.081265874207, 0.0508745461702, 0.0262524839491, 0.0308572128415, 0.0388086363673, 0.114732310176, 0.228027030826, 0.206434234977, 0.130152642727],
        "var": [0.0435280874372, 0.0344060324132, 0.0295764803886, 0.037128675729, 0.0249885711819, 0.0163937229663, 0.0290508102626, 0.0437963344157, 0.0552759505808, 0.0550823733211, 0.0346961095929, 0.0225192867219, 0.036556456238, 0.0274412613362, 0.0236159674823, 0.0352357625961, 0.0495914295316, 0.117010958493, 0.148402482271, 0.0479558482766, 0.0306531209499, 0.0690164715052, 0.0326673462987, 0.00910586491227, 0.00877077318728, 0.0108417235315, 0.0129981739447, 0.0264561008662, 0.0160694066435, 0.0112342154607, 0.0159844513983, 0.0188625268638, 0.040391433984, 0.125013113022, 0.10281085223, 0.058997400105]
    },
    "chords_histogram": [10.2880659103, 1.85185182095, 28.3950614929, 1.02880656719, 0, 0.514403283596, 0, 25.5144023895, 0, 13.7860078812, 0, 0, 0, 0, 0, 3.80658435822, 0, 0, 0, 0, 6.58436203003, 0.514403283596, 7.71604919434, 0],
    "thpcp": [1, 0.473029077053, 0.148932084441, 0.167852461338, 0.11389028281, 0.0462537147105, 0.0396134406328, 0.0438669212162, 0.102402433753, 0.15069553256, 0.0943393111229, 0.048681344837, 0.0572201348841, 0.071964867413, 0.21275408566, 0.422842383385, 0.382801741362, 0.241348803043, 0.180772647262, 0.126910239458, 0.167680680752, 0.233630418777, 0.154313951731, 0.0663730278611, 0.0890652760863, 0.128903687, 0.153372839093, 0.145930379629, 0.100328654051, 0.139664158225, 0.240133494139, 0.174648717046, 0.0844028219581, 0.118804037571, 0.257150888443, 0.777776062489],
    "chords_key": "D#",
    "chords_scale": "minor",
    "key_key": "G#",
    "key_scale": "minor"
}
}