{
"lowlevel": {
    "average_loudness": 0.938642203808,
    "barkbands_crest": {
        "mean": 16.9786319733,
        "var": 26.0716705322
    },
    "barkbands_flatness_db": {
        "mean": 0.323854982853,
        "var": 0.00909484177828
    },
    "barkbands_kurtosis": {
        "mean": 40.8475914001,
        "var": 8980.85058594
    },
    "barkbands_skewness": {
        "mean": 3.14831519127,
        "var": 8.86817646027
    },
    "barkbands_spread": {
        "mean": 7.57308197021,
        "var": 206.209945679
    },
    "dissonance": {
        "mean": 0.353943943977,
        "var": 0.00754908379167
    },
    "dynamic_complexity": 4.70032787323,
    "erbbands_crest": {
        "mean": 17.0750427246,
        "var": 37.302406311
    },
    "erbbands_flatness_db": {
        "mean": 0.294248759747,
        "var": 0.00582811841741
    },
    "erbbands_kurtosis": {
        "mean": 17.6604290009,
        "var": 1046.36584473
    },
    "erbbands_skewness": {
        "mean": 2.15826058388,
        "var": 5.94323396683
    },
    "erbbands_spread": {
        "mean": 19.1424217224,
        "var": 611.495483398
    },
    "hfc": {
        "mean": 9.43474292755,
        "var": 85.9525222778
    },
    "melbands_crest": {
        "mean": 21.9575920105,
        "var": 38.1807899475
    },
    "melbands_flatness_db": {
        "mean": 0.399273216724,
        "var": 0.0136787677184
    },
    "melbands_kurtosis": {
        "mean": 40.6655082703,
        "var": 3625.49975586
    },
    "melbands_skewness": {
        "mean": 3.27176642418,
        "var": 7.43440103531
    },
    "melbands_spread": {
        "mean": 12.7639284134,
        "var": 1191.78710938
    },
    "pitch_salience": {
        "mean": 0.412862747908,
        "var": 0.0248583108187
    },
    "silence_rate_20dB": {
        "mean": 1,
        "var": 0
    },
    "silence_rate_30dB": {
        "mean": 0.992790937424,
        "var": 0.00715698301792
    },
    "silence_rate_60dB": {
        "mean": 0.167868182063,
        "var": 0.139689996839
    },
    "spectral_centroid": {
        "mean": 685.921813965,
        "var": 884842.125
    },
    "spectral_complexity": {
        "mean": 5.07209062576,
        "var": 8.70538425446
    },
    "spectral_decrease": {
        "mean": -5.80872638878e-009,
        "var": 2.96803521091e-017
    },
    "spectral_energy": {
        "mean": 0.0227791965008,
        "var": 0.000451395608252
    },
    "spectral_energyband_high": {
        "mean": 0.000141077922308,
        "var": 3.08818158601e-007
    },
    "spectral_energyband_low": {
        "mean": 0.00131728337146,
        "var": 8.07494234323e-006
    },
    "spectral_energyband_middle_high": {
        "mean": 0.00151414528955,
        "var": 1.23663103295e-005
    },
    "spectral_energyband_middle_low": {
        "mean": 0.0200052559376,
        "var": 0.00041649263585
    },
    "spectral_entropy": {
        "mean": 5.84557962418,
        "var": 1.12257444859
    },
    "spectral_flux": {
        "mean": 0.0515450835228,
        "var": 0.00180893822107
    },
    "spectral_kurtosis": {
        "mean": 22.2141132355,
        "var": 584.153198242
    },
    "spectral_rms": {
        "mean": 0.00414276728407,
        "var": 5.06110382048e-006
    },
    "spectral_rolloff": {
        "mean": 939.899291992,
        "var": 3348036.25
    },
    "spectral_skewness": {
        "mean": 3.28410863876,
        "var": 3.61914396286
    },
    "spectral_spread": {
        "mean": 3216033,
        "var": 3.99794687181e+012
    },
    "spectral_strongpeak": {
        "mean": 1.26572108269,
        "var": 0.996237695217
    },
    "zerocrossingrate": {
        "mean": 0.0339093990624,
        "var": 0.00282539380714
    },
    "barkbands": {
        "mean": [3.31840305989e-006, 0.000257690553553, 0.000892899173778, 0.000577467144467, 0.00854668393731, 0.00684223184362, 0.00231182854623, 0.00119635323063, 0.000441573996795, 0.00090308097424, 0.00015192203864, 0.000163749253261, 6.93061228958e-005, 9.72233901848e-005, 8.0855206761e-005, 3.43887586496e-005, 1.25248998302e-005, 1.77148540388e-005, 2.00484591915e-005, 4.24270911026e-005, 1.48402832565e-005, 3.22016785503e-005, 2.27859036386e-005, 3.35606564477e-005, 1.11678855319e-005, 1.35217760544e-006, 5.04406685309e-008],
        "var": [6.43863684591e-010, 3.64028750255e-007, 5.08980883751e-006, 1.43537238273e-006, 0.000161770061823, 0.000151699845446, 4.86894605274e-005, 1.95695229195e-005, 1.71286353634e-006, 7.12908877176e-006, 1.07649509573e-006, 3.12495103572e-007, 8.59647002471e-008, 1.49654042048e-007, 1.04739420692e-007, 1.65413673869e-008, 1.41584910462e-009, 2.55759258216e-009, 3.51192386283e-009, 2.37749571141e-008, 4.86023843393e-009, 3.63312722129e-008, 1.19775824814e-008, 3.74498831945e-008, 4.08130107488e-009, 2.61734557638e-011, 4.92155043119e-014]
    },
    "erbbands": {
        "mean": [0.00153283274267, 0.0954951345921, 0.968592345715, 1.40722703934, 9.63974761963, 25.9585933685, 64.8946456909, 52.73462677, 43.752872467, 21.863494873, 27.8108520508, 9.57469844818, 18.1096992493, 26.112329483, 7.35717344284, 5.50692605972, 3.37851381302, 3.9289290905, 5.47812652588, 3.27160096169, 1.49203252792, 0.75723695755, 0.869553804398, 1.01278591156, 1.18134176731, 2.14486479759, 0.911195933819, 0.689675092697, 1.25971674919, 0.64167869091, 0.727501928806, 0.479047417641, 0.705201029778, 0.209869965911, 0.0442754477262, 0.00839479640126, 0.00224692979828, 0.000325166009134, 1.89153779502e-005, 2.61089644482e-005],
        "var": [1.36037961056e-005, 0.0513275749981, 5.9413228035, 4.59056043625, 548.245666504, 1627.65869141, 14486.9238281, 14029.5898438, 12456.2832031, 6231.47851563, 11628.4541016, 607.065368652, 2080.08496094, 7475.02539063, 951.327087402, 327.047546387, 175.039749146, 224.137451172, 599.494445801, 150.389709473, 14.2325744629, 4.43031072617, 5.8143491745, 9.13035488129, 13.8984041214, 63.1188583374, 10.2670564651, 20.8590145111, 61.7689971924, 13.5797843933, 12.2536230087, 6.40584468842, 17.2830810547, 1.47041332722, 0.0542006418109, 0.00127253110986, 8.14190425444e-005, 1.58051193466e-006, 1.03023511944e-009, 5.50606060745e-010]
    },
    "gfcc": {
        "mean": [-156.359542847, 129.485336304, -85.4007873535, 17.8370132446, -67.7579345703, -20.4422550201, -49.606098175, -8.45914745331, -31.9965248108, -8.79925727844, -11.0974645615, -15.2885227203, -0.920714199543],
        "cov": [[8252.38867188, -780.01965332, -2178.87915039, -869.236022949, -965.584899902, -195.456604004, -270.515106201, 239.026062012, -161.411880493, 21.5069389343, -46.7634468079, -137.126235962, 246.752166748], [-780.01965332, 2747.14941406, 264.433441162, -1007.52056885, 512.230895996, -570.69152832, 307.725036621, -196.540924072, 3.19903254509, -114.78578186, 176.58821106, -181.863876343, 176.52545166], [-2178.87915039, 264.433441162, 1741.22766113, 718.41027832, 128.15953064, 32.6161003113, -66.538269043, -84.2490997314, 131.340774536, -80.6891860962, -48.6437149048, -19.5094127655, -97.6091766357], [-869.236022949, -1007.52056885, 718.41027832, 1715.9744873, 350.956695557, 326.48147583, -173.235641479, 64.7747268677, 97.4758224487, -77.8298416138, -264.596496582, -90.8831176758, -120.971427917], [-965.584899902, 512.230895996, 128.15953064, 350.956695557, 771.798339844, 165.734985352, 110.494216919, -30.8124542236, 3.80410146713, -5.05279636383, -99.8654785156, -106.09979248, -14.7002372742], [-195.456604004, -570.69152832, 32.6161003113, 326.48147583, 165.734985352, 520.628662109, 70.3933486938, 17.1331863403, 4.69621706009, 71.5786437988, -78.2437438965, 37.2364425659, -106.927619934], [-270.515106201, 307.725036621, -66.538269043, -173.235641479, 110.494216919, 70.3933486938, 313.238464355, -20.6701431274, -46.9807853699, 39.8847389221, 61.3367996216, 45.1400184631, -41.7481498718], [239.026062012, -196.540924072, -84.2490997314, 64.7747268677, -30.8124542236, 17.1331863403, -20.6701431274, 264.21307373, 57.4165229797, 9.52322387695, -28.2002944946, -22.5252609253, 22.9831619263], [-161.411880493, 3.19903254509, 131.340774536, 97.4758224487, 3.80410146713, 4.69621706009, -46.9807853699, 57.4165229797, 177.537658691, 14.7217483521, -6.22837877274, 5.35632181168, 12.1576156616], [21.5069389343, -114.78578186, -80.6891860962, -77.8298416138, -5.05279636383, 71.5786437988, 39.8847389221, 9.52322387695, 14.7217483521, 164.849227905, 36.432346344, 28.9100933075, -25.228685379], [-46.7634468079, 176.58821106, -48.6437149048, -264.596496582, -99.8654785156, -78.2437438965, 61.3367996216, -28.2002944946, -6.22837877274, 36.432346344, 196.800994873, 73.4535980225, 10.6464262009], [-137.126235962, -181.863876343, -19.5094127655, -90.8831176758, -106.09979248, 37.2364425659, 45.1400184631, -22.5252609253, 5.35632181168, 28.9100933075, 73.4535980225, 184.763244629, -12.7071933746], [246.752166748, 176.52545166, -97.6091766357, -120.971427917, -14.7002372742, -106.927619934, -41.7481498718, 22.9831619263, 12.1576156616, -25.228685379, 10.6464262009, -12.7071933746, 180.085021973]],
        "icov": [[0.000263760332018, -0.00020556486561, 0.000382285186788, -0.000169566221302, 0.000533092359547, -0.000242256224738, 0.000241592744715, -0.000122478333651, 0.000169188439031, -9.90166008705e-005, 0.000161801290233, 0.000169503924553, -0.000118189214845], [-0.00020556486561, 0.00281895580702, -0.00123149435967, 0.00199792138301, -0.00277306046337, 0.0023235634435, -0.00224647927098, 0.0011978414841, -0.00158152030781, 0.00154602620751, -0.000933736271691, 0.00222976924852, -0.000791453465354], [0.000382285186788, -0.00123149435967, 0.00168811122421, -0.00125712074805, 0.00160812481772, -0.000939686142374, 0.000987561885267, -0.000163915377925, 0.000140055286465, -0.000355271477019, 0.000283111905446, -0.00054618937429, 0.000462542637251], [-0.000169566221302, 0.00199792138301, -0.00125712074805, 0.00255948421545, -0.00235925638117, 0.00116821669508, -0.000965077313595, 0.00054232426919, -0.00122964126058, 0.00144818774424, 0.000104307175206, 0.00143941747956, -9.8736032669e-005], [0.000533092359547, -0.00277306046337, 0.00160812481772, -0.00235925638117, 0.00508329132572, -0.00277288281359, 0.00121518550441, -0.000726055935957, 0.00135612825397, -0.00154612353072, 0.0013807619689, -0.000579312676564, -1.31589677039e-005], [-0.000242256224738, 0.0023235634435, -0.000939686142374, 0.00116821669508, -0.00277288281359, 0.00501056527719, -0.0024128977675, 0.000835691171233, -0.00123308494221, 2.16453809117e-005, 0.000358518678695, 0.000597541453317, 0.000519679801073], [0.000241592744715, -0.00224647927098, 0.000987561885267, -0.000965077313595, 0.00121518550441, -0.0024128977675, 0.00648400606588, -0.00138209399302, 0.00233468320221, -0.00141278782394, -0.000330394541379, -0.00257705454715, 0.001586235594], [-0.000122478333651, 0.0011978414841, -0.000163915377925, 0.00054232426919, -0.000726055935957, 0.000835691171233, -0.00138209399302, 0.0050657116808, -0.00234616547823, 0.000466932659037, -2.06437798624e-005, 0.00164740381297, -0.000919591984712], [0.000169188439031, -0.00158152030781, 0.000140055286465, -0.00122964126058, 0.00135612825397, -0.00123308494221, 0.00233468320221, -0.00234616547823, 0.0080108307302, -0.00196525384672, 0.000316048186505, -0.00191326718777, -0.000182272982784], [-9.90166008705e-005, 0.00154602620751, -0.000355271477019, 0.00144818774424, -0.00154612353072, 2.16453809117e-005, -0.00141278782394, 0.000466932659037, -0.00196525384672, 0.00837395619601, -0.00188603601418, 0.00115691311657, 0.000398932519602], [0.000161801290233, -0.000933736271691, 0.000283111905446, 0.000104307175206, 0.0013807619689, 0.000358518678695, -0.000330394541379, -2.06437798624e-005, 0.000316048186505, -0.00188603601418, 0.00859582889825, -0.00303927855566, 0.000160534895258], [0.000169503924553, 0.00222976924852, -0.00054618937429, 0.00143941747956, -0.000579312676564, 0.000597541453317, -0.00257705454715, 0.00164740381297, -0.00191326718777, 0.00115691311657, -0.00303927855566, 0.0097685912624, -0.00108702189755], [-0.000118189214845, -0.000791453465354, 0.000462542637251, -9.8736032669e-005, -1.31589677039e-005, 0.000519679801073, 0.001586235594, -0.000919591984712, -0.000182272982784, 0.000398932519602, 0.000160534895258, -0.00108702189755, 0.0074496474117]]
    },
    "melbands": {
        "mean": [3.75234048988e-005, 0.000366365129594, 0.000436512433225, 0.0011671242537, 0.00213485490531, 0.00117487378884, 0.00065185391577, 0.000232666134252, 0.000202655748581, 5.57601379114e-005, 9.62218255154e-005, 0.000117623450933, 2.34610615735e-005, 2.19302201003e-005, 7.98849760031e-006, 6.680500519e-006, 7.20809703125e-006, 9.72567977442e-006, 5.05730258737e-006, 3.26053805111e-006, 1.43304907851e-006, 7.51980394398e-007, 6.68578934437e-007, 8.99862925507e-007, 7.9559004007e-007, 7.96048823304e-007, 1.04261857814e-006, 1.54575423039e-006, 7.21294270534e-007, 1.97325178419e-007, 4.72579728239e-007, 7.46110004002e-007, 5.75848901008e-007, 2.63426926495e-007, 4.14914950397e-007, 3.67147862335e-007, 2.79294653183e-007, 5.56241047889e-007, 3.36758830599e-007, 1.30333617676e-007],
        "var": [7.36184624373e-009, 8.35057107906e-007, 8.43167640596e-007, 4.04573393098e-006, 1.42667222462e-005, 6.37748689769e-006, 2.67054838332e-006, 6.34940761302e-007, 6.14609007243e-007, 2.4464522852e-008, 6.00736598244e-008, 1.51594093722e-007, 2.01586551896e-008, 6.18190565405e-009, 1.5317962454e-009, 6.14210515781e-010, 8.70874206083e-010, 2.23769647256e-009, 2.27356994342e-010, 1.95144234105e-010, 1.63331691921e-011, 5.5599067017e-012, 5.0519237231e-012, 6.85204410572e-012, 6.63506185758e-012, 6.30506064025e-012, 1.63463079877e-011, 3.65581558082e-011, 7.89583329275e-012, 6.88385980163e-013, 1.345426201e-011, 2.3952737363e-011, 1.29250872158e-011, 2.21251923033e-012, 4.95007810783e-012, 2.71708371948e-012, 3.05952984302e-012, 1.17949244122e-011, 3.53320150914e-012, 6.38815660526e-013]
    },
    "mfcc": {
        "mean": [-814.496337891, 157.296478271, 28.9746551514, 31.091791153, 4.45588779449, -14.4431724548, -5.51617145538, -18.1708259583, -14.1194152832, -1.3849850893, -19.2037010193, -13.9875841141, -1.67428004742],
        "cov": [[7213.37548828, -277.266876221, -1922.70617676, -601.887329102, -616.775085449, -630.503662109, -157.432327271, -263.370361328, -141.874938965, 487.229095459, -402.298248291, -252.299819946, -24.1572780609], [-277.266876221, 3227.77856445, -489.16192627, -457.079193115, -249.226974487, -360.135894775, 145.956771851, -235.697479248, -154.088027954, 43.3799858093, -137.961685181, -88.3447341919, 30.6027965546], [-1922.70617676, -489.16192627, 1780.86083984, 510.503631592, 286.380889893, 188.49281311, -155.371032715, 104.871841431, 100.175224304, -221.584381104, 236.755477905, 70.7577133179, -39.0913887024], [-601.887329102, -457.079193115, 510.503631592, 858.378723145, 429.09979248, 159.516906738, -1.54124426842, 89.2039108276, 196.768753052, -33.2646942139, 64.3483047485, 24.4049072266, -38.2050552368], [-616.775085449, -249.226974487, 286.380889893, 429.09979248, 610.992919922, 222.986236572, 11.9439783096, 68.6688156128, 227.074920654, 52.5010986328, 38.875202179, 5.14511394501, -33.9828262329], [-630.503662109, -360.135894775, 188.49281311, 159.516906738, 222.986236572, 613.55267334, 155.227355957, 113.501869202, 57.3897590637, -15.1312303543, 108.012184143, 42.9466133118, -43.9330291748], [-157.432327271, 145.956771851, -155.371032715, -1.54124426842, 11.9439783096, 155.227355957, 288.189331055, 64.9251556396, -3.64259243011, 43.1858406067, 19.3636035919, 17.9737586975, 12.050909996], [-263.370361328, -235.697479248, 104.871841431, 89.2039108276, 68.6688156128, 113.501869202, 64.9251556396, 227.353881836, 54.2619400024, -3.97942447662, 42.0894622803, 32.384803772, 11.5802087784], [-141.874938965, -154.088027954, 100.175224304, 196.768753052, 227.074920654, 57.3897590637, -3.64259243011, 54.2619400024, 279.884338379, 56.6868247986, 15.6605596542, -3.2185754776, 16.7704162598], [487.229095459, 43.3799858093, -221.584381104, -33.2646942139, 52.5010986328, -15.1312303543, 43.1858406067, -3.97942447662, 56.6868247986, 262.887939453, -45.5259208679, -44.091293335, 43.6429023743], [-402.298248291, -137.961685181, 236.755477905, 64.3483047485, 38.875202179, 108.012184143, 19.3636035919, 42.0894622803, 15.6605596542, -45.5259208679, 190.298446655, 59.4516525269, -17.1913814545], [-252.299819946, -88.3447341919, 70.7577133179, 24.4049072266, 5.14511394501, 42.9466133118, 17.9737586975, 32.384803772, -3.2185754776, -44.091293335, 59.4516525269, 158.544784546, 24.7146854401], [-24.1572780609, 30.6027965546, -39.0913887024, -38.2050552368, -33.9828262329, -43.9330291748, 12.050909996, 11.5802087784, 16.7704162598, 43.6429023743, -17.1913814545, 24.7146854401, 161.372009277]],
        "icov": [[0.000275132915704, 9.13907642826e-005, 0.000235814062762, -6.04706219747e-005, 0.000239597822656, 0.000110832239443, 0.000172333035152, 0.000100052588095, -2.51123692578e-005, -0.000393970636651, 0.00011218569125, 0.000127233317471, 0.000228868288104], [9.13907642826e-005, 0.000437632930698, 6.11547366134e-005, 0.000157714355737, -2.89193085337e-005, 0.000298703613225, -0.000396892923163, 0.000385781109799, 3.8472477172e-005, -4.72485990031e-005, 0.000112975256343, 0.000160448529641, 5.62699351576e-005], [0.000235814062762, 6.11547366134e-005, 0.00115290563554, -0.000446216727141, 5.07111326442e-005, -2.4150531317e-005, 0.000764991040342, -0.000138057686854, 6.11412688158e-005, 0.00022897621966, -0.000830904347822, 0.000293769902783, -4.75615852338e-005], [-6.04706219747e-005, 0.000157714355737, -0.000446216727141, 0.00217722426169, -0.00125617196318, 0.000231730737141, -0.000478882109746, -7.1014786954e-005, -0.000439312774688, 0.000408559892094, 0.000170835453901, -8.40459906613e-005, 0.000174050714122], [0.000239597822656, -2.89193085337e-005, 5.07111326442e-005, -0.00125617196318, 0.00380477053113, -0.000881324580405, 0.000536812469363, 0.000151123313117, -0.00180441618431, -0.00113564368803, 0.000463318254333, -9.5395000244e-005, 0.000825224327855], [0.000110832239443, 0.000298703613225, -2.4150531317e-005, 0.000231730737141, -0.000881324580405, 0.00275848363526, -0.00146825332195, -0.000289696065011, 0.000248530210229, 5.35074868822e-005, -0.000733904074878, 2.93666489597e-005, 0.000581803673413], [0.000172333035152, -0.000396892923163, 0.000764991040342, -0.000478882109746, 0.000536812469363, -0.00146825332195, 0.00544129684567, -0.00133297906723, 0.000350679125404, -0.000930053007323, -0.000448732927907, -0.000227516735322, -0.000222238028073], [0.000100052588095, 0.000385781109799, -0.000138057686854, -7.1014786954e-005, 0.000151123313117, -0.000289696065011, -0.00133297906723, 0.00578594533727, -0.000820133718662, 2.44231105171e-005, -0.000153840635903, -0.000408621650422, -0.000346324814018], [-2.51123692578e-005, 3.8472477172e-005, 6.11412688158e-005, -0.000439312774688, -0.00180441618431, 0.000248530210229, 0.000350679125404, -0.000820133718662, 0.00567612750456, -0.00075528328307, -0.000409161380958, 0.000333520467393, -0.000860200030729], [-0.000393970636651, -4.72485990031e-005, 0.00022897621966, 0.000408559892094, -0.00113564368803, 5.35074868822e-005, -0.000930053007323, 2.44231105171e-005, -0.00075528328307, 0.00580977043137, -8.15302846604e-005, 0.0012067820644, -0.00174096762203], [0.00011218569125, 0.000112975256343, -0.000830904347822, 0.000170835453901, 0.000463318254333, -0.000733904074878, -0.000448732927907, -0.000153840635903, -0.000409161380958, -8.15302846604e-005, 0.0077588534914, -0.00224610441364, 0.00101199024357], [0.000127233317471, 0.000160448529641, 0.000293769902783, -8.40459906613e-005, -9.5395000244e-005, 2.93666489597e-005, -0.000227516735322, -0.000408621650422, 0.000333520467393, 0.0012067820644, -0.00224610441364, 0.00804417952895, -0.00175820663571], [0.000228868288104, 5.62699351576e-005, -4.75615852338e-005, 0.000174050714122, 0.000825224327855, 0.000581803673413, -0.000222238028073, -0.000346324814018, -0.000860200030729, -0.00174096762203, 0.00101199024357, -0.00175820663571, 0.00756108528003]]
    },
    "spectral_contrast_coeffs": {
        "mean": [-0.515378415585, -0.596002936363, -0.724087953568, -0.776744782925, -0.796077251434, -0.787753760815],
        "var": [0.0141878807917, 0.0197118595243, 0.0144528253004, 0.00476720603183, 0.00281518977135, 0.00207804446109]
    },
    "spectral_contrast_valleys": {
        "mean": [-8.78820228577, -8.28009128571, -9.44092750549, -9.80255508423, -9.59066963196, -12.468755722],
        "var": [0.977175652981, 0.916473805904, 0.937213599682, 1.16109895706, 1.25258684158, 1.43319630623]
    }
},
"metadata": {
    "audio_properties": {
        "analysis_sample_rate": 44100,
        "bit_rate": 128074,
        "equal_loudness": 0,
        "length": 45.0612258911,
        "lossless": 0,
        "replay_gain": -8.62313652039,
        "sample_rate": 44100,
        "codec": "mp3",
        "downmix": "mix",
        "md5_encoded": "9a6f3f94314badc8561f12a4c60dd60c"
    },
    "tags": {
        "file_name": "1607.mp3",
        "album": ["Live on WFMU with Irene Trudel 6\/1\/2009"],
        "artist": ["Zee Avi"],
        "date": ["2009-06-01 00:00:00", "2009-06-01 00:00:00"],
        "genre": ["International"],
        "title": ["Bitter Heart"],
        "tracknumber": ["3"]
    },
    "version": {
        "essentia": "2.1-beta2",
        "essentia_git_sha": "v2.1_beta2",
        "extractor": "music 1.0"
    }
},
"rhythm": {
    "beats_count": 61,
    "beats_loudness": {
        "mean": 0.0291033443063,
        "var": 0.000345750653651
    },
    "bpm": 81.2078094482,
    "bpm_histogram_first_peak_bpm": {
        "mean": 81,
        "var": 0
    },
    "bpm_histogram_first_peak_spread": {
        "mean": 0.297872304916,
        "var": 0
    },
    "bpm_histogram_first_peak_weight": {
        "mean": 0.550000011921,
        "var": 0
    },
    "bpm_histogram_second_peak_bpm": {
        "mean": 94,
        "var": 0
    },
    "bpm_histogram_second_peak_spread": {
        "mean": 0.555555522442,
        "var": 0
    },
    "bpm_histogram_second_peak_weight": {
        "mean": 0.0666666701436,
        "var": 0
    },
    "danceability": 1.31539714336,
    "onset_rate": 3.61567044258,
    "beats_loudness_band_ratio": {
        "mean": [0.301797330379, 0.631498873234, 0.138676464558, 0.033728800714, 0.0215917527676, 0.024198224768],
        "var": [0.0894139483571, 0.0693913549185, 0.0443322658539, 0.00518559804186, 0.00389561476186, 0.00930883735418]
    },
    "beats_position": [0.777868449688, 1.57895684242, 2.35682535172, 3.14630389214, 3.93578219414, 4.7020406723, 5.45668935776, 6.2229475975, 6.97759628296, 7.72063493729, 8.45206356049, 9.17188167572, 9.90331077576, 10.5418596268, 11.1687984467, 11.807346344, 12.445895195, 13.0728340149, 13.722992897, 14.3731517792, 15.0465307236, 15.696688652, 16.3352375031, 17.0550556183, 17.7632656097, 18.5063037872, 19.2261219025, 19.96916008, 20.7121982574, 21.4552383423, 22.221496582, 22.9645347595, 23.707572937, 24.4390010834, 25.158821106, 25.8902492523, 26.6216773987, 27.353105545, 28.0961437225, 28.8275737762, 29.5590019226, 30.2788200378, 30.9986381531, 31.7184581757, 32.4382743835, 33.1813163757, 33.9127426147, 34.6673927307, 35.4104309082, 36.1534690857, 36.8848991394, 37.6163253784, 38.3361434937, 39.0791816711, 39.8106117249, 40.5536499023, 41.2850799561, 42.0165061951, 42.7479362488, 43.4909744263, 44.2340126038]
},
"tonal": {
    "chords_changes_rate": 0.0977366268635,
    "chords_number_rate": 0.0133744860068,
    "chords_strength": {
        "mean": 0.541359245777,
        "var": 0.0127683486789
    },
    "hpcp_entropy": {
        "mean": 1.26281917095,
        "var": 1.05289423466
    },
    "key_strength": 0.73092097044,
    "tuning_diatonic_strength": 0.653318881989,
    "tuning_equal_tempered_deviation": 0.113371767104,
    "tuning_frequency": 442.548919678,
    "tuning_nontempered_energy_ratio": 0.800379097462,
    "hpcp": {
        "mean": [0.206375584006, 0.127693518996, 0.0469193048775, 0.0306943636388, 0.0365684255958, 0.0676851049066, 0.0886456593871, 0.0627942383289, 0.0374186336994, 0.0361138544977, 0.0575884617865, 0.106592871249, 0.148063272238, 0.132444515824, 0.111564025283, 0.0999930351973, 0.0600310377777, 0.0311099905521, 0.0255615375936, 0.0315407216549, 0.052752956748, 0.0545784085989, 0.0324184447527, 0.0215474329889, 0.0224782675505, 0.0361877903342, 0.0842454954982, 0.125097632408, 0.120871476829, 0.146887794137, 0.147537261248, 0.0916453450918, 0.0725617855787, 0.0860806852579, 0.11165959388, 0.174573987722],
        "var": [0.117046624422, 0.0645090714097, 0.0217036940157, 0.0161592680961, 0.0188135597855, 0.0348637439311, 0.0513370744884, 0.0298140570521, 0.0196179579943, 0.0160679891706, 0.0345255434513, 0.0569486767054, 0.0880808979273, 0.070143789053, 0.0635124221444, 0.0576535090804, 0.0340574793518, 0.0157356597483, 0.0141958259046, 0.0168338567019, 0.032039809972, 0.0330630876124, 0.0159801114351, 0.0130231687799, 0.0125963799655, 0.0192459672689, 0.0465340130031, 0.0818140953779, 0.0624747537076, 0.0839934200048, 0.0903757661581, 0.043577324599, 0.0380840115249, 0.0444552563131, 0.0581842027605, 0.0832289382815]
    },
    "chords_histogram": [2.88065838814, 38.5802459717, 9.56790161133, 5.86419773102, 0.411522626877, 0, 0, 0.102880656719, 5.45267486572, 2.98353910446, 0.411522626877, 4.93827152252, 1.33744859695, 0.925925910473, 0.102880656719, 1.13168728352, 0, 3.49794244766, 0, 1.95473253727, 0, 0.411522626877, 15.123456955, 4.32098770142],
    "thpcp": [1, 0.618743360043, 0.227349102497, 0.14873059094, 0.177193567157, 0.327970504761, 0.429535597563, 0.304271638393, 0.181313276291, 0.174990922213, 0.279046863317, 0.516499400139, 0.717445671558, 0.641764461994, 0.540587306023, 0.484519690275, 0.290882468224, 0.150744527578, 0.12385930866, 0.152831658721, 0.255616277456, 0.264461547136, 0.157084688544, 0.104408830404, 0.108919218183, 0.175349190831, 0.408214449883, 0.606164872646, 0.585686922073, 0.711749851704, 0.714896857738, 0.444070667028, 0.35160061717, 0.417106926441, 0.541050434113, 0.845904290676],
    "chords_key": "F#",
    "chords_scale": "minor",
    "key_key": "D",
    "key_scale": "major"
}
}