{
"lowlevel": {
    "average_loudness": 0.98000562191,
    "barkbands_crest": {
        "mean": 8.30638980865,
        "var": 13.1155462265
    },
    "barkbands_flatness_db": {
        "mean": 0.0958326235414,
        "var": 0.00144284265116
    },
    "barkbands_kurtosis": {
        "mean": 1.31723201275,
        "var": 20.8533325195
    },
    "barkbands_skewness": {
        "mean": 1.09313893318,
        "var": 1.05865216255
    },
    "barkbands_spread": {
        "mean": 35.4947624207,
        "var": 184.403656006
    },
    "dissonance": {
        "mean": 0.480443298817,
        "var": 0.000220521149458
    },
    "dynamic_complexity": 1.61684775352,
    "erbbands_crest": {
        "mean": 7.98562574387,
        "var": 13.980260849
    },
    "erbbands_flatness_db": {
        "mean": 0.130769088864,
        "var": 0.001130365883
    },
    "erbbands_kurtosis": {
        "mean": 0.12666195631,
        "var": 1.34787118435
    },
    "erbbands_skewness": {
        "mean": -0.320165812969,
        "var": 0.273946404457
    },
    "erbbands_spread": {
        "mean": 43.6391181946,
        "var": 346.602050781
    },
    "hfc": {
        "mean": 33.7415847778,
        "var": 386.455505371
    },
    "melbands_crest": {
        "mean": 14.5961790085,
        "var": 25.4252948761
    },
    "melbands_flatness_db": {
        "mean": 0.155893474817,
        "var": 0.00265294313431
    },
    "melbands_kurtosis": {
        "mean": 10.7734527588,
        "var": 228.965423584
    },
    "melbands_skewness": {
        "mean": 2.64889764786,
        "var": 2.48096895218
    },
    "melbands_spread": {
        "mean": 36.3270263672,
        "var": 414.082489014
    },
    "pitch_salience": {
        "mean": 0.55859130621,
        "var": 0.010572408326
    },
    "silence_rate_20dB": {
        "mean": 1,
        "var": 0
    },
    "silence_rate_30dB": {
        "mean": 1,
        "var": 0
    },
    "silence_rate_60dB": {
        "mean": 0.0242018532008,
        "var": 0.0236171316355
    },
    "spectral_centroid": {
        "mean": 1897.81799316,
        "var": 390731.71875
    },
    "spectral_complexity": {
        "mean": 28.9140052795,
        "var": 124.537620544
    },
    "spectral_decrease": {
        "mean": -7.91798981936e-009,
        "var": 2.03409717958e-017
    },
    "spectral_energy": {
        "mean": 0.0329448021948,
        "var": 0.000316913268762
    },
    "spectral_energyband_high": {
        "mean": 0.00185139128007,
        "var": 3.10520385938e-006
    },
    "spectral_energyband_low": {
        "mean": 0.0144332107157,
        "var": 0.000231823287322
    },
    "spectral_energyband_middle_high": {
        "mean": 0.0082418275997,
        "var": 3.02147072944e-005
    },
    "spectral_energyband_middle_low": {
        "mean": 0.00995008461177,
        "var": 3.75564741262e-005
    },
    "spectral_entropy": {
        "mean": 7.91419887543,
        "var": 0.0696113035083
    },
    "spectral_flux": {
        "mean": 0.105049885809,
        "var": 0.00166357844137
    },
    "spectral_kurtosis": {
        "mean": 3.0378549099,
        "var": 1.98577785492
    },
    "spectral_rms": {
        "mean": 0.00545865017921,
        "var": 2.34438357438e-006
    },
    "spectral_rolloff": {
        "mean": 2241.05444336,
        "var": 2286710
    },
    "spectral_skewness": {
        "mean": 1.26614201069,
        "var": 0.0675487518311
    },
    "spectral_spread": {
        "mean": 4990359,
        "var": 2.71277228032e+012
    },
    "spectral_strongpeak": {
        "mean": 0.759583711624,
        "var": 1.45100450516
    },
    "zerocrossingrate": {
        "mean": 0.0831883400679,
        "var": 0.0012354318751
    },
    "barkbands": {
        "mean": [0.000344798201695, 0.00622298382223, 0.00646368926391, 0.00279756635427, 0.00316629116423, 0.000686844810843, 0.000626372173429, 0.00120025186334, 0.00117797998246, 0.000646865169983, 0.000553517602384, 0.00087649532361, 0.000611232768279, 0.00103348796256, 0.000723873148672, 0.000956812058575, 0.000889674061909, 0.00114597787615, 0.000764252734371, 0.000407180574257, 0.000414869748056, 0.000423564983066, 0.000293018150842, 0.000271805445664, 0.00016771517403, 7.37490336178e-005, 3.92309766539e-006],
        "var": [6.88476916366e-007, 0.000138154820888, 4.29313258792e-005, 8.22386937216e-006, 1.10751843749e-005, 7.48805803141e-007, 1.14459942324e-006, 3.72441854779e-006, 3.05473713524e-006, 1.18472337363e-006, 8.82617030129e-007, 2.28910403166e-006, 1.3545532056e-006, 3.31406386067e-006, 9.98342102321e-007, 1.23633719795e-006, 8.11837651327e-007, 1.30165506107e-006, 6.05537536558e-007, 1.80115151238e-007, 2.82985268996e-007, 1.93660454784e-007, 1.01414741493e-007, 9.02263082025e-008, 5.31780202095e-008, 1.73772090051e-008, 1.36705730069e-010]
    },
    "erbbands": {
        "mean": [0.17651130259, 1.45199489594, 6.73676013947, 8.76472091675, 11.7991867065, 9.4464673996, 5.70318889618, 5.7524356842, 5.69232988358, 19.344877243, 25.8315048218, 25.7056903839, 27.8393516541, 18.1211338043, 30.474521637, 30.9700489044, 26.8511333466, 53.5823020935, 37.5707969666, 44.4411125183, 58.4679832458, 47.8006858826, 58.7275314331, 53.5329856873, 30.2646369934, 20.105304718, 15.885061264, 17.4298820496, 15.6824922562, 10.8337564468, 7.85261058807, 6.2032957077, 4.29778862, 2.28781294823, 1.03891849518, 0.414840817451, 0.117015577853, 0.0187473278493, 0.000505117874127, 5.76622915105e-005],
        "var": [0.210825771093, 5.31663560867, 43.5569648743, 62.697971344, 161.007369995, 133.514266968, 46.4121055603, 64.4522247314, 45.4891395569, 985.780822754, 1773.80371094, 1557.05615234, 1705.97558594, 1111.96313477, 1933.85546875, 2654.68188477, 2181.90869141, 11012.7578125, 2329.61181641, 4227.75390625, 4031.00732422, 1714.31225586, 3048.30566406, 2662.67260742, 973.937438965, 404.65814209, 396.586456299, 563.854980469, 250.294403076, 143.207550049, 73.6575698853, 43.0573005676, 25.4344711304, 9.73157978058, 2.45631551743, 0.451320320368, 0.0474221967161, 0.0020049798768, 1.57399381351e-006, 1.73595660069e-009]
    },
    "gfcc": {
        "mean": [47.103679657, 65.2516021729, -118.714767456, 50.3508987427, -50.7783241272, 24.175491333, -38.4029388428, 17.0022697449, -24.8850803375, -1.89191877842, -24.3737239838, -2.2550766468, -19.0506687164],
        "cov": [[3773.0715332, -212.271514893, 76.657699585, 86.3985671997, 88.3292160034, -14.3458147049, -92.0452575684, 63.3344650269, -98.6800689697, -14.3837051392, -193.644607544, 4.89822340012, -95.0708618164], [-212.271514893, 821.249938965, 14.7573003769, 75.3430862427, 155.118240356, -39.3194084167, 32.2580795288, -77.6014633179, -16.5108013153, -111.086074829, 68.6031494141, -55.9472923279, 40.2338104248], [76.657699585, 14.7573003769, 674.048706055, 130.558120728, 11.1325139999, 80.6855773926, -127.907180786, -13.5230417252, -78.0969314575, -46.25233078, -30.4617099762, 31.7834300995, 30.6275444031], [86.3985671997, 75.3430862427, 130.558120728, 214.124710083, 64.1797332764, 3.80130982399, -7.73616886139, 8.08839893341, 18.7876110077, -22.5257034302, -1.21393203735, 3.80758500099, 24.2427444458], [88.3292160034, 155.118240356, 11.1325139999, 64.1797332764, 185.487533569, 16.7487869263, 26.4580249786, -12.1227741241, -13.5635042191, -3.04069185257, -1.58804798126, -1.68239617348, 15.1067333221], [-14.3458147049, -39.3194084167, 80.6855773926, 3.80130982399, 16.7487869263, 115.714408875, 34.0496101379, -3.6652970314, -16.259147644, 8.53578853607, 14.04737854, 6.47101688385, -1.37795388699], [-92.0452575684, 32.2580795288, -127.907180786, -7.73616886139, 26.4580249786, 34.0496101379, 159.894744873, 30.4804553986, 18.9088897705, 20.9217796326, 26.3499469757, 4.54041862488, -27.4640140533], [63.3344650269, -77.6014633179, -13.5230417252, 8.08839893341, -12.1227741241, -3.6652970314, 30.4804553986, 122.082641602, 69.0509338379, 12.5441017151, 1.3799738884, -1.45273673534, -12.0806016922], [-98.6800689697, -16.5108013153, -78.0969314575, 18.7876110077, -13.5635042191, -16.259147644, 18.9088897705, 69.0509338379, 127.135948181, 34.7505149841, 14.9842004776, -11.687005043, -11.6895494461], [-14.3837051392, -111.086074829, -46.25233078, -22.5257034302, -3.04069185257, 8.53578853607, 20.9217796326, 12.5441017151, 34.7505149841, 90.8738861084, 23.7724838257, 14.3049354553, -17.0531253815], [-193.644607544, 68.6031494141, -30.4617099762, -1.21393203735, -1.58804798126, 14.04737854, 26.3499469757, 1.3799738884, 14.9842004776, 23.7724838257, 88.1893768311, 23.0718765259, 0.321348458529], [4.89822340012, -55.9472923279, 31.7834300995, 3.80758500099, -1.68239617348, 6.47101688385, 4.54041862488, -1.45273673534, -11.687005043, 14.3049354553, 23.0718765259, 70.7351837158, 18.3509578705], [-95.0708618164, 40.2338104248, 30.6275444031, 24.2427444458, 15.1067333221, -1.37795388699, -27.4640140533, -12.0806016922, -11.6895494461, -17.0531253815, 0.321348458529, 18.3509578705, 77.2344741821]],
        "icov": [[0.000390093453461, -0.000252560101217, 0.000319083454087, -0.000417738803662, 1.59746377904e-005, -0.000418353331042, 0.000704472884536, -0.000843886518851, 0.000849506061058, -0.000550751923583, 0.00122531526722, -0.000754367385525, 0.000905366207007], [-0.000252560101217, 0.00388154317625, -0.00142743962351, 0.00118584150914, -0.003050748026, 0.00327168335207, -0.00282569043338, 0.00385462469421, -0.00292534800246, 0.00556930759922, -0.00600515725091, 0.00445618899539, -0.00213273265399], [0.000319083454087, -0.00142743962351, 0.00365155749023, -0.00254644895904, 0.00130225683097, -0.00402438966557, 0.00426316354424, -0.00316267996095, 0.00340144801885, -0.00184274674393, 0.00323836226016, -0.00324729271233, 0.00204839720391], [-0.000417738803662, 0.00118584150914, -0.00254644895904, 0.00770592410117, -0.00304954359308, 0.00247346609831, -0.0026301171165, 0.00265819393098, -0.00467616366223, 0.00367473997176, -0.0029700261075, 0.00178132823203, -0.00272704800591], [1.59746377904e-005, -0.003050748026, 0.00130225683097, -0.00304954359308, 0.00910915341228, -0.00304056541063, 0.000679948891047, -0.00235210219398, 0.00325823924504, -0.00517954025418, 0.00476819602773, -0.00239830347709, -1.28797319121e-005], [-0.000418353331042, 0.00327168335207, -0.00402438966557, 0.00247346609831, -0.00304056541063, 0.0150916110724, -0.00727446051314, 0.00444832397625, -0.00232689850964, 0.00329019105993, -0.00710027152672, 0.00552887562662, -0.00333661469631], [0.000704472884536, -0.00282569043338, 0.00426316354424, -0.0026301171165, 0.000679948891047, -0.00727446051314, 0.0137836234644, -0.00682869926095, 0.00467655109242, -0.00415856856853, 0.00414735497907, -0.00574388960376, 0.00618170341477], [-0.000843886518851, 0.00385462469421, -0.00316267996095, 0.00265819393098, -0.00235210219398, 0.00444832397625, -0.00682869926095, 0.0181580279022, -0.0122213875875, 0.0072442824021, -0.00577950011939, 0.00386611092836, -0.00282034603879], [0.000849506061058, -0.00292534800246, 0.00340144801885, -0.00467616366223, 0.00325823924504, -0.00232689850964, 0.00467655109242, -0.0122213875875, 0.0192815177143, -0.00972767453641, 0.0040111830458, -0.000765012926422, 0.00269657280296], [-0.000550751923583, 0.00556930759922, -0.00184274674393, 0.00367473997176, -0.00517954025418, 0.00329019105993, -0.00415856856853, 0.0072442824021, -0.00972767453641, 0.0233544092625, -0.010860113427, 0.0023009988945, -9.29642483243e-005], [0.00122531526722, -0.00600515725091, 0.00323836226016, -0.0029700261075, 0.00476819602773, -0.00710027152672, 0.00414735497907, -0.00577950011939, 0.0040111830458, -0.010860113427, 0.0253219157457, -0.0124099245295, 0.00484854727983], [-0.000754367385525, 0.00445618899539, -0.00324729271233, 0.00178132823203, -0.00239830347709, 0.00552887562662, -0.00574388960376, 0.00386611092836, -0.000765012926422, 0.0023009988945, -0.0124099245295, 0.0247061625123, -0.00881768204272], [0.000905366207007, -0.00213273265399, 0.00204839720391, -0.00272704800591, -1.28797319121e-005, -0.00333661469631, 0.00618170341477, -0.00282034603879, 0.00269657280296, -9.29642483243e-005, 0.00484854727983, -0.00881768204272, 0.0193792562932]]
    },
    "melbands": {
        "mean": [0.00161051074974, 0.00301121780649, 0.00167413800955, 0.000797114917077, 0.000231769721722, 0.000127666513436, 9.82405254035e-005, 0.000228828983381, 0.000201461210963, 0.000166509940755, 0.000135984373628, 6.87288702466e-005, 9.25115673454e-005, 0.000108419844764, 5.16198015248e-005, 8.10873389128e-005, 9.68640379142e-005, 6.0447040596e-005, 5.39042521268e-005, 5.92775104451e-005, 7.29728635633e-005, 4.97207220178e-005, 4.78500369354e-005, 5.70955126022e-005, 4.2799343646e-005, 2.49133718171e-005, 1.65812944033e-005, 1.24974485516e-005, 9.72462112259e-006, 9.21334867598e-006, 1.0339092114e-005, 9.3184371508e-006, 7.29123621568e-006, 5.35305389349e-006, 4.17636101702e-006, 4.93540937896e-006, 3.34332571583e-006, 2.92364234156e-006, 2.86022350338e-006, 1.60893125667e-006],
        "var": [1.29542477225e-005, 8.50736705615e-006, 1.87656632988e-006, 7.407984981e-007, 6.65674519951e-008, 2.96955136037e-008, 1.6633968869e-008, 1.22873956343e-007, 1.09448443197e-007, 6.38353014892e-008, 4.21443431264e-008, 1.99007690327e-008, 1.95711162831e-008, 3.58387310939e-008, 9.91889859137e-009, 2.73587996702e-008, 3.41737411702e-008, 8.38124147862e-009, 5.46633405207e-009, 7.05124181266e-009, 7.19101800328e-009, 2.31413554985e-009, 2.34087571549e-009, 3.89743615159e-009, 1.93282767569e-009, 7.29204752137e-010, 3.35715288902e-010, 1.73717248919e-010, 1.53393159286e-010, 1.64410401959e-010, 1.99170305248e-010, 9.60678966933e-011, 6.51059206547e-011, 3.99282031049e-011, 2.41380110344e-011, 3.42854807045e-011, 1.391097567e-011, 1.15351200813e-011, 2.01679645206e-011, 5.39226866283e-012]
    },
    "mfcc": {
        "mean": [-591.926574707, 89.0840606689, -1.85007226467, 29.3289642334, 13.6294298172, 8.59277629852, 2.29178833961, 13.373755455, 4.17043542862, 2.92186379433, 2.7697467804, -1.15103495121, -6.00949478149],
        "cov": [[3069.48925781, -136.858612061, -130.492538452, 108.39705658, 71.4170761108, -27.5198764801, -20.3800449371, 16.4778842926, 71.3461151123, 8.07705688477, -20.1477279663, -50.0870819092, -111.801605225], [-136.858612061, 662.619934082, -21.3984088898, 88.5687789917, 99.7422103882, 38.7590675354, 66.4220428467, 10.4420309067, -43.6291465759, -43.7327919006, -31.3086242676, -34.8278617859, -19.1561985016], [-130.492538452, -21.3984088898, 579.580810547, 20.1991004944, 146.695739746, 19.9882907867, 1.31367647648, 6.46683216095, -26.6766414642, -27.7851886749, -83.553565979, -33.3443450928, -9.14411830902], [108.39705658, 88.5687789917, 20.1991004944, 205.353103638, 79.3522262573, 19.1364803314, 5.27068376541, 21.7451915741, 22.2247886658, -7.49564981461, -12.2317972183, -8.26232719421, 0.0952111706138], [71.4170761108, 99.7422103882, 146.695739746, 79.3522262573, 201.246536255, 21.7988357544, 0.408733874559, -3.23870205879, 9.74695396423, -10.2201480865, -51.7715682983, -25.795211792, -9.0024766922], [-27.5198764801, 38.7590675354, 19.9882907867, 19.1364803314, 21.7988357544, 132.934921265, 56.6450080872, -7.68632936478, -15.4295072556, -13.0401182175, -0.685591042042, -13.0322399139, -8.83543872833], [-20.3800449371, 66.4220428467, 1.31367647648, 5.27068376541, 0.408733874559, 56.6450080872, 119.693031311, 25.1635837555, -9.53202629089, -17.3014907837, 7.84845113754, -4.19127511978, -4.1018614769], [16.4778842926, 10.4420309067, 6.46683216095, 21.7451915741, -3.23870205879, -7.68632936478, 25.1635837555, 92.035446167, 25.097240448, 13.6403875351, 16.6731567383, 14.7617149353, 2.79926252365], [71.3461151123, -43.6291465759, -26.6766414642, 22.2247886658, 9.74695396423, -15.4295072556, -9.53202629089, 25.097240448, 87.7470855713, 29.3180332184, 9.58399677277, 3.4229426384, -0.416858285666], [8.07705688477, -43.7327919006, -27.7851886749, -7.49564981461, -10.2201480865, -13.0401182175, -17.3014907837, 13.6403875351, 29.3180332184, 81.969543457, 44.4940414429, 16.3278980255, -4.22188997269], [-20.1477279663, -31.3086242676, -83.553565979, -12.2317972183, -51.7715682983, -0.685591042042, 7.84845113754, 16.6731567383, 9.58399677277, 44.4940414429, 107.333908081, 44.982334137, 6.34452342987], [-50.0870819092, -34.8278617859, -33.3443450928, -8.26232719421, -25.795211792, -13.0322399139, -4.19127511978, 14.7617149353, 3.4229426384, 16.3278980255, 44.982334137, 85.3745803833, 41.9752922058], [-111.801605225, -19.1561985016, -9.14411830902, 0.0952111706138, -9.0024766922, -8.83543872833, -4.1018614769, 2.79926252365, -0.416858285666, -4.22188997269, 6.34452342987, 41.9752922058, 83.1016235352]],
        "icov": [[0.000375492527382, 0.000156253940077, 0.000167559788679, -0.000180614893907, -0.00022360154253, 0.000114685673907, -3.99182536057e-005, -4.97064247611e-005, -0.000118720148748, 0.000115800699859, 8.04019873613e-005, -5.31362456968e-005, 0.000573499244638], [0.000156253940077, 0.00205930112861, 0.000557041901629, -0.000606805086136, -0.00123314152006, 0.000274442048976, -0.00094252533745, -0.00041548430454, 0.00125408032909, 0.000446326797828, 3.54654621333e-005, 0.000423495192081, 0.000422319717472], [0.000167559788679, 0.000557041901629, 0.00253961700946, 0.000251798541285, -0.00200923974626, -8.35005703266e-005, -5.65694972465e-005, -0.000956524512731, 0.00120724423323, -6.11630966887e-005, 0.00127601821441, 1.02630156107e-005, 0.000336226570653], [-0.000180614893907, -0.000606805086136, 0.000251798541285, 0.0065123476088, -0.00234139757231, -0.000997058814391, 0.00091490970226, -0.00156738609076, -0.00142295111436, 0.00115528993774, -0.000705473241396, 0.000391545763705, -0.000716678856406], [-0.00022360154253, -0.00123314152006, -0.00200923974626, -0.00234139757231, 0.00882894359529, -0.000958339020144, 0.000381393736461, 0.00125276879407, -0.00169145886321, -0.00152333371807, 0.00273756193928, -0.000364531500963, -8.30569115351e-005], [0.000114685673907, 0.000274442048976, -8.35005703266e-005, -0.000997058814391, -0.000958339020144, 0.0103912614286, -0.00525280972943, 0.00217236182652, 0.00106238620356, 6.36381591903e-005, -0.000963770144153, 0.000923604296986, 0.000493672152516], [-3.99182536057e-005, -0.00094252533745, -5.65694972465e-005, 0.00091490970226, 0.000381393736461, -0.00525280972943, 0.0128231495619, -0.00429474422708, 0.000135553549626, 0.0030382219702, -0.00196941755712, 0.000869815412443, -0.000151756365085], [-4.97064247611e-005, -0.00041548430454, -0.000956524512731, -0.00156738609076, 0.00125276879407, 0.00217236182652, -0.00429474422708, 0.0144464531913, -0.003811866045, -0.00135816028342, -0.000539384724107, -0.00227315560915, 0.000503211980686], [-0.000118720148748, 0.00125408032909, 0.00120724423323, -0.00142295111436, -0.00169145886321, 0.00106238620356, 0.000135553549626, -0.003811866045, 0.0157971791923, -0.00489967595786, 0.00110884569585, 0.00103176746052, -0.000446848163847], [0.000115800699859, 0.000446326797828, -6.11630966887e-005, 0.00115528993774, -0.00152333371807, 6.36381591903e-005, 0.0030382219702, -0.00135816028342, -0.00489967595786, 0.0195421427488, -0.00840106606483, 0.000297631224385, 0.00174737826455], [8.04019873613e-005, 3.54654621333e-005, 0.00127601821441, -0.000705473241396, 0.00273756193928, -0.000963770144153, -0.00196941755712, -0.000539384724107, 0.00110884569585, -0.00840106606483, 0.0185384973884, -0.00840441230685, 0.00278115365654], [-5.31362456968e-005, 0.000423495192081, 1.02630156107e-005, 0.000391545763705, -0.000364531500963, 0.000923604296986, 0.000869815412443, -0.00227315560915, 0.00103176746052, 0.000297631224385, -0.00840441230685, 0.0216411519796, -0.0100641455501], [0.000573499244638, 0.000422319717472, 0.000336226570653, -0.000716678856406, -8.30569115351e-005, 0.000493672152516, -0.000151756365085, 0.000503211980686, -0.000446848163847, 0.00174737826455, 0.00278115365654, -0.0100641455501, 0.0179169215262]]
    },
    "spectral_contrast_coeffs": {
        "mean": [-0.636205494404, -0.745500445366, -0.766613602638, -0.775709450245, -0.775221884251, -0.744551002979],
        "var": [0.00518170930445, 0.00437988573685, 0.00393756479025, 0.00272538349964, 0.001288115629, 0.001966296928]
    },
    "spectral_contrast_valleys": {
        "mean": [-6.90420055389, -6.81641960144, -7.05504083633, -7.19215536118, -6.81176376343, -9.36031246185],
        "var": [0.827208578587, 0.565976083279, 0.547233343124, 0.553829848766, 0.633563518524, 0.711591422558]
    }
},
"metadata": {
    "audio_properties": {
        "analysis_sample_rate": 44100,
        "bit_rate": 128074,
        "equal_loudness": 0,
        "length": 45.0612258911,
        "lossless": 0,
        "replay_gain": -4.58374023438,
        "sample_rate": 44100,
        "codec": "mp3",
        "downmix": "mix",
        "md5_encoded": "771d80542b8414e612cc8d334412488c"
    },
    "tags": {
        "file_name": "1608.mp3"
    },
    "version": {
        "essentia": "2.1-beta2",
        "essentia_git_sha": "v2.1_beta2",
        "extractor": "music 1.0"
    }
},
"rhythm": {
    "beats_count": 101,
    "beats_loudness": {
        "mean": 0.0436459481716,
        "var": 0.000179591297638
    },
    "bpm": 135.409378052,
    "bpm_histogram_first_peak_bpm": {
        "mean": 136,
        "var": 0
    },
    "bpm_histogram_first_peak_spread": {
        "mean": 0.279569894075,
        "var": 0
    },
    "bpm_histogram_first_peak_weight": {
        "mean": 0.670000016689,
        "var": 0
    },
    "bpm_histogram_second_peak_bpm": {
        "mean": 129,
        "var": 0
    },
    "bpm_histogram_second_peak_spread": {
        "mean": 0,
        "var": 0
    },
    "bpm_histogram_second_peak_weight": {
        "mean": 0.0399999991059,
        "var": 0
    },
    "danceability": 1.07608687878,
    "onset_rate": 3.72658061981,
    "beats_loudness_band_ratio": {
        "mean": [0.513125181198, 0.13387542963, 0.0837350487709, 0.0942868515849, 0.12348177284, 0.0937379226089],
        "var": [0.0382220596075, 0.0100151272491, 0.00385917327367, 0.00717029068619, 0.0050939344801, 0.00261155469343]
    },
    "beats_position": [0.394739210606, 0.812698423862, 1.23065757751, 1.64861679077, 2.08979582787, 2.53097510338, 2.99537420273, 3.44816327095, 3.88934230804, 4.33052158356, 4.76009082794, 5.20126962662, 5.64244890213, 6.08362817764, 6.52480697632, 6.96598625183, 7.4303855896, 7.87156438828, 8.31274318695, 8.75392246246, 9.19510173798, 9.63628101349, 10.077460289, 10.5186395645, 10.9714279175, 11.412607193, 11.8653964996, 12.3065757751, 12.7477550507, 13.1889343262, 13.6301136017, 14.0712919235, 14.5240812302, 14.9768705368, 15.4180498123, 15.8592290878, 16.3004074097, 16.7415866852, 17.1827659607, 17.6239452362, 18.0767345428, 18.5295238495, 18.970703125, 19.4118824005, 19.853061676, 20.3058490753, 20.758638382, 21.1998176575, 21.640996933, 22.0821762085, 22.523355484, 22.9645347595, 23.4289340973, 23.8701133728, 24.3112926483, 24.7524719238, 25.1936511993, 25.6464385986, 26.0992279053, 26.5404071808, 26.9815864563, 27.4343757629, 27.8755550385, 28.3051242828, 28.7463035583, 29.1874828339, 29.6402721405, 30.0930614471, 30.5342407227, 30.9754180908, 31.4165973663, 31.8577766418, 32.2989578247, 32.7401351929, 33.1929244995, 33.6457138062, 34.0868911743, 34.5280723572, 34.9692497253, 35.4104309082, 35.8748283386, 36.3160095215, 36.7571868896, 37.186756134, 37.6395454407, 38.0807266235, 38.5219039917, 38.9630813599, 39.4042625427, 39.8454399109, 40.2982292175, 40.7510185242, 41.192199707, 41.6449890137, 42.0977783203, 42.5273475647, 42.9569168091, 43.3980941772, 43.8392753601, 44.2804527283, 44.7216300964]
},
"tonal": {
    "chords_changes_rate": 0.108024694026,
    "chords_number_rate": 0.0144032919779,
    "chords_strength": {
        "mean": 0.501802742481,
        "var": 0.00975288636982
    },
    "hpcp_entropy": {
        "mean": 2.38163948059,
        "var": 0.616419613361
    },
    "key_strength": 0.695329070091,
    "tuning_diatonic_strength": 0.766463935375,
    "tuning_equal_tempered_deviation": 0.29836550355,
    "tuning_frequency": 434.193115234,
    "tuning_nontempered_energy_ratio": 0.915614902973,
    "hpcp": {
        "mean": [0.156453087926, 0.171207666397, 0.158138498664, 0.166313931346, 0.188454434276, 0.19535921514, 0.212465897202, 0.222259327769, 0.181775391102, 0.124689258635, 0.0932798236609, 0.0945522859693, 0.139874950051, 0.179516732693, 0.159159481525, 0.146265760064, 0.16424639523, 0.140990257263, 0.097100533545, 0.0847166106105, 0.103130951524, 0.148027762771, 0.173696681857, 0.199222847819, 0.220408409834, 0.161246716976, 0.116078749299, 0.189272537827, 0.251820683479, 0.224781677127, 0.220482721925, 0.223082795739, 0.167582347989, 0.135688230395, 0.139301851392, 0.136256948113],
        "var": [0.0642591938376, 0.0697231218219, 0.0552022345364, 0.0677964538336, 0.078099898994, 0.0775396004319, 0.0798114836216, 0.0849612280726, 0.0642918348312, 0.0403506048024, 0.0258008446544, 0.0243188273162, 0.0389936156571, 0.055839907378, 0.0419547893107, 0.0359954722226, 0.0480533130467, 0.0416955091059, 0.0260040946305, 0.0244667604566, 0.032885864377, 0.0570645369589, 0.0676186978817, 0.0599650405347, 0.0751099735498, 0.0411344394088, 0.0296866446733, 0.063195861876, 0.0995765551925, 0.0662713646889, 0.0770070254803, 0.0966659858823, 0.0589068345726, 0.0358829498291, 0.0421447083354, 0.0434424579144]
    },
    "chords_histogram": [19.5473251343, 5.34979438782, 7.40740728378, 2.26337456703, 4.83539104462, 1.13168728352, 0, 2.98353910446, 0, 5.14403295517, 1.23456788063, 0.102880656719, 0, 0, 0, 0.514403283596, 1.23456788063, 10.9053497314, 2.26337456703, 0.514403283596, 0, 0.925925910473, 27.3662548065, 6.27572011948],
    "thpcp": [1, 0.892625927925, 0.875554442406, 0.885879576206, 0.665482878685, 0.538828790188, 0.553178727627, 0.541087210178, 0.621287703514, 0.679879307747, 0.627980589867, 0.660445868969, 0.748367547989, 0.775786995888, 0.843719005585, 0.88260948658, 0.721844553947, 0.495150983334, 0.370421618223, 0.375474661589, 0.555454552174, 0.712875247002, 0.632034957409, 0.580833017826, 0.652235507965, 0.559883534908, 0.385593950748, 0.336416423321, 0.409541219473, 0.587830066681, 0.689763367176, 0.791129827499, 0.875259339809, 0.640323579311, 0.460957974195, 0.751616358757],
    "chords_key": "E",
    "chords_scale": "minor",
    "key_key": "B",
    "key_scale": "minor"
}
}