{
"lowlevel": {
    "average_loudness": 0.16540941596,
    "barkbands_crest": {
        "mean": 10.0368356705,
        "var": 10.7616996765
    },
    "barkbands_flatness_db": {
        "mean": 0.257522493601,
        "var": 0.00221317564137
    },
    "barkbands_kurtosis": {
        "mean": 4.28931236267,
        "var": 30.1598854065
    },
    "barkbands_skewness": {
        "mean": 1.32768821716,
        "var": 0.782285034657
    },
    "barkbands_spread": {
        "mean": 6.81461429596,
        "var": 8.52185344696
    },
    "dissonance": {
        "mean": 0.436235904694,
        "var": 0.00159621308558
    },
    "dynamic_complexity": 8.29220485687,
    "erbbands_crest": {
        "mean": 11.4864578247,
        "var": 19.6320476532
    },
    "erbbands_flatness_db": {
        "mean": 0.262519925833,
        "var": 0.00182881543878
    },
    "erbbands_kurtosis": {
        "mean": 1.85615777969,
        "var": 7.11638784409
    },
    "erbbands_skewness": {
        "mean": 0.805621027946,
        "var": 0.502929925919
    },
    "erbbands_spread": {
        "mean": 16.7601165771,
        "var": 67.4317092896
    },
    "hfc": {
        "mean": 9.37330245972,
        "var": 294.920776367
    },
    "melbands_crest": {
        "mean": 13.9180583954,
        "var": 19.9248981476
    },
    "melbands_flatness_db": {
        "mean": 0.340984910727,
        "var": 0.00403517205268
    },
    "melbands_kurtosis": {
        "mean": 6.55720043182,
        "var": 75.8911209106
    },
    "melbands_skewness": {
        "mean": 1.66480886936,
        "var": 0.971374213696
    },
    "melbands_spread": {
        "mean": 9.08638381958,
        "var": 49.7885322571
    },
    "pitch_salience": {
        "mean": 0.577004134655,
        "var": 0.00901327189058
    },
    "silence_rate_20dB": {
        "mean": 0.990221321583,
        "var": 0.00968303903937
    },
    "silence_rate_30dB": {
        "mean": 0.97272258997,
        "var": 0.0265332963318
    },
    "silence_rate_60dB": {
        "mean": 0.536284089088,
        "var": 0.24868093431
    },
    "spectral_centroid": {
        "mean": 507.858520508,
        "var": 190069.921875
    },
    "spectral_complexity": {
        "mean": 9.42563056946,
        "var": 45.3683929443
    },
    "spectral_decrease": {
        "mean": -6.70701849614e-009,
        "var": 3.18946815217e-016
    },
    "spectral_energy": {
        "mean": 0.026164021343,
        "var": 0.00473245745525
    },
    "spectral_energyband_high": {
        "mean": 8.85440658749e-006,
        "var": 2.43534664657e-010
    },
    "spectral_energyband_low": {
        "mean": 0.0098231639713,
        "var": 0.00196367036551
    },
    "spectral_energyband_middle_high": {
        "mean": 0.00253305910155,
        "var": 2.53207635978e-005
    },
    "spectral_energyband_middle_low": {
        "mean": 0.0167373940349,
        "var": 0.00119268021081
    },
    "spectral_entropy": {
        "mean": 6.58433198929,
        "var": 0.161462038755
    },
    "spectral_flux": {
        "mean": 0.0648916512728,
        "var": 0.00548523152247
    },
    "spectral_kurtosis": {
        "mean": 24.9622058868,
        "var": 459.668334961
    },
    "spectral_rms": {
        "mean": 0.00359902530909,
        "var": 1.25728683997e-005
    },
    "spectral_rolloff": {
        "mean": 603.405151367,
        "var": 743986.6875
    },
    "spectral_skewness": {
        "mean": 3.38616514206,
        "var": 1.8988442421
    },
    "spectral_spread": {
        "mean": 2068467.5,
        "var": 3.23862423142e+012
    },
    "spectral_strongpeak": {
        "mean": 0.568258583546,
        "var": 0.609129488468
    },
    "zerocrossingrate": {
        "mean": 0.023481477052,
        "var": 0.000527603027876
    },
    "barkbands": {
        "mean": [0.000387809763197, 0.00340901804157, 0.00336660654284, 0.00427887588739, 0.00467313313857, 0.00214317208156, 0.00158535130322, 0.000790339428931, 0.00278675905429, 0.000929422734771, 0.000444169156253, 0.000513367005624, 0.00048991094809, 0.000149167099153, 5.33453167009e-005, 5.84004701523e-005, 3.61198035534e-005, 3.38774261763e-005, 2.16430726141e-005, 8.64787580213e-006, 2.19332628149e-006, 1.02802641777e-006, 7.05106913301e-007, 5.99919701472e-007, 3.20275660215e-007, 6.02651155646e-008, 3.70237307479e-009],
        "var": [5.53655263502e-006, 0.000570878677536, 0.000287691596895, 0.000185218363185, 0.000122491430375, 5.22215304954e-005, 1.38235918712e-005, 3.18343222716e-006, 3.71942078345e-005, 1.30233875097e-005, 1.43883175951e-006, 1.80023550911e-006, 1.39097062402e-006, 1.65827970022e-007, 1.73869842968e-008, 2.34226931184e-008, 6.1053393452e-009, 5.27364196756e-009, 1.94962335165e-009, 3.06921932314e-010, 2.42354747382e-011, 5.68139632562e-012, 2.30810184333e-012, 3.24170616565e-012, 1.20294865649e-012, 5.71269445052e-014, 4.03119623796e-015]
    },
    "erbbands": {
        "mean": [0.142803400755, 0.623274564743, 3.24181008339, 10.8794221878, 13.3651895523, 16.9091644287, 16.3156147003, 16.7070999146, 24.2496623993, 17.8977909088, 22.8648319244, 71.5239181519, 42.5034065247, 16.5833759308, 23.0281162262, 21.7373771667, 22.2520370483, 11.9531822205, 3.96985650063, 3.38553953171, 2.35842323303, 2.10830664635, 2.05004358292, 1.40325593948, 0.791182696819, 0.430305242538, 0.152049064636, 0.0671044737101, 0.0399260260165, 0.0258168540895, 0.0194749105722, 0.0148139279336, 0.00877762027085, 0.00461394665763, 0.00165986188222, 0.000451195170172, 8.62404485815e-005, 1.04800765257e-005, 1.29223399199e-005, 2.91521828331e-005],
        "var": [1.06927263737, 19.2151107788, 306.592254639, 1245.4296875, 1108.23535156, 1133.12780762, 9519.62109375, 1285.04370117, 3428.2590332, 1235.7767334, 2798.61499023, 26813.09375, 18845.5136719, 1321.04174805, 3427.52172852, 2896.19628906, 2799.86401367, 704.006408691, 80.2485046387, 77.2788543701, 40.4338111877, 20.6615943909, 18.2308826447, 9.01396369934, 2.49541926384, 0.734287440777, 0.101070486009, 0.0213994365185, 0.00809116754681, 0.00237985746935, 0.00191132980399, 0.00167621276341, 0.000833425961901, 0.000251946097706, 3.19889222737e-005, 2.38931625063e-006, 1.29122696535e-007, 4.88642637464e-009, 1.19651144548e-009, 5.7001989795e-009]
    },
    "gfcc": {
        "mean": [-164.865692139, 196.423309326, -116.482276917, 5.98423576355, -52.719543457, -6.42883586884, -29.8144454956, -5.12792158127, -15.144944191, -13.6351480484, -0.252036452293, -16.2681999207, -4.83995723724],
        "cov": [[12250.1464844, 191.319839478, -2208.32910156, -270.931060791, -331.809814453, -294.500610352, 38.2570953369, -280.257232666, -605.086975098, -766.397338867, -396.163726807, -535.342590332, -240.408508301], [191.319839478, 983.12902832, -112.270545959, -280.882568359, 295.268096924, -134.516983032, 255.949645996, -189.165985107, 131.348083496, -124.459472656, 102.500602722, -83.9980545044, 12.7953233719], [-2208.32910156, -112.270545959, 1013.12463379, -1.4835319519, 36.931968689, 238.774185181, -46.6751937866, 72.5230941772, 73.1230239868, 279.084411621, -13.7461023331, 214.880889893, 7.30110216141], [-270.931060791, -280.882568359, -1.4835319519, 359.364013672, -9.98560714722, -15.0377569199, -110.97542572, 111.155807495, 64.765953064, 49.0963630676, 37.208316803, 22.2907161713, 82.4000320435], [-331.809814453, 295.268096924, 36.931968689, -9.98560714722, 231.833084106, -51.0937423706, 72.7842330933, -30.5057964325, 97.5660858154, -1.65330827236, 29.5506038666, -5.27176380157, 31.1066093445], [-294.500610352, -134.516983032, 238.774185181, -15.0377569199, -51.0937423706, 196.392150879, 4.35243797302, 39.2776679993, -8.08982753754, 90.9362640381, -21.1558361053, 48.893699646, -24.6595153809], [38.2570953369, 255.949645996, -46.6751937866, -110.97542572, 72.7842330933, 4.35243797302, 210.846282959, -46.8246803284, 10.4387979507, -34.1276702881, 46.199420929, -20.7794761658, -28.0771179199], [-280.257232666, -189.165985107, 72.5230941772, 111.155807495, -30.5057964325, 39.2776679993, -46.8246803284, 134.062194824, 23.6851482391, 75.3241958618, -2.16516184807, 41.6189804077, 29.382358551], [-605.086975098, 131.348083496, 73.1230239868, 64.765953064, 97.5660858154, -8.08982753754, 10.4387979507, 23.6851482391, 156.659210205, 40.5828857422, 49.9620399475, 5.35543775558, 51.3829841614], [-766.397338867, -124.459472656, 279.084411621, 49.0963630676, -1.65330827236, 90.9362640381, -34.1276702881, 75.3241958618, 40.5828857422, 166.086410522, 11.0052633286, 87.4712219238, 15.912150383], [-396.163726807, 102.500602722, -13.7461023331, 37.208316803, 29.5506038666, -21.1558361053, 46.199420929, -2.16516184807, 49.9620399475, 11.0052633286, 110.256690979, 22.3622245789, 35.9343528748], [-535.342590332, -83.9980545044, 214.880889893, 22.2907161713, -5.27176380157, 48.893699646, -20.7794761658, 41.6189804077, 5.35543775558, 87.4712219238, 22.3622245789, 113.845199585, 20.0457229614], [-240.408508301, 12.7953233719, 7.30110216141, 82.4000320435, 31.1066093445, -24.6595153809, -28.0771179199, 29.382358551, 51.3829841614, 15.912150383, 35.9343528748, 20.0457229614, 77.0424118042]],
        "icov": [[0.000244133669185, -0.000513906707056, 0.000598059792537, -0.000456237816252, 0.000321530154906, -0.000449387938716, 0.000106207000499, 1.18776224554e-005, 0.00062330608489, 0.000109723179776, 0.00109217152931, -0.00041076116031, 0.000198056994122], [-0.000513906707056, 0.00612489040941, -0.00185494276229, 0.00455573061481, -0.00400916999206, 0.00224592606537, -0.00216495408677, 0.00199511647224, -0.00351696508005, 0.00113813835196, -0.00509323831648, 0.00323651032522, -0.00288584595546], [0.000598059792537, -0.00185494276229, 0.0044107674621, -0.0014714236604, 0.000615488621406, -0.00299584772438, 0.000772771774791, 0.00131339766085, 0.000593562435824, -0.00236378260888, 0.0044559952803, -0.00491506885737, 0.00119617732707], [-0.000456237816252, 0.00455573061481, -0.0014714236604, 0.00885366462171, -0.00326088978909, 0.00167441251688, 0.000895033299457, -0.00227873469703, -0.00300562754273, 0.0010384687921, -0.00623216247186, 0.00379032082856, -0.0047516929917], [0.000321530154906, -0.00400916999206, 0.000615488621406, -0.00326088978909, 0.0109801171347, 0.00130903883837, -0.00213930709288, 0.00101296906359, -0.00255553633906, -0.00140667590313, 0.00623207027093, -0.00275845290162, -0.000275925616734], [-0.000449387938716, 0.00224592606537, -0.00299584772438, 0.00167441251688, 0.00130903883837, 0.0108613735065, -0.00300431693904, -0.000305985944578, -0.00208471110091, -0.00295373704284, -0.00107535067946, 0.00230501429178, 0.000589767703786], [0.000106207000499, -0.00216495408677, 0.000772771774791, 0.000895033299457, -0.00213930709288, -0.00300431693904, 0.0100496318191, -0.00234218197875, 0.00192740140483, 0.00141148793045, -0.00462381681427, 5.85233756283e-005, 0.00468276999891], [1.18776224554e-005, 0.00199511647224, 0.00131339766085, -0.00227873469703, 0.00101296906359, -0.000305985944578, -0.00234218197875, 0.0161910932511, -0.00258503621444, -0.00572408223525, 0.00346938078292, -0.0021907996852, -0.0036588718649], [0.00062330608489, -0.00351696508005, 0.000593562435824, -0.00300562754273, -0.00255553633906, -0.00208471110091, 0.00192740140483, -0.00258503621444, 0.0164628010243, -0.00304306019098, -0.000916073448025, 0.00419852044433, -0.0032760493923], [0.000109723179776, 0.00113813835196, -0.00236378260888, 0.0010384687921, -0.00140667590313, -0.00295373704284, 0.00141148793045, -0.00572408223525, -0.00304306019098, 0.0189463887364, -0.00236919452436, -0.0051597179845, 0.00215063500218], [0.00109217152931, -0.00509323831648, 0.0044559952803, -0.00623216247186, 0.00623207027093, -0.00107535067946, -0.00462381681427, 0.00346938078292, -0.000916073448025, -0.00236919452436, 0.0240844413638, -0.00950809754431, -0.00303076044656], [-0.00041076116031, 0.00323651032522, -0.00491506885737, 0.00379032082856, -0.00275845290162, 0.00230501429178, 5.85233756283e-005, -0.0021907996852, 0.00419852044433, -0.0051597179845, -0.00950809754431, 0.0242127534002, -0.0062986635603], [0.000198056994122, -0.00288584595546, 0.00119617732707, -0.0047516929917, -0.000275925616734, 0.000589767703786, 0.00468276999891, -0.0036588718649, -0.0032760493923, 0.00215063500218, -0.00303076044656, -0.0062986635603, 0.0272413492203]]
    },
    "melbands": {
        "mean": [0.00106179958675, 0.00136552250478, 0.00186336401384, 0.00119188951794, 0.000559798965696, 0.000381528050639, 0.000361072627129, 0.000184254458873, 0.000219476904022, 0.000447003374575, 0.000200450595003, 6.47529304842e-005, 6.98850708432e-005, 6.54323230265e-005, 4.61234230897e-005, 4.65861157863e-005, 1.92309580598e-005, 6.42804934614e-006, 3.75661375074e-006, 5.03177125211e-006, 2.19698199544e-006, 2.09398967854e-006, 2.20931428885e-006, 1.46843831317e-006, 1.13363626042e-006, 6.76502679653e-007, 3.90638604131e-007, 2.60254552131e-007, 1.04828274061e-007, 5.26773646925e-008, 3.34754766129e-008, 2.33773498337e-008, 1.72264034148e-008, 1.31011290705e-008, 1.11146611914e-008, 1.06857500626e-008, 8.26806800802e-009, 6.30492857923e-009, 5.06916553178e-009, 3.50964057816e-009],
        "var": [5.69170369999e-005, 5.73833058297e-005, 3.42977582477e-005, 5.34133732799e-006, 8.37731931824e-006, 8.56620204104e-007, 7.05963259406e-007, 1.30341760496e-007, 2.85665493038e-007, 1.01956914023e-006, 4.78616072996e-007, 2.28715197892e-008, 3.5064772419e-008, 2.70508397904e-008, 1.27823422957e-008, 1.15209219942e-008, 2.27822538612e-009, 2.57367099854e-010, 8.72068875446e-011, 1.7651062556e-010, 4.49933250379e-011, 2.19890789604e-011, 2.0594592004e-011, 1.03734052598e-011, 6.62515918862e-012, 1.82063977609e-012, 6.9490734781e-013, 2.74515924315e-013, 4.81166078118e-014, 1.72125090873e-014, 5.54196504971e-015, 3.06048419843e-015, 1.43352999488e-015, 5.97542992531e-016, 5.99708591079e-016, 8.5157929072e-016, 5.61666594412e-016, 4.2303927644e-016, 3.30100333308e-016, 1.50946512217e-016]
    },
    "mfcc": {
        "mean": [-798.360351563, 212.500289917, 4.56892061234, 12.2422609329, 0.473870784044, -7.14552021027, -0.767160952091, -1.21372520924, -8.71843338013, -0.549954652786, -1.35835790634, -0.559213340282, -2.95057940483],
        "cov": [[9645.23730469, 1170.72814941, -2584.40893555, 192.976882935, -783.207336426, -169.487411499, 14.1459989548, 226.877227783, -310.235687256, -167.326095581, -207.219314575, -243.403396606, -609.036987305], [1170.72814941, 867.499023438, -321.454071045, -89.9734115601, -84.3272857666, 42.567489624, 78.3162536621, 31.6369495392, -22.7422351837, -44.9498405457, 7.56590795517, -22.2659225464, -61.8598480225], [-2584.40893555, -321.454071045, 1149.34191895, -183.00894165, 186.26008606, 193.488693237, 4.74186992645, -48.4534645081, 98.9998931885, 24.2049541473, 82.2433776855, 87.4085922241, 154.394195557], [192.976882935, -89.9734115601, -183.00894165, 284.582946777, 91.6112823486, -83.4163894653, -31.8704090118, -3.47505950928, 24.0811138153, 28.4778251648, -34.4120330811, -3.03755640984, 28.5296382904], [-783.207336426, -84.3272857666, 186.26008606, 91.6112823486, 253.436828613, -0.74476480484, -71.1694259644, -41.752456665, 82.3249664307, 40.7468833923, -7.8009223938, 19.0192165375, 78.8103790283], [-169.487411499, 42.567489624, 193.488693237, -83.4163894653, -0.74476480484, 152.824829102, 35.6081123352, 5.02365922928, 21.7021865845, 3.21548032761, 40.5602035522, 21.419626236, -1.47802507877], [14.1459989548, 78.3162536621, 4.74186992645, -31.8704090118, -71.1694259644, 35.6081123352, 104.618980408, 38.1333312988, -21.4985733032, -7.76008176804, 22.9175186157, 8.95429229736, 0.34476801753], [226.877227783, 31.6369495392, -48.4534645081, -3.47505950928, -41.752456665, 5.02365922928, 38.1333312988, 60.8796234131, -0.451832354069, -5.14395809174, 8.51257324219, 0.282488018274, -9.80807113647], [-310.235687256, -22.7422351837, 98.9998931885, 24.0811138153, 82.3249664307, 21.7021865845, -21.4985733032, -0.451832354069, 89.2916641235, 47.2420578003, 12.6832351685, 11.5209474564, 28.7202262878], [-167.326095581, -44.9498405457, 24.2049541473, 28.4778251648, 40.7468833923, 3.21548032761, -7.76008176804, -5.14395809174, 47.2420578003, 73.3809738159, 26.8014431, 1.50792038441, 12.7664861679], [-207.219314575, 7.56590795517, 82.2433776855, -34.4120330811, -7.8009223938, 40.5602035522, 22.9175186157, 8.51257324219, 12.6832351685, 26.8014431, 61.7742462158, 22.2518463135, 8.15409088135], [-243.403396606, -22.2659225464, 87.4085922241, -3.03755640984, 19.0192165375, 21.419626236, 8.95429229736, 0.282488018274, 11.5209474564, 1.50792038441, 22.2518463135, 47.823425293, 37.7593269348], [-609.036987305, -61.8598480225, 154.394195557, 28.5296382904, 78.8103790283, -1.47802507877, 0.34476801753, -9.80807113647, 28.7202262878, 12.7664861679, 8.15409088135, 37.7593269348, 99.7936706543]],
        "icov": [[0.000569403811824, -0.000397865485866, 0.000819110369775, -0.00044590482139, 0.000954260118306, -0.00117431231774, 0.00149721337948, -0.00151712086517, 0.000669615343213, -0.000587934278883, 0.00135855411645, -0.000642492959742, 0.00117793946993], [-0.000397865485866, 0.00208656932227, 0.000470710423542, 0.0012313418556, -0.00139288743958, 0.000245425122557, -0.00275872997008, 0.00194021116477, -0.00206070044078, 0.00259921397083, -0.00215425435454, 0.0012905607, -0.000962894875556], [0.000819110369775, 0.000470710423542, 0.0037206353154, 0.00108193291817, 9.01513994904e-005, -0.00348622957245, 0.00110821879935, -0.000656683172565, -0.000852419470903, 0.0013284063898, 0.000127773018903, -0.00029380506021, -0.000789939251263], [-0.00044590482139, 0.0012313418556, 0.00108193291817, 0.00692923460156, -0.00379954464734, 0.00218203873374, -0.00277339085005, 0.000711746339221, -0.000907219713554, -0.000972441630438, 0.000980636803433, -0.000939262856264, -0.00183968560304], [0.000954260118306, -0.00139288743958, 9.01513994904e-005, -0.00379954464734, 0.0122848162428, -0.00288353324868, 0.00747368298471, -0.000131225169753, -0.00372772105038, -0.00145630852785, 0.0034026899375, 0.000650142203085, -0.0031408991199], [-0.00117431231774, 0.000245425122557, -0.00348622957245, 0.00218203873374, -0.00288353324868, 0.0148740652949, -0.00706224469468, 0.00443490035832, -0.00493310438469, 0.00333223468624, -0.00639864150435, -0.00181197538041, 0.00291486899368], [0.00149721337948, -0.00275872997008, 0.00110821879935, -0.00277339085005, 0.00747368298471, -0.00706224469468, 0.0238209851086, -0.0137298032641, 0.00789898075163, -0.00537976250052, 0.0023785692174, -0.00107319711242, -0.0023062012624], [-0.00151712086517, 0.00194021116477, -0.000656683172565, 0.000711746339221, -0.000131225169753, 0.00443490035832, -0.0137298032641, 0.0302029363811, -0.0116310343146, 0.00915833655745, -0.00849435199052, 0.00326485955156, -0.00242405524477], [0.000669615343213, -0.00206070044078, -0.000852419470903, -0.000907219713554, -0.00372772105038, -0.00493310438469, 0.00789898075163, -0.0116310343146, 0.029960911721, -0.0193233042955, 0.00856562610716, -0.00536335725337, 0.00126667402219], [-0.000587934278883, 0.00259921397083, 0.0013284063898, -0.000972441630438, -0.00145630852785, 0.00333223468624, -0.00537976250052, 0.00915833655745, -0.0193233042955, 0.035123039037, -0.0213459972292, 0.0118632148951, -0.00331265316345], [0.00135855411645, -0.00215425435454, 0.000127773018903, 0.000980636803433, 0.0034026899375, -0.00639864150435, 0.0023785692174, -0.00849435199052, 0.00856562610716, -0.0213459972292, 0.0394948907197, -0.0182865299284, 0.00681039271876], [-0.000642492959742, 0.0012905607, -0.00029380506021, -0.000939262856264, 0.000650142203085, -0.00181197538041, -0.00107319711242, 0.00326485955156, -0.00536335725337, 0.0118632148951, -0.0182865299284, 0.0424143336713, -0.0171421188861], [0.00117793946993, -0.000962894875556, -0.000789939251263, -0.00183968560304, -0.0031408991199, 0.00291486899368, -0.0023062012624, -0.00242405524477, 0.00126667402219, -0.00331265316345, 0.00681039271876, -0.0171421188861, 0.0266430657357]]
    },
    "spectral_contrast_coeffs": {
        "mean": [-0.623939394951, -0.753773331642, -0.786918997765, -0.805973410606, -0.824563145638, -0.804714977741],
        "var": [0.0146899092942, 0.00327045889571, 0.00453521078452, 0.00279343663715, 0.00117807614151, 0.00139499327634]
    },
    "spectral_contrast_valleys": {
        "mean": [-7.89157915115, -6.81652593613, -7.75008058548, -8.88661956787, -9.47854614258, -12.9481554031],
        "var": [1.28947389126, 1.82688140869, 1.95619523525, 2.01353144646, 1.96517002583, 1.3869664669]
    }
},
"metadata": {
    "audio_properties": {
        "analysis_sample_rate": 44100,
        "bit_rate": 93723,
        "equal_loudness": 0,
        "length": 45.0873451233,
        "lossless": 0,
        "replay_gain": -2.30633544922,
        "sample_rate": 44100,
        "codec": "mp3",
        "downmix": "mix",
        "md5_encoded": "4e4594e10df4b79f08c13a0b880d94d9"
    },
    "tags": {
        "file_name": "161.mp3"
    },
    "version": {
        "essentia": "2.1-beta2",
        "essentia_git_sha": "v2.1_beta2",
        "extractor": "music 1.0"
    }
},
"rhythm": {
    "beats_count": 107,
    "beats_loudness": {
        "mean": 0.0438040234149,
        "var": 0.0136110782623
    },
    "bpm": 144.110122681,
    "bpm_histogram_first_peak_bpm": {
        "mean": 144,
        "var": 0
    },
    "bpm_histogram_first_peak_spread": {
        "mean": 0.463157862425,
        "var": 0
    },
    "bpm_histogram_first_peak_weight": {
        "mean": 0.481132090092,
        "var": 0
    },
    "bpm_histogram_second_peak_bpm": {
        "mean": 152,
        "var": 0
    },
    "bpm_histogram_second_peak_spread": {
        "mean": 0,
        "var": 0
    },
    "bpm_histogram_second_peak_weight": {
        "mean": 0.0660377368331,
        "var": 0
    },
    "danceability": 1.11942386627,
    "onset_rate": 2.03969597816,
    "beats_loudness_band_ratio": {
        "mean": [0.42482855916, 0.303677737713, 0.251104682684, 0.0744725167751, 0.0129558267072, 0.00172561057843],
        "var": [0.036081019789, 0.0278900321573, 0.0188805945218, 0.00590118998662, 0.000188770063687, 3.05702019432e-006]
    },
    "beats_position": [0.441179126501, 0.893968224525, 1.34675729275, 1.77632653713, 2.20589566231, 2.62385487556, 3.05342388153, 3.48299312592, 3.9125623703, 4.34213161469, 4.77170038223, 5.20126962662, 5.61922883987, 6.03718805313, 6.45514726639, 6.86149644852, 7.26784563065, 7.6858048439, 8.10376358032, 8.52172279358, 8.93968200684, 9.35764122009, 9.77560043335, 10.1935596466, 10.623128891, 11.0410881042, 11.4590473175, 11.8770065308, 12.294965744, 12.7245349884, 13.1424942017, 13.5604534149, 13.966802597, 14.3731517792, 14.7795009613, 15.1974601746, 15.6154193878, 16.0333786011, 16.4513378143, 16.8576869965, 17.2756462097, 17.6819953918, 18.0999546051, 18.5295238495, 18.9474830627, 19.365442276, 19.7834014893, 20.1897506714, 20.6077098846, 21.0140590668, 21.4204082489, 21.826757431, 22.2447166443, 22.6626758575, 23.0806350708, 23.4985942841, 23.9165534973, 24.3345127106, 24.7524719238, 25.1704311371, 25.5883903503, 26.0063495636, 26.4243087769, 26.830657959, 27.2370071411, 27.6433563232, 28.0497055054, 28.4676647186, 28.8856239319, 29.3035831451, 29.7215423584, 30.1162815094, 30.5226306915, 30.9289798737, 31.3469390869, 31.7648983002, 32.1828575134, 32.5892066956, 32.9955558777, 33.4135131836, 33.8314743042, 34.2378234863, 34.6441726685, 35.0389099121, 35.4336509705, 35.8516082764, 36.269569397, 36.6759185791, 37.0822677612, 37.4886169434, 37.8949661255, 38.3013153076, 38.7076644897, 39.1024017334, 39.4971427917, 39.8918800354, 40.2866210938, 40.6929702759, 41.1109275818, 41.5288887024, 41.9584579468, 42.3880271912, 42.8175964355, 43.2587738037, 43.6999549866, 44.129524231, 44.5590934753]
},
"tonal": {
    "chords_changes_rate": 0.047325104475,
    "chords_number_rate": 0.00617283955216,
    "chords_strength": {
        "mean": 0.554046273232,
        "var": 0.0107729509473
    },
    "hpcp_entropy": {
        "mean": 2.27912712097,
        "var": 0.495231151581
    },
    "key_strength": 0.765319764614,
    "tuning_diatonic_strength": 0.627186238766,
    "tuning_equal_tempered_deviation": 0.241249293089,
    "tuning_frequency": 434.193115234,
    "tuning_nontempered_energy_ratio": 0.911142468452,
    "hpcp": {
        "mean": [0.439524114132, 0.475493371487, 0.282958596945, 0.0972302407026, 0.0522527433932, 0.0511546656489, 0.0375607274473, 0.0285831950605, 0.0457796044648, 0.0752267464995, 0.0684680789709, 0.0431355684996, 0.0470429696143, 0.0591399520636, 0.0974619686604, 0.220807686448, 0.278206706047, 0.22560928762, 0.190721601248, 0.156712412834, 0.164988905191, 0.226133570075, 0.253181219101, 0.22989076376, 0.211130052805, 0.177021622658, 0.120363220572, 0.0879579782486, 0.0639339163899, 0.0789145454764, 0.188756451011, 0.223839983344, 0.12756241858, 0.0692627280951, 0.103388987482, 0.247167423368],
        "var": [0.113612279296, 0.108622066677, 0.0954972654581, 0.0315762124956, 0.0140740973875, 0.00618877122179, 0.0033064885065, 0.0030233329162, 0.00521326251328, 0.0154131567106, 0.0146590583026, 0.00697381608188, 0.00897810701281, 0.0155794173479, 0.0278164483607, 0.0781022980809, 0.100145362318, 0.0653683543205, 0.0662159100175, 0.0541957989335, 0.0524840690196, 0.0722177401185, 0.0796927958727, 0.0653942748904, 0.0746589750051, 0.0633646845818, 0.0388819798827, 0.0258019790053, 0.0128505788743, 0.0181431043893, 0.0746316760778, 0.0977966934443, 0.0355348438025, 0.0159043166786, 0.0302631184459, 0.086613766849]
    },
    "chords_histogram": [50, 6.06995868683, 23.4567909241, 4.73251008987, 0, 0.205761313438, 0, 0, 0, 14.4032926559, 0, 0, 0, 0, 0, 0, 0, 0, 0, 0, 1.13168728352, 0, 0, 0],
    "thpcp": [1, 0.595084190369, 0.204482853413, 0.109891630709, 0.107582286, 0.0789931640029, 0.0601127110422, 0.096278116107, 0.158207774162, 0.143993765116, 0.0907174944878, 0.0989350676537, 0.124375976622, 0.204970195889, 0.464375942945, 0.585090637207, 0.474474102259, 0.401102542877, 0.32957854867, 0.346984654665, 0.47557669878, 0.532460033894, 0.483478367329, 0.444023132324, 0.372290402651, 0.253133326769, 0.184982553124, 0.134458065033, 0.165963500738, 0.396969676018, 0.470753103495, 0.268273800611, 0.145664975047, 0.217435181141, 0.519812524319, 0.924353837967],
    "chords_key": "D",
    "chords_scale": "minor",
    "key_key": "D",
    "key_scale": "minor"
}
}