{
"lowlevel": {
    "average_loudness": 0.855167090893,
    "barkbands_crest": {
        "mean": 12.0175800323,
        "var": 13.5985069275
    },
    "barkbands_flatness_db": {
        "mean": 0.215122058988,
        "var": 0.00294976076111
    },
    "barkbands_kurtosis": {
        "mean": 12.387260437,
        "var": 364.674133301
    },
    "barkbands_skewness": {
        "mean": 2.06893348694,
        "var": 2.67346477509
    },
    "barkbands_spread": {
        "mean": 11.0999097824,
        "var": 96.778175354
    },
    "dissonance": {
        "mean": 0.408232718706,
        "var": 0.00225981930271
    },
    "dynamic_complexity": 2.08770179749,
    "erbbands_crest": {
        "mean": 14.7148971558,
        "var": 33.0710945129
    },
    "erbbands_flatness_db": {
        "mean": 0.206869915128,
        "var": 0.00187365710735
    },
    "erbbands_kurtosis": {
        "mean": 6.13775396347,
        "var": 95.2415771484
    },
    "erbbands_skewness": {
        "mean": 1.37512528896,
        "var": 1.79292011261
    },
    "erbbands_spread": {
        "mean": 25.3287734985,
        "var": 429.572052002
    },
    "hfc": {
        "mean": 15.8686389923,
        "var": 139.033416748
    },
    "melbands_crest": {
        "mean": 14.3380022049,
        "var": 19.1204719543
    },
    "melbands_flatness_db": {
        "mean": 0.290454775095,
        "var": 0.00432936288416
    },
    "melbands_kurtosis": {
        "mean": 18.3090286255,
        "var": 666.875732422
    },
    "melbands_skewness": {
        "mean": 2.3780374527,
        "var": 3.29677414894
    },
    "melbands_spread": {
        "mean": 12.8233346939,
        "var": 128.385452271
    },
    "pitch_salience": {
        "mean": 0.514271080494,
        "var": 0.0123565895483
    },
    "silence_rate_20dB": {
        "mean": 1,
        "var": 0
    },
    "silence_rate_30dB": {
        "mean": 0.985581874847,
        "var": 0.0142102558166
    },
    "silence_rate_60dB": {
        "mean": 0.0113285277039,
        "var": 0.0111998971552
    },
    "spectral_centroid": {
        "mean": 740.077392578,
        "var": 175527.296875
    },
    "spectral_complexity": {
        "mean": 10.184346199,
        "var": 9.8290605545
    },
    "spectral_decrease": {
        "mean": -8.49658121638e-009,
        "var": 3.66266807124e-017
    },
    "spectral_energy": {
        "mean": 0.0335073247552,
        "var": 0.000543385162018
    },
    "spectral_energyband_high": {
        "mean": 0.000304821849568,
        "var": 8.06327307146e-007
    },
    "spectral_energyband_low": {
        "mean": 0.00877171382308,
        "var": 0.000312435149681
    },
    "spectral_energyband_middle_high": {
        "mean": 0.00568065186962,
        "var": 5.09438214067e-005
    },
    "spectral_energyband_middle_low": {
        "mean": 0.0197208225727,
        "var": 0.00022121987422
    },
    "spectral_entropy": {
        "mean": 6.59284353256,
        "var": 0.271958619356
    },
    "spectral_flux": {
        "mean": 0.0639190673828,
        "var": 0.00171946699265
    },
    "spectral_kurtosis": {
        "mean": 7.46542072296,
        "var": 26.3618526459
    },
    "spectral_rms": {
        "mean": 0.00540875876322,
        "var": 3.43545116266e-006
    },
    "spectral_rolloff": {
        "mean": 797.183898926,
        "var": 1049357.125
    },
    "spectral_skewness": {
        "mean": 2.25870728493,
        "var": 0.448137491941
    },
    "spectral_spread": {
        "mean": 4804774.5,
        "var": 4.10832417587e+012
    },
    "spectral_strongpeak": {
        "mean": 1.56342458725,
        "var": 2.56606221199
    },
    "zerocrossingrate": {
        "mean": 0.0372247807682,
        "var": 0.000741698313504
    },
    "barkbands": {
        "mean": [5.87189206271e-005, 0.0070065758191, 0.0011051024776, 0.00171442062128, 0.00812010560185, 0.00592380994931, 0.00220544845797, 0.000457657850347, 0.000562861096114, 0.00256378669292, 0.00105419708416, 0.000488521705847, 0.00123494386207, 0.000106786690594, 0.000236983119976, 4.81215829495e-005, 4.7485165851e-005, 6.30769354757e-005, 0.000179177135578, 6.09873532085e-005, 5.51713965251e-005, 2.10705638892e-005, 4.18278577854e-005, 5.88706461713e-005, 7.33573542675e-005, 1.75434270204e-005, 7.71811357936e-007],
        "var": [1.77460766082e-008, 0.000250638870057, 3.82527468901e-006, 7.63998014008e-006, 7.9313533206e-005, 4.61189520138e-005, 1.09038428491e-005, 7.60277487188e-007, 2.28499993682e-006, 1.5600478946e-005, 1.35964610308e-005, 2.51002506957e-006, 1.33568546516e-005, 2.05536025533e-007, 5.35071251306e-007, 2.793382059e-008, 9.28795618194e-009, 1.9888121372e-008, 5.3116185228e-008, 6.82581413614e-009, 7.57296536591e-009, 1.01172048517e-008, 3.20355546535e-008, 9.53560501671e-008, 1.17791884691e-007, 9.69066604739e-009, 1.2077162187e-011]
    },
    "erbbands": {
        "mean": [0.127923801541, 1.77238738537, 2.1139383316, 3.37800598145, 15.0168609619, 30.7542533875, 42.6107444763, 43.1054725647, 39.4228210449, 13.6131162643, 10.0243968964, 15.7864208221, 45.7729682922, 72.7963104248, 50.5687637329, 29.9412002563, 61.8027992249, 9.11738872528, 14.9893722534, 3.38795781136, 3.3096306324, 2.17177081108, 2.40166258812, 6.57297325134, 9.22260951996, 3.05178260803, 3.55126523972, 1.10675323009, 0.842598617077, 0.755865156651, 1.35298657417, 1.17280077934, 1.09945702553, 0.982576191425, 0.382410675287, 0.130132034421, 0.0223160628229, 0.00345102348365, 0.000106710227556, 4.17377232225e-005],
        "var": [0.092120654881, 16.22514534, 15.5470352173, 29.3101272583, 238.639419556, 1495.60217285, 2304.18261719, 2748.36669922, 2758.07226563, 318.823364258, 372.063690186, 1587.42895508, 8049.53759766, 16664.1972656, 28999.9609375, 4561.296875, 32756.1835938, 757.312194824, 2164.52416992, 49.8864173889, 105.210655212, 18.7790317535, 21.2465267181, 117.583396912, 180.351318359, 11.9929790497, 19.3418807983, 7.60869407654, 17.1673202515, 10.1801128387, 35.168258667, 28.5234298706, 45.2423210144, 25.0706806183, 2.66559290886, 0.603588700294, 0.0102019608021, 0.000160552779562, 1.31973067141e-007, 9.39708311165e-010]
    },
    "gfcc": {
        "mean": [-30.4734210968, 109.36681366, -82.6885528564, 22.3157367706, -72.2892074585, 4.97636556625, -40.19323349, 4.26336240768, -44.2549591064, -0.287305980921, -5.62769079208, -0.187498852611, -1.80728602409],
        "cov": [[3076.97802734, -289.792449951, -538.636291504, -163.150482178, 118.084754944, 421.235137939, 78.4337997437, 298.293457031, -279.757049561, 46.2317237854, 136.09967041, -77.8539276123, -8.88204193115], [-289.792449951, 784.16796875, 219.437988281, 4.6816163063, 107.88130188, -39.8391075134, 177.68963623, -129.16027832, 120.023643494, 22.4247875214, 90.5252227783, 5.74660205841, 39.1009025574], [-538.636291504, 219.437988281, 871.798706055, 266.041015625, -71.7857208252, -175.135772705, -42.9801483154, 8.26440429688, 292.967498779, -1.85872089863, -32.6947135925, 152.920669556, 8.63287734985], [-163.150482178, 4.6816163063, 266.041015625, 487.531768799, 94.2089004517, -153.001205444, -38.5926437378, 49.4629516602, 252.084274292, -2.52235412598, -43.0805778503, 45.1305503845, -5.39648246765], [118.084754944, 107.88130188, -71.7857208252, 94.2089004517, 355.640625, 187.834014893, 68.9325637817, 66.278968811, 58.2591819763, 55.9522018433, 15.9151201248, 14.7276916504, 4.18549823761], [421.235137939, -39.8391075134, -175.135772705, -153.001205444, 187.834014893, 516.079345703, 209.183044434, -5.89653968811, -144.681243896, 84.1919631958, 56.3213768005, -26.526884079, -7.61239624023], [78.4337997437, 177.68963623, -42.9801483154, -38.5926437378, 68.9325637817, 209.183044434, 307.151367188, 13.7565870285, -68.4144058228, 42.6423873901, 64.9992370605, -45.9735794067, 5.64692544937], [298.293457031, -129.16027832, 8.26440429688, 49.4629516602, 66.278968811, -5.89653968811, 13.7565870285, 365.771453857, 85.298500061, -39.0300369263, 5.39878606796, 13.4655399323, 7.17718935013], [-279.757049561, 120.023643494, 292.967498779, 252.084274292, 58.2591819763, -144.681243896, -68.4144058228, 85.298500061, 342.993927002, 1.62898445129, -61.4677009583, 80.4296035767, -8.4144744873], [46.2317237854, 22.4247875214, -1.85872089863, -2.52235412598, 55.9522018433, 84.1919631958, 42.6423873901, -39.0300369263, 1.62898445129, 145.011917114, 51.1288604736, 14.8444356918, 0.354314088821], [136.09967041, 90.5252227783, -32.6947135925, -43.0805778503, 15.9151201248, 56.3213768005, 64.9992370605, 5.39878606796, -61.4677009583, 51.1288604736, 140.689605713, -1.2951053381, 1.8788459301], [-77.8539276123, 5.74660205841, 152.920669556, 45.1305503845, 14.7276916504, -26.526884079, -45.9735794067, 13.4655399323, 80.4296035767, 14.8444356918, -1.2951053381, 131.953323364, 36.8667640686], [-8.88204193115, 39.1009025574, 8.63287734985, -5.39648246765, 4.18549823761, -7.61239624023, 5.64692544937, 7.17718935013, -8.4144744873, 0.354314088821, 1.8788459301, 36.8667640686, 111.716873169]],
        "icov": [[0.000513595121447, -0.000346717977664, 0.000306925328914, -0.000473810738185, 0.000462527154014, -0.000696117349435, 0.000603552674875, -0.000768007943407, 0.000607565161772, -0.000257582112681, -1.53150322149e-005, -0.00016796089767, 0.000171913590748], [-0.000346717977664, 0.00471134204417, -0.00137714296579, 0.0030947944615, -0.00346577563323, 0.00293631711975, -0.00390095426701, 0.00361102400348, -0.00413321144879, 0.00233560521156, -0.00379461259581, 0.00218356982805, -0.00210098759271], [0.000306925328914, -0.00137714296579, 0.0026227820199, -0.00158200250007, 0.00202869297937, -0.00110088195652, 0.000735309848096, -0.000985974213108, -2.4274597763e-006, -0.000519651686773, 0.000775608583353, -0.00254040583968, 0.000929224712308], [-0.000473810738185, 0.0030947944615, -0.00158200250007, 0.00603021867573, -0.003793067066, 0.00327046471648, -0.00309998425655, 0.00283250794746, -0.00481176469475, 0.00162756303325, -0.00226533366367, 0.00219285092317, -0.00142075959593], [0.000462527154014, -0.00346577563323, 0.00202869297937, -0.003793067066, 0.0076269460842, -0.00463654613122, 0.003192078555, -0.00337289390154, 0.00182779680472, -0.00239407317713, 0.00237428979017, -0.00210330914706, 0.00116289162543], [-0.000696117349435, 0.00293631711975, -0.00110088195652, 0.00327046471648, -0.00463654613122, 0.00679211923853, -0.00500427884981, 0.002677553799, -0.00136942917015, 0.000223619586905, -0.00112730322871, 0.00037592856097, -0.000331501069013], [0.000603552674875, -0.00390095426701, 0.000735309848096, -0.00309998425655, 0.003192078555, -0.00500427884981, 0.0088614821434, -0.00356148788705, 0.00355826644227, -0.00203953846358, 0.0011281541083, 0.000744270626456, 0.000536948558874], [-0.000768007943407, 0.00361102400348, -0.000985974213108, 0.00283250794746, -0.00337289390154, 0.002677553799, -0.00356148788705, 0.0065953345038, -0.0048668673262, 0.00344538735226, -0.00357822258957, 0.00164048245642, -0.00190546247177], [0.000607565161772, -0.00413321144879, -2.4274597763e-006, -0.00481176469475, 0.00182779680472, -0.00136942917015, 0.00355826644227, -0.0048668673262, 0.0115052936599, -0.00365864485502, 0.00575648713857, -0.00403575692326, 0.00334687507711], [-0.000257582112681, 0.00233560521156, -0.000519651686773, 0.00162756303325, -0.00239407317713, 0.000223619586905, -0.00203953846358, 0.00344538735226, -0.00365864485502, 0.0108858440071, -0.00542262103409, 0.000286257883999, -0.00104584952351], [-1.53150322149e-005, -0.00379461259581, 0.000775608583353, -0.00226533366367, 0.00237428979017, -0.00112730322871, 0.0011281541083, -0.00357822258957, 0.00575648713857, -0.00542262103409, 0.0132738742977, -0.00314900255762, 0.00243133539334], [-0.00016796089767, 0.00218356982805, -0.00254040583968, 0.00219285092317, -0.00210330914706, 0.00037592856097, 0.000744270626456, 0.00164048245642, -0.00403575692326, 0.000286257883999, -0.00314900255762, 0.0138701740652, -0.00534306606278], [0.000171913590748, -0.00210098759271, 0.000929224712308, -0.00142075959593, 0.00116289162543, -0.000331501069013, 0.000536948558874, -0.00190546247177, 0.00334687507711, -0.00104584952351, 0.00243133539334, -0.00534306606278, 0.011566628702]]
    },
    "melbands": {
        "mean": [0.00163149647415, 0.00165650667623, 0.000806016556453, 0.00186220661271, 0.00145029695705, 0.00100993458182, 0.000562760455068, 0.000126107886899, 8.27221738291e-005, 9.70376058831e-005, 0.000234647930483, 0.000307362905005, 0.000153483910253, 8.57203776832e-005, 0.000130418266053, 8.07354954304e-005, 1.13809974209e-005, 2.33956925513e-005, 8.73482258612e-006, 3.29418003275e-006, 3.97693656851e-006, 2.26628981181e-006, 2.24579275709e-006, 2.62603111878e-006, 5.14530529472e-006, 8.28900283523e-006, 2.87139664579e-006, 1.76613036729e-006, 3.00246642837e-006, 1.04093157915e-006, 4.20966472348e-007, 4.73371017051e-007, 3.88031367038e-007, 4.27366586564e-007, 7.83056862019e-007, 7.6959213402e-007, 6.82257166318e-007, 7.48876971102e-007, 8.81030189248e-007, 7.92633159108e-007],
        "var": [1.43160041262e-005, 1.15337061288e-005, 1.12575514777e-006, 5.54760845262e-006, 2.38432880906e-006, 1.46434979342e-006, 6.11457210198e-007, 3.03635232513e-008, 2.77471361443e-008, 6.99606843568e-008, 2.05750893656e-007, 3.31815186883e-007, 2.79409221093e-007, 6.6128663434e-008, 1.18663137982e-007, 5.37201856332e-008, 2.14966489054e-009, 5.36264677109e-009, 5.17430764901e-010, 9.88581855266e-011, 1.49471504618e-010, 2.42259112077e-011, 2.91067968339e-011, 2.87800200338e-011, 9.45690400989e-011, 1.35605360274e-010, 2.12336606631e-011, 4.32807826037e-012, 1.48913208153e-011, 5.06384040602e-012, 1.74463221647e-012, 5.97758561399e-012, 3.60805179137e-012, 3.1475857077e-012, 1.13124024037e-011, 1.30455481487e-011, 1.10449635549e-011, 2.72714160282e-011, 2.75873091732e-011, 1.46697046871e-011]
    },
    "mfcc": {
        "mean": [-690.682861328, 142.205886841, 36.9348526001, 23.644449234, -2.7379295826, -8.35581588745, 11.6735935211, -7.71048355103, -14.4582767487, -3.0069372654, -13.9236841202, -10.3229484558, 0.0461616851389],
        "cov": [[2613.64819336, -316.761688232, -508.537628174, -323.30178833, 106.651489258, -115.596618652, 447.210021973, 94.8690032959, -2.03729629517, 215.462997437, -50.2165031433, 58.4240608215, -20.366979599], [-316.761688232, 812.140930176, 108.50894165, -13.5012102127, -78.8332290649, 132.854660034, 46.4836158752, -5.78472137451, -4.40342330933, -5.19636535645, 89.4106445313, 19.2586765289, 36.9226493835], [-508.537628174, 108.50894165, 714.300170898, 198.971710205, -26.0120773315, 20.4290599823, -221.437774658, 35.1303215027, 34.32472229, -67.4629211426, 62.7709617615, 43.9521102905, 48.1113929749], [-323.30178833, -13.5012102127, 198.971710205, 550.805541992, 149.028533936, -59.6111831665, -262.191955566, 42.7802848816, 57.9492797852, 6.08343410492, 58.4023399353, 58.9683074951, -4.55245018005], [106.651489258, -78.8332290649, -26.0120773315, 149.028533936, 345.01776123, -33.5007209778, -86.2089691162, 108.93901825, 91.1153488159, 27.6996917725, 43.4530220032, 73.8875961304, 3.68570280075], [-115.596618652, 132.854660034, 20.4290599823, -59.6111831665, -33.5007209778, 497.425201416, 126.986335754, -24.2552127838, -1.45576000214, 12.0519132614, 70.8636169434, -45.7318153381, 33.5712089539], [447.210021973, 46.4836158752, -221.437774658, -262.191955566, -86.2089691162, 126.986335754, 525.496032715, 16.5734386444, -32.2015991211, 96.8230743408, -33.1139526367, 0.988017499447, 37.1148643494], [94.8690032959, -5.78472137451, 35.1303215027, 42.7802848816, 108.93901825, -24.2552127838, 16.5734386444, 209.103210449, 99.4169006348, 41.6361236572, 48.2436752319, 46.4858818054, 7.72993707657], [-2.03729629517, -4.40342330933, 34.32472229, 57.9492797852, 91.1153488159, -1.45576000214, -32.2015991211, 99.4169006348, 181.132293701, 29.9050540924, 31.2660541534, 19.8928203583, -8.83502197266], [215.462997437, -5.19636535645, -67.4629211426, 6.08343410492, 27.6996917725, 12.0519132614, 96.8230743408, 41.6361236572, 29.9050540924, 180.638504028, 36.5100097656, -5.26824426651, -8.27387142181], [-50.2165031433, 89.4106445313, 62.7709617615, 58.4023399353, 43.4530220032, 70.8636169434, -33.1139526367, 48.2436752319, 31.2660541534, 36.5100097656, 157.531066895, 47.5810775757, 4.00342082977], [58.4240608215, 19.2586765289, 43.9521102905, 58.9683074951, 73.8875961304, -45.7318153381, 0.988017499447, 46.4858818054, 19.8928203583, -5.26824426651, 47.5810775757, 139.125595093, 39.6246032715], [-20.366979599, 36.9226493835, 48.1113929749, -4.55245018005, 3.68570280075, 33.5712089539, 37.1148643494, 7.72993707657, -8.83502197266, -8.27387142181, 4.00342082977, 39.6246032715, 109.411346436]],
        "icov": [[0.000584756548051, 0.000174801767571, 0.00018548333901, 0.000242660549702, -0.000179573122296, 0.000118961237604, -0.000277858867776, -0.000116999646707, 0.000114681119157, -0.00047684146557, 9.07556386665e-005, -0.00036456019734, 0.000152377222548], [0.000174801767571, 0.00148245762102, -7.49733808334e-005, 4.88549849251e-005, 0.000313968281262, -0.000142466946272, -0.000249079515925, 5.15900865139e-005, -5.7508397731e-005, 4.60828996438e-005, -0.000812692742329, -0.00014955343795, -0.000236012943788], [0.00018548333901, -7.49733808334e-005, 0.00207625702024, -0.000407497194828, 0.000774026906583, -0.000186843972187, 0.000700963602867, -0.000602683983743, -0.000189737344044, 0.000247549585765, -0.000228359931498, -0.000469471910037, -0.000852286175359], [0.000242660549702, 4.88549849251e-005, -0.000407497194828, 0.00298951845616, -0.000838808133267, -3.00172123389e-005, 0.00116920855362, 0.000104064798506, -1.99069963855e-005, -0.00109972048085, 0.000117782954476, -0.00100178387947, 0.000239482542383], [-0.000179573122296, 0.000313968281262, 0.000774026906583, -0.000838808133267, 0.00484117446467, -0.000452268635854, 0.000999643234536, -0.00157417240553, -0.00105404132046, -0.000272539793514, 0.000187358338735, -0.00193023169413, -0.000180366929271], [0.000118961237604, -0.000142466946272, -0.000186843972187, -3.00172123389e-005, -0.000452268635854, 0.00295415683649, -0.0012000517454, 0.000762353651226, -0.000351975060767, 0.000637302349787, -0.00217908364721, 0.00212756264955, -0.00105785974301], [-0.000277858867776, -0.000249079515925, 0.000700963602867, 0.00116920855362, 0.000999643234536, -0.0012000517454, 0.00407978659496, -0.00102449685801, 0.000441736861831, -0.00197139824741, 0.00166728545446, -0.00166496692691, -0.00077571667498], [-0.000116999646707, 5.15900865139e-005, -0.000602683983743, 0.000104064798506, -0.00157417240553, 0.000762353651226, -0.00102449685801, 0.00801400654018, -0.00335148489103, -0.00033863275894, -0.00160279439297, -0.000295570789604, -0.000299938517855], [0.000114681119157, -5.7508397731e-005, -0.000189737344044, -1.99069963855e-005, -0.00105404132046, -0.000351975060767, 0.000441736861831, -0.00335148489103, 0.00814317166805, -0.00084607268218, 0.000265170965577, 3.8827311073e-005, 0.000923620304093], [-0.00047684146557, 4.60828996438e-005, 0.000247549585765, -0.00109972048085, -0.000272539793514, 0.000637302349787, -0.00197139824741, -0.00033863275894, -0.00084607268218, 0.00816008541733, -0.00286068790592, 0.0024696609471, 6.39067411612e-006], [9.07556386665e-005, -0.000812692742329, -0.000228359931498, 0.000117782954476, 0.000187358338735, -0.00217908364721, 0.00166728545446, -0.00160279439297, 0.000265170965577, -0.00286068790592, 0.0105580240488, -0.00441516470164, 0.00162419362459], [-0.00036456019734, -0.00014955343795, -0.000469471910037, -0.00100178387947, -0.00193023169413, 0.00212756264955, -0.00166496692691, -0.000295570789604, 3.8827311073e-005, 0.0024696609471, -0.00441516470164, 0.0125171188265, -0.00403651874512], [0.000152377222548, -0.000236012943788, -0.000852286175359, 0.000239482542383, -0.000180366929271, -0.00105785974301, -0.00077571667498, -0.000299938517855, 0.000923620304093, 6.39067411612e-006, 0.00162419362459, -0.00403651874512, 0.0117250755429]]
    },
    "spectral_contrast_coeffs": {
        "mean": [-0.573601484299, -0.606687366962, -0.67455971241, -0.743172585964, -0.743275344372, -0.795091986656],
        "var": [0.0103919776157, 0.0074530094862, 0.00993064977229, 0.00817191228271, 0.00478675030172, 0.00117106339894]
    },
    "spectral_contrast_valleys": {
        "mean": [-7.31175994873, -7.23270463943, -8.12910175323, -9.04730510712, -8.84713363647, -10.6664237976],
        "var": [1.06446933746, 0.693898975849, 0.62064820528, 0.529639005661, 0.517046093941, 0.602932870388]
    }
},
"metadata": {
    "audio_properties": {
        "analysis_sample_rate": 44100,
        "bit_rate": 128074,
        "equal_loudness": 0,
        "length": 45.0612258911,
        "lossless": 0,
        "replay_gain": -5.05074310303,
        "sample_rate": 44100,
        "codec": "mp3",
        "downmix": "mix",
        "md5_encoded": "11125b1397c862dccfc0d9f77a7c9eb5"
    },
    "tags": {
        "file_name": "1610.mp3"
    },
    "version": {
        "essentia": "2.1-beta2",
        "essentia_git_sha": "v2.1_beta2",
        "extractor": "music 1.0"
    }
},
"rhythm": {
    "beats_count": 58,
    "beats_loudness": {
        "mean": 0.0541017055511,
        "var": 0.000765272008721
    },
    "bpm": 78.1224212646,
    "bpm_histogram_first_peak_bpm": {
        "mean": 78,
        "var": 0
    },
    "bpm_histogram_first_peak_spread": {
        "mean": 0.438596487045,
        "var": 0
    },
    "bpm_histogram_first_peak_weight": {
        "mean": 0.561403512955,
        "var": 0
    },
    "bpm_histogram_second_peak_bpm": {
        "mean": 0,
        "var": 0
    },
    "bpm_histogram_second_peak_spread": {
        "mean": 0,
        "var": 0
    },
    "bpm_histogram_second_peak_weight": {
        "mean": 0,
        "var": 0
    },
    "danceability": 1.05754482746,
    "onset_rate": 2.97239160538,
    "beats_loudness_band_ratio": {
        "mean": [0.499497234821, 0.319900840521, 0.106705114245, 0.0876644998789, 0.0111562591046, 0.0305067058653],
        "var": [0.0561482980847, 0.0460640825331, 0.0103725055233, 0.0196498259902, 0.000328081368934, 0.00764497183263]
    },
    "beats_position": [0.789478421211, 1.57895684242, 2.36843538284, 3.15791368484, 3.95900225639, 4.76009082794, 5.5727891922, 6.38548755646, 7.18657588959, 7.96444416046, 8.73070240021, 9.49696159363, 10.2516098022, 11.0294780731, 11.7957363129, 12.5503854752, 13.3050336838, 14.0712919235, 14.8375511169, 15.5921993256, 16.3468475342, 17.1014957428, 17.8561439514, 18.6224040985, 19.3886623383, 20.154920578, 20.9327888489, 21.6990470886, 22.4536952972, 23.219953537, 23.9862117767, 24.7524719238, 25.5187301636, 26.2849884033, 27.0512466431, 27.8058948517, 28.5605430603, 29.3268013, 30.0930614471, 30.8593196869, 31.6139678955, 32.3686180115, 33.1348762512, 33.901134491, 34.6673927307, 35.4336509705, 36.1999092102, 36.9545555115, 37.7092056274, 38.4638557434, 39.2185020447, 39.9847602844, 40.7510185242, 41.5288887024, 42.2951469421, 43.0614051819, 43.8160552979, 44.5823135376]
},
"tonal": {
    "chords_changes_rate": 0.0380658432841,
    "chords_number_rate": 0.00823045242578,
    "chords_strength": {
        "mean": 0.541322231293,
        "var": 0.00830047205091
    },
    "hpcp_entropy": {
        "mean": 1.62776136398,
        "var": 0.504066765308
    },
    "key_strength": 0.732575178146,
    "tuning_diatonic_strength": 0.486820787191,
    "tuning_equal_tempered_deviation": 0.0165158957243,
    "tuning_frequency": 439.491973877,
    "tuning_nontempered_energy_ratio": 0.623735964298,
    "hpcp": {
        "mean": [0.489396780729, 0.291291207075, 0.0404937639832, 0.0129404691979, 0.0104785086587, 0.0493610315025, 0.0967374294996, 0.0811422094703, 0.119490399957, 0.18780900538, 0.123851083219, 0.0474857613444, 0.0367276370525, 0.0356184653938, 0.136450544, 0.248730480671, 0.154811307788, 0.0395698435605, 0.0393705293536, 0.0614701882005, 0.223537832499, 0.409288525581, 0.275613367558, 0.123877249658, 0.135036557913, 0.0775913596153, 0.0259688459337, 0.0253845751286, 0.0282150153071, 0.106243662536, 0.203107759356, 0.14228720963, 0.0420279875398, 0.0184101052582, 0.023381171748, 0.246194347739],
        "var": [0.166678294539, 0.0682977437973, 0.0128511544317, 0.00343568762764, 0.00403337506577, 0.0126974508166, 0.0398554690182, 0.0278834868222, 0.0368646346033, 0.0744045302272, 0.0418751388788, 0.0184213463217, 0.0167032722384, 0.0188510175794, 0.0449840724468, 0.128875181079, 0.0535609275103, 0.014334006235, 0.0164632163942, 0.0235243644565, 0.0547579340637, 0.148972392082, 0.0811287388206, 0.0428747273982, 0.0650681853294, 0.0336090922356, 0.00858440902084, 0.0088331354782, 0.00804100930691, 0.0250208042562, 0.0779136791825, 0.0516315996647, 0.0158976241946, 0.00482890801504, 0.0052968878299, 0.0534381978214]
    },
    "chords_histogram": [29.732509613, 17.0781898499, 0, 18.41563797, 0, 2.16049385071, 0, 2.88065838814, 0, 0, 0, 0, 0, 0, 0, 0, 0, 0, 0, 0, 2.05761313438, 0, 8.84773635864, 18.8271598816],
    "thpcp": [1, 0.595204591751, 0.0827421918511, 0.0264416728169, 0.0214110706002, 0.100860968232, 0.197666659951, 0.165800452232, 0.244158536196, 0.383756101131, 0.253068864346, 0.0970291644335, 0.0750467479229, 0.07278034091, 0.278813719749, 0.508238911629, 0.316330879927, 0.080854319036, 0.0804470553994, 0.125603988767, 0.456761956215, 0.836312234402, 0.563169538975, 0.253122329712, 0.275924503803, 0.158544898033, 0.0530629679561, 0.051869109273, 0.0576526373625, 0.217091053724, 0.415016531944, 0.29073998332, 0.0858771204948, 0.0376179516315, 0.0477754920721, 0.503056764603],
    "chords_key": "A",
    "chords_scale": "minor",
    "key_key": "A",
    "key_scale": "minor"
}
}