{
"lowlevel": {
    "average_loudness": 0.980302870274,
    "barkbands_crest": {
        "mean": 9.37368679047,
        "var": 9.42990970612
    },
    "barkbands_flatness_db": {
        "mean": 0.108196899295,
        "var": 0.00122641399503
    },
    "barkbands_kurtosis": {
        "mean": 1.24751770496,
        "var": 6.26639890671
    },
    "barkbands_skewness": {
        "mean": 1.18061447144,
        "var": 0.34606218338
    },
    "barkbands_spread": {
        "mean": 27.8154945374,
        "var": 103.14490509
    },
    "dissonance": {
        "mean": 0.462324738503,
        "var": 0.000610635848716
    },
    "dynamic_complexity": 1.2506210804,
    "erbbands_crest": {
        "mean": 7.47023677826,
        "var": 9.02854442596
    },
    "erbbands_flatness_db": {
        "mean": 0.13776320219,
        "var": 0.00117225816939
    },
    "erbbands_kurtosis": {
        "mean": -0.0405256971717,
        "var": 0.927795827389
    },
    "erbbands_skewness": {
        "mean": 0.26279181242,
        "var": 0.233889639378
    },
    "erbbands_spread": {
        "mean": 37.8836021423,
        "var": 177.839096069
    },
    "hfc": {
        "mean": 26.8991317749,
        "var": 353.822998047
    },
    "melbands_crest": {
        "mean": 13.3824644089,
        "var": 13.7916660309
    },
    "melbands_flatness_db": {
        "mean": 0.171813309193,
        "var": 0.00171141547617
    },
    "melbands_kurtosis": {
        "mean": 6.68540382385,
        "var": 38.6588745117
    },
    "melbands_skewness": {
        "mean": 2.12289977074,
        "var": 0.608231604099
    },
    "melbands_spread": {
        "mean": 26.6703414917,
        "var": 113.621818542
    },
    "pitch_salience": {
        "mean": 0.546997249126,
        "var": 0.00764359673485
    },
    "silence_rate_20dB": {
        "mean": 1,
        "var": 0
    },
    "silence_rate_30dB": {
        "mean": 1,
        "var": 0
    },
    "silence_rate_60dB": {
        "mean": 0.00154479919001,
        "var": 0.00154241069686
    },
    "spectral_centroid": {
        "mean": 1424.6574707,
        "var": 244894.1875
    },
    "spectral_complexity": {
        "mean": 25.644695282,
        "var": 83.5287017822
    },
    "spectral_decrease": {
        "mean": -8.21391488159e-009,
        "var": 1.21810277861e-017
    },
    "spectral_energy": {
        "mean": 0.0334410630167,
        "var": 0.000208445300814
    },
    "spectral_energyband_high": {
        "mean": 0.0013252296485,
        "var": 2.69353563453e-006
    },
    "spectral_energyband_low": {
        "mean": 0.0122196981683,
        "var": 4.58942704427e-005
    },
    "spectral_energyband_middle_high": {
        "mean": 0.0072844363749,
        "var": 2.11692422454e-005
    },
    "spectral_energyband_middle_low": {
        "mean": 0.0135356104001,
        "var": 8.30318385852e-005
    },
    "spectral_entropy": {
        "mean": 7.75725984573,
        "var": 0.0879766792059
    },
    "spectral_flux": {
        "mean": 0.0876227170229,
        "var": 0.0013043343788
    },
    "spectral_kurtosis": {
        "mean": 3.52410817146,
        "var": 3.23716711998
    },
    "spectral_rms": {
        "mean": 0.00559512339532,
        "var": 1.32004163333e-006
    },
    "spectral_rolloff": {
        "mean": 1437.07385254,
        "var": 727325.8125
    },
    "spectral_skewness": {
        "mean": 1.44508743286,
        "var": 0.0806585848331
    },
    "spectral_spread": {
        "mean": 4678277,
        "var": 2.2190251049e+012
    },
    "spectral_strongpeak": {
        "mean": 0.488095372915,
        "var": 0.346032142639
    },
    "zerocrossingrate": {
        "mean": 0.0616499073803,
        "var": 0.000546365918126
    },
    "barkbands": {
        "mean": [0.000130880609504, 0.00980570260435, 0.00147213565651, 0.00144847400952, 0.00370361027308, 0.00354539090768, 0.00188723101746, 0.00139080127701, 0.00133791519329, 0.000586231180932, 0.0015485601034, 0.000812801939901, 0.000554089725483, 0.00109202298336, 0.000838628795464, 0.000779739813879, 0.00041929553845, 0.00022849717061, 0.000378784257919, 0.000297462684102, 0.000397499388782, 0.000248894211836, 0.000185052282177, 0.000152004533447, 0.000113933449029, 8.16254396341e-005, 3.81440599995e-006],
        "var": [2.83768208931e-008, 3.46307097061e-005, 3.73453917746e-006, 7.26682037566e-006, 2.54771057371e-005, 1.45102121678e-005, 3.37016467711e-006, 2.356594905e-006, 2.71158842224e-006, 5.58282863494e-007, 4.15538670495e-006, 9.1388153578e-007, 4.40883809461e-007, 1.67950588548e-006, 6.61299054627e-007, 6.96795098065e-007, 1.71268311533e-007, 7.89583012306e-008, 2.11355470014e-007, 1.38315556342e-007, 2.52033231618e-007, 1.6201849462e-007, 4.971482781e-008, 3.39643619895e-008, 2.69236117845e-008, 5.55117729562e-008, 1.6915999157e-010]
    },
    "erbbands": {
        "mean": [0.307013958693, 2.12240171432, 1.7225869894, 4.02983379364, 5.78032016754, 15.8833723068, 14.4213066101, 34.5696983337, 23.9068508148, 49.773563385, 26.9221172333, 24.2469272614, 25.148733139, 30.2184638977, 53.8815879822, 34.511505127, 30.8385658264, 57.531867981, 39.5956802368, 44.4846763611, 39.6865119934, 23.1467933655, 13.0830879211, 16.9675502777, 18.8306770325, 14.2169923782, 11.4560947418, 17.8303070068, 9.14836597443, 7.18065738678, 5.08732795715, 3.65592551231, 2.28432822227, 1.25995492935, 0.843743979931, 0.428626358509, 0.124653488398, 0.0229298137128, 0.000561780179851, 5.71885175304e-005],
        "var": [0.0311251785606, 1.7200088501, 2.76369762421, 36.1414680481, 121.681793213, 496.276763916, 298.245849609, 1522.07312012, 436.745483398, 3456.27929688, 929.192993164, 928.46496582, 966.554748535, 962.078979492, 4961.36865234, 1352.86523438, 946.944885254, 4636.0390625, 1562.61938477, 1546.33239746, 1689.82055664, 464.197937012, 254.26411438, 373.942871094, 591.126342773, 295.732635498, 255.763015747, 584.436584473, 213.666976929, 83.9079208374, 40.3730392456, 20.9778366089, 7.79678153992, 2.80598640442, 1.91911673546, 1.28458404541, 0.138761982322, 0.00509217008948, 2.77119784187e-006, 3.05492386943e-009]
    },
    "gfcc": {
        "mean": [44.8681907654, 95.1705093384, -121.472488403, 36.8900604248, -59.1057090759, 23.5895195007, -35.5644683838, 10.331114769, -13.5636577606, 14.3168849945, -8.52954101563, 5.34247970581, -3.09064650536],
        "cov": [[2608.1965332, -887.640991211, 249.187255859, 8.13990783691, -54.4016990662, 81.2031173706, -151.56048584, 55.564201355, -315.852081299, 65.7093811035, -240.706085205, 102.463058472, -168.62802124], [-887.640991211, 952.367492676, -355.450958252, 10.8907546997, 57.3994827271, -87.0411376953, 101.965065002, -96.2472229004, 239.082595825, -98.7007522583, 179.376052856, -115.492324829, 107.295669556], [249.187255859, -355.450958252, 430.694030762, 9.59968471527, -50.0715293884, -2.75527477264, -102.106948853, 13.730389595, -122.273262024, 65.2934875488, -102.833007813, 28.6265087128, -56.2068443298], [8.13990783691, 10.8907546997, 9.59968471527, 130.120559692, -5.92041301727, -9.26101207733, -15.2436847687, -19.9812374115, 0.618390262127, -14.7678022385, 10.2552585602, -14.8101015091, 0.379528611898], [-54.4016990662, 57.3994827271, -50.0715293884, -5.92041301727, 108.778419495, 6.89951515198, 8.29044818878, -13.7853965759, 5.06463527679, -20.0817871094, -4.66344499588, 2.07849979401, 1.89294970036], [81.2031173706, -87.0411376953, -2.75527477264, -9.26101207733, 6.89951515198, 85.0368347168, 14.5008249283, 15.1953754425, -35.6916465759, -2.59158968925, -15.8790607452, 9.23120975494, 2.92765259743], [-151.56048584, 101.965065002, -102.106948853, -15.2436847687, 8.29044818878, 14.5008249283, 109.444999695, 24.845117569, 34.3931236267, -30.2209854126, 26.3591461182, -0.953918635845, 11.0928907394], [55.564201355, -96.2472229004, 13.730389595, -19.9812374115, -13.7853965759, 15.1953754425, 24.845117569, 82.7210083008, 13.0593004227, 12.5401029587, -16.4755706787, 15.4750995636, -2.93081617355], [-315.852081299, 239.082595825, -122.273262024, 0.618390262127, 5.06463527679, -35.6916465759, 34.3931236267, 13.0593004227, 142.847167969, 8.31777477264, 65.7669677734, -33.1036529541, 29.3123054504], [65.7093811035, -98.7007522583, 65.2934875488, -14.7678022385, -20.0817871094, -2.59158968925, -30.2209854126, 12.5401029587, 8.31777477264, 81.4220275879, 16.8236789703, 12.4465961456, -8.10842895508], [-240.706085205, 179.376052856, -102.833007813, 10.2552585602, -4.66344499588, -15.8790607452, 26.3591461182, -16.4755706787, 65.7669677734, 16.8236789703, 126.498954773, 8.0044708252, 28.170167923], [102.463058472, -115.492324829, 28.6265087128, -14.8101015091, 2.07849979401, 9.23120975494, -0.953918635845, 15.4750995636, -33.1036529541, 12.4465961456, 8.0044708252, 71.5886764526, 12.0903263092], [-168.62802124, 107.295669556, -56.2068443298, 0.379528611898, 1.89294970036, 2.92765259743, 11.0928907394, -2.93081617355, 29.3123054504, -8.10842895508, 28.170167923, 12.0903263092, 72.5359191895]],
        "icov": [[0.000827672891319, -0.000372721988242, 0.000982046476565, -0.000584379420616, 0.00059509469429, -0.000217415610678, 0.000961111218203, -0.000772757688537, 0.00161982234567, -0.00148326647468, 0.00168840331025, -0.00160246738233, 0.00184553524014], [-0.000372721988242, 0.00765676610172, -0.00152407167479, 0.00301124993712, -0.00235750572756, 0.00306789716706, -0.00284241978079, 0.00618110690266, -0.00715384539217, 0.00897492840886, -0.00777842383832, 0.00967923365533, -0.00746534112841], [0.000982046476565, -0.00152407167479, 0.0066176597029, -0.00199804687873, 0.00230894144624, 0.00084051763406, 0.00336895929649, -0.00261550070718, 0.00585428485647, -0.00685453880578, 0.00590344145894, -0.00395891303197, 0.00419593369588], [-0.000584379420616, 0.00301124993712, -0.00199804687873, 0.0102059263736, -0.000713601708412, 0.00122110464144, 5.8829326008e-005, 0.00332930986769, -0.00355400005355, 0.0072190859355, -0.00594206945971, 0.00615582149476, -0.00379479210824], [0.00059509469429, -0.00235750572756, 0.00230894144624, -0.000713601708412, 0.0118315797299, -0.00255668349564, 0.0017750505358, 0.000855369435158, 0.000734849658329, -0.00167043018155, 0.00547787547112, -0.00668107299134, 0.00472363084555], [-0.000217415610678, 0.00306789716706, 0.00084051763406, 0.00122110464144, -0.00255668349564, 0.0173894558102, -0.00385166471824, -0.00161967007443, 0.00493748579174, 0.000648229732178, -0.00317541672848, 0.00690583093092, -0.00635080132633], [0.000961111218203, -0.00284241978079, 0.00336895929649, 5.8829326008e-005, 0.0017750505358, -0.00385166471824, 0.017406096682, -0.00792259257287, 0.00214797304943, 0.0020548326429, 0.00113263807725, -0.00541048962623, 0.00599986780435], [-0.000772757688537, 0.00618110690266, -0.00261550070718, 0.00332930986769, 0.000855369435158, -0.00161967007443, -0.00792259257287, 0.0249531790614, -0.0141853308305, 0.00512925442308, -0.000271394412266, 0.000827076670248, -0.00444753980264], [0.00161982234567, -0.00715384539217, 0.00585428485647, -0.00355400005355, 0.000734849658329, 0.00493748579174, 0.00214797304943, -0.0141853308305, 0.0284433905035, -0.0152784269303, 0.0031077042222, 0.000404383201385, 0.00330617744476], [-0.00148326647468, 0.00897492840886, -0.00685453880578, 0.0072190859355, -0.00167043018155, 0.000648229732178, 0.0020548326429, 0.00512925442308, -0.0152784269303, 0.0335643850267, -0.0169702041894, 0.00995051208884, -0.00730467075482], [0.00168840331025, -0.00777842383832, 0.00590344145894, -0.00594206945971, 0.00547787547112, -0.00317541672848, 0.00113263807725, -0.000271394412266, 0.0031077042222, -0.0169702041894, 0.0266748089343, -0.0184126570821, 0.00939431600273], [-0.00160246738233, 0.00967923365533, -0.00395891303197, 0.00615582149476, -0.00668107299134, 0.00690583093092, -0.00541048962623, 0.000827076670248, 0.000404383201385, 0.00995051208884, -0.0184126570821, 0.0374311804771, -0.0185257457197], [0.00184553524014, -0.00746534112841, 0.00419593369588, -0.00379479210824, 0.00472363084555, -0.00635080132633, 0.00599986780435, -0.00444753980264, 0.00330617744476, -0.00730467075482, 0.00939431600273, -0.0185257457197, 0.0287133678794]]
    },
    "melbands": {
        "mean": [0.00287736323662, 0.00157276680693, 0.000712653680239, 0.000766350945923, 0.000585006375331, 0.000750459264964, 0.000388314016163, 0.000492227089126, 0.000221015099669, 0.000155588888447, 0.000123826423078, 0.000108976411866, 0.000221989335841, 8.44751557452e-005, 8.8082961156e-005, 7.26909493096e-005, 0.000105388600787, 5.85668058193e-005, 6.28005291219e-005, 5.55510268896e-005, 4.53414759249e-005, 2.62328248937e-005, 1.29866157295e-005, 1.05476119643e-005, 1.40891170304e-005, 1.395477193e-005, 1.23239415188e-005, 8.72440341482e-006, 6.1505411395e-006, 1.00963670775e-005, 9.76666251518e-006, 5.05738898937e-006, 4.53939082945e-006, 3.74404771719e-006, 3.16916452903e-006, 2.25435360335e-006, 2.21722780225e-006, 1.64981690887e-006, 1.24836333271e-006, 9.9335466075e-007],
        "var": [2.75861179944e-006, 1.0731060911e-006, 1.10825749289e-006, 1.5289114117e-006, 4.40138762769e-007, 6.82442873767e-007, 1.00393222624e-007, 3.4022312434e-007, 7.37686107755e-008, 4.54859439003e-008, 2.53319285548e-008, 1.37607241157e-008, 8.88320457193e-008, 1.50707375468e-008, 9.13075126618e-009, 6.79001344039e-009, 1.66389462208e-008, 4.03253297421e-009, 3.8791085899e-009, 3.62653551633e-009, 2.55315346642e-009, 6.35726637999e-010, 2.99067326459e-010, 1.72798192422e-010, 2.6969551592e-010, 3.67109204147e-010, 2.38207370495e-010, 1.24678448121e-010, 1.01191617585e-010, 1.68122765709e-010, 2.02060299048e-010, 8.33192681515e-011, 4.11167870584e-011, 2.16461831098e-011, 1.44317439943e-011, 1.05346373985e-011, 7.62906491453e-012, 4.18996521506e-012, 2.54061788968e-012, 1.85054510778e-012]
    },
    "mfcc": {
        "mean": [-592.818603516, 120.370483398, 0.303664177656, 18.2587299347, 3.63775014877, 13.2347002029, -2.9578139782, 0.161676034331, 3.03858089447, 6.98954153061, 0.746858119965, 4.76807308197, 6.6619644165],
        "cov": [[1748.51745605, -600.311157227, 68.1651992798, -28.8795032501, 5.6515827179, 15.6600046158, 75.0981674194, 5.444460392, -36.5073432922, -70.5318908691, -30.7158412933, -91.8494186401, -70.4814910889], [-600.311157227, 663.066711426, -194.644302368, 14.4057502747, -6.67405128479, 4.96350288391, -66.4751663208, 1.15412127972, 7.12876558304, 41.179069519, 12.0087184906, 50.2309341431, 41.0817985535], [68.1651992798, -194.644302368, 337.620483398, 16.4415721893, 12.296795845, -19.7633266449, -7.46927213669, -67.3924026489, -14.3331766129, -21.6148357391, -3.71849489212, -24.8991470337, -32.051158905], [-28.8795032501, 14.4057502747, 16.4415721893, 114.296806335, 15.2927417755, -1.55800688267, -21.2544937134, -6.09678936005, -16.13763237, -1.48501038551, -0.577079951763, -2.20887804031, -2.18578052521], [5.6515827179, -6.67405128479, 12.296795845, 15.2927417755, 94.9430618286, 17.3335609436, -16.1670322418, -25.9506721497, -7.1027340889, -9.2578754425, -9.26620292664, -13.4671125412, -6.14704227448], [15.6600046158, 4.96350288391, -19.7633266449, -1.55800688267, 17.3335609436, 63.87840271, 20.263256073, -5.87492084503, -12.3896455765, -7.83680200577, -8.69279003143, -11.6488323212, -10.3481693268], [75.0981674194, -66.4751663208, -7.46927213669, -21.2544937134, -16.1670322418, 20.263256073, 80.6204376221, 32.4765853882, -4.52481889725, -18.8509559631, -10.3604440689, -9.08765888214, -6.25473070145], [5.444460392, 1.15412127972, -67.3924026489, -6.09678936005, -25.9506721497, -5.87492084503, 32.4765853882, 92.1511383057, 28.3468875885, -2.49746251106, -12.4819355011, -3.31085109711, 15.8041963577], [-36.5073432922, 7.12876558304, -14.3331766129, -16.13763237, -7.1027340889, -12.3896455765, -4.52481889725, 28.3468875885, 87.6648635864, 17.0474033356, -18.0882720947, -2.78917574883, 10.546374321], [-70.5318908691, 41.179069519, -21.6148357391, -1.48501038551, -9.2578754425, -7.83680200577, -18.8509559631, -2.49746251106, 17.0474033356, 63.7144393921, 24.9065341949, 10.1734132767, 6.76844596863], [-30.7158412933, 12.0087184906, -3.71849489212, -0.577079951763, -9.26620292664, -8.69279003143, -10.3604440689, -12.4819355011, -18.0882720947, 24.9065341949, 64.2716598511, 28.501865387, -1.46219468117], [-91.8494186401, 50.2309341431, -24.8991470337, -2.20887804031, -13.4671125412, -11.6488323212, -9.08765888214, -3.31085109711, -2.78917574883, 10.1734132767, 28.501865387, 68.2932434082, 33.7187995911], [-70.4814910889, 41.0817985535, -32.051158905, -2.18578052521, -6.14704227448, -10.3481693268, -6.25473070145, 15.8041963577, 10.546374321, 6.76844596863, -1.46219468117, 33.7187995911, 66.7280273438]],
        "icov": [[0.000922188162804, 0.000884729146492, 0.000475137378089, 0.000121580604173, 0.00016635080101, 6.88495274517e-005, 9.00839077076e-005, 0.000227350567002, 0.000266227318207, 0.000484345859149, -1.07368141471e-005, 0.000673610251397, 0.000210342550417], [0.000884729146492, 0.00300934072584, 0.00163520185743, -3.42638995789e-005, 0.000536662118975, -0.000544336857274, 0.00188747094944, 0.000480102957226, 0.000460166716948, -0.000179646973265, 0.000758833717555, -0.000454748311313, 8.62167144078e-005], [0.000475137378089, 0.00163520185743, 0.00497284112498, -0.000733147317078, 0.00057784258388, 0.00201707868837, -0.000409055151977, 0.00416105706245, -0.000575856538489, 0.00140056281816, -3.26475606016e-006, 0.00137505086605, 0.000455914909253], [0.000121580604173, -3.42638995789e-005, -0.000733147317078, 0.00994854979217, -0.00123526528478, -0.000278968713246, 0.00336894579232, -0.00225211656652, 0.00271995505318, -0.000308456888888, 0.00101202644873, -0.000254382175626, 0.000567497394513], [0.00016635080101, 0.000536662118975, 0.00057784258388, -0.00123526528478, 0.0132950935513, -0.00369723164476, 0.00297688692808, 0.00339610013179, -0.000641858961899, 0.00226605916396, 0.000268219562713, 0.00270941643976, -0.0012831708882], [6.88495274517e-005, -0.000544336857274, 0.00201707868837, -0.000278968713246, -0.00369723164476, 0.0211891848594, -0.00749302608892, 0.00390571914613, 0.00183789478615, -0.000681539590005, 0.00216458365321, 0.0017720159376, 0.00161623465829], [9.00839077076e-005, 0.00188747094944, -0.000409055151977, 0.00336894579232, 0.00297688692808, -0.00749302608892, 0.0216232016683, -0.00834557414055, 0.0027711703442, 0.0032287419308, 0.00111790036317, -0.00128327554557, 0.001870124368], [0.000227350567002, 0.000480102957226, 0.00416105706245, -0.00225211656652, 0.00339610013179, 0.00390571914613, -0.00834557414055, 0.0205601621419, -0.00581784918904, 0.00219301297329, -0.000710312568117, 0.00456846039742, -0.00449086073786], [0.000266227318207, 0.000460166716948, -0.000575856538489, 0.00271995505318, -0.000641858961899, 0.00183789478615, 0.0027711703442, -0.00581784918904, 0.0168517958373, -0.00669591221958, 0.00759121309966, -0.00165240140632, 0.000691059685778], [0.000484345859149, -0.000179646973265, 0.00140056281816, -0.000308456888888, 0.00226605916396, -0.000681539590005, 0.0032287419308, 0.00219301297329, -0.00669591221958, 0.0240630954504, -0.0117823183537, 0.00458602327853, -0.00278697512113], [-1.07368141471e-005, 0.000758833717555, -3.26475606016e-006, 0.00101202644873, 0.000268219562713, 0.00216458365321, 0.00111790036317, -0.000710312568117, 0.00759121309966, -0.0117823183537, 0.0287943445146, -0.0138011667877, 0.00778672331944], [0.000673610251397, -0.000454748311313, 0.00137505086605, -0.000254382175626, 0.00270941643976, 0.0017720159376, -0.00128327554557, 0.00456846039742, -0.00165240140632, 0.00458602327853, -0.0138011667877, 0.0293747689575, -0.014384297654], [0.000210342550417, 8.62167144078e-005, 0.000455914909253, 0.000567497394513, -0.0012831708882, 0.00161623465829, 0.001870124368, -0.00449086073786, 0.000691059685778, -0.00278697512113, 0.00778672331944, -0.014384297654, 0.0243769772351]]
    },
    "spectral_contrast_coeffs": {
        "mean": [-0.686946213245, -0.724656581879, -0.764940798283, -0.764720976353, -0.780640602112, -0.729941964149],
        "var": [0.00443069729954, 0.00368937454186, 0.00287168612704, 0.0020386534743, 0.000908590387553, 0.000646208180115]
    },
    "spectral_contrast_valleys": {
        "mean": [-6.71276664734, -6.16958618164, -6.86963653564, -7.07665586472, -7.25717687607, -9.81017303467],
        "var": [0.426419436932, 0.420617252588, 0.460009425879, 0.453957915306, 0.598361372948, 0.837327420712]
    }
},
"metadata": {
    "audio_properties": {
        "analysis_sample_rate": 44100,
        "bit_rate": 128074,
        "equal_loudness": 0,
        "length": 45.0612258911,
        "lossless": 0,
        "replay_gain": -6.22645568848,
        "sample_rate": 44100,
        "codec": "mp3",
        "downmix": "mix",
        "md5_encoded": "a3082c3d0cd4a588f473241e7fe14bd3"
    },
    "tags": {
        "file_name": "1611.mp3"
    },
    "version": {
        "essentia": "2.1-beta2",
        "essentia_git_sha": "v2.1_beta2",
        "extractor": "music 1.0"
    }
},
"rhythm": {
    "beats_count": 61,
    "beats_loudness": {
        "mean": 0.0414688326418,
        "var": 0.000243119357037
    },
    "bpm": 82.5839385986,
    "bpm_histogram_first_peak_bpm": {
        "mean": 82,
        "var": 0
    },
    "bpm_histogram_first_peak_spread": {
        "mean": 0,
        "var": 0
    },
    "bpm_histogram_first_peak_weight": {
        "mean": 1,
        "var": 0
    },
    "bpm_histogram_second_peak_bpm": {
        "mean": 0,
        "var": 0
    },
    "bpm_histogram_second_peak_spread": {
        "mean": 0,
        "var": 0
    },
    "bpm_histogram_second_peak_weight": {
        "mean": 0,
        "var": 0
    },
    "danceability": 1.62746942043,
    "onset_rate": 4.23676729202,
    "beats_loudness_band_ratio": {
        "mean": [0.447397232056, 0.19472104311, 0.138481631875, 0.120108008385, 0.0735742300749, 0.0530735626817],
        "var": [0.0318637564778, 0.0149514488876, 0.00722854211926, 0.00529161794111, 0.00203539361246, 0.000538278953172]
    },
    "beats_position": [0.754648506641, 1.48607707024, 2.21750569344, 2.93732428551, 3.66875267029, 4.38857126236, 5.11999988556, 5.83981847763, 6.57124710083, 7.2910656929, 8.01088428497, 8.73070240021, 9.47374153137, 10.2051696777, 10.9365987778, 11.656416893, 12.387845993, 13.1192741394, 13.8507022858, 14.5705213547, 15.301949501, 16.0217685699, 16.7531967163, 17.4846248627, 18.2044448853, 18.9358730316, 19.667301178, 20.3871192932, 21.1069393158, 21.826757431, 22.5581855774, 23.2896137238, 24.009431839, 24.7408618927, 25.4722900391, 26.1921081543, 26.9119262695, 27.6317462921, 28.3631744385, 29.0946025848, 29.8144207001, 30.5458488464, 31.2772789001, 31.9970970154, 32.7285270691, 33.4599533081, 34.1797714233, 34.8995895386, 35.6194114685, 36.3508377075, 37.0822677612, 37.8020858765, 38.545124054, 39.2765541077, 40.0079803467, 40.7277984619, 41.4476165771, 42.1790466309, 42.9104766846, 43.6302947998, 44.350112915]
},
"tonal": {
    "chords_changes_rate": 0.0360082313418,
    "chords_number_rate": 0.00411522621289,
    "chords_strength": {
        "mean": 0.570403218269,
        "var": 0.00416997587308
    },
    "hpcp_entropy": {
        "mean": 1.80078101158,
        "var": 0.627795398235
    },
    "key_strength": 0.662446737289,
    "tuning_diatonic_strength": 0.59597581625,
    "tuning_equal_tempered_deviation": 0.0583651736379,
    "tuning_frequency": 444.085327148,
    "tuning_nontempered_energy_ratio": 0.772814810276,
    "hpcp": {
        "mean": [0.0907363370061, 0.0671713650227, 0.0619992017746, 0.0655838549137, 0.091347053647, 0.356432825327, 0.718643426895, 0.667510867119, 0.351359009743, 0.152568563819, 0.0727100372314, 0.0687291324139, 0.0909446924925, 0.0743271633983, 0.0521260201931, 0.0564549081028, 0.0742172971368, 0.110788553953, 0.107958078384, 0.0722519531846, 0.0731388404965, 0.0761237293482, 0.05187888816, 0.0313367545605, 0.0260558184236, 0.041201621294, 0.138055592775, 0.228953778744, 0.15445420146, 0.0754676014185, 0.0723340213299, 0.0494247041643, 0.0348746664822, 0.0317641422153, 0.0422444231808, 0.0789854675531],
        "var": [0.0332199558616, 0.0157144572586, 0.0117607181892, 0.0165295172483, 0.021867999807, 0.0766333714128, 0.0955809131265, 0.0912163257599, 0.104896999896, 0.0595084689558, 0.021456707269, 0.0176838245243, 0.0229531787336, 0.0180568732321, 0.0106910709292, 0.0119994208217, 0.0159192290157, 0.0188633631915, 0.01795161888, 0.0147082135081, 0.0151927610859, 0.0256779827178, 0.010889836587, 0.00411864975467, 0.00329582858831, 0.00957270152867, 0.027720509097, 0.0635876506567, 0.0277036633343, 0.00971956551075, 0.0155662074685, 0.00835285056382, 0.00427117059007, 0.00341388792731, 0.00601769611239, 0.0223874729127]
    },
    "chords_histogram": [10.2880659103, 0.205761313438, 18.41563797, 0, 0, 0, 0, 0, 3.90946507454, 67.1810684204, 0, 0, 0, 0, 0, 0, 0, 0, 0, 0, 0, 0, 0, 0],
    "thpcp": [1, 0.92884850502, 0.488919824362, 0.212300792336, 0.101176790893, 0.0956373214722, 0.126550510526, 0.103427037597, 0.0725339129567, 0.0785576105118, 0.103274159133, 0.154163450003, 0.150224819779, 0.100539363921, 0.101773478091, 0.105926983058, 0.0721900239587, 0.043605428189, 0.0362569503486, 0.0573324970901, 0.192105829716, 0.318591624498, 0.214924663305, 0.105013974011, 0.10065356642, 0.0687750056386, 0.048528470099, 0.0442001447082, 0.0587835647166, 0.109909124672, 0.126260578632, 0.093469671905, 0.0862725526094, 0.0912606343627, 0.127110406756, 0.495980083942],
    "chords_key": "B",
    "chords_scale": "major",
    "key_key": "E",
    "key_scale": "minor"
}
}