{
"lowlevel": {
    "average_loudness": 0.932015061378,
    "barkbands_crest": {
        "mean": 11.7011804581,
        "var": 19.9691925049
    },
    "barkbands_flatness_db": {
        "mean": 0.243311822414,
        "var": 0.00555783929303
    },
    "barkbands_kurtosis": {
        "mean": 7.33860254288,
        "var": 154.633255005
    },
    "barkbands_skewness": {
        "mean": 1.81523644924,
        "var": 2.17753624916
    },
    "barkbands_spread": {
        "mean": 14.6453962326,
        "var": 182.0574646
    },
    "dissonance": {
        "mean": 0.428189784288,
        "var": 0.00188505847473
    },
    "dynamic_complexity": 3.45252323151,
    "erbbands_crest": {
        "mean": 11.9734096527,
        "var": 19.7311058044
    },
    "erbbands_flatness_db": {
        "mean": 0.241372153163,
        "var": 0.00234047137201
    },
    "erbbands_kurtosis": {
        "mean": 0.611898541451,
        "var": 9.88335037231
    },
    "erbbands_skewness": {
        "mean": 0.435052752495,
        "var": 0.976670861244
    },
    "erbbands_spread": {
        "mean": 31.7535400391,
        "var": 343.494689941
    },
    "hfc": {
        "mean": 15.1047582626,
        "var": 238.006256104
    },
    "melbands_crest": {
        "mean": 16.0902786255,
        "var": 29.5957107544
    },
    "melbands_flatness_db": {
        "mean": 0.317602574825,
        "var": 0.010432719253
    },
    "melbands_kurtosis": {
        "mean": 16.4016151428,
        "var": 455.112579346
    },
    "melbands_skewness": {
        "mean": 2.81783127785,
        "var": 2.95047307014
    },
    "melbands_spread": {
        "mean": 17.6433258057,
        "var": 325.839385986
    },
    "pitch_salience": {
        "mean": 0.468819886446,
        "var": 0.0109220212325
    },
    "silence_rate_20dB": {
        "mean": 1,
        "var": 0
    },
    "silence_rate_30dB": {
        "mean": 1,
        "var": 0
    },
    "silence_rate_60dB": {
        "mean": 0.0257466528565,
        "var": 0.025084476918
    },
    "spectral_centroid": {
        "mean": 926.032775879,
        "var": 430005.5625
    },
    "spectral_complexity": {
        "mean": 10.1364574432,
        "var": 21.0631923676
    },
    "spectral_decrease": {
        "mean": -5.10808106924e-009,
        "var": 1.08784325611e-017
    },
    "spectral_energy": {
        "mean": 0.0206491332501,
        "var": 0.000181046518264
    },
    "spectral_energyband_high": {
        "mean": 0.000191946834093,
        "var": 7.83880409472e-007
    },
    "spectral_energyband_low": {
        "mean": 0.00420873472467,
        "var": 1.80929164344e-005
    },
    "spectral_energyband_middle_high": {
        "mean": 0.00486895861104,
        "var": 3.62025966751e-005
    },
    "spectral_energyband_middle_low": {
        "mean": 0.0122629720718,
        "var": 8.42700828798e-005
    },
    "spectral_entropy": {
        "mean": 6.41771173477,
        "var": 0.432053297758
    },
    "spectral_flux": {
        "mean": 0.0619431324303,
        "var": 0.00159563252237
    },
    "spectral_kurtosis": {
        "mean": 18.5814189911,
        "var": 445.20098877
    },
    "spectral_rms": {
        "mean": 0.00422852532938,
        "var": 2.26506290346e-006
    },
    "spectral_rolloff": {
        "mean": 1187.15478516,
        "var": 2183504.5
    },
    "spectral_skewness": {
        "mean": 2.69750237465,
        "var": 2.67101836205
    },
    "spectral_spread": {
        "mean": 2837693.75,
        "var": 4.66680597709e+012
    },
    "spectral_strongpeak": {
        "mean": 1.16731059551,
        "var": 1.57460963726
    },
    "zerocrossingrate": {
        "mean": 0.0407327637076,
        "var": 0.00131624506321
    },
    "barkbands": {
        "mean": [2.60528008766e-006, 0.000822259578854, 0.00261587952264, 0.00159274903126, 0.00495242746547, 0.00121748901438, 0.00217246427201, 0.00169487169478, 0.000327431625919, 0.000617335375864, 0.000436534290202, 0.000780022295658, 0.000362847320503, 0.000357620156137, 0.000670125009492, 0.000263746449491, 0.000323328888044, 0.000814033614006, 0.000390934117604, 5.33832971996e-005, 1.90929895325e-005, 1.99742571567e-005, 4.4617572712e-005, 6.65712723276e-005, 2.77859107882e-005, 2.97952510664e-006, 5.19289748979e-008],
        "var": [3.20428579503e-011, 1.15819830171e-006, 1.40202882903e-005, 3.09592587655e-006, 3.24027387251e-005, 6.36494178252e-006, 1.51257872858e-005, 1.92453153431e-005, 5.82522545756e-007, 2.18675950237e-006, 1.78822847374e-006, 4.0035370148e-006, 2.00987960852e-006, 1.13246505862e-006, 3.98904148824e-006, 8.15933901777e-007, 8.73593080541e-007, 1.88678723134e-006, 8.20062666662e-007, 4.26204316284e-008, 5.60704371821e-009, 3.09355598915e-008, 5.9041369127e-008, 1.27862477939e-007, 3.68842485443e-008, 2.41784398058e-010, 1.65053477071e-013]
    },
    "erbbands": {
        "mean": [0.00492627872154, 0.289753496647, 2.65790724754, 4.48561048508, 14.4995422363, 16.108543396, 5.79418849945, 11.4968080521, 30.0921382904, 31.7800350189, 32.7804641724, 8.51735496521, 19.1447906494, 14.9663953781, 24.2030487061, 34.1559944153, 18.4437408447, 20.4588127136, 30.6245326996, 23.350446701, 12.9324474335, 18.8863391876, 42.7745323181, 32.6289901733, 13.1772193909, 2.29312467575, 1.05202877522, 0.679971933365, 0.708357930183, 0.689766645432, 1.40871942043, 1.29995071888, 1.19015145302, 0.448342323303, 0.126267835498, 0.0262357965112, 0.00403877068311, 0.000322237290675, 2.16272692342e-005, 2.53232556133e-005],
        "var": [2.74401645584e-005, 0.125949695706, 12.8275918961, 13.8958339691, 387.443908691, 353.817626953, 41.3142662048, 740.859680176, 2514.39697266, 4556.90966797, 8524.66894531, 227.573638916, 2289.22021484, 2015.84326172, 4403.65332031, 7174.95068359, 3862.58398438, 2844.96289063, 8138.64404297, 6360.65332031, 850.752258301, 1905.98791504, 6597.51318359, 4313.87451172, 577.371032715, 36.338886261, 29.8928012848, 21.5584621429, 36.4027557373, 20.789604187, 62.1594467163, 52.0691833496, 40.1317253113, 8.41759204865, 0.835010230541, 0.0247129369527, 0.00042889820179, 3.07317668558e-006, 3.64078811543e-009, 3.00679703358e-010]
    },
    "gfcc": {
        "mean": [-88.5659255981, 152.432891846, -120.566490173, 18.9841461182, -36.8445549011, -4.609582901, -45.6891860962, 1.22179818153, -30.0973205566, -17.9994678497, -8.10061264038, -16.3903999329, -16.4527931213],
        "cov": [[7940.23730469, -2586.60131836, -2267.6652832, 903.878662109, -928.345092773, -159.547607422, -781.523132324, 870.132202148, -423.960144043, 4.10746669769, 603.701782227, -2.23485207558, -239.965454102], [-2586.60131836, 1933.94787598, 414.56048584, -530.560241699, 723.341552734, -198.922286987, 483.436309814, -355.805938721, 187.195388794, -93.3611297607, -113.344985962, -81.0424575806, 121.597831726], [-2267.6652832, 414.56048584, 1468.87609863, -116.939399719, 22.1984405518, 308.74432373, 124.865226746, -221.080871582, 135.039138794, 19.6472110748, -251.571762085, 55.6171913147, 45.2323646545], [903.878662109, -530.560241699, -116.939399719, 423.721984863, -141.916595459, -29.6520652771, -114.141204834, 89.5475082397, 0.364908874035, 45.6907157898, 50.4478340149, 15.3887729645, -1.97966790199], [-928.345092773, 723.341552734, 22.1984405518, -141.916595459, 494.642700195, -96.7329406738, 140.636077881, -94.7952346802, 125.56652832, 6.00710105896, -44.3438262939, -64.2701873779, 44.6558189392], [-159.547607422, -198.922286987, 308.74432373, -29.6520652771, -96.7329406738, 319.486328125, -16.832529068, -14.5626125336, 26.8423500061, 21.695898056, -63.0867805481, -11.5648517609, -35.5782546997], [-781.523132324, 483.436309814, 124.865226746, -114.141204834, 140.636077881, -16.832529068, 342.328643799, -124.750267029, -18.3183460236, -30.0631198883, -47.4619445801, 24.2712211609, 4.57419633865], [870.132202148, -355.805938721, -221.080871582, 89.5475082397, -94.7952346802, -14.5626125336, -124.750267029, 259.59942627, -17.4691963196, 20.4469642639, 126.770645142, -14.5802955627, -45.1501235962], [-423.960144043, 187.195388794, 135.039138794, 0.364908874035, 125.56652832, 26.8423500061, -18.3183460236, -17.4691963196, 200.786819458, 61.1383132935, -43.8882827759, -74.6993637085, 5.74577951431], [4.10746669769, -93.3611297607, 19.6472110748, 45.6907157898, 6.00710105896, 21.695898056, -30.0631198883, 20.4469642639, 61.1383132935, 118.624763489, -13.4319925308, -24.655828476, -2.65886664391], [603.701782227, -113.344985962, -251.571762085, 50.4478340149, -44.3438262939, -63.0867805481, -47.4619445801, 126.770645142, -43.8882827759, -13.4319925308, 204.78302002, 12.5201215744, -34.7702522278], [-2.23485207558, -81.0424575806, 55.6171913147, 15.3887729645, -64.2701873779, -11.5648517609, 24.2712211609, -14.5802955627, -74.6993637085, -24.655828476, 12.5201215744, 138.49508667, 21.372964859], [-239.965454102, 121.597831726, 45.2323646545, -1.97966790199, 44.6558189392, -35.5782546997, 4.57419633865, -45.1501235962, 5.74577951431, -2.65886664391, -34.7702522278, 21.372964859, 91.6287307739]],
        "icov": [[0.000776472268626, -0.000752809282858, 0.00114385795314, -0.00146773317829, 0.000964354665484, -0.000900921004359, 0.00114307552576, -0.00127596675884, 0.00107825337909, -0.000167255158885, 0.000479230540805, -0.000351277325535, 0.00112187745981], [-0.000752809282858, 0.00710280239582, -0.00275654648431, 0.00592318037525, -0.0050201700069, 0.00447637168691, -0.0055953739211, 0.00436302740127, -0.00450843665749, 0.00350151211023, -0.00425594206899, 0.00347698829137, -0.00533647974953], [0.00114385795314, -0.00275654648431, 0.00334571651183, -0.00322175910696, 0.00262616504915, -0.00324231712148, 0.00257791765034, -0.00236698612571, 0.00143461464904, -0.000890136230737, 0.00244556018151, -0.00231726863421, 0.00245144241489], [-0.00146773317829, 0.00592318037525, -0.00322175910696, 0.00900675822049, -0.0037973606959, 0.00472657801583, -0.00494891544804, 0.00422532251105, -0.00509032374248, 0.00170061434619, -0.00376766594127, 0.00243160524406, -0.00553263025358], [0.000964354665484, -0.0050201700069, 0.00262616504915, -0.0037973606959, 0.00756577216089, -0.00238019088283, 0.0030016861856, -0.00323177990504, 0.00114021846093, -0.00211670924909, 0.00280857435428, -0.00154885894153, 0.00274960813113], [-0.000900921004359, 0.00447637168691, -0.00324231712148, 0.00472657801583, -0.00238019088283, 0.00797366537154, -0.00363018899225, 0.0030098115094, -0.00332772335969, 0.00154413643759, -0.00186570349615, 0.00282090646215, -0.00178930023685], [0.00114307552576, -0.0055953739211, 0.00257791765034, -0.00494891544804, 0.0030016861856, -0.00363018899225, 0.00920174177736, -0.0024725352414, 0.00519303791225, -0.00257032061927, 0.00331167713739, -0.00342862238176, 0.00614558951929], [-0.00127596675884, 0.00436302740127, -0.00236698612571, 0.00422532251105, -0.00323177990504, 0.0030098115094, -0.0024725352414, 0.0108234919608, -0.00342721561901, 0.000925472821109, -0.00604216521606, 0.00255828280933, -0.00231928331777], [0.00107825337909, -0.00450843665749, 0.00143461464904, -0.00509032374248, 0.00114021846093, -0.00332772335969, 0.00519303791225, -0.00342721561901, 0.0132063496858, -0.00545265385881, 0.00293115992099, 0.00162855756935, 0.00393891474232], [-0.000167255158885, 0.00350151211023, -0.000890136230737, 0.00170061434619, -0.00211670924909, 0.00154413643759, -0.00257032061927, 0.000925472821109, -0.00545265385881, 0.0126833515242, -0.00109824119136, 0.00171125284396, -0.00249906629324], [0.000479230540805, -0.00425594206899, 0.00244556018151, -0.00376766594127, 0.00280857435428, -0.00186570349615, 0.00331167713739, -0.00604216521606, 0.00293115992099, -0.00109824119136, 0.0112563148141, -0.0035596427042, 0.00526458956301], [-0.000351277325535, 0.00347698829137, -0.00231726863421, 0.00243160524406, -0.00154885894153, 0.00282090646215, -0.00342862238176, 0.00255828280933, 0.00162855756935, 0.00171125284396, -0.0035596427042, 0.0126359565184, -0.00540644582361], [0.00112187745981, -0.00533647974953, 0.00245144241489, -0.00553263025358, 0.00274960813113, -0.00178930023685, 0.00614558951929, -0.00231928331777, 0.00393891474232, -0.00249906629324, 0.00526458956301, -0.00540644582361, 0.019058778882]]
    },
    "melbands": {
        "mean": [0.000123646197608, 0.00104362179991, 0.0010237932438, 0.00127380131744, 0.000244844937697, 0.000258533546003, 0.000472635903861, 0.000353255600203, 0.000231439596973, 4.68476391688e-005, 9.47721709963e-005, 5.72645549255e-005, 6.42433951725e-005, 0.000100153643871, 5.99226987106e-005, 3.24046777678e-005, 3.81227036996e-005, 4.21723161708e-005, 4.94164487463e-005, 2.05394990189e-005, 1.39135436257e-005, 1.37933757287e-005, 4.12336921727e-005, 3.41860722983e-005, 2.68101775873e-005, 1.02379435702e-005, 5.58010606255e-006, 6.52972403259e-007, 6.58102351281e-007, 5.0461170531e-007, 3.85376239365e-007, 4.39540400521e-007, 3.1580640325e-007, 3.95541576381e-007, 7.24669519059e-007, 9.9794090147e-007, 7.02490467575e-007, 9.04404714674e-007, 5.93128731907e-007, 3.17390345117e-007],
        "var": [2.45546836197e-008, 1.80632866886e-006, 8.78215132616e-007, 2.23974848268e-006, 5.1917595556e-008, 3.44161549037e-007, 6.14296425283e-007, 6.01989256666e-007, 4.65011027018e-007, 8.72060201829e-009, 5.66217757125e-008, 3.69659254318e-008, 3.59277798623e-008, 5.91466786659e-008, 4.75492676344e-008, 1.41935263542e-008, 1.33150050985e-008, 1.95723099949e-008, 2.61903085885e-008, 8.25655455117e-009, 1.05850428422e-009, 1.22842258587e-009, 8.36292546325e-009, 4.07202005448e-009, 3.66486996306e-009, 2.98026242573e-010, 2.08378883593e-010, 1.56005867946e-011, 2.76323547377e-011, 2.17979388879e-012, 1.43155461443e-011, 1.97666223667e-011, 7.22120670552e-012, 6.43020576022e-012, 1.70019727463e-011, 3.2516257048e-011, 1.66160731008e-011, 2.11070709522e-011, 1.37510471759e-011, 4.74335197856e-012]
    },
    "mfcc": {
        "mean": [-734.652160645, 178.408111572, -9.15112876892, 24.3354988098, 23.8391876221, -9.99744415283, 3.80034947395, 2.50906157494, -15.2522306442, -4.10911989212, -2.7228140831, -4.22987937927, -8.85664749146],
        "cov": [[7554.11425781, -2573.59863281, -1718.45556641, 401.694488525, -112.523788452, -1190.40576172, 10.0870189667, 104.582756042, -695.852966309, -55.8966140747, 170.701873779, 218.879882813, -107.225982666], [-2573.59863281, 1936.5098877, -0.259684860706, -101.538894653, 97.2154922485, 312.857940674, 99.7217483521, -21.1349525452, 233.96522522, -16.2028369904, -28.6916694641, -56.6600494385, 33.2595062256], [-1718.45556641, -0.259684860706, 1313.62402344, -203.115493774, -4.7596244812, 398.396789551, -54.0816688538, 24.7887477875, 176.392791748, 50.5553016663, -57.8387870789, -45.0217514038, 30.0746154785], [401.694488525, -101.538894653, -203.115493774, 421.555358887, -14.1777000427, -103.648239136, 9.17532157898, -3.09902787209, -29.5041007996, -16.0387744904, 11.9167261124, -2.75433349609, 15.2969226837], [-112.523788452, 97.2154922485, -4.7596244812, -14.1777000427, 309.078155518, -14.5566949844, -66.6736907959, -17.1974048615, 49.2188987732, 71.5887451172, 12.0307149887, 28.9417705536, 27.9321460724], [-1190.40576172, 312.857940674, 398.396789551, -103.648239136, -14.5566949844, 442.013244629, -4.53392934799, -29.2758827209, 170.551742554, 26.217414856, -31.8670845032, -57.9629859924, 34.9682273865], [10.0870189667, 99.7217483521, -54.0816688538, 9.17532157898, -66.6736907959, -4.53392934799, 169.98274231, 48.7293968201, -28.7546138763, -32.0165710449, 29.585313797, 0.953403353691, -3.57250356674], [104.582756042, -21.1349525452, 24.7887477875, -3.09902787209, -17.1974048615, -29.2758827209, 48.7293968201, 131.619216919, -47.2486305237, -33.514339447, 9.43755531311, 2.40571260452, -0.950437963009], [-695.852966309, 233.96522522, 176.392791748, -29.5041007996, 49.2188987732, 170.551742554, -28.7546138763, -47.2486305237, 218.369827271, 50.4713058472, 2.96985507011, -13.830119133, 21.5800609589], [-55.8966140747, -16.2028369904, 50.5553016663, -16.0387744904, 71.5887451172, 26.217414856, -32.0165710449, -33.514339447, 50.4713058472, 140.720001221, 30.5621757507, 14.782916069, 17.8611011505], [170.701873779, -28.6916694641, -57.8387870789, 11.9167261124, 12.0307149887, -31.8670845032, 29.585313797, 9.43755531311, 2.96985507011, 30.5621757507, 146.934509277, 41.7065544128, 0.0849655270576], [218.879882813, -56.6600494385, -45.0217514038, -2.75433349609, 28.9417705536, -57.9629859924, 0.953403353691, 2.40571260452, -13.830119133, 14.782916069, 41.7065544128, 130.451934814, 5.94415330887], [-107.225982666, 33.2595062256, 30.0746154785, 15.2969226837, 27.9321460724, 34.9682273865, -3.57250356674, -0.950437963009, 21.5800609589, 17.8611011505, 0.0849655270576, 5.94415330887, 87.1160430908]],
        "icov": [[0.000652975519188, 0.000748903374188, 0.000667281739879, 5.69374651604e-006, -6.21087019681e-006, 0.000442584918346, -0.000123101432109, -0.000285730697215, 0.000330236012815, -0.000144329475006, -0.000116172159323, -0.000250284734648, 6.75782066537e-005], [0.000748903374188, 0.00159207789693, 0.000981578603387, 0.000145383703057, -0.00036485522287, 8.14104714664e-005, -0.000742807984352, -0.000339800200891, -0.000301355205011, 0.000173160704435, 5.1121260185e-005, -0.000164603756275, 5.00243913848e-005], [0.000667281739879, 0.000981578603387, 0.00191654323135, 0.000340774102369, 5.45275688637e-005, -0.000560849730391, 0.000152518987306, -0.00106180622242, -0.0001523677347, -0.000382757280022, 0.000226903270232, -0.000315745157422, 6.49443900329e-005], [5.69374651604e-006, 0.000145383703057, 0.000340774102369, 0.00272029731423, 0.000139595547807, 0.000516244559549, -0.000102983416582, 0.000106194856926, -0.000420660973759, 0.00028571637813, -0.000122199562611, 0.000428137253039, -0.000882316147909], [-6.21087019681e-006, -0.00036485522287, 5.45275688637e-005, 0.000139595547807, 0.00436594430357, 0.000685613544192, 0.00168424460571, -0.000626259541605, -0.000625927990768, -0.00174879119731, -1.10294222395e-005, -0.000611523981206, -0.000969174550846], [0.000442584918346, 8.14104714664e-005, -0.000560849730391, 0.000516244559549, 0.000685613544192, 0.00510846357793, -0.000395472394302, 0.000346607470419, -0.00206924090162, -0.000101894576801, 0.000118625473988, 0.00103338446934, -0.00120330334175], [-0.000123101432109, -0.000742807984352, 0.000152518987306, -0.000102983416582, 0.00168424460571, -0.000395472394302, 0.00824806280434, -0.0024846768938, 0.000679563672747, 0.000472793588415, -0.00175970094278, -3.77551950805e-005, -0.000233624741668], [-0.000285730697215, -0.000339800200891, -0.00106180622242, 0.000106194856926, -0.000626259541605, 0.000346607470419, -0.0024846768938, 0.0100195277482, 0.00168696953915, 0.00191033631563, -0.000696249189787, 0.00030784032424, -0.000634837953839], [0.000330236012815, -0.000301355205011, -0.0001523677347, -0.000420660973759, -0.000625927990768, -0.00206924090162, 0.000679563672747, 0.00168696953915, 0.00858472008258, -0.00148492667358, -0.000922929844819, -0.000185820419574, -8.30050703371e-005], [-0.000144329475006, 0.000173160704435, -0.000382757280022, 0.00028571637813, -0.00174879119731, -0.000101894576801, 0.000472793588415, 0.00191033631563, -0.00148492667358, 0.00984650664032, -0.002068500733, -6.35279866401e-005, -0.00116454332601], [-0.000116172159323, 5.1121260185e-005, 0.000226903270232, -0.000122199562611, -1.10294222395e-005, 0.000118625473988, -0.00175970094278, -0.000696249189787, -0.000922929844819, -0.002068500733, 0.0085622780025, -0.00224787462503, 0.000454529072158], [-0.000250284734648, -0.000164603756275, -0.000315745157422, 0.000428137253039, -0.000611523981206, 0.00103338446934, -3.77551950805e-005, 0.00030784032424, -0.000185820419574, -6.35279866401e-005, -0.00224787462503, 0.00925526861101, -0.000998569768853], [6.75782066537e-005, 5.00243913848e-005, 6.49443900329e-005, -0.000882316147909, -0.000969174550846, -0.00120330334175, -0.000233624741668, -0.000634837953839, -8.30050703371e-005, -0.00116454332601, 0.000454529072158, -0.000998569768853, 0.0127797899768]]
    },
    "spectral_contrast_coeffs": {
        "mean": [-0.54246199131, -0.65188896656, -0.714617371559, -0.722085297108, -0.701827466488, -0.795107781887],
        "var": [0.00418248074129, 0.00963503215462, 0.00646343128756, 0.00628754543141, 0.00954806711525, 0.00248896819539]
    },
    "spectral_contrast_valleys": {
        "mean": [-7.78187799454, -7.56444644928, -8.296459198, -8.88698005676, -9.29583835602, -12.0519666672],
        "var": [0.560890197754, 0.551347613335, 0.693874955177, 0.822078168392, 1.26496338844, 1.74958741665]
    }
},
"metadata": {
    "audio_properties": {
        "analysis_sample_rate": 44100,
        "bit_rate": 128074,
        "equal_loudness": 0,
        "length": 45.0612258911,
        "lossless": 0,
        "replay_gain": -4.94057273865,
        "sample_rate": 44100,
        "codec": "mp3",
        "downmix": "mix",
        "md5_encoded": "8a8a0335ebc74f568b9339ac5fa4e798"
    },
    "tags": {
        "file_name": "1612.mp3"
    },
    "version": {
        "essentia": "2.1-beta2",
        "essentia_git_sha": "v2.1_beta2",
        "extractor": "music 1.0"
    }
},
"rhythm": {
    "beats_count": 78,
    "beats_loudness": {
        "mean": 0.023827297613,
        "var": 0.000194326072233
    },
    "bpm": 103.244476318,
    "bpm_histogram_first_peak_bpm": {
        "mean": 103,
        "var": 0
    },
    "bpm_histogram_first_peak_spread": {
        "mean": 0.62790697813,
        "var": 0
    },
    "bpm_histogram_first_peak_weight": {
        "mean": 0.207792207599,
        "var": 0
    },
    "bpm_histogram_second_peak_bpm": {
        "mean": 98,
        "var": 0
    },
    "bpm_histogram_second_peak_spread": {
        "mean": 0.352941155434,
        "var": 0
    },
    "bpm_histogram_second_peak_weight": {
        "mean": 0.142857149243,
        "var": 0
    },
    "danceability": 1.08119881153,
    "onset_rate": 3.39385008812,
    "beats_loudness_band_ratio": {
        "mean": [0.445891797543, 0.306892603636, 0.167593315244, 0.0832152739167, 0.0781185925007, 0.0349273607135],
        "var": [0.0639752149582, 0.0364997014403, 0.0253687463701, 0.00943644996732, 0.0114130824804, 0.00773664563894]
    },
    "beats_position": [0.592108845711, 1.19582760334, 1.8111563921, 2.41487526894, 3.04181408882, 3.66875267029, 4.29569149017, 4.91102027893, 5.52634906769, 6.14167785645, 6.7570066452, 7.37233543396, 7.99927425385, 8.6146030426, 9.24154186249, 9.85687065125, 10.47219944, 11.0759181976, 11.7028570175, 12.3065757751, 12.8986845016, 13.4907932281, 14.0712919235, 14.6517915726, 15.2322902679, 15.8127889633, 16.3932876587, 16.9737873077, 17.5658950806, 18.1347846985, 18.7152824402, 19.2957820892, 19.8762817383, 20.4451694489, 21.0140590668, 21.5829467773, 22.1634464264, 22.7323360443, 23.312833786, 23.8817234039, 24.4506111145, 25.0078907013, 25.5651702881, 26.1456680298, 26.7145576477, 27.2834453583, 27.8523349762, 28.4560546875, 29.0597724915, 29.6518821716, 30.2323799133, 30.8128795624, 31.3817672729, 31.9506568909, 32.5079345703, 33.0652160645, 33.6457138062, 34.2378234863, 34.8299331665, 35.4104309082, 36.0257606506, 36.6410865784, 37.244808197, 37.848526001, 38.4522438049, 38.91664505, 39.3810424805, 39.8338317871, 40.2750091553, 40.7277984619, 41.192199707, 41.6565971375, 42.1093864441, 42.5621757507, 43.0149650574, 43.467754364, 43.9205436707, 44.3733329773]
},
"tonal": {
    "chords_changes_rate": 0.047325104475,
    "chords_number_rate": 0.00720164598897,
    "chords_strength": {
        "mean": 0.531805217266,
        "var": 0.0126394815743
    },
    "hpcp_entropy": {
        "mean": 1.66924655437,
        "var": 0.405551701784
    },
    "key_strength": 0.836759448051,
    "tuning_diatonic_strength": 0.660911679268,
    "tuning_equal_tempered_deviation": 0.0421146973968,
    "tuning_frequency": 438.224517822,
    "tuning_nontempered_energy_ratio": 0.701032817364,
    "hpcp": {
        "mean": [0.260460436344, 0.23355935514, 0.216122046113, 0.237594306469, 0.148054555058, 0.0550129562616, 0.053965035826, 0.0490927062929, 0.0597253069282, 0.0709341615438, 0.0438121035695, 0.0273487456143, 0.0285950377584, 0.0374963879585, 0.121753878891, 0.245388522744, 0.188138514757, 0.0810173302889, 0.0789763182402, 0.0490223020315, 0.0243389960378, 0.0286467932165, 0.0250258650631, 0.0346667952836, 0.0450215898454, 0.0348849855363, 0.0729514956474, 0.125765353441, 0.125149443746, 0.259431242943, 0.353578269482, 0.197534993291, 0.0768215283751, 0.0534146986902, 0.072326220572, 0.174005135894],
        "var": [0.106741353869, 0.0881630703807, 0.0867672935128, 0.120569348335, 0.0695197433233, 0.0207589250058, 0.0354857183993, 0.0241754371673, 0.0286606419832, 0.0408265441656, 0.0208993237466, 0.0129182785749, 0.0122160855681, 0.0128212319687, 0.0344864577055, 0.0929963812232, 0.0590801090002, 0.0231383405626, 0.0390931852162, 0.0166130885482, 0.00703678745776, 0.00721703795716, 0.00347306765616, 0.00987945403904, 0.0185308456421, 0.00939394067973, 0.0304521024227, 0.0830743387341, 0.0495912246406, 0.0900128260255, 0.150806888938, 0.0645238161087, 0.0351903215051, 0.0255791265517, 0.0259364619851, 0.0692238137126]
    },
    "chords_histogram": [50, 4.83539104462, 0.308641970158, 0.514403283596, 0, 0.617283940315, 0, 12.7572011948, 0.617283940315, 18.6213989258, 2.46913576126, 0.205761313438, 0, 0, 0, 0, 0, 0, 0, 0, 0, 0, 4.52674913406, 4.52674913406],
    "thpcp": [1, 0.558674037457, 0.217268809676, 0.15106895566, 0.204555049539, 0.492126226425, 0.736641526222, 0.660559117794, 0.611242473125, 0.671970903873, 0.418732047081, 0.155589193106, 0.15262542665, 0.13884536922, 0.168916791677, 0.200617983937, 0.123910620809, 0.0773484930396, 0.0808732882142, 0.106048338115, 0.34434774518, 0.694014728069, 0.532098650932, 0.229135483503, 0.223363041878, 0.138646259904, 0.0688362345099, 0.0810196623206, 0.0707788541913, 0.0980456024408, 0.127331331372, 0.0986626967788, 0.206323474646, 0.355693101883, 0.353951185942, 0.733730733395],
    "chords_key": "G",
    "chords_scale": "minor",
    "key_key": "G",
    "key_scale": "minor"
}
}