{
"lowlevel": {
    "average_loudness": 0.946602165699,
    "barkbands_crest": {
        "mean": 7.90568971634,
        "var": 9.56312084198
    },
    "barkbands_flatness_db": {
        "mean": 0.0766793861985,
        "var": 0.000655230367556
    },
    "barkbands_kurtosis": {
        "mean": 3.88604807854,
        "var": 17.1373710632
    },
    "barkbands_skewness": {
        "mean": 1.78376281261,
        "var": 0.599322795868
    },
    "barkbands_spread": {
        "mean": 27.1998462677,
        "var": 129.128448486
    },
    "dissonance": {
        "mean": 0.475102871656,
        "var": 0.000305870140437
    },
    "dynamic_complexity": 2.79230904579,
    "erbbands_crest": {
        "mean": 5.7985124588,
        "var": 5.84608459473
    },
    "erbbands_flatness_db": {
        "mean": 0.0916897952557,
        "var": 0.000337222329108
    },
    "erbbands_kurtosis": {
        "mean": 0.129022017121,
        "var": 1.17343866825
    },
    "erbbands_skewness": {
        "mean": 0.593753099442,
        "var": 0.151132643223
    },
    "erbbands_spread": {
        "mean": 46.493888855,
        "var": 99.4001846313
    },
    "hfc": {
        "mean": 25.72605896,
        "var": 896.765869141
    },
    "melbands_crest": {
        "mean": 12.4915533066,
        "var": 24.0793056488
    },
    "melbands_flatness_db": {
        "mean": 0.16110740602,
        "var": 0.00145781110041
    },
    "melbands_kurtosis": {
        "mean": 12.0523881912,
        "var": 160.027709961
    },
    "melbands_skewness": {
        "mean": 2.71012425423,
        "var": 1.00563454628
    },
    "melbands_spread": {
        "mean": 21.4640369415,
        "var": 237.560974121
    },
    "pitch_salience": {
        "mean": 0.654518306255,
        "var": 0.0126418145373
    },
    "silence_rate_20dB": {
        "mean": 1,
        "var": 0
    },
    "silence_rate_30dB": {
        "mean": 0.993820786476,
        "var": 0.00614098738879
    },
    "silence_rate_60dB": {
        "mean": 0.0437693111598,
        "var": 0.0418530628085
    },
    "spectral_centroid": {
        "mean": 1217.38256836,
        "var": 273290
    },
    "spectral_complexity": {
        "mean": 21.551492691,
        "var": 107.23400116
    },
    "spectral_decrease": {
        "mean": -6.63386412469e-009,
        "var": 3.34851480076e-017
    },
    "spectral_energy": {
        "mean": 0.0273711420596,
        "var": 0.000552218523808
    },
    "spectral_energyband_high": {
        "mean": 0.00143016909715,
        "var": 4.18303307015e-006
    },
    "spectral_energyband_low": {
        "mean": 0.00986758526415,
        "var": 0.000135112102726
    },
    "spectral_energyband_middle_high": {
        "mean": 0.00438796216622,
        "var": 2.2974492822e-005
    },
    "spectral_energyband_middle_low": {
        "mean": 0.012945542112,
        "var": 0.000167556238011
    },
    "spectral_entropy": {
        "mean": 7.93569135666,
        "var": 0.0522096790373
    },
    "spectral_flux": {
        "mean": 0.0927922576666,
        "var": 0.00282918591984
    },
    "spectral_kurtosis": {
        "mean": 3.70931911469,
        "var": 0.698983967304
    },
    "spectral_rms": {
        "mean": 0.00470096524805,
        "var": 4.60452019979e-006
    },
    "spectral_rolloff": {
        "mean": 1484.89331055,
        "var": 4018584
    },
    "spectral_skewness": {
        "mean": 1.67123091221,
        "var": 0.0289312489331
    },
    "spectral_spread": {
        "mean": 6380935.5,
        "var": 1.29609013658e+012
    },
    "spectral_strongpeak": {
        "mean": 0.521956861019,
        "var": 0.520269632339
    },
    "zerocrossingrate": {
        "mean": 0.0788782909513,
        "var": 0.0025973143056
    },
    "barkbands": {
        "mean": [0.000115786089737, 0.00325327343307, 0.00533850165084, 0.00219708611257, 0.00321052479558, 0.00283824186772, 0.00204725773074, 0.00164152402431, 0.000819935230538, 0.000610400864389, 0.000669998698868, 0.000944370869547, 0.000438652263256, 0.000405807921197, 0.000335655669915, 0.000300008425256, 0.00022840242309, 0.000229354860494, 0.000224692339543, 0.000208706580452, 0.000202282739338, 0.000155002722749, 0.000161665753694, 0.000135684880661, 0.000212543498492, 0.000348061264958, 9.77646850515e-005],
        "var": [4.68889709282e-008, 1.69172126334e-005, 6.8540655775e-005, 1.53387682076e-005, 1.86020497495e-005, 1.58851926244e-005, 7.3394426181e-006, 9.97311235551e-006, 1.3691036429e-006, 6.40464122625e-007, 1.26633460695e-006, 2.06034201256e-006, 2.41450493377e-007, 5.85449242863e-007, 1.76750560854e-007, 3.41937720805e-007, 1.19720795055e-007, 1.9586870792e-007, 1.08877465266e-007, 6.64134560679e-008, 6.20499989168e-008, 3.17888115831e-008, 3.90626233582e-008, 4.12401384153e-008, 1.01881390435e-007, 5.13498548571e-007, 1.46744213225e-007]
    },
    "erbbands": {
        "mean": [0.0556035973132, 0.930947542191, 5.34590339661, 7.32665634155, 9.49657535553, 9.70954990387, 15.3099184036, 23.4646129608, 29.9706897736, 35.6614494324, 31.4629688263, 19.981420517, 18.7996463776, 21.2543983459, 32.2975349426, 38.0489654541, 20.8946857452, 20.8580474854, 19.5361270905, 16.4588775635, 16.8719177246, 12.7759542465, 12.8879060745, 12.0282335281, 10.3111486435, 9.8343334198, 8.48633861542, 7.78441905975, 5.76709222794, 5.73269319534, 4.08427524567, 3.03041100502, 2.16749620438, 2.04406762123, 1.77417612076, 1.22350716591, 0.631121098995, 0.239856466651, 0.0103871766478, 0.000210191123188],
        "var": [0.00660068308935, 1.36074674129, 62.8989601135, 112.915298462, 246.532592773, 197.759170532, 473.739349365, 1357.39819336, 2699.59741211, 3839.68579102, 2073.70092773, 749.286376953, 603.60357666, 722.955566406, 2691.03051758, 3476.68066406, 507.93572998, 959.926940918, 1003.84118652, 481.800048828, 1058.74682617, 345.536956787, 430.603515625, 422.878082275, 158.877487183, 145.541275024, 86.1391372681, 128.629653931, 44.7877426147, 45.0146827698, 26.9669342041, 20.1537456512, 12.9010944366, 8.56811618805, 7.73130941391, 4.3510890007, 2.03450369835, 0.516363561153, 0.0018819749821, 3.90123346961e-007]
    },
    "gfcc": {
        "mean": [42.4876022339, 57.9969787598, -86.5765533447, 12.7111215591, -54.5689086914, 12.6014909744, -37.4665336609, 9.99486637115, -30.4093360901, 12.6756038666, -22.6617717743, 8.16411781311, -22.7993602753],
        "cov": [[4672.48095703, -233.205291748, 47.0487785339, -33.7159309387, 58.3190612793, -106.387428284, -92.3339767456, -76.6142807007, -84.1327285767, -25.865190506, -73.3720855713, -17.683719635, -21.0852432251], [-233.205291748, 457.363983154, 50.2064743042, 64.478843689, -6.19037628174, 46.1983070374, -6.70891809464, -9.39005661011, -13.9568529129, -28.2303752899, 12.4359416962, -1.92738604546, -3.4249560833], [47.0487785339, 50.2064743042, 148.64175415, 54.8703727722, 53.223449707, 27.3838481903, 13.4037590027, -6.13945627213, 7.29060792923, -13.6545219421, 6.85581445694, -5.0786190033, -6.79988050461], [-33.7159309387, 64.478843689, 54.8703727722, 111.631881714, 64.8417282104, 49.4701881409, 19.9466972351, 23.0305767059, -3.5879046917, 8.91973400116, -11.1997880936, -1.77068996429, -2.62664651871], [58.3190612793, -6.19037628174, 53.223449707, 64.8417282104, 96.0522384644, 45.4307403564, 39.7729606628, 23.1354675293, 8.7954082489, 6.52033090591, -7.0494389534, -4.50485515594, -2.75937724113], [-106.387428284, 46.1983070374, 27.3838481903, 49.4701881409, 45.4307403564, 79.4302444458, 39.3487701416, 28.1045131683, 13.2268791199, -0.0997905954719, 1.99150824547, -0.76659321785, -4.74018239975], [-92.3339767456, -6.70891809464, 13.4037590027, 19.9466972351, 39.7729606628, 39.3487701416, 62.4274291992, 41.2025680542, 21.5921211243, 8.56870651245, 0.3949637115, -4.58594274521, -6.37584447861], [-76.6142807007, -9.39005661011, -6.13945627213, 23.0305767059, 23.1354675293, 28.1045131683, 41.2025680542, 57.6848106384, 28.6873416901, 23.4636974335, -3.82609581947, -3.93113541603, -6.84852027893], [-84.1327285767, -13.9568529129, 7.29060792923, -3.5879046917, 8.7954082489, 13.2268791199, 21.5921211243, 28.6873416901, 49.7997550964, 20.019197464, 12.1778621674, 1.02553033829, -2.48819613457], [-25.865190506, -28.2303752899, -13.6545219421, 8.91973400116, 6.52033090591, -0.0997905954719, 8.56870651245, 23.4636974335, 20.019197464, 49.5739326477, 13.7067708969, 10.7682237625, 0.836992621422], [-73.3720855713, 12.4359416962, 6.85581445694, -11.1997880936, -7.0494389534, 1.99150824547, 0.3949637115, -3.82609581947, 12.1778621674, 13.7067708969, 46.8897361755, 25.7622928619, 10.8282003403], [-17.683719635, -1.92738604546, -5.0786190033, -1.77068996429, -4.50485515594, -0.76659321785, -4.58594274521, -3.93113541603, 1.02553033829, 10.7682237625, 25.7622928619, 46.1483917236, 24.2102165222], [-21.0852432251, -3.4249560833, -6.79988050461, -2.62664651871, -2.75937724113, -4.74018239975, -6.37584447861, -6.84852027893, -2.48819613457, 0.836992621422, 10.8282003403, 24.2102165222, 40.1375541687]],
        "icov": [[0.000254337355727, 6.85601917212e-005, -0.000163649849128, 0.000380645884434, -0.000604870263487, 0.000191152328625, 0.000584431341849, -0.000210622194572, 0.000377709598979, -6.92391695338e-005, 0.000376593903638, -0.00025249022292, 0.000250095094088], [6.85601917212e-005, 0.00302515854128, -0.000368664448615, -0.00277010258287, 0.00244879233651, -0.00141379015986, 0.000402788602514, 9.17473516893e-005, 0.000208806755836, 0.00200131884776, -0.00200627883896, 0.000848111114465, 0.00013233385107], [-0.000163649849128, -0.000368664448615, 0.0119046466425, -0.00637713167816, -0.00393031910062, 0.00221773679368, -0.00227326271124, 0.00656987214461, -0.00620815111324, 0.00543342810124, -0.004782830365, 0.00135611568112, 0.00220781704411], [0.000380645884434, -0.00277010258287, -0.00637713167816, 0.0277265366167, -0.0134367728606, -0.009038310498, 0.012299255468, -0.0125373257324, 0.0110309291631, -0.00845520570874, 0.00754700042307, -0.00293738697655, -0.000883046828676], [-0.000604870263487, 0.00244879233651, -0.00393031910062, -0.0134367728606, 0.0293798167259, -0.00412431824952, -0.0162997003645, 0.00862777233124, -0.00237479573116, -0.00275650783442, 0.00231818272732, 0.00184870534576, -0.00306855211966], [0.000191152328625, -0.00141379015986, 0.00221773679368, -0.009038310498, -0.00412431824952, 0.0277575328946, -0.0107491621748, -0.00172016746365, -0.00398684572428, 0.00804151035845, -0.004544056952, -0.00192927231546, 0.00273233326152], [0.000584431341849, 0.000402788602514, -0.00227326271124, 0.012299255468, -0.0162997003645, -0.0107491621748, 0.0507006496191, -0.0334077589214, 0.00406434666365, 0.00628771353513, -0.00507313432172, 0.00146050611511, 0.00133316242136], [-0.000210622194572, 9.17473516893e-005, 0.00656987214461, -0.0125373257324, 0.00862777233124, -0.00172016746365, -0.0334077589214, 0.0617347471416, -0.0211097951978, -0.0152875790372, 0.0124516934156, -0.0011143698357, 0.00212964555249], [0.000377709598979, 0.000208806755836, -0.00620815111324, 0.0110309291631, -0.00237479573116, -0.00398684572428, 0.00406434666365, -0.0211097951978, 0.0395060107112, -0.00856172386557, -0.00771676097065, 0.00453713489696, -0.00173132657073], [-6.92391695338e-005, 0.00200131884776, 0.00543342810124, -0.00845520570874, -0.00275650783442, 0.00804151035845, 0.00628771353513, -0.0152875790372, -0.00856172386557, 0.0388120114803, -0.0133259603754, -0.00425670016557, 0.00447460450232], [0.000376593903638, -0.00200627883896, -0.004782830365, 0.00754700042307, 0.00231818272732, -0.004544056952, -0.00507313432172, 0.0124516934156, -0.00771676097065, -0.0133259603754, 0.043916862458, -0.0215425509959, 0.00159748643637], [-0.00025249022292, 0.000848111114465, 0.00135611568112, -0.00293738697655, 0.00184870534576, -0.00192927231546, 0.00146050611511, -0.0011143698357, 0.00453713489696, -0.00425670016557, -0.0215425509959, 0.0461720041931, -0.0217500012368], [0.000250095094088, 0.00013233385107, 0.00220781704411, -0.000883046828676, -0.00306855211966, 0.00273233326152, 0.00133316242136, 0.00212964555249, -0.00173132657073, 0.00447460450232, 0.00159748643637, -0.0217500012368, 0.0385477058589]]
    },
    "melbands": {
        "mean": [0.000707434664946, 0.00230343546718, 0.00137367215939, 0.000686433922965, 0.000515975698363, 0.000554089492653, 0.000456122186733, 0.000387271749787, 0.000238576612901, 0.000115712362458, 9.29563466343e-005, 8.35860482766e-005, 9.88718893495e-005, 0.000115777700557, 6.42122176941e-005, 4.08322193834e-005, 3.82497419196e-005, 3.2483596442e-005, 2.26805459533e-005, 2.14016108657e-005, 1.8950775484e-005, 1.30977850858e-005, 1.22734136312e-005, 1.09929605969e-005, 9.59291719482e-006, 8.2228834799e-006, 6.64741764922e-006, 6.58642011331e-006, 5.5122500271e-006, 4.48128730568e-006, 4.52419726571e-006, 3.19908031088e-006, 2.94008850688e-006, 3.44516547557e-006, 2.49013714892e-006, 1.8274241711e-006, 1.85085741577e-006, 1.4669092252e-006, 1.50611163008e-006, 1.76042522071e-006],
        "var": [8.10641211046e-007, 9.79193555395e-006, 3.54499525201e-006, 9.74632371253e-007, 5.00509884205e-007, 7.42087081562e-007, 5.17359808327e-007, 5.23310404787e-007, 1.14984530342e-007, 2.61722004069e-008, 1.55123505152e-008, 1.16058540556e-008, 2.75886318235e-008, 3.21121120805e-008, 6.79260070413e-009, 1.96181715317e-009, 3.95967081346e-009, 3.72720210251e-009, 8.10900124826e-010, 1.24755583641e-009, 1.48169332359e-009, 3.69685282386e-010, 3.64008129194e-010, 7.57179874356e-010, 2.88132212534e-010, 1.34232222559e-010, 6.5949190553e-011, 7.4448634757e-011, 4.38460968921e-011, 3.4278319766e-011, 5.38171000819e-011, 1.55758218823e-011, 1.1740545168e-011, 1.90229099833e-011, 1.14582735661e-011, 6.42856731389e-012, 1.00118871527e-011, 7.71751586248e-012, 4.84775154047e-012, 6.71210396291e-012]
    },
    "mfcc": {
        "mean": [-616.369506836, 110.827735901, 13.8244485855, 12.4310436249, 0.997708022594, 5.39494037628, 0.985464096069, -0.325442403555, -2.44868183136, -1.8457814455, 1.83523261547, 1.67954027653, 3.89490652084],
        "cov": [[3777.66235352, -82.2457962036, -24.9043903351, 43.1964874268, 61.7221755981, -21.4443740845, -15.4426422119, -83.7621536255, -20.7946586609, -43.6163825989, -72.2243041992, -64.97706604, -19.7883167267], [-82.2457962036, 303.188049316, 73.9660415649, 21.042848587, 14.1917543411, 18.8907814026, 9.01925182343, 17.8607120514, -23.9188251495, -8.84121608734, -8.21388053894, 2.07056474686, -10.5923337936], [-24.9043903351, 73.9660415649, 118.801605225, 21.5230102539, 37.2972717285, 23.4752864838, 9.0856294632, 15.2646694183, -15.0507421494, -3.25083303452, -8.79093742371, 12.8420181274, -9.40380859375], [43.1964874268, 21.042848587, 21.5230102539, 85.8720550537, 43.3542137146, 27.7417964935, 26.675567627, 7.02206850052, 20.9928131104, 7.23647069931, 2.6924507618, 1.85448825359, 12.8193311691], [61.7221755981, 14.1917543411, 37.2972717285, 43.3542137146, 70.153427124, 41.8143882751, 26.41979599, 18.3092079163, 13.3742113113, 8.75675678253, 1.58653223515, 4.33489704132, -0.00588564528152], [-21.4443740845, 18.8907814026, 23.4752864838, 27.7417964935, 41.8143882751, 55.3890266418, 33.0970687866, 24.9260540009, 13.1877164841, 7.22082901001, 6.50975370407, 5.74639225006, 6.11731100082], [-15.4426422119, 9.01925182343, 9.0856294632, 26.675567627, 26.41979599, 33.0970687866, 57.6536140442, 29.5303287506, 18.3034896851, 14.0394124985, 10.1900901794, 4.13042497635, 4.91284227371], [-83.7621536255, 17.8607120514, 15.2646694183, 7.02206850052, 18.3092079163, 24.9260540009, 29.5303287506, 55.5396957397, 24.5858078003, 13.8599348068, 14.0505743027, 9.07709217072, 0.182517454028], [-20.7946586609, -23.9188251495, -15.0507421494, 20.9928131104, 13.3742113113, 13.1877164841, 18.3034896851, 24.5858078003, 55.7579574585, 31.2056541443, 19.6566829681, 1.89856719971, 3.92210912704], [-43.6163825989, -8.84121608734, -3.25083303452, 7.23647069931, 8.75675678253, 7.22082901001, 14.0394124985, 13.8599348068, 31.2056541443, 47.3951721191, 24.6518783569, 5.13257026672, -2.17761778831], [-72.2243041992, -8.21388053894, -8.79093742371, 2.6924507618, 1.58653223515, 6.50975370407, 10.1900901794, 14.0505743027, 19.6566829681, 24.6518783569, 52.5485076904, 17.9427642822, 7.84588241577], [-64.97706604, 2.07056474686, 12.8420181274, 1.85448825359, 4.33489704132, 5.74639225006, 4.13042497635, 9.07709217072, 1.89856719971, 5.13257026672, 17.9427642822, 42.3772964478, 20.7858600616], [-19.7883167267, -10.5923337936, -9.40380859375, 12.8193311691, -0.00588564528152, 6.11731100082, 4.91284227371, 0.182517454028, 3.92210912704, -2.17761778831, 7.84588241577, 20.7858600616, 61.4165992737]],
        "icov": [[0.000297698919894, 3.91060493712e-005, 7.6542935858e-005, 5.13569320901e-005, -0.000652746006381, 0.000397862604586, -0.000187817116966, 0.00046662328532, -0.000153899789439, 0.000246532901656, 0.000156556940055, 0.000280179869151, -1.86458473763e-005], [3.91060493712e-005, 0.00426705554128, -0.00216631870717, -0.0018379369285, 0.00189638941083, -0.0011374107562, 0.000577152241021, -0.00209981831722, 0.00284416158684, -0.000659309094772, -7.76570959715e-005, 0.000712781271432, 0.000437681825133], [7.6542935858e-005, -0.00216631870717, 0.0144570488483, -0.0021148910746, -0.00609701452777, -0.000707855971996, 0.00242652487941, -0.00410873861983, 0.00676134554669, -0.00278236274607, 0.00343393580988, -0.00566283985972, 0.00314151635394], [5.13569320901e-005, -0.0018379369285, -0.0021148910746, 0.0224227774888, -0.0117110265419, 0.00192344107199, -0.00728432368487, 0.00886407028884, -0.0111522600055, 0.00481869420037, -0.000657200289425, 0.00206247554161, -0.00467188842595], [-0.000652746006381, 0.00189638941083, -0.00609701452777, -0.0117110265419, 0.0379467271268, -0.021590879187, 0.00206260336563, -0.00198533711955, 0.000725597201381, -0.00391438417137, 0.00226610898972, -0.00182868703268, 0.00376697350293], [0.000397862604586, -0.0011374107562, -0.000707855971996, 0.00192344107199, -0.021590879187, 0.0450758747756, -0.013918897137, -0.00497677875683, -0.00127937167417, 0.0041279932484, -0.00221704109572, 0.00179066206329, -0.00403617089614], [-0.000187817116966, 0.000577152241021, 0.00242652487941, -0.00728432368487, 0.00206260336563, -0.013918897137, 0.0341657027602, -0.0134951537475, 0.00468254042789, -0.00657047471032, 0.000244181632297, 0.00114712351933, -0.000326733978], [0.00046662328532, -0.00209981831722, -0.00410873861983, 0.00886407028884, -0.00198533711955, -0.00497677875683, -0.0134951537475, 0.0371746830642, -0.0181755628437, 0.00652277469635, -0.00270464108326, -0.00380735681392, 0.00179951277096], [-0.000153899789439, 0.00284416158684, 0.00676134554669, -0.0111522600055, 0.000725597201381, -0.00127937167417, 0.00468254042789, -0.0181755628437, 0.0448347441852, -0.0228667687625, -0.000987976440229, 0.00329538760707, -0.00105210312176], [0.000246532901656, -0.000659309094772, -0.00278236274607, 0.00481869420037, -0.00391438417137, 0.0041279932484, -0.00657047471032, 0.00652277469635, -0.0228667687625, 0.0424850955606, -0.0132017275319, -1.76660960278e-005, 0.00328771374188], [0.000156556940055, -7.76570959715e-005, 0.00343393580988, -0.000657200289425, 0.00226610898972, -0.00221704109572, 0.000244181632297, -0.00270464108326, -0.000987976440229, -0.0132017275319, 0.03131140396, -0.012042474933, 0.000580238760449], [0.000280179869151, 0.000712781271432, -0.00566283985972, 0.00206247554161, -0.00182868703268, 0.00179066206329, 0.00114712351933, -0.00380735681392, 0.00329538760707, -1.76660960278e-005, -0.012042474933, 0.0374429374933, -0.0126882018521], [-1.86458473763e-005, 0.000437681825133, 0.00314151635394, -0.00467188842595, 0.00376697350293, -0.00403617089614, -0.000326733978, 0.00179951277096, -0.00105210312176, 0.00328771374188, 0.000580238760449, -0.0126882018521, 0.0226348862052]]
    },
    "spectral_contrast_coeffs": {
        "mean": [-0.633490025997, -0.756104528904, -0.811434924603, -0.814105451107, -0.814122915268, -0.772403001785],
        "var": [0.00565470708534, 0.0039528189227, 0.00173939578235, 0.00115723162889, 0.000883485714439, 0.000792261853348]
    },
    "spectral_contrast_valleys": {
        "mean": [-7.17157411575, -6.21956682205, -6.75864171982, -7.30451822281, -7.35223913193, -9.59428310394],
        "var": [0.757805526257, 0.708287477493, 0.598275065422, 0.638055086136, 0.652012169361, 0.636333703995]
    }
},
"metadata": {
    "audio_properties": {
        "analysis_sample_rate": 44100,
        "bit_rate": 128074,
        "equal_loudness": 0,
        "length": 45.0612258911,
        "lossless": 0,
        "replay_gain": -5.863697052,
        "sample_rate": 44100,
        "codec": "mp3",
        "downmix": "mix",
        "md5_encoded": "dc1d22f9861fe897cee54bad5f0a48b7"
    },
    "tags": {
        "file_name": "1613.mp3"
    },
    "version": {
        "essentia": "2.1-beta2",
        "essentia_git_sha": "v2.1_beta2",
        "extractor": "music 1.0"
    }
},
"rhythm": {
    "beats_count": 106,
    "beats_loudness": {
        "mean": 0.0448541678488,
        "var": 0.000579376355745
    },
    "bpm": 142.656204224,
    "bpm_histogram_first_peak_bpm": {
        "mean": 144,
        "var": 0
    },
    "bpm_histogram_first_peak_spread": {
        "mean": 0.231578931212,
        "var": 0
    },
    "bpm_histogram_first_peak_weight": {
        "mean": 0.695238113403,
        "var": 0
    },
    "bpm_histogram_second_peak_bpm": {
        "mean": 133,
        "var": 0
    },
    "bpm_histogram_second_peak_spread": {
        "mean": 0.600000023842,
        "var": 0
    },
    "bpm_histogram_second_peak_weight": {
        "mean": 0.0380952395499,
        "var": 0
    },
    "danceability": 1.31774675846,
    "onset_rate": 5.63423490524,
    "beats_loudness_band_ratio": {
        "mean": [0.481849431992, 0.210963487625, 0.168708696961, 0.0948110818863, 0.0411078631878, 0.0705774798989],
        "var": [0.0305825229734, 0.0123045286164, 0.00829834491014, 0.00139946502168, 0.000357615324901, 0.0133321713656]
    },
    "beats_position": [0.429569154978, 0.882358253002, 1.33514738083, 1.764716506, 2.19428563118, 2.61224484444, 3.04181408882, 3.45977306366, 3.88934230804, 4.31891155243, 4.76009082794, 5.22448968887, 5.67727899551, 6.13006782532, 6.59446716309, 7.03564596176, 7.46521520615, 7.89478445053, 8.31274318695, 8.73070240021, 9.14866161346, 9.57823085785, 10.0078001022, 10.4257593155, 10.8437185287, 11.261677742, 11.6796369553, 12.1092061996, 12.538775444, 12.9567346573, 13.3746938705, 13.7926530838, 14.2106122971, 14.6285715103, 15.0465307236, 15.4644899368, 15.8824491501, 16.3120174408, 16.7415866852, 17.1595458984, 17.5775051117, 17.995464325, 18.4134235382, 18.8313827515, 19.2493419647, 19.667301178, 20.0852603912, 20.5032196045, 20.9211788177, 21.339138031, 21.7570972443, 22.1750564575, 22.5930156708, 23.010974884, 23.4405441284, 23.8701133728, 24.2880725861, 24.7060317993, 25.1239910126, 25.5419502258, 25.9599094391, 26.3778686523, 26.7958278656, 27.2137870789, 27.6317462921, 28.0613155365, 28.4908847809, 28.9088420868, 29.3268013, 29.7447605133, 30.1627197266, 30.5806789398, 30.9986381531, 31.4165973663, 31.8345565796, 32.2525177002, 32.6704750061, 33.1000442505, 33.5296134949, 33.9475746155, 34.3655319214, 34.783493042, 35.2246704102, 35.6426315308, 36.0605888367, 36.4785499573, 36.8965072632, 37.3144645691, 37.7324256897, 38.1503829956, 38.5683441162, 38.9863014221, 39.4042625427, 39.8338317871, 40.2634010315, 40.6813583374, 41.099319458, 41.5172767639, 41.9352378845, 42.3531951904, 42.771156311, 43.1891136169, 43.6302947998, 44.0482521057, 44.4662132263, 44.8957824707]
},
"tonal": {
    "chords_changes_rate": 0.0936213955283,
    "chords_number_rate": 0.00823045242578,
    "chords_strength": {
        "mean": 0.430463224649,
        "var": 0.00582913821563
    },
    "hpcp_entropy": {
        "mean": 2.5674469471,
        "var": 0.59646999836
    },
    "key_strength": 0.668901562691,
    "tuning_diatonic_strength": 0.470406085253,
    "tuning_equal_tempered_deviation": 0.141775518656,
    "tuning_frequency": 439.238189697,
    "tuning_nontempered_energy_ratio": 0.773657381535,
    "hpcp": {
        "mean": [0.145826011896, 0.128030598164, 0.18695756793, 0.274398058653, 0.224250748754, 0.156800419092, 0.15242433548, 0.159538045526, 0.250428974628, 0.310430109501, 0.230842188001, 0.154592648149, 0.132704854012, 0.124576866627, 0.170997187495, 0.216584295034, 0.173750638962, 0.137126654387, 0.160242542624, 0.162435412407, 0.148446083069, 0.124338753521, 0.09808768332, 0.113149046898, 0.126242145896, 0.106807678938, 0.103884860873, 0.120917849243, 0.11956884712, 0.218488886952, 0.35194337368, 0.266889035702, 0.135382264853, 0.124104082584, 0.14222574234, 0.154997318983],
        "var": [0.0509000830352, 0.0424178987741, 0.0548639968038, 0.10803361237, 0.0778710320592, 0.0453745350242, 0.0429502241313, 0.0430173017085, 0.0777737870812, 0.129774183035, 0.0679389312863, 0.0398730039597, 0.0367954187095, 0.0357696339488, 0.0371893793344, 0.052654299885, 0.0407567359507, 0.0387234315276, 0.0631206333637, 0.050672262907, 0.0348527878523, 0.0287993177772, 0.0270066540688, 0.0290270876139, 0.0402620285749, 0.0284361299127, 0.0239527765661, 0.0461605675519, 0.0405972786248, 0.0519446916878, 0.107898794115, 0.0667579248548, 0.0369603224099, 0.0422715581954, 0.0498337037861, 0.0488783866167]
    },
    "chords_histogram": [24.3827152252, 0, 44.3415641785, 0, 0, 1.64609050751, 0, 12.551440239, 0, 12.2427988052, 0, 2.16049385071, 0, 0, 0, 0, 0, 0, 0, 0, 0, 0, 1.33744859695, 1.33744859695],
    "thpcp": [1, 0.758329451084, 0.384670585394, 0.352625131607, 0.404115408659, 0.44040414691, 0.414345085621, 0.363781809807, 0.531214892864, 0.779665350914, 0.637178480625, 0.445527404547, 0.433093339205, 0.453306019306, 0.711560428143, 0.88204562664, 0.655907213688, 0.439254313707, 0.37706309557, 0.353968501091, 0.485865622759, 0.615395307541, 0.49368917942, 0.389627039433, 0.455307751894, 0.461538493633, 0.421789675951, 0.353291928768, 0.278703033924, 0.321497887373, 0.358700156212, 0.303479731083, 0.295174926519, 0.343571901321, 0.339738875628, 0.620806932449],
    "chords_key": "G",
    "chords_scale": "minor",
    "key_key": "C",
    "key_scale": "minor"
}
}