{
"lowlevel": {
    "average_loudness": 0.906378626823,
    "barkbands_crest": {
        "mean": 11.1303081512,
        "var": 16.0219631195
    },
    "barkbands_flatness_db": {
        "mean": 0.226910173893,
        "var": 0.00363027420826
    },
    "barkbands_kurtosis": {
        "mean": 14.0090847015,
        "var": 219.696243286
    },
    "barkbands_skewness": {
        "mean": 2.50767087936,
        "var": 1.91557908058
    },
    "barkbands_spread": {
        "mean": 7.99928665161,
        "var": 55.5661354065
    },
    "dissonance": {
        "mean": 0.429484724998,
        "var": 0.0020155988168
    },
    "dynamic_complexity": 3.71431493759,
    "erbbands_crest": {
        "mean": 10.0308504105,
        "var": 20.6671257019
    },
    "erbbands_flatness_db": {
        "mean": 0.185149148107,
        "var": 0.00224214256741
    },
    "erbbands_kurtosis": {
        "mean": 2.8552043438,
        "var": 19.2583694458
    },
    "erbbands_skewness": {
        "mean": 1.20068562031,
        "var": 0.836360931396
    },
    "erbbands_spread": {
        "mean": 30.9952373505,
        "var": 424.473907471
    },
    "hfc": {
        "mean": 10.7049236298,
        "var": 119.51210022
    },
    "melbands_crest": {
        "mean": 15.0338954926,
        "var": 26.0719623566
    },
    "melbands_flatness_db": {
        "mean": 0.313125222921,
        "var": 0.00588453607634
    },
    "melbands_kurtosis": {
        "mean": 26.4860782623,
        "var": 891.280944824
    },
    "melbands_skewness": {
        "mean": 3.27227306366,
        "var": 3.35079741478
    },
    "melbands_spread": {
        "mean": 7.50848913193,
        "var": 48.1892967224
    },
    "pitch_salience": {
        "mean": 0.576110363007,
        "var": 0.0143395662308
    },
    "silence_rate_20dB": {
        "mean": 1,
        "var": 0
    },
    "silence_rate_30dB": {
        "mean": 0.965499460697,
        "var": 0.0333101525903
    },
    "silence_rate_60dB": {
        "mean": 0.0736354291439,
        "var": 0.06821359694
    },
    "spectral_centroid": {
        "mean": 517.334472656,
        "var": 111666.6875
    },
    "spectral_complexity": {
        "mean": 10.2281150818,
        "var": 28.1050605774
    },
    "spectral_decrease": {
        "mean": -9.32600663361e-009,
        "var": 7.54036604405e-017
    },
    "spectral_energy": {
        "mean": 0.0361695252359,
        "var": 0.00112497340888
    },
    "spectral_energyband_high": {
        "mean": 0.00019362178864,
        "var": 2.22144677764e-007
    },
    "spectral_energyband_low": {
        "mean": 0.0178001094609,
        "var": 0.000535253086127
    },
    "spectral_energyband_middle_high": {
        "mean": 0.00205794698559,
        "var": 1.94201111299e-005
    },
    "spectral_energyband_middle_low": {
        "mean": 0.018856683746,
        "var": 0.000290496245725
    },
    "spectral_entropy": {
        "mean": 6.83168649673,
        "var": 0.37939992547
    },
    "spectral_flux": {
        "mean": 0.0932598561049,
        "var": 0.00377629720606
    },
    "spectral_kurtosis": {
        "mean": 9.92868518829,
        "var": 91.5134658813
    },
    "spectral_rms": {
        "mean": 0.00532228173688,
        "var": 6.96061306371e-006
    },
    "spectral_rolloff": {
        "mean": 481.048309326,
        "var": 445431.5625
    },
    "spectral_skewness": {
        "mean": 2.35096716881,
        "var": 0.972509324551
    },
    "spectral_spread": {
        "mean": 3876815.25,
        "var": 3.55464930918e+012
    },
    "spectral_strongpeak": {
        "mean": 0.62764942646,
        "var": 0.640954256058
    },
    "zerocrossingrate": {
        "mean": 0.0248447656631,
        "var": 0.000377707794541
    },
    "barkbands": {
        "mean": [0.000580061168876, 0.00921904016286, 0.00538704264909, 0.00476066442207, 0.00748501811177, 0.00249853520654, 0.00175239925738, 0.000977313844487, 0.00111463130452, 0.000576120917685, 0.000670159526635, 0.000313650874887, 0.000236576423049, 0.000123506266391, 6.67559215799e-005, 4.62899588456e-005, 5.48615389562e-005, 4.68358884973e-005, 4.43361677753e-005, 4.59092188976e-005, 4.65598423034e-005, 4.70958075312e-005, 3.42278945027e-005, 2.26641877816e-005, 1.11844483399e-005, 8.07215656096e-006, 1.99047267557e-009],
        "var": [2.07330344892e-006, 0.000252786907367, 5.35771359864e-005, 3.45888765878e-005, 7.71790582803e-005, 1.14607546493e-005, 1.70347138919e-005, 1.22330930026e-005, 1.1851239833e-005, 3.95000552089e-006, 5.20292360306e-006, 1.11196902708e-006, 8.86021268798e-007, 1.49839337382e-007, 3.19841007013e-008, 8.09829980852e-009, 8.84016504443e-009, 6.7600716136e-009, 5.91269566641e-009, 9.69708757736e-009, 1.0370314385e-008, 1.62902047407e-008, 2.58642263162e-008, 1.12499316529e-008, 9.96575377776e-010, 1.64474478481e-009, 1.17123067853e-015]
    },
    "erbbands": {
        "mean": [0.210964038968, 2.25530457497, 6.12778377533, 12.5229063034, 19.1891956329, 28.4251995087, 21.6222667694, 18.5703296661, 19.7275924683, 32.9336853027, 19.1877040863, 25.2746658325, 22.8970603943, 18.0672779083, 25.3569030762, 14.5839548111, 12.0889053345, 7.10646486282, 3.87989377975, 3.37524437904, 2.61861014366, 2.96046209335, 2.67751932144, 2.15940475464, 2.35243606567, 2.1931810379, 1.93417453766, 1.83570683002, 1.72003924847, 1.31925535202, 0.922911942005, 0.616265833378, 0.292814791203, 0.13803692162, 0.074649117887, 0.047201000154, 0.0133367981762, 0.00031572705484, 2.71289427474e-005, 4.10520478908e-005],
        "var": [0.136245921254, 15.0559282303, 75.237411499, 194.395050049, 455.800537109, 1582.97351074, 822.932983398, 737.258605957, 1984.01599121, 11224.4638672, 3785.81640625, 6852.84619141, 5735.52539063, 2713.44677734, 7096.52148438, 2628.11352539, 2164.67529297, 459.623748779, 110.677192688, 36.8910331726, 24.327205658, 26.5083427429, 20.5554447174, 12.3397684097, 21.2796916962, 21.4336681366, 15.7980594635, 20.0044612885, 21.6099128723, 20.7407550812, 22.6595458984, 11.1761741638, 1.18405759335, 0.146697938442, 0.0551418364048, 0.0416485629976, 0.00584984011948, 3.21695233652e-006, 2.96411428735e-009, 1.41087497241e-009]
    },
    "gfcc": {
        "mean": [-62.2068252563, 144.847091675, -86.3736038208, 35.3638534546, -59.4402275085, 12.5321712494, -31.2347869873, -0.790575861931, -27.5275306702, -4.27041149139, -15.0771055222, -0.709102809429, -7.15758895874],
        "cov": [[7411.57568359, -922.799743652, -303.635345459, 292.523406982, -491.105102539, 220.560501099, -89.5149993896, 339.61932373, -14.9383649826, 294.739929199, -92.1183395386, 261.908050537, -126.297859192], [-922.799743652, 1074.97973633, 28.3340873718, -228.568572998, 302.003295898, -142.826644897, 169.923309326, -141.787399292, 131.709625244, -154.086715698, 144.527160645, -109.69316864, 83.4578857422], [-303.635345459, 28.3340873718, 655.599182129, 133.58164978, 41.7253723145, 53.5998802185, -29.8253383636, 8.5150384903, -0.605596721172, -5.84066820145, 11.3393230438, -10.2153139114, 5.2599363327], [292.523406982, -228.568572998, 133.58164978, 473.06942749, 7.23946380615, -13.669754982, 4.30241727829, 12.2134742737, 63.8383522034, 50.188583374, -2.03466749191, -17.4715995789, 44.055606842], [-491.105102539, 302.003295898, 41.7253723145, 7.23946380615, 279.494171143, -0.816561281681, 46.5720443726, -41.190486908, 37.5827980042, -33.4491195679, 28.2791595459, -48.1913833618, 48.7849006653], [220.560501099, -142.826644897, 53.5998802185, -13.669754982, -0.816561281681, 174.42036438, 18.1428031921, 42.4843978882, -18.6650772095, 9.19549465179, -19.1831607819, 25.1318759918, -13.5633163452], [-89.5149993896, 169.923309326, -29.8253383636, 4.30241727829, 46.5720443726, 18.1428031921, 159.138366699, 12.118268013, 28.1617603302, -35.6928901672, 20.4789810181, -13.5364599228, 8.19737052917], [339.61932373, -141.787399292, 8.5150384903, 12.2134742737, -41.190486908, 42.4843978882, 12.118268013, 122.724189758, 7.31237363815, 33.6867980957, -15.8200330734, 19.7081222534, -24.943063736], [-14.9383649826, 131.709625244, -0.605596721172, 63.8383522034, 37.5827980042, -18.6650772095, 28.1617603302, 7.31237363815, 119.895065308, 9.18249225616, 28.8032913208, -28.7671279907, 21.7855167389], [294.739929199, -154.086715698, -5.84066820145, 50.188583374, -33.4491195679, 9.19549465179, -35.6928901672, 33.6867980957, 9.18249225616, 93.1622161865, -7.98952865601, 19.7018280029, -5.07553625107], [-92.1183395386, 144.527160645, 11.3393230438, -2.03466749191, 28.2791595459, -19.1831607819, 20.4789810181, -15.8200330734, 28.8032913208, -7.98952865601, 75.509552002, -1.0182710886, 21.3695011139], [261.908050537, -109.69316864, -10.2153139114, -17.4715995789, -48.1913833618, 25.1318759918, -13.5364599228, 19.7081222534, -28.7671279907, 19.7018280029, -1.0182710886, 82.6121902466, 2.52565169334], [-126.297859192, 83.4578857422, 5.2599363327, 44.055606842, 48.7849006653, -13.5633163452, 8.19737052917, -24.943063736, 21.7855167389, -5.07553625107, 21.3695011139, 2.52565169334, 75.9282455444]],
        "icov": [[0.000237278363784, -0.000544279173482, 0.000255908060353, -0.000537943851668, 0.0004816352739, -0.000531260273419, 0.000416285620304, -0.000554107944481, 0.000324470718624, -0.000591425923631, 0.000417459203163, -0.000668007764034, 0.000428107334301], [-0.000544279173482, 0.00869293604046, -0.00209681596607, 0.00603795610368, -0.00501283025369, 0.00581596372649, -0.00595382740721, 0.00468478677794, -0.00645576138049, 0.00539050111547, -0.00683226017281, 0.00398445315659, -0.00337395886891], [0.000255908060353, -0.00209681596607, 0.00237830146216, -0.00221740803681, 0.000991491833702, -0.00221430882812, 0.00220715510659, -0.00155462173279, 0.00182155810762, -0.000774214277044, 0.000899095612112, -0.000994817935862, 0.00127632485237], [-0.000537943851668, 0.00603795610368, -0.00221740803681, 0.00715703703463, -0.00322529207915, 0.00449826847762, -0.00469750631601, 0.00348080461845, -0.00550661748275, 0.00222715758719, -0.00371409184299, 0.00375086138956, -0.00435478053987], [0.0004816352739, -0.00501283025369, 0.000991491833702, -0.00322529207915, 0.00804913882166, -0.0041828728281, 0.00251696282066, -0.0020555248484, 0.00322763016447, -0.00308626028709, 0.00344095611945, 5.6665194279e-005, -0.000854775309563], [-0.000531260273419, 0.00581596372649, -0.00221430882812, 0.00449826847762, -0.0041828728281, 0.0111861145124, -0.00525784306228, 0.00151191942859, -0.00365341710858, 0.00337581266649, -0.00286369677633, 0.000965624116361, -0.00193518295418], [0.000416285620304, -0.00595382740721, 0.00220715510659, -0.00469750631601, 0.00251696282066, -0.00525784306228, 0.012462769635, -0.00521825626493, 0.00310788163915, 0.000212969229324, 0.00275207217783, -0.00260609970428, 0.00262791290879], [-0.000554107944481, 0.00468478677794, -0.00155462173279, 0.00348080461845, -0.0020555248484, 0.00151191942859, -0.00521825626493, 0.0143765117973, -0.00534210214391, -0.000304301473079, -0.00198502582498, 0.00073649600381, 0.00094053952489], [0.000324470718624, -0.00645576138049, 0.00182155810762, -0.00550661748275, 0.00322763016447, -0.00365341710858, 0.00310788163915, -0.00534210214391, 0.0169352404773, -0.00586745142937, 0.00109272892587, 0.00153932312969, 0.000277644401649], [-0.000591425923631, 0.00539050111547, -0.000774214277044, 0.00222715758719, -0.00308626028709, 0.00337581266649, 0.000212969229324, -0.000304301473079, -0.00586745142937, 0.019135562703, -0.00427663093433, 7.5079537055e-005, -0.00152063916903], [0.000417459203163, -0.00683226017281, 0.000899095612112, -0.00371409184299, 0.00344095611945, -0.00286369677633, 0.00275207217783, -0.00198502582498, 0.00109272892587, -0.00427663093433, 0.0225062258542, -0.00558521365747, -0.000122551020468], [-0.000668007764034, 0.00398445315659, -0.000994817935862, 0.00375086138956, 5.6665194279e-005, 0.000965624116361, -0.00260609970428, 0.00073649600381, 0.00153932312969, 7.5079537055e-005, -0.00558521365747, 0.019966982305, -0.00646768230945], [0.000428107334301, -0.00337395886891, 0.00127632485237, -0.00435478053987, -0.000854775309563, -0.00193518295418, 0.00262791290879, 0.00094053952489, 0.000277644401649, -0.00152063916903, -0.000122551020468, -0.00646768230945, 0.0203264206648]]
    },
    "melbands": {
        "mean": [0.00229894509539, 0.0032423841767, 0.0023043404799, 0.00180542713497, 0.000856559665408, 0.000428710423876, 0.000317042198731, 0.00032984034624, 0.000157425922225, 0.000155369358254, 0.000109566448373, 6.69756409479e-005, 0.00010054615268, 3.85482708225e-005, 3.35649310728e-005, 1.9258897737e-005, 1.25788574223e-005, 6.24232870905e-006, 4.44360466645e-006, 3.88487887903e-006, 2.98044665215e-006, 3.05539128931e-006, 3.0266990052e-006, 2.02287992579e-006, 1.67344012425e-006, 1.77568858817e-006, 1.58508919412e-006, 1.41614384574e-006, 1.20837910345e-006, 1.09878101284e-006, 1.05994706701e-006, 1.02771207366e-006, 8.08070751646e-007, 6.97906727964e-007, 5.49890728507e-007, 4.43591090971e-007, 3.50479950839e-007, 2.2168256919e-007, 1.40332574006e-007, 1.06755855711e-007],
        "var": [1.52499851538e-005, 2.27318560064e-005, 5.83326072956e-006, 4.54119162896e-006, 1.25980761823e-006, 3.77541880425e-007, 4.91989794682e-007, 1.19345656913e-006, 2.95223770763e-007, 2.38183190504e-007, 1.43019065035e-007, 4.44012862033e-008, 1.25974580101e-007, 1.46703218462e-008, 1.33152369131e-008, 4.06745614967e-009, 1.90149895829e-009, 2.93942731266e-010, 9.52484133232e-011, 4.90594231906e-011, 3.43049998131e-011, 3.41921074787e-011, 3.25998533723e-011, 1.05424705424e-011, 8.12821858431e-012, 1.12239731398e-011, 1.30671801504e-011, 9.75058488811e-012, 6.47457304784e-012, 5.55208179778e-012, 8.16963337258e-012, 8.36984908464e-012, 5.29786761336e-012, 7.12213144363e-012, 8.81677977155e-012, 6.40646780417e-012, 3.55441088888e-012, 8.04512001722e-013, 1.50855781859e-013, 1.01236374969e-013]
    },
    "mfcc": {
        "mean": [-712.222351074, 168.831283569, 28.6176948547, 30.5485992432, -0.315041780472, 12.3134679794, 2.94787955284, 5.0957942009, -2.97496557236, -6.47633218765, -3.38513159752, -3.3288629055, -2.11561322212],
        "cov": [[7079.73632813, -1061.96740723, -211.695129395, 97.8222198486, -344.300994873, -24.6128387451, -164.268157959, 89.7387542725, 44.7974739075, 73.6774368286, 150.897781372, 137.909561157, 34.3321228027], [-1061.96740723, 1215.13061523, -129.892791748, -122.551811218, 89.4534072876, -12.2244329453, 69.0611572266, 27.8013782501, -21.8052101135, -56.3896560669, 35.8198547363, -13.9527006149, -21.1220760345], [-211.695129395, -129.892791748, 560.284851074, 94.3247909546, 71.3773727417, 35.2015190125, 8.49422836304, 21.046453476, -7.43257474899, 30.3561782837, -23.5749645233, 9.95443439484, 28.1822834015], [97.8222198486, -122.551811218, 94.3247909546, 383.409362793, 52.8788490295, 38.8116455078, -20.3126373291, -26.2932300568, 37.4385108948, 51.2710037231, -14.1585025787, -9.15032863617, 46.6102218628], [-344.300994873, 89.4534072876, 71.3773727417, 52.8788490295, 216.983093262, 48.0008583069, 15.9269266129, -21.3008441925, 13.6707859039, 32.4128608704, -24.1673412323, -7.36566209793, 10.1286935806], [-24.6128387451, -12.2244329453, 35.2015190125, 38.8116455078, 48.0008583069, 123.82925415, 27.2140750885, 10.2469491959, 21.6145248413, 5.30669784546, -5.47404670715, -10.0411815643, 5.11900854111], [-164.268157959, 69.0611572266, 8.49422836304, -20.3126373291, 15.9269266129, 27.2140750885, 117.278335571, 41.8335113525, 13.6838569641, -9.35225772858, 5.70495462418, 4.32915306091, -8.77304363251], [89.7387542725, 27.8013782501, 21.046453476, -26.2932300568, -21.3008441925, 10.2469491959, 41.8335113525, 111.490379333, 23.5447158813, -6.25298500061, 23.5197257996, 12.4989347458, -4.45395517349], [44.7974739075, -21.8052101135, -7.43257474899, 37.4385108948, 13.6707859039, 21.6145248413, 13.6838569641, 23.5447158813, 84.7396392822, 27.5627269745, 11.211769104, 5.48326158524, 4.6657500267], [73.6774368286, -56.3896560669, 30.3561782837, 51.2710037231, 32.4128608704, 5.30669784546, -9.35225772858, -6.25298500061, 27.5627269745, 92.3792953491, 9.82078456879, 10.93496418, 9.12124061584], [150.897781372, 35.8198547363, -23.5749645233, -14.1585025787, -24.1673412323, -5.47404670715, 5.70495462418, 23.5197257996, 11.211769104, 9.82078456879, 74.1085205078, 22.3043289185, -9.14398193359], [137.909561157, -13.9527006149, 9.95443439484, -9.15032863617, -7.36566209793, -10.0411815643, 4.32915306091, 12.4989347458, 5.48326158524, 10.93496418, 22.3043289185, 61.035533905, 6.46265697479], [34.3321228027, -21.1220760345, 28.1822834015, 46.6102218628, 10.1286935806, 5.11900854111, -8.77304363251, -4.45395517349, 4.6657500267, 9.12124061584, -9.14398193359, 6.46265697479, 63.4761772156]],
        "icov": [[0.000197802728508, 0.000157945542014, 0.000109022992547, -4.73907275591e-005, 0.000177644091309, -0.000109130080091, 0.000249854405411, -0.000208487967029, 6.38005731162e-005, -6.32732480881e-005, -0.000279218802461, -0.000291804404696, -7.37857699278e-005], [0.000157945542014, 0.00114095048048, 0.000316540827043, 0.0001634741202, -0.000624322099611, 0.000234513936448, -0.000263509864453, -0.000323248415953, 0.000291956006549, 0.000550699129235, -0.00100449146703, 0.000189294791198, -0.0002093045332], [0.000109022992547, 0.000316540827043, 0.00218733213842, -0.000402407866204, -0.00056665961165, -0.00032217981061, 8.06018942967e-005, -0.00105714052916, 0.00100992817897, -0.000461235933471, 0.000398021831643, -0.00060598825803, -0.000464843411464], [-4.73907275591e-005, 0.0001634741202, -0.000402407866204, 0.00344402296469, -0.000332775904099, -0.000545497285202, 0.000226469477639, 0.000820105429739, -0.00118625082541, -0.000967516331002, -9.57116644713e-005, 0.000935663934797, -0.00196712836623], [0.000177644091309, -0.000624322099611, -0.00056665961165, -0.000332775904099, 0.00660634646192, -0.00211096112616, -0.000477921683341, 0.00130559119862, -0.000428048108006, -0.00231840438209, 0.00184346060269, -0.0005065650912, 1.54931040015e-005], [-0.000109130080091, 0.000234513936448, -0.00032217981061, -0.000545497285202, -0.00211096112616, 0.0100968033075, -0.00210017291829, -0.000319759798003, -0.00185836129822, 0.000943935883697, -0.000275252823485, 0.00202768063173, -0.000354592484655], [0.000249854405411, -0.000263509864453, 8.06018942967e-005, 0.000226469477639, -0.000477921683341, -0.00210017291829, 0.0112859504297, -0.00388982100412, -0.000726267753635, 0.000880006933585, 0.000287412141915, -0.00133687164634, 0.00121206080075], [-0.000208487967029, -0.000323248415953, -0.00105714052916, 0.000820105429739, 0.00130559119862, -0.000319759798003, -0.00388982100412, 0.0127300610766, -0.00351501675323, 0.00127799948677, -0.00243461690843, -0.000538372958545, -0.000175744047738], [6.38005731162e-005, 0.000291956006549, 0.00100992817897, -0.00118625082541, -0.000428048108006, -0.00185836129822, -0.000726267753635, -0.00351501675323, 0.0155937140808, -0.00407742522657, -0.00106572173536, -0.000251851219218, -0.000331709219608], [-6.32732480881e-005, 0.000550699129235, -0.000461235933471, -0.000967516331002, -0.00231840438209, 0.000943935883697, 0.000880006933585, 0.00127799948677, -0.00407742522657, 0.014535930939, -0.0025225202553, -0.0015276724007, -0.000359073339496], [-0.000279218802461, -0.00100449146703, 0.000398021831643, -9.57116644713e-005, 0.00184346060269, -0.000275252823485, 0.000287412141915, -0.00243461690843, -0.00106572173536, -0.0025225202553, 0.0185244753957, -0.00556021789089, 0.00298269931227], [-0.000291804404696, 0.000189294791198, -0.00060598825803, 0.000935663934797, -0.0005065650912, 0.00202768063173, -0.00133687164634, -0.000538372958545, -0.000251851219218, -0.0015276724007, -0.00556021789089, 0.0204647481441, -0.00314892665483], [-7.37857699278e-005, -0.0002093045332, -0.000464843411464, -0.00196712836623, 1.54931040015e-005, -0.000354592484655, 0.00121206080075, -0.000175744047738, -0.000331709219608, -0.000359073339496, 0.00298269931227, -0.00314892665483, 0.018382595852]]
    },
    "spectral_contrast_coeffs": {
        "mean": [-0.617803275585, -0.707972824574, -0.768744289875, -0.797654807568, -0.820520102978, -0.763235211372],
        "var": [0.00536764366552, 0.005560496822, 0.00496008060873, 0.00291220936924, 0.00132212368771, 0.00194680667482]
    },
    "spectral_contrast_valleys": {
        "mean": [-6.76985883713, -6.92862606049, -7.680580616, -8.63071250916, -8.60244369507, -11.2590837479],
        "var": [1.15543937683, 0.901465594769, 0.839979112148, 0.861029744148, 1.18353438377, 1.50111293793]
    }
},
"metadata": {
    "audio_properties": {
        "analysis_sample_rate": 44100,
        "bit_rate": 128074,
        "equal_loudness": 0,
        "length": 45.0612258911,
        "lossless": 0,
        "replay_gain": -6.25009536743,
        "sample_rate": 44100,
        "codec": "mp3",
        "downmix": "mix",
        "md5_encoded": "cb57ad329ec6d5cd01682b3751641844"
    },
    "tags": {
        "file_name": "1614.mp3"
    },
    "version": {
        "essentia": "2.1-beta2",
        "essentia_git_sha": "v2.1_beta2",
        "extractor": "music 1.0"
    }
},
"rhythm": {
    "beats_count": 68,
    "beats_loudness": {
        "mean": 0.0611516311765,
        "var": 0.00172627659049
    },
    "bpm": 91.3430023193,
    "bpm_histogram_first_peak_bpm": {
        "mean": 92,
        "var": 0
    },
    "bpm_histogram_first_peak_spread": {
        "mean": 0.203124955297,
        "var": 0
    },
    "bpm_histogram_first_peak_weight": {
        "mean": 0.761194050312,
        "var": 0
    },
    "bpm_histogram_second_peak_bpm": {
        "mean": 83,
        "var": 0
    },
    "bpm_histogram_second_peak_spread": {
        "mean": 0.666666686535,
        "var": 0
    },
    "bpm_histogram_second_peak_weight": {
        "mean": 0.0149253727868,
        "var": 0
    },
    "danceability": 1.13303112984,
    "onset_rate": 5.01313829422,
    "beats_loudness_band_ratio": {
        "mean": [0.637537777424, 0.270312309265, 0.0971269905567, 0.0575412586331, 0.0107455253601, 0.0104445787147],
        "var": [0.0469593033195, 0.0258979592472, 0.00911332201213, 0.00727854669094, 0.000792313658167, 0.000289966992568]
    },
    "beats_position": [0.684988677502, 1.38158726692, 2.08979582787, 2.80961441994, 3.48299312592, 4.15637159348, 4.81814050674, 5.47990942001, 6.13006782532, 6.78022670746, 7.4303855896, 8.08054447174, 8.73070240021, 9.38086128235, 10.0426301956, 10.7043991089, 11.3661680222, 12.0279359818, 12.6780948639, 13.328253746, 13.9784126282, 14.6401815414, 15.301949501, 15.9637184143, 16.6254863739, 17.298866272, 17.9490242004, 18.5991840363, 19.2493419647, 19.8994998932, 20.5264396667, 21.1765975952, 21.8383674622, 22.5001354218, 23.1502952576, 23.8120632172, 24.4738311768, 25.1356010437, 25.7973690033, 26.4475269318, 27.0976867676, 27.747844696, 28.3980045319, 29.0365524292, 29.6751022339, 30.3252601624, 30.9870281219, 31.6487979889, 32.2989578247, 32.9375038147, 33.5760536194, 34.2610435486, 34.9460296631, 35.6194114685, 36.2811775208, 36.9545555115, 37.6163253784, 38.2664833069, 38.91664505, 39.55519104, 40.2053489685, 40.8555107117, 41.5172767639, 42.1790466309, 42.8408164978, 43.4909744263, 44.1411323547, 44.7912902832]
},
"tonal": {
    "chords_changes_rate": 0.0997942388058,
    "chords_number_rate": 0.0113168722019,
    "chords_strength": {
        "mean": 0.485279530287,
        "var": 0.0101385591552
    },
    "hpcp_entropy": {
        "mean": 2.11303901672,
        "var": 0.520784199238
    },
    "key_strength": 0.75010317564,
    "tuning_diatonic_strength": 0.605323910713,
    "tuning_equal_tempered_deviation": 0.0642253383994,
    "tuning_frequency": 441.782684326,
    "tuning_nontempered_energy_ratio": 0.718248128891,
    "hpcp": {
        "mean": [0.214067608118, 0.130346566439, 0.0777246952057, 0.073768094182, 0.0845921114087, 0.156182289124, 0.202710419893, 0.148416638374, 0.120053485036, 0.107727482915, 0.0750178173184, 0.0767483115196, 0.0880937352777, 0.0978006571531, 0.197506159544, 0.288844227791, 0.217249035835, 0.128308236599, 0.107967332006, 0.116050235927, 0.193108171225, 0.221120327711, 0.150251790881, 0.109627045691, 0.0728272646666, 0.0412191934884, 0.0605911128223, 0.0869134292006, 0.112041309476, 0.18990392983, 0.2027130723, 0.114219084382, 0.0687563791871, 0.068441323936, 0.102147988975, 0.191782489419],
        "var": [0.090141735971, 0.0508491098881, 0.0300791095942, 0.0348906703293, 0.0307998657227, 0.0571107827127, 0.0827098414302, 0.0567731559277, 0.0568186528981, 0.047732103616, 0.027539273724, 0.0293374601752, 0.0384332053363, 0.0343980230391, 0.070404484868, 0.122473552823, 0.0851169079542, 0.0572270452976, 0.0528788492084, 0.04914079234, 0.0843793228269, 0.102306567132, 0.0526366941631, 0.042373161763, 0.0247179251164, 0.0180197358131, 0.0196468755603, 0.0296343751252, 0.0410967692733, 0.0894050449133, 0.0986398383975, 0.0413577482104, 0.0295971762389, 0.0289399474859, 0.03649488464, 0.0803816914558]
    },
    "chords_histogram": [28.8065853119, 14.8148145676, 9.67078208923, 0, 10.2880659103, 0, 0.102880656719, 3.18930029869, 1.74897122383, 0.205761313438, 0, 0, 0, 0, 0, 0, 3.90946507454, 2.16049385071, 0, 0, 0, 12.9629631042, 5.24691343307, 6.89300394058],
    "thpcp": [1, 0.752132177353, 0.444212555885, 0.373790860176, 0.401774466038, 0.668554723263, 0.765534877777, 0.520182788372, 0.379536896944, 0.252133369446, 0.1427038908, 0.209770902991, 0.300900697708, 0.387895256281, 0.6574614048, 0.701807618141, 0.395434886217, 0.238039657474, 0.236948907375, 0.353643864393, 0.66396510601, 0.741117835045, 0.451269418001, 0.269088625908, 0.255390584469, 0.292864114046, 0.540714621544, 0.701798439026, 0.513829350471, 0.415634006262, 0.372960478067, 0.259717226028, 0.265708297491, 0.30498701334, 0.338593095541, 0.68378084898],
    "chords_key": "G",
    "chords_scale": "major",
    "key_key": "G",
    "key_scale": "major"
}
}