{
"lowlevel": {
    "average_loudness": 0.966558337212,
    "barkbands_crest": {
        "mean": 9.93533611298,
        "var": 14.883928299
    },
    "barkbands_flatness_db": {
        "mean": 0.111115537584,
        "var": 0.00228033750318
    },
    "barkbands_kurtosis": {
        "mean": 3.83922600746,
        "var": 68.9784240723
    },
    "barkbands_skewness": {
        "mean": 1.55275833607,
        "var": 1.30082058907
    },
    "barkbands_spread": {
        "mean": 24.6785755157,
        "var": 189.701629639
    },
    "dissonance": {
        "mean": 0.472111880779,
        "var": 0.000665346509777
    },
    "dynamic_complexity": 2.84204077721,
    "erbbands_crest": {
        "mean": 7.15660619736,
        "var": 10.2741947174
    },
    "erbbands_flatness_db": {
        "mean": 0.13659954071,
        "var": 0.00215285248123
    },
    "erbbands_kurtosis": {
        "mean": 0.556449174881,
        "var": 4.11593341827
    },
    "erbbands_skewness": {
        "mean": 0.275505125523,
        "var": 0.39009603858
    },
    "erbbands_spread": {
        "mean": 38.5821647644,
        "var": 329.660736084
    },
    "hfc": {
        "mean": 18.0934848785,
        "var": 280.617706299
    },
    "melbands_crest": {
        "mean": 14.7335596085,
        "var": 25.0758552551
    },
    "melbands_flatness_db": {
        "mean": 0.177233740687,
        "var": 0.00340513070114
    },
    "melbands_kurtosis": {
        "mean": 12.1149253845,
        "var": 489.504211426
    },
    "melbands_skewness": {
        "mean": 2.55345249176,
        "var": 2.50397729874
    },
    "melbands_spread": {
        "mean": 24.0631580353,
        "var": 220.080963135
    },
    "pitch_salience": {
        "mean": 0.581046402454,
        "var": 0.0133572295308
    },
    "silence_rate_20dB": {
        "mean": 1,
        "var": 0
    },
    "silence_rate_30dB": {
        "mean": 0.976313054562,
        "var": 0.0231255944818
    },
    "silence_rate_60dB": {
        "mean": 0.112770341337,
        "var": 0.100051894784
    },
    "spectral_centroid": {
        "mean": 1310.03308105,
        "var": 318917.3125
    },
    "spectral_complexity": {
        "mean": 21.2863025665,
        "var": 137.720413208
    },
    "spectral_decrease": {
        "mean": -6.48054943042e-009,
        "var": 8.23125243795e-017
    },
    "spectral_energy": {
        "mean": 0.0261002518237,
        "var": 0.00124075345229
    },
    "spectral_energyband_high": {
        "mean": 0.00073792017065,
        "var": 7.40113421216e-007
    },
    "spectral_energyband_low": {
        "mean": 0.010745473206,
        "var": 0.000735213106964
    },
    "spectral_energyband_middle_high": {
        "mean": 0.00506462436169,
        "var": 2.37952808675e-005
    },
    "spectral_energyband_middle_low": {
        "mean": 0.0109619963914,
        "var": 0.000282707624137
    },
    "spectral_entropy": {
        "mean": 7.76036167145,
        "var": 0.151209503412
    },
    "spectral_flux": {
        "mean": 0.0988633707166,
        "var": 0.00725142518058
    },
    "spectral_kurtosis": {
        "mean": 4.91286277771,
        "var": 10.7533559799
    },
    "spectral_rms": {
        "mean": 0.00434867711738,
        "var": 6.55264648231e-006
    },
    "spectral_rolloff": {
        "mean": 1621.62902832,
        "var": 2602645.5
    },
    "spectral_skewness": {
        "mean": 1.68217051029,
        "var": 0.231013283134
    },
    "spectral_spread": {
        "mean": 5021723.5,
        "var": 3.56290684518e+012
    },
    "spectral_strongpeak": {
        "mean": 0.548207461834,
        "var": 0.290054500103
    },
    "zerocrossingrate": {
        "mean": 0.0707326456904,
        "var": 0.00142531353049
    },
    "barkbands": {
        "mean": [0.000210446247365, 0.00493722036481, 0.00423793355003, 0.00259015755728, 0.00410869158804, 0.00102052791044, 0.00110813835636, 0.00115687015932, 0.000890659110155, 0.000519688474014, 0.000850500306115, 0.000689165492076, 0.000631448929198, 0.000504179333802, 0.00064101011958, 0.000324266176904, 0.000303846114548, 0.000306635629386, 0.000243946735281, 0.000166958227055, 0.000174765067641, 0.000139243304147, 0.00011388999701, 7.20912430552e-005, 5.92046089878e-005, 9.41615944612e-005, 4.59681223219e-006],
        "var": [5.72256283249e-007, 0.000390108907595, 3.94494600187e-005, 3.54850089934e-005, 0.000103733793367, 2.94463006867e-006, 6.61620742903e-006, 5.14991188538e-006, 2.90135653813e-006, 3.83030425155e-007, 9.50978289893e-007, 7.97363782112e-007, 9.6012377071e-007, 5.03855858369e-007, 1.11393603675e-006, 1.51258674919e-007, 1.53043501427e-007, 2.07112776707e-007, 8.88151276968e-008, 3.84267622167e-008, 4.32672209172e-008, 4.88521827435e-008, 2.51019542929e-008, 8.56286597184e-009, 1.35018281e-008, 2.05700150246e-008, 7.30373886371e-011]
    },
    "erbbands": {
        "mean": [0.126609295607, 1.20198774338, 4.31479692459, 7.51813173294, 11.0430650711, 16.2483329773, 7.12279653549, 9.5324716568, 13.873046875, 22.1657962799, 21.8592243195, 23.4005241394, 12.980764389, 26.7493629456, 32.6167221069, 29.9242687225, 29.7244606018, 27.0022106171, 36.3539009094, 21.0061988831, 18.4272384644, 17.9898071289, 16.4121894836, 14.1966533661, 11.0318498611, 8.05539989471, 7.19312095642, 6.49142694473, 5.16508626938, 4.3096985817, 3.11374378204, 1.75302493572, 1.13761031628, 0.58783197403, 0.482484787703, 0.367352664471, 0.176251068711, 0.0310021080077, 0.000615775294136, 4.96539250889e-005],
        "var": [0.276391535997, 20.1618652344, 51.6842765808, 205.599655151, 545.10748291, 1691.34765625, 103.19493866, 315.49609375, 986.490600586, 2654.42358398, 1374.04077148, 2272.67944336, 225.739227295, 946.33190918, 1037.43896484, 1487.77099609, 1987.51367188, 1359.39855957, 3717.99560547, 746.214416504, 493.309173584, 484.548675537, 549.632507324, 350.484283447, 170.937011719, 90.2726669312, 67.9493713379, 73.7516555786, 64.231300354, 42.9598999023, 18.8601818085, 5.8799905777, 2.10887694359, 1.12920606136, 0.943468868732, 0.340083092451, 0.0770456790924, 0.00265076477081, 9.84667508419e-007, 2.92054380679e-009]
    },
    "gfcc": {
        "mean": [-1.45025360584, 69.9115219116, -115.640884399, 15.7300519943, -56.7832565308, 13.6987991333, -39.5418930054, 2.77061748505, -34.9159317017, 0.456347823143, -29.5328731537, 1.61061787605, -23.3260669708],
        "cov": [[10305.6308594, -100.088256836, 50.1154174805, 756.486450195, 346.419555664, 434.219940186, 4.83400821686, 297.359100342, -89.4317016602, 63.1450233459, -139.758468628, -20.9436397552, -317.352386475], [-100.088256836, 889.285888672, -67.96484375, -6.45846366882, 113.38835144, -15.8819942474, 72.1602706909, -9.59232902527, 36.1281166077, -77.2032394409, 30.0377044678, -63.5198745728, 56.9212265015], [50.1154174805, -67.96484375, 985.965637207, 145.613357544, 47.426940918, 40.3281021118, -68.153793335, -17.0379238129, -86.4906921387, 54.6507835388, -109.170539856, 123.68548584, -9.92783737183], [756.486450195, -6.45846366882, 145.613357544, 565.584289551, 297.621124268, 229.315750122, 160.407470703, 124.708198547, 42.0812721252, -1.33753716946, 5.87193918228, -33.4600982666, -52.6193351746], [346.419555664, 113.38835144, 47.426940918, 297.621124268, 404.157287598, 251.414886475, 181.764312744, 124.841392517, 36.5896034241, 1.84511268139, 6.34712266922, -43.2027816772, -34.2531471252], [434.219940186, -15.8819942474, 40.3281021118, 229.315750122, 251.414886475, 276.859069824, 159.92350769, 93.8830566406, 12.9667444229, 0.566156089306, 0.28930529952, -18.4216842651, -24.9950332642], [4.83400821686, 72.1602706909, -68.153793335, 160.407470703, 181.764312744, 159.92350769, 192.506973267, 90.0564956665, 37.6322975159, -16.5920639038, 15.3040313721, -35.9814338684, -9.14717006683], [297.359100342, -9.59232902527, -17.0379238129, 124.708198547, 124.841392517, 93.8830566406, 90.0564956665, 121.418830872, 34.2343826294, 3.20516133308, 2.31668353081, -24.5065784454, -26.1972045898], [-89.4317016602, 36.1281166077, -86.4906921387, 42.0812721252, 36.5896034241, 12.9667444229, 37.6322975159, 34.2343826294, 91.06615448, 25.8505001068, 29.0085296631, -21.5315380096, 4.07060003281], [63.1450233459, -77.2032394409, 54.6507835388, -1.33753716946, 1.84511268139, 0.566156089306, -16.5920639038, 3.20516133308, 25.8505001068, 67.0655670166, 13.3425941467, 15.6595878601, -7.48480939865], [-139.758468628, 30.0377044678, -109.170539856, 5.87193918228, 6.34712266922, 0.28930529952, 15.3040313721, 2.31668353081, 29.0085296631, 13.3425941467, 67.7609710693, -7.06691026688, 6.22581338882], [-20.9436397552, -63.5198745728, 123.68548584, -33.4600982666, -43.2027816772, -18.4216842651, -35.9814338684, -24.5065784454, -21.5315380096, 15.6595878601, -7.06691026688, 70.1728134155, 20.9096508026], [-317.352386475, 56.9212265015, -9.92783737183, -52.6193351746, -34.2531471252, -24.9950332642, -9.14717006683, -26.1972045898, 4.07060003281, -7.48480939865, 6.22581338882, 20.9096508026, 63.6541786194]],
        "icov": [[0.000174445318407, -0.000211974285776, 0.000254111830145, -0.000299478619127, 0.000231654557865, -0.000428642961197, 0.000541061453987, -0.000453726417618, 0.000356567295967, -0.000523789960425, 0.000593199743889, -0.000511192949489, 0.00072420167271], [-0.000211974285776, 0.00209428998642, -0.00085613084957, 0.000806963478681, -0.00154190149624, 0.00153016310651, -0.00113920785952, 0.00131043628789, -0.00140784890391, 0.00311252404936, -0.00199984456412, 0.00243900669739, -0.00239886343479], [0.000254111830145, -0.00085613084957, 0.0026366901584, -0.00143179506995, 0.000186466568266, -0.000578295614105, 0.00128522468731, -0.000652556831483, 0.00207107025199, -0.00354191637598, 0.00422769691795, -0.00422275718302, 0.00147420889698], [-0.000299478619127, 0.000806963478681, -0.00143179506995, 0.00425074575469, -0.00188311433885, -0.000260274799075, -0.00118054531049, 0.000273644836852, -0.00248489785008, 0.00333822495304, -0.002656375058, 0.00162539363373, 0.000180628965609], [0.000231654557865, -0.00154190149624, 0.000186466568266, -0.00188311433885, 0.00860538799316, -0.00534246955067, -0.000492993567605, -0.00284322653897, 0.00106674991548, -0.00300163193606, 0.00112365244422, 0.000754269538447, 0.00151918129995], [-0.000428642961197, 0.00153016310651, -0.000578295614105, -0.000260274799075, -0.00534246955067, 0.0130260465667, -0.00725174928084, 0.00122312514577, 0.00177728803828, 8.02174836281e-005, -0.0010058778571, 5.31585683348e-005, -0.00213261926547], [0.000541061453987, -0.00113920785952, 0.00128522468731, -0.00118054531049, -0.000492993567605, -0.00725174928084, 0.0167294107378, -0.00597261544317, -0.00158664002083, 0.00225138687529, 0.000466956116725, -0.000424884870881, 0.000234009610722], [-0.000453726417618, 0.00131043628789, -0.000652556831483, 0.000273644836852, -0.00284322653897, 0.00122312514577, -0.00597261544317, 0.0176881495863, -0.00545457191765, 0.00225143972784, 0.000221266091103, 0.00118852627929, 0.00226369476877], [0.000356567295967, -0.00140784890391, 0.00207107025199, -0.00248489785008, 0.00106674991548, 0.00177728803828, -0.00158664002083, -0.00545457191765, 0.0219965688884, -0.0133809223771, -0.000743671669625, 0.00321160955355, -0.00385771854781], [-0.000523789960425, 0.00311252404936, -0.00354191637598, 0.00333822495304, -0.00300163193606, 8.02174836281e-005, 0.00225138687529, 0.00225143972784, -0.0133809223771, 0.0302185192704, -0.00940557569265, -0.00191279279534, 0.00243602693081], [0.000593199743889, -0.00199984456412, 0.00422769691795, -0.002656375058, 0.00112365244422, -0.0010058778571, 0.000466956116725, 0.000221266091103, -0.000743671669625, -0.00940557569265, 0.0250799842179, -0.00579763483256, 0.00197014887817], [-0.000511192949489, 0.00243900669739, -0.00422275718302, 0.00162539363373, 0.000754269538447, 5.31585683348e-005, -0.000424884870881, 0.00118852627929, 0.00321160955355, -0.00191279279534, -0.00579763483256, 0.0298601407558, -0.0128617025912], [0.00072420167271, -0.00239886343479, 0.00147420889698, 0.000180628965609, 0.00151918129995, -0.00213261926547, 0.000234009610722, 0.00226369476877, -0.00385771854781, 0.00243602693081, 0.00197014887817, -0.0128617025912, 0.0273555163294]]
    },
    "melbands": {
        "mean": [0.00128304294776, 0.00206731515937, 0.00138973072171, 0.00106997776311, 0.000325189961586, 0.000209062942304, 0.000218514891458, 0.000254441663856, 0.000169735692907, 0.00014173668751, 6.05146269663e-005, 0.000103602913441, 0.000115786846436, 7.75597800384e-005, 7.68302415963e-005, 5.84357803746e-005, 4.83955736854e-005, 5.64783586015e-005, 4.21563308919e-005, 2.04134030355e-005, 2.22232665692e-005, 1.93759169633e-005, 1.50465284605e-005, 1.42422904901e-005, 1.1229579286e-005, 8.90335377335e-006, 6.43067596684e-006, 4.98256576975e-006, 4.44947454525e-006, 4.15724525737e-006, 3.57715998689e-006, 2.90120942736e-006, 2.68986582341e-006, 2.21779600906e-006, 1.80485073997e-006, 1.4654357301e-006, 9.14187182843e-007, 8.8679161081e-007, 5.48468392481e-007, 4.70273818109e-007],
        "var": [2.73033656413e-005, 1.95015836653e-005, 5.90101444686e-006, 7.15623582437e-006, 2.79448812535e-007, 1.51523792624e-007, 2.45580253022e-007, 3.41569943885e-007, 8.23984933618e-008, 8.70692034027e-008, 5.32526245323e-009, 1.51119259328e-008, 1.50885437478e-008, 8.63732907419e-009, 1.36012268115e-008, 7.89377541111e-009, 4.65224792023e-009, 9.24928844626e-009, 4.1677008511e-009, 6.7532024417e-010, 8.15203293758e-010, 6.36816377408e-010, 3.78638342902e-010, 5.75706038397e-010, 2.28945876146e-010, 1.19824219991e-010, 6.25878029958e-011, 3.67808353219e-011, 2.71882412417e-011, 2.55089855489e-011, 2.74627924568e-011, 2.11246298232e-011, 1.96390646801e-011, 1.14100421819e-011, 6.21948716487e-012, 5.59654709728e-012, 1.54044225292e-012, 1.29269956285e-012, 6.96306944395e-013, 9.34525785749e-013]
    },
    "mfcc": {
        "mean": [-646.653320313, 112.797714233, -7.16220283508, 10.1161241531, -2.16580319405, 8.36141014099, -1.66033923626, 2.67423200607, -4.41982460022, -3.73773193359, -6.08788394928, -3.89890766144, -5.84321308136],
        "cov": [[7545.04003906, -318.329711914, -276.312133789, 466.27520752, 398.789367676, 280.159851074, 282.180145264, 286.391143799, 49.7828903198, 231.785385132, 156.355163574, 115.4974823, 38.7545280457], [-318.329711914, 863.816772461, -8.06344795227, -55.5220336914, -19.4276924133, -39.5912742615, -30.2819957733, -28.0981693268, -14.6592607498, -16.7987041473, -60.9515838623, -31.7932605743, -20.6425228119], [-276.312133789, -8.06344795227, 704.069763184, 138.454681396, 71.4300689697, 42.6519737244, -46.2270431519, -39.4566421509, 1.03623187542, -97.5293884277, -49.3622703552, -29.3778476715, -1.01199018955], [466.27520752, -55.5220336914, 138.454681396, 326.709960938, 174.718170166, 121.677902222, 111.297103882, 108.444442749, 69.2083358765, 57.2571144104, 30.1338329315, 36.5687484741, 27.3567123413], [398.789367676, -19.4276924133, 71.4300689697, 174.718170166, 247.053726196, 151.424880981, 141.543563843, 105.171897888, 73.8719863892, 69.762550354, 24.9470443726, 36.995967865, 28.8729820251], [280.159851074, -39.5912742615, 42.6519737244, 121.677902222, 151.424880981, 214.27961731, 154.532058716, 109.292320251, 76.007194519, 50.4200057983, 30.1338443756, 30.1689414978, 20.652387619], [282.180145264, -30.2819957733, -46.2270431519, 111.297103882, 141.543563843, 154.532058716, 232.683822632, 152.551071167, 83.3600616455, 75.8945236206, 30.3168315887, 32.466091156, 19.2721691132], [286.391143799, -28.0981693268, -39.4566421509, 108.444442749, 105.171897888, 109.292320251, 152.551071167, 163.717956543, 84.9584274292, 65.4256439209, 22.7033214569, 25.7282352448, 20.1424255371], [49.7828903198, -14.6592607498, 1.03623187542, 69.2083358765, 73.8719863892, 76.007194519, 83.3600616455, 84.9584274292, 101.96194458, 55.1406440735, 19.020318985, 17.1941680908, 14.1751041412], [231.785385132, -16.7987041473, -97.5293884277, 57.2571144104, 69.762550354, 50.4200057983, 75.8945236206, 65.4256439209, 55.1406440735, 108.713630676, 50.8293685913, 29.6101112366, 12.683131218], [156.355163574, -60.9515838623, -49.3622703552, 30.1338329315, 24.9470443726, 30.1338443756, 30.3168315887, 22.7033214569, 19.020318985, 50.8293685913, 75.6441574097, 35.8463935852, 7.84719991684], [115.4974823, -31.7932605743, -29.3778476715, 36.5687484741, 36.995967865, 30.1689414978, 32.466091156, 25.7282352448, 17.1941680908, 29.6101112366, 35.8463935852, 64.0977096558, 26.486913681], [38.7545280457, -20.6425228119, -1.01199018955, 27.3567123413, 28.8729820251, 20.652387619, 19.2721691132, 20.1424255371, 14.1751041412, 12.683131218, 7.84719991684, 26.486913681, 47.779712677]],
        "icov": [[0.000168783401023, 4.1044637328e-005, 8.74896941241e-005, -0.000163997188793, -0.000175993220182, -8.84395340108e-005, 0.000151820233441, -0.00028976376052, 0.000430366955698, -0.000155590067152, -8.39519125293e-005, -1.21386510727e-005, 0.000116217917821], [4.1044637328e-005, 0.00127133238129, 3.64891639038e-005, 0.000116067836643, -0.000188320089364, 4.86146200274e-005, 7.5554009527e-005, 6.09208436799e-005, 0.00010451531125, -0.000586832407862, 0.00130268139765, -0.000155120520503, 0.000483726733364], [8.74896941241e-005, 3.64891639038e-005, 0.00234734336846, -0.00129914504942, -0.000953822745942, -0.000481704802951, 0.00064066122286, 0.000934992043767, -0.00107074331027, 0.00282410648651, -0.000149791594595, 0.000817223859485, 9.95501068246e-006], [-0.000163997188793, 0.000116067836643, -0.00129914504942, 0.00615493953228, -0.00261669559404, 1.74996621354e-005, 0.00072087807348, -0.00255341106094, 0.00010356286657, -0.000874284072779, -0.000574233243242, -0.000778238871135, -0.000281976244878], [-0.000175993220182, -0.000188320089364, -0.000953822745942, -0.00261669559404, 0.0109072206542, -0.00382892601192, -0.00223687733524, 0.00120379927102, -0.000200445821974, -0.00413896888494, 0.00282878451981, -0.00159077276476, -0.00142655463424], [-8.84395340108e-005, 4.86146200274e-005, -0.000481704802951, 1.74996621354e-005, -0.00382892601192, 0.0121630877256, -0.00537505932152, 0.000155547386385, -0.00315669435076, 0.00321362633258, -0.00305228470825, 0.000315394951031, -0.000358686258551], [0.000151820233441, 7.5554009527e-005, 0.00064066122286, 0.00072087807348, -0.00223687733524, -0.00537505932152, 0.0154626248404, -0.01027843263, 0.00189171440434, -0.00209055002779, 0.000846832990646, -0.000938932818826, 0.00165665266104], [-0.00028976376052, 6.09208436799e-005, 0.000934992043767, -0.00255341106094, 0.00120379927102, 0.000155547386385, -0.01027843263, 0.0219200178981, -0.00899811461568, -0.000191721584997, 0.00176271563396, 0.000392614863813, -0.00193321949337], [0.000430366955698, 0.00010451531125, -0.00107074331027, 0.00010356286657, -0.000200445821974, -0.00315669435076, 0.00189171440434, -0.00899811461568, 0.0222105402499, -0.00824281293899, 0.00166308844928, 0.00016383662296, -0.000635268166661], [-0.000155590067152, -0.000586832407862, 0.00282410648651, -0.000874284072779, -0.00413896888494, 0.00321362633258, -0.00209055002779, -0.000191721584997, -0.00824281293899, 0.024680621922, -0.0122258346528, 0.00167123542633, -0.000555340899155], [-8.39519125293e-005, 0.00130268139765, -0.000149791594595, -0.000574233243242, 0.00282878451981, -0.00305228470825, 0.000846832990646, 0.00176271563396, 0.00166308844928, -0.0122258346528, 0.0270247235894, -0.0120335286483, 0.00446607032791], [-1.21386510727e-005, -0.000155120520503, 0.000817223859485, -0.000778238871135, -0.00159077276476, 0.000315394951031, -0.000938932818826, 0.000392614863813, 0.00016383662296, 0.00167123542633, -0.0120335286483, 0.0287396851927, -0.0130039658397], [0.000116217917821, 0.000483726733364, 9.95501068246e-006, -0.000281976244878, -0.00142655463424, -0.000358686258551, 0.00165665266104, -0.00193321949337, -0.000635268166661, -0.000555340899155, 0.00446607032791, -0.0130039658397, 0.0291808303446]]
    },
    "spectral_contrast_coeffs": {
        "mean": [-0.561824381351, -0.76375579834, -0.791362345219, -0.80528908968, -0.81104016304, -0.755280554295],
        "var": [0.00790492724627, 0.00431593228132, 0.00274177850224, 0.00159741251264, 0.000912715098821, 0.00130159524269]
    },
    "spectral_contrast_valleys": {
        "mean": [-8.02319526672, -6.79778003693, -6.99970722198, -7.40962553024, -7.53263807297, -10.177740097],
        "var": [1.93423569202, 1.0963357687, 1.08338105679, 1.3101978302, 1.4016777277, 1.33188354969]
    }
},
"metadata": {
    "audio_properties": {
        "analysis_sample_rate": 44100,
        "bit_rate": 128074,
        "equal_loudness": 0,
        "length": 45.0612258911,
        "lossless": 0,
        "replay_gain": -5.58814430237,
        "sample_rate": 44100,
        "codec": "mp3",
        "downmix": "mix",
        "md5_encoded": "522262ca62f82116aae440d3d18e2687"
    },
    "tags": {
        "file_name": "1616.mp3"
    },
    "version": {
        "essentia": "2.1-beta2",
        "essentia_git_sha": "v2.1_beta2",
        "extractor": "music 1.0"
    }
},
"rhythm": {
    "beats_count": 82,
    "beats_loudness": {
        "mean": 0.0285258796066,
        "var": 0.00026040157536
    },
    "bpm": 110.54813385,
    "bpm_histogram_first_peak_bpm": {
        "mean": 110,
        "var": 0
    },
    "bpm_histogram_first_peak_spread": {
        "mean": 0.434210538864,
        "var": 0
    },
    "bpm_histogram_first_peak_weight": {
        "mean": 0.530864179134,
        "var": 0
    },
    "bpm_histogram_second_peak_bpm": {
        "mean": 101,
        "var": 0
    },
    "bpm_histogram_second_peak_spread": {
        "mean": 0.333333343267,
        "var": 0
    },
    "bpm_histogram_second_peak_weight": {
        "mean": 0.0246913582087,
        "var": 0
    },
    "danceability": 1.16086435318,
    "onset_rate": 4.85786390305,
    "beats_loudness_band_ratio": {
        "mean": [0.318336695433, 0.195546403527, 0.196009472013, 0.149790599942, 0.0988478660583, 0.0767848864198],
        "var": [0.0718597099185, 0.0281412806362, 0.0210855081677, 0.0101711377501, 0.00489610992372, 0.00624217698351]
    },
    "beats_position": [0.53405892849, 1.07972788811, 1.62539684772, 2.15945577621, 2.70512461662, 3.25079369545, 3.79646253586, 4.34213161469, 4.88780021667, 5.4334692955, 5.9675283432, 6.5015873909, 7.03564596176, 7.59292507172, 8.12698364258, 8.67265319824, 9.21832180023, 9.75238037109, 10.3096599579, 10.8553285599, 11.3777770996, 11.9234466553, 12.4691152573, 13.0031747818, 13.5372333527, 14.0945119858, 14.6401815414, 15.1742401123, 15.7199087143, 16.2539672852, 16.7996368408, 17.3453063965, 17.8909740448, 18.4366436005, 18.970703125, 19.5047607422, 20.0388202667, 20.5960998535, 21.1301574707, 21.6642169952, 22.221496582, 22.7555541992, 23.2896137238, 23.8352832794, 24.369342804, 24.9150104523, 25.4606800079, 26.0063495636, 26.5520172119, 27.0976867676, 27.6433563232, 28.1890239716, 28.7346935272, 29.2687530518, 29.8144207001, 30.3600902557, 30.8941497803, 31.4398174286, 31.9970970154, 32.5659866333, 33.1580963135, 33.750202179, 34.2958717346, 34.8531494141, 35.3988189697, 35.9444885254, 36.4901580811, 37.0358276367, 37.5698852539, 38.1155548096, 38.6496124268, 39.1952819824, 39.7409515381, 40.2866210938, 40.8206787109, 41.3663482666, 41.9120178223, 42.4460754395, 43.0033569336, 43.5374145508, 44.0830841064, 44.6055335999]
},
"tonal": {
    "chords_changes_rate": 0.0514403283596,
    "chords_number_rate": 0.0102880662307,
    "chords_strength": {
        "mean": 0.501613080502,
        "var": 0.0162794608623
    },
    "hpcp_entropy": {
        "mean": 2.3896420002,
        "var": 0.556955337524
    },
    "key_strength": 0.639130890369,
    "tuning_diatonic_strength": 0.483867436647,
    "tuning_equal_tempered_deviation": 0.108549147844,
    "tuning_frequency": 443.572570801,
    "tuning_nontempered_energy_ratio": 0.784763753414,
    "hpcp": {
        "mean": [0.286413282156, 0.2056068331, 0.307481467724, 0.450273275375, 0.298272013664, 0.155785813928, 0.149921536446, 0.113677017391, 0.0946768522263, 0.128900274634, 0.136751830578, 0.0993626713753, 0.0904791876674, 0.105469942093, 0.189949154854, 0.227642133832, 0.148815721273, 0.110581159592, 0.106701001525, 0.0971454307437, 0.118018865585, 0.136757299304, 0.127440243959, 0.173975333571, 0.183150559664, 0.11217199266, 0.0750847682357, 0.0645359158516, 0.0662402138114, 0.0946837067604, 0.107004746795, 0.0839099436998, 0.0680068582296, 0.0766416564584, 0.130592137575, 0.247880280018],
        "var": [0.111485593021, 0.061441976577, 0.080157443881, 0.166146367788, 0.0855666399002, 0.0541077442467, 0.0542209483683, 0.0279779303819, 0.0220482051373, 0.0347420610487, 0.0393594093621, 0.0246562156826, 0.0278097651899, 0.0279977805912, 0.0624366886914, 0.0856364518404, 0.0360436849296, 0.0238977167755, 0.0234228633344, 0.0217918995768, 0.0317715406418, 0.048941642046, 0.0358348079026, 0.0579617470503, 0.0649369582534, 0.0285688545555, 0.0200249664485, 0.0165100898594, 0.0164536722004, 0.0351732894778, 0.0460944771767, 0.027191599831, 0.0153925102204, 0.0209437608719, 0.0453051477671, 0.100888706744]
    },
    "chords_histogram": [17.0781898499, 21.3991775513, 0.617283940315, 12.0370368958, 3.18930029869, 0, 5.86419773102, 0, 0, 0, 0.102880656719, 0, 0, 0, 0, 20.7818927765, 3.70370364189, 2.36625504494, 0, 0, 0, 0, 9.05349826813, 3.80658435822],
    "thpcp": [1, 0.662424445152, 0.345980584621, 0.332956761122, 0.252462267876, 0.210265308619, 0.286271214485, 0.303708523512, 0.220671921968, 0.200942829251, 0.234235405922, 0.421853065491, 0.505564391613, 0.330500900745, 0.245586767793, 0.236969426274, 0.215747714043, 0.262104988098, 0.303720653057, 0.283028662205, 0.386377215385, 0.406754225492, 0.249119803309, 0.166753768921, 0.143326103687, 0.147111132741, 0.210280537605, 0.237644016743, 0.186353370547, 0.151034638286, 0.170211419463, 0.290028631687, 0.550510764122, 0.636087656021, 0.456626772881, 0.682877480984],
    "chords_key": "D",
    "chords_scale": "minor",
    "key_key": "A#",
    "key_scale": "major"
}
}