{
"lowlevel": {
    "average_loudness": 0.979760468006,
    "barkbands_crest": {
        "mean": 20.6319484711,
        "var": 19.5586681366
    },
    "barkbands_flatness_db": {
        "mean": 0.201883777976,
        "var": 0.00439689448103
    },
    "barkbands_kurtosis": {
        "mean": 32.9506835938,
        "var": 2557.31298828
    },
    "barkbands_skewness": {
        "mean": 4.50027942657,
        "var": 8.96169757843
    },
    "barkbands_spread": {
        "mean": 18.010597229,
        "var": 233.011367798
    },
    "dissonance": {
        "mean": 0.465762883425,
        "var": 0.000692270463333
    },
    "dynamic_complexity": 2.37282848358,
    "erbbands_crest": {
        "mean": 9.91843414307,
        "var": 36.634513855
    },
    "erbbands_flatness_db": {
        "mean": 0.105097204447,
        "var": 0.00265585351735
    },
    "erbbands_kurtosis": {
        "mean": 0.535719931126,
        "var": 6.0920715332
    },
    "erbbands_skewness": {
        "mean": 0.176453873515,
        "var": 0.410691440105
    },
    "erbbands_spread": {
        "mean": 61.4095878601,
        "var": 729.168518066
    },
    "hfc": {
        "mean": 63.3319511414,
        "var": 3736.890625
    },
    "melbands_crest": {
        "mean": 28.6353302002,
        "var": 49.4937400818
    },
    "melbands_flatness_db": {
        "mean": 0.302312642336,
        "var": 0.00687253801152
    },
    "melbands_kurtosis": {
        "mean": 103.252922058,
        "var": 14935.6005859
    },
    "melbands_skewness": {
        "mean": 7.66222429276,
        "var": 17.4958343506
    },
    "melbands_spread": {
        "mean": 12.0749034882,
        "var": 462.268859863
    },
    "pitch_salience": {
        "mean": 0.240210324526,
        "var": 0.0203799512237
    },
    "silence_rate_20dB": {
        "mean": 0.971678674221,
        "var": 0.0275189671665
    },
    "silence_rate_30dB": {
        "mean": 0.119464471936,
        "var": 0.105189055204
    },
    "silence_rate_60dB": {
        "mean": 0.0607620999217,
        "var": 0.0570707172155
    },
    "spectral_centroid": {
        "mean": 1464.21594238,
        "var": 439047.25
    },
    "spectral_complexity": {
        "mean": 18.8274974823,
        "var": 107.505271912
    },
    "spectral_decrease": {
        "mean": -4.42870131678e-008,
        "var": 4.86291461777e-016
    },
    "spectral_energy": {
        "mean": 0.172893986106,
        "var": 0.00720117194578
    },
    "spectral_energyband_high": {
        "mean": 0.00427618203685,
        "var": 2.67005907517e-005
    },
    "spectral_energyband_low": {
        "mean": 0.153340920806,
        "var": 0.00659378664568
    },
    "spectral_energyband_middle_high": {
        "mean": 0.00768321333453,
        "var": 6.87186839059e-005
    },
    "spectral_energyband_middle_low": {
        "mean": 0.00789108034223,
        "var": 0.000103934398794
    },
    "spectral_entropy": {
        "mean": 7.9367647171,
        "var": 0.26739820838
    },
    "spectral_flux": {
        "mean": 0.14302124083,
        "var": 0.00779360579327
    },
    "spectral_kurtosis": {
        "mean": 2.23894190788,
        "var": 4.83819055557
    },
    "spectral_rms": {
        "mean": 0.0123101947829,
        "var": 1.71360879904e-005
    },
    "spectral_rolloff": {
        "mean": 713.708435059,
        "var": 3427446.75
    },
    "spectral_skewness": {
        "mean": 1.37173235416,
        "var": 0.160949170589
    },
    "spectral_spread": {
        "mean": 8151793,
        "var": 5.23080617165e+012
    },
    "spectral_strongpeak": {
        "mean": 0.910032689571,
        "var": 0.389512002468
    },
    "zerocrossingrate": {
        "mean": 0.0488313920796,
        "var": 0.00207492965274
    },
    "barkbands": {
        "mean": [0.0110920304433, 0.139143392444, 0.0029051352758, 0.00104828434996, 0.00126267841551, 0.00143719441257, 0.00171446136665, 0.00127704825718, 0.00100671732798, 0.00103650626261, 0.00187096057925, 0.00150570366532, 0.000901265069842, 0.000343680323567, 0.000583064509556, 0.00045896609663, 0.000408395193517, 0.000239721950493, 0.000290866068099, 0.000192408871953, 0.00031299595139, 0.000459074246464, 0.000647972745355, 0.00080510484986, 0.000776778033469, 0.00110133702401, 7.23691555322e-005],
        "var": [0.000133266890771, 0.00564014678821, 6.05388777331e-005, 1.00064698927e-005, 7.34023478799e-006, 4.24940571975e-006, 5.22447362528e-006, 5.05683601659e-006, 2.58879208559e-006, 2.05341257242e-006, 1.00651923276e-005, 2.91195483442e-005, 8.5231340563e-006, 3.11370257577e-007, 8.25677432204e-007, 8.24212406769e-007, 6.45304453428e-007, 3.37840049269e-007, 1.36821188335e-006, 7.76327908625e-008, 1.56072687219e-007, 2.54300402958e-007, 6.22082779955e-007, 1.28270994537e-006, 1.23486279335e-006, 3.01937097902e-006, 2.06925587776e-008]
    },
    "erbbands": {
        "mean": [6.60545778275, 20.6677780151, 7.222012043, 3.52507996559, 3.92177176476, 3.81071138382, 9.14742279053, 11.5109672546, 24.3625488281, 25.733089447, 27.1949119568, 21.3833656311, 25.20154953, 50.8751907349, 63.4917526245, 61.8564872742, 52.7402572632, 26.0889587402, 22.9145832062, 29.4513874054, 23.686164856, 21.6830425262, 13.4401092529, 19.7643451691, 9.84155750275, 9.35900402069, 10.3245267868, 13.4409580231, 14.3913669586, 22.4767017365, 18.5752162933, 20.0733451843, 10.1282129288, 7.02981615067, 6.35114479065, 4.38185310364, 1.96531772614, 0.414921045303, 0.0100936787203, 0.000455348112155],
        "var": [15.7387285233, 170.567703247, 114.701850891, 96.7963867188, 109.19190979, 62.9219970703, 193.688644409, 274.412811279, 1069.62890625, 2189.22216797, 2067.40429688, 1065.36804199, 1166.36450195, 5094.41210938, 20092.0585938, 39680.3164063, 21416.953125, 3605.09326172, 752.595458984, 1992.85900879, 1856.55639648, 1687.65856934, 662.961181641, 8533.82519531, 253.701858521, 190.546920776, 151.456054688, 387.02355957, 263.863830566, 606.957092285, 522.727355957, 855.590270996, 236.472549438, 136.546005249, 81.1648025513, 46.0309410095, 9.76200294495, 0.57634973526, 0.000390313682146, 2.36728340042e-007]
    },
    "gfcc": {
        "mean": [52.1261787415, 50.4464492798, -67.4717407227, 29.4179172516, -44.3499336243, 39.8709983826, -22.472410202, 26.3089828491, -6.75872707367, 20.890417099, -8.56440925598, 19.1128673553, -7.82283115387],
        "cov": [[9515.09082031, -1323.07653809, 969.233581543, -262.470245361, 394.253265381, 906.391784668, 55.6478614807, 500.509857178, 166.661026001, 424.813720703, -420.680297852, 658.865844727, -164.320907593], [-1323.07653809, 1099.7824707, -132.480026245, -119.254829407, 96.1234893799, -64.7835464478, 174.131790161, -158.456451416, -21.4975452423, -44.4363746643, 161.085144043, -139.656173706, 8.54350090027], [969.233581543, -132.480026245, 627.057861328, -84.218963623, 101.174156189, 232.484970093, 38.1720733643, 83.3842926025, 2.04346299171, 49.56690979, -131.822525024, 81.6566619873, -18.8020458221], [-262.470245361, -119.254829407, -84.218963623, 248.074264526, -46.5065727234, -85.0041732788, -38.0672874451, 8.85678577423, 12.6415424347, -65.8996963501, 13.167760849, -25.7119846344, 18.7757396698], [394.253265381, 96.1234893799, 101.174156189, -46.5065727234, 408.018676758, 249.189758301, 66.7063827515, 48.6125183105, 36.6931724548, 57.0214500427, -39.9344100952, 65.013092041, 6.65965366364], [906.391784668, -64.7835464478, 232.484970093, -85.0041732788, 249.189758301, 432.51852417, 113.196380615, 38.4929618835, 27.0845146179, 99.6152572632, -42.8031806946, 104.727096558, 9.37928390503], [55.6478614807, 174.131790161, 38.1720733643, -38.0672874451, 66.7063827515, 113.196380615, 193.364822388, 7.36604690552, -5.25085020065, 25.6752624512, 53.6292686462, 17.5461082458, 7.41105318069], [500.509857178, -158.456451416, 83.3842926025, 8.85678577423, 48.6125183105, 38.4929618835, 7.36604690552, 127.938117981, 44.6061325073, 13.0487422943, -39.6798362732, 71.7053375244, 22.7151813507], [166.661026001, -21.4975452423, 2.04346299171, 12.6415424347, 36.6931724548, 27.0845146179, -5.25085020065, 44.6061325073, 100.04019928, 36.1190414429, -13.2562170029, 28.1200523376, 20.3185214996], [424.813720703, -44.4363746643, 49.56690979, -65.8996963501, 57.0214500427, 99.6152572632, 25.6752624512, 13.0487422943, 36.1190414429, 116.23714447, 12.695145607, 27.5950222015, -30.9171161652], [-420.680297852, 161.085144043, -131.822525024, 13.167760849, -39.9344100952, -42.8031806946, 53.6292686462, -39.6798362732, -13.2562170029, 12.695145607, 139.039611816, -28.0591144562, -26.3069229126], [658.865844727, -139.656173706, 81.6566619873, -25.7119846344, 65.013092041, 104.727096558, 17.5461082458, 71.7053375244, 28.1200523376, 27.5950222015, -28.0591144562, 148.977874756, 57.8068962097], [-164.320907593, 8.54350090027, -18.8020458221, 18.7757396698, 6.65965366364, 9.37928390503, 7.41105318069, 22.7151813507, 20.3185214996, -30.9171161652, -26.3069229126, 57.8068962097, 130.077575684]],
        "icov": [[0.000314105040161, -0.000143644836498, 0.000124819969642, -0.000247134739766, 0.000364017352695, -0.000348138069967, -6.54751784168e-005, -0.000570818316191, 0.00026035841438, -0.000737220863812, 0.00115218025167, -0.00143781246152, 0.00122591271065], [-0.000143644836498, 0.0028311451897, -0.000788045232184, 0.00219581904821, -0.00196455791593, 0.00143317016773, -0.00184462801553, 0.00316494470462, -0.00244946172461, 0.002922718646, -0.00352662918158, 0.00271149887703, -0.00208955188282], [0.000124819969642, -0.000788045232184, 0.00305440998636, -0.00040741453995, 0.00117073813453, -0.0016823024489, -0.000172826170456, -0.00209582736716, 0.00147062190808, -0.00111611175817, 0.00384902418591, -0.00149276026059, 0.00209376495332], [-0.000247134739766, 0.00219581904821, -0.00040741453995, 0.00720629934222, -0.00149895227514, 0.000835877901409, -0.000304175453493, 0.00139375030994, -0.00371461315081, 0.00612423941493, -0.00463069742545, 0.00362858199514, -0.00227827788331], [0.000364017352695, -0.00196455791593, 0.00117073813453, -0.00149895227514, 0.00562239717692, -0.0036540152505, 0.000801676418632, -0.00343783572316, 0.00120322813746, -0.00223541050218, 0.00412101298571, -0.00282956752926, 0.00287639210001], [-0.000348138069967, 0.00143317016773, -0.0016823024489, 0.000835877901409, -0.0036540152505, 0.00721720978618, -0.00327276950702, 0.00416890205815, -0.00110597116873, -0.00116067146882, -0.00118134974036, -0.000155525878654, -0.00204551941715], [-6.54751784168e-005, -0.00184462801553, -0.000172826170456, -0.000304175453493, 0.000801676418632, -0.00327276950702, 0.00976253207773, -0.00386413559318, 0.00241066538729, -0.000736513524316, -0.00362996058539, 0.000744574237615, -0.0012457423145], [-0.000570818316191, 0.00316494470462, -0.00209582736716, 0.00139375030994, -0.00343783572316, 0.00416890205815, -0.00386413559318, 0.0185780953616, -0.00786393508315, 0.00460412353277, -0.00236709159799, -0.00216112006456, -0.00177739409264], [0.00026035841438, -0.00244946172461, 0.00147062190808, -0.00371461315081, 0.00120322813746, -0.00110597116873, 0.00241066538729, -0.00786393508315, 0.0177159998566, -0.0098467906937, 0.00429318705574, -0.00141976983286, -0.00111590616871], [-0.000737220863812, 0.002922718646, -0.00111611175817, 0.00612423941493, -0.00223541050218, -0.00116067146882, -0.000736513524316, 0.00460412353277, -0.0098467906937, 0.0215199179947, -0.00876674894243, 0.00328577682376, 0.000687313848175], [0.00115218025167, -0.00352662918158, 0.00384902418591, -0.00463069742545, 0.00412101298571, -0.00118134974036, -0.00362996058539, -0.00236709159799, 0.00429318705574, -0.00876674894243, 0.0214410126209, -0.0094196125865, 0.0091742919758], [-0.00143781246152, 0.00271149887703, -0.00149276026059, 0.00362858199514, -0.00282956752926, -0.000155525878654, 0.000744574237615, -0.00216112006456, -0.00141976983286, 0.00328577682376, -0.0094196125865, 0.0223062578589, -0.0130581455305], [0.00122591271065, -0.00208955188282, 0.00209376495332, -0.00227827788331, 0.00287639210001, -0.00204551941715, -0.0012457423145, -0.00177739409264, -0.00111590616871, 0.000687313848175, 0.0091742919758, -0.0130581455305, 0.0183828454465]]
    },
    "melbands": {
        "mean": [0.0471547544003, 0.0111659253016, 0.000615653698333, 0.000271403376246, 0.000281656626612, 0.000274463847745, 0.000360372068826, 0.000277405866655, 0.000231314537814, 0.000124177779071, 0.000126022117911, 0.000196792912902, 0.000216327694943, 0.000110738976218, 0.000197867266252, 0.000100849843875, 4.02082405344e-005, 3.04611985484e-005, 5.35311628482e-005, 3.59522819053e-005, 2.51996698353e-005, 2.41880934482e-005, 1.43053684951e-005, 1.12711122711e-005, 1.74259948835e-005, 7.40393261367e-006, 6.48351806376e-006, 6.02823683948e-006, 5.71489999857e-006, 7.41448593544e-006, 7.48411957829e-006, 6.92659750712e-006, 1.11295712486e-005, 1.29790578285e-005, 1.05605768113e-005, 1.22264737001e-005, 1.13036030598e-005, 7.262040981e-006, 5.50763706997e-006, 6.01687452217e-006],
        "var": [0.000678987358697, 7.62105264585e-005, 2.93661219075e-006, 4.28586673706e-007, 1.77252204026e-007, 1.43066742453e-007, 2.32382561194e-007, 2.80513944517e-007, 1.597022532e-007, 3.59831311414e-008, 3.45040511718e-008, 8.02742974315e-008, 1.86467886465e-007, 5.08516286857e-008, 5.51178345631e-007, 1.17829721091e-007, 7.93046428527e-009, 1.32759958582e-009, 8.58703419482e-009, 5.39482591932e-009, 2.06165950978e-009, 2.35815011962e-009, 6.28064156238e-010, 8.71635319477e-010, 7.81483411316e-009, 2.14134890375e-010, 8.91720239315e-011, 9.20536355475e-011, 5.10857849079e-011, 8.984942651e-011, 1.26889623808e-010, 6.82859740975e-011, 1.6108767098e-010, 2.17885903764e-010, 2.00139543827e-010, 2.95491242586e-010, 2.59301635719e-010, 1.35684921632e-010, 7.50182138631e-011, 1.15752983587e-010]
    },
    "mfcc": {
        "mean": [-612.081054688, 96.6514968872, 36.7187995911, 12.7937479019, 14.9768066406, 19.2879600525, 6.55721998215, 18.2642612457, 11.4695720673, 14.1240091324, 8.81061649323, 9.96140480042, 13.0892372131],
        "cov": [[7956.29736328, -609.322387695, 13.6252117157, -179.028213501, 263.113708496, 466.15524292, -82.156211853, 451.785308838, 441.335693359, 50.0536117554, 89.8722457886, 566.338745117, -8.41828727722], [-609.322387695, 913.522827148, 7.42310905457, -105.585266113, -14.1229915619, 156.529449463, 128.43347168, -4.79987239838, -74.0688705444, 133.659255981, -16.2628917694, -30.4927616119, 9.18966007233], [13.6252117157, 7.42310905457, 386.617980957, -21.2031993866, -55.1038322449, 2.87948989868, 13.2515478134, 12.6203784943, 8.33584976196, 8.48674583435, -26.3146018982, -17.3557415009, -44.2608985901], [-179.028213501, -105.585266113, -21.2031993866, 210.680099487, 8.1985578537, -98.3340530396, -40.8720741272, 16.3618125916, -2.00926756859, -23.1041278839, -13.3472280502, -31.2596874237, -19.0503826141], [263.113708496, -14.1229915619, -55.1038322449, 8.1985578537, 269.353088379, 107.797981262, 1.41703724861, 61.3613471985, 113.738563538, -35.5347251892, 16.503572464, 76.2455825806, -24.7054653168], [466.15524292, 156.529449463, 2.87948989868, -98.3340530396, 107.797981262, 343.136688232, 124.651107788, 74.9673156738, 63.744594574, 86.9485778809, 0.332786500454, 83.4440307617, 8.25013065338], [-82.156211853, 128.43347168, 13.2515478134, -40.8720741272, 1.41703724861, 124.651107788, 169.082717896, 44.8715591431, -21.5553188324, 41.1970596313, 8.14733219147, 18.4671459198, 16.6667060852], [451.785308838, -4.79987239838, 12.6203784943, 16.3618125916, 61.3613471985, 74.9673156738, 44.8715591431, 146.884887695, 87.455368042, -1.7653670311, -17.2074718475, 54.8465805054, 5.37691402435], [441.335693359, -74.0688705444, 8.33584976196, -2.00926756859, 113.738563538, 63.744594574, -21.5553188324, 87.455368042, 204.331329346, -32.0157814026, -30.7740325928, 50.0881614685, 4.18395900726], [50.0536117554, 133.659255981, 8.48674583435, -23.1041278839, -35.5347251892, 86.9485778809, 41.1970596313, -1.7653670311, -32.0157814026, 159.582748413, 17.9451389313, -18.2851829529, -15.9194574356], [89.8722457886, -16.2628917694, -26.3146018982, -13.3472280502, 16.503572464, 0.332786500454, 8.14733219147, -17.2074718475, -30.7740325928, 17.9451389313, 116.197547913, 59.433795929, 2.10344934464], [566.338745117, -30.4927616119, -17.3557415009, -31.2596874237, 76.2455825806, 83.4440307617, 18.4671459198, 54.8465805054, 50.0881614685, -18.2851829529, 59.433795929, 170.488006592, 23.1485233307], [-8.41828727722, 9.18966007233, -44.2608985901, -19.0503826141, -24.7054653168, 8.25013065338, 16.6667060852, 5.37691402435, 4.18395900726, -15.9194574356, 2.10344934464, 23.1485233307, 86.8325271606]],
        "icov": [[0.000233530154219, 0.000158394861501, 4.11450309912e-005, 0.000217282315134, 0.000187621175428, -0.0002152021043, 0.000434244779171, -0.00058590399567, -7.42678821553e-005, -0.000200070615392, 3.83849146601e-005, -0.000583809975069, 0.000222885500989], [0.000158394861501, 0.00157337158453, 9.4002161859e-006, 0.000678625423461, -0.000311050273012, -0.000187168712728, -0.000357568991603, -0.000359326164471, 0.000554174184799, -0.00115088827442, 0.000633501855191, -0.000218037268496, -0.000172234678757], [4.11450309912e-005, 9.4002161859e-006, 0.00310352956876, 0.000424214842496, 0.00130483927205, -0.000106160194264, -0.000336872239131, -0.000342230196111, -0.000628048088402, 0.000319704617141, 0.00044454325689, -0.000378005759558, 0.00232408405282], [0.000217282315134, 0.000678625423461, 0.000424214842496, 0.00669809244573, -0.000997274997644, 0.00200401316397, 0.00066655233968, -0.00282671721652, 0.000917811354157, -0.00098898622673, 0.000729794381186, 0.000220064655878, 0.000906054105144], [0.000187621175428, -0.000311050273012, 0.00130483927205, -0.000997274997644, 0.00769252795726, -0.00301430071704, 0.00101990590338, -0.000558718689717, -0.0032078132499, 0.00290353340097, -0.00200105970725, -0.00119806057774, 0.0038660725113], [-0.0002152021043, -0.000187168712728, -0.000106160194264, 0.00200401316397, -0.00301430071704, 0.00814158376306, -0.00449101580307, 0.000613294483628, -0.000798072083853, -0.0042415196076, 0.0028642390389, -0.00245004193857, -0.000578040082473], [0.000434244779171, -0.000357568991603, -0.000336872239131, 0.00066655233968, 0.00101990590338, -0.00449101580307, 0.0116385342553, -0.00527591677383, 0.00293642561883, 0.000638243043795, -0.00180884788278, 0.000776061555371, -0.00132341054268], [-0.00058590399567, -0.000359326164471, -0.000342230196111, -0.00282671721652, -0.000558718689717, 0.000613294483628, -0.00527591677383, 0.0143764894456, -0.00453734118491, -0.000342383224051, 0.00264730677009, -0.00237661530264, -0.000182877178304], [-7.42678821553e-005, 0.000554174184799, -0.000628048088402, 0.000917811354157, -0.0032078132499, -0.000798072083853, 0.00293642561883, -0.00453734118491, 0.0100262435153, 0.000191694969544, 0.00238635484129, -9.77922682068e-005, -0.00178383279126], [-0.000200070615392, -0.00115088827442, 0.000319704617141, -0.00098898622673, 0.00290353340097, -0.0042415196076, 0.000638243043795, -0.000342383224051, 0.000191694969544, 0.0110187791288, -0.00392313115299, 0.00329519575462, 0.00240365904756], [3.83849146601e-005, 0.000633501855191, 0.00044454325689, 0.000729794381186, -0.00200105970725, 0.0028642390389, -0.00180884788278, 0.00264730677009, 0.00238635484129, -0.00392313115299, 0.0145890647545, -0.00726170092821, 0.000413413305068], [-0.000583809975069, -0.000218037268496, -0.000378005759558, 0.000220064655878, -0.00119806057774, -0.00245004193857, 0.000776061555371, -0.00237661530264, -9.77922682068e-005, 0.00329519575462, -0.00726170092821, 0.0135186864063, -0.00310697732493], [0.000222885500989, -0.000172234678757, 0.00232408405282, 0.000906054105144, 0.0038660725113, -0.000578040082473, -0.00132341054268, -0.000182877178304, -0.00178383279126, 0.00240365904756, 0.000413413305068, -0.00310697732493, 0.0157048162073]]
    },
    "spectral_contrast_coeffs": {
        "mean": [-0.7097697258, -0.76150649786, -0.754144787788, -0.756166517735, -0.789551615715, -0.775192379951],
        "var": [0.00292544369586, 0.00336757046171, 0.00410273205489, 0.00340840942226, 0.00332100852393, 0.00214099301957]
    },
    "spectral_contrast_valleys": {
        "mean": [-6.66403436661, -6.51224756241, -7.26370954514, -7.73193502426, -7.72137308121, -9.23068714142],
        "var": [1.27375996113, 1.09604263306, 1.0544834137, 1.36108231544, 1.67869675159, 2.2165081501]
    }
},
"metadata": {
    "audio_properties": {
        "analysis_sample_rate": 44100,
        "bit_rate": 128074,
        "equal_loudness": 0,
        "length": 45.0612258911,
        "lossless": 0,
        "replay_gain": -4.36467933655,
        "sample_rate": 44100,
        "codec": "mp3",
        "downmix": "mix",
        "md5_encoded": "fcea442aeb7ee8decd50bb96b0a740d6"
    },
    "tags": {
        "file_name": "1617.mp3"
    },
    "version": {
        "essentia": "2.1-beta2",
        "essentia_git_sha": "v2.1_beta2",
        "extractor": "music 1.0"
    }
},
"rhythm": {
    "beats_count": 98,
    "beats_loudness": {
        "mean": 0.177353590727,
        "var": 0.00303997215815
    },
    "bpm": 131.947494507,
    "bpm_histogram_first_peak_bpm": {
        "mean": 133,
        "var": 0
    },
    "bpm_histogram_first_peak_spread": {
        "mean": 0.360824733973,
        "var": 0
    },
    "bpm_histogram_first_peak_weight": {
        "mean": 0.639175236225,
        "var": 0
    },
    "bpm_histogram_second_peak_bpm": {
        "mean": 0,
        "var": 0
    },
    "bpm_histogram_second_peak_spread": {
        "mean": 0,
        "var": 0
    },
    "bpm_histogram_second_peak_weight": {
        "mean": 0,
        "var": 0
    },
    "danceability": 1.14476108551,
    "onset_rate": 7.5862531662,
    "beats_loudness_band_ratio": {
        "mean": [0.787155926228, 0.0324530489743, 0.0625444203615, 0.0390146188438, 0.0314160771668, 0.0586305186152],
        "var": [0.0453440062702, 0.00127840705682, 0.0129726799205, 0.00081296544522, 0.00307404785417, 0.0130648799241]
    },
    "beats_position": [0.441179126501, 0.893968224525, 1.34675729275, 1.79954648018, 2.26394557953, 2.72834467888, 3.19274377823, 3.64553284645, 4.1099319458, 4.55111122131, 5.01551008224, 5.46829938889, 5.92108821869, 6.37387752533, 6.82666635513, 7.27945566177, 7.73224496841, 8.19664382935, 8.64943313599, 9.10222244263, 9.55501079559, 10.0078001022, 10.47219944, 10.9133787155, 11.3777770996, 11.8305664063, 12.2833557129, 12.7361450195, 13.1889343262, 13.6417226791, 14.0945119858, 14.5589113235, 15.0117006302, 15.4644899368, 15.9288883209, 16.3700675964, 16.8344669342, 17.2756462097, 17.7400455475, 18.1928348541, 18.6456241608, 19.0984115601, 19.5512008667, 20.0156002045, 20.4683895111, 20.9211788177, 21.3739681244, 21.826757431, 22.2911567688, 22.7323360443, 23.1967334747, 23.6495227814, 24.102312088, 24.5551013947, 25.0078907013, 25.4606800079, 25.9134693146, 26.3778686523, 26.830657959, 27.2834453583, 27.747844696, 28.1890239716, 28.6534233093, 29.0946025848, 29.5590019226, 30.0117912292, 30.4645805359, 30.9289798737, 31.3701572418, 31.8229465485, 32.2757377625, 32.7401351929, 33.1929244995, 33.6457138062, 34.1101112366, 34.5512924194, 35.0156898499, 35.4684791565, 35.9212684631, 36.3740577698, 36.8268470764, 37.2796363831, 37.7324256897, 38.1968231201, 38.6496124268, 39.1024017334, 39.55519104, 40.0079803467, 40.4723815918, 40.9251708984, 41.3779602051, 41.830745697, 42.2835350037, 42.7363243103, 43.1891136169, 43.6419029236, 44.0946922302, 44.5590934753]
},
"tonal": {
    "chords_changes_rate": 0.0308641977608,
    "chords_number_rate": 0.00720164598897,
    "chords_strength": {
        "mean": 0.571240484715,
        "var": 0.0191675536335
    },
    "hpcp_entropy": {
        "mean": 1.71697950363,
        "var": 0.402250885963
    },
    "key_strength": 0.450250059366,
    "tuning_diatonic_strength": 0.644988715649,
    "tuning_equal_tempered_deviation": 0.151660576463,
    "tuning_frequency": 434.193115234,
    "tuning_nontempered_energy_ratio": 0.813094973564,
    "hpcp": {
        "mean": [0.119377143681, 0.0805056542158, 0.0770672038198, 0.0607528872788, 0.0299460552633, 0.0247936099768, 0.0759494155645, 0.126586198807, 0.104992650449, 0.063261680305, 0.035479106009, 0.0167807564139, 0.0129305440933, 0.0145372636616, 0.0138297034428, 0.0152550600469, 0.0282038021833, 0.052686650306, 0.0824934840202, 0.0759329497814, 0.0337437689304, 0.0131182456389, 0.0115846628323, 0.0990388989449, 0.184033095837, 0.0964358896017, 0.00989443156868, 0.00786236394197, 0.00829851999879, 0.0104870330542, 0.0290766898543, 0.0851337462664, 0.172140017152, 0.278637439013, 0.299216598272, 0.206450611353],
        "var": [0.0744003653526, 0.0436042658985, 0.0473992228508, 0.0308258570731, 0.0102709457278, 0.0110402246937, 0.0417705588043, 0.0939769595861, 0.0587756596506, 0.0323295779526, 0.0155964232981, 0.00708486465737, 0.00589433358982, 0.0074942111969, 0.00538447219878, 0.00512419687584, 0.0121825104579, 0.0296302549541, 0.0443893186748, 0.0382051281631, 0.0117263682187, 0.0066190501675, 0.00654650945216, 0.0399215817451, 0.140491396189, 0.0347412377596, 0.00138467911165, 0.000825322640594, 0.00139816803858, 0.00129780301359, 0.0106597123668, 0.0553561039269, 0.0939984843135, 0.141211256385, 0.151520341635, 0.106135092676]
    },
    "chords_histogram": [6.68724298477, 0, 0, 0, 4.11522626877, 0, 56.1728401184, 28.292181015, 0, 1.44032919407, 0, 2.05761313438, 0, 0, 0, 0, 0, 0, 0, 0, 0, 0, 0, 1.23456788063],
    "thpcp": [1, 0.689970433712, 0.398965656757, 0.26905477047, 0.257563263178, 0.203039824963, 0.100081533194, 0.0828617438674, 0.253827542067, 0.423058748245, 0.350891798735, 0.21142436564, 0.118573322892, 0.0560823045671, 0.0432146601379, 0.0485844165087, 0.0462197065353, 0.0509833358228, 0.0942588150501, 0.176081970334, 0.275698214769, 0.253772526979, 0.1127737239, 0.0438419729471, 0.0387166440487, 0.330994009972, 0.615049779415, 0.322294592857, 0.0330677889287, 0.0262764971703, 0.027734156698, 0.0350482985377, 0.0971760600805, 0.284522145987, 0.575302362442, 0.931223213673],
    "chords_key": "F",
    "chords_scale": "minor",
    "key_key": "G#",
    "key_scale": "minor"
}
}