{
"lowlevel": {
    "average_loudness": 0.955019652843,
    "barkbands_crest": {
        "mean": 11.1269721985,
        "var": 13.6199569702
    },
    "barkbands_flatness_db": {
        "mean": 0.164445057511,
        "var": 0.00214666198008
    },
    "barkbands_kurtosis": {
        "mean": 3.20350027084,
        "var": 24.3552589417
    },
    "barkbands_skewness": {
        "mean": 1.09206557274,
        "var": 1.07269215584
    },
    "barkbands_spread": {
        "mean": 15.5929784775,
        "var": 63.2014083862
    },
    "dissonance": {
        "mean": 0.432063877583,
        "var": 0.00191788445227
    },
    "dynamic_complexity": 2.29122757912,
    "erbbands_crest": {
        "mean": 13.8214159012,
        "var": 45.8932151794
    },
    "erbbands_flatness_db": {
        "mean": 0.189650386572,
        "var": 0.00316760828719
    },
    "erbbands_kurtosis": {
        "mean": 4.25218725204,
        "var": 35.5682678223
    },
    "erbbands_skewness": {
        "mean": 0.941362082958,
        "var": 0.854320466518
    },
    "erbbands_spread": {
        "mean": 22.4523048401,
        "var": 239.880187988
    },
    "hfc": {
        "mean": 20.0127773285,
        "var": 185.646850586
    },
    "melbands_crest": {
        "mean": 14.9306936264,
        "var": 20.7839546204
    },
    "melbands_flatness_db": {
        "mean": 0.240857169032,
        "var": 0.0025545170065
    },
    "melbands_kurtosis": {
        "mean": 6.46021509171,
        "var": 108.950881958
    },
    "melbands_skewness": {
        "mean": 1.55765223503,
        "var": 1.78809034824
    },
    "melbands_spread": {
        "mean": 18.1385993958,
        "var": 85.1352157593
    },
    "pitch_salience": {
        "mean": 0.49523589015,
        "var": 0.00910022296011
    },
    "silence_rate_20dB": {
        "mean": 1,
        "var": 0
    },
    "silence_rate_30dB": {
        "mean": 0.992790937424,
        "var": 0.00715670920908
    },
    "silence_rate_60dB": {
        "mean": 0.00926879514009,
        "var": 0.00918283686042
    },
    "spectral_centroid": {
        "mean": 957.852966309,
        "var": 173467.296875
    },
    "spectral_complexity": {
        "mean": 15.3686923981,
        "var": 29.2574825287
    },
    "spectral_decrease": {
        "mean": -9.40909394842e-009,
        "var": 4.03456946726e-017
    },
    "spectral_energy": {
        "mean": 0.037327285856,
        "var": 0.000617757323198
    },
    "spectral_energyband_high": {
        "mean": 0.000337767356541,
        "var": 4.31276902191e-007
    },
    "spectral_energyband_low": {
        "mean": 0.0143997287378,
        "var": 0.000283956265775
    },
    "spectral_energyband_middle_high": {
        "mean": 0.00770767079666,
        "var": 7.73139399826e-005
    },
    "spectral_energyband_middle_low": {
        "mean": 0.0166869498789,
        "var": 0.000228044998948
    },
    "spectral_entropy": {
        "mean": 7.23609781265,
        "var": 0.18779233098
    },
    "spectral_flux": {
        "mean": 0.0862945988774,
        "var": 0.00369962514378
    },
    "spectral_kurtosis": {
        "mean": 7.01958036423,
        "var": 23.1653823853
    },
    "spectral_rms": {
        "mean": 0.00574124231935,
        "var": 3.45493731402e-006
    },
    "spectral_rolloff": {
        "mean": 903.374694824,
        "var": 482302.03125
    },
    "spectral_skewness": {
        "mean": 2.0700712204,
        "var": 0.358786523342
    },
    "spectral_spread": {
        "mean": 4207279.5,
        "var": 2.81459923354e+012
    },
    "spectral_strongpeak": {
        "mean": 1.55704152584,
        "var": 3.29419541359
    },
    "zerocrossingrate": {
        "mean": 0.041545893997,
        "var": 0.000361802376574
    },
    "barkbands": {
        "mean": [0.00052880536532, 0.00989018939435, 0.00317164300941, 0.00137593527324, 0.00197286880575, 0.00187353452202, 0.00281314598396, 0.00266143446788, 0.0038835327141, 0.00414116028696, 0.00208098534495, 0.000557012448553, 0.000599031045567, 0.000467272882815, 0.000363920116797, 0.00014862450189, 0.000199713758775, 0.000131370543386, 7.51082989154e-005, 0.000104767474113, 0.000101940051536, 5.02436851093e-005, 4.00163044105e-005, 3.52553906851e-005, 3.83090518881e-005, 2.07072116609e-005, 7.98146288616e-007],
        "var": [3.02786503426e-007, 0.00011101851851, 3.51260969182e-005, 7.00765849615e-006, 9.13928761292e-006, 1.19386813822e-005, 2.01707134693e-005, 3.14542630804e-005, 5.24119059264e-005, 5.18208107678e-005, 2.71265234915e-005, 1.01151056242e-006, 1.32351362936e-006, 5.83784640185e-007, 3.93484981487e-007, 6.20789180061e-008, 2.20943320528e-007, 1.53246290324e-007, 2.9284390024e-008, 4.37784777318e-008, 1.10508125317e-007, 1.21584680102e-008, 2.84749512858e-009, 1.90380577969e-009, 6.63486288133e-009, 2.52253706812e-009, 4.69015755053e-012]
    },
    "erbbands": {
        "mean": [0.358016163111, 1.90999138355, 3.68525719643, 4.54038953781, 4.31525993347, 7.05481386185, 12.0623664856, 15.7567844391, 33.9761047363, 46.9411010742, 62.1464538574, 104.696220398, 124.573226929, 129.352355957, 48.8211326599, 25.7759590149, 27.7346954346, 29.0621738434, 19.8180503845, 12.9866075516, 9.67454719543, 9.85918045044, 8.62721061707, 3.43340420723, 4.98771810532, 4.74600124359, 4.50086355209, 3.52208518982, 1.94322669506, 1.43156135082, 1.03737711906, 0.818696081638, 0.589796543121, 0.416086226702, 0.256187558174, 0.109357021749, 0.0329765342176, 0.00533047877252, 0.000125994629343, 4.66134806629e-005],
        "var": [0.100354723632, 6.13919067383, 42.3984451294, 72.2396469116, 39.3002548218, 155.608917236, 699.628540039, 579.47668457, 3143.39233398, 8507.96289063, 11658.2236328, 37897.3007813, 57664.34375, 66171.5703125, 6009.44970703, 1936.84216309, 2595.25537109, 2075.05859375, 990.230163574, 383.829772949, 400.736541748, 512.520446777, 646.678100586, 43.7946929932, 125.191688538, 90.1133804321, 237.834228516, 136.255371094, 19.5813560486, 5.58171606064, 1.70212829113, 1.02047300339, 0.584878504276, 0.594609558582, 0.41246637702, 0.0771315172315, 0.0058029582724, 0.000163012125995, 6.65564741098e-008, 9.5699359548e-010]
    },
    "gfcc": {
        "mean": [0.297808498144, 116.142753601, -108.739654541, 16.9102134705, -62.0992927551, 23.2726154327, -26.4552536011, 18.3260726929, -13.5274162292, 5.21262598038, -11.9492816925, -0.225999176502, -5.058842659],
        "cov": [[2558.57446289, -320.260375977, 39.9619789124, 58.6606636047, -14.0607681274, 27.0026493073, -47.8150138855, 173.49395752, -135.207199097, 144.842788696, -101.444641113, 110.494293213, -76.5154190063], [-320.260375977, 973.113769531, -122.80770874, -49.3331184387, 67.8754348755, 51.5719947815, 177.380523682, -97.9413299561, 183.173294067, -186.880050659, 165.236938477, -200.623794556, 63.2248878479], [39.9619789124, -122.80770874, 653.832092285, 172.842605591, 10.6472530365, 30.9340572357, -26.9681892395, 73.2523040771, -2.65382933617, 126.679878235, -67.1000823975, 86.835723877, -50.9240608215], [58.6606636047, -49.3331184387, 172.842605591, 430.396026611, 48.5593070984, -85.6923675537, -21.5729942322, 20.0225963593, 47.3700942993, 40.8654670715, 10.9354200363, 40.9615402222, 21.8403434753], [-14.0607681274, 67.8754348755, 10.6472530365, 48.5593070984, 257.880432129, 42.1214256287, 13.6783418655, -4.51773452759, -25.0935878754, 28.9204978943, -12.3843889236, 36.1953430176, -24.1889839172], [27.0026493073, 51.5719947815, 30.9340572357, -85.6923675537, 42.1214256287, 211.079177856, 127.086433411, 14.8022785187, -15.0822210312, -7.1158118248, 21.1148967743, -17.6582660675, -9.33427429199], [-47.8150138855, 177.380523682, -26.9681892395, -21.5729942322, 13.6783418655, 127.086433411, 243.525466919, 25.2568206787, 11.5676088333, -40.6231918335, 56.6343421936, -22.5447502136, 13.5657987595], [173.49395752, -97.9413299561, 73.2523040771, 20.0225963593, -4.51773452759, 14.8022785187, 25.2568206787, 154.657196045, 35.5064506531, 1.87682163715, -30.887134552, 19.941778183, 0.419365078211], [-135.207199097, 183.173294067, -2.65382933617, 47.3700942993, -25.0935878754, -15.0822210312, 11.5676088333, 35.5064506531, 158.526306152, -24.2152023315, 26.9856185913, -63.5339546204, 30.7556190491], [144.842788696, -186.880050659, 126.679878235, 40.8654670715, 28.9204978943, -7.1158118248, -40.6231918335, 1.87682163715, -24.2152023315, 177.032119751, -3.75620031357, 84.8898773193, -35.3686523438], [-101.444641113, 165.236938477, -67.1000823975, 10.9354200363, -12.3843889236, 21.1148967743, 56.6343421936, -30.887134552, 26.9856185913, -3.75620031357, 147.575592041, 12.2241325378, 14.4593839645], [110.494293213, -200.623794556, 86.835723877, 40.9615402222, 36.1953430176, -17.6582660675, -22.5447502136, 19.941778183, -63.5339546204, 84.8898773193, 12.2241325378, 183.380020142, 15.9355630875], [-76.5154190063, 63.2248878479, -50.9240608215, 21.8403434753, -24.1889839172, -9.33427429199, 13.5657987595, 0.419365078211, 30.7556190491, -35.3686523438, 14.4593839645, 15.9355630875, 103.91519928]],
        "icov": [[0.000641556689516, -0.000868410221301, 0.000661164929625, -0.000650268106256, 0.000888883718289, -0.00079386663856, 0.000697359442711, -0.00151298672426, 0.00136318150908, -0.00110743043479, 0.00107578374445, -0.000652134185657, 0.000682035228238], [-0.000868410221301, 0.00608348287642, -0.00283529912122, 0.00282582989894, -0.00469152629375, 0.00361162098125, -0.00374684482813, 0.0053840437904, -0.00576208578423, 0.00474434671924, -0.00615098420531, 0.00460946233943, -0.00315520679578], [0.000661164929625, -0.00283529912122, 0.0039581800811, -0.0026097712107, 0.00300779473037, -0.00319854379632, 0.00209943228401, -0.00321888085455, 0.00227746344171, -0.00327585404739, 0.00433766609058, -0.00332688027993, 0.00296946847811], [-0.000650268106256, 0.00282582989894, -0.0026097712107, 0.00490468647331, -0.00341610028408, 0.00401450321078, -0.0024710514117, 0.0027742064558, -0.00349496211857, 0.00214289966971, -0.00372952176258, 0.00236025266349, -0.00271032354794], [0.000888883718289, -0.00469152629375, 0.00300779473037, -0.00341610028408, 0.00848821084946, -0.00473179435357, 0.00304407766089, -0.00380806392059, 0.0042468723841, -0.00382382562384, 0.00604790588841, -0.00520472321659, 0.00426790164784], [-0.00079386663856, 0.00361162098125, -0.00319854379632, 0.00401450321078, -0.00473179435357, 0.0113947782665, -0.0065577137284, 0.00295400992036, -0.00231473357417, 0.00224332301877, -0.00484626553953, 0.00469662249088, -0.00302416551858], [0.000697359442711, -0.00374684482813, 0.00209943228401, -0.0024710514117, 0.00304407766089, -0.0065577137284, 0.00958428904414, -0.00501933367923, 0.00420108670369, -0.00194015912712, 0.00150943582412, -0.00234493869357, 0.00147577491589], [-0.00151298672426, 0.0053840437904, -0.00321888085455, 0.0027742064558, -0.00380806392059, 0.00295400992036, -0.00501933367923, 0.0147922104225, -0.00982884131372, 0.00607305113226, -0.00242124032229, 0.000579170708079, -0.0013517200714], [0.00136318150908, -0.00576208578423, 0.00227746344171, -0.00349496211857, 0.0042468723841, -0.00231473357417, 0.00420108670369, -0.00982884131372, 0.0172615014017, -0.00661420496181, 0.00233696540818, 0.00210720975883, -0.00137633283157], [-0.00110743043479, 0.00474434671924, -0.00327585404739, 0.00214289966971, -0.00382382562384, 0.00224332301877, -0.00194015912712, 0.00607305113226, -0.00661420496181, 0.0134803745896, -0.00480387499556, -0.00131363829132, 0.00119811028708], [0.00107578374445, -0.00615098420531, 0.00433766609058, -0.00372952176258, 0.00604790588841, -0.00484626553953, 0.00150943582412, -0.00242124032229, 0.00233696540818, -0.00480387499556, 0.0164248719811, -0.00829635746777, 0.00488939182833], [-0.000652134185657, 0.00460946233943, -0.00332688027993, 0.00236025266349, -0.00520472321659, 0.00469662249088, -0.00234493869357, 0.000579170708079, 0.00210720975883, -0.00131363829132, -0.00829635746777, 0.0156706646085, -0.00821649003774], [0.000682035228238, -0.00315520679578, 0.00296946847811, -0.00271032354794, 0.00426790164784, -0.00302416551858, 0.00147577491589, -0.0013517200714, -0.00137633283157, 0.00119811028708, 0.00488939182833, -0.00821649003774, 0.0159994158894]]
    },
    "melbands": {
        "mean": [0.00291598518379, 0.00216651475057, 0.000783553463407, 0.000389934226405, 0.000415152142523, 0.000356049800757, 0.000560954620596, 0.000517553824466, 0.0004989784793, 0.000666745298076, 0.000598414568231, 0.000509692705236, 0.000203922842047, 7.69366233726e-005, 5.01020804222e-005, 6.41352162347e-005, 5.33443708264e-005, 2.99928506138e-005, 2.43702834268e-005, 1.25988490254e-005, 1.15581142381e-005, 1.09963557406e-005, 9.14579595701e-006, 5.69754138269e-006, 2.32976867665e-006, 3.06199194711e-006, 4.04041793445e-006, 2.87847524305e-006, 2.94559004033e-006, 2.32232468989e-006, 1.91174535757e-006, 1.14821807529e-006, 8.06620278127e-007, 7.99292934062e-007, 5.77656635414e-007, 5.96249265072e-007, 4.34854797504e-007, 3.94135469151e-007, 4.1564922526e-007, 3.35695972353e-007],
        "var": [8.02516024123e-006, 1.13742262329e-005, 1.92921288544e-006, 3.16993947536e-007, 7.33494800897e-007, 3.40457489756e-007, 8.11967197478e-007, 1.1872906498e-006, 7.31478792204e-007, 1.57248189225e-006, 1.42805015457e-006, 1.05559286112e-006, 1.63159484146e-007, 1.70770420027e-008, 6.20714457611e-009, 1.72672045551e-008, 7.98754218323e-009, 2.3930459836e-009, 1.72135439236e-009, 3.14197196039e-010, 8.46123837661e-010, 6.83049838912e-010, 7.98275945346e-010, 2.77545791905e-010, 1.97786682865e-011, 5.79028457126e-011, 4.95392858679e-011, 4.09411983482e-011, 1.15652834531e-010, 6.30651225686e-011, 4.32588652399e-011, 7.40775062819e-012, 2.45491669527e-012, 1.78050987582e-012, 6.46850845457e-013, 4.29300827743e-013, 3.50453851052e-013, 2.53995744793e-013, 4.17392438971e-013, 4.82555998198e-013]
    },
    "mfcc": {
        "mean": [-646.925292969, 147.108703613, 10.5760574341, 6.76341533661, -2.52770256996, 3.0717227459, 1.61095571518, 8.45629501343, 7.78564977646, 10.1034002304, 0.326545774937, 4.62867689133, 1.44573462009],
        "cov": [[1970.24304199, -226.927597046, -142.012145996, 60.8795471191, -46.4060783386, -71.939414978, 64.616645813, 16.3641719818, 22.5096111298, 14.4002466202, 28.4270820618, -36.8124275208, 3.22595691681], [-226.927597046, 767.436096191, -62.6981735229, -145.758468628, 6.66672754288, 69.5196838379, 66.1612625122, 71.5586700439, -12.3614635468, 74.1259002686, 9.82171058655, 30.589471817, -24.8936805725], [-142.012145996, -62.6981735229, 571.394836426, 123.57585144, 15.7738399506, 2.60881781578, -29.6207332611, -3.1228582859, 63.8832397461, 10.8850784302, 39.6309967041, 38.1866188049, 56.0895690918], [60.8795471191, -145.758468628, 123.57585144, 436.854400635, 109.246414185, 2.31457328796, -73.9092941284, -30.4893665314, 19.3124656677, -20.7390213013, -7.27725934982, 20.426984787, 66.1314163208], [-46.4060783386, 6.66672754288, 15.7738399506, 109.246414185, 214.493515015, 16.4494380951, -44.4222679138, -22.8113002777, 18.0383815765, -2.32785201073, 3.74577236176, -14.4442968369, 25.3034172058], [-71.939414978, 69.5196838379, 2.60881781578, 2.31457328796, 16.4494380951, 198.401657104, 101.845344543, -6.42722082138, -7.1036028862, -22.9829387665, 20.4001407623, 36.7332725525, 12.5253553391], [64.616645813, 66.1612625122, -29.6207332611, -73.9092941284, -44.4222679138, 101.845344543, 212.352859497, 84.0142059326, -14.3193664551, -10.2430334091, 23.3010787964, 26.2923221588, -6.643679142], [16.3641719818, 71.5586700439, -3.1228582859, -30.4893665314, -22.8113002777, -6.42722082138, 84.0142059326, 158.561431885, 46.3835296631, 22.7203712463, -2.24659729004, 7.06863021851, -8.15676689148], [22.5096111298, -12.3614635468, 63.8832397461, 19.3124656677, 18.0383815765, -7.1036028862, -14.3193664551, 46.3835296631, 135.151382446, 51.996383667, -15.4659900665, -18.3420505524, -7.18327140808], [14.4002466202, 74.1259002686, 10.8850784302, -20.7390213013, -2.32785201073, -22.9829387665, -10.2430334091, 22.7203712463, 51.996383667, 121.101974487, 26.9906482697, -13.424788475, -30.110786438], [28.4270820618, 9.82171058655, 39.6309967041, -7.27725934982, 3.74577236176, 20.4001407623, 23.3010787964, -2.24659729004, -15.4659900665, 26.9906482697, 103.496620178, 34.7106742859, -10.3340768814], [-36.8124275208, 30.589471817, 38.1866188049, 20.426984787, -14.4442968369, 36.7332725525, 26.2923221588, 7.06863021851, -18.3420505524, -13.424788475, 34.7106742859, 105.435874939, 48.9042663574], [3.22595691681, -24.8936805725, 56.0895690918, 66.1314163208, 25.3034172058, 12.5253553391, -6.643679142, -8.15676689148, -7.18327140808, -30.110786438, -10.3340768814, 48.9042663574, 130.226043701]],
        "icov": [[0.000597884587478, 0.000118848023703, 0.000243233254878, -0.000203258852707, 0.000177570807864, 0.000442121643573, -0.00055346195586, 0.000253018573858, -0.000343588297255, 8.49653952173e-006, -0.000432005152106, 0.000318148056976, -0.000253795238677], [0.000118848023703, 0.00180461094715, 1.48573262777e-005, 0.000587800517678, -0.000503246497829, -0.000863250752445, 0.000328769878251, -0.00102411548141, 0.00109826598782, -0.00165630655829, 0.000791942700744, -0.000753339380026, 0.000193921980099], [0.000243233254878, 1.48573262777e-005, 0.00227937591262, -0.000576678023208, 0.000442848278908, 0.000292753305985, -0.000112819267088, 0.000376974174287, -0.0016009133542, 0.000433817447629, -0.00146364071406, 1.11268241199e-006, -0.000892997602932], [-0.000203258852707, 0.000587800517678, -0.000576678023208, 0.0033398012165, -0.00149399973452, -0.000756230554543, 0.00127086264547, -0.000606457062531, 0.000414092530264, -0.00023583060829, 0.000687475840095, -0.000794246036094, -0.000619232305326], [0.000177570807864, -0.000503246497829, 0.000442848278908, -0.00149399973452, 0.00627409014851, -0.000969663495198, 0.00116561260074, 0.000185562646948, -0.00118567957543, 0.000826521369163, -0.00195430847816, 0.00249416823499, -0.0015534037957], [0.000442121643573, -0.000863250752445, 0.000292753305985, -0.000756230554543, -0.000969663495198, 0.00957130920142, -0.00643667345867, 0.00449495203793, -0.00287452316843, 0.00200709956698, -0.00084342045011, -0.00178318948019, 0.000211199949263], [-0.00055346195586, 0.000328769878251, -0.000112819267088, 0.00127086264547, 0.00116561260074, -0.00643667345867, 0.0115822693333, -0.00701062241569, 0.00300695537589, 0.000160476789461, -0.000988453044556, 0.000351102615241, 1.68398237292e-005], [0.000253018573858, -0.00102411548141, 0.000376974174287, -0.000606457062531, 0.000185562646948, 0.00449495203793, -0.00701062241569, 0.0120854116976, -0.00524415913969, 0.000549093063455, 0.000314233388053, -0.00128367636353, 0.000219192719669], [-0.000343588297255, 0.00109826598782, -0.0016009133542, 0.000414092530264, -0.00118567957543, -0.00287452316843, 0.00300695537589, -0.00524415913969, 0.0132907312363, -0.00615291018039, 0.00390659831464, 0.000536308798473, 0.000448539998615], [8.49653952173e-006, -0.00165630655829, 0.000433817447629, -0.00023583060829, 0.000826521369163, 0.00200709956698, 0.000160476789461, 0.000549093063455, -0.00615291018039, 0.0138150975108, -0.00545648019761, 0.00168703112286, 0.0010934099555], [-0.000432005152106, 0.000791942700744, -0.00146364071406, 0.000687475840095, -0.00195430847816, -0.00084342045011, -0.000988453044556, 0.000314233388053, 0.00390659831464, -0.00545648019761, 0.015263539739, -0.00636212294921, 0.00342775532044], [0.000318148056976, -0.000753339380026, 1.11268241199e-006, -0.000794246036094, 0.00249416823499, -0.00178318948019, 0.000351102615241, -0.00128367636353, 0.000536308798473, 0.00168703112286, -0.00636212294921, 0.016261389479, -0.00631654867902], [-0.000253795238677, 0.000193921980099, -0.000892997602932, -0.000619232305326, -0.0015534037957, 0.000211199949263, 1.68398237292e-005, 0.000219192719669, 0.000448539998615, 0.0010934099555, 0.00342775532044, -0.00631654867902, 0.0116391452029]]
    },
    "spectral_contrast_coeffs": {
        "mean": [-0.704067468643, -0.689324021339, -0.685721635818, -0.758703410625, -0.797041118145, -0.77136605978],
        "var": [0.00609605200589, 0.00488782348111, 0.00750932935625, 0.00318788154982, 0.00112892023753, 0.00111529731657]
    },
    "spectral_contrast_valleys": {
        "mean": [-6.83709287643, -6.57907819748, -7.14631557465, -7.86478471756, -7.951171875, -10.4683036804],
        "var": [0.802658736706, 0.599359631538, 0.672558069229, 0.574088811874, 0.606272876263, 0.650192439556]
    }
},
"metadata": {
    "audio_properties": {
        "analysis_sample_rate": 44100,
        "bit_rate": 128074,
        "equal_loudness": 0,
        "length": 45.0612258911,
        "lossless": 0,
        "replay_gain": -5.84297943115,
        "sample_rate": 44100,
        "codec": "mp3",
        "downmix": "mix",
        "md5_encoded": "6009370665268c316bffa9017180a381"
    },
    "tags": {
        "file_name": "1618.mp3"
    },
    "version": {
        "essentia": "2.1-beta2",
        "essentia_git_sha": "v2.1_beta2",
        "extractor": "music 1.0"
    }
},
"rhythm": {
    "beats_count": 83,
    "beats_loudness": {
        "mean": 0.0377331078053,
        "var": 0.000304221000988
    },
    "bpm": 112.175979614,
    "bpm_histogram_first_peak_bpm": {
        "mean": 112,
        "var": 0
    },
    "bpm_histogram_first_peak_spread": {
        "mean": 0.351351350546,
        "var": 0
    },
    "bpm_histogram_first_peak_weight": {
        "mean": 0.585365831852,
        "var": 0
    },
    "bpm_histogram_second_peak_bpm": {
        "mean": 105,
        "var": 0
    },
    "bpm_histogram_second_peak_spread": {
        "mean": 0,
        "var": 0
    },
    "bpm_histogram_second_peak_weight": {
        "mean": 0.0731707289815,
        "var": 0
    },
    "danceability": 1.07678556442,
    "onset_rate": 4.85786390305,
    "beats_loudness_band_ratio": {
        "mean": [0.401505947113, 0.113317281008, 0.309274494648, 0.16271212697, 0.0357442945242, 0.0167289916426],
        "var": [0.0431483983994, 0.00945639144629, 0.037643942982, 0.0240630637854, 0.00230496679433, 0.000257619132753]
    },
    "beats_position": [0.510838985443, 1.04489791393, 1.57895684242, 2.11301589012, 2.6470746994, 3.1811337471, 3.7151927948, 4.2492518425, 4.78331041336, 5.31736946106, 5.85142850876, 6.37387752533, 6.8963265419, 7.4303855896, 7.97605419159, 8.51011276245, 9.03256225586, 9.56662082672, 10.1006803513, 10.6579589844, 11.1920175552, 11.7609071732, 12.3297958374, 12.8986845016, 13.4675731659, 14.0132427216, 14.5589113235, 15.1161899567, 15.6850786209, 16.2539672852, 16.8112468719, 17.3685264587, 17.9025840759, 18.4366436005, 18.970703125, 19.5047607422, 20.0388202667, 20.5612697601, 21.0837192535, 21.6177768707, 22.1402263641, 22.6742858887, 23.219953537, 23.7540130615, 24.2880725861, 24.8221302032, 25.3561897278, 25.8902492523, 26.4243087769, 26.958366394, 27.4924259186, 28.014875412, 28.5489330292, 29.0946025848, 29.6286621094, 30.1627197266, 30.6967792511, 31.2308387756, 31.7416782379, 32.2757377625, 32.8097953796, 33.3438529968, 33.8779144287, 34.4119720459, 34.9460296631, 35.480091095, 36.0141487122, 36.5598182678, 37.1054878235, 37.6279373169, 38.1503829956, 38.6844444275, 39.2301139832, 39.7641716003, 40.2866210938, 40.7974586487, 41.3431282043, 41.88879776, 42.4228553772, 42.9453048706, 43.467754364, 44.0018119812, 44.5358734131]
},
"tonal": {
    "chords_changes_rate": 0.0545267499983,
    "chords_number_rate": 0.0113168722019,
    "chords_strength": {
        "mean": 0.517369270325,
        "var": 0.00561296427622
    },
    "hpcp_entropy": {
        "mean": 1.77018094063,
        "var": 0.42308858037
    },
    "key_strength": 0.766368985176,
    "tuning_diatonic_strength": 0.6406660676,
    "tuning_equal_tempered_deviation": 0.190579488873,
    "tuning_frequency": 434.193115234,
    "tuning_nontempered_energy_ratio": 0.913469791412,
    "hpcp": {
        "mean": [0.151485204697, 0.204843148589, 0.218344882131, 0.299061655998, 0.247358247638, 0.106907308102, 0.0663372948766, 0.0599503144622, 0.0523101836443, 0.110028356314, 0.14035885036, 0.0860535800457, 0.0575527995825, 0.0468293465674, 0.0420136265457, 0.124651730061, 0.165727674961, 0.0871766731143, 0.0577424615622, 0.0589538104832, 0.0527631416917, 0.0985752046108, 0.109861195087, 0.166837975383, 0.340221107006, 0.280115485191, 0.0852554365993, 0.0467007644475, 0.0504609160125, 0.08317707479, 0.265697658062, 0.300506442785, 0.114925794303, 0.0413833260536, 0.0433965101838, 0.0600613541901],
        "var": [0.0542897470295, 0.0806574523449, 0.0773653015494, 0.135621085763, 0.0872290208936, 0.025438638404, 0.0253682844341, 0.0218128766865, 0.0150227053091, 0.0376905687153, 0.0639658942819, 0.0263171885163, 0.0276541877538, 0.0173840429634, 0.00781720783561, 0.0322240740061, 0.056010235101, 0.0176742468029, 0.0220582131296, 0.0251735206693, 0.0152434939519, 0.0419020242989, 0.0521836690605, 0.0427541807294, 0.149184063077, 0.0951153710485, 0.0179531164467, 0.0160331241786, 0.0228790640831, 0.0200317371637, 0.121104843915, 0.14918474853, 0.0277359336615, 0.0145240379497, 0.0179844386876, 0.0195757802576]
    },
    "chords_histogram": [16.4609050751, 13.5802469254, 13.7860078812, 0, 2.67489719391, 1.44032919407, 4.21810722351, 0, 0, 0, 1.44032919407, 0, 0, 0, 0, 0, 0, 5.86419773102, 0.411522626877, 2.88065838814, 0, 0, 14.4032926559, 22.8395061493],
    "thpcp": [1, 0.823333621025, 0.250588327646, 0.137265920639, 0.148318007588, 0.244479462504, 0.780955851078, 0.8832680583, 0.337797373533, 0.121636562049, 0.127553850412, 0.176536232233, 0.445255160332, 0.602088272572, 0.641773462296, 0.879021465778, 0.727051436901, 0.314228922129, 0.194982886314, 0.176209867001, 0.153753489256, 0.323402494192, 0.41255185008, 0.252934277058, 0.169162929058, 0.13764385879, 0.123489186168, 0.366384476423, 0.487117558718, 0.256235331297, 0.169720396399, 0.173280879855, 0.155084863305, 0.28973865509, 0.322911173105, 0.490381032228],
    "chords_key": "G",
    "chords_scale": "minor",
    "key_key": "A#",
    "key_scale": "major"
}
}