{
"lowlevel": {
    "average_loudness": 0.968046188354,
    "barkbands_crest": {
        "mean": 10.4815177917,
        "var": 13.6291074753
    },
    "barkbands_flatness_db": {
        "mean": 0.157668501139,
        "var": 0.00266857258976
    },
    "barkbands_kurtosis": {
        "mean": 4.79960584641,
        "var": 59.6028366089
    },
    "barkbands_skewness": {
        "mean": 1.69357824326,
        "var": 1.26634740829
    },
    "barkbands_spread": {
        "mean": 20.3245391846,
        "var": 131.089126587
    },
    "dissonance": {
        "mean": 0.448895573616,
        "var": 0.0012367144227
    },
    "dynamic_complexity": 1.84206163883,
    "erbbands_crest": {
        "mean": 11.6763095856,
        "var": 30.5644664764
    },
    "erbbands_flatness_db": {
        "mean": 0.166136056185,
        "var": 0.00250225421041
    },
    "erbbands_kurtosis": {
        "mean": 1.53782653809,
        "var": 18.3884658813
    },
    "erbbands_skewness": {
        "mean": 0.399431467056,
        "var": 0.851790249348
    },
    "erbbands_spread": {
        "mean": 34.0407409668,
        "var": 237.132293701
    },
    "hfc": {
        "mean": 22.9289417267,
        "var": 244.886138916
    },
    "melbands_crest": {
        "mean": 15.8501796722,
        "var": 25.0924606323
    },
    "melbands_flatness_db": {
        "mean": 0.23277772963,
        "var": 0.00395653629676
    },
    "melbands_kurtosis": {
        "mean": 13.6023521423,
        "var": 302.088195801
    },
    "melbands_skewness": {
        "mean": 2.71123027802,
        "var": 2.45396184921
    },
    "melbands_spread": {
        "mean": 19.5126819611,
        "var": 155.0965271
    },
    "pitch_salience": {
        "mean": 0.445504307747,
        "var": 0.0095878764987
    },
    "silence_rate_20dB": {
        "mean": 1,
        "var": 0
    },
    "silence_rate_30dB": {
        "mean": 0.892893910408,
        "var": 0.0956359282136
    },
    "silence_rate_60dB": {
        "mean": 0.00154479919001,
        "var": 0.00154241069686
    },
    "spectral_centroid": {
        "mean": 1206.57946777,
        "var": 307875.21875
    },
    "spectral_complexity": {
        "mean": 16.6421222687,
        "var": 59.3822097778
    },
    "spectral_decrease": {
        "mean": -1.23535839336e-008,
        "var": 2.16211089017e-016
    },
    "spectral_energy": {
        "mean": 0.0487049929798,
        "var": 0.00317103904672
    },
    "spectral_energyband_high": {
        "mean": 0.000815705978312,
        "var": 1.14588578981e-006
    },
    "spectral_energyband_low": {
        "mean": 0.0283495672047,
        "var": 0.00240433355793
    },
    "spectral_energyband_middle_high": {
        "mean": 0.00587741937488,
        "var": 1.92844381672e-005
    },
    "spectral_energyband_middle_low": {
        "mean": 0.0156166087836,
        "var": 0.000388890533941
    },
    "spectral_entropy": {
        "mean": 7.31107282639,
        "var": 0.209986060858
    },
    "spectral_flux": {
        "mean": 0.0997075214982,
        "var": 0.0105904592201
    },
    "spectral_kurtosis": {
        "mean": 4.37504291534,
        "var": 8.20507717133
    },
    "spectral_rms": {
        "mean": 0.00629394315183,
        "var": 7.90336889622e-006
    },
    "spectral_rolloff": {
        "mean": 1129.98669434,
        "var": 1128710.875
    },
    "spectral_skewness": {
        "mean": 1.60896337032,
        "var": 0.163005888462
    },
    "spectral_spread": {
        "mean": 4968168.5,
        "var": 3.3622107095e+012
    },
    "spectral_strongpeak": {
        "mean": 0.868960678577,
        "var": 0.998786628246
    },
    "zerocrossingrate": {
        "mean": 0.0524105317891,
        "var": 0.000813284947071
    },
    "barkbands": {
        "mean": [0.00044467303087, 0.0162998661399, 0.0100293513387, 0.00297071039677, 0.00366390752606, 0.00203393097036, 0.00277801626362, 0.00209417310543, 0.00120732106734, 0.00106345396489, 0.000670649809763, 0.00134065246675, 0.000410643056966, 0.000843654561322, 0.000848780735396, 0.000268035306362, 0.000379596225685, 0.000243243513978, 0.000204671829124, 0.00019649504975, 0.000271634227829, 0.000100099001429, 7.40614923416e-005, 0.000101686680864, 0.000102202233393, 6.1058330175e-005, 2.43130307354e-006],
        "var": [1.38754421641e-006, 0.000983296195045, 0.000303299661027, 2.82313303615e-005, 0.000140619144076, 5.111138762e-006, 3.10870927933e-005, 1.05538656499e-005, 4.8672873163e-006, 4.38141341874e-006, 1.30920693664e-006, 3.84564100386e-006, 6.55750170608e-007, 2.02627938961e-006, 1.65645428751e-006, 7.10767210421e-007, 1.34894406756e-007, 1.32969390165e-007, 7.137207092e-008, 7.07956644419e-008, 1.31953527216e-007, 1.79779213738e-008, 1.04539523704e-008, 1.96618188397e-008, 6.23500895358e-008, 3.40788020026e-008, 4.11661885136e-011]
    },
    "erbbands": {
        "mean": [0.421840041876, 3.88197946548, 11.3256349564, 10.898727417, 12.7391500473, 10.7355165482, 11.9182109833, 16.385887146, 36.6243400574, 49.1276664734, 39.4341773987, 26.9514904022, 40.8617668152, 23.6309528351, 21.6194229126, 64.2948608398, 25.3851108551, 47.2112808228, 35.1393890381, 37.6616821289, 17.0484924316, 19.4444885254, 14.3743362427, 10.401845932, 10.2529258728, 8.94665527344, 11.8861837387, 8.74450206757, 3.56320476532, 3.25813698769, 1.90075027943, 1.51412713528, 2.08420825005, 1.33951365948, 0.638027787209, 0.304885923862, 0.103193759918, 0.0161176361144, 0.000348644010955, 6.7338347435e-005],
        "var": [0.614197075367, 57.74584198, 401.978546143, 321.339019775, 1506.27416992, 1117.48144531, 268.350982666, 444.448120117, 5944.50585938, 5163.69287109, 3244.45751953, 2949.18774414, 6674.90429688, 1406.6776123, 1115.06054688, 9373.24414063, 1424.95776367, 5981.34863281, 3652.58666992, 4540.37011719, 735.358825684, 330.400177002, 440.061340332, 222.710083008, 149.923706055, 148.490325928, 272.584197998, 133.958175659, 22.2028942108, 20.5216999054, 6.71160459518, 4.14997434616, 9.69717216492, 7.90466451645, 3.27014636993, 1.33465611935, 0.0698603317142, 0.00127275206614, 5.32309570644e-007, 4.95520202648e-009]
    },
    "gfcc": {
        "mean": [16.6276359558, 95.3201828003, -112.984146118, 34.5756034851, -51.2600440979, 21.2004833221, -31.4431991577, 9.92262363434, -17.8693180084, 11.1487083435, -13.8273305893, -3.41379785538, -12.3092842102],
        "cov": [[3596.30517578, -553.857849121, 677.552062988, 157.011352539, 53.1099014282, 177.80670166, -322.477783203, 258.431091309, -248.735351563, 164.012039185, -233.357025146, 126.892127991, -27.5173740387], [-553.857849121, 1625.54760742, -128.954910278, 238.221755981, 287.756011963, -69.9784317017, 284.501617432, -133.096969604, 234.38659668, -317.738189697, 112.230079651, -209.449523926, 136.743438721], [677.552062988, -128.954910278, 977.84552002, 152.696548462, -57.3257904053, 253.623260498, -137.438323975, 226.512023926, 4.09360122681, 12.1262016296, -87.8553695679, -10.1667385101, -43.0249137878], [157.011352539, 238.221755981, 152.696548462, 484.044799805, 303.319854736, 64.1141738892, 45.4902153015, -36.4300193787, 91.571472168, -2.09279108047, 34.689868927, -7.81925201416, 55.8320770264], [53.1099014282, 287.756011963, -57.3257904053, 303.319854736, 546.39666748, 60.0746307373, 181.312988281, -56.1362419128, 50.5229187012, 71.9566574097, -8.5709810257, 31.3836688995, 44.5926856995], [177.80670166, -69.9784317017, 253.623260498, 64.1141738892, 60.0746307373, 393.921630859, 136.03616333, 145.147659302, 47.3215446472, -60.6381835938, -2.25244450569, -12.7945327759, 14.1898317337], [-322.477783203, 284.501617432, -137.438323975, 45.4902153015, 181.312988281, 136.03616333, 353.593414307, 27.8705310822, 70.5947418213, -47.9785881042, 48.7450408936, -19.5262832642, 12.3965377808], [258.431091309, -133.096969604, 226.512023926, -36.4300193787, -56.1362419128, 145.147659302, 27.8705310822, 217.81552124, 58.6740188599, 2.24750828743, -40.9461479187, -25.2261619568, -35.4796524048], [-248.735351563, 234.38659668, 4.09360122681, 91.571472168, 50.5229187012, 47.3215446472, 70.5947418213, 58.6740188599, 258.331451416, 7.48907899857, 24.6835155487, -76.7455978394, 5.28612756729], [164.012039185, -317.738189697, 12.1262016296, -2.09279108047, 71.9566574097, -60.6381835938, -47.9785881042, 2.24750828743, 7.48907899857, 246.072540283, 1.75682973862, 69.0930328369, -49.7072296143], [-233.357025146, 112.230079651, -87.8553695679, 34.689868927, -8.5709810257, -2.25244450569, 48.7450408936, -40.9461479187, 24.6835155487, 1.75682973862, 156.447097778, 26.6378974915, 10.0864658356], [126.892127991, -209.449523926, -10.1667385101, -7.81925201416, 31.3836688995, -12.7945327759, -19.5262832642, -25.2261619568, -76.7455978394, 69.0930328369, 26.6378974915, 140.278900146, 31.907371521], [-27.5173740387, 136.743438721, -43.0249137878, 55.8320770264, 44.5926856995, 14.1898317337, 12.3965377808, -35.4796524048, 5.28612756729, -49.7072296143, 10.0864658356, 31.907371521, 137.481918335]],
        "icov": [[0.000540930195712, -0.000537746411283, 0.000290317169856, -0.00062379532028, 0.000393724447349, -0.000647646200377, 0.000732677348424, -0.00105518370401, 0.00100423803087, -0.000952357717324, 0.000966088729911, -0.00077740958659, 0.000314678210998], [-0.000537746411283, 0.00379152572714, -0.00196121400222, 0.00210112053901, -0.00314085185528, 0.00352042540908, -0.00235294410959, 0.00259530451149, -0.00300646247342, 0.00497807143256, -0.00398316886276, 0.00454941065982, -0.0026566835586], [0.000290317169856, -0.00196121400222, 0.00316846207716, -0.00235014781356, 0.00209199357778, -0.00294664315879, 0.00231100805104, -0.00302253430709, 0.00206241966225, -0.00275395740755, 0.00271235778928, -0.00251364661381, 0.00190132693388], [-0.00062379532028, 0.00210112053901, -0.00235014781356, 0.00623146584257, -0.00476708263159, 0.00212020706385, -0.00053155364003, 0.00300126639195, -0.00338434590958, 0.00388029054739, -0.00432466110215, 0.00316646229476, -0.00221548881382], [0.000393724447349, -0.00314085185528, 0.00209199357778, -0.00476708263159, 0.00756316445768, -0.00333621539176, -0.000672260357533, -0.000914614647627, 0.00270188041031, -0.0061462931335, 0.00568446237594, -0.00439441343769, 0.00178591813892], [-0.000647646200377, 0.00352042540908, -0.00294664315879, 0.00212020706385, -0.00333621539176, 0.00823082495481, -0.00403736671433, 0.000341897743056, -0.00288371951319, 0.00575650297105, -0.00440180068836, 0.00387448491529, -0.00311355222948], [0.000732677348424, -0.00235294410959, 0.00231100805104, -0.00053155364003, -0.000672260357533, -0.00403736671433, 0.0075979991816, -0.00344798527658, 0.00166268227622, -0.00173116172664, 0.000907162786461, -0.00276778452098, 0.00237185531296], [-0.00105518370401, 0.00259530451149, -0.00302253430709, 0.00300126639195, -0.000914614647627, 0.000341897743056, -0.00344798527658, 0.012512804009, -0.00540072331205, 0.00319493631832, -0.001089810743, 0.00253072753549, -0.000300457468256], [0.00100423803087, -0.00300646247342, 0.00206241966225, -0.00338434590958, 0.00270188041031, -0.00288371951319, 0.00166268227622, -0.00540072331205, 0.00982698518783, -0.00644348841161, 0.00207143439911, 0.00111980841029, -3.06341680698e-005], [-0.000952357717324, 0.00497807143256, -0.00275395740755, 0.00388029054739, -0.0061462931335, 0.00575650297105, -0.00173116172664, 0.00319493631832, -0.00644348841161, 0.0141582591459, -0.00561736524105, 0.00103546632454, 0.00033897117828], [0.000966088729911, -0.00398316886276, 0.00271235778928, -0.00432466110215, 0.00568446237594, -0.00440180068836, 0.000907162786461, -0.001089810743, 0.00207143439911, -0.00561736524105, 0.0137372473255, -0.00817856937647, 0.00378738250583], [-0.00077740958659, 0.00454941065982, -0.00251364661381, 0.00316646229476, -0.00439441343769, 0.00387448491529, -0.00276778452098, 0.00253072753549, 0.00111980841029, 0.00103546632454, -0.00817856937647, 0.0196013003588, -0.00844282377511], [0.000314678210998, -0.0026566835586, 0.00190132693388, -0.00221548881382, 0.00178591813892, -0.00311355222948, 0.00237185531296, -0.000300457468256, -3.06341680698e-005, 0.00033897117828, 0.00378738250583, -0.00844282377511, 0.0127298207954]]
    },
    "melbands": {
        "mean": [0.00421158457175, 0.00576324993744, 0.00201479066163, 0.000883368193172, 0.00040558972978, 0.000379460630938, 0.000581009080634, 0.000535680679604, 0.000313671596814, 0.000163866425282, 0.000195250031538, 8.3478691522e-005, 6.87578867655e-005, 0.000140135671245, 0.000115648734209, 3.78375552827e-005, 9.8684868135e-005, 5.0662594731e-005, 5.41401241207e-005, 3.81364880013e-005, 1.75058721652e-005, 2.29361012316e-005, 1.56166752276e-005, 8.85679946805e-006, 8.20010973257e-006, 8.06314073998e-006, 6.23878395345e-006, 5.73799434278e-006, 6.6617972152e-006, 7.94174593466e-006, 3.96330096919e-006, 1.94123526853e-006, 1.92861671167e-006, 1.68101234976e-006, 1.04488719899e-006, 1.08095321139e-006, 7.97391805918e-007, 1.39206451877e-006, 1.42049123042e-006, 1.07826053863e-006],
        "var": [6.30550930509e-005, 0.000108720319986, 1.05497883851e-005, 9.6540670711e-006, 3.14306163318e-007, 2.14279509692e-007, 1.4533011381e-006, 6.48957438898e-007, 2.24766068868e-007, 1.22003612546e-007, 1.61874936566e-007, 1.95659772828e-008, 1.40403084714e-008, 5.37828519498e-008, 1.83109634122e-008, 4.86166884528e-009, 3.03312539529e-008, 9.42350197874e-009, 5.3082120921e-009, 9.22625265076e-009, 5.51991230502e-010, 4.24526386267e-010, 5.63837143641e-010, 1.53976775774e-010, 1.60184074338e-010, 1.17200193994e-010, 5.95427873673e-011, 7.57559084907e-011, 9.3428029202e-011, 1.2865065957e-010, 3.04639716231e-011, 7.10838462745e-012, 7.63939952964e-012, 5.8187504294e-012, 2.15737388891e-012, 2.36283432056e-012, 1.20671842744e-012, 4.27936679148e-012, 5.47971173645e-012, 6.47098173656e-012]
    },
    "mfcc": {
        "mean": [-630.500488281, 121.948684692, 4.8575425148, 23.3190231323, 6.03755807877, 11.4363737106, 4.30525159836, -1.20715355873, 6.32596635818, 3.96581196785, 4.84343671799, 8.72237205505, 2.26662707329],
        "cov": [[2707.29516602, -233.888076782, 261.365631104, 19.4370555878, 275.248809814, -39.0590629578, 51.1006202698, -38.1603507996, 26.5893344879, 0.384077966213, -64.0743789673, -181.79309082, -57.5330238342], [-233.888076782, 1161.19335938, -151.709823608, 203.822036743, 41.1148490906, 73.3569564819, 58.2445831299, 109.21408844, 45.633682251, 63.5508232117, -45.0238227844, -48.8402862549, -52.5791816711], [261.365631104, -151.709823608, 1167.16796875, -206.238586426, 144.022491455, -131.700271606, 1.20928275585, 144.050491333, 108.568367004, 49.0086097717, 42.5342292786, 17.4069824219, 85.903968811], [19.4370555878, 203.822036743, -206.238586426, 536.325805664, 208.751419067, 176.347961426, -0.0866428241134, -36.868560791, 16.4852695465, 11.1361570358, -3.87748098373, 1.67507398129, 4.51412630081], [275.248809814, 41.1148490906, 144.022491455, 208.751419067, 325.679504395, 136.903366089, 34.654838562, 32.9901046753, 69.3749847412, 51.678768158, 8.0359582901, -23.7514648438, 14.5245580673], [-39.0590629578, 73.3569564819, -131.700271606, 176.347961426, 136.903366089, 302.791320801, 137.612380981, 64.3760910034, 69.361656189, 25.5929737091, 22.8145141602, 20.8475265503, 2.95491194725], [51.1006202698, 58.2445831299, 1.20928275585, -0.0866428241134, 34.654838562, 137.612380981, 252.75289917, 132.914779663, 39.046787262, 3.82313895226, 12.2668199539, 16.2806472778, -9.50687503815], [-38.1603507996, 109.21408844, 144.050491333, -36.868560791, 32.9901046753, 64.3760910034, 132.914779663, 247.729141235, 113.592567444, 48.8123817444, 23.0374526978, 28.6001720428, -0.0272132642567], [26.5893344879, 45.633682251, 108.568367004, 16.4852695465, 69.3749847412, 69.361656189, 39.046787262, 113.592567444, 187.906509399, 97.4242630005, 38.3344650269, -0.076091222465, -18.3301639557], [0.384077966213, 63.5508232117, 49.0086097717, 11.1361570358, 51.678768158, 25.5929737091, 3.82313895226, 48.8123817444, 97.4242630005, 169.933242798, 79.3201751709, 20.153585434, 10.8097438812], [-64.0743789673, -45.0238227844, 42.5342292786, -3.87748098373, 8.0359582901, 22.8145141602, 12.2668199539, 23.0374526978, 38.3344650269, 79.3201751709, 140.87109375, 86.6656570435, 22.7485275269], [-181.79309082, -48.8402862549, 17.4069824219, 1.67507398129, -23.7514648438, 20.8475265503, 16.2806472778, 28.6001720428, -0.076091222465, 20.153585434, 86.6656570435, 139.917633057, 65.0009384155], [-57.5330238342, -52.5791816711, 85.903968811, 4.51412630081, 14.5245580673, 2.95491194725, -9.50687503815, -0.0272132642567, -18.3301639557, 10.8097438812, 22.7485275269, 65.0009384155, 131.867752075]],
        "icov": [[0.000484410993522, 0.000108564345283, -3.00827878164e-006, 3.1831124943e-005, -0.000513662758749, 0.000351336755557, -0.000350155925844, 0.000151192638441, -5.30488723598e-005, 6.64789040457e-005, -0.000187227851711, 0.000655351846945, -2.45698738581e-005], [0.000108564345283, 0.00112663104665, 4.4933251047e-005, -0.000561089196708, 0.000181401264854, 9.20448364923e-005, -6.49448484182e-005, -0.00072679243749, 0.0004331789969, -0.00083804433234, 0.000589595118072, 0.000308979972033, 0.00033454108052], [-3.00827878164e-006, 4.4933251047e-005, 0.00152111600619, 0.00068267271854, -0.00140124827158, 0.00121857179329, -6.61638914607e-005, -0.000637557765003, -0.00084458780475, 0.000750987557694, -0.000666139123496, 0.000354647461791, -0.00111441093031], [3.1831124943e-005, -0.000561089196708, 0.00068267271854, 0.00366983795539, -0.00244425446726, -0.00101810845081, 0.000731793465093, 0.000670807785355, -0.000236738254898, 0.000649620604236, 0.000125030652271, -0.000892020354513, -0.000103277750895], [-0.000513662758749, 0.000181401264854, -0.00140124827158, -0.00244425446726, 0.00712397135794, -0.00275640469044, 0.000581115484238, -0.000221404625336, 0.000164693934494, -0.00151441933122, 0.000134752423037, 0.00155431916937, -0.00047870297567], [0.000351336755557, 9.20448364923e-005, 0.00121857179329, -0.00101810845081, -0.00275640469044, 0.00799618661404, -0.00404101191089, 0.000766038894653, -0.00283536314964, 0.00123769394122, -0.000710592605174, -0.000286758586299, -0.000967389671132], [-0.000350155925844, -6.49448484182e-005, -6.61638914607e-005, 0.000731793465093, 0.000581115484238, -0.00404101191089, 0.00814052112401, -0.00432443618774, 0.00221272278577, 0.000397533061914, -0.000503353076056, 4.80003363919e-005, 0.000790083198808], [0.000151192638441, -0.00072679243749, -0.000637557765003, 0.000670807785355, -0.000221404625336, 0.000766038894653, -0.00432443618774, 0.00937679503113, -0.00486956397071, 7.19261806807e-005, 0.00170486536808, -0.00272901938297, 0.000234240826103], [-5.30488723598e-005, 0.0004331789969, -0.00084458780475, -0.000236738254898, 0.000164693934494, -0.00283536314964, 0.00221272278577, -0.00486956397071, 0.0123299472034, -0.00567881390452, 0.000379020988476, 0.000729860039428, 0.002666070126], [6.64789040457e-005, -0.00083804433234, 0.000750987557694, 0.000649620604236, -0.00151441933122, 0.00123769394122, 0.000397533061914, 7.19261806807e-005, -0.00567881390452, 0.0130313793197, -0.00825851969421, 0.00379765313119, -0.00295375706628], [-0.000187227851711, 0.000589595118072, -0.000666139123496, 0.000125030652271, 0.000134752423037, -0.000710592605174, -0.000503353076056, 0.00170486536808, 0.000379020988476, -0.00825851969421, 0.0188896488398, -0.0125908991322, 0.00422560004517], [0.000655351846945, 0.000308979972033, 0.000354647461791, -0.000892020354513, 0.00155431916937, -0.000286758586299, 4.80003363919e-005, -0.00272901938297, 0.000729860039428, 0.00379765313119, -0.0125908991322, 0.0197803769261, -0.00774129293859], [-2.45698738581e-005, 0.00033454108052, -0.00111441093031, -0.000103277750895, -0.00047870297567, -0.000967389671132, 0.000790083198808, 0.000234240826103, 0.002666070126, -0.00295375706628, 0.00422560004517, -0.00774129293859, 0.0122665921226]]
    },
    "spectral_contrast_coeffs": {
        "mean": [-0.627617299557, -0.665009319782, -0.701870381832, -0.714512944221, -0.751199662685, -0.741852879524],
        "var": [0.00773535948247, 0.00631160708144, 0.0057504279539, 0.00357701350003, 0.00303472322412, 0.00326279224828]
    },
    "spectral_contrast_valleys": {
        "mean": [-7.16632080078, -6.83918714523, -7.72181940079, -7.98693323135, -7.93602180481, -10.2297744751],
        "var": [1.3740247488, 0.803816914558, 0.683821499348, 0.783510923386, 0.759644091129, 1.48232841492]
    }
},
"metadata": {
    "audio_properties": {
        "analysis_sample_rate": 44100,
        "bit_rate": 128074,
        "equal_loudness": 0,
        "length": 45.0612258911,
        "lossless": 0,
        "replay_gain": -4.94727325439,
        "sample_rate": 44100,
        "codec": "mp3",
        "downmix": "mix",
        "md5_encoded": "72b27c65673b7094454a4788cebcd165"
    },
    "tags": {
        "file_name": "1619.mp3"
    },
    "version": {
        "essentia": "2.1-beta2",
        "essentia_git_sha": "v2.1_beta2",
        "extractor": "music 1.0"
    }
},
"rhythm": {
    "beats_count": 64,
    "beats_loudness": {
        "mean": 0.0546716637909,
        "var": 0.000701446377207
    },
    "bpm": 86.1760177612,
    "bpm_histogram_first_peak_bpm": {
        "mean": 86,
        "var": 0
    },
    "bpm_histogram_first_peak_spread": {
        "mean": 0.327868819237,
        "var": 0
    },
    "bpm_histogram_first_peak_weight": {
        "mean": 0.650793671608,
        "var": 0
    },
    "bpm_histogram_second_peak_bpm": {
        "mean": 81,
        "var": 0
    },
    "bpm_histogram_second_peak_spread": {
        "mean": 0,
        "var": 0
    },
    "bpm_histogram_second_peak_weight": {
        "mean": 0.0317460335791,
        "var": 0
    },
    "danceability": 1.27007317543,
    "onset_rate": 5.10186624527,
    "beats_loudness_band_ratio": {
        "mean": [0.598616063595, 0.120859265327, 0.154320061207, 0.0847583413124, 0.0515891872346, 0.0452570579946],
        "var": [0.0384484641254, 0.0117846447974, 0.0279028248042, 0.00277185859159, 0.00504518626258, 0.00152896554209]
    },
    "beats_position": [0.731428563595, 1.47446703911, 2.18267560005, 2.87927436829, 3.5758728981, 4.26086139679, 4.96907043457, 5.66566896439, 6.3622674942, 7.05886602402, 7.75546455383, 8.45206356049, 9.18349170685, 9.91492080688, 10.6579589844, 11.3777770996, 12.0743761063, 12.7593650818, 13.4675731659, 14.1641721725, 14.8491611481, 15.5341491699, 16.2539672852, 16.9505672455, 17.6471652985, 18.3437633514, 19.0403633118, 19.7369613647, 20.4219493866, 21.1069393158, 21.8035373688, 22.5001354218, 23.1735134125, 23.8701133728, 24.5667114258, 25.2749195099, 25.9599094391, 26.6565074921, 27.353105545, 28.0497055054, 28.7346935272, 29.4196815491, 30.1162815094, 30.8128795624, 31.5094776154, 32.2060775757, 32.9026756287, 33.5992736816, 34.2842636108, 34.9692497253, 35.6658477783, 36.362449646, 37.0474357605, 37.7324256897, 38.4406356812, 39.1488418579, 39.8338317871, 40.5188217163, 41.2154197693, 41.9120178223, 42.6086158752, 43.3052139282, 44.0018119812, 44.6984100342]
},
"tonal": {
    "chords_changes_rate": 0.0432098768651,
    "chords_number_rate": 0.0123456791043,
    "chords_strength": {
        "mean": 0.485246181488,
        "var": 0.0130373090506
    },
    "hpcp_entropy": {
        "mean": 1.73043978214,
        "var": 0.34386447072
    },
    "key_strength": 0.635000050068,
    "tuning_diatonic_strength": 0.441738545895,
    "tuning_equal_tempered_deviation": 0.0324016474187,
    "tuning_frequency": 440,
    "tuning_nontempered_energy_ratio": 0.621490597725,
    "hpcp": {
        "mean": [0.116607226431, 0.0884617492557, 0.144939035177, 0.2879357934, 0.221215367317, 0.087052360177, 0.0784912109375, 0.0661665275693, 0.142654120922, 0.245147049427, 0.158451959491, 0.0656755790114, 0.0733156278729, 0.0550657175481, 0.0958987101912, 0.157537341118, 0.114709749818, 0.125683858991, 0.170133456588, 0.0928879156709, 0.0362016931176, 0.0391703359783, 0.0419646166265, 0.0841685980558, 0.110922403634, 0.0656346678734, 0.0258588213474, 0.0238501094282, 0.0349418148398, 0.183631926775, 0.332446396351, 0.210708498955, 0.0739998221397, 0.0989714115858, 0.113436929882, 0.108439728618],
        "var": [0.063319683075, 0.0322771184146, 0.0418267138302, 0.149925217032, 0.103243052959, 0.0241922177374, 0.030247990042, 0.0226473212242, 0.0495846420527, 0.133716657758, 0.0664504691958, 0.0230424050242, 0.0415241755545, 0.020510006696, 0.026371428743, 0.0587085001171, 0.0407472960651, 0.0366631299257, 0.0664591342211, 0.0245067067444, 0.0120196891949, 0.0149790085852, 0.0162445064634, 0.0277582220733, 0.0414238423109, 0.0224128887057, 0.00797541439533, 0.00792252831161, 0.013851787895, 0.0505548156798, 0.143267169595, 0.0754878744483, 0.0334480814636, 0.0509670041502, 0.0761773511767, 0.0398702956736]
    },
    "chords_histogram": [23.559671402, 26.6460914612, 0.617283940315, 0, 1.54320991039, 0, 0.308641970158, 0, 4.83539104462, 1.85185182095, 0, 2.16049385071, 3.39506173134, 0, 0, 0, 0.308641970158, 0, 2.88065838814, 1.13168728352, 0, 4.01234579086, 9.87654304504, 16.872428894],
    "thpcp": [1, 0.633811950684, 0.222591742873, 0.297706365585, 0.341218709946, 0.326187103987, 0.350754976273, 0.266093283892, 0.435977160931, 0.866111934185, 0.665416657925, 0.261853814125, 0.236101850867, 0.199029162526, 0.429104119539, 0.737403213978, 0.476624071598, 0.197552382946, 0.220533683896, 0.165637880564, 0.288463681936, 0.473872900009, 0.345047354698, 0.378057509661, 0.511762082577, 0.279407203197, 0.108894824982, 0.11782451719, 0.126229718328, 0.253179460764, 0.333654999733, 0.197429329157, 0.0777834281325, 0.0717412158847, 0.105105109513, 0.552365541458],
    "chords_key": "G",
    "chords_scale": "minor",
    "key_key": "D#",
    "key_scale": "major"
}
}