{
"lowlevel": {
    "average_loudness": 0.981580615044,
    "barkbands_crest": {
        "mean": 8.39019966125,
        "var": 13.5832824707
    },
    "barkbands_flatness_db": {
        "mean": 0.129654377699,
        "var": 0.00188322691247
    },
    "barkbands_kurtosis": {
        "mean": 1.93489527702,
        "var": 39.7348632813
    },
    "barkbands_skewness": {
        "mean": 0.983047068119,
        "var": 0.852181971073
    },
    "barkbands_spread": {
        "mean": 18.1628799438,
        "var": 82.7996292114
    },
    "dissonance": {
        "mean": 0.461787551641,
        "var": 0.000709607556928
    },
    "dynamic_complexity": 0.917289435863,
    "erbbands_crest": {
        "mean": 8.28710746765,
        "var": 10.9988164902
    },
    "erbbands_flatness_db": {
        "mean": 0.186795830727,
        "var": 0.00136447453406
    },
    "erbbands_kurtosis": {
        "mean": 0.327481269836,
        "var": 2.48789334297
    },
    "erbbands_skewness": {
        "mean": 0.273548066616,
        "var": 0.410736888647
    },
    "erbbands_spread": {
        "mean": 27.868057251,
        "var": 127.529060364
    },
    "hfc": {
        "mean": 30.8754997253,
        "var": 435.574981689
    },
    "melbands_crest": {
        "mean": 11.127664566,
        "var": 21.2423343658
    },
    "melbands_flatness_db": {
        "mean": 0.181443318725,
        "var": 0.0033782555256
    },
    "melbands_kurtosis": {
        "mean": 5.28064918518,
        "var": 148.828308105
    },
    "melbands_skewness": {
        "mean": 1.6009478569,
        "var": 1.14642763138
    },
    "melbands_spread": {
        "mean": 25.3845748901,
        "var": 351.170806885
    },
    "pitch_salience": {
        "mean": 0.612012803555,
        "var": 0.00894518848509
    },
    "silence_rate_20dB": {
        "mean": 1,
        "var": 0
    },
    "silence_rate_30dB": {
        "mean": 1,
        "var": 0
    },
    "silence_rate_60dB": {
        "mean": 0.00205973233096,
        "var": 0.00205553602427
    },
    "spectral_centroid": {
        "mean": 1230.16271973,
        "var": 291670.125
    },
    "spectral_complexity": {
        "mean": 24.8156547546,
        "var": 45.1535110474
    },
    "spectral_decrease": {
        "mean": -8.8419236377e-009,
        "var": 1.17950123727e-017
    },
    "spectral_energy": {
        "mean": 0.0361719727516,
        "var": 0.000176880887011
    },
    "spectral_energyband_high": {
        "mean": 0.00081475317711,
        "var": 7.71427494328e-006
    },
    "spectral_energyband_low": {
        "mean": 0.00475456053391,
        "var": 7.70721235313e-005
    },
    "spectral_energyband_middle_high": {
        "mean": 0.0107914889231,
        "var": 3.85313360312e-005
    },
    "spectral_energyband_middle_low": {
        "mean": 0.0205421093851,
        "var": 0.000143875382491
    },
    "spectral_entropy": {
        "mean": 7.40513277054,
        "var": 0.151038825512
    },
    "spectral_flux": {
        "mean": 0.110491111875,
        "var": 0.00152243464254
    },
    "spectral_kurtosis": {
        "mean": 6.51485347748,
        "var": 26.1443500519
    },
    "spectral_rms": {
        "mean": 0.00583494128659,
        "var": 1.2431481764e-006
    },
    "spectral_rolloff": {
        "mean": 1550.51879883,
        "var": 1295526.625
    },
    "spectral_skewness": {
        "mean": 1.80825161934,
        "var": 0.375585854053
    },
    "spectral_spread": {
        "mean": 3523326,
        "var": 1.98345385574e+012
    },
    "spectral_strongpeak": {
        "mean": 1.45772945881,
        "var": 1.33551132679
    },
    "zerocrossingrate": {
        "mean": 0.0546367093921,
        "var": 0.000933479459491
    },
    "barkbands": {
        "mean": [0.000141800046549, 0.00222977763042, 0.00179572182242, 0.00131309323478, 0.00545248528942, 0.00470900395885, 0.00394036108628, 0.00229848152958, 0.00252811284736, 0.00152247701772, 0.00187005777843, 0.00140562013257, 0.00126840139274, 0.0012934046099, 0.0011096597882, 0.000815596431494, 0.000687609019224, 0.000486270524561, 0.000340313912602, 0.000214368134039, 0.00011557363905, 0.000234402396018, 0.00022749650816, 0.000107128638774, 5.78545441385e-005, 6.23496634944e-006, 7.0226576554e-007],
        "var": [8.0530718094e-008, 2.07020075322e-005, 2.27304863074e-005, 2.42359647018e-006, 4.36040973e-005, 4.83139519929e-005, 3.40423321177e-005, 1.22451046991e-005, 7.06178798282e-006, 4.29074589192e-006, 5.5658151723e-006, 1.94807853404e-006, 1.57922693234e-006, 1.9279332264e-006, 1.57197575845e-006, 7.14642794719e-007, 5.13825625603e-007, 2.48282333359e-007, 1.22572117789e-007, 9.51967109586e-008, 3.32208571763e-008, 1.01414661913e-006, 1.31737920128e-006, 2.96785231058e-007, 1.09332063403e-007, 9.55278703363e-011, 3.79221263766e-012]
    },
    "erbbands": {
        "mean": [0.0554228685796, 0.540985941887, 1.87463068962, 3.50670385361, 8.5902557373, 21.8176898956, 31.6092128754, 38.6775169373, 48.8248023987, 59.7979774475, 55.3811683655, 54.7169761658, 46.472946167, 71.0918426514, 63.9772186279, 61.9248161316, 62.0207252502, 74.1618118286, 54.359992981, 53.711555481, 48.5912971497, 37.3211936951, 28.2211513519, 18.7983283997, 17.4797344208, 9.64203262329, 5.1110162735, 4.58317279816, 7.95080041885, 8.7186832428, 5.92351102829, 3.38639712334, 1.27115678787, 0.942541122437, 0.228193536401, 0.0476525425911, 0.00643293652683, 0.00204886426218, 8.61585140228e-005, 4.60960545752e-005],
        "var": [0.0110181039199, 1.32965457439, 22.3439826965, 22.814119339, 199.300598145, 910.91619873, 1818.5324707, 3911.44238281, 6109.66845703, 7920.62988281, 7153.41552734, 3411.26904297, 3307.74072266, 6055.00537109, 5104.09619141, 3776.45898438, 3566.12182617, 5747.49072266, 4141.53417969, 3314.10400391, 2545.91699219, 1400.71325684, 752.220275879, 304.876220703, 491.473510742, 181.580307007, 63.2309951782, 94.2777175903, 1140.84301758, 1649.7902832, 923.727844238, 303.861633301, 63.0760917664, 37.5844650269, 0.872643649578, 0.00673623289913, 0.000109095366497, 1.97582994588e-005, 2.50912108868e-008, 3.6468467135e-010]
    },
    "gfcc": {
        "mean": [28.3576145172, 114.186737061, -143.951248169, 19.8319187164, -63.6970939636, 10.8999137878, -41.4457969666, 1.92203474045, -20.2954502106, -2.3015973568, -10.4607200623, 0.90545976162, -7.47024917603],
        "cov": [[2212.94506836, -608.115783691, -288.544494629, 108.882568359, -96.8799667358, 146.062561035, -159.444168091, 81.7934951782, -26.0399837494, 14.9899778366, -103.093421936, -8.11765289307, -108.349967957], [-608.115783691, 949.232849121, 73.9313964844, -121.577301025, 182.44468689, -187.487106323, 167.668060303, -86.5889892578, 23.0820789337, -35.4706230164, 84.8216552734, -49.4879417419, 39.0855064392], [-288.544494629, 73.9313964844, 602.743164063, 63.4848747253, -32.2431602478, 59.6046485901, 29.5417022705, 3.80430006981, -66.02784729, -2.9054980278, -45.5801544189, 7.35804367065, -5.43596553802], [108.882568359, -121.577301025, 63.4848747253, 309.874328613, 38.1145744324, 30.8582172394, -4.08627271652, 5.31316423416, 29.8999652863, -23.5408840179, -12.0590648651, -18.2205524445, -13.5668020248], [-96.8799667358, 182.44468689, -32.2431602478, 38.1145744324, 262.098754883, 32.5461235046, 33.7830581665, 20.3024158478, 20.1881694794, 5.21270084381, -6.54984235764, -16.3583908081, -4.04046154022], [146.062561035, -187.487106323, 59.6046485901, 30.8582172394, 32.5461235046, 248.521057129, 27.33335495, 29.8047924042, 0.167665585876, -4.70860004425, -40.335811615, -11.8424720764, -14.5213079453], [-159.444168091, 167.668060303, 29.5417022705, -4.08627271652, 33.7830581665, 27.33335495, 165.896316528, 9.62468624115, 9.76577949524, -1.83418250084, 15.3649187088, -17.9444980621, -8.57793903351], [81.7934951782, -86.5889892578, 3.80430006981, 5.31316423416, 20.3024158478, 29.8047924042, 9.62468624115, 101.204376221, 19.6266098022, 13.1411428452, -12.4270124435, 4.03089761734, -8.0587310791], [-26.0399837494, 23.0820789337, -66.02784729, 29.8999652863, 20.1881694794, 0.167665585876, 9.76577949524, 19.6266098022, 88.2807846069, 9.98764133453, 14.9659109116, -5.857837677, -2.32751059532], [14.9899778366, -35.4706230164, -2.9054980278, -23.5408840179, 5.21270084381, -4.70860004425, -1.83418250084, 13.1411428452, 9.98764133453, 78.4855728149, 20.1488876343, 1.3051776886, -14.1065387726], [-103.093421936, 84.8216552734, -45.5801544189, -12.0590648651, -6.54984235764, -40.335811615, 15.3649187088, -12.4270124435, 14.9659109116, 20.1488876343, 75.320526123, 11.819653511, 10.6107187271], [-8.11765289307, -49.4879417419, 7.35804367065, -18.2205524445, -16.3583908081, -11.8424720764, -17.9444980621, 4.03089761734, -5.857837677, 1.3051776886, 11.819653511, 71.5388259888, 24.9888324738], [-108.349967957, 39.0855064392, -5.43596553802, -13.5668020248, -4.04046154022, -14.5213079453, -8.57793903351, -8.0587310791, -2.32751059532, -14.1065387726, 10.6107187271, 24.9888324738, 68.8432006836]],
        "icov": [[0.000769423146266, -0.000361847109161, 0.000749383645598, -0.000629375863355, 0.000714309164323, -0.000705715094227, 0.000805028423201, -0.000775117427111, 0.00088353373576, -0.000579949177336, 0.00111241219565, -0.000637023651507, 0.00122499465942], [-0.000361847109161, 0.00524221034721, -0.00242767995223, 0.00329009187408, -0.00458086468279, 0.00429519964382, -0.0041027716361, 0.00383334886283, -0.00320701207966, 0.00425252178684, -0.00479993037879, 0.00446357671171, -0.00263184239157], [0.000749383645598, -0.00242767995223, 0.00364903919399, -0.00249056378379, 0.00278880726546, -0.00255091581494, 0.00162316858768, -0.00223280792125, 0.00362682365812, -0.00287898047827, 0.00397461373359, -0.00281351362355, 0.00186288659461], [-0.000629375863355, 0.00329009187408, -0.00249056378379, 0.00609601289034, -0.00362913287245, 0.00263780122623, -0.00222887541167, 0.00277060433291, -0.00417018728331, 0.00441943434998, -0.00380852981471, 0.00360886519775, -0.00142217311077], [0.000714309164323, -0.00458086468279, 0.00278880726546, -0.00362913287245, 0.0084252525121, -0.00430046301335, 0.00300826807506, -0.00412510009483, 0.00284148310311, -0.00447293650359, 0.00522415200248, -0.00346389156766, 0.00234101084061], [-0.000705715094227, 0.00429519964382, -0.00255091581494, 0.00263780122623, -0.00430046301335, 0.00850036181509, -0.00448036706075, 0.00255377776921, -0.00310079427436, 0.0034341532737, -0.00197255401872, 0.00384376081638, -0.00244192616083], [0.000805028423201, -0.0041027716361, 0.00162316858768, -0.00222887541167, 0.00300826807506, -0.00448036706075, 0.0106720048934, -0.00407433556393, 0.00232125329785, -0.00211633788422, 0.00126130296849, -0.00182485289406, 0.00348238414153], [-0.000775117427111, 0.00383334886283, -0.00223280792125, 0.00277060433291, -0.00412510009483, 0.00255377776921, -0.00407433556393, 0.0147814163938, -0.00561788259074, 0.00115154811647, -0.00117358949501, 0.00147034600377, -0.001814203104], [0.00088353373576, -0.00320701207966, 0.00362682365812, -0.00417018728331, 0.00284148310311, -0.00310079427436, 0.00232125329785, -0.00561788259074, 0.0170818362385, -0.00421781884506, 0.00128887151368, -0.00197168230079, 0.00205050199293], [-0.000579949177336, 0.00425252178684, -0.00287898047827, 0.00441943434998, -0.00447293650359, 0.0034341532737, -0.00211633788422, 0.00115154811647, -0.00421781884506, 0.0195397976786, -0.00973460450768, 0.00355276325718, 0.00172150041908], [0.00111241219565, -0.00479993037879, 0.00397461373359, -0.00380852981471, 0.00522415200248, -0.00197255401872, 0.00126130296849, -0.00117358949501, 0.00128887151368, -0.00973460450768, 0.0243226625025, -0.00738252652809, 0.000929322617594], [-0.000637023651507, 0.00446357671171, -0.00281351362355, 0.00360886519775, -0.00346389156766, 0.00384376081638, -0.00182485289406, 0.00147034600377, -0.00197168230079, 0.00355276325718, -0.00738252652809, 0.0214642398059, -0.00848746113479], [0.00122499465942, -0.00263184239157, 0.00186288659461, -0.00142217311077, 0.00234101084061, -0.00244192616083, 0.00348238414153, -0.001814203104, 0.00205050199293, 0.00172150041908, 0.000929322617594, -0.00848746113479, 0.0210182778537]]
    },
    "melbands": {
        "mean": [0.000569602183532, 0.000914189557079, 0.000731214066036, 0.00107017718256, 0.00111443805508, 0.000868179427925, 0.000781541748438, 0.000605255248956, 0.000445617595688, 0.00034188333666, 0.000225600218982, 0.00027980474988, 0.000258854910498, 0.000143650177051, 0.000155474263011, 0.000136535425554, 0.000132456363644, 8.36910985527e-005, 7.31164691388e-005, 5.96487116127e-005, 5.74845544179e-005, 4.1558083467e-005, 2.73302630376e-005, 2.45693063334e-005, 1.38286122819e-005, 1.25090473375e-005, 1.15765715236e-005, 5.04426907355e-006, 3.20288972944e-006, 2.62577464127e-006, 2.6104457902e-006, 4.33136574429e-006, 5.01100566908e-006, 4.81618189951e-006, 3.39872281074e-006, 3.005062581e-006, 1.65897358784e-006, 8.07701098893e-007, 8.82217079834e-007, 7.54528798552e-007],
        "var": [1.21866366953e-006, 4.39767291027e-006, 8.74545833085e-007, 2.15087516153e-006, 1.84808675385e-006, 1.84580812856e-006, 1.42736121234e-006, 7.40303107705e-007, 4.49525231261e-007, 1.36596668199e-007, 8.50416910225e-008, 1.0578235532e-007, 1.09135200432e-007, 2.34376713593e-008, 2.28310046424e-008, 1.79555232904e-008, 2.00284038243e-008, 1.13520783884e-008, 6.89123602626e-009, 3.94812760263e-009, 4.33538716038e-009, 2.15888240618e-009, 8.55371995456e-010, 7.5356609841e-010, 1.85472623371e-010, 2.17118989454e-010, 3.61199820054e-010, 5.52225522255e-011, 3.17132015093e-011, 1.8119027112e-011, 3.52749912613e-011, 3.44454492707e-010, 5.43283640297e-010, 5.6873228349e-010, 3.26927818151e-010, 2.74167549774e-010, 6.88319679032e-011, 2.88139234694e-011, 3.06975486697e-011, 2.68061284975e-011]
    },
    "mfcc": {
        "mean": [-604.364379883, 140.923568726, -20.4162864685, 8.78489494324, -3.16992354393, 2.88885331154, -8.98282527924, 2.77589941025, -7.88529491425, -2.5191347599, -0.663742601871, -4.51683044434, 0.961517035961],
        "cov": [[1898.93774414, -775.047973633, -274.837188721, -101.27809906, 56.6564216614, 1.65940546989, -91.959197998, 35.9892463684, -11.3425970078, 56.379234314, 5.13091373444, 77.0937271118, -104.472892761], [-775.047973633, 1097.53564453, -71.8044586182, 68.5209960938, -53.0842132568, -31.6361045837, 89.6872940063, -40.1329345703, -5.60441923141, -45.8177108765, 41.7454490662, -60.3656806946, 84.1034164429], [-274.837188721, -71.8044586182, 585.276367188, 28.1226577759, -26.0009880066, 38.6458625793, 43.3545951843, 14.3176221848, 14.7795495987, -18.5379085541, -23.4943180084, -37.3344497681, -11.431728363], [-101.27809906, 68.5209960938, 28.1226577759, 284.872741699, 36.9890480042, -6.07768964767, -7.14602851868, 6.59679746628, -9.21446704865, -1.42468345165, -1.31586933136, -6.45760297775, 31.0503425598], [56.6564216614, -53.0842132568, -26.0009880066, 36.9890480042, 216.568740845, 46.0899925232, 4.85398435593, 18.8726997375, 36.0347213745, 14.9972648621, -28.9623413086, 38.3562240601, -27.9138317108], [1.65940546989, -31.6361045837, 38.6458625793, -6.07768964767, 46.0899925232, 163.309173584, 51.3768959045, 32.2354202271, 21.8030967712, 20.9237670898, 8.52895450592, -3.16499829292, -1.83560466766], [-91.959197998, 89.6872940063, 43.3545951843, -7.14602851868, 4.85398435593, 51.3768959045, 129.956726074, 25.905708313, 22.6887359619, 15.7383909225, 17.6679000854, -11.6712388992, 2.95668292046], [35.9892463684, -40.1329345703, 14.3176221848, 6.59679746628, 18.8726997375, 32.2354202271, 25.905708313, 103.739082336, 34.9872741699, 8.89806842804, 6.12334012985, 2.07113099098, -16.5532436371], [-11.3425970078, -5.60441923141, 14.7795495987, -9.21446704865, 36.0347213745, 21.8030967712, 22.6887359619, 34.9872741699, 87.3737869263, 20.2207298279, -0.751011431217, 6.73404598236, -9.40444755554], [56.379234314, -45.8177108765, -18.5379085541, -1.42468345165, 14.9972648621, 20.9237670898, 15.7383909225, 8.89806842804, 20.2207298279, 86.7979278564, 18.1400699615, 8.41162204742, -1.03878509998], [5.13091373444, 41.7454490662, -23.4943180084, -1.31586933136, -28.9623413086, 8.52895450592, 17.6679000854, 6.12334012985, -0.751011431217, 18.1400699615, 93.9781341553, 8.89777946472, 11.8239088058], [77.0937271118, -60.3656806946, -37.3344497681, -6.45760297775, 38.3562240601, -3.16499829292, -11.6712388992, 2.07113099098, 6.73404598236, 8.41162204742, 8.89777946472, 82.3029632568, -6.58437299728], [-104.472892761, 84.1034164429, -11.431728363, 31.0503425598, -27.9138317108, -1.83560466766, 2.95668292046, -16.5532436371, -9.40444755554, -1.03878509998, 11.8239088058, -6.58437299728, 96.7185897827]],
        "icov": [[0.000887328234967, 0.000603401684202, 0.000467452890007, 8.23431182653e-005, -1.3919504454e-005, 1.26911263578e-005, 7.54325810703e-005, -0.000131047316245, 0.000208108904189, -0.000143375364132, -0.000231605794397, -8.84488836164e-005, 0.000475062726764], [0.000603401684202, 0.00162344309501, 0.000570364296436, -0.000200636844966, -4.29673782492e-005, 0.000386039493605, -0.00102747499477, 0.00046447510249, -0.000211583130294, 0.000749438127968, -0.000663926359266, 0.000726138416212, -0.000404184160288], [0.000467452890007, 0.000570364296436, 0.0021969974041, -0.000324338587234, 0.000449748476967, -0.000373543967726, -0.000709613610525, 0.00011741102935, -0.000381658144761, 0.000557342078537, 0.000332645198796, 0.000602907210123, 0.000506513868459], [8.23431182653e-005, -0.000200636844966, -0.000324338587234, 0.00402917386964, -0.00128108938225, 0.000468918296974, 0.000543778238352, -0.000898571161088, 0.000982056139037, -0.000311004579999, -0.000220528570935, 0.000519163324498, -0.00144523428753], [-1.3919504454e-005, -4.29673782492e-005, 0.000449748476967, -0.00128108938225, 0.00674878247082, -0.00197895336896, 2.87828552246e-005, 0.000323323271004, -0.00211233645678, -0.000373926421162, 0.00247434014454, -0.00305825890973, 0.00173132203054], [1.26911263578e-005, 0.000386039493605, -0.000373543967726, 0.000468918296974, -0.00197895336896, 0.00811986159533, -0.00265113054775, -0.00144795083907, 0.000203296309337, -0.000854731304571, -0.000838028267026, 0.00112203892786, -0.000911055831239], [7.54325810703e-005, -0.00102747499477, -0.000709613610525, 0.000543778238352, 2.87828552246e-005, -0.00265113054775, 0.0106807174161, -0.00165044120513, -0.00105809338856, -0.00144060479943, -0.00118373753503, 0.00071028387174, 0.000140215910506], [-0.000131047316245, 0.00046447510249, 0.00011741102935, -0.000898571161088, 0.000323323271004, -0.00144795083907, -0.00165044120513, 0.0124648632482, -0.00448174448684, 0.000886977708433, -0.000893580727279, 0.000201008966542, 0.00170320481993], [0.000208108904189, -0.000211583130294, -0.000381658144761, 0.000982056139037, -0.00211233645678, 0.000203296309337, -0.00105809338856, -0.00448174448684, 0.0152517622337, -0.00296599557623, 0.000556143932045, -0.000491502694786, 5.76161655772e-005], [-0.000143375364132, 0.000749438127968, 0.000557342078537, -0.000311004579999, -0.000373926421162, -0.000854731304571, -0.00144060479943, 0.000886977708433, -0.00296599557623, 0.013812542893, -0.00264709140174, -8.69635987328e-005, -0.00039149436634], [-0.000231605794397, -0.000663926359266, 0.000332645198796, -0.000220528570935, 0.00247434014454, -0.000838028267026, -0.00118373753503, -0.000893580727279, 0.000556143932045, -0.00264709140174, 0.0130114108324, -0.00270723481663, -0.000730575819034], [-8.84488836164e-005, 0.000726138416212, 0.000602907210123, 0.000519163324498, -0.00305825890973, 0.00112203892786, 0.00071028387174, 0.000201008966542, -0.000491502694786, -8.69635987328e-005, -0.00270723481663, 0.0149561073631, -0.000370621215552], [0.000475062726764, -0.000404184160288, 0.000506513868459, -0.00144523428753, 0.00173132203054, -0.000911055831239, 0.000140215910506, 0.00170320481993, 5.76161655772e-005, -0.00039149436634, -0.000730575819034, -0.000370621215552, 0.0125628113747]]
    },
    "spectral_contrast_coeffs": {
        "mean": [-0.608896434307, -0.695388317108, -0.736575722694, -0.741333961487, -0.740745663643, -0.735848665237],
        "var": [0.00698213512078, 0.00581897282973, 0.00402678037062, 0.00334364268929, 0.0032419799827, 0.00151862029452]
    },
    "spectral_contrast_valleys": {
        "mean": [-7.20059680939, -6.16139650345, -6.64322471619, -7.14195871353, -7.54920959473, -10.3835306168],
        "var": [0.551650583744, 0.504922330379, 0.516779363155, 0.593095958233, 0.602138757706, 0.824432611465]
    }
},
"metadata": {
    "audio_properties": {
        "analysis_sample_rate": 44100,
        "bit_rate": 128074,
        "equal_loudness": 0,
        "length": 45.0612258911,
        "lossless": 0,
        "replay_gain": -5.15151786804,
        "sample_rate": 44100,
        "codec": "mp3",
        "downmix": "mix",
        "md5_encoded": "2f90080d3cfa359b94fe7339d68638bf"
    },
    "tags": {
        "file_name": "1621.mp3"
    },
    "version": {
        "essentia": "2.1-beta2",
        "essentia_git_sha": "v2.1_beta2",
        "extractor": "music 1.0"
    }
},
"rhythm": {
    "beats_count": 89,
    "beats_loudness": {
        "mean": 0.0360617488623,
        "var": 0.000113326459541
    },
    "bpm": 119.888877869,
    "bpm_histogram_first_peak_bpm": {
        "mean": 120,
        "var": 0
    },
    "bpm_histogram_first_peak_spread": {
        "mean": 0.441860467196,
        "var": 0
    },
    "bpm_histogram_first_peak_weight": {
        "mean": 0.54545456171,
        "var": 0
    },
    "bpm_histogram_second_peak_bpm": {
        "mean": 126,
        "var": 0
    },
    "bpm_histogram_second_peak_spread": {
        "mean": 0.5,
        "var": 0
    },
    "bpm_histogram_second_peak_weight": {
        "mean": 0.0113636367023,
        "var": 0
    },
    "danceability": 1.56104445457,
    "onset_rate": 4.14803934097,
    "beats_loudness_band_ratio": {
        "mean": [0.127296581864, 0.320915848017, 0.276441991329, 0.181968256831, 0.107410311699, 0.0492089428008],
        "var": [0.0161841642112, 0.0169056709856, 0.0172800999135, 0.00689057214186, 0.00343318958767, 0.000572292250581]
    },
    "beats_position": [0.46439909935, 0.9287981987, 1.40480720997, 1.89242625237, 2.39165520668, 2.89088439941, 3.39011335373, 3.90095233917, 4.41179132462, 4.91102027893, 5.41024923325, 5.89786815643, 6.40870714188, 6.91954612732, 7.4303855896, 7.94122457504, 8.45206356049, 8.93968200684, 9.43891143799, 9.93814086914, 10.4489793777, 10.95981884, 11.4706573486, 11.9582767487, 12.4575052261, 12.9451246262, 13.4443531036, 13.9435825348, 14.4428119659, 14.9420404434, 15.4528799057, 15.9521083832, 16.4513378143, 16.9505672455, 17.4497947693, 17.9490242004, 18.4598636627, 18.9474830627, 19.4467124939, 19.9459400177, 20.4451694489, 20.9560089111, 21.4552383423, 21.942855835, 22.4420852661, 22.9297046661, 23.4289340973, 23.9397735596, 24.4506111145, 24.9498405457, 25.4490699768, 25.948299408, 26.4475269318, 26.9351463318, 27.4459857941, 27.9336051941, 28.4444446564, 28.932062149, 29.4312915802, 29.9305210114, 30.4413604736, 30.9405899048, 31.4514274597, 31.9506568909, 32.4382743835, 32.9375038147, 33.4367332458, 33.935962677, 34.4351921082, 34.9344215393, 35.4336509705, 35.9212684631, 36.4204978943, 36.9197273254, 37.4189567566, 37.9181861877, 38.4290237427, 38.9398651123, 39.4390907288, 39.9383201599, 40.4491615295, 40.9483909607, 41.4476165771, 41.9352378845, 42.4344673157, 42.9336967468, 43.4445343018, 43.9437637329, 44.4546012878]
},
"tonal": {
    "chords_changes_rate": 0.0802469104528,
    "chords_number_rate": 0.0113168722019,
    "chords_strength": {
        "mean": 0.476820230484,
        "var": 0.00587253412232
    },
    "hpcp_entropy": {
        "mean": 2.10763716698,
        "var": 0.589010715485
    },
    "key_strength": 0.611227214336,
    "tuning_diatonic_strength": 0.499367743731,
    "tuning_equal_tempered_deviation": 0.111467197537,
    "tuning_frequency": 442.804626465,
    "tuning_nontempered_energy_ratio": 0.740696907043,
    "hpcp": {
        "mean": [0.290674477816, 0.19049064815, 0.137832969427, 0.135891914368, 0.147488325834, 0.350967556238, 0.4357868433, 0.218924596906, 0.081932939589, 0.0673185586929, 0.0681470856071, 0.110577724874, 0.158293306828, 0.224040672183, 0.287604093552, 0.249478727579, 0.16262049973, 0.147447422147, 0.143429428339, 0.121039450169, 0.234891355038, 0.294928759336, 0.17648267746, 0.093204587698, 0.0743149742484, 0.102119557559, 0.249164745212, 0.304710298777, 0.17684930563, 0.117976680398, 0.11803855747, 0.0967093557119, 0.108156576753, 0.124721653759, 0.144846394658, 0.24600610137],
        "var": [0.108071058989, 0.0534508898854, 0.0492345802486, 0.0487743057311, 0.0409076176584, 0.101694248617, 0.136434867978, 0.044512912631, 0.0240569934249, 0.0213419999927, 0.0164858940989, 0.0224515479058, 0.0343125239015, 0.0626399740577, 0.0972398668528, 0.0955227762461, 0.0442035645247, 0.0395451001823, 0.0445240922272, 0.0244905445725, 0.0672834813595, 0.0970548093319, 0.0370111949742, 0.0256611295044, 0.0182626266032, 0.0222008377314, 0.0503109879792, 0.0709174126387, 0.0364301651716, 0.0355036146939, 0.0380999520421, 0.0268314685673, 0.0286654066294, 0.0374232940376, 0.0453820750117, 0.0706924572587]
    },
    "chords_histogram": [13.1687240601, 3.60082316399, 2.77777767181, 0, 4.01234579086, 0, 17.9012336731, 1.54320991039, 1.13168728352, 1.95473253727, 0, 0, 0, 0, 0, 0, 0, 0, 1.74897122383, 0, 0, 9.25925922394, 0.823045253754, 42.0781898499],
    "thpcp": [1, 0.502366244793, 0.188011497259, 0.154475882649, 0.156377106905, 0.253742694855, 0.363235622644, 0.514106094837, 0.6599650383, 0.57247877121, 0.373165220022, 0.338347584009, 0.32912749052, 0.277749210596, 0.539005160332, 0.67677295208, 0.404974758625, 0.213876545429, 0.170530557632, 0.234333738685, 0.571758329868, 0.699218690395, 0.405816078186, 0.270721077919, 0.270863056183, 0.221918940544, 0.248186886311, 0.286198765039, 0.3323790133, 0.564510166645, 0.66701066494, 0.437118858099, 0.316285282373, 0.311831146479, 0.338441431522, 0.805365204811],
    "chords_key": "B",
    "chords_scale": "minor",
    "key_key": "D",
    "key_scale": "major"
}
}