{
"lowlevel": {
    "average_loudness": 0.952569007874,
    "barkbands_crest": {
        "mean": 11.4404401779,
        "var": 16.4094257355
    },
    "barkbands_flatness_db": {
        "mean": 0.169472575188,
        "var": 0.00313503318466
    },
    "barkbands_kurtosis": {
        "mean": 9.17971611023,
        "var": 275.424713135
    },
    "barkbands_skewness": {
        "mean": 1.98374700546,
        "var": 2.30097126961
    },
    "barkbands_spread": {
        "mean": 14.8829641342,
        "var": 192.145950317
    },
    "dissonance": {
        "mean": 0.426611155272,
        "var": 0.00235616788268
    },
    "dynamic_complexity": 2.90989494324,
    "erbbands_crest": {
        "mean": 11.5002346039,
        "var": 27.0415477753
    },
    "erbbands_flatness_db": {
        "mean": 0.171454504132,
        "var": 0.00241482979618
    },
    "erbbands_kurtosis": {
        "mean": 2.89612865448,
        "var": 41.2230949402
    },
    "erbbands_skewness": {
        "mean": 0.874291956425,
        "var": 1.26948714256
    },
    "erbbands_spread": {
        "mean": 32.4458198547,
        "var": 462.339752197
    },
    "hfc": {
        "mean": 16.9181060791,
        "var": 224.19543457
    },
    "melbands_crest": {
        "mean": 15.0424823761,
        "var": 27.37849617
    },
    "melbands_flatness_db": {
        "mean": 0.248877823353,
        "var": 0.00532261049375
    },
    "melbands_kurtosis": {
        "mean": 19.3753070831,
        "var": 1135.63049316
    },
    "melbands_skewness": {
        "mean": 2.7595603466,
        "var": 4.18448162079
    },
    "melbands_spread": {
        "mean": 15.9353923798,
        "var": 447.464660645
    },
    "pitch_salience": {
        "mean": 0.525116562843,
        "var": 0.0126980580389
    },
    "silence_rate_20dB": {
        "mean": 1,
        "var": 0
    },
    "silence_rate_30dB": {
        "mean": 0.966529369354,
        "var": 0.0323509089649
    },
    "silence_rate_60dB": {
        "mean": 0.0684860944748,
        "var": 0.0637969523668
    },
    "spectral_centroid": {
        "mean": 905.934997559,
        "var": 476230.71875
    },
    "spectral_complexity": {
        "mean": 11.5808448792,
        "var": 37.4195404053
    },
    "spectral_decrease": {
        "mean": -9.19981335556e-009,
        "var": 6.10404698144e-017
    },
    "spectral_energy": {
        "mean": 0.03625677526,
        "var": 0.000909740338102
    },
    "spectral_energyband_high": {
        "mean": 0.000511987134814,
        "var": 1.78503375992e-006
    },
    "spectral_energyband_low": {
        "mean": 0.0145494798198,
        "var": 0.000467074365588
    },
    "spectral_energyband_middle_high": {
        "mean": 0.00352520588785,
        "var": 1.44199075294e-005
    },
    "spectral_energyband_middle_low": {
        "mean": 0.0187966879457,
        "var": 0.000245861330768
    },
    "spectral_entropy": {
        "mean": 7.23646211624,
        "var": 0.338776379824
    },
    "spectral_flux": {
        "mean": 0.0844114497304,
        "var": 0.00344029767439
    },
    "spectral_kurtosis": {
        "mean": 5.69237279892,
        "var": 16.0886936188
    },
    "spectral_rms": {
        "mean": 0.0054291007109,
        "var": 5.89735373069e-006
    },
    "spectral_rolloff": {
        "mean": 1096.76196289,
        "var": 2791446.5
    },
    "spectral_skewness": {
        "mean": 1.91074430943,
        "var": 0.459854066372
    },
    "spectral_spread": {
        "mean": 4955809,
        "var": 3.98306102477e+012
    },
    "spectral_strongpeak": {
        "mean": 1.08113086224,
        "var": 1.2431422472
    },
    "zerocrossingrate": {
        "mean": 0.0470115281641,
        "var": 0.00196603150107
    },
    "barkbands": {
        "mean": [0.000772889296059, 0.00741794053465, 0.00529019441456, 0.00273065618239, 0.00408668862656, 0.00603993935511, 0.00147232762538, 0.00110777793452, 0.00316479965113, 0.000489026191644, 0.00136936071794, 0.000422728364356, 0.000250738667091, 0.000244001726969, 0.000292585173156, 0.000295504869428, 0.000127442224766, 7.72362109274e-005, 5.34002974746e-005, 7.99175104476e-005, 9.89273539744e-005, 0.00010969156574, 5.65696391277e-005, 4.6521625336e-005, 0.000102651931229, 5.41278750461e-005, 3.15354918712e-006],
        "var": [2.59379680756e-006, 0.000190120728803, 0.000100293669675, 3.63933650078e-005, 3.76070674974e-005, 5.96737445449e-005, 1.02839167084e-005, 9.51896254264e-006, 3.83242695534e-005, 7.77586365075e-007, 4.92718481837e-006, 1.7085176296e-006, 1.93338237864e-007, 2.92228321541e-007, 5.10917971042e-007, 6.98552128142e-007, 1.01491522742e-007, 1.44211176334e-008, 6.81714240613e-009, 2.22798490768e-008, 5.85631987349e-008, 1.51670278115e-007, 1.3714056557e-008, 1.47897143421e-008, 2.85467393724e-007, 6.51571667731e-008, 2.68995048458e-010]
    },
    "erbbands": {
        "mean": [0.227086484432, 1.6348733902, 5.38224744797, 8.03679656982, 12.3510932922, 12.4717159271, 36.9302520752, 45.3027076721, 17.975605011, 28.6954307556, 47.0455207825, 66.2941513062, 20.8395023346, 38.8633232117, 35.1998558044, 15.6848602295, 11.5200166702, 13.3895931244, 9.16440105438, 17.8139629364, 19.151922226, 7.3643078804, 4.60309410095, 3.27966332436, 2.90609717369, 3.71176528931, 3.50781440735, 4.52742290497, 4.10401916504, 2.43429684639, 1.53762114048, 0.864755570889, 0.917948544025, 1.15483260155, 0.705912530422, 0.315453052521, 0.0799567550421, 0.0129554299638, 0.000369736779248, 5.19688837812e-005],
        "var": [0.254578888416, 8.18700885773, 76.8341522217, 258.104125977, 669.088439941, 366.985717773, 2790.35546875, 4493.89208984, 865.363098145, 4148.87011719, 7987.92480469, 18642.5957031, 793.415649414, 3712.08520508, 3954.61938477, 955.093933105, 343.65838623, 761.719726563, 306.347717285, 2197.57446289, 2968.40844727, 226.087463379, 62.6731338501, 20.8046550751, 24.8489589691, 46.5844612122, 53.5454559326, 179.803588867, 243.877334595, 40.8907737732, 9.28423118591, 4.30285549164, 7.48778295517, 41.4096870422, 13.5781908035, 2.82893443108, 0.102514982224, 0.00263496604748, 2.34152685152e-006, 2.84633205894e-009]
    },
    "gfcc": {
        "mean": [-16.7841110229, 99.3340301514, -96.4017715454, 18.6500701904, -68.8806838989, 11.0548229218, -37.7564353943, 6.75265359879, -25.9808712006, 3.74988031387, -18.875043869, 4.52139425278, -5.65374088287],
        "cov": [[4636.96875, 167.751831055, 130.398010254, -202.21572876, -12.4467287064, 189.597824097, -15.3524150848, 175.937683105, 0.0660040378571, 59.6769218445, -124.416549683, -43.9107551575, -90.7605361938], [167.751831055, 1421.63098145, 260.252075195, -87.1602706909, 193.437332153, 51.1271476746, 261.807312012, 47.4363975525, 95.0087814331, -143.799026489, 84.2786331177, -111.040748596, 9.93512439728], [130.398010254, 260.252075195, 879.654846191, 321.799102783, 216.920669556, 101.643997192, 129.867111206, 48.2502593994, -33.9004402161, 36.9984016418, 14.657365799, -1.53474974632, -55.5265884399], [-202.21572876, -87.1602706909, 321.799102783, 847.419311523, 302.191864014, 124.651855469, 92.9140319824, 5.40183830261, 129.269897461, 32.3130912781, 5.13004302979, -16.1213951111, -24.9782028198], [-12.4467287064, 193.437332153, 216.920669556, 302.191864014, 424.085174561, 166.373519897, 60.6474990845, 73.2384872437, 117.331291199, 28.3248920441, -32.1981697083, -32.6035575867, -4.98324680328], [189.597824097, 51.1271476746, 101.643997192, 124.651855469, 166.373519897, 262.348358154, 153.263336182, 54.1473464966, 43.8205375671, 53.3805732727, 18.0690593719, -36.4565620422, -30.5750427246], [-15.3524150848, 261.807312012, 129.867111206, 92.9140319824, 60.6474990845, 153.263336182, 280.918273926, 52.860786438, 28.4081935883, 12.226568222, 60.6553115845, -22.0406360626, -33.8561134338], [175.937683105, 47.4363975525, 48.2502593994, 5.40183830261, 73.2384872437, 54.1473464966, 52.860786438, 130.379760742, 60.4544792175, 23.7366752625, -3.8223798275, 3.7189116478, 8.70621204376], [0.0660040378571, 95.0087814331, -33.9004402161, 129.269897461, 117.331291199, 43.8205375671, 28.4081935883, 60.4544792175, 159.172363281, 25.2988777161, -4.23963928223, 1.71387016773, 31.4045181274], [59.6769218445, -143.799026489, 36.9984016418, 32.3130912781, 28.3248920441, 53.3805732727, 12.226568222, 23.7366752625, 25.2988777161, 115.733589172, 35.5699615479, 31.6241264343, 2.16511249542], [-124.416549683, 84.2786331177, 14.657365799, 5.13004302979, -32.1981697083, 18.0690593719, 60.6553115845, -3.8223798275, -4.23963928223, 35.5699615479, 135.633804321, 26.4469585419, 7.89510822296], [-43.9107551575, -111.040748596, -1.53474974632, -16.1213951111, -32.6035575867, -36.4565620422, -22.0406360626, 3.7189116478, 1.71387016773, 31.6241264343, 26.4469585419, 103.26473999, 47.9786071777], [-90.7605361938, 9.93512439728, -55.5265884399, -24.9782028198, -4.98324680328, -30.5750427246, -33.8561134338, 8.70621204376, 31.4045181274, 2.16511249542, 7.89510822296, 47.9786071777, 95.7048721313]],
        "icov": [[0.000290633586701, -0.000273165642284, 3.36612029059e-005, -0.000104482627648, 0.000417851551902, -0.000571306503844, 0.000525458832271, -0.000544581445865, 0.000204490235774, -0.000365821411833, 0.000506723532453, -0.000352867617039, 0.000447173224529], [-0.000273165642284, 0.00255087460391, -0.00102199148387, 0.00155903224368, -0.00194382329937, 0.00191402807832, -0.0026732601691, 0.0016601573443, -0.0025588106364, 0.00339282699861, -0.00266782543622, 0.00276235095225, -0.00169819314033], [3.36612029059e-005, -0.00102199148387, 0.00223979353905, -0.00123919220641, -0.000278724066447, -3.82914622605e-005, 0.000228334974963, -0.00138177454937, 0.0029412182048, -0.00190855062101, 0.00108710350469, -0.00146228529047, 0.00101525825448], [-0.000104482627648, 0.00155903224368, -0.00123919220641, 0.00299814459868, -0.00203877827153, 0.00104562111665, -0.00178177352063, 0.00244237179868, -0.00337471230887, 0.00216926657595, -0.00171286752447, 0.00129551498685, -0.000271864060778], [0.000417851551902, -0.00194382329937, -0.000278724066447, -0.00203877827153, 0.00705823488533, -0.0048140976578, 0.00371607439592, -0.00244480231777, -0.000696173112374, -0.00172622269019, 0.00295289885253, -0.00153543951456, 0.00106440437958], [-0.000571306503844, 0.00191402807832, -3.82914622605e-005, 0.00104562111665, -0.0048140976578, 0.0110714836046, -0.00677693495527, 0.00126461940818, -0.000225006690016, -0.00176847493276, -0.00165162491612, 0.00468624895439, -0.00181506841909], [0.000525458832271, -0.0026732601691, 0.000228334974963, -0.00178177352063, 0.00371607439592, -0.00677693495527, 0.0102881314233, -0.00379562983289, 0.00121773104183, -0.000650656467769, -9.25774875213e-005, -0.0033580432646, 0.00376270944253], [-0.000544581445865, 0.0016601573443, -0.00138177454937, 0.00244237179868, -0.00244480231777, 0.00126461940818, -0.00379562983289, 0.0132660828531, -0.00606703385711, 0.00110885908362, -0.000732611282729, 0.000991694279946, -0.001596825663], [0.000204490235774, -0.0025588106364, 0.0029412182048, -0.00337471230887, -0.000696173112374, -0.000225006690016, 0.00121773104183, -0.00606703385711, 0.0153502076864, -0.00586201809347, 0.0031076525338, -0.00108159694355, -0.00245873187669], [-0.000365821411833, 0.00339282699861, -0.00190855062101, 0.00216926657595, -0.00172622269019, -0.00176847493276, -0.000650656467769, 0.00110885908362, -0.00586201809347, 0.0178854838014, -0.00679533183575, -0.00145571026951, 0.000583097978961], [0.000506723532453, -0.00266782543622, 0.00108710350469, -0.00171286752447, 0.00295289885253, -0.00165162491612, -9.25774875213e-005, -0.000732611282729, 0.0031076525338, -0.00679533183575, 0.0130411749706, -0.00421893969178, 0.000774366548285], [-0.000352867617039, 0.00276235095225, -0.00146228529047, 0.00129551498685, -0.00153543951456, 0.00468624895439, -0.0033580432646, 0.000991694279946, -0.00108159694355, -0.00145571026951, -0.00421893969178, 0.0192489121109, -0.00990658532828], [0.000447173224529, -0.00169819314033, 0.00101525825448, -0.000271864060778, 0.00106440437958, -0.00181506841909, 0.00376270944253, -0.001596825663, -0.00245873187669, 0.000583097978961, 0.000774366548285, -0.00990658532828, 0.0182152204216]]
    },
    "melbands": {
        "mean": [0.00207430776209, 0.00266969320364, 0.00161896727514, 0.000835424521938, 0.00112173950765, 0.00103279692121, 0.000298499071505, 0.00027467351174, 0.000505040457938, 0.000375531526515, 8.99884980754e-005, 0.000145972808241, 0.000167158534168, 4.36050613644e-005, 3.85923522117e-005, 1.94721997104e-005, 2.63298134087e-005, 1.36304715852e-005, 2.19038956857e-005, 1.8790096874e-005, 2.34268773056e-005, 7.37323807698e-006, 4.72459578305e-006, 3.90159448216e-006, 2.47172715717e-006, 1.95653910851e-006, 2.52153881775e-006, 2.39637506638e-006, 2.11393853533e-006, 2.29554075304e-006, 2.79485834653e-006, 2.5364031444e-006, 1.71176554886e-006, 1.18959314932e-006, 9.27503833736e-007, 6.38781216367e-007, 4.88302305257e-007, 5.84626548061e-007, 7.9362712313e-007, 1.04959087821e-006],
        "var": [1.67669386428e-005, 1.63376826094e-005, 8.50531159813e-006, 1.96513201445e-006, 2.24152904593e-006, 2.06151071325e-006, 2.43100487296e-007, 4.03414190941e-007, 8.63871377987e-007, 5.57413329716e-007, 1.91234068581e-008, 5.49933218963e-008, 7.80379423304e-008, 2.35934169979e-008, 6.17288975491e-009, 8.27273527459e-010, 3.34993122131e-009, 8.87063755783e-010, 2.75473110989e-009, 1.94305727064e-009, 5.01350605475e-009, 2.95144575446e-010, 1.88899215714e-010, 4.94448822164e-011, 1.30523569383e-011, 1.1058870833e-011, 2.33534389743e-011, 2.04380228019e-011, 1.88873690993e-011, 3.38997614702e-011, 8.87827450446e-011, 1.07608207067e-010, 2.87458459813e-011, 8.88296120688e-012, 3.36457077477e-012, 1.85756336528e-012, 1.72675578263e-012, 2.70254391782e-012, 9.65431293937e-012, 4.17427585553e-011]
    },
    "mfcc": {
        "mean": [-667.854125977, 134.805343628, 20.6117477417, 13.6980037689, -6.00962352753, 1.47668743134, -3.01345229149, -1.32997059822, 2.22307753563, -5.23964738846, -4.06297874451, -3.17954039574, -0.524316608906],
        "cov": [[3967.16601563, 115.97756958, -34.91173172, -231.170791626, -3.92675757408, -19.6372699738, -23.4577713013, 35.6339912415, 102.173858643, 107.876663208, 50.5070800781, -33.1743354797, -0.981383740902], [115.97756958, 1434.5670166, 159.757873535, -145.834823608, -19.4389019012, -67.3098144531, 145.217651367, 119.355384827, 68.1418533325, 14.7688903809, 7.30643129349, 24.2540874481, 7.46015882492], [-34.91173172, 159.757873535, 576.249450684, 267.353424072, 83.3757476807, 108.511375427, 155.473098755, 65.5879364014, 16.9547348022, -18.1828022003, 45.4525794983, 41.8180160522, 21.6610336304], [-231.170791626, -145.834823608, 267.353424072, 590.616821289, 259.341430664, 203.096328735, 48.3191261292, 97.0595855713, 78.6375808716, 16.893321991, 38.4955062866, 65.7435913086, 49.4371376038], [-3.92675757408, -19.4389019012, 83.3757476807, 259.341430664, 420.364685059, 160.217880249, 31.3387126923, 47.2014122009, 122.100883484, 56.3233909607, 33.8883743286, 34.1485023499, 38.5520057678], [-19.6372699738, -67.3098144531, 108.511375427, 203.096328735, 160.217880249, 287.313415527, 119.509460449, 75.7235870361, 72.0410690308, 67.9377670288, 73.6687698364, 30.7747612, 35.996547699], [-23.4577713013, 145.217651367, 155.473098755, 48.3191261292, 31.3387126923, 119.509460449, 232.987335205, 74.8011322021, 14.0896034241, 48.6965560913, 72.6484069824, 23.0068321228, 13.5086650848], [35.6339912415, 119.355384827, 65.5879364014, 97.0595855713, 47.2014122009, 75.7235870361, 74.8011322021, 135.751754761, 77.4045791626, 38.7459144592, 27.8582382202, 32.1444702148, 29.2693080902], [102.173858643, 68.1418533325, 16.9547348022, 78.6375808716, 122.100883484, 72.0410690308, 14.0896034241, 77.4045791626, 174.291427612, 60.6675720215, 21.3228759766, 21.9967460632, 41.4703483582], [107.876663208, 14.7688903809, -18.1828022003, 16.893321991, 56.3233909607, 67.9377670288, 48.6965560913, 38.7459144592, 60.6675720215, 109.505493164, 53.7634735107, 16.6210098267, 12.2772722244], [50.5070800781, 7.30643129349, 45.4525794983, 38.4955062866, 33.8883743286, 73.6687698364, 72.6484069824, 27.8582382202, 21.3228759766, 53.7634735107, 123.095237732, 38.7991371155, 2.41405797005], [-33.1743354797, 24.2540874481, 41.8180160522, 65.7435913086, 34.1485023499, 30.7747612, 23.0068321228, 32.1444702148, 21.9967460632, 16.6210098267, 38.7991371155, 80.8085708618, 29.7698402405], [-0.981383740902, 7.46015882492, 21.6610336304, 49.4371376038, 38.5520057678, 35.996547699, 13.5086650848, 29.2693080902, 41.4703483582, 12.2772722244, 2.41405797005, 29.7698402405, 83.4798278809]],
        "icov": [[0.000276771432254, 6.46615899313e-006, -0.000112186993647, 0.00019364891341, -3.89737942896e-005, 5.62313380215e-006, 0.000194471620489, -0.00015235846513, -7.48901584302e-005, -0.000251943041803, -0.000140091360663, 0.000183154988918, -3.23780514009e-005], [6.46615899313e-006, 0.000947432068642, -0.000329653586959, 0.000521517184097, -0.000227530894335, 0.000542033580132, -0.000496945227496, -0.000888512760866, -0.00028139812639, 0.000122523793834, 0.000205823220313, -0.00025836378336, 0.000163348770002], [-0.000112186993647, -0.000329653586959, 0.00309111108072, -0.00163814320695, 0.000291316508083, 0.000213281440665, -0.00216055870987, 0.000803834176622, -0.000382803671528, 0.00168973987456, -0.000266777380602, -0.000268665200565, 8.26514078653e-005], [0.00019364891341, 0.000521517184097, -0.00163814320695, 0.00418048538268, -0.00168202095665, -0.00148602877744, 0.00161883234978, -0.0024536466226, 0.000686554121785, 0.000471919978736, 0.000190022459719, -0.00118736957666, -7.1620917879e-005], [-3.89737942896e-005, -0.000227530894335, 0.000291316508083, -0.00168202095665, 0.00436456268653, -0.00121954793576, -0.000155362999067, 0.00204719277099, -0.00245752884075, -0.000558300584089, 0.000378337368602, -0.000341187958838, 0.000171678926563], [5.62313380215e-006, 0.000542033580132, 0.000213281440665, -0.00148602877744, -0.00121954793576, 0.00751100620255, -0.00283564161509, -0.000810604949947, -0.000466619501822, -0.00126963132061, -0.00172526587266, 0.00137321546208, -0.00117744307499], [0.000194471620489, -0.000496945227496, -0.00216055870987, 0.00161883234978, -0.000155362999067, -0.00283564161509, 0.00950087700039, -0.00397638510913, 0.00291515421122, -0.00211940216832, -0.00268314615823, 0.00124158023391, -0.000701774086338], [-0.00015235846513, -0.000888512760866, 0.000803834176622, -0.0024536466226, 0.00204719277099, -0.000810604949947, -0.00397638510913, 0.0152605576441, -0.00570794148371, -0.000536325329449, 0.00147799379192, -0.00270230323076, -0.00014557155373], [-7.48901584302e-005, -0.00028139812639, -0.000382803671528, 0.000686554121785, -0.00245752884075, -0.000466619501822, 0.00291515421122, -0.00570794148371, 0.0118868807331, -0.00417446205392, -3.11282346956e-005, 0.00113438116387, -0.00311205512844], [-0.000251943041803, 0.000122523793834, 0.00168973987456, 0.000471919978736, -0.000558300584089, -0.00126963132061, -0.00211940216832, -0.000536325329449, -0.00417446205392, 0.0164320170879, -0.00488346302882, 0.000104170074337, 0.000365654937923], [-0.000140091360663, 0.000205823220313, -0.000266777380602, 0.000190022459719, 0.000378337368602, -0.00172526587266, -0.00268314615823, 0.00147799379192, -3.11282346956e-005, -0.00488346302882, 0.0145310070366, -0.00655922899023, 0.0030743998941], [0.000183154988918, -0.00025836378336, -0.000268665200565, -0.00118736957666, -0.000341187958838, 0.00137321546208, 0.00124158023391, -0.00270230323076, 0.00113438116387, 0.000104170074337, -0.00655922899023, 0.0190287977457, -0.00606494070962], [-3.23780514009e-005, 0.000163348770002, 8.26514078653e-005, -7.1620917879e-005, 0.000171678926563, -0.00117744307499, -0.000701774086338, -0.00014557155373, -0.00311205512844, 0.000365654937923, 0.0030743998941, -0.00606494070962, 0.0161440856755]]
    },
    "spectral_contrast_coeffs": {
        "mean": [-0.600499749184, -0.671503484249, -0.729332327843, -0.787583649158, -0.818279623985, -0.777860164642],
        "var": [0.00952227320522, 0.00907568726689, 0.00733460858464, 0.00423945812508, 0.00140040146653, 0.00108379893936]
    },
    "spectral_contrast_valleys": {
        "mean": [-7.58176088333, -6.73447751999, -7.60726165771, -8.11943626404, -8.00262641907, -10.2344284058],
        "var": [1.6407430172, 0.839005231857, 0.690112531185, 0.631767451763, 0.588030934334, 0.715609669685]
    }
},
"metadata": {
    "audio_properties": {
        "analysis_sample_rate": 44100,
        "bit_rate": 128074,
        "equal_loudness": 0,
        "length": 45.0612258911,
        "lossless": 0,
        "replay_gain": -5.29295158386,
        "sample_rate": 44100,
        "codec": "mp3",
        "downmix": "mix",
        "md5_encoded": "fdc8d0922126058467a82ca3f8d235dd"
    },
    "tags": {
        "file_name": "1625.mp3"
    },
    "version": {
        "essentia": "2.1-beta2",
        "essentia_git_sha": "v2.1_beta2",
        "extractor": "music 1.0"
    }
},
"rhythm": {
    "beats_count": 85,
    "beats_loudness": {
        "mean": 0.0444477275014,
        "var": 0.000939438468777
    },
    "bpm": 114.049446106,
    "bpm_histogram_first_peak_bpm": {
        "mean": 115,
        "var": 0
    },
    "bpm_histogram_first_peak_spread": {
        "mean": 0.444444477558,
        "var": 0
    },
    "bpm_histogram_first_peak_weight": {
        "mean": 0.535714268684,
        "var": 0
    },
    "bpm_histogram_second_peak_bpm": {
        "mean": 123,
        "var": 0
    },
    "bpm_histogram_second_peak_spread": {
        "mean": 0.333333343267,
        "var": 0
    },
    "bpm_histogram_second_peak_weight": {
        "mean": 0.023809524253,
        "var": 0
    },
    "danceability": 1.11832201481,
    "onset_rate": 4.83568191528,
    "beats_loudness_band_ratio": {
        "mean": [0.452005952597, 0.263543665409, 0.166871652007, 0.0772605240345, 0.0393059924245, 0.0378622151911],
        "var": [0.0767169296741, 0.0335422642529, 0.0272821318358, 0.00514463055879, 0.00262134661898, 0.00285735237412]
    },
    "beats_position": [0.487619042397, 0.975238084793, 1.46285712719, 1.9620860815, 2.47292518616, 2.9837641716, 3.50621318817, 4.02866220474, 4.55111122131, 5.08516979218, 5.61922883987, 6.15328788757, 6.68734693527, 7.20979595184, 7.73224496841, 8.25469398499, 8.78875255585, 9.31120204926, 9.83365058899, 10.3677091599, 10.8901586533, 11.412607193, 11.9350566864, 12.4691152573, 12.9915647507, 13.5140132904, 14.0480718613, 14.5821313858, 15.1161899567, 15.6502494812, 16.1610889435, 16.6835365295, 17.2059860229, 17.7400455475, 18.2624931335, 18.784942627, 19.3190021515, 19.8414516449, 20.363899231, 20.8979587555, 21.4204082489, 21.9544658661, 22.4769153595, 23.010974884, 23.5450344086, 24.0674819946, 24.589931488, 25.1123809814, 25.6348285675, 26.168888092, 26.7029476166, 27.22539711, 27.747844696, 28.2586841583, 28.7811336517, 29.3151912689, 29.8376407623, 30.3717002869, 30.8941497803, 31.4282073975, 31.962266922, 32.4847145081, 33.0071640015, 33.5296134949, 34.0636711121, 34.5977325439, 35.1317901611, 35.6658477783, 36.1882972717, 36.7107467651, 37.2331962585, 37.755645752, 38.2780952454, 38.8005447388, 39.334602356, 39.8686599731, 40.402721405, 40.9367790222, 41.4592285156, 41.981678009, 42.5041275024, 43.0265769958, 43.5490226746, 44.071472168, 44.5823135376]
},
"tonal": {
    "chords_changes_rate": 0.042181070894,
    "chords_number_rate": 0.00925925932825,
    "chords_strength": {
        "mean": 0.591706752777,
        "var": 0.0104134697467
    },
    "hpcp_entropy": {
        "mean": 1.78658115864,
        "var": 0.756700277328
    },
    "key_strength": 0.827005624771,
    "tuning_diatonic_strength": 0.679644823074,
    "tuning_equal_tempered_deviation": 0.05221106112,
    "tuning_frequency": 434.193115234,
    "tuning_nontempered_energy_ratio": 0.723157584667,
    "hpcp": {
        "mean": [0.0629756227136, 0.0546694286168, 0.0461563132703, 0.0561221316457, 0.0912076830864, 0.244008854032, 0.385105937719, 0.261965483427, 0.0878688544035, 0.0492589846253, 0.0467211641371, 0.0568123757839, 0.0853706300259, 0.0998299121857, 0.0805168747902, 0.073206692934, 0.0843208953738, 0.129241526127, 0.176095679402, 0.140444010496, 0.173541009426, 0.24651633203, 0.163626849651, 0.0880011692643, 0.0890955477953, 0.0691593140364, 0.129472866654, 0.234043255448, 0.19236163795, 0.104465201497, 0.083287268877, 0.0570566281676, 0.0418866798282, 0.0548116192222, 0.065009765327, 0.0650083720684],
        "var": [0.0318517275155, 0.0224958583713, 0.0139314075932, 0.0165435355157, 0.0307808257639, 0.070731677115, 0.140781328082, 0.0964649915695, 0.0312777720392, 0.0221407115459, 0.0214287675917, 0.0229380987585, 0.0355540886521, 0.0498907603323, 0.03409415856, 0.0342180095613, 0.0374766327441, 0.0531875453889, 0.0865332856774, 0.0589473284781, 0.065323933959, 0.136212214828, 0.071366854012, 0.032514501363, 0.0434507466853, 0.0225572213531, 0.0550186112523, 0.117535829544, 0.0833015590906, 0.0349707454443, 0.0279158465564, 0.016576230526, 0.0139398276806, 0.0202718004584, 0.0258418861777, 0.027922488749]
    },
    "chords_histogram": [22.4279842377, 1.64609050751, 2.05761313438, 0, 0, 0.205761313438, 5.55555534363, 9.15637874603, 2.98353910446, 45.8847732544, 1.85185182095, 8.23045253754, 0, 0, 0, 0, 0, 0, 0, 0, 0, 0, 0, 0],
    "thpcp": [1, 0.680242657661, 0.228168010712, 0.127910211682, 0.121320292354, 0.147524014115, 0.221680894494, 0.259227156639, 0.209077209234, 0.190094947815, 0.21895506978, 0.335599929094, 0.457265555859, 0.364689290524, 0.450631856918, 0.640126049519, 0.424887895584, 0.228511586785, 0.231353342533, 0.179585173726, 0.336200654507, 0.607737362385, 0.499503165483, 0.271263539791, 0.216271057725, 0.14815826714, 0.108766645193, 0.142328679562, 0.168810084462, 0.16880646348, 0.163528054953, 0.14195945859, 0.119853548706, 0.145731672645, 0.236837908626, 0.633614897728],
    "chords_key": "B",
    "chords_scale": "major",
    "key_key": "E",
    "key_scale": "minor"
}
}