{
"lowlevel": {
    "average_loudness": 0.740576565266,
    "barkbands_crest": {
        "mean": 9.20694923401,
        "var": 30.5487232208
    },
    "barkbands_flatness_db": {
        "mean": 0.103750057518,
        "var": 0.00344232423231
    },
    "barkbands_kurtosis": {
        "mean": 5.32017040253,
        "var": 281.423858643
    },
    "barkbands_skewness": {
        "mean": 0.513448834419,
        "var": 5.38817024231
    },
    "barkbands_spread": {
        "mean": 43.6906166077,
        "var": 771.525756836
    },
    "dissonance": {
        "mean": 0.488052219152,
        "var": 0.00012010964565
    },
    "dynamic_complexity": 3.42474126816,
    "erbbands_crest": {
        "mean": 7.03712177277,
        "var": 11.3292589188
    },
    "erbbands_flatness_db": {
        "mean": 0.129187330604,
        "var": 0.00346376840025
    },
    "erbbands_kurtosis": {
        "mean": 1.23100566864,
        "var": 29.4802455902
    },
    "erbbands_skewness": {
        "mean": -0.534632623196,
        "var": 0.96946978569
    },
    "erbbands_spread": {
        "mean": 50.8676567078,
        "var": 1178.23144531
    },
    "hfc": {
        "mean": 66.5531005859,
        "var": 7285.58251953
    },
    "melbands_crest": {
        "mean": 14.6528224945,
        "var": 71.5325698853
    },
    "melbands_flatness_db": {
        "mean": 0.131262108684,
        "var": 0.00832355953753
    },
    "melbands_kurtosis": {
        "mean": 32.1833229065,
        "var": 6425.30908203
    },
    "melbands_skewness": {
        "mean": 2.95609021187,
        "var": 17.7391300201
    },
    "melbands_spread": {
        "mean": 64.9434432983,
        "var": 2501.96142578
    },
    "pitch_salience": {
        "mean": 0.604967355728,
        "var": 0.0309143736959
    },
    "silence_rate_20dB": {
        "mean": 1,
        "var": 0
    },
    "silence_rate_30dB": {
        "mean": 0.989186406136,
        "var": 0.010696657002
    },
    "silence_rate_60dB": {
        "mean": 0.150875389576,
        "var": 0.128114104271
    },
    "spectral_centroid": {
        "mean": 2625.23583984,
        "var": 1231355.75
    },
    "spectral_complexity": {
        "mean": 18.4567451477,
        "var": 236.7918396
    },
    "spectral_decrease": {
        "mean": -4.60066829078e-009,
        "var": 3.13532157102e-017
    },
    "spectral_energy": {
        "mean": 0.0234005562961,
        "var": 0.000622016377747
    },
    "spectral_energyband_high": {
        "mean": 0.00696097966284,
        "var": 0.000103506194137
    },
    "spectral_energyband_low": {
        "mean": 0.00933913141489,
        "var": 0.0003729853197
    },
    "spectral_energyband_middle_high": {
        "mean": 0.00417633028701,
        "var": 4.30502877862e-005
    },
    "spectral_energyband_middle_low": {
        "mean": 0.00375528098084,
        "var": 4.04406273447e-005
    },
    "spectral_entropy": {
        "mean": 8.24007034302,
        "var": 0.0857682302594
    },
    "spectral_flux": {
        "mean": 0.09440241009,
        "var": 0.00286778435111
    },
    "spectral_kurtosis": {
        "mean": 2.11790466309,
        "var": 2.53397488594
    },
    "spectral_rms": {
        "mean": 0.00413440261036,
        "var": 5.7365318753e-006
    },
    "spectral_rolloff": {
        "mean": 5838.24658203,
        "var": 17086384
    },
    "spectral_skewness": {
        "mean": 1.02654135227,
        "var": 0.159122124314
    },
    "spectral_spread": {
        "mean": 6545174.5,
        "var": 7.36796606464e+012
    },
    "spectral_strongpeak": {
        "mean": 1.09271073341,
        "var": 5.39508104324
    },
    "zerocrossingrate": {
        "mean": 0.169713184237,
        "var": 0.00725156068802
    },
    "barkbands": {
        "mean": [0.000576186634135, 0.00629194965586, 0.00169889710378, 0.00134334550239, 0.00143886741716, 0.000184098913451, 0.000216216081753, 0.000300128565868, 0.000204966854653, 0.000185133685591, 0.000308554590447, 0.000371162168449, 0.00067498581484, 0.000459470407804, 0.000379320728825, 0.000392153015127, 0.00037195783807, 0.000338627374731, 0.000459177274024, 0.000603528809734, 0.000842153851409, 0.00159906595945, 0.00180421280675, 0.000678096199408, 0.000315756711643, 0.00102180615067, 0.00034076202428],
        "var": [1.80435517905e-006, 0.000237519008806, 2.5373783501e-005, 1.20733502627e-005, 9.52553091338e-006, 2.88590598529e-007, 8.85578344878e-007, 9.94677520794e-007, 1.55193973228e-007, 1.44021868209e-007, 3.79160297825e-007, 6.81512347001e-007, 2.33406194639e-006, 1.0340619383e-006, 6.46197918286e-007, 6.03972068802e-007, 5.02312616391e-007, 4.91575463002e-007, 9.97120309876e-007, 1.39139513067e-006, 3.21859715768e-006, 1.02238454929e-005, 1.30560001708e-005, 1.99343048735e-006, 3.08674515281e-007, 4.60290038973e-006, 6.21337903794e-007]
    },
    "erbbands": {
        "mean": [0.226547122002, 1.18038976192, 2.18256568909, 3.64857292175, 4.42963600159, 5.30487680435, 2.15519094467, 1.74401116371, 2.42761611938, 4.70465040207, 6.50081110001, 5.04357290268, 5.53493881226, 7.59142589569, 13.7706155777, 17.6142787933, 29.7656383514, 25.666852951, 20.8024959564, 21.1065998077, 19.8839874268, 21.2002906799, 18.6489067078, 20.7918949127, 24.7621574402, 28.1514987946, 31.9765834808, 38.8231658936, 53.7415885925, 62.223400116, 48.9231987, 19.5929737091, 9.52980136871, 4.12649250031, 2.11374640465, 2.28881692886, 2.17790031433, 0.838649868965, 0.0386836715043, 0.000671329558827],
        "var": [0.232725158334, 14.2818593979, 52.2137870789, 85.0757675171, 114.048461914, 143.618606567, 20.7279911041, 29.9108657837, 83.633895874, 313.241027832, 482.95916748, 106.950569153, 108.496398926, 268.739379883, 820.608459473, 1367.06079102, 4588.27392578, 2825.13598633, 1957.36572266, 1929.36425781, 1294.12390137, 1659.55322266, 1443.80847168, 2085.90600586, 2606.25, 3208.79980469, 4359.71826172, 6919.07226563, 11915.1015625, 14940.5869141, 10608.625, 1801.06848145, 401.897460938, 62.5420722961, 13.4157266617, 22.9280395508, 21.8281860352, 3.10712981224, 0.00894292630255, 2.10601410799e-006]
    },
    "gfcc": {
        "mean": [3.27535176277, 3.16335201263, -103.114700317, 39.98802948, -48.4035110474, 26.0233898163, -30.989938736, -2.98033118248, -25.6471385956, -0.81773942709, -25.0444259644, 4.0458483696, -23.2760372162],
        "cov": [[8121.87304688, -1103.91589355, 779.120117188, -257.745697021, -311.432891846, -286.194580078, 82.3958129883, 69.6217498779, 122.876502991, 255.413192749, -104.642372131, 146.521835327, -107.333770752], [-1103.91589355, 1724.04650879, 13.1496829987, 19.970867157, 308.488922119, -50.3761940002, 81.5680389404, 69.4424591064, 13.521572113, 38.9289054871, 91.779510498, 39.3236885071, 49.0334625244], [779.120117188, 13.1496829987, 2030.3927002, 55.5764732361, 446.077148438, -159.736114502, 135.844558716, 95.6629180908, 52.2915306091, 206.710067749, -56.8110733032, 181.824462891, 32.0861320496], [-257.745697021, 19.970867157, 55.5764732361, 525.625854492, 26.0062561035, 68.1244277954, 73.3242340088, -21.2055797577, 62.7460632324, -12.0832147598, 21.7285480499, -2.53467226028, 42.8537826538], [-311.432891846, 308.488922119, 446.077148438, 26.0062561035, 491.760009766, 21.3642902374, 88.5318145752, 87.6104202271, 2.99502325058, 76.2111282349, -1.25627064705, 61.0000038147, 18.3458061218], [-286.194580078, -50.3761940002, -159.736114502, 68.1244277954, 21.3642902374, 252.210601807, 36.6078147888, 16.2124233246, 15.3511505127, -36.5517425537, 31.4408187866, -24.3729934692, 16.319770813], [82.3958129883, 81.5680389404, 135.844558716, 73.3242340088, 88.5318145752, 36.6078147888, 182.109115601, 64.6705780029, 63.1822357178, 66.0384292603, 24.5234107971, 65.2288131714, 43.4566802979], [69.6217498779, 69.4424591064, 95.6629180908, -21.2055797577, 87.6104202271, 16.2124233246, 64.6705780029, 118.268463135, 58.6951789856, 55.1299934387, 25.1832866669, 42.5028953552, 24.8164577484], [122.876502991, 13.521572113, 52.2915306091, 62.7460632324, 2.99502325058, 15.3511505127, 63.1822357178, 58.6951789856, 134.401153564, 66.5785446167, 39.7727050781, 48.4592819214, 29.7235774994], [255.413192749, 38.9289054871, 206.710067749, -12.0832147598, 76.2111282349, -36.5517425537, 66.0384292603, 55.1299934387, 66.5785446167, 132.132003784, 37.6383056641, 66.556137085, 22.8331718445], [-104.642372131, 91.779510498, -56.8110733032, 21.7285480499, -1.25627064705, 31.4408187866, 24.5234107971, 25.1832866669, 39.7727050781, 37.6383056641, 88.030418396, 43.6782035828, 29.9985618591], [146.521835327, 39.3236885071, 181.824462891, -2.53467226028, 61.0000038147, -24.3729934692, 65.2288131714, 42.5028953552, 48.4592819214, 66.556137085, 43.6782035828, 115.803573608, 62.6446228027], [-107.333770752, 49.0334625244, 32.0861320496, 42.8537826538, 18.3458061218, 16.319770813, 43.4566802979, 24.8164577484, 29.7235774994, 22.8331718445, 29.9985618591, 62.6446228027, 81.7196121216]],
        "icov": [[0.000175358072738, 6.58849457977e-005, -2.82358232653e-005, 3.7099068777e-006, 0.000216373344301, 1.74903398147e-005, -4.5566343033e-005, -0.000133753565024, 2.44567218033e-005, -0.000314815173624, 0.000350905727828, -0.000487222045194, 0.000536458741408], [6.58849457977e-005, 0.000833068857901, 4.08066880482e-005, 0.000124240235891, -0.000635183823761, 0.000709494634066, -0.000455866829725, 4.41536849394e-006, -9.68350723269e-005, 0.000433743232861, -0.00133509421721, 0.000895666424185, -0.000534978520591], [-2.82358232653e-005, 4.08066880482e-005, 0.000883738393895, -0.000282811321085, -0.000556439277716, 0.000139470910653, 0.00017894229677, -1.65227593243e-005, 0.000204646828934, -0.000891324772965, 0.0013041557977, -0.00155105034355, 0.000631541595794], [3.7099068777e-006, 0.000124240235891, -0.000282811321085, 0.00277646444738, -0.000536715553608, 0.000152357097249, -0.00144669343717, 0.00205503520556, -0.00216053682379, 0.00137992110103, -0.00141493137926, 0.00276513351128, -0.00237930030562], [0.000216373344301, -0.000635183823761, -0.000556439277716, -0.000536715553608, 0.00415093218908, -0.00140028563328, 2.48035612458e-005, -0.00248049758375, 0.00224374141544, -0.00203625462018, 0.0023754183203, -0.00259344279766, 0.00212202873081], [1.74903398147e-005, 0.000709494634066, 0.000139470910653, 0.000152357097249, -0.00140028563328, 0.00638742092997, -0.00224474957213, -0.000264977687038, -0.0011371334549, 0.00333930039778, -0.00460576405749, 0.00469238683581, -0.00265023531392], [-4.5566343033e-005, -0.000455866829725, 0.00017894229677, -0.00144669343717, 2.48035612458e-005, -0.00224474957213, 0.0100139500573, -0.00273125222884, -0.000380023499019, -0.0031829115469, 0.00346263777465, -0.00462177721784, 0.000148426450323], [-0.000133753565024, 4.41536849394e-006, -1.65227593243e-005, 0.00205503520556, -0.00248049758375, -0.000264977687038, -0.00273125222884, 0.0154952546582, -0.00562672084197, -0.000558051571716, -0.00163201568648, 0.00208768155426, -0.00269163376652], [2.44567218033e-005, -9.68350723269e-005, 0.000204646828934, -0.00216053682379, 0.00224374141544, -0.0011371334549, -0.000380023499019, -0.00562672084197, 0.0147440815344, -0.00563466455787, -0.000247451476753, -0.00315859727561, 0.00150075519923], [-0.000314815173624, 0.000433743232861, -0.000891324772965, 0.00137992110103, -0.00203625462018, 0.00333930039778, -0.0031829115469, -0.000558051571716, -0.00563466455787, 0.0184660963714, -0.00726209674031, -0.000254930811934, 0.000356085656676], [0.000350905727828, -0.00133509421721, 0.0013041557977, -0.00141493137926, 0.0023754183203, -0.00460576405749, 0.00346263777465, -0.00163201568648, -0.000247451476753, -0.00726209674031, 0.0236265193671, -0.0119902417064, 0.00317016593181], [-0.000487222045194, 0.000895666424185, -0.00155105034355, 0.00276513351128, -0.00259344279766, 0.00469238683581, -0.00462177721784, 0.00208768155426, -0.00315859727561, -0.000254930811934, -0.0119902417064, 0.0322581604123, -0.0196563396603], [0.000536458741408, -0.000534978520591, 0.000631541595794, -0.00237930030562, 0.00212202873081, -0.00265023531392, 0.000148426450323, -0.00269163376652, 0.00150075519923, 0.000356085656676, 0.00317016593181, -0.0196563396603, 0.0283127017319]]
    },
    "melbands": {
        "mean": [0.00182880507782, 0.00133746629581, 0.000645779888146, 0.000363236351404, 0.000109250286187, 3.66263011529e-005, 4.00957651436e-005, 5.67793067603e-005, 4.97001965414e-005, 3.03242359223e-005, 2.68794392468e-005, 2.82043947664e-005, 4.33066925325e-005, 3.67629800166e-005, 6.74733964843e-005, 6.12115036347e-005, 4.62809366581e-005, 3.31364535668e-005, 2.92770728265e-005, 2.91311043839e-005, 2.16942880797e-005, 2.25065232371e-005, 1.85557182704e-005, 1.5909636204e-005, 1.67364432855e-005, 1.74454617081e-005, 1.77888159669e-005, 1.89728762052e-005, 1.99986025109e-005, 1.90478858713e-005, 2.38013217313e-005, 2.96559464914e-005, 3.24089887727e-005, 3.59207333531e-005, 3.11495532515e-005, 1.83096926776e-005, 9.108890481e-006, 7.2198467933e-006, 4.36546724814e-006, 3.25014252667e-006],
        "var": [1.50603591464e-005, 1.96089949895e-005, 2.49460777013e-006, 6.17422188043e-007, 5.06895787566e-008, 1.28229373786e-008, 2.61553445569e-008, 3.7326081781e-008, 2.53350176393e-008, 3.83919385172e-009, 2.65501487462e-009, 4.11547373957e-009, 7.84248843644e-009, 6.56573773128e-009, 2.95004980444e-008, 1.61116435748e-008, 1.00864099295e-008, 5.39415800915e-009, 4.07752676068e-009, 3.95059762681e-009, 1.52476242743e-009, 2.05663663877e-009, 1.36572875231e-009, 1.1176630732e-009, 1.49483414535e-009, 1.49080325862e-009, 1.35052258265e-009, 1.46258749556e-009, 1.85112547513e-009, 1.57509882914e-009, 2.80437451039e-009, 3.91864496407e-009, 4.28233715155e-009, 4.96862950783e-009, 4.41145475705e-009, 1.67404723417e-009, 4.01769728597e-010, 2.28728896934e-010, 9.68600755158e-011, 4.11296899316e-011]
    },
    "mfcc": {
        "mean": [-644.790893555, 44.36170578, 4.55095243454, 20.0122489929, 6.62342834473, 26.3452739716, 1.24580585957, 10.5597467422, -4.10141468048, 3.11779499054, -2.41503691673, -3.23718452454, -2.73423600197],
        "cov": [[7020.45849609, -917.096191406, 138.737731934, -147.874526978, -501.932220459, -194.463882446, -285.426757813, -102.633392334, 8.50519752502, 10.4196958542, 57.0978546143, 100.289161682, 68.0378417969], [-917.096191406, 1745.99267578, 79.7986755371, 192.240585327, 233.651168823, -30.8333759308, 139.991744995, 19.315536499, 38.7005500793, 38.9461097717, 31.9928817749, 14.8128099442, 77.0641708374], [138.737731934, 79.7986755371, 1055.71386719, 313.521148682, 155.692062378, 65.993270874, 24.123380661, 3.36763763428, 85.5229492188, 4.70432424545, 32.7683563232, -3.44385933876, 61.265411377], [-147.874526978, 192.240585327, 313.521148682, 523.390991211, 119.681892395, 86.7215423584, 41.4970970154, 29.0008010864, 70.4278793335, 35.3779678345, 24.9122314453, 9.61361217499, 34.9290618896], [-501.932220459, 233.651168823, 155.692062378, 119.681892395, 315.222747803, 74.3126144409, 95.4352035522, 37.3059959412, 38.6404190063, 23.2190380096, 13.3292322159, -1.76944434643, 12.6887378693], [-194.463882446, -30.8333759308, 65.993270874, 86.7215423584, 74.3126144409, 171.844497681, 73.2139205933, 54.107711792, 37.1159057617, 27.7393341064, 15.2319641113, 4.83198833466, 2.46620965004], [-285.426757813, 139.991744995, 24.123380661, 41.4970970154, 95.4352035522, 73.2139205933, 145.497528076, 51.8309173584, 36.1152648926, 16.2684135437, 10.3050756454, 0.950459837914, 8.64003372192], [-102.633392334, 19.315536499, 3.36763763428, 29.0008010864, 37.3059959412, 54.107711792, 51.8309173584, 104.863800049, 44.8118095398, 31.1573257446, 5.12019872665, 11.3757610321, 15.685965538], [8.50519752502, 38.7005500793, 85.5229492188, 70.4278793335, 38.6404190063, 37.1159057617, 36.1152648926, 44.8118095398, 105.841255188, 36.5788536072, 26.530292511, 13.19165802, 28.0705947876], [10.4196958542, 38.9461097717, 4.70432424545, 35.3779678345, 23.2190380096, 27.7393341064, 16.2684135437, 31.1573257446, 36.5788536072, 75.8937530518, 40.8911132813, 23.1518154144, 10.6256561279], [57.0978546143, 31.9928817749, 32.7683563232, 24.9122314453, 13.3292322159, 15.2319641113, 10.3050756454, 5.12019872665, 26.530292511, 40.8911132813, 77.4344100952, 38.3995628357, 12.4029254913], [100.289161682, 14.8128099442, -3.44385933876, 9.61361217499, -1.76944434643, 4.83198833466, 0.950459837914, 11.3757610321, 13.19165802, 23.1518154144, 38.3995628357, 64.282119751, 30.5228691101], [68.0378417969, 77.0641708374, 61.265411377, 34.9290618896, 12.6887378693, 2.46620965004, 8.64003372192, 15.685965538, 28.0705947876, 10.6256561279, 12.4029254913, 30.5228691101, 76.8290100098]],
        "icov": [[0.000182038187631, 7.28316008463e-005, -5.82350039622e-005, 1.08846206786e-005, 0.000213788094698, 0.000115051174362, 0.000110386761662, 8.4302148025e-005, -9.59381795838e-005, -9.28797671804e-005, -2.29831912293e-005, -0.000195186483325, -0.000132247922011], [7.28316008463e-005, 0.000793674436864, 6.51965092402e-005, -0.00025414803531, -0.00034409359796, 0.000762521929573, -0.000741672643926, 0.000212116894545, 0.000200364214834, -0.000349351408659, -0.000210656580748, 0.000248833792284, -0.000814334722236], [-5.82350039622e-005, 6.51965092402e-005, 0.00134833983611, -0.000619589933194, -0.000562400731724, -0.00017645015032, 0.00029370514676, 0.000298589642625, -0.000595647259615, 0.000803137896582, -0.000825036549941, 0.000954567745794, -0.000942273938563], [1.08846206786e-005, -0.00025414803531, -0.000619589933194, 0.00272314553149, -0.000316591234878, -0.0010915392777, 0.000500293332152, 0.000303608074319, -0.000865700712893, -0.000541519839317, 0.000348489469616, -0.000159870047355, -0.000131148772198], [0.000213788094698, -0.00034409359796, -0.000562400731724, -0.000316591234878, 0.00493998546153, -0.000691347522661, -0.00193986366503, 0.000116499017167, -5.45683215023e-005, -0.000672873924486, 0.000208947603824, -2.54447913903e-005, 0.000238296022872], [0.000115051174362, 0.000762521929573, -0.00017645015032, -0.0010915392777, -0.000691347522661, 0.00946956407279, -0.00352354208007, -0.0023700396996, 0.000110483939352, -0.00124322355259, -0.00057344295783, -2.24597388296e-005, 0.000693627051078], [0.000110386761662, -0.000741672643926, 0.00029370514676, 0.000500293332152, -0.00193986366503, -0.00352354208007, 0.012105920352, -0.00335996528156, -0.00153774290811, 0.00198884564452, -0.00145336834248, 0.00100300798658, 6.55224939692e-005], [8.4302148025e-005, 0.000212116894545, 0.000298589642625, 0.000303608074319, 0.000116499017167, -0.0023700396996, -0.00335996528156, 0.0157911367714, -0.00424329424277, -0.00491287698969, 0.00499604502693, -0.00265453453176, -0.000975019182079], [-9.59381795838e-005, 0.000200364214834, -0.000595647259615, -0.000865700712893, -5.45683215023e-005, 0.000110483939352, -0.00153774290811, -0.00424329424277, 0.0155142471194, -0.00369554432109, -0.00317378947511, 0.00290889083408, -0.00400326028466], [-9.28797671804e-005, -0.000349351408659, 0.000803137896582, -0.000541519839317, -0.000672873924486, -0.00124322355259, 0.00198884564452, -0.00491287698969, -0.00369554432109, 0.0232533849776, -0.0103980833665, -0.000630981638096, 0.00103236024734], [-2.29831912293e-005, -0.000210656580748, -0.000825036549941, 0.000348489469616, 0.000208947603824, -0.00057344295783, -0.00145336834248, 0.00499604502693, -0.00317378947511, -0.0103980833665, 0.0259771943092, -0.0137080270797, 0.00370843801647], [-0.000195186483325, 0.000248833792284, 0.000954567745794, -0.000159870047355, -2.54447913903e-005, -2.24597388296e-005, 0.00100300798658, -0.00265453453176, 0.00290889083408, -0.000630981638096, -0.0137080270797, 0.0292388182133, -0.0107098286971], [-0.000132247922011, -0.000814334722236, -0.000942273938563, -0.000131148772198, 0.000238296022872, 0.000693627051078, 6.55224939692e-005, -0.000975019182079, -0.00400326028466, 0.00103236024734, 0.00370843801647, -0.0107098286971, 0.0198669862002]]
    },
    "spectral_contrast_coeffs": {
        "mean": [-0.653219878674, -0.817974388599, -0.825687766075, -0.812690317631, -0.810571789742, -0.739909827709],
        "var": [0.00877917651087, 0.00256982026622, 0.00209233863279, 0.00149738462642, 0.00106354313903, 0.00303814304061]
    },
    "spectral_contrast_valleys": {
        "mean": [-8.03426265717, -7.63920927048, -7.65891504288, -7.4871339798, -7.20909929276, -9.21794033051],
        "var": [1.51676309109, 1.22057449818, 1.01955831051, 0.926296174526, 1.02226614952, 1.43578267097]
    }
},
"metadata": {
    "audio_properties": {
        "analysis_sample_rate": 44100,
        "bit_rate": 128074,
        "equal_loudness": 0,
        "length": 45.0612258911,
        "lossless": 0,
        "replay_gain": -5.34975624084,
        "sample_rate": 44100,
        "codec": "mp3",
        "downmix": "mix",
        "md5_encoded": "774f5d247aca7a60aa0658a84de11673"
    },
    "tags": {
        "file_name": "1626.mp3"
    },
    "version": {
        "essentia": "2.1-beta2",
        "essentia_git_sha": "v2.1_beta2",
        "extractor": "music 1.0"
    }
},
"rhythm": {
    "beats_count": 73,
    "beats_loudness": {
        "mean": 0.0447199642658,
        "var": 0.000468649086542
    },
    "bpm": 98.0379257202,
    "bpm_histogram_first_peak_bpm": {
        "mean": 98,
        "var": 0
    },
    "bpm_histogram_first_peak_spread": {
        "mean": 0.0735295042396,
        "var": 0
    },
    "bpm_histogram_first_peak_weight": {
        "mean": 0.875,
        "var": 0
    },
    "bpm_histogram_second_peak_bpm": {
        "mean": 103,
        "var": 0
    },
    "bpm_histogram_second_peak_spread": {
        "mean": 0.5,
        "var": 0
    },
    "bpm_histogram_second_peak_weight": {
        "mean": 0.0277777779847,
        "var": 0
    },
    "danceability": 1.37998902798,
    "onset_rate": 5.76732730865,
    "beats_loudness_band_ratio": {
        "mean": [0.224110588431, 0.0593258067966, 0.0480813495815, 0.147090122104, 0.15192297101, 0.386526048183],
        "var": [0.0347865372896, 0.0089399414137, 0.00447669206187, 0.0129691855982, 0.0111588863656, 0.0445104464889]
    },
    "beats_position": [0.557278871536, 1.13777780533, 1.70666658878, 2.27555561066, 2.85605430603, 3.45977306366, 4.06349182129, 4.67882061005, 5.2941493988, 5.89786815643, 6.51319694519, 7.12852573395, 7.74385452271, 8.35918331146, 8.97451210022, 9.58984088898, 10.1935596466, 10.8088884354, 11.4242172241, 12.0279359818, 12.6316547394, 13.2585935593, 13.8623123169, 14.4776411057, 15.0929698944, 15.7082986832, 16.3236274719, 16.9273471832, 17.5310649872, 18.1580047607, 18.7617225647, 19.3770523071, 19.9923801422, 20.5960998535, 21.2114276886, 21.826757431, 22.430475235, 23.0458049774, 23.6611328125, 24.2648525238, 24.8801803589, 25.4955101013, 26.0992279053, 26.7261676788, 27.3298854828, 27.9452152252, 28.5605430603, 29.1642627716, 29.7795906067, 30.3949203491, 30.9986381531, 31.6139678955, 32.2292976379, 32.8330154419, 33.4483451843, 34.0636711121, 34.6673927307, 35.2943305969, 35.8980484009, 36.5133781433, 37.1287078857, 37.7324256897, 38.3477554321, 38.9630813599, 39.5668029785, 40.1937408447, 40.7974586487, 41.4127883911, 42.0281181335, 42.6318359375, 43.2471656799, 43.8624954224, 44.4778213501]
},
"tonal": {
    "chords_changes_rate": 0.0956790149212,
    "chords_number_rate": 0.00823045242578,
    "chords_strength": {
        "mean": 0.421003997326,
        "var": 0.00664177583531
    },
    "hpcp_entropy": {
        "mean": 2.95519018173,
        "var": 0.614037692547
    },
    "key_strength": 0.599439501762,
    "tuning_diatonic_strength": 0.523364365101,
    "tuning_equal_tempered_deviation": 0.19755409658,
    "tuning_frequency": 434.193115234,
    "tuning_nontempered_energy_ratio": 0.828526675701,
    "hpcp": {
        "mean": [0.215437650681, 0.219595476985, 0.195984050632, 0.207894161344, 0.198472797871, 0.169840812683, 0.172182545066, 0.191419228911, 0.220747902989, 0.249317884445, 0.223481848836, 0.175693690777, 0.158625662327, 0.176705390215, 0.187435254455, 0.179725468159, 0.210129618645, 0.27984726429, 0.328218340874, 0.291565775871, 0.234246134758, 0.209469825029, 0.191063821316, 0.316529005766, 0.424934536219, 0.29866361618, 0.177172750235, 0.156359046698, 0.142128810287, 0.134690999985, 0.153806060553, 0.176503017545, 0.178366482258, 0.155834853649, 0.132705703378, 0.155485138297],
        "var": [0.0678453594446, 0.0662095919251, 0.0531111992896, 0.0629141777754, 0.0620044507086, 0.0462050661445, 0.0452782958746, 0.0481881797314, 0.0518552958965, 0.0758775249124, 0.0649313926697, 0.0469313003123, 0.0394798181951, 0.0518206059933, 0.0530830062926, 0.0434458814561, 0.0587152093649, 0.0927986130118, 0.120259709656, 0.0976989418268, 0.0799566656351, 0.0663161203265, 0.0551870390773, 0.0691873058677, 0.141964495182, 0.0652840584517, 0.0526875704527, 0.0416050069034, 0.0355926416814, 0.0285294745117, 0.039416257292, 0.0465866439044, 0.0489019975066, 0.0359166450799, 0.0292404685169, 0.0382255651057]
    },
    "chords_histogram": [9.97942352295, 13.1687240601, 30.2469139099, 5.76131677628, 0, 0, 0, 0.720164597034, 0, 0, 0, 0, 0, 0.514403283596, 0, 0, 0, 32.3045272827, 0, 1.74897122383, 4.01234579086, 1.54320991039, 0, 0],
    "thpcp": [1, 0.702846169472, 0.416941285133, 0.367960304022, 0.334472239017, 0.31696882844, 0.361952364445, 0.415365189314, 0.419750481844, 0.366726726294, 0.312296807766, 0.365903735161, 0.506990194321, 0.516774833202, 0.461209982634, 0.489238083363, 0.467066764832, 0.399686992168, 0.405197799206, 0.450467586517, 0.51948684454, 0.586720705032, 0.525920629501, 0.413460612297, 0.373294353485, 0.415841430426, 0.441092073917, 0.422948598862, 0.49449878931, 0.658565580845, 0.772397398949, 0.686142802238, 0.551252305508, 0.492946118116, 0.44963118434, 0.744888842106],
    "chords_key": "A#",
    "chords_scale": "minor",
    "key_key": "A#",
    "key_scale": "major"
}
}