{
"lowlevel": {
    "average_loudness": 0.0665819868445,
    "barkbands_crest": {
        "mean": 13.1826934814,
        "var": 25.0722084045
    },
    "barkbands_flatness_db": {
        "mean": 0.21483437717,
        "var": 0.00355583126657
    },
    "barkbands_kurtosis": {
        "mean": 11.8425111771,
        "var": 458.902374268
    },
    "barkbands_skewness": {
        "mean": 2.44800138474,
        "var": 3.53833413124
    },
    "barkbands_spread": {
        "mean": 18.2389373779,
        "var": 209.382461548
    },
    "dissonance": {
        "mean": 0.446069002151,
        "var": 0.00163635867648
    },
    "dynamic_complexity": 5.23035526276,
    "erbbands_crest": {
        "mean": 12.682518959,
        "var": 40.60729599
    },
    "erbbands_flatness_db": {
        "mean": 0.220396772027,
        "var": 0.00274883816019
    },
    "erbbands_kurtosis": {
        "mean": 2.37843561172,
        "var": 57.7646141052
    },
    "erbbands_skewness": {
        "mean": 0.586410820484,
        "var": 2.46424603462
    },
    "erbbands_spread": {
        "mean": 41.1094779968,
        "var": 526.257324219
    },
    "hfc": {
        "mean": 9.21451187134,
        "var": 168.478820801
    },
    "melbands_crest": {
        "mean": 17.9504928589,
        "var": 38.9396934509
    },
    "melbands_flatness_db": {
        "mean": 0.257652401924,
        "var": 0.00529636722058
    },
    "melbands_kurtosis": {
        "mean": 30.2223625183,
        "var": 1501.28710938
    },
    "melbands_skewness": {
        "mean": 3.8640229702,
        "var": 4.92837667465
    },
    "melbands_spread": {
        "mean": 19.3056526184,
        "var": 423.246887207
    },
    "pitch_salience": {
        "mean": 0.467383891344,
        "var": 0.0204641707242
    },
    "silence_rate_20dB": {
        "mean": 1,
        "var": 0
    },
    "silence_rate_30dB": {
        "mean": 0.973223507404,
        "var": 0.0260596871376
    },
    "silence_rate_60dB": {
        "mean": 0.269824922085,
        "var": 0.197018384933
    },
    "spectral_centroid": {
        "mean": 1210.23632813,
        "var": 553578.0625
    },
    "spectral_complexity": {
        "mean": 8.22863006592,
        "var": 37.7962837219
    },
    "spectral_decrease": {
        "mean": -4.08407840879e-009,
        "var": 4.30498837527e-017
    },
    "spectral_energy": {
        "mean": 0.0162500087172,
        "var": 0.00065970182186
    },
    "spectral_energyband_high": {
        "mean": 0.000255570019362,
        "var": 2.07987682188e-007
    },
    "spectral_energyband_low": {
        "mean": 0.00430712103844,
        "var": 0.000248504511546
    },
    "spectral_energyband_middle_high": {
        "mean": 0.0017264469061,
        "var": 1.22604951684e-005
    },
    "spectral_energyband_middle_low": {
        "mean": 0.0102110365406,
        "var": 0.000268931908067
    },
    "spectral_entropy": {
        "mean": 6.98525619507,
        "var": 0.282279014587
    },
    "spectral_flux": {
        "mean": 0.0582567341626,
        "var": 0.0018539816374
    },
    "spectral_kurtosis": {
        "mean": 4.0091676712,
        "var": 22.8692684174
    },
    "spectral_rms": {
        "mean": 0.00323781138286,
        "var": 5.37027653991e-006
    },
    "spectral_rolloff": {
        "mean": 1262.39367676,
        "var": 1868766.625
    },
    "spectral_skewness": {
        "mean": 1.26293241978,
        "var": 0.4199039042
    },
    "spectral_spread": {
        "mean": 3886543.25,
        "var": 1.91706418381e+012
    },
    "spectral_strongpeak": {
        "mean": 0.978315412998,
        "var": 1.560942173
    },
    "zerocrossingrate": {
        "mean": 0.0487031638622,
        "var": 0.000971479166765
    },
    "barkbands": {
        "mean": [6.20926493866e-006, 0.000664858031087, 0.00339823844843, 0.000541232875548, 0.0027404606808, 0.00191162538249, 0.00102280953433, 0.00346568855457, 0.000506592623424, 0.000100036617368, 0.000103345504613, 0.000377809134079, 0.000176295201527, 0.000214058556594, 0.000151472399011, 8.5068961198e-005, 0.00022337003611, 3.78201511921e-005, 0.000151779619046, 0.000154052773723, 9.621692152e-005, 8.0682359112e-005, 2.91368432954e-005, 7.70474798628e-006, 3.16895284413e-006, 3.04796799355e-007, 8.51994563789e-009],
        "var": [5.18983478415e-009, 7.51492052586e-006, 0.000167090896866, 1.66699442161e-006, 4.45741934527e-005, 1.73413664015e-005, 6.35706237517e-006, 0.000142928489367, 1.28502124426e-005, 8.56346318301e-008, 2.49702878818e-007, 3.75016020371e-006, 8.01819169283e-007, 4.11130457678e-007, 1.62076531751e-007, 4.02832007751e-008, 3.41916148727e-007, 1.01567438904e-008, 1.96984302647e-007, 1.81079215622e-007, 4.6994603764e-008, 2.60396486595e-008, 4.25920188007e-009, 5.64286672944e-010, 1.2230494395e-010, 2.18163768301e-012, 5.61859908507e-015]
    },
    "erbbands": {
        "mean": [0.00365680502728, 0.276334702969, 3.51369428635, 2.57292127609, 6.82187175751, 8.79063510895, 9.44302940369, 15.8958082199, 18.0922050476, 35.1428833008, 65.6950836182, 14.0568323135, 4.35112428665, 3.58137965202, 7.61600208282, 14.1576194763, 8.86362743378, 9.57968902588, 9.78556251526, 5.91949892044, 7.00899124146, 14.0020284653, 2.51643300056, 3.58916449547, 11.6996183395, 6.39520788193, 3.68145751953, 3.64900064468, 2.76729202271, 2.24648618698, 0.640164792538, 0.229500368237, 0.102987244725, 0.0510385707021, 0.0134751945734, 0.00247156876139, 0.000386738131056, 4.65348202852e-005, 9.86898885458e-006, 1.89187085198e-005],
        "var": [0.000202645955142, 1.25526595116, 188.159301758, 41.9241142273, 289.241027832, 508.632873535, 525.270507813, 1432.66687012, 2466.42724609, 15722.2675781, 47883.3984375, 8297.42089844, 425.803619385, 156.372421265, 1346.53222656, 5251.50683594, 1652.41467285, 826.787841797, 837.552307129, 165.928268433, 203.938995361, 1493.2532959, 35.6093254089, 67.2239227295, 1064.43029785, 258.06628418, 51.0423622131, 88.7552261353, 32.6897201538, 23.175365448, 2.1178958416, 0.428864985704, 0.110774442554, 0.0315887443721, 0.00239518703893, 0.000104663260572, 4.26741871706e-006, 8.95485143815e-008, 2.81320799989e-010, 8.41344049984e-010]
    },
    "gfcc": {
        "mean": [-110.208145142, 118.10118866, -139.890823364, 57.9901123047, -69.6249771118, -5.67106056213, -39.2773208618, -20.7003669739, -17.2961616516, -9.28018665314, -15.9963684082, -15.1655902863, -9.98808860779],
        "cov": [[5681.05712891, -224.950042725, -538.219299316, -458.965209961, -851.5859375, -206.096984863, 44.0609016418, 50.4100646973, 75.5707397461, 324.459259033, 107.441390991, -177.48979187, -121.438041687], [-224.950042725, 1001.99139404, 124.071556091, -191.91494751, 248.68762207, -228.657653809, 170.579376221, -140.472869873, -29.7070770264, -48.1370620728, 96.2757644653, -75.6908721924, 78.436958313], [-538.219299316, 124.071556091, 871.780273438, 199.130081177, 108.154975891, 145.166534424, -77.2878494263, -8.06064319611, -123.552764893, -70.8399887085, -49.4570617676, 106.363456726, 27.8678836823], [-458.965209961, -191.91494751, 199.130081177, 729.704345703, 479.425109863, 276.106719971, -13.5223398209, 109.074028015, 8.6050863266, -179.541061401, -164.299484253, 42.6537208557, 33.5212631226], [-851.5859375, 248.68762207, 108.154975891, 479.425109863, 789.314880371, 230.748031616, 73.5159378052, 107.876724243, -11.9375448227, -247.242111206, -136.738647461, 47.5455627441, 54.5652503967], [-206.096984863, -228.657653809, 145.166534424, 276.106719971, 230.748031616, 362.731140137, 4.05574703217, 120.774360657, -27.3510875702, -132.528808594, -102.437088013, 71.3187103271, 0.38852891326], [44.0609016418, 170.579376221, -77.2878494263, -13.5223398209, 73.5159378052, 4.05574703217, 238.885772705, 78.7857589722, 12.4152822495, -33.1509513855, 28.0306015015, -22.559211731, -19.1007938385], [50.4100646973, -140.472869873, -8.06064319611, 109.074028015, 107.876724243, 120.774360657, 78.7857589722, 229.46257019, 56.395816803, -62.2849769592, -54.4045257568, 11.2066841125, -46.5590019226], [75.5707397461, -29.7070770264, -123.552764893, 8.6050863266, -11.9375448227, -27.3510875702, 12.4152822495, 56.395816803, 229.588195801, 53.7918701172, -23.5969924927, -66.9420852661, -29.7220821381], [324.459259033, -48.1370620728, -70.8399887085, -179.541061401, -247.242111206, -132.528808594, -33.1509513855, -62.2849769592, 53.7918701172, 238.844024658, 85.0676116943, -62.5522918701, -34.4942169189], [107.441390991, 96.2757644653, -49.4570617676, -164.299484253, -136.738647461, -102.437088013, 28.0306015015, -54.4045257568, -23.5969924927, 85.0676116943, 155.863510132, 10.1655359268, -2.66739726067], [-177.48979187, -75.6908721924, 106.363456726, 42.6537208557, 47.5455627441, 71.3187103271, -22.559211731, 11.2066841125, -66.9420852661, -62.5522918701, 10.1655359268, 158.174575806, 14.9718103409], [-121.438041687, 78.436958313, 27.8678836823, 33.5212631226, 54.5652503967, 0.38852891326, -19.1007938385, -46.5590019226, -29.7220821381, -34.4942169189, -2.66739726067, 14.9718103409, 94.083694458]],
        "icov": [[0.000249284727033, -0.000282535678707, 0.000235125466133, -0.000200971902814, 0.000493193103466, -0.000199072557734, 0.000123434438137, -0.000335347547662, 0.000178347589099, -0.000245636532782, 0.000192300751223, -2.0776553356e-005, 0.000108206695586], [-0.000282535678707, 0.00471206847578, -0.00200535985641, 0.00251440377906, -0.00374005129561, 0.00272086705081, -0.00297692720778, 0.00287051685154, -0.00105458067264, 0.0020071065519, -0.00210541416891, 0.00251937424764, -0.00167884188704], [0.000235125466133, -0.00200535985641, 0.00234380201437, -0.00140080542769, 0.00177125749178, -0.0014268431114, 0.00149761349894, -0.00121860182844, 0.00112859380897, -0.00114157854114, 0.00117501779459, -0.00159745698329, 0.000685334554873], [-0.000200971902814, 0.00251440377906, -0.00140080542769, 0.00431555788964, -0.00336071755737, 0.000424609897891, -0.00116722425446, 0.00139639654662, -0.000909771362785, 0.00100101681892, -8.10341734905e-005, 0.00144162937067, -0.00122902169824], [0.000493193103466, -0.00374005129561, 0.00177125749178, -0.00336071755737, 0.00601593218744, -0.00238061603159, 0.00153558910824, -0.0024155350402, 0.000764478405472, -0.00017707706138, 0.00192263640929, -0.00179091037717, 0.000580658204854], [-0.000199072557734, 0.00272086705081, -0.0014268431114, 0.000424609897891, -0.00238061603159, 0.00682200631127, -0.00151272735093, -0.000154177701916, 1.6140494381e-006, 0.00165149208624, 0.000147460683365, 6.76042400301e-005, -0.000685454462655], [0.000123434438137, -0.00297692720778, 0.00149761349894, -0.00116722425446, 0.00153558910824, -0.00151272735093, 0.00785663444549, -0.00407737819478, 0.000954922637902, 8.25746828923e-005, -0.00135943910573, 2.46699983109e-005, 0.0015958622098], [-0.000335347547662, 0.00287051685154, -0.00121860182844, 0.00139639654662, -0.0024155350402, -0.000154177701916, -0.00407737819478, 0.00977033190429, -0.00263409479521, 0.00223977654241, -0.000148433391587, 0.000520278292242, 0.00234828540124], [0.000178347589099, -0.00105458067264, 0.00112859380897, -0.000909771362785, 0.000764478405472, 1.6140494381e-006, 0.000954922637902, -0.00263409479521, 0.00651120627299, -0.00229088752531, 0.00169338553678, 0.000952609523665, 0.000659675511997], [-0.000245636532782, 0.0020071065519, -0.00114157854114, 0.00100101681892, -0.00017707706138, 0.00165149208624, 8.25746828923e-005, 0.00223977654241, -0.00229088752531, 0.00996825378388, -0.00466978363693, 0.00347895058803, 0.00145712273661], [0.000192300751223, -0.00210541416891, 0.00117501779459, -8.10341734905e-005, 0.00192263640929, 0.000147460683365, -0.00135943910573, -0.000148433391587, 0.00169338553678, -0.00466978363693, 0.0129386605695, -0.00435908557847, 0.000102554236946], [-2.0776553356e-005, 0.00251937424764, -0.00159745698329, 0.00144162937067, -0.00179091037717, 6.76042400301e-005, 2.46699983109e-005, 0.000520278292242, 0.000952609523665, 0.00347895058803, -0.00435908557847, 0.0108311343938, -0.00113754498307], [0.000108206695586, -0.00167884188704, 0.000685334554873, -0.00122902169824, 0.000580658204854, -0.000685454462655, 0.0015958622098, 0.00234828540124, 0.000659675511997, 0.00145712273661, 0.000102554236946, -0.00113754498307, 0.0144817410037]]
    },
    "melbands": {
        "mean": [9.29990492295e-005, 0.00130265182815, 0.000556051381864, 0.000666308216751, 0.000311913696351, 0.000378956116037, 0.000247639953159, 0.000507856835611, 0.000463758507976, 6.59552970319e-005, 1.94920357899e-005, 1.41268919833e-005, 1.75238346856e-005, 4.54115979664e-005, 2.74685244221e-005, 1.50660325744e-005, 1.87486530194e-005, 1.69180912053e-005, 1.00655897768e-005, 5.42173575013e-006, 7.92746504885e-006, 1.82691819646e-005, 2.72862166639e-006, 1.76984792688e-006, 2.54717178905e-006, 7.02928218743e-006, 9.16703902476e-006, 2.98894974549e-006, 2.26717543228e-006, 2.14865440284e-006, 2.01612056117e-006, 1.54172289513e-006, 1.57645388299e-006, 1.06245818188e-006, 3.96186351281e-007, 1.87582955391e-007, 1.13735843854e-007, 6.77696547768e-008, 6.76621709772e-008, 3.36498828801e-008],
        "var": [1.44626284282e-007, 2.58307609329e-005, 1.58291231855e-006, 2.88022010864e-006, 5.3892830465e-007, 7.53523920594e-007, 4.2781277898e-007, 3.42588418789e-006, 2.24248037739e-006, 3.273093796e-007, 7.69654118216e-009, 2.35319386199e-009, 6.567354216e-009, 6.02797669558e-008, 2.86251058412e-008, 3.48850925924e-009, 3.82068821025e-009, 2.9172901872e-009, 4.95520735555e-010, 1.53368220901e-010, 3.17881831968e-010, 2.55153409512e-009, 6.6178229563e-011, 1.63249119084e-011, 4.61198267077e-011, 5.44370049038e-010, 6.68719357666e-010, 5.7491997274e-011, 2.02074953992e-011, 3.27392384036e-011, 2.76191847171e-011, 1.17762518487e-011, 1.19580326544e-011, 5.78270634502e-012, 9.48650121131e-013, 3.20837269512e-013, 1.27094027576e-013, 4.97249133145e-014, 6.40896569756e-014, 1.42761084394e-014]
    },
    "mfcc": {
        "mean": [-740.786010742, 123.736305237, -4.92101478577, 47.4296035767, -8.72197532654, 15.7233991623, -16.2811565399, -8.83195877075, -9.13157653809, -5.82023572922, -5.67063999176, -6.37902736664, 1.22364652157],
        "cov": [[5285.33349609, -99.1849212646, -344.903686523, -351.0703125, -909.938110352, -221.507095337, -240.865539551, -400.22076416, -85.1475372314, 176.296539307, 181.939788818, 135.668167114, 201.83605957], [-99.1849212646, 1175.94152832, -63.7728652954, -23.5581989288, -125.411880493, -93.6400909424, 106.206817627, -180.666656494, -38.9852676392, -44.3080558777, 13.0252609253, -34.4634170532, 7.14442873001], [-344.903686523, -63.7728652954, 719.104797363, -23.1745910645, 77.0218505859, 36.5892715454, 0.960258066654, 14.1614351273, -23.5790653229, -77.1438827515, -20.9941215515, -14.1758985519, -50.128704071], [-351.0703125, -23.5581989288, -23.1745910645, 444.686553955, 328.0730896, 149.856826782, 97.5952072144, 189.165908813, 118.922035217, 26.3171043396, -55.2996253967, -16.0537338257, -2.56009030342], [-909.938110352, -125.411880493, 77.0218505859, 328.0730896, 716.25579834, 227.6434021, 132.194641113, 346.995788574, 149.928161621, -27.1140823364, -126.660598755, -40.2328453064, -108.831825256], [-221.507095337, -93.6400909424, 36.5892715454, 149.856826782, 227.6434021, 222.012512207, 63.3288841248, 112.124816895, 68.3517913818, -1.28979802132, -55.1015472412, -34.7376327515, -25.8444576263], [-240.865539551, 106.206817627, 0.960258066654, 97.5952072144, 132.194641113, 63.3288841248, 273.859344482, 174.444396973, 31.0659713745, -24.3365688324, -51.6280097961, -4.14663362503, -6.4787273407], [-400.22076416, -180.666656494, 14.1614351273, 189.165908813, 346.995788574, 112.124816895, 174.444396973, 532.921325684, 132.196655273, -0.59665375948, -63.2778358459, 13.6481933594, -39.4657974243], [-85.1475372314, -38.9852676392, -23.5790653229, 118.922035217, 149.928161621, 68.3517913818, 31.0659713745, 132.196655273, 176.243972778, 65.8649368286, -8.02235794067, 11.3881807327, -14.8836212158], [176.296539307, -44.3080558777, -77.1438827515, 26.3171043396, -27.1140823364, -1.28979802132, -24.3365688324, -0.59665375948, 65.8649368286, 178.085586548, 60.5383338928, 16.095451355, 28.6044845581], [181.939788818, 13.0252609253, -20.9941215515, -55.2996253967, -126.660598755, -55.1015472412, -51.6280097961, -63.2778358459, -8.02235794067, 60.5383338928, 161.39440918, 51.7790489197, 19.037612915], [135.668167114, -34.4634170532, -14.1758985519, -16.0537338257, -40.2328453064, -34.7376327515, -4.14663362503, 13.6481933594, 11.3881807327, 16.095451355, 51.7790489197, 156.517181396, 57.2454147339], [201.83605957, 7.14442873001, -50.128704071, -2.56009030342, -108.831825256, -25.8444576263, -6.4787273407, -39.4657974243, -14.8836212158, 28.6044845581, 19.037612915, 57.2454147339, 143.814849854]],
        "icov": [[0.000261590146692, 3.64957377315e-005, 7.62647541706e-005, -6.14601731286e-006, 0.000371771573555, -0.000116156545118, 7.64253927628e-005, -4.31541957369e-006, -7.02715187799e-005, -0.000135708643938, 7.95823871158e-005, -0.000142435310408, -1.38626128319e-005], [3.64957377315e-005, 0.00109826633707, 9.26365610212e-005, -0.000144588804687, 1.69747581822e-005, 0.00059407541994, -0.000866848335136, 0.000654190662317, -0.00039642554475, 0.00039455917431, -0.000245274946792, 0.000343973952113, -3.99396230932e-005], [7.62647541706e-005, 9.26365610212e-005, 0.00153806293383, 0.000177176727448, -6.29233254585e-005, -0.000267421652097, 3.55210977432e-005, 6.28833076917e-005, 5.70131232962e-005, 0.000573246390559, -0.000156215231982, -8.90059964149e-005, 0.000298805127386], [-6.14601731286e-006, -0.000144588804687, 0.000177176727448, 0.00409226492047, -0.00153175066225, -0.000961542769801, -0.000360684964107, -7.22334880265e-005, -0.00107050884981, -0.000194752719835, -0.000197370594833, 0.000496498832945, -0.00146116118412], [0.000371771573555, 1.69747581822e-005, -6.29233254585e-005, -0.00153175066225, 0.00437596393749, -0.00187665934209, 0.000355554744601, -0.00122841179837, -0.000613623007666, -1.19385531434e-005, 0.00147653231397, -0.000897041463759, 0.00218185223639], [-0.000116156545118, 0.00059407541994, -0.000267421652097, -0.000961542769801, -0.00187665934209, 0.0078652696684, -0.00108783168253, 0.000653690833133, -0.00131375936326, 0.000283336994471, 0.000262321555056, 0.00151573249605, -0.000683543912601], [7.64253927628e-005, -0.000866848335136, 3.55210977432e-005, -0.000360684964107, 0.000355554744601, -0.00108783168253, 0.00565044768155, -0.00204656040296, 0.000796229287516, 3.3715779864e-005, 0.000962684571277, -0.000429568375694, -0.000172480402398], [-4.31541957369e-006, 0.000654190662317, 6.28833076917e-005, -7.22334880265e-005, -0.00122841179837, 0.000653690833133, -0.00204656040296, 0.00387209793553, -0.00169800210278, 0.000439648778411, -9.2578920885e-005, -0.000317759084282, 2.80166786979e-005], [-7.02715187799e-005, -0.00039642554475, 5.70131232962e-005, -0.00107050884981, -0.000613623007666, -0.00131375936326, 0.000796229287516, -0.00169800210278, 0.010144745931, -0.00391224678606, 0.000695044291206, -0.00145355251152, 0.00130319641903], [-0.000135708643938, 0.00039455917431, 0.000573246390559, -0.000194752719835, -1.19385531434e-005, 0.000283336994471, 3.3715779864e-005, 0.000439648778411, -0.00391224678606, 0.00887618307024, -0.00336160417646, 0.00138049456291, -0.00174359371886], [7.95823871158e-005, -0.000245274946792, -0.000156215231982, -0.000197370594833, 0.00147653231397, 0.000262321555056, 0.000962684571277, -9.2578920885e-005, 0.000695044291206, -0.00336160417646, 0.00968499854207, -0.00324402796105, 0.00177477032412], [-0.000142435310408, 0.000343973952113, -8.90059964149e-005, 0.000496498832945, -0.000897041463759, 0.00151573249605, -0.000429568375694, -0.000317759084282, -0.00145355251152, 0.00138049456291, -0.00324402796105, 0.00926661211997, -0.00403652060777], [-1.38626128319e-005, -3.99396230932e-005, 0.000298805127386, -0.00146116118412, 0.00218185223639, -0.000683543912601, -0.000172480402398, 2.80166786979e-005, 0.00130319641903, -0.00174359371886, 0.00177477032412, -0.00403652060777, 0.0104346284643]]
    },
    "spectral_contrast_coeffs": {
        "mean": [-0.568765878677, -0.684588909149, -0.786989152431, -0.755863845348, -0.74901932478, -0.684531092644],
        "var": [0.00670128781348, 0.012190031819, 0.00491292821243, 0.00425251433626, 0.00456139771268, 0.00242779543623]
    },
    "spectral_contrast_valleys": {
        "mean": [-8.56554889679, -7.7041425705, -8.73660850525, -8.90905666351, -8.77157020569, -11.9659442902],
        "var": [0.975803554058, 1.24940156937, 1.11242759228, 0.895413994789, 0.79565423727, 1.05593156815]
    }
},
"metadata": {
    "audio_properties": {
        "analysis_sample_rate": 44100,
        "bit_rate": 128074,
        "equal_loudness": 0,
        "length": 45.0612258911,
        "lossless": 0,
        "replay_gain": -6.40945053101,
        "sample_rate": 44100,
        "codec": "mp3",
        "downmix": "mix",
        "md5_encoded": "eb0fc5a9a7b82449e79ee681ae60662b"
    },
    "tags": {
        "file_name": "1627.mp3"
    },
    "version": {
        "essentia": "2.1-beta2",
        "essentia_git_sha": "v2.1_beta2",
        "extractor": "music 1.0"
    }
},
"rhythm": {
    "beats_count": 82,
    "beats_loudness": {
        "mean": 0.0215918123722,
        "var": 0.000906881468836
    },
    "bpm": 107.717689514,
    "bpm_histogram_first_peak_bpm": {
        "mean": 108,
        "var": 0
    },
    "bpm_histogram_first_peak_spread": {
        "mean": 0.61904758215,
        "var": 0
    },
    "bpm_histogram_first_peak_weight": {
        "mean": 0.197530865669,
        "var": 0
    },
    "bpm_histogram_second_peak_bpm": {
        "mean": 103,
        "var": 0
    },
    "bpm_histogram_second_peak_spread": {
        "mean": 0.166666671634,
        "var": 0
    },
    "bpm_histogram_second_peak_weight": {
        "mean": 0.123456791043,
        "var": 0
    },
    "danceability": 0.937664806843,
    "onset_rate": 5.39023256302,
    "beats_loudness_band_ratio": {
        "mean": [0.319063067436, 0.281812280416, 0.248524323106, 0.0696449205279, 0.114830136299, 0.0493196509778],
        "var": [0.0725921541452, 0.0699646994472, 0.0843487456441, 0.0101236244664, 0.030481306836, 0.00408827560022]
    },
    "beats_position": [0.510838985443, 1.03328800201, 1.55573689938, 2.08979582787, 2.62385487556, 3.13469386101, 3.63392281532, 4.13315200806, 4.6439909935, 5.15482997894, 5.67727899551, 6.21133756638, 6.74539661407, 7.2910656929, 7.8251247406, 8.35918331146, 8.88163280487, 9.4040813446, 9.93814086914, 10.4954195023, 11.0526981354, 11.6099767685, 12.202085495, 12.782585144, 13.3630838394, 13.9203624725, 14.4660310745, 15.0349206924, 15.6038093567, 16.1843090057, 16.7183666229, 17.2292060852, 17.7516555786, 18.2741031647, 18.784942627, 19.3073921204, 19.8762817383, 20.45677948, 21.037279129, 21.6177768707, 22.2098865509, 22.7207260132, 23.2315635681, 23.7307929993, 24.2184123993, 24.7060317993, 25.1936511993, 25.681268692, 26.1804981232, 26.6797275543, 27.1789569855, 27.6781845093, 28.1890239716, 28.7230834961, 29.2571430206, 29.7912006378, 30.3252601624, 30.8593196869, 31.4398174286, 32.0203170776, 32.6008148193, 33.1580963135, 33.7153739929, 34.2726516724, 34.8299331665, 35.3872108459, 35.9444885254, 36.5133781433, 37.0822677612, 37.6511573792, 38.2200431824, 38.8005447388, 39.3578224182, 39.9151000977, 40.4839897156, 41.0528793335, 41.6101570129, 42.1674385071, 42.713104248, 43.281993866, 43.8392753601, 44.3965530396]
},
"tonal": {
    "chords_changes_rate": 0.108024694026,
    "chords_number_rate": 0.0154320988804,
    "chords_strength": {
        "mean": 0.431252628565,
        "var": 0.010770605877
    },
    "hpcp_entropy": {
        "mean": 1.99272763729,
        "var": 0.468951433897
    },
    "key_strength": 0.53106969595,
    "tuning_diatonic_strength": 0.44487670064,
    "tuning_equal_tempered_deviation": 0.17045108974,
    "tuning_frequency": 434.695007324,
    "tuning_nontempered_energy_ratio": 0.836295068264,
    "hpcp": {
        "mean": [0.34901714325, 0.290427625179, 0.170965924859, 0.120765574276, 0.103228598833, 0.101634889841, 0.120782852173, 0.0926961749792, 0.0579479560256, 0.0638901293278, 0.0674171596766, 0.0716861411929, 0.109661199152, 0.132089465857, 0.102772854269, 0.0875154808164, 0.0948816686869, 0.121791779995, 0.171333774924, 0.150530174375, 0.0884684696794, 0.0872214734554, 0.0935198366642, 0.0664970874786, 0.0500066205859, 0.0505237914622, 0.0466310307384, 0.0506925694644, 0.0542380996048, 0.0677236765623, 0.102825626731, 0.121985733509, 0.120869800448, 0.15874171257, 0.210957065225, 0.279112607241],
        "var": [0.142735332251, 0.118442267179, 0.0711760297418, 0.0557146258652, 0.0449465401471, 0.0384938456118, 0.0497531220317, 0.0331030376256, 0.0210706647485, 0.03022380732, 0.0295080859214, 0.0301522091031, 0.0444526188076, 0.0602171570063, 0.0427396968007, 0.0400050990283, 0.0458105988801, 0.0420578159392, 0.0648745596409, 0.0608059093356, 0.029355134815, 0.0350811742246, 0.0508087016642, 0.0260380562395, 0.0182212200016, 0.018990194425, 0.0147959636524, 0.0154935875908, 0.0165882911533, 0.0250913593918, 0.0462120473385, 0.0617006085813, 0.0528145283461, 0.0729313269258, 0.0883720889688, 0.107745096087]
    },
    "chords_histogram": [5.65843629837, 0.308641970158, 32.7160491943, 0, 0.617283940315, 0, 2.36625504494, 3.70370364189, 0.411522626877, 4.83539104462, 2.98353910446, 1.54320991039, 4.21810722351, 1.13168728352, 3.90946507454, 0, 1.64609050751, 5.55555534363, 0, 0.823045253754, 0, 8.23045253754, 7.92181062698, 11.4197530746],
    "thpcp": [1, 0.832129955292, 0.48984965682, 0.346016168594, 0.295769423246, 0.291203141212, 0.346065670252, 0.265592038631, 0.166031837463, 0.183057278395, 0.193162888288, 0.205394327641, 0.314200043678, 0.378461241722, 0.294463634491, 0.250748366117, 0.271853893995, 0.348956435919, 0.490903615952, 0.431297361851, 0.253478854895, 0.249905988574, 0.267951995134, 0.190526708961, 0.14327840507, 0.144760206342, 0.133606702089, 0.145243778825, 0.155402392149, 0.194041118026, 0.294614821672, 0.349512159824, 0.346314787865, 0.454824984074, 0.604431807995, 0.799710333347],
    "chords_key": "G#",
    "chords_scale": "minor",
    "key_key": "C#",
    "key_scale": "minor"
}
}