{
"lowlevel": {
    "average_loudness": 0.632430791855,
    "barkbands_crest": {
        "mean": 12.2317142487,
        "var": 18.983499527
    },
    "barkbands_flatness_db": {
        "mean": 0.216791719198,
        "var": 0.0041734050028
    },
    "barkbands_kurtosis": {
        "mean": 5.92066526413,
        "var": 143.170608521
    },
    "barkbands_skewness": {
        "mean": 1.55344426632,
        "var": 2.38524222374
    },
    "barkbands_spread": {
        "mean": 12.5416402817,
        "var": 96.4888076782
    },
    "dissonance": {
        "mean": 0.437887459993,
        "var": 0.00172874203417
    },
    "dynamic_complexity": 8.82958889008,
    "erbbands_crest": {
        "mean": 12.9139289856,
        "var": 25.9758739471
    },
    "erbbands_flatness_db": {
        "mean": 0.255223959684,
        "var": 0.00467471173033
    },
    "erbbands_kurtosis": {
        "mean": 1.70358252525,
        "var": 16.1852836609
    },
    "erbbands_skewness": {
        "mean": 0.788903057575,
        "var": 0.921720445156
    },
    "erbbands_spread": {
        "mean": 23.4904937744,
        "var": 230.740386963
    },
    "hfc": {
        "mean": 14.5473432541,
        "var": 477.050170898
    },
    "melbands_crest": {
        "mean": 15.9011850357,
        "var": 31.7391414642
    },
    "melbands_flatness_db": {
        "mean": 0.228937745094,
        "var": 0.00433516548946
    },
    "melbands_kurtosis": {
        "mean": 11.9338741302,
        "var": 401.766784668
    },
    "melbands_skewness": {
        "mean": 2.12894177437,
        "var": 3.36095833778
    },
    "melbands_spread": {
        "mean": 17.6588668823,
        "var": 244.304489136
    },
    "pitch_salience": {
        "mean": 0.572388648987,
        "var": 0.0134658757597
    },
    "silence_rate_20dB": {
        "mean": 1,
        "var": 0
    },
    "silence_rate_30dB": {
        "mean": 1,
        "var": 0
    },
    "silence_rate_60dB": {
        "mean": 0.45365601778,
        "var": 0.247855260968
    },
    "spectral_centroid": {
        "mean": 1301.80700684,
        "var": 533804.5
    },
    "spectral_complexity": {
        "mean": 6.5,
        "var": 24.0625648499
    },
    "spectral_decrease": {
        "mean": -2.59061705421e-009,
        "var": 1.15269694583e-017
    },
    "spectral_energy": {
        "mean": 0.0110970679671,
        "var": 0.000216594940866
    },
    "spectral_energyband_high": {
        "mean": 0.00016069652338,
        "var": 1.77926509082e-007
    },
    "spectral_energyband_low": {
        "mean": 1.81419509317e-005,
        "var": 1.5316254931e-009
    },
    "spectral_energyband_middle_high": {
        "mean": 0.00734307942912,
        "var": 0.000165601129993
    },
    "spectral_energyband_middle_low": {
        "mean": 0.00377427996136,
        "var": 3.48495486833e-005
    },
    "spectral_entropy": {
        "mean": 6.93344306946,
        "var": 0.390196919441
    },
    "spectral_flux": {
        "mean": 0.0442915186286,
        "var": 0.00205697817728
    },
    "spectral_kurtosis": {
        "mean": 7.80823945999,
        "var": 33.6720542908
    },
    "spectral_rms": {
        "mean": 0.00255832239054,
        "var": 4.2813944674e-006
    },
    "spectral_rolloff": {
        "mean": 1625.35949707,
        "var": 2269560.75
    },
    "spectral_skewness": {
        "mean": 1.98250389099,
        "var": 0.426885277033
    },
    "spectral_spread": {
        "mean": 3835884,
        "var": 3.83188729856e+012
    },
    "spectral_strongpeak": {
        "mean": 1.71490716934,
        "var": 5.35413885117
    },
    "zerocrossingrate": {
        "mean": 0.0598607175052,
        "var": 0.00140751933213
    },
    "barkbands": {
        "mean": [9.88564323734e-008, 1.71725469045e-006, 8.49279149406e-006, 1.18540256153e-005, 0.000218963803491, 0.000894953846, 0.000266200513579, 0.00049986835802, 0.00142514356412, 0.00167020689696, 0.000669654691592, 0.000614642282017, 0.00126105430536, 0.00130647828337, 0.000994950998574, 0.000111053988803, 0.000183942305739, 0.000283229077468, 0.000383543694625, 0.000169017919688, 2.41451234615e-005, 3.27551897499e-005, 3.81744430342e-005, 1.02122503449e-005, 1.09551792775e-005, 5.7572933656e-006, 3.34835559279e-009],
        "var": [6.30435509569e-014, 3.40263615894e-011, 3.70242059233e-010, 8.79455896996e-010, 2.03327473969e-007, 3.09175902657e-006, 4.68814761234e-007, 2.78407333099e-006, 2.03772542591e-005, 2.67919585895e-005, 6.07083120485e-006, 3.93157870349e-006, 1.02054773379e-005, 2.10952293855e-005, 9.65282924881e-006, 1.26276347601e-007, 3.5315864011e-007, 7.11738891823e-007, 7.33187164315e-007, 1.4552075811e-007, 4.63124738559e-009, 8.35093949547e-009, 1.88164150927e-008, 2.20507478943e-009, 2.07294736931e-009, 7.11048220303e-010, 2.04673589715e-015]
    },
    "erbbands": {
        "mean": [1.9312461518e-005, 0.000589153729379, 0.00695777172223, 0.0327036194503, 0.0734562799335, 0.684027493, 5.46702194214, 7.2324256897, 4.3734793663, 4.83048868179, 13.5732536316, 35.0499610901, 42.9160346985, 45.4933395386, 29.8050575256, 30.8367519379, 49.5092468262, 72.5564041138, 75.5911407471, 21.2047977448, 7.21796989441, 10.5104188919, 13.5456924438, 16.0585327148, 19.5674533844, 8.31650161743, 1.8491590023, 0.860986411572, 1.07067918777, 1.25476765633, 1.05683898926, 0.352398693562, 0.141714900732, 0.127648755908, 0.07370865345, 0.0352308601141, 0.00808264687657, 0.000679537130054, 2.07857137866e-005, 1.48239960254e-005],
        "var": [2.13619433254e-009, 3.66614199265e-006, 0.000283693429083, 0.00529842451215, 0.027754181996, 1.82729530334, 163.209640503, 213.856414795, 81.8606185913, 321.397186279, 1698.41455078, 12256.1474609, 17910.9296875, 21536.6367188, 10965.7304688, 8188.64306641, 15846.3964844, 47418.65625, 59058.4179688, 3510.6262207, 429.422943115, 935.454467773, 1077.62402344, 1585.00708008, 2055.07739258, 349.564331055, 16.2281684875, 6.85469245911, 9.93184280396, 12.7664318085, 14.0287618637, 3.37986159325, 0.350715368986, 0.286686211824, 0.0910384580493, 0.0225821509957, 0.00159966375213, 1.41180753417e-005, 5.4240070213e-009, 3.83868908882e-010]
    },
    "gfcc": {
        "mean": [-161.550445557, 62.8682098389, -175.707015991, -14.7648458481, -87.7506942749, -9.02542972565, -53.5983047485, -8.61308383942, -32.4430389404, 1.82478475571, -8.13626766205, 2.4814016819, -10.1757545471],
        "cov": [[20016.3300781, -2637.71118164, -2938.40087891, -225.315475464, -397.89175415, 12.108212471, -115.646270752, 350.213043213, -538.134033203, -6.45950698853, -283.472076416, -373.590667725, -368.007110596], [-2637.71118164, 2068.20751953, 826.774291992, 152.557785034, 62.2567405701, -292.061401367, -38.6129226685, -358.963012695, 93.7567825317, -174.137771606, 58.99741745, -135.030471802, 69.5864715576], [-2938.40087891, 826.774291992, 1934.21557617, 512.193786621, -121.416664124, -3.17543101311, -319.803619385, -138.067306519, 57.6573791504, 26.1231536865, -175.458328247, 144.565155029, -36.908996582], [-225.315475464, 152.557785034, 512.193786621, 572.914855957, -8.1733083725, -47.2170600891, -154.439605713, -63.823513031, 73.8310775757, -25.5223369598, -96.333152771, 46.2999191284, 13.652507782], [-397.89175415, 62.2567405701, -121.416664124, -8.1733083725, 371.489044189, 155.005828857, 165.690002441, 85.9639282227, -24.0322132111, 8.36800479889, 4.22514200211, -62.8951263428, -52.9658622742], [12.108212471, -292.061401367, -3.17543101311, -47.2170600891, 155.005828857, 329.311126709, 151.323532104, 127.388000488, -62.6909408569, 40.2342185974, -49.3096656799, -12.3462696075, -82.2258377075], [-115.646270752, -38.6129226685, -319.803619385, -154.439605713, 165.690002441, 151.323532104, 354.591918945, 101.501312256, -64.8938827515, -9.91794872284, 58.301361084, -92.537727356, -50.7547988892], [350.213043213, -358.963012695, -138.067306519, -63.823513031, 85.9639282227, 127.388000488, 101.501312256, 241.479568481, 14.0811424255, 34.3643951416, -40.9543533325, -23.6926136017, -45.6500167847], [-538.134033203, 93.7567825317, 57.6573791504, 73.8310775757, -24.0322132111, -62.6909408569, -64.8938827515, 14.0811424255, 185.484039307, 14.3991794586, -15.880657196, 6.48198461533, 43.013923645], [-6.45950698853, -174.137771606, 26.1231536865, -25.5223369598, 8.36800479889, 40.2342185974, -9.91794872284, 34.3643951416, 14.3991794586, 120.591064453, 11.5468006134, 14.2858734131, -32.6187591553], [-283.472076416, 58.99741745, -175.458328247, -96.333152771, 4.22514200211, -49.3096656799, 58.301361084, -40.9543533325, -15.880657196, 11.5468006134, 166.751342773, 15.8344306946, 18.367231369], [-373.590667725, -135.030471802, 144.565155029, 46.2999191284, -62.8951263428, -12.3462696075, -92.537727356, -23.6926136017, 6.48198461533, 14.2858734131, 15.8344306946, 171.751373291, 47.6533432007], [-368.007110596, 69.5864715576, -36.908996582, 13.652507782, -52.9658622742, -82.2258377075, -50.7547988892, -45.6500167847, 43.013923645, -32.6187591553, 18.367231369, 47.6533432007, 143.430267334]],
        "icov": [[0.000124824277009, -2.2672189516e-005, 0.000309489289066, -0.000195797809283, 0.000248145661317, -1.42759267874e-006, 0.000289565970888, -0.000191182480194, 0.000452597363619, -8.21866633487e-005, 0.000277479848592, 0.000140264062793, 0.000325425091432], [-2.2672189516e-005, 0.00190921814647, -0.00132332125213, 0.000747874029912, -0.00127919565421, 0.00127143936697, -0.000854342302773, 0.00220881868154, -0.00132706284057, 0.00207303464413, -0.000831419252791, 0.00189450767357, -0.000392502610339], [0.000309489289066, -0.00132332125213, 0.00245229760185, -0.00147888110951, 0.00154404353816, -0.00109419191722, 0.0015322357649, -0.00143597857095, 0.0018455220852, -0.00174616358709, 0.00173217267729, -0.00142939062789, 0.00153850100469], [-0.000195797809283, 0.000747874029912, -0.00147888110951, 0.00327604427002, -0.00146703631617, 0.000750988081563, -0.000367277447367, 0.00156483252067, -0.0019779491704, 0.00154468312394, 0.000252758880379, 9.82166093308e-005, -0.000421275472036], [0.000248145661317, -0.00127919565421, 0.00154404353816, -0.00146703631617, 0.00530170788988, -0.00228360295296, 7.68379904912e-005, -0.00211308617145, 0.00148939143401, -0.00141111342236, 0.000434271612903, -0.000101451274531, 0.0010081033688], [-1.42759267874e-006, 0.00127143936697, -0.00109419191722, 0.000750988081563, -0.00228360295296, 0.00728681916371, -0.00285959802568, 0.000139521871461, 0.000498953566421, -0.000189408703591, 0.00207139085978, -0.000630478200037, 0.00114454491995], [0.000289565970888, -0.000854342302773, 0.0015322357649, -0.000367277447367, 7.68379904912e-005, -0.00285959802568, 0.00744971306995, -0.00278675113805, 0.00234013865702, 0.000597086444031, -0.00203748373315, 0.00206580222584, 0.000733521417715], [-0.000191182480194, 0.00220881868154, -0.00143597857095, 0.00156483252067, -0.00211308617145, 0.000139521871461, -0.00278675113805, 0.00952160637826, -0.00386400381103, 0.00127305637579, 0.0011152921943, 0.00103000714444, 0.000226659947657], [0.000452597363619, -0.00132706284057, 0.0018455220852, -0.0019779491704, 0.00148939143401, 0.000498953566421, 0.00234013865702, -0.00386400381103, 0.00969604495913, -0.00332152401097, 0.00162417290267, 0.000285723450361, -0.00106348528061], [-8.21866633487e-005, 0.00207303464413, -0.00174616358709, 0.00154468312394, -0.00141111342236, -0.000189408703591, 0.000597086444031, 0.00127305637579, -0.00332152401097, 0.0129792168736, -0.00330154178664, 0.00122883112635, 0.00213613570668], [0.000277479848592, -0.000831419252791, 0.00173217267729, 0.000252758880379, 0.000434271612903, 0.00207139085978, -0.00203748373315, 0.0011152921943, 0.00162417290267, -0.00330154178664, 0.0109063945711, -0.00327410036698, 0.000972066947725], [0.000140264062793, 0.00189450767357, -0.00142939062789, 9.82166093308e-005, -0.000101451274531, -0.000630478200037, 0.00206580222584, 0.00103000714444, 0.000285723450361, 0.00122883112635, -0.00327410036698, 0.011083399877, -0.00334580754861], [0.000325425091432, -0.000392502610339, 0.00153850100469, -0.000421275472036, 0.0010081033688, 0.00114454491995, 0.000733521417715, 0.000226659947657, -0.00106348528061, 0.00213613570668, 0.000972066947725, -0.00334580754861, 0.0115854078904]]
    },
    "melbands": {
        "mean": [3.02704648902e-007, 2.7005719403e-006, 5.57632756681e-006, 1.58277780429e-005, 0.000152407199494, 0.000158257913426, 6.51656300761e-005, 5.84641820751e-005, 0.00010748711793, 0.000240181572735, 0.000218368164496, 0.000195044078282, 9.4382201496e-005, 7.73534993641e-005, 7.64832875575e-005, 0.000137315611937, 0.000130161075504, 0.00013253367797, 4.40680632892e-005, 1.42984827107e-005, 7.35113371775e-006, 1.07394162114e-005, 1.15644679681e-005, 1.3180233509e-005, 1.19717833513e-005, 1.8809661924e-005, 8.92103798833e-006, 4.2697470235e-006, 1.3277533526e-006, 5.46974149529e-007, 4.6571253165e-007, 5.63091077765e-007, 6.86896953539e-007, 7.15235898952e-007, 6.82559232246e-007, 3.96676853143e-007, 1.39196515647e-007, 8.63515907668e-008, 1.04699950043e-007, 1.1096557273e-007],
        "var": [8.55304921939e-013, 4.44805095534e-011, 1.63705507483e-010, 1.0482364976e-009, 1.20034698625e-007, 9.65059854252e-008, 1.86052773188e-008, 4.81045780987e-008, 1.13850397554e-007, 6.01201861627e-007, 4.59711031908e-007, 4.474242985e-007, 1.17975567093e-007, 5.63376971741e-008, 6.24018454687e-008, 1.39143992328e-007, 2.29063189749e-007, 2.12502939689e-007, 1.36828726127e-008, 1.73020464622e-009, 7.94676435767e-010, 1.45873146895e-009, 9.72843916536e-010, 1.34872402135e-009, 9.97227189714e-010, 2.42768671832e-009, 4.008502974e-010, 9.46421344072e-011, 9.0502058972e-012, 3.38354930011e-012, 2.53879491215e-012, 2.75193453095e-012, 4.03682339292e-012, 4.66778352082e-012, 5.12532074073e-012, 4.88530093115e-012, 4.67638785768e-013, 1.33392008919e-013, 1.9763442998e-013, 2.18766899127e-013]
    },
    "mfcc": {
        "mean": [-787.316772461, 97.6419525146, -41.9340248108, -14.7477273941, -25.330696106, -15.3906564713, -19.5877475739, -16.7809734344, -26.3920574188, -8.28662967682, -5.5418510437, -10.6389503479, -1.39597225189],
        "cov": [[13815.4082031, -1257.93701172, -2927.61938477, -196.010238647, -673.537780762, -266.936401367, 105.512512207, 166.464187622, -459.868896484, 588.110046387, 119.377670288, -589.60546875, -33.9442672729], [-1257.93701172, 1759.09350586, 590.471740723, 47.3524627686, 70.6619262695, -1.26394939423, -49.1540412903, -179.502334595, -68.932258606, -175.234848022, -41.2540779114, 75.4296798706, -72.6464309692], [-2927.61938477, 590.471740723, 1717.27148438, 324.106292725, 270.938812256, 100.548858643, -282.668792725, -102.971549988, 160.752960205, -316.61831665, -143.480621338, 265.286132813, 24.7663135529], [-196.010238647, 47.3524627686, 324.106292725, 422.427825928, 152.587966919, 34.5871925354, -90.7802734375, -15.025677681, 48.4685630798, -55.6633987427, -89.5892486572, 49.3345336914, 34.374912262], [-673.537780762, 70.6619262695, 270.938812256, 152.587966919, 290.353729248, 76.0582275391, -28.5568771362, 20.7363491058, 99.1441574097, -14.6954174042, -14.7384653091, 52.5487136841, -6.16743183136], [-266.936401367, -1.26394939423, 100.548858643, 34.5871925354, 76.0582275391, 214.62348938, 117.862434387, 48.3115272522, 43.0218734741, 22.1138019562, 24.9845523834, 3.52357506752, -11.3840503693], [105.512512207, -49.1540412903, -282.668792725, -90.7802734375, -28.5568771362, 117.862434387, 424.78805542, 137.027297974, -24.0901851654, 124.741844177, 112.948776245, -71.009979248, -27.9579677582], [166.464187622, -179.502334595, -102.971549988, -15.025677681, 20.7363491058, 48.3115272522, 137.027297974, 197.154266357, 55.1801834106, 65.3628158569, 39.7127113342, -27.1576881409, -26.8540534973], [-459.868896484, -68.932258606, 160.752960205, 48.4685630798, 99.1441574097, 43.0218734741, -24.0901851654, 55.1801834106, 205.428955078, 52.2220191956, -18.8193244934, 24.3511371613, 1.6168551445], [588.110046387, -175.234848022, -316.61831665, -55.6633987427, -14.6954174042, 22.1138019562, 124.741844177, 65.3628158569, 52.2220191956, 267.254364014, 79.3910522461, -81.4807434082, -10.3509931564], [119.377670288, -41.2540779114, -143.480621338, -89.5892486572, -14.7384653091, 24.9845523834, 112.948776245, 39.7127113342, -18.8193244934, 79.3910522461, 184.085235596, -1.81149089336, -34.9525527954], [-589.60546875, 75.4296798706, 265.286132813, 49.3345336914, 52.5487136841, 3.52357506752, -71.009979248, -27.1576881409, 24.3511371613, -81.4807434082, -1.81149089336, 162.463790894, 34.3548278809], [-33.9442672729, -72.6464309692, 24.7663135529, 34.374912262, -6.16743183136, -11.3840503693, -27.9579677582, -26.8540534973, 1.6168551445, -10.3509931564, -34.9525527954, 34.3548278809, 134.063873291]],
        "icov": [[0.000140979042044, 6.75285127727e-006, 0.000205625590752, -0.000165284975083, 0.000166218276718, -7.55673681851e-005, 0.000236996653257, -0.000175471184775, 0.000229472731007, -0.000152754946612, -1.43825070609e-006, 0.000131804641569, 1.05411909317e-005], [6.75285127727e-006, 0.000786333694123, -0.000282413180685, 7.85639349488e-005, -0.000157705624588, 0.000195436921786, -0.000407440529671, 0.000771602441091, 0.000249479315244, 8.71389274835e-005, 0.000132646047859, -2.0991303245e-005, 0.000582446285989], [0.000205625590752, -0.000282413180685, 0.00162795814686, -0.000658866774756, 3.95613860746e-005, -0.000713408284355, 0.000692315865308, -0.00014683061454, -0.000586483336519, 0.000759901420679, 8.73730023159e-005, -0.000857991632074, 0.000131823631818], [-0.000165284975083, 7.85639349488e-005, -0.000658866774756, 0.00370018579997, -0.00176324008498, -8.74220349942e-005, -1.16312339742e-005, -3.43416832038e-005, 0.000367670319974, -0.000197250061319, 0.00131116330158, -0.000142531411257, -0.000565456459299], [0.000166218276718, -0.000157705624588, 3.95613860746e-005, -0.00176324008498, 0.00580703187734, -0.00135682080872, 0.000561993045267, -0.000448294740636, -0.00158012798056, -0.000169360617292, -0.000554338272195, -0.000506080628838, 0.000571902142838], [-7.55673681851e-005, 0.000195436921786, -0.000713408284355, -8.74220349942e-005, -0.00135682080872, 0.00690056709573, -0.00258132675663, 0.000365811691154, -0.000801877875347, 0.000176815097802, -0.000158945273142, 0.00020742052584, 0.000228210687055], [0.000236996653257, -0.000407440529671, 0.000692315865308, -1.16312339742e-005, 0.000561993045267, -0.00258132675663, 0.00538633251563, -0.00315343751572, 0.00164556817617, -0.00110437965486, -0.00142083340324, 0.00095704960404, -0.000708209990989], [-0.000175471184775, 0.000771602441091, -0.00014683061454, -3.43416832038e-005, -0.000448294740636, 0.000365811691154, -0.00315343751572, 0.00879606232047, -0.00274844630621, 0.000557914376259, -0.000109345724923, -0.000166664933204, 0.0016147774877], [0.000229472731007, 0.000249479315244, -0.000586483336519, 0.000367670319974, -0.00158012798056, -0.000801877875347, 0.00164556817617, -0.00274844630621, 0.00882148742676, -0.00349720614031, 0.00161447236314, -0.000725882826373, 8.97349600564e-005], [-0.000152754946612, 8.71389274835e-005, 0.000759901420679, -0.000197250061319, -0.000169360617292, 0.000176815097802, -0.00110437965486, 0.000557914376259, -0.00349720614031, 0.00746932905167, -0.00258051580749, 0.00230423733592, -0.000836972438265], [-1.43825070609e-006, 0.000132646047859, 8.73730023159e-005, 0.00131116330158, -0.000554338272195, -0.000158945273142, -0.00142083340324, -0.000109345724923, 0.00161447236314, -0.00258051580749, 0.00870277918875, -0.00296250637621, 0.0021713799797], [0.000131804641569, -2.0991303245e-005, -0.000857991632074, -0.000142531411257, -0.000506080628838, 0.00020742052584, 0.00095704960404, -0.000166664933204, -0.000725882826373, 0.00230423733592, -0.00296250637621, 0.0104805901647, -0.00289385765791], [1.05411909317e-005, 0.000582446285989, 0.000131823631818, -0.000565456459299, 0.000571902142838, 0.000228210687055, -0.000708209990989, 0.0016147774877, 8.97349600564e-005, -0.000836972438265, 0.0021713799797, -0.00289385765791, 0.00936147943139]]
    },
    "spectral_contrast_coeffs": {
        "mean": [-0.604116678238, -0.688264966011, -0.700170516968, -0.709314882755, -0.745643556118, -0.76917052269],
        "var": [0.0109666110948, 0.00759914284572, 0.0148509228602, 0.0112996986136, 0.00892836041749, 0.00217889994383]
    },
    "spectral_contrast_valleys": {
        "mean": [-10.9494247437, -8.20272159576, -8.84850788116, -9.25685882568, -9.39351940155, -11.9651327133],
        "var": [1.57837355137, 1.69667637348, 1.56311893463, 1.82198131084, 2.14603543282, 2.42642140388]
    }
},
"metadata": {
    "audio_properties": {
        "analysis_sample_rate": 44100,
        "bit_rate": 128074,
        "equal_loudness": 0,
        "length": 45.0612258911,
        "lossless": 0,
        "replay_gain": -7.55044555664,
        "sample_rate": 44100,
        "codec": "mp3",
        "downmix": "mix",
        "md5_encoded": "62e4a0e71414676ea00322db00268eff"
    },
    "tags": {
        "file_name": "1628.mp3"
    },
    "version": {
        "essentia": "2.1-beta2",
        "essentia_git_sha": "v2.1_beta2",
        "extractor": "music 1.0"
    }
},
"rhythm": {
    "beats_count": 92,
    "beats_loudness": {
        "mean": 0.0154402563348,
        "var": 0.000298800121527
    },
    "bpm": 132.23236084,
    "bpm_histogram_first_peak_bpm": {
        "mean": 133,
        "var": 0
    },
    "bpm_histogram_first_peak_spread": {
        "mean": 0.471698105335,
        "var": 0
    },
    "bpm_histogram_first_peak_weight": {
        "mean": 0.307692319155,
        "var": 0
    },
    "bpm_histogram_second_peak_bpm": {
        "mean": 126,
        "var": 0
    },
    "bpm_histogram_second_peak_spread": {
        "mean": 0.272727310658,
        "var": 0
    },
    "bpm_histogram_second_peak_weight": {
        "mean": 0.0879120901227,
        "var": 0
    },
    "danceability": 0.931023180485,
    "onset_rate": 3.68221664429,
    "beats_loudness_band_ratio": {
        "mean": [0.00977385789156, 0.280850470066, 0.219825431705, 0.285578846931, 0.166097864509, 0.0635212436318],
        "var": [0.000539953354746, 0.101271346211, 0.0398251526058, 0.0642262473702, 0.028667608276, 0.00812133029103]
    },
    "beats_position": [0.406349211931, 0.824308395386, 1.25387752056, 1.69505667686, 2.13623571396, 2.57741498947, 3.01859402657, 3.44816327095, 3.87773227692, 4.29569149017, 4.73687076569, 5.17804956436, 5.630838871, 6.08362817764, 6.54802703857, 7.01242637634, 7.46521520615, 7.91800451279, 8.37079334259, 8.82358264923, 9.27637195587, 9.72916126251, 10.1819496155, 10.6347389221, 11.0991382599, 11.5519275665, 12.0163259506, 12.4923353195, 12.9683446884, 13.4559631348, 13.9203624725, 14.3847618103, 14.8375511169, 15.301949501, 15.7547388077, 16.2075271606, 16.6835365295, 17.1595458984, 17.6355552673, 18.0999546051, 18.5527439117, 19.0055332184, 19.458322525, 19.9227199554, 20.3755092621, 20.8282985687, 21.2810878754, 21.733877182, 22.1750564575, 22.6278457642, 23.0806350708, 23.5334243774, 23.9978218079, 24.4506111145, 24.9034004211, 25.3677997589, 25.8205890656, 26.2733783722, 26.73777771, 27.1673469543, 27.5969161987, 28.0264854431, 28.4676647186, 28.9088420868, 29.3500213623, 29.8260307312, 30.3020401001, 30.7896595001, 31.265668869, 31.753288269, 32.2525177002, 32.7169151306, 33.1813163757, 33.6457138062, 34.2610435486, 34.8531494141, 35.4452590942, 36.0373687744, 36.6294784546, 37.2331962585, 37.8369140625, 38.4638557434, 39.0675735474, 39.6712913513, 40.2401809692, 40.8206787109, 41.4011802673, 41.981678009, 42.5621757507, 43.1426734924, 43.7347831726, 44.350112915]
},
"tonal": {
    "chords_changes_rate": 0.0432098768651,
    "chords_number_rate": 0.00823045242578,
    "chords_strength": {
        "mean": 0.581368267536,
        "var": 0.00771020306274
    },
    "hpcp_entropy": {
        "mean": 1.56616199017,
        "var": 0.782226145267
    },
    "key_strength": 0.61012506485,
    "tuning_diatonic_strength": 0.505463302135,
    "tuning_equal_tempered_deviation": 0.202879309654,
    "tuning_frequency": 441.272583008,
    "tuning_nontempered_energy_ratio": 0.910652220249,
    "hpcp": {
        "mean": [0.254756033421, 0.220005750656, 0.0877418294549, 0.0628504753113, 0.0763061717153, 0.0794095098972, 0.0877639502287, 0.0824884101748, 0.0882628560066, 0.128260314465, 0.112520389259, 0.0648179650307, 0.0625802278519, 0.0716997161508, 0.126459881663, 0.310743004084, 0.344388455153, 0.155040353537, 0.056728053838, 0.0575731918216, 0.0831061974168, 0.115294031799, 0.113074734807, 0.129273042083, 0.294528454542, 0.381935268641, 0.233241096139, 0.110058158636, 0.0762294381857, 0.0742899551988, 0.0967965647578, 0.0948074907064, 0.0688191950321, 0.062753431499, 0.0871609970927, 0.149164929986],
        "var": [0.0895202830434, 0.0730174407363, 0.0253109652549, 0.0192282702774, 0.0253671258688, 0.0334179960191, 0.0358131453395, 0.0333378314972, 0.031403914094, 0.0502219982445, 0.0420894622803, 0.0187601186335, 0.0196822620928, 0.0252500679344, 0.046534512192, 0.108779229224, 0.141635194421, 0.045786626637, 0.020018203184, 0.0251785647124, 0.0296435188502, 0.0436710603535, 0.0425663776696, 0.0568184405565, 0.101073548198, 0.145412325859, 0.0664309337735, 0.0417277663946, 0.0290781091899, 0.0339618064463, 0.0484516881406, 0.0475638322532, 0.0308582149446, 0.0266764573753, 0.0399915874004, 0.0563100688159]
    },
    "chords_histogram": [67.4897155762, 1.44032919407, 1.44032919407, 0, 0, 4.93827152252, 0.617283940315, 4.83539104462, 0, 0, 0, 0, 0, 0, 0, 0, 0.411522626877, 0.308641970158, 1.13168728352, 2.36625504494, 0, 0, 0.411522626877, 14.6090536118],
    "thpcp": [1, 0.610682249069, 0.288159191608, 0.199587330222, 0.194509282708, 0.253437101841, 0.248229205608, 0.180185496807, 0.164303839207, 0.228208824992, 0.390550285578, 0.667013645172, 0.576028883457, 0.229729577899, 0.164557918906, 0.199788227677, 0.207913532853, 0.229787498713, 0.215974837542, 0.231093749404, 0.335816890001, 0.294605910778, 0.169709295034, 0.163850352168, 0.187727406621, 0.331102907658, 0.813601255417, 0.901693224907, 0.405933588743, 0.148527920246, 0.15074069798, 0.217592358589, 0.301867991686, 0.296057313681, 0.338468462229, 0.771147549152],
    "chords_key": "D",
    "chords_scale": "minor",
    "key_key": "D",
    "key_scale": "minor"
}
}