{
"lowlevel": {
    "average_loudness": 0.97812795639,
    "barkbands_crest": {
        "mean": 9.90187931061,
        "var": 15.3409194946
    },
    "barkbands_flatness_db": {
        "mean": 0.176294818521,
        "var": 0.0038748299703
    },
    "barkbands_kurtosis": {
        "mean": 5.38074302673,
        "var": 78.9246673584
    },
    "barkbands_skewness": {
        "mean": 1.65500545502,
        "var": 1.28305387497
    },
    "barkbands_spread": {
        "mean": 15.1634864807,
        "var": 143.014022827
    },
    "dissonance": {
        "mean": 0.441699743271,
        "var": 0.00145720038563
    },
    "dynamic_complexity": 1.95681643486,
    "erbbands_crest": {
        "mean": 9.74977779388,
        "var": 22.0369148254
    },
    "erbbands_flatness_db": {
        "mean": 0.196837857366,
        "var": 0.00284925103188
    },
    "erbbands_kurtosis": {
        "mean": 0.875998198986,
        "var": 10.4064292908
    },
    "erbbands_skewness": {
        "mean": 0.60879701376,
        "var": 0.88472032547
    },
    "erbbands_spread": {
        "mean": 31.6498737335,
        "var": 213.278427124
    },
    "hfc": {
        "mean": 20.873003006,
        "var": 393.476531982
    },
    "melbands_crest": {
        "mean": 13.5094194412,
        "var": 27.1978588104
    },
    "melbands_flatness_db": {
        "mean": 0.241431981325,
        "var": 0.00594970397651
    },
    "melbands_kurtosis": {
        "mean": 12.2754030228,
        "var": 314.795318604
    },
    "melbands_skewness": {
        "mean": 2.40834140778,
        "var": 1.86486971378
    },
    "melbands_spread": {
        "mean": 17.4195404053,
        "var": 311.228637695
    },
    "pitch_salience": {
        "mean": 0.577938854694,
        "var": 0.0144223803654
    },
    "silence_rate_20dB": {
        "mean": 1,
        "var": 0
    },
    "silence_rate_30dB": {
        "mean": 1,
        "var": 0
    },
    "silence_rate_60dB": {
        "mean": 0.0108135938644,
        "var": 0.0106964278966
    },
    "spectral_centroid": {
        "mean": 968.596557617,
        "var": 409380.5625
    },
    "spectral_complexity": {
        "mean": 18.2662200928,
        "var": 63.593914032
    },
    "spectral_decrease": {
        "mean": -8.45278069761e-009,
        "var": 2.57426365581e-017
    },
    "spectral_energy": {
        "mean": 0.0337959453464,
        "var": 0.00038744675112
    },
    "spectral_energyband_high": {
        "mean": 0.000779890920967,
        "var": 8.10473284218e-006
    },
    "spectral_energyband_low": {
        "mean": 0.00900189392269,
        "var": 0.000220941234147
    },
    "spectral_energyband_middle_high": {
        "mean": 0.00489614857361,
        "var": 1.51082977027e-005
    },
    "spectral_energyband_middle_low": {
        "mean": 0.0201663002372,
        "var": 0.000180185365025
    },
    "spectral_entropy": {
        "mean": 7.15000152588,
        "var": 0.312472134829
    },
    "spectral_flux": {
        "mean": 0.0990384444594,
        "var": 0.00294266710989
    },
    "spectral_kurtosis": {
        "mean": 8.6083946228,
        "var": 100.807876587
    },
    "spectral_rms": {
        "mean": 0.00549616385251,
        "var": 2.76383343589e-006
    },
    "spectral_rolloff": {
        "mean": 1109.89257813,
        "var": 1648476.125
    },
    "spectral_skewness": {
        "mean": 1.93893408775,
        "var": 0.782990396023
    },
    "spectral_spread": {
        "mean": 3525549.75,
        "var": 2.85256659763e+012
    },
    "spectral_strongpeak": {
        "mean": 1.0522081852,
        "var": 0.879111468792
    },
    "zerocrossingrate": {
        "mean": 0.0444703027606,
        "var": 0.00130103854463
    },
    "barkbands": {
        "mean": [0.00021892299992, 0.00506696756929, 0.00278132292442, 0.00179767108057, 0.00537827750668, 0.00403963169083, 0.00562023743987, 0.00179363414645, 0.00131204794161, 0.00118086382281, 0.000533848418854, 0.000552280107513, 0.000558103376534, 0.000410203298088, 0.000499642686918, 0.000454584369436, 0.000284125446342, 0.0002322527871, 0.000220586473006, 0.000127459861687, 0.000136597358505, 0.000312818883685, 0.000183509662747, 5.61828819627e-005, 3.59090117854e-005, 7.30882493372e-006, 9.89754994407e-007],
        "var": [2.52093627751e-007, 8.23915615911e-005, 3.15620818583e-005, 5.90945046497e-006, 3.40069054801e-005, 2.36800387938e-005, 6.51285154163e-005, 1.10177952592e-005, 3.81487689083e-006, 2.77712570096e-006, 9.71822259999e-007, 7.16095598818e-007, 7.41809230931e-007, 5.75115166157e-007, 5.78183744437e-007, 4.06247437468e-007, 1.44711464145e-007, 1.23761140003e-007, 9.37698914072e-008, 4.50668302676e-008, 2.98534018839e-007, 1.81052109838e-006, 6.52478604479e-007, 1.07906494407e-007, 4.67192968756e-008, 7.02864488833e-010, 1.61255869768e-011]
    },
    "erbbands": {
        "mean": [0.106935977936, 1.26540982723, 3.294080019, 4.99719190598, 8.69827365875, 15.8936662674, 41.3928833008, 30.2078666687, 82.8237686157, 44.8779563904, 42.0901794434, 34.887424469, 25.3845443726, 39.3362731934, 21.9311122894, 24.1800441742, 26.2180652618, 22.0006752014, 27.5997066498, 24.3316688538, 23.6942329407, 15.0590724945, 13.4612922668, 10.3155984879, 11.7562704086, 5.86486625671, 4.5287156105, 7.09613990784, 11.0458965302, 9.17589187622, 4.52864837646, 1.76812767982, 0.70233386755, 0.508179605007, 0.188510552049, 0.0564256794751, 0.00673685688525, 0.00238326075487, 0.000105803715996, 4.20561846113e-005],
        "var": [0.03785129264, 5.35858201981, 39.8911132813, 53.5918083191, 166.96546936, 310.49887085, 3260.02246094, 1261.3425293, 13862.5888672, 4035.73730469, 4354.38476563, 2524.93896484, 1871.05786133, 2731.07080078, 1082.24316406, 1256.6418457, 1441.04736328, 1158.1048584, 1977.94592285, 1220.72631836, 898.532531738, 366.560852051, 399.327453613, 166.967163086, 324.146331787, 84.5948867798, 219.5519104, 940.159057617, 2532.86962891, 1621.47668457, 371.548950195, 101.391197205, 13.1701192856, 11.9340724945, 0.877641320229, 0.0532160252333, 0.000498186273035, 6.19153142907e-005, 1.27790585225e-007, 6.30508423249e-010]
    },
    "gfcc": {
        "mean": [-13.5967512131, 130.87361145, -127.803565979, 25.4572181702, -60.8323173523, 1.95676636696, -38.7236328125, 1.41632425785, -14.3613634109, -0.475244581699, -7.47622728348, 1.22814548016, -5.37938308716],
        "cov": [[4722.18652344, -1084.10266113, -308.457855225, 438.26675415, -533.907775879, 263.652709961, -187.028549194, 111.674949646, -87.2298431396, 117.327659607, -184.224121094, -42.0668792725, -207.824295044], [-1084.10266113, 1833.50439453, -106.339729309, -360.110137939, 657.484130859, -235.17199707, 213.450820923, -20.3349781036, 162.970901489, -147.33706665, 168.633041382, -145.943649292, 125.639778137], [-308.457855225, -106.339729309, 1146.93457031, 337.274719238, 83.8825378418, 332.279815674, 88.4422073364, -3.27522063255, -79.2912139893, -18.660112381, -209.398788452, -26.2767753601, -115.132995605], [438.26675415, -360.110137939, 337.274719238, 609.883117676, -89.8264160156, 179.099380493, 37.6002731323, -19.1538028717, 2.04106330872, -26.729888916, -96.6899032593, -49.3188552856, -82.1895828247], [-533.907775879, 657.484130859, 83.8825378418, -89.8264160156, 556.560974121, 19.5235214233, 110.272399902, 94.1068496704, 101.344467163, -5.16636610031, 30.6709957123, -24.9291343689, 61.8966789246], [263.652709961, -235.17199707, 332.279815674, 179.099380493, 19.5235214233, 310.353607178, 49.4919548035, 32.2793655396, -23.335521698, 13.4511518478, -106.642051697, -4.92745876312, -69.4721679688], [-187.028549194, 213.450820923, 88.4422073364, 37.6002731323, 110.272399902, 49.4919548035, 178.13633728, 29.1497688293, 15.2180986404, -12.3763618469, 15.9776220322, -9.0279045105, -15.6362018585], [111.674949646, -20.3349781036, -3.27522063255, -19.1538028717, 94.1068496704, 32.2793655396, 29.1497688293, 145.12940979, 44.9311408997, 31.3110046387, 7.83523750305, 16.830116272, 2.82994318008], [-87.2298431396, 162.970901489, -79.2912139893, 2.04106330872, 101.344467163, -23.335521698, 15.2180986404, 44.9311408997, 135.213684082, 20.3701725006, 30.2525234222, -8.6914358139, 17.5352516174], [117.327659607, -147.33706665, -18.660112381, -26.729888916, -5.16636610031, 13.4511518478, -12.3763618469, 31.3110046387, 20.3701725006, 115.977706909, 26.7056465149, 30.0851364136, -0.104568965733], [-184.224121094, 168.633041382, -209.398788452, -96.6899032593, 30.6709957123, -106.642051697, 15.9776220322, 7.83523750305, 30.2525234222, 26.7056465149, 157.418167114, 15.546787262, 48.991153717], [-42.0668792725, -145.943649292, -26.2767753601, -49.3188552856, -24.9291343689, -4.92745876312, -9.0279045105, 16.830116272, -8.6914358139, 30.0851364136, 15.546787262, 118.75756073, 28.0319385529], [-207.824295044, 125.639778137, -115.132995605, -82.1895828247, 61.8966789246, -69.4721679688, -15.6362018585, 2.82994318008, 17.5352516174, -0.104568965733, 48.991153717, 28.0319385529, 116.665290833]],
        "icov": [[0.000398806732846, -0.000341398641467, 0.00045308508561, -0.000480762508232, 0.000477408815641, -0.000457527756225, 0.000536567298695, -0.000783801602665, 0.000622970226686, -0.000758341921028, 0.000607180933002, -8.62519373186e-005, 0.000423150282586], [-0.000341398641467, 0.00335201295093, -0.00104560796171, 0.00202158931643, -0.00291883409955, 0.00173710938543, -0.00265026697889, 0.00288404594176, -0.00282285129651, 0.00381929124705, -0.00236443057656, 0.00280884793028, -0.000922166975215], [0.00045308508561, -0.00104560796171, 0.00230340193957, -0.0013938563643, 0.000506978540216, -0.00163083372172, 0.000719268922694, -0.00103189202491, 0.00209534843452, -0.00184068828821, 0.00230858591385, -0.000879937259015, 0.00103106279857], [-0.000480762508232, 0.00202158931643, -0.0013938563643, 0.00387896806933, -0.00114822690375, 0.000340037920978, -0.00213711196557, 0.00237391726114, -0.003140846733, 0.00310874218121, -0.00160553806927, 0.00222371565178, -0.000593932461925], [0.000477408815641, -0.00291883409955, 0.000506978540216, -0.00114822690375, 0.00575744081289, -0.00193796050735, 0.000997087568976, -0.00394110381603, 0.000716770940926, -0.00301441736519, 0.00212167622522, -0.00124662008602, -0.000996034825221], [-0.000457527756225, 0.00173710938543, -0.00163083372172, 0.000340037920978, -0.00193796050735, 0.00731137488037, -0.00264903763309, 0.000724325887859, -0.000932727009058, 0.00078443356324, 0.00102626578882, 0.000834956706967, 0.000463062402559], [0.000536567298695, -0.00265026697889, 0.000719268922694, -0.00213711196557, 0.000997087568976, -0.00264903763309, 0.00992899015546, -0.00329503952526, 0.00263484637253, -0.00168912729714, -0.000553194899112, -0.00242683896795, 0.00273629743606], [-0.000783801602665, 0.00288404594176, -0.00103189202491, 0.00237391726114, -0.00394110381603, 0.000724325887859, -0.00329503952526, 0.0123808253556, -0.004977571778, 0.00207786285318, -0.00224141241051, 0.000756357621867, -0.000558239757083], [0.000622970226686, -0.00282285129651, 0.00209534843452, -0.003140846733, 0.000716770940926, -0.000932727009058, 0.00263484637253, -0.004977571778, 0.0132794398814, -0.00529853999615, 0.00197493378073, -0.00125554052647, 0.00101469026413], [-0.000758341921028, 0.00381929124705, -0.00184068828821, 0.00310874218121, -0.00301441736519, 0.00078443356324, -0.00168912729714, 0.00207786285318, -0.00529853999615, 0.0158305820078, -0.00602829130366, 0.000706987048034, -0.000128626154037], [0.000607180933002, -0.00236443057656, 0.00230858591385, -0.00160553806927, 0.00212167622522, 0.00102626578882, -0.000553194899112, -0.00224141241051, 0.00197493378073, -0.00602829130366, 0.013335316442, -0.00187105184887, -0.00121175579261], [-8.62519373186e-005, 0.00280884793028, -0.000879937259015, 0.00222371565178, -0.00124662008602, 0.000834956706967, -0.00242683896795, 0.000756357621867, -0.00125554052647, 0.000706987048034, -0.00187105184887, 0.0129216425121, -0.00379508314654], [0.000423150282586, -0.000922166975215, 0.00103106279857, -0.000593932461925, -0.000996034825221, 0.000463062402559, 0.00273629743606, -0.000558239757083, 0.00101469026413, -0.000128626154037, -0.00121175579261, -0.00379508314654, 0.0133700855076]]
    },
    "melbands": {
        "mean": [0.00121799134649, 0.00178107479587, 0.000950791873038, 0.000836633436847, 0.00132435746491, 0.000686830026098, 0.00126894307323, 0.000457757996628, 0.00032081786776, 0.000205514385016, 0.000124578044051, 0.000166570185684, 7.49330938561e-005, 6.55091862427e-005, 5.32097910764e-005, 5.67737588426e-005, 3.88891494367e-005, 4.52233471151e-005, 2.96188991342e-005, 3.50071677531e-005, 2.58556938206e-005, 1.55140551215e-005, 1.39578014569e-005, 1.07913710963e-005, 7.79469610279e-006, 8.84220571606e-006, 6.96059214533e-006, 3.12523934554e-006, 2.71490739578e-006, 2.85226997221e-006, 4.60865976493e-006, 6.40629241389e-006, 6.00554358243e-006, 4.70639997729e-006, 2.83594658868e-006, 1.53636301548e-006, 8.74844545251e-007, 4.63668186512e-007, 4.60090603838e-007, 4.16662544467e-007],
        "var": [4.57534451925e-006, 1.06531369966e-005, 1.6358259245e-006, 1.17585284443e-006, 2.98896884487e-006, 6.5375502345e-007, 3.23442122863e-006, 4.5083271516e-007, 2.39583187067e-007, 9.14350835046e-008, 4.79079211857e-008, 5.14443598831e-008, 1.77993548789e-008, 9.35526500712e-009, 8.59099991146e-009, 8.70170957512e-009, 4.84534412593e-009, 5.80074877021e-009, 1.77162218229e-009, 2.75742539912e-009, 1.14052989275e-009, 4.27281959814e-010, 4.69251415502e-010, 2.73863876021e-010, 1.07684819395e-010, 1.76607395375e-010, 1.35615602082e-010, 2.93276271324e-011, 6.45286046819e-011, 1.35633018705e-010, 4.23937440708e-010, 9.33385924107e-010, 6.4004951339e-010, 4.90622764637e-010, 1.49767323543e-010, 5.66261933177e-011, 3.17531764771e-011, 5.21922956243e-012, 8.55633532776e-012, 8.28059582708e-012]
    },
    "mfcc": {
        "mean": [-652.694274902, 156.022583008, -8.59889030457, 22.3480319977, -1.48223555088, 0.96501660347, -12.2134113312, 1.87012207508, -6.55565261841, -0.362304717302, 1.29189693928, -4.56184196472, 4.66779136658],
        "cov": [[4736.18457031, -1452.76245117, -111.912963867, -1.99221289158, -309.412750244, 20.3880939484, -170.037078857, -40.1314277649, -77.6232147217, 102.031036377, 29.6115341187, -2.68002104759, -93.2727584839], [-1452.76245117, 2089.88891602, -539.186218262, -48.5974884033, 309.97644043, -140.529434204, 150.014221191, 40.1446685791, 80.0640029907, 65.6665267944, -4.4006896019, 44.9631500244, 82.3106460571], [-111.912963867, -539.186218262, 1107.02319336, 175.640655518, 27.9359512329, 323.312255859, 90.1403579712, 89.0884399414, 62.8567276001, -13.6673622131, -2.61000132561, -40.1200752258, -115.389854431], [-1.99221289158, -48.5974884033, 175.640655518, 346.582885742, 78.3477096558, 92.3498382568, 31.1018638611, 55.5276565552, 40.0612869263, 30.0377807617, 8.55889892578, -1.90644717216, 4.48612689972], [-309.412750244, 309.97644043, 27.9359512329, 78.3477096558, 336.855529785, 60.3112831116, 59.785243988, 56.2854652405, 121.304359436, 75.838508606, -21.0141334534, 44.7431221008, -6.85861682892], [20.3880939484, -140.529434204, 323.312255859, 92.3498382568, 60.3112831116, 275.974243164, 65.6617965698, 72.2977676392, 55.9611053467, 18.0770454407, 29.063741684, -16.2619247437, -32.7083244324], [-170.037078857, 150.014221191, 90.1403579712, 31.1018638611, 59.785243988, 65.6617965698, 188.029129028, 44.5252571106, 36.8540306091, 17.6979675293, 12.56960392, 22.2559127808, -5.31781291962], [-40.1314277649, 40.1446685791, 89.0884399414, 55.5276565552, 56.2854652405, 72.2977676392, 44.5252571106, 163.300170898, 53.938079834, 16.6644363403, 31.1894607544, -16.7705345154, 17.1051025391], [-77.6232147217, 80.0640029907, 62.8567276001, 40.0612869263, 121.304359436, 55.9611053467, 36.8540306091, 53.938079834, 141.969161987, 45.1622505188, -2.67774939537, 17.3307247162, 0.112555384636], [102.031036377, 65.6665267944, -13.6673622131, 30.0377807617, 75.838508606, 18.0770454407, 17.6979675293, 16.6644363403, 45.1622505188, 128.965576172, 10.136756897, 19.101940155, 0.535203278065], [29.6115341187, -4.4006896019, -2.61000132561, 8.55889892578, -21.0141334534, 29.063741684, 12.56960392, 31.1894607544, -2.67774939537, 10.136756897, 119.976570129, 9.06329345703, 18.1230869293], [-2.68002104759, 44.9631500244, -40.1200752258, -1.90644717216, 44.7431221008, -16.2619247437, 22.2559127808, -16.7705345154, 17.3307247162, 19.101940155, 9.06329345703, 105.87588501, 17.0534362793], [-93.2727584839, 82.3106460571, -115.389854431, 4.48612689972, -6.85861682892, -32.7083244324, -5.31781291962, 17.1051025391, 0.112555384636, 0.535203278065, 18.1230869293, 17.0534362793, 107.249938965]],
        "icov": [[0.000321663042996, 0.000236923748162, 0.000213439765503, -4.79805567011e-005, 0.000226280579227, -0.000106975137896, 7.28894228814e-005, -0.000143447425216, 1.45224578318e-006, -0.000433485722169, 2.59706648649e-005, -0.000144580175402, 0.000358658784535], [0.000236923748162, 0.000915466342121, 0.000479574839119, 5.83561959502e-005, -0.00058349664323, 0.000200480222702, -0.000621403218247, -0.000126690531033, 6.4139290771e-005, -0.0002505723387, -6.69150904287e-005, 0.000227312499192, 6.55721350995e-006], [0.000213439765503, 0.000479574839119, 0.00189669185784, -0.000448844191851, 0.000224605057156, -0.00152489542961, -0.000417463103076, -0.000394801580114, -0.000231827711104, 0.000134426052682, 0.000366235297406, -3.66355343431e-005, 0.00141207536217], [-4.79805567011e-005, 5.83561959502e-005, -0.000448844191851, 0.00350109511055, -0.000769868900534, -0.000439756870037, -1.55781926878e-005, -0.000434274465078, 0.000251609715633, -0.000400231336243, -6.70167219141e-006, 0.000230084595387, -0.000864447210915], [0.000226280579227, -0.00058349664323, 0.000224605057156, -0.000769868900534, 0.00605081999674, -0.000841756002046, 0.000223005510634, -0.000832727586385, -0.0031772821676, -0.00174902554136, 0.00147695222404, -0.00203716289252, 0.0012789722532], [-0.000106975137896, 0.000200480222702, -0.00152489542961, -0.000439756870037, -0.000841756002046, 0.00679516792297, -0.00120760232676, -0.000819059147034, -0.000869590439834, 4.89898593514e-006, -0.00157082942314, 0.001075037173, 0.000315523240715], [7.28894228814e-005, -0.000621403218247, -0.000417463103076, -1.55781926878e-005, 0.000223005510634, -0.00120760232676, 0.00701926508918, -0.00119844230358, -0.000214111525565, -0.000198803900275, -7.74136860855e-005, -0.00185465626419, 0.000586152251344], [-0.000143447425216, -0.000126690531033, -0.000394801580114, -0.000434274465078, -0.000832727586385, -0.000819059147034, -0.00119844230358, 0.00909309647977, -0.00231493078172, 0.000419544143369, -0.0020705498755, 0.00266533670947, -0.00232041976415], [1.45224578318e-006, 6.4139290771e-005, -0.000231827711104, 0.000251609715633, -0.0031772821676, -0.000869590439834, -0.000214111525565, -0.00231493078172, 0.011735226959, -0.00184892350808, 0.000801266229246, -0.000810138590168, -0.000427379069151], [-0.000433485722169, -0.0002505723387, 0.000134426052682, -0.000400231336243, -0.00174902554136, 4.89898593514e-006, -0.000198803900275, 0.000419544143369, -0.00184892350808, 0.0101347528398, -0.00113099720329, -0.00044209806947, 2.3352174594e-006], [2.59706648649e-005, -6.69150904287e-005, 0.000366235297406, -6.70167219141e-006, 0.00147695222404, -0.00157082942314, -7.74136860855e-005, -0.0020705498755, 0.000801266229246, -0.00113099720329, 0.00990744400769, -0.00162334414199, -0.00100120063871], [-0.000144580175402, 0.000227312499192, -3.66355343431e-005, 0.000230084595387, -0.00203716289252, 0.001075037173, -0.00185465626419, 0.00266533670947, -0.000810138590168, -0.00044209806947, -0.00162334414199, 0.0118920980021, -0.00228225346655], [0.000358658784535, 6.55721350995e-006, 0.00141207536217, -0.000864447210915, 0.0012789722532, 0.000315523240715, 0.000586152251344, -0.00232041976415, -0.000427379069151, 2.3352174594e-006, -0.00100120063871, -0.00228225346655, 0.0122959772125]]
    },
    "spectral_contrast_coeffs": {
        "mean": [-0.61114782095, -0.670360445976, -0.745213449001, -0.75481146574, -0.753461897373, -0.742689669132],
        "var": [0.00696252239868, 0.00745576573536, 0.00475736986846, 0.00430846121162, 0.00426620058715, 0.0027002163697]
    },
    "spectral_contrast_valleys": {
        "mean": [-7.23077917099, -6.46253490448, -7.22451210022, -7.76063013077, -8.06584739685, -10.9523763657],
        "var": [1.23360550404, 0.731694757938, 0.784972190857, 0.833651959896, 1.01652085781, 1.52110290527]
    }
},
"metadata": {
    "audio_properties": {
        "analysis_sample_rate": 44100,
        "bit_rate": 128074,
        "equal_loudness": 0,
        "length": 45.0612258911,
        "lossless": 0,
        "replay_gain": -4.87767410278,
        "sample_rate": 44100,
        "codec": "mp3",
        "downmix": "mix",
        "md5_encoded": "a86b5cfb607b86bf46fcc5b68c1e1afb"
    },
    "tags": {
        "file_name": "1629.mp3"
    },
    "version": {
        "essentia": "2.1-beta2",
        "essentia_git_sha": "v2.1_beta2",
        "extractor": "music 1.0"
    }
},
"rhythm": {
    "beats_count": 85,
    "beats_loudness": {
        "mean": 0.0392957031727,
        "var": 0.00018633507716
    },
    "bpm": 113.994598389,
    "bpm_histogram_first_peak_bpm": {
        "mean": 115,
        "var": 0
    },
    "bpm_histogram_first_peak_spread": {
        "mean": 0.506329119205,
        "var": 0
    },
    "bpm_histogram_first_peak_weight": {
        "mean": 0.464285701513,
        "var": 0
    },
    "bpm_histogram_second_peak_bpm": {
        "mean": 110,
        "var": 0
    },
    "bpm_histogram_second_peak_spread": {
        "mean": 0,
        "var": 0
    },
    "bpm_histogram_second_peak_weight": {
        "mean": 0.023809524253,
        "var": 0
    },
    "danceability": 1.2229411602,
    "onset_rate": 4.54731559753,
    "beats_loudness_band_ratio": {
        "mean": [0.145248875022, 0.444912314415, 0.25396296382, 0.0948891937733, 0.0669206529856, 0.0482127740979],
        "var": [0.0170179884881, 0.0267951395363, 0.0177723318338, 0.00427487166598, 0.00146298389882, 0.00692961923778]
    },
    "beats_position": [0.452789098024, 0.940408170223, 1.43963718414, 1.93886613846, 2.46131515503, 2.99537420273, 3.52943301201, 4.05188179016, 4.58594083786, 5.10838985443, 5.630838871, 6.15328788757, 6.68734693527, 7.22140598297, 7.74385452271, 8.27791404724, 8.80036258698, 9.32281208038, 9.84526062012, 10.379319191, 10.8901586533, 11.4009971619, 11.9118366241, 12.4226751328, 12.9567346573, 13.4907932281, 14.0248527527, 14.5589113235, 15.0929698944, 15.6270294189, 16.1610889435, 16.6951465607, 17.2175960541, 17.7516555786, 18.2857131958, 18.8197727203, 19.3422222137, 19.8646717072, 20.3871192932, 20.9211788177, 21.4436283112, 21.9660758972, 22.4885253906, 23.0225849152, 23.5450344086, 24.0790920258, 24.6131515503, 25.1472110748, 25.6696586609, 26.1921081543, 26.7261676788, 27.2602272034, 27.7942848206, 28.316734314, 28.8391838074, 29.3616313934, 29.8840808868, 30.3949203491, 30.9173698425, 31.4398174286, 31.9506568909, 32.4731063843, 32.9955558777, 33.5063934326, 34.0172348022, 34.539680481, 35.0621299744, 35.5961914063, 36.118637085, 36.6410865784, 37.1751480103, 37.6975975037, 38.2316551208, 38.7773246765, 39.3113822937, 39.8338317871, 40.3562812805, 40.9019508362, 41.4243965149, 41.9468460083, 42.4809074402, 43.0149650574, 43.5374145508, 44.0598640442, 44.5823135376]
},
"tonal": {
    "chords_changes_rate": 0.0545267499983,
    "chords_number_rate": 0.00617283955216,
    "chords_strength": {
        "mean": 0.626843512058,
        "var": 0.00951196160167
    },
    "hpcp_entropy": {
        "mean": 2.03711986542,
        "var": 0.716518878937
    },
    "key_strength": 0.910205125809,
    "tuning_diatonic_strength": 0.7618303895,
    "tuning_equal_tempered_deviation": 0.0625257119536,
    "tuning_frequency": 441.017791748,
    "tuning_nontempered_energy_ratio": 0.762553155422,
    "hpcp": {
        "mean": [0.384723365307, 0.243713498116, 0.127595841885, 0.105463124812, 0.0820878297091, 0.0818743631244, 0.0845857709646, 0.0637136995792, 0.0727911442518, 0.0824978649616, 0.0761192515492, 0.135811954737, 0.226329982281, 0.254680663347, 0.281829059124, 0.273448586464, 0.178263038397, 0.107727877796, 0.0854132249951, 0.0917949825525, 0.147250145674, 0.192190006375, 0.16268402338, 0.171668723226, 0.171779468656, 0.0995026826859, 0.0756131112576, 0.0769566074014, 0.0791520997882, 0.117723919451, 0.139698982239, 0.113712854683, 0.0995715335011, 0.102591283619, 0.136871054769, 0.297286063433],
        "var": [0.13410101831, 0.073585614562, 0.0485335364938, 0.050350677222, 0.0301670767367, 0.0249984711409, 0.0256971567869, 0.0142251467332, 0.0246244538575, 0.0276209302247, 0.0233102552593, 0.0461228638887, 0.0954535380006, 0.0803210437298, 0.0988374724984, 0.108898229897, 0.0634013190866, 0.0469135157764, 0.0361994951963, 0.0349592603743, 0.050334315747, 0.0739973932505, 0.0534425936639, 0.062353413552, 0.0628990754485, 0.0269395522773, 0.0273608136922, 0.0249525792897, 0.0257493294775, 0.0487065352499, 0.069604344666, 0.0448381155729, 0.0354137867689, 0.0331311747432, 0.0421564877033, 0.0947557911277]
    },
    "chords_histogram": [43.0041160583, 0, 0, 0, 0.720164597034, 0.925925910473, 0, 1.44032919407, 3.29218101501, 35.5967063904, 11.0082302094, 0, 0, 0, 0, 0, 0, 0.514403283596, 0, 0, 0, 0, 3.49794244766, 0],
    "thpcp": [1, 0.633477270603, 0.331656068563, 0.274127155542, 0.213368460536, 0.212813600898, 0.219861283898, 0.165609121323, 0.189203858376, 0.214434251189, 0.197854503989, 0.353011965752, 0.588292777538, 0.661983847618, 0.732549905777, 0.710766792297, 0.463353812695, 0.280013859272, 0.2220120579, 0.238599970937, 0.382742911577, 0.499553769827, 0.422859728336, 0.446213394403, 0.446501255035, 0.258634358644, 0.19653891027, 0.200031027198, 0.205737695098, 0.305996268988, 0.363115400076, 0.29557043314, 0.25881332159, 0.266662478447, 0.355764865875, 0.77272683382],
    "chords_key": "D",
    "chords_scale": "minor",
    "key_key": "D",
    "key_scale": "minor"
}
}