{
"lowlevel": {
    "average_loudness": 0.635344982147,
    "barkbands_crest": {
        "mean": 13.7771587372,
        "var": 16.304063797
    },
    "barkbands_flatness_db": {
        "mean": 0.35218089819,
        "var": 0.00535465311259
    },
    "barkbands_kurtosis": {
        "mean": 11.9768486023,
        "var": 171.269638062
    },
    "barkbands_skewness": {
        "mean": 2.41724276543,
        "var": 1.96836209297
    },
    "barkbands_spread": {
        "mean": 5.22433376312,
        "var": 15.2113838196
    },
    "dissonance": {
        "mean": 0.386079221964,
        "var": 0.00426433980465
    },
    "dynamic_complexity": 4.59495735168,
    "erbbands_crest": {
        "mean": 12.7295885086,
        "var": 23.5520401001
    },
    "erbbands_flatness_db": {
        "mean": 0.307446211576,
        "var": 0.00369319086894
    },
    "erbbands_kurtosis": {
        "mean": 1.633638978,
        "var": 17.2319335938
    },
    "erbbands_skewness": {
        "mean": 0.789931774139,
        "var": 1.06112778187
    },
    "erbbands_spread": {
        "mean": 23.1415081024,
        "var": 132.450454712
    },
    "hfc": {
        "mean": 5.51825904846,
        "var": 47.5526123047
    },
    "melbands_crest": {
        "mean": 19.8546333313,
        "var": 25.2503414154
    },
    "melbands_flatness_db": {
        "mean": 0.446483373642,
        "var": 0.00960873905569
    },
    "melbands_kurtosis": {
        "mean": 21.5218582153,
        "var": 397.658874512
    },
    "melbands_skewness": {
        "mean": 3.27578759193,
        "var": 2.60927605629
    },
    "melbands_spread": {
        "mean": 6.10603523254,
        "var": 52.1056785583
    },
    "pitch_salience": {
        "mean": 0.434920340776,
        "var": 0.0127287693322
    },
    "silence_rate_20dB": {
        "mean": 1,
        "var": 0
    },
    "silence_rate_30dB": {
        "mean": 0.981986641884,
        "var": 0.017688728869
    },
    "silence_rate_60dB": {
        "mean": 0.179619148374,
        "var": 0.147356241941
    },
    "spectral_centroid": {
        "mean": 412.515106201,
        "var": 226555.0625
    },
    "spectral_complexity": {
        "mean": 6.60370540619,
        "var": 10.4450912476
    },
    "spectral_decrease": {
        "mean": -5.6441473717e-009,
        "var": 4.83783099435e-017
    },
    "spectral_energy": {
        "mean": 0.0218028333038,
        "var": 0.000719532254152
    },
    "spectral_energyband_high": {
        "mean": 2.31352187257e-005,
        "var": 1.15666214384e-008
    },
    "spectral_energyband_low": {
        "mean": 0.0110355718061,
        "var": 0.000286674097879
    },
    "spectral_energyband_middle_high": {
        "mean": 0.00123614561744,
        "var": 5.77981063543e-006
    },
    "spectral_energyband_middle_low": {
        "mean": 0.0143170533702,
        "var": 0.000404173682909
    },
    "spectral_entropy": {
        "mean": 5.73606443405,
        "var": 0.357520490885
    },
    "spectral_flux": {
        "mean": 0.0456193983555,
        "var": 0.00122819258831
    },
    "spectral_kurtosis": {
        "mean": 47.6506462097,
        "var": 2960.55078125
    },
    "spectral_rms": {
        "mean": 0.00391996884719,
        "var": 5.90488252783e-006
    },
    "spectral_rolloff": {
        "mean": 444.228820801,
        "var": 763659.6875
    },
    "spectral_skewness": {
        "mean": 4.3946647644,
        "var": 7.59868431091
    },
    "spectral_spread": {
        "mean": 1797699.375,
        "var": 2.93252890624e+012
    },
    "spectral_strongpeak": {
        "mean": 0.606860101223,
        "var": 0.249304234982
    },
    "zerocrossingrate": {
        "mean": 0.0179580952972,
        "var": 0.000545678602066
    },
    "barkbands": {
        "mean": [2.37567037402e-005, 0.00115841859952, 0.00506148347631, 0.00775865651667, 0.00385353318416, 0.0015060454607, 0.000581176602282, 8.89532675501e-005, 0.00050664896844, 0.000739413313568, 1.68662681972e-005, 6.21858562226e-005, 0.00022468091629, 7.36101355869e-005, 1.34814408739e-005, 2.70159489446e-005, 1.69538761838e-005, 2.91193464363e-005, 1.28800256789e-005, 3.5432036384e-005, 4.13396674048e-006, 7.96912809164e-006, 3.04552685293e-007, 1.0434617792e-007, 2.58788919183e-008, 6.30302432469e-009, 8.40501002131e-010],
        "var": [1.10818410004e-009, 6.48602144793e-006, 7.1313654189e-005, 0.000204255164135, 5.06305368617e-005, 1.62598989846e-005, 1.58657644533e-006, 7.72499078039e-008, 1.5393279682e-006, 3.7044792407e-006, 2.03196326432e-009, 2.68851074736e-008, 8.33877095374e-007, 2.89587340774e-008, 2.18612217218e-009, 2.96196756011e-009, 7.42166239576e-009, 7.4386954374e-009, 1.08443543034e-009, 2.77852123531e-008, 1.73740716258e-010, 1.637751601e-009, 1.80772009774e-012, 1.82916114438e-013, 2.34038015476e-014, 2.01114505502e-015, 3.14301418528e-018]
    },
    "erbbands": {
        "mean": [0.0121940318495, 0.404068380594, 4.45284080505, 19.3044548035, 18.023727417, 10.7188663483, 14.451874733, 9.44984340668, 9.93162155151, 2.95887637138, 3.82350897789, 14.0622291565, 11.042547226, 19.8607578278, 1.95339143276, 3.12773489952, 11.1085262299, 4.36096572876, 2.0159702301, 0.962526261806, 1.30317938328, 1.14415204525, 1.53083252907, 1.01060914993, 1.49670767784, 1.19725906849, 0.336648613214, 0.180580630898, 0.317950189114, 0.0636828020215, 0.0105123538524, 0.004514307715, 0.00164824223612, 0.000412280583987, 0.00016825759667, 5.11222679052e-005, 1.37006609293e-005, 1.75960224169e-006, 1.01160758277e-005, 2.4009945264e-005],
        "var": [0.000437175913248, 0.63587230444, 48.5408439636, 1103.8236084, 837.431396484, 317.934783936, 1610.6126709, 462.563812256, 434.386810303, 27.3839359283, 79.4147872925, 1180.00488281, 792.747741699, 3381.34545898, 19.1147918701, 56.0092353821, 2292.78100586, 157.262069702, 22.1266784668, 4.7511715889, 6.43032646179, 30.6853160858, 23.5922870636, 6.67617893219, 33.6739273071, 26.7478523254, 2.01281929016, 0.493972241879, 2.70395064354, 0.0881316810846, 0.00238767894916, 0.000347719731508, 5.157187843e-005, 4.13782754549e-006, 1.09785639779e-006, 7.44945225506e-008, 4.37617764248e-009, 3.2301251951e-011, 1.54077930969e-010, 8.69585903285e-010]
    },
    "gfcc": {
        "mean": [-195.370742798, 214.164337158, -108.555885315, 19.7118415833, -34.577796936, -18.2301807404, -11.2596330643, -27.2814102173, -19.2388820648, -23.2373313904, -12.1984567642, -24.8318691254, -8.29110717773],
        "cov": [[9761.06835938, -1082.60400391, -2061.16381836, 1605.4119873, -890.131958008, -647.675292969, 162.119934082, 38.7800178528, -130.302566528, -409.502349854, -232.543014526, 209.10609436, 202.946975708], [-1082.60400391, 867.52947998, 721.280822754, -587.274902344, 406.54019165, 158.905929565, -38.9567527771, -17.6594047546, 81.5323028564, 154.452850342, 59.4803199768, -118.53238678, -57.6347312927], [-2061.16381836, 721.280822754, 1351.17248535, -491.411132813, 509.321655273, 247.848236084, -44.094833374, 53.4281196594, 67.9068069458, 211.229003906, 67.3822784424, -110.946029663, -46.4529647827], [1605.4119873, -587.274902344, -491.411132813, 947.283508301, -218.886672974, -249.887054443, 146.926940918, 109.545562744, 30.2473468781, -115.496261597, -59.963180542, 84.5447616577, 55.4091453552], [-890.131958008, 406.54019165, 509.321655273, -218.886672974, 456.966918945, 188.081726074, -16.5292072296, 27.4788646698, 74.1269378662, 129.514434814, 28.2522716522, -97.0868835449, -54.7642936707], [-647.675292969, 158.905929565, 247.848236084, -249.887054443, 188.081726074, 314.629547119, 16.4631481171, -14.314198494, -15.9361333847, 94.1106948853, 41.8655319214, -54.0408592224, -47.9996948242], [162.119934082, -38.9567527771, -44.094833374, 146.926940918, -16.5292072296, 16.4631481171, 227.101333618, 67.4525527954, -36.5517654419, -57.054813385, -44.1059532166, 1.326577425, 7.65637683868], [38.7800178528, -17.6594047546, 53.4281196594, 109.545562744, 27.4788646698, -14.314198494, 67.4525527954, 143.645950317, 44.6436271667, -24.8468132019, -29.9057025909, 2.49325680733, 7.63783597946], [-130.302566528, 81.5323028564, 67.9068069458, 30.2473468781, 74.1269378662, -15.9361333847, -36.5517654419, 44.6436271667, 137.374465942, 56.9987945557, -4.86255264282, -28.6757717133, -18.783323288], [-409.502349854, 154.452850342, 211.229003906, -115.496261597, 129.514434814, 94.1106948853, -57.054813385, -24.8468132019, 56.9987945557, 172.081451416, 72.543182373, -47.9465522766, -49.3331375122], [-232.543014526, 59.4803199768, 67.3822784424, -59.963180542, 28.2522716522, 41.8655319214, -44.1059532166, -29.9057025909, -4.86255264282, 72.543182373, 113.791503906, 34.5016098022, -45.2995910645], [209.10609436, -118.53238678, -110.946029663, 84.5447616577, -97.0868835449, -54.0408592224, 1.326577425, 2.49325680733, -28.6757717133, -47.9465522766, 34.5016098022, 125.91620636, 49.5176086426], [202.946975708, -57.6347312927, -46.4529647827, 55.4091453552, -54.7642936707, -47.9996948242, 7.65637683868, 7.63783597946, -18.783323288, -49.3331375122, -45.2995910645, 49.5176086426, 124.976325989]],
        "icov": [[0.000237674816162, -0.0005924096331, 0.000369376008166, -0.000599446182605, 0.000282795052044, -0.000181146562682, 0.000456337758806, -0.000207906763535, 0.000677051721141, -0.000383700447856, 0.00084586761659, -0.0003840237041, 0.000192055100342], [-0.0005924096331, 0.00672640791163, -0.00199027755298, 0.00439904117957, -0.00318560493179, 0.0028065093793, -0.00400784239173, 0.00181489693932, -0.00496369227767, 0.0025866238866, -0.00664665736258, 0.00403920933604, -0.00254410039634], [0.000369376008166, -0.00199027755298, 0.00239887344651, -0.000934264971875, -0.000435962254414, -0.000447893107776, 0.00121954199858, -0.00171113072429, 0.00232209963724, -0.00203937105834, 0.0019703193102, -0.00109945517033, 0.000148765175254], [-0.000599446182605, 0.00439904117957, -0.000934264971875, 0.00506518594921, -0.00219716737047, 0.0029495714698, -0.00388470781036, 0.000268543051789, -0.00391930527985, 0.00124867563136, -0.00455970363691, 0.0020433284808, -0.00175769033376], [0.000282795052044, -0.00318560493179, -0.000435962254414, -0.00219716737047, 0.00663624145091, -0.00314242811874, 0.0017892770702, -0.000895070843399, 0.000343036459526, -0.00105114653707, 0.00241001136601, -2.11430892705e-006, 0.00104093539994], [-0.000181146562682, 0.0028065093793, -0.000447893107776, 0.0029495714698, -0.00314242811874, 0.00718515180051, -0.00306354183704, 0.000146418256918, 0.000240806737565, -0.00160344631877, -0.00273718126118, 0.00167974526994, -0.00057886284776], [0.000456337758806, -0.00400784239173, 0.00121954199858, -0.00388470781036, 0.0017892770702, -0.00306354183704, 0.00960880238563, -0.00415447214618, 0.00625847745687, -0.00140460627154, 0.00672595575452, -0.00286231026985, 0.00281715393066], [-0.000207906763535, 0.00181489693932, -0.00171113072429, 0.000268543051789, -0.000895070843399, 0.000146418256918, -0.00415447214618, 0.0123376818374, -0.00679403217509, 0.00381541112438, -0.00126499903854, -6.71872767271e-005, -0.000362883583875], [0.000677051721141, -0.00496369227767, 0.00232209963724, -0.00391930527985, 0.000343036459526, 0.000240806737565, 0.00625847745687, -0.00679403217509, 0.0182388015091, -0.00958307366818, 0.0112016331404, -0.0050142291002, 0.0044921352528], [-0.000383700447856, 0.0025866238866, -0.00203937105834, 0.00124867563136, -0.00105114653707, -0.00160344631877, -0.00140460627154, 0.00381541112438, -0.00958307366818, 0.0196806620806, -0.0171381086111, 0.0108056971803, -0.00488416524604], [0.00084586761659, -0.00664665736258, 0.0019703193102, -0.00455970363691, 0.00241001136601, -0.00273718126118, 0.00672595575452, -0.00126499903854, 0.0112016331404, -0.0171381086111, 0.0374779030681, -0.0225327163935, 0.0154159041122], [-0.0003840237041, 0.00403920933604, -0.00109945517033, 0.0020433284808, -2.11430892705e-006, 0.00167974526994, -0.00286231026985, -6.71872767271e-005, -0.0050142291002, 0.0108056971803, -0.0225327163935, 0.0248580444604, -0.0125092174858], [0.000192055100342, -0.00254410039634, 0.000148765175254, -0.00175769033376, 0.00104093539994, -0.00057886284776, 0.00281715393066, -0.000362883583875, 0.0044921352528, -0.00488416524604, 0.0154159041122, -0.0125092174858, 0.0167256258428]]
    },
    "melbands": {
        "mean": [0.000207309160032, 0.00170103635173, 0.0032520222012, 0.00107439421117, 0.000449145794846, 0.000232005899306, 0.000134289817652, 2.55338636634e-005, 4.53645443486e-005, 7.85494630691e-005, 5.88848961343e-005, 9.3517381174e-005, 3.90254399463e-006, 6.09930475548e-006, 1.86191027751e-005, 1.95706670638e-005, 6.80720040691e-006, 3.84531040254e-006, 9.82546453088e-007, 1.84809664461e-006, 1.23904885641e-006, 1.11156793992e-006, 1.00882175502e-006, 1.75919319645e-006, 6.66345613354e-007, 6.25857524028e-007, 1.57312740612e-006, 6.59231261579e-007, 2.44768443736e-007, 9.6784624759e-008, 1.1668954869e-007, 1.89897619407e-007, 1.13463720197e-007, 1.16911706982e-008, 4.04325284364e-009, 6.76909372999e-009, 1.46869316708e-009, 1.54687573861e-009, 2.71253713935e-010, 3.35885819158e-010],
        "var": [1.7253336182e-007, 7.51361994844e-006, 2.74063058896e-005, 3.70228326574e-006, 1.25373469473e-006, 2.89207378046e-007, 8.4784538501e-008, 2.35595187803e-009, 1.2838331287e-008, 3.58458045469e-008, 2.59959325177e-008, 7.05764122699e-008, 8.74232630732e-011, 4.01848720966e-010, 5.50630208096e-009, 4.9950696912e-009, 4.28182683754e-010, 9.4050003896e-011, 1.17241893277e-011, 2.15443843321e-011, 6.96862316116e-012, 3.6839163664e-011, 1.43110636189e-011, 3.0584614702e-011, 2.90663521897e-012, 3.60836317423e-012, 6.07427164123e-011, 9.44578269768e-012, 1.28750363235e-012, 1.05104015497e-013, 2.57788338202e-013, 9.71393104843e-013, 3.41374227063e-013, 2.40448619166e-015, 4.23806661821e-016, 9.41580564772e-016, 4.19902256833e-017, 5.20899256003e-017, 1.12953311762e-018, 3.66189010787e-018]
    },
    "mfcc": {
        "mean": [-825.073608398, 208.225860596, 18.7317218781, 33.0213813782, 0.344640433788, 7.0505156517, 7.04046869278, -4.63423919678, -6.62327575684, -2.51275253296, 0.711123943329, -13.7574338913, -19.6900615692],
        "cov": [[6611.15917969, -156.09463501, -2350.32177734, 1441.14770508, -826.33416748, -308.708587646, -370.57699585, 86.5795974731, 163.101287842, -319.948669434, -498.25177002, -354.104553223, 296.767181396], [-156.09463501, 779.438354492, 353.344390869, -239.72164917, 204.903030396, 81.2624282837, 112.931816101, -16.6663913727, 7.61863803864, 131.34185791, 138.029312134, 48.9211578369, -41.8183135986], [-2350.32177734, 353.344390869, 1259.81079102, -444.949737549, 384.251739502, 213.181396484, 187.410934448, -13.5169868469, -74.1680831909, 191.495895386, 261.188018799, 169.251373291, -104.768516541], [1441.14770508, -239.72164917, -444.949737549, 752.629943848, -97.9986572266, -127.268173218, -83.7814102173, 60.553943634, 121.313743591, -40.1880187988, -131.211730957, -91.3272781372, 146.065505981], [-826.33416748, 204.903030396, 384.251739502, -97.9986572266, 344.536743164, 115.877151489, 76.876373291, -3.4860560894, 21.5967445374, 118.886810303, 136.545654297, 98.4901199341, -22.9953861237], [-308.708587646, 81.2624282837, 213.181396484, -127.268173218, 115.877151489, 231.889205933, 103.553474426, -27.7986392975, -33.136680603, 53.3350028992, 116.539505005, 79.6168899536, -46.8258514404], [-370.57699585, 112.931816101, 187.410934448, -83.7814102173, 76.876373291, 103.553474426, 203.560455322, 80.0264358521, 14.4555950165, 48.1487045288, 66.4590988159, 41.6417770386, -12.8877677917], [86.5795974731, -16.6663913727, -13.5169868469, 60.553943634, -3.4860560894, -27.7986392975, 80.0264358521, 161.58694458, 69.6434631348, 0.291136682034, -33.8292999268, -15.1944074631, 28.7354793549], [163.101287842, 7.61863803864, -74.1680831909, 121.313743591, 21.5967445374, -33.136680603, 14.4555950165, 69.6434631348, 175.032165527, 55.0726966858, -48.4245147705, -38.349395752, 13.6472530365], [-319.948669434, 131.34185791, 191.495895386, -40.1880187988, 118.886810303, 53.3350028992, 48.1487045288, 0.291136682034, 55.0726966858, 201.887405396, 119.064956665, -34.7779579163, -59.3574256897], [-498.25177002, 138.029312134, 261.188018799, -131.211730957, 136.545654297, 116.539505005, 66.4590988159, -33.8292999268, -48.4245147705, 119.064956665, 238.600402832, 120.291099548, -57.5256347656], [-354.104553223, 48.9211578369, 169.251373291, -91.3272781372, 98.4901199341, 79.6168899536, 41.6417770386, -15.1944074631, -38.349395752, -34.7779579163, 120.291099548, 236.907653809, 70.0717697144], [296.767181396, -41.8183135986, -104.768516541, 146.065505981, -22.9953861237, -46.8258514404, -12.8877677917, 28.7354793549, 13.6472530365, -59.3574256897, -57.5256347656, 70.0717697144, 181.338272095]],
        "icov": [[0.00431930460036, -0.00582943996415, 0.00621153926477, -0.00676535861567, 0.00652613816783, -0.00726712634787, 0.00619349861518, -0.00586366141215, 0.00470593897626, -0.00406003603712, 0.00469448696822, -0.00402124132961, 0.00230543501675], [-0.00582943996415, 0.0097011430189, -0.00845983903855, 0.00969411246479, -0.00956091005355, 0.0103132277727, -0.00926650222391, 0.00869207084179, -0.00697955396026, 0.00568384071812, -0.00733408750966, 0.00634002080187, -0.0038948173169], [0.00621153926477, -0.00845983903855, 0.010669930838, -0.0093195727095, 0.0082222474739, -0.0103307859972, 0.00830329395831, -0.00873562600464, 0.00804143864661, -0.00755102839321, 0.00782632827759, -0.00713388901204, 0.00406692130491], [-0.00676535861567, 0.00969411246479, -0.0093195727095, 0.0132062956691, -0.0108307562768, 0.0113766137511, -0.0093106655404, 0.00922006927431, -0.00933566782624, 0.00797675736248, -0.00979440659285, 0.00912527553737, -0.00659263227135], [0.00652613816783, -0.00956091005355, 0.0082222474739, -0.0108307562768, 0.0159934032708, -0.0122537352145, 0.00996845867485, -0.00914873555303, 0.00664821080863, -0.00887466967106, 0.00821321457624, -0.0088373189792, 0.00422649271786], [-0.00726712634787, 0.0103132277727, -0.0103307859972, 0.0113766137511, -0.0122537352145, 0.0207444801927, -0.0151819996536, 0.0129542443901, -0.00745762232691, 0.006372788921, -0.0083544543013, 0.00499480776489, -0.00212308997288], [0.00619349861518, -0.00926650222391, 0.00830329395831, -0.0093106655404, 0.00996845867485, -0.0151819996536, 0.0200721547008, -0.0151882944629, 0.0069890213199, -0.00597877940163, 0.00578343542293, -0.00535282213241, 0.00262113776989], [-0.00586366141215, 0.00869207084179, -0.00873562600464, 0.00922006927431, -0.00914873555303, 0.0129542443901, -0.0151882944629, 0.0202450715005, -0.0110716791824, 0.0084540983662, -0.00818703882396, 0.00772623810917, -0.00495784543455], [0.00470593897626, -0.00697955396026, 0.00804143864661, -0.00933566782624, 0.00664821080863, -0.00745762232691, 0.0069890213199, -0.0110716791824, 0.019360691309, -0.0161782763898, 0.0166170205921, -0.0129782976583, 0.00755689712241], [-0.00406003603712, 0.00568384071812, -0.00755102839321, 0.00797675736248, -0.00887466967106, 0.006372788921, -0.00597877940163, 0.0084540983662, -0.0161782763898, 0.0285283513367, -0.0250151008368, 0.0215306244791, -0.0097765121609], [0.00469448696822, -0.00733408750966, 0.00782632827759, -0.00979440659285, 0.00821321457624, -0.0083544543013, 0.00578343542293, -0.00818703882396, 0.0166170205921, -0.0250151008368, 0.0325662754476, -0.0246578194201, 0.01404981222], [-0.00402124132961, 0.00634002080187, -0.00713388901204, 0.00912527553737, -0.0088373189792, 0.00499480776489, -0.00535282213241, 0.00772623810917, -0.0129782976583, 0.0215306244791, -0.0246578194201, 0.0269913431257, -0.0150922099128], [0.00230543501675, -0.0038948173169, 0.00406692130491, -0.00659263227135, 0.00422649271786, -0.00212308997288, 0.00262113776989, -0.00495784543455, 0.00755689712241, -0.0097765121609, 0.01404981222, -0.0150922099128, 0.0159830190241]]
    },
    "spectral_contrast_coeffs": {
        "mean": [-0.528478443623, -0.673045992851, -0.682240009308, -0.72535187006, -0.760164856911, -0.744053065777],
        "var": [0.00980027019978, 0.00789196230471, 0.00613398477435, 0.00421650055796, 0.00297331390902, 0.00671777827665]
    },
    "spectral_contrast_valleys": {
        "mean": [-8.02362251282, -8.09955978394, -9.16557216644, -9.90534114838, -10.5700559616, -14.3067331314],
        "var": [1.74593377113, 1.38425481319, 1.30200409889, 1.41656637192, 2.07785701752, 0.917599797249]
    }
},
"metadata": {
    "audio_properties": {
        "analysis_sample_rate": 44100,
        "bit_rate": 96317,
        "equal_loudness": 0,
        "length": 45.0873451233,
        "lossless": 0,
        "replay_gain": -9.87350463867,
        "sample_rate": 44100,
        "codec": "mp3",
        "downmix": "mix",
        "md5_encoded": "64be2e632525bac63cc065e8fa389601"
    },
    "tags": {
        "file_name": "163.mp3"
    },
    "version": {
        "essentia": "2.1-beta2",
        "essentia_git_sha": "v2.1_beta2",
        "extractor": "music 1.0"
    }
},
"rhythm": {
    "beats_count": 74,
    "beats_loudness": {
        "mean": 0.0278285220265,
        "var": 0.000926895299926
    },
    "bpm": 100.001029968,
    "bpm_histogram_first_peak_bpm": {
        "mean": 99,
        "var": 0
    },
    "bpm_histogram_first_peak_spread": {
        "mean": 0.356164336205,
        "var": 0
    },
    "bpm_histogram_first_peak_weight": {
        "mean": 0.643835663795,
        "var": 0
    },
    "bpm_histogram_second_peak_bpm": {
        "mean": 0,
        "var": 0
    },
    "bpm_histogram_second_peak_spread": {
        "mean": 0,
        "var": 0
    },
    "bpm_histogram_second_peak_weight": {
        "mean": 0,
        "var": 0
    },
    "danceability": 1.01627671719,
    "onset_rate": 2.7269847393,
    "beats_loudness_band_ratio": {
        "mean": [0.635338306427, 0.264878123999, 0.0891827866435, 0.0762181431055, 0.00978286098689, 0.00315173971467],
        "var": [0.0491038113832, 0.042290519923, 0.00810910388827, 0.0101195778698, 0.000268160074484, 3.3562995668e-005]
    },
    "beats_position": [0.580498874187, 1.18421769142, 1.77632653713, 2.36843538284, 2.97215414047, 3.5758728981, 4.1679816246, 4.76009082794, 5.36380958557, 5.9675283432, 6.57124710083, 7.17496585846, 7.76707458496, 8.35918331146, 8.96290206909, 9.56662082672, 10.1703395844, 10.774058342, 11.3661680222, 11.9582767487, 12.5619955063, 13.1657142639, 13.7694330215, 14.361541748, 14.9768705368, 15.5805892944, 16.1726989746, 16.7648067474, 17.3685264587, 17.9722442627, 18.575963974, 19.179681778, 19.7834014893, 20.3871192932, 20.9792289734, 21.5713367462, 22.1750564575, 22.7671642303, 23.3592739105, 23.9629936218, 24.5667114258, 25.1704311371, 25.774148941, 26.3662586212, 26.9815864563, 27.5853061676, 28.1774139404, 28.7695236206, 29.3732414246, 29.9769611359, 30.5690689087, 31.17278862, 31.7648983002, 32.3686180115, 32.9723358154, 33.5760536194, 34.1797714233, 34.7718811035, 35.3639907837, 35.9677085876, 36.5714263916, 37.1751480103, 37.7672538757, 38.3709754944, 38.9746932983, 39.5784111023, 40.1705207825, 40.7742385864, 41.3663482666, 41.9700660706, 42.5621757507, 43.1658935547, 43.7696151733, 44.3849411011]
},
"tonal": {
    "chords_changes_rate": 0.0534979440272,
    "chords_number_rate": 0.00617283955216,
    "chords_strength": {
        "mean": 0.465040326118,
        "var": 0.00703890481964
    },
    "hpcp_entropy": {
        "mean": 1.59962594509,
        "var": 0.344901442528
    },
    "key_strength": 0.735510528088,
    "tuning_diatonic_strength": 0.605311751366,
    "tuning_equal_tempered_deviation": 0.0180048178881,
    "tuning_frequency": 440,
    "tuning_nontempered_energy_ratio": 0.647041857243,
    "hpcp": {
        "mean": [0.23596560955, 0.13272331655, 0.0299010481685, 0.0258455500007, 0.0314479358494, 0.0846740230918, 0.156830251217, 0.127600178123, 0.0551812276244, 0.025808820501, 0.0172483939677, 0.0325355790555, 0.056285303086, 0.0593330189586, 0.140430569649, 0.264342308044, 0.198255449533, 0.0586427822709, 0.0224532149732, 0.0474564395845, 0.198667317629, 0.278347909451, 0.151353746653, 0.0542806386948, 0.0278623569757, 0.0150747615844, 0.0325370393693, 0.0496673621237, 0.031539414078, 0.0138357076794, 0.0116286687553, 0.0308031365275, 0.176518708467, 0.307003289461, 0.222941339016, 0.18907225132],
        "var": [0.120369963348, 0.0512260757387, 0.0111609185115, 0.0128532769158, 0.0130042741075, 0.0369002185762, 0.0982269793749, 0.0718190744519, 0.027965048328, 0.0106082195416, 0.00785054638982, 0.0116013661027, 0.0225268919021, 0.0214955601841, 0.0557885877788, 0.144906386733, 0.0941668972373, 0.0211076028645, 0.00640081195161, 0.0134765505791, 0.0930074080825, 0.131442338228, 0.0416391044855, 0.0149427969009, 0.00637537753209, 0.00188937457278, 0.0087372623384, 0.0212118718773, 0.0138982646167, 0.00567762041464, 0.005807263311, 0.00736230332404, 0.0688822492957, 0.137581825256, 0.0842871665955, 0.0731020569801]
    },
    "chords_histogram": [13.5802469254, 24.7942390442, 49.2798347473, 0, 0, 0, 0, 0, 0, 0, 0, 0, 0, 0, 0, 8.12757205963, 0, 2.67489719391, 0, 0, 0, 0, 1.54320991039, 0],
    "thpcp": [1, 0.726185500622, 0.615863919258, 0.768609404564, 0.432318866253, 0.0973965078592, 0.0841865539551, 0.102435179055, 0.275808185339, 0.510842263699, 0.41563129425, 0.179741486907, 0.0840669199824, 0.0561830922961, 0.10597795248, 0.183337777853, 0.193265095353, 0.457423657179, 0.861040651798, 0.645776331425, 0.191016793251, 0.0731367245317, 0.15457957983, 0.647117853165, 0.906660974026, 0.493003666401, 0.176807999611, 0.0907558873296, 0.0491029322147, 0.105982705951, 0.161781206727, 0.102733150125, 0.0450669676065, 0.0378779955208, 0.100334875286, 0.574973344803],
    "chords_key": "E",
    "chords_scale": "major",
    "key_key": "A",
    "key_scale": "major"
}
}