{
"lowlevel": {
    "average_loudness": 0.904531300068,
    "barkbands_crest": {
        "mean": 10.966711998,
        "var": 30.9836502075
    },
    "barkbands_flatness_db": {
        "mean": 0.193315088749,
        "var": 0.0138651616871
    },
    "barkbands_kurtosis": {
        "mean": 8.07628154755,
        "var": 670.408691406
    },
    "barkbands_skewness": {
        "mean": 1.46232783794,
        "var": 3.9737637043
    },
    "barkbands_spread": {
        "mean": 22.4046859741,
        "var": 374.302154541
    },
    "dissonance": {
        "mean": 0.455282002687,
        "var": 0.00327286194079
    },
    "dynamic_complexity": 2.53981900215,
    "erbbands_crest": {
        "mean": 8.77830982208,
        "var": 24.5616722107
    },
    "erbbands_flatness_db": {
        "mean": 0.209153488278,
        "var": 0.00839868653566
    },
    "erbbands_kurtosis": {
        "mean": 1.96416568756,
        "var": 34.4562606812
    },
    "erbbands_skewness": {
        "mean": 0.199768096209,
        "var": 1.44648241997
    },
    "erbbands_spread": {
        "mean": 35.1049804688,
        "var": 615.298706055
    },
    "hfc": {
        "mean": 31.3915233612,
        "var": 2651.640625
    },
    "melbands_crest": {
        "mean": 15.9041481018,
        "var": 58.1135368347
    },
    "melbands_flatness_db": {
        "mean": 0.249671623111,
        "var": 0.0226227659732
    },
    "melbands_kurtosis": {
        "mean": 16.3071212769,
        "var": 850.901428223
    },
    "melbands_skewness": {
        "mean": 2.6070394516,
        "var": 4.65811729431
    },
    "melbands_spread": {
        "mean": 29.1616573334,
        "var": 993.49041748
    },
    "pitch_salience": {
        "mean": 0.580894470215,
        "var": 0.0333426967263
    },
    "silence_rate_20dB": {
        "mean": 1,
        "var": 0
    },
    "silence_rate_30dB": {
        "mean": 1,
        "var": 0
    },
    "silence_rate_60dB": {
        "mean": 0.0751802250743,
        "var": 0.0695274099708
    },
    "spectral_centroid": {
        "mean": 1403.4901123,
        "var": 1083915.125
    },
    "spectral_complexity": {
        "mean": 18.1380023956,
        "var": 137.268783569
    },
    "spectral_decrease": {
        "mean": -6.4459455551e-009,
        "var": 1.92445753267e-017
    },
    "spectral_energy": {
        "mean": 0.0271757636219,
        "var": 0.000346708053257
    },
    "spectral_energyband_high": {
        "mean": 0.00273592513986,
        "var": 3.94229246012e-005
    },
    "spectral_energyband_low": {
        "mean": 0.00760268932208,
        "var": 8.15406092443e-005
    },
    "spectral_energyband_middle_high": {
        "mean": 0.00528658321127,
        "var": 4.05308055633e-005
    },
    "spectral_energyband_middle_low": {
        "mean": 0.0128199132159,
        "var": 0.000202173658181
    },
    "spectral_entropy": {
        "mean": 7.37440299988,
        "var": 1.00771486759
    },
    "spectral_flux": {
        "mean": 0.0913732051849,
        "var": 0.00262564513832
    },
    "spectral_kurtosis": {
        "mean": 15.3094129562,
        "var": 1278.08227539
    },
    "spectral_rms": {
        "mean": 0.00475438358262,
        "var": 3.90875266021e-006
    },
    "spectral_rolloff": {
        "mean": 2203.94824219,
        "var": 6241447
    },
    "spectral_skewness": {
        "mean": 2.16991329193,
        "var": 4.25913906097
    },
    "spectral_spread": {
        "mean": 4220671,
        "var": 6.46197438054e+012
    },
    "spectral_strongpeak": {
        "mean": 0.891752541065,
        "var": 3.26332116127
    },
    "zerocrossingrate": {
        "mean": 0.0774898827076,
        "var": 0.00462687155232
    },
    "barkbands": {
        "mean": [0.000450982421171, 0.00458226911724, 0.00142931833398, 0.00280760484748, 0.00632962537929, 0.00131968781352, 0.000570391770452, 0.000931546848733, 0.000600292813033, 0.000832024321426, 0.000837458763272, 0.00108019867912, 0.000729992752895, 0.000527428172063, 0.000521521724295, 0.000316845340421, 0.000185123746633, 0.000146638150909, 0.000170438361238, 0.000258523883531, 0.000374269671738, 0.000519446271937, 0.000695226364769, 0.000689607812092, 0.000167219419382, 9.53362614382e-005, 6.76536501487e-006],
        "var": [4.89552348881e-007, 3.83826045436e-005, 1.14851536637e-005, 3.59352452506e-005, 9.76071460173e-005, 7.07526487531e-006, 8.57926181652e-007, 6.2267240537e-006, 1.58453735821e-006, 2.5913045647e-006, 2.46388913183e-006, 3.41714599017e-006, 1.35488676278e-006, 7.35099717986e-007, 6.5972574248e-007, 2.632178564e-007, 1.25447002119e-007, 8.80623147737e-008, 1.16674343076e-007, 3.08883585376e-007, 7.35325897949e-007, 1.19323954095e-006, 2.9025643471e-006, 3.92465608456e-006, 3.84726462244e-007, 1.04210691632e-007, 1.12987164069e-009]
    },
    "erbbands": {
        "mean": [0.194492042065, 0.774310469627, 1.60727071762, 5.9555606842, 21.4168376923, 16.6334190369, 12.1821012497, 10.1399497986, 8.48962402344, 9.58112716675, 23.5962028503, 15.4416856766, 20.5436248779, 31.7230930328, 34.1377716064, 47.4240913391, 35.3074264526, 29.0738449097, 25.8866100311, 24.6755275726, 15.3343963623, 10.3714265823, 8.35141849518, 8.26434421539, 8.36562728882, 11.1906347275, 13.9477033615, 17.1898288727, 15.5581264496, 23.4498882294, 20.601726532, 17.3011283875, 8.10528659821, 2.4759247303, 1.01987731457, 0.516124427319, 0.153081998229, 0.0273936260492, 0.000790845428128, 5.93783406657e-005],
        "var": [0.0773259699345, 1.56717503071, 13.6420278549, 124.615844727, 1448.71643066, 868.079772949, 618.823791504, 427.41809082, 171.112701416, 302.756164551, 4489.19384766, 1212.10559082, 1874.20825195, 3156.93579102, 4138.81054688, 6338.16748047, 2837.17529297, 2110.65844727, 1627.58972168, 1367.97729492, 651.993469238, 380.554962158, 282.449310303, 251.83644104, 243.142120361, 480.84185791, 851.502685547, 1798.02075195, 1049.6282959, 2847.18017578, 3033.25073242, 2480.84301758, 440.811920166, 74.9386825562, 14.1144256592, 2.7668659687, 0.323165535927, 0.0130599010736, 1.17166564451e-005, 1.15613243423e-008]
    },
    "gfcc": {
        "mean": [-52.6639480591, 102.241333008, -121.845626831, 22.0027542114, -59.6199607849, 22.0953464508, -32.5753860474, -11.162446022, -21.4078006744, -5.80770635605, -13.1486949921, -3.72696042061, -6.79318857193],
        "cov": [[13967.5800781, -4493.91064453, -4.50257015228, 1684.79064941, -1641.55187988, 846.141906738, -706.478820801, 465.550170898, -537.150695801, 414.057037354, -198.356735229, 723.05255127, -331.358276367], [-4493.91064453, 6292.98828125, 970.866760254, -978.739196777, 1709.53930664, -888.362609863, 379.238433838, -712.277160645, 378.307128906, -567.021118164, 26.7991275787, -680.971618652, 273.308532715], [-4.50257015228, 970.866760254, 3011.76416016, 271.244384766, -216.905395508, -118.700386047, 19.2152042389, 393.278930664, 66.4248123169, 147.97114563, -71.3549346924, 83.8481292725, -127.325340271], [1684.79064941, -978.739196777, 271.244384766, 1222.82055664, -245.008895874, 316.134490967, 39.6751403809, 165.519927979, 120.425537109, 186.724014282, 154.355453491, 137.153503418, 0.961539804935], [-1641.55187988, 1709.53930664, -216.905395508, -245.008895874, 1226.09680176, -137.797363281, 108.995513916, -216.695419312, 114.224151611, -159.181716919, 14.0437860489, -197.905014038, 89.7299880981], [846.141906738, -888.362609863, -118.700386047, 316.134490967, -137.797363281, 632.187194824, 131.66116333, 115.142478943, 47.6056213379, 195.749404907, 133.946365356, 145.904876709, 34.8059425354], [-706.478820801, 379.238433838, 19.2152042389, 39.6751403809, 108.995513916, 131.66116333, 303.992614746, -21.3673858643, 119.593009949, 21.9821681976, 98.1040725708, -44.5791702271, 51.3876571655], [465.550170898, -712.277160645, 393.278930664, 165.519927979, -216.695419312, 115.142478943, -21.3673858643, 407.877258301, 60.8603820801, 205.511978149, 5.10656356812, 189.476333618, -22.6972579956], [-537.150695801, 378.307128906, 66.4248123169, 120.425537109, 114.224151611, 47.6056213379, 119.593009949, 60.8603820801, 229.009979248, 97.3305587769, 115.030174255, 10.4211988449, 78.0521774292], [414.057037354, -567.021118164, 147.97114563, 186.724014282, -159.181716919, 195.749404907, 21.9821681976, 205.511978149, 97.3305587769, 276.833374023, 97.5014190674, 180.730392456, 25.4221096039], [-198.356735229, 26.7991275787, -71.3549346924, 154.355453491, 14.0437860489, 133.946365356, 98.1040725708, 5.10656356812, 115.030174255, 97.5014190674, 179.692825317, 41.4530029297, 57.7235679626], [723.05255127, -680.971618652, 83.8481292725, 137.153503418, -197.905014038, 145.904876709, -44.5791702271, 189.476333618, 10.4211988449, 180.730392456, 41.4530029297, 219.459747314, 17.787940979], [-331.358276367, 273.308532715, -127.325340271, 0.961539804935, 89.7299880981, 34.8059425354, 51.3876571655, -22.6972579956, 78.0521774292, 25.4221096039, 57.7235679626, 17.787940979, 122.974563599]],
        "icov": [[0.000165963312611, -0.000150934894918, 0.000115734423161, -0.000281494227238, 0.000178706861334, -0.000260851462372, 0.000264220929239, 1.17135896289e-005, 0.000289885094389, -7.83410432632e-005, 0.000360383448424, -0.000561864930205, 0.000484172720462], [-0.000150934894918, 0.00132972176652, -0.000842694193125, 0.00083983753575, -0.000982158468105, 0.00100311520509, -0.00061010272475, 0.00116399559192, -0.00177201756742, 0.000950138550252, -0.000766378827393, 0.00136761809699, -0.00224834657274], [0.000115734423161, -0.000842694193125, 0.000964124163147, -0.000654109870084, 0.000638410449028, -0.000450871826615, 0.000212072336581, -0.00110318197403, 0.00106107175816, -0.00077195209451, 0.000739235372748, -0.000785742769949, 0.00181040645111], [-0.000281494227238, 0.00083983753575, -0.000654109870084, 0.00188024120871, -0.000555515347514, 0.000335893011652, -0.000274166406598, 0.000504274852574, -0.00185380433686, 0.000857394712511, -0.00152780860662, 0.00116483389866, -0.00125103851315], [0.000178706861334, -0.000982158468105, 0.000638410449028, -0.000555515347514, 0.00186661584303, -0.000845442176796, 0.000536075269338, -0.00058658013586, 0.000607581809163, -0.000390414905269, 0.000847517745569, -0.000642355822492, 0.0012648825068], [-0.000260851462372, 0.00100311520509, -0.000450871826615, 0.000335893011652, -0.000845442176796, 0.00373532366939, -0.0021209185943, 0.00062355940463, 0.000101708203147, -0.000761989213061, -0.00165326357819, 0.000823841197416, -0.00209086155519], [0.000264220929239, -0.00061010272475, 0.000212072336581, -0.000274166406598, 0.000536075269338, -0.0021209185943, 0.00609950115904, -0.000609645445365, -0.00102913659066, 0.00018832879141, -0.000994812464342, 0.00100451789331, 0.000773334875703], [1.17135896289e-005, 0.00116399559192, -0.00110318197403, 0.000504274852574, -0.00058658013586, 0.00062355940463, -0.000609645445365, 0.00742575572804, -0.00418112426996, -0.000835704908241, 0.00248097977601, -0.00340765132569, 0.000330163369654], [0.000289885094389, -0.00177201756742, 0.00106107175816, -0.00185380433686, 0.000607581809163, 0.000101708203147, -0.00102913659066, -0.00418112426996, 0.014402619563, -0.00555070862174, -0.00307795591652, 0.00280627212487, -0.00193632440642], [-7.83410432632e-005, 0.000950138550252, -0.00077195209451, 0.000857394712511, -0.000390414905269, -0.000761989213061, 0.00018832879141, -0.000835704908241, -0.00555070862174, 0.0138755012304, -0.00328119448386, -0.00668811053038, 0.000301075604511], [0.000360383448424, -0.000766378827393, 0.000739235372748, -0.00152780860662, 0.000847517745569, -0.00165326357819, -0.000994812464342, 0.00248097977601, -0.00307795591652, -0.00328119448386, 0.0135024357587, -0.00315073109232, 0.000924474094063], [-0.000561864930205, 0.00136761809699, -0.000785742769949, 0.00116483389866, -0.000642355822492, 0.000823841197416, 0.00100451789331, -0.00340765132569, 0.00280627212487, -0.00668811053038, -0.00315073109232, 0.0188475996256, -0.00783514697105], [0.000484172720462, -0.00224834657274, 0.00181040645111, -0.00125103851315, 0.0012648825068, -0.00209086155519, 0.000773334875703, 0.000330163369654, -0.00193632440642, 0.000301075604511, 0.000924474094063, -0.00783514697105, 0.0175902917981]]
    },
    "melbands": {
        "mean": [0.00145107880235, 0.00088654353749, 0.00148753565736, 0.00150450970978, 0.000455480796518, 0.000228868462727, 0.000128156709252, 0.000115386719699, 0.000185281111044, 9.1810732556e-005, 0.000101845012978, 0.000125480801216, 0.0001095789994, 0.000115925926366, 0.000114442147606, 6.4549203671e-005, 5.2312592743e-005, 4.04806633014e-005, 3.93757836719e-005, 2.62901539827e-005, 1.61048592418e-005, 1.0702581676e-005, 8.95524954103e-006, 6.56253496345e-006, 6.67123367748e-006, 6.51354912407e-006, 5.57939802093e-006, 8.13292535895e-006, 9.96781091089e-006, 7.19104673408e-006, 1.0966593436e-005, 7.64511969464e-006, 1.16037936095e-005, 1.32679688249e-005, 1.19111828099e-005, 1.22067913253e-005, 9.47134503804e-006, 6.31525153949e-006, 3.27498855768e-006, 1.65218477832e-006],
        "var": [3.77248284167e-006, 3.00548936139e-006, 5.74037903789e-006, 6.15496537648e-006, 7.32886519472e-007, 2.0521476074e-007, 4.08949460962e-008, 5.11516553559e-008, 2.63145665258e-007, 4.35556763989e-008, 4.50548789388e-008, 5.11578157614e-008, 4.12285494633e-008, 4.09096365672e-008, 3.34739631569e-008, 1.12373408356e-008, 7.4069221867e-009, 4.34057856324e-009, 3.85818132997e-009, 1.71055802856e-009, 8.39468716762e-010, 4.16366441325e-010, 3.68020891539e-010, 1.7964640886e-010, 1.811783501e-010, 1.70093564233e-010, 1.11413656079e-010, 2.87806972699e-010, 4.84704887338e-010, 2.48095294308e-010, 7.74076358567e-010, 2.46522219305e-010, 6.46394548998e-010, 9.75854730356e-010, 1.08909681273e-009, 1.36850308863e-009, 6.63025689907e-010, 2.64690463991e-010, 9.16920150917e-011, 4.45039040342e-011]
    },
    "mfcc": {
        "mean": [-688.433166504, 124.604537964, -0.10776797682, 2.78648877144, -3.42674422264, 19.998418808, -2.74907469749, 1.37995183468, -7.86380672455, 0.361312538385, -10.3230800629, -2.9657793045, -4.64766550064],
        "cov": [[13079.8027344, -4518.34228516, 72.3059921265, 483.07699585, -490.970001221, 321.935882568, -138.204620361, 309.430053711, -307.417449951, -1.21515846252, -176.360717773, 256.874481201, 132.900192261], [-4518.34228516, 5699.46386719, 143.542114258, 13.4274930954, 691.530700684, -77.7448272705, -13.3932685852, -282.952575684, 216.889190674, -153.573974609, -41.4178161621, -261.231536865, -171.129714966], [72.3059921265, 143.542114258, 2754.14892578, 616.586791992, -123.681747437, -138.925888062, 6.64797735214, 166.604171753, 102.820892334, 201.410476685, 178.776412964, 141.223449707, 109.512512207], [483.07699585, 13.4274930954, 616.586791992, 829.806335449, 227.17640686, 40.5040664673, 2.72218179703, 82.6971359253, 74.4264678955, 103.692611694, 90.1773300171, 103.635932922, 70.4763946533], [-490.970001221, 691.530700684, -123.681747437, 227.17640686, 617.262023926, 113.653831482, 80.6904067993, 19.6388893127, 93.0023422241, 15.0268411636, 62.7739906311, -23.3933372498, 35.9114685059], [321.935882568, -77.7448272705, -138.925888062, 40.5040664673, 113.653831482, 510.017791748, 200.154022217, 76.3750152588, 24.2196617126, 99.3524780273, 54.3351631165, 68.7493057251, 79.1212463379], [-138.204620361, -13.3932685852, 6.64797735214, 2.72218179703, 80.6904067993, 200.154022217, 213.105773926, 86.7887496948, 47.7421531677, 61.7699508667, 62.4454536438, 44.7001457214, 48.5020904541], [309.430053711, -282.952575684, 166.604171753, 82.6971359253, 19.6388893127, 76.3750152588, 86.7887496948, 159.853271484, 68.6486434937, 81.3146438599, 58.2687530518, 63.815196991, 53.4391670227], [-307.417449951, 216.889190674, 102.820892334, 74.4264678955, 93.0023422241, 24.2196617126, 47.7421531677, 68.6486434937, 166.231704712, 86.4452285767, 57.7837562561, 43.2325630188, 59.5127601624], [-1.21515846252, -153.573974609, 201.410476685, 103.692611694, 15.0268411636, 99.3524780273, 61.7699508667, 81.3146438599, 86.4452285767, 159.604751587, 97.5521011353, 91.115562439, 84.839630127], [-176.360717773, -41.4178161621, 178.776412964, 90.1773300171, 62.7739906311, 54.3351631165, 62.4454536438, 58.2687530518, 57.7837562561, 97.5521011353, 142.246749878, 87.135383606, 81.9245452881], [256.874481201, -261.231536865, 141.223449707, 103.635932922, -23.3933372498, 68.7493057251, 44.7001457214, 63.815196991, 43.2325630188, 91.115562439, 87.135383606, 139.70640564, 91.2418899536], [132.900192261, -171.129714966, 109.512512207, 70.4763946533, 35.9114685059, 79.1212463379, 48.5020904541, 53.4391670227, 59.5127601624, 84.839630127, 81.9245452881, 91.2418899536, 130.723617554]],
        "icov": [[0.00013158263755, 8.16899264464e-005, -9.30435726332e-006, -6.75885457895e-005, -1.75602508534e-005, -0.000149457104271, 0.000239901128225, -0.000271401804639, 0.000133013090817, 0.000177264344529, 0.00031713268254, -0.000201835850021, -9.88489991869e-005], [8.16899264464e-005, 0.000358979421435, -0.000108807565994, 2.36832620431e-005, -0.00027794574271, -0.000204215742997, 6.32878873148e-005, 0.000614315271378, -0.0007329210639, 0.000451874773717, -3.28413916577e-005, 4.4464450184e-005, 0.000420566910179], [-9.30435726332e-006, -0.000108807565994, 0.000573300931137, -0.000442466203822, 0.000397094641812, 0.000322996085742, -0.000108477674075, -0.000492099148687, 0.000328529422404, -0.000483332463773, -0.000402978679631, 0.000382512254873, -0.000288199196802], [-6.75885457895e-005, 2.36832620431e-005, -0.000442466203822, 0.00205548363738, -0.00111719511915, -9.44869316299e-005, 0.000717885035556, -0.000107327134174, -4.31044354627e-005, -0.000472630548757, 0.000327609857777, -0.0015950613888, 0.000738204282243], [-1.75602508534e-005, -0.00027794574271, 0.000397094641812, -0.00111719511915, 0.00303927063942, -0.000413389876485, -0.00046974979341, -0.0002779768256, -0.000958838907536, 0.00124501716346, -0.00205135531723, 0.00246328790672, -0.00117838196456], [-0.000149457104271, -0.000204215742997, 0.000322996085742, -9.44869316299e-005, -0.000413389876485, 0.00418927380815, -0.00374205643311, 0.000393628288293, 0.00191438675392, -0.00313460826874, 0.00174981541932, -0.000294805999147, -0.00125758349895], [0.000239901128225, 6.32878873148e-005, -0.000108477674075, 0.000717885035556, -0.00046974979341, -0.00374205643311, 0.0105517655611, -0.00442129746079, -0.000577006023377, 0.00193560565822, -0.00243347138166, -0.000259168766206, 0.000541583925951], [-0.000271401804639, 0.000614315271378, -0.000492099148687, -0.000107327134174, -0.0002779768256, 0.000393628288293, -0.00442129746079, 0.0134886419401, -0.00443744240329, -0.00170748389792, -0.000379271310521, -0.00112845865078, 0.00166834145784], [0.000133013090817, -0.0007329210639, 0.000328529422404, -4.31044354627e-005, -0.000958838907536, 0.00191438675392, -0.000577006023377, -0.00443744240329, 0.0130481719971, -0.00644079037011, 0.00239606457762, 0.000242858193815, -0.00364518817514], [0.000177264344529, 0.000451874773717, -0.000483332463773, -0.000472630548757, 0.00124501716346, -0.00313460826874, 0.00193560565822, -0.00170748389792, -0.00644079037011, 0.0189778581262, -0.00665115006268, -0.00231794524007, -0.000992160872556], [0.00031713268254, -3.28413916577e-005, -0.000402978679631, 0.000327609857777, -0.00205135531723, 0.00174981541932, -0.00243347138166, -0.000379271310521, 0.00239606457762, -0.00665115006268, 0.0188720971346, -0.00647494290024, -0.00372408563271], [-0.000201835850021, 4.4464450184e-005, 0.000382512254873, -0.0015950613888, 0.00246328790672, -0.000294805999147, -0.000259168766206, -0.00112845865078, 0.000242858193815, -0.00231794524007, -0.00647494290024, 0.0200608149171, -0.00768822524697], [-9.88489991869e-005, 0.000420566910179, -0.000288199196802, 0.000738204282243, -0.00117838196456, -0.00125758349895, 0.000541583925951, 0.00166834145784, -0.00364518817514, -0.000992160872556, -0.00372408563271, -0.00768822524697, 0.018349647522]]
    },
    "spectral_contrast_coeffs": {
        "mean": [-0.596977651119, -0.764354705811, -0.804236829281, -0.816179394722, -0.81479126215, -0.757203638554],
        "var": [0.0270618442446, 0.00561538245529, 0.00336908432655, 0.00179256172851, 0.00190827599727, 0.00399809936062]
    },
    "spectral_contrast_valleys": {
        "mean": [-8.04441928864, -7.13314819336, -7.18139362335, -7.51411008835, -8.15577030182, -10.7318487167],
        "var": [2.80971813202, 1.54126310349, 1.23566949368, 1.76889646053, 2.31236314774, 3.99199867249]
    }
},
"metadata": {
    "audio_properties": {
        "analysis_sample_rate": 44100,
        "bit_rate": 128074,
        "equal_loudness": 0,
        "length": 45.0612258911,
        "lossless": 0,
        "replay_gain": -5.11916351318,
        "sample_rate": 44100,
        "codec": "mp3",
        "downmix": "mix",
        "md5_encoded": "ed908826fb8daf1f8eefb0085758353d"
    },
    "tags": {
        "file_name": "1631.mp3"
    },
    "version": {
        "essentia": "2.1-beta2",
        "essentia_git_sha": "v2.1_beta2",
        "extractor": "music 1.0"
    }
},
"rhythm": {
    "beats_count": 112,
    "beats_loudness": {
        "mean": 0.0450810417533,
        "var": 0.000258345738985
    },
    "bpm": 150.324249268,
    "bpm_histogram_first_peak_bpm": {
        "mean": 152,
        "var": 0
    },
    "bpm_histogram_first_peak_spread": {
        "mean": 0.413461565971,
        "var": 0
    },
    "bpm_histogram_first_peak_weight": {
        "mean": 0.549549520016,
        "var": 0
    },
    "bpm_histogram_second_peak_bpm": {
        "mean": 144,
        "var": 0
    },
    "bpm_histogram_second_peak_spread": {
        "mean": 0,
        "var": 0
    },
    "bpm_histogram_second_peak_weight": {
        "mean": 0.0360360369086,
        "var": 0
    },
    "danceability": 1.08073341846,
    "onset_rate": 4.43640565872,
    "beats_loudness_band_ratio": {
        "mean": [0.351570367813, 0.216447100043, 0.149567976594, 0.12837100029, 0.0347326211631, 0.179971024394],
        "var": [0.0851119011641, 0.0223172660917, 0.021833088249, 0.0102345859632, 0.00167920428794, 0.0229854136705]
    },
    "beats_position": [0.336689323187, 0.708208620548, 1.09133780003, 1.48607707024, 1.88081634045, 2.27555561066, 2.67029476166, 3.07664394379, 3.48299312592, 3.87773227692, 4.28408145905, 4.67882061005, 5.08516979218, 5.47990942001, 5.87464857101, 6.28099775314, 6.68734693527, 7.08208608627, 7.4884352684, 7.8831744194, 8.28952407837, 8.68426322937, 9.07900238037, 9.47374153137, 9.8800907135, 10.2864398956, 10.6811790466, 11.0759181976, 11.4706573486, 11.8770065308, 12.2833557129, 12.6780948639, 13.084444046, 13.4907932281, 13.8971424103, 14.2802715302, 14.6750106812, 15.0813598633, 15.4877090454, 15.8824491501, 16.2771873474, 16.6835365295, 17.0898857117, 17.4846248627, 17.8793640137, 18.2741031647, 18.6920623779, 19.0868015289, 19.4815406799, 19.8762817383, 20.2710208893, 20.6657600403, 21.0721092224, 21.4784584045, 21.8848075867, 22.2795467377, 22.6858959198, 23.0806350708, 23.4753742218, 23.8701133728, 24.2648525238, 24.6595916748, 25.0775508881, 25.4722900391, 25.8786392212, 26.2849884033, 26.6797275543, 27.0860767365, 27.4924259186, 27.8871650696, 28.2935142517, 28.6882534027, 29.0946025848, 29.4893417358, 29.8840808868, 30.2788200378, 30.6735591888, 31.079908371, 31.4862575531, 31.8809967041, 32.2873458862, 32.6820869446, 33.0884361267, 33.4831733704, 33.8779144287, 34.2726516724, 34.690612793, 35.0853500366, 35.4916992188, 35.8864402771, 36.2927894592, 36.6875267029, 37.0822677612, 37.4770050049, 37.8717460632, 38.2664833069, 38.6844444275, 39.0791816711, 39.4855308533, 39.8802719116, 40.2866210938, 40.6929702759, 41.099319458, 41.4940567017, 41.88879776, 42.2835350037, 42.6898841858, 43.0962333679, 43.4909744263, 43.8973236084, 44.2920608521, 44.6984100342]
},
"tonal": {
    "chords_changes_rate": 0.119341567159,
    "chords_number_rate": 0.0154320988804,
    "chords_strength": {
        "mean": 0.39349424839,
        "var": 0.00643869535998
    },
    "hpcp_entropy": {
        "mean": 2.71149539948,
        "var": 0.722794294357
    },
    "key_strength": 0.543105185032,
    "tuning_diatonic_strength": 0.462649554014,
    "tuning_equal_tempered_deviation": 0.206145599484,
    "tuning_frequency": 434.193115234,
    "tuning_nontempered_energy_ratio": 0.863700509071,
    "hpcp": {
        "mean": [0.172203376889, 0.155264139175, 0.139103859663, 0.157681375742, 0.186142623425, 0.17715010047, 0.150581374764, 0.13696269691, 0.151001110673, 0.165116414428, 0.146767809987, 0.13572396338, 0.140862494707, 0.151480451226, 0.173916354775, 0.231880843639, 0.247497335076, 0.205213069916, 0.171461090446, 0.144408792257, 0.158800885081, 0.148010611534, 0.115412451327, 0.214261382818, 0.307431250811, 0.212251648307, 0.116940960288, 0.128437697887, 0.141076609492, 0.174541652203, 0.315213978291, 0.353507727385, 0.239093318582, 0.187932357192, 0.158234983683, 0.151916250587],
        "var": [0.0556234233081, 0.0429731756449, 0.0383464545012, 0.0471942424774, 0.0626767650247, 0.0553823038936, 0.0383819229901, 0.0381481125951, 0.0513560287654, 0.0608320385218, 0.0480760633945, 0.0399418026209, 0.0479752197862, 0.0544738285244, 0.0511065237224, 0.0652289390564, 0.0765547826886, 0.0645298287272, 0.0594596713781, 0.0479229539633, 0.0589863397181, 0.05646905303, 0.0341733321548, 0.0599585771561, 0.127515524626, 0.0541201792657, 0.033212210983, 0.0404599606991, 0.0458091720939, 0.0531384348869, 0.104562655091, 0.132453531027, 0.0687433332205, 0.068466566503, 0.0543909221888, 0.0488263182342]
    },
    "chords_histogram": [35.3909454346, 6.17283964157, 17.4897117615, 6.79012346268, 1.85185182095, 2.36625504494, 1.85185182095, 7.81893014908, 2.26337456703, 7.51028823853, 1.95473253727, 0, 0, 0, 0, 0, 0.102880656719, 0, 0, 0, 1.85185182095, 1.54320991039, 1.54320991039, 3.49794244766],
    "thpcp": [1, 0.676345407963, 0.53162163496, 0.447613924742, 0.429739534855, 0.487127631903, 0.439210027456, 0.393495947123, 0.446047902107, 0.526558876038, 0.501120865345, 0.425963461399, 0.38743904233, 0.427150815725, 0.467080056667, 0.415175676346, 0.383934915066, 0.398470759392, 0.428506761789, 0.491973280907, 0.655942797661, 0.700118601322, 0.58050519228, 0.485027849674, 0.408502519131, 0.449214756489, 0.418691307306, 0.326477885246, 0.606100976467, 0.86965918541, 0.600415885448, 0.330801695585, 0.3633235991, 0.399076461792, 0.493742108345, 0.891674935818],
    "chords_key": "C",
    "chords_scale": "minor",
    "key_key": "C",
    "key_scale": "minor"
}
}