{
"lowlevel": {
    "average_loudness": 0.900752842426,
    "barkbands_crest": {
        "mean": 11.6549005508,
        "var": 35.6320075989
    },
    "barkbands_flatness_db": {
        "mean": 0.128136351705,
        "var": 0.00454541947693
    },
    "barkbands_kurtosis": {
        "mean": 5.57684230804,
        "var": 221.401428223
    },
    "barkbands_skewness": {
        "mean": 1.44228577614,
        "var": 4.01724004745
    },
    "barkbands_spread": {
        "mean": 31.1308917999,
        "var": 325.803314209
    },
    "dissonance": {
        "mean": 0.485899031162,
        "var": 0.000197503090021
    },
    "dynamic_complexity": 2.89769673347,
    "erbbands_crest": {
        "mean": 8.58469963074,
        "var": 18.1400814056
    },
    "erbbands_flatness_db": {
        "mean": 0.148348733783,
        "var": 0.00320749706589
    },
    "erbbands_kurtosis": {
        "mean": 2.40280175209,
        "var": 20.8438453674
    },
    "erbbands_skewness": {
        "mean": -0.406211256981,
        "var": 0.581022977829
    },
    "erbbands_spread": {
        "mean": 31.0344257355,
        "var": 366.176116943
    },
    "hfc": {
        "mean": 29.6540527344,
        "var": 1000.43701172
    },
    "melbands_crest": {
        "mean": 19.135181427,
        "var": 92.4661636353
    },
    "melbands_flatness_db": {
        "mean": 0.193482771516,
        "var": 0.00818682648242
    },
    "melbands_kurtosis": {
        "mean": 24.1741390228,
        "var": 2628.09936523
    },
    "melbands_skewness": {
        "mean": 3.22379684448,
        "var": 11.1642789841
    },
    "melbands_spread": {
        "mean": 35.8573951721,
        "var": 719.247558594
    },
    "pitch_salience": {
        "mean": 0.49243080616,
        "var": 0.0412204824388
    },
    "silence_rate_20dB": {
        "mean": 1,
        "var": 0
    },
    "silence_rate_30dB": {
        "mean": 0.978372812271,
        "var": 0.0211605578661
    },
    "silence_rate_60dB": {
        "mean": 0.0442842431366,
        "var": 0.0423228740692
    },
    "spectral_centroid": {
        "mean": 1987.93884277,
        "var": 438562.90625
    },
    "spectral_complexity": {
        "mean": 23.3027801514,
        "var": 178.25227356
    },
    "spectral_decrease": {
        "mean": -8.18644618761e-009,
        "var": 6.09239233748e-017
    },
    "spectral_energy": {
        "mean": 0.033587269485,
        "var": 0.000939806981478
    },
    "spectral_energyband_high": {
        "mean": 0.00155711581465,
        "var": 5.8605742197e-006
    },
    "spectral_energyband_low": {
        "mean": 0.0203386377543,
        "var": 0.000670917041134
    },
    "spectral_energyband_middle_high": {
        "mean": 0.00881238095462,
        "var": 0.00011138748232
    },
    "spectral_energyband_middle_low": {
        "mean": 0.00297154998407,
        "var": 1.39033390951e-005
    },
    "spectral_entropy": {
        "mean": 7.92958974838,
        "var": 0.12263443321
    },
    "spectral_flux": {
        "mean": 0.103463031352,
        "var": 0.00310316472314
    },
    "spectral_kurtosis": {
        "mean": 4.91489696503,
        "var": 12.0113668442
    },
    "spectral_rms": {
        "mean": 0.00518062338233,
        "var": 5.92923333897e-006
    },
    "spectral_rolloff": {
        "mean": 2054.14501953,
        "var": 3630321
    },
    "spectral_skewness": {
        "mean": 1.6044563055,
        "var": 0.234563395381
    },
    "spectral_spread": {
        "mean": 4855433,
        "var": 4.08942962278e+012
    },
    "spectral_strongpeak": {
        "mean": 0.578974783421,
        "var": 1.25128412247
    },
    "zerocrossingrate": {
        "mean": 0.073358848691,
        "var": 0.00193242740352
    },
    "barkbands": {
        "mean": [0.00273221265525, 0.0153096867725, 0.00225388677791, 0.000489259313326, 0.000749495869968, 0.000817324093077, 0.000340242404491, 0.000200789101655, 0.000284029054455, 0.000327614980051, 0.00102254678495, 0.00103578832932, 0.00126086792443, 0.000804583600257, 0.000994225847535, 0.00150934851263, 0.00092757953098, 0.000540785142221, 0.000311623851303, 0.000253862584941, 0.000286187510937, 0.00028043569182, 0.00022944076045, 0.000275185535429, 0.000231910205912, 0.000105138336949, 1.3232692254e-005],
        "var": [2.16902626562e-005, 0.000442971679149, 2.53972375504e-005, 6.39870904706e-007, 1.84801217529e-006, 2.21866071115e-006, 4.79202128645e-007, 1.3527456133e-007, 1.4637767265e-007, 2.74845518788e-007, 1.24118996609e-005, 3.76293564841e-006, 9.31478462007e-006, 4.24398149335e-006, 4.83656731376e-006, 5.93987033426e-006, 3.25732821693e-006, 6.83206053509e-007, 1.94984380641e-007, 1.57151276881e-007, 1.9975398402e-007, 2.17659831492e-007, 1.517425261e-007, 2.79147315041e-007, 2.17492640786e-007, 2.510747521e-008, 6.0591148765e-010]
    },
    "erbbands": {
        "mean": [0.791084349155, 2.04996705055, 2.62844514847, 2.18506360054, 1.79523551464, 2.86852240562, 3.29323959351, 8.58855247498, 4.93747186661, 5.22102069855, 4.35840415955, 6.37149906158, 9.59381771088, 32.0046691895, 32.0145263672, 46.2632064819, 56.2968597412, 47.5766525269, 41.7373733521, 76.2968902588, 70.1704559326, 53.4279747009, 33.1623497009, 19.8093967438, 14.1959609985, 12.2435836792, 12.771191597, 10.0967407227, 9.71963310242, 8.82913398743, 6.59044933319, 5.8794670105, 4.46304893494, 3.00811815262, 1.42857253551, 0.589063644409, 0.156311526895, 0.0404181070626, 0.0011796412291, 7.07077997504e-005],
        "var": [1.32972311974, 8.24469661713, 27.3836154938, 14.98387146, 10.0980148315, 29.2311916351, 26.4015903473, 277.382843018, 91.9941635132, 117.233100891, 54.2185287476, 66.4905166626, 201.13973999, 16130.9267578, 3791.09301758, 6862.4375, 18190.6289063, 12271.6445313, 5943.69189453, 24588.8691406, 12617.7548828, 10433.4287109, 2688.18066406, 795.191894531, 485.831390381, 356.805664063, 359.178833008, 254.763687134, 232.529556274, 282.532836914, 132.606613159, 117.650993347, 79.0520629883, 39.5723648071, 7.54316568375, 1.00339281559, 0.0490861870348, 0.00369134894572, 5.09188203068e-006, 4.5328159004e-009]
    },
    "gfcc": {
        "mean": [6.44475460052, 58.0025634766, -122.080574036, 36.1099395752, -31.572259903, 32.0030059814, -31.9842357635, 13.1269159317, -18.2510356903, 10.0883522034, -12.1493806839, 11.6924953461, -8.43164348602],
        "cov": [[5910.42480469, -1546.92346191, 869.411132813, 485.382904053, 41.430519104, 597.046691895, -221.741851807, 316.221435547, -250.022476196, 326.979675293, -189.65045166, 241.724853516, -166.933731079], [-1546.92346191, 1920.85449219, -731.301879883, -377.81942749, -71.3068313599, -408.885040283, 67.0016174316, -358.826080322, 147.359619141, -307.347381592, 126.881126404, -184.339782715, 139.357894897], [869.411132813, -731.301879883, 1689.65368652, 447.557281494, 383.139282227, 546.53125, 238.764831543, 335.633514404, -150.160614014, 311.898529053, -93.967300415, 176.825775146, -192.111938477], [485.382904053, -377.81942749, 447.557281494, 480.506225586, 206.064254761, 139.50491333, 65.8857269287, 145.804702759, 31.1323661804, 91.7335891724, -49.8225326538, 29.4070205688, -57.8363647461], [41.430519104, -71.3068313599, 383.139282227, 206.064254761, 592.13293457, 259.889373779, 141.723297119, 180.614273071, 63.2305641174, 129.900939941, -18.0615024567, 91.2013092041, -29.2497596741], [597.046691895, -408.885040283, 546.53125, 139.50491333, 259.889373779, 419.941070557, 159.398117065, 178.735153198, -48.1686325073, 156.686416626, -18.5603256226, 101.658432007, -64.7944107056], [-221.741851807, 67.0016174316, 238.764831543, 65.8857269287, 141.723297119, 159.398117065, 238.017807007, 79.5151748657, 16.3566856384, 46.3035392761, 31.0205974579, 39.7857551575, -16.8871841431], [316.221435547, -358.826080322, 335.633514404, 145.804702759, 180.614273071, 178.735153198, 79.5151748657, 217.653030396, 14.7896203995, 108.313667297, -27.188331604, 78.0420761108, -27.7861156464], [-250.022476196, 147.359619141, -150.160614014, 31.1323661804, 63.2305641174, -48.1686325073, 16.3566856384, 14.7896203995, 133.822357178, -4.96217441559, 18.8885746002, -15.0734109879, 34.486618042], [326.979675293, -307.347381592, 311.898529053, 91.7335891724, 129.900939941, 156.686416626, 46.3035392761, 108.313667297, -4.96217441559, 165.69468689, 5.56727457047, 75.3222885132, -40.0502433777], [-189.65045166, 126.881126404, -93.967300415, -49.8225326538, -18.0615024567, -18.5603256226, 31.0205974579, -27.188331604, 18.8885746002, 5.56727457047, 82.6498260498, 14.506896019, 21.351644516], [241.724853516, -184.339782715, 176.825775146, 29.4070205688, 91.2013092041, 101.658432007, 39.7857551575, 78.0420761108, -15.0734109879, 75.3222885132, 14.506896019, 105.420936584, -6.2409491539], [-166.933731079, 139.357894897, -192.111938477, -57.8363647461, -29.2497596741, -64.7944107056, -16.8871841431, -27.7861156464, 34.486618042, -40.0502433777, 21.351644516, -6.2409491539, 73.2690429688]],
        "icov": [[0.000346260116203, -0.000193550193217, 0.00023877802596, -0.000508867145982, 0.000415281218011, -0.00080856285058, 0.000777976645622, -0.000250790355494, 0.000441870768555, -0.000415769260144, 0.000593681877945, -0.000785646843724, 0.000241201923927], [-0.000193550193217, 0.00205438071862, -0.000879449013155, 0.00149615562987, -0.00145243504085, 0.00167224975303, -0.00183163827751, 0.0023863890674, -0.0018270786386, 0.00239057629369, -0.00192965136375, 0.00188759120647, -0.00120165117551], [0.00023877802596, -0.000879449013155, 0.0023926126305, -0.001678145607, 0.00073285686085, -0.00148157950025, 6.12424046267e-005, -0.00149772386067, 0.00260886666365, -0.00258929375559, 0.00224033230916, -0.00170789111871, 0.00215233443305], [-0.000508867145982, 0.00149615562987, -0.001678145607, 0.00497823022306, -0.00184158014599, 0.00231181690469, -0.00179460051004, 0.000703248835634, -0.00318994210102, 0.00206371140666, -0.00126503687352, 0.00296946824528, -6.21005456196e-005], [0.000415281218011, -0.00145243504085, 0.00073285686085, -0.00184158014599, 0.00433617830276, -0.00301552913152, 0.00131281267386, -0.00192072510254, -0.000476962246466, -0.00202818540856, 0.00259551755153, -0.00304652075283, 0.000915034092031], [-0.00080856285058, 0.00167224975303, -0.00148157950025, 0.00231181690469, -0.00301552913152, 0.00948598328978, -0.00526595208794, 0.000310261762934, 0.000553720805328, -0.000293972727377, -0.00146578194108, 0.0022812965326, -0.000793594168499], [0.000777976645622, -0.00183163827751, 6.12424046267e-005, -0.00179460051004, 0.00131281267386, -0.00526595208794, 0.0103679643944, -0.00320889335126, 0.000188442951185, 0.000590595649555, -0.00243051978759, -0.00213784980588, 0.00180052011274], [-0.000250790355494, 0.0023863890674, -0.00149772386067, 0.000703248835634, -0.00192072510254, 0.000310261762934, -0.00320889335126, 0.0141321867704, -0.00496142776683, 0.000399216980441, 0.00217010825872, -0.00227331439964, -0.00262736249715], [0.000441870768555, -0.0018270786386, 0.00260886666365, -0.00318994210102, -0.000476962246466, 0.000553720805328, 0.000188442951185, -0.00496142776683, 0.0156277120113, -0.00538314459845, 0.000468491663923, 0.00162311026361, -0.00303109362721], [-0.000415769260144, 0.00239057629369, -0.00258929375559, 0.00206371140666, -0.00202818540856, -0.000293972727377, 0.000590595649555, 0.000399216980441, -0.00538314459845, 0.0183009617031, -0.00731933722273, -0.00223757163621, 0.00304338545538], [0.000593681877945, -0.00192965136375, 0.00224033230916, -0.00126503687352, 0.00259551755153, -0.00146578194108, -0.00243051978759, 0.00217010825872, 0.000468491663923, -0.00731933722273, 0.0221382882446, -0.0074948980473, -0.00141010305379], [-0.000785646843724, 0.00188759120647, -0.00170789111871, 0.00296946824528, -0.00304652075283, 0.0022812965326, -0.00213784980588, -0.00227331439964, 0.00162311026361, -0.00223757163621, -0.0074948980473, 0.0220571421087, -0.00599207077175], [0.000241201923927, -0.00120165117551, 0.00215233443305, -6.21005456196e-005, 0.000915034092031, -0.000793594168499, 0.00180052011274, -0.00262736249715, -0.00303109362721, 0.00304338545538, -0.00141010305379, -0.00599207077175, 0.0241507124156]]
    },
    "melbands": {
        "mean": [0.0054630972445, 0.00175234663766, 0.000372193346266, 0.000177123729372, 0.00011745372467, 0.00017805826792, 7.56787776481e-005, 5.44068279851e-005, 3.40612969012e-005, 4.24213067163e-005, 4.4849308324e-005, 0.00011907453154, 0.000108197433292, 0.000131409993628, 8.83716711542e-005, 0.000142502438393, 8.04501542007e-005, 6.23254600214e-005, 8.07134056231e-005, 0.000116867944598, 7.43368291296e-005, 5.80060077482e-005, 3.70591624232e-005, 2.47059615504e-005, 1.50850337377e-005, 1.10261134978e-005, 8.87025635166e-006, 7.82001188782e-006, 8.03921466286e-006, 6.65306697556e-006, 5.67253164263e-006, 5.57653947908e-006, 5.20416915606e-006, 4.61061154056e-006, 3.92756146539e-006, 3.23575909533e-006, 3.7311970118e-006, 3.18635193253e-006, 2.63444303528e-006, 2.4997411856e-006],
        "var": [5.99311169935e-005, 6.84769383952e-006, 4.07536504099e-007, 1.18559235318e-007, 3.11402104103e-008, 1.14365967363e-007, 2.20525677719e-008, 1.19889564942e-008, 3.28940408245e-009, 3.06820613361e-009, 4.6732679948e-009, 2.19506134158e-007, 7.62969420975e-008, 6.3230544356e-008, 2.34707009383e-008, 1.43989367984e-007, 5.04463635309e-008, 1.60612803057e-008, 3.19695523388e-008, 4.28761381954e-008, 1.57938000456e-008, 1.3494774187e-008, 4.61557059239e-009, 1.45207623703e-009, 4.98101726532e-010, 2.82620954417e-010, 2.64620769741e-010, 1.52526741237e-010, 1.43547493336e-010, 1.16796752825e-010, 8.32198546186e-011, 7.9896228522e-011, 8.16155198979e-011, 8.0765748256e-011, 5.24330266705e-011, 3.09591657865e-011, 5.21932566611e-011, 3.98750997499e-011, 2.95243066106e-011, 2.88305178342e-011]
    },
    "mfcc": {
        "mean": [-636.392211914, 93.9481124878, -17.1288127899, 17.6188297272, 20.8988780975, 21.0361728668, 7.50888681412, 10.6864175797, 6.03481626511, 0.124057434499, 2.34699320793, 7.0728969574, 7.75069904327],
        "cov": [[4971.24609375, -1253.4744873, 328.901733398, -11.5850658417, 221.823730469, 102.601005554, 4.86764955521, -11.0132741928, 12.1712188721, 16.7917404175, -56.2293930054, 56.236415863, -68.0735397339], [-1253.4744873, 1622.35290527, -456.073364258, -144.110733032, -181.870040894, -64.0020141602, -120.572418213, -47.7177963257, -97.7473602295, -88.5088043213, -43.2274971008, -98.0690536499, -16.889957428], [328.901733398, -456.073364258, 1117.45397949, 210.720581055, 153.448043823, 227.631240845, 325.007354736, 122.964790344, 82.9394607544, 86.0959091187, 104.709777832, 117.128051758, 4.59594869614], [-11.5850658417, -144.110733032, 210.720581055, 405.688903809, 184.687088013, 79.6116104126, 53.7092247009, 76.1315155029, 89.6012573242, 63.1182250977, 57.4416618347, 41.3291473389, 30.9260311127], [221.823730469, -181.870040894, 153.448043823, 184.687088013, 424.687469482, 177.629486084, 139.436279297, 105.743286133, 142.425430298, 86.5167541504, 66.9796295166, 73.4036254883, 51.8004188538], [102.601005554, -64.0020141602, 227.631240845, 79.6116104126, 177.629486084, 265.136047363, 197.907546997, 103.333259583, 77.5657272339, 63.5686798096, 76.2509384155, 77.1563949585, 39.547077179], [4.86764955521, -120.572418213, 325.007354736, 53.7092247009, 139.436279297, 197.907546997, 304.819885254, 134.337997437, 77.8000411987, 52.1419372559, 79.2494506836, 84.7817459106, 40.7189903259], [-11.0132741928, -47.7177963257, 122.964790344, 76.1315155029, 105.743286133, 103.333259583, 134.337997437, 158.141357422, 88.8472976685, 43.2706184387, 42.2512626648, 50.3584861755, 38.9755516052], [12.1712188721, -97.7473602295, 82.9394607544, 89.6012573242, 142.425430298, 77.5657272339, 77.8000411987, 88.8472976685, 141.012466431, 67.8798446655, 36.2401657104, 36.4740257263, 33.4453544617], [16.7917404175, -88.5088043213, 86.0959091187, 63.1182250977, 86.5167541504, 63.5686798096, 52.1419372559, 43.2706184387, 67.8798446655, 85.912399292, 48.2340927124, 28.7867832184, 18.4221038818], [-56.2293930054, -43.2274971008, 104.709777832, 57.4416618347, 66.9796295166, 76.2509384155, 79.2494506836, 42.2512626648, 36.2401657104, 48.2340927124, 83.1440429688, 51.0993728638, 21.1217460632], [56.236415863, -98.0690536499, 117.128051758, 41.3291473389, 73.4036254883, 77.1563949585, 84.7817459106, 50.3584861755, 36.4740257263, 28.7867832184, 51.0993728638, 88.0818939209, 41.4735450745], [-68.0735397339, -16.889957428, 4.59594869614, 30.9260311127, 51.8004188538, 39.547077179, 40.7189903259, 38.9755516052, 33.4453544617, 18.4221038818, 21.1217460632, 41.4735450745, 72.6157150269]],
        "icov": [[0.000283573259367, 0.00021580325847, -2.60232172877e-005, 0.000108512904262, -0.000172110158019, -0.000247160322033, 0.000236910418607, -9.8041666206e-005, 0.000181758281542, -1.38481045724e-005, 0.000459699949715, -0.000296924583381, 0.000404289690778], [0.00021580325847, 0.000953244394623, 0.000247481511906, 0.000127103514387, 8.35397440824e-005, -0.00060772272991, 0.00028411851963, -0.000359501864295, 0.000297496299027, 0.000677292235196, -0.000370054593077, 0.000798920053057, 1.74469039393e-006], [-2.60232172877e-005, 0.000247481511906, 0.00170869752765, -0.000802183349151, 0.000417746166931, -0.000210529542528, -0.00176362600178, 0.000427333725384, 0.000212986124097, -0.000605052278843, 0.000415805086959, -0.00111040042248, 0.00141154392622], [0.000108512904262, 0.000127103514387, -0.000802183349151, 0.00380934937857, -0.00133864104282, 4.07502011512e-005, 0.00173353007995, -0.00122993916739, -0.000426972721471, 0.00017253877013, -0.0017910603201, 0.000949379405938, -0.000687855819706], [-0.000172110158019, 8.35397440824e-005, 0.000417746166931, -0.00133864104282, 0.00491322204471, -0.00194065738469, -0.000499812827911, 0.000809468736406, -0.00309685571119, -0.000325013126712, 0.000272542849416, -0.000693866342772, -0.000374576135073], [-0.000247160322033, -0.00060772272991, -0.000210529542528, 4.07502011512e-005, -0.00194065738469, 0.00968359224498, -0.0042529576458, -0.000406970997574, 0.000716777227353, -0.00201353128068, -0.00148837501183, -0.0014745274093, -0.000207440345548], [0.000236910418607, 0.00028411851963, -0.00176362600178, 0.00173353007995, -0.000499812827911, -0.0042529576458, 0.0106827821583, -0.0049232612364, 7.66712983022e-005, 0.00226309616119, -0.00300770788454, -0.000414678419475, -0.000511340855155], [-9.8041666206e-005, -0.000359501864295, 0.000427333725384, -0.00122993916739, 0.000809468736406, -0.000406970997574, -0.0049232612364, 0.0144859347492, -0.00659216661006, 0.000926110020373, 0.000733280437998, -0.0014083085116, -0.00165667175315], [0.000181758281542, 0.000297496299027, 0.000212986124097, -0.000426972721471, -0.00309685571119, 0.000716777227353, 7.66712983022e-005, -0.00659216661006, 0.0185494031757, -0.0101394373924, 0.00357944378629, -7.67253513914e-005, -0.00124651996884], [-1.38481045724e-005, 0.000677292235196, -0.000605052278843, 0.00017253877013, -0.000325013126712, -0.00201353128068, 0.00226309616119, 0.000926110020373, -0.0101394373924, 0.0269816387445, -0.0131625812501, 0.00438533350825, -0.00117935985327], [0.000459699949715, -0.000370054593077, 0.000415805086959, -0.0017910603201, 0.000272542849416, -0.00148837501183, -0.00300770788454, 0.000733280437998, 0.00357944378629, -0.0131625812501, 0.0295832511038, -0.0128041384742, 0.00338915875182], [-0.000296924583381, 0.000798920053057, -0.00111040042248, 0.000949379405938, -0.000693866342772, -0.0014745274093, -0.000414678419475, -0.0014083085116, -7.67253513914e-005, 0.00438533350825, -0.0128041384742, 0.0279614031315, -0.0114627974108], [0.000404289690778, 1.74469039393e-006, 0.00141154392622, -0.000687855819706, -0.000374576135073, -0.000207440345548, -0.000511340855155, -0.00165667175315, -0.00124651996884, -0.00117935985327, 0.00338915875182, -0.0114627974108, 0.022344591096]]
    },
    "spectral_contrast_coeffs": {
        "mean": [-0.715273737907, -0.795446336269, -0.797623634338, -0.780390024185, -0.787474930286, -0.76412653923],
        "var": [0.00689664715901, 0.00260514975525, 0.00290600629523, 0.00241801911034, 0.00140571524389, 0.001726838178]
    },
    "spectral_contrast_valleys": {
        "mean": [-7.3685593605, -7.18402385712, -7.14997816086, -7.11987924576, -7.30449390411, -9.85655403137],
        "var": [1.40508425236, 0.915258347988, 0.904830932617, 1.05287206173, 1.05470967293, 1.76226174831]
    }
},
"metadata": {
    "audio_properties": {
        "analysis_sample_rate": 44100,
        "bit_rate": 128074,
        "equal_loudness": 0,
        "length": 45.0612258911,
        "lossless": 0,
        "replay_gain": -3.52857017517,
        "sample_rate": 44100,
        "codec": "mp3",
        "downmix": "mix",
        "md5_encoded": "83dee7b551cdccdce384eee6ad2873ce"
    },
    "tags": {
        "file_name": "1634.mp3"
    },
    "version": {
        "essentia": "2.1-beta2",
        "essentia_git_sha": "v2.1_beta2",
        "extractor": "music 1.0"
    }
},
"rhythm": {
    "beats_count": 97,
    "beats_loudness": {
        "mean": 0.0421446412802,
        "var": 0.000823152135126
    },
    "bpm": 129.960006714,
    "bpm_histogram_first_peak_bpm": {
        "mean": 129,
        "var": 0
    },
    "bpm_histogram_first_peak_spread": {
        "mean": 0.25,
        "var": 0
    },
    "bpm_histogram_first_peak_weight": {
        "mean": 0.75,
        "var": 0
    },
    "bpm_histogram_second_peak_bpm": {
        "mean": 0,
        "var": 0
    },
    "bpm_histogram_second_peak_spread": {
        "mean": 0,
        "var": 0
    },
    "bpm_histogram_second_peak_weight": {
        "mean": 0,
        "var": 0
    },
    "danceability": 1.30280852318,
    "onset_rate": 4.54731559753,
    "beats_loudness_band_ratio": {
        "mean": [0.408015966415, 0.106024496257, 0.0395190231502, 0.149740308523, 0.165619805455, 0.151603117585],
        "var": [0.0971261933446, 0.0130334086716, 0.00208841566928, 0.0124880960211, 0.0161431413144, 0.0122095793486]
    },
    "beats_position": [0.46439909935, 0.9287981987, 1.39319729805, 1.8575963974, 2.32199549675, 2.7863945961, 3.23918366432, 3.69197273254, 4.15637159348, 4.62077093124, 5.08516979218, 5.54956912994, 6.01396799088, 6.47836732864, 6.94276618958, 7.39555549622, 7.84834432602, 8.31274318695, 8.77714252472, 9.24154186249, 9.70594120026, 10.1703395844, 10.623128891, 11.0875282288, 11.5403175354, 12.0047159195, 12.4691152573, 12.933514595, 13.3979139328, 13.8623123169, 14.3267116547, 14.7911109924, 15.2439002991, 15.696688652, 16.1610889435, 16.6254863739, 17.0898857117, 17.5542850494, 18.0186843872, 18.4714736938, 18.9242630005, 19.3886623383, 19.853061676, 20.3174591064, 20.7818584442, 21.246257782, 21.7106571198, 22.1634464264, 22.616235733, 23.0806350708, 23.5450344086, 24.009431839, 24.4738311768, 24.9382305145, 25.3910198212, 25.8438091278, 26.3082084656, 26.7726078033, 27.2370071411, 27.7014045715, 28.1658039093, 28.6302032471, 29.0946025848, 29.5473918915, 30.0001811981, 30.4645805359, 30.9289798737, 31.3933773041, 31.8577766418, 32.322177887, 32.7865753174, 33.239364624, 33.6921539307, 34.1565513611, 34.6209526062, 35.0853500366, 35.5497512817, 36.0141487122, 36.4785499573, 36.9429473877, 37.3957366943, 37.848526001, 38.3129234314, 38.7773246765, 39.2417221069, 39.6945114136, 40.1589126587, 40.6349182129, 41.099319458, 41.5637168884, 42.0281181335, 42.492515564, 42.9453048706, 43.3980941772, 43.8624954224, 44.3268928528, 44.7912902832]
},
"tonal": {
    "chords_changes_rate": 0.0895061716437,
    "chords_number_rate": 0.00411522621289,
    "chords_strength": {
        "mean": 0.518308341503,
        "var": 0.00600988091901
    },
    "hpcp_entropy": {
        "mean": 2.57021212578,
        "var": 0.726565003395
    },
    "key_strength": 0.705022037029,
    "tuning_diatonic_strength": 0.561966896057,
    "tuning_equal_tempered_deviation": 0.227013379335,
    "tuning_frequency": 434.193115234,
    "tuning_nontempered_energy_ratio": 0.897548377514,
    "hpcp": {
        "mean": [0.209541961551, 0.213002443314, 0.18498891592, 0.213460862637, 0.226350396872, 0.163275212049, 0.133417263627, 0.129802018404, 0.129315271974, 0.15734295547, 0.184841513634, 0.150492861867, 0.117730766535, 0.121920481324, 0.130043923855, 0.182393506169, 0.165701046586, 0.0999415516853, 0.0904951542616, 0.0877115875483, 0.0872977301478, 0.0917355492711, 0.089082621038, 0.248914301395, 0.487330764532, 0.400310605764, 0.177264600992, 0.128749519587, 0.13283239305, 0.125468745828, 0.123094648123, 0.113923490047, 0.122912012041, 0.148140147328, 0.16409149766, 0.179746001959],
        "var": [0.080328643322, 0.0865439772606, 0.0682450383902, 0.0788298174739, 0.0813992843032, 0.0450235418975, 0.0396381132305, 0.0407996885478, 0.0404066704214, 0.0513472929597, 0.0631240382791, 0.0406810902059, 0.0261758994311, 0.0292940568179, 0.0306584034115, 0.0534349009395, 0.0459417700768, 0.0155583461747, 0.0160094667226, 0.0166270527989, 0.0141049819067, 0.0165100060403, 0.0172330215573, 0.051203366369, 0.168542459607, 0.0835707932711, 0.0470753610134, 0.0446615852416, 0.0495679602027, 0.038741633296, 0.0396432466805, 0.0362731553614, 0.0399259515107, 0.0559350587428, 0.0645138770342, 0.0733753442764]
    },
    "chords_histogram": [49.5884780884, 7.81893014908, 30.8641967773, 0, 0, 0, 0, 0, 0, 0, 0, 0, 0, 0, 0, 0, 0, 0.823045253754, 0, 10.9053497314, 0, 0, 0, 0],
    "thpcp": [1, 0.82143509388, 0.363745957613, 0.264193296432, 0.272571325302, 0.257461160421, 0.252589523792, 0.233770370483, 0.252214759588, 0.303982764482, 0.336714833975, 0.368837803602, 0.429978936911, 0.437079817057, 0.379596233368, 0.438020497561, 0.464469760656, 0.335039824247, 0.273771464825, 0.266353011131, 0.265354216099, 0.322866857052, 0.379293739796, 0.308810502291, 0.241582870483, 0.250180155039, 0.266849398613, 0.374270439148, 0.340017616749, 0.205079510808, 0.185695543885, 0.179983690381, 0.179134458303, 0.18824082613, 0.182797044516, 0.510770738125],
    "chords_key": "A#",
    "chords_scale": "major",
    "key_key": "A#",
    "key_scale": "major"
}
}