{
"lowlevel": {
    "average_loudness": 0.93458199501,
    "barkbands_crest": {
        "mean": 10.0230731964,
        "var": 25.5888748169
    },
    "barkbands_flatness_db": {
        "mean": 0.113926202059,
        "var": 0.00222904025577
    },
    "barkbands_kurtosis": {
        "mean": 5.00863218307,
        "var": 319.954284668
    },
    "barkbands_skewness": {
        "mean": 1.58904588223,
        "var": 2.60807347298
    },
    "barkbands_spread": {
        "mean": 29.5713329315,
        "var": 378.93069458
    },
    "dissonance": {
        "mean": 0.468743830919,
        "var": 0.000514254090376
    },
    "dynamic_complexity": 4.34845256805,
    "erbbands_crest": {
        "mean": 7.50056552887,
        "var": 17.231552124
    },
    "erbbands_flatness_db": {
        "mean": 0.124629184604,
        "var": 0.00208986294456
    },
    "erbbands_kurtosis": {
        "mean": -0.132170170546,
        "var": 8.2151222229
    },
    "erbbands_skewness": {
        "mean": 0.067687548697,
        "var": 0.526721835136
    },
    "erbbands_spread": {
        "mean": 48.9211463928,
        "var": 388.070220947
    },
    "hfc": {
        "mean": 21.9520702362,
        "var": 441.582122803
    },
    "melbands_crest": {
        "mean": 13.8718690872,
        "var": 39.9830245972
    },
    "melbands_flatness_db": {
        "mean": 0.176713302732,
        "var": 0.00348742096685
    },
    "melbands_kurtosis": {
        "mean": 15.2540235519,
        "var": 548.596252441
    },
    "melbands_skewness": {
        "mean": 2.93721938133,
        "var": 3.36408376694
    },
    "melbands_spread": {
        "mean": 29.9195671082,
        "var": 1010.95330811
    },
    "pitch_salience": {
        "mean": 0.560000121593,
        "var": 0.0196316670626
    },
    "silence_rate_20dB": {
        "mean": 1,
        "var": 0
    },
    "silence_rate_30dB": {
        "mean": 0.943872272968,
        "var": 0.0529778078198
    },
    "silence_rate_60dB": {
        "mean": 0.152935117483,
        "var": 0.129547819495
    },
    "spectral_centroid": {
        "mean": 1626.28125,
        "var": 642500.9375
    },
    "spectral_complexity": {
        "mean": 18.3424301147,
        "var": 132.130706787
    },
    "spectral_decrease": {
        "mean": -8.12231437664e-009,
        "var": 8.52036595867e-017
    },
    "spectral_energy": {
        "mean": 0.0326466225088,
        "var": 0.00128429604229
    },
    "spectral_energyband_high": {
        "mean": 0.000974901893642,
        "var": 2.35150355365e-006
    },
    "spectral_energyband_low": {
        "mean": 0.0148883163929,
        "var": 0.000801773974672
    },
    "spectral_energyband_middle_high": {
        "mean": 0.00484640477225,
        "var": 2.94787896564e-005
    },
    "spectral_energyband_middle_low": {
        "mean": 0.0129091385752,
        "var": 0.000159422008437
    },
    "spectral_entropy": {
        "mean": 7.80404615402,
        "var": 0.211654216051
    },
    "spectral_flux": {
        "mean": 0.0985091403127,
        "var": 0.00566836679354
    },
    "spectral_kurtosis": {
        "mean": 3.82999944687,
        "var": 7.31123590469
    },
    "spectral_rms": {
        "mean": 0.00487877009436,
        "var": 8.047945812e-006
    },
    "spectral_rolloff": {
        "mean": 2337.59155273,
        "var": 11032877
    },
    "spectral_skewness": {
        "mean": 1.4530813694,
        "var": 0.170955494046
    },
    "spectral_spread": {
        "mean": 5780993.5,
        "var": 6.40671914394e+012
    },
    "spectral_strongpeak": {
        "mean": 0.759798824787,
        "var": 0.964625000954
    },
    "zerocrossingrate": {
        "mean": 0.0910380557179,
        "var": 0.00721110869199
    },
    "barkbands": {
        "mean": [0.00126190704759, 0.00996236968786, 0.00291178328916, 0.00252294633538, 0.00396302901208, 0.00203756173141, 0.00168510200456, 0.00134555029217, 0.000929127272684, 0.000885151384864, 0.000602366868407, 0.000390487344703, 0.000426844286267, 0.00039352249587, 0.000382220197935, 0.000409363099607, 0.000733587832656, 0.000333180330927, 0.000308723276248, 0.000279615371255, 0.000180892791832, 0.000154920548084, 0.000127563660499, 0.000129923224449, 0.000144604840898, 0.000135333990329, 8.92496336746e-006],
        "var": [1.35499449243e-005, 0.000624029955361, 2.19731264224e-005, 1.25531314552e-005, 3.49357142113e-005, 1.30009793793e-005, 1.03076590676e-005, 8.18350235932e-006, 6.78141486787e-006, 4.15756494476e-006, 2.77305866803e-006, 9.64789023783e-007, 1.58945545081e-006, 1.13905730359e-006, 3.06450829157e-007, 4.49422060456e-007, 9.99026156023e-007, 3.02671907093e-007, 1.55356204345e-007, 1.23164952015e-007, 5.7097199857e-008, 4.45337242638e-008, 5.29313552988e-008, 1.43281923215e-007, 2.39526315227e-007, 9.6605823785e-008, 6.34596319937e-010]
    },
    "erbbands": {
        "mean": [0.272868186235, 2.26078629494, 3.58410549164, 6.82311630249, 10.8739738464, 13.0452861786, 13.9300508499, 15.8544683456, 24.4732627869, 29.6882839203, 25.2885951996, 23.0864334106, 26.1686401367, 25.6247444153, 21.6360015869, 18.0809268951, 20.7288513184, 21.0244808197, 17.8516368866, 23.5886745453, 29.5011634827, 31.6150569916, 22.2827396393, 13.721121788, 17.0985984802, 14.178776741, 8.23553180695, 6.29057073593, 5.55076217651, 4.75353384018, 3.45880842209, 2.68738651276, 2.16805243492, 1.67866706848, 0.997445225716, 0.592000544071, 0.244412556291, 0.0471721217036, 0.00101902615279, 6.82064201101e-005],
        "var": [0.491323113441, 32.1671714783, 40.3995857239, 75.4261627197, 204.037368774, 488.675720215, 581.050231934, 852.504394531, 2798.57885742, 3307.68920898, 2358.95825195, 4639.72753906, 3437.80639648, 5481.52441406, 2556.70166016, 2087.05273438, 3571.13842773, 3060.01586914, 956.846313477, 1065.3605957, 1817.74560547, 1584.96765137, 949.949035645, 382.247619629, 487.316558838, 328.673370361, 126.818595886, 64.829574585, 58.6505012512, 46.4274711609, 45.5615348816, 50.7477684021, 46.9289894104, 41.7529067993, 9.1673784256, 2.37727212906, 0.300065994263, 0.0124095687643, 5.77100036026e-006, 6.80014089482e-009]
    },
    "gfcc": {
        "mean": [2.47889232635, 65.0194168091, -101.641181946, 30.3439216614, -52.9161872864, 7.62947416306, -40.4793510437, 15.0510673523, -25.5501117706, 8.06740951538, -22.3126754761, 5.46764183044, -14.1114206314],
        "cov": [[9076.49707031, 1426.87756348, -316.412414551, 566.670410156, 352.322113037, 128.905593872, -39.9440040588, 55.3633995056, -139.708267212, -139.063217163, -52.5143623352, -89.6337432861, -139.846191406], [1426.87756348, 2223.77026367, -582.028259277, 266.805541992, 408.646026611, -208.553573608, 30.2379169464, -63.6376533508, 71.1523513794, -220.556930542, 34.2889938354, -180.646652222, 51.7595024109], [-316.412414551, -582.028259277, 892.496948242, 159.413787842, 33.5122413635, 206.392776489, 59.3285217285, -7.15149307251, -46.5922431946, 136.859390259, -20.447927475, 97.1523513794, -35.087928772], [566.670410156, 266.805541992, 159.413787842, 421.388977051, 123.642921448, 78.1948318481, 24.0891666412, -17.2876911163, 42.5004806519, -7.27412366867, 11.567858696, -2.83399367332, 22.3988800049], [352.322113037, 408.646026611, 33.5122413635, 123.642921448, 302.187713623, -3.43423604965, 33.9701919556, 0.578827738762, -9.05539512634, -19.2953624725, -31.8342933655, -16.3526554108, 9.96350860596], [128.905593872, -208.553573608, 206.392776489, 78.1948318481, -3.43423604965, 250.425048828, 77.7910079956, 7.56146287918, -9.62870979309, 17.6420707703, 9.82590484619, 30.6173820496, -11.678691864], [-39.9440040588, 30.2379169464, 59.3285217285, 24.0891666412, 33.9701919556, 77.7910079956, 163.737640381, 26.872297287, -1.18042159081, 7.50180912018, 2.49897933006, 8.3358335495, 4.50294733047], [55.3633995056, -63.6376533508, -7.15149307251, -17.2876911163, 0.578827738762, 7.56146287918, 26.872297287, 107.797279358, 54.2624397278, 27.1608486176, -1.30475902557, -0.213632926345, 2.73900699615], [-139.708267212, 71.1523513794, -46.5922431946, 42.5004806519, -9.05539512634, -9.62870979309, -1.18042159081, 54.2624397278, 140.572479248, 40.772895813, 30.0443935394, -4.78243637085, 14.3661050797], [-139.063217163, -220.556930542, 136.859390259, -7.27412366867, -19.2953624725, 17.6420707703, 7.50180912018, 27.1608486176, 40.772895813, 119.656829834, 39.5012207031, 32.515712738, -14.8590965271], [-52.5143623352, 34.2889938354, -20.447927475, 11.567858696, -31.8342933655, 9.82590484619, 2.49897933006, -1.30475902557, 30.0443935394, 39.5012207031, 100.214569092, 19.7116756439, -10.0538282394], [-89.6337432861, -180.646652222, 97.1523513794, -2.83399367332, -16.3526554108, 30.6173820496, 8.3358335495, -0.213632926345, -4.78243637085, 32.515712738, 19.7116756439, 68.2723236084, 10.543094635], [-139.846191406, 51.7595024109, -35.087928772, 22.3988800049, 9.96350860596, -11.678691864, 4.50294733047, 2.73900699615, 14.3661050797, -14.8590965271, -10.0538282394, 10.543094635, 72.1837005615]],
        "icov": [[0.00018511422968, -0.00022654273198, 0.000201767237741, -0.000328952737618, 0.00016230782785, -0.000292981014354, 0.000280919484794, -0.000526800169609, 0.00061276264023, -0.000437555689132, 0.000464266107883, -0.00049495883286, 0.000578822277021], [-0.00022654273198, 0.00177313818131, -2.96047855954e-005, 4.90177226311e-005, -0.00198104302399, 0.00127106846776, -0.00105096818879, 0.00156198511831, -0.00181086547673, 0.00279464479536, -0.0027131063398, 0.00302849151194, -0.00113908923231], [0.000201767237741, -2.96047855954e-005, 0.00270841293968, -0.00141760450788, -4.36954724137e-005, -0.00140255561564, 0.000188973659533, -0.000167063204572, 0.0017187645426, -0.00330213992856, 0.00236059213057, -0.00236619729549, 0.00159478280693], [-0.000328952737618, 4.90177226311e-005, -0.00141760450788, 0.00438002776355, -0.0013039438054, -0.000494637119118, -0.000127296632854, 0.0019009137759, -0.00290539930575, 0.00190090155229, -0.00172464270145, 0.00155403336976, -0.0021825612057], [0.00016230782785, -0.00198104302399, -4.36954724137e-005, -0.0013039438054, 0.00644141156226, -0.000617529614829, 0.000102728365164, -0.00189822784159, 0.00250199018046, -0.00327015877701, 0.00418680394068, -0.0028535220772, 0.00102375191636], [-0.000292981014354, 0.00127106846776, -0.00140255561564, -0.000494637119118, -0.000617529614829, 0.00718800537288, -0.0033472769428, 0.000930388923734, -0.00160140520893, 0.00360198807903, -0.00275866501033, 0.000970797031187, -5.14544663019e-005], [0.000280919484794, -0.00105096818879, 0.000188973659533, -0.000127296632854, 0.000102728365164, -0.0033472769428, 0.00860797148198, -0.00339989736676, 0.00234859948978, -0.00181421882007, 0.000958535238169, -0.00146602990571, -2.77567378362e-005], [-0.000526800169609, 0.00156198511831, -0.000167063204572, 0.0019009137759, -0.00189822784159, 0.000930388923734, -0.00339989736676, 0.0154260694981, -0.00791705492884, 0.000623949337751, -3.03797569359e-005, 0.00273377122357, -0.00147182680666], [0.00061276264023, -0.00181086547673, 0.0017187645426, -0.00290539930575, 0.00250199018046, -0.00160140520893, 0.00234859948978, -0.00791705492884, 0.0152988033369, -0.00785813014954, 0.00105257856194, -0.000943643739447, -0.00060583819868], [-0.000437555689132, 0.00279464479536, -0.00330213992856, 0.00190090155229, -0.00327015877701, 0.00360198807903, -0.00181421882007, 0.000623949337751, -0.00785813014954, 0.0213613267988, -0.00971484836191, 0.00143005687278, 0.000476256624097], [0.000464266107883, -0.0027131063398, 0.00236059213057, -0.00172464270145, 0.00418680394068, -0.00275866501033, 0.000958535238169, -3.03797569359e-005, 0.00105257856194, -0.00971484836191, 0.0193404220045, -0.0095835076645, 0.00532886432484], [-0.00049495883286, 0.00302849151194, -0.00236619729549, 0.00155403336976, -0.0028535220772, 0.000970797031187, -0.00146602990571, 0.00273377122357, -0.000943643739447, 0.00143005687278, -0.0095835076645, 0.0279451478273, -0.00915852095932], [0.000578822277021, -0.00113908923231, 0.00159478280693, -0.0021825612057, 0.00102375191636, -5.14544663019e-005, -2.77567378362e-005, -0.00147182680666, -0.00060583819868, 0.000476256624097, 0.00532886432484, -0.00915852095932, 0.0194506440312]]
    },
    "melbands": {
        "mean": [0.00272807735018, 0.00234952778555, 0.00126963923685, 0.000907622394152, 0.000504977419041, 0.000384141254472, 0.000363690371159, 0.000322365754982, 0.000205129079404, 0.000133192923386, 0.000126108745462, 0.000100098142866, 8.11289210105e-005, 4.36021582573e-005, 5.15836582053e-005, 3.79248231184e-005, 4.02935693273e-005, 2.77947929135e-005, 2.74445847026e-005, 3.05392386508e-005, 4.00089593313e-005, 3.5087352444e-005, 2.84133584501e-005, 1.55267352966e-005, 1.01837695183e-005, 1.13690030048e-005, 1.29558184199e-005, 8.10596884548e-006, 5.03013143316e-006, 4.52245194538e-006, 3.35433401233e-006, 3.10741893372e-006, 2.88968135465e-006, 2.55405757343e-006, 1.96391169993e-006, 1.83554084288e-006, 1.56205396706e-006, 1.43469333125e-006, 1.59062460625e-006, 1.37034703585e-006],
        "var": [4.64113363705e-005, 2.18718232645e-005, 2.26871975428e-006, 1.89489151126e-006, 6.88968043505e-007, 5.26750341123e-007, 5.63350795346e-007, 4.23118052595e-007, 1.67190506772e-007, 1.56555614694e-007, 8.63225864123e-008, 9.25926499917e-008, 4.76296371232e-008, 9.86025927574e-009, 2.00769036951e-008, 1.22255716661e-008, 1.24752999042e-008, 3.25355431485e-009, 1.5346506288e-009, 2.43316122805e-009, 3.93362276085e-009, 2.28198904217e-009, 2.11336348421e-009, 6.44279685158e-010, 2.51375642524e-010, 2.46435871709e-010, 2.72534605994e-010, 1.1876855055e-010, 5.55063148222e-011, 3.75676677267e-011, 2.10868926487e-011, 1.96611858738e-011, 1.58424315333e-011, 1.54606570602e-011, 1.40640927723e-011, 1.7314630632e-011, 2.17294498367e-011, 1.81481323025e-011, 4.85148622664e-011, 2.48467531272e-011]
    },
    "mfcc": {
        "mean": [-648.132263184, 104.876167297, 5.1986284256, 26.946439743, 7.79978704453, -0.251765429974, -2.7476131916, 2.24315237999, 2.87197327614, 1.48559296131, -1.38883137703, 0.763664126396, 1.54932069778],
        "cov": [[8870.03320313, 1149.10424805, -534.423828125, 500.068878174, 274.713592529, 107.204742432, 110.850982666, 157.810577393, -65.1506576538, -30.7379417419, -98.8981246948, -26.8544235229, 1.18798971176], [1149.10424805, 1552.22998047, -520.689331055, 295.784057617, 171.766784668, -55.6749191284, 14.8771734238, 17.7016716003, 17.4314041138, -17.4251995087, -102.382965088, -2.33925580978, 8.3307800293], [-534.423828125, -520.689331055, 715.788330078, 6.70478820801, 17.0283355713, 186.98626709, 80.8944244385, 8.9905166626, 9.18671703339, 4.22349691391, 74.9353942871, 31.32878685, 11.3251428604], [500.068878174, 295.784057617, 6.70478820801, 352.204833984, 139.424819946, 59.6730957031, 16.9012565613, 6.84309577942, 50.8319320679, -7.65625429153, -20.8645935059, 9.57092475891, 15.1108160019], [274.713592529, 171.766784668, 17.0283355713, 139.424819946, 215.916976929, 60.2768745422, 6.23425722122, 10.4031429291, 35.122505188, -3.02032089233, -17.8779888153, 2.05543375015, 16.5512390137], [107.204742432, -55.6749191284, 186.98626709, 59.6730957031, 60.2768745422, 212.892318726, 98.4543304443, 43.4011917114, 15.4281797409, -7.6731338501, 16.9151535034, 7.63860702515, -3.80330896378], [110.850982666, 14.8771734238, 80.8944244385, 16.9012565613, 6.23425722122, 98.4543304443, 163.51524353, 44.6780014038, 12.2679100037, -11.5109596252, -6.61951637268, 6.51262712479, -1.86459219456], [157.810577393, 17.7016716003, 8.9905166626, 6.84309577942, 10.4031429291, 43.4011917114, 44.6780014038, 98.5691070557, 32.8543815613, 13.2663030624, 2.35398864746, 0.145489349961, -5.81374454498], [-65.1506576538, 17.4314041138, 9.18671703339, 50.8319320679, 35.122505188, 15.4281797409, 12.2679100037, 32.8543815613, 130.026779175, 32.1615219116, -11.2140741348, 3.95091176033, 2.069211483], [-30.7379417419, -17.4251995087, 4.22349691391, -7.65625429153, -3.02032089233, -7.6731338501, -11.5109596252, 13.2663030624, 32.1615219116, 80.8708267212, 39.7628631592, 13.0402240753, 10.3898611069], [-98.8981246948, -102.382965088, 74.9353942871, -20.8645935059, -17.8779888153, 16.9151535034, -6.61951637268, 2.35398864746, -11.2140741348, 39.7628631592, 104.623680115, 45.9307518005, 12.4166603088], [-26.8544235229, -2.33925580978, 31.32878685, 9.57092475891, 2.05543375015, 7.63860702515, 6.51262712479, 0.145489349961, 3.95091176033, 13.0402240753, 45.9307518005, 81.8851165771, 33.3407592773], [1.18798971176, 8.3307800293, 11.3251428604, 15.1108160019, 16.5512390137, -3.80330896378, -1.86459219456, -5.81374454498, 2.069211483, 10.3898611069, 12.4166603088, 33.3407592773, 68.5680007935]],
        "icov": [[0.000142078089993, -3.09622191708e-005, 0.000101842859294, -0.000170943196281, -6.18533085799e-005, -5.83311339142e-005, -4.51242958661e-005, -0.000239639353822, 0.000244859344093, -7.16240028851e-005, 4.72209903819e-005, 9.85338556347e-006, 2.42193073063e-006], [-3.09622191708e-005, 0.00120017852169, 0.000842304143589, -0.000795325846411, -0.000511466700118, 0.000110175962618, -0.000454534834716, -7.08852749085e-005, 0.000422684679506, -0.000362525024684, 0.000667651242111, -0.000588863622397, 0.000209676523809], [0.000101842859294, 0.000842304143589, 0.00271822442301, -0.000532750796992, -0.000236939667957, -0.0017925951397, -0.000504973810166, 0.000486969569465, 4.18378367613e-005, 0.000177453883225, -0.000902519735973, -0.000129100109916, -0.000252280005952], [-0.000170943196281, -0.000795325846411, -0.000532750796992, 0.00482428260148, -0.00177373108454, -0.000687522464432, 0.000378216616809, 0.000897190184332, -0.00175630301237, 0.000892447831575, -0.000198947760509, -0.00015745087876, -0.000368848530343], [-6.18533085799e-005, -0.000511466700118, -0.000236939667957, -0.00177373108454, 0.00719729904085, -0.0021554462146, 0.00147870543879, 6.92525136401e-005, -0.00106181052979, 0.000169088423718, 0.000750736915506, 0.000446565303719, -0.00166421814356], [-5.83311339142e-005, 0.000110175962618, -0.0017925951397, -0.000687522464432, -0.0021554462146, 0.00964341685176, -0.00422754650936, -0.00193682184909, 0.000215013555135, 0.001119819819, -0.00174503645394, 0.000604006228969, 0.00105735985562], [-4.51242958661e-005, -0.000454534834716, -0.000504973810166, 0.000378216616809, 0.00147870543879, -0.00422754650936, 0.00982117466629, -0.00267173862085, -0.000241613422986, 0.000891572854016, 0.00182027183473, -0.00132357457187, -0.000308679038426], [-0.000239639353822, -7.08852749085e-005, 0.000486969569465, 0.000897190184332, 6.92525136401e-005, -0.00193682184909, -0.00267173862085, 0.0138452090323, -0.00327127776109, -0.00141079851892, -0.000721083721146, 0.000388798187487, 0.000965739018284], [0.000244859344093, 0.000422684679506, 4.18378367613e-005, -0.00175630301237, -0.00106181052979, 0.000215013555135, -0.000241613422986, -0.00327127776109, 0.0114922784269, -0.00607151072472, 0.0045085218735, -0.00228167511523, 0.00117504561786], [-7.16240028851e-005, -0.000362525024684, 0.000177453883225, 0.000892447831575, 0.000169088423718, 0.001119819819, 0.000891572854016, -0.00141079851892, -0.00607151072472, 0.0198658462614, -0.00980113632977, 0.00346113904379, -0.00298986514099], [4.72209903819e-005, 0.000667651242111, -0.000902519735973, -0.000198947760509, 0.000750736915506, -0.00174503645394, 0.00182027183473, -0.000721083721146, 0.0045085218735, -0.00980113632977, 0.0199092775583, -0.0105099743232, 0.00267553003505], [9.85338556347e-006, -0.000588863622397, -0.000129100109916, -0.00015745087876, 0.000446565303719, 0.000604006228969, -0.00132357457187, 0.000388798187487, -0.00228167511523, 0.00346113904379, -0.0105099743232, 0.0213807802647, -0.00889858882874], [2.42193073063e-006, 0.000209676523809, -0.000252280005952, -0.000368848530343, -0.00166421814356, 0.00105735985562, -0.000308679038426, 0.000965739018284, 0.00117504561786, -0.00298986514099, 0.00267553003505, -0.00889858882874, 0.0194753203541]]
    },
    "spectral_contrast_coeffs": {
        "mean": [-0.660649895668, -0.736690938473, -0.777883052826, -0.783080816269, -0.780579864979, -0.774967372417],
        "var": [0.00791575666517, 0.00661377655342, 0.00497088208795, 0.00345568777993, 0.00253032846376, 0.00151997921057]
    },
    "spectral_contrast_valleys": {
        "mean": [-7.36532783508, -6.84558486938, -7.5498342514, -7.86993074417, -7.56491279602, -9.90246295929],
        "var": [2.15577960014, 1.1995985508, 1.18346166611, 1.08698236942, 1.09050917625, 1.11934244633]
    }
},
"metadata": {
    "audio_properties": {
        "analysis_sample_rate": 44100,
        "bit_rate": 128074,
        "equal_loudness": 0,
        "length": 45.0612258911,
        "lossless": 0,
        "replay_gain": -5.29541397095,
        "sample_rate": 44100,
        "codec": "mp3",
        "downmix": "mix",
        "md5_encoded": "b2d5abf5a32073020fd9b0c7cfb42dec"
    },
    "tags": {
        "file_name": "1635.mp3"
    },
    "version": {
        "essentia": "2.1-beta2",
        "essentia_git_sha": "v2.1_beta2",
        "extractor": "music 1.0"
    }
},
"rhythm": {
    "beats_count": 95,
    "beats_loudness": {
        "mean": 0.06995729357,
        "var": 0.00170711358078
    },
    "bpm": 128.00869751,
    "bpm_histogram_first_peak_bpm": {
        "mean": 129,
        "var": 0
    },
    "bpm_histogram_first_peak_spread": {
        "mean": 0.377777785063,
        "var": 0
    },
    "bpm_histogram_first_peak_weight": {
        "mean": 0.595744669437,
        "var": 0
    },
    "bpm_histogram_second_peak_bpm": {
        "mean": 123,
        "var": 0
    },
    "bpm_histogram_second_peak_spread": {
        "mean": 0,
        "var": 0
    },
    "bpm_histogram_second_peak_weight": {
        "mean": 0.021276595071,
        "var": 0
    },
    "danceability": 1.44046342373,
    "onset_rate": 4.63604354858,
    "beats_loudness_band_ratio": {
        "mean": [0.658823370934, 0.132944256067, 0.0878474786878, 0.0446481667459, 0.0563533380628, 0.0644022002816],
        "var": [0.0504730567336, 0.0097306156531, 0.0109841208905, 0.0035680688452, 0.00244678836316, 0.0102563798428]
    },
    "beats_position": [0.522448956966, 1.04489791393, 1.57895684242, 2.06657600403, 2.54258489609, 3.01859402657, 3.48299312592, 3.94739222527, 4.41179132462, 4.87619018555, 5.34058952332, 5.80498838425, 6.26938772202, 6.7570066452, 7.22140598297, 7.6858048439, 8.16181373596, 8.63782310486, 9.10222244263, 9.57823085785, 10.0542402267, 10.5186395645, 10.9830379486, 11.4474372864, 11.9234466553, 12.3994560242, 12.8638544083, 13.3398637772, 13.8158731461, 14.2802715302, 14.7446708679, 15.2090702057, 15.6734695435, 16.1494789124, 16.6254863739, 17.0898857117, 17.5542850494, 18.0302944183, 18.5063037872, 18.970703125, 19.4351024628, 19.8994998932, 20.363899231, 20.8282985687, 21.3043079376, 21.7803173065, 22.2447166443, 22.7091159821, 23.1735134125, 23.6495227814, 24.1255321503, 24.589931488, 25.0543308258, 25.5187301636, 25.9831295013, 26.4475269318, 26.9119262695, 27.3879356384, 27.8639450073, 28.3283443451, 28.7927436829, 29.2571430206, 29.7215423584, 30.1975498199, 30.6735591888, 31.1379585266, 31.6023578644, 32.0667572021, 32.5311546326, 32.9955558777, 33.4599533081, 33.935962677, 34.4003639221, 34.8763694763, 35.3407707214, 35.8167800903, 36.2927894592, 36.7571868896, 37.2215881348, 37.6859855652, 38.1619949341, 38.638004303, 39.1140136719, 39.5900230408, 40.0544204712, 40.5304298401, 41.006439209, 41.4708366394, 41.9352378845, 42.4112472534, 42.8872566223, 43.3516540527, 43.8160552979, 44.2804527283, 44.7448501587]
},
"tonal": {
    "chords_changes_rate": 0.0689300447702,
    "chords_number_rate": 0.0113168722019,
    "chords_strength": {
        "mean": 0.552627205849,
        "var": 0.00790175609291
    },
    "hpcp_entropy": {
        "mean": 2.23493671417,
        "var": 0.649753928185
    },
    "key_strength": 0.747099876404,
    "tuning_diatonic_strength": 0.631163954735,
    "tuning_equal_tempered_deviation": 0.144340708852,
    "tuning_frequency": 443.828887939,
    "tuning_nontempered_energy_ratio": 0.827795565128,
    "hpcp": {
        "mean": [0.231199711561, 0.136310622096, 0.0893547236919, 0.0779071599245, 0.0838400349021, 0.152444466949, 0.18188855052, 0.155935615301, 0.23709769547, 0.279151797295, 0.178860589862, 0.106785662472, 0.101739019156, 0.12335460633, 0.197416722775, 0.23129402101, 0.160755649209, 0.109646238387, 0.098241314292, 0.124708861113, 0.23607429862, 0.247684970498, 0.168968781829, 0.140489548445, 0.0913781374693, 0.0505335889757, 0.053272139281, 0.0624367147684, 0.0901356562972, 0.217148423195, 0.252757579088, 0.149548590183, 0.112152040005, 0.117298685014, 0.142138674855, 0.224591761827],
        "var": [0.0888068005443, 0.0410539768636, 0.0326141640544, 0.0302045829594, 0.0248733665794, 0.0473096072674, 0.0631253346801, 0.0418555177748, 0.0889832377434, 0.118830010295, 0.065511494875, 0.0344917029142, 0.033186558634, 0.0420556627214, 0.0637715309858, 0.0864346772432, 0.0494832508266, 0.0395832285285, 0.0386575274169, 0.0382873080671, 0.0868963226676, 0.0992072746158, 0.0516421310604, 0.0628424137831, 0.0292490683496, 0.0106455972418, 0.0115622822195, 0.0162314064801, 0.0208091661334, 0.0821792408824, 0.100722946227, 0.043350353837, 0.0413063056767, 0.0457736290991, 0.0490248277783, 0.0837154537439]
    },
    "chords_histogram": [16.1522636414, 9.05349826813, 11.728395462, 1.54320991039, 0.102880656719, 0, 0, 6.58436203003, 0.308641970158, 8.84773635864, 11.6255140305, 2.36625504494, 0, 0, 0, 0, 0, 6.48148155212, 0, 0, 0, 9.67078208923, 0, 15.5349798203],
    "thpcp": [1, 0.640728771687, 0.382536172867, 0.364457696676, 0.441890776157, 0.707202076912, 0.828560054302, 0.575871825218, 0.392783552408, 0.351927936077, 0.446742117405, 0.845684349537, 0.887277007103, 0.605293571949, 0.503272950649, 0.327342092991, 0.181025490165, 0.190835744143, 0.223665818572, 0.322891205549, 0.777886509895, 0.905448496342, 0.53572499752, 0.401760041714, 0.420196771622, 0.509180605412, 0.804550647736, 0.828222155571, 0.488302856684, 0.320093661547, 0.279085278511, 0.300338506699, 0.546098828316, 0.651575803757, 0.558605074883, 0.849350392818],
    "chords_key": "C",
    "chords_scale": "major",
    "key_key": "C",
    "key_scale": "major"
}
}