{
"lowlevel": {
    "average_loudness": 0.919827818871,
    "barkbands_crest": {
        "mean": 10.196770668,
        "var": 10.6935691833
    },
    "barkbands_flatness_db": {
        "mean": 0.148758620024,
        "var": 0.00109201658051
    },
    "barkbands_kurtosis": {
        "mean": 10.0045852661,
        "var": 80.2341918945
    },
    "barkbands_skewness": {
        "mean": 2.4349603653,
        "var": 1.04102241993
    },
    "barkbands_spread": {
        "mean": 12.6083183289,
        "var": 47.2590675354
    },
    "dissonance": {
        "mean": 0.445118278265,
        "var": 0.000878241902683
    },
    "dynamic_complexity": 2.1653444767,
    "erbbands_crest": {
        "mean": 9.20327663422,
        "var": 12.1994247437
    },
    "erbbands_flatness_db": {
        "mean": 0.137604281306,
        "var": 0.00104869389907
    },
    "erbbands_kurtosis": {
        "mean": 1.64614069462,
        "var": 6.98467063904
    },
    "erbbands_skewness": {
        "mean": 1.06586098671,
        "var": 0.416020870209
    },
    "erbbands_spread": {
        "mean": 35.5003242493,
        "var": 204.763214111
    },
    "hfc": {
        "mean": 16.0320625305,
        "var": 83.9222640991
    },
    "melbands_crest": {
        "mean": 12.9648885727,
        "var": 14.678404808
    },
    "melbands_flatness_db": {
        "mean": 0.236663907766,
        "var": 0.00201263604686
    },
    "melbands_kurtosis": {
        "mean": 19.2052688599,
        "var": 318.068084717
    },
    "melbands_skewness": {
        "mean": 2.96341180801,
        "var": 1.50924956799
    },
    "melbands_spread": {
        "mean": 10.8276929855,
        "var": 38.9970626831
    },
    "pitch_salience": {
        "mean": 0.574351191521,
        "var": 0.00700121372938
    },
    "silence_rate_20dB": {
        "mean": 1,
        "var": 0
    },
    "silence_rate_30dB": {
        "mean": 0.995880544186,
        "var": 0.00410253182054
    },
    "silence_rate_60dB": {
        "mean": 0.0242018532008,
        "var": 0.0236160904169
    },
    "spectral_centroid": {
        "mean": 648.494262695,
        "var": 123775.546875
    },
    "spectral_complexity": {
        "mean": 14.5411949158,
        "var": 20.7323970795
    },
    "spectral_decrease": {
        "mean": -9.48969258729e-009,
        "var": 3.37131189844e-017
    },
    "spectral_energy": {
        "mean": 0.0372704379261,
        "var": 0.000507613294758
    },
    "spectral_energyband_high": {
        "mean": 0.000400844495744,
        "var": 1.95943826498e-007
    },
    "spectral_energyband_low": {
        "mean": 0.0123648894951,
        "var": 0.000132921602926
    },
    "spectral_energyband_middle_high": {
        "mean": 0.0032427245751,
        "var": 5.98683391217e-006
    },
    "spectral_energyband_middle_low": {
        "mean": 0.022637559101,
        "var": 0.000226402509725
    },
    "spectral_entropy": {
        "mean": 7.29299926758,
        "var": 0.0976960062981
    },
    "spectral_flux": {
        "mean": 0.0811192542315,
        "var": 0.00138349772897
    },
    "spectral_kurtosis": {
        "mean": 5.21747922897,
        "var": 4.17832231522
    },
    "spectral_rms": {
        "mean": 0.00571632105857,
        "var": 3.68508221982e-006
    },
    "spectral_rolloff": {
        "mean": 651.030761719,
        "var": 444909.78125
    },
    "spectral_skewness": {
        "mean": 2.00339794159,
        "var": 0.100530363619
    },
    "spectral_spread": {
        "mean": 5743377,
        "var": 2.94330905395e+012
    },
    "spectral_strongpeak": {
        "mean": 0.76189404726,
        "var": 0.355412483215
    },
    "zerocrossingrate": {
        "mean": 0.046073935926,
        "var": 0.000564281770494
    },
    "barkbands": {
        "mean": [9.37440272537e-005, 0.00681489147246, 0.00418535852805, 0.00256069027819, 0.00961685087532, 0.00598896387964, 0.00183080905117, 0.0015724216355, 0.000894553610124, 0.000813020858914, 0.000719623407349, 0.000499965972267, 0.000445706100436, 0.000178396192496, 0.000199942034669, 0.00015469219943, 0.00010706239118, 8.55480975588e-005, 7.94384686742e-005, 5.24383140146e-005, 4.65700941277e-005, 4.43104181613e-005, 5.84891786275e-005, 5.88171242271e-005, 6.90813467372e-005, 8.62071028678e-005, 1.28753626996e-005],
        "var": [4.48686527932e-008, 5.97215366724e-005, 2.64877126028e-005, 1.52722404891e-005, 7.95266751084e-005, 3.66084605048e-005, 5.42250973012e-006, 1.00048255263e-005, 3.18975367009e-006, 7.7724411085e-007, 2.12902091334e-006, 4.80165795125e-007, 2.76822447631e-007, 6.64340262801e-008, 6.96198085848e-008, 3.62351109118e-008, 1.16986296206e-008, 7.46127337692e-009, 5.25881027613e-009, 2.23125828924e-009, 2.97175350994e-009, 1.91296556373e-009, 3.002921245e-009, 3.57298923781e-009, 1.29966002405e-008, 2.90550303816e-008, 1.02203534524e-009]
    },
    "erbbands": {
        "mean": [0.116120234132, 1.79731810093, 5.12672424316, 6.9895825386, 17.5567436218, 37.0817527771, 54.7392158508, 37.0431213379, 29.391078949, 26.3973560333, 36.719329834, 20.8245944977, 14.3057346344, 36.9353713989, 24.5825767517, 23.9787254333, 21.6847476959, 12.7173137665, 10.8903036118, 8.22714138031, 8.67161560059, 4.99767446518, 5.23556041718, 3.83824849129, 3.89283108711, 2.22849392891, 1.95778870583, 1.8051251173, 1.50664556026, 1.73977816105, 1.59278035164, 1.20689225197, 1.01115787029, 0.756588160992, 0.504696071148, 0.306000322104, 0.166440054774, 0.0464818254113, 0.00122361490503, 6.95910348441e-005],
        "var": [0.0265272296965, 4.00147342682, 32.3281784058, 80.8627471924, 414.786895752, 1466.95422363, 3563.39404297, 1962.09912109, 1053.72167969, 1887.54370117, 4793.28027344, 988.132324219, 242.944366455, 2757.74194336, 1117.14831543, 1078.57714844, 618.854614258, 192.479873657, 219.876495361, 72.6482009888, 86.0119018555, 19.7777900696, 30.4263324738, 11.6445455551, 12.4143352509, 4.07728910446, 4.00432014465, 5.59684801102, 2.23183655739, 2.72494459152, 2.12619614601, 1.26103138924, 1.38168489933, 1.47273302078, 0.73831564188, 0.229928165674, 0.125709280372, 0.0122632551938, 8.97378504305e-006, 5.01450614365e-009]
    },
    "gfcc": {
        "mean": [17.9162006378, 91.7058563232, -80.0518951416, 14.3329772949, -58.8064079285, 12.9128074646, -47.0777244568, 3.32263159752, -33.811580658, 4.37900209427, -16.1886386871, 9.98834896088, -14.1041345596],
        "cov": [[3040.4753418, 430.928314209, 329.484161377, 141.001907349, 205.144927979, 134.76524353, 126.693885803, 111.169502258, -54.0222091675, -18.8236255646, 12.5587797165, -6.79304504395, -53.9239387512], [430.928314209, 628.468017578, 163.888153076, 155.277099609, 132.222915649, 82.4634628296, 99.1211242676, 40.2806472778, -3.57231879234, -55.4810218811, 66.8503570557, -32.9486160278, 6.35935306549], [329.484161377, 163.888153076, 974.649353027, 435.800048828, 174.886566162, 139.855331421, 125.995185852, 62.2887115479, -122.272651672, -64.0874862671, 25.4531650543, -34.206363678, -77.8570175171], [141.001907349, 155.277099609, 435.800048828, 372.766815186, 148.362503052, 63.1394462585, 47.136138916, 29.0859031677, -59.3694610596, -42.8756065369, 22.7875404358, -8.7113237381, -2.56963801384], [205.144927979, 132.222915649, 174.886566162, 148.362503052, 183.434234619, 76.729850769, 49.6939201355, 2.52559685707, -25.7540054321, -10.5012426376, 25.5397777557, 25.3662548065, 17.7621231079], [134.76524353, 82.4634628296, 139.855331421, 63.1394462585, 76.729850769, 125.065109253, 57.8812332153, 17.9508609772, -28.6207141876, -7.46727275848, 28.217464447, 2.2155983448, -4.30685567856], [126.693885803, 99.1211242676, 125.995185852, 47.136138916, 49.6939201355, 57.8812332153, 106.03603363, 36.8149986267, -12.9046478271, -5.95111656189, 18.8410720825, 6.94506502151, -10.7551107407], [111.169502258, 40.2806472778, 62.2887115479, 29.0859031677, 2.52559685707, 17.9508609772, 36.8149986267, 80.2726974487, 19.5052871704, -15.9239387512, 2.59512519836, -18.0206851959, -16.017162323], [-54.0222091675, -3.57231879234, -122.272651672, -59.3694610596, -25.7540054321, -28.6207141876, -12.9046478271, 19.5052871704, 79.7563400269, 32.381477356, -8.61552143097, -4.54491519928, 5.67663764954], [-18.8236255646, -55.4810218811, -64.0874862671, -42.8756065369, -10.5012426376, -7.46727275848, -5.95111656189, -15.9239387512, 32.381477356, 64.2791137695, 10.4815235138, 10.5203123093, -1.77834415436], [12.5587797165, 66.8503570557, 25.4531650543, 22.7875404358, 25.5397777557, 28.217464447, 18.8410720825, 2.59512519836, -8.61552143097, 10.4815235138, 56.7282867432, 22.2099456787, 2.14817738533], [-6.79304504395, -32.9486160278, -34.206363678, -8.7113237381, 25.3662548065, 2.2155983448, 6.94506502151, -18.0206851959, -4.54491519928, 10.5203123093, 22.2099456787, 74.7065811157, 47.7629432678], [-53.9239387512, 6.35935306549, -77.8570175171, -2.56963801384, 17.7621231079, -4.30685567856, -10.7551107407, -16.017162323, 5.67663764954, -1.77834415436, 2.14817738533, 47.7629432678, 84.6829528809]],
        "icov": [[0.000486926437588, -0.00064245442627, -1.27910443553e-005, 0.000249152333708, -0.000379196222639, -0.000139827898238, 0.000641608028673, -0.00144037487917, 0.00135141320061, -0.0013589541195, 0.00151660083793, -0.00112170784269, 0.000710649241228], [-0.00064245442627, 0.00467201415449, 3.4910368413e-005, -0.000593312666751, -0.00129542767536, 0.000883335189428, -0.00447193346918, 0.00466464785859, -0.00573068996891, 0.00710986554623, -0.00866693910211, 0.00738527160138, -0.00352701870725], [-1.27910443553e-005, 3.4910368413e-005, 0.00321099977009, -0.00329290423542, 0.000422168523073, -0.00122008426115, -0.00126660382375, -0.00084357225569, 0.00225919019431, -0.000487105600769, 0.0014851889573, -0.00111978268251, 0.00280270026997], [0.000249152333708, -0.000593312666751, -0.00329290423542, 0.00850885920227, -0.00471670972183, 0.00240768468939, 0.00215640501119, -0.00251415371895, 0.00206762249582, -0.000282272521872, -0.00153228966519, 0.00268374849111, -0.00327530829236], [-0.000379196222639, -0.00129542767536, 0.000422168523073, -0.00471670972183, 0.0128614669666, -0.00556787056848, -0.00104189885315, 0.00310823391192, -0.00194963475224, -0.000295005738735, 0.00243600294925, -0.00564457802102, 0.00082192098489], [-0.000139827898238, 0.000883335189428, -0.00122008426115, 0.00240768468939, -0.00556787056848, 0.0156074538827, -0.00502374814823, -0.00113276671618, 0.00318529736251, -0.0003783115244, -0.00676345545799, 0.00636644195765, -0.00373542285524], [0.000641608028673, -0.00447193346918, -0.00126660382375, 0.00215640501119, -0.00104189885315, -0.00502374814823, 0.0210150983185, -0.0120312971994, 0.00743714300916, -0.00846414454281, 0.00801619980484, -0.0105928368866, 0.00509666651487], [-0.00144037487917, 0.00466464785859, -0.00084357225569, -0.00251415371895, 0.00310823391192, -0.00113276671618, -0.0120312971994, 0.0303784329444, -0.0210118591785, 0.0188452415168, -0.0124057754874, 0.00967285316437, -0.00194781273603], [0.00135141320061, -0.00573068996891, 0.00225919019431, 0.00206762249582, -0.00194963475224, 0.00318529736251, 0.00743714300916, -0.0210118591785, 0.0365804098547, -0.02532610856, 0.0146682374179, -0.0052643767558, 0.000585111440159], [-0.0013589541195, 0.00710986554623, -0.000487105600769, -0.000282272521872, -0.000295005738735, -0.0003783115244, -0.00846414454281, 0.0188452415168, -0.02532610856, 0.0391546785831, -0.0193200446665, 0.0070888097398, -0.00031176340417], [0.00151660083793, -0.00866693910211, 0.0014851889573, -0.00153228966519, 0.00243600294925, -0.00676345545799, 0.00801619980484, -0.0124057754874, 0.0146682374179, -0.0193200446665, 0.0424369387329, -0.0241718031466, 0.0119201634079], [-0.00112170784269, 0.00738527160138, -0.00111978268251, 0.00268374849111, -0.00564457802102, 0.00636644195765, -0.0105928368866, 0.00967285316437, -0.0052643767558, 0.0070888097398, -0.0241718031466, 0.041735522449, -0.0226497929543], [0.000710649241228, -0.00352701870725, 0.00280270026997, -0.00327530829236, 0.00082192098489, -0.00373542285524, 0.00509666651487, -0.00194781273603, 0.000585111440159, -0.00031176340417, 0.0119201634079, -0.0226497929543, 0.0273468513042]]
    },
    "melbands": {
        "mean": [0.00149529776536, 0.00269094482064, 0.00144320330583, 0.00201843073592, 0.00181573163718, 0.000899947131984, 0.000440931675257, 0.000290890719043, 0.000298115948681, 0.000116793467896, 6.75760093145e-005, 0.000148891340359, 8.28116681078e-005, 6.44191532047e-005, 4.45878067694e-005, 4.97889013786e-005, 1.99882651941e-005, 1.64214288816e-005, 1.25910100905e-005, 1.20751246868e-005, 9.81997436611e-006, 5.48263687961e-006, 4.65740458822e-006, 4.05033779316e-006, 2.95486256618e-006, 3.0992309803e-006, 2.29778856919e-006, 1.31574188345e-006, 1.27892337787e-006, 1.10940675313e-006, 1.00393378943e-006, 7.88443912825e-007, 9.38058121847e-007, 9.71785880211e-007, 9.06630077679e-007, 9.18358125546e-007, 6.81928611357e-007, 6.72743169616e-007, 7.3159577596e-007, 6.10270149082e-007],
        "var": [3.07728714688e-006, 7.32452872398e-006, 2.62557091446e-006, 4.36260825154e-006, 3.32848571816e-006, 9.72438215285e-007, 2.45945471988e-007, 2.73859114941e-007, 3.28003949335e-007, 3.30110161428e-008, 5.94206861493e-009, 4.25125641357e-008, 1.8014640446e-008, 7.00776947582e-009, 2.74068434614e-009, 3.95727450808e-009, 8.03693112061e-010, 5.07553721274e-010, 2.11615641676e-010, 2.43143616352e-010, 1.17942128286e-010, 2.6126323327e-011, 3.30153022976e-011, 1.52506375584e-011, 8.22923760385e-012, 8.16777982054e-012, 5.28313547424e-012, 1.66355883062e-012, 1.70833020039e-012, 2.21923000809e-012, 1.60089769132e-012, 7.33314396619e-013, 7.75561797943e-013, 9.12443514842e-013, 7.21026428667e-013, 1.28846521126e-012, 4.83582900286e-013, 5.94583789756e-013, 9.65533208941e-013, 1.31647557439e-012]
    },
    "mfcc": {
        "mean": [-641.398681641, 135.678482056, 26.659910202, 12.2862062454, 7.8540854454, 4.31736660004, -1.11679255962, -1.02667748928, -10.6347122192, -6.75866031647, -5.20331048965, -2.38257479668, 1.23690986633],
        "cov": [[2204.28125, 442.829956055, 3.71492767334, 67.8636398315, 101.838256836, 50.6866874695, 145.829650879, 95.6797637939, 60.1663322449, 76.6805114746, 2.63319945335, 9.28098201752, 8.37678527832], [442.829956055, 483.561981201, 82.7317657471, 71.2192306519, 60.2579917908, 55.5160179138, 109.180160522, 82.5912475586, 1.79808759689, 34.0470848083, 12.6093988419, 11.7527179718, 10.8775968552], [3.71492767334, 82.7317657471, 757.525939941, 332.912109375, 194.05368042, 92.5118560791, 252.872009277, 112.744422913, -10.6408843994, 23.9181861877, 20.8609237671, 33.9404716492, -16.2032775879], [67.8636398315, 71.2192306519, 332.912109375, 337.074615479, 161.044021606, 74.7068405151, 129.181060791, 69.0093536377, 3.74276900291, -3.36227583885, -20.0956325531, 8.15275478363, 2.85880374908], [101.838256836, 60.2579917908, 194.05368042, 161.044021606, 185.745697021, 77.3898620605, 100.570388794, 47.2113265991, 0.487821638584, 2.56573200226, -17.6193294525, 3.52992010117, 2.79983639717], [50.6866874695, 55.5160179138, 92.5118560791, 74.7068405151, 77.3898620605, 127.460189819, 86.4974822998, 17.0276222229, -4.44263458252, -13.7402515411, -10.8386926651, 3.83161878586, 15.9829111099], [145.829650879, 109.180160522, 252.872009277, 129.181060791, 100.570388794, 86.4974822998, 200.60597229, 89.0710830688, -10.5182027817, -0.506781935692, 5.80688762665, 14.3314943314, 2.15218925476], [95.6797637939, 82.5912475586, 112.744422913, 69.0093536377, 47.2113265991, 17.0276222229, 89.0710830688, 95.6132125854, 19.860168457, 4.45726823807, 2.43510556221, 8.14640617371, -3.18599700928], [60.1663322449, 1.79808759689, -10.6408843994, 3.74276900291, 0.487821638584, -4.44263458252, -10.5182027817, 19.860168457, 63.0928001404, 19.5953674316, -0.597011685371, -5.00906229019, -5.66332435608], [76.6805114746, 34.0470848083, 23.9181861877, -3.36227583885, 2.56573200226, -13.7402515411, -0.506781935692, 4.45726823807, 19.5953674316, 66.1430206299, 27.9242725372, -1.52583765984, -10.6932697296], [2.63319945335, 12.6093988419, 20.8609237671, -20.0956325531, -17.6193294525, -10.8386926651, 5.80688762665, 2.43510556221, -0.597011685371, 27.9242725372, 72.8564376831, 33.6442260742, -4.41034078598], [9.28098201752, 11.7527179718, 33.9404716492, 8.15275478363, 3.52992010117, 3.83161878586, 14.3314943314, 8.14640617371, -5.00906229019, -1.52583765984, 33.6442260742, 62.9362411499, 22.622713089], [8.37678527832, 10.8775968552, -16.2032775879, 2.85880374908, 2.79983639717, 15.9829111099, 2.15218925476, -3.18599700928, -5.66332435608, -10.6932697296, -4.41034078598, 22.622713089, 58.1418495178]],
        "icov": [[0.000623322790489, -0.000490834470838, 0.000290184165351, -2.87278217002e-005, -0.000255197664956, 0.000351949391188, -0.000774412532337, 0.000435970752733, -0.000637851946522, -0.000476041081129, 0.00032234241371, -0.000289112445898, 3.96631658077e-005], [-0.000490834470838, 0.00318691041321, 0.000269556272542, -0.000248977041338, 0.000357151875505, -0.00126408855431, 0.000133458350319, -0.00277304416522, 0.00178309332114, -0.00187158212066, 7.07546632839e-006, -1.56950000019e-006, -0.00043413680396], [0.000290184165351, 0.000269556272542, 0.00368058914319, -0.00240434519947, -0.000520947680343, 0.0010775316041, -0.0039033179637, 0.000781692098826, 0.000156217371114, -0.00160232535563, -0.000103743259388, -0.00143100100104, 0.00123735389207], [-2.87278217002e-005, -0.000248977041338, -0.00240434519947, 0.00713075138628, -0.00353556242771, -0.000410316686612, 0.000983862089925, -0.00114166445564, -0.000650311063509, 0.00110988889355, 0.00123010552488, 0.000100636229035, -0.000590944022406], [-0.000255197664956, 0.000357151875505, -0.000520947680343, -0.00353556242771, 0.0117806009948, -0.00443434808403, -0.000209195379284, -0.0017995943781, 0.00134060508572, -0.00274066696875, 0.00314983935095, -0.00139120535459, 0.00096619327087], [0.000351949391188, -0.00126408855431, 0.0010775316041, -0.000410316686612, -0.00443434808403, 0.0162701997906, -0.00946832355112, 0.00844977796078, -0.0045566894114, 0.00389142869972, -0.000681203790009, 0.00122068438213, -0.003194084391], [-0.000774412532337, 0.000133458350319, -0.0039033179637, 0.000983862089925, -0.000209195379284, -0.00946832355112, 0.0208198074251, -0.0146875055507, 0.00752410991117, 6.41151418677e-005, -0.00182532146573, 0.00136932195164, 6.12250732956e-005], [0.000435970752733, -0.00277304416522, 0.000781692098826, -0.00114166445564, -0.0017995943781, 0.00844977796078, -0.0146875055507, 0.0278788041323, -0.0120528489351, 0.00397897418588, 0.000239347369643, -0.00178941967897, 0.000837375700939], [-0.000637851946522, 0.00178309332114, 0.000156217371114, -0.000650311063509, 0.00134060508572, -0.0045566894114, 0.00752410991117, -0.0120528489351, 0.0238941181451, -0.00836260989308, 0.00253404467367, -0.000265350507107, 0.00116775103379], [-0.000476041081129, -0.00187158212066, -0.00160232535563, 0.00110988889355, -0.00274066696875, 0.00389142869972, 6.41151418677e-005, 0.00397897418588, -0.00836260989308, 0.0257394947112, -0.0125350067392, 0.00745077989995, -0.00073501461884], [0.00032234241371, 7.07546632839e-006, -0.000103743259388, 0.00123010552488, 0.00314983935095, -0.000681203790009, -0.00182532146573, 0.000239347369643, 0.00253404467367, -0.0125350067392, 0.0282435920089, -0.0175855234265, 0.00690538482741], [-0.000289112445898, -1.56950000019e-006, -0.00143100100104, 0.000100636229035, -0.00139120535459, 0.00122068438213, 0.00136932195164, -0.00178941967897, -0.000265350507107, 0.00745077989995, -0.0175855234265, 0.0307518262416, -0.0127339642495], [3.96631658077e-005, -0.00043413680396, 0.00123735389207, -0.000590944022406, 0.00096619327087, -0.003194084391, 6.12250732956e-005, 0.000837375700939, 0.00116775103379, -0.00073501461884, 0.00690538482741, -0.0127339642495, 0.0239809360355]]
    },
    "spectral_contrast_coeffs": {
        "mean": [-0.590618371964, -0.653933882713, -0.723264992237, -0.751978754997, -0.80272680521, -0.806763470173],
        "var": [0.00509791029617, 0.0048335022293, 0.00363167910837, 0.00236664270051, 0.000835163635202, 0.000519601511769]
    },
    "spectral_contrast_valleys": {
        "mean": [-6.92004346848, -6.65599632263, -7.51811504364, -8.0878276825, -7.95178174973, -9.85473060608],
        "var": [1.51375973225, 0.678541779518, 0.619703829288, 0.578303694725, 0.483034878969, 0.418337196112]
    }
},
"metadata": {
    "audio_properties": {
        "analysis_sample_rate": 44100,
        "bit_rate": 128074,
        "equal_loudness": 0,
        "length": 45.0612258911,
        "lossless": 0,
        "replay_gain": -5.15837669373,
        "sample_rate": 44100,
        "codec": "mp3",
        "downmix": "mix",
        "md5_encoded": "5d7194004e751746adc0ea6466254b3e"
    },
    "tags": {
        "file_name": "1637.mp3"
    },
    "version": {
        "essentia": "2.1-beta2",
        "essentia_git_sha": "v2.1_beta2",
        "extractor": "music 1.0"
    }
},
"rhythm": {
    "beats_count": 114,
    "beats_loudness": {
        "mean": 0.0383534766734,
        "var": 0.000444440287538
    },
    "bpm": 154.428634644,
    "bpm_histogram_first_peak_bpm": {
        "mean": 157,
        "var": 0
    },
    "bpm_histogram_first_peak_spread": {
        "mean": 0.111111097038,
        "var": 0
    },
    "bpm_histogram_first_peak_weight": {
        "mean": 0.42477875948,
        "var": 0
    },
    "bpm_histogram_second_peak_bpm": {
        "mean": 152,
        "var": 0
    },
    "bpm_histogram_second_peak_spread": {
        "mean": 0.173076927662,
        "var": 0
    },
    "bpm_histogram_second_peak_weight": {
        "mean": 0.38053098321,
        "var": 0
    },
    "danceability": 1.00342071056,
    "onset_rate": 3.06111979485,
    "beats_loudness_band_ratio": {
        "mean": [0.385738730431, 0.364178478718, 0.165012508631, 0.088378354907, 0.0276953298599, 0.0294658001512],
        "var": [0.0457977838814, 0.0256561338902, 0.0198763366789, 0.0059807524085, 0.0018997163279, 0.000737724418286]
    },
    "beats_position": [0.394739210606, 0.801088392735, 1.21904754639, 1.63700675964, 2.0549659729, 2.47292518616, 2.87927436829, 3.27401351929, 3.66875267029, 4.06349182129, 4.45823097229, 4.841360569, 5.22448968887, 5.61922883987, 6.01396799088, 6.40870714188, 6.79183673859, 7.18657588959, 7.56970500946, 7.95283412933, 8.33596324921, 8.71909236908, 9.10222244263, 9.49696159363, 9.8800907135, 10.2748298645, 10.6579589844, 11.0526981354, 11.4474372864, 11.8421764374, 12.2253055573, 12.6084346771, 13.0031747818, 13.3863039017, 13.7694330215, 14.1525621414, 14.5356912613, 14.9188203812, 15.301949501, 15.6850786209, 16.0682086945, 16.4629478455, 16.8576869965, 17.2408161163, 17.6239452362, 18.0070743561, 18.390203476, 18.784942627, 19.1680717468, 19.5512008667, 19.9343299866, 20.3174591064, 20.6889801025, 21.0837192535, 21.4784584045, 21.8731975555, 22.2679367065, 22.6626758575, 23.0574150085, 23.4289340973, 23.800453186, 24.1719722748, 24.5667114258, 24.9614505768, 25.3561897278, 25.7393188477, 26.1224479675, 26.5171871185, 26.9003162384, 27.2834453583, 27.6781845093, 28.0729255676, 28.4676647186, 28.8624038696, 29.2455329895, 29.6286621094, 30.0117912292, 30.3949203491, 30.7896595001, 31.1611785889, 31.5443077087, 31.9274368286, 32.322177887, 32.7053070068, 33.0884361267, 33.4715652466, 33.8546943665, 34.2494316101, 34.6441726685, 35.0273017883, 35.4104309082, 35.8051681519, 36.1999092102, 36.5946464539, 36.9893875122, 37.3609046936, 37.755645752, 38.1387748718, 38.5219039917, 38.9050331116, 39.2881622314, 39.6829032898, 40.0776405334, 40.4839897156, 40.8903388977, 41.2850799561, 41.6914291382, 42.0977783203, 42.5041275024, 42.9104766846, 43.3284339905, 43.7463951111, 44.1527442932, 44.5707015991]
},
"tonal": {
    "chords_changes_rate": 0.0514403283596,
    "chords_number_rate": 0.0102880662307,
    "chords_strength": {
        "mean": 0.495085835457,
        "var": 0.00978718046099
    },
    "hpcp_entropy": {
        "mean": 2.06393313408,
        "var": 0.372258007526
    },
    "key_strength": 0.8016102314,
    "tuning_diatonic_strength": 0.555619776249,
    "tuning_equal_tempered_deviation": 0.0951589867473,
    "tuning_frequency": 439.745910645,
    "tuning_nontempered_energy_ratio": 0.736903548241,
    "hpcp": {
        "mean": [0.157573997974, 0.180342227221, 0.230651110411, 0.381173938513, 0.286343455315, 0.0764388665557, 0.0444602258503, 0.0532424598932, 0.126424834132, 0.206799805164, 0.136643275619, 0.0458345748484, 0.026844650507, 0.0290122143924, 0.12909065187, 0.314705371857, 0.284696340561, 0.192107960582, 0.207433104515, 0.116045631468, 0.0494229309261, 0.0760094374418, 0.0847964212298, 0.142153292894, 0.212571188807, 0.143630102277, 0.0485257543623, 0.0327891781926, 0.0555727481842, 0.170656070113, 0.257225841284, 0.152810916305, 0.0474995002151, 0.0516082011163, 0.0575644001365, 0.0779794603586],
        "var": [0.0539268963039, 0.0672992840409, 0.0683689042926, 0.134020373225, 0.0962892100215, 0.0155697669834, 0.0240211058408, 0.023034049198, 0.0483105666935, 0.0933368131518, 0.0368636958301, 0.0166328251362, 0.00966118462384, 0.00971118081361, 0.0302262380719, 0.100902110338, 0.0892544463277, 0.0612494908273, 0.102206639946, 0.0393119007349, 0.0153770148754, 0.0253333393484, 0.0257821697742, 0.0612434446812, 0.0941203311086, 0.0564194358885, 0.0168972052634, 0.00885660853237, 0.0181649681181, 0.0560317486525, 0.0916902497411, 0.0427709184587, 0.0121312998235, 0.0177570935339, 0.022592311725, 0.0237547475845]
    },
    "chords_histogram": [3.29218101501, 28.7037029266, 36.4197540283, 17.9012336731, 0.514403283596, 2.46913576126, 2.16049385071, 0, 0, 1.02880656719, 0.925925910473, 1.13168728352, 1.85185182095, 0, 0, 0, 0, 0.617283940315, 0, 0, 0, 0, 0, 2.98353910446],
    "thpcp": [1, 0.751214683056, 0.200535401702, 0.116640254855, 0.139680221677, 0.331672281027, 0.542533934116, 0.358480095863, 0.120245821774, 0.070426248014, 0.0761127993464, 0.338665992022, 0.825621426105, 0.746893525124, 0.503990292549, 0.544195413589, 0.304442733526, 0.12965978682, 0.19940879941, 0.222461223602, 0.372935503721, 0.557675004005, 0.376809865236, 0.127306059003, 0.0860215649009, 0.145793676376, 0.447711795568, 0.674825370312, 0.400895506144, 0.124613717198, 0.135392785072, 0.151018723845, 0.204577103257, 0.413391321898, 0.473123192787, 0.605107247829],
    "chords_key": "A#",
    "chords_scale": "major",
    "key_key": "D#",
    "key_scale": "major"
}
}