{
"lowlevel": {
    "average_loudness": 0.62722325325,
    "barkbands_crest": {
        "mean": 12.1055603027,
        "var": 30.9195156097
    },
    "barkbands_flatness_db": {
        "mean": 0.175500914454,
        "var": 0.00702388165519
    },
    "barkbands_kurtosis": {
        "mean": 9.02024269104,
        "var": 371.999511719
    },
    "barkbands_skewness": {
        "mean": 1.24288749695,
        "var": 4.79339885712
    },
    "barkbands_spread": {
        "mean": 20.2643642426,
        "var": 285.789642334
    },
    "dissonance": {
        "mean": 0.456871837378,
        "var": 0.00198453222401
    },
    "dynamic_complexity": 4.14989328384,
    "erbbands_crest": {
        "mean": 10.9131917953,
        "var": 29.1831302643
    },
    "erbbands_flatness_db": {
        "mean": 0.198276042938,
        "var": 0.00486637931317
    },
    "erbbands_kurtosis": {
        "mean": 3.27967143059,
        "var": 38.4364891052
    },
    "erbbands_skewness": {
        "mean": 0.228643253446,
        "var": 1.8440554142
    },
    "erbbands_spread": {
        "mean": 30.3951358795,
        "var": 573.911560059
    },
    "hfc": {
        "mean": 21.4084968567,
        "var": 1167.95019531
    },
    "melbands_crest": {
        "mean": 15.3161325455,
        "var": 57.0362815857
    },
    "melbands_flatness_db": {
        "mean": 0.218146875501,
        "var": 0.0137481801212
    },
    "melbands_kurtosis": {
        "mean": 18.7634029388,
        "var": 1287.18249512
    },
    "melbands_skewness": {
        "mean": 2.31104755402,
        "var": 6.88216924667
    },
    "melbands_spread": {
        "mean": 31.245218277,
        "var": 1014.07330322
    },
    "pitch_salience": {
        "mean": 0.54886251688,
        "var": 0.0217994507402
    },
    "silence_rate_20dB": {
        "mean": 1,
        "var": 0
    },
    "silence_rate_30dB": {
        "mean": 0.997425317764,
        "var": 0.00256803794764
    },
    "silence_rate_60dB": {
        "mean": 0.242018535733,
        "var": 0.183444812894
    },
    "spectral_centroid": {
        "mean": 1647.92248535,
        "var": 1151828.5
    },
    "spectral_complexity": {
        "mean": 11.3898038864,
        "var": 103.833396912
    },
    "spectral_decrease": {
        "mean": -4.51060211404e-009,
        "var": 2.09030923072e-017
    },
    "spectral_energy": {
        "mean": 0.018965870142,
        "var": 0.000361181708286
    },
    "spectral_energyband_high": {
        "mean": 0.00154599035159,
        "var": 1.54079880303e-005
    },
    "spectral_energyband_low": {
        "mean": 0.00562848802656,
        "var": 6.57652999507e-005
    },
    "spectral_energyband_middle_high": {
        "mean": 0.0047203861177,
        "var": 9.09498339752e-005
    },
    "spectral_energyband_middle_low": {
        "mean": 0.00796844437718,
        "var": 0.00017167639453
    },
    "spectral_entropy": {
        "mean": 7.43229150772,
        "var": 0.552086830139
    },
    "spectral_flux": {
        "mean": 0.0685126259923,
        "var": 0.00276743550785
    },
    "spectral_kurtosis": {
        "mean": 6.82790565491,
        "var": 76.1010818481
    },
    "spectral_rms": {
        "mean": 0.00366520695388,
        "var": 5.06953210788e-006
    },
    "spectral_rolloff": {
        "mean": 2083.83276367,
        "var": 4483245.5
    },
    "spectral_skewness": {
        "mean": 1.7174693346,
        "var": 0.986298799515
    },
    "spectral_spread": {
        "mean": 4230427.5,
        "var": 3.6854062121e+012
    },
    "spectral_strongpeak": {
        "mean": 1.26166808605,
        "var": 4.10235118866
    },
    "zerocrossingrate": {
        "mean": 0.0788380652666,
        "var": 0.00348758767359
    },
    "barkbands": {
        "mean": [0.000240913155722, 0.00475174933672, 0.000336951314239, 0.000675220624544, 0.00223031570204, 0.00101947621442, 0.000859512365423, 0.000962716410868, 0.00145451619755, 0.00122544844635, 0.000155771471327, 0.000204045922146, 0.000288780516712, 0.000704817706719, 0.00108215468936, 0.00032509729499, 0.000472452287795, 0.000187317244126, 0.000171054431121, 0.00023515895009, 0.00031788792694, 0.000392789341277, 0.000348293455318, 0.000218310175114, 6.52783637634e-005, 3.63407598343e-005, 3.50913046532e-006],
        "var": [2.4522972808e-007, 5.06607611896e-005, 5.69696112507e-007, 1.35551647418e-006, 2.45339106186e-005, 4.85012287754e-006, 6.2717599576e-006, 9.002632396e-006, 3.18526144838e-005, 4.40262992925e-005, 1.88471759088e-007, 2.91346026415e-007, 6.28802013125e-007, 3.59210525858e-006, 1.15668035505e-005, 8.80396726188e-007, 2.37777680923e-006, 3.48835101249e-007, 2.44462995624e-007, 4.15338178072e-007, 7.76840806793e-007, 9.78627667791e-007, 1.15409670798e-006, 4.68491180072e-007, 9.56672110419e-008, 1.99955643154e-008, 1.70527880705e-009]
    },
    "erbbands": {
        "mean": [0.179468333721, 0.877325236797, 0.629666745663, 1.42556583881, 4.10333395004, 8.00038433075, 9.62872409821, 7.73312616348, 11.5656909943, 15.420759201, 24.9520320892, 43.8595848083, 43.4670524597, 13.4601888657, 7.27113437653, 10.1634025574, 14.6273956299, 37.6466941833, 59.0753097534, 30.238073349, 17.9171676636, 24.9651088715, 13.6962747574, 9.13472938538, 8.88342189789, 10.6984777451, 13.1722326279, 13.067650795, 12.989408493, 14.3318071365, 9.16230869293, 5.6348118782, 2.94217205048, 0.906752228737, 0.411308437586, 0.202649325132, 0.0585119947791, 0.0108553851023, 0.000424097466748, 3.4860753658e-005],
        "var": [0.0830134153366, 2.09194135666, 1.78069698811, 5.69213199615, 68.2265930176, 361.476013184, 525.797790527, 336.316131592, 1194.89331055, 2030.5916748, 5877.93066406, 29587.8613281, 60096.1523438, 2434.67236328, 385.007202148, 582.76751709, 1530.87121582, 9728.46289063, 37071.6289063, 6191.55517578, 2250.00073242, 7676.54296875, 1545.56262207, 705.713134766, 614.851623535, 823.974182129, 1479.38098145, 1274.60876465, 1023.47662354, 1755.92822266, 795.870483398, 289.869018555, 95.0164108276, 14.7749185562, 3.84851264954, 0.618831694126, 0.0659565627575, 0.00497460225597, 2.16194548557e-005, 7.23648696521e-009]
    },
    "gfcc": {
        "mean": [-79.5716629028, 73.2295074463, -127.564292908, 34.4130897522, -56.519695282, 13.574300766, -41.448474884, -1.89986908436, -10.0514011383, 7.49615907669, -16.8768730164, 0.943371534348, -11.0436649323],
        "cov": [[9385.77734375, -1603.62780762, -138.939346313, 744.107788086, -530.241455078, 433.73135376, -12.3488588333, 260.716064453, 217.775497437, 259.118438721, 26.2332000732, 48.3967170715, -68.7233200073], [-1603.62780762, 3719.04199219, 1223.8046875, -354.886627197, 619.312805176, -128.074569702, 268.912017822, -292.822174072, 155.226211548, -366.363922119, 55.9400253296, -136.757659912, 353.297424316], [-138.939346313, 1223.8046875, 2455.30737305, 804.619812012, 144.390731812, 60.1937332153, 179.235183716, 104.023040771, -31.8843955994, -44.4578094482, 87.66431427, 60.4578399658, 160.922348022], [744.107788086, -354.886627197, 804.619812012, 1204.6060791, 251.084686279, 180.082473755, 67.4896392822, 38.947719574, -32.498752594, 105.398468018, 143.139144897, 96.0229415894, 11.1797704697], [-530.241455078, 619.312805176, 144.390731812, 251.084686279, 698.280517578, 179.804321289, 115.694671631, -32.7203140259, 29.3568973541, 11.3194732666, 68.1042098999, 35.7785491943, 81.647315979], [433.73135376, -128.074569702, 60.1937332153, 180.082473755, 179.804321289, 360.8074646, 119.060897827, 95.6181030273, 84.1711349487, 75.9177398682, 30.2474079132, 37.6836738586, 4.69591617584], [-12.3488588333, 268.912017822, 179.235183716, 67.4896392822, 115.694671631, 119.060897827, 332.46105957, 164.007171631, 113.644950867, 2.21270060539, 13.4593067169, -11.3437652588, 47.323928833], [260.716064453, -292.822174072, 104.023040771, 38.947719574, -32.7203140259, 95.6181030273, 164.007171631, 277.975311279, 82.1593780518, 81.7947235107, -1.36508929729, 28.6058177948, -29.2606582642], [217.775497437, 155.226211548, -31.8843955994, -32.498752594, 29.3568973541, 84.1711349487, 113.644950867, 82.1593780518, 223.338912964, 85.7233581543, 45.1505126953, -25.3911437988, -12.6679830551], [259.118438721, -366.363922119, -44.4578094482, 105.398468018, 11.3194732666, 75.9177398682, 2.21270060539, 81.7947235107, 85.7233581543, 212.912445068, 67.5299911499, 39.8745155334, -79.8338088989], [26.2332000732, 55.9400253296, 87.66431427, 143.139144897, 68.1042098999, 30.2474079132, 13.4593067169, -1.36508929729, 45.1505126953, 67.5299911499, 124.889137268, 46.2719154358, 3.2613735199], [48.3967170715, -136.757659912, 60.4578399658, 96.0229415894, 35.7785491943, 37.6836738586, -11.3437652588, 28.6058177948, -25.3911437988, 39.8745155334, 46.2719154358, 95.4768218994, 8.26435375214], [-68.7233200073, 353.297424316, 160.922348022, 11.1797704697, 81.647315979, 4.69591617584, 47.323928833, -29.2606582642, -12.6679830551, -79.8338088989, 3.2613735199, 8.26435375214, 119.251327515]],
        "icov": [[0.000146159844007, -2.23807546718e-005, 7.00642049196e-005, -0.000176166751771, 0.000221004593186, -0.000195736298338, 0.00014767900575, -0.000116968905786, -0.00012626091484, -0.000106887033326, 0.000136878094054, 4.00470380555e-005, -0.000249895674642], [-2.23807546718e-005, 0.00144100689795, -0.000982469762675, 0.0011652733665, -0.00126558716875, 0.000640643294901, -0.000841217755806, 0.00173594558146, -0.00154984393157, 0.00153377756942, -0.00114848872181, 0.00068432482658, -0.00061832589563], [7.00642049196e-005, -0.000982469762675, 0.00130900077056, -0.00128766696434, 0.0010231633205, -0.000356759992428, 0.00056611240143, -0.00154736055993, 0.00108206062578, -0.00102186400909, 0.000708433624823, -0.000269102485618, -0.000555310747586], [-0.000176166751771, 0.0011652733665, -0.00128766696434, 0.00256060110405, -0.00148240185808, 0.000194999622181, -0.00101587653626, 0.00166158203501, -0.000263791589532, 0.000937098986469, -0.00220939167775, 0.000433891022112, 0.000391572801163], [0.000221004593186, -0.00126558716875, 0.0010231633205, -0.00148240185808, 0.00345091405325, -0.00163809722289, 0.00015591045667, -0.000733654364012, 0.00138716178481, -0.00187131029088, 0.000757753790822, -0.000621405837592, -0.00098806573078], [-0.000195736298338, 0.000640643294901, -0.000356759992428, 0.000194999622181, -0.00163809722289, 0.00475778104737, -0.00120968639385, 0.000481885130284, -0.00176368292887, 8.8726868853e-005, 0.000757774920203, -0.00137284130324, -6.86937637511e-005], [0.00014767900575, -0.000841217755806, 0.00056611240143, -0.00101587653626, 0.00015591045667, -0.00120968639385, 0.00733964284882, -0.00529415719211, -0.00112200388685, 0.000722182507161, -0.000171853869688, 0.00192805565894, -0.00212682550773], [-0.000116968905786, 0.00173594558146, -0.00154736055993, 0.00166158203501, -0.000733654364012, 0.000481885130284, -0.00529415719211, 0.0101412367076, -0.00273809209466, -0.000229624944041, 0.00169575936161, -0.00331498659216, 0.00153332122136], [-0.00012626091484, -0.00154984393157, 0.00108206062578, -0.000263791589532, 0.00138716178481, -0.00176368292887, -0.00112200388685, -0.00273809209466, 0.0109167499468, -0.00510150752962, -0.00292121549137, 0.00478296168149, -0.000530618766788], [-0.000106887033326, 0.00153377756942, -0.00102186400909, 0.000937098986469, -0.00187131029088, 8.8726868853e-005, 0.000722182507161, -0.000229624944041, -0.00510150752962, 0.013285079971, -0.00472298171371, -0.00238193850964, 0.00626639183611], [0.000136878094054, -0.00114848872181, 0.000708433624823, -0.00220939167775, 0.000757753790822, 0.000757774920203, -0.000171853869688, 0.00169575936161, -0.00292121549137, -0.00472298171371, 0.0164798237383, -0.0077817812562, -0.000715360161848], [4.00470380555e-005, 0.00068432482658, -0.000269102485618, 0.000433891022112, -0.000621405837592, -0.00137284130324, 0.00192805565894, -0.00331498659216, 0.00478296168149, -0.00238193850964, -0.0077817812562, 0.0196369253099, -0.00501545099542], [-0.000249895674642, -0.00061832589563, -0.000555310747586, 0.000391572801163, -0.00098806573078, -6.86937637511e-005, -0.00212682550773, 0.00153332122136, -0.000530618766788, 0.00626639183611, -0.000715360161848, -0.00501545099542, 0.0171914678067]]
    },
    "melbands": {
        "mean": [0.00145013595466, 0.000618485675659, 0.000312007614411, 0.000434405636042, 0.000361901416909, 0.000181475552381, 0.000177263354999, 0.000168998521985, 0.000216615691897, 0.000248589320108, 0.000211004327866, 5.67181232327e-005, 2.07294488064e-005, 2.56049679592e-005, 2.80122985714e-005, 3.25999426423e-005, 7.34410277801e-005, 8.93786782399e-005, 5.67437382415e-005, 2.91593350994e-005, 1.92725728994e-005, 2.44997972914e-005, 2.15216223296e-005, 9.19837111724e-006, 6.95183734933e-006, 6.49259800412e-006, 5.77256878387e-006, 7.60865168559e-006, 9.16707449505e-006, 6.59157967675e-006, 7.88398210716e-006, 6.84705992171e-006, 8.40124175738e-006, 7.7387685451e-006, 5.40473047295e-006, 4.09568792747e-006, 3.22153528032e-006, 2.29538977692e-006, 1.18565344565e-006, 6.18114086137e-007],
        "var": [4.75709157399e-006, 1.25213307456e-006, 2.42900313197e-007, 8.84363885234e-007, 7.36806953228e-007, 1.84133782e-007, 2.78094887562e-007, 2.43695893687e-007, 3.9921715711e-007, 1.04373361864e-006, 1.49187940224e-006, 4.50518626849e-008, 3.24288773612e-009, 4.74485739588e-009, 5.19627896267e-009, 6.11546191465e-009, 4.40136034285e-008, 7.79764945946e-008, 2.63636437126e-008, 7.16149450852e-009, 2.93701485354e-009, 6.77903733148e-009, 5.68303093473e-009, 7.34129868007e-010, 4.69422112293e-010, 3.70683012063e-010, 2.9824018255e-010, 4.12546607986e-010, 7.32702065687e-010, 3.51413509403e-010, 4.91692297988e-010, 2.74325701044e-010, 5.68005531498e-010, 5.4938248395e-010, 2.79119560798e-010, 1.61631666384e-010, 9.98038873767e-011, 5.81400171062e-011, 1.76809261676e-011, 9.45621879411e-012]
    },
    "mfcc": {
        "mean": [-718.432312012, 101.194335938, -8.07917690277, 20.6991348267, 4.61950016022, 15.6451625824, -16.7611732483, -2.92961549759, 0.00012210913701, 3.99981641769, 1.9657535553, 3.25526666641, -2.85648727417],
        "cov": [[9410.09570313, -2376.81567383, -167.613555908, -46.0111083984, -268.876495361, 184.347015381, -201.43208313, 131.199050903, -59.111782074, 391.645629883, 45.0609054565, 208.405822754, 103.770698547], [-2376.81567383, 3839.74023438, 628.918212891, -67.4911956787, 270.598205566, 85.7593688965, 103.852676392, 60.9525985718, 231.24961853, -163.946060181, -62.9464836121, -191.371200562, -157.78276062], [-167.613555908, 628.918212891, 2004.40319824, 750.462402344, 223.461959839, 102.622032166, 207.757064819, 164.257873535, 20.9389915466, 68.2503128052, -4.67710447311, -52.7751617432, 37.2417984009], [-46.0111083984, -67.4911956787, 750.462402344, 923.98260498, 345.132171631, 203.893005371, 226.929321289, 83.3030395508, -19.3073940277, 14.712677002, 5.097407341, 19.5738182068, 56.3644828796], [-268.876495361, 270.598205566, 223.461959839, 345.132171631, 496.372497559, 268.392150879, 155.360488892, 33.72813797, 12.0007762909, -43.9682197571, 13.4410552979, 11.952837944, 54.4848556519], [184.347015381, 85.7593688965, 102.622032166, 203.893005371, 268.392150879, 351.666503906, 121.550628662, 58.0994949341, 43.3549003601, 25.9897441864, 42.4672355652, 45.6480712891, 49.693572998], [-201.43208313, 103.852676392, 207.757064819, 226.929321289, 155.360488892, 121.550628662, 245.340698242, 136.920974731, 80.3235015869, 33.4443435669, 18.813999176, -9.8872833252, 17.9361782074], [131.199050903, 60.9525985718, 164.257873535, 83.3030395508, 33.72813797, 58.0994949341, 136.920974731, 211.309494019, 123.014686584, 77.9186248779, 28.1782188416, -5.40214824677, 5.4813170433], [-59.111782074, 231.24961853, 20.9389915466, -19.3073940277, 12.0007762909, 43.3549003601, 80.3235015869, 123.014686584, 206.106704712, 97.7612686157, 56.0069961548, 13.1692409515, 1.4677464962], [391.645629883, -163.946060181, 68.2503128052, 14.712677002, -43.9682197571, 25.9897441864, 33.4443435669, 77.9186248779, 97.7612686157, 177.174819946, 92.6769561768, 61.1480903625, 29.5789222717], [45.0609054565, -62.9464836121, -4.67710447311, 5.097407341, 13.4410552979, 42.4672355652, 18.813999176, 28.1782188416, 56.0069961548, 92.6769561768, 141.989349365, 112.366477966, 62.1251678467], [208.405822754, -191.371200562, -52.7751617432, 19.5738182068, 11.952837944, 45.6480712891, -9.8872833252, -5.40214824677, 13.1692409515, 61.1480903625, 112.366477966, 183.688980103, 97.4757080078], [103.770698547, -157.78276062, 37.2417984009, 56.3644828796, 54.4848556519, 49.693572998, 17.9361782074, 5.4813170433, 1.4677464962, 29.5789222717, 62.1251678467, 97.4757080078, 124.02696991]],
        "icov": [[0.000158258175361, 7.03031910234e-005, -9.30030364543e-006, 1.89357015188e-005, 2.40097015194e-005, -0.000198288966203, 0.000271091994364, -0.000230918827583, 0.000148600214743, -0.00043095019646, 0.000402544566896, -0.000190098755411, 3.99012678827e-005], [7.03031910234e-005, 0.00046078566811, -0.000248895317782, 0.000250387354754, -0.000237638640101, -0.000109851716843, 0.000112682944746, 0.000154886074597, -0.000816594227217, 0.000667921034619, -0.000195116066607, 2.22592498176e-005, 0.000544200825971], [-9.30030364543e-006, -0.000248895317782, 0.000925525324419, -0.000791070749983, 0.000131837688969, 0.000186782708624, 0.000145682264701, -0.000585472967941, 0.000659607874695, -0.000736278190743, 5.00083297084e-005, 0.000543870846741, -0.000639908364974], [1.89357015188e-005, 0.000250387354754, -0.000791070749983, 0.00249568303116, -0.00114103301894, -6.71985908411e-005, -0.00142162642442, 0.000390749308281, 0.000435364898294, -0.000284180132439, 0.000703978526872, -0.000868553528562, 0.000515168183483], [2.40097015194e-005, -0.000237638640101, 0.000131837688969, -0.00114103301894, 0.00506766652688, -0.0028497534804, -0.00108028796967, 0.000717819202691, -0.000230500372709, 0.00186519906856, -0.000956458505243, 0.00105227960739, -0.00159337709192], [-0.000198288966203, -0.000109851716843, 0.000186782708624, -6.71985908411e-005, -0.0028497534804, 0.00571020320058, -0.00108753982931, -6.51823575026e-005, -0.000155724861543, -0.000584371446166, -0.000173329695826, -0.000802009715699, -1.68897931871e-005], [0.000271091994364, 0.000112682944746, 0.000145682264701, -0.00142162642442, -0.00108028796967, -0.00108753982931, 0.00994281750172, -0.0052900929004, -0.000654422445223, 0.000139358424349, -0.000416956056142, 0.00130746664945, -0.00061913090758], [-0.000230918827583, 0.000154886074597, -0.000585472967941, 0.000390749308281, 0.000717819202691, -6.51823575026e-005, -0.0052900929004, 0.0114865414798, -0.00472356984392, -0.00084190221969, 0.00042590170051, 0.000655604351778, -0.000115273032861], [0.000148600214743, -0.000816594227217, 0.000659607874695, 0.000435364898294, -0.000230500372709, -0.000155724861543, -0.000654422445223, -0.00472356984392, 0.0116306729615, -0.00539899710566, -0.000680206110701, 0.000293889199384, 0.000167657708516], [-0.00043095019646, 0.000667921034619, -0.000736278190743, -0.000284180132439, 0.00186519906856, -0.000584371446166, 0.000139358424349, -0.00084190221969, -0.00539899710566, 0.0153488526121, -0.0085284775123, 0.0010633157799, 0.000831927929539], [0.000402544566896, -0.000195116066607, 5.00083297084e-005, 0.000703978526872, -0.000956458505243, -0.000173329695826, -0.000416956056142, 0.00042590170051, -0.000680206110701, -0.0085284775123, 0.0212813485414, -0.0102517781779, -0.000949604378548], [-0.000190098755411, 2.22592498176e-005, 0.000543870846741, -0.000868553528562, 0.00105227960739, -0.000802009715699, 0.00130746664945, 0.000655604351778, 0.000293889199384, 0.0010633157799, -0.0102517781779, 0.0161731373519, -0.00777299609035], [3.99012678827e-005, 0.000544200825971, -0.000639908364974, 0.000515168183483, -0.00159337709192, -1.68897931871e-005, -0.00061913090758, -0.000115273032861, 0.000167657708516, 0.000831927929539, -0.000949604378548, -0.00777299609035, 0.0158653315157]]
    },
    "spectral_contrast_coeffs": {
        "mean": [-0.670312047005, -0.753786861897, -0.786040782928, -0.780571401119, -0.803152561188, -0.753883183002],
        "var": [0.0125962784514, 0.00610967213288, 0.00811666250229, 0.00625238846987, 0.00271472637542, 0.00272822519764]
    },
    "spectral_contrast_valleys": {
        "mean": [-8.41708087921, -7.5431895256, -8.27005004883, -8.1927280426, -8.23256397247, -10.7073993683],
        "var": [2.37839579582, 1.22456347942, 1.20347380638, 1.33970820904, 1.56390964985, 1.91538345814]
    }
},
"metadata": {
    "audio_properties": {
        "analysis_sample_rate": 44100,
        "bit_rate": 128074,
        "equal_loudness": 0,
        "length": 45.0612258911,
        "lossless": 0,
        "replay_gain": -5.48267745972,
        "sample_rate": 44100,
        "codec": "mp3",
        "downmix": "mix",
        "md5_encoded": "217a128b697ace3ea25c5de346e94562"
    },
    "tags": {
        "file_name": "1639.mp3"
    },
    "version": {
        "essentia": "2.1-beta2",
        "essentia_git_sha": "v2.1_beta2",
        "extractor": "music 1.0"
    }
},
"rhythm": {
    "beats_count": 112,
    "beats_loudness": {
        "mean": 0.0303008966148,
        "var": 0.000337406934705
    },
    "bpm": 150.51008606,
    "bpm_histogram_first_peak_bpm": {
        "mean": 152,
        "var": 0
    },
    "bpm_histogram_first_peak_spread": {
        "mean": 0.342857152224,
        "var": 0
    },
    "bpm_histogram_first_peak_weight": {
        "mean": 0.621621608734,
        "var": 0
    },
    "bpm_histogram_second_peak_bpm": {
        "mean": 144,
        "var": 0
    },
    "bpm_histogram_second_peak_spread": {
        "mean": 0,
        "var": 0
    },
    "bpm_histogram_second_peak_weight": {
        "mean": 0.0540540553629,
        "var": 0
    },
    "danceability": 1.26854550838,
    "onset_rate": 4.03712892532,
    "beats_loudness_band_ratio": {
        "mean": [0.330894529819, 0.125418677926, 0.247203797102, 0.0909636542201, 0.119016103446, 0.134586542845],
        "var": [0.0956447571516, 0.0174869205803, 0.0753044039011, 0.0152383763343, 0.0236548930407, 0.0325010754168]
    },
    "beats_position": [0.371519267559, 0.766258478165, 1.16099774837, 1.55573689938, 1.95047616959, 2.34521532059, 2.76317453384, 3.16952371597, 3.5758728981, 3.97061228752, 4.3653512001, 4.76009082794, 5.15482997894, 5.54956912994, 5.95591831207, 6.35065746307, 6.7570066452, 7.1517457962, 7.5464849472, 7.94122457504, 8.35918331146, 8.75392246246, 9.16027164459, 9.55501079559, 9.96135997772, 10.3560991287, 10.7508392334, 11.1455783844, 11.5519275665, 11.9466667175, 12.3530158997, 12.7593650818, 13.1657142639, 13.5604534149, 13.9551925659, 14.3499317169, 14.7446708679, 15.1394100189, 15.545759201, 15.9521083832, 16.3584575653, 16.7531967163, 17.1595458984, 17.5542850494, 17.9490242004, 18.3437633514, 18.7617225647, 19.1564617157, 19.5512008667, 19.9459400177, 20.3522891998, 20.7470283508, 21.153377533, 21.548116684, 21.9544658661, 22.3492050171, 22.7555541992, 23.1502952576, 23.5566444397, 23.9513835907, 24.3577327728, 24.7524719238, 25.158821106, 25.553560257, 25.9599094391, 26.3546485901, 26.7493877411, 27.1441268921, 27.5388660431, 27.9452152252, 28.3515644073, 28.7463035583, 29.1642627716, 29.5590019226, 29.9537410736, 30.3484802246, 30.7432193756, 31.1495685577, 31.5559177399, 31.9506568909, 32.357006073, 32.7633552551, 33.1580963135, 33.5528335571, 33.9475746155, 34.3423118591, 34.7602729797, 35.1550102234, 35.5497512817, 35.9444885254, 36.3508377075, 36.7455787659, 37.151927948, 37.5466651917, 37.9530143738, 38.3477554321, 38.7541046143, 39.1488418579, 39.5435829163, 39.9383201599, 40.3562812805, 40.7510185242, 41.1573677063, 41.5521087646, 41.9584579468, 42.3531951904, 42.7479362488, 43.1426734924, 43.5490226746, 43.9553718567, 44.350112915, 44.7448501587]
},
"tonal": {
    "chords_changes_rate": 0.0679012313485,
    "chords_number_rate": 0.00925925932825,
    "chords_strength": {
        "mean": 0.530812442303,
        "var": 0.00988981127739
    },
    "hpcp_entropy": {
        "mean": 2.19291162491,
        "var": 0.68868803978
    },
    "key_strength": 0.724179029465,
    "tuning_diatonic_strength": 0.591742932796,
    "tuning_equal_tempered_deviation": 0.121690936387,
    "tuning_frequency": 442.03793335,
    "tuning_nontempered_energy_ratio": 0.753184020519,
    "hpcp": {
        "mean": [0.301890224218, 0.168294474483, 0.0880420506001, 0.0760630890727, 0.103263370693, 0.196934938431, 0.221041500568, 0.147359892726, 0.142341002822, 0.166608586907, 0.136874139309, 0.105106249452, 0.0979816839099, 0.124908462167, 0.231865257025, 0.272337496281, 0.166738659143, 0.101585485041, 0.0912074744701, 0.0998809188604, 0.192647382617, 0.233833640814, 0.174876585603, 0.143646284938, 0.100262664258, 0.0575676709414, 0.0811215639114, 0.107979215682, 0.104766875505, 0.216274619102, 0.328774660826, 0.226592034101, 0.119686551392, 0.112444914877, 0.152693271637, 0.278656870127],
        "var": [0.118706472218, 0.0456112846732, 0.030574792996, 0.0254198126495, 0.0277595836669, 0.0651956871152, 0.0781674236059, 0.0439351983368, 0.0522900447249, 0.0692709684372, 0.051200825721, 0.0353153645992, 0.0324644632638, 0.0404890924692, 0.0882071778178, 0.111568585038, 0.0488018281758, 0.032576430589, 0.0261980872601, 0.0297731235623, 0.0689708143473, 0.10050689429, 0.0475938767195, 0.0672587528825, 0.0333412028849, 0.0142281847075, 0.0177235119045, 0.0341807864606, 0.0254371594638, 0.0673478543758, 0.133111685514, 0.0806583687663, 0.0447277389467, 0.0417459644377, 0.0492607206106, 0.101842232049]
    },
    "chords_histogram": [35.5967063904, 0, 3.90946507454, 0, 3.70370364189, 0, 0, 4.32098770142, 0, 0, 4.01234579086, 0, 0, 0, 1.85185182095, 0.617283940315, 0, 0, 0, 0, 0, 30.5555553436, 8.33333301544, 7.09876537323],
    "thpcp": [1, 0.689201653004, 0.364038258791, 0.342012107372, 0.464431375265, 0.847561895847, 0.918228387833, 0.511883974075, 0.267788439989, 0.231353253126, 0.314085543156, 0.598996698856, 0.672319173813, 0.448209404945, 0.432943969965, 0.506756186485, 0.416315972805, 0.319690853357, 0.298020780087, 0.379921197891, 0.705240666866, 0.828340888023, 0.507151782513, 0.308982104063, 0.27741637826, 0.303797483444, 0.585955679417, 0.711227655411, 0.531904101372, 0.436914086342, 0.304958611727, 0.175097644329, 0.24673910439, 0.328429251909, 0.318658620119, 0.657820224762],
    "chords_key": "G",
    "chords_scale": "major",
    "key_key": "G",
    "key_scale": "major"
}
}