{
"lowlevel": {
    "average_loudness": 0.238708093762,
    "barkbands_crest": {
        "mean": 15.923324585,
        "var": 22.5977935791
    },
    "barkbands_flatness_db": {
        "mean": 0.357319295406,
        "var": 0.00698115862906
    },
    "barkbands_kurtosis": {
        "mean": 7.84307956696,
        "var": 152.565429688
    },
    "barkbands_skewness": {
        "mean": 0.709083855152,
        "var": 2.95710015297
    },
    "barkbands_spread": {
        "mean": 6.38053226471,
        "var": 27.8592300415
    },
    "dissonance": {
        "mean": 0.350855648518,
        "var": 0.00874875951558
    },
    "dynamic_complexity": 4.79626369476,
    "erbbands_crest": {
        "mean": 21.1860618591,
        "var": 34.785774231
    },
    "erbbands_flatness_db": {
        "mean": 0.372881084681,
        "var": 0.00266052247025
    },
    "erbbands_kurtosis": {
        "mean": 9.05473995209,
        "var": 267.255218506
    },
    "erbbands_skewness": {
        "mean": 0.842373788357,
        "var": 4.29912471771
    },
    "erbbands_spread": {
        "mean": 9.78525543213,
        "var": 55.9545822144
    },
    "hfc": {
        "mean": 12.1510047913,
        "var": 262.87109375
    },
    "melbands_crest": {
        "mean": 20.9695453644,
        "var": 47.9348144531
    },
    "melbands_flatness_db": {
        "mean": 0.450148016214,
        "var": 0.01027023606
    },
    "melbands_kurtosis": {
        "mean": 13.6903877258,
        "var": 993.175964355
    },
    "melbands_skewness": {
        "mean": 1.23801290989,
        "var": 5.4659485817
    },
    "melbands_spread": {
        "mean": 10.7102069855,
        "var": 119.632766724
    },
    "pitch_salience": {
        "mean": 0.360842317343,
        "var": 0.0151574919
    },
    "silence_rate_20dB": {
        "mean": 0.996397316456,
        "var": 0.00358967552893
    },
    "silence_rate_30dB": {
        "mean": 0.93051981926,
        "var": 0.0646537095308
    },
    "silence_rate_60dB": {
        "mean": 0.189397841692,
        "var": 0.153526127338
    },
    "spectral_centroid": {
        "mean": 654.260925293,
        "var": 246510.375
    },
    "spectral_complexity": {
        "mean": 5.61451387405,
        "var": 7.85498476028
    },
    "spectral_decrease": {
        "mean": -7.47315720417e-009,
        "var": 1.48511001326e-016
    },
    "spectral_energy": {
        "mean": 0.0293075349182,
        "var": 0.00222047627904
    },
    "spectral_energyband_high": {
        "mean": 5.19475452165e-006,
        "var": 1.93008997673e-010
    },
    "spectral_energyband_low": {
        "mean": 0.0121148955077,
        "var": 0.000954510585871
    },
    "spectral_energyband_middle_high": {
        "mean": 0.00394141767174,
        "var": 6.48283603368e-005
    },
    "spectral_energyband_middle_low": {
        "mean": 0.0141103006899,
        "var": 0.00133885035757
    },
    "spectral_entropy": {
        "mean": 5.28605175018,
        "var": 0.447864025831
    },
    "spectral_flux": {
        "mean": 0.0285480152816,
        "var": 0.000453397078672
    },
    "spectral_kurtosis": {
        "mean": 52.2276802063,
        "var": 976.27545166
    },
    "spectral_rms": {
        "mean": 0.00434404145926,
        "var": 9.72195357463e-006
    },
    "spectral_rolloff": {
        "mean": 812.364562988,
        "var": 860640.1875
    },
    "spectral_skewness": {
        "mean": 5.16202068329,
        "var": 3.86021780968
    },
    "spectral_spread": {
        "mean": 1629108.375,
        "var": 2.64487593574e+012
    },
    "spectral_strongpeak": {
        "mean": 1.86431503296,
        "var": 2.60314512253
    },
    "zerocrossingrate": {
        "mean": 0.0297333877534,
        "var": 0.000665956933517
    },
    "barkbands": {
        "mean": [5.31124678673e-005, 0.000681557226926, 0.010814441368, 0.000838786712848, 0.00349624059163, 0.00387191283517, 0.000517126987688, 0.000773178588133, 0.00404302868992, 0.00199660030194, 0.000168294282048, 1.96401251742e-005, 0.000851177726872, 0.00103291589767, 2.4679766284e-005, 5.40893015568e-005, 1.24262533063e-005, 3.50580521626e-005, 1.54895697051e-005, 5.87465638091e-006, 1.4323737787e-006, 2.28447063932e-007, 9.14572666488e-008, 9.6099682878e-008, 3.87556902126e-008, 4.82294666426e-008, 3.35620886638e-009],
        "var": [2.33415249795e-007, 2.88588421427e-006, 0.000810399127658, 4.63348214907e-006, 0.000240459325141, 0.000427904800745, 2.7688395221e-006, 5.91577827436e-006, 5.08729062858e-005, 1.69087743416e-005, 3.45634560972e-007, 8.94346907643e-009, 2.58774580288e-005, 6.57618511468e-006, 1.01305017708e-008, 5.39750075745e-008, 8.67196037202e-010, 2.85747905338e-008, 1.67424185626e-009, 2.49084725068e-010, 1.90711283571e-011, 4.51865595722e-013, 2.93325781687e-014, 4.92300495617e-014, 7.68336386674e-015, 4.09993524862e-014, 2.28965684667e-016]
    },
    "erbbands": {
        "mean": [0.0100462539122, 0.421573281288, 9.54081821442, 8.34829616547, 2.24907398224, 7.33812665939, 63.2204856873, 9.26752567291, 4.02493286133, 19.9692821503, 13.0477247238, 72.4478225708, 114.398162842, 27.4974040985, 3.95558476448, 1.26556718349, 31.1194114685, 59.8653717041, 14.6335792542, 1.9700422287, 2.63274478912, 1.09428966045, 2.32242536545, 0.803565979004, 0.508505642414, 0.276324152946, 0.10094242543, 0.0361188538373, 0.010037268512, 0.0048584616743, 0.00242708995938, 0.00251002144068, 0.00121241656598, 0.000480327609694, 0.000296658312436, 0.000261352484813, 8.35727041704e-005, 1.14464282888e-005, 1.43313172885e-005, 3.28397436533e-005],
        "var": [0.00213311379775, 1.2269411087, 645.756103516, 384.142608643, 40.2428474426, 927.892150879, 111186.914063, 1920.03637695, 159.620147705, 2844.36157227, 1019.63897705, 16232.1367188, 34027.8125, 2528.67895508, 122.067131042, 16.5306758881, 22471.265625, 25913.984375, 971.397216797, 26.8580036163, 99.7899780273, 4.98524522781, 121.110908508, 4.2383275032, 2.16699767113, 0.688814342022, 0.0934699699283, 0.00544847827405, 0.000854901270941, 0.000132131113787, 1.5797366359e-005, 4.36363225162e-005, 5.53207155463e-006, 6.78233675444e-007, 5.9742188796e-007, 3.32251062218e-007, 2.50912933097e-007, 4.43105818704e-009, 4.78200534726e-010, 2.69319722079e-009]
    },
    "gfcc": {
        "mean": [-187.8230896, 183.578735352, -115.696807861, -16.3729381561, -34.1279220581, -11.7596225739, -22.5403118134, -2.80057764053, -14.7653274536, -7.62336730957, -19.2752323151, -23.3532905579, -1.07690393925],
        "cov": [[5985.99902344, 225.39491272, -1755.60656738, 299.566741943, 410.603149414, 459.013366699, 633.758789063, 31.045135498, -196.486221313, -618.505859375, -341.847717285, -648.001464844, 36.2989349365], [225.39491272, 465.416870117, 353.741516113, 9.74124526978, 129.389755249, -88.7488479614, 86.9872360229, -25.8419818878, -30.1291980743, -105.471313477, -4.83472919464, 29.0000839233, 61.1118888855], [-1755.60656738, 353.741516113, 1375.39196777, -86.69871521, 50.6507034302, -184.03213501, -103.212524414, -36.4841461182, -36.6841011047, 46.4473686218, 49.7047309875, 273.43371582, 48.3723297119], [299.566741943, 9.74124526978, -86.69871521, 431.655639648, 319.555847168, 60.6896629333, 190.659454346, -4.37907314301, -85.7564620972, -85.1262741089, -80.1902389526, -147.586517334, 2.34706568718], [410.603149414, 129.389755249, 50.6507034302, 319.555847168, 565.067260742, 220.43560791, 312.950408936, 23.4247817993, -106.561805725, -182.329910278, -160.370376587, -182.395217896, 9.45219802856], [459.013366699, -88.7488479614, -184.03213501, 60.6896629333, 220.43560791, 434.341369629, 336.915039063, 166.85218811, -41.6118240356, -227.120010376, -196.684143066, -154.400100708, -58.4612197876], [633.758789063, 86.9872360229, -103.212524414, 190.659454346, 312.950408936, 336.915039063, 699.681945801, 330.240142822, -117.329200745, -427.434387207, -261.245025635, -136.311416626, 0.632840931416], [31.045135498, -25.8419818878, -36.4841461182, -4.37907314301, 23.4247817993, 166.85218811, 330.240142822, 371.240081787, 2.73577737808, -215.851226807, -152.140487671, 15.6971578598, -22.3587760925], [-196.486221313, -30.1291980743, -36.6841011047, -85.7564620972, -106.561805725, -41.6118240356, -117.329200745, 2.73577737808, 172.903839111, 153.283294678, 63.6484375, -34.1939811707, -64.123626709], [-618.505859375, -105.471313477, 46.4473686218, -85.1262741089, -182.329910278, -227.120010376, -427.434387207, -215.851226807, 153.283294678, 504.072570801, 211.444488525, 12.1709165573, -100.732727051], [-341.847717285, -4.83472919464, 49.7047309875, -80.1902389526, -160.370376587, -196.684143066, -261.245025635, -152.140487671, 63.6484375, 211.444488525, 245.979797363, 114.493835449, 13.1063613892], [-648.001464844, 29.0000839233, 273.43371582, -147.586517334, -182.395217896, -154.400100708, -136.311416626, 15.6971578598, -34.1939811707, 12.1709165573, 114.493835449, 359.848083496, 118.070114136], [36.2989349365, 61.1118888855, 48.3723297119, 2.34706568718, 9.45219802856, -58.4612197876, 0.632840931416, -22.3587760925, -64.123626709, -100.732727051, 13.1063613892, 118.070114136, 224.259689331]],
        "icov": [[0.000524038390722, -0.000833751924802, 0.000785479031038, 8.25707247714e-005, 6.40276994091e-005, -0.000160774347023, 8.26467075967e-005, 0.000147529266542, 0.000505717180204, 0.000289434974547, 8.08271724964e-005, 0.000458451802842, -2.95279860438e-005], [-0.000833751924802, 0.00555241387337, -0.00212184363045, 0.00113890180364, -0.00164450414013, 0.00262536481023, -0.00137342675589, 0.000935656076763, -0.00213093310595, 0.00120614713524, -0.000482048519189, -0.000227093245485, -1.28029830648e-006], [0.000785479031038, -0.00212184363045, 0.00242474465631, 0.000301731721265, -0.00042115393444, -7.11418033461e-005, 0.000260481669102, 0.000223428723984, 0.000845945673063, 3.05062576444e-006, 0.00077835371485, -0.000607729773037, 0.000463379605208], [8.25707247714e-005, 0.00113890180364, 0.000301731721265, 0.00543101038784, -0.0032164095901, 0.00234012422152, -0.0010022839997, -4.12396620959e-005, 0.00139333482366, -2.10923008126e-005, -0.000423201912781, 0.00131161569152, 2.17864435399e-005], [6.40276994091e-005, -0.00164450414013, -0.00042115393444, -0.0032164095901, 0.00575279956684, -0.00276686553843, -0.000716764247045, 0.000989522435702, 0.000816139974631, -0.000848060590215, 0.000643266830593, 0.000874879129697, -0.000946574320551], [-0.000160774347023, 0.00262536481023, -7.11418033461e-005, 0.00234012422152, -0.00276686553843, 0.00693175382912, -0.00176430703141, 0.000462396361399, -0.00120160903316, 0.00159515114501, 0.00148432538845, 0.000293729128316, 0.00140769092832], [8.26467075967e-005, -0.00137342675589, 0.000260481669102, -0.0010022839997, -0.000716764247045, -0.00176430703141, 0.00669939862564, -0.00441151252016, 0.0019826288335, 0.00210743048228, -0.000861769716721, 0.00160368927754, 0.000146295860759], [0.000147529266542, 0.000935656076763, 0.000223428723984, -4.12396620959e-005, 0.000989522435702, 0.000462396361399, -0.00441151252016, 0.00895671453327, -0.00467648170888, 0.00126177689526, 0.00372177455574, -0.00353111466393, 0.00152883317787], [0.000505717180204, -0.00213093310595, 0.000845945673063, 0.00139333482366, 0.000816139974631, -0.00120160903316, 0.0019826288335, -0.00467648170888, 0.0130974734202, -0.00315030058846, -0.00290241395123, 0.00421695411205, -0.000238278473262], [0.000289434974547, 0.00120614713524, 3.05062576444e-006, -2.10923008126e-005, -0.000848060590215, 0.00159515114501, 0.00210743048228, 0.00126177689526, -0.00315030058846, 0.00760633312166, -0.00201405421831, 0.000685214356054, 0.00246823672205], [8.08271724964e-005, -0.000482048519189, 0.00077835371485, -0.000423201912781, 0.000643266830593, 0.00148432538845, -0.000861769716721, 0.00372177455574, -0.00290241395123, -0.00201405421831, 0.011192927137, -0.00401020189747, 0.000410748383729], [0.000458451802842, -0.000227093245485, -0.000607729773037, 0.00131161569152, 0.000874879129697, 0.000293729128316, 0.00160368927754, -0.00353111466393, 0.00421695411205, 0.000685214356054, -0.00401020189747, 0.00858624838293, -0.00298448069952], [-2.95279860438e-005, -1.28029830648e-006, 0.000463379605208, 2.17864435399e-005, -0.000946574320551, 0.00140769092832, 0.000146295860759, 0.00152883317787, -0.000238278473262, 0.00246823672205, 0.000410748383729, -0.00298448069952, 0.0075107770972]]
    },
    "melbands": {
        "mean": [0.000116019917186, 0.00346393790096, 0.00137172406539, 0.000141686134157, 0.00178796367254, 0.000304006738588, 6.3954932557e-005, 0.000223412629566, 0.000106090737972, 0.000552435929421, 0.000579036946874, 0.000128556086565, 1.41250029628e-005, 3.5717416722e-006, 2.62943808593e-006, 0.000137650349643, 0.000101305624412, 2.97829774354e-005, 2.10316056837e-006, 3.53003588316e-006, 2.6078355404e-006, 9.189346315e-007, 2.23803544941e-006, 1.07364905944e-006, 6.53014808449e-007, 4.77623473216e-007, 2.64608786438e-007, 1.89787286331e-007, 6.222546034e-008, 3.44123840534e-008, 1.45840095556e-008, 6.0963256665e-009, 3.05286218527e-009, 2.29179009104e-009, 1.09929410019e-009, 1.92436577784e-009, 1.33499644672e-009, 8.85701789688e-010, 5.13436682059e-010, 3.49893058971e-010],
        "var": [1.28470432514e-007, 8.44539899845e-005, 9.69264419837e-006, 1.23413542497e-007, 8.61198495841e-005, 2.31875242207e-006, 4.17265617614e-008, 3.71951188072e-007, 1.09368137657e-007, 8.7015354211e-007, 8.91059301011e-007, 6.64630803726e-008, 1.81774040264e-009, 3.13599812785e-010, 1.60318980313e-010, 3.96673584646e-007, 6.59455494656e-008, 5.16542897344e-009, 8.60634272182e-011, 3.12324693885e-010, 7.47934006395e-011, 5.16293301514e-012, 1.07640868441e-010, 2.48864522739e-011, 3.68710747697e-012, 1.41277419451e-012, 1.17443034464e-012, 5.21278224579e-013, 3.43062607673e-014, 1.31278290715e-014, 9.45679568962e-016, 5.88663757903e-016, 2.81295737491e-017, 3.68493444984e-017, 3.76178705609e-018, 2.4339824266e-017, 1.18773069175e-017, 3.71724379369e-018, 7.70775011487e-019, 4.91863202318e-019]
    },
    "mfcc": {
        "mean": [-846.073608398, 207.465209961, 3.58430671692, 10.387216568, 5.90156173706, -6.8162522316, -4.15691995621, -6.74994707108, 5.26304864883, 17.0167865753, 1.52914714813, -17.1366653442, -22.3252887726],
        "cov": [[3731.73706055, 315.781494141, -1759.48779297, 241.431716919, -193.926086426, 106.034950256, 480.703186035, 307.944915771, 309.604003906, 327.282867432, -65.5059280396, -315.149627686, -814.0625], [315.781494141, 452.586456299, 145.321655273, 0.771740555763, 34.0262870789, -40.7689437866, 1.24414348602, 49.0959129333, 22.8984298706, -41.0689201355, -97.7796325684, -11.099448204, 31.5167331696], [-1759.48779297, 145.321655273, 1180.54174805, 18.5039844513, 153.102127075, -34.0044937134, -183.301361084, -121.007759094, -139.584228516, -169.063735962, -46.4791183472, 101.26990509, 382.335021973], [241.431716919, 0.771740555763, 18.5039844513, 366.085266113, 108.976600647, 87.6152954102, 237.53704834, 103.676528931, 93.8595809937, 119.29990387, -27.9439144135, -180.792175293, -199.459106445], [-193.926086426, 34.0262870789, 153.102127075, 108.976600647, 212.75553894, 111.958114624, 58.8090400696, 29.4695301056, 16.9894199371, 50.3533172607, -21.8219680786, -62.1595611572, -36.3022613525], [106.034950256, -40.7689437866, -34.0044937134, 87.6152954102, 111.958114624, 206.739425659, 159.091598511, 39.9869880676, 53.9906234741, 99.229927063, 12.6831846237, -73.3409805298, -137.768875122], [480.703186035, 1.24414348602, -183.301361084, 237.53704834, 58.8090400696, 159.091598511, 471.408630371, 391.816741943, 283.245941162, 174.127838135, -95.1314544678, -157.804962158, -245.287277222], [307.944915771, 49.0959129333, -121.007759094, 103.676528931, 29.4695301056, 39.9869880676, 391.816741943, 615.081298828, 410.965301514, 59.0972213745, -205.057250977, -64.213394165, -71.4571838379], [309.604003906, 22.8984298706, -139.584228516, 93.8595809937, 16.9894199371, 53.9906234741, 283.245941162, 410.965301514, 399.251586914, 157.251953125, -110.004180908, -66.9106674194, -126.072021484], [327.282867432, -41.0689201355, -169.063735962, 119.29990387, 50.3533172607, 99.229927063, 174.127838135, 59.0972213745, 157.251953125, 308.168548584, 119.838737488, -95.4254302979, -240.646560669], [-65.5059280396, -97.7796325684, -46.4791183472, -27.9439144135, -21.8219680786, 12.6831846237, -95.1314544678, -205.057250977, -110.004180908, 119.838737488, 283.178192139, 79.470954895, -57.72057724], [-315.149627686, -11.099448204, 101.26990509, -180.792175293, -62.1595611572, -73.3409805298, -157.804962158, -64.213394165, -66.9106674194, -95.4254302979, 79.470954895, 278.558807373, 253.044219971], [-814.0625, 31.5167331696, 382.335021973, -199.459106445, -36.3022613525, -137.768875122, -245.287277222, -71.4571838379, -126.072021484, -240.646560669, -57.72057724, 253.044219971, 534.993164063]],
        "icov": [[0.00811014976352, -0.0103119276464, 0.0120564280078, -0.00915781594813, 0.00871531758457, -0.00788447912782, 0.00702997390181, -0.00535524403676, 0.00568797253072, -0.00502517353743, 0.00501065328717, -0.00383968325332, 0.00342328823172], [-0.0103119276464, 0.0157935898751, -0.0157139413059, 0.0121589908376, -0.0120384860784, 0.0115202460438, -0.00967094954103, 0.00736827217042, -0.00732615357265, 0.00622710445896, -0.00509984046221, 0.00428941007704, -0.00366268237121], [0.0120564280078, -0.0157139413059, 0.0194221846759, -0.0141751170158, 0.0119395684451, -0.0117925116792, 0.0105865970254, -0.00764995114878, 0.00806786678731, -0.00696198735386, 0.00692646577954, -0.00524729071185, 0.00371043290943], [-0.00915781594813, 0.0121589908376, -0.0141751170158, 0.0183261558414, -0.0145456567407, 0.0140486033633, -0.0158659666777, 0.011010799557, -0.00951945502311, 0.00844504032284, -0.00750177307054, 0.00705828750506, -0.00345371849835], [0.00871531758457, -0.0120384860784, 0.0119395684451, -0.0145456567407, 0.0222324281931, -0.0183748826385, 0.0162136629224, -0.0130730168894, 0.0118765775114, -0.0110662886873, 0.00801346544176, -0.00418804492801, 0.00314590148628], [-0.00788447912782, 0.0115202460438, -0.0117925116792, 0.0140486033633, -0.0183748826385, 0.024287905544, -0.0194745250046, 0.0144776105881, -0.0109417401254, 0.00918468274176, -0.00647162273526, 0.00357336830348, -0.00183354620822], [0.00702997390181, -0.00967094954103, 0.0105865970254, -0.0158659666777, 0.0162136629224, -0.0194745250046, 0.0268723126501, -0.0197616126388, 0.0136260343716, -0.0130563694984, 0.00816985033453, -0.00448761554435, 0.00389417726547], [-0.00535524403676, 0.00736827217042, -0.00764995114878, 0.011010799557, -0.0130730168894, 0.0144776105881, -0.0197616126388, 0.0218140762299, -0.0181800369173, 0.0126251839101, -0.00517133483663, 0.0029241903685, -0.00286251027137], [0.00568797253072, -0.00732615357265, 0.00806786678731, -0.00951945502311, 0.0118765775114, -0.0109417401254, 0.0136260343716, -0.0181800369173, 0.0228623002768, -0.0161475110799, 0.0100380983204, -0.00576605135575, 0.00351355853491], [-0.00502517353743, 0.00622710445896, -0.00696198735386, 0.00844504032284, -0.0110662886873, 0.00918468274176, -0.0130563694984, 0.0126251839101, -0.0161475110799, 0.0197918601334, -0.0125169437379, 0.00604082690552, -0.00168519630097], [0.00501065328717, -0.00509984046221, 0.00692646577954, -0.00750177307054, 0.00801346544176, -0.00647162273526, 0.00816985033453, -0.00517133483663, 0.0100380983204, -0.0125169437379, 0.016125459224, -0.0094850640744, 0.0050714914687], [-0.00383968325332, 0.00428941007704, -0.00524729071185, 0.00705828750506, -0.00418804492801, 0.00357336830348, -0.00448761554435, 0.0029241903685, -0.00576605135575, 0.00604082690552, -0.0094850640744, 0.0136866346002, -0.00688316347077], [0.00342328823172, -0.00366268237121, 0.00371043290943, -0.00345371849835, 0.00314590148628, -0.00183354620822, 0.00389417726547, -0.00286251027137, 0.00351355853491, -0.00168519630097, 0.0050714914687, -0.00688316347077, 0.00837177783251]]
    },
    "spectral_contrast_coeffs": {
        "mean": [-0.569428563118, -0.654081344604, -0.590023040771, -0.704233169556, -0.771538257599, -0.806004047394],
        "var": [0.0138537185267, 0.0138557106256, 0.0207574218512, 0.0104754250497, 0.00519708078355, 0.00264880480245]
    },
    "spectral_contrast_valleys": {
        "mean": [-8.6348772049, -8.2715215683, -9.41057014465, -9.84985542297, -10.5795001984, -13.7343521118],
        "var": [0.914001882076, 1.10862112045, 1.03964948654, 0.985834538937, 0.873291492462, 0.561031520367]
    }
},
"metadata": {
    "audio_properties": {
        "analysis_sample_rate": 44100,
        "bit_rate": 101383,
        "equal_loudness": 0,
        "length": 45.0873451233,
        "lossless": 0,
        "replay_gain": -4.20063781738,
        "sample_rate": 44100,
        "codec": "mp3",
        "downmix": "mix",
        "md5_encoded": "1dbbce5afe973d1e87535d3e262d4449"
    },
    "tags": {
        "file_name": "164.mp3"
    },
    "version": {
        "essentia": "2.1-beta2",
        "essentia_git_sha": "v2.1_beta2",
        "extractor": "music 1.0"
    }
},
"rhythm": {
    "beats_count": 89,
    "beats_loudness": {
        "mean": 0.0311251170933,
        "var": 0.00141569320112
    },
    "bpm": 114.399925232,
    "bpm_histogram_first_peak_bpm": {
        "mean": 115,
        "var": 0
    },
    "bpm_histogram_first_peak_spread": {
        "mean": 0.421052634716,
        "var": 0
    },
    "bpm_histogram_first_peak_weight": {
        "mean": 0.125,
        "var": 0
    },
    "bpm_histogram_second_peak_bpm": {
        "mean": 161,
        "var": 0
    },
    "bpm_histogram_second_peak_spread": {
        "mean": 0.214285701513,
        "var": 0
    },
    "bpm_histogram_second_peak_weight": {
        "mean": 0.125,
        "var": 0
    },
    "danceability": 0.766021549702,
    "onset_rate": 0.953336119652,
    "beats_loudness_band_ratio": {
        "mean": [0.24843724072, 0.21829046309, 0.358502596617, 0.141019433737, 0.0548026375473, 0.00166999525391],
        "var": [0.102031581104, 0.090230897069, 0.104528844357, 0.0348927825689, 0.0181397907436, 1.60725994647e-005]
    },
    "beats_position": [0.394739210606, 0.812698423862, 1.21904754639, 1.62539684772, 2.03174591064, 2.43809509277, 2.8444442749, 3.36689329147, 3.88934230804, 4.41179132462, 4.92263031006, 5.42185926437, 5.93269824982, 6.46675729752, 6.98920631409, 7.52326536179, 8.05732440948, 8.57977294922, 8.93968200684, 9.29959201813, 9.65950107574, 10.0310201645, 10.4025392532, 10.774058342, 11.1455783844, 11.5170974731, 11.8886165619, 12.2601356506, 12.6200447083, 12.9799547195, 13.3514738083, 13.722992897, 14.1061220169, 14.5008611679, 14.8839902878, 15.2555103302, 15.6270294189, 16.0101585388, 16.4281177521, 16.8460769653, 17.2756462097, 17.693605423, 18.1115646362, 18.5295238495, 18.9474830627, 19.3538322449, 19.7485713959, 20.154920578, 20.549659729, 20.94439888, 21.339138031, 21.733877182, 22.128616333, 22.5697956085, 22.9993648529, 23.4521541595, 23.974603653, 24.497051239, 25.0195007324, 25.5419502258, 26.0527877808, 26.563627243, 27.0860767365, 27.6085262299, 28.142583847, 28.6882534027, 29.2339229584, 29.8608608246, 30.4878005981, 31.1147384644, 31.7416782379, 32.3686180115, 33.0071640015, 33.6457138062, 34.2842636108, 34.9228096008, 35.5497512817, 36.1999092102, 36.8500671387, 37.5931053162, 38.3361434937, 39.1256217957, 39.9267120361, 40.6697502136, 41.4127883911, 42.1558265686, 42.8872566223, 43.6186828613, 44.350112915]
},
"tonal": {
    "chords_changes_rate": 0.0596707835793,
    "chords_number_rate": 0.0174897126853,
    "chords_strength": {
        "mean": 0.460076361895,
        "var": 0.0120322927833
    },
    "hpcp_entropy": {
        "mean": 1.6829199791,
        "var": 0.278416633606
    },
    "key_strength": 0.385560691357,
    "tuning_diatonic_strength": 0.204144999385,
    "tuning_equal_tempered_deviation": 0.178193882108,
    "tuning_frequency": 441.272583008,
    "tuning_nontempered_energy_ratio": 0.858243227005,
    "hpcp": {
        "mean": [0.0227118898183, 0.0278395339847, 0.155182108283, 0.239218682051, 0.111721239984, 0.0314201451838, 0.0738427639008, 0.0631813108921, 0.0634447783232, 0.151356711984, 0.153873160481, 0.0747657120228, 0.0318518690765, 0.0446876585484, 0.198583975434, 0.208192542195, 0.0484686307609, 0.0075081656687, 0.0118609257042, 0.0179952513427, 0.0470223017037, 0.0792505145073, 0.0708441138268, 0.090035662055, 0.172881156206, 0.150916948915, 0.0973208621144, 0.169265493751, 0.129605934024, 0.0227718651295, 0.0121451020241, 0.0503077656031, 0.152190566063, 0.133748218417, 0.0404455661774, 0.0315351076424],
        "var": [0.00685467058793, 0.00611071521416, 0.0690416246653, 0.152814343572, 0.0392786115408, 0.00827008578926, 0.0592709220946, 0.0384394973516, 0.0225293710828, 0.0954567044973, 0.0818260461092, 0.0373505540192, 0.0138893118128, 0.0072398209013, 0.108557589352, 0.120077185333, 0.00749165425077, 0.00140569079667, 0.00513112405315, 0.00762225268409, 0.0255341567099, 0.0528209991753, 0.0337682999671, 0.0335833579302, 0.102375648916, 0.0939088091254, 0.0301702618599, 0.121693827212, 0.078056268394, 0.00431075831875, 0.00151915010065, 0.00940567441285, 0.083257496357, 0.0606735683978, 0.008605199866, 0.0128370663151]
    },
    "chords_histogram": [4.83539104462, 0.411522626877, 6.68724298477, 2.98353910446, 0, 7.30452680588, 4.73251008987, 14.8148145676, 2.77777767181, 2.05761313438, 5.34979438782, 6.79012346268, 0.720164597034, 1.54320991039, 6.68724298477, 8.43621444702, 0, 5.14403295517, 2.98353910446, 0, 0.308641970158, 0, 8.33333301544, 7.09876537323],
    "thpcp": [1, 0.467025578022, 0.131344869733, 0.308683097363, 0.264115273952, 0.265216648579, 0.632712781429, 0.643232226372, 0.312541276217, 0.133149594069, 0.186806723475, 0.830135703087, 0.870302200317, 0.202612236142, 0.0313862003386, 0.0495819374919, 0.0752251073718, 0.196566179395, 0.331288993359, 0.296147912741, 0.376373887062, 0.722690880299, 0.630874454975, 0.406828016043, 0.707576394081, 0.541788518429, 0.0951926708221, 0.0507698729634, 0.210300326347, 0.63619852066, 0.559104382992, 0.169073611498, 0.131825432181, 0.0949419587851, 0.116376921535, 0.648703992367],
    "chords_key": "A#",
    "chords_scale": "major",
    "key_key": "A#",
    "key_scale": "minor"
}
}