{
"lowlevel": {
    "average_loudness": 0.939600110054,
    "barkbands_crest": {
        "mean": 17.2475605011,
        "var": 29.5481586456
    },
    "barkbands_flatness_db": {
        "mean": 0.261200785637,
        "var": 0.0167483575642
    },
    "barkbands_kurtosis": {
        "mean": 46.6017913818,
        "var": 5614.22949219
    },
    "barkbands_skewness": {
        "mean": 4.27135801315,
        "var": 13.593662262
    },
    "barkbands_spread": {
        "mean": 18.6832256317,
        "var": 367.308166504
    },
    "dissonance": {
        "mean": 0.466108560562,
        "var": 0.00155654374976
    },
    "dynamic_complexity": 3.07424497604,
    "erbbands_crest": {
        "mean": 10.6274394989,
        "var": 27.4189624786
    },
    "erbbands_flatness_db": {
        "mean": 0.17134205997,
        "var": 0.00321196718141
    },
    "erbbands_kurtosis": {
        "mean": 2.50003933907,
        "var": 55.7115516663
    },
    "erbbands_skewness": {
        "mean": -0.456834226847,
        "var": 2.12872934341
    },
    "erbbands_spread": {
        "mean": 45.6120071411,
        "var": 705.905517578
    },
    "hfc": {
        "mean": 24.0239601135,
        "var": 463.323577881
    },
    "melbands_crest": {
        "mean": 28.0428581238,
        "var": 73.2435684204
    },
    "melbands_flatness_db": {
        "mean": 0.350003361702,
        "var": 0.0251410864294
    },
    "melbands_kurtosis": {
        "mean": 137.663299561,
        "var": 44237.9492188
    },
    "melbands_skewness": {
        "mean": 7.82096815109,
        "var": 35.0502357483
    },
    "melbands_spread": {
        "mean": 17.0062789917,
        "var": 532.491394043
    },
    "pitch_salience": {
        "mean": 0.287189364433,
        "var": 0.0294503364712
    },
    "silence_rate_20dB": {
        "mean": 0.89598351717,
        "var": 0.0931961834431
    },
    "silence_rate_30dB": {
        "mean": 0.617919683456,
        "var": 0.236099123955
    },
    "silence_rate_60dB": {
        "mean": 0.0360453128815,
        "var": 0.0347462333739
    },
    "spectral_centroid": {
        "mean": 1823.30871582,
        "var": 1186339.75
    },
    "spectral_complexity": {
        "mean": 15.8743562698,
        "var": 144.56427002
    },
    "spectral_decrease": {
        "mean": -3.14291348502e-008,
        "var": 1.24005983467e-015
    },
    "spectral_energy": {
        "mean": 0.120799645782,
        "var": 0.0177887454629
    },
    "spectral_energyband_high": {
        "mean": 0.00131264666561,
        "var": 3.79526295546e-006
    },
    "spectral_energyband_low": {
        "mean": 0.110929131508,
        "var": 0.0175512768328
    },
    "spectral_energyband_middle_high": {
        "mean": 0.00410538166761,
        "var": 2.20750971494e-005
    },
    "spectral_energyband_middle_low": {
        "mean": 0.00382360303774,
        "var": 3.24813845509e-005
    },
    "spectral_entropy": {
        "mean": 7.25609731674,
        "var": 0.459861904383
    },
    "spectral_flux": {
        "mean": 0.127264156938,
        "var": 0.0098631279543
    },
    "spectral_kurtosis": {
        "mean": 6.38059520721,
        "var": 86.6588821411
    },
    "spectral_rms": {
        "mean": 0.00928526092321,
        "var": 3.16371733788e-005
    },
    "spectral_rolloff": {
        "mean": 966.685180664,
        "var": 2231253.75
    },
    "spectral_skewness": {
        "mean": 1.54216551781,
        "var": 1.09652745724
    },
    "spectral_spread": {
        "mean": 3971197.75,
        "var": 2.47760420864e+012
    },
    "spectral_strongpeak": {
        "mean": 0.707490563393,
        "var": 1.18859815598
    },
    "zerocrossingrate": {
        "mean": 0.0386488959193,
        "var": 0.00147779099643
    },
    "barkbands": {
        "mean": [0.0184162501246, 0.0893928036094, 0.00379957817495, 0.00109921942931, 0.00130432692822, 0.000438820716226, 0.000562323082704, 0.000153075088747, 0.000230607707635, 0.000145743499161, 0.000291999283945, 0.000168161233887, 0.00018295776681, 0.000216688989894, 0.000690665387083, 0.000386571395211, 0.000324979861034, 0.000400893652113, 0.000831822864711, 0.000778528628871, 0.000439682713477, 0.000259316613665, 0.000105286766484, 8.09236953501e-005, 6.15860335529e-005, 3.53308678314e-005, 1.76226353688e-006],
        "var": [0.000829435070045, 0.0119293611497, 0.000137094044476, 5.76490310777e-006, 8.27703752293e-006, 8.5197189037e-007, 1.22723224649e-006, 1.65031934785e-007, 1.82099427093e-007, 4.30074997837e-008, 3.27717032178e-007, 9.98676981112e-008, 1.25037217913e-007, 3.14949772928e-007, 3.75837566935e-006, 1.27191515276e-006, 6.53429140129e-007, 9.631788771e-007, 2.34653771258e-006, 1.63629817962e-006, 1.09685777261e-006, 3.18549069789e-007, 4.88790163899e-008, 3.46914461602e-008, 2.03888532724e-008, 1.19757093131e-008, 2.61008402391e-011]
    },
    "erbbands": {
        "mean": [5.02332735062, 10.2429084778, 5.41942644119, 4.13643503189, 5.390147686, 3.37691783905, 2.50803351402, 4.25632333755, 5.33237409592, 8.38027191162, 4.48877573013, 4.83775281906, 4.20894527435, 10.7512531281, 7.00539588928, 7.34009408951, 8.93223381042, 10.3311729431, 19.5310153961, 38.7547416687, 20.9592533112, 19.400642395, 19.9720611572, 38.5511474609, 42.3360977173, 37.8442726135, 17.1201457977, 17.9299068451, 11.6137256622, 4.24793863297, 2.93568563461, 2.10622096062, 1.09632277489, 0.773650348186, 0.394281953573, 0.169076666236, 0.0608237497509, 0.00917821377516, 0.000291100295726, 0.000141032898682],
        "var": [43.5652046204, 167.734741211, 177.806243896, 85.0981521606, 167.616867065, 46.5248031616, 32.9520149231, 99.9989776611, 68.5530014038, 377.852844238, 103.156646729, 70.4718856812, 42.9362869263, 416.717834473, 155.881942749, 167.949401855, 276.713470459, 544.053527832, 1447.08874512, 21489.9765625, 4145.97265625, 2583.61694336, 2282.58544922, 5913.45703125, 4624.42236328, 3921.43261719, 688.58416748, 2439.43139648, 632.525817871, 96.4635543823, 33.4557495117, 28.7280006409, 5.29551744461, 3.0574529171, 1.02103388309, 0.21075707674, 0.0430266223848, 0.00057980872225, 3.84979529144e-007, 2.06754471321e-008]
    },
    "gfcc": {
        "mean": [-40.4887657166, 96.0602645874, -97.3711471558, 60.7493629456, -29.6315116882, 22.2114086151, -11.1491479874, 11.139998436, -5.92778968811, 10.7793769836, -7.72138214111, 3.34551692009, -2.01945900917],
        "cov": [[9778.36328125, -2794.3515625, -1387.91259766, 1293.7454834, -393.733215332, 257.167602539, -463.807800293, 695.317565918, -1075.13415527, -7.87090063095, -177.617431641, -60.4124069214, -114.451011658], [-2794.3515625, 1990.18444824, 714.550292969, -399.211639404, 405.671905518, -130.041931152, 416.269622803, -404.275360107, 652.13848877, -72.7237625122, 138.800765991, -4.12062597275, 105.841392517], [-1387.91259766, 714.550292969, 1729.39416504, -156.37272644, 267.571014404, 1.64277493954, 225.159484863, 27.6590652466, 45.4923858643, -22.5397033691, 110.683135986, -3.62732315063, -20.9234600067], [1293.7454834, -399.211639404, -156.37272644, 639.435546875, 109.8412323, -43.811958313, 53.0557365417, 221.94543457, -201.811126709, -99.434928894, 81.529258728, -83.389289856, 52.7931442261], [-393.733215332, 405.671905518, 267.571014404, 109.8412323, 424.998596191, 40.1540184021, 185.353805542, -25.8510875702, 157.556243896, -61.7809715271, 86.5113296509, 5.69330739975, 48.6299209595], [257.167602539, -130.041931152, 1.64277493954, -43.811958313, 40.1540184021, 201.271530151, 33.2993125916, -35.1009674072, 3.46417498589, 42.5203742981, -32.732383728, 44.4670410156, -4.53597640991], [-463.807800293, 416.269622803, 225.159484863, 53.0557365417, 185.353805542, 33.2993125916, 344.715454102, 22.3264465332, 128.70211792, -22.6021347046, 92.6009979248, -19.7539901733, 52.5987052917], [695.317565918, -404.275360107, 27.6590652466, 221.94543457, -25.8510875702, -35.1009674072, 22.3264465332, 380.678283691, -173.591537476, -52.989818573, 74.2977142334, -66.5056686401, -33.2828292847], [-1075.13415527, 652.13848877, 45.4923858643, -201.811126709, 157.556243896, 3.46417498589, 128.70211792, -173.591537476, 513.33416748, 47.8470497131, 4.55137968063, 82.7738800049, 52.0456352234], [-7.87090063095, -72.7237625122, -22.5397033691, -99.434928894, -61.7809715271, 42.5203742981, -22.6021347046, -52.989818573, 47.8470497131, 141.770080566, -0.524777829647, 39.6736106873, 7.65956687927], [-177.617431641, 138.800765991, 110.683135986, 81.529258728, 86.5113296509, -32.732383728, 92.6009979248, 74.2977142334, 4.55137968063, -0.524777829647, 173.190490723, -21.7299575806, 21.232717514], [-60.4124069214, -4.12062597275, -3.62732315063, -83.389289856, 5.69330739975, 44.4670410156, -19.7539901733, -66.5056686401, 82.7738800049, 39.6736106873, -21.7299575806, 125.921318054, 19.489988327], [-114.451011658, 105.841392517, -20.9234600067, 52.7931442261, 48.6299209595, -4.53597640991, 52.5987052917, -33.2828292847, 52.0456352234, 7.65956687927, 21.232717514, 19.489988327, 137.030975342]],
        "icov": [[0.000249175296631, -0.000100462304545, 0.000130155647639, -0.000540486886166, 5.15246429131e-005, -0.000396483024815, 0.000195905289729, -0.000312570191454, 0.000314570817864, -0.000374514813302, 0.000362846738426, -0.000294567871606, 0.000218421919271], [-0.000100462304545, 0.00409680837765, -0.000932455179282, 0.0020958581008, -0.00054073688807, 0.00264241732657, -0.00257152831182, 0.00374445994385, -0.00310012418777, 0.00372289610095, -0.00268644862808, 0.00267113721929, -0.0010164672276], [0.000130155647639, -0.000932455179282, 0.00103249889798, -0.000199580346816, -0.00048441826948, -0.000442896824097, 0.000223106908379, -0.00111033581197, 0.00119043991435, -0.0010929685086, 0.000627818284556, -0.000850537908264, 0.00049804704031], [-0.000540486886166, 0.0020958581008, -0.000199580346816, 0.00508163962513, -0.0016537681222, 0.00242736842483, -0.00174071174115, 0.00112897844519, -0.000874452991411, 0.00303820590489, -0.00216648587957, 0.00230598053895, -0.00227886158973], [5.15246429131e-005, -0.00054073688807, -0.00048441826948, -0.0016537681222, 0.00504204444587, -0.00218293792568, -0.000294583005598, 0.000392930582166, -0.00123937427998, 0.00197818595916, -0.00138660043012, -0.000447192782303, 9.39137680689e-006], [-0.000396483024815, 0.00264241732657, -0.000442896824097, 0.00242736842483, -0.00218293792568, 0.0092908591032, -0.00347412121482, 0.00261218380183, -0.000782847171649, 2.32054003391e-006, 0.000182498682989, -0.000309424533043, -1.17801309898e-005], [0.000195905289729, -0.00257152831182, 0.000223106908379, -0.00174071174115, -0.000294583005598, -0.00347412121482, 0.00677599618211, -0.00285153812729, 0.000665291969199, -0.00172096013557, 6.36121767457e-005, -0.000131111053634, -0.000597137957811], [-0.000312570191454, 0.00374445994385, -0.00111033581197, 0.00112897844519, 0.000392930582166, 0.00261218380183, -0.00285153812729, 0.00786446686834, -0.00249445834197, 0.00438278587535, -0.00426202407107, 0.0029565889854, 0.000136306611239], [0.000314570817864, -0.00310012418777, 0.00119043991435, -0.000874452991411, -0.00123937427998, -0.000782847171649, 0.000665291969199, -0.00249445834197, 0.00639584008604, -0.00423507811502, 0.00290287076496, -0.00384289468639, 0.000632898299955], [-0.000374514813302, 0.00372289610095, -0.0010929685086, 0.00303820590489, 0.00197818595916, 2.32054003391e-006, -0.00172096013557, 0.00438278587535, -0.00423507811502, 0.0142077477649, -0.00544297369197, 0.00156545697246, -0.0020674993284], [0.000362846738426, -0.00268644862808, 0.000627818284556, -0.00216648587957, -0.00138660043012, 0.000182498682989, 6.36121767457e-005, -0.00426202407107, 0.00290287076496, -0.00544297369197, 0.0110398968682, -0.00194099533837, 0.000514258281328], [-0.000294567871606, 0.00267113721929, -0.000850537908264, 0.00230598053895, -0.000447192782303, -0.000309424533043, -0.000131111053634, 0.0029565889854, -0.00384289468639, 0.00156545697246, -0.00194099533837, 0.0131624871865, -0.00260986434296], [0.000218421919271, -0.0010164672276, 0.00049804704031, -0.00227886158973, 9.39137680689e-006, -1.17801309898e-005, -0.000597137957811, 0.000136306611239, 0.000632898299955, -0.0020674993284, 0.000514258281328, -0.00260986434296, 0.00964446831495]]
    },
    "melbands": {
        "mean": [0.0334651321173, 0.00592528562993, 0.000795300176833, 0.000329839007463, 9.23459228943e-005, 8.96594574442e-005, 9.67410232988e-005, 7.88436300354e-005, 3.81902573281e-005, 2.98156264762e-005, 1.99810292543e-005, 4.09046006098e-005, 3.01577365462e-005, 1.65291057783e-005, 2.1584892238e-005, 1.88558842638e-005, 1.85037988558e-005, 2.43188078457e-005, 5.84639710723e-005, 3.43626961694e-005, 2.27971395361e-005, 2.00900612981e-005, 1.74403940036e-005, 1.86850284081e-005, 3.30478251271e-005, 2.78050138149e-005, 3.33498464897e-005, 2.28621229326e-005, 1.07587384264e-005, 9.92027071334e-006, 1.03718439277e-005, 7.88869147073e-006, 2.9356849609e-006, 2.04217553801e-006, 1.62011849625e-006, 1.5777139879e-006, 1.15084401386e-006, 7.87412375303e-007, 6.45659383736e-007, 6.65710786052e-007],
        "var": [0.00176368572284, 7.24609417375e-005, 2.94715982818e-006, 5.02585692175e-007, 4.30513118488e-008, 4.13824992052e-008, 2.58902375094e-008, 3.22999476055e-008, 8.40937364188e-009, 2.74706590808e-009, 1.10350573124e-009, 5.79950487634e-009, 3.14368620025e-009, 8.86048234783e-010, 1.94699678602e-009, 1.46464118611e-009, 1.85791482199e-009, 3.31579785851e-009, 2.56382417518e-008, 1.99713632298e-008, 6.15991480046e-009, 3.79875686463e-009, 7.85095599642e-010, 3.87262133472e-009, 4.91325335972e-009, 2.112112929e-009, 3.18122417298e-009, 1.52236923068e-009, 2.8546889852e-010, 9.78333525303e-010, 1.04475317286e-009, 3.67813307589e-010, 4.50324395829e-011, 2.55760863876e-011, 9.37842338511e-012, 1.21782670753e-011, 9.78885202063e-012, 2.88816756969e-012, 1.81539722491e-012, 2.6970925493e-012]
    },
    "mfcc": {
        "mean": [-690.881103516, 121.506477356, 8.05933666229, 49.7093429565, 15.4109373093, 25.421169281, 12.828962326, 12.6935958862, 12.4392366409, 12.1064472198, 6.96049118042, 4.0621881485, 9.66531944275],
        "cov": [[10636.96875, -3706.94067383, -1333.19921875, 562.451843262, -6.34876775742, -560.718261719, 588.321716309, 21.2870979309, -285.301635742, 90.1617355347, -398.891387939, -220.036590576, -396.187652588], [-3706.94067383, 2405.04199219, 595.321472168, -167.766998291, 60.1602592468, 459.681335449, -307.390716553, 80.5845489502, 188.624801636, -37.1444358826, 232.958816528, 103.59311676, 257.407653809], [-1333.19921875, 595.321472168, 1068.17016602, 63.8519859314, 96.7274093628, 4.36689329147, 142.75239563, 29.60987854, 14.4344701767, -12.5318193436, 92.2457962036, 74.0195007324, -62.9341201782], [562.451843262, -167.766998291, 63.8519859314, 569.989135742, 140.587646484, -136.266616821, 265.529663086, 132.630065918, -2.29445123672, 80.4470443726, -22.7797851563, 15.2023973465, -75.5530700684], [-6.34876775742, 60.1602592468, 96.7274093628, 140.587646484, 232.66859436, 51.7004127502, 48.9643630981, 76.0971221924, 1.97546374798, 9.37705230713, 8.88188838959, 12.465555191, 16.7061042786], [-560.718261719, 459.681335449, 4.36689329147, -136.266616821, 51.7004127502, 406.378997803, -125.261482239, -15.302734375, 88.6310882568, -71.0775299072, 51.9434051514, -3.86537003517, 117.213111877], [588.321716309, -307.390716553, 142.75239563, 265.529663086, 48.9643630981, -125.261482239, 477.418914795, 96.619644165, -54.9661560059, 75.0689926147, 1.75216889381, -2.00834298134, -163.685806274], [21.2870979309, 80.5845489502, 29.60987854, 132.630065918, 76.0971221924, -15.302734375, 96.619644165, 214.726516724, 48.6866035461, 41.3004455566, 68.3035049438, 14.2189044952, 12.4389953613], [-285.301635742, 188.624801636, 14.4344701767, -2.29445123672, 1.97546374798, 88.6310882568, -54.9661560059, 48.6866035461, 162.265274048, 21.5195331573, 12.140914917, 25.6611709595, 68.4274673462], [90.1617355347, -37.1444358826, -12.5318193436, 80.4470443726, 9.37705230713, -71.0775299072, 75.0689926147, 41.3004455566, 21.5195331573, 133.894332886, 16.675485611, 12.3912601471, 8.06053733826], [-398.891387939, 232.958816528, 92.2457962036, -22.7797851563, 8.88188838959, 51.9434051514, 1.75216889381, 68.3035049438, 12.140914917, 16.675485611, 225.188690186, 5.61321783066, 4.58889865875], [-220.036590576, 103.59311676, 74.0195007324, 15.2023973465, 12.465555191, -3.86537003517, -2.00834298134, 14.2189044952, 25.6611709595, 12.3912601471, 5.61321783066, 157.699707031, 34.3743896484], [-396.187652588, 257.407653809, -62.9341201782, -75.5530700684, 16.7061042786, 117.213111877, -163.685806274, 12.4389953613, 68.4274673462, 8.06053733826, 4.58889865875, 34.3743896484, 237.001785278]],
        "icov": [[0.000231434212765, 0.000332386203809, 0.000103138241684, -0.000141121825436, 4.59716138721e-005, -0.000184250442544, 6.03989121828e-007, -0.000157056740136, 0.000124597339891, -6.15607132204e-005, 9.33750561671e-005, 4.33252098446e-005, 6.28475027042e-005], [0.000332386203809, 0.00130527385045, -0.00037260260433, -0.000347258202964, 0.000399105105316, -0.00107263692189, 0.000567986688111, -0.000618559250142, 0.00021600209584, -0.000399109965656, -0.000204311916605, -0.000139782438055, -0.000169119797647], [0.000103138241684, -0.00037260260433, 0.00151802005712, 0.00015352119226, -0.000811417587101, 0.000636396638583, -0.00082693179138, 0.000626210239716, -0.000473199848784, 0.000676017254591, -0.000358883233275, -0.000363550643669, 0.000340912200045], [-0.000141121825436, -0.000347258202964, 0.00015352119226, 0.0032973929774, -0.00176959077362, 0.00111626263242, -0.00135469983798, -0.000513289996888, -0.000741564144846, -0.000268107280135, 0.000417384842876, -6.20154096396e-005, 0.000121302713524], [4.59716138721e-005, 0.000399105105316, -0.000811417587101, -0.00176959077362, 0.0067175864242, -0.00221729511395, 0.000871787662618, -0.00240696338005, 0.00202237162739, -0.000703730329406, 0.000747244281229, -0.000233286176808, -0.000325295579387], [-0.000184250442544, -0.00107263692189, 0.000636396638583, 0.00111626263242, -0.00221729511395, 0.00551584083587, -0.00133757991716, 0.00190193729941, -0.0029121665284, 0.0030989528168, -0.00117573712487, 0.000777170062065, -0.00156799936667], [6.03989121828e-007, 0.000567986688111, -0.00082693179138, -0.00135469983798, 0.000871787662618, -0.00133757991716, 0.00482608983293, -0.00203851354308, 0.0016792389797, -0.00240239058621, 0.000516802654602, -0.000337893317919, 0.00240875920281], [-0.000157056740136, -0.000618559250142, 0.000626210239716, -0.000513289996888, -0.00240696338005, 0.00190193729941, -0.00203851354308, 0.00854231417179, -0.00329802301712, 0.000914074538741, -0.00273517728783, 0.000223258102778, -0.00127358851023], [0.000124597339891, 0.00021600209584, -0.000473199848784, -0.000741564144846, 0.00202237162739, -0.0029121665284, 0.0016792389797, -0.00329802301712, 0.00988231040537, -0.00288762105629, 0.00140779814683, -0.000929896195885, -0.000405212136684], [-6.15607132204e-005, -0.000399109965656, 0.000676017254591, -0.000268107280135, -0.000703730329406, 0.0030989528168, -0.00240239058621, 0.000914074538741, -0.00288762105629, 0.011176080443, -0.00157235912047, 4.99826674059e-005, -0.00228880741633], [9.33750561671e-005, -0.000204311916605, -0.000358883233275, 0.000417384842876, 0.000747244281229, -0.00117573712487, 0.000516802654602, -0.00273517728783, 0.00140779814683, -0.00157235912047, 0.00609420891851, 2.40108856815e-005, 0.000970581313595], [4.33252098446e-005, -0.000139782438055, -0.000363550643669, -6.20154096396e-005, -0.000233286176808, 0.000777170062065, -0.000337893317919, 0.000223258102778, -0.000929896195885, 4.99826674059e-005, 2.40108856815e-005, 0.00710635306314, -0.00126944633666], [6.28475027042e-005, -0.000169119797647, 0.000340912200045, 0.000121302713524, -0.000325295579387, -0.00156799936667, 0.00240875920281, -0.00127358851023, -0.000405212136684, -0.00228880741633, 0.000970581313595, -0.00126944633666, 0.00752634601668]]
    },
    "spectral_contrast_coeffs": {
        "mean": [-0.713949978352, -0.742395877838, -0.778757095337, -0.775424838066, -0.76700180769, -0.731862425804],
        "var": [0.00528046023101, 0.00547458371148, 0.00400362303481, 0.00566238863394, 0.00421452708542, 0.00374687137082]
    },
    "spectral_contrast_valleys": {
        "mean": [-6.89181423187, -7.56726312637, -8.10759353638, -8.2224855423, -8.07732963562, -10.8890953064],
        "var": [1.08343029022, 0.725460827351, 0.960321903229, 1.31147956848, 2.32308912277, 2.28563213348]
    }
},
"metadata": {
    "audio_properties": {
        "analysis_sample_rate": 44100,
        "bit_rate": 128074,
        "equal_loudness": 0,
        "length": 45.0612258911,
        "lossless": 0,
        "replay_gain": -6.06337356567,
        "sample_rate": 44100,
        "codec": "mp3",
        "downmix": "mix",
        "md5_encoded": "79ef2784a751106c2a831f75bd1190a0"
    },
    "tags": {
        "file_name": "1642.mp3"
    },
    "version": {
        "essentia": "2.1-beta2",
        "essentia_git_sha": "v2.1_beta2",
        "extractor": "music 1.0"
    }
},
"rhythm": {
    "beats_count": 107,
    "beats_loudness": {
        "mean": 0.148102074862,
        "var": 0.017343390733
    },
    "bpm": 143.390090942,
    "bpm_histogram_first_peak_bpm": {
        "mean": 144,
        "var": 0
    },
    "bpm_histogram_first_peak_spread": {
        "mean": 0.333333343267,
        "var": 0
    },
    "bpm_histogram_first_peak_weight": {
        "mean": 0.622641503811,
        "var": 0
    },
    "bpm_histogram_second_peak_bpm": {
        "mean": 136,
        "var": 0
    },
    "bpm_histogram_second_peak_spread": {
        "mean": 0,
        "var": 0
    },
    "bpm_histogram_second_peak_weight": {
        "mean": 0.0188679248095,
        "var": 0
    },
    "danceability": 1.1154589653,
    "onset_rate": 4.10367488861,
    "beats_loudness_band_ratio": {
        "mean": [0.79829955101, 0.0408983267844, 0.0401984080672, 0.0267999321222, 0.0550459399819, 0.0521632693708],
        "var": [0.0569963417947, 0.00465443870053, 0.00713382428512, 0.00189014687203, 0.00752640096471, 0.00507685123011]
    },
    "beats_position": [0.359909296036, 0.731428563595, 1.11455774307, 1.49768710136, 1.89242625237, 2.29877543449, 2.71673464775, 3.13469386101, 3.56426286697, 3.97061228752, 4.38857126236, 4.80653047562, 5.22448968887, 5.64244890213, 6.07201814651, 6.5015873909, 6.91954612732, 7.33750534058, 7.73224496841, 8.15020370483, 8.56816291809, 8.98612213135, 9.4040813446, 9.81043052673, 10.22838974, 10.6463489532, 11.0526981354, 11.4822673798, 11.900226593, 12.3297958374, 12.7593650818, 13.177324295, 13.6068935394, 14.0248527527, 14.4428119659, 14.8607711792, 15.2787294388, 15.696688652, 16.114648819, 16.5326080322, 16.9505672455, 17.3685264587, 17.7748756409, 18.181224823, 18.5875740051, 18.9939231873, 19.4351024628, 19.853061676, 20.2826309204, 20.7121982574, 21.1301574707, 21.548116684, 21.9660758972, 22.3840351105, 22.8019943237, 23.219953537, 23.6263027191, 24.0558719635, 24.4622211456, 24.8801803589, 25.3097496033, 25.7277088165, 26.1572780609, 26.5868473053, 27.0048065186, 27.4227657318, 27.8407249451, 28.2586841583, 28.6766433716, 29.0946025848, 29.5241718292, 29.9421310425, 30.3600902557, 30.7664394379, 31.17278862, 31.5791378021, 31.9970970154, 32.4150543213, 32.8562355042, 33.2625846863, 33.6921539307, 34.1101112366, 34.5280723572, 34.9460296631, 35.3639907837, 35.7819480896, 36.1999092102, 36.6178665161, 37.0358276367, 37.4537849426, 37.8717460632, 38.2897033691, 38.7076644897, 39.1256217957, 39.5435829163, 39.9615402222, 40.3911094666, 40.8090705872, 41.2386398315, 41.6565971375, 42.0745582581, 42.492515564, 42.9104766846, 43.340045929, 43.7696151733, 44.1875724792, 44.6055335999]
},
"tonal": {
    "chords_changes_rate": 0.0380658432841,
    "chords_number_rate": 0.00823045242578,
    "chords_strength": {
        "mean": 0.448679625988,
        "var": 0.0077620674856
    },
    "hpcp_entropy": {
        "mean": 2.1683075428,
        "var": 0.593951106071
    },
    "key_strength": 0.64413446188,
    "tuning_diatonic_strength": 0.499722123146,
    "tuning_equal_tempered_deviation": 0.16653726995,
    "tuning_frequency": 434.193115234,
    "tuning_nontempered_energy_ratio": 0.732018828392,
    "hpcp": {
        "mean": [0.0537426099181, 0.0554313696921, 0.0793011561036, 0.138257309794, 0.164579197764, 0.12799744308, 0.10421475023, 0.0950244963169, 0.0739040151238, 0.0540327616036, 0.0445344299078, 0.0434133112431, 0.0353839285672, 0.0270167719573, 0.0280458610505, 0.0344925373793, 0.0347030870616, 0.0303325355053, 0.0385992340744, 0.0393475852907, 0.026614099741, 0.0219116918743, 0.0191868320107, 0.336352199316, 0.657377719879, 0.352399110794, 0.0446358807385, 0.0477572865784, 0.0421922206879, 0.0291520915926, 0.0337364152074, 0.0389038696885, 0.0362905673683, 0.042751070112, 0.0496580228209, 0.0521263070405],
        "var": [0.0264945439994, 0.0221496745944, 0.0336340405047, 0.071973092854, 0.0751943737268, 0.0571098290384, 0.0492532588542, 0.0466742254794, 0.0347847230732, 0.0270225461572, 0.0200735516846, 0.0240833312273, 0.012914150022, 0.00804194435477, 0.00999180506915, 0.0138358343393, 0.0124350516126, 0.00696478411555, 0.0130737563595, 0.0171709135175, 0.00697175180539, 0.00804807431996, 0.00488786911592, 0.0536224879324, 0.200017228723, 0.0532388389111, 0.0158913172781, 0.0261498652399, 0.0208718515933, 0.00846379622817, 0.0115179540589, 0.0166385937482, 0.0146376816556, 0.0173511616886, 0.0268129333854, 0.0250307694077]
    },
    "chords_histogram": [38.3744850159, 0, 4.73251008987, 0, 0, 14.1975307465, 1.02880656719, 29.8353900909, 0, 2.67489719391, 0, 0, 6.17283964157, 0, 0, 0, 0, 0, 0, 0, 0, 0.205761313438, 2.77777767181, 0],
    "thpcp": [1, 0.536067903042, 0.0678998976946, 0.0726481676102, 0.0641826167703, 0.0443460308015, 0.051319681108, 0.0591803900898, 0.0552050471306, 0.065032735467, 0.0755395591259, 0.0792943015695, 0.0817530155182, 0.0843219459057, 0.120632559061, 0.210316389799, 0.250357121229, 0.194709122181, 0.158531010151, 0.144550830126, 0.112422451377, 0.0821943879128, 0.0677455738187, 0.0660401284695, 0.0538258701563, 0.0410977900028, 0.0426632352173, 0.0524698905647, 0.0527901798487, 0.0461417138577, 0.0587169788778, 0.0598553679883, 0.0404852479696, 0.0333319678903, 0.0291869211942, 0.511657416821],
    "chords_key": "A#",
    "chords_scale": "minor",
    "key_key": "A#",
    "key_scale": "minor"
}
}