{
"lowlevel": {
    "average_loudness": 0.940823674202,
    "barkbands_crest": {
        "mean": 14.4994258881,
        "var": 36.006477356
    },
    "barkbands_flatness_db": {
        "mean": 0.213155388832,
        "var": 0.00946376565844
    },
    "barkbands_kurtosis": {
        "mean": 32.4462661743,
        "var": 33391.9960938
    },
    "barkbands_skewness": {
        "mean": 3.07348203659,
        "var": 13.7619457245
    },
    "barkbands_spread": {
        "mean": 15.9737100601,
        "var": 411.183105469
    },
    "dissonance": {
        "mean": 0.430690228939,
        "var": 0.00294986739755
    },
    "dynamic_complexity": 3.32970190048,
    "erbbands_crest": {
        "mean": 11.7229890823,
        "var": 30.7094364166
    },
    "erbbands_flatness_db": {
        "mean": 0.192039236426,
        "var": 0.00466415192932
    },
    "erbbands_kurtosis": {
        "mean": 4.56949234009,
        "var": 413.639953613
    },
    "erbbands_skewness": {
        "mean": 0.955080211163,
        "var": 2.69444227219
    },
    "erbbands_spread": {
        "mean": 39.395866394,
        "var": 1205.1763916
    },
    "hfc": {
        "mean": 20.8749332428,
        "var": 620.955688477
    },
    "melbands_crest": {
        "mean": 18.2771854401,
        "var": 43.6836853027
    },
    "melbands_flatness_db": {
        "mean": 0.293236255646,
        "var": 0.0150620695204
    },
    "melbands_kurtosis": {
        "mean": 56.3341712952,
        "var": 21426.3457031
    },
    "melbands_skewness": {
        "mean": 4.19621419907,
        "var": 15.7751016617
    },
    "melbands_spread": {
        "mean": 19.8693637848,
        "var": 1653.04907227
    },
    "pitch_salience": {
        "mean": 0.476145416498,
        "var": 0.0375797860324
    },
    "silence_rate_20dB": {
        "mean": 1,
        "var": 0
    },
    "silence_rate_30dB": {
        "mean": 0.845520079136,
        "var": 0.130616515875
    },
    "silence_rate_60dB": {
        "mean": 0.113285273314,
        "var": 0.10045132041
    },
    "spectral_centroid": {
        "mean": 1009.66210938,
        "var": 1076619.625
    },
    "spectral_complexity": {
        "mean": 10.7543773651,
        "var": 83.718536377
    },
    "spectral_decrease": {
        "mean": -1.24092416343e-008,
        "var": 1.65716715409e-016
    },
    "spectral_energy": {
        "mean": 0.0487287566066,
        "var": 0.00242969370447
    },
    "spectral_energyband_high": {
        "mean": 0.00102781306487,
        "var": 6.4510068114e-006
    },
    "spectral_energyband_low": {
        "mean": 0.0297607015818,
        "var": 0.00217817025259
    },
    "spectral_energyband_middle_high": {
        "mean": 0.00315785594285,
        "var": 2.25803050853e-005
    },
    "spectral_energyband_middle_low": {
        "mean": 0.0160684548318,
        "var": 0.000290522846626
    },
    "spectral_entropy": {
        "mean": 7.11898422241,
        "var": 0.735774219036
    },
    "spectral_flux": {
        "mean": 0.106327787042,
        "var": 0.00707402592525
    },
    "spectral_kurtosis": {
        "mean": 8.57752323151,
        "var": 104.248374939
    },
    "spectral_rms": {
        "mean": 0.00593185145408,
        "var": 1.23532972793e-005
    },
    "spectral_rolloff": {
        "mean": 1338.44030762,
        "var": 5708864.5
    },
    "spectral_skewness": {
        "mean": 2.08632540703,
        "var": 1.28805828094
    },
    "spectral_spread": {
        "mean": 5382964,
        "var": 9.58094167245e+012
    },
    "spectral_strongpeak": {
        "mean": 1.00989413261,
        "var": 0.814078450203
    },
    "zerocrossingrate": {
        "mean": 0.0538990087807,
        "var": 0.00383015722036
    },
    "barkbands": {
        "mean": [0.00165972101968, 0.0211744364351, 0.0057488665916, 0.00205908436328, 0.00295394612476, 0.00481803482398, 0.00348436762579, 0.000944078783505, 0.00160125026014, 0.000927867251448, 0.000488473742735, 0.000485711876536, 0.000410189793911, 0.000283101311652, 0.00018447151524, 0.000127711638925, 0.000134281275677, 7.52953710617e-005, 0.00010419570026, 8.03930452093e-005, 6.34981188341e-005, 0.000133340174216, 0.000257493142271, 0.000283354602288, 0.000115319446195, 0.000119782285765, 1.04820646811e-005],
        "var": [2.72912566288e-005, 0.00165780121461, 0.000173433858436, 1.81662162504e-005, 3.1230305467e-005, 5.56818849873e-005, 4.65778502985e-005, 3.37483129442e-006, 2.73768255283e-005, 3.67048050975e-006, 1.14393230888e-006, 1.27540715766e-006, 6.37479956822e-007, 3.82425128009e-007, 1.57607047413e-007, 5.58717481169e-008, 7.81877034228e-008, 2.51679566077e-008, 6.96569912861e-008, 5.16895539704e-008, 2.51701415266e-008, 1.0328399469e-007, 5.73665431602e-007, 7.51990455683e-007, 1.18546843453e-007, 1.75220563392e-007, 1.20001975024e-009]
    },
    "erbbands": {
        "mean": [0.661656439304, 4.54765462875, 6.21805524826, 8.9078168869, 4.76340675354, 10.6194906235, 27.2013759613, 41.1678771973, 54.7834129333, 33.4422225952, 21.8706359863, 43.0972976685, 21.4790630341, 30.0011348724, 24.5760002136, 18.9878025055, 20.3196601868, 15.6170606613, 11.2473363876, 7.84574317932, 7.39910411835, 7.0864315033, 4.62735509872, 4.66122627258, 4.82399654388, 4.14015817642, 2.77126264572, 2.74749398232, 3.78881025314, 7.75579738617, 7.82392930984, 7.85366535187, 2.58455133438, 1.45523476601, 0.787848830223, 0.45873695612, 0.225270882249, 0.0456487387419, 0.00130836211611, 8.74597826623e-005],
        "var": [1.92750775814, 77.1884689331, 135.83380127, 425.241394043, 61.7001686096, 511.138671875, 2266.68261719, 4996.57568359, 12065.7138672, 5256.82714844, 1875.2644043, 22611.1796875, 2037.06616211, 4484.40625, 2690.15185547, 1702.46496582, 1466.44946289, 961.786010742, 535.437316895, 225.899337769, 184.15222168, 181.283004761, 80.2181777954, 108.09690094, 171.58934021, 152.850448608, 48.5161514282, 42.3914909363, 71.5514221191, 497.401153564, 551.760742188, 639.567565918, 57.8885955811, 20.269411087, 5.38866090775, 3.30864310265, 0.557418882847, 0.0224049966782, 1.78002646862e-005, 1.49915937442e-008]
    },
    "gfcc": {
        "mean": [-52.7411346436, 84.4500427246, -87.0379867554, 17.2170772552, -60.0807342529, 10.6396913528, -42.9893913269, 3.72977495193, -17.9968833923, 4.64469957352, -10.3211202621, 7.3391289711, -12.9525909424],
        "cov": [[9732.79882813, -228.219116211, -143.492523193, -247.2631073, -526.778381348, 356.136352539, -78.1731033325, 137.103408813, -40.0160369873, 158.485275269, -67.0726089478, 122.689483643, -179.33430481], [-228.219116211, 3319.77148438, -581.670349121, -705.469604492, 461.540283203, -684.405700684, 80.3828735352, -135.848937988, 110.800819397, -274.09979248, 189.832992554, -352.939147949, 136.141708374], [-143.492523193, -581.670349121, 2459.73071289, 1230.25292969, 332.559326172, 549.629333496, 210.442077637, 120.328964233, 178.113616943, -13.7371358871, -51.1626548767, 86.4996566772, -148.661209106], [-247.2631073, -705.469604492, 1230.25292969, 1607.13232422, 572.494873047, 218.508804321, 107.056503296, 166.2134552, 105.067222595, 3.38460016251, 22.5754165649, 52.3192176819, 14.089132309], [-526.778381348, 461.540283203, 332.559326172, 572.494873047, 828.029052734, 127.790184021, 224.95463562, 118.889472961, 80.3287124634, -6.2092757225, 52.9175453186, -67.0343780518, 57.1512794495], [356.136352539, -684.405700684, 549.629333496, 218.508804321, 127.790184021, 762.833374023, 314.108337402, 147.07522583, 80.1136932373, 105.773361206, -52.6771278381, 48.6011962891, -92.4696426392], [-78.1731033325, 80.3828735352, 210.442077637, 107.056503296, 224.95463562, 314.108337402, 460.639831543, 186.876754761, 44.0922966003, 29.958398819, 5.80115699768, -44.6976394653, -32.215133667], [137.103408813, -135.848937988, 120.328964233, 166.2134552, 118.889472961, 147.07522583, 186.876754761, 230.385253906, 86.8776626587, 62.9104728699, 28.2119960785, 8.59751605988, -13.3613500595], [-40.0160369873, 110.800819397, 178.113616943, 105.067222595, 80.3287124634, 80.1136932373, 44.0922966003, 86.8776626587, 231.469070435, 82.1623535156, 62.7652359009, -9.01417255402, 3.98248195648], [158.485275269, -274.09979248, -13.7371358871, 3.38460016251, -6.2092757225, 105.773361206, 29.958398819, 62.9104728699, 82.1623535156, 195.589935303, 54.5629653931, 57.6508712769, 5.6140961647], [-67.0726089478, 189.832992554, -51.1626548767, 22.5754165649, 52.9175453186, -52.6771278381, 5.80115699768, 28.2119960785, 62.7652359009, 54.5629653931, 165.155700684, 59.0140838623, 68.0773010254], [122.689483643, -352.939147949, 86.4996566772, 52.3192176819, -67.0343780518, 48.6011962891, -44.6976394653, 8.59751605988, -9.01417255402, 57.6508712769, 59.0140838623, 193.964416504, 56.386138916], [-179.33430481, 136.141708374, -148.661209106, 14.089132309, 57.1512794495, -92.4696426392, -32.215133667, -13.3613500595, 3.98248195648, 5.6140961647, 68.0773010254, 56.386138916, 149.907730103]],
        "icov": [[0.000132463159389, -0.000166406287462, 6.5746891778e-005, -0.000140841264511, 0.00019856763538, -0.000217637178139, 0.000186874473002, -0.00023698482255, 0.00019317191618, -0.000230896257563, 0.000190058286535, -0.000240990018938, 0.000204964089789], [-0.000166406287462, 0.00155129586346, -0.000436213071225, 0.00128071988001, -0.00130210083444, 0.00133891799487, -0.000903949490748, 0.000953087292146, -0.00124720321037, 0.00182824826334, -0.00193378794938, 0.00197445112281, -0.00084767176304], [6.5746891778e-005, -0.000436213071225, 0.00110109033994, -0.00107284029946, 0.000463102041977, -0.000693146546837, -8.18770568003e-005, 0.000369830406271, -0.000481488736114, 8.97199934116e-005, 0.000699960510246, -0.00137479871046, 0.00128749955911], [-0.000140841264511, 0.00128071988001, -0.00107284029946, 0.00254039419815, -0.00187156279571, 0.00116105971392, -5.96289319219e-005, -0.000262676359853, -0.000621367362328, 0.00143442128319, -0.00151604937855, 0.00162832823116, -0.0012020021677], [0.00019856763538, -0.00130210083444, 0.000463102041977, -0.00187156279571, 0.00329858902842, -0.00130769179668, -1.80731185537e-005, -0.000731579260901, 0.000944719067775, -0.00141596060712, 0.00104421889409, -0.000450453080703, -0.000354915391654], [-0.000217637178139, 0.00133891799487, -0.000693146546837, 0.00116105971392, -0.00130769179668, 0.00394829409197, -0.00261169718578, 0.00123934005387, -0.00168139988091, 0.000477193359984, -0.000129797568661, 0.000230496487347, 0.000209452482522], [0.000186874473002, -0.000903949490748, -8.18770568003e-005, -5.96289319219e-005, -1.80731185537e-005, -0.00261169718578, 0.005864453502, -0.00433288281783, 0.00228390889242, -0.000691523368005, -0.000110641274659, 0.000844996946398, -6.35038668406e-005], [-0.00023698482255, 0.000953087292146, 0.000369830406271, -0.000262676359853, -0.000731579260901, 0.00123934005387, -0.00433288281783, 0.00955432094634, -0.00349178421311, 0.00025644976995, -0.000841191853397, -0.000418808805989, 0.000828906195238], [0.00019317191618, -0.00124720321037, -0.000481488736114, -0.000621367362328, 0.000944719067775, -0.00168139988091, 0.00228390889242, -0.00349178421311, 0.0084863808006, -0.0038573644124, -0.00119078205898, 0.00142424972728, -0.000349003181327], [-0.000230896257563, 0.00182824826334, 8.97199934116e-005, 0.00143442128319, -0.00141596060712, 0.000477193359984, -0.000691523368005, 0.00025644976995, -0.0038573644124, 0.0101818917319, -0.00377937941812, 0.00018296444614, 9.46688960539e-005], [0.000190058286535, -0.00193378794938, 0.000699960510246, -0.00151604937855, 0.00104421889409, -0.000129797568661, -0.000110641274659, -0.000841191853397, -0.00119078205898, -0.00377937941812, 0.0127764092758, -0.00558242760599, -0.00128590059467], [-0.000240990018938, 0.00197445112281, -0.00137479871046, 0.00162832823116, -0.000450453080703, 0.000230496487347, 0.000844996946398, -0.000418808805989, 0.00142424972728, 0.00018296444614, -0.00558242760599, 0.0123206907883, -0.00528350984678], [0.000204964089789, -0.00084767176304, 0.00128749955911, -0.0012020021677, -0.000354915391654, 0.000209452482522, -6.35038668406e-005, 0.000828906195238, -0.000349003181327, 9.46688960539e-005, -0.00128590059467, -0.00528350984678, 0.0119773289189]]
    },
    "melbands": {
        "mean": [0.00617125350982, 0.00437073921785, 0.00139156333171, 0.000467791105621, 0.000900699174963, 0.000958588556387, 0.000807046424598, 0.000320985040162, 0.000193877101992, 0.000255045568338, 9.94572474156e-005, 0.000124412457808, 7.58231908549e-005, 5.97593643761e-005, 4.78473157273e-005, 3.65591331501e-005, 2.89833478746e-005, 1.81143132068e-005, 1.33883031594e-005, 8.81310643308e-006, 8.58355724631e-006, 7.5436410043e-006, 5.55644646738e-006, 3.46877800439e-006, 3.66926178685e-006, 4.42666305389e-006, 2.55546297012e-006, 2.75690058515e-006, 1.73537557657e-006, 1.50532571297e-006, 1.63010008691e-006, 2.33205651057e-006, 2.22509720516e-006, 5.20312642038e-006, 4.76197192256e-006, 5.16989211974e-006, 4.00528188038e-006, 1.67991061062e-006, 1.5375279645e-006, 1.1234262729e-006],
        "var": [0.000144522637129, 4.86278549943e-005, 8.75688056112e-006, 8.25380197966e-007, 2.39150654124e-006, 2.55213421951e-006, 2.4408830086e-006, 4.77874152693e-007, 1.96996921886e-007, 8.08707795841e-007, 4.37908873607e-008, 8.25459949283e-008, 2.74796665423e-008, 1.55996868756e-008, 1.05282591534e-008, 5.20586151964e-009, 3.69109609544e-009, 1.56218382674e-009, 9.61640100883e-010, 2.45771847318e-010, 2.9484192865e-010, 2.23191812254e-010, 1.43175762912e-010, 6.33534266714e-011, 7.02399666208e-011, 1.55479878972e-010, 4.53298093506e-011, 7.44394892949e-011, 1.8520858458e-011, 1.67845789351e-011, 1.55512911576e-011, 2.7942537173e-011, 2.93550045383e-011, 2.48284587334e-010, 2.04928130021e-010, 2.86335344324e-010, 1.58636742631e-010, 2.64095655067e-011, 2.16447346157e-011, 1.3477966139e-011]
    },
    "mfcc": {
        "mean": [-709.201477051, 126.151527405, 22.4884643555, 11.8765392303, 6.02062225342, 4.40172958374, -9.19447612762, 1.89868092537, -8.4780664444, 0.375059664249, -1.93624174595, 1.80064690113, 4.19425773621],
        "cov": [[9493.51171875, -164.783554077, -325.58203125, -674.568481445, -455.036437988, -133.901321411, -139.095214844, -60.0746154785, -101.527313232, 1.19906079769, 9.16791820526, 46.5530166626, 43.6889724731], [-164.783554077, 3445.77294922, -977.438964844, -293.003417969, -137.112136841, -455.897399902, -69.5024871826, -220.019165039, -40.8152770996, -122.44770813, -9.84773445129, -17.3794174194, -18.8040428162], [-325.58203125, -977.438964844, 2096.64306641, 565.734558105, 409.177490234, 484.203521729, 92.3949279785, 369.261657715, 79.7542190552, 175.757095337, 75.2589874268, 89.9536819458, 70.4121551514], [-674.568481445, -293.003417969, 565.734558105, 1328.74963379, 637.967407227, 121.872573853, 152.613571167, 146.54888916, 92.6388549805, 37.2443466187, 4.67729854584, 12.0244550705, 75.7675628662], [-455.036437988, -137.112136841, 409.177490234, 637.967407227, 668.917419434, 267.723480225, 117.903923035, 142.856384277, 92.5114517212, 92.0215682983, 34.3803253174, 35.3018379211, 46.9460411072], [-133.901321411, -455.897399902, 484.203521729, 121.872573853, 267.723480225, 494.387939453, 250.184661865, 209.557144165, 150.607818604, 134.130340576, 97.1555786133, 59.2418479919, 9.6276845932], [-139.095214844, -69.5024871826, 92.3949279785, 152.613571167, 117.903923035, 250.184661865, 423.965698242, 223.48765564, 166.619049072, 99.5412139893, 97.930847168, 43.5561027527, 11.1911277771], [-60.0746154785, -220.019165039, 369.261657715, 146.54888916, 142.856384277, 209.557144165, 223.48765564, 309.193908691, 133.045608521, 116.793968201, 75.151184082, 42.8305282593, 21.63397789], [-101.527313232, -40.8152770996, 79.7542190552, 92.6388549805, 92.5114517212, 150.607818604, 166.619049072, 133.045608521, 218.506774902, 123.132789612, 102.531730652, 50.2797889709, 1.11237514019], [1.19906079769, -122.44770813, 175.757095337, 37.2443466187, 92.0215682983, 134.130340576, 99.5412139893, 116.793968201, 123.132789612, 202.023025513, 127.629432678, 58.6805000305, 11.5288572311], [9.16791820526, -9.84773445129, 75.2589874268, 4.67729854584, 34.3803253174, 97.1555786133, 97.930847168, 75.151184082, 102.531730652, 127.629432678, 182.690444946, 89.2547683716, 15.1426124573], [46.5530166626, -17.3794174194, 89.9536819458, 12.0244550705, 35.3018379211, 59.2418479919, 43.5561027527, 42.8305282593, 50.2797889709, 58.6805000305, 89.2547683716, 139.869262695, 58.6373977661], [43.6889724731, -18.8040428162, 70.4121551514, 75.7675628662, 46.9460411072, 9.6276845932, 11.1911277771, 21.63397789, 1.11237514019, 11.5288572311, 15.1426124573, 58.6373977661, 119.479568481]],
        "icov": [[0.000111798079161, 9.93945559458e-006, 1.78332120413e-005, 3.07121626975e-005, 5.08181510668e-005, -1.03894144559e-005, 3.25602049998e-005, -4.52648491773e-005, 5.26701405761e-005, -4.56316010968e-005, 7.32348462407e-006, -3.22148407577e-005, -6.44907267997e-005], [9.93945559458e-006, 0.000390971719753, 5.09134624735e-005, 0.000203087562113, -0.000338618207024, 0.000553320453037, -0.000249162258115, 0.000126267608721, -0.000186052158824, 0.000244526687311, -0.000214039348066, -1.4124028894e-005, 2.4030597956e-007], [1.78332120413e-005, 5.09134624735e-005, 0.000993391266093, -0.000493251543958, 0.000370016903616, -0.00107018835843, 0.000957695010584, -0.00117440370377, 0.000657603086438, -0.000382750877179, 0.000131931970827, -0.000319522805512, -3.64478983101e-005], [3.07121626975e-005, 0.000203087562113, -0.000493251543958, 0.00202962313779, -0.00214460189454, 0.00172130600549, -0.00109119329136, 0.000456274166936, -0.000805053219665, 0.000848655356094, -0.00030839885585, 0.000529683195055, -0.000547376985196], [5.08181510668e-005, -0.000338618207024, 0.000370016903616, -0.00214460189454, 0.00442921370268, -0.00291134510189, 0.00138021016028, -0.000632646493614, 0.000624253123533, -0.0013769128127, 0.000926560838707, -0.000360929785529, -0.000263649591943], [-1.03894144559e-005, 0.000553320453037, -0.00107018835843, 0.00172130600549, -0.00291134510189, 0.00645624473691, -0.00301016867161, 0.000601859239396, -0.00145673530642, 0.00032105029095, -0.000451851024991, -0.000191927349078, 0.000560707645491], [3.25602049998e-005, -0.000249162258115, 0.000957695010584, -0.00109119329136, 0.00138021016028, -0.00301016867161, 0.00617504958063, -0.00347133399919, -0.00104636698961, 0.000729069579393, -0.000970134628005, 0.000300319283269, -0.00025817390997], [-4.52648491773e-005, 0.000126267608721, -0.00117440370377, 0.000456274166936, -0.000632646493614, 0.000601859239396, -0.00347133399919, 0.0080174729228, -0.00171431596391, -0.0015148841776, 0.000780739064794, 0.000262977642706, -0.000553177669644], [5.26701405761e-005, -0.000186052158824, 0.000657603086438, -0.000805053219665, 0.000624253123533, -0.00145673530642, -0.00104636698961, -0.00171431596391, 0.00996405538172, -0.00350998342037, -0.00108317181002, -0.00102189718746, 0.00123967707623], [-4.56316010968e-005, 0.000244526687311, -0.000382750877179, 0.000848655356094, -0.0013769128127, 0.00032105029095, 0.000729069579393, -0.0015148841776, -0.00350998342037, 0.0122202001512, -0.00666540954262, 0.00124337908346, -0.000448213657364], [7.32348462407e-006, -0.000214039348066, 0.000131931970827, -0.00030839885585, 0.000926560838707, -0.000451851024991, -0.000970134628005, 0.000780739064794, -0.00108317181002, -0.00666540954262, 0.0140090417117, -0.00657948339358, 0.00181010307278], [-3.22148407577e-005, -1.4124028894e-005, -0.000319522805512, 0.000529683195055, -0.000360929785529, -0.000191927349078, 0.000300319283269, 0.000262977642706, -0.00102189718746, 0.00124337908346, -0.00657948339358, 0.0139520736411, -0.00618040002882], [-6.44907267997e-005, 2.4030597956e-007, -3.64478983101e-005, -0.000547376985196, -0.000263649591943, 0.000560707645491, -0.00025817390997, -0.000553177669644, 0.00123967707623, -0.000448213657364, 0.00181010307278, -0.00618040002882, 0.0117800794542]]
    },
    "spectral_contrast_coeffs": {
        "mean": [-0.589727640152, -0.666998267174, -0.778993904591, -0.792547225952, -0.800808906555, -0.795885622501],
        "var": [0.0165690947324, 0.0126156713814, 0.00774887111038, 0.0038881606888, 0.0024566189386, 0.00140781735536]
    },
    "spectral_contrast_valleys": {
        "mean": [-8.23458766937, -7.28790664673, -7.93407344818, -8.36967372894, -8.54409122467, -10.5395364761],
        "var": [2.05961322784, 1.76639294624, 1.78461289406, 1.45065104961, 1.21387791634, 1.81022369862]
    }
},
"metadata": {
    "audio_properties": {
        "analysis_sample_rate": 44100,
        "bit_rate": 128074,
        "equal_loudness": 0,
        "length": 45.0612258911,
        "lossless": 0,
        "replay_gain": -5.34320640564,
        "sample_rate": 44100,
        "codec": "mp3",
        "downmix": "mix",
        "md5_encoded": "05fbd305c379c46b8f1930ce38f484d8"
    },
    "tags": {
        "file_name": "1645.mp3"
    },
    "version": {
        "essentia": "2.1-beta2",
        "essentia_git_sha": "v2.1_beta2",
        "extractor": "music 1.0"
    }
},
"rhythm": {
    "beats_count": 114,
    "beats_loudness": {
        "mean": 0.0643452629447,
        "var": 0.00178440427408
    },
    "bpm": 152.003768921,
    "bpm_histogram_first_peak_bpm": {
        "mean": 152,
        "var": 0
    },
    "bpm_histogram_first_peak_spread": {
        "mean": 0.0183486323804,
        "var": 0
    },
    "bpm_histogram_first_peak_weight": {
        "mean": 0.946902632713,
        "var": 0
    },
    "bpm_histogram_second_peak_bpm": {
        "mean": 157,
        "var": 0
    },
    "bpm_histogram_second_peak_spread": {
        "mean": 0,
        "var": 0
    },
    "bpm_histogram_second_peak_weight": {
        "mean": 0.0176991149783,
        "var": 0
    },
    "danceability": 1.13427114487,
    "onset_rate": 5.12404823303,
    "beats_loudness_band_ratio": {
        "mean": [0.432392209768, 0.253296524286, 0.171945869923, 0.0909647643566, 0.032949000597, 0.062253460288],
        "var": [0.153452545404, 0.0639888495207, 0.036260727793, 0.0147470468655, 0.00366912945174, 0.0157501455396]
    },
    "beats_position": [0.336689323187, 0.684988677502, 1.04489791393, 1.43963718414, 1.83437633514, 2.22911548615, 2.62385487556, 3.01859402657, 3.41333317757, 3.80807256699, 4.20281171799, 4.59755086899, 4.99229001999, 5.38702917099, 5.78176879883, 6.17650794983, 6.57124710083, 6.96598625183, 7.36072540283, 7.75546455383, 8.15020370483, 8.54494285583, 8.93968200684, 9.33442115784, 9.72916126251, 10.1239004135, 10.5186395645, 10.9133787155, 11.3081178665, 11.7028570175, 12.0975961685, 12.4923353195, 12.8870744705, 13.2818136215, 13.6765527725, 14.0712919235, 14.4660310745, 14.8607711792, 15.2555103302, 15.6502494812, 16.0449886322, 16.4397277832, 16.8344669342, 17.2292060852, 17.6239452362, 18.0186843872, 18.4134235382, 18.8081626892, 19.2029018402, 19.5976409912, 19.9923801422, 20.3871192932, 20.7818584442, 21.1765975952, 21.5713367462, 21.9660758972, 22.3608150482, 22.7555541992, 23.1502952576, 23.5450344086, 23.9397735596, 24.3345127106, 24.7292518616, 25.1123809814, 25.5187301636, 25.9134693146, 26.3082084656, 26.7029476166, 27.0976867676, 27.4924259186, 27.8871650696, 28.2819042206, 28.6766433716, 29.0713825226, 29.4661216736, 29.8608608246, 30.2555999756, 30.6503391266, 31.0566883087, 31.4398174286, 31.8345565796, 32.2292976379, 32.6240348816, 33.0187759399, 33.4135131836, 33.8082542419, 34.2029914856, 34.5977325439, 34.9924697876, 35.3872108459, 35.7819480896, 36.1766891479, 36.5714263916, 36.96616745, 37.3609046936, 37.755645752, 38.1503829956, 38.545124054, 38.9398651123, 39.334602356, 39.7293434143, 40.124080658, 40.5188217163, 40.91355896, 41.3083000183, 41.703037262, 42.0977783203, 42.492515564, 42.8872566223, 43.281993866, 43.6767349243, 44.071472168, 44.4662132263, 44.86095047]
},
"tonal": {
    "chords_changes_rate": 0.101851850748,
    "chords_number_rate": 0.0123456791043,
    "chords_strength": {
        "mean": 0.512630701065,
        "var": 0.00821738224477
    },
    "hpcp_entropy": {
        "mean": 2.11635518074,
        "var": 0.750824809074
    },
    "key_strength": 0.829726755619,
    "tuning_diatonic_strength": 0.725682735443,
    "tuning_equal_tempered_deviation": 0.227298811078,
    "tuning_frequency": 434.193115234,
    "tuning_nontempered_energy_ratio": 0.917594373226,
    "hpcp": {
        "mean": [0.128757312894, 0.153084456921, 0.146053120494, 0.124108292162, 0.094558775425, 0.079473555088, 0.0829787552357, 0.0840654820204, 0.102593198419, 0.253920316696, 0.316055476665, 0.172458693385, 0.0761506259441, 0.0592932142317, 0.0552048832178, 0.0770683139563, 0.113391488791, 0.12304585427, 0.11041290313, 0.0853004604578, 0.0744642913342, 0.109744399786, 0.139050319791, 0.177590578794, 0.211262732744, 0.144613996148, 0.0669821277261, 0.0455392673612, 0.040194850415, 0.0528882294893, 0.109385974705, 0.16799415648, 0.14257286489, 0.0782722905278, 0.060064997524, 0.0816734284163],
        "var": [0.0558719411492, 0.0658057630062, 0.056906580925, 0.055991884321, 0.0423078238964, 0.0378402173519, 0.0405890531838, 0.0376648530364, 0.0381040647626, 0.107057482004, 0.162791267037, 0.0651683136821, 0.0307219773531, 0.0232633817941, 0.0199062265456, 0.0280416850001, 0.0477045997977, 0.0557622127235, 0.0506868772209, 0.0398613400757, 0.0258623268455, 0.0491045974195, 0.0646998509765, 0.0796694904566, 0.112310007215, 0.0618526265025, 0.0256707239896, 0.0167886000127, 0.0125489430502, 0.0166613589972, 0.0450416728854, 0.0847508534789, 0.0732592865825, 0.027513563633, 0.0199636183679, 0.0311476308852]
    },
    "chords_histogram": [28.0864200592, 17.6954727173, 11.9341564178, 4.93827152252, 1.74897122383, 0.514403283596, 0.720164597034, 0, 0, 0, 0, 0, 0, 0, 0, 1.85185182095, 0, 6.68724298477, 6.48148155212, 10.2880659103, 0, 3.18930029869, 1.33744859695, 4.52674913406],
    "thpcp": [1, 0.545659542084, 0.240940690041, 0.18760381639, 0.174668326974, 0.243844255805, 0.358770847321, 0.389317274094, 0.349346578121, 0.269890785217, 0.23560513556, 0.347231447697, 0.439955413342, 0.5618968606, 0.668435573578, 0.457558900118, 0.211931556463, 0.144086316228, 0.127176567912, 0.167338430882, 0.346097379923, 0.531533777714, 0.451100766659, 0.247653648257, 0.190045744181, 0.258414834738, 0.407388329506, 0.484359443188, 0.462112277746, 0.392678827047, 0.299184113741, 0.251454442739, 0.262544900179, 0.265983313322, 0.324605047703, 0.803404271603],
    "chords_key": "F",
    "chords_scale": "major",
    "key_key": "F",
    "key_scale": "major"
}
}