{
"lowlevel": {
    "average_loudness": 0.873427689075,
    "barkbands_crest": {
        "mean": 12.8245258331,
        "var": 24.592918396
    },
    "barkbands_flatness_db": {
        "mean": 0.291189938784,
        "var": 0.00401533348486
    },
    "barkbands_kurtosis": {
        "mean": 9.37430953979,
        "var": 124.437728882
    },
    "barkbands_skewness": {
        "mean": 2.32210016251,
        "var": 1.63970530033
    },
    "barkbands_spread": {
        "mean": 7.82381153107,
        "var": 41.7138824463
    },
    "dissonance": {
        "mean": 0.421347737312,
        "var": 0.00289585930295
    },
    "dynamic_complexity": 2.44088220596,
    "erbbands_crest": {
        "mean": 9.94516849518,
        "var": 14.4565839767
    },
    "erbbands_flatness_db": {
        "mean": 0.254778832197,
        "var": 0.00217805756256
    },
    "erbbands_kurtosis": {
        "mean": 0.587872922421,
        "var": 5.84583568573
    },
    "erbbands_skewness": {
        "mean": 0.540927171707,
        "var": 0.451922535896
    },
    "erbbands_spread": {
        "mean": 27.1834850311,
        "var": 191.303787231
    },
    "hfc": {
        "mean": 12.6930990219,
        "var": 73.9353790283
    },
    "melbands_crest": {
        "mean": 16.374458313,
        "var": 15.9962453842
    },
    "melbands_flatness_db": {
        "mean": 0.404752850533,
        "var": 0.0061544617638
    },
    "melbands_kurtosis": {
        "mean": 18.3484954834,
        "var": 387.860839844
    },
    "melbands_skewness": {
        "mean": 3.14105844498,
        "var": 2.41824245453
    },
    "melbands_spread": {
        "mean": 7.38547706604,
        "var": 50.462978363
    },
    "pitch_salience": {
        "mean": 0.481985151768,
        "var": 0.0136808967218
    },
    "silence_rate_20dB": {
        "mean": 1,
        "var": 0
    },
    "silence_rate_30dB": {
        "mean": 0.868177115917,
        "var": 0.114447154105
    },
    "silence_rate_60dB": {
        "mean": 0.00411946466193,
        "var": 0.00410263938829
    },
    "spectral_centroid": {
        "mean": 580.30255127,
        "var": 157700.40625
    },
    "spectral_complexity": {
        "mean": 12.582903862,
        "var": 18.1824016571
    },
    "spectral_decrease": {
        "mean": -1.4968504658e-008,
        "var": 9.59467571277e-017
    },
    "spectral_energy": {
        "mean": 0.0576459169388,
        "var": 0.00140920386184
    },
    "spectral_energyband_high": {
        "mean": 5.70877964492e-005,
        "var": 4.28739639347e-008
    },
    "spectral_energyband_low": {
        "mean": 0.0398309826851,
        "var": 0.00101760646794
    },
    "spectral_energyband_middle_high": {
        "mean": 0.00198467308655,
        "var": 6.37763332634e-006
    },
    "spectral_energyband_middle_low": {
        "mean": 0.0185731146485,
        "var": 0.000191170591279
    },
    "spectral_entropy": {
        "mean": 6.29496431351,
        "var": 0.259890258312
    },
    "spectral_flux": {
        "mean": 0.0733798071742,
        "var": 0.00232683424838
    },
    "spectral_kurtosis": {
        "mean": 28.1233444214,
        "var": 879.520935059
    },
    "spectral_rms": {
        "mean": 0.00706618698314,
        "var": 6.30881140751e-006
    },
    "spectral_rolloff": {
        "mean": 419.540527344,
        "var": 313370.40625
    },
    "spectral_skewness": {
        "mean": 3.24787855148,
        "var": 3.45902109146
    },
    "spectral_spread": {
        "mean": 1861298.625,
        "var": 1.72014528102e+012
    },
    "spectral_strongpeak": {
        "mean": 0.67165607214,
        "var": 0.233243301511
    },
    "zerocrossingrate": {
        "mean": 0.0179386790842,
        "var": 0.000226489908528
    },
    "barkbands": {
        "mean": [0.00105853064451, 0.0241757668555, 0.0119240116328, 0.00470405537635, 0.00422373553738, 0.00451797293499, 0.00310049857944, 0.000871757918503, 0.000902359897736, 0.000397706462536, 0.000253298174357, 0.000252780795563, 0.000164225304616, 0.00027251476422, 0.000261128443526, 0.000108600819658, 0.000170881612576, 0.000112378176709, 9.23762054299e-005, 4.45062942163e-005, 2.70146247203e-005, 6.73640397508e-006, 5.52313451863e-007, 1.03187903733e-006, 1.39844712521e-006, 1.56129374318e-007, 2.59857877438e-008],
        "var": [3.93240327412e-007, 0.000667382904794, 0.000231379759498, 3.92640868085e-005, 2.40125864366e-005, 3.44192594639e-005, 1.19783298942e-005, 4.06585058954e-006, 2.10742405216e-006, 1.87261082374e-006, 2.69725660473e-007, 1.1985154913e-007, 1.30489951289e-007, 1.38031296615e-007, 5.36247910077e-007, 1.23256953088e-007, 3.04397758555e-007, 1.22816061321e-007, 7.01664646385e-008, 2.3353869949e-008, 9.39329236616e-009, 1.01317698675e-009, 3.26514683346e-011, 3.96752408705e-010, 1.41371137019e-009, 2.40496793487e-012, 9.32091751872e-013]
    },
    "erbbands": {
        "mean": [0.434166580439, 6.30523490906, 13.5399026871, 18.1166973114, 11.2103815079, 16.1162528992, 21.7199287415, 36.7420959473, 44.7970848083, 42.8451156616, 20.5570259094, 20.1152648926, 20.530626297, 8.96304607391, 10.0664978027, 10.1639518738, 9.2450799942, 15.3433609009, 13.0257663727, 9.51013755798, 8.00419044495, 7.90161371231, 5.60932540894, 7.07051515579, 3.35772871971, 2.39399504662, 1.79201292992, 0.382237583399, 0.232788845897, 0.0924109593034, 0.0169296171516, 0.0100303161889, 0.0222709197551, 0.0114844879135, 0.0130212251097, 0.00212547578849, 0.000268122093985, 5.15636093041e-005, 3.03056986013e-005, 6.33784584352e-005],
        "var": [0.214391589165, 45.6795082092, 182.654769897, 560.660705566, 215.706237793, 336.466827393, 859.331848145, 2298.99584961, 3684.39257813, 4465.24169922, 2890.58056641, 1248.72387695, 2764.71118164, 346.18862915, 275.545379639, 205.887451172, 335.474853516, 415.725250244, 1679.90319824, 613.542358398, 701.08984375, 515.831665039, 218.104660034, 444.34854126, 131.365982056, 79.8400421143, 36.5598983765, 1.90231335163, 1.0732177496, 0.306815981865, 0.0304167382419, 0.00975520443171, 0.230973035097, 0.0513289496303, 0.159097284079, 0.00241419230588, 1.18520665637e-005, 1.35299262638e-006, 2.10693862357e-008, 1.68854219496e-009]
    },
    "gfcc": {
        "mean": [-84.4819641113, 210.346298218, -112.947921753, 20.3208618164, -15.2924470901, -16.0931606293, -17.3283519745, -1.08181464672, -11.3373889923, 2.23462057114, -0.688943743706, -13.5148868561, -0.922403633595],
        "cov": [[2834.41430664, -489.033966064, -612.171203613, 588.688903809, -63.2640075684, 1.99270832539, 73.0757904053, 88.6822357178, -56.0830802917, 106.318832397, -113.407455444, 1.04681909084, -7.48228168488], [-489.033966064, 946.007629395, 358.24810791, -584.449890137, 143.364379883, -112.971153259, 32.5967521667, -68.6924209595, 52.1525382996, -152.234786987, 115.612289429, -75.7205047607, 24.4729537964], [-612.171203613, 358.24810791, 751.389038086, -329.402496338, 18.8963603973, 97.4565811157, -56.3642807007, 29.0007801056, 26.525472641, -81.7914123535, 36.7157516479, -19.2618217468, 19.9219875336], [588.688903809, -584.449890137, -329.402496338, 651.261169434, -22.0718212128, 1.48109388351, 113.70500946, -29.1703567505, 20.7231197357, 102.85584259, -96.2430496216, 57.0250511169, -32.2994194031], [-63.2640075684, 143.364379883, 18.8963603973, -22.0718212128, 191.71005249, 17.9196109772, 46.4907913208, 14.2356920242, 42.7754592896, -21.2540206909, 26.5165691376, 2.15381741524, 7.40963029861], [1.99270832539, -112.971153259, 97.4565811157, 1.48109388351, 17.9196109772, 171.989013672, 17.3603191376, 45.8292160034, 17.3561649323, 23.4057617188, 0.564053654671, 18.5070915222, 3.34295344353], [73.0757904053, 32.5967521667, -56.3642807007, 113.70500946, 46.4907913208, 17.3603191376, 220.139663696, 1.59865248203, 58.3299026489, 16.0977153778, 6.24465274811, 28.2457695007, -31.9062900543], [88.6822357178, -68.6924209595, 29.0007801056, -29.1703567505, 14.2356920242, 45.8292160034, 1.59865248203, 142.327484131, 2.4803404808, 3.32122373581, 26.0006523132, 21.5141448975, 12.4509468079], [-56.0830802917, 52.1525382996, 26.525472641, 20.7231197357, 42.7754592896, 17.3561649323, 58.3299026489, 2.4803404808, 103.775947571, 15.6252994537, -11.6011257172, 11.3495597839, -1.43146395683], [106.318832397, -152.234786987, -81.7914123535, 102.85584259, -21.2540206909, 23.4057617188, 16.0977153778, 3.32122373581, 15.6252994537, 98.6754074097, -3.11812472343, 7.30310964584, 5.76983833313], [-113.407455444, 115.612289429, 36.7157516479, -96.2430496216, 26.5165691376, 0.564053654671, 6.24465274811, 26.0006523132, -11.6011257172, -3.11812472343, 114.041816711, 22.9950237274, 10.4258041382], [1.04681909084, -75.7205047607, -19.2618217468, 57.0250511169, 2.15381741524, 18.5070915222, 28.2457695007, 21.5141448975, 11.3495597839, 7.30310964584, 22.9950237274, 90.9072875977, 2.91137981415], [-7.48228168488, 24.4729537964, 19.9219875336, -32.2994194031, 7.40963029861, 3.34295344353, -31.9062900543, 12.4509468079, -1.43146395683, 5.76983833313, 10.4258041382, 2.91137981415, 70.5382766724]],
        "icov": [[0.000744515331462, -0.00196008104831, 0.000783223891631, -0.00195936742239, 0.000913473893888, -0.00142640026752, 0.000971235625912, -0.00180880376138, 0.00121739471797, -0.000857333128806, 0.00109178898856, -0.000220440080739, 0.000313417200232], [-0.00196008104831, 0.0172574874014, -0.00428654812276, 0.0140531407669, -0.00723761552945, 0.0115720098838, -0.00922772008926, 0.0114086056128, -0.00823947321624, 0.00828248076141, -0.00792445708066, 0.0051653389819, -0.00441224453971], [0.000783223891631, -0.00428654812276, 0.00329839810729, -0.00293327239342, 0.00220731622539, -0.0043299915269, 0.00253452570178, -0.00296230381355, 0.00118305464275, -0.00058524654014, 0.00184485095087, -0.000889944494702, 0.000774171261583], [-0.00195936742239, 0.0140531407669, -0.00293327239342, 0.014820350334, -0.0062895338051, 0.0095690023154, -0.00858586467803, 0.00995433982462, -0.00603706808761, 0.00423037074506, -0.00371847907081, 0.00176987133455, -0.002894340083], [0.000913473893888, -0.00723761552945, 0.00220731622539, -0.0062895338051, 0.00983851216733, -0.0058446736075, 0.00307432212867, -0.0050681931898, 0.000436125264969, -0.000604618398938, 0.00107749353629, -0.000721429300029, 0.000562113185879], [-0.00142640026752, 0.0115720098838, -0.0043299915269, 0.0095690023154, -0.0058446736075, 0.0156161291525, -0.00667582917958, 0.00562095968053, -0.00502762710676, 0.00243801786564, -0.00392229389399, 0.00194264389575, -0.00250147329643], [0.000971235625912, -0.00922772008926, 0.00253452570178, -0.00858586467803, 0.00307432212867, -0.00667582917958, 0.0117221064866, -0.00594946788624, 0.000918026315048, -0.00381822441705, 0.00248375535011, -0.00332203228027, 0.00510402908549], [-0.00180880376138, 0.0114086056128, -0.00296230381355, 0.00995433982462, -0.0050681931898, 0.00562095968053, -0.00594946788624, 0.0163274593651, -0.00564763089642, 0.00548983225599, -0.00668123550713, 0.00168471923098, -0.00370811810717], [0.00121739471797, -0.00823947321624, 0.00118305464275, -0.00603706808761, 0.000436125264969, -0.00502762710676, 0.000918026315048, -0.00564763089642, 0.0181497763842, -0.00782229099423, 0.0076241325587, -0.00439075659961, 0.0015563868219], [-0.000857333128806, 0.00828248076141, -0.00058524654014, 0.00423037074506, -0.000604618398938, 0.00243801786564, -0.00381822441705, 0.00548983225599, -0.00782229099423, 0.0195800922811, -0.00724467867985, 0.00491651613265, -0.00450275372714], [0.00109178898856, -0.00792445708066, 0.00184485095087, -0.00371847907081, 0.00107749353629, -0.00392229389399, 0.00248375535011, -0.00668123550713, 0.0076241325587, -0.00724467867985, 0.0171765312552, -0.00707054696977, 0.00151732761879], [-0.000220440080739, 0.0051653389819, -0.000889944494702, 0.00176987133455, -0.000721429300029, 0.00194264389575, -0.00332203228027, 0.00168471923098, -0.00439075659961, 0.00491651613265, -0.00707054696977, 0.0162892900407, -0.00268853758462], [0.000313417200232, -0.00441224453971, 0.000774171261583, -0.002894340083, 0.000562113185879, -0.00250147329643, 0.00510402908549, -0.00370811810717, 0.0015563868219, -0.00450275372714, 0.00151732761879, -0.00268853758462, 0.0175061095506]]
    },
    "melbands": {
        "mean": [0.00563264358789, 0.00803824514151, 0.00290684960783, 0.0009081325843, 0.00076979061123, 0.000878656923305, 0.000682699610479, 0.000387699983548, 0.000155830537551, 0.000124280224554, 9.95940645225e-005, 3.29680551658e-005, 4.01968936785e-005, 2.30992118304e-005, 2.55775103142e-005, 2.02016253752e-005, 2.87865768769e-005, 1.93732430489e-005, 1.56252899615e-005, 8.59448391566e-006, 1.04910541268e-005, 9.14084375836e-006, 6.13765223534e-006, 5.09688743477e-006, 6.05261311648e-006, 2.3738841719e-006, 1.84521400115e-006, 1.433577836e-006, 1.30074147364e-006, 5.02506509292e-007, 1.38197421506e-007, 1.35431221793e-007, 1.28002980659e-007, 1.88518072264e-008, 8.69369554124e-009, 6.81936285218e-009, 5.28076515849e-009, 1.32693136479e-008, 1.66020104331e-008, 7.78521780376e-009],
        "var": [3.46543092746e-005, 4.91171012982e-005, 1.24758998936e-005, 1.13754288122e-006, 7.54713994411e-007, 1.33381877276e-006, 7.07545893874e-007, 3.73161441303e-007, 1.74524359409e-007, 4.12034566466e-008, 6.87410093292e-008, 6.1072324975e-009, 5.9020321963e-009, 1.19749998806e-009, 1.64029978489e-009, 1.10586539925e-009, 1.612776801e-009, 3.53481888204e-009, 1.67645253235e-009, 6.61988019957e-010, 1.7514816264e-009, 8.78244199587e-010, 2.75360095836e-010, 3.67190305939e-010, 3.59601876054e-010, 6.7948854876e-011, 4.86190497584e-011, 3.41709750773e-011, 1.61575752777e-011, 5.49901530561e-012, 3.23677770784e-013, 5.58636416206e-013, 5.46955276209e-013, 1.58424502358e-014, 1.18052997797e-014, 6.59046605402e-015, 1.37005726334e-015, 7.71002727808e-014, 1.2314051146e-013, 2.15657231114e-014]
    },
    "mfcc": {
        "mean": [-732.884460449, 237.635818481, -17.3474998474, 43.8766555786, 16.5618305206, 1.79895675182, 9.41947364807, -6.53123283386, 2.34834885597, 3.71994614601, 4.83654880524, 4.8123497963, 1.1775790453],
        "cov": [[2472.7109375, -670.969970703, -775.722351074, 616.756347656, -212.939559937, 106.734390259, 49.6302490234, -61.0265235901, 160.215042114, -5.23445177078, 61.5522727966, -19.9883880615, -6.15143442154], [-670.969970703, 1114.7244873, 368.428894043, -465.728149414, 146.064239502, -169.180480957, -3.75456309319, 58.8457336426, -129.132247925, 27.3256225586, -23.8787479401, -3.51135277748, -91.7788467407], [-775.722351074, 368.428894043, 635.260437012, -276.860290527, 82.8106536865, -23.3069438934, -23.5858860016, 64.2199783325, -51.4019126892, 4.16674852371, -17.9943904877, -12.0651655197, -17.9060096741], [616.756347656, -465.728149414, -276.860290527, 479.464202881, -113.502761841, 112.211791992, 7.21312522888, -34.7005729675, 98.5927047729, -17.6317081451, 38.8044815063, -31.2252655029, 63.8661460876], [-212.939559937, 146.064239502, 82.8106536865, -113.502761841, 197.521789551, -35.6601448059, -4.97964143753, 19.1305656433, -9.84774589539, 14.317940712, -36.7572784424, 24.4411220551, -4.19441556931], [106.734390259, -169.180480957, -23.3069438934, 112.211791992, -35.6601448059, 194.439407349, 9.47026824951, 1.71720588207, 71.205039978, 0.475210189819, 40.4202003479, -12.0420017242, 38.1568145752], [49.6302490234, -3.75456309319, -23.5858860016, 7.21312522888, -4.97964143753, 9.47026824951, 123.684608459, 44.8030738831, -21.8277454376, 18.1995983124, 28.8568115234, 27.3110179901, 3.53327894211], [-61.0265235901, 58.8457336426, 64.2199783325, -34.7005729675, 19.1305656433, 1.71720588207, 44.8030738831, 157.424560547, 10.8545589447, -19.7034759521, 69.4373016357, 13.8403482437, -5.58546590805], [160.215042114, -129.132247925, -51.4019126892, 98.5927047729, -9.84774589539, 71.205039978, -21.8277454376, 10.8545589447, 145.737014771, 20.2838401794, 14.62844944, 7.94498300552, 9.13426208496], [-5.23445177078, 27.3256225586, 4.16674852371, -17.6317081451, 14.317940712, 0.475210189819, 18.1995983124, -19.7034759521, 20.2838401794, 93.8618164063, -2.46633267403, -9.80499172211, 2.79687833786], [61.5522727966, -23.8787479401, -17.9943904877, 38.8044815063, -36.7572784424, 40.4202003479, 28.8568115234, 69.4373016357, 14.62844944, -2.46633267403, 139.30770874, 13.8798122406, -7.85653162003], [-19.9883880615, -3.51135277748, -12.0651655197, -31.2252655029, 24.4411220551, -12.0420017242, 27.3110179901, 13.8403482437, 7.94498300552, -9.80499172211, 13.8798122406, 111.436973572, 15.3024215698], [-6.15143442154, -91.7788467407, -17.9060096741, 63.8661460876, -4.19441556931, 38.1568145752, 3.53327894211, -5.58546590805, 9.13426208496, 2.79687833786, -7.85653162003, 15.3024215698, 101.069122314]],
        "icov": [[0.000821357651148, -1.35707587106e-005, 0.000693136709742, -0.000662231002934, 0.000274751859251, -3.26734448208e-006, -0.000171318650246, -0.00012148082169, -0.000255249615293, -0.000106301551568, 0.000145516794873, -6.40258585918e-005, 0.000637862423901], [-1.35707587106e-005, 0.0017215545522, -0.000395723269321, 0.00113827001769, -0.000427367835073, 0.000641420483589, -4.99317866343e-005, -9.49943059823e-005, 0.000311561627313, -0.000259225198533, -0.000369666522602, 0.000462471041828, 0.000389957771404], [0.000693136709742, -0.000395723269321, 0.00300825643353, 0.000515660911333, 0.000150697000208, -0.000825813331176, 0.000609135255218, -0.00120155012701, 0.000146571081132, -0.000256170111243, 0.000575165206101, 0.000340341648553, 0.000107300780655], [-0.000662231002934, 0.00113827001769, 0.000515660911333, 0.00579522643238, 0.000463102158392, 0.000137853872729, -0.0013251809869, 0.00149300950579, -0.00243691192009, 0.00203635240905, -0.00157293421216, 0.00258707394823, -0.00283141364343], [0.000274751859251, -0.000427367835073, 0.000150697000208, 0.000463102158392, 0.00683313235641, -0.000138383722515, 0.00085395219503, -0.00187112146523, -9.39979727264e-005, -0.00147977471352, 0.00245646759868, -0.0017477539368, 7.02796387486e-005], [-3.26734448208e-006, 0.000641420483589, -0.000825813331176, 0.000137853872729, -0.000138383722515, 0.0086673758924, -0.00254562031478, 0.00241793156601, -0.00454632379115, 0.00211124354973, -0.00317339343019, 0.00257519655861, -0.00299061555415], [-0.000171318650246, -4.99317866343e-005, 0.000609135255218, -0.0013251809869, 0.00085395219503, -0.00254562031478, 0.0131814423949, -0.00572353694588, 0.00578790158033, -0.0058904546313, 0.00144021981396, -0.00464479997754, 0.00156403461006], [-0.00012148082169, -9.49943059823e-005, -0.00120155012701, 0.00149300950579, -0.00187112146523, 0.00241793156601, -0.00572353694588, 0.0126207629219, -0.00461756205186, 0.005551148206, -0.0066317752935, 0.00268892897293, -0.00200184155256], [-0.000255249615293, 0.000311561627313, 0.000146571081132, -0.00243691192009, -9.39979727264e-005, -0.00454632379115, 0.00578790158033, -0.00461756205186, 0.0131810959429, -0.00593119952828, 0.00234913895838, -0.00416756933555, 0.00287468614988], [-0.000106301551568, -0.000259225198533, -0.000256170111243, 0.00203635240905, -0.00147977471352, 0.00211124354973, -0.0058904546313, 0.005551148206, -0.00593119952828, 0.015378402546, -0.00283427163959, 0.00432002358139, -0.00268372520804], [0.000145516794873, -0.000369666522602, 0.000575165206101, -0.00157293421216, 0.00245646759868, -0.00317339343019, 0.00144021981396, -0.0066317752935, 0.00234913895838, -0.00283427163959, 0.0123208323494, -0.00313159590587, 0.00295018870384], [-6.40258585918e-005, 0.000462471041828, 0.000340341648553, 0.00258707394823, -0.0017477539368, 0.00257519655861, -0.00464479997754, 0.00268892897293, -0.00416756933555, 0.00432002358139, -0.00313159590587, 0.0127958059311, -0.00381588446908], [0.000637862423901, 0.000389957771404, 0.000107300780655, -0.00283141364343, 7.02796387486e-005, -0.00299061555415, 0.00156403461006, -0.00200184155256, 0.00287468614988, -0.00268372520804, 0.00295018870384, -0.00381588446908, 0.0136835528538]]
    },
    "spectral_contrast_coeffs": {
        "mean": [-0.624658584595, -0.639949917793, -0.717623531818, -0.720304131508, -0.737222194672, -0.746662259102],
        "var": [0.00532517582178, 0.00740668503568, 0.00585078028962, 0.00401622569188, 0.00488281901926, 0.00442587258294]
    },
    "spectral_contrast_valleys": {
        "mean": [-6.56983852386, -6.88227987289, -7.98744010925, -8.69699287415, -9.18716239929, -13.2646694183],
        "var": [0.558924496174, 0.495718985796, 0.39958640933, 0.590066850185, 0.770627200603, 0.389770328999]
    }
},
"metadata": {
    "audio_properties": {
        "analysis_sample_rate": 44100,
        "bit_rate": 128074,
        "equal_loudness": 0,
        "length": 45.0612258911,
        "lossless": 0,
        "replay_gain": -4.91723060608,
        "sample_rate": 44100,
        "codec": "mp3",
        "downmix": "mix",
        "md5_encoded": "6ad8de6b1077b18ded92e0fd93c65047"
    },
    "tags": {
        "file_name": "1646.mp3"
    },
    "version": {
        "essentia": "2.1-beta2",
        "essentia_git_sha": "v2.1_beta2",
        "extractor": "music 1.0"
    }
},
"rhythm": {
    "beats_count": 114,
    "beats_loudness": {
        "mean": 0.0632933452725,
        "var": 0.00145117740612
    },
    "bpm": 153.247390747,
    "bpm_histogram_first_peak_bpm": {
        "mean": 152,
        "var": 0
    },
    "bpm_histogram_first_peak_spread": {
        "mean": 0.115941986442,
        "var": 0
    },
    "bpm_histogram_first_peak_weight": {
        "mean": 0.539822995663,
        "var": 0
    },
    "bpm_histogram_second_peak_bpm": {
        "mean": 157,
        "var": 0
    },
    "bpm_histogram_second_peak_spread": {
        "mean": 0.142857119441,
        "var": 0
    },
    "bpm_histogram_second_peak_weight": {
        "mean": 0.318584084511,
        "var": 0
    },
    "danceability": 0.960834383965,
    "onset_rate": 3.88185477257,
    "beats_loudness_band_ratio": {
        "mean": [0.708086311817, 0.18582932651, 0.114541530609, 0.0223510228097, 0.0139692695811, 0.00298129045404],
        "var": [0.03277971223, 0.0179963521659, 0.007182195317, 0.000538762193173, 0.000416686845711, 4.26807746408e-005]
    },
    "beats_position": [0.394739210606, 0.812698423862, 1.20743763447, 1.60217678547, 1.98530614376, 2.39165520668, 2.79800438881, 3.19274377823, 3.58748292923, 3.97061228752, 4.3653512001, 4.74848079681, 5.14321994781, 5.54956912994, 5.94430828094, 6.32743740082, 6.71056699753, 7.10530614853, 7.47682523727, 7.85995435715, 8.24308395386, 8.63782310486, 9.03256225586, 9.42730140686, 9.82204055786, 10.2167797089, 10.6115188599, 11.0062580109, 11.412607193, 11.807346344, 12.1904764175, 12.5852155685, 12.9799547195, 13.3630838394, 13.7578229904, 14.1409521103, 14.5356912613, 14.9304304123, 15.3135595322, 15.696688652, 16.0682086945, 16.4629478455, 16.8576869965, 17.2524261475, 17.6471652985, 18.0302944183, 18.4134235382, 18.8081626892, 19.2029018402, 19.5976409912, 19.9923801422, 20.3755092621, 20.758638382, 21.1417675018, 21.5248966217, 21.9196376801, 22.3143768311, 22.7091159821, 23.0922451019, 23.4869842529, 23.8817234039, 24.2764625549, 24.6595916748, 25.0427207947, 25.4258499146, 25.8089790344, 26.1921081543, 26.5868473053, 26.958366394, 27.353105545, 27.7362346649, 28.1309738159, 28.5141029358, 28.9088420868, 29.3035831451, 29.7099323273, 30.0930614471, 30.4878005981, 30.8825397491, 31.2772789001, 31.6720180511, 32.0667572021, 32.449886322, 32.8330154419, 33.2277526855, 33.6108856201, 33.99401474, 34.3887519836, 34.7602729797, 35.1666221619, 35.5613594055, 35.9444885254, 36.3392295837, 36.7339668274, 37.1287078857, 37.5002250671, 37.8717460632, 38.2548751831, 38.638004303, 39.0327415466, 39.427482605, 39.8106117249, 40.1937408447, 40.5884780884, 40.9832191467, 41.3779602051, 41.7726974487, 42.1674385071, 42.5621757507, 42.9569168091, 43.374874115, 43.7812232971, 44.1875724792, 44.5823135376]
},
"tonal": {
    "chords_changes_rate": 0.0555555559695,
    "chords_number_rate": 0.00720164598897,
    "chords_strength": {
        "mean": 0.483324348927,
        "var": 0.00754122342914
    },
    "hpcp_entropy": {
        "mean": 1.84598982334,
        "var": 0.351556271315
    },
    "key_strength": 0.811635315418,
    "tuning_diatonic_strength": 0.550203859806,
    "tuning_equal_tempered_deviation": 0.0266631543636,
    "tuning_frequency": 440.763122559,
    "tuning_nontempered_energy_ratio": 0.642969191074,
    "hpcp": {
        "mean": [0.0586512871087, 0.045073825866, 0.0271740686148, 0.0300883539021, 0.03630778566, 0.136098876595, 0.264340668917, 0.214912027121, 0.223112478852, 0.28116196394, 0.154651120305, 0.0452712625265, 0.032793533057, 0.0376859158278, 0.0876426771283, 0.208522081375, 0.192405030131, 0.0700924620032, 0.0314109995961, 0.027252074331, 0.082464389503, 0.176828563213, 0.152250856161, 0.0561121180654, 0.0165649391711, 0.00803578644991, 0.0498886033893, 0.0933059155941, 0.0682013779879, 0.140200123191, 0.246148556471, 0.143204972148, 0.0243568662554, 0.0177418030798, 0.0191707387567, 0.0359476357698],
        "var": [0.0191339682788, 0.0138819329441, 0.0102069713175, 0.0141537142918, 0.0183216966689, 0.0386333987117, 0.11240015924, 0.0754654109478, 0.106231793761, 0.170570239425, 0.0701269432902, 0.0185935664922, 0.0128100840375, 0.0182062089443, 0.0299097578973, 0.0951869040728, 0.103204607964, 0.026576012373, 0.016909243539, 0.0115025592968, 0.028866160661, 0.0925183817744, 0.0888571962714, 0.0252243764699, 0.00783846527338, 0.00274017010815, 0.0138075677678, 0.0414041317999, 0.0210632961243, 0.0539243891835, 0.137405395508, 0.0474058203399, 0.00577000528574, 0.00757045531645, 0.00683594727889, 0.00830931123346]
    },
    "chords_histogram": [14.5061731339, 18.1069965363, 31.3786010742, 13.3744859695, 8.23045253754, 0, 0.617283940315, 0, 0.720164597034, 0, 1.85185182095, 0, 0, 0, 0, 0, 0, 0, 0, 0.823045253754, 0, 0, 0, 10.3909463882],
    "thpcp": [1, 0.550042808056, 0.16101488471, 0.116635739803, 0.134036317468, 0.311715990305, 0.741643965244, 0.684320986271, 0.249295681715, 0.111718520522, 0.0969266071916, 0.293298512697, 0.628920614719, 0.541505873203, 0.199572220445, 0.058916002512, 0.0285806320608, 0.177437245846, 0.331858247519, 0.242569714785, 0.498645424843, 0.87546890974, 0.50933265686, 0.0866293087602, 0.0631017163396, 0.068183965981, 0.12785384059, 0.208603203297, 0.160312667489, 0.0966491624713, 0.10701431334, 0.129134774208, 0.484058648348, 0.940172195435, 0.764370918274, 0.793537199497],
    "chords_key": "G",
    "chords_scale": "major",
    "key_key": "C",
    "key_scale": "major"
}
}