{
"lowlevel": {
    "average_loudness": 0.96044844389,
    "barkbands_crest": {
        "mean": 10.9809083939,
        "var": 16.22174263
    },
    "barkbands_flatness_db": {
        "mean": 0.172559529543,
        "var": 0.00394171103835
    },
    "barkbands_kurtosis": {
        "mean": 8.44663333893,
        "var": 224.012268066
    },
    "barkbands_skewness": {
        "mean": 2.12882256508,
        "var": 2.82899570465
    },
    "barkbands_spread": {
        "mean": 19.8673267365,
        "var": 258.082366943
    },
    "dissonance": {
        "mean": 0.456119507551,
        "var": 0.00109513266943
    },
    "dynamic_complexity": 3.097001791,
    "erbbands_crest": {
        "mean": 9.4991350174,
        "var": 18.2649421692
    },
    "erbbands_flatness_db": {
        "mean": 0.165000259876,
        "var": 0.00233322102576
    },
    "erbbands_kurtosis": {
        "mean": 0.332219034433,
        "var": 10.3960800171
    },
    "erbbands_skewness": {
        "mean": 0.117714859545,
        "var": 0.669064700603
    },
    "erbbands_spread": {
        "mean": 45.2578392029,
        "var": 529.976257324
    },
    "hfc": {
        "mean": 17.6010074615,
        "var": 265.917663574
    },
    "melbands_crest": {
        "mean": 17.0739173889,
        "var": 27.9769458771
    },
    "melbands_flatness_db": {
        "mean": 0.247751578689,
        "var": 0.0068640797399
    },
    "melbands_kurtosis": {
        "mean": 26.9749069214,
        "var": 1801.39282227
    },
    "melbands_skewness": {
        "mean": 3.68053102493,
        "var": 5.93788862228
    },
    "melbands_spread": {
        "mean": 20.197429657,
        "var": 562.335693359
    },
    "pitch_salience": {
        "mean": 0.480906367302,
        "var": 0.0153181636706
    },
    "silence_rate_20dB": {
        "mean": 1,
        "var": 0
    },
    "silence_rate_30dB": {
        "mean": 0.959835231304,
        "var": 0.0385512560606
    },
    "silence_rate_60dB": {
        "mean": 0.0700308978558,
        "var": 0.0651279240847
    },
    "spectral_centroid": {
        "mean": 1161.27722168,
        "var": 422791.1875
    },
    "spectral_complexity": {
        "mean": 13.9763126373,
        "var": 90.5238952637
    },
    "spectral_decrease": {
        "mean": -8.90851215019e-009,
        "var": 8.05332853516e-017
    },
    "spectral_energy": {
        "mean": 0.0352192036808,
        "var": 0.00119696196634
    },
    "spectral_energyband_high": {
        "mean": 0.000635671662167,
        "var": 1.20976073958e-006
    },
    "spectral_energyband_low": {
        "mean": 0.0199959203601,
        "var": 0.000842619221658
    },
    "spectral_energyband_middle_high": {
        "mean": 0.00385703798383,
        "var": 2.66808656306e-005
    },
    "spectral_energyband_middle_low": {
        "mean": 0.013941815123,
        "var": 0.000233211263549
    },
    "spectral_entropy": {
        "mean": 7.24836397171,
        "var": 0.384129047394
    },
    "spectral_flux": {
        "mean": 0.08793707937,
        "var": 0.00525187002495
    },
    "spectral_kurtosis": {
        "mean": 5.62399768829,
        "var": 21.7953128815
    },
    "spectral_rms": {
        "mean": 0.00523823453113,
        "var": 6.92111871103e-006
    },
    "spectral_rolloff": {
        "mean": 1347.26794434,
        "var": 3930738.75
    },
    "spectral_skewness": {
        "mean": 1.67413067818,
        "var": 0.357875823975
    },
    "spectral_spread": {
        "mean": 4737476,
        "var": 6.60056676762e+012
    },
    "spectral_strongpeak": {
        "mean": 0.771047949791,
        "var": 0.818763911724
    },
    "zerocrossingrate": {
        "mean": 0.0558108985424,
        "var": 0.00287286308594
    },
    "barkbands": {
        "mean": [0.000199600821361, 0.00812651310116, 0.00850173365325, 0.00484776310623, 0.00379320117645, 0.00217569014058, 0.000724558602087, 0.000756249239203, 0.00152380380314, 0.000423421675805, 0.000247871445026, 0.000645737338345, 0.000554450962227, 0.000326939742081, 0.000351812428562, 0.0004178469826, 0.000376652693376, 0.000272275559837, 0.000237409796682, 0.000164327386301, 0.000125559832668, 6.94375994499e-005, 7.66854500398e-005, 0.000106119128759, 0.000118859788927, 5.17735606991e-005, 2.96527764476e-006],
        "var": [5.40704888863e-007, 0.00034769019112, 0.000128961051814, 5.08367666043e-005, 6.73750910209e-005, 1.36953285619e-005, 3.68395649275e-006, 2.56519001596e-006, 1.08541080408e-005, 1.83559041034e-006, 6.04910496804e-007, 2.78137167697e-006, 5.1985753089e-006, 4.86455235205e-007, 4.14168198404e-007, 6.15420447048e-007, 3.932810273e-007, 2.83513884369e-007, 4.01887973567e-007, 9.90460407024e-008, 4.40553442616e-008, 1.64302509376e-008, 2.13197637322e-008, 9.40416953199e-008, 1.55241991706e-007, 1.72299401413e-008, 6.13238487768e-011]
    },
    "erbbands": {
        "mean": [0.133929178119, 2.22476315498, 9.04923057556, 15.1343822479, 13.8782157898, 11.8486356735, 12.3053855896, 20.2188816071, 12.1198968887, 9.77054595947, 21.0701789856, 31.2364845276, 24.876115799, 13.6052150726, 17.5190963745, 24.7280254364, 23.7541790009, 21.5493202209, 16.3648204803, 19.2317962646, 25.9318790436, 18.4186153412, 14.6871795654, 15.4368104935, 9.76167011261, 7.89114713669, 6.15158939362, 3.95570325851, 2.62531042099, 1.92534351349, 2.46922063828, 2.23418831825, 1.79239070415, 1.49729430676, 0.697140932083, 0.267976045609, 0.0891934409738, 0.0145244812593, 0.000362863735063, 5.17471489729e-005],
        "var": [0.16224694252, 21.8018703461, 140.826644897, 440.608917236, 771.935852051, 560.063232422, 354.222106934, 1795.53405762, 831.269592285, 393.902069092, 1696.91125488, 4710.52392578, 3220.21875, 2138.94726563, 2046.71179199, 4521.95898438, 11856.6162109, 1825.18334961, 1183.42236328, 896.424072266, 2369.63500977, 827.202209473, 505.61138916, 1316.76989746, 518.579162598, 231.428268433, 113.187301636, 45.7377967834, 23.6212787628, 11.1163578033, 22.9757499695, 47.5652809143, 26.2451095581, 27.1375980377, 5.46733951569, 0.476100444794, 0.0573156550527, 0.00137840851676, 8.17072304926e-007, 2.63131672007e-009]
    },
    "gfcc": {
        "mean": [-21.9464759827, 96.5615921021, -109.65599823, 40.7330093384, -40.8713798523, 15.241194725, -40.4579963684, 8.29722309113, -25.7528495789, -3.09594345093, -21.3216114044, -6.3709859848, -14.5383033752],
        "cov": [[6084.30908203, -659.684570313, 463.034240723, -100.059867859, -613.215087891, 31.2062568665, -90.0294418335, 172.320480347, -283.676269531, 176.606521606, -133.749847412, 82.5804519653, -102.032112122], [-659.684570313, 1973.29272461, -224.545211792, 190.541656494, 466.215942383, -223.753768921, 365.870452881, -197.431274414, 177.536193848, -237.5887146, 164.825393677, -167.919723511, 55.1671867371], [463.034240723, -224.545211792, 1089.07873535, 181.706207275, 66.1866149902, 232.591415405, -26.4398651123, 71.4712371826, -58.669052124, 24.1930580139, -77.8820571899, 7.76525259018, -36.850944519], [-100.059867859, 190.541656494, 181.706207275, 518.052978516, 266.520385742, 40.9829368591, 112.038078308, -17.6505050659, 49.9880180359, -58.2234191895, -43.9218444824, -72.5169448853, 3.22124409676], [-613.215087891, 466.215942383, 66.1866149902, 266.520385742, 572.882995605, 121.151023865, 100.155860901, 6.62022829056, 124.062057495, -89.0037612915, -35.4554748535, -73.6188583374, -27.283662796], [31.2062568665, -223.753768921, 232.591415405, 40.9829368591, 121.151023865, 283.348083496, 32.6898117065, 77.6137084961, -20.7040977478, 20.751411438, -26.3512382507, -16.7736644745, -28.6322288513], [-90.0294418335, 365.870452881, -26.4398651123, 112.038078308, 100.155860901, 32.6898117065, 264.949462891, 0.238171219826, 4.17257738113, -40.1136398315, 47.6989936829, -54.087223053, 6.68373727798], [172.320480347, -197.431274414, 71.4712371826, -17.6505050659, 6.62022829056, 77.6137084961, 0.238171219826, 194.162597656, 11.0595912933, 2.11143875122, -33.1018333435, -1.73233520985, -25.5768699646], [-283.676269531, 177.536193848, -58.669052124, 49.9880180359, 124.062057495, -20.7040977478, 4.17257738113, 11.0595912933, 162.231918335, -12.3144111633, -16.6519508362, -19.342918396, -28.4603366852], [176.606521606, -237.5887146, 24.1930580139, -58.2234191895, -89.0037612915, 20.751411438, -40.1136398315, 2.11143875122, -12.3144111633, 120.090492249, 12.6060781479, 29.3845863342, -25.7934093475], [-133.749847412, 164.825393677, -77.8820571899, -43.9218444824, -35.4554748535, -26.3512382507, 47.6989936829, -33.1018333435, -16.6519508362, 12.6060781479, 138.720581055, 24.8574104309, 30.9938907623], [82.5804519653, -167.919723511, 7.76525259018, -72.5169448853, -73.6188583374, -16.7736644745, -54.087223053, -1.73233520985, -19.342918396, 29.3845863342, 24.8574104309, 136.268951416, 39.5808830261], [-102.032112122, 55.1671867371, -36.850944519, 3.22124409676, -27.283662796, -28.6322288513, 6.68373727798, -25.5768699646, -28.4603366852, -25.7934093475, 30.9938907623, 39.5808830261, 114.675102234]],
        "icov": [[0.000240938577917, -0.000232947350014, -4.67599966214e-006, -0.000189739032066, 0.000389014574466, -0.000151540734805, 0.00012830630294, -0.000321762898238, 0.000470368540846, -0.000398786156438, 0.000475986598758, -0.000320960622048, 0.000314915465424], [-0.000232947350014, 0.00251013762318, -0.00052773981588, 0.00116865593009, -0.00201245956123, 0.00238036224619, -0.00225925608538, 0.00170868693385, -0.00189117260743, 0.00267897429876, -0.00266643823124, 0.00210790196434, -0.000862606510054], [-4.67599966214e-006, -0.00052773981588, 0.00141739274841, -0.000834083592054, 0.000569826981518, -0.00152093579527, 0.000779611989856, -0.000381507677957, 0.000751828250941, -0.000473009247798, 0.000822829490062, -0.000833320314996, 0.000499360263348], [-0.000189739032066, 0.00116865593009, -0.000834083592054, 0.00373059255071, -0.00225937901996, 0.00173347140662, -0.00203734938987, 0.00121004565153, -0.00112441543024, 0.00105308776256, -0.000369538989617, 0.00187775085215, -0.00141039909795], [0.000389014574466, -0.00201245956123, 0.000569826981518, -0.00225937901996, 0.00541401375085, -0.00380729907192, 0.00153869658243, -0.000881919288076, -0.000555796199478, -0.000103983584268, 0.0022268537432, -0.00178261543624, 0.00146405328996], [-0.000151540734805, 0.00238036224619, -0.00152093579527, 0.00173347140662, -0.00380729907192, 0.00834304373711, -0.0028920120094, -0.000360196805559, 9.46281215874e-005, 0.00034595647594, -0.00204419856891, 0.00237176683731, -0.000716760405339], [0.00012830630294, -0.00225925608538, 0.000779611989856, -0.00203734938987, 0.00153869658243, -0.0028920120094, 0.00744465971366, -0.00185737025458, 0.0019654694479, -0.00122153328266, -0.00032911245944, -0.000175128981937, 0.000667064799927], [-0.000321762898238, 0.00170868693385, -0.000381507677957, 0.00121004565153, -0.000881919288076, -0.000360196805559, -0.00185737025458, 0.00760729750618, -0.00251807272434, 0.00278688734397, -0.000764296972193, 0.000950935878791, 0.000120577336929], [0.000470368540846, -0.00189117260743, 0.000751828250941, -0.00112441543024, -0.000555796199478, 9.46281215874e-005, 0.0019654694479, -0.00251807272434, 0.010520384647, -0.00300550181419, 0.00264289206825, -0.00192236492876, 0.0027008659672], [-0.000398786156438, 0.00267897429876, -0.000473009247798, 0.00105308776256, -0.000103983584268, 0.00034595647594, -0.00122153328266, 0.00278688734397, -0.00300550181419, 0.0150096211582, -0.00473989965394, 4.84313713969e-005, 0.00282373279333], [0.000475986598758, -0.00266643823124, 0.000822829490062, -0.000369538989617, 0.0022268537432, -0.00204419856891, -0.00032911245944, -0.000764296972193, 0.00264289206825, -0.00473989965394, 0.0128784552217, -0.0037406142801, -0.000750649545807], [-0.000320960622048, 0.00210790196434, -0.000833320314996, 0.00187775085215, -0.00178261543624, 0.00237176683731, -0.000175128981937, 0.000950935878791, -0.00192236492876, 4.84313713969e-005, -0.0037406142801, 0.0122775286436, -0.00492267869413], [0.000314915465424, -0.000862606510054, 0.000499360263348, -0.00141039909795, 0.00146405328996, -0.000716760405339, 0.000667064799927, 0.000120577336929, 0.0027008659672, 0.00282373279333, -0.000750649545807, -0.00492267869413, 0.0129803484306]]
    },
    "melbands": {
        "mean": [0.00176006066613, 0.00425796443596, 0.00256514502689, 0.000937829143368, 0.000429403822636, 0.000427425489761, 0.000181523384526, 0.000107535634015, 0.000170651037479, 0.00021653244039, 0.000123039106256, 5.39051106898e-005, 4.56677225884e-005, 7.98955661594e-005, 5.09783167217e-005, 5.52919773327e-005, 3.5530400055e-005, 2.44901093538e-005, 2.44287220994e-005, 2.64070386038e-005, 3.19446553476e-005, 1.98421294044e-005, 1.3473862964e-005, 1.52158918354e-005, 1.22323372125e-005, 8.24387643661e-006, 5.85561701882e-006, 5.09187157149e-006, 4.14119540437e-006, 2.77463823295e-006, 2.1641803869e-006, 1.5387915937e-006, 1.14473516533e-006, 1.00577278772e-006, 1.48773608544e-006, 1.22471988107e-006, 1.42614067045e-006, 1.21601783576e-006, 1.37628308039e-006, 1.2081704881e-006],
        "var": [2.09133795579e-005, 3.63678955182e-005, 1.06055804281e-005, 4.67503241453e-006, 3.55925436679e-007, 7.08321067577e-007, 1.81852627179e-007, 4.54605029176e-008, 1.1062812888e-007, 2.37029240679e-007, 8.29751272136e-008, 4.13217620121e-008, 1.53914143652e-008, 4.48206840531e-008, 6.25565164114e-008, 3.58822553892e-008, 5.36391331352e-009, 3.23077942177e-009, 2.08859951556e-009, 1.99857264072e-009, 4.11802547617e-009, 1.06348008178e-009, 6.71538713526e-010, 8.14443346098e-010, 1.01515884587e-009, 4.64842081493e-010, 1.72661496212e-010, 1.06245352793e-010, 5.75996125796e-011, 2.40177964322e-011, 1.52829988248e-011, 9.04235887556e-012, 4.4001399746e-012, 3.22458639651e-012, 8.0135863223e-012, 1.01388212062e-011, 2.36256604558e-011, 1.16319991833e-011, 2.48263076763e-011, 1.84636975847e-011]
    },
    "mfcc": {
        "mean": [-670.952331543, 124.686012268, -0.253289312124, 32.3322906494, 20.7463245392, 9.62023353577, 2.25146794319, 4.33828020096, 1.48872554302, 1.53528213501, -1.92550182343, -0.420825630426, -5.32907915115],
        "cov": [[5517.86035156, -525.06829834, 358.359924316, -125.546524048, -481.168792725, -230.226348877, 23.7627353668, -147.993774414, -112.933700562, 63.6772537231, -108.49029541, -1.38997900486, -32.6468391418], [-525.06829834, 1512.05053711, -256.144683838, 307.967895508, 84.2653427124, 124.915992737, 77.5354156494, 114.789581299, -10.1369171143, -13.2553730011, 28.6345367432, 31.2974090576, 49.6754455566], [358.359924316, -256.144683838, 875.261657715, -11.142572403, 76.2531585693, 52.0266036987, 121.586662292, 7.70372533798, 25.2419261932, 23.6896743774, -28.5109920502, -10.1015825272, -14.0426864624], [-125.546524048, 307.967895508, -11.142572403, 513.283752441, 116.249359131, 150.227096558, 53.9471588135, 87.0884399414, 58.0385856628, 19.5414867401, 14.83314991, 18.2217235565, -26.1333522797], [-481.168792725, 84.2653427124, 76.2531585693, 116.249359131, 468.101013184, 140.349273682, 22.7712421417, 117.29473114, 127.870048523, 24.6790904999, 49.7443656921, 21.6103916168, -11.6696996689], [-230.226348877, 124.915992737, 52.0266036987, 150.227096558, 140.349273682, 257.300598145, 74.5784835815, 52.0176467896, 52.23960495, 24.822927475, 37.5224227905, 11.3485136032, -8.57305526733], [23.7627353668, 77.5354156494, 121.586662292, 53.9471588135, 22.7712421417, 74.5784835815, 273.571502686, 65.8433074951, 15.1473283768, 48.8206481934, -13.436208725, -12.5794067383, 16.3666400909], [-147.993774414, 114.789581299, 7.70372533798, 87.0884399414, 117.29473114, 52.0176467896, 65.8433074951, 167.830062866, 81.4164657593, 17.1580924988, 30.7574558258, 10.4403991699, 5.0402007103], [-112.933700562, -10.1369171143, 25.2419261932, 58.0385856628, 127.870048523, 52.23960495, 15.1473283768, 81.4164657593, 148.218276978, 42.7840042114, 31.2903079987, -4.83832168579, -15.2436990738], [63.6772537231, -13.2553730011, 23.6896743774, 19.5414867401, 24.6790904999, 24.822927475, 48.8206481934, 17.1580924988, 42.7840042114, 131.452850342, 34.5903739929, -9.48473167419, -12.0222730637], [-108.49029541, 28.6345367432, -28.5109920502, 14.83314991, 49.7443656921, 37.5224227905, -13.436208725, 30.7574558258, 31.2903079987, 34.5903739929, 152.666534424, 32.5132446289, -29.6898269653], [-1.38997900486, 31.2974090576, -10.1015825272, 18.2217235565, 21.6103916168, 11.3485136032, -12.5794067383, 10.4403991699, -4.83832168579, -9.48473167419, 32.5132446289, 111.502494812, 43.8778038025], [-32.6468391418, 49.6754455566, -14.0426864624, -26.1333522797, -11.6696996689, -8.57305526733, 16.3666400909, 5.0402007103, -15.2436990738, -12.0222730637, -29.6898269653, 43.8778038025, 118.148117065]],
        "icov": [[0.000219386347453, 4.26488368248e-005, -9.24032938201e-005, -3.95214119635e-005, 0.000212701474084, 0.000110710549052, -9.9931476143e-006, 6.50524862067e-006, 6.1471000663e-006, -0.000175758148544, 0.000137472423376, -0.000173233347596, 0.000134903835715], [4.26488368248e-005, 0.000884592707735, 0.000241474932409, -0.00046253632172, -3.08271519316e-005, -0.000134481364512, -0.000140296207974, -0.000459886417957, 0.000548440555576, 7.30349638616e-005, -0.000163196382346, 0.000140443720738, -0.000422475975938], [-9.24032938201e-005, 0.000241474932409, 0.00139350385871, 4.02043042413e-005, -0.000346198008629, -0.000186805453268, -0.000674462760799, 0.000201504255529, -4.87515571876e-005, 9.66649749898e-005, 0.000249670381891, -9.85577862593e-005, 0.00018743299006], [-3.95214119635e-005, -0.00046253632172, 4.02043042413e-005, 0.00282978778705, -1.08975473267e-005, -0.00128782808315, 7.64710421208e-005, -0.000767840712797, -0.00031515507726, -0.000196915891138, 0.000795385334641, -0.000848883704748, 0.00119632936548], [0.000212701474084, -3.08271519316e-005, -0.000346198008629, -1.08975473267e-005, 0.00358339445665, -0.0011757115135, 0.00050535867922, -0.00118562136777, -0.00187205453403, 4.77350076835e-005, 6.32960145595e-005, -0.00063592963852, 0.0002927746973], [0.000110710549052, -0.000134481364512, -0.000186805453268, -0.00128782808315, -0.0011757115135, 0.00599469710141, -0.0014329040423, 0.000903560547158, -0.000657572527416, 0.00015471255756, -0.00110315787606, -6.45995387458e-005, -6.34398384136e-005], [-9.9931476143e-006, -0.000140296207974, -0.000674462760799, 7.64710421208e-005, 0.00050535867922, -0.0014329040423, 0.00537716364488, -0.00258086877875, 0.00135292881168, -0.00208819913678, 0.000944424944464, 0.000776358589064, -0.000784787232988], [6.50524862067e-006, -0.000459886417957, 0.000201504255529, -0.000767840712797, -0.00118562136777, 0.000903560547158, -0.00258086877875, 0.0107815228403, -0.00493935961276, 0.00153975014109, -0.00150369049516, -0.000182494477485, -0.000895395351108], [6.1471000663e-006, 0.000548440555576, -4.87515571876e-005, -0.00031515507726, -0.00187205453403, -0.000657572527416, 0.00135292881168, -0.00493935961276, 0.01235678792, -0.00313252722844, -0.000206158147193, 0.00115772883873, 0.000280058622593], [-0.000175758148544, 7.30349638616e-005, 9.66649749898e-005, -0.000196915891138, 4.77350076835e-005, 0.00015471255756, -0.00208819913678, 0.00153975014109, -0.00313252722844, 0.0100097609684, -0.00261090579443, 0.00123711116612, -0.000372967013391], [0.000137472423376, -0.000163196382346, 0.000249670381891, 0.000795385334641, 6.32960145595e-005, -0.00110315787606, 0.000944424944464, -0.00150369049516, -0.000206158147193, -0.00261090579443, 0.00957725010812, -0.00425810366869, 0.00386753166094], [-0.000173233347596, 0.000140443720738, -9.85577862593e-005, -0.000848883704748, -0.00063592963852, -6.45995387458e-005, 0.000776358589064, -0.000182494477485, 0.00115772883873, 0.00123711116612, -0.00425810366869, 0.0131021589041, -0.00613431027159], [0.000134903835715, -0.000422475975938, 0.00018743299006, 0.00119632936548, 0.0002927746973, -6.34398384136e-005, -0.000784787232988, -0.000895395351108, 0.000280058622593, -0.000372967013391, 0.00386753166094, -0.00613431027159, 0.0123852053657]]
    },
    "spectral_contrast_coeffs": {
        "mean": [-0.606161892414, -0.685938060284, -0.722463190556, -0.748191893101, -0.756734549999, -0.767869234085],
        "var": [0.00578851206228, 0.00927403382957, 0.0087247909978, 0.00455052684993, 0.00387767748907, 0.00257896492258]
    },
    "spectral_contrast_valleys": {
        "mean": [-7.27964115143, -7.5046005249, -8.09557151794, -8.14254188538, -8.05973434448, -10.5949697495],
        "var": [1.26236212254, 1.04032468796, 0.915990054607, 0.827465951443, 1.14752864838, 1.69701766968]
    }
},
"metadata": {
    "audio_properties": {
        "analysis_sample_rate": 44100,
        "bit_rate": 128074,
        "equal_loudness": 0,
        "length": 45.0612258911,
        "lossless": 0,
        "replay_gain": -6.2445602417,
        "sample_rate": 44100,
        "codec": "mp3",
        "downmix": "mix",
        "md5_encoded": "9f415ccf3d0c0c316e21d6fb09420dd5"
    },
    "tags": {
        "file_name": "1647.mp3"
    },
    "version": {
        "essentia": "2.1-beta2",
        "essentia_git_sha": "v2.1_beta2",
        "extractor": "music 1.0"
    }
},
"rhythm": {
    "beats_count": 132,
    "beats_loudness": {
        "mean": 0.051606118679,
        "var": 0.00109956017695
    },
    "bpm": 178.205886841,
    "bpm_histogram_first_peak_bpm": {
        "mean": 178,
        "var": 0
    },
    "bpm_histogram_first_peak_spread": {
        "mean": 0,
        "var": 0
    },
    "bpm_histogram_first_peak_weight": {
        "mean": 0.480916023254,
        "var": 0
    },
    "bpm_histogram_second_peak_bpm": {
        "mean": 172,
        "var": 0
    },
    "bpm_histogram_second_peak_spread": {
        "mean": 0,
        "var": 0
    },
    "bpm_histogram_second_peak_weight": {
        "mean": 0.435114502907,
        "var": 0
    },
    "danceability": 1.42040550709,
    "onset_rate": 3.74876260757,
    "beats_loudness_band_ratio": {
        "mean": [0.558235108852, 0.14216786623, 0.106579326093, 0.0688780471683, 0.087936706841, 0.061518188566],
        "var": [0.0775014534593, 0.0147487195209, 0.00941513385624, 0.0067908144556, 0.00545489927754, 0.00490780454129]
    },
    "beats_position": [0.325079351664, 0.66176867485, 0.99845802784, 1.34675729275, 1.69505667686, 2.04335594177, 2.39165520668, 2.73995471001, 3.07664394379, 3.41333317757, 3.75002264977, 4.08671188354, 4.42340135574, 4.76009082794, 5.08516979218, 5.4334692955, 5.78176879883, 6.13006782532, 6.47836732864, 6.82666635513, 7.16335582733, 7.50004529953, 7.83673477173, 8.17342376709, 8.51011276245, 8.83519268036, 9.18349170685, 9.52018165588, 9.86848068237, 10.2051696777, 10.5534696579, 10.8901586533, 11.2384576797, 11.5867567062, 11.9350566864, 12.2833557129, 12.6316547394, 12.9799547195, 13.3166437149, 13.6533327103, 13.9784126282, 14.3267116547, 14.6750106812, 15.0117006302, 15.3483896255, 15.6850786209, 16.0101585388, 16.3468475342, 16.6951465607, 17.0434455872, 17.391746521, 17.7400455475, 18.088344574, 18.4250335693, 18.7617225647, 19.0984115601, 19.4234924316, 19.760181427, 20.0968704224, 20.4335594177, 20.7818584442, 21.1185474396, 21.4436283112, 21.7803173065, 22.128616333, 22.4769153595, 22.8368244171, 23.1735134125, 23.5218143463, 23.8701133728, 24.2068023682, 24.5434913635, 24.89179039, 25.2400894165, 25.5767803192, 25.9134693146, 26.2501583099, 26.5868473053, 26.9351463318, 27.2718353271, 27.6085262299, 27.9452152252, 28.2819042206, 28.6302032471, 28.9668922424, 29.3035831451, 29.6402721405, 29.9769611359, 30.3252601624, 30.6619491577, 30.9986381531, 31.3469390869, 31.6952381134, 32.0435371399, 32.3802261353, 32.7169151306, 33.0652160645, 33.4135131836, 33.7618141174, 34.1101112366, 34.4468002319, 34.783493042, 35.1317901611, 35.480091095, 35.8051681519, 36.1302490234, 36.4785499573, 36.8036270142, 37.1287078857, 37.4770050049, 37.8136940002, 38.1503829956, 38.4870758057, 38.823764801, 39.1720619202, 39.520362854, 39.8570518494, 40.1937408447, 40.5304298401, 40.8671188354, 41.2038078308, 41.5404968262, 41.88879776, 42.2370948792, 42.585395813, 42.9336967468, 43.281993866, 43.6186828613, 43.9553718567, 44.3036727905, 44.6519737244, 45.0002708435]
},
"tonal": {
    "chords_changes_rate": 0.0689300447702,
    "chords_number_rate": 0.00823045242578,
    "chords_strength": {
        "mean": 0.565142631531,
        "var": 0.0091730998829
    },
    "hpcp_entropy": {
        "mean": 1.77621221542,
        "var": 0.662949919701
    },
    "key_strength": 0.779253363609,
    "tuning_diatonic_strength": 0.596929430962,
    "tuning_equal_tempered_deviation": 0.0769450739026,
    "tuning_frequency": 440.254241943,
    "tuning_nontempered_energy_ratio": 0.732082724571,
    "hpcp": {
        "mean": [0.17620806396, 0.110503874719, 0.0477176941931, 0.0421338267624, 0.0532767996192, 0.116735763848, 0.172678232193, 0.115853711963, 0.0543553344905, 0.0501803718507, 0.0577036440372, 0.0887492746115, 0.123803682625, 0.117060720921, 0.167311087251, 0.283585518599, 0.22507494688, 0.0850679576397, 0.0477465055883, 0.0530422031879, 0.0927799493074, 0.141339287162, 0.124255202711, 0.0805889964104, 0.0706866756082, 0.08565749228, 0.173810526729, 0.250528872013, 0.184324979782, 0.150392666459, 0.169393226504, 0.112669736147, 0.0763651356101, 0.0766544863582, 0.078091301024, 0.134838357568],
        "var": [0.0997914522886, 0.0409611985087, 0.0136858820915, 0.0112754078582, 0.0166436061263, 0.0449925810099, 0.0825529620051, 0.0399372167885, 0.0181088950485, 0.018870010972, 0.0227297544479, 0.03429383412, 0.0491240918636, 0.0435232482851, 0.0489779375494, 0.11808899045, 0.0829280763865, 0.0241818223149, 0.0162028186023, 0.0220140423626, 0.0385761670768, 0.0799200683832, 0.0599857419729, 0.0310134422034, 0.0269665364176, 0.0376718826592, 0.0659988299012, 0.117363587022, 0.0781980380416, 0.069251075387, 0.106398098171, 0.0514947548509, 0.0346681401134, 0.0365638770163, 0.0353911966085, 0.0622376315296]
    },
    "chords_histogram": [18.7242794037, 30.9670772552, 34.0534973145, 4.52674913406, 1.85185182095, 0, 0.823045253754, 0, 0, 0, 3.80658435822, 0.514403283596, 2.57201647758, 0.102880656719, 0, 0, 0, 0.514403283596, 0, 0.205761313438, 0, 0, 0, 1.33744859695],
    "thpcp": [1, 0.793675720692, 0.299972862005, 0.168367221951, 0.187041297555, 0.327167451382, 0.49840092659, 0.43815779686, 0.284178823233, 0.249260529876, 0.302051723003, 0.612903416157, 0.883433222771, 0.649980247021, 0.530325651169, 0.597326815128, 0.397304266691, 0.269284337759, 0.270304650068, 0.27537125349, 0.475476890802, 0.621357738972, 0.389666855335, 0.168265625834, 0.148575380445, 0.18786855042, 0.411642193794, 0.608910620213, 0.408531844616, 0.19167175889, 0.176949694753, 0.203478813171, 0.312954187393, 0.436565607786, 0.412788063288, 0.589984595776],
    "chords_key": "D",
    "chords_scale": "major",
    "key_key": "G",
    "key_scale": "major"
}
}