{
"lowlevel": {
    "average_loudness": 0.450157940388,
    "barkbands_crest": {
        "mean": 15.1718626022,
        "var": 24.0736427307
    },
    "barkbands_flatness_db": {
        "mean": 0.33826854825,
        "var": 0.00437607755885
    },
    "barkbands_kurtosis": {
        "mean": 18.2693061829,
        "var": 617.921386719
    },
    "barkbands_skewness": {
        "mean": 2.57299232483,
        "var": 3.81492328644
    },
    "barkbands_spread": {
        "mean": 2.96591639519,
        "var": 6.11855220795
    },
    "dissonance": {
        "mean": 0.346326678991,
        "var": 0.00456550298259
    },
    "dynamic_complexity": 4.46076059341,
    "erbbands_crest": {
        "mean": 15.3634843826,
        "var": 19.8796482086
    },
    "erbbands_flatness_db": {
        "mean": 0.313198238611,
        "var": 0.00312011828646
    },
    "erbbands_kurtosis": {
        "mean": 4.14769029617,
        "var": 44.8787918091
    },
    "erbbands_skewness": {
        "mean": 1.12384927273,
        "var": 1.57172429562
    },
    "erbbands_spread": {
        "mean": 11.7027139664,
        "var": 63.8212432861
    },
    "hfc": {
        "mean": 5.55515575409,
        "var": 37.0959281921
    },
    "melbands_crest": {
        "mean": 19.4964084625,
        "var": 38.9365119934
    },
    "melbands_flatness_db": {
        "mean": 0.430729717016,
        "var": 0.00583295989782
    },
    "melbands_kurtosis": {
        "mean": 18.7216377258,
        "var": 598.429992676
    },
    "melbands_skewness": {
        "mean": 2.70273780823,
        "var": 3.38251185417
    },
    "melbands_spread": {
        "mean": 4.51874923706,
        "var": 20.7778301239
    },
    "pitch_salience": {
        "mean": 0.460431933403,
        "var": 0.0197202675045
    },
    "silence_rate_20dB": {
        "mean": 1,
        "var": 0
    },
    "silence_rate_30dB": {
        "mean": 0.99330586195,
        "var": 0.00664931954816
    },
    "silence_rate_60dB": {
        "mean": 0.236869201064,
        "var": 0.180769026279
    },
    "spectral_centroid": {
        "mean": 370.504455566,
        "var": 72612.09375
    },
    "spectral_complexity": {
        "mean": 6.18692064285,
        "var": 2.82654643059
    },
    "spectral_decrease": {
        "mean": -5.04221286945e-009,
        "var": 3.30958635764e-017
    },
    "spectral_energy": {
        "mean": 0.0195343121886,
        "var": 0.000494392937981
    },
    "spectral_energyband_high": {
        "mean": 1.53503551701e-005,
        "var": 4.87970774898e-009
    },
    "spectral_energyband_low": {
        "mean": 0.00440124422312,
        "var": 0.000103366241092
    },
    "spectral_energyband_middle_high": {
        "mean": 0.000581915141083,
        "var": 3.45081446085e-007
    },
    "spectral_energyband_middle_low": {
        "mean": 0.0176741071045,
        "var": 0.000420961674536
    },
    "spectral_entropy": {
        "mean": 5.61190080643,
        "var": 0.381946474314
    },
    "spectral_flux": {
        "mean": 0.0405859053135,
        "var": 0.0015993983252
    },
    "spectral_kurtosis": {
        "mean": 39.0180740356,
        "var": 692.29486084
    },
    "spectral_rms": {
        "mean": 0.00372163695283,
        "var": 5.20727235198e-006
    },
    "spectral_rolloff": {
        "mean": 484.327636719,
        "var": 246948.546875
    },
    "spectral_skewness": {
        "mean": 4.81036663055,
        "var": 2.73815369606
    },
    "spectral_spread": {
        "mean": 2271246.75,
        "var": 2.69571404595e+012
    },
    "spectral_strongpeak": {
        "mean": 0.852550089359,
        "var": 0.361496478319
    },
    "zerocrossingrate": {
        "mean": 0.0186786428094,
        "var": 0.000175236331415
    },
    "barkbands": {
        "mean": [1.49644461089e-006, 6.06913527008e-005, 0.0012123802444, 0.00404813932255, 0.00886251591146, 0.00302108470351, 0.00060709612444, 0.000872712873388, 0.000239190587308, 0.000505196570884, 1.37877705129e-005, 6.45655245535e-006, 2.50706543738e-005, 3.91179946746e-006, 6.66545975037e-006, 8.12065900391e-006, 1.20833838082e-005, 9.52733535087e-006, 1.66928623457e-006, 2.52890117736e-006, 3.28965575136e-006, 3.33923139806e-006, 1.96919654627e-006, 1.90518005638e-006, 2.16729267777e-006, 1.32190530167e-006, 4.25876187649e-008],
        "var": [1.75210315007e-011, 2.28831051885e-008, 7.74166619522e-006, 9.04766493477e-005, 0.000220077548875, 1.93155628949e-005, 4.30218779002e-006, 8.1353373389e-006, 1.60254501225e-007, 2.29236377436e-007, 1.94866522918e-009, 1.9548296315e-009, 1.92067322047e-008, 3.60890400897e-010, 6.11484196611e-010, 1.0351333124e-009, 4.24971968727e-009, 2.60191534984e-009, 3.10427482331e-011, 1.30867761072e-010, 3.25749038854e-010, 2.53036758213e-010, 1.00526746649e-010, 1.02911248967e-010, 1.53978316209e-010, 4.13202770611e-011, 3.32696381295e-014]
    },
    "erbbands": {
        "mean": [0.000951453112066, 0.0279225241393, 0.862826764584, 10.4839162827, 10.3498153687, 36.4081840515, 47.4166908264, 15.4806222916, 9.82999801636, 11.6081295013, 15.7368631363, 7.27355384827, 4.44335365295, 18.0895519257, 1.28493928909, 0.435140728951, 1.27143335342, 0.196915566921, 0.411343246698, 0.279161721468, 0.571153283119, 0.741688370705, 0.552121698856, 0.149056240916, 0.104784838855, 0.109062209725, 0.0994304195046, 0.166312143207, 0.116295389831, 0.0843080580235, 0.057289801538, 0.0439448095858, 0.0289244353771, 0.0263193491846, 0.0139543497935, 0.00764082372189, 0.0019219906535, 0.000245733768679, 1.50771038534e-005, 2.17665437958e-005],
        "var": [4.03903413826e-006, 0.00398316746578, 3.90292859077, 582.218444824, 294.656707764, 3990.31787109, 4453.61083984, 791.633239746, 1096.35766602, 1376.71252441, 2337.28491211, 151.187667847, 21.1543769836, 307.761260986, 3.51614022255, 5.28193664551, 50.3996696472, 0.499020159245, 3.22767853737, 1.26528322697, 6.42808246613, 14.7141475677, 8.9544916153, 0.338704377413, 0.17138171196, 0.19219237566, 0.212133809924, 0.946140289307, 0.281253010035, 0.222529619932, 0.0889916270971, 0.0544310212135, 0.0267823822796, 0.0293986629695, 0.00487981317565, 0.00153766572475, 7.72552084527e-005, 1.06517620679e-006, 9.08753350348e-010, 6.08508299305e-010]
    },
    "gfcc": {
        "mean": [-182.236343384, 160.559951782, -68.3077774048, -14.6226453781, -81.6652450562, -23.6302928925, -39.1516914368, -5.72772216797, -33.2759437561, -29.3613605499, -33.4564552307, 0.190370127559, 0.879078507423],
        "cov": [[5780.09570313, -1184.7869873, -417.520812988, 833.223510742, 6.41176176071, -129.019012451, -623.848937988, -298.558532715, -201.128829956, 273.561645508, -37.65001297, -27.4041023254, -149.201812744], [-1184.7869873, 1220.60900879, 261.389801025, -363.727203369, 390.634796143, 113.681983948, 316.949188232, -183.812286377, 129.336044312, -105.117881775, 81.4372634888, -235.498779297, -35.633014679], [-417.520812988, 261.389801025, 420.119689941, -7.73347854614, 149.913894653, 174.505523682, 68.0021896362, -13.8834066391, 3.95358109474, -11.0720949173, 8.77966213226, -103.754592896, -60.6828155518], [833.223510742, -363.727203369, -7.73347854614, 376.406433105, 42.9951133728, -1.04471099377, -105.668266296, 13.034614563, -32.6833457947, 23.0764694214, -48.3683280945, 6.6501865387, -37.8673400879], [6.41176176071, 390.634796143, 149.913894653, 42.9951133728, 441.194915771, 223.864028931, 87.0999145508, -114.15448761, 45.4322662354, 21.1573696136, 18.8218994141, -191.049819946, -92.8737335205], [-129.019012451, 113.681983948, 174.505523682, -1.04471099377, 223.864028931, 337.182373047, 78.2366256714, 16.3049640656, 6.79723405838, 50.4165000916, -5.70273303986, -109.042404175, -82.6247024536], [-623.848937988, 316.949188232, 68.0021896362, -105.668266296, 87.0999145508, 78.2366256714, 190.427978516, -2.94656443596, 23.0929470062, -29.7575130463, -5.6652135849, -55.2224578857, -13.6291370392], [-298.558532715, -183.812286377, -13.8834066391, 13.034614563, -114.15448761, 16.3049640656, -2.94656443596, 198.690689087, 12.6465740204, -3.68920707703, -24.0879516602, 75.931968689, 19.6319236755], [-201.128829956, 129.336044312, 3.95358109474, -32.6833457947, 45.4322662354, 6.79723405838, 23.0929470062, 12.6465740204, 108.315505981, 21.9234161377, 12.6634206772, -33.0834770203, -19.8933315277], [273.561645508, -105.117881775, -11.0720949173, 23.0764694214, 21.1573696136, 50.4165000916, -29.7575130463, -3.68920707703, 21.9234161377, 140.804916382, 34.8659057617, -21.9084529877, -48.5190963745], [-37.65001297, 81.4372634888, 8.77966213226, -48.3683280945, 18.8218994141, -5.70273303986, -5.6652135849, -24.0879516602, 12.6634206772, 34.8659057617, 84.5251159668, 10.7627468109, 9.62780570984], [-27.4041023254, -235.498779297, -103.754592896, 6.6501865387, -191.049819946, -109.042404175, -55.2224578857, 75.931968689, -33.0834770203, -21.9084529877, 10.7627468109, 159.556716919, 84.3704299927], [-149.201812744, -35.633014679, -60.6828155518, -37.8673400879, -92.8737335205, -82.6247024536, -13.6291370392, 19.6319236755, -19.8933315277, -48.5190963745, 9.62780570984, 84.3704299927, 105.765289307]],
        "icov": [[0.000596177589614, -0.000654148752801, 0.00076806684956, -0.00128423783462, 0.000620357168373, -0.000517884036526, 0.00182241445873, 0.000683194899466, 0.00107302353717, -0.000980643322691, 0.000394977832912, 0.000253230973613, 0.000363708735676], [-0.000654148752801, 0.00885410327464, -0.00308369169943, 0.00603727018461, -0.00498156389222, 0.00374483526684, -0.0089036943391, 0.00152721791528, -0.00586600322276, 0.00692466134205, -0.00623198412359, 0.00427138293162, -0.00119396520313], [0.00076806684956, -0.00308369169943, 0.00519588729367, -0.00336901773699, 0.00273415935226, -0.0032500368543, 0.00397755485028, -0.000109019718366, 0.00300430017523, -0.00108082254883, -6.56161282677e-005, 0.00146875390783, 0.00111782958265], [-0.00128423783462, 0.00603727018461, -0.00336901773699, 0.0100026065484, -0.00640708766878, 0.00417871307582, -0.00537364045158, -0.000851336691994, -0.00368024036288, 0.00428408710286, -0.000426869024523, -0.000839870655909, 0.000956401403528], [0.000620357168373, -0.00498156389222, 0.00273415935226, -0.00640708766878, 0.0113033540547, -0.00649539427832, 0.00428964057937, 0.00190714513883, 0.00143437995575, -0.00152452103794, -0.00113455113024, 0.00509581761435, -0.000869582465384], [-0.000517884036526, 0.00374483526684, -0.0032500368543, 0.00417871307582, -0.00649539427832, 0.0093553615734, -0.00506768701598, -0.00287617137656, 1.15108659884e-005, -0.000118686686619, -0.000363450788427, 0.000918184348848, 0.000896485056728], [0.00182241445873, -0.0089036943391, 0.00397755485028, -0.00537364045158, 0.00428964057937, -0.00506768701598, 0.0196919832379, -0.000729916151613, 0.00675492268056, -0.00625232281163, 0.00734378909692, -0.00209565972909, 0.00181578518823], [0.000683194899466, 0.00152721791528, -0.000109019718366, -0.000851336691994, 0.00190714513883, -0.00287617137656, -0.000729916151613, 0.010742822662, -0.00390066881664, 0.000905876688194, 0.00134175282437, -0.00420953053981, 0.00136837968603], [0.00107302353717, -0.00586600322276, 0.00300430017523, -0.00368024036288, 0.00143437995575, 1.15108659884e-005, 0.00675492268056, -0.00390066881664, 0.017173403874, -0.00714745093137, 0.00278514577076, 0.0010726939654, 0.0016485627275], [-0.000980643322691, 0.00692466134205, -0.00108082254883, 0.00428408710286, -0.00152452103794, -0.000118686686619, -0.00625232281163, 0.000905876688194, -0.00714745093137, 0.0186155997217, -0.0120195867494, 0.00424984144047, 0.00435744924471], [0.000394977832912, -0.00623198412359, -6.56161282677e-005, -0.000426869024523, -0.00113455113024, -0.000363450788427, 0.00734378909692, 0.00134175282437, 0.00278514577076, -0.0120195867494, 0.0249207243323, -0.0113286692649, -0.000537337735295], [0.000253230973613, 0.00427138293162, 0.00146875390783, -0.000839870655909, 0.00509581761435, 0.000918184348848, -0.00209565972909, -0.00420953053981, 0.0010726939654, 0.00424984144047, -0.0113286692649, 0.029830288142, -0.0125718498603], [0.000363708735676, -0.00119396520313, 0.00111782958265, 0.000956401403528, -0.000869582465384, 0.000896485056728, 0.00181578518823, 0.00136837968603, 0.0016485627275, 0.00435744924471, -0.000537337735295, -0.0125718498603, 0.0228529199958]]
    },
    "melbands": {
        "mean": [1.1554874618e-005, 0.000289556250209, 0.00155300926417, 0.00165239768103, 0.00174966431223, 0.000378676573746, 0.000137774157338, 0.000148782972246, 0.000114490874694, 3.80645906262e-005, 2.24215145863e-005, 7.98982218839e-005, 2.73914542959e-006, 8.70308497269e-007, 2.42212831836e-006, 1.7664644929e-006, 2.14608675719e-007, 6.97276448136e-007, 4.17874815639e-007, 3.48566516095e-007, 7.63473792631e-007, 7.43844736917e-007, 7.60497584906e-007, 2.89467720904e-007, 9.82236301184e-008, 6.34824175449e-008, 8.6413876943e-008, 6.94889195074e-008, 6.23315727921e-008, 6.79673775039e-008, 1.05250002491e-007, 6.518055784e-008, 6.20931217554e-008, 3.97127237761e-008, 3.43407187131e-008, 2.79684488902e-008, 2.61191761552e-008, 1.96546139364e-008, 2.11225774649e-008, 2.25832224032e-008],
        "var": [7.75153052857e-010, 4.35295220313e-007, 1.22871997519e-005, 8.07098967925e-006, 6.92433968652e-006, 4.08092688531e-007, 2.280769138e-007, 2.50180306693e-007, 1.08006865673e-007, 4.19976142751e-009, 5.43724121282e-010, 6.06034333828e-009, 3.4809086169e-011, 2.19266774876e-011, 1.82773518542e-010, 8.99870525317e-011, 6.43856170636e-013, 1.18748075609e-011, 3.3603660219e-012, 1.61184141121e-012, 1.27390554702e-011, 1.44978846636e-011, 1.88311640587e-011, 2.14722835866e-012, 1.29919878566e-013, 5.21956474353e-014, 1.83106432577e-013, 6.68553754024e-014, 9.9432757221e-014, 1.08904706542e-013, 3.72640639049e-013, 8.42770609701e-014, 1.34111499033e-013, 4.73448015547e-014, 3.07406721877e-014, 2.48669916717e-014, 1.92481511822e-014, 1.28194438571e-014, 1.65354180543e-014, 2.47070345818e-014]
    },
    "mfcc": {
        "mean": [-845.007629395, 198.12651062, 47.8201179504, 12.3405008316, -19.3353767395, -25.5955448151, -20.184129715, 2.66473150253, 2.68545842171, -17.7568092346, -24.4637794495, -19.1564941406, -18.3165016174],
        "cov": [[4694.99267578, -911.749145508, -754.805419922, 613.682373047, 219.742828369, 237.970535278, -256.226593018, -365.400817871, -336.146148682, -138.201919556, 50.970916748, 23.484041214, -100.339347839], [-911.749145508, 1075.36425781, 134.32409668, -176.156021118, 114.753883362, 205.277587891, 166.738479614, -19.1089763641, -1.7151632309, 143.102493286, 64.3999862671, -26.854801178, -20.9784145355], [-754.805419922, 134.32409668, 405.883026123, -85.9386367798, 28.8768291473, 19.6693210602, 94.3785629272, 87.7484893799, 75.9574127197, 38.0971717834, 19.9586715698, 1.16149926186, 11.3589725494], [613.682373047, -176.156021118, -85.9386367798, 311.000213623, 44.9495239258, -7.85462522507, -59.9179611206, -30.2080841064, -41.6891975403, -42.8765144348, -16.7114238739, -11.2408208847, -41.4025764465], [219.742828369, 114.753883362, 28.8768291473, 44.9495239258, 291.67098999, 200.167510986, 87.9419937134, -6.91716337204, 0.460999429226, 73.9009475708, 75.9852142334, 8.63678646088, -19.7224521637], [237.970535278, 205.277587891, 19.6693210602, -7.85462522507, 200.167510986, 341.563018799, 152.602737427, -51.8046150208, -16.3773803711, 117.022422791, 110.480804443, 2.93647575378, -42.2193565369], [-256.226593018, 166.738479614, 94.3785629272, -59.9179611206, 87.9419937134, 152.602737427, 181.345840454, 36.8094749451, 28.163734436, 73.0008544922, 52.3216438293, 1.97170293331, -18.5085144043], [-365.400817871, -19.1089763641, 87.7484893799, -30.2080841064, -6.91716337204, -51.8046150208, 36.8094749451, 138.183410645, 82.7496948242, -14.7281513214, -19.4685688019, 2.72831487656, 5.77370834351], [-336.146148682, -1.7151632309, 75.9574127197, -41.6891975403, 0.460999429226, -16.3773803711, 28.163734436, 82.7496948242, 112.326690674, 24.4966392517, 0.135100468993, 5.33483219147, 13.8191299438], [-138.201919556, 143.102493286, 38.0971717834, -42.8765144348, 73.9009475708, 117.022422791, 73.0008544922, -14.7281513214, 24.4966392517, 128.059906006, 76.5915374756, 12.8418521881, 5.27372837067], [50.970916748, 64.3999862671, 19.9586715698, -16.7114238739, 75.9852142334, 110.480804443, 52.3216438293, -19.4685688019, 0.135100468993, 76.5915374756, 108.822013855, 40.0832443237, 6.46595096588], [23.484041214, -26.854801178, 1.16149926186, -11.2408208847, 8.63678646088, 2.93647575378, 1.97170293331, 2.72831487656, 5.33483219147, 12.8418521881, 40.0832443237, 66.4299697876, 35.3747558594], [-100.339347839, -20.9784145355, 11.3589725494, -41.4025764465, -19.7224521637, -42.2193565369, -18.5085144043, 5.77370834351, 13.8191299438, 5.27372837067, 6.46595096588, 35.3747558594, 84.705406189]],
        "icov": [[0.000667653046548, 0.000450984080089, 0.000650448084343, -0.000559497566428, -0.000292756856652, -0.000862680841237, 0.000520863162819, 0.000469751248602, 0.000631978851743, 0.000565473048482, -0.000199520858587, -0.000204849187867, 8.79903600435e-005], [0.000450984080089, 0.00162861659192, 0.000195845001144, 0.000244592112722, -0.000375853851438, -0.000774516433012, -6.19350903435e-005, 0.000338652229402, 0.00112056580838, -0.000808507262263, 0.000406746927183, 0.000306874222588, 0.000229010533076], [0.000650448084343, 0.000195845001144, 0.00398288387805, -0.000258385174675, -0.000502822047565, -0.000175001187017, -0.000924041029066, -0.000482407747768, -0.000434290821431, 0.00080523150973, -0.00105430535041, 0.000555597769562, -0.000345550419297], [-0.000559497566428, 0.000244592112722, -0.000258385174675, 0.00505079654977, -0.00118815887254, 0.000802095979452, 0.00085214729188, -0.000398965465138, 0.000345444423147, -0.000141039534356, 0.000534826773219, -0.000259477092186, 0.00225770007819], [-0.000292756856652, -0.000375853851438, -0.000502822047565, -0.00118815887254, 0.00662684813142, -0.00355283659883, 0.0004294772516, -0.0021997266449, 0.00024907241459, -0.000713360554073, -0.000913275638595, 0.000336024590069, -0.00100411358289], [-0.000862680841237, -0.000774516433012, -0.000175001187017, 0.000802095979452, -0.00355283659883, 0.0120159042999, -0.00703783473, 0.00432474212721, -0.00188578548841, -0.00153856759425, -0.00425934791565, 0.00176930450834, 0.00252070161514], [0.000520863162819, -6.19350903435e-005, -0.000924041029066, 0.00085214729188, 0.0004294772516, -0.00703783473, 0.0145905725658, -0.00632706098258, 0.00297128758393, -0.00284914602526, 0.00110349338502, -0.00107087870128, 0.001409247634], [0.000469751248602, 0.000338652229402, -0.000482407747768, -0.000398965465138, -0.0021997266449, 0.00432474212721, -0.00632706098258, 0.0197930820286, -0.0122201666236, 0.0060372306034, -0.00048301613424, -0.00139657233376, 0.00165963603649], [0.000631978851743, 0.00112056580838, -0.000434290821431, 0.000345444423147, 0.00024907241459, -0.00188578548841, 0.00297128758393, -0.0122201666236, 0.020988618955, -0.0074166432023, 0.00277652195655, -0.000596003897954, -0.00107194541488], [0.000565473048482, -0.000808507262263, 0.00080523150973, -0.000141039534356, -0.000713360554073, -0.00153856759425, -0.00284914602526, 0.0060372306034, -0.0074166432023, 0.0214861556888, -0.0121218496934, 0.00470133498311, -0.00284013873897], [-0.000199520858587, 0.000406746927183, -0.00105430535041, 0.000534826773219, -0.000913275638595, -0.00425934791565, 0.00110349338502, -0.00048301613424, 0.00277652195655, -0.0121218496934, 0.0277289766818, -0.0154975159094, 0.00286275544204], [-0.000204849187867, 0.000306874222588, 0.000555597769562, -0.000259477092186, 0.000336024590069, 0.00176930450834, -0.00107087870128, -0.00139657233376, -0.000596003897954, 0.00470133498311, -0.0154975159094, 0.0294316094369, -0.0108504137024], [8.79903600435e-005, 0.000229010533076, -0.000345550419297, 0.00225770007819, -0.00100411358289, 0.00252070161514, 0.001409247634, 0.00165963603649, -0.00107194541488, -0.00284013873897, 0.00286275544204, -0.0108504137024, 0.0189983658493]]
    },
    "spectral_contrast_coeffs": {
        "mean": [-0.461622655392, -0.693658292294, -0.647927761078, -0.824227631092, -0.840313315392, -0.813927829266],
        "var": [0.0115883965045, 0.00774312764406, 0.00340424594469, 0.00243535568006, 0.000894941505976, 0.00152173452079]
    },
    "spectral_contrast_valleys": {
        "mean": [-8.95723438263, -7.21748447418, -9.19619178772, -10.2710094452, -10.1529378891, -12.6368656158],
        "var": [0.87247890234, 0.494979500771, 0.638551294804, 0.821521878242, 1.05701291561, 1.09610033035]
    }
},
"metadata": {
    "audio_properties": {
        "analysis_sample_rate": 44100,
        "bit_rate": 128074,
        "equal_loudness": 0,
        "length": 45.0612258911,
        "lossless": 0,
        "replay_gain": -5.11074256897,
        "sample_rate": 44100,
        "codec": "mp3",
        "downmix": "mix",
        "md5_encoded": "3d208b0045a042aa46e4b189d5361a88"
    },
    "tags": {
        "file_name": "1648.mp3"
    },
    "version": {
        "essentia": "2.1-beta2",
        "essentia_git_sha": "v2.1_beta2",
        "extractor": "music 1.0"
    }
},
"rhythm": {
    "beats_count": 131,
    "beats_loudness": {
        "mean": 0.0379811152816,
        "var": 0.00092259736266
    },
    "bpm": 172.265640259,
    "bpm_histogram_first_peak_bpm": {
        "mean": 172,
        "var": 0
    },
    "bpm_histogram_first_peak_spread": {
        "mean": 0,
        "var": 0
    },
    "bpm_histogram_first_peak_weight": {
        "mean": 0.484615385532,
        "var": 0
    },
    "bpm_histogram_second_peak_bpm": {
        "mean": 178,
        "var": 0
    },
    "bpm_histogram_second_peak_spread": {
        "mean": 0,
        "var": 0
    },
    "bpm_histogram_second_peak_weight": {
        "mean": 0.376923084259,
        "var": 0
    },
    "danceability": 1.17219531536,
    "onset_rate": 3.7931265831,
    "beats_loudness_band_ratio": {
        "mean": [0.272026568651, 0.680950880051, 0.0635922700167, 0.0307334177196, 0.00312978168949, 0.000531434314325],
        "var": [0.100179992616, 0.098902285099, 0.00651073735207, 0.00105720874853, 2.10119160329e-005, 4.21021098873e-007]
    },
    "beats_position": [0.406349211931, 0.777868449688, 1.13777780533, 1.48607707024, 1.83437633514, 2.18267560005, 2.53097510338, 2.87927436829, 3.22757363319, 3.5758728981, 3.92417216301, 4.27247142792, 4.62077093124, 4.96907043457, 5.31736946106, 5.66566896439, 6.01396799088, 6.3622674942, 6.71056699753, 7.04725599289, 7.38394546509, 7.73224496841, 8.08054447174, 8.42884349823, 8.77714252472, 9.11383247375, 9.46213150024, 9.81043052673, 10.1703395844, 10.5186395645, 10.8553285599, 11.1920175552, 11.5403175354, 11.8886165619, 12.2253055573, 12.5619955063, 12.9102945328, 13.2585935593, 13.5952835083, 13.9319725037, 14.2802715302, 14.6169614792, 14.9536504745, 15.301949501, 15.6502494812, 15.9985485077, 16.3352375031, 16.6719264984, 17.0202255249, 17.3685264587, 17.7052154541, 18.0419044495, 18.390203476, 18.7268924713, 19.0635814667, 19.4118824005, 19.760181427, 20.0968704224, 20.4335594177, 20.7818584442, 21.1185474396, 21.4552383423, 21.8035373688, 22.1518363953, 22.4769153595, 22.825214386, 23.1735134125, 23.5218143463, 23.8701133728, 24.2184123993, 24.5551013947, 24.89179039, 25.2400894165, 25.5883903503, 25.9250793457, 26.2617683411, 26.5984573364, 26.9351463318, 27.2834453583, 27.620136261, 27.9684352875, 28.3051242828, 28.6418132782, 28.9901123047, 29.3268013, 29.6751022339, 30.0117912292, 30.3600902557, 30.7083892822, 31.0450782776, 31.3933773041, 31.7300682068, 32.0667572021, 32.4150543213, 32.7401351929, 33.0884361267, 33.4251251221, 33.7618141174, 34.1101112366, 34.4351921082, 34.7602729797, 35.0969619751, 35.4336509705, 35.7703399658, 36.0954170227, 36.4321098328, 36.7687988281, 37.1054878235, 37.4537849426, 37.7788658142, 38.1271629333, 38.4522438049, 38.8005447388, 39.1488418579, 39.4739227295, 39.8106117249, 40.1356925964, 40.4723815918, 40.8206787109, 41.1457595825, 41.4824485779, 41.8191375732, 42.1442184448, 42.5157356262, 42.8408164978, 43.1775054932, 43.5141944885, 43.8392753601, 44.1875724792, 44.5126533508, 44.86095047]
},
"tonal": {
    "chords_changes_rate": 0.00823045242578,
    "chords_number_rate": 0.00411522621289,
    "chords_strength": {
        "mean": 0.59159052372,
        "var": 0.00401473091915
    },
    "hpcp_entropy": {
        "mean": 1.4770116806,
        "var": 0.304894149303
    },
    "key_strength": 0.731886982918,
    "tuning_diatonic_strength": 0.595320224762,
    "tuning_equal_tempered_deviation": 0.111109763384,
    "tuning_frequency": 439.745910645,
    "tuning_nontempered_energy_ratio": 0.746644198895,
    "hpcp": {
        "mean": [0.448241472244, 0.440187841654, 0.132307484746, 0.02173223719, 0.0128411697224, 0.00956968218088, 0.00560772512108, 0.00631214724854, 0.0697181597352, 0.133808746934, 0.0769765153527, 0.0132830431685, 0.012142656371, 0.020060652867, 0.107670664787, 0.459914803505, 0.577110826969, 0.229434683919, 0.0285358279943, 0.0198265984654, 0.0513369254768, 0.0764004066586, 0.0450585633516, 0.0886227712035, 0.127765893936, 0.0558591671288, 0.00968503952026, 0.00896152295172, 0.0119810141623, 0.0130003169179, 0.0128904366866, 0.0160030610859, 0.0163528043777, 0.0149456523359, 0.0248300842941, 0.143129855394],
        "var": [0.138783678412, 0.144451484084, 0.0331931449473, 0.00925213191658, 0.00533187622204, 0.00186077156104, 0.00052912638057, 0.000760111026466, 0.0259118843824, 0.100577071309, 0.0364031270146, 0.00206150766462, 0.00167249061633, 0.00513682002202, 0.0299217309803, 0.10022033006, 0.1350761801, 0.043681576848, 0.0105083687231, 0.00529617350549, 0.0215138923377, 0.0452635213733, 0.00986363179982, 0.037755575031, 0.0811377242208, 0.0149772660807, 0.00134563352913, 0.00145427975804, 0.0034392841626, 0.00314883422107, 0.00251302099787, 0.0073350914754, 0.0063718999736, 0.00401461636648, 0.00810287892818, 0.0307641681284]
    },
    "chords_histogram": [81.6872406006, 5.86419773102, 7.30452680588, 0, 0, 0, 0, 0.102880656719, 0, 5.04115247726, 0, 0, 0, 0, 0, 0, 0, 0, 0, 0, 0, 0, 0, 0],
    "thpcp": [1, 0.397557407618, 0.0494460090995, 0.0343549251556, 0.088955052197, 0.132384285331, 0.0780761018395, 0.153562828898, 0.221388831735, 0.0967910587788, 0.0167819410563, 0.0155282532796, 0.0207603350282, 0.022526551038, 0.0223361551762, 0.0277296155691, 0.0283356402069, 0.0258973687887, 0.0430248118937, 0.248011037707, 0.776699125767, 0.762744009495, 0.229258358479, 0.037656955421, 0.0222507864237, 0.0165820531547, 0.00971689447761, 0.0109374960884, 0.120805494487, 0.231859713793, 0.133382558823, 0.0230164509267, 0.0210404247046, 0.0347604863346, 0.186568439007, 0.796926319599],
    "chords_key": "D",
    "chords_scale": "minor",
    "key_key": "D",
    "key_scale": "minor"
}
}