{
"lowlevel": {
    "average_loudness": 0.984780490398,
    "barkbands_crest": {
        "mean": 6.46325302124,
        "var": 10.1019906998
    },
    "barkbands_flatness_db": {
        "mean": 0.0946175828576,
        "var": 0.000533226528205
    },
    "barkbands_kurtosis": {
        "mean": -0.525287926197,
        "var": 1.44682502747
    },
    "barkbands_skewness": {
        "mean": 0.0660519003868,
        "var": 0.428893715143
    },
    "barkbands_spread": {
        "mean": 31.4610614777,
        "var": 93.6108398438
    },
    "dissonance": {
        "mean": 0.486458778381,
        "var": 9.0693916718e-005
    },
    "dynamic_complexity": 1.33857810497,
    "erbbands_crest": {
        "mean": 7.49509811401,
        "var": 7.01032686234
    },
    "erbbands_flatness_db": {
        "mean": 0.177256271243,
        "var": 0.000847182818688
    },
    "erbbands_kurtosis": {
        "mean": 0.774325609207,
        "var": 1.31964409351
    },
    "erbbands_skewness": {
        "mean": -0.312573939562,
        "var": 0.164818629622
    },
    "erbbands_spread": {
        "mean": 26.3564605713,
        "var": 114.704582214
    },
    "hfc": {
        "mean": 34.1333694458,
        "var": 330.372772217
    },
    "melbands_crest": {
        "mean": 10.3081150055,
        "var": 26.5229206085
    },
    "melbands_flatness_db": {
        "mean": 0.122775994241,
        "var": 0.00135017966386
    },
    "melbands_kurtosis": {
        "mean": 1.53770506382,
        "var": 32.1767692566
    },
    "melbands_skewness": {
        "mean": 1.0323485136,
        "var": 1.10948085785
    },
    "melbands_spread": {
        "mean": 51.8641433716,
        "var": 242.179077148
    },
    "pitch_salience": {
        "mean": 0.637887299061,
        "var": 0.010051750578
    },
    "silence_rate_20dB": {
        "mean": 1,
        "var": 0
    },
    "silence_rate_30dB": {
        "mean": 1,
        "var": 0
    },
    "silence_rate_60dB": {
        "mean": 0.00463439757004,
        "var": 0.00461289985105
    },
    "spectral_centroid": {
        "mean": 2257.18920898,
        "var": 192106.84375
    },
    "spectral_complexity": {
        "mean": 33.5947494507,
        "var": 85.0630950928
    },
    "spectral_decrease": {
        "mean": -5.37122391009e-009,
        "var": 1.55547856576e-017
    },
    "spectral_energy": {
        "mean": 0.0233682449907,
        "var": 0.000251995952567
    },
    "spectral_energyband_high": {
        "mean": 0.00174077134579,
        "var": 2.6230070489e-006
    },
    "spectral_energyband_low": {
        "mean": 0.00628548907116,
        "var": 0.000168136946741
    },
    "spectral_energyband_middle_high": {
        "mean": 0.0114887133241,
        "var": 3.1020892493e-005
    },
    "spectral_energyband_middle_low": {
        "mean": 0.00461443234235,
        "var": 1.04612117866e-005
    },
    "spectral_entropy": {
        "mean": 7.88108587265,
        "var": 0.0279343891889
    },
    "spectral_flux": {
        "mean": 0.0986227318645,
        "var": 0.00203317869455
    },
    "spectral_kurtosis": {
        "mean": 3.18917655945,
        "var": 2.77042937279
    },
    "spectral_rms": {
        "mean": 0.00457639619708,
        "var": 1.85488363513e-006
    },
    "spectral_rolloff": {
        "mean": 2809.11181641,
        "var": 1137714.375
    },
    "spectral_skewness": {
        "mean": 1.05887544155,
        "var": 0.0524739399552
    },
    "spectral_spread": {
        "mean": 3512337.5,
        "var": 1.59086713242e+012
    },
    "spectral_strongpeak": {
        "mean": 1.30537700653,
        "var": 2.56004047394
    },
    "zerocrossingrate": {
        "mean": 0.0927103310823,
        "var": 0.00049653131282
    },
    "barkbands": {
        "mean": [0.000121664459584, 0.00305325584486, 0.0024920697324, 0.00116735871416, 0.00121275440324, 0.000662884674966, 0.000235889019677, 0.000280246487819, 0.000793269136921, 0.000598450074904, 0.000869811803568, 0.000790784193669, 0.00164690357633, 0.00182839366607, 0.00170480110683, 0.00108504516538, 0.000771224382333, 0.000981985591352, 0.00119939027354, 0.000228480916121, 0.000707064988092, 0.000606164860073, 0.00023547722958, 5.76790516789e-005, 2.52214758802e-005, 1.08853546408e-005, 1.11481563181e-006],
        "var": [1.49691118168e-007, 9.85617371043e-005, 1.35018235596e-005, 4.09276617575e-006, 1.3609310372e-006, 4.0028390913e-007, 5.59427881797e-008, 6.98455195902e-008, 8.40951031478e-007, 6.47249748909e-007, 1.40393649417e-006, 4.11006141121e-007, 1.82981125363e-006, 2.01206466954e-006, 2.2211927444e-006, 8.77310128544e-007, 7.77880529768e-007, 1.4860175952e-006, 1.84186876595e-006, 6.37995469788e-008, 5.3726017768e-007, 3.58350433771e-007, 8.32776763104e-008, 1.25712595889e-008, 3.07376324393e-009, 2.64700317221e-010, 5.8458285955e-012]
    },
    "erbbands": {
        "mean": [0.0919041708112, 0.690551698208, 2.50994038582, 3.70894145966, 3.66705703735, 4.34496593475, 3.75459098816, 7.17891454697, 3.80433773994, 4.35778474808, 7.12071084976, 20.159450531, 21.6430358887, 20.2340736389, 34.956073761, 35.8448219299, 73.810874939, 94.049911499, 94.2693939209, 74.8719863892, 52.4897727966, 47.5249595642, 53.4027061462, 66.8329162598, 40.6882591248, 10.4931592941, 21.9058170319, 29.4958572388, 21.6945037842, 15.1453762054, 5.18199920654, 1.82528674603, 0.737651050091, 0.351506710052, 0.148842573166, 0.0566480122507, 0.0194108039141, 0.00337913678959, 0.00013343457249, 3.45176704286e-005],
        "var": [0.0991630777717, 4.49771642685, 16.7443790436, 28.5110874176, 26.6039085388, 18.3719120026, 11.4656906128, 55.1624298096, 15.1313591003, 16.7153587341, 42.1780929565, 579.007202148, 580.519042969, 610.762756348, 2658.96875, 685.217163086, 3258.80664063, 4795.58740234, 4435.74169922, 3913.56030273, 1927.74963379, 3413.92626953, 3951.90209961, 5835.49560547, 1664.84387207, 111.163002014, 551.701843262, 941.549987793, 492.186218262, 301.845458984, 37.6405601501, 8.33402919769, 2.88812398911, 0.665901422501, 0.0882347077131, 0.00789392739534, 0.000837166269775, 3.7042045733e-005, 5.96859024427e-008, 4.84117745891e-010]
    },
    "gfcc": {
        "mean": [26.7701644897, 73.6414794922, -162.421524048, 43.175037384, -48.9675369263, 16.7143287659, -32.5890731812, -10.3032999039, -23.7362689972, -0.628906548023, -26.8197574615, 2.01566624641, -21.5728054047],
        "cov": [[2209.85571289, -297.475891113, 34.2484741211, 225.004058838, -54.7916221619, 182.768783569, 24.4085006714, 122.202003479, -18.7662658691, 33.4818382263, 20.2335319519, -5.68481397629, -0.133733525872], [-297.475891113, 555.550476074, -107.952056885, -10.9578886032, 129.594924927, -82.7042694092, 50.3820571899, -31.0864086151, 50.6432228088, -25.5696964264, 24.6009292603, -51.1697921753, 22.4671173096], [34.2484741211, -107.952056885, 440.485290527, 120.253242493, -0.085202716291, 156.31338501, -31.3025608063, -2.82022547722, 15.2717456818, 43.6041183472, -8.85201358795, 34.8053855896, -12.3117074966], [225.004058838, -10.9578886032, 120.253242493, 200.997558594, 70.2945404053, 81.06275177, 54.1872711182, 49.384513855, 25.1473026276, -5.82499980927, 29.7299175262, -15.2437543869, 20.6464710236], [-54.7916221619, 129.594924927, -0.085202716291, 70.2945404053, 156.338470459, 25.5349502563, 74.8059234619, 44.4664993286, 43.7061462402, 10.6178913116, 25.0551490784, -3.13073658943, 12.9648456573], [182.768783569, -82.7042694092, 156.31338501, 81.06275177, 25.5349502563, 137.970230103, 33.2028198242, 35.2199249268, 22.0831718445, 28.9134883881, 15.7011375427, 13.5984964371, 0.863427996635], [24.4085006714, 50.3820571899, -31.3025608063, 54.1872711182, 74.8059234619, 33.2028198242, 116.037269592, 64.6149978638, 41.7833862305, 4.05753517151, 21.4892749786, 0.399226337671, 16.2219486237], [122.202003479, -31.0864086151, -2.82022547722, 49.384513855, 44.4664993286, 35.2199249268, 64.6149978638, 114.199104309, 45.6403884888, 12.5548095703, 19.4399394989, 4.99431228638, 23.7544822693], [-18.7662658691, 50.6432228088, 15.2717456818, 25.1473026276, 43.7061462402, 22.0831718445, 41.7833862305, 45.6403884888, 81.1768951416, 24.1426715851, 4.41216754913, 12.6107797623, 15.1307458878], [33.4818382263, -25.5696964264, 43.6041183472, -5.82499980927, 10.6178913116, 28.9134883881, 4.05753517151, 12.5548095703, 24.1426715851, 64.8150939941, 19.2729701996, 24.0804691315, 2.60717892647], [20.2335319519, 24.6009292603, -8.85201358795, 29.7299175262, 25.0551490784, 15.7011375427, 21.4892749786, 19.4399394989, 4.41216754913, 19.2729701996, 70.5436019897, 9.12086868286, 12.9649953842], [-5.68481397629, -51.1697921753, 34.8053855896, -15.2437543869, -3.13073658943, 13.5984964371, 0.399226337671, 4.99431228638, 12.6107797623, 24.0804691315, 9.12086868286, 73.1111221313, 8.65223789215], [-0.133733525872, 22.4671173096, -12.3117074966, 20.6464710236, 12.9648456573, 0.863427996635, 16.2219486237, 23.7544822693, 15.1307458878, 2.60717892647, 12.9649953842, 8.65223789215, 53.3082313538]],
        "icov": [[0.000782595714554, -0.000250787386904, 0.00107130396646, -0.00160567625426, 0.000955427647568, -0.00152975285891, 0.000845264527015, -0.00109181227162, 0.000967925938312, -0.0011414551409, 0.000922209525015, -0.000546330586076, 0.00064415554516], [-0.000250787386904, 0.00424906890839, -0.00134685798548, 0.00236538262106, -0.00380400801077, 0.00322325644083, -0.00169414654374, 0.00400843890384, -0.00416840240359, 0.00267297308892, -0.00305447960272, 0.00354129611515, -0.00219579972327], [0.00107130396646, -0.00134685798548, 0.00750007666647, -0.00579742761329, 0.00215083104558, -0.00817762687802, 0.00519153987989, -0.0014372728765, 0.00178000354208, -0.00409371312708, 0.00446281442419, -0.00375959067605, 0.00243766489439], [-0.00160567625426, 0.00236538262106, -0.00579742761329, 0.0150171937421, -0.00610561296344, 0.00186505971942, -0.0041142301634, 0.002543927636, -0.00407677097246, 0.0085142897442, -0.00702759530395, 0.00604280130938, -0.00511388061568], [0.000955427647568, -0.00380400801077, 0.00215083104558, -0.00610561296344, 0.0147971427068, -0.00274798413739, -0.00314003415406, -0.00351521116681, 0.00155756878667, -0.00457750074565, 0.00212052697316, -0.00288355979137, 0.00316885299981], [-0.00152975285891, 0.00322325644083, -0.00817762687802, 0.00186505971942, -0.00274798413739, 0.0219254866242, -0.00783187802881, 0.00239520287141, -0.00327012757771, -0.00018973609258, -0.00471089500934, 0.00341297360137, -0.000814895902295], [0.000845264527015, -0.00169414654374, 0.00519153987989, -0.0041142301634, -0.00314003415406, -0.00783187802881, 0.0209644269198, -0.00778049463406, -0.00109494442586, 0.000275467900792, 0.00137655274011, -0.0030129996594, 0.00193812628277], [-0.00109181227162, 0.00400843890384, -0.0014372728765, 0.002543927636, -0.00351521116681, 0.00239520287141, -0.00778049463406, 0.0202060174197, -0.00959356687963, 0.00313029624522, -0.00451157102361, 0.00387329258956, -0.00579101312906], [0.000967925938312, -0.00416840240359, 0.00178000354208, -0.00407677097246, 0.00155756878667, -0.00327012757771, -0.00109494442586, -0.00959356687963, 0.0255726706237, -0.0106386337429, 0.00821849796921, -0.00515100872144, 0.000130705564516], [-0.0011414551409, 0.00267297308892, -0.00409371312708, 0.0085142897442, -0.00457750074565, -0.00018973609258, 0.000275467900792, 0.00313029624522, -0.0106386337429, 0.0283233746886, -0.0106960488483, -0.000868619652465, -0.00135810149368], [0.000922209525015, -0.00305447960272, 0.00446281442419, -0.00702759530395, 0.00212052697316, -0.00471089500934, 0.00137655274011, -0.00451157102361, 0.00821849796921, -0.0106960488483, 0.022741695866, -0.00508195068687, -0.000321484287269], [-0.000546330586076, 0.00354129611515, -0.00375959067605, 0.00604280130938, -0.00288355979137, 0.00341297360137, -0.0030129996594, 0.00387329258956, -0.00515100872144, -0.000868619652465, -0.00508195068687, 0.020613161847, -0.00547078391537], [0.00064415554516, -0.00219579972327, 0.00243766489439, -0.00511388061568, 0.00316885299981, -0.000814895902295, 0.00193812628277, -0.00579101312906, 0.000130705564516, -0.00135810149368, -0.000321484287269, -0.00547078391537, 0.0244581885636]]
    },
    "melbands": {
        "mean": [0.000833276950289, 0.00119314505719, 0.000667008105665, 0.000274605088634, 0.000158541311976, 0.000146910329931, 5.5974778661e-005, 4.9363814469e-005, 5.69360672671e-005, 0.000136189744808, 0.000107398715045, 7.75881344453e-005, 0.000108574597107, 8.77991988091e-005, 0.000121703749755, 0.000187250348972, 0.000171687759575, 0.000148233564687, 0.0001286380284, 8.70432704687e-005, 5.13105733262e-005, 5.11333819304e-005, 3.5039454815e-005, 5.60455700906e-005, 5.54860889679e-005, 4.02299119742e-005, 1.42562676047e-005, 4.75251908938e-006, 1.15566026579e-005, 1.71203955688e-005, 1.74598899321e-005, 1.24409552882e-005, 1.10834253064e-005, 7.34764307708e-006, 3.35220147463e-006, 1.61992397807e-006, 8.52135940477e-007, 5.54917846785e-007, 3.33520091544e-007, 2.84810511175e-007],
        "var": [7.8467419371e-006, 5.22063101016e-006, 8.41263215534e-007, 8.63126814465e-008, 2.10575095139e-008, 2.1463558042e-008, 2.97222335632e-009, 2.49080311931e-009, 3.89087029262e-009, 2.8808544883e-008, 1.54471120339e-008, 1.00350705523e-008, 2.10270716394e-008, 6.60325039092e-009, 1.15135954104e-008, 2.68717279539e-008, 1.88089348541e-008, 1.15977156767e-008, 1.76785945882e-008, 5.53120349522e-009, 1.94052196534e-009, 4.69197214414e-009, 1.11702314065e-009, 7.02897473559e-009, 4.81968420729e-009, 2.1542678752e-009, 2.22638171787e-010, 4.13723326431e-011, 1.65894742388e-010, 3.80107834097e-010, 3.66169983224e-010, 1.86582152506e-010, 1.51462273279e-010, 8.32482485724e-011, 1.63307770085e-011, 5.81094807689e-012, 2.53715950159e-012, 1.64168071498e-012, 7.85687704133e-013, 4.45815584969e-013]
    },
    "mfcc": {
        "mean": [-600.000915527, 97.4832382202, -44.9529075623, 28.2148151398, -3.64696502686, 30.1615123749, -9.30784320831, 7.01007795334, -6.06196403503, -4.24101114273, 5.6163520813, -11.8729295731, -9.2573928833],
        "cov": [[1675.74755859, -376.4375, 91.1993179321, 24.9477100372, 38.9670028687, -8.53406333923, 135.740432739, 48.2993240356, 55.8927650452, 89.2998580933, -20.6104774475, 89.794052124, -18.9498405457], [-376.4375, 556.463562012, -201.529953003, 48.4736709595, -9.81752967834, 10.5254354477, -44.3188476563, -10.9647293091, -11.6091508865, 3.12014770508, 35.0543251038, -31.4259204865, -5.20125579834], [91.1993179321, -201.529953003, 461.388763428, -17.1278457642, 98.7803192139, 94.9066543579, 20.6594181061, -0.140317544341, 13.0098495483, -7.4629535675, 8.81759929657, 24.3286628723, -2.33549451828], [24.9477100372, 48.4736709595, -17.1278457642, 129.142791748, 48.0846138, 16.0767707825, 43.2283554077, 39.4697799683, 35.5327110291, 27.0743503571, 4.82392406464, 17.1897315979, 0.52018147707], [38.9670028687, -9.81752967834, 98.7803192139, 48.0846138, 110.264060974, 44.7880249023, 38.542514801, 20.673122406, 25.5608005524, 25.1381645203, 12.2727117538, 25.0728816986, 3.14173078537], [-8.53406333923, 10.5254354477, 94.9066543579, 16.0767707825, 44.7880249023, 106.953575134, 14.8910341263, 16.2960453033, 10.1783075333, 5.57394123077, 27.830039978, 9.62745380402, 11.1202754974], [135.740432739, -44.3188476563, 20.6594181061, 43.2283554077, 38.542514801, 14.8910341263, 117.011032104, 32.3606491089, 24.221736908, 34.0187950134, 3.25789427757, 39.5812759399, 2.79761362076], [48.2993240356, -10.9647293091, -0.140317544341, 39.4697799683, 20.673122406, 16.2960453033, 32.3606491089, 92.4929656982, 42.6422386169, 29.6718235016, 11.6518468857, 13.8647613525, 15.3490724564], [55.8927650452, -11.6091508865, 13.0098495483, 35.5327110291, 25.5608005524, 10.1783075333, 24.221736908, 42.6422386169, 89.7486343384, 40.0434913635, 9.3116312027, 8.90134048462, 3.88939237595], [89.2998580933, 3.12014770508, -7.4629535675, 27.0743503571, 25.1381645203, 5.57394123077, 34.0187950134, 29.6718235016, 40.0434913635, 79.3540267944, 18.2831268311, 21.2506523132, -1.05020928383], [-20.6104774475, 35.0543251038, 8.81759929657, 4.82392406464, 12.2727117538, 27.830039978, 3.25789427757, 11.6518468857, 9.3116312027, 18.2831268311, 60.5560569763, 11.711520195, 13.8454532623], [89.794052124, -31.4259204865, 24.3286628723, 17.1897315979, 25.0728816986, 9.62745380402, 39.5812759399, 13.8647613525, 8.90134048462, 21.2506523132, 11.711520195, 67.0533828735, 13.9440107346], [-18.9498405457, -5.20125579834, -2.33549451828, 0.52018147707, 3.14173078537, 11.1202754974, 2.79761362076, 15.3490724564, 3.88939237595, -1.05020928383, 13.8454532623, 13.9440107346, 57.9309806824]],
        "icov": [[0.000812088663224, 0.000514570216183, 9.20313323149e-005, -1.48631543198e-005, 0.000104502440081, -5.93757067691e-005, -0.000406319013564, -8.62705383042e-006, -5.74495752517e-005, -0.000629599904642, 0.000210240861634, -0.000582953973208, 0.00042583773029], [0.000514570216183, 0.00299384375103, 0.00148594065104, -0.00110941159073, -0.000661249971017, -0.00109772267751, 0.000801347661763, 0.000570009869989, 0.000373788818251, -0.000426426791819, -0.00138760532718, 0.000444001605501, 0.000755777815357], [9.20313323149e-005, 0.00148594065104, 0.00418849475682, 0.00124241248704, -0.0033485298045, -0.00283994758502, 0.000531102821697, 0.000462717929622, -0.000533856393304, 0.00110497535206, -7.52850464778e-005, -0.000508436467499, 0.00109596899711], [-1.48631543198e-005, -0.00110941159073, 0.00124241248704, 0.0122997583821, -0.0047460864298, -0.000308510963805, -0.00232608732767, -0.00285248388536, -0.0021769173909, 0.000552675686777, 0.00131481955759, -0.000649666471872, 0.00101820612326], [0.000104502440081, -0.000661249971017, -0.0033485298045, -0.0047460864298, 0.0169268660247, -0.00289749819785, -0.001803318155, 0.000741458963603, -0.000825492141303, -0.0025774310343, 0.000501122151036, -0.0021432407666, -0.00018391093181], [-5.93757067691e-005, -0.00109772267751, -0.00283994758502, -0.000308510963805, -0.00289749819785, 0.0149062927812, -0.000998988864012, -0.00152445444837, 0.000384331593523, 0.00148436392192, -0.00526160281152, 0.00123645807616, -0.00152077362873], [-0.000406319013564, 0.000801347661763, 0.000531102821697, -0.00232608732767, -0.001803318155, -0.000998988864012, 0.0136490901932, -0.00188468385022, 0.000420976080932, -0.00234178360552, 0.00139994279016, -0.00528799556196, 0.000978627824225], [-8.62705383042e-006, 0.000570009869989, 0.000462717929622, -0.00285248388536, 0.000741458963603, -0.00152445444837, -0.00188468385022, 0.0164562836289, -0.00518914824352, -0.00193473801482, -0.000603675260209, 0.000654623378068, -0.0036240813788], [-5.74495752517e-005, 0.000373788818251, -0.000533856393304, -0.0021769173909, -0.000825492141303, 0.000384331593523, 0.000420976080932, -0.00518914824352, 0.0174851082265, -0.00661540823057, 1.18906718853e-005, 0.00194381957408, -0.000426226324635], [-0.000629599904642, -0.000426426791819, 0.00110497535206, 0.000552675686777, -0.0025774310343, 0.00148436392192, -0.00234178360552, -0.00193473801482, -0.00661540823057, 0.0210545174778, -0.00531909009442, -0.00286876247264, 0.00306350993924], [0.000210240861634, -0.00138760532718, -7.52850464778e-005, 0.00131481955759, 0.000501122151036, -0.00526160281152, 0.00139994279016, -0.000603675260209, 1.18906718853e-005, -0.00531909009442, 0.0226835701615, -0.00285714957863, -0.00382634950802], [-0.000582953973208, 0.000444001605501, -0.000508436467499, -0.000649666471872, -0.0021432407666, 0.00123645807616, -0.00528799556196, 0.000654623378068, 0.00194381957408, -0.00286876247264, -0.00285714957863, 0.0220559351146, -0.00501320930198], [0.00042583773029, 0.000755777815357, 0.00109596899711, 0.00101820612326, -0.00018391093181, -0.00152077362873, 0.000978627824225, -0.0036240813788, -0.000426226324635, 0.00306350993924, -0.00382634950802, -0.00501320930198, 0.0209242980927]]
    },
    "spectral_contrast_coeffs": {
        "mean": [-0.62477606535, -0.76939022541, -0.777166545391, -0.783733963966, -0.76132363081, -0.632150411606],
        "var": [0.00507753109559, 0.00301811657846, 0.0029285820201, 0.00128836976364, 0.00100987951737, 0.00124415406026]
    },
    "spectral_contrast_valleys": {
        "mean": [-7.66902256012, -6.95566129684, -6.88527727127, -6.44080734253, -6.87371301651, -10.3949327469],
        "var": [0.711385965347, 0.460221707821, 0.450204491615, 0.434680908918, 0.476335734129, 0.831969380379]
    }
},
"metadata": {
    "audio_properties": {
        "analysis_sample_rate": 44100,
        "bit_rate": 128074,
        "equal_loudness": 0,
        "length": 45.0612258911,
        "lossless": 0,
        "replay_gain": -6.64577484131,
        "sample_rate": 44100,
        "codec": "mp3",
        "downmix": "mix",
        "md5_encoded": "a4b9ce5414ab7a6975cceab296f735a3"
    },
    "tags": {
        "file_name": "1649.mp3"
    },
    "version": {
        "essentia": "2.1-beta2",
        "essentia_git_sha": "v2.1_beta2",
        "extractor": "music 1.0"
    }
},
"rhythm": {
    "beats_count": 86,
    "beats_loudness": {
        "mean": 0.0305571779609,
        "var": 0.000105467363028
    },
    "bpm": 120.549049377,
    "bpm_histogram_first_peak_bpm": {
        "mean": 120,
        "var": 0
    },
    "bpm_histogram_first_peak_spread": {
        "mean": 0.491525411606,
        "var": 0
    },
    "bpm_histogram_first_peak_weight": {
        "mean": 0.352941185236,
        "var": 0
    },
    "bpm_histogram_second_peak_bpm": {
        "mean": 99,
        "var": 0
    },
    "bpm_histogram_second_peak_spread": {
        "mean": 0.538461506367,
        "var": 0
    },
    "bpm_histogram_second_peak_weight": {
        "mean": 0.0705882385373,
        "var": 0
    },
    "danceability": 1.86357665062,
    "onset_rate": 5.39023256302,
    "beats_loudness_band_ratio": {
        "mean": [0.318280220032, 0.0415092967451, 0.0711934566498, 0.179920107126, 0.279232591391, 0.132269367576],
        "var": [0.0167447663844, 0.000639684789348, 0.00304187322035, 0.00522887613624, 0.0103112589568, 0.00407445197925]
    },
    "beats_position": [0.49922901392, 1.02167797089, 1.55573689938, 2.10140585899, 2.63546490669, 3.16952371597, 3.7151927948, 4.22603178024, 4.73687076569, 5.24770975113, 5.74693870544, 6.24616765976, 6.74539661407, 7.24462556839, 7.74385452271, 8.23147392273, 8.73070240021, 9.22993183136, 9.72916126251, 10.22838974, 10.7276191711, 11.2152376175, 11.7028570175, 12.1904764175, 12.689704895, 13.1889343262, 13.6881628036, 14.1873922348, 14.6982307434, 15.1974601746, 15.696688652, 16.1843090057, 16.6603164673, 17.1479358673, 17.6239452362, 18.1115646362, 18.5991840363, 19.0868015289, 19.574420929, 20.0736503601, 20.5728797913, 21.0721092224, 21.5713367462, 22.0589561462, 22.6278457642, 23.2083435059, 23.800453186, 24.40417099, 25.0078907013, 25.6000003815, 26.1921081543, 26.7958278656, 27.3879356384, 27.9800453186, 28.5837631226, 29.1874828339, 29.7912006378, 30.4181404114, 31.0566883087, 31.6023578644, 32.1596374512, 32.6936950684, 33.204536438, 33.7153739929, 34.2262115479, 34.725440979, 35.2246704102, 35.7355079651, 36.2463493347, 36.7339668274, 37.2331962585, 37.7324256897, 38.2200431824, 38.7076644897, 39.1952819824, 39.6945114136, 40.1937408447, 40.6929702759, 41.192199707, 41.6798171997, 42.1790466309, 42.678276062, 43.1891136169, 43.6767349243, 44.1875724792, 44.6751937866]
},
"tonal": {
    "chords_changes_rate": 0.0689300447702,
    "chords_number_rate": 0.00925925932825,
    "chords_strength": {
        "mean": 0.452061712742,
        "var": 0.00612220773473
    },
    "hpcp_entropy": {
        "mean": 2.35688471794,
        "var": 0.658213973045
    },
    "key_strength": 0.677973985672,
    "tuning_diatonic_strength": 0.596069395542,
    "tuning_equal_tempered_deviation": 0.100623942912,
    "tuning_frequency": 441.527557373,
    "tuning_nontempered_energy_ratio": 0.752724945545,
    "hpcp": {
        "mean": [0.276386409998, 0.228264644742, 0.246343940496, 0.35248580575, 0.300635248423, 0.176750198007, 0.152599841356, 0.167242363095, 0.268587499857, 0.367035359144, 0.260436207056, 0.121159695089, 0.0929478704929, 0.103644929826, 0.135730281472, 0.13974057138, 0.125301092863, 0.196287512779, 0.244701385498, 0.163482859731, 0.130430877209, 0.160051226616, 0.139578551054, 0.259261280298, 0.519064724445, 0.420459657907, 0.169999316335, 0.171082660556, 0.214258685708, 0.232313632965, 0.276377528906, 0.261864840984, 0.244595825672, 0.269123375416, 0.234520062804, 0.242245540023],
        "var": [0.0633623227477, 0.0476031415164, 0.0499246232212, 0.0860475450754, 0.0763134434819, 0.0447569563985, 0.0376083403826, 0.0424156822264, 0.0622102692723, 0.0918548330665, 0.0469140782952, 0.0185485761613, 0.0131142716855, 0.0131083009765, 0.0148155270144, 0.0160088315606, 0.0163278356194, 0.0356739759445, 0.0664617195725, 0.0377748794854, 0.0191530361772, 0.0326756462455, 0.0227675978094, 0.0392823815346, 0.127343714237, 0.0826893374324, 0.0246537383646, 0.0318808332086, 0.0409729480743, 0.0477808527648, 0.0828966423869, 0.0583436973393, 0.0489929914474, 0.0703250914812, 0.0621948875487, 0.051914036274]
    },
    "chords_histogram": [11.8312759399, 0, 33.127571106, 0, 1.74897122383, 0, 0, 0, 0, 0, 0, 0, 0, 0.308641970158, 0, 5.65843629837, 0, 3.60082316399, 0, 35.6995887756, 3.60082316399, 2.16049385071, 2.26337456703, 0],
    "thpcp": [1, 0.810033202171, 0.32751083374, 0.329597920179, 0.412778347731, 0.447561979294, 0.532452940941, 0.50449359417, 0.4712241292, 0.518477499485, 0.451812744141, 0.466696202755, 0.532470047474, 0.439761430025, 0.474591940641, 0.679078698158, 0.579186439514, 0.34051668644, 0.293990015984, 0.322199434042, 0.517445087433, 0.707109034061, 0.501741290092, 0.233419239521, 0.179067984223, 0.199676305056, 0.26149007678, 0.269216090441, 0.241397812963, 0.378156125546, 0.471427500248, 0.314956605434, 0.251280575991, 0.308345407248, 0.268903940916, 0.499477744102],
    "chords_key": "F",
    "chords_scale": "minor",
    "key_key": "A#",
    "key_scale": "major"
}
}