{
"lowlevel": {
    "average_loudness": 0.964437305927,
    "barkbands_crest": {
        "mean": 11.5877103806,
        "var": 9.18604373932
    },
    "barkbands_flatness_db": {
        "mean": 0.230165481567,
        "var": 0.00408475380391
    },
    "barkbands_kurtosis": {
        "mean": 18.8611755371,
        "var": 182.820388794
    },
    "barkbands_skewness": {
        "mean": 3.38666129112,
        "var": 1.34908139706
    },
    "barkbands_spread": {
        "mean": 7.08891868591,
        "var": 21.7380542755
    },
    "dissonance": {
        "mean": 0.423116803169,
        "var": 0.00213472452015
    },
    "dynamic_complexity": 1.57168447971,
    "erbbands_crest": {
        "mean": 9.6116437912,
        "var": 12.2037200928
    },
    "erbbands_flatness_db": {
        "mean": 0.16943576932,
        "var": 0.00271709426306
    },
    "erbbands_kurtosis": {
        "mean": 1.29334628582,
        "var": 6.97449827194
    },
    "erbbands_skewness": {
        "mean": 1.11564683914,
        "var": 0.341026514769
    },
    "erbbands_spread": {
        "mean": 41.5647277832,
        "var": 398.747497559
    },
    "hfc": {
        "mean": 13.3787975311,
        "var": 58.6759490967
    },
    "melbands_crest": {
        "mean": 17.2273330688,
        "var": 22.4364013672
    },
    "melbands_flatness_db": {
        "mean": 0.322401762009,
        "var": 0.00480251992121
    },
    "melbands_kurtosis": {
        "mean": 41.7136039734,
        "var": 1143.96191406
    },
    "melbands_skewness": {
        "mean": 4.51870203018,
        "var": 2.96240758896
    },
    "melbands_spread": {
        "mean": 5.47501707077,
        "var": 18.3751163483
    },
    "pitch_salience": {
        "mean": 0.523070573807,
        "var": 0.0134901441634
    },
    "silence_rate_20dB": {
        "mean": 1,
        "var": 0
    },
    "silence_rate_30dB": {
        "mean": 0.958805382252,
        "var": 0.03949739784
    },
    "silence_rate_60dB": {
        "mean": 0.00205973233096,
        "var": 0.00205553299747
    },
    "spectral_centroid": {
        "mean": 448.745941162,
        "var": 39356.1210938
    },
    "spectral_complexity": {
        "mean": 10.1920700073,
        "var": 15.0851860046
    },
    "spectral_decrease": {
        "mean": -1.39877860406e-008,
        "var": 6.41440845599e-017
    },
    "spectral_energy": {
        "mean": 0.0540066175163,
        "var": 0.000947912631091
    },
    "spectral_energyband_high": {
        "mean": 0.000328836438712,
        "var": 1.96057484914e-007
    },
    "spectral_energyband_low": {
        "mean": 0.0347726047039,
        "var": 0.000518573098816
    },
    "spectral_energyband_middle_high": {
        "mean": 0.00143142498564,
        "var": 9.56096641858e-007
    },
    "spectral_energyband_middle_low": {
        "mean": 0.0291952583939,
        "var": 0.000404354534112
    },
    "spectral_entropy": {
        "mean": 6.83672571182,
        "var": 0.375534176826
    },
    "spectral_flux": {
        "mean": 0.0916275903583,
        "var": 0.00350248045288
    },
    "spectral_kurtosis": {
        "mean": 7.26393699646,
        "var": 73.3323822021
    },
    "spectral_rms": {
        "mean": 0.00695629883558,
        "var": 4.29927649748e-006
    },
    "spectral_rolloff": {
        "mean": 321.278808594,
        "var": 207113.578125
    },
    "spectral_skewness": {
        "mean": 2.0786113739,
        "var": 0.757070600986
    },
    "spectral_spread": {
        "mean": 4878808.5,
        "var": 4.27313384653e+012
    },
    "spectral_strongpeak": {
        "mean": 0.801915705204,
        "var": 0.191006138921
    },
    "zerocrossingrate": {
        "mean": 0.0264461375773,
        "var": 0.000320914987242
    },
    "barkbands": {
        "mean": [0.000258488435065, 0.0108996806666, 0.0119419945404, 0.0160746816546, 0.00743948435411, 0.00180341443047, 0.0025769432541, 0.000741384224966, 0.000452737091109, 0.000447150756372, 0.000166305107996, 0.000131198044983, 0.00031919660978, 0.000115151429782, 5.08058437845e-005, 3.92794790969e-005, 0.000111239707621, 4.51624946436e-005, 4.49129474873e-005, 5.11721045768e-005, 6.11335708527e-005, 5.78555227548e-005, 7.21872711438e-005, 5.56300292374e-005, 3.17669982905e-005, 1.57488539116e-005, 1.94141375687e-006],
        "var": [6.66071798605e-007, 0.000147119048052, 0.000122368714074, 0.000221744834562, 6.37832854409e-005, 8.79919389263e-006, 5.31948580829e-006, 1.29251384351e-006, 7.24367851035e-007, 2.34424945234e-007, 8.99846881453e-008, 4.4956902201e-008, 1.08110242536e-007, 4.23649311188e-008, 8.18746759279e-009, 5.05740249679e-009, 3.16740518258e-008, 5.61620128181e-009, 4.43853886978e-009, 3.91775012432e-009, 6.53954179697e-009, 6.35286534489e-009, 1.31372246415e-008, 8.94817553387e-009, 2.8668851737e-009, 8.65155280749e-010, 2.15468164144e-011]
    },
    "erbbands": {
        "mean": [0.178048253059, 2.98448133469, 11.4597835541, 44.2854232788, 28.9013843536, 25.135799408, 22.7682704926, 12.2890329361, 39.8712463379, 21.0954208374, 13.7927303314, 10.4939374924, 11.1150093079, 13.6991577148, 7.90660762787, 7.91783761978, 15.9463777542, 6.45618677139, 3.38566970825, 2.65046930313, 3.18347263336, 4.64422130585, 3.25157737732, 2.64273333549, 1.97757720947, 2.10620927811, 2.21309328079, 3.0335714817, 2.01893591881, 2.04938745499, 1.99702477455, 1.4109685421, 0.776376843452, 0.425543963909, 0.183696419001, 0.0700352266431, 0.0287735518068, 0.00659560132772, 0.000225801326451, 6.45692416583e-005],
        "var": [0.0601770877838, 9.69802761078, 93.5167388916, 1557.63598633, 819.627868652, 838.119812012, 1254.84448242, 495.176727295, 1248.93151855, 456.696075439, 432.132537842, 346.475738525, 319.180023193, 210.006072998, 162.929122925, 100.062408447, 264.161468506, 110.849182129, 28.5280513763, 21.0661334991, 26.0205669403, 42.1585388184, 21.3388195038, 23.5831680298, 6.02366542816, 6.57402563095, 7.68186235428, 18.6574306488, 7.60256385803, 8.27607536316, 10.5228462219, 5.71059656143, 1.73171961308, 0.514361619949, 0.105436205864, 0.0157557148486, 0.0031576033216, 0.000200744339963, 2.11077050949e-007, 1.3763065132e-009]
    },
    "gfcc": {
        "mean": [-21.5513401031, 127.955696106, -72.6773529053, 40.8191642761, -62.2481994629, 16.7046470642, -32.7559661865, -3.32509422302, -23.5818214417, -6.67371892929, -11.5887079239, -7.24426460266, -17.6632003784],
        "cov": [[3828.74243164, -1414.9699707, 148.947540283, 204.760971069, -350.752075195, 224.614501953, -270.067077637, 236.007644653, -221.435562134, 234.52053833, -360.874847412, 146.036743164, -140.257965088], [-1414.9699707, 1504.23400879, -408.684814453, -224.504074097, 324.067749023, -262.368133545, 155.581558228, -190.918045044, 179.497955322, -281.27444458, 278.844299316, -148.003494263, 149.859283447], [148.947540283, -408.684814453, 626.714904785, 52.4573097229, -46.6952667236, 125.652038574, 40.737487793, 52.131893158, -47.849193573, 118.174049377, -116.61756134, 67.9793243408, -51.6461296082], [204.760971069, -224.504074097, 52.4573097229, 340.668212891, 23.3469905853, 77.9534072876, 4.838514328, 55.689453125, 22.3573627472, 40.0148849487, 45.5698699951, 5.44075584412, 10.5944080353], [-350.752075195, 324.067749023, -46.6952667236, 23.3469905853, 248.25479126, -30.9037818909, 67.2631835938, -11.2209424973, 70.6274032593, -38.0238647461, 86.9898452759, 11.1426706314, 17.715385437], [224.614501953, -262.368133545, 125.652038574, 77.9534072876, -30.9037818909, 165.95085144, 11.2023601532, 41.8212356567, -20.2998008728, 83.4489135742, -7.04018783569, 25.8586483002, -18.0056705475], [-270.067077637, 155.581558228, 40.737487793, 4.838514328, 67.2631835938, 11.2023601532, 121.505500793, 0.842540621758, 27.2125301361, -11.328004837, 37.8729667664, 3.4436352253, 19.5200061798], [236.007644653, -190.918045044, 52.131893158, 55.689453125, -11.2209424973, 41.8212356567, 0.842540621758, 113.182823181, 12.5214767456, 20.9019680023, -45.7012138367, 47.0747375488, 3.74028515816], [-221.435562134, 179.497955322, -47.849193573, 22.3573627472, 70.6274032593, -20.2998008728, 27.2125301361, 12.5214767456, 80.8773880005, -16.320766449, 42.7513961792, -14.1759986877, 30.5833339691], [234.52053833, -281.27444458, 118.174049377, 40.0148849487, -38.0238647461, 83.4489135742, -11.328004837, 20.9019680023, -16.320766449, 147.266342163, -9.21824932098, 22.5849323273, -56.5781288147], [-360.874847412, 278.844299316, -116.61756134, 45.5698699951, 86.9898452759, -7.04018783569, 37.8729667664, -45.7012138367, 42.7513961792, -9.21824932098, 186.467575073, -26.1585044861, -11.1111440659], [146.036743164, -148.003494263, 67.9793243408, 5.44075584412, 11.1426706314, 25.8586483002, 3.4436352253, 47.0747375488, -14.1759986877, 22.5849323273, -26.1585044861, 108.566238403, 12.8410692215], [-140.257965088, 149.859283447, -51.6461296082, 10.5944080353, 17.715385437, -18.0056705475, 19.5200061798, 3.74028515816, 30.5833339691, -56.5781288147, -11.1111440659, 12.8410692215, 111.27596283]],
        "icov": [[0.000574242032599, -0.000582639884669, 0.000386811618228, -0.000753809639718, 0.000338469515555, -0.000553723075427, 0.000838464417029, -0.000880826381035, 0.0012938589789, -0.000827993790153, 0.00145938072819, -0.000738582457416, 0.000953158712946], [-0.000582639884669, 0.00961883738637, -0.00104310177267, 0.00660681305453, -0.0050040516071, 0.0046516302973, -0.00437928643078, 0.00473341764882, -0.00731137068942, 0.00734647549689, -0.0106245577335, 0.00771464779973, -0.00884948577732], [0.000386811618228, -0.00104310177267, 0.00301738223061, -0.00145819294266, 0.000615124125034, -0.00178476097062, -0.000920494610909, 0.000176134388312, 0.000999378389679, -0.00182937819045, 0.00394414458424, -0.00229639769532, 0.00265446398407], [-0.000753809639718, 0.00660681305453, -0.00145819294266, 0.00887248013169, -0.00405027810484, 0.00232090777718, -0.00226743635722, 0.000759906251915, -0.00475701363757, 0.00456050364301, -0.0099711380899, 0.0070877620019, -0.00816406309605], [0.000338469515555, -0.0050040516071, 0.000615124125034, -0.00405027810484, 0.00990170333534, -0.00230161310174, -0.000130188986077, -0.00030238123145, -0.00234504765831, -0.00173457001802, 0.00458115665242, -0.00746184773743, 0.00700217764825], [-0.000553723075427, 0.0046516302973, -0.00178476097062, 0.00232090777718, -0.00230161310174, 0.0135900266469, -0.00355922034942, -0.00130096718203, 0.000612384988926, -0.00180888059549, -0.00764694763348, 0.00523309549317, -0.00723374495283], [0.000838464417029, -0.00437928643078, -0.000920494610909, -0.00226743635722, -0.000130188986077, -0.00355922034942, 0.0142646469176, -0.00408155517653, 0.0038672357332, -0.00296339020133, 0.00288643990643, -0.00263084191829, 0.00184513384011], [-0.000880826381035, 0.00473341764882, 0.000176134388312, 0.000759906251915, -0.00030238123145, -0.00130096718203, -0.00408155517653, 0.0210381168872, -0.0146966595203, 0.00665424065664, 0.000315656041494, -0.00442952197045, 0.000336247408995], [0.0012938589789, -0.00731137068942, 0.000999378389679, -0.00475701363757, -0.00234504765831, 0.000612384988926, 0.0038672357332, -0.0146966595203, 0.0342649668455, -0.0113385943696, 0.00371281988919, 0.00225985469297, -0.00239049852826], [-0.000827993790153, 0.00734647549689, -0.00182937819045, 0.00456050364301, -0.00173457001802, -0.00180888059549, -0.00296339020133, 0.00665424065664, -0.0113385943696, 0.0197088513523, -0.00796211138368, 0.00234901136719, 0.000130114902277], [0.00145938072819, -0.0106245577335, 0.00394414458424, -0.0099711380899, 0.00458115665242, -0.00764694763348, 0.00288643990643, 0.000315656041494, 0.00371281988919, -0.00796211138368, 0.0241370704025, -0.0111196963117, 0.0150687946007], [-0.000738582457416, 0.00771464779973, -0.00229639769532, 0.0070877620019, -0.00746184773743, 0.00523309549317, -0.00263084191829, -0.00442952197045, 0.00225985469297, 0.00234901136719, -0.0111196963117, 0.0220514014363, -0.0134978396818], [0.000953158712946, -0.00884948577732, 0.00265446398407, -0.00816406309605, 0.00700217764825, -0.00723374495283, 0.00184513384011, 0.000336247408995, -0.00239049852826, 0.000130114902277, 0.0150687946007, -0.0134978396818, 0.0252804979682]]
    },
    "melbands": {
        "mean": [0.00242699077353, 0.0054729715921, 0.00684939324856, 0.00189068960026, 0.000833092140965, 0.000275987840723, 0.000603187014349, 0.000207248085644, 0.0001010804408, 6.62267120788e-005, 5.57579696761e-005, 5.76174606977e-005, 2.37286294578e-005, 1.82875792234e-005, 3.33374555339e-005, 2.27578821068e-005, 1.20738277474e-005, 5.76023285248e-006, 3.64730249203e-006, 3.12641077471e-006, 4.28542580266e-006, 4.86808676214e-006, 4.64514459964e-006, 2.32957654589e-006, 2.12493046092e-006, 1.4914305666e-006, 1.35313553074e-006, 1.46924742239e-006, 1.51149515659e-006, 1.37761026053e-006, 1.9061118337e-006, 1.19534854548e-006, 9.34962372412e-007, 1.2262777318e-006, 1.22866788388e-006, 1.00179329365e-006, 7.9729773006e-007, 5.46869671325e-007, 4.67209446242e-007, 3.21201412135e-007],
        "var": [8.16418287286e-006, 1.67582584254e-005, 3.26577392116e-005, 3.86795363738e-006, 1.45041474298e-006, 2.2974786873e-007, 2.86311973241e-007, 5.55010366554e-008, 2.4886883665e-008, 1.43063205726e-008, 7.98628629894e-009, 4.00867117278e-009, 1.68656388855e-009, 6.98499036389e-010, 1.02714226013e-009, 4.98967811513e-010, 5.61347468508e-010, 8.85804485318e-011, 3.75690797916e-011, 4.24269959443e-011, 6.75202324607e-011, 5.12164685662e-011, 8.61814994368e-011, 1.95908081424e-011, 1.88095164444e-011, 4.58204177725e-012, 2.64988335094e-012, 3.56834852465e-012, 4.09401939433e-012, 3.41047567791e-012, 8.58600864018e-012, 2.93761933182e-012, 1.70753504652e-012, 3.3416698228e-012, 4.36586097136e-012, 2.85678468728e-012, 2.08091291594e-012, 9.5116969856e-013, 6.05530979091e-013, 3.17884905681e-013]
    },
    "mfcc": {
        "mean": [-676.592651367, 149.440658569, 46.602771759, 31.3598060608, 3.9824719429, 13.7965373993, 2.42036962509, 4.72261428833, -6.39848423004, -1.95693612099, -0.738724768162, 5.281042099, -4.14664649963],
        "cov": [[3391.77075195, -1275.77868652, 75.2422103882, -128.068618774, -57.6871643066, -33.1331214905, -82.7956619263, -50.8220558167, 78.8433456421, 41.2550430298, -21.4723911285, -70.4498748779, -135.100967407], [-1275.77868652, 1404.30163574, -405.343231201, -17.0137138367, 31.0481052399, -78.403968811, -5.74526548386, 52.4335403442, -75.2345046997, -52.7517814636, -25.3750209808, -27.8071022034, 25.6764068604], [75.2422103882, -405.343231201, 536.487792969, 16.0968799591, -16.9709835052, 82.6826934814, 39.4351844788, -13.2625904083, 68.9103851318, 34.453327179, 6.2726354599, 12.6041021347, 1.93565678596], [-128.068618774, -17.0137138367, 16.0968799591, 221.280471802, 76.478729248, 32.0931777954, 29.2846889496, 36.4443130493, 8.16721343994, 10.4604101181, 19.6518783569, 38.1826019287, 29.0889530182], [-57.6871643066, 31.0481052399, -16.9709835052, 76.478729248, 136.463165283, 33.6840744019, 18.8401222229, 28.5239200592, 3.12885904312, -1.61339342594, 27.2089004517, 49.576789856, 30.344991684], [-33.1331214905, -78.403968811, 82.6826934814, 32.0931777954, 33.6840744019, 116.859222412, 54.0501556396, -9.41908168793, 7.3035531044, 26.0028705597, 27.5068244934, 30.8027496338, 24.0966434479], [-82.7956619263, -5.74526548386, 39.4351844788, 29.2846889496, 18.8401222229, 54.0501556396, 80.8651733398, 20.8896446228, -11.0478000641, 13.7098636627, 35.368724823, 29.7770633698, 14.4000396729], [-50.8220558167, 52.4335403442, -13.2625904083, 36.4443130493, 28.5239200592, -9.41908168793, 20.8896446228, 92.5515289307, 41.3184089661, -16.9800777435, -9.12403488159, 23.9696483612, 15.3054208755], [78.8433456421, -75.2345046997, 68.9103851318, 8.16721343994, 3.12885904312, 7.3035531044, -11.0478000641, 41.3184089661, 121.906387329, 23.0867214203, -44.45287323, -18.3129386902, 11.3795814514], [41.2550430298, -52.7517814636, 34.453327179, 10.4604101181, -1.61339342594, 26.0028705597, 13.7098636627, -16.9800777435, 23.0867214203, 80.4576339722, 31.3866214752, -29.2267856598, -7.82444047928], [-21.4723911285, -25.3750209808, 6.2726354599, 19.6518783569, 27.2089004517, 27.5068244934, 35.368724823, -9.12403488159, -44.45287323, 31.3866214752, 110.62651062, 45.8011169434, -4.57963275909], [-70.4498748779, -27.8071022034, 12.6041021347, 38.1826019287, 49.576789856, 30.8027496338, 29.7770633698, 23.9696483612, -18.3129386902, -29.2267856598, 45.8011169434, 116.536064148, 48.2792701721], [-135.100967407, 25.6764068604, 1.93565678596, 29.0889530182, 30.344991684, 24.0966434479, 14.4000396729, 15.3054208755, 11.3795814514, -7.82444047928, -4.57963275909, 48.2792701721, 80.1881484985]],
        "icov": [[0.000561023596674, 0.000610130955465, 0.000360010220902, 0.000320795516018, -0.000229678800679, 3.66257045243e-005, 0.000203905219678, -0.000153965622303, -0.000123960911878, -0.0001186192967, 0.000150170031702, 8.93471769814e-006, 0.000702679390088], [0.000610130955465, 0.00167055358179, 0.000999600626528, 0.000514514802489, -0.000517899403349, 0.000225949246669, -0.000102912876173, -0.0008709646645, 0.000482262461446, 0.000173723121407, 0.000150706822751, 0.000916865363251, 1.65654370221e-007], [0.000360010220902, 0.000999600626528, 0.0030673451256, 2.9382725188e-005, 0.000470687140478, -0.00103427167051, -0.00109267875087, 0.00092715327628, -0.00196350016631, 0.000514864514116, -0.000147115948494, -0.000165873323567, 0.00077405461343], [0.000320795516018, 0.000514514802489, 2.9382725188e-005, 0.0062816021964, -0.00293624331243, -0.000239669840084, -0.000160750554642, -0.00231733499095, 0.00122356484644, -0.00204246817157, 0.000976809882559, -0.000511079211719, -0.000258790882071], [-0.000229678800679, -0.000517899403349, 0.000470687140478, -0.00293624331243, 0.0114938132465, -0.00333485729061, 0.00250880955718, -0.00225730729289, -0.000370483001461, 0.000357651239028, -0.00205491273664, -0.00217810389586, -0.00125291221775], [3.66257045243e-005, 0.000225949246669, -0.00103427167051, -0.000239669840084, -0.00333485729061, 0.0179740358144, -0.0119208274409, 0.00741324108094, -0.00319741060957, -0.00231929798611, 0.00128556857817, -0.002513225656, -0.00149819685612], [0.000203905219678, -0.000102912876173, -0.00109267875087, -0.000160750554642, 0.00250880955718, -0.0119208274409, 0.0269360020757, -0.0120703680441, 0.00737688271329, -0.00420631654561, -0.00280455057509, -0.000536188075785, -0.000733885797672], [-0.000153965622303, -0.0008709646645, 0.00092715327628, -0.00231733499095, -0.00225730729289, 0.00741324108094, -0.0120703680441, 0.0238635223359, -0.0128849446774, 0.00769582903013, -0.00171466637403, -0.0022691488266, 0.000924749358092], [-0.000123960911878, 0.000482262461446, -0.00196350016631, 0.00122356484644, -0.000370483001461, -0.00319741060957, 0.00737688271329, -0.0128849446774, 0.0206635333598, -0.0124183343723, 0.00993464514613, -0.00170782196801, -0.00107259931974], [-0.0001186192967, 0.000173723121407, 0.000514864514116, -0.00204246817157, 0.000357651239028, -0.00231929798611, -0.00420631654561, 0.00769582903013, -0.0124183343723, 0.0314099118114, -0.0177748799324, 0.0156356822699, -0.00528074614704], [0.000150170031702, 0.000150706822751, -0.000147115948494, 0.000976809882559, -0.00205491273664, 0.00128556857817, -0.00280455057509, -0.00171466637403, 0.00993464514613, -0.0177748799324, 0.0254487600178, -0.0149455377832, 0.00838367920369], [8.93471769814e-006, 0.000916865363251, -0.000165873323567, -0.000511079211719, -0.00217810389586, -0.002513225656, -0.000536188075785, -0.0022691488266, -0.00170782196801, 0.0156356822699, -0.0149455377832, 0.0259756930172, -0.0127051007003], [0.000702679390088, 1.65654370221e-007, 0.00077405461343, -0.000258790882071, -0.00125291221775, -0.00149819685612, -0.000733885797672, 0.000924749358092, -0.00107259931974, -0.00528074614704, 0.00838367920369, -0.0127051007003, 0.0223744716495]]
    },
    "spectral_contrast_coeffs": {
        "mean": [-0.544872045517, -0.681597232819, -0.748775064945, -0.782997786999, -0.812206685543, -0.778637707233],
        "var": [0.00693306559697, 0.00525492476299, 0.00356326112524, 0.00291050667875, 0.00146941002458, 0.000660653749947]
    },
    "spectral_contrast_valleys": {
        "mean": [-6.74891996384, -6.8352394104, -7.87912464142, -8.47334957123, -8.3106098175, -10.445936203],
        "var": [0.651970863342, 0.610424399376, 0.735620975494, 0.710470974445, 0.637862086296, 1.17376661301]
    }
},
"metadata": {
    "audio_properties": {
        "analysis_sample_rate": 44100,
        "bit_rate": 128074,
        "equal_loudness": 0,
        "length": 45.0612258911,
        "lossless": 0,
        "replay_gain": -3.37671089172,
        "sample_rate": 44100,
        "codec": "mp3",
        "downmix": "mix",
        "md5_encoded": "cbf71e432decdca783f1edb138950edc"
    },
    "tags": {
        "file_name": "1650.mp3"
    },
    "version": {
        "essentia": "2.1-beta2",
        "essentia_git_sha": "v2.1_beta2",
        "extractor": "music 1.0"
    }
},
"rhythm": {
    "beats_count": 99,
    "beats_loudness": {
        "mean": 0.0620460957289,
        "var": 0.00071548728738
    },
    "bpm": 133.294662476,
    "bpm_histogram_first_peak_bpm": {
        "mean": 133,
        "var": 0
    },
    "bpm_histogram_first_peak_spread": {
        "mean": 0.5,
        "var": 0
    },
    "bpm_histogram_first_peak_weight": {
        "mean": 0.469387769699,
        "var": 0
    },
    "bpm_histogram_second_peak_bpm": {
        "mean": 126,
        "var": 0
    },
    "bpm_histogram_second_peak_spread": {
        "mean": 0.399999976158,
        "var": 0
    },
    "bpm_histogram_second_peak_weight": {
        "mean": 0.0306122452021,
        "var": 0
    },
    "danceability": 1.48634719849,
    "onset_rate": 4.34767723083,
    "beats_loudness_band_ratio": {
        "mean": [0.669838905334, 0.212252646685, 0.113653875887, 0.0270694475621, 0.0103767812252, 0.0129911955446],
        "var": [0.03417564556, 0.0210305731744, 0.00733813270926, 0.000254891696386, 7.82079368946e-005, 0.000113708541903]
    },
    "beats_position": [0.46439909935, 0.9287981987, 1.39319729805, 1.86920630932, 2.34521532059, 2.83283448219, 3.32045340538, 3.8196823597, 4.29569149017, 4.74848079681, 5.20126962662, 5.65405893326, 6.10684776306, 6.54802703857, 7.00081634521, 7.46521520615, 7.91800451279, 8.35918331146, 8.8119726181, 9.26476192474, 9.70594120026, 10.1587295532, 10.6115188599, 11.0526981354, 11.4938774109, 11.9350566864, 12.3762359619, 12.8290243149, 13.2818136215, 13.722992897, 14.1641721725, 14.6169614792, 15.0697498322, 15.5109291077, 15.9637184143, 16.4165077209, 16.8576869965, 17.298866272, 17.7400455475, 18.181224823, 18.6340141296, 19.0868015289, 19.5279808044, 19.9807701111, 20.4335594177, 20.8979587555, 21.3507480621, 21.8035373688, 22.2447166443, 22.6858959198, 23.1270751953, 23.5914726257, 24.0442619324, 24.497051239, 24.9498405457, 25.4142398834, 25.8670291901, 26.3082084656, 26.7493877411, 27.1905670166, 27.6549663544, 28.0961437225, 28.537322998, 29.0017223358, 29.4545116425, 29.9073009491, 30.3484802246, 30.8128795624, 31.265668869, 31.7184581757, 32.1596374512, 32.6124267578, 33.053604126, 33.5063934326, 33.9707946777, 34.4119720459, 34.8763694763, 35.329158783, 35.7819480896, 36.2231292725, 36.6759185791, 37.1287078857, 37.5814971924, 38.034286499, 38.4754638672, 38.9282531738, 39.3810424805, 39.8454399109, 40.2982292175, 40.7510185242, 41.192199707, 41.6333770752, 42.0745582581, 42.5273475647, 42.9685249329, 43.4213142395, 43.8741035461, 44.3385009766, 44.7912902832]
},
"tonal": {
    "chords_changes_rate": 0.0514403283596,
    "chords_number_rate": 0.00720164598897,
    "chords_strength": {
        "mean": 0.491972386837,
        "var": 0.00813499838114
    },
    "hpcp_entropy": {
        "mean": 1.76860761642,
        "var": 0.458422869444
    },
    "key_strength": 0.717337965965,
    "tuning_diatonic_strength": 0.555245220661,
    "tuning_equal_tempered_deviation": 0.0583453848958,
    "tuning_frequency": 441.782684326,
    "tuning_nontempered_energy_ratio": 0.678651034832,
    "hpcp": {
        "mean": [0.287990510464, 0.122717685997, 0.0364968366921, 0.0324629545212, 0.0246549807489, 0.0213480219245, 0.0242459662259, 0.0410634540021, 0.090511828661, 0.10199958086, 0.0577828250825, 0.0347630083561, 0.0425671860576, 0.0786243379116, 0.318047225475, 0.554170966148, 0.342603743076, 0.0686685740948, 0.0298575088382, 0.0351624563336, 0.0586794503033, 0.081910379231, 0.0769450888038, 0.0952067598701, 0.101012699306, 0.0518798232079, 0.0222922433168, 0.0157009847462, 0.0198524687439, 0.0573361739516, 0.0727773457766, 0.0425941348076, 0.0241024252027, 0.0228471178561, 0.0651836171746, 0.237147212029],
        "var": [0.105425693095, 0.0274680797011, 0.018233731389, 0.0189078710973, 0.0118119157851, 0.00626560393721, 0.00614994578063, 0.0148368682712, 0.0540745593607, 0.063145160675, 0.0284147933125, 0.017431281507, 0.0204575974494, 0.0357030592859, 0.0811004266143, 0.18836542964, 0.0975663661957, 0.024309437722, 0.0129943564534, 0.0209579635412, 0.0289616379887, 0.0478803105652, 0.0358811877668, 0.0552951544523, 0.0700911581516, 0.0215376634151, 0.00698808813468, 0.00362237612717, 0.00486531667411, 0.0291634369642, 0.0392888188362, 0.0164511017501, 0.0111138671637, 0.0082918452099, 0.0218968670815, 0.0917582288384]
    },
    "chords_histogram": [47.5308647156, 1.74897122383, 10.5967073441, 3.08641982079, 0, 7.71604919434, 0.823045253754, 25.7201652527, 0, 1.95473253727, 0, 0, 0, 0, 0, 0, 0, 0, 0, 0, 0.823045253754, 0, 0, 0],
    "thpcp": [1, 0.618227541447, 0.123912252486, 0.0538777932525, 0.0634505599737, 0.105886906385, 0.147807061672, 0.138847202063, 0.171800345182, 0.182277143002, 0.0936169996858, 0.0402262918651, 0.0283323843032, 0.0358237251639, 0.103462971747, 0.131326526403, 0.0768610015512, 0.0434927605093, 0.0412275604904, 0.117623656988, 0.42793148756, 0.519678115845, 0.221443727612, 0.0658584460616, 0.0585793145001, 0.0444898456335, 0.0385224483907, 0.0437517799437, 0.0740988925099, 0.16332834959, 0.184057965875, 0.104268953204, 0.0627297535539, 0.0768123716116, 0.141877397895, 0.573915362358],
    "chords_key": "D",
    "chords_scale": "minor",
    "key_key": "D",
    "key_scale": "minor"
}
}