{
"lowlevel": {
    "average_loudness": 0.975347042084,
    "barkbands_crest": {
        "mean": 9.93759727478,
        "var": 18.2419395447
    },
    "barkbands_flatness_db": {
        "mean": 0.155246913433,
        "var": 0.00590921239927
    },
    "barkbands_kurtosis": {
        "mean": 10.2515230179,
        "var": 264.044006348
    },
    "barkbands_skewness": {
        "mean": 2.17006134987,
        "var": 2.59981536865
    },
    "barkbands_spread": {
        "mean": 21.1197147369,
        "var": 356.993774414
    },
    "dissonance": {
        "mean": 0.468799680471,
        "var": 0.000513479113579
    },
    "dynamic_complexity": 2.05718374252,
    "erbbands_crest": {
        "mean": 7.70141458511,
        "var": 18.2297458649
    },
    "erbbands_flatness_db": {
        "mean": 0.148179128766,
        "var": 0.00264181359671
    },
    "erbbands_kurtosis": {
        "mean": 0.0732553228736,
        "var": 3.58084082603
    },
    "erbbands_skewness": {
        "mean": 0.34816133976,
        "var": 0.664305746555
    },
    "erbbands_spread": {
        "mean": 43.8140640259,
        "var": 324.247955322
    },
    "hfc": {
        "mean": 25.2757110596,
        "var": 728.991577148
    },
    "melbands_crest": {
        "mean": 14.5236654282,
        "var": 23.3581371307
    },
    "melbands_flatness_db": {
        "mean": 0.233970910311,
        "var": 0.00961140077561
    },
    "melbands_kurtosis": {
        "mean": 25.4668312073,
        "var": 986.850524902
    },
    "melbands_skewness": {
        "mean": 3.44821667671,
        "var": 3.37578392029
    },
    "melbands_spread": {
        "mean": 19.8706359863,
        "var": 342.204742432
    },
    "pitch_salience": {
        "mean": 0.585256457329,
        "var": 0.0129577806219
    },
    "silence_rate_20dB": {
        "mean": 1,
        "var": 0
    },
    "silence_rate_30dB": {
        "mean": 0.995365619659,
        "var": 0.00461298506707
    },
    "silence_rate_60dB": {
        "mean": 0.00566426385194,
        "var": 0.00563229806721
    },
    "spectral_centroid": {
        "mean": 1143.55957031,
        "var": 607809.9375
    },
    "spectral_complexity": {
        "mean": 22.8244075775,
        "var": 167.495483398
    },
    "spectral_decrease": {
        "mean": -9.8529637782e-009,
        "var": 4.4552616154e-017
    },
    "spectral_energy": {
        "mean": 0.0394799299538,
        "var": 0.000668481108733
    },
    "spectral_energyband_high": {
        "mean": 0.0015396863455,
        "var": 1.00992629086e-005
    },
    "spectral_energyband_low": {
        "mean": 0.0197324734181,
        "var": 0.000414553418523
    },
    "spectral_energyband_middle_high": {
        "mean": 0.00435670744628,
        "var": 1.51275771714e-005
    },
    "spectral_energyband_middle_low": {
        "mean": 0.0177595056593,
        "var": 0.000288743700366
    },
    "spectral_entropy": {
        "mean": 7.50232934952,
        "var": 0.261964827776
    },
    "spectral_flux": {
        "mean": 0.113532215357,
        "var": 0.0030458481051
    },
    "spectral_kurtosis": {
        "mean": 5.00881481171,
        "var": 13.0142211914
    },
    "spectral_rms": {
        "mean": 0.00591449579224,
        "var": 3.53576615453e-006
    },
    "spectral_rolloff": {
        "mean": 1399.52453613,
        "var": 3043103.25
    },
    "spectral_skewness": {
        "mean": 1.58254766464,
        "var": 0.267280071974
    },
    "spectral_spread": {
        "mean": 4354457,
        "var": 4.17651438387e+012
    },
    "spectral_strongpeak": {
        "mean": 0.697326660156,
        "var": 1.10051858425
    },
    "zerocrossingrate": {
        "mean": 0.051322080195,
        "var": 0.00204714760184
    },
    "barkbands": {
        "mean": [0.000939628225751, 0.0102116493508, 0.00480538792908, 0.00731453299522, 0.00476746074855, 0.00199266080745, 0.00156257569324, 0.000597454200033, 0.00128246762324, 0.000596339057665, 0.000413781235693, 0.000408289022744, 0.000342407991411, 0.000563934503589, 0.000572122109588, 0.000392739835661, 0.000378151191399, 0.000393696362153, 0.000265272799879, 0.00022545614047, 0.000464990385808, 0.000170813524164, 0.000234768071095, 0.000306475849357, 0.000174139539013, 9.31715985644e-005, 9.6035464594e-006],
        "var": [3.98473184759e-006, 0.000154614812345, 5.27336196683e-005, 0.000104104576167, 4.79924274259e-005, 5.19361492479e-006, 4.62016305391e-006, 6.21892468189e-007, 8.83506527316e-006, 7.61327896726e-007, 4.54019300378e-007, 3.67503503185e-007, 1.400471632e-007, 6.30936085599e-007, 7.56226370413e-007, 1.90376098885e-007, 1.80474003741e-007, 2.12318738591e-007, 9.3968324677e-008, 8.31103363907e-008, 1.45993510614e-006, 9.69277422769e-008, 3.1644850651e-007, 5.60691319151e-007, 1.72234223328e-007, 9.75090799216e-008, 2.34193398008e-009]
    },
    "erbbands": {
        "mean": [0.301813840866, 2.23442173004, 4.92528390884, 17.447013855, 21.7150173187, 12.4635725021, 14.4985027313, 16.2584667206, 21.6759376526, 21.1598377228, 16.5247249603, 31.1997509003, 18.6180858612, 16.5349788666, 18.7345523834, 17.2297916412, 15.8900737762, 24.4931335449, 33.649559021, 24.4204463959, 21.5214424133, 21.6236305237, 22.9592151642, 15.3238220215, 14.3866758347, 9.99732875824, 15.0944099426, 17.9198379517, 7.09107112885, 7.77338218689, 6.34331321716, 8.25761890411, 3.44732546806, 2.33176064491, 0.949908196926, 0.448782622814, 0.162536099553, 0.0360459052026, 0.00101591006387, 7.26261350792e-005],
        "var": [0.15667425096, 8.29574203491, 41.7093009949, 569.463684082, 1382.14868164, 238.48991394, 251.997879028, 449.568237305, 845.877868652, 1310.46838379, 510.157684326, 5672.17041016, 825.21105957, 453.998687744, 1012.30065918, 630.821777344, 289.261352539, 822.446044922, 2255.40551758, 837.055908203, 535.651916504, 579.152648926, 679.363220215, 312.032745361, 316.209106445, 132.630935669, 961.426391602, 3010.09521484, 184.377059937, 330.457275391, 214.388275146, 484.231658936, 60.8811149597, 30.2014579773, 5.57845497131, 1.47140562534, 0.37308883667, 0.02908196114, 2.76534938166e-005, 1.38142981498e-008]
    },
    "gfcc": {
        "mean": [6.99617147446, 111.93334198, -109.10811615, 42.3244476318, -46.4689216614, 13.3002567291, -34.1387214661, 6.10363912582, -18.8208560944, 0.946897566319, -14.7702980042, -4.10528373718, -9.42625904083],
        "cov": [[6071.79394531, -2475.34545898, -169.875244141, 7.97266817093, -825.213623047, 140.014785767, -622.664306641, 187.94720459, -404.142028809, 320.780303955, -281.912414551, 254.491729736, -259.518493652], [-2475.34545898, 2083.78930664, -330.596740723, 43.6601753235, 524.966186523, -235.987197876, 345.367828369, -200.326889038, 247.721847534, -254.71812439, 232.557327271, -209.219528198, 190.93788147], [-169.875244141, -330.596740723, 1393.30688477, 173.187866211, -10.4757328033, 347.134185791, -96.6816253662, -26.3924160004, -166.598342896, 1.29039752483, -83.4246368408, 68.420173645, -63.8322296143], [7.97266817093, 43.6601753235, 173.187866211, 180.241470337, -5.64698982239, 56.52891922, 11.0815973282, -26.9470920563, -3.40765357018, -13.7477827072, 25.8724498749, -14.1112165451, 18.0817661285], [-825.213623047, 524.966186523, -10.4757328033, -5.64698982239, 283.776306152, -28.0028362274, 143.926818848, -15.9776630402, 82.4000930786, -53.6530303955, 42.9218063354, -44.6141548157, 36.5834083557], [140.014785767, -235.987197876, 347.134185791, 56.52891922, -28.0028362274, 196.087875366, -38.639377594, 21.2444496155, -69.174369812, 2.72130799294, -22.0768089294, 42.8540039063, -3.05386543274], [-622.664306641, 345.367828369, -96.6816253662, 11.0815973282, 143.926818848, -38.639377594, 184.440826416, 8.43287181854, 95.1884765625, -41.9510269165, 26.5808563232, -44.5982589722, 37.898639679], [187.94720459, -200.326889038, -26.3924160004, -26.9470920563, -15.9776630402, 21.2444496155, 8.43287181854, 117.818725586, 38.6055908203, 54.0618515015, -34.0263977051, -2.41135931015, -19.1372356415], [-404.142028809, 247.721847534, -166.598342896, -3.40765357018, 82.4000930786, -69.174369812, 95.1884765625, 38.6055908203, 146.510513306, 20.3332004547, 37.0944595337, -56.577205658, 20.2652740479], [320.780303955, -254.71812439, 1.29039752483, -13.7477827072, -53.6530303955, 2.72130799294, -41.9510269165, 54.0618515015, 20.3332004547, 110.917007446, 7.68295192719, 29.7566871643, -35.8836479187], [-281.912414551, 232.557327271, -83.4246368408, 25.8724498749, 42.9218063354, -22.0768089294, 26.5808563232, -34.0263977051, 37.0944595337, 7.68295192719, 111.253387451, 8.67771339417, 40.6408653259], [254.491729736, -209.219528198, 68.420173645, -14.1112165451, -44.6141548157, 42.8540039063, -44.5982589722, -2.41135931015, -56.577205658, 29.7566871643, 8.67771339417, 98.1729812622, 7.59102535248], [-259.518493652, 190.93788147, -63.8322296143, 18.0817661285, 36.5834083557, -3.05386543274, 37.898639679, -19.1372356415, 20.2652740479, -35.8836479187, 40.6408653259, 7.59102535248, 74.6939926147]],
        "icov": [[0.000513693259563, 4.95634631079e-005, 0.000454197608633, -0.000796302745584, 0.0003601773642, -0.000129451858811, 0.000669694913086, -0.000387279607821, 0.000774885585997, -0.000674817652907, 0.000871639524121, -0.000620056409389, 0.000672624795698], [4.95634631079e-005, 0.00366582768038, -0.000661837169901, 0.000790328718722, -0.00320702046156, 0.00246019824408, 5.68095201743e-005, 0.00212573260069, -0.00183386763092, 0.00435552652925, -0.00476728985086, 0.00408170279115, -0.0029993953649], [0.000454197608633, -0.000661837169901, 0.00223836861551, -0.00190575933084, 0.000111826360808, -0.00324037135579, 0.000909354828764, 0.000537392741535, 0.00106469087768, -0.00201362697408, 0.00294117117301, -0.00175609346479, 0.0024551176466], [-0.000796302745584, 0.000790328718722, -0.00190575933084, 0.00975718069822, 0.000479552109027, -0.0010799105512, -0.00259401323274, 0.00305349123664, -0.00157814694103, 0.000918673817068, -0.00468770135194, 0.00560918264091, -0.004108118359], [0.0003601773642, -0.00320702046156, 0.000111826360808, 0.000479552109027, 0.0101706068963, -0.0022373937536, -0.00373367872089, -0.00184313347563, 0.00044610441546, -0.00197031022981, 0.00244843051769, -0.00357147469185, 0.00374145898968], [-0.000129451858811, 0.00246019824408, -0.00324037135579, -0.0010799105512, -0.0022373937536, 0.0144370831549, -0.000144153615111, -0.00484473351389, 0.00295095983893, 0.00480634206906, -0.00511345779523, 0.00122702016961, -0.00456257257611], [0.000669694913086, 5.68095201743e-005, 0.000909354828764, -0.00259401323274, -0.00373367872089, -0.000144153615111, 0.0144562553614, -0.0023738371674, -0.00654643913731, 0.0049297073856, 0.00184962165076, -0.00324918935075, 0.000934569281526], [-0.000387279607821, 0.00212573260069, 0.000537392741535, 0.00305349123664, -0.00184313347563, -0.00484473351389, -0.0023738371674, 0.0207782965153, -0.00731356907636, -0.00696164742112, 0.00514901196584, 0.00408838829026, -0.00440402934328], [0.000774885585997, -0.00183386763092, 0.00106469087768, -0.00157814694103, 0.00044610441546, 0.00295095983893, -0.00654643913731, -0.00731356907636, 0.026778485626, -0.0143853537738, -0.000106231986138, 0.00906533841044, -0.0050176656805], [-0.000674817652907, 0.00435552652925, -0.00201362697408, 0.000918673817068, -0.00197031022981, 0.00480634206906, 0.0049297073856, -0.00696164742112, -0.0143853537738, 0.0341520309448, -0.0150674441829, -0.00648947479203, 0.0106224454939], [0.000871639524121, -0.00476728985086, 0.00294117117301, -0.00468770135194, 0.00244843051769, -0.00511345779523, 0.00184962165076, 0.00514901196584, -0.000106231986138, -0.0150674441829, 0.0264225210994, -0.00843741651624, -0.00289299432188], [-0.000620056409389, 0.00408170279115, -0.00175609346479, 0.00560918264091, -0.00357147469185, 0.00122702016961, -0.00324918935075, 0.00408838829026, 0.00906533841044, -0.00648947479203, -0.00843741651624, 0.0280687510967, -0.0147903077304], [0.000672624795698, -0.0029993953649, 0.0024551176466, -0.004108118359, 0.00374145898968, -0.00456257257611, 0.000934569281526, -0.00440402934328, -0.0050176656805, 0.0106224454939, -0.00289299432188, -0.0147903077304, 0.0324048772454]]
    },
    "melbands": {
        "mean": [0.00284760259092, 0.00281194294803, 0.00322267506272, 0.00119495461695, 0.000509321223944, 0.000370957597625, 0.000335053511662, 0.000205213902518, 0.000165558012668, 0.000178970905836, 8.80559382495e-005, 6.55766925775e-005, 6.04147098784e-005, 4.89767808176e-005, 3.74844785256e-005, 3.55020310963e-005, 4.70445593237e-005, 5.63585854252e-005, 3.85975254176e-005, 2.96631242236e-005, 2.39365690504e-005, 2.20223992073e-005, 2.1930110961e-005, 1.84496730071e-005, 1.16595319923e-005, 9.83283644018e-006, 1.05810813693e-005, 5.43868009117e-006, 7.72632938606e-006, 1.24533189592e-005, 8.44767873787e-006, 3.4172442156e-006, 3.59308228326e-006, 5.04496802023e-006, 3.43281521964e-006, 4.40832900495e-006, 4.73264663015e-006, 2.42309033638e-006, 1.95060692931e-006, 2.02812930183e-006],
        "var": [1.2073455764e-005, 1.09723896458e-005, 1.83939791896e-005, 3.36450034411e-006, 2.97138626593e-007, 2.24356782041e-007, 1.8954318648e-007, 1.1316848969e-007, 9.23508380879e-008, 1.6580067097e-007, 1.97792395795e-008, 7.52795603631e-009, 1.00868486896e-008, 5.59970114722e-009, 2.17461293417e-009, 1.43507539185e-009, 3.61255181325e-009, 6.64525456884e-009, 3.1707918513e-009, 1.15886533703e-009, 7.46771477989e-010, 6.5664651494e-010, 7.26320781297e-010, 5.28067867211e-010, 2.0243599852e-010, 1.44154826964e-010, 2.44202491562e-010, 3.73918604413e-011, 2.02394087601e-010, 1.10183417945e-009, 6.72157107751e-010, 3.99765047454e-011, 4.91806075031e-011, 1.8660985257e-010, 6.64006696849e-011, 1.19373830265e-010, 1.5743290005e-010, 3.17272527695e-011, 2.09435056103e-011, 2.46929959119e-011]
    },
    "mfcc": {
        "mean": [-635.152282715, 136.314743042, 2.55549430847, 32.4008293152, 11.7150583267, 10.3486185074, 0.98280185461, 3.20873188972, 1.96139526367, 3.75089526176, -0.00343116885051, 0.913990736008, -3.61205196381],
        "cov": [[5645.14111328, -2170.10595703, -181.578323364, -391.109588623, -344.601104736, -315.842559814, -299.077301025, -268.773406982, -191.475601196, -107.70362854, -87.3000411987, 18.1594715118, -108.669281006], [-2170.10595703, 1659.74816895, -394.534790039, 300.20916748, 120.466590881, 98.4683685303, 91.6213150024, 97.0018844604, 41.4432754517, 48.2477493286, 31.1148147583, -39.446647644, 58.2984199524], [-181.578323364, -394.534790039, 1207.72729492, -45.1379737854, 222.148071289, 191.332275391, 129.201980591, 22.409154892, -22.982837677, -97.4133605957, -41.0227661133, 3.04584169388, -35.8425750732], [-391.109588623, 300.20916748, -45.1379737854, 186.802215576, 15.6888370514, 42.4645729065, 16.2005558014, 19.2410125732, 14.7040309906, 28.5653057098, 22.0002784729, 3.49474096298, 7.39691209793], [-344.601104736, 120.466590881, 222.148071289, 15.6888370514, 158.225189209, 70.6135635376, 64.6857528687, 23.4074878693, 8.0449924469, -15.2703142166, 2.30719804764, 4.88696575165, 7.22726678848], [-315.842559814, 98.4683685303, 191.332275391, 42.4645729065, 70.6135635376, 120.583366394, 64.3081054688, 35.77110672, -4.2596206665, -27.9845161438, -17.2044467926, 2.06150484085, 7.35351371765], [-299.077301025, 91.6213150024, 129.201980591, 16.2005558014, 64.6857528687, 64.3081054688, 100.237632751, 48.830821991, 14.1392621994, -21.5972251892, -15.5185661316, -2.25421929359, 13.004565239], [-268.773406982, 97.0018844604, 22.409154892, 19.2410125732, 23.4074878693, 35.77110672, 48.830821991, 79.1935119629, 48.4008331299, 7.65556526184, -13.0453681946, -14.3919315338, 8.4683713913], [-191.475601196, 41.4432754517, -22.982837677, 14.7040309906, 8.0449924469, -4.2596206665, 14.1392621994, 48.4008331299, 97.3355255127, 60.467212677, 20.9849529266, -7.29320478439, -3.99989509583], [-107.70362854, 48.2477493286, -97.4133605957, 28.5653057098, -15.2703142166, -27.9845161438, -21.5972251892, 7.65556526184, 60.467212677, 99.0132064819, 58.0378303528, 13.250500679, -6.37803697586], [-87.3000411987, 31.1148147583, -41.0227661133, 22.0002784729, 2.30719804764, -17.2044467926, -15.5185661316, -13.0453681946, 20.9849529266, 58.0378303528, 84.3128814697, 36.4957771301, 2.96288156509], [18.1594715118, -39.446647644, 3.04584169388, 3.49474096298, 4.88696575165, 2.06150484085, -2.25421929359, -14.3919315338, -7.29320478439, 13.250500679, 36.4957771301, 62.8301239014, 22.663110733], [-108.669281006, 58.2984199524, -35.8425750732, 7.39691209793, 7.22726678848, 7.35351371765, 13.004565239, 8.4683713913, -3.99989509583, -6.37803697586, 2.96288156509, 22.663110733, 53.9687080383]],
        "icov": [[0.000507247226778, 0.000688894710038, 0.000274188874755, -0.000221231908654, -0.000111238347017, 0.000334121315973, 0.000261252425844, 0.000296857091598, 0.000465128716314, 0.000189164406038, 0.000353370676748, 3.44804648194e-005, 0.000372418289771], [0.000688894710038, 0.00225691962987, 0.00108662073035, -0.00184636446647, -0.00155848346185, -8.07156829978e-005, -4.31871121691e-005, -0.000233323633438, 0.00128577672876, 0.000107281586679, -0.000276245293207, 0.00178034079727, -0.000433885055827], [0.000274188874755, 0.00108662073035, 0.00206598383375, -0.000278380117379, -0.00208222609945, -0.00195380928926, -0.00049510365352, 0.000763019314036, -0.000210873608012, 0.00119575543795, -0.000311044772388, 0.000321748113493, 0.00134083419107], [-0.000221231908654, -0.00184636446647, -0.000278380117379, 0.00887525919825, 0.00165892648511, -0.00370097486302, 0.000441720680101, 0.000252152123721, 4.06919352827e-005, -0.00232700398192, -0.000812481855974, -0.000662749691401, 0.000334747921443], [-0.000111238347017, -0.00155848346185, -0.00208222609945, 0.00165892648511, 0.0126687139273, -0.00241683167405, -0.00407935632393, 0.002588017378, -0.0023389281705, 0.00090803502826, -0.00200407579541, -0.000439102121163, -0.00071269221371], [0.000334121315973, -8.07156829978e-005, -0.00195380928926, -0.00370097486302, -0.00241683167405, 0.0197747834027, -0.00441715912893, -0.00569859193638, 0.00412407983094, 0.00062101345975, 0.00282120727934, -0.00351611757651, 0.0012581088813], [0.000261252425844, -4.31871121691e-005, -0.00049510365352, 0.000441720680101, -0.00407935632393, -0.00441715912893, 0.0228586476296, -0.0102096013725, -0.000385565741453, 0.00409316504374, -0.000328273890773, -0.00131847022567, -0.00154778105207], [0.000296857091598, -0.000233323633438, 0.000763019314036, 0.000252152123721, 0.002588017378, -0.00569859193638, -0.0102096013725, 0.0337689854205, -0.0173005703837, 0.00263464590535, 0.00386507459916, 0.00363103416748, -0.00379461213015], [0.000465128716314, 0.00128577672876, -0.000210873608012, 4.06919352827e-005, -0.0023389281705, 0.00412407983094, -0.000385565741453, -0.0173005703837, 0.0310997590423, -0.0187443010509, 0.00191351107787, 0.00294681149535, 0.000708133738954], [0.000189164406038, 0.000107281586679, 0.00119575543795, -0.00232700398192, 0.00090803502826, 0.00062101345975, 0.00409316504374, 0.00263464590535, -0.0187443010509, 0.0344224087894, -0.0163374170661, -0.00048268266255, 0.00355058466084], [0.000353370676748, -0.000276245293207, -0.000311044772388, -0.000812481855974, -0.00200407579541, 0.00282120727934, -0.000328273890773, 0.00386507459916, 0.00191351107787, -0.0163374170661, 0.0304150525481, -0.0142931453884, 0.00281472224742], [3.44804648194e-005, 0.00178034079727, 0.000321748113493, -0.000662749691401, -0.000439102121163, -0.00351611757651, -0.00131847022567, 0.00363103416748, 0.00294681149535, -0.00048268266255, -0.0142931453884, 0.0316307619214, -0.013600051403], [0.000372418289771, -0.000433885055827, 0.00134083419107, 0.000334747921443, -0.00071269221371, 0.0012581088813, -0.00154778105207, -0.00379461213015, 0.000708133738954, 0.00355058466084, 0.00281472224742, -0.013600051403, 0.0275134947151]]
    },
    "spectral_contrast_coeffs": {
        "mean": [-0.642878711224, -0.742506206036, -0.789126932621, -0.807203710079, -0.806069374084, -0.754003345966],
        "var": [0.00688375951722, 0.00506905419752, 0.00393049279228, 0.00266253366135, 0.00152570917271, 0.00180720479693]
    },
    "spectral_contrast_valleys": {
        "mean": [-6.62196159363, -6.52336406708, -7.15734767914, -7.33142089844, -7.39745950699, -10.3082103729],
        "var": [0.597214460373, 0.668259322643, 0.6392146945, 0.718771517277, 0.896119356155, 1.68592619896]
    }
},
"metadata": {
    "audio_properties": {
        "analysis_sample_rate": 44100,
        "bit_rate": 128074,
        "equal_loudness": 0,
        "length": 45.0612258911,
        "lossless": 0,
        "replay_gain": -5.05360221863,
        "sample_rate": 44100,
        "codec": "mp3",
        "downmix": "mix",
        "md5_encoded": "d67d1c7f942ebb2ff79bc3a57fc09427"
    },
    "tags": {
        "file_name": "1651.mp3"
    },
    "version": {
        "essentia": "2.1-beta2",
        "essentia_git_sha": "v2.1_beta2",
        "extractor": "music 1.0"
    }
},
"rhythm": {
    "beats_count": 113,
    "beats_loudness": {
        "mean": 0.0461669079959,
        "var": 0.00039659102913
    },
    "bpm": 144.474136353,
    "bpm_histogram_first_peak_bpm": {
        "mean": 144,
        "var": 0
    },
    "bpm_histogram_first_peak_spread": {
        "mean": 0.52941173315,
        "var": 0
    },
    "bpm_histogram_first_peak_weight": {
        "mean": 0.214285716414,
        "var": 0
    },
    "bpm_histogram_second_peak_bpm": {
        "mean": 161,
        "var": 0
    },
    "bpm_histogram_second_peak_spread": {
        "mean": 0.354838728905,
        "var": 0
    },
    "bpm_histogram_second_peak_weight": {
        "mean": 0.178571432829,
        "var": 0
    },
    "danceability": 1.27200639248,
    "onset_rate": 3.88185477257,
    "beats_loudness_band_ratio": {
        "mean": [0.583327412605, 0.148005798459, 0.13106918335, 0.0559638775885, 0.0642506182194, 0.0566776394844],
        "var": [0.0631465613842, 0.00959353148937, 0.0158643983305, 0.00358152715489, 0.00467967474833, 0.00679187802598]
    },
    "beats_position": [0.359909296036, 0.719818592072, 1.06811785698, 1.4164172411, 1.77632653713, 2.13623571396, 2.50775504112, 2.87927436829, 3.25079369545, 3.62231278419, 3.99383211136, 4.3653512001, 4.73687076569, 5.10838985443, 5.47990942001, 5.85142850876, 6.23455762863, 6.6176867485, 7.01242637634, 7.39555549622, 7.77868461609, 8.17342376709, 8.54494285583, 8.91646194458, 9.31120204926, 9.70594120026, 10.0542402267, 10.4141492844, 10.774058342, 11.1223583221, 11.4938774109, 11.8653964996, 12.2253055573, 12.6084346771, 13.0031747818, 13.3863039017, 13.7694330215, 14.1525621414, 14.5356912613, 14.9304304123, 15.301949501, 15.6734695435, 16.0333786011, 16.3932876587, 16.7531967163, 17.1131057739, 17.4846248627, 17.8561439514, 18.2276649475, 18.5991840363, 18.9939231873, 19.3886623383, 19.7834014893, 20.1781406403, 20.5728797913, 20.9792289734, 21.3855781555, 21.7919273376, 22.1982765198, 22.616235733, 23.0225849152, 23.4289340973, 23.8352832794, 24.2648525238, 24.6828117371, 25.1123809814, 25.553560257, 25.9831295013, 26.4126987457, 26.8422679901, 27.2602272034, 27.6781845093, 28.0961437225, 28.5141029358, 28.932062149, 29.3384113312, 29.7447605133, 30.1627197266, 30.5806789398, 30.9986381531, 31.4049873352, 31.8229465485, 32.2292976379, 32.6472549438, 33.0303840637, 33.4135131836, 33.8082542419, 34.2146034241, 34.6209526062, 35.0156898499, 35.422039032, 35.8283882141, 36.2231292725, 36.6294784546, 37.0242156982, 37.4305648804, 37.8369140625, 38.2664833069, 38.6960525513, 39.1140136719, 39.5319709778, 39.9499320984, 40.3678894043, 40.7742385864, 41.192199707, 41.6101570129, 42.0281181335, 42.4460754395, 42.8640365601, 43.281993866, 43.6999549866, 44.129524231, 44.5474815369]
},
"tonal": {
    "chords_changes_rate": 0.140946507454,
    "chords_number_rate": 0.0174897126853,
    "chords_strength": {
        "mean": 0.404594749212,
        "var": 0.00859445426613
    },
    "hpcp_entropy": {
        "mean": 2.37551522255,
        "var": 0.608704805374
    },
    "key_strength": 0.628345191479,
    "tuning_diatonic_strength": 0.3987185359,
    "tuning_equal_tempered_deviation": 0.205520868301,
    "tuning_frequency": 434.193115234,
    "tuning_nontempered_energy_ratio": 0.899808824062,
    "hpcp": {
        "mean": [0.16089092195, 0.196987062693, 0.16325430572, 0.125150591135, 0.0998285934329, 0.0888663455844, 0.137448549271, 0.163883075118, 0.149182543159, 0.167750194669, 0.153514355421, 0.118446774781, 0.137672558427, 0.164640694857, 0.156502828002, 0.175409153104, 0.203495115042, 0.169554829597, 0.140662640333, 0.127396777272, 0.126243010163, 0.204294800758, 0.233947500587, 0.216442629695, 0.23698118329, 0.199948340654, 0.144229784608, 0.127119913697, 0.105448544025, 0.0837340131402, 0.124778024852, 0.144223719835, 0.103035494685, 0.091147147119, 0.0961514785886, 0.108270928264],
        "var": [0.0517446734011, 0.0809645578265, 0.0540644675493, 0.0447154082358, 0.0325937531888, 0.0280550029129, 0.0510765276849, 0.0667528137565, 0.0470549426973, 0.0579726882279, 0.0555656179786, 0.0401182733476, 0.0566086471081, 0.0722752436996, 0.0588162504137, 0.0608595013618, 0.0845472216606, 0.0666516795754, 0.0553048662841, 0.0519492216408, 0.0386719293892, 0.0834430977702, 0.0948716700077, 0.0655919238925, 0.0946283191442, 0.076573304832, 0.0652486681938, 0.0440507717431, 0.0304106231779, 0.0238293204457, 0.0458525158465, 0.0644890069962, 0.0274353567511, 0.0295526105911, 0.0303631722927, 0.0315574258566]
    },
    "chords_histogram": [14.5061731339, 12.1399173737, 2.46913576126, 3.18930029869, 0, 2.46913576126, 0.411522626877, 5.34979438782, 5.76131677628, 6.89300394058, 0, 2.16049385071, 0, 0, 3.18930029869, 2.77777767181, 4.62962961197, 1.85185182095, 12.551440239, 0, 0, 1.33744859695, 13.0658435822, 5.24691343307],
    "thpcp": [1, 0.843730866909, 0.608612835407, 0.536413550377, 0.444965898991, 0.353336125612, 0.526531338692, 0.60858720541, 0.434783428907, 0.384617656469, 0.405734658241, 0.456875622272, 0.678918540478, 0.831235051155, 0.688891410828, 0.528103470802, 0.421251147985, 0.374993264675, 0.579997718334, 0.691544651985, 0.629512190819, 0.707862913609, 0.647791326046, 0.499815106392, 0.580942988396, 0.694741606712, 0.660401940346, 0.740181803703, 0.858697354794, 0.715478003025, 0.593560397625, 0.537581801414, 0.532713234425, 0.862071812153, 0.987198650837, 0.91333258152],
    "chords_key": "A",
    "chords_scale": "minor",
    "key_key": "A",
    "key_scale": "minor"
}
}