{
"lowlevel": {
    "average_loudness": 0.88329076767,
    "barkbands_crest": {
        "mean": 13.5155677795,
        "var": 18.735502243
    },
    "barkbands_flatness_db": {
        "mean": 0.241187363863,
        "var": 0.00766299432144
    },
    "barkbands_kurtosis": {
        "mean": 17.6027202606,
        "var": 971.057434082
    },
    "barkbands_skewness": {
        "mean": 2.57888650894,
        "var": 7.23124361038
    },
    "barkbands_spread": {
        "mean": 15.4185733795,
        "var": 158.706970215
    },
    "dissonance": {
        "mean": 0.464499354362,
        "var": 0.0012157909805
    },
    "dynamic_complexity": 2.61756300926,
    "erbbands_crest": {
        "mean": 12.6351156235,
        "var": 28.4996013641
    },
    "erbbands_flatness_db": {
        "mean": 0.223906770349,
        "var": 0.00166394165717
    },
    "erbbands_kurtosis": {
        "mean": 1.18430960178,
        "var": 10.6995687485
    },
    "erbbands_skewness": {
        "mean": -0.243113577366,
        "var": 1.39371919632
    },
    "erbbands_spread": {
        "mean": 32.4617385864,
        "var": 281.062438965
    },
    "hfc": {
        "mean": 16.1996898651,
        "var": 210.399520874
    },
    "melbands_crest": {
        "mean": 23.8652133942,
        "var": 115.977516174
    },
    "melbands_flatness_db": {
        "mean": 0.307058274746,
        "var": 0.0147289782763
    },
    "melbands_kurtosis": {
        "mean": 46.4666023254,
        "var": 8138.25048828
    },
    "melbands_skewness": {
        "mean": 4.42757558823,
        "var": 16.3560791016
    },
    "melbands_spread": {
        "mean": 22.1299057007,
        "var": 633.397216797
    },
    "pitch_salience": {
        "mean": 0.375870704651,
        "var": 0.0399319455028
    },
    "silence_rate_20dB": {
        "mean": 1,
        "var": 0
    },
    "silence_rate_30dB": {
        "mean": 0.675592184067,
        "var": 0.219170734286
    },
    "silence_rate_60dB": {
        "mean": 0.0731204971671,
        "var": 0.0677752047777
    },
    "spectral_centroid": {
        "mean": 1651.58996582,
        "var": 942728.8125
    },
    "spectral_complexity": {
        "mean": 15.5102987289,
        "var": 106.456169128
    },
    "spectral_decrease": {
        "mean": -1.5846051582e-008,
        "var": 2.38726310016e-016
    },
    "spectral_energy": {
        "mean": 0.0612759292126,
        "var": 0.00344111514278
    },
    "spectral_energyband_high": {
        "mean": 0.000298192520859,
        "var": 4.320252458e-007
    },
    "spectral_energyband_low": {
        "mean": 0.0466981828213,
        "var": 0.00321903731674
    },
    "spectral_energyband_middle_high": {
        "mean": 0.00497152842581,
        "var": 3.4097552998e-005
    },
    "spectral_energyband_middle_low": {
        "mean": 0.00905954185873,
        "var": 0.000114882030175
    },
    "spectral_entropy": {
        "mean": 7.06134319305,
        "var": 0.288530707359
    },
    "spectral_flux": {
        "mean": 0.0576622970402,
        "var": 0.00148289685603
    },
    "spectral_kurtosis": {
        "mean": 8.44831848145,
        "var": 51.2885627747
    },
    "spectral_rms": {
        "mean": 0.00666748546064,
        "var": 1.53260334628e-005
    },
    "spectral_rolloff": {
        "mean": 1217.85888672,
        "var": 2101423.75
    },
    "spectral_skewness": {
        "mean": 1.54714691639,
        "var": 0.992963016033
    },
    "spectral_spread": {
        "mean": 2824402.25,
        "var": 1.75373090816e+012
    },
    "spectral_strongpeak": {
        "mean": 1.0003490448,
        "var": 1.78720128536
    },
    "zerocrossingrate": {
        "mean": 0.0437004193664,
        "var": 0.00170119258109
    },
    "barkbands": {
        "mean": [0.012718250975, 0.0339884236455, 0.000272197998129, 0.00343597866595, 0.00293620210141, 0.00137655716389, 0.000311959767714, 0.000399150623707, 0.000542257621419, 0.00029095885111, 0.00109195045661, 0.000341458478943, 0.000582157925237, 9.68313979683e-005, 0.00019287809846, 0.000122050936625, 0.000175243490958, 0.00117054919247, 0.000818365311716, 0.00018584789359, 0.000125608043163, 3.40299775416e-005, 4.26305778092e-005, 1.08017902676e-005, 9.74205249804e-006, 3.84936492992e-006, 6.70926709745e-008],
        "var": [0.000248503463808, 0.00178798742127, 6.38041001366e-006, 3.08933813358e-005, 1.97584631678e-005, 1.05324124888e-005, 1.08202854676e-007, 6.95197400091e-007, 7.28761051505e-007, 5.3658482102e-007, 6.35694732409e-006, 6.60911894101e-007, 3.94040034735e-006, 7.11855463464e-008, 1.17665635457e-007, 3.02867384505e-008, 9.51871541588e-008, 4.72729425383e-006, 2.12234749597e-006, 7.91623264718e-008, 4.8597041058e-008, 1.96814351483e-008, 1.05887984603e-007, 3.73823549893e-009, 7.53531992359e-009, 1.52864298997e-009, 3.28572618332e-013]
    },
    "erbbands": {
        "mean": [2.31411600113, 2.3051173687, 0.540395140648, 4.35587787628, 19.8289451599, 3.19575476646, 6.99206876755, 11.2987728119, 3.74412822723, 7.14218425751, 11.4342317581, 11.5552749634, 6.30841588974, 20.3008384705, 43.5278091431, 16.7911014557, 31.5539150238, 8.51815795898, 7.98405408859, 8.491314888, 7.10537099838, 15.2680177689, 67.9187545776, 41.8934288025, 31.4219207764, 9.69114685059, 6.98140764236, 2.59945487976, 1.66875910759, 1.20429635048, 0.921223044395, 0.192158862948, 0.223062977195, 0.171907231212, 0.03800162673, 0.0257663633674, 0.0046053333208, 0.000517396838404, 4.21951845055e-005, 6.87948486302e-005],
        "var": [8.18496990204, 10.7654323578, 9.24247360229, 54.0056762695, 1043.82788086, 16.9327144623, 213.8722229, 1179.86938477, 37.0177764893, 161.655014038, 415.1612854, 286.563354492, 50.747467041, 2713.77075195, 12404.1396484, 1235.97131348, 10899.7871094, 420.60559082, 189.869064331, 165.895843506, 97.3548278809, 680.49395752, 17373.5546875, 3989.97900391, 3178.39624023, 214.152145386, 123.565414429, 18.5827407837, 57.895236969, 56.9296112061, 41.1161956787, 1.04872524738, 1.74159455299, 2.65429282188, 0.079563818872, 0.0666881203651, 0.0019628345035, 2.69043648586e-005, 1.51424544015e-008, 4.06047595547e-009]
    },
    "gfcc": {
        "mean": [-64.3317718506, 113.041061401, -141.297729492, 34.1554489136, -47.4576454163, -5.54145812988, -14.8995199203, 9.82642173767, -23.8667354584, -6.03529977798, -6.07030105591, -3.74022388458, -7.86332130432],
        "cov": [[3227.07348633, -219.382888794, -239.085601807, 747.369995117, 350.191192627, 318.407470703, 304.388916016, 91.7268371582, -40.1515731812, 144.977325439, 183.155593872, 176.47895813, 255.795608521], [-219.382888794, 1464.60473633, 898.865539551, -147.40663147, 493.526885986, 224.960418701, 408.859039307, -215.181243896, 237.152618408, 64.9775924683, 152.089111328, -166.189819336, 80.7093963623], [-239.085601807, 898.865539551, 1735.80444336, 81.387008667, 217.812469482, 632.912353516, 323.863342285, 6.09074449539, 434.615325928, 67.0207214355, 268.006408691, 3.94326376915, 39.3627624512], [747.369995117, -147.40663147, 81.387008667, 638.40045166, 289.126403809, 40.0188827515, 218.737960815, 181.21244812, 186.521652222, 170.425369263, 226.559661865, 179.559265137, 257.586212158], [350.191192627, 493.526885986, 217.812469482, 289.126403809, 848.578430176, 335.913757324, 568.579040527, 166.753540039, 221.648925781, 196.693099976, 198.012161255, -10.782623291, 168.297485352], [318.407470703, 224.960418701, 632.912353516, 40.0188827515, 335.913757324, 772.152526855, 412.399780273, 98.4855880737, 185.561981201, 29.1754207611, 99.1964569092, -11.0457134247, -71.7549819946], [304.388916016, 408.859039307, 323.863342285, 218.737960815, 568.579040527, 412.399780273, 628.861206055, 227.723052979, 291.145629883, 188.425369263, 234.925354004, 77.3146057129, 149.38218689], [91.7268371582, -215.181243896, 6.09074449539, 181.21244812, 166.753540039, 98.4855880737, 227.723052979, 414.838470459, 264.542541504, 182.330505371, 195.428207397, 192.374771118, 122.415969849], [-40.1515731812, 237.152618408, 434.615325928, 186.521652222, 221.648925781, 185.561981201, 291.145629883, 264.542541504, 449.879180908, 232.157104492, 271.595336914, 152.515731812, 143.964584351], [144.977325439, 64.9775924683, 67.0207214355, 170.425369263, 196.693099976, 29.1754207611, 188.425369263, 182.330505371, 232.157104492, 247.760406494, 192.910476685, 103.651725769, 145.168502808], [183.155593872, 152.089111328, 268.006408691, 226.559661865, 198.012161255, 99.1964569092, 234.925354004, 195.428207397, 271.595336914, 192.910476685, 284.262969971, 167.585296631, 174.441207886], [176.47895813, -166.189819336, 3.94326376915, 179.559265137, -10.782623291, -11.0457134247, 77.3146057129, 192.374771118, 152.515731812, 103.651725769, 167.585296631, 243.999511719, 161.530014038], [255.795608521, 80.7093963623, 39.3627624512, 257.586212158, 168.297485352, -71.7549819946, 149.38218689, 122.415969849, 143.964584351, 145.168502808, 174.441207886, 161.530014038, 281.182128906]],
        "icov": [[0.000675799732562, -0.000751747982576, 0.00057043065317, -0.00131385319401, 0.000560785934795, -0.00111542199738, 0.000466908968519, -0.000448550272267, 0.000986939063296, -0.000623964879196, 1.43113866216e-005, -0.000212869534153, -1.80905608431e-005], [-0.000751747982576, 0.00575942546129, -0.0025577719789, 0.00465615885332, -0.00279790628701, 0.00391916185617, -0.00369371473789, 0.00514978775755, -0.00339701864868, 0.00230065500364, -0.00231705885381, 0.00211216555908, -0.00170596968383], [0.00057043065317, -0.0025577719789, 0.00293535878882, -0.00224499497563, 0.00166448042728, -0.00338367139921, 0.00229777162895, -0.0013767122291, -0.000319930142723, 0.000607984315138, -0.00118995783851, 0.000819565844722, -0.00050283287419], [-0.00131385319401, 0.00465615885332, -0.00224499497563, 0.00752806197852, -0.00332848820835, 0.0035947423894, -0.0022768934723, 0.00375142134726, -0.00323600298725, 0.00245541334152, -0.00261907908134, 0.00104532192927, -0.00282385572791], [0.000560785934795, -0.00279790628701, 0.00166448042728, -0.00332848820835, 0.00577246351168, -0.00261247111484, -0.00128089368809, -0.00290556345135, 0.00220569665544, -0.00168536580168, 0.00016872784181, 0.0028876028955, -0.0010898335604], [-0.00111542199738, 0.00391916185617, -0.00338367139921, 0.0035947423894, -0.00261247111484, 0.00733620813116, -0.00519118411466, 0.00309614557773, -0.00204417086206, 0.00157679605763, 0.000247811578447, -0.000931132468395, 0.00252982089296], [0.000466908968519, -0.00369371473789, 0.00229777162895, -0.0022768934723, -0.00128089368809, -0.00519118411466, 0.00978401489556, -0.00404576770961, 0.000722556374967, -0.000552374811377, -0.00070460914867, -0.000528556993231, -0.000938976940233], [-0.000448550272267, 0.00514978775755, -0.0013767122291, 0.00375142134726, -0.00290556345135, 0.00309614557773, -0.00404576770961, 0.01117628254, -0.00546348839998, 0.000640357902739, -0.00152016652282, -0.00244432454929, 0.000312790914904], [0.000986939063296, -0.00339701864868, -0.000319930142723, -0.00323600298725, 0.00220569665544, -0.00204417086206, 0.000722556374967, -0.00546348839998, 0.0121860364452, -0.00652765994892, -0.000802609545644, -0.00229963078164, 0.00218921736814], [-0.000623964879196, 0.00230065500364, 0.000607984315138, 0.00245541334152, -0.00168536580168, 0.00157679605763, -0.000552374811377, 0.000640357902739, -0.00652765994892, 0.0149275409058, -0.00732615124434, 0.00513613317162, -0.00377155072056], [1.43113866216e-005, -0.00231705885381, -0.00118995783851, -0.00261907908134, 0.00016872784181, 0.000247811578447, -0.00070460914867, -0.00152016652282, -0.000802609545644, -0.00732615124434, 0.0195027496666, -0.00893990136683, 0.00144608481787], [-0.000212869534153, 0.00211216555908, 0.000819565844722, 0.00104532192927, 0.0028876028955, -0.000931132468395, -0.000528556993231, -0.00244432454929, -0.00229963078164, 0.00513613317162, -0.00893990136683, 0.0180455632508, -0.00840061251074], [-1.80905608431e-005, -0.00170596968383, -0.00050283287419, -0.00282385572791, -0.0010898335604, 0.00252982089296, -0.000938976940233, 0.000312790914904, 0.00218921736814, -0.00377155072056, 0.00144608481787, -0.00840061251074, 0.0131354313344]]
    },
    "melbands": {
        "mean": [0.0144370300695, 0.000899830949493, 0.00150157394819, 0.00079884607112, 0.000199510584935, 0.000249165605055, 6.21097788098e-005, 7.56203080527e-005, 0.000108703236037, 6.7316381319e-005, 2.71903445537e-005, 6.97545983712e-005, 0.00014787116379, 5.04375020682e-005, 5.10748286615e-005, 6.34487441857e-005, 9.96810013021e-006, 1.08314825411e-005, 1.5408731997e-005, 9.00309078133e-006, 7.84411349741e-006, 9.812526514e-006, 4.76387285744e-005, 5.48714488104e-005, 3.14200697176e-005, 3.33271236741e-005, 1.03566335383e-005, 5.16081900059e-006, 4.05609989684e-006, 3.46493811776e-006, 9.22021285987e-007, 1.00736178865e-006, 4.58255215108e-007, 9.76933392849e-007, 7.59205647682e-007, 1.43030973732e-007, 7.78793989298e-008, 1.51528610104e-007, 1.24867980844e-007, 1.56255808292e-007],
        "var": [0.000316847144859, 4.05060427511e-006, 5.9131184571e-006, 1.59438525316e-006, 1.63513647067e-007, 4.75176847203e-007, 7.70718067145e-009, 2.61644235167e-008, 4.18130809976e-008, 1.00821422322e-008, 1.18216358924e-009, 4.08618454628e-008, 1.3878937466e-007, 1.24450449945e-008, 1.09986366681e-008, 5.18731688715e-008, 1.07763764579e-009, 3.71526948095e-010, 7.46628259218e-010, 1.77761361186e-010, 1.46865450357e-010, 3.43989614571e-010, 9.91070514544e-009, 9.76044134404e-009, 2.66536481774e-009, 4.8630921512e-009, 2.59283539084e-010, 8.67740532207e-011, 3.79209927348e-011, 6.99714661212e-011, 1.93743957509e-012, 1.59535266941e-011, 7.56791157519e-012, 5.96320701152e-011, 3.52151467709e-011, 4.01457865432e-013, 1.94093276607e-013, 7.26116486816e-013, 6.99254456421e-013, 2.58230676425e-012]
    },
    "mfcc": {
        "mean": [-703.349060059, 141.632095337, -29.6023750305, 40.1814651489, -9.99436092377, -4.23689031601, 11.6460914612, 9.96372699738, -1.14739191532, -1.42179381847, 6.46824979782, -0.506627380848, -1.99679648876],
        "cov": [[3140.43579102, -879.95123291, -648.626831055, 673.313598633, 69.715713501, 167.94329834, 323.370330811, 72.536491394, 72.8633270264, -71.3575744629, -35.8038749695, -61.1045227051, 55.9010238647], [-879.95123291, 1630.4017334, 530.319152832, -106.097663879, 198.655899048, 424.902893066, 219.424468994, 4.43579912186, 112.32649231, 264.197113037, 72.666885376, 58.539150238, 135.468658447], [-648.626831055, 530.319152832, 1601.81335449, -273.294219971, 211.900222778, 346.630584717, -45.9306030273, 246.352279663, -25.4773521423, 195.028991699, 110.149627686, 159.386032104, 190.293029785], [673.313598633, -106.097663879, -273.294219971, 776.028747559, 144.154327393, -5.89292573929, 138.460601807, -10.5671682358, 159.274475098, 71.4769287109, 83.7038040161, 109.029693604, 51.0062789917], [69.715713501, 198.655899048, 211.900222778, 144.154327393, 323.526641846, 232.159011841, 202.005828857, 137.011138916, 128.562240601, 172.945480347, 115.778007507, 90.7730331421, 82.1859588623], [167.94329834, 424.902893066, 346.630584717, -5.89292573929, 232.159011841, 573.778259277, 335.492584229, 223.151855469, 137.060150146, 240.187088013, 85.3692703247, 48.9084472656, 147.326049805], [323.370330811, 219.424468994, -45.9306030273, 138.460601807, 202.005828857, 335.492584229, 438.228027344, 205.973892212, 199.712097168, 175.226760864, 102.170951843, 72.1537475586, 127.641441345], [72.536491394, 4.43579912186, 246.352279663, -10.5671682358, 137.011138916, 223.151855469, 205.973892212, 376.484130859, 170.835769653, 128.874481201, 184.063262939, 166.561233521, 139.430419922], [72.8633270264, 112.32649231, -25.4773521423, 159.274475098, 128.562240601, 137.060150146, 199.712097168, 170.835769653, 250.254470825, 155.823760986, 142.298141479, 128.811599731, 119.620697021], [-71.3575744629, 264.197113037, 195.028991699, 71.4769287109, 172.945480347, 240.187088013, 175.226760864, 128.874481201, 155.823760986, 299.112701416, 142.466445923, 104.554496765, 124.864479065], [-35.8038749695, 72.666885376, 110.149627686, 83.7038040161, 115.778007507, 85.3692703247, 102.170951843, 184.063262939, 142.298141479, 142.466445923, 265.895477295, 201.264190674, 99.8261260986], [-61.1045227051, 58.539150238, 159.386032104, 109.029693604, 90.7730331421, 48.9084472656, 72.1537475586, 166.561233521, 128.811599731, 104.554496765, 201.264190674, 269.445739746, 106.156211853], [55.9010238647, 135.468658447, 190.293029785, 51.0062789917, 82.1859588623, 147.326049805, 127.641441345, 139.430419922, 119.620697021, 124.864479065, 99.8261260986, 106.156211853, 186.123672485]],
        "icov": [[0.000642736500595, 0.000403204670874, 0.000124665821204, -0.000522411603015, 8.98496655282e-005, -0.00056121282978, -0.000353940908099, 8.09324337752e-005, 0.00039544631727, 0.000366320513422, -0.000108867243398, 0.000245828414336, -0.000465875287773], [0.000403204670874, 0.00127513951156, -0.000256469415035, -3.01964264509e-005, 9.27985820454e-005, -0.000948643893935, -0.000614593853243, 0.00136975559872, -0.000386536994483, 0.000125595397549, -0.000323841231875, -6.80148004903e-005, -0.000296779850032], [0.000124665821204, -0.000256469415035, 0.00151531340089, 0.00013207840675, -0.000993152731098, -0.000731167790946, 0.00152010296006, -0.00113456009421, 0.00135191017762, -0.000263319350779, 0.000678457960021, -0.00064252060838, -0.00130110234022], [-0.000522411603015, -3.01964264509e-005, 0.00013207840675, 0.00245301169343, -0.0011004373664, 0.000511527177878, -2.84212073893e-005, 0.00126059236936, -0.0014688319061, -1.70326147781e-005, 0.000208464334719, -0.00112945807632, 1.55901543621e-005], [8.98496655282e-005, 9.27985820454e-005, -0.000993152731098, -0.0011004373664, 0.00665008090436, -0.000734645815101, -0.00197268114425, 0.000175374210812, -0.000536349369213, -0.00134062208235, -0.00116081198212, 0.000282543915091, 0.00179449480493], [-0.00056121282978, -0.000948643893935, -0.000731167790946, 0.000511527177878, -0.000734645815101, 0.00631953123957, -0.00288766203448, -0.00189707509708, 0.00119132187683, -0.00253214989789, 0.000971948902588, 0.00103272206616, 1.28048332044e-005], [-0.000353940908099, -0.000614593853243, 0.00152010296006, -2.84212073893e-005, -0.00197268114425, -0.00288766203448, 0.00811397470534, -0.00218872493133, -0.00199912069365, 0.000123480887851, 0.00102129101288, 0.000148797611473, -0.00119141722098], [8.09324337752e-005, 0.00136975559872, -0.00113456009421, 0.00126059236936, 0.000175374210812, -0.00189707509708, -0.00218872493133, 0.00885431002825, -0.00348667614162, 0.00219013122842, -0.00308667588979, -0.0013047697721, -0.000743300770409], [0.00039544631727, -0.000386536994483, 0.00135191017762, -0.0014688319061, -0.000536349369213, 0.00119132187683, -0.00199912069365, -0.00348667614162, 0.0126069402322, -0.002928692149, -0.000306945556076, -0.000842997047585, -0.0030325287953], [0.000366320513422, 0.000125595397549, -0.000263319350779, -1.70326147781e-005, -0.00134062208235, -0.00253214989789, 0.000123480887851, 0.00219013122842, -0.002928692149, 0.00877433177084, -0.00302835088223, 0.000730232859496, -0.00185304705519], [-0.000108867243398, -0.000323841231875, 0.000678457960021, 0.000208464334719, -0.00116081198212, 0.000971948902588, 0.00102129101288, -0.00308667588979, -0.000306945556076, -0.00302835088223, 0.0117831528187, -0.00619452400133, 0.000314925098792], [0.000245828414336, -6.80148004903e-005, -0.00064252060838, -0.00112945807632, 0.000282543915091, 0.00103272206616, 0.000148797611473, -0.0013047697721, -0.000842997047585, 0.000730232859496, -0.00619452400133, 0.0105450022966, -0.00176479527727], [-0.000465875287773, -0.000296779850032, -0.00130110234022, 1.55901543621e-005, 0.00179449480493, 1.28048332044e-005, -0.00119141722098, -0.000743300770409, -0.0030325287953, -0.00185304705519, 0.000314925098792, -0.00176479527727, 0.0116558317095]]
    },
    "spectral_contrast_coeffs": {
        "mean": [-0.58360350132, -0.727231383324, -0.767005443573, -0.778686404228, -0.743245720863, -0.691442966461],
        "var": [0.0190911777318, 0.00478628417477, 0.00371418637224, 0.00254360726103, 0.0026823352091, 0.00311880558729]
    },
    "spectral_contrast_valleys": {
        "mean": [-8.50265884399, -7.23951244354, -7.55499267578, -8.16665077209, -7.96902656555, -11.8908452988],
        "var": [2.46844410896, 0.565582573414, 0.508367419243, 0.663373887539, 1.49810516834, 0.576619029045]
    }
},
"metadata": {
    "audio_properties": {
        "analysis_sample_rate": 44100,
        "bit_rate": 128074,
        "equal_loudness": 0,
        "length": 45.0612258911,
        "lossless": 0,
        "replay_gain": -2.64187240601,
        "sample_rate": 44100,
        "codec": "mp3",
        "downmix": "mix",
        "md5_encoded": "3b4b041788aca58c006635ac644889ae"
    },
    "tags": {
        "file_name": "1654.mp3"
    },
    "version": {
        "essentia": "2.1-beta2",
        "essentia_git_sha": "v2.1_beta2",
        "extractor": "music 1.0"
    }
},
"rhythm": {
    "beats_count": 66,
    "beats_loudness": {
        "mean": 0.0627150088549,
        "var": 0.00344445486553
    },
    "bpm": 100.470733643,
    "bpm_histogram_first_peak_bpm": {
        "mean": 101,
        "var": 0
    },
    "bpm_histogram_first_peak_spread": {
        "mean": 0.388888895512,
        "var": 0
    },
    "bpm_histogram_first_peak_weight": {
        "mean": 0.169230774045,
        "var": 0
    },
    "bpm_histogram_second_peak_bpm": {
        "mean": 94,
        "var": 0
    },
    "bpm_histogram_second_peak_spread": {
        "mean": 0.529411792755,
        "var": 0
    },
    "bpm_histogram_second_peak_weight": {
        "mean": 0.123076923192,
        "var": 0
    },
    "danceability": 0.86402875185,
    "onset_rate": 2.06292843819,
    "beats_loudness_band_ratio": {
        "mean": [0.603195250034, 0.111574612558, 0.0803255811334, 0.08208463341, 0.107929825783, 0.0569956712425],
        "var": [0.155327752233, 0.0267867203802, 0.0144189279526, 0.0151927685365, 0.0254918001592, 0.00873343832791]
    },
    "beats_position": [0.53405892849, 1.07972788811, 1.62539684772, 2.15945577621, 2.69351458549, 3.28562355042, 3.88934230804, 4.52789115906, 5.17804956436, 5.81659841537, 6.45514726639, 7.0936961174, 7.75546455383, 8.4172334671, 9.07900238037, 9.74077033997, 10.3909292221, 10.9482088089, 11.505487442, 12.0975961685, 12.689704895, 13.2818136215, 13.873922348, 14.4776411057, 15.0697498322, 15.6618595123, 16.2539672852, 16.8460769653, 17.4381847382, 18.0419044495, 18.6456241608, 19.2493419647, 19.8878898621, 20.5264396667, 21.1301574707, 21.7222671509, 22.3956451416, 23.0806350708, 23.7656230927, 24.4506111145, 25.1356010437, 25.7509288788, 26.3778686523, 27.0164165497, 27.6549663544, 28.316734314, 28.9785022736, 29.7215423584, 30.4645805359, 31.1960086823, 31.9390468597, 32.6820869446, 33.4135131836, 34.1333312988, 34.8531494141, 35.5613594055, 36.3392295837, 37.2215881348, 38.1039466858, 38.9282531738, 39.7525634766, 40.6349182129, 41.5172767639, 42.3880271912, 43.2587738037, 44.1411323547]
},
"tonal": {
    "chords_changes_rate": 0.0658436194062,
    "chords_number_rate": 0.0123456791043,
    "chords_strength": {
        "mean": 0.439349919558,
        "var": 0.00663384096697
    },
    "hpcp_entropy": {
        "mean": 1.87898111343,
        "var": 0.619216561317
    },
    "key_strength": 0.603110909462,
    "tuning_diatonic_strength": 0.516685307026,
    "tuning_equal_tempered_deviation": 0.113603077829,
    "tuning_frequency": 434.193115234,
    "tuning_nontempered_energy_ratio": 0.718930006027,
    "hpcp": {
        "mean": [0.0506366863847, 0.0440815798938, 0.0523948743939, 0.100323781371, 0.104419179261, 0.0503019168973, 0.0240259375423, 0.0231354180723, 0.0383104756474, 0.0724684000015, 0.0686026886106, 0.0343256630003, 0.0240554828197, 0.0243085511029, 0.0248093158007, 0.0246817264706, 0.0302606280893, 0.0678170919418, 0.143967539072, 0.159327477217, 0.111633472145, 0.0748853310943, 0.0652023851871, 0.348042935133, 0.609404623508, 0.367513358593, 0.274371117353, 0.314352154732, 0.125410154462, 0.0354287289083, 0.0390077643096, 0.0448311828077, 0.055517360568, 0.0614166744053, 0.0558127872646, 0.0506009869277],
        "var": [0.0142538901418, 0.00781661830842, 0.0127156740054, 0.0378458723426, 0.0408722534776, 0.00984536018223, 0.00306310364977, 0.00224953819998, 0.00564632797614, 0.0243299584836, 0.0223251692951, 0.00678041437641, 0.00539047969505, 0.00413572089747, 0.00334971770644, 0.00326098199002, 0.0051286155358, 0.0255262609571, 0.0735723227262, 0.0862066745758, 0.0574632063508, 0.0377937704325, 0.0222014728934, 0.0552223697305, 0.185596287251, 0.0570694617927, 0.110545508564, 0.154215499759, 0.0229879301041, 0.00503421900794, 0.00524967769161, 0.00963243003935, 0.0170866865665, 0.0188715606928, 0.0184750612825, 0.0178100466728]
    },
    "chords_histogram": [5.04115247726, 3.29218101501, 27.2633743286, 1.44032919407, 6.79012346268, 10.9053497314, 0, 15.5349798203, 1.44032919407, 8.33333301544, 0.102880656719, 1.44032919407, 0, 0, 0.823045253754, 0, 0, 0, 0, 0, 0, 1.64609050751, 15.9465017319, 0],
    "thpcp": [1, 0.603069543839, 0.450228154659, 0.515834867954, 0.205791279674, 0.0581366270781, 0.06400962919, 0.0735655426979, 0.0911009833217, 0.100781440735, 0.0915857627988, 0.0830334797502, 0.0830920636654, 0.0723354890943, 0.0859771519899, 0.164625898004, 0.171346217394, 0.0825427249074, 0.0394252613187, 0.0379639677703, 0.0628654137254, 0.118916720152, 0.112573295832, 0.0563265532255, 0.0394737459719, 0.0398890152574, 0.0407107435167, 0.0405013784766, 0.0496560521424, 0.111284174025, 0.236242935061, 0.261447757483, 0.183184489608, 0.122882775962, 0.106993585825, 0.571119606495],
    "chords_key": "F",
    "chords_scale": "minor",
    "key_key": "A#",
    "key_scale": "minor"
}
}