{
"lowlevel": {
    "average_loudness": 0.943012356758,
    "barkbands_crest": {
        "mean": 11.4693393707,
        "var": 20.0005111694
    },
    "barkbands_flatness_db": {
        "mean": 0.133756130934,
        "var": 0.00237129931338
    },
    "barkbands_kurtosis": {
        "mean": 2.74265599251,
        "var": 26.5348320007
    },
    "barkbands_skewness": {
        "mean": 1.51646924019,
        "var": 1.05602967739
    },
    "barkbands_spread": {
        "mean": 25.4616603851,
        "var": 118.870437622
    },
    "dissonance": {
        "mean": 0.4702039361,
        "var": 0.000389283872209
    },
    "dynamic_complexity": 1.78801548481,
    "erbbands_crest": {
        "mean": 8.97316837311,
        "var": 20.2792224884
    },
    "erbbands_flatness_db": {
        "mean": 0.147500783205,
        "var": 0.00166749954224
    },
    "erbbands_kurtosis": {
        "mean": 0.400470495224,
        "var": 1.72305476665
    },
    "erbbands_skewness": {
        "mean": -0.166379705071,
        "var": 0.373959034681
    },
    "erbbands_spread": {
        "mean": 35.6276130676,
        "var": 245.362106323
    },
    "hfc": {
        "mean": 26.9395122528,
        "var": 317.711151123
    },
    "melbands_crest": {
        "mean": 15.2604856491,
        "var": 18.5613632202
    },
    "melbands_flatness_db": {
        "mean": 0.211615130305,
        "var": 0.00373450433835
    },
    "melbands_kurtosis": {
        "mean": 12.2053461075,
        "var": 200.65574646
    },
    "melbands_skewness": {
        "mean": 2.84701538086,
        "var": 2.27044963837
    },
    "melbands_spread": {
        "mean": 23.6468582153,
        "var": 172.093475342
    },
    "pitch_salience": {
        "mean": 0.476687282324,
        "var": 0.0130260894075
    },
    "silence_rate_20dB": {
        "mean": 1,
        "var": 0
    },
    "silence_rate_30dB": {
        "mean": 0.995880544186,
        "var": 0.00410262029618
    },
    "silence_rate_60dB": {
        "mean": 0.00154479919001,
        "var": 0.00154241069686
    },
    "spectral_centroid": {
        "mean": 1381.56896973,
        "var": 178393.5625
    },
    "spectral_complexity": {
        "mean": 22.2090625763,
        "var": 55.1076622009
    },
    "spectral_decrease": {
        "mean": -1.03002291141e-008,
        "var": 2.67837111878e-017
    },
    "spectral_energy": {
        "mean": 0.0413188710809,
        "var": 0.000411271263147
    },
    "spectral_energyband_high": {
        "mean": 0.000847063900437,
        "var": 1.11728104457e-006
    },
    "spectral_energyband_low": {
        "mean": 0.0227421112359,
        "var": 0.000290864903945
    },
    "spectral_energyband_middle_high": {
        "mean": 0.00967658590525,
        "var": 9.42830010899e-005
    },
    "spectral_energyband_middle_low": {
        "mean": 0.00986394938082,
        "var": 5.01057074871e-005
    },
    "spectral_entropy": {
        "mean": 7.63903951645,
        "var": 0.130709290504
    },
    "spectral_flux": {
        "mean": 0.0977973639965,
        "var": 0.00110522552859
    },
    "spectral_kurtosis": {
        "mean": 4.90353155136,
        "var": 8.8649559021
    },
    "spectral_rms": {
        "mean": 0.00616682460532,
        "var": 2.28141516345e-006
    },
    "spectral_rolloff": {
        "mean": 1243.33349609,
        "var": 809531.4375
    },
    "spectral_skewness": {
        "mean": 1.63315880299,
        "var": 0.13566686213
    },
    "spectral_spread": {
        "mean": 4670819.5,
        "var": 4.19439679898e+012
    },
    "spectral_strongpeak": {
        "mean": 0.888583958149,
        "var": 1.94966733456
    },
    "zerocrossingrate": {
        "mean": 0.0546216256917,
        "var": 0.000741762050893
    },
    "barkbands": {
        "mean": [0.000522893853486, 0.0159225426614, 0.00454766908661, 0.00303484336473, 0.00226686289534, 0.00162499537691, 0.000616268836893, 0.000511424499564, 0.00161832710728, 0.00261316914111, 0.00141150015406, 0.000320060586091, 0.00058169249678, 0.00122707977425, 0.000798721564934, 0.00128152698744, 0.000715634669177, 0.00023293805134, 0.000491672661155, 0.000209839941817, 0.000118565447337, 0.000138522009365, 0.000160592724569, 0.000153330969624, 0.000140401898534, 5.49651413166e-005, 2.92886693387e-006],
        "var": [4.25464406817e-007, 0.000245234405156, 2.07609045901e-005, 1.74905508175e-005, 5.62750392419e-006, 4.70783697892e-006, 4.9405430218e-006, 2.4421794933e-006, 4.24832660428e-006, 5.27327283635e-005, 4.06394747188e-006, 1.107982186e-007, 5.30714828528e-007, 1.74416584287e-006, 1.08871699922e-006, 3.15786473948e-006, 6.78695016632e-007, 7.521077805e-008, 6.25271695753e-007, 7.11955934207e-008, 1.92057765247e-008, 3.44983845935e-008, 5.82362069679e-008, 5.24427967719e-008, 4.69464964681e-008, 1.0658825822e-008, 3.5246756902e-011]
    },
    "erbbands": {
        "mean": [0.345417886972, 3.88808989525, 6.09988927841, 8.72856330872, 6.85029220581, 9.82411575317, 9.79670333862, 13.6786880493, 7.73787212372, 13.0214414597, 15.2810840607, 34.2503242493, 45.7409324646, 99.5913009644, 40.4778175354, 15.7578544617, 31.8788719177, 39.6003379822, 53.0298080444, 67.4440765381, 68.9191894531, 35.2438774109, 14.295009613, 21.9898796082, 20.717458725, 9.16049003601, 5.07597208023, 4.7183470726, 4.68987703323, 5.40997505188, 4.29411172867, 3.22185564041, 2.60457444191, 1.80089867115, 0.864377737045, 0.307164490223, 0.0891417860985, 0.013595062308, 0.000366296240827, 6.03412372584e-005],
        "var": [0.102016724646, 16.1061515808, 28.5951385498, 81.6670684814, 84.4992675781, 122.22706604, 158.493743896, 322.148132324, 1205.89160156, 1417.22595215, 952.420532227, 1937.63769531, 6829.72851563, 66024.3828125, 2110.14990234, 174.237670898, 1420.25109863, 1714.81347656, 2734.68823242, 8431.44921875, 11359.4013672, 2206.28930664, 210.165527344, 1060.23718262, 817.897033691, 114.680885315, 30.5772075653, 33.8545265198, 38.8874282837, 61.2330093384, 42.7646903992, 22.865819931, 15.859629631, 7.51649522781, 1.99079084396, 0.29253256321, 0.0338501185179, 0.000687083404046, 4.6317717306e-007, 1.18850429498e-009]
    },
    "gfcc": {
        "mean": [32.3344192505, 96.9693450928, -117.765113831, 36.867931366, -34.3807220459, 31.0295791626, -35.359992981, 16.941028595, -19.6359195709, 1.32722043991, -18.198387146, -1.22933101654, -6.28481817245],
        "cov": [[3168.8034668, -1193.22644043, 227.660720825, 78.703742981, -478.100494385, 110.817985535, -254.192230225, 98.8101882935, -209.57409668, 74.1395721436, -261.841339111, 128.484237671, -101.048477173], [-1193.22644043, 1230.73376465, -397.565917969, -8.70880413055, 351.805633545, -198.61315918, 192.755050659, -119.549293518, 117.253509521, -82.630531311, 252.066177368, -102.335693359, 129.714263916], [227.660720825, -397.565917969, 519.465454102, 27.7655086517, -119.436393738, 128.24382019, -120.237831116, 20.0961723328, -42.0928993225, 43.4993400574, -109.318000793, 18.7189674377, -106.050941467], [78.703742981, -8.70880413055, 27.7655086517, 187.305953979, -19.2263965607, 15.072640419, -31.2693843842, -69.2168884277, -6.47130155563, -11.8773908615, 25.64112854, -29.2171020508, -6.11165332794], [-478.100494385, 351.805633545, -119.436393738, -19.2263965607, 290.823394775, -8.91897583008, 119.879272461, 12.4809455872, 24.8364944458, -48.2388534546, 44.8134689331, -34.1217765808, 39.7731552124], [110.817985535, -198.61315918, 128.24382019, 15.072640419, -8.91897583008, 150.572814941, 10.0800361633, 36.239780426, -2.21489453316, -0.00780707458034, -51.9203681946, 6.54659605026, -32.669593811], [-254.192230225, 192.755050659, -120.237831116, -31.2693843842, 119.879272461, 10.0800361633, 157.983322144, 54.3442459106, 29.2311172485, -36.0738067627, 22.8007392883, -8.87411022186, 34.8134536743], [98.8101882935, -119.549293518, 20.0961723328, -69.2168884277, 12.4809455872, 36.239780426, 54.3442459106, 124.646308899, 26.1831569672, 10.8941459656, -52.0440177917, 15.9367179871, -10.3422107697], [-209.57409668, 117.253509521, -42.0928993225, -6.47130155563, 24.8364944458, -2.21489453316, 29.2311172485, 26.1831569672, 109.995742798, 41.488735199, 33.3030204773, -21.5421981812, 4.85734653473], [74.1395721436, -82.630531311, 43.4993400574, -11.8773908615, -48.2388534546, -0.00780707458034, -36.0738067627, 10.8941459656, 41.488735199, 92.9246520996, 28.6788444519, 8.3327627182, -20.9683990479], [-261.841339111, 252.066177368, -109.318000793, 25.64112854, 44.8134689331, -51.9203681946, 22.8007392883, -52.0440177917, 33.3030204773, 28.6788444519, 147.133880615, 4.60064125061, 39.6305770874], [128.484237671, -102.335693359, 18.7189674377, -29.2171020508, -34.1217765808, 6.54659605026, -8.87411022186, 15.9367179871, -21.5421981812, 8.3327627182, 4.60064125061, 73.3042907715, 28.2412242889], [-101.048477173, 129.714263916, -106.050941467, -6.11165332794, 39.7731552124, -32.669593811, 34.8134536743, -10.3422107697, 4.85734653473, -20.9683990479, 39.6305770874, 28.2412242889, 83.3161773682]],
        "icov": [[0.000725228572264, -0.000214124069316, 0.000673567468766, -0.000998338800855, 0.000660479592625, -0.000432588509284, 0.000781786162406, -0.00130031222943, 0.00170883024111, -0.00140029075556, 0.00122943136375, -0.000951752299443, 0.000309854163788], [-0.000214124069316, 0.00591169390827, -0.0015989812091, 0.00332781346515, -0.00280604045838, 0.00445152632892, -0.00346078560688, 0.0051677338779, -0.00582543574274, 0.00672857882455, -0.0069031463936, 0.00617449218407, -0.00285846600309], [0.000673567468766, -0.0015989812091, 0.00504930596799, -0.00227215886116, 0.000800685549621, -0.00369340274483, 0.00360031425953, -0.0024389193859, 0.00332220061682, -0.00389404245652, 0.00410320516676, -0.00443743821234, 0.00430789217353], [-0.000998338800855, 0.00332781346515, -0.00227215886116, 0.010853394866, -0.00120678590611, 0.000743194774259, -0.00231368164532, 0.00767666520551, -0.00544552505016, 0.00694515975192, -0.0069034351036, 0.00794041529298, -0.00304310233332], [0.000660479592625, -0.00280604045838, 0.000800685549621, -0.00120678590611, 0.0077528487891, -0.00273067015223, -0.00110866012983, -0.0033551112283, 0.00397011451423, -0.00206891563721, 0.00205465289764, 0.000111308159831, -0.000391794543248], [-0.000432588509284, 0.00445152632892, -0.00369340274483, 0.000743194774259, -0.00273067015223, 0.0141026750207, -0.0060748886317, 0.00381716736592, -0.00617669383064, 0.00549915805459, -0.00298348558135, 0.00174119346775, 0.000316756690154], [0.000781786162406, -0.00346078560688, 0.00360031425953, -0.00231368164532, -0.00110866012983, -0.0060748886317, 0.0193033032119, -0.0129760662094, 0.00363663677126, 0.00130727060605, -5.12091401106e-006, -0.00193680869415, -4.19486514147e-006], [-0.00130031222943, 0.0051677338779, -0.0024389193859, 0.00767666520551, -0.0033551112283, 0.00381716736592, -0.0129760662094, 0.0265401955694, -0.0121387848631, 0.0029480503872, 0.00150493730325, -0.000244463852141, 0.000467607984319], [0.00170883024111, -0.00582543574274, 0.00332220061682, -0.00544552505016, 0.00397011451423, -0.00617669383064, 0.00363663677126, -0.0121387848631, 0.0254545360804, -0.0176746230572, 0.0062888674438, 0.0010656818049, -0.0016570527805], [-0.00140029075556, 0.00672857882455, -0.00389404245652, 0.00694515975192, -0.00206891563721, 0.00549915805459, 0.00130727060605, 0.0029480503872, -0.0176746230572, 0.0333328694105, -0.0180998835713, 0.00476426677778, 0.00275648431852], [0.00122943136375, -0.0069031463936, 0.00410320516676, -0.0069034351036, 0.00205465289764, -0.00298348558135, -5.12091401106e-006, 0.00150493730325, 0.0062888674438, -0.0180998835713, 0.0258184093982, -0.013296068646, 0.00229733833112], [-0.000951752299443, 0.00617449218407, -0.00443743821234, 0.00794041529298, 0.000111308159831, 0.00174119346775, -0.00193680869415, -0.000244463852141, 0.0010656818049, 0.00476426677778, -0.013296068646, 0.035922601819, -0.0191397070885], [0.000309854163788, -0.00285846600309, 0.00430789217353, -0.00304310233332, -0.000391794543248, 0.000316756690154, -4.19486514147e-006, 0.000467607984319, -0.0016570527805, 0.00275648431852, 0.00229733833112, -0.0191397070885, 0.0286450609565]]
    },
    "melbands": {
        "mean": [0.00394637975842, 0.00412013521418, 0.00146627298091, 0.000561665743589, 0.000382466387236, 0.000305315072183, 0.000117196374049, 0.000131708235131, 0.000160470503033, 0.000209323945455, 0.000240102119278, 0.000426997226896, 0.00018142144836, 2.49747536145e-005, 7.2899958468e-005, 5.33427337359e-005, 8.17951950012e-005, 9.94543952402e-005, 6.57804193906e-005, 8.45492904773e-005, 8.5102437879e-005, 3.89994966099e-005, 1.6837630028e-005, 1.2180921658e-005, 1.84268956218e-005, 1.90928039956e-005, 1.15558259495e-005, 4.7436415116e-006, 3.25271457768e-006, 2.51217261393e-006, 2.80453900814e-006, 2.55665986515e-006, 2.8198965083e-006, 3.09697270495e-006, 2.50223956755e-006, 2.20478432311e-006, 1.863628313e-006, 1.82222834155e-006, 1.71599742771e-006, 1.4640623931e-006],
        "var": [1.39624698932e-005, 1.2856925423e-005, 2.37399740399e-006, 3.41360561151e-007, 1.87986103128e-007, 1.59921953014e-007, 2.36448968849e-007, 1.62886649946e-007, 7.96844048523e-008, 6.81932377233e-008, 2.22909861236e-007, 1.30528007958e-006, 4.88997855541e-008, 7.26379734139e-010, 5.62184521158e-009, 3.48840090147e-009, 7.82713360792e-009, 1.18720437925e-008, 6.98736180027e-009, 1.11861737651e-008, 2.21830802616e-008, 2.84482548629e-009, 4.7895293287e-010, 2.38230962735e-010, 8.77969419388e-010, 9.23904952543e-010, 3.11450948365e-010, 3.00588373636e-011, 1.30009605512e-011, 1.00064531314e-011, 1.35875182633e-011, 1.2218105e-011, 1.53723249408e-011, 2.16064666159e-011, 1.51857536962e-011, 1.16662157365e-011, 7.74048967284e-012, 8.06236240963e-012, 7.04697498272e-012, 5.14724287498e-012]
    },
    "mfcc": {
        "mean": [-610.565185547, 126.000473022, -8.86716651917, 19.6941261292, 24.6929740906, 14.4930887222, 6.80323553085, 11.5476388931, 7.6832242012, 10.6606664658, -0.241171747446, -6.893658638, 1.25729525089],
        "cov": [[2478.94970703, -1056.09301758, 339.039245605, -103.33454895, -171.742721558, -89.427154541, -105.635162354, -78.4044570923, -10.639796257, -70.7593612671, -94.7076339722, -86.5466384888, -73.9439239502], [-1056.09301758, 1080.26086426, -480.027618408, 153.808547974, 69.6300582886, -11.9692220688, 95.7674865723, 30.9355792999, -24.6312274933, 46.2210121155, 12.068561554, 25.9625701904, 76.1604614258], [339.039245605, -480.027618408, 580.987548828, -87.9084014893, 11.0611505508, 40.851650238, -84.2687988281, -45.003742218, -4.58425092697, -52.7302246094, 25.8823795319, 36.160282135, -41.1001167297], [-103.33454895, 153.808547974, -87.9084014893, 150.641571045, 24.4293651581, 17.1031246185, 23.0164375305, -16.5904197693, -38.7640190125, -5.53220081329, -14.792673111, -3.10734844208, 22.9760551453], [-171.742721558, 69.6300582886, 11.0611505508, 24.4293651581, 121.303741455, 49.3701629639, 20.6632347107, 7.14495897293, -0.00487230205908, 9.66136074066, 10.3908824921, -0.448050498962, 9.09186458588], [-89.427154541, -11.9692220688, 40.851650238, 17.1031246185, 49.3701629639, 99.5563049316, 24.4484539032, 7.04867076874, -5.20595502853, -3.56024003029, 10.3381948471, 6.50534534454, -4.15693235397], [-105.635162354, 95.7674865723, -84.2687988281, 23.0164375305, 20.6632347107, 24.4484539032, 109.370368958, 61.592830658, 10.4809541702, 6.80317831039, -12.1448574066, -20.2789020538, -1.18011462688], [-78.4044570923, 30.9355792999, -45.003742218, -16.5904197693, 7.14495897293, 7.04867076874, 61.592830658, 114.788520813, 68.3932266235, 10.0683069229, -3.71242308617, -13.7344226837, -24.2999515533], [-10.639796257, -24.6312274933, -4.58425092697, -38.7640190125, -0.00487230205908, -5.20595502853, 10.4809541702, 68.3932266235, 114.857902527, 35.1726379395, 9.20494937897, 1.17117655277, -30.970872879], [-70.7593612671, 46.2210121155, -52.7302246094, -5.53220081329, 9.66136074066, -3.56024003029, 6.80317831039, 10.0683069229, 35.1726379395, 77.1609344482, 40.6648445129, 12.1436805725, 3.80608940125], [-94.7076339722, 12.068561554, 25.8823795319, -14.792673111, 10.3908824921, 10.3381948471, -12.1448574066, -3.71242308617, 9.20494937897, 40.6648445129, 86.4549102783, 44.0166931152, -0.77995711565], [-86.5466384888, 25.9625701904, 36.160282135, -3.10734844208, -0.448050498962, 6.50534534454, -20.2789020538, -13.7344226837, 1.17117655277, 12.1436805725, 44.0166931152, 73.1328430176, 19.5782566071], [-73.9439239502, 76.1604614258, -41.1001167297, 22.9760551453, 9.09186458588, -4.15693235397, -1.18011462688, -24.2999515533, -30.970872879, 3.80608940125, -0.77995711565, 19.5782566071, 77.4907608032]],
        "icov": [[0.000835451181047, 0.000864854024258, 0.000112117057142, -0.000291793665383, 0.000460079754703, 0.000571636483073, -0.000182476302143, 0.000505929230712, -8.92953758012e-005, -2.68968069577e-005, 0.000445111625595, 0.000317230209475, 0.000115708025987], [0.000864854024258, 0.0027478071861, 0.00152117025573, -0.00114178087097, -0.000694783986546, 0.00124440866057, -0.000758452631999, 0.000420393771492, 7.36727379262e-005, 0.00032577230013, 0.000159561110195, -0.00110554054845, -0.000167098318343], [0.000112117057142, 0.00152117025573, 0.00374517869204, 0.000687554245815, -0.00134897395037, -0.000634849769995, 0.000892641139217, 0.000773630395997, -0.000290619616862, 0.00262201577425, -0.000895849254448, -0.00195192568935, 0.0010140798986], [-0.000291793665383, -0.00114178087097, 0.000687554245815, 0.00934747979045, -0.00107663462404, -0.00163920794148, -0.000853134144563, 0.000968542182818, 0.00226526823826, -0.00028108258266, 0.00180460256524, -0.000852185708936, -8.13673032098e-005], [0.000460079754703, -0.000694783986546, -0.00134897395037, -0.00107663462404, 0.0121543873101, -0.00518245715648, -0.000320718856528, 0.000124264654005, -0.000888165843207, -0.00139161129482, -0.00100241310429, 0.00328530999832, -0.00207111379132], [0.000571636483073, 0.00124440866057, -0.000634849769995, -0.00163920794148, -0.00518245715648, 0.0151727255434, -0.00424329796806, 0.00100133765955, 0.000326284352923, 0.00148300442379, -0.00112592615187, -0.00191257195547, 0.0016725481255], [-0.000182476302143, -0.000758452631999, 0.000892641139217, -0.000853134144563, -0.000320718856528, -0.00424329796806, 0.0187783706933, -0.0123958466575, 0.0057138944976, -0.00330292293802, 0.00191394018475, 0.00229827710427, -0.00060895725619], [0.000505929230712, 0.000420393771492, 0.000773630395997, 0.000968542182818, 0.000124264654005, 0.00100133765955, -0.0123958466575, 0.024209773168, -0.0141456928104, 0.00631686439738, -0.00266301468946, 0.0015760443639, 0.00124603579752], [-8.92953758012e-005, 7.36727379262e-005, -0.000290619616862, 0.00226526823826, -0.000888165843207, 0.000326284352923, 0.0057138944976, -0.0141456928104, 0.0218474846333, -0.0113524738699, 0.005962069612, -0.00446150731295, 0.00526607921347], [-2.68968069577e-005, 0.00032577230013, 0.00262201577425, -0.00028108258266, -0.00139161129482, 0.00148300442379, -0.00330292293802, 0.00631686439738, -0.0113524738699, 0.0266159791499, -0.014612948522, 0.00423832470551, -0.00376087473705], [0.000445111625595, 0.000159561110195, -0.000895849254448, 0.00180460256524, -0.00100241310429, -0.00112592615187, 0.00191394018475, -0.00266301468946, 0.005962069612, -0.014612948522, 0.0263628438115, -0.0138612193987, 0.00537701463327], [0.000317230209475, -0.00110554054845, -0.00195192568935, -0.000852185708936, 0.00328530999832, -0.00191257195547, 0.00229827710427, 0.0015760443639, -0.00446150731295, 0.00423832470551, -0.0138612193987, 0.0263861399144, -0.00814952328801], [0.000115708025987, -0.000167098318343, 0.0010140798986, -8.13673032098e-005, -0.00207111379132, 0.0016725481255, -0.00060895725619, 0.00124603579752, 0.00526607921347, -0.00376087473705, 0.00537701463327, -0.00814952328801, 0.0188581198454]]
    },
    "spectral_contrast_coeffs": {
        "mean": [-0.666656255722, -0.721267282963, -0.710286855698, -0.750064611435, -0.762311816216, -0.793478369713],
        "var": [0.00343862781301, 0.00417133746669, 0.00553747219965, 0.00216530519538, 0.00192149810027, 0.000750888546463]
    },
    "spectral_contrast_valleys": {
        "mean": [-6.62630844116, -6.91818237305, -7.29239654541, -7.14484357834, -7.40660381317, -9.76896286011],
        "var": [0.399922907352, 0.627149343491, 0.47635152936, 0.443922311068, 0.598888874054, 1.15299344063]
    }
},
"metadata": {
    "audio_properties": {
        "analysis_sample_rate": 44100,
        "bit_rate": 128074,
        "equal_loudness": 0,
        "length": 45.0612258911,
        "lossless": 0,
        "replay_gain": -5.8403263092,
        "sample_rate": 44100,
        "codec": "mp3",
        "downmix": "mix",
        "md5_encoded": "da18f771b6e23298a3fa80f0b9429155"
    },
    "tags": {
        "file_name": "1655.mp3"
    },
    "version": {
        "essentia": "2.1-beta2",
        "essentia_git_sha": "v2.1_beta2",
        "extractor": "music 1.0"
    }
},
"rhythm": {
    "beats_count": 96,
    "beats_loudness": {
        "mean": 0.0444628857076,
        "var": 0.00034728294122
    },
    "bpm": 129.85975647,
    "bpm_histogram_first_peak_bpm": {
        "mean": 129,
        "var": 0
    },
    "bpm_histogram_first_peak_spread": {
        "mean": 0.263736277819,
        "var": 0
    },
    "bpm_histogram_first_peak_weight": {
        "mean": 0.705263137817,
        "var": 0
    },
    "bpm_histogram_second_peak_bpm": {
        "mean": 120,
        "var": 0
    },
    "bpm_histogram_second_peak_spread": {
        "mean": 0.5,
        "var": 0
    },
    "bpm_histogram_second_peak_weight": {
        "mean": 0.0210526324809,
        "var": 0
    },
    "danceability": 1.3032926321,
    "onset_rate": 5.61205291748,
    "beats_loudness_band_ratio": {
        "mean": [0.55663383007, 0.10229152441, 0.0721898749471, 0.118426419795, 0.107361763716, 0.0607527904212],
        "var": [0.0441295206547, 0.00610857782885, 0.00562046142295, 0.0142505867407, 0.00536641292274, 0.00279966555536]
    },
    "beats_position": [0.476009070873, 0.96362811327, 1.43963718414, 1.92725622654, 2.42648530006, 2.92571425438, 3.40172338486, 3.85451245308, 4.31891155243, 4.78331041336, 5.24770975113, 5.71210861206, 6.17650794983, 6.64090681076, 7.10530614853, 7.56970500946, 8.0224943161, 8.47528362274, 8.93968200684, 9.4040813446, 9.86848068237, 10.3328800201, 10.7972784042, 11.261677742, 11.7144670486, 12.1788663864, 12.6316547394, 13.0960540771, 13.5604534149, 14.0248527527, 14.4892511368, 14.9420404434, 15.3948297501, 15.8592290878, 16.3236274719, 16.7880268097, 17.2524261475, 17.7168254852, 18.181224823, 18.6456241608, 19.0984115601, 19.5512008667, 20.0156002045, 20.4799995422, 20.94439888, 21.4087982178, 21.8731975555, 22.3375968933, 22.8019943237, 23.2547836304, 23.7191829681, 24.1719722748, 24.6363716125, 25.1007709503, 25.5651702881, 26.0295696259, 26.4939670563, 26.958366394, 27.4227657318, 27.8755550385, 28.3283443451, 28.7927436829, 29.2571430206, 29.7215423584, 30.1743297577, 30.6387290955, 31.0915184021, 31.5559177399, 32.0203170776, 32.4847145081, 32.9491157532, 33.4135131836, 33.8779144287, 34.3423118591, 34.7951011658, 35.2478904724, 35.7122879028, 36.1766891479, 36.6410865784, 37.1054878235, 37.5698852539, 38.034286499, 38.4986839294, 38.9514732361, 39.4042625427, 39.8686599731, 40.3330612183, 40.7974586487, 41.2618598938, 41.7262573242, 42.1906585693, 42.6434440613, 43.0962333679, 43.560634613, 44.0250320435, 44.5010414124]
},
"tonal": {
    "chords_changes_rate": 0.0555555559695,
    "chords_number_rate": 0.0102880662307,
    "chords_strength": {
        "mean": 0.482600718737,
        "var": 0.00963174458593
    },
    "hpcp_entropy": {
        "mean": 1.99368453026,
        "var": 0.36378711462
    },
    "key_strength": 0.70952039957,
    "tuning_diatonic_strength": 0.584390640259,
    "tuning_equal_tempered_deviation": 0.254577547312,
    "tuning_frequency": 434.193115234,
    "tuning_nontempered_energy_ratio": 0.975356400013,
    "hpcp": {
        "mean": [0.175414457917, 0.18100631237, 0.089535176754, 0.0711732804775, 0.0756480544806, 0.0622007735074, 0.177444964647, 0.285008341074, 0.186242580414, 0.0779548883438, 0.0556743964553, 0.0704885572195, 0.137070909142, 0.171252816916, 0.15326872468, 0.182298183441, 0.199138715863, 0.162171810865, 0.153221562505, 0.140026852489, 0.119059361517, 0.224939256907, 0.277803838253, 0.206385120749, 0.177092254162, 0.105034209788, 0.0389415547252, 0.0650589689612, 0.10589633882, 0.0810833573341, 0.0362126529217, 0.0239465050399, 0.0280886720866, 0.0885700955987, 0.128285095096, 0.115439832211],
        "var": [0.0875317379832, 0.101125143468, 0.0338071025908, 0.0270986948162, 0.0301764979959, 0.0178865380585, 0.0450175330043, 0.0801655575633, 0.0525609254837, 0.0329779982567, 0.0217806659639, 0.0285007748753, 0.0685796961188, 0.089334025979, 0.0653687044978, 0.0828622505069, 0.102973163128, 0.0766840577126, 0.0675022229552, 0.0614979378879, 0.0450398847461, 0.0787504315376, 0.0983408093452, 0.0649267956614, 0.0806051492691, 0.039944883436, 0.0161748751998, 0.0145364599302, 0.0281938388944, 0.0244529917836, 0.00720460806042, 0.00400160998106, 0.00464889034629, 0.0176181532443, 0.0420769266784, 0.0398306399584]
    },
    "chords_histogram": [9.46502017975, 7.51028823853, 58.9506187439, 2.05761313438, 7.71604919434, 0, 0, 1.23456788063, 0, 0, 0, 0, 0, 0, 1.13168728352, 5.24691343307, 0, 1.23456788063, 0, 0, 0, 4.83539104462, 0.617283940315, 0],
    "thpcp": [1, 0.653463602066, 0.273517906666, 0.19534304738, 0.247321039438, 0.48093649745, 0.600869476795, 0.537769258022, 0.639623999596, 0.698711872101, 0.569007217884, 0.537603795528, 0.491307914257, 0.417739927769, 0.789237439632, 0.97472178936, 0.724137127399, 0.621358156204, 0.36853030324, 0.136633038521, 0.22827039659, 0.371555238962, 0.284494668245, 0.12705822289, 0.0840203687549, 0.0985538586974, 0.310763180256, 0.450109958649, 0.405040174723, 0.615471303463, 0.635091304779, 0.314149320126, 0.249723494053, 0.265424013138, 0.218241944909, 0.622595667839],
    "chords_key": "E",
    "chords_scale": "major",
    "key_key": "A",
    "key_scale": "major"
}
}