{
"lowlevel": {
    "average_loudness": 0.374987214804,
    "barkbands_crest": {
        "mean": 11.2732429504,
        "var": 14.9924554825
    },
    "barkbands_flatness_db": {
        "mean": 0.234682872891,
        "var": 0.00272349431179
    },
    "barkbands_kurtosis": {
        "mean": 7.25382661819,
        "var": 72.7999801636
    },
    "barkbands_skewness": {
        "mean": 1.94680917263,
        "var": 1.17633461952
    },
    "barkbands_spread": {
        "mean": 9.5428276062,
        "var": 33.0281715393
    },
    "dissonance": {
        "mean": 0.431802272797,
        "var": 0.00155830546282
    },
    "dynamic_complexity": 4.48522472382,
    "erbbands_crest": {
        "mean": 10.4831724167,
        "var": 17.4903354645
    },
    "erbbands_flatness_db": {
        "mean": 0.253831684589,
        "var": 0.000976061448455
    },
    "erbbands_kurtosis": {
        "mean": 1.43133604527,
        "var": 6.38075876236
    },
    "erbbands_skewness": {
        "mean": 1.03879487514,
        "var": 0.523245334625
    },
    "erbbands_spread": {
        "mean": 24.5642547607,
        "var": 95.3993225098
    },
    "hfc": {
        "mean": 8.73087787628,
        "var": 313.19543457
    },
    "melbands_crest": {
        "mean": 14.4616394043,
        "var": 30.1348419189
    },
    "melbands_flatness_db": {
        "mean": 0.28484493494,
        "var": 0.00560965714976
    },
    "melbands_kurtosis": {
        "mean": 12.906124115,
        "var": 222.611663818
    },
    "melbands_skewness": {
        "mean": 2.3736615181,
        "var": 1.68708741665
    },
    "melbands_spread": {
        "mean": 11.6191272736,
        "var": 68.5171661377
    },
    "pitch_salience": {
        "mean": 0.571835577488,
        "var": 0.0161621905863
    },
    "silence_rate_20dB": {
        "mean": 1,
        "var": 0
    },
    "silence_rate_30dB": {
        "mean": 0.989186406136,
        "var": 0.0106963673607
    },
    "silence_rate_60dB": {
        "mean": 0.215756952763,
        "var": 0.169206157327
    },
    "spectral_centroid": {
        "mean": 814.907653809,
        "var": 242749.453125
    },
    "spectral_complexity": {
        "mean": 10.0020599365,
        "var": 40.2480659485
    },
    "spectral_decrease": {
        "mean": -3.39513439584e-009,
        "var": 3.15656323828e-017
    },
    "spectral_energy": {
        "mean": 0.0136059233919,
        "var": 0.000513390696142
    },
    "spectral_energyband_high": {
        "mean": 0.000124460711959,
        "var": 1.83028546985e-007
    },
    "spectral_energyband_low": {
        "mean": 0.00156692264136,
        "var": 8.16472220322e-006
    },
    "spectral_energyband_middle_high": {
        "mean": 0.00246637035161,
        "var": 3.31398805429e-005
    },
    "spectral_energyband_middle_low": {
        "mean": 0.00992022734135,
        "var": 0.000375946721761
    },
    "spectral_entropy": {
        "mean": 6.73123502731,
        "var": 0.205800816417
    },
    "spectral_flux": {
        "mean": 0.0516099669039,
        "var": 0.00271480344236
    },
    "spectral_kurtosis": {
        "mean": 10.4863882065,
        "var": 100.809066772
    },
    "spectral_rms": {
        "mean": 0.0030590093229,
        "var": 3.91654339182e-006
    },
    "spectral_rolloff": {
        "mean": 819.868896484,
        "var": 470040.09375
    },
    "spectral_skewness": {
        "mean": 1.99871325493,
        "var": 0.884650826454
    },
    "spectral_spread": {
        "mean": 2580668.75,
        "var": 1.23803703706e+012
    },
    "spectral_strongpeak": {
        "mean": 0.90029078722,
        "var": 1.58664178848
    },
    "zerocrossingrate": {
        "mean": 0.0327037796378,
        "var": 0.000345429813024
    },
    "barkbands": {
        "mean": [2.27983832701e-006, 0.000385315302992, 0.000961964251474, 0.000335320102749, 0.00182409828994, 0.00221558543853, 0.00175116269384, 0.00174115214031, 0.00161073368508, 0.000631737464573, 0.000516849511769, 0.000402580277296, 0.000432451604865, 0.000137620372698, 5.84479384997e-005, 6.32200826658e-005, 6.62242237013e-005, 0.000123586913105, 0.000174380387762, 7.29517123546e-005, 5.06601718371e-005, 3.91822286474e-005, 4.8695364967e-006, 2.73118325822e-006, 7.71757981965e-007, 5.75630814126e-008, 8.6582403469e-009],
        "var": [3.01036306993e-010, 6.80407367781e-007, 4.12309555031e-006, 3.39950929629e-007, 5.85116185903e-006, 4.58794893348e-005, 6.31437724223e-005, 1.52284637807e-005, 9.03246182133e-005, 5.11372945766e-006, 1.77750359853e-006, 5.07629965796e-006, 6.31780949334e-006, 1.53946984938e-007, 2.15066542353e-008, 1.73871335107e-008, 2.07556141163e-008, 6.66852457698e-008, 4.39749157977e-007, 5.57975532445e-008, 4.62006539692e-008, 1.51614667487e-008, 4.12962664065e-010, 7.04161798315e-011, 1.54886034553e-011, 2.21926670834e-013, 7.16683182527e-014]
    },
    "erbbands": {
        "mean": [0.00311005138792, 0.127655759454, 0.97709184885, 1.22478365898, 1.28781688213, 7.12426328659, 13.4002132416, 22.4917583466, 31.1416854858, 24.2765617371, 34.3024787903, 40.7153892517, 30.0137081146, 10.785033226, 24.8231735229, 15.9371480942, 21.5574188232, 9.36863708496, 3.9400677681, 3.26876831055, 3.76351356506, 3.89802074432, 6.5659031868, 9.77812957764, 6.07087993622, 3.32682681084, 2.25451469421, 1.77058374882, 1.34355986118, 0.797111690044, 0.125690951943, 0.0690378770232, 0.0358942300081, 0.0124473562464, 0.00313451094553, 0.000504597323015, 8.004377014e-005, 2.37490858126e-005, 8.00909128884e-006, 1.5804416762e-005],
        "var": [2.704351391e-005, 0.0787332579494, 5.12772035599, 2.94467878342, 4.33170223236, 100.166618347, 527.851074219, 6485.17724609, 20995.4042969, 2936.89575195, 7279.44970703, 55968.8554688, 13981.4082031, 1076.49304199, 3140.97338867, 10194.4990234, 13514.8144531, 993.733154297, 112.049301147, 55.8521652222, 53.4569587708, 64.8944549561, 160.005615234, 1336.12780762, 365.036407471, 126.163314819, 99.3636245728, 44.0375671387, 19.4785079956, 7.52714729309, 0.268965691328, 0.047281678766, 0.0141457011923, 0.00382650643587, 0.000306543108309, 8.90093815542e-006, 6.68048642183e-007, 2.15745473042e-007, 9.25278464958e-010, 7.10044967267e-010]
    },
    "gfcc": {
        "mean": [-133.15637207, 173.24520874, -155.958892822, 25.6524028778, -64.1248474121, -22.3093662262, -24.8795642853, -12.1831245422, -14.4764299393, -12.7168874741, -2.98611354828, -11.0409269333, 1.30841457844],
        "cov": [[6075.38134766, -1705.55847168, -1071.69360352, 24.0632572174, -1413.26196289, 261.785430908, -8.97878837585, 20.4193840027, -146.687744141, -55.383014679, 148.310714722, 4.24908161163, -169.033798218], [-1705.55847168, 1121.2989502, 624.115966797, -23.317905426, 660.90045166, -191.316589355, 61.9852523804, -22.3377590179, 107.224060059, -17.5664672852, -113.786361694, -44.2476234436, 91.0526733398], [-1071.69360352, 624.115966797, 905.056030273, 87.1031341553, 314.361602783, 9.7792596817, 6.85036325455, -2.07718586922, 45.3075332642, 5.6179766655, -59.9064369202, -40.523979187, 79.7886199951], [24.0632572174, -23.317905426, 87.1031341553, 284.765136719, 82.1358642578, 53.8795967102, 27.7543773651, -4.69255018234, 36.1845626831, 35.2172813416, 13.3393259048, -1.24142122269, 4.97116279602], [-1413.26196289, 660.90045166, 314.361602783, 82.1358642578, 681.655883789, -73.5789413452, 62.7613945007, 27.6705875397, 87.289604187, 27.5234336853, -57.936416626, -8.47523593903, 39.3016395569], [261.785430908, -191.316589355, 9.7792596817, 53.8795967102, -73.5789413452, 234.547637939, 50.3356742859, 51.6496505737, -0.0583702363074, -0.919795572758, 50.6569633484, 7.65546607971, -31.005815506], [-8.97878837585, 61.9852523804, 6.85036325455, 27.7543773651, 62.7613945007, 50.3356742859, 158.018814087, 41.6501922607, 28.9354114532, 7.19594764709, -5.54031276703, 2.30978751183, -4.80977201462], [20.4193840027, -22.3377590179, -2.07718586922, -4.69255018234, 27.6705875397, 51.6496505737, 41.6501922607, 121.164619446, 37.0780029297, 6.97834205627, 7.73652553558, 13.4874887466, 6.84551334381], [-146.687744141, 107.224060059, 45.3075332642, 36.1845626831, 87.289604187, -0.0583702363074, 28.9354114532, 37.0780029297, 95.8700637817, 26.2558498383, -7.84252309799, -3.40965771675, 7.86617946625], [-55.383014679, -17.5664672852, 5.6179766655, 35.2172813416, 27.5234336853, -0.919795572758, 7.19594764709, 6.97834205627, 26.2558498383, 81.9511489868, 12.2232446671, -0.750547468662, 8.39262199402], [148.310714722, -113.786361694, -59.9064369202, 13.3393259048, -57.936416626, 50.6569633484, -5.54031276703, 7.73652553558, -7.84252309799, 12.2232446671, 80.147064209, 29.0439853668, -11.669303894], [4.24908161163, -44.2476234436, -40.523979187, -1.24142122269, -8.47523593903, 7.65546607971, 2.30978751183, 13.4874887466, -3.40965771675, -0.750547468662, 29.0439853668, 69.5564117432, 16.2909870148], [-169.033798218, 91.0526733398, 79.7886199951, 4.97116279602, 39.3016395569, -31.005815506, -4.80977201462, 6.84551334381, 7.86617946625, 8.39262199402, -11.669303894, 16.2909870148, 67.9709472656]],
        "icov": [[0.000387613894418, 8.3221377281e-005, 0.000183278913028, -0.000288740731776, 0.000687966123223, 1.36848902912e-005, -0.000194826163352, -0.000189844300621, -3.14082572004e-005, 0.000184439442819, 2.42453916144e-006, 0.000208246870898, 0.000203581526875], [8.3221377281e-005, 0.00621196301654, -0.00257274950854, 0.00229913229123, -0.00406112987548, 0.00302854413167, -0.00236085406505, 0.00256406748667, -0.00383365782909, 0.00362756662071, -0.000982484314591, 0.00212145131081, -0.00263953674585], [0.000183278913028, -0.00257274950854, 0.00283559132367, -0.00130404450465, 0.00141111691482, -0.00209892797284, 0.00122603576165, -0.000774278421886, 0.00141185789835, -0.00108680711128, 0.000877458194736, 0.000398402335122, -0.000913713476621], [-0.000288740731776, 0.00229913229123, -0.00130404450465, 0.0054612737149, -0.00253508752212, -0.000203704228625, -0.00101441703737, 0.00259003904648, -0.0027404918801, -6.96278148098e-005, -0.000835860904772, 0.00065165333217, -0.001600252348], [0.000687966123223, -0.00406112987548, 0.00141111691482, -0.00253508752212, 0.00628131814301, -0.00106767029501, 0.000501572852954, -0.00244880863465, 0.0014382628724, -0.00232054898515, 0.00139706756454, -0.00165429781191, 0.00259961094707], [1.36848902912e-005, 0.00302854413167, -0.00209892797284, -0.000203704228625, -0.00106767029501, 0.00866659451276, -0.00300799519755, -0.00176954839844, -0.000855162390508, 0.00251281820238, -0.00428657513112, 0.0014350975398, 0.00170070212334], [-0.000194826163352, -0.00236085406505, 0.00122603576165, -0.00101441703737, 0.000501572852954, -0.00300799519755, 0.00890762358904, -0.00239806319587, 0.000403240206651, -0.00169288215693, 0.00225881836377, -0.00151010672562, 0.00143482431304], [-0.000189844300621, 0.00256406748667, -0.000774278421886, 0.00259003904648, -0.00244880863465, -0.00176954839844, -0.00239806319587, 0.013025444001, -0.00604339921847, 0.00156691891607, -0.000155380999786, -0.000728532613721, -0.00340635352768], [-3.14082572004e-005, -0.00383365782909, 0.00141185789835, -0.0027404918801, 0.0014382628724, -0.000855162390508, 0.000403240206651, -0.00604339921847, 0.0174556802958, -0.00579344527796, 0.00139701680746, -0.000511164835189, 0.00207353034057], [0.000184439442819, 0.00362756662071, -0.00108680711128, -6.96278148098e-005, -0.00232054898515, 0.00251281820238, -0.00169288215693, 0.00156691891607, -0.00579344527796, 0.017010897398, -0.00457096332684, 0.00359685136937, -0.00398622546345], [2.42453916144e-006, -0.000982484314591, 0.000877458194736, -0.000835860904772, 0.00139706756454, -0.00428657513112, 0.00225881836377, -0.000155380999786, 0.00139701680746, -0.00457096332684, 0.0203808862716, -0.00891367625445, 0.00380369066261], [0.000208246870898, 0.00212145131081, 0.000398402335122, 0.00065165333217, -0.00165429781191, 0.0014350975398, -0.00151010672562, -0.000728532613721, -0.000511164835189, 0.00359685136937, -0.00891367625445, 0.0214745700359, -0.00832382123917], [0.000203581526875, -0.00263953674585, -0.000913713476621, -0.001600252348, 0.00259961094707, 0.00170070212334, 0.00143482431304, -0.00340635352768, 0.00207353034057, -0.00398622546345, 0.00380369066261, -0.00832382123917, 0.0225614625961]]
    },
    "melbands": {
        "mean": [6.44601095701e-005, 0.000398726464482, 0.000208601908525, 0.000251117919106, 0.000491333834361, 0.000502582930494, 0.000422823155532, 0.000292878132313, 0.000273514830042, 0.000253428617725, 0.000144151737913, 3.78294862458e-005, 7.86781165516e-005, 4.62570278614e-005, 4.94937012263e-005, 3.93407099182e-005, 1.51964486577e-005, 6.85595068717e-006, 3.90772947867e-006, 4.58266913483e-006, 4.23720484832e-006, 3.71728037862e-006, 5.57799512535e-006, 5.92624883211e-006, 8.49640582601e-006, 5.27090242031e-006, 3.35809068019e-006, 1.8426068209e-006, 1.36717551413e-006, 1.3127649936e-006, 9.13628184662e-007, 7.22324273283e-007, 8.02629756436e-007, 2.68768275191e-007, 6.56897398699e-008, 3.3987372916e-008, 4.79327688652e-008, 2.93210344893e-008, 1.5732926073e-008, 7.84813103394e-009],
        "var": [1.53530379521e-008, 7.94173331542e-007, 8.0405172298e-008, 1.30570867896e-007, 5.32359422323e-007, 3.20228991768e-006, 3.74577098228e-006, 4.37517996943e-007, 5.3439794101e-007, 2.75607658295e-006, 3.33811499331e-007, 1.61356101813e-008, 3.69268349232e-008, 2.87687278444e-008, 9.52328775838e-008, 5.75346348342e-008, 2.14092632511e-009, 4.80353756771e-010, 8.10383704586e-011, 9.71424260476e-011, 8.14119605064e-011, 7.58661675149e-011, 1.48949783063e-010, 1.46872472517e-010, 1.22632781707e-009, 3.21342313869e-010, 1.08110922992e-010, 4.65104274538e-011, 3.70853625586e-011, 3.26578972198e-011, 1.14968867759e-011, 6.83217154726e-012, 5.69571386583e-012, 1.18755753929e-012, 1.0742240566e-013, 2.22917912834e-014, 2.33613482563e-014, 9.65897250149e-015, 6.16419926441e-015, 1.86866521944e-015]
    },
    "mfcc": {
        "mean": [-754.483215332, 180.539840698, -23.9862632751, 31.7307415009, -14.9211940765, -8.82602882385, -7.48403787613, -6.55776596069, -5.35535478592, -11.5288858414, -1.10995495319, -1.71231150627, -3.08835864067],
        "cov": [[5627.41015625, -1501.31262207, -783.017211914, -157.017807007, -1383.30187988, 8.1193447113, -206.718521118, 97.6621017456, -361.17855835, -88.0204849243, 211.314727783, -126.714263916, -39.3627471924], [-1501.31262207, 990.788146973, 307.383972168, 105.654968262, 487.451904297, -35.7866249084, 62.0854568481, -30.246219635, 204.318603516, 29.1848621368, -111.913169861, 44.446434021, 12.9784526825], [-783.017211914, 307.383972168, 695.499206543, 19.4304885864, 214.102264404, 53.5558013916, 50.6986198425, 1.30060529709, 85.3703536987, 44.1828079224, -114.639961243, 15.8094806671, 67.0798873901], [-157.017807007, 105.654968262, 19.4304885864, 296.406738281, 121.989570618, 65.4307479858, 15.2434692383, -25.5664234161, 65.4903182983, 33.2331771851, -29.4942340851, 14.2339687347, 27.430141449], [-1383.30187988, 487.451904297, 214.102264404, 121.989570618, 565.610778809, 33.9799613953, 70.4521636963, 8.92048072815, 126.466758728, 61.019493103, -42.3376998901, 52.9533424377, 5.8295378685], [8.1193447113, -35.7866249084, 53.5558013916, 65.4307479858, 33.9799613953, 158.582290649, 52.0173187256, 21.9215717316, 12.1926689148, 23.7095623016, 23.1716995239, 14.3894710541, 20.5184059143], [-206.718521118, 62.0854568481, 50.6986198425, 15.2434692383, 70.4521636963, 52.0173187256, 144.633407593, 51.6177024841, 45.9191246033, 11.3815174103, 9.28764247894, 29.0679512024, 32.3548049927], [97.6621017456, -30.246219635, 1.30060529709, -25.5664234161, 8.92048072815, 21.9215717316, 51.6177024841, 135.803924561, 26.3026561737, 8.00867176056, 30.7253341675, 7.60122394562, 20.9668560028], [-361.17855835, 204.318603516, 85.3703536987, 65.4903182983, 126.466758728, 12.1926689148, 45.9191246033, 26.3026561737, 171.110305786, 48.5332069397, -34.7304344177, 42.7244033813, 48.510974884], [-88.0204849243, 29.1848621368, 44.1828079224, 33.2331771851, 61.019493103, 23.7095623016, 11.3815174103, 8.00867176056, 48.5332069397, 103.193374634, 5.48981618881, 6.40511655807, 12.4811296463], [211.314727783, -111.913169861, -114.639961243, -29.4942340851, -42.3376998901, 23.1716995239, 9.28764247894, 30.7253341675, -34.7304344177, 5.48981618881, 123.723243713, 10.7372655869, -36.0774879456], [-126.714263916, 44.446434021, 15.8094806671, 14.2339687347, 52.9533424377, 14.3894710541, 29.0679512024, 7.60122394562, 42.7244033813, 6.40511655807, 10.7372655869, 85.9519271851, 40.4005699158], [-39.3627471924, 12.9784526825, 67.0798873901, 27.430141449, 5.8295378685, 20.5184059143, 32.3548049927, 20.9668560028, 48.510974884, 12.4811296463, -36.0774879456, 40.4005699158, 112.892562866]],
        "icov": [[0.000574265781324, 0.000142509001307, 0.000169267543242, -0.000341284641763, 0.00125280802604, -0.000180278148036, 0.00038322142791, -0.000682135054376, 0.000275211699773, -0.000333546136972, -2.93787143164e-005, -0.000179454684258, 0.000124573998619], [0.000142509001307, 0.00247319927439, -0.000386920961319, -5.81874337513e-005, -0.00130304985214, 0.00081286317436, -0.000268103933195, 0.000594511220697, -0.0019957460463, 0.000985983177088, 0.000477768131532, 0.00024189054966, 0.000710077409167], [0.000169267543242, -0.000386920961319, 0.00223287031986, 0.000554543395992, -1.74093202077e-005, -0.00114700046834, 4.58023605461e-005, -0.000284835346974, 0.000352612230927, -0.000778686313424, 0.00176954397466, 0.000129100357299, -0.000654984207358], [-0.000341284641763, -5.81874337513e-005, 0.000554543395992, 0.00493899034336, -0.00164498295635, -0.00214309571311, 0.000258848303929, 0.00172059214674, -0.00154434842989, -5.85125562793e-005, 0.000840090331621, 0.000840682652779, -0.000923445972148], [0.00125280802604, -0.00130304985214, -1.74093202077e-005, -0.00164498295635, 0.00658867554739, -0.000680536672007, 0.000224694842473, -0.00220498186536, 0.00103085441515, -0.00220110965893, 0.000307889247779, -0.00228183669969, 0.00184061366599], [-0.000180278148036, 0.00081286317436, -0.00114700046834, -0.00214309571311, -0.000680536672007, 0.00933611113578, -0.0028666309081, 0.000142882869113, 0.00051229307428, -0.000667080574203, -0.00240399269387, 0.00016096951731, -0.000792970648035], [0.00038322142791, -0.000268103933195, 4.58023605461e-005, 0.000258848303929, 0.000224694842473, -0.0028666309081, 0.0104167535901, -0.00322505226359, -0.000932110939175, 0.000631711678579, -0.000732739572413, -0.0011229661759, -0.00130430411082], [-0.000682135054376, 0.000594511220697, -0.000284835346974, 0.00172059214674, -0.00220498186536, 0.000142882869113, -0.00322505226359, 0.0111470902339, -0.00291521777399, 0.00126373989042, -0.00334237189963, 0.00288939778693, -0.00260227639228], [0.000275211699773, -0.0019957460463, 0.000352612230927, -0.00154434842989, 0.00103085441515, 0.00051229307428, -0.000932110939175, -0.00291521777399, 0.0123327709734, -0.00475410418585, 0.00230811256915, -0.00388131244108, -0.00149395421613], [-0.000333546136972, 0.000985983177088, -0.000778686313424, -5.85125562793e-005, -0.00220110965893, -0.000667080574203, 0.000631711678579, 0.00126373989042, -0.00475410418585, 0.013125685975, -0.00273016258143, 0.00254931394011, -0.00112666073255], [-2.93787143164e-005, 0.000477768131532, 0.00176954397466, 0.000840090331621, 0.000307889247779, -0.00240399269387, -0.000732739572413, -0.00334237189963, 0.00230811256915, -0.00273016258143, 0.0148506229743, -0.00561660574749, 0.00599694205448], [-0.000179454684258, 0.00024189054966, 0.000129100357299, 0.000840682652779, -0.00228183669969, 0.00016096951731, -0.0011229661759, 0.00288939778693, -0.00388131244108, 0.00254931394011, -0.00561660574749, 0.0185767561197, -0.00755451852456], [0.000124573998619, 0.000710077409167, -0.000654984207358, -0.000923445972148, 0.00184061366599, -0.000792970648035, -0.00130430411082, -0.00260227639228, -0.00149395421613, -0.00112666073255, 0.00599694205448, -0.00755451852456, 0.0157260466367]]
    },
    "spectral_contrast_coeffs": {
        "mean": [-0.588972806931, -0.694879233837, -0.716114342213, -0.750871002674, -0.745093524456, -0.686193883419],
        "var": [0.0071433824487, 0.00582470651716, 0.00705324159935, 0.0045324889943, 0.00466237496585, 0.00336026283912]
    },
    "spectral_contrast_valleys": {
        "mean": [-8.40308189392, -7.12699985504, -8.34422492981, -9.0017490387, -9.18994808197, -13.1738328934],
        "var": [0.702585875988, 0.849325716496, 0.831191241741, 0.859517514706, 1.26516163349, 1.12075805664]
    }
},
"metadata": {
    "audio_properties": {
        "analysis_sample_rate": 44100,
        "bit_rate": 128074,
        "equal_loudness": 0,
        "length": 45.0612258911,
        "lossless": 0,
        "replay_gain": -6.3839969635,
        "sample_rate": 44100,
        "codec": "mp3",
        "downmix": "mix",
        "md5_encoded": "8980485b7193ddea6575319bcf983e8d"
    },
    "tags": {
        "file_name": "1656.mp3"
    },
    "version": {
        "essentia": "2.1-beta2",
        "essentia_git_sha": "v2.1_beta2",
        "extractor": "music 1.0"
    }
},
"rhythm": {
    "beats_count": 101,
    "beats_loudness": {
        "mean": 0.0185368377715,
        "var": 0.000527554075234
    },
    "bpm": 135.994049072,
    "bpm_histogram_first_peak_bpm": {
        "mean": 136,
        "var": 0
    },
    "bpm_histogram_first_peak_spread": {
        "mean": 0.358695656061,
        "var": 0
    },
    "bpm_histogram_first_peak_weight": {
        "mean": 0.589999973774,
        "var": 0
    },
    "bpm_histogram_second_peak_bpm": {
        "mean": 144,
        "var": 0
    },
    "bpm_histogram_second_peak_spread": {
        "mean": 0.199999973178,
        "var": 0
    },
    "bpm_histogram_second_peak_weight": {
        "mean": 0.0399999991059,
        "var": 0
    },
    "danceability": 1.01811504364,
    "onset_rate": 5.07968425751,
    "beats_loudness_band_ratio": {
        "mean": [0.169462129474, 0.44010668993, 0.340719521046, 0.0843315124512, 0.0345435813069, 0.0112279029563],
        "var": [0.0269873440266, 0.0395826436579, 0.0349233001471, 0.00733719486743, 0.00198323721997, 0.000201418020879]
    },
    "beats_position": [0.441179126501, 0.882358253002, 1.3235373497, 1.764716506, 2.20589566231, 2.65868473053, 3.09986400604, 3.54104304314, 3.99383211136, 4.43501138687, 4.87619018555, 5.31736946106, 5.73532867432, 6.17650794983, 6.62929677963, 7.08208608627, 7.53487491608, 7.99927425385, 8.45206356049, 8.90485286713, 9.33442115784, 9.76399040222, 10.2051696777, 10.6463489532, 11.0875282288, 11.5403175354, 11.9814968109, 12.4226751328, 12.8638544083, 13.3050336838, 13.722992897, 14.1525621414, 14.5705213547, 15.0117006302, 15.4180498123, 15.8476190567, 16.2771873474, 16.7183666229, 17.1479358673, 17.5775051117, 18.0186843872, 18.4598636627, 18.9010429382, 19.3190021515, 19.760181427, 20.2129707336, 20.6541500092, 21.0837192535, 21.5132884979, 21.9544658661, 22.3840351105, 22.825214386, 23.2663936615, 23.6959629059, 24.1371421814, 24.5783214569, 25.0078907013, 25.4490699768, 25.8902492523, 26.3314285278, 26.7726078033, 27.2137870789, 27.6549663544, 28.0961437225, 28.5257129669, 28.9668922424, 29.3964614868, 29.8376407623, 30.2788200378, 30.7199993134, 31.1611785889, 31.6023578644, 32.0435371399, 32.4963264465, 32.9491157532, 33.3902931213, 33.8314743042, 34.2726516724, 34.7022209167, 35.1317901611, 35.572971344, 36.0141487122, 36.455329895, 36.908115387, 37.3492965698, 37.8020858765, 38.2432632446, 38.6960525513, 39.1488418579, 39.5900230408, 40.0312004089, 40.4723815918, 40.91355896, 41.3547401428, 41.795917511, 42.2370948792, 42.678276062, 43.1310653687, 43.5838546753, 44.0482521057, 44.5126533508]
},
"tonal": {
    "chords_changes_rate": 0.0967078208923,
    "chords_number_rate": 0.0123456791043,
    "chords_strength": {
        "mean": 0.443811386824,
        "var": 0.00783684104681
    },
    "hpcp_entropy": {
        "mean": 1.57561576366,
        "var": 0.664387226105
    },
    "key_strength": 0.756717503071,
    "tuning_diatonic_strength": 0.592358708382,
    "tuning_equal_tempered_deviation": 0.209066286683,
    "tuning_frequency": 448.467559814,
    "tuning_nontempered_energy_ratio": 0.909496903419,
    "hpcp": {
        "mean": [0.0967109501362, 0.0366578474641, 0.0235625579953, 0.0242189727724, 0.0673410519958, 0.143032431602, 0.117635190487, 0.117122970521, 0.355256974697, 0.411802351475, 0.165375933051, 0.036330550909, 0.0520627126098, 0.112166330218, 0.166912645102, 0.145869940519, 0.113387264311, 0.0831323117018, 0.0411745086312, 0.0731003433466, 0.163125738502, 0.157937720418, 0.0961023196578, 0.112125687301, 0.111407577991, 0.0756658166647, 0.0621021836996, 0.0455995164812, 0.0794834643602, 0.210430964828, 0.201312080026, 0.164561107755, 0.202188298106, 0.123444460332, 0.0723313167691, 0.114274166524],
        "var": [0.0519184693694, 0.00908635836095, 0.006766426377, 0.00782729312778, 0.0166730880737, 0.0648056939244, 0.0447003692389, 0.0322342477739, 0.133348509669, 0.17719604075, 0.0477229468524, 0.0101619204506, 0.0188423134387, 0.0492273792624, 0.0677571296692, 0.0473800823092, 0.0391362756491, 0.0261643622071, 0.0126817114651, 0.0196766946465, 0.0659063234925, 0.0605709142983, 0.0279923193157, 0.0466469228268, 0.0521141476929, 0.0228303149343, 0.0175871606916, 0.00992158707231, 0.016798319295, 0.0931692272425, 0.068421587348, 0.0533891506493, 0.110641926527, 0.0429262071848, 0.0234860200435, 0.0597706027329]
    },
    "chords_histogram": [22.5308647156, 10.1851854324, 2.36625504494, 1.85185182095, 0, 0, 0, 3.39506173134, 0.617283940315, 0.617283940315, 41.563785553, 2.46913576126, 4.93827152252, 1.74897122383, 0.102880656719, 3.18930029869, 0, 1.54320991039, 2.16049385071, 0, 0, 0, 0, 0.720164597034],
    "thpcp": [1, 0.401590555906, 0.0882232710719, 0.126426458359, 0.272379040718, 0.405322223902, 0.354223191738, 0.275343894958, 0.201874300838, 0.0999860912561, 0.177513182163, 0.396126300097, 0.383527964354, 0.233370006084, 0.272280335426, 0.270536512136, 0.183743044734, 0.150805801153, 0.110731557012, 0.193013623357, 0.510999917984, 0.488856077194, 0.399611860514, 0.490983843803, 0.299766272306, 0.175645709038, 0.27749761939, 0.234847977757, 0.0890180617571, 0.0572181232274, 0.0588121302426, 0.163527607918, 0.347332715988, 0.285659343004, 0.284415483475, 0.862688064575],
    "chords_key": "B",
    "chords_scale": "major",
    "key_key": "C",
    "key_scale": "major"
}
}