{
"lowlevel": {
    "average_loudness": 0.961627066135,
    "barkbands_crest": {
        "mean": 9.58969688416,
        "var": 22.5381145477
    },
    "barkbands_flatness_db": {
        "mean": 0.120942644775,
        "var": 0.00326070352457
    },
    "barkbands_kurtosis": {
        "mean": 1.58012366295,
        "var": 48.2126617432
    },
    "barkbands_skewness": {
        "mean": 1.03855800629,
        "var": 1.08649981022
    },
    "barkbands_spread": {
        "mean": 30.4538726807,
        "var": 207.903182983
    },
    "dissonance": {
        "mean": 0.472611665726,
        "var": 0.000431139022112
    },
    "dynamic_complexity": 2.00342011452,
    "erbbands_crest": {
        "mean": 9.8140707016,
        "var": 27.2677764893
    },
    "erbbands_flatness_db": {
        "mean": 0.160961583257,
        "var": 0.00300723337568
    },
    "erbbands_kurtosis": {
        "mean": -0.104189306498,
        "var": 2.71136307716
    },
    "erbbands_skewness": {
        "mean": -0.0214650053531,
        "var": 0.598711073399
    },
    "erbbands_spread": {
        "mean": 39.4976730347,
        "var": 262.584350586
    },
    "hfc": {
        "mean": 28.2087211609,
        "var": 336.00793457
    },
    "melbands_crest": {
        "mean": 13.5387248993,
        "var": 29.4473075867
    },
    "melbands_flatness_db": {
        "mean": 0.182546392083,
        "var": 0.00472720479593
    },
    "melbands_kurtosis": {
        "mean": 8.26951122284,
        "var": 231.719985962
    },
    "melbands_skewness": {
        "mean": 2.17174768448,
        "var": 2.18079805374
    },
    "melbands_spread": {
        "mean": 33.2052001953,
        "var": 338.6456604
    },
    "pitch_salience": {
        "mean": 0.508033275604,
        "var": 0.0136109692976
    },
    "silence_rate_20dB": {
        "mean": 1,
        "var": 0
    },
    "silence_rate_30dB": {
        "mean": 0.997425317764,
        "var": 0.00256806262769
    },
    "silence_rate_60dB": {
        "mean": 0.0144181260839,
        "var": 0.0142102558166
    },
    "spectral_centroid": {
        "mean": 1842.4432373,
        "var": 377748.71875
    },
    "spectral_complexity": {
        "mean": 21.1704425812,
        "var": 62.2680587769
    },
    "spectral_decrease": {
        "mean": -6.53441212251e-009,
        "var": 2.15678047213e-017
    },
    "spectral_energy": {
        "mean": 0.0272209830582,
        "var": 0.000321033061482
    },
    "spectral_energyband_high": {
        "mean": 0.00118179887068,
        "var": 2.51097003456e-006
    },
    "spectral_energyband_low": {
        "mean": 0.00993859674782,
        "var": 0.000266201474005
    },
    "spectral_energyband_middle_high": {
        "mean": 0.00607601273805,
        "var": 1.9895593141e-005
    },
    "spectral_energyband_middle_low": {
        "mean": 0.011068363674,
        "var": 5.65789778193e-005
    },
    "spectral_entropy": {
        "mean": 7.54158973694,
        "var": 0.161096647382
    },
    "spectral_flux": {
        "mean": 0.0857972279191,
        "var": 0.00177195202559
    },
    "spectral_kurtosis": {
        "mean": 4.93008756638,
        "var": 8.14780139923
    },
    "spectral_rms": {
        "mean": 0.00489982170984,
        "var": 2.54882252193e-006
    },
    "spectral_rolloff": {
        "mean": 2315.46386719,
        "var": 2531989.75
    },
    "spectral_skewness": {
        "mean": 1.45954203606,
        "var": 0.159763604403
    },
    "spectral_spread": {
        "mean": 4553014.5,
        "var": 4.06590927667e+012
    },
    "spectral_strongpeak": {
        "mean": 1.45631241798,
        "var": 4.19643306732
    },
    "zerocrossingrate": {
        "mean": 0.0820088759065,
        "var": 0.00165279232897
    },
    "barkbands": {
        "mean": [0.000562286528293, 0.00609451858327, 0.00264715426601, 0.00128698942717, 0.00137144897599, 0.00146030657925, 0.000898219528608, 0.00085799547378, 0.00425987038761, 0.00115756306332, 0.000346298271324, 0.000312438438414, 0.000303228705889, 0.000195339729544, 0.000610583694652, 0.000897681049537, 0.0011366289109, 0.000413967616623, 0.000653046590742, 0.000651058799122, 0.000261513923761, 0.00033560700831, 0.000102018711914, 0.000120292279462, 0.000137710172567, 0.00013208661403, 1.51413132699e-005],
        "var": [6.5230783548e-006, 0.000170362647623, 1.28233859868e-005, 3.11530880026e-006, 2.32845150094e-006, 2.8099480005e-006, 1.71450301423e-006, 2.91231958727e-006, 3.6432466004e-005, 1.15823149827e-005, 3.90950702922e-007, 3.98470035634e-007, 2.20770502324e-007, 4.99511436658e-008, 1.13297869575e-006, 1.85833289379e-006, 1.39505766583e-006, 2.30049963079e-007, 7.02755698967e-007, 1.67513746874e-006, 1.75332786512e-007, 4.4725854309e-007, 3.06560643537e-008, 3.28055698162e-008, 5.56623795944e-008, 4.88976006352e-008, 1.39307410052e-009]
    },
    "erbbands": {
        "mean": [0.17448361218, 1.35227251053, 3.0970788002, 4.00269985199, 3.95247173309, 5.09369516373, 6.76815891266, 13.3178625107, 11.0267763138, 18.5479888916, 30.655960083, 95.2464370728, 74.0963821411, 14.0334873199, 14.3966884613, 12.967089653, 15.2038316727, 10.4141607285, 13.0020685196, 47.9123497009, 61.3131866455, 49.4397392273, 34.6907958984, 34.1342201233, 35.1304626465, 26.3494873047, 9.11627483368, 11.8480787277, 12.4943418503, 6.14348506927, 2.89621901512, 3.31700539589, 1.19715094566, 1.22788202763, 1.08866620064, 0.751419603825, 0.212309554219, 0.0421682931483, 0.00154813693371, 6.79585282342e-005],
        "var": [0.234734609723, 6.76269388199, 18.8883132935, 25.176153183, 31.4428844452, 35.115562439, 67.5931625366, 247.332336426, 230.838272095, 746.070068359, 2218.97705078, 17903.0546875, 26323.9648438, 575.424438477, 551.688842773, 526.332763672, 513.819519043, 191.658721924, 153.95513916, 6282.85986328, 8852.13378906, 2171.82519531, 1233.61425781, 1738.10668945, 3479.8515625, 2088.89453125, 161.084976196, 440.976409912, 588.059265137, 125.874694824, 20.4531612396, 34.5638656616, 3.46163582802, 4.94148635864, 3.58701682091, 1.52852988243, 0.136176630855, 0.00600127968937, 1.19736650959e-005, 4.5601029619e-009]
    },
    "gfcc": {
        "mean": [19.886428833, 73.3289794922, -121.754905701, 31.4243526459, -48.138961792, -2.23633742332, -33.3185920715, 24.315700531, -20.4569320679, 2.2573120594, -30.3490905762, -0.217905268073, -15.3687496185],
        "cov": [[3846.77856445, -1319.92651367, 565.46295166, -63.7407722473, -408.904205322, 306.399261475, -411.604522705, -77.74634552, -201.907455444, 171.484481812, -182.947998047, 284.806121826, -192.858688354], [-1319.92651367, 1968.07214355, -653.381469727, 56.4988288879, 410.874176025, -218.775939941, 327.60824585, -43.0713996887, 232.161712646, -92.5292663574, 344.211791992, -94.5155334473, 240.859527588], [565.46295166, -653.381469727, 922.880981445, 146.722259521, -72.5734405518, 310.060974121, -115.00793457, -18.7440052032, -59.2101097107, 78.5395050049, -135.59463501, 136.830444336, -136.381347656], [-63.7407722473, 56.4988288879, 146.722259521, 396.969573975, 86.3483352661, -0.529476344585, 52.6603393555, -34.4942016602, 48.1208953857, -26.3345184326, 41.7952842712, 20.6371974945, 22.0728683472], [-408.904205322, 410.874176025, -72.5734405518, 86.3483352661, 257.721069336, -6.02393341064, 143.59336853, 76.9937744141, 82.595741272, -8.54371833801, 81.9478988647, -38.7984275818, 64.4955062866], [306.399261475, -218.775939941, 310.060974121, -0.529476344585, -6.02393341064, 318.85256958, 103.197685242, 67.0177001953, 53.6530914307, 27.0099620819, -81.5772171021, 13.6509885788, -91.8525085449], [-411.604522705, 327.60824585, -115.00793457, 52.6603393555, 143.59336853, 103.197685242, 353.853881836, 113.880699158, 141.601852417, -24.8382644653, -2.1178548336, -98.280418396, 18.3890647888], [-77.74634552, -43.0713996887, -18.7440052032, -34.4942016602, 76.9937744141, 67.0177001953, 113.880699158, 214.952804565, 20.4374637604, -1.74468159676, -25.6513595581, -96.5164794922, 6.7315568924], [-201.907455444, 232.161712646, -59.2101097107, 48.1208953857, 82.595741272, 53.6530914307, 141.601852417, 20.4374637604, 154.720077515, 9.35787296295, 51.2259788513, -3.19841694832, 7.0524892807], [171.484481812, -92.5292663574, 78.5395050049, -26.3345184326, -8.54371833801, 27.0099620819, -24.8382644653, -1.74468159676, 9.35787296295, 94.4976425171, 23.6731681824, 50.0427894592, -23.7947273254], [-182.947998047, 344.211791992, -135.59463501, 41.7952842712, 81.9478988647, -81.5772171021, -2.1178548336, -25.6513595581, 51.2259788513, 23.6731681824, 182.177001953, 45.9636573792, 64.4216918945], [284.806121826, -94.5155334473, 136.830444336, 20.6371974945, -38.7984275818, 13.6509885788, -98.280418396, -96.5164794922, -3.19841694832, 50.0427894592, 45.9636573792, 209.384765625, -2.59752488136], [-192.858688354, 240.859527588, -136.381347656, 22.0728683472, 64.4955062866, -91.8525085449, 18.3890647888, 6.7315568924, 7.0524892807, -23.7947273254, 64.4216918945, -2.59752488136, 136.044906616]],
        "icov": [[0.000455945148133, 5.38714521099e-005, 0.000294943747576, -0.00027781011886, 0.000334352167556, -0.000738453818485, 0.000462683703518, -0.000165919787833, 0.000337035424309, -0.000638571102172, 0.000260458909906, -0.000410833570641, -8.00321358838e-005], [5.38714521099e-005, 0.00183560641017, 0.000149528030306, 0.000777235836722, -0.0017286404036, 8.71042429935e-005, -0.00110075564589, 0.00183630140964, -0.000455747474916, 0.00139224715531, -0.00237757060677, 0.00075698987348, -0.000805983843748], [0.000294943747576, 0.000149528030306, 0.00347245368175, -0.00181821756996, -0.000667232612614, -0.00366548798047, 0.0018181699561, 3.98412521463e-005, 0.00150648423005, -0.0021977557335, 0.00182720820885, -0.00128728942946, 0.000170898943907], [-0.00027781011886, 0.000777235836722, -0.00181821756996, 0.00438296515495, -0.001676212647, 0.00201795110479, -0.00176953175105, 0.0017380034551, -0.00138856749982, 0.00308941560797, -0.00233616121113, 0.000763335090596, -0.000260272820015], [0.000334352167556, -0.0017286404036, -0.000667232612614, -0.001676212647, 0.00946674402803, 0.000170281142346, -0.000648977758829, -0.003901849268, -0.0004391829425, -0.00143645971548, -0.000447637343314, -0.000571289507207, -0.000982090015896], [-0.000738453818485, 8.71042429935e-005, -0.00366548798047, 0.00201795110479, 0.000170281142346, 0.0101166814566, -0.00372681883164, -0.00140687718522, -0.00335688260384, 0.00240428512916, -0.000149526546011, -0.000344174506608, 0.00277880742215], [0.000462683703518, -0.00110075564589, 0.0018181699561, -0.00176953175105, -0.000648977758829, -0.00372681883164, 0.00912554934621, -0.0024900615681, -0.00411478383467, -0.00162941438612, 0.00413899356499, 0.000528502918314, -0.000625872926321], [-0.000165919787833, 0.00183630140964, 3.98412521463e-005, 0.0017380034551, -0.003901849268, -0.00140687718522, -0.0024900615681, 0.00998145993799, 0.000907159876078, -0.000130288652144, -0.00208099745214, 0.00413528317586, -0.00199116766453], [0.000337035424309, -0.000455747474916, 0.00150648423005, -0.00138856749982, -0.0004391829425, -0.00335688260384, -0.00411478383467, 0.000907159876078, 0.0145108914003, -0.00250538391992, -0.00246250233613, -0.00150890101213, 0.00142005574889], [-0.000638571102172, 0.00139224715531, -0.0021977557335, 0.00308941560797, -0.00143645971548, 0.00240428512916, -0.00162941438612, -0.000130288652144, -0.00250538391992, 0.0177570842206, -0.00603536469862, -0.0015450961655, 0.00252048601396], [0.000260458909906, -0.00237757060677, 0.00182720820885, -0.00233616121113, -0.000447637343314, -0.000149526546011, 0.00413899356499, -0.00208099745214, -0.00246250233613, -0.00603536469862, 0.0149281006306, -0.00337321078405, -0.00161719415337], [-0.000410833570641, 0.00075698987348, -0.00128728942946, 0.000763335090596, -0.000571289507207, -0.000344174506608, 0.000528502918314, 0.00413528317586, -0.00150890101213, -0.0015450961655, -0.00337321078405, 0.00957529246807, -0.00198639696464], [-8.00321358838e-005, -0.000805983843748, 0.000170898943907, -0.000260272820015, -0.000982090015896, 0.00277880742215, -0.000625872926321, -0.00199116766453, 0.00142005574889, 0.00252048601396, -0.00161719415337, -0.00198639696464, 0.0124975061044]]
    },
    "melbands": {
        "mean": [0.00165903801098, 0.0017429778818, 0.000711987318937, 0.000302515079966, 0.000247759016929, 0.000295391480904, 0.000175330758793, 0.00019407972286, 0.000339455989888, 0.000597411533818, 0.000352708681021, 4.62841926492e-005, 5.12179940415e-005, 3.58382276318e-005, 3.76284806407e-005, 2.65301405307e-005, 1.78019599844e-005, 1.66952322616e-005, 4.62933494418e-005, 5.93097320234e-005, 7.79593246989e-005, 4.68531252409e-005, 5.6262837461e-005, 1.91969702428e-005, 2.85786481982e-005, 2.53586986219e-005, 2.98191207548e-005, 1.30701828311e-005, 4.06000162911e-006, 7.18037563274e-006, 6.94946629665e-006, 7.60940292821e-006, 5.54421103516e-006, 2.60628939941e-006, 1.56469479862e-006, 2.37891526922e-006, 1.59796718435e-006, 7.98245309852e-007, 7.41523024317e-007, 1.12935788366e-006],
        "var": [1.6187210349e-005, 6.26660994385e-006, 7.23175901385e-007, 1.25031164089e-007, 7.86041169931e-008, 1.17740043493e-007, 5.62072024479e-008, 9.08665214183e-008, 2.5733925213e-007, 6.85690622504e-007, 6.52626169995e-007, 8.30385182837e-009, 7.35416172404e-009, 6.14323836245e-009, 3.93800281273e-009, 1.22373633449e-009, 5.79380154964e-010, 2.91104834682e-010, 5.91829962815e-009, 6.57773169266e-009, 1.54002410824e-008, 2.02042937936e-009, 5.2622812774e-009, 4.74245864801e-010, 1.49054546483e-009, 1.03817432429e-009, 4.52049864208e-009, 6.16411255372e-010, 3.95841831535e-011, 1.82625095602e-010, 1.84376416912e-010, 2.48423087656e-010, 1.38783151638e-010, 2.26243607182e-011, 7.68564205333e-012, 1.94522002672e-011, 7.55690909154e-012, 1.79822118567e-012, 1.46255750566e-012, 4.87694043136e-012]
    },
    "mfcc": {
        "mean": [-628.288818359, 112.94581604, -17.0577030182, 36.693069458, 3.24242591858, -8.84307003021, -6.59399843216, 9.74516201019, 11.3807935715, 6.18246126175, 1.65327703953, -1.98148870468, -2.88933634758],
        "cov": [[3131.20263672, -840.055664063, 436.556915283, -367.353424072, -82.1064529419, 111.397148132, -185.58821106, -101.552757263, -194.845581055, -222.760513306, -96.8829879761, -40.9081039429, 89.6380615234], [-840.055664063, 1534.61975098, -646.094787598, 123.308395386, 4.63837146759, -47.3029518127, 117.16129303, 38.8582725525, 0.137275502086, 51.3925666809, 7.16452693939, 61.13904953, 160.671768188], [436.556915283, -646.094787598, 873.414245605, -82.8093032837, 108.068756104, 239.217269897, -39.5025749207, 44.9829826355, 20.1127471924, -100.178619385, 57.1338310242, -11.8156404495, -16.4862575531], [-367.353424072, 123.308395386, -82.8093032837, 433.207977295, 84.8400497437, 12.5722064972, 27.6953239441, 23.9018039703, -9.78022766113, 35.8725128174, 4.69970178604, 18.6561489105, -36.3568687439], [-82.1064529419, 4.63837146759, 108.068756104, 84.8400497437, 194.819549561, -8.96526145935, 37.0633049011, -3.33152890205, -10.1395530701, 8.00077533722, -0.0817320048809, 12.0109024048, -10.2233715057], [111.397148132, -47.3029518127, 239.217269897, 12.5722064972, -8.96526145935, 279.572967529, -25.1290874481, 103.699615479, 29.340631485, -28.2208766937, 78.1331939697, 24.8393478394, 65.4070663452], [-185.58821106, 117.16129303, -39.5025749207, 27.6953239441, 37.0633049011, -25.1290874481, 176.895446777, 53.1415557861, 108.910324097, 111.305763245, 16.0686397552, 29.1764831543, -12.6343812943], [-101.552757263, 38.8582725525, 44.9829826355, 23.9018039703, -3.33152890205, 103.699615479, 53.1415557861, 178.919967651, 90.9096069336, 72.7889785767, 52.7643966675, 29.2953357697, 21.7912483215], [-194.845581055, 0.137275502086, 20.1127471924, -9.78022766113, -10.1395530701, 29.340631485, 108.910324097, 90.9096069336, 201.043060303, 121.90877533, 36.0838851929, 10.5567750931, -22.5069961548], [-222.760513306, 51.3925666809, -100.178619385, 35.8725128174, 8.00077533722, -28.2208766937, 111.305763245, 72.7889785767, 121.90877533, 230.984573364, 28.8868579865, 54.0940322876, -41.9577140808], [-96.8829879761, 7.16452693939, 57.1338310242, 4.69970178604, -0.0817320048809, 78.1331939697, 16.0686397552, 52.7643966675, 36.0838851929, 28.8868579865, 125.130409241, 32.6808776855, 30.1651039124], [-40.9081039429, 61.13904953, -11.8156404495, 18.6561489105, 12.0109024048, 24.8393478394, 29.1764831543, 29.2953357697, 10.5567750931, 54.0940322876, 32.6808776855, 90.0914306641, 19.9540958405], [89.6380615234, 160.671768188, -16.4862575531, -36.3568687439, -10.2233715057, 65.4070663452, -12.6343812943, 21.7912483215, -22.5069961548, -41.9577140808, 30.1651039124, 19.9540958405, 136.285461426]],
        "icov": [[0.000499996182043, 0.000308214686811, -1.61997195391e-006, 0.000291817181278, 9.38456869335e-005, -0.00025388476206, -0.00014580169227, 7.14122870704e-005, 0.000428608880611, 1.13283758765e-005, 0.0005348608247, -9.24665073399e-005, -0.000541196903214], [0.000308214686811, 0.00150742253754, 0.00116724555846, 9.15804776014e-005, -0.000498772773426, -0.000713108223863, -0.000989173655398, 5.90612808082e-006, 0.00029765535146, 0.000454216089565, 0.000427281745942, -0.000305979483528, -0.00146284350194], [-1.61997195391e-006, 0.00116724555846, 0.00327782495879, 0.000772956060246, -0.00221107620746, -0.00273536844179, -0.000680129218381, 0.000223898576223, -0.000547487579752, 0.00155919743702, -0.000201452843612, -0.000292314070975, 0.000752733380068], [0.000291817181278, 9.15804776014e-005, 0.000772956060246, 0.00319427764043, -0.00158343918156, -0.00130236672703, -0.000288676354103, -0.000304006418446, 0.000862088054419, 3.98667216359e-005, 0.000207648539799, -0.0002186497004, 0.00131454260554], [9.38456869335e-005, -0.000498772773426, -0.00221107620746, -0.00158343918156, 0.00762019259855, 0.00177689525299, -0.00178296421655, 8.1611200585e-005, 0.00158889126033, -0.000612669624388, 0.000149102386786, -0.000288730021566, -0.00054003263358], [-0.00025388476206, -0.000713108223863, -0.00273536844179, -0.00130236672703, 0.00177689525299, 0.00899168755859, 0.00219279318117, -0.00358318048529, -0.00102342444006, 0.000630839727819, -0.00228029862046, -0.000877499638591, -0.00241808476858], [-0.00014580169227, -0.000989173655398, -0.000680129218381, -0.000288676354103, -0.00178296421655, 0.00219279318117, 0.011752246879, -0.000678427284583, -0.00511925900355, -0.00233511603437, 0.000106541643618, -0.00135234987829, -0.000275279686321], [7.14122870704e-005, 5.90612808082e-006, 0.000223898576223, -0.000304006418446, 8.1611200585e-005, -0.00358318048529, -0.000678427284583, 0.0102744111791, -0.00260981847532, -0.001801398932, -0.000599439954385, -0.000217257125769, -0.000908975722268], [0.000428608880611, 0.00029765535146, -0.000547487579752, 0.000862088054419, 0.00158889126033, -0.00102342444006, -0.00511925900355, -0.00260981847532, 0.0120081752539, -0.00385892996565, -0.000643312174361, 0.00334469904192, 0.000531744619366], [1.13283758765e-005, 0.000454216089565, 0.00155919743702, 3.98667216359e-005, -0.000612669624388, 0.000630839727819, -0.00233511603437, -0.001801398932, -0.00385892996565, 0.0105574168265, -0.000755290559027, -0.00511408923194, 0.00290808174759], [0.0005348608247, 0.000427281745942, -0.000201452843612, 0.000207648539799, 0.000149102386786, -0.00228029862046, 0.000106541643618, -0.000599439954385, -0.000643312174361, -0.000755290559027, 0.0116824386641, -0.0025777365081, -0.00216033332981], [-9.24665073399e-005, -0.000305979483528, -0.000292314070975, -0.0002186497004, -0.000288730021566, -0.000877499638591, -0.00135234987829, -0.000217257125769, 0.00334469904192, -0.00511408923194, -0.0025777365081, 0.01615829207, -0.00218063988723], [-0.000541196903214, -0.00146284350194, 0.000752733380068, 0.00131454260554, -0.00054003263358, -0.00241808476858, -0.000275279686321, -0.000908975722268, 0.000531744619366, 0.00290808174759, -0.00216033332981, -0.00218063988723, 0.0128802023828]]
    },
    "spectral_contrast_coeffs": {
        "mean": [-0.654210865498, -0.707549095154, -0.696891307831, -0.763639092445, -0.729926764965, -0.724294364452],
        "var": [0.00512945977971, 0.0044702286832, 0.00809365604073, 0.00212719035335, 0.0027700595092, 0.00296353828162]
    },
    "spectral_contrast_valleys": {
        "mean": [-7.35009098053, -6.80857944489, -7.50981807709, -7.70295238495, -7.40669775009, -10.3175411224],
        "var": [0.797643363476, 0.80255061388, 1.03833031654, 0.726293683052, 0.618088185787, 1.38525462151]
    }
},
"metadata": {
    "audio_properties": {
        "analysis_sample_rate": 44100,
        "bit_rate": 128074,
        "equal_loudness": 0,
        "length": 45.0612258911,
        "lossless": 0,
        "replay_gain": -5.43169784546,
        "sample_rate": 44100,
        "codec": "mp3",
        "downmix": "mix",
        "md5_encoded": "a3ea5c9cccb71ab1fa5e10abdc57d7b7"
    },
    "tags": {
        "file_name": "1657.mp3"
    },
    "version": {
        "essentia": "2.1-beta2",
        "essentia_git_sha": "v2.1_beta2",
        "extractor": "music 1.0"
    }
},
"rhythm": {
    "beats_count": 77,
    "beats_loudness": {
        "mean": 0.028012868017,
        "var": 0.000144133999129
    },
    "bpm": 102.707740784,
    "bpm_histogram_first_peak_bpm": {
        "mean": 103,
        "var": 0
    },
    "bpm_histogram_first_peak_spread": {
        "mean": 0.578947365284,
        "var": 0
    },
    "bpm_histogram_first_peak_weight": {
        "mean": 0.421052634716,
        "var": 0
    },
    "bpm_histogram_second_peak_bpm": {
        "mean": 0,
        "var": 0
    },
    "bpm_histogram_second_peak_spread": {
        "mean": 0,
        "var": 0
    },
    "bpm_histogram_second_peak_weight": {
        "mean": 0,
        "var": 0
    },
    "danceability": 1.08971834183,
    "onset_rate": 2.92802762985,
    "beats_loudness_band_ratio": {
        "mean": [0.333393752575, 0.139725863934, 0.221422463655, 0.0582816377282, 0.119842194021, 0.167692855],
        "var": [0.0384380333126, 0.0115969907492, 0.0293558724225, 0.00311451894231, 0.00892302859575, 0.0126312719658]
    },
    "beats_position": [0.545668900013, 1.11455774307, 1.68344664574, 2.2523355484, 2.82122445107, 3.39011335373, 3.97061228752, 4.55111122131, 5.13160991669, 5.72371864319, 6.31582736969, 6.8963265419, 7.47682523727, 8.06893444061, 8.66104316711, 9.22993183136, 9.79882049561, 10.379319191, 10.95981884, 11.5403175354, 12.1208162308, 12.7013149261, 13.2818136215, 13.8623123169, 14.4660310745, 15.0581407547, 15.6502494812, 16.242357254, 16.8228569031, 17.4033565521, 17.9722442627, 18.5527439117, 19.1216316223, 19.7137413025, 20.3058490753, 20.8979587555, 21.4900684357, 22.0705661774, 22.6626758575, 23.2431735992, 23.8352832794, 24.4273910522, 25.0195007324, 25.6116104126, 26.2037181854, 26.7958278656, 27.3763256073, 27.9568252563, 28.5489330292, 29.1410427094, 29.7331504822, 30.3252601624, 30.9057598114, 31.4862575531, 32.0667572021, 32.6472549438, 33.239364624, 33.8314743042, 34.4351921082, 35.0273017883, 35.6194114685, 36.211517334, 36.7804069519, 37.3609046936, 37.9646263123, 38.545124054, 39.1372337341, 39.7293434143, 40.309841156, 40.8903388977, 41.4708366394, 42.0513381958, 42.6318359375, 43.2123336792, 43.7928352356, 44.3849411011, 44.953830719]
},
"tonal": {
    "chords_changes_rate": 0.0401234552264,
    "chords_number_rate": 0.00720164598897,
    "chords_strength": {
        "mean": 0.527414798737,
        "var": 0.00509210722521
    },
    "hpcp_entropy": {
        "mean": 1.91958069801,
        "var": 0.433365404606
    },
    "key_strength": 0.766908586025,
    "tuning_diatonic_strength": 0.581994473934,
    "tuning_equal_tempered_deviation": 0.281613081694,
    "tuning_frequency": 434.193115234,
    "tuning_nontempered_energy_ratio": 0.979721188545,
    "hpcp": {
        "mean": [0.0715544894338, 0.0672159641981, 0.0502379760146, 0.0743403956294, 0.085741430521, 0.0824814736843, 0.253338187933, 0.385930120945, 0.239588558674, 0.113215722144, 0.0956786870956, 0.0647969767451, 0.0873451530933, 0.120266616344, 0.0916206240654, 0.125892430544, 0.197970986366, 0.156351462007, 0.0976917222142, 0.0779755935073, 0.0933119133115, 0.330241262913, 0.464802980423, 0.282637625933, 0.153252854943, 0.0977809205651, 0.0684260874987, 0.195915877819, 0.280180752277, 0.173629701138, 0.191471874714, 0.263773590326, 0.161039635539, 0.104599058628, 0.101720310748, 0.0679296255112],
        "var": [0.0189657118171, 0.0179753806442, 0.00999301858246, 0.0232691634446, 0.0303096063435, 0.0210476852953, 0.0613871663809, 0.1169302091, 0.0586764588952, 0.0364177897573, 0.0442270860076, 0.0220878943801, 0.0210948400199, 0.0400673486292, 0.0189475789666, 0.0265470165759, 0.0622585862875, 0.0393938310444, 0.0302757937461, 0.0258275456727, 0.0211842190474, 0.0856970474124, 0.155293777585, 0.0711362063885, 0.0596038475633, 0.0281990487128, 0.017932523042, 0.0577698908746, 0.105286978185, 0.0421199649572, 0.0672139003873, 0.11761648953, 0.0442019850016, 0.029468877241, 0.0326868854463, 0.0162878613919]
    },
    "chords_histogram": [63.7860069275, 5.34979438782, 17.0781898499, 0, 0, 0, 0.102880656719, 1.64609050751, 0, 6.17283964157, 0, 0, 0, 0, 0, 0, 1.13168728352, 0, 0, 0, 0, 0, 0.308641970158, 4.42386817932],
    "thpcp": [1, 0.608080506325, 0.32971572876, 0.210370689631, 0.147215247154, 0.421503067017, 0.602794647217, 0.373555481434, 0.411942005157, 0.567495465279, 0.346468597651, 0.225039556623, 0.218846082687, 0.14614713192, 0.153945848346, 0.144611731172, 0.108084455132, 0.159939587116, 0.184468328953, 0.177454695106, 0.545044243336, 0.830309033394, 0.515462636948, 0.243577867746, 0.20584782958, 0.139407396317, 0.187918663025, 0.258747518063, 0.197117120028, 0.270851165056, 0.425924509764, 0.336382240057, 0.210178777575, 0.167760521173, 0.200755834579, 0.710497319698],
    "chords_key": "E",
    "chords_scale": "minor",
    "key_key": "E",
    "key_scale": "minor"
}
}