{
"lowlevel": {
    "average_loudness": 0.847507178783,
    "barkbands_crest": {
        "mean": 15.115942955,
        "var": 29.0440921783
    },
    "barkbands_flatness_db": {
        "mean": 0.239051759243,
        "var": 0.0132192634046
    },
    "barkbands_kurtosis": {
        "mean": 12.5134048462,
        "var": 599.514221191
    },
    "barkbands_skewness": {
        "mean": 1.89948713779,
        "var": 4.31403303146
    },
    "barkbands_spread": {
        "mean": 14.1990280151,
        "var": 170.335632324
    },
    "dissonance": {
        "mean": 0.431748718023,
        "var": 0.00386628229171
    },
    "dynamic_complexity": 3.66922426224,
    "erbbands_crest": {
        "mean": 15.8078517914,
        "var": 89.1684646606
    },
    "erbbands_flatness_db": {
        "mean": 0.223188996315,
        "var": 0.0150849949569
    },
    "erbbands_kurtosis": {
        "mean": 5.06731271744,
        "var": 136.389389038
    },
    "erbbands_skewness": {
        "mean": 0.589765191078,
        "var": 1.6531111002
    },
    "erbbands_spread": {
        "mean": 30.2558383942,
        "var": 415.555786133
    },
    "hfc": {
        "mean": 13.8815784454,
        "var": 309.397125244
    },
    "melbands_crest": {
        "mean": 18.1517696381,
        "var": 27.6701488495
    },
    "melbands_flatness_db": {
        "mean": 0.313909500837,
        "var": 0.0148763312027
    },
    "melbands_kurtosis": {
        "mean": 22.9262294769,
        "var": 916.76171875
    },
    "melbands_skewness": {
        "mean": 2.73994588852,
        "var": 7.12381649017
    },
    "melbands_spread": {
        "mean": 13.4166107178,
        "var": 195.534194946
    },
    "pitch_salience": {
        "mean": 0.407150298357,
        "var": 0.0172862298787
    },
    "silence_rate_20dB": {
        "mean": 1,
        "var": 0
    },
    "silence_rate_30dB": {
        "mean": 0.958311915398,
        "var": 0.0399509184062
    },
    "silence_rate_60dB": {
        "mean": 0.0746268630028,
        "var": 0.0690579563379
    },
    "spectral_centroid": {
        "mean": 1039.38879395,
        "var": 557582.3125
    },
    "spectral_complexity": {
        "mean": 11.4209985733,
        "var": 51.2832756042
    },
    "spectral_decrease": {
        "mean": -8.25211809996e-009,
        "var": 6.3024326856e-017
    },
    "spectral_energy": {
        "mean": 0.0324044935405,
        "var": 0.00093912857119
    },
    "spectral_energyband_high": {
        "mean": 0.000355569209205,
        "var": 7.97148970832e-007
    },
    "spectral_energyband_low": {
        "mean": 0.0199823174626,
        "var": 0.000693012611009
    },
    "spectral_energyband_middle_high": {
        "mean": 0.00236902362667,
        "var": 2.13735565922e-005
    },
    "spectral_energyband_middle_low": {
        "mean": 0.0103207575157,
        "var": 0.000241244852077
    },
    "spectral_entropy": {
        "mean": 6.99323320389,
        "var": 0.897381544113
    },
    "spectral_flux": {
        "mean": 0.0669778212905,
        "var": 0.00217264704406
    },
    "spectral_kurtosis": {
        "mean": 15.4451026917,
        "var": 736.606872559
    },
    "spectral_rms": {
        "mean": 0.00505289388821,
        "var": 6.08243908573e-006
    },
    "spectral_rolloff": {
        "mean": 880.892211914,
        "var": 1504743.25
    },
    "spectral_skewness": {
        "mean": 2.28818297386,
        "var": 2.3897960186
    },
    "spectral_spread": {
        "mean": 3657194.5,
        "var": 6.54494452941e+012
    },
    "spectral_strongpeak": {
        "mean": 1.22815608978,
        "var": 2.91150093079
    },
    "zerocrossingrate": {
        "mean": 0.0407306477427,
        "var": 0.00129415118136
    },
    "barkbands": {
        "mean": [0.000586976413615, 0.0139502258971, 0.00485080759972, 0.00139379571192, 0.000601989973802, 0.000722964294255, 0.000312661082717, 0.000134948728373, 0.00710271578282, 0.000952508999035, 0.00017118062533, 6.12156582065e-005, 0.000219473105972, 0.000112058245577, 9.66936640907e-005, 8.79522049217e-005, 5.93447002757e-005, 9.01434905245e-005, 0.000500901427586, 8.45225076773e-005, 6.10186216363e-005, 5.96521531406e-005, 4.52245294582e-005, 5.29159915459e-005, 5.47162999283e-005, 3.5521126847e-005, 2.37737253883e-006],
        "var": [2.97851306641e-006, 0.00051941932179, 3.48951471096e-005, 2.55351051237e-006, 6.2988181071e-007, 5.40553742212e-007, 9.67516413652e-008, 2.14359054951e-008, 0.000222946706344, 1.06470397441e-005, 4.89714082619e-008, 7.46594164269e-009, 6.96870543493e-008, 1.95066824915e-008, 9.20017217965e-009, 1.35182167682e-008, 6.7318008945e-009, 4.87478928335e-008, 7.13963800081e-006, 3.84617884208e-008, 1.74915317785e-008, 1.92622113815e-008, 1.13716085437e-008, 2.57960497407e-008, 3.22490834037e-008, 1.75874976804e-008, 3.3329172755e-010]
    },
    "erbbands": {
        "mean": [0.264101713896, 3.52888870239, 6.98335170746, 4.50921869278, 3.46456408501, 1.83270156384, 3.49558758736, 6.07443618774, 4.00766801834, 5.70567178726, 35.1249656677, 195.034912109, 17.7475414276, 35.5955810547, 7.26034212112, 4.13684177399, 10.1425628662, 5.50571393967, 5.50549411774, 4.45957946777, 5.20804214478, 3.33101177216, 5.40050888062, 34.1446266174, 7.06231832504, 3.99204945564, 2.93930220604, 2.32174134254, 2.04658317566, 1.6676132679, 1.27303528786, 1.19088482857, 0.814270198345, 0.563638985157, 0.422935843468, 0.200466156006, 0.0524078384042, 0.0103022018448, 0.000317764497595, 4.47606980742e-005],
        "var": [0.254922837019, 32.135925293, 62.956035614, 25.3707942963, 14.8207578659, 5.88616323471, 11.1920967102, 37.2933731079, 20.8616580963, 31.47864151, 4703.99755859, 172483.46875, 730.042053223, 14869.1757813, 84.4545669556, 17.0080432892, 147.680099487, 42.8392524719, 32.6906318665, 22.0593280792, 41.8951301575, 22.9955101013, 205.291397095, 36851.3671875, 417.074859619, 85.2555541992, 47.6616630554, 23.7356548309, 22.467590332, 14.8142719269, 9.73562717438, 10.8295431137, 6.96155548096, 2.67990756035, 2.26646256447, 0.409303307533, 0.0629632920027, 0.00455598719418, 4.70162103738e-006, 3.39869754562e-009]
    },
    "gfcc": {
        "mean": [-77.8861846924, 135.422317505, -119.67665863, 25.0487957001, -39.5454902649, 13.386516571, -15.7304267883, 14.8913602829, -13.0052537918, -0.496070474386, -10.6809196472, -14.0636148453, -7.61618852615],
        "cov": [[17138.7226563, -2902.50585938, 3380.70605469, 2979.35327148, -2567.41308594, 1018.90301514, -1170.96081543, 1597.57421875, -160.917160034, -289.038696289, -990.834594727, 1016.07275391, -788.528503418], [-2902.50585938, 3256.11450195, -474.412902832, -341.331756592, 875.200012207, -418.37008667, 668.986938477, -364.208984375, 682.861694336, -307.279449463, 501.639709473, -450.543823242, 352.84854126], [3380.70605469, -474.412902832, 1302.46862793, 827.684936523, -441.822753906, 311.996917725, -201.007339478, 411.458770752, 44.6902160645, -104.178749084, -213.654541016, 260.48840332, -172.782897949], [2979.35327148, -341.331756592, 827.684936523, 1001.73242188, -394.759185791, 195.651046753, -304.959838867, 260.88861084, 53.5254821777, -76.118522644, -60.5532455444, 202.7318573, -142.395599365], [-2567.41308594, 875.200012207, -441.822753906, -394.759185791, 702.458862305, -133.322250366, 286.058868408, -268.029418945, 88.302192688, 9.37823200226, 250.009414673, -188.554962158, 149.22265625], [1018.90301514, -418.37008667, 311.996917725, 195.651046753, -133.322250366, 251.2290802, -38.6335754395, 116.938919067, -80.4588394165, -8.83836841583, -84.3767776489, 117.489639282, -45.3682746887], [-1170.96081543, 668.986938477, -201.007339478, -304.959838867, 286.058868408, -38.6335754395, 388.145690918, -78.916633606, 117.220352173, -98.3231506348, 77.2380599976, -134.821258545, 106.794692993], [1597.57421875, -364.208984375, 411.458770752, 260.88861084, -268.029418945, 116.938919067, -78.916633606, 294.055145264, -10.873799324, -34.2326889038, -114.202590942, 75.3773651123, -112.998954773], [-160.917160034, 682.861694336, 44.6902160645, 53.5254821777, 88.302192688, -80.4588394165, 117.220352173, -10.873799324, 312.74798584, -39.5377044678, 91.5082550049, -78.8174743652, 49.7883148193], [-289.038696289, -307.279449463, -104.178749084, -76.118522644, 9.37823200226, -8.83836841583, -98.3231506348, -34.2326889038, -39.5377044678, 168.611785889, -6.37391805649, 20.6135730743, -35.7751274109], [-990.834594727, 501.639709473, -213.654541016, -60.5532455444, 250.009414673, -84.3767776489, 77.2380599976, -114.202590942, 91.5082550049, -6.37391805649, 218.60899353, -59.1493415833, 75.469078064], [1016.07275391, -450.543823242, 260.48840332, 202.7318573, -188.554962158, 117.489639282, -134.821258545, 75.3773651123, -78.8174743652, 20.6135730743, -59.1493415833, 215.949386597, -18.0743427277], [-788.528503418, 352.84854126, -172.782897949, -142.395599365, 149.22265625, -45.3682746887, 106.794692993, -112.998954773, 49.7883148193, -35.7751274109, 75.469078064, -18.0743427277, 139.880020142]],
        "icov": [[0.000343843450537, -0.000269458221737, 0.00013149579172, -0.000477286172099, 0.000434265530203, -0.000356546224793, 0.000163810138474, -0.000681773817632, 6.4210529672e-005, 0.000130820830236, 0.00070710858563, -0.000724372162949, 0.000575342855882], [-0.000269458221737, 0.00225623208098, -0.00067411159398, 0.000377373566153, -0.000973659916781, 0.00147655466571, -0.000773680047132, 0.00137065874878, -0.00238187820651, 0.00212435727008, -0.00209896103479, 0.00203331629746, -0.00165704265237], [0.00013149579172, -0.00067411159398, 0.00379384262487, -0.00184536830056, -0.00123378983699, -0.00157599069644, 0.00053255376406, -0.00259682745673, -0.00105544773396, 0.000942893093452, 0.00357192242518, -0.00319390045479, 0.00182704231702], [-0.000477286172099, 0.000377373566153, -0.00184536830056, 0.00447509484366, 8.06814059615e-005, -0.000727069971617, 0.00234666047618, 0.00155966880266, -0.00123594352044, 0.00200483994558, -0.00338774849661, 0.000931087415665, 0.000680861703586], [0.000434265530203, -0.000973659916781, -0.00123378983699, 8.06814059615e-005, 0.00616782298312, -0.000891199626494, -0.00210879906081, 0.00141868274659, 0.0024772840552, -0.00286797224544, -0.00352747365832, 0.00159499328583, -0.000156527079525], [-0.000356546224793, 0.00147655466571, -0.00157599069644, -0.000727069971617, -0.000891199626494, 0.00932642631233, -0.0034629618749, 0.000273262063274, 0.00117797078565, -0.000710192369297, -0.000820296932943, -0.00064740923699, -0.00182312214747], [0.000163810138474, -0.000773680047132, 0.00053255376406, 0.00234666047618, -0.00210879906081, -0.0034629618749, 0.00901385955513, -0.00181922363117, -0.0023049544543, 0.00450793560594, 0.00191879307386, 0.000301661901176, -0.000326172419591], [-0.000681773817632, 0.00137065874878, -0.00259682745673, 0.00155966880266, 0.00141868274659, 0.000273262063274, -0.00181922363117, 0.011035929434, -0.00117776170373, 0.00141714909114, -0.00316451233812, 0.00263936538249, 0.00278856419027], [6.4210529672e-005, -0.00238187820651, -0.00105544773396, -0.00123594352044, 0.0024772840552, 0.00117797078565, -0.0023049544543, -0.00117776170373, 0.00938862748444, -0.00544107798487, -0.000976961571723, 0.00119261362124, -0.00169608637225], [0.000130820830236, 0.00212435727008, 0.000942893093452, 0.00200483994558, -0.00286797224544, -0.000710192369297, 0.00450793560594, 0.00141714909114, -0.00544107798487, 0.0144809735939, -5.79915395065e-005, -0.00200592726469, 0.00452899793163], [0.00070710858563, -0.00209896103479, 0.00357192242518, -0.00338774849661, -0.00352747365832, -0.000820296932943, 0.00191879307386, -0.00316451233812, -0.000976961571723, -5.79915395065e-005, 0.0150886969641, -0.00528087373823, 0.00122966431081], [-0.000724372162949, 0.00203331629746, -0.00319390045479, 0.000931087415665, 0.00159499328583, -0.00064740923699, 0.000301661901176, 0.00263936538249, 0.00119261362124, -0.00200592726469, -0.00528087373823, 0.01474874001, -0.00840209238231], [0.000575342855882, -0.00165704265237, 0.00182704231702, 0.000680861703586, -0.000156527079525, -0.00182312214747, -0.000326172419591, 0.00278856419027, -0.00169608637225, 0.00452899793163, 0.00122966431081, -0.00840209238231, 0.0196124035865]]
    },
    "melbands": {
        "mean": [0.00324679608457, 0.00425469595939, 0.000818488537334, 0.000174577347934, 0.000118675416161, 0.000137801136589, 6.03668231633e-005, 5.07875010953e-005, 0.000588894065004, 0.00105338334106, 4.55747322121e-005, 0.00015382609854, 2.60295582848e-005, 6.90925162417e-006, 2.33093123825e-005, 1.48766757775e-005, 1.03204865809e-005, 9.19279409572e-006, 6.37325820207e-006, 5.46638648302e-006, 6.33979425402e-006, 3.41708641827e-006, 2.93980383503e-006, 6.49532012176e-006, 3.34514552378e-005, 5.31789692104e-006, 3.1212380236e-006, 2.49065874414e-006, 1.99235432774e-006, 1.40928557357e-006, 1.33563469262e-006, 1.20807533222e-006, 1.07900848434e-006, 8.31255135836e-007, 6.84184954025e-007, 8.01803082595e-007, 6.92293838256e-007, 6.22577090326e-007, 4.45351361122e-007, 4.84369763853e-007],
        "var": [3.07215195789e-005, 2.82805158349e-005, 7.18261333077e-007, 4.14240268753e-008, 1.23710872657e-008, 1.92642666264e-008, 4.49032411254e-009, 2.8082882686e-009, 1.43722149915e-006, 5.01906879435e-006, 1.14114753202e-008, 2.91924067142e-007, 1.03435682242e-009, 1.18570181451e-010, 7.67662822199e-010, 2.86416002027e-010, 1.71712977171e-010, 8.96521953897e-011, 4.28257325435e-011, 6.0600816032e-011, 5.23892422499e-011, 2.47642739648e-011, 2.05871032027e-011, 5.3328702565e-010, 3.6995889019e-008, 2.09593550848e-010, 6.68973418327e-011, 3.17556883567e-011, 2.5259959055e-011, 8.07885095627e-012, 8.34862387555e-012, 8.53737480017e-012, 6.37312121479e-012, 3.63706590886e-012, 2.74483409092e-012, 4.41144560118e-012, 4.19625532239e-012, 4.36559295658e-012, 2.75726295094e-012, 1.63706624211e-012]
    },
    "mfcc": {
        "mean": [-715.467956543, 154.822479248, -2.83766222, 22.5369091034, 5.14010906219, 7.28532981873, 9.0177116394, 9.01025772095, 6.55782556534, 15.7243118286, 7.59532022476, 0.458814620972, -4.86582660675],
        "cov": [[10717.7587891, -1099.22717285, 1649.60974121, 1774.2824707, 159.282699585, -600.939880371, -385.664337158, 681.371948242, 353.002746582, -206.28843689, -44.2552604675, 211.238250732, -97.7451705933], [-1099.22717285, 3023.07202148, -370.638885498, 611.20123291, 254.039764404, -24.6933116913, 7.70046520233, 175.579574585, 237.714828491, 119.497642517, 118.264785767, 255.844039917, 120.861549377], [1649.60974121, -370.638885498, 500.569946289, 261.163146973, 73.6454620361, -30.2356300354, 3.55305075645, 147.776077271, 91.8668136597, -30.4767913818, 2.14430522919, 16.1946544647, -28.6268539429], [1774.2824707, 611.20123291, 261.163146973, 760.368103027, 212.270004272, -110.450561523, -90.6138458252, 164.803665161, 108.74445343, -24.0641517639, 38.0095176697, 147.503005981, 45.3833084106], [159.282699585, 254.039764404, 73.6454620361, 212.270004272, 223.249145508, 21.5503101349, 24.6205978394, 31.7009677887, 0.0706868693233, 3.55994486809, 35.371635437, 36.2882995605, 46.8242874146], [-600.939880371, -24.6933116913, -30.2356300354, -110.450561523, 21.5503101349, 208.626144409, 63.4129676819, -0.417919665575, -16.4922733307, -1.29569768906, -26.5995731354, -5.77341032028, 26.2555942535], [-385.664337158, 7.70046520233, 3.55305075645, -90.6138458252, 24.6205978394, 63.4129676819, 198.715805054, 59.5977249146, 11.1693325043, -13.7587881088, -15.2531528473, -59.6086769104, -17.8263149261], [681.371948242, 175.579574585, 147.776077271, 164.803665161, 31.7009677887, -0.417919665575, 59.5977249146, 200.536743164, 87.6576461792, -0.29296797514, -17.4379692078, 22.0553340912, -7.74570894241], [353.002746582, 237.714828491, 91.8668136597, 108.74445343, 0.0706868693233, -16.4922733307, 11.1693325043, 87.6576461792, 138.65927124, 20.4429836273, 8.67073059082, 20.6248130798, -4.65980577469], [-206.28843689, 119.497642517, -30.4767913818, -24.0641517639, 3.55994486809, -1.29569768906, -13.7587881088, -0.29296797514, 20.4429836273, 108.671592712, 74.4533920288, 33.365032196, -6.8611330986], [-44.2552604675, 118.264785767, 2.14430522919, 38.0095176697, 35.371635437, -26.5995731354, -15.2531528473, -17.4379692078, 8.67073059082, 74.4533920288, 125.694091797, 56.7516136169, -0.805592358112], [211.238250732, 255.844039917, 16.1946544647, 147.503005981, 36.2882995605, -5.77341032028, -59.6086769104, 22.0553340912, 20.6248130798, 33.365032196, 56.7516136169, 124.764122009, 31.2919254303], [-97.7451705933, 120.861549377, -28.6268539429, 45.3833084106, 46.8242874146, 26.2555942535, -17.8263149261, -7.74570894241, -4.65980577469, -6.8611330986, -0.805592358112, 31.2919254303, 75.1718673706]],
        "icov": [[0.000483712559799, 0.000291740521789, -0.000632771931123, -0.000836587161757, 0.000317365047522, 0.000649060530122, 0.000616037810687, -0.000938159646466, -7.88611505413e-005, 0.000369743647752, -4.38868664787e-005, -3.73278635379e-005, 9.296531789e-005], [0.000291740521789, 0.00118024263065, 0.00133175065275, -0.00113234482706, -0.000686636311002, 0.000430422020145, 2.911836782e-005, -0.000999067444354, -0.00192312744912, 9.60961551755e-005, 4.30559121014e-005, -0.00111802993342, 0.000209286212339], [-0.000632771931123, 0.00133175065275, 0.00705232191831, -0.000390866829548, -0.00277524418198, -0.00128755287733, -0.000185718745342, -0.00154788349755, -0.00412540510297, 0.00135191436857, -0.00136260048021, -0.000768154277466, 0.00210533989593], [-0.000836587161757, -0.00113234482706, -0.000390866829548, 0.00616269744933, -0.00372746493667, 0.000653185124975, 0.000988767948002, -0.000208074736292, -0.000268560514087, 0.00183320965152, 0.000273672456387, -0.00253892294131, 0.000380553974537], [0.000317365047522, -0.000686636311002, -0.00277524418198, -0.00372746493667, 0.0106945736334, -0.00121839542408, -0.00221229018643, 0.000949244247749, 0.00423391163349, -0.00130690773949, -0.00254323543049, 0.00336620840244, -0.00523806456476], [0.000649060530122, 0.000430422020145, -0.00128755287733, 0.000653185124975, -0.00121839542408, 0.00803873501718, -0.00151740189176, -0.000917558558285, -4.77441644762e-005, -0.000972623587586, 0.00339670991525, -0.00320977694355, -0.00195510149933], [0.000616037810687, 2.911836782e-005, -0.000185718745342, 0.000988767948002, -0.00221229018643, -0.00151740189176, 0.0110314786434, -0.00638320250437, -0.000327057990944, 0.00417675776407, -0.00401596073061, 0.00493220845237, 0.00221761758439], [-0.000938159646466, -0.000999067444354, -0.00154788349755, -0.000208074736292, 0.000949244247749, -0.000917558558285, -0.00638320250437, 0.0139067200944, -0.00238685775548, -0.00435556517914, 0.0053390217945, -0.00265941815451, 0.000189766651602], [-7.88611505413e-005, -0.00192312744912, -0.00412540510297, -0.000268560514087, 0.00423391163349, -4.77441644762e-005, -0.000327057990944, -0.00238685775548, 0.015179881826, -0.00324581423774, -4.76342356706e-005, 0.00281693623401, -0.00189193408005], [0.000369743647752, 9.60961551755e-005, 0.00135191436857, 0.00183320965152, -0.00130690773949, -0.000972623587586, 0.00417675776407, -0.00435556517914, -0.00324581423774, 0.0203484203666, -0.0122015634552, -0.000180211194674, 0.00303011480719], [-4.38868664787e-005, 4.30559121014e-005, -0.00136260048021, 0.000273672456387, -0.00254323543049, 0.00339670991525, -0.00401596073061, 0.0053390217945, -4.76342356706e-005, -0.0122015634552, 0.0207326356322, -0.0087733771652, 0.0019428281812], [-3.73278635379e-005, -0.00111802993342, -0.000768154277466, -0.00253892294131, 0.00336620840244, -0.00320977694355, 0.00493220845237, -0.00265941815451, 0.00281693623401, -0.000180211194674, -0.0087733771652, 0.0200970843434, -0.00539248110726], [9.296531789e-005, 0.000209286212339, 0.00210533989593, 0.000380553974537, -0.00523806456476, -0.00195510149933, 0.00221761758439, 0.000189766651602, -0.00189193408005, 0.00303011480719, 0.0019428281812, -0.00539248110726, 0.0205751676112]]
    },
    "spectral_contrast_coeffs": {
        "mean": [-0.671192526817, -0.718567669392, -0.710074186325, -0.786289691925, -0.796197295189, -0.769648492336],
        "var": [0.00519729498774, 0.00774803338572, 0.00943507347256, 0.00390505418181, 0.00245448853821, 0.0029888949357]
    },
    "spectral_contrast_valleys": {
        "mean": [-7.51488018036, -7.33843231201, -7.93799686432, -8.24305438995, -8.46118736267, -11.7486991882],
        "var": [2.96352291107, 1.79984009266, 1.41052615643, 1.69334518909, 2.90718054771, 4.48366880417]
    }
},
"metadata": {
    "audio_properties": {
        "analysis_sample_rate": 44100,
        "bit_rate": 104424,
        "equal_loudness": 0,
        "length": 45.0873451233,
        "lossless": 0,
        "replay_gain": -12.852853775,
        "sample_rate": 44100,
        "codec": "mp3",
        "downmix": "mix",
        "md5_encoded": "5dc35b9450afba75d454890fb3e0178c"
    },
    "tags": {
        "file_name": "166.mp3"
    },
    "version": {
        "essentia": "2.1-beta2",
        "essentia_git_sha": "v2.1_beta2",
        "extractor": "music 1.0"
    }
},
"rhythm": {
    "beats_count": 59,
    "beats_loudness": {
        "mean": 0.0472083240747,
        "var": 0.00112339551561
    },
    "bpm": 79.7025680542,
    "bpm_histogram_first_peak_bpm": {
        "mean": 80,
        "var": 0
    },
    "bpm_histogram_first_peak_spread": {
        "mean": 0.0909091085196,
        "var": 0
    },
    "bpm_histogram_first_peak_weight": {
        "mean": 0.86206895113,
        "var": 0
    },
    "bpm_histogram_second_peak_bpm": {
        "mean": 75,
        "var": 0
    },
    "bpm_histogram_second_peak_spread": {
        "mean": 0,
        "var": 0
    },
    "bpm_histogram_second_peak_weight": {
        "mean": 0.0517241358757,
        "var": 0
    },
    "danceability": 0.992258727551,
    "onset_rate": 3.17039704323,
    "beats_loudness_band_ratio": {
        "mean": [0.543085515499, 0.0477904640138, 0.14808896184, 0.163050308824, 0.0612010881305, 0.0550381466746],
        "var": [0.102021768689, 0.00154496869072, 0.0435006134212, 0.0602110847831, 0.0161235667765, 0.00490248668939]
    },
    "beats_position": [0.777868449688, 1.5673469305, 2.35682535172, 3.14630389214, 3.92417216301, 4.72526073456, 5.52634906769, 6.33904743195, 7.10530614853, 7.84834432602, 8.60299301147, 9.35764122009, 10.1006803513, 10.8553285599, 11.6099767685, 12.3530158997, 13.1076641083, 13.8623123169, 14.6053514481, 15.3599996567, 16.114648819, 16.8576869965, 17.6123352051, 18.3669834137, 19.1100215912, 19.853061676, 20.6077098846, 21.3623580933, 22.1053962708, 22.8484344482, 23.6030826569, 24.3577327728, 25.1007709503, 25.8554191589, 26.6100673676, 27.353105545, 28.0961437225, 28.8507938385, 29.6054420471, 30.3484802246, 31.1031284332, 31.8577766418, 32.6008148193, 33.3554649353, 34.0985031128, 34.8531494141, 35.60779953, 36.362449646, 37.1054878235, 37.8601341248, 38.6147842407, 39.3578224182, 40.1008605957, 40.8555107117, 41.6101570129, 42.3531951904, 43.0962333679, 43.8508834839, 44.6055335999]
},
"tonal": {
    "chords_changes_rate": 0.0442386828363,
    "chords_number_rate": 0.00411522621289,
    "chords_strength": {
        "mean": 0.522954761982,
        "var": 0.00383362337016
    },
    "hpcp_entropy": {
        "mean": 1.3029589653,
        "var": 0.684505403042
    },
    "key_strength": 0.787088274956,
    "tuning_diatonic_strength": 0.600312769413,
    "tuning_equal_tempered_deviation": 0.045670568943,
    "tuning_frequency": 440.763122559,
    "tuning_nontempered_energy_ratio": 0.64402872324,
    "hpcp": {
        "mean": [0.346180707216, 0.150338366628, 0.0161585025489, 0.00948946084827, 0.011971748434, 0.0379006080329, 0.0551874227822, 0.0351246744394, 0.025077437982, 0.0298281703144, 0.0269702058285, 0.0258869156241, 0.0263552926481, 0.0295272469521, 0.0511049516499, 0.0717423036695, 0.0697456225753, 0.0633227750659, 0.0586661361158, 0.0729306563735, 0.348605453968, 0.572396695614, 0.340160548687, 0.135289669037, 0.0765437930822, 0.0188800208271, 0.017355568707, 0.0204952694476, 0.0193575937301, 0.0393892526627, 0.0560401342809, 0.0395083911717, 0.0264419261366, 0.0283142607659, 0.0514095723629, 0.242967441678],
        "var": [0.184704080224, 0.0427469834685, 0.00232651946135, 0.00101409270428, 0.00101477012504, 0.00754305999726, 0.0162603370845, 0.00768057350069, 0.00684828916565, 0.0090354224667, 0.00725126359612, 0.0106230042875, 0.0122238956392, 0.0146791161969, 0.0282624475658, 0.0447896383703, 0.0417769476771, 0.0400183461607, 0.0359707660973, 0.0316063575447, 0.072521455586, 0.159168452024, 0.0717727467418, 0.0729558840394, 0.0330672450364, 0.00364122889005, 0.0045349127613, 0.00767670199275, 0.00449827173725, 0.0158004909754, 0.0253820717335, 0.011501760222, 0.00591425830498, 0.0110004218295, 0.0153532596305, 0.0943247973919]
    },
    "chords_histogram": [50.3086433411, 0.411522626877, 23.6625518799, 0, 0, 0, 0, 22.7366256714, 2.26337456703, 0.617283940315, 0, 0, 0, 0, 0, 0, 0, 0, 0, 0, 0, 0, 0, 0],
    "thpcp": [1, 0.594274103642, 0.23635648191, 0.133725076914, 0.0329841524363, 0.0303208753467, 0.0358060598373, 0.0338184945285, 0.0688146054745, 0.0979043617845, 0.069022744894, 0.0461951047182, 0.0494661517441, 0.0898145884275, 0.424473881721, 0.604791581631, 0.262647151947, 0.0282295532525, 0.0165784694254, 0.0209151245654, 0.0662138834596, 0.0964146405458, 0.0613642148674, 0.0438112914562, 0.0521110109985, 0.0471180304885, 0.0452254787087, 0.046043753624, 0.0515852868557, 0.0892824009061, 0.125336676836, 0.121848404408, 0.110627427697, 0.10249209404, 0.127412781119, 0.60902774334],
    "chords_key": "A",
    "chords_scale": "minor",
    "key_key": "A",
    "key_scale": "minor"
}
}