{
"lowlevel": {
    "average_loudness": 0.975367963314,
    "barkbands_crest": {
        "mean": 12.9374265671,
        "var": 27.3122444153
    },
    "barkbands_flatness_db": {
        "mean": 0.207917585969,
        "var": 0.00981846172363
    },
    "barkbands_kurtosis": {
        "mean": 9.03332901001,
        "var": 324.369049072
    },
    "barkbands_skewness": {
        "mean": 1.93233478069,
        "var": 3.13474440575
    },
    "barkbands_spread": {
        "mean": 17.3404254913,
        "var": 204.030029297
    },
    "dissonance": {
        "mean": 0.425234794617,
        "var": 0.00392099842429
    },
    "dynamic_complexity": 1.93003344536,
    "erbbands_crest": {
        "mean": 12.646191597,
        "var": 34.443157196
    },
    "erbbands_flatness_db": {
        "mean": 0.19831572473,
        "var": 0.00884987413883
    },
    "erbbands_kurtosis": {
        "mean": 3.04865860939,
        "var": 36.648651123
    },
    "erbbands_skewness": {
        "mean": 0.793923556805,
        "var": 1.45673584938
    },
    "erbbands_spread": {
        "mean": 38.3012161255,
        "var": 935.329040527
    },
    "hfc": {
        "mean": 17.3343505859,
        "var": 156.294113159
    },
    "melbands_crest": {
        "mean": 16.6000137329,
        "var": 37.9288482666
    },
    "melbands_flatness_db": {
        "mean": 0.29273301363,
        "var": 0.0136830881238
    },
    "melbands_kurtosis": {
        "mean": 24.1052036285,
        "var": 1581.12475586
    },
    "melbands_skewness": {
        "mean": 3.01867294312,
        "var": 5.74418878555
    },
    "melbands_spread": {
        "mean": 15.5532369614,
        "var": 173.87348938
    },
    "pitch_salience": {
        "mean": 0.4973064363,
        "var": 0.0167801324278
    },
    "silence_rate_20dB": {
        "mean": 1,
        "var": 0
    },
    "silence_rate_30dB": {
        "mean": 0.994335711002,
        "var": 0.0056321923621
    },
    "silence_rate_60dB": {
        "mean": 0.0133882593364,
        "var": 0.0132090514526
    },
    "spectral_centroid": {
        "mean": 811.455810547,
        "var": 245443.140625
    },
    "spectral_complexity": {
        "mean": 12.1446962357,
        "var": 31.1804599762
    },
    "spectral_decrease": {
        "mean": -9.26157106562e-009,
        "var": 4.3122980049e-017
    },
    "spectral_energy": {
        "mean": 0.0365276038647,
        "var": 0.000640294514596
    },
    "spectral_energyband_high": {
        "mean": 0.000817019492388,
        "var": 1.21023776956e-006
    },
    "spectral_energyband_low": {
        "mean": 0.015310482122,
        "var": 0.000311306212097
    },
    "spectral_energyband_middle_high": {
        "mean": 0.0037757572718,
        "var": 2.87446182483e-005
    },
    "spectral_energyband_middle_low": {
        "mean": 0.0177523661405,
        "var": 0.000351970113115
    },
    "spectral_entropy": {
        "mean": 7.05256795883,
        "var": 0.880469858646
    },
    "spectral_flux": {
        "mean": 0.0989949330688,
        "var": 0.00299547845498
    },
    "spectral_kurtosis": {
        "mean": 20.2860050201,
        "var": 1479.96337891
    },
    "spectral_rms": {
        "mean": 0.00559542793781,
        "var": 4.32777005699e-006
    },
    "spectral_rolloff": {
        "mean": 974.503173828,
        "var": 1819380.5
    },
    "spectral_skewness": {
        "mean": 2.72010684013,
        "var": 5.14940595627
    },
    "spectral_spread": {
        "mean": 5406136.5,
        "var": 9.62959979315e+012
    },
    "spectral_strongpeak": {
        "mean": 0.938794314861,
        "var": 1.30987155437
    },
    "zerocrossingrate": {
        "mean": 0.0474075339735,
        "var": 0.00134957523551
    },
    "barkbands": {
        "mean": [0.000393410242395, 0.0113566452637, 0.00269420840777, 0.00171484414022, 0.009626458399, 0.00216223672032, 0.00142083514947, 0.000877441139892, 0.00139250850771, 0.00116240303032, 0.00153210456483, 0.000454294640804, 0.00015631277347, 0.000223029855988, 0.000288114679279, 6.93013353157e-005, 5.09749952471e-005, 5.11250982527e-005, 5.58874708076e-005, 6.45970430924e-005, 0.000108999302029, 0.000145677477121, 0.000191917642951, 0.000179541792022, 0.000110773878987, 4.1436545871e-005, 2.51225196735e-006],
        "var": [2.52903305409e-007, 0.000242635549512, 1.26680861285e-005, 1.44196956171e-005, 0.000296620244626, 1.39172752824e-005, 4.58723798147e-006, 1.85859846624e-006, 1.29374075186e-005, 7.63348452892e-006, 1.39499770739e-005, 1.49761797275e-006, 9.24089391674e-008, 9.86472741715e-007, 4.47725687991e-006, 1.6242193368e-008, 1.11904734368e-008, 1.11098508171e-008, 1.06145110479e-008, 1.25060983791e-008, 3.66962247256e-008, 5.08143642719e-008, 8.60501927491e-008, 7.08821090711e-008, 2.94767570352e-008, 5.6164735085e-009, 2.81145402098e-011]
    },
    "erbbands": {
        "mean": [0.276445627213, 2.64075088501, 4.04564523697, 4.73994016647, 16.7099437714, 41.5628471375, 17.2261619568, 18.4183540344, 19.8797187805, 22.5541324615, 18.2200031281, 33.3676071167, 38.2102661133, 38.7770500183, 51.8511886597, 19.7810249329, 8.84594154358, 12.5137929916, 17.7020950317, 5.36060428619, 3.72563505173, 2.78527855873, 2.79579877853, 2.9259185791, 2.79764866829, 3.08990716934, 3.82397818565, 4.75589895248, 5.00038385391, 5.93827486038, 5.24498176575, 4.20501899719, 2.66971993446, 1.49518299103, 0.649761617184, 0.233233168721, 0.0657966807485, 0.0115634622052, 0.000299239094602, 5.15787905897e-005],
        "var": [0.162416011095, 14.1796503067, 20.9453105927, 92.2688446045, 1050.16589355, 5217.64648438, 693.081054688, 1112.41186523, 769.58215332, 2020.23657227, 766.698791504, 6202.22460938, 9042.87402344, 6206.31933594, 12743.7734375, 3137.91137695, 262.036834717, 2681.46948242, 14473.265625, 415.155853271, 58.5334091187, 33.6096611023, 31.3558273315, 32.6547317505, 24.2261123657, 30.0840587616, 47.5915145874, 68.5535507202, 59.8224525452, 97.0184555054, 59.6335067749, 41.271270752, 15.4132385254, 5.13186359406, 1.13701677322, 0.174929141998, 0.014819229953, 0.000468505546451, 2.87504320795e-007, 1.05619846202e-009]
    },
    "gfcc": {
        "mean": [-32.659526825, 119.264259338, -80.7316818237, 18.4870510101, -65.9381332397, 27.5564842224, -32.0007858276, 4.41792583466, -16.8028373718, 1.28132963181, -11.2042913437, 0.88461214304, -3.83634543419],
        "cov": [[7182.53076172, -4276.47949219, 799.42956543, 1753.38244629, -1208.10046387, 458.547851563, -776.176757813, 409.858764648, -713.980163574, 319.811645508, -540.252502441, 414.967712402, -509.088378906], [-4276.47949219, 4403.58105469, -549.437561035, -1466.42822266, 1144.20959473, -341.820922852, 807.21081543, -385.131500244, 530.615112305, -458.372314453, 445.859954834, -351.327026367, 525.55871582], [799.42956543, -549.437561035, 1200.0098877, 594.23449707, -248.661407471, -64.6437530518, -214.967773438, 39.7418937683, -115.891967773, 77.348526001, -64.1089859009, 127.773757935, -41.6813735962], [1753.38244629, -1466.42822266, 594.23449707, 958.961181641, -379.876525879, -13.1643352509, -339.959197998, 63.937587738, -223.146652222, 167.956710815, -114.130020142, 153.838821411, -149.771316528], [-1208.10046387, 1144.20959473, -248.661407471, -379.876525879, 620.951721191, -167.015274048, 195.496490479, -108.467544556, 140.686294556, -87.5301055908, 142.248092651, -75.603187561, 132.517776489], [458.547851563, -341.820922852, -64.6437530518, -13.1643352509, -167.015274048, 439.612121582, 48.3724784851, 65.1258468628, -6.86656808853, 17.4025115967, -44.2915153503, 23.0612392426, -12.4432048798], [-776.176757813, 807.21081543, -214.967773438, -339.959197998, 195.496490479, 48.3724784851, 391.160675049, 35.1645736694, 105.943771362, -66.3038635254, 85.3937988281, -49.8748474121, 122.350067139], [409.858764648, -385.131500244, 39.7418937683, 63.937587738, -108.467544556, 65.1258468628, 35.1645736694, 265.720611572, 37.3463478088, 46.6396598816, -60.2712936401, 19.1438083649, -38.3485412598], [-713.980163574, 530.615112305, -115.891967773, -223.146652222, 140.686294556, -6.86656808853, 105.943771362, 37.3463478088, 263.603790283, 37.238822937, 58.1081848145, -81.1022415161, 42.7186889648], [319.811645508, -458.372314453, 77.348526001, 167.956710815, -87.5301055908, 17.4025115967, -66.3038635254, 46.6396598816, 37.238822937, 235.800628662, 33.833820343, 54.2755432129, -66.4649734497], [-540.252502441, 445.859954834, -64.1089859009, -114.130020142, 142.248092651, -44.2915153503, 85.3937988281, -60.2712936401, 58.1081848145, 33.833820343, 185.099014282, 37.6814422607, 57.2577171326], [414.967712402, -351.327026367, 127.773757935, 153.838821411, -75.603187561, 23.0612392426, -49.8748474121, 19.1438083649, -81.1022415161, 54.2755432129, 37.6814422607, 151.314865112, -12.498208046], [-509.088378906, 525.55871582, -41.6813735962, -149.771316528, 132.517776489, -12.4432048798, 122.350067139, -38.3485412598, 42.7186889648, -66.4649734497, 57.2577171326, -12.498208046, 139.396392822]],
        "icov": [[0.000494987471029, -0.000240135064814, 0.000202074850677, -0.000621006067377, 0.000113370842882, -0.00040903739864, 0.000289461109787, -0.000532726699021, 0.00074145704275, -0.000391242007026, 0.00102578708902, -0.000836401013657, 0.000651288894005], [-0.000240135064814, 0.00370991672389, -0.00131305342074, 0.00217466591857, -0.00120254640933, 0.00143781187944, -0.00267014186829, 0.00286860228516, -0.00329268327914, 0.00392393069342, -0.00474916165695, 0.00384157896042, -0.0033408741001], [0.000202074850677, -0.00131305342074, 0.00179647002369, -0.00168041046709, 0.000643965962809, -0.000332701660227, 0.00108462828211, -0.00107042479794, 0.000879510072991, -0.00121382612269, 0.00209400150925, -0.00210827612318, 0.000634424213786], [-0.000621006067377, 0.00217466591857, -0.00168041046709, 0.00453535187989, -0.000400989549235, 0.00136470177677, -0.000703692785464, 0.00167304847855, -0.00108360755257, 0.00103533756919, -0.00294683966786, 0.00230220728554, -0.00227305502631], [0.000113370842882, -0.00120254640933, 0.000643965962809, -0.000400989549235, 0.00355913466774, 0.000536984123755, 0.000376805866836, -0.000342544488376, 0.000350670568878, -0.000814247701783, 0.000507593271323, -0.00100875459611, 0.000154477835167], [-0.00040903739864, 0.00143781187944, -0.000332701660227, 0.00136470177677, 0.000536984123755, 0.00368644925766, -0.00187220296357, 0.00137100298889, -0.00192984309979, 0.00141580263153, -0.00145139999222, 0.000943210208789, -0.00176173623186], [0.000289461109787, -0.00267014186829, 0.00108462828211, -0.000703692785464, 0.000376805866836, -0.00187220296357, 0.00730802072212, -0.00413365149871, 0.00299472548068, -0.00278847105801, 0.00184336444363, -0.00168684485834, -0.000540102657396], [-0.000532726699021, 0.00286860228516, -0.00107042479794, 0.00167304847855, -0.000342544488376, 0.00137100298889, -0.00413365149871, 0.00823464151472, -0.00514273857698, 0.00281381583773, -0.00128789059818, 0.000978637603112, -0.00140742445365], [0.00074145704275, -0.00329268327914, 0.000879510072991, -0.00108360755257, 0.000350670568878, -0.00192984309979, 0.00299472548068, -0.00514273857698, 0.0114161865786, -0.00662971567363, 0.00282933725975, 0.000738256028853, 0.0019162875833], [-0.000391242007026, 0.00392393069342, -0.00121382612269, 0.00103533756919, -0.000814247701783, 0.00141580263153, -0.00278847105801, 0.00281381583773, -0.00662971567363, 0.0118302041665, -0.00766835687682, 0.00234474614263, -0.000319113722071], [0.00102578708902, -0.00474916165695, 0.00209400150925, -0.00294683966786, 0.000507593271323, -0.00145139999222, 0.00184336444363, -0.00128789059818, 0.00282933725975, -0.00766835687682, 0.018538819626, -0.0114385299385, 0.00336353410967], [-0.000836401013657, 0.00384157896042, -0.00210827612318, 0.00230220728554, -0.00100875459611, 0.000943210208789, -0.00168684485834, 0.000978637603112, 0.000738256028853, 0.00234474614263, -0.0114385299385, 0.0178655665368, -0.00571020040661], [0.000651288894005, -0.0033408741001, 0.000634424213786, -0.00227305502631, 0.000154477835167, -0.00176173623186, -0.000540102657396, -0.00140742445365, 0.0019162875833, -0.000319113722071, 0.00336353410967, -0.00571020040661, 0.0170455183834]]
    },
    "melbands": {
        "mean": [0.00287400418893, 0.00274078641087, 0.000929493107833, 0.00248888065107, 0.000798569468316, 0.000416248687543, 0.000294581550406, 0.000239504181081, 0.00015771460312, 0.000209480000194, 0.000187664641999, 0.000149075320223, 0.000213161896681, 6.15890749032e-005, 2.99681760225e-005, 1.45863423313e-005, 2.49675704254e-005, 2.60595334112e-005, 1.55332108989e-005, 4.76998593513e-006, 4.14856185671e-006, 2.85417513624e-006, 2.69026099886e-006, 2.41832071879e-006, 2.37466292674e-006, 2.04414027394e-006, 2.02052365239e-006, 2.02719616027e-006, 2.14742021853e-006, 2.69131692221e-006, 2.81134907709e-006, 2.81383404399e-006, 2.76699438473e-006, 3.50664549842e-006, 2.95183963317e-006, 2.97455790133e-006, 2.39925248025e-006, 1.93754090105e-006, 1.54045824274e-006, 1.17538468203e-006],
        "var": [1.60668914759e-005, 1.0825834579e-005, 2.64773075287e-006, 2.32855709328e-005, 1.04816103885e-006, 5.3080481166e-007, 1.68790521116e-007, 2.07324930557e-007, 9.96754891958e-008, 2.68884605248e-007, 2.29144035302e-007, 1.04151475e-007, 2.56962863432e-007, 2.30534524803e-008, 6.04822236738e-009, 6.52063125717e-010, 1.34226336712e-008, 2.80110068474e-008, 1.12073355041e-008, 5.0435322585e-011, 9.19453471693e-011, 3.90513316129e-011, 2.84616583773e-011, 2.6372086806e-011, 2.23387350284e-011, 1.45927766398e-011, 1.37008191251e-011, 1.31568497416e-011, 1.52417228144e-011, 2.41375201077e-011, 2.44374503272e-011, 2.00664259514e-011, 1.85367294431e-011, 3.78729062001e-011, 1.89890724672e-011, 2.10966157738e-011, 1.41149644056e-011, 8.48414914711e-012, 5.43784114959e-012, 3.38764086227e-012]
    },
    "mfcc": {
        "mean": [-685.951171875, 148.649642944, 41.8059272766, 2.85858392715, 1.59297692776, 13.0814666748, -0.295856356621, 5.45579910278, 2.16064834595, 2.71965003014, -2.29617190361, -1.19112575054, 1.11837780476],
        "cov": [[6682.61035156, -4366.70849609, 846.331665039, 817.959838867, -149.388336182, -48.6040725708, -70.0651168823, 23.026014328, -235.749237061, -129.555541992, -82.5600585938, -13.6486549377, -127.751068115], [-4366.70849609, 4478.1875, -883.76159668, -805.701782227, 128.065200806, 90.1641693115, 247.583312988, 164.160964966, 264.812896729, 78.8590621948, 11.4143133163, -65.1424636841, 30.2371120453], [846.331665039, -883.76159668, 1161.84118652, 483.402832031, 2.57502579689, 0.27766212821, -98.508644104, -41.221698761, -79.2105255127, -38.0065155029, -19.2634963989, -17.5510578156, -13.9118881226], [817.959838867, -805.701782227, 483.402832031, 768.073791504, 120.772521973, -102.15612793, -71.4724273682, -139.09942627, -122.086662292, -87.3564453125, -42.1266098022, 37.7737426758, 7.89408063889], [-149.388336182, 128.065200806, 2.57502579689, 120.772521973, 258.812225342, 15.1985883713, -48.5332679749, -43.3890228271, -43.3725280762, -12.8650083542, -12.9571523666, -6.42367649078, 3.04711389542], [-48.6040725708, 90.1641693115, 0.27766212821, -102.15612793, 15.1985883713, 234.845733643, 52.0449905396, -11.930062294, -24.94490242, -12.256737709, 9.76125717163, -8.46798419952, 7.62692737579], [-70.0651168823, 247.583312988, -98.508644104, -71.4724273682, -48.5332679749, 52.0449905396, 212.889297485, 85.1427078247, 31.5573005676, -22.3049507141, -23.1854610443, -1.07660937309, 5.9536614418], [23.026014328, 164.160964966, -41.221698761, -139.09942627, -43.3890228271, -11.930062294, 85.1427078247, 200.541290283, 96.0244445801, 25.0533733368, -14.2044830322, -25.8085193634, -14.4455852509], [-235.749237061, 264.812896729, -79.2105255127, -122.086662292, -43.3725280762, -24.94490242, 31.5573005676, 96.0244445801, 180.164260864, 106.14793396, 25.2350997925, -23.097026825, -24.1216182709], [-129.555541992, 78.8590621948, -38.0065155029, -87.3564453125, -12.8650083542, -12.256737709, -22.3049507141, 25.0533733368, 106.14793396, 177.805160522, 90.438911438, -12.6220149994, -35.4331321716], [-82.5600585938, 11.4143133163, -19.2634963989, -42.1266098022, -12.9571523666, 9.76125717163, -23.1854610443, -14.2044830322, 25.2350997925, 90.438911438, 136.2003479, 48.8457069397, -2.09988737106], [-13.6486549377, -65.1424636841, -17.5510578156, 37.7737426758, -6.42367649078, -8.46798419952, -1.07660937309, -25.8085193634, -23.097026825, -12.6220149994, 48.8457069397, 133.834136963, 72.0430603027], [-127.751068115, 30.2371120453, -13.9118881226, 7.89408063889, 3.04711389542, 7.62692737579, 5.9536614418, -14.4455852509, -24.1216182709, -35.4331321716, -2.09988737106, 72.0430603027, 156.742218018]],
        "icov": [[0.000485039694468, 0.000476380140753, 5.81385138503e-005, -0.00015876677935, 3.21739862557e-005, -0.000121647950436, -0.000200125097763, -0.00050495727919, 0.000149224579218, 7.56529552746e-005, 2.77947528957e-005, 0.000102716701804, 0.000276169681456], [0.000476380140753, 0.000827947456855, 0.00012048419012, 0.000216467044083, -0.000444899545982, 1.7270391254e-005, -0.000612406583969, -0.000184318021638, -0.000481889204821, 0.000460635812487, -0.000187329234905, 0.000304177840007, 0.000130077605718], [5.81385138503e-005, 0.00012048419012, 0.00142244528979, -0.00110503134783, 0.000561889901292, -0.0007138949004, 0.000761227158364, -0.000907101959456, 0.000317373080179, -0.000144085657666, -0.000127852836158, 0.000521990587004, -0.000108017396997], [-0.00015876677935, 0.000216467044083, -0.00110503134783, 0.00323899276555, -0.0017215393018, 0.00172973761801, -0.00123574654572, 0.00221973587759, -0.000573597673792, 0.000863987661432, 0.000276283157291, -0.000768432102632, 0.000232380829402], [3.21739862557e-005, -0.000444899545982, 0.000561889901292, -0.0017215393018, 0.00544545752928, -0.00129319832195, 0.00186375377234, -0.00102332793176, 0.00183254841249, -0.0013814578997, 0.000913855503313, 0.000244239607127, -8.97077552509e-005], [-0.000121647950436, 1.7270391254e-005, -0.0007138949004, 0.00172973761801, -0.00129319832195, 0.00587077345699, -0.00238188845105, 0.00183483143337, 0.000414131791331, 0.000749179569539, -0.00131435215008, 0.000931116228458, -0.000466393772513], [-0.000200125097763, -0.000612406583969, 0.000761227158364, -0.00123574654572, 0.00186375377234, -0.00238188845105, 0.0077615827322, -0.00340365781449, 0.000205996184377, 0.00047764959163, 0.000911084702238, -0.00082347728312, 8.6375803221e-005], [-0.00050495727919, -0.000184318021638, -0.000907101959456, 0.00221973587759, -0.00102332793176, 0.00183483143337, -0.00340365781449, 0.010177818127, -0.00516468659043, 0.00183763646055, 9.54977440415e-005, 0.000445182813564, -0.000153144574142], [0.000149224579218, -0.000481889204821, 0.000317373080179, -0.000573597673792, 0.00183254841249, 0.000414131791331, 0.000205996184377, -0.00516468659043, 0.0143482480198, -0.00925251841545, 0.00334453140385, -0.000605392153375, 0.000171597930603], [7.56529552746e-005, 0.000460635812487, -0.000144085657666, 0.000863987661432, -0.0013814578997, 0.000749179569539, 0.00047764959163, 0.00183763646055, -0.00925251841545, 0.0168805122375, -0.0105277579278, 0.00385739747435, 0.000536211126018], [2.77947528957e-005, -0.000187329234905, -0.000127852836158, 0.000276283157291, 0.000913855503313, -0.00131435215008, 0.000911084702238, 9.54977440415e-005, 0.00334453140385, -0.0105277579278, 0.0170404724777, -0.00794531032443, 0.00206888793036], [0.000102716701804, 0.000304177840007, 0.000521990587004, -0.000768432102632, 0.000244239607127, 0.000931116228458, -0.00082347728312, 0.000445182813564, -0.000605392153375, 0.00385739747435, -0.00794531032443, 0.01433946006, -0.00578609714285], [0.000276169681456, 0.000130077605718, -0.000108017396997, 0.000232380829402, -8.97077552509e-005, -0.000466393772513, 8.6375803221e-005, -0.000153144574142, 0.000171597930603, 0.000536211126018, 0.00206888793036, -0.00578609714285, 0.0094004413113]]
    },
    "spectral_contrast_coeffs": {
        "mean": [-0.644007503986, -0.718192994595, -0.737253665924, -0.768826842308, -0.810815215111, -0.803599715233],
        "var": [0.0118367383257, 0.00693318387493, 0.00572362076491, 0.00461145117879, 0.00219395500608, 0.00147741113324]
    },
    "spectral_contrast_valleys": {
        "mean": [-6.93566036224, -6.6809425354, -7.4201669693, -8.48416233063, -8.82663440704, -10.3685712814],
        "var": [0.804842889309, 0.613534510136, 0.952473700047, 0.925710976124, 2.30960154533, 3.332280159]
    }
},
"metadata": {
    "audio_properties": {
        "analysis_sample_rate": 44100,
        "bit_rate": 128074,
        "equal_loudness": 0,
        "length": 45.0612258911,
        "lossless": 0,
        "replay_gain": -5.9040927887,
        "sample_rate": 44100,
        "codec": "mp3",
        "downmix": "mix",
        "md5_encoded": "642007f0d8d725e7d88c705700e9454f"
    },
    "tags": {
        "file_name": "1660.mp3"
    },
    "version": {
        "essentia": "2.1-beta2",
        "essentia_git_sha": "v2.1_beta2",
        "extractor": "music 1.0"
    }
},
"rhythm": {
    "beats_count": 79,
    "beats_loudness": {
        "mean": 0.0435856059194,
        "var": 0.000630602415185
    },
    "bpm": 106.788444519,
    "bpm_histogram_first_peak_bpm": {
        "mean": 108,
        "var": 0
    },
    "bpm_histogram_first_peak_spread": {
        "mean": 0.418918937445,
        "var": 0
    },
    "bpm_histogram_first_peak_weight": {
        "mean": 0.551282048225,
        "var": 0
    },
    "bpm_histogram_second_peak_bpm": {
        "mean": 103,
        "var": 0
    },
    "bpm_histogram_second_peak_spread": {
        "mean": 0.249999985099,
        "var": 0
    },
    "bpm_histogram_second_peak_weight": {
        "mean": 0.0384615398943,
        "var": 0
    },
    "danceability": 1.74427092075,
    "onset_rate": 4.99095630646,
    "beats_loudness_band_ratio": {
        "mean": [0.412965029478, 0.27734452486, 0.144235491753, 0.138638079166, 0.0194481350482, 0.0527067407966],
        "var": [0.0667910724878, 0.0642280429602, 0.0296868700534, 0.0285875275731, 0.000693473382853, 0.00493994588032]
    },
    "beats_position": [0.522448956966, 1.07972788811, 1.62539684772, 2.18267560005, 2.73995471001, 3.29723358154, 3.85451245308, 4.42340135574, 4.96907043457, 5.52634906769, 6.10684776306, 6.67573690414, 7.24462556839, 7.80190467834, 8.35918331146, 8.91646194458, 9.47374153137, 10.0542402267, 10.6115188599, 11.1687984467, 11.7260770798, 12.2833557129, 12.840634346, 13.4095239639, 13.9784126282, 14.5473012924, 15.1045799255, 15.6618595123, 16.2191371918, 16.7880268097, 17.3453063965, 17.9141941071, 18.483083725, 19.0519733429, 19.6208610535, 20.1781406403, 20.7354183197, 21.2926979065, 21.8615875244, 22.430475235, 22.9877548218, 23.5450344086, 24.102312088, 24.6712017059, 25.2400894165, 25.7973690033, 26.3546485901, 26.9119262695, 27.4692058563, 28.0380954742, 28.6069831848, 29.1642627716, 29.7331504822, 30.3020401001, 30.8593196869, 31.4165973663, 31.9738769531, 32.542766571, 33.111656189, 33.6689338684, 34.2262115479, 34.7951011658, 35.3639907837, 35.9212684631, 36.4785499573, 37.0474357605, 37.6163253784, 38.1736030579, 38.730884552, 39.2881622314, 39.8570518494, 40.4259414673, 40.9832191467, 41.5404968262, 42.0977783203, 42.678276062, 43.2471656799, 43.7928352356, 44.3849411011]
},
"tonal": {
    "chords_changes_rate": 0.0401234552264,
    "chords_number_rate": 0.00411522621289,
    "chords_strength": {
        "mean": 0.609052717686,
        "var": 0.0113528007641
    },
    "hpcp_entropy": {
        "mean": 1.90964436531,
        "var": 0.454405128956
    },
    "key_strength": 0.848764896393,
    "tuning_diatonic_strength": 0.691553771496,
    "tuning_equal_tempered_deviation": 0.101270407438,
    "tuning_frequency": 441.527557373,
    "tuning_nontempered_energy_ratio": 0.75838559866,
    "hpcp": {
        "mean": [0.401986330748, 0.241126149893, 0.120791427791, 0.0716785341501, 0.0622581578791, 0.128377303481, 0.167934685946, 0.0918210446835, 0.0709854438901, 0.103552468121, 0.0781352519989, 0.0649195462465, 0.0665113702416, 0.0559686757624, 0.0688339099288, 0.0872864201665, 0.0873705670238, 0.0719311460853, 0.0669799149036, 0.112197861075, 0.262609630823, 0.355773895979, 0.233386576176, 0.118060566485, 0.0834420770407, 0.0454365387559, 0.0343654826283, 0.0331620164216, 0.0351499505341, 0.07207287848, 0.092413879931, 0.0691132768989, 0.0785777270794, 0.100307449698, 0.171833589673, 0.360780119896],
        "var": [0.135201141238, 0.0858872383833, 0.0566769093275, 0.0316680446267, 0.0182155873626, 0.0317174233496, 0.0603528358042, 0.0249145813286, 0.0243504680693, 0.0544695295393, 0.023660575971, 0.0163169614971, 0.018029872328, 0.0184045638889, 0.0260216314346, 0.0416285283864, 0.0389267131686, 0.0325935184956, 0.0325900651515, 0.0435377880931, 0.0846674591303, 0.130009576678, 0.0811520442367, 0.0494879260659, 0.0386845953763, 0.0140430256724, 0.0125569868833, 0.0107930451632, 0.00583986006677, 0.0188241209835, 0.0407882407308, 0.0210931785405, 0.0259583778679, 0.0342233888805, 0.053419046104, 0.129674136639]
    },
    "chords_histogram": [36.7283935547, 0, 13.8888893127, 0, 0, 0, 0, 36.7283935547, 0.102880656719, 9.97942352295, 0.102880656719, 0, 0.925925910473, 0, 0, 0, 0, 0.720164597034, 0, 0.411522626877, 0, 0, 0.411522626877, 0],
    "thpcp": [1, 0.599836707115, 0.300486415625, 0.178310871124, 0.154876306653, 0.319357395172, 0.417762190104, 0.228418320417, 0.176586717367, 0.257601976395, 0.194372907281, 0.161496892571, 0.165456801653, 0.139230296016, 0.171234458685, 0.217137783766, 0.217347115278, 0.178939282894, 0.166622370481, 0.279108643532, 0.65328001976, 0.885039806366, 0.580583393574, 0.293692976236, 0.207574412227, 0.113030061126, 0.0854891836643, 0.0824953839183, 0.087440662086, 0.179291859269, 0.229893088341, 0.171929419041, 0.195473626256, 0.249529510736, 0.427461266518, 0.897493481636],
    "chords_key": "A",
    "chords_scale": "major",
    "key_key": "A",
    "key_scale": "minor"
}
}