{
"lowlevel": {
    "average_loudness": 0.957146465778,
    "barkbands_crest": {
        "mean": 12.5535783768,
        "var": 16.3653125763
    },
    "barkbands_flatness_db": {
        "mean": 0.121842771769,
        "var": 0.0013785129413
    },
    "barkbands_kurtosis": {
        "mean": 6.76940488815,
        "var": 32.7631454468
    },
    "barkbands_skewness": {
        "mean": 2.32839107513,
        "var": 0.909397006035
    },
    "barkbands_spread": {
        "mean": 22.1525020599,
        "var": 141.104110718
    },
    "dissonance": {
        "mean": 0.45943659544,
        "var": 0.000888433889486
    },
    "dynamic_complexity": 1.99565136433,
    "erbbands_crest": {
        "mean": 7.63310813904,
        "var": 20.9341220856
    },
    "erbbands_flatness_db": {
        "mean": 0.106502465904,
        "var": 0.00065559783252
    },
    "erbbands_kurtosis": {
        "mean": -0.297712653875,
        "var": 0.474555104971
    },
    "erbbands_skewness": {
        "mean": 0.383441895247,
        "var": 0.233866378665
    },
    "erbbands_spread": {
        "mean": 52.8076591492,
        "var": 172.159988403
    },
    "hfc": {
        "mean": 23.1631469727,
        "var": 244.591934204
    },
    "melbands_crest": {
        "mean": 19.2262134552,
        "var": 26.0150470734
    },
    "melbands_flatness_db": {
        "mean": 0.207406952977,
        "var": 0.00187722372357
    },
    "melbands_kurtosis": {
        "mean": 22.1273574829,
        "var": 222.059967041
    },
    "melbands_skewness": {
        "mean": 3.81272983551,
        "var": 1.75480806828
    },
    "melbands_spread": {
        "mean": 16.3350124359,
        "var": 134.7293396
    },
    "pitch_salience": {
        "mean": 0.470564186573,
        "var": 0.0119037227705
    },
    "silence_rate_20dB": {
        "mean": 1,
        "var": 0
    },
    "silence_rate_30dB": {
        "mean": 0.983522117138,
        "var": 0.0162060409784
    },
    "silence_rate_60dB": {
        "mean": 0.00360453152098,
        "var": 0.00359152653255
    },
    "spectral_centroid": {
        "mean": 1225.75146484,
        "var": 296721.0625
    },
    "spectral_complexity": {
        "mean": 20.5952625275,
        "var": 94.7692947388
    },
    "spectral_decrease": {
        "mean": -1.02499662091e-008,
        "var": 4.4393433517e-017
    },
    "spectral_energy": {
        "mean": 0.0407866872847,
        "var": 0.00068068690598
    },
    "spectral_energyband_high": {
        "mean": 0.00130114250351,
        "var": 1.37379652188e-006
    },
    "spectral_energyband_low": {
        "mean": 0.0222057346255,
        "var": 0.000333230185788
    },
    "spectral_energyband_middle_high": {
        "mean": 0.00427901325747,
        "var": 1.46306447277e-005
    },
    "spectral_energyband_middle_low": {
        "mean": 0.0154886897653,
        "var": 0.000244435621426
    },
    "spectral_entropy": {
        "mean": 7.63559770584,
        "var": 0.221547961235
    },
    "spectral_flux": {
        "mean": 0.0994600877166,
        "var": 0.0043435767293
    },
    "spectral_kurtosis": {
        "mean": 3.22181081772,
        "var": 0.855222165585
    },
    "spectral_rms": {
        "mean": 0.0060301842168,
        "var": 3.4288052575e-006
    },
    "spectral_rolloff": {
        "mean": 922.200012207,
        "var": 1124279.75
    },
    "spectral_skewness": {
        "mean": 1.44377458096,
        "var": 0.0830211490393
    },
    "spectral_spread": {
        "mean": 5704140,
        "var": 1.05661713613e+012
    },
    "spectral_strongpeak": {
        "mean": 0.708752453327,
        "var": 0.393147289753
    },
    "zerocrossingrate": {
        "mean": 0.0350277684629,
        "var": 0.000798363995273
    },
    "barkbands": {
        "mean": [0.000520173984114, 0.0103902453557, 0.00905464217067, 0.0048680533655, 0.00382042420097, 0.00219085020944, 0.0014887668658, 0.00100552802905, 0.0016446984373, 0.00109863374382, 0.000523137510754, 0.000499795773067, 0.000453171232948, 0.000280761654722, 0.000387927371776, 0.000255858903984, 0.000315518525895, 0.000251413264778, 0.000294624333037, 0.000277924758848, 0.000321869592881, 0.000248004624154, 0.000244119612034, 0.000136417365866, 8.86764246388e-005, 0.000102418038296, 2.30180576182e-005],
        "var": [1.4901133909e-006, 0.000161755044246, 9.07371504582e-005, 0.000116750030429, 2.67297418759e-005, 9.51411402639e-006, 6.1378477767e-006, 6.36993627268e-006, 1.23645468193e-005, 5.99423810854e-006, 2.77673848359e-006, 4.68751636618e-007, 4.25147788974e-007, 1.37750191698e-007, 2.64351200485e-007, 7.06332201617e-008, 1.9392923889e-007, 8.08666840157e-008, 8.52769304061e-008, 7.31965670298e-008, 1.22794887147e-007, 7.29847613457e-008, 1.65207509895e-007, 1.2744072464e-008, 4.50260539964e-009, 1.37838220837e-008, 6.01253158372e-010]
    },
    "erbbands": {
        "mean": [0.157631218433, 2.84408092499, 10.5745744705, 13.3630218506, 14.7954559326, 11.081372261, 16.2555923462, 16.6065273285, 22.1566429138, 21.6374015808, 28.8560676575, 39.8043136597, 34.8319129944, 28.7270622253, 20.4303894043, 21.8032913208, 20.5919494629, 14.6998796463, 15.1580410004, 22.5616378784, 15.6605119705, 16.4636898041, 14.6575164795, 14.4849567413, 14.7886505127, 13.0982074738, 13.2111063004, 11.6947402954, 9.33503818512, 7.55658531189, 6.88802623749, 3.61100268364, 1.97635185719, 1.07409501076, 0.590727388859, 0.37027823925, 0.186670362949, 0.0650759860873, 0.00240959925577, 9.24370833673e-005],
        "var": [0.0571553520858, 11.4705400467, 112.508705139, 418.263305664, 784.216918945, 269.253997803, 416.26953125, 825.718139648, 1512.44995117, 1776.42236328, 4238.43310547, 7642.03955078, 6478.625, 4399.27246094, 2907.11499023, 1035.28759766, 891.754516602, 312.330169678, 370.124450684, 1105.99768066, 307.234619141, 451.30380249, 246.984207153, 236.104492188, 202.23866272, 166.536849976, 172.445388794, 195.222839355, 108.236923218, 61.3293685913, 245.774078369, 13.576174736, 2.56476378441, 0.730005145073, 0.21459248662, 0.302063316107, 0.0349469333887, 0.00333118112758, 6.60572959532e-006, 3.8187644158e-009]
    },
    "gfcc": {
        "mean": [45.8530502319, 61.7332305908, -92.1364898682, 30.691778183, -52.1579170227, 16.4239997864, -30.8068332672, 11.0490922928, -24.511051178, 5.72123718262, -23.5506877899, 3.03979086876, -19.8604660034],
        "cov": [[2663.41699219, -27.6073112488, 4.2656955719, 193.888748169, -40.706829071, -1.9212808609, 63.4865531921, 20.9512863159, 81.6259918213, 78.5229187012, 21.7302017212, 44.5210494995, -65.3907012939], [-27.6073112488, 409.807617188, 181.544021606, 24.3512573242, 76.0510253906, 53.7731704712, -13.1162557602, 47.7931900024, 41.8985137939, 91.1327972412, 93.0618667603, 45.6365203857, 30.9649791718], [4.2656955719, 181.544021606, 153.236831665, 74.8323287964, 62.6450309753, 32.7234687805, 38.9386978149, 25.9697246552, 57.0201797485, 75.6185302734, 77.7631378174, 54.0555763245, 35.7273445129], [193.888748169, 24.3512573242, 74.8323287964, 124.656158447, 48.3463745117, 16.8129692078, 41.8676300049, -13.1851205826, 43.397693634, 44.3794975281, 55.6442184448, 47.2160072327, 11.4753446579], [-40.706829071, 76.0510253906, 62.6450309753, 48.3463745117, 80.901184082, 47.8373794556, 22.928527832, 31.3602657318, 31.396112442, 33.6609039307, 45.6753730774, 31.8826408386, 18.4526367188], [-1.9212808609, 53.7731704712, 32.7234687805, 16.8129692078, 47.8373794556, 73.477645874, 51.7143974304, 68.4990615845, 37.4611663818, 27.4966945648, 36.8759498596, 32.3420906067, 17.8613834381], [63.4865531921, -13.1162557602, 38.9386978149, 41.8676300049, 22.928527832, 51.7143974304, 116.842430115, 80.000038147, 69.7601547241, 39.8493385315, 32.2819747925, 38.8618431091, 24.2652873993], [20.9512863159, 47.7931900024, 25.9697246552, -13.1851205826, 31.3602657318, 68.4990615845, 80.000038147, 167.262527466, 102.796447754, 58.0516471863, 31.5390396118, 32.3307952881, 30.3217144012], [81.6259918213, 41.8985137939, 57.0201797485, 43.397693634, 31.396112442, 37.4611663818, 69.7601547241, 102.796447754, 134.714416504, 111.047332764, 77.1653060913, 41.7906837463, 13.4080944061], [78.5229187012, 91.1327972412, 75.6185302734, 44.3794975281, 33.6609039307, 27.4966945648, 39.8493385315, 58.0516471863, 111.047332764, 158.424041748, 128.076766968, 61.2594184875, 15.4873390198], [21.7302017212, 93.0618667603, 77.7631378174, 55.6442184448, 45.6753730774, 36.8759498596, 32.2819747925, 31.5390396118, 77.1653060913, 128.076766968, 162.908798218, 110.665344238, 37.4818000793], [44.5210494995, 45.6365203857, 54.0555763245, 47.2160072327, 31.8826408386, 32.3420906067, 38.8618431091, 32.3307952881, 41.7906837463, 61.2594184875, 110.665344238, 134.248657227, 84.2174835205], [-65.3907012939, 30.9649791718, 35.7273445129, 11.4753446579, 18.4526367188, 17.8613834381, 24.2652873993, 30.3217144012, 13.4080944061, 15.4873390198, 37.4818000793, 84.2174835205, 109.772422791]],
        "icov": [[0.000594315468334, -0.000406841107178, 0.000871875032317, -0.00204079318792, 0.00123173813336, -0.00028049829416, 0.000273060868494, -0.00070168741513, 0.000763122574426, -0.0014532438945, 0.00186987023335, -0.0016288474435, 0.00109342113137], [-0.000406841107178, 0.0106216007844, -0.0162203274667, 0.00452318182215, 0.00203326577321, -0.00678882468492, 0.00831832084805, -0.00364901754074, 0.00386643502861, -0.00148954056203, -0.00160659616813, 0.00148035190068, 0.000650561589282], [0.000871875032317, -0.0162203274667, 0.0386715456843, -0.012533178553, -0.00897241476923, 0.0121865253896, -0.0139413438737, 0.00451297312975, -0.00372871244326, -0.00198741396889, 0.000228887598496, 0.00134167121723, -0.00519242370501], [-0.00204079318792, 0.00452318182215, -0.012533178553, 0.0332383215427, -0.0159088652581, 0.000557132123504, -0.00644034426659, 0.0176796820015, -0.0159695744514, 0.00556737976149, 0.00240749167278, -0.00826918426901, 0.00392380170524], [0.00123173813336, 0.00203326577321, -0.00897241476923, -0.0159088652581, 0.0403212383389, -0.0254095494747, 0.0133627662435, -0.00627513043582, 0.00306425243616, 0.00131291034631, -0.00508794095367, 0.00703188683838, -0.00333762844093], [-0.00028049829416, -0.00678882468492, 0.0121865253896, 0.000557132123504, -0.0254095494747, 0.0545455403626, -0.0200289767236, -0.0150785753503, 0.0110788242891, 0.00534898927435, -0.0119775952771, 0.00248259422369, 0.00178912305273], [0.000273060868494, 0.00831832084805, -0.0139413438737, -0.00644034426659, 0.0133627662435, -0.0200289767236, 0.0290380995721, -0.00756201194599, -0.00218208343722, -0.00137831771281, 0.00439471192658, -0.00280071469024, 0.000818649714347], [-0.00070168741513, -0.00364901754074, 0.00451297312975, 0.0176796820015, -0.00627513043582, -0.0150785753503, -0.00756201194599, 0.0364215932786, -0.0313156880438, 0.0040110857226, 0.0113607058302, -0.00832907762378, -0.0018161755288], [0.000763122574426, 0.00386643502861, -0.00372871244326, -0.0159695744514, 0.00306425243616, 0.0110788242891, -0.00218208343722, -0.0313156880438, 0.0544753745198, -0.0275525413454, 0.00160636485089, 0.00195246865042, 0.00424861768261], [-0.0014532438945, -0.00148954056203, -0.00198741396889, 0.00556737976149, 0.00131291034631, 0.00534898927435, -0.00137831771281, 0.0040110857226, -0.0275525413454, 0.0515428967774, -0.0455985479057, 0.0277978610247, -0.0119384983554], [0.00186987023335, -0.00160659616813, 0.000228887598496, 0.00240749167278, -0.00508794095367, -0.0119775952771, 0.00439471192658, 0.0113607058302, 0.00160636485089, -0.0455985479057, 0.0775024965405, -0.0612644925714, 0.0267115663737], [-0.0016288474435, 0.00148035190068, 0.00134167121723, -0.00826918426901, 0.00703188683838, 0.00248259422369, -0.00280071469024, -0.00832907762378, 0.00195246865042, 0.0277978610247, -0.0612644925714, 0.0710696429014, -0.0373926088214], [0.00109342113137, 0.000650561589282, -0.00519242370501, 0.00392380170524, -0.00333762844093, 0.00178912305273, 0.000818649714347, -0.0018161755288, 0.00424861768261, -0.0119384983554, 0.0267115663737, -0.0373926088214, 0.032180391252]]
    },
    "melbands": {
        "mean": [0.00217544380575, 0.00510841002688, 0.00249539478682, 0.000883952656295, 0.00055183848599, 0.000392340589315, 0.000339568447089, 0.000219443143578, 0.000262155197561, 0.000233528029639, 0.000168671467691, 0.000116670737043, 6.96594506735e-005, 5.94321354583e-005, 5.17100015713e-005, 4.05637474614e-005, 2.54692040471e-005, 2.41116595134e-005, 2.79158466583e-005, 2.47171574301e-005, 1.77931397047e-005, 1.71583906194e-005, 1.56925470947e-005, 1.18006500998e-005, 1.15869770525e-005, 1.10803603093e-005, 1.02007961686e-005, 8.26227642392e-006, 7.59693239161e-006, 8.66308619152e-006, 6.17228670308e-006, 5.43821124666e-006, 4.34466755905e-006, 4.25012467531e-006, 4.06921208196e-006, 3.10981272378e-006, 1.90215382645e-006, 1.48992285176e-006, 1.03983120425e-006, 8.3500412984e-007],
        "var": [7.72133989813e-006, 2.47410662269e-005, 1.49803045133e-005, 1.87116063444e-006, 4.88823957312e-007, 4.2316037252e-007, 3.21687394944e-007, 1.78457653988e-007, 3.03077570152e-007, 2.43839366476e-007, 1.63432332556e-007, 7.67494299225e-008, 4.2159548741e-008, 8.22272738787e-009, 4.2980365933e-009, 3.99245614346e-009, 1.03765152026e-009, 1.12392439799e-009, 1.09732767317e-009, 1.03515862548e-009, 5.82834724927e-010, 6.70707545058e-010, 4.19557721898e-010, 2.47057735381e-010, 1.88049992245e-010, 1.1961168167e-010, 1.25575438936e-010, 7.68042365817e-011, 5.61570581703e-011, 1.06383894749e-010, 5.88910725741e-011, 4.10718820065e-011, 2.2242065828e-011, 2.08254646167e-011, 7.64645152751e-011, 3.85492263111e-011, 2.96353891947e-012, 1.7344474381e-012, 7.16362787232e-013, 5.10572053386e-013]
    },
    "mfcc": {
        "mean": [-608.957275391, 100.537063599, 13.3656225204, 23.2303256989, 4.16203355789, 10.7867507935, 3.16800737381, 6.87988805771, 2.62396907806, 5.26436281204, 0.189949214458, 1.13053882122, -0.843386173248],
        "cov": [[2199.12988281, -9.07359027863, 85.8715591431, 154.216690063, -59.5969009399, 74.100944519, -40.5652198792, 18.0472736359, -2.57456374168, 62.0910987854, 34.6891517639, 90.3294677734, 71.1975860596], [-9.07359027863, 447.595916748, 138.415328979, -0.633650064468, 98.9105682373, 15.8243818283, 37.8399963379, -13.178106308, 20.4174747467, 14.4222574234, 66.42137146, 74.5739746094, 101.561210632], [85.8715591431, 138.415328979, 113.069358826, 63.5724029541, 29.6785755157, 35.8513679504, 12.4799604416, -3.91362905502, 4.96635150909, 12.7383937836, 36.2513999939, 43.4630508423, 56.2895622253], [154.216690063, -0.633650064468, 63.5724029541, 112.555686951, 21.3031177521, 53.6253623962, -2.76850271225, -9.38339519501, -16.3160457611, -7.78205108643, 7.00633716583, 21.5017528534, 20.9884033203], [-59.5969009399, 98.9105682373, 29.6785755157, 21.3031177521, 92.6498031616, 23.1046447754, 18.2302646637, -0.705153048038, -9.6158246994, 2.73595499992, 14.2594423294, 26.6290512085, 23.249961853], [74.100944519, 15.8243818283, 35.8513679504, 53.6253623962, 23.1046447754, 73.869354248, 25.5538578033, -3.62872242928, -25.1713867188, -7.48807191849, 15.183681488, 29.2025871277, 30.0691890717], [-40.5652198792, 37.8399963379, 12.4799604416, -2.76850271225, 18.2302646637, 25.5538578033, 62.1002388, 42.5134277344, 24.3232784271, 0.785846233368, 7.39841938019, 15.8145017624, 21.644701004], [18.0472736359, -13.178106308, -3.91362905502, -9.38339519501, -0.705153048038, -3.62872242928, 42.5134277344, 109.036949158, 68.5151748657, 18.8215847015, -9.8142490387, 9.99676990509, 14.7932376862], [-2.57456374168, 20.4174747467, 4.96635150909, -16.3160457611, -9.6158246994, -25.1713867188, 24.3232784271, 68.5151748657, 117.450767517, 49.9328346252, 15.777015686, -0.30789783597, 8.56609916687], [62.0910987854, 14.4222574234, 12.7383937836, -7.78205108643, 2.73595499992, -7.48807191849, 0.785846233368, 18.8215847015, 49.9328346252, 105.841453552, 63.3399963379, 38.8774299622, 35.0191459656], [34.6891517639, 66.42137146, 36.2513999939, 7.00633716583, 14.2594423294, 15.183681488, 7.39841938019, -9.8142490387, 15.777015686, 63.3399963379, 94.76953125, 74.2374725342, 69.1922149658], [90.3294677734, 74.5739746094, 43.4630508423, 21.5017528534, 26.6290512085, 29.2025871277, 15.8145017624, 9.99676990509, -0.30789783597, 38.8774299622, 74.2374725342, 113.378707886, 114.613891602], [71.1975860596, 101.561210632, 56.2895622253, 20.9884033203, 23.249961853, 30.0691890717, 21.644701004, 14.7932376862, 8.56609916687, 35.0191459656, 69.1922149658, 114.613891602, 152.506729126]],
        "icov": [[0.00060566153843, -0.000431035208749, 0.000433389039245, -0.00100112252403, 0.00105882401112, -0.000514556712005, 0.000614585180301, -0.000300879328279, 0.000110342312837, -0.000738358183298, 0.000858501531184, -0.00122064503375, 0.000555302540306], [-0.000431035208749, 0.00811239238828, -0.0117705883458, 0.00824965257198, -0.00704114791006, 0.00148649676703, -0.00150722498074, 0.00294647295959, -0.00249431817792, 0.00334528507665, -0.00161848485004, 0.00113440921996, -0.00202989205718], [0.000433389039245, -0.0117705883458, 0.0350482873619, -0.0217524413019, 0.00748418318108, -0.000288186885882, -0.000898091471754, -0.00249656406231, 0.00187825912144, -0.00325454957783, -0.00344551308081, 0.00395384570584, -0.00378721486777], [-0.00100112252403, 0.00824965257198, -0.0217524413019, 0.0312961041927, -0.00853806827217, -0.0149454381317, 0.00957230478525, 0.00164150202181, -0.00551820220426, 0.00488409493119, 0.00221366528422, -0.00247650430538, 0.00147110305261], [0.00105882401112, -0.00704114791006, 0.00748418318108, -0.00853806827217, 0.0203023292124, -0.00161702674814, -0.00309442845173, -0.000943689548876, 0.00328434165567, -0.00488151656464, 0.00490100774914, -0.00786578562111, 0.00498602632433], [-0.000514556712005, 0.00148649676703, -0.000288186885882, -0.0149454381317, -0.00161702674814, 0.0370423234999, -0.0208726059645, 0.00260533764958, 0.00898700393736, -0.000118921372632, -0.00373345892876, 0.000597356352955, -0.0021663790103], [0.000614585180301, -0.00150722498074, -0.000898091471754, 0.00957230478525, -0.00309442845173, -0.0208726059645, 0.0392185412347, -0.0143849849701, -0.00451121525839, 0.00603715982288, -0.00563234928995, 0.0039544692263, -0.00140214222483], [-0.000300879328279, 0.00294647295959, -0.00249656406231, 0.00164150202181, -0.000943689548876, 0.00260533764958, -0.0143849849701, 0.0263080745935, -0.0130283273757, -0.00312451808713, 0.0153505764902, -0.0134292012081, 0.00257091922686], [0.000110342312837, -0.00249431817792, 0.00187825912144, -0.00551820220426, 0.00328434165567, 0.00898700393736, -0.00451121525839, -0.0130283273757, 0.0231477618217, -0.00735123408958, -0.00653582857922, 0.0113329673186, -0.00385684659705], [-0.000738358183298, 0.00334528507665, -0.00325454957783, 0.00488409493119, -0.00488151656464, -0.000118921372632, 0.00603715982288, -0.00312451808713, -0.00735123408958, 0.0243635382503, -0.0190159212798, 0.00443562073633, -0.00102764496114], [0.000858501531184, -0.00161848485004, -0.00344551308081, 0.00221366528422, 0.00490100774914, -0.00373345892876, -0.00563234928995, 0.0153505764902, -0.00653582857922, -0.0190159212798, 0.0478005558252, -0.0336569771171, 0.00928428210318], [-0.00122064503375, 0.00113440921996, 0.00395384570584, -0.00247650430538, -0.00786578562111, 0.000597356352955, 0.0039544692263, -0.0134292012081, 0.0113329673186, 0.00443562073633, -0.0336569771171, 0.0690288767219, -0.037743780762], [0.000555302540306, -0.00202989205718, -0.00378721486777, 0.00147110305261, 0.00498602632433, -0.0021663790103, -0.00140214222483, 0.00257091922686, -0.00385684659705, -0.00102764496114, 0.00928428210318, -0.037743780762, 0.0330676995218]]
    },
    "spectral_contrast_coeffs": {
        "mean": [-0.548192739487, -0.6780154109, -0.725151538849, -0.763770163059, -0.769400954247, -0.737322032452],
        "var": [0.0147524476051, 0.0139804696664, 0.0101375505328, 0.00605474319309, 0.00469692517072, 0.00149631220847]
    },
    "spectral_contrast_valleys": {
        "mean": [-7.56737565994, -7.03940629959, -7.48180150986, -7.74870109558, -7.52786064148, -9.77875518799],
        "var": [1.49964869022, 1.23146760464, 1.05433130264, 1.00664317608, 1.05882465839, 0.705102562904]
    }
},
"metadata": {
    "audio_properties": {
        "analysis_sample_rate": 44100,
        "bit_rate": 128074,
        "equal_loudness": 0,
        "length": 45.0612258911,
        "lossless": 0,
        "replay_gain": -5.27849006653,
        "sample_rate": 44100,
        "codec": "mp3",
        "downmix": "mix",
        "md5_encoded": "a1773a3121d54d78c4f33f6d5ef04320"
    },
    "tags": {
        "file_name": "1661.mp3"
    },
    "version": {
        "essentia": "2.1-beta2",
        "essentia_git_sha": "v2.1_beta2",
        "extractor": "music 1.0"
    }
},
"rhythm": {
    "beats_count": 90,
    "beats_loudness": {
        "mean": 0.0545919165015,
        "var": 0.000541064946447
    },
    "bpm": 121.943603516,
    "bpm_histogram_first_peak_bpm": {
        "mean": 123,
        "var": 0
    },
    "bpm_histogram_first_peak_spread": {
        "mean": 0.385542184114,
        "var": 0
    },
    "bpm_histogram_first_peak_weight": {
        "mean": 0.573033690453,
        "var": 0
    },
    "bpm_histogram_second_peak_bpm": {
        "mean": 110,
        "var": 0
    },
    "bpm_histogram_second_peak_spread": {
        "mean": 0.333333313465,
        "var": 0
    },
    "bpm_histogram_second_peak_weight": {
        "mean": 0.0224719103426,
        "var": 0
    },
    "danceability": 1.26469385624,
    "onset_rate": 4.85786390305,
    "beats_loudness_band_ratio": {
        "mean": [0.628382921219, 0.108193702996, 0.123724892735, 0.0621537305415, 0.0461545139551, 0.0651842728257],
        "var": [0.0213839542121, 0.00870084296912, 0.0114881182089, 0.00241985404864, 0.00103382312227, 0.00277337129228]
    },
    "beats_position": [0.522448956966, 1.07972788811, 1.60217678547, 2.14784574509, 2.69351458549, 3.20435357094, 3.70358276367, 4.20281171799, 4.69043064117, 5.17804956436, 5.66566896439, 6.1648979187, 6.65251684189, 7.1517457962, 7.63936471939, 8.12698364258, 8.6146030426, 9.11383247375, 9.61306095123, 10.1006803513, 10.5882987976, 11.0991382599, 11.5867567062, 12.0743761063, 12.5619955063, 13.0496139526, 13.5372333527, 14.0248527527, 14.512471199, 15.0117006302, 15.5109291077, 16.0101585388, 16.4977779388, 16.99700737, 17.4846248627, 17.9722442627, 18.4714736938, 18.9590930939, 19.458322525, 19.9459400177, 20.4335594177, 20.9211788177, 21.4204082489, 21.9196376801, 22.4072551727, 22.8948745728, 23.3941040039, 23.8817234039, 24.3809528351, 24.8685703278, 25.3561897278, 25.8438091278, 26.343038559, 26.8422679901, 27.3298854828, 27.8291149139, 28.3283443451, 28.8159637451, 29.3035831451, 29.7912006378, 30.290430069, 30.7896595001, 31.2772789001, 31.7648983002, 32.2525177002, 32.7517471313, 33.2509727478, 33.7385940552, 34.2262115479, 34.7138328552, 35.2014503479, 35.7006797791, 36.1999092102, 36.6875267029, 37.1751480103, 37.6627655029, 38.1619949341, 38.6496124268, 39.1488418579, 39.6364631653, 40.124080658, 40.6116981506, 41.1109275818, 41.6101570129, 42.0977783203, 42.585395813, 43.0846252441, 43.5838546753, 44.071472168, 44.5590934753]
},
"tonal": {
    "chords_changes_rate": 0.0617283955216,
    "chords_number_rate": 0.0123456791043,
    "chords_strength": {
        "mean": 0.384197443724,
        "var": 0.00403488334268
    },
    "hpcp_entropy": {
        "mean": 2.17243099213,
        "var": 0.719233095646
    },
    "key_strength": 0.824550747871,
    "tuning_diatonic_strength": 0.487295925617,
    "tuning_equal_tempered_deviation": 0.140446931124,
    "tuning_frequency": 438.477722168,
    "tuning_nontempered_energy_ratio": 0.76568877697,
    "hpcp": {
        "mean": [0.0928982719779, 0.0768082141876, 0.055046364665, 0.0644080340862, 0.0618614479899, 0.0862462595105, 0.12697981298, 0.107325591147, 0.136930644512, 0.1849386096, 0.115834377706, 0.0528675243258, 0.0554838366807, 0.0582619793713, 0.0798079073429, 0.135210588574, 0.111692130566, 0.0540317408741, 0.0526005029678, 0.0514925196767, 0.0993634983897, 0.200252324343, 0.18785585463, 0.139028802514, 0.135873228312, 0.0976266935468, 0.0832165852189, 0.112274646759, 0.132431373, 0.218747273088, 0.291689574718, 0.168281972408, 0.0589098632336, 0.0688772648573, 0.0764493271708, 0.0782445445657],
        "var": [0.0429867245257, 0.0264017060399, 0.0148453349248, 0.0258496236056, 0.0233208928257, 0.0269369091839, 0.0540875531733, 0.033738963306, 0.0552611127496, 0.108821712434, 0.0438900887966, 0.0168947093189, 0.0196831393987, 0.0207969285548, 0.0184885691851, 0.0566924959421, 0.0417079925537, 0.0115308091044, 0.0135659389198, 0.0164143927395, 0.027018610388, 0.103493832052, 0.0912353545427, 0.0636467635632, 0.0746443197131, 0.0440072715282, 0.0362389013171, 0.0516796931624, 0.0633601248264, 0.0872156694531, 0.149157628417, 0.0534337759018, 0.0203468631953, 0.027576982975, 0.0390524789691, 0.0282769892365]
    },
    "chords_histogram": [35.6995887756, 15.6378602982, 15.0205764771, 0.925925910473, 2.26337456703, 0.102880656719, 1.02880656719, 8.53909492493, 2.26337456703, 0, 1.23456788063, 0, 0, 0, 0, 0.102880656719, 0, 4.11522626877, 0, 0, 1.85185182095, 8.95061683655, 0.925925910473, 1.33744859695],
    "thpcp": [1, 0.576921463013, 0.201960816979, 0.236132070422, 0.262091398239, 0.26824593544, 0.318483352661, 0.263321757317, 0.188715577126, 0.220810204744, 0.21207973361, 0.29567822814, 0.435325175524, 0.367944568396, 0.46943962574, 0.634025454521, 0.397115260363, 0.181245848536, 0.190215364099, 0.199739664793, 0.273605614901, 0.463542759418, 0.382914364338, 0.185237139463, 0.180330425501, 0.176531910896, 0.340648084879, 0.686525464058, 0.644026637077, 0.476632744074, 0.465814471245, 0.334693819284, 0.285291612148, 0.384911417961, 0.454014748335, 0.749931752682],
    "chords_key": "C",
    "chords_scale": "major",
    "key_key": "C",
    "key_scale": "major"
}
}