{
"lowlevel": {
    "average_loudness": 0.95234888792,
    "barkbands_crest": {
        "mean": 10.9623374939,
        "var": 13.4730491638
    },
    "barkbands_flatness_db": {
        "mean": 0.164143368602,
        "var": 0.00116181513295
    },
    "barkbands_kurtosis": {
        "mean": 6.02611303329,
        "var": 43.5310554504
    },
    "barkbands_skewness": {
        "mean": 2.1521897316,
        "var": 1.1107583046
    },
    "barkbands_spread": {
        "mean": 19.9802093506,
        "var": 97.8690490723
    },
    "dissonance": {
        "mean": 0.46149212122,
        "var": 0.000511987949722
    },
    "dynamic_complexity": 1.99114787579,
    "erbbands_crest": {
        "mean": 9.66873073578,
        "var": 21.4817466736
    },
    "erbbands_flatness_db": {
        "mean": 0.136458486319,
        "var": 0.000687565421686
    },
    "erbbands_kurtosis": {
        "mean": -0.108199253678,
        "var": 2.09002923965
    },
    "erbbands_skewness": {
        "mean": -0.063205525279,
        "var": 0.374455541372
    },
    "erbbands_spread": {
        "mean": 45.7399024963,
        "var": 198.01272583
    },
    "hfc": {
        "mean": 16.6312942505,
        "var": 135.398986816
    },
    "melbands_crest": {
        "mean": 14.1628494263,
        "var": 11.9427061081
    },
    "melbands_flatness_db": {
        "mean": 0.230154961348,
        "var": 0.00194559397642
    },
    "melbands_kurtosis": {
        "mean": 20.5074577332,
        "var": 280.77432251
    },
    "melbands_skewness": {
        "mean": 3.6864168644,
        "var": 1.98968863487
    },
    "melbands_spread": {
        "mean": 17.1533355713,
        "var": 162.239761353
    },
    "pitch_salience": {
        "mean": 0.517920196056,
        "var": 0.0115157756954
    },
    "silence_rate_20dB": {
        "mean": 1,
        "var": 0
    },
    "silence_rate_30dB": {
        "mean": 0.986096799374,
        "var": 0.013709849678
    },
    "silence_rate_60dB": {
        "mean": 0.00154479919001,
        "var": 0.00154241069686
    },
    "spectral_centroid": {
        "mean": 1163.46520996,
        "var": 220359.1875
    },
    "spectral_complexity": {
        "mean": 15.1240987778,
        "var": 34.023147583
    },
    "spectral_decrease": {
        "mean": -9.13331899e-009,
        "var": 3.84820534438e-017
    },
    "spectral_energy": {
        "mean": 0.0359798185527,
        "var": 0.000580409890972
    },
    "spectral_energyband_high": {
        "mean": 0.000438523362391,
        "var": 1.99344711405e-007
    },
    "spectral_energyband_low": {
        "mean": 0.020635612309,
        "var": 0.000288409297355
    },
    "spectral_energyband_middle_high": {
        "mean": 0.00435594841838,
        "var": 1.32875466079e-005
    },
    "spectral_energyband_middle_low": {
        "mean": 0.0153292790055,
        "var": 0.00021473657398
    },
    "spectral_entropy": {
        "mean": 7.3473610878,
        "var": 0.0879174545407
    },
    "spectral_flux": {
        "mean": 0.0815977677703,
        "var": 0.00227697822265
    },
    "spectral_kurtosis": {
        "mean": 3.91159415245,
        "var": 2.18304252625
    },
    "spectral_rms": {
        "mean": 0.00565141579136,
        "var": 3.16370278597e-006
    },
    "spectral_rolloff": {
        "mean": 922.090270996,
        "var": 767927.6875
    },
    "spectral_skewness": {
        "mean": 1.5687507391,
        "var": 0.0590805374086
    },
    "spectral_spread": {
        "mean": 4834646.5,
        "var": 1.80163038413e+012
    },
    "spectral_strongpeak": {
        "mean": 0.765318751335,
        "var": 1.88181376457
    },
    "zerocrossingrate": {
        "mean": 0.0466630421579,
        "var": 0.000436391099356
    },
    "barkbands": {
        "mean": [0.000164818091434, 0.011201467365, 0.0045289862901, 0.00627183355391, 0.00543577456847, 0.0012472217204, 0.000825186667498, 0.00109372928273, 0.000363720319001, 0.000346085464116, 0.000138425952173, 0.00101319979876, 0.000513062346727, 0.000234973646002, 0.000185817159945, 0.000114564230898, 0.00126326375175, 0.000386236060876, 0.000164071258041, 0.000111193316116, 8.06164025562e-005, 8.50903306855e-005, 6.38434867142e-005, 7.74444415583e-005, 4.47766942671e-005, 2.43585345743e-005, 8.90653240049e-009],
        "var": [1.28353320861e-007, 9.74213617155e-005, 4.48148421128e-005, 5.31817604497e-005, 6.39813806629e-005, 2.30937371271e-006, 3.16947193824e-006, 1.01689226994e-006, 5.64303320516e-007, 1.29024911644e-007, 1.60386321113e-007, 3.80578194381e-006, 1.22624510368e-006, 1.40831119211e-007, 5.06470421158e-008, 2.26461320807e-008, 4.83498570247e-006, 7.24435039956e-007, 4.10278744312e-008, 1.27024373242e-008, 8.11561573499e-009, 1.22182237661e-008, 6.10875705576e-009, 7.07174541148e-009, 4.64790517185e-009, 2.17973505912e-009, 2.68561875619e-015]
    },
    "erbbands": {
        "mean": [0.197362288833, 2.91766381264, 5.1567606926, 17.7871303558, 16.4815158844, 17.6964321136, 16.8649291992, 5.48845672607, 10.5591640472, 12.7265520096, 26.269493103, 10.6174926758, 7.96085691452, 10.8868875504, 11.3004970551, 50.6500358582, 25.3540763855, 18.2971343994, 12.4614877701, 5.24211406708, 13.0702886581, 54.6833152771, 40.463809967, 11.2519836426, 6.85123586655, 5.89265012741, 3.34569549561, 3.20435094833, 3.03141856194, 2.5368475914, 1.71944606304, 1.64467203617, 1.13249719143, 0.548203468323, 0.328313857317, 0.131358936429, 0.0392443612218, 0.00499850232154, 0.000110252978629, 4.53707107226e-005],
        "var": [0.033940192312, 6.52761220932, 42.5070343018, 414.490814209, 654.665649414, 561.691589355, 442.423248291, 80.2769393921, 385.356811523, 737.440551758, 566.234130859, 296.222351074, 232.400344849, 89.1914367676, 570.672180176, 9433.25878906, 2430.25732422, 545.250488281, 183.086486816, 29.9669399261, 303.387390137, 10564.2285156, 4452.01220703, 198.562026978, 63.9189834595, 35.726978302, 12.3081445694, 14.1603422165, 22.8894615173, 7.50757694244, 4.57111406326, 3.9798476696, 1.4710868597, 0.48271381855, 0.301890999079, 0.0765644386411, 0.00477993302047, 9.0739071311e-005, 3.00914919649e-008, 8.91018703264e-010]
    },
    "gfcc": {
        "mean": [14.6811628342, 99.5479049683, -101.334098816, 49.0803108215, -45.1764221191, 23.0021953583, -39.8741493225, 13.3559675217, -26.4726104736, -4.57269668579, -15.090593338, 0.179916247725, -18.8029575348],
        "cov": [[2166.6940918, -212.849411011, 35.1324577332, -54.6098060608, -111.96395874, -87.392868042, -123.453567505, 42.343296051, -117.15978241, 86.9735641479, -93.8334960938, 71.0319290161, -121.086807251], [-212.849411011, 400.597625732, -35.5672531128, 23.3336963654, 16.7861347198, -11.832942009, 88.3352584839, -94.6251678467, 20.2088565826, -41.4999275208, 87.4755859375, -55.3648300171, 45.7220573425], [35.1324577332, -35.5672531128, 235.334991455, 18.5121231079, 6.60696792603, 10.5232572556, 0.192640587687, 16.3984050751, -23.0799331665, 19.5811710358, -41.9236564636, 16.0531482697, -3.98441123962], [-54.6098060608, 23.3336963654, 18.5121231079, 145.947555542, 14.8667516708, 35.2695960999, 13.0376987457, 9.27469444275, 34.2179794312, -32.5922927856, 8.58218574524, -29.0433292389, 39.0698509216], [-111.96395874, 16.7861347198, 6.60696792603, 14.8667516708, 144.982192993, 22.6134738922, 27.8257484436, 22.3862419128, 27.2988052368, -11.872382164, 5.17301464081, 12.4224424362, -10.2765426636], [-87.392868042, -11.832942009, 10.5232572556, 35.2695960999, 22.6134738922, 119.387573242, 40.0014076233, 4.56087255478, -3.43807458878, 3.5421462059, 21.599445343, -23.0708026886, 17.4762916565], [-123.453567505, 88.3352584839, 0.192640587687, 13.0376987457, 27.8257484436, 40.0014076233, 109.929244995, -22.5970916748, 5.44453716278, 7.00593185425, 29.6606235504, -13.628446579, 4.9984793663], [42.343296051, -94.6251678467, 16.3984050751, 9.27469444275, 22.3862419128, 4.56087255478, -22.5970916748, 99.7274093628, 39.3293418884, 2.86724162102, -29.9232978821, 8.87558555603, 0.270908355713], [-117.15978241, 20.2088565826, -23.0799331665, 34.2179794312, 27.2988052368, -3.43807458878, 5.44453716278, 39.3293418884, 76.4213562012, -6.21864080429, 8.27402210236, -5.72120714188, 13.0174245834], [86.9735641479, -41.4999275208, 19.5811710358, -32.5922927856, -11.872382164, 3.5421462059, 7.00593185425, 2.86724162102, -6.21864080429, 69.203704834, 11.4950151443, 20.452589035, -17.1998710632], [-93.8334960938, 87.4755859375, -41.9236564636, 8.58218574524, 5.17301464081, 21.599445343, 29.6606235504, -29.9232978821, 8.27402210236, 11.4950151443, 78.7719726563, 1.58436524868, 11.5625038147], [71.0319290161, -55.3648300171, 16.0531482697, -29.0433292389, 12.4224424362, -23.0708026886, -13.628446579, 8.87558555603, -5.72120714188, 20.452589035, 1.58436524868, 72.4948577881, -5.55720615387], [-121.086807251, 45.7220573425, -3.98441123962, 39.0698509216, -10.2765426636, 17.4762916565, 4.9984793663, 0.270908355713, 13.0174245834, -17.1998710632, 11.5625038147, -5.55720615387, 66.9608154297]],
        "icov": [[0.00078612373909, -0.000882990774699, 0.000584525580052, -0.00120585702825, 0.000604320957791, -0.00018852163339, 0.000775717198849, -0.00129291857593, 0.00188070430886, -0.00140082766302, 0.00135824433528, -0.00126562744845, 0.00178711710032], [-0.000882990774699, 0.00961369741708, -0.00289813033305, 0.0042822775431, -0.0023494316265, 0.00535102421418, -0.00524864671752, 0.00691662495956, -0.00537030166015, 0.00619159825146, -0.00989748910069, 0.00833104085177, -0.00719064101577], [0.000584525580052, -0.00289813033305, 0.0066774552688, -0.00372278643772, 0.000375122705009, -0.00173367466778, 0.000993965775706, -0.00282919011079, 0.00467473221943, -0.00486780563369, 0.00682793790475, -0.00406365003437, 0.00237726140767], [-0.00120585702825, 0.0042822775431, -0.00372278643772, 0.0140147991478, -0.00158417981584, -0.000301951076835, -0.00219914899208, 0.00465097464621, -0.00888303201646, 0.00768713187426, -0.0060354238376, 0.00671542296186, -0.00822140742093], [0.000604320957791, -0.0023494316265, 0.000375122705009, -0.00158417981584, 0.0102338790894, -0.00341227138415, -0.000898920523468, -0.00308449845761, -0.00135162391234, 0.00190521962941, 0.00222626584582, -0.0059635527432, 0.00605724891648], [-0.00018852163339, 0.00535102421418, -0.00173367466778, -0.000301951076835, -0.00341227138415, 0.016059262678, -0.00597986299545, -0.000665526429657, 0.00339472200722, 0.000548755167983, -0.00891249068081, 0.00900270044804, -0.00642049312592], [0.000775717198849, -0.00524864671752, 0.000993965775706, -0.00219914899208, -0.000898920523468, -0.00597986299545, 0.0156353339553, -0.00037704789429, 0.00128306052648, -0.00544516649097, 0.00329681835137, -0.00275034061633, 0.00414039334282], [-0.00129291857593, 0.00691662495956, -0.00282919011079, 0.00465097464621, -0.00308449845761, -0.000665526429657, -0.00037704789429, 0.0240980833769, -0.016545034945, 0.00313612236641, 0.000546712777577, 0.00366590265185, -0.00608010124415], [0.00188070430886, -0.00537030166015, 0.00467473221943, -0.00888303201646, -0.00135162391234, 0.00339472200722, 0.00128306052648, -0.016545034945, 0.0303808674216, -0.00692981621251, 0.00143704807851, -0.00238697137684, 0.00327434530482], [-0.00140082766302, 0.00619159825146, -0.00486780563369, 0.00768713187426, 0.00190521962941, 0.000548755167983, -0.00544516649097, 0.00313612236641, -0.00692981621251, 0.0266095288098, -0.0120832063258, 0.000859208463226, -0.000652802875265], [0.00135824433528, -0.00989748910069, 0.00682793790475, -0.0060354238376, 0.00222626584582, -0.00891249068081, 0.00329681835137, 0.000546712777577, 0.00143704807851, -0.0120832063258, 0.0318870656192, -0.0122252963483, 0.00565773900598], [-0.00126562744845, 0.00833104085177, -0.00406365003437, 0.00671542296186, -0.0059635527432, 0.00900270044804, -0.00275034061633, 0.00366590265185, -0.00238697137684, 0.000859208463226, -0.0122252963483, 0.0269640982151, -0.0101781692356], [0.00178711710032, -0.00719064101577, 0.00237726140767, -0.00822140742093, 0.00605724891648, -0.00642049312592, 0.00414039334282, -0.00608010124415, 0.00327434530482, -0.000652802875265, 0.00565773900598, -0.0101781692356, 0.0277090761811]]
    },
    "melbands": {
        "mean": [0.00263274647295, 0.00330431759357, 0.00277130515315, 0.00136667164043, 0.000554359110538, 0.000142555189086, 0.000167444246472, 0.000144770703628, 0.000200484966626, 5.66370108572e-005, 3.81957761419e-005, 4.4666834583e-005, 2.18888253585e-005, 0.000116600574984, 7.23910488887e-005, 5.80316409469e-005, 3.00226602121e-005, 1.89968068298e-005, 8.47482442623e-006, 8.27365420264e-006, 1.80884035217e-005, 4.51486157544e-005, 8.04785522632e-005, 1.41044647535e-005, 8.26333234727e-006, 5.76876209379e-006, 3.53368523065e-006, 4.11581731896e-006, 1.92333777704e-006, 2.13623980017e-006, 1.77971912763e-006, 1.73306955276e-006, 1.62381275004e-006, 1.30124067255e-006, 9.44982389228e-007, 1.08088511297e-006, 9.27737801248e-007, 7.66182040479e-007, 7.12521739388e-007, 3.92632273361e-007],
        "var": [5.33803222424e-006, 1.02063495433e-005, 9.35580555961e-006, 4.27769873568e-006, 4.67761623213e-007, 4.38267484526e-008, 1.04934009926e-007, 7.18239547837e-008, 3.10075130017e-008, 1.25733636835e-008, 5.62604274279e-009, 1.5403056608e-009, 3.48069506551e-009, 5.04395458734e-008, 1.24643824151e-008, 1.99144061241e-008, 2.165557067e-009, 4.75638473052e-010, 9.42405667392e-011, 1.1517883175e-010, 9.19622322737e-010, 6.65600907723e-009, 2.05985450918e-008, 6.71321165324e-010, 1.53426077398e-010, 5.73975346418e-011, 1.87618254266e-011, 1.90247730764e-011, 4.28972959585e-012, 7.85827652949e-012, 4.9117975312e-012, 9.53623117972e-012, 3.5135666078e-012, 2.51290156218e-012, 2.01839803551e-012, 1.41518448436e-012, 1.59245305744e-012, 6.4731683555e-013, 1.02639880102e-012, 3.32507052491e-013]
    },
    "mfcc": {
        "mean": [-633.094055176, 122.768859863, 13.2206087112, 32.7431983948, 20.562494278, 10.7156534195, 5.11005401611, 12.675579071, -2.89114975929, -3.10719323158, 4.83061504364, 9.86415290833, -6.77719068527],
        "cov": [[1495.81054688, -106.448867798, 14.2029819489, -3.34056448936, -92.4211959839, -93.4638290405, -44.1023025513, -43.587097168, -50.0465431213, -44.0238838196, 12.555729866, -19.9106674194, -1.10560321808], [-106.448867798, 324.747680664, -35.3628196716, 22.1319980621, -24.45495224, 31.3420715332, 29.0880260468, -13.5989847183, -31.1813755035, -20.0381736755, -22.5139255524, 31.5722332001, 38.7184829712], [14.2029819489, -35.3628196716, 168.837234497, 25.3402938843, 7.50046491623, 12.5175037384, 0.618958473206, 1.77276623249, 11.8074922562, 8.59718799591, -13.7150144577, -31.9745864868, 16.4879722595], [-3.34056448936, 22.1319980621, 25.3402938843, 97.1136016846, 14.8428564072, 14.1602592468, -1.1629178524, 14.7533988953, 9.60471630096, 11.6456775665, -9.00020217896, -5.86971712112, -0.905883073807], [-92.4211959839, -24.45495224, 7.50046491623, 14.8428564072, 115.750923157, 4.72502374649, 0.607127189636, 29.4152259827, 30.9396953583, 9.00622558594, 15.3438043594, 5.40919399261, -33.4359092712], [-93.4638290405, 31.3420715332, 12.5175037384, 14.1602592468, 4.72502374649, 107.493927002, 52.4822273254, 0.624526977539, -11.6748218536, 4.43597221375, -9.86279392242, 18.6305332184, 43.3927764893], [-44.1023025513, 29.0880260468, 0.618958473206, -1.1629178524, 0.607127189636, 52.4822273254, 85.6015777588, 8.98918819427, -6.09972381592, 7.02117919922, 2.71588230133, 14.3707017899, 28.6682910919], [-43.587097168, -13.5989847183, 1.77276623249, 14.7533988953, 29.4152259827, 0.624526977539, 8.98918819427, 59.3488731384, 27.8297977448, 13.0625963211, 10.6686515808, 2.8142926693, -20.3312416077], [-50.0465431213, -31.1813755035, 11.8074922562, 9.60471630096, 30.9396953583, -11.6748218536, -6.09972381592, 27.8297977448, 71.3990631104, 25.4684791565, 8.8303937912, -13.1803674698, -22.072227478], [-44.0238838196, -20.0381736755, 8.59718799591, 11.6456775665, 9.00622558594, 4.43597221375, 7.02117919922, 13.0625963211, 25.4684791565, 62.0024490356, 19.4172477722, -10.8355932236, -10.1455307007], [12.555729866, -22.5139255524, -13.7150144577, -9.00020217896, 15.3438043594, -9.86279392242, 2.71588230133, 10.6686515808, 8.8303937912, 19.4172477722, 63.8603134155, 13.8036279678, -22.4770736694], [-19.9106674194, 31.5722332001, -31.9745864868, -5.86971712112, 5.40919399261, 18.6305332184, 14.3707017899, 2.8142926693, -13.1803674698, -10.8355932236, 13.8036279678, 72.8689498901, 20.2168598175], [-1.10560321808, 38.7184829712, 16.4879722595, -0.905883073807, -33.4359092712, 43.3927764893, 28.6682910919, -20.3312416077, -22.072227478, -10.1455307007, -22.4770736694, 20.2168598175, 95.9019241333]],
        "icov": [[0.00080887961667, 0.00032531877514, -8.64663161337e-005, -0.000400996621465, 0.00055647775298, 0.000732284679543, -0.00015407227329, 0.000243125337875, 0.000371424161131, 0.000586392823607, -0.00046692986507, 8.10922283563e-005, -0.000129672785988], [0.00032531877514, 0.00384271028452, 0.00077538320329, -0.00144170306157, 0.00060008908622, 0.000276016769931, -0.00107626849785, 0.000535791565198, 0.000751061481424, 0.000698856892996, 0.000841199071147, -0.00105391955003, -0.0005088194157], [-8.64663161337e-005, 0.00077538320329, 0.00738714076579, -0.00159151200205, -0.000903488951735, -0.000662316393573, 0.00025529335835, -0.000110682711238, -0.000538905092981, -5.75381955059e-006, 0.000201577655389, 0.00350982625969, -0.00253150635399], [-0.000400996621465, -0.00144170306157, -0.00159151200205, 0.0126082999632, -0.00126594118774, -0.00227686273865, 0.00215828791261, -0.00309257139452, 0.00012942419562, -0.00281130638905, 0.00234415638261, 0.000227034528507, 0.000492120161653], [0.00055647775298, 0.00060008908622, -0.000903488951735, -0.00126594118774, 0.0123045295477, -0.00176019803621, -6.18192643742e-005, -0.00224463129416, -0.00342190661468, 0.00186754530296, -0.00129228585865, -0.00220727897249, 0.00410894071683], [0.000732284679543, 0.000276016769931, -0.000662316393573, -0.00227686273865, -0.00176019803621, 0.0168901924044, -0.00806682463735, 0.000619555590674, 0.00222821184434, -0.00158194045071, 0.00173862301745, -0.00190829008352, -0.00456859078258], [-0.00015407227329, -0.00107626849785, 0.00025529335835, 0.00215828791261, -6.18192643742e-005, -0.00806682463735, 0.0186119098216, -0.004432504531, 0.00115036463831, -0.00172667019069, -0.00203976663761, 0.000434930581832, -0.00295339012519], [0.000243125337875, 0.000535791565198, -0.000110682711238, -0.00309257139452, -0.00224463129416, 0.000619555590674, -0.004432504531, 0.0247835069895, -0.00726761994883, -0.00019557242922, -0.000495708198287, -0.00292534194887, 0.00409966614097], [0.000371424161131, 0.000751061481424, -0.000538905092981, 0.00012942419562, -0.00342190661468, 0.00222821184434, 0.00115036463831, -0.00726761994883, 0.0220708213747, -0.00669645564631, 0.00088275631424, 0.00216419156641, -0.000168990110978], [0.000586392823607, 0.000698856892996, -5.75381955059e-006, -0.00281130638905, 0.00186754530296, -0.00158194045071, -0.00172667019069, -0.00019557242922, -0.00669645564631, 0.0233005285263, -0.0079895304516, 0.00408401433378, -0.000269093259703], [-0.00046692986507, 0.000841199071147, 0.000201577655389, 0.00234415638261, -0.00129228585865, 0.00173862301745, -0.00203976663761, -0.000495708198287, 0.00088275631424, -0.0079895304516, 0.0227404925972, -0.00687852362171, 0.00504773808643], [8.10922283563e-005, -0.00105391955003, 0.00350982625969, 0.000227034528507, -0.00220727897249, -0.00190829008352, 0.000434930581832, -0.00292534194887, 0.00216419156641, 0.00408401433378, -0.00687852362171, 0.0203512404114, -0.00580336200073], [-0.000129672785988, -0.0005088194157, -0.00253150635399, 0.000492120161653, 0.00410894071683, -0.00456859078258, -0.00295339012519, 0.00409966614097, -0.000168990110978, -0.000269093259703, 0.00504773808643, -0.00580336200073, 0.0186619460583]]
    },
    "spectral_contrast_coeffs": {
        "mean": [-0.631539821625, -0.709972143173, -0.728337287903, -0.738693833351, -0.733444750309, -0.746153712273],
        "var": [0.00369144044816, 0.00292829493992, 0.00347111420706, 0.00294005754404, 0.00248016486876, 0.000917573284823]
    },
    "spectral_contrast_valleys": {
        "mean": [-6.57051897049, -6.91240549088, -7.80018281937, -8.23532772064, -7.90559911728, -10.3247833252],
        "var": [0.449655801058, 0.641100406647, 0.60074788332, 0.60704857111, 0.523671686649, 0.518903911114]
    }
},
"metadata": {
    "audio_properties": {
        "analysis_sample_rate": 44100,
        "bit_rate": 128074,
        "equal_loudness": 0,
        "length": 45.0612258911,
        "lossless": 0,
        "replay_gain": -4.09881591797,
        "sample_rate": 44100,
        "codec": "mp3",
        "downmix": "mix",
        "md5_encoded": "ac3a2d211cd580e081ddcabafc2d730b"
    },
    "tags": {
        "file_name": "1662.mp3"
    },
    "version": {
        "essentia": "2.1-beta2",
        "essentia_git_sha": "v2.1_beta2",
        "extractor": "music 1.0"
    }
},
"rhythm": {
    "beats_count": 111,
    "beats_loudness": {
        "mean": 0.045562390238,
        "var": 0.000620843260549
    },
    "bpm": 164.972091675,
    "bpm_histogram_first_peak_bpm": {
        "mean": 167,
        "var": 0
    },
    "bpm_histogram_first_peak_spread": {
        "mean": 0,
        "var": 0
    },
    "bpm_histogram_first_peak_weight": {
        "mean": 0.290909081697,
        "var": 0
    },
    "bpm_histogram_second_peak_bpm": {
        "mean": 172,
        "var": 0
    },
    "bpm_histogram_second_peak_spread": {
        "mean": 0,
        "var": 0
    },
    "bpm_histogram_second_peak_weight": {
        "mean": 0.263636350632,
        "var": 0
    },
    "danceability": 1.53209710121,
    "onset_rate": 4.45858764648,
    "beats_loudness_band_ratio": {
        "mean": [0.615913569927, 0.197942495346, 0.0838243290782, 0.0766903609037, 0.057815220207, 0.0279810279608],
        "var": [0.0295172277838, 0.016624527052, 0.00278787524439, 0.00495648058131, 0.00356301129796, 0.00040103556239]
    },
    "beats_position": [0.487619042397, 0.99845802784, 1.50929701328, 2.02013611794, 2.53097510338, 3.03020405769, 3.52943301201, 4.02866220474, 4.55111122131, 5.08516979218, 5.61922883987, 6.1648979187, 6.71056699753, 7.26784563065, 7.77868461609, 8.28952407837, 8.80036258698, 9.31120204926, 9.82204055786, 10.321269989, 10.8204984665, 11.3313379288, 11.8421764374, 12.3530158997, 12.8638544083, 13.3746938705, 13.8855323792, 14.3847618103, 14.8839902878, 15.3716096878, 15.8476190567, 16.3352375031, 16.6951465607, 17.0434455872, 17.4033565521, 17.7632656097, 18.1115646362, 18.4598636627, 18.8081626892, 19.1680717468, 19.5279808044, 19.8762817383, 20.2245807648, 20.5728797913, 20.9211788177, 21.2694778442, 21.6177768707, 21.9776859283, 22.3375968933, 22.6975059509, 23.0574150085, 23.405714035, 23.7540130615, 24.102312088, 24.4506111145, 24.7989120483, 25.158821106, 25.5187301636, 25.8670291901, 26.2385482788, 26.5984573364, 26.9699764252, 27.3298854828, 27.6897945404, 28.0497055054, 28.4212245941, 28.7927436829, 29.1526527405, 29.5241718292, 29.8840808868, 30.2323799133, 30.5806789398, 30.9405899048, 31.3004989624, 31.6487979889, 32.0203170776, 32.3802261353, 32.7285270691, 33.0884361267, 33.4599533081, 33.8198623657, 34.1681632996, 34.5048522949, 34.8531494141, 35.2130622864, 35.572971344, 35.9328804016, 36.2927894592, 36.6526985168, 36.9893875122, 37.3376846313, 37.6859855652, 38.0575065613, 38.4058036804, 38.7541046143, 39.1024017334, 39.4507026672, 39.7989997864, 40.1705207825, 40.5420417786, 40.91355896, 41.2734680176, 41.6333770752, 42.0048980713, 42.3648071289, 42.7247161865, 43.0962333679, 43.467754364, 43.8392753601, 44.2107925415, 44.5707015991]
},
"tonal": {
    "chords_changes_rate": 0.0606995895505,
    "chords_number_rate": 0.00720164598897,
    "chords_strength": {
        "mean": 0.453597545624,
        "var": 0.00123284151778
    },
    "hpcp_entropy": {
        "mean": 1.29944181442,
        "var": 0.633546233177
    },
    "key_strength": 0.623711645603,
    "tuning_diatonic_strength": 0.516686081886,
    "tuning_equal_tempered_deviation": 0.0653089359403,
    "tuning_frequency": 443.828887939,
    "tuning_nontempered_energy_ratio": 0.682536363602,
    "hpcp": {
        "mean": [0.174225106835, 0.0683531314135, 0.02072901465, 0.0217631012201, 0.0223406162113, 0.0183973740786, 0.0145422415808, 0.0261503886431, 0.051514159888, 0.0496376417577, 0.031237617135, 0.031556840986, 0.0483917109668, 0.125406131148, 0.537458062172, 0.828811347485, 0.477663844824, 0.122398398817, 0.0474753007293, 0.0430127829313, 0.078046657145, 0.0745879486203, 0.0512730851769, 0.0641906782985, 0.0492647401989, 0.0242006387562, 0.0259850509465, 0.0234610810876, 0.0249917265028, 0.0585769489408, 0.0832355841994, 0.0637562647462, 0.039476018399, 0.0332363285124, 0.0566737391055, 0.157026767731],
        "var": [0.0379901863635, 0.0100789815187, 0.00425089849159, 0.00455089798197, 0.00642700586468, 0.00581746408716, 0.00348894577473, 0.00726474495605, 0.022917041555, 0.0223831422627, 0.0110080167651, 0.0130592184141, 0.0219216328114, 0.0421227999032, 0.0691810101271, 0.0838431492448, 0.0736140087247, 0.0503021590412, 0.0236854702234, 0.0154162570834, 0.0246419403702, 0.0232189912349, 0.0140958297998, 0.0314496047795, 0.0200014226139, 0.0054785432294, 0.00587895093486, 0.00597629277036, 0.00680934311822, 0.0205515623093, 0.0395878888667, 0.0329438447952, 0.0168220102787, 0.0149392224848, 0.0174921620637, 0.0408967360854]
    },
    "chords_histogram": [15.5349798203, 1.02880656719, 39.4032936096, 0, 0, 0, 0, 15.4320983887, 0, 21.3991775513, 0, 0, 5.04115247726, 0, 2.16049385071, 0, 0, 0, 0, 0, 0, 0, 0, 0],
    "thpcp": [1, 0.576323986053, 0.147679448128, 0.0572811923921, 0.0518969520926, 0.0941669717431, 0.089993879199, 0.0618633963168, 0.0774490833282, 0.0594402328134, 0.0291992127895, 0.0313521884382, 0.0283069014549, 0.0301536973566, 0.0706758499146, 0.100427657366, 0.0769249424338, 0.0476296804845, 0.0401012003422, 0.0683795437217, 0.189460203052, 0.210210815072, 0.0824712812901, 0.0250105336308, 0.0262582078576, 0.0269550085068, 0.0221973005682, 0.0175459012389, 0.0315516777337, 0.062154263258, 0.0598901584744, 0.0376896597445, 0.0380748175085, 0.0583868809044, 0.15130841732, 0.648468494415],
    "chords_key": "D",
    "chords_scale": "minor",
    "key_key": "G",
    "key_scale": "minor"
}
}