{
"lowlevel": {
    "average_loudness": 0.847407400608,
    "barkbands_crest": {
        "mean": 9.48770332336,
        "var": 10.0533323288
    },
    "barkbands_flatness_db": {
        "mean": 0.168395996094,
        "var": 0.00605603307486
    },
    "barkbands_kurtosis": {
        "mean": 7.46320915222,
        "var": 127.424797058
    },
    "barkbands_skewness": {
        "mean": 1.96417725086,
        "var": 0.990396142006
    },
    "barkbands_spread": {
        "mean": 15.2297916412,
        "var": 141.961791992
    },
    "dissonance": {
        "mean": 0.448282301426,
        "var": 0.00166511069983
    },
    "dynamic_complexity": 3.39215230942,
    "erbbands_crest": {
        "mean": 8.75437450409,
        "var": 20.4867076874
    },
    "erbbands_flatness_db": {
        "mean": 0.162389189005,
        "var": 0.00357762887143
    },
    "erbbands_kurtosis": {
        "mean": 1.1930359602,
        "var": 13.5499515533
    },
    "erbbands_skewness": {
        "mean": 0.774685919285,
        "var": 0.650959730148
    },
    "erbbands_spread": {
        "mean": 36.354057312,
        "var": 274.770172119
    },
    "hfc": {
        "mean": 16.3637485504,
        "var": 292.946685791
    },
    "melbands_crest": {
        "mean": 13.1268157959,
        "var": 15.4942378998
    },
    "melbands_flatness_db": {
        "mean": 0.256983458996,
        "var": 0.00845195353031
    },
    "melbands_kurtosis": {
        "mean": 15.6268634796,
        "var": 313.054626465
    },
    "melbands_skewness": {
        "mean": 2.77478170395,
        "var": 1.36798965931
    },
    "melbands_spread": {
        "mean": 13.2426872253,
        "var": 95.964630127
    },
    "pitch_salience": {
        "mean": 0.563236176968,
        "var": 0.00811928138137
    },
    "silence_rate_20dB": {
        "mean": 1,
        "var": 0
    },
    "silence_rate_30dB": {
        "mean": 0.991246163845,
        "var": 0.00867695081979
    },
    "silence_rate_60dB": {
        "mean": 0.0401647798717,
        "var": 0.0385514982045
    },
    "spectral_centroid": {
        "mean": 845.589416504,
        "var": 308081.40625
    },
    "spectral_complexity": {
        "mean": 17.5777549744,
        "var": 128.725494385
    },
    "spectral_decrease": {
        "mean": -7.99707766674e-009,
        "var": 3.95447820076e-017
    },
    "spectral_energy": {
        "mean": 0.0316670462489,
        "var": 0.000618040619884
    },
    "spectral_energyband_high": {
        "mean": 0.000730795261916,
        "var": 1.85703743227e-006
    },
    "spectral_energyband_low": {
        "mean": 0.0123431077227,
        "var": 9.1228474048e-005
    },
    "spectral_energyband_middle_high": {
        "mean": 0.00342287914827,
        "var": 1.39068824865e-005
    },
    "spectral_energyband_middle_low": {
        "mean": 0.0151352537796,
        "var": 0.000210368059925
    },
    "spectral_entropy": {
        "mean": 7.19047164917,
        "var": 0.456059455872
    },
    "spectral_flux": {
        "mean": 0.0735072940588,
        "var": 0.0019320785068
    },
    "spectral_kurtosis": {
        "mean": 8.57422542572,
        "var": 98.3306503296
    },
    "spectral_rms": {
        "mean": 0.0051307217218,
        "var": 4.57037367596e-006
    },
    "spectral_rolloff": {
        "mean": 760.136779785,
        "var": 688553.375
    },
    "spectral_skewness": {
        "mean": 2.06493830681,
        "var": 0.849322319031
    },
    "spectral_spread": {
        "mean": 4168686.25,
        "var": 3.50504615936e+012
    },
    "spectral_strongpeak": {
        "mean": 0.472409844398,
        "var": 0.231543466449
    },
    "zerocrossingrate": {
        "mean": 0.0402138084173,
        "var": 0.000773568812292
    },
    "barkbands": {
        "mean": [0.00277588819154, 0.00494554825127, 0.00482935504988, 0.0034898663871, 0.004330387339, 0.00392911070958, 0.00131681957282, 0.00107204681262, 0.000704642094206, 0.000833364494611, 0.000507332675625, 0.000379878503736, 0.000246742507443, 0.000250113924267, 0.000253696460277, 0.000303953391267, 0.000244674476562, 0.000192135077668, 0.000257288193097, 0.000153086861246, 0.000172942978679, 0.000119518168503, 0.000131418564706, 0.000116672556032, 6.92249304848e-005, 3.81958343496e-005, 3.17267517858e-006],
        "var": [3.47561326635e-005, 2.15134023165e-005, 3.00546453218e-005, 3.98278098146e-005, 3.11282674375e-005, 1.69861941686e-005, 3.07546588374e-006, 2.91212404591e-006, 1.79960375135e-006, 2.17205206354e-006, 7.84682981703e-007, 3.41082369459e-007, 1.45697981679e-007, 8.20734413765e-008, 1.06791723908e-007, 1.96525590468e-007, 2.68066372655e-007, 1.34104098493e-007, 2.03542199984e-007, 5.92843285574e-008, 8.91317100127e-008, 5.10933304554e-008, 1.03358637205e-007, 7.3629273345e-008, 2.06728252294e-008, 8.36640268176e-009, 1.40257819248e-010]
    },
    "erbbands": {
        "mean": [0.108193904161, 1.30215871334, 4.94352293015, 9.56038570404, 12.376241684, 14.3538446426, 32.5658836365, 24.0309238434, 17.7389373779, 18.7852230072, 25.8379001617, 17.3162212372, 20.9680404663, 31.8068256378, 14.9407529831, 16.8941688538, 12.1939649582, 12.912607193, 13.3503046036, 13.5302209854, 17.1557693481, 12.260764122, 11.1759757996, 13.1050491333, 11.1627693176, 6.38553094864, 7.76101541519, 5.85705900192, 4.27338838577, 3.67736148834, 3.64661836624, 2.85743761063, 1.72469496727, 0.907100319862, 0.433165729046, 0.185658991337, 0.0642612874508, 0.013522435911, 0.000345210806699, 4.61581985292e-005],
        "var": [0.00923848431557, 1.48774862289, 27.3617420197, 166.914428711, 439.343505859, 442.411224365, 1245.94213867, 775.949707031, 507.22253418, 566.006225586, 1874.34191895, 1004.41143799, 1369.78540039, 3440.67773438, 476.165161133, 668.230651855, 323.730499268, 240.50440979, 206.958206177, 377.222320557, 527.394104004, 576.610534668, 333.405578613, 763.84777832, 305.590270996, 97.1525344849, 173.129165649, 116.399185181, 71.7343063354, 54.7237625122, 74.6201477051, 54.3381309509, 13.7500486374, 3.50331783295, 0.849146306515, 0.15792798996, 0.0288714449853, 0.00202128221281, 1.34484480441e-006, 2.18768314575e-009]
    },
    "gfcc": {
        "mean": [-23.3274669647, 124.170394897, -98.0526504517, 30.1255817413, -50.8225250244, 6.8114027977, -36.8699264526, 3.78136229515, -22.0884056091, 2.29066181183, -15.1966905594, 0.536683022976, -7.99347019196],
        "cov": [[10353.75, -3423.94360352, -297.81451416, 770.803466797, -724.179992676, 873.428710938, -423.020904541, 750.287414551, -622.332580566, -10.1968631744, -405.565551758, 257.555267334, -340.762298584], [-3423.94360352, 2072.02416992, -159.049804688, -273.861114502, 516.042114258, -490.465057373, 217.119140625, -405.777038574, 303.966369629, -10.1239356995, 245.41468811, -191.496459961, 168.139144897], [-297.81451416, -159.049804688, 744.319641113, 108.594711304, 24.1282176971, 159.484420776, -42.1467552185, 9.32907485962, -53.8970527649, -6.74583768845, -29.0535297394, 47.4135284424, -32.0349159241], [770.803466797, -273.861114502, 108.594711304, 323.029266357, 52.3095588684, 81.6067733765, -16.7309532166, 16.4858150482, -63.9113578796, 2.6878259182, -16.4641933441, 0.634332954884, -19.2794456482], [-724.179992676, 516.042114258, 24.1282176971, 52.3095588684, 292.852416992, -81.7382888794, 57.6692047119, -115.964477539, 61.9507408142, 9.4040594101, 66.1328887939, -67.9017410278, 32.3979797363], [873.428710938, -490.465057373, 159.484420776, 81.6067733765, -81.7382888794, 221.758987427, -47.7484703064, 106.948509216, -85.3726577759, -7.67068767548, -67.3708877563, 49.179977417, -43.4817466736], [-423.020904541, 217.119140625, -42.1467552185, -16.7309532166, 57.6692047119, -47.7484703064, 109.780715942, -20.3375320435, 36.6245727539, -0.386328786612, 36.0920066833, -10.9112024307, 19.9905948639], [750.287414551, -405.777038574, 9.32907485962, 16.4858150482, -115.964477539, 106.948509216, -20.3375320435, 174.620666504, -44.868850708, 3.62169504166, -38.9956245422, 46.4191169739, -23.7249641418], [-622.332580566, 303.966369629, -53.8970527649, -63.9113578796, 61.9507408142, -85.3726577759, 36.6245727539, -44.868850708, 99.7443695068, 21.0637550354, 37.073348999, -29.8327026367, 28.3994960785], [-10.1968631744, -10.1239356995, -6.74583768845, 2.6878259182, 9.4040594101, -7.67068767548, -0.386328786612, 3.62169504166, 21.0637550354, 58.5924911499, 25.9901332855, -2.15642547607, 0.0338222756982], [-405.565551758, 245.41468811, -29.0535297394, -16.4641933441, 66.1328887939, -67.3708877563, 36.0920066833, -38.9956245422, 37.073348999, 25.9901332855, 99.5107879639, 3.63436794281, 30.5074234009], [257.555267334, -191.496459961, 47.4135284424, 0.634332954884, -67.9017410278, 49.179977417, -10.9112024307, 46.4191169739, -29.8327026367, -2.15642547607, 3.63436794281, 94.9575500488, 18.7994213104], [-340.762298584, 168.139144897, -32.0349159241, -19.2794456482, 32.3979797363, -43.4817466736, 19.9905948639, -23.7249641418, 28.3994960785, 0.0338222756982, 30.5074234009, 18.7994213104, 72.7712860107]],
        "icov": [[0.000390641303966, -0.000196649431018, 0.000584972614888, -0.000808567914646, 0.000197692250367, -0.000618489109911, 0.00073481729487, -0.000795127940364, 0.000979207572527, -0.000507305318024, 0.000467815960292, -0.000731552834623, 0.00101920065936], [-0.000196649431018, 0.00605875765905, -0.00133239524439, 0.00378806539811, -0.00438809162006, 0.00367939216085, -0.00283821136691, 0.00415014987811, -0.00513420114294, 0.00620140507817, -0.00573352212086, 0.00579192163423, -0.00530972937122], [0.000584972614888, -0.00133239524439, 0.00285087502562, -0.00201185466722, 0.000532111211214, -0.00303911860101, 0.00188380398322, -0.0010335178813, 0.00180024863221, -0.00158200645819, 0.00158330157865, -0.00314821093343, 0.00308019691147], [-0.000808567914646, 0.00378806539811, -0.00201185466722, 0.00788931176066, -0.00447851605713, 0.00242647482082, -0.00298712891527, 0.00354790920392, -0.00135844550095, 0.00304956990294, -0.00373052433133, 0.00504713039845, -0.00512437336147], [0.000197692250367, -0.00438809162006, 0.000532111211214, -0.00447851605713, 0.0104857804254, -0.0040116882883, 0.000481309456518, -0.000290553463856, 0.00184570229612, -0.00365665135905, 0.000808147422504, 0.00028337459662, 0.00168933952227], [-0.000618489109911, 0.00367939216085, -0.00303911860101, 0.00242647482082, -0.0040116882883, 0.0149060990661, -0.00200991285965, -0.00115831661969, 0.000328132358845, 0.00228667166084, 0.000784991600085, 0.000846990034916, -0.0019023908535], [0.00073481729487, -0.00283821136691, 0.00188380398322, -0.00298712891527, 0.000481309456518, -0.00200991285965, 0.0144681306556, -0.00454218080267, 0.00074510416016, -0.000455548608443, 0.000155164510943, -0.00390783092007, 0.00381988985464], [-0.000795127940364, 0.00415014987811, -0.0010335178813, 0.00354790920392, -0.000290553463856, -0.00115831661969, -0.00454218080267, 0.0147625636309, -0.00543965119869, 0.00304588116705, -0.00389168434776, 0.00304502318613, -0.00436310004443], [0.000979207572527, -0.00513420114294, 0.00180024863221, -0.00135844550095, 0.00184570229612, 0.000328132358845, 0.00074510416016, -0.00543965119869, 0.0277172531933, -0.0132109792903, 0.0063329343684, -0.00210792617872, 0.00135568843689], [-0.000507305318024, 0.00620140507817, -0.00158200645819, 0.00304956990294, -0.00365665135905, 0.00228667166084, -0.000455548608443, 0.00304588116705, -0.0132109792903, 0.0296733025461, -0.0140690552071, 0.00701706949621, -0.00325283338316], [0.000467815960292, -0.00573352212086, 0.00158330157865, -0.00373052433133, 0.000808147422504, 0.000784991600085, 0.000155164510943, -0.00389168434776, 0.0063329343684, -0.0140690552071, 0.0248488429934, -0.0115894740447, 0.00405634660274], [-0.000731552834623, 0.00579192163423, -0.00314821093343, 0.00504713039845, 0.00028337459662, 0.000846990034916, -0.00390783092007, 0.00304502318613, -0.00210792617872, 0.00701706949621, -0.0115894740447, 0.0265895873308, -0.0156015874818], [0.00101920065936, -0.00530972937122, 0.00308019691147, -0.00512437336147, 0.00168933952227, -0.0019023908535, 0.00381988985464, -0.00436310004443, 0.00135568843689, -0.00325283338316, 0.00405634660274, -0.0156015874818, 0.0282225571573]]
    },
    "melbands": {
        "mean": [0.00130872312002, 0.00233547575772, 0.00177169998642, 0.000929099682253, 0.00101414811797, 0.000586585374549, 0.000279908330413, 0.000200463604415, 0.000205915246624, 0.000102247635368, 0.000101531681139, 0.000127222228912, 5.56984268769e-005, 4.44258002972e-005, 3.34553114953e-005, 2.43397225859e-005, 2.43058984779e-005, 2.05199667107e-005, 1.89303518709e-005, 1.88046142284e-005, 2.10525668081e-005, 1.2836661881e-005, 1.10518622023e-005, 9.28388271859e-006, 1.08165404527e-005, 9.89143245533e-006, 6.06394905844e-006, 3.85075645681e-006, 4.786144018e-006, 4.61498711957e-006, 3.00624083138e-006, 2.40773579208e-006, 2.29627562476e-006, 1.95232451006e-006, 1.94746439774e-006, 2.39292899096e-006, 1.56131932272e-006, 1.30062983317e-006, 9.30951955525e-007, 7.05957631908e-007],
        "var": [1.28955855416e-006, 4.35606943938e-006, 5.88361535847e-006, 1.90888499674e-006, 1.10434962153e-006, 4.10373360182e-007, 1.29293582063e-007, 6.29211314163e-008, 1.24107799593e-007, 4.3279928974e-008, 3.38942420797e-008, 5.76214915782e-008, 6.96697632918e-009, 4.95032592696e-009, 2.33098362834e-009, 1.33349487008e-009, 9.45666212004e-010, 4.68278527066e-010, 7.11509573481e-010, 1.05732966826e-009, 8.78244643676e-010, 5.16345410873e-010, 7.42841121948e-010, 2.84079065827e-010, 5.91642790315e-010, 2.81833500981e-010, 9.61616411499e-011, 4.24242238561e-011, 6.7738460674e-011, 6.93896329285e-011, 3.32159855176e-011, 2.97815209993e-011, 1.74665733266e-011, 1.89448075283e-011, 2.12040732195e-011, 4.28652113804e-011, 1.68173096976e-011, 8.48367383288e-012, 3.298890024e-012, 2.41528997323e-012]
    },
    "mfcc": {
        "mean": [-672.100891113, 154.509185791, 11.700668335, 28.9153232574, 8.05323219299, 5.88236808777, -1.71904122829, -0.498487323523, -0.740532577038, 0.679383993149, -3.28625440598, -2.65293836594, -1.53962993622],
        "cov": [[10319.3007813, -3526.72094727, -23.0558700562, -243.723999023, -78.7326889038, -124.230102539, 291.838562012, 461.592529297, 38.4386482239, -21.7762031555, -145.286270142, 138.342483521, -42.7320175171], [-3526.72094727, 2036.34729004, -351.333496094, 185.708770752, 85.5807647705, 46.3263015747, -106.239013672, -254.981277466, -31.4022254944, 7.75661563873, 94.7005233765, -62.8999671936, -5.0991563797], [-23.0558700562, -351.333496094, 647.921203613, -44.1415863037, 81.6974105835, 69.1093673706, 51.4450492859, 95.5305709839, -11.7863950729, -18.2612571716, -34.3252296448, 20.0242862701, -9.17829227448], [-243.723999023, 185.708770752, -44.1415863037, 271.916748047, 73.8564834595, 78.0151596069, 35.2477645874, -43.0110702515, -14.1555624008, 1.2973678112, 16.2135620117, -14.3742132187, -5.98028278351], [-78.7326889038, 85.5807647705, 81.6974105835, 73.8564834595, 166.984893799, 71.3489532471, 35.0444755554, -9.59323978424, -2.10001707077, 0.987341165543, 9.73701381683, 4.19651079178, -19.3559856415], [-124.230102539, 46.3263015747, 69.1093673706, 78.0151596069, 71.3489532471, 134.116348267, 27.4426841736, -11.8738031387, -5.02064085007, -8.44620609283, -4.67048454285, -7.29364681244, -10.5541439056], [291.838562012, -106.239013672, 51.4450492859, 35.2477645874, 35.0444755554, 27.4426841736, 106.487388611, 42.9214668274, -7.68823242188, 10.6863183975, 4.89483642578, 0.111272074282, -6.62638235092], [461.592529297, -254.981277466, 95.5305709839, -43.0110702515, -9.59323978424, -11.8738031387, 42.9214668274, 114.077407837, 20.5670833588, -9.68415164948, -26.6699371338, 16.2863368988, -4.14325618744], [38.4386482239, -31.4022254944, -11.7863950729, -14.1555624008, -2.10001707077, -5.02064085007, -7.68823242188, 20.5670833588, 73.2071685791, 3.51523137093, -11.2274417877, 4.53611707687, 2.27789592743], [-21.7762031555, 7.75661563873, -18.2612571716, 1.2973678112, 0.987341165543, -8.44620609283, 10.6863183975, -9.68415164948, 3.51523137093, 87.9758377075, 38.1728782654, -24.4978179932, -14.0245485306], [-145.286270142, 94.7005233765, -34.3252296448, 16.2135620117, 9.73701381683, -4.67048454285, 4.89483642578, -26.6699371338, -11.2274417877, 38.1728782654, 69.3293151855, -3.73617100716, -11.1712198257], [138.342483521, -62.8999671936, 20.0242862701, -14.3742132187, 4.19651079178, -7.29364681244, 0.111272074282, 16.2863368988, 4.53611707687, -24.4978179932, -3.73617100716, 64.8408203125, 21.8664550781], [-42.7320175171, -5.0991563797, -9.17829227448, -5.98028278351, -19.3559856415, -10.5541439056, -6.62638235092, -4.14325618744, 2.27789592743, -14.0245485306, -11.1712198257, 21.8664550781, 59.4269828796]],
        "icov": [[0.000326969806338, 0.000602098123636, 0.000448781647719, 2.55961022049e-005, -0.00032660990837, 0.000106861421955, -0.000345044012647, -0.000181163297384, 0.000195581349544, 8.14149825601e-005, 0.000115836235636, -0.000261430046521, 0.000349845155142], [0.000602098123636, 0.00187885400373, 0.00104801473208, -0.00013912434224, -0.00104002957232, 0.00019405974308, -0.000238642343902, 0.000737855269108, 0.000242322988925, 0.000685483100824, -0.0005499367835, 0.000143293771544, 0.000458955822978], [0.000448781647719, 0.00104801473208, 0.00282120122574, 0.000612486561295, -0.00161309645046, -0.000970207038336, -0.000138227274874, -0.00185793149285, 0.00125697290059, 4.35118527093e-005, 0.000417537754402, -0.000340208876878, 0.000233091559494], [2.55961022049e-005, -0.00013912434224, 0.000612486561295, 0.00535241141915, -0.00123619742226, -0.00217789760791, -0.00187204731628, 0.00128601514734, 0.000223281909712, 0.000466865516501, -0.000311648007482, 0.000618788471911, -0.000453474756796], [-0.00032660990837, -0.00104002957232, -0.00161309645046, -0.00123619742226, 0.00993572734296, -0.00312023982406, -0.00200127158314, 0.00174803484697, -0.00135903572664, -0.00036674819421, -0.00028057541931, -0.00249212235212, 0.00271289609373], [0.000106861421955, 0.00019405974308, -0.000970207038336, -0.00217789760791, -0.00312023982406, 0.0117553556338, -0.00196550204419, 0.00216670823283, -0.000552115263417, 0.00123750476632, 0.00163102929946, 0.00103452801704, 0.000966973952018], [-0.000345044012647, -0.000238642343902, -0.000138227274874, -0.00187204731628, -0.00200127158314, -0.00196550204419, 0.015325691551, -0.00741476286203, 0.0028496386949, -0.0017834258033, -0.00258809956722, 0.00147769204341, -0.0018476548139], [-0.000181163297384, 0.000737855269108, -0.00185793149285, 0.00128601514734, 0.00174803484697, 0.00216670823283, -0.00741476286203, 0.018825288862, -0.00481036864221, 0.000713078305125, 0.00428428081796, -0.00293585658073, 0.00345368753187], [0.000195581349544, 0.000242322988925, 0.00125697290059, 0.000223281909712, -0.00135903572664, -0.000552115263417, 0.0028496386949, -0.00481036864221, 0.0161420423537, -0.00290917861275, 0.00281928270124, -0.00118204788305, -0.000520685629454], [8.14149825601e-005, 0.000685483100824, 4.35118527093e-005, 0.000466865516501, -0.00036674819421, 0.00123750476632, -0.0017834258033, 0.000713078305125, -0.00290917861275, 0.0184243824333, -0.0105538023636, 0.00713371159509, -2.69706288236e-005], [0.000115836235636, -0.0005499367835, 0.000417537754402, -0.000311648007482, -0.00028057541931, 0.00163102929946, -0.00258809956722, 0.00428428081796, 0.00281928270124, -0.0105538023636, 0.0243416111916, -0.00615480542183, 0.00451938807964], [-0.000261430046521, 0.000143293771544, -0.000340208876878, 0.000618788471911, -0.00249212235212, 0.00103452801704, 0.00147769204341, -0.00293585658073, -0.00118204788305, 0.00713371159509, -0.00615480542183, 0.0227026697248, -0.00861557945609], [0.000349845155142, 0.000458955822978, 0.000233091559494, -0.000453474756796, 0.00271289609373, 0.000966973952018, -0.0018476548139, 0.00345368753187, -0.000520685629454, -2.69706288236e-005, 0.00451938807964, -0.00861557945609, 0.0222321059555]]
    },
    "spectral_contrast_coeffs": {
        "mean": [-0.634755253792, -0.682003855705, -0.758220374584, -0.782462954521, -0.797566413879, -0.769108235836],
        "var": [0.00485421717167, 0.00431873416528, 0.00288488646038, 0.00164597830735, 0.00144689437002, 0.00167493626941]
    },
    "spectral_contrast_valleys": {
        "mean": [-6.9150557518, -6.74499368668, -7.58492612839, -8.02099323273, -8.09315490723, -10.7892446518],
        "var": [0.943063735962, 0.877751290798, 1.0756906271, 1.23831164837, 1.67582643032, 2.73596453667]
    }
},
"metadata": {
    "audio_properties": {
        "analysis_sample_rate": 44100,
        "bit_rate": 128074,
        "equal_loudness": 0,
        "length": 45.0612258911,
        "lossless": 0,
        "replay_gain": -4.1878490448,
        "sample_rate": 44100,
        "codec": "mp3",
        "downmix": "mix",
        "md5_encoded": "541ec5a74be48a1e17a905a730fedee8"
    },
    "tags": {
        "file_name": "1663.mp3"
    },
    "version": {
        "essentia": "2.1-beta2",
        "essentia_git_sha": "v2.1_beta2",
        "extractor": "music 1.0"
    }
},
"rhythm": {
    "beats_count": 92,
    "beats_loudness": {
        "mean": 0.0362065695226,
        "var": 0.000774095475208
    },
    "bpm": 123.859474182,
    "bpm_histogram_first_peak_bpm": {
        "mean": 123,
        "var": 0
    },
    "bpm_histogram_first_peak_spread": {
        "mean": 0.540229856968,
        "var": 0
    },
    "bpm_histogram_first_peak_weight": {
        "mean": 0.439560443163,
        "var": 0
    },
    "bpm_histogram_second_peak_bpm": {
        "mean": 129,
        "var": 0
    },
    "bpm_histogram_second_peak_spread": {
        "mean": 0,
        "var": 0
    },
    "bpm_histogram_second_peak_weight": {
        "mean": 0.0219780225307,
        "var": 0
    },
    "danceability": 0.959062516689,
    "onset_rate": 2.48438715935,
    "beats_loudness_band_ratio": {
        "mean": [0.56350684166, 0.274807363749, 0.114823296666, 0.0576618202031, 0.0326409712434, 0.0261582601815],
        "var": [0.0282160956413, 0.0161303002387, 0.0119617702439, 0.00488717062399, 0.000759665563237, 0.00113438884728]
    },
    "beats_position": [0.46439909935, 0.952018141747, 1.43963718414, 1.93886613846, 2.43809509277, 2.93732428551, 3.43655323982, 3.94739222527, 4.446621418, 4.94585037231, 5.44507932663, 5.94430828094, 6.43192720413, 6.93115615845, 7.45360517502, 7.94122457504, 8.42884349823, 8.91646194458, 9.4040813446, 9.8800907135, 10.3677091599, 10.866938591, 11.3661680222, 11.8653964996, 12.3530158997, 12.8290243149, 13.3050336838, 13.7694330215, 14.2338323593, 14.7098407745, 15.1858501434, 15.6734695435, 16.1610889435, 16.6487064362, 17.1363258362, 17.6239452362, 18.0999546051, 18.5875740051, 19.0751914978, 19.5512008667, 20.0272102356, 20.5032196045, 20.9792289734, 21.4552383423, 21.9312477112, 22.4188652039, 22.9064846039, 23.3941040039, 23.8701133728, 24.3461227417, 24.8337402344, 25.3213596344, 25.7973690033, 26.2733783722, 26.7493877411, 27.2370071411, 27.7246246338, 28.2122440338, 28.6882534027, 29.1642627716, 29.6518821716, 30.1394996643, 30.6271190643, 31.1031284332, 31.5791378021, 32.0551452637, 32.5311546326, 33.0071640015, 33.4831733704, 33.9707946777, 34.4584121704, 34.9344215393, 35.422039032, 35.8980484009, 36.3856697083, 36.8732872009, 37.3492965698, 37.8369140625, 38.3129234314, 38.7889328003, 39.2649421692, 39.7525634766, 40.2401809692, 40.7277984619, 41.2154197693, 41.6914291382, 42.1674385071, 42.6550559998, 43.1310653687, 43.6186828613, 44.0946922302, 44.5823135376]
},
"tonal": {
    "chords_changes_rate": 0.042181070894,
    "chords_number_rate": 0.00925925932825,
    "chords_strength": {
        "mean": 0.494625777006,
        "var": 0.00670373532921
    },
    "hpcp_entropy": {
        "mean": 2.09864854813,
        "var": 0.466559737921
    },
    "key_strength": 0.76864439249,
    "tuning_diatonic_strength": 0.533313214779,
    "tuning_equal_tempered_deviation": 0.0158237293363,
    "tuning_frequency": 443.572570801,
    "tuning_nontempered_energy_ratio": 0.650324702263,
    "hpcp": {
        "mean": [0.151341751218, 0.141470462084, 0.279220581055, 0.37418821454, 0.199244469404, 0.0656388476491, 0.0539677031338, 0.0741437971592, 0.177651554346, 0.217081725597, 0.111969895661, 0.0422821566463, 0.0380389541388, 0.0594873316586, 0.235912278295, 0.373317301273, 0.250183194876, 0.210272222757, 0.268022954464, 0.160743355751, 0.0691974833608, 0.0669792145491, 0.0600423961878, 0.112695023417, 0.147266313434, 0.0868988335133, 0.0541778095067, 0.0562951415777, 0.0655908063054, 0.156963929534, 0.196444272995, 0.105481773615, 0.0533611774445, 0.0575915947556, 0.0620783381164, 0.112181849778],
        "var": [0.048527944833, 0.0355689786375, 0.0990571528673, 0.160406783223, 0.0593459792435, 0.0179471764714, 0.0157756395638, 0.0259816292673, 0.0814410969615, 0.10234759748, 0.029563928023, 0.00846359692514, 0.00862369220704, 0.0149712003767, 0.0720593780279, 0.13438655436, 0.0762395262718, 0.0650614723563, 0.115809947252, 0.0471888482571, 0.0195706691593, 0.0223760660738, 0.0199592653662, 0.0411285981536, 0.0546248182654, 0.0205894876271, 0.0132934674621, 0.0148239471018, 0.0159533545375, 0.0594356060028, 0.0770803466439, 0.0256338436157, 0.0153512014076, 0.0216011703014, 0.0223165825009, 0.0340084172785]
    },
    "chords_histogram": [23.4567909241, 28.9094657898, 10.8024692535, 6.68724298477, 3.49794244766, 0.617283940315, 0, 0, 2.36625504494, 0.102880656719, 8.12757205963, 0, 0.925925910473, 0, 0, 0, 0, 0, 0, 0, 0, 1.54320991039, 0.205761313438, 12.7572011948],
    "thpcp": [1, 0.532471239567, 0.175416663289, 0.14422608912, 0.198145732284, 0.474765241146, 0.580140471458, 0.29923415184, 0.112997032702, 0.101657271385, 0.158977031708, 0.630464196205, 0.997672498226, 0.668602526188, 0.561942398548, 0.7162784338, 0.429578870535, 0.184926941991, 0.178998723626, 0.160460412502, 0.301172018051, 0.393562138081, 0.232232958078, 0.144787594676, 0.15044605732, 0.175288274884, 0.419478535652, 0.524987876415, 0.281894952059, 0.142605185509, 0.153910771012, 0.165901377797, 0.299800604582, 0.404453545809, 0.378073006868, 0.746203541756],
    "chords_key": "G",
    "chords_scale": "minor",
    "key_key": "D#",
    "key_scale": "major"
}
}