{
"lowlevel": {
    "average_loudness": 0.96012198925,
    "barkbands_crest": {
        "mean": 9.10427951813,
        "var": 20.6759223938
    },
    "barkbands_flatness_db": {
        "mean": 0.12482342869,
        "var": 0.00267463433556
    },
    "barkbands_kurtosis": {
        "mean": 6.95161819458,
        "var": 245.683044434
    },
    "barkbands_skewness": {
        "mean": 1.85628008842,
        "var": 3.88537740707
    },
    "barkbands_spread": {
        "mean": 42.463432312,
        "var": 618.593566895
    },
    "dissonance": {
        "mean": 0.476834863424,
        "var": 0.00024622771889
    },
    "dynamic_complexity": 3.69104385376,
    "erbbands_crest": {
        "mean": 6.49087047577,
        "var": 7.61705732346
    },
    "erbbands_flatness_db": {
        "mean": 0.0973131209612,
        "var": 0.000404344726121
    },
    "erbbands_kurtosis": {
        "mean": -0.531383574009,
        "var": 1.17666780949
    },
    "erbbands_skewness": {
        "mean": -0.13778334856,
        "var": 0.435990869999
    },
    "erbbands_spread": {
        "mean": 72.3412322998,
        "var": 520.407531738
    },
    "hfc": {
        "mean": 26.0657844543,
        "var": 1055.64807129
    },
    "melbands_crest": {
        "mean": 15.0947980881,
        "var": 28.8489265442
    },
    "melbands_flatness_db": {
        "mean": 0.172007158399,
        "var": 0.00653968332335
    },
    "melbands_kurtosis": {
        "mean": 38.0165939331,
        "var": 3651.50341797
    },
    "melbands_skewness": {
        "mean": 4.41243457794,
        "var": 9.75070095062
    },
    "melbands_spread": {
        "mean": 38.8432769775,
        "var": 1411.77331543
    },
    "pitch_salience": {
        "mean": 0.531486451626,
        "var": 0.0130320014432
    },
    "silence_rate_20dB": {
        "mean": 1,
        "var": 0
    },
    "silence_rate_30dB": {
        "mean": 0.895468592644,
        "var": 0.0936035886407
    },
    "silence_rate_60dB": {
        "mean": 0.0911431536078,
        "var": 0.0828333124518
    },
    "spectral_centroid": {
        "mean": 1809.1340332,
        "var": 734506.375
    },
    "spectral_complexity": {
        "mean": 12.7579813004,
        "var": 97.2403335571
    },
    "spectral_decrease": {
        "mean": -7.68495311831e-009,
        "var": 1.98142182186e-016
    },
    "spectral_energy": {
        "mean": 0.0313690900803,
        "var": 0.00295632239431
    },
    "spectral_energyband_high": {
        "mean": 0.00232514040545,
        "var": 1.04222772279e-005
    },
    "spectral_energyband_low": {
        "mean": 0.0219725053757,
        "var": 0.0024131485261
    },
    "spectral_energyband_middle_high": {
        "mean": 0.00165589747485,
        "var": 5.32095555172e-006
    },
    "spectral_energyband_middle_low": {
        "mean": 0.00678249448538,
        "var": 0.000194759282749
    },
    "spectral_entropy": {
        "mean": 8.06993103027,
        "var": 0.0784165039659
    },
    "spectral_flux": {
        "mean": 0.0975819975138,
        "var": 0.00869156047702
    },
    "spectral_kurtosis": {
        "mean": 1.2686715126,
        "var": 1.24143564701
    },
    "spectral_rms": {
        "mean": 0.00436001038179,
        "var": 1.15942430057e-005
    },
    "spectral_rolloff": {
        "mean": 3668.62426758,
        "var": 14435960
    },
    "spectral_skewness": {
        "mean": 1.03966999054,
        "var": 0.101321645081
    },
    "spectral_spread": {
        "mean": 7748354.5,
        "var": 3.63801372262e+012
    },
    "spectral_strongpeak": {
        "mean": 0.434425622225,
        "var": 0.650383353233
    },
    "zerocrossingrate": {
        "mean": 0.128001853824,
        "var": 0.00646728603169
    },
    "barkbands": {
        "mean": [0.000668972672429, 0.0126535184681, 0.00731288921088, 0.00235120789148, 0.0023047614377, 0.000697234179825, 0.000676265044603, 0.000425467675086, 0.000272135512205, 0.000275393744232, 8.76254198374e-005, 0.000142680277349, 0.000100985729659, 9.14620031836e-005, 0.000182164163562, 9.32040129555e-005, 0.000169087739778, 0.000177827649168, 0.000272590434179, 0.000207102784771, 0.000234625578742, 0.000376769748982, 0.000459513248643, 0.000426859158324, 0.000455471687019, 0.000253263337072, 1.95083664778e-008],
        "var": [3.26079361912e-006, 0.000978672760539, 0.000327333837049, 1.85344397323e-005, 6.84403639752e-005, 1.06345225959e-006, 2.76368109553e-006, 1.10037217382e-006, 6.34947468825e-007, 1.42181264096e-007, 2.66837592022e-008, 7.97934447405e-008, 4.03269062588e-008, 4.87492464174e-008, 7.74157982164e-008, 4.33576694547e-008, 6.54381935306e-008, 1.40364818435e-007, 2.67959535449e-007, 2.45561608381e-007, 1.31605986553e-007, 2.94981930438e-007, 4.43746586143e-007, 3.90527731042e-007, 6.3547395257e-007, 2.8538519814e-007, 5.77558308931e-015]
    },
    "erbbands": {
        "mean": [0.26123765111, 3.14082765579, 9.26525783539, 8.10604953766, 9.03719043732, 5.68086624146, 6.03233528137, 5.2066283226, 9.04180431366, 7.82803344727, 10.7293987274, 6.464864254, 6.63834524155, 9.33563137054, 4.31553268433, 6.60866355896, 4.99953794479, 4.96834850311, 9.98509788513, 5.54534816742, 6.32661724091, 8.86670875549, 9.46632385254, 11.2364969254, 13.8097219467, 10.3157920837, 7.89751625061, 11.7945842743, 13.1066398621, 14.7295217514, 12.0789880753, 10.4693098068, 6.17262935638, 4.79348230362, 3.374989748, 1.3951253891, 0.403240859509, 0.0498475767672, 0.000940497324336, 8.05022282293e-005],
        "var": [0.466097682714, 60.663684845, 527.485168457, 231.009536743, 836.374572754, 416.320648193, 167.351196289, 46.4562416077, 317.51373291, 871.789672852, 650.36151123, 241.690261841, 337.226837158, 140.697067261, 56.3846473694, 161.488967896, 92.3155441284, 115.821517944, 202.533050537, 130.350982666, 156.985488892, 204.706161499, 334.268310547, 499.770294189, 663.475402832, 599.582946777, 182.5365448, 326.278900146, 377.474578857, 473.407073975, 281.552642822, 241.026885986, 83.1629486084, 61.1605300903, 41.9275398254, 9.18510150909, 0.772615492344, 0.0106114074588, 3.44217210113e-006, 1.21257857089e-008]
    },
    "gfcc": {
        "mean": [5.64757061005, 38.2351341248, -77.6595001221, 49.3589782715, -64.1503372192, 25.382730484, -42.2942733765, 16.4887104034, -28.7440814972, 6.1084485054, -21.398103714, 5.41474628448, -17.6512680054],
        "cov": [[3388.23217773, -278.936584473, 48.2130393982, 354.815826416, -145.851654053, -22.7422981262, -190.136917114, -16.2966556549, 23.9687957764, 42.9562149048, -46.7641716003, -140.019210815, -74.5833587646], [-278.936584473, 835.239257813, -87.1084213257, 54.0278778076, 267.552398682, 49.2159042358, 164.101226807, 47.6436195374, 60.9738922119, -70.1005706787, 30.2047958374, -37.8814659119, -7.85695266724], [48.2130393982, -87.1084213257, 495.139068604, 91.8360977173, 240.244781494, 100.08391571, 81.6818466187, 42.7478981018, 22.0822086334, 36.3502311707, -18.6144599915, 58.1446609497, -19.5072975159], [354.815826416, 54.0278778076, 91.8360977173, 280.464691162, 64.2330474854, 61.775478363, 12.2519664764, 24.6196308136, 92.2536087036, 10.8314113617, 37.8861961365, -38.4589958191, 23.8805904388], [-145.851654053, 267.552398682, 240.244781494, 64.2330474854, 441.073608398, 154.575454712, 183.713165283, 80.5723953247, -6.49227523804, -39.0429229736, 5.23814487457, 62.3067245483, -14.5795669556], [-22.7422981262, 49.2159042358, 100.08391571, 61.775478363, 154.575454712, 147.143920898, 95.07837677, 52.4408493042, 8.58085632324, -16.053691864, 20.0085296631, 18.8729515076, 7.92056417465], [-190.136917114, 164.101226807, 81.6818466187, 12.2519664764, 183.713165283, 95.07837677, 148.509292603, 62.018913269, 2.90075230598, -21.2345466614, 9.48581504822, 34.0092506409, -0.642524421215], [-16.2966556549, 47.6436195374, 42.7478981018, 24.6196308136, 80.5723953247, 52.4408493042, 62.018913269, 73.2834625244, 24.677312851, -0.394281625748, 10.7079277039, 12.0563468933, 5.48019361496], [23.9687957764, 60.9738922119, 22.0822086334, 92.2536087036, -6.49227523804, 8.58085632324, 2.90075230598, 24.677312851, 100.767311096, 34.9286804199, 24.1954689026, -22.3196983337, 13.043346405], [42.9562149048, -70.1005706787, 36.3502311707, 10.8314113617, -39.0429229736, -16.053691864, -21.2345466614, -0.394281625748, 34.9286804199, 67.7950897217, 17.4706172943, 2.10102725029, 0.32500693202], [-46.7641716003, 30.2047958374, -18.6144599915, 37.8861961365, 5.23814487457, 20.0085296631, 9.48581504822, 10.7079277039, 24.1954689026, 17.4706172943, 52.3855285645, 9.69117546082, 14.3199367523], [-140.019210815, -37.8814659119, 58.1446609497, -38.4589958191, 62.3067245483, 18.8729515076, 34.0092506409, 12.0563468933, -22.3196983337, 2.10102725029, 9.69117546082, 75.3452224731, 20.5463809967], [-74.5833587646, -7.85695266724, -19.5072975159, 23.8805904388, -14.5795669556, 7.92056417465, -0.642524421215, 5.48019361496, 13.043346405, 0.32500693202, 14.3199367523, 20.5463809967, 69.8287887573]],
        "icov": [[0.000478789908811, -9.95010486804e-005, 0.000154877838213, -0.00111066433601, 0.000144604113302, -0.000302552245557, 0.000911191047635, -0.000791738566477, 0.00102823460475, -0.000826127710752, 0.0010830614483, -0.000177744135726, 0.000700299278833], [-9.95010486804e-005, 0.00346851511858, 0.000967847066931, 0.00130887085106, -0.00304485182278, 0.00309099629521, -0.00401442544535, 0.00239092763513, -0.00374573422596, 0.00328523642384, -0.00319088925608, 0.00412990804762, -0.000980612821877], [0.000154877838213, 0.000967847066931, 0.00495328148827, -0.00207154382952, -0.00261490093544, -0.00115742289927, 0.000105486229586, 0.000723633100279, -0.000883310160134, -0.00394861586392, 0.00515096820891, -0.0031634666957, 0.00195387634449], [-0.00111066433601, 0.00130887085106, -0.00207154382952, 0.0110676512122, -0.00251766596921, -8.58327402966e-005, -0.00109450647142, 0.0036226043012, -0.00899638421834, 0.006278202869, -0.00870818924159, 0.0074985222891, -0.00498236250132], [0.000144604113302, -0.00304485182278, -0.00261490093544, -0.00251766596921, 0.00965082366019, -0.00411582319066, -0.00176158768591, -0.00269415858202, 0.00387419038452, 5.84187982895e-005, 0.00274175289087, -0.0063310302794, 0.0031960925553], [-0.000302552245557, 0.00309099629521, -0.00115742289927, -8.58327402966e-005, -0.00411582319066, 0.0188288614154, -0.00977102853358, -0.00146148516797, -0.000388330197893, 0.00538587616757, -0.00910001154989, 0.00700131896883, -0.00338606070727], [0.000911191047635, -0.00401442544535, 0.000105486229586, -0.00109450647142, -0.00176158768591, -0.00977102853358, 0.026562133804, -0.0113250957802, 0.00340843107551, -0.00254347571172, 0.00514870369807, -0.00774640450254, 0.00339765218087], [-0.000791738566477, 0.00239092763513, 0.000723633100279, 0.0036226043012, -0.00269415858202, -0.00146148516797, -0.0113250957802, 0.0278348699212, -0.0108886212111, 0.00305717578158, -0.00299989967607, 0.00195937557146, -0.00224046804942], [0.00102823460475, -0.00374573422596, -0.000883310160134, -0.00899638421834, 0.00387419038452, -0.000388330197893, 0.00340843107551, -0.0108886212111, 0.0283474307507, -0.0147463530302, 0.00238322350197, 0.00200559571385, -0.00105972564779], [-0.000826127710752, 0.00328523642384, -0.00394861586392, 0.006278202869, 5.84187982895e-005, 0.00538587616757, -0.00254347571172, 0.00305717578158, -0.0147463530302, 0.0317333042622, -0.0150997014716, 0.00220125936903, 0.000430682499427], [0.0010830614483, -0.00319088925608, 0.00515096820891, -0.00870818924159, 0.00274175289087, -0.00910001154989, 0.00514870369807, -0.00299989967607, 0.00238322350197, -0.0150997014716, 0.0386908650398, -0.0145296463743, 0.0030681907665], [-0.000177744135726, 0.00412990804762, -0.0031634666957, 0.0074985222891, -0.0063310302794, 0.00700131896883, -0.00774640450254, 0.00195937557146, 0.00200559571385, 0.00220125936903, -0.0145296463743, 0.0338670685887, -0.0128846336156], [0.000700299278833, -0.000980612821877, 0.00195387634449, -0.00498236250132, 0.0031960925553, -0.00338606070727, 0.00339765218087, -0.00224046804942, -0.00105972564779, 0.000430682499427, 0.0030681907665, -0.0128846336156, 0.0218245200813]]
    },
    "melbands": {
        "mean": [0.00291343498975, 0.0048130643554, 0.00145428662654, 0.000575139885768, 0.000188989419257, 0.000114869078971, 0.000144142148201, 7.94138468336e-005, 8.02696376923e-005, 4.09500244132e-005, 3.29760769091e-005, 3.90812965634e-005, 1.2881814655e-005, 1.62831074704e-005, 1.30317648654e-005, 1.01453715615e-005, 8.87852729647e-006, 1.49184388647e-005, 1.07010973807e-005, 6.18879630565e-006, 7.82321058068e-006, 8.97419522516e-006, 9.30481201067e-006, 8.73211138241e-006, 8.79793151398e-006, 1.12592970254e-005, 7.52462665332e-006, 6.93693982612e-006, 4.59101602246e-006, 5.62139211979e-006, 7.38442804504e-006, 7.60088914831e-006, 7.07606614014e-006, 8.62421893544e-006, 6.86411794959e-006, 6.76229956298e-006, 6.11127507e-006, 4.20905553256e-006, 3.9315500544e-006, 4.10128404837e-006],
        "var": [5.22637565155e-005, 0.000135154637974, 7.2869675023e-006, 4.51211326435e-006, 1.62316695196e-007, 2.2829439672e-008, 8.64816982471e-008, 8.2936693957e-008, 3.59994167809e-008, 1.24388765954e-008, 8.19532353091e-009, 2.57495935685e-009, 5.4063270527e-010, 1.01805708308e-009, 6.22051521404e-010, 3.98810956481e-010, 4.57299087486e-010, 4.64047633653e-010, 3.36804667489e-010, 1.86185511453e-010, 2.39229275278e-010, 2.13904255419e-010, 2.96788954524e-010, 3.26935228889e-010, 3.22739279746e-010, 5.30700872137e-010, 1.80525816518e-010, 4.01027933083e-010, 8.85223006009e-011, 7.97011415199e-011, 1.33105984568e-010, 1.44336237407e-010, 9.77406836022e-011, 1.97303076654e-010, 9.4870535039e-011, 1.15545802093e-010, 8.69874519638e-011, 4.08605961566e-011, 3.89815887902e-011, 4.80644794798e-011]
    },
    "mfcc": {
        "mean": [-648.542785645, 69.1642532349, 38.2881317139, 28.8983325958, 10.417309761, 7.75213336945, 1.14619398117, 7.90404033661, -0.673189938068, 2.27459406853, 2.02483439445, -3.3400144577, -1.34155273438],
        "cov": [[3019.55395508, -429.600585938, 86.2596206665, 174.770446777, 23.5180683136, -27.6433525085, -176.092758179, -135.793792725, -64.7235488892, 78.5689239502, 49.8089027405, -5.96643829346, -61.2822227478], [-429.600585938, 781.609741211, -174.644927979, 39.9906463623, 114.184257507, 86.0473937988, 182.413482666, 160.500701904, 77.1591262817, -24.5621128082, 18.2195072174, 75.9122161865, 38.647567749], [86.2596206665, -174.644927979, 285.855773926, 87.998046875, 64.929145813, 48.436416626, -39.8533096313, -21.3805274963, 24.8430709839, 40.2770423889, 30.5267543793, 9.02544593811, 7.48959064484], [174.770446777, 39.9906463623, 87.998046875, 190.709381104, 109.829399109, 58.5495491028, 4.4129652977, 26.379529953, 39.9424438477, 43.4918136597, 24.6302928925, 25.2338275909, 19.343132019], [23.5180683136, 114.184257507, 64.929145813, 109.829399109, 210.097610474, 111.074989319, 102.903747559, 96.1774902344, 60.3924942017, 14.6335582733, 15.5646753311, 48.607334137, 36.6244468689], [-27.6433525085, 86.0473937988, 48.436416626, 58.5495491028, 111.074989319, 120.844429016, 93.6801376343, 72.3942718506, 40.9036064148, 4.56018781662, 12.5400323868, 34.7736282349, 31.1201705933], [-176.092758179, 182.413482666, -39.8533096313, 4.4129652977, 102.903747559, 93.6801376343, 197.56211853, 134.255523682, 51.5546760559, -26.0939235687, -8.46605110168, 47.5651626587, 41.9828987122], [-135.793792725, 160.500701904, -21.3805274963, 26.379529953, 96.1774902344, 72.3942718506, 134.255523682, 150.822677612, 60.7881317139, -9.02581310272, -3.4337720871, 36.0877838135, 38.3083953857], [-64.7235488892, 77.1591262817, 24.8430709839, 39.9424438477, 60.3924942017, 40.9036064148, 51.5546760559, 60.7881317139, 76.9237136841, 24.1967391968, 1.52885055542, 11.9704189301, 24.0365371704], [78.5689239502, -24.5621128082, 40.2770423889, 43.4918136597, 14.6335582733, 4.56018781662, -26.0939235687, -9.02581310272, 24.1967391968, 81.8110427856, 25.6825027466, -16.3434848785, -8.22289657593], [49.8089027405, 18.2195072174, 30.5267543793, 24.6302928925, 15.5646753311, 12.5400323868, -8.46605110168, -3.4337720871, 1.52885055542, 25.6825027466, 73.2981491089, 42.0275154114, -5.21975803375], [-5.96643829346, 75.9122161865, 9.02544593811, 25.2338275909, 48.607334137, 34.7736282349, 47.5651626587, 36.0877838135, 11.9704189301, -16.3434848785, 42.0275154114, 117.841125488, 34.3846511841], [-61.2822227478, 38.647567749, 7.48959064484, 19.343132019, 36.6244468689, 31.1201705933, 41.9828987122, 38.3083953857, 24.0365371704, -8.22289657593, -5.21975803375, 34.3846511841, 72.7845153809]],
        "icov": [[0.000417707487941, 0.000270212185569, 0.000269517855486, -0.000468744925456, -0.000154954148456, -8.93270189408e-005, 0.000154699650011, 7.78340327088e-005, 0.000238461158006, -0.000171647028765, -6.17069890723e-005, -0.00017421625671, 0.000270758348051], [0.000270212185569, 0.0023928664159, 0.00184507842641, -0.000947111053392, -0.000242508627707, -0.000471804203698, -0.000478529487737, -0.000545057759155, -0.00136788655072, 0.000633959134575, -0.00109933374915, -0.00040610297583, 0.000541795860045], [0.000269517855486, 0.00184507842641, 0.00650670565665, -0.00148838805035, -0.00116373156197, -0.00310722319409, 0.00192631222308, 0.00097937847022, -0.00249153375626, 0.000255645893048, -0.00176295707934, -0.000131905660965, 4.83269213873e-005], [-0.000468744925456, -0.000947111053392, -0.00148838805035, 0.0105348192155, -0.00446089543402, -0.00147533090785, 0.00346370576881, -0.000379824865377, -0.000752449792344, -0.0030284661334, 0.000685843173414, -0.000824461516459, -0.0011158202542], [-0.000154954148456, -0.000242508627707, -0.00116373156197, -0.00446089543402, 0.0133329164237, -0.0059394785203, -0.0018977219006, -0.00256672897376, -0.00120190402959, -6.23250962235e-005, 0.000903795124032, -0.00141628633719, 0.000703435915057], [-8.93270189408e-005, -0.000471804203698, -0.00310722319409, -0.00147533090785, -0.0059394785203, 0.0222451835871, -0.00818189140409, 0.000656000745948, 0.000400174525566, 0.000283743545879, -0.00255433004349, 0.00139296276029, -0.00220267288387], [0.000154699650011, -0.000478529487737, 0.00192631222308, 0.00346370576881, -0.0018977219006, -0.00818189140409, 0.0189921334386, -0.0105009796098, -0.000541918736417, 0.00153676839545, 0.00239562033676, -0.00239702872932, -5.23193521076e-005], [7.78340327088e-005, -0.000545057759155, 0.00097937847022, -0.000379824865377, -0.00256672897376, 0.000656000745948, -0.0105009796098, 0.0217240378261, -0.00805432535708, 0.00152503652498, -0.000742312346119, 0.000540693465155, -0.00148716254625], [0.000238461158006, -0.00136788655072, -0.00249153375626, -0.000752449792344, -0.00120190402959, 0.000400174525566, -0.000541918736417, -0.00805432535708, 0.0272078588605, -0.00950213242322, 0.00383638520725, -0.000168589700479, -0.00333500164561], [-0.000171647028765, 0.000633959134575, 0.000255645893048, -0.0030284661334, -6.23250962235e-005, 0.000283743545879, 0.00153676839545, 0.00152503652498, -0.00950213242322, 0.0221195388585, -0.0102886008099, 0.00669451756403, 0.000254870159552], [-6.17069890723e-005, -0.00109933374915, -0.00176295707934, 0.000685843173414, 0.000903795124032, -0.00255433004349, 0.00239562033676, -0.000742312346119, 0.00383638520725, -0.0102886008099, 0.0259160846472, -0.0123065216467, 0.00542024662718], [-0.00017421625671, -0.00040610297583, -0.000131905660965, -0.000824461516459, -0.00141628633719, 0.00139296276029, -0.00239702872932, 0.000540693465155, -0.000168589700479, 0.00669451756403, -0.0123065216467, 0.0171816237271, -0.00667070271447], [0.000270758348051, 0.000541795860045, 4.83269213873e-005, -0.0011158202542, 0.000703435915057, -0.00220267288387, -5.23193521076e-005, -0.00148716254625, -0.00333500164561, 0.000254870159552, 0.00542024662718, -0.00667070271447, 0.0200419947505]]
    },
    "spectral_contrast_coeffs": {
        "mean": [-0.652846097946, -0.734231710434, -0.764243245125, -0.799843668938, -0.788678586483, -0.763334572315],
        "var": [0.00618134858087, 0.00287186703645, 0.00370135577396, 0.00171100429725, 0.00144313508645, 0.00142475543544]
    },
    "spectral_contrast_valleys": {
        "mean": [-7.33720064163, -7.27388620377, -8.05253696442, -8.28072834015, -7.69120979309, -9.38477611542],
        "var": [0.776787102222, 0.593479752541, 0.732886433601, 0.640672028065, 0.608139038086, 0.682889580727]
    }
},
"metadata": {
    "audio_properties": {
        "analysis_sample_rate": 44100,
        "bit_rate": 128074,
        "equal_loudness": 0,
        "length": 45.0612258911,
        "lossless": 0,
        "replay_gain": -3.42602348328,
        "sample_rate": 44100,
        "codec": "mp3",
        "downmix": "mix",
        "md5_encoded": "377e24344e86bce40d138729c125defd"
    },
    "tags": {
        "file_name": "1665.mp3"
    },
    "version": {
        "essentia": "2.1-beta2",
        "essentia_git_sha": "v2.1_beta2",
        "extractor": "music 1.0"
    }
},
"rhythm": {
    "beats_count": 115,
    "beats_loudness": {
        "mean": 0.0940104499459,
        "var": 0.00337026384659
    },
    "bpm": 162.689788818,
    "bpm_histogram_first_peak_bpm": {
        "mean": 161,
        "var": 0
    },
    "bpm_histogram_first_peak_spread": {
        "mean": 0.448979586363,
        "var": 0
    },
    "bpm_histogram_first_peak_weight": {
        "mean": 0.236842110753,
        "var": 0
    },
    "bpm_histogram_second_peak_bpm": {
        "mean": 152,
        "var": 0
    },
    "bpm_histogram_second_peak_spread": {
        "mean": 0.490196079016,
        "var": 0
    },
    "bpm_histogram_second_peak_weight": {
        "mean": 0.228070169687,
        "var": 0
    },
    "danceability": 1.82581019402,
    "onset_rate": 4.10367488861,
    "beats_loudness_band_ratio": {
        "mean": [0.70109719038, 0.106589861214, 0.058097332716, 0.0290975086391, 0.0302616786212, 0.117588363588],
        "var": [0.0978139489889, 0.0180713646114, 0.00503175659105, 0.00144224008545, 0.00114425062202, 0.0240875780582]
    },
    "beats_position": [0.394739210606, 0.812698423862, 1.18421769142, 1.55573689938, 1.91564619541, 2.27555561066, 2.6470746994, 3.00698399544, 3.36689329147, 3.73841261864, 4.09832191467, 4.45823097229, 4.82975053787, 5.20126962662, 5.56117916107, 5.93269824982, 6.30421733856, 6.67573690414, 7.03564596176, 7.40716552734, 7.77868461609, 8.15020370483, 8.52172279358, 8.893242836, 9.26476192474, 9.63628101349, 10.0194101334, 10.4025392532, 10.7856683731, 11.1687984467, 11.5403175354, 11.9118366241, 12.2601356506, 12.6316547394, 13.0147848129, 13.3979139328, 13.7694330215, 14.1409521103, 14.5356912613, 14.90721035, 15.2787294388, 15.6618595123, 16.0449886322, 16.4165077209, 16.7996368408, 17.1827659607, 17.5542850494, 17.9258041382, 18.3205432892, 18.7036724091, 19.0984115601, 19.4815406799, 19.8762817383, 20.2594108582, 20.642539978, 21.0256690979, 21.4087982178, 21.7919273376, 22.1750564575, 22.5581855774, 22.9529247284, 23.3360538483, 23.707572937, 24.0907020569, 24.4854412079, 24.8685703278, 25.2749195099, 25.681268692, 26.076007843, 26.470746994, 26.8770961761, 27.2834453583, 27.6897945404, 28.0961437225, 28.4908847809, 28.8856239319, 29.2803630829, 29.6751022339, 30.0698413849, 30.4645805359, 30.8593196869, 31.2540588379, 31.66040802, 32.0667572021, 32.4731063843, 32.8794555664, 33.2858047485, 33.6921539307, 34.0985031128, 34.5048522949, 34.9112014771, 35.3175506592, 35.7355079651, 36.1302490234, 36.5249862671, 36.9197273254, 37.3144645691, 37.7092056274, 38.1155548096, 38.5219039917, 38.9282531738, 39.334602356, 39.7525634766, 40.1589126587, 40.5536499023, 40.9599990845, 41.3779602051, 41.795917511, 42.2022666931, 42.6086158752, 43.0033569336, 43.3980941772, 43.7928352356, 44.1875724792, 44.5939216614]
},
"tonal": {
    "chords_changes_rate": 0.0390946492553,
    "chords_number_rate": 0.00514403311536,
    "chords_strength": {
        "mean": 0.587976515293,
        "var": 0.00261876662262
    },
    "hpcp_entropy": {
        "mean": 2.16079354286,
        "var": 0.468538731337
    },
    "key_strength": 0.699799001217,
    "tuning_diatonic_strength": 0.572268188,
    "tuning_equal_tempered_deviation": 0.412433326244,
    "tuning_frequency": 455.779724121,
    "tuning_nontempered_energy_ratio": 0.988549232483,
    "hpcp": {
        "mean": [0.127391606569, 0.083914808929, 0.106418162584, 0.119217187166, 0.113820135593, 0.106305480003, 0.0980108752847, 0.0753011852503, 0.0491780079901, 0.0434626676142, 0.0429811961949, 0.0454431585968, 0.129287987947, 0.381055027246, 0.452066838741, 0.226094514132, 0.0801423415542, 0.0497477538884, 0.0469608791173, 0.0736208632588, 0.100891642272, 0.133975446224, 0.159503757954, 0.145877867937, 0.168652743101, 0.207690224051, 0.183584570885, 0.126015916467, 0.121420256793, 0.142612844706, 0.114281110466, 0.0824276432395, 0.0711188092828, 0.120737172663, 0.297274917364, 0.299485951662],
        "var": [0.0310582946986, 0.0288892686367, 0.0407180115581, 0.0475376062095, 0.0484509170055, 0.0472622774541, 0.0361679233611, 0.0232158079743, 0.0139296818525, 0.0119703216478, 0.00878719147295, 0.00893095042557, 0.0245807804167, 0.105607017875, 0.146065399051, 0.0575514808297, 0.0206806641072, 0.0149798709899, 0.015983402729, 0.0305336397141, 0.04639127478, 0.0605976693332, 0.0701862424612, 0.0703256353736, 0.0514926128089, 0.0612283311784, 0.0798742249608, 0.0497172549367, 0.0552086383104, 0.0754107534885, 0.0519070066512, 0.0321261063218, 0.0249390974641, 0.0254215747118, 0.109994880855, 0.123155683279]
    },
    "chords_histogram": [27.8806591034, 0, 0, 0, 0, 0, 0, 0, 0, 0, 0, 0, 0, 0, 0, 0.102880656719, 4.42386817932, 43.0041160583, 0, 0, 0, 0, 1.44032919407, 23.148147583],
    "thpcp": [1, 0.50013512373, 0.17727984488, 0.110045127571, 0.103880390525, 0.162853941321, 0.223178595304, 0.296362042427, 0.352832257748, 0.322690933943, 0.37307035923, 0.459423720837, 0.406100511551, 0.278755068779, 0.268589168787, 0.315468490124, 0.252796947956, 0.182335078716, 0.157319232821, 0.267078131437, 0.65759062767, 0.662481546402, 0.281798154116, 0.185624778271, 0.235403597355, 0.263715833426, 0.251777231693, 0.235154345632, 0.216806158423, 0.166570916772, 0.108784817159, 0.0961421281099, 0.0950770825148, 0.100523099303, 0.28599306941, 0.842917442322],
    "chords_key": "C#",
    "chords_scale": "minor",
    "key_key": "C#",
    "key_scale": "major"
}
}