{
"lowlevel": {
    "average_loudness": 0.824178278446,
    "barkbands_crest": {
        "mean": 10.4140033722,
        "var": 12.2277889252
    },
    "barkbands_flatness_db": {
        "mean": 0.227914407849,
        "var": 0.00407290970907
    },
    "barkbands_kurtosis": {
        "mean": 6.49428749084,
        "var": 29.541601181
    },
    "barkbands_skewness": {
        "mean": 1.79947948456,
        "var": 0.693599522114
    },
    "barkbands_spread": {
        "mean": 8.77211284637,
        "var": 41.1083755493
    },
    "dissonance": {
        "mean": 0.411659449339,
        "var": 0.00218654493801
    },
    "dynamic_complexity": 3.26369166374,
    "erbbands_crest": {
        "mean": 12.2218799591,
        "var": 30.6558799744
    },
    "erbbands_flatness_db": {
        "mean": 0.241680249572,
        "var": 0.00320297922008
    },
    "erbbands_kurtosis": {
        "mean": 2.28114533424,
        "var": 11.3111696243
    },
    "erbbands_skewness": {
        "mean": 1.16147661209,
        "var": 0.535271346569
    },
    "erbbands_spread": {
        "mean": 23.3773784637,
        "var": 174.247512817
    },
    "hfc": {
        "mean": 11.3056497574,
        "var": 126.214836121
    },
    "melbands_crest": {
        "mean": 12.722612381,
        "var": 14.8556976318
    },
    "melbands_flatness_db": {
        "mean": 0.300503194332,
        "var": 0.00583347911015
    },
    "melbands_kurtosis": {
        "mean": 10.151930809,
        "var": 78.0269775391
    },
    "melbands_skewness": {
        "mean": 2.08315658569,
        "var": 1.06537842751
    },
    "melbands_spread": {
        "mean": 10.2588701248,
        "var": 58.1257286072
    },
    "pitch_salience": {
        "mean": 0.57264149189,
        "var": 0.0105374455452
    },
    "silence_rate_20dB": {
        "mean": 1,
        "var": 0
    },
    "silence_rate_30dB": {
        "mean": 0.99330586195,
        "var": 0.00664932699874
    },
    "silence_rate_60dB": {
        "mean": 0.0648815631866,
        "var": 0.0606734231114
    },
    "spectral_centroid": {
        "mean": 715.821411133,
        "var": 205226.78125
    },
    "spectral_complexity": {
        "mean": 12.2466526031,
        "var": 24.6039466858
    },
    "spectral_decrease": {
        "mean": -5.87285997611e-009,
        "var": 2.70744999147e-017
    },
    "spectral_energy": {
        "mean": 0.0231909640133,
        "var": 0.00042032948113
    },
    "spectral_energyband_high": {
        "mean": 0.000152485285071,
        "var": 1.26840191683e-007
    },
    "spectral_energyband_low": {
        "mean": 0.00329262949526,
        "var": 1.71706287801e-005
    },
    "spectral_energyband_middle_high": {
        "mean": 0.00195815740153,
        "var": 7.95837695478e-006
    },
    "spectral_energyband_middle_low": {
        "mean": 0.0185752939433,
        "var": 0.000284498702968
    },
    "spectral_entropy": {
        "mean": 6.40419960022,
        "var": 0.194288104773
    },
    "spectral_flux": {
        "mean": 0.0495619475842,
        "var": 0.00123004219495
    },
    "spectral_kurtosis": {
        "mean": 18.909822464,
        "var": 394.799102783
    },
    "spectral_rms": {
        "mean": 0.0043368190527,
        "var": 3.81732024834e-006
    },
    "spectral_rolloff": {
        "mean": 711.614379883,
        "var": 421204.96875
    },
    "spectral_skewness": {
        "mean": 2.84015607834,
        "var": 1.76014280319
    },
    "spectral_spread": {
        "mean": 2512008,
        "var": 1.76888558387e+012
    },
    "spectral_strongpeak": {
        "mean": 1.12394499779,
        "var": 0.888793170452
    },
    "zerocrossingrate": {
        "mean": 0.0310199391097,
        "var": 0.000335286225891
    },
    "barkbands": {
        "mean": [4.0864483708e-006, 0.000717205111869, 0.00183035444934, 0.00185714126565, 0.0053710155189, 0.0037089374382, 0.00315842474811, 0.00379690155387, 0.000582979817409, 0.000333459785907, 0.000291546341032, 0.000257169886027, 0.000193871019292, 0.000221965994569, 0.000127472449094, 0.000108880616608, 0.000164568395121, 0.000119574622659, 0.000147609825945, 9.46829677559e-005, 5.99747654633e-005, 1.41090777106e-005, 5.73358602196e-006, 1.03486236185e-005, 9.20626189327e-006, 3.60970216207e-006, 1.69152031049e-007],
        "var": [1.33306893302e-010, 3.63789899893e-006, 5.72070803173e-006, 9.76639421424e-006, 5.87782524235e-005, 2.65329908871e-005, 3.23436179315e-005, 4.92025064887e-005, 1.15593229566e-006, 2.17264002345e-007, 2.45862565862e-007, 3.00784535057e-007, 2.01432811764e-007, 1.73468231424e-006, 7.8223685307e-008, 6.70508129019e-008, 1.34546354502e-007, 1.10298060463e-007, 1.41083049243e-007, 4.35154881018e-008, 3.37694423536e-008, 1.44316347761e-009, 2.29888066916e-010, 9.17567133385e-010, 7.91626819652e-010, 1.83802570386e-010, 5.81042917773e-013]
    },
    "erbbands": {
        "mean": [0.00445909844711, 0.237308755517, 1.82586371899, 4.34652853012, 13.4123020172, 17.6824531555, 22.3656234741, 32.3760108948, 42.7338829041, 55.6606292725, 84.078125, 19.4377269745, 8.04945850372, 12.746919632, 12.0861196518, 11.6016111374, 9.47574138641, 14.3037910461, 6.01242780685, 5.45784950256, 7.22339725494, 7.00979280472, 8.59648513794, 6.27759408951, 7.67633676529, 4.13851356506, 3.42052507401, 1.58651912212, 0.666930735111, 0.25120985508, 0.179623022676, 0.29537782073, 0.117778293788, 0.0897554457188, 0.0669780448079, 0.0244881846011, 0.00455748755485, 0.000756678113248, 3.05531757476e-005, 2.7015537853e-005],
        "var": [9.87874300336e-005, 0.338744074106, 8.12078285217, 23.9333305359, 879.77923584, 561.787353516, 871.254699707, 3014.94360352, 5037.20166016, 11789.4003906, 32235.2089844, 880.919677734, 122.962127686, 355.716339111, 451.722015381, 635.582397461, 465.355102539, 6023.28027344, 158.146713257, 242.410690308, 220.293731689, 214.5572052, 522.234191895, 196.356964111, 465.345062256, 67.5200424194, 86.1149215698, 29.1580944061, 4.1437292099, 0.623962044716, 0.206550434232, 0.768970131874, 0.116237796843, 0.0726820677519, 0.0522207394242, 0.00966676045209, 0.000250063603744, 8.23013306217e-006, 5.53930590286e-009, 5.76353242909e-010]
    },
    "gfcc": {
        "mean": [-81.8739547729, 159.407775879, -124.587844849, 11.8016910553, -61.9319000244, -23.2540302277, -39.6581726074, -2.56392359734, -28.3047046661, -5.7603392601, -10.0845546722, -15.8195896149, -11.5580434799],
        "cov": [[7743.7421875, -2603.85009766, -428.720123291, 877.372314453, -674.33215332, 313.27532959, -497.191436768, 406.200958252, -360.153625488, 410.259033203, -296.910949707, 134.282073975, -208.506469727], [-2603.85009766, 2146.18823242, 143.849822998, -487.940002441, 502.236114502, -256.640289307, 388.094818115, -310.496643066, 263.288146973, -354.805175781, 236.333694458, -98.7205505371, 191.678482056], [-428.720123291, 143.849822998, 422.218139648, -20.1873455048, 99.5380554199, 56.365146637, -12.7232236862, 5.72270917892, -32.5488471985, 7.24704694748, 8.26177120209, 27.5428161621, 17.884552002], [877.372314453, -487.940002441, -20.1873455048, 391.128387451, -64.2429428101, 89.2105941772, -55.6684494019, 54.2195320129, -41.4918251038, 63.5216331482, -32.4519844055, 32.2719573975, -11.1757688522], [-674.33215332, 502.236114502, 99.5380554199, -64.2429428101, 301.369689941, -2.90976166725, 79.803855896, -50.7515144348, 55.1100921631, -78.5303497314, 45.4258270264, 34.7041053772, 34.4508552551], [313.27532959, -256.640289307, 56.365146637, 89.2105941772, -2.90976166725, 203.522918701, -21.3581256866, 43.4945106506, -40.5585250854, 51.5112953186, -34.2374839783, 20.4014282227, -17.5994415283], [-497.191436768, 388.094818115, -12.7232236862, -55.6684494019, 79.803855896, -21.3581256866, 163.877807617, -40.5835418701, 55.4749565125, -59.1522827148, 52.1881790161, -29.5613765717, 29.5036735535], [406.200958252, -310.496643066, 5.72270917892, 54.2195320129, -50.7515144348, 43.4945106506, -40.5835418701, 140.382751465, -27.3582363129, 50.889793396, -46.8745002747, 27.1415576935, -37.8766899109], [-360.153625488, 263.288146973, -32.5488471985, -41.4918251038, 55.1100921631, -40.5585250854, 55.4749565125, -27.3582363129, 127.719367981, -24.7945556641, 25.4608612061, -19.2886371613, 21.7072200775], [410.259033203, -354.805175781, 7.24704694748, 63.5216331482, -78.5303497314, 51.5112953186, -59.1522827148, 50.889793396, -24.7945556641, 139.819137573, -21.9795818329, 2.84766817093, -29.2466030121], [-296.910949707, 236.333694458, 8.26177120209, -32.4519844055, 45.4258270264, -34.2374839783, 52.1881790161, -46.8745002747, 25.4608612061, -21.9795818329, 107.159721375, -10.319732666, 16.4267272949], [134.282073975, -98.7205505371, 27.5428161621, 32.2719573975, 34.7041053772, 20.4014282227, -29.5613765717, 27.1415576935, -19.2886371613, 2.84766817093, -10.319732666, 116.391197205, -2.01156377792], [-208.506469727, 191.678482056, 17.884552002, -11.1757688522, 34.4508552551, -17.5994415283, 29.5036735535, -37.8766899109, 21.7072200775, -29.2466030121, 16.4267272949, -2.01156377792, 92.8557891846]],
        "icov": [[0.00028368915082, -0.000241545203608, 0.000347412016708, -0.000527007738128, 0.000370879890397, -0.00017851011944, 0.000507676799316, -0.000405943545047, 0.000495752203278, -0.0004129348672, 0.000238010106841, -0.000206878234167, 0.00021441699937], [-0.000241545203608, 0.00679620588198, -0.00218130811118, 0.00399619154632, -0.00487278914079, 0.00247722165659, -0.00566525338218, 0.00402139499784, -0.00465193763375, 0.00643132766709, -0.0035768635571, 0.00277619808912, -0.00414653448388], [0.000347412016708, -0.00218130811118, 0.00388274877332, -0.00131610652898, 0.000499470857903, -0.00155974633526, 0.00269035296515, -0.00189292780124, 0.00282263499685, -0.00270315655507, 0.000820839544758, -0.000938736659009, 0.00059193954803], [-0.000527007738128, 0.00399619154632, -0.00131610652898, 0.00604416942224, -0.00282944482751, 0.000441350071924, -0.00334022915922, 0.00227026548237, -0.00294622313231, 0.00344647257589, -0.00238387123682, 0.00118390924763, -0.00310918805189], [0.000370879890397, -0.00487278914079, 0.000499470857903, -0.00282944482751, 0.00919539667666, -0.00266947015189, 0.00288179889321, -0.00217328639701, 0.00167798670009, -0.00270666112192, 0.0019318225095, -0.00436132447794, 0.00305401533842], [-0.00017851011944, 0.00247722165659, -0.00155974633526, 0.000441350071924, -0.00266947015189, 0.00767851062119, -0.00337543385103, 0.00106548832264, -0.000278069841443, 0.000309195165755, 0.000370439462131, 0.000858384533785, -0.00109260051977], [0.000507676799316, -0.00566525338218, 0.00269035296515, -0.00334022915922, 0.00288179889321, -0.00337543385103, 0.0152015630156, -0.00442137243226, 0.00197116634808, -0.00281198881567, -0.000358242919901, -7.37613445381e-005, 0.00228706584312], [-0.000405943545047, 0.00402139499784, -0.00189292780124, 0.00227026548237, -0.00217328639701, 0.00106548832264, -0.00442137243226, 0.013279221952, -0.00313694379292, 0.00184672314208, 0.00108080822974, -0.000523526279721, 0.000367344764527], [0.000495752203278, -0.00465193763375, 0.00282263499685, -0.00294622313231, 0.00167798670009, -0.000278069841443, 0.00197116634808, -0.00313694379292, 0.0142154283822, -0.0057740774937, 0.00249749072827, -0.000841325032525, 0.00163471593987], [-0.0004129348672, 0.00643132766709, -0.00270315655507, 0.00344647257589, -0.00270666112192, 0.000309195165755, -0.00281198881567, 0.00184672314208, -0.0057740774937, 0.0173004642129, -0.00497898831964, 0.00335327116773, -0.00280577037483], [0.000238010106841, -0.0035768635571, 0.000820839544758, -0.00238387123682, 0.0019318225095, 0.000370439462131, -0.000358242919901, 0.00108080822974, 0.00249749072827, -0.00497898831964, 0.01484840177, -0.00192915927619, 0.00256055826321], [-0.000206878234167, 0.00277619808912, -0.000938736659009, 0.00118390924763, -0.00436132447794, 0.000858384533785, -7.37613445381e-005, -0.000523526279721, -0.000841325032525, 0.00335327116773, -0.00192915927619, 0.0118977744132, -0.00242946762592], [0.00021441699937, -0.00414653448388, 0.00059193954803, -0.00310918805189, 0.00305401533842, -0.00109260051977, 0.00228706584312, 0.000367344764527, 0.00163471593987, -0.00280577037483, 0.00256055826321, -0.00242946762592, 0.0156336612999]]
    },
    "melbands": {
        "mean": [0.000110734225018, 0.000746471632738, 0.00103194406256, 0.00114429544192, 0.000785151030868, 0.000728828541469, 0.000659789366182, 0.000621192739345, 0.000625335727818, 8.12305297586e-005, 3.70979869331e-005, 5.07522527187e-005, 3.62445643987e-005, 3.40495971614e-005, 2.14296997001e-005, 2.60721062659e-005, 2.49493205047e-005, 8.06944535725e-006, 7.86352757132e-006, 8.01661917649e-006, 8.18636453914e-006, 6.21009212409e-006, 1.05283970697e-005, 6.01754572926e-006, 4.73090813102e-006, 5.68635141462e-006, 4.20240121457e-006, 2.53997200161e-006, 2.54884776041e-006, 1.41723728575e-006, 8.18588716811e-007, 3.90327699051e-007, 1.81219476758e-007, 1.13278368019e-007, 8.9630674438e-008, 1.52803636411e-007, 1.81017753675e-007, 7.42897512396e-008, 7.97193422386e-008, 7.52375015622e-008],
        "var": [8.18195502461e-008, 1.54807150921e-006, 2.48894707511e-006, 3.09885922434e-006, 9.79837295745e-007, 1.2929147033e-006, 1.0832877706e-006, 1.14807949103e-006, 1.83547365395e-006, 1.70126739363e-008, 2.97454239018e-009, 6.12315087523e-009, 3.86609633196e-009, 4.2602543715e-009, 1.87807058794e-009, 1.1088947538e-008, 1.7598193125e-008, 3.15219655933e-010, 3.36850380922e-010, 4.63330568357e-010, 2.88918555746e-010, 1.51312407048e-010, 7.28167193209e-010, 3.05264924449e-010, 1.39660297216e-010, 2.54373966335e-010, 1.26190252692e-010, 3.08599916454e-011, 5.34974703426e-011, 2.23828889451e-011, 1.38088221413e-011, 1.43444652857e-012, 2.52050171099e-013, 1.51651071258e-013, 5.03118224437e-014, 2.27108709985e-013, 3.37479745755e-013, 7.35830328418e-014, 5.60562677548e-014, 6.52608257148e-014]
    },
    "mfcc": {
        "mean": [-723.339660645, 186.518341064, -6.79485988617, 27.4111042023, -7.41013145447, -18.4871730804, -5.58466529846, -12.9839706421, -11.88530159, -4.47124624252, -6.80299091339, 1.11365103722, -3.32017016411],
        "cov": [[6296.58642578, -1809.41394043, -550.760803223, 542.438354492, -209.390884399, -28.6872653961, -32.6103553772, -143.294570923, 29.8471374512, 84.2838745117, -31.5305233002, 87.8544158936, -66.6217269897], [-1809.41394043, 1677.06225586, 29.4152050018, -188.49446106, 107.23500824, 11.9419279099, 36.0607070923, 132.099914551, 10.5144634247, -62.797164917, 14.4221448898, -52.6232948303, 34.6021957397], [-550.760803223, 29.4152050018, 407.368011475, -51.7002868652, 77.5206451416, 59.3560600281, 53.4065361023, -16.5286331177, -10.1260700226, 3.44167685509, -26.685049057, 3.87363052368, -2.13043475151], [542.438354492, -188.49446106, -51.7002868652, 280.641265869, 16.1819820404, 12.4536685944, 6.10719442368, 3.41021800041, 10.0139932632, -3.88030695915, 2.96309804916, 17.8593597412, 4.3282623291], [-209.390884399, 107.23500824, 77.5206451416, 16.1819820404, 204.79586792, 57.4059638977, 12.6161937714, 51.7180023193, 19.302444458, -35.9724349976, 7.8067946434, -7.41306447983, 12.1645860672], [-28.6872653961, 11.9419279099, 59.3560600281, 12.4536685944, 57.4059638977, 168.531005859, 36.6997909546, 27.6394557953, 28.8520717621, -15.6195774078, -3.38367700577, 20.5284881592, 15.7666149139], [-32.6103553772, 36.0607070923, 53.4065361023, 6.10719442368, 12.6161937714, 36.6997909546, 133.953979492, 13.930932045, -7.43681430817, 19.2404823303, -13.2011594772, 3.91511821747, 7.82941198349], [-143.294570923, 132.099914551, -16.5286331177, 3.41021800041, 51.7180023193, 27.6394557953, 13.930932045, 156.896591187, 15.0387687683, -32.6363449097, 30.7931461334, -26.2975273132, 20.1716575623], [29.8471374512, 10.5144634247, -10.1260700226, 10.0139932632, 19.302444458, 28.8520717621, -7.43681430817, 15.0387687683, 120.784133911, -8.53305625916, -7.63646745682, 27.481590271, 1.08411204815], [84.2838745117, -62.797164917, 3.44167685509, -3.88030695915, -35.9724349976, -15.6195774078, 19.2404823303, -32.6363449097, -8.53305625916, 155.485671997, -22.7132854462, 2.45104694366, 14.0033788681], [-31.5305233002, 14.4221448898, -26.685049057, 2.96309804916, 7.8067946434, -3.38367700577, -13.2011594772, 30.7931461334, -7.63646745682, -22.7132854462, 127.63684845, -13.7981834412, -16.4058246613], [87.8544158936, -52.6232948303, 3.87363052368, 17.8593597412, -7.41306447983, 20.5284881592, 3.91511821747, -26.2975273132, 27.481590271, 2.45104694366, -13.7981834412, 112.46774292, -4.63554286957], [-66.6217269897, 34.6021957397, -2.13043475151, 4.3282623291, 12.1645860672, 15.7666149139, 7.82941198349, 20.1716575623, 1.08411204815, 14.0033788681, -16.4058246613, -4.63554286957, 117.127861023]],
        "icov": [[0.000303984852508, 0.000273980229395, 0.000375910545699, -0.000333851727191, 5.20433022757e-005, -8.44606693136e-005, -0.000116039751447, 5.85693560424e-005, -3.87596010114e-005, -3.91986250179e-005, 0.000106532868813, -3.67309507965e-006, 0.000134595218697], [0.000273980229395, 0.000973186572082, 0.000400543678552, 0.00021853481303, -0.000260682747466, 6.68287466397e-005, -0.000334063341143, -0.000392377434764, -8.89935472514e-005, 0.000163021861226, 0.000148501741933, 0.000119020005513, -1.7625214241e-005], [0.000375910545699, 0.000400543678552, 0.00354596716352, 0.00028663824196, -0.00119052047376, -0.000818323052954, -0.00111964158714, 0.000785931712016, 0.000387549458537, -9.77153249551e-005, 0.000588797440287, 1.64911234606e-005, 0.000413900153944], [-0.000333851727191, 0.00021853481303, 0.00028663824196, 0.00450629740953, -0.000791503640357, -7.03877549313e-006, -0.000372551963665, -0.000224011484534, -3.56292912329e-005, 0.000204509997275, -0.000148601233377, -0.000480417045765, -0.000333077216055], [5.20433022757e-005, -0.000260682747466, -0.00119052047376, -0.000791503640357, 0.00656678527594, -0.00142790004611, 0.000345972453943, -0.00141671486199, -0.000581021944527, 0.000875978672411, -0.000112441535748, 0.000452932610642, -0.000251906807534], [-8.44606693136e-005, 6.68287466397e-005, -0.000818323052954, -7.03877549313e-006, -0.00142790004611, 0.00769676221535, -0.00168990297243, -0.000778708839789, -0.00134945323225, 0.000584095483646, -0.000112946538138, -0.00122736208141, -0.000844840484206], [-0.000116039751447, -0.000334063341143, -0.00111964158714, -0.000372551963665, 0.000345972453943, -0.00168990297243, 0.0088606365025, -0.00111476099119, 0.00105754833203, -0.00131520233117, 0.000701051903889, -0.000347498629708, 4.92235012644e-005], [5.85693560424e-005, -0.000392377434764, 0.000785931712016, -0.000224011484534, -0.00141671486199, -0.000778708839789, -0.00111476099119, 0.00870967656374, -0.0010832529515, 0.00111875054426, -0.0017518971581, 0.00187518144958, -0.00129659182858], [-3.87596010114e-005, -8.89935472514e-005, 0.000387549458537, -3.56292912329e-005, -0.000581021944527, -0.00134945323225, 0.00105754833203, -0.0010832529515, 0.00952247343957, -2.49783875006e-006, 0.000810887140688, -0.00231587374583, 0.00030455365777], [-3.91986250179e-005, 0.000163021861226, -9.77153249551e-005, 0.000204509997275, 0.000875978672411, 0.000584095483646, -0.00131520233117, 0.00111875054426, -2.49783875006e-006, 0.00738453352824, 0.000694426416885, 0.000214532497921, -0.00113123608753], [0.000106532868813, 0.000148501741933, 0.000588797440287, -0.000148601233377, -0.000112441535748, -0.000112946538138, 0.000701051903889, -0.0017518971581, 0.000810887140688, 0.000694426416885, 0.00888820271939, 0.000507307995576, 0.00148915441241], [-3.67309507965e-006, 0.000119020005513, 1.64911234606e-005, -0.000480417045765, 0.000452932610642, -0.00122736208141, -0.000347498629708, 0.00187518144958, -0.00231587374583, 0.000214532497921, 0.000507307995576, 0.0103649944067, 0.000276321225101], [0.000134595218697, -1.7625214241e-005, 0.000413900153944, -0.000333077216055, -0.000251906807534, -0.000844840484206, 4.92235012644e-005, -0.00129659182858, 0.00030455365777, -0.00113123608753, 0.00148915441241, 0.000276321225101, 0.00935111939907]]
    },
    "spectral_contrast_coeffs": {
        "mean": [-0.527486860752, -0.66076862812, -0.728356778622, -0.742843747139, -0.708149015903, -0.729220151901],
        "var": [0.00519519718364, 0.00514600146562, 0.00265371147543, 0.00271258899011, 0.00354722351767, 0.00408054050058]
    },
    "spectral_contrast_valleys": {
        "mean": [-8.11662387848, -6.5903968811, -8.05725002289, -8.88269615173, -9.40693092346, -12.8260765076],
        "var": [0.932308614254, 0.684266746044, 0.653740942478, 0.746552348137, 1.14580249786, 1.34602844715]
    }
},
"metadata": {
    "audio_properties": {
        "analysis_sample_rate": 44100,
        "bit_rate": 128074,
        "equal_loudness": 0,
        "length": 45.0612258911,
        "lossless": 0,
        "replay_gain": -5.37276077271,
        "sample_rate": 44100,
        "codec": "mp3",
        "downmix": "mix",
        "md5_encoded": "3bd4815172c274c59f25718cedf003aa"
    },
    "tags": {
        "file_name": "1666.mp3"
    },
    "version": {
        "essentia": "2.1-beta2",
        "essentia_git_sha": "v2.1_beta2",
        "extractor": "music 1.0"
    }
},
"rhythm": {
    "beats_count": 101,
    "beats_loudness": {
        "mean": 0.0305061843246,
        "var": 0.000544485053979
    },
    "bpm": 140.859207153,
    "bpm_histogram_first_peak_bpm": {
        "mean": 140,
        "var": 0
    },
    "bpm_histogram_first_peak_spread": {
        "mean": 0.5,
        "var": 0
    },
    "bpm_histogram_first_peak_weight": {
        "mean": 0.10000000149,
        "var": 0
    },
    "bpm_histogram_second_peak_bpm": {
        "mean": 157,
        "var": 0
    },
    "bpm_histogram_second_peak_spread": {
        "mean": 0.470588207245,
        "var": 0
    },
    "bpm_histogram_second_peak_weight": {
        "mean": 0.0900000035763,
        "var": 0
    },
    "danceability": 0.975967884064,
    "onset_rate": 2.75057148933,
    "beats_loudness_band_ratio": {
        "mean": [0.239591389894, 0.348967850208, 0.370406985283, 0.0650753229856, 0.03424397856, 0.0241806600243],
        "var": [0.0347269661725, 0.033651098609, 0.0445584058762, 0.00367728993297, 0.00259500322863, 0.00274264160544]
    },
    "beats_position": [0.394739210606, 0.801088392735, 1.20743763447, 1.62539684772, 2.0549659729, 2.48453521729, 2.90249419212, 3.34367346764, 3.7732424736, 4.20281171799, 4.59755086899, 4.96907043457, 5.35219955444, 5.73532867432, 6.11845779419, 6.51319694519, 6.8963265419, 7.26784563065, 7.63936471939, 8.03410434723, 8.40562343597, 8.77714252472, 9.12544155121, 9.47374153137, 9.82204055786, 10.1703395844, 10.5418596268, 10.9133787155, 11.2965078354, 11.6912469864, 12.1208162308, 12.538775444, 12.9567346573, 13.3746938705, 13.7926530838, 14.2106122971, 14.6401815414, 15.0697498322, 15.5109291077, 15.9753284454, 16.4048976898, 16.8344669342, 17.2640361786, 17.6819953918, 18.0419044495, 18.4018135071, 18.7617225647, 19.1216316223, 19.458322525, 19.7834014893, 20.1084804535, 20.4451694489, 20.7818584442, 21.1185474396, 21.4552383423, 21.7919273376, 22.128616333, 22.5001354218, 22.8832645416, 23.2663936615, 23.6263027191, 23.9629936218, 24.3112926483, 24.6595916748, 25.0195007324, 25.37940979, 25.7393188477, 26.1224479675, 26.5171871185, 26.9119262695, 27.3066654205, 27.7014045715, 28.0845336914, 28.5721530914, 29.0597724915, 29.5473918915, 30.0350112915, 30.5226306915, 31.0218582153, 31.5559177399, 32.0783653259, 32.6936950684, 33.3206329346, 33.9475746155, 34.5745124817, 35.2130622864, 35.8516082764, 36.4785499573, 37.1054878235, 37.7324256897, 38.3593635559, 38.9863014221, 39.5900230408, 40.1937408447, 40.7858505249, 41.3895683289, 42.0048980713, 42.6202278137, 43.2355537415, 43.8392753601, 44.4546012878]
},
"tonal": {
    "chords_changes_rate": 0.037037037313,
    "chords_number_rate": 0.0133744860068,
    "chords_strength": {
        "mean": 0.500772237778,
        "var": 0.00987827312201
    },
    "hpcp_entropy": {
        "mean": 1.38862836361,
        "var": 0.420854210854
    },
    "key_strength": 0.671902954578,
    "tuning_diatonic_strength": 0.398417621851,
    "tuning_equal_tempered_deviation": 0.0124469175935,
    "tuning_frequency": 440.254241943,
    "tuning_nontempered_energy_ratio": 0.599488973618,
    "hpcp": {
        "mean": [0.215763106942, 0.116980426013, 0.0957008004189, 0.203169211745, 0.133850961924, 0.0475716926157, 0.0767820477486, 0.0615698210895, 0.147961199284, 0.244165495038, 0.132340401411, 0.0465008057654, 0.054855953902, 0.0436520911753, 0.189822345972, 0.35211583972, 0.199912011623, 0.0670249611139, 0.0991488918662, 0.0622488036752, 0.04553469643, 0.0696944072843, 0.0477698929608, 0.116437263787, 0.188197076321, 0.097000643611, 0.0560509338975, 0.08320004493, 0.0572387054563, 0.140669807792, 0.248633787036, 0.142617046833, 0.0364602766931, 0.0456410236657, 0.0421444624662, 0.127908587456],
        "var": [0.10686980933, 0.0307353455573, 0.0266160909086, 0.122106641531, 0.0552992932498, 0.0121894823387, 0.0525647439063, 0.0258440021425, 0.0514879785478, 0.127137929201, 0.0335053093731, 0.0114135630429, 0.0218625105917, 0.0122007941827, 0.0536260381341, 0.15347020328, 0.0542440898716, 0.0184657014906, 0.0555319972336, 0.0238351654261, 0.0130239278078, 0.0344212204218, 0.0122452778742, 0.0437580831349, 0.106478326023, 0.0288832299411, 0.0180229451507, 0.0459412001073, 0.0171402692795, 0.0442754589021, 0.12500397861, 0.0445495061576, 0.00903976708651, 0.0306089166552, 0.0178656578064, 0.0425992831588]
    },
    "chords_histogram": [14.5061731339, 10.6995887756, 4.42386817932, 11.5226335526, 1.44032919407, 2.05761313438, 0, 17.7983531952, 0.617283940315, 15.4320983887, 0.823045253754, 0, 0, 0, 0, 1.54320991039, 0, 0, 0.308641970158, 2.46913576126, 0.925925910473, 2.46913576126, 10.6995887756, 2.26337456703],
    "thpcp": [1, 0.567745029926, 0.190349176526, 0.281580328941, 0.176785007119, 0.129317373037, 0.197930335999, 0.135665282607, 0.330678850412, 0.534474909306, 0.275479346514, 0.159183219075, 0.236285999417, 0.16255646944, 0.399498671293, 0.706113636494, 0.405028760433, 0.103546254337, 0.129619345069, 0.119689196348, 0.363257110119, 0.612761735916, 0.332221418619, 0.271787822247, 0.576995372772, 0.380133330822, 0.135102391243, 0.218059062958, 0.174856722355, 0.420206040144, 0.693423748016, 0.375843375921, 0.132061108947, 0.155789509416, 0.1239708215, 0.539090633392],
    "chords_key": "G",
    "chords_scale": "major",
    "key_key": "G",
    "key_scale": "minor"
}
}