{
"lowlevel": {
    "average_loudness": 0.980323493481,
    "barkbands_crest": {
        "mean": 8.54851818085,
        "var": 12.287776947
    },
    "barkbands_flatness_db": {
        "mean": 0.159639596939,
        "var": 0.00137813529
    },
    "barkbands_kurtosis": {
        "mean": 0.47123631835,
        "var": 10.6296701431
    },
    "barkbands_skewness": {
        "mean": 0.76647901535,
        "var": 1.1271750927
    },
    "barkbands_spread": {
        "mean": 36.7514190674,
        "var": 144.339645386
    },
    "dissonance": {
        "mean": 0.482908338308,
        "var": 0.000159160044859
    },
    "dynamic_complexity": 1.43001759052,
    "erbbands_crest": {
        "mean": 9.19103813171,
        "var": 18.7388534546
    },
    "erbbands_flatness_db": {
        "mean": 0.190668895841,
        "var": 0.000996463233605
    },
    "erbbands_kurtosis": {
        "mean": 1.27478420734,
        "var": 8.97670459747
    },
    "erbbands_skewness": {
        "mean": -0.832794427872,
        "var": 0.584690868855
    },
    "erbbands_spread": {
        "mean": 37.3642997742,
        "var": 235.577560425
    },
    "hfc": {
        "mean": 25.2740936279,
        "var": 307.122528076
    },
    "melbands_crest": {
        "mean": 13.7027816772,
        "var": 29.5736980438
    },
    "melbands_flatness_db": {
        "mean": 0.163884028792,
        "var": 0.00329909031279
    },
    "melbands_kurtosis": {
        "mean": 8.00057029724,
        "var": 143.641021729
    },
    "melbands_skewness": {
        "mean": 2.33650493622,
        "var": 2.41095972061
    },
    "melbands_spread": {
        "mean": 45.3776283264,
        "var": 677.131286621
    },
    "pitch_salience": {
        "mean": 0.536183953285,
        "var": 0.0114236129448
    },
    "silence_rate_20dB": {
        "mean": 1,
        "var": 0
    },
    "silence_rate_30dB": {
        "mean": 1,
        "var": 0
    },
    "silence_rate_60dB": {
        "mean": 0.0154400411993,
        "var": 0.015201671049
    },
    "spectral_centroid": {
        "mean": 2218.45605469,
        "var": 275020.40625
    },
    "spectral_complexity": {
        "mean": 22.3221817017,
        "var": 77.9662628174
    },
    "spectral_decrease": {
        "mean": -4.98375118951e-009,
        "var": 7.00115909734e-018
    },
    "spectral_energy": {
        "mean": 0.0211022738367,
        "var": 0.000116512186651
    },
    "spectral_energyband_high": {
        "mean": 0.00120220554527,
        "var": 1.35205175411e-006
    },
    "spectral_energyband_low": {
        "mean": 0.00870297942311,
        "var": 7.69140533521e-005
    },
    "spectral_energyband_middle_high": {
        "mean": 0.00683580618352,
        "var": 2.79668438452e-005
    },
    "spectral_energyband_middle_low": {
        "mean": 0.00512473052368,
        "var": 1.11274730443e-005
    },
    "spectral_entropy": {
        "mean": 7.58526420593,
        "var": 0.111045263708
    },
    "spectral_flux": {
        "mean": 0.089866630733,
        "var": 0.000799172208644
    },
    "spectral_kurtosis": {
        "mean": 2.27387309074,
        "var": 3.37015962601
    },
    "spectral_rms": {
        "mean": 0.00437638349831,
        "var": 1.43480872339e-006
    },
    "spectral_rolloff": {
        "mean": 2482.02197266,
        "var": 1671553.75
    },
    "spectral_skewness": {
        "mean": 0.804292976856,
        "var": 0.0758758857846
    },
    "spectral_spread": {
        "mean": 3539206,
        "var": 364048285696
    },
    "spectral_strongpeak": {
        "mean": 1.42539393902,
        "var": 6.96341514587
    },
    "zerocrossingrate": {
        "mean": 0.0831771939993,
        "var": 0.00086113990983
    },
    "barkbands": {
        "mean": [0.000129727399326, 0.00352924596518, 0.00433528795838, 0.00136608525645, 0.00158197630662, 0.00076213828288, 0.000590253388509, 0.000368115230231, 0.000372765411157, 0.000281730521237, 0.0002280704648, 0.000526208954398, 0.00040206828271, 0.000423765042797, 0.000785044394433, 0.00044565970893, 0.00138666084968, 0.00121832359582, 0.000776099448558, 0.000557590334211, 0.000388201500755, 0.000260225264356, 0.00024466693867, 0.000136874456075, 5.48452862859e-006, 7.18416715006e-010, 7.42757688688e-010],
        "var": [2.43959732416e-008, 2.01162274607e-005, 2.69778756774e-005, 2.31428339248e-006, 2.52504219134e-006, 5.94146797539e-007, 5.36849540822e-007, 3.31209520255e-007, 5.21562810718e-007, 4.66989860115e-007, 4.67836997586e-007, 1.1076554074e-006, 9.35984758144e-007, 8.98708890418e-007, 1.34789490858e-006, 6.41616679786e-007, 7.6169312706e-006, 3.55189263246e-006, 1.00597208075e-006, 8.83360200987e-007, 1.9896788217e-007, 1.28376186126e-007, 1.25436017129e-007, 4.2419586066e-008, 2.52865256511e-010, 1.06249064596e-018, 1.15739576598e-018]
    },
    "erbbands": {
        "mean": [0.0703175067902, 0.954348504543, 4.52203559875, 4.95231246948, 5.67685365677, 4.4029135704, 4.64719152451, 6.93006086349, 7.82279348373, 9.15240287781, 8.50759315491, 8.57753372192, 8.54168701172, 9.07921981812, 13.035861969, 23.0031967163, 17.5540885925, 20.1773281097, 40.6390953064, 29.6573181152, 28.3283214569, 65.9436340332, 84.7036819458, 46.9895324707, 39.2860832214, 24.1215877533, 16.2178516388, 12.9763231277, 10.140704155, 8.78144454956, 6.10932016373, 3.59428143501, 1.85281801224, 0.226567983627, 0.00601684115827, 0.000420248456066, 7.22024560673e-005, 1.92112402146e-005, 1.71811934706e-005, 2.81040538539e-005],
        "var": [0.00779345678166, 1.420129776, 27.6494808197, 22.4610118866, 37.8256034851, 22.7649421692, 35.460849762, 59.4416885376, 98.2924118042, 152.741699219, 174.438079834, 319.650604248, 606.147766113, 224.601654053, 1341.82275391, 1973.41003418, 1690.92944336, 1284.40576172, 3939.33520508, 2541.03710938, 2514.58032227, 12610.8320313, 12288.3544922, 3210.82714844, 3013.56152344, 859.346801758, 357.989105225, 263.494262695, 203.612548828, 126.730903625, 99.5610427856, 36.4607467651, 9.77492046356, 0.182368397713, 0.000112397894554, 3.82075739935e-007, 6.91478652115e-009, 3.66613017722e-010, 9.38970221021e-011, 1.97414640191e-010]
    },
    "gfcc": {
        "mean": [-12.6589860916, 114.206207275, -164.651687622, 86.935760498, -62.6323738098, 15.7781200409, -28.6229496002, -6.30164813995, -0.7381965518, -24.5384788513, 9.06871700287, -20.1732635498, -3.53694105148],
        "cov": [[2603.59301758, -298.861816406, -71.1543502808, 118.856025696, -335.497589111, 66.2245864868, -193.780197144, -44.6338615417, -77.6243591309, 19.3883609772, -43.8604736328, -46.091632843, -45.8051986694], [-298.861816406, 640.306335449, 108.736885071, 13.2705087662, 162.293685913, -139.576324463, 141.51083374, -71.8603210449, 60.7609786987, 5.31970119476, 26.4956455231, -53.063911438, -22.4746761322], [-71.1543502808, 108.736885071, 271.793823242, 123.696868896, 44.4031028748, 21.3102092743, 8.43542480469, 21.4380817413, -1.42693126202, -7.38822460175, 7.57340621948, -17.0622253418, -30.2593746185], [118.856025696, 13.2705087662, 123.696868896, 259.355651855, 104.270111084, -40.13829422, 59.3005104065, 15.8825321198, 36.1504821777, -29.1828098297, -11.6086788177, 6.46140623093, -53.2856559753], [-335.497589111, 162.293685913, 44.4031028748, 104.270111084, 259.088470459, 9.38496494293, 112.637214661, 18.6938247681, 52.9018478394, -25.5757045746, 10.008641243, -5.76337194443, -22.0722236633], [66.2245864868, -139.576324463, 21.3102092743, -40.13829422, 9.38496494293, 182.085250854, -8.10882377625, 9.6427154541, -35.7276649475, 12.45054245, 0.835972487926, -5.07739543915, 20.3808689117], [-193.780197144, 141.51083374, 8.43542480469, 59.3005104065, 112.637214661, -8.10882377625, 146.367202759, 2.06984496117, 35.2574424744, -7.16546106339, 6.58544492722, -3.09923744202, -18.7345790863], [-44.6338615417, -71.8603210449, 21.4380817413, 15.8825321198, 18.6938247681, 9.6427154541, 2.06984496117, 100.966934204, 27.9900856018, -15.0548715591, 2.20299744606, 7.66838359833, -0.0646896064281], [-77.6243591309, 60.7609786987, -1.42693126202, 36.1504821777, 52.9018478394, -35.7276649475, 35.2574424744, 27.9900856018, 86.0672683716, 6.22661495209, -1.03367352486, 7.07667589188, -11.507226944], [19.3883609772, 5.31970119476, -7.38822460175, -29.1828098297, -25.5757045746, 12.45054245, -7.16546106339, -15.0548715591, 6.22661495209, 66.5920944214, 20.6083431244, -11.1668958664, 11.2775707245], [-43.8604736328, 26.4956455231, 7.57340621948, -11.6086788177, 10.008641243, 0.835972487926, 6.58544492722, 2.20299744606, -1.03367352486, 20.6083431244, 61.0069198608, 26.5705928802, -7.12598276138], [-46.091632843, -53.063911438, -17.0622253418, 6.46140623093, -5.76337194443, -5.07739543915, -3.09923744202, 7.66838359833, 7.07667589188, -11.1668958664, 26.5705928802, 68.3464202881, 10.2549161911], [-45.8051986694, -22.4746761322, -30.2593746185, -53.2856559753, -22.0722236633, 20.3808689117, -18.7345790863, -0.0646896064281, -11.507226944, 11.2775707245, -7.12598276138, 10.2549161911, 70.0380096436]],
        "icov": [[0.000862635555677, -0.00123655830976, 0.00185335928109, -0.0026169102639, 0.00207610358484, -0.00205318932422, 0.00162615987938, -0.000795744010247, 0.000274316174909, 0.000102998004877, -0.000206549477298, 0.000496338005178, 0.000597916543484], [-0.00123655830976, 0.00968555547297, -0.00841558258981, 0.00916742254049, -0.00605692109093, 0.00980042852461, -0.00787757430226, 0.00862752087414, -0.00514996703714, 0.00360568845645, -0.0055350526236, 0.00650952849537, -0.00416484894231], [0.00185335928109, -0.00841558258981, 0.0137183219194, -0.0128999948502, 0.00701239565387, -0.0105989798903, 0.00842002220452, -0.00786612741649, 0.00430076615885, -0.00151654612273, 0.000608180067502, -0.000999409239739, 0.00332229677588], [-0.0026169102639, 0.00916742254049, -0.0128999948502, 0.0197418369353, -0.0109388986602, 0.01276975777, -0.00978518091142, 0.00704944552854, -0.00334135326557, 0.000295677426038, 0.00258461735211, -0.00167513475753, 0.000814129889477], [0.00207610358484, -0.00605692109093, 0.00701239565387, -0.0109388986602, 0.0144034093246, -0.00974528491497, 0.00209015025757, -0.00377281964757, -0.00228038430214, 0.00453732116148, -0.00402222434059, 0.00301775662228, 9.56622461672e-005], [-0.00205318932422, 0.00980042852461, -0.0105989798903, 0.01276975777, -0.00974528491497, 0.0182177126408, -0.00881850253791, 0.00620873225853, 9.84095604508e-005, -0.000891222560313, -0.00130660517607, 0.00278385542333, -0.00416826363653], [0.00162615987938, -0.00787757430226, 0.00842002220452, -0.00978518091142, 0.00209015025757, -0.00881850253791, 0.0178564805537, -0.00571019761264, 0.00186603947077, -0.00223318510689, 0.00235674600117, -0.00310821505263, 0.00408591330051], [-0.000795744010247, 0.00862752087414, -0.00786612741649, 0.00704944552854, -0.00377281964757, 0.00620873225853, -0.00571019761264, 0.0207239612937, -0.0117086069658, 0.00966204144061, -0.00943686906248, 0.00844557117671, -0.00596737675369], [0.000274316174909, -0.00514996703714, 0.00430076615885, -0.00334135326557, -0.00228038430214, 9.84095604508e-005, 0.00186603947077, -0.0117086069658, 0.0244763568044, -0.0133954305202, 0.0127879558131, -0.011926732026, 0.00680964626372], [0.000102998004877, 0.00360568845645, -0.00151654612273, 0.000295677426038, 0.00453732116148, -0.000891222560313, -0.00223318510689, 0.00966204144061, -0.0133954305202, 0.0313862673938, -0.022053424269, 0.0182232819498, -0.0102717885748], [-0.000206549477298, -0.0055350526236, 0.000608180067502, 0.00258461735211, -0.00402222434059, -0.00130660517607, 0.00235674600117, -0.00943686906248, 0.0127879558131, -0.022053424269, 0.0406865850091, -0.0266060922295, 0.0137396426871], [0.000496338005178, 0.00650952849537, -0.000999409239739, -0.00167513475753, 0.00301775662228, 0.00278385542333, -0.00310821505263, 0.00844557117671, -0.011926732026, 0.0182232819498, -0.0266060922295, 0.0357803441584, -0.0128153022379], [0.000597916543484, -0.00416484894231, 0.00332229677588, 0.000814129889477, 9.56622461672e-005, -0.00416826363653, 0.00408591330051, -0.00596737675369, 0.00680964626372, -0.0102717885748, 0.0137396426871, -0.0128153022379, 0.023764975369]]
    },
    "melbands": {
        "mean": [0.000821266788989, 0.00202235160396, 0.000919283018447, 0.000374773138901, 0.000162708936841, 0.000149962535943, 0.000124011421576, 9.59115932346e-005, 6.64449908072e-005, 5.32247722731e-005, 4.24347272201e-005, 3.65695887012e-005, 3.6926161556e-005, 6.06576613791e-005, 4.84869087813e-005, 3.77359538106e-005, 3.53652176273e-005, 6.37164557702e-005, 4.85986201966e-005, 2.91305423161e-005, 3.25892833644e-005, 5.06418073201e-005, 0.00010957592167, 6.37934863335e-005, 3.33931711793e-005, 3.15933430102e-005, 2.55994436884e-005, 1.30493826873e-005, 9.45502142713e-006, 9.84756297839e-006, 6.53719371257e-006, 5.10412291987e-006, 5.88811190028e-006, 4.92328354085e-006, 3.5450489122e-006, 2.95531549455e-006, 1.85161945865e-006, 1.4160120827e-006, 7.28034081021e-007, 1.66105245114e-008],
        "var": [1.07409607608e-006, 4.93710331284e-006, 6.47615422622e-007, 1.52446389734e-007, 4.04691782308e-008, 2.60600554469e-008, 2.23359073459e-008, 1.56866768464e-008, 1.16168932252e-008, 1.27268986461e-008, 1.54839252531e-008, 3.84793752417e-009, 1.11498028588e-008, 1.59926560883e-008, 1.323690757e-008, 7.52311013485e-009, 5.0657158468e-009, 1.16066791733e-008, 5.85978110479e-009, 2.74551958945e-009, 4.49110526546e-009, 8.45514680492e-009, 4.19786587713e-008, 1.45563294751e-008, 2.3429556073e-009, 2.04707584217e-009, 2.99380764623e-009, 2.77978695618e-010, 1.30475838467e-010, 1.90176097092e-010, 6.95542998197e-011, 5.07675290695e-011, 9.99953800318e-011, 5.18672500782e-011, 3.77921860473e-011, 3.01929349578e-011, 9.58523104638e-012, 6.60458319979e-012, 1.92584294866e-012, 3.25018315619e-015]
    },
    "mfcc": {
        "mean": [-622.807678223, 99.4477767944, -18.5603656769, 51.2262763977, 2.66981649399, 17.7409076691, -6.52825689316, 17.1570835114, -13.1961326599, 10.4977674484, -4.12495326996, 9.37625217438, -9.50779056549],
        "cov": [[2263.9609375, -334.337615967, 27.9856910706, -57.0628623962, -195.500091553, 23.8130569458, -192.911132813, -61.828754425, -139.427810669, 49.3410415649, -127.183242798, 34.4032020569, -81.7694396973], [-334.337615967, 582.654785156, -28.5393600464, 124.201179504, 4.63304185867, 11.7758197784, 48.5297584534, -34.0216522217, 27.4413528442, 2.51234126091, 62.1794090271, -7.70646810532, 29.0360794067], [27.9856910706, -28.5393600464, 255.656311035, 34.0853347778, 42.9600601196, -8.04026603699, 14.8574848175, -4.20400619507, -3.60387802124, -7.91259145737, 8.48468971252, 4.33799886703, 15.4368658066], [-57.0628623962, 124.201179504, 34.0853347778, 358.323059082, 24.7416610718, 35.3799438477, -9.40013217926, 77.1590423584, 12.6644496918, 9.46425533295, 55.118347168, 19.9793968201, 36.6804237366], [-195.500091553, 4.63304185867, 42.9600601196, 24.7416610718, 146.496398926, 16.4875221252, 46.1655464172, 29.0887889862, 31.1713371277, 4.31470584869, 26.372171402, -0.777462244034, 8.96216487885], [23.8130569458, 11.7758197784, -8.04026603699, 35.3799438477, 16.4875221252, 144.70640564, 41.580581665, 17.7520332336, 3.44004225731, 7.36999893188, 10.3892402649, 6.2773270607, -8.3814868927], [-192.911132813, 48.5297584534, 14.8574848175, -9.40013217926, 46.1655464172, 41.580581665, 122.687042236, 11.2697019577, 21.9809341431, -5.74610996246, 28.4379882813, -7.19597434998, 4.80707120895], [-61.828754425, -34.0216522217, -4.20400619507, 77.1590423584, 29.0887889862, 17.7520332336, 11.2697019577, 129.465576172, 12.1901922226, 10.4801969528, 6.44126844406, 22.9728450775, 3.13174533844], [-139.427810669, 27.4413528442, -3.60387802124, 12.6644496918, 31.1713371277, 3.44004225731, 21.9809341431, 12.1901922226, 96.6636734009, 12.4272384644, 11.3002233505, -12.8035049438, -2.21364283562], [49.3410415649, 2.51234126091, -7.91259145737, 9.46425533295, 4.31470584869, 7.36999893188, -5.74610996246, 10.4801969528, 12.4272384644, 84.9107131958, -1.73277497292, -10.1561880112, -18.4967842102], [-127.183242798, 62.1794090271, 8.48468971252, 55.118347168, 26.372171402, 10.3892402649, 28.4379882813, 6.44126844406, 11.3002233505, -1.73277497292, 98.5791931152, 6.17733287811, 19.8290519714], [34.4032020569, -7.70646810532, 4.33799886703, 19.9793968201, -0.777462244034, 6.2773270607, -7.19597434998, 22.9728450775, -12.8035049438, -10.1561880112, 6.17733287811, 86.1718673706, 17.5057640076], [-81.7694396973, 29.0360794067, 15.4368658066, 36.6804237366, 8.96216487885, -8.3814868927, 4.80707120895, 3.13174533844, -2.21364283562, -18.4967842102, 19.8290519714, 17.5057640076, 82.790397644]],
        "icov": [[0.000680661818478, 0.00029407517286, -0.000200453738216, -0.000117583760584, 0.000566428701859, -0.000384360580938, 0.000629503803793, 0.000345659820596, 0.000537424231879, -0.000422377430368, 0.000326807028614, -0.000291651696898, 0.000412146473536], [0.00029407517286, 0.00234413077123, 0.00037692731712, -0.00106873502955, 0.000487629382405, 0.000104254038888, -0.000825149356388, 0.00145331548993, -0.000159662493388, -0.00038551070611, -0.000487448181957, -0.000148325605551, -0.0001200399347], [-0.000200453738216, 0.00037692731712, 0.00445855641738, -0.000745675235521, -0.00151394098066, 0.000691073597409, -0.000875480531249, 0.000889339367859, 0.00033644438372, 0.000277274957625, 0.000141708122101, -0.000134984307806, -0.000514548504725], [-0.000117583760584, -0.00106873502955, -0.000745675235521, 0.00441044196486, -7.61065675761e-005, -0.00113772414625, 0.00187270366587, -0.00288263731636, -0.00022695476946, -0.000131002088892, -0.00181992689613, 0.000325114117004, -0.00133115204517], [0.000566428701859, 0.000487629382405, -0.00151394098066, -7.61065675761e-005, 0.00948949623853, -0.0004296064144, -0.00193232204765, -0.00124091620091, -0.00160683330614, -0.000720985117368, -0.00105500291102, -1.90032624232e-005, -0.000154520006618], [-0.000384360580938, 0.000104254038888, 0.000691073597409, -0.00113772414625, -0.0004296064144, 0.00851570256054, -0.00370808225125, -8.86385969352e-005, 0.000248756608926, -0.000424280704465, 9.10881935852e-005, -0.00076943350723, 0.00113903707825], [0.000629503803793, -0.000825149356388, -0.000875480531249, 0.00187270366587, -0.00193232204765, -0.00370808225125, 0.0125935366377, -0.00130317837466, -0.000802052090876, 0.000982930068858, -0.00221771071665, 0.00111448182724, -0.000109807886474], [0.000345659820596, 0.00145331548993, 0.000889339367859, -0.00288263731636, -0.00124091620091, -8.86385969352e-005, -0.00130317837466, 0.0110171725973, -0.000524728558958, -0.00129716470838, 0.00112675561104, -0.00290261930786, 0.000767342338804], [0.000537424231879, -0.000159662493388, 0.00033644438372, -0.00022695476946, -0.00160683330614, 0.000248756608926, -0.000802052090876, -0.000524728558958, 0.012391298078, -0.00170670857187, -9.0182023996e-005, 0.00137767312117, 0.000570462085307], [-0.000422377430368, -0.00038551070611, 0.000277274957625, -0.000131002088892, -0.000720985117368, -0.000424280704465, 0.000982930068858, -0.00129716470838, -0.00170670857187, 0.0133268367499, -0.000370378838852, 0.00144549529068, 0.00246634054929], [0.000326807028614, -0.000487448181957, 0.000141708122101, -0.00181992689613, -0.00105500291102, 9.10881935852e-005, -0.00221771071665, 0.00112675561104, -9.0182023996e-005, -0.000370378838852, 0.0130896084011, -0.00094404630363, -0.00153741997201], [-0.000291651696898, -0.000148325605551, -0.000134984307806, 0.000325114117004, -1.90032624232e-005, -0.00076943350723, 0.00111448182724, -0.00290261930786, 0.00137767312117, 0.00144549529068, -0.00094404630363, 0.0135460020974, -0.00266402517445], [0.000412146473536, -0.0001200399347, -0.000514548504725, -0.00133115204517, -0.000154520006618, 0.00113903707825, -0.000109807886474, 0.000767342338804, 0.000570462085307, 0.00246634054929, -0.00153741997201, -0.00266402517445, 0.014820760116]]
    },
    "spectral_contrast_coeffs": {
        "mean": [-0.657310366631, -0.753615379333, -0.781085371971, -0.755306065083, -0.729467272758, -0.638112425804],
        "var": [0.00354432011954, 0.00340491603129, 0.00303365662694, 0.00290273013525, 0.00347005482763, 0.00365443737246]
    },
    "spectral_contrast_valleys": {
        "mean": [-7.11605834961, -6.95305204391, -7.47907066345, -7.65826940536, -7.2058172226, -11.0033187866],
        "var": [0.452198803425, 0.442286133766, 0.360140889883, 0.424274861813, 0.489635139704, 0.866267263889]
    }
},
"metadata": {
    "audio_properties": {
        "analysis_sample_rate": 44100,
        "bit_rate": 64037,
        "equal_loudness": 0,
        "length": 45.0873260498,
        "lossless": 0,
        "replay_gain": -5.24361038208,
        "sample_rate": 22050,
        "codec": "mp3",
        "downmix": "mix",
        "md5_encoded": "3c468ac313d51d72d7d96ffcb7417ba0"
    },
    "tags": {
        "file_name": "1667.mp3"
    },
    "version": {
        "essentia": "2.1-beta2",
        "essentia_git_sha": "v2.1_beta2",
        "extractor": "music 1.0"
    }
},
"rhythm": {
    "beats_count": 126,
    "beats_loudness": {
        "mean": 0.0262386854738,
        "var": 0.000104388520413
    },
    "bpm": 172.265563965,
    "bpm_histogram_first_peak_bpm": {
        "mean": 172,
        "var": 0
    },
    "bpm_histogram_first_peak_spread": {
        "mean": 0,
        "var": 0
    },
    "bpm_histogram_first_peak_weight": {
        "mean": 0.575999975204,
        "var": 0
    },
    "bpm_histogram_second_peak_bpm": {
        "mean": 167,
        "var": 0
    },
    "bpm_histogram_second_peak_spread": {
        "mean": 0,
        "var": 0
    },
    "bpm_histogram_second_peak_weight": {
        "mean": 0.280000001192,
        "var": 0
    },
    "danceability": 1.38692724705,
    "onset_rate": 4.96621608734,
    "beats_loudness_band_ratio": {
        "mean": [0.398245215416, 0.13864941895, 0.0835452079773, 0.094939596951, 0.203063294291, 0.125154212117],
        "var": [0.0542960762978, 0.00915114674717, 0.00363558880053, 0.00920984335244, 0.0164230875671, 0.00489546870813]
    },
    "beats_position": [0.383129239082, 0.777868449688, 1.14938771725, 1.50929701328, 1.86920630932, 2.22911548615, 2.58902478218, 2.94893407822, 3.30884337425, 3.66875267029, 4.01705217361, 4.37696123123, 4.72526073456, 5.08516979218, 5.4334692955, 5.78176879883, 6.13006782532, 6.47836732864, 6.83827638626, 7.19818592072, 7.5464849472, 7.89478445053, 8.24308395386, 8.59138298035, 8.93968200684, 9.287981987, 9.63628101349, 9.98458003998, 10.3328800201, 10.6811790466, 11.0294780731, 11.3893871307, 11.749297142, 12.0975961685, 12.445895195, 12.7941951752, 13.1424942017, 13.4907932281, 13.8390922546, 14.1873922348, 14.5356912613, 14.8839902878, 15.2322902679, 15.5805892944, 15.9288883209, 16.2771873474, 16.6254863739, 16.9737873077, 17.3220863342, 17.6703853607, 18.0186843872, 18.3669834137, 18.7152824402, 19.0635814667, 19.4118824005, 19.760181427, 20.1084804535, 20.45677948, 20.8050785065, 21.153377533, 21.5132884979, 21.8731975555, 22.221496582, 22.5581855774, 22.8948745728, 23.2431735992, 23.5914726257, 23.9397735596, 24.2880725861, 24.6363716125, 24.984670639, 25.3329696655, 25.681268692, 26.0295696259, 26.3894786835, 26.73777771, 27.0976867676, 27.4459857941, 27.8175048828, 28.1890239716, 28.5837631226, 28.9785022736, 29.3500213623, 29.7331504822, 30.1162815094, 30.4645805359, 30.8244895935, 31.17278862, 31.5443077087, 31.9042167664, 32.2525177002, 32.6240348816, 32.9723358154, 33.3206329346, 33.6689338684, 34.028842926, 34.3771438599, 34.725440979, 35.0853500366, 35.4452590942, 35.8051681519, 36.1534690857, 36.5017662048, 36.8616790771, 37.2099761963, 37.5466651917, 37.9065742493, 38.2664833069, 38.6263923645, 38.9863014221, 39.3462142944, 39.7061233521, 40.0544204712, 40.3911094666, 40.7277984619, 41.0877075195, 41.4476165771, 41.795917511, 42.1442184448, 42.5041275024, 42.8640365601, 43.2123336792, 43.5490226746, 43.8973236084, 44.257232666, 44.6287536621]
},
"tonal": {
    "chords_changes_rate": 0.0874485597014,
    "chords_number_rate": 0.00925925932825,
    "chords_strength": {
        "mean": 0.478715568781,
        "var": 0.00881411600858
    },
    "hpcp_entropy": {
        "mean": 2.39030838013,
        "var": 0.429786264896
    },
    "key_strength": 0.57626760006,
    "tuning_diatonic_strength": 0.558188676834,
    "tuning_equal_tempered_deviation": 0.0529774278402,
    "tuning_frequency": 438.984558105,
    "tuning_nontempered_energy_ratio": 0.753836154938,
    "hpcp": {
        "mean": [0.333260089159, 0.29659050703, 0.27746245265, 0.278852432966, 0.201682552695, 0.173379912972, 0.17643108964, 0.117958471179, 0.0667393058538, 0.0606184899807, 0.0679601430893, 0.114491090178, 0.156184628606, 0.134066134691, 0.154082983732, 0.210159033537, 0.209229186177, 0.208606138825, 0.20406383276, 0.17730486393, 0.212829634547, 0.276887834072, 0.21931399405, 0.15962587297, 0.137779399753, 0.114915713668, 0.212972566485, 0.26547947526, 0.171863257885, 0.125913098454, 0.129358783364, 0.103743612766, 0.121373191476, 0.154531255364, 0.163575321436, 0.243038445711],
        "var": [0.107208862901, 0.0879589691758, 0.0990523770452, 0.108029961586, 0.072926312685, 0.0512679778039, 0.0509198457003, 0.0252227056772, 0.0144585343078, 0.0140303438529, 0.0149182025343, 0.0287772640586, 0.0452634133399, 0.037080951035, 0.039467997849, 0.0671282932162, 0.0641255006194, 0.0644489973783, 0.0625191032887, 0.0550347007811, 0.0566664710641, 0.0990254431963, 0.0642164945602, 0.0358834713697, 0.0313706882298, 0.0254350584, 0.0644660964608, 0.0924836397171, 0.045054718852, 0.0359978824854, 0.039695572108, 0.0250064115971, 0.0288162715733, 0.0494099706411, 0.0504411794245, 0.0774443596601]
    },
    "chords_histogram": [7.20164632797, 0, 0, 0, 0.925925910473, 0, 5.55555534363, 39.3004112244, 3.80658435822, 27.6748962402, 0, 1.74897122383, 0, 5.86419773102, 5.65843629837, 0.205761313438, 0, 0, 0, 0, 0, 0, 0.925925910473, 1.13168728352],
    "thpcp": [1, 0.889967083931, 0.832570314407, 0.836741149426, 0.605180621147, 0.520254075527, 0.529409587383, 0.353953182697, 0.200261920691, 0.181895434856, 0.20392523706, 0.343548744917, 0.468656867743, 0.402286797762, 0.462350547314, 0.630615651608, 0.627825498581, 0.625955939293, 0.612326025963, 0.532031476498, 0.638629257679, 0.830846071243, 0.658086597919, 0.47898286581, 0.413429051638, 0.344822913408, 0.639058113098, 0.796613454819, 0.515703082085, 0.377822309732, 0.388161629438, 0.311299234629, 0.364199608564, 0.463695645332, 0.490833818913, 0.729275584221],
    "chords_key": "D",
    "chords_scale": "major",
    "key_key": "D",
    "key_scale": "minor"
}
}