{
"lowlevel": {
    "average_loudness": 0.389083683491,
    "barkbands_crest": {
        "mean": 13.0579147339,
        "var": 21.2320079803
    },
    "barkbands_flatness_db": {
        "mean": 0.339101880789,
        "var": 0.00254852185026
    },
    "barkbands_kurtosis": {
        "mean": 5.78911590576,
        "var": 23.9027843475
    },
    "barkbands_skewness": {
        "mean": 1.64404082298,
        "var": 0.764591038227
    },
    "barkbands_spread": {
        "mean": 6.09071063995,
        "var": 14.601348877
    },
    "dissonance": {
        "mean": 0.358463823795,
        "var": 0.00473449984565
    },
    "dynamic_complexity": 4.9313120842,
    "erbbands_crest": {
        "mean": 14.2497282028,
        "var": 32.9617042542
    },
    "erbbands_flatness_db": {
        "mean": 0.356847554445,
        "var": 0.00192961399443
    },
    "erbbands_kurtosis": {
        "mean": 2.48212528229,
        "var": 23.2703514099
    },
    "erbbands_skewness": {
        "mean": 1.08992528915,
        "var": 0.362455934286
    },
    "erbbands_spread": {
        "mean": 15.8610744476,
        "var": 75.9103088379
    },
    "hfc": {
        "mean": 6.95075368881,
        "var": 104.835067749
    },
    "melbands_crest": {
        "mean": 15.3997840881,
        "var": 28.6764831543
    },
    "melbands_flatness_db": {
        "mean": 0.397599875927,
        "var": 0.00373843568377
    },
    "melbands_kurtosis": {
        "mean": 7.16702508926,
        "var": 30.1480369568
    },
    "melbands_skewness": {
        "mean": 1.71112656593,
        "var": 0.989105820656
    },
    "melbands_spread": {
        "mean": 8.4962310791,
        "var": 48.134552002
    },
    "pitch_salience": {
        "mean": 0.540641069412,
        "var": 0.0190463494509
    },
    "silence_rate_20dB": {
        "mean": 1,
        "var": 0
    },
    "silence_rate_30dB": {
        "mean": 0.992276012897,
        "var": 0.0076643419452
    },
    "silence_rate_60dB": {
        "mean": 0.266220390797,
        "var": 0.195343658328
    },
    "spectral_centroid": {
        "mean": 638.230834961,
        "var": 215593.5625
    },
    "spectral_complexity": {
        "mean": 8.45005130768,
        "var": 17.1568870544
    },
    "spectral_decrease": {
        "mean": -3.41166628282e-009,
        "var": 2.50178476705e-017
    },
    "spectral_energy": {
        "mean": 0.0135068697855,
        "var": 0.000391994079109
    },
    "spectral_energyband_high": {
        "mean": 9.00453414943e-006,
        "var": 7.44948047693e-010
    },
    "spectral_energyband_low": {
        "mean": 0.000463960954221,
        "var": 5.68007692436e-007
    },
    "spectral_energyband_middle_high": {
        "mean": 0.00142841064371,
        "var": 5.43967325939e-006
    },
    "spectral_energyband_middle_low": {
        "mean": 0.0118381623179,
        "var": 0.000309819006361
    },
    "spectral_entropy": {
        "mean": 5.83862733841,
        "var": 0.266055136919
    },
    "spectral_flux": {
        "mean": 0.0227893348783,
        "var": 0.0010148936417
    },
    "spectral_kurtosis": {
        "mean": 36.4047698975,
        "var": 816.52520752
    },
    "spectral_rms": {
        "mean": 0.00303999264725,
        "var": 3.93588243242e-006
    },
    "spectral_rolloff": {
        "mean": 720.476623535,
        "var": 758053.375
    },
    "spectral_skewness": {
        "mean": 3.67929959297,
        "var": 3.15091776848
    },
    "spectral_spread": {
        "mean": 1566560.75,
        "var": 2.6070262743e+012
    },
    "spectral_strongpeak": {
        "mean": 1.12264490128,
        "var": 1.00318241119
    },
    "zerocrossingrate": {
        "mean": 0.0292355250567,
        "var": 0.000520274916198
    },
    "barkbands": {
        "mean": [9.52823668854e-008, 2.20082383748e-005, 0.000265303766355, 0.000419814314228, 0.00142697594129, 0.00250492943451, 0.00467333011329, 0.00231698830612, 0.000373085553292, 0.000626121065579, 0.000236633510212, 0.000124887170387, 0.000126680315589, 7.26595317246e-005, 0.00011696897127, 3.37330238835e-005, 8.68464339874e-005, 3.40757906088e-005, 3.31760929839e-005, 8.498382158e-006, 3.35775803251e-006, 5.76367199301e-007, 1.13533651813e-007, 2.12946602574e-008, 2.65147548362e-009, 5.53062151631e-010, 5.56269474927e-010],
        "var": [1.89531373994e-013, 3.28047877751e-009, 2.28896126941e-007, 8.09418168046e-007, 1.62747164723e-005, 1.33174344228e-005, 0.000155748261022, 3.37229721481e-005, 4.57790122255e-007, 1.82452652098e-006, 7.22387937913e-007, 5.54801751207e-008, 4.23641850489e-008, 4.66948435474e-008, 6.68431709983e-008, 5.3464015437e-009, 2.17771667366e-008, 6.39224850829e-009, 6.54095888564e-009, 5.73400604775e-010, 1.26066310169e-010, 2.6603608639e-012, 1.75616167658e-013, 1.77917542624e-014, 4.22823812435e-016, 2.38092462192e-018, 1.51175477051e-018]
    },
    "erbbands": {
        "mean": [0.000173646782059, 0.011260677129, 0.227076798677, 0.920457601547, 2.33229374886, 3.70071840286, 17.6616802216, 21.4028530121, 54.5073432922, 50.4105148315, 56.8023033142, 14.8947172165, 11.9042043686, 21.7190437317, 6.21172571182, 5.60499191284, 6.3641166687, 3.07822561264, 6.73439836502, 3.87309956551, 2.95229959488, 4.16182518005, 2.03025746346, 2.4511423111, 0.992783367634, 0.429587453604, 0.223888754845, 0.0946520194411, 0.0259928982705, 0.0105553865433, 0.00261293188669, 0.000771543069277, 0.000252277037362, 5.56468694413e-005, 1.68981550814e-005, 9.49908553594e-006, 5.2892196436e-006, 1.28344811401e-006, 6.61985313855e-006, 1.52867978613e-005],
        "var": [1.05332432554e-007, 0.000676718191244, 0.176448509097, 2.70847868919, 21.5616970062, 101.151275635, 2628.16870117, 608.17791748, 17725.6972656, 18236.3320313, 18600.9160156, 524.701782227, 444.738037109, 3200.91674805, 101.654022217, 105.622749329, 105.078697205, 23.7628898621, 226.730911255, 60.632610321, 26.7549343109, 61.3314285278, 14.7520933151, 36.443397522, 4.21531438828, 1.32660901546, 0.664480030537, 0.104008331895, 0.0059301527217, 0.000808856566437, 0.000123368139612, 2.02560549951e-005, 1.87199168522e-006, 9.7624557327e-008, 6.08473227359e-009, 2.77102230051e-010, 6.10359054964e-011, 3.72016566857e-012, 9.34421359733e-011, 5.01528762964e-010]
    },
    "gfcc": {
        "mean": [-204.401535034, 214.837158203, -177.228500366, -23.6070861816, -41.3944473267, -63.5964164734, -22.8641605377, -25.5379314423, -13.5560264587, -15.8388061523, -10.2481040955, -12.5830507278, -7.65761756897],
        "cov": [[8100.18310547, -61.4185295105, -771.970397949, 922.976135254, -565.483947754, 134.729309082, 231.870285034, -331.249847412, 188.423294067, -80.2194442749, 169.396514893, -69.7527160645, -192.208648682], [-61.4185295105, 729.376342773, 430.793670654, -181.113952637, 235.347869873, 4.2728433609, 16.0693817139, 28.042930603, -104.532447815, 12.4251441956, -54.3304290771, -89.6059570313, -61.7962188721], [-771.970397949, 430.793670654, 689.881835938, -194.671325684, 160.442672729, 79.1790618896, 8.7078371048, 93.4036865234, -66.0389404297, 60.4480323792, -17.5979728699, -127.688903809, -58.1361656189], [922.976135254, -181.113952637, -194.671325684, 545.012573242, 36.7336044312, 46.3560638428, 44.4919433594, -66.4272384644, 86.6388397217, -18.4839992523, 21.4965381622, 37.4870986938, 13.0632448196], [-565.483947754, 235.347869873, 160.442672729, 36.7336044312, 265.660125732, 9.91219806671, -12.6465940475, 46.440486908, -37.2607650757, 15.1537561417, 1.25836539268, 1.30684268475, -5.97790813446], [134.729309082, 4.2728433609, 79.1790618896, 46.3560638428, 9.91219806671, 143.5625, 41.3184318542, 5.71608877182, 39.5669403076, -4.15013027191, 4.74140310287, 0.996642768383, 2.7432615757], [231.870285034, 16.0693817139, 8.7078371048, 44.4919433594, -12.6465940475, 41.3184318542, 108.808746338, 14.8729400635, 23.069694519, 9.93184185028, -0.246294856071, 3.78820061684, -16.1945095062], [-331.249847412, 28.042930603, 93.4036865234, -66.4272384644, 46.440486908, 5.71608877182, 14.8729400635, 122.343925476, 22.11353302, 10.0417757034, 29.72905159, -15.6228723526, -11.898194313], [188.423294067, -104.532447815, -66.0389404297, 86.6388397217, -37.2607650757, 39.5669403076, 23.069694519, 22.11353302, 92.9379577637, 7.9219584465, 2.82384109497, 15.5661678314, 17.2750549316], [-80.2194442749, 12.4251441956, 60.4480323792, -18.4839992523, 15.1537561417, -4.15013027191, 9.93184185028, 10.0417757034, 7.9219584465, 67.3087844849, 21.6347351074, -17.4432544708, 3.44655799866], [169.396514893, -54.3304290771, -17.5979728699, 21.4965381622, 1.25836539268, 4.74140310287, -0.246294856071, 29.72905159, 2.82384109497, 21.6347351074, 108.33706665, 28.2684211731, -17.7448692322], [-69.7527160645, -89.6059570313, -127.688903809, 37.4870986938, 1.30684268475, 0.996642768383, 3.78820061684, -15.6228723526, 15.5661678314, -17.4432544708, 28.2684211731, 97.7417984009, 40.6452026367], [-192.208648682, -61.7962188721, -58.1361656189, 13.0632448196, -5.97790813446, 2.7432615757, -16.1945095062, -11.898194313, 17.2750549316, 3.44655799866, -17.7448692322, 40.6452026367, 83.8909454346]],
        "icov": [[0.000513388949912, -0.00122805451974, 0.000834904727526, -0.000920248916373, 0.00166091159917, -0.000538789667189, -0.000206198266824, 0.000559463805985, -0.000387438194593, 0.000187859215657, -0.0015172616113, 0.00114748778287, 0.000364216655726], [-0.00122805451974, 0.00693452730775, -0.00374054163694, 0.00398606387898, -0.00805048365146, 0.00314584979787, -0.00252477638423, 0.0025106666144, -0.000752158695832, 0.00313087855466, 0.00241013616323, 0.00014609588834, -0.00126097735483], [0.000834904727526, -0.00374054163694, 0.00572741311044, -0.00174776790664, 0.00331134581938, -0.00478748697788, 0.00146658334415, -0.00288602849469, 0.00305072590709, -0.0041236365214, -0.000780174101237, 0.0031868701335, 0.00149720674381], [-0.000920248916373, 0.00398606387898, -0.00174776790664, 0.00665112305433, -0.00810090638697, 0.00308765191585, -0.00386489368975, 0.00637768674642, -0.0066548679024, 0.00574383838102, -0.0022996654734, 0.00337646063417, -0.00292678992264], [0.00166091159917, -0.00805048365146, 0.00331134581938, -0.00810090638697, 0.0175942257047, -0.00594592001289, 0.00627113226801, -0.00944446772337, 0.00863454584032, -0.00924987625331, 0.00228613475338, -0.006437019445, 0.00495498068631], [-0.000538789667189, 0.00314584979787, -0.00478748697788, 0.00308765191585, -0.00594592001289, 0.0146616287529, -0.00704522617161, 0.00796324480325, -0.0108253583312, 0.0101721975952, -0.00524566322565, 0.00363457412459, -0.00490865763277], [-0.000206198266824, -0.00252477638423, 0.00146658334415, -0.00386489368975, 0.00627113226801, -0.00704522617161, 0.0176199600101, -0.0106092104688, 0.0069338507019, -0.0122682154179, 0.00976846087724, -0.0110473353416, 0.00835475046188], [0.000559463805985, 0.0025106666144, -0.00288602849469, 0.00637768674642, -0.00944446772337, 0.00796324480325, -0.0106092104688, 0.0267274789512, -0.0193883609027, 0.0165027566254, -0.016618879512, 0.0147043280303, -0.00637757685035], [-0.000387438194593, -0.000752158695832, 0.00305072590709, -0.0066548679024, 0.00863454584032, -0.0108253583312, 0.0069338507019, -0.0193883609027, 0.0322977714241, -0.0171995256096, 0.014062512666, -0.0117380302399, 0.00398403825238], [0.000187859215657, 0.00313087855466, -0.0041236365214, 0.00574383838102, -0.00924987625331, 0.0101721975952, -0.0122682154179, 0.0165027566254, -0.0171995256096, 0.0354143381119, -0.0189842358232, 0.0184660591185, -0.01291045174], [-0.0015172616113, 0.00241013616323, -0.000780174101237, -0.0022996654734, 0.00228613475338, -0.00524566322565, 0.00976846087724, -0.016618879512, 0.014062512666, -0.0189842358232, 0.0288345366716, -0.0210459474474, 0.0121597154066], [0.00114748778287, 0.00014609588834, 0.0031868701335, 0.00337646063417, -0.006437019445, 0.00363457412459, -0.0110473353416, 0.0147043280303, -0.0117380302399, 0.0184660591185, -0.0210459474474, 0.0347076095641, -0.0158142950386], [0.000364216655726, -0.00126097735483, 0.00149720674381, -0.00292678992264, 0.00495498068631, -0.00490865763277, 0.00835475046188, -0.00637757685035, 0.00398403825238, -0.01291045174, 0.0121597154066, -0.0158142950386, 0.0244851540774]]
    },
    "melbands": {
        "mean": [3.11877579406e-006, 8.16608953755e-005, 0.000203119212529, 0.00018813778297, 0.000539006374311, 0.000461419229396, 0.000912057294045, 0.000527524680365, 0.000403987738537, 6.89493317623e-005, 5.87552531215e-005, 9.25518106669e-005, 2.34792933043e-005, 1.6599205992e-005, 1.16641449495e-005, 1.25131828099e-005, 5.00806390846e-006, 1.07163705252e-005, 7.70590941102e-006, 2.74330091088e-006, 3.94540847992e-006, 5.19231252838e-006, 2.46917466029e-006, 1.21165874134e-006, 2.21501613851e-006, 8.27435428619e-007, 4.11376646525e-007, 2.68134584758e-007, 1.48773395381e-007, 8.21349743774e-008, 4.50539161534e-008, 1.31439641393e-008, 9.71863123311e-009, 4.23632107172e-009, 1.63991098479e-009, 5.82927317527e-010, 4.16124718017e-010, 1.84696577477e-010, 7.49209305706e-011, 2.26685961668e-011],
        "var": [6.0786493894e-011, 2.39302178073e-008, 1.33381519163e-007, 1.03677045615e-007, 2.45067531068e-006, 2.96956784496e-007, 5.37498863196e-006, 1.6638557554e-006, 9.7410725175e-007, 1.54234047756e-008, 1.21487246929e-008, 5.68698901304e-008, 3.56940521584e-009, 9.2421870157e-010, 4.12164830044e-010, 4.30070146162e-010, 9.91305995623e-011, 6.97757518431e-010, 3.95573018785e-010, 2.96766951291e-011, 5.33589943064e-011, 1.0953365992e-010, 2.16634245265e-011, 6.95053129635e-012, 3.05420549962e-011, 4.94922852701e-012, 6.67119083499e-013, 7.30358915707e-013, 3.68162585921e-013, 7.75756141182e-014, 3.33944365758e-014, 1.76737998423e-015, 8.38182776444e-016, 1.45075753329e-016, 5.19916399999e-017, 1.1106303449e-017, 1.17139271659e-017, 9.78897014026e-019, 2.4089743165e-019, 3.09312654772e-020]
    },
    "mfcc": {
        "mean": [-808.984985352, 205.114471436, -40.6927375793, -0.178599745035, -8.99942970276, -33.4144287109, -22.1683044434, -18.5367565155, -16.0717945099, -13.548081398, -9.06905937195, -7.37288665771, -6.21646928787],
        "cov": [[4705.85400391, 1058.15625, -1033.93066406, 1091.19152832, -435.731689453, 212.879470825, 302.065582275, -104.917800903, 54.7669639587, 4.85672950745, 131.841156006, -5.39093923569, 22.3770713806], [1058.15625, 876.394836426, 187.835083008, 91.9128723145, -45.2450675964, 66.3098983765, 149.25491333, -20.7068576813, -5.22069215775, 33.2559547424, 34.8386650085, 50.1212615967, 12.1389398575], [-1033.93066406, 187.835083008, 706.650756836, -272.530181885, 85.7504196167, 43.7334136963, -29.8614940643, 33.2285232544, 9.24530220032, 52.6562728882, 19.3749771118, 57.5198364258, -6.22043943405], [1091.19152832, 91.9128723145, -272.530181885, 520.923828125, 53.4413108826, 69.0016326904, 93.9566040039, 4.58375072479, 27.2947177887, 61.0052604675, 80.8338546753, -46.1011543274, 23.3519573212], [-435.731689453, -45.2450675964, 85.7504196167, 53.4413108826, 316.411010742, 27.3267974854, 15.1719522476, 62.5501098633, -0.509253740311, 49.3965568542, 7.27479457855, -44.7018928528, 36.9652442932], [212.879470825, 66.3098983765, 43.7334136963, 69.0016326904, 27.3267974854, 168.93572998, 23.529630661, -2.97566437721, 71.5076828003, -5.47931718826, 9.79836082458, 30.988368988, -1.52928602695], [302.065582275, 149.25491333, -29.8614940643, 93.9566040039, 15.1719522476, 23.529630661, 131.367279053, 41.4482269287, -12.8561077118, 38.9937286377, 19.2132968903, 3.72603178024, 27.5455780029], [-104.917800903, -20.7068576813, 33.2285232544, 4.58375072479, 62.5501098633, -2.97566437721, 41.4482269287, 127.826545715, 32.1651916504, 49.8380775452, 31.258934021, -36.4867553711, 34.2707099915], [54.7669639587, -5.22069215775, 9.24530220032, 27.2947177887, -0.509253740311, 71.5076828003, -12.8561077118, 32.1651916504, 144.938613892, 44.6686630249, 18.7348995209, 3.72079539299, -21.7648334503], [4.85672950745, 33.2559547424, 52.6562728882, 61.0052604675, 49.3965568542, -5.47931718826, 38.9937286377, 49.8380775452, 44.6686630249, 138.746002197, 68.0548858643, -30.6413059235, 36.6344146729], [131.841156006, 34.8386650085, 19.3749771118, 80.8338546753, 7.27479457855, 9.79836082458, 19.2132968903, 31.258934021, 18.7348995209, 68.0548858643, 103.396736145, 1.19740176201, 7.7802977562], [-5.39093923569, 50.1212615967, 57.5198364258, -46.1011543274, -44.7018928528, 30.988368988, 3.72603178024, -36.4867553711, 3.72079539299, -30.6413059235, 1.19740176201, 99.1864318848, 2.47607564926], [22.3770713806, 12.1389398575, -6.22043943405, 23.3519573212, 36.9652442932, -1.52928602695, 27.5455780029, 34.2707099915, -21.7648334503, 36.6344146729, 7.7802977562, 2.47607564926, 107.041702271]],
        "icov": [[0.0241958703846, -0.033612113446, 0.0340414643288, -0.0330082140863, 0.0317582450807, -0.0319394879043, 0.0293439812958, -0.0251546557993, 0.0243418887258, -0.0213088728487, 0.0119328796864, -0.0107027590275, 0.00863412860781], [-0.033612113446, 0.0486005395651, -0.0483513399959, 0.0455875061452, -0.0437785424292, 0.044915150851, -0.0440104976296, 0.036905284971, -0.0351018086076, 0.0310995038599, -0.0175770632923, 0.0157658196986, -0.0128382230178], [0.0340414643288, -0.0483513399959, 0.05118060112, -0.0448535047472, 0.0439093746245, -0.0473206192255, 0.0444117449224, -0.0379440486431, 0.0372680909932, -0.0341175571084, 0.0178015679121, -0.0178094711155, 0.0143786016852], [-0.0330082140863, 0.0455875061452, -0.0448535047472, 0.0494009703398, -0.0443639755249, 0.0422419309616, -0.0425714738667, 0.036926779896, -0.0341976247728, 0.0297880638391, -0.0202778112143, 0.0171797126532, -0.0126683833078], [0.0317582450807, -0.0437785424292, 0.0439093746245, -0.0443639755249, 0.0462012961507, -0.0435352474451, 0.0396840162575, -0.0353796891868, 0.0339622162282, -0.0299711190164, 0.0177870988846, -0.0133461942896, 0.0112727219239], [-0.0319394879043, 0.044915150851, -0.0473206192255, 0.0422419309616, -0.0435352474451, 0.0550697110593, -0.0451523251832, 0.0388569571078, -0.0429009199142, 0.0372982472181, -0.019845565781, 0.0155728086829, -0.0157880820334], [0.0293439812958, -0.0440104976296, 0.0444117449224, -0.0425714738667, 0.0396840162575, -0.0451523251832, 0.0575921721756, -0.0440710633993, 0.0419254526496, -0.0393925309181, 0.0238340850919, -0.0225321166217, 0.0164602287114], [-0.0251546557993, 0.036905284971, -0.0379440486431, 0.036926779896, -0.0353796891868, 0.0388569571078, -0.0440710633993, 0.0480222143233, -0.0380626767874, 0.0330584309995, -0.0233871638775, 0.022767746821, -0.0183285064995], [0.0243418887258, -0.0351018086076, 0.0372680909932, -0.0341976247728, 0.0339622162282, -0.0429009199142, 0.0419254526496, -0.0380626767874, 0.0463053956628, -0.0382350981236, 0.0215086527169, -0.0195954851806, 0.018965266645], [-0.0213088728487, 0.0310995038599, -0.0341175571084, 0.0297880638391, -0.0299711190164, 0.0372982472181, -0.0393925309181, 0.0330584309995, -0.0382350981236, 0.0475656576455, -0.0274574179202, 0.0221889261156, -0.0196883287281], [0.0119328796864, -0.0175770632923, 0.0178015679121, -0.0202778112143, 0.0177870988846, -0.019845565781, 0.0238340850919, -0.0233871638775, 0.0215086527169, -0.0274574179202, 0.0296276044101, -0.0154425455257, 0.0118595389649], [-0.0107027590275, 0.0157658196986, -0.0178094711155, 0.0171797126532, -0.0133461942896, 0.0155728086829, -0.0225321166217, 0.022767746821, -0.0195954851806, 0.0221889261156, -0.0154425455257, 0.0262652300298, -0.01205652114], [0.00863412860781, -0.0128382230178, 0.0143786016852, -0.0126683833078, 0.0112727219239, -0.0157880820334, 0.0164602287114, -0.0183285064995, 0.018965266645, -0.0196883287281, 0.0118595389649, -0.01205652114, 0.0201175622642]]
    },
    "spectral_contrast_coeffs": {
        "mean": [-0.495942980051, -0.538342297077, -0.624209880829, -0.674200594425, -0.68364906311, -0.744154036045],
        "var": [0.00947703234851, 0.00915820430964, 0.00526675628498, 0.0028758328408, 0.00219567352906, 0.00626253802329]
    },
    "spectral_contrast_valleys": {
        "mean": [-10.3185520172, -8.19883346558, -9.40203857422, -10.0872888565, -10.6589708328, -14.7511053085],
        "var": [1.76069200039, 2.48286652565, 2.10225892067, 1.71106028557, 1.68752515316, 1.34745514393]
    }
},
"metadata": {
    "audio_properties": {
        "analysis_sample_rate": 44100,
        "bit_rate": 81815,
        "equal_loudness": 0,
        "length": 45.0612258911,
        "lossless": 0,
        "replay_gain": -8.02924537659,
        "sample_rate": 44100,
        "codec": "mp3",
        "downmix": "mix",
        "md5_encoded": "4e01a1d52de3356b25bfc968fce3a4b8"
    },
    "tags": {
        "file_name": "167.mp3"
    },
    "version": {
        "essentia": "2.1-beta2",
        "essentia_git_sha": "v2.1_beta2",
        "extractor": "music 1.0"
    }
},
"rhythm": {
    "beats_count": 76,
    "beats_loudness": {
        "mean": 0.0250671114773,
        "var": 0.000695747905411
    },
    "bpm": 102.787574768,
    "bpm_histogram_first_peak_bpm": {
        "mean": 103,
        "var": 0
    },
    "bpm_histogram_first_peak_spread": {
        "mean": 0.492063462734,
        "var": 0
    },
    "bpm_histogram_first_peak_weight": {
        "mean": 0.426666676998,
        "var": 0
    },
    "bpm_histogram_second_peak_bpm": {
        "mean": 108,
        "var": 0
    },
    "bpm_histogram_second_peak_spread": {
        "mean": 0.142857164145,
        "var": 0
    },
    "bpm_histogram_second_peak_weight": {
        "mean": 0.0799999982119,
        "var": 0
    },
    "danceability": 0.979691922665,
    "onset_rate": 2.35129499435,
    "beats_loudness_band_ratio": {
        "mean": [0.0854191556573, 0.43306440115, 0.394476383924, 0.0806483700871, 0.0430179201066, 0.0054706223309],
        "var": [0.00900644529611, 0.0473322942853, 0.0357777774334, 0.00237146695144, 0.00101578631438, 4.92398030474e-005]
    },
    "beats_position": [0.603718817234, 1.20743763447, 1.78793644905, 2.36843538284, 2.94893407822, 3.52943301201, 4.1099319458, 4.69043064117, 5.27092981339, 5.85142850876, 6.43192720413, 7.01242637634, 7.61614513397, 8.2198638916, 8.82358264923, 9.41569137573, 10.0310201645, 10.6347389221, 11.2384576797, 11.8421764374, 12.4342851639, 13.0263938904, 13.6301136017, 14.2106122971, 14.7795009613, 15.3716096878, 15.9521083832, 16.5326080322, 17.1363258362, 17.7400455475, 18.3437633514, 18.9358730316, 19.5279808044, 20.1084804535, 20.6889801025, 21.2694778442, 21.8499774933, 22.430475235, 23.0225849152, 23.614692688, 24.195192337, 24.7756919861, 25.3561897278, 25.9366893768, 26.5171871185, 27.0976867676, 27.6781845093, 28.2819042206, 28.8856239319, 29.4777317047, 30.0698413849, 30.6735591888, 31.2540588379, 31.8345565796, 32.4150543213, 32.9723358154, 33.5412254333, 34.0985031128, 34.6673927307, 35.2246704102, 35.8051681519, 36.362449646, 36.9429473877, 37.5350570679, 38.1503829956, 38.765712738, 39.3810424805, 40.0079803467, 40.5884780884, 41.1689796448, 41.7262573242, 42.2951469421, 42.8640365601, 43.3980941772, 43.9553718567, 44.5242614746]
},
"tonal": {
    "chords_changes_rate": 0.0627572014928,
    "chords_number_rate": 0.0113168722019,
    "chords_strength": {
        "mean": 0.411240965128,
        "var": 0.00772703997791
    },
    "hpcp_entropy": {
        "mean": 0.830959677696,
        "var": 0.441531389952
    },
    "key_strength": 0.777922868729,
    "tuning_diatonic_strength": 0.47389832139,
    "tuning_equal_tempered_deviation": 0.00212913006544,
    "tuning_frequency": 440.254241943,
    "tuning_nontempered_energy_ratio": 0.595809876919,
    "hpcp": {
        "mean": [0.237283691764, 0.118782050908, 0.0565750151873, 0.0952944085002, 0.0479007177055, 0.0437402389944, 0.0788956731558, 0.040199059993, 0.00678809871897, 0.00921918917447, 0.00769956083968, 0.091866672039, 0.168648779392, 0.0916987732053, 0.152373194695, 0.265650451183, 0.128562882543, 0.0086151715368, 0.00721497321501, 0.00779310008511, 0.143354266882, 0.29031458497, 0.169322401285, 0.133493945003, 0.200601935387, 0.0865857601166, 0.00903936102986, 0.0114875277504, 0.0136671904474, 0.0878767371178, 0.141045972705, 0.0657087787986, 0.0503187254071, 0.0915791019797, 0.0512606017292, 0.130646973848],
        "var": [0.139306768775, 0.0349194742739, 0.0253095272928, 0.0792651101947, 0.0194964837283, 0.00785773620009, 0.0244921762496, 0.0061008464545, 0.000485087453853, 0.00045206816867, 0.00044476101175, 0.0347627177835, 0.113802231848, 0.0304550342262, 0.0440312363207, 0.144742846489, 0.0325907841325, 0.000246273237281, 0.000248083670158, 0.000811253150459, 0.0414274930954, 0.153196275234, 0.0536362864077, 0.0471051558852, 0.125007122755, 0.0269866306335, 0.00382280815393, 0.00766503205523, 0.00318958121352, 0.0369509905577, 0.0965030938387, 0.0202709380537, 0.0146449515596, 0.0523980148137, 0.0139125324786, 0.04307487607]
    },
    "chords_histogram": [26.9547328949, 0.823045253754, 0, 2.98353910446, 3.29218101501, 2.67489719391, 0.514403283596, 1.74897122383, 0, 30.7613162994, 11.9341564178, 0, 0, 0, 0, 0, 2.36625504494, 1.54320991039, 0, 0, 0, 0, 5.45267486572, 8.95061683655],
    "thpcp": [1, 0.58323764801, 0.459825128317, 0.690981268883, 0.298248052597, 0.0311364345253, 0.0395692400634, 0.0470771752298, 0.302694886923, 0.485838383436, 0.226336464286, 0.17332482338, 0.315447807312, 0.176569163799, 0.450018644333, 0.817332983017, 0.409149438143, 0.194874867797, 0.328245341778, 0.164995908737, 0.150664970279, 0.271759241819, 0.138467237353, 0.0233818721026, 0.0317558608949, 0.0265214405954, 0.316438376904, 0.580917358398, 0.315860033035, 0.524855434895, 0.915043413639, 0.442839890718, 0.0296752974391, 0.0248522590846, 0.0268436390907, 0.493789404631],
    "chords_key": "A",
    "chords_scale": "major",
    "key_key": "D",
    "key_scale": "minor"
}
}