{
"lowlevel": {
    "average_loudness": 0.916724860668,
    "barkbands_crest": {
        "mean": 14.9585828781,
        "var": 31.171251297
    },
    "barkbands_flatness_db": {
        "mean": 0.199615612626,
        "var": 0.00567756313831
    },
    "barkbands_kurtosis": {
        "mean": 21.0556240082,
        "var": 1250.99902344
    },
    "barkbands_skewness": {
        "mean": 3.10044431686,
        "var": 6.39914703369
    },
    "barkbands_spread": {
        "mean": 12.8549184799,
        "var": 98.8254776001
    },
    "dissonance": {
        "mean": 0.448069691658,
        "var": 0.00188690109644
    },
    "dynamic_complexity": 2.44417285919,
    "erbbands_crest": {
        "mean": 10.1732158661,
        "var": 25.0702857971
    },
    "erbbands_flatness_db": {
        "mean": 0.153899729252,
        "var": 0.00217037135735
    },
    "erbbands_kurtosis": {
        "mean": 1.44956970215,
        "var": 10.0419979095
    },
    "erbbands_skewness": {
        "mean": 0.373051434755,
        "var": 0.679911673069
    },
    "erbbands_spread": {
        "mean": 38.6506958008,
        "var": 469.638793945
    },
    "hfc": {
        "mean": 16.3444366455,
        "var": 297.416809082
    },
    "melbands_crest": {
        "mean": 18.6495037079,
        "var": 37.856098175
    },
    "melbands_flatness_db": {
        "mean": 0.294048786163,
        "var": 0.00922012142837
    },
    "melbands_kurtosis": {
        "mean": 42.194568634,
        "var": 3204.60058594
    },
    "melbands_skewness": {
        "mean": 4.26766729355,
        "var": 8.26091766357
    },
    "melbands_spread": {
        "mean": 12.3881158829,
        "var": 133.913284302
    },
    "pitch_salience": {
        "mean": 0.422325998545,
        "var": 0.0206983163953
    },
    "silence_rate_20dB": {
        "mean": 1,
        "var": 0
    },
    "silence_rate_30dB": {
        "mean": 0.878990709782,
        "var": 0.106368243694
    },
    "silence_rate_60dB": {
        "mean": 0.0226570554078,
        "var": 0.0221442691982
    },
    "spectral_centroid": {
        "mean": 876.005615234,
        "var": 218860.59375
    },
    "spectral_complexity": {
        "mean": 13.319773674,
        "var": 84.7476882935
    },
    "spectral_decrease": {
        "mean": -1.42805749448e-008,
        "var": 1.23493274424e-016
    },
    "spectral_energy": {
        "mean": 0.0553806498647,
        "var": 0.00181281368714
    },
    "spectral_energyband_high": {
        "mean": 0.000520520145074,
        "var": 1.1190981013e-006
    },
    "spectral_energyband_low": {
        "mean": 0.0404857210815,
        "var": 0.00161225371994
    },
    "spectral_energyband_middle_high": {
        "mean": 0.00454569468275,
        "var": 4.07340230595e-005
    },
    "spectral_energyband_middle_low": {
        "mean": 0.0110293747857,
        "var": 0.000239867556957
    },
    "spectral_entropy": {
        "mean": 7.31064319611,
        "var": 0.286174833775
    },
    "spectral_flux": {
        "mean": 0.110671721399,
        "var": 0.00446657370776
    },
    "spectral_kurtosis": {
        "mean": 5.82976722717,
        "var": 19.7153930664
    },
    "spectral_rms": {
        "mean": 0.00676261633635,
        "var": 8.29698092275e-006
    },
    "spectral_rolloff": {
        "mean": 624.162536621,
        "var": 579059.75
    },
    "spectral_skewness": {
        "mean": 1.87433254719,
        "var": 0.405611872673
    },
    "spectral_spread": {
        "mean": 4560038.5,
        "var": 2.51386842317e+012
    },
    "spectral_strongpeak": {
        "mean": 0.690909743309,
        "var": 0.903330266476
    },
    "zerocrossingrate": {
        "mean": 0.0314079001546,
        "var": 0.000548479671124
    },
    "barkbands": {
        "mean": [0.00125842983834, 0.0329688936472, 0.00520597305149, 0.00221317959949, 0.00371263502166, 0.0016134805046, 0.00105910736602, 0.00065792480018, 0.00144317315426, 0.000855834281538, 0.000853836594615, 0.000867188326083, 0.000510697020218, 0.00054807116976, 0.00038343979395, 0.000232308637351, 0.000220575471758, 0.000103481361293, 0.000113374648208, 0.000102095473267, 0.000156940412126, 9.48715969571e-005, 0.000104572121927, 7.07721628714e-005, 1.87611021829e-005, 1.00531406133e-005, 1.07939547433e-006],
        "var": [4.88222804051e-006, 0.00133650749922, 4.11857836298e-005, 2.02853680094e-005, 6.54096438666e-005, 1.14911417768e-005, 4.96692882734e-006, 2.8083916277e-006, 9.14659267437e-006, 4.41862539446e-006, 3.09888969241e-006, 6.03832631896e-006, 2.42505552706e-006, 1.63915615303e-006, 6.30909369193e-007, 1.75111523504e-007, 2.80871574887e-007, 5.44131744107e-008, 6.35782271274e-008, 6.53877307855e-008, 8.89244162749e-008, 4.5774623203e-008, 5.82817456518e-008, 2.64041872811e-008, 7.63602292508e-010, 1.88751639318e-010, 6.75824760737e-012]
    },
    "erbbands": {
        "mean": [1.04312729836, 6.9529132843, 7.19829940796, 7.32877159119, 10.0523557663, 13.7676582336, 12.6433486938, 11.6435213089, 15.3925962448, 13.6821155548, 15.3178682327, 29.3098964691, 37.0373687744, 27.2826766968, 32.4271659851, 32.1515083313, 25.6254787445, 25.44789505, 26.2189388275, 18.4292354584, 14.4689359665, 12.3336858749, 6.07351970673, 5.83962249756, 5.11901569366, 4.5890879631, 5.23911857605, 6.60578775406, 3.9642136097, 3.29287958145, 2.7734208107, 1.73317444324, 0.946398437023, 0.296091884375, 0.108059324324, 0.0545763447881, 0.0148013886064, 0.00371849513613, 0.000128059604322, 6.46441112622e-005],
        "var": [1.44468045235, 67.0594024658, 58.8419837952, 122.658210754, 470.369445801, 1107.79199219, 620.015075684, 597.632019043, 1033.4440918, 666.125305176, 1389.41552734, 3909.58129883, 7014.65136719, 2784.03417969, 3255.9543457, 7692.64355469, 5130.00830078, 3380.72949219, 3380.26293945, 1789.7545166, 660.705383301, 857.209472656, 183.500640869, 164.41305542, 128.992355347, 123.319160461, 150.565078735, 157.052276611, 70.4345855713, 52.0949172974, 41.2091445923, 18.1804199219, 3.92624664307, 0.23904581368, 0.0245541725308, 0.00450569530949, 0.000557770894375, 5.22515329067e-005, 5.12482003501e-008, 2.27042229461e-009]
    },
    "gfcc": {
        "mean": [-14.9175701141, 112.639778137, -91.0354309082, 35.8044471741, -44.0880813599, 30.1884727478, -23.4246101379, 8.87817764282, -13.9157152176, 5.67785787582, -16.0272445679, 3.42514038086, -5.80276536942],
        "cov": [[4564.015625, -581.403808594, -838.214599609, 328.428741455, -345.697540283, 92.238571167, -345.370880127, -114.38457489, -136.706359863, -9.51204776764, 81.0523986816, 97.9802398682, 27.9587020874], [-581.403808594, 760.587402344, 157.15788269, -205.640182495, 180.233840942, -50.5126647949, 137.838180542, -14.9988393784, 81.2661437988, -72.9840621948, 3.28218841553, -43.4277076721, 89.3588027954], [-838.214599609, 157.15788269, 916.044433594, 181.474029541, 182.944595337, -0.00206766068004, 102.774757385, 23.0367832184, 28.4812831879, 5.21053791046, -25.0004615784, -7.73502159119, -31.7041969299], [328.428741455, -205.640182495, 181.474029541, 452.924591064, 96.2351150513, 24.8537311554, -70.3221435547, -77.5653991699, -18.703546524, 16.2736377716, 53.1419219971, 12.7357091904, -2.64843440056], [-345.697540283, 180.233840942, 182.944595337, 96.2351150513, 446.851593018, 88.268196106, 51.8037834167, -19.8141536713, 48.0174598694, 32.7889938354, 14.8198900223, -1.07928097248, 23.2779216766], [92.238571167, -50.5126647949, -0.00206766068004, 24.8537311554, 88.268196106, 217.272201538, 78.2708206177, -5.29539346695, -15.0496006012, 1.66175663471, 29.0673866272, 18.2546348572, 21.3675251007], [-345.370880127, 137.838180542, 102.774757385, -70.3221435547, 51.8037834167, 78.2708206177, 261.94921875, 82.8053665161, -16.5332279205, -39.165222168, -5.44028759003, 6.02372741699, -2.40477633476], [-114.38457489, -14.9988393784, 23.0367832184, -77.5653991699, -19.8141536713, -5.29539346695, 82.8053665161, 141.480163574, 52.6078567505, 14.5817804337, -30.5865955353, -22.9397678375, -35.158290863], [-136.706359863, 81.2661437988, 28.4812831879, -18.703546524, 48.0174598694, -15.0496006012, -16.5332279205, 52.6078567505, 151.592926025, 70.8065719604, 3.89616823196, -41.7936630249, -9.91028404236], [-9.51204776764, -72.9840621948, 5.21053791046, 16.2736377716, 32.7889938354, 1.66175663471, -39.165222168, 14.5817804337, 70.8065719604, 124.685897827, 21.2468948364, -4.85790014267, -25.6404705048], [81.0523986816, 3.28218841553, -25.0004615784, 53.1419219971, 14.8198900223, 29.0673866272, -5.44028759003, -30.5865955353, 3.89616823196, 21.2468948364, 89.986579895, 33.2769241333, 14.9791564941], [97.9802398682, -43.4277076721, -7.73502159119, 12.7357091904, -1.07928097248, 18.2546348572, 6.02372741699, -22.9397678375, -41.7936630249, -4.85790014267, 33.2769241333, 88.3223419189, 36.785900116], [27.9587020874, 89.3588027954, -31.7041969299, -2.64843440056, 23.2779216766, 21.3675251007, -2.40477633476, -35.158290863, -9.91028404236, -25.6404705048, 14.9791564941, 36.785900116, 94.0496292114]],
        "icov": [[0.000392125948565, -0.000382263417123, 0.000425805686973, -0.000665457569994, 0.000368806475308, -0.000595608900767, 0.000698368821759, -0.000605169159826, 0.000407581566833, -0.000153443819727, 0.000342736224411, -0.000687620718963, 0.00042257210589], [-0.000382263417123, 0.0057235439308, -0.00141783873551, 0.00387820415199, -0.00235584657639, 0.00382913113572, -0.00404237210751, 0.0047883912921, -0.00432609347627, 0.00386123359203, -0.00371928536333, 0.00491409795359, -0.00502625713125], [0.000425805686973, -0.00141783873551, 0.00212272210047, -0.00205490831286, 0.00035789681715, -0.000855007383507, 0.000494287058245, -0.00112206081394, 0.000570970820263, -0.000752971682232, 0.00196202541701, -0.00215994589962, 0.00196431949735], [-0.000665457569994, 0.00387820415199, -0.00205490831286, 0.00621591787785, -0.00228983559646, 0.00261672097258, -0.00207102950662, 0.00416458025575, -0.00232539395802, 0.00256196851842, -0.00452632876113, 0.00422039069235, -0.00300489994697], [0.000368806475308, -0.00235584657639, 0.00035789681715, -0.00228983559646, 0.00414072582498, -0.00273857498541, 0.00108308065683, -0.000913493917324, 0.000522457063198, -0.0021348092705, 0.00222087837756, -0.00221267645247, 0.00145318987779], [-0.000595608900767, 0.00382913113572, -0.000855007383507, 0.00261672097258, -0.00273857498541, 0.0090185077861, -0.00524905649945, 0.00380708416924, -0.00197864882648, 0.00139705778565, -0.00384703394957, 0.00402437336743, -0.00454675825313], [0.000698368821759, -0.00404237210751, 0.000494287058245, -0.00207102950662, 0.00108308065683, -0.00524905649945, 0.0106711555272, -0.00889032799751, 0.00527236610651, -0.000443751690909, 0.000642380036879, -0.00351443933323, 0.0033222315833], [-0.000605169159826, 0.0047883912921, -0.00112206081394, 0.00416458025575, -0.000913493917324, 0.00380708416924, -0.00889032799751, 0.0189974289387, -0.0103737749159, 0.00325463037007, 0.00145038682967, 0.0015609775437, 0.000557580264285], [0.000407581566833, -0.00432609347627, 0.000570970820263, -0.00232539395802, 0.000522457063198, -0.00197864882648, 0.00527236610651, -0.0103737749159, 0.0185078047216, -0.00993369147182, -0.00118119327817, 0.00450668483973, -0.00163936556783], [-0.000153443819727, 0.00386123359203, -0.000752971682232, 0.00256196851842, -0.0021348092705, 0.00139705778565, -0.000443751690909, 0.00325463037007, -0.00993369147182, 0.0167767293751, -0.0043191886507, -0.000856632308569, 0.00216159690171], [0.000342736224411, -0.00371928536333, 0.00196202541701, -0.00452632876113, 0.00222087837756, -0.00384703394957, 0.000642380036879, 0.00145038682967, -0.00118119327817, -0.0043191886507, 0.0197075102478, -0.0102985799313, 0.0044361250475], [-0.000687620718963, 0.00491409795359, -0.00215994589962, 0.00422039069235, -0.00221267645247, 0.00402437336743, -0.00351443933323, 0.0015609775437, 0.00450668483973, -0.000856632308569, -0.0102985799313, 0.0247666873038, -0.0127523327246], [0.00042257210589, -0.00502625713125, 0.00196431949735, -0.00300489994697, 0.00145318987779, -0.00454675825313, 0.0033222315833, 0.000557580264285, -0.00163936556783, 0.00216159690171, 0.0044361250475, -0.0127523327246, 0.0215247794986]]
    },
    "melbands": {
        "mean": [0.00950321927667, 0.00579273328185, 0.0013563730754, 0.000887309550308, 0.000470027851406, 0.000275863800198, 0.000229746219702, 0.000149656538269, 0.000125849459437, 0.000200896945898, 0.000185594399227, 0.000107565239887, 0.000126221624669, 6.94897826179e-005, 9.29808375076e-005, 5.24196875631e-005, 4.33893110312e-005, 4.69550031994e-005, 2.44328384724e-005, 1.89647525985e-005, 1.68683163793e-005, 1.4351739992e-005, 6.42990380584e-006, 4.81498773297e-006, 4.73089812658e-006, 3.94448488805e-006, 3.1152462725e-006, 3.10372524837e-006, 3.39606208399e-006, 2.83887857222e-006, 4.51338837593e-006, 2.16534863284e-006, 1.73086311861e-006, 1.97063104679e-006, 1.82413657512e-006, 1.10871155812e-006, 1.03597085399e-006, 7.65043921547e-007, 3.76347969677e-007, 2.03983489655e-007],
        "var": [0.0001109006771, 3.72223039449e-005, 4.17481169279e-006, 3.90583227272e-006, 8.71474526321e-007, 3.28262132143e-007, 2.33702621699e-007, 8.01365445113e-008, 7.77718440759e-008, 1.77508411525e-007, 1.79647400955e-007, 5.29146539918e-008, 5.5405561028e-008, 3.18893853546e-008, 1.0873313272e-007, 3.52824542915e-008, 1.09383613278e-008, 1.41663827335e-008, 2.76029377133e-009, 1.60760649237e-009, 9.66136282088e-010, 1.30050969993e-009, 2.09066083889e-010, 1.23553875464e-010, 1.14921662464e-010, 7.52572101859e-011, 5.4585662379e-011, 6.36493496797e-011, 6.99760666079e-011, 4.6157182243e-011, 7.02220781523e-011, 2.45659950715e-011, 1.40090578027e-011, 1.94440921697e-011, 1.85856312979e-011, 7.50511545272e-012, 6.42379378857e-012, 2.60108774797e-012, 5.71117209514e-013, 9.65045914274e-014]
    },
    "mfcc": {
        "mean": [-666.806396484, 142.411590576, 19.068901062, 22.1466350555, 10.8186388016, 23.135187149, 5.72576951981, 11.4212551117, 10.3873634338, 5.67144632339, -0.0168681107461, 4.56360626221, 1.74947011471],
        "cov": [[4980.41992188, -1094.18188477, -598.108825684, -117.351570129, -135.93989563, -19.8143959045, -177.492446899, -123.62575531, -336.597503662, -157.701400757, -91.394241333, -2.5868241787, -134.853546143], [-1094.18188477, 1007.34771729, 32.1012458801, -70.4654693604, 46.6348457336, -10.4317579269, 58.2732086182, 62.3609428406, 161.414581299, 22.1448154449, -4.95718288422, -5.39831781387, 20.7910556793], [-598.108825684, 32.1012458801, 610.961242676, 179.104019165, 41.9795265198, 26.5501441956, 25.1502151489, 38.4746208191, 11.3337392807, 21.8234558105, 18.8131446838, -9.58490180969, 16.9253749847], [-117.351570129, -70.4654693604, 179.104019165, 358.744537354, 151.940658569, 49.7100715637, 9.2377948761, -11.3390693665, -37.25050354, 11.8515920639, 21.8764762878, -20.2421207428, -0.712380826473], [-135.93989563, 46.6348457336, 41.9795265198, 151.940658569, 360.318450928, 150.417709351, 2.49624729156, -42.6691207886, 10.2088184357, 3.09813642502, 35.998249054, 4.40868186951, 11.0989465714], [-19.8143959045, -10.4317579269, 26.5501441956, 49.7100715637, 150.417709351, 203.490478516, 93.2273101807, 14.0304222107, -4.42488193512, -33.8149299622, 8.72239398956, 21.4094467163, -10.7475366592], [-177.492446899, 58.2732086182, 25.1502151489, 9.2377948761, 2.49624729156, 93.2273101807, 205.29258728, 110.89907074, 33.8358345032, -41.1797561646, -6.309653759, 18.3853092194, -9.74347782135], [-123.62575531, 62.3609428406, 38.4746208191, -11.3390693665, -42.6691207886, 14.0304222107, 110.89907074, 146.655273438, 55.7171936035, -12.9975719452, -10.3614854813, 1.51920485497, -3.79875159264], [-336.597503662, 161.414581299, 11.3337392807, -37.25050354, 10.2088184357, -4.42488193512, 33.8358345032, 55.7171936035, 137.809280396, 56.148147583, 21.2897777557, 9.75292205811, 14.8454055786], [-157.701400757, 22.1448154449, 21.8234558105, 11.8515920639, 3.09813642502, -33.8149299622, -41.1797561646, -12.9975719452, 56.148147583, 131.415039063, 59.0356788635, 5.16528224945, 22.0427589417], [-91.394241333, -4.95718288422, 18.8131446838, 21.8764762878, 35.998249054, 8.72239398956, -6.309653759, -10.3614854813, 21.2897777557, 59.0356788635, 100.067474365, 51.9016571045, 16.5292415619], [-2.5868241787, -5.39831781387, -9.58490180969, -20.2421207428, 4.40868186951, 21.4094467163, 18.3853092194, 1.51920485497, 9.75292205811, 5.16528224945, 51.9016571045, 91.0520935059, 33.3659057617], [-134.853546143, 20.7910556793, 16.9253749847, -0.712380826473, 11.0989465714, -10.7475366592, -9.74347782135, -3.79875159264, 14.8454055786, 22.0427589417, 16.5292415619, 33.3659057617, 77.7843856812]],
        "icov": [[0.00035822429345, 0.000290375639452, 0.000295962730888, 3.50428235834e-005, -2.14083756873e-005, -7.44628414395e-005, 0.000393896567402, -0.000343797059031, 0.000496501103044, -3.06405054289e-005, 0.000324044551235, -0.000419111311203, 0.000529514800292], [0.000290375639452, 0.0015342538245, 0.000119647127576, 0.000284146080958, -0.000396563584218, 0.000407903513405, -8.62085362314e-005, 3.71803362214e-005, -0.0012398440158, 0.000480105751194, 0.000332008552505, -5.14251405548e-005, 0.000225939569646], [0.000295962730888, 0.000119647127576, 0.00228489981964, -0.0011266823858, 0.000440529140178, -0.000575195648707, 0.000689446751494, -0.000957543088589, 0.000296102225548, 3.54426674676e-007, -0.000171825508005, 0.000138961433549, -0.000208815457881], [3.50428235834e-005, 0.000284146080958, -0.0011266823858, 0.0046193767339, -0.0023208130151, 0.00104012049269, -0.00100978894625, -0.00037917852751, 0.00208934047259, -0.0009539994644, -0.000599663122557, 0.00113438360859, 0.000114549911814], [-2.14083756873e-005, -0.000396563584218, 0.000440529140178, -0.0023208130151, 0.00648501701653, -0.00532191805542, 0.00205580028705, 0.00147533090785, -0.00231813080609, 0.00191421702038, -0.0027827792801, 0.00243864650838, -0.0019340927247], [-7.44628414395e-005, 0.000407903513405, -0.000575195648707, 0.00104012049269, -0.00532191805542, 0.0117504140362, -0.0061730700545, 0.00178947788663, 0.00101788004395, -0.000176807283424, 0.00154207635205, -0.00294842780568, 0.00238652550615], [0.000393896567402, -8.62085362314e-005, 0.000689446751494, -0.00100978894625, 0.00205580028705, -0.0061730700545, 0.0131531246006, -0.00828007142991, -0.000410798733355, 0.00251170783304, -0.00060808705166, -0.00132245221175, 0.00070672907168], [-0.000343797059031, 3.71803362214e-005, -0.000957543088589, -0.00037917852751, 0.00147533090785, 0.00178947788663, -0.00828007142991, 0.0156643018126, -0.00603148760274, 0.00185818062164, -0.000173886568518, 0.00160927209072, -0.00066533673089], [0.000496501103044, -0.0012398440158, 0.000296102225548, 0.00208934047259, -0.00231813080609, 0.00101788004395, -0.000410798733355, -0.00603148760274, 0.0161030050367, -0.00779940001667, 0.00224817078561, -0.00242763734423, 0.00097278598696], [-3.06405054289e-005, 0.000480105751194, 3.54426674676e-007, -0.0009539994644, 0.00191421702038, -0.000176807283424, 0.00251170783304, 0.00185818062164, -0.00779940001667, 0.0176051910967, -0.0120173161849, 0.00746342679486, -0.0042307022959], [0.000324044551235, 0.000332008552505, -0.000171825508005, -0.000599663122557, -0.0027827792801, 0.00154207635205, -0.00060808705166, -0.000173886568518, 0.00224817078561, -0.0120173161849, 0.0254394374788, -0.0163406934589, 0.00561035471037], [-0.000419111311203, -5.14251405548e-005, 0.000138961433549, 0.00113438360859, 0.00243864650838, -0.00294842780568, -0.00132245221175, 0.00160927209072, -0.00242763734423, 0.00746342679486, -0.0163406934589, 0.0250485148281, -0.010499054566], [0.000529514800292, 0.000225939569646, -0.000208815457881, 0.000114549911814, -0.0019340927247, 0.00238652550615, 0.00070672907168, -0.00066533673089, 0.00097278598696, -0.0042307022959, 0.00561035471037, -0.010499054566, 0.0187465641648]]
    },
    "spectral_contrast_coeffs": {
        "mean": [-0.680970609188, -0.72010499239, -0.74860060215, -0.782889425755, -0.816642463207, -0.770967066288],
        "var": [0.0057809734717, 0.00553290406242, 0.00768993515521, 0.00490308785811, 0.00151881563943, 0.00141314894427]
    },
    "spectral_contrast_valleys": {
        "mean": [-6.61371326447, -7.03492164612, -7.51415300369, -7.89355134964, -8.07093524933, -10.4113502502],
        "var": [0.73723512888, 0.781702458858, 0.832010984421, 0.880639135838, 1.00824773312, 0.919989049435]
    }
},
"metadata": {
    "audio_properties": {
        "analysis_sample_rate": 44100,
        "bit_rate": 128074,
        "equal_loudness": 0,
        "length": 45.0612258911,
        "lossless": 0,
        "replay_gain": -4.64625167847,
        "sample_rate": 44100,
        "codec": "mp3",
        "downmix": "mix",
        "md5_encoded": "6b7312c576197a3f643f19e5c35c1f50"
    },
    "tags": {
        "file_name": "1670.mp3"
    },
    "version": {
        "essentia": "2.1-beta2",
        "essentia_git_sha": "v2.1_beta2",
        "extractor": "music 1.0"
    }
},
"rhythm": {
    "beats_count": 82,
    "beats_loudness": {
        "mean": 0.0694259479642,
        "var": 0.00149445945863
    },
    "bpm": 109.9789505,
    "bpm_histogram_first_peak_bpm": {
        "mean": 110,
        "var": 0
    },
    "bpm_histogram_first_peak_spread": {
        "mean": 0.40000000596,
        "var": 0
    },
    "bpm_histogram_first_peak_weight": {
        "mean": 0.555555582047,
        "var": 0
    },
    "bpm_histogram_second_peak_bpm": {
        "mean": 101,
        "var": 0
    },
    "bpm_histogram_second_peak_spread": {
        "mean": 0.333333343267,
        "var": 0
    },
    "bpm_histogram_second_peak_weight": {
        "mean": 0.0493827164173,
        "var": 0
    },
    "danceability": 1.1610724926,
    "onset_rate": 6.07787561417,
    "beats_loudness_band_ratio": {
        "mean": [0.553211450577, 0.17788939178, 0.0935902968049, 0.104997485876, 0.0594596266747, 0.063392393291],
        "var": [0.0631773322821, 0.020439568907, 0.0067617893219, 0.00732081569731, 0.00282740825787, 0.00331104896031]
    },
    "beats_position": [0.46439909935, 0.99845802784, 1.54412698746, 2.08979582787, 2.62385487556, 3.1811337471, 3.72680258751, 4.27247142792, 4.80653047562, 5.36380958557, 5.90947818756, 6.45514726639, 6.98920631409, 7.5464849472, 8.08054447174, 8.63782310486, 9.17188167572, 9.72916126251, 10.2748298645, 10.8204984665, 11.354557991, 11.9118366241, 12.445895195, 13.0031747818, 13.5372333527, 14.0945119858, 14.6401815414, 15.1858501434, 15.7199087143, 16.2771873474, 16.8112468719, 17.3569164276, 17.9025840759, 18.4482536316, 18.9939231873, 19.5395908356, 20.0852603912, 20.6309299469, 21.1765975952, 21.733877182, 22.2679367065, 22.8136043549, 23.3592739105, 23.9049434662, 24.4506111145, 24.9962806702, 25.5419502258, 26.0992279053, 26.6332874298, 27.1789569855, 27.7246246338, 28.2702941895, 28.8159637451, 29.3732414246, 29.9073009491, 30.4994106293, 31.1031284332, 31.6952381134, 32.2873458862, 32.8794555664, 33.4483451843, 33.99401474, 34.539680481, 35.0853500366, 35.6310195923, 36.1766891479, 36.7223587036, 37.2680282593, 37.8253059387, 38.3709754944, 38.91664505, 39.4507026672, 39.9963722229, 40.5420417786, 41.0877075195, 41.6333770752, 42.1906585693, 42.7247161865, 43.2703857422, 43.8160552979, 44.3617210388, 44.9073905945]
},
"tonal": {
    "chords_changes_rate": 0.0956790149212,
    "chords_number_rate": 0.0123456791043,
    "chords_strength": {
        "mean": 0.501522421837,
        "var": 0.00886478833854
    },
    "hpcp_entropy": {
        "mean": 1.93591952324,
        "var": 0.559174060822
    },
    "key_strength": 0.608536541462,
    "tuning_diatonic_strength": 0.60497802496,
    "tuning_equal_tempered_deviation": 0.252947419882,
    "tuning_frequency": 434.193115234,
    "tuning_nontempered_energy_ratio": 0.936228632927,
    "hpcp": {
        "mean": [0.168158173561, 0.161810040474, 0.11049003154, 0.084236189723, 0.0838948190212, 0.106741249561, 0.192021653056, 0.275339663029, 0.227072611451, 0.131226360798, 0.0810376703739, 0.0609932020307, 0.0612986050546, 0.056444786489, 0.0514747090638, 0.0821680128574, 0.116015717387, 0.106527663767, 0.103013694286, 0.0937948077917, 0.0668179914355, 0.0882779657841, 0.114547230303, 0.143678054214, 0.162761792541, 0.100070104003, 0.0564223267138, 0.0915190577507, 0.106723695993, 0.0902588441968, 0.0943592190742, 0.0841481089592, 0.0643168017268, 0.0751901119947, 0.0951468646526, 0.123149499297],
        "var": [0.0835276544094, 0.0819263011217, 0.049655251205, 0.039704464376, 0.0391879603267, 0.0472780168056, 0.0759051889181, 0.125079616904, 0.103263124824, 0.0605663470924, 0.0356290377676, 0.0252061933279, 0.0249179247767, 0.0200470443815, 0.0163780581206, 0.0405719652772, 0.0703298598528, 0.0488079488277, 0.0448835715652, 0.0433591753244, 0.026240857318, 0.0370946787298, 0.057262096554, 0.0584057793021, 0.0987233072519, 0.0376864187419, 0.0178200267255, 0.0295442678034, 0.0363286845386, 0.029422942549, 0.0467957109213, 0.0431902743876, 0.0277921985835, 0.0383665189147, 0.046655960381, 0.0543870143592]
    },
    "chords_histogram": [12.6543207169, 7.81893014908, 18.3127574921, 0, 0, 1.85185182095, 2.57201647758, 0, 0.205761313438, 0, 0, 0, 0, 2.98353910446, 0.102880656719, 6.58436203003, 5.45267486572, 4.83539104462, 0, 27.6748962402, 2.98353910446, 4.83539104462, 0.514403283596, 0.617283940315],
    "thpcp": [1, 0.824699997902, 0.476598113775, 0.294318914413, 0.221519857645, 0.22262904048, 0.205000564456, 0.186949849129, 0.298424184322, 0.42135488987, 0.386895447969, 0.374133139849, 0.340651273727, 0.242674782872, 0.320614784956, 0.41602152586, 0.521821141243, 0.591130912304, 0.363442391157, 0.2049189955, 0.332386016846, 0.387607425451, 0.327809095383, 0.342701137066, 0.305615633726, 0.233590766788, 0.273081302643, 0.345561772585, 0.447263926268, 0.610729932785, 0.587674260139, 0.401286274195, 0.305935531855, 0.304695725441, 0.387671172619, 0.697399199009],
    "chords_key": "B",
    "chords_scale": "minor",
    "key_key": "E",
    "key_scale": "major"
}
}