{
"lowlevel": {
    "average_loudness": 0.968322992325,
    "barkbands_crest": {
        "mean": 10.7446088791,
        "var": 10.5349235535
    },
    "barkbands_flatness_db": {
        "mean": 0.249463915825,
        "var": 0.00647330610082
    },
    "barkbands_kurtosis": {
        "mean": 7.14495372772,
        "var": 57.9081840515
    },
    "barkbands_skewness": {
        "mean": 1.36495316029,
        "var": 0.957556664944
    },
    "barkbands_spread": {
        "mean": 7.10778045654,
        "var": 38.5214347839
    },
    "dissonance": {
        "mean": 0.416065573692,
        "var": 0.00262466422282
    },
    "dynamic_complexity": 1.53477787971,
    "erbbands_crest": {
        "mean": 11.2369241714,
        "var": 12.947218895
    },
    "erbbands_flatness_db": {
        "mean": 0.231322824955,
        "var": 0.00406480254605
    },
    "erbbands_kurtosis": {
        "mean": 6.02411603928,
        "var": 52.3321838379
    },
    "erbbands_skewness": {
        "mean": 1.6173967123,
        "var": 0.860999524593
    },
    "erbbands_spread": {
        "mean": 18.5324001312,
        "var": 263.599090576
    },
    "hfc": {
        "mean": 15.7791872025,
        "var": 103.122703552
    },
    "melbands_crest": {
        "mean": 11.6925554276,
        "var": 9.69178104401
    },
    "melbands_flatness_db": {
        "mean": 0.346590965986,
        "var": 0.00874997023493
    },
    "melbands_kurtosis": {
        "mean": 9.1142539978,
        "var": 92.5603256226
    },
    "melbands_skewness": {
        "mean": 1.60000383854,
        "var": 0.98411244154
    },
    "melbands_spread": {
        "mean": 7.57556247711,
        "var": 28.1908397675
    },
    "pitch_salience": {
        "mean": 0.618171870708,
        "var": 0.00509701855481
    },
    "silence_rate_20dB": {
        "mean": 1,
        "var": 0
    },
    "silence_rate_30dB": {
        "mean": 1,
        "var": 0
    },
    "silence_rate_60dB": {
        "mean": 0.00154479919001,
        "var": 0.00154241069686
    },
    "spectral_centroid": {
        "mean": 438.858154297,
        "var": 45757.5117188
    },
    "spectral_complexity": {
        "mean": 12.0133886337,
        "var": 17.8504981995
    },
    "spectral_decrease": {
        "mean": -1.13877094421e-008,
        "var": 1.76467601683e-017
    },
    "spectral_energy": {
        "mean": 0.0444109551609,
        "var": 0.000268884643447
    },
    "spectral_energyband_high": {
        "mean": 0.000301414576825,
        "var": 7.39974609587e-007
    },
    "spectral_energyband_low": {
        "mean": 0.0115222344175,
        "var": 4.00859316869e-005
    },
    "spectral_energyband_middle_high": {
        "mean": 0.00222651474178,
        "var": 6.29266605756e-006
    },
    "spectral_energyband_middle_low": {
        "mean": 0.0314202345908,
        "var": 0.000189802376553
    },
    "spectral_entropy": {
        "mean": 6.27657556534,
        "var": 0.473092377186
    },
    "spectral_flux": {
        "mean": 0.0710551887751,
        "var": 0.000682734535076
    },
    "spectral_kurtosis": {
        "mean": 25.7073249817,
        "var": 1022.94726563
    },
    "spectral_rms": {
        "mean": 0.00645554438233,
        "var": 1.65375115557e-006
    },
    "spectral_rolloff": {
        "mean": 500.786315918,
        "var": 241358.859375
    },
    "spectral_skewness": {
        "mean": 3.6894261837,
        "var": 3.66468024254
    },
    "spectral_spread": {
        "mean": 2983870.25,
        "var": 3.59939833856e+012
    },
    "spectral_strongpeak": {
        "mean": 0.884476542473,
        "var": 0.367355823517
    },
    "zerocrossingrate": {
        "mean": 0.0250564720482,
        "var": 0.000412535417126
    },
    "barkbands": {
        "mean": [0.000491731450893, 0.00781898386776, 0.00233865668997, 0.0018537226133, 0.0131322676316, 0.0101667810231, 0.00270078494214, 0.00220815930516, 0.000943931750953, 0.000910564616788, 0.000444553850684, 0.000528046977706, 0.000169383492903, 0.000169650156749, 7.90241538198e-005, 3.26824156218e-005, 5.21496622241e-005, 4.18459057983e-005, 1.71094543475e-005, 2.0997826141e-005, 3.56024065695e-005, 8.0027632066e-005, 4.48468163086e-005, 9.37078075367e-005, 6.41267251922e-006, 2.93540269922e-005, 8.44369338893e-008],
        "var": [1.70585963133e-007, 2.18178192881e-005, 3.58110651177e-006, 3.13542022923e-006, 9.68961176113e-005, 4.00110220653e-005, 1.18642483358e-005, 9.67965115706e-006, 1.67835378306e-006, 1.68305768966e-006, 1.42623798638e-006, 6.72465205298e-007, 1.30968558665e-007, 1.3993494008e-007, 1.70326153182e-008, 3.60960528134e-009, 9.53183274532e-008, 1.84678427217e-007, 8.70238436868e-010, 1.49613588185e-009, 1.66918070477e-008, 7.27759683627e-008, 2.05474197656e-008, 9.67877795688e-008, 3.80431797176e-010, 1.28689867651e-008, 2.58114981212e-013]
    },
    "erbbands": {
        "mean": [0.279492765665, 1.50376498699, 2.94841599464, 5.06569814682, 27.5234069824, 41.6250534058, 46.3056640625, 104.522071838, 60.8569869995, 22.7878723145, 52.8712539673, 28.1427383423, 28.0126781464, 25.1836929321, 12.782078743, 25.4741744995, 9.58808803558, 10.326921463, 5.31836986542, 2.83540606499, 2.39329600334, 2.50936055183, 2.68809247017, 1.11848723888, 0.865715622902, 1.02954638004, 1.1641138792, 1.73315870762, 3.79788947105, 0.77605843544, 1.75968682766, 3.4817905426, 0.377752840519, 0.0662216842175, 0.0655507221818, 0.124023735523, 0.0629480108619, 0.00200873916037, 7.21431351849e-005, 5.28380696778e-005],
        "var": [0.0321892648935, 0.966131985188, 5.14328956604, 15.2557916641, 721.437988281, 836.687927246, 932.657165527, 4253.04882813, 4617.01318359, 1069.68188477, 6242.58886719, 1325.82751465, 1590.32165527, 2530.60571289, 451.789733887, 1615.28552246, 252.374481201, 374.21697998, 71.8225021362, 17.6261882782, 80.539390564, 148.160110474, 799.696044922, 9.71782875061, 1.99937999249, 4.01554441452, 11.4932222366, 35.1834335327, 173.877914429, 4.73193693161, 31.7285003662, 134.452774048, 1.28072631359, 0.0367961861193, 0.04702764377, 0.256768733263, 0.0584181919694, 5.7053493947e-005, 3.76849698114e-008, 5.63440905044e-010]
    },
    "gfcc": {
        "mean": [-43.7721290588, 161.834136963, -72.7917175293, 15.619884491, -66.2278060913, 8.03211975098, -35.9808044434, -9.25943660736, -16.4668140411, -0.588036358356, -5.20504188538, 4.73672580719, -6.14900255203],
        "cov": [[5894.91845703, -2015.09033203, -990.022827148, 7.94191074371, -648.365478516, 765.371276855, -164.15473938, 480.900604248, -94.6787109375, 510.119781494, -276.803863525, 381.047851563, -389.522216797], [-2015.09033203, 1463.26611328, 205.841567993, -212.273376465, 411.16506958, -337.888031006, 129.664901733, -193.447662354, 130.378662109, -249.733444214, 202.806915283, -225.01574707, 194.40423584], [-990.022827148, 205.841567993, 782.125549316, 146.146728516, 41.8753662109, -43.5343322754, -9.85324764252, -104.873985291, 27.9481601715, -79.6776046753, -2.42731404305, 11.8175983429, 44.695930481], [7.94191074371, -212.273376465, 146.146728516, 396.025085449, 5.25714206696, -14.5494976044, 10.0326919556, -30.6060791016, -23.1060295105, 44.6953163147, 14.11652565, 8.47263431549, 53.3250427246], [-648.365478516, 411.16506958, 41.8753662109, 5.25714206696, 214.321594238, -89.9703674316, 32.0380706787, -53.0741539001, 45.8557395935, -59.7511978149, 69.9447402954, -56.7575454712, 71.3001403809], [765.371276855, -337.888031006, -43.5343322754, -14.5494976044, -89.9703674316, 224.188400269, -11.6146020889, 81.2872314453, 1.14070940018, 90.0134048462, -40.429069519, 82.7660675049, -65.7338943481], [-164.15473938, 129.664901733, -9.85324764252, 10.0326919556, 32.0380706787, -11.6146020889, 89.0473175049, 0.41206997633, 9.66393756866, -11.9028778076, 27.9309597015, -20.9270381927, 33.4189720154], [480.900604248, -193.447662354, -104.873985291, -30.6060791016, -53.0741539001, 81.2872314453, 0.41206997633, 123.098449707, 14.9669857025, 50.0101928711, -26.5701465607, 46.0961265564, -40.1117591858], [-94.6787109375, 130.378662109, 27.9481601715, -23.1060295105, 45.8557395935, 1.14070940018, 9.66393756866, 14.9669857025, 79.4935150146, 14.6726408005, 24.8212223053, -6.29030561447, 7.19192934036], [510.119781494, -249.733444214, -79.6776046753, 44.6953163147, -59.7511978149, 90.0134048462, -11.9028778076, 50.0101928711, 14.6726408005, 132.451248169, 3.26317882538, 32.8437538147, -40.3974380493], [-276.803863525, 202.806915283, -2.42731404305, 14.11652565, 69.9447402954, -40.429069519, 27.9309597015, -26.5701465607, 24.8212223053, 3.26317882538, 96.2947006226, -28.6958942413, 31.5206565857], [381.047851563, -225.01574707, 11.8175983429, 8.47263431549, -56.7575454712, 82.7660675049, -20.9270381927, 46.0961265564, -6.29030561447, 32.8437538147, -28.6958942413, 101.913230896, -25.8668231964], [-389.522216797, 194.40423584, 44.695930481, 53.3250427246, 71.3001403809, -65.7338943481, 33.4189720154, -40.1117591858, 7.19192934036, -40.3974380493, 31.5206565857, -25.8668231964, 97.9208984375]],
        "icov": [[0.000879677420016, -0.00124061340466, 0.00114656949881, -0.00125433481298, 0.00164261402097, -0.00173909787554, 0.00115204160102, -0.000914490490686, 0.000924034335185, -0.00158071320038, 0.00173964945134, -0.0017032433534, 0.00126083369832], [-0.00124061340466, 0.0108940005302, -0.00319343386218, 0.00728355860338, -0.00810020975769, 0.00495134387165, -0.00606764713302, 0.00423407368362, -0.0087834559381, 0.00892524886876, -0.0101483389735, 0.00894169136882, -0.00608877511695], [0.00114656949881, -0.00319343386218, 0.00368742109276, -0.00353361386806, 0.00355450878851, -0.00311276805587, 0.00239993468858, 0.000205600517802, 0.000407276034821, -0.00140868581366, 0.00386967509985, -0.0043009519577, 0.00273667834699], [-0.00125433481298, 0.00728355860338, -0.00353361386806, 0.00891418289393, -0.00624513812363, 0.00470057502389, -0.00454492075369, 0.00303888204508, -0.00336371199228, 0.00276381056756, -0.00680356938392, 0.00604114308953, -0.00701942574233], [0.00164261402097, -0.00810020975769, 0.00355450878851, -0.00624513812363, 0.0164638198912, -0.00507220393047, 0.00550096109509, -0.00248575815931, 0.00133165786974, -0.00330745964311, 0.00387863325886, -0.00565425865352, 0.00190114660654], [-0.00173909787554, 0.00495134387165, -0.00311276805587, 0.00470057502389, -0.00507220393047, 0.0138218142092, -0.00572905130684, 0.000959105731454, -0.00328786973841, 6.67453277856e-005, -0.00349828787148, 0.000254816055531, -0.00110463425517], [0.00115204160102, -0.00606764713302, 0.00239993468858, -0.00454492075369, 0.00550096109509, -0.00572905130684, 0.0186848659068, -0.00551600614563, 0.00471315952018, -0.00329717551358, 0.00226321839727, -0.00192719977349, -0.0014232697431], [-0.000914490490686, 0.00423407368362, 0.000205600517802, 0.00303888204508, -0.00248575815931, 0.000959105731454, -0.00551600614563, 0.017283083871, -0.00849274452776, 0.0028266008012, -0.00137854600325, -0.000516119529493, -0.000279107189272], [0.000924034335185, -0.0087834559381, 0.000407276034821, -0.00336371199228, 0.00133165786974, -0.00328786973841, 0.00471315952018, -0.00849274452776, 0.0269199423492, -0.0128049207851, 0.00611301604658, -0.00594693189487, 0.00369678926654], [-0.00158071320038, 0.00892524886876, -0.00140868581366, 0.00276381056756, -0.00330745964311, 6.67453277856e-005, -0.00329717551358, 0.0028266008012, -0.0128049207851, 0.0247589517385, -0.0138935986906, 0.00843881443143, -0.00227692024782], [0.00173964945134, -0.0101483389735, 0.00386967509985, -0.00680356938392, 0.00387863325886, -0.00349828787148, 0.00226321839727, -0.00137854600325, 0.00611301604658, -0.0138935986906, 0.0270536709577, -0.00889815483242, 0.00525703839958], [-0.0017032433534, 0.00894169136882, -0.0043009519577, 0.00604114308953, -0.00565425865352, 0.000254816055531, -0.00192719977349, -0.000516119529493, -0.00594693189487, 0.00843881443143, -0.00889815483242, 0.0248354617506, -0.00777662778273], [0.00126083369832, -0.00608877511695, 0.00273667834699, -0.00701942574233, 0.00190114660654, -0.00110463425517, -0.0014232697431, -0.000279107189272, 0.00369678926654, -0.00227692024782, 0.00525703839958, -0.00777662778273, 0.0231776181608]]
    },
    "melbands": {
        "mean": [0.00226971157826, 0.00172154128086, 0.00132260739338, 0.0028361917939, 0.00173029233702, 0.00222576502711, 0.000813918886706, 0.000252384168562, 0.000400762888603, 0.000162714772159, 0.000135960639454, 0.000102113299363, 4.41588163085e-005, 5.653525659e-005, 4.22934499511e-005, 1.83496267709e-005, 2.0016432245e-005, 8.36045819597e-006, 5.39164557267e-006, 2.73842806564e-006, 3.0385822356e-006, 3.06616402668e-006, 2.17835872718e-006, 1.94692961486e-006, 7.97031020738e-007, 5.90300714975e-007, 6.64767412673e-007, 6.76510296671e-007, 5.48141599666e-007, 1.05597382571e-006, 8.76696390151e-007, 2.47962543654e-006, 1.05269145934e-006, 2.08550915204e-007, 6.72739702168e-007, 1.90176683645e-006, 2.16144348997e-006, 1.97952246594e-007, 4.49327224317e-008, 4.83543800556e-008],
        "var": [1.90454545645e-006, 1.37796405397e-006, 9.8009127214e-007, 5.60926991966e-006, 1.10899054562e-006, 1.93180517272e-006, 8.45165175178e-007, 1.39832565083e-007, 3.60935615618e-007, 5.70844278514e-008, 3.93418986278e-008, 3.95251049667e-008, 8.77823236323e-009, 8.57109760943e-009, 3.54571261241e-009, 2.10941974998e-009, 1.82445414332e-009, 2.16870396641e-010, 1.02358718723e-010, 1.29628755646e-011, 2.50824749859e-010, 3.35068361945e-010, 3.14446579885e-010, 4.57171994706e-010, 1.81025756451e-012, 1.30408813089e-012, 1.38183507605e-012, 2.11931947686e-012, 2.37244750755e-012, 1.92941825711e-011, 8.72898715115e-012, 7.6099709867e-011, 1.28373917399e-011, 3.09331363692e-013, 4.48062767444e-012, 4.01337053868e-011, 5.24253487844e-011, 3.42282707169e-013, 1.6624515756e-014, 2.31881079957e-014]
    },
    "mfcc": {
        "mean": [-703.100097656, 194.385070801, 41.0814628601, 17.9782314301, -3.47249817848, 11.8968515396, -10.5189304352, 0.531625330448, -14.0844802856, 0.814045131207, -8.49746799469, 5.24682044983, -7.41723203659],
        "cov": [[5585.71435547, -1696.13952637, -917.380371094, -527.359802246, -483.70010376, 204.303100586, -143.132888794, 218.368881226, 22.2760467529, 255.066497803, 117.85647583, 352.246765137, -129.813858032], [-1696.13952637, 1310.38928223, 31.2202835083, -3.72530841827, 206.859649658, -101.827911377, 52.5717124939, -33.7371025085, -4.52825450897, -9.1157989502, -5.66599655151, -74.5383224487, 53.365978241], [-917.380371094, 31.2202835083, 645.327087402, 160.488098145, 79.3589553833, 52.2417564392, -3.34962797165, 3.54755997658, -7.02929639816, -55.6320114136, -36.7159957886, -47.0730285645, -28.9180870056], [-527.359802246, -3.72530841827, 160.488098145, 353.712005615, 89.29662323, 23.1790618896, 56.8860206604, -54.7158355713, 11.0806646347, -19.1769485474, -18.9620227814, -54.9364204407, 44.9201164246], [-483.70010376, 206.859649658, 79.3589553833, 89.29662323, 155.579238892, 10.4082527161, 7.08160591125, -13.2543048859, 3.11064338684, -15.6610450745, 5.084379673, -24.210899353, 13.3992176056], [204.303100586, -101.827911377, 52.2417564392, 23.1790618896, 10.4082527161, 124.958717346, 9.9312210083, 14.6459493637, -8.00869560242, 33.2035522461, 1.54100573063, 15.5719270706, -14.5180654526], [-143.132888794, 52.5717124939, -3.34962797165, 56.8860206604, 7.08160591125, 9.9312210083, 90.2911529541, -10.7221832275, 2.32733201981, 6.28309774399, -7.6277961731, -26.0114688873, 26.2412281036], [218.368881226, -33.7371025085, 3.54755997658, -54.7158355713, -13.2543048859, 14.6459493637, -10.7221832275, 105.644676208, 11.4277124405, 3.58566331863, -1.83180129528, 21.5169868469, -29.2051086426], [22.2760467529, -4.52825450897, -7.02929639816, 11.0806646347, 3.11064338684, -8.00869560242, 2.32733201981, 11.4277124405, 76.7930679321, -6.86118555069, -2.28325796127, 9.25652122498, 0.22907358408], [255.066497803, -9.1157989502, -55.6320114136, -19.1769485474, -15.6610450745, 33.2035522461, 6.28309774399, 3.58566331863, -6.86118555069, 121.013496399, 32.1584396362, 17.9504852295, -3.70677161217], [117.85647583, -5.66599655151, -36.7159957886, -18.9620227814, 5.084379673, 1.54100573063, -7.6277961731, -1.83180129528, -2.28325796127, 32.1584396362, 86.4654464722, 18.8442306519, -6.15906190872], [352.246765137, -74.5383224487, -47.0730285645, -54.9364204407, -24.210899353, 15.5719270706, -26.0114688873, 21.5169868469, 9.25652122498, 17.9504852295, 18.8442306519, 108.662002563, -11.1160364151], [-129.813858032, 53.365978241, -28.9180870056, 44.9201164246, 13.3992176056, -14.5180654526, 26.2412281036, -29.2051086426, 0.22907358408, -3.70677161217, -6.15906190872, -11.1160364151, 76.8342514038]],
        "icov": [[0.000809120596386, 0.000775161024649, 0.000898780010175, 0.000333385862177, 0.000592431635596, -0.000804579351097, 0.000355244992534, -0.000816951622255, -0.000114723603474, -0.000713094545063, -0.00014280443429, -0.000875291181728, 0.000112664798507], [0.000775161024649, 0.00200260872953, 0.000740140851121, 0.00107248057611, -0.00149828719441, 0.000464139127871, -0.000577085127588, -0.000657709839288, -6.8743220254e-006, -0.00122403050773, 0.000193998086615, -0.000541487475857, -0.000255456165178], [0.000898780010175, 0.000740140851121, 0.00310142920353, -0.000604870961979, 0.000359821366146, -0.00182589550968, 0.00102541979868, -0.00120479660109, 0.00016599711671, 7.29206949472e-005, 0.00025671030744, -0.000483715673909, 0.00126305804588], [0.000333385862177, 0.00107248057611, -0.000604870961979, 0.00520419375971, -0.00263538444415, -0.00034334443626, -0.00222534360364, 0.0014132251963, -0.00101754895877, -0.00056045409292, 0.000425499747507, 0.000608965463471, -0.00166173873004], [0.000592431635596, -0.00149828719441, 0.000359821366146, -0.00263538444415, 0.0118586951867, -0.00332895223983, 0.00265088281594, -0.000992365181446, -0.000561087799724, 0.00128593086265, -0.0022798886057, 1.76576832018e-005, -0.000378369382815], [-0.000804579351097, 0.000464139127871, -0.00182589550968, -0.00034334443626, -0.00332895223983, 0.0121899722144, -0.00291880872101, -0.000150534178829, 0.00155403418466, -0.0028861113824, 0.00142076704651, -0.000945241306908, 0.00148856674787], [0.000355244992534, -0.000577085127588, 0.00102541979868, -0.00222534360364, 0.00265088281594, -0.00291880872101, 0.015253605321, -0.00122559140436, -0.000773533829488, -0.000844888796564, 0.000132709101308, 0.00248172483407, -0.00367003097199], [-0.000816951622255, -0.000657709839288, -0.00120479660109, 0.0014132251963, -0.000992365181446, -0.000150534178829, -0.00122559140436, 0.0126620475203, -0.00179941183887, 0.000712394888978, 0.00110292027239, -0.000434941641288, 0.00323820416816], [-0.000114723603474, -6.8743220254e-006, 0.00016599711671, -0.00101754895877, -0.000561087799724, 0.00155403418466, -0.000773533829488, -0.00179941183887, 0.0139571577311, 0.000684953236487, 0.000380374112865, -0.00159636815079, 0.000230994104641], [-0.000713094545063, -0.00122403050773, 7.29206949472e-005, -0.00056045409292, 0.00128593086265, -0.0028861113824, -0.000844888796564, 0.000712394888978, 0.000684953236487, 0.011565967463, -0.00361402169801, 0.000244156573899, 9.17852157727e-005], [-0.00014280443429, 0.000193998086615, 0.00025671030744, 0.000425499747507, -0.0022798886057, 0.00142076704651, 0.000132709101308, 0.00110292027239, 0.000380374112865, -0.00361402169801, 0.0139302182943, -0.00170363136567, 0.00120648159645], [-0.000875291181728, -0.000541487475857, -0.000483715673909, 0.000608965463471, 1.76576832018e-005, -0.000945241306908, 0.00248172483407, -0.000434941641288, -0.00159636815079, 0.000244156573899, -0.00170363136567, 0.0128659158945, -0.00109405128751], [0.000112664798507, -0.000255456165178, 0.00126305804588, -0.00166173873004, -0.000378369382815, 0.00148856674787, -0.00367003097199, 0.00323820416816, 0.000230994104641, 9.17852157727e-005, 0.00120648159645, -0.00109405128751, 0.0176034066826]]
    },
    "spectral_contrast_coeffs": {
        "mean": [-0.613065123558, -0.627749681473, -0.719480276108, -0.760384976864, -0.799353182316, -0.741444945335],
        "var": [0.00677569257095, 0.00391578720883, 0.00412969570607, 0.00292643485591, 0.00200499990024, 0.00258370069787]
    },
    "spectral_contrast_valleys": {
        "mean": [-6.45208740234, -6.40561151505, -7.72697496414, -8.7051076889, -9.18072795868, -11.7217941284],
        "var": [0.651649534702, 0.758301973343, 0.85396027565, 0.893756210804, 0.991922736168, 1.08852386475]
    }
},
"metadata": {
    "audio_properties": {
        "analysis_sample_rate": 44100,
        "bit_rate": 128074,
        "equal_loudness": 0,
        "length": 45.0612258911,
        "lossless": 0,
        "replay_gain": -5.11734580994,
        "sample_rate": 44100,
        "codec": "mp3",
        "downmix": "mix",
        "md5_encoded": "11abff488861fdc1971bdce43ddb1488"
    },
    "tags": {
        "file_name": "1672.mp3"
    },
    "version": {
        "essentia": "2.1-beta2",
        "essentia_git_sha": "v2.1_beta2",
        "extractor": "music 1.0"
    }
},
"rhythm": {
    "beats_count": 66,
    "beats_loudness": {
        "mean": 0.0497362017632,
        "var": 0.000256134488154
    },
    "bpm": 88.3709869385,
    "bpm_histogram_first_peak_bpm": {
        "mean": 89,
        "var": 0
    },
    "bpm_histogram_first_peak_spread": {
        "mean": 0.225806489587,
        "var": 0
    },
    "bpm_histogram_first_peak_weight": {
        "mean": 0.73846155405,
        "var": 0
    },
    "bpm_histogram_second_peak_bpm": {
        "mean": 94,
        "var": 0
    },
    "bpm_histogram_second_peak_spread": {
        "mean": 0.333333343267,
        "var": 0
    },
    "bpm_histogram_second_peak_weight": {
        "mean": 0.0307692307979,
        "var": 0
    },
    "danceability": 1.15851831436,
    "onset_rate": 2.5731151104,
    "beats_loudness_band_ratio": {
        "mean": [0.400706619024, 0.503470182419, 0.13588963449, 0.0401490293443, 0.00568980397657, 0.0285262968391],
        "var": [0.0226315427572, 0.0145394932479, 0.00916257314384, 0.00149551720824, 3.41065606335e-005, 0.00148785742931]
    },
    "beats_position": [0.615328788757, 1.24226760864, 1.88081634045, 2.51936507225, 3.16952371597, 3.83129239082, 4.5046710968, 5.17804956436, 5.85142850876, 6.53641700745, 7.20979595184, 7.8831744194, 8.54494285583, 9.22993183136, 9.91492080688, 10.6115188599, 11.3081178665, 12.0047159195, 12.7013149261, 13.3746938705, 14.0480718613, 14.7214508057, 15.3948297501, 16.0682086945, 16.7415866852, 17.426574707, 18.1115646362, 18.784942627, 19.458322525, 20.1317005157, 20.8282985687, 21.5248966217, 22.221496582, 22.918094635, 23.614692688, 24.2880725861, 24.9614505768, 25.6348285675, 26.3082084656, 26.9815864563, 27.6549663544, 28.3399543762, 29.0249423981, 29.7099323273, 30.3949203491, 31.0682983398, 31.7416782379, 32.4266662598, 33.111656189, 33.7966423035, 34.4816322327, 35.1666221619, 35.8516082764, 36.5365982056, 37.2099761963, 37.8949661255, 38.57995224, 39.2765541077, 39.9615402222, 40.6349182129, 41.3083000183, 41.9700660706, 42.6550559998, 43.340045929, 44.0250320435, 44.7100219727]
},
"tonal": {
    "chords_changes_rate": 0.0308641977608,
    "chords_number_rate": 0.00720164598897,
    "chords_strength": {
        "mean": 0.474630087614,
        "var": 0.00913443323225
    },
    "hpcp_entropy": {
        "mean": 1.85883617401,
        "var": 0.341999560595
    },
    "key_strength": 0.596814870834,
    "tuning_diatonic_strength": 0.370708554983,
    "tuning_equal_tempered_deviation": 0.0196268185973,
    "tuning_frequency": 439.491973877,
    "tuning_nontempered_energy_ratio": 0.609683036804,
    "hpcp": {
        "mean": [0.0524059124291, 0.058483324945, 0.134909451008, 0.170119807124, 0.079518891871, 0.0201090816408, 0.0133798383176, 0.0134745026007, 0.160340219736, 0.321317672729, 0.181825265288, 0.0185768529773, 0.0120444400236, 0.0163078196347, 0.0854804217815, 0.193036526442, 0.151081740856, 0.0997486561537, 0.133654624224, 0.0770938917994, 0.01427043695, 0.00853954814374, 0.0424876101315, 0.366031885147, 0.603834152222, 0.293496787548, 0.028946550563, 0.0291891228408, 0.0289067346603, 0.0914136469364, 0.200982838869, 0.170396596193, 0.306799143553, 0.519973039627, 0.303504347801, 0.0670632943511],
        "var": [0.0132517553866, 0.0138346254826, 0.0705578625202, 0.0864813923836, 0.0191862937063, 0.00272667477839, 0.0015732558677, 0.00148725521285, 0.0239008758217, 0.0863950103521, 0.0300029944628, 0.00270427647047, 0.0018522113096, 0.0019298348343, 0.0136624248698, 0.0590880252421, 0.0364589951932, 0.0246137101203, 0.0414800830185, 0.0156723205, 0.00220612622797, 0.00112438760698, 0.00532458210364, 0.0704046413302, 0.135421425104, 0.0372573956847, 0.00438160123304, 0.0169538445771, 0.0120844962075, 0.0208560507745, 0.0770147368312, 0.0472329854965, 0.0723679363728, 0.161938205361, 0.0757267847657, 0.0143153434619]
    },
    "chords_histogram": [55.4526748657, 3.29218101501, 0, 0, 8.02469158173, 26.851852417, 1.74897122383, 2.98353910446, 0, 0, 0, 0.617283940315, 0, 0, 1.02880656719, 0, 0, 0, 0, 0, 0, 0, 0, 0],
    "thpcp": [1, 0.486055284739, 0.0479379147291, 0.0483396351337, 0.0478719770908, 0.151388660073, 0.332844436169, 0.282191067934, 0.508085131645, 0.861118972301, 0.502628684044, 0.111062437296, 0.0867885872722, 0.0968532934785, 0.223421365023, 0.281732678413, 0.131689950824, 0.0333023257554, 0.0221581347287, 0.0223149061203, 0.26553684473, 0.532128989697, 0.301117897034, 0.0307648275048, 0.0199466031045, 0.0270071178675, 0.141562744975, 0.319684684277, 0.250204026699, 0.165192142129, 0.221343263984, 0.127673953772, 0.0236330404878, 0.0141422078013, 0.0703630447388, 0.606179475784],
    "chords_key": "F",
    "chords_scale": "minor",
    "key_key": "F",
    "key_scale": "minor"
}
}