{
"lowlevel": {
    "average_loudness": 0.978054046631,
    "barkbands_crest": {
        "mean": 10.5224342346,
        "var": 16.4620666504
    },
    "barkbands_flatness_db": {
        "mean": 0.193029358983,
        "var": 0.00136671226937
    },
    "barkbands_kurtosis": {
        "mean": 2.54593229294,
        "var": 15.0440387726
    },
    "barkbands_skewness": {
        "mean": 1.24562454224,
        "var": 0.574523985386
    },
    "barkbands_spread": {
        "mean": 11.6656074524,
        "var": 19.6280899048
    },
    "dissonance": {
        "mean": 0.433721184731,
        "var": 0.00133022211958
    },
    "dynamic_complexity": 1.50723040104,
    "erbbands_crest": {
        "mean": 12.0473365784,
        "var": 25.0028533936
    },
    "erbbands_flatness_db": {
        "mean": 0.246647715569,
        "var": 0.00117564550601
    },
    "erbbands_kurtosis": {
        "mean": 1.11010086536,
        "var": 5.34936714172
    },
    "erbbands_skewness": {
        "mean": 0.791491985321,
        "var": 0.39920181036
    },
    "erbbands_spread": {
        "mean": 20.864025116,
        "var": 58.0640144348
    },
    "hfc": {
        "mean": 24.0425949097,
        "var": 151.598937988
    },
    "melbands_crest": {
        "mean": 14.5183668137,
        "var": 31.3564052582
    },
    "melbands_flatness_db": {
        "mean": 0.219147890806,
        "var": 0.00165592250414
    },
    "melbands_kurtosis": {
        "mean": 5.17295122147,
        "var": 40.5414657593
    },
    "melbands_skewness": {
        "mean": 1.54680192471,
        "var": 0.832572758198
    },
    "melbands_spread": {
        "mean": 16.9885368347,
        "var": 51.6190605164
    },
    "pitch_salience": {
        "mean": 0.543481349945,
        "var": 0.0106660574675
    },
    "silence_rate_20dB": {
        "mean": 1,
        "var": 0
    },
    "silence_rate_30dB": {
        "mean": 1,
        "var": 0
    },
    "silence_rate_60dB": {
        "mean": 0.0169927906245,
        "var": 0.0167035385966
    },
    "spectral_centroid": {
        "mean": 1195.79760742,
        "var": 117973.226563
    },
    "spectral_complexity": {
        "mean": 17.961894989,
        "var": 29.5329532623
    },
    "spectral_decrease": {
        "mean": -6.78110456676e-009,
        "var": 1.30358014895e-017
    },
    "spectral_energy": {
        "mean": 0.0277741998434,
        "var": 0.000212649756577
    },
    "spectral_energyband_high": {
        "mean": 0.000382798316423,
        "var": 1.39240498243e-007
    },
    "spectral_energyband_low": {
        "mean": 0.000186392353498,
        "var": 1.16908978498e-007
    },
    "spectral_energyband_middle_high": {
        "mean": 0.0115224421024,
        "var": 7.15200876584e-005
    },
    "spectral_energyband_middle_low": {
        "mean": 0.0163728315383,
        "var": 0.000125063364976
    },
    "spectral_entropy": {
        "mean": 6.90170764923,
        "var": 0.119462013245
    },
    "spectral_flux": {
        "mean": 0.0807987079024,
        "var": 0.000793053593952
    },
    "spectral_kurtosis": {
        "mean": 7.3720831871,
        "var": 17.508102417
    },
    "spectral_rms": {
        "mean": 0.00500170793384,
        "var": 2.07968719224e-006
    },
    "spectral_rolloff": {
        "mean": 1311.00415039,
        "var": 360232.40625
    },
    "spectral_skewness": {
        "mean": 1.75856351852,
        "var": 0.238629728556
    },
    "spectral_spread": {
        "mean": 2894845.75,
        "var": 1.70743300096e+012
    },
    "spectral_strongpeak": {
        "mean": 2.20514011383,
        "var": 2.04909586906
    },
    "zerocrossingrate": {
        "mean": 0.0501038916409,
        "var": 0.000233334314544
    },
    "barkbands": {
        "mean": [7.88833858678e-006, 4.29570536653e-005, 7.08468069206e-005, 0.00018931851082, 0.0034323267173, 0.00270306807943, 0.003648677608, 0.00275982939638, 0.00242209620774, 0.00537284975871, 0.00172666145954, 0.000520712579601, 0.001503985608, 0.000889040878974, 0.000546217081137, 0.000642540748231, 0.000341316626873, 0.000234552077018, 0.000218436995056, 0.000271167693427, 0.000152304171934, 2.98535724141e-005, 1.60224881256e-005, 1.47318241943e-005, 1.00969373307e-005, 6.70171039019e-006, 2.05983692325e-008],
        "var": [1.78131887019e-009, 7.56241469446e-009, 2.0285343183e-008, 1.59704526936e-007, 2.08684105019e-005, 2.17408978642e-005, 3.54750955012e-005, 1.79800063052e-005, 1.71592710103e-005, 5.35641847819e-005, 7.57332190915e-006, 3.32636091116e-007, 4.8594765758e-006, 1.80189147159e-006, 7.58343048801e-007, 6.19858781192e-007, 1.59922180387e-007, 9.01790997432e-008, 7.62276783917e-008, 6.04200991461e-008, 2.39561224191e-008, 2.12494244423e-009, 6.9022974003e-009, 5.26003995915e-009, 3.88851661981e-009, 1.06588515791e-009, 1.31933824759e-013]
    },
    "erbbands": {
        "mean": [0.00117858755402, 0.0105776535347, 0.0660669282079, 0.412167429924, 3.34448051453, 10.8181419373, 32.1575012207, 16.521987915, 40.2853927612, 66.9735717773, 54.560092926, 65.770690918, 98.3862380981, 157.169540405, 72.2912826538, 29.2559375763, 72.6931686401, 57.8817939758, 33.7055130005, 24.1960906982, 33.6246795654, 16.7881278992, 12.4226331711, 14.394238472, 9.06095600128, 14.1555891037, 7.31116056442, 5.20850419998, 1.16662573814, 0.520175695419, 0.481391012669, 0.375536561012, 0.199831008911, 0.111208826303, 0.0721584260464, 0.0331748127937, 0.0117568410933, 0.00148045434617, 4.29710817116e-005, 3.4199005313e-005],
        "var": [2.12873364944e-005, 0.000280372041743, 0.012420559302, 0.563894689083, 27.3565597534, 229.879760742, 4476.47216797, 722.323608398, 5128.61767578, 11864.7939453, 5207.20361328, 13284.359375, 14536.7958984, 72075.3828125, 10378.7539063, 856.507263184, 12383.3935547, 5873.92675781, 2521.37109375, 547.129882813, 2013.48413086, 290.116333008, 174.938095093, 324.599212646, 77.4534301758, 173.562957764, 36.3347854614, 37.0207862854, 2.04535865784, 3.70582985878, 6.31324529648, 3.47211170197, 1.13430726528, 0.56770914793, 0.173708558083, 0.029296906665, 0.00346673978493, 4.52920648968e-005, 1.68574239012e-008, 3.37034927744e-010]
    },
    "gfcc": {
        "mean": [-24.8956890106, 102.055778503, -179.539627075, -10.0606966019, -75.2127151489, -17.900094986, -31.7605609894, -5.15915775299, -31.3042049408, 0.804032206535, -20.8650016785, -4.10465288162, -5.01900577545],
        "cov": [[2868.06323242, -205.879348755, -241.593338013, 82.2206802368, -49.1173629761, -79.5302047729, -158.451278687, -153.804992676, -254.744125366, -92.7112197876, -146.953643799, -10.2744436264, -22.8388462067], [-205.879348755, 679.107543945, 60.0118560791, 113.211868286, 107.095733643, -153.581787109, 45.0916519165, -187.155960083, 14.6595945358, -30.0530700684, 23.7345867157, -61.3243370056, 37.9604454041], [-241.593338013, 60.0118560791, 445.916259766, 62.2013702393, 40.3503112793, 127.032226563, -79.3385009766, 81.7937088013, -24.1245994568, 23.0763244629, -10.3180093765, 1.48785555363, -15.9585781097], [82.2206802368, 113.211868286, 62.2013702393, 175.548278809, 64.8090438843, 5.37977027893, 8.48512077332, -37.9137763977, -13.0950832367, -29.8490562439, -6.95355415344, -32.8537826538, 4.49092102051], [-49.1173629761, 107.095733643, 40.3503112793, 64.8090438843, 153.608779907, 37.9834785461, 37.94115448, -7.44232273102, -10.0611133575, 7.29763793945, -24.5410366058, -9.34937763214, -29.9307479858], [-79.5302047729, -153.581787109, 127.032226563, 5.37977027893, 37.9834785461, 228.895095825, 27.5562572479, 129.440628052, 4.41021299362, 7.02503442764, -5.81886339188, -6.99015045166, -22.2482376099], [-158.451278687, 45.0916519165, -79.3385009766, 8.48512077332, 37.94115448, 27.5562572479, 180.529830933, 37.679309845, 34.9505805969, -13.3900184631, -10.7397041321, -3.96756601334, -7.91266584396], [-153.804992676, -187.155960083, 81.7937088013, -37.9137763977, -7.44232273102, 129.440628052, 37.679309845, 219.265457153, 49.3632049561, 11.1290502548, -1.37675762177, 4.08797645569, -17.7129325867], [-254.744125366, 14.6595945358, -24.1245994568, -13.0950832367, -10.0611133575, 4.41021299362, 34.9505805969, 49.3632049561, 133.344818115, 39.369178772, 42.3034210205, 5.24886512756, -15.1253442764], [-92.7112197876, -30.0530700684, 23.0763244629, -29.8490562439, 7.29763793945, 7.02503442764, -13.3900184631, 11.1290502548, 39.369178772, 124.86227417, 34.3670349121, 22.6093254089, -30.4755344391], [-146.953643799, 23.7345867157, -10.3180093765, -6.95355415344, -24.5410366058, -5.81886339188, -10.7397041321, -1.37675762177, 42.3034210205, 34.3670349121, 108.860588074, 20.4927558899, 3.7706413269], [-10.2744436264, -61.3243370056, 1.48785555363, -32.8537826538, -9.34937763214, -6.99015045166, -3.96756601334, 4.08797645569, 5.24886512756, 22.6093254089, 20.4927558899, 94.9180908203, 18.4622383118], [-22.8388462067, 37.9604454041, -15.9585781097, 4.49092102051, -29.9307479858, -22.2482376099, -7.91266584396, -17.7129325867, -15.1253442764, -30.4755344391, 3.7706413269, 18.4622383118, 114.870643616]],
        "icov": [[0.000581001339015, -0.000205871590879, 0.00078467419371, -0.000764062860981, 0.000611280614976, -0.000359596451744, 0.000769394857343, -0.000254851009231, 0.00103697343729, -0.000149275190779, 0.000777895736974, -0.000574408622924, 0.000589485280216], [-0.000205871590879, 0.00504886824638, -0.00332252332009, 0.00125932286028, -0.00416788365692, 0.00373261002824, -0.00307381921448, 0.00399326393381, -0.00256494898349, 0.00147358060349, -0.00277275964618, 0.00420837569982, -0.00271139363758], [0.00078467419371, -0.00332252332009, 0.0065048718825, -0.00328400009312, 0.00291754747741, -0.00414530886337, 0.00479368632659, -0.00391975557432, 0.00329610635526, -0.00185955257621, 0.00298843136989, -0.00380489625968, 0.00242327991873], [-0.000764062860981, 0.00125932286028, -0.00328400009312, 0.0100018046796, -0.00507386075333, 0.00133641331922, -0.00215953355655, 0.00305301672779, -0.00254129734822, 0.00268797320314, -0.00279199541546, 0.00418300973251, -0.00235867174342], [0.000611280614976, -0.00416788365692, 0.00291754747741, -0.00507386075333, 0.0136354323477, -0.00483445962891, 0.000915931595955, -0.00204802607186, 0.00340006570332, -0.00294640427455, 0.00491149676964, -0.0047835316509, 0.00473996158689], [-0.000359596451744, 0.00373261002824, -0.00414530886337, 0.00133641331922, -0.00483445962891, 0.0108854258433, -0.003459563246, -0.0014371444704, -0.000658382661641, 0.0010602917755, -0.00323949195445, 0.00399285368621, -0.00188520317897], [0.000769394857343, -0.00307381921448, 0.00479368632659, -0.00215953355655, 0.000915931595955, -0.003459563246, 0.0104274805635, -0.00385167938657, 0.000643184350338, 7.01036769897e-005, 0.00333511084318, -0.0034815762192, 0.0021654907614], [-0.000254851009231, 0.00399326393381, -0.00391975557432, 0.00305301672779, -0.00204802607186, -0.0014371444704, -0.00385167938657, 0.0121330572292, -0.00546694546938, 0.00194224319421, -0.00117050483823, 0.00314371334389, -0.00191201188136], [0.00103697343729, -0.00256494898349, 0.00329610635526, -0.00254129734822, 0.00340006570332, -0.000658382661641, 0.000643184350338, -0.00546694546938, 0.0141187570989, -0.00372656178661, -0.001174802077, -0.00211533461697, 0.00281970924698], [-0.000149275190779, 0.00147358060349, -0.00185955257621, 0.00268797320314, -0.00294640427455, 0.0010602917755, 7.01036769897e-005, 0.00194224319421, -0.00372656178661, 0.0118059273809, -0.00332522136159, -0.000618580786977, 0.00171192351263], [0.000777895736974, -0.00277275964618, 0.00298843136989, -0.00279199541546, 0.00491149676964, -0.00323949195445, 0.00333511084318, -0.00117050483823, -0.001174802077, -0.00332522136159, 0.0145641034469, -0.00487732188776, 0.00156578386668], [-0.000574408622924, 0.00420837569982, -0.00380489625968, 0.00418300973251, -0.0047835316509, 0.00399285368621, -0.0034815762192, 0.00314371334389, -0.00211533461697, -0.000618580786977, -0.00487732188776, 0.0166046936065, -0.00537646282464], [0.000589485280216, -0.00271139363758, 0.00242327991873, -0.00235867174342, 0.00473996158689, -0.00188520317897, 0.0021654907614, -0.00191201188136, 0.00281970924698, 0.00171192351263, 0.00156578386668, -0.00537646282464, 0.0125099634752]]
    },
    "melbands": {
        "mean": [1.14621916509e-005, 2.69534702966e-005, 0.000125742168166, 0.000461479881778, 0.00100275455043, 0.000396262388676, 0.000647508946713, 0.000699684664141, 0.000411941990023, 0.000413353467593, 0.000500134716276, 0.000677725765854, 0.00024609384127, 8.23350346764e-005, 0.000121861747175, 0.00014759862097, 0.000101431811345, 5.04775707668e-005, 2.7898908229e-005, 4.85291639052e-005, 3.47727691405e-005, 1.96367036551e-005, 7.50146955397e-006, 1.65089786606e-005, 1.09776956378e-005, 6.75796127325e-006, 6.19710681349e-006, 1.04136697701e-005, 5.16245609106e-006, 3.84148233934e-006, 2.53384678217e-006, 6.84077576807e-007, 3.57538993967e-007, 2.53573574582e-007, 2.73991332733e-007, 2.77799529158e-007, 2.05767946682e-007, 1.45829986309e-007, 1.09840179618e-007, 8.72496670468e-008],
        "var": [1.02872887986e-009, 1.94549176769e-009, 4.45247998471e-008, 4.01587271881e-007, 3.71996634385e-006, 3.78924852384e-007, 1.25533051687e-006, 1.25515225591e-006, 3.06655522309e-007, 6.19798413481e-007, 3.709384373e-007, 1.39535018207e-006, 1.41429637779e-007, 1.42649554391e-008, 3.37519807658e-008, 3.74897837219e-008, 2.08868158325e-008, 5.34751931625e-009, 1.71814928951e-009, 2.6272881648e-009, 2.74320766103e-009, 5.81827641621e-010, 9.78557165854e-011, 5.34461253032e-010, 2.6815397125e-010, 6.08255459889e-011, 3.58503747522e-011, 1.05198828815e-010, 2.49690754184e-011, 1.95957486349e-011, 1.05098004952e-011, 8.09435960099e-013, 8.02147790465e-013, 1.42488581698e-012, 2.18106695898e-012, 1.96429808183e-012, 1.14210333899e-012, 6.45253544606e-013, 3.65602594856e-013, 4.70912046337e-013]
    },
    "mfcc": {
        "mean": [-657.659973145, 143.760452271, -58.9142684937, 4.65729045868, -38.1261711121, -11.4916944504, -9.80977916718, -13.6189632416, -5.58498048782, -2.51618218422, -14.4394836426, -2.57014775276, -10.1995000839],
        "cov": [[2443.87353516, -198.632492065, -274.853881836, 105.439842224, -41.4788742065, 33.2893371582, -26.2967910767, -91.4176940918, -125.031967163, -77.1679382324, -174.368881226, -140.111923218, -211.498321533], [-198.632492065, 593.084106445, -24.3206729889, 198.407806396, -4.21161794662, 75.0408401489, -22.1283893585, -89.0382385254, -32.4761314392, -43.3015403748, -33.1482086182, 5.26732873917, 17.6238193512], [-274.853881836, -24.3206729889, 428.872924805, -50.8463134766, 163.947387695, -22.493724823, 42.2703590393, 23.0468521118, 25.5656490326, 11.3223724365, 19.1380023956, -3.71413612366, 39.6491661072], [105.439842224, 198.407806396, -50.8463134766, 241.341384888, -6.97713422775, 58.4252471924, -10.0082292557, -41.4747467041, -34.6166801453, -12.4629659653, -41.7124938965, -31.2816238403, -14.3852920532], [-41.4788742065, -4.21161794662, 163.947387695, -6.97713422775, 204.474578857, 21.1872673035, 32.6714363098, 10.4726552963, 14.5564222336, 21.7776012421, 24.1054553986, -10.4032802582, 4.78498077393], [33.2893371582, 75.0408401489, -22.493724823, 58.4252471924, 21.1872673035, 142.014587402, 25.0601119995, 3.92398667336, -7.08187246323, 8.07957935333, 4.4620885849, -1.13797831535, -26.1939525604], [-26.2967910767, -22.1283893585, 42.2703590393, -10.0082292557, 32.6714363098, 25.0601119995, 147.62789917, 53.6970748901, 45.8665390015, 15.9207715988, 24.9479637146, -19.2390460968, -19.0419425964], [-91.4176940918, -89.0382385254, 23.0468521118, -41.4747467041, 10.4726552963, 3.92398667336, 53.6970748901, 173.187362671, 60.0921363831, 46.6536140442, 32.4430351257, -8.72486972809, 0.605889856815], [-125.031967163, -32.4761314392, 25.5656490326, -34.6166801453, 14.5564222336, -7.08187246323, 45.8665390015, 60.0921363831, 136.180328369, 29.7575244904, 32.2142219543, -20.9862136841, 7.42500591278], [-77.1679382324, -43.3015403748, 11.3223724365, -12.4629659653, 21.7776012421, 8.07957935333, 15.9207715988, 46.6536140442, 29.7575244904, 125.047683716, 23.4868202209, 12.1548757553, 7.96467638016], [-174.368881226, -33.1482086182, 19.1380023956, -41.7124938965, 24.1054553986, 4.4620885849, 24.9479637146, 32.4430351257, 32.2142219543, 23.4868202209, 152.33026123, 38.198551178, 32.5438499451], [-140.111923218, 5.26732873917, -3.71413612366, -31.2816238403, -10.4032802582, -1.13797831535, -19.2390460968, -8.72486972809, -20.9862136841, 12.1548757553, 38.198551178, 189.437866211, 57.4886398315], [-211.498321533, 17.6238193512, 39.6491661072, -14.3852920532, 4.78498077393, -26.1939525604, -19.0419425964, 0.605889856815, 7.42500591278, 7.96467638016, 32.5438499451, 57.4886398315, 141.617507935]],
        "icov": [[0.000606139888987, 0.000383302511182, 0.000391034351196, -0.000288604409434, -0.000287648726953, -2.57435076492e-005, -7.30822357582e-005, 0.000193406376638, 0.000318997015711, 0.00022934837034, 0.000410873268265, 0.00016221194528, 0.000523153925315], [0.000383302511182, 0.00283568981104, 8.62163069542e-005, -0.0020862352103, -7.36087167752e-005, -0.000838834326714, 2.19079447561e-005, 0.000987390172668, -0.000249310658546, 0.000727131962776, 0.000324207328958, -0.000178379152203, -0.000200363778276], [0.000391034351196, 8.62163069542e-005, 0.00396513054147, 0.000437270733528, -0.00315652438439, 0.000760411145166, -0.000697165727615, -7.84637377365e-005, 0.000219108274905, 0.000414463400375, 0.000657088879962, 0.00024849359761, -0.000625231128652], [-0.000288604409434, -0.0020862352103, 0.000437270733528, 0.00683730561286, -7.23268822185e-005, -0.00158910721075, -8.50149299367e-005, 0.000182575211511, 0.000918148318306, -0.000644473300781, 0.000809650286101, 0.00111638160888, -0.000554124359041], [-0.000287648726953, -7.36087167752e-005, -0.00315652438439, -7.23268822185e-005, 0.00782233569771, -0.00136212049983, -0.000436957518104, 0.000474968983326, -0.000113100759336, -0.00112607062329, -0.00110443506856, 0.000382613827242, 4.66820893052e-005], [-2.57435076492e-005, -0.000838834326714, 0.000760411145166, -0.00158910721075, -0.00136212049983, 0.00911916419864, -0.00138665293343, -0.000620210019406, 0.000671854068059, -0.000549677817617, -0.000675756542478, -0.000694519723766, 0.00167347525712], [-7.30822357582e-005, 2.19079447561e-005, -0.000697165727615, -8.50149299367e-005, -0.000436957518104, -0.00138665293343, 0.00891331955791, -0.00185186462477, -0.00203472818248, 0.000290288764518, -0.000915705575608, 0.000272748351563, 0.00122944219038], [0.000193406376638, 0.000987390172668, -7.84637377365e-005, 0.000182575211511, 0.000474968983326, -0.000620210019406, -0.00185186462477, 0.00832147244364, -0.00210329354741, -0.00188497535419, -0.00036960336729, 0.00033780845115, -4.47977981821e-005], [0.000318997015711, -0.000249310658546, 0.000219108274905, 0.000918148318306, -0.000113100759336, 0.000671854068059, -0.00203472818248, -0.00210329354741, 0.0101952599362, -0.00117015326396, -0.000965060549788, 0.00164790940471, -0.000513064151164], [0.00022934837034, 0.000727131962776, 0.000414463400375, -0.000644473300781, -0.00112607062329, -0.000549677817617, 0.000290288764518, -0.00188497535419, -0.00117015326396, 0.00959565490484, -0.00029394638841, -0.000740339048207, -5.62291097594e-005], [0.000410873268265, 0.000324207328958, 0.000657088879962, 0.000809650286101, -0.00110443506856, -0.000675756542478, -0.000915705575608, -0.00036960336729, -0.000965060549788, -0.00029394638841, 0.00845607649535, -0.00118235382251, -0.00113378814422], [0.00016221194528, -0.000178379152203, 0.00024849359761, 0.00111638160888, 0.000382613827242, -0.000694519723766, 0.000272748351563, 0.00033780845115, 0.00164790940471, -0.000740339048207, -0.00118235382251, 0.00683306530118, -0.0023447687272], [0.000523153925315, -0.000200363778276, -0.000625231128652, -0.000554124359041, 4.66820893052e-005, 0.00167347525712, 0.00122944219038, -4.47977981821e-005, -0.000513064151164, -5.62291097594e-005, -0.00113378814422, -0.0023447687272, 0.0097021786496]]
    },
    "spectral_contrast_coeffs": {
        "mean": [-0.527170538902, -0.627739548683, -0.646373867989, -0.68561989069, -0.700075268745, -0.63956451416],
        "var": [0.0104785282165, 0.00707377074286, 0.00562761258334, 0.00349465711042, 0.00281554623507, 0.00582053419203]
    },
    "spectral_contrast_valleys": {
        "mean": [-9.08225536346, -6.90764808655, -7.27909135818, -7.92467164993, -8.28587341309, -12.4664268494],
        "var": [0.56067097187, 0.635496854782, 0.540800452232, 0.57116663456, 0.523540437222, 1.27114653587]
    }
},
"metadata": {
    "audio_properties": {
        "analysis_sample_rate": 44100,
        "bit_rate": 128074,
        "equal_loudness": 0,
        "length": 45.0612258911,
        "lossless": 0,
        "replay_gain": -5.31638717651,
        "sample_rate": 44100,
        "codec": "mp3",
        "downmix": "mix",
        "md5_encoded": "3e3353d09dcde63f70df34d24863c6b3"
    },
    "tags": {
        "file_name": "1673.mp3"
    },
    "version": {
        "essentia": "2.1-beta2",
        "essentia_git_sha": "v2.1_beta2",
        "extractor": "music 1.0"
    }
},
"rhythm": {
    "beats_count": 54,
    "beats_loudness": {
        "mean": 0.0393775478005,
        "var": 0.000222327493248
    },
    "bpm": 72.9328918457,
    "bpm_histogram_first_peak_bpm": {
        "mean": 72,
        "var": 0
    },
    "bpm_histogram_first_peak_spread": {
        "mean": 0.433962285519,
        "var": 0
    },
    "bpm_histogram_first_peak_weight": {
        "mean": 0.566037714481,
        "var": 0
    },
    "bpm_histogram_second_peak_bpm": {
        "mean": 0,
        "var": 0
    },
    "bpm_histogram_second_peak_spread": {
        "mean": 0,
        "var": 0
    },
    "bpm_histogram_second_peak_weight": {
        "mean": 0,
        "var": 0
    },
    "danceability": 1.67755973339,
    "onset_rate": 4.63604354858,
    "beats_loudness_band_ratio": {
        "mean": [0.0391261912882, 0.276020258665, 0.37148296833, 0.290891110897, 0.067067399621, 0.0209201481193],
        "var": [0.00323165999725, 0.0440813787282, 0.0247075222433, 0.0194670911878, 0.00227653281763, 0.000296513957437]
    },
    "beats_position": [0.835918366909, 1.69505667686, 2.54258489609, 3.3785033226, 4.20281171799, 5.01551008224, 5.8282084465, 6.65251684189, 7.50004529953, 8.33596324921, 9.19510173798, 10.0310201645, 10.866938591, 11.7028570175, 12.5503854752, 13.3863039017, 14.2106122971, 15.0349206924, 15.8592290878, 16.6719264984, 17.4962348938, 18.3205432892, 19.1564617157, 19.96916008, 20.7818584442, 21.5945568085, 22.3840351105, 23.1735134125, 23.974603653, 24.7756919861, 25.6116104126, 26.4475269318, 27.2834453583, 28.1077537537, 28.9204521179, 29.7447605133, 30.5458488464, 31.3469390869, 32.171245575, 32.9955558777, 33.8198623657, 34.6209526062, 35.4336509705, 36.2231292725, 37.0358276367, 37.848526001, 38.6612243652, 39.4739227295, 40.2866210938, 41.1225395203, 41.9584579468, 42.7943763733, 43.6186828613, 44.4546012878]
},
"tonal": {
    "chords_changes_rate": 0.0997942388058,
    "chords_number_rate": 0.0113168722019,
    "chords_strength": {
        "mean": 0.474331468344,
        "var": 0.00964096095413
    },
    "hpcp_entropy": {
        "mean": 1.51785218716,
        "var": 0.440650314093
    },
    "key_strength": 0.499112576246,
    "tuning_diatonic_strength": 0.373546779156,
    "tuning_equal_tempered_deviation": 0.0963656008244,
    "tuning_frequency": 442.804626465,
    "tuning_nontempered_energy_ratio": 0.755408585072,
    "hpcp": {
        "mean": [0.34389808774, 0.15435436368, 0.0334256850183, 0.0294169187546, 0.0627391785383, 0.179653063416, 0.188642889261, 0.0991397202015, 0.188804447651, 0.235527634621, 0.110254466534, 0.0452698431909, 0.0392693728209, 0.0781830027699, 0.240065097809, 0.259854823351, 0.0993807837367, 0.0688498392701, 0.0873128697276, 0.0451443195343, 0.0812067836523, 0.116945542395, 0.0761881619692, 0.142401531339, 0.177033826709, 0.0861120000482, 0.0730793476105, 0.0787981972098, 0.055606611073, 0.153298839927, 0.202046871185, 0.106883943081, 0.125522777438, 0.158237755299, 0.114111885428, 0.260517477989],
        "var": [0.150014564395, 0.0446255579591, 0.00880413129926, 0.00931897480041, 0.016937142238, 0.0873261392117, 0.0945973023772, 0.0184796769172, 0.0660667642951, 0.102428592741, 0.0332921743393, 0.00909058563411, 0.00713360588998, 0.0196845736355, 0.110517047346, 0.110248871148, 0.0187409427017, 0.0125195784494, 0.0321006812155, 0.00773281091824, 0.0197692979127, 0.0492385216057, 0.0132405636832, 0.0586817264557, 0.0998045802116, 0.0215517673641, 0.015633283183, 0.0244122967124, 0.00949162244797, 0.0611713342369, 0.0994371697307, 0.0247925650328, 0.0625454112887, 0.0976843386889, 0.0281509421766, 0.0846884250641]
    },
    "chords_histogram": [0, 3.60082316399, 14.5061731339, 2.98353910446, 7.09876537323, 0, 0, 8.74485588074, 2.98353910446, 0.925925910473, 0, 0, 0, 0, 1.33744859695, 0.308641970158, 0, 1.13168728352, 0, 0, 0, 38.6831283569, 9.15637874603, 8.53909492493],
    "thpcp": [1, 0.448837518692, 0.0971964821219, 0.0855396389961, 0.182435378432, 0.522402048111, 0.548542976379, 0.2882822752, 0.54901278019, 0.684876263142, 0.320602148771, 0.131637379527, 0.114188984036, 0.227343529463, 0.698070466518, 0.755615770817, 0.288983225822, 0.200204193592, 0.253891706467, 0.131272375584, 0.236136183143, 0.340058714151, 0.221542850137, 0.414080619812, 0.514785706997, 0.250399768353, 0.212502926588, 0.229132413864, 0.161695033312, 0.445768237114, 0.587519586086, 0.310801208019, 0.36499992013, 0.460129797459, 0.331818908453, 0.757542669773],
    "chords_key": "D",
    "chords_scale": "minor",
    "key_key": "C",
    "key_scale": "major"
}
}