{
"lowlevel": {
    "average_loudness": 0.980882406235,
    "barkbands_crest": {
        "mean": 10.6324424744,
        "var": 12.1019706726
    },
    "barkbands_flatness_db": {
        "mean": 0.18139821291,
        "var": 0.00282224966213
    },
    "barkbands_kurtosis": {
        "mean": 4.34507131577,
        "var": 66.2579650879
    },
    "barkbands_skewness": {
        "mean": 1.75868487358,
        "var": 2.17896008492
    },
    "barkbands_spread": {
        "mean": 31.1295204163,
        "var": 247.181625366
    },
    "dissonance": {
        "mean": 0.480013996363,
        "var": 0.000251312972978
    },
    "dynamic_complexity": 1.11079025269,
    "erbbands_crest": {
        "mean": 9.63362121582,
        "var": 19.9371929169
    },
    "erbbands_flatness_db": {
        "mean": 0.184157207608,
        "var": 0.00434617418796
    },
    "erbbands_kurtosis": {
        "mean": 1.30687892437,
        "var": 17.0161094666
    },
    "erbbands_skewness": {
        "mean": -0.956770598888,
        "var": 0.987143754959
    },
    "erbbands_spread": {
        "mean": 55.4608306885,
        "var": 941.34362793
    },
    "hfc": {
        "mean": 23.5925235748,
        "var": 229.853820801
    },
    "melbands_crest": {
        "mean": 17.2527332306,
        "var": 31.2853126526
    },
    "melbands_flatness_db": {
        "mean": 0.25318595767,
        "var": 0.00421608332545
    },
    "melbands_kurtosis": {
        "mean": 27.6494159698,
        "var": 958.764648438
    },
    "melbands_skewness": {
        "mean": 4.24315071106,
        "var": 6.24042129517
    },
    "melbands_spread": {
        "mean": 26.7593002319,
        "var": 435.988433838
    },
    "pitch_salience": {
        "mean": 0.510508239269,
        "var": 0.0138998907059
    },
    "silence_rate_20dB": {
        "mean": 1,
        "var": 0
    },
    "silence_rate_30dB": {
        "mean": 1,
        "var": 0
    },
    "silence_rate_60dB": {
        "mean": 0.00154479919001,
        "var": 0.00154241069686
    },
    "spectral_centroid": {
        "mean": 1824.83410645,
        "var": 482024.875
    },
    "spectral_complexity": {
        "mean": 16.4474773407,
        "var": 67.7818832397
    },
    "spectral_decrease": {
        "mean": -7.1149881542e-009,
        "var": 7.253933912e-018
    },
    "spectral_energy": {
        "mean": 0.0289935078472,
        "var": 0.000111672146886
    },
    "spectral_energyband_high": {
        "mean": 0.00125191197731,
        "var": 2.79184973806e-006
    },
    "spectral_energyband_low": {
        "mean": 0.0165490359068,
        "var": 9.28842928261e-005
    },
    "spectral_energyband_middle_high": {
        "mean": 0.00527523690835,
        "var": 2.41366105911e-005
    },
    "spectral_energyband_middle_low": {
        "mean": 0.00751773174852,
        "var": 2.865780516e-005
    },
    "spectral_entropy": {
        "mean": 7.30262517929,
        "var": 0.191085547209
    },
    "spectral_flux": {
        "mean": 0.0704795792699,
        "var": 0.00132599426433
    },
    "spectral_kurtosis": {
        "mean": 4.12064170837,
        "var": 14.7012577057
    },
    "spectral_rms": {
        "mean": 0.00522015616298,
        "var": 1.03639592908e-006
    },
    "spectral_rolloff": {
        "mean": 1679.73400879,
        "var": 2259866
    },
    "spectral_skewness": {
        "mean": 0.957465529442,
        "var": 0.196320727468
    },
    "spectral_spread": {
        "mean": 4236871,
        "var": 5.38059472896e+012
    },
    "spectral_strongpeak": {
        "mean": 0.907744765282,
        "var": 2.33852887154
    },
    "zerocrossingrate": {
        "mean": 0.0617343895137,
        "var": 0.00100468529854
    },
    "barkbands": {
        "mean": [0.000147417522385, 0.00509550282732, 0.00974818505347, 0.0027981440071, 0.00350478896871, 0.000633341842331, 0.000173152468051, 0.000144765537698, 0.000192727457033, 0.000208156649023, 0.000202402399736, 0.000343494291883, 0.000230078148888, 0.000294134049909, 0.000739160517696, 0.00063849973958, 0.000752580992412, 0.000770695798565, 0.000840136839543, 0.00059009710094, 0.000295478646876, 0.00017779871996, 0.000115893642942, 0.000163108692504, 0.000171916442923, 1.99609130505e-005, 1.94244103113e-006],
        "var": [4.61925218076e-008, 1.69120685314e-005, 4.70693630632e-005, 9.47431544773e-006, 1.22995088532e-005, 1.16894693747e-006, 1.01583410128e-007, 7.92804755179e-008, 1.02947367964e-007, 1.55825389925e-007, 2.42841025511e-007, 1.21489154026e-006, 4.06923192031e-007, 7.01637020484e-007, 2.30829118664e-006, 2.33793184634e-006, 2.26745396503e-006, 2.06169170269e-006, 1.60779507041e-006, 1.00347392618e-006, 3.44779238048e-007, 1.23289765952e-007, 1.03840214649e-007, 1.5197944947e-007, 1.69824872387e-007, 2.12248307818e-009, 3.66622669723e-011]
    },
    "erbbands": {
        "mean": [0.115791268647, 1.40712797642, 10.0551185608, 10.350189209, 12.8338499069, 10.0496892929, 5.29737949371, 4.90389871597, 3.0429289341, 3.1650094986, 2.43349385262, 3.62517523766, 6.30089712143, 6.96984958649, 10.7975997925, 15.3607397079, 10.5030794144, 13.815533638, 30.5265235901, 32.6076850891, 40.2097702026, 41.1545410156, 40.3193511963, 53.6318244934, 31.8376255035, 27.4621524811, 18.7002754211, 7.3030834198, 6.931681633, 4.66537952423, 3.53057765961, 2.80252552032, 3.02512860298, 2.49654054642, 0.843377947807, 0.162219807506, 0.0265716295689, 0.0067722662352, 0.000215069012484, 4.25257967436e-005],
        "var": [0.013178746216, 0.993635952473, 47.4115257263, 80.5350646973, 117.482261658, 147.173812866, 39.5105628967, 144.514907837, 26.6770706177, 35.841632843, 18.3378753662, 32.2921066284, 112.071769714, 190.82472229, 573.609680176, 2223.12280273, 666.30657959, 1320.5402832, 4778.24853516, 4139.234375, 9227.02441406, 5533.78955078, 3463.85400391, 7714.19042969, 2142.04223633, 2050.17553711, 1374.05151367, 195.442276001, 191.888946533, 106.94683075, 96.2855224609, 38.9269332886, 72.2097625732, 42.3433761597, 4.33137512207, 0.181177139282, 0.00289105111733, 0.000289035699097, 3.09875929361e-007, 4.10179140653e-010]
    },
    "gfcc": {
        "mean": [-17.3064689636, 94.5107345581, -116.71043396, 75.3696289063, -24.3892230988, 4.73741483688, -28.8404331207, 8.17613983154, -35.2694358826, -8.77701282501, -16.4805850983, -9.58478355408, -5.45620822906],
        "cov": [[2830.44311523, -1412.47265625, 867.431213379, 22.8072528839, -562.422729492, 595.696166992, -378.334197998, 145.328887939, -150.947799683, 327.251373291, -323.631408691, 262.165374756, -153.97718811], [-1412.47265625, 2161.23486328, -1439.7689209, -279.704803467, 747.992004395, -899.40625, 435.091949463, -220.829086304, 73.9833297729, -244.82989502, 414.869567871, -293.693084717, 178.476379395], [867.431213379, -1439.7689209, 1777.72399902, 411.097991943, -478.314331055, 777.563903809, -252.50062561, 177.343261719, -155.712493896, 109.97403717, -322.331451416, 319.362854004, -157.949172974], [22.8072528839, -279.704803467, 411.097991943, 601.878112793, 45.2814064026, 96.3019180298, -13.9606590271, -7.96913146973, 57.8604011536, -86.346244812, -54.6895866394, 25.3010234833, 20.5386219025], [-562.422729492, 747.992004395, -478.314331055, 45.2814064026, 755.963867188, -325.196899414, 173.699493408, -55.3159980774, -6.55322885513, -87.6793136597, 45.457408905, -104.964622498, 32.0903396606], [595.696166992, -899.40625, 777.563903809, 96.3019180298, -325.196899414, 783.563842773, -111.271865845, 19.3036308289, -69.7658843994, 87.5214920044, -171.792373657, 66.6980209351, -87.5489273071], [-378.334197998, 435.091949463, -252.50062561, -13.9606590271, 173.699493408, -111.271865845, 300.952087402, -48.5996017456, -38.9366722107, -73.701210022, 87.6476364136, -62.9550018311, -11.2679672241], [145.328887939, -220.829086304, 177.343261719, -7.96913146973, -55.3159980774, 19.3036308289, -48.5996017456, 190.293930054, 16.4128990173, -14.2406234741, -82.2648086548, 42.3722496033, -11.7627325058], [-150.947799683, 73.9833297729, -155.712493896, 57.8604011536, -6.55322885513, -69.7658843994, -38.9366722107, 16.4128990173, 166.545654297, -30.0177154541, -4.40587902069, -47.229183197, 43.0382080078], [327.251373291, -244.82989502, 109.97403717, -86.346244812, -87.6793136597, 87.5214920044, -73.701210022, -14.2406234741, -30.0177154541, 168.73046875, -40.3264579773, 38.1578598022, -48.0421066284], [-323.631408691, 414.869567871, -322.331451416, -54.6895866394, 45.457408905, -171.792373657, 87.6476364136, -82.2648086548, -4.40587902069, -40.3264579773, 197.846725464, -51.7796630859, 34.5449104309], [262.165374756, -293.693084717, 319.362854004, 25.3010234833, -104.964622498, 66.6980209351, -62.9550018311, 42.3722496033, -47.229183197, 38.1578598022, -51.7796630859, 172.576812744, -35.7920799255], [-153.97718811, 178.476379395, -157.949172974, 20.5386219025, 32.0903396606, -87.5489273071, -11.2679672241, -11.7627325058, 43.0382080078, -48.0421066284, 34.5449104309, -35.7920799255, 122.708221436]],
        "icov": [[0.000814224651549, -0.000432190805441, 0.000779816356953, -0.000873183773365, 0.000663373619318, -0.000698912481312, 0.000805750838481, -0.000850508047733, 0.00135857530404, -0.00127098965459, 0.00122074061073, -0.000985145219602, 0.00051544001326], [-0.000432190805441, 0.00451375870034, -0.001712114783, 0.0032944958657, -0.00269812322222, 0.00308462767862, -0.00295343273319, 0.00329058989882, -0.00300844805315, 0.00323061156087, -0.00426766043529, 0.00296287564561, -0.00252643763088], [0.000779816356953, -0.001712114783, 0.00437401654199, -0.0037335336674, 0.00201201764867, -0.00318993767723, 0.00227780174464, -0.00322248321027, 0.00434300163761, -0.00210019131191, 0.00351011916064, -0.00440340302885, 0.00220394833013], [-0.000873183773365, 0.0032944958657, -0.0037335336674, 0.00624532951042, -0.00296029611491, 0.00318286940455, -0.00291115650907, 0.00447632372379, -0.00539881177247, 0.0045563057065, -0.00389244640246, 0.00351525214501, -0.00273316865787], [0.000663373619318, -0.00269812322222, 0.00201201764867, -0.00296029611491, 0.0040517761372, -0.00140916719101, 0.00148429290857, -0.00199043191969, 0.00359616661444, -0.00208787270822, 0.00444667134434, -0.0016748723574, 0.00190350145567], [-0.000698912481312, 0.00308462767862, -0.00318993767723, 0.00318286940455, -0.00140916719101, 0.00551628274843, -0.00256620137952, 0.00403674738482, -0.0026851054281, 0.00270490720868, -0.00203031115234, 0.00454754242674, -0.00164799450431], [0.000805750838481, -0.00295343273319, 0.00227780174464, -0.00291115650907, 0.00148429290857, -0.00256620137952, 0.00773975765333, -0.00246816524304, 0.00461878441274, -0.000663994578645, 0.00219272472896, -0.00182644568849, 0.00395107129589], [-0.000850508047733, 0.00329058989882, -0.00322248321027, 0.00447632372379, -0.00199043191969, 0.00403674738482, -0.00246816524304, 0.0111261382699, -0.00464856997132, 0.00544989248738, -0.000578018196393, 0.00277791917324, -0.00177284679376], [0.00135857530404, -0.00300844805315, 0.00434300163761, -0.00539881177247, 0.00359616661444, -0.0026851054281, 0.00461878441274, -0.00464856997132, 0.0137684326619, -0.00299809034914, 0.00592682277784, -0.00186120870057, 0.00148243503645], [-0.00127098965459, 0.00323061156087, -0.00210019131191, 0.0045563057065, -0.00208787270822, 0.00270490720868, -0.000663994578645, 0.00544989248738, -0.00299809034914, 0.0129781141877, -0.0025352393277, 0.0024543646723, 0.000739932875149], [0.00122074061073, -0.00426766043529, 0.00351011916064, -0.00389244640246, 0.00444667134434, -0.00203031115234, 0.00219272472896, -0.000578018196393, 0.00592682277784, -0.0025352393277, 0.0149746006355, -0.003492327407, 0.00213757832535], [-0.000985145219602, 0.00296287564561, -0.00440340302885, 0.00351525214501, -0.0016748723574, 0.00454754242674, -0.00182644568849, 0.00277791917324, -0.00186120870057, 0.0024543646723, -0.003492327407, 0.0134297730401, -0.00150676665362], [0.00051544001326, -0.00252643763088, 0.00220394833013, -0.00273316865787, 0.00190350145567, -0.00164799450431, 0.00395107129589, -0.00177284679376, 0.00148243503645, 0.000739932875149, 0.00213757832535, -0.00150676665362, 0.0130129791796]]
    },
    "melbands": {
        "mean": [0.00118056614883, 0.00406545866281, 0.00191592460033, 0.000932861643378, 0.000194640873815, 0.000108983993414, 4.37662856712e-005, 3.51697090082e-005, 1.96332002815e-005, 2.5399869628e-005, 3.15641373163e-005, 2.72977322311e-005, 2.99901894323e-005, 4.4229971536e-005, 3.62878927262e-005, 1.51749927682e-005, 2.67120249191e-005, 4.3683055992e-005, 5.24314637005e-005, 3.68845066987e-005, 5.03527044202e-005, 3.8114736526e-005, 4.41177216999e-005, 3.57948592864e-005, 4.56521411252e-005, 2.76140235655e-005, 1.89957827388e-005, 1.79220587597e-005, 1.45451667777e-005, 5.30264878762e-006, 3.84045461033e-006, 4.00845328841e-006, 3.25549467561e-006, 2.30127261602e-006, 2.1074374672e-006, 1.64122093338e-006, 1.66885047292e-006, 2.30167074733e-006, 2.08346887121e-006, 2.10209145735e-006],
        "var": [1.0499355767e-006, 6.51934806228e-006, 2.06989170692e-006, 8.18788009838e-007, 3.8965048077e-008, 5.77804364355e-008, 5.92183457826e-009, 4.61626648018e-009, 1.21330312464e-009, 1.64221702903e-009, 2.8226105897e-009, 3.50641427005e-009, 4.7901700384e-009, 2.01331218364e-008, 1.21899050853e-008, 1.09343667454e-009, 6.2247642596e-009, 1.18338432387e-008, 1.21187069269e-008, 6.51859188849e-009, 1.62839821627e-008, 5.7999836045e-009, 6.28171559214e-009, 4.54624249357e-009, 5.91831517127e-009, 2.08412331837e-009, 1.1589179616e-009, 1.0187969357e-009, 8.45819969619e-010, 1.41879188953e-010, 6.76033187763e-011, 6.03166822044e-011, 7.04055633238e-011, 3.58960187963e-011, 3.39872435751e-011, 2.45917695929e-011, 1.7682272313e-011, 6.8467100045e-011, 2.67843143498e-011, 3.72691530415e-011]
    },
    "mfcc": {
        "mean": [-660.17755127, 111.658363342, -12.8021888733, 68.9904251099, 26.0384521484, 7.39618253708, 21.1294059753, 6.10804414749, 2.55150055885, -0.717544615269, -8.85479354858, -5.13515806198, -4.68342065811],
        "cov": [[1948.96411133, -1005.89129639, 667.989196777, -407.787384033, -127.758354187, 170.700119019, -224.188247681, -109.615020752, 57.6181945801, 28.9228878021, 63.5566825867, -138.945327759, 58.9058799744], [-1005.89129639, 2193.4831543, -1824.84204102, 381.951416016, -51.1014556885, -445.466644287, 254.445465088, -152.784194946, -204.328796387, 35.4448661804, -41.7561569214, 173.285293579, -63.362827301], [667.989196777, -1824.84204102, 2294.48876953, -387.903167725, 21.5786056519, 485.48223877, -120.987419128, 231.446243286, 149.402404785, -145.856124878, 43.9009933472, -139.588821411, 58.7846603394], [-407.787384033, 381.951416016, -387.903167725, 722.02130127, 161.45552063, -103.8829422, 59.5211257935, 67.848449707, -24.4849624634, -27.4726543427, -49.6063308716, 70.1740570068, -32.2557220459], [-127.758354187, -51.1014556885, 21.5786056519, 161.45552063, 356.33102417, 67.834815979, 7.00980138779, 50.2234115601, 77.2950210571, 5.87567901611, -15.0332288742, -37.6333885193, -23.1548652649], [170.700119019, -445.466644287, 485.48223877, -103.8829422, 67.834815979, 458.090545654, 61.4801635742, 45.1347846985, 23.6302871704, 17.9043617249, 40.2376098633, -79.1040725708, 1.29254388809], [-224.188247681, 254.445465088, -120.987419128, 59.5211257935, 7.00980138779, 61.4801635742, 268.11529541, 38.6936454773, -46.475025177, -0.425639092922, 8.01791477203, 21.9281330109, -14.4437389374], [-109.615020752, -152.784194946, 231.446243286, 67.848449707, 50.2234115601, 45.1347846985, 38.6936454773, 206.188552856, 55.4930686951, -25.867975235, -8.58213329315, -7.86700201035, -13.0560569763], [57.6181945801, -204.328796387, 149.402404785, -24.4849624634, 77.2950210571, 23.6302871704, -46.475025177, 55.4930686951, 180.866851807, 21.8215923309, -6.07018709183, -51.5651512146, -5.98580026627], [28.9228878021, 35.4448661804, -145.856124878, -27.4726543427, 5.87567901611, 17.9043617249, -0.425639092922, -25.867975235, 21.8215923309, 132.11340332, -2.91261339188, -18.18542099, -22.2373180389], [63.5566825867, -41.7561569214, 43.9009933472, -49.6063308716, -15.0332288742, 40.2376098633, 8.01791477203, -8.58213329315, -6.07018709183, -2.91261339188, 103.278930664, 4.89802455902, -11.7394723892], [-138.945327759, 173.285293579, -139.588821411, 70.1740570068, -37.6333885193, -79.1040725708, 21.9281330109, -7.86700201035, -51.5651512146, -18.18542099, 4.89802455902, 125.243095398, -1.35453174153e-005], [58.9058799744, -63.362827301, 58.7846603394, -32.2557220459, -23.1548652649, 1.29254388809, -14.4437389374, -13.0560569763, -5.98580026627, -22.2373180389, -11.7394723892, -1.35453174153e-005, 88.2756347656]],
        "icov": [[0.000835363985971, 0.000425184465712, 0.000102252721263, 0.000111362045573, 0.000240947178099, 2.35821189563e-005, 0.000210787111428, 0.000469208229333, 8.50698343129e-005, -6.12985531916e-005, -0.000323308369843, 0.000508674595039, -0.000165571982507], [0.000425184465712, 0.00201879511587, 0.00131754891481, 4.3804939196e-005, 0.000145395184518, 0.00042983260937, -0.00100308167748, 0.000282422930468, 0.000507661548909, 0.000805484072771, 7.77364475653e-005, -4.60963819933e-005, 0.000461115356302], [0.000102252721263, 0.00131754891481, 0.00180535239633, 0.000383130245609, 0.000149124141899, -0.000584974943195, -0.000178842063178, -0.000784765579738, 3.4016018617e-005, 0.00163750757929, 0.000150594176375, -8.79758863448e-006, 0.000152439577505], [0.000111362045573, 4.3804939196e-005, 0.000383130245609, 0.00209888769314, -0.000942810322158, 4.99412817589e-005, 1.8151173208e-005, -0.000815364532173, 0.000373388960725, 0.000608204456512, 0.000686956278514, -0.000777031003963, 0.000373155839043], [0.000240947178099, 0.000145395184518, 0.000149124141899, -0.000942810322158, 0.00391418114305, -0.000716759008355, 8.1508376752e-005, 8.42012668727e-005, -0.00150327093434, 0.000285358051769, 0.000184752541827, 0.000890340539627, 0.000557275372557], [2.35821189563e-005, 0.00042983260937, -0.000584974943195, 4.99412817589e-005, -0.000716759008355, 0.0038687614724, -0.00151340477169, 0.000206720593269, 0.000838446430862, -0.00119927083142, -0.00111699895933, 0.00147235253826, -0.00015491580416], [0.000210787111428, -0.00100308167748, -0.000178842063178, 1.8151173208e-005, 8.1508376752e-005, -0.00151340477169, 0.00551683781669, -0.00146758265328, 0.000935340591241, -0.0002384504769, -0.000346430344507, -0.000213248553337, -4.84879819851e-005], [0.000469208229333, 0.000282422930468, -0.000784765579738, -0.000815364532173, 8.42012668727e-005, 0.000206720593269, -0.00146758265328, 0.00739996880293, -0.00209050485864, 0.000710544001777, 0.000457348243799, -0.000185799668543, 0.00108573306352], [8.50698343129e-005, 0.000507661548909, 3.4016018617e-005, 0.000373388960725, -0.00150327093434, 0.000838446430862, 0.000935340591241, -0.00209050485864, 0.00832722522318, -0.00156492297538, -0.00013221676636, 0.00220989692025, 1.15281936814e-005], [-6.12985531916e-005, 0.000805484072771, 0.00163750757929, 0.000608204456512, 0.000285358051769, -0.00119927083142, -0.0002384504769, 0.000710544001777, -0.00156492297538, 0.0103733716533, 0.00101073319092, 0.000538875116035, 0.00255076936446], [-0.000323308369843, 7.77364475653e-005, 0.000150594176375, 0.000686956278514, 0.000184752541827, -0.00111699895933, -0.000346430344507, 0.000457348243799, -0.00013221676636, 0.00101073319092, 0.0110532892868, -0.00158384942915, 0.00221362826414], [0.000508674595039, -4.60963819933e-005, -8.79758863448e-006, -0.000777031003963, 0.000890340539627, 0.00147235253826, -0.000213248553337, -0.000185799668543, 0.00220989692025, 0.000538875116035, -0.00158384942915, 0.0113113326952, -0.000426015642006], [-0.000165571982507, 0.000461115356302, 0.000152439577505, 0.000373155839043, 0.000557275372557, -0.00015491580416, -4.84879819851e-005, 0.00108573306352, 1.15281936814e-005, 0.00255076936446, 0.00221362826414, -0.000426015642006, 0.0130432713777]]
    },
    "spectral_contrast_coeffs": {
        "mean": [-0.593170464039, -0.733425557613, -0.763654589653, -0.746523499489, -0.733211398125, -0.719287276268],
        "var": [0.00362704205327, 0.00415416574106, 0.00558752706274, 0.00571857066825, 0.00389642082155, 0.00201544165611]
    },
    "spectral_contrast_valleys": {
        "mean": [-7.03885793686, -7.748087883, -8.11109256744, -8.19815731049, -7.34709072113, -10.9349412918],
        "var": [0.694529652596, 0.794903755188, 0.757321000099, 0.699953973293, 0.562419295311, 1.33472073078]
    }
},
"metadata": {
    "audio_properties": {
        "analysis_sample_rate": 44100,
        "bit_rate": 128074,
        "equal_loudness": 0,
        "length": 45.0612258911,
        "lossless": 0,
        "replay_gain": -6.13104820251,
        "sample_rate": 44100,
        "codec": "mp3",
        "downmix": "mix",
        "md5_encoded": "2fd5f937668713b784369f14bde5f1da"
    },
    "tags": {
        "file_name": "1674.mp3"
    },
    "version": {
        "essentia": "2.1-beta2",
        "essentia_git_sha": "v2.1_beta2",
        "extractor": "music 1.0"
    }
},
"rhythm": {
    "beats_count": 94,
    "beats_loudness": {
        "mean": 0.029431162402,
        "var": 9.33935007197e-005
    },
    "bpm": 126.06817627,
    "bpm_histogram_first_peak_bpm": {
        "mean": 126,
        "var": 0
    },
    "bpm_histogram_first_peak_spread": {
        "mean": 0.26966291666,
        "var": 0
    },
    "bpm_histogram_first_peak_weight": {
        "mean": 0.698924720287,
        "var": 0
    },
    "bpm_histogram_second_peak_bpm": {
        "mean": 133,
        "var": 0
    },
    "bpm_histogram_second_peak_spread": {
        "mean": 0,
        "var": 0
    },
    "bpm_histogram_second_peak_weight": {
        "mean": 0.0430107526481,
        "var": 0
    },
    "danceability": 1.13832497597,
    "onset_rate": 3.57130646706,
    "beats_loudness_band_ratio": {
        "mean": [0.564491987228, 0.193280041218, 0.032992169261, 0.0579223036766, 0.115142680705, 0.0915244668722],
        "var": [0.0592961907387, 0.0328891165555, 0.00342790246941, 0.00676909135655, 0.0152571406215, 0.00851365178823]
    },
    "beats_position": [0.476009070873, 0.952018141747, 1.4164172411, 1.86920630932, 2.32199549675, 2.77478456497, 3.22757363319, 3.69197273254, 4.1679816246, 4.6439909935, 5.13160991669, 5.59600877762, 6.07201814651, 6.54802703857, 7.02403593063, 7.50004529953, 7.97605419159, 8.45206356049, 8.92807197571, 9.4040813446, 9.89170074463, 10.3677091599, 10.8437185287, 11.3313379288, 11.807346344, 12.2833557129, 12.7593650818, 13.235373497, 13.7113828659, 14.1873922348, 14.66340065, 15.1394100189, 15.6038093567, 16.0798187256, 16.5558280945, 17.0202255249, 17.5078449249, 17.9838542938, 18.4714736938, 18.9474830627, 19.4234924316, 19.8994998932, 20.363899231, 20.8282985687, 21.3043079376, 21.7803173065, 22.2563266754, 22.7323360443, 23.2083435059, 23.6843528748, 24.1719722748, 24.6363716125, 25.1007709503, 25.5767803192, 26.0643978119, 26.5404071808, 27.0164165497, 27.4924259186, 27.9684352875, 28.4444446564, 28.9204521179, 29.3964614868, 29.8724708557, 30.3484802246, 30.8244895935, 31.3004989624, 31.7881164551, 32.264125824, 32.7401351929, 33.204536438, 33.6805419922, 34.1565513611, 34.63256073, 35.1085700989, 35.5845794678, 36.0605888367, 36.5249862671, 36.9893875122, 37.4653968811, 37.94140625, 38.4174156189, 38.8934249878, 39.369430542, 39.8570518494, 40.344669342, 40.8206787109, 41.2966880798, 41.7726974487, 42.2487068176, 42.7247161865, 43.2123336792, 43.6999549866, 44.1759643555, 44.6519737244]
},
"tonal": {
    "chords_changes_rate": 0.0812757238746,
    "chords_number_rate": 0.00925925932825,
    "chords_strength": {
        "mean": 0.448358058929,
        "var": 0.00739827752113
    },
    "hpcp_entropy": {
        "mean": 1.97345817089,
        "var": 0.737312793732
    },
    "key_strength": 0.58386272192,
    "tuning_diatonic_strength": 0.477088153362,
    "tuning_equal_tempered_deviation": 0.0732589513063,
    "tuning_frequency": 441.017791748,
    "tuning_nontempered_energy_ratio": 0.709278464317,
    "hpcp": {
        "mean": [0.503412365913, 0.263930290937, 0.068255931139, 0.0508110225201, 0.047037769109, 0.0471691451967, 0.0513256303966, 0.0638618022203, 0.135369896889, 0.157260656357, 0.0827525630593, 0.0458418801427, 0.0455371625721, 0.0619512945414, 0.117993541062, 0.151517674327, 0.0903823748231, 0.0312552154064, 0.0327686294913, 0.0494484640658, 0.0748157426715, 0.108017265797, 0.0959570407867, 0.0602455176413, 0.0420010499656, 0.0287463031709, 0.0335284881294, 0.0438864789903, 0.0647558569908, 0.193493202329, 0.268680691719, 0.147262468934, 0.056410625577, 0.0536037832499, 0.0886240452528, 0.341306656599],
        "var": [0.195809081197, 0.0690010860562, 0.0278569050133, 0.020162012428, 0.0169396288693, 0.0119572775438, 0.0172849949449, 0.0227448064834, 0.0688686668873, 0.0951251164079, 0.0266380347311, 0.0151688568294, 0.0111135095358, 0.0224521830678, 0.0443105138838, 0.0786451548338, 0.0342305526137, 0.00792825501412, 0.00882750190794, 0.0153356390074, 0.0198494158685, 0.0250958222896, 0.018064763397, 0.013847428374, 0.00942780263722, 0.0051062242128, 0.00592571636662, 0.0125183239579, 0.0205139126629, 0.0796640589833, 0.145629033446, 0.0476547442377, 0.0132761783898, 0.0174582228065, 0.0296153184026, 0.100866310298]
    },
    "chords_histogram": [21.707818985, 8.12757205963, 8.95061683655, 0, 0, 0.102880656719, 1.23456788063, 0.308641970158, 0, 0, 1.13168728352, 0, 0.411522626877, 0, 2.77777767181, 0, 0, 0.925925910473, 3.08641982079, 46.6049385071, 3.60082316399, 0.514403283596, 0.514403283596, 0],
    "thpcp": [1, 0.524282515049, 0.135586515069, 0.100933201611, 0.0934378504753, 0.0936988219619, 0.101955443621, 0.126857832074, 0.268904596567, 0.312389343977, 0.164383247495, 0.091062285006, 0.0904569774866, 0.123062722385, 0.234387457371, 0.300981223583, 0.179539442062, 0.0620867051184, 0.0650930181146, 0.0982265546918, 0.148617208004, 0.214570149779, 0.1906131953, 0.119674287736, 0.0834326967597, 0.0571028925478, 0.0666024312377, 0.0871779918671, 0.128633826971, 0.384363234043, 0.533718883991, 0.292528510094, 0.112056493759, 0.106480866671, 0.17604662478, 0.677986264229],
    "chords_key": "A",
    "chords_scale": "minor",
    "key_key": "D",
    "key_scale": "major"
}
}