{
"lowlevel": {
    "average_loudness": 0.967383563519,
    "barkbands_crest": {
        "mean": 7.92301082611,
        "var": 8.25495243073
    },
    "barkbands_flatness_db": {
        "mean": 0.136522457004,
        "var": 0.00122442946304
    },
    "barkbands_kurtosis": {
        "mean": -0.245259582996,
        "var": 11.2290201187
    },
    "barkbands_skewness": {
        "mean": 0.303871363401,
        "var": 0.741327166557
    },
    "barkbands_spread": {
        "mean": 27.4453907013,
        "var": 110.900863647
    },
    "dissonance": {
        "mean": 0.478911727667,
        "var": 0.000237111904426
    },
    "dynamic_complexity": 2.48489022255,
    "erbbands_crest": {
        "mean": 9.63299465179,
        "var": 10.1841945648
    },
    "erbbands_flatness_db": {
        "mean": 0.203746646643,
        "var": 0.00178978370968
    },
    "erbbands_kurtosis": {
        "mean": 2.19607973099,
        "var": 6.89157295227
    },
    "erbbands_skewness": {
        "mean": -0.724005937576,
        "var": 0.571659743786
    },
    "erbbands_spread": {
        "mean": 24.1200904846,
        "var": 220.372970581
    },
    "hfc": {
        "mean": 33.3340530396,
        "var": 329.761474609
    },
    "melbands_crest": {
        "mean": 12.4727201462,
        "var": 23.2814121246
    },
    "melbands_flatness_db": {
        "mean": 0.164547592402,
        "var": 0.00174411479384
    },
    "melbands_kurtosis": {
        "mean": 2.84890270233,
        "var": 122.587226868
    },
    "melbands_skewness": {
        "mean": 1.3320710659,
        "var": 1.5356194973
    },
    "melbands_spread": {
        "mean": 40.6538734436,
        "var": 253.844421387
    },
    "pitch_salience": {
        "mean": 0.565304458141,
        "var": 0.0100087970495
    },
    "silence_rate_20dB": {
        "mean": 1,
        "var": 0
    },
    "silence_rate_30dB": {
        "mean": 1,
        "var": 0
    },
    "silence_rate_60dB": {
        "mean": 0.067971162498,
        "var": 0.0633524730802
    },
    "spectral_centroid": {
        "mean": 1741.21899414,
        "var": 238648.1875
    },
    "spectral_complexity": {
        "mean": 25.4284248352,
        "var": 90.9102478027
    },
    "spectral_decrease": {
        "mean": -7.68270957963e-009,
        "var": 2.19306872017e-017
    },
    "spectral_energy": {
        "mean": 0.0320197977126,
        "var": 0.000357369775884
    },
    "spectral_energyband_high": {
        "mean": 0.000731309351977,
        "var": 5.00431781347e-007
    },
    "spectral_energyband_low": {
        "mean": 0.00957939587533,
        "var": 0.000133360765176
    },
    "spectral_energyband_middle_high": {
        "mean": 0.0145661588758,
        "var": 8.59701467562e-005
    },
    "spectral_energyband_middle_low": {
        "mean": 0.00976789183915,
        "var": 6.70135923428e-005
    },
    "spectral_entropy": {
        "mean": 7.57057666779,
        "var": 0.0695905387402
    },
    "spectral_flux": {
        "mean": 0.100583568215,
        "var": 0.0017988155596
    },
    "spectral_kurtosis": {
        "mean": 5.36644363403,
        "var": 11.1636133194
    },
    "spectral_rms": {
        "mean": 0.00524600176141,
        "var": 3.71827309209e-006
    },
    "spectral_rolloff": {
        "mean": 2146.12109375,
        "var": 1233571.875
    },
    "spectral_skewness": {
        "mean": 1.53644108772,
        "var": 0.17571721971
    },
    "spectral_spread": {
        "mean": 3455013.25,
        "var": 2.56446981734e+012
    },
    "spectral_strongpeak": {
        "mean": 1.37344014645,
        "var": 3.38479876518
    },
    "zerocrossingrate": {
        "mean": 0.071639560163,
        "var": 0.00087650801288
    },
    "barkbands": {
        "mean": [2.21150366997e-005, 0.00233399658464, 0.00471789762378, 0.00390133843757, 0.00215451209806, 0.00064670847496, 0.00117053487338, 0.000616859295405, 0.00102043303195, 0.000739130191505, 0.000587440270465, 0.00111823738553, 0.0021345608402, 0.00257932837121, 0.0039578275755, 0.00205208710395, 0.000723197998013, 0.000457329442725, 0.000242932394031, 0.000267845403869, 0.000271265947958, 0.000142309596413, 5.50427248527e-005, 7.42779811844e-005, 2.70504024229e-005, 5.47397621631e-006, 9.03470933622e-008],
        "var": [3.1310487536e-009, 1.74713059096e-005, 4.06549988838e-005, 3.16900623147e-005, 8.45137219585e-006, 5.94864388859e-007, 2.48760943578e-006, 2.44470879807e-006, 3.69673398382e-006, 1.04192611161e-006, 5.2087517588e-007, 1.5910716229e-006, 5.88868851992e-006, 8.41312885314e-006, 1.76294252014e-005, 4.1018288357e-006, 6.46799264814e-007, 2.20928399131e-007, 6.6333932125e-008, 8.14628222656e-008, 9.24669123492e-008, 2.47365239403e-008, 7.17425052699e-009, 1.67200138179e-008, 2.33922436976e-009, 1.94037536039e-010, 1.2786188666e-013]
    },
    "erbbands": {
        "mean": [0.026437278837, 0.711370170116, 4.35039949417, 11.3245763779, 8.2759847641, 8.65479755402, 4.53725862503, 5.71059656143, 10.7973279953, 21.3190326691, 14.8002910614, 23.0983428955, 24.4005374908, 25.5810890198, 25.0256900787, 53.3952674866, 98.6056518555, 118.98134613, 175.118133545, 190.701843262, 92.2212600708, 41.215007782, 26.9202213287, 16.9506320953, 8.89737606049, 13.5826807022, 12.3191614151, 9.16753482819, 5.67879486084, 2.54116725922, 1.5605379343, 1.65453863144, 1.08869743347, 0.434244185686, 0.131891980767, 0.043614719063, 0.00549306115136, 0.000572905002628, 3.4917738958e-005, 4.0533272113e-005],
        "var": [0.00192288332619, 1.43144404888, 32.2777442932, 239.144485474, 126.669120789, 165.178710938, 31.5404281616, 49.2527770996, 204.889785767, 1047.08666992, 1122.64624023, 1834.15576172, 1157.47314453, 1865.40258789, 568.459655762, 3312.91503906, 13459.8466797, 13328.4111328, 30392.1191406, 33217.8046875, 8792.27539063, 1757.32873535, 705.444335938, 289.041992188, 54.4717750549, 220.224319458, 147.007202148, 154.215454102, 40.6341400146, 12.963716507, 5.05525350571, 9.20544815063, 3.18843770027, 0.557347357273, 0.0719620361924, 0.0109955957159, 0.000208540659514, 3.69526537725e-006, 2.25007434906e-009, 5.15034292992e-010]
    },
    "gfcc": {
        "mean": [3.13629341125, 95.0231170654, -163.319747925, 39.4123458862, -50.5413017273, 22.6250896454, -44.4183807373, -3.10702967644, -17.1795463562, 1.8960211277, -17.980506897, -16.6773300171, -6.64037036896],
        "cov": [[5936.27294922, 912.961608887, 190.967895508, 218.435714722, 582.574890137, 673.672241211, -120.218887329, -255.45942688, -179.579238892, -234.176864624, -193.51260376, -171.87713623, -71.062286377], [912.961608887, 1174.7322998, 15.651550293, 92.5805740356, 555.085327148, 221.719802856, 104.097335815, -243.413421631, 25.499671936, -254.505752563, -12.3971166611, -141.469528198, 65.860824585], [190.967895508, 15.651550293, 864.863037109, 328.576416016, 132.056289673, 313.874389648, -12.028960228, 58.8893203735, -43.5350952148, -31.047750473, -153.597137451, 7.65858221054, -118.591705322], [218.435714722, 92.5805740356, 328.576416016, 316.486236572, 130.704223633, 135.660568237, -12.9679307938, -5.44699811935, 26.5136260986, -48.8367271423, -44.3208847046, -10.2579374313, -13.49147892], [582.574890137, 555.085327148, 132.056289673, 130.704223633, 485.775726318, 235.967834473, 33.9981842041, -118.776191711, 14.7049646378, -121.316101074, -38.6823005676, -74.5436935425, 3.35499072075], [673.672241211, 221.719802856, 313.874389648, 135.660568237, 235.967834473, 369.44543457, 113.307937622, -12.9228410721, -50.253818512, -81.5655670166, -75.5995483398, -53.2003593445, -42.5988540649], [-120.218887329, 104.097335815, -12.028960228, -12.9679307938, 33.9981842041, 113.307937622, 260.226379395, 72.2206954956, -21.7416305542, -19.0609817505, 12.3399934769, -42.7716712952, -4.84372138977], [-255.45942688, -243.413421631, 58.8893203735, -5.44699811935, -118.776191711, -12.9228410721, 72.2206954956, 177.374679565, 26.1331691742, 79.2497634888, -1.10939800739, 18.6023864746, -43.6125411987], [-179.579238892, 25.499671936, -43.5350952148, 26.5136260986, 14.7049646378, -50.253818512, -21.7416305542, 26.1331691742, 112.447540283, 36.1644287109, 24.9003868103, 1.43818056583, 13.2615404129], [-234.176864624, -254.505752563, -31.047750473, -48.8367271423, -121.316101074, -81.5655670166, -19.0609817505, 79.2497634888, 36.1644287109, 153.159515381, 38.5041732788, 27.1416873932, -26.2443714142], [-193.51260376, -12.3971166611, -153.597137451, -44.3208847046, -38.6823005676, -75.5995483398, 12.3399934769, -1.10939800739, 24.9003868103, 38.5041732788, 106.893836975, 25.7101955414, 27.525686264], [-171.87713623, -141.469528198, 7.65858221054, -10.2579374313, -74.5436935425, -53.2003593445, -42.7716712952, 18.6023864746, 1.43818056583, 27.1416873932, 25.7101955414, 87.1908569336, 19.5534763336], [-71.062286377, 65.860824585, -118.591705322, -13.49147892, 3.35499072075, -42.5988540649, -4.84372138977, -43.6125411987, 13.2615404129, -26.2443714142, 27.525686264, 19.5534763336, 90.3938751221]],
        "icov": [[0.000389668071875, -0.000700748409145, 0.000827650423162, -0.000618596328422, 0.000481431838125, -0.00131440197583, 0.00107957492582, -0.000559939246159, 0.000977741437964, -0.000753215630539, 0.000676676514558, -0.000341466598911, 0.00046648827265], [-0.000700748409145, 0.00528201553971, -0.00292674009688, 0.0026855035685, -0.00387179246172, 0.00355856539682, -0.00380912283435, 0.00394330080599, -0.00435802945867, 0.00515018589795, -0.0034036107827, 0.00382859981619, -0.00197624927387], [0.000827650423162, -0.00292674009688, 0.00647734804079, -0.00509535567835, 0.00228953268379, -0.00536765530705, 0.00339962239377, -0.00254457374103, 0.00378761067986, -0.00382588594221, 0.00545986928046, -0.00490405084565, 0.00459222914651], [-0.000618596328422, 0.0026855035685, -0.00509535567835, 0.00854544434696, -0.00239177490585, 0.0024372425396, -0.00173121632542, 0.00148424902, -0.00511679099873, 0.00462302938104, -0.00392715167254, 0.00344366463833, -0.00344783486798], [0.000481431838125, -0.00387179246172, 0.00228953268379, -0.00239177490585, 0.00761278951541, -0.00536125898361, 0.00268443208188, -0.000144358898979, 0.000348944857251, -0.00235096318647, 0.00196833419614, -0.00155933201313, 0.00211549783126], [-0.00131440197583, 0.00355856539682, -0.00536765530705, 0.0024372425396, -0.00536125898361, 0.0127910599113, -0.00721645029262, 0.00297105498612, -0.00189746345859, 0.00387894385494, -0.00188954651821, 0.00273754843511, -0.00164295826107], [0.00107957492582, -0.00380912283435, 0.00339962239377, -0.00173121632542, 0.00268443208188, -0.00721645029262, 0.0119454218075, -0.00895810406655, 0.00601148093119, -0.0018565779319, -0.000909375259653, 0.00206792610697, -0.000948017113842], [-0.000559939246159, 0.00394330080599, -0.00254457374103, 0.00148424902, -0.000144358898979, 0.00297105498612, -0.00895810406655, 0.0174440350384, -0.00813415367156, -0.000371533853468, 0.00106486864388, -0.00170486140996, 0.00404165918007], [0.000977741437964, -0.00435802945867, 0.00378761067986, -0.00511679099873, 0.000348944857251, -0.00189746345859, 0.00601148093119, -0.00813415367156, 0.0185039415956, -0.0073117450811, 0.00139692914672, -0.000347245164448, -0.00154798140284], [-0.000753215630539, 0.00515018589795, -0.00382588594221, 0.00462302938104, -0.00235096318647, 0.00387894385494, -0.0018565779319, -0.000371533853468, -0.0073117450811, 0.018044276163, -0.00823960173875, 0.00400439882651, 0.000916971999686], [0.000676676514558, -0.0034036107827, 0.00545986928046, -0.00392715167254, 0.00196833419614, -0.00188954651821, -0.000909375259653, 0.00106486864388, 0.00139692914672, -0.00823960173875, 0.0201445724815, -0.00919845327735, 0.00234864908271], [-0.000341466598911, 0.00382859981619, -0.00490405084565, 0.00344366463833, -0.00155933201313, 0.00273754843511, 0.00206792610697, -0.00170486140996, -0.000347245164448, 0.00400439882651, -0.00919845327735, 0.0231228917837, -0.00932883936912], [0.00046648827265, -0.00197624927387, 0.00459222914651, -0.00344783486798, 0.00211549783126, -0.00164295826107, -0.000948017113842, 0.00404165918007, -0.00154798140284, 0.000916971999686, 0.00234864908271, -0.00932883936912, 0.0212219860405]]
    },
    "melbands": {
        "mean": [0.000448798120487, 0.00188470352441, 0.00186309346464, 0.000581259955652, 0.000207460703677, 0.000128636311274, 0.000191914426978, 0.000216570144403, 0.000125518854475, 0.000145463578519, 0.00011813819583, 0.000101129684481, 7.76754095568e-005, 0.000113843176223, 0.000188027668628, 0.000208293800824, 0.000224434974371, 0.000260258850176, 0.000321877247188, 0.000175204666448, 9.87219827948e-005, 4.49322615168e-005, 2.69310949079e-005, 1.94252806978e-005, 1.34967895065e-005, 6.92649473422e-006, 6.8177682806e-006, 9.53139169724e-006, 7.67907476984e-006, 6.69209839543e-006, 4.61467652713e-006, 3.25974656334e-006, 2.37791664404e-006, 1.08147037281e-006, 7.9610362036e-007, 1.074764441e-006, 9.53784592639e-007, 8.15085968497e-007, 5.7696507838e-007, 2.97711409303e-007],
        "var": [6.28614998277e-007, 6.12301255387e-006, 5.67889355807e-006, 5.87165970956e-007, 7.39949896911e-008, 2.4224437567e-008, 6.14963937551e-008, 1.1680027967e-007, 8.21124999106e-008, 7.0921245765e-008, 2.91962294341e-008, 2.96061077876e-008, 6.85259671229e-009, 1.73475225296e-008, 4.58308271334e-008, 5.16738083434e-008, 5.45482130576e-008, 8.08296363175e-008, 1.24177574889e-007, 2.76710636626e-008, 1.41576004253e-008, 2.50355847164e-009, 1.16682596918e-009, 4.63789812111e-010, 2.4109614305e-010, 5.03465984181e-011, 3.87564563775e-011, 1.43394851548e-010, 6.49138520714e-011, 6.6149780098e-011, 3.80625669871e-011, 1.28501254776e-011, 9.53024291428e-012, 4.05425432809e-012, 1.40454401582e-012, 2.85714420872e-012, 3.39961609211e-012, 2.0303665433e-012, 7.72467376522e-013, 3.38179381417e-013]
    },
    "mfcc": {
        "mean": [-619.418273926, 111.559486389, -36.8415107727, 14.6256046295, 11.2197885513, 18.4109153748, -5.35837221146, -8.80787944794, 4.3729968071, 3.92644143105, -2.60563635826, 1.88427782059, -6.7204208374],
        "cov": [[5240.88574219, 861.41607666, -142.440597534, -94.7715454102, 540.344299316, 613.709228516, 232.847808838, 84.0935668945, 64.3949203491, -130.380325317, -160.969909668, -100.183425903, -89.9461669922], [861.41607666, 1002.58972168, -218.120071411, 4.43111610413, 307.013031006, 321.884765625, 156.35168457, 93.4229202271, 49.1707496643, -38.4303207397, -77.9635543823, -77.0525588989, -18.7323055267], [-142.440597534, -218.120071411, 757.897583008, 121.15473175, 147.294967651, 134.756729126, 62.8990783691, 125.109916687, 84.0572357178, 11.1913127899, 29.6924419403, -22.8160076141, 0.211831912398], [-94.7715454102, 4.43111610413, 121.15473175, 196.037979126, 104.378120422, 27.8430213928, -27.1946792603, 18.0175991058, 30.0812759399, 4.86114358902, -7.52703142166, 13.2998437881, 26.1531391144], [540.344299316, 307.013031006, 147.294967651, 104.378120422, 471.437988281, 272.497406006, 12.3408231735, 58.1985931396, 58.7709732056, -32.2545890808, -62.1342964172, -42.0926818848, 25.4852256775], [613.709228516, 321.884765625, 134.756729126, 27.8430213928, 272.497406006, 345.003295898, 160.820510864, 103.287513733, 69.4676895142, -16.2735137939, -45.2453346252, -51.8813476563, -21.4532432556], [232.847808838, 156.35168457, 62.8990783691, -27.1946792603, 12.3408231735, 160.820510864, 275.079589844, 122.035270691, 50.5450668335, 30.3241558075, 25.3241729736, -16.6018600464, -42.177570343], [84.0935668945, 93.4229202271, 125.109916687, 18.0175991058, 58.1985931396, 103.287513733, 122.035270691, 161.32699585, 64.8602371216, 12.015832901, -0.0347181521356, -20.9078159332, -19.7022647858], [64.3949203491, 49.1707496643, 84.0572357178, 30.0812759399, 58.7709732056, 69.4676895142, 50.5450668335, 64.8602371216, 107.444313049, 39.3508338928, 15.7248735428, -11.003238678, -4.98511648178], [-130.380325317, -38.4303207397, 11.1913127899, 4.86114358902, -32.2545890808, -16.2735137939, 30.3241558075, 12.015832901, 39.3508338928, 100.498146057, 53.8759536743, 9.31535816193, 0.485628664494], [-160.969909668, -77.9635543823, 29.6924419403, -7.52703142166, -62.1342964172, -45.2453346252, 25.3241729736, -0.0347181521356, 15.7248735428, 53.8759536743, 107.402275085, 41.8766860962, 6.76581954956], [-100.183425903, -77.0525588989, -22.8160076141, 13.2998437881, -42.0926818848, -51.8813476563, -16.6018600464, -20.9078159332, -11.003238678, 9.31535816193, 41.8766860962, 87.4591064453, 30.372303009], [-89.9461669922, -18.7323055267, 0.211831912398, 26.1531391144, 25.4852256775, -21.4532432556, -42.177570343, -19.7022647858, -4.98511648178, 0.485628664494, 6.76581954956, 30.372303009, 72.0773849487]],
        "icov": [[0.000271912052995, -5.83959117648e-005, 7.23704506527e-005, 0.000184189819265, -0.000133740570163, -0.00036736173206, -2.28560984397e-005, 0.000157518836204, -0.000113170586701, 0.00020733763813, 9.55480281846e-005, -0.0001779065351, 0.000281502580037], [-5.83959117648e-005, 0.00211711134762, 0.00119283958338, -0.000309701572405, -0.000685209583025, -0.00126377388369, -0.000407445710152, -0.000647883221973, -4.26100232289e-005, 0.000521476729773, -0.000399921700591, 0.00111508753616, -0.000401983619668], [7.23704506527e-005, 0.00119283958338, 0.00252599804662, -0.00106621009763, -0.000406177452533, -0.00139218254481, 0.000224228570005, -0.00148936582264, -0.000337572331773, 0.000941501406487, -0.00159460795112, 0.0013099348871, -0.000198883513804], [0.000184189819265, -0.000309701572405, -0.00106621009763, 0.00719592953101, -0.00172459590249, 0.00105177506339, 0.000388476415537, -3.97312396672e-005, -0.00125443353318, -0.000822654168587, 0.00171904382296, -0.00225741392933, -0.000610573159065], [-0.000133740570163, -0.000685209583025, -0.000406177452533, -0.00172459590249, 0.00640891166404, -0.00521751120687, 0.00315289222635, -0.000495275307912, -0.000174795015482, 5.92845281062e-005, -4.06310791732e-005, 0.000583068293054, -0.00208181189373], [-0.00036736173206, -0.00126377388369, -0.00139218254481, 0.00105177506339, -0.00521751120687, 0.0126449717209, -0.00599844753742, 0.00114935718011, -0.00214661215432, 0.000624390377197, 0.00257484102622, 0.00023759288888, 0.000753636239097], [-2.28560984397e-005, -0.000407445710152, 0.000224228570005, 0.000388476415537, 0.00315289222635, -0.00599844753742, 0.00989555567503, -0.00510060880333, 0.00149785506073, -0.00171212875284, -0.00255587720312, -0.000843369169161, 0.00193055218551], [0.000157518836204, -0.000647883221973, -0.00148936582264, -3.97312396672e-005, -0.000495275307912, 0.00114935718011, -0.00510060880333, 0.0130464825779, -0.00525731686503, 0.00129917799495, 0.0016515989555, 1.86233701243e-005, 0.000610465416685], [-0.000113170586701, -4.26100232289e-005, -0.000337572331773, -0.00125443353318, -0.000174795015482, -0.00214661215432, 0.00149785506073, -0.00525731686503, 0.0165006369352, -0.00617854250595, -0.00122726359405, 0.000897283782251, 8.61312073539e-005], [0.00020733763813, 0.000521476729773, 0.000941501406487, -0.000822654168587, 5.92845281062e-005, 0.000624390377197, -0.00171212875284, 0.00129917799495, -0.00617854250595, 0.0170914400369, -0.00763144111261, 0.00278304610401, -0.000790741003584], [9.55480281846e-005, -0.000399921700591, -0.00159460795112, 0.00171904382296, -4.06310791732e-005, 0.00257484102622, -0.00255587720312, 0.0016515989555, -0.00122726359405, -0.00763144111261, 0.0184403508902, -0.00791875924915, 0.000705224345438], [-0.0001779065351, 0.00111508753616, 0.0013099348871, -0.00225741392933, 0.000583068293054, 0.00023759288888, -0.000843369169161, 1.86233701243e-005, 0.000897283782251, 0.00278304610401, -0.00791875924915, 0.0192211084068, -0.00705367745832], [0.000281502580037, -0.000401983619668, -0.000198883513804, -0.000610573159065, -0.00208181189373, 0.000753636239097, 0.00193055218551, 0.000610465416685, 8.61312073539e-005, -0.000790741003584, 0.000705224345438, -0.00705367745832, 0.0195172987878]]
    },
    "spectral_contrast_coeffs": {
        "mean": [-0.608812749386, -0.734249472618, -0.761179924011, -0.746129989624, -0.740892112255, -0.724737405777],
        "var": [0.00596549315378, 0.00468526594341, 0.00392984971404, 0.00310017098673, 0.00243881065398, 0.00117175187916]
    },
    "spectral_contrast_valleys": {
        "mean": [-7.73358535767, -6.96241188049, -7.20782899857, -6.68007087708, -7.49351644516, -10.3287382126],
        "var": [1.86339652538, 0.802127599716, 1.06609332561, 1.22493720055, 0.579686164856, 0.818428754807]
    }
},
"metadata": {
    "audio_properties": {
        "analysis_sample_rate": 44100,
        "bit_rate": 128074,
        "equal_loudness": 0,
        "length": 45.0612258911,
        "lossless": 0,
        "replay_gain": -6.38668632507,
        "sample_rate": 44100,
        "codec": "mp3",
        "downmix": "mix",
        "md5_encoded": "31b068108edd699e93c78d0721f1cba7"
    },
    "tags": {
        "file_name": "1675.mp3"
    },
    "version": {
        "essentia": "2.1-beta2",
        "essentia_git_sha": "v2.1_beta2",
        "extractor": "music 1.0"
    }
},
"rhythm": {
    "beats_count": 84,
    "beats_loudness": {
        "mean": 0.0420617051423,
        "var": 0.000392569927499
    },
    "bpm": 111.750823975,
    "bpm_histogram_first_peak_bpm": {
        "mean": 112,
        "var": 0
    },
    "bpm_histogram_first_peak_spread": {
        "mean": 0.538461565971,
        "var": 0
    },
    "bpm_histogram_first_peak_weight": {
        "mean": 0.361445784569,
        "var": 0
    },
    "bpm_histogram_second_peak_bpm": {
        "mean": 117,
        "var": 0
    },
    "bpm_histogram_second_peak_spread": {
        "mean": 0.266666650772,
        "var": 0
    },
    "bpm_histogram_second_peak_weight": {
        "mean": 0.132530122995,
        "var": 0
    },
    "danceability": 1.0273193121,
    "onset_rate": 2.59529709816,
    "beats_loudness_band_ratio": {
        "mean": [0.299743890762, 0.0840136408806, 0.130707576871, 0.167300015688, 0.293493837118, 0.0508757419884],
        "var": [0.0467629507184, 0.00511595560238, 0.0195767786354, 0.0103048942983, 0.0176877379417, 0.00225424626842]
    },
    "beats_position": [0.510838985443, 1.03328800201, 1.5673469305, 2.08979582787, 2.61224484444, 3.11147379875, 3.62231278419, 4.14476203918, 4.69043064117, 5.22448968887, 5.73532867432, 6.24616765976, 6.7570066452, 7.25623559952, 7.75546455383, 8.26630401611, 8.77714252472, 9.287981987, 9.79882049561, 10.3096599579, 10.8204984665, 11.3313379288, 11.8305664063, 12.3646259308, 12.9219045639, 13.4675731659, 14.0132427216, 14.5589113235, 15.1045799255, 15.6502494812, 16.2075271606, 16.7648067474, 17.3104763031, 17.8561439514, 18.390203476, 18.9358730316, 19.458322525, 19.9923801422, 20.5264396667, 21.0721092224, 21.6177768707, 22.1402263641, 22.6626758575, 23.1967334747, 23.7307929993, 24.2648525238, 24.7873020172, 25.3561897278, 25.9366893768, 26.5171871185, 27.0512466431, 27.5853061676, 28.1193637848, 28.6650333405, 29.2107028961, 29.7447605133, 30.3020401001, 30.8360996246, 31.3701572418, 31.9042167664, 32.449886322, 32.9839439392, 33.5296134949, 34.0636711121, 34.5977325439, 35.1201820374, 35.6426315308, 36.1766891479, 36.7107467651, 37.244808197, 37.790473938, 38.3361434937, 38.8934249878, 39.427482605, 39.9615402222, 40.4956016541, 41.0296592712, 41.5637168884, 42.0977783203, 42.6318359375, 43.1891136169, 43.7115631104, 44.2340126038, 44.7680702209]
},
"tonal": {
    "chords_changes_rate": 0.119341567159,
    "chords_number_rate": 0.0123456791043,
    "chords_strength": {
        "mean": 0.446700572968,
        "var": 0.00760599505156
    },
    "hpcp_entropy": {
        "mean": 2.40637874603,
        "var": 0.524186730385
    },
    "key_strength": 0.493529438972,
    "tuning_diatonic_strength": 0.412983089685,
    "tuning_equal_tempered_deviation": 0.15745639801,
    "tuning_frequency": 444.855529785,
    "tuning_nontempered_energy_ratio": 0.832658886909,
    "hpcp": {
        "mean": [0.194334894419, 0.208950921893, 0.278447270393, 0.324520498514, 0.271693438292, 0.254762649536, 0.270592212677, 0.219621866941, 0.175941720605, 0.165306374431, 0.165790721774, 0.174396231771, 0.173117756844, 0.157349258661, 0.1657140553, 0.183701559901, 0.195834368467, 0.219225645065, 0.215966641903, 0.195834264159, 0.225598335266, 0.257791787386, 0.208762764931, 0.171707704663, 0.172355756164, 0.154487833381, 0.150092512369, 0.139120608568, 0.136110544205, 0.164897844195, 0.164364829659, 0.150187149644, 0.183021858335, 0.187106445432, 0.157555446029, 0.17632676661],
        "var": [0.0546145476401, 0.0535085275769, 0.0815127715468, 0.091311968863, 0.0590238831937, 0.0676397755742, 0.0826922282577, 0.0527776405215, 0.0376042276621, 0.040073748678, 0.046416118741, 0.0579515062273, 0.0568844825029, 0.0458633750677, 0.0462048053741, 0.0543581545353, 0.0624767281115, 0.0768296271563, 0.073884896934, 0.0574791952968, 0.0665295422077, 0.0877759307623, 0.0686580985785, 0.0541811659932, 0.0495925843716, 0.0375374741852, 0.0408394187689, 0.0370243936777, 0.0312269739807, 0.0397074185312, 0.0438911616802, 0.0331029444933, 0.0610727630556, 0.060077726841, 0.0427442155778, 0.0492580085993]
    },
    "chords_histogram": [5.76131677628, 0.925925910473, 4.32098770142, 0, 0, 0, 0, 28.9094657898, 4.52674913406, 10.2880659103, 2.05761313438, 0, 6.68724298477, 0.617283940315, 5.96707820892, 0, 0.102880656719, 7.20164632797, 9.25925922394, 6.99588489532, 0, 6.37860059738, 0, 0],
    "thpcp": [1, 0.837215006351, 0.785043299198, 0.83382165432, 0.676758050919, 0.542159020901, 0.509386539459, 0.510879039764, 0.537396669388, 0.533457100391, 0.484866946936, 0.510642826557, 0.566070735455, 0.603457629681, 0.675537109375, 0.6654946208, 0.603457272053, 0.695174396038, 0.794377505779, 0.643296062946, 0.529112040997, 0.53110897541, 0.476049542427, 0.462505489588, 0.42869591713, 0.419420480728, 0.508127689362, 0.50648522377, 0.462797105312, 0.563976287842, 0.576562821865, 0.485502302647, 0.543345570564, 0.598837018013, 0.643875896931, 0.858026742935],
    "chords_key": "D#",
    "chords_scale": "major",
    "key_key": "D#",
    "key_scale": "minor"
}
}