{
"lowlevel": {
    "average_loudness": 0.963056206703,
    "barkbands_crest": {
        "mean": 16.1987934113,
        "var": 33.7936286926
    },
    "barkbands_flatness_db": {
        "mean": 0.259218901396,
        "var": 0.0142776612192
    },
    "barkbands_kurtosis": {
        "mean": 54.6244316101,
        "var": 8455.71484375
    },
    "barkbands_skewness": {
        "mean": 4.54849147797,
        "var": 15.1857461929
    },
    "barkbands_spread": {
        "mean": 12.4708938599,
        "var": 235.478500366
    },
    "dissonance": {
        "mean": 0.455899119377,
        "var": 0.00101336743683
    },
    "dynamic_complexity": 2.41768360138,
    "erbbands_crest": {
        "mean": 10.2331829071,
        "var": 16.7071170807
    },
    "erbbands_flatness_db": {
        "mean": 0.178995907307,
        "var": 0.00425861170515
    },
    "erbbands_kurtosis": {
        "mean": 4.11603832245,
        "var": 134.722976685
    },
    "erbbands_skewness": {
        "mean": 1.05303537846,
        "var": 2.54739117622
    },
    "erbbands_spread": {
        "mean": 45.3666648865,
        "var": 1201.12890625
    },
    "hfc": {
        "mean": 18.9750671387,
        "var": 344.140380859
    },
    "melbands_crest": {
        "mean": 18.1980705261,
        "var": 27.1004600525
    },
    "melbands_flatness_db": {
        "mean": 0.356513470411,
        "var": 0.0221176035702
    },
    "melbands_kurtosis": {
        "mean": 87.2699890137,
        "var": 14069.1435547
    },
    "melbands_skewness": {
        "mean": 5.33131933212,
        "var": 15.0374917984
    },
    "melbands_spread": {
        "mean": 10.9226236343,
        "var": 254.262039185
    },
    "pitch_salience": {
        "mean": 0.434619158506,
        "var": 0.0221662819386
    },
    "silence_rate_20dB": {
        "mean": 1,
        "var": 0
    },
    "silence_rate_30dB": {
        "mean": 0.627188444138,
        "var": 0.233822673559
    },
    "silence_rate_60dB": {
        "mean": 0.0370751805604,
        "var": 0.0357003435493
    },
    "spectral_centroid": {
        "mean": 746.736877441,
        "var": 370851.4375
    },
    "spectral_complexity": {
        "mean": 11.9897012711,
        "var": 88.2891769409
    },
    "spectral_decrease": {
        "mean": -2.09029593634e-008,
        "var": 2.66121923099e-016
    },
    "spectral_energy": {
        "mean": 0.0806136652827,
        "var": 0.00385844893754
    },
    "spectral_energyband_high": {
        "mean": 0.000761974893976,
        "var": 2.72857460004e-006
    },
    "spectral_energyband_low": {
        "mean": 0.0685371980071,
        "var": 0.00356019544415
    },
    "spectral_energyband_middle_high": {
        "mean": 0.00336271361448,
        "var": 3.45453081536e-005
    },
    "spectral_energyband_middle_low": {
        "mean": 0.0123851587996,
        "var": 0.000284404261038
    },
    "spectral_entropy": {
        "mean": 7.08490180969,
        "var": 0.718681037426
    },
    "spectral_flux": {
        "mean": 0.113852791488,
        "var": 0.00595534406602
    },
    "spectral_kurtosis": {
        "mean": 9.31778049469,
        "var": 190.476654053
    },
    "spectral_rms": {
        "mean": 0.00798898469657,
        "var": 1.48236231325e-005
    },
    "spectral_rolloff": {
        "mean": 871.707580566,
        "var": 3827276.75
    },
    "spectral_skewness": {
        "mean": 2.12441134453,
        "var": 1.43322849274
    },
    "spectral_spread": {
        "mean": 5221135.5,
        "var": 1.11693298401e+013
    },
    "spectral_strongpeak": {
        "mean": 0.799744486809,
        "var": 0.341651916504
    },
    "zerocrossingrate": {
        "mean": 0.0369788818061,
        "var": 0.00231290026568
    },
    "barkbands": {
        "mean": [0.000441934738774, 0.0531444102526, 0.0105513688177, 0.00600094487891, 0.00309041677974, 0.000650566187687, 0.000328036490828, 0.000555833103135, 0.00168348604348, 0.0013309965143, 0.000205337521038, 0.00024533845135, 0.000317907193676, 0.000422250799602, 0.000401014753152, 0.000179325143108, 0.000140239280881, 8.88995418791e-005, 3.56266100425e-005, 6.76231938996e-005, 7.18552182661e-005, 0.000190522012417, 0.000140018586535, 0.000186438366654, 6.93385154591e-005, 6.75724586472e-005, 6.53402230455e-006],
        "var": [6.89941259679e-007, 0.00264207809232, 0.000171749357833, 7.01908065821e-005, 8.24366943561e-005, 2.03503282137e-006, 5.78478420721e-007, 1.33777541578e-006, 1.66863010236e-005, 8.02294107416e-006, 1.56394079909e-007, 3.10337043175e-007, 4.54434484709e-007, 2.44517718784e-006, 7.22693414446e-007, 1.4561004491e-007, 9.06190464889e-008, 3.47632358455e-008, 6.13237682856e-009, 2.00721270716e-008, 1.98742409196e-008, 2.79365565348e-007, 1.59027450763e-007, 3.06919417881e-007, 2.95039921383e-008, 4.52590853683e-008, 6.60050125667e-010]
    },
    "erbbands": {
        "mean": [1.24169707298, 12.8652544022, 13.2994527817, 21.7258968353, 14.1970462799, 7.86689043045, 5.39657735825, 5.65772438049, 4.35287618637, 7.21709060669, 16.7367782593, 48.9133720398, 28.9174995422, 28.3638305664, 10.4355306625, 9.47842025757, 15.0123529434, 17.4188079834, 21.5133094788, 20.5232448578, 8.86255741119, 7.99278736115, 5.75945949554, 2.45783567429, 2.54567098618, 3.03346204758, 3.0586335659, 2.74792695045, 4.29959344864, 9.74894428253, 3.02863192558, 4.19944572449, 2.36095905304, 0.87207877636, 0.472284942865, 0.293075740337, 0.120413988829, 0.0248030014336, 0.00075999420369, 0.000107120118628],
        "var": [1.48663043976, 158.553985596, 196.455566406, 593.490539551, 1396.38439941, 435.330566406, 134.178146362, 167.322891235, 85.212638855, 204.081436157, 1174.39941406, 14535.1826172, 3427.93554688, 3148.68139648, 434.337280273, 350.205596924, 952.822631836, 3358.07446289, 4027.02612305, 1887.18713379, 303.621032715, 299.626800537, 146.736968994, 20.8376922607, 35.4665527344, 37.6873626709, 31.860704422, 34.4957275391, 101.718193054, 1088.69152832, 48.6704978943, 173.008453369, 35.5871620178, 4.08763313293, 1.57749330997, 0.814036011696, 0.138774380088, 0.0080885021016, 7.44801627661e-006, 7.92810705974e-009]
    },
    "gfcc": {
        "mean": [-46.9915885925, 114.282676697, -76.9294586182, 37.3474617004, -35.0641555786, 36.1139945984, -20.5170383453, 11.1304521561, -7.61153459549, -3.07891750336, -17.8160915375, -9.18862056732, -8.03837013245],
        "cov": [[7412.43847656, -1763.05529785, -1021.1473999, -5.57822418213, -896.465576172, 385.783996582, -504.15838623, 139.704666138, -270.62310791, 107.678192139, -263.450164795, 342.230285645, -177.659881592], [-1763.05529785, 3097.68408203, -730.837402344, -228.82321167, 841.520385742, -297.72253418, 523.062194824, -45.7354393005, 585.770629883, -464.971588135, 271.803710938, -402.575408936, 335.086212158], [-1021.1473999, -730.837402344, 3433.84375, 853.501159668, 336.84072876, 183.325973511, -116.144859314, -263.757629395, -507.154571533, 342.839508057, -35.7362442017, 231.368972778, -154.127334595], [-5.57822418213, -228.82321167, 853.501159668, 967.140869141, 158.614349365, 57.7390327454, 137.010742188, -151.828796387, -52.4859657288, 94.3814849854, 14.402012825, -40.3452262878, 2.98394703865], [-896.465576172, 841.520385742, 336.84072876, 158.614349365, 723.542724609, 14.6602125168, 221.878417969, 20.7315006256, 106.879989624, -84.5889587402, 73.4311599731, -166.863449097, 64.006439209], [385.783996582, -297.72253418, 183.325973511, 57.7390327454, 14.6602125168, 287.842407227, -14.5049304962, 23.805311203, -3.87464594841, 49.7086715698, -26.0164260864, 9.67913913727, -55.7986412048], [-504.15838623, 523.062194824, -116.144859314, 137.010742188, 221.878417969, -14.5049304962, 258.854003906, 31.6374549866, 158.219650269, -91.7927932739, 54.5039863586, -118.718803406, 66.5047912598], [139.704666138, -45.7354393005, -263.757629395, -151.828796387, 20.7315006256, 23.805311203, 31.6374549866, 208.461669922, 65.0591201782, -35.4795227051, -23.0621433258, -1.17481458187, -10.7405490875], [-270.62310791, 585.770629883, -507.154571533, -52.4859657288, 106.879989624, -3.87464594841, 158.219650269, 65.0591201782, 277.693145752, -109.874229431, 64.4875183105, -121.708061218, 69.9328155518], [107.678192139, -464.971588135, 342.839508057, 94.3814849854, -84.5889587402, 49.7086715698, -91.7927932739, -35.4795227051, -109.874229431, 192.696044922, -11.0458488464, 86.6570205688, -45.9213485718], [-263.450164795, 271.803710938, -35.7362442017, 14.402012825, 73.4311599731, -26.0164260864, 54.5039863586, -23.0621433258, 64.4875183105, -11.0458488464, 97.4391174316, -16.8362312317, 47.5261726379], [342.230285645, -402.575408936, 231.368972778, -40.3452262878, -166.863449097, 9.67913913727, -118.718803406, -1.17481458187, -121.708061218, 86.6570205688, -16.8362312317, 158.657897949, -20.6642818451], [-177.659881592, 335.086212158, -154.127334595, 2.98394703865, 64.006439209, -55.7986412048, 66.5047912598, -10.7405490875, 69.9328155518, -45.9213485718, 47.5261726379, -20.6642818451, 97.4095993042]],
        "icov": [[0.000267214345513, -0.000193205400137, 0.000259729626123, -0.000392914196709, 0.000120152733871, -0.000499001063872, 0.000439293828094, -0.000240798093728, 0.000360859383363, 0.000111236564408, 0.000366013759049, -0.000762810872402, 0.000336682132911], [-0.000193205400137, 0.00236695609055, -0.000600342114922, 0.00141172332224, -0.00142440502532, 0.00156760227401, -0.000908000918571, 0.00197744416073, -0.00288967299275, 0.00198379671201, -0.00128830689937, 0.00159177277237, -0.00283988146111], [0.000259729626123, -0.000600342114922, 0.00111148878932, -0.00102473190054, -0.00038488447899, -0.000853833509609, 0.000260800152319, 3.51347553078e-005, 0.00151013489813, -0.000468184996862, 0.000480073998915, -0.00241397391073, 0.00186734064482], [-0.000392914196709, 0.00141172332224, -0.00102473190054, 0.00301600783132, -0.000535463739652, 0.00116547837388, -0.00251018651761, 0.00213465117849, -0.00171458313707, -8.63769091666e-005, -0.000484497286379, 0.00256903492846, -0.00234646559693], [0.000120152733871, -0.00142440502532, -0.00038488447899, -0.000535463739652, 0.00399357825518, -0.00131568918005, -0.000331868650392, -0.00261623575352, 0.0028152547311, -0.00105659873225, -0.000817618740257, 0.00316720968112, -0.000361655111192], [-0.000499001063872, 0.00156760227401, -0.000853833509609, 0.00116547837388, -0.00131568918005, 0.00596821960062, -0.00103657727595, 0.00123751792125, -0.00375968124717, 6.11871510046e-005, -0.00033064460149, 0.00120449566748, 0.000582982902415], [0.000439293828094, -0.000908000918571, 0.000260800152319, -0.00251018651761, -0.000331868650392, -0.00103657727595, 0.0113241542131, -0.00308376993053, -0.00137224851642, 0.00118578830734, -0.000676992640365, 0.00189377134666, -0.00175663467962], [-0.000240798093728, 0.00197744416073, 3.51347553078e-005, 0.00213465117849, -0.00261623575352, 0.00123751792125, -0.00308376993053, 0.0097349723801, -0.00507373036817, 0.00166951317806, 0.00237475475296, -0.00346994376741, 0.000890291237738], [0.000360859383363, -0.00288967299275, 0.00151013489813, -0.00171458313707, 0.0028152547311, -0.00375968124717, -0.00137224851642, -0.00507373036817, 0.0148291643709, -0.0015285781119, -0.00331069412641, 0.0032830121927, 0.000359329715138], [0.000111236564408, 0.00198379671201, -0.000468184996862, -8.63769091666e-005, -0.00105659873225, 6.11871510046e-005, 0.00118578830734, 0.00166951317806, -0.0015285781119, 0.0112309521064, -0.00302614807151, -0.00237455614842, 0.000109046028228], [0.000366013759049, -0.00128830689937, 0.000480073998915, -0.000484497286379, -0.000817618740257, -0.00033064460149, -0.000676992640365, 0.00237475475296, -0.00331069412641, -0.00302614807151, 0.0186123903841, -0.005426466465, -0.00233629485592], [-0.000762810872402, 0.00159177277237, -0.00241397391073, 0.00256903492846, 0.00316720968112, 0.00120449566748, 0.00189377134666, -0.00346994376741, 0.0032830121927, -0.00237455614842, -0.005426466465, 0.0227688290179, -0.0098305111751], [0.000336682132911, -0.00283988146111, 0.00186734064482, -0.00234646559693, -0.000361655111192, 0.000582982902415, -0.00175663467962, 0.000890291237738, 0.000359329715138, 0.000109046028228, -0.00233629485592, -0.0098305111751, 0.0243925452232]]
    },
    "melbands": {
        "mean": [0.0139451110736, 0.0110945440829, 0.00343188177794, 0.000798863591626, 0.00019861398323, 0.000123213758343, 6.60949808662e-005, 9.43821578403e-005, 0.000168203914654, 0.000274937367067, 0.000151526342961, 0.00014109640324, 3.10874274874e-005, 2.86460381176e-005, 2.52462505159e-005, 3.36947632604e-005, 3.33982243319e-005, 3.69470762962e-005, 3.00992942357e-005, 1.8829921828e-005, 8.64311004989e-006, 8.14365466795e-006, 6.92468211128e-006, 4.1099920054e-006, 1.68067015238e-006, 1.3777383856e-006, 2.45684782385e-006, 1.84642919976e-006, 2.0055283585e-006, 1.64125242463e-006, 1.56599207912e-006, 1.80638426173e-006, 4.71383600598e-006, 5.36501238457e-006, 1.51344102051e-006, 1.26313682358e-006, 3.45950934388e-006, 1.99075225282e-006, 8.88652323283e-007, 6.69864789415e-007],
        "var": [0.000181626019184, 0.000101918674773, 1.70925395651e-005, 5.42564885109e-006, 1.70968874613e-007, 7.51069535454e-008, 2.09445332189e-008, 3.09263796794e-008, 1.31818183036e-007, 4.49695278348e-007, 9.92813156131e-008, 8.3524255956e-008, 3.69512309639e-009, 4.75708894498e-009, 2.32247865384e-009, 5.60110891001e-009, 1.51100376655e-008, 1.54136365893e-008, 4.2688519386e-009, 1.50940770993e-009, 3.06570990816e-010, 3.4512873115e-010, 2.32576652381e-010, 7.65957783311e-011, 1.03374192886e-011, 1.1507158941e-011, 3.46748393887e-011, 1.33545449005e-011, 1.45502585674e-011, 1.2737105641e-011, 1.1356891122e-011, 1.65034548527e-011, 1.85375131911e-010, 3.74538289272e-010, 1.30400907086e-011, 6.11919586183e-012, 1.585787196e-010, 3.17796830518e-011, 4.63328247297e-012, 2.65737887424e-012]
    },
    "mfcc": {
        "mean": [-701.674926758, 145.180480957, 27.8394069672, 20.2264461517, 20.8668079376, 25.3669452667, 8.6812582016, 17.2166500092, 15.6624002457, 14.8581266403, 2.5503911972, 3.40827703476, -3.96858549118],
        "cov": [[7877.35595703, -1627.16931152, -1314.24401855, -831.626831055, -656.267089844, -268.735931396, -486.09664917, 88.5724258423, -105.953521729, -38.6227226257, -138.412277222, -143.327438354, -96.6642379761], [-1627.16931152, 2712.57006836, -780.360900879, 9.97181606293, 302.712768555, -93.6777496338, 58.8743934631, 269.500946045, 221.358383179, 113.499557495, 146.904510498, -5.98530101776, -109.583328247], [-1314.24401855, -780.360900879, 2430.5703125, 711.536621094, 371.023803711, 480.272186279, 287.644165039, -246.398773193, -198.93132019, -207.774749756, -107.517486572, 43.4794654846, 157.006378174], [-831.626831055, 9.97181606293, 711.536621094, 944.569885254, 253.6743927, 282.632415771, 229.480697632, -56.4686508179, 45.307346344, -10.5106296539, -33.9415168762, 64.2509384155, 64.229385376], [-656.267089844, 302.712768555, 371.023803711, 253.6743927, 420.07321167, 181.986404419, 191.895111084, 30.2575035095, 38.7529220581, 35.7610244751, 34.816116333, 20.507314682, 7.11053085327], [-268.735931396, -93.6777496338, 480.272186279, 282.632415771, 181.986404419, 346.206604004, 138.285736084, -47.424911499, -3.29215788841, 20.9464550018, 13.5721664429, 23.730091095, 26.7061214447], [-486.09664917, 58.8743934631, 287.644165039, 229.480697632, 191.895111084, 138.285736084, 206.180709839, 14.1852169037, 26.6757602692, 20.1972522736, 4.42563915253, 22.1381320953, 24.2039756775], [88.5724258423, 269.500946045, -246.398773193, -56.4686508179, 30.2575035095, -47.424911499, 14.1852169037, 208.007095337, 109.25327301, 75.1343917847, 53.1142807007, 8.08894920349, -40.292678833], [-105.953521729, 221.358383179, -198.93132019, 45.307346344, 38.7529220581, -3.29215788841, 26.6757602692, 109.25327301, 145.51159668, 75.8625717163, 49.6550979614, 16.6712017059, -22.5131416321], [-38.6227226257, 113.499557495, -207.774749756, -10.5106296539, 35.7610244751, 20.9464550018, 20.1972522736, 75.1343917847, 75.8625717163, 135.856170654, 65.3565063477, 13.898475647, -13.3849639893], [-138.412277222, 146.904510498, -107.517486572, -33.9415168762, 34.816116333, 13.5721664429, 4.42563915253, 53.1142807007, 49.6550979614, 65.3565063477, 94.1246643066, 27.7903728485, -19.3203220367], [-143.327438354, -5.98530101776, 43.4794654846, 64.2509384155, 20.507314682, 23.730091095, 22.1381320953, 8.08894920349, 16.6712017059, 13.898475647, 27.7903728485, 51.9146461487, 16.9072952271], [-96.6642379761, -109.583328247, 157.006378174, 64.229385376, 7.11053085327, 26.7061214447, 24.2039756775, -40.292678833, -22.5131416321, -13.3849639893, -19.3203220367, 16.9072952271, 64.1903152466]],
        "icov": [[0.000224402931053, 0.000182320087333, 0.000182920281077, 1.47673517858e-005, -4.25436155638e-005, -0.000265164970187, 0.000376494717784, -0.000421222066507, 0.000176251138328, 0.000184030519449, 0.000224479779718, 0.000290402967948, -1.30808766698e-005], [0.000182320087333, 0.00072661228478, 0.000394068745663, -0.000144726247527, -0.000647433102131, -7.70808546804e-005, 0.000398244708776, -0.000656367803458, -9.74411159405e-005, 0.000780575268436, -0.000602915417403, 0.000814409228042, -2.98287395708e-005], [0.000182920281077, 0.000394068745663, 0.00123837438878, -0.000371686532162, -0.00065377127612, -0.00097645848291, 0.000111665147415, -0.000628673937172, 0.00091572268866, 0.00178294267971, -0.000515773310326, 0.000657057040371, -0.00130230607465], [1.47673517858e-005, -0.000144726247527, -0.000371686532162, 0.00213634688407, -7.63352727517e-005, -0.000692222907674, -0.000892090087291, 0.000811370671727, -0.00163257680833, -0.000315997691359, 0.00214453786612, -0.00234966189601, 0.000314660253935], [-4.25436155638e-005, -0.000647433102131, -0.00065377127612, -7.63352727517e-005, 0.00545704830438, -0.000673735048622, -0.00363916973583, 2.13538005482e-005, 0.000135322043207, -0.000802386028226, -0.00107542902697, 0.000581652158871, 0.000970813736785], [-0.000265164970187, -7.70808546804e-005, -0.00097645848291, -0.000692222907674, -0.000673735048622, 0.00606657424942, -0.00190104544163, 0.00195038761012, -0.000184712625924, -0.0022268476896, -0.00139596092049, -2.1464738893e-005, 0.00109822512604], [0.000376494717784, 0.000398244708776, 0.000111665147415, -0.000892090087291, -0.00363916973583, -0.00190104544163, 0.0115987928584, -0.00209227902815, -0.000282711116597, -0.000500988622662, 0.00223296228796, -0.000530840479769, -0.00201817741618], [-0.000421222066507, -0.000656367803458, -0.000628673937172, 0.000811370671727, 2.13538005482e-005, 0.00195038761012, -0.00209227902815, 0.0106939319521, -0.00593787897378, -0.00246709003113, -0.000109726606752, -0.00191482855007, 0.00353308441117], [0.000176251138328, -9.74411159405e-005, 0.00091572268866, -0.00163257680833, 0.000135322043207, -0.000184712625924, -0.000282711116597, -0.00593787897378, 0.0157347768545, -0.00318697048351, -0.00156024517491, -0.000724635494407, 0.000509325182065], [0.000184030519449, 0.000780575268436, 0.00178294267971, -0.000315997691359, -0.000802386028226, -0.0022268476896, -0.000500988622662, -0.00246709003113, -0.00318697048351, 0.0167387481779, -0.00903679151088, 0.00418580789119, -0.00422928761691], [0.000224479779718, -0.000602915417403, -0.000515773310326, 0.00214453786612, -0.00107542902697, -0.00139596092049, 0.00223296228796, -0.000109726606752, -0.00156024517491, -0.00903679151088, 0.0255905427039, -0.0147200943902, 0.00736151868477], [0.000290402967948, 0.000814409228042, 0.000657057040371, -0.00234966189601, 0.000581652158871, -2.1464738893e-005, -0.000530840479769, -0.00191482855007, -0.000724635494407, 0.00418580789119, -0.0147200943902, 0.0334281213582, -0.0111022721976], [-1.30808766698e-005, -2.98287395708e-005, -0.00130230607465, 0.000314660253935, 0.000970813736785, 0.00109822512604, -0.00201817741618, 0.00353308441117, 0.000509325182065, -0.00422928761691, 0.00736151868477, -0.0111022721976, 0.0252295639366]]
    },
    "spectral_contrast_coeffs": {
        "mean": [-0.637412846088, -0.764653980732, -0.794178426266, -0.82564330101, -0.808834314346, -0.792658030987],
        "var": [0.00670979171991, 0.00326984678395, 0.00502363918349, 0.00175606273115, 0.00327887013555, 0.0030429486651]
    },
    "spectral_contrast_valleys": {
        "mean": [-6.81139802933, -7.25174665451, -7.56070280075, -7.92320966721, -8.53624248505, -10.6531419754],
        "var": [1.21011376381, 1.00944828987, 1.31980073452, 1.44253838062, 1.24797952175, 1.83702254295]
    }
},
"metadata": {
    "audio_properties": {
        "analysis_sample_rate": 44100,
        "bit_rate": 128074,
        "equal_loudness": 0,
        "length": 45.0612258911,
        "lossless": 0,
        "replay_gain": -5.4134349823,
        "sample_rate": 44100,
        "codec": "mp3",
        "downmix": "mix",
        "md5_encoded": "98963e36ba460ab0548637c860979b4c"
    },
    "tags": {
        "file_name": "1676.mp3"
    },
    "version": {
        "essentia": "2.1-beta2",
        "essentia_git_sha": "v2.1_beta2",
        "extractor": "music 1.0"
    }
},
"rhythm": {
    "beats_count": 112,
    "beats_loudness": {
        "mean": 0.111089907587,
        "var": 0.0037781924475
    },
    "bpm": 150.143463135,
    "bpm_histogram_first_peak_bpm": {
        "mean": 152,
        "var": 0
    },
    "bpm_histogram_first_peak_spread": {
        "mean": 0.427272707224,
        "var": 0
    },
    "bpm_histogram_first_peak_weight": {
        "mean": 0.567567586899,
        "var": 0
    },
    "bpm_histogram_second_peak_bpm": {
        "mean": 144,
        "var": 0
    },
    "bpm_histogram_second_peak_spread": {
        "mean": 0,
        "var": 0
    },
    "bpm_histogram_second_peak_weight": {
        "mean": 0.00900900922716,
        "var": 0
    },
    "danceability": 1.4006254673,
    "onset_rate": 5.21277666092,
    "beats_loudness_band_ratio": {
        "mean": [0.742277920246, 0.0375307500362, 0.0798866972327, 0.0815806239843, 0.0378314964473, 0.0364681445062],
        "var": [0.0822440758348, 0.00209159706719, 0.0137307783589, 0.0118265394121, 0.00275228172541, 0.00611587706953]
    },
    "beats_position": [0.371519267559, 0.766258478165, 1.16099774837, 1.55573689938, 1.95047616959, 2.34521532059, 2.75156450272, 3.15791368484, 3.55265307426, 3.94739222527, 4.35374164581, 4.76009082794, 5.15482997894, 5.54956912994, 5.94430828094, 6.35065746307, 6.7570066452, 7.1517457962, 7.5464849472, 7.94122457504, 8.34757328033, 8.75392246246, 9.14866161346, 9.55501079559, 9.96135997772, 10.3560991287, 10.7624483109, 11.1687984467, 11.5635375977, 11.9582767487, 12.3530158997, 12.7477550507, 13.1541042328, 13.5604534149, 13.9551925659, 14.3499317169, 14.7446708679, 15.1394100189, 15.545759201, 15.9521083832, 16.3584575653, 16.7648067474, 17.1595458984, 17.5542850494, 17.9490242004, 18.3553733826, 18.7617225647, 19.1564617157, 19.5512008667, 19.9459400177, 20.3522891998, 20.758638382, 21.153377533, 21.548116684, 21.9544658661, 22.3608150482, 22.7555541992, 23.1502952576, 23.5450344086, 23.9397735596, 24.3461227417, 24.7524719238, 25.1472110748, 25.5419502258, 25.948299408, 26.3546485901, 26.7493877411, 27.1441268921, 27.5388660431, 27.9568252563, 28.3515644073, 28.7463035583, 29.1410427094, 29.5473918915, 29.9537410736, 30.3484802246, 30.7432193756, 31.1495685577, 31.5559177399, 31.9506568909, 32.3453979492, 32.7401351929, 33.146484375, 33.5528335571, 33.9475746155, 34.3539237976, 34.7486610413, 35.1434020996, 35.5497512817, 35.9444885254, 36.3392295837, 36.7455787659, 37.1403160095, 37.5466651917, 37.94140625, 38.3361434937, 38.7424926758, 39.1488418579, 39.5435829163, 39.9383201599, 40.344669342, 40.7510185242, 41.1457595825, 41.5521087646, 41.9584579468, 42.3531951904, 42.7479362488, 43.1426734924, 43.5490226746, 43.9553718567, 44.350112915, 44.7564620972]
},
"tonal": {
    "chords_changes_rate": 0.0277777779847,
    "chords_number_rate": 0.00617283955216,
    "chords_strength": {
        "mean": 0.584305942059,
        "var": 0.0113069992512
    },
    "hpcp_entropy": {
        "mean": 2.11815285683,
        "var": 0.547636091709
    },
    "key_strength": 0.527317106724,
    "tuning_diatonic_strength": 0.552095592022,
    "tuning_equal_tempered_deviation": 0.22269718349,
    "tuning_frequency": 437.971466064,
    "tuning_nontempered_energy_ratio": 0.890236020088,
    "hpcp": {
        "mean": [0.0694383084774, 0.0521941892803, 0.0475496090949, 0.0488571673632, 0.0512589924037, 0.0855493173003, 0.147964179516, 0.144013553858, 0.0974507406354, 0.0927657932043, 0.132607743144, 0.269480735064, 0.427520245314, 0.334277242422, 0.132611826062, 0.0741215571761, 0.0669183284044, 0.0615510083735, 0.0595057532191, 0.0563176982105, 0.0550751537085, 0.1248113662, 0.180189877748, 0.125009551644, 0.0755853205919, 0.057466365397, 0.0397876277566, 0.0390221476555, 0.0480557270348, 0.048621032387, 0.0459876470268, 0.0402394011617, 0.0351540222764, 0.0865661650896, 0.132006809115, 0.103803947568],
        "var": [0.0351758785546, 0.0193761307746, 0.0185318719596, 0.0195403136313, 0.0200635381043, 0.0306732561439, 0.0812482982874, 0.0811920240521, 0.044516287744, 0.0452145189047, 0.063728518784, 0.103668227792, 0.169677048922, 0.116839766502, 0.0515419580042, 0.0375317968428, 0.0369149297476, 0.0286236554384, 0.0262336675078, 0.024112759158, 0.0223977901042, 0.0496229715645, 0.0984585881233, 0.044911891222, 0.0348403826356, 0.024515228346, 0.0150564135984, 0.0111840311438, 0.0164998564869, 0.0170405898243, 0.0195838008076, 0.0162770412862, 0.00933294836432, 0.029482036829, 0.0613483563066, 0.0450168326497]
    },
    "chords_histogram": [15.4320983887, 26.6460914612, 49.2798347473, 2.36625504494, 0, 0, 0, 0, 5.14403295517, 1.13168728352, 0, 0, 0, 0, 0, 0, 0, 0, 0, 0, 0, 0, 0, 0],
    "thpcp": [1, 0.781898021698, 0.310188412666, 0.173375546932, 0.156526684761, 0.143972143531, 0.139188155532, 0.131731063128, 0.128824666142, 0.291942596436, 0.421476840973, 0.292406141758, 0.176799401641, 0.134417876601, 0.0930660665035, 0.0912755578756, 0.112405732274, 0.113728024065, 0.107568345964, 0.0941227972507, 0.0822277367115, 0.202484369278, 0.308773249388, 0.2428047508, 0.162421107292, 0.122085891664, 0.111221887171, 0.114280357957, 0.119898401201, 0.200105890632, 0.346098661423, 0.33685785532, 0.227944150567, 0.216985732317, 0.310178875923, 0.630334436893],
    "chords_key": "C#",
    "chords_scale": "minor",
    "key_key": "F#",
    "key_scale": "minor"
}
}