{
"lowlevel": {
    "average_loudness": 0.96485298872,
    "barkbands_crest": {
        "mean": 12.5802173615,
        "var": 21.1894378662
    },
    "barkbands_flatness_db": {
        "mean": 0.24448916316,
        "var": 0.017231632024
    },
    "barkbands_kurtosis": {
        "mean": 23.9792518616,
        "var": 1746.14453125
    },
    "barkbands_skewness": {
        "mean": 3.03858971596,
        "var": 6.32930326462
    },
    "barkbands_spread": {
        "mean": 19.0765132904,
        "var": 479.459136963
    },
    "dissonance": {
        "mean": 0.456240326166,
        "var": 0.00184491102118
    },
    "dynamic_complexity": 2.68180847168,
    "erbbands_crest": {
        "mean": 10.5098619461,
        "var": 23.6676502228
    },
    "erbbands_flatness_db": {
        "mean": 0.191359952092,
        "var": 0.00552118895575
    },
    "erbbands_kurtosis": {
        "mean": 2.96040725708,
        "var": 98.4547958374
    },
    "erbbands_skewness": {
        "mean": 0.316353440285,
        "var": 2.66877770424
    },
    "erbbands_spread": {
        "mean": 43.6577987671,
        "var": 748.008239746
    },
    "hfc": {
        "mean": 29.3709163666,
        "var": 3318.42089844
    },
    "melbands_crest": {
        "mean": 18.2911224365,
        "var": 32.5107879639
    },
    "melbands_flatness_db": {
        "mean": 0.336260646582,
        "var": 0.0255527440459
    },
    "melbands_kurtosis": {
        "mean": 55.7285804749,
        "var": 6704.19091797
    },
    "melbands_skewness": {
        "mean": 4.78311634064,
        "var": 10.6469488144
    },
    "melbands_spread": {
        "mean": 16.9334754944,
        "var": 543.450866699
    },
    "pitch_salience": {
        "mean": 0.457179546356,
        "var": 0.0173893980682
    },
    "silence_rate_20dB": {
        "mean": 0.999485075474,
        "var": 0.000514657760505
    },
    "silence_rate_30dB": {
        "mean": 0.834706485271,
        "var": 0.13797287643
    },
    "silence_rate_60dB": {
        "mean": 0.0520082376897,
        "var": 0.049304138869
    },
    "spectral_centroid": {
        "mean": 1052.8626709,
        "var": 660713.125
    },
    "spectral_complexity": {
        "mean": 12.8522138596,
        "var": 111.126617432
    },
    "spectral_decrease": {
        "mean": -1.55974966276e-008,
        "var": 2.06122450159e-016
    },
    "spectral_energy": {
        "mean": 0.061532497406,
        "var": 0.003023509169
    },
    "spectral_energyband_high": {
        "mean": 0.00174857710954,
        "var": 3.16343030136e-005
    },
    "spectral_energyband_low": {
        "mean": 0.0490580052137,
        "var": 0.00277288258076
    },
    "spectral_energyband_middle_high": {
        "mean": 0.00420355191454,
        "var": 4.17156079493e-005
    },
    "spectral_energyband_middle_low": {
        "mean": 0.0089306961745,
        "var": 0.000109819447971
    },
    "spectral_entropy": {
        "mean": 6.96270656586,
        "var": 0.970855772495
    },
    "spectral_flux": {
        "mean": 0.117914691567,
        "var": 0.00626405561343
    },
    "spectral_kurtosis": {
        "mean": 13.485118866,
        "var": 844.595092773
    },
    "spectral_rms": {
        "mean": 0.00692672561854,
        "var": 1.20521854114e-005
    },
    "spectral_rolloff": {
        "mean": 1256.56555176,
        "var": 5244982.5
    },
    "spectral_skewness": {
        "mean": 2.15163707733,
        "var": 2.86435461044
    },
    "spectral_spread": {
        "mean": 4449772.5,
        "var": 8.85325928858e+012
    },
    "spectral_strongpeak": {
        "mean": 0.569064438343,
        "var": 0.5227227211
    },
    "zerocrossingrate": {
        "mean": 0.0447727739811,
        "var": 0.00236712396145
    },
    "barkbands": {
        "mean": [0.00413461681455, 0.028706163168, 0.0138254053891, 0.00412959838286, 0.00218729465269, 0.00119075470138, 0.000864873523824, 0.000245674367761, 0.000280067732092, 0.000133079476655, 0.000172690706677, 0.000291597796604, 0.000580620020628, 0.000868824543431, 0.000549366988707, 0.00041786726797, 0.000574533420149, 0.000397067429731, 0.000148458377225, 0.000150980529725, 0.000123672187328, 0.000174433662323, 0.00020637337002, 0.000401797675295, 0.000636378710624, 0.000132534769364, 7.89357818576e-006],
        "var": [8.08891054476e-005, 0.00138309132308, 0.000297009566566, 4.59928269265e-005, 1.73403605004e-005, 6.24147287454e-006, 4.18043100581e-006, 2.96203467087e-007, 6.24587869424e-007, 1.79355936325e-007, 2.71594615242e-007, 3.60434114555e-007, 1.33067453589e-006, 4.94425376019e-006, 1.13761927878e-006, 6.60347438952e-007, 1.13048588446e-006, 9.74615545601e-007, 7.56262963364e-008, 1.11852486384e-007, 8.60652491497e-008, 2.3614389022e-007, 3.38746986017e-007, 2.12010013456e-006, 5.86825626669e-006, 2.34874335092e-007, 3.59689189544e-009]
    },
    "erbbands": {
        "mean": [0.996420025826, 5.6958732605, 15.9324026108, 16.3669700623, 9.36323070526, 6.21170377731, 6.30323982239, 11.7602109909, 14.7369832993, 7.24298095703, 5.3935136795, 6.38360643387, 5.04274749756, 5.03775453568, 9.67983531952, 12.2538480759, 27.8107891083, 23.5317611694, 50.4999008179, 20.8339118958, 28.012462616, 31.3985958099, 29.3925685883, 10.0864105225, 7.69492387772, 7.01100826263, 5.47259950638, 4.39622545242, 5.17314052582, 7.35521316528, 6.09654855728, 6.96450519562, 7.69078636169, 6.89725112915, 4.50559139252, 1.18186378479, 0.105366647243, 0.0204214360565, 0.000757032074034, 9.8962271295e-005],
        "var": [2.65191268921, 50.9354782104, 369.579986572, 508.368408203, 345.743865967, 117.619285583, 121.51461792, 694.825805664, 1048.18591309, 464.987426758, 107.83770752, 374.928161621, 286.454864502, 151.58013916, 508.930511475, 552.093688965, 3257.3840332, 2166.96801758, 15307.7363281, 1397.90612793, 3038.19824219, 3360.12719727, 5135.54931641, 284.866638184, 226.447845459, 234.918121338, 185.916915894, 102.912826538, 186.268585205, 432.083679199, 307.704589844, 642.919372559, 785.889831543, 699.352355957, 286.692230225, 19.6606884003, 0.138448283076, 0.0125786652789, 1.9793285901e-005, 1.68230656072e-008]
    },
    "gfcc": {
        "mean": [-55.782169342, 120.933952332, -98.4486618042, 53.0701751709, -17.4024906158, 24.7622699738, -33.4953079224, 1.34139001369, -11.3162183762, -1.04047822952, -7.32170391083, -4.52670621872, -9.77012634277],
        "cov": [[12717.6259766, -4767.42041016, -588.007019043, 544.71081543, -2179.37792969, 972.243835449, -1444.79956055, 881.160827637, -692.425415039, 571.532226563, -549.016845703, 448.196685791, -271.941802979], [-4767.42041016, 3763.06884766, -311.889007568, -445.387145996, 1285.37390137, -772.632507324, 888.06072998, -583.638122559, 542.262023926, -444.702056885, 455.363525391, -281.565368652, 160.046859741], [-588.007019043, -311.889007568, 1924.58300781, 72.3011398315, 107.927139282, 286.960784912, 69.565574646, 60.9528045654, -104.568077087, 216.088500977, -107.901123047, -19.0720729828, -19.7403030396], [544.71081543, -445.387145996, 72.3011398315, 563.245361328, 161.411148071, 192.407791138, 12.0879554749, 29.2518348694, -51.831199646, -35.6360588074, -56.1108055115, -76.284576416, -8.10802650452], [-2179.37792969, 1285.37390137, 107.927139282, 161.411148071, 1192.02563477, -90.3701019287, 520.82421875, -204.617874146, 187.498641968, -238.494430542, 109.237335205, -193.765350342, 32.7862281799], [972.243835449, -772.632507324, 286.960784912, 192.407791138, -90.3701019287, 433.641174316, -52.7267417908, 155.186279297, -140.097137451, 79.3187332153, -93.2113189697, 14.5448598862, -21.0025615692], [-1444.79956055, 888.06072998, 69.565574646, 12.0879554749, 520.82421875, -52.7267417908, 536.186828613, -117.097671509, 109.019775391, -147.175842285, 68.8863372803, -115.014373779, 49.6872711182], [881.160827637, -583.638122559, 60.9528045654, 29.2518348694, -204.617874146, 155.186279297, -117.097671509, 216.817932129, -77.6819839478, 83.8829879761, -80.8554077148, 37.1278038025, -23.2522163391], [-692.425415039, 542.262023926, -104.568077087, -51.831199646, 187.498641968, -140.097137451, 109.019775391, -77.6819839478, 210.165725708, -34.3677024841, 96.1424102783, -18.0029163361, 2.98867440224], [571.532226563, -444.702056885, 216.088500977, -35.6360588074, -238.494430542, 79.3187332153, -147.175842285, 83.8829879761, -34.3677024841, 181.673309326, -24.8061790466, 58.7882995605, -23.6808986664], [-549.016845703, 455.363525391, -107.901123047, -56.1108055115, 109.237335205, -93.2113189697, 68.8863372803, -80.8554077148, 96.1424102783, -24.8061790466, 148.472946167, 1.35978555679, 22.3606395721], [448.196685791, -281.565368652, -19.0720729828, -76.284576416, -193.765350342, 14.5448598862, -115.014373779, 37.1278038025, -18.0029163361, 58.7882995605, 1.35978555679, 129.062957764, -6.37513542175], [-271.941802979, 160.046859741, -19.7403030396, -8.10802650452, 32.7862281799, -21.0025615692, 49.6872711182, -23.2522163391, 2.98867440224, -23.6808986664, 22.3606395721, -6.37513542175, 81.7936935425]],
        "icov": [[0.000204338735784, -7.1177011705e-005, 0.000136734335683, -0.000239882690948, 0.000171985142515, -0.000236898878939, 0.000176155765075, -0.000255203805864, 0.00016499661433, -0.000211141858017, 0.000295781501336, -0.000338094192557, 0.000344167259755], [-7.1177011705e-005, 0.00282630557194, -0.000419370073359, 0.00196852022782, -0.000827496289276, 0.00179186149035, -0.00124447105918, 0.00133241550066, -0.00182031898294, 0.00244493968785, -0.00363649404608, 0.00316325086169, -0.00173137639649], [0.000136734335683, -0.000419370073359, 0.00093426334206, -0.000331738439854, -6.80371667841e-005, -0.000729677733034, 8.11770587461e-006, 0.00011826708942, 0.000595366815105, -0.00195546308532, 0.00123465457, -0.000515392341185, 0.00037078539026], [-0.000239882690948, 0.00196852022782, -0.000331738439854, 0.00411314237863, -0.0011135264067, 4.92804501846e-005, -0.000368368142517, 0.00144020444714, -0.00153124018107, 0.0023057081271, -0.00222174101509, 0.00377009878866, -0.00160479592159], [0.000171985142515, -0.000827496289276, -6.80371667841e-005, -0.0011135264067, 0.00245192227885, -0.000860244676005, -0.000588231312577, -0.000121720957395, -0.000355410331395, 0.000688019557856, 0.000733300170396, -9.38930970733e-005, 0.00118758226745], [-0.000236898878939, 0.00179186149035, -0.000729677733034, 4.92804501846e-005, -0.000860244676005, 0.00608053430915, -0.0016145631671, -0.00140219228342, 0.000922300387174, 0.000787857628893, -0.0027886335738, 0.00139507767744, -0.000911179115064], [0.000176155765075, -0.00124447105918, 8.11770587461e-006, -0.000368368142517, -0.000588231312577, -0.0016145631671, 0.00465168058872, -0.000583534012549, -8.80308289197e-005, 0.000478792149806, 0.00148677802645, -0.00020015896007, -0.000464468059363], [-0.000255203805864, 0.00133241550066, 0.00011826708942, 0.00144020444714, -0.000121720957395, -0.00140219228342, -0.000583534012549, 0.00949542783201, -0.0014020674862, -0.000937109114602, 0.00113115843851, 0.00155793898739, -0.000949647335801], [0.00016499661433, -0.00182031898294, 0.000595366815105, -0.00153124018107, -0.000355410331395, 0.000922300387174, -8.80308289197e-005, -0.0014020674862, 0.0102307014167, -0.00331453816034, -0.00144149200059, -0.0025738843251, 0.00299650989473], [-0.000211141858017, 0.00244493968785, -0.00195546308532, 0.0023057081271, 0.000688019557856, 0.000787857628893, 0.000478792149806, -0.000937109114602, -0.00331453816034, 0.0143455415964, -0.00495782494545, 0.0018077759305, -0.000589456874877], [0.000295781501336, -0.00363649404608, 0.00123465457, -0.00222174101509, 0.000733300170396, -0.0027886335738, 0.00148677802645, 0.00113115843851, -0.00144149200059, -0.00495782494545, 0.0168102923781, -0.00578879890963, 0.00015563373745], [-0.000338094192557, 0.00316325086169, -0.000515392341185, 0.00377009878866, -9.38930970733e-005, 0.00139507767744, -0.00020015896007, 0.00155793898739, -0.0025738843251, 0.0018077759305, -0.00578879890963, 0.0157972201705, -0.00267274701037], [0.000344167259755, -0.00173137639649, 0.00037078539026, -0.00160479592159, 0.00118758226745, -0.000911179115064, -0.000464468059363, -0.000949647335801, 0.00299650989473, -0.000589456874877, 0.00015563373745, -0.00267274701037, 0.0154595309868]]
    },
    "melbands": {
        "mean": [0.00835383310914, 0.00828864611685, 0.00265886611305, 0.000532111211214, 0.000227383570746, 0.000255247781752, 0.000213634513784, 7.02171892044e-005, 4.1396033339e-005, 4.05665050494e-005, 2.45604678639e-005, 1.93927080545e-005, 2.99185376207e-005, 3.41129853041e-005, 5.04753588757e-005, 5.14565908816e-005, 4.46320445917e-005, 9.55383657129e-005, 3.85388266295e-005, 2.05350370379e-005, 3.30470356857e-005, 2.88393712253e-005, 3.72480535589e-005, 1.81739123946e-005, 6.93632000548e-006, 5.65131495023e-006, 5.6696185311e-006, 4.32922843174e-006, 3.42516045748e-006, 3.03517754219e-006, 2.37653262047e-006, 2.61790773948e-006, 3.86862484447e-006, 4.15531576436e-006, 3.6477924823e-006, 3.45860712514e-006, 4.39267114416e-006, 5.11841335538e-006, 5.79929792366e-006, 5.9161225181e-006],
        "var": [0.000140745483804, 8.89864022611e-005, 1.22627843666e-005, 1.08598021598e-006, 1.40701104101e-007, 3.01247553125e-007, 2.11721655319e-007, 4.30567403953e-008, 6.44478470591e-009, 1.56435060461e-008, 7.12070580278e-009, 2.64306287967e-009, 6.82468170865e-009, 5.64102409228e-009, 9.93216264789e-009, 1.1519522225e-008, 9.10308362023e-009, 6.35280841266e-008, 6.61624310894e-009, 1.19948329047e-009, 4.31647873e-009, 3.6997138686e-009, 7.06609082357e-009, 1.5810259768e-009, 1.54599832936e-010, 1.19536519572e-010, 1.6369919309e-010, 9.75969721706e-011, 8.17876044668e-011, 5.24678009373e-011, 3.26314114618e-011, 4.43292243191e-011, 1.28048183168e-010, 1.3929127296e-010, 1.24612001273e-010, 1.30082153382e-010, 2.71982658617e-010, 3.4929101278e-010, 4.75393557853e-010, 5.37150768309e-010]
    },
    "mfcc": {
        "mean": [-701.284362793, 139.7631073, 6.0468506813, 37.5163726807, 38.3717041016, 27.0636081696, 5.5195813179, 9.78042411804, 0.531889200211, 4.65142250061, 4.86644506454, 5.82167720795, 0.643852293491],
        "cov": [[11736.3349609, -3779.15527344, -472.410736084, -561.808898926, -670.614440918, -529.53326416, -605.817077637, -138.530731201, -171.311599731, -85.8179321289, -121.556747437, -111.753929138, -24.3697032928], [-3779.15527344, 2975.73364258, -501.309448242, 270.360015869, 150.362197876, 129.660797119, 130.064498901, 121.602806091, -16.6989822388, 28.5785579681, 41.4167366028, 137.526977539, 29.4450912476], [-472.410736084, -501.309448242, 1628.00170898, -103.242683411, 47.2940673828, 87.2010192871, 103.910324097, -160.303863525, 119.182151794, -51.4440040588, 25.2322788239, 45.227142334, 100.413795471], [-561.808898926, 270.360015869, -103.242683411, 446.471496582, 197.043899536, 175.672302246, 117.441749573, 72.8617019653, 42.1538009644, 62.4780082703, 4.04782533646, -22.0617275238, -29.9841461182], [-670.614440918, 150.362197876, 47.2940673828, 197.043899536, 487.203613281, 185.549316406, 163.136779785, 58.8706207275, 59.5675392151, 60.1159896851, 48.8962020874, -26.1953029633, -16.7245903015], [-529.53326416, 129.660797119, 87.2010192871, 175.672302246, 185.549316406, 297.44934082, 198.008758545, 91.4778594971, 66.624168396, 40.6829948425, 22.3347034454, 6.14732980728, -6.6805768013], [-605.817077637, 130.064498901, 103.910324097, 117.441749573, 163.136779785, 198.008758545, 396.055877686, 105.605781555, 121.290534973, 59.6144599915, 7.65016555786, -20.4152908325, -28.2173061371], [-138.530731201, 121.602806091, -160.303863525, 72.8617019653, 58.8706207275, 91.4778594971, 105.605781555, 175.261764526, 53.5544013977, 26.9373035431, 22.0770339966, -8.85565090179, -22.7326164246], [-171.311599731, -16.6989822388, 119.182151794, 42.1538009644, 59.5675392151, 66.624168396, 121.290534973, 53.5544013977, 150.11038208, 40.0578956604, 15.2807569504, -13.3870792389, -4.41515779495], [-85.8179321289, 28.5785579681, -51.4440040588, 62.4780082703, 60.1159896851, 40.6829948425, 59.6144599915, 26.9373035431, 40.0578956604, 101.112335205, 24.0005779266, -11.9036273956, -16.2721214294], [-121.556747437, 41.4167366028, 25.2322788239, 4.04782533646, 48.8962020874, 22.3347034454, 7.65016555786, 22.0770339966, 15.2807569504, 24.0005779266, 94.7515945435, 28.6447200775, 1.20435130596], [-111.753929138, 137.526977539, 45.227142334, -22.0617275238, -26.1953029633, 6.14732980728, -20.4152908325, -8.85565090179, -13.3870792389, -11.9036273956, 28.6447200775, 121.703887939, 57.9659118652], [-24.3697032928, 29.4450912476, 100.413795471, -29.9841461182, -16.7245903015, -6.6805768013, -28.2173061371, -22.7326164246, -4.41515779495, -16.2721214294, 1.20435130596, 57.9659118652, 90.3388214111]],
        "icov": [[0.000181233306648, 0.000243409434916, 0.000110530745587, 1.93494579435e-005, 9.08060319489e-005, 7.02604738763e-005, 0.000104274884507, -8.18552143755e-005, 7.31381942387e-006, -3.78427175747e-005, 8.90753653948e-005, -0.000122583383927, -4.18945928686e-005], [0.000243409434916, 0.000741524097975, 0.000284679088509, -0.000187733385246, 5.75693848077e-005, 0.000146732025314, -2.67116156465e-005, -0.000160085532116, 8.37344341562e-005, 6.84334881953e-005, 8.33739686641e-005, -0.000718989642337, -0.000105239785626], [0.000110530745587, 0.000284679088509, 0.00107530585956, 0.000159725488629, 4.38931274402e-005, -0.000466327182949, -0.00025783610181, 0.00132464803755, -0.00100294314325, 0.00079860893311, -0.000505714153405, -1.47554843011e-007, -0.000877081998624], [1.93494579435e-005, -0.000187733385246, 0.000159725488629, 0.00352578400634, -0.000758321781177, -0.00165488163475, 0.000426280952524, -0.000130713830004, -0.000124397673062, -0.00119576870929, 0.000954324146733, 0.000174687840627, 0.000550316937733], [9.08060319489e-005, 5.75693848077e-005, 4.38931274402e-005, -0.000758321781177, 0.00325254537165, -0.00116396101657, -0.000454636465292, 0.000384531042073, 9.89601467154e-005, -0.0003573395079, -0.00164131133351, 0.0012549693929, -0.000666817009915], [7.02604738763e-005, 0.000146732025314, -0.000466327182949, -0.00165488163475, -0.00116396101657, 0.00724010681733, -0.00214095436968, -0.00213924632408, 0.000545443734154, 1.36701783049e-005, 7.86328819231e-005, -0.00126520404592, -0.000107035746623], [0.000104274884507, -2.67116156465e-005, -0.00025783610181, 0.000426280952524, -0.000454636465292, -0.00214095436968, 0.0051401546225, -0.0013296547113, -0.0021792287007, -0.00116398918908, 0.00154326087795, -0.000277750281384, 0.00133483286481], [-8.18552143755e-005, -0.000160085532116, 0.00132464803755, -0.000130713830004, 0.000384531042073, -0.00213924632408, -0.0013296547113, 0.00981977116317, -0.00281966221519, 0.0012935862178, -0.00227965833619, 0.000482614152133, 0.000298948754789], [7.31381942387e-006, 8.37344341562e-005, -0.00100294314325, -0.000124397673062, 9.89601467154e-005, 0.000545443734154, -0.0021792287007, -0.00281966221519, 0.0109018562362, -0.00292684603482, -0.000469903548947, 0.00120693817735, -0.00104592018761], [-3.78427175747e-005, 6.84334881953e-005, 0.00079860893311, -0.00119576870929, -0.0003573395079, 1.36701783049e-005, -0.00116398918908, 0.0012935862178, -0.00292684603482, 0.0136937834322, -0.00352497887798, 0.000849859847222, 0.000404931808589], [8.90753653948e-005, 8.33739686641e-005, -0.000505714153405, 0.000954324146733, -0.00164131133351, 7.86328819231e-005, 0.00154326087795, -0.00227965833619, -0.000469903548947, -0.00352497887798, 0.0144316190854, -0.00509137986228, 0.0029026537668], [-0.000122583383927, -0.000718989642337, -1.47554843011e-007, 0.000174687840627, 0.0012549693929, -0.00126520404592, -0.000277750281384, 0.000482614152133, 0.00120693817735, 0.000849859847222, -0.00509137986228, 0.0148987304419, -0.00884694419801], [-4.18945928686e-005, -0.000105239785626, -0.000877081998624, 0.000550316937733, -0.000666817009915, -0.000107035746623, 0.00133483286481, 0.000298948754789, -0.00104592018761, 0.000404931808589, 0.0029026537668, -0.00884694419801, 0.018270554021]]
    },
    "spectral_contrast_coeffs": {
        "mean": [-0.645643770695, -0.71920722723, -0.776806116104, -0.740798652172, -0.755374968052, -0.766933262348],
        "var": [0.00548333022743, 0.0119375670329, 0.00532420026138, 0.0062186261639, 0.00569225568324, 0.00299492687918]
    },
    "spectral_contrast_valleys": {
        "mean": [-6.76582670212, -7.78353595734, -8.36332416534, -8.33258724213, -8.58556842804, -11.2390346527],
        "var": [0.906882226467, 1.21583390236, 1.21511268616, 1.29463112354, 2.04384231567, 4.50620794296]
    }
},
"metadata": {
    "audio_properties": {
        "analysis_sample_rate": 44100,
        "bit_rate": 128074,
        "equal_loudness": 0,
        "length": 45.0612258911,
        "lossless": 0,
        "replay_gain": -5.70698165894,
        "sample_rate": 44100,
        "codec": "mp3",
        "downmix": "mix",
        "md5_encoded": "167d9c6cd0df400340592d0fc5d5969d"
    },
    "tags": {
        "file_name": "1677.mp3"
    },
    "version": {
        "essentia": "2.1-beta2",
        "essentia_git_sha": "v2.1_beta2",
        "extractor": "music 1.0"
    }
},
"rhythm": {
    "beats_count": 63,
    "beats_loudness": {
        "mean": 0.0713687986135,
        "var": 0.000802661874332
    },
    "bpm": 84.0423278809,
    "bpm_histogram_first_peak_bpm": {
        "mean": 83,
        "var": 0
    },
    "bpm_histogram_first_peak_spread": {
        "mean": 0.396551758051,
        "var": 0
    },
    "bpm_histogram_first_peak_weight": {
        "mean": 0.56451612711,
        "var": 0
    },
    "bpm_histogram_second_peak_bpm": {
        "mean": 92,
        "var": 0
    },
    "bpm_histogram_second_peak_spread": {
        "mean": 0.25,
        "var": 0
    },
    "bpm_histogram_second_peak_weight": {
        "mean": 0.0483870953321,
        "var": 0
    },
    "danceability": 1.63887643814,
    "onset_rate": 4.50295162201,
    "beats_loudness_band_ratio": {
        "mean": [0.565638363361, 0.0777401253581, 0.0331850685179, 0.0489425174892, 0.182351797819, 0.112899892032],
        "var": [0.0343409478664, 0.00404093088582, 0.00156296999194, 0.000965243263636, 0.0188073888421, 0.0132055031136]
    },
    "beats_position": [0.650158703327, 1.31192743778, 1.9620860815, 2.61224484444, 3.28562355042, 3.99383211136, 4.71365070343, 5.41024923325, 6.13006782532, 6.84988641739, 7.56970500946, 8.26630401611, 8.98612213135, 9.70594120026, 10.4257593155, 11.1223583221, 11.8421764374, 12.5619955063, 13.2818136215, 13.9784126282, 14.6982307434, 15.4180498123, 16.1378688812, 16.8344669342, 17.5542850494, 18.2741031647, 18.9939231873, 19.7137413025, 20.4219493866, 21.1301574707, 21.8499774933, 22.5465755463, 23.2663936615, 23.9862117767, 24.7060317993, 25.4258499146, 26.1340579987, 26.8422679901, 27.5620861053, 28.2819042206, 28.9901123047, 29.6983222961, 30.4181404114, 31.1379585266, 31.8461666107, 32.5543746948, 33.2741928101, 33.99401474, 34.7022209167, 35.4104309082, 36.1302490234, 36.8500671387, 37.5698852539, 38.2780952454, 38.9863014221, 39.7061233521, 40.4143295288, 41.1225395203, 41.8423576355, 42.5621757507, 43.2703857422, 43.9785919189, 44.6984100342]
},
"tonal": {
    "chords_changes_rate": 0.0606995895505,
    "chords_number_rate": 0.0113168722019,
    "chords_strength": {
        "mean": 0.498758018017,
        "var": 0.00528407143429
    },
    "hpcp_entropy": {
        "mean": 2.23921823502,
        "var": 0.549533605576
    },
    "key_strength": 0.501488685608,
    "tuning_diatonic_strength": 0.442685097456,
    "tuning_equal_tempered_deviation": 0.240241155028,
    "tuning_frequency": 434.193115234,
    "tuning_nontempered_energy_ratio": 0.913988053799,
    "hpcp": {
        "mean": [0.140807166696, 0.161678642035, 0.105655610561, 0.0708051472902, 0.0604745298624, 0.0565661005676, 0.104987062514, 0.16589589417, 0.120370738208, 0.0468244589865, 0.032967787236, 0.0479455813766, 0.110413312912, 0.158476442099, 0.124951325357, 0.0868139714003, 0.0841078087687, 0.0687595456839, 0.0552780404687, 0.0529278740287, 0.0538915246725, 0.100478932261, 0.142783895135, 0.252151966095, 0.360717236996, 0.2245375067, 0.102934770286, 0.178562283516, 0.243270576, 0.181319609284, 0.0985369235277, 0.0716416239738, 0.0562711395323, 0.0841138884425, 0.130418792367, 0.11933914572],
        "var": [0.0684321820736, 0.0917685031891, 0.0384450778365, 0.0282498132437, 0.0217916686088, 0.0248018335551, 0.0426465049386, 0.0962618365884, 0.0580969750881, 0.0163752976805, 0.0124573605135, 0.015673039481, 0.0366699770093, 0.0580791532993, 0.0454802326858, 0.0355287604034, 0.0448939837515, 0.032128483057, 0.0184874814004, 0.0230897609144, 0.016733776778, 0.0377683192492, 0.0646366924047, 0.0696681290865, 0.144005790353, 0.0659553855658, 0.0472763106227, 0.0772190243006, 0.118539281189, 0.0857326313853, 0.0457890182734, 0.0390414409339, 0.0227063875645, 0.0243204496801, 0.0556036382914, 0.0465487390757]
    },
    "chords_histogram": [10.0823049545, 10.6995887756, 27.5720157623, 0, 0, 0, 4.62962961197, 3.39506173134, 24.5884780884, 0, 0, 0, 0, 0, 0, 1.13168728352, 0, 0, 0, 1.33744859695, 0, 3.49794244766, 1.23456788063, 11.8312759399],
    "thpcp": [1, 0.622475147247, 0.285361379385, 0.495020091534, 0.674407958984, 0.502664089203, 0.27316942811, 0.19860881567, 0.155997917056, 0.233185112476, 0.361554086208, 0.330838501453, 0.390353322029, 0.448214352131, 0.292904257774, 0.196289896965, 0.167650789022, 0.156815633178, 0.291050851345, 0.459905654192, 0.33369833231, 0.129809319973, 0.0913950949907, 0.132917359471, 0.306093811989, 0.439337044954, 0.346396893263, 0.24067042768, 0.233168259263, 0.190618962049, 0.153244793415, 0.146729543805, 0.149401023984, 0.278553187847, 0.395833313465, 0.699029445648],
    "chords_key": "E",
    "chords_scale": "major",
    "key_key": "A",
    "key_scale": "major"
}
}