{
"lowlevel": {
    "average_loudness": 0.867836117744,
    "barkbands_crest": {
        "mean": 9.73837566376,
        "var": 13.3357086182
    },
    "barkbands_flatness_db": {
        "mean": 0.158784434199,
        "var": 0.0019866200164
    },
    "barkbands_kurtosis": {
        "mean": 2.50725221634,
        "var": 32.5000419617
    },
    "barkbands_skewness": {
        "mean": 0.935841023922,
        "var": 1.12116026878
    },
    "barkbands_spread": {
        "mean": 15.6270904541,
        "var": 62.2417144775
    },
    "dissonance": {
        "mean": 0.437889575958,
        "var": 0.00139592704363
    },
    "dynamic_complexity": 3.30851626396,
    "erbbands_crest": {
        "mean": 12.1105947495,
        "var": 27.4681529999
    },
    "erbbands_flatness_db": {
        "mean": 0.213411092758,
        "var": 0.00228505465202
    },
    "erbbands_kurtosis": {
        "mean": 1.34571254253,
        "var": 6.18207120895
    },
    "erbbands_skewness": {
        "mean": 0.36569827795,
        "var": 0.650108277798
    },
    "erbbands_spread": {
        "mean": 23.3204975128,
        "var": 144.907775879
    },
    "hfc": {
        "mean": 18.4139099121,
        "var": 286.206512451
    },
    "melbands_crest": {
        "mean": 12.2775306702,
        "var": 21.4521636963
    },
    "melbands_flatness_db": {
        "mean": 0.212843164802,
        "var": 0.00233128783293
    },
    "melbands_kurtosis": {
        "mean": 5.13178825378,
        "var": 95.1702957153
    },
    "melbands_skewness": {
        "mean": 1.39931488037,
        "var": 1.52415502071
    },
    "melbands_spread": {
        "mean": 22.3993721008,
        "var": 154.957092285
    },
    "pitch_salience": {
        "mean": 0.541983306408,
        "var": 0.00894119031727
    },
    "silence_rate_20dB": {
        "mean": 1,
        "var": 0
    },
    "silence_rate_30dB": {
        "mean": 0.999485075474,
        "var": 0.000514655490406
    },
    "silence_rate_60dB": {
        "mean": 0.0664263665676,
        "var": 0.0620120130479
    },
    "spectral_centroid": {
        "mean": 1194.89367676,
        "var": 275828.65625
    },
    "spectral_complexity": {
        "mean": 14.4073123932,
        "var": 31.7213153839
    },
    "spectral_decrease": {
        "mean": -5.16514608861e-009,
        "var": 1.59586681722e-017
    },
    "spectral_energy": {
        "mean": 0.0211646519601,
        "var": 0.000270299671683
    },
    "spectral_energyband_high": {
        "mean": 0.000255646882579,
        "var": 1.61523388442e-007
    },
    "spectral_energyband_low": {
        "mean": 0.00181520287879,
        "var": 6.09078279012e-006
    },
    "spectral_energyband_middle_high": {
        "mean": 0.00867614056915,
        "var": 0.000120687866001
    },
    "spectral_energyband_middle_low": {
        "mean": 0.010866202414,
        "var": 0.000107579820906
    },
    "spectral_entropy": {
        "mean": 7.06300640106,
        "var": 0.157147839665
    },
    "spectral_flux": {
        "mean": 0.0699328929186,
        "var": 0.00126949208789
    },
    "spectral_kurtosis": {
        "mean": 7.16961956024,
        "var": 15.3615570068
    },
    "spectral_rms": {
        "mean": 0.00419930974022,
        "var": 3.01421050608e-006
    },
    "spectral_rolloff": {
        "mean": 1361.74243164,
        "var": 559151.75
    },
    "spectral_skewness": {
        "mean": 1.89688658714,
        "var": 0.226813808084
    },
    "spectral_spread": {
        "mean": 3447274.75,
        "var": 2.10258873549e+012
    },
    "spectral_strongpeak": {
        "mean": 1.90665888786,
        "var": 3.88366222382
    },
    "zerocrossingrate": {
        "mean": 0.0505861379206,
        "var": 0.000407196406741
    },
    "barkbands": {
        "mean": [3.64799670933e-005, 0.000634714029729, 0.000802238821052, 0.00104791542981, 0.00252076401375, 0.00211981032044, 0.00141907192301, 0.00206398870796, 0.00138831557706, 0.00142282852903, 0.00169088563416, 0.00145798630547, 0.00151184375864, 0.000941950944252, 0.00070915359538, 0.000309904862661, 0.000293499557301, 0.000233497165027, 0.000247028045123, 0.000124956597574, 0.000104544815258, 2.47318239417e-005, 1.88956237253e-005, 2.08417659451e-005, 9.77278432401e-006, 8.15413113742e-006, 8.76267620242e-007],
        "var": [1.01297272792e-008, 1.7371321519e-006, 1.85406497621e-006, 2.8318056593e-006, 1.16578003144e-005, 1.10687760753e-005, 5.30828128831e-006, 1.98144207388e-005, 1.54677327373e-005, 1.70483635884e-005, 2.50851862802e-005, 8.25291135698e-006, 1.68033511727e-005, 6.47388606012e-006, 2.57422698269e-006, 4.63554670205e-007, 2.73678153917e-007, 2.4745168048e-007, 1.93778816993e-007, 6.1288496056e-008, 7.74428130512e-008, 9.91407067552e-010, 6.35915098357e-010, 1.48508294551e-009, 7.11859904357e-010, 1.08435116442e-009, 2.62146467728e-011]
    },
    "erbbands": {
        "mean": [0.0173816550523, 0.151748821139, 0.764429569244, 2.27403974533, 8.35363769531, 6.7187371254, 7.7418847084, 18.8985385895, 22.3604373932, 24.7831516266, 52.8726501465, 30.9103050232, 33.7015151978, 65.082649231, 62.0032997131, 72.5561447144, 66.9051055908, 68.397026062, 35.1390342712, 28.4182014465, 16.5497131348, 15.4674196243, 12.3409643173, 9.62841033936, 13.4058980942, 7.29769849777, 6.84706926346, 1.58686029911, 0.942791461945, 0.594475328922, 0.544558942318, 0.41793435812, 0.343730479479, 0.124765388668, 0.0662547275424, 0.0323806665838, 0.0149080548435, 0.00363291730173, 0.000107688829303, 2.75905877061e-005],
        "var": [0.00191983627155, 0.0857041552663, 1.58886325359, 8.14062213898, 210.446838379, 63.5764007568, 135.431625366, 1046.15673828, 1300.13293457, 2647.33740234, 14046.1787109, 7526.11962891, 7871.02978516, 28774.1816406, 26861.7363281, 19128.3496094, 30672.609375, 30589.7480469, 7325.44091797, 3508.1394043, 936.61706543, 696.341430664, 590.901062012, 270.259246826, 691.26361084, 221.978225708, 350.317047119, 3.49754095078, 1.36114668846, 0.595991849899, 0.525316536427, 0.355997353792, 0.61655819416, 0.0981666147709, 0.0433170050383, 0.0143811395392, 0.0039280699566, 0.000264719099505, 3.08521947545e-007, 5.3424270563e-010]
    },
    "gfcc": {
        "mean": [-34.7626190186, 112.320594788, -142.679718018, 13.1802206039, -58.9938316345, 6.64193534851, -37.3307762146, -0.44119939208, -25.3211975098, -0.572453796864, -10.9972753525, -8.62349224091, -11.3777294159],
        "cov": [[5091.23291016, -299.658447266, -80.8470840454, 24.3677635193, -149.81993103, 218.986236572, -64.407875061, -236.476989746, -294.105651855, -42.7930603027, -143.286270142, 93.7755966187, -117.073493958], [-299.658447266, 940.533203125, 165.682876587, 138.379959106, 101.906074524, -18.4587535858, 29.5045623779, -151.377258301, 92.0422363281, -162.223526001, -33.0351753235, 11.6873779297, 83.8609466553], [-80.8470840454, 165.682876587, 961.130371094, 173.611297607, 91.5511779785, 28.8190822601, -143.184005737, 11.2868595123, -84.5516052246, 10.3243665695, -157.03553772, 159.165267944, -28.7674636841], [24.3677635193, 138.379959106, 173.611297607, 441.813140869, 118.781585693, -62.4725952148, -23.1502685547, 14.2434005737, 23.8192234039, -53.8214912415, 1.29792177677, 32.9656829834, 1.43916988373], [-149.81993103, 101.906074524, 91.5511779785, 118.781585693, 267.877075195, 17.8774490356, -7.15615177155, 62.2343635559, 37.3301925659, 7.3837223053, -44.8912849426, 33.0868186951, -24.9555225372], [218.986236572, -18.4587535858, 28.8190822601, -62.4725952148, 17.8774490356, 325.228729248, 120.667198181, -66.7927780151, -40.7106742859, 39.8953857422, 16.8318729401, -42.330696106, 15.2369146347], [-64.407875061, 29.5045623779, -143.184005737, -23.1502685547, -7.15615177155, 120.667198181, 232.764480591, -0.991266310215, -10.7885904312, 41.6120262146, 64.4610366821, -71.2554168701, 17.3334712982], [-236.476989746, -151.377258301, 11.2868595123, 14.2434005737, 62.2343635559, -66.7927780151, -0.991266310215, 215.430526733, 70.1897201538, 41.3303070068, 3.28128457069, 17.6085186005, -26.6509666443], [-294.105651855, 92.0422363281, -84.5516052246, 23.8192234039, 37.3301925659, -40.7106742859, -10.7885904312, 70.1897201538, 156.597229004, -13.8078308105, -2.27141070366, -15.0850563049, 0.928428888321], [-42.7930603027, -162.223526001, 10.3243665695, -53.8214912415, 7.3837223053, 39.8953857422, 41.6120262146, 41.3303070068, -13.8078308105, 140.171661377, 47.3634147644, -30.8758563995, -21.0318641663], [-143.286270142, -33.0351753235, -157.03553772, 1.29792177677, -44.8912849426, 16.8318729401, 64.4610366821, 3.28128457069, -2.27141070366, 47.3634147644, 173.712402344, -49.892364502, 12.7731704712], [93.7755966187, 11.6873779297, 159.165267944, 32.9656829834, 33.0868186951, -42.330696106, -71.2554168701, 17.6085186005, -15.0850563049, -30.8758563995, -49.892364502, 158.231964111, 13.45378685], [-117.073493958, 83.8609466553, -28.7674636841, 1.43916988373, -24.9555225372, 15.2369146347, 17.3334712982, -26.6509666443, 0.928428888321, -21.0318641663, 12.7731704712, 13.45378685, 94.1290206909]],
        "icov": [[0.000298126309644, -0.000146405320265, 0.000356498843757, -0.000305710738758, 0.000400186458137, -0.000441032345407, 0.000302655214909, -8.8468346803e-005, 0.000675709510688, -0.000277673883829, 0.000500739493873, -0.000401950877858, 0.000632358656731], [-0.000146405320265, 0.00318316649646, -0.00179338699672, 0.000894301047083, -0.00225848588161, 0.00172651885077, -0.00227174255997, 0.0034580710344, -0.00357610173523, 0.00350620760582, -0.00167524989229, 0.000993983703665, -0.00215666252188], [0.000356498843757, -0.00179338699672, 0.00316316448152, -0.0017162776785, 0.0018005957827, -0.00207814690657, 0.00238980050199, -0.00220562168397, 0.00342184095643, -0.00320542347617, 0.00282228458673, -0.00208897097036, 0.00194896187168], [-0.000305710738758, 0.000894301047083, -0.0017162776785, 0.0038991603069, -0.00257692066953, 0.00180884450674, -0.00140664412174, 0.00128079974093, -0.00188227789477, 0.00289620622061, -0.00244066119194, 0.000999331125058, -0.00126140401699], [0.000400186458137, -0.00225848588161, 0.0018005957827, -0.00257692066953, 0.00728733232245, -0.00273358775303, 0.00183564273175, -0.00353144411929, 0.00221238657832, -0.00359296821989, 0.00324877211824, -0.00211577909067, 0.00317309820093], [-0.000441032345407, 0.00172651885077, -0.00207814690657, 0.00180884450674, -0.00273358775303, 0.00628497311845, -0.00402880599722, 0.003578300355, -0.00255581992678, 0.00150161609054, -0.00161409936845, 0.00163153617177, -0.00239000469446], [0.000302655214909, -0.00227174255997, 0.00238980050199, -0.00140664412174, 0.00183564273175, -0.00402880599722, 0.00888066831976, -0.00367496232502, 0.0039629037492, -0.00336942379363, 0.000762954936363, 0.00073268066626, 0.000615017081145], [-8.8468346803e-005, 0.0034580710344, -0.00220562168397, 0.00128079974093, -0.00353144411929, 0.003578300355, -0.00367496232502, 0.0110755041242, -0.00696910731494, 0.00140950945206, -0.00205172901042, -0.00040546033415, -0.000867419934366], [0.000675709510688, -0.00357610173523, 0.00342184095643, -0.00188227789477, 0.00221238657832, -0.00255581992678, 0.0039629037492, -0.00696910731494, 0.0138604389504, -0.00284349452704, 0.00320590147749, -0.000183571843081, 0.00221745739691], [-0.000277673883829, 0.00350620760582, -0.00320542347617, 0.00289620622061, -0.00359296821989, 0.00150161609054, -0.00336942379363, 0.00140950945206, -0.00284349452704, 0.0148882195354, -0.00549606699497, 0.0029911508318, -0.000996197457425], [0.000500739493873, -0.00167524989229, 0.00282228458673, -0.00244066119194, 0.00324877211824, -0.00161409936845, 0.000762954936363, -0.00205172901042, 0.00320590147749, -0.00549606699497, 0.0104885771871, -0.000571664306335, 0.000815126055386], [-0.000401950877858, 0.000993983703665, -0.00208897097036, 0.000999331125058, -0.00211577909067, 0.00163153617177, 0.00073268066626, -0.00040546033415, -0.000183571843081, 0.0029911508318, -0.000571664306335, 0.0103444941342, -0.00384475803003], [0.000632358656731, -0.00215666252188, 0.00194896187168, -0.00126140401699, 0.00317309820093, -0.00239000469446, 0.000615017081145, -0.000867419934366, 0.00221745739691, -0.000996197457425, 0.000815126055386, -0.00384475803003, 0.0150102814659]]
    },
    "melbands": {
        "mean": [0.000163350778166, 0.000336936645908, 0.00060171703808, 0.000564296380617, 0.000266351446044, 0.000437813665485, 0.000341460778145, 0.000285412854282, 0.000416239432525, 0.00018508292851, 0.000163755627, 0.000255475693848, 0.000243646427407, 0.000169397215359, 0.000145152691402, 0.00016529118875, 0.000112873938633, 4.8491092457e-005, 4.72306564916e-005, 2.65432263404e-005, 1.89554648387e-005, 1.70648909261e-005, 1.26195454868e-005, 1.08602889668e-005, 6.5998019636e-006, 1.18909110824e-005, 5.2912364481e-006, 4.42669215772e-006, 5.39610846317e-006, 1.39880376082e-006, 7.5017396739e-007, 5.78908611715e-007, 3.59417555273e-007, 3.21410027482e-007, 3.33216974013e-007, 2.43735314598e-007, 2.74343676665e-007, 2.76814546396e-007, 1.47334787926e-007, 9.06242334509e-008],
        "var": [1.34595381951e-007, 2.93653329209e-007, 6.40948655928e-007, 6.5909461e-007, 1.37651710475e-007, 5.48342256934e-007, 2.71521855666e-007, 3.03527173173e-007, 8.64949186052e-007, 2.74396768418e-007, 1.96186334733e-007, 5.11892494615e-007, 5.13963982485e-007, 1.01435233546e-007, 9.32473014359e-008, 1.86557215898e-007, 9.08059547555e-008, 1.67575482379e-008, 9.68442481764e-009, 4.08791844819e-009, 1.69686342755e-009, 1.22927157342e-009, 7.7485279304e-010, 6.40460184886e-010, 1.65500654847e-010, 6.35766772561e-010, 9.18878861889e-011, 8.85049186716e-011, 2.33526448179e-010, 6.88816928843e-012, 1.15319060724e-012, 6.44628718894e-013, 2.08937752624e-013, 2.26760450694e-013, 2.63768011339e-013, 1.03679400948e-013, 1.93649946339e-013, 4.41633627455e-013, 1.23686420806e-013, 6.60376226901e-014]
    },
    "mfcc": {
        "mean": [-673.701660156, 143.180679321, -21.4153022766, 9.30075550079, -4.12863016129, 0.658577144146, -0.94727230072, -5.53626441956, -8.08344650269, 2.2384967804, -6.0310292244, 2.66530680656, -2.50929832458],
        "cov": [[4605.95751953, -182.559127808, -161.729431152, -117.559417725, -194.401733398, 277.654998779, 8.69964122772, 42.1193885803, -165.847320557, -109.403739929, -177.879745483, -139.557449341, -83.4664764404], [-182.559127808, 774.769165039, 128.061096191, 42.450504303, 94.0044937134, 107.312393188, -94.1290359497, 74.7649383545, 51.8599357605, -141.463470459, 2.09825277328, -76.1857452393, -66.8648452759], [-161.729431152, 128.061096191, 644.734985352, 109.999687195, 122.090919495, 99.8888092041, 3.45630860329, 2.77324390411, 10.446056366, -117.183258057, -19.5897312164, -63.0576820374, -18.8544998169], [-117.559417725, 42.450504303, 109.999687195, 479.363647461, 168.07244873, -67.346534729, -60.9518165588, 51.8963737488, 18.9974422455, -89.9687042236, 38.8843421936, 2.10286831856, -25.6309967041], [-194.401733398, 94.0044937134, 122.090919495, 168.07244873, 305.622650146, -9.85985565186, -83.616317749, 65.2816772461, 55.1850662231, -65.3864593506, 54.6102371216, -25.053894043, -27.5552768707], [277.654998779, 107.312393188, 99.8888092041, -67.346534729, -9.85985565186, 295.562683105, 96.4401702881, 3.76005101204, 11.4559583664, -1.3783929348, -62.6027946472, -7.02409315109, 17.1783657074], [8.69964122772, -94.1290359497, 3.45630860329, -60.9518165588, -83.616317749, 96.4401702881, 260.867858887, -44.6158905029, -26.5693778992, 107.898162842, -38.8746070862, 67.6741867065, 70.6457214355], [42.1193885803, 74.7649383545, 2.77324390411, 51.8963737488, 65.2816772461, 3.76005101204, -44.6158905029, 144.350387573, 50.6402282715, -58.5217399597, 32.1020050049, -16.8783168793, -24.2687969208], [-165.847320557, 51.8599357605, 10.446056366, 18.9974422455, 55.1850662231, 11.4559583664, -26.5693778992, 50.6402282715, 162.094009399, -6.95318460464, 11.8252573013, 10.3745946884, -10.1789464951], [-109.403739929, -141.463470459, -117.183258057, -89.9687042236, -65.3864593506, -1.3783929348, 107.898162842, -58.5217399597, -6.95318460464, 246.173538208, 37.7681999207, 37.8289146423, 36.1747207642], [-177.879745483, 2.09825277328, -19.5897312164, 38.8843421936, 54.6102371216, -62.6027946472, -38.8746070862, 32.1020050049, 11.8252573013, 37.7681999207, 161.160751343, 15.8226995468, -28.9538211823], [-139.557449341, -76.1857452393, -63.0576820374, 2.10286831856, -25.053894043, -7.02409315109, 67.6741867065, -16.8783168793, 10.3745946884, 37.8289146423, 15.8226995468, 154.306030273, 57.9864807129], [-83.4664764404, -66.8648452759, -18.8544998169, -25.6309967041, -27.5552768707, 17.1783657074, 70.6457214355, -24.2687969208, -10.1789464951, 36.1747207642, -28.9538211823, 57.9864807129, 110.772583008]],
        "icov": [[0.000288432987873, 0.00015772752522, 0.000130235363031, -2.7577214496e-005, 0.000130632412038, -0.000377195712645, 6.7779685196e-005, -0.000210840385989, 0.000297393824439, 0.000137649025419, 0.000184630829608, 0.000168597034644, 0.000272276694886], [0.00015772752522, 0.00176058441866, 3.75528325094e-005, 1.76668654603e-005, -4.59850416519e-005, -0.000942409853451, 0.000297907477943, -0.000283824367216, -0.000136377188028, 0.000769272446632, -0.000192702762433, 0.000460000272142, 0.000519671128131], [0.000130235363031, 3.75528325094e-005, 0.00217519071884, -0.000287124712486, -0.000603789405432, -0.000781050883234, -0.000679478165694, 0.000802684109658, -7.74825384724e-005, 0.00122913590167, -0.000334868382197, 0.00103128119372, -3.11660332954e-005], [-2.7577214496e-005, 1.76668654603e-005, -0.000287124712486, 0.00287375203334, -0.00138198060449, 0.000782606424764, -0.000313499476761, -0.000320681050653, 0.000201908609597, 0.000657111289911, -4.78830879729e-005, -0.000562810746487, 0.000356555421604], [0.000130632412038, -4.59850416519e-005, -0.000603789405432, -0.00138198060449, 0.00524873286486, -0.000578224367928, 0.00111095001921, -0.00092728016898, -0.000895503209904, 9.78877214948e-005, -0.00125072011724, 0.000479891052237, -0.00056059268536], [-0.000377195712645, -0.000942409853451, -0.000781050883234, 0.000782606424764, -0.000578224367928, 0.00551264500245, -0.00213618110865, -0.000412114139181, -0.000651051232126, -0.00027037266409, 0.00131093536038, -6.41213409835e-005, -0.000126900093164], [6.7779685196e-005, 0.000297907477943, -0.000679478165694, -0.000313499476761, 0.00111095001921, -0.00213618110865, 0.00746084982529, -0.000574808218516, 0.00103967974428, -0.00294645456597, 0.00129006884526, -0.00215353770182, -0.00171152036637], [-0.000210840385989, -0.000283824367216, 0.000802684109658, -0.000320681050653, -0.00092728016898, -0.000412114139181, -0.000574808218516, 0.010238096118, -0.0028660306707, 0.00262958463281, -0.00262988731265, 0.00110114505515, -0.000210824960959], [0.000297393824439, -0.000136377188028, -7.74825384724e-005, 0.000201908609597, -0.000895503209904, -0.000651051232126, 0.00103967974428, -0.0028660306707, 0.00793847534806, -0.00114920688793, 0.00115079933312, -0.00150687654968, 0.000956897216383], [0.000137649025419, 0.000769272446632, 0.00122913590167, 0.000657111289911, 9.78877214948e-005, -0.00027037266409, -0.00294645456597, 0.00262958463281, -0.00114920688793, 0.00768937682733, -0.00322411162779, 0.00137821410317, -0.000730056490283], [0.000184630829608, -0.000192702762433, -0.000334868382197, -4.78830879729e-005, -0.00125072011724, 0.00131093536038, 0.00129006884526, -0.00262988731265, 0.00115079933312, -0.00322411162779, 0.00960112642497, -0.0024587942753, 0.00299668055959], [0.000168597034644, 0.000460000272142, 0.00103128119372, -0.000562810746487, 0.000479891052237, -6.41213409835e-005, -0.00215353770182, 0.00110114505515, -0.00150687654968, 0.00137821410317, -0.0024587942753, 0.0100624626502, -0.00430465303361], [0.000272276694886, 0.000519671128131, -3.11660332954e-005, 0.000356555421604, -0.00056059268536, -0.000126900093164, -0.00171152036637, -0.000210824960959, 0.000956897216383, -0.000730056490283, 0.00299668055959, -0.00430465303361, 0.0139121031389]]
    },
    "spectral_contrast_coeffs": {
        "mean": [-0.623459756374, -0.682848751545, -0.692472934723, -0.715642869473, -0.739513993263, -0.753727078438],
        "var": [0.00775480782613, 0.00697423191741, 0.00637852679938, 0.00515910284594, 0.00514330109581, 0.00158728251699]
    },
    "spectral_contrast_valleys": {
        "mean": [-7.88353157043, -6.93160009384, -7.65697097778, -8.06130504608, -8.32233810425, -11.1780576706],
        "var": [1.01606094837, 0.791664302349, 0.825396776199, 0.778284192085, 0.7186871171, 0.891803562641]
    }
},
"metadata": {
    "audio_properties": {
        "analysis_sample_rate": 44100,
        "bit_rate": 128074,
        "equal_loudness": 0,
        "length": 45.0612258911,
        "lossless": 0,
        "replay_gain": -6.61779212952,
        "sample_rate": 44100,
        "codec": "mp3",
        "downmix": "mix",
        "md5_encoded": "d5629e597d85a41851c1539edb573eb0"
    },
    "tags": {
        "file_name": "1678.mp3"
    },
    "version": {
        "essentia": "2.1-beta2",
        "essentia_git_sha": "v2.1_beta2",
        "extractor": "music 1.0"
    }
},
"rhythm": {
    "beats_count": 94,
    "beats_loudness": {
        "mean": 0.0276943743229,
        "var": 0.000259817956248
    },
    "bpm": 126.866950989,
    "bpm_histogram_first_peak_bpm": {
        "mean": 126,
        "var": 0
    },
    "bpm_histogram_first_peak_spread": {
        "mean": 0.542168676853,
        "var": 0
    },
    "bpm_histogram_first_peak_weight": {
        "mean": 0.408602148294,
        "var": 0
    },
    "bpm_histogram_second_peak_bpm": {
        "mean": 120,
        "var": 0
    },
    "bpm_histogram_second_peak_spread": {
        "mean": 0.200000017881,
        "var": 0
    },
    "bpm_histogram_second_peak_weight": {
        "mean": 0.0860215052962,
        "var": 0
    },
    "danceability": 0.969975054264,
    "onset_rate": 3.74876260757,
    "beats_loudness_band_ratio": {
        "mean": [0.217122480273, 0.214021220803, 0.235416904092, 0.261291652918, 0.107656694949, 0.0308490265161],
        "var": [0.0307287517935, 0.0272914264351, 0.0279614925385, 0.0377349816263, 0.0104984845966, 0.000580416701268]
    },
    "beats_position": [0.487619042397, 0.975238084793, 1.47446703911, 1.97369611263, 2.47292518616, 2.9837641716, 3.49460315704, 3.99383211136, 4.49306106567, 4.99229001999, 5.47990942001, 5.9675283432, 6.45514726639, 6.93115615845, 7.41877555847, 7.89478445053, 8.38240337372, 8.85841274261, 9.33442115784, 9.79882049561, 10.2748298645, 10.7508392334, 11.2384576797, 11.7144670486, 12.202085495, 12.689704895, 13.1657142639, 13.6301136017, 14.0945119858, 14.5705213547, 15.0465307236, 15.5225391388, 15.9985485077, 16.4745578766, 16.9505672455, 17.4149665833, 17.8793640137, 18.3437633514, 18.8197727203, 19.2957820892, 19.7950115204, 20.2942390442, 20.7818584442, 21.2578678131, 21.733877182, 22.1982765198, 22.6626758575, 23.1386852264, 23.614692688, 24.102312088, 24.5667114258, 25.0427207947, 25.5187301636, 25.9831295013, 26.4475269318, 26.9235363007, 27.3995456696, 27.8639450073, 28.3283443451, 28.7927436829, 29.2803630829, 29.7447605133, 30.2091598511, 30.6735591888, 31.1495685577, 31.6255779266, 32.0899772644, 32.5543746948, 33.0187759399, 33.4831733704, 33.9591827393, 34.4235839844, 34.8995895386, 35.3639907837, 35.8283882141, 36.304397583, 36.7804069519, 37.244808197, 37.7092056274, 38.1852149963, 38.6612243652, 39.1372337341, 39.613243103, 40.0776405334, 40.5420417786, 41.0180473328, 41.4940567017, 41.9584579468, 42.4228553772, 42.8872566223, 43.3516540527, 43.8276634216, 44.3036727905, 44.7680702209]
},
"tonal": {
    "chords_changes_rate": 0.0493827164173,
    "chords_number_rate": 0.0123456791043,
    "chords_strength": {
        "mean": 0.585375785828,
        "var": 0.0116906668991
    },
    "hpcp_entropy": {
        "mean": 1.71351182461,
        "var": 0.571757316589
    },
    "key_strength": 0.761972606182,
    "tuning_diatonic_strength": 0.650067985058,
    "tuning_equal_tempered_deviation": 0.103437438607,
    "tuning_frequency": 439.491973877,
    "tuning_nontempered_energy_ratio": 0.788794338703,
    "hpcp": {
        "mean": [0.172473236918, 0.168508544564, 0.100116699934, 0.0885830968618, 0.0965603590012, 0.145026177168, 0.262078821659, 0.23965677619, 0.107057139277, 0.0433272756636, 0.0347643233836, 0.0714726001024, 0.108486622572, 0.10878906399, 0.176617369056, 0.272509992123, 0.217147946358, 0.0986265838146, 0.0474625714123, 0.0561680719256, 0.117386646569, 0.17323744297, 0.153077319264, 0.102007634938, 0.0642490908504, 0.0671114251018, 0.162290737033, 0.266445249319, 0.228946983814, 0.184140175581, 0.197260737419, 0.122594259679, 0.0570100843906, 0.0601075030863, 0.0569685734808, 0.0916441902518],
        "var": [0.0782407745719, 0.0794534012675, 0.038189355284, 0.037679631263, 0.0401544682682, 0.0425332486629, 0.119779743254, 0.111139014363, 0.0367246158421, 0.0138501618057, 0.00666294619441, 0.0228815078735, 0.0412292182446, 0.029394891113, 0.0608574040234, 0.120322085917, 0.0832243263721, 0.0326385274529, 0.0108845913783, 0.0122877443209, 0.0462506040931, 0.0762710720301, 0.0574133880436, 0.0358753427863, 0.0183073263615, 0.0225511305034, 0.0583942942321, 0.108841992915, 0.0824900716543, 0.0650279596448, 0.113026283681, 0.0485611073673, 0.0142882438377, 0.0193170811981, 0.0148139838129, 0.0269987434149]
    },
    "chords_histogram": [14.0946502686, 28.0864200592, 14.8148145676, 3.49794244766, 0.205761313438, 4.01234579086, 3.39506173134, 0, 2.57201647758, 0.514403283596, 12.8600826263, 0.411522626877, 0, 0, 0, 0, 0, 5.14403295517, 0, 2.98353910446, 0, 0, 2.26337456703, 5.14403295517],
    "thpcp": [1, 0.796844005585, 0.361919134855, 0.1741681844, 0.206113800406, 0.430760890245, 0.635710418224, 0.561731040478, 0.374326229095, 0.235767841339, 0.246271431446, 0.595540523529, 0.977744877338, 0.84014159441, 0.675718963146, 0.723866045475, 0.449870705605, 0.209203645587, 0.220569908619, 0.209051325917, 0.336296617985, 0.632906079292, 0.618357300758, 0.367387264967, 0.325063675642, 0.354336947203, 0.532186627388, 0.961721897125, 0.879442155361, 0.39285582304, 0.158993348479, 0.127570822835, 0.262275159359, 0.398101449013, 0.399211287498, 0.648113369942],
    "chords_key": "B",
    "chords_scale": "minor",
    "key_key": "G",
    "key_scale": "major"
}
}