{
"lowlevel": {
    "average_loudness": 0.772014081478,
    "barkbands_crest": {
        "mean": 9.24419879913,
        "var": 13.2499818802
    },
    "barkbands_flatness_db": {
        "mean": 0.254484295845,
        "var": 0.00451070349663
    },
    "barkbands_kurtosis": {
        "mean": 1.0024343729,
        "var": 16.8601646423
    },
    "barkbands_skewness": {
        "mean": 0.166771709919,
        "var": 0.797174572945
    },
    "barkbands_spread": {
        "mean": 8.91964054108,
        "var": 17.6379413605
    },
    "dissonance": {
        "mean": 0.395702749491,
        "var": 0.00554193928838
    },
    "dynamic_complexity": 4.79579639435,
    "erbbands_crest": {
        "mean": 12.2707805634,
        "var": 21.0380764008
    },
    "erbbands_flatness_db": {
        "mean": 0.33062684536,
        "var": 0.00505183404312
    },
    "erbbands_kurtosis": {
        "mean": 0.9710983634,
        "var": 3.1309595108
    },
    "erbbands_skewness": {
        "mean": 0.0144616831094,
        "var": 0.312357336283
    },
    "erbbands_spread": {
        "mean": 11.4204874039,
        "var": 55.0311088562
    },
    "hfc": {
        "mean": 18.5754261017,
        "var": 395.252563477
    },
    "melbands_crest": {
        "mean": 11.3306245804,
        "var": 19.8758087158
    },
    "melbands_flatness_db": {
        "mean": 0.307214468718,
        "var": 0.00766413798556
    },
    "melbands_kurtosis": {
        "mean": 1.13685393333,
        "var": 15.0198698044
    },
    "melbands_skewness": {
        "mean": 0.470336794853,
        "var": 0.750268340111
    },
    "melbands_spread": {
        "mean": 15.6967372894,
        "var": 82.3700866699
    },
    "pitch_salience": {
        "mean": 0.636953532696,
        "var": 0.0122326957062
    },
    "silence_rate_20dB": {
        "mean": 1,
        "var": 0
    },
    "silence_rate_30dB": {
        "mean": 0.998455226421,
        "var": 0.00154241209384
    },
    "silence_rate_60dB": {
        "mean": 0.16683831811,
        "var": 0.139001190662
    },
    "spectral_centroid": {
        "mean": 964.172180176,
        "var": 236924.953125
    },
    "spectral_complexity": {
        "mean": 13.0221424103,
        "var": 50.3540992737
    },
    "spectral_decrease": {
        "mean": -4.77206585359e-009,
        "var": 1.66130590266e-017
    },
    "spectral_energy": {
        "mean": 0.019695693627,
        "var": 0.000291792821372
    },
    "spectral_energyband_high": {
        "mean": 3.47903187503e-005,
        "var": 5.68583224947e-009
    },
    "spectral_energyband_low": {
        "mean": 0.000595793593675,
        "var": 3.02126659335e-006
    },
    "spectral_energyband_middle_high": {
        "mean": 0.0101159038022,
        "var": 0.000154825014761
    },
    "spectral_energyband_middle_low": {
        "mean": 0.00971327908337,
        "var": 6.97502619005e-005
    },
    "spectral_entropy": {
        "mean": 6.37929153442,
        "var": 0.361146688461
    },
    "spectral_flux": {
        "mean": 0.0396765545011,
        "var": 0.000634855299722
    },
    "spectral_kurtosis": {
        "mean": 40.8676948547,
        "var": 1802.00378418
    },
    "spectral_rms": {
        "mean": 0.00391892483458,
        "var": 3.85736711905e-006
    },
    "spectral_rolloff": {
        "mean": 1248.16210938,
        "var": 875832.0625
    },
    "spectral_skewness": {
        "mean": 3.90581035614,
        "var": 5.29903411865
    },
    "spectral_spread": {
        "mean": 1645784.75,
        "var": 2.11399606272e+012
    },
    "spectral_strongpeak": {
        "mean": 2.20473742485,
        "var": 3.81746101379
    },
    "zerocrossingrate": {
        "mean": 0.0427914895117,
        "var": 0.000635239528492
    },
    "barkbands": {
        "mean": [0.000197453831788, 0.000151025495143, 0.000268899806542, 0.000295652309433, 0.000713977904525, 0.00199791463092, 0.00114265328739, 0.00268720835447, 0.00106590206269, 0.00247109611519, 0.00142557627987, 0.00282145803794, 0.000954182411078, 0.00167565525044, 0.000936949509196, 0.00020733497513, 0.000319356680848, 0.000196764653083, 0.000103028869489, 4.49934923381e-005, 9.0502344392e-006, 6.66972664476e-006, 1.51915230617e-006, 9.39911444675e-007, 3.67397603895e-007, 9.46142719727e-008, 1.19114584862e-008],
        "var": [4.32993118693e-007, 2.55398589388e-007, 7.59715987897e-007, 1.79826758995e-006, 8.37052255065e-007, 4.67096333523e-006, 2.67621385319e-006, 2.02634910238e-005, 1.92507877728e-006, 1.16653527584e-005, 8.53648543853e-006, 2.81123520836e-005, 1.98605539481e-006, 1.2581070223e-005, 2.30808132073e-006, 2.53312464338e-007, 3.40796617593e-007, 1.48083088902e-007, 5.23534637864e-008, 9.35551014436e-009, 3.17831871932e-010, 2.60192589696e-010, 1.52639428874e-011, 7.47463028972e-012, 2.9355261711e-012, 3.64957115093e-013, 1.13947615449e-014]
    },
    "erbbands": {
        "mean": [0.00223636254668, 0.0458787493408, 0.30147138238, 0.604152858257, 1.62398254871, 1.89109480381, 7.0920624733, 17.2239360809, 23.128080368, 22.235824585, 66.0341339111, 29.751001358, 85.5260620117, 41.6339797974, 62.2734107971, 146.539794922, 53.7555122375, 99.6995544434, 39.4484825134, 46.2543182373, 17.0100650787, 13.2674646378, 10.1007375717, 7.19698095322, 3.86252903938, 2.06667900085, 0.91472607851, 0.301133781672, 0.255968630314, 0.109381958842, 0.0387385264039, 0.0244381073862, 0.0110653024167, 0.00528658460826, 0.00213680230081, 0.000588571419939, 0.000157149886945, 3.72084905393e-005, 1.16878063636e-005, 2.3520880859e-005],
        "var": [2.65706476057e-005, 0.025515422225, 1.01503920555, 5.85529708862, 21.5662269592, 6.34214925766, 84.051612854, 446.490203857, 1047.45751953, 1142.31567383, 14275.2089844, 934.527648926, 16097.4160156, 3748.37353516, 16435.3398438, 73627.3125, 5030.02197266, 39103.296875, 3998.35839844, 6953.21386719, 737.223266602, 542.798217773, 380.194030762, 240.257583618, 71.4942550659, 19.2541637421, 4.27133512497, 0.371245652437, 0.359819442034, 0.080364882946, 0.00944969058037, 0.00422479677945, 0.00150711741298, 0.000479224341689, 0.000115045702842, 9.16735370993e-006, 1.25321116684e-006, 8.35697520074e-008, 1.84389614688e-010, 4.35212033079e-010]
    },
    "gfcc": {
        "mean": [-133.916503906, 179.331741333, -170.4715271, -30.6796340942, -52.6653709412, -7.21725225449, -26.398223877, -12.9458341599, -13.7811822891, -9.99977302551, -1.94238734245, -12.8182086945, -1.58160531521],
        "cov": [[9343.73339844, -1232.29626465, -2888.43798828, 979.635070801, 125.447341919, -200.513519287, -149.006347656, -191.749694824, -39.2568054199, -147.314041138, 67.0394058228, -29.6957778931, -82.0814361572], [-1232.29626465, 1406.39172363, 729.907897949, -1061.70251465, -154.731536865, -250.128570557, 76.9906997681, -79.9034805298, 106.909301758, 20.6439476013, 95.7263259888, -68.700088501, 56.6962738037], [-2888.43798828, 729.907897949, 2145.98461914, -162.417526245, -431.84552002, 162.608062744, 122.492340088, 244.309204102, -2.54814052582, 165.43977356, -53.1350746155, 12.4072189331, -20.1908531189], [979.635070801, -1061.70251465, -162.417526245, 1347.47229004, 40.5372619629, 253.952636719, -8.4937877655, 163.878005981, -78.6553649902, -29.9031009674, -155.393875122, 50.4695053101, -73.6918182373], [125.447341919, -154.731536865, -431.84552002, 40.5372619629, 326.709594727, 36.6928253174, -56.8472137451, -47.2549552917, -15.0162563324, -39.3920211792, -40.0830230713, 6.82900524139, -11.2940807343], [-200.513519287, -250.128570557, 162.608062744, 253.952636719, 36.6928253174, 278.0105896, -1.84492969513, 64.2813644409, -78.845451355, 12.5188903809, -62.1357765198, 7.84602975845, -24.8772296906], [-149.006347656, 76.9906997681, 122.492340088, -8.4937877655, -56.8472137451, -1.84492969513, 113.306030273, 37.9261245728, 12.9280500412, -14.0736579895, 2.73302030563, 6.56090068817, 7.62494373322], [-191.749694824, -79.9034805298, 244.309204102, 163.878005981, -47.2549552917, 64.2813644409, 37.9261245728, 144.174484253, 19.9643249512, 12.8693628311, -45.2488212585, 4.0700750351, -9.85985565186], [-39.2568054199, 106.909301758, -2.54814052582, -78.6553649902, -15.0162563324, -78.845451355, 12.9280500412, 19.9643249512, 100.36592865, 17.2763996124, 22.4578742981, -13.044757843, 6.78057146072], [-147.314041138, 20.6439476013, 165.43977356, -29.9031009674, -39.3920211792, 12.5188903809, -14.0736579895, 12.8693628311, 17.2763996124, 89.3821258545, 36.3031616211, 8.9054851532, -15.5885629654], [67.0394058228, 95.7263259888, -53.1350746155, -155.393875122, -40.0830230713, -62.1357765198, 2.73302030563, -45.2488212585, 22.4578742981, 36.3031616211, 108.554382324, 17.431886673, 17.5299777985], [-29.6957778931, -68.700088501, 12.4072189331, 50.4695053101, 6.82900524139, 7.84602975845, 6.56090068817, 4.0700750351, -13.044757843, 8.9054851532, 17.431886673, 63.6419830322, 10.9243593216], [-82.0814361572, 56.6962738037, -20.1908531189, -73.6918182373, -11.2940807343, -24.8772296906, 7.62494373322, -9.85985565186, 6.78057146072, -15.5885629654, 17.5299777985, 10.9243593216, 58.8511886597]],
        "icov": [[0.000307049107505, -0.000460787094198, 0.000786850170698, -0.000380946439691, 0.000708177045453, -3.96812647523e-005, 0.000197838337044, -0.000478456960991, 0.000491612649057, -0.000612396746874, 0.000153165281517, -0.000199233851163, 0.000450954801636], [-0.000460787094198, 0.00444844691083, -0.00293984613381, 0.00263908063062, -0.00186489417683, 0.00143442198168, -0.00138660124503, 0.00253653991967, -0.00238909898326, 0.00341629213654, -0.00100219098385, 0.00250957906246, -0.000766331912018], [0.000786850170698, -0.00293984613381, 0.00399286067113, -0.00141258246731, 0.00346800568514, -0.00119412632193, 0.000521341513377, -0.0031862964388, 0.0024452204816, -0.00470940070227, 0.00253166607581, -0.00228396849707, 0.001230823691], [-0.000380946439691, 0.00263908063062, -0.00141258246731, 0.00305189844221, -0.000572388235014, -1.6360585505e-005, -0.000546571449377, 0.00022088852711, -0.00134205934592, 0.00203821528703, 0.00100408133585, -0.000325288710883, 0.000709973217454], [0.000708177045453, -0.00186489417683, 0.00346800568514, -0.000572388235014, 0.00753434002399, -0.00220093107782, 0.00213401997462, -0.000672104768455, -0.000135365509777, -0.00179191946518, 0.00414338614792, -0.00394684821367, 0.0024232622236], [-3.96812647523e-005, 0.00143442198168, -0.00119412632193, -1.6360585505e-005, -0.00220093107782, 0.00774181773886, -0.00104785524309, -0.00175104895607, 0.0052863676101, -0.00168077065609, 0.000235116691329, 0.00266812532209, -0.000794407911599], [0.000197838337044, -0.00138660124503, 0.000521341513377, -0.000546571449377, 0.00213401997462, -0.00104785524309, 0.0125419422984, -0.00372610869817, -0.000986819155514, 0.00471516791731, -0.00226622563787, -0.00270243897103, 0.00136291584931], [-0.000478456960991, 0.00253653991967, -0.0031862964388, 0.00022088852711, -0.000672104768455, -0.00175104895607, -0.00372610869817, 0.0166090391576, -0.00815004575998, 0.00123054545838, 0.00411669863388, -0.000147982049384, -0.00146511476487], [0.000491612649057, -0.00238909898326, 0.0024452204816, -0.00134205934592, -0.000135365509777, 0.0052863676101, -0.000986819155514, -0.00815004575998, 0.0197566077113, -0.00729465391487, -0.00136536906939, 0.00391017924994, -0.00141085474752], [-0.000612396746874, 0.00341629213654, -0.00470940070227, 0.00203821528703, -0.00179191946518, -0.00168077065609, 0.00471516791731, 0.00123054545838, -0.00729465391487, 0.026058640331, -0.0114238858223, -0.000605222478043, 0.00659010419622], [0.000153165281517, -0.00100219098385, 0.00253166607581, 0.00100408133585, 0.00414338614792, 0.000235116691329, -0.00226622563787, 0.00411669863388, -0.00136536906939, -0.0114238858223, 0.021802207455, -0.0069607491605, -0.00288793095388], [-0.000199233851163, 0.00250957906246, -0.00228396849707, -0.000325288710883, -0.00394684821367, 0.00266812532209, -0.00270243897103, -0.000147982049384, 0.00391017924994, -0.000605222478043, -0.0069607491605, 0.0232448838651, -0.00604301551357], [0.000450954801636, -0.000766331912018, 0.001230823691, 0.000709973217454, 0.0024232622236, -0.000794407911599, 0.00136291584931, -0.00146511476487, -0.00141085474752, 0.00659010419622, -0.00288793095388, -0.00604301551357, 0.0232678353786]]
    },
    "melbands": {
        "mean": [3.93075570173e-005, 0.000124466532725, 0.000146647143993, 0.00010891538841, 0.000213986699237, 0.000418542767875, 0.000320039980579, 0.000280067644781, 0.000507787917741, 0.000173177249962, 0.000421176868258, 0.000151290194481, 0.000176913337782, 0.000333105563186, 0.000222772257985, 9.01960811461e-005, 0.0002114517265, 5.6687695178e-005, 5.79335610382e-005, 4.33180102846e-005, 1.91043636733e-005, 1.66574245668e-005, 1.19723144962e-005, 5.45423245057e-006, 5.89650881011e-006, 3.16919226862e-006, 1.74056560809e-006, 1.19716332847e-006, 7.26979635601e-007, 2.81500518895e-007, 1.40362558909e-007, 1.60725008413e-007, 9.6963240992e-008, 4.82490776221e-008, 2.46713049989e-008, 1.4050153041e-008, 1.49791254955e-008, 7.36273531032e-009, 6.5444094588e-009, 3.65026719962e-009],
        "var": [8.72958949572e-009, 1.70872738181e-007, 2.837548152e-007, 4.10776408444e-008, 6.90131614078e-008, 2.41015243319e-007, 1.87015288589e-007, 1.71943952409e-007, 7.8297506434e-007, 4.07183939899e-008, 3.95092030203e-007, 5.73106646584e-008, 1.48240729914e-007, 3.56970559778e-007, 1.15251872046e-007, 2.29804246743e-008, 1.98314850763e-007, 8.99059671156e-009, 9.05966413001e-009, 6.26267615544e-009, 1.14989262556e-009, 9.59423984703e-010, 6.02509486747e-010, 9.0005801423e-011, 1.80615605805e-010, 5.16579834464e-011, 1.26887588978e-011, 6.65249366011e-012, 3.49253286881e-012, 3.38035968574e-013, 9.31090328535e-014, 1.44097516037e-013, 7.30949318e-014, 1.53551962269e-014, 3.72492182972e-015, 1.71506553534e-015, 1.52311611691e-015, 7.11983602331e-016, 6.96304969538e-016, 2.60606441593e-016]
    },
    "mfcc": {
        "mean": [-758.332885742, 208.892440796, -46.6586074829, -18.4995574951, -12.7598466873, -4.90951061249, -6.31412172318, -6.96967697144, -7.61592769623, -2.64420342445, -0.533279359341, -1.90415906906, -2.90346455574],
        "cov": [[8443.5703125, -1460.9954834, -3217.25952148, 955.489501953, -115.592086792, 180.580474854, -275.083404541, 26.1566390991, -218.887435913, -75.7688064575, -222.805145264, -54.7218017578, 71.3818206787], [-1460.9954834, 1783.94030762, 808.92175293, -895.601928711, -247.216018677, -309.388366699, -78.8083724976, -186.527038574, -74.9144515991, 5.71682786942, 127.921104431, 25.8205394745, -12.7771062851], [-3217.25952148, 808.92175293, 2289.6315918, -218.442169189, -173.40272522, -100.497718811, 163.862991333, 13.0012531281, 109.502204895, 107.544136047, 155.110809326, 88.3505249023, -8.47643375397], [955.489501953, -895.601928711, -218.442169189, 826.483337402, 116.154960632, 109.496986389, 51.9096298218, 150.866149902, 116.842880249, 22.3284797668, -52.5804862976, 7.16950845718, 19.133266449], [-115.592086792, -247.216018677, -173.40272522, 116.154960632, 269.39666748, 102.205703735, 22.4452228546, 34.5292701721, 41.9106025696, -8.2276096344, -19.5180740356, -29.1745376587, -14.4330844879], [180.580474854, -309.388366699, -100.497718811, 109.496986389, 102.205703735, 185.816879272, 65.9341964722, 36.1089324951, 3.10775995255, -10.6146936417, -22.9706382751, -18.6380996704, -7.7450003624], [-275.083404541, -78.8083724976, 163.862991333, 51.9096298218, 22.4452228546, 65.9341964722, 121.663032532, 61.6934089661, 33.4342269897, -3.7270989418, -10.7534389496, -5.43792009354, -8.53905582428], [26.1566390991, -186.527038574, 13.0012531281, 150.866149902, 34.5292701721, 36.1089324951, 61.6934089661, 125.829109192, 77.4320068359, -0.107841670513, -14.7998685837, -8.76047229767, -4.20237922668], [-218.887435913, -74.9144515991, 109.502204895, 116.842880249, 41.9106025696, 3.10775995255, 33.4342269897, 77.4320068359, 122.151573181, 32.217666626, -3.70895218849, -6.23905086517, -9.50886631012], [-75.7688064575, 5.71682786942, 107.544136047, 22.3284797668, -8.2276096344, -10.6146936417, -3.7270989418, -0.107841670513, 32.217666626, 79.5933685303, 36.4061088562, 6.00485754013, 0.260000407696], [-222.805145264, 127.921104431, 155.110809326, -52.5804862976, -19.5180740356, -22.9706382751, -10.7534389496, -14.7998685837, -3.70895218849, 36.4061088562, 81.3841552734, 37.1058082581, 7.85086584091], [-54.7218017578, 25.8205394745, 88.3505249023, 7.16950845718, -29.1745376587, -18.6380996704, -5.43792009354, -8.76047229767, -6.23905086517, 6.00485754013, 37.1058082581, 68.0096969604, 30.4839496613], [71.3818206787, -12.7771062851, -8.47643375397, 19.133266449, -14.4330844879, -7.7450003624, -8.53905582428, -4.20237922668, -9.50886631012, 0.260000407696, 7.85086584091, 30.4839496613, 59.4910888672]],
        "icov": [[0.000498033303302, -0.0003867703781, 0.000709416985046, -0.000807991600595, 0.000842510256916, -0.0008609109791, 0.000650367001072, -0.000653953757137, 0.00100799661595, -0.000907049805392, 0.000663996150251, -0.000440400530351, 0.000122893659864], [-0.0003867703781, 0.00255835661665, -0.000961523561273, 0.00241147284396, -0.000349535053829, 0.00284546264447, -0.000942710961681, 0.00192790618166, -0.0021234722808, 0.00230589788407, -0.00264015933499, 0.00179672439117, -0.000534244230948], [0.000709416985046, -0.000961523561273, 0.00182009476703, -0.00135695503559, 0.00149977835827, -0.00124348176178, -0.000538411200978, -0.000379934674129, 0.00067518663127, -0.00167497911025, 0.000262921239482, -0.00120246515144, 0.000432584522059], [-0.000807991600595, 0.00241147284396, -0.00135695503559, 0.0046722269617, -0.00142660178244, 0.00232606031932, -0.000744640710764, 0.000192261490156, -0.00315890694037, 0.00138893316034, -0.000894351513125, 0.000132005108753, -0.000805774470791], [0.000842510256916, -0.000349535053829, 0.00149977835827, -0.00142660178244, 0.00713737634942, -0.00422674231231, 0.0014884803677, 0.000506980286445, -0.00186881155241, 0.000617979909293, -0.00114889128599, 0.0014440320665, 0.00012758844241], [-0.0008609109791, 0.00284546264447, -0.00124348176178, 0.00232606031932, -0.00422674231231, 0.0133638978004, -0.00721318321303, 0.00233052764088, 0.000181469644303, 0.00203594681807, -0.0028468540404, 0.00276561500505, -0.000458844646346], [0.000650367001072, -0.000942710961681, -0.000538411200978, -0.000744640710764, 0.0014884803677, -0.00721318321303, 0.0179095380008, -0.00895826518536, 0.00271902536042, -0.00131306820549, 0.00438759569079, -0.00208915607072, 0.00147167313844], [-0.000653953757137, 0.00192790618166, -0.000379934674129, 0.000192261490156, 0.000506980286445, 0.00233052764088, -0.00895826518536, 0.0225271265954, -0.0141123719513, 0.00797884445637, -0.00642652437091, 0.00466968864202, -0.00202063750476], [0.00100799661595, -0.0021234722808, 0.00067518663127, -0.00315890694037, -0.00186881155241, 0.000181469644303, 0.00271902536042, -0.0141123719513, 0.0233380701393, -0.011774789542, 0.0079390630126, -0.00382054923102, 0.00310199405067], [-0.000907049805392, 0.00230589788407, -0.00167497911025, 0.00138893316034, 0.000617979909293, 0.00203594681807, -0.00131306820549, 0.00797884445637, -0.011774789542, 0.024791508913, -0.015202823095, 0.00834929198027, -0.00257403869182], [0.000663996150251, -0.00264015933499, 0.000262921239482, -0.000894351513125, -0.00114889128599, -0.0028468540404, 0.00438759569079, -0.00642652437091, 0.0079390630126, -0.015202823095, 0.0298347808421, -0.0166472680867, 0.00441625434905], [-0.000440400530351, 0.00179672439117, -0.00120246515144, 0.000132005108753, 0.0014440320665, 0.00276561500505, -0.00208915607072, 0.00466968864202, -0.00382054923102, 0.00834929198027, -0.0166472680867, 0.0307427663356, -0.0127623183653], [0.000122893659864, -0.000534244230948, 0.000432584522059, -0.000805774470791, 0.00012758844241, -0.000458844646346, 0.00147167313844, -0.00202063750476, 0.00310199405067, -0.00257403869182, 0.00441625434905, -0.0127623183653, 0.0233713742346]]
    },
    "spectral_contrast_coeffs": {
        "mean": [-0.609784603119, -0.630405783653, -0.646976530552, -0.693838834763, -0.767799198627, -0.764147698879],
        "var": [0.00565376924351, 0.0105975046754, 0.00871174782515, 0.0092958221212, 0.00844808854163, 0.00536698242649]
    },
    "spectral_contrast_valleys": {
        "mean": [-8.95493412018, -7.44729757309, -7.87048482895, -8.55501747131, -9.4944601059, -13.1297550201],
        "var": [1.07199788094, 1.27302455902, 1.32581484318, 1.30502331257, 1.5202293396, 0.914877533913]
    }
},
"metadata": {
    "audio_properties": {
        "analysis_sample_rate": 44100,
        "bit_rate": 99036,
        "equal_loudness": 0,
        "length": 45.0612258911,
        "lossless": 0,
        "replay_gain": -6.16188812256,
        "sample_rate": 44100,
        "codec": "mp3",
        "downmix": "mix",
        "md5_encoded": "6cb2b87fd14bf85c626f01a7358d4755"
    },
    "tags": {
        "file_name": "168.mp3"
    },
    "version": {
        "essentia": "2.1-beta2",
        "essentia_git_sha": "v2.1_beta2",
        "extractor": "music 1.0"
    }
},
"rhythm": {
    "beats_count": 91,
    "beats_loudness": {
        "mean": 0.0221819933504,
        "var": 0.000311802257784
    },
    "bpm": 124.024856567,
    "bpm_histogram_first_peak_bpm": {
        "mean": 123,
        "var": 0
    },
    "bpm_histogram_first_peak_spread": {
        "mean": 0.376623362303,
        "var": 0
    },
    "bpm_histogram_first_peak_weight": {
        "mean": 0.533333361149,
        "var": 0
    },
    "bpm_histogram_second_peak_bpm": {
        "mean": 117,
        "var": 0
    },
    "bpm_histogram_second_peak_spread": {
        "mean": 0.428571432829,
        "var": 0
    },
    "bpm_histogram_second_peak_weight": {
        "mean": 0.0444444455206,
        "var": 0
    },
    "danceability": 0.836448550224,
    "onset_rate": 1.55274188519,
    "beats_loudness_band_ratio": {
        "mean": [0.10436668992, 0.187048017979, 0.390819370747, 0.327360630035, 0.0742245912552, 0.00505386665463],
        "var": [0.0230546779931, 0.0168237630278, 0.0376195050776, 0.0389410704374, 0.00692480523139, 5.5995042203e-005]
    },
    "beats_position": [0.522448956966, 1.05650794506, 1.57895684242, 2.07818579674, 2.56580495834, 3.05342388153, 3.54104304314, 4.01705217361, 4.5046710968, 4.99229001999, 5.47990942001, 5.9675283432, 6.44353723526, 6.93115615845, 7.40716552734, 7.89478445053, 8.37079334259, 8.84680271149, 9.33442115784, 9.82204055786, 10.3096599579, 10.7972784042, 11.2848978043, 11.7609071732, 12.2717456818, 12.782585144, 13.2934236526, 13.7694330215, 14.2338323593, 14.6982307434, 15.1742401123, 15.6502494812, 16.1262588501, 16.602268219, 17.0898857117, 17.5775051117, 18.0535144806, 18.5295238495, 19.0171432495, 19.5047607422, 19.9923801422, 20.4799995422, 21.0721092224, 21.6758270264, 22.2795467377, 22.8019943237, 23.3244438171, 23.8236732483, 24.3345127106, 24.8221302032, 25.3097496033, 25.7973690033, 26.2849884033, 26.7726078033, 27.2486171722, 27.7246246338, 28.2122440338, 28.6998634338, 29.1874828339, 29.6634922028, 30.1394996643, 30.6271190643, 31.1147384644, 31.5907478333, 32.0783653259, 32.5659866333, 33.0419960022, 33.5296134949, 34.0172348022, 34.4932403564, 34.9808616638, 35.4568710327, 35.9444885254, 36.4321098328, 36.908115387, 37.3957366943, 37.883354187, 38.3593635559, 38.8469848633, 39.334602356, 39.8222198486, 40.309841156, 40.7974586487, 41.2850799561, 41.7726974487, 42.2487068176, 42.7247161865, 43.2123336792, 43.6999549866, 44.1759643555, 44.6519737244]
},
"tonal": {
    "chords_changes_rate": 0.0452674888074,
    "chords_number_rate": 0.00925925932825,
    "chords_strength": {
        "mean": 0.51754128933,
        "var": 0.00740985572338
    },
    "hpcp_entropy": {
        "mean": 1.36680161953,
        "var": 0.500175833702
    },
    "key_strength": 0.717905700207,
    "tuning_diatonic_strength": 0.538163661957,
    "tuning_equal_tempered_deviation": 0.00816947128624,
    "tuning_frequency": 439.745910645,
    "tuning_nontempered_energy_ratio": 0.592646837234,
    "hpcp": {
        "mean": [0.0961112827063, 0.0558036789298, 0.0518424399197, 0.0736991837621, 0.0506932325661, 0.0992100909352, 0.141069591045, 0.0769161358476, 0.148277416825, 0.223839074373, 0.106543593109, 0.0165439471602, 0.0122963031754, 0.0193575434387, 0.252939254045, 0.472476035357, 0.254748433828, 0.0869889780879, 0.143045276403, 0.0982495769858, 0.09657356143, 0.129005789757, 0.0821637883782, 0.101808644831, 0.13002179563, 0.0787330195308, 0.0573264360428, 0.0603122711182, 0.0544489175081, 0.338106125593, 0.601975619793, 0.325884252787, 0.0718924105167, 0.0762896612287, 0.0479842312634, 0.066730119288],
        "var": [0.0322506800294, 0.00804273039103, 0.00909739173949, 0.0374364443123, 0.0157214608043, 0.0209713187069, 0.0454075187445, 0.0163001082838, 0.0531071536243, 0.100874647498, 0.0201612617821, 0.00156440364663, 0.0013622950064, 0.00311067909934, 0.0609236508608, 0.171426400542, 0.0476606674492, 0.0198433417827, 0.0811787843704, 0.0373755246401, 0.0281044244766, 0.0630592256784, 0.022464197129, 0.0265672132373, 0.0494496822357, 0.0229234471917, 0.0168702751398, 0.0175779890269, 0.0152901373804, 0.0505976416171, 0.140791773796, 0.0585082918406, 0.0233841445297, 0.0444081686437, 0.0146055743098, 0.0150176584721]
    },
    "chords_histogram": [33.0246925354, 0.720164597034, 0.411522626877, 0, 0, 0, 0, 0.411522626877, 0, 0, 0, 0, 0, 5.04115247726, 3.70370364189, 19.5473251343, 0.308641970158, 17.6954727173, 0, 1.44032919407, 1.13168728352, 0, 15.5349798203, 1.02880656719],
    "thpcp": [1, 0.54135787487, 0.119427442551, 0.126732140779, 0.0797112509608, 0.110851861537, 0.15965975821, 0.0927008986473, 0.0861205011606, 0.122428849339, 0.0842114388943, 0.164807483554, 0.234344363213, 0.127772837877, 0.246317982674, 0.371840775013, 0.176989883184, 0.0274827536196, 0.0204265806824, 0.0321566909552, 0.420181900263, 0.784875690937, 0.423187285662, 0.144505813718, 0.237626358867, 0.163211882114, 0.160427689552, 0.21430401504, 0.136490225792, 0.16912420094, 0.215991795063, 0.130791038275, 0.0952304974198, 0.100190557539, 0.0904503688216, 0.561660826206],
    "chords_key": "G",
    "chords_scale": "major",
    "key_key": "G",
    "key_scale": "major"
}
}