{
"lowlevel": {
    "average_loudness": 0.749083638191,
    "barkbands_crest": {
        "mean": 11.2098350525,
        "var": 18.1695652008
    },
    "barkbands_flatness_db": {
        "mean": 0.222810983658,
        "var": 0.00625413423404
    },
    "barkbands_kurtosis": {
        "mean": 4.51452875137,
        "var": 75.274772644
    },
    "barkbands_skewness": {
        "mean": 1.31548261642,
        "var": 1.42792963982
    },
    "barkbands_spread": {
        "mean": 14.4998168945,
        "var": 162.143875122
    },
    "dissonance": {
        "mean": 0.408067494631,
        "var": 0.004808742553
    },
    "dynamic_complexity": 4.55647277832,
    "erbbands_crest": {
        "mean": 12.9002752304,
        "var": 34.5279197693
    },
    "erbbands_flatness_db": {
        "mean": 0.241342067719,
        "var": 0.00496386969462
    },
    "erbbands_kurtosis": {
        "mean": 1.68939590454,
        "var": 14.8060445786
    },
    "erbbands_skewness": {
        "mean": 0.686037957668,
        "var": 0.852611362934
    },
    "erbbands_spread": {
        "mean": 28.9914646149,
        "var": 749.298706055
    },
    "hfc": {
        "mean": 14.4327850342,
        "var": 384.500762939
    },
    "melbands_crest": {
        "mean": 15.4864006042,
        "var": 32.3161697388
    },
    "melbands_flatness_db": {
        "mean": 0.28144800663,
        "var": 0.0119282510132
    },
    "melbands_kurtosis": {
        "mean": 12.7730112076,
        "var": 663.367126465
    },
    "melbands_skewness": {
        "mean": 2.07024431229,
        "var": 3.73295331001
    },
    "melbands_spread": {
        "mean": 16.4220676422,
        "var": 162.099395752
    },
    "pitch_salience": {
        "mean": 0.503406643867,
        "var": 0.0112292617559
    },
    "silence_rate_20dB": {
        "mean": 1,
        "var": 0
    },
    "silence_rate_30dB": {
        "mean": 0.966014444828,
        "var": 0.032831273973
    },
    "silence_rate_60dB": {
        "mean": 0.24407826364,
        "var": 0.184503391385
    },
    "spectral_centroid": {
        "mean": 1010.90661621,
        "var": 423344.25
    },
    "spectral_complexity": {
        "mean": 10.8779611588,
        "var": 82.5527648926
    },
    "spectral_decrease": {
        "mean": -6.91456669699e-009,
        "var": 7.20243033834e-017
    },
    "spectral_energy": {
        "mean": 0.027406251058,
        "var": 0.0010919078486
    },
    "spectral_energyband_high": {
        "mean": 0.000757737085223,
        "var": 4.34966932517e-006
    },
    "spectral_energyband_low": {
        "mean": 0.0118634672835,
        "var": 0.000635133706965
    },
    "spectral_energyband_middle_high": {
        "mean": 0.00362235377543,
        "var": 3.11995063385e-005
    },
    "spectral_energyband_middle_low": {
        "mean": 0.011723767966,
        "var": 0.000186203658814
    },
    "spectral_entropy": {
        "mean": 6.76206350327,
        "var": 0.641555011272
    },
    "spectral_flux": {
        "mean": 0.0695131570101,
        "var": 0.00428184634075
    },
    "spectral_kurtosis": {
        "mean": 16.4162883759,
        "var": 399.338104248
    },
    "spectral_rms": {
        "mean": 0.00437046494335,
        "var": 7.6368014561e-006
    },
    "spectral_rolloff": {
        "mean": 1162.13842773,
        "var": 1367444.375
    },
    "spectral_skewness": {
        "mean": 2.56964850426,
        "var": 2.73520493507
    },
    "spectral_spread": {
        "mean": 3411297.75,
        "var": 5.91220021658e+012
    },
    "spectral_strongpeak": {
        "mean": 0.964337587357,
        "var": 0.930161714554
    },
    "zerocrossingrate": {
        "mean": 0.047668017447,
        "var": 0.000955060240813
    },
    "barkbands": {
        "mean": [0.00155479449313, 0.00689804693684, 0.00300243054517, 0.00168148090597, 0.00303141446784, 0.00202218163759, 0.00372913782485, 0.000552703335416, 0.000535948260222, 0.00203130138107, 0.000217992870603, 0.000348117813701, 0.000270014454145, 0.000104574814031, 0.00015324584092, 0.000116944444017, 0.000110412140202, 0.0001178632956, 0.000107022489829, 0.000129848049255, 0.000153843691805, 0.00018595631991, 0.000114126669359, 0.000171417108504, 6.35925607639e-005, 1.84893872301e-006, 5.55053381035e-009],
        "var": [9.29410543904e-006, 0.00027941231383, 7.4955940363e-005, 2.1238311092e-005, 2.7832978958e-005, 1.08653739517e-005, 5.16083637194e-005, 5.87444765188e-006, 7.58837074954e-007, 1.88665726455e-005, 2.59062318264e-007, 4.56349454225e-007, 2.66871268195e-007, 7.00285198718e-008, 2.02118314974e-007, 1.46520207522e-007, 1.23500370819e-007, 1.86511954325e-007, 1.19711799584e-007, 1.445384612e-007, 2.59837946714e-007, 4.47850482033e-007, 1.65390019902e-007, 3.16480310403e-007, 4.94555401076e-008, 8.71249045131e-011, 4.93394468314e-016]
    },
    "erbbands": {
        "mean": [0.200668305159, 1.53549683094, 3.67218399048, 4.6197309494, 7.40480041504, 8.13998794556, 23.599822998, 13.994134903, 60.5330924988, 20.3435440063, 9.71608352661, 16.0794334412, 42.9019966125, 41.0517425537, 10.3161535263, 14.5107660294, 14.4126091003, 6.19960546494, 8.20228481293, 6.75367307663, 6.06936645508, 6.30376625061, 6.31178188324, 5.85890007019, 5.87526369095, 6.00309562683, 6.11295175552, 6.18841266632, 7.10650110245, 5.13499736786, 2.8218960762, 2.73623919487, 3.2731256485, 0.945064425468, 0.247860118747, 0.0200349073857, 0.00249889609404, 0.000134773043101, 2.29770903388e-005, 3.34442956955e-005],
        "var": [0.293163120747, 13.6485824585, 98.8687210083, 134.621627808, 332.810974121, 201.212493896, 2479.46044922, 316.717163086, 14719.6816406, 3342.46289063, 1058.88037109, 590.51953125, 9531.99316406, 7488.44042969, 433.643035889, 625.855285645, 570.422607422, 217.877639771, 331.210968018, 614.827941895, 403.69354248, 412.19229126, 507.005645752, 382.9269104, 317.420013428, 320.412353516, 434.65020752, 393.226409912, 622.576782227, 401.118255615, 87.7493133545, 72.4885864258, 128.66217041, 9.23281669617, 0.967976868153, 0.00707884784788, 0.000129429827211, 2.27911272077e-007, 1.31927635483e-009, 1.57384583144e-009]
    },
    "gfcc": {
        "mean": [-91.9765167236, 139.024871826, -128.081436157, 16.4533233643, -67.4860839844, 11.6554393768, -28.0646038055, -1.04916357994, -13.6630144119, -8.93670749664, -4.43003129959, -3.59508943558, 1.31196630001],
        "cov": [[7789.45361328, -1386.44018555, 1511.7421875, 1958.44067383, -715.227355957, 955.843505859, -387.52633667, 291.493560791, -275.731323242, 245.162017822, 237.135162354, -90.8250350952, 122.47000885], [-1386.44018555, 2422.82080078, 884.972900391, -819.579040527, 747.653930664, -376.596740723, 403.549072266, -328.962158203, 184.856521606, 42.7939987183, 269.850524902, 133.672836304, 123.590950012], [1511.7421875, 884.972900391, 2474.66674805, 380.187316895, 105.139389038, 533.887390137, -44.9951629639, 166.802093506, -52.4328422546, 148.28793335, 329.816772461, -23.3560161591, 265.606445313], [1958.44067383, -819.579040527, 380.187316895, 1230.66638184, -250.082733154, 276.079498291, 8.39274978638, 89.6861495972, -55.1934051514, 13.9621934891, -65.1503295898, -11.06985569, -38.485408783], [-715.227355957, 747.653930664, 105.139389038, -250.082733154, 464.11151123, -160.04788208, 154.860275269, -67.2881774902, 38.6964492798, 9.50999832153, 31.2779083252, 40.673248291, 11.5316324234], [955.843505859, -376.596740723, 533.887390137, 276.079498291, -160.04788208, 486.281433105, -136.152938843, 169.922561646, -61.1231460571, 11.2048339844, 75.6718978882, -91.2350387573, 69.2623214722], [-387.52633667, 403.549072266, -44.9951629639, 8.39274978638, 154.860275269, -136.152938843, 322.88168335, -73.2836227417, 70.8902893066, -12.6520500183, -10.2497358322, 85.052986145, -21.81965065], [291.493560791, -328.962158203, 166.802093506, 89.6861495972, -67.2881774902, 169.922561646, -73.2836227417, 310.435852051, -35.2901535034, 4.34972715378, 1.84471952915, -90.2971191406, 45.1949386597], [-275.731323242, 184.856521606, -52.4328422546, -55.1934051514, 38.6964492798, -61.1231460571, 70.8902893066, -35.2901535034, 117.40827179, 7.91744947433, 2.36531066895, -2.31437921524, -4.81021738052], [245.162017822, 42.7939987183, 148.28793335, 13.9621934891, 9.50999832153, 11.2048339844, -12.6520500183, 4.34972715378, 7.91744947433, 125.001365662, 49.9722366333, 22.837644577, 18.2058582306], [237.135162354, 269.850524902, 329.816772461, -65.1503295898, 31.2779083252, 75.6718978882, -10.2497358322, 1.84471952915, 2.36531066895, 49.9722366333, 190.353759766, 21.7673053741, 47.8341522217], [-90.8250350952, 133.672836304, -23.3560161591, -11.06985569, 40.673248291, -91.2350387573, 85.052986145, -90.2971191406, -2.31437921524, 22.837644577, 21.7673053741, 158.999404907, 24.9801921844], [122.47000885, 123.590950012, 265.606445313, -38.485408783, 11.5316324234, 69.2623214722, -21.81965065, 45.1949386597, -4.81021738052, 18.2058582306, 47.8341522217, 24.9801921844, 141.35723877]],
        "icov": [[0.000353079638444, -0.00041031037108, 0.000199633897864, -0.000675566087011, 0.000488220684929, -0.00038456384209, 0.000354921619873, -0.00016797639546, 0.000664450053591, -0.000644885643851, -0.000161146788741, 3.74939409085e-005, -9.55323775997e-005], [-0.00041031037108, 0.00585794728249, -0.00281735300086, 0.00310274586082, -0.00445848423988, 0.003436003346, -0.00375912059098, 0.00395962968469, -0.00339904334396, 0.00262969196774, -0.00324190175161, 0.00227527390234, -0.0015532275429], [0.000199633897864, -0.00281735300086, 0.00222972943448, -0.0017976902891, 0.00170139863621, -0.00224947859533, 0.00163619383238, -0.00176190666389, 0.0018824787112, -0.00175235816278, 0.00060041283723, -0.000656011281535, -0.000406948995078], [-0.000675566087011, 0.00310274586082, -0.0017976902891, 0.0035681608133, -0.00197738688439, 0.00138690962922, -0.0026223429013, 0.00184299319517, -0.002177298069, 0.00177397311199, -0.000193014726392, 0.000418341718614, 0.000398333591875], [0.000488220684929, -0.00445848423988, 0.00170139863621, -0.00197738688439, 0.00686499383301, -0.00173852045555, 0.00136648153421, -0.00280323368497, 0.00330034689978, -0.00241301511414, 0.00220920168795, -0.00100074324291, 0.000991249457002], [-0.00038456384209, 0.003436003346, -0.00224947859533, 0.00138690962922, -0.00173852045555, 0.00668817013502, -0.001777550322, 0.0013097692281, -0.00125811446924, 0.0023973826319, -0.00301361409947, 0.00295972987078, -0.00174988864455], [0.000354921619873, -0.00375912059098, 0.00163619383238, -0.0026223429013, 0.00136648153421, -0.001777550322, 0.00803566817194, -0.00304640736431, -0.000908905232791, -0.000382385100238, 0.00216694595292, -0.00458733970299, 0.00226041395217], [-0.00016797639546, 0.00395962968469, -0.00176190666389, 0.00184299319517, -0.00280323368497, 0.0013097692281, -0.00304640736431, 0.00759534211829, -0.000877122976817, 0.000855437363498, -0.00196949648671, 0.00447423476726, -0.00308003858663], [0.000664450053591, -0.00339904334396, 0.0018824787112, -0.002177298069, 0.00330034689978, -0.00125811446924, -0.000908905232791, -0.000877122976817, 0.0140449032187, -0.0038230100181, 0.000675688148476, 0.00259644095786, -0.000963559723459], [-0.000644885643851, 0.00262969196774, -0.00175235816278, 0.00177397311199, -0.00241301511414, 0.0023973826319, -0.000382385100238, 0.000855437363498, -0.0038230100181, 0.0117291752249, -0.00280667073093, -0.00143098935951, 0.000286701921141], [-0.000161146788741, -0.00324190175161, 0.00060041283723, -0.000193014726392, 0.00220920168795, -0.00301361409947, 0.00216694595292, -0.00196949648671, 0.000675688148476, -0.00280667073093, 0.01065192651, -0.00312692346051, 0.00138644757681], [3.74939409085e-005, 0.00227527390234, -0.000656011281535, 0.000418341718614, -0.00100074324291, 0.00295972987078, -0.00458733970299, 0.00447423476726, 0.00259644095786, -0.00143098935951, -0.00312692346051, 0.0127533320338, -0.00510539021343], [-9.55323775997e-005, -0.0015532275429, -0.000406948995078, 0.000398333591875, 0.000991249457002, -0.00174988864455, 0.00226041395217, -0.00308003858663, -0.000963559723459, 0.000286701921141, 0.00138644757681, -0.00510539021343, 0.0118616968393]]
    },
    "melbands": {
        "mean": [0.00197340431623, 0.00202110060491, 0.000909128808416, 0.000526600517333, 0.000714342226274, 0.000384420563933, 0.000832144112792, 0.000176556030056, 6.23653249932e-005, 9.96097951429e-005, 0.000233252445469, 0.000201413713512, 3.12260053761e-005, 2.5122473744e-005, 5.46419105376e-005, 1.97238223336e-005, 1.0218852367e-005, 1.31194328787e-005, 9.45867213886e-006, 9.0875882961e-006, 6.60358909954e-006, 6.79069580656e-006, 5.58545661988e-006, 5.80639152759e-006, 4.58223257738e-006, 4.06878007198e-006, 4.49720755569e-006, 3.87065665564e-006, 3.47528339262e-006, 4.03739568355e-006, 3.52206347998e-006, 4.28192061008e-006, 3.18296611113e-006, 2.75351362689e-006, 1.70984549186e-006, 1.07279220174e-006, 2.09201402868e-006, 2.71652720585e-006, 1.37501990594e-006, 6.24561494078e-007],
        "var": [2.18711302296e-005, 2.42300993705e-005, 4.56070711152e-006, 1.31867568598e-006, 2.07060156754e-006, 2.89301596013e-007, 2.68200869868e-006, 3.92080920619e-007, 4.64747991202e-008, 2.75550799955e-008, 2.90580572937e-007, 1.78766867975e-007, 4.84358997355e-009, 3.07434411262e-009, 8.88408191457e-009, 1.6111734169e-009, 7.2437528198e-010, 8.06813449383e-010, 1.25442600751e-009, 9.00176655438e-010, 5.21674314857e-010, 4.70585292955e-010, 3.94466348475e-010, 4.99177255087e-010, 2.34952335365e-010, 1.73168396289e-010, 1.88490487107e-010, 1.38677874739e-010, 1.22579738027e-010, 2.22167062525e-010, 1.28800789478e-010, 2.40389042006e-010, 1.30949071031e-010, 1.25096016879e-010, 3.35847911981e-011, 1.2604660371e-011, 5.4326473875e-011, 9.85690765121e-011, 2.2156654983e-011, 4.47895366629e-012]
    },
    "mfcc": {
        "mean": [-730.729187012, 159.366348267, 1.44322097301, 8.61569499969, -7.23777151108, 3.10055327415, -2.15189862251, 5.41206502914, -0.69239127636, -3.55663299561, -4.78772687912, -2.10836005211, -0.549598574638],
        "cov": [[7081.72119141, -2629.07910156, 1303.92041016, 1033.58178711, 123.272163391, 506.906494141, 175.828186035, 41.4883003235, -84.9403762817, 107.774551392, -25.7848567963, 143.057052612, 15.3492965698], [-2629.07910156, 3207.83081055, 231.802612305, -240.07649231, 271.153076172, -6.40023803711, 158.673446655, -162.632354736, -7.09713029861, -162.787872314, 47.3481025696, 14.7331256866, 223.771591187], [1303.92041016, 231.802612305, 2191.63696289, 259.461364746, 496.142120361, 257.481811523, 386.045410156, -57.8412399292, 121.174499512, 0.697882890701, 39.5414581299, 109.480606079, 123.113807678], [1033.58178711, -240.07649231, 259.461364746, 734.862670898, -66.1176528931, 249.928649902, 7.64053440094, 115.846412659, -33.7695121765, 35.3373069763, 10.7638187408, 29.0964202881, 30.1960716248], [123.272163391, 271.153076172, 496.142120361, -66.1176528931, 414.885437012, -36.2611999512, 190.075592041, -81.4470291138, 91.69581604, -7.29266405106, 16.552488327, 22.0002727509, 33.3458900452], [506.906494141, -6.40023803711, 257.481811523, 249.928649902, -36.2611999512, 327.544433594, 0.0605611056089, 51.8075485229, -46.0975875854, -20.09633255, 2.56217598915, 19.094493866, 33.5854072571], [175.828186035, 158.673446655, 386.045410156, 7.64053440094, 190.075592041, 0.0605611056089, 250.706542969, 12.9637231827, 71.5113525391, 0.757712960243, 17.9728164673, 21.2167491913, 49.1062507629], [41.4883003235, -162.632354736, -57.8412399292, 115.846412659, -81.4470291138, 51.8075485229, 12.9637231827, 181.269592285, 2.72620582581, 35.0731925964, -6.37597560883, -17.2206878662, -3.37386894226], [-84.9403762817, -7.09713029861, 121.174499512, -33.7695121765, 91.69581604, -46.0975875854, 71.5113525391, 2.72620582581, 213.467971802, 15.6012496948, 18.9203033447, -8.71918869019, -26.7076129913], [107.774551392, -162.787872314, 0.697882890701, 35.3373069763, -7.29266405106, -20.09633255, 0.757712960243, 35.0731925964, 15.6012496948, 137.486816406, 18.2267246246, 6.66533851624, -18.6782951355], [-25.7848567963, 47.3481025696, 39.5414581299, 10.7638187408, 16.552488327, 2.56217598915, 17.9728164673, -6.37597560883, 18.9203033447, 18.2267246246, 79.9741134644, 27.3725185394, -3.05771780014], [143.057052612, 14.7331256866, 109.480606079, 29.0964202881, 22.0002727509, 19.094493866, 21.2167491913, -17.2206878662, -8.71918869019, 6.66533851624, 27.3725185394, 102.928985596, 17.4230804443], [15.3492965698, 223.771591187, 123.113807678, 30.1960716248, 33.3458900452, 33.5854072571, 49.1062507629, -3.37386894226, -26.7076129913, -18.6782951355, -3.05771780014, 17.4230804443, 120.388954163]],
        "icov": [[0.000361090234946, 0.000333764357492, -9.36283031479e-005, -0.000334156211466, -0.000107274332549, -0.000249335920671, -0.00026130292099, 0.000428694009315, 0.000186801262316, -1.12475927381e-005, 0.000133357825689, -0.00014504804858, -0.000204913012567], [0.000333764357492, 0.000726025726181, -3.91122157453e-005, -0.000195279237232, -0.000287991628284, -0.000304442452034, -0.000294954224955, 0.000575225276407, 0.000182019648491, 0.000330771232257, -0.000256223371252, 2.19222692976e-005, -0.000919917714782], [-9.36283031479e-005, -3.91122157453e-005, 0.000921236583963, -5.98894621362e-005, -0.000658878008835, -0.000647010689136, -0.000708597246557, 0.000253672973486, -0.000231472600717, -0.000147375816596, 9.23721745494e-005, -0.000378566706786, -0.000200370108359], [-0.000334156211466, -0.000195279237232, -5.98894621362e-005, 0.00238402117975, 0.000236195206526, -0.00105643342249, 0.000366647349438, -0.00121128302999, -0.000134705856908, -0.000374616996851, -0.000324004882714, -0.000123863530462, -0.000163653996424], [-0.000107274332549, -0.000287991628284, -0.000658878008835, 0.000236195206526, 0.00522612780333, 0.00057872995967, -0.0026907955762, 0.00189825613052, -0.00081817508908, -0.000318832375342, 0.000274422258371, 0.000275856262306, 0.000441356300144], [-0.000249335920671, -0.000304442452034, -0.000647010689136, -0.00105643342249, 0.00057872995967, 0.005197243765, 0.000916266290005, -0.00129653874319, 0.000604454544373, 0.0011917729862, -0.000459556118585, 1.17778972708e-005, -0.000190352584468], [-0.00026130292099, -0.000294954224955, -0.000708597246557, 0.000366647349438, -0.0026907955762, 0.000916266290005, 0.0085053415969, -0.00291866366751, -0.0013277484104, 0.000472690007882, -0.000989565975033, -0.000314151955536, -0.00204805401154], [0.000428694009315, 0.000575225276407, 0.000253672973486, -0.00121128302999, 0.00189825613052, -0.00129653874319, -0.00291866366751, 0.00871941819787, -0.000311739073368, -0.00182668084744, 0.000904638727661, 0.0011936025694, -0.000310996401822], [0.000186801262316, 0.000182019648491, -0.000231472600717, -0.000134705856908, -0.00081817508908, 0.000604454544373, -0.0013277484104, -0.000311739073368, 0.00616201665252, -0.000120774464449, -0.00114033103455, 0.000828417367302, 0.00169861409813], [-1.12475927381e-005, 0.000330771232257, -0.000147375816596, -0.000374616996851, -0.000318832375342, 0.0011917729862, 0.000472690007882, -0.00182668084744, -0.000120774464449, 0.00877109449357, -0.00210657482967, -0.000425183359766, 0.000485195138026], [0.000133357825689, -0.000256223371252, 9.23721745494e-005, -0.000324004882714, 0.000274422258371, -0.000459556118585, -0.000989565975033, 0.000904638727661, -0.00114033103455, -0.00210657482967, 0.0151086244732, -0.00397260254249, 0.00130609667394], [-0.00014504804858, 2.19222692976e-005, -0.000378566706786, -0.000123863530462, 0.000275856262306, 1.17778972708e-005, -0.000314151955536, 0.0011936025694, 0.000828417367302, -0.000425183359766, -0.00397260254249, 0.011917241849, -0.00122994161211], [-0.000204913012567, -0.000919917714782, -0.000200370108359, -0.000163653996424, 0.000441356300144, -0.000190352584468, -0.00204805401154, -0.000310996401822, 0.00169861409813, 0.000485195138026, 0.00130609667394, -0.00122994161211, 0.0117091890424]]
    },
    "spectral_contrast_coeffs": {
        "mean": [-0.636677920818, -0.668046534061, -0.703350305557, -0.749278306961, -0.779589831829, -0.7291867733],
        "var": [0.00546811847016, 0.00880374293774, 0.00645413761958, 0.00392565317452, 0.00240962253883, 0.0031049749814]
    },
    "spectral_contrast_valleys": {
        "mean": [-8.00427532196, -7.41618013382, -7.86980390549, -8.69275379181, -9.07468414307, -12.0774469376],
        "var": [2.6158823967, 0.75256228447, 0.576330423355, 0.921512186527, 1.91199815273, 2.72091007233]
    }
},
"metadata": {
    "audio_properties": {
        "analysis_sample_rate": 44100,
        "bit_rate": 128074,
        "equal_loudness": 0,
        "length": 45.0612258911,
        "lossless": 0,
        "replay_gain": -5.31416893005,
        "sample_rate": 44100,
        "codec": "mp3",
        "downmix": "mix",
        "md5_encoded": "9cec5d77381a163a7105b2f3d414bf1b"
    },
    "tags": {
        "file_name": "1681.mp3"
    },
    "version": {
        "essentia": "2.1-beta2",
        "essentia_git_sha": "v2.1_beta2",
        "extractor": "music 1.0"
    }
},
"rhythm": {
    "beats_count": 124,
    "beats_loudness": {
        "mean": 0.0347001031041,
        "var": 0.00138295663055
    },
    "bpm": 165.22026062,
    "bpm_histogram_first_peak_bpm": {
        "mean": 167,
        "var": 0
    },
    "bpm_histogram_first_peak_spread": {
        "mean": 0,
        "var": 0
    },
    "bpm_histogram_first_peak_weight": {
        "mean": 0.609756112099,
        "var": 0
    },
    "bpm_histogram_second_peak_bpm": {
        "mean": 161,
        "var": 0
    },
    "bpm_histogram_second_peak_spread": {
        "mean": 0,
        "var": 0
    },
    "bpm_histogram_second_peak_weight": {
        "mean": 0.243902444839,
        "var": 0
    },
    "danceability": 0.962867796421,
    "onset_rate": 3.43821430206,
    "beats_loudness_band_ratio": {
        "mean": [0.282919943333, 0.233618870378, 0.24700152874, 0.176986038685, 0.0666298568249, 0.0664947479963],
        "var": [0.0813747420907, 0.0365788675845, 0.0481152124703, 0.040501780808, 0.00672666821629, 0.0052959676832]
    },
    "beats_position": [0.301859408617, 0.626938760281, 0.975238084793, 1.33514738083, 1.69505667686, 2.06657600403, 2.42648530006, 2.7863945961, 3.14630389214, 3.50621318817, 3.87773227692, 4.2492518425, 4.59755086899, 4.95746040344, 5.31736946106, 5.67727899551, 6.03718805313, 6.40870714188, 6.76861667633, 7.12852573395, 7.4884352684, 7.85995435715, 8.2198638916, 8.59138298035, 8.96290206909, 9.32281208038, 9.682721138, 10.0426301956, 10.4025392532, 10.7508392334, 11.110748291, 11.4706573486, 11.8305664063, 12.1904764175, 12.538775444, 12.9102945328, 13.2702035904, 13.6301136017, 13.9784126282, 14.3383216858, 14.7098407745, 15.0697498322, 15.4412698746, 15.8011789322, 16.1610889435, 16.50938797, 16.8692970276, 17.2292060852, 17.5775051117, 17.9258041382, 18.2857131958, 18.6572322845, 19.0171432495, 19.3886623383, 19.760181427, 20.1200904846, 20.4799995422, 20.851518631, 21.2114276886, 21.5713367462, 21.942855835, 22.2911567688, 22.6626758575, 23.0225849152, 23.3824939728, 23.7540130615, 24.1139221191, 24.4738311768, 24.8221302032, 25.1936511993, 25.5651702881, 25.9250793457, 26.2849884033, 26.6448974609, 27.0164165497, 27.3763256073, 27.7362346649, 28.0961437225, 28.4560546875, 28.8159637451, 29.1642627716, 29.5357818604, 29.895690918, 30.2439899445, 30.6038990021, 30.9638080597, 31.3237190247, 31.6836280823, 32.0435371399, 32.4034461975, 32.7633552551, 33.1232643127, 33.4715652466, 33.8198623657, 34.1797714233, 34.539680481, 34.8995895386, 35.2594985962, 35.6194114685, 35.9677085876, 36.3160095215, 36.6759185791, 37.0358276367, 37.4073448181, 37.7788658142, 38.1387748718, 38.5102958679, 38.8585929871, 39.2185020447, 39.5784111023, 39.9383201599, 40.2982292175, 40.6581382751, 41.0180473328, 41.3779602051, 41.7378692627, 42.0977783203, 42.4576873779, 42.8292045593, 43.2007255554, 43.5722427368, 43.9437637329, 44.3152809143, 44.6868019104]
},
"tonal": {
    "chords_changes_rate": 0.0771604925394,
    "chords_number_rate": 0.00925925932825,
    "chords_strength": {
        "mean": 0.500182688236,
        "var": 0.00669144932181
    },
    "hpcp_entropy": {
        "mean": 1.4782063961,
        "var": 0.654035329819
    },
    "key_strength": 0.433117449284,
    "tuning_diatonic_strength": 0.302689582109,
    "tuning_equal_tempered_deviation": 0.0742839127779,
    "tuning_frequency": 436.456176758,
    "tuning_nontempered_energy_ratio": 0.720997035503,
    "hpcp": {
        "mean": [0.260225087404, 0.18708267808, 0.0455016940832, 0.0372679941356, 0.0463128350675, 0.0814071446657, 0.114256866276, 0.0746465623379, 0.0706056281924, 0.138964504004, 0.121839538217, 0.0567843317986, 0.0424711741507, 0.0634545981884, 0.175726667047, 0.269620001316, 0.173481553793, 0.0741605460644, 0.0788304507732, 0.0626064613461, 0.0646325647831, 0.103246212006, 0.0845074802637, 0.135744214058, 0.311915665865, 0.252154558897, 0.0666073560715, 0.036620862782, 0.0395187735558, 0.0393689796329, 0.0464279651642, 0.0673927217722, 0.169707357883, 0.298380792141, 0.223712161183, 0.157377511263],
        "var": [0.122208654881, 0.0684569627047, 0.00874141324311, 0.0128734922037, 0.0145541634411, 0.0300140306354, 0.0682503655553, 0.025914279744, 0.019364349544, 0.0647985413671, 0.0456392802298, 0.0228457059711, 0.0139374462888, 0.0223532617092, 0.0587686933577, 0.12523791194, 0.0587036460638, 0.0223329458386, 0.0206729304045, 0.0160706117749, 0.0180252455175, 0.0427151434124, 0.0276583600789, 0.0365969762206, 0.137465000153, 0.0981318950653, 0.0117133129388, 0.0109192151576, 0.0144835570827, 0.0159060228616, 0.0188463684171, 0.0327245369554, 0.0621989518404, 0.143224433064, 0.0855549871922, 0.0444240421057]
    },
    "chords_histogram": [40.0205764771, 19.6502056122, 0.617283940315, 0, 0, 0, 0, 0, 0, 0, 2.46913576126, 8.84773635864, 4.21810722351, 0, 0, 0, 0, 3.70370364189, 15.2263374329, 2.36625504494, 0, 0, 0, 2.88065838814],
    "thpcp": [1, 0.808406174183, 0.213542833924, 0.11740629375, 0.12669698894, 0.126216739416, 0.148847818375, 0.216060712934, 0.544080913067, 0.956607282162, 0.717220008373, 0.50455147028, 0.834280252457, 0.599786102772, 0.145878195763, 0.119480997324, 0.148478701711, 0.26099088788, 0.36630693078, 0.239316493273, 0.226361274719, 0.445519477129, 0.390616923571, 0.182050272822, 0.136162370443, 0.203435108066, 0.563378751278, 0.864400327206, 0.556180953979, 0.23775832355, 0.25273001194, 0.200715988874, 0.20721167326, 0.33100682497, 0.270930528641, 0.435195237398],
    "chords_key": "D",
    "chords_scale": "minor",
    "key_key": "D",
    "key_scale": "minor"
}
}