{
"lowlevel": {
    "average_loudness": 0.909866631031,
    "barkbands_crest": {
        "mean": 9.60666847229,
        "var": 7.18833732605
    },
    "barkbands_flatness_db": {
        "mean": 0.194667473435,
        "var": 0.00169563910458
    },
    "barkbands_kurtosis": {
        "mean": 5.65489816666,
        "var": 21.4323501587
    },
    "barkbands_skewness": {
        "mean": 1.89602208138,
        "var": 0.434578299522
    },
    "barkbands_spread": {
        "mean": 9.52005004883,
        "var": 19.849155426
    },
    "dissonance": {
        "mean": 0.427136808634,
        "var": 0.0013056100579
    },
    "dynamic_complexity": 1.69713175297,
    "erbbands_crest": {
        "mean": 10.7052402496,
        "var": 19.8019218445
    },
    "erbbands_flatness_db": {
        "mean": 0.218646422029,
        "var": 0.00134297332261
    },
    "erbbands_kurtosis": {
        "mean": 0.962390065193,
        "var": 4.0699133873
    },
    "erbbands_skewness": {
        "mean": 0.961097478867,
        "var": 0.322205096483
    },
    "erbbands_spread": {
        "mean": 25.1564273834,
        "var": 78.2935791016
    },
    "hfc": {
        "mean": 13.4333686829,
        "var": 68.6647644043
    },
    "melbands_crest": {
        "mean": 12.289358139,
        "var": 11.6226634979
    },
    "melbands_flatness_db": {
        "mean": 0.260172903538,
        "var": 0.00250929337926
    },
    "melbands_kurtosis": {
        "mean": 9.24716663361,
        "var": 39.1703720093
    },
    "melbands_skewness": {
        "mean": 2.1959297657,
        "var": 0.59389936924
    },
    "melbands_spread": {
        "mean": 11.3089399338,
        "var": 35.901134491
    },
    "pitch_salience": {
        "mean": 0.593678891659,
        "var": 0.00801799632609
    },
    "silence_rate_20dB": {
        "mean": 1,
        "var": 0
    },
    "silence_rate_30dB": {
        "mean": 0.976828038692,
        "var": 0.0226356144994
    },
    "silence_rate_60dB": {
        "mean": 0.00617919676006,
        "var": 0.00614098878577
    },
    "spectral_centroid": {
        "mean": 739.448303223,
        "var": 68362.625
    },
    "spectral_complexity": {
        "mean": 15.2832136154,
        "var": 12.2760314941
    },
    "spectral_decrease": {
        "mean": -7.12208025888e-009,
        "var": 4.11221955834e-017
    },
    "spectral_energy": {
        "mean": 0.0280988179147,
        "var": 0.00061597576132
    },
    "spectral_energyband_high": {
        "mean": 0.000100379045762,
        "var": 2.57480206045e-008
    },
    "spectral_energyband_low": {
        "mean": 0.0034435170237,
        "var": 3.54826152034e-005
    },
    "spectral_energyband_middle_high": {
        "mean": 0.00266554043628,
        "var": 3.84296072298e-006
    },
    "spectral_energyband_middle_low": {
        "mean": 0.0228680297732,
        "var": 0.000437113980297
    },
    "spectral_entropy": {
        "mean": 6.68843078613,
        "var": 0.102613039315
    },
    "spectral_flux": {
        "mean": 0.0630136057734,
        "var": 0.000947986321989
    },
    "spectral_kurtosis": {
        "mean": 12.0208921432,
        "var": 53.0190734863
    },
    "spectral_rms": {
        "mean": 0.00493809673935,
        "var": 3.02864282276e-006
    },
    "spectral_rolloff": {
        "mean": 764.294494629,
        "var": 282143.75
    },
    "spectral_skewness": {
        "mean": 2.42043757439,
        "var": 0.375684887171
    },
    "spectral_spread": {
        "mean": 2754920,
        "var": 1.61759939789e+012
    },
    "spectral_strongpeak": {
        "mean": 1.16618311405,
        "var": 0.639442205429
    },
    "zerocrossingrate": {
        "mean": 0.0340519584715,
        "var": 0.000226188232773
    },
    "barkbands": {
        "mean": [4.38274173575e-006, 0.000834749720525, 0.00173462170642, 0.0023723251652, 0.00752773415297, 0.00430782185867, 0.00342705496587, 0.00424612732604, 0.00075827667024, 0.0004519050417, 0.000223382710828, 0.000427279766882, 0.00029129939503, 0.000480271672131, 0.000311367330141, 9.38906960073e-005, 0.000196586814127, 0.000142741162563, 0.000147811340867, 4.65965495096e-005, 3.16457626468e-005, 1.68158640008e-005, 8.67283506523e-006, 5.15209330842e-006, 7.19313447917e-006, 3.03170304505e-006, 1.18139020344e-007],
        "var": [1.66086464026e-010, 7.81850030762e-006, 1.05154558696e-005, 2.8684926292e-005, 0.000170600193087, 1.32283621497e-005, 9.30352234718e-006, 3.29110116581e-005, 1.02172839433e-006, 2.41055431616e-007, 9.46482856534e-008, 4.17549586018e-007, 1.16542658191e-007, 7.76745764597e-007, 1.97403693392e-007, 2.53686316398e-008, 6.71814035513e-008, 4.02348696582e-008, 3.23754285603e-008, 4.47412684679e-009, 6.15332362841e-009, 1.21273402431e-009, 3.12439962791e-010, 1.23064156088e-010, 2.58223387117e-010, 5.7778750534e-011, 2.28214230283e-013]
    },
    "erbbands": {
        "mean": [0.00472940644249, 0.273137241602, 1.92086315155, 4.92794942856, 19.0093746185, 22.9413070679, 33.1197967529, 31.245464325, 48.7243652344, 54.8597717285, 101.222038269, 25.1227149963, 17.3360691071, 11.3629999161, 11.3441514969, 17.4904880524, 14.0985479355, 29.2147312164, 16.1038303375, 9.094830513, 7.4774389267, 8.69170379639, 8.58339691162, 8.75667381287, 5.31594657898, 2.29810857773, 1.78525400162, 1.02921807766, 0.62859416008, 0.295658379793, 0.245517507195, 0.148603260517, 0.0751966610551, 0.0750124529004, 0.0510192811489, 0.0188465546817, 0.00478576216847, 0.000561987049878, 2.90611933451e-005, 3.23616040987e-005],
        "var": [0.000187354715308, 0.74681198597, 18.0741596222, 59.7909927368, 3491.9140625, 699.125183105, 1200.6541748, 868.860046387, 2063.42016602, 3395.3840332, 23797.5800781, 884.014831543, 378.962127686, 114.444290161, 203.969314575, 442.838500977, 220.705368042, 2520.79101563, 446.761871338, 159.635437012, 119.294113159, 112.134933472, 113.733734131, 100.476165771, 46.05809021, 8.21669769287, 17.5196075439, 4.1431016922, 1.11170840263, 0.288635700941, 0.252700865269, 0.137939736247, 0.0195906516165, 0.0216094590724, 0.0208294671029, 0.00293236458674, 0.000171773004695, 2.4392350042e-006, 2.85687007384e-009, 7.60821405876e-010]
    },
    "gfcc": {
        "mean": [-35.5180778503, 139.925231934, -134.452590942, 6.867623806, -65.6010818481, -19.6603412628, -49.6160392761, -3.48090720177, -29.6996536255, -1.42387485504, -13.4907751083, -11.9733934402, -17.3896312714],
        "cov": [[2488.82641602, -604.764953613, 83.1687088013, 131.029678345, -120.260162354, 152.030380249, -210.735687256, 115.348045349, -113.384544373, 89.0754089355, -189.434814453, 90.4033966064, -85.5487976074], [-604.764953613, 929.928527832, 64.1646270752, -2.71546220779, 225.751907349, -100.568733215, 216.925796509, -104.118537903, 122.796348572, -118.886573792, 144.287307739, -128.128372192, 74.3936691284], [83.1687088013, 64.1646270752, 341.034912109, 106.868110657, 77.4368515015, 48.8618431091, 15.1570415497, 45.6908111572, -9.86752796173, -0.156844556332, -17.8691673279, 18.1250667572, -15.3739919662], [131.029678345, -2.71546220779, 106.868110657, 203.302062988, 55.6389770508, 60.9365921021, 28.7526988983, 15.8775749207, 13.8866853714, -14.3899707794, -0.569423794746, 29.7396526337, 1.37594628334], [-120.260162354, 225.751907349, 77.4368515015, 55.6389770508, 176.545211792, 29.4994792938, 57.9498634338, -5.74416446686, 38.5176734924, -18.3247699738, 14.2052278519, -0.576387584209, 9.83473014832], [152.030380249, -100.568733215, 48.8618431091, 60.9365921021, 29.4994792938, 137.482528687, -1.45439302921, 27.3876361847, 3.66283869743, 20.8601722717, -18.5038642883, 32.2207717896, -6.05926084518], [-210.735687256, 216.925796509, 15.1570415497, 28.7526988983, 57.9498634338, -1.45439302921, 126.173072815, -2.53139424324, 37.5530738831, -15.8676176071, 44.8970069885, -30.2535133362, 12.8398332596], [115.348045349, -104.118537903, 45.6908111572, 15.8775749207, -5.74416446686, 27.3876361847, -2.53139424324, 107.149681091, 8.38295650482, 22.1272792816, -15.0202722549, 24.8083248138, -15.4058218002], [-113.384544373, 122.796348572, -9.86752796173, 13.8866853714, 38.5176734924, 3.66283869743, 37.5530738831, 8.38295650482, 95.3064956665, 1.18168401718, 23.5212097168, -2.41931557655, 6.74793577194], [89.0754089355, -118.886573792, -0.156844556332, -14.3899707794, -18.3247699738, 20.8601722717, -15.8676176071, 22.1272792816, 1.18168401718, 88.3590011597, -4.71693563461, 12.7845230103, -3.57959342003], [-189.434814453, 144.287307739, -17.8691673279, -0.569423794746, 14.2052278519, -18.5038642883, 44.8970069885, -15.0202722549, 23.5212097168, -4.71693563461, 108.157981873, -7.88398933411, 5.81588554382], [90.4033966064, -128.128372192, 18.1250667572, 29.7396526337, -0.576387584209, 32.2207717896, -30.2535133362, 24.8083248138, -2.41931557655, 12.7845230103, -7.88398933411, 107.987266541, -10.1757850647], [-85.5487976074, 74.3936691284, -15.3739919662, 1.37594628334, 9.83473014832, -6.05926084518, 12.8398332596, -15.4058218002, 6.74793577194, -3.57959342003, 5.81588554382, -10.1757850647, 82.0521621704]],
        "icov": [[0.000658353790641, -0.0006524961791, 0.000305211142404, -0.000799720757641, 0.000701477169059, -0.000627248198725, 0.00119151826948, -0.000721487391274, 0.00081456679618, -0.000882548163645, 0.00100767565891, -0.00020416615007, 0.000694049464073], [-0.0006524961791, 0.00861725676805, -0.00284631317481, 0.00360947148874, -0.00683088321239, 0.00401538982987, -0.00692552095279, 0.00483003212139, -0.00603577168658, 0.00701081892475, -0.00580860860646, 0.00418033404276, -0.00424884120002], [0.000305211142404, -0.00284631317481, 0.00510820187628, -0.00302885542624, 0.000538226799108, -0.00138522288762, 0.00252838246524, -0.00325265759602, 0.00341752334498, -0.00260373041965, 0.00230825971812, -0.00103796017356, 0.002046629088], [-0.000799720757641, 0.00360947148874, -0.00302885542624, 0.00919078849256, -0.00338664697483, -0.000463226053398, -0.00476854620501, 0.00261950888671, -0.00339140486903, 0.0048362785019, -0.00287386425771, 1.57475769811e-005, -0.00252271746285], [0.000701477169059, -0.00683088321239, 0.000538226799108, -0.00338664697483, 0.0139154400676, -0.0046119322069, 0.00282769813202, -0.00235179020092, 0.00230535771698, -0.00445805070922, 0.00516087980941, -0.00383140170015, 0.00296475528739], [-0.000627248198725, 0.00401538982987, -0.00138522288762, -0.000463226053398, -0.0046119322069, 0.0118355192244, -0.0036092705559, 0.00130937620997, -0.00275515625253, 0.00106181879528, -0.00160733377561, 0.000299069826724, -0.0018850088818], [0.00119151826948, -0.00692552095279, 0.00252838246524, -0.00476854620501, 0.00282769813202, -0.0036092705559, 0.0190993752331, -0.00558081269264, 0.00285915541463, -0.00494599016383, 0.0010593009647, 0.000404727616115, 0.00295727862976], [-0.000721487391274, 0.00483003212139, -0.00325265759602, 0.00261950888671, -0.00235179020092, 0.00130937620997, -0.00558081269264, 0.0147342951968, -0.00545129273087, 0.00205320911482, -0.00198841583915, 0.000197154324269, -0.00106320064515], [0.00081456679618, -0.00603577168658, 0.00341752334498, -0.00339140486903, 0.00230535771698, -0.00275515625253, 0.00285915541463, -0.00545129273087, 0.017718328163, -0.0060185501352, 0.00282250833698, -0.00301837548614, 0.00277409423143], [-0.000882548163645, 0.00701081892475, -0.00260373041965, 0.0048362785019, -0.00445805070922, 0.00106181879528, -0.00494599016383, 0.00205320911482, -0.0060185501352, 0.0190600398928, -0.00563953816891, 0.002784244949, -0.00400184793398], [0.00100767565891, -0.00580860860646, 0.00230825971812, -0.00287386425771, 0.00516087980941, -0.00160733377561, 0.0010593009647, -0.00198841583915, 0.00282250833698, -0.00563953816891, 0.0161334089935, -0.00383946555667, 0.00342353014275], [-0.00020416615007, 0.00418033404276, -0.00103796017356, 1.57475769811e-005, -0.00383140170015, 0.000299069826724, 0.000404727616115, 0.000197154324269, -0.00301837548614, 0.002784244949, -0.00383946555667, 0.0137100368738, -0.00140066538006], [0.000694049464073, -0.00424884120002, 0.002046629088, -0.00252271746285, 0.00296475528739, -0.0018850088818, 0.00295727862976, -0.00106320064515, 0.00277409423143, -0.00400184793398, 0.00342353014275, -0.00140066538006, 0.0152130061761]]
    },
    "melbands": {
        "mean": [0.000125248974655, 0.000779930851422, 0.0012935915729, 0.00152503640857, 0.00112989777699, 0.000762461917475, 0.00074031855911, 0.000607547757681, 0.000756438472308, 0.000111713648948, 8.27235198813e-005, 4.43523458671e-005, 3.38549471053e-005, 5.19602763234e-005, 2.84426387225e-005, 4.49723411293e-005, 5.07820877829e-005, 2.16265962081e-005, 2.05675933103e-005, 6.98642907082e-006, 9.18904879654e-006, 9.03525960894e-006, 8.759562661e-006, 8.45064096211e-006, 6.98886196915e-006, 4.69879432785e-006, 1.93756886802e-006, 1.48334640926e-006, 1.19439948776e-006, 8.53650476529e-007, 5.67333984236e-007, 3.98173995109e-007, 2.18568786181e-007, 1.40549161642e-007, 1.43329003777e-007, 1.2037212116e-007, 8.00116310984e-008, 4.87009472749e-008, 5.55888739484e-008, 6.70514737067e-008],
        "var": [1.69881431589e-007, 3.48907838088e-006, 9.10235758056e-006, 9.65284107224e-006, 1.20621939459e-006, 4.83402743612e-007, 4.22222882435e-007, 3.71063066495e-007, 1.35173627314e-006, 2.12768576091e-008, 9.38338029499e-009, 1.97006877478e-009, 1.79615866625e-009, 8.29372570621e-009, 1.12885401027e-009, 3.77187969747e-009, 7.68456853706e-009, 9.52700696111e-010, 1.2416214723e-009, 7.36283464753e-011, 1.99708027893e-010, 1.45890008407e-010, 1.96862706692e-010, 1.88997081874e-010, 8.09834838078e-011, 3.94751904775e-011, 6.30508666111e-012, 4.44194030516e-012, 1.05519308569e-011, 6.11335548156e-012, 1.36323331096e-012, 5.29732074178e-013, 3.04704341186e-013, 7.00799959513e-014, 7.44950230517e-014, 1.84825895908e-013, 4.79975082032e-014, 1.14882765234e-014, 1.0188407057e-014, 2.21221695476e-014]
    },
    "mfcc": {
        "mean": [-678.168518066, 175.824417114, -19.0745925903, 20.6342353821, -8.21217346191, -15.9987287521, -12.635383606, -15.6604166031, -16.7386798859, -6.13059902191, 1.62662005424, -4.5441608429, -8.20968532562],
        "cov": [[1814.65966797, -581.421203613, 91.5163726807, -16.6567001343, 51.622428894, 36.0996437073, -68.360534668, 9.22574615479, 54.8082923889, -33.1709823608, 0.474942088127, 2.50474238396, -57.6171760559], [-581.421203613, 822.83392334, -32.0286865234, 96.2516479492, 36.1643028259, 23.0126914978, 86.8665542603, 26.4766159058, 3.92802977562, 44.1310501099, 18.6421718597, 4.60962724686, 46.3552093506], [91.5163726807, -32.0286865234, 241.890533447, 74.2051925659, 62.6315460205, 31.7357196808, 38.0881462097, 37.8913116455, 19.4974079132, -3.54805827141, 2.58999085426, 18.5329322815, 11.6004648209], [-16.6567001343, 96.2516479492, 74.2051925659, 174.646560669, 47.4002189636, 41.3735961914, 33.5679168701, 45.6550292969, 18.4823150635, 4.17806482315, 2.88238954544, 11.4892730713, 11.5825643539], [51.622428894, 36.1643028259, 62.6315460205, 47.4002189636, 138.270309448, 54.5863609314, 13.5186080933, 47.8460998535, 37.5157012939, -14.2094306946, 18.0419750214, 10.2444915771, 15.6442346573], [36.0996437073, 23.0126914978, 31.7357196808, 41.3735961914, 54.5863609314, 136.827774048, 21.2613563538, 36.5489349365, 28.5380039215, -9.53053569794, 20.4265136719, 14.8295602798, 5.37971639633], [-68.360534668, 86.8665542603, 38.0881462097, 33.5679168701, 13.5186080933, 21.2613563538, 110.428398132, 9.24659347534, -3.46845579147, 33.03647995, -10.4495849609, 7.36233854294, 15.9785327911], [9.22574615479, 26.4766159058, 37.8913116455, 45.6550292969, 47.8460998535, 36.5489349365, 9.24659347534, 129.937072754, 12.8978881836, -17.1655483246, 44.2504348755, -3.15149950981, 20.2853908539], [54.8082923889, 3.92802977562, 19.4974079132, 18.4823150635, 37.5157012939, 28.5380039215, -3.46845579147, 12.8978881836, 119.734672546, -5.84304428101, -7.18983840942, 17.7877254486, -7.0581240654], [-33.1709823608, 44.1310501099, -3.54805827141, 4.17806482315, -14.2094306946, -9.53053569794, 33.03647995, -17.1655483246, -5.84304428101, 148.59336853, -18.0910606384, 1.14409542084, 9.0848274231], [0.474942088127, 18.6421718597, 2.58999085426, 2.88238954544, 18.0419750214, 20.4265136719, -10.4495849609, 44.2504348755, -7.18983840942, -18.0910606384, 125.384338379, -4.56175851822, 10.4689855576], [2.50474238396, 4.60962724686, 18.5329322815, 11.4892730713, 10.2444915771, 14.8295602798, 7.36233854294, -3.15149950981, 17.7877254486, 1.14409542084, -4.56175851822, 97.0722198486, 1.47416245937], [-57.6171760559, 46.3552093506, 11.6004648209, 11.5825643539, 15.6442346573, 5.37971639633, 15.9785327911, 20.2853908539, -7.0581240654, 9.0848274231, 10.4689855576, 1.47416245937, 93.4566268921]],
        "icov": [[0.000755537534133, 0.000531523197424, -0.000125350110466, -9.30129244807e-005, -0.000286962691462, -0.000117420924653, 0.000149970030179, 2.6661064112e-005, -0.000211062171729, -8.58077037265e-005, -5.68186260352e-005, 6.11331197433e-005, 0.000250415061601], [0.000531523197424, 0.00188107695431, 0.000618317164481, -0.000919550540857, -0.000527336087544, 9.85130172921e-005, -0.000974618596956, 0.000115692062536, -0.000219253881369, -0.000247752235737, -0.000357732526027, 3.68199580407e-005, -0.000296981248539], [-0.000125350110466, 0.000618317164481, 0.00564774358645, -0.00186147890054, -0.00177189125679, 0.000358356483048, -0.00174702249933, -0.000403407146223, -4.02742698498e-005, 0.000192837382201, 4.84084775962e-005, -0.000621850136667, -0.000209470104892], [-9.30129244807e-005, -0.000919550540857, -0.00186147890054, 0.00803702138364, -0.000602176995017, -0.00107185787056, -0.000601172680035, -0.00183583213948, -0.000146187914652, -0.000143159195432, 0.000792792125139, -0.00027404478169, 0.000215906169615], [-0.000286962691462, -0.000527336087544, -0.00177189125679, -0.000602176995017, 0.0109388856217, -0.00255895592272, 0.000226447838941, -0.0019062825013, -0.00212502037175, 0.000630294496659, -0.000273465906503, -1.44331997944e-005, -0.00112044403795], [-0.000117420924653, 9.85130172921e-005, 0.000358356483048, -0.00107185787056, -0.00255895592272, 0.00960561539978, -0.00166245165747, -0.00091521156719, -0.00117156561464, 0.000428307102993, -0.00107445742469, -0.000890070514288, 0.000329698639689], [0.000149970030179, -0.000974618596956, -0.00174702249933, -0.000601172680035, 0.000226447838941, -0.00166245165747, 0.0119929220527, -0.000271830824204, 0.00100777961779, -0.00222449772991, 0.00132963142823, -0.000323264510371, -0.000917927769478], [2.6661064112e-005, 0.000115692062536, -0.000403407146223, -0.00183583213948, -0.0019062825013, -0.00091521156719, -0.000271830824204, 0.0108847348019, -0.000411124899983, 0.000772156927269, -0.00316218519583, 0.000943135470152, -0.00147445197217], [-0.000211062171729, -0.000219253881369, -4.02742698498e-005, -0.000146187914652, -0.00212502037175, -0.00117156561464, 0.00100777961779, -0.000411124899983, 0.00983906444162, -4.621813423e-005, 0.00118794105947, -0.00140711211134, 0.000978530617431], [-8.58077037265e-005, -0.000247752235737, 0.000192837382201, -0.000143159195432, 0.000630294496659, 0.000428307102993, -0.00222449772991, 0.000772156927269, -4.621813423e-005, 0.00757111888379, 0.0005630722153, 1.16044111564e-005, -0.000656375137623], [-5.68186260352e-005, -0.000357732526027, 4.84084775962e-005, 0.000792792125139, -0.000273465906503, -0.00107445742469, 0.00132963142823, -0.00316218519583, 0.00118794105947, 0.0005630722153, 0.00964227225631, 0.000140401898534, -0.00044254338718], [6.11331197433e-005, 3.68199580407e-005, -0.000621850136667, -0.00027404478169, -1.44331997944e-005, -0.000890070514288, -0.000323264510371, 0.000943135470152, -0.00140711211134, 1.16044111564e-005, 0.000140401898534, 0.0109103340656, -0.000260436441749], [0.000250415061601, -0.000296981248539, -0.000209470104892, 0.000215906169615, -0.00112044403795, 0.000329698639689, -0.000917927769478, -0.00147445197217, 0.000978530617431, -0.000656375137623, -0.00044254338718, -0.000260436441749, 0.0118380300701]]
    },
    "spectral_contrast_coeffs": {
        "mean": [-0.500325202942, -0.671930491924, -0.721398890018, -0.716120183468, -0.706759095192, -0.726960718632],
        "var": [0.00504018459469, 0.00362697709352, 0.00252376287244, 0.00228180503473, 0.00195638020523, 0.00175149017014]
    },
    "spectral_contrast_valleys": {
        "mean": [-8.10825634003, -6.19663763046, -7.66902112961, -8.36249446869, -8.78378486633, -12.0432758331],
        "var": [0.730025053024, 0.456270009279, 0.394587218761, 0.383683085442, 0.505319297314, 0.696964323521]
    }
},
"metadata": {
    "audio_properties": {
        "analysis_sample_rate": 44100,
        "bit_rate": 128074,
        "equal_loudness": 0,
        "length": 45.0612258911,
        "lossless": 0,
        "replay_gain": -5.90135574341,
        "sample_rate": 44100,
        "codec": "mp3",
        "downmix": "mix",
        "md5_encoded": "25b0c55c581da8519bcc36f7651f5002"
    },
    "tags": {
        "file_name": "1683.mp3"
    },
    "version": {
        "essentia": "2.1-beta2",
        "essentia_git_sha": "v2.1_beta2",
        "extractor": "music 1.0"
    }
},
"rhythm": {
    "beats_count": 83,
    "beats_loudness": {
        "mean": 0.0424835979939,
        "var": 0.00264651956968
    },
    "bpm": 111.970245361,
    "bpm_histogram_first_peak_bpm": {
        "mean": 112,
        "var": 0
    },
    "bpm_histogram_first_peak_spread": {
        "mean": 0.627451002598,
        "var": 0
    },
    "bpm_histogram_first_peak_weight": {
        "mean": 0.231707319617,
        "var": 0
    },
    "bpm_histogram_second_peak_bpm": {
        "mean": 117,
        "var": 0
    },
    "bpm_histogram_second_peak_spread": {
        "mean": 0.166666641831,
        "var": 0
    },
    "bpm_histogram_second_peak_weight": {
        "mean": 0.18292683363,
        "var": 0
    },
    "danceability": 1.31220889091,
    "onset_rate": 5.81169128418,
    "beats_loudness_band_ratio": {
        "mean": [0.212664783001, 0.426340222359, 0.334782570601, 0.0729092732072, 0.0439328104258, 0.0119076762348],
        "var": [0.0452974736691, 0.0227417070419, 0.0304448697716, 0.00288160331547, 0.00120782793965, 0.000173854452441]
    },
    "beats_position": [0.603718817234, 1.23065757751, 1.88081634045, 2.50775504112, 3.11147379875, 3.69197273254, 4.28408145905, 4.85297060013, 5.41024923325, 5.9675283432, 6.51319694519, 7.05886602402, 7.60453510284, 8.13859367371, 8.68426322937, 9.21832180023, 9.75238037109, 10.2864398956, 10.8088884354, 11.3313379288, 11.8421764374, 12.3530158997, 12.8870744705, 13.4211339951, 13.966802597, 14.512471199, 15.0465307236, 15.5805892944, 16.1378688812, 16.6719264984, 17.2175960541, 17.7516555786, 18.2741031647, 18.784942627, 19.3073921204, 19.8298416138, 20.3522891998, 20.8747386932, 21.3855781555, 21.8848075867, 22.3840351105, 22.8716545105, 23.3708839417, 23.8817234039, 24.3925609589, 24.9150104523, 25.4258499146, 25.9599094391, 26.4939670563, 27.0048065186, 27.5504760742, 28.0729255676, 28.5837631226, 29.1178226471, 29.6518821716, 30.1627197266, 30.68516922, 31.2076187134, 31.7416782379, 32.264125824, 32.7865753174, 33.3206329346, 33.843082428, 34.3771438599, 34.9228096008, 35.4568710327, 36.0141487122, 36.5830383301, 37.151927948, 37.7208137512, 38.2897033691, 38.8005447388, 39.3229942322, 39.8338317871, 40.3795013428, 40.9367790222, 41.4940567017, 42.0048980713, 42.5389556885, 43.0962333679, 43.6070747375, 44.1179122925, 44.6055335999]
},
"tonal": {
    "chords_changes_rate": 0.0308641977608,
    "chords_number_rate": 0.0102880662307,
    "chords_strength": {
        "mean": 0.536872923374,
        "var": 0.00801391061395
    },
    "hpcp_entropy": {
        "mean": 1.52418625355,
        "var": 0.429873228073
    },
    "key_strength": 0.861483454704,
    "tuning_diatonic_strength": 0.577592849731,
    "tuning_equal_tempered_deviation": 0,
    "tuning_frequency": 441.017791748,
    "tuning_nontempered_energy_ratio": 0.59540116787,
    "hpcp": {
        "mean": [0.197455480695, 0.130786731839, 0.0729044079781, 0.103064589202, 0.0722926035523, 0.140478074551, 0.252502977848, 0.146217778325, 0.0912217199802, 0.142202883959, 0.0865647643805, 0.0467991232872, 0.0595202222466, 0.0577301420271, 0.27033418417, 0.471415042877, 0.247790887952, 0.0469886250794, 0.0494112372398, 0.0364889167249, 0.106664203107, 0.174617528915, 0.0978578552604, 0.0359861515462, 0.0358020924032, 0.027068702504, 0.0996080487967, 0.167601853609, 0.112012192607, 0.193404838443, 0.311866134405, 0.172769993544, 0.0662705004215, 0.0935559868813, 0.0735768228769, 0.116478912532],
        "var": [0.0768792703748, 0.0342652313411, 0.0222302507609, 0.0675905123353, 0.0271778572351, 0.0367173403502, 0.115895576775, 0.0365743003786, 0.0291333459318, 0.0726333558559, 0.0261158365756, 0.00888178870082, 0.0165458247066, 0.0128483884037, 0.0641270950437, 0.16485632956, 0.0536077395082, 0.0143245812505, 0.0300232619047, 0.0102386809886, 0.0443898104131, 0.0921259298921, 0.0299810636789, 0.00962880626321, 0.0164756253362, 0.00547694554552, 0.0320521704853, 0.0727958753705, 0.0308165550232, 0.0557437092066, 0.141888350248, 0.0521321408451, 0.0180161744356, 0.0497912466526, 0.0271941851825, 0.0430995225906]
    },
    "chords_histogram": [15.0205764771, 26.2345676422, 10.3909463882, 0, 0, 0, 6.37860059738, 0, 0, 0, 0, 0, 0, 0, 0, 0, 3.80658435822, 17.1810703278, 1.54320991039, 0, 0, 7.71604919434, 10.2880659103, 1.44032919407],
    "thpcp": [1, 0.525632143021, 0.0996757000685, 0.104814723134, 0.0774029567838, 0.226263895631, 0.370411455631, 0.207583218813, 0.0763364508748, 0.0759460106492, 0.0574201084673, 0.211295858026, 0.355529278517, 0.23760843277, 0.410264462233, 0.66155320406, 0.366492331028, 0.140577822924, 0.198457792401, 0.156076520681, 0.247083574533, 0.418856978416, 0.27743434906, 0.15465015173, 0.218628123403, 0.153352349997, 0.297992348671, 0.53562772274, 0.310167819262, 0.193506166339, 0.301651149988, 0.18362750113, 0.0992737188935, 0.126258641481, 0.122461393476, 0.573452591896],
    "chords_key": "B",
    "chords_scale": "minor",
    "key_key": "G",
    "key_scale": "major"
}
}