{
"lowlevel": {
    "average_loudness": 0.908029675484,
    "barkbands_crest": {
        "mean": 13.0313091278,
        "var": 38.2453041077
    },
    "barkbands_flatness_db": {
        "mean": 0.29428139329,
        "var": 0.0316045358777
    },
    "barkbands_kurtosis": {
        "mean": 21.5766868591,
        "var": 2932.9699707
    },
    "barkbands_skewness": {
        "mean": 1.93008613586,
        "var": 8.59940624237
    },
    "barkbands_spread": {
        "mean": 9.25598430634,
        "var": 73.690322876
    },
    "dissonance": {
        "mean": 0.45276877284,
        "var": 0.00130302365869
    },
    "dynamic_complexity": 4.6871676445,
    "erbbands_crest": {
        "mean": 13.1027479172,
        "var": 29.5269889832
    },
    "erbbands_flatness_db": {
        "mean": 0.296266615391,
        "var": 0.00542549602687
    },
    "erbbands_kurtosis": {
        "mean": 10.0489330292,
        "var": 637.67010498
    },
    "erbbands_skewness": {
        "mean": 1.1629191637,
        "var": 3.27462697029
    },
    "erbbands_spread": {
        "mean": 19.0510826111,
        "var": 294.753631592
    },
    "hfc": {
        "mean": 16.5245685577,
        "var": 382.369262695
    },
    "melbands_crest": {
        "mean": 17.4241275787,
        "var": 58.4977340698
    },
    "melbands_flatness_db": {
        "mean": 0.34235933423,
        "var": 0.0551443137228
    },
    "melbands_kurtosis": {
        "mean": 26.0712585449,
        "var": 5225.16064453
    },
    "melbands_skewness": {
        "mean": 2.18562173843,
        "var": 8.484998703
    },
    "melbands_spread": {
        "mean": 15.3437805176,
        "var": 275.739349365
    },
    "pitch_salience": {
        "mean": 0.491866320372,
        "var": 0.0371642671525
    },
    "silence_rate_20dB": {
        "mean": 1,
        "var": 0
    },
    "silence_rate_30dB": {
        "mean": 0.998970150948,
        "var": 0.00102880841587
    },
    "silence_rate_60dB": {
        "mean": 0.125128731132,
        "var": 0.109469853342
    },
    "spectral_centroid": {
        "mean": 1190.1484375,
        "var": 518213.875
    },
    "spectral_complexity": {
        "mean": 11.7059736252,
        "var": 63.6441650391
    },
    "spectral_decrease": {
        "mean": -5.04729991135e-009,
        "var": 2.30212834803e-017
    },
    "spectral_energy": {
        "mean": 0.0205484572798,
        "var": 0.000368265202269
    },
    "spectral_energyband_high": {
        "mean": 9.57732918323e-005,
        "var": 2.40176962762e-008
    },
    "spectral_energyband_low": {
        "mean": 0.00670513836667,
        "var": 0.000234576669754
    },
    "spectral_energyband_middle_high": {
        "mean": 0.00893470644951,
        "var": 0.000169402090251
    },
    "spectral_energyband_middle_low": {
        "mean": 0.0052107363008,
        "var": 8.85975023266e-005
    },
    "spectral_entropy": {
        "mean": 6.57714128494,
        "var": 1.33268237114
    },
    "spectral_flux": {
        "mean": 0.0668483152986,
        "var": 0.00200884207152
    },
    "spectral_kurtosis": {
        "mean": 32.1460876465,
        "var": 3069.27783203
    },
    "spectral_rms": {
        "mean": 0.00397511199117,
        "var": 4.24579684477e-006
    },
    "spectral_rolloff": {
        "mean": 1354.83007813,
        "var": 1363968.875
    },
    "spectral_skewness": {
        "mean": 3.28519845009,
        "var": 9.36787319183
    },
    "spectral_spread": {
        "mean": 2463552,
        "var": 2.89900173722e+012
    },
    "spectral_strongpeak": {
        "mean": 1.68612635136,
        "var": 3.38596534729
    },
    "zerocrossingrate": {
        "mean": 0.0473670512438,
        "var": 0.00125211570412
    },
    "barkbands": {
        "mean": [0.000375011790311, 0.00564917456359, 0.000636400422081, 9.54247952905e-005, 0.000608765578363, 0.000447358121164, 0.000427860766649, 0.00187324278522, 0.000958606484346, 0.00198494852521, 0.00221378100105, 0.000897812715266, 0.00124584196601, 0.000776465225499, 0.000678369426169, 0.000428641651524, 0.000595240329858, 0.000163106218679, 0.00037194925244, 3.7893471017e-005, 4.94220148539e-005, 8.12793223304e-006, 9.50096728047e-006, 7.79899346526e-006, 5.73598435949e-006, 1.90168645986e-006, 1.02527671686e-007],
        "var": [1.61645948538e-006, 0.000190425897017, 2.40479221247e-006, 1.77715378413e-007, 2.84809925688e-006, 2.38976144828e-006, 1.18289017337e-006, 4.42141645181e-005, 8.08525601315e-006, 2.31143385463e-005, 3.47028071701e-005, 5.34648688699e-006, 1.38191035148e-005, 3.90955938201e-006, 2.73771206594e-006, 6.64755930302e-007, 1.06763809526e-006, 7.44160573163e-008, 4.17845029688e-007, 5.83098191953e-009, 8.65756799584e-009, 3.1414493229e-010, 4.26854523949e-010, 6.44411801698e-010, 4.29293933735e-010, 6.11724004784e-011, 2.57369673533e-013]
    },
    "erbbands": {
        "mean": [0.184834867716, 1.14008545876, 1.15357673168, 0.465147465467, 0.375143349171, 1.84959888458, 6.83801746368, 2.01412844658, 4.90651655197, 12.2636823654, 48.0128746033, 24.0219860077, 50.2509040833, 60.5971450806, 103.145568848, 42.9233512878, 53.1553153992, 50.9515037537, 41.071598053, 22.274810791, 26.815536499, 25.2885074615, 12.1629142761, 17.1784477234, 13.2109146118, 2.17313075066, 1.92250156403, 1.53253507614, 0.338093101978, 0.27414727211, 0.270896464586, 0.192533135414, 0.119666360319, 0.0758474990726, 0.032002132386, 0.0111818592995, 0.00310968584381, 0.000489588885102, 2.30467740039e-005, 2.47112275247e-005],
        "var": [0.200822159648, 10.0203647614, 6.72689342499, 2.12163949013, 1.05147707462, 27.6387329102, 569.577697754, 45.6306114197, 185.447311401, 786.568481445, 38218.3320313, 4153.90820313, 14000.3564453, 25830.0039063, 80950.453125, 7528.00439453, 24774.5800781, 15350.9423828, 9167.14453125, 1973.00366211, 2200.10253906, 1545.70214844, 414.159759521, 895.793518066, 562.750793457, 14.4657812119, 13.8273630142, 7.84319877625, 0.478707432747, 0.305964112282, 0.383414238691, 0.315359115601, 0.18515856564, 0.0762768611312, 0.0127195985988, 0.00217753928155, 0.000169235296198, 4.43871022071e-006, 3.21402415793e-009, 4.94637775184e-010]
    },
    "gfcc": {
        "mean": [-148.798034668, 105.739387512, -160.68409729, -5.53787326813, -42.7848205566, -0.413013577461, -30.0206794739, 5.39119672775, -20.828912735, -10.6905984879, -7.2181391716, -3.65684270859, 0.50919252634],
        "cov": [[18216.9648438, -5661.22509766, -9992.46972656, -2877.77905273, -5385.23339844, -1527.81225586, -2030.04675293, 11.4454336166, -1444.79296875, 383.370269775, -129.758712769, 353.430114746, -141.684738159], [-5661.22509766, 3255.29077148, 3387.98486328, 989.109436035, 2250.17163086, 197.651473999, 740.01385498, -33.3638954163, 631.99786377, -299.730285645, 136.907394409, -111.224487305, 137.486984253], [-9992.46972656, 3387.98486328, 8270.04003906, 2531.26586914, 3769.15258789, 1537.85205078, 1417.02941895, 54.9078636169, 776.132019043, -156.458908081, -12.8338117599, -64.5390090942, -50.2571601868], [-2877.77905273, 989.109436035, 2531.26586914, 1094.01672363, 1191.98339844, 450.69140625, 403.358612061, -14.8596572876, 240.914169312, -41.6704483032, -5.11930322647, -55.4349441528, -19.934053421], [-5385.23339844, 2250.17163086, 3769.15258789, 1191.98339844, 2367.04785156, 633.749511719, 835.407226563, 100.398735046, 544.130554199, -131.740570068, 59.6891288757, -90.7697601318, 46.1491127014], [-1527.81225586, 197.651473999, 1537.85205078, 450.69140625, 633.749511719, 637.250793457, 382.557800293, 73.6312255859, 73.6132049561, 31.1529254913, -47.3634223938, 30.174282074, -58.3568458557], [-2030.04675293, 740.01385498, 1417.02941895, 403.358612061, 835.407226563, 382.557800293, 607.351806641, 85.0244522095, 204.840332031, -67.6094055176, 4.03999185562, -25.4340343475, 21.1175174713], [11.4454336166, -33.3638954163, 54.9078636169, -14.8596572876, 100.398735046, 73.6312255859, 85.0244522095, 181.783569336, 81.2280883789, 17.2092781067, -9.04720020294, -7.66822957993, -14.9579114914], [-1444.79296875, 631.99786377, 776.132019043, 240.914169312, 544.130554199, 73.6132049561, 204.840332031, 81.2280883789, 293.223022461, -29.1130657196, 25.9260940552, -76.3355102539, 18.2328472137], [383.370269775, -299.730285645, -156.458908081, -41.6704483032, -131.740570068, 31.1529254913, -67.6094055176, 17.2092781067, -29.1130657196, 124.987335205, 6.8802022934, 13.7182826996, -19.7455863953], [-129.758712769, 136.907394409, -12.8338117599, -5.11930322647, 59.6891288757, -47.3634223938, 4.03999185562, -9.04720020294, 25.9260940552, 6.8802022934, 92.5832519531, 11.9759969711, 22.9353504181], [353.430114746, -111.224487305, -64.5390090942, -55.4349441528, -90.7697601318, 30.174282074, -25.4340343475, -7.66822957993, -76.3355102539, 13.7182826996, 11.9759969711, 155.429504395, 4.86354923248], [-141.684738159, 137.486984253, -50.2571601868, -19.934053421, 46.1491127014, -58.3568458557, 21.1175174713, -14.9579114914, 18.2328472137, -19.7455863953, 22.9353504181, 4.86354923248, 93.2853317261]],
        "icov": [[0.000265908747679, 7.2720663411e-006, 0.000251075223787, -0.000234837891185, 0.00017621704319, 1.98946345336e-005, 6.81325618643e-005, -0.000432001979789, 0.000460197712528, -0.000123985242681, 0.000102615165815, -0.000266998365987, 0.000191313156392], [7.2720663411e-006, 0.00214371504262, -0.000402065430535, 0.000621515908279, -0.00157937360927, 0.00143540208228, -0.000248018448474, 0.00132362067234, -0.00144834781531, 0.0021984775085, -0.000919432961382, -0.000429590407293, -0.000287687056698], [0.000251075223787, -0.000402065430535, 0.00125278369524, -0.00123689381871, -0.000321039871778, -0.00110257219058, 0.000192312247236, -8.33132435218e-005, 0.000286829512333, -0.000333973905072, 0.000562665052712, -0.000616313715, 0.000563769019209], [-0.000234837891185, 0.000621515908279, -0.00123689381871, 0.00376525637694, -0.00104482879397, 0.000336654746206, 0.00018407641619, 0.00148232735228, -0.000726163445506, 0.000374772615032, -0.000165947290952, 0.000858654384501, 6.32642422715e-006], [0.00017621704319, -0.00157937360927, -0.000321039871778, -0.00104482879397, 0.00389358028769, -0.000905329245143, -0.000655051437207, -0.00172182696406, -1.23032850752e-005, -0.000964285689406, -0.000473308260553, 0.000352561153704, -0.000524908071384], [1.98946345336e-005, 0.00143540208228, -0.00110257219058, 0.000336654746206, -0.000905329245143, 0.00635823048651, -0.00264691491611, -0.000435953639681, 0.00109008944128, -0.0012338871602, 0.00120084686205, -0.00107289920561, 0.0016337740235], [6.81325618643e-005, -0.000248018448474, 0.000192312247236, 0.00018407641619, -0.000655051437207, -0.00264691491611, 0.00477208150551, -0.000904138199985, -0.000619429221842, 0.00180379895028, -0.000390124710975, 0.000289932184387, -0.00136139744427], [-0.000432001979789, 0.00132362067234, -8.33132435218e-005, 0.00148232735228, -0.00172182696406, -0.000435953639681, -0.000904138199985, 0.00974988937378, -0.00501186866313, 0.00038223847514, 0.000619870086666, -0.000737197406124, 0.00095857155975], [0.000460197712528, -0.00144834781531, 0.000286829512333, -0.000726163445506, -1.23032850752e-005, 0.00109008944128, -0.000619429221842, -0.00501186866313, 0.0106795532629, -0.00245853094384, -0.000312859454425, 0.00269007496536, 0.000186480974662], [-0.000123985242681, 0.0021984775085, -0.000333973905072, 0.000374772615032, -0.000964285689406, -0.0012338871602, 0.00180379895028, 0.00038223847514, -0.00245853094384, 0.0132456468418, -0.0037790897768, -0.00024651773856, 5.59679974685e-005], [0.000102615165815, -0.000919432961382, 0.000562665052712, -0.000165947290952, -0.000473308260553, 0.00120084686205, -0.000390124710975, 0.000619870086666, -0.000312859454425, -0.0037790897768, 0.014312133193, -0.00214513018727, -0.00119404669385], [-0.000266998365987, -0.000429590407293, -0.000616313715, 0.000858654384501, 0.000352561153704, -0.00107289920561, 0.000289932184387, -0.000737197406124, 0.00269007496536, -0.00024651773856, -0.00214513018727, 0.00876290909946, -0.00145778642036], [0.000191313156392, -0.000287687056698, 0.000563769019209, 6.32642422715e-006, -0.000524908071384, 0.0016337740235, -0.00136139744427, 0.00095857155975, 0.000186480974662, 5.59679974685e-005, -0.00119404669385, -0.00145778642036, 0.013828041032]]
    },
    "melbands": {
        "mean": [0.00162351829931, 0.000957131385803, 7.70450787968e-005, 5.81317253818e-005, 0.000212674800423, 5.18016749993e-005, 7.78317044023e-005, 0.000157878865139, 0.000386407162296, 0.000141909535159, 0.000248137075687, 0.000228770688409, 0.000328203896061, 0.000151382642798, 0.000124652782688, 0.000100305798696, 9.33203045861e-005, 6.12600779277e-005, 3.93746595364e-005, 2.98674767691e-005, 3.40866645274e-005, 2.950290218e-005, 1.74275119207e-005, 8.01463374955e-006, 1.46078828038e-005, 1.39983203553e-005, 3.50982327291e-006, 9.05341153157e-007, 1.02630656329e-006, 1.4437007394e-006, 6.59691636429e-007, 1.62172312912e-007, 1.49195898302e-007, 1.5097621997e-007, 1.55730162987e-007, 1.48151485746e-007, 1.06526229615e-007, 8.29241670885e-008, 7.96487498178e-008, 5.73736507192e-008],
        "var": [1.45496032928e-005, 5.91345860812e-006, 5.69245237614e-008, 2.78760889927e-008, 4.9001920388e-007, 2.86545756012e-008, 4.39853735656e-008, 1.27105806769e-007, 2.83942404167e-006, 1.38327436616e-007, 3.50348244638e-007, 4.55335538163e-007, 8.26818961741e-007, 1.51692958639e-007, 1.28992510895e-007, 1.06207018291e-007, 5.69866180911e-008, 2.22962306395e-008, 8.79582096047e-009, 4.03549105243e-009, 4.08960643128e-009, 2.35816699501e-009, 1.37057676319e-009, 1.67541008844e-010, 7.36627925324e-010, 6.82271183994e-010, 5.28458214688e-011, 4.43827179869e-012, 4.49521236207e-012, 9.26556574521e-012, 1.54888721206e-012, 1.50220818857e-013, 1.09789191898e-013, 1.04571055591e-013, 1.28239460067e-013, 1.56172817734e-013, 1.26615813103e-013, 1.00939344231e-013, 7.48216931663e-014, 4.98050934533e-014]
    },
    "mfcc": {
        "mean": [-770.91986084, 131.342147827, -45.6997070313, -1.94592821598, -1.7864729166, -7.23295879364, 1.39517462254, 5.95577812195, -1.27344739437, -4.12265396118, -3.44663095474, -2.81209039688, -4.04433107376],
        "cov": [[16963.015625, -1822.57043457, -8246.84179688, -3811.67871094, -3969.58422852, -3269.24584961, -1992.63830566, -1589.8560791, -1524.67224121, -924.840270996, -544.77355957, -448.714355469, -263.159667969], [-1822.57043457, 1409.3269043, 724.783569336, 509.20614624, 581.398376465, 256.828552246, 111.958053589, 223.887557983, 156.592926025, 21.1659870148, 44.956741333, 43.2267227173, 23.5943431854], [-8246.84179688, 724.783569336, 5424.58105469, 2306.30883789, 2334.80102539, 2081.3762207, 1253.90930176, 995.506286621, 830.850646973, 491.127685547, 272.037994385, 349.066223145, 130.44720459], [-3811.67871094, 509.20614624, 2306.30883789, 1397.93554688, 1191.1517334, 910.751098633, 537.510559082, 432.761169434, 387.723571777, 230.861862183, 160.461120605, 94.4471588135, 82.2406921387], [-3969.58422852, 581.398376465, 2334.80102539, 1191.1517334, 1395.46789551, 940.119934082, 543.760620117, 452.384490967, 416.930328369, 294.322509766, 167.711914063, 117.707717896, 100.463760376], [-3269.24584961, 256.828552246, 2081.3762207, 910.751098633, 940.119934082, 1036.36437988, 618.645019531, 457.6769104, 373.28112793, 200.763198853, 139.030548096, 127.830879211, 66.9529190063], [-1992.63830566, 111.958053589, 1253.90930176, 537.510559082, 543.760620117, 618.645019531, 541.079223633, 341.64831543, 274.600311279, 149.712097168, 84.4106750488, 115.96836853, 37.5722694397], [-1589.8560791, 223.887557983, 995.506286621, 432.761169434, 452.384490967, 457.6769104, 341.64831543, 390.701721191, 265.087677002, 108.480323792, 83.4091720581, 115.377655029, 36.740688324], [-1524.67224121, 156.592926025, 830.850646973, 387.723571777, 416.930328369, 373.28112793, 274.600311279, 265.087677002, 336.807891846, 166.143066406, 89.7006835938, 84.4305419922, 31.6887493134], [-924.840270996, 21.1659870148, 491.127685547, 230.861862183, 294.322509766, 200.763198853, 149.712097168, 108.480323792, 166.143066406, 225.503005981, 71.5887527466, 40.9719467163, 15.7741127014], [-544.77355957, 44.956741333, 272.037994385, 160.461120605, 167.711914063, 139.030548096, 84.4106750488, 83.4091720581, 89.7006835938, 71.5887527466, 147.595123291, 43.0527381897, 7.34974861145], [-448.714355469, 43.2267227173, 349.066223145, 94.4471588135, 117.707717896, 127.830879211, 115.96836853, 115.377655029, 84.4305419922, 40.9719467163, 43.0527381897, 143.092941284, 21.9763412476], [-263.159667969, 23.5943431854, 130.44720459, 82.2406921387, 100.463760376, 66.9529190063, 37.5722694397, 36.740688324, 31.6887493134, 15.7741127014, 7.34974861145, 21.9763412476, 119.21043396]],
        "icov": [[0.000291964883218, 0.000145670535858, 0.000335590535542, 1.16005221571e-005, 9.47357839323e-005, -3.2301174997e-006, 0.000114176749776, -0.000173606502358, 0.000308572372887, 8.46583279781e-005, 0.00017116573872, -0.000259207095951, 0.000123961566715], [0.000145670535858, 0.00111456273589, 0.000378476543119, -0.000216136482777, -0.000744746823329, 0.000176162735443, 0.000431125605246, -0.000677766394801, -3.31458522851e-006, 0.000687426014338, 0.000304951419821, -0.000355345022399, 0.000394254922867], [0.000335590535542, 0.000378476543119, 0.00198086816818, -0.000930439447984, -0.000807682052255, -0.00166251161136, 0.000391022796975, -0.000412022229284, 0.000421466334956, 3.60715785064e-005, 0.00120535469614, -0.00187708076555, 0.000913275696803], [1.16005221571e-005, -0.000216136482777, -0.000930439447984, 0.00350431143306, -0.00142168416642, 0.000340412778314, -0.000425563368481, 0.00014780976926, -0.000338817859301, 0.000601307838224, -0.00105066539254, 0.00156221003272, -0.000448236300144], [9.47357839323e-005, -0.000744746823329, -0.000807682052255, -0.00142168416642, 0.00466435868293, -0.000740629271604, 0.000444245932158, -2.9410020943e-005, 0.000203636504011, -0.00207100133412, -0.000500015332364, 0.000743779586628, -0.00131108704954], [-3.2301174997e-006, 0.000176162735443, -0.00166251161136, 0.000340412778314, -0.000740629271604, 0.00703783752397, -0.00368119450286, -0.000789317535236, -0.000233996674069, 0.00111038435716, -0.00158584909514, 0.0021235938184, -0.000761109637097], [0.000114176749776, 0.000431125605246, 0.000391022796975, -0.000425563368481, 0.000444245932158, -0.00368119450286, 0.00759093277156, -0.00245357095264, -0.000341217208188, -0.00101646990515, 0.00119353842456, -0.00164603313897, 0.000544306647498], [-0.000173606502358, -0.000677766394801, -0.000412022229284, 0.00014780976926, -2.9410020943e-005, -0.000789317535236, -0.00245357095264, 0.00939541961998, -0.00422060722485, 0.0016315941466, -0.000579840678256, -0.00205647945404, -0.00023358220642], [0.000308572372887, -3.31458522851e-006, 0.000421466334956, -0.000338817859301, 0.000203636504011, -0.000233996674069, -0.000341217208188, -0.00422060722485, 0.00946248695254, -0.00384813756682, -0.000448655191576, -0.000449884508271, -7.30188403395e-005], [8.46583279781e-005, 0.000687426014338, 3.60715785064e-005, 0.000601307838224, -0.00207100133412, 0.00111038435716, -0.00101646990515, 0.0016315941466, -0.00384813756682, 0.00897128973156, -0.00166428973898, -7.97573811724e-005, 0.000488863268401], [0.00017116573872, 0.000304951419821, 0.00120535469614, -0.00105066539254, -0.000500015332364, -0.00158584909514, 0.00119353842456, -0.000579840678256, -0.000448655191576, -0.00166428973898, 0.00979826692492, -0.00284952204674, 0.00109863549005], [-0.000259207095951, -0.000355345022399, -0.00187708076555, 0.00156221003272, 0.000743779586628, 0.0021235938184, -0.00164603313897, -0.00205647945404, -0.000449884508271, -7.97573811724e-005, -0.00284952204674, 0.0117757599801, -0.00205752556212], [0.000123961566715, 0.000394254922867, 0.000913275696803, -0.000448236300144, -0.00131108704954, -0.000761109637097, 0.000544306647498, -0.00023358220642, -7.30188403395e-005, 0.000488863268401, 0.00109863549005, -0.00205752556212, 0.0095931161195]]
    },
    "spectral_contrast_coeffs": {
        "mean": [-0.59503954649, -0.712758719921, -0.770629584789, -0.757437825203, -0.730667173862, -0.772762954235],
        "var": [0.0091385319829, 0.0115694394335, 0.0088021568954, 0.00806990452111, 0.00832736119628, 0.00522823538631]
    },
    "spectral_contrast_valleys": {
        "mean": [-9.56918334961, -8.26778507233, -7.82747745514, -8.61789035797, -9.29031562805, -12.3986911774],
        "var": [1.7306265831, 2.08109664917, 3.00298976898, 2.92937684059, 3.50517010689, 3.18118810654]
    }
},
"metadata": {
    "audio_properties": {
        "analysis_sample_rate": 44100,
        "bit_rate": 128074,
        "equal_loudness": 0,
        "length": 45.0612258911,
        "lossless": 0,
        "replay_gain": -5.90569877625,
        "sample_rate": 44100,
        "codec": "mp3",
        "downmix": "mix",
        "md5_encoded": "0609eb0c29787c90212e1aed44bf87db"
    },
    "tags": {
        "file_name": "1685.mp3"
    },
    "version": {
        "essentia": "2.1-beta2",
        "essentia_git_sha": "v2.1_beta2",
        "extractor": "music 1.0"
    }
},
"rhythm": {
    "beats_count": 89,
    "beats_loudness": {
        "mean": 0.0291202738881,
        "var": 0.000348361354554
    },
    "bpm": 119.981765747,
    "bpm_histogram_first_peak_bpm": {
        "mean": 120,
        "var": 0
    },
    "bpm_histogram_first_peak_spread": {
        "mean": 0.411764740944,
        "var": 0
    },
    "bpm_histogram_first_peak_weight": {
        "mean": 0.568181812763,
        "var": 0
    },
    "bpm_histogram_second_peak_bpm": {
        "mean": 112,
        "var": 0
    },
    "bpm_histogram_second_peak_spread": {
        "mean": 0.333333343267,
        "var": 0
    },
    "bpm_histogram_second_peak_weight": {
        "mean": 0.0227272734046,
        "var": 0
    },
    "danceability": 1.36880862713,
    "onset_rate": 4.32549524307,
    "beats_loudness_band_ratio": {
        "mean": [0.266723901033, 0.0563005656004, 0.200889721513, 0.327560931444, 0.13802690804, 0.0288432501256],
        "var": [0.187564224005, 0.0132503295317, 0.0379717797041, 0.0838655456901, 0.0247471928596, 0.00103842909448]
    },
    "beats_position": [0.522448956966, 1.04489791393, 1.55573689938, 2.08979582787, 2.62385487556, 3.13469386101, 3.64553284645, 4.15637159348, 4.65560102463, 5.15482997894, 5.65405893326, 6.15328788757, 6.65251684189, 7.1517457962, 7.65097475052, 8.15020370483, 8.64943313599, 9.14866161346, 9.65950107574, 10.1587295532, 10.6463489532, 11.1455783844, 11.656416893, 12.1556463242, 12.6548748016, 13.1424942017, 13.6417226791, 14.1409521103, 14.6517915726, 15.15102005, 15.6618595123, 16.1610889435, 16.6487064362, 17.1595458984, 17.6587753296, 18.1580047607, 18.6572322845, 19.1564617157, 19.6556911469, 20.154920578, 20.6541500092, 21.153377533, 21.640996933, 22.1402263641, 22.6394557953, 23.1502952576, 23.6379127502, 24.1371421814, 24.6363716125, 25.1472110748, 25.6580486298, 26.1572780609, 26.6565074921, 27.1557369232, 27.6665763855, 28.1658039093, 28.6534233093, 29.1410427094, 29.6286621094, 30.1394996643, 30.6503391266, 31.1495685577, 31.6487979889, 32.1480255127, 32.6472549438, 33.146484375, 33.6457138062, 34.1565513611, 34.6557807922, 35.1666221619, 35.6658477783, 36.1534690857, 36.6410865784, 37.1403160095, 37.6395454407, 38.1387748718, 38.6496124268, 39.1604537964, 39.6596832275, 40.1589126587, 40.6697502136, 41.1805877686, 41.6798171997, 42.1674385071, 42.6550559998, 43.1542854309, 43.6535148621, 44.1411323547, 44.6287536621]
},
"tonal": {
    "chords_changes_rate": 0.0874485597014,
    "chords_number_rate": 0.00925925932825,
    "chords_strength": {
        "mean": 0.496173352003,
        "var": 0.0067769815214
    },
    "hpcp_entropy": {
        "mean": 1.93423271179,
        "var": 0.682397067547
    },
    "key_strength": 0.624008715153,
    "tuning_diatonic_strength": 0.566877186298,
    "tuning_equal_tempered_deviation": 0.208510175347,
    "tuning_frequency": 434.193115234,
    "tuning_nontempered_energy_ratio": 0.899064183235,
    "hpcp": {
        "mean": [0.184102684259, 0.217484369874, 0.155711039901, 0.140709683299, 0.132313862443, 0.0792986154556, 0.0681406185031, 0.0941581353545, 0.166467741132, 0.25632545352, 0.224218711257, 0.115820363164, 0.0756643414497, 0.0846264064312, 0.135502770543, 0.265303254128, 0.298828750849, 0.171711578965, 0.0719246044755, 0.0583419986069, 0.081568993628, 0.124850153923, 0.127594083548, 0.113905951381, 0.154371798038, 0.132092699409, 0.0671073123813, 0.0641465932131, 0.0715709328651, 0.0996950119734, 0.18046683073, 0.197543621063, 0.119613371789, 0.065138861537, 0.063128426671, 0.0971440672874],
        "var": [0.0691985860467, 0.0871282368898, 0.057081464678, 0.0607665851712, 0.0649595633149, 0.0252088177949, 0.0214229729027, 0.0332868508995, 0.0650590807199, 0.106862992048, 0.0921683460474, 0.0391101874411, 0.0233498495072, 0.0293428432196, 0.0471546687186, 0.103242456913, 0.120616920292, 0.0634709969163, 0.0204881988466, 0.0163136310875, 0.0285851527005, 0.0457970201969, 0.0481438599527, 0.0356956757605, 0.0767567306757, 0.0516004115343, 0.0175773520023, 0.0186854116619, 0.0215134043247, 0.0326341427863, 0.0748024508357, 0.0866276025772, 0.0461103469133, 0.0187020711601, 0.0224543698132, 0.032686393708]
    },
    "chords_histogram": [17.1810703278, 0, 4.21810722351, 0, 0, 0, 0, 0, 0, 0, 0, 0, 0.411522626877, 0.411522626877, 0.617283940315, 5.45267486572, 0, 20.267490387, 11.6255140305, 15.5349798203, 8.84773635864, 9.05349826813, 6.37860059738, 0],
    "thpcp": [1, 0.574615299702, 0.240688368678, 0.195235565305, 0.272962331772, 0.417798340321, 0.426980614662, 0.381174683571, 0.516589522362, 0.442034780979, 0.224567785859, 0.214660048485, 0.23950484395, 0.333619207144, 0.603913903236, 0.661059617996, 0.40027397871, 0.217980563641, 0.211252853274, 0.325082719326, 0.616080880165, 0.727789282799, 0.521071135998, 0.470870643854, 0.442774862051, 0.265364736319, 0.228025645018, 0.315090626478, 0.557067334652, 0.857767045498, 0.750325083733, 0.387581050396, 0.253203004599, 0.283193647861, 0.453446239233, 0.887810349464],
    "chords_key": "G",
    "chords_scale": "minor",
    "key_key": "G",
    "key_scale": "major"
}
}