{
"lowlevel": {
    "average_loudness": 0.867670953274,
    "barkbands_crest": {
        "mean": 12.3506498337,
        "var": 40.26171875
    },
    "barkbands_flatness_db": {
        "mean": 0.192158058286,
        "var": 0.00965118315071
    },
    "barkbands_kurtosis": {
        "mean": 20.4692745209,
        "var": 1589.53234863
    },
    "barkbands_skewness": {
        "mean": 2.11192941666,
        "var": 12.4314966202
    },
    "barkbands_spread": {
        "mean": 31.1734104156,
        "var": 563.427001953
    },
    "dissonance": {
        "mean": 0.482350111008,
        "var": 0.000243563597905
    },
    "dynamic_complexity": 4.80898427963,
    "erbbands_crest": {
        "mean": 8.62120914459,
        "var": 8.30646800995
    },
    "erbbands_flatness_db": {
        "mean": 0.180285945535,
        "var": 0.00136135332286
    },
    "erbbands_kurtosis": {
        "mean": 2.94168138504,
        "var": 30.0391578674
    },
    "erbbands_skewness": {
        "mean": -0.855218589306,
        "var": 1.95621144772
    },
    "erbbands_spread": {
        "mean": 47.5183868408,
        "var": 917.442565918
    },
    "hfc": {
        "mean": 23.5745105743,
        "var": 1579.00939941
    },
    "melbands_crest": {
        "mean": 17.0305080414,
        "var": 58.3137359619
    },
    "melbands_flatness_db": {
        "mean": 0.227911770344,
        "var": 0.0199272334576
    },
    "melbands_kurtosis": {
        "mean": 60.9598960876,
        "var": 13373.4462891
    },
    "melbands_skewness": {
        "mean": 4.55659627914,
        "var": 20.9096927643
    },
    "melbands_spread": {
        "mean": 54.8982391357,
        "var": 3250.26123047
    },
    "pitch_salience": {
        "mean": 0.499962806702,
        "var": 0.03097114712
    },
    "silence_rate_20dB": {
        "mean": 1,
        "var": 0
    },
    "silence_rate_30dB": {
        "mean": 0.981977343559,
        "var": 0.0176976397634
    },
    "silence_rate_60dB": {
        "mean": 0.300205975771,
        "var": 0.210080325603
    },
    "spectral_centroid": {
        "mean": 2348.52416992,
        "var": 1884049
    },
    "spectral_complexity": {
        "mean": 9.77033996582,
        "var": 109.768089294
    },
    "spectral_decrease": {
        "mean": -6.20852658173e-009,
        "var": 6.1371633227e-017
    },
    "spectral_energy": {
        "mean": 0.0255706459284,
        "var": 0.000907049514353
    },
    "spectral_energyband_high": {
        "mean": 0.00306074135005,
        "var": 3.40059632435e-005
    },
    "spectral_energyband_low": {
        "mean": 0.0187885127962,
        "var": 0.000778126355726
    },
    "spectral_energyband_middle_high": {
        "mean": 0.00127803965006,
        "var": 5.94388575337e-006
    },
    "spectral_energyband_middle_low": {
        "mean": 0.00391723634675,
        "var": 3.86655883631e-005
    },
    "spectral_entropy": {
        "mean": 7.66464281082,
        "var": 0.272523760796
    },
    "spectral_flux": {
        "mean": 0.0723167508841,
        "var": 0.00354820978828
    },
    "spectral_kurtosis": {
        "mean": 2.32535791397,
        "var": 5.32023620605
    },
    "spectral_rms": {
        "mean": 0.00400036480278,
        "var": 8.94408731256e-006
    },
    "spectral_rolloff": {
        "mean": 2988.55932617,
        "var": 7396217.5
    },
    "spectral_skewness": {
        "mean": 0.753078460693,
        "var": 0.300551563501
    },
    "spectral_spread": {
        "mean": 4250481.5,
        "var": 2.16901143757e+012
    },
    "spectral_strongpeak": {
        "mean": 0.738048672676,
        "var": 2.94091296196
    },
    "zerocrossingrate": {
        "mean": 0.0936506837606,
        "var": 0.00573653494939
    },
    "barkbands": {
        "mean": [0.000259395659668, 0.0140924621373, 0.00297722197138, 0.00225796853192, 0.00120555539615, 0.000236328647588, 7.54811117076e-005, 7.16023059795e-005, 6.12688600086e-005, 4.03742815251e-005, 3.07030059048e-005, 1.7882526663e-005, 1.92195693671e-005, 1.53049695655e-005, 5.65890404687e-005, 8.17698455648e-005, 0.000180480303243, 0.000302242435282, 0.000382697646273, 0.000390829343814, 0.000845916976687, 0.00116552319378, 0.00057678174926, 0.000177651745616, 3.98897900595e-005, 9.14426618692e-006, 3.99608666157e-007],
        "var": [4.10418010688e-007, 0.000610516988672, 3.12558004225e-005, 2.16563403228e-005, 5.39560005564e-006, 2.71115453643e-007, 3.27970433034e-008, 1.51417474115e-008, 9.94820403832e-009, 4.12082146184e-009, 2.43518383236e-009, 1.3079417549e-009, 1.84390513969e-009, 1.16759835134e-009, 8.30239166305e-009, 3.70051331799e-008, 9.99000278057e-008, 8.38604705677e-007, 8.02433419267e-007, 7.4527150673e-007, 2.53522784988e-006, 6.1164669205e-006, 1.47937385009e-006, 2.52833672221e-007, 1.91731501786e-008, 1.63135172038e-009, 6.10974638937e-012]
    },
    "erbbands": {
        "mean": [0.326716512442, 3.36472272873, 4.41978979111, 6.33635044098, 5.00167608261, 4.17218542099, 2.42344331741, 1.76879501343, 1.19566452503, 0.99491995573, 1.86476552486, 1.4729809761, 0.965406596661, 1.78526341915, 1.02499389648, 0.747914195061, 0.920042097569, 0.859256148338, 2.3130736351, 2.8670027256, 5.69561243057, 10.7779102325, 14.2706766129, 18.3133106232, 19.4332637787, 19.0818901062, 29.8123912811, 37.756149292, 44.3075218201, 27.6756381989, 13.9641494751, 5.71224546432, 1.96656036377, 0.63748383522, 0.197287529707, 0.0567586123943, 0.0138608003035, 0.00199018162675, 7.65456206864e-005, 3.62095524906e-005],
        "var": [0.418045729399, 35.5252838135, 46.7785377502, 157.755569458, 81.042640686, 70.2442321777, 27.7341480255, 16.8114643097, 8.29652023315, 4.59757137299, 9.3158159256, 6.18163537979, 3.22945451736, 7.69780015945, 3.86591720581, 2.24890065193, 3.7468225956, 3.34259486198, 12.6876239777, 16.1762275696, 162.34765625, 421.273376465, 1671.07043457, 2275.81176758, 1946.38012695, 1680.61010742, 3169.21337891, 6012.0625, 8093.02197266, 3509.55541992, 1065.18200684, 270.419769287, 24.7320728302, 3.92743563652, 0.589112043381, 0.0574975684285, 0.00412139715627, 9.40211830311e-005, 1.02085287779e-007, 1.55384805023e-009]
    },
    "gfcc": {
        "mean": [-95.0397720337, 68.6954498291, -112.300201416, 93.1248016357, -57.331943512, 13.933839798, -21.8632488251, 4.39996337891, -12.7703704834, -13.9252052307, -20.4858226776, -2.53768610954, -7.76575136185],
        "cov": [[9799.13183594, -1226.65808105, 607.196960449, 986.739868164, -581.985656738, 231.852859497, -281.583496094, 48.4794769287, -44.3746833801, 90.3974227905, -3.49173235893, -105.804702759, -109.115699768], [-1226.65808105, 2838.46801758, 761.596618652, -145.978973389, 987.023498535, -236.538162231, 413.376190186, -6.31292629242, 553.793579102, -164.69909668, 95.4876480103, -43.063369751, 317.19644165], [607.196960449, 761.596618652, 1032.21386719, 267.874755859, 316.541595459, -44.097492218, 128.087112427, -71.3355941772, 97.1587142944, -48.3009529114, 158.888839722, -25.0454444885, 71.5017776489], [986.739868164, -145.978973389, 267.874755859, 682.729431152, 17.4155158997, 16.5648784637, 29.3280010223, -158.44052124, 96.0284576416, -84.9305953979, 12.1800861359, -117.120483398, -27.4911308289], [-581.985656738, 987.023498535, 316.541595459, 17.4155158997, 742.656188965, 16.2683887482, 218.237258911, 104.593666077, 273.257385254, -68.8928375244, -23.136762619, -50.1357192993, 118.729278564], [231.852859497, -236.538162231, -44.097492218, 16.5648784637, 16.2683887482, 162.390380859, 8.74154472351, 65.03881073, -23.2648296356, 30.3404197693, 0.708170235157, 14.9761819839, -5.42873477936], [-281.583496094, 413.376190186, 128.087112427, 29.3280010223, 218.237258911, 8.74154472351, 174.693527222, 29.6538600922, 144.964385986, -33.9701576233, 15.6694478989, -11.2178659439, 54.5840377808], [48.4794769287, -6.31292629242, -71.3355941772, -158.44052124, 104.593666077, 65.03881073, 29.6538600922, 203.496704102, 31.6978473663, 53.6926269531, -31.1580162048, 32.2466926575, 16.6755485535], [-44.3746833801, 553.793579102, 97.1587142944, 96.0284576416, 273.257385254, -23.2648296356, 144.964385986, 31.6978473663, 362.922851563, 24.6995334625, -29.8114299774, -37.9428405762, 118.929260254], [90.3974227905, -164.69909668, -48.3009529114, -84.9305953979, -68.8928375244, 30.3404197693, -33.9701576233, 53.6926269531, 24.6995334625, 137.567993164, 30.4297046661, 37.5534896851, 1.43890988827], [-3.49173235893, 95.4876480103, 158.888839722, 12.1800861359, -23.136762619, 0.708170235157, 15.6694478989, -31.1580162048, -29.8114299774, 30.4297046661, 139.619384766, 42.8461456299, 1.07379055023], [-105.804702759, -43.063369751, -25.0454444885, -117.120483398, -50.1357192993, 14.9761819839, -11.2178659439, 32.2466926575, -37.9428405762, 37.5534896851, 42.8461456299, 86.2840042114, 11.5402526855], [-109.115699768, 317.19644165, 71.5017776489, -27.4911308289, 118.729278564, -5.42873477936, 54.5840377808, 16.6755485535, 118.929260254, 1.43890988827, 1.07379055023, 11.5402526855, 102.291671753]],
        "icov": [[0.000170167259057, -5.42051020602e-005, -0.000173228152562, -0.000274945719866, 0.000283698871499, -0.000252173806075, 0.000403503538109, -0.000421108037699, -0.000146572070662, 4.70947561553e-005, 0.00012299932132, 2.07056436921e-005, 7.35843350412e-005], [-5.42051020602e-005, 0.00194745603949, -0.000454705907032, 0.0014284386998, -0.00137500930578, 0.00182874908205, -0.000619194936007, 0.000607271969784, -0.00147716433275, 0.00206925906241, -0.00203055795282, 0.000997312949039, -0.00187340879347], [-0.000173228152562, -0.000454705907032, 0.00214401329868, -0.000928688095883, -0.00079310243018, 0.00066850555595, -0.000700918433722, 0.00018665684911, 0.00154363305774, -0.00102129939478, -0.00157615321223, 0.00022606512357, -0.00101271446329], [-0.000274945719866, 0.0014284386998, -0.000928688095883, 0.00479098921642, -0.000607023015618, -0.000730391417164, 0.000192873107153, 0.00262431171723, -0.00361349550076, 0.00368371792138, -0.00247734133154, 0.00331173837185, 0.00115086894948], [0.000283698871499, -0.00137500930578, -0.00079310243018, -0.000607023015618, 0.00460922438651, -0.00235894042999, -0.000219040695811, -0.00253359717317, -0.000981772085652, 0.000864101923071, 0.00143916031811, 0.000954764313065, 0.0010189327877], [-0.000252173806075, 0.00182874908205, 0.00066850555595, -0.000730391417164, -0.00235894042999, 0.0111742047593, -0.00341110420413, -0.00190956075676, 0.00249445764348, -0.00164074928034, -0.00147592683788, -0.000157008413225, -0.00398470275104], [0.000403503538109, -0.000619194936007, -0.000700918433722, 0.000192873107153, -0.000219040695811, -0.00341110420413, 0.0153207685798, -0.00265892129391, -0.00653709517792, 0.00644406909123, -0.00379216205329, -0.000479889509734, 0.00282722734846], [-0.000421108037699, 0.000607271969784, 0.00018665684911, 0.00262431171723, -0.00253359717317, -0.00190956075676, -0.00265892129391, 0.0109966369346, 7.13103218004e-005, -0.00312437140383, 0.00288754305802, -0.00235675787553, 0.000904688844457], [-0.000146572070662, -0.00147716433275, 0.00154363305774, -0.00361349550076, -0.000981772085652, 0.00249445764348, -0.00653709517792, 7.13103218004e-005, 0.0127508025616, -0.00962683465332, 0.00462566688657, 0.0012841335265, -0.00776008889079], [4.70947561553e-005, 0.00206925906241, -0.00102129939478, 0.00368371792138, 0.000864101923071, -0.00164074928034, 0.00644406909123, -0.00312437140383, -0.00962683465332, 0.0187456607819, -0.00794816296548, -0.000172931744601, 0.00235011079349], [0.00012299932132, -0.00203055795282, -0.00157615321223, -0.00247734133154, 0.00143916031811, -0.00147592683788, -0.00379216205329, 0.00288754305802, 0.00462566688657, -0.00794816296548, 0.0171906612813, -0.00849710218608, 0.00217970972881], [2.07056436921e-005, 0.000997312949039, 0.00022606512357, 0.00331173837185, 0.000954764313065, -0.000157008413225, -0.000479889509734, -0.00235675787553, 0.0012841335265, -0.000172931744601, -0.00849710218608, 0.0238573495299, -0.00690759718418], [7.35843350412e-005, -0.00187340879347, -0.00101271446329, 0.00115086894948, 0.0010189327877, -0.00398470275104, 0.00282722734846, 0.000904688844457, -0.00776008889079, 0.00235011079349, 0.00217970972881, -0.00690759718418, 0.0233762487769]]
    },
    "melbands": {
        "mean": [0.00357292755507, 0.0032287184149, 0.00103789102286, 0.000333327421686, 9.73396308837e-005, 3.95774368371e-005, 1.82572530321e-005, 1.10325308924e-005, 1.57971517183e-005, 8.55835787661e-006, 4.40114081357e-006, 7.0718592724e-006, 3.70367661162e-006, 2.06498179978e-006, 1.88311162219e-006, 1.95890356736e-006, 1.48719720983e-006, 2.96784423881e-006, 4.70926170237e-006, 4.45127443527e-006, 7.12778046363e-006, 1.10521223178e-005, 1.19544893096e-005, 1.41582158903e-005, 1.48124345287e-005, 1.44182940858e-005, 1.22346909848e-005, 1.27914181576e-005, 1.60022464115e-005, 2.25138392125e-005, 2.22337057494e-005, 2.88126102532e-005, 1.75710738404e-005, 1.43861871038e-005, 8.61451280798e-006, 4.44906117991e-006, 3.10572659146e-006, 1.51167591866e-006, 7.90443152709e-007, 4.32142968521e-007],
        "var": [4.12899535149e-005, 2.49510048889e-005, 3.73427610612e-006, 3.70140668338e-007, 4.31453415217e-008, 8.12851919108e-009, 1.98876293211e-009, 5.31531041403e-010, 6.76289413359e-010, 2.23080567907e-010, 7.42797837128e-011, 1.23248342088e-010, 4.44403021327e-011, 1.88125105771e-011, 1.37506559958e-011, 1.95648219847e-011, 1.21876293779e-011, 2.00529558236e-011, 5.48510126208e-011, 7.39854913445e-011, 2.62715432742e-010, 3.08595399234e-010, 1.37663547228e-009, 1.97751037767e-009, 1.51212720123e-009, 1.15877962781e-009, 7.64255159158e-010, 8.08192679447e-010, 1.00443919848e-009, 1.92832971813e-009, 2.63797939049e-009, 3.75653996798e-009, 1.86813942094e-009, 9.70151403656e-010, 4.22367862907e-010, 1.10037708112e-010, 1.06752065521e-010, 1.29784898106e-011, 5.25721913919e-012, 2.12061921842e-012]
    },
    "mfcc": {
        "mean": [-726.602661133, 69.2271881104, 16.6073131561, 68.2420883179, 2.4580347538, 20.303735733, -2.14352035522, 21.7124977112, 7.59584379196, 1.42845761776, -3.89181232452, -1.60697472095, -4.30927181244],
        "cov": [[8550.87988281, -1972.84118652, 769.803039551, 411.403442383, -96.0633087158, 145.151901245, -205.765350342, -69.6390151978, -166.293136597, 68.9100723267, 92.4589157104, 94.7301635742, -157.703018188], [-1972.84118652, 3076.40063477, 96.4756011963, 312.671936035, 501.692016602, 67.0475158691, 75.677406311, 253.013137817, 413.407043457, 127.664421082, 8.14944171906, 52.0573806763, 251.362106323], [769.803039551, 96.4756011963, 708.611022949, 287.807495117, 65.3014755249, 103.589614868, 54.0258369446, -22.8424072266, -156.978012085, -19.1817150116, 23.5871620178, 10.5854492188, -31.558801651], [411.403442383, 312.671936035, 287.807495117, 577.706848145, 227.328277588, 199.669754028, -44.6557426453, 90.716835022, 69.1412353516, 58.3909645081, 26.5224761963, 8.10360145569, -10.5917768478], [-96.0633087158, 501.692016602, 65.3014755249, 227.328277588, 348.770172119, 109.803771973, 63.1825141907, 104.010704041, 162.500167847, 63.4294891357, 27.7473506927, 26.7077159882, 43.4676551819], [145.151901245, 67.0475158691, 103.589614868, 199.669754028, 109.803771973, 193.322845459, -13.1101570129, 50.8191337585, 47.3860435486, 43.3426055908, 2.58810901642, 14.7064905167, 11.4294710159], [-205.765350342, 75.677406311, 54.0258369446, -44.6557426453, 63.1825141907, -13.1101570129, 191.779983521, 51.1129684448, -54.551990509, -24.0974807739, 8.17658424377, -6.25568246841, -9.84026813507], [-69.6390151978, 253.013137817, -22.8424072266, 90.716835022, 104.010704041, 50.8191337585, 51.1129684448, 148.53276062, 104.822517395, 29.2014350891, 2.03957939148, 17.7160339355, 26.3747119904], [-166.293136597, 413.407043457, -156.978012085, 69.1412353516, 162.500167847, 47.3860435486, -54.551990509, 104.822517395, 308.93637085, 112.45249176, 14.1505861282, 38.0128097534, 71.9497680664], [68.9100723267, 127.664421082, -19.1817150116, 58.3909645081, 63.4294891357, 43.3426055908, -24.0974807739, 29.2014350891, 112.45249176, 102.422569275, 29.5859069824, 20.1305789948, 36.9927062988], [92.4589157104, 8.14944171906, 23.5871620178, 26.5224761963, 27.7473506927, 2.58810901642, 8.17658424377, 2.03957939148, 14.1505861282, 29.5859069824, 77.5916824341, 34.5581626892, 13.6552972794], [94.7301635742, 52.0573806763, 10.5854492188, 8.10360145569, 26.7077159882, 14.7064905167, -6.25568246841, 17.7160339355, 38.0128097534, 20.1305789948, 34.5581626892, 67.8525009155, 30.8648414612], [-157.703018188, 251.362106323, -31.558801651, -10.5917768478, 43.4676551819, 11.4294710159, -9.84026813507, 26.3747119904, 71.9497680664, 36.9927062988, 13.6552972794, 30.8648414612, 82.1341094971]],
        "icov": [[0.000184925171197, 0.000160445197253, -0.000253660284216, -2.02986193472e-005, -0.000116508665087, 0.000176181143615, 0.000291145057417, -0.000251479621511, 3.09714923787e-005, -0.000252592231845, 4.19006682932e-005, -0.000242706708377, 8.76148624229e-005], [0.000160445197253, 0.000773734936956, -0.00042914095684, -0.000293635355774, -0.000547670701053, 0.000726911413949, 6.49971552775e-005, -0.000449386279797, -0.000473251217045, 0.00019309266645, 0.000318214704748, 0.000314530683681, -0.00176533765625], [-0.000253660284216, -0.00042914095684, 0.00291452673264, -0.00141204230022, 0.000280022301013, -0.000654205214232, -0.00136491213925, 0.00140227400698, 0.00167370273266, -0.000303391629132, 0.000248751341132, -0.00109886541031, 0.000135140362545], [-2.02986193472e-005, -0.000293635355774, -0.00141204230022, 0.00537199759856, -0.0027326461859, -0.00242550857365, 0.00397412572056, -0.00329654221423, 0.00166292011272, -0.00108917697798, -0.00174127158243, 0.00154160428792, 0.00307230697945], [-0.000116508665087, -0.000547670701053, 0.000280022301013, -0.0027326461859, 0.00830749981105, -0.00200242572464, -0.00531524932012, 0.00254478887655, -0.00501023279503, 0.00221376633272, -0.00114088505507, -4.54801847809e-005, -0.000765627948567], [0.000176181143615, 0.000726911413949, -0.000654205214232, -0.00242550857365, -0.00200242572464, 0.0100319264457, 0.0011210415978, -0.0020902918186, 0.00148820725735, -0.00356817990541, 0.00326012447476, -0.00189943099394, -0.00150605640374], [0.000291145057417, 6.49971552775e-005, -0.00136491213925, 0.00397412572056, -0.00531524932012, 0.0011210415978, 0.0125603284687, -0.00813497137278, 0.00620786007494, -0.00211977167055, -0.00194004469085, 0.00145375635475, 0.00241509475745], [-0.000251479621511, -0.000449386279797, 0.00140227400698, -0.00329654221423, 0.00254478887655, -0.0020902918186, -0.00813497137278, 0.0158446077257, -0.00670141214505, 0.00350059499033, 0.00171255657915, -0.00212831213139, -0.00130350003019], [3.09714923787e-005, -0.000473251217045, 0.00167370273266, 0.00166292011272, -0.00501023279503, 0.00148820725735, 0.00620786007494, -0.00670141214505, 0.0137413172051, -0.00972434878349, 0.00239788577892, -0.00246445788071, 0.000575280457269], [-0.000252592231845, 0.00019309266645, -0.000303391629132, -0.00108917697798, 0.00221376633272, -0.00356817990541, -0.00211977167055, 0.00350059499033, -0.00972434878349, 0.0229593906552, -0.0076943221502, 0.00424188980833, -0.00552310375497], [4.19006682932e-005, 0.000318214704748, 0.000248751341132, -0.00174127158243, -0.00114088505507, 0.00326012447476, -0.00194004469085, 0.00171255657915, 0.00239788577892, -0.0076943221502, 0.0211116597056, -0.0109782880172, 0.000325843138853], [-0.000242706708377, 0.000314530683681, -0.00109886541031, 0.00154160428792, -4.54801847809e-005, -0.00189943099394, 0.00145375635475, -0.00212831213139, -0.00246445788071, 0.00424188980833, -0.0109782880172, 0.0252605043352, -0.00792500562966], [8.76148624229e-005, -0.00176533765625, 0.000135140362545, 0.00307230697945, -0.000765627948567, -0.00150605640374, 0.00241509475745, -0.00130350003019, 0.000575280457269, -0.00552310375497, 0.000325843138853, -0.00792500562966, 0.0244244225323]]
    },
    "spectral_contrast_coeffs": {
        "mean": [-0.670800566673, -0.787822008133, -0.800786495209, -0.793653786182, -0.79940032959, -0.685958981514],
        "var": [0.0076198335737, 0.00323217618279, 0.00308744120412, 0.00307009508833, 0.00131699931808, 0.00393191399053]
    },
    "spectral_contrast_valleys": {
        "mean": [-7.87634134293, -8.2177066803, -8.93316268921, -9.12961292267, -7.8187046051, -10.733962059],
        "var": [2.12308692932, 1.34650981426, 1.05745542049, 1.09233570099, 1.48235023022, 2.21609210968]
    }
},
"metadata": {
    "audio_properties": {
        "analysis_sample_rate": 44100,
        "bit_rate": 128074,
        "equal_loudness": 0,
        "length": 45.0612258911,
        "lossless": 0,
        "replay_gain": -6.00535392761,
        "sample_rate": 44100,
        "codec": "mp3",
        "downmix": "mix",
        "md5_encoded": "9a16685d2ea613b3df16256e01807822"
    },
    "tags": {
        "file_name": "1687.mp3"
    },
    "version": {
        "essentia": "2.1-beta2",
        "essentia_git_sha": "v2.1_beta2",
        "extractor": "music 1.0"
    }
},
"rhythm": {
    "beats_count": 122,
    "beats_loudness": {
        "mean": 0.03940564394,
        "var": 0.000773677544203
    },
    "bpm": 163.187332153,
    "bpm_histogram_first_peak_bpm": {
        "mean": 161,
        "var": 0
    },
    "bpm_histogram_first_peak_spread": {
        "mean": 0,
        "var": 0
    },
    "bpm_histogram_first_peak_weight": {
        "mean": 0.603305757046,
        "var": 0
    },
    "bpm_histogram_second_peak_bpm": {
        "mean": 167,
        "var": 0
    },
    "bpm_histogram_second_peak_spread": {
        "mean": 0,
        "var": 0
    },
    "bpm_histogram_second_peak_weight": {
        "mean": 0.289256185293,
        "var": 0
    },
    "danceability": 1.30844020844,
    "onset_rate": 4.30331325531,
    "beats_loudness_band_ratio": {
        "mean": [0.493700802326, 0.0541953146458, 0.00998764391989, 0.00688479747623, 0.0704349577427, 0.382084131241],
        "var": [0.121324323118, 0.00699102319777, 0.000205968390219, 8.11502759461e-005, 0.0111255869269, 0.0970202237368]
    },
    "beats_position": [0.417959183455, 0.835918366909, 1.23065757751, 1.60217678547, 1.97369611263, 2.33360528946, 2.69351458549, 3.06503391266, 3.43655323982, 3.79646253586, 4.1679816246, 4.52789115906, 4.8994102478, 5.25931978226, 5.61922883987, 5.99074840546, 6.3622674942, 6.72217655182, 7.08208608627, 7.45360517502, 7.8251247406, 8.19664382935, 8.56816291809, 8.91646194458, 9.287981987, 9.65950107574, 10.0310201645, 10.4025392532, 10.7624483109, 11.1223583221, 11.4938774109, 11.8421764374, 12.2136955261, 12.5852155685, 12.9567346573, 13.3050336838, 13.6765527725, 14.0480718613, 14.4195919037, 14.7911109924, 15.1394100189, 15.5109291077, 15.8824491501, 16.2539672852, 16.602268219, 16.9737873077, 17.3453063965, 17.693605423, 18.0651245117, 18.4366436005, 18.8081626892, 19.1680717468, 19.5279808044, 19.8994998932, 20.2710208893, 20.642539978, 20.9908390045, 21.3623580933, 21.733877182, 22.1053962708, 22.4653053284, 22.825214386, 23.1967334747, 23.5566444397, 23.9165534973, 24.2880725861, 24.6595916748, 25.0195007324, 25.37940979, 25.7509288788, 26.1224479675, 26.4823570251, 26.8422679901, 27.2137870789, 27.5853061676, 27.9452152252, 28.3051242828, 28.6766433716, 29.0481624603, 29.4080715179, 29.7679805756, 30.1394996643, 30.4994106293, 30.870929718, 31.2308387756, 31.6023578644, 31.9738769531, 32.3337860107, 32.6936950684, 33.0652160645, 33.4367332458, 33.8082542419, 34.1797714233, 34.5512924194, 34.8995895386, 35.2594985962, 35.6194114685, 35.9909286499, 36.362449646, 36.7339668274, 37.0822677612, 37.4537849426, 37.8253059387, 38.1968231201, 38.545124054, 38.91664505, 39.2881622314, 39.6596832275, 40.0312004089, 40.3911094666, 40.7510185242, 41.1225395203, 41.4940567017, 41.8423576355, 42.2138786316, 42.585395813, 42.9569168091, 43.3168258667, 43.6767349243, 44.0482521057, 44.4197731018, 44.7796821594]
},
"tonal": {
    "chords_changes_rate": 0.0905349776149,
    "chords_number_rate": 0.00720164598897,
    "chords_strength": {
        "mean": 0.499346017838,
        "var": 0.00376978819259
    },
    "hpcp_entropy": {
        "mean": 2.28942036629,
        "var": 0.660709261894
    },
    "key_strength": 0.738056719303,
    "tuning_diatonic_strength": 0.706290066242,
    "tuning_equal_tempered_deviation": 0.153457000852,
    "tuning_frequency": 431.193908691,
    "tuning_nontempered_energy_ratio": 0.855561614037,
    "hpcp": {
        "mean": [0.129478558898, 0.151327669621, 0.209250047803, 0.20267996192, 0.121831342578, 0.0807974040508, 0.0780829265714, 0.0800472572446, 0.0957650020719, 0.103803306818, 0.0921893119812, 0.0927267298102, 0.10924834013, 0.135534733534, 0.160452663898, 0.183695942163, 0.272079974413, 0.385448306799, 0.330401152372, 0.175824314356, 0.105508826673, 0.0920796990395, 0.101074792445, 0.169053807855, 0.222997814417, 0.159053966403, 0.0920404046774, 0.0797640830278, 0.0715148225427, 0.072728574276, 0.0823005586863, 0.0924085080624, 0.0998348966241, 0.0959629267454, 0.0895447283983, 0.110658980906],
        "var": [0.051166344434, 0.0518009327352, 0.086640432477, 0.0737218931317, 0.0329416058958, 0.0249418094754, 0.0269856061786, 0.0255417898297, 0.0290317758918, 0.0352695956826, 0.0304905865341, 0.0282638408244, 0.0381336994469, 0.0424638018012, 0.0561587959528, 0.0638874545693, 0.09872174263, 0.163658037782, 0.131672516465, 0.0544093213975, 0.0392909832299, 0.0386367365718, 0.035841230303, 0.0700985267758, 0.109448984265, 0.0674808770418, 0.0363932959735, 0.029359837994, 0.0237751137465, 0.0246273521334, 0.0271190442145, 0.029059227556, 0.0402634069324, 0.0408519469202, 0.0310712438077, 0.0375430360436]
    },
    "chords_histogram": [26.5432090759, 8.02469158173, 0, 0, 0, 1.74897122383, 0, 19.5473251343, 0, 0.102880656719, 0, 0, 0, 0, 0, 0, 0, 0, 0.102880656719, 0, 0, 23.559671402, 8.23045253754, 12.1399173737],
    "thpcp": [1, 0.857186675072, 0.456155359745, 0.273730158806, 0.238889873028, 0.262226581573, 0.438590079546, 0.578541457653, 0.41264668107, 0.238787934184, 0.20693847537, 0.18553674221, 0.188685670495, 0.213519051671, 0.239742934704, 0.259009808302, 0.248964458704, 0.232313200831, 0.287091612816, 0.335916787386, 0.392601728439, 0.542874455452, 0.525829195976, 0.316076993942, 0.209619298577, 0.202576905489, 0.20767313242, 0.248450964689, 0.269305378199, 0.239174261689, 0.240568518639, 0.283431887627, 0.351628810167, 0.416275441647, 0.476577371359, 0.70587927103],
    "chords_key": "D",
    "chords_scale": "minor",
    "key_key": "D",
    "key_scale": "minor"
}
}