{
"lowlevel": {
    "average_loudness": 0.931641876698,
    "barkbands_crest": {
        "mean": 11.1753578186,
        "var": 21.5368156433
    },
    "barkbands_flatness_db": {
        "mean": 0.149585723877,
        "var": 0.00289106904529
    },
    "barkbands_kurtosis": {
        "mean": 5.7259106636,
        "var": 83.9462814331
    },
    "barkbands_skewness": {
        "mean": 1.8578774929,
        "var": 2.4724187851
    },
    "barkbands_spread": {
        "mean": 27.6695098877,
        "var": 311.606567383
    },
    "dissonance": {
        "mean": 0.465930253267,
        "var": 0.000446464691777
    },
    "dynamic_complexity": 4.20215034485,
    "erbbands_crest": {
        "mean": 8.64071178436,
        "var": 11.5792226791
    },
    "erbbands_flatness_db": {
        "mean": 0.150591596961,
        "var": 0.00211646757089
    },
    "erbbands_kurtosis": {
        "mean": -0.250321209431,
        "var": 3.46985387802
    },
    "erbbands_skewness": {
        "mean": -0.164078101516,
        "var": 0.504927992821
    },
    "erbbands_spread": {
        "mean": 53.0680351257,
        "var": 518.176818848
    },
    "hfc": {
        "mean": 23.6385211945,
        "var": 888.618591309
    },
    "melbands_crest": {
        "mean": 18.1458072662,
        "var": 48.5233383179
    },
    "melbands_flatness_db": {
        "mean": 0.210287585855,
        "var": 0.00536724086851
    },
    "melbands_kurtosis": {
        "mean": 23.6841773987,
        "var": 811.615112305
    },
    "melbands_skewness": {
        "mean": 3.68841409683,
        "var": 5.03757810593
    },
    "melbands_spread": {
        "mean": 28.5619697571,
        "var": 751.760314941
    },
    "pitch_salience": {
        "mean": 0.446167379618,
        "var": 0.0180365368724
    },
    "silence_rate_20dB": {
        "mean": 1,
        "var": 0
    },
    "silence_rate_30dB": {
        "mean": 1,
        "var": 0
    },
    "silence_rate_60dB": {
        "mean": 0.123069003224,
        "var": 0.107923157513
    },
    "spectral_centroid": {
        "mean": 1478.38061523,
        "var": 740365.6875
    },
    "spectral_complexity": {
        "mean": 14.7847576141,
        "var": 72.272064209
    },
    "spectral_decrease": {
        "mean": -6.03957728273e-009,
        "var": 2.44141729138e-017
    },
    "spectral_energy": {
        "mean": 0.0249388497323,
        "var": 0.000395811133785
    },
    "spectral_energyband_high": {
        "mean": 0.00166806799825,
        "var": 1.71409465111e-005
    },
    "spectral_energyband_low": {
        "mean": 0.0125174801797,
        "var": 0.000187960220501
    },
    "spectral_energyband_middle_high": {
        "mean": 0.00448233308271,
        "var": 3.34752257913e-005
    },
    "spectral_energyband_middle_low": {
        "mean": 0.00971739925444,
        "var": 8.98127254914e-005
    },
    "spectral_entropy": {
        "mean": 7.47233343124,
        "var": 0.240070223808
    },
    "spectral_flux": {
        "mean": 0.0717801749706,
        "var": 0.00276651210152
    },
    "spectral_kurtosis": {
        "mean": 3.76280665398,
        "var": 10.2690010071
    },
    "spectral_rms": {
        "mean": 0.00446568708867,
        "var": 4.38822189608e-006
    },
    "spectral_rolloff": {
        "mean": 1909.08691406,
        "var": 4093321.5
    },
    "spectral_skewness": {
        "mean": 1.35304009914,
        "var": 0.234577938914
    },
    "spectral_spread": {
        "mean": 4949404.5,
        "var": 4.11657437184e+012
    },
    "spectral_strongpeak": {
        "mean": 0.877447545528,
        "var": 2.73013067245
    },
    "zerocrossingrate": {
        "mean": 0.0703293457627,
        "var": 0.0023072399199
    },
    "barkbands": {
        "mean": [0.000112602509034, 0.00382022280246, 0.00519910827279, 0.00463415356353, 0.0012086937204, 0.00129494059365, 0.00128885614686, 0.000585499394219, 0.000607191177551, 0.000579616928007, 0.000372396752937, 0.0004639288818, 0.000163675300428, 0.000161673742696, 0.000477195775602, 0.000682378245983, 0.000892760697752, 0.000362624239642, 0.000233727725572, 0.000266581919277, 0.000313805881888, 0.000657938770019, 0.000179310067324, 0.000164793178556, 0.000144387086038, 6.80607845425e-005, 2.73181922239e-006],
        "var": [1.42230334177e-007, 4.81724309793e-005, 5.10946447321e-005, 4.16453476646e-005, 3.1188289995e-006, 7.16328440831e-006, 5.36829975317e-006, 1.24348207464e-006, 1.22335541164e-006, 1.48059234562e-006, 1.23349218484e-006, 1.22484493659e-006, 8.65649525394e-008, 1.32064599256e-007, 1.35068466989e-006, 3.38098107022e-006, 3.67171423932e-006, 1.02432761651e-006, 2.48954734161e-007, 3.11547296405e-007, 1.07664573079e-006, 5.16142836204e-006, 1.15118744759e-007, 8.04577027225e-008, 1.3613747285e-007, 3.58344571794e-008, 7.73884012428e-011]
    },
    "erbbands": {
        "mean": [0.0649373605847, 1.07289206982, 5.21497774124, 13.4462347031, 6.67686700821, 3.72898387909, 7.45875787735, 11.0318260193, 20.2578353882, 13.5772428513, 13.1278991699, 9.94830989838, 14.4564571381, 25.9891262054, 14.0620012283, 20.8759231567, 9.06251621246, 9.80053329468, 14.9266681671, 23.4536800385, 47.0039329529, 38.8154602051, 31.1852684021, 15.2843799591, 13.602763176, 11.3774242401, 11.6412477493, 13.400188446, 23.0639457703, 14.5594167709, 5.04833078384, 3.17638516426, 3.00345349312, 2.2231554985, 0.757755160332, 0.332848131657, 0.117487050593, 0.0154579309747, 0.000383197126212, 4.45714795205e-005],
        "var": [0.0155047457665, 3.49427986145, 55.264793396, 288.164581299, 82.8414535522, 33.9671440125, 184.217758179, 705.686218262, 1106.21911621, 615.790649414, 479.739227295, 223.182296753, 711.55078125, 3085.71337891, 1138.21484375, 3065.16064453, 250.694351196, 387.775238037, 900.119812012, 3478.35473633, 14890.2607422, 5583.85644531, 6236.42480469, 753.04498291, 1127.72570801, 395.336456299, 1261.7434082, 1903.95349121, 6359.25830078, 2115.61279297, 88.938079834, 35.5123672485, 27.8496208191, 34.0668640137, 3.6148712635, 0.745126724243, 0.113279148936, 0.00204322813079, 1.19007916055e-006, 2.4041315605e-009]
    },
    "gfcc": {
        "mean": [-22.1885261536, 88.5165328979, -114.629379272, 44.7778739929, -57.2559127808, 17.2188739777, -39.2403182983, 8.12411022186, -21.6230792999, -7.83004379272, -20.7485923767, -5.19087600708, -16.4682826996],
        "cov": [[8408.42773438, -1741.30566406, 508.630615234, 19.764377594, -339.781616211, 49.3241043091, -368.670135498, 351.30267334, -177.50769043, 490.45401001, -232.814376831, 509.084869385, -82.7902450562], [-1741.30566406, 1990.9095459, -564.308837891, -188.421432495, 577.720397949, -188.81602478, 216.64390564, -99.7292327881, 320.42779541, -298.824768066, 216.11026001, -193.482284546, 236.659561157], [508.630615234, -564.308837891, 851.038085938, 135.315872192, -77.9544219971, 278.039031982, -28.5912189484, 42.0623626709, -78.7531661987, 147.494430542, -69.8381729126, 84.5921401978, -77.3684158325], [19.764377594, -188.421432495, 135.315872192, 266.99786377, -83.1407699585, 67.6505661011, 52.640411377, -38.2443008423, -40.8659057617, 59.6806983948, 18.6956138611, -19.213891983, -16.9729862213], [-339.781616211, 577.720397949, -77.9544219971, -83.1407699585, 409.401092529, -32.1587944031, 80.7057876587, 51.7803230286, 84.8184738159, -41.1968421936, 42.5285491943, -4.41534566879, 57.3268585205], [49.3241043091, -188.81602478, 278.039031982, 67.6505661011, -32.1587944031, 267.390625, 16.502910614, 36.0915908813, 14.8659944534, 28.3742923737, 15.4337835312, 17.6672039032, -8.17823123932], [-368.670135498, 216.64390564, -28.5912189484, 52.640411377, 80.7057876587, 16.502910614, 163.953613281, -14.9759178162, 11.5732345581, -18.3747673035, 29.692937851, -30.9092788696, 11.6441144943], [351.30267334, -99.7292327881, 42.0623626709, -38.2443008423, 51.7803230286, 36.0915908813, -14.9759178162, 141.44418335, 34.1573028564, 22.8788490295, 18.3905086517, 69.6424026489, -5.60834932327], [-177.50769043, 320.42779541, -78.7531661987, -40.8659057617, 84.8184738159, 14.8659944534, 11.5732345581, 34.1573028564, 186.616958618, -29.7819633484, 49.2197875977, 15.1556482315, 91.704208374], [490.45401001, -298.824768066, 147.494430542, 59.6806983948, -41.1968421936, 28.3742923737, -18.3747673035, 22.8788490295, -29.7819633484, 201.706085205, -30.323764801, 56.7873573303, -21.0466308594], [-232.814376831, 216.11026001, -69.8381729126, 18.6956138611, 42.5285491943, 15.4337835312, 29.692937851, 18.3905086517, 49.2197875977, -30.323764801, 158.648590088, -6.74639606476, 4.6914601326], [509.084869385, -193.482284546, 84.5921401978, -19.213891983, -4.41534566879, 17.6672039032, -30.9092788696, 69.6424026489, 15.1556482315, 56.7873573303, -6.74639606476, 183.711532593, 18.6035938263], [-82.7902450562, 236.659561157, -77.3684158325, -16.9729862213, 57.3268585205, -8.17823123932, 11.6441144943, -5.60834932327, 91.704208374, -21.0466308594, 4.6914601326, 18.6035938263, 152.05657959]],
        "icov": [[0.000186024073628, -2.33099617617e-005, 1.19148025988e-005, -7.22291297279e-005, 9.98803589027e-005, 3.07275804516e-005, 0.000263336958596, -0.000405561528169, 0.000175845896592, -0.000263501598965, 0.00017120638222, -0.000277351209661, -4.94362393511e-005], [-2.33099617617e-005, 0.00369681650773, -7.67109740991e-005, 0.00138077395968, -0.00340903084725, 0.00154463958461, -0.00204980093986, 0.00352716003545, -0.00333671318367, 0.00199477258138, -0.00297329761088, 0.00196271808818, -0.00185585813597], [1.19148025988e-005, -7.67109740991e-005, 0.00247197924182, -0.00071496271994, -0.000339371763403, -0.0024652776774, 0.00065842748154, 0.000145273457747, 0.000518779910635, -0.000834709848277, 0.00110074470285, -0.000877611688338, 0.00089914444834], [-7.22291297279e-005, 0.00138077395968, -0.00071496271994, 0.00631560757756, -6.03280132054e-005, 9.08563306439e-005, -0.0030804190319, 0.0025438524317, -0.000454664172139, -0.000745274766814, -0.00265408516861, 0.00146513001528, -0.00141613779124], [9.98803589027e-005, -0.00340903084725, -0.000339371763403, -6.03280132054e-005, 0.00680208252743, -0.000535982777365, -0.000142326913192, -0.00485283089802, 0.00248047942296, -0.00187279749662, 0.00226061744615, -0.00130552938208, 0.000754187756684], [3.07275804516e-005, 0.00154463958461, -0.0024652776774, 9.08563306439e-005, -0.000535982777365, 0.00742242997512, -0.00181268283632, -0.0002935671655, -0.00249153887853, 0.00141871988308, -0.00220912182704, 0.00158641382586, -0.00132923026104], [0.000263336958596, -0.00204980093986, 0.00065842748154, -0.0030804190319, -0.000142326913192, -0.00181268283632, 0.00981432758272, -0.00161973177455, 0.00232444354333, -0.000997737282887, 0.00141218083445, -0.00101149990223, 0.00100993865635], [-0.000405561528169, 0.00352716003545, 0.000145273457747, 0.0025438524317, -0.00485283089802, -0.0002935671655, -0.00161973177455, 0.0150964353234, -0.005269553978, 0.00164699717425, -0.00388530641794, -0.00134738255292, 0.000832747551613], [0.000175845896592, -0.00333671318367, 0.000518779910635, -0.000454664172139, 0.00248047942296, -0.00249153887853, 0.00232444354333, -0.005269553978, 0.0127843851224, -0.0018972576363, 0.000548672454897, -0.00167086115107, -0.00372462207451], [-0.000263501598965, 0.00199477258138, -0.000834709848277, -0.000745274766814, -0.00187279749662, 0.00141871988308, -0.000997737282887, 0.00164699717425, -0.0018972576363, 0.00810424983501, -0.000877589569427, -0.000164030367159, -0.000523395545315], [0.00017120638222, -0.00297329761088, 0.00110074470285, -0.00265408516861, 0.00226061744615, -0.00220912182704, 0.00141218083445, -0.00388530641794, 0.000548672454897, -0.000877589569427, 0.0106729324907, -0.00212323106825, 0.0032402172219], [-0.000277351209661, 0.00196271808818, -0.000877611688338, 0.00146513001528, -0.00130552938208, 0.00158641382586, -0.00101149990223, -0.00134738255292, -0.00167086115107, -0.000164030367159, -0.00212323106825, 0.00940570700914, -0.00298374821432], [-4.94362393511e-005, -0.00185585813597, 0.00089914444834, -0.00141613779124, 0.000754187756684, -0.00132923026104, 0.00100993865635, 0.000832747551613, -0.00372462207451, -0.000523395545315, 0.0032402172219, -0.00298374821432, 0.011773923412]]
    },
    "melbands": {
        "mean": [0.00085111084627, 0.00230813375674, 0.00206611747853, 0.000314452510793, 0.000227560987696, 0.000239319924731, 0.000314180797432, 0.000138100993354, 0.000107406529423, 6.85080303811e-005, 7.17287184671e-005, 0.000105701241409, 4.20426149503e-005, 5.5689310102e-005, 3.62446880899e-005, 1.52998036356e-005, 1.80710467248e-005, 1.56139958563e-005, 4.20379656134e-005, 3.12637057505e-005, 6.00681851211e-005, 3.42482890119e-005, 4.95345302625e-005, 1.62859523698e-005, 1.18805737657e-005, 8.42641384224e-006, 1.0117905731e-005, 7.00374630469e-006, 6.84809810991e-006, 7.13503504812e-006, 7.90665853856e-006, 1.15246421046e-005, 1.62995875144e-005, 4.53135589851e-006, 2.8509839467e-006, 2.23780534725e-006, 1.83149609256e-006, 2.39487962972e-006, 1.58327907229e-006, 2.00948170459e-006],
        "var": [2.40701479015e-006, 1.03699767351e-005, 6.38572555545e-006, 1.89780195115e-007, 1.61766465112e-007, 3.16418351076e-007, 2.63123382638e-007, 6.98984123915e-008, 3.68484762703e-008, 1.3253036002e-008, 1.79745232032e-008, 5.27786490068e-008, 1.13425775439e-008, 1.33724107343e-008, 9.67583968503e-009, 4.34290742257e-010, 1.82725901077e-009, 9.77971481575e-010, 1.26430066416e-008, 6.30436769455e-009, 2.7386541035e-008, 4.4656891518e-009, 1.64885971543e-008, 2.05243622098e-009, 5.34760513649e-010, 5.42191236352e-010, 8.21807899509e-010, 1.46993250905e-010, 4.20390083855e-010, 5.35255617606e-010, 6.96445567883e-010, 1.69005620609e-009, 3.46340645052e-009, 1.46422290959e-010, 3.48304440845e-011, 1.72953665278e-011, 1.24845403113e-011, 2.16690779903e-011, 1.09682662258e-011, 3.26006860396e-011]
    },
    "mfcc": {
        "mean": [-663.659179688, 111.426979065, 5.41913700104, 26.9204177856, 9.59656047821, 6.86378860474, -3.40960764885, 9.29661464691, 2.64022374153, -1.43577182293, -3.90410065651, 3.15424561501, -1.93966770172],
        "cov": [[7130.65039063, -1282.19848633, 298.942138672, 33.9583587646, -174.488479614, -114.95425415, -222.023910522, -113.431640625, 96.1333618164, -204.571029663, 167.147918701, -107.132591248, 228.789718628], [-1282.19848633, 1809.01452637, -684.251953125, 19.6710128784, 294.554321289, -45.9116477966, -2.39089775085, 154.36605835, 98.6657943726, 89.843711853, -100.035804749, 73.1276779175, -41.0475120544], [298.942138672, -684.251953125, 838.621520996, -36.3581008911, -16.3254508972, 182.751754761, 65.6692733765, -30.808380127, -12.5945997238, 11.9110822678, 44.694896698, 16.0833110809, -10.0105485916], [33.9583587646, 19.6710128784, -36.3581008911, 219.894042969, -22.5285987854, 26.908449173, 53.1000480652, -43.4376296997, -1.39122021198, -9.01184082031, 28.4579334259, -2.91505622864, 41.165019989], [-174.488479614, 294.554321289, -16.3254508972, -22.5285987854, 236.020843506, 19.2103786469, 16.1981296539, 73.4004669189, 36.3654670715, 41.0386810303, -5.59305238724, 49.0156784058, 7.44263076782], [-114.95425415, -45.9116477966, 182.751754761, 26.908449173, 19.2103786469, 189.550354004, 64.6595230103, -14.3789253235, 39.3374633789, 26.3063659668, 42.6160430908, -17.0760154724, 21.9700031281], [-222.023910522, -2.39089775085, 65.6692733765, 53.1000480652, 16.1981296539, 64.6595230103, 170.378540039, 19.7052192688, -32.8912658691, 30.8459644318, 39.5852851868, -0.875318050385, 16.6332740784], [-113.431640625, 154.36605835, -30.808380127, -43.4376296997, 73.4004669189, -14.3789253235, 19.7052192688, 184.943206787, 10.5716314316, -1.52898097038, -4.33018159866, 54.7377586365, -8.35510921478], [96.1333618164, 98.6657943726, -12.5945997238, -1.39122021198, 36.3654670715, 39.3374633789, -32.8912658691, 10.5716314316, 168.570465088, -5.90662193298, -12.4858551025, -20.3444347382, 20.14220047], [-204.571029663, 89.843711853, 11.9110822678, -9.01184082031, 41.0386810303, 26.3063659668, 30.8459644318, -1.52898097038, -5.90662193298, 161.068359375, -7.69909906387, 14.2677059174, -29.6714134216], [167.147918701, -100.035804749, 44.694896698, 28.4579334259, -5.59305238724, 42.6160430908, 39.5852851868, -4.33018159866, -12.4858551025, -7.69909906387, 136.028579712, -5.2608127594, 52.9756774902], [-107.132591248, 73.1276779175, 16.0833110809, -2.91505622864, 49.0156784058, -17.0760154724, -0.875318050385, 54.7377586365, -20.3444347382, 14.2677059174, -5.2608127594, 135.692932129, -1.85410559177], [228.789718628, -41.0475120544, -10.0105485916, 41.165019989, 7.44263076782, 21.9700031281, 16.6332740784, -8.35510921478, 20.14220047, -29.6714134216, 52.9756774902, -1.85410559177, 119.513519287]],
        "icov": [[0.000190854640095, 0.00012720914674, -3.45779189956e-005, -7.34415807528e-005, -5.00814385305e-005, 0.000208594035939, 0.000249403732596, -4.45802397735e-005, -0.00013722278527, 2.77244234894e-005, -0.000156637499458, 0.000115316121082, -0.000271094439086], [0.00012720914674, 0.00137254525907, 0.00114703911822, -0.000222791568376, -0.00125055760145, -0.000634739873931, 2.65655417024e-005, -0.000351100083208, -0.000401505385526, -0.000184220538358, 0.00044161817641, -0.000284735084279, 0.000388781336369], [-3.45779189956e-005, 0.00114703911822, 0.00274051656015, 0.000462388299638, -0.000875158119015, -0.00252783717588, -0.000401229335694, 0.000125430771732, 4.58162066934e-005, 0.000138249335578, 0.000363543571439, -0.000995920738205, 0.000964238541201], [-7.34415807528e-005, -0.000222791568376, 0.000462388299638, 0.00593042047694, 0.000649147958029, -0.000492365797982, -0.00221464689821, 0.00181772990618, -0.000284852023469, 0.000532921229023, -0.000140573261888, -0.00103028817102, -0.00122783298139], [-5.00814385305e-005, -0.00125055760145, -0.000875158119015, 0.000649147958029, 0.00677927955985, 0.000123393328977, -0.000298628554447, -0.00130042771343, -0.000812164333183, -0.00112509937026, -0.000125871083583, -0.00118372251745, -0.00122976035345], [0.000208594035939, -0.000634739873931, -0.00252783717588, -0.000492365797982, 0.000123393328977, 0.00995635706931, -0.00225145090371, 0.000760775292292, -0.00269693671726, -0.000929683272261, -0.00210286607035, 0.00128157634754, -0.000955168157816], [0.000249403732596, 2.65655417024e-005, -0.000401229335694, -0.00221464689821, -0.000298628554447, -0.00225145090371, 0.00928118359298, -0.00213750451803, 0.00247424421832, -0.00141349690966, -0.00119040079881, 0.00138947356027, -0.000966487685218], [-4.45802397735e-005, -0.000351100083208, 0.000125430771732, 0.00181772990618, -0.00130042771343, 0.000760775292292, -0.00213750451803, 0.00781284552068, -0.000958123069722, 0.00124617991969, -0.000467978126835, -0.00270406133495, 0.000770324317273], [-0.00013722278527, -0.000401505385526, 4.58162066934e-005, -0.000284852023469, -0.000812164333183, -0.00269693671726, 0.00247424421832, -0.000958123069722, 0.00809329282492, 0.000120335040265, 0.00140479835682, 0.00168673519511, -0.00156889099162], [2.77244234894e-005, -0.000184220538358, 0.000138249335578, 0.000532921229023, -0.00112509937026, -0.000929683272261, -0.00141349690966, 0.00124617991969, 0.000120335040265, 0.00755144935101, -4.13751040469e-005, -0.000855102669448, 0.00209606462158], [-0.000156637499458, 0.00044161817641, 0.000363543571439, -0.000140573261888, -0.000125871083583, -0.00210286607035, -0.00119040079881, -0.000467978126835, 0.00140479835682, -4.13751040469e-005, 0.010368344374, 0.000119419419207, -0.00378329306841], [0.000115316121082, -0.000284735084279, -0.000995920738205, -0.00103028817102, -0.00118372251745, 0.00128157634754, 0.00138947356027, -0.00270406133495, 0.00168673519511, -0.000855102669448, 0.000119419419207, 0.00973252672702, -0.000989904743619], [-0.000271094439086, 0.000388781336369, 0.000964238541201, -0.00122783298139, -0.00122976035345, -0.000955168157816, -0.000966487685218, 0.000770324317273, -0.00156889099162, 0.00209606462158, -0.00378329306841, -0.000989904743619, 0.0124103901908]]
    },
    "spectral_contrast_coeffs": {
        "mean": [-0.589543640614, -0.73605209589, -0.737520813942, -0.75918596983, -0.744768679142, -0.725091695786],
        "var": [0.00719298003241, 0.00510476948693, 0.00351684377529, 0.00286611076444, 0.00364971091039, 0.0030244323425]
    },
    "spectral_contrast_valleys": {
        "mean": [-7.70083713531, -7.07459497452, -7.88957118988, -8.29162025452, -8.09225559235, -10.6927890778],
        "var": [1.25753259659, 0.879773259163, 0.999847114086, 0.954787433147, 1.1980047226, 2.85005784035]
    }
},
"metadata": {
    "audio_properties": {
        "analysis_sample_rate": 44100,
        "bit_rate": 128074,
        "equal_loudness": 0,
        "length": 45.0612258911,
        "lossless": 0,
        "replay_gain": -5.33208465576,
        "sample_rate": 44100,
        "codec": "mp3",
        "downmix": "mix",
        "md5_encoded": "2b8a15be3fcc82254afecd1106e459c9"
    },
    "tags": {
        "file_name": "1688.mp3"
    },
    "version": {
        "essentia": "2.1-beta2",
        "essentia_git_sha": "v2.1_beta2",
        "extractor": "music 1.0"
    }
},
"rhythm": {
    "beats_count": 130,
    "beats_loudness": {
        "mean": 0.0312934368849,
        "var": 0.000298690603813
    },
    "bpm": 178.205856323,
    "bpm_histogram_first_peak_bpm": {
        "mean": 178,
        "var": 0
    },
    "bpm_histogram_first_peak_spread": {
        "mean": 0,
        "var": 0
    },
    "bpm_histogram_first_peak_weight": {
        "mean": 0.488372087479,
        "var": 0
    },
    "bpm_histogram_second_peak_bpm": {
        "mean": 172,
        "var": 0
    },
    "bpm_histogram_second_peak_spread": {
        "mean": 0,
        "var": 0
    },
    "bpm_histogram_second_peak_weight": {
        "mean": 0.434108525515,
        "var": 0
    },
    "danceability": 1.03135347366,
    "onset_rate": 3.90403676033,
    "beats_loudness_band_ratio": {
        "mean": [0.562313556671, 0.0708161741495, 0.133655622602, 0.0558531880379, 0.0935716703534, 0.101413488388],
        "var": [0.0543892458081, 0.00477929320186, 0.0140379220247, 0.00308173126541, 0.0138482423499, 0.0163461174816]
    },
    "beats_position": [0.325079351664, 0.66176867485, 0.99845802784, 1.34675729275, 1.69505667686, 2.03174591064, 2.36843538284, 2.71673464775, 3.06503391266, 3.40172338486, 3.73841261864, 4.08671188354, 4.42340135574, 4.76009082794, 5.10838985443, 5.44507932663, 5.78176879883, 6.13006782532, 6.46675729752, 6.81505680084, 7.1517457962, 7.50004529953, 7.84834432602, 8.18503379822, 8.52172279358, 8.85841274261, 9.19510173798, 9.54340076447, 9.89170074463, 10.22838974, 10.5650787354, 10.9133787155, 11.261677742, 11.5983667374, 11.9350566864, 12.294965744, 12.6548748016, 13.0031747818, 13.3514738083, 13.6881628036, 14.0248527527, 14.361541748, 14.6982307434, 15.0465307236, 15.3948297501, 15.7315187454, 16.0682086945, 16.4048976898, 16.7415866852, 17.0898857117, 17.4381847382, 17.786485672, 18.1231746674, 18.4714736938, 18.8081626892, 19.1448516846, 19.4931507111, 19.8298416138, 20.1665306091, 20.5148296356, 20.8631286621, 21.1998176575, 21.5365066528, 21.8731975555, 22.221496582, 22.5697956085, 22.8948745728, 23.2431735992, 23.5914726257, 23.9397735596, 24.2764625549, 24.6131515503, 24.9498405457, 25.286529541, 25.6232185364, 25.9599094391, 26.3082084656, 26.6565074921, 27.0048065186, 27.3414955139, 27.6781845093, 28.014875412, 28.3515644073, 28.6998634338, 29.0481624603, 29.3848514557, 29.7215423584, 30.0698413849, 30.4181404114, 30.7664394379, 31.0915184021, 31.4514274597, 31.7997264862, 32.1364173889, 32.4847145081, 32.8214035034, 33.1580963135, 33.4947853088, 33.8314743042, 34.1681632996, 34.5164604187, 34.8647613525, 35.2014503479, 35.5381393433, 35.8748283386, 36.2231292725, 36.5714263916, 36.9197273254, 37.2564163208, 37.6047172546, 37.94140625, 38.2897033691, 38.638004303, 38.9746932983, 39.3113822937, 39.6596832275, 40.0079803467, 40.3562812805, 40.6929702759, 41.0296592712, 41.3779602051, 41.7262573242, 42.0745582581, 42.4228553772, 42.771156311, 43.1310653687, 43.50258255, 43.8741035461, 44.2456245422, 44.6171417236]
},
"tonal": {
    "chords_changes_rate": 0.0102880662307,
    "chords_number_rate": 0.00308641977608,
    "chords_strength": {
        "mean": 0.570969045162,
        "var": 0.00866869743913
    },
    "hpcp_entropy": {
        "mean": 1.57504534721,
        "var": 0.724264085293
    },
    "key_strength": 0.736020743847,
    "tuning_diatonic_strength": 0.579410374165,
    "tuning_equal_tempered_deviation": 0.0275815818459,
    "tuning_frequency": 441.527557373,
    "tuning_nontempered_energy_ratio": 0.627566516399,
    "hpcp": {
        "mean": [0.406297057867, 0.206459119916, 0.0830808579922, 0.0941273123026, 0.0607540681958, 0.031990006566, 0.0347807817161, 0.0406151749194, 0.0690712034702, 0.0955214053392, 0.0686651170254, 0.0578580312431, 0.0804546028376, 0.0917216911912, 0.275851428509, 0.543286859989, 0.402957707644, 0.14244453609, 0.103261984885, 0.0741696581244, 0.0719282403588, 0.0926194339991, 0.0682208612561, 0.0425964221358, 0.0376219414175, 0.0341081731021, 0.0983320251107, 0.14721120894, 0.0853361040354, 0.0461228042841, 0.0522400923073, 0.0372571498156, 0.0249993372709, 0.0334032438695, 0.0777854844928, 0.290126532316],
        "var": [0.158962756395, 0.0553396008909, 0.0271680075675, 0.0406836755574, 0.0201033651829, 0.00911585893482, 0.00825327727944, 0.00818676874042, 0.0186026152223, 0.0387836322188, 0.0224536024034, 0.0158330574632, 0.0252732932568, 0.0333414040506, 0.0703333616257, 0.169178515673, 0.112494155765, 0.0446059070528, 0.058306965977, 0.0340419970453, 0.025189479813, 0.0313794128597, 0.0215548928827, 0.0173266436905, 0.0115181067958, 0.00978305004537, 0.0233006514609, 0.0529184415936, 0.0206375662237, 0.0165937636048, 0.0181725211442, 0.00963783729821, 0.00560408458114, 0.00836801622063, 0.0243026353419, 0.0978921353817]
    },
    "chords_histogram": [91.6666641235, 0, 0, 0, 0, 0, 0, 0, 0, 0, 0, 0, 0.205761313438, 0, 0, 0, 0, 2.05761313438, 0, 6.06995868683, 0, 0, 0, 0],
    "thpcp": [1, 0.741703391075, 0.262190282345, 0.190068989992, 0.136520251632, 0.132394582033, 0.170479804277, 0.125570610166, 0.0784050300717, 0.0692487582564, 0.0627811476588, 0.180994674563, 0.270964056253, 0.157073751092, 0.0848958566785, 0.0961556360126, 0.0685773044825, 0.0460149869323, 0.0614836215973, 0.143175721169, 0.534020900726, 0.747849941254, 0.380018621683, 0.15292263031, 0.173255264759, 0.111826866865, 0.0588823482394, 0.0640191808343, 0.074758246541, 0.127135783434, 0.175821304321, 0.126388326287, 0.106496281922, 0.148088619113, 0.168827369809, 0.507745444775],
    "chords_key": "D",
    "chords_scale": "major",
    "key_key": "D",
    "key_scale": "major"
}
}