{
"lowlevel": {
    "average_loudness": 0.8990188241,
    "barkbands_crest": {
        "mean": 16.9047088623,
        "var": 27.6165866852
    },
    "barkbands_flatness_db": {
        "mean": 0.400938600302,
        "var": 0.0181284211576
    },
    "barkbands_kurtosis": {
        "mean": 22.6508312225,
        "var": 1300.04431152
    },
    "barkbands_skewness": {
        "mean": 2.75799012184,
        "var": 4.6990275383
    },
    "barkbands_spread": {
        "mean": 5.32065391541,
        "var": 99.7213973999
    },
    "dissonance": {
        "mean": 0.360572397709,
        "var": 0.00745712872595
    },
    "dynamic_complexity": 5.46000385284,
    "erbbands_crest": {
        "mean": 15.2294998169,
        "var": 27.6035671234
    },
    "erbbands_flatness_db": {
        "mean": 0.302324980497,
        "var": 0.0068636611104
    },
    "erbbands_kurtosis": {
        "mean": 10.340180397,
        "var": 269.478088379
    },
    "erbbands_skewness": {
        "mean": 1.84321987629,
        "var": 2.6871213913
    },
    "erbbands_spread": {
        "mean": 18.1213760376,
        "var": 485.465637207
    },
    "hfc": {
        "mean": 7.61895561218,
        "var": 135.05166626
    },
    "melbands_crest": {
        "mean": 19.9534740448,
        "var": 30.1161575317
    },
    "melbands_flatness_db": {
        "mean": 0.509572088718,
        "var": 0.0274149682373
    },
    "melbands_kurtosis": {
        "mean": 31.8235778809,
        "var": 2770.30810547
    },
    "melbands_skewness": {
        "mean": 2.96826076508,
        "var": 6.26195049286
    },
    "melbands_spread": {
        "mean": 5.68989181519,
        "var": 149.323028564
    },
    "pitch_salience": {
        "mean": 0.378599226475,
        "var": 0.0208957530558
    },
    "silence_rate_20dB": {
        "mean": 0.996912002563,
        "var": 0.00307847280055
    },
    "silence_rate_30dB": {
        "mean": 0.942357182503,
        "var": 0.0543209202588
    },
    "silence_rate_60dB": {
        "mean": 0.177045807242,
        "var": 0.145697712898
    },
    "spectral_centroid": {
        "mean": 446.445404053,
        "var": 412373.15625
    },
    "spectral_complexity": {
        "mean": 4.91868257523,
        "var": 10.3484973907
    },
    "spectral_decrease": {
        "mean": -8.20275491975e-009,
        "var": 1.61070130889e-016
    },
    "spectral_energy": {
        "mean": 0.0316501259804,
        "var": 0.00235808477737
    },
    "spectral_energyband_high": {
        "mean": 5.90383788222e-005,
        "var": 7.64867635894e-008
    },
    "spectral_energyband_low": {
        "mean": 0.0224491152912,
        "var": 0.00198771501891
    },
    "spectral_energyband_middle_high": {
        "mean": 0.0016762294108,
        "var": 4.06326798839e-005
    },
    "spectral_energyband_middle_low": {
        "mean": 0.00838260911405,
        "var": 0.000150448468048
    },
    "spectral_entropy": {
        "mean": 5.41468858719,
        "var": 1.03237318993
    },
    "spectral_flux": {
        "mean": 0.0492012575269,
        "var": 0.0034414937254
    },
    "spectral_kurtosis": {
        "mean": 61.9535217285,
        "var": 5818.27099609
    },
    "spectral_rms": {
        "mean": 0.00456422939897,
        "var": 1.00459601526e-005
    },
    "spectral_rolloff": {
        "mean": 479.060577393,
        "var": 1370303.75
    },
    "spectral_skewness": {
        "mean": 5.50616407394,
        "var": 14.2969245911
    },
    "spectral_spread": {
        "mean": 2562555.75,
        "var": 5.04892751872e+012
    },
    "spectral_strongpeak": {
        "mean": 0.884934484959,
        "var": 1.23798859119
    },
    "zerocrossingrate": {
        "mean": 0.0184408482164,
        "var": 0.00101073866244
    },
    "barkbands": {
        "mean": [1.19287224152e-005, 0.00955796148628, 0.0119824698195, 0.00131960760336, 0.00248745619319, 0.00203107041307, 0.00141660158988, 0.000593220931478, 0.000510487996507, 0.000333253992721, 0.000490664446261, 0.000184808523045, 0.000131088265334, 0.000163907156093, 0.000110350687464, 0.000111575594929, 6.01921019552e-005, 5.96417412453e-005, 2.48115393333e-005, 2.76221016975e-005, 1.26791064758e-005, 7.44421731724e-006, 3.98093015974e-006, 8.77555248735e-006, 7.45713532524e-006, 1.11551787541e-006, 1.32616220228e-008],
        "var": [5.55112011913e-010, 0.00044270203216, 0.00113776500802, 6.27193367109e-006, 2.71996868833e-005, 2.25341264013e-005, 4.81125352962e-005, 1.73185471795e-005, 6.85544637236e-006, 2.38838401856e-006, 1.15400744107e-005, 1.07294965801e-006, 5.86274495618e-007, 1.64689333815e-006, 4.58564215933e-007, 3.92795641346e-007, 1.35199655915e-007, 5.90728923555e-008, 8.88245565989e-009, 8.55845883052e-009, 4.66091165663e-009, 4.63744997958e-009, 7.39935612781e-010, 3.93137700172e-009, 3.16476733708e-009, 3.30723295972e-011, 2.6375589538e-014]
    },
    "erbbands": {
        "mean": [0.126407161355, 2.81535339355, 12.6331949234, 9.24978256226, 3.839427948, 8.95300483704, 20.5757808685, 13.7723655701, 15.0267810822, 20.2345161438, 13.6202201843, 13.0591468811, 7.54624414444, 20.4855880737, 13.4460525513, 7.63062906265, 7.03471136093, 7.13308143616, 8.61798191071, 4.94890880585, 5.35317182541, 3.53262066841, 3.64992833138, 1.89236271381, 1.00969135761, 1.41263306141, 0.907643616199, 0.330187320709, 0.279470026493, 0.151255995035, 0.116023905575, 0.141687750816, 0.165619552135, 0.107181563973, 0.0405088998377, 0.00854026712477, 0.0015709719155, 0.00011830333824, 1.83970823855e-005, 3.51077906089e-005],
        "var": [0.0899748429656, 34.0584411621, 1108.81860352, 398.698272705, 42.8769264221, 329.332519531, 3210.48266602, 1187.98815918, 3625.58374023, 13077.0585938, 8835.37792969, 5228.16992188, 748.739990234, 19291.75, 8628.2734375, 1922.14709473, 1532.40563965, 2605.33398438, 2606.17285156, 640, 786.682922363, 486.144989014, 288.307189941, 35.8270988464, 13.5392379761, 24.5714054108, 14.9944324493, 4.40624475479, 6.0975112915, 1.61800658703, 0.703146100044, 0.963332355022, 1.43892383575, 0.66399037838, 0.0938583910465, 0.00197820621543, 7.60675029596e-005, 5.71815689909e-007, 1.75098602284e-009, 2.79087797317e-009]
    },
    "gfcc": {
        "mean": [-211.294555664, 168.826156616, -44.4782829285, 31.3141117096, -33.624710083, 4.20632314682, -34.2249107361, -2.86043024063, -22.4044589996, -7.81486129761, -2.67999839783, -14.472899437, -0.98791372776],
        "cov": [[16657.6738281, -2847.75976563, -5210.25830078, -298.988800049, -921.162109375, 205.924209595, -855.505126953, 1062.2746582, -623.106872559, 767.04107666, -282.736358643, 4.03945302963, 202.161895752], [-2847.75976563, 2640.02050781, 1698.58630371, -701.967346191, 466.049957275, -54.4490966797, 611.970092773, -414.411834717, 276.577514648, -366.806671143, 289.842529297, -158.024856567, -54.6981277466], [-5210.25830078, 1698.58630371, 3324.76831055, 373.339630127, 575.549560547, 79.6852416992, 494.20513916, -410.474884033, 375.359527588, -329.655029297, 90.1665115356, -13.4100494385, -93.8866043091], [-298.988800049, -701.967346191, 373.339630127, 1125.56079102, 179.189331055, 39.7220230103, -139.572006226, 66.3164901733, 48.2751274109, -45.6869888306, -153.258361816, 56.4729804993, 56.8448753357], [-921.162109375, 466.049957275, 575.549560547, 179.189331055, 515.636474609, 82.2537536621, 159.430221558, -59.3108673096, 115.483406067, -88.8791122437, 13.0981674194, -20.1071968079, 24.4785728455], [205.924209595, -54.4490966797, 79.6852416992, 39.7220230103, 82.2537536621, 422.206939697, 136.705276489, -96.4491119385, -43.0428123474, 38.5343284607, 12.3616533279, -41.7393074036, -14.5364131927], [-855.505126953, 611.970092773, 494.20513916, -139.572006226, 159.430221558, 136.705276489, 505.307861328, -110.660820007, 43.6973991394, -102.453544617, 67.0172576904, -45.4438896179, -76.6688919067], [1062.2746582, -414.411834717, -410.474884033, 66.3164901733, -59.3108673096, -96.4491119385, -110.660820007, 310.111633301, 12.9216060638, 49.964214325, -48.762424469, 44.4657402039, 22.662612915], [-623.106872559, 276.577514648, 375.359527588, 48.2751274109, 115.483406067, -43.0428123474, 43.6973991394, 12.9216060638, 269.513244629, -38.9920310974, -19.8638648987, -23.2018985748, -19.3491401672], [767.04107666, -366.806671143, -329.655029297, -45.6869888306, -88.8791122437, 38.5343284607, -102.453544617, 49.964214325, -38.9920310974, 240.665710449, 20.4215888977, -14.8075313568, -9.06991291046], [-282.736358643, 289.842529297, 90.1665115356, -153.258361816, 13.0981674194, 12.3616533279, 67.0172576904, -48.762424469, -19.8638648987, 20.4215888977, 205.926727295, -8.73878002167, -1.81303536892], [4.03945302963, -158.024856567, -13.4100494385, 56.4729804993, -20.1071968079, -41.7393074036, -45.4438896179, 44.4657402039, -23.2018985748, -14.8075313568, -8.73878002167, 164.110458374, 47.1069107056], [202.161895752, -54.6981277466, -93.8866043091, 56.8448753357, 24.4785728455, -14.5364131927, -76.6688919067, 22.662612915, -19.3491401672, -9.06991291046, -1.81303536892, 47.1069107056, 141.279937744]],
        "icov": [[0.000168990547536, -0.000260661210632, 0.000258696818491, -0.000158784008818, 0.000150254665641, -0.000278836407233, 9.35779462452e-005, -0.000467592442874, 0.000185156692169, -0.000373396382201, 0.000285340269329, -6.93935289746e-005, -7.67713663663e-006], [-0.000260661210632, 0.00283862533979, -0.0010722290026, 0.00182483682875, -0.00127966096625, 0.00134150241502, -0.000980314915068, 0.00183910538908, -0.00122344528791, 0.00259172171354, -0.00208288757131, 0.00168497557752, -0.00103176187258], [0.000258696818491, -0.0010722290026, 0.00120879535098, -0.00092150690034, 0.000239134940784, -0.000577987288125, 9.90015541902e-005, -0.000316807214404, -0.000115218746942, -0.000788079167251, 0.000597462640144, -0.000861201318912, 0.000620853272267], [-0.000158784008818, 0.00182483682875, -0.00092150690034, 0.00242903176695, -0.00120773166418, 0.000549814256374, -8.42882946017e-005, 0.000746564066503, -0.000577704049647, 0.0017363561783, -0.000524149625562, 0.000901679799426, -0.000830695207696], [0.000150254665641, -0.00127966096625, 0.000239134940784, -0.00120773166418, 0.00352828227915, -0.00103546248283, -0.000208403725992, -0.00101682229433, -0.00020003967802, -0.000877197482623, 0.000718267692719, -0.000277900486253, -0.000715266331099], [-0.000278836407233, 0.00134150241502, -0.000577987288125, 0.000549814256374, -0.00103546248283, 0.00398532580584, -0.00150685198605, 0.00209323386662, -6.10211172898e-005, 0.000251261313679, -0.000784994917922, 0.00111630116589, -0.000625495507848], [9.35779462452e-005, -0.000980314915068, 9.90015541902e-005, -8.42882946017e-005, -0.000208403725992, -0.00150685198605, 0.00376732414588, -0.000779741210863, 0.000530682154931, 0.000375458446797, 0.000104931263195, -0.000494298001286, 0.00189977756236], [-0.000467592442874, 0.00183910538908, -0.000316807214404, 0.000746564066503, -0.00101682229433, 0.00209323386662, -0.000779741210863, 0.00663944939151, -0.00201905914582, 0.00131952867378, -0.00110978691373, -0.000230902180192, -0.000355478958227], [0.000185156692169, -0.00122344528791, -0.000115218746942, -0.000577704049647, -0.00020003967802, -6.10211172898e-005, 0.000530682154931, -0.00201905914582, 0.00574899697676, -0.00130966259167, 0.00166320172139, 0.000242638387135, 0.000701224664226], [-0.000373396382201, 0.00259172171354, -0.000788079167251, 0.0017363561783, -0.000877197482623, 0.000251261313679, 0.000375458446797, 0.00131952867378, -0.00130966259167, 0.00824514124542, -0.00315459142439, 0.00188926898409, 0.000164833531016], [0.000285340269329, -0.00208288757131, 0.000597462640144, -0.000524149625562, 0.000718267692719, -0.000784994917922, 0.000104931263195, -0.00110978691373, 0.00166320172139, -0.00315459142439, 0.00765456911176, -0.00119108310901, -5.63963403692e-005], [-6.93935289746e-005, 0.00168497557752, -0.000861201318912, 0.000901679799426, -0.000277900486253, 0.00111630116589, -0.000494298001286, -0.000230902180192, 0.000242638387135, 0.00188926898409, -0.00119108310901, 0.00849966518581, -0.00294645014219], [-7.67713663663e-006, -0.00103176187258, 0.000620853272267, -0.000830695207696, -0.000715266331099, -0.000625495507848, 0.00189977756236, -0.000355478958227, 0.000701224664226, 0.000164833531016, -5.63963403692e-005, -0.00294645014219, 0.00967237353325]]
    },
    "melbands": {
        "mean": [0.00198411848396, 0.00579201057553, 0.00152609788347, 0.000408724445151, 0.000672490918078, 0.000320368941175, 0.000254302984104, 0.000194711523363, 0.000106904662971, 8.00907146186e-005, 3.48380199284e-005, 8.03462098702e-005, 5.43303176528e-005, 2.09253958019e-005, 1.70188632183e-005, 1.42508506542e-005, 1.34464316943e-005, 1.57281228894e-005, 6.6785510171e-006, 8.57831673784e-006, 5.1693232308e-006, 3.76479511033e-006, 2.67083737526e-006, 3.13341729452e-006, 1.38970983699e-006, 8.17022510091e-007, 6.68556708661e-007, 9.98962718768e-007, 7.02131217167e-007, 2.52851890536e-007, 1.72425487222e-007, 1.72055209191e-007, 1.11877461961e-007, 7.19318009601e-008, 6.45514219855e-008, 7.12273120484e-008, 9.09792206016e-008, 1.202978126e-007, 9.92743878214e-008, 9.1664468016e-008],
        "var": [2.09787212953e-005, 0.000165191449923, 1.05169938251e-005, 7.18337162198e-007, 2.94904020848e-006, 5.80966400321e-007, 1.2103669178e-006, 1.23567508581e-006, 6.06929518199e-007, 2.19202220819e-007, 1.96096330285e-008, 2.8286046927e-007, 1.65123552165e-007, 1.14071809776e-008, 1.04628465891e-008, 6.47765041606e-009, 1.26665815614e-008, 1.07135367244e-008, 1.64171665151e-009, 2.64554378404e-009, 8.20237100463e-010, 4.91126916913e-010, 2.12782125253e-010, 2.08445941063e-010, 2.18328723156e-011, 1.06037383735e-011, 6.2834355774e-012, 1.23710668445e-011, 8.8610126181e-012, 2.21001125386e-012, 1.81318924718e-012, 2.43661015843e-012, 1.07994440213e-012, 3.01168920532e-013, 2.22385898216e-013, 2.60953043028e-013, 4.18977650967e-013, 8.66037113984e-013, 3.89079095548e-013, 6.26192674102e-013]
    },
    "mfcc": {
        "mean": [-863.60168457, 179.685913086, 58.06407547, 41.6980667114, 28.0400619507, 9.42467784882, 11.4463806152, -1.84201025963, -4.53418493271, -0.248462274671, -5.26791286469, -1.93919825554, -1.58207976818],
        "cov": [[11418.2675781, -673.283996582, -4162.70019531, -911.168945313, -303.648193359, -914.104736328, 48.3645820618, -455.761871338, -28.4997119904, 463.563934326, -458.334472656, -95.5990447998, 116.352928162], [-673.283996582, 2424.55859375, 599.481323242, -453.703399658, -175.222457886, 175.852050781, 180.304275513, 168.789505005, -125.483482361, 35.7035636902, 151.983856201, 28.5000610352, -59.7935295105], [-4162.70019531, 599.481323242, 2599.95776367, 554.573913574, 141.908126831, 572.713195801, 38.9280967712, 289.682220459, 129.123733521, -169.74520874, 242.069335938, 69.2436294556, -35.8942070007], [-911.168945313, -453.703399658, 554.573913574, 813.493713379, 360.170074463, 4.61718559265, -78.7103347778, 124.333869934, 198.052062988, -118.027687073, 6.34250259399, 75.1449127197, -4.54907989502], [-303.648193359, -175.222457886, 141.908126831, 360.170074463, 476.531585693, 64.0574798584, -85.0110702515, 27.8171234131, 147.286590576, -11.4774522781, 0.30352050066, 26.7824020386, 5.64630126953], [-914.104736328, 175.852050781, 572.713195801, 4.61718559265, 64.0574798584, 567.14074707, 191.934204102, 82.2859649658, -8.21752262115, 64.3933029175, 80.9927444458, -65.693939209, -41.2805175781], [48.3645820618, 180.304275513, 38.9280967712, -78.7103347778, -85.0110702515, 191.934204102, 318.324310303, 90.073387146, -76.6040802002, 67.9052658081, 17.001329422, -38.5555152893, 3.51173615456], [-455.761871338, 168.789505005, 289.682220459, 124.333869934, 27.8171234131, 82.2859649658, 90.073387146, 274.946838379, 68.4491729736, -41.4783439636, 33.3062171936, 38.3184890747, -27.8619060516], [-28.4997119904, -125.483482361, 129.123733521, 198.052062988, 147.286590576, -8.21752262115, -76.6040802002, 68.4491729736, 239.920471191, -7.81387424469, -14.6704759598, 33.5344352722, -6.63474369049], [463.563934326, 35.7035636902, -169.74520874, -118.027687073, -11.4774522781, 64.3933029175, 67.9052658081, -41.4783439636, -7.81387424469, 242.735198975, 42.468044281, -41.041179657, 25.9757671356], [-458.334472656, 151.983856201, 242.069335938, 6.34250259399, 0.30352050066, 80.9927444458, 17.001329422, 33.3062171936, -14.6704759598, 42.468044281, 149.229278564, 37.2067451477, 11.5482645035], [-95.5990447998, 28.5000610352, 69.2436294556, 75.1449127197, 26.7824020386, -65.693939209, -38.5555152893, 38.3184890747, 33.5344352722, -41.041179657, 37.2067451477, 156.860641479, 45.4308052063], [116.352928162, -59.7935295105, -35.8942070007, -4.54907989502, 5.64630126953, -41.2805175781, 3.51173615456, -27.8619060516, -6.63474369049, 25.9757671356, 11.5482645035, 45.4308052063, 147.023849487]],
        "icov": [[0.000241895322688, -4.95838285133e-005, 0.000365144049283, -4.44678480562e-005, 0.000117133924505, 1.88596677617e-005, -0.00010920065688, 9.23773332033e-005, -0.000271108176094, -0.000234883846133, 0.000251881108852, -8.91152958502e-005, -6.59005527268e-005], [-4.95838285133e-005, 0.000658842211124, -0.000364517502021, 0.000709087238647, -0.000345483538695, 0.000312297983328, -0.000301077088807, -0.000329164002324, 0.000194780601305, -7.99074496172e-006, -0.000276126491372, -0.000222728674999, 0.0003866138577], [0.000365144049283, -0.000364517502021, 0.00153816083912, -0.000941914273426, 0.000768890313338, -0.00105572934262, 0.000428642495535, -6.97638242855e-005, -0.000600678031333, 0.00030733278254, -0.000555748236366, 9.78180178208e-005, -0.000508224999066], [-4.44678480562e-005, 0.000709087238647, -0.000941914273426, 0.00344572495669, -0.00214094342664, 0.00116817292292, -0.000898240657989, -0.000534152321052, -0.000652769114822, 0.000592365686316, -4.06656836276e-005, -0.000480991438963, 0.000548379204702], [0.000117133924505, -0.000345483538695, 0.000768890313338, -0.00214094342664, 0.00418858695775, -0.00145121337846, 0.00128059857525, 0.000286093563773, -0.00113262829836, -0.000391751993448, 0.000167647915077, 3.39147809427e-005, -0.000661970872898], [1.88596677617e-005, 0.000312297983328, -0.00105572934262, 0.00116817292292, -0.00145121337846, 0.00406857067719, -0.00245644873939, 0.000197168817976, -0.000209361533052, -0.00050040485803, -0.000763227872085, 0.000958237156738, 0.00102741818409], [-0.00010920065688, -0.000301077088807, 0.000428642495535, -0.000898240657989, 0.00128059857525, -0.00245644873939, 0.00644413940609, -0.0026165433228, 0.00219039572403, -0.00131615274586, 0.00105552864261, 0.000505580974277, -0.00125558429863], [9.23773332033e-005, -0.000329164002324, -6.97638242855e-005, -0.000534152321052, 0.000286093563773, 0.000197168817976, -0.0026165433228, 0.00616538105533, -0.00227373559028, 0.0010644805152, -0.000772370782215, -0.00109606632032, 0.00114339159336], [-0.000271108176094, 0.000194780601305, -0.000600678031333, -0.000652769114822, -0.00113262829836, -0.000209361533052, 0.00219039572403, -0.00227373559028, 0.00732401479036, -0.00149488984607, 0.00168277020566, -0.000884753942955, 0.000364269333659], [-0.000234883846133, -7.99074496172e-006, 0.00030733278254, 0.000592365686316, -0.000391751993448, -0.00050040485803, -0.00131615274586, 0.0010644805152, -0.00149488984607, 0.00677409162745, -0.00353003502823, 0.00199520774186, -0.00121983839199], [0.000251881108852, -0.000276126491372, -0.000555748236366, -4.06656836276e-005, 0.000167647915077, -0.000763227872085, 0.00105552864261, -0.000772370782215, 0.00168277020566, -0.00353003502823, 0.0111316684633, -0.00336214597337, 2.32843995036e-005], [-8.91152958502e-005, -0.000222728674999, 9.78180178208e-005, -0.000480991438963, 3.39147809427e-005, 0.000958237156738, 0.000505580974277, -0.00109606632032, -0.000884753942955, 0.00199520774186, -0.00336214597337, 0.00974313821644, -0.00310210650787], [-6.59005527268e-005, 0.0003866138577, -0.000508224999066, 0.000548379204702, -0.000661970872898, 0.00102741818409, -0.00125558429863, 0.00114339159336, 0.000364269333659, -0.00121983839199, 2.32843995036e-005, -0.00310210650787, 0.00865314528346]]
    },
    "spectral_contrast_coeffs": {
        "mean": [-0.592622637749, -0.65060120821, -0.763190865517, -0.777436673641, -0.80540907383, -0.820354402065],
        "var": [0.00916824582964, 0.0173425599933, 0.0139213986695, 0.0104889199138, 0.00639030756429, 0.00300023565069]
    },
    "spectral_contrast_valleys": {
        "mean": [-7.84852075577, -8.75929260254, -9.89744949341, -10.5216159821, -10.7277851105, -13.1531219482],
        "var": [2.00777745247, 1.54923260212, 1.63244366646, 2.15917110443, 2.61005878448, 2.08465099335]
    }
},
"metadata": {
    "audio_properties": {
        "analysis_sample_rate": 44100,
        "bit_rate": 100907,
        "equal_loudness": 0,
        "length": 45.0873451233,
        "lossless": 0,
        "replay_gain": -6.61569976807,
        "sample_rate": 44100,
        "codec": "mp3",
        "downmix": "mix",
        "md5_encoded": "2b5bf1f83df2dcebb65c83687be1485e"
    },
    "tags": {
        "file_name": "169.mp3"
    },
    "version": {
        "essentia": "2.1-beta2",
        "essentia_git_sha": "v2.1_beta2",
        "extractor": "music 1.0"
    }
},
"rhythm": {
    "beats_count": 81,
    "beats_loudness": {
        "mean": 0.0616630800068,
        "var": 0.00793974753469
    },
    "bpm": 120.350860596,
    "bpm_histogram_first_peak_bpm": {
        "mean": 120,
        "var": 0
    },
    "bpm_histogram_first_peak_spread": {
        "mean": 0.590909123421,
        "var": 0
    },
    "bpm_histogram_first_peak_weight": {
        "mean": 0.11249999702,
        "var": 0
    },
    "bpm_histogram_second_peak_bpm": {
        "mean": 96,
        "var": 0
    },
    "bpm_histogram_second_peak_spread": {
        "mean": 0.555555522442,
        "var": 0
    },
    "bpm_histogram_second_peak_weight": {
        "mean": 0.10000000149,
        "var": 0
    },
    "danceability": 1.1668946743,
    "onset_rate": 3.0152027607,
    "beats_loudness_band_ratio": {
        "mean": [0.7020201087, 0.190799951553, 0.0632930099964, 0.0373622104526, 0.0189467146993, 0.0124344779179],
        "var": [0.10881293565, 0.0560965202749, 0.0347947739065, 0.012122749351, 0.00274414219894, 0.00332692125812]
    },
    "beats_position": [0.476009070873, 0.975238084793, 1.46285712719, 1.95047616959, 2.4497051239, 2.92571425438, 3.39011335373, 3.84290242195, 4.29569149017, 4.76009082794, 5.21287965775, 5.66566896439, 6.13006782532, 6.59446716309, 7.04725599289, 7.50004529953, 7.96444416046, 8.42884349823, 8.93968200684, 9.45052146912, 9.96135997772, 10.4954195023, 11.0294780731, 11.5635375977, 12.0859861374, 12.6084346771, 13.1424942017, 13.6997728348, 14.2570514679, 14.8027210236, 15.3483896255, 15.8824491501, 16.4165077209, 16.9505672455, 17.4962348938, 18.0070743561, 18.5295238495, 19.0403633118, 19.5395908356, 20.0388202667, 20.5380496979, 21.0604991913, 21.548116684, 22.0473461151, 22.5349655151, 23.0225849152, 23.5218143463, 24.0210418701, 24.5202713013, 25.0078907013, 25.4955101013, 26.0063495636, 26.5287971497, 27.1441268921, 27.747844696, 28.3515644073, 28.9552822113, 29.5473918915, 30.1743297577, 30.8128795624, 31.4398174286, 32.0667572021, 32.7053070068, 33.332244873, 33.9707946777, 34.5977325439, 35.2014503479, 35.8283882141, 36.4669380188, 37.1054878235, 37.7324256897, 38.3593635559, 39.0675735474, 39.7757797241, 40.4956016541, 41.192199707, 41.88879776, 42.585395813, 43.281993866, 43.9902038574, 44.6751937866]
},
"tonal": {
    "chords_changes_rate": 0.0884773656726,
    "chords_number_rate": 0.0174897126853,
    "chords_strength": {
        "mean": 0.488716989756,
        "var": 0.0116237988696
    },
    "hpcp_entropy": {
        "mean": 1.61937308311,
        "var": 0.690851688385
    },
    "key_strength": 0.635230958462,
    "tuning_diatonic_strength": 0.505230307579,
    "tuning_equal_tempered_deviation": 0.193138703704,
    "tuning_frequency": 437.465789795,
    "tuning_nontempered_energy_ratio": 0.835869848728,
    "hpcp": {
        "mean": [0.0761685147882, 0.084657266736, 0.11254298687, 0.15889570117, 0.146828919649, 0.0758680999279, 0.090142659843, 0.127485543489, 0.117191597819, 0.107178278267, 0.0708250850439, 0.0470598265529, 0.0615563876927, 0.0610849484801, 0.0556064285338, 0.0737555101514, 0.0791557580233, 0.121754109859, 0.180057004094, 0.127937614918, 0.0620351992548, 0.0649845078588, 0.0784703865647, 0.087567217648, 0.0907925665379, 0.0690380781889, 0.0452501289546, 0.0376496575773, 0.0252179335803, 0.0213105212897, 0.0271552484483, 0.0315570123494, 0.0582900345325, 0.0840976163745, 0.0716272965074, 0.067032597959],
        "var": [0.0456792712212, 0.0484291687608, 0.0642499625683, 0.0880445986986, 0.0958599075675, 0.0323085449636, 0.0537365786731, 0.0867230668664, 0.0590696670115, 0.0702424049377, 0.0355122163892, 0.0225281696767, 0.0393218249083, 0.0380765460432, 0.0281331017613, 0.0466400422156, 0.0471242368221, 0.0590368807316, 0.110986456275, 0.0651460215449, 0.0344276949763, 0.0392112769186, 0.0506602264941, 0.0516679212451, 0.0566366650164, 0.0374956615269, 0.0223997998983, 0.021735874936, 0.0117084980011, 0.0084195677191, 0.0123870130628, 0.0151235656813, 0.0343608297408, 0.0600079931319, 0.0391419678926, 0.037438698113]
    },
    "chords_histogram": [2.98353910446, 0, 4.21810722351, 0, 13.4773664474, 14.7119340897, 9.05349826813, 3.08641982079, 0, 6.99588489532, 2.67489719391, 2.98353910446, 4.93827152252, 0.102880656719, 0, 1.44032919407, 2.05761313438, 1.33744859695, 0, 4.52674913406, 3.90946507454, 0.925925910473, 16.1522636414, 4.42386817932],
    "thpcp": [1, 0.710539519787, 0.344530880451, 0.360910743475, 0.435808569193, 0.486330538988, 0.504243433475, 0.383423447609, 0.251310020685, 0.209098547697, 0.140055283904, 0.118354305625, 0.150814726949, 0.175261229277, 0.323731005192, 0.467061072588, 0.397803455591, 0.372285425663, 0.423024445772, 0.470169246197, 0.625040888786, 0.882474422455, 0.815457999706, 0.421355992556, 0.500634014606, 0.708028793335, 0.650858283043, 0.595246374607, 0.393348127604, 0.261360704899, 0.341871678829, 0.339253395796, 0.308826804161, 0.409623116255, 0.439614981413, 0.676197588444],
    "chords_key": "G#",
    "chords_scale": "minor",
    "key_key": "D#",
    "key_scale": "minor"
}
}