{
"lowlevel": {
    "average_loudness": 0.409720808268,
    "barkbands_crest": {
        "mean": 11.5411930084,
        "var": 15.5624961853
    },
    "barkbands_flatness_db": {
        "mean": 0.251948654652,
        "var": 0.00804456695914
    },
    "barkbands_kurtosis": {
        "mean": 5.01353025436,
        "var": 30.499578476
    },
    "barkbands_skewness": {
        "mean": 1.36156046391,
        "var": 0.899278521538
    },
    "barkbands_spread": {
        "mean": 7.96393728256,
        "var": 57.0486183167
    },
    "dissonance": {
        "mean": 0.399636059999,
        "var": 0.00402778573334
    },
    "dynamic_complexity": 5.88841438293,
    "erbbands_crest": {
        "mean": 12.9245901108,
        "var": 30.6403579712
    },
    "erbbands_flatness_db": {
        "mean": 0.261510074139,
        "var": 0.00759623199701
    },
    "erbbands_kurtosis": {
        "mean": 2.75960278511,
        "var": 14.2595396042
    },
    "erbbands_skewness": {
        "mean": 0.951014816761,
        "var": 0.534890532494
    },
    "erbbands_spread": {
        "mean": 18.9678058624,
        "var": 238.745620728
    },
    "hfc": {
        "mean": 11.1231079102,
        "var": 213.836486816
    },
    "melbands_crest": {
        "mean": 14.7178268433,
        "var": 24.9114112854
    },
    "melbands_flatness_db": {
        "mean": 0.327481001616,
        "var": 0.0114872250706
    },
    "melbands_kurtosis": {
        "mean": 7.78910112381,
        "var": 91.2413635254
    },
    "melbands_skewness": {
        "mean": 1.68136620522,
        "var": 1.45525872707
    },
    "melbands_spread": {
        "mean": 9.54766941071,
        "var": 70.5292053223
    },
    "pitch_salience": {
        "mean": 0.544393181801,
        "var": 0.00909371022135
    },
    "silence_rate_20dB": {
        "mean": 1,
        "var": 0
    },
    "silence_rate_30dB": {
        "mean": 1,
        "var": 0
    },
    "silence_rate_60dB": {
        "mean": 0.27085480094,
        "var": 0.197491317987
    },
    "spectral_centroid": {
        "mean": 609.822937012,
        "var": 172039.625
    },
    "spectral_complexity": {
        "mean": 10.8244075775,
        "var": 50.7228126526
    },
    "spectral_decrease": {
        "mean": -4.90149210108e-009,
        "var": 2.42753041782e-017
    },
    "spectral_energy": {
        "mean": 0.0195082686841,
        "var": 0.000388746033423
    },
    "spectral_energyband_high": {
        "mean": 0.000211557751754,
        "var": 7.63607715726e-007
    },
    "spectral_energyband_low": {
        "mean": 0.00276111648418,
        "var": 1.36254056997e-005
    },
    "spectral_energyband_middle_high": {
        "mean": 0.00256110890768,
        "var": 2.78979841823e-005
    },
    "spectral_energyband_middle_low": {
        "mean": 0.0144623378292,
        "var": 0.000248295400525
    },
    "spectral_entropy": {
        "mean": 6.44422292709,
        "var": 0.65802448988
    },
    "spectral_flux": {
        "mean": 0.0470285005867,
        "var": 0.00163156946655
    },
    "spectral_kurtosis": {
        "mean": 28.6174583435,
        "var": 1241.95703125
    },
    "spectral_rms": {
        "mean": 0.00373399420641,
        "var": 5.08973789692e-006
    },
    "spectral_rolloff": {
        "mean": 695.187011719,
        "var": 502408.8125
    },
    "spectral_skewness": {
        "mean": 3.40984892845,
        "var": 4.18334341049
    },
    "spectral_spread": {
        "mean": 2632249.5,
        "var": 3.26693997773e+012
    },
    "spectral_strongpeak": {
        "mean": 1.12302446365,
        "var": 1.80285012722
    },
    "zerocrossingrate": {
        "mean": 0.0286127272993,
        "var": 0.000435279798694
    },
    "barkbands": {
        "mean": [4.19192983827e-005, 0.000905706256162, 0.00152671139222, 0.000861635548063, 0.00439740158617, 0.00179950450547, 0.000971656874754, 0.00537070911378, 0.000621863931883, 0.000979433651082, 0.000307688605972, 0.000412703840993, 0.000182762785698, 0.000197700923309, 0.000340572558343, 0.000115404458484, 0.000118985801237, 4.84646880068e-005, 5.74738369323e-005, 7.4251096521e-005, 5.53933241463e-005, 3.82635371352e-005, 2.54195128946e-005, 2.68380554189e-005, 2.01721868507e-005, 9.65910567174e-006, 2.15311457552e-009],
        "var": [2.54831693525e-008, 2.69688848675e-006, 4.97115524922e-006, 1.82596988907e-006, 2.86541871901e-005, 1.00851657407e-005, 6.09208200331e-006, 9.30266614887e-005, 1.86116915302e-006, 4.15597196479e-006, 2.21926393351e-006, 6.31118700767e-006, 2.71257874829e-007, 8.62377476096e-007, 2.72489774034e-006, 3.28647274728e-007, 9.67860174228e-008, 1.11310329842e-008, 1.81428561064e-008, 4.93551617353e-008, 5.56236194882e-008, 2.07481214431e-008, 1.30558799327e-008, 2.23284573053e-008, 1.35739881557e-008, 2.8417197484e-009, 1.11136294568e-016]
    },
    "erbbands": {
        "mean": [0.0138507438824, 0.265623182058, 1.67492079735, 2.113540411, 5.92556333542, 15.2571678162, 27.9317035675, 9.31047153473, 8.29816246033, 60.345500946, 101.92074585, 21.2793598175, 25.9614562988, 22.9730491638, 15.5728225708, 18.7753486633, 8.75769042969, 10.4190120697, 20.3821697235, 9.16550445557, 5.2823882103, 6.01367044449, 3.34264612198, 2.64702892303, 3.23890018463, 3.39175367355, 2.64732670784, 1.82729399204, 1.42193448544, 1.03728699684, 0.700474083424, 0.566099464893, 0.44637542963, 0.254275768995, 0.126008570194, 0.0602614432573, 0.0125849721953, 0.0010904087685, 3.24728571286e-005, 2.37365384237e-005],
        "var": [0.00190952012781, 0.182510316372, 6.51450252533, 7.70179605484, 73.8443374634, 509.586212158, 2093.98999023, 195.246582031, 225.14881897, 14667.2851563, 52737.5664063, 1458.67370605, 3446.10449219, 3663.55004883, 5014.85107422, 11738.2216797, 475.589385986, 1515.2442627, 9634.05078125, 1220.45898438, 206.555480957, 255.736618042, 44.4983863831, 39.5754051208, 62.9031715393, 104.89315033, 95.430809021, 71.7669525146, 34.4798202515, 14.63397789, 10.6351490021, 8.54517841339, 7.70998287201, 2.26868271828, 0.478377699852, 0.105420909822, 0.00488213729113, 4.68478756375e-005, 1.85818773701e-008, 6.54249154852e-010]
    },
    "gfcc": {
        "mean": [-129.741210938, 174.488418579, -114.256645203, 7.12739849091, -61.1484222412, -12.0982103348, -30.7582817078, -5.41710948944, -16.8158740997, -8.63449192047, -15.0565643311, -15.5921220779, -5.22036838531],
        "cov": [[19853.8359375, -6675.11132813, -1112.77197266, 2336.6418457, -1359.08410645, 2175.31445313, -1010.49761963, 1359.36682129, -1029.52941895, 952.433654785, -577.766235352, 788.210510254, -458.597198486], [-6675.11132813, 3054.09887695, 138.887161255, -1026.68737793, 600.104858398, -965.203308105, 463.625427246, -541.502868652, 455.96786499, -453.769317627, 243.696105957, -417.417877197, 190.200195313], [-1112.77197266, 138.887161255, 519.094543457, -27.8204917908, 11.1162538528, -15.6208028793, -9.4644947052, -28.8223438263, -16.9923343658, 18.2088165283, -1.06045615673, 27.9946727753, -24.2335777283], [2336.6418457, -1026.68737793, -27.8204917908, 619.461181641, -134.222808838, 355.46585083, -133.427230835, 184.726211548, -155.292388916, 153.49206543, -71.1466598511, 150.640457153, -64.7915725708], [-1359.08410645, 600.104858398, 11.1162538528, -134.222808838, 307.827056885, -171.90776062, 94.5877304077, -87.4561309814, 68.8583755493, -65.7335357666, 30.5399532318, -65.8895874023, 13.3207950592], [2175.31445313, -965.203308105, -15.6208028793, 355.46585083, -171.90776062, 466.69241333, -123.214942932, 169.496505737, -142.146972656, 155.474578857, -64.4588851929, 137.467910767, -61.1982078552], [-1010.49761963, 463.625427246, -9.4644947052, -133.427230835, 94.5877304077, -123.214942932, 158.002456665, -61.2799987793, 75.4987335205, -68.3214950562, 38.66771698, -63.6000556946, 25.7422351837], [1359.36682129, -541.502868652, -28.8223438263, 184.726211548, -87.4561309814, 169.496505737, -61.2799987793, 190.735046387, -69.7327804565, 76.8537139893, -53.9331207275, 60.2081108093, -58.8157653809], [-1029.52941895, 455.96786499, -16.9923343658, -155.292388916, 68.8583755493, -142.146972656, 75.4987335205, -69.7327804565, 136.587799072, -63.7972717285, 39.0658912659, -84.0469055176, 31.2524089813], [952.433654785, -453.769317627, 18.2088165283, 153.49206543, -65.7335357666, 155.474578857, -68.3214950562, 76.8537139893, -63.7972717285, 127.016525269, -31.7822418213, 67.6062164307, -38.3390579224], [-577.766235352, 243.696105957, -1.06045615673, -71.1466598511, 30.5399532318, -64.4588851929, 38.66771698, -53.9331207275, 39.0658912659, -31.7822418213, 82.6721801758, -14.3829612732, 23.6176643372], [788.210510254, -417.417877197, 27.9946727753, 150.640457153, -65.8895874023, 137.467910767, -63.6000556946, 60.2081108093, -84.0469055176, 67.6062164307, -14.3829612732, 128.123168945, -11.3578681946], [-458.597198486, 190.200195313, -24.2335777283, -64.7915725708, 13.3207950592, -61.1982078552, 25.7422351837, -58.8157653809, 31.2524089813, -38.3390579224, 23.6176643372, -11.3578681946, 85.5385665894]],
        "icov": [[0.000369999295799, -0.000137517228723, 0.000813657534309, -0.000349469395587, 0.00066369283013, -0.000401260622311, 0.00059499044437, -0.000892982585356, 0.000908535846975, -0.000560714281164, 0.00053684215527, -2.22934268095e-005, 0.000337310659233], [-0.000137517228723, 0.00684871058911, -0.00228056381457, 0.00259240786545, -0.00492417067289, 0.00299337785691, -0.00453523918986, 0.00434274971485, -0.00392608204857, 0.00538769643754, -0.00466007180512, 0.00448447279632, -0.00165756593924], [0.000813657534309, -0.00228056381457, 0.00447190925479, -0.00127202889416, 0.00282258656807, -0.00148724589963, 0.0025190312881, -0.00233439612202, 0.00310423132032, -0.00313994847238, 0.00274407863617, -0.00232056155801, 0.00226254644804], [-0.000349469395587, 0.00259240786545, -0.00127202889416, 0.00465731043369, -0.00262185651809, 3.38796526194e-005, -0.00172744248994, 0.0012383852154, -0.00140667916276, 0.00168554438278, -0.00185014959425, 0.000481041875901, -0.000822622969281], [0.00066369283013, -0.00492417067289, 0.00282258656807, -0.00262185651809, 0.00903923809528, -0.0015165527584, 0.00219826865941, -0.00317620532587, 0.00389429577626, -0.00462417677045, 0.00433691591024, -0.00306314881891, 0.0028834042605], [-0.000401260622311, 0.00299337785691, -0.00148724589963, 3.38796526194e-005, -0.0015165527584, 0.00732377823442, -0.00264803413302, 0.00151458533946, -0.00136584695429, 5.47752915736e-006, -0.00216057524085, 0.000637860619463, -0.000705928425305], [0.00059499044437, -0.00453523918986, 0.0025190312881, -0.00172744248994, 0.00219826865941, -0.00264803413302, 0.0143518997356, -0.00460861437023, 0.00128806300927, -0.00184679904487, 0.00159178383183, -0.00160657148808, 0.00100349937566], [-0.000892982585356, 0.00434274971485, -0.00233439612202, 0.0012383852154, -0.00317620532587, 0.00151458533946, -0.00460861437023, 0.0153350811452, -0.00467543583363, 0.00356327090412, -0.000549967517145, 0.00119684718084, 0.0029583000578], [0.000908535846975, -0.00392608204857, 0.00310423132032, -0.00140667916276, 0.00389429577626, -0.00136584695429, 0.00128806300927, -0.00467543583363, 0.0203948672861, -0.00490226130933, 0.000144970224937, 0.00480899354443, -0.000821511901449], [-0.000560714281164, 0.00538769643754, -0.00313994847238, 0.00168554438278, -0.00462417677045, 5.47752915736e-006, -0.00184679904487, 0.00356327090412, -0.00490226130933, 0.0212893094867, -0.00338403857313, 2.63947567873e-005, 0.00140201742761], [0.00053684215527, -0.00466007180512, 0.00274407863617, -0.00185014959425, 0.00433691591024, -0.00216057524085, 0.00159178383183, -0.000549967517145, 0.000144970224937, -0.00338403857313, 0.0206708330661, -0.00699273357168, 0.00133223412558], [-2.22934268095e-005, 0.00448447279632, -0.00232056155801, 0.000481041875901, -0.00306314881891, 0.000637860619463, -0.00160657148808, 0.00119684718084, 0.00480899354443, 2.63947567873e-005, -0.00699273357168, 0.020768802613, -0.00520103378221], [0.000337310659233, -0.00165756593924, 0.00226254644804, -0.000822622969281, 0.0028834042605, -0.000705928425305, 0.00100349937566, 0.0029583000578, -0.000821511901449, 0.00140201742761, 0.00133223412558, -0.00520103378221, 0.0178507845849]]
    },
    "melbands": {
        "mean": [0.000182274918188, 0.000696815084666, 0.000484171207063, 0.000706030055881, 0.000966797873843, 0.000226477350225, 0.000134408677695, 0.000783447583672, 0.000728705490474, 9.81651173788e-005, 0.000126746002934, 9.36401047511e-005, 4.36350528616e-005, 5.49839751329e-005, 2.78325151157e-005, 1.84568580153e-005, 1.83187421499e-005, 3.22327723552e-005, 1.91839371837e-005, 1.01016739791e-005, 5.55470569452e-006, 6.92037110639e-006, 4.27275290349e-006, 2.20213428292e-006, 2.11846031561e-006, 2.07886159842e-006, 2.64294089902e-006, 2.15437239603e-006, 1.71912483893e-006, 1.34555364184e-006, 9.66478182818e-007, 8.06413993359e-007, 7.09043320057e-007, 5.22335710684e-007, 4.0779889332e-007, 3.54069754849e-007, 3.41763609413e-007, 3.24815147223e-007, 2.62459082023e-007, 2.00034449449e-007],
        "var": [1.68808867329e-007, 1.04735636342e-006, 4.09815982039e-007, 9.96162384581e-007, 2.02210298994e-006, 1.24842060245e-007, 8.55960209378e-008, 2.060652605e-006, 2.91739274871e-006, 3.95550934229e-008, 8.44821883561e-008, 6.58018564081e-008, 5.37337285778e-008, 1.11983119666e-007, 9.99123273004e-009, 2.92198820695e-009, 6.53371179382e-009, 2.58527528274e-008, 8.91582363494e-009, 3.48359163738e-009, 1.47826612062e-010, 4.41074649027e-010, 9.80098155412e-011, 1.75636727384e-011, 3.20769417972e-011, 2.49444857131e-011, 5.18054106557e-011, 5.50713884218e-011, 4.24660098752e-011, 2.85207274464e-011, 2.49024221383e-011, 1.20864611722e-011, 6.32626026217e-012, 4.12082997933e-012, 3.41437143316e-012, 3.71167202876e-012, 3.18663346578e-012, 3.90343703541e-012, 3.71245482272e-012, 1.16759911201e-012]
    },
    "mfcc": {
        "mean": [-758.781005859, 182.995681763, 15.4206295013, 11.9124031067, -5.59681177139, -5.81995201111, -8.53470039368, -6.19251441956, -1.73102080822, 2.35234475136, -3.5406806469, -7.15466022491, -6.38695669174],
        "cov": [[15312.2460938, -3250.60009766, -2252.2487793, 1169.72766113, -298.278747559, 546.708496094, 326.816864014, 350.556182861, 149.405822754, -88.706741333, -32.9362106323, 555.299743652, 424.465698242], [-3250.60009766, 1470.91699219, 211.702102661, -320.779296875, 49.7564086914, -202.198257446, -105.06690979, -69.2689743042, -28.9770679474, 70.8266830444, 0.258381456137, -164.723236084, -99.2291641235], [-2252.2487793, 211.702102661, 765.302734375, -178.989318848, 25.9476776123, -50.6626968384, -31.2994060516, -56.1428451538, -33.3479995728, -11.8164978027, 15.9000015259, -54.216091156, -75.0072555542], [1169.72766113, -320.779296875, -178.989318848, 330.40057373, 28.3368434906, 64.2586517334, 58.5321998596, 40.3164710999, 19.3013324738, -34.1374282837, -5.45857858658, 80.4397201538, 47.1797065735], [-298.278747559, 49.7564086914, 25.9476776123, 28.3368434906, 147.402740479, 25.8186531067, 18.381685257, 3.79459047318, 6.52279043198, 1.73234593868, 9.52733325958, -3.22401809692, -10.9382162094], [546.708496094, -202.198257446, -50.6626968384, 64.2586517334, 25.8186531067, 151.809829712, 56.1878700256, 17.60572052, 10.1789045334, -18.6528491974, 0.798918902874, 40.2810058594, 32.8300437927], [326.816864014, -105.06690979, -31.2994060516, 58.5321998596, 18.381685257, 56.1878700256, 98.2799530029, 37.6278343201, 7.16139173508, -8.46873188019, 0.258943468332, 35.7797966003, 27.5094032288], [350.556182861, -69.2689743042, -56.1428451538, 40.3164710999, 3.79459047318, 17.60572052, 37.6278343201, 79.9322433472, 19.8914661407, -4.48449754715, 3.64528250694, 22.1259460449, 18.188583374], [149.405822754, -28.9770679474, -33.3479995728, 19.3013324738, 6.52279043198, 10.1789045334, 7.16139173508, 19.8914661407, 68.7987976074, 23.7890930176, -0.890409648418, 1.0643966198, -5.63007164001], [-88.706741333, 70.8266830444, -11.8164978027, -34.1374282837, 1.73234593868, -18.6528491974, -8.46873188019, -4.48449754715, 23.7890930176, 77.1149749756, 24.9113559723, -21.1906471252, -20.7764663696], [-32.9362106323, 0.258381456137, 15.9000015259, -5.45857858658, 9.52733325958, 0.798918902874, 0.258943468332, 3.64528250694, -0.890409648418, 24.9113559723, 65.4535369873, 8.51111602783, -10.49568367], [555.299743652, -164.723236084, -54.216091156, 80.4397201538, -3.22401809692, 40.2810058594, 35.7797966003, 22.1259460449, 1.0643966198, -21.1906471252, 8.51111602783, 101.175758362, 47.4686164856], [424.465698242, -99.2291641235, -75.0072555542, 47.1797065735, -10.9382162094, 32.8300437927, 27.5094032288, 18.188583374, -5.63007164001, -20.7764663696, -10.49568367, 47.4686164856, 82.4218444824]],
        "icov": [[0.000305976660457, 0.000466077326564, 0.000652801536489, -0.000194283988094, 0.000405668251915, -0.000182513846084, 5.24541319464e-005, -0.000334614451276, 8.75693294802e-005, -0.000277764891507, 9.63896382018e-005, -0.000355736672645, 2.66365332209e-005], [0.000466077326564, 0.00181381241418, 0.00100300344639, 0.000409380474593, -8.01121132099e-005, 0.000779661117122, 1.0601824215e-005, -0.000349101406755, 0.000394229515223, -0.000808062730357, 0.000325708009768, 0.000176524161361, -2.27757573157e-005], [0.000652801536489, 0.00100300344639, 0.00311682745814, 0.000470474536996, 0.000491851766128, -7.80316986493e-005, -0.00047262001317, 0.000112758956675, 0.000287952192593, 0.000557350169402, -0.000348825735273, -0.000927676446736, 0.00129202159587], [-0.000194283988094, 0.000409380474593, 0.000470474536996, 0.00522093847394, -0.00157587218564, 0.000583238492254, -0.00117498263717, 0.000210630882066, -0.00106323813088, 0.00172284233849, 4.69023943879e-005, -0.00183311465662, 0.000260600849288], [0.000405668251915, -8.01121132099e-005, 0.000491851766128, -0.00157587218564, 0.00852855946869, -0.00206576404162, -0.000998759642243, -0.000373855553335, -0.000422303797677, -4.7585755965e-005, -0.00104795210063, 0.00018242605438, 0.00125520979054], [-0.000182513846084, 0.000779661117122, -7.80316986493e-005, 0.000583238492254, -0.00206576404162, 0.0105520999059, -0.00458118971437, 0.00204074406065, -0.00177235633601, 0.00193693581969, -0.000971948320512, -4.46711128461e-005, -0.00165568606462], [5.24541319464e-005, 1.0601824215e-005, -0.00047262001317, -0.00117498263717, -0.000998759642243, -0.00458118971437, 0.016734207049, -0.00639782007784, 0.00152317865286, -0.00208360189572, 0.0013969297288, -0.00219390518032, -0.00147586187813], [-0.000334614451276, -0.000349101406755, 0.000112758956675, 0.000210630882066, -0.000373855553335, 0.00204074406065, -0.00639782007784, 0.0181761160493, -0.00553362350911, 0.00314269820228, -0.00269296485931, 0.000295504287351, -0.00155207980424], [8.75693294802e-005, 0.000394229515223, 0.000287952192593, -0.00106323813088, -0.000422303797677, -0.00177235633601, 0.00152317865286, -0.00553362350911, 0.0198646262288, -0.00834006164223, 0.00427335919812, -0.0010348650394, 0.00265175686218], [-0.000277764891507, -0.000808062730357, 0.000557350169402, 0.00172284233849, -4.7585755965e-005, 0.00193693581969, -0.00208360189572, 0.00314269820228, -0.00834006164223, 0.0212180279195, -0.0087533891201, 0.00320329261012, 0.00102205225267], [9.63896382018e-005, 0.000325708009768, -0.000348825735273, 4.69023943879e-005, -0.00104795210063, -0.000971948320512, 0.0013969297288, -0.00269296485931, 0.00427335919812, -0.0087533891201, 0.0203189663589, -0.00499282265082, 0.00347584905103], [-0.000355736672645, 0.000176524161361, -0.000927676446736, -0.00183311465662, 0.00018242605438, -4.46711128461e-005, -0.00219390518032, 0.000295504287351, -0.0010348650394, 0.00320329261012, -0.00499282265082, 0.0184779241681, -0.00758221326396], [2.66365332209e-005, -2.27757573157e-005, 0.00129202159587, 0.000260600849288, 0.00125520979054, -0.00165568606462, -0.00147586187813, -0.00155207980424, 0.00265175686218, 0.00102205225267, 0.00347584905103, -0.00758221326396, 0.019904050976]]
    },
    "spectral_contrast_coeffs": {
        "mean": [-0.582230806351, -0.660114467144, -0.739191770554, -0.78160572052, -0.798386693001, -0.777647912502],
        "var": [0.0053042829968, 0.00682246033102, 0.00442434893921, 0.00249591097236, 0.00228568864986, 0.00161170598585]
    },
    "spectral_contrast_valleys": {
        "mean": [-7.85346031189, -7.18648815155, -8.20414543152, -8.95634174347, -9.41757392883, -12.5245332718],
        "var": [1.1023042202, 0.976819038391, 1.25820732117, 1.87797522545, 2.90698027611, 4.51966953278]
    }
},
"metadata": {
    "audio_properties": {
        "analysis_sample_rate": 44100,
        "bit_rate": 128074,
        "equal_loudness": 0,
        "length": 45.0612258911,
        "lossless": 0,
        "replay_gain": -5.40188217163,
        "sample_rate": 44100,
        "codec": "mp3",
        "downmix": "mix",
        "md5_encoded": "338aa228be2165ea215c927124c1d507"
    },
    "tags": {
        "file_name": "1692.mp3"
    },
    "version": {
        "essentia": "2.1-beta2",
        "essentia_git_sha": "v2.1_beta2",
        "extractor": "music 1.0"
    }
},
"rhythm": {
    "beats_count": 95,
    "beats_loudness": {
        "mean": 0.0246560052037,
        "var": 0.000487763289129
    },
    "bpm": 126.930168152,
    "bpm_histogram_first_peak_bpm": {
        "mean": 126,
        "var": 0
    },
    "bpm_histogram_first_peak_spread": {
        "mean": 0.494505465031,
        "var": 0
    },
    "bpm_histogram_first_peak_weight": {
        "mean": 0.489361703396,
        "var": 0
    },
    "bpm_histogram_second_peak_bpm": {
        "mean": 133,
        "var": 0
    },
    "bpm_histogram_second_peak_spread": {
        "mean": 0.333333343267,
        "var": 0
    },
    "bpm_histogram_second_peak_weight": {
        "mean": 0.021276595071,
        "var": 0
    },
    "danceability": 0.877119779587,
    "onset_rate": 3.68221664429,
    "beats_loudness_band_ratio": {
        "mean": [0.299999803305, 0.396388560534, 0.272533386946, 0.065024331212, 0.0233240853995, 0.0156889297068],
        "var": [0.0415416993201, 0.0383917018771, 0.0267627146095, 0.00755364540964, 0.000806826516055, 0.000524904346094]
    },
    "beats_position": [0.417959183455, 0.859138309956, 1.31192743778, 1.78793644905, 2.2523355484, 2.72834467888, 3.20435357094, 3.66875267029, 4.14476203918, 4.62077093124, 5.08516979218, 5.56117916107, 6.03718805313, 6.51319694519, 6.98920631409, 7.45360517502, 7.91800451279, 8.39401340485, 8.87002277374, 9.34603118896, 9.81043052673, 10.2748298645, 10.7276191711, 11.1920175552, 11.656416893, 12.1324262619, 12.6084346771, 13.084444046, 13.5604534149, 14.0248527527, 14.5008611679, 14.9652605057, 15.4412698746, 15.9056682587, 16.3700675964, 16.8344669342, 17.298866272, 17.7632656097, 18.2276649475, 18.6920623779, 19.1564617157, 19.6208610535, 20.0852603912, 20.549659729, 21.0140590668, 21.4900684357, 21.9660758972, 22.430475235, 22.8948745728, 23.3592739105, 23.8352832794, 24.3112926483, 24.7756919861, 25.2400894165, 25.7044887543, 26.1921081543, 26.6681175232, 27.1441268921, 27.6317462921, 28.1077537537, 28.5837631226, 29.0597724915, 29.5241718292, 30.0001811981, 30.4645805359, 30.9405899048, 31.4165973663, 31.8926067352, 32.3686180115, 32.8562355042, 33.3438529968, 33.8198623657, 34.2958717346, 34.7718811035, 35.2478904724, 35.7122879028, 36.1766891479, 36.6643066406, 37.1403160095, 37.6279373169, 38.1039466858, 38.57995224, 39.0559616089, 39.5319709778, 40.0079803467, 40.4723815918, 40.9367790222, 41.4127883911, 41.88879776, 42.3764152527, 42.8640365601, 43.340045929, 43.8160552979, 44.3036727905, 44.7912902832]
},
"tonal": {
    "chords_changes_rate": 0.0637860074639,
    "chords_number_rate": 0.0164609048516,
    "chords_strength": {
        "mean": 0.454166471958,
        "var": 0.0111267212778
    },
    "hpcp_entropy": {
        "mean": 1.28643000126,
        "var": 0.702319920063
    },
    "key_strength": 0.505257964134,
    "tuning_diatonic_strength": 0.357468694448,
    "tuning_equal_tempered_deviation": 0.0213290993124,
    "tuning_frequency": 440.508636475,
    "tuning_nontempered_energy_ratio": 0.660995006561,
    "hpcp": {
        "mean": [0.0746683329344, 0.0683879032731, 0.0818481370807, 0.0951996967196, 0.0589697398245, 0.0273972302675, 0.0367314144969, 0.0885085016489, 0.277430862188, 0.348997294903, 0.170111730695, 0.12754778564, 0.215538531542, 0.169902488589, 0.181855589151, 0.250445187092, 0.157426059246, 0.0847976729274, 0.0875182673335, 0.0477744787931, 0.0136548597366, 0.0154301831499, 0.0356011912227, 0.135360687971, 0.190752461553, 0.10153529048, 0.0325303673744, 0.0233597848564, 0.0230081863701, 0.0634921789169, 0.0999382957816, 0.0845821127295, 0.159435093403, 0.254717648029, 0.177224397659, 0.0868069306016],
        "var": [0.029352189973, 0.0310156289488, 0.0334893353283, 0.0415207520127, 0.0200023371726, 0.00930240750313, 0.0186093505472, 0.0370838493109, 0.11385384202, 0.154330313206, 0.0536794736981, 0.0474798642099, 0.14634694159, 0.070014744997, 0.0828996375203, 0.124097913504, 0.0636638849974, 0.0272090397775, 0.0389733575284, 0.0121371056885, 0.00177862145938, 0.0021343792323, 0.00637441966683, 0.0394397713244, 0.067857734859, 0.025555357337, 0.0072372732684, 0.00496725132689, 0.00541335903108, 0.019703483209, 0.0342443585396, 0.0248750094324, 0.0506933964789, 0.10828346014, 0.0645061656833, 0.0348761603236]
    },
    "chords_histogram": [22.9423866272, 15.4320983887, 4.21810722351, 0, 1.85185182095, 1.23456788063, 16.0493831635, 6.17283964157, 0, 0, 1.02880656719, 6.58436203003, 1.95473253727, 0, 1.74897122383, 2.36625504494, 1.02880656719, 0, 0, 0, 0, 8.02469158173, 4.73251008987, 4.62962961197],
    "thpcp": [1, 0.487429946661, 0.365469276905, 0.617593705654, 0.486830383539, 0.521080195904, 0.717613577843, 0.451081037521, 0.24297516048, 0.250770628452, 0.136890679598, 0.0391259752214, 0.0442129001021, 0.102009937167, 0.38785597682, 0.54657292366, 0.290934324265, 0.0932109430432, 0.0669339969754, 0.0659265443683, 0.181927427649, 0.286358356476, 0.242357507348, 0.456837624311, 0.729855656624, 0.507810235023, 0.24873238802, 0.213951036334, 0.195955395699, 0.234523698688, 0.272780627012, 0.16896905005, 0.0785026997328, 0.105248421431, 0.253607988358, 0.79493701458],
    "chords_key": "F",
    "chords_scale": "minor",
    "key_key": "F",
    "key_scale": "minor"
}
}