{
"lowlevel": {
    "average_loudness": 0.859107732773,
    "barkbands_crest": {
        "mean": 10.6494607925,
        "var": 11.7176380157
    },
    "barkbands_flatness_db": {
        "mean": 0.258960902691,
        "var": 0.00326654571109
    },
    "barkbands_kurtosis": {
        "mean": 5.88287973404,
        "var": 32.2065811157
    },
    "barkbands_skewness": {
        "mean": 1.81610155106,
        "var": 0.61998039484
    },
    "barkbands_spread": {
        "mean": 6.96221113205,
        "var": 22.4324855804
    },
    "dissonance": {
        "mean": 0.425650984049,
        "var": 0.00176746188663
    },
    "dynamic_complexity": 2.51694846153,
    "erbbands_crest": {
        "mean": 10.3661603928,
        "var": 19.8502254486
    },
    "erbbands_flatness_db": {
        "mean": 0.251485437155,
        "var": 0.00294348970056
    },
    "erbbands_kurtosis": {
        "mean": 0.921890079975,
        "var": 4.86389780045
    },
    "erbbands_skewness": {
        "mean": 0.788805425167,
        "var": 0.457870125771
    },
    "erbbands_spread": {
        "mean": 21.8966846466,
        "var": 120.84236908
    },
    "hfc": {
        "mean": 11.0383777618,
        "var": 94.3009719849
    },
    "melbands_crest": {
        "mean": 14.8283252716,
        "var": 22.8430156708
    },
    "melbands_flatness_db": {
        "mean": 0.355417311192,
        "var": 0.00432124966756
    },
    "melbands_kurtosis": {
        "mean": 10.1060733795,
        "var": 125.833259583
    },
    "melbands_skewness": {
        "mean": 2.2591984272,
        "var": 1.13086783886
    },
    "melbands_spread": {
        "mean": 7.74675750732,
        "var": 28.8236522675
    },
    "pitch_salience": {
        "mean": 0.553738296032,
        "var": 0.0101751722395
    },
    "silence_rate_20dB": {
        "mean": 1,
        "var": 0
    },
    "silence_rate_30dB": {
        "mean": 0.975798130035,
        "var": 0.02361622639
    },
    "silence_rate_60dB": {
        "mean": 0.00154479919001,
        "var": 0.00154241069686
    },
    "spectral_centroid": {
        "mean": 475.319091797,
        "var": 54965.6679688
    },
    "spectral_complexity": {
        "mean": 13.0298662186,
        "var": 26.0773582458
    },
    "spectral_decrease": {
        "mean": -8.60500115607e-009,
        "var": 4.46817655174e-017
    },
    "spectral_energy": {
        "mean": 0.0334783867002,
        "var": 0.00067484396277
    },
    "spectral_energyband_high": {
        "mean": 6.14733507973e-005,
        "var": 1.01754906723e-007
    },
    "spectral_energyband_low": {
        "mean": 0.0145287243649,
        "var": 0.000225768424571
    },
    "spectral_energyband_middle_high": {
        "mean": 0.00255922949873,
        "var": 1.13476871775e-005
    },
    "spectral_energyband_middle_low": {
        "mean": 0.0192459244281,
        "var": 0.000246342155151
    },
    "spectral_entropy": {
        "mean": 6.45239973068,
        "var": 0.227453187108
    },
    "spectral_flux": {
        "mean": 0.0726344138384,
        "var": 0.00126345618628
    },
    "spectral_kurtosis": {
        "mean": 28.5676841736,
        "var": 636.844787598
    },
    "spectral_rms": {
        "mean": 0.00535110849887,
        "var": 4.02748446504e-006
    },
    "spectral_rolloff": {
        "mean": 505.842254639,
        "var": 287052.0625
    },
    "spectral_skewness": {
        "mean": 3.55042624474,
        "var": 2.08579993248
    },
    "spectral_spread": {
        "mean": 1998410.75,
        "var": 2.32325958861e+012
    },
    "spectral_strongpeak": {
        "mean": 0.704498589039,
        "var": 0.377954512835
    },
    "zerocrossingrate": {
        "mean": 0.0218321047723,
        "var": 0.000195000335225
    },
    "barkbands": {
        "mean": [3.732064215e-005, 0.00214160955511, 0.00945765338838, 0.00396048976108, 0.00507350033149, 0.00679306080565, 0.0016983023379, 0.0010499979835, 0.000604368338827, 0.000481232942548, 0.000809440214653, 0.000610796269029, 0.000108206942969, 9.5439114375e-005, 0.000149071827764, 0.000213082035771, 3.97597505071e-005, 5.07614458911e-005, 2.81895845546e-005, 2.44560942519e-005, 1.3110290638e-005, 7.54497341404e-006, 4.00342651119e-006, 6.4907981141e-006, 1.29694317366e-005, 7.27961833036e-006, 3.48346844703e-007],
        "var": [1.28169661551e-008, 9.55683481152e-006, 0.000121872813907, 2.41116176767e-005, 5.32579324499e-005, 3.22403720929e-005, 5.65915024708e-006, 1.73545981852e-006, 4.89023591399e-007, 6.72711166771e-007, 5.42162069905e-006, 1.1453253137e-006, 2.2986123227e-008, 2.58939749642e-008, 3.15115272542e-007, 1.60297389584e-007, 6.28005825121e-009, 2.12392770038e-008, 4.60330218388e-009, 1.01713393263e-008, 2.71612843328e-009, 2.55884069489e-009, 4.11431166913e-010, 2.07389905249e-009, 1.07293622875e-008, 4.09449762984e-009, 2.19553958347e-011]
    },
    "erbbands": {
        "mean": [0.0240519139916, 0.774029254913, 8.73655700684, 14.6725883484, 12.7988100052, 15.7357234955, 28.8085136414, 66.4501953125, 34.6718025208, 25.5551071167, 20.2014064789, 13.6241569519, 13.2279491425, 22.8312740326, 32.2467536926, 20.7841949463, 6.75061702728, 5.65332698822, 4.66814374924, 13.7883338928, 7.3197889328, 2.49794268608, 2.45655894279, 2.53077363968, 1.12352716923, 1.18558454514, 0.754839479923, 0.356510043144, 0.305279821157, 0.142976000905, 0.143099054694, 0.119717992842, 0.123601138592, 0.116480596364, 0.104067802429, 0.0496592372656, 0.00838052202016, 0.00142067030538, 5.76850943617e-005, 3.84898303309e-005],
        "var": [0.00282729323953, 1.08828628063, 118.826690674, 259.660095215, 522.994384766, 551.731445313, 648.02331543, 3962.26123047, 1176.45776367, 2115.33959961, 589.999023438, 206.625534058, 293.500183105, 1614.72143555, 5587.23535156, 1039.17553711, 111.606170654, 77.1865692139, 125.64151001, 1193.96655273, 157.640319824, 24.3218536377, 58.9509544373, 41.7353477478, 5.92449474335, 25.0128650665, 9.5183839798, 2.60561609268, 6.82848834991, 0.462964683771, 0.549122273922, 0.686605334282, 0.727223038673, 0.703808903694, 0.830960273743, 0.202714651823, 0.00479405513033, 0.000180109709618, 2.02066573252e-007, 1.05264763572e-009]
    },
    "gfcc": {
        "mean": [-84.2378311157, 193.829650879, -110.84147644, 5.87793779373, -41.0985984802, -9.54774856567, -35.6384925842, -6.15577459335, -21.0156040192, -9.42971420288, -7.04050827026, -9.82050132751, -1.8476074934],
        "cov": [[4213.41455078, -1219.02038574, -215.894561768, 410.840423584, -90.2100524902, 343.909210205, -224.240356445, 220.609420776, -290.917785645, 167.11505127, -192.574859619, 174.893798828, -112.418991089], [-1219.02038574, 1427.46459961, -56.1857910156, -475.686340332, 229.041305542, -309.134490967, 229.590484619, -216.709060669, 168.063064575, -240.872650146, 140.781677246, -165.757049561, 100.491706848], [-215.894561768, -56.1857910156, 345.51461792, -10.5990982056, -42.3732452393, 77.8811721802, 35.2028999329, 25.7488307953, -12.5205430984, 24.760931015, -8.84378528595, 17.6725101471, -15.3628511429], [410.840423584, -475.686340332, -10.5990982056, 302.494384766, -58.0587348938, 105.307266235, -63.0816802979, 75.220085144, -21.4752960205, 78.306602478, -33.1588478088, 38.3976821899, -26.9843883514], [-90.2100524902, 229.041305542, -42.3732452393, -58.0587348938, 165.482284546, -25.7132415771, 32.90990448, -21.0229434967, 25.507522583, -45.2922859192, 5.79965305328, -38.0464668274, 6.99424982071], [343.909210205, -309.134490967, 77.8811721802, 105.307266235, -25.7132415771, 161.139511108, -22.8824729919, 57.5531044006, -33.5889701843, 53.2646331787, -35.1541366577, 46.4317207336, -21.3947601318], [-224.240356445, 229.590484619, 35.2028999329, -63.0816802979, 32.90990448, -22.8824729919, 123.477119446, -16.355255127, 25.1845855713, -34.3180999756, 27.8359680176, -14.0740003586, 11.5363025665], [220.609420776, -216.709060669, 25.7488307953, 75.220085144, -21.0229434967, 57.5531044006, -16.355255127, 83.9238891602, -13.9931182861, 44.9386978149, -24.6420936584, 23.9128704071, -20.5094451904], [-290.917785645, 168.063064575, -12.5205430984, -21.4752960205, 25.507522583, -33.5889701843, 25.1845855713, -13.9931182861, 84.6419677734, -8.1718082428, 23.4043540955, -21.3179473877, 15.6444721222], [167.11505127, -240.872650146, 24.760931015, 78.306602478, -45.2922859192, 53.2646331787, -34.3180999756, 44.9386978149, -8.1718082428, 91.1513671875, -11.7479782104, 35.3870887756, -16.0676193237], [-192.574859619, 140.781677246, -8.84378528595, -33.1588478088, 5.79965305328, -35.1541366577, 27.8359680176, -24.6420936584, 23.4043540955, -11.7479782104, 78.9254608154, -1.52592658997, 2.96876525879], [174.893798828, -165.757049561, 17.6725101471, 38.3976821899, -38.0464668274, 46.4317207336, -14.0740003586, 23.9128704071, -21.3179473877, 35.3870887756, -1.52592658997, 68.9271621704, 1.34975767136], [-112.418991089, 100.491706848, -15.3628511429, -26.9843883514, 6.99424982071, -21.3947601318, 11.5363025665, -20.5094451904, 15.6444721222, -16.0676193237, 2.96876525879, 1.34975767136, 61.943107605]],
        "icov": [[0.000497914035805, -0.000629253569059, 0.000580478459597, -0.000542506400961, 0.000137625887874, -0.000830202421639, 0.000552499550395, -0.000789564684965, 0.00166058260947, -0.000425363075919, 0.00075744400965, -0.000864659086801, 0.000618331134319], [-0.000629253569059, 0.0105994660407, -0.0015401855344, 0.00714990030974, -0.00432379869744, 0.00525205256417, -0.00713674584404, 0.00649501057342, -0.00985646247864, 0.00689424714074, -0.00611608941108, 0.00724572082981, -0.00541020696983], [0.000580478459597, -0.0015401855344, 0.0045639607124, -9.79874894256e-005, 0.00175721384585, -0.0037692154292, -0.000302588829072, -0.00158753839787, 0.00250023161061, -0.00159136077855, 0.00138574105222, -0.000704249541741, 0.00157654029317], [-0.000542506400961, 0.00714990030974, -9.79874894256e-005, 0.0105348564684, -0.0017927470617, 0.000868723262101, -0.00364795606583, 0.00214916141704, -0.00752945663407, 0.00296874996275, -0.00427252519876, 0.00578052131459, -0.00337500637397], [0.000137625887874, -0.00432379869744, 0.00175721384585, -0.0017927470617, 0.0100282458588, -0.0039580995217, 0.00176099664532, -0.00311445794068, 0.00210529030301, -0.000278016552329, 0.00265037408099, 0.000249817123404, 0.00232430570759], [-0.000830202421639, 0.00525205256417, -0.0037692154292, 0.000868723262101, -0.0039580995217, 0.0161658711731, -0.00400551920757, 0.00137110368814, -0.00430544512346, 0.00187544815708, -0.000525996438228, -0.00142138311639, -0.00172308669426], [0.000552499550395, -0.00713674584404, -0.000302588829072, -0.00364795606583, 0.00176099664532, -0.00400551920757, 0.0161154959351, -0.00622917385772, 0.00489118648693, -0.0011930706678, 0.00113546603825, -0.00523686036468, 0.00278533576056], [-0.000789564684965, 0.00649501057342, -0.00158753839787, 0.00214916141704, -0.00311445794068, 0.00137110368814, -0.00622917385772, 0.0254104044288, -0.00735608534887, -0.00164006242994, 0.000159392235219, 0.00266603380442, 0.000338037207257], [0.00166058260947, -0.00985646247864, 0.00250023161061, -0.00752945663407, 0.00210529030301, -0.00430544512346, 0.00489118648693, -0.00735608534887, 0.0277322418988, -0.00995987281203, 0.00283018825576, -0.00302841607481, 0.0016155152116], [-0.000425363075919, 0.00689424714074, -0.00159136077855, 0.00296874996275, -0.000278016552329, 0.00187544815708, -0.0011930706678, -0.00164006242994, -0.00995987281203, 0.0256390012801, -0.00470305373892, -0.00100092077628, -0.00128646148369], [0.00075744400965, -0.00611608941108, 0.00138574105222, -0.00427252519876, 0.00265037408099, -0.000525996438228, 0.00113546603825, 0.000159392235219, 0.00283018825576, -0.00470305373892, 0.0210549440235, -0.00898049399257, 0.00639158207923], [-0.000864659086801, 0.00724572082981, -0.000704249541741, 0.00578052131459, 0.000249817123404, -0.00142138311639, -0.00523686036468, 0.00266603380442, -0.00302841607481, -0.00100092077628, -0.00898049399257, 0.0297497883439, -0.00935434922576], [0.000618331134319, -0.00541020696983, 0.00157654029317, -0.00337500637397, 0.00232430570759, -0.00172308669426, 0.00278533576056, 0.000338037207257, 0.0016155152116, -0.00128646148369, 0.00639158207923, -0.00935434922576, 0.022855265066]]
    },
    "melbands": {
        "mean": [0.00038304424379, 0.00336851901375, 0.00240524183027, 0.00107392366044, 0.000913048745133, 0.00140910129994, 0.000513497856446, 0.000279306084849, 0.000144436169649, 8.31813231343e-005, 6.63354367134e-005, 9.03897016542e-005, 0.000123556950712, 7.01192548149e-005, 3.03246979456e-005, 1.18884536278e-005, 9.88464307738e-006, 5.96917834628e-006, 1.37156539495e-005, 1.95506854652e-005, 6.11228915659e-006, 2.39216228692e-006, 2.01978627956e-006, 2.44240186476e-006, 2.08544315683e-006, 7.7098991369e-007, 9.01013891053e-007, 7.11174891421e-007, 5.02113834955e-007, 2.921474902e-007, 1.70105948882e-007, 1.64560802318e-007, 1.51542550952e-007, 4.9920878098e-008, 9.73890124101e-008, 5.77174361638e-008, 7.29773432795e-008, 8.49013517268e-008, 8.54182218291e-008, 9.08658464027e-008],
        "var": [3.57559571285e-007, 1.68678961927e-005, 6.91450850354e-006, 3.17564376928e-006, 6.89932505793e-007, 1.63193533353e-006, 2.73079280078e-007, 1.95744476628e-007, 2.90193966634e-008, 8.47669490156e-009, 8.04466004922e-009, 2.45307223423e-008, 1.16052461863e-007, 1.64650035828e-008, 3.44616801762e-009, 2.89129858944e-010, 2.66908606328e-010, 1.16051113164e-010, 3.02118396966e-009, 1.47760725877e-009, 1.09727074649e-010, 2.38661816004e-011, 3.24183041522e-011, 5.67480680502e-011, 2.98636636253e-011, 2.29172670424e-012, 9.02305834216e-012, 1.11067145064e-011, 4.34426149568e-012, 1.43636014541e-012, 6.87210488168e-013, 2.60754460558e-012, 6.41678171102e-013, 6.89419495884e-014, 2.70284662707e-013, 1.0904477191e-013, 2.87517270192e-013, 3.84933079335e-013, 3.29516199483e-013, 4.43025743044e-013]
    },
    "mfcc": {
        "mean": [-732.742980957, 227.167510986, -5.74235343933, 20.5091838837, 7.80769014359, -3.54688239098, -1.92348051071, -5.04435920715, -5.41391801834, -4.4219660759, -10.3861522675, -2.39976286888, 5.56664180756],
        "cov": [[3437.27685547, -1012.90368652, -367.643218994, 226.9375, 48.1570930481, 116.542854309, 110.325866699, 33.6603813171, 54.8566093445, -75.3868942261, 3.65564036369, -30.7680664063, -4.46835803986], [-1012.90368652, 1399.83557129, -152.028915405, -167.418106079, -32.183139801, -96.5554122925, -7.11792755127, 16.0060977936, -38.494392395, 5.671189785, -57.1559410095, -42.7390213013, -38.1817893982], [-367.643218994, -152.028915405, 426.692230225, -62.5345344543, -14.8423910141, 35.2164344788, 18.9721050262, 13.6502199173, 19.3679962158, 19.179265976, 31.0481796265, 23.5804595947, 4.4837346077], [226.9375, -167.418106079, -62.5345344543, 135.963317871, 7.13389205933, 9.26241588593, 2.57733178139, 0.824874579906, 3.62328100204, 8.02756118774, 1.65086090565, 7.28505563736, 9.56688499451], [48.1570930481, -32.183139801, -14.8423910141, 7.13389205933, 117.792312622, 24.1455307007, 1.38139295578, 7.64230060577, 3.15217924118, 18.5018138885, 13.0724239349, 4.9180893898, -18.8386154175], [116.542854309, -96.5554122925, 35.2164344788, 9.26241588593, 24.1455307007, 90.7883377075, 17.8232536316, 20.4605674744, 20.0346832275, 4.00800085068, 11.8168096542, -3.36107420921, -7.1371846199], [110.325866699, -7.11792755127, 18.9721050262, 2.57733178139, 1.38139295578, 17.8232536316, 78.3511352539, 27.324426651, 4.14204931259, -3.85169529915, -2.09112119675, 0.254842013121, -2.76838111877], [33.6603813171, 16.0060977936, 13.6502199173, 0.824874579906, 7.64230060577, 20.4605674744, 27.324426651, 65.4136962891, 13.7623596191, 2.10479807854, 6.64684247971, 2.46132397652, -0.650949597359], [54.8566093445, -38.494392395, 19.3679962158, 3.62328100204, 3.15217924118, 20.0346832275, 4.14204931259, 13.7623596191, 67.1385345459, 12.3442173004, 1.61334979534, -10.9061336517, -9.44846534729], [-75.3868942261, 5.671189785, 19.179265976, 8.02756118774, 18.5018138885, 4.00800085068, -3.85169529915, 2.10479807854, 12.3442173004, 58.9043769836, 10.2829971313, -5.63062000275, -6.57023382187], [3.65564036369, -57.1559410095, 31.0481796265, 1.65086090565, 13.0724239349, 11.8168096542, -2.09112119675, 6.64684247971, 1.61334979534, 10.2829971313, 66.7351837158, 35.1877632141, -2.59196209908], [-30.7680664063, -42.7390213013, 23.5804595947, 7.28505563736, 4.9180893898, -3.36107420921, 0.254842013121, 2.46132397652, -10.9061336517, -5.63062000275, 35.1877632141, 86.1648254395, 16.9072132111], [-4.46835803986, -38.1817893982, 4.4837346077, 9.56688499451, -18.8386154175, -7.1371846199, -2.76838111877, -0.650949597359, -9.44846534729, -6.57023382187, -2.59196209908, 16.9072132111, 62.2207069397]],
        "icov": [[0.000546339724679, 0.000430004816735, 0.00064665696118, -0.000101911165984, -7.37730078981e-006, -0.000237413783907, -0.000758554902859, -8.04230512585e-005, -0.000281705200905, 0.000559548672754, -0.000147511833347, 0.000268352567218, 0.000145363330375], [0.000430004816735, 0.00141938147135, 0.00104643555824, 0.00142043933738, 0.000293268880341, 0.000580894644372, -0.00059819460148, -0.000876480306033, 0.000280915846815, -0.000329899019562, 0.000590919400565, 0.000113408277684, 0.000729337742086], [0.00064665696118, 0.00104643555824, 0.00393446208909, 0.00217876303941, 0.000913323950954, -0.0010940869106, -0.00151957198977, -0.000326163572026, -0.00061864592135, -0.000958824355621, -0.000592821452301, -0.000504019088112, 6.71358284308e-005], [-0.000101911165984, 0.00142043933738, 0.00217876303941, 0.010566865094, 0.000456327135907, -0.000312886520987, -0.000459713832242, -0.000647119304631, 0.000135190522997, -0.00297042378224, 0.0010825478239, -0.00131515075918, -0.000733027351089], [-7.37730078981e-006, 0.000293268880341, 0.000913323950954, 0.000456327135907, 0.0103211645037, -0.00258290185593, 0.000375019357307, -0.000839658721816, 0.00116131198592, -0.00338339502923, -0.000329351460095, -0.00135125801899, 0.00305256131105], [-0.000237413783907, 0.000580894644372, -0.0010940869106, -0.000312886520987, -0.00258290185593, 0.0148934070021, -0.00153955398127, -0.00286598876119, -0.0025575873442, 0.000914848700631, -0.00184948102105, 0.0017469326267, 0.000450728635769], [-0.000758554902859, -0.00059819460148, -0.00151957198977, -0.000459713832242, 0.000375019357307, -0.00153955398127, 0.016671333462, -0.00610749842599, 0.00128174619749, 0.000341960869264, 0.0019941192586, -0.000880746287294, 0.000926578883082], [-8.04230512585e-005, -0.000876480306033, -0.000326163572026, -0.000647119304631, -0.000839658721816, -0.00286598876119, -0.00610749842599, 0.0200721789151, -0.00343035673723, 0.00039471036871, -0.0020241974853, -0.000212113402085, -0.00157126574777], [-0.000281705200905, 0.000280915846815, -0.00061864592135, 0.000135190522997, 0.00116131198592, -0.0025575873442, 0.00128174619749, -0.00343035673723, 0.0180060490966, -0.00367290875874, 0.000577805214562, 0.00149218889419, 0.00222037127241], [0.000559548672754, -0.000329899019562, -0.000958824355621, -0.00297042378224, -0.00338339502923, 0.000914848700631, 0.000341960869264, 0.00039471036871, -0.00367290875874, 0.0213120691478, -0.00433904863894, 0.00345902424306, 3.54921285179e-005], [-0.000147511833347, 0.000590919400565, -0.000592821452301, 0.0010825478239, -0.000329351460095, -0.00184948102105, 0.0019941192586, -0.0020241974853, 0.000577805214562, -0.00433904863894, 0.022244092077, -0.00960266683251, 0.00314949615858], [0.000268352567218, 0.000113408277684, -0.000504019088112, -0.00131515075918, -0.00135125801899, 0.0017469326267, -0.000880746287294, -0.000212113402085, 0.00149218889419, 0.00345902424306, -0.00960266683251, 0.0173705965281, -0.00445101968944], [0.000145363330375, 0.000729337742086, 6.71358284308e-005, -0.000733027351089, 0.00305256131105, 0.000450728635769, 0.000926578883082, -0.00157126574777, 0.00222037127241, 3.54921285179e-005, 0.00314949615858, -0.00445101968944, 0.019319999963]]
    },
    "spectral_contrast_coeffs": {
        "mean": [-0.569871842861, -0.665415763855, -0.766404628754, -0.785775184631, -0.789837658405, -0.781845510006],
        "var": [0.00459134764969, 0.00352644477971, 0.00240910309367, 0.00236688368022, 0.0020541951526, 0.00124403042719]
    },
    "spectral_contrast_valleys": {
        "mean": [-7.19383764267, -6.45602416992, -7.27612018585, -8.14302253723, -9.0256357193, -12.6696004868],
        "var": [0.586064219475, 0.549955427647, 0.583151340485, 0.640734136105, 0.891273438931, 1.30468225479]
    }
},
"metadata": {
    "audio_properties": {
        "analysis_sample_rate": 44100,
        "bit_rate": 128074,
        "equal_loudness": 0,
        "length": 45.0612258911,
        "lossless": 0,
        "replay_gain": -5.25773429871,
        "sample_rate": 44100,
        "codec": "mp3",
        "downmix": "mix",
        "md5_encoded": "7cc5343017c027b25968fcfe52e3a51b"
    },
    "tags": {
        "file_name": "1693.mp3"
    },
    "version": {
        "essentia": "2.1-beta2",
        "essentia_git_sha": "v2.1_beta2",
        "extractor": "music 1.0"
    }
},
"rhythm": {
    "beats_count": 86,
    "beats_loudness": {
        "mean": 0.0466341413558,
        "var": 0.00111851422116
    },
    "bpm": 114.815063477,
    "bpm_histogram_first_peak_bpm": {
        "mean": 115,
        "var": 0
    },
    "bpm_histogram_first_peak_spread": {
        "mean": 0.44736841321,
        "var": 0
    },
    "bpm_histogram_first_peak_weight": {
        "mean": 0.494117647409,
        "var": 0
    },
    "bpm_histogram_second_peak_bpm": {
        "mean": 110,
        "var": 0
    },
    "bpm_histogram_second_peak_spread": {
        "mean": 0,
        "var": 0
    },
    "bpm_histogram_second_peak_weight": {
        "mean": 0.0470588244498,
        "var": 0
    },
    "danceability": 1.05829596519,
    "onset_rate": 2.32911276817,
    "beats_loudness_band_ratio": {
        "mean": [0.513001978397, 0.366692483425, 0.0996241271496, 0.054547239095, 0.0245060808957, 0.00379795744084],
        "var": [0.0378536321223, 0.0257959384471, 0.00401989603415, 0.00268801162019, 0.00112944166176, 6.46431726636e-005]
    },
    "beats_position": [0.476009070873, 0.96362811327, 1.45124709606, 1.95047616959, 2.46131515503, 2.97215414047, 3.47138309479, 3.99383211136, 4.51628112793, 5.0387301445, 5.5727891922, 6.08362817764, 6.60607719421, 7.12852573395, 7.66258478165, 8.19664382935, 8.71909236908, 9.24154186249, 9.75238037109, 10.2748298645, 10.7972784042, 11.3197278976, 11.8421764374, 12.3646259308, 12.8870744705, 13.3979139328, 13.9087524414, 14.4195919037, 14.9420404434, 15.4644899368, 15.9985485077, 16.5326080322, 17.0550556183, 17.5775051117, 18.0999546051, 18.6224040985, 19.1448516846, 19.667301178, 20.1897506714, 20.7121982574, 21.2230377197, 21.7454872131, 22.2679367065, 22.7787742615, 23.312833786, 23.8352832794, 24.3577327728, 24.8685703278, 25.3910198212, 25.9134693146, 26.4243087769, 26.958366394, 27.4924259186, 28.0264854431, 28.5605430603, 29.106212616, 29.6518821716, 30.1859397888, 30.7199993134, 31.2308387756, 31.7416782379, 32.2525177002, 32.7633552551, 33.2741928101, 33.7966423035, 34.2958717346, 34.8067131042, 35.3175506592, 35.8400001526, 36.362449646, 36.8848991394, 37.4073448181, 37.9297943115, 38.4522438049, 38.9630813599, 39.4855308533, 40.0079803467, 40.5304298401, 41.0528793335, 41.5753288269, 42.0977783203, 42.6318359375, 43.1426734924, 43.6883430481, 44.2340126038, 44.7680702209]
},
"tonal": {
    "chords_changes_rate": 0.0339506156743,
    "chords_number_rate": 0.00514403311536,
    "chords_strength": {
        "mean": 0.531244933605,
        "var": 0.00564464833587
    },
    "hpcp_entropy": {
        "mean": 1.82108390331,
        "var": 0.595880568027
    },
    "key_strength": 0.820808589458,
    "tuning_diatonic_strength": 0.530193090439,
    "tuning_equal_tempered_deviation": 0.064299069345,
    "tuning_frequency": 440.254241943,
    "tuning_nontempered_energy_ratio": 0.673699617386,
    "hpcp": {
        "mean": [0.365916758776, 0.167279496789, 0.0383935458958, 0.0346402414143, 0.0472639352083, 0.110997699201, 0.149700269103, 0.0837183222175, 0.0334841795266, 0.0287692565471, 0.0281728878617, 0.166034623981, 0.300503283739, 0.190101563931, 0.221535533667, 0.317541241646, 0.155948504806, 0.0318264141679, 0.0234314016998, 0.0263162087649, 0.0888122022152, 0.153010427952, 0.0952521711588, 0.0355777740479, 0.0492280349135, 0.106887660921, 0.262889564037, 0.310245066881, 0.166765972972, 0.074388705194, 0.0498345568776, 0.0342185236514, 0.0484992749989, 0.0910161137581, 0.146141439676, 0.309204161167],
        "var": [0.146185189486, 0.0459858886898, 0.00857754610479, 0.012397442013, 0.0180636122823, 0.0564763210714, 0.0918243676424, 0.0309215448797, 0.0141689348966, 0.0114320609719, 0.00730942515656, 0.038779951632, 0.141914397478, 0.051660399884, 0.0766268074512, 0.149237275124, 0.0372299775481, 0.00302581209689, 0.00407218700275, 0.0053370250389, 0.0212205350399, 0.0504723787308, 0.0231209602207, 0.0101130539551, 0.0184310730547, 0.0351174138486, 0.0832957178354, 0.10654258728, 0.043387003243, 0.0230130814016, 0.0140025084838, 0.00675692874938, 0.0129836341366, 0.0412153042853, 0.0576862990856, 0.108651302755]
    },
    "chords_histogram": [2.05761313438, 47.3251037598, 33.5390930176, 1.13168728352, 0, 0, 0, 0, 0, 0.617283940315, 0, 0, 0, 0, 0, 0, 0, 0, 0, 0, 0, 0, 0, 15.3292179108],
    "thpcp": [1, 0.457151770592, 0.10492426157, 0.0946670025587, 0.129165813327, 0.303341388702, 0.409110188484, 0.22879062593, 0.0915076434612, 0.0786224082112, 0.0769926160574, 0.453749716282, 0.821233987808, 0.519521355629, 0.60542601347, 0.867796361446, 0.426185727119, 0.08697719872, 0.0640347898006, 0.0719185695052, 0.242711484432, 0.418156385422, 0.260311037302, 0.0972291454673, 0.134533420205, 0.29210922122, 0.718440890312, 0.847856938839, 0.45574837923, 0.203294068575, 0.136190965772, 0.0935145020485, 0.132541820407, 0.248734474182, 0.399384379387, 0.845012307167],
    "chords_key": "F#",
    "chords_scale": "minor",
    "key_key": "D",
    "key_scale": "major"
}
}