{
"lowlevel": {
    "average_loudness": 0.682579815388,
    "barkbands_crest": {
        "mean": 10.7733869553,
        "var": 15.7381515503
    },
    "barkbands_flatness_db": {
        "mean": 0.193696126342,
        "var": 0.00312704732642
    },
    "barkbands_kurtosis": {
        "mean": 4.35228013992,
        "var": 59.4045562744
    },
    "barkbands_skewness": {
        "mean": 1.36769962311,
        "var": 1.36516010761
    },
    "barkbands_spread": {
        "mean": 11.2998638153,
        "var": 62.6344108582
    },
    "dissonance": {
        "mean": 0.433896183968,
        "var": 0.00181431660894
    },
    "dynamic_complexity": 4.64280414581,
    "erbbands_crest": {
        "mean": 11.979057312,
        "var": 26.3064785004
    },
    "erbbands_flatness_db": {
        "mean": 0.230262577534,
        "var": 0.00326601462439
    },
    "erbbands_kurtosis": {
        "mean": 1.50435912609,
        "var": 7.13614463806
    },
    "erbbands_skewness": {
        "mean": 0.522005617619,
        "var": 0.591292858124
    },
    "erbbands_spread": {
        "mean": 22.111700058,
        "var": 235.262664795
    },
    "hfc": {
        "mean": 13.2916727066,
        "var": 232.374923706
    },
    "melbands_crest": {
        "mean": 13.0413694382,
        "var": 22.9521179199
    },
    "melbands_flatness_db": {
        "mean": 0.26650583744,
        "var": 0.00534607889131
    },
    "melbands_kurtosis": {
        "mean": 8.25197887421,
        "var": 264.726135254
    },
    "melbands_skewness": {
        "mean": 1.78565108776,
        "var": 2.4896914959
    },
    "melbands_spread": {
        "mean": 15.8044061661,
        "var": 258.045471191
    },
    "pitch_salience": {
        "mean": 0.532528102398,
        "var": 0.0150009989738
    },
    "silence_rate_20dB": {
        "mean": 1,
        "var": 0
    },
    "silence_rate_30dB": {
        "mean": 0.995365619659,
        "var": 0.00461297575384
    },
    "silence_rate_60dB": {
        "mean": 0.16992790997,
        "var": 0.141048595309
    },
    "spectral_centroid": {
        "mean": 808.400939941,
        "var": 231142.359375
    },
    "spectral_complexity": {
        "mean": 13.0669412613,
        "var": 29.3993282318
    },
    "spectral_decrease": {
        "mean": -5.36860422784e-009,
        "var": 3.10581769293e-017
    },
    "spectral_energy": {
        "mean": 0.0214679259807,
        "var": 0.000480682996567
    },
    "spectral_energyband_high": {
        "mean": 0.000259552849457,
        "var": 1.37377389819e-006
    },
    "spectral_energyband_low": {
        "mean": 0.00236653373577,
        "var": 2.53820344369e-005
    },
    "spectral_energyband_middle_high": {
        "mean": 0.00436170352623,
        "var": 4.94688138133e-005
    },
    "spectral_energyband_middle_low": {
        "mean": 0.0153247136623,
        "var": 0.000354746909579
    },
    "spectral_entropy": {
        "mean": 6.7520737648,
        "var": 0.238560423255
    },
    "spectral_flux": {
        "mean": 0.0477408021688,
        "var": 0.000996418180875
    },
    "spectral_kurtosis": {
        "mean": 18.9155769348,
        "var": 652.492004395
    },
    "spectral_rms": {
        "mean": 0.00397696252912,
        "var": 5.12805809194e-006
    },
    "spectral_rolloff": {
        "mean": 1078.25439453,
        "var": 1126092.875
    },
    "spectral_skewness": {
        "mean": 2.94195604324,
        "var": 2.28997826576
    },
    "spectral_spread": {
        "mean": 3319471.25,
        "var": 3.46346015949e+012
    },
    "spectral_strongpeak": {
        "mean": 1.37485790253,
        "var": 2.4247841835
    },
    "zerocrossingrate": {
        "mean": 0.0414440669119,
        "var": 0.000961791607551
    },
    "barkbands": {
        "mean": [1.41906075442e-005, 0.00109620171133, 0.000518441840541, 0.00334914540872, 0.00528446957469, 0.00168431096245, 0.000863386667334, 0.00167431298178, 0.00221585365944, 0.0011072717607, 0.000499323010445, 0.000517690728884, 0.000849272822961, 0.000598092970904, 0.000614523014519, 8.25534661999e-005, 3.70124325855e-005, 5.61024462513e-005, 0.000107194580778, 7.29287858121e-005, 4.8603873438e-005, 2.03568961297e-005, 5.58339852432e-005, 7.80668779043e-005, 1.68170208781e-005, 5.52119990971e-006, 4.60762663579e-007],
        "var": [1.54541224262e-009, 1.53029232024e-005, 8.82673759861e-007, 6.05821660429e-005, 9.47035950958e-005, 5.27080646862e-006, 3.88122498407e-006, 1.24483103718e-005, 2.71266526397e-005, 1.30850739879e-005, 8.72144312325e-007, 1.32974184908e-006, 4.41521478933e-006, 3.16467003358e-006, 3.89185606764e-006, 3.06475946843e-008, 5.81836490099e-009, 1.91647693271e-008, 6.20484499336e-008, 2.20176108456e-008, 1.96505425265e-008, 1.34196245227e-008, 1.78237456794e-007, 2.41755287789e-007, 5.33579447293e-009, 3.23224336185e-010, 2.56871498898e-012]
    },
    "erbbands": {
        "mean": [0.0207964200526, 0.284537911415, 0.597007989883, 5.18921661377, 22.059545517, 11.8435964584, 13.3007516861, 13.2852268219, 11.3429679871, 18.9188518524, 45.1801872253, 49.2843589783, 36.5482635498, 38.6070594788, 22.0016326904, 24.9251098633, 37.0538444519, 36.6144447327, 38.8205528259, 12.5962781906, 3.73429656029, 1.95900189877, 2.97805905342, 5.61435985565, 4.17408752441, 3.87710928917, 2.26072716713, 1.41397821903, 0.607955217361, 1.07212758064, 1.64079594612, 2.32016634941, 0.817139327526, 0.251014262438, 0.0968039259315, 0.0317401997745, 0.00822128448635, 0.00186751817819, 5.78846011194e-005, 2.65145536105e-005],
        "var": [0.00527916708961, 1.00220453739, 1.13352239132, 98.8786239624, 3423.39013672, 270.58013916, 249.531341553, 448.887176514, 517.094360352, 1804.18286133, 8953.46386719, 10341.2675781, 9613.52929688, 16041.5576172, 925.720031738, 2656.88256836, 9453.4140625, 8740.90136719, 14054.1855469, 1365.94702148, 50.6730613708, 16.2523441315, 41.7991752625, 194.811050415, 77.4956588745, 70.6891021729, 37.0640869141, 28.3831195831, 8.59673500061, 43.0153427124, 163.343521118, 215.555160522, 35.2718009949, 1.74141132832, 0.103406876326, 0.0131138600409, 0.000671549874824, 3.18744059769e-005, 2.10262847133e-008, 7.16046277827e-010]
    },
    "gfcc": {
        "mean": [-76.7921600342, 128.009658813, -122.841644287, -13.566163063, -68.1634674072, 6.27602005005, -43.2685394287, -6.04701375961, -35.3850059509, -5.35357141495, -13.7554416656, -15.1472139359, -14.294175148],
        "cov": [[10558.34375, -2972.79345703, -211.251693726, 2128.52319336, -639.580810547, 493.6328125, 17.6005725861, 447.11605835, -279.349334717, 337.898925781, -159.491226196, -99.5891647339, -146.477523804], [-2972.79345703, 2298.80810547, 70.9154434204, -665.362060547, 773.675964355, -287.579467773, 131.960845947, -163.502182007, 293.147735596, -185.22265625, 2.28433132172, -4.61409854889, 84.8256607056], [-211.251693726, 70.9154434204, 364.62701416, 69.9243545532, -5.72594451904, 55.8181304932, 37.0836257935, 25.1803073883, 32.9344406128, 10.0096235275, 1.8183760643, 31.8361682892, -12.2994623184], [2128.52319336, -665.362060547, 69.9243545532, 772.977844238, -81.8424682617, 135.681625366, -2.38031101227, 137.016677856, -26.9855651855, 59.0436401367, -28.8088874817, 6.36181163788, 11.9958820343], [-639.580810547, 773.675964355, -5.72594451904, -81.8424682617, 469.791473389, -37.2903709412, 75.3071899414, -29.9565029144, 112.176307678, -52.4822006226, -29.3555831909, -4.96505689621, 22.0093173981], [493.6328125, -287.579467773, 55.8181304932, 135.681625366, -37.2903709412, 267.691589355, 91.0011367798, 6.23048782349, -3.01298189163, 77.7569656372, -3.19487452507, 3.32369565964, -13.6646699905], [17.6005725861, 131.960845947, 37.0836257935, -2.38031101227, 75.3071899414, 91.0011367798, 184.920211792, 12.4775400162, 37.2690505981, 56.9735145569, 14.7744636536, 1.0472151041, -3.2320792675], [447.11605835, -163.502182007, 25.1803073883, 137.016677856, -29.9565029144, 6.23048782349, 12.4775400162, 153.34223938, 13.3252906799, 24.1710987091, 31.0513629913, 19.9286708832, 1.50419521332], [-279.349334717, 293.147735596, 32.9344406128, -26.9855651855, 112.176307678, -3.01298189163, 37.2690505981, 13.3252906799, 139.887832642, 13.8416852951, -13.8513908386, 15.8363819122, 16.2628211975], [337.898925781, -185.22265625, 10.0096235275, 59.0436401367, -52.4822006226, 77.7569656372, 56.9735145569, 24.1710987091, 13.8416852951, 152.946334839, 29.3071994781, 8.08135128021, 12.3246564865], [-159.491226196, 2.28433132172, 1.8183760643, -28.8088874817, -29.3555831909, -3.19487452507, 14.7744636536, 31.0513629913, -13.8513908386, 29.3071994781, 163.811386108, 22.5881576538, 5.75942468643], [-99.5891647339, -4.61409854889, 31.8361682892, 6.36181163788, -4.96505689621, 3.32369565964, 1.0472151041, 19.9286708832, 15.8363819122, 8.08135128021, 22.5881576538, 105.120162964, 15.1377878189], [-146.477523804, 84.8256607056, -12.2994623184, 11.9958820343, 22.0093173981, -13.6646699905, -3.2320792675, 1.50419521332, 16.2628211975, 12.3246564865, 5.75942468643, 15.1377878189, 100.593185425]],
        "icov": [[0.000324749940773, 1.94719523279e-005, 0.000362906925147, -0.000792716047727, 0.000156084250193, -4.26796577813e-005, -0.000107567582745, -0.000290460186079, 0.000292157579679, -0.000387611915357, 0.000319008831866, 0.000154510344146, 0.000515045714565], [1.94719523279e-005, 0.00329982629046, -0.0011375665199, 0.00147907342762, -0.00351432245225, 0.00233105034567, -0.00186934159137, 0.00182342610788, -0.00332752615213, 0.00211659213528, -0.00120975123718, 0.000713733548764, -0.00183097855188], [0.000362906925147, -0.0011375665199, 0.00387729820795, -0.00164936727379, 0.00166743225418, -0.00131356355269, 8.27172261779e-005, -0.0010551083833, 0.000639174773823, -0.000711615139153, 0.000748482882045, -0.000909960421268, 0.00171157112345], [-0.000792716047727, 0.00147907342762, -0.00164936727379, 0.00452945195138, -0.00210429052822, 0.000174573273398, 4.85231139464e-005, -0.000275364902336, -0.00165433925577, 0.00159171619453, -0.000654911680613, 0.000122662153444, -0.00256207305938], [0.000156084250193, -0.00351432245225, 0.00166743225418, -0.00210429052822, 0.00710589811206, -0.00203938293271, 0.000236511972616, -0.0014009703882, 0.00128972821403, -0.000816906976979, 0.00154467078391, -0.000430373591371, 0.00171024654992], [-4.26796577813e-005, 0.00233105034567, -0.00131356355269, 0.000174573273398, -0.00203938293271, 0.00749296881258, -0.00392507202923, 0.00258152442984, -0.00201802724041, -0.000200929920538, -0.000523060560226, 0.000177492009243, -0.000555790786166], [-0.000107567582745, -0.00186934159137, 8.27172261779e-005, 4.85231139464e-005, 0.000236511972616, -0.00392507202923, 0.00953569728881, -0.00190212740563, 0.00124067312572, -0.00346426130272, 6.366946036e-005, 5.51022749278e-005, 0.00138584314846], [-0.000290460186079, 0.00182342610788, -0.0010551083833, -0.000275364902336, -0.0014009703882, 0.00258152442984, -0.00190212740563, 0.010288274847, -0.00370674324222, 0.00128647289239, -0.00273111090064, -0.000761980656534, -0.000901805178728], [0.000292157579679, -0.00332752615213, 0.000639174773823, -0.00165433925577, 0.00128972821403, -0.00201802724041, 0.00124067312572, -0.00370674324222, 0.0139364404604, -0.00433657690883, 0.00296164141037, -0.00175444618799, 0.00141845445614], [-0.000387611915357, 0.00211659213528, -0.000711615139153, 0.00159171619453, -0.000816906976979, -0.000200929920538, -0.00346426130272, 0.00128647289239, -0.00433657690883, 0.0114187467843, -0.00255110790022, 0.000389988621464, -0.00321572530083], [0.000319008831866, -0.00120975123718, 0.000748482882045, -0.000654911680613, 0.00154467078391, -0.000523060560226, 6.366946036e-005, -0.00273111090064, 0.00296164141037, -0.00255110790022, 0.00795859191567, -0.0014181555016, 0.000879629864357], [0.000154510344146, 0.000713733548764, -0.000909960421268, 0.000122662153444, -0.000430373591371, 0.000177492009243, 5.51022749278e-005, -0.000761980656534, -0.00175444618799, 0.000389988621464, -0.0014181555016, 0.0108589557931, -0.00168837746605], [0.000515045714565, -0.00183097855188, 0.00171157112345, -0.00256207305938, 0.00171024654992, -0.000555790786166, 0.00138584314846, -0.000901805178728, 0.00141845445614, -0.00321572530083, 0.000879629864357, -0.00168837746605, 0.0127264950424]]
    },
    "melbands": {
        "mean": [0.000264429225354, 0.000335091899615, 0.00159742461983, 0.00118936493527, 0.000496359134559, 0.000301043182844, 0.000177336900379, 0.000220076806727, 0.000380785611924, 0.000303682405502, 0.000179234222742, 0.000159641873324, 7.43069176679e-005, 6.60761725157e-005, 7.36220463295e-005, 7.73226929596e-005, 6.5011488914e-005, 6.02651671215e-005, 3.20574254147e-005, 8.76542162587e-006, 3.30035368279e-006, 1.78990046606e-006, 2.43567842517e-006, 2.97049473374e-006, 4.86432691105e-006, 3.40974474966e-006, 2.57048100138e-006, 2.5612735044e-006, 1.31556703309e-006, 1.23556674225e-006, 6.64372180381e-007, 2.95105110126e-007, 4.43938063199e-007, 6.32868648154e-007, 7.12308860784e-007, 1.5701839402e-006, 1.34634092319e-006, 6.08129766988e-007, 3.07813223799e-007, 1.77747494945e-007],
        "var": [8.94413233254e-007, 6.96978418091e-007, 1.40478723551e-005, 6.18468357061e-006, 3.57407571983e-007, 2.18044547751e-007, 1.216212695e-007, 1.74192365421e-007, 5.38911081094e-007, 4.82032589844e-007, 2.52487694752e-007, 3.17279130968e-007, 1.67764042658e-008, 1.73407581627e-008, 4.28448672096e-008, 3.08485894607e-008, 3.02159151033e-008, 3.65718584305e-008, 1.14118527961e-008, 3.88396842466e-010, 5.59091314911e-011, 1.48016408158e-011, 4.10334856371e-011, 4.97632213214e-011, 1.66243574462e-010, 6.57289639383e-011, 2.64388667209e-011, 4.2453138227e-011, 1.3954459116e-011, 1.38001138295e-011, 1.10798939468e-011, 1.78007738758e-012, 1.01450722823e-011, 1.33992487245e-011, 2.66200429755e-011, 1.50810308686e-010, 7.56925910839e-011, 2.45590422998e-011, 3.80941502301e-012, 7.114208311e-013]
    },
    "mfcc": {
        "mean": [-720.211120605, 165.748748779, -2.50969171524, -13.1332511902, -10.5460443497, -3.59019351006, 0.523580729961, -11.4411039352, -19.1556606293, 7.16650056839, -11.17852211, -9.67089176178, -11.3212862015],
        "cov": [[8175.90673828, -1955.90148926, -389.57925415, 1227.32006836, 89.9265213013, 59.9376182556, 289.023773193, 128.857009888, -27.4779872894, 562.427246094, -111.845176697, 35.4392242432, -147.274536133], [-1955.90148926, 1697.12866211, -180.595581055, -130.054626465, 196.940368652, 84.2280731201, -136.33480835, 72.260017395, 142.687149048, -148.279251099, 79.3088302612, -17.5347099304, 125.169418335], [-389.57925415, -180.595581055, 460.774841309, -77.6031417847, -59.8240890503, 27.8212032318, 22.6803436279, -2.21276879311, 25.1964836121, -29.4225711823, 2.39622211456, 80.9805145264, 13.4323730469], [1227.32006836, -130.054626465, -77.6031417847, 461.466247559, 132.077514648, -10.2895002365, 25.1827106476, 77.3981399536, 70.8533096313, 51.0512161255, -29.0219535828, 56.8693504333, 8.78000926971], [89.9265213013, 196.940368652, -59.8240890503, 132.077514648, 236.32901001, 14.8753080368, -19.3353843689, 61.2408981323, 43.7357635498, -11.6448202133, -20.1200695038, 12.2426452637, 6.0037150383], [59.9376182556, 84.2280731201, 27.8212032318, -10.2895002365, 14.8753080368, 317.421081543, 32.3780860901, 29.800409317, 94.0093765259, 42.8321342468, 46.7767715454, -15.5159931183, 13.4795732498], [289.023773193, -136.33480835, 22.6803436279, 25.1827106476, -19.3353843689, 32.3780860901, 200.18850708, 8.57326221466, -47.4567718506, 84.2287902832, 16.2020454407, 28.5543651581, -10.2958889008], [128.857009888, 72.260017395, -2.21276879311, 77.3981399536, 61.2408981323, 29.800409317, 8.57326221466, 161.248352051, 27.5316619873, 2.1316781044, 15.721449852, 11.3726196289, 25.9768352509], [-27.4779872894, 142.687149048, 25.1964836121, 70.8533096313, 43.7357635498, 94.0093765259, -47.4567718506, 27.5316619873, 219.734298706, -26.2066574097, 6.54005432129, 13.5788545609, 24.5491771698], [562.427246094, -148.279251099, -29.4225711823, 51.0512161255, -11.6448202133, 42.8321342468, 84.2287902832, 2.1316781044, -26.2066574097, 221.108352661, 24.4111671448, -5.5729174614, -9.62593650818], [-111.845176697, 79.3088302612, 2.39622211456, -29.0219535828, -20.1200695038, 46.7767715454, 16.2020454407, 15.721449852, 6.54005432129, 24.4111671448, 121.84262085, 3.9781601429, 12.6621236801], [35.4392242432, -17.5347099304, 80.9805145264, 56.8693504333, 12.2426452637, -15.5159931183, 28.5543651581, 11.3726196289, 13.5788545609, -5.5729174614, 3.9781601429, 149.834671021, 27.7657642365], [-147.274536133, 125.169418335, 13.4323730469, 8.78000926971, 6.0037150383, 13.4795732498, -10.2958889008, 25.9768352509, 24.5491771698, -9.62593650818, 12.6621236801, 27.7657642365, 103.488082886]],
        "icov": [[0.000388262124034, 0.000355140451575, 0.000304606714053, -0.000863633933477, 0.000123027028167, -0.000190608639969, 3.4593260807e-006, -9.75745060714e-005, 5.73796969547e-005, -0.000463924283395, 9.52267510002e-005, 4.27406739618e-005, 0.000119373064081], [0.000355140451575, 0.00132176815532, 0.00074901280459, -0.000139507217682, -0.000834764388856, -0.000216370812268, 0.000181783834705, -0.000187466022908, -0.000416948634665, 1.56332062033e-005, -0.000526991439983, -4.40215153503e-005, -0.000860262603965], [0.000304606714053, 0.00074901280459, 0.00317242718302, 0.000228706208873, 0.000282643944956, -0.000412961730035, -0.000184433243703, -0.00042883696733, -0.000615872268099, 0.000125721984659, 0.000151441330672, -0.00169350823853, -0.00018330673629], [-0.000863633933477, -0.000139507217682, 0.000228706208873, 0.00564550887793, -0.00208559934981, 0.00091778539354, -0.000281292770524, -0.000871141965035, -0.00159791426267, 0.000383264821721, 0.000209759513382, -0.00142766186036, -0.000604752858635], [0.000123027028167, -0.000834764388856, 0.000282643944956, -0.00208559934981, 0.00664422195405, -0.000398949545342, 0.000336240191245, -0.00153170689009, 0.00012767642329, -0.000137803683174, 0.00145597720984, -0.000310976232868, 0.00127161550336], [-0.000190608639969, -0.000216370812268, -0.000412961730035, 0.00091778539354, -0.000398949545342, 0.00439813733101, -0.00100402836688, -0.000338937854394, -0.00216500996612, -0.000530290883034, -0.00116702076048, 0.000847722927574, -0.000218755696551], [3.4593260807e-006, 0.000181783834705, -0.000184433243703, -0.000281292770524, 0.000336240191245, -0.00100402836688, 0.00692189252004, -0.000487648852868, 0.00170421192888, -0.00204441696405, -0.000290077907266, -0.00152144790627, 0.000604449829552], [-9.75745060714e-005, -0.000187466022908, -0.00042883696733, -0.000871141965035, -0.00153170689009, -0.000338937854394, -0.000487648852868, 0.00777029059827, 4.67406389362e-005, 0.000439216848463, -0.00116667605471, 0.000498119276017, -0.00160963076632], [5.73796969547e-005, -0.000416948634665, -0.000615872268099, -0.00159791426267, 0.00012767642329, -0.00216500996612, 0.00170421192888, 4.67406389362e-005, 0.00676791137084, 0.000402743113227, 0.000169205231941, -0.000234751249081, -0.000291851320071], [-0.000463924283395, 1.56332062033e-005, 0.000125721984659, 0.000383264821721, -0.000137803683174, -0.000530290883034, -0.00204441696405, 0.000439216848463, 0.000402743113227, 0.00669650128111, -0.0012879621936, 0.000535989180207, -0.000423417834099], [9.52267510002e-005, -0.000526991439983, 0.000151441330672, 0.000209759513382, 0.00145597720984, -0.00116702076048, -0.000290077907266, -0.00116667605471, 0.000169205231941, -0.0012879621936, 0.00984525121748, -0.000643109611701, -0.000124996528029], [4.27406739618e-005, -4.40215153503e-005, -0.00169350823853, -0.00142766186036, -0.000310976232868, 0.000847722927574, -0.00152144790627, 0.000498119276017, -0.000234751249081, 0.000535989180207, -0.000643109611701, 0.00893357209861, -0.00212641549297], [0.000119373064081, -0.000860262603965, -0.00018330673629, -0.000604752858635, 0.00127161550336, -0.000218755696551, 0.000604449829552, -0.00160963076632, -0.000291851320071, -0.000423417834099, -0.000124996528029, -0.00212641549297, 0.0119829755276]]
    },
    "spectral_contrast_coeffs": {
        "mean": [-0.528040409088, -0.701178252697, -0.715777635574, -0.720842003822, -0.756524384022, -0.784234762192],
        "var": [0.00984513759613, 0.00455764727667, 0.00454013375565, 0.00394298695028, 0.00291375769302, 0.00232341163792]
    },
    "spectral_contrast_valleys": {
        "mean": [-8.64234447479, -6.92151021957, -7.59085321426, -8.55742931366, -9.31579875946, -11.711397171],
        "var": [1.71232306957, 0.735930860043, 0.70275169611, 0.882970631123, 1.70691180229, 1.96818447113]
    }
},
"metadata": {
    "audio_properties": {
        "analysis_sample_rate": 44100,
        "bit_rate": 128074,
        "equal_loudness": 0,
        "length": 45.0612258911,
        "lossless": 0,
        "replay_gain": -4.62619781494,
        "sample_rate": 44100,
        "codec": "mp3",
        "downmix": "mix",
        "md5_encoded": "2fc433a63fd25993b5e6c95096e1c952"
    },
    "tags": {
        "file_name": "1696.mp3"
    },
    "version": {
        "essentia": "2.1-beta2",
        "essentia_git_sha": "v2.1_beta2",
        "extractor": "music 1.0"
    }
},
"rhythm": {
    "beats_count": 56,
    "beats_loudness": {
        "mean": 0.0314489379525,
        "var": 0.000437940529082
    },
    "bpm": 74.9282150269,
    "bpm_histogram_first_peak_bpm": {
        "mean": 75,
        "var": 0
    },
    "bpm_histogram_first_peak_spread": {
        "mean": 0.0384615063667,
        "var": 0
    },
    "bpm_histogram_first_peak_weight": {
        "mean": 0.909090876579,
        "var": 0
    },
    "bpm_histogram_second_peak_bpm": {
        "mean": 82,
        "var": 0
    },
    "bpm_histogram_second_peak_spread": {
        "mean": 0,
        "var": 0
    },
    "bpm_histogram_second_peak_weight": {
        "mean": 0.0545454546809,
        "var": 0
    },
    "danceability": 0.947825372219,
    "onset_rate": 2.30693078041,
    "beats_loudness_band_ratio": {
        "mean": [0.197766378522, 0.292324453592, 0.346548169851, 0.118956327438, 0.0534441135824, 0.0356180071831],
        "var": [0.0419278480113, 0.039031598717, 0.0496903248131, 0.00951494183391, 0.00814633350819, 0.012823597528]
    },
    "beats_position": [0.731428563595, 1.46285712719, 2.20589566231, 2.93732428551, 3.7732424736, 4.57433080673, 5.38702917099, 6.19972801208, 7.00081634521, 7.80190467834, 8.59138298035, 9.38086128235, 10.1819496155, 10.9830379486, 11.7841272354, 12.5852155685, 13.3979139328, 14.1990022659, 15.0000905991, 15.8011789322, 16.602268219, 17.391746521, 18.1928348541, 18.9939231873, 19.7950115204, 20.5960998535, 21.3971881866, 22.1982765198, 23.010974884, 23.8236732483, 24.6247615814, 25.4258499146, 26.2153282166, 27.0048065186, 27.8058948517, 28.5953731537, 29.3964614868, 30.1859397888, 30.9754180908, 31.7648983002, 32.5543746948, 33.3786849976, 34.1797714233, 34.9808616638, 35.7935600281, 36.5946464539, 37.3841247559, 38.1736030579, 38.9746932983, 39.7757797241, 40.5768699646, 41.3779602051, 42.1790466309, 42.9801368713, 43.7812232971, 44.5823135376]
},
"tonal": {
    "chords_changes_rate": 0.0360082313418,
    "chords_number_rate": 0.00720164598897,
    "chords_strength": {
        "mean": 0.526246190071,
        "var": 0.008719695732
    },
    "hpcp_entropy": {
        "mean": 1.43654751778,
        "var": 0.48890003562
    },
    "key_strength": 0.683392584324,
    "tuning_diatonic_strength": 0.501393556595,
    "tuning_equal_tempered_deviation": 0.0701175779104,
    "tuning_frequency": 440.508636475,
    "tuning_nontempered_energy_ratio": 0.671261012554,
    "hpcp": {
        "mean": [0.178858265281, 0.0968210846186, 0.0305074620992, 0.0195934381336, 0.0178609676659, 0.121294289827, 0.185786262155, 0.111245214939, 0.19936363399, 0.231093361974, 0.0736268013716, 0.0286355987191, 0.0376149192452, 0.0547525398433, 0.241314440966, 0.357039541006, 0.176328614354, 0.0320251844823, 0.0177127271891, 0.050762206316, 0.242370843887, 0.328268408775, 0.144607141614, 0.0263173896819, 0.0143259298056, 0.0326542668045, 0.193974256516, 0.270196259022, 0.140096351504, 0.13371193409, 0.141317605972, 0.0597053617239, 0.0417195893824, 0.0341430939734, 0.0196470841765, 0.10877417773],
        "var": [0.0794372111559, 0.0238782186061, 0.00500931870192, 0.00328872562386, 0.00171471701469, 0.0402057170868, 0.0954966917634, 0.0224467795342, 0.0997175574303, 0.138368874788, 0.014925728552, 0.00518907234073, 0.0102881165221, 0.0107194064185, 0.080002091825, 0.168344274163, 0.0595679618418, 0.00894963089377, 0.00484637357295, 0.0143376979977, 0.0740899890661, 0.134353399277, 0.0368348509073, 0.00368750933558, 0.00176106696017, 0.0071883792989, 0.0732210129499, 0.130337551236, 0.038648609072, 0.0479474551976, 0.0552786514163, 0.0113007836044, 0.0157475825399, 0.0111289331689, 0.00278132385574, 0.0300229713321]
    },
    "chords_histogram": [1.95473253727, 10.3909463882, 35.3909454346, 0.308641970158, 0, 0, 4.73251008987, 0, 0, 0, 0.514403283596, 0, 0, 0, 0, 0, 0, 0, 0, 0, 0, 14.6090536118, 20.7818927765, 11.3168725967],
    "thpcp": [1, 0.493862986565, 0.0896964669228, 0.0496099889278, 0.142175301909, 0.678834736347, 0.919417500496, 0.40501716733, 0.0737100169063, 0.0401242114604, 0.0914584025741, 0.54328507185, 0.756768465042, 0.392383307219, 0.374501764774, 0.395803809166, 0.167223393917, 0.116848655045, 0.0956283286214, 0.0550277531147, 0.304655820131, 0.50094807148, 0.271177470684, 0.085445612669, 0.0548775009811, 0.0500251799822, 0.339722275734, 0.520352065563, 0.311576724052, 0.558379709721, 0.647248625755, 0.206214696169, 0.0802028775215, 0.105352252722, 0.153351470828, 0.675875961781],
    "chords_key": "D",
    "chords_scale": "major",
    "key_key": "G",
    "key_scale": "major"
}
}