{
"lowlevel": {
    "average_loudness": 0.906507611275,
    "barkbands_crest": {
        "mean": 10.8942956924,
        "var": 13.0774297714
    },
    "barkbands_flatness_db": {
        "mean": 0.208182036877,
        "var": 0.00788437388837
    },
    "barkbands_kurtosis": {
        "mean": 13.3466243744,
        "var": 189.663818359
    },
    "barkbands_skewness": {
        "mean": 2.69614005089,
        "var": 2.46195626259
    },
    "barkbands_spread": {
        "mean": 14.1060228348,
        "var": 230.139785767
    },
    "dissonance": {
        "mean": 0.473977476358,
        "var": 0.000418328942033
    },
    "dynamic_complexity": 2.66475319862,
    "erbbands_crest": {
        "mean": 7.41688394547,
        "var": 9.95622348785
    },
    "erbbands_flatness_db": {
        "mean": 0.177116662264,
        "var": 0.00385092594661
    },
    "erbbands_kurtosis": {
        "mean": 0.242677152157,
        "var": 2.9633564949
    },
    "erbbands_skewness": {
        "mean": 0.344988077879,
        "var": 0.766348838806
    },
    "erbbands_spread": {
        "mean": 43.4723167419,
        "var": 624.854553223
    },
    "hfc": {
        "mean": 16.0055160522,
        "var": 345.268615723
    },
    "melbands_crest": {
        "mean": 17.2062950134,
        "var": 31.891242981
    },
    "melbands_flatness_db": {
        "mean": 0.306645333767,
        "var": 0.0120142837986
    },
    "melbands_kurtosis": {
        "mean": 38.6722297668,
        "var": 1524.21032715
    },
    "melbands_skewness": {
        "mean": 4.4668636322,
        "var": 5.32817840576
    },
    "melbands_spread": {
        "mean": 12.5200967789,
        "var": 248.34564209
    },
    "pitch_salience": {
        "mean": 0.565765082836,
        "var": 0.015167160891
    },
    "silence_rate_20dB": {
        "mean": 1,
        "var": 0
    },
    "silence_rate_30dB": {
        "mean": 0.809989690781,
        "var": 0.15390534699
    },
    "silence_rate_60dB": {
        "mean": 0.0216271877289,
        "var": 0.0211594458669
    },
    "spectral_centroid": {
        "mean": 866.770568848,
        "var": 446636.46875
    },
    "spectral_complexity": {
        "mean": 16.6287326813,
        "var": 70.4402923584
    },
    "spectral_decrease": {
        "mean": -1.42437350803e-008,
        "var": 1.64116842225e-016
    },
    "spectral_energy": {
        "mean": 0.0552108474076,
        "var": 0.00239528529346
    },
    "spectral_energyband_high": {
        "mean": 0.000554951024242,
        "var": 1.9631743271e-006
    },
    "spectral_energyband_low": {
        "mean": 0.0397825837135,
        "var": 0.00182480865624
    },
    "spectral_energyband_middle_high": {
        "mean": 0.0031993703451,
        "var": 3.10302348225e-005
    },
    "spectral_energyband_middle_low": {
        "mean": 0.0155960358679,
        "var": 0.000254909828072
    },
    "spectral_entropy": {
        "mean": 7.24728345871,
        "var": 0.467161118984
    },
    "spectral_flux": {
        "mean": 0.115047946572,
        "var": 0.00435357401147
    },
    "spectral_kurtosis": {
        "mean": 8.65231227875,
        "var": 105.159675598
    },
    "spectral_rms": {
        "mean": 0.00661956006661,
        "var": 1.00457828012e-005
    },
    "spectral_rolloff": {
        "mean": 756.679016113,
        "var": 1976401.5
    },
    "spectral_skewness": {
        "mean": 1.8086168766,
        "var": 0.908774614334
    },
    "spectral_spread": {
        "mean": 3500882.25,
        "var": 5.48602223002e+012
    },
    "spectral_strongpeak": {
        "mean": 0.514500558376,
        "var": 0.215708360076
    },
    "zerocrossingrate": {
        "mean": 0.035047378391,
        "var": 0.00128691853024
    },
    "barkbands": {
        "mean": [0.00422580633312, 0.0155365485698, 0.0162213779986, 0.00634423177689, 0.0063266097568, 0.0012023554882, 0.000684413185809, 0.000407453771913, 0.000421963253757, 0.000436468282714, 0.000379453209462, 0.000342342653312, 0.000484041112941, 0.000418628216721, 0.000420154712629, 0.000250311248237, 0.000277109880699, 0.000116742725368, 0.000113779169624, 0.000111873734568, 0.000105855069705, 0.000101104538771, 8.96987039596e-005, 6.57473137835e-005, 6.75392584526e-005, 5.03552546434e-005, 8.95465836948e-006],
        "var": [7.64620708651e-005, 0.00047705459292, 0.00043691805331, 5.70032607357e-005, 6.6862157837e-005, 4.67204745291e-006, 1.25439237308e-006, 8.68812378485e-007, 5.74205216708e-007, 1.17619094908e-006, 3.0848428878e-007, 4.75725101978e-007, 5.34787147899e-007, 8.59310489432e-007, 1.12638360861e-006, 2.96437150382e-007, 1.32381353524e-006, 3.26174536269e-008, 3.13349488579e-008, 3.09915932917e-008, 3.21834363604e-008, 4.09285334513e-008, 4.39393090801e-008, 6.85754883989e-008, 1.35970907422e-007, 9.10331579007e-008, 2.3744242128e-009]
    },
    "erbbands": {
        "mean": [0.662359595299, 2.76123166084, 14.3069286346, 25.4215564728, 26.9901504517, 13.0201635361, 11.1610450745, 8.09385490417, 9.32956695557, 10.7724504471, 8.85541343689, 8.85133552551, 15.6713848114, 10.6657762527, 15.5582847595, 15.8384723663, 22.0767383575, 21.4800300598, 21.5975513458, 19.4613342285, 13.3413305283, 15.5700492859, 6.72774362564, 6.12362098694, 5.43875694275, 5.28770637512, 4.76401329041, 4.0047287941, 3.69285655022, 3.0003080368, 2.55733919144, 1.60591411591, 0.987400889397, 0.880881726742, 0.390349566936, 0.18553070724, 0.0882761254907, 0.0296773742884, 0.000890719878953, 8.00016423455e-005],
        "var": [1.57754862309, 13.4214696884, 355.245391846, 943.532165527, 1312.85131836, 265.340454102, 489.520263672, 175.21055603, 203.969528198, 493.024688721, 398.21383667, 242.375213623, 1302.15039063, 377.098693848, 490.690124512, 1015.62103271, 1005.81903076, 2199.82202148, 2463.81005859, 2037.953125, 1128.12268066, 4097.00292969, 109.317527771, 89.3293457031, 69.4512634277, 70.7735519409, 63.4765090942, 54.0393676758, 56.2573738098, 39.9798240662, 39.6127700806, 32.5048789978, 17.7692146301, 23.6518325806, 4.69149971008, 1.1912124157, 0.298403769732, 0.0265756566077, 2.36131709244e-005, 1.41959253241e-008]
    },
    "gfcc": {
        "mean": [-37.749206543, 143.687561035, -109.771232605, 40.1326751709, -27.2713871002, 10.4450073242, -15.9512310028, -11.4966897964, -14.0848703384, -7.84229564667, -13.4491672516, -5.72356081009, -14.5338468552],
        "cov": [[5852.52392578, -2495.73022461, -68.3345565796, 647.526611328, -815.457458496, 606.793334961, -245.092956543, 145.774993896, -49.6637496948, 186.554611206, -231.768081665, 278.140258789, -218.841323853], [-2495.73022461, 3361.74389648, -505.565338135, -602.112304688, 794.764465332, -697.858886719, 236.802154541, -305.577941895, 165.839019775, -282.545623779, 246.126251221, -385.817840576, 298.316436768], [-68.3345565796, -505.565338135, 1228.25048828, 180.728591919, -24.1907520294, 79.7356033325, -48.8030014038, 88.2898178101, -214.464263916, 48.9798202515, -51.4982223511, 46.6201477051, -75.3808898926], [647.526611328, -602.112304688, 180.728591919, 386.909362793, -135.996307373, 101.550811768, 55.7471351624, -4.0840215683, -28.561794281, 11.1859474182, -32.1219978333, 73.8487243652, -62.432723999], [-815.457458496, 794.764465332, -24.1907520294, -135.996307373, 405.034790039, -153.767715454, 107.079498291, -34.2934646606, 4.92826604843, -61.1369285583, 68.1236419678, -97.2476425171, 77.1448516846], [606.793334961, -697.858886719, 79.7356033325, 101.550811768, -153.767715454, 243.151092529, -43.348613739, 96.7536010742, -14.654797554, 73.0948104858, -43.9323692322, 71.8555374146, -52.0218391418], [-245.092956543, 236.802154541, -48.8030014038, 55.7471351624, 107.079498291, -43.348613739, 171.589187622, -23.579580307, 52.4911193848, -21.3068180084, 33.3328742981, -12.5451278687, 3.46949529648], [145.774993896, -305.577941895, 88.2898178101, -4.0840215683, -34.2934646606, 96.7536010742, -23.579580307, 195.994552612, -4.96025657654, 89.9739608765, 27.7637825012, 4.39429092407, 7.09099292755], [-49.6637496948, 165.839019775, -214.464263916, -28.561794281, 4.92826604843, -14.654797554, 52.4911193848, -4.96025657654, 123.25604248, 7.07872438431, 34.4658088684, -3.76570701599, 1.97175121307], [186.554611206, -282.545623779, 48.9798202515, 11.1859474182, -61.1369285583, 73.0948104858, -21.3068180084, 89.9739608765, 7.07872438431, 99.4795227051, 18.9651489258, 37.5671195984, -7.67461538315], [-231.768081665, 246.126251221, -51.4982223511, -32.1219978333, 68.1236419678, -43.9323692322, 33.3328742981, 27.7637825012, 34.4658088684, 18.9651489258, 93.0006332397, -24.4836864471, 46.0894737244], [278.140258789, -385.817840576, 46.6201477051, 73.8487243652, -97.2476425171, 71.8555374146, -12.5451278687, 4.39429092407, -3.76570701599, 37.5671195984, -24.4836864471, 104.498565674, -34.4729957581], [-218.841323853, 298.316436768, -75.3808898926, -62.432723999, 77.1448516846, -52.0218391418, 3.46949529648, 7.09099292755, 1.97175121307, -7.67461538315, 46.0894737244, -34.4729957581, 87.9283447266]],
        "icov": [[0.000325023982441, -9.17448123801e-005, 0.000174416330992, -0.000551139062736, 0.000215628766455, -0.000420246244175, 0.000406815350289, -9.11656607059e-005, 9.04537519091e-005, -0.000328257563524, 0.000422815093771, -8.07184915175e-005, 0.000147927858052], [-9.17448123801e-005, 0.00343316583894, -0.000692554109264, 0.00267541641369, -0.00146889581811, 0.00318669504486, -0.00162302458193, 0.00303448899649, -0.00321313645691, 0.00229611527175, -0.00251449667849, 0.00453925039619, -0.00420660059899], [0.000174416330992, -0.000692554109264, 0.00165601144545, -0.0011998891132, 3.79825214623e-005, -0.000479682203149, 0.000450734281912, -0.00118799647316, 0.0032208438497, -0.00112314522266, 0.000286475697067, -0.00107366964221, 0.0023710061796], [-0.000551139062736, 0.00267541641369, -0.0011998891132, 0.00743993883952, 0.000447231781436, 0.00158089597244, -0.00510041369125, 0.00289357756265, -0.0007665224839, 0.00353884324431, -0.00377677939832, 0.00220336951315, -0.00251422449946], [0.000215628766455, -0.00146889581811, 3.79825214623e-005, 0.000447231781436, 0.00627579120919, -0.000858663930558, -0.00300701474771, -0.00132565468084, 0.003155519953, 0.000322336767567, -0.000270309043117, -0.000241841131356, 8.59947977006e-005], [-0.000420246244175, 0.00318669504486, -0.000479682203149, 0.00158089597244, -0.000858663930558, 0.0122893955559, -0.00114612735342, -0.00109907786828, -0.00314620905556, 0.000283055909676, 0.000858287152369, 0.00174946384504, -0.00265687145293], [0.000406815350289, -0.00162302458193, 0.000450734281912, -0.00510041369125, -0.00300701474771, -0.00114612735342, 0.0125436335802, -0.00168705405667, -0.00369751011021, -0.000247186457273, 0.000320949126035, -0.00286923116073, 0.00365333771333], [-9.11656607059e-005, 0.00303448899649, -0.00118799647316, 0.00289357756265, -0.00132565468084, -0.00109907786828, -0.00168705405667, 0.0142426500097, -0.00244282651693, -0.0068113184534, -0.00404059980065, 0.00834933947772, -0.00520354090258], [9.04537519091e-005, -0.00321313645691, 0.0032208438497, -0.0007665224839, 0.003155519953, -0.00314620905556, -0.00369751011021, -0.00244282651693, 0.0197568796575, -0.00364948296919, -0.00334449578077, -0.00423279497772, 0.00838833302259], [-0.000328257563524, 0.00229611527175, -0.00112314522266, 0.00353884324431, 0.000322336767567, 0.000283055909676, -0.000247186457273, -0.0068113184534, -0.00364948296919, 0.0271088816226, -0.00906528253108, -0.00470246002078, -0.00125740934163], [0.000422815093771, -0.00251449667849, 0.000286475697067, -0.00377677939832, -0.000270309043117, 0.000858287152369, 0.000320949126035, -0.00404059980065, -0.00334449578077, -0.00906528253108, 0.0246913991868, -0.00158114603255, -0.00607326626778], [-8.07184915175e-005, 0.00453925039619, -0.00107366964221, 0.00220336951315, -0.000241841131356, 0.00174946384504, -0.00286923116073, 0.00834933947772, -0.00423279497772, -0.00470246002078, -0.00158114603255, 0.0229379422963, -0.00476390542462], [0.000147927858052, -0.00420660059899, 0.0023710061796, -0.00251422449946, 8.59947977006e-005, -0.00265687145293, 0.00365333771333, -0.00520354090258, 0.00838833302259, -0.00125740934163, -0.00607326626778, -0.00476390542462, 0.0259063318372]]
    },
    "melbands": {
        "mean": [0.00510927243158, 0.00642278697342, 0.004476536531, 0.00151840271428, 0.000379028148018, 0.000197384273633, 0.000144332560012, 0.000111858389573, 7.12879991625e-005, 5.69381518289e-005, 7.87929384387e-005, 4.14429523516e-005, 5.36329753231e-005, 3.59483201464e-005, 5.45774091734e-005, 4.1840452468e-005, 3.98121774197e-005, 3.27404195559e-005, 3.38512290909e-005, 2.07501943805e-005, 1.45269641507e-005, 1.97811368707e-005, 6.44522287985e-006, 5.29588169229e-006, 4.94256983075e-006, 4.09262111134e-006, 3.50217601408e-006, 3.58078091267e-006, 3.11470967063e-006, 2.52882250606e-006, 2.26575457418e-006, 2.18018658416e-006, 1.78717016297e-006, 1.63257197983e-006, 1.58581894993e-006, 1.1772799553e-006, 9.048467291e-007, 6.79957906868e-007, 7.19244155789e-007, 7.45054421714e-007],
        "var": [6.99064039509e-005, 6.37831763015e-005, 2.67128361884e-005, 3.83221413358e-006, 5.02183183926e-007, 1.07295434759e-007, 4.80412154502e-008, 5.42755529409e-008, 2.77565153084e-008, 1.03182289379e-008, 3.3820310108e-008, 6.84421985753e-009, 5.96704685663e-009, 3.14164849691e-009, 1.27993802224e-008, 3.74411168735e-009, 8.33321234239e-009, 5.44139533432e-009, 8.07992961427e-009, 2.27080043658e-009, 1.68996050487e-009, 8.28060642277e-009, 1.09286538152e-010, 6.83315487526e-011, 6.20502191295e-011, 3.90621493485e-011, 2.87297807072e-011, 3.76845672723e-011, 2.88539331317e-011, 2.02568378738e-011, 2.03288445105e-011, 2.08248071565e-011, 1.36805965861e-011, 1.27938744668e-011, 1.5691647634e-011, 1.26411528814e-011, 1.21519096868e-011, 7.75176017126e-012, 1.29781784278e-011, 1.86968704408e-011]
    },
    "mfcc": {
        "mean": [-680.119262695, 167.013595581, -6.0593328476, 38.1301307678, 11.0864868164, 27.5173492432, 6.04018497467, 9.71371650696, -1.55385124683, 5.32899713516, -2.70806407928, 0.754423499107, -2.50681233406],
        "cov": [[5473.01757813, -2365.88256836, -28.0311355591, -16.1122531891, -458.457794189, 349.316070557, -319.097137451, 148.864074707, -6.73699808121, 72.9228134155, -47.2246932983, 74.866065979, -50.0835456848], [-2365.88256836, 3005.06445313, -620.277587891, 16.8022155762, 316.663421631, -300.696594238, 145.513015747, -214.305480957, 46.5566329956, -123.494560242, 70.7046966553, -76.1485366821, 13.3581590652], [-28.0311355591, -620.277587891, 991.496154785, 123.689529419, 68.5745544434, 28.9855556488, 91.2939834595, 30.309753418, -51.0897483826, -8.48480129242, -14.6759347916, -14.623254776, -52.6688766479], [-16.1122531891, 16.8022155762, 123.689529419, 320.913085938, -18.7574729919, 64.5076370239, 60.8979072571, 41.0812988281, -20.6908721924, -16.2804641724, 3.60405254364, -16.5538520813, -19.2939147949], [-458.457794189, 316.663421631, 68.5745544434, -18.7574729919, 207.897094727, -68.6314697266, 99.7756195068, -35.1476745605, 16.7654819489, -19.7992935181, 12.8929357529, -11.126704216, 12.2291545868], [349.316070557, -300.696594238, 28.9855556488, 64.5076370239, -68.6314697266, 173.326446533, -28.1651439667, 58.4333572388, -12.2406139374, -0.894644379616, -28.4094009399, 5.16820669174, -20.0779190063], [-319.097137451, 145.513015747, 91.2939834595, 60.8979072571, 99.7756195068, -28.1651439667, 157.580108643, 6.28178930283, 25.3310718536, 5.00437307358, 31.7943725586, -5.49246692657, 5.34531497955], [148.864074707, -214.305480957, 30.309753418, 41.0812988281, -35.1476745605, 58.4333572388, 6.28178930283, 85.039680481, 8.17486190796, 29.3494873047, 5.57068681717, 13.174413681, -0.809406936169], [-6.73699808121, 46.5566329956, -51.0897483826, -20.6908721924, 16.7654819489, -12.2406139374, 25.3310718536, 8.17486190796, 63.2020759583, 11.2918186188, 26.2067012787, 6.39972114563, 0.557997524738], [72.9228134155, -123.494560242, -8.48480129242, -16.2804641724, -19.7992935181, -0.894644379616, 5.00437307358, 29.3494873047, 11.2918186188, 78.5161514282, 33.7812423706, 29.3466205597, 14.6553821564], [-47.2246932983, 70.7046966553, -14.6759347916, 3.60405254364, 12.8929357529, -28.4094009399, 31.7943725586, 5.57068681717, 26.2067012787, 33.7812423706, 81.2422561646, 14.6980476379, 14.3855276108], [74.866065979, -76.1485366821, -14.623254776, -16.5538520813, -11.126704216, 5.16820669174, -5.49246692657, 13.174413681, 6.39972114563, 29.3466205597, 14.6980476379, 53.5259933472, 14.8353681564], [-50.0835456848, 13.3581590652, -52.6688766479, -19.2939147949, 12.2291545868, -20.0779190063, 5.34531497955, -0.809406936169, 0.557997524738, 14.6553821564, 14.3855276108, 14.8353681564, 52.1029167175]],
        "icov": [[0.000340046593919, 0.000289245595923, 0.000165570076206, -0.000103700644104, 9.41003818298e-005, -0.000193787709577, 0.000331732531777, 0.000273504934739, -0.000208412791835, 0.000175989087438, -0.000291179661872, -0.000127540304675, 0.00032457060297], [0.000289245595923, 0.000952533213422, 0.000708065810613, -0.000483059469843, -0.000735406822059, 0.000493603234645, 0.000108731830551, 0.000991036184132, 6.04542292422e-005, 0.000805644085631, -0.000867808877956, 9.48108863668e-005, 0.000923110113945], [0.000165570076206, 0.000708065810613, 0.00182672939263, -0.000527868687641, -0.001049219165, 0.000478208326967, -0.000645463762339, 0.000153965898789, 0.00159608724061, 0.000467574573122, -0.000666003965307, -0.000131043168949, 0.00220045493916], [-0.000103700644104, -0.000483059469843, -0.000527868687641, 0.00475895125419, 0.00162999494933, -0.00140111113433, -0.00268793199211, -0.00204309378751, 0.00218987814151, 0.0014040095266, -0.000952392292675, 0.000651818991173, 0.000233333921642], [9.41003818298e-005, -0.000735406822059, -0.001049219165, 0.00162999494933, 0.00991830695421, 0.000647015869617, -0.0054334923625, 0.0011157351546, -0.000998488278128, 0.0015340190148, 0.00128049461637, -0.000201693750569, -0.00239878101274], [-0.000193787709577, 0.000493603234645, 0.000478208326967, -0.00140111113433, 0.000647015869617, 0.0103565379977, 0.00033054369851, -0.00547265121713, 0.000860307656694, 0.00203143502586, 0.0020243562758, -0.00130845920648, 0.00260488130152], [0.000331732531777, 0.000108731830551, -0.000645463762339, -0.00268793199211, -0.0054334923625, 0.00033054369851, 0.013080005534, -0.00146473199129, -0.00395358679816, -0.00118080212269, -0.00226651830599, 0.0011455276981, -0.000644713058136], [0.000273504934739, 0.000991036184132, 0.000153965898789, -0.00204309378751, 0.0011157351546, -0.00547265121713, -0.00146473199129, 0.021574402228, -0.00383092951961, -0.00624258862808, 0.000430550338933, -0.000302419241052, -0.000713288842235], [-0.000208412791835, 6.04542292422e-005, 0.00159608724061, 0.00218987814151, -0.000998488278128, 0.000860307656694, -0.00395358679816, -0.00383092951961, 0.0226799920201, 0.00138978299219, -0.00617942586541, -0.00130442657974, 0.00456421356648], [0.000175989087438, 0.000805644085631, 0.000467574573122, 0.0014040095266, 0.0015340190148, 0.00203143502586, -0.00118080212269, -0.00624258862808, 0.00138978299219, 0.0230876803398, -0.00777024263516, -0.00745851360261, -0.000837794388644], [-0.000291179661872, -0.000867808877956, -0.000666003965307, -0.000952392292675, 0.00128049461637, 0.0020243562758, -0.00226651830599, 0.000430550338933, -0.00617942586541, -0.00777024263516, 0.0202129967511, -0.00119351781905, -0.00335373077542], [-0.000127540304675, 9.48108863668e-005, -0.000131043168949, 0.000651818991173, -0.000201693750569, -0.00130845920648, 0.0011455276981, -0.000302419241052, -0.00130442657974, -0.00745851360261, -0.00119351781905, 0.0255191903561, -0.00544181559235], [0.00032457060297, 0.000923110113945, 0.00220045493916, 0.000233333921642, -0.00239878101274, 0.00260488130152, -0.000644713058136, -0.000713288842235, 0.00456421356648, -0.000837794388644, -0.00335373077542, -0.00544181559235, 0.0258629359305]]
    },
    "spectral_contrast_coeffs": {
        "mean": [-0.625741779804, -0.787983715534, -0.828221738338, -0.823198318481, -0.817963659763, -0.713429450989],
        "var": [0.00868345331401, 0.00330245005898, 0.00131684564985, 0.000905915629119, 0.000866408750881, 0.0032410400454]
    },
    "spectral_contrast_valleys": {
        "mean": [-6.58313417435, -6.70915412903, -7.1233549118, -7.40604114532, -7.8633685112, -11.6248416901],
        "var": [0.645696520805, 0.609908938408, 0.631277024746, 0.811106920242, 0.981646776199, 2.35061383247]
    }
},
"metadata": {
    "audio_properties": {
        "analysis_sample_rate": 44100,
        "bit_rate": 128074,
        "equal_loudness": 0,
        "length": 45.0612258911,
        "lossless": 0,
        "replay_gain": -5.74873924255,
        "sample_rate": 44100,
        "codec": "mp3",
        "downmix": "mix",
        "md5_encoded": "ece356133d83edb55612cff79f378bde"
    },
    "tags": {
        "file_name": "1699.mp3"
    },
    "version": {
        "essentia": "2.1-beta2",
        "essentia_git_sha": "v2.1_beta2",
        "extractor": "music 1.0"
    }
},
"rhythm": {
    "beats_count": 77,
    "beats_loudness": {
        "mean": 0.0800448358059,
        "var": 0.00339730642736
    },
    "bpm": 103.206954956,
    "bpm_histogram_first_peak_bpm": {
        "mean": 103,
        "var": 0
    },
    "bpm_histogram_first_peak_spread": {
        "mean": 0.173333287239,
        "var": 0
    },
    "bpm_histogram_first_peak_weight": {
        "mean": 0.815789461136,
        "var": 0
    },
    "bpm_histogram_second_peak_bpm": {
        "mean": 108,
        "var": 0
    },
    "bpm_histogram_second_peak_spread": {
        "mean": 0,
        "var": 0
    },
    "bpm_histogram_second_peak_weight": {
        "mean": 0.0131578948349,
        "var": 0
    },
    "danceability": 1.26966714859,
    "onset_rate": 4.25894927979,
    "beats_loudness_band_ratio": {
        "mean": [0.637487471104, 0.0614886954427, 0.0423218421638, 0.121740154922, 0.138594999909, 0.0325525440276],
        "var": [0.117667987943, 0.00385053898208, 0.00145823846105, 0.0204213280231, 0.0289554651827, 0.00327810249291]
    },
    "beats_position": [0.603718817234, 1.20743763447, 1.79954648018, 2.39165520668, 2.97215414047, 3.55265307426, 4.13315200806, 4.71365070343, 5.2941493988, 5.87464857101, 6.45514726639, 7.03564596176, 7.61614513397, 8.19664382935, 8.78875255585, 9.38086128235, 9.96135997772, 10.5418596268, 11.1223583221, 11.7028570175, 12.2833557129, 12.8638544083, 13.4443531036, 14.0248527527, 14.6053514481, 15.1858501434, 15.7663488388, 16.3468475342, 16.9273471832, 17.5078449249, 18.088344574, 18.6688423157, 19.2493419647, 19.8414516449, 20.4335594177, 21.0140590668, 21.5945568085, 22.1750564575, 22.7555541992, 23.3360538483, 23.9165534973, 24.497051239, 25.0775508881, 25.6580486298, 26.2269382477, 26.8190479279, 27.3995456696, 27.9800453186, 28.5605430603, 29.1410427094, 29.7215423584, 30.3020401001, 30.8825397491, 31.4630374908, 32.0551452637, 32.6472549438, 33.2277526855, 33.8082542419, 34.3887519836, 34.9692497253, 35.5497512817, 36.1302490234, 36.7107467651, 37.2912483215, 37.8717460632, 38.4522438049, 39.0327415466, 39.613243103, 40.1937408447, 40.7626304626, 41.3431282043, 41.9004058838, 42.4692955017, 43.0497932434, 43.6302947998, 44.2107925415, 44.7912902832]
},
"tonal": {
    "chords_changes_rate": 0.0720164626837,
    "chords_number_rate": 0.00514403311536,
    "chords_strength": {
        "mean": 0.543941736221,
        "var": 0.00764441350475
    },
    "hpcp_entropy": {
        "mean": 2.75599598885,
        "var": 0.599978804588
    },
    "key_strength": 0.844012737274,
    "tuning_diatonic_strength": 0.67983019352,
    "tuning_equal_tempered_deviation": 0.166971728206,
    "tuning_frequency": 434.193115234,
    "tuning_nontempered_energy_ratio": 0.801342725754,
    "hpcp": {
        "mean": [0.0561289712787, 0.0604569688439, 0.0730988159776, 0.0863922685385, 0.0917185470462, 0.105774872005, 0.118347048759, 0.118862248957, 0.21537925303, 0.41090041399, 0.370711237192, 0.172431483865, 0.114865005016, 0.10694463551, 0.0987557396293, 0.0922633633018, 0.0920805856586, 0.108318507671, 0.107885695994, 0.0822842717171, 0.0841241329908, 0.0955202206969, 0.0914637893438, 0.217351734638, 0.342622756958, 0.221567824483, 0.0974383354187, 0.0845760628581, 0.0873502194881, 0.148099243641, 0.248195543885, 0.245874002576, 0.152454718947, 0.0895011052489, 0.0677592754364, 0.0632608383894],
        "var": [0.0149750495329, 0.0170834194869, 0.023524325341, 0.0322763137519, 0.0376117713749, 0.0435689352453, 0.0555439218879, 0.0472901277244, 0.0667481869459, 0.150135785341, 0.139395192266, 0.054777674377, 0.0486431233585, 0.0431184992194, 0.0356679670513, 0.0353087410331, 0.0355967618525, 0.0449075624347, 0.0429020822048, 0.0247457269579, 0.02788801305, 0.0306120552123, 0.0300312116742, 0.0575958192348, 0.147409230471, 0.060438696295, 0.0415105000138, 0.0323642864823, 0.0301229935139, 0.0461967252195, 0.0811797305942, 0.0818431973457, 0.0490353666246, 0.0263336021453, 0.0215630978346, 0.0200914628804]
    },
    "chords_histogram": [26.851852417, 0, 26.440328598, 0, 0, 0.205761313438, 0, 2.88065838814, 0, 40.6378593445, 2.98353910446, 0, 0, 0, 0, 0, 0, 0, 0, 0, 0, 0, 0, 0],
    "thpcp": [1, 0.902192413807, 0.419643014669, 0.279544621706, 0.260268986225, 0.240339845419, 0.224539473653, 0.22409465909, 0.263612568378, 0.262559235096, 0.200253561139, 0.204731196165, 0.232465624809, 0.222593560815, 0.528964519501, 0.833834052086, 0.539225101471, 0.237133696675, 0.205831050873, 0.212582454085, 0.360426127911, 0.604028463364, 0.59837859869, 0.371025949717, 0.217817023396, 0.164904370904, 0.153956621885, 0.136599943042, 0.147132903337, 0.177899107337, 0.210251107812, 0.22321356833, 0.257422149181, 0.28801882267, 0.289272636175, 0.524164140224],
    "chords_key": "C",
    "chords_scale": "major",
    "key_key": "F",
    "key_scale": "minor"
}
}