{
"lowlevel": {
    "average_loudness": 0.080355681479,
    "barkbands_crest": {
        "mean": 11.4634246826,
        "var": 24.0084075928
    },
    "barkbands_flatness_db": {
        "mean": 0.343931913376,
        "var": 0.00229962589219
    },
    "barkbands_kurtosis": {
        "mean": 5.00342035294,
        "var": 91.0481262207
    },
    "barkbands_skewness": {
        "mean": 1.35993528366,
        "var": 0.952825784683
    },
    "barkbands_spread": {
        "mean": 5.2674241066,
        "var": 11.221780777
    },
    "dissonance": {
        "mean": 0.390148162842,
        "var": 0.00279381475411
    },
    "dynamic_complexity": 9.09998607635,
    "erbbands_crest": {
        "mean": 14.1912164688,
        "var": 41.7248840332
    },
    "erbbands_flatness_db": {
        "mean": 0.378484606743,
        "var": 0.00182016647886
    },
    "erbbands_kurtosis": {
        "mean": 2.26233410835,
        "var": 43.372127533
    },
    "erbbands_skewness": {
        "mean": 0.850648641586,
        "var": 0.661941349506
    },
    "erbbands_spread": {
        "mean": 11.9546747208,
        "var": 34.7480545044
    },
    "hfc": {
        "mean": 8.34780025482,
        "var": 487.579284668
    },
    "melbands_crest": {
        "mean": 14.5851297379,
        "var": 38.5924987793
    },
    "melbands_flatness_db": {
        "mean": 0.431816399097,
        "var": 0.00387716549449
    },
    "melbands_kurtosis": {
        "mean": 5.21012973785,
        "var": 45.6605377197
    },
    "melbands_skewness": {
        "mean": 1.37355613708,
        "var": 0.983510732651
    },
    "melbands_spread": {
        "mean": 8.23978328705,
        "var": 45.0702819824
    },
    "pitch_salience": {
        "mean": 0.562670469284,
        "var": 0.0158723648638
    },
    "silence_rate_20dB": {
        "mean": 1,
        "var": 0
    },
    "silence_rate_30dB": {
        "mean": 0.978898584843,
        "var": 0.0206570159644
    },
    "silence_rate_60dB": {
        "mean": 0.506947994232,
        "var": 0.249952122569
    },
    "spectral_centroid": {
        "mean": 582.406738281,
        "var": 168511.515625
    },
    "spectral_complexity": {
        "mean": 7.43746805191,
        "var": 36.4180107117
    },
    "spectral_decrease": {
        "mean": -3.22244098072e-009,
        "var": 4.57413706472e-017
    },
    "spectral_energy": {
        "mean": 0.0129193877801,
        "var": 0.00075346097583
    },
    "spectral_energyband_high": {
        "mean": 1.15563061627e-005,
        "var": 6.0740474872e-009
    },
    "spectral_energyband_low": {
        "mean": 0.000266719813226,
        "var": 1.84659072033e-007
    },
    "spectral_energyband_middle_high": {
        "mean": 0.00278159696609,
        "var": 0.000107367377495
    },
    "spectral_energyband_middle_low": {
        "mean": 0.0101402001455,
        "var": 0.000388568791095
    },
    "spectral_entropy": {
        "mean": 5.77815437317,
        "var": 0.225755423307
    },
    "spectral_flux": {
        "mean": 0.0194367207587,
        "var": 0.00127972115297
    },
    "spectral_kurtosis": {
        "mean": 76.179397583,
        "var": 2272.43505859
    },
    "spectral_rms": {
        "mean": 0.00252956920303,
        "var": 6.20554828856e-006
    },
    "spectral_rolloff": {
        "mean": 752.35333252,
        "var": 598691.375
    },
    "spectral_skewness": {
        "mean": 5.75329303741,
        "var": 6.50645208359
    },
    "spectral_spread": {
        "mean": 1121087.875,
        "var": 1.79175463322e+012
    },
    "spectral_strongpeak": {
        "mean": 0.939239263535,
        "var": 2.02693104744
    },
    "zerocrossingrate": {
        "mean": 0.027918478474,
        "var": 0.000422439508839
    },
    "barkbands": {
        "mean": [2.10206380302e-007, 2.36608357227e-005, 7.06971186446e-005, 0.000498343724757, 0.000729614053853, 0.00187040562741, 0.00398608995602, 0.00215698825195, 0.000668148859404, 0.000541988527402, 0.000582226959523, 0.00016405248607, 0.000782935880125, 0.000317431607982, 0.000210558762774, 0.000150154795847, 9.41672260524e-005, 2.04679417948e-005, 3.66709246009e-005, 9.35156003834e-006, 3.00365286421e-006, 1.49172467445e-006, 6.31176192201e-007, 9.69521991578e-008, 7.07498637453e-009, 9.01614782833e-010, 6.10970884996e-010],
        "var": [1.77368021529e-013, 2.67218269734e-009, 5.32387929297e-008, 6.87522913267e-007, 1.62618152899e-006, 1.52692700794e-005, 0.000114869362733, 4.15787326347e-005, 4.69912265544e-006, 3.62877062798e-006, 1.16229357445e-005, 8.65739593792e-007, 2.6453697501e-005, 7.1442477747e-006, 1.31398905978e-006, 7.91623392615e-007, 1.53504657874e-007, 6.5030674179e-009, 5.91576032605e-008, 3.16665782485e-009, 2.87404738897e-010, 1.15379227006e-010, 1.18216908485e-010, 1.68282304324e-012, 6.20501481753e-015, 2.63937650121e-017, 1.12631625358e-017]
    },
    "erbbands": {
        "mean": [0.000236503241467, 0.00805385969579, 0.0772656947374, 0.834583580494, 2.286891222, 2.62745046616, 7.39917230606, 17.3199768066, 31.3952083588, 94.0220565796, 26.0371894836, 17.2224197388, 16.4797801971, 15.3383607864, 25.113243103, 11.6560554504, 38.8314628601, 19.8074378967, 6.5747051239, 18.0993614197, 4.83716201782, 4.32107305527, 2.0849905014, 2.66512918472, 0.707832634449, 0.494626522064, 0.22957290709, 0.0850067138672, 0.0445014759898, 0.0388607382774, 0.00704580312595, 0.00250927614979, 0.00178503047209, 0.000165620687767, 4.98983099533e-005, 1.3042397768e-005, 6.05522654951e-006, 1.69402039774e-006, 6.5625354182e-006, 1.48551698658e-005],
        "var": [2.12329524629e-007, 0.000302958011162, 0.04076776281, 1.72137975693, 15.1693506241, 21.5697402954, 245.297073364, 1286.44262695, 11832.6328125, 60961.5195313, 3245.23364258, 3110.52905273, 1819.05639648, 4611.63623047, 27391.1289063, 2449.94335938, 60369.0117188, 21658.6933594, 763.84552002, 12677.5292969, 567.629333496, 304.269805908, 76.7107467651, 360.627593994, 9.8525428772, 8.57551002502, 1.97507965565, 0.242943197489, 0.084922708571, 0.362360954285, 0.00520247267559, 0.000533078040462, 0.000951266149059, 3.24777374772e-006, 2.80714289147e-007, 2.81214540543e-009, 2.32845270842e-010, 2.46148518235e-011, 2.07443270894e-010, 1.02922992351e-009]
    },
    "gfcc": {
        "mean": [-270.934692383, 220.929962158, -151.201873779, -59.8012542725, -37.7044181824, -46.1318778992, -40.120010376, -18.5466804504, -15.4401397705, -11.678861618, -9.0585308075, -14.5693979263, -9.1487903595],
        "cov": [[15325.4277344, 740.075622559, -3407.21630859, 2281.72607422, 252.021194458, -1300.92248535, 1578.14001465, -749.347717285, 312.954925537, 37.6096305847, 524.50604248, -322.742279053, -97.3545074463], [740.075622559, 1276.32348633, 512.444274902, -8.13983440399, 498.062072754, -25.2265739441, 101.438911438, -72.9627227783, -157.139358521, -105.339424133, -67.0592803955, -220.512069702, -93.2102584839], [-3407.21630859, 512.444274902, 1599.74853516, -575.629089355, 108.770729065, 594.316711426, -383.974853516, 91.2075424194, -157.204345703, -103.874305725, -280.043151855, -91.1247711182, -87.3959274292], [2281.72607422, -8.13983440399, -575.629089355, 707.486816406, 116.118583679, -188.620040894, 293.86227417, -130.49987793, 37.876159668, -54.599155426, 30.5342445374, -52.4531707764, -14.2764787674], [252.021194458, 498.062072754, 108.770729065, 116.118583679, 350.535247803, -39.307220459, 64.2209701538, 7.7856054306, -64.3389892578, -44.0520591736, -6.25902080536, -86.6336288452, -22.1697101593], [-1300.92248535, -25.2265739441, 594.316711426, -188.620040894, -39.307220459, 461.22756958, -161.071685791, 11.7660388947, -9.22172164917, -32.3706550598, -119.087730408, 19.6691627502, -12.9184169769], [1578.14001465, 101.438911438, -383.974853516, 293.86227417, 64.2209701538, -161.071685791, 301.47833252, -45.6272354126, 54.4181022644, 36.2734642029, 108.576141357, -3.04139685631, 7.3564696312], [-749.347717285, -72.9627227783, 91.2075424194, -130.49987793, 7.7856054306, 11.7660388947, -45.6272354126, 161.114273071, 34.9354324341, 26.7997055054, 33.5838661194, 48.71824646, 26.4230766296], [312.954925537, -157.139358521, -157.204345703, 37.876159668, -64.3389892578, -9.22172164917, 54.4181022644, 34.9354324341, 143.387939453, 60.2309303284, 35.7058792114, 44.9614295959, 21.2538890839], [37.6096305847, -105.339424133, -103.874305725, -54.599155426, -44.0520591736, -32.3706550598, 36.2734642029, 26.7997055054, 60.2309303284, 103.757995605, 65.0703582764, 40.6456336975, 21.1625823975], [524.50604248, -67.0592803955, -280.043151855, 30.5342445374, -6.25902080536, -119.087730408, 108.576141357, 33.5838661194, 35.7058792114, 65.0703582764, 172.622436523, 65.0513305664, 24.4983272552], [-322.742279053, -220.512069702, -91.1247711182, -52.4531707764, -86.6336288452, 19.6691627502, -3.04139685631, 48.71824646, 44.9614295959, 40.6456336975, 65.0513305664, 146.627746582, 54.1507339478], [-97.3545074463, -93.2102584839, -87.3959274292, -14.2764787674, -22.1697101593, -12.9184169769, 7.3564696312, 26.4230766296, 21.2538890839, 21.1625823975, 24.4983272552, 54.1507339478, 76.7078323364]],
        "icov": [[0.000552639830858, -0.00120113382582, 0.0011838010978, -0.000825454655569, 0.00131920620333, -0.000578291132115, -0.000404003687436, 0.000482624978758, -0.000598142331, -3.6823931282e-007, -0.000503659946844, 0.000819587672595, 0.00034145679092], [-0.00120113382582, 0.00712294038385, -0.00440516229719, 0.00432836776599, -0.00820407923311, 0.00308373640291, -0.00273013603874, 0.0025344286114, 9.16405915632e-005, 0.003118441673, 0.000517080887221, -0.00024669902632, -0.000422160839662], [0.0011838010978, -0.00440516229719, 0.00633951462805, -0.00102372153196, 0.00386702874675, -0.00469155563042, -3.7631266423e-006, -0.00199600844644, 0.000939329911489, -0.00115794374142, 0.00179375475273, 0.00136400514748, 0.00272072991356], [-0.000825454655569, 0.00432836776599, -0.00102372153196, 0.0072848056443, -0.0062889168039, 0.00103524525184, -0.00477518932894, 0.00231208535843, -0.000696308910847, 0.00507203489542, 0.00267508835532, -0.000772945641074, 0.00090456882026], [0.00131920620333, -0.00820407923311, 0.00386702874675, -0.0062889168039, 0.0142343845218, -0.002936698962, 0.00245034485124, -0.00471844011918, 0.00161667878274, -0.00339550431818, -0.00191259908024, 0.0027704841923, -0.000905794324353], [-0.000578291132115, 0.00308373640291, -0.00469155563042, 0.00103524525184, -0.002936698962, 0.00703000323847, -8.01888163551e-005, 0.0028241656255, -0.00217692600563, 0.00166281487327, 0.000250364857493, -0.0023053442128, -0.00107743637636], [-0.000404003687436, -0.00273013603874, -3.7631266423e-006, -0.00477518932894, 0.00245034485124, -8.01888163551e-005, 0.0124900443479, -0.00131310860161, -0.000832377001643, -0.00444469368085, -0.00426851166412, -0.000607477675658, -0.00152513210196], [0.000482624978758, 0.0025344286114, -0.00199600844644, 0.00231208535843, -0.00471844011918, 0.0028241656255, -0.00131310860161, 0.0141445519403, -0.00629544816911, 0.00397553434595, -0.00418788939714, -0.000110432090878, -0.00172307179309], [-0.000598142331, 9.16405915632e-005, 0.000939329911489, -0.000696308910847, 0.00161667878274, -0.00217692600563, -0.000832377001643, -0.00629544816911, 0.0147837493569, -0.00786444637924, 0.00439796596766, -0.00212662992999, 0.00081198575208], [-3.6823931282e-007, 0.003118441673, -0.00115794374142, 0.00507203489542, -0.00339550431818, 0.00166281487327, -0.00444469368085, 0.00397553434595, -0.00786444637924, 0.0215533338487, -0.00537390168756, 0.00144263217226, -0.00130027113482], [-0.000503659946844, 0.000517080887221, 0.00179375475273, 0.00267508835532, -0.00191259908024, 0.000250364857493, -0.00426851166412, -0.00418788939714, 0.00439796596766, -0.00537390168756, 0.0167007613927, -0.00668992614374, 0.00352490064688], [0.000819587672595, -0.00024669902632, 0.00136400514748, -0.000772945641074, 0.0027704841923, -0.0023053442128, -0.000607477675658, -0.000110432090878, -0.00212662992999, 0.00144263217226, -0.00668992614374, 0.0164654459804, -0.00663633877411], [0.00034145679092, -0.000422160839662, 0.00272072991356, 0.00090456882026, -0.000905794324353, -0.00107743637636, -0.00152513210196, -0.00172307179309, 0.00081198575208, -0.00130027113482, 0.00352490064688, -0.00663633877411, 0.0202144104987]]
    },
    "melbands": {
        "mean": [4.24569043389e-006, 2.61039313045e-005, 0.000200714333914, 0.000173338034074, 0.000241500121774, 0.000374168390408, 0.000558456871659, 0.000934989540838, 0.000159575603902, 0.000101716519566, 8.01025817054e-005, 5.94535049459e-005, 8.45384638524e-005, 3.27244852087e-005, 6.50579167996e-005, 6.33222443867e-005, 3.69195804524e-005, 9.63134698395e-006, 1.49409333972e-005, 2.15087420656e-005, 3.25491623698e-006, 4.57300848211e-006, 3.88056014344e-006, 9.20772663449e-007, 2.48968012784e-006, 4.55468438076e-007, 3.04320280975e-007, 3.46323503209e-007, 1.43932908259e-007, 9.68123856637e-008, 4.14525160863e-008, 3.21481969934e-008, 1.58481139323e-008, 2.25315837099e-008, 2.8919500128e-009, 2.05532812991e-009, 1.24718280148e-009, 1.85395809815e-009, 1.2165227159e-010, 7.35987937261e-011],
        "var": [8.2074444463e-011, 5.83937431742e-009, 9.98374289907e-008, 8.56367776692e-008, 2.34387186993e-007, 5.9406136188e-007, 3.01341151498e-006, 6.03001581112e-006, 1.29880334043e-007, 1.08635894946e-007, 4.40740954843e-008, 8.0827632587e-008, 2.44566905394e-007, 5.44514229261e-008, 2.10536910572e-007, 1.63438798495e-007, 1.09731601583e-007, 2.00425587238e-009, 7.70597008426e-009, 1.602641575e-008, 1.80402817684e-010, 3.23959609139e-010, 3.81737086386e-010, 1.73509644152e-011, 3.43366640676e-010, 4.85326579272e-012, 1.82107692641e-012, 5.32802794939e-012, 1.15569988475e-012, 2.93674400119e-013, 7.56699255122e-014, 4.91119630044e-014, 1.87054470085e-014, 1.73009420375e-013, 6.28959815121e-016, 2.85447879763e-016, 1.8818013505e-016, 1.23445766464e-015, 1.69913413352e-018, 5.6604098564e-019]
    },
    "mfcc": {
        "mean": [-860.332946777, 203.103042603, -15.6688289642, -24.9700450897, -11.4710674286, -23.5507030487, -26.3860645294, -21.1124286652, -15.5648012161, -10.0089359283, -5.45228433609, -4.65662956238, -7.18452644348],
        "cov": [[9640.5859375, 2745.41479492, -3140.04223633, 1287.6763916, 188.071716309, -192.272918701, 263.99786377, 83.1861419678, -84.3793334961, -22.062379837, 130.393249512, 285.714538574, 202.722946167], [2745.41479492, 1752.19970703, -400.193817139, 219.447296143, 382.167327881, 86.4743347168, 216.507614136, 88.0400924683, -35.5095863342, -4.72444629669, 49.7791900635, 59.9221916199, -30.2606182098], [-3140.04223633, -400.193817139, 1633.76721191, -392.646453857, 56.8943977356, 350.999450684, 53.8944473267, 32.9918174744, 70.2794189453, 33.3835296631, -56.5653190613, -135.230545044, -160.867324829], [1287.6763916, 219.447296143, -392.646453857, 424.01461792, 57.6637153625, -3.31804466248, 93.0926589966, 25.3243961334, 22.0389575958, 18.132516861, -3.34785604477, -14.2359428406, 1.60510289669], [188.071716309, 382.167327881, 56.8943977356, 57.6637153625, 314.547943115, 62.7790565491, 48.6007575989, 77.6018981934, 9.44161701202, 11.8618488312, -5.01111221313, -45.6511650085, -39.2325744629], [-192.272918701, 86.4743347168, 350.999450684, -3.31804466248, 62.7790565491, 278.334411621, 85.0356445313, 23.5823097229, 51.613658905, 17.8156776428, -21.6536235809, -38.4616279602, -46.6633834839], [263.99786377, 216.507614136, 53.8944473267, 93.0926589966, 48.6007575989, 85.0356445313, 171.97996521, 54.8519020081, -5.29364728928, 12.3843240738, 2.95981621742, -11.4371995926, 1.88166058064], [83.1861419678, 88.0400924683, 32.9918174744, 25.3243961334, 77.6018981934, 23.5823097229, 54.8519020081, 128.385009766, 36.2017288208, 12.8691444397, 30.3983135223, 12.3301076889, 34.1496582031], [-84.3793334961, -35.5095863342, 70.2794189453, 22.0389575958, 9.44161701202, 51.613658905, -5.29364728928, 36.2017288208, 101.785163879, 53.3035812378, 14.8792533875, 13.2483005524, 17.562078476], [-22.062379837, -4.72444629669, 33.3835296631, 18.132516861, 11.8618488312, 17.8156776428, 12.3843240738, 12.8691444397, 53.3035812378, 107.729049683, 52.8615341187, -4.48973941803, -2.49596142769], [130.393249512, 49.7791900635, -56.5653190613, -3.34785604477, -5.01111221313, -21.6536235809, 2.95981621742, 30.3983135223, 14.8792533875, 52.8615341187, 113.375175476, 74.1123352051, 20.4635734558], [285.714538574, 59.9221916199, -135.230545044, -14.2359428406, -45.6511650085, -38.4616279602, -11.4371995926, 12.3301076889, 13.2483005524, -4.48973941803, 74.1123352051, 143.379928589, 75.8146133423], [202.722946167, -30.2606182098, -160.867324829, 1.60510289669, -39.2325744629, -46.6633834839, 1.88166058064, 34.1496582031, 17.562078476, -2.49596142769, 20.4635734558, 75.8146133423, 136.637008667]],
        "icov": [[0.00913836434484, -0.012478758581, 0.0135030187666, -0.0131264906377, 0.013605828397, -0.0143300918862, 0.0130820013583, -0.0147950062528, 0.0139210689813, -0.012132467702, 0.0111559303477, -0.00769858760759, 0.00285012554377], [-0.012478758581, 0.0182594433427, -0.0179172307253, 0.0182508546859, -0.0200901441276, 0.0193180628121, -0.0194223672152, 0.0206038653851, -0.0190218351781, 0.0166040472686, -0.0150042744353, 0.00918121822178, -0.00290296715684], [0.0135030187666, -0.0179172307253, 0.0216761417687, -0.0176536180079, 0.0196259133518, -0.0224418137223, 0.0179904997349, -0.022160237655, 0.0195398852229, -0.0178863089532, 0.0168047808111, -0.0113444654271, 0.00592682138085], [-0.0131264906377, 0.0182508546859, -0.0176536180079, 0.0236997902393, -0.0203747861087, 0.020556319505, -0.0225271750242, 0.022130087018, -0.0234232321382, 0.0183880385011, -0.0162459425628, 0.0120081854984, -0.00247935531661], [0.013605828397, -0.0200901441276, 0.0196259133518, -0.0203747861087, 0.0266308411956, -0.0220129732043, 0.0221660267562, -0.0264675784856, 0.022502977401, -0.0195185095072, 0.0176387596875, -0.00994314346462, 0.00477492623031], [-0.0143300918862, 0.0193180628121, -0.0224418137223, 0.020556319505, -0.0220129732043, 0.0298093352467, -0.0242401007563, 0.0255144853145, -0.0270602088422, 0.0213983245194, -0.018187077716, 0.0128084626049, -0.00382113433443], [0.0130820013583, -0.0194223672152, 0.0179904997349, -0.0225271750242, 0.0221660267562, -0.0242401007563, 0.0328196771443, -0.0281173661351, 0.0289336182177, -0.0230532269925, 0.0193170756102, -0.0121109886095, 0.00208328966983], [-0.0147950062528, 0.0206038653851, -0.022160237655, 0.022130087018, -0.0264675784856, 0.0255144853145, -0.0281173661351, 0.0422961674631, -0.0334381386638, 0.0295524857938, -0.0296395849437, 0.0195928476751, -0.0105007039383], [0.0139210689813, -0.0190218351781, 0.0195398852229, -0.0234232321382, 0.022502977401, -0.0270602088422, 0.0289336182177, -0.0334381386638, 0.048342242837, -0.0367827750742, 0.0297959838063, -0.0219595376402, 0.0044285422191], [-0.012132467702, 0.0166040472686, -0.0178863089532, 0.0183880385011, -0.0195185095072, 0.0213983245194, -0.0230532269925, 0.0295524857938, -0.0367827750742, 0.0451648496091, -0.0374449826777, 0.0257974248379, -0.00811480823904], [0.0111559303477, -0.0150042744353, 0.0168047808111, -0.0162459425628, 0.0176387596875, -0.018187077716, 0.0193170756102, -0.0296395849437, 0.0297959838063, -0.0374449826777, 0.047284591943, -0.0316374599934, 0.0120554538444], [-0.00769858760759, 0.00918121822178, -0.0113444654271, 0.0120081854984, -0.00994314346462, 0.0128084626049, -0.0121109886095, 0.0195928476751, -0.0219595376402, 0.0257974248379, -0.0316374599934, 0.0329080484807, -0.0134800868109], [0.00285012554377, -0.00290296715684, 0.00592682138085, -0.00247935531661, 0.00477492623031, -0.00382113433443, 0.00208328966983, -0.0105007039383, 0.0044285422191, -0.00811480823904, 0.0120554538444, -0.0134800868109, 0.0170725509524]]
    },
    "spectral_contrast_coeffs": {
        "mean": [-0.540537714958, -0.653762102127, -0.692935228348, -0.70413762331, -0.722025632858, -0.825827121735],
        "var": [0.0144495433196, 0.0106228748336, 0.00728090014309, 0.00442749727517, 0.00371215841733, 0.00768928322941]
    },
    "spectral_contrast_valleys": {
        "mean": [-10.3762359619, -7.75737762451, -9.1725769043, -10.1863670349, -11.7657175064, -15.011879921],
        "var": [3.0253944397, 1.91616201401, 2.05972766876, 2.32133150101, 2.72263622284, 1.03806638718]
    }
},
"metadata": {
    "audio_properties": {
        "analysis_sample_rate": 44100,
        "bit_rate": 81470,
        "equal_loudness": 0,
        "length": 45.0873451233,
        "lossless": 0,
        "replay_gain": -2.68363571167,
        "sample_rate": 44100,
        "codec": "mp3",
        "downmix": "mix",
        "md5_encoded": "f545e5261271d11666c6c54a3cef0f27"
    },
    "tags": {
        "file_name": "170.mp3"
    },
    "version": {
        "essentia": "2.1-beta2",
        "essentia_git_sha": "v2.1_beta2",
        "extractor": "music 1.0"
    }
},
"rhythm": {
    "beats_count": 106,
    "beats_loudness": {
        "mean": 0.0243144258857,
        "var": 0.00195102731232
    },
    "bpm": 136.997375488,
    "bpm_histogram_first_peak_bpm": {
        "mean": 136,
        "var": 0
    },
    "bpm_histogram_first_peak_spread": {
        "mean": 0.510204136372,
        "var": 0
    },
    "bpm_histogram_first_peak_weight": {
        "mean": 0.228571429849,
        "var": 0
    },
    "bpm_histogram_second_peak_bpm": {
        "mean": 144,
        "var": 0
    },
    "bpm_histogram_second_peak_spread": {
        "mean": 0.5,
        "var": 0
    },
    "bpm_histogram_second_peak_weight": {
        "mean": 0.171428576112,
        "var": 0
    },
    "danceability": 0.956786334515,
    "onset_rate": 1.44108951092,
    "beats_loudness_band_ratio": {
        "mean": [0.114431031048, 0.303516447544, 0.478151023388, 0.121324308217, 0.0304190609604, 0.00141792139038],
        "var": [0.00953669007868, 0.0292447581887, 0.0471687503159, 0.0228612720966, 0.00296241580509, 1.09178326966e-005]
    },
    "beats_position": [0.441179126501, 0.824308395386, 1.23065757751, 1.63700675964, 2.04335594177, 2.4497051239, 2.85605430603, 3.25079369545, 3.62231278419, 4.00544214249, 4.41179132462, 4.85297060013, 5.2941493988, 5.73532867432, 6.1648979187, 6.57124710083, 6.97759628296, 7.37233543396, 7.79029464722, 8.2198638916, 8.64943313599, 9.06739234924, 9.49696159363, 9.89170074463, 10.2864398956, 10.6811790466, 11.0759181976, 11.4822673798, 11.8886165619, 12.3065757751, 12.7245349884, 13.1192741394, 13.5140132904, 13.9087524414, 14.3034915924, 14.6982307434, 15.1045799255, 15.5109291077, 15.9172782898, 16.3004074097, 16.6835365295, 17.0898857117, 17.4846248627, 17.9025840759, 18.3205432892, 18.7385025024, 19.1564617157, 19.5860309601, 20.0272102356, 20.4683895111, 20.8979587555, 21.3275279999, 21.7454872131, 22.1634464264, 22.5814056396, 23.010974884, 23.4289340973, 23.8468933105, 24.2648525238, 24.6828117371, 25.1239910126, 25.5767803192, 26.0179595947, 26.4591369629, 26.8887062073, 27.3182754517, 27.747844696, 28.1658039093, 28.5953731537, 29.0249423981, 29.4661216736, 29.895690918, 30.3252601624, 30.7432193756, 31.1495685577, 31.5559177399, 31.9738769531, 32.4034461975, 32.8446235657, 33.2858047485, 33.7269821167, 34.1565513611, 34.5977325439, 35.0389099121, 35.480091095, 35.9212684631, 36.362449646, 36.8036270142, 37.2564163208, 37.7092056274, 38.1619949341, 38.638004303, 39.0907936096, 39.5435829163, 39.9731521606, 40.3562812805, 40.7510185242, 41.1573677063, 41.5637168884, 42.0048980713, 42.4460754395, 42.8872566223, 43.3284339905, 43.7696151733, 44.2107925415, 44.6403617859]
},
"tonal": {
    "chords_changes_rate": 0.0442386828363,
    "chords_number_rate": 0.00925925932825,
    "chords_strength": {
        "mean": 0.493883311749,
        "var": 0.00940404366702
    },
    "hpcp_entropy": {
        "mean": 1.32380306721,
        "var": 0.402190178633
    },
    "key_strength": 0.664631545544,
    "tuning_diatonic_strength": 0.422526776791,
    "tuning_equal_tempered_deviation": 0.00701271882281,
    "tuning_frequency": 440.508636475,
    "tuning_nontempered_energy_ratio": 0.578065276146,
    "hpcp": {
        "mean": [0.449771493673, 0.202231138945, 0.0049966708757, 0.0027307420969, 0.00526748271659, 0.14251293242, 0.270632386208, 0.143803685904, 0.175690084696, 0.303633153439, 0.141233339906, 0.00552852172405, 0.00548160029575, 0.00992917362601, 0.124716997147, 0.20840267837, 0.107769951224, 0.0394846983254, 0.0257398188114, 0.0117023736238, 0.139599174261, 0.234202995896, 0.123110443354, 0.183907017112, 0.267660796642, 0.107696093619, 0.0309660676867, 0.0482316985726, 0.0262743793428, 0.102828390896, 0.182278439403, 0.0878380089998, 0.0148341143504, 0.0149401100352, 0.0129918400198, 0.259411513805],
        "var": [0.178057938814, 0.0379357039928, 0.000244694208959, 0.000132027751533, 0.000817331951112, 0.0435112826526, 0.155534014106, 0.0387312062085, 0.051261767745, 0.15305736661, 0.0334595628083, 0.000100799778011, 0.000154617315275, 0.000551801524125, 0.0431068241596, 0.123259998858, 0.0254551395774, 0.0133620509878, 0.00483429525048, 0.00106557505205, 0.0452754162252, 0.119010329247, 0.0285489112139, 0.054626930505, 0.122875221074, 0.021139819175, 0.0099803507328, 0.0214585363865, 0.00477066356689, 0.0273819807917, 0.0839835330844, 0.0182879883796, 0.00159592635464, 0.00182779459283, 0.00064633047441, 0.0568384230137]
    },
    "chords_histogram": [14.4032926559, 5.76131677628, 15.2263374329, 6.68724298477, 1.44032919407, 1.23456788063, 0, 0, 0, 1.64609050751, 0, 0, 0, 0, 0, 0, 0, 0, 0, 0, 0, 0, 17.4897117615, 36.1111106873],
    "thpcp": [1, 0.449630856514, 0.0111093539745, 0.00607139896601, 0.0117114642635, 0.31685629487, 0.601710855961, 0.319726109505, 0.39062076807, 0.6750831604, 0.314011305571, 0.0122918458655, 0.012187522836, 0.0220760405064, 0.277289688587, 0.463352352381, 0.23961044848, 0.0877883508801, 0.0572286583483, 0.0260184872895, 0.310377985239, 0.520715534687, 0.27371776104, 0.408889889717, 0.595103979111, 0.239446237683, 0.0688484460115, 0.107236005366, 0.0584171749651, 0.228623628616, 0.405268996954, 0.195294737816, 0.0329814478755, 0.0332171134651, 0.0288854241371, 0.576762914658],
    "chords_key": "F",
    "chords_scale": "major",
    "key_key": "A",
    "key_scale": "minor"
}
}