{
"lowlevel": {
    "average_loudness": 0.978501498699,
    "barkbands_crest": {
        "mean": 17.6115474701,
        "var": 24.13438797
    },
    "barkbands_flatness_db": {
        "mean": 0.19175979495,
        "var": 0.00236779777333
    },
    "barkbands_kurtosis": {
        "mean": 15.1347179413,
        "var": 251.159698486
    },
    "barkbands_skewness": {
        "mean": 3.40669965744,
        "var": 2.49499750137
    },
    "barkbands_spread": {
        "mean": 18.3462181091,
        "var": 222.285903931
    },
    "dissonance": {
        "mean": 0.471976161003,
        "var": 0.000322795851389
    },
    "dynamic_complexity": 1.02202892303,
    "erbbands_crest": {
        "mean": 7.37827825546,
        "var": 9.26443958282
    },
    "erbbands_flatness_db": {
        "mean": 0.127332523465,
        "var": 0.00110181071796
    },
    "erbbands_kurtosis": {
        "mean": -0.277833789587,
        "var": 2.85336732864
    },
    "erbbands_skewness": {
        "mean": -0.332195818424,
        "var": 0.565227508545
    },
    "erbbands_spread": {
        "mean": 61.7181091309,
        "var": 355.958557129
    },
    "hfc": {
        "mean": 34.446647644,
        "var": 628.711791992
    },
    "melbands_crest": {
        "mean": 20.6839675903,
        "var": 23.4381599426
    },
    "melbands_flatness_db": {
        "mean": 0.279955625534,
        "var": 0.00359936873429
    },
    "melbands_kurtosis": {
        "mean": 54.9869003296,
        "var": 1437.81799316
    },
    "melbands_skewness": {
        "mean": 6.15159463882,
        "var": 4.63151693344
    },
    "melbands_spread": {
        "mean": 11.1948814392,
        "var": 156.076873779
    },
    "pitch_salience": {
        "mean": 0.355371206999,
        "var": 0.0173498708755
    },
    "silence_rate_20dB": {
        "mean": 1,
        "var": 0
    },
    "silence_rate_30dB": {
        "mean": 0.441297620535,
        "var": 0.246548682451
    },
    "silence_rate_60dB": {
        "mean": 0.00257466523908,
        "var": 0.00256808288395
    },
    "spectral_centroid": {
        "mean": 1565.10632324,
        "var": 557208.5625
    },
    "spectral_complexity": {
        "mean": 20.3331623077,
        "var": 44.1747512817
    },
    "spectral_decrease": {
        "mean": -2.54151366619e-008,
        "var": 1.05285176257e-016
    },
    "spectral_energy": {
        "mean": 0.0990469455719,
        "var": 0.00150733371265
    },
    "spectral_energyband_high": {
        "mean": 0.00235053617507,
        "var": 1.24112812045e-005
    },
    "spectral_energyband_low": {
        "mean": 0.0822704657912,
        "var": 0.00154048332479
    },
    "spectral_energyband_middle_high": {
        "mean": 0.00454263621941,
        "var": 9.40951485973e-006
    },
    "spectral_energyband_middle_low": {
        "mean": 0.0125004798174,
        "var": 5.97025100433e-005
    },
    "spectral_entropy": {
        "mean": 7.44354438782,
        "var": 0.119845844805
    },
    "spectral_flux": {
        "mean": 0.0943115130067,
        "var": 0.0021873714868
    },
    "spectral_kurtosis": {
        "mean": 3.60818934441,
        "var": 25.265958786
    },
    "spectral_rms": {
        "mean": 0.0095459735021,
        "var": 5.50570985069e-006
    },
    "spectral_rolloff": {
        "mean": 616.201904297,
        "var": 1539787.625
    },
    "spectral_skewness": {
        "mean": 1.27103102207,
        "var": 0.381697833538
    },
    "spectral_spread": {
        "mean": 5022888,
        "var": 2.47118115635e+012
    },
    "spectral_strongpeak": {
        "mean": 0.729608356953,
        "var": 0.103232771158
    },
    "zerocrossingrate": {
        "mean": 0.0388135835528,
        "var": 0.000784936710261
    },
    "barkbands": {
        "mean": [0.00122583773918, 0.0678761973977, 0.0105761410668, 0.00421348307282, 0.00364994653501, 0.00176733697299, 0.00136345333885, 0.000657712866087, 0.000803690345492, 0.000325881148456, 0.000331985589582, 0.00028463290073, 0.000268014584435, 0.000228644144954, 0.000384499231586, 0.000417571369326, 0.000816129439045, 0.000592416792642, 0.000554088910576, 0.000570783100557, 0.000493525760248, 0.00103058665991, 0.000271244614851, 0.000181246985449, 9.72296911641e-005, 6.35463220533e-005, 1.23566439925e-006],
        "var": [3.52090773958e-006, 0.0015277354978, 0.000115008137072, 3.35962358804e-005, 1.09579723357e-005, 3.96768155042e-006, 4.76356808576e-006, 1.41451073432e-006, 1.89465845324e-006, 7.5053543469e-007, 7.39171071018e-007, 4.70284703624e-007, 1.08895115147e-007, 1.65894491033e-007, 2.02677625794e-007, 2.53452128618e-007, 1.15776958864e-006, 5.07901063429e-007, 5.12181657086e-007, 5.81294500535e-007, 7.22104118722e-007, 4.94783535032e-006, 8.48675028919e-007, 1.03059292655e-007, 6.16544255649e-008, 2.29135039831e-008, 6.54953608709e-012]
    },
    "erbbands": {
        "mean": [1.74506831169, 15.5858688354, 17.1438007355, 14.0847330093, 11.9121875763, 12.2907238007, 11.9262132645, 15.8041658401, 22.2888450623, 15.1657152176, 13.3508892059, 20.1233386993, 9.03173923492, 10.9157419205, 17.808013916, 11.3571615219, 12.719461441, 12.115064621, 14.0561094284, 23.4064998627, 22.6930351257, 38.8008308411, 42.2109794617, 29.6206550598, 29.5050182343, 27.8139400482, 19.7507781982, 20.8194980621, 31.543296814, 25.4400043488, 7.39309501648, 5.26980113983, 2.0403316021, 1.2906126976, 0.60750746727, 0.365901052952, 0.0999134108424, 0.00965878553689, 0.000272560107987, 0.00012264950783],
        "var": [1.77692627907, 92.0776138306, 152.964981079, 268.530151367, 172.880905151, 119.543579102, 164.073379517, 394.122650146, 1360.31896973, 380.324127197, 471.698730469, 1320.04748535, 219.385025024, 897.431152344, 1839.34729004, 271.525756836, 237.08972168, 428.047790527, 301.765411377, 730.813598633, 617.102600098, 1980.46887207, 1926.4753418, 1344.70739746, 1388.41992188, 1378.83825684, 1481.34265137, 1155.20007324, 3702.66674805, 4861.85839844, 242.022445679, 103.561286926, 9.90767478943, 20.7442951202, 0.996442317963, 0.771257519722, 0.0604202151299, 0.000318177480949, 1.73931013592e-007, 2.19817630764e-009]
    },
    "gfcc": {
        "mean": [42.0190658569, 90.3770599365, -91.7663421631, 69.7085189819, -40.5864639282, 16.7852973938, -28.2554416656, 13.1433620453, -15.2049303055, 7.39469099045, -14.6374197006, 7.45854759216, -13.2145776749],
        "cov": [[3096.84570313, -1108.61218262, 34.52526474, 629.041381836, -46.117816925, 281.935211182, -58.4363861084, 213.445083618, -75.4767608643, 192.751693726, -67.1963577271, 168.922576904, -93.9434432983], [-1108.61218262, 1113.37792969, -175.560684204, -411.213775635, 79.2956924438, -205.017242432, 67.5601806641, -148.518997192, 83.0003967285, -155.262542725, 69.3633270264, -169.951507568, 88.1355133057], [34.52526474, -175.560684204, 339.448852539, 21.7934455872, 19.7465744019, 45.1764297485, -17.8507328033, 43.679069519, -18.8533859253, 60.142364502, -48.0259437561, 41.7257385254, -18.4621982574], [629.041381836, -411.213775635, 21.7934455872, 494.137145996, 55.1927986145, 55.7180252075, 37.2893600464, 17.5547084808, 55.9662094116, 89.695640564, 52.7849693298, 94.5784301758, 1.70262289047], [-46.117816925, 79.2956924438, 19.7465744019, 55.1927986145, 232.862365723, 6.63753414154, 31.3425502777, 24.2833747864, 11.464430809, 12.3357334137, 26.7831821442, 35.6839294434, 33.8125801086], [281.935211182, -205.017242432, 45.1764297485, 55.7180252075, 6.63753414154, 154.066009521, 17.5737495422, 51.8602294922, -13.7385425568, 17.2769451141, -5.47803115845, 12.1515445709, -7.5578546524], [-58.4363861084, 67.5601806641, -17.8507328033, 37.2893600464, 31.3425502777, 17.5737495422, 135.224777222, 28.3099975586, 18.9094715118, 1.7616776228, 8.75088787079, -22.2528190613, 28.331823349], [213.445083618, -148.518997192, 43.679069519, 17.5547084808, 24.2833747864, 51.8602294922, 28.3099975586, 136.658111572, -5.56507539749, 13.6851263046, -25.5171833038, -2.1290230751, -4.94941282272], [-75.4767608643, 83.0003967285, -18.8533859253, 55.9662094116, 11.464430809, -13.7385425568, 18.9094715118, -5.56507539749, 135.798583984, 41.2646331787, 41.1710891724, -8.76984405518, -5.86492538452], [192.751693726, -155.262542725, 60.142364502, 89.695640564, 12.3357334137, 17.2769451141, 1.7616776228, 13.6851263046, 41.2646331787, 128.915267944, 26.4761886597, 31.068611145, -21.2090167999], [-67.1963577271, 69.3633270264, -48.0259437561, 52.7849693298, 26.7831821442, -5.47803115845, 8.75088787079, -25.5171833038, 41.1710891724, 26.4761886597, 103.243759155, 20.1066360474, 0.175554990768], [168.922576904, -169.951507568, 41.7257385254, 94.5784301758, 35.6839294434, 12.1515445709, -22.2528190613, -2.1290230751, -8.76984405518, 31.068611145, 20.1066360474, 134.598999023, 4.06459093094], [-93.9434432983, 88.1355133057, -18.4621982574, 1.70262289047, 33.8125801086, -7.5578546524, 28.331823349, -4.94941282272, -5.86492538452, -21.2090167999, 0.175554990768, 4.06459093094, 82.4033889771]],
        "icov": [[0.000881601939909, -0.00100624037441, 0.000788698380347, -0.00175811571535, 0.000759310903959, -0.00162728666328, 0.00116858119145, -0.00166135502513, 0.00144636817276, -0.00177636870649, 0.00180805718992, -0.00107037043199, 0.0010266317986], [-0.00100624037441, 0.00888613332063, -0.00170898879878, 0.0075198742561, -0.00456171296537, 0.00718261767179, -0.00497588887811, 0.00725745549425, -0.00701434677467, 0.00796664133668, -0.00801512319595, 0.00664240168408, -0.005271746777], [0.000788698380347, -0.00170898879878, 0.00476714828983, -0.00190466083586, 0.000618424732238, -0.00272032106295, 0.00174610386603, -0.00241528218612, 0.00209263060242, -0.00430226419121, 0.00456761056557, -0.00256061088294, 0.0017439579824], [-0.00175811571535, 0.0075198742561, -0.00190466083586, 0.010308525525, -0.00430619996041, 0.00620505027473, -0.00570729281753, 0.00720114866272, -0.00746642844751, 0.00653062341735, -0.00814458169043, 0.00417376635596, -0.00499523011968], [0.000759310903959, -0.00456171296537, 0.000618424732238, -0.00430619996041, 0.00759418215603, -0.00361764524132, 0.0020621677395, -0.0051124622114, 0.00369277619757, -0.00418350007385, 0.00293561257422, -0.00456517282873, 0.00091320858337], [-0.00162728666328, 0.00718261767179, -0.00272032106295, 0.00620505027473, -0.00361764524132, 0.0147696593776, -0.00535169104114, 0.00406057899818, -0.00508562056348, 0.0072794132866, -0.00808900035918, 0.00572044635192, -0.00410546036437], [0.00116858119145, -0.00497588887811, 0.00174610386603, -0.00570729281753, 0.0020621677395, -0.00535169104114, 0.0127872899175, -0.00654886243865, 0.00365327508189, -0.00526243122295, 0.00450778007507, -0.00155434303451, 9.15211148822e-006], [-0.00166135502513, 0.00725745549425, -0.00241528218612, 0.00720114866272, -0.0051124622114, 0.00406057899818, -0.00654886243865, 0.0164909698069, -0.00656745675951, 0.00667974120006, -0.00483986595646, 0.00596824940294, -0.003666163655], [0.00144636817276, -0.00701434677467, 0.00209263060242, -0.00746642844751, 0.00369277619757, -0.00508562056348, 0.00365327508189, -0.00656745675951, 0.0158896613866, -0.00966772530228, 0.00411791121587, -0.00359181663953, 0.00495312549174], [-0.00177636870649, 0.00796664133668, -0.00430226419121, 0.00653062341735, -0.00418350007385, 0.0072794132866, -0.00526243122295, 0.00667974120006, -0.00966772530228, 0.0197887644172, -0.0105033358559, 0.00517913140357, -0.00287793087773], [0.00180805718992, -0.00801512319595, 0.00456761056557, -0.00814458169043, 0.00293561257422, -0.00808900035918, 0.00450778007507, -0.00483986595646, 0.00411791121587, -0.0105033358559, 0.0224247947335, -0.00829975679517, 0.00598989054561], [-0.00107037043199, 0.00664240168408, -0.00256061088294, 0.00417376635596, -0.00456517282873, 0.00572044635192, -0.00155434303451, 0.00596824940294, -0.00359181663953, 0.00517913140357, -0.00829975679517, 0.0155244618654, -0.00536458892748], [0.0010266317986, -0.005271746777, 0.0017439579824, -0.00499523011968, 0.00091320858337, -0.00410546036437, 9.15211148822e-006, -0.003666163655, 0.00495312549174, -0.00287793087773, 0.00598989054561, -0.00536458892748, 0.0183272752911]]
    },
    "melbands": {
        "mean": [0.0178669262677, 0.0137094240636, 0.00236555561423, 0.000883509637788, 0.000448660663096, 0.000355612544809, 0.000317065016134, 0.000157119473442, 0.000120128097478, 0.000114737085823, 4.30805957876e-005, 4.50313527836e-005, 5.19530076417e-005, 3.84261584259e-005, 3.04818604491e-005, 2.47820116783e-005, 2.18208242586e-005, 2.03547479032e-005, 2.84371108137e-005, 3.2453226595e-005, 2.44585971814e-005, 3.27681482304e-005, 5.35831277375e-005, 3.46197593899e-005, 2.21310256165e-005, 2.02171413548e-005, 2.20587862714e-005, 1.70453859027e-005, 1.29126474349e-005, 8.81653522811e-006, 1.41304408317e-005, 1.51735239342e-005, 2.57967258221e-005, 8.86572161107e-006, 4.3146783355e-006, 2.78047468782e-006, 3.34902438226e-006, 1.46348611452e-006, 8.96857955013e-007, 1.1978152088e-006],
        "var": [0.000119848518807, 6.20824721409e-005, 5.898330528e-006, 6.82610391323e-007, 2.03760876616e-007, 1.82106248303e-007, 2.63118522525e-007, 4.89022617955e-008, 3.35485204062e-008, 4.12734273425e-008, 6.17925133284e-009, 1.78697181497e-008, 1.56063926227e-008, 8.96873864065e-009, 1.3040802882e-009, 9.75718172924e-010, 1.42785505641e-009, 8.07633182554e-010, 1.2304453012e-009, 1.73436820461e-009, 8.48087933214e-010, 1.31199318076e-009, 6.13634432156e-009, 1.97629868026e-009, 1.15964904346e-009, 8.06290922917e-010, 8.40254033019e-010, 6.90146828575e-010, 6.05416994315e-010, 2.49166048905e-010, 7.16210979412e-010, 7.55000673092e-010, 5.15147347002e-009, 1.27863730714e-009, 1.01983504974e-010, 2.44875179162e-011, 5.17215263673e-011, 6.06955935165e-012, 3.47100017999e-012, 2.30856653238e-011]
    },
    "mfcc": {
        "mean": [-607.060668945, 111.345306396, 16.4214725494, 58.1578521729, 16.352481842, 19.5453281403, 1.655834198, 13.5661897659, 3.74453186989, 3.31805443764, 7.81604528427, 4.91819524765, 3.27216148376],
        "cov": [[2512.90649414, -1271.42102051, 95.7096862793, 297.14743042, 82.0075454712, 148.673660278, 73.1362304688, 113.725959778, 17.2705211639, 68.2144012451, 86.9956283569, 71.9342575073, 87.1341094971], [-1271.42102051, 1273.82946777, -207.75881958, -258.00769043, -61.6543464661, -141.594665527, -28.123456955, -64.6324462891, 7.62424325943, -35.5430183411, -57.1533889771, -25.0108985901, -83.9970245361], [95.7096862793, -207.75881958, 293.959869385, 1.50861108303, -13.4106817245, 19.4774150848, -5.7895822525, -10.7921514511, 18.0631427765, 33.2761802673, 14.538192749, -19.1051311493, -1.59022259712], [297.14743042, -258.00769043, 1.50861108303, 346.878875732, 55.4168510437, 95.1508636475, -1.65243732929, 20.2074737549, 9.58775234222, 0.143663331866, 40.1788291931, 39.1890830994, 53.4982185364], [82.0075454712, -61.6543464661, -13.4106817245, 55.4168510437, 178.475006104, 33.1286697388, 11.1883630753, 29.3561782837, 0.407499819994, -14.4238967896, 27.5275363922, 29.5546150208, 5.34911584854], [148.673660278, -141.594665527, 19.4774150848, 95.1508636475, 33.1286697388, 135.839019775, 9.86871242523, 10.376376152, -4.29137277603, -3.8184607029, 20.9767169952, 30.6315937042, 35.3722839355], [73.1362304688, -28.123456955, -5.7895822525, -1.65243732929, 11.1883630753, 9.86871242523, 139.733062744, 32.149307251, 27.0698013306, 20.7450065613, -29.0895042419, -12.0364255905, 5.91217374802], [113.725959778, -64.6324462891, -10.7921514511, 20.2074737549, 29.3561782837, 10.376376152, 32.149307251, 114.847091675, 18.3832187653, 2.88320493698, -0.578948795795, -0.704204082489, 6.89904499054], [17.2705211639, 7.62424325943, 18.0631427765, 9.58775234222, 0.407499819994, -4.29137277603, 27.0698013306, 18.3832187653, 104.33530426, 34.7380409241, -4.93073129654, -15.0494203568, -10.3207807541], [68.2144012451, -35.5430183411, 33.2761802673, 0.143663331866, -14.4238967896, -3.8184607029, 20.7450065613, 2.88320493698, 34.7380409241, 127.216400146, 26.2424087524, -5.39014148712, 0.0104812942445], [86.9956283569, -57.1533889771, 14.538192749, 40.1788291931, 27.5275363922, 20.9767169952, -29.0895042419, -0.578948795795, -4.93073129654, 26.2424087524, 119.311576843, 44.6917304993, -6.74464559555], [71.9342575073, -25.0108985901, -19.1051311493, 39.1890830994, 29.5546150208, 30.6315937042, -12.0364255905, -0.704204082489, -15.0494203568, -5.39014148712, 44.6917304993, 123.226455688, 24.1192569733], [87.1341094971, -83.9970245361, -1.59022259712, 53.4982185364, 5.34911584854, 35.3722839355, 5.91217374802, 6.89904499054, -10.3207807541, 0.0104812942445, -6.74464559555, 24.1192569733, 99.834487915]],
        "icov": [[0.000877125770785, 0.000901945109945, 0.000359390483936, -4.54792207165e-005, 5.06390097144e-005, 4.10773573094e-005, -0.000214454659726, -0.000255818828009, -0.00013912205759, -0.000206652650377, -0.000155847345013, -0.000288995710434, 8.14565064502e-005], [0.000901945109945, 0.00210612011142, 0.00118429097347, 0.000588347145822, 0.000125310121803, 0.00050824257778, -3.1544615922e-005, 0.000289336399874, -0.000576015852857, -5.64213187317e-005, 7.87682511145e-005, -0.000467887555715, 0.000542295223568], [0.000359390483936, 0.00118429097347, 0.00438861409202, 0.000576715276111, 0.000261910667177, -0.000526436895598, 0.000337160396157, 0.000644817308057, -0.000843615329359, -0.00073329906445, -0.000378546217689, 0.000575755839236, 0.000299762643408], [-4.54792207165e-005, 0.000588347145822, 0.000576715276111, 0.00427153427154, -0.000558813218959, -0.00188356940635, 0.000405882979976, 9.7355194157e-005, -0.000982656725682, 0.000270652933978, -0.000777304114308, -6.88742875354e-005, -0.00121603498701], [5.06390097144e-005, 0.000125310121803, 0.000261910667177, -0.000558813218959, 0.00663070846349, -0.000753999920562, -0.000656612799503, -0.00134489824995, -0.000153343222337, 0.00107371155173, -0.0012708788272, -0.000872646458447, 0.000517558364663], [4.10773573094e-005, 0.00050824257778, -0.000526436895598, -0.00188356940635, -0.000753999920562, 0.0104131735861, -0.00100155815016, 0.000105928229459, 0.000262616405962, 0.000691460096277, -0.000799845729489, -0.00117471045814, -0.00194752542302], [-0.000214454659726, -3.1544615922e-005, 0.000337160396157, 0.000405882979976, -0.000656612799503, -0.00100155815016, 0.00891689676791, -0.00180019182153, -0.00139696523547, -0.00167947262526, 0.00273487903178, 8.18446351332e-005, -4.4358890591e-005], [-0.000255818828009, 0.000289336399874, 0.000644817308057, 9.7355194157e-005, -0.00134489824995, 0.000105928229459, -0.00180019182153, 0.0102731119841, -0.0015747025609, 0.000460907467641, -0.000246289855568, 0.00045832406613, -0.000434179353761], [-0.00013912205759, -0.000576015852857, -0.000843615329359, -0.000982656725682, -0.000153343222337, 0.000262616405962, -0.00139696523547, -0.0015747025609, 0.0118072861806, -0.00298164482228, 0.000856757804286, 0.000705748738255, 0.00136495439801], [-0.000206652650377, -5.64213187317e-005, -0.00073329906445, 0.000270652933978, 0.00107371155173, 0.000691460096277, -0.00167947262526, 0.000460907467641, -0.00298164482228, 0.0100938649848, -0.00335623696446, 0.00080694333883, -0.000989727210253], [-0.000155847345013, 7.87682511145e-005, -0.000378546217689, -0.000777304114308, -0.0012708788272, -0.000799845729489, 0.00273487903178, -0.000246289855568, 0.000856757804286, -0.00335623696446, 0.0123615553603, -0.00399055983871, 0.00270748208277], [-0.000288995710434, -0.000467887555715, 0.000575755839236, -6.88742875354e-005, -0.000872646458447, -0.00117471045814, 8.18446351332e-005, 0.00045832406613, 0.000705748738255, 0.00080694333883, -0.00399055983871, 0.0108683835715, -0.00249134516343], [8.14565064502e-005, 0.000542295223568, 0.000299762643408, -0.00121603498701, 0.000517558364663, -0.00194752542302, -4.4358890591e-005, -0.000434179353761, 0.00136495439801, -0.000989727210253, 0.00270748208277, -0.00249134516343, 0.0126791028306]]
    },
    "spectral_contrast_coeffs": {
        "mean": [-0.649542331696, -0.694168508053, -0.73913025856, -0.733331382275, -0.712999820709, -0.702666759491],
        "var": [0.00557904271409, 0.00468359654769, 0.00353492097929, 0.0026574137155, 0.00343542010523, 0.00267070252448]
    },
    "spectral_contrast_valleys": {
        "mean": [-6.22893047333, -6.85209798813, -7.84090566635, -8.03147125244, -7.61859560013, -10.0853176117],
        "var": [0.518353879452, 0.460596442223, 0.463604003191, 0.406787872314, 0.595453202724, 0.87484651804]
    }
},
"metadata": {
    "audio_properties": {
        "analysis_sample_rate": 44100,
        "bit_rate": 128074,
        "equal_loudness": 0,
        "length": 45.0612258911,
        "lossless": 0,
        "replay_gain": -5.21010780334,
        "sample_rate": 44100,
        "codec": "mp3",
        "downmix": "mix",
        "md5_encoded": "59c6a5307fd531fe4b9af9e54752f129"
    },
    "tags": {
        "file_name": "1700.mp3"
    },
    "version": {
        "essentia": "2.1-beta2",
        "essentia_git_sha": "v2.1_beta2",
        "extractor": "music 1.0"
    }
},
"rhythm": {
    "beats_count": 93,
    "beats_loudness": {
        "mean": 0.0966690927744,
        "var": 0.00078261969611
    },
    "bpm": 124.003433228,
    "bpm_histogram_first_peak_bpm": {
        "mean": 123,
        "var": 0
    },
    "bpm_histogram_first_peak_spread": {
        "mean": 0.364705890417,
        "var": 0
    },
    "bpm_histogram_first_peak_weight": {
        "mean": 0.586956501007,
        "var": 0
    },
    "bpm_histogram_second_peak_bpm": {
        "mean": 129,
        "var": 0
    },
    "bpm_histogram_second_peak_spread": {
        "mean": 0,
        "var": 0
    },
    "bpm_histogram_second_peak_weight": {
        "mean": 0.0760869532824,
        "var": 0
    },
    "danceability": 1.18787610531,
    "onset_rate": 3.90403676033,
    "beats_loudness_band_ratio": {
        "mean": [0.794174611568, 0.0751757696271, 0.0382714383304, 0.0212637707591, 0.033428825438, 0.0572485662997],
        "var": [0.017150586471, 0.00515588046983, 0.00180365750566, 0.000702796445694, 0.000630385591649, 0.00435249414295]
    },
    "beats_position": [0.476009070873, 0.96362811327, 1.43963718414, 1.90403628349, 2.36843538284, 2.83283448219, 3.30884337425, 3.78485250473, 4.27247142792, 4.76009082794, 5.24770975113, 5.73532867432, 6.2229475975, 6.71056699753, 7.18657588959, 7.66258478165, 8.15020370483, 8.63782310486, 9.12544155121, 9.61306095123, 10.0890703201, 10.5650787354, 11.0526981354, 11.5403175354, 12.0279359818, 12.5155553818, 13.0031747818, 13.4675731659, 13.9319725037, 14.3963718414, 14.8723802567, 15.3483896255, 15.8360090256, 16.3236274719, 16.8112468719, 17.298866272, 17.786485672, 18.2741031647, 18.7501125336, 19.2261219025, 19.7137413025, 20.2013607025, 20.6889801025, 21.1765975952, 21.6526069641, 22.128616333, 22.616235733, 23.1038551331, 23.5914726257, 24.0790920258, 24.5551013947, 25.0311107635, 25.5187301636, 26.0063495636, 26.4823570251, 26.958366394, 27.4343757629, 27.9103851318, 28.3980045319, 28.8856239319, 29.3616313934, 29.8376407623, 30.3252601624, 30.8128795624, 31.3004989624, 31.7881164551, 32.2757377625, 32.7633552551, 33.239364624, 33.7269821167, 34.2029914856, 34.690612793, 35.1782302856, 35.6542396545, 36.1418571472, 36.6178665161, 37.0822677612, 37.5814971924, 38.0691146851, 38.5683441162, 39.0443534851, 39.520362854, 40.0079803467, 40.4956016541, 40.9716110229, 41.4476165771, 41.9352378845, 42.4228553772, 42.9104766846, 43.3980941772, 43.8857116699, 44.3733329773, 44.86095047]
},
"tonal": {
    "chords_changes_rate": 0.0452674888074,
    "chords_number_rate": 0.00925925932825,
    "chords_strength": {
        "mean": 0.471586883068,
        "var": 0.00949481222779
    },
    "hpcp_entropy": {
        "mean": 1.71768975258,
        "var": 0.608135461807
    },
    "key_strength": 0.854875326157,
    "tuning_diatonic_strength": 0.535992503166,
    "tuning_equal_tempered_deviation": 0.0746162235737,
    "tuning_frequency": 441.527557373,
    "tuning_nontempered_energy_ratio": 0.680696308613,
    "hpcp": {
        "mean": [0.201763421297, 0.0877480953932, 0.0407555364072, 0.0296115539968, 0.0246899072081, 0.0435051321983, 0.0811467692256, 0.0944653227925, 0.170166537166, 0.198073446751, 0.0896901637316, 0.0348674803972, 0.0293265487999, 0.0220271386206, 0.0811369791627, 0.168721720576, 0.128192678094, 0.0497710332274, 0.0384237244725, 0.0488910712302, 0.164722874761, 0.275500953197, 0.185357272625, 0.0843511819839, 0.0504081584513, 0.0210951026529, 0.0307911559939, 0.0365838333964, 0.0246706586331, 0.0206764005125, 0.0276693906635, 0.0307446662337, 0.0529053248465, 0.0854945108294, 0.113389380276, 0.20307803154],
        "var": [0.125353455544, 0.0347620546818, 0.0205383617431, 0.0144332544878, 0.0104809785262, 0.0141967963427, 0.0412894897163, 0.0453679263592, 0.0905457362533, 0.135170578957, 0.0326448790729, 0.0167468972504, 0.0147254895419, 0.00788228772581, 0.0302101671696, 0.120301917195, 0.0708660930395, 0.0228742472827, 0.0208547003567, 0.0214019604027, 0.0608362443745, 0.15427878499, 0.0752659365535, 0.0453539937735, 0.0195806790143, 0.00661407085136, 0.00648399628699, 0.00933175720274, 0.00625336309895, 0.00546432798728, 0.010059393011, 0.0101327924058, 0.0207680594176, 0.0451230891049, 0.0533979795873, 0.119273260236]
    },
    "chords_histogram": [40.1234550476, 12.7572011948, 0.308641970158, 0, 11.1111106873, 5.34979438782, 0.411522626877, 4.42386817932, 3.90946507454, 16.0493831635, 0, 0, 0, 0, 0, 0, 4.52674913406, 0, 0, 0, 0, 0, 0, 1.02880656719],
    "thpcp": [1, 0.672800838947, 0.306173831224, 0.182969093323, 0.076569981873, 0.111764244735, 0.132790222764, 0.0895483568311, 0.0750501975417, 0.100433014333, 0.111595496535, 0.192033186555, 0.310323834419, 0.41157528758, 0.737122774124, 0.732351064682, 0.318503767252, 0.147932469845, 0.107482582331, 0.0896182283759, 0.157912820578, 0.294542610645, 0.342885643244, 0.617662250996, 0.718957364559, 0.325552999973, 0.126560285687, 0.106448084116, 0.0799530372024, 0.294507086277, 0.612417936325, 0.465307563543, 0.180656477809, 0.139468565583, 0.177462443709, 0.597903132439],
    "chords_key": "A",
    "chords_scale": "minor",
    "key_key": "A",
    "key_scale": "minor"
}
}