{
"lowlevel": {
    "average_loudness": 0.953441560268,
    "barkbands_crest": {
        "mean": 11.5933980942,
        "var": 32.1713180542
    },
    "barkbands_flatness_db": {
        "mean": 0.15036444366,
        "var": 0.00205088895746
    },
    "barkbands_kurtosis": {
        "mean": 4.1975440979,
        "var": 378.325653076
    },
    "barkbands_skewness": {
        "mean": 1.13006460667,
        "var": 3.165817976
    },
    "barkbands_spread": {
        "mean": 24.8216514587,
        "var": 103.504196167
    },
    "dissonance": {
        "mean": 0.466195523739,
        "var": 0.000564641319215
    },
    "dynamic_complexity": 2.61321592331,
    "erbbands_crest": {
        "mean": 8.40191268921,
        "var": 11.4947776794
    },
    "erbbands_flatness_db": {
        "mean": 0.181757643819,
        "var": 0.00161836657207
    },
    "erbbands_kurtosis": {
        "mean": 0.319175928831,
        "var": 1.12711572647
    },
    "erbbands_skewness": {
        "mean": -0.0606357119977,
        "var": 0.237980768085
    },
    "erbbands_spread": {
        "mean": 29.0531654358,
        "var": 262.000244141
    },
    "hfc": {
        "mean": 20.7176399231,
        "var": 368.299438477
    },
    "melbands_crest": {
        "mean": 15.1165752411,
        "var": 30.473033905
    },
    "melbands_flatness_db": {
        "mean": 0.203571379185,
        "var": 0.0041491468437
    },
    "melbands_kurtosis": {
        "mean": 14.6049814224,
        "var": 2162.33642578
    },
    "melbands_skewness": {
        "mean": 2.27964806557,
        "var": 5.98110532761
    },
    "melbands_spread": {
        "mean": 31.0909004211,
        "var": 285.678588867
    },
    "pitch_salience": {
        "mean": 0.47976899147,
        "var": 0.0230053234845
    },
    "silence_rate_20dB": {
        "mean": 1,
        "var": 0
    },
    "silence_rate_30dB": {
        "mean": 0.998970150948,
        "var": 0.00102880969644
    },
    "silence_rate_60dB": {
        "mean": 0.0195674560964,
        "var": 0.0191846285015
    },
    "spectral_centroid": {
        "mean": 1724.71972656,
        "var": 279829.125
    },
    "spectral_complexity": {
        "mean": 16.8424301147,
        "var": 64.0576629639
    },
    "spectral_decrease": {
        "mean": -6.09981798405e-009,
        "var": 1.96554326283e-017
    },
    "spectral_energy": {
        "mean": 0.0249012615532,
        "var": 0.000319013284752
    },
    "spectral_energyband_high": {
        "mean": 0.000528538075741,
        "var": 6.75364617564e-007
    },
    "spectral_energyband_low": {
        "mean": 0.0115222139284,
        "var": 0.000176432251465
    },
    "spectral_energyband_middle_high": {
        "mean": 0.00868419278413,
        "var": 7.46920486563e-005
    },
    "spectral_energyband_middle_low": {
        "mean": 0.00445800134912,
        "var": 1.74040687853e-005
    },
    "spectral_entropy": {
        "mean": 7.52576875687,
        "var": 0.0874866396189
    },
    "spectral_flux": {
        "mean": 0.0887860134244,
        "var": 0.00149214908015
    },
    "spectral_kurtosis": {
        "mean": 4.56609296799,
        "var": 4.44155788422
    },
    "spectral_rms": {
        "mean": 0.0046177553013,
        "var": 2.97025189866e-006
    },
    "spectral_rolloff": {
        "mean": 1560.46240234,
        "var": 889869.8125
    },
    "spectral_skewness": {
        "mean": 1.42403876781,
        "var": 0.0987263694406
    },
    "spectral_spread": {
        "mean": 3681880,
        "var": 2.01880489165e+012
    },
    "spectral_strongpeak": {
        "mean": 0.921734511852,
        "var": 1.69819045067
    },
    "zerocrossingrate": {
        "mean": 0.0504986420274,
        "var": 0.000508946832269
    },
    "barkbands": {
        "mean": [7.56874360377e-005, 0.00991730950773, 0.00130767258815, 0.000363127182936, 0.000181600087672, 0.000318821868859, 0.00125364307314, 0.00128622038756, 0.000946837360971, 0.000631430884823, 0.00170846411493, 0.000811882899143, 0.00110361538827, 0.000766148441471, 0.000950499961618, 0.00102303002495, 0.000724618555978, 0.000408472202253, 0.000387421838241, 0.000395314738853, 0.000163030388649, 8.27862386359e-005, 5.70743177377e-005, 1.9737497496e-005, 1.34413921842e-005, 3.34428023052e-006, 9.85098722595e-008],
        "var": [1.50714178915e-008, 0.000159654693562, 3.85043995266e-006, 2.40964595832e-007, 1.51095449041e-007, 3.32580015083e-007, 6.25975189905e-006, 5.2802324717e-006, 6.79661798131e-006, 1.35709706228e-006, 1.23294294099e-005, 2.05863216252e-006, 3.5270850276e-006, 1.92288598555e-006, 2.16568446376e-006, 2.94522465083e-006, 1.20484742183e-006, 5.07289826146e-007, 2.46633646839e-007, 3.95230898675e-007, 1.02277311953e-007, 2.90489321486e-008, 7.435686733e-009, 7.9484968607e-010, 3.22613935566e-010, 4.14369753787e-011, 6.17118254284e-014]
    },
    "erbbands": {
        "mean": [0.20977203548, 2.4431271553, 2.49459671974, 1.2946639061, 0.708525538445, 0.700564742088, 1.37220406532, 3.11599373817, 13.0625991821, 26.4383354187, 24.1640739441, 24.0173244476, 14.6443080902, 38.2815437317, 67.6666183472, 35.9595108032, 48.7426185608, 40.8340339661, 48.0791397095, 58.8040504456, 47.0442771912, 41.1083869934, 27.272233963, 14.5918111801, 23.2433681488, 18.9823322296, 8.70299339294, 5.56881713867, 3.05743908882, 2.38966035843, 1.40738391876, 0.557453274727, 0.310298234224, 0.166347667575, 0.0780519917607, 0.0236739777029, 0.00445672543719, 0.000499160669278, 2.69428383035e-005, 3.0589337257e-005],
        "var": [0.0747823566198, 9.99582386017, 8.62133598328, 2.78475570679, 0.632031083107, 4.73064422607, 8.44072818756, 24.4416122437, 731.346008301, 1742.02587891, 1668.46032715, 5901.67041016, 614.589538574, 3513.99047852, 19581.8164063, 3061.23022461, 6910.85986328, 3145.2824707, 5162.53222656, 8796.75585938, 4429.47558594, 3442.68481445, 1965.47338867, 368.119506836, 979.316467285, 1000.50823975, 230.658554077, 140.371383667, 43.5443611145, 16.0832576752, 4.59048652649, 0.575796306133, 0.211720332503, 0.047485217452, 0.0142219262198, 0.00158705492504, 0.00011188708595, 9.53092069267e-007, 8.26147539268e-010, 4.6414155852e-010]
    },
    "gfcc": {
        "mean": [-14.6543607712, 93.5721511841, -148.611236572, 41.884311676, -41.4488754272, 30.4451446533, -20.013841629, 23.1587924957, -6.89445590973, 13.8657417297, -7.05065631866, -2.99609065056, -11.3842134476],
        "cov": [[3088.71899414, -177.578735352, -941.915161133, 44.1749229431, 45.0573310852, -15.9306964874, 108.544212341, 83.5495071411, 105.062713623, 64.2385177612, 89.2674865723, 101.326461792, 3.58741402626], [-177.578735352, 622.205444336, 76.0726318359, -66.9042434692, 101.808448792, -48.4790153503, 44.0299835205, -77.0975952148, 3.95989370346, -100.240226746, 31.422870636, -52.0115203857, 76.0936813354], [-941.915161133, 76.0726318359, 974.234558105, 173.73274231, -10.1044683456, 103.365455627, -51.4694099426, 27.3266849518, -61.3897018433, 25.0954704285, -28.080493927, 26.1641521454, 9.9410905838], [44.1749229431, -66.9042434692, 173.73274231, 246.714324951, 52.6608047485, 7.97408723831, 18.1741104126, 18.9984588623, 25.2085189819, 10.9086008072, 14.0516500473, -1.36277651787, -12.2162504196], [45.0573310852, 101.808448792, -10.1044683456, 52.6608047485, 176.140563965, 49.2789878845, 51.3553733826, 7.14728498459, 34.9798355103, -4.27364730835, 16.7739696503, -25.3325424194, 8.1372385025], [-15.9306964874, -48.4790153503, 103.365455627, 7.97408723831, 49.2789878845, 134.760482788, 34.2624397278, 8.67499351501, 4.02740859985, 28.1731872559, -4.52963209152, 3.60159063339, -3.26984095573], [108.544212341, 44.0299835205, -51.4694099426, 18.1741104126, 51.3553733826, 34.2624397278, 104.735359192, 32.3717880249, 45.485168457, 6.95350122452, 23.6028556824, -13.5673561096, -0.143001422286], [83.5495071411, -77.0975952148, 27.3266849518, 18.9984588623, 7.14728498459, 8.67499351501, 32.3717880249, 98.8081130981, 41.5812225342, 29.29646492, 11.248049736, -0.672446250916, -22.7533798218], [105.062713623, 3.95989370346, -61.3897018433, 25.2085189819, 34.9798355103, 4.02740859985, 45.485168457, 41.5812225342, 97.2621688843, 37.8918113708, 30.9709568024, -15.0725212097, -13.6164093018], [64.2385177612, -100.240226746, 25.0954704285, 10.9086008072, -4.27364730835, 28.1731872559, 6.95350122452, 29.29646492, 37.8918113708, 89.9402618408, 37.4049491882, 26.8349304199, -15.9556274414], [89.2674865723, 31.422870636, -28.080493927, 14.0516500473, 16.7739696503, -4.52963209152, 23.6028556824, 11.248049736, 30.9709568024, 37.4049491882, 93.1512069702, 46.3331108093, 17.8431224823], [101.326461792, -52.0115203857, 26.1641521454, -1.36277651787, -25.3325424194, 3.60159063339, -13.5673561096, -0.672446250916, -15.0725212097, 26.8349304199, 46.3331108093, 110.356239319, 50.4202842712], [3.58741402626, 76.0936813354, 9.9410905838, -12.2162504196, 8.1372385025, -3.26984095573, -0.143001422286, -22.7533798218, -13.6164093018, -15.9556274414, 17.8431224823, 50.4202842712, 89.204208374]],
        "icov": [[0.000746023084503, -0.000973530753981, 0.00139907351695, -0.00145698408596, 0.000629986519925, -0.00119453389198, 0.00047136854846, -0.00155986275058, 0.000693612440955, -0.00112011597957, 0.00105607986916, -0.00158230320085, 0.000535263854545], [-0.000973530753981, 0.00713746622205, -0.00426935777068, 0.00581611180678, -0.00404060678557, 0.00553426844999, -0.0036591088865, 0.00680606113747, -0.00369957461953, 0.00695519056171, -0.00638581812382, 0.00612983107567, -0.0039834738709], [0.00139907351695, -0.00426935777068, 0.00526304310188, -0.00572375720367, 0.00303769065067, -0.00548231462017, 0.00335524091497, -0.00604522041976, 0.00378011586145, -0.00478006200865, 0.00400106702, -0.00399533007294, 0.00138055859134], [-0.00145698408596, 0.00581611180678, -0.00572375720367, 0.0110891545191, -0.00533528346568, 0.00667071063071, -0.00389791629277, 0.00682615349069, -0.00484980782494, 0.00624261703342, -0.0053187655285, 0.00433501554653, -0.0012901679147], [0.000629986519925, -0.00404060678557, 0.00303769065067, -0.00533528346568, 0.0111921671778, -0.00713652046397, 0.00119093607645, -0.0039369026199, 0.000546143332031, -0.00186441326514, 0.000953914772253, -6.23584346613e-005, -0.000338265759638], [-0.00119453389198, 0.00553426844999, -0.00548231462017, 0.00667071063071, -0.00713652046397, 0.0172941982746, -0.0084517262876, 0.00755703309551, -0.00102648534812, -0.000234489954892, -0.000692223838996, 0.0028357997071, -0.00161242263857], [0.00047136854846, -0.0036591088865, 0.00335524091497, -0.00389791629277, 0.00119093607645, -0.0084517262876, 0.0189831126481, -0.00798439607024, -0.00255866907537, 0.000569240073673, -0.00145525194239, 8.15458843135e-005, -0.000273701851256], [-0.00155986275058, 0.00680606113747, -0.00604522041976, 0.00682615349069, -0.0039369026199, 0.00755703309551, -0.00798439607024, 0.0222967676818, -0.00901584234089, 0.00503228977323, -0.00390487955883, 0.00298242876306, 0.000795307976659], [0.000693612440955, -0.00369957461953, 0.00378011586145, -0.00484980782494, 0.000546143332031, -0.00102648534812, -0.00255866907537, -0.00901584234089, 0.0235244575888, -0.0124958539382, -0.000165707082488, 0.00309891602956, -0.000711382832378], [-0.00112011597957, 0.00695519056171, -0.00478006200865, 0.00624261703342, -0.00186441326514, -0.000234489954892, 0.000569240073673, 0.00503228977323, -0.0124958539382, 0.0292818360031, -0.0123756388202, 0.000416651077103, 0.00251573231071], [0.00105607986916, -0.00638581812382, 0.00400106702, -0.0053187655285, 0.000953914772253, -0.000692223838996, -0.00145525194239, -0.00390487955883, -0.000165707082488, -0.0123756388202, 0.0261219739914, -0.0147630469874, 0.00400026561692], [-0.00158230320085, 0.00612983107567, -0.00399533007294, 0.00433501554653, -6.23584346613e-005, 0.0028357997071, 8.15458843135e-005, 0.00298242876306, 0.00309891602956, 0.000416651077103, -0.0147630469874, 0.0279524847865, -0.0155547223985], [0.000535263854545, -0.0039834738709, 0.00138055859134, -0.0012901679147, -0.000338265759638, -0.00161242263857, -0.000273701851256, 0.000795307976659, -0.000711382832378, 0.00251573231071, 0.00400026561692, -0.0155547223985, 0.0227634850889]]
    },
    "melbands": {
        "mean": [0.00246833334677, 0.00210152938962, 0.0002103811712, 4.40697112936e-005, 4.46746489615e-005, 7.02779143467e-005, 0.000221746042371, 0.000301909836708, 0.000186623583431, 0.000143938290421, 6.71976522426e-005, 0.000140468546306, 0.000242031717789, 0.00010709228809, 9.90059779724e-005, 0.000105447863461, 7.23222256056e-005, 7.66288067098e-005, 7.1953261795e-005, 8.19326378405e-005, 4.9660266086e-005, 4.33565037383e-005, 3.46191518474e-005, 1.57446247613e-005, 1.0729886526e-005, 1.58363163791e-005, 1.6412092009e-005, 1.19410979096e-005, 5.82003167438e-006, 3.8760786083e-006, 2.9252096283e-006, 1.73211185484e-006, 1.4661223986e-006, 1.29606075916e-006, 8.93298476967e-007, 5.09625522227e-007, 2.70976755701e-007, 2.27422290777e-007, 1.81708372793e-007, 1.22916446799e-007],
        "var": [1.01900441223e-005, 5.82283928452e-006, 6.24125391369e-008, 7.2159789255e-009, 8.13551537249e-009, 1.37914515363e-008, 2.18709288902e-007, 2.28837592431e-007, 9.73772458224e-008, 2.23369426067e-007, 1.54496326843e-008, 5.31716324303e-008, 2.75347730394e-007, 3.58872718209e-008, 3.03546698888e-008, 3.5960230349e-008, 1.42058365071e-008, 1.58509205761e-008, 1.21217347271e-008, 2.34495534102e-008, 6.82802747676e-009, 4.9491468701e-009, 3.21903947942e-009, 7.15126569073e-010, 2.89761464822e-010, 5.03166175392e-010, 6.21722839877e-010, 5.17237641606e-010, 1.17407195077e-010, 5.81611286909e-011, 4.81697182142e-011, 1.66327073642e-011, 1.05117459875e-011, 4.6031273411e-012, 2.02232913575e-012, 6.25966292689e-013, 1.53196316852e-013, 1.31650495627e-013, 5.83489216687e-014, 2.85203142299e-014]
    },
    "mfcc": {
        "mean": [-647.854553223, 113.310272217, -29.374753952, 24.4568901062, 7.84261369705, 15.6032495499, 7.82370185852, 11.6211919785, 10.5271444321, 16.3432312012, 9.74683856964, 13.2963008881, 14.4265480042],
        "cov": [[3012.45874023, -307.432250977, -1001.44927979, -14.4518146515, -193.701385498, -7.290579319, -51.3915023804, 87.3741760254, -11.1804180145, 42.8548660278, -75.7451248169, 94.3760375977, 275.357788086], [-307.432250977, 686.540893555, 16.9711399078, -67.4971008301, 36.5178489685, 12.1552581787, 43.3991203308, 4.67987203598, -3.46328473091, -22.0764732361, -20.538980484, -89.3541793823, -77.8798217773], [-1001.44927979, 16.9711399078, 797.615722656, 115.344535828, 124.612930298, 36.1966552734, 52.2737426758, -8.96729278564, 18.5628662109, -34.5984687805, 37.5298194885, -2.62321376801, -110.738128662], [-14.4518146515, -67.4971008301, 115.344535828, 248.379119873, 64.5896835327, 4.69219827652, 3.60038208961, 25.7177619934, -1.70566177368, 23.6772651672, 15.9470787048, 19.1370620728, 21.7431144714], [-193.701385498, 36.5178489685, 124.612930298, 64.5896835327, 140.08164978, 46.4828147888, 33.7916984558, 10.2510528564, 13.6504716873, 11.4191255569, 11.4843006134, -1.22825360298, -14.2460594177], [-7.290579319, 12.1552581787, 36.1966552734, 4.69219827652, 46.4828147888, 125.431976318, 41.5064659119, 4.04053783417, 20.8091030121, -6.01361703873, 10.9895734787, 17.2248439789, -8.14218711853], [-51.3915023804, 43.3991203308, 52.2737426758, 3.60038208961, 33.7916984558, 41.5064659119, 83.0585784912, 25.853729248, 10.2292938232, 9.3046836853, 6.59354543686, 4.3465218544, 4.75475788116], [87.3741760254, 4.67987203598, -8.96729278564, 25.7177619934, 10.2510528564, 4.04053783417, 25.853729248, 68.8039321899, 20.8013401031, 20.8142185211, 2.27903866768, 6.07559347153, 24.0033550262], [-11.1804180145, -3.46328473091, 18.5628662109, -1.70566177368, 13.6504716873, 20.8091030121, 10.2292938232, 20.8013401031, 72.4996109009, 30.0398044586, 13.4605455399, 8.47726154327, -11.0131378174], [42.8548660278, -22.0764732361, -34.5984687805, 23.6772651672, 11.4191255569, -6.01361703873, 9.3046836853, 20.8142185211, 30.0398044586, 108.241149902, 39.5960464478, 17.0336532593, 22.7434444427], [-75.7451248169, -20.538980484, 37.5298194885, 15.9470787048, 11.4843006134, 10.9895734787, 6.59354543686, 2.27903866768, 13.4605455399, 39.5960464478, 91.5284347534, 44.8999557495, -2.34579634666], [94.3760375977, -89.3541793823, -2.62321376801, 19.1370620728, -1.22825360298, 17.2248439789, 4.3465218544, 6.07559347153, 8.47726154327, 17.0336532593, 44.8999557495, 103.066131592, 72.3252716064], [275.357788086, -77.8798217773, -110.738128662, 21.7431144714, -14.2460594177, -8.14218711853, 4.75475788116, 24.0033550262, -11.0131378174, 22.7434444427, -2.34579634666, 72.3252716064, 191.530715942]],
        "icov": [[0.000716186594218, 0.000198797977646, 0.000832363613881, -0.000318655016599, 0.000435862340964, -0.000351460825186, 2.45037881541e-005, -0.000693612615578, 1.32257091536e-005, 6.34682000964e-005, 0.000528378121089, -0.00042309978744, -0.000168117330759], [0.000198797977646, 0.00185797386803, 0.000315722281812, 0.000406034931075, -0.000436680100393, 2.80822478089e-005, -0.000888806360308, -0.000369630928617, 0.000100085548183, 0.000386395520763, -0.000406639912399, 0.00149127526674, 3.49905676558e-005], [0.000832363613881, 0.000315722281812, 0.00280626118183, -0.00108893553261, -0.00066098687239, 0.000256130937487, -0.00123924762011, -0.000171360734385, -0.000584759109188, 0.00122289673891, 3.79560015062e-006, -0.000977988238446, 0.000882319989614], [-0.000318655016599, 0.000406034931075, -0.00108893553261, 0.00565247237682, -0.00257288455032, 0.000214659172343, 0.00159631308634, -0.00212897802703, 0.0016413043486, -0.00110924383625, -0.000228432312724, -3.73168186343e-005, -0.000365732819773], [0.000435862340964, -0.000436680100393, -0.00066098687239, -0.00257288455032, 0.0112562477589, -0.00337733956985, -0.00174149835948, 7.27199658286e-005, -0.000489109253976, -0.00116139661986, 0.000257735082414, 0.000827750482131, -0.000366116786608], [-0.000351460825186, 2.80822478089e-005, 0.000256130937487, 0.000214659172343, -0.00337733956985, 0.0119707472622, -0.00551421009004, 0.00234656361863, -0.00328005757183, 0.00244359974749, -0.000489513331559, -0.00235962844454, 0.00114718463738], [2.45037881541e-005, -0.000888806360308, -0.00123924762011, 0.00159631308634, -0.00174149835948, -0.00551421009004, 0.0188536345959, -0.00701478403062, 0.00213306793012, -0.00178176420741, 0.000106256906292, 0.000150720152305, -0.000968606560491], [-0.000693612615578, -0.000369630928617, -0.000171360734385, -0.00212897802703, 7.27199658286e-005, 0.00234656361863, -0.00701478403062, 0.0214763507247, -0.00618007220328, -0.000793333805632, -0.000172280488187, 0.00168939318974, -0.00232390011661], [1.32257091536e-005, 0.000100085548183, -0.000584759109188, 0.0016413043486, -0.000489109253976, -0.00328005757183, 0.00213306793012, -0.00618007220328, 0.0193640626967, -0.00576112698764, 0.00152039772365, -0.00276982109062, 0.00290510966443], [6.34682000964e-005, 0.000386395520763, 0.00122289673891, -0.00110924383625, -0.00116139661986, 0.00244359974749, -0.00178176420741, -0.000793333805632, -0.00576112698764, 0.0147225838155, -0.00719200819731, 0.00294511648826, -0.00221973052248], [0.000528378121089, -0.000406639912399, 3.79560015062e-006, -0.000228432312724, 0.000257735082414, -0.000489513331559, 0.000106256906292, -0.000172280488187, 0.00152039772365, -0.00719200819731, 0.0200855433941, -0.01170853246, 0.00472924625501], [-0.00042309978744, 0.00149127526674, -0.000977988238446, -3.73168186343e-005, 0.000827750482131, -0.00235962844454, 0.000150720152305, 0.00168939318974, -0.00276982109062, 0.00294511648826, -0.01170853246, 0.0226970016956, -0.00882392376661], [-0.000168117330759, 3.49905676558e-005, 0.000882319989614, -0.000365732819773, -0.000366116786608, 0.00114718463738, -0.000968606560491, -0.00232390011661, 0.00290510966443, -0.00221973052248, 0.00472924625501, -0.00882392376661, 0.0101861106232]]
    },
    "spectral_contrast_coeffs": {
        "mean": [-0.669002890587, -0.692657828331, -0.705202400684, -0.726669669151, -0.750219643116, -0.737530767918],
        "var": [0.00447538401932, 0.00720553100109, 0.00774691160768, 0.00633463682607, 0.00413254462183, 0.00166009715758]
    },
    "spectral_contrast_valleys": {
        "mean": [-7.8658657074, -7.26952791214, -7.68297100067, -7.6160993576, -7.63316297531, -10.5697717667],
        "var": [0.529970049858, 0.48935508728, 0.707924008369, 0.765257179737, 0.615653991699, 0.479202985764]
    }
},
"metadata": {
    "audio_properties": {
        "analysis_sample_rate": 44100,
        "bit_rate": 128074,
        "equal_loudness": 0,
        "length": 45.0612258911,
        "lossless": 0,
        "replay_gain": -6.17345237732,
        "sample_rate": 44100,
        "codec": "mp3",
        "downmix": "mix",
        "md5_encoded": "0c244de96576644c9324e19a7648de80"
    },
    "tags": {
        "file_name": "1703.mp3"
    },
    "version": {
        "essentia": "2.1-beta2",
        "essentia_git_sha": "v2.1_beta2",
        "extractor": "music 1.0"
    }
},
"rhythm": {
    "beats_count": 90,
    "beats_loudness": {
        "mean": 0.0307413097471,
        "var": 0.00035746768117
    },
    "bpm": 103.20476532,
    "bpm_histogram_first_peak_bpm": {
        "mean": 103,
        "var": 0
    },
    "bpm_histogram_first_peak_spread": {
        "mean": 0.54545456171,
        "var": 0
    },
    "bpm_histogram_first_peak_weight": {
        "mean": 0.112359553576,
        "var": 0
    },
    "bpm_histogram_second_peak_bpm": {
        "mean": 112,
        "var": 0
    },
    "bpm_histogram_second_peak_spread": {
        "mean": 0.571428596973,
        "var": 0
    },
    "bpm_histogram_second_peak_weight": {
        "mean": 0.101123593748,
        "var": 0
    },
    "danceability": 1.44588708878,
    "onset_rate": 4.21458530426,
    "beats_loudness_band_ratio": {
        "mean": [0.405066937208, 0.0306061431766, 0.17483240366, 0.208370894194, 0.150755822659, 0.0469323173165],
        "var": [0.0812635347247, 0.00127351633273, 0.016424017027, 0.0214616451412, 0.0107931476086, 0.00140896439552]
    },
    "beats_position": [0.487619042397, 0.975238084793, 1.46285712719, 1.93886613846, 2.41487526894, 2.90249419212, 3.39011335373, 3.87773227692, 4.37696123123, 4.87619018555, 5.38702917099, 5.89786815643, 6.37387752533, 6.86149644852, 7.36072540283, 7.8251247406, 8.28952407837, 8.76553249359, 9.14866161346, 9.53179073334, 9.91492080688, 10.2980499268, 10.7276191711, 11.1687984467, 11.5983667374, 12.0279359818, 12.4691152573, 12.9102945328, 13.3514738083, 13.7810430527, 14.2106122971, 14.6401815414, 15.0349206924, 15.4296598434, 15.8127889633, 16.1843090057, 16.5558280945, 16.9273471832, 17.3104763031, 17.693605423, 18.0535144806, 18.4134235382, 18.7733325958, 19.1448516846, 19.6440811157, 20.1433105469, 20.642539978, 21.1882076263, 21.733877182, 22.2679367065, 22.8019943237, 23.3476638794, 23.9165534973, 24.5086612701, 25.1007709503, 25.681268692, 26.2501583099, 26.8190479279, 27.353105545, 27.8871650696, 28.4328346252, 28.9785022736, 29.5125617981, 30.0930614471, 30.6735591888, 31.2540588379, 31.8229465485, 32.4034461975, 32.9839439392, 33.5644454956, 34.1681632996, 34.7138328552, 35.2362823486, 35.7703399658, 36.304397583, 36.8500671387, 37.4537849426, 38.034286499, 38.6263923645, 39.2185020447, 39.7989997864, 40.3795013428, 40.9483909607, 41.5172767639, 42.0397262573, 42.5621757507, 43.0846252441, 43.6070747375, 44.1411323547, 44.6751937866]
},
"tonal": {
    "chords_changes_rate": 0.150205761194,
    "chords_number_rate": 0.0205761324614,
    "chords_strength": {
        "mean": 0.439032256603,
        "var": 0.0102510647848
    },
    "hpcp_entropy": {
        "mean": 1.84155106544,
        "var": 0.471009999514
    },
    "key_strength": 0.323643893003,
    "tuning_diatonic_strength": 0.349193155766,
    "tuning_equal_tempered_deviation": 0.242387384176,
    "tuning_frequency": 444.598632813,
    "tuning_nontempered_energy_ratio": 0.893097519875,
    "hpcp": {
        "mean": [0.129798412323, 0.139976546168, 0.130389288068, 0.113314583898, 0.136117711663, 0.15673533082, 0.153601199389, 0.174175873399, 0.182944282889, 0.165827915072, 0.139898344874, 0.1223333776, 0.132495671511, 0.163016930223, 0.210219800472, 0.206952631474, 0.143559187651, 0.111768722534, 0.114450253546, 0.121979050338, 0.120020620525, 0.117986664176, 0.124365717173, 0.119312278926, 0.106229074299, 0.100602701306, 0.0854908376932, 0.0665065646172, 0.0759494304657, 0.0952599942684, 0.0932481065392, 0.077082529664, 0.0716787353158, 0.0791348442435, 0.0880692973733, 0.106559127569],
        "var": [0.0524731203914, 0.0569483153522, 0.0583952590823, 0.0399980768561, 0.0625985339284, 0.0716041177511, 0.0641213804483, 0.0733449831605, 0.0767254531384, 0.0719383582473, 0.0594052784145, 0.0502570271492, 0.0544326379895, 0.0675054863095, 0.0938839092851, 0.101909190416, 0.0524616390467, 0.0452179610729, 0.0461914129555, 0.0491048432887, 0.0467670820653, 0.0519070886075, 0.0548859685659, 0.0488493405282, 0.0419068858027, 0.0382817573845, 0.0329188480973, 0.0223718062043, 0.0314759388566, 0.0441287122667, 0.0357873924077, 0.0234993826598, 0.0215785652399, 0.0272321272641, 0.030755372718, 0.0401300750673]
    },
    "chords_histogram": [3.39506173134, 7.92181062698, 1.13168728352, 1.85185182095, 2.57201647758, 7.81893014908, 0.205761313438, 0, 0, 2.57201647758, 1.33744859695, 1.33744859695, 5.86419773102, 7.61316871643, 4.32098770142, 5.04115247726, 4.32098770142, 0, 5.96707820892, 3.49794244766, 3.39506173134, 6.06995868683, 17.7983531952, 5.96707820892],
    "thpcp": [1, 0.984458327293, 0.682900428772, 0.531675517559, 0.544431388378, 0.580245316029, 0.570929169655, 0.561253786087, 0.591598510742, 0.567559659481, 0.505323827267, 0.478559583426, 0.406673580408, 0.316366791725, 0.361285805702, 0.453144729137, 0.443574339151, 0.366675883532, 0.340970426798, 0.376438587904, 0.418939113617, 0.506893873215, 0.617441415787, 0.665858030319, 0.62025219202, 0.539029061794, 0.647501885891, 0.745578348637, 0.730669498444, 0.828541696072, 0.870252370834, 0.788831114769, 0.665486037731, 0.581930816174, 0.630272090435, 0.775459468365],
    "chords_key": "A",
    "chords_scale": "major",
    "key_key": "E",
    "key_scale": "major"
}
}