{
"lowlevel": {
    "average_loudness": 0.962804913521,
    "barkbands_crest": {
        "mean": 12.2822732925,
        "var": 35.4297790527
    },
    "barkbands_flatness_db": {
        "mean": 0.135491758585,
        "var": 0.00231956481002
    },
    "barkbands_kurtosis": {
        "mean": 4.64862966537,
        "var": 94.4533538818
    },
    "barkbands_skewness": {
        "mean": 1.5913336277,
        "var": 2.15824580193
    },
    "barkbands_spread": {
        "mean": 22.1102848053,
        "var": 108.42515564
    },
    "dissonance": {
        "mean": 0.473176807165,
        "var": 0.000373787101125
    },
    "dynamic_complexity": 3.7321562767,
    "erbbands_crest": {
        "mean": 8.26793193817,
        "var": 16.1756687164
    },
    "erbbands_flatness_db": {
        "mean": 0.151596054435,
        "var": 0.00191433529835
    },
    "erbbands_kurtosis": {
        "mean": -0.0119574014097,
        "var": 1.75925564766
    },
    "erbbands_skewness": {
        "mean": 0.0131053756922,
        "var": 0.354894548655
    },
    "erbbands_spread": {
        "mean": 36.0153427124,
        "var": 207.988586426
    },
    "hfc": {
        "mean": 18.3049850464,
        "var": 191.165466309
    },
    "melbands_crest": {
        "mean": 15.2427902222,
        "var": 33.3999137878
    },
    "melbands_flatness_db": {
        "mean": 0.202410787344,
        "var": 0.00404308270663
    },
    "melbands_kurtosis": {
        "mean": 14.9229221344,
        "var": 513.550598145
    },
    "melbands_skewness": {
        "mean": 2.77691149712,
        "var": 3.69645285606
    },
    "melbands_spread": {
        "mean": 24.4857444763,
        "var": 281.914001465
    },
    "pitch_salience": {
        "mean": 0.476155936718,
        "var": 0.0201797503978
    },
    "silence_rate_20dB": {
        "mean": 1,
        "var": 0
    },
    "silence_rate_30dB": {
        "mean": 0.991761088371,
        "var": 0.0081709260121
    },
    "silence_rate_60dB": {
        "mean": 0.093202881515,
        "var": 0.0845161825418
    },
    "spectral_centroid": {
        "mean": 1510.91967773,
        "var": 297336.5
    },
    "spectral_complexity": {
        "mean": 19.2687950134,
        "var": 89.8770980835
    },
    "spectral_decrease": {
        "mean": -8.83439099653e-009,
        "var": 5.58060047237e-017
    },
    "spectral_energy": {
        "mean": 0.0350034460425,
        "var": 0.000838787993416
    },
    "spectral_energyband_high": {
        "mean": 0.000549461692572,
        "var": 3.33539077246e-007
    },
    "spectral_energyband_low": {
        "mean": 0.0188503880054,
        "var": 0.000543898786418
    },
    "spectral_energyband_middle_high": {
        "mean": 0.00583107117563,
        "var": 2.73398891295e-005
    },
    "spectral_energyband_middle_low": {
        "mean": 0.0105833513662,
        "var": 0.000206850134418
    },
    "spectral_entropy": {
        "mean": 7.61477470398,
        "var": 0.0847327634692
    },
    "spectral_flux": {
        "mean": 0.0879826173186,
        "var": 0.00256951875053
    },
    "spectral_kurtosis": {
        "mean": 4.46443605423,
        "var": 5.2219171524
    },
    "spectral_rms": {
        "mean": 0.00523844920099,
        "var": 6.70834106131e-006
    },
    "spectral_rolloff": {
        "mean": 1357.86535645,
        "var": 1554926.875
    },
    "spectral_skewness": {
        "mean": 1.47341239452,
        "var": 0.105757363141
    },
    "spectral_spread": {
        "mean": 4086227,
        "var": 1.92781457818e+012
    },
    "spectral_strongpeak": {
        "mean": 0.763839185238,
        "var": 1.15319752693
    },
    "zerocrossingrate": {
        "mean": 0.0526058934629,
        "var": 0.00108649814501
    },
    "barkbands": {
        "mean": [9.18409059523e-005, 0.016099434346, 0.00198904401623, 0.00186165538616, 0.00394590897486, 0.00109128293116, 0.00123865215573, 0.000902853382286, 0.00117139611393, 0.000888337963261, 0.000577838043682, 0.000752198393457, 0.000447138067102, 0.000589132949244, 0.000787669443525, 0.000818814092781, 0.000566281261854, 0.000280792155536, 0.000221045746002, 0.000276441976894, 0.000188799895113, 7.86427335697e-005, 6.31931252428e-005, 3.85580060538e-005, 2.13701950997e-005, 1.36127700898e-005, 1.47927926264e-006],
        "var": [3.11973771261e-008, 0.000464902608655, 2.01438597287e-005, 1.75542572833e-005, 8.62607193994e-005, 2.72207057606e-006, 2.3997235985e-006, 1.39576752645e-006, 2.99011230709e-006, 1.70134569544e-006, 9.12706070721e-007, 1.42759108712e-006, 3.39064229138e-007, 9.26091445308e-007, 1.80558447482e-006, 1.6178861415e-006, 7.894201417e-007, 8.55186144122e-008, 5.25913641525e-008, 1.01127334062e-007, 4.70107934802e-008, 1.24472601115e-008, 9.4773247028e-009, 3.75663100627e-009, 1.21798793273e-009, 1.05643316317e-009, 2.12071870481e-011]
    },
    "erbbands": {
        "mean": [0.374836206436, 3.91565275192, 3.44288277626, 4.25329065323, 14.6653337479, 9.18916416168, 7.63066530228, 9.33162021637, 17.007938385, 15.451666832, 25.0734348297, 23.6717891693, 33.5260925293, 23.0008201599, 22.3360347748, 28.9927310944, 24.2102222443, 23.4202919006, 33.6112632751, 55.0828819275, 39.0484848022, 29.7191429138, 18.1416931152, 8.88800907135, 13.9990596771, 12.8345155716, 10.9125022888, 4.7215590477, 2.90860366821, 2.47518086433, 1.59246730804, 0.931010901928, 0.588105559349, 0.301693230867, 0.118894919753, 0.0564166456461, 0.0244424398988, 0.00613487605006, 0.000169075778103, 4.42623313575e-005],
        "var": [0.256775349379, 27.3686904907, 29.0759773254, 62.0731430054, 1353.66711426, 366.952362061, 138.202651978, 183.016571045, 450.609680176, 493.589813232, 1009.59234619, 1185.90734863, 2507.9699707, 1017.62487793, 1229.72619629, 1868.44494629, 977.377380371, 860.618041992, 2630.12011719, 7571.40234375, 2716.71972656, 1415.51208496, 351.131378174, 60.8839645386, 225.120773315, 234.766403198, 162.292831421, 26.7542476654, 17.2661380768, 13.4013729095, 6.24335861206, 2.3188419342, 0.873035848141, 0.218531563878, 0.0488040857017, 0.014623189345, 0.00374725437723, 0.000305288471282, 1.91965355612e-007, 1.2416513373e-009]
    },
    "gfcc": {
        "mean": [-7.52599477768, 97.3497619629, -127.208442688, 33.7684783936, -47.5616950989, 12.4253988266, -28.415014267, 15.2650728226, -15.9484071732, 8.35424423218, -16.897562027, 0.65120613575, -7.33579921722],
        "cov": [[10050.0986328, 1361.57019043, 305.548522949, 1236.33789063, 299.039978027, 512.187805176, 142.652160645, -163.572845459, 110.327064514, 107.767860413, 146.182647705, -155.289398193, 146.496688843], [1361.57019043, 802.835327148, -56.1874046326, 246.567382813, 173.889846802, 9.76320838928, 119.272659302, -45.2838439941, 78.5645980835, 4.00626802444, 95.6308517456, -92.8574142456, 98.7857513428], [305.548522949, -56.1874046326, 885.211181641, 280.427703857, 18.7821273804, 205.301559448, 20.0946826935, 65.307220459, 19.8294448853, 24.6103191376, 37.7898139954, 15.9849090576, -74.7684783936], [1236.33789063, 246.567382813, 280.427703857, 453.368591309, 111.022262573, 130.086639404, 97.3397674561, 13.8712024689, 72.4684906006, 49.7126159668, 77.3324966431, -41.8863792419, 42.6198158264], [299.039978027, 173.889846802, 18.7821273804, 111.022262573, 223.347213745, 54.4770469666, 83.2831420898, 32.4847221375, 57.1023330688, 55.8725204468, 46.8243484497, 1.12177312374, 37.1982154846], [512.187805176, 9.76320838928, 205.301559448, 130.086639404, 54.4770469666, 162.896697998, 45.171295166, 20.1837787628, 16.144733429, 24.135635376, 30.9651794434, 13.4143476486, -0.56362426281], [142.652160645, 119.272659302, 20.0946826935, 97.3397674561, 83.2831420898, 45.171295166, 155.067871094, 74.882774353, 57.2531051636, 33.8352279663, 43.5471076965, 2.93841838837, 36.8676986694], [-163.572845459, -45.2838439941, 65.307220459, 13.8712024689, 32.4847221375, 20.1837787628, 74.882774353, 133.464630127, 67.0370025635, 39.1782302856, 18.5171203613, 26.4212265015, 8.64741706848], [110.327064514, 78.5645980835, 19.8294448853, 72.4684906006, 57.1023330688, 16.144733429, 57.2531051636, 67.0370025635, 104.666374207, 59.685043335, 38.7070617676, -1.96788644791, 23.2750053406], [107.767860413, 4.00626802444, 24.6103191376, 49.7126159668, 55.8725204468, 24.135635376, 33.8352279663, 39.1782302856, 59.685043335, 96.0909729004, 53.8717651367, 13.9587373734, 5.82520294189], [146.182647705, 95.6308517456, 37.7898139954, 77.3324966431, 46.8243484497, 30.9651794434, 43.5471076965, 18.5171203613, 38.7070617676, 53.8717651367, 89.9484024048, 19.4261455536, 16.9964141846], [-155.289398193, -92.8574142456, 15.9849090576, -41.8863792419, 1.12177312374, 13.4143476486, 2.93841838837, 26.4212265015, -1.96788644791, 13.9587373734, 19.4261455536, 67.2572937012, 10.3285245895], [146.496688843, 98.7857513428, -74.7684783936, 42.6198158264, 37.1982154846, -0.56362426281, 36.8676986694, 8.64741706848, 23.2750053406, 5.82520294189, 16.9964141846, 10.3285245895, 71.1457443237]],
        "icov": [[0.000285577203613, -0.000759425573051, 0.000400822114898, -0.000916635151953, 0.000423787743784, -0.000947100925259, 0.000508875527885, -0.00023169897031, 0.000468652404379, -0.000927454442717, 0.00132012879476, -0.00109307083767, 0.000738085422199], [-0.000759425573051, 0.00573783693835, -0.00145887013059, 0.00270162546076, -0.00297513254918, 0.00338910822757, -0.00246905791573, 0.00278799212538, -0.00339812622406, 0.00625383434817, -0.00864116474986, 0.00854367949069, -0.00560816936195], [0.000400822114898, -0.00145887013059, 0.00311852153391, -0.00310740526766, 0.000977674266323, -0.00331369019113, 0.00187663291581, -0.0022454704158, 0.00111327157356, -0.000835429993458, 0.00232798908837, -0.00351794413291, 0.0047609093599], [-0.000916635151953, 0.00270162546076, -0.00310740526766, 0.00869629625231, -0.00186950678471, 0.00126731931232, -0.00291728158481, 0.00261833542027, -0.00305615947582, 0.00302446051501, -0.00728593347594, 0.0091054989025, -0.00698703760281], [0.000423787743784, -0.00297513254918, 0.000977674266323, -0.00186950678471, 0.00833109207451, -0.00312148104422, -0.00105178006925, -0.00035871315049, 0.000837757252157, -0.00586024671793, 0.00480578001589, -0.0041992762126, 0.00128105515614], [-0.000947100925259, 0.00338910822757, -0.00331369019113, 0.00126731931232, -0.00312148104422, 0.0144275967032, -0.00430026324466, 0.00263903662562, -0.00105979770888, 0.00301671586931, -0.00479775853455, 0.00147853139788, -0.00231198989786], [0.000508875527885, -0.00246905791573, 0.00187663291581, -0.00291728158481, -0.00105178006925, -0.00430026324466, 0.0154551155865, -0.00962849147618, 0.00264664483257, -0.000504149647895, -0.000618650054093, -1.58210768859e-005, -0.000896917132195], [-0.00023169897031, 0.00278799212538, -0.0022454704158, 0.00261833542027, -0.00035871315049, 0.00263903662562, -0.00962849147618, 0.0205711778253, -0.0127895772457, 0.0018014239613, 0.00109622091986, -0.00371939782053, -0.000310104165692], [0.000468652404379, -0.00339812622406, 0.00111327157356, -0.00305615947582, 0.000837757252157, -0.00105979770888, 0.00264664483257, -0.0127895772457, 0.0274136736989, -0.0137549368665, 0.00261762482114, 0.00259071076289, -0.00235284399241], [-0.000927454442717, 0.00625383434817, -0.000835429993458, 0.00302446051501, -0.00586024671793, 0.00301671586931, -0.000504149647895, 0.0018014239613, -0.0137549368665, 0.0301948301494, -0.0188943278044, 0.00628162175417, -0.000703839410562], [0.00132012879476, -0.00864116474986, 0.00232798908837, -0.00728593347594, 0.00480578001589, -0.00479775853455, -0.000618650054093, 0.00109622091986, 0.00261762482114, -0.0188943278044, 0.0357450023293, -0.0212017893791, 0.00895706936717], [-0.00109307083767, 0.00854367949069, -0.00351794413291, 0.0091054989025, -0.0041992762126, 0.00147853139788, -1.58210768859e-005, -0.00371939782053, 0.00259071076289, 0.00628162175417, -0.0212017893791, 0.0395650565624, -0.0181369669735], [0.000738085422199, -0.00560816936195, 0.0047609093599, -0.00698703760281, 0.00128105515614, -0.00231198989786, -0.000896917132195, -0.000310104165692, -0.00235284399241, -0.000703839410562, 0.00895706936717, -0.0181369669735, 0.0306466352195]]
    },
    "melbands": {
        "mean": [0.00424214499071, 0.00309001537971, 0.00106946192682, 0.000950291985646, 0.000269465439487, 0.000220026646275, 0.000252340920269, 0.000161050294992, 0.000212755141547, 0.000152768785483, 0.00016633978521, 9.22463950701e-005, 7.82386705396e-005, 6.33358722553e-005, 8.99424267118e-005, 4.03041158279e-005, 4.35747606389e-005, 4.99159141327e-005, 7.46239311411e-005, 6.69010187266e-005, 4.12942936237e-005, 3.2570111216e-005, 2.16908538277e-005, 1.20123240777e-005, 5.91998104937e-006, 1.06495672298e-005, 9.25574840949e-006, 8.30705812405e-006, 7.50924800741e-006, 4.82507266497e-006, 1.9890387648e-006, 1.63560935107e-006, 1.45089370562e-006, 1.38279051498e-006, 9.56152803155e-007, 7.30156955342e-007, 4.86753094719e-007, 4.11059147609e-007, 3.58919976406e-007, 2.18922963313e-007],
        "var": [3.26215740643e-005, 1.55350553541e-005, 3.96655923396e-006, 5.39572511116e-006, 1.55546857172e-007, 9.15836935178e-008, 9.19523230891e-008, 4.92830913856e-008, 7.64459855418e-008, 5.66296698423e-008, 6.25294305223e-008, 1.83336705817e-008, 1.68375287046e-008, 1.23374102046e-008, 2.34633805718e-008, 2.56502441509e-009, 3.37101768721e-009, 9.47892342396e-009, 1.93202520649e-008, 1.26851107396e-008, 4.47708581319e-009, 2.6210098536e-009, 7.74852293439e-010, 1.89633225789e-010, 3.02828873089e-011, 1.42051009844e-010, 1.11581729967e-010, 1.20957882599e-010, 8.97792604149e-011, 3.41875312782e-011, 6.37115360469e-012, 5.94160397965e-012, 4.57189494596e-012, 4.59639834874e-012, 2.4728155721e-012, 1.38544568613e-012, 6.76611110889e-013, 4.72548974777e-013, 3.1139622673e-013, 1.2624887843e-013]
    },
    "mfcc": {
        "mean": [-647.962463379, 126.700630188, -13.7053318024, 27.5466556549, 2.82463479042, 5.44890356064, 1.80416679382, 4.48819589615, 9.14487457275, 8.39469242096, -1.28117001057, 4.46497869492, 4.2195224762],
        "cov": [[9776.59570313, 648.152709961, 378.413146973, 817.185424805, 431.140411377, 701.360290527, 227.702697754, -5.22693634033, 64.9529418945, 219.455795288, -19.080280304, 88.2518463135, 133.956939697], [648.152709961, 534.385803223, -121.08480072, 114.989936829, 52.8673782349, 45.3987579346, 52.8950614929, -11.5141439438, 38.4756698608, 20.00623703, 12.8493509293, 28.5480270386, 17.2741909027], [378.413146973, -121.08480072, 772.903991699, 135.880615234, 160.993209839, 125.01751709, 58.8460922241, 84.0498580933, -40.5635375977, 78.6038589478, 73.1722106934, -18.0568256378, -11.1281175613], [817.185424805, 114.989936829, 135.880615234, 305.213806152, 105.826431274, 103.833221436, 76.0402374268, 18.103679657, 52.5138168335, 84.7590255737, 43.8256149292, 40.4700012207, 53.7038574219], [431.140411377, 52.8673782349, 160.993209839, 105.826431274, 167.245788574, 99.8790435791, 46.5983772278, 18.073720932, 8.9094953537, 48.8162765503, 27.6980438232, 22.681602478, 29.0231456757], [701.360290527, 45.3987579346, 125.01751709, 103.833221436, 99.8790435791, 159.657470703, 70.8741607666, 12.7883653641, 3.51143622398, 31.4869670868, 14.7550182343, 20.8496303558, 27.3308429718], [227.702697754, 52.8950614929, 58.8460922241, 76.0402374268, 46.5983772278, 70.8741607666, 106.599868774, 43.121635437, 26.0861778259, 32.2668685913, 23.6912250519, 26.0927333832, 26.6577472687], [-5.22693634033, -11.5141439438, 84.0498580933, 18.103679657, 18.073720932, 12.7883653641, 43.121635437, 87.0455245972, 42.4571266174, 22.5165500641, 17.379486084, 7.30906581879, 10.9183092117], [64.9529418945, 38.4756698608, -40.5635375977, 52.5138168335, 8.9094953537, 3.51143622398, 26.0861778259, 42.4571266174, 100.652755737, 46.7855529785, 8.92443180084, 24.2497425079, 27.5219097137], [219.455795288, 20.00623703, 78.6038589478, 84.7590255737, 48.8162765503, 31.4869670868, 32.2668685913, 22.5165500641, 46.7855529785, 101.179092407, 54.440738678, 22.5923786163, 30.3527870178], [-19.080280304, 12.8493509293, 73.1722106934, 43.8256149292, 27.6980438232, 14.7550182343, 23.6912250519, 17.379486084, 8.92443180084, 54.440738678, 89.3803787231, 36.4542541504, 11.2987041473], [88.2518463135, 28.5480270386, -18.0568256378, 40.4700012207, 22.681602478, 20.8496303558, 26.0927333832, 7.30906581879, 24.2497425079, 22.5923786163, 36.4542541504, 79.3279724121, 48.9140510559], [133.956939697, 17.2741909027, -11.1281175613, 53.7038574219, 29.0231456757, 27.3308429718, 26.6577472687, 10.9183092117, 27.5219097137, 30.3527870178, 11.2987041473, 48.9140510559, 90.5900650024]],
        "icov": [[0.00019282491121, -0.000153393062647, 5.32661397301e-005, -0.000343620078638, 0.000177389505552, -0.000871044991072, 0.000448235514341, -0.000269694515737, 0.000336562923621, -0.000495519780088, 0.000557411403861, -0.000252147496212, 0.000191331288079], [-0.000153393062647, 0.00252390070818, 0.000612791802268, -0.000548373966012, -0.00106742663775, 0.000839582236949, -0.00139564636629, 0.000910111586563, -0.000877467042301, 0.00105254491791, -0.000973253918346, 0.000307376263663, 0.000404940888984], [5.32661397301e-005, 0.000612791802268, 0.00275100325234, -0.0010594149353, -0.00140774180181, -0.00113424262963, 0.00107629795093, -0.00363810756244, 0.00319096725434, -0.0016418726882, -0.000487742887344, 0.000699824653566, 0.00094897847157], [-0.000343620078638, -0.000548373966012, -0.0010594149353, 0.00689759012312, -0.00118560448755, 0.000249390490353, -0.00265418132767, 0.00330966943875, -0.00336046889424, -0.000843264220748, -0.00130662333686, 0.000637269520666, -0.00179740926251], [0.000177389505552, -0.00106742663775, -0.00140774180181, -0.00118560448755, 0.0122320437804, -0.00616994360462, 0.00181750615593, -0.000974300783128, 0.00142025167588, -0.00336930481717, 0.00156120723113, -0.00176764035132, -0.000546533905435], [-0.000871044991072, 0.000839582236949, -0.00113424262963, 0.000249390490353, -0.00616994360462, 0.0179369207472, -0.00941344629973, 0.0043217795901, -0.000831071694847, 0.00276122638024, -0.000542421243154, 0.000497701752465, -0.00121862418018], [0.000448235514341, -0.00139564636629, 0.00107629795093, -0.00265418132767, 0.00181750615593, -0.00941344629973, 0.0207821745425, -0.0107719199732, 0.00334297330119, -0.00295137776993, 0.000980373239145, -0.00308072590269, 0.000263887544861], [-0.000269694515737, 0.000910111586563, -0.00363810756244, 0.00330966943875, -0.000974300783128, 0.0043217795901, -0.0107719199732, 0.0257080048323, -0.0145007194951, 0.00682046962902, -0.00558992335573, 0.00451064156368, -0.00272217858583], [0.000336562923621, -0.000877467042301, 0.00319096725434, -0.00336046889424, 0.00142025167588, -0.000831071694847, 0.00334297330119, -0.0145007194951, 0.0251969695091, -0.0145752374083, 0.00983813870698, -0.00717700924724, 0.00249013933353], [-0.000495519780088, 0.00105254491791, -0.0016418726882, -0.000843264220748, -0.00336930481717, 0.00276122638024, -0.00295137776993, 0.00682046962902, -0.0145752374083, 0.0292713157833, -0.0178137533367, 0.00954733882099, -0.00718966312706], [0.000557411403861, -0.000973253918346, -0.000487742887344, -0.00130662333686, 0.00156120723113, -0.000542421243154, 0.000980373239145, -0.00558992335573, 0.00983813870698, -0.0178137533367, 0.0281583443284, -0.0156629383564, 0.00804961845279], [-0.000252147496212, 0.000307376263663, 0.000699824653566, 0.000637269520666, -0.00176764035132, 0.000497701752465, -0.00308072590269, 0.00451064156368, -0.00717700924724, 0.00954733882099, -0.0156629383564, 0.0287590362132, -0.0137918619439], [0.000191331288079, 0.000404940888984, 0.00094897847157, -0.00179740926251, -0.000546533905435, -0.00121862418018, 0.000263887544861, -0.00272217858583, 0.00249013933353, -0.00718966312706, 0.00804961845279, -0.0137918619439, 0.0207492578775]]
    },
    "spectral_contrast_coeffs": {
        "mean": [-0.682205379009, -0.768167495728, -0.767603695393, -0.754877567291, -0.77726906538, -0.754234373569],
        "var": [0.0069534657523, 0.00387240783311, 0.00401129899547, 0.0041666533798, 0.00205075042322, 0.0017049430171]
    },
    "spectral_contrast_valleys": {
        "mean": [-7.26635313034, -6.61000204086, -7.26423215866, -7.64694356918, -7.58896684647, -10.4264440536],
        "var": [2.33986139297, 1.3196130991, 1.00978004932, 1.10318148136, 1.03209471703, 1.0210082531]
    }
},
"metadata": {
    "audio_properties": {
        "analysis_sample_rate": 44100,
        "bit_rate": 128074,
        "equal_loudness": 0,
        "length": 45.0612258911,
        "lossless": 0,
        "replay_gain": -5.56970596313,
        "sample_rate": 44100,
        "codec": "mp3",
        "downmix": "mix",
        "md5_encoded": "35c6511acc62e33457be5e3f62913930"
    },
    "tags": {
        "file_name": "1704.mp3"
    },
    "version": {
        "essentia": "2.1-beta2",
        "essentia_git_sha": "v2.1_beta2",
        "extractor": "music 1.0"
    }
},
"rhythm": {
    "beats_count": 84,
    "beats_loudness": {
        "mean": 0.0543354526162,
        "var": 0.000949926674366
    },
    "bpm": 107.121032715,
    "bpm_histogram_first_peak_bpm": {
        "mean": 108,
        "var": 0
    },
    "bpm_histogram_first_peak_spread": {
        "mean": 0.272727310658,
        "var": 0
    },
    "bpm_histogram_first_peak_weight": {
        "mean": 0.481927722692,
        "var": 0
    },
    "bpm_histogram_second_peak_bpm": {
        "mean": 103,
        "var": 0
    },
    "bpm_histogram_second_peak_spread": {
        "mean": 0,
        "var": 0
    },
    "bpm_histogram_second_peak_weight": {
        "mean": 0.0843373462558,
        "var": 0
    },
    "danceability": 1.16939675808,
    "onset_rate": 5.01313829422,
    "beats_loudness_band_ratio": {
        "mean": [0.561896562576, 0.111130580306, 0.155775487423, 0.084976144135, 0.109049618244, 0.0314889140427],
        "var": [0.0937731415033, 0.012340686284, 0.0268929321319, 0.00644835131243, 0.0158683396876, 0.00063309649704]
    },
    "beats_position": [0.557278871536, 1.13777780533, 1.71827661991, 2.29877543449, 2.87927436829, 3.45977306366, 4.04027223587, 4.60916090012, 5.16644001007, 5.73532867432, 6.29260778427, 6.84988641739, 7.41877555847, 7.98766422272, 8.54494285583, 9.10222244263, 9.65950107574, 10.2167797089, 10.774058342, 11.3313379288, 11.8886165619, 12.445895195, 12.9799547195, 13.5372333527, 14.0945119858, 14.6517915726, 15.2322902679, 15.8011789322, 16.3700675964, 16.9273471832, 17.4846248627, 18.0419044495, 18.5991840363, 19.1564617157, 19.7137413025, 20.2826309204, 20.851518631, 21.4087982178, 21.9660758972, 22.523355484, 23.0806350708, 23.6495227814, 24.2068023682, 24.764081955, 25.3097496033, 25.8670291901, 26.4126987457, 26.958366394, 27.5156459808, 28.0613155365, 28.6069831848, 29.1642627716, 29.7215423584, 30.2788200378, 30.8360996246, 31.3933773041, 31.9506568909, 32.5079345703, 33.0652160645, 33.6224937439, 34.1797714233, 34.7370529175, 35.2943305969, 35.7006797791, 36.1070289612, 36.5249862671, 36.9429473877, 37.3609046936, 37.7672538757, 38.1736030579, 38.5915641785, 39.0095214844, 39.4158706665, 39.8454399109, 40.2866210938, 40.7277984619, 41.1689796448, 41.6449890137, 42.1209983826, 42.6086158752, 43.0730133057, 43.5258026123, 43.9785919189, 44.4429931641]
},
"tonal": {
    "chords_changes_rate": 0.0781892985106,
    "chords_number_rate": 0.0113168722019,
    "chords_strength": {
        "mean": 0.489258617163,
        "var": 0.0149364620447
    },
    "hpcp_entropy": {
        "mean": 2.09796595573,
        "var": 0.513897299767
    },
    "key_strength": 0.577838301659,
    "tuning_diatonic_strength": 0.51190507412,
    "tuning_equal_tempered_deviation": 0.110690690577,
    "tuning_frequency": 442.548919678,
    "tuning_nontempered_energy_ratio": 0.824291467667,
    "hpcp": {
        "mean": [0.099600866437, 0.0909722596407, 0.0868711099029, 0.0979167446494, 0.0925431847572, 0.0946902558208, 0.122582390904, 0.144422709942, 0.249516323209, 0.414905786514, 0.409904688597, 0.271818488836, 0.179326951504, 0.117300085723, 0.0891792327166, 0.102633357048, 0.107315890491, 0.134653791785, 0.157930627465, 0.107787802815, 0.0788184925914, 0.0833091139793, 0.0822936072946, 0.105787359178, 0.0935709401965, 0.0655607134104, 0.0831814259291, 0.115852847695, 0.128841608763, 0.146427109838, 0.149742886424, 0.121103741229, 0.131678625941, 0.152257502079, 0.130703210831, 0.10620226711],
        "var": [0.032948166132, 0.0320761948824, 0.0236071217805, 0.0298186428845, 0.0260558947921, 0.0249633826315, 0.0447144210339, 0.0532829016447, 0.078783929348, 0.144022062421, 0.137756958604, 0.105423882604, 0.072411224246, 0.0437716655433, 0.0270301606506, 0.0330648235977, 0.0369616411626, 0.0430623553693, 0.0698718354106, 0.0357315950096, 0.0277657788247, 0.0283917561173, 0.0231450684369, 0.0479383133352, 0.0354128144681, 0.0146459713578, 0.0225333571434, 0.0405182801187, 0.0436690337956, 0.0512633733451, 0.0593476332724, 0.0403637439013, 0.0426188260317, 0.0585763715208, 0.0442710183561, 0.036374412477]
    },
    "chords_histogram": [12.0370368958, 0, 3.60082316399, 0.514403283596, 0, 2.77777767181, 3.18930029869, 14.4032926559, 0, 2.05761313438, 10.5967073441, 0, 0.102880656719, 0, 0, 1.64609050751, 4.83539104462, 0.823045253754, 0.411522626877, 0.411522626877, 0, 0, 9.87654304504, 32.7160491943],
    "thpcp": [1, 0.98794645071, 0.655133068562, 0.432211250067, 0.282714992762, 0.214938506484, 0.247365444899, 0.258651226759, 0.324540644884, 0.380642145872, 0.259788632393, 0.18996720016, 0.200790435076, 0.198342874646, 0.254967182875, 0.225523337722, 0.158013492823, 0.200482681394, 0.279226869345, 0.310532212257, 0.352916538715, 0.360908180475, 0.291882514954, 0.317369937897, 0.366968870163, 0.315019011497, 0.255967199802, 0.240056589246, 0.219260036945, 0.20937551558, 0.235997542739, 0.223046258092, 0.228221103549, 0.295446336269, 0.348085552454, 0.601380705833],
    "chords_key": "G#",
    "chords_scale": "major",
    "key_key": "C",
    "key_scale": "minor"
}
}