{
"lowlevel": {
    "average_loudness": 0.898940563202,
    "barkbands_crest": {
        "mean": 10.5258426666,
        "var": 24.7851600647
    },
    "barkbands_flatness_db": {
        "mean": 0.134577006102,
        "var": 0.0015585977817
    },
    "barkbands_kurtosis": {
        "mean": 2.28376364708,
        "var": 21.8223075867
    },
    "barkbands_skewness": {
        "mean": 1.2124247551,
        "var": 1.00503695011
    },
    "barkbands_spread": {
        "mean": 20.922460556,
        "var": 101.638557434
    },
    "dissonance": {
        "mean": 0.464988768101,
        "var": 0.000624221051112
    },
    "dynamic_complexity": 3.01405572891,
    "erbbands_crest": {
        "mean": 7.18664360046,
        "var": 7.69967556
    },
    "erbbands_flatness_db": {
        "mean": 0.165102750063,
        "var": 0.00146806892008
    },
    "erbbands_kurtosis": {
        "mean": -0.0235179997981,
        "var": 1.14406919479
    },
    "erbbands_skewness": {
        "mean": 0.182915538549,
        "var": 0.235953778028
    },
    "erbbands_spread": {
        "mean": 33.0292129517,
        "var": 189.01109314
    },
    "hfc": {
        "mean": 17.1668338776,
        "var": 264.798248291
    },
    "melbands_crest": {
        "mean": 13.3590545654,
        "var": 27.8026237488
    },
    "melbands_flatness_db": {
        "mean": 0.194702073932,
        "var": 0.00342976651154
    },
    "melbands_kurtosis": {
        "mean": 8.24051570892,
        "var": 132.458343506
    },
    "melbands_skewness": {
        "mean": 2.13032770157,
        "var": 1.91876935959
    },
    "melbands_spread": {
        "mean": 24.5135993958,
        "var": 245.747680664
    },
    "pitch_salience": {
        "mean": 0.514323055744,
        "var": 0.0139494789764
    },
    "silence_rate_20dB": {
        "mean": 1,
        "var": 0
    },
    "silence_rate_30dB": {
        "mean": 1,
        "var": 0
    },
    "silence_rate_60dB": {
        "mean": 0.0406797118485,
        "var": 0.0390255525708
    },
    "spectral_centroid": {
        "mean": 1386.22387695,
        "var": 271869.625
    },
    "spectral_complexity": {
        "mean": 18.7863025665,
        "var": 52.3647270203
    },
    "spectral_decrease": {
        "mean": -6.10510531018e-009,
        "var": 2.97327258768e-017
    },
    "spectral_energy": {
        "mean": 0.0245991852134,
        "var": 0.00046442844905
    },
    "spectral_energyband_high": {
        "mean": 0.000570624717511,
        "var": 1.31552246785e-006
    },
    "spectral_energyband_low": {
        "mean": 0.00921849627048,
        "var": 0.000194643289433
    },
    "spectral_energyband_middle_high": {
        "mean": 0.00597130227834,
        "var": 5.39856337127e-005
    },
    "spectral_energyband_middle_low": {
        "mean": 0.00924074929208,
        "var": 0.000131269058329
    },
    "spectral_entropy": {
        "mean": 7.51142978668,
        "var": 0.112188003957
    },
    "spectral_flux": {
        "mean": 0.0701556503773,
        "var": 0.00178811093792
    },
    "spectral_kurtosis": {
        "mean": 4.60923719406,
        "var": 6.99159574509
    },
    "spectral_rms": {
        "mean": 0.00447636144236,
        "var": 3.96142604586e-006
    },
    "spectral_rolloff": {
        "mean": 1445.31311035,
        "var": 1613775.375
    },
    "spectral_skewness": {
        "mean": 1.48023450375,
        "var": 0.17650654912
    },
    "spectral_spread": {
        "mean": 3851593.75,
        "var": 2.57731592192e+012
    },
    "spectral_strongpeak": {
        "mean": 0.909111082554,
        "var": 1.40176534653
    },
    "zerocrossingrate": {
        "mean": 0.0539035350084,
        "var": 0.00112125684973
    },
    "barkbands": {
        "mean": [5.92405012867e-005, 0.00761407800019, 0.00119571690448, 0.000966317893472, 0.00251123681664, 0.00122845894657, 0.00101608014666, 0.00131526892073, 0.00206720503047, 0.00078600627603, 0.00116239348426, 0.000630786467809, 0.000920397811569, 0.000739918439649, 0.000646954460535, 0.000316140154609, 0.000352613598807, 0.000235321873333, 0.000154151610332, 0.000213388062548, 0.000151568092406, 0.000145635262015, 8.89098737389e-005, 3.84079758078e-005, 2.61998684437e-005, 1.47598802869e-005, 2.05752235161e-006],
        "var": [1.68063412076e-008, 0.000165334844496, 5.9478024923e-006, 6.00776184001e-006, 4.50318839285e-005, 3.63763933819e-006, 1.28336307625e-006, 6.80388939145e-006, 2.43346203206e-005, 7.87931821833e-006, 8.24513881525e-006, 8.29152838833e-007, 2.60986644207e-006, 4.51081541541e-006, 1.71951489847e-006, 1.30805332788e-007, 3.41223170608e-007, 9.00355558997e-008, 3.18113357878e-008, 8.12322440424e-008, 8.46658139153e-008, 1.32755175741e-007, 9.10454431846e-008, 8.75411387824e-009, 5.39902345054e-009, 4.67481653388e-009, 1.5615402027e-010]
    },
    "erbbands": {
        "mean": [0.176789239049, 1.85050737858, 1.86139297485, 2.34275794029, 7.57664108276, 6.97851848602, 8.92479991913, 10.220205307, 13.3346471786, 15.4978437424, 43.8324127197, 42.4212913513, 23.4515838623, 44.0453071594, 31.7439155579, 23.6366500854, 37.9133071899, 41.5529975891, 28.8015041351, 29.9732952118, 20.0743789673, 19.8667812347, 15.1752490997, 7.24981594086, 9.95965766907, 9.19742393494, 7.17428731918, 5.58325815201, 5.64066505432, 3.90457463264, 2.16859316826, 0.921954333782, 0.603536844254, 0.359667688608, 0.142627313733, 0.0625880733132, 0.0258720386773, 0.007230123505, 0.000223693597945, 3.39414655173e-005],
        "var": [0.0920514911413, 9.73194503784, 8.70365715027, 22.2224597931, 672.202697754, 211.683685303, 145.620925903, 441.828460693, 209.256469727, 327.043701172, 6411.38427734, 11486.859375, 1981.57128906, 10730.0341797, 4131.36767578, 941.444396973, 3444.09790039, 9516.34765625, 2571.53149414, 2997.9831543, 599.561401367, 954.732788086, 392.872497559, 51.7422103882, 138.102844238, 150.657913208, 121.708557129, 174.580780029, 194.185150146, 155.780487061, 48.0853652954, 4.85592985153, 2.4117732048, 0.970244467258, 0.193453982472, 0.0687176883221, 0.0148872854188, 0.00154947722331, 1.63414142662e-006, 1.36634581427e-009]
    },
    "gfcc": {
        "mean": [-10.4226446152, 108.957427979, -136.358352661, 29.1561336517, -54.9850845337, 10.9439907074, -28.3987312317, 7.67026090622, -17.7422924042, 6.7146935463, -14.7802352905, 1.06138718128, -6.73527431488],
        "cov": [[4220.89111328, -601.971191406, -297.958984375, 210.391220093, -253.410751343, 253.56829834, -79.3189315796, 36.6711769104, 58.3674468994, 52.7525596619, -13.6073598862, 10.8184118271, -26.2840137482], [-601.971191406, 1023.465271, -86.3341217041, 40.5470275879, 333.467376709, -110.465744019, 158.909759521, 14.1904630661, 101.955276489, -10.3292675018, 90.7696075439, -68.1445846558, 96.7141571045], [-297.958984375, -86.3341217041, 767.10559082, 142.330657959, 65.7199707031, 178.883712769, 27.0960330963, 77.53125, -17.7114124298, -21.668422699, -41.6130752563, 28.4365386963, -70.6335601807], [210.391220093, 40.5470275879, 142.330657959, 298.525177002, 64.5758514404, 43.8177680969, 43.004776001, 34.8038749695, 59.6131858826, 30.2399597168, 52.6484718323, 2.33580088615, 25.2016067505], [-253.410751343, 333.467376709, 65.7199707031, 64.5758514404, 274.728637695, 18.3955135345, 105.068725586, 45.3666229248, 59.973072052, 37.5982208252, 54.5193099976, 5.63392066956, 36.8994750977], [253.56829834, -110.465744019, 178.883712769, 43.8177680969, 18.3955135345, 178.7162323, 47.5812606812, 43.3013839722, 25.3646202087, 10.9812011719, -6.97994279861, 18.5552310944, -16.7986698151], [-79.3189315796, 158.909759521, 27.0960330963, 43.004776001, 105.068725586, 47.5812606812, 147.552810669, 50.6525917053, 51.3726081848, 30.0135860443, 38.5051040649, 2.57141757011, 22.4970340729], [36.6711769104, 14.1904630661, 77.53125, 34.8038749695, 45.3666229248, 43.3013839722, 50.6525917053, 96.2892837524, 52.5200386047, 30.7909946442, 22.6191978455, 13.4266204834, 10.5324525833], [58.3674468994, 101.955276489, -17.7114124298, 59.6131858826, 59.973072052, 25.3646202087, 51.3726081848, 52.5200386047, 111.68989563, 49.1439056396, 41.6509475708, 9.53671360016, 37.6529769897], [52.7525596619, -10.3292675018, -21.668422699, 30.2399597168, 37.5982208252, 10.9812011719, 30.0135860443, 30.7909946442, 49.1439056396, 81.1380844116, 44.2117881775, 18.3673934937, 17.4877128601], [-13.6073598862, 90.7696075439, -41.6130752563, 52.6484718323, 54.5193099976, -6.97994279861, 38.5051040649, 22.6191978455, 41.6509475708, 44.2117881775, 86.5827789307, 26.6034660339, 29.6800956726], [10.8184118271, -68.1445846558, 28.4365386963, 2.33580088615, 5.63392066956, 18.5552310944, 2.57141757011, 13.4266204834, 9.53671360016, 18.3673934937, 26.6034660339, 66.4081039429, 24.504240036], [-26.2840137482, 96.7141571045, -70.6335601807, 25.2016067505, 36.8994750977, -16.7986698151, 22.4970340729, 10.5324525833, 37.6529769897, 17.4877128601, 29.6800956726, 24.504240036, 83.5648117065]],
        "icov": [[0.000382930185879, -7.34598797862e-005, 0.00052744866116, -0.000553480058443, 0.000289982534014, -0.000960996781942, 0.00042985190521, -0.000391190347727, 0.000164665631019, -0.000252675439697, 0.000393237656681, -0.000278717896435, 0.00035130631295], [-7.34598797862e-005, 0.00385810132138, -0.00100050354376, 0.00154071860015, -0.00344654149376, 0.00259325047955, -0.00185655686073, 0.00192780070938, -0.00303362496197, 0.00444683758542, -0.00422368990257, 0.0056843678467, -0.00322901294567], [0.00052744866116, -0.00100050354376, 0.0035798298195, -0.00257560820319, 0.000147979211761, -0.00342991645448, 0.00148844509386, -0.00292760482989, 0.00214459164999, -0.000648915942293, 0.00346609740518, -0.00384902581573, 0.0034069835674], [-0.000553480058443, 0.00154071860015, -0.00257560820319, 0.00639709690586, -0.00142902228981, 0.0018416645471, -0.00103586760815, 0.00220715114847, -0.00315035670064, 0.00211895629764, -0.00586902908981, 0.00527637591586, -0.00354825425893], [0.000289982534014, -0.00344654149376, 0.000147979211761, -0.00142902228981, 0.00903978012502, -0.00193532416597, -0.00139963219408, -0.00150120677426, 0.00185713451356, -0.00446680700406, 0.00183274957817, -0.00373400584795, 0.0013634035131], [-0.000960996781942, 0.00259325047955, -0.00342991645448, 0.0018416645471, -0.00193532416597, 0.013023304753, -0.00530900899321, 0.00152963062283, -0.00441046105698, 0.00292219896801, -0.000875178433489, 0.00106827018317, -0.00067573308479], [0.00042985190521, -0.00185655686073, 0.00148844509386, -0.00103586760815, -0.00139963219408, -0.00530900899321, 0.0134171228856, -0.00460942462087, 0.00117361848243, -0.00204082275741, -0.000618259829935, -0.000111477987957, 0.000524605042301], [-0.000391190347727, 0.00192780070938, -0.00292760482989, 0.00220715114847, -0.00150120677426, 0.00152963062283, -0.00460942462087, 0.0192999988794, -0.00837647542357, 0.000340233615134, -0.00300565501675, 0.00208101724274, -0.00155523943249], [0.000164665631019, -0.00303362496197, 0.00214459164999, -0.00315035670064, 0.00185713451356, -0.00441046105698, 0.00117361848243, -0.00837647542357, 0.0214540380985, -0.0095546906814, 0.00224538659677, -0.00158786342945, -0.00264047947712], [-0.000252675439697, 0.00444683758542, -0.000648915942293, 0.00211895629764, -0.00446680700406, 0.00292219896801, -0.00204082275741, 0.000340233615134, -0.0095546906814, 0.0260722544044, -0.0118375774473, 0.00380342593417, -0.00140908756293], [0.000393237656681, -0.00422368990257, 0.00346609740518, -0.00586902908981, 0.00183274957817, -0.000875178433489, -0.000618259829935, -0.00300565501675, 0.00224538659677, -0.0118375774473, 0.0291462633759, -0.0154990376905, 0.00493018189445], [-0.000278717896435, 0.0056843678467, -0.00384902581573, 0.00527637591586, -0.00373400584795, 0.00106827018317, -0.000111477987957, 0.00208101724274, -0.00158786342945, 0.00380342593417, -0.0154990376905, 0.0325526893139, -0.0140011273324], [0.00035130631295, -0.00322901294567, 0.0034069835674, -0.00354825425893, 0.0013634035131, -0.00067573308479, 0.000524605042301, -0.00155523943249, -0.00264047947712, -0.00140908756293, 0.00493018189445, -0.0140011273324, 0.0229203477502]]
    },
    "melbands": {
        "mean": [0.00199219607748, 0.00154951447621, 0.000566322123632, 0.000564649933949, 0.000299197621644, 0.00023308332311, 0.000205572185223, 0.00018887357146, 0.000399631040636, 0.000250739831245, 0.000115341536002, 0.00017613680393, 0.000127813051222, 6.68005232001e-005, 7.26528960513e-005, 9.74815702648e-005, 7.59914400987e-005, 4.14564274251e-005, 6.19410784566e-005, 2.35929455812e-005, 2.19788835238e-005, 2.0947174562e-005, 1.63790737133e-005, 1.01038613138e-005, 5.06769902131e-006, 6.76010904499e-006, 7.80055779614e-006, 5.79477227802e-006, 4.62693651571e-006, 3.71189230464e-006, 3.09664460474e-006, 3.34932087753e-006, 2.49210575021e-006, 2.16472039938e-006, 1.46190689065e-006, 6.4476080297e-007, 5.07878269218e-007, 4.21120319061e-007, 3.89792944588e-007, 2.70840814665e-007],
        "var": [1.15165648822e-005, 5.40760311196e-006, 1.66383244959e-006, 2.80361791738e-006, 1.4323512687e-007, 1.77034337412e-007, 4.72729446699e-008, 6.88336641019e-008, 6.02915122272e-007, 3.76002731173e-007, 6.45376942998e-008, 1.97550093617e-007, 8.99752876649e-008, 1.60002979754e-008, 1.39236631114e-008, 3.9860456269e-008, 4.62860327843e-008, 1.03083355185e-008, 1.88840889592e-008, 9.37730448847e-010, 8.65232330227e-010, 1.36938682616e-009, 5.15009035418e-010, 1.60989513387e-010, 2.90389674112e-011, 7.78524397727e-011, 1.22751184217e-010, 7.18380702147e-011, 4.99347334315e-011, 4.61840773958e-011, 7.30586841025e-011, 6.696580096e-011, 4.65239513581e-011, 6.12252956667e-011, 2.70313129519e-011, 2.41196819462e-012, 1.56962875857e-012, 1.2207225248e-012, 1.14049199772e-012, 5.78144303265e-013]
    },
    "mfcc": {
        "mean": [-647.353088379, 135.408569336, -17.5710582733, 24.0274848938, -5.14425992966, 6.36337327957, -1.06886005402, 2.22447490692, 5.655813694, 2.35073494911, -0.0135228205472, 2.12761449814, 2.26890516281],
        "cov": [[4040.37084961, -789.336547852, -143.800262451, -113.332252502, -96.248298645, 88.6571807861, -104.368682861, -8.07029247284, -6.13319730759, 41.6664772034, 127.012260437, -38.77003479, -10.7400741577], [-789.336547852, 964.494567871, -215.886688232, 146.95010376, 108.44682312, 4.24114179611, 101.580688477, 23.4020442963, 76.8998794556, 50.1220207214, -0.153894603252, 46.7957725525, 18.1460990906], [-143.800262451, -215.886688232, 617.23626709, 12.5739145279, 107.71144104, 91.1211166382, 42.1241264343, 102.851837158, 3.11692667007, 29.6313228607, 15.8041496277, -22.1594867706, -13.4239120483], [-113.332252502, 146.95010376, 12.5739145279, 266.848205566, 82.4847640991, 20.0892219543, 47.3703384399, 7.90522766113, 33.9337234497, 35.8455886841, -7.88748121262, 83.5397262573, 44.6805305481], [-96.248298645, 108.44682312, 107.71144104, 82.4847640991, 154.964950562, 45.9625053406, 42.4681587219, 41.4749641418, 34.0127449036, 29.9429264069, 11.1025342941, 34.0157394409, 26.9362277985], [88.6571807861, 4.24114179611, 91.1211166382, 20.0892219543, 45.9625053406, 116.749176025, 50.0419578552, 42.0220565796, 29.9843482971, 23.1883907318, 25.6073322296, 17.169675827, 9.47057533264], [-104.368682861, 101.580688477, 42.1241264343, 47.3703384399, 42.4681587219, 50.0419578552, 111.087142944, 47.7141456604, 23.4344234467, 24.0609607697, 21.0436820984, 31.1867637634, 12.6082687378], [-8.07029247284, 23.4020442963, 102.851837158, 7.90522766113, 41.4749641418, 42.0220565796, 47.7141456604, 95.1517486572, 33.7360916138, 22.7462081909, 25.6457653046, 4.69977855682, 10.7904920578], [-6.13319730759, 76.8998794556, 3.11692667007, 33.9337234497, 34.0127449036, 29.9843482971, 23.4344234467, 33.7360916138, 97.1564254761, 45.136631012, 16.0284633636, 18.7462921143, 16.6531581879], [41.6664772034, 50.1220207214, 29.6313228607, 35.8455886841, 29.9429264069, 23.1883907318, 24.0609607697, 22.7462081909, 45.136631012, 83.131072998, 40.9655570984, 21.9466171265, 6.64248895645], [127.012260437, -0.153894603252, 15.8041496277, -7.88748121262, 11.1025342941, 25.6073322296, 21.0436820984, 25.6457653046, 16.0284633636, 40.9655570984, 98.3419494629, 15.6719694138, 3.83990359306], [-38.77003479, 46.7957725525, -22.1594867706, 83.5397262573, 34.0157394409, 17.169675827, 31.1867637634, 4.69977855682, 18.7462921143, 21.9466171265, 15.6719694138, 102.326805115, 46.1427154541], [-10.7400741577, 18.1460990906, -13.4239120483, 44.6805305481, 26.9362277985, 9.47057533264, 12.6082687378, 10.7904920578, 16.6531581879, 6.64248895645, 3.83990359306, 46.1427154541, 80.2579956055]],
        "icov": [[0.000362075748853, 0.000377419753931, 0.000354730931576, -0.000114500267955, -0.000105468112451, -0.000482981238747, 0.000290379452053, -0.000205630974961, 7.18079754733e-005, -0.000282760825939, -0.000339957943652, 0.000253647449426, 3.95519964513e-005], [0.000377419753931, 0.00201120786369, 0.00125794415362, -0.000556113489438, -0.00137463875581, -3.92325819121e-006, -0.00103508972097, -0.000424397352617, -0.000446560268756, -0.000680522876792, -2.44295570155e-005, 0.000737816444598, 0.000523222086485], [0.000354730931576, 0.00125794415362, 0.00329838227481, -0.000391103123548, -0.0020926927682, -0.00152735214215, 0.000294569385005, -0.00279353000224, 0.00137227284722, -0.00142086623237, 0.000428652681876, 0.00117298937403, 0.000882319116499], [-0.000114500267955, -0.000556113489438, -0.000391103123548, 0.00631715357304, -0.00182845711242, 0.00060981727438, -0.00110063992906, 0.0012829588959, -0.000269186013611, -0.00148051325232, 0.0019730576314, -0.00391656300053, -0.000593971344642], [-0.000105468112451, -0.00137463875581, -0.0020926927682, -0.00182845711242, 0.0111530432478, -0.00156091363169, 0.000235226412769, -0.000994333531708, -0.000785836018622, -0.000218091270654, 0.000104492297396, -0.000839382351842, -0.00183898501564], [-0.000482981238747, -3.92325819121e-006, -0.00152735214215, 0.00060981727438, -0.00156091363169, 0.0136677036062, -0.00471552507952, -0.000352925475454, -0.00273329252377, 0.00105362560134, -0.00121474463958, -0.000918101228308, 0.000106510597107], [0.000290379452053, -0.00103508972097, 0.000294569385005, -0.00110063992906, 0.000235226412769, -0.00471552507952, 0.0158574692905, -0.00615747878328, 0.00172611803282, -0.00078447413398, -0.000643075618427, -0.00284765078686, 0.00112382357474], [-0.000205630974961, -0.000424397352617, -0.00279353000224, 0.0012829588959, -0.000994333531708, -0.000352925475454, -0.00615747878328, 0.0195619557053, -0.00507627008483, 0.00148448243272, -0.00277359667234, 0.00198605773039, -0.00247911992483], [7.18079754733e-005, -0.000446560268756, 0.00137227284722, -0.000269186013611, -0.000785836018622, -0.00273329252377, 0.00172611803282, -0.00507627008483, 0.016938785091, -0.00842126831412, 0.00218735216185, 0.000256859348156, -0.00158250774257], [-0.000282760825939, -0.000680522876792, -0.00142086623237, -0.00148051325232, -0.000218091270654, 0.00105362560134, -0.00078447413398, 0.00148448243272, -0.00842126831412, 0.0219204630703, -0.00756222568452, -0.00164844910614, 0.0018178075552], [-0.000339957943652, -2.44295570155e-005, 0.000428652681876, 0.0019730576314, 0.000104492297396, -0.00121474463958, -0.000643075618427, -0.00277359667234, 0.00218735216185, -0.00756222568452, 0.0150211565197, -0.0023726739455, 0.000332961353706], [0.000253647449426, 0.000737816444598, 0.00117298937403, -0.00391656300053, -0.000839382351842, -0.000918101228308, -0.00284765078686, 0.00198605773039, 0.000256859348156, -0.00164844910614, -0.0023726739455, 0.0182313844562, -0.00747101102024], [3.95519964513e-005, 0.000523222086485, 0.000882319116499, -0.000593971344642, -0.00183898501564, 0.000106510597107, 0.00112382357474, -0.00247911992483, -0.00158250774257, 0.0018178075552, 0.000332961353706, -0.00747101102024, 0.0180437434465]]
    },
    "spectral_contrast_coeffs": {
        "mean": [-0.673425137997, -0.741652071476, -0.743150293827, -0.729668557644, -0.768777489662, -0.733113586903],
        "var": [0.00655339099467, 0.00525372009724, 0.00449628429487, 0.00478468090296, 0.00229031033814, 0.00157057296019]
    },
    "spectral_contrast_valleys": {
        "mean": [-7.33206653595, -6.52662658691, -7.3117442131, -7.8522195816, -7.75416660309, -10.6845521927],
        "var": [0.882793664932, 0.588822364807, 0.581185519695, 0.693144381046, 0.699450075626, 0.992553472519]
    }
},
"metadata": {
    "audio_properties": {
        "analysis_sample_rate": 44100,
        "bit_rate": 128074,
        "equal_loudness": 0,
        "length": 45.0612258911,
        "lossless": 0,
        "replay_gain": -5.99299812317,
        "sample_rate": 44100,
        "codec": "mp3",
        "downmix": "mix",
        "md5_encoded": "0621274a79bfd258797155c61a25c1d2"
    },
    "tags": {
        "file_name": "1705.mp3"
    },
    "version": {
        "essentia": "2.1-beta2",
        "essentia_git_sha": "v2.1_beta2",
        "extractor": "music 1.0"
    }
},
"rhythm": {
    "beats_count": 101,
    "beats_loudness": {
        "mean": 0.0413544848561,
        "var": 0.00073748989962
    },
    "bpm": 135.725601196,
    "bpm_histogram_first_peak_bpm": {
        "mean": 136,
        "var": 0
    },
    "bpm_histogram_first_peak_spread": {
        "mean": 0.36559137702,
        "var": 0
    },
    "bpm_histogram_first_peak_weight": {
        "mean": 0.589999973774,
        "var": 0
    },
    "bpm_histogram_second_peak_bpm": {
        "mean": 144,
        "var": 0
    },
    "bpm_histogram_second_peak_spread": {
        "mean": 0.399999976158,
        "var": 0
    },
    "bpm_histogram_second_peak_weight": {
        "mean": 0.0299999993294,
        "var": 0
    },
    "danceability": 1.23176240921,
    "onset_rate": 2.86148142815,
    "beats_loudness_band_ratio": {
        "mean": [0.447532385588, 0.161574825644, 0.182154148817, 0.133405983448, 0.0811174884439, 0.0526624396443],
        "var": [0.0819429606199, 0.0207118634135, 0.0145121403039, 0.0124082537368, 0.00652088550851, 0.00571398856118]
    },
    "beats_position": [0.394739210606, 0.801088392735, 1.20743763447, 1.62539684772, 2.0549659729, 2.49614500999, 2.93732428551, 3.39011335373, 3.80807256699, 4.22603178024, 4.66721057892, 5.10838985443, 5.54956912994, 5.99074840546, 6.43192720413, 6.87310647964, 7.31428575516, 7.75546455383, 8.20825386047, 8.66104316711, 9.10222244263, 9.54340076447, 9.98458003998, 10.4257593155, 10.8785486221, 11.3197278976, 11.7725172043, 12.2136955261, 12.6664848328, 13.1192741394, 13.5836734772, 14.0364627838, 14.4892511368, 14.9420404434, 15.3948297501, 15.8360090256, 16.2887973785, 16.7299766541, 17.1827659607, 17.6239452362, 18.0651245117, 18.4946937561, 18.9474830627, 19.4002723694, 19.853061676, 20.2942390442, 20.7354183197, 21.1765975952, 21.6177768707, 22.0589561462, 22.5001354218, 22.9645347595, 23.4173240662, 23.8585033417, 24.3112926483, 24.7524719238, 25.2052612305, 25.6464385986, 26.076007843, 26.5171871185, 26.958366394, 27.3995456696, 27.8407249451, 28.2819042206, 28.7230834961, 29.1642627716, 29.6054420471, 30.0466213226, 30.4878005981, 30.9289798737, 31.358549118, 31.7881164551, 32.2292976379, 32.6704750061, 33.1000442505, 33.5412254333, 33.9707946777, 34.4003639221, 34.8299331665, 35.2711105347, 35.7122879028, 36.1534690857, 36.5946464539, 37.0358276367, 37.4770050049, 37.9065742493, 38.3477554321, 38.8005447388, 39.2417221069, 39.6829032898, 40.124080658, 40.5536499023, 40.9832191467, 41.4127883911, 41.8539657593, 42.2951469421, 42.7363243103, 43.1891136169, 43.6302947998, 44.071472168, 44.5126533508]
},
"tonal": {
    "chords_changes_rate": 0.0699588507414,
    "chords_number_rate": 0.0133744860068,
    "chords_strength": {
        "mean": 0.464527785778,
        "var": 0.0101817119867
    },
    "hpcp_entropy": {
        "mean": 1.89263665676,
        "var": 0.467260718346
    },
    "key_strength": 0.524947345257,
    "tuning_diatonic_strength": 0.445514887571,
    "tuning_equal_tempered_deviation": 0.0374883674085,
    "tuning_frequency": 442.548919678,
    "tuning_nontempered_energy_ratio": 0.707294881344,
    "hpcp": {
        "mean": [0.0614158399403, 0.0638920590281, 0.182520702481, 0.299627512693, 0.200791716576, 0.120154365897, 0.160934656858, 0.161165848374, 0.169004693627, 0.217183664441, 0.204743370414, 0.204941019416, 0.227937251329, 0.173170372844, 0.125697106123, 0.112316906452, 0.0916581302881, 0.168727949262, 0.274411976337, 0.194099128246, 0.0848519429564, 0.0627282187343, 0.0562920160592, 0.114770419896, 0.189357802272, 0.148413270712, 0.100400678813, 0.10457573086, 0.080189332366, 0.0814246684313, 0.0885455906391, 0.0777060613036, 0.115866407752, 0.157159596682, 0.119865559042, 0.0724280402064],
        "var": [0.017962647602, 0.015577711165, 0.048266787082, 0.105366677046, 0.0480326861143, 0.0350073613226, 0.0747254788876, 0.0774826332927, 0.0615341886878, 0.0897888317704, 0.0844282284379, 0.0793517678976, 0.0950458496809, 0.0697414800525, 0.0469000786543, 0.042229630053, 0.0352868437767, 0.0470105260611, 0.110808357596, 0.064345754683, 0.0308016501367, 0.0242496747524, 0.01672979258, 0.0352582894266, 0.0743121057749, 0.0509960800409, 0.0300218984485, 0.036803714931, 0.0192159302533, 0.0273359976709, 0.0400238074362, 0.0311648994684, 0.0333919972181, 0.0524082109332, 0.0364773124456, 0.0227474458516]
    },
    "chords_histogram": [1.74897122383, 3.60082316399, 22.6337451935, 1.33744859695, 10.0823049545, 0, 8.02469158173, 0, 0.308641970158, 0, 0, 0, 1.85185182095, 3.70370364189, 0, 0, 0, 0, 0, 3.08641982079, 9.15637874603, 5.65843629837, 8.95061683655, 19.855966568],
    "thpcp": [1, 0.670137763023, 0.401012450457, 0.537115752697, 0.537887334824, 0.564049303532, 0.724845528603, 0.683326363564, 0.683986008167, 0.76073539257, 0.57795214653, 0.4195112288, 0.374855130911, 0.305906921625, 0.563125669956, 0.915843725204, 0.647801399231, 0.283191412687, 0.209353998303, 0.187873318791, 0.383043676615, 0.631977379322, 0.495325922966, 0.335084974766, 0.349019110203, 0.267630070448, 0.271752983332, 0.295518904924, 0.259342223406, 0.386701494455, 0.524516582489, 0.400048583746, 0.24172693491, 0.204973965883, 0.213238298893, 0.609158694744],
    "chords_key": "G#",
    "chords_scale": "major",
    "key_key": "C#",
    "key_scale": "major"
}
}