{
"lowlevel": {
    "average_loudness": 0.869236469269,
    "barkbands_crest": {
        "mean": 10.1705303192,
        "var": 11.3935728073
    },
    "barkbands_flatness_db": {
        "mean": 0.188858270645,
        "var": 0.00217342283577
    },
    "barkbands_kurtosis": {
        "mean": 3.16156053543,
        "var": 41.0449562073
    },
    "barkbands_skewness": {
        "mean": 0.701163470745,
        "var": 1.42927122116
    },
    "barkbands_spread": {
        "mean": 12.9725856781,
        "var": 61.4065856934
    },
    "dissonance": {
        "mean": 0.41841968894,
        "var": 0.00241463514976
    },
    "dynamic_complexity": 3.6687502861,
    "erbbands_crest": {
        "mean": 12.8800449371,
        "var": 23.6086807251
    },
    "erbbands_flatness_db": {
        "mean": 0.228385299444,
        "var": 0.0030516074039
    },
    "erbbands_kurtosis": {
        "mean": 3.03545880318,
        "var": 10.5357484818
    },
    "erbbands_skewness": {
        "mean": 0.589976072311,
        "var": 0.633245110512
    },
    "erbbands_spread": {
        "mean": 18.1540870667,
        "var": 193.540054321
    },
    "hfc": {
        "mean": 17.3874568939,
        "var": 227.525558472
    },
    "melbands_crest": {
        "mean": 13.6917228699,
        "var": 34.4646644592
    },
    "melbands_flatness_db": {
        "mean": 0.247941493988,
        "var": 0.00296451780014
    },
    "melbands_kurtosis": {
        "mean": 5.87592077255,
        "var": 299.724639893
    },
    "melbands_skewness": {
        "mean": 1.10256946087,
        "var": 2.42434692383
    },
    "melbands_spread": {
        "mean": 18.943479538,
        "var": 95.5436248779
    },
    "pitch_salience": {
        "mean": 0.528773009777,
        "var": 0.0124844014645
    },
    "silence_rate_20dB": {
        "mean": 1,
        "var": 0
    },
    "silence_rate_30dB": {
        "mean": 0.992276012897,
        "var": 0.00766443088651
    },
    "silence_rate_60dB": {
        "mean": 0.0937178134918,
        "var": 0.0849359706044
    },
    "spectral_centroid": {
        "mean": 993.35949707,
        "var": 193613.984375
    },
    "spectral_complexity": {
        "mean": 11.2131824493,
        "var": 24.5497779846
    },
    "spectral_decrease": {
        "mean": -5.64762414612e-009,
        "var": 2.94510311736e-017
    },
    "spectral_energy": {
        "mean": 0.0228925067931,
        "var": 0.000468273239676
    },
    "spectral_energyband_high": {
        "mean": 0.000167307138327,
        "var": 1.04371501664e-007
    },
    "spectral_energyband_low": {
        "mean": 0.00358546059579,
        "var": 2.44197435677e-005
    },
    "spectral_energyband_middle_high": {
        "mean": 0.00928753055632,
        "var": 8.98333382793e-005
    },
    "spectral_energyband_middle_low": {
        "mean": 0.0100655173883,
        "var": 0.00024954858236
    },
    "spectral_entropy": {
        "mean": 6.83489704132,
        "var": 0.248124703765
    },
    "spectral_flux": {
        "mean": 0.0689452141523,
        "var": 0.00208441633731
    },
    "spectral_kurtosis": {
        "mean": 8.85086536407,
        "var": 28.8379859924
    },
    "spectral_rms": {
        "mean": 0.00426980806515,
        "var": 4.1028929445e-006
    },
    "spectral_rolloff": {
        "mean": 1149.7076416,
        "var": 612464.125
    },
    "spectral_skewness": {
        "mean": 2.27565813065,
        "var": 0.369957357645
    },
    "spectral_spread": {
        "mean": 3830171.75,
        "var": 4.55193500058e+012
    },
    "spectral_strongpeak": {
        "mean": 1.9134554863,
        "var": 2.99526977539
    },
    "zerocrossingrate": {
        "mean": 0.0461664646864,
        "var": 0.000557927589398
    },
    "barkbands": {
        "mean": [3.09106180794e-005, 0.00123197841458, 0.0022882623598, 8.22971996968e-005, 0.00135365291499, 0.00371039379388, 0.00103277049493, 0.00250274525024, 0.00107368885074, 0.00174646137748, 0.00187924760394, 0.00292003038339, 0.000860672618728, 0.00136362516787, 0.000336620141752, 5.43764763279e-005, 3.49353285856e-005, 3.28666210407e-005, 8.0905680079e-005, 0.000153105604113, 2.62852554442e-005, 1.44225368786e-005, 2.6640977012e-005, 2.58619002125e-005, 2.33256268984e-005, 5.97618418396e-006, 4.68321900371e-007],
        "var": [1.79673753653e-009, 3.77714059141e-006, 1.07947334982e-005, 2.79936109848e-008, 1.00643719634e-005, 0.000105573722976, 5.13327722729e-006, 1.80805272976e-005, 2.59059265773e-006, 7.38270546208e-006, 1.49313382281e-005, 2.65063736151e-005, 3.94193739339e-006, 5.46946739632e-006, 1.49861398313e-006, 8.75284467128e-009, 5.51364331969e-009, 9.60092449986e-009, 2.61660755285e-008, 4.81690172194e-008, 1.52059005387e-008, 1.32666877484e-009, 3.62968610723e-009, 7.19032211549e-009, 6.48024656158e-009, 5.77119740885e-010, 4.29969428117e-012]
    },
    "erbbands": {
        "mean": [0.0121270790696, 0.392386257648, 2.62449145317, 1.0469918251, 1.09234809875, 4.93353891373, 26.4673805237, 25.7804698944, 14.081864357, 31.0596370697, 48.8212203979, 24.0969867706, 49.629322052, 62.1829071045, 86.6133422852, 106.274635315, 50.9669876099, 44.8972244263, 55.6052513123, 8.19332027435, 2.76807451248, 1.96612381935, 1.71302688122, 2.87355351448, 7.55677461624, 5.38939619064, 2.06473302841, 0.5727891922, 0.508552730083, 0.678370118141, 0.769843816757, 0.473330110312, 0.491675555706, 0.292732268572, 0.132439002395, 0.0390784926713, 0.00908850878477, 0.00176400318742, 6.35320393485e-005, 2.84290017589e-005],
        "var": [0.000339980906574, 0.371604025364, 15.2825336456, 1.56188988686, 6.35736322403, 102.973327637, 11025.6025391, 3203.56689453, 751.74798584, 2850.50634766, 8351.06738281, 955.893920898, 4127.75537109, 16192.0527344, 19368.4960938, 32879.7109375, 8501.38085938, 5578.80126953, 9581.22070313, 415.415802002, 28.9229240417, 14.4843225479, 21.4482192993, 42.3757247925, 126.804405212, 43.2691955566, 59.469833374, 3.50648546219, 2.08876776695, 2.34797263145, 3.12457990646, 2.49682164192, 2.82159876823, 0.900811851025, 0.275651633739, 0.0271203648299, 0.00125369126908, 4.50193147117e-005, 4.3745842504e-008, 6.7064009901e-010]
    },
    "gfcc": {
        "mean": [-55.9790115356, 122.403236389, -127.889045715, 0.766121566296, -66.9794158936, 22.9144363403, -25.3016986847, 3.43105578423, -27.7297306061, 4.16422796249, 2.61288118362, -13.108133316, -9.57713127136],
        "cov": [[6386.45947266, -216.600570679, -784.704345703, -110.718185425, -275.108551025, 45.9566879272, -193.23399353, -251.885726929, -117.377731323, 132.999160767, 198.999359131, -96.89793396, -48.9564323425], [-216.600570679, 920.970458984, -133.059936523, 35.6537399292, 135.802307129, -130.964416504, 174.678726196, -212.428237915, 82.4269180298, -70.1207351685, 112.078041077, -145.306945801, 34.3641471863], [-784.704345703, -133.059936523, 1130.55603027, 211.810638428, 67.9243774414, 54.9253578186, -167.908172607, 260.648498535, -3.84893965721, -1.57858181, -230.373962402, 185.044509888, -69.6142272949], [-110.718185425, 35.6537399292, 211.810638428, 429.232635498, 110.883163452, -12.5649766922, -3.43361735344, 19.5229721069, 50.2331123352, -51.8614387512, -97.9398727417, 31.3584632874, -30.2075691223], [-275.108551025, 135.802307129, 67.9243774414, 110.883163452, 218.32131958, 64.6343612671, 20.5786209106, -26.3386230469, 3.63579678535, -8.04617404938, -11.4938154221, -44.9228515625, -7.03180932999], [45.9566879272, -130.964416504, 54.9253578186, -12.5649766922, 64.6343612671, 218.236206055, 29.7036762238, 16.9573841095, -61.8598251343, -12.866312027, 2.01310968399, -51.9301109314, -24.8061180115], [-193.23399353, 174.678726196, -167.908172607, -3.43361735344, 20.5786209106, 29.7036762238, 188.032150269, -38.9934158325, -1.94035208225, -33.3545684814, 47.7925033569, -80.0814056396, 2.70574569702], [-251.885726929, -212.428237915, 260.648498535, 19.5229721069, -26.3386230469, 16.9573841095, -38.9934158325, 214.577133179, 38.8449058533, 34.3197555542, -94.6363754272, 66.3386001587, -41.8006744385], [-117.377731323, 82.4269180298, -3.84893965721, 50.2331123352, 3.63579678535, -61.8598251343, -1.94035208225, 38.8449058533, 152.234573364, 45.3453140259, -25.5655994415, 0.703205943108, -31.1324768066], [132.999160767, -70.1207351685, -1.57858181, -51.8614387512, -8.04617404938, -12.866312027, -33.3545684814, 34.3197555542, 45.3453140259, 114.50667572, 11.8579998016, -4.82261943817, -22.5768890381], [198.999359131, 112.078041077, -230.373962402, -97.9398727417, -11.4938154221, 2.01310968399, 47.7925033569, -94.6363754272, -25.5655994415, 11.8579998016, 140.432846069, -59.4499397278, 30.7458763123], [-96.89793396, -145.306945801, 185.044509888, 31.3584632874, -44.9228515625, -51.9301109314, -80.0814056396, 66.3386001587, 0.703205943108, -4.82261943817, -59.4499397278, 177.813323975, 21.9499416351], [-48.9564323425, 34.3641471863, -69.6142272949, -30.2075691223, -7.03180932999, -24.8061180115, 2.70574569702, -41.8006744385, -31.1324768066, -22.5768890381, 30.7458763123, 21.9499416351, 85.8253173828]],
        "icov": [[0.000254944869084, -0.000312497548293, 0.000362009537639, -0.000339093618095, 0.000602121290285, -0.000490249833092, 0.000696096685715, -5.28599339304e-005, 0.000553449674044, -0.000585289904848, 3.66873027815e-005, -0.000143303332152, 0.000375078583602], [-0.000312497548293, 0.00482290517539, -0.00247396458872, 0.00170419272035, -0.0033623308409, 0.00447876704857, -0.00412781490013, 0.00386083568446, -0.00436699157581, 0.00388775067404, -0.00244104117155, 0.00261462572962, -0.000842249952257], [0.000362009537639, -0.00247396458872, 0.00332979043014, -0.00146191276144, 0.00136123085395, -0.00269410293549, 0.0033132636454, -0.0032200475689, 0.00324687035754, -0.00216243416071, 0.00225522485562, -0.00227473280393, 0.00142625137232], [-0.000339093618095, 0.00170419272035, -0.00146191276144, 0.0046433378011, -0.0032880587969, 0.00230352487415, -0.0022535037715, 0.0020643894095, -0.00307986582629, 0.00347456010059, 0.00103922409471, 0.00037497151061, 0.000374240655219], [0.000602121290285, -0.0033623308409, 0.00136123085395, -0.0032880587969, 0.00979576539248, -0.0055571263656, 0.00328864110634, -0.000731811800506, 0.00266658281907, -0.0043487851508, 0.00197687628679, -5.6395354477e-005, -0.000497600820381], [-0.000490249833092, 0.00447876704857, -0.00269410293549, 0.00230352487415, -0.0055571263656, 0.011469181627, -0.00475048879161, 0.00177900015842, -0.000846042239573, 0.00428892858326, -0.00253605400212, 0.00406640581787, 0.00111831142567], [0.000696096685715, -0.00412781490013, 0.0033132636454, -0.0022535037715, 0.00328864110634, -0.00475048879161, 0.0123456716537, -0.00451543787494, 0.0033320018556, -0.000706528080627, -0.000168510436197, 0.000402941892389, 0.00123220845126], [-5.28599339304e-005, 0.00386083568446, -0.0032200475689, 0.0020643894095, -0.000731811800506, 0.00177900015842, -0.00451543787494, 0.0131521783769, -0.00502143707126, 0.00010650252807, 0.00247939606197, 0.000261275941739, 0.000792506383732], [0.000553449674044, -0.00436699157581, 0.00324687035754, -0.00307986582629, 0.00266658281907, -0.000846042239573, 0.0033320018556, -0.00502143707126, 0.0150147629902, -0.00773588940501, 0.00335069745779, -0.00191246066242, 0.00373733043671], [-0.000585289904848, 0.00388775067404, -0.00216243416071, 0.00347456010059, -0.0043487851508, 0.00428892858326, -0.000706528080627, 0.00010650252807, -0.00773588940501, 0.0173436962068, -0.00556420069188, 0.00273658148944, 0.00158556946553], [3.66873027815e-005, -0.00244104117155, 0.00225522485562, 0.00103922409471, 0.00197687628679, -0.00253605400212, -0.000168510436197, 0.00247939606197, 0.00335069745779, -0.00556420069188, 0.0170489046723, 0.000103241800389, -0.00254703639075], [-0.000143303332152, 0.00261462572962, -0.00227473280393, 0.00037497151061, -5.6395354477e-005, 0.00406640581787, 0.000402941892389, 0.000261275941739, -0.00191246066242, 0.00273658148944, 0.000103241800389, 0.0119272014126, -0.00461771804839], [0.000375078583602, -0.000842249952257, 0.00142625137232, 0.000374240655219, -0.000497600820381, 0.00111831142567, 0.00123220845126, 0.000792506383732, 0.00373733043671, 0.00158556946553, -0.00254703639075, -0.00461771804839, 0.0179871432483]]
    },
    "melbands": {
        "mean": [0.000215642518015, 0.00107884081081, 0.000192488907487, 0.000180354967597, 0.000747515412513, 0.000593434611801, 0.000214100233279, 0.000414496375015, 0.000342976185493, 0.00015215241001, 0.000258870481048, 0.000256383151282, 0.000243623828283, 0.000320144172292, 0.000226052143262, 7.47312733438e-005, 9.13712210604e-005, 0.000115411770821, 1.94125932467e-005, 4.53775828646e-006, 2.67337759396e-006, 2.19317166739e-006, 1.40055033171e-006, 1.62520757385e-006, 2.27746136261e-006, 3.67900065612e-006, 7.60059310778e-006, 2.76508967545e-006, 1.42979081375e-006, 5.7611180182e-007, 2.617909729e-007, 2.77219442069e-007, 2.81951656689e-007, 4.26530277764e-007, 5.0045127864e-007, 3.18081987416e-007, 2.69400800335e-007, 3.24314953559e-007, 3.78470161877e-007, 2.00244301141e-007],
        "var": [1.11592221685e-007, 2.48917422141e-006, 5.67037368171e-008, 1.31852900154e-007, 7.75755052018e-006, 1.76380888206e-006, 1.93451597852e-007, 4.41614133706e-007, 4.29349398701e-007, 4.52538095885e-008, 1.22689300497e-007, 2.5118731628e-007, 1.79019210123e-007, 4.36087958633e-007, 1.45538450624e-007, 3.69517287879e-008, 3.00031288702e-008, 4.23131076843e-008, 5.64634694555e-009, 5.6519601499e-011, 4.44347891815e-011, 2.04479922578e-011, 1.74020554911e-011, 2.21793364924e-011, 3.32256305802e-011, 3.90263515948e-011, 1.57484011942e-010, 1.408140618e-011, 2.12906723501e-011, 8.14610531807e-012, 6.39842779454e-013, 6.95370247928e-013, 5.25762755815e-013, 9.34749348237e-013, 1.03896622208e-012, 1.12974213318e-012, 9.30002711126e-013, 1.47438875345e-012, 1.95604361701e-012, 4.04014170209e-013]
    },
    "mfcc": {
        "mean": [-702.077148438, 154.933349609, 0.161018237472, -6.64327478409, -11.4014015198, 2.82402873039, 16.1658687592, -3.53092813492, -15.3617143631, 15.4812984467, -2.29148626328, -4.08544826508, 8.96363067627],
        "cov": [[6003.38085938, -215.484054565, -635.146911621, -172.803070068, -322.723907471, 54.1194801331, -78.4568634033, -268.64642334, -425.260131836, 77.3278045654, -80.5850143433, -89.579246521, 199.914321899], [-215.484054565, 777.58215332, -45.5663871765, 53.2756195068, -46.0469551086, 36.6604385376, 33.773563385, -49.6865310669, -39.4936065674, 43.711391449, 1.60553872585, -12.7627840042, 49.8899116516], [-635.146911621, -45.5663871765, 705.009033203, 124.510375977, 235.491607666, -42.6104698181, -48.101726532, 106.707649231, 176.21546936, -82.3708648682, 31.0462017059, 79.7972259521, -106.576568604], [-172.803070068, 53.2756195068, 124.510375977, 386.214904785, 93.7753829956, 48.4749984741, -83.3271636963, 64.0595016479, 94.823600769, -69.0062103271, 43.2477378845, 42.5033187866, -50.0850296021], [-322.723907471, -46.0469551086, 235.491607666, 93.7753829956, 274.24597168, 46.6638183594, 0.356750637293, 37.3122253418, 73.4575958252, -34.9970703125, 18.7210006714, 7.37507677078, -43.087059021], [54.1194801331, 36.6604385376, -42.6104698181, 48.4749984741, 46.6638183594, 186.671264648, 79.9630355835, 12.9773902893, -48.6939277649, 28.6269321442, -15.132809639, -57.1392669678, 13.1176557541], [-78.4568634033, 33.773563385, -48.101726532, -83.3271636963, 0.356750637293, 79.9630355835, 245.175872803, 1.14737570286, -80.6022186279, 80.9182357788, -59.5320205688, -77.7647018433, 26.6035270691], [-268.64642334, -49.6865310669, 106.707649231, 64.0595016479, 37.3122253418, 12.9773902893, 1.14737570286, 151.312515259, 71.7697067261, -35.7668914795, 4.22485780716, 4.18940067291, -43.5140190125], [-425.260131836, -39.4936065674, 176.21546936, 94.823600769, 73.4575958252, -48.6939277649, -80.6022186279, 71.7697067261, 206.566635132, -36.3283729553, 49.1354370117, 81.7280807495, -69.0924606323], [77.3278045654, 43.711391449, -82.3708648682, -69.0062103271, -34.9970703125, 28.6269321442, 80.9182357788, -35.7668914795, -36.3283729553, 171.08380127, 23.0623092651, -20.4781303406, 36.2293968201], [-80.5850143433, 1.60553872585, 31.0462017059, 43.2477378845, 18.7210006714, -15.132809639, -59.5320205688, 4.22485780716, 49.1354370117, 23.0623092651, 117.508369446, 58.8135986328, -9.69459056854], [-89.579246521, -12.7627840042, 79.7972259521, 42.5033187866, 7.37507677078, -57.1392669678, -77.7647018433, 4.18940067291, 81.7280807495, -20.4781303406, 58.8135986328, 123.770492554, -6.48615217209], [199.914321899, 49.8899116516, -106.576568604, -50.0850296021, -43.087059021, 13.1176557541, 26.6035270691, -43.5140190125, -69.0924606323, 36.2293968201, -9.69459056854, -6.48615217209, 100.077377319]],
        "icov": [[0.000225157855311, 0.000109308042738, 4.44563956989e-005, -4.82052346342e-005, 0.000113977475849, -0.000105551494926, 0.00026729865931, 0.000159072427778, 0.000401636323659, -0.000104186183307, 0.000145081809023, -8.72895398061e-005, -9.66320803855e-005], [0.000109308042738, 0.00148394273128, -0.000158884766279, -0.000473529769806, 0.000471740320791, -0.000204467927688, -7.57377929403e-005, 0.000610583636444, 4.31588414358e-005, -0.000204429932637, -4.23755882366e-005, 0.00022574828472, -0.000734456989449], [4.44563956989e-005, -0.000158884766279, 0.00268567958847, 1.55095385708e-005, -0.00199066335335, 0.000734021770768, -0.000258647836745, -0.0008794645546, -0.000263661699137, 0.00016473645519, 0.000497692555655, -0.00136281177402, 0.00130956876092], [-4.82052346342e-005, -0.000473529769806, 1.55095385708e-005, 0.00391811551526, -0.00058777508093, -0.00174941786099, 0.000979858683422, -0.000793641374912, -0.000769652600866, 0.000973977148533, -0.000602061860263, -0.00057713635033, 0.000700755335856], [0.000113977475849, 0.000471740320791, -0.00199066335335, -0.00058777508093, 0.00640436634421, -0.00200798362494, -0.000502256618347, 0.00138480367605, -0.00150226370897, 0.000949948211201, -0.00118608772755, 0.00163132313173, -0.000511013146024], [-0.000105551494926, -0.000204467927688, 0.000734021770768, -0.00174941786099, -0.00200798362494, 0.00861236639321, -0.00203241570853, -0.00122020300478, 0.00126828381326, -0.000624995678663, -0.000777831184678, 0.00228779157624, -0.000589907402173], [0.00026729865931, -7.57377929403e-005, -0.000258647836745, 0.000979858683422, -0.000502256618347, -0.00203241570853, 0.00799980759621, -0.00141274451744, 0.00190010573715, -0.0036449006293, 0.00337662361562, 0.0007211396005, 3.32001291099e-005], [0.000159072427778, 0.000610583636444, -0.0008794645546, -0.000793641374912, 0.00138480367605, -0.00122020300478, -0.00141274451744, 0.0099701359868, -0.00334641197696, 0.0017702934565, -0.000742005417123, 0.00203437404707, 0.000619606697001], [0.000401636323659, 4.31588414358e-005, -0.000263661699137, -0.000769652600866, -0.00150226370897, 0.00126828381326, 0.00190010573715, -0.00334641197696, 0.0123675046489, -0.00187995459419, 0.000600699800998, -0.00580839812756, 0.00463776802644], [-0.000104186183307, -0.000204429932637, 0.00016473645519, 0.000973977148533, 0.000949948211201, -0.000624995678663, -0.0036449006293, 0.0017702934565, -0.00187995459419, 0.00967948138714, -0.00477710552514, 0.00177852716297, -0.00194703321904], [0.000145081809023, -4.23755882366e-005, 0.000497692555655, -0.000602061860263, -0.00118608772755, -0.000777831184678, 0.00337662361562, -0.000742005417123, 0.000600699800998, -0.00477710552514, 0.014388481155, -0.00610223878175, 0.00147350667976], [-8.72895398061e-005, 0.00022574828472, -0.00136281177402, -0.00057713635033, 0.00163132313173, 0.00228779157624, 0.0007211396005, 0.00203437404707, -0.00580839812756, 0.00177852716297, -0.00610223878175, 0.0172420740128, -0.00471055414528], [-9.66320803855e-005, -0.000734456989449, 0.00130956876092, 0.000700755335856, -0.000511013146024, -0.000589907402173, 3.32001291099e-005, 0.000619606697001, 0.00463776802644, -0.00194703321904, 0.00147350667976, -0.00471055414528, 0.0161588136107]]
    },
    "spectral_contrast_coeffs": {
        "mean": [-0.642743170261, -0.693230032921, -0.665193498135, -0.694921851158, -0.760210812092, -0.802587151527],
        "var": [0.00550535414368, 0.00800201110542, 0.00877116434276, 0.0115757333115, 0.00465177278966, 0.00136119872332]
    },
    "spectral_contrast_valleys": {
        "mean": [-8.09024429321, -6.96597528458, -7.72258853912, -8.62203788757, -8.86288356781, -11.1558732986],
        "var": [0.774252295494, 1.10614359379, 0.856089770794, 0.818406522274, 0.81837284565, 0.907260835171]
    }
},
"metadata": {
    "audio_properties": {
        "analysis_sample_rate": 44100,
        "bit_rate": 128074,
        "equal_loudness": 0,
        "length": 45.0612258911,
        "lossless": 0,
        "replay_gain": -5.21209526062,
        "sample_rate": 44100,
        "codec": "mp3",
        "downmix": "mix",
        "md5_encoded": "e8764b00228517bd071632f47af7f00c"
    },
    "tags": {
        "file_name": "1706.mp3"
    },
    "version": {
        "essentia": "2.1-beta2",
        "essentia_git_sha": "v2.1_beta2",
        "extractor": "music 1.0"
    }
},
"rhythm": {
    "beats_count": 98,
    "beats_loudness": {
        "mean": 0.0314199663699,
        "var": 0.000722263299394
    },
    "bpm": 132.775680542,
    "bpm_histogram_first_peak_bpm": {
        "mean": 133,
        "var": 0
    },
    "bpm_histogram_first_peak_spread": {
        "mean": 0.587499976158,
        "var": 0
    },
    "bpm_histogram_first_peak_weight": {
        "mean": 0.340206176043,
        "var": 0
    },
    "bpm_histogram_second_peak_bpm": {
        "mean": 126,
        "var": 0
    },
    "bpm_histogram_second_peak_spread": {
        "mean": 0.153846114874,
        "var": 0
    },
    "bpm_histogram_second_peak_weight": {
        "mean": 0.113402061164,
        "var": 0
    },
    "danceability": 1.08762192726,
    "onset_rate": 3.85967278481,
    "beats_loudness_band_ratio": {
        "mean": [0.195758387446, 0.230691224337, 0.227794602513, 0.287025094032, 0.06118549034, 0.0177851878107],
        "var": [0.0425484925508, 0.0444702096283, 0.020432414487, 0.0386680029333, 0.0075858659111, 0.00131739571225]
    },
    "beats_position": [0.417959183455, 0.870748281479, 1.3235373497, 1.78793644905, 2.2523355484, 2.69351458549, 3.13469386101, 3.5758728981, 4.01705217361, 4.446621418, 4.8994102478, 5.36380958557, 5.8282084465, 6.28099775314, 6.7570066452, 7.23301553726, 7.70902490616, 8.17342376709, 8.63782310486, 9.10222244263, 9.55501079559, 10.0194101334, 10.47219944, 10.9249887466, 11.3777770996, 11.8421764374, 12.3065757751, 12.7709751129, 13.235373497, 13.7113828659, 14.1873922348, 14.6401815414, 15.0813598633, 15.5341491699, 15.9753284454, 16.4165077209, 16.8576869965, 17.298866272, 17.7284355164, 18.1580047607, 18.5991840363, 19.0635814667, 19.5512008667, 19.9923801422, 20.4335594177, 20.8863487244, 21.339138031, 21.7803173065, 22.2331066132, 22.6858959198, 23.1270751953, 23.5682544708, 24.009431839, 24.4738311768, 24.9498405457, 25.4258499146, 25.9018592834, 26.3778686523, 26.8422679901, 27.3066654205, 27.747844696, 28.2006340027, 28.6534233093, 29.0946025848, 29.5473918915, 30.0001811981, 30.4529705048, 30.9057598114, 31.358549118, 31.8229465485, 32.2873458862, 32.7633552551, 33.2509727478, 33.7153739929, 34.1681632996, 34.6209526062, 35.0737419128, 35.514919281, 35.9677085876, 36.4088897705, 36.8616790771, 37.3144645691, 37.7788658142, 38.2316551208, 38.6612243652, 39.1024017334, 39.5435829163, 39.9847602844, 40.4375495911, 40.8903388977, 41.3315200806, 41.7726974487, 42.2138786316, 42.6666641235, 43.1194534302, 43.5838546753, 44.0366439819, 44.5126533508]
},
"tonal": {
    "chords_changes_rate": 0.0514403283596,
    "chords_number_rate": 0.0113168722019,
    "chords_strength": {
        "mean": 0.540703177452,
        "var": 0.0111914221197
    },
    "hpcp_entropy": {
        "mean": 1.94273018837,
        "var": 0.378849089146
    },
    "key_strength": 0.771668314934,
    "tuning_diatonic_strength": 0.638014137745,
    "tuning_equal_tempered_deviation": 0.138867795467,
    "tuning_frequency": 438.984558105,
    "tuning_nontempered_energy_ratio": 0.828359186649,
    "hpcp": {
        "mean": [0.099697522819, 0.0851180776954, 0.121575526893, 0.187750592828, 0.178791895509, 0.0927326008677, 0.0365505553782, 0.0320358537138, 0.0998527184129, 0.22250315547, 0.199538558722, 0.111796885729, 0.163489207625, 0.210876509547, 0.152478426695, 0.117055110633, 0.154488489032, 0.172502323985, 0.17308691144, 0.119054809213, 0.0480519346893, 0.0282202884555, 0.0445996932685, 0.136379465461, 0.210439547896, 0.148453980684, 0.0789594873786, 0.0845483541489, 0.0762523785233, 0.0680897459388, 0.0904073044658, 0.118954211473, 0.233662962914, 0.345910519361, 0.267000377178, 0.146941035986],
        "var": [0.0456932783127, 0.0319772437215, 0.0434948541224, 0.0738160163164, 0.0699633508921, 0.0284338332713, 0.00703964615241, 0.00577880442142, 0.0338669419289, 0.11695639044, 0.0991348177195, 0.0347754061222, 0.0667098090053, 0.09356700629, 0.0533949770033, 0.0438458919525, 0.0789383947849, 0.0646048858762, 0.053642578423, 0.0316310450435, 0.010171492584, 0.00574594410136, 0.00892596226186, 0.0476325005293, 0.0800228640437, 0.0505534671247, 0.0225627105683, 0.037123914808, 0.0271074175835, 0.021841481328, 0.0420333407819, 0.0542377494276, 0.0890239626169, 0.156967043877, 0.102784387767, 0.0653881728649]
    },
    "chords_histogram": [25.1028804779, 20.0617275238, 0, 0, 0.411522626877, 11.2139921188, 7.30452680588, 0, 0.617283940315, 0, 0, 0, 1.74897122383, 0.102880656719, 0, 1.64609050751, 4.11522626877, 4.21810722351, 0, 7.61316871643, 0, 0.411522626877, 10.1851854324, 5.24691343307],
    "thpcp": [1, 0.771876990795, 0.424794942141, 0.288217663765, 0.246069639921, 0.351465255022, 0.542772114277, 0.516873240471, 0.268082618713, 0.105664767325, 0.0926131233573, 0.288666337729, 0.643239080906, 0.576850235462, 0.323195964098, 0.472634404898, 0.609627366066, 0.440803080797, 0.338397085667, 0.446614027023, 0.498690605164, 0.500380575657, 0.344178050756, 0.138914346695, 0.0815826281905, 0.128934189677, 0.394262254238, 0.608364105225, 0.429168730974, 0.22826564312, 0.244422614574, 0.220439612865, 0.196842074394, 0.261360377073, 0.343887239695, 0.675501167774],
    "chords_key": "C#",
    "chords_scale": "major",
    "key_key": "C#",
    "key_scale": "major"
}
}