{
"lowlevel": {
    "average_loudness": 0.695312798023,
    "barkbands_crest": {
        "mean": 16.5560894012,
        "var": 31.926815033
    },
    "barkbands_flatness_db": {
        "mean": 0.315222352743,
        "var": 0.00905671156943
    },
    "barkbands_kurtosis": {
        "mean": 40.9608345032,
        "var": 7468.30322266
    },
    "barkbands_skewness": {
        "mean": 2.9004740715,
        "var": 14.8212842941
    },
    "barkbands_spread": {
        "mean": 5.62023067474,
        "var": 43.5251426697
    },
    "dissonance": {
        "mean": 0.378640770912,
        "var": 0.00820457842201
    },
    "dynamic_complexity": 3.61918663979,
    "erbbands_crest": {
        "mean": 19.1337928772,
        "var": 43.8888778687
    },
    "erbbands_flatness_db": {
        "mean": 0.334997177124,
        "var": 0.00864096172154
    },
    "erbbands_kurtosis": {
        "mean": 16.2404098511,
        "var": 748.172668457
    },
    "erbbands_skewness": {
        "mean": 2.04463195801,
        "var": 6.26370477676
    },
    "erbbands_spread": {
        "mean": 14.2027053833,
        "var": 254.100921631
    },
    "hfc": {
        "mean": 8.41000556946,
        "var": 49.6391029358
    },
    "melbands_crest": {
        "mean": 20.4191741943,
        "var": 51.5305709839
    },
    "melbands_flatness_db": {
        "mean": 0.381826460361,
        "var": 0.0118344891816
    },
    "melbands_kurtosis": {
        "mean": 49.0475730896,
        "var": 8074.53027344
    },
    "melbands_skewness": {
        "mean": 2.98828577995,
        "var": 14.738038063
    },
    "melbands_spread": {
        "mean": 7.33397483826,
        "var": 58.9033126831
    },
    "pitch_salience": {
        "mean": 0.426703751087,
        "var": 0.0353089869022
    },
    "silence_rate_20dB": {
        "mean": 1,
        "var": 0
    },
    "silence_rate_30dB": {
        "mean": 1,
        "var": 0
    },
    "silence_rate_60dB": {
        "mean": 0.148815646768,
        "var": 0.126666218042
    },
    "spectral_centroid": {
        "mean": 814.41418457,
        "var": 335581.0625
    },
    "spectral_complexity": {
        "mean": 6.7028837204,
        "var": 12.809170723
    },
    "spectral_decrease": {
        "mean": -3.99416633101e-009,
        "var": 1.91140214106e-017
    },
    "spectral_energy": {
        "mean": 0.0158376973122,
        "var": 0.000287700357148
    },
    "spectral_energyband_high": {
        "mean": 0.000141590018757,
        "var": 1.00693682725e-007
    },
    "spectral_energyband_low": {
        "mean": 0.000235501065617,
        "var": 3.42462442404e-007
    },
    "spectral_energyband_middle_high": {
        "mean": 0.00203283526935,
        "var": 1.0862830095e-005
    },
    "spectral_energyband_middle_low": {
        "mean": 0.0135881183669,
        "var": 0.000304093438899
    },
    "spectral_entropy": {
        "mean": 6.05327272415,
        "var": 0.872662723064
    },
    "spectral_flux": {
        "mean": 0.0422658137977,
        "var": 0.000565758964512
    },
    "spectral_kurtosis": {
        "mean": 33.2860603333,
        "var": 2831.16064453
    },
    "spectral_rms": {
        "mean": 0.0034550097771,
        "var": 3.51430594492e-006
    },
    "spectral_rolloff": {
        "mean": 854.176208496,
        "var": 585769.9375
    },
    "spectral_skewness": {
        "mean": 3.65908265114,
        "var": 7.23677825928
    },
    "spectral_spread": {
        "mean": 3033813.75,
        "var": 4.90632013414e+012
    },
    "spectral_strongpeak": {
        "mean": 1.59797930717,
        "var": 1.17127251625
    },
    "zerocrossingrate": {
        "mean": 0.0380225777626,
        "var": 0.000719278294127
    },
    "barkbands": {
        "mean": [3.9845075662e-005, 3.69181470887e-005, 6.18009798927e-005, 0.000301977153867, 0.00430083461106, 0.00702799344435, 0.00068726495374, 0.00082741829101, 0.000335386430379, 0.000325305183651, 0.000144634104799, 0.000141613592859, 0.000601389678195, 0.00056795933051, 9.31558533921e-005, 9.38719240366e-005, 2.95264726446e-005, 2.13718412851e-005, 3.87716318073e-005, 7.05057900632e-005, 4.13132656831e-005, 9.63675211096e-006, 4.64491722596e-006, 3.82453390557e-006, 7.41842040952e-006, 2.13665662159e-005, 1.96052110368e-006],
        "var": [1.74759993143e-008, 2.00247090021e-008, 4.40891518849e-008, 1.35631250942e-006, 0.000103879923699, 0.000185334793059, 4.91145783599e-006, 3.62956893696e-006, 5.5734057014e-007, 6.74392651945e-007, 3.42053596114e-007, 3.0207579016e-007, 2.55830354945e-006, 2.27350665227e-006, 1.23853411083e-007, 1.96454976731e-007, 7.11233472117e-009, 2.05616523807e-009, 1.12542348774e-008, 2.20173692611e-008, 2.21202824946e-008, 7.40997152526e-010, 1.97833818771e-010, 1.21593374258e-010, 6.02913108327e-010, 5.70435920721e-009, 1.18726084519e-010]
    },
    "erbbands": {
        "mean": [0.00174820690881, 0.00690593430772, 0.0595019124448, 0.593437612057, 3.70197987556, 16.6839370728, 51.7799911499, 50.7378730774, 11.4290246964, 16.2199668884, 15.1474323273, 6.95203351974, 12.4397125244, 8.01157188416, 4.91900968552, 7.59059047699, 26.1368408203, 30.9623813629, 12.3867826462, 6.07742166519, 3.40947246552, 1.75983917713, 1.17598843575, 1.67386746407, 1.97247672081, 3.2316865921, 2.11592388153, 1.77175629139, 0.445947170258, 0.246368095279, 0.114810489118, 0.0939872041345, 0.0551304891706, 0.0706422403455, 0.0644085630774, 0.0827457681298, 0.0307184122503, 0.0115593923256, 0.000245499977609, 2.38410066231e-005],
        "var": [7.48440725147e-005, 0.000373518123524, 0.0291478000581, 3.23548579216, 165.825836182, 2345.25268555, 11718.9677734, 14716.1904297, 2239.90234375, 1453.86157227, 1745.18920898, 127.369560242, 865.467468262, 490.54498291, 330.195770264, 570.967041016, 4670.91064453, 6135.50244141, 1030.01000977, 648.241943359, 127.376998901, 22.5855426788, 6.43396854401, 19.6472225189, 25.3552532196, 46.9387588501, 27.437286377, 57.9864234924, 1.53864860535, 0.555686354637, 0.132899135351, 0.0865940898657, 0.0233184415847, 0.0826042741537, 0.045765992254, 0.108135074377, 0.0128847742453, 0.00259343651123, 9.87763996818e-007, 1.08064612814e-009]
    },
    "gfcc": {
        "mean": [-168.668884277, 107.931991577, -124.335113525, -23.8156929016, -76.1963729858, -27.3566932678, -37.6950874329, -15.2432870865, -32.3618278503, 0.464387148619, -19.2632312775, -8.32432556152, -10.3763446808],
        "cov": [[9118.41015625, -3371.01269531, -242.089477539, 1566.94372559, 163.735809326, 660.401489258, -462.202545166, -283.812530518, -1129.96777344, 1022.85247803, 66.4124908447, 410.905853271, -153.26222229], [-3371.01269531, 3525.98168945, 1681.25073242, -311.401733398, -279.407897949, -322.342956543, 69.1643676758, -267.116210938, 287.97769165, -944.95111084, 147.267593384, 9.05761623383, 511.888702393], [-242.089477539, 1681.25073242, 4462.58691406, 714.012451172, -1562.3314209, -358.957366943, -591.097045898, -320.341583252, -146.184310913, -442.257049561, 58.117931366, 663.889892578, 608.526977539], [1566.94372559, -311.401733398, 714.012451172, 953.117004395, -40.4695777893, 64.6723861694, -200.334945679, -158.480194092, -209.420593262, 121.775001526, 68.8441314697, 174.074798584, 153.857498169], [163.735809326, -279.407897949, -1562.3314209, -40.4695777893, 1133.97705078, 222.251708984, 94.9482955933, 23.5556221008, -136.814071655, 195.527130127, 122.224136353, -288.81048584, -163.444732666], [660.401489258, -322.342956543, -358.957366943, 64.6723861694, 222.251708984, 410.974395752, 99.8338394165, 29.4590702057, -128.27331543, 6.08275556564, -39.3748855591, -32.6082763672, -122.50567627], [-462.202545166, 69.1643676758, -591.097045898, -200.334945679, 94.9482955933, 99.8338394165, 507.987060547, 177.574920654, 100.987762451, -53.7441291809, -125.144874573, -125.477325439, -110.771400452], [-283.812530518, -267.116210938, -320.341583252, -158.480194092, 23.5556221008, 29.4590702057, 177.574920654, 434.819091797, 134.621810913, 66.2556610107, -19.0483913422, -48.1084671021, -185.812316895], [-1129.96777344, 287.97769165, -146.184310913, -209.420593262, -136.814071655, -128.27331543, 100.987762451, 134.621810913, 462.974060059, -93.9602584839, -60.5680732727, -54.3775024414, -22.6866264343], [1022.85247803, -944.95111084, -442.257049561, 121.775001526, 195.527130127, 6.08275556564, -53.7441291809, 66.2556610107, -93.9602584839, 570.05291748, 103.151184082, -70.096031189, -159.01763916], [66.4124908447, 147.267593384, 58.117931366, 68.8441314697, 122.224136353, -39.3748855591, -125.144874573, -19.0483913422, -60.5680732727, 103.151184082, 261.010070801, 36.7844429016, 39.0247802734], [410.905853271, 9.05761623383, 663.889892578, 174.074798584, -288.81048584, -32.6082763672, -125.477325439, -48.1084671021, -54.3775024414, -70.096031189, 36.7844429016, 304.36050415, 136.280090332], [-153.26222229, 511.888702393, 608.526977539, 153.857498169, -163.444732666, -122.50567627, -110.771400452, -185.812316895, -22.6866264343, -159.01763916, 39.0247802734, 136.280090332, 326.788543701]],
        "icov": [[0.000375893316232, 6.92449930284e-006, 0.000248079770245, -0.000456783105619, 0.000341911363648, -0.000358669320121, 0.000233799859416, 2.68617186521e-005, 0.00061700824881, -0.000458207796328, 0.000247988413321, -0.00043586755055, 2.16445750993e-005], [6.92449930284e-006, 0.00216112006456, -0.00144169095438, 0.000843102869112, -0.00139750784729, 0.000656854186673, -0.00166777824052, 0.000997260329314, -0.00115175102837, 0.00277707423083, -0.00261471932754, 0.00188844744116, -0.000749205530155], [0.000248079770245, -0.00144169095438, 0.00193468073849, -0.00123720278498, 0.00214215135202, -0.000613555137534, 0.00170033809263, -0.000822284957394, 0.00154785125051, -0.00176019396167, 0.00158077955712, -0.00160200963728, 3.49389920302e-005], [-0.000456783105619, 0.000843102869112, -0.00123720278498, 0.0025576390326, -0.00143545761239, 0.000188644728041, -0.000855186022818, 0.00051019852981, -0.00111327308696, 0.000898603815585, -0.00101358664688, 0.000754206790589, -0.00091573264217], [0.000341911363648, -0.00139750784729, 0.00214215135202, -0.00143545761239, 0.00400143582374, -0.00140380079392, 0.00169769313652, -0.000801562739071, 0.00205406267196, -0.00188177882228, 0.000532913953066, -0.000111323286546, -0.000159236718901], [-0.000358669320121, 0.000656854186673, -0.000613555137534, 0.000188644728041, -0.00140380079392, 0.00443429592997, -0.00136472214945, 0.000491276266985, 1.71114752447e-005, 0.00204119714908, -0.000553682621103, 0.00016557892377, 0.00162504496984], [0.000233799859416, -0.00166777824052, 0.00170033809263, -0.000855186022818, 0.00169769313652, -0.00136472214945, 0.00471395393834, -0.00195543910377, 0.00128943659365, -0.00207947171293, 0.00311836972833, -0.000962218211498, -0.000111503664812], [2.68617186521e-005, 0.000997260329314, -0.000822284957394, 0.00051019852981, -0.000801562739071, 0.000491276266985, -0.00195543910377, 0.00438295444474, -0.00145679130219, 0.00105752213858, -0.00173299317248, -9.44720086409e-005, 0.0020138642285], [0.00061700824881, -0.00115175102837, 0.00154785125051, -0.00111327308696, 0.00205406267196, 1.71114752447e-005, 0.00128943659365, -0.00145679130219, 0.00492420978844, -0.00161290413234, 0.00190300203394, -0.0010780566372, 0.000157167203724], [-0.000458207796328, 0.00277707423083, -0.00176019396167, 0.000898603815585, -0.00188177882228, 0.00204119714908, -0.00207947171293, 0.00105752213858, -0.00161290413234, 0.00707144383341, -0.00473728217185, 0.00327616301365, 0.000538649095688], [0.000247988413321, -0.00261471932754, 0.00158077955712, -0.00101358664688, 0.000532913953066, -0.000553682621103, 0.00311836972833, -0.00173299317248, 0.00190300203394, -0.00473728217185, 0.0089924922213, -0.00355531834066, 0.000111972236482], [-0.00043586755055, 0.00188844744116, -0.00160200963728, 0.000754206790589, -0.000111323286546, 0.00016557892377, -0.000962218211498, -9.44720086409e-005, -0.0010780566372, 0.00327616301365, -0.00355531834066, 0.008495407179, -0.00250682444312], [2.16445750993e-005, -0.000749205530155, 3.49389920302e-005, -0.00091573264217, -0.000159236718901, 0.00162504496984, -0.000111503664812, 0.0020138642285, 0.000157167203724, 0.000538649095688, 0.000111972236482, -0.00250682444312, 0.00755179207772]]
    },
    "melbands": {
        "mean": [1.40814090628e-005, 2.08430064959e-005, 0.000142910677823, 0.000681412697304, 0.00161889230367, 0.00116186973173, 0.000149770625285, 0.000175638764631, 0.000109038439405, 4.4226366299e-005, 6.34555326542e-005, 3.37487181241e-005, 1.8240605641e-005, 1.21373795992e-005, 3.69866247638e-005, 6.49128123769e-005, 5.82602442591e-005, 2.45029368671e-005, 7.12395376468e-006, 8.42958252179e-006, 2.91042806566e-006, 1.98109842131e-006, 1.09495351808e-006, 9.70046471593e-007, 1.40013833061e-006, 1.41552027344e-006, 1.4010280438e-006, 2.4868327273e-006, 1.66168069882e-006, 8.60396937696e-007, 9.45506258176e-007, 2.12226865415e-007, 1.82184038522e-007, 1.15804780876e-007, 6.35654728853e-008, 5.75399319303e-008, 5.69344535961e-008, 3.67920165445e-008, 3.79508762194e-008, 6.81202436681e-008],
        "var": [3.53437834555e-009, 4.09353662079e-009, 2.31678484397e-007, 5.27940346728e-006, 9.60314264375e-006, 6.6777270149e-006, 3.96147527226e-007, 1.58397767791e-007, 1.03297693954e-007, 7.96388555102e-009, 2.3002973748e-008, 8.54256398952e-009, 5.19518872366e-009, 2.78601031134e-009, 1.12923128626e-008, 3.17577324438e-008, 2.61483954489e-008, 4.57864635095e-009, 7.41346206645e-010, 1.96510341333e-009, 7.86903875394e-011, 3.53566134703e-011, 8.20500611898e-012, 3.89084164193e-012, 1.70803319405e-011, 1.87058233486e-011, 9.33184172297e-012, 3.66683766684e-011, 2.06940142106e-011, 1.03010933117e-011, 1.85593831969e-011, 4.71573247032e-013, 4.74662518492e-013, 1.49137768649e-013, 5.37601071245e-014, 3.46871172736e-014, 3.28203176442e-014, 1.19248957497e-014, 1.49961897826e-014, 9.6225998903e-014]
    },
    "mfcc": {
        "mean": [-816.852661133, 148.778701782, -8.48062324524, -1.28347122669, -30.196937561, -17.2321243286, -13.2958345413, -21.3595676422, -14.6790571213, -4.57007884979, -7.26661300659, -11.0602397919, -12.4891033173],
        "cov": [[6417.32568359, -1599.20410156, -1791.94458008, 762.68560791, 323.717376709, 981.279174805, 758.528320313, -675.455383301, -444.600128174, -41.8445663452, -41.2652664185, 254.551116943, 21.4822826385], [-1599.20410156, 1794.53405762, 1328.99951172, -109.292602539, 89.4696655273, -136.306869507, -75.5470428467, 383.668487549, 6.13921928406, -303.735412598, -226.721313477, -209.576339722, 8.21543598175], [-1791.94458008, 1328.99951172, 5286.95263672, 650.952880859, -413.565917969, -399.600158691, -765.626647949, 138.66734314, -35.8579826355, -903.093933105, -727.682739258, -375.865234375, 92.4341506958], [762.68560791, -109.292602539, 650.952880859, 809.298339844, 123.36139679, 117.811691284, -4.51495599747, -211.618621826, -61.1372947693, -134.349655151, -194.429458618, 59.719997406, 129.208312988], [323.717376709, 89.4696655273, -413.565917969, 123.36139679, 625.468505859, 145.374755859, 139.765060425, -132.212631226, -200.280670166, -17.3970146179, -14.2274570465, 59.2231483459, -1.34021902084], [981.279174805, -136.306869507, -399.600158691, 117.811691284, 145.374755859, 480.226501465, 242.98677063, -87.5490112305, -78.2409515381, -22.9623336792, -31.9263935089, -15.3628320694, -69.6061096191], [758.528320313, -75.5470428467, -765.626647949, -4.51495599747, 139.765060425, 242.98677063, 582.210632324, -24.66157341, -87.5147247314, 82.4492340088, 55.8806533813, 91.9399795532, -33.5074386597], [-675.455383301, 383.668487549, 138.66734314, -211.618621826, -132.212631226, -87.5490112305, -24.66157341, 556.895874023, 219.333023071, -26.0815486908, 29.1500740051, -136.76348877, 15.0545701981], [-444.600128174, 6.13921928406, -35.8579826355, -61.1372947693, -200.280670166, -78.2409515381, -87.5147247314, 219.333023071, 324.851074219, 134.782348633, 57.4127197266, -2.98911213875, 3.30677270889], [-41.8445663452, -303.735412598, -903.093933105, -134.349655151, -17.3970146179, -22.9623336792, 82.4492340088, -26.0815486908, 134.782348633, 424.176483154, 245.009979248, 135.596725464, -7.4654583931], [-41.2652664185, -226.721313477, -727.682739258, -194.429458618, -14.2274570465, -31.9263935089, 55.8806533813, 29.1500740051, 57.4127197266, 245.009979248, 315.126678467, 132.504516602, 17.1297931671], [254.551116943, -209.576339722, -375.865234375, 59.719997406, 59.2231483459, -15.3628320694, 91.9399795532, -136.76348877, -2.98911213875, 135.596725464, 132.504516602, 310.46295166, 139.451751709], [21.4822826385, 8.21543598175, 92.4341506958, 129.208312988, -1.34021902084, -69.6061096191, -33.5074386597, 15.0545701981, 3.30677270889, -7.4654583931, 17.1297931671, 139.451751709, 255.388244629]],
        "icov": [[0.000391927780584, 0.000242372771027, 0.000111037574243, -0.000287000031676, 0.000158779381309, -0.000481741619296, -0.000148905732203, -2.72262113867e-005, 0.000330554728862, 0.000245295232162, 9.55844880082e-005, -0.000126519502373, -1.85846893146e-005], [0.000242372771027, 0.00115027278662, -0.000233515544096, 0.000202818860998, -0.00041215136298, -0.000168841856066, -0.000367684406228, -0.000585684378166, 0.000210710350075, 0.00011049456225, 0.000394942850107, 4.740705117e-005, -0.000189255704754], [0.000111037574243, -0.000233515544096, 0.000609827344306, -0.000516385829542, 0.00047495632316, 0.000107926112833, 0.000402788398787, -3.16221958201e-005, 0.000211952472455, 0.000699369993526, 0.000389902706956, -0.000201184433536, 0.00022672812338], [-0.000287000031676, 0.000202818860998, -0.000516385829542, 0.00263782287948, -0.000852754805237, -0.000229044439038, -0.000288581650238, 0.000957667885814, -0.00126790453214, -0.000304391520331, 0.000851253105793, 0.000341848382959, -0.00152749149129], [0.000158779381309, -0.00041215136298, 0.00047495632316, -0.000852754805237, 0.00276042521, -0.000520606525242, 0.000374001712771, -0.000482001341879, 0.00209545274265, -0.000173634602106, 0.000457966467366, -0.000940818630625, 0.000660307239741], [-0.000481741619296, -0.000168841856066, 0.000107926112833, -0.000229044439038, -0.000520606525242, 0.00389786902815, -0.000990143162198, 0.000360264006304, -0.000758345762733, 0.000502106791828, -0.000165629884577, 0.000748240738176, 0.000658296805341], [-0.000148905732203, -0.000367684406228, 0.000402788398787, -0.000288581650238, 0.000374001712771, -0.000990143162198, 0.00325705017895, -0.00121842348017, 0.00158402882516, -0.000650919915643, 0.00081470690202, -0.00175604748074, 0.00112051144242], [-2.72262113867e-005, -0.000585684378166, -3.16221958201e-005, 0.000957667885814, -0.000482001341879, 0.000360264006304, -0.00121842348017, 0.00510154804215, -0.00416250759736, 0.00176888145506, -0.00198501092382, 0.00320190284401, -0.00232647568919], [0.000330554728862, 0.000210710350075, 0.000211952472455, -0.00126790453214, 0.00209545274265, -0.000758345762733, 0.00158402882516, -0.00416250759736, 0.00866339635104, -0.00338153424673, 0.0020176100079, -0.00247412081808, 0.00179229490459], [0.000245295232162, 0.00011049456225, 0.000699369993526, -0.000304391520331, -0.000173634602106, 0.000502106791828, -0.000650919915643, 0.00176888145506, -0.00338153424673, 0.00719061587006, -0.00343984551728, -4.57257556263e-005, 0.000332619674737], [9.55844880082e-005, 0.000394942850107, 0.000389902706956, 0.000851253105793, 0.000457966467366, -0.000165629884577, 0.00081470690202, -0.00198501092382, 0.0020176100079, -0.00343984551728, 0.00851077772677, -0.00308347400278, 0.000574795529246], [-0.000126519502373, 4.740705117e-005, -0.000201184433536, 0.000341848382959, -0.000940818630625, 0.000748240738176, -0.00175604748074, 0.00320190284401, -0.00247412081808, -4.57257556263e-005, -0.00308347400278, 0.00866486318409, -0.00480499304831], [-1.85846893146e-005, -0.000189255704754, 0.00022672812338, -0.00152749149129, 0.000660307239741, 0.000658296805341, 0.00112051144242, -0.00232647568919, 0.00179229490459, 0.000332619674737, 0.000574795529246, -0.00480499304831, 0.00765271019191]]
    },
    "spectral_contrast_coeffs": {
        "mean": [-0.5296266675, -0.617433607578, -0.73770737648, -0.767819464207, -0.792792141438, -0.76007604599],
        "var": [0.0201862361282, 0.0137190986425, 0.00714503508061, 0.00667345523834, 0.00286223995499, 0.00373799237423]
    },
    "spectral_contrast_valleys": {
        "mean": [-10.1865587234, -8.06900024414, -8.60479736328, -9.30885314941, -9.61593055725, -12.7553672791],
        "var": [1.6364710331, 1.10270166397, 1.09800624847, 2.16136145592, 2.20634126663, 2.08778333664]
    }
},
"metadata": {
    "audio_properties": {
        "analysis_sample_rate": 44100,
        "bit_rate": 128074,
        "equal_loudness": 0,
        "length": 45.0612258911,
        "lossless": 0,
        "replay_gain": -5.55034828186,
        "sample_rate": 44100,
        "codec": "mp3",
        "downmix": "mix",
        "md5_encoded": "d1b0a7b025bbc80752e9c38fa93d3459"
    },
    "tags": {
        "file_name": "1707.mp3"
    },
    "version": {
        "essentia": "2.1-beta2",
        "essentia_git_sha": "v2.1_beta2",
        "extractor": "music 1.0"
    }
},
"rhythm": {
    "beats_count": 90,
    "beats_loudness": {
        "mean": 0.0179600547999,
        "var": 0.000263172201812
    },
    "bpm": 100.025802612,
    "bpm_histogram_first_peak_bpm": {
        "mean": 99,
        "var": 0
    },
    "bpm_histogram_first_peak_spread": {
        "mean": 0.319999992847,
        "var": 0
    },
    "bpm_histogram_first_peak_weight": {
        "mean": 0.191011250019,
        "var": 0
    },
    "bpm_histogram_second_peak_bpm": {
        "mean": 108,
        "var": 0
    },
    "bpm_histogram_second_peak_spread": {
        "mean": 0.5,
        "var": 0
    },
    "bpm_histogram_second_peak_weight": {
        "mean": 0.112359553576,
        "var": 0
    },
    "danceability": 1.09491944313,
    "onset_rate": 3.57130646706,
    "beats_loudness_band_ratio": {
        "mean": [0.0353968180716, 0.406611382961, 0.260742604733, 0.241192862391, 0.0807849615812, 0.0198611747473],
        "var": [0.00521354330704, 0.166032314301, 0.0920093506575, 0.0799259766936, 0.0255658105016, 0.000787822995335]
    },
    "beats_position": [0.568888902664, 1.13777780533, 1.69505667686, 2.2523355484, 2.79800438881, 3.34367346764, 3.90095233917, 4.45823097229, 5.01551008224, 5.5727891922, 6.11845779419, 6.67573690414, 7.22140598297, 7.65097475052, 8.08054447174, 8.53333282471, 8.97451210022, 9.4040813446, 9.83365058899, 10.2632198334, 10.6347389221, 10.9946479797, 11.354557991, 11.7144670486, 12.0627660751, 12.3994560242, 12.7245349884, 13.0496139526, 13.3746938705, 13.6997728348, 14.0364627838, 14.3731517792, 14.6982307434, 15.0233106613, 15.3716096878, 15.7199087143, 16.0798187256, 16.4397277832, 16.7880268097, 17.1479358673, 17.4962348938, 17.8213157654, 18.2973232269, 18.7617225647, 19.2261219025, 19.6905212402, 20.154920578, 20.6309299469, 21.0953292847, 21.5713367462, 22.035736084, 22.5001354218, 22.9645347595, 23.4405441284, 23.9397735596, 24.4390010834, 24.9266204834, 25.4955101013, 26.076007843, 26.6797275543, 27.2834453583, 27.8871650696, 28.4908847809, 29.0946025848, 29.6983222961, 30.3020401001, 30.9057598114, 31.5210876465, 32.1248054504, 32.7285270691, 33.3438529968, 33.9591827393, 34.539680481, 35.1317901611, 35.7122879028, 36.269569397, 36.8268470764, 37.3841247559, 37.9530143738, 38.5219039917, 39.0907936096, 39.6596832275, 40.2634010315, 40.8555107117, 41.4592285156, 42.0513381958, 42.6550559998, 43.2587738037, 43.8508834839, 44.4429931641]
},
"tonal": {
    "chords_changes_rate": 0.0606995895505,
    "chords_number_rate": 0.0133744860068,
    "chords_strength": {
        "mean": 0.496602773666,
        "var": 0.0113045172766
    },
    "hpcp_entropy": {
        "mean": 1.65544939041,
        "var": 0.53900295496
    },
    "key_strength": 0.529711544514,
    "tuning_diatonic_strength": 0.456062167883,
    "tuning_equal_tempered_deviation": 0.105059631169,
    "tuning_frequency": 438.731048584,
    "tuning_nontempered_energy_ratio": 0.74408608675,
    "hpcp": {
        "mean": [0.0947156250477, 0.0824910104275, 0.0432468689978, 0.0444026403129, 0.0520999133587, 0.0924674496055, 0.154988229275, 0.119901299477, 0.10709451139, 0.15285538137, 0.0986192598939, 0.0425495058298, 0.0414072088897, 0.0419023707509, 0.11945284158, 0.224742129445, 0.161860153079, 0.057356942445, 0.049397867173, 0.0563616901636, 0.114559702575, 0.232577502728, 0.205810844898, 0.122624665499, 0.121404878795, 0.0915895029902, 0.0910351723433, 0.121045716107, 0.0942877829075, 0.0702524855733, 0.102410212159, 0.127409607172, 0.112705796957, 0.0784295201302, 0.0506550967693, 0.0567924827337],
        "var": [0.0502298399806, 0.0355493612587, 0.0110828448087, 0.015017753467, 0.0225376021117, 0.0295904111117, 0.0994296371937, 0.0510290116072, 0.0445754639804, 0.10136205703, 0.0462692566216, 0.0140635641292, 0.0183650050312, 0.0161909088492, 0.0499614700675, 0.147381007671, 0.0777559354901, 0.0205639805645, 0.0186645165086, 0.022172883153, 0.0390830300748, 0.137657359242, 0.106055878103, 0.0484223924577, 0.0697048828006, 0.0398485325277, 0.0356237888336, 0.0599209852517, 0.0360016897321, 0.0249588377774, 0.0533518530428, 0.0722802057862, 0.0603015311062, 0.0375173836946, 0.0187676604837, 0.0153488498181]
    },
    "chords_histogram": [11.2139921188, 2.67489719391, 2.26337456703, 4.73251008987, 15.4320983887, 0, 0, 3.29218101501, 16.563785553, 0, 11.5226335526, 0, 0, 0, 0, 3.60082316399, 2.57201647758, 0.514403283596, 0, 0, 0, 13.6831274033, 2.77777767181, 9.15637874603],
    "thpcp": [1, 0.884912967682, 0.527242183685, 0.521997511387, 0.393802076578, 0.391418665648, 0.52045327425, 0.405403703451, 0.302060544491, 0.440327256918, 0.547815680504, 0.484594583511, 0.337218850851, 0.217798784375, 0.24418734014, 0.407243281603, 0.354681819677, 0.185946047306, 0.190915450454, 0.224010974169, 0.397576928139, 0.666393876076, 0.515532672405, 0.460468053818, 0.657223403454, 0.424027502537, 0.182947635651, 0.178036168218, 0.180165186524, 0.513604462147, 0.966310679913, 0.695940732956, 0.246614322066, 0.212393149734, 0.242335096002, 0.492565721273],
    "chords_key": "E",
    "chords_scale": "major",
    "key_key": "C",
    "key_scale": "major"
}
}