{
"lowlevel": {
    "average_loudness": 0.767947912216,
    "barkbands_crest": {
        "mean": 14.4381427765,
        "var": 38.1793403625
    },
    "barkbands_flatness_db": {
        "mean": 0.355960220098,
        "var": 0.00362702249549
    },
    "barkbands_kurtosis": {
        "mean": 20.9017467499,
        "var": 1549.3449707
    },
    "barkbands_skewness": {
        "mean": 2.79440307617,
        "var": 8.68968296051
    },
    "barkbands_spread": {
        "mean": 6.77103614807,
        "var": 28.2112045288
    },
    "dissonance": {
        "mean": 0.435488581657,
        "var": 0.00184364663437
    },
    "dynamic_complexity": 4.21850633621,
    "erbbands_crest": {
        "mean": 12.4269685745,
        "var": 32.8022880554
    },
    "erbbands_flatness_db": {
        "mean": 0.365463852882,
        "var": 0.00279994704761
    },
    "erbbands_kurtosis": {
        "mean": 1.65506100655,
        "var": 18.042881012
    },
    "erbbands_skewness": {
        "mean": 0.847251355648,
        "var": 1.41524744034
    },
    "erbbands_spread": {
        "mean": 19.9797706604,
        "var": 120.25113678
    },
    "hfc": {
        "mean": 10.7691793442,
        "var": 408.640716553
    },
    "melbands_crest": {
        "mean": 16.9811668396,
        "var": 43.2946662903
    },
    "melbands_flatness_db": {
        "mean": 0.437897384167,
        "var": 0.004614347592
    },
    "melbands_kurtosis": {
        "mean": 29.2023830414,
        "var": 2224.25048828
    },
    "melbands_skewness": {
        "mean": 3.21033668518,
        "var": 8.27356052399
    },
    "melbands_spread": {
        "mean": 10.0555028915,
        "var": 75.1978988647
    },
    "pitch_salience": {
        "mean": 0.466412395239,
        "var": 0.0284419190139
    },
    "silence_rate_20dB": {
        "mean": 1,
        "var": 0
    },
    "silence_rate_30dB": {
        "mean": 0.9866117239,
        "var": 0.0132090505213
    },
    "silence_rate_60dB": {
        "mean": 0.155509784818,
        "var": 0.131328091025
    },
    "spectral_centroid": {
        "mean": 633.887878418,
        "var": 173831.65625
    },
    "spectral_complexity": {
        "mean": 10.3625125885,
        "var": 58.3567466736
    },
    "spectral_decrease": {
        "mean": -4.50277415354e-009,
        "var": 3.12998857217e-017
    },
    "spectral_energy": {
        "mean": 0.0179713070393,
        "var": 0.000521068519447
    },
    "spectral_energyband_high": {
        "mean": 6.45956504286e-007,
        "var": 1.20856963326e-010
    },
    "spectral_energyband_low": {
        "mean": 0.000246111390879,
        "var": 1.72948446675e-007
    },
    "spectral_energyband_middle_high": {
        "mean": 0.00407814187929,
        "var": 9.15303826332e-005
    },
    "spectral_energyband_middle_low": {
        "mean": 0.0140279987827,
        "var": 0.000261959823547
    },
    "spectral_entropy": {
        "mean": 6.22574329376,
        "var": 0.239654406905
    },
    "spectral_flux": {
        "mean": 0.0476219691336,
        "var": 0.00187566759996
    },
    "spectral_kurtosis": {
        "mean": 43.8862304688,
        "var": 737.322753906
    },
    "spectral_rms": {
        "mean": 0.00365204946138,
        "var": 4.19551724917e-006
    },
    "spectral_rolloff": {
        "mean": 806.963134766,
        "var": 466932.28125
    },
    "spectral_skewness": {
        "mean": 3.81937670708,
        "var": 3.05534958839
    },
    "spectral_spread": {
        "mean": 1322473.875,
        "var": 1.24131986637e+012
    },
    "spectral_strongpeak": {
        "mean": 1.08431565762,
        "var": 1.3113489151
    },
    "zerocrossingrate": {
        "mean": 0.0284286793321,
        "var": 0.000307710259221
    },
    "barkbands": {
        "mean": [2.23943379751e-006, 2.25151870836e-006, 5.0773654948e-005, 0.000753246771637, 0.00544638885185, 0.00162572262343, 0.00235273456201, 0.000683454156388, 0.00286435429007, 0.00109617819544, 0.000588753260672, 0.00063254282577, 0.000750078761484, 0.000243454123847, 0.00033738615457, 0.000190026519704, 0.000129115316668, 0.000176566405571, 4.50818843092e-005, 6.2088093955e-007, 1.96094362082e-007, 6.47366391604e-008, 3.78094568987e-008, 2.6566480571e-008, 1.60897748458e-008, 8.59695514777e-009, 9.14654740836e-010],
        "var": [2.29911334415e-009, 1.60643109925e-009, 7.64356311578e-009, 8.03389696102e-007, 4.31425542047e-005, 1.22877308968e-005, 4.73819818581e-005, 3.36457128469e-006, 9.03406689758e-005, 7.81683229434e-006, 3.56372243004e-006, 5.5045679801e-006, 2.82715109279e-006, 9.39106257647e-007, 1.90253615528e-006, 7.98082226083e-007, 4.42060610339e-007, 6.0160692783e-007, 5.72456428927e-008, 1.26812116363e-010, 1.19065356532e-011, 1.44814748301e-012, 4.28622523758e-013, 1.23356945318e-013, 4.4519546876e-014, 2.0298373781e-014, 8.83370908846e-018]
    },
    "erbbands": {
        "mean": [0.000148684441228, 0.00157073151786, 0.0566803216934, 1.50852406025, 17.9146251678, 11.6759405136, 12.7756357193, 12.0583581924, 36.7761764526, 14.7518224716, 38.5137138367, 59.1397361755, 32.5444450378, 32.3630561829, 17.6438598633, 27.3899288177, 30.4478645325, 14.6772756577, 17.3618526459, 15.8104047775, 11.3023824692, 7.23546934128, 9.40623283386, 5.42774915695, 0.718438386917, 0.0523251965642, 0.0159086845815, 0.00439081015065, 0.0025311820209, 0.00177965662442, 0.00101346638985, 0.000744020973798, 0.000358573655831, 0.000219440291403, 0.000111448396638, 5.95095007156e-005, 1.73590851773e-005, 3.7067136418e-006, 9.07974481379e-006, 2.05779160751e-005],
        "var": [6.11342329648e-006, 2.26137126447e-005, 0.00526009546593, 2.59916877747, 565.868896484, 172.634475708, 956.34979248, 594.618835449, 13408.7373047, 1185.94885254, 14289.2792969, 32264.6308594, 6581.93408203, 7046.42578125, 2196.15917969, 7866.56005859, 5382.36816406, 2029.10327148, 4962.80517578, 3298.1003418, 3187.63378906, 1208.44897461, 1615.72436523, 686.838928223, 10.402554512, 0.310075312853, 0.0628073215485, 0.00595765793696, 0.00207589915954, 0.00112596759573, 0.000269029289484, 0.000114046597446, 2.16868338612e-005, 8.77030197444e-006, 1.5486899656e-006, 8.04790204256e-007, 3.47925066535e-008, 1.50175094582e-009, 1.53642404355e-010, 7.24071247404e-010]
    },
    "gfcc": {
        "mean": [-202.890594482, 215.441223145, -165.144439697, -51.8682823181, -15.7427711487, -45.3262252808, -57.321472168, -12.9260702133, -31.7651500702, -41.145488739, -5.13476514816, -19.9169979095, -11.7040243149],
        "cov": [[4220.57128906, 868.274414063, -1163.86682129, -1145.16650391, 241.277999878, -519.368713379, 121.69694519, 24.6624908447, 182.135848999, -23.6667137146, 111.401008606, -69.5101165771, -130.549865723], [868.274414063, 475.807037354, -94.3017959595, -293.456848145, 109.488929749, -108.988876343, 27.0121097565, -47.2235107422, 34.5092735291, -63.4741020203, 20.0563983917, -57.1019210815, -42.0100517273], [-1163.86682129, -94.3017959595, 1049.20874023, 769.959960938, 91.6436004639, 139.004013062, -123.819206238, -138.962860107, -212.786300659, -145.231018066, -107.504806519, -19.6629924774, 17.1470947266], [-1145.16650391, -293.456848145, 769.959960938, 1253.4128418, 306.551300049, 89.7846221924, -151.892684937, -42.3700180054, -281.834533691, -204.007400513, -122.843597412, 3.32632517815, 11.51329422], [241.277999878, 109.488929749, 91.6436004639, 306.551300049, 326.299102783, -71.762878418, -40.5819816589, -32.506942749, -87.8937454224, -133.854095459, -33.0842857361, -29.3093891144, -31.9852600098], [-519.368713379, -108.988876343, 139.004013062, 89.7846221924, -71.762878418, 198.732131958, 19.0935745239, -3.51716470718, -18.3060150146, 22.0704364777, -40.7916412354, -12.4106407166, 7.95169782639], [121.69694519, 27.0121097565, -123.819206238, -151.892684937, -40.5819816589, 19.0935745239, 101.260055542, 51.1535606384, 31.0468769073, 11.4993238449, -2.95050692558, -26.3640594482, -30.2504291534], [24.6624908447, -47.2235107422, -138.962860107, -42.3700180054, -32.506942749, -3.51716470718, 51.1535606384, 97.568649292, 40.5740089417, 23.346075058, -4.24566841125, -10.8991937637, -20.895324707], [182.135848999, 34.5092735291, -212.786300659, -281.834533691, -87.8937454224, -18.3060150146, 31.0468769073, 40.5740089417, 121.851699829, 81.0994491577, 31.9030799866, -4.85718202591, -7.59407043457], [-23.6667137146, -63.4741020203, -145.231018066, -204.007400513, -133.854095459, 22.0704364777, 11.4993238449, 23.346075058, 81.0994491577, 125.519470215, 46.821647644, 20.6974754333, 4.31733083725], [111.401008606, 20.0563983917, -107.504806519, -122.843597412, -33.0842857361, -40.7916412354, -2.95050692558, -4.24566841125, 31.9030799866, 46.821647644, 74.071685791, 34.7024917603, 7.14759397507], [-69.5101165771, -57.1019210815, -19.6629924774, 3.32632517815, -29.3093891144, -12.4106407166, -26.3640594482, -10.8991937637, -4.85718202591, 20.6974754333, 34.7024917603, 66.4706497192, 38.948928833], [-130.549865723, -42.0100517273, 17.1470947266, 11.51329422, -31.9852600098, 7.95169782639, -30.2504291534, -20.895324707, -7.59407043457, 4.31733083725, 7.14759397507, 38.948928833, 63.9306144714]],
        "icov": [[0.000847757037263, -0.00102288462222, 0.000755602319259, 0.000344312284142, -0.000303909910144, 0.00124873057939, 9.65994549915e-005, 0.000332705618348, 0.00111857231241, -0.00071956764441, 0.00142029533163, -0.00065119395731, 0.00106082705315], [-0.00102288462222, 0.00693481694907, -0.00187495606951, 0.00222077174112, -0.0016533251619, -0.000827661715448, 0.000484245654661, 0.000976259121671, -0.00271621579304, 0.00583640998229, -0.0051817051135, 0.0047542816028, -0.000638800614979], [0.000755602319259, -0.00187495606951, 0.00401138747111, -0.00219349050894, 0.00244975695387, 0.000486448057927, 0.000219014807953, 0.00450888741761, 0.000796512234956, 0.000478221016238, 0.00242803781293, -0.000237772619585, 0.00230821990408], [0.000344312284142, 0.00222077174112, -0.00219349050894, 0.00580471148714, -0.00394789641723, -0.000605712877586, 0.00499702291563, -0.00600747298449, 0.00571240764111, 0.000944542291109, -0.000182119838428, 0.000305986148305, 0.000655204814393], [-0.000303909910144, -0.0016533251619, 0.00244975695387, -0.00394789641723, 0.0101790558547, 0.000715687987395, 0.00101615302265, 0.00409367447719, -0.00215326086618, 0.00692318333313, -0.00103831419256, 0.000678264477756, 0.00414893589914], [0.00124873057939, -0.000827661715448, 0.000486448057927, -0.000605712877586, 0.000715687987395, 0.0110575491562, -0.00519562233239, 0.00387900671922, 0.0022417451255, -0.0062620639801, 0.00737256091088, 0.000309569441015, -0.000546867086086], [9.65994549915e-005, 0.000484245654661, 0.000219014807953, 0.00499702291563, 0.00101615302265, -0.00519562233239, 0.0256631281227, -0.0131431221962, 0.00616415124387, 0.00716586690396, -0.00345471664332, 0.00383998104371, 0.00685394136235], [0.000332705618348, 0.000976259121671, 0.00450888741761, -0.00600747298449, 0.00409367447719, 0.00387900671922, -0.0131431221962, 0.0284145157784, -0.0113058472052, 0.000987148960121, 0.00575771881267, -0.00241716275923, 0.0052464636974], [0.00111857231241, -0.00271621579304, 0.000796512234956, 0.00571240764111, -0.00215326086618, 0.0022417451255, 0.00616415124387, -0.0113058472052, 0.03201713413, -0.0146108223125, 0.00268356036395, 0.00527152558789, -0.0015994834248], [-0.00071956764441, 0.00583640998229, 0.000478221016238, 0.000944542291109, 0.00692318333313, -0.0062620639801, 0.00716586690396, 0.000987148960121, -0.0146108223125, 0.0353034511209, -0.0155305461958, 0.00126590707805, 0.00686889607459], [0.00142029533163, -0.0051817051135, 0.00242803781293, -0.000182119838428, -0.00103831419256, 0.00737256091088, -0.00345471664332, 0.00575771881267, 0.00268356036395, -0.0155305461958, 0.0373535975814, -0.0205513983965, 0.0073996251449], [-0.00065119395731, 0.0047542816028, -0.000237772619585, 0.000305986148305, 0.000678264477756, 0.000309569441015, 0.00383998104371, -0.00241716275923, 0.00527152558789, 0.00126590707805, -0.0205513983965, 0.0420955941081, -0.0196770075709], [0.00106082705315, -0.000638800614979, 0.00230821990408, 0.000655204814393, 0.00414893589914, -0.000546867086086, 0.00685394136235, 0.0052464636974, -0.0015994834248, 0.00686889607459, 0.0073996251449, -0.0196770075709, 0.0342598520219]]
    },
    "melbands": {
        "mean": [8.43110058213e-007, 1.25673068396e-005, 0.000681706296746, 0.00128060369752, 0.000392173067667, 0.000309556897264, 0.000523680995684, 0.000135641777888, 0.000411458342569, 0.000341648556059, 0.000161728923558, 0.000139106792631, 6.59020151943e-005, 7.40885589039e-005, 7.02358738636e-005, 6.44759275019e-005, 2.17612105189e-005, 2.85082023765e-005, 2.7056728868e-005, 1.33461262521e-005, 1.36560911415e-005, 7.5591942732e-006, 7.22064896763e-006, 9.21863465919e-006, 4.04044840252e-006, 8.57853592606e-007, 3.42677068943e-008, 1.88272579749e-008, 1.03544781638e-008, 4.33988045501e-009, 1.64883451337e-009, 1.36755629043e-009, 1.22125420887e-009, 8.51737458341e-010, 5.56356072323e-010, 5.1831167136e-010, 4.07573058636e-010, 2.3721960507e-010, 2.14542911214e-010, 1.57201529571e-010],
        "var": [3.71805197741e-010, 4.62348187513e-010, 6.54179928006e-007, 2.55415352513e-006, 8.64986304805e-007, 3.81676642291e-007, 2.52742802331e-006, 1.07235372582e-007, 2.06433310268e-006, 1.0231477745e-006, 1.77380456989e-007, 1.27687101781e-007, 3.28305915787e-008, 8.15085101635e-008, 3.86778324923e-008, 2.74180145254e-008, 5.41302425106e-009, 1.40852227659e-008, 1.09278719407e-008, 2.84810885987e-009, 5.073124143e-009, 1.44792233758e-009, 1.13334708285e-009, 1.87199278301e-009, 4.2231113051e-010, 1.47308363424e-011, 1.73352014709e-013, 1.22075350588e-013, 3.38604334458e-014, 5.98884862126e-015, 1.20298848482e-015, 6.50762231425e-016, 6.05050986696e-016, 2.75204895621e-016, 8.85712442093e-017, 7.56093438629e-017, 3.23035337375e-017, 9.98486491408e-018, 1.14052614117e-017, 5.00562350627e-018]
    },
    "mfcc": {
        "mean": [-817.86541748, 226.990600586, -50.9434776306, -27.9010486603, 20.9437351227, -34.0362625122, -25.6734294891, -0.132262647152, -30.1136894226, -26.2561149597, -7.3798866272, -25.9751567841, -23.504322052],
        "cov": [[3098.53149414, 1473.72167969, -1402.32873535, -784.651611328, -118.81477356, -509.617370605, -268.010681152, 56.1868286133, -129.00831604, 62.1668930054, 212.363449097, -5.29319620132, 46.4957580566], [1473.72167969, 941.074768066, -573.912109375, -515.834594727, -142.174942017, -241.826004028, -148.984466553, -18.3516559601, -67.8633422852, 28.6885547638, 95.1893997192, -0.957577109337, 28.9142150879], [-1402.32873535, -573.912109375, 939.989929199, 517.961181641, 67.6852493286, 302.636199951, 151.606811523, -68.3666763306, 35.4158744812, -69.9658126831, -171.274612427, -25.8421897888, -44.0404472351], [-784.651611328, -515.834594727, 517.961181641, 807.800292969, 444.443664551, 170.56539917, 134.532455444, 85.0779724121, -47.9825744629, -143.264266968, -143.168991089, -116.756187439, -109.144065857], [-118.81477356, -142.174942017, 67.6852493286, 444.443664551, 392.826660156, 71.7044296265, 50.2925338745, 87.3200836182, -53.5369377136, -102.613754272, -59.3733444214, -91.2480621338, -81.3518676758], [-509.617370605, -241.826004028, 302.636199951, 170.56539917, 71.7044296265, 193.9896698, 91.0871200562, -21.1684913635, 25.5476284027, -18.3620872498, -61.9213523865, -3.09562587738, -21.0890808105], [-268.010681152, -148.984466553, 151.606811523, 134.532455444, 50.2925338745, 91.0871200562, 102.140007019, 49.5719947815, 14.0341873169, -12.8953733444, -21.4376449585, -13.591135025, -28.7236843109], [56.1868286133, -18.3516559601, -68.3666763306, 85.0779724121, 87.3200836182, -21.1684913635, 49.5719947815, 111.218299866, 23.3449192047, -7.48134899139, 16.065568924, -19.7693138123, -31.5482826233], [-129.00831604, -67.8633422852, 35.4158744812, -47.9825744629, -53.5369377136, 25.5476284027, 14.0341873169, 23.3449192047, 84.9566268921, 60.7741928101, 17.322309494, 24.836309433, 12.2587594986], [62.1668930054, 28.6885547638, -69.9658126831, -143.264266968, -102.613754272, -18.3620872498, -12.8953733444, -7.48134899139, 60.7741928101, 101.30191803, 68.631690979, 40.2206230164, 26.7721557617], [212.363449097, 95.1893997192, -171.274612427, -143.168991089, -59.3733444214, -61.9213523865, -21.4376449585, 16.065568924, 17.322309494, 68.631690979, 107.291786194, 57.8690872192, 20.0316867828], [-5.29319620132, -0.957577109337, -25.8421897888, -116.756187439, -91.2480621338, -3.09562587738, -13.591135025, -19.7693138123, 24.836309433, 40.2206230164, 57.8690872192, 89.3684387207, 57.1042251587], [46.4957580566, 28.9142150879, -44.0404472351, -109.144065857, -81.3518676758, -21.0890808105, -28.7236843109, -31.5482826233, 12.2587594986, 26.7721557617, 20.0316867828, 57.1042251587, 86.8446273804]],
        "icov": [[0.0275557581335, -0.0477888472378, 0.0701988488436, -0.0910957455635, 0.0985499694943, -0.0865460634232, 0.0588840991259, -0.026243455708, 0.00150271737948, 0.0108963716775, -0.0117917982861, 0.00654354598373, -0.0016412732657], [-0.0477888472378, 0.0866453424096, -0.125180140138, 0.166784703732, -0.180602505803, 0.159610956907, -0.107227250934, 0.0464355424047, 0.00240724626929, -0.0252284612507, 0.0273306854069, -0.0153782479465, 0.00509597128257], [0.0701988488436, -0.125180140138, 0.193213626742, -0.254618138075, 0.27865204215, -0.246741637588, 0.164109289646, -0.0673001781106, -0.00718430429697, 0.0459532141685, -0.0469636693597, 0.0292561091483, -0.00853777863085], [-0.0910957455635, 0.166784703732, -0.254618138075, 0.352281302214, -0.397185534239, 0.363959401846, -0.26182115078, 0.124351300299, -0.004543595016, -0.0689033046365, 0.0901416167617, -0.064449287951, 0.0252225883305], [0.0985499694943, -0.180602505803, 0.27865204215, -0.397185534239, 0.474889963865, -0.460889369249, 0.359905719757, -0.204339042306, 0.0439114719629, 0.0791597366333, -0.128172114491, 0.107679374516, -0.0445963814855], [-0.0865460634232, 0.159610956907, -0.246741637588, 0.363959401846, -0.460889369249, 0.497098952532, -0.42126095295, 0.273882865906, -0.0976802334189, -0.0589119158685, 0.142469599843, -0.134352967143, 0.0620506554842], [0.0588840991259, -0.107227250934, 0.164109289646, -0.26182115078, 0.359905719757, -0.42126095295, 0.4127356112, -0.301206767559, 0.142612710595, 0.0122177191079, -0.109401538968, 0.118394821882, -0.0562293641269], [-0.026243455708, 0.0464355424047, -0.0673001781106, 0.124351300299, -0.204339042306, 0.273882865906, -0.301206767559, 0.27251842618, -0.168962061405, 0.0482009537518, 0.0391314476728, -0.068508759141, 0.0402238704264], [0.00150271737948, 0.00240724626929, -0.00718430429697, -0.004543595016, 0.0439114719629, -0.0976802334189, 0.142612710595, -0.168962061405, 0.166321277618, -0.10714648664, 0.0451516993344, -0.00666772434488, -0.00423337798566], [0.0108963716775, -0.0252284612507, 0.0459532141685, -0.0689033046365, 0.0791597366333, -0.0589119158685, 0.0122177191079, 0.0482009537518, -0.10714648664, 0.145777255297, -0.127477139235, 0.0840182006359, -0.034985139966], [-0.0117917982861, 0.0273306854069, -0.0469636693597, 0.0901416167617, -0.128172114491, 0.142469599843, -0.109401538968, 0.0391314476728, 0.0451516993344, -0.127477139235, 0.17456227541, -0.138648957014, 0.0630755200982], [0.00654354598373, -0.0153782479465, 0.0292561091483, -0.064449287951, 0.107679374516, -0.134352967143, 0.118394821882, -0.068508759141, -0.00666772434488, 0.0840182006359, -0.138648957014, 0.14083853364, -0.0676170289516], [-0.0016412732657, 0.00509597128257, -0.00853777863085, 0.0252225883305, -0.0445963814855, 0.0620506554842, -0.0562293641269, 0.0402238704264, -0.00423337798566, -0.034985139966, 0.0630755200982, -0.0676170289516, 0.0486680567265]]
    },
    "spectral_contrast_coeffs": {
        "mean": [-0.399651646614, -0.703334152699, -0.762684822083, -0.782670795918, -0.605064153671, -0.872887313366],
        "var": [0.00853507593274, 0.00748591218144, 0.00700843473896, 0.00590246077627, 0.00960316415876, 0.000776995962951]
    },
    "spectral_contrast_valleys": {
        "mean": [-10.3164138794, -7.20866346359, -7.68936681747, -8.2822227478, -11.198507309, -14.1030902863],
        "var": [0.549793243408, 1.13446712494, 0.981292486191, 0.86529558897, 0.339650213718, 0.405098348856]
    }
},
"metadata": {
    "audio_properties": {
        "analysis_sample_rate": 44100,
        "bit_rate": 64037,
        "equal_loudness": 0,
        "length": 45.0612258911,
        "lossless": 0,
        "replay_gain": -5.22438621521,
        "sample_rate": 44100,
        "codec": "mp3",
        "downmix": "mix",
        "md5_encoded": "6003132b6009acb642f111de6dc14d11"
    },
    "tags": {
        "file_name": "1708.mp3"
    },
    "version": {
        "essentia": "2.1-beta2",
        "essentia_git_sha": "v2.1_beta2",
        "extractor": "music 1.0"
    }
},
"rhythm": {
    "beats_count": 73,
    "beats_loudness": {
        "mean": 0.0304501969367,
        "var": 0.00205111782998
    },
    "bpm": 107.790664673,
    "bpm_histogram_first_peak_bpm": {
        "mean": 108,
        "var": 0
    },
    "bpm_histogram_first_peak_spread": {
        "mean": 0.530612230301,
        "var": 0
    },
    "bpm_histogram_first_peak_weight": {
        "mean": 0.319444447756,
        "var": 0
    },
    "bpm_histogram_second_peak_bpm": {
        "mean": 77,
        "var": 0
    },
    "bpm_histogram_second_peak_spread": {
        "mean": 0,
        "var": 0
    },
    "bpm_histogram_second_peak_weight": {
        "mean": 0.25,
        "var": 0
    },
    "danceability": 1.22208297253,
    "onset_rate": 3.06111979485,
    "beats_loudness_band_ratio": {
        "mean": [0.336756557226, 0.46719878912, 0.256036907434, 0.141247227788, 0.035408847034, 0.00152234418783],
        "var": [0.0847514942288, 0.0749055445194, 0.0679461881518, 0.0220216680318, 0.00247286702506, 1.52527127284e-005]
    },
    "beats_position": [0.568888902664, 1.1261677742, 1.69505667686, 2.2523355484, 2.82122445107, 3.39011335373, 3.94739222527, 4.5046710968, 5.06195020676, 5.630838871, 6.19972801208, 6.76861667633, 7.32589578629, 7.89478445053, 8.46367359161, 9.02095222473, 9.57823085785, 10.1239004135, 10.6811790466, 11.2384576797, 11.7957363129, 12.3414058685, 12.8870744705, 13.4327430725, 13.9784126282, 14.512471199, 15.0697498322, 15.6270294189, 16.1843090057, 16.7531967163, 17.3220863342, 17.8793640137, 18.4366436005, 18.9939231873, 19.5395908356, 20.0852603912, 20.642539978, 21.1882076263, 21.7454872131, 22.2911567688, 22.8484344482, 23.405714035, 23.9513835907, 24.497051239, 25.0543308258, 25.6000003815, 26.1572780609, 26.7029476166, 27.2370071411, 27.7594547272, 28.3283443451, 28.9088420868, 29.4893417358, 30.1511096954, 30.8012695313, 31.5907478333, 32.3802261353, 33.1580963135, 33.9475746155, 34.725440979, 35.5033111572, 36.269569397, 37.0474357605, 37.8253059387, 38.5915641785, 39.3810424805, 40.1589126587, 40.9367790222, 41.703037262, 42.4692955017, 43.2471656799, 44.0250320435, 44.8029022217]
},
"tonal": {
    "chords_changes_rate": 0.0637860074639,
    "chords_number_rate": 0.00720164598897,
    "chords_strength": {
        "mean": 0.450613588095,
        "var": 0.00895524211228
    },
    "hpcp_entropy": {
        "mean": 2.10608291626,
        "var": 0.789064705372
    },
    "key_strength": 0.595622420311,
    "tuning_diatonic_strength": 0.505075216293,
    "tuning_equal_tempered_deviation": 0.0792492777109,
    "tuning_frequency": 448.985931396,
    "tuning_nontempered_energy_ratio": 0.733354389668,
    "hpcp": {
        "mean": [0.0781619623303, 0.0916352421045, 0.164733320475, 0.22072827816, 0.114070318639, 0.0299493670464, 0.021326629445, 0.0142626864836, 0.0184275191277, 0.0250754132867, 0.0318413935602, 0.0834588780999, 0.117120586336, 0.0765989273787, 0.0703992620111, 0.100187420845, 0.101707942784, 0.199893563986, 0.283497512341, 0.154695719481, 0.0836828202009, 0.105188772082, 0.0833154916763, 0.120749205351, 0.149998113513, 0.094022706151, 0.0532210953534, 0.0469713099301, 0.0604435354471, 0.232651934028, 0.522853195667, 0.434940725565, 0.215688958764, 0.179047137499, 0.0893591791391, 0.0497914738953],
        "var": [0.0354677736759, 0.0395655371249, 0.0482486337423, 0.0867858529091, 0.0257949009538, 0.00485510379076, 0.00401120865718, 0.00189223967027, 0.00372378225438, 0.00413074949756, 0.00610189093277, 0.0255992636085, 0.0555313937366, 0.0244445707649, 0.019988052547, 0.0333558470011, 0.0292590651661, 0.0631567910314, 0.138410136104, 0.0428030416369, 0.0302969254553, 0.0566894076765, 0.0245641488582, 0.0451042726636, 0.0577358752489, 0.0310742985457, 0.0182229988277, 0.0172180533409, 0.0257756803185, 0.0684802308679, 0.165037125349, 0.141928523779, 0.0539746396244, 0.0854064002633, 0.0256009064615, 0.0158965159208]
    },
    "chords_histogram": [12.6543207169, 0, 0, 0, 0, 8.43621444702, 0, 0, 0, 2.26337456703, 0.411522626877, 0, 4.83539104462, 0, 1.54320991039, 0, 0, 0, 0, 0.411522626877, 0, 2.98353910446, 0.102880656719, 66.3580245972],
    "thpcp": [1, 0.831860125065, 0.41252297163, 0.342442452908, 0.170906826854, 0.0952303111553, 0.149491220713, 0.175259977579, 0.315066099167, 0.422161102295, 0.218168929219, 0.0572806410491, 0.0407889448106, 0.0272785685956, 0.0352441556752, 0.0479588024318, 0.0608992986381, 0.159622013569, 0.224002808332, 0.146501779556, 0.134644418955, 0.191616728902, 0.194524854422, 0.382312983274, 0.542212426662, 0.295868366957, 0.160050317645, 0.201182231307, 0.159347772598, 0.230942845345, 0.286883801222, 0.179826200008, 0.101789750159, 0.0898365154862, 0.115603260696, 0.444966077805],
    "chords_key": "D#",
    "chords_scale": "major",
    "key_key": "G",
    "key_scale": "minor"
}
}