{
"lowlevel": {
    "average_loudness": 0.385295599699,
    "barkbands_crest": {
        "mean": 12.2818040848,
        "var": 19.1049365997
    },
    "barkbands_flatness_db": {
        "mean": 0.495194643736,
        "var": 0.00206555961631
    },
    "barkbands_kurtosis": {
        "mean": 2.71399092674,
        "var": 17.6661434174
    },
    "barkbands_skewness": {
        "mean": -0.163300305605,
        "var": 1.53043317795
    },
    "barkbands_spread": {
        "mean": 3.00758361816,
        "var": 4.31233644485
    },
    "dissonance": {
        "mean": 0.275278002024,
        "var": 0.00662978645414
    },
    "dynamic_complexity": 4.64418172836,
    "erbbands_crest": {
        "mean": 16.4136180878,
        "var": 40.9825706482
    },
    "erbbands_flatness_db": {
        "mean": 0.487134128809,
        "var": 0.00221129553393
    },
    "erbbands_kurtosis": {
        "mean": 1.99568259716,
        "var": 22.9637260437
    },
    "erbbands_skewness": {
        "mean": -0.322987616062,
        "var": 0.979181468487
    },
    "erbbands_spread": {
        "mean": 5.28716230392,
        "var": 12.8443489075
    },
    "hfc": {
        "mean": 9.36829185486,
        "var": 388.659454346
    },
    "melbands_crest": {
        "mean": 14.9833269119,
        "var": 40.2530250549
    },
    "melbands_flatness_db": {
        "mean": 0.653154373169,
        "var": 0.00335365789942
    },
    "melbands_kurtosis": {
        "mean": 2.68623638153,
        "var": 54.5165863037
    },
    "melbands_skewness": {
        "mean": 0.584025084972,
        "var": 1.94722604752
    },
    "melbands_spread": {
        "mean": 4.83343935013,
        "var": 34.0765151978
    },
    "pitch_salience": {
        "mean": 0.553684711456,
        "var": 0.0177670177072
    },
    "silence_rate_20dB": {
        "mean": 0.997941315174,
        "var": 0.00205444847234
    },
    "silence_rate_30dB": {
        "mean": 0.975810587406,
        "var": 0.0236038789153
    },
    "silence_rate_60dB": {
        "mean": 0.08594956249,
        "var": 0.0785607770085
    },
    "spectral_centroid": {
        "mean": 391.733551025,
        "var": 137316.125
    },
    "spectral_complexity": {
        "mean": 6.39011859894,
        "var": 5.51645374298
    },
    "spectral_decrease": {
        "mean": -5.55136647762e-009,
        "var": 6.94242828123e-017
    },
    "spectral_energy": {
        "mean": 0.0218018293381,
        "var": 0.00110241654329
    },
    "spectral_energyband_high": {
        "mean": 2.20470237622e-008,
        "var": 4.41699967075e-014
    },
    "spectral_energyband_low": {
        "mean": 0.00202821195126,
        "var": 2.21693080675e-005
    },
    "spectral_energyband_middle_high": {
        "mean": 0.00102461676579,
        "var": 8.38548949105e-005
    },
    "spectral_energyband_middle_low": {
        "mean": 0.018680062145,
        "var": 0.000673193251714
    },
    "spectral_entropy": {
        "mean": 4.72732782364,
        "var": 0.11127345264
    },
    "spectral_flux": {
        "mean": 0.0289893373847,
        "var": 0.000895312987268
    },
    "spectral_kurtosis": {
        "mean": 408.942199707,
        "var": 31526.8125
    },
    "spectral_rms": {
        "mean": 0.00400224048644,
        "var": 5.25217910763e-006
    },
    "spectral_rolloff": {
        "mean": 531.567626953,
        "var": 676615.3125
    },
    "spectral_skewness": {
        "mean": 16.6152496338,
        "var": 11.9969234467
    },
    "spectral_spread": {
        "mean": 593979.6875,
        "var": 1.7575074857e+012
    },
    "spectral_strongpeak": {
        "mean": 1.33262944221,
        "var": 2.23606967926
    },
    "zerocrossingrate": {
        "mean": 0.0182214602828,
        "var": 0.00050657679094
    },
    "barkbands": {
        "mean": [0.000456850248156, 0.000718192313798, 0.000974762893748, 0.000967875588685, 0.00357643142343, 0.00359321711585, 0.00253138877451, 0.00478228647262, 0.00311065348797, 0.000985703314655, 2.79314317595e-005, 2.30313798966e-005, 2.12837439904e-005, 6.23672849542e-006, 2.30665955314e-005, 1.9276499188e-006, 6.26665041636e-007, 2.61058147544e-007, 1.21522475638e-007, 8.8889784422e-009, 5.31503729917e-009, 2.36950636889e-009, 1.77344239294e-009, 1.45782874661e-009, 1.37277267331e-009, 2.03279193478e-009, 1.39459555015e-009],
        "var": [5.58564011044e-007, 3.94623930333e-006, 1.17264407891e-005, 1.47742491663e-006, 1.06733332359e-005, 1.44669984365e-005, 2.72811830655e-005, 0.00015265904949, 0.000135209193104, 7.92137288954e-005, 1.7140369124e-008, 1.37996671867e-008, 1.4246118063e-008, 1.32093924687e-009, 1.0446272114e-007, 1.2812545469e-010, 3.58132030975e-011, 9.05727489536e-012, 2.77630197477e-012, 1.36405321852e-014, 5.50540710771e-015, 1.94903932877e-015, 8.56155439157e-016, 2.38683640732e-016, 1.96313881422e-017, 1.72426874021e-017, 8.93618684018e-018]
    },
    "erbbands": {
        "mean": [0.0143090486526, 0.19973218441, 1.14274573326, 1.65108132362, 10.7882146835, 7.37615442276, 26.1729164124, 25.2058868408, 41.4128417969, 31.0327758789, 140.648178101, 95.0065231323, 17.4169063568, 33.252784729, 2.50783848763, 0.89798027277, 1.10987567902, 0.444372624159, 1.32609820366, 0.372191250324, 0.0472612045705, 0.0262897554785, 0.0215043891221, 0.00615532370284, 0.00483899749815, 0.000743024982512, 0.000354694144335, 0.000136208400363, 9.79903779808e-005, 7.48161692172e-005, 5.99259292358e-005, 4.58615795651e-005, 3.55659467459e-005, 2.81086940959e-005, 2.24171235459e-005, 1.70678140421e-005, 1.0268375263e-005, 2.74565104519e-006, 1.04698774521e-005, 2.44044604187e-005],
        "var": [0.000515580642968, 0.346343189478, 13.6717987061, 3.79609751701, 105.98789978, 70.883430481, 958.666259766, 868.524719238, 6802.26464844, 3113.86865234, 119410.195313, 106431.375, 7140.82568359, 105422.28125, 283.114318848, 25.0205307007, 38.6830291748, 5.08177042007, 360.612854004, 8.79233360291, 0.0577533319592, 0.0579998865724, 0.0616558790207, 0.00524231279269, 0.0055133108981, 0.000108731721411, 2.39000382862e-005, 4.54079327028e-006, 2.71555109066e-006, 1.39812175348e-006, 6.34089531104e-007, 2.02885786393e-007, 4.10554861219e-008, 5.637677436e-009, 1.50111245656e-009, 6.533931729e-010, 2.15588782937e-010, 1.73420375282e-011, 2.67551925059e-010, 1.42677147874e-009]
    },
    "gfcc": {
        "mean": [-297.989227295, 272.184387207, -16.100107193, -78.4203643799, -52.8718566895, -20.1858386993, -30.6834411621, -15.697924614, -0.227975919843, -5.40747261047, -11.53556633, -17.1472644806, -2.9979326725],
        "cov": [[6327.60107422, 1118.30395508, -1871.71154785, -855.290161133, 186.621734619, -549.957519531, -177.88494873, 220.848815918, 284.395446777, -254.256744385, 42.2039451599, -5.70468997955, 220.263565063], [1118.30395508, 476.698242188, -196.435516357, -309.711639404, 50.9053497314, -74.0605392456, -85.7804336548, -37.7422637939, 59.9532699585, -39.9940032959, 14.9285783768, 8.31010723114, 54.843334198], [-1871.71154785, -196.435516357, 946.035400391, 305.607086182, -143.24029541, 227.672683716, 83.8720779419, -140.810272217, -108.672927856, 118.868782043, 3.93684959412, -20.4668922424, -98.1538467407], [-855.290161133, -309.711639404, 305.607086182, 385.183929443, 24.3746929169, 125.318511963, 123.8021698, 56.6988563538, -55.6472930908, 34.1814956665, -15.0407562256, -26.7228755951, -74.6724700928], [186.621734619, 50.9053497314, -143.24029541, 24.3746929169, 234.198226929, 86.2693252563, 56.2627983093, 102.551849365, 45.4296989441, -33.6870765686, -12.5814590454, -8.75296115875, -3.44154930115], [-549.957519531, -74.0605392456, 227.672683716, 125.318511963, 86.2693252563, 215.62940979, 115.782371521, 9.6884355545, -25.8160572052, 31.6929416656, -4.66433620453, -10.8322734833, -42.7281646729], [-177.88494873, -85.7804336548, 83.8720779419, 123.8021698, 56.2627983093, 115.782371521, 139.107284546, 82.5142745972, -2.49382829666, 6.01392841339, -7.0296421051, -24.0271873474, -35.2405662537], [220.848815918, -37.7422637939, -140.810272217, 56.6988563538, 102.551849365, 9.6884355545, 82.5142745972, 178.766830444, 75.4919815063, -33.691619873, -37.439201355, -26.52967453, -9.42205619812], [284.395446777, 59.9532699585, -108.672927856, -55.6472930908, 45.4296989441, -25.8160572052, -2.49382829666, 75.4919815063, 105.116912842, 8.2059431076, -18.5067901611, -22.5933036804, 8.88049125671], [-254.256744385, -39.9940032959, 118.868782043, 34.1814956665, -33.6870765686, 31.6929416656, 6.01392841339, -33.691619873, 8.2059431076, 74.1487884521, 29.4701042175, -9.69138622284, -24.2693405151], [42.2039451599, 14.9285783768, 3.93684959412, -15.0407562256, -12.5814590454, -4.66433620453, -7.0296421051, -37.439201355, -18.5067901611, 29.4701042175, 63.4957275391, 30.416809082, -3.60458850861], [-5.70468997955, 8.31010723114, -20.4668922424, -26.7228755951, -8.75296115875, -10.8322734833, -24.0271873474, -26.52967453, -22.5933036804, -9.69138622284, 30.416809082, 56.4474220276, 26.5723304749], [220.263565063, 54.843334198, -98.1538467407, -74.6724700928, -3.44154930115, -42.7281646729, -35.2405662537, -9.42205619812, 8.88049125671, -24.2693405151, -3.60458850861, 26.5723304749, 55.8535919189]],
        "icov": [[0.00137169926893, -0.0034997521434, 0.00292403530329, -0.00239575328305, 0.00250081229024, -0.000576607650146, -0.000941717997193, 0.000475137261674, -0.00163818558212, 0.0022877920419, -0.00298843183555, 0.0024764132686, -0.00095489731757], [-0.0034997521434, 0.015229078941, -0.00922372937202, 0.0112528651953, -0.00933003425598, 0.00275300815701, 0.00151344400365, 0.000893764430657, 0.00130442180671, -0.000385551160434, 0.00252344296314, -0.00183187308721, 0.000979314441793], [0.00292403530329, -0.00922372937202, 0.0101009123027, -0.00853362400085, 0.00877143628895, -0.00516340695322, -0.00112253520638, 0.00284111942165, -0.00404677260667, 0.00263889948837, -0.00328561593778, 0.00290679186583, 0.000424166937592], [-0.00239575328305, 0.0112528651953, -0.00853362400085, 0.0159931462258, -0.00986685138196, 0.00628678733483, -0.0031978066545, -0.00349537073635, 0.00843728147447, -0.00767338927835, 0.0082238567993, -0.00537605397403, 0.00479063717648], [0.00250081229024, -0.00933003425598, 0.00877143628895, -0.00986685138196, 0.021475546062, -0.0195134952664, 0.0135263223201, -0.00973031483591, -0.00527127832174, 0.0149583546445, -0.0197625085711, 0.0149501031265, -0.00623960699886], [-0.000576607650146, 0.00275300815701, -0.00516340695322, 0.00628678733483, -0.0195134952664, 0.0358104705811, -0.0338581316173, 0.0195249579847, 0.000392695161281, -0.0188971441239, 0.030402502045, -0.0264863800257, 0.0133150350302], [-0.000941717997193, 0.00151344400365, -0.00112253520638, -0.0031978066545, 0.0135263223201, -0.0338581316173, 0.0535743795335, -0.0349641181529, 0.0123562645167, 0.0121926534921, -0.0329537130892, 0.031593888998, -0.0150082018226], [0.000475137261674, 0.000893764430657, 0.00284111942165, -0.00349537073635, -0.00973031483591, 0.0195249579847, -0.0349641181529, 0.0434495322406, -0.0263430997729, 0.00647058757022, 0.0193617232144, -0.0197818148881, 0.0148353902623], [-0.00163818558212, 0.00130442180671, -0.00404677260667, 0.00843728147447, -0.00527127832174, 0.000392695161281, 0.0123562645167, -0.0263430997729, 0.0404399558902, -0.0286724790931, 0.011284164153, 0.00266826362349, -0.00675377389416], [0.0022877920419, -0.000385551160434, 0.00263889948837, -0.00767338927835, 0.0149583546445, -0.0188971441239, 0.0121926534921, 0.00647058757022, -0.0286724790931, 0.0631713494658, -0.0514563880861, 0.0348951593041, -0.00692946324125], [-0.00298843183555, 0.00252344296314, -0.00328561593778, 0.0082238567993, -0.0197625085711, 0.030402502045, -0.0329537130892, 0.0193617232144, 0.011284164153, -0.0514563880861, 0.0857260376215, -0.0655108690262, 0.031589012593], [0.0024764132686, -0.00183187308721, 0.00290679186583, -0.00537605397403, 0.0149501031265, -0.0264863800257, 0.031593888998, -0.0197818148881, 0.00266826362349, 0.0348951593041, -0.0655108690262, 0.0793303921819, -0.0400213450193], [-0.00095489731757, 0.000979314441793, 0.000424166937592, 0.00479063717648, -0.00623960699886, 0.0133150350302, -0.0150082018226, 0.0148353902623, -0.00675377389416, -0.00692946324125, 0.031589012593, -0.0400213450193, 0.0498347021639]]
    },
    "melbands": {
        "mean": [0.000190488848602, 0.000482239702251, 0.000624860869721, 0.000635535398033, 0.000745251541957, 0.00059244496515, 0.000627520261332, 0.000384849234251, 0.00117436959408, 0.000469443941256, 6.93239853717e-005, 0.000145030469866, 5.68742916585e-006, 2.95363633995e-006, 2.22879680223e-006, 1.65305675637e-006, 6.70074712161e-007, 1.88102421816e-006, 1.10910889362e-006, 2.19988947947e-007, 2.73134226347e-008, 1.92230356078e-008, 4.72174264132e-008, 5.49435519304e-009, 4.54057058619e-009, 5.15178877336e-009, 1.24921628597e-009, 3.69938635281e-010, 2.07157901944e-010, 1.21515617013e-010, 5.93931154258e-011, 5.26584713334e-011, 4.04435235302e-011, 3.39896860657e-011, 2.89885962457e-011, 2.36574995705e-011, 1.94398021985e-011, 1.63562739741e-011, 1.36626612801e-011, 1.22984053497e-011],
        "var": [1.48131363176e-007, 2.10581379179e-006, 3.6425063854e-007, 3.8026669813e-007, 7.74770342105e-007, 4.47656532288e-007, 1.52899178829e-006, 5.02195234731e-007, 7.66038010624e-006, 3.0213093396e-006, 1.86485905829e-007, 2.06844833883e-006, 8.15830347722e-010, 2.21954635227e-010, 1.75571349126e-010, 6.91535440023e-011, 1.63103419659e-011, 7.27286453284e-010, 2.07505471139e-010, 1.94391421363e-012, 2.88934424075e-014, 2.5800743852e-014, 3.22759072073e-013, 1.19291131267e-014, 3.03726893117e-015, 5.34030725728e-015, 9.34060818024e-016, 1.7533136985e-017, 1.06947322906e-017, 2.62638778036e-018, 1.28518162553e-018, 9.37919830649e-019, 5.88911288806e-019, 3.63040859604e-019, 2.27039235408e-019, 1.22315132555e-019, 5.70739306896e-020, 2.21317068118e-020, 6.78423407716e-021, 2.00158361582e-021]
    },
    "mfcc": {
        "mean": [-902.697753906, 251.073806763, 93.2025909424, -3.20450139046, -18.3215503693, -12.9213933945, -16.8174591064, -16.7302131653, -5.49811124802, 4.15745830536, 3.4254963398, -1.41853451729, -3.7964413166],
        "cov": [[2417.21728516, 1677.54248047, -744.619140625, -920.380615234, -160.798156738, -67.5183868408, -222.177825928, -99.2256774902, 93.3483276367, 90.9469680786, -64.3131484985, -117.294929504, -12.7708644867], [1677.54248047, 1283.08862305, -373.052215576, -670.020263672, -186.958328247, -49.957244873, -165.534591675, -122.271286011, 22.9311904907, 44.8381271362, -51.0441932678, -82.2936172485, -4.21412038803], [-744.619140625, -373.052215576, 449.158599854, 303.747955322, -34.0466194153, 10.2621450424, 67.1955718994, -23.264837265, -83.9131317139, -51.0101776123, 18.0580806732, 41.481628418, 12.0800476074], [-920.380615234, -670.020263672, 303.747955322, 472.946380615, 140.6275177, 27.1159553528, 107.584434509, 88.7798233032, -3.14524483681, -12.247133255, 48.8754119873, 61.2732467651, 5.91000032425], [-160.798156738, -186.958328247, -34.0466194153, 140.6275177, 149.395217896, 59.2694396973, 47.3982810974, 81.3075714111, 71.2343826294, 44.5863571167, 36.5014686584, 24.9045295715, 0.120569385588], [-67.5183868408, -49.957244873, 10.2621450424, 27.1159553528, 59.2694396973, 95.4269485474, 80.0902786255, 42.214553833, 21.0476360321, 14.7456588745, 15.1811618805, 15.5461063385, 12.625872612], [-222.177825928, -165.534591675, 67.1955718994, 107.584434509, 47.3982810974, 80.0902786255, 135.489929199, 87.8670578003, 1.6967407465, -20.2118701935, 7.03279018402, 23.9889431, 19.8698768616], [-99.2256774902, -122.271286011, -23.264837265, 88.7798233032, 81.3075714111, 42.214553833, 87.8670578003, 127.37739563, 79.6401824951, 21.3482780457, 11.1351394653, 16.1605606079, 7.49906539917], [93.3483276367, 22.9311904907, -83.9131317139, -3.14524483681, 71.2343826294, 21.0476360321, 1.6967407465, 79.6401824951, 130.111831665, 91.5217056274, 29.5724277496, -1.3108420372, -8.95619678497], [90.9469680786, 44.8381271362, -51.0101776123, -12.247133255, 44.5863571167, 14.7456588745, -20.2118701935, 21.3482780457, 91.5217056274, 107.294212341, 59.5634765625, 5.01076078415, -15.4459285736], [-64.3131484985, -51.0441932678, 18.0580806732, 48.8754119873, 36.5014686584, 15.1811618805, 7.03279018402, 11.1351394653, 29.5724277496, 59.5634765625, 70.5605621338, 40.5980377197, -1.75074136257], [-117.294929504, -82.2936172485, 41.481628418, 61.2732467651, 24.9045295715, 15.5461063385, 23.9889431, 16.1605606079, -1.3108420372, 5.01076078415, 40.5980377197, 59.2620849609, 30.9554958344], [-12.7708644867, -4.21412038803, 12.0800476074, 5.91000032425, 0.120569385588, 12.625872612, 19.8698768616, 7.49906539917, -8.95619678497, -15.4459285736, -1.75074136257, 30.9554958344, 48.9453430176]],
        "icov": [[47.2207794189, -70.0805358887, 78.8801727295, -89.8237075806, 98.8350296021, -101.835754395, 96.3823699951, -82.593208313, 62.8315124512, -41.2843055725, 22.4845104218, -9.25631523132, 2.3449485302], [-70.0805358887, 104.018875122, -117.098381042, 133.367904663, -146.747314453, 151.187042236, -143.054824829, 122.533592224, -93.1550292969, 61.1519851685, -33.2650566101, 13.673324585, -3.45570635796], [78.8801727295, -117.098381042, 131.880767822, -150.246261597, 165.334793091, -170.298446655, 161.055786133, -137.823394775, 104.636558533, -68.5550460815, 37.1910018921, -15.2334651947, 3.82614135742], [-89.8237075806, 133.367904663, -150.246261597, 171.22807312, -188.438873291, 194.081619263, -183.494430542, 156.925430298, -119.021087646, 77.8661651611, -42.1574516296, 17.2178878784, -4.30362272263], [98.8350296021, -146.747314453, 165.334793091, -188.438873291, 207.428497314, -213.668823242, 202.048873901, -172.826324463, 131.090713501, -85.7663421631, 46.4271240234, -18.9613380432, 4.73769044876], [-101.835754395, 151.187042236, -170.298446655, 194.081619263, -213.668823242, 220.22543335, -208.402191162, 178.450088501, -135.558319092, 88.8488693237, -48.2132720947, 19.7480239868, -4.95922803879], [96.3823699951, -143.054824829, 161.055786133, -183.494430542, 202.048873901, -208.402191162, 197.494018555, -169.471328735, 129.117004395, -84.9591827393, 46.3382911682, -19.1045818329, 4.84544277191], [-82.593208313, 122.533592224, -137.823394775, 156.925430298, -172.826324463, 178.450088501, -169.471328735, 145.979858398, -111.820899963, 74.1380233765, -40.8454971313, 17.0635356903, -4.42533636093], [62.8315124512, -93.1550292969, 104.636558533, -119.021087646, 131.090713501, -135.558319092, 129.117004395, -111.820899963, 86.3781890869, -57.9499931335, 32.4382514954, -13.8312959671, 3.70761346817], [-41.2843055725, 61.1519851685, -68.5550460815, 77.8661651611, -85.7663421631, 88.8488693237, -84.9591827393, 74.1380233765, -57.9499931335, 39.5728111267, -22.6811103821, 9.96162033081, -2.79321241379], [22.4845104218, -33.2650566101, 37.1910018921, -42.1574516296, 46.4271240234, -48.2132720947, 46.3382911682, -40.8454971313, 32.4382514954, -22.6811103821, 13.4438314438, -6.14753818512, 1.83017075062], [-9.25631523132, 13.673324585, -15.2334651947, 17.2178878784, -18.9613380432, 19.7480239868, -19.1045818329, 17.0635356903, -13.8312959671, 9.96162033081, -6.14753818512, 2.97196245193, -0.950085520744], [2.3449485302, -3.45570635796, 3.82614135742, -4.30362272263, 4.73769044876, -4.95922803879, 4.84544277191, -4.42533636093, 3.70761346817, -2.79321241379, 1.83017075062, -0.950085520744, 0.351953297853]]
    },
    "spectral_contrast_coeffs": {
        "mean": [-0.532274842262, -0.646473288536, -0.652803957462, -0.728979468346, -0.858182132244, -0.924959719181],
        "var": [0.00489591713995, 0.0030457645189, 0.00726531166583, 0.00225591449998, 0.00315970787778, 0.000852293160278]
    },
    "spectral_contrast_valleys": {
        "mean": [-8.34377098083, -6.94709014893, -9.96933174133, -11.9150533676, -13.3503923416, -14.5941905975],
        "var": [1.15334355831, 1.80053448677, 1.65832543373, 1.23796474934, 0.624301552773, 1.04445886612]
    }
},
"metadata": {
    "audio_properties": {
        "analysis_sample_rate": 44100,
        "bit_rate": 79789,
        "equal_loudness": 0,
        "length": 45.0873451233,
        "lossless": 0,
        "replay_gain": -0.988830566406,
        "sample_rate": 44100,
        "codec": "mp3",
        "downmix": "mix",
        "md5_encoded": "a92c5cb2af30343258672ecbeec1bd91"
    },
    "tags": {
        "file_name": "171.mp3"
    },
    "version": {
        "essentia": "2.1-beta2",
        "essentia_git_sha": "v2.1_beta2",
        "extractor": "music 1.0"
    }
},
"rhythm": {
    "beats_count": 81,
    "beats_loudness": {
        "mean": 0.0318905301392,
        "var": 0.0023048100993
    },
    "bpm": 109.772003174,
    "bpm_histogram_first_peak_bpm": {
        "mean": 110,
        "var": 0
    },
    "bpm_histogram_first_peak_spread": {
        "mean": 0.596491217613,
        "var": 0
    },
    "bpm_histogram_first_peak_weight": {
        "mean": 0.28749999404,
        "var": 0
    },
    "bpm_histogram_second_peak_bpm": {
        "mean": 105,
        "var": 0
    },
    "bpm_histogram_second_peak_spread": {
        "mean": 0.352941185236,
        "var": 0
    },
    "bpm_histogram_second_peak_weight": {
        "mean": 0.13750000298,
        "var": 0
    },
    "danceability": 0.978216350079,
    "onset_rate": 1.4632601738,
    "beats_loudness_band_ratio": {
        "mean": [0.327388495207, 0.36555197835, 0.411067336798, 0.0103283654898, 0.000325005676132, 3.32893250743e-006],
        "var": [0.0650857165456, 0.0426962636411, 0.0590193755925, 0.00200390163809, 1.44408886626e-006, 3.04981734311e-011]
    },
    "beats_position": [0.510838985443, 1.03328800201, 1.5673469305, 2.08979582787, 2.61224484444, 3.16952371597, 3.72680258751, 4.29569149017, 4.86458063126, 5.4334692955, 5.99074840546, 6.54802703857, 7.11691617966, 7.6858048439, 8.24308395386, 8.8119726181, 9.35764122009, 9.89170074463, 10.4489793777, 10.9946479797, 11.5519275665, 12.1208162308, 12.689704895, 13.2585935593, 13.8042631149, 14.3383216858, 14.8839902878, 15.4296598434, 15.9753284454, 16.50938797, 17.0434455872, 17.5775051117, 18.0999546051, 18.6340141296, 19.1680717468, 19.7137413025, 20.2710208893, 20.8282985687, 21.3739681244, 21.9196376801, 22.4769153595, 23.0341949463, 23.5914726257, 24.1487522125, 24.6944217682, 25.2400894165, 25.774148941, 26.3082084656, 26.830657959, 27.3647155762, 27.9103851318, 28.4444446564, 28.9901123047, 29.5357818604, 30.081451416, 30.6271190643, 31.1611785889, 31.6952381134, 32.2409057617, 32.7865753174, 33.3090248108, 33.843082428, 34.3771438599, 34.9112014771, 35.4568710327, 35.9909286499, 36.5365982056, 37.0822677612, 37.6395454407, 38.1968231201, 38.7424926758, 39.2881622314, 39.8454399109, 40.4259414673, 41.006439209, 41.5869369507, 42.1558265686, 42.7247161865, 43.3168258667, 43.9089317322, 44.4894332886]
},
"tonal": {
    "chords_changes_rate": 0.0144032919779,
    "chords_number_rate": 0.00514403311536,
    "chords_strength": {
        "mean": 0.52207660675,
        "var": 0.00707340147346
    },
    "hpcp_entropy": {
        "mean": 1.33590877056,
        "var": 0.18461881578
    },
    "key_strength": 0.830149054527,
    "tuning_diatonic_strength": 0.547289073467,
    "tuning_equal_tempered_deviation": 0.0344925411046,
    "tuning_frequency": 440.508636475,
    "tuning_nontempered_energy_ratio": 0.619337201118,
    "hpcp": {
        "mean": [0.260083526373, 0.097605638206, 0.00263976468705, 0.00153692613821, 0.00533017562702, 0.0620861575007, 0.104387432337, 0.048300229013, 0.00206105899997, 0.00094403285766, 0.000905870168936, 0.0129146538675, 0.0211501624435, 0.0144074037671, 0.306016653776, 0.539975345135, 0.242678642273, 0.00440499186516, 0.00262883398682, 0.00597818009555, 0.0884212777019, 0.150714352727, 0.0728795155883, 0.0138567928225, 0.0110693443567, 0.0258620325476, 0.231471315026, 0.304852813482, 0.123872481287, 0.251724541187, 0.323765307665, 0.103130795062, 0.00513172941282, 0.00421447400004, 0.0206081401557, 0.182592436671],
        "var": [0.132533058524, 0.019073177129, 0.000579546496738, 5.95406017965e-005, 0.000956951233093, 0.0189825799316, 0.0447947904468, 0.00965293403715, 0.000112227222417, 2.19774319703e-005, 1.55122252181e-005, 0.000705488608219, 0.00194532366004, 0.000503807154018, 0.0501177869737, 0.155829772353, 0.033241443336, 0.000468410580652, 0.00013166196004, 0.0009076622664, 0.0303993187845, 0.0930358693004, 0.0193828307092, 0.00141708028968, 0.000556345563382, 0.00267540570349, 0.0963660404086, 0.160105764866, 0.0190823562443, 0.10362046957, 0.170907273889, 0.020757611841, 0.00170135695953, 0.00147693557665, 0.00310939876363, 0.0855490118265]
    },
    "chords_histogram": [40.9465026855, 5.55555534363, 39.5061721802, 0, 12.1399173737, 0, 0, 0, 0, 0, 0, 0, 0, 0, 0, 0, 0, 0, 0, 0, 0, 0, 0, 1.85185182095],
    "thpcp": [1, 0.449425399303, 0.00815776456147, 0.00486843334511, 0.0110712097958, 0.163750588894, 0.279113382101, 0.134968221188, 0.0256618987769, 0.0204997211695, 0.0478948391974, 0.428670167923, 0.564568042755, 0.229403957725, 0.466177850962, 0.599592745304, 0.190991669893, 0.00950363650918, 0.00780493766069, 0.0381649658084, 0.338149577379, 0.481658160686, 0.180759429932, 0.00488867610693, 0.00284628942609, 0.00987114664167, 0.114979617298, 0.193318888545, 0.0894489511847, 0.00381695013493, 0.0017482888652, 0.00167761393823, 0.0239171180874, 0.0391687564552, 0.0266815964133, 0.566723406315],
    "chords_key": "G",
    "chords_scale": "major",
    "key_key": "G",
    "key_scale": "major"
}
}