{
"lowlevel": {
    "average_loudness": 0.859750330448,
    "barkbands_crest": {
        "mean": 12.2965478897,
        "var": 21.4225482941
    },
    "barkbands_flatness_db": {
        "mean": 0.224965065718,
        "var": 0.00712067494169
    },
    "barkbands_kurtosis": {
        "mean": 15.927529335,
        "var": 403.023834229
    },
    "barkbands_skewness": {
        "mean": 2.60138463974,
        "var": 2.91285133362
    },
    "barkbands_spread": {
        "mean": 9.71081066132,
        "var": 135.417251587
    },
    "dissonance": {
        "mean": 0.446970105171,
        "var": 0.00171347067226
    },
    "dynamic_complexity": 4.49436616898,
    "erbbands_crest": {
        "mean": 10.2569284439,
        "var": 16.5442314148
    },
    "erbbands_flatness_db": {
        "mean": 0.196183294058,
        "var": 0.00212019728497
    },
    "erbbands_kurtosis": {
        "mean": 3.21345829964,
        "var": 27.0655994415
    },
    "erbbands_skewness": {
        "mean": 1.08556640148,
        "var": 1.16488480568
    },
    "erbbands_spread": {
        "mean": 30.0207366943,
        "var": 428.119689941
    },
    "hfc": {
        "mean": 7.53810358047,
        "var": 58.236618042
    },
    "melbands_crest": {
        "mean": 17.0183162689,
        "var": 39.0989341736
    },
    "melbands_flatness_db": {
        "mean": 0.320596426725,
        "var": 0.0122337928042
    },
    "melbands_kurtosis": {
        "mean": 26.8239917755,
        "var": 1173.85693359
    },
    "melbands_skewness": {
        "mean": 3.32165551186,
        "var": 4.43109321594
    },
    "melbands_spread": {
        "mean": 11.3318386078,
        "var": 361.85333252
    },
    "pitch_salience": {
        "mean": 0.528912961483,
        "var": 0.025511443615
    },
    "silence_rate_20dB": {
        "mean": 1,
        "var": 0
    },
    "silence_rate_30dB": {
        "mean": 0.943357348442,
        "var": 0.0534349679947
    },
    "silence_rate_60dB": {
        "mean": 0.16992790997,
        "var": 0.141051515937
    },
    "spectral_centroid": {
        "mean": 712.358398438,
        "var": 503847.625
    },
    "spectral_complexity": {
        "mean": 8.70648860931,
        "var": 20.8581638336
    },
    "spectral_decrease": {
        "mean": -8.38394154101e-009,
        "var": 1.22846644178e-016
    },
    "spectral_energy": {
        "mean": 0.032326605171,
        "var": 0.00179656152613
    },
    "spectral_energyband_high": {
        "mean": 0.000116161441838,
        "var": 1.47338241163e-007
    },
    "spectral_energyband_low": {
        "mean": 0.0202302671969,
        "var": 0.00136010593269
    },
    "spectral_energyband_middle_high": {
        "mean": 0.000753655796871,
        "var": 9.77479885478e-007
    },
    "spectral_energyband_middle_low": {
        "mean": 0.0143858157098,
        "var": 0.000304825138301
    },
    "spectral_entropy": {
        "mean": 6.80761909485,
        "var": 0.537912905216
    },
    "spectral_flux": {
        "mean": 0.0780471712351,
        "var": 0.00334165152162
    },
    "spectral_kurtosis": {
        "mean": 12.8302564621,
        "var": 164.831832886
    },
    "spectral_rms": {
        "mean": 0.00468859262764,
        "var": 9.55523410084e-006
    },
    "spectral_rolloff": {
        "mean": 738.65838623,
        "var": 1407543
    },
    "spectral_skewness": {
        "mean": 2.51504611969,
        "var": 1.9307744503
    },
    "spectral_spread": {
        "mean": 3356273.75,
        "var": 2.22937009357e+012
    },
    "spectral_strongpeak": {
        "mean": 0.620898246765,
        "var": 0.289816319942
    },
    "zerocrossingrate": {
        "mean": 0.0311997141689,
        "var": 0.00117760093417
    },
    "barkbands": {
        "mean": [2.43737340497e-005, 0.00443101068959, 0.0126495333388, 0.00501521630213, 0.00523978332058, 0.00209767278284, 0.00120064080693, 0.000426689774031, 0.000343248189893, 0.000183113428648, 0.000111618450319, 9.86424856819e-005, 5.97932667006e-005, 5.30787692696e-005, 4.13974339608e-005, 4.87032921228e-005, 5.54898906557e-005, 4.27086743002e-005, 6.25959510216e-005, 4.89053127239e-005, 3.93216469092e-005, 2.82252967736e-005, 9.59050612437e-006, 7.92244918557e-006, 5.60551961826e-006, 1.62641822499e-006, 1.50155059941e-007],
        "var": [1.23273151686e-008, 8.04339797469e-005, 0.000865060603246, 8.01869318821e-005, 0.000123667326989, 1.46189004226e-005, 4.32008846474e-006, 6.57010957639e-007, 3.28923505322e-007, 8.99455230297e-008, 3.28193792143e-008, 1.01309723277e-007, 1.73635825718e-008, 1.92829645584e-008, 8.54879989021e-009, 2.92207182895e-008, 8.02827599955e-008, 2.14886544114e-008, 4.84159095038e-008, 4.07890681231e-008, 1.42458462804e-008, 1.24914283361e-008, 8.55996884486e-010, 8.58786552982e-009, 1.31947262005e-008, 1.00505041789e-010, 2.06985185827e-013]
    },
    "erbbands": {
        "mean": [0.0564586259425, 1.44575107098, 11.8041763306, 18.0703372955, 14.9812526703, 18.420463562, 15.6003580093, 19.7173557281, 18.1927108765, 13.5320272446, 9.12491321564, 8.04701042175, 6.71332216263, 4.71334409714, 4.45358276367, 4.14250516891, 2.9151904583, 2.91247177124, 2.47053289413, 2.12215733528, 2.7502644062, 3.23958158493, 2.30290818214, 3.14999198914, 2.95364427567, 2.2310333252, 1.89927518368, 1.26759886742, 1.00635540485, 0.671244084835, 0.240764051676, 0.159985780716, 0.135957375169, 0.0618833452463, 0.0397515594959, 0.00907614268363, 0.00258453399874, 0.000590221607126, 2.98035829474e-005, 3.6059806007e-005],
        "var": [0.0163966827095, 7.66227769852, 749.327331543, 923.933227539, 658.68182373, 1793.58007813, 1198.95898438, 1383.44250488, 1037.06237793, 395.844573975, 342.707885742, 206.250366211, 94.8223266602, 50.7803344727, 47.3220748901, 225.914306641, 39.4083442688, 54.0223884583, 31.6330947876, 30.4682502747, 75.6849136353, 279.505889893, 45.7858085632, 142.999816895, 132.242645264, 64.4394073486, 41.5373001099, 17.3856258392, 14.8320980072, 6.8990650177, 0.472542852163, 1.07183337212, 5.2869682312, 1.42018783092, 0.615109264851, 0.0077111213468, 0.000158680122695, 6.99152678862e-006, 4.9870032548e-009, 2.15218975974e-009]
    },
    "gfcc": {
        "mean": [-87.6822891235, 134.532623291, -84.1777954102, 24.7797832489, -55.3586387634, -4.19195318222, -28.6266880035, -1.22455263138, -26.9488811493, -1.05533862114, -19.6784305573, -3.88321948051, -16.7190036774],
        "cov": [[3477.43505859, 363.287963867, -482.681488037, 400.970703125, -76.9711380005, -145.490264893, -17.5465354919, -150.35383606, 59.9158782959, -105.250434875, 52.3335800171, -101.46723175, 67.7693023682], [363.287963867, 1268.35180664, 902.978637695, -302.422271729, 312.69039917, -157.287185669, 9.18093967438, -31.929725647, -7.35205411911, -23.0352401733, 90.8029403687, -78.9363708496, 33.9738082886], [-482.681488037, 902.978637695, 1444.03015137, -86.7535552979, 219.183746338, -23.8762149811, -6.92260313034, 3.58211493492, -2.71998763084, -15.3737306595, 76.8785171509, -92.7095489502, 17.3230781555], [400.970703125, -302.422271729, -86.7535552979, 583.700317383, 46.3089675903, 11.4092855453, 105.452812195, -28.0518665314, 64.1932067871, -40.4726905823, -27.7296142578, -20.3345794678, -15.7713155746], [-76.9711380005, 312.69039917, 219.183746338, 46.3089675903, 374.073425293, 28.0577163696, 32.6378631592, 50.7534828186, 14.0115537643, -9.38112258911, 1.07020628452, -35.3812637329, -0.532377302647], [-145.490264893, -157.287185669, -23.8762149811, 11.4092855453, 28.0577163696, 233.069473267, 58.6977958679, 20.6934776306, 36.6480522156, 11.0351648331, -5.95946836472, 11.9060668945, -11.2209835052], [-17.5465354919, 9.18093967438, -6.92260313034, 105.452812195, 32.6378631592, 58.6977958679, 195.035110474, 29.5208129883, 32.749786377, 8.71241188049, 0.823689222336, 1.88816487789, -20.2658576965], [-150.35383606, -31.929725647, 3.58211493492, -28.0518665314, 50.7534828186, 20.6934776306, 29.5208129883, 138.74105835, 26.1538467407, 15.2128477097, 8.59646892548, 5.93250799179, -3.11632442474], [59.9158782959, -7.35205411911, -2.71998763084, 64.1932067871, 14.0115537643, 36.6480522156, 32.749786377, 26.1538467407, 135.249664307, 17.0255393982, -5.99782037735, 11.5995578766, -5.73112201691], [-105.250434875, -23.0352401733, -15.3737306595, -40.4726905823, -9.38112258911, 11.0351648331, 8.71241188049, 15.2128477097, 17.0255393982, 91.8220367432, 19.1771011353, 4.80064105988, 9.96172618866], [52.3335800171, 90.8029403687, 76.8785171509, -27.7296142578, 1.07020628452, -5.95946836472, 0.823689222336, 8.59646892548, -5.99782037735, 19.1771011353, 85.4892807007, 8.97285556793, -2.04682993889], [-101.46723175, -78.9363708496, -92.7095489502, -20.3345794678, -35.3812637329, 11.9060668945, 1.88816487789, 5.93250799179, 11.5995578766, 4.80064105988, 8.97285556793, 77.4522094727, 12.7427167892], [67.7693023682, 33.9738082886, 17.3230781555, -15.7713155746, -0.532377302647, -11.2209835052, -20.2658576965, -3.11632442474, -5.73112201691, 9.96172618866, -2.04682993889, 12.7427167892, 62.6413803101]],
        "icov": [[0.00105857406743, -0.00255090673454, 0.00163649534807, -0.00226661539637, 0.00189556844998, -0.00152006873395, 0.00160954345483, -0.000888494483661, 0.000287428090815, 0.000273862242466, -0.000411902467022, 0.00141210656147, -0.000882596301381], [-0.00255090673454, 0.0113752167672, -0.00594265619293, 0.0092900833115, -0.00832032505423, 0.00776331825182, -0.00738872867078, 0.00598330562934, -0.00377789139748, 0.00237204460427, -0.00278027006425, -0.000814920349512, -0.000848041207064], [0.00163649534807, -0.00594265619293, 0.00421019736677, -0.0047250604257, 0.00390899833292, -0.00385891250335, 0.0037219747901, -0.00262759020552, 0.00131739885546, -0.00028382774326, -0.000208273617318, 0.00235280534253, -0.000805736985058], [-0.00226661539637, 0.0092900833115, -0.0047250604257, 0.00992888305336, -0.00710275443271, 0.00652952026576, -0.00728448899463, 0.00556206190959, -0.00407573906705, 0.00279657286592, -0.00185040256474, -0.000302466913126, -0.000567129754927], [0.00189556844998, -0.00832032505423, 0.00390899833292, -0.00710275443271, 0.00938559602946, -0.00602497439831, 0.00522455573082, -0.00562061648816, 0.00276506855153, -0.0013457913883, 0.0021549013909, 0.00172289146576, 0.000190621925867], [-0.00152006873395, 0.00776331825182, -0.00385891250335, 0.00652952026576, -0.00602497439831, 0.0103035690263, -0.00637586275116, 0.00425019301474, -0.00377361127175, 0.0016596771311, -0.00186905998271, -0.000740621180739, -0.000431268388638], [0.00160954345483, -0.00738872867078, 0.0037219747901, -0.00728448899463, 0.00522455573082, -0.00637586275116, 0.0114892460406, -0.00513708312064, 0.00235456344672, -0.0026261950843, 0.00188610597979, -0.000219510562601, 0.002505781129], [-0.000888494483661, 0.00598330562934, -0.00262759020552, 0.00556206190959, -0.00562061648816, 0.00425019301474, -0.00513708312064, 0.0120855392888, -0.00403197528794, 0.00141124194488, -0.00310573494062, 0.000311495619826, -0.00126214139163], [0.000287428090815, -0.00377789139748, 0.00131739885546, -0.00407573906705, 0.00276506855153, -0.00377361127175, 0.00235456344672, -0.00403197528794, 0.0109884971753, -0.00389366410673, 0.00344856944866, -0.0031080970075, 0.00262571475469], [0.000273862242466, 0.00237204460427, -0.00028382774326, 0.00279657286592, -0.0013457913883, 0.0016596771311, -0.0026261950843, 0.00141124194488, -0.00389366410673, 0.0149083239958, -0.00559690082446, 0.0033686151728, -0.00488895410672], [-0.000411902467022, -0.00278027006425, -0.000208273617318, -0.00185040256474, 0.0021549013909, -0.00186905998271, 0.00188610597979, -0.00310573494062, 0.00344856944866, -0.00559690082446, 0.0168117601424, -0.00551221240312, 0.00456064846367], [0.00141210656147, -0.000814920349512, 0.00235280534253, -0.000302466913126, 0.00172289146576, -0.000740621180739, -0.000219510562601, 0.000311495619826, -0.0031080970075, 0.0033686151728, -0.00551221240312, 0.0195921547711, -0.00697176065296], [-0.000882596301381, -0.000848041207064, -0.000805736985058, -0.000567129754927, 0.000190621925867, -0.000431268388638, 0.002505781129, -0.00126214139163, 0.00262571475469, -0.00488895410672, 0.00456064846367, -0.00697176065296, 0.0207159090787]]
    },
    "melbands": {
        "mean": [0.000875374476891, 0.0047877333127, 0.00306678749621, 0.00122931739315, 0.000623015046585, 0.000426026643254, 0.000274096877547, 0.000133540306706, 7.09285159246e-005, 4.87603865622e-005, 3.29994218191e-005, 1.93369360204e-005, 1.56167498062e-005, 1.0984871551e-005, 8.52945049701e-006, 6.03863645665e-006, 5.25767518411e-006, 4.01886336476e-006, 2.9345992516e-006, 3.03571869154e-006, 3.18579395753e-006, 3.37870665135e-006, 2.43741374106e-006, 2.05370679396e-006, 2.61560353465e-006, 2.3356121801e-006, 1.87130149243e-006, 1.37552217438e-006, 1.27407645323e-006, 9.46219131492e-007, 6.3830941599e-007, 5.23176993283e-007, 6.10004008195e-007, 2.80375445527e-007, 1.4626080258e-007, 9.14938738106e-008, 9.60584571885e-008, 1.09640382107e-007, 6.903921701e-008, 4.33464855121e-008],
        "var": [3.50336244992e-006, 0.000106046296423, 2.32292732107e-005, 6.6540987973e-006, 2.10580719795e-006, 6.30553302017e-007, 2.26226674727e-007, 3.74809587811e-008, 2.14333208959e-008, 7.46498596271e-009, 2.39892372633e-009, 9.85225900862e-010, 6.38726849189e-010, 6.73545996754e-010, 8.91267060155e-010, 2.14321393965e-010, 2.18621371006e-010, 9.39286912138e-011, 3.86468183844e-011, 1.30356919703e-010, 1.09455902675e-010, 2.84628098868e-010, 1.31316804652e-010, 5.60671127581e-011, 1.17312839998e-010, 7.56786786016e-011, 1.01531547059e-010, 2.56163215639e-011, 2.64320943605e-011, 1.00065815009e-011, 4.82100470656e-012, 3.5083470417e-012, 9.78338850904e-012, 9.96122130094e-013, 2.19679038415e-013, 1.13470031168e-013, 5.37619157092e-013, 3.16653734483e-012, 2.50309300197e-012, 5.6028559613e-013]
    },
    "mfcc": {
        "mean": [-743.882995605, 171.225463867, 20.2469005585, 35.2821159363, -5.80807161331, 4.25498771667, -0.0658061355352, -0.487422555685, -4.15462636948, -0.702559292316, -3.12024188042, -3.68223881721, -3.67185854912],
        "cov": [[3644.05200195, -478.212524414, -632.640808105, 325.13168335, -192.99055481, 72.7354125977, -159.55480957, -12.6625452042, -47.7931938171, -25.8193378448, -62.9794197083, -8.13588142395, -57.7276077271], [-478.212524414, 1829.11132813, 629.843322754, -62.7243461609, 311.194244385, -135.036102295, 137.262664795, -106.989280701, -15.90666008, -47.9023475647, 49.515789032, -24.0061378479, 39.6802482605], [-632.640808105, 629.843322754, 965.236755371, 105.571868896, 159.459884644, 18.7569103241, 65.8470230103, -24.6117420197, -14.6093196869, 10.9923391342, 18.0876731873, 0.0439883619547, 28.1304550171], [325.13168335, -62.7243461609, 105.571868896, 486.245330811, 75.8170547485, 61.5975227356, 29.8689880371, 39.805305481, 33.313079834, 15.7344446182, 7.34744405746, 6.62509965897, 3.99639797211], [-192.99055481, 311.194244385, 159.459884644, 75.8170547485, 322.870849609, 17.6709976196, 52.7227630615, 11.484495163, 35.501663208, 11.5335845947, 11.4817819595, 11.2690372467, -1.96503078938], [72.7354125977, -135.036102295, 18.7569103241, 61.5975227356, 17.6709976196, 218.224365234, 26.4124259949, 55.5783004761, 36.5720748901, 29.703245163, 19.5010681152, 6.27195692062, 2.04437613487], [-159.55480957, 137.262664795, 65.8470230103, 29.8689880371, 52.7227630615, 26.4124259949, 174.744644165, 27.224237442, 8.16919136047, 24.9573955536, 22.2047233582, 0.724321603775, -3.50947165489], [-12.6625452042, -106.989280701, -24.6117420197, 39.805305481, 11.484495163, 55.5783004761, 27.224237442, 157.484008789, 41.5842666626, 25.1977596283, 23.971496582, 21.1725177765, 9.10289764404], [-47.7931938171, -15.90666008, -14.6093196869, 33.313079834, 35.501663208, 36.5720748901, 8.16919136047, 41.5842666626, 126.653427124, 30.6416339874, 7.40906333923, 25.8824577332, 15.0229253769], [-25.8193378448, -47.9023475647, 10.9923391342, 15.7344446182, 11.5335845947, 29.703245163, 24.9573955536, 25.1977596283, 30.6416339874, 100.118309021, 26.4746665955, 8.4333782196, 13.680768013], [-62.9794197083, 49.515789032, 18.0876731873, 7.34744405746, 11.4817819595, 19.5010681152, 22.2047233582, 23.971496582, 7.40906333923, 26.4746665955, 89.1902160645, 18.5454540253, 2.14681625366], [-8.13588142395, -24.0061378479, 0.0439883619547, 6.62509965897, 11.2690372467, 6.27195692062, 0.724321603775, 21.1725177765, 25.8824577332, 8.4333782196, 18.5454540253, 91.6276931763, 14.6934251785], [-57.7276077271, 39.6802482605, 28.1304550171, 3.99639797211, -1.96503078938, 2.04437613487, -3.50947165489, 9.10289764404, 15.0229253769, 13.680768013, 2.14681625366, 14.6934251785, 69.3951644897]],
        "icov": [[0.000390930013964, -0.000114200163807, 0.000311305600917, -0.000388158776332, 0.00021018346888, -0.000229121811572, 0.000344393658452, 2.07401953958e-005, 0.000266130635282, -0.000162266704137, 0.00029059840017, -0.000154074223246, 0.00031207036227], [-0.000114200163807, 0.00109153008088, -0.000616440549493, 0.000403504178394, -0.000829218886793, 0.000685165286995, -0.000746124365833, 0.000553051533643, -0.00034246899304, 0.000850956770591, -0.000912235467695, 0.000514829123858, -0.000820844026748], [0.000311305600917, -0.000616440549493, 0.00171343493275, -0.000643219274934, 2.39123801293e-006, -0.00058055476984, 0.00029445704422, 6.11797950114e-005, 0.000699917261954, -0.000527857802808, 0.000467017351184, -0.000305767141981, -1.9205856006e-005], [-0.000388158776332, 0.000403504178394, -0.000643219274934, 0.00272770435549, -0.000779901922215, -6.16841862211e-005, -0.000603146036156, -0.000218499451876, -0.000619441911113, 0.000376848271117, -0.000385940918932, 0.000323311891407, -0.000468786194688], [0.00021018346888, -0.000829218886793, 2.39123801293e-006, -0.000779901922215, 0.00437486032024, -0.000483902666019, -0.000174391447217, -0.000272838049568, -0.000726602971554, -0.000534018559847, 0.000658236793242, -0.000660395540763, 0.00124008627608], [-0.000229121811572, 0.000685165286995, -0.00058055476984, -6.16841862211e-005, -0.000483902666019, 0.00588179146871, -0.000872119038831, -0.00107629259583, -0.001199256978, -0.000223868672037, -0.00111021008343, 0.000699504511431, -0.000243400674663], [0.000344393658452, -0.000746124365833, 0.00029445704422, -0.000603146036156, -0.000174391447217, -0.000872119038831, 0.00725544383749, -0.00116584135685, 0.00073907681508, -0.0018049464561, -0.000179662951268, -5.62122804695e-005, 0.00138239888474], [2.07401953958e-005, 0.000553051533643, 6.11797950114e-005, -0.000218499451876, -0.000272838049568, -0.00107629259583, -0.00116584135685, 0.0082476772368, -0.00177492829971, 1.2974071069e-005, -0.0016420003958, -0.000656984979287, -0.000856475089677], [0.000266130635282, -0.00034246899304, 0.000699917261954, -0.000619441911113, -0.000726602971554, -0.001199256978, 0.00073907681508, -0.00177492829971, 0.0103987464681, -0.00260216277093, 0.00133880029898, -0.00227959663607, -0.000842789304443], [-0.000162266704137, 0.000850956770591, -0.000527857802808, 0.000376848271117, -0.000534018559847, -0.000223868672037, -0.0018049464561, 1.2974071069e-005, -0.00260216277093, 0.0129838734865, -0.00372781045735, 0.000988668994978, -0.00262116361409], [0.00029059840017, -0.000912235467695, 0.000467017351184, -0.000385940918932, 0.000658236793242, -0.00111021008343, -0.000179662951268, -0.0016420003958, 0.00133880029898, -0.00372781045735, 0.014073876664, -0.00293128099293, 0.0014842672972], [-0.000154074223246, 0.000514829123858, -0.000305767141981, 0.000323311891407, -0.000660395540763, 0.000699504511431, -5.62122804695e-005, -0.000656984979287, -0.00227959663607, 0.000988668994978, -0.00293128099293, 0.0127580920234, -0.00258526438847], [0.00031207036227, -0.000820844026748, -1.9205856006e-005, -0.000468786194688, 0.00124008627608, -0.000243400674663, 0.00138239888474, -0.000856475089677, -0.000842789304443, -0.00262116361409, 0.0014842672972, -0.00258526438847, 0.0165991820395]]
    },
    "spectral_contrast_coeffs": {
        "mean": [-0.584348738194, -0.757181227207, -0.811137914658, -0.834105193615, -0.825300276279, -0.767596483231],
        "var": [0.00916886609048, 0.00522624747828, 0.00196988787502, 0.00140121520963, 0.00177911983337, 0.00382533553056]
    },
    "spectral_contrast_valleys": {
        "mean": [-7.48772621155, -6.77400970459, -7.73241662979, -8.56375312805, -8.6443567276, -11.5864009857],
        "var": [1.25823462009, 0.770731031895, 0.634073495865, 0.700610339642, 0.810354173183, 0.423741161823]
    }
},
"metadata": {
    "audio_properties": {
        "analysis_sample_rate": 44100,
        "bit_rate": 128074,
        "equal_loudness": 0,
        "length": 45.0612258911,
        "lossless": 0,
        "replay_gain": -3.79567909241,
        "sample_rate": 44100,
        "codec": "mp3",
        "downmix": "mix",
        "md5_encoded": "bc22937e31d76f457f17cc291b1566a8"
    },
    "tags": {
        "file_name": "1710.mp3"
    },
    "version": {
        "essentia": "2.1-beta2",
        "essentia_git_sha": "v2.1_beta2",
        "extractor": "music 1.0"
    }
},
"rhythm": {
    "beats_count": 79,
    "beats_loudness": {
        "mean": 0.0476634241641,
        "var": 0.00286172912456
    },
    "bpm": 84.2621536255,
    "bpm_histogram_first_peak_bpm": {
        "mean": 96,
        "var": 0
    },
    "bpm_histogram_first_peak_spread": {
        "mean": 0.5625,
        "var": 0
    },
    "bpm_histogram_first_peak_weight": {
        "mean": 0.089743591845,
        "var": 0
    },
    "bpm_histogram_second_peak_bpm": {
        "mean": 123,
        "var": 0
    },
    "bpm_histogram_second_peak_spread": {
        "mean": 0.611111104488,
        "var": 0
    },
    "bpm_histogram_second_peak_weight": {
        "mean": 0.089743591845,
        "var": 0
    },
    "danceability": 1.07636356354,
    "onset_rate": 3.72658061981,
    "beats_loudness_band_ratio": {
        "mean": [0.614547014236, 0.24773465097, 0.108996681869, 0.0412351302803, 0.0161076914519, 0.0220736637712],
        "var": [0.0951977670193, 0.052449401468, 0.01904470101, 0.0075524719432, 0.00108361372259, 0.00680026225746]
    },
    "beats_position": [0.394739210606, 0.789478421211, 1.18421769142, 1.57895684242, 1.98530614376, 2.38004541397, 2.76317453384, 3.22757363319, 3.69197273254, 4.17959165573, 4.67882061005, 5.17804956436, 5.67727899551, 6.1648979187, 6.64090681076, 7.11691617966, 7.60453510284, 8.09215450287, 8.56816291809, 9.0093421936, 9.43891143799, 9.86848068237, 10.3096599579, 10.7624483109, 11.2152376175, 11.6680269241, 12.1324262619, 12.5968255997, 13.0728340149, 13.5836734772, 14.0829019547, 14.5821313858, 15.0697498322, 15.5573692322, 16.0217685699, 16.4977779388, 16.9853973389, 17.4614048004, 18.0186843872, 18.5991840363, 19.179681778, 19.8298416138, 20.45677948, 21.0837192535, 21.7222671509, 22.3608150482, 22.9877548218, 23.614692688, 24.2416324615, 24.8685703278, 25.4722900391, 26.0643978119, 26.6681175232, 27.2718353271, 27.8755550385, 28.4676647186, 29.0481624603, 29.6518821716, 30.2672100067, 30.8941497803, 31.5791378021, 32.264125824, 32.9491157532, 33.6457138062, 34.3887519836, 35.1201820374, 35.8283882141, 36.5365982056, 37.2564163208, 37.976234436, 38.7076644897, 39.4507026672, 40.1705207825, 40.8903388977, 41.5985488892, 42.3067550659, 43.0033569336, 43.7115631104, 44.4313812256]
},
"tonal": {
    "chords_changes_rate": 0.11213991791,
    "chords_number_rate": 0.0216049384326,
    "chords_strength": {
        "mean": 0.485047161579,
        "var": 0.0106370393187
    },
    "hpcp_entropy": {
        "mean": 2.3303539753,
        "var": 0.57303828001
    },
    "key_strength": 0.480819821358,
    "tuning_diatonic_strength": 0.507479727268,
    "tuning_equal_tempered_deviation": 0.256427556276,
    "tuning_frequency": 440.763122559,
    "tuning_nontempered_energy_ratio": 0.896240353584,
    "hpcp": {
        "mean": [0.154660135508, 0.143784940243, 0.122617147863, 0.121142037213, 0.131049454212, 0.130140393972, 0.143815547228, 0.162930741906, 0.148910626769, 0.126140221953, 0.117367371917, 0.135531336069, 0.166946962476, 0.148089572787, 0.112687058747, 0.116172775626, 0.126420617104, 0.121135510504, 0.105395972729, 0.106170922518, 0.119539752603, 0.142129763961, 0.158279970288, 0.142657652497, 0.119202196598, 0.109691910446, 0.103206127882, 0.0976585000753, 0.104418821633, 0.13580301404, 0.156497716904, 0.130423501134, 0.107793353498, 0.107371300459, 0.117444857955, 0.139278948307],
        "var": [0.0673287957907, 0.0529396981001, 0.0475703142583, 0.050582960248, 0.0582337528467, 0.054121941328, 0.0542143695056, 0.0695733204484, 0.0576521605253, 0.0547003261745, 0.0508438162506, 0.0596742779016, 0.0847436785698, 0.0681729838252, 0.0382261760533, 0.0498406141996, 0.0543472282588, 0.0532751865685, 0.0423683747649, 0.0445382669568, 0.0489338077605, 0.0585526973009, 0.0701355487108, 0.0626510828733, 0.0477497726679, 0.0453237965703, 0.0413918122649, 0.0342243090272, 0.0386997163296, 0.0554225035012, 0.0745002105832, 0.0548055842519, 0.04132033512, 0.0376096703112, 0.042772360146, 0.0584156960249]
    },
    "chords_histogram": [4.01234579086, 4.32098770142, 6.17283964157, 4.83539104462, 4.11522626877, 0, 1.44032919407, 1.74897122383, 2.36625504494, 1.13168728352, 4.52674913406, 5.65843629837, 0, 0.102880656719, 2.36625504494, 1.33744859695, 2.05761313438, 5.55555534363, 7.09876537323, 8.74485588074, 13.0658435822, 12.0370368958, 3.29218101501, 4.01234579086],
    "thpcp": [1, 0.887045621872, 0.674987196922, 0.695866346359, 0.757250189781, 0.725592792034, 0.631314098835, 0.635955989361, 0.716034293175, 0.851346790791, 0.94808536768, 0.854508817196, 0.714012384415, 0.657046437263, 0.618197083473, 0.584967195988, 0.625461041927, 0.813450038433, 0.937409818172, 0.781227171421, 0.645674228668, 0.643146157265, 0.703486025333, 0.834270656109, 0.926402807236, 0.861261188984, 0.734467685223, 0.725631892681, 0.784976541996, 0.779531359673, 0.861444532871, 0.975943148136, 0.891963660717, 0.755570650101, 0.703021883965, 0.811822712421],
    "chords_key": "G",
    "chords_scale": "major",
    "key_key": "A",
    "key_scale": "major"
}
}