{
"lowlevel": {
    "average_loudness": 0.631672978401,
    "barkbands_crest": {
        "mean": 16.3935947418,
        "var": 30.2034263611
    },
    "barkbands_flatness_db": {
        "mean": 0.233328506351,
        "var": 0.0101967221126
    },
    "barkbands_kurtosis": {
        "mean": 31.2192230225,
        "var": 2258.46826172
    },
    "barkbands_skewness": {
        "mean": 3.87083077431,
        "var": 7.00946807861
    },
    "barkbands_spread": {
        "mean": 12.22884655,
        "var": 168.201065063
    },
    "dissonance": {
        "mean": 0.45326051116,
        "var": 0.000961563084275
    },
    "dynamic_complexity": 3.58509278297,
    "erbbands_crest": {
        "mean": 9.40090370178,
        "var": 19.5362186432
    },
    "erbbands_flatness_db": {
        "mean": 0.160484328866,
        "var": 0.0023436837364
    },
    "erbbands_kurtosis": {
        "mean": 1.36678123474,
        "var": 20.0737781525
    },
    "erbbands_skewness": {
        "mean": 0.875704109669,
        "var": 1.04665875435
    },
    "erbbands_spread": {
        "mean": 48.4792900085,
        "var": 561.668151855
    },
    "hfc": {
        "mean": 13.9648141861,
        "var": 806.651123047
    },
    "melbands_crest": {
        "mean": 18.5600452423,
        "var": 24.0557498932
    },
    "melbands_flatness_db": {
        "mean": 0.322469800711,
        "var": 0.0146151604131
    },
    "melbands_kurtosis": {
        "mean": 54.8425521851,
        "var": 4810.47070313
    },
    "melbands_skewness": {
        "mean": 4.846991539,
        "var": 7.20155906677
    },
    "melbands_spread": {
        "mean": 9.67312335968,
        "var": 136.005340576
    },
    "pitch_salience": {
        "mean": 0.400851756334,
        "var": 0.02047162503
    },
    "silence_rate_20dB": {
        "mean": 0.994335711002,
        "var": 0.0056322994642
    },
    "silence_rate_30dB": {
        "mean": 0.808959841728,
        "var": 0.154545843601
    },
    "silence_rate_60dB": {
        "mean": 0.0272914525121,
        "var": 0.0265464689583
    },
    "spectral_centroid": {
        "mean": 922.232421875,
        "var": 558844.0625
    },
    "spectral_complexity": {
        "mean": 11.885684967,
        "var": 56.5205345154
    },
    "spectral_decrease": {
        "mean": -1.4740700216e-008,
        "var": 3.3641859029e-016
    },
    "spectral_energy": {
        "mean": 0.0569013729692,
        "var": 0.00497129606083
    },
    "spectral_energyband_high": {
        "mean": 0.000721885531675,
        "var": 7.16708473192e-006
    },
    "spectral_energyband_low": {
        "mean": 0.043141387403,
        "var": 0.00380739173852
    },
    "spectral_energyband_middle_high": {
        "mean": 0.00140922621358,
        "var": 3.18441243508e-006
    },
    "spectral_energyband_middle_low": {
        "mean": 0.0128423273563,
        "var": 0.000818808854092
    },
    "spectral_entropy": {
        "mean": 6.92103719711,
        "var": 0.446259170771
    },
    "spectral_flux": {
        "mean": 0.0761081725359,
        "var": 0.00605978118256
    },
    "spectral_kurtosis": {
        "mean": 6.5583615303,
        "var": 104.746253967
    },
    "spectral_rms": {
        "mean": 0.00642261747271,
        "var": 1.42636117744e-005
    },
    "spectral_rolloff": {
        "mean": 583.324829102,
        "var": 960863.6875
    },
    "spectral_skewness": {
        "mean": 1.76735162735,
        "var": 0.992102921009
    },
    "spectral_spread": {
        "mean": 4503366,
        "var": 3.60214770483e+012
    },
    "spectral_strongpeak": {
        "mean": 0.618198275566,
        "var": 0.213491380215
    },
    "zerocrossingrate": {
        "mean": 0.0300121996552,
        "var": 0.000756319030188
    },
    "barkbands": {
        "mean": [0.000576658698265, 0.0336074791849, 0.00776306167245, 0.00228871637955, 0.00644335057586, 0.00255612586625, 0.000546040711924, 0.000464897078928, 0.000509610865265, 0.000312335789204, 9.20066595427e-005, 0.000167264050106, 0.000127607141621, 0.000136965405545, 0.000112057801744, 0.000128679545014, 9.88052925095e-005, 9.93630819721e-005, 9.11713214009e-005, 0.000174272514414, 0.000200489448616, 0.000103771715658, 0.000109284017526, 9.17474098969e-005, 6.76729323459e-005, 2.8322216167e-005, 3.71520923181e-006],
        "var": [9.49708862663e-007, 0.00232289242558, 0.000559889071155, 3.42785860994e-005, 0.000401003606385, 2.57427564065e-005, 1.40621079936e-006, 7.934852988e-007, 8.04068463367e-007, 7.08392349225e-007, 4.5267118054e-008, 7.73034756207e-008, 3.5473757265e-008, 3.78373350429e-008, 5.31430082162e-008, 5.55576384897e-008, 2.75005405115e-008, 2.70982098982e-008, 2.65761919138e-008, 1.30725382519e-007, 2.75392523008e-007, 2.30366893561e-007, 2.62983121502e-007, 2.62708852006e-007, 2.27118377438e-007, 4.64722837989e-008, 1.66384950262e-009]
    },
    "erbbands": {
        "mean": [0.89160990715, 7.82513046265, 9.73449134827, 9.28965759277, 14.3434495926, 21.9819869995, 22.964263916, 20.9916687012, 10.6447668076, 7.78345775604, 11.9057559967, 10.3081512451, 8.14257907867, 8.42955780029, 4.33282470703, 5.8315577507, 6.73392438889, 6.56871652603, 4.94695091248, 7.11379861832, 7.6143155098, 6.60984706879, 5.44333362579, 5.11435842514, 5.01368999481, 7.62862825394, 10.2696228027, 5.93306827545, 3.75646448135, 3.84773588181, 2.9962720871, 2.04424285889, 1.40801012516, 0.941766321659, 0.366938352585, 0.143721625209, 0.0469464585185, 0.011667907238, 0.000413157831645, 7.22783515812e-005],
        "var": [1.6515005827, 130.637176514, 548.114624023, 487.932952881, 3094.6809082, 5172.08251953, 1897.31591797, 1538.39404297, 394.848724365, 403.875976563, 328.883880615, 419.419494629, 234.630203247, 728.856323242, 55.9374732971, 95.2928771973, 84.9936904907, 93.2955932617, 57.5865135193, 172.38067627, 204.819091797, 113.576042175, 84.8868484497, 66.4253692627, 73.9472045898, 160.503250122, 458.445892334, 428.539764404, 266.791290283, 425.867797852, 199.267364502, 99.2182922363, 83.3746490479, 50.5089759827, 4.95145750046, 1.5255664587, 0.110553115606, 0.0103467740119, 1.57291178766e-005, 1.54929757912e-008]
    },
    "gfcc": {
        "mean": [-47.7698135376, 121.832565308, -88.9041290283, 56.844669342, -45.3967475891, 10.4638252258, -26.998468399, 3.18456411362, -13.0946025848, 3.6225476265, -6.95130586624, -2.52412724495, -2.88404679298],
        "cov": [[7154.71582031, -1700.98791504, -611.932922363, -23.6868782043, -903.484741211, 215.501953125, -589.73840332, 289.98916626, -460.581848145, 254.144363403, -337.095123291, 213.703689575, -116.816719055], [-1700.98791504, 1689.71435547, 168.306045532, -35.4997253418, 609.180175781, -184.539031982, 381.418457031, -265.363006592, 291.671722412, -209.368347168, 213.765365601, -195.918395996, 116.529579163], [-611.932922363, 168.306045532, 1212.83825684, 116.413780212, 174.352798462, 183.286193848, 11.1080980301, -6.80776929855, 99.078994751, -38.6751708984, -54.8219261169, -24.1545352936, -37.2930603027], [-23.6868782043, -35.4997253418, 116.413780212, 394.989562988, 110.971969604, 42.5834617615, 79.7569656372, -24.371925354, 44.602771759, 29.4196949005, 82.4594726563, -30.7926197052, 11.6524753571], [-903.484741211, 609.180175781, 174.352798462, 110.971969604, 474.889862061, 34.7737464905, 253.940811157, -80.31590271, 160.839630127, -35.4413757324, 132.485198975, -80.8656616211, 54.771522522], [215.501953125, -184.539031982, 183.286193848, 42.5834617615, 34.7737464905, 204.604263306, 22.5774078369, 64.5178222656, 8.26697349548, 38.2060852051, -23.7654800415, 21.229385376, -8.72485637665], [-589.73840332, 381.418457031, 11.1080980301, 79.7569656372, 253.940811157, 22.5774078369, 299.889373779, 6.31738138199, 132.051834106, -16.6203842163, 88.8342056274, -53.3726119995, 46.9201431274], [289.98916626, -265.363006592, -6.80776929855, -24.371925354, -80.31590271, 64.5178222656, 6.31738138199, 159.78187561, 4.92722034454, 61.1361083984, -39.5297660828, 35.9299621582, -10.5185089111], [-460.581848145, 291.671722412, 99.078994751, 44.602771759, 160.839630127, 8.26697349548, 132.051834106, 4.92722034454, 153.20980835, 4.24817991257, 53.9369049072, -47.6852302551, 27.7873573303], [254.144363403, -209.368347168, -38.6751708984, 29.4196949005, -35.4413757324, 38.2060852051, -16.6203842163, 61.1361083984, 4.24817991257, 115.868934631, 20.276922226, 33.3628921509, -3.35275793076], [-337.095123291, 213.765365601, -54.8219261169, 82.4594726563, 132.485198975, -23.7654800415, 88.8342056274, -39.5297660828, 53.9369049072, 20.276922226, 131.916046143, 1.36463832855, 31.4004001617], [213.703689575, -195.918395996, -24.1545352936, -30.7926197052, -80.8656616211, 21.229385376, -53.3726119995, 35.9299621582, -47.6852302551, 33.3628921509, 1.36463832855, 103.627479553, 4.49641513824], [-116.816719055, 116.529579163, -37.2930603027, 11.6524753571, 54.771522522, -8.72485637665, 46.9201431274, -10.5185089111, 27.7873573303, -3.35275793076, 31.4004001617, 4.49641513824, 61.2273483276]],
        "icov": [[0.000261846464127, -0.000298501399811, 0.00019428601081, -0.000343401829014, 0.000263528636424, -0.000433591776527, 0.000255329709034, -0.000262930960162, 0.000561147287954, -0.000651175680105, 0.00071009201929, -0.000188576595974, 7.23755147192e-005], [-0.000298501399811, 0.00444373162463, -0.00085248646792, 0.00265786866657, -0.00185123237316, 0.00248335278593, -0.00144478317816, 0.00287229870446, -0.00389439077117, 0.00466725835577, -0.00443390477449, 0.00278024445288, -0.00234873779118], [0.00019428601081, -0.00085248646792, 0.00156759878155, -0.00106821733061, -0.000277681741863, -0.00157618697267, 0.00112211762462, -0.000255265302258, -0.000597610836849, -0.000372659647837, 0.0023360576015, -0.00143956427928, 0.00142978772055], [-0.000343401829014, 0.00265786866657, -0.00106821733061, 0.00512927072123, -0.000705694081262, 0.000873502285685, -0.00151765614282, 0.00212590815499, -0.00168479490094, 0.00205244868994, -0.00560020050034, 0.00346536980942, -0.0015619470505], [0.000263528636424, -0.00185123237316, -0.000277681741863, -0.000705694081262, 0.00766954384744, -0.0030611557886, -0.00254829390906, 0.00141739833634, 4.61389463453e-005, -0.0015967868967, -0.00181138527114, 0.00106539588887, -0.000367125408957], [-0.000433591776527, 0.00248335278593, -0.00157618697267, 0.000873502285685, -0.0030611557886, 0.00959823466837, -0.0016945292009, -0.000689311767928, -0.000968680600636, 0.000791041937191, -0.000119692958833, -0.000170018276549, -0.000836841820274], [0.000255329709034, -0.00144478317816, 0.00112211762462, -0.00151765614282, -0.00254829390906, -0.0016945292009, 0.00957732368261, -0.00469746114686, -0.00171410094481, 0.00125338847283, -0.000493705039844, 0.000322481064359, -0.000822944042739], [-0.000262930960162, 0.00287229870446, -0.000255265302258, 0.00212590815499, 0.00141739833634, -0.000689311767928, -0.00469746114686, 0.0150398658589, -0.00579782109708, -0.00248356955126, 0.00218064128421, -0.00173003878444, -0.000206992743188], [0.000561147287954, -0.00389439077117, -0.000597610836849, -0.00168479490094, 4.61389463453e-005, -0.000968680600636, -0.00171410094481, -0.00579782109708, 0.0191907789558, -0.00679224357009, 0.00123730767518, 0.00326306326315, -0.00137825170532], [-0.000651175680105, 0.00466725835577, -0.000372659647837, 0.00205244868994, -0.0015967868967, 0.000791041937191, 0.00125338847283, -0.00248356955126, -0.00679224357009, 0.0202837754041, -0.0106113450602, 0.00131779792719, -0.00105031207204], [0.00071009201929, -0.00443390477449, 0.0023360576015, -0.00560020050034, -0.00181138527114, -0.000119692958833, -0.000493705039844, 0.00218064128421, 0.00123730767518, -0.0106113450602, 0.0246924292296, -0.00977278873324, 0.00155009236187], [-0.000188576595974, 0.00278024445288, -0.00143956427928, 0.00346536980942, 0.00106539588887, -0.000170018276549, 0.000322481064359, -0.00173003878444, 0.00326306326315, 0.00131779792719, -0.00977278873324, 0.0191099029034, -0.006509358529], [7.23755147192e-005, -0.00234873779118, 0.00142978772055, -0.0015619470505, -0.000367125408957, -0.000836841820274, -0.000822944042739, -0.000206992743188, -0.00137825170532, -0.00105031207204, 0.00155009236187, -0.006509358529, 0.0231642834842]]
    },
    "melbands": {
        "mean": [0.0091858478263, 0.00714886561036, 0.00173879414797, 0.00137765705585, 0.000850358163007, 0.000463878328446, 0.000149193743709, 8.98653233889e-005, 0.000102669153421, 6.06548710493e-005, 4.18390736741e-005, 3.80016608688e-005, 1.40234051287e-005, 1.33586963784e-005, 1.99707574211e-005, 1.29247728182e-005, 1.23883401102e-005, 7.87334010965e-006, 9.65389153862e-006, 8.2393626144e-006, 8.34365619085e-006, 7.14906900612e-006, 4.27259965363e-006, 5.22904474565e-006, 4.01807028538e-006, 3.56517898581e-006, 3.77044966626e-006, 5.39911889064e-006, 7.63505704526e-006, 4.25327698395e-006, 2.97037536257e-006, 2.10209668694e-006, 1.96567179955e-006, 2.20835704567e-006, 1.83515635399e-006, 1.35826599035e-006, 1.18497041512e-006, 9.95256300484e-007, 9.00755537714e-007, 7.67235349031e-007],
        "var": [0.000172529820702, 0.000141042401083, 1.72587751877e-005, 2.69900847343e-005, 2.4671526262e-006, 7.44833869248e-007, 7.6716816011e-008, 4.80111701506e-008, 2.47196592085e-008, 1.59334465621e-008, 6.51009512964e-009, 1.47608245626e-008, 8.37109048746e-010, 5.31159227712e-010, 1.31184330066e-009, 4.04878047755e-010, 3.8264091895e-010, 1.74801090269e-010, 4.90701146383e-010, 2.11449802112e-010, 2.90481777521e-010, 1.66073196861e-010, 6.66701902019e-011, 7.4695138963e-011, 4.70047958889e-011, 4.20716274319e-011, 4.29740167063e-011, 9.32056931635e-011, 2.66064531518e-010, 1.71173700214e-010, 1.32175534406e-010, 7.59394561123e-011, 1.06470408878e-010, 1.37281644386e-010, 7.7998524306e-011, 2.98221447537e-011, 4.33103691799e-011, 3.88688768671e-011, 5.39741445982e-011, 3.12435285976e-011]
    },
    "mfcc": {
        "mean": [-697.040222168, 140.341323853, 24.1605033875, 49.8919715881, 11.5812692642, 14.9189748764, 3.65532016754, 3.41596341133, 1.32321453094, 8.25069141388, -1.76197731495, 7.4048371315, -1.54613924026],
        "cov": [[7092.63574219, -1686.97998047, -437.970184326, -411.773803711, -491.947540283, -333.483551025, -280.996704102, -234.921920776, -117.701118469, -133.522674561, -222.557250977, -26.1102828979, -139.220214844], [-1686.97998047, 1601.45874023, -60.879737854, 147.136123657, 214.524597168, 165.247055054, 87.4385757446, 86.5356826782, 57.2434272766, 50.94272995, 96.0607681274, -26.0873680115, 12.8734502792], [-437.970184326, -60.879737854, 882.794677734, 3.37363982201, 203.093002319, 110.350593567, -16.5605545044, 67.4100723267, 82.723526001, -62.6093521118, 133.761611938, -100.266242981, 12.9938631058], [-411.773803711, 147.136123657, 3.37363982201, 376.401824951, 90.7729263306, 117.537124634, 95.5946350098, 30.1920051575, -15.7856636047, 77.4979629517, 2.866127491, 114.527008057, 2.40443658829], [-491.947540283, 214.524597168, 203.093002319, 90.7729263306, 242.289733887, 134.456558228, 55.3133506775, 28.2780647278, 30.5383319855, 4.14639091492, 64.0397872925, 6.10668754578, 26.2499923706], [-333.483551025, 165.247055054, 110.350593567, 117.537124634, 134.456558228, 204.796646118, 91.7654571533, 53.4589385986, 28.3913669586, 40.6352920532, 39.7440719604, 38.8076972961, 9.25907802582], [-280.996704102, 87.4385757446, -16.5605545044, 95.5946350098, 55.3133506775, 91.7654571533, 157.131637573, 56.3551216125, 37.5754737854, 53.8229866028, 8.06670570374, 68.1905441284, 14.4063844681], [-234.921920776, 86.5356826782, 67.4100723267, 30.1920051575, 28.2780647278, 53.4589385986, 56.3551216125, 116.883285522, 44.5374603271, 33.2386054993, 18.4550590515, 5.62738895416, 22.5549354553], [-117.701118469, 57.2434272766, 82.723526001, -15.7856636047, 30.5383319855, 28.3913669586, 37.5754737854, 44.5374603271, 136.278396606, 55.3299942017, 32.1487350464, 14.5900382996, -12.9243402481], [-133.522674561, 50.94272995, -62.6093521118, 77.4979629517, 4.14639091492, 40.6352920532, 53.8229866028, 33.2386054993, 55.3299942017, 151.420028687, 14.6340694427, 63.9906768799, -8.79590988159], [-222.557250977, 96.0607681274, 133.761611938, 2.866127491, 64.0397872925, 39.7440719604, 8.06670570374, 18.4550590515, 32.1487350464, 14.6340694427, 108.659629822, 0.701554000378, 7.51304149628], [-26.1102828979, -26.0873680115, -100.266242981, 114.527008057, 6.10668754578, 38.8076972961, 68.1905441284, 5.62738895416, 14.5900382996, 63.9906768799, 0.701554000378, 136.559402466, 4.52037715912], [-139.220214844, 12.8734502792, 12.9938631058, 2.40443658829, 26.2499923706, 9.25907802582, 14.4063844681, 22.5549354553, -12.9243402481, -8.79590988159, 7.51304149628, 4.52037715912, 94.2996902466]],
        "icov": [[0.000222467104322, 0.000199200236239, 9.83368008747e-005, 0.000108510728751, 0.000139034920721, -0.000155749206897, 0.000227148004342, 8.76706108102e-005, -6.77071584505e-005, 0.00010883572395, 9.07064895728e-005, -6.81501842337e-005, 0.000202761075343], [0.000199200236239, 0.0010869698599, 0.000671968213283, -0.000345522916177, -0.000600796483923, -0.00034632202005, 0.000177687819814, -0.00036038341932, -0.000443402561359, 0.000210702710319, -0.000766308745369, 0.0010231732158, 0.000293107004836], [9.83368008747e-005, 0.000671968213283, 0.00245365127921, -0.000726770609617, -0.00128511933144, -0.000572683988139, 0.000756748195272, -0.000931004120503, -0.00148911867291, 0.0012870990904, -0.00208749365993, 0.00199763779528, 0.000241435569478], [0.000108510728751, -0.000345522916177, -0.000726770609617, 0.00521123688668, -0.000938581244554, -0.000898418715224, -0.000356905220542, -0.000467417557957, 0.00274420739152, -0.00167229562066, 0.0016445646761, -0.00400474434718, 0.000971519388258], [0.000139034920721, -0.000600796483923, -0.00128511933144, -0.000938581244554, 0.00939431972802, -0.00431193225086, -0.000717781018466, 0.00250238575973, -0.00111445691437, 0.00110589549877, -0.00158302660566, 0.000495774962474, -0.00213950453326], [-0.000155749206897, -0.00034632202005, -0.000572683988139, -0.000898418715224, -0.00431193225086, 0.0108079630882, -0.00347702158615, -0.00206015841104, 0.00128928315826, -0.00103680870961, -0.000410871376516, -0.000510581361596, 0.00121940299869], [0.000227148004342, 0.000177687819814, 0.000756748195272, -0.000356905220542, -0.000717781018466, -0.00347702158615, 0.0126987630501, -0.00366188236512, -0.00175335165113, 9.2056208814e-005, 0.00132376665715, -0.00408542761579, -0.000448376988061], [8.76706108102e-005, -0.00036038341932, -0.000931004120503, -0.000467417557957, 0.00250238575973, -0.00206015841104, -0.00366188236512, 0.0138390418142, -0.00299180671573, -0.00137382000685, 0.000159540315508, 0.00246977480128, -0.00359539478086], [-6.77071584505e-005, -0.000443402561359, -0.00148911867291, 0.00274420739152, -0.00111445691437, 0.00128928315826, -0.00175335165113, -0.00299180671573, 0.0125201391056, -0.00442843744531, -0.000443336815806, -0.00215997733176, 0.00270463828929], [0.00010883572395, 0.000210702710319, 0.0012870990904, -0.00167229562066, 0.00110589549877, -0.00103680870961, 9.2056208814e-005, -0.00137382000685, -0.00442843744531, 0.0112898759544, -0.00180125643965, -0.00217000767589, 0.000799354049377], [9.07064895728e-005, -0.000766308745369, -0.00208749365993, 0.0016445646761, -0.00158302660566, -0.000410871376516, 0.00132376665715, 0.000159540315508, -0.000443336815806, -0.00180125643965, 0.0139754181728, -0.00268522463739, -0.000488654943183], [-6.81501842337e-005, 0.0010231732158, 0.00199763779528, -0.00400474434718, 0.000495774962474, -0.000510581361596, -0.00408542761579, 0.00246977480128, -0.00215997733176, -0.00217000767589, -0.00268522463739, 0.0157030392438, -0.00150516314898], [0.000202761075343, 0.000293107004836, 0.000241435569478, 0.000971519388258, -0.00213950453326, 0.00121940299869, -0.000448376988061, -0.00359539478086, 0.00270463828929, 0.000799354049377, -0.000488654943183, -0.00150516314898, 0.0127664124593]]
    },
    "spectral_contrast_coeffs": {
        "mean": [-0.665903031826, -0.7098929286, -0.743616163731, -0.750250101089, -0.74306422472, -0.74816930294],
        "var": [0.00766084576026, 0.00578993279487, 0.00491847703233, 0.00371004315093, 0.00541193503886, 0.00323600112461]
    },
    "spectral_contrast_valleys": {
        "mean": [-6.69444513321, -7.1853222847, -8.592918396, -8.86444759369, -8.7982378006, -11.17258358],
        "var": [1.09492087364, 0.955017268658, 1.11853444576, 1.03633248806, 1.20152711868, 2.3015165329]
    }
},
"metadata": {
    "audio_properties": {
        "analysis_sample_rate": 44100,
        "bit_rate": 128074,
        "equal_loudness": 0,
        "length": 45.0612258911,
        "lossless": 0,
        "replay_gain": -5.57137680054,
        "sample_rate": 44100,
        "codec": "mp3",
        "downmix": "mix",
        "md5_encoded": "e55c9d9194aeebf91caf10b8a3febd05"
    },
    "tags": {
        "file_name": "1711.mp3"
    },
    "version": {
        "essentia": "2.1-beta2",
        "essentia_git_sha": "v2.1_beta2",
        "extractor": "music 1.0"
    }
},
"rhythm": {
    "beats_count": 84,
    "beats_loudness": {
        "mean": 0.0861560180783,
        "var": 0.00824613310397
    },
    "bpm": 113.773857117,
    "bpm_histogram_first_peak_bpm": {
        "mean": 115,
        "var": 0
    },
    "bpm_histogram_first_peak_spread": {
        "mean": 0.507692337036,
        "var": 0
    },
    "bpm_histogram_first_peak_weight": {
        "mean": 0.385542154312,
        "var": 0
    },
    "bpm_histogram_second_peak_bpm": {
        "mean": 110,
        "var": 0
    },
    "bpm_histogram_second_peak_spread": {
        "mean": 0.40000000596,
        "var": 0
    },
    "bpm_histogram_second_peak_weight": {
        "mean": 0.0722891539335,
        "var": 0
    },
    "danceability": 0.97841334343,
    "onset_rate": 2.88366365433,
    "beats_loudness_band_ratio": {
        "mean": [0.63545024395, 0.26885291934, 0.0521510541439, 0.0297865308821, 0.0184754654765, 0.0352393090725],
        "var": [0.0797735452652, 0.0517984740436, 0.00421122834086, 0.00471341982484, 0.000692348286975, 0.00245142378844]
    },
    "beats_position": [0.545668900013, 1.10294783115, 1.66022670269, 2.22911548615, 2.79800438881, 3.36689329147, 3.92417216301, 4.45823097229, 4.99229001999, 5.52634906769, 6.04879808426, 6.57124710083, 7.0936961174, 7.61614513397, 8.13859367371, 8.66104316711, 9.18349170685, 9.71755123138, 10.2516098022, 10.7856683731, 11.3081178665, 11.807346344, 12.3297958374, 12.8522443771, 13.3746938705, 13.9087524414, 14.4428119659, 14.9652605057, 15.4877090454, 16.0333786011, 16.5674381256, 17.0898857117, 17.6123352051, 18.1580047607, 18.6920623779, 19.2145118713, 19.7137413025, 20.247800827, 20.7818584442, 21.2926979065, 21.8035373688, 22.3259868622, 22.8600444794, 23.3824939728, 23.8933334351, 24.4157810211, 24.9614505768, 25.4955101013, 26.0295696259, 26.5520172119, 27.0744667053, 27.6085262299, 28.142583847, 28.6766433716, 29.2107028961, 29.7331504822, 30.2555999756, 30.778049469, 31.3004989624, 31.8345565796, 32.3453979492, 32.8678436279, 33.3902931213, 33.9243545532, 34.4584121704, 34.9924697876, 35.5381393433, 36.0489807129, 36.5714263916, 37.1054878235, 37.6395454407, 38.1619949341, 38.6844444275, 39.1952819824, 39.7061233521, 40.2285690308, 40.7510185242, 41.2850799561, 41.8655776978, 42.4112472534, 42.9569168091, 43.5141944885, 44.0830841064, 44.6519737244]
},
"tonal": {
    "chords_changes_rate": 0.0648148134351,
    "chords_number_rate": 0.0102880662307,
    "chords_strength": {
        "mean": 0.450245440006,
        "var": 0.00529706245288
    },
    "hpcp_entropy": {
        "mean": 1.5237801075,
        "var": 0.548753142357
    },
    "key_strength": 0.66616243124,
    "tuning_diatonic_strength": 0.501304149628,
    "tuning_equal_tempered_deviation": 0.0586634539068,
    "tuning_frequency": 440.508636475,
    "tuning_nontempered_energy_ratio": 0.65105420351,
    "hpcp": {
        "mean": [0.0932511165738, 0.0496491976082, 0.029730623588, 0.0279557183385, 0.0355696342885, 0.109739050269, 0.176717430353, 0.113803654909, 0.0490234717727, 0.0498848930001, 0.1168750301, 0.44218724966, 0.543384790421, 0.212315559387, 0.0301898922771, 0.0203942786902, 0.0209667664021, 0.0497665554285, 0.0748749226332, 0.0463223941624, 0.0382969267666, 0.0462119504809, 0.0313638597727, 0.0381847433746, 0.0426856391132, 0.0449151732028, 0.107886858284, 0.142028480768, 0.0765005946159, 0.0242757927626, 0.0159326307476, 0.0207068007439, 0.0705602616072, 0.110860407352, 0.0934544578195, 0.0980626642704],
        "var": [0.0525507293642, 0.019589535892, 0.011292588897, 0.0103280479088, 0.0165332369506, 0.0493730455637, 0.112575665116, 0.0543340705335, 0.0210404507816, 0.0274834092706, 0.0405355319381, 0.146516919136, 0.186777889729, 0.0494341962039, 0.010268246755, 0.00966988410801, 0.00924583896995, 0.013228436932, 0.0333823114634, 0.0133725274354, 0.0134402057156, 0.0198705438524, 0.00629646005109, 0.0123981488869, 0.0128021193668, 0.0173804853112, 0.0437406860292, 0.0769267901778, 0.0285926610231, 0.0088497698307, 0.00430812267587, 0.00644750148058, 0.0261319186538, 0.0504969768226, 0.0369906611741, 0.0553418770432]
    },
    "chords_histogram": [24.2798347473, 2.05761313438, 23.8683128357, 4.62962961197, 2.77777767181, 6.37860059738, 0, 6.99588489532, 0, 16.1522636414, 0, 10.2880659103, 2.57201647758, 0, 0, 0, 0, 0, 0, 0, 0, 0, 0, 0],
    "thpcp": [1, 0.390727818012, 0.0555589571595, 0.037531927228, 0.0385854877532, 0.0915862098336, 0.137793555856, 0.0852478668094, 0.0704784691334, 0.0850446149707, 0.0577194280922, 0.070272013545, 0.078555084765, 0.0826581344008, 0.198545962572, 0.261377364397, 0.140785306692, 0.044675141573, 0.029321083799, 0.0381070673466, 0.129853218794, 0.204018235207, 0.171985775232, 0.180466338992, 0.171611562371, 0.0913702398539, 0.054713755846, 0.0514473691583, 0.0654593855143, 0.201954588294, 0.325215995312, 0.209434747696, 0.0902187079191, 0.0918039903045, 0.215087041259, 0.813764512539],
    "chords_key": "F#",
    "chords_scale": "minor",
    "key_key": "F#",
    "key_scale": "minor"
}
}