{
"lowlevel": {
    "average_loudness": 0.844764351845,
    "barkbands_crest": {
        "mean": 16.4386539459,
        "var": 19.5233917236
    },
    "barkbands_flatness_db": {
        "mean": 0.361296385527,
        "var": 0.0137306014076
    },
    "barkbands_kurtosis": {
        "mean": 30.9593048096,
        "var": 2306.01928711
    },
    "barkbands_skewness": {
        "mean": 3.16136312485,
        "var": 5.28382730484
    },
    "barkbands_spread": {
        "mean": 4.09279918671,
        "var": 44.9749679565
    },
    "dissonance": {
        "mean": 0.370951473713,
        "var": 0.00554583827034
    },
    "dynamic_complexity": 4.81151819229,
    "erbbands_crest": {
        "mean": 16.5379333496,
        "var": 35.2398529053
    },
    "erbbands_flatness_db": {
        "mean": 0.279581278563,
        "var": 0.00579018797725
    },
    "erbbands_kurtosis": {
        "mean": 12.4548931122,
        "var": 308.449310303
    },
    "erbbands_skewness": {
        "mean": 2.14291548729,
        "var": 2.35309791565
    },
    "erbbands_spread": {
        "mean": 14.5706453323,
        "var": 153.257247925
    },
    "hfc": {
        "mean": 9.130194664,
        "var": 96.089302063
    },
    "melbands_crest": {
        "mean": 22.0268936157,
        "var": 38.8069419861
    },
    "melbands_flatness_db": {
        "mean": 0.455096185207,
        "var": 0.0201786775142
    },
    "melbands_kurtosis": {
        "mean": 36.6965408325,
        "var": 3359.8762207
    },
    "melbands_skewness": {
        "mean": 3.28649878502,
        "var": 5.70499324799
    },
    "melbands_spread": {
        "mean": 4.71525812149,
        "var": 101.41759491
    },
    "pitch_salience": {
        "mean": 0.36365622282,
        "var": 0.0228964313865
    },
    "silence_rate_20dB": {
        "mean": 1,
        "var": 0
    },
    "silence_rate_30dB": {
        "mean": 0.957775473595,
        "var": 0.0404421016574
    },
    "silence_rate_60dB": {
        "mean": 0.131307929754,
        "var": 0.11406647414
    },
    "spectral_centroid": {
        "mean": 414.284698486,
        "var": 241610.734375
    },
    "spectral_complexity": {
        "mean": 5.04582881927,
        "var": 13.2723722458
    },
    "spectral_decrease": {
        "mean": -1.11195088692e-008,
        "var": 7.61550051345e-017
    },
    "spectral_energy": {
        "mean": 0.0427956618369,
        "var": 0.00112156430259
    },
    "spectral_energyband_high": {
        "mean": 3.86267893191e-005,
        "var": 2.90875270537e-008
    },
    "spectral_energyband_low": {
        "mean": 0.0304974820465,
        "var": 0.000914961623494
    },
    "spectral_energyband_middle_high": {
        "mean": 0.000793314480688,
        "var": 9.52313257585e-006
    },
    "spectral_energyband_middle_low": {
        "mean": 0.0156150432304,
        "var": 0.000277243525488
    },
    "spectral_entropy": {
        "mean": 5.80629348755,
        "var": 0.859843254089
    },
    "spectral_flux": {
        "mean": 0.0402819626033,
        "var": 0.00112567329779
    },
    "spectral_kurtosis": {
        "mean": 33.1383857727,
        "var": 6339.82226563
    },
    "spectral_rms": {
        "mean": 0.00574415968731,
        "var": 8.7565413196e-006
    },
    "spectral_rolloff": {
        "mean": 417.880340576,
        "var": 578085.4375
    },
    "spectral_skewness": {
        "mean": 3.61625504494,
        "var": 9.81860256195
    },
    "spectral_spread": {
        "mean": 3011472.25,
        "var": 3.10909023027e+012
    },
    "spectral_strongpeak": {
        "mean": 0.945448637009,
        "var": 0.343586504459
    },
    "zerocrossingrate": {
        "mean": 0.0147517761216,
        "var": 0.000401153345592
    },
    "barkbands": {
        "mean": [3.14406279358e-005, 0.0101940492168, 0.0161288250238, 0.00554211717099, 0.0034281401895, 0.00378290493973, 0.00055272836471, 0.00121783395298, 0.0010738526471, 6.5788080974e-005, 2.54263686656e-005, 0.000219414156163, 5.53747522645e-005, 9.03443360585e-005, 4.38050483353e-005, 2.88791397907e-005, 7.20002790331e-005, 9.86962477327e-005, 8.30675417092e-005, 3.63463550457e-005, 1.46144438986e-005, 2.85076180262e-006, 2.05409537557e-006, 3.08410585603e-006, 1.39476753702e-006, 6.31760883607e-007, 1.91096738433e-008],
        "var": [2.27100471761e-008, 0.000369538931409, 0.000511139514856, 0.000144755322253, 2.38535249082e-005, 4.44415418315e-005, 2.53838970821e-006, 6.0913357629e-006, 1.1668508705e-005, 9.99498510623e-008, 1.01427666266e-008, 1.22876849673e-006, 8.03966244689e-008, 1.58729520194e-007, 4.24208685956e-008, 3.43038237816e-008, 1.38862276344e-007, 2.48714826512e-007, 1.85582493373e-007, 3.23734887786e-008, 6.05460614977e-009, 1.17532386601e-010, 7.6872175292e-011, 1.13972352389e-010, 1.29367029242e-011, 3.28609817309e-012, 4.41000885373e-015]
    },
    "erbbands": {
        "mean": [0.106251701713, 3.09250116348, 15.9254169464, 22.4174194336, 7.34697294235, 11.2788190842, 33.536151886, 28.6126651764, 12.607462883, 11.0379915237, 31.0017375946, 28.5687980652, 6.15654802322, 1.6597725153, 3.34171271324, 6.89809370041, 3.46477341652, 4.98859739304, 2.03373503685, 1.96028637886, 1.76547002792, 4.04484558105, 5.06582927704, 4.42584609985, 3.90060901642, 1.73429131508, 0.738949596882, 0.419303774834, 0.120130732656, 0.0673229694366, 0.0629355087876, 0.0851029828191, 0.0339327268302, 0.0194904301316, 0.00800985749811, 0.0040526711382, 0.000798242981546, 0.000119824631838, 2.22314065468e-005, 4.70477461931e-005],
        "var": [0.0537933446467, 27.1942939758, 426.511566162, 1154.07788086, 283.807403564, 432.253967285, 1756.38903809, 3844.93457031, 852.135070801, 551.217468262, 2885.51123047, 8733.40820313, 243.212249756, 24.6550350189, 179.213546753, 1391.29626465, 360.404449463, 511.273376465, 73.6698150635, 88.4255828857, 92.295173645, 421.231689453, 618.479675293, 397.602905273, 489.014556885, 72.7885055542, 15.5690784454, 5.80389642715, 0.204840183258, 0.0644052401185, 0.0718848705292, 0.119846172631, 0.0103083197027, 0.00259682023898, 0.000436564791016, 8.19282431621e-005, 1.00908000604e-005, 2.64858073251e-007, 3.77214925962e-010, 1.34540023566e-009]
    },
    "gfcc": {
        "mean": [-160.74105835, 147.552108765, -61.574131012, 36.7185935974, -55.8402328491, -20.1058979034, -36.9068603516, 5.59868383408, -23.2230606079, -11.0721883774, -8.39271068573, -16.3191738129, -10.2688140869],
        "cov": [[16677.0898438, -290.092224121, -2598.8269043, -281.390625, -940.207763672, -228.035125732, -348.832824707, 887.343994141, 138.226516724, 323.073669434, 122.266021729, 9.16285228729, -47.4402313232], [-290.092224121, 1957.52416992, 1661.97302246, 91.2770843506, 599.119628906, 60.4607772827, 609.519775391, 53.8176383972, 305.238891602, -187.39050293, 92.0220870972, -194.817840576, 20.7914810181], [-2598.8269043, 1661.97302246, 2530.40087891, 501.343688965, 767.002441406, 160.595443726, 644.497131348, -67.5893325806, 310.267944336, -246.523010254, -31.323266983, -227.604232788, -16.3772659302], [-281.390625, 91.2770843506, 501.343688965, 590.561096191, 424.610412598, 193.735595703, 141.765930176, 7.37160158157, 61.2018814087, -17.6766719818, -7.77988767624, -72.4267349243, -50.770690918], [-940.207763672, 599.119628906, 767.002441406, 424.610412598, 856.638000488, 373.678924561, 413.239807129, 29.6152877808, 111.685539246, -12.8307008743, 78.4860458374, -47.3088645935, -20.5882778168], [-228.035125732, 60.4607772827, 160.595443726, 193.735595703, 373.678924561, 358.2215271, 239.940246582, 113.518798828, 70.7366867065, 69.5092010498, 37.5716514587, 49.6444625854, 12.7560577393], [-348.832824707, 609.519775391, 644.497131348, 141.765930176, 413.239807129, 239.940246582, 414.431518555, 142.018829346, 171.025894165, -2.53318667412, 50.9480133057, -17.9786472321, 35.5360221863], [887.343994141, 53.8176383972, -67.5893325806, 7.37160158157, 29.6152877808, 113.518798828, 142.018829346, 256.978271484, 131.897354126, 81.4651794434, 28.0355014801, 45.7687110901, 52.7648696899], [138.226516724, 305.238891602, 310.267944336, 61.2018814087, 111.685539246, 70.7366867065, 171.025894165, 131.897354126, 180.436264038, 30.0851421356, 25.9425983429, -15.6726646423, 35.2381134033], [323.073669434, -187.39050293, -246.523010254, -17.6766719818, -12.8307008743, 69.5092010498, -2.53318667412, 81.4651794434, 30.0851421356, 108.369560242, 36.8973960876, 58.825012207, 18.4641494751], [122.266021729, 92.0220870972, -31.323266983, -7.77988767624, 78.4860458374, 37.5716514587, 50.9480133057, 28.0355014801, 25.9425983429, 36.8973960876, 89.9937667847, 40.7797775269, 32.6593742371], [9.16285228729, -194.817840576, -227.604232788, -72.4267349243, -47.3088645935, 49.6444625854, -17.9786472321, 45.7687110901, -15.6726646423, 58.825012207, 40.7797775269, 117.891479492, 62.5465393066], [-47.4402313232, 20.7914810181, -16.3772659302, -50.770690918, -20.5882778168, 12.7560577393, 35.5360221863, 52.7648696899, 35.2381134033, 18.4641494751, 32.6593742371, 62.5465393066, 103.149047852]],
        "icov": [[0.000137818526127, -0.000326987326844, 0.000258167448919, -0.000271944241831, 0.000200755588594, -4.76682107546e-005, 0.000234883831581, -0.000601989973802, 0.000194931330043, -5.61650776945e-005, -4.39683935838e-005, 0.000115073744382, 0.00019702433201], [-0.000326987326844, 0.00408453680575, -0.00174417207018, 0.00244294689037, -0.00139331375249, 0.00123403826728, -0.00246716011316, 0.000590714218561, -0.00184587866534, 0.0034633600153, -0.00430560437962, 0.00291123543866, -0.000322503881762], [0.000258167448919, -0.00174417207018, 0.00277153169736, -0.00200932263397, 0.000533426529728, 0.000628597743344, -0.00185143772978, 0.00163185363635, -0.00223205517977, 0.00117517926265, 0.00286511378363, -0.00192747113761, 0.000566922361031], [-0.000271944241831, 0.00244294689037, -0.00200932263397, 0.00528693525121, -0.00278777419589, -0.00112896459177, 0.00213481555693, -0.00090699311113, -0.00105874321889, 0.00170371693093, -0.00221282197163, 0.00341373379342, -0.000335210643243], [0.000200755588594, -0.00139331375249, 0.000533426529728, -0.00278777419589, 0.0060946601443, -0.00364277116023, -0.00245760427788, 0.00134268472902, 0.0017414157046, -0.00059047783725, -0.00275550968945, 0.00128940888681, 0.000513899780344], [-4.76682107546e-005, 0.00123403826728, 0.000628597743344, -0.00112896459177, -0.00364277116023, 0.0125108892098, -0.00735053885728, 0.000210767975659, 0.000501851085573, -0.00402504298836, 0.00438896147534, -0.00598760414869, 0.00221383711323], [0.000234883831581, -0.00246716011316, -0.00185143772978, 0.00213481555693, -0.00245760427788, -0.00735053885728, 0.0184093583375, -0.00757244741544, -0.000629609450698, 0.00175751268398, -0.00204949826002, 0.0019461074844, -0.00131865812], [-0.000601989973802, 0.000590714218561, 0.00163185363635, -0.00090699311113, 0.00134268472902, 0.000210767975659, -0.00757244741544, 0.0161278620362, -0.00886888615787, -0.0025704165455, 0.00471304776147, -0.004072539974, -0.00151544914115], [0.000194931330043, -0.00184587866534, -0.00223205517977, -0.00105874321889, 0.0017414157046, 0.000501851085573, -0.000629609450698, -0.00886888615787, 0.0223173741251, -0.0116084516048, -0.00113154237624, 0.00775250559673, -0.00526335788891], [-5.61650776945e-005, 0.0034633600153, 0.00117517926265, 0.00170371693093, -0.00059047783725, -0.00402504298836, 0.00175751268398, -0.0025704165455, -0.0116084516048, 0.0312415007502, -0.0102967377752, -0.00502375140786, 0.00607031444088], [-4.39683935838e-005, -0.00430560437962, 0.00286511378363, -0.00221282197163, -0.00275550968945, 0.00438896147534, -0.00204949826002, 0.00471304776147, -0.00113154237624, -0.0102967377752, 0.0270676296204, -0.0113173844293, -0.00206219870597], [0.000115073744382, 0.00291123543866, -0.00192747113761, 0.00341373379342, 0.00128940888681, -0.00598760414869, 0.0019461074844, -0.004072539974, 0.00775250559673, -0.00502375140786, -0.0113173844293, 0.0314483642578, -0.0139841893688], [0.00019702433201, -0.000322503881762, 0.000566922361031, -0.000335210643243, 0.000513899780344, 0.00221383711323, -0.00131865812, -0.00151544914115, -0.00526335788891, 0.00607031444088, -0.00206219870597, -0.0139841893688, 0.0206776615232]]
    },
    "melbands": {
        "mean": [0.0019417074509, 0.00717585347593, 0.00345319625922, 0.000483764335513, 0.00108153931797, 0.000641319609713, 0.000182237985427, 0.000156691283337, 0.000258015556028, 0.000154937719344, 2.50336688623e-005, 6.48205650577e-006, 7.00989221514e-006, 2.36852865783e-005, 1.24880762087e-005, 8.41023665998e-006, 8.45087015477e-006, 2.65796757049e-006, 4.21496451963e-006, 1.74269905528e-006, 1.93155187844e-006, 3.64305333278e-006, 4.26456972491e-006, 6.2592366703e-006, 3.12983615913e-006, 3.44360569215e-006, 1.97990061679e-006, 9.94126367004e-007, 4.3974839059e-007, 3.81753977763e-007, 1.82836785712e-007, 6.5638516844e-008, 4.2575035053e-008, 3.44878969827e-008, 3.13307175759e-008, 5.1119826594e-008, 4.94315770538e-008, 2.38160779986e-008, 1.79289756375e-008, 1.60898672164e-008],
        "var": [1.54045392264e-005, 6.88587970217e-005, 2.57886640611e-005, 8.56681083405e-007, 1.78259847416e-006, 1.76800551799e-006, 1.75306055894e-007, 1.07696081386e-007, 1.8823220671e-007, 2.56715964042e-007, 6.02468430699e-009, 6.26445895158e-010, 5.75281489112e-010, 1.22274164127e-008, 1.45582665922e-008, 1.29568145102e-009, 1.49169010477e-009, 1.57843405013e-010, 4.58319021623e-010, 1.65006577846e-010, 1.1906364783e-010, 3.51342233085e-010, 5.53786572155e-010, 1.18939080807e-009, 2.0567811343e-010, 3.70098091063e-010, 1.44470380103e-010, 2.60231922816e-011, 6.50833163404e-012, 5.21778236937e-012, 1.0797281038e-012, 5.68846930823e-014, 2.83954903726e-014, 1.61909314487e-014, 1.86405219331e-014, 4.98071331086e-014, 3.92949460134e-014, 4.91122916532e-015, 2.64612203338e-015, 1.84474310319e-015]
    },
    "mfcc": {
        "mean": [-813.478881836, 162.787780762, 42.6228599548, 52.1479301453, 9.59892940521, -14.9562358856, -1.32532203197, -2.48402953148, -10.4060974121, 1.24672794342, -0.708379864693, -5.91148996353, -12.3443174362],
        "cov": [[11238.6611328, 1197.42687988, -2111.52075195, -250.298828125, -582.410949707, -795.789794922, -126.180717468, -143.627593994, -240.10017395, 262.434326172, 222.986495972, 160.729324341, -113.183166504], [1197.42687988, 2087.05395508, 1019.50549316, 382.978515625, 87.9872436523, -29.8054275513, 162.49609375, 280.775024414, 229.426696777, 203.843414307, 141.953262329, 45.3181877136, 64.41431427], [-2111.52075195, 1019.50549316, 1670.98266602, 537.587646484, 308.308776855, 318.761505127, 172.462921143, 299.425415039, 331.891601563, 123.340087891, 71.3096847534, 31.3308296204, 70.0331802368], [-250.298828125, 382.978515625, 537.587646484, 500.820953369, 357.851165771, 247.549850464, 182.293563843, 155.570800781, 134.600189209, 93.0046844482, 69.1911849976, 62.2726516724, 16.0334320068], [-582.410949707, 87.9872436523, 308.308776855, 357.851165771, 490.081665039, 398.33682251, 282.386932373, 180.934875488, 136.577102661, 86.2729187012, 71.9405899048, 79.1854553223, 66.7333221436], [-795.789794922, -29.8054275513, 318.761505127, 247.549850464, 398.33682251, 442.664916992, 293.598358154, 184.471191406, 149.490844727, 69.1860198975, 63.2868003845, 89.0946273804, 84.6985931396], [-126.180717468, 162.49609375, 172.462921143, 182.293563843, 282.386932373, 293.598358154, 305.210113525, 200.101303101, 141.706283569, 92.3844985962, 72.8373565674, 84.1515655518, 80.2266311646], [-143.627593994, 280.775024414, 299.425415039, 155.570800781, 180.934875488, 184.471191406, 200.101303101, 236.53918457, 203.389221191, 131.513092041, 91.4371414185, 69.8159561157, 76.0184631348], [-240.10017395, 229.426696777, 331.891601563, 134.600189209, 136.577102661, 149.490844727, 141.706283569, 203.389221191, 245.294723511, 154.702194214, 99.5027389526, 59.40001297, 63.3991279602], [262.434326172, 203.843414307, 123.340087891, 93.0046844482, 86.2729187012, 69.1860198975, 92.3844985962, 131.513092041, 154.702194214, 163.064453125, 110.26915741, 53.8485527039, 42.6569747925], [222.986495972, 141.953262329, 71.3096847534, 69.1911849976, 71.9405899048, 63.2868003845, 72.8373565674, 91.4371414185, 99.5027389526, 110.26915741, 115.424797058, 64.7477874756, 37.1505317688], [160.729324341, 45.3181877136, 31.3308296204, 62.2726516724, 79.1854553223, 89.0946273804, 84.1515655518, 69.8159561157, 59.40001297, 53.8485527039, 64.7477874756, 94.8034286499, 53.4725952148], [-113.183166504, 64.41431427, 70.0331802368, 16.0334320068, 66.7333221436, 84.6985931396, 80.2266311646, 76.0184631348, 63.3991279602, 42.6569747925, 37.1505317688, 53.4725952148, 90.3668746948]],
        "icov": [[0.000330406299327, -0.000511637015734, 0.000880555249751, -0.000618871708866, 0.000684302940499, -0.000358858465916, 0.000208698271308, -7.39074603189e-005, 3.54384283128e-005, -0.00060856656637, 0.000322362262523, -0.000730335304979, 0.000475857319543], [-0.000511637015734, 0.00204800465144, -0.00236113462597, 0.000791671569459, -0.00129507121164, 0.0029372216668, -0.00216290005483, -0.000537089421414, 0.0014163297601, -1.56776877702e-005, -0.00114554003812, 0.00133202318102, -0.00113938690629], [0.000880555249751, -0.00236113462597, 0.00486830435693, -0.00396798783913, 0.00383913191035, -0.0045841387473, 0.00361100467853, -0.00103842141107, -0.00288484687917, 0.00108845077921, 0.00067037937697, -3.00020219584e-005, 9.86110244412e-005], [-0.000618871708866, 0.000791671569459, -0.00396798783913, 0.0100423498079, -0.00915896520019, 0.00455963332206, -0.00126770720817, 0.000434447545558, 0.00141715048812, -0.00165648153052, 0.00141288619488, -0.00407607806846, 0.00482269143686], [0.000684302940499, -0.00129507121164, 0.00383913191035, -0.00915896520019, 0.0171501785517, -0.012288114056, 0.000783716794103, -0.00151040067431, 0.00168707082048, -0.00190561602358, -0.000861855864059, 0.003754098434, -0.00229395227507], [-0.000358858465916, 0.0029372216668, -0.0045841387473, 0.00455963332206, -0.012288114056, 0.0211791619658, -0.0120485695079, 0.0043641673401, -0.00271286466159, 0.0034972447902, -0.00158495840151, -0.00322159682401, -0.000740090792533], [0.000208698271308, -0.00216290005483, 0.00361100467853, -0.00126770720817, 0.000783716794103, -0.0120485695079, 0.0213380977511, -0.0136035894975, 0.00378401856869, -0.00109910755418, 0.00295565114357, -0.00178321276326, 0.000147682847455], [-7.39074603189e-005, -0.000537089421414, -0.00103842141107, 0.000434447545558, -0.00151040067431, 0.0043641673401, -0.0136035894975, 0.031219214201, -0.0175928547978, 0.00145597720984, -0.00140592572279, 6.80736848153e-005, -0.00394909130409], [3.54384283128e-005, 0.0014163297601, -0.00288484687917, 0.00141715048812, 0.00168707082048, -0.00271286466159, 0.00378401856869, -0.0175928547978, 0.0287671443075, -0.0177113749087, 0.0033525750041, -0.000817607447971, 0.00103974482045], [-0.00060856656637, -1.56776877702e-005, 0.00108845077921, -0.00165648153052, -0.00190561602358, 0.0034972447902, -0.00109910755418, 0.00145597720984, -0.0177113749087, 0.0367838852108, -0.022724814713, 0.00772254541516, -0.0035853239242], [0.000322362262523, -0.00114554003812, 0.00067037937697, 0.00141288619488, -0.000861855864059, -0.00158495840151, 0.00295565114357, -0.00140592572279, 0.0033525750041, -0.022724814713, 0.0354531034827, -0.0166220162064, 0.00476643396541], [-0.000730335304979, 0.00133202318102, -3.00020219584e-005, -0.00407607806846, 0.003754098434, -0.00322159682401, -0.00178321276326, 6.80736848153e-005, -0.000817607447971, 0.00772254541516, -0.0166220162064, 0.030391940847, -0.0135667510331], [0.000475857319543, -0.00113938690629, 9.86110244412e-005, 0.00482269143686, -0.00229395227507, -0.000740090792533, 0.000147682847455, -0.00394909130409, 0.00103974482045, -0.0035853239242, 0.00476643396541, -0.0135667510331, 0.0241519790143]]
    },
    "spectral_contrast_coeffs": {
        "mean": [-0.470087140799, -0.610331594944, -0.764851391315, -0.840948879719, -0.822398483753, -0.814003288746],
        "var": [0.0157312750816, 0.0134844463319, 0.0109049072489, 0.00450726179406, 0.00318544381298, 0.00107162026688]
    },
    "spectral_contrast_valleys": {
        "mean": [-8.7491350174, -8.2274389267, -9.43474292755, -9.85214424133, -9.39346027374, -12.1727085114],
        "var": [2.78866267204, 2.28725528717, 1.56578338146, 1.81368076801, 2.17145586014, 1.86328136921]
    }
},
"metadata": {
    "audio_properties": {
        "analysis_sample_rate": 44100,
        "bit_rate": 128074,
        "equal_loudness": 0,
        "length": 45.0612258911,
        "lossless": 0,
        "replay_gain": -5.33818817139,
        "sample_rate": 44100,
        "codec": "mp3",
        "downmix": "mix",
        "md5_encoded": "b365514de40693fd2d39755601f0ad51"
    },
    "tags": {
        "file_name": "1712.mp3"
    },
    "version": {
        "essentia": "2.1-beta2",
        "essentia_git_sha": "v2.1_beta2",
        "extractor": "music 1.0"
    }
},
"rhythm": {
    "beats_count": 93,
    "beats_loudness": {
        "mean": 0.0535745210946,
        "var": 0.00111324328464
    },
    "bpm": 126.544342041,
    "bpm_histogram_first_peak_bpm": {
        "mean": 126,
        "var": 0
    },
    "bpm_histogram_first_peak_spread": {
        "mean": 0.307692289352,
        "var": 0
    },
    "bpm_histogram_first_peak_weight": {
        "mean": 0.0978260859847,
        "var": 0
    },
    "bpm_histogram_second_peak_bpm": {
        "mean": 148,
        "var": 0
    },
    "bpm_histogram_second_peak_spread": {
        "mean": 0.357142835855,
        "var": 0
    },
    "bpm_histogram_second_peak_weight": {
        "mean": 0.0978260859847,
        "var": 0
    },
    "danceability": 0.899822890759,
    "onset_rate": 1.68583405018,
    "beats_loudness_band_ratio": {
        "mean": [0.672884881496, 0.218440532684, 0.0822312012315, 0.0196088161319, 0.010972567834, 0.00751633010805],
        "var": [0.10381911695, 0.0532490722835, 0.0147168021649, 0.00559972133487, 0.0012780475663, 0.000663214595988]
    },
    "beats_position": [0.46439909935, 0.96362811327, 1.46285712719, 1.97369611263, 2.48453521729, 2.99537420273, 3.51782298088, 4.04027223587, 4.55111122131, 5.07355976105, 5.59600877762, 6.03718805313, 6.46675729752, 6.90793657303, 7.3491153717, 7.79029464722, 8.23147392273, 8.67265319824, 9.12544155121, 9.56662082672, 10.0078001022, 10.4954195023, 10.9714279175, 11.4358272552, 11.900226593, 12.3762359619, 12.8522443771, 13.328253746, 13.8042631149, 14.2802715302, 14.756280899, 15.2206802368, 15.696688652, 16.1726989746, 16.6951465607, 17.2059860229, 17.7168254852, 18.2973232269, 18.8662128448, 19.4467124939, 20.0272102356, 20.6193199158, 21.2230377197, 21.826757431, 22.4072551727, 22.9993648529, 23.5914726257, 24.195192337, 24.7873020172, 25.4026298523, 26.0179595947, 26.6332874298, 27.2950553894, 27.9568252563, 28.6302032471, 29.3035831451, 29.9769611359, 30.6271190643, 31.2076187134, 31.776506424, 32.3453979492, 32.7517471313, 33.1580963135, 33.5644454956, 33.9707946777, 34.3771438599, 34.7951011658, 35.2130622864, 35.6310195923, 36.0373687744, 36.4088897705, 36.8036270142, 37.2215881348, 37.6279373169, 38.034286499, 38.4406356812, 38.8005447388, 39.1604537964, 39.520362854, 39.8802719116, 40.216960907, 40.5536499023, 40.8903388977, 41.2270278931, 41.5637168884, 41.9120178223, 42.2487068176, 42.585395813, 42.9336967468, 43.281993866, 43.6302947998, 43.9785919189, 44.3152809143]
},
"tonal": {
    "chords_changes_rate": 0.0586419738829,
    "chords_number_rate": 0.0144032919779,
    "chords_strength": {
        "mean": 0.460435450077,
        "var": 0.013457194902
    },
    "hpcp_entropy": {
        "mean": 1.24311625957,
        "var": 0.528478562832
    },
    "key_strength": 0.594692289829,
    "tuning_diatonic_strength": 0.462454527617,
    "tuning_equal_tempered_deviation": 0.144937649369,
    "tuning_frequency": 437.718536377,
    "tuning_nontempered_energy_ratio": 0.900907278061,
    "hpcp": {
        "mean": [0.108714923263, 0.0596905574203, 0.0197990331799, 0.0178339611739, 0.0287371892482, 0.0957879126072, 0.1817586869, 0.128439158201, 0.0281935334206, 0.00998334493488, 0.00955403316766, 0.0403599068522, 0.177075028419, 0.215971842408, 0.116162993014, 0.137081637979, 0.164055868983, 0.128273963928, 0.0953919440508, 0.0474635623395, 0.0651144757867, 0.130894124508, 0.0960256010294, 0.0247016064823, 0.0116000641137, 0.0115964747965, 0.044697150588, 0.106825046241, 0.0885392799973, 0.0262155402452, 0.0116775278002, 0.0125285265967, 0.0287730228156, 0.0624985583127, 0.0706306025386, 0.0903555750847],
        "var": [0.0850963145494, 0.0298456847668, 0.010541443713, 0.00714607629925, 0.0143429366872, 0.0496849939227, 0.127115488052, 0.0756890252233, 0.00867629237473, 0.00589744374156, 0.00351460161619, 0.014938691631, 0.0936276912689, 0.126015082002, 0.0446416288614, 0.0770371332765, 0.099567502737, 0.067241884768, 0.0755338892341, 0.0195690430701, 0.0309458896518, 0.0954664796591, 0.0602036491036, 0.00752858584747, 0.00547348149121, 0.00472208345309, 0.0190294403583, 0.0689840018749, 0.0499198660254, 0.0108667155728, 0.00628104666248, 0.00737061630934, 0.0144557058811, 0.0429292246699, 0.0463616624475, 0.0487528555095]
    },
    "chords_histogram": [2.98353910446, 4.21810722351, 22.5308647156, 14.8148145676, 2.26337456703, 0, 5.14403295517, 0, 16.563785553, 0.514403283596, 0.925925910473, 0, 0.102880656719, 3.60082316399, 0, 2.67489719391, 4.01234579086, 4.42386817932, 0, 2.05761313438, 0, 0.411522626877, 1.02880656719, 11.728395462],
    "thpcp": [1, 0.537861764431, 0.634719967842, 0.759616911411, 0.593938350677, 0.441686958075, 0.219767361879, 0.301495194435, 0.60607033968, 0.444620937109, 0.11437419802, 0.0537110008299, 0.0536943823099, 0.20695823431, 0.494624882936, 0.409957528114, 0.121384061873, 0.0540696755052, 0.0580100007355, 0.133225813508, 0.289382904768, 0.327036172152, 0.418367385864, 0.503375470638, 0.276381194592, 0.0916741415858, 0.0825754031539, 0.133059889078, 0.443520367146, 0.841585099697, 0.594703257084, 0.130542635918, 0.0462252162397, 0.0442374013364, 0.186875775456, 0.819898664951],
    "chords_key": "A",
    "chords_scale": "major",
    "key_key": "D",
    "key_scale": "major"
}
}