{
"lowlevel": {
    "average_loudness": 0.964313626289,
    "barkbands_crest": {
        "mean": 8.30336380005,
        "var": 7.78909349442
    },
    "barkbands_flatness_db": {
        "mean": 0.124849364161,
        "var": 0.00224852259271
    },
    "barkbands_kurtosis": {
        "mean": 3.68338632584,
        "var": 18.4802818298
    },
    "barkbands_skewness": {
        "mean": 1.63769721985,
        "var": 0.598981678486
    },
    "barkbands_spread": {
        "mean": 18.2649688721,
        "var": 74.9502563477
    },
    "dissonance": {
        "mean": 0.466600358486,
        "var": 0.000391110806959
    },
    "dynamic_complexity": 1.23262608051,
    "erbbands_crest": {
        "mean": 8.65893363953,
        "var": 13.4459342957
    },
    "erbbands_flatness_db": {
        "mean": 0.15390534699,
        "var": 0.00256982329302
    },
    "erbbands_kurtosis": {
        "mean": -0.0851962640882,
        "var": 0.957076013088
    },
    "erbbands_skewness": {
        "mean": 0.575928390026,
        "var": 0.226342171431
    },
    "erbbands_spread": {
        "mean": 36.5129547119,
        "var": 128.976135254
    },
    "hfc": {
        "mean": 22.715297699,
        "var": 184.53302002
    },
    "melbands_crest": {
        "mean": 11.5729064941,
        "var": 14.5693702698
    },
    "melbands_flatness_db": {
        "mean": 0.20088288188,
        "var": 0.00320695107803
    },
    "melbands_kurtosis": {
        "mean": 9.69494342804,
        "var": 82.0680007935
    },
    "melbands_skewness": {
        "mean": 2.36914825439,
        "var": 0.945735931396
    },
    "melbands_spread": {
        "mean": 18.8724861145,
        "var": 114.534606934
    },
    "pitch_salience": {
        "mean": 0.58482003212,
        "var": 0.00660044234246
    },
    "silence_rate_20dB": {
        "mean": 1,
        "var": 0
    },
    "silence_rate_30dB": {
        "mean": 1,
        "var": 0
    },
    "silence_rate_60dB": {
        "mean": 0.00154479919001,
        "var": 0.00154241069686
    },
    "spectral_centroid": {
        "mean": 1149.96691895,
        "var": 226771.046875
    },
    "spectral_complexity": {
        "mean": 23.0159626007,
        "var": 53.7861442566
    },
    "spectral_decrease": {
        "mean": -9.04515928823e-009,
        "var": 2.08284491831e-017
    },
    "spectral_energy": {
        "mean": 0.0361988134682,
        "var": 0.000316571502481
    },
    "spectral_energyband_high": {
        "mean": 0.000784554053098,
        "var": 1.60172521646e-006
    },
    "spectral_energyband_low": {
        "mean": 0.0109900655225,
        "var": 0.000176946850843
    },
    "spectral_energyband_middle_high": {
        "mean": 0.00497097196057,
        "var": 1.17572044473e-005
    },
    "spectral_energyband_middle_low": {
        "mean": 0.0215368550271,
        "var": 0.00015637044271
    },
    "spectral_entropy": {
        "mean": 7.43383741379,
        "var": 0.173502519727
    },
    "spectral_flux": {
        "mean": 0.0932045206428,
        "var": 0.00185266032349
    },
    "spectral_kurtosis": {
        "mean": 6.03569984436,
        "var": 23.3420162201
    },
    "spectral_rms": {
        "mean": 0.00577127700672,
        "var": 2.00827821573e-006
    },
    "spectral_rolloff": {
        "mean": 1072.70617676,
        "var": 666831.4375
    },
    "spectral_skewness": {
        "mean": 1.74132585526,
        "var": 0.228741914034
    },
    "spectral_spread": {
        "mean": 4180983.75,
        "var": 2.22412642714e+012
    },
    "spectral_strongpeak": {
        "mean": 0.912895381451,
        "var": 0.750503182411
    },
    "zerocrossingrate": {
        "mean": 0.049366440624,
        "var": 0.000414172594901
    },
    "barkbands": {
        "mean": [0.000446736637969, 0.00557219889015, 0.00312754628249, 0.00461859349161, 0.00471922848374, 0.00352771114558, 0.00272320862859, 0.00168434088118, 0.00371573143639, 0.00103671604302, 0.000392269867007, 0.000436615839135, 0.000298108352581, 0.000805324933026, 0.00051230849931, 0.000429570849519, 0.000515953812283, 0.00033165916102, 0.000361357524525, 0.000358825665899, 0.000218314409722, 8.92812749953e-005, 0.000141551659908, 5.52646670258e-005, 4.69376900583e-005, 3.02860353258e-005, 3.24350367009e-006],
        "var": [8.9599683406e-007, 4.31056541856e-005, 2.72244251391e-005, 4.87629804411e-005, 2.96446050925e-005, 9.1999045253e-006, 6.88424916007e-006, 2.32597653849e-006, 1.00137276604e-005, 3.76579851036e-006, 2.06817418302e-007, 3.73856124725e-007, 1.69783902493e-007, 1.13988176054e-006, 2.70074707487e-007, 2.00922571025e-007, 4.06727878044e-007, 1.58561292096e-007, 1.57980636573e-007, 4.27301642958e-007, 2.34698447343e-007, 1.62402162829e-008, 4.29628528309e-008, 5.49583489828e-009, 5.039622053e-009, 2.52330845107e-009, 5.84548312532e-011]
    },
    "erbbands": {
        "mean": [0.165145918727, 1.22132742405, 3.37366843224, 9.77013301849, 16.9897441864, 15.491897583, 19.9310073853, 31.6104640961, 25.1669692993, 58.5188941956, 43.3775863647, 88.5207595825, 48.751625061, 20.7424736023, 14.646402359, 19.4773025513, 15.8606452942, 28.2429409027, 36.4953536987, 27.8339328766, 25.1543273926, 27.2782554626, 19.0310993195, 22.0620250702, 14.8687019348, 17.2613105774, 13.8445959091, 4.6421713829, 3.21662116051, 3.63276839256, 3.9986975193, 1.74886715412, 0.722622513771, 0.49244377017, 0.344917029142, 0.160676181316, 0.0486121252179, 0.0102842869237, 0.000350934889866, 5.03444462083e-005],
        "var": [0.0569105856121, 2.05983304977, 22.19165802, 242.933532715, 894.737365723, 198.162124634, 228.658660889, 813.675170898, 538.592102051, 2988.40112305, 1293.29638672, 6344.08740234, 5835.96044922, 752.027099609, 226.20703125, 782.851745605, 299.527374268, 2087.59790039, 1351.18127441, 721.887207031, 704.548706055, 888.70489502, 377.298309326, 538.886169434, 219.48991394, 1073.640625, 959.661621094, 66.1043243408, 24.1807098389, 23.1019115448, 35.5933609009, 5.19271183014, 1.38476741314, 0.633068799973, 0.258576393127, 0.0618536621332, 0.0072730537504, 0.000376974785468, 7.51313791625e-007, 8.66809513056e-010]
    },
    "gfcc": {
        "mean": [31.8965167999, 103.242424011, -117.925239563, 22.3174266815, -57.9287338257, -2.3667485714, -42.8574790955, 13.1970424652, -21.299161911, 4.21604585648, -20.7692470551, -3.51871275902, -16.1434593201],
        "cov": [[3466.82421875, -949.167053223, 472.30065918, 854.534423828, -159.468261719, 788.420166016, 177.423065186, 148.604125977, 80.7826766968, 244.004119873, -69.7291870117, 158.781784058, 0.886590242386], [-949.167053223, 780.294616699, -260.959381104, -330.553161621, 167.186401367, -356.340026855, -27.7797470093, -56.2866592407, -21.3658943176, -148.73588562, 47.9670448303, -124.187774658, 8.34848976135], [472.30065918, -260.959381104, 601.632202148, 265.713287354, 49.0202140808, 341.58883667, 79.3021392822, 77.8045349121, 26.2897148132, 102.96282959, -28.6289691925, 75.4159698486, -29.9144439697], [854.534423828, -330.553161621, 265.713287354, 463.662353516, 2.52020764351, 353.008209229, 129.665435791, 72.7904586792, 66.6715316772, 106.142341614, 4.73593997955, 62.390171051, 13.6342849731], [-159.468261719, 167.186401367, 49.0202140808, 2.52020764351, 142.856506348, 6.47762680054, 47.1527786255, 27.8418483734, 12.9405984879, -4.82222938538, 18.8201141357, -23.0896205902, -3.59198665619], [788.420166016, -356.340026855, 341.58883667, 353.008209229, 6.47762680054, 437.623687744, 133.405151367, 94.0307846069, 83.9341049194, 132.356933594, -3.52395439148, 81.4593734741, -1.26607131958], [177.423065186, -27.7797470093, 79.3021392822, 129.665435791, 47.1527786255, 133.405151367, 125.35319519, 66.1337890625, 49.010559082, 47.169342041, 21.3896064758, 14.3924751282, 12.4538021088], [148.604125977, -56.2866592407, 77.8045349121, 72.7904586792, 27.8418483734, 94.0307846069, 66.1337890625, 91.2355804443, 46.7580337524, 48.723449707, 17.8836784363, 24.4806957245, 6.29280328751], [80.7826766968, -21.3658943176, 26.2897148132, 66.6715316772, 12.9405984879, 83.9341049194, 49.010559082, 46.7580337524, 83.403755188, 51.2388725281, 20.8071937561, 18.9252853394, 10.1229867935], [244.004119873, -148.73588562, 102.96282959, 106.142341614, -4.82222938538, 132.356933594, 47.169342041, 48.723449707, 51.2388725281, 104.592453003, 27.8261833191, 47.2352790833, 7.54953765869], [-69.7291870117, 47.9670448303, -28.6289691925, 4.73593997955, 18.8201141357, -3.52395439148, 21.3896064758, 17.8836784363, 20.8071937561, 27.8261833191, 57.8957252502, 20.9477348328, 12.0117349625], [158.781784058, -124.187774658, 75.4159698486, 62.390171051, -23.0896205902, 81.4593734741, 14.3924751282, 24.4806957245, 18.9252853394, 47.2352790833, 20.9477348328, 71.867401123, 13.8690681458], [0.886590242386, 8.34848976135, -29.9144439697, 13.6342849731, -3.59198665619, -1.26607131958, 12.4538021088, 6.29280328751, 10.1229867935, 7.54953765869, 12.0117349625, 13.8690681458, 39.8205566406]],
        "icov": [[0.000778979971074, -0.000449445127742, 0.000655412790366, -0.00123886414804, 0.00073548569344, -0.00105294934474, 0.000675966439303, -0.00103737658355, 0.00144104927313, -0.0011990146013, 0.00168164237402, -0.00065177003853, 0.000559549429454], [-0.000449445127742, 0.00717219384387, -0.00198051542975, 0.00327056320384, -0.00531935226172, 0.00313770025969, -0.0026057572104, 0.00381317781284, -0.00625945767388, 0.00794244278222, -0.00914513412863, 0.00638069724664, -0.00364730157889], [0.000655412790366, -0.00198051542975, 0.0052177561447, -0.002001557732, -0.000882059917785, -0.00389790371992, 0.00215769931674, -0.00279483874328, 0.00488123018295, -0.00439755152911, 0.00666348123923, -0.00504523329437, 0.00390906957909], [-0.00123886414804, 0.00327056320384, -0.002001557732, 0.00902907457203, -0.0020516125951, -0.0020339700859, -0.00400015106425, 0.00400810921565, -0.0037765102461, 0.0047282599844, -0.00676727155223, 0.00442612171173, -0.00432194257155], [0.00073548569344, -0.00531935226172, -0.000882059917785, -0.0020516125951, 0.0156856253743, -0.00218608253635, -0.00172836682759, -0.00466068182141, 0.00427970476449, -0.00304800714366, 0.000727939361241, 0.00152233114932, 0.00250125234015], [-0.00105294934474, 0.00313770025969, -0.00389790371992, -0.0020339700859, -0.00218608253635, 0.0145848505199, -0.00677963905036, 0.00320813804865, -0.0073723657988, 4.73625696031e-005, 0.000499151123222, -0.00186558242422, 0.00137805158738], [0.000675966439303, -0.0026057572104, 0.00215769931674, -0.00400015106425, -0.00172836682759, -0.00677963905036, 0.0228702351451, -0.0108288004994, 0.00210231472738, -0.00212740851566, -0.000781524460763, 0.0031564948149, -0.0032857444603], [-0.00103737658355, 0.00381317781284, -0.00279483874328, 0.00400810921565, -0.00466068182141, 0.00320813804865, -0.0108288004994, 0.0257050413638, -0.0105561455712, 0.0018147744704, -0.00513190310448, -4.5480504923e-005, -0.00133880251087], [0.00144104927313, -0.00625945767388, 0.00488123018295, -0.0037765102461, 0.00427970476449, -0.0073723657988, 0.00210231472738, -0.0105561455712, 0.0297347307205, -0.014868975617, 0.00770452711731, -0.00354463467374, 0.00157303141896], [-0.0011990146013, 0.00794244278222, -0.00439755152911, 0.0047282599844, -0.00304800714366, 4.73625696031e-005, -0.00212740851566, 0.0018147744704, -0.014868975617, 0.0345899946988, -0.0211606882513, 0.00381399155594, -0.00417912798002], [0.00168164237402, -0.00914513412863, 0.00666348123923, -0.00676727155223, 0.000727939361241, 0.000499151123222, -0.000781524460763, -0.00513190310448, 0.00770452711731, -0.0211606882513, 0.0464663617313, -0.02188568376, 0.00599903939292], [-0.00065177003853, 0.00638069724664, -0.00504523329437, 0.00442612171173, 0.00152233114932, -0.00186558242422, 0.0031564948149, -4.5480504923e-005, -0.00354463467374, 0.00381399155594, -0.02188568376, 0.0372755862772, -0.0137337557971], [0.000559549429454, -0.00364730157889, 0.00390906957909, -0.00432194257155, 0.00250125234015, 0.00137805158738, -0.0032857444603, -0.00133880251087, 0.00157303141896, -0.00417912798002, 0.00599903939292, -0.0137337557971, 0.0351560600102]]
    },
    "melbands": {
        "mean": [0.00152045546565, 0.00175582617521, 0.00205497140996, 0.00108995940536, 0.000761979958043, 0.000701743643731, 0.00041395102744, 0.000581090920605, 0.000429552892456, 0.000516612897627, 0.000228738819715, 8.24911185191e-005, 5.50378936168e-005, 3.87722902815e-005, 5.39969587408e-005, 2.63053989329e-005, 6.10345960013e-005, 6.99672164046e-005, 3.13544769597e-005, 3.5300716263e-005, 2.79377363768e-005, 2.71055560006e-005, 2.53462876572e-005, 1.5557568986e-005, 1.83998181456e-005, 1.20375771075e-005, 1.01477608041e-005, 1.17404224511e-005, 1.00053939605e-005, 5.28813097844e-006, 1.7909142116e-006, 1.79809205747e-006, 1.69288307461e-006, 2.23940037358e-006, 2.45848173108e-006, 1.76070011548e-006, 8.02965928415e-007, 4.92689650855e-007, 4.49639429689e-007, 3.99234664883e-007],
        "var": [3.61546062777e-006, 4.60913861389e-006, 8.95617813512e-006, 1.8645715727e-006, 3.26947628082e-007, 3.80359836072e-007, 1.43672920672e-007, 2.7602285968e-007, 1.44305417393e-007, 1.96903087613e-007, 1.45901054793e-007, 1.54203920744e-008, 3.43098838229e-009, 3.02910829753e-009, 5.38840794206e-009, 8.65751859092e-010, 1.07562740936e-008, 5.66209967801e-009, 1.00463348751e-009, 1.14926201888e-009, 1.14626641512e-009, 1.17886311823e-009, 9.55026169258e-010, 4.8267256858e-010, 4.27525431723e-010, 2.0195778383e-010, 1.83839971024e-010, 7.14455328232e-010, 5.39989108983e-010, 1.64637997679e-010, 6.47578258378e-012, 7.71037313857e-012, 6.56242725092e-012, 9.14712229572e-012, 1.43365944116e-011, 7.18057818067e-012, 1.17299843883e-012, 6.50335417029e-013, 6.78024856312e-013, 4.16386001199e-013]
    },
    "mfcc": {
        "mean": [-613.725769043, 139.030456543, -7.27790164948, 25.3184680939, 0.943593978882, -9.06262207031, -10.853055954, -0.544571399689, -4.20170593262, 9.3213968277, -1.53633368015, -3.16286969185, -4.18628263474],
        "cov": [[3039.82763672, -1298.2677002, 673.098327637, 221.719421387, 75.1075820923, 651.472351074, 217.394744873, 217.977539063, 235.807601929, 252.101623535, 34.7068367004, 250.670730591, 66.801940918], [-1298.2677002, 1061.54528809, -491.289611816, -83.1556243896, -9.26414299011, -378.812927246, -84.1170043945, -104.762413025, -130.444290161, -108.961463928, -21.8622245789, -157.249191284, -48.5074386597], [673.098327637, -491.289611816, 619.127746582, 78.9125137329, 114.163993835, 320.865112305, 129.612747192, 109.793426514, 136.239471436, 60.1069564819, 96.1570129395, 100.099510193, 8.16645431519], [221.719421387, -83.1556243896, 78.9125137329, 137.237136841, 39.0354690552, 74.8570327759, 57.7721405029, 39.3001098633, 35.5179023743, 43.1447257996, 8.06968212128, 30.4837474823, 11.6210365295], [75.1075820923, -9.26414299011, 114.163993835, 39.0354690552, 101.494590759, 79.234085083, 50.5637741089, 35.464805603, 33.4871482849, 24.4740829468, 31.5696792603, 23.0610790253, 8.07751083374], [651.472351074, -378.812927246, 320.865112305, 74.8570327759, 79.234085083, 308.759918213, 104.533409119, 96.5419921875, 103.311080933, 93.6389083862, 47.4296188354, 107.88293457, 33.6987724304], [217.394744873, -84.1170043945, 129.612747192, 57.7721405029, 50.5637741089, 104.533409119, 119.005950928, 57.9774780273, 54.3356895447, 44.003074646, 46.1049003601, 36.2378616333, 3.2402408123], [217.977539063, -104.762413025, 109.793426514, 39.3001098633, 35.464805603, 96.5419921875, 57.9774780273, 95.5811233521, 56.5070037842, 51.9823417664, 27.466709137, 41.4770812988, 11.6823511124], [235.807601929, -130.444290161, 136.239471436, 35.5179023743, 33.4871482849, 103.311080933, 54.3356895447, 56.5070037842, 93.7550048828, 57.9580993652, 39.3236274719, 38.9412918091, 7.38376426697], [252.101623535, -108.961463928, 60.1069564819, 43.1447257996, 24.4740829468, 93.6389083862, 44.003074646, 51.9823417664, 57.9580993652, 117.136222839, 34.927406311, 45.0400619507, 5.76763296127], [34.7068367004, -21.8622245789, 96.1570129395, 8.06968212128, 31.5696792603, 47.4296188354, 46.1049003601, 27.466709137, 39.3236274719, 34.927406311, 99.248626709, 29.5263500214, -7.04113531113], [250.670730591, -157.249191284, 100.099510193, 30.4837474823, 23.0610790253, 107.88293457, 36.2378616333, 41.4770812988, 38.9412918091, 45.0400619507, 29.5263500214, 107.369911194, 47.9526405334], [66.801940918, -48.5074386597, 8.16645431519, 11.6210365295, 8.07751083374, 33.6987724304, 3.2402408123, 11.6823511124, 7.38376426697, 5.76763296127, -7.04113531113, 47.9526405334, 80.0595779419]],
        "icov": [[0.000885817513335, 0.000739457434975, 0.000161572374054, -0.000366924825357, 0.000237366519286, -0.000860857428052, -0.000363860599464, -8.59804349602e-005, -8.63525201567e-005, -0.000431268825196, 0.000487109384267, -9.49728782871e-005, 0.000250118697295], [0.000739457434975, 0.00313222361729, 0.00170042668469, -4.22982520831e-005, -0.00263622356579, 0.00125079508871, -0.000896406651009, -0.000373979157303, 6.90262968419e-005, 0.000347312627127, -0.000888102862518, 0.00101706944406, 0.000225134572247], [0.000161572374054, 0.00170042668469, 0.00587269850075, -0.000310294475639, -0.00284499349073, -0.00359195214696, 7.33885462978e-006, -0.000608873495366, -0.00271907448769, 0.00398424873129, -0.00295301969163, 0.000604387081694, 0.00157100136857], [-0.000366924825357, -4.22982520831e-005, -0.000310294475639, 0.0105958459899, -0.00230931234546, 0.00101515313145, -0.00398394046351, -0.000161700256285, 4.52798212791e-006, -0.00229428848252, 0.00265141646378, -0.00059480156051, -0.000481000286527], [0.000237366519286, -0.00263622356579, -0.00284499349073, -0.00230931234546, 0.0179793443531, -0.0041272090748, -0.0017726875376, -0.000802391266916, 0.000816487707198, -0.00052658241475, -0.00102469720878, 0.00112277257722, -0.00185784336645], [-0.000860857428052, 0.00125079508871, -0.00359195214696, 0.00101515313145, -0.0041272090748, 0.0152299515903, -0.00302733690478, -0.00101758481469, -0.00109564734157, -0.00371476379223, 0.00276349205524, -0.00461136177182, -0.000654254108667], [-0.000363860599464, -0.000896406651009, 7.33885462978e-006, -0.00398394046351, -0.0017726875376, -0.00302733690478, 0.0177888851613, -0.00437397509813, -0.00181912234984, 0.00145693926606, -0.00472973426804, 0.000700090604369, 0.000936942989938], [-8.59804349602e-005, -0.000373979157303, -0.000608873495366, -0.000161700256285, -0.000802391266916, -0.00101758481469, -0.00437397509813, 0.0204564593732, -0.00561825558543, -0.00319721060805, 0.00153272727039, -0.0018352776533, -0.000385425490094], [-8.63525201567e-005, 6.90262968419e-005, -0.00271907448769, 4.52798212791e-006, 0.000816487707198, -0.00109564734157, -0.00181912234984, -0.00561825558543, 0.0249363202602, -0.00653384625912, -0.00282658240758, 0.00164592987858, -0.00140074582305], [-0.000431268825196, 0.000347312627127, 0.00398424873129, -0.00229428848252, -0.00052658241475, -0.00371476379223, 0.00145693926606, -0.00319721060805, -0.00653384625912, 0.017668729648, -0.00410557445139, -0.00209831539541, 0.002746675862], [0.000487109384267, -0.000888102862518, -0.00295301969163, 0.00265141646378, -0.00102469720878, 0.00276349205524, -0.00472973426804, 0.00153272727039, -0.00282658240758, -0.00410557445139, 0.0175867285579, -0.00555812194943, 0.00331205595285], [-9.49728782871e-005, 0.00101706944406, 0.000604387081694, -0.00059480156051, 0.00112277257722, -0.00461136177182, 0.000700090604369, -0.0018352776533, 0.00164592987858, -0.00209831539541, -0.00555812194943, 0.0222262702882, -0.0110147772357], [0.000250118697295, 0.000225134572247, 0.00157100136857, -0.000481000286527, -0.00185784336645, -0.000654254108667, 0.000936942989938, -0.000385425490094, -0.00140074582305, 0.002746675862, 0.00331205595285, -0.0110147772357, 0.0196291673928]]
    },
    "spectral_contrast_coeffs": {
        "mean": [-0.601881980896, -0.714705586433, -0.710886478424, -0.752983689308, -0.75739556551, -0.768239676952],
        "var": [0.0117782428861, 0.00392704177648, 0.00369280157611, 0.0022181798704, 0.00289187277667, 0.00147560855839]
    },
    "spectral_contrast_valleys": {
        "mean": [-7.10953903198, -6.02353334427, -7.20150375366, -7.49974060059, -7.44132184982, -10.1897182465],
        "var": [1.34531605244, 0.439518928528, 0.467329502106, 0.524832248688, 0.77444177866, 1.06302845478]
    }
},
"metadata": {
    "audio_properties": {
        "analysis_sample_rate": 44100,
        "bit_rate": 128074,
        "equal_loudness": 0,
        "length": 45.0612258911,
        "lossless": 0,
        "replay_gain": -4.50921630859,
        "sample_rate": 44100,
        "codec": "mp3",
        "downmix": "mix",
        "md5_encoded": "6848abe5050763cf36439bc59781bb38"
    },
    "tags": {
        "file_name": "1713.mp3"
    },
    "version": {
        "essentia": "2.1-beta2",
        "essentia_git_sha": "v2.1_beta2",
        "extractor": "music 1.0"
    }
},
"rhythm": {
    "beats_count": 89,
    "beats_loudness": {
        "mean": 0.0491561032832,
        "var": 0.000355373689672
    },
    "bpm": 111.994758606,
    "bpm_histogram_first_peak_bpm": {
        "mean": 112,
        "var": 0
    },
    "bpm_histogram_first_peak_spread": {
        "mean": 0.553571403027,
        "var": 0
    },
    "bpm_histogram_first_peak_weight": {
        "mean": 0.284090906382,
        "var": 0
    },
    "bpm_histogram_second_peak_bpm": {
        "mean": 148,
        "var": 0
    },
    "bpm_histogram_second_peak_spread": {
        "mean": 0.550000011921,
        "var": 0
    },
    "bpm_histogram_second_peak_weight": {
        "mean": 0.102272726595,
        "var": 0
    },
    "danceability": 1.11629486084,
    "onset_rate": 3.52694225311,
    "beats_loudness_band_ratio": {
        "mean": [0.523549437523, 0.193487226963, 0.197645634413, 0.0488791316748, 0.0536209717393, 0.0311801545322],
        "var": [0.0685857534409, 0.0105732521042, 0.0245343334973, 0.00185321643949, 0.00160796369892, 0.00137463526335]
    },
    "beats_position": [0.545668900013, 1.10294783115, 1.67183673382, 2.24072551727, 2.7863945961, 3.32045340538, 3.86612248421, 4.40018129349, 4.92263031006, 5.44507932663, 5.9675283432, 6.5015873909, 7.03564596176, 7.56970500946, 8.10376358032, 8.66104316711, 9.21832180023, 9.72916126251, 10.2399997711, 10.7624483109, 11.2848978043, 11.8189563751, 12.3530158997, 12.8870744705, 13.4211339951, 13.9551925659, 14.4776411057, 15.0117006302, 15.545759201, 16.0682086945, 16.602268219, 17.1363258362, 17.6703853607, 18.2160549164, 18.7617225647, 19.2957820892, 19.8414516449, 20.3871192932, 20.9095687866, 21.4436283112, 21.9776859283, 22.5001354218, 23.0225849152, 23.5450344086, 24.0790920258, 24.6015415192, 25.1356010437, 25.6696586609, 26.2037181854, 26.7261676788, 27.2718353271, 27.8175048828, 28.3515644073, 28.897233963, 29.4429016113, 29.9769611359, 30.5226306915, 31.0682983398, 31.6139678955, 32.1596374512, 32.7169151306, 33.2858047485, 33.8546943665, 34.2958717346, 34.7370529175, 35.1782302856, 35.6194114685, 36.0489807129, 36.455329895, 36.8732872009, 37.2796363831, 37.6859855652, 38.1039466858, 38.5219039917, 38.9282531738, 39.3462142944, 39.7525634766, 40.1705207825, 40.5884780884, 41.006439209, 41.4127883911, 41.8191375732, 42.2254867554, 42.6202278137, 43.0033569336, 43.3980941772, 43.7928352356, 44.1875724792, 44.5939216614]
},
"tonal": {
    "chords_changes_rate": 0.0514403283596,
    "chords_number_rate": 0.00617283955216,
    "chords_strength": {
        "mean": 0.454731822014,
        "var": 0.0046816826798
    },
    "hpcp_entropy": {
        "mean": 1.83271467686,
        "var": 0.426939368248
    },
    "key_strength": 0.667913019657,
    "tuning_diatonic_strength": 0.473752140999,
    "tuning_equal_tempered_deviation": 0.046874217689,
    "tuning_frequency": 440.763122559,
    "tuning_nontempered_energy_ratio": 0.630582213402,
    "hpcp": {
        "mean": [0.141809046268, 0.0948510020971, 0.047342877835, 0.0420132353902, 0.0395762845874, 0.192388430238, 0.366278976202, 0.26844805479, 0.188438206911, 0.192478090525, 0.115986451507, 0.104542121291, 0.1516713202, 0.123826496303, 0.093431122601, 0.111784130335, 0.0945176482201, 0.0809911862016, 0.0826848372817, 0.0846707224846, 0.327627837658, 0.561631441116, 0.365294247866, 0.194896176457, 0.189813405275, 0.164157599211, 0.180826693773, 0.17478056252, 0.116596564651, 0.116733066738, 0.132351920009, 0.0869536697865, 0.116196066141, 0.145036518574, 0.111207798123, 0.121468923986],
        "var": [0.0557097494602, 0.0310362931341, 0.0117515157908, 0.0122007802129, 0.00759197864681, 0.0345105528831, 0.124435432255, 0.0534208863974, 0.0615701526403, 0.074110403657, 0.0358872748911, 0.0316638611257, 0.0575971491635, 0.0476635955274, 0.0306911617517, 0.0403221175075, 0.0324790626764, 0.0199253149331, 0.0203956943005, 0.0246268790215, 0.0621478967369, 0.116697110236, 0.0567736141384, 0.0670991614461, 0.0733303874731, 0.0776478722692, 0.0641378238797, 0.055903878063, 0.0263443607837, 0.0386554077268, 0.0504362657666, 0.0186512675136, 0.0208500176668, 0.0356418564916, 0.0300967600197, 0.0413895435631]
    },
    "chords_histogram": [22.4279842377, 0, 0, 0, 0, 0, 0, 0, 0, 0, 0, 0, 0, 0, 0, 30.3497943878, 17.7983531952, 13.5802469254, 0, 13.6831274033, 0, 0.102880656719, 2.05761313438, 0],
    "thpcp": [1, 0.650416314602, 0.347017914057, 0.337967902422, 0.292287051678, 0.321966826916, 0.311201542616, 0.207603350282, 0.207846388221, 0.235656186938, 0.154823362827, 0.206890240312, 0.258241444826, 0.198008492589, 0.216278716922, 0.252494841814, 0.168884783983, 0.0842952802777, 0.0748057067394, 0.070466645062, 0.342552810907, 0.652169644833, 0.477979034185, 0.335519343615, 0.342712461948, 0.206517025828, 0.186140075326, 0.270054906607, 0.220476433635, 0.166356652975, 0.199034675956, 0.168291240931, 0.144207000732, 0.147222593427, 0.150758519769, 0.583350241184],
    "chords_key": "A",
    "chords_scale": "minor",
    "key_key": "E",
    "key_scale": "major"
}
}