{
"lowlevel": {
    "average_loudness": 0.977554738522,
    "barkbands_crest": {
        "mean": 11.1761713028,
        "var": 22.1678333282
    },
    "barkbands_flatness_db": {
        "mean": 0.261003404856,
        "var": 0.00605078367516
    },
    "barkbands_kurtosis": {
        "mean": 22.5540904999,
        "var": 1692.05456543
    },
    "barkbands_skewness": {
        "mean": 2.99100708961,
        "var": 5.06143045425
    },
    "barkbands_spread": {
        "mean": 8.7770614624,
        "var": 88.7633209229
    },
    "dissonance": {
        "mean": 0.406459271908,
        "var": 0.00334326596931
    },
    "dynamic_complexity": 1.56046497822,
    "erbbands_crest": {
        "mean": 10.5007066727,
        "var": 14.6934938431
    },
    "erbbands_flatness_db": {
        "mean": 0.202374175191,
        "var": 0.00419433740899
    },
    "erbbands_kurtosis": {
        "mean": 7.01182174683,
        "var": 36.0865287781
    },
    "erbbands_skewness": {
        "mean": 1.66805529594,
        "var": 1.01047766209
    },
    "erbbands_spread": {
        "mean": 31.0400371552,
        "var": 830.64074707
    },
    "hfc": {
        "mean": 19.6917152405,
        "var": 173.710571289
    },
    "melbands_crest": {
        "mean": 15.1357584,
        "var": 28.9928836823
    },
    "melbands_flatness_db": {
        "mean": 0.370951652527,
        "var": 0.00882930867374
    },
    "melbands_kurtosis": {
        "mean": 34.4416275024,
        "var": 2823.3972168
    },
    "melbands_skewness": {
        "mean": 3.2953081131,
        "var": 5.01329851151
    },
    "melbands_spread": {
        "mean": 6.53469800949,
        "var": 36.1512336731
    },
    "pitch_salience": {
        "mean": 0.560477554798,
        "var": 0.0199670605361
    },
    "silence_rate_20dB": {
        "mean": 0.99794024229,
        "var": 0.00205552950501
    },
    "silence_rate_30dB": {
        "mean": 0.83161687851,
        "var": 0.140029430389
    },
    "silence_rate_60dB": {
        "mean": 0.00154479919001,
        "var": 0.00154241069686
    },
    "spectral_centroid": {
        "mean": 435.857330322,
        "var": 59285.7929688
    },
    "spectral_complexity": {
        "mean": 9.09732246399,
        "var": 10.1311368942
    },
    "spectral_decrease": {
        "mean": -1.87253679229e-008,
        "var": 3.54844389159e-016
    },
    "spectral_energy": {
        "mean": 0.0724600553513,
        "var": 0.00511961849406
    },
    "spectral_energyband_high": {
        "mean": 0.000666304957122,
        "var": 1.22844085126e-006
    },
    "spectral_energyband_low": {
        "mean": 0.0450363755226,
        "var": 0.00513022299856
    },
    "spectral_energyband_middle_high": {
        "mean": 0.00118855759501,
        "var": 1.00003062471e-005
    },
    "spectral_energyband_middle_low": {
        "mean": 0.0282959993929,
        "var": 0.000236024483456
    },
    "spectral_entropy": {
        "mean": 6.48894882202,
        "var": 0.567743659019
    },
    "spectral_flux": {
        "mean": 0.116990081966,
        "var": 0.0106583498418
    },
    "spectral_kurtosis": {
        "mean": 13.8112573624,
        "var": 410.582885742
    },
    "spectral_rms": {
        "mean": 0.00773974461481,
        "var": 1.07890546133e-005
    },
    "spectral_rolloff": {
        "mean": 487.125335693,
        "var": 523232
    },
    "spectral_skewness": {
        "mean": 2.90835237503,
        "var": 2.67672348022
    },
    "spectral_spread": {
        "mean": 5832142,
        "var": 9.47764959642e+012
    },
    "spectral_strongpeak": {
        "mean": 0.752303481102,
        "var": 0.477893859148
    },
    "zerocrossingrate": {
        "mean": 0.0333678126335,
        "var": 0.000814844213892
    },
    "barkbands": {
        "mean": [0.00100230879616, 0.0292557869107, 0.0122075267136, 0.00499837752432, 0.0108834821731, 0.00396807910874, 0.00312695396133, 0.00360728567466, 0.00136635871604, 0.000465659017209, 0.000528222008143, 0.000124610945932, 2.67043778877e-005, 2.57623396465e-005, 3.84639934055e-005, 3.36049961334e-005, 3.34788383043e-005, 5.13296072313e-005, 4.00757162424e-005, 2.51272631431e-005, 5.31651967322e-005, 9.10360176931e-005, 0.000139158539241, 0.000144686855492, 0.000130080748932, 8.59905194375e-005, 6.74876582707e-006],
        "var": [1.32326622406e-005, 0.00433395849541, 0.000167047895957, 4.33073873864e-005, 5.00341739098e-005, 1.30457146952e-005, 9.98426730803e-006, 2.12096583709e-005, 8.41132441565e-006, 4.35105403085e-006, 5.70238216824e-006, 3.03517452949e-007, 5.8060503072e-009, 4.87107154612e-009, 2.29191901013e-008, 1.56760346925e-008, 2.13928270654e-008, 3.65990473483e-008, 9.31010468719e-009, 3.56450202688e-009, 1.21409424736e-008, 8.95465888107e-008, 1.28619518591e-007, 5.39718634229e-008, 3.88481744551e-008, 3.65265186986e-008, 2.99089336631e-010]
    },
    "erbbands": {
        "mean": [0.974196434021, 6.11345767975, 13.0650091171, 17.0650463104, 28.3788433075, 35.77684021, 37.9091491699, 27.2272605896, 40.2886772156, 62.5121383667, 71.0442047119, 36.3967208862, 20.8860435486, 13.0977888107, 18.354429245, 6.26812124252, 1.50954782963, 1.42232084274, 1.98741006851, 1.59657382965, 2.16300725937, 1.69426834583, 2.29394721985, 3.16928243637, 1.27690827847, 1.17499577999, 1.65221428871, 2.52009797096, 3.01447319984, 3.71400713921, 3.92130947113, 3.07594513893, 2.480073452, 1.49569261074, 0.899623453617, 0.413920402527, 0.14983728528, 0.029606629163, 0.000827828596812, 0.00010167426808],
        "var": [5.0945482254, 190.475372314, 282.304016113, 306.4737854, 570.212036133, 610.872619629, 1215.87756348, 986.364379883, 1529.66333008, 5418.26074219, 7679.28222656, 5568.03515625, 7434.06494141, 1521.19165039, 10834.7763672, 645.532531738, 17.8022441864, 10.010386467, 54.250415802, 30.8495426178, 80.0927658081, 42.5765075684, 67.7516403198, 86.5596923828, 8.70727157593, 8.11713886261, 12.67943573, 28.7830924988, 97.0069961548, 193.637680054, 86.1408920288, 30.0907707214, 14.8019542694, 4.77635955811, 2.43660140038, 0.791327774525, 0.113936968148, 0.00484299380332, 3.89240858567e-006, 8.39504021855e-009]
    },
    "gfcc": {
        "mean": [-30.0856666565, 119.058547974, -23.1536331177, 22.8950500488, -83.1464385986, 2.33176326752, -41.4550514221, 17.3618583679, -27.6523952484, -2.76470351219, -14.6852149963, -6.40793085098, -17.0996570587],
        "cov": [[4787.58642578, -2050.95043945, -507.42880249, 390.814727783, -161.508712769, 559.204223633, -287.347229004, 193.272842407, 98.6932525635, 296.97265625, -334.769775391, 407.555603027, -93.0637283325], [-2050.95043945, 2007.84338379, 58.2496414185, -527.470336914, 286.18548584, -259.926269531, 320.296203613, -52.7223968506, 37.7557296753, -161.200912476, 327.459655762, -260.379547119, 141.79586792], [-507.42880249, 58.2496414185, 842.169433594, 135.792938232, -44.5770683289, 18.6208686829, 120.296791077, 76.337562561, 56.9915084839, 73.3325653076, 49.4852676392, 24.5249595642, -15.749920845], [390.814727783, -527.470336914, 135.792938232, 505.53137207, -77.6380004883, 59.7400360107, -37.4155807495, 41.365436554, 51.2899246216, 47.9301071167, -41.2233924866, 84.0925292969, 2.05638360977], [-161.508712769, 286.18548584, -44.5770683289, -77.6380004883, 400.262115479, 10.0697593689, 62.2447319031, 70.7007446289, 39.6165275574, 21.9568481445, 87.4276123047, 11.1375303268, 69.5863418579], [559.204223633, -259.926269531, 18.6208686829, 59.7400360107, 10.0697593689, 274.143951416, 14.4517793655, 37.9811553955, 62.1785926819, 82.6211624146, -0.882203102112, 81.9565734863, 23.7104663849], [-287.347229004, 320.296203613, 120.296791077, -37.4155807495, 62.2447319031, 14.4517793655, 236.537322998, 18.1134033203, 41.8683357239, 20.8191738129, 89.3583068848, 27.9689369202, 31.4997425079], [193.272842407, -52.7223968506, 76.337562561, 41.365436554, 70.7007446289, 37.9811553955, 18.1134033203, 215.002182007, 43.5060005188, 12.2526893616, 41.4219512939, 31.4857234955, 60.5196723938], [98.6932525635, 37.7557296753, 56.9915084839, 51.2899246216, 39.6165275574, 62.1785926819, 41.8683357239, 43.5060005188, 149.212814331, 30.0951633453, -8.66676807404, 27.9195041656, 28.2251262665], [296.97265625, -161.200912476, 73.3325653076, 47.9301071167, 21.9568481445, 82.6211624146, 20.8191738129, 12.2526893616, 30.0951633453, 120.932884216, 1.80767357349, 34.5713615417, -3.08626294136], [-334.769775391, 327.459655762, 49.4852676392, -41.2233924866, 87.4276123047, -0.882203102112, 89.3583068848, 41.4219512939, -8.66676807404, 1.80767357349, 168.199066162, -13.7063961029, 38.6288871765], [407.555603027, -260.379547119, 24.5249595642, 84.0925292969, 11.1375303268, 81.9565734863, 27.9689369202, 31.4857234955, 27.9195041656, 34.5713615417, -13.7063961029, 138.213867188, -0.920668125153], [-93.0637283325, 141.79586792, -15.749920845, 2.05638360977, 69.5863418579, 23.7104663849, 31.4997425079, 60.5196723938, 28.2251262665, -3.08626294136, 38.6288871765, -0.920668125153, 111.780105591]],
        "icov": [[0.000646947359201, 7.41819967516e-005, 0.000538554391824, -4.97343753523e-005, 0.000199000787688, -0.000606324931141, 0.000318002916174, -0.000829407188576, 6.14192322246e-005, -0.00110609747935, 0.000697042618413, -0.00102782261092, 0.000590091629419], [7.41819967516e-005, 0.00361919496208, -0.000441046693595, 0.0021958805155, -0.000808883225545, 0.00149647507351, -0.00253266002983, 0.00216817646287, -0.00298785301857, 0.00299194548279, -0.00426620710641, 0.00395310204476, -0.00256194570102], [0.000538554391824, -0.000441046693595, 0.00206066621467, -0.00071966892574, 0.000617491023149, -0.000474943284644, -0.000181958530447, -0.00165381853003, 0.000187653975445, -0.00217168196104, 0.000918359670322, -0.00109465420246, 0.00154074060265], [-4.97343753523e-005, 0.0021958805155, -0.00071966892574, 0.0039550489746, 7.10894018994e-005, 0.00128333666362, -0.000692572444677, 0.00133372179698, -0.00255154422484, 0.00135670113377, -0.00274453521706, 0.000963616999798, -0.00220637372695], [0.000199000787688, -0.000808883225545, 0.000617491023149, 7.10894018994e-005, 0.00366284884512, 5.57411076443e-005, 0.00074919546023, -0.00127478770446, -0.000157875401783, -0.00209344900213, -0.000209148885915, -0.00192141113803, -0.00049700262025], [-0.000606324931141, 0.00149647507351, -0.000474943284644, 0.00128333666362, 5.57411076443e-005, 0.00704496633261, -0.000699489493854, 0.00172125990503, -0.00293221906759, -0.000900837418158, -0.00317876460031, -3.91573521483e-005, -0.0029437856283], [0.000318002916174, -0.00253266002983, -0.000181958530447, -0.000692572444677, 0.00074919546023, -0.000699489493854, 0.00874915346503, -0.000851069169585, 0.000155688816449, -0.0032351759728, -2.9845532481e-005, -0.0056961774826, 0.000976605922915], [-0.000829407188576, 0.00216817646287, -0.00165381853003, 0.00133372179698, -0.00127478770446, 0.00172125990503, -0.000851069169585, 0.00893487781286, -0.00305846449919, 0.00371304363944, -0.00492682261392, 0.00239656423219, -0.00527051510289], [6.14192322246e-005, -0.00298785301857, 0.000187653975445, -0.00255154422484, -0.000157875401783, -0.00293221906759, 0.000155688816449, -0.00305846449919, 0.0116391526535, -0.00307013164274, 0.00615029735491, -0.00284024048597, 0.00107444089372], [-0.00110609747935, 0.00299194548279, -0.00217168196104, 0.00135670113377, -0.00209344900213, -0.000900837418158, -0.0032351759728, 0.00371304363944, -0.00307013164274, 0.0162764135748, -0.00468364544213, 0.00504238763824, -0.00176679482684], [0.000697042618413, -0.00426620710641, 0.000918359670322, -0.00274453521706, -0.000209148885915, -0.00317876460031, -2.9845532481e-005, -0.00492682261392, 0.00615029735491, -0.00468364544213, 0.0154557796195, -0.00407626247033, 0.00259528495371], [-0.00102782261092, 0.00395310204476, -0.00109465420246, 0.000963616999798, -0.00192141113803, -3.91573521483e-005, -0.0056961774826, 0.00239656423219, -0.00284024048597, 0.00504238763824, -0.00407626247033, 0.0169999655336, -0.00212512281723], [0.000590091629419, -0.00256194570102, 0.00154074060265, -0.00220637372695, -0.00049700262025, -0.0029437856283, 0.000976605922915, -0.00527051510289, 0.00107444089372, -0.00176679482684, 0.00259528495371, -0.00212512281723, 0.0152226975188]]
    },
    "melbands": {
        "mean": [0.00845601316541, 0.00735553679988, 0.00331309903413, 0.00238188519143, 0.00137291976716, 0.000642495055217, 0.0006519551971, 0.000705916958395, 0.000535578234121, 0.000208417011891, 9.51296970015e-005, 4.55033259641e-005, 6.06704306847e-005, 2.8204289265e-005, 5.36403695151e-006, 2.97568044516e-006, 2.50654579759e-006, 3.03252818412e-006, 2.66085794465e-006, 1.91223557522e-006, 2.91368564831e-006, 1.78702168796e-006, 1.98336010726e-006, 2.14752162719e-006, 2.75141155726e-006, 1.04881053176e-006, 6.98239546182e-007, 7.96284325588e-007, 9.37067454743e-007, 1.27396447169e-006, 1.48823949075e-006, 1.57832687364e-006, 2.01491570806e-006, 2.04816569749e-006, 2.10532311939e-006, 2.41305474447e-006, 1.72795421349e-006, 1.81458267434e-006, 1.4934465753e-006, 1.16563114716e-006],
        "var": [0.000374690891476, 0.000124000944197, 8.98057169252e-006, 3.07828486257e-006, 1.21844300338e-006, 4.63674098228e-007, 3.84783305662e-007, 7.39517247439e-007, 4.53435688996e-007, 2.35967661411e-007, 1.79345363449e-007, 2.10110027155e-008, 9.56901615723e-008, 1.60769229041e-008, 3.98420046954e-010, 7.81981493447e-011, 3.97474726743e-011, 1.38034361719e-010, 1.36745906265e-010, 5.46703168847e-011, 1.90892537888e-010, 5.03115743511e-011, 1.0008346929e-010, 4.64214916507e-011, 6.84425571773e-011, 6.68054327135e-012, 3.4046645711e-012, 3.82572055632e-012, 4.0575841298e-012, 8.15902293644e-012, 1.08358617218e-011, 2.37949746712e-011, 5.72349806438e-011, 6.23845350378e-011, 2.84499385855e-011, 3.30474050902e-011, 9.98985529715e-012, 9.18316030857e-012, 4.76508806371e-012, 3.3006275664e-012]
    },
    "mfcc": {
        "mean": [-705.582092285, 157.67074585, 91.4022140503, 25.1896152496, -0.542976558208, -18.0614624023, 0.134183093905, -0.230682298541, -3.10373234749, -3.36519598961, 3.48657512665, 2.28008008003, -9.46839904785],
        "cov": [[4807.32714844, -2263.09521484, -454.147521973, -203.239654541, 120.313583374, 400.195037842, -382.557647705, 232.014648438, 88.4097518921, 207.192962646, -118.295532227, -90.6838760376, 256.228057861], [-2263.09521484, 2260.1394043, -181.885681152, -167.061630249, -27.1426486969, -228.849838257, 359.630859375, -96.4593963623, 8.54882049561, -51.1690864563, 121.663017273, 100.918579102, -128.755020142], [-454.147521973, -181.885681152, 821.572692871, 144.961456299, -92.156288147, 45.8157234192, -7.5833568573, 45.6633911133, 24.936794281, 27.5099239349, 72.7468032837, 46.5266647339, 55.0716133118], [-203.239654541, -167.061630249, 144.961456299, 352.308563232, 17.0158519745, -12.5945463181, 11.7000770569, 26.6974029541, 19.7375850677, -12.1677055359, 35.2860870361, 13.7065963745, 25.9393310547], [120.313583374, -27.1426486969, -92.156288147, 17.0158519745, 304.498931885, -37.1153678894, 46.3877983093, 12.9650068283, 82.2733154297, 19.1472969055, -0.926170527935, 60.7407341003, -9.64756774902], [400.195037842, -228.849838257, 45.8157234192, -12.5945463181, -37.1153678894, 313.962646484, -65.4208221436, 49.2730903625, -20.6493816376, 63.323928833, 42.0713195801, -58.7607192993, 94.1704101563], [-382.557647705, 359.630859375, -7.5833568573, 11.7000770569, 46.3877983093, -65.4208221436, 265.027496338, -17.0904083252, 14.3989639282, -9.28230857849, 39.7291259766, 74.8799667358, -10.8148651123], [232.014648438, -96.4593963623, 45.6633911133, 26.6974029541, 12.9650068283, 49.2730903625, -17.0904083252, 179.942245483, 34.848285675, 33.6849594116, 18.7670059204, 6.47172307968, 59.4307289124], [88.4097518921, 8.54882049561, 24.936794281, 19.7375850677, 82.2733154297, -20.6493816376, 14.3989639282, 34.848285675, 162.228759766, 27.4169368744, 9.94192409515, 24.3739299774, 7.31296157837], [207.192962646, -51.1690864563, 27.5099239349, -12.1677055359, 19.1472969055, 63.323928833, -9.28230857849, 33.6849594116, 27.4169368744, 123.820716858, 24.5276737213, -11.2701444626, 26.8268470764], [-118.295532227, 121.663017273, 72.7468032837, 35.2860870361, -0.926170527935, 42.0713195801, 39.7291259766, 18.7670059204, 9.94192409515, 24.5276737213, 115.716697693, 10.0581111908, 15.6674165726], [-90.6838760376, 100.918579102, 46.5266647339, 13.7065963745, 60.7407341003, -58.7607192993, 74.8799667358, 6.47172307968, 24.3739299774, -11.2701444626, 10.0581111908, 120.828536987, 5.52748727798], [256.228057861, -128.755020142, 55.0716133118, 25.9393310547, -9.64756774902, 94.1704101563, -10.8148651123, 59.4307289124, 7.31296157837, 26.8268470764, 15.6674165726, 5.52748727798, 121.108299255]],
        "icov": [[0.00077712215716, 0.000838773674332, 0.000680453551468, 0.000685384031385, 0.000169694292708, -0.000105948383862, 7.05412239768e-005, -0.000302110449411, -0.000454635941423, -0.000646390661132, -0.000340112135746, -0.000528807402588, -0.000719417002983], [0.000838773674332, 0.0016298199771, 0.000896720041055, 0.00111142592505, 0.00049600424245, 0.000218325527385, -0.000683653110173, -0.000241366069531, -0.000625831307843, -0.000583407876547, -0.00126703304704, -0.000714223540854, -0.00039700223715], [0.000680453551468, 0.000896720041055, 0.00219397619367, 0.000121720811876, 0.000974762369879, -0.000129836116685, 0.000197596673388, -0.000265998998657, -0.000765079224948, -0.00082390406169, -0.00115874281619, -0.00155074521899, -0.000733863678761], [0.000685384031385, 0.00111142592505, 0.000121720811876, 0.00408154074103, -0.00012784593855, 0.000588030728977, -0.000316795514664, -0.00044589873869, -0.000560261018109, 0.000228193690418, -0.00164799124468, -2.34035342146e-005, -0.00127735815477], [0.000169694292708, 0.00049600424245, 0.000974762369879, -0.00012784593855, 0.00476585049182, -0.000133304565679, -0.000413146830397, -7.24851124687e-005, -0.00213146652095, -0.00085704785306, -0.000192065679585, -0.0025141374208, 0.000692556088325], [-0.000105948383862, 0.000218325527385, -0.000129836116685, 0.000588030728977, -0.000133304565679, 0.00573626859114, 0.000373263930669, 0.000104996019218, 0.000899204635061, -0.0013107348932, -0.00217447476462, 0.00238735741004, -0.00369142368436], [7.05412239768e-005, -0.000683653110173, 0.000197596673388, -0.000316795514664, -0.000413146830397, 0.000373263930669, 0.00588649697602, 0.000446040648967, 0.000170895815245, -0.000203315386898, -0.00112897739746, -0.00263025588356, -0.000613621203229], [-0.000302110449411, -0.000241366069531, -0.000265998998657, -0.00044589873869, -7.24851124687e-005, 0.000104996019218, 0.000446040648967, 0.00724289566278, -0.000985029153526, -0.000661857426167, -0.000512129568961, -0.000144787860336, -0.00272386823781], [-0.000454635941423, -0.000625831307843, -0.000765079224948, -0.000560261018109, -0.00213146652095, 0.000899204635061, 0.000170895815245, -0.000985029153526, 0.00815491564572, -0.00105879397597, 8.97742866073e-005, 0.000238828171859, 0.000113672249427], [-0.000646390661132, -0.000583407876547, -0.00082390406169, 0.000228193690418, -0.00085704785306, -0.0013107348932, -0.000203315386898, -0.000661857426167, -0.00105879397597, 0.0106938490644, -0.00127983710263, 0.00156045728363, 0.000120124910609], [-0.000340112135746, -0.00126703304704, -0.00115874281619, -0.00164799124468, -0.000192065679585, -0.00217447476462, -0.00112897739746, -0.000512129568961, 8.97742866073e-005, -0.00127983710263, 0.0122758410871, 7.78434787208e-006, 0.000768068595789], [-0.000528807402588, -0.000714223540854, -0.00155074521899, -2.34035342146e-005, -0.0025141374208, 0.00238735741004, -0.00263025588356, -0.000144787860336, 0.000238828171859, 0.00156045728363, 7.78434787208e-006, 0.0133320093155, -0.0021203616634], [-0.000719417002983, -0.00039700223715, -0.000733863678761, -0.00127735815477, 0.000692556088325, -0.00369142368436, -0.000613621203229, -0.00272386823781, 0.000113672249427, 0.000120124910609, 0.000768068595789, -0.0021203616634, 0.0141356950626]]
    },
    "spectral_contrast_coeffs": {
        "mean": [-0.540524661541, -0.698708832264, -0.748487114906, -0.811002194881, -0.805158615112, -0.808063685894],
        "var": [0.0103292856365, 0.0039409250021, 0.006497153081, 0.00247539859265, 0.00208409479819, 0.00153182272334]
    },
    "spectral_contrast_valleys": {
        "mean": [-6.84084129333, -6.08349561691, -8.13376998901, -9.46981239319, -9.03427028656, -10.314248085],
        "var": [1.12938868999, 0.460112899542, 0.603270828724, 0.979727268219, 1.02753508091, 1.65669560432]
    }
},
"metadata": {
    "audio_properties": {
        "analysis_sample_rate": 44100,
        "bit_rate": 128074,
        "equal_loudness": 0,
        "length": 45.0612258911,
        "lossless": 0,
        "replay_gain": -1.48799514771,
        "sample_rate": 44100,
        "codec": "mp3",
        "downmix": "mix",
        "md5_encoded": "bbb40e9376ee49b6b49834cd8811c054"
    },
    "tags": {
        "file_name": "1714.mp3"
    },
    "version": {
        "essentia": "2.1-beta2",
        "essentia_git_sha": "v2.1_beta2",
        "extractor": "music 1.0"
    }
},
"rhythm": {
    "beats_count": 97,
    "beats_loudness": {
        "mean": 0.170524328947,
        "var": 0.00476840557531
    },
    "bpm": 129.973114014,
    "bpm_histogram_first_peak_bpm": {
        "mean": 129,
        "var": 0
    },
    "bpm_histogram_first_peak_spread": {
        "mean": 0.315789520741,
        "var": 0
    },
    "bpm_histogram_first_peak_weight": {
        "mean": 0.677083313465,
        "var": 0
    },
    "bpm_histogram_second_peak_bpm": {
        "mean": 120,
        "var": 0
    },
    "bpm_histogram_second_peak_spread": {
        "mean": 0,
        "var": 0
    },
    "bpm_histogram_second_peak_weight": {
        "mean": 0.0104166669771,
        "var": 0
    },
    "danceability": 1.73897111416,
    "onset_rate": 4.65822553635,
    "beats_loudness_band_ratio": {
        "mean": [0.850383222103, 0.0919156223536, 0.0675007924438, 0.00761566264555, 0.00142096041236, 0.00527325971052],
        "var": [0.0310945045203, 0.0096441321075, 0.00837060250342, 0.00114773679525, 1.10601959022e-005, 0.000128069368657]
    },
    "beats_position": [0.49922901392, 0.99845802784, 1.47446703911, 1.92725622654, 2.40326523781, 2.86766433716, 3.32045340538, 3.78485250473, 4.2492518425, 4.71365070343, 5.17804956436, 5.64244890213, 6.10684776306, 6.57124710083, 7.02403593063, 7.47682523727, 7.94122457504, 8.40562343597, 8.87002277374, 9.33442115784, 9.78721046448, 10.2399997711, 10.7043991089, 11.1687984467, 11.6331968307, 12.0975961685, 12.5619955063, 13.0263938904, 13.4907932281, 13.9551925659, 14.4195919037, 14.8723802567, 15.3251695633, 15.7895689011, 16.2539672852, 16.7183666229, 17.1827659607, 17.6471652985, 18.0999546051, 18.5527439117, 19.0171432495, 19.4815406799, 19.9459400177, 20.4103393555, 20.8747386932, 21.3275279999, 21.7803173065, 22.2447166443, 22.7091159821, 23.1735134125, 23.6379127502, 24.102312088, 24.5667114258, 25.0311107635, 25.4955101013, 25.948299408, 26.4010887146, 26.865486145, 27.3298854828, 27.7942848206, 28.2586841583, 28.7230834961, 29.1874828339, 29.6402721405, 30.0930614471, 30.5574588776, 31.0218582153, 31.4862575531, 31.9506568909, 32.4150543213, 32.8794555664, 33.3438529968, 33.7966423035, 34.2494316101, 34.7138328552, 35.1666221619, 35.6426315308, 36.1070289612, 36.5598182678, 37.0126075745, 37.4770050049, 37.94140625, 38.4058036804, 38.8702049255, 39.334602356, 39.7989997864, 40.2634010315, 40.7161903381, 41.1689796448, 41.6333770752, 42.0977783203, 42.5621757507, 43.0149650574, 43.467754364, 43.9437637329, 44.3965530396, 44.86095047]
},
"tonal": {
    "chords_changes_rate": 0.0442386828363,
    "chords_number_rate": 0.00617283955216,
    "chords_strength": {
        "mean": 0.425661027431,
        "var": 0.00730914901942
    },
    "hpcp_entropy": {
        "mean": 1.59735572338,
        "var": 0.310780316591
    },
    "key_strength": 0.617911934853,
    "tuning_diatonic_strength": 0.469638347626,
    "tuning_equal_tempered_deviation": 0.00984256993979,
    "tuning_frequency": 441.017791748,
    "tuning_nontempered_energy_ratio": 0.604700982571,
    "hpcp": {
        "mean": [0.234653741121, 0.142606526613, 0.167139813304, 0.306914031506, 0.209437176585, 0.0463037639856, 0.0262508690357, 0.0411557890475, 0.266395688057, 0.440100580454, 0.22157305479, 0.0336277335882, 0.0253990981728, 0.0308737531304, 0.104390911758, 0.175465926528, 0.109566681087, 0.0679740682244, 0.0956037640572, 0.0526124760509, 0.0119658997282, 0.0149627365172, 0.0296981427819, 0.110359922051, 0.156951189041, 0.0760165676475, 0.0128313982859, 0.00946587137878, 0.0199878029525, 0.184855923057, 0.324941426516, 0.172705620527, 0.0342763662338, 0.0501614883542, 0.0885101333261, 0.183410108089],
        "var": [0.130548730493, 0.0546181201935, 0.0383735634387, 0.0955780744553, 0.0562737472355, 0.0194360855967, 0.0154474005103, 0.0174263287336, 0.0695957317948, 0.162988454103, 0.0476254224777, 0.0151404347271, 0.0130021646619, 0.0116210719571, 0.0269253905863, 0.0696539580822, 0.0362783372402, 0.0154481194913, 0.0275550149381, 0.0113303884864, 0.00597480777651, 0.00767130823806, 0.00990536995232, 0.0350280962884, 0.0671895593405, 0.0205610133708, 0.00440426031128, 0.00470995204523, 0.00616380106658, 0.042745936662, 0.114652775228, 0.0390069782734, 0.0113841993734, 0.0207431409508, 0.0472551286221, 0.0866772010922]
    },
    "chords_histogram": [43.6213989258, 0, 2.36625504494, 0, 0, 0, 0, 0, 0, 0, 0, 0, 0, 0, 0, 0, 0, 0, 0.308641970158, 41.0493812561, 0, 6.06995868683, 4.11522626877, 2.46913576126],
    "thpcp": [1, 0.503460049629, 0.0764091983438, 0.0577120296657, 0.0701515823603, 0.237197846174, 0.39869505167, 0.248958274722, 0.154451206326, 0.217231631279, 0.119546480477, 0.0271890107542, 0.0339984484017, 0.0674803555012, 0.250760674477, 0.35662573576, 0.172725439072, 0.0291556045413, 0.0215084273368, 0.04541644454, 0.420031070709, 0.738334476948, 0.392423063517, 0.077883027494, 0.113977327943, 0.201113417745, 0.416745901108, 0.53318208456, 0.324031680822, 0.379776388407, 0.697372496128, 0.475884795189, 0.105211779475, 0.0596474297345, 0.0935145094991, 0.605306386948],
    "chords_key": "F",
    "chords_scale": "major",
    "key_key": "F",
    "key_scale": "major"
}
}