{
"lowlevel": {
    "average_loudness": 0.968922615051,
    "barkbands_crest": {
        "mean": 11.9909334183,
        "var": 19.1830825806
    },
    "barkbands_flatness_db": {
        "mean": 0.223213687539,
        "var": 0.00734913023189
    },
    "barkbands_kurtosis": {
        "mean": 16.4682102203,
        "var": 437.674102783
    },
    "barkbands_skewness": {
        "mean": 2.89098095894,
        "var": 3.29721474648
    },
    "barkbands_spread": {
        "mean": 15.124253273,
        "var": 323.446777344
    },
    "dissonance": {
        "mean": 0.410990178585,
        "var": 0.00539803737774
    },
    "dynamic_complexity": 2.65708947182,
    "erbbands_crest": {
        "mean": 9.05143642426,
        "var": 16.7696590424
    },
    "erbbands_flatness_db": {
        "mean": 0.151642516255,
        "var": 0.00507902354002
    },
    "erbbands_kurtosis": {
        "mean": 2.60824537277,
        "var": 22.4057445526
    },
    "erbbands_skewness": {
        "mean": 0.840290427208,
        "var": 0.984869003296
    },
    "erbbands_spread": {
        "mean": 47.5108528137,
        "var": 1206.36328125
    },
    "hfc": {
        "mean": 21.7610359192,
        "var": 891.325500488
    },
    "melbands_crest": {
        "mean": 16.9953231812,
        "var": 21.2844333649
    },
    "melbands_flatness_db": {
        "mean": 0.318969130516,
        "var": 0.0111975641921
    },
    "melbands_kurtosis": {
        "mean": 42.1305580139,
        "var": 2437.69946289
    },
    "melbands_skewness": {
        "mean": 4.2659034729,
        "var": 6.75444555283
    },
    "melbands_spread": {
        "mean": 9.53521347046,
        "var": 104.722328186
    },
    "pitch_salience": {
        "mean": 0.49882081151,
        "var": 0.0149771664292
    },
    "silence_rate_20dB": {
        "mean": 1,
        "var": 0
    },
    "silence_rate_30dB": {
        "mean": 0.853244066238,
        "var": 0.125216260552
    },
    "silence_rate_60dB": {
        "mean": 0.00154479919001,
        "var": 0.00154241069686
    },
    "spectral_centroid": {
        "mean": 712.760375977,
        "var": 308038.125
    },
    "spectral_complexity": {
        "mean": 11.9186401367,
        "var": 61.0069198608
    },
    "spectral_decrease": {
        "mean": -1.38494868906e-008,
        "var": 1.58614225033e-016
    },
    "spectral_energy": {
        "mean": 0.0542449727654,
        "var": 0.00239274976775
    },
    "spectral_energyband_high": {
        "mean": 0.00126095232554,
        "var": 7.7316090028e-006
    },
    "spectral_energyband_low": {
        "mean": 0.0370358079672,
        "var": 0.00164140982088
    },
    "spectral_energyband_middle_high": {
        "mean": 0.00267994776368,
        "var": 1.79705457413e-005
    },
    "spectral_energyband_middle_low": {
        "mean": 0.0144069204107,
        "var": 0.000282766792225
    },
    "spectral_entropy": {
        "mean": 7.12258291245,
        "var": 0.752324283123
    },
    "spectral_flux": {
        "mean": 0.116626411676,
        "var": 0.00762997055426
    },
    "spectral_kurtosis": {
        "mean": 8.91271686554,
        "var": 205.556930542
    },
    "spectral_rms": {
        "mean": 0.00669242162257,
        "var": 8.13334281702e-006
    },
    "spectral_rolloff": {
        "mean": 829.714904785,
        "var": 3082820.75
    },
    "spectral_skewness": {
        "mean": 2.20352435112,
        "var": 2.01272583008
    },
    "spectral_spread": {
        "mean": 6256662.5,
        "var": 1.03512413307e+013
    },
    "spectral_strongpeak": {
        "mean": 0.505105435848,
        "var": 0.188160374761
    },
    "zerocrossingrate": {
        "mean": 0.0415074266493,
        "var": 0.00144603324588
    },
    "barkbands": {
        "mean": [0.00121342553757, 0.0234826244414, 0.0112992124632, 0.00288335327059, 0.00486896233633, 0.00174978224095, 0.00216207653284, 0.000985103426501, 0.00160434411373, 0.00132608611602, 0.000308880844386, 0.000247773452429, 0.000157842107001, 0.000201789633138, 0.000110800785478, 9.69262619037e-005, 5.80020241614e-005, 8.00868801889e-005, 0.000100289580587, 0.000109564367449, 0.000169771024957, 0.000216293017729, 0.000177043315489, 0.000197439265321, 0.000253285717918, 0.000184186705155, 6.52879776908e-008],
        "var": [3.82519056075e-006, 0.000717525952496, 0.000287981907604, 1.83582669706e-005, 3.72944377887e-005, 6.97889436196e-006, 4.20868636866e-005, 2.16108492168e-006, 6.45902628094e-006, 8.20397053758e-006, 3.57638242576e-007, 2.14957168509e-007, 3.60031549462e-007, 6.91339153036e-007, 8.51425099313e-008, 3.94301409301e-008, 1.11541362813e-008, 2.06503987243e-008, 7.03118914203e-008, 7.52595639142e-008, 1.84452332519e-007, 4.7448247642e-007, 1.93969839302e-007, 1.9470918744e-007, 3.10629417299e-007, 1.51412407945e-007, 6.42338490882e-014]
    },
    "erbbands": {
        "mean": [0.482480019331, 5.79051685333, 15.2405490875, 9.71495246887, 18.4607448578, 11.0934619904, 9.2514295578, 18.16198349, 32.8554725647, 22.6048316956, 24.1830825806, 26.659280777, 49.2259063721, 23.0928649902, 14.3340501785, 8.4372177124, 6.99477672577, 11.2177448273, 5.75201463699, 6.28393936157, 5.03247356415, 3.43967938423, 3.65920352936, 5.4184513092, 5.15338420868, 5.01092767715, 7.23746681213, 5.96692371368, 7.12775278091, 7.12905216217, 5.1382226944, 4.80641698837, 2.82668924332, 2.80558109283, 1.79246342182, 0.890283644199, 0.330379664898, 0.0364293791354, 0.000690242275596, 9.08078363864e-005],
        "var": [0.309160709381, 48.7813262939, 372.38760376, 262.954498291, 486.29989624, 350.266571045, 203.130889893, 845.323120117, 5467.91357422, 5552.48339844, 1002.89807129, 1584.6505127, 6231.17871094, 1993.4395752, 751.76940918, 226.415405273, 356.387481689, 3145.13110352, 145.766387939, 238.367233276, 87.5787811279, 38.8472747803, 48.1491546631, 104.700767517, 190.749435425, 147.829086304, 457.143707275, 159.328811646, 474.895233154, 486.922973633, 148.380279541, 129.664306641, 36.2228164673, 36.2792892456, 17.5800952911, 3.46047902107, 0.559674024582, 0.00573353236541, 1.89935644812e-006, 9.23705822942e-009]
    },
    "gfcc": {
        "mean": [-17.6803855896, 108.285263062, -48.9484863281, 30.9616031647, -63.9149894714, 24.2843589783, -27.7791996002, 15.9443340302, -19.7233943939, 4.95513010025, -20.203956604, 0.764588236809, -11.3470649719],
        "cov": [[7628.71728516, -2674.91040039, -1650.91418457, 629.846740723, -214.950881958, 423.384155273, -57.1343345642, 247.089797974, -560.20904541, 209.862304688, -276.983154297, 216.997344971, -167.668151855], [-2674.91040039, 2371.97509766, -9.5382232666, -454.73928833, 306.854003906, -345.837127686, 229.646011353, -198.530578613, 373.599395752, -259.078125, 183.2162323, -234.617004395, 173.20262146], [-1650.91418457, -9.5382232666, 1411.35620117, -238.43977356, -124.612136841, 79.4985809326, -172.741271973, 23.5685462952, 18.9380340576, 42.4345664978, -57.3050041199, 49.7284317017, -72.5242004395], [629.846740723, -454.73928833, -238.43977356, 653.752685547, 181.509658813, 4.58108329773, -14.1504554749, -33.0568237305, -24.0045261383, 60.7012519836, 54.283870697, 15.8977451324, 22.4595603943], [-214.950881958, 306.854003906, -124.612136841, 181.509658813, 397.099456787, -28.3988227844, 10.7650785446, -91.3518218994, 59.0210723877, -11.0473794937, 79.5400161743, -15.4879369736, 21.5289001465], [423.384155273, -345.837127686, 79.4985809326, 4.58108329773, -28.3988227844, 229.048599243, -0.361887156963, 43.2325668335, -75.9488372803, 13.5781269073, -43.669883728, 24.8318786621, -15.0503673553], [-57.1343345642, 229.646011353, -172.741271973, -14.1504554749, 10.7650785446, -0.361887156963, 167.181610107, 20.8761997223, 33.413520813, -72.7355117798, 9.37912273407, -27.2446079254, 45.3071670532], [247.089797974, -198.530578613, 23.5685462952, -33.0568237305, -91.3518218994, 43.2325668335, 20.8761997223, 105.631607056, -19.8506793976, -5.68513584137, -50.1650657654, 18.372877121, -6.86826848984], [-560.20904541, 373.599395752, 18.9380340576, -24.0045261383, 59.0210723877, -75.9488372803, 33.413520813, -19.8506793976, 129.943572998, -19.4062595367, 42.521522522, -51.3999862671, 26.5422763824], [209.862304688, -259.078125, 42.4345664978, 60.7012519836, -11.0473794937, 13.5781269073, -72.7355117798, -5.68513584137, -19.4062595367, 104.288284302, 10.7916202545, 24.2374324799, -40.3549995422], [-276.983154297, 183.2162323, -57.3050041199, 54.283870697, 79.5400161743, -43.669883728, 9.37912273407, -50.1650657654, 42.521522522, 10.7916202545, 85.52293396, -5.23984479904, 15.6490983963], [216.997344971, -234.617004395, 49.7284317017, 15.8977451324, -15.4879369736, 24.8318786621, -27.2446079254, 18.372877121, -51.3999862671, 24.2374324799, -5.23984479904, 77.0071792603, -10.7000923157], [-167.668151855, 173.20262146, -72.5242004395, 22.4595603943, 21.5289001465, -15.0503673553, 45.3071670532, -6.86826848984, 26.5422763824, -40.3549995422, 15.6490983963, -10.7000923157, 67.7569122314]],
        "icov": [[0.000498310255352, -1.4885775272e-005, 0.000726888538338, -0.000320979277603, 9.99201220111e-005, -0.000496975029819, 0.000165555495187, -0.000269752170425, 0.000590638024732, -0.00045943306759, 0.00135893409606, -0.000788579578511, 0.000931999413297], [-1.4885775272e-005, 0.00468515371904, -0.000882120919414, 0.0036625538487, -0.00259516760707, 0.00332738179713, -0.00200317520648, 0.00284424144775, -0.00258305319585, 0.00435643875971, -0.00489674741402, 0.00700533436611, -0.00513625796884], [0.000726888538338, -0.000882120919414, 0.00227919616736, -0.000959479308221, 0.000947763619479, -0.00204208237119, 0.00183073442895, -0.000496633001603, -0.00035612040665, -0.000773691863287, 0.00344738620333, -0.00372648099437, 0.00307601108216], [-0.000320979277603, 0.0036625538487, -0.000959479308221, 0.00526316091418, -0.00321578443982, 0.003077524947, -0.00168027426116, 0.00159971299581, -0.000987239414826, 0.00165504845791, -0.00534898368642, 0.00656267208979, -0.006292918697], [9.99201220111e-005, -0.00259516760707, 0.000947763619479, -0.00321578443982, 0.0057801567018, -0.00307642878033, 0.00159731053282, 0.0015290294541, -0.00130731065292, -0.000280562962871, 0.00183453038335, -0.00581124098971, 0.004532111343], [-0.000496975029819, 0.00332738179713, -0.00204208237119, 0.003077524947, -0.00307642878033, 0.00938579905778, -0.00323505536653, -9.9891636637e-005, 0.00260808737949, 0.00137996813282, -0.00405268045142, 0.00768338562921, -0.0057762907818], [0.000165555495187, -0.00200317520648, 0.00183073442895, -0.00168027426116, 0.00159731053282, -0.00323505536653, 0.0127181401476, -0.00456975307316, -0.000966300431173, 0.00496339937672, -0.000562035478652, -0.0025693019852, 0.000911898212507], [-0.000269752170425, 0.00284424144775, -0.000496633001603, 0.00159971299581, 0.0015290294541, -9.9891636637e-005, -0.00456975307316, 0.0203459318727, -0.00778840528801, 0.00292331539094, 0.00625715963542, -0.00261022849008, -0.00145519804209], [0.000590638024732, -0.00258305319585, -0.00035612040665, -0.000987239414826, -0.00130731065292, 0.00260808737949, -0.000966300431173, -0.00778840528801, 0.0223493389785, -0.00635951757431, -0.00361796864308, 0.00775997480378, -0.00161956564989], [-0.00045943306759, 0.00435643875971, -0.000773691863287, 0.00165504845791, -0.000280562962871, 0.00137996813282, 0.00496339937672, 0.00292331539094, -0.00635951757431, 0.0248722732067, -0.0107756974176, 0.00303125008941, 0.00399559363723], [0.00135893409606, -0.00489674741402, 0.00344738620333, -0.00534898368642, 0.00183453038335, -0.00405268045142, -0.000562035478652, 0.00625715963542, -0.00361796864308, -0.0107756974176, 0.0333987623453, -0.0158513803035, 0.00565239181742], [-0.000788579578511, 0.00700533436611, -0.00372648099437, 0.00656267208979, -0.00581124098971, 0.00768338562921, -0.0025693019852, -0.00261022849008, 0.00775997480378, 0.00303125008941, -0.0158513803035, 0.0350019298494, -0.0130620896816], [0.000931999413297, -0.00513625796884, 0.00307601108216, -0.006292918697, 0.004532111343, -0.0057762907818, 0.000911898212507, -0.00145519804209, -0.00161956564989, 0.00399559363723, 0.00565239181742, -0.0130620896816, 0.0317383594811]]
    },
    "melbands": {
        "mean": [0.00540975434706, 0.00826621614397, 0.00206288299523, 0.00116101419553, 0.000324319960782, 0.000405643339036, 0.000489076366648, 0.000240128079895, 0.000202116993023, 0.000189469399629, 0.000262100598775, 0.00011353645823, 4.14036985603e-005, 3.15957477142e-005, 1.89769943972e-005, 1.89364291145e-005, 2.01636539714e-005, 9.15290820558e-006, 9.62225294643e-006, 7.21508149581e-006, 5.42534189663e-006, 3.54826784132e-006, 2.61464970208e-006, 4.27794020652e-006, 4.34228468293e-006, 3.97086614612e-006, 3.39545886163e-006, 3.31214778271e-006, 4.37285189037e-006, 4.19405432694e-006, 3.20636922879e-006, 3.87037653127e-006, 4.6436653065e-006, 3.54488292942e-006, 3.03571664517e-006, 2.76993523585e-006, 2.92286517833e-006, 1.80750294021e-006, 2.18597847379e-006, 2.39725909523e-006],
        "var": [3.68502405763e-005, 9.64377904893e-005, 8.2700044004e-006, 2.21931395572e-006, 3.05975504489e-007, 3.6374868273e-007, 1.53680127823e-006, 4.84682971091e-007, 7.72905295321e-008, 9.74952101274e-008, 1.83128634035e-007, 5.60750770262e-008, 6.18132833807e-009, 3.48012485496e-009, 1.64290647753e-009, 8.68245209062e-009, 9.12917119678e-009, 3.69037772563e-010, 6.68848976204e-010, 2.74907707709e-010, 1.0061575878e-010, 4.11808573353e-011, 3.28098243019e-011, 7.618839587e-011, 6.77885386713e-011, 1.57556093172e-010, 7.38627214947e-011, 7.4529341032e-011, 1.54363841154e-010, 1.41769054829e-010, 4.32955442331e-011, 1.53312224027e-010, 2.25863217018e-010, 1.1434397873e-010, 5.2564286257e-011, 4.85542508977e-011, 4.50952400421e-011, 1.65640990507e-011, 2.08878869062e-011, 2.84371935722e-011]
    },
    "mfcc": {
        "mean": [-682.070068359, 143.603118896, 61.761844635, 21.6633472443, 2.98426556587, 9.44978141785, 4.91273736954, 9.66432094574, 8.82377529144, 6.73363542557, 2.12343811989, -1.5547221899, -1.01517367363],
        "cov": [[8532.42480469, -3028.70239258, -1671.50341797, 85.1789855957, -344.64263916, 186.292144775, 320.320678711, 89.0527191162, 24.9157867432, -86.2621231079, -81.4437789917, -8.82006549835, 48.7186927795], [-3028.70239258, 2402.61108398, 78.2577972412, -160.893676758, 32.157245636, -123.566627502, -135.288223267, 19.3713150024, 32.8406066895, 74.8533630371, 38.835723877, -43.5479545593, -86.0369033813], [-1671.50341797, 78.2577972412, 1125.17041016, -195.642776489, 51.1219558716, -61.543888092, -80.7946243286, -17.785779953, -3.71601676941, 20.1463890076, 18.51222229, -32.4529762268, -18.78241539], [85.1789855957, -160.893676758, -195.642776489, 472.448852539, 146.593551636, 79.0205917358, -2.91442751884, -40.8633880615, -22.5177211761, -20.6772708893, 12.7860603333, 61.0718154907, 44.201171875], [-344.64263916, 32.157245636, 51.1219558716, 146.593551636, 295.625244141, 105.079528809, -4.05971908569, -41.6984939575, -42.8514480591, -6.1320734024, 28.2037258148, 30.8401355743, 17.7852878571], [186.292144775, -123.566627502, -61.543888092, 79.0205917358, 105.079528809, 148.408187866, 59.4915275574, -4.23789072037, -22.3574066162, -7.42031764984, 12.8088798523, 15.8552341461, 1.68411147594], [320.320678711, -135.288223267, -80.7946243286, -2.91442751884, -4.05971908569, 59.4915275574, 105.99029541, 54.6906471252, 14.891040802, -15.2496509552, -18.5663986206, -3.26647019386, -0.442924320698], [89.0527191162, 19.3713150024, -17.785779953, -40.8633880615, -41.6984939575, -4.23789072037, 54.6906471252, 119.012931824, 59.4371032715, -1.27731764317, -28.0312900543, -24.4458560944, -11.1217708588], [24.9157867432, 32.8406066895, -3.71601676941, -22.5177211761, -42.8514480591, -22.3574066162, 14.891040802, 59.4371032715, 84.084526062, 30.0120353699, -18.5364074707, -20.7617874146, -14.1098442078], [-86.2621231079, 74.8533630371, 20.1463890076, -20.6772708893, -6.1320734024, -7.42031764984, -15.2496509552, -1.27731764317, 30.0120353699, 67.4587631226, 23.6855049133, -4.76502895355, -20.8661327362], [-81.4437789917, 38.835723877, 18.51222229, 12.7860603333, 28.2037258148, 12.8088798523, -18.5663986206, -28.0312900543, -18.5364074707, 23.6855049133, 71.9652023315, 24.4814071655, -14.2498884201], [-8.82006549835, -43.5479545593, -32.4529762268, 61.0718154907, 30.8401355743, 15.8552341461, -3.26647019386, -24.4458560944, -20.7617874146, -4.76502895355, 24.4814071655, 56.6781463623, 23.2581157684], [48.7186927795, -86.0369033813, -18.78241539, 44.201171875, 17.7852878571, 1.68411147594, -0.442924320698, -11.1217708588, -14.1098442078, -20.8661327362, -14.2498884201, 23.2581157684, 55.9768600464]],
        "icov": [[0.000495778920595, 0.000631964358035, 0.00074982654769, 0.00029868009733, 0.000225530471653, -0.000155320973136, 1.04479877336e-005, -0.000111340457806, -3.43868159689e-005, 1.68096667039e-005, -0.000331040355377, 0.000626215885859, 0.000119702111988], [0.000631964358035, 0.00132595596369, 0.00104210479185, 0.000547818781342, -6.03787448199e-005, 0.000127922277898, 0.000749507569708, -0.000638995727059, 0.000138643532409, -0.000256112718489, -0.000389421591535, 0.000744980061427, 0.000830189848784], [0.00074982654769, 0.00104210479185, 0.00223498349078, 0.00102869747207, -0.000285554182483, 4.61029267171e-005, 0.000892198760994, -0.000380623125238, -0.000123013844131, 9.48821034399e-005, -0.000781055889092, 0.0013575127814, 0.000149018989759], [0.00029868009733, 0.000547818781342, 0.00102869747207, 0.00351797090843, -0.00117414246779, -0.00106110353954, 0.00136194261722, 0.000359405035852, -0.00159464229364, 0.00100750580896, 5.3968939028e-005, -0.00183613761328, -0.000613271316979], [0.000225530471653, -6.03787448199e-005, -0.000285554182483, -0.00117414246779, 0.00623338669538, -0.00469722505659, 0.00162994791754, -0.000116390947369, 0.00108835822903, -0.000144572448335, -0.000728038779926, 0.000336756173056, -0.00141198735218], [-0.000155320973136, 0.000127922277898, 4.61029267171e-005, -0.00106110353954, -0.00469722505659, 0.0153362769634, -0.00989307649434, 0.00182090769522, 0.00259606493637, -0.00167266000062, -0.00121730263345, 0.000180431437911, 0.00214570015669], [1.04479877336e-005, 0.000749507569708, 0.000892198760994, 0.00136194261722, 0.00162994791754, -0.00989307649434, 0.0222858656198, -0.00953153986484, 0.000468132464448, 0.00223261350766, 0.00283855199814, -0.00269316812046, 0.00122100696899], [-0.000111340457806, -0.000638995727059, -0.000380623125238, 0.000359405035852, -0.000116390947369, 0.00182090769522, -0.00953153986484, 0.0200717002153, -0.0132248112932, 0.00554865039885, -0.00068296387326, 0.00239877658896, 0.000162249270943], [-3.43868159689e-005, 0.000138643532409, -0.000123013844131, -0.00159464229364, 0.00108835822903, 0.00259606493637, 0.000468132464448, -0.0132248112932, 0.0293995868415, -0.0154312280938, 0.00711203180254, 0.000459698436316, 0.00169107329566], [1.68096667039e-005, -0.000256112718489, 9.48821034399e-005, 0.00100750580896, -0.000144572448335, -0.00167266000062, 0.00223261350766, 0.00554865039885, -0.0154312280938, 0.0271928329021, -0.00967263802886, 0.00130599096883, 0.00328619941138], [-0.000331040355377, -0.000389421591535, -0.000781055889092, 5.3968939028e-005, -0.000728038779926, -0.00121730263345, 0.00283855199814, -0.00068296387326, 0.00711203180254, -0.00967263802886, 0.0269004814327, -0.0144122252241, 0.0105628781021], [0.000626215885859, 0.000744980061427, 0.0013575127814, -0.00183613761328, 0.000336756173056, 0.000180431437911, -0.00269316812046, 0.00239877658896, 0.000459698436316, 0.00130599096883, -0.0144122252241, 0.0341260805726, -0.0143971443176], [0.000119702111988, 0.000830189848784, 0.000149018989759, -0.000613271316979, -0.00141198735218, 0.00214570015669, 0.00122100696899, 0.000162249270943, 0.00169107329566, 0.00328619941138, 0.0105628781021, -0.0143971443176, 0.0303187277168]]
    },
    "spectral_contrast_coeffs": {
        "mean": [-0.644985258579, -0.712737321854, -0.746892273426, -0.820929467678, -0.827404618263, -0.797330737114],
        "var": [0.00413282448426, 0.00582815939561, 0.00671590166166, 0.00260836770758, 0.00197588442825, 0.00221956358291]
    },
    "spectral_contrast_valleys": {
        "mean": [-6.51327466965, -6.72852230072, -7.6920838356, -8.49946308136, -8.49617958069, -10.1227722168],
        "var": [0.604100942612, 0.678981304169, 1.04208564758, 1.25468075275, 1.63270401955, 1.79330945015]
    }
},
"metadata": {
    "audio_properties": {
        "analysis_sample_rate": 44100,
        "bit_rate": 128074,
        "equal_loudness": 0,
        "length": 45.0612258911,
        "lossless": 0,
        "replay_gain": -5.52338218689,
        "sample_rate": 44100,
        "codec": "mp3",
        "downmix": "mix",
        "md5_encoded": "291b1abc87a3de71066c7417b189f173"
    },
    "tags": {
        "file_name": "1715.mp3"
    },
    "version": {
        "essentia": "2.1-beta2",
        "essentia_git_sha": "v2.1_beta2",
        "extractor": "music 1.0"
    }
},
"rhythm": {
    "beats_count": 90,
    "beats_loudness": {
        "mean": 0.125370934606,
        "var": 0.00130865338724
    },
    "bpm": 120.039932251,
    "bpm_histogram_first_peak_bpm": {
        "mean": 120,
        "var": 0
    },
    "bpm_histogram_first_peak_spread": {
        "mean": 0.294117629528,
        "var": 0
    },
    "bpm_histogram_first_peak_weight": {
        "mean": 0.674157321453,
        "var": 0
    },
    "bpm_histogram_second_peak_bpm": {
        "mean": 126,
        "var": 0
    },
    "bpm_histogram_second_peak_spread": {
        "mean": 0,
        "var": 0
    },
    "bpm_histogram_second_peak_weight": {
        "mean": 0.0112359551713,
        "var": 0
    },
    "danceability": 1.56808936596,
    "onset_rate": 5.30150461197,
    "beats_loudness_band_ratio": {
        "mean": [0.855224072933, 0.0634407922626, 0.0555421896279, 0.0289592184126, 0.0100189829245, 0.0187840145081],
        "var": [0.00891122873873, 0.00266507244669, 0.00279092625715, 0.00120495574083, 8.43269517645e-005, 0.000434808054706]
    },
    "beats_position": [0.452789098024, 0.882358253002, 1.3235373497, 1.77632653713, 2.2523355484, 2.73995471001, 3.25079369545, 3.73841261864, 4.2492518425, 4.74848079681, 5.24770975113, 5.74693870544, 6.24616765976, 6.74539661407, 7.24462556839, 7.74385452271, 8.24308395386, 8.74231243134, 9.24154186249, 9.75238037109, 10.2399997711, 10.7508392334, 11.2500677109, 11.749297142, 12.2485256195, 12.7477550507, 13.235373497, 13.7346029282, 14.2338323593, 14.7446708679, 15.2439002991, 15.7431287766, 16.242357254, 16.7415866852, 17.2408161163, 17.7400455475, 18.2392749786, 18.7385025024, 19.2377319336, 19.7369613647, 20.247800827, 20.7470283508, 21.246257782, 21.7454872131, 22.2447166443, 22.7439460754, 23.2431735992, 23.7424030304, 24.2416324615, 24.7408618927, 25.2400894165, 25.7509288788, 26.2385482788, 26.7493877411, 27.2486171722, 27.747844696, 28.2470741272, 28.7463035583, 29.2455329895, 29.7447605133, 30.2323799133, 30.7432193756, 31.2424488068, 31.7416782379, 32.2409057617, 32.7401351929, 33.239364624, 33.7385940552, 34.2494316101, 34.7486610413, 35.2478904724, 35.7355079651, 36.2463493347, 36.7455787659, 37.244808197, 37.7440338135, 38.2432632446, 38.7541046143, 39.2533340454, 39.7525634766, 40.2401809692, 40.7510185242, 41.2386398315, 41.7494773865, 42.2370948792, 42.7479362488, 43.2471656799, 43.7463951111, 44.2456245422, 44.7448501587]
},
"tonal": {
    "chords_changes_rate": 0.0442386828363,
    "chords_number_rate": 0.00514403311536,
    "chords_strength": {
        "mean": 0.556901395321,
        "var": 0.00716610625386
    },
    "hpcp_entropy": {
        "mean": 1.84434556961,
        "var": 0.614202320576
    },
    "key_strength": 0.445497334003,
    "tuning_diatonic_strength": 0.577045559883,
    "tuning_equal_tempered_deviation": 0.192132771015,
    "tuning_frequency": 434.193115234,
    "tuning_nontempered_energy_ratio": 0.921451866627,
    "hpcp": {
        "mean": [0.0952770337462, 0.054493829608, 0.0477344766259, 0.0610872134566, 0.0519482083619, 0.0328370966017, 0.023717245087, 0.0200818106532, 0.0205141156912, 0.0274168401957, 0.0277098082006, 0.0301729105413, 0.0636223703623, 0.0666054859757, 0.0302954912186, 0.0194005016237, 0.0262419506907, 0.0518710762262, 0.107860401273, 0.126084282994, 0.0865997523069, 0.065891072154, 0.0878068730235, 0.155387878418, 0.196110993624, 0.13952074945, 0.125144630671, 0.280269086361, 0.311965227127, 0.152534797788, 0.0758744180202, 0.0811247602105, 0.138298347592, 0.30904135108, 0.346488386393, 0.189388886094],
        "var": [0.047260966152, 0.0262616835535, 0.0206095706671, 0.0320930667222, 0.0253068152815, 0.0148121006787, 0.00923496112227, 0.00901820324361, 0.00676163379103, 0.00742951827124, 0.00669805286452, 0.00515874521807, 0.00880387052894, 0.00806720275432, 0.00342557951808, 0.00587703753263, 0.00848313048482, 0.0177035536617, 0.0425787828863, 0.0529346652329, 0.0461124479771, 0.034098315984, 0.0572784654796, 0.0710101872683, 0.0846222862601, 0.0598257929087, 0.0546328164637, 0.128000661731, 0.160385832191, 0.0612612627447, 0.0373538322747, 0.0361144170165, 0.0547125600278, 0.132706061006, 0.156974315643, 0.0664521753788]
    },
    "chords_histogram": [5.86419773102, 0, 47.3251037598, 0, 0, 0, 0, 0, 0, 0, 0, 0, 0, 0, 0, 13.271604538, 0, 0.823045253754, 0, 0.823045253754, 0.411522626877, 2.46913576126, 29.0123462677, 0],
    "thpcp": [1, 0.546595215797, 0.274979025126, 0.157274618745, 0.137766450644, 0.17630378902, 0.149927705526, 0.0947711318731, 0.0684503316879, 0.0579581074417, 0.0592057816684, 0.0791277289391, 0.0799732655287, 0.087082028389, 0.183620497584, 0.192230060697, 0.0874358043075, 0.0559917800128, 0.0757368803024, 0.149705097079, 0.311295866966, 0.363891810179, 0.249935507774, 0.190168201923, 0.253419369459, 0.448464900255, 0.565995872021, 0.402670770884, 0.361179858446, 0.808884501457, 0.900362730026, 0.440230607986, 0.218981131911, 0.23413413763, 0.399142801762, 0.891924142838],
    "chords_key": "G#",
    "chords_scale": "major",
    "key_key": "C#",
    "key_scale": "major"
}
}