{
"lowlevel": {
    "average_loudness": 0.972253441811,
    "barkbands_crest": {
        "mean": 11.7364187241,
        "var": 20.0786705017
    },
    "barkbands_flatness_db": {
        "mean": 0.213381007314,
        "var": 0.00616147415712
    },
    "barkbands_kurtosis": {
        "mean": 7.83826208115,
        "var": 178.133361816
    },
    "barkbands_skewness": {
        "mean": 1.96596634388,
        "var": 2.24318957329
    },
    "barkbands_spread": {
        "mean": 13.5280418396,
        "var": 114.733047485
    },
    "dissonance": {
        "mean": 0.39941868186,
        "var": 0.00383053068072
    },
    "dynamic_complexity": 3.10365414619,
    "erbbands_crest": {
        "mean": 10.8970060349,
        "var": 23.8741855621
    },
    "erbbands_flatness_db": {
        "mean": 0.19271466136,
        "var": 0.00751011027023
    },
    "erbbands_kurtosis": {
        "mean": 1.74093174934,
        "var": 7.59055376053
    },
    "erbbands_skewness": {
        "mean": 0.76162147522,
        "var": 0.466396331787
    },
    "erbbands_spread": {
        "mean": 31.8939704895,
        "var": 634.776184082
    },
    "hfc": {
        "mean": 18.1068534851,
        "var": 588.898132324
    },
    "melbands_crest": {
        "mean": 16.6839160919,
        "var": 35.9775428772
    },
    "melbands_flatness_db": {
        "mean": 0.300125569105,
        "var": 0.00953235197812
    },
    "melbands_kurtosis": {
        "mean": 18.5630645752,
        "var": 1080.39587402
    },
    "melbands_skewness": {
        "mean": 2.70459866524,
        "var": 4.79111385345
    },
    "melbands_spread": {
        "mean": 12.3777894974,
        "var": 66.6473464966
    },
    "pitch_salience": {
        "mean": 0.493712127209,
        "var": 0.0146992728114
    },
    "silence_rate_20dB": {
        "mean": 0.999485075474,
        "var": 0.000514662824571
    },
    "silence_rate_30dB": {
        "mean": 0.956745624542,
        "var": 0.0413831025362
    },
    "silence_rate_60dB": {
        "mean": 0.0185375902802,
        "var": 0.018193660304
    },
    "spectral_centroid": {
        "mean": 731.143371582,
        "var": 154511.75
    },
    "spectral_complexity": {
        "mean": 13.1869211197,
        "var": 62.6576538086
    },
    "spectral_decrease": {
        "mean": -1.013642148e-008,
        "var": 1.04006910896e-016
    },
    "spectral_energy": {
        "mean": 0.0398995652795,
        "var": 0.00157838547602
    },
    "spectral_energyband_high": {
        "mean": 0.000827297510114,
        "var": 3.99316240873e-006
    },
    "spectral_energyband_low": {
        "mean": 0.0217325426638,
        "var": 0.000953764247242
    },
    "spectral_energyband_middle_high": {
        "mean": 0.00314922095276,
        "var": 1.44659043144e-005
    },
    "spectral_energyband_middle_low": {
        "mean": 0.0146506819874,
        "var": 0.00022872252157
    },
    "spectral_entropy": {
        "mean": 6.91756057739,
        "var": 0.671243011951
    },
    "spectral_flux": {
        "mean": 0.0889644622803,
        "var": 0.00559605285525
    },
    "spectral_kurtosis": {
        "mean": 17.6116695404,
        "var": 630.981567383
    },
    "spectral_rms": {
        "mean": 0.00568784261122,
        "var": 6.57482723909e-006
    },
    "spectral_rolloff": {
        "mean": 737.318603516,
        "var": 1115418
    },
    "spectral_skewness": {
        "mean": 2.74618196487,
        "var": 2.68580031395
    },
    "spectral_spread": {
        "mean": 4816351,
        "var": 8.88078231142e+012
    },
    "spectral_strongpeak": {
        "mean": 0.692817747593,
        "var": 0.544969916344
    },
    "zerocrossingrate": {
        "mean": 0.0374558493495,
        "var": 0.000702954945154
    },
    "barkbands": {
        "mean": [0.00264051300474, 0.0133694903925, 0.0054735513404, 0.00240235961974, 0.00245652650483, 0.00412561558187, 0.00186404911801, 0.00177380850073, 0.00155380752403, 0.00120643619448, 0.000312388583552, 0.000925845699385, 0.00026885906118, 0.000197389745153, 0.00013799755834, 7.08735751687e-005, 6.1563361669e-005, 9.71347908489e-005, 6.91410095897e-005, 0.000115645103506, 0.000120551725558, 9.47484149947e-005, 0.000115903152619, 0.000164926721482, 0.000169851875398, 0.000110582375783, 2.32270185307e-008],
        "var": [2.96656016872e-005, 0.000518858258147, 0.000143992176163, 1.6913674699e-005, 3.73904695152e-005, 3.66954045603e-005, 1.03331112769e-005, 4.69736232844e-006, 8.29457621876e-006, 4.71573457617e-006, 2.75836583796e-007, 3.2976267903e-006, 3.01224389432e-007, 7.1171356808e-008, 2.9470394125e-008, 2.03634478169e-008, 1.53853374485e-008, 4.79341508708e-008, 2.70130477986e-008, 7.26620967839e-008, 6.99204960597e-008, 5.36021680375e-008, 8.67701714924e-008, 1.63526564734e-007, 2.36795287378e-007, 1.47833418396e-007, 8.22019979619e-015]
    },
    "erbbands": {
        "mean": [0.522390544415, 2.5188703537, 5.38086271286, 8.96729373932, 5.64138793945, 9.03136348724, 15.531411171, 37.5488815308, 41.8728599548, 15.5149116516, 48.3215866089, 33.5108413696, 41.2290992737, 33.5264511108, 21.1472949982, 35.2112922668, 13.5847244263, 13.1129865646, 6.59523248672, 5.39827156067, 4.15208387375, 3.29043674469, 4.80175924301, 4.37548398972, 4.37221193314, 4.80416488647, 4.49729347229, 4.91552782059, 3.51745438576, 3.11592650414, 3.43808436394, 3.05600810051, 2.92213582993, 2.03938293457, 1.13561069965, 0.559458374977, 0.176600426435, 0.0218611750752, 0.000414042413468, 6.31215516478e-005],
        "var": [0.516301453114, 26.8482494354, 141.442001343, 210.655792236, 171.369049072, 577.643066406, 1186.88024902, 3003.67016602, 3729.51123047, 393.656707764, 3444.5859375, 3671.01611328, 3994.90209961, 4283.68847656, 1110.0057373, 5275.58691406, 698.445007324, 289.78527832, 54.7637252808, 63.1216697693, 73.4820556641, 51.690990448, 124.987510681, 96.9362869263, 96.0569076538, 125.85823822, 102.566635132, 129.492141724, 82.4382171631, 48.5511779785, 73.1853790283, 49.0364608765, 59.8258628845, 31.695186615, 11.9772958755, 3.48986268044, 0.38862156868, 0.00736584560946, 2.21481673179e-006, 7.27836324543e-009]
    },
    "gfcc": {
        "mean": [-37.7355079651, 133.988449097, -89.350189209, 6.43119525909, -55.2506141663, 19.7405052185, -28.0717945099, 12.1972312927, -18.0279388428, 7.19149303436, -8.31982135773, -0.246077865362, -8.31440925598],
        "cov": [[9042.8359375, -4632.61621094, 1067.93933105, 1398.14770508, -1406.54724121, 1136.68664551, -584.229431152, 630.674682617, -597.821044922, 350.523284912, -569.785827637, 541.696960449, -390.794189453], [-4632.61621094, 4200.125, -1145.62060547, -1252.14868164, 1248.76269531, -871.928405762, 631.459960938, -486.481140137, 541.909240723, -243.783126831, 596.129577637, -408.327453613, 337.376525879], [1067.93933105, -1145.62060547, 820.764526367, 426.0050354, -265.670288086, 404.318206787, -158.789825439, 223.874130249, -104.467430115, 72.5926361084, -190.459274292, 103.985977173, -108.075775146], [1398.14770508, -1252.14868164, 426.0050354, 956.555053711, -284.892547607, 211.333557129, -69.1107254028, 199.577529907, -150.612869263, 34.5481987, -181.847869873, 56.6516304016, -36.194442749], [-1406.54724121, 1248.76269531, -265.670288086, -284.892547607, 686.475891113, -276.369110107, 192.114089966, -73.1061172485, 231.526382446, -24.6351127625, 236.750366211, -72.6145935059, 107.45652771], [1136.68664551, -871.928405762, 404.318206787, 211.333557129, -276.369110107, 446.498840332, -78.1799850464, 147.038787842, -53.4528274536, 98.7298583984, -81.0227203369, 130.537872314, -77.6489181519], [-584.229431152, 631.459960938, -158.789825439, -69.1107254028, 192.114089966, -78.1799850464, 265.862915039, -21.0549736023, 108.476371765, -13.0835618973, 101.797424316, -62.5119094849, 76.6462783813], [630.674682617, -486.481140137, 223.874130249, 199.577529907, -73.1061172485, 147.038787842, -21.0549736023, 184.292694092, -1.80150866508, 61.2082519531, -48.5476379395, 62.5927276611, -27.3250484467], [-597.821044922, 541.909240723, -104.467430115, -150.612869263, 231.526382446, -53.4528274536, 108.476371765, -1.80150866508, 219.503158569, 53.6150054932, 140.695098877, 5.21557712555, 46.714050293], [350.523284912, -243.783126831, 72.5926361084, 34.5481987, -24.6351127625, 98.7298583984, -13.0835618973, 61.2082519531, 53.6150054932, 134.421768188, 51.6179466248, 86.3053359985, -14.4757013321], [-569.785827637, 596.129577637, -190.459274292, -181.847869873, 236.750366211, -81.0227203369, 101.797424316, -48.5476379395, 140.695098877, 51.6179466248, 206.955886841, 14.1625156403, 66.5572967529], [541.696960449, -408.327453613, 103.985977173, 56.6516304016, -72.6145935059, 130.537872314, -62.5119094849, 62.5927276611, 5.21557712555, 86.3053359985, 14.1625156403, 140.227310181, -15.7302217484], [-390.794189453, 337.376525879, -108.075775146, -36.194442749, 107.45652771, -77.6489181519, 76.6462783813, -27.3250484467, 46.714050293, -14.4757013321, 66.5572967529, -15.7302217484, 99.1143798828]],
        "icov": [[0.00031107783434, 5.41042645636e-005, 0.00031511799898, -0.000175209439476, 5.28170094185e-005, -0.000349664478563, 2.81092088699e-005, -0.000453971209936, 0.000468115438707, -0.000280749954982, 0.000176279165316, -0.000457545131212, 0.000391280191252], [5.41042645636e-005, 0.00507718930021, -0.0005578668206, 0.00272993184626, -0.00180027307943, 0.00136230757926, -0.00327316508628, 0.00296591361985, -0.00405013607815, 0.00531779322773, -0.00578422565013, 0.00605241255835, -0.00278210476972], [0.00031511799898, -0.0005578668206, 0.00389868766069, -0.00107321725227, -0.00079966353951, -0.00316715333611, 0.00162735919002, -0.00216138060205, 0.000859595078509, -0.00151989294682, 0.00305333663709, -0.000390810339013, 0.000792546547018], [-0.000175209439476, 0.00272993184626, -0.00107321725227, 0.00336509128101, -0.000766770157497, 0.00130619702395, -0.00221456843428, 0.000674624636304, -0.00163102382794, 0.00256575457752, -0.00266089686193, 0.00361209176481, -0.0026679392904], [5.28170094185e-005, -0.00180027307943, -0.00079966353951, -0.000766770157497, 0.00484598428011, 0.00166557100601, 0.00047901427024, -0.0020796621684, -0.000501346192323, 0.000405040133046, -0.00173806631938, -0.00234275381081, 0.00138225289993], [-0.000349664478563, 0.00136230757926, -0.00316715333611, 0.00130619702395, 0.00166557100601, 0.00767433643341, -0.00283519201912, 0.000408635911299, -0.00176532671321, 0.00190231087618, -0.00350494869053, -0.00125251803547, 0.000784021511208], [2.81092088699e-005, -0.00327316508628, 0.00162735919002, -0.00221456843428, 0.00047901427024, -0.00283519201912, 0.00945120304823, -0.00322116725147, 0.000976184790488, -0.00349553814158, 0.00264070881531, 0.000275785569102, -0.0014192298986], [-0.000453971209936, 0.00296591361985, -0.00216138060205, 0.000674624636304, -0.0020796621684, 0.000408635911299, -0.00322116725147, 0.0138141727075, -0.00469981273636, 0.000471018225653, -0.000139073410537, 0.00229278439656, -0.00238067726605], [0.000468115438707, -0.00405013607815, 0.000859595078509, -0.00163102382794, -0.000501346192323, -0.00176532671321, 0.000976184790488, -0.00469981273636, 0.0150616578758, -0.00852257292718, 0.00198731012642, -0.00488413311541, 0.00263048661873], [-0.000280749954982, 0.00531779322773, -0.00151989294682, 0.00256575457752, 0.000405040133046, 0.00190231087618, -0.00349553814158, 0.000471018225653, -0.00852257292718, 0.0251190327108, -0.0138633102179, -0.00031144922832, 0.00090110040037], [0.000176279165316, -0.00578422565013, 0.00305333663709, -0.00266089686193, -0.00173806631938, -0.00350494869053, 0.00264070881531, -0.000139073410537, 0.00198731012642, -0.0138633102179, 0.0249228253961, -0.00932440068573, -0.00137763924431], [-0.000457545131212, 0.00605241255835, -0.000390810339013, 0.00361209176481, -0.00234275381081, -0.00125251803547, 0.000275785569102, 0.00229278439656, -0.00488413311541, -0.00031144922832, -0.00932440068573, 0.0249286200851, -0.00706111965701], [0.000391280191252, -0.00278210476972, 0.000792546547018, -0.0026679392904, 0.00138225289993, 0.000784021511208, -0.0014192298986, -0.00238067726605, 0.00263048661873, 0.00090110040037, -0.00137763924431, -0.00706111965701, 0.0192451644689]]
    },
    "melbands": {
        "mean": [0.00421531172469, 0.00300485943444, 0.00143021740951, 0.000486952339998, 0.000510829791892, 0.000844700902235, 0.000606555491686, 0.000176150206244, 0.000386210362194, 0.000209426900255, 0.000204402720556, 0.000136121059768, 5.29930221091e-005, 0.000115223563625, 4.7650461056e-005, 2.58002237388e-005, 2.34451235883e-005, 8.93331525731e-006, 1.03225356725e-005, 5.17746229889e-006, 4.82521545564e-006, 3.31804585585e-006, 3.67118445865e-006, 4.88031719215e-006, 3.44228874383e-006, 2.57655574387e-006, 4.11481687479e-006, 2.94496953757e-006, 2.70016084869e-006, 3.16516661769e-006, 2.65228527496e-006, 2.02039495889e-006, 1.73762953182e-006, 1.73674709458e-006, 1.94428139366e-006, 2.09511244975e-006, 1.77626066034e-006, 2.03978811442e-006, 2.02672435989e-006, 1.60650233738e-006],
        "var": [4.14420792367e-005, 3.56465207005e-005, 5.58948931939e-006, 1.93000300897e-006, 1.30301987156e-006, 1.51972380991e-006, 7.87284534454e-007, 4.11945713097e-008, 2.08197718621e-007, 1.46354665276e-007, 9.4963233721e-008, 8.09853304418e-008, 6.0036406957e-009, 5.41156666145e-008, 8.51680770353e-009, 1.74408643083e-009, 1.01375052797e-009, 1.22936466562e-010, 2.05855735236e-010, 8.05287087013e-011, 1.08799386167e-010, 5.48672773881e-011, 8.03943717154e-011, 1.15168402592e-010, 6.32802837908e-011, 3.81332673771e-011, 9.82600251165e-011, 4.91670072711e-011, 4.37539310338e-011, 4.72164564391e-011, 4.03272762406e-011, 3.78977751958e-011, 1.33133851166e-011, 1.91202973593e-011, 2.7735667929e-011, 2.32813074375e-011, 1.71413022665e-011, 2.93121568684e-011, 2.99180298591e-011, 2.05648015977e-011]
    },
    "mfcc": {
        "mean": [-690.129211426, 167.912109375, 24.862279892, 1.71462488174, 2.47650003433, 3.84218287468, 5.12507486343, 3.84059453011, 1.12765371799, 6.94137144089, 4.44915056229, 3.14144802094, 1.52635800838],
        "cov": [[7698.66015625, -3902.29418945, 1103.2800293, 352.747253418, -309.054748535, 197.891189575, 117.072471619, 168.382492065, 135.187484741, -152.554077148, -134.87512207, 109.950881958, -63.6243896484], [-3902.29418945, 3641.15112305, -1243.80688477, -512.754821777, 178.317108154, -158.942474365, -15.3213815689, -96.7446212769, -132.820404053, 137.491851807, 160.478088379, 24.6845264435, 132.83694458], [1103.2800293, -1243.80688477, 862.037597656, 134.629760742, -20.5594329834, 129.81817627, 56.49269104, 96.6387481689, 101.959442139, -10.4947605133, -37.7758598328, -11.1702537537, -66.3445892334], [352.747253418, -512.754821777, 134.629760742, 551.624084473, 72.3311691284, 4.84337329865, 65.5871658325, 39.0782089233, 68.823059082, 29.7330684662, -19.8207263947, -34.5975532532, -21.6786212921], [-309.054748535, 178.317108154, -20.5594329834, 72.3311691284, 323.43057251, 7.95874977112, -6.62443256378, 36.272983551, 15.6483316422, 45.2966804504, 46.1317329407, 46.1271476746, 68.9346008301], [197.891189575, -158.942474365, 129.81817627, 4.84337329865, 7.95874977112, 145.71963501, 38.7794036865, 39.0939559937, 25.7534389496, 4.24860525131, 24.4623355865, 34.0968933105, 21.9551334381], [117.072471619, -15.3213815689, 56.49269104, 65.5871658325, -6.62443256378, 38.7794036865, 143.396148682, 41.8135299683, 18.8051052094, 26.7624435425, 13.3463554382, -8.78495407104, -8.90792179108], [168.382492065, -96.7446212769, 96.6387481689, 39.0782089233, 36.272983551, 39.0939559937, 41.8135299683, 98.9492645264, 55.2412185669, 26.3758926392, 25.2454509735, 19.0469894409, 12.3355131149], [135.187484741, -132.820404053, 101.959442139, 68.823059082, 15.6483316422, 25.7534389496, 18.8051052094, 55.2412185669, 96.8713684082, 36.7237281799, 13.4695653915, 14.013625145, 10.4925117493], [-152.554077148, 137.491851807, -10.4947605133, 29.7330684662, 45.2966804504, 4.24860525131, 26.7624435425, 26.3758926392, 36.7237281799, 84.0446395874, 58.0183296204, 21.8070983887, 26.7461738586], [-134.87512207, 160.478088379, -37.7758598328, -19.8207263947, 46.1317329407, 24.4623355865, 13.3463554382, 25.2454509735, 13.4695653915, 58.0183296204, 99.3973236084, 61.4381103516, 54.1542053223], [109.950881958, 24.6845264435, -11.1702537537, -34.5975532532, 46.1271476746, 34.0968933105, -8.78495407104, 19.0469894409, 14.013625145, 21.8070983887, 61.4381103516, 100.234352112, 72.8465805054], [-63.6243896484, 132.83694458, -66.3445892334, -21.6786212921, 68.9346008301, 21.9551334381, -8.90792179108, 12.3355131149, 10.4925117493, 26.7461738586, 54.1542053223, 72.8465805054, 99.2990036011]],
        "icov": [[0.000356358592398, 0.000471643579658, 0.000255775725236, 0.000166137717315, 0.000143243640196, 7.51150364522e-005, -0.000392867543269, -0.000365239422536, 0.000107664847746, -0.000157616348588, 0.000432611472206, -0.000761995383073, 5.27854608663e-005], [0.000471643579658, 0.00141716771759, 0.00137167505454, 0.000899896374904, -0.000261123583186, 4.96838038089e-005, -0.000916498654988, -0.000385820487281, 6.209944695e-005, -0.00113401515409, 0.000129185893456, -0.000135570138809, -1.68057158589e-005], [0.000255775725236, 0.00137167505454, 0.00333357881755, 0.000817800988443, -0.00057982315775, -0.00140569766518, -0.000721260323189, -0.000899213599041, -0.0012645625975, -0.00105257821269, 0.000484689197037, -0.000430163781857, 0.00196342892013], [0.000166137717315, 0.000899896374904, 0.000817800988443, 0.00296644191258, -0.0010189373279, 0.000279550324194, -0.00151746801566, 0.000429857027484, -0.00165356334765, -0.000994066474959, 0.000261892360868, 0.00115205917973, 7.1481968007e-006], [0.000143243640196, -0.000261123583186, -0.00057982315775, -0.0010189373279, 0.00450214697048, 0.000234736362472, 0.0010494372109, -0.00212085735984, 0.00186440057587, -0.00163568649441, 0.00112367805559, -0.000683599326294, -0.00285623967648], [7.51150364522e-005, 4.96838038089e-005, -0.00140569766518, 0.000279550324194, 0.000234736362472, 0.0100795766339, -0.00250444258563, -0.0011219328735, -0.00079632474808, 0.0031109766569, -0.00214979797602, -0.00171003350988, -0.00170022970997], [-0.000392867543269, -0.000916498654988, -0.000721260323189, -0.00151746801566, 0.0010494372109, -0.00250444258563, 0.0104023972526, -0.00379767315462, 0.00263913022354, -0.00321774464101, 0.000109614622488, 0.00197893171571, 0.000467579520773], [-0.000365239422536, -0.000385820487281, -0.000899213599041, 0.000429857027484, -0.00212085735984, -0.0011219328735, -0.00379767315462, 0.0195121709257, -0.00985690020025, 0.00310641434044, -0.00482335500419, 0.000816624320578, 0.000967180472799], [0.000107664847746, 6.209944695e-005, -0.0012645625975, -0.00165356334765, 0.00186440057587, -0.00079632474808, 0.00263913022354, -0.00985690020025, 0.0216879229993, -0.0112806279212, 0.00722058257088, -0.00294543802738, -0.00190726015717], [-0.000157616348588, -0.00113401515409, -0.00105257821269, -0.000994066474959, -0.00163568649441, 0.0031109766569, -0.00321774464101, 0.00310641434044, -0.0112806279212, 0.0315947309136, -0.0195851698518, 0.00617417087778, -0.000897542689927], [0.000432611472206, 0.000129185893456, 0.000484689197037, 0.000261892360868, 0.00112367805559, -0.00214979797602, 0.000109614622488, -0.00482335500419, 0.00722058257088, -0.0195851698518, 0.0322101972997, -0.0145657947287, -0.0015787788434], [-0.000761995383073, -0.000135570138809, -0.000430163781857, 0.00115205917973, -0.000683599326294, -0.00171003350988, 0.00197893171571, 0.000816624320578, -0.00294543802738, 0.00617417087778, -0.0145657947287, 0.0318954586983, -0.0162209160626], [5.27854608663e-005, -1.68057158589e-005, 0.00196342892013, 7.1481968007e-006, -0.00285623967648, -0.00170022970997, 0.000467579520773, 0.000967180472799, -0.00190726015717, -0.000897542689927, -0.0015787788434, -0.0162209160626, 0.0269249361008]]
    },
    "spectral_contrast_coeffs": {
        "mean": [-0.624811828136, -0.645186603069, -0.706214249134, -0.742819786072, -0.780872166157, -0.811631202698],
        "var": [0.00590427080169, 0.00860280264169, 0.00554703408852, 0.00462081003934, 0.00325590628199, 0.00161087792367]
    },
    "spectral_contrast_valleys": {
        "mean": [-7.34974765778, -6.96740722656, -7.62047481537, -8.64907169342, -9.01221370697, -10.8454341888],
        "var": [1.15325021744, 0.887564361095, 1.004814744, 1.0464322567, 2.18728661537, 3.7618894577]
    }
},
"metadata": {
    "audio_properties": {
        "analysis_sample_rate": 44100,
        "bit_rate": 128074,
        "equal_loudness": 0,
        "length": 45.0612258911,
        "lossless": 0,
        "replay_gain": -5.98558425903,
        "sample_rate": 44100,
        "codec": "mp3",
        "downmix": "mix",
        "md5_encoded": "815ce5426d67b043cf22850a5357445d"
    },
    "tags": {
        "file_name": "1716.mp3"
    },
    "version": {
        "essentia": "2.1-beta2",
        "essentia_git_sha": "v2.1_beta2",
        "extractor": "music 1.0"
    }
},
"rhythm": {
    "beats_count": 90,
    "beats_loudness": {
        "mean": 0.0869413986802,
        "var": 0.00157035305165
    },
    "bpm": 120.116615295,
    "bpm_histogram_first_peak_bpm": {
        "mean": 120,
        "var": 0
    },
    "bpm_histogram_first_peak_spread": {
        "mean": 0.393258452415,
        "var": 0
    },
    "bpm_histogram_first_peak_weight": {
        "mean": 0.606741547585,
        "var": 0
    },
    "bpm_histogram_second_peak_bpm": {
        "mean": 0,
        "var": 0
    },
    "bpm_histogram_second_peak_spread": {
        "mean": 0,
        "var": 0
    },
    "bpm_histogram_second_peak_weight": {
        "mean": 0,
        "var": 0
    },
    "danceability": 1.85724902153,
    "onset_rate": 4.08149290085,
    "beats_loudness_band_ratio": {
        "mean": [0.684063792229, 0.13037955761, 0.119923390448, 0.051125086844, 0.0121322860941, 0.0318293422461],
        "var": [0.0348587781191, 0.0152978524566, 0.00501619838178, 0.00222505768761, 0.000147932980326, 0.00181146361865]
    },
    "beats_position": [0.46439909935, 0.952018141747, 1.43963718414, 1.95047616959, 2.43809509277, 2.94893407822, 3.43655323982, 3.94739222527, 4.446621418, 4.94585037231, 5.4334692955, 5.94430828094, 6.44353723526, 6.94276618958, 7.44199514389, 7.94122457504, 8.45206356049, 8.95129203796, 9.45052146912, 9.94974994659, 10.4489793777, 10.9482088089, 11.4474372864, 11.9466667175, 12.445895195, 12.9451246262, 13.4443531036, 13.9435825348, 14.4428119659, 14.9536504745, 15.4412698746, 15.9404983521, 16.4397277832, 16.9505672455, 17.4381847382, 17.9490242004, 18.4366436005, 18.9474830627, 19.4351024628, 19.9459400177, 20.4451694489, 20.94439888, 21.4436283112, 21.942855835, 22.4420852661, 22.9413146973, 23.4405441284, 23.9397735596, 24.4506111145, 24.9498405457, 25.4490699768, 25.948299408, 26.4475269318, 26.9467563629, 27.4459857941, 27.9452152252, 28.4444446564, 28.9436721802, 29.4429016113, 29.9421310425, 30.4413604736, 30.9521980286, 31.4398174286, 31.9506568909, 32.4382743835, 32.9375038147, 33.4367332458, 33.9475746155, 34.4468002319, 34.9460296631, 35.4452590942, 35.9444885254, 36.455329895, 36.9429473877, 37.4421768188, 37.94140625, 38.4522438049, 38.9398651123, 39.4390907288, 39.9383201599, 40.4491615295, 40.9367790222, 41.4360084534, 41.9352378845, 42.4460754395, 42.9336967468, 43.432926178, 43.9321517944, 44.4429931641, 44.9306106567]
},
"tonal": {
    "chords_changes_rate": 0.0349794253707,
    "chords_number_rate": 0.00411522621289,
    "chords_strength": {
        "mean": 0.47615006566,
        "var": 0.0068971994333
    },
    "hpcp_entropy": {
        "mean": 1.65601325035,
        "var": 0.399694025517
    },
    "key_strength": 0.804614186287,
    "tuning_diatonic_strength": 0.567399919033,
    "tuning_equal_tempered_deviation": 0.0347839444876,
    "tuning_frequency": 439.745910645,
    "tuning_nontempered_energy_ratio": 0.613387644291,
    "hpcp": {
        "mean": [0.206073403358, 0.136056423187, 0.0639015957713, 0.0496201850474, 0.0476859249175, 0.104049362242, 0.157498314977, 0.135223463178, 0.152510598302, 0.186638385057, 0.121954031289, 0.0683595836163, 0.067368388176, 0.0539652481675, 0.195027828217, 0.36988312006, 0.222980901599, 0.0420417785645, 0.0235469099134, 0.0220699626952, 0.0555947609246, 0.0700779780746, 0.0684894099832, 0.132601350546, 0.10439196229, 0.023995609954, 0.134534493089, 0.240832984447, 0.141883671284, 0.16963852942, 0.297733783722, 0.201177984476, 0.0954542756081, 0.116329483688, 0.139307558537, 0.173376709223],
        "var": [0.0902916565537, 0.0470295138657, 0.023451205343, 0.017689274624, 0.0219058264047, 0.0493804365396, 0.0904988721013, 0.0589012950659, 0.059808306396, 0.0921313688159, 0.0523075088859, 0.028018206358, 0.023734210059, 0.0183356255293, 0.0404418259859, 0.117817774415, 0.0472981408238, 0.00873309466988, 0.00506120221689, 0.00721047958359, 0.0172963216901, 0.0236662775278, 0.0119661586359, 0.0737319886684, 0.0467197559774, 0.00219450844452, 0.0311228297651, 0.104656092823, 0.0331636369228, 0.051912356168, 0.140443339944, 0.079489313066, 0.0448610410094, 0.0682549402118, 0.0853659436107, 0.0691776648164]
    },
    "chords_histogram": [30.4526748657, 6.48148155212, 42.6954727173, 0, 0, 0, 0, 0, 0.514403283596, 0, 0, 0, 0, 0, 0, 0, 0, 0.308641970158, 0, 0, 0, 0, 19.4444446564, 0.102880656719],
    "thpcp": [1, 0.602841496468, 0.113662332296, 0.0636604055762, 0.0596673972905, 0.150303587317, 0.189459785819, 0.185165002942, 0.358495265245, 0.282229602337, 0.0648734942079, 0.363721638918, 0.651105642319, 0.383590549231, 0.458627402782, 0.804940164089, 0.543896079063, 0.258066058159, 0.314503371716, 0.3766258955, 0.468733757734, 0.557131111622, 0.367836266756, 0.172761589289, 0.134150981903, 0.128921598196, 0.281303346157, 0.4258056283, 0.365584313869, 0.412321060896, 0.504587471485, 0.329709649086, 0.18481400609, 0.182134255767, 0.145898103714, 0.527268826962],
    "chords_key": "D",
    "chords_scale": "major",
    "key_key": "G",
    "key_scale": "major"
}
}