{
"lowlevel": {
    "average_loudness": 0.904616773129,
    "barkbands_crest": {
        "mean": 12.2850418091,
        "var": 18.9308681488
    },
    "barkbands_flatness_db": {
        "mean": 0.19171179831,
        "var": 0.00334402150474
    },
    "barkbands_kurtosis": {
        "mean": 10.9598264694,
        "var": 268.830841064
    },
    "barkbands_skewness": {
        "mean": 2.08410954475,
        "var": 2.54851794243
    },
    "barkbands_spread": {
        "mean": 12.1412181854,
        "var": 66.9887619019
    },
    "dissonance": {
        "mean": 0.432267218828,
        "var": 0.00155849813018
    },
    "dynamic_complexity": 4.09872055054,
    "erbbands_crest": {
        "mean": 13.1038360596,
        "var": 42.9292373657
    },
    "erbbands_flatness_db": {
        "mean": 0.18552967906,
        "var": 0.00244129309431
    },
    "erbbands_kurtosis": {
        "mean": 3.7604162693,
        "var": 139.925338745
    },
    "erbbands_skewness": {
        "mean": 1.18766891956,
        "var": 1.03406453133
    },
    "erbbands_spread": {
        "mean": 34.1430053711,
        "var": 485.735534668
    },
    "hfc": {
        "mean": 15.4836492538,
        "var": 280.308319092
    },
    "melbands_crest": {
        "mean": 15.2693033218,
        "var": 28.1235771179
    },
    "melbands_flatness_db": {
        "mean": 0.254556447268,
        "var": 0.00596602540463
    },
    "melbands_kurtosis": {
        "mean": 23.9262180328,
        "var": 1279.14074707
    },
    "melbands_skewness": {
        "mean": 2.81588721275,
        "var": 5.01562833786
    },
    "melbands_spread": {
        "mean": 13.0278911591,
        "var": 83.168006897
    },
    "pitch_salience": {
        "mean": 0.488952577114,
        "var": 0.0127542978153
    },
    "silence_rate_20dB": {
        "mean": 1,
        "var": 0
    },
    "silence_rate_30dB": {
        "mean": 0.995365619659,
        "var": 0.00461298041046
    },
    "silence_rate_60dB": {
        "mean": 0.0762100890279,
        "var": 0.0704021379352
    },
    "spectral_centroid": {
        "mean": 853.416625977,
        "var": 223037.46875
    },
    "spectral_complexity": {
        "mean": 10.878991127,
        "var": 32.3928565979
    },
    "spectral_decrease": {
        "mean": -6.4756608964e-009,
        "var": 3.07771770578e-017
    },
    "spectral_energy": {
        "mean": 0.0258450657129,
        "var": 0.000487838638946
    },
    "spectral_energyband_high": {
        "mean": 0.000473186024465,
        "var": 7.8470753806e-007
    },
    "spectral_energyband_low": {
        "mean": 0.00705720717087,
        "var": 0.00011177657143
    },
    "spectral_energyband_middle_high": {
        "mean": 0.00618796236813,
        "var": 0.00012371543562
    },
    "spectral_energyband_middle_low": {
        "mean": 0.013792058453,
        "var": 0.000209283069125
    },
    "spectral_entropy": {
        "mean": 7.10942316055,
        "var": 0.284694671631
    },
    "spectral_flux": {
        "mean": 0.0633048713207,
        "var": 0.00192180532031
    },
    "spectral_kurtosis": {
        "mean": 4.45350074768,
        "var": 16.6052188873
    },
    "spectral_rms": {
        "mean": 0.00455429032445,
        "var": 4.47313141194e-006
    },
    "spectral_rolloff": {
        "mean": 767.953308105,
        "var": 503844.78125
    },
    "spectral_skewness": {
        "mean": 1.63484978676,
        "var": 0.431976109743
    },
    "spectral_spread": {
        "mean": 4679118.5,
        "var": 2.24842743808e+012
    },
    "spectral_strongpeak": {
        "mean": 1.52553522587,
        "var": 3.6598803997
    },
    "zerocrossingrate": {
        "mean": 0.0390051752329,
        "var": 0.000471578066936
    },
    "barkbands": {
        "mean": [0.000125765203848, 0.00414824206382, 0.00216753873974, 0.00150459306315, 0.00412405887619, 0.00160835101269, 0.00350038940087, 0.0006313319318, 0.000353166542482, 0.00250956392847, 0.00255649304017, 0.000713246990927, 0.000174094588147, 0.000316403195029, 0.000571890501305, 5.76163183723e-005, 9.09593363758e-005, 4.15446302213e-005, 0.000133692185045, 9.65364306467e-005, 0.000131584354676, 0.000185435303138, 6.24202584731e-005, 2.50180710282e-005, 1.20760460049e-005, 3.00675242215e-006, 5.657397395e-008],
        "var": [1.04923522315e-007, 6.72586611472e-005, 1.42782237162e-005, 6.5999652179e-006, 6.75053161103e-005, 7.76724937168e-006, 3.86130450352e-005, 2.88194519271e-006, 8.21408150387e-007, 5.29822900717e-005, 6.9078130764e-005, 4.16329021391e-006, 1.68727552818e-007, 7.98224562004e-007, 9.70923565546e-007, 1.43885516835e-008, 3.76112758715e-008, 4.86862328231e-009, 3.91477428252e-008, 2.57367762657e-008, 7.57809743845e-008, 1.69248608017e-007, 1.81734147731e-008, 1.81389225862e-009, 3.47511602827e-010, 4.28209169512e-011, 3.71701875822e-014]
    },
    "erbbands": {
        "mean": [0.0915298908949, 1.02485823631, 2.60747051239, 3.93330073357, 14.4854631424, 8.58349514008, 14.5128564835, 10.2639923096, 27.674118042, 48.4875946045, 15.0553636551, 12.619726181, 89.1823425293, 53.9046058655, 96.5514602661, 35.9124679565, 10.1270713806, 17.7301826477, 16.4270305634, 23.0602245331, 5.19756793976, 3.49466586113, 2.5571243763, 5.54099416733, 5.22193384171, 4.45801544189, 4.54696083069, 6.34251642227, 7.06861448288, 3.86125135422, 1.51049792767, 0.65773910284, 0.378999859095, 0.178662329912, 0.0643520578742, 0.0190748665482, 0.00460681598634, 0.000464010954602, 2.42139067268e-005, 3.06587571686e-005],
        "var": [0.0431839153171, 3.72745299339, 17.7939224243, 31.7837543488, 1084.50512695, 244.299163818, 989.19317627, 319.597686768, 1894.48339844, 6906.90332031, 1701.96032715, 848.412414551, 78966.9296875, 6818.04101563, 175621.046875, 9532.45410156, 410.592681885, 2045.21264648, 1051.9173584, 1539.25769043, 61.1833953857, 48.9026451111, 14.9179515839, 81.1712799072, 50.3493461609, 60.3090591431, 73.1143875122, 198.990203857, 260.56161499, 68.6415710449, 9.59822368622, 1.36604201794, 0.408789277077, 0.0811203345656, 0.0102965021506, 0.00134228088427, 0.000117226591101, 1.25825465602e-006, 7.97401644714e-010, 6.74865885397e-010]
    },
    "gfcc": {
        "mean": [-45.1761512756, 113.385848999, -107.685997009, 39.1422576904, -70.1234588623, 18.6058864594, -31.1028385162, -1.23286402225, -20.6383895874, 1.58114492893, -15.3994464874, -3.90348529816, -5.72507715225],
        "cov": [[6108.98388672, -676.920166016, -1668.40551758, -118.451431274, -416.039398193, 24.9503917694, -90.1553955078, -16.0247592926, 107.620513916, 64.0422134399, -111.621650696, 142.598129272, 97.3489532471], [-676.920166016, 749.782958984, 264.366973877, -17.7157306671, 215.959640503, -107.164718628, 18.7055244446, -48.926651001, 92.3410263062, -53.1716880798, 111.548049927, -101.534446716, 36.3477363586], [-1668.40551758, 264.366973877, 1248.97961426, 434.839172363, 197.221038818, -33.8033943176, -38.9520454407, 25.8530731201, -58.1280517578, -1.8502124548, 41.6509170532, -57.1475296021, -48.7047271729], [-118.451431274, -17.7157306671, 434.839172363, 564.019104004, 46.913646698, -27.107881546, -1.14256978035, 10.4627313614, 53.7651252747, 16.2343845367, 37.9319610596, -26.9056415558, 6.04303836823], [-416.039398193, 215.959640503, 197.221038818, 46.913646698, 228.218734741, 41.3039398193, 58.1951675415, 14.1985321045, 27.1212844849, 1.32850813866, 25.4063472748, -30.4600639343, -7.94762945175], [24.9503917694, -107.164718628, -33.8033943176, -27.107881546, 41.3039398193, 216.296173096, 137.568374634, 5.37063646317, -27.4200458527, 6.35499954224, -24.1981086731, 24.3480682373, -15.3056001663], [-90.1553955078, 18.7055244446, -38.9520454407, -1.14256978035, 58.1951675415, 137.568374634, 200.757751465, 17.6358585358, 11.8156833649, -5.92035293579, 1.44610619545, 10.0297718048, -0.148447409272], [-16.0247592926, -48.926651001, 25.8530731201, 10.4627313614, 14.1985321045, 5.37063646317, 17.6358585358, 114.895965576, 43.0255012512, 34.0816383362, -2.44143629074, 0.357800215483, -12.1763687134], [107.620513916, 92.3410263062, -58.1280517578, 53.7651252747, 27.1212844849, -27.4200458527, 11.8156833649, 43.0255012512, 126.115402222, 34.9516601563, 32.3985214233, -25.7187824249, 20.6002864838], [64.0422134399, -53.1716880798, -1.8502124548, 16.2343845367, 1.32850813866, 6.35499954224, -5.92035293579, 34.0816383362, 34.9516601563, 82.8344726563, 22.1998291016, 13.2223215103, -5.07131624222], [-111.621650696, 111.548049927, 41.6509170532, 37.9319610596, 25.4063472748, -24.1981086731, 1.44610619545, -2.44143629074, 32.3985214233, 22.1998291016, 105.281448364, 21.6725730896, 8.53403091431], [142.598129272, -101.534446716, -57.1475296021, -26.9056415558, -30.4600639343, 24.3480682373, 10.0297718048, 0.357800215483, -25.7187824249, 13.2223215103, 21.6725730896, 91.8901062012, 21.0358428955], [97.3489532471, 36.3477363586, -48.7047271729, 6.04303836823, -7.94762945175, -15.3056001663, -0.148447409272, -12.1763687134, 20.6002864838, -5.07131624222, 8.53403091431, 21.0358428955, 75.4813537598]],
        "icov": [[0.000345395848854, -0.000268656178378, 0.000638399797026, -0.000528944015969, 0.000241308705881, -0.000325880653691, 0.000478155794553, -0.000179016307811, 0.000118126801681, -0.000301494903397, 0.000578891136684, -0.000560636515729, 0.000107876287075], [-0.000268656178378, 0.00626649288461, -0.00209624716081, 0.00311560905538, -0.00366978440434, 0.00320213846862, -0.00238833809271, 0.00334691745229, -0.00409407680854, 0.00411557406187, -0.00598325626925, 0.00547644589096, -0.0029309336096], [0.000638399797026, -0.00209624716081, 0.00329324603081, -0.00297841569409, 1.10832997962e-005, -0.00117174931802, 0.00188323901966, -0.00221323338337, 0.00370407826267, -0.00180155248381, 0.00175779126585, -0.0013633321505, 0.00100902095437], [-0.000528944015969, 0.00311560905538, -0.00297841569409, 0.0049012620002, -0.00113242713269, 0.0017577840481, -0.00197885232046, 0.00253409380093, -0.004275418818, 0.00221716170199, -0.00329288560897, 0.00283680530265, -0.00159274728503], [0.000241308705881, -0.00366978440434, 1.10832997962e-005, -0.00113242713269, 0.0087132807821, -0.00308679975569, 0.000170341896592, -0.0017778071342, 0.000441022537416, -0.00190937914886, 0.00214884942397, -0.00150875921827, 0.00148771028034], [-0.000325880653691, 0.00320213846862, -0.00117174931802, 0.0017577840481, -0.00308679975569, 0.0120617533103, -0.00832996331155, 0.00270079541951, 0.00014373245358, -0.000722644210327, -0.000262457295321, 0.000650904199574, 0.00028208742151], [0.000478155794553, -0.00238833809271, 0.00188323901966, -0.00197885232046, 0.000170341896592, -0.00832996331155, 0.0118500059471, -0.00294160749763, -0.000113241425424, 0.00140660407487, 0.00101067835931, -0.00238544936292, 0.000460567913251], [-0.000179016307811, 0.00334691745229, -0.00221323338337, 0.00253409380093, -0.0017778071342, 0.00270079541951, -0.00294160749763, 0.014562564902, -0.00833795405924, -0.00103111180943, 0.000364685663953, -0.000422435026849, 0.00197486160323], [0.000118126801681, -0.00409407680854, 0.00370407826267, -0.004275418818, 0.000441022537416, 0.00014373245358, -0.000113241425424, -0.00833795405924, 0.021475026384, -0.00817544478923, -0.00128427252639, 0.00498865451664, -0.00437348755077], [-0.000301494903397, 0.00411557406187, -0.00180155248381, 0.00221716170199, -0.00190937914886, -0.000722644210327, 0.00140660407487, -0.00103111180943, -0.00817544478923, 0.0202802494168, -0.00635488890111, 5.01095346408e-005, 0.000854207726661], [0.000578891136684, -0.00598325626925, 0.00175779126585, -0.00329288560897, 0.00214884942397, -0.000262457295321, 0.00101067835931, 0.000364685663953, -0.00128427252639, -0.00635488890111, 0.0201789233834, -0.0120029067621, 0.00475348345935], [-0.000560636515729, 0.00547644589096, -0.0013633321505, 0.00283680530265, -0.00150875921827, 0.000650904199574, -0.00238544936292, -0.000422435026849, 0.00498865451664, 5.01095346408e-005, -0.0120029067621, 0.0238309558481, -0.00976312346756], [0.000107876287075, -0.0029309336096, 0.00100902095437, -0.00159274728503, 0.00148771028034, 0.00028208742151, 0.000460567913251, 0.00197486160323, -0.00437348755077, 0.000854207726661, 0.00475348345935, -0.00976312346756, 0.0192669145763]]
    },
    "melbands": {
        "mean": [0.00101052899845, 0.0014104685979, 0.000995576148853, 0.00093003018992, 0.000429313804489, 0.000238157837885, 0.000564503425267, 0.000453645188827, 9.71644913079e-005, 8.5247134848e-005, 0.000438493705587, 0.000184277101653, 0.000290186231723, 0.000161218384164, 3.65795967809e-005, 1.87493078556e-005, 3.65516607417e-005, 1.74779761437e-005, 5.34196369699e-005, 9.38216635404e-006, 6.12825988355e-006, 4.53686789115e-006, 2.30399155043e-006, 1.83577583357e-006, 4.88344494443e-006, 4.92448361911e-006, 3.03361730403e-006, 2.91612150249e-006, 2.73193359135e-006, 3.08691733153e-006, 3.87222780773e-006, 4.2712913455e-006, 3.11638518724e-006, 1.76143703357e-006, 9.00745931176e-007, 5.87105205341e-007, 3.15060134426e-007, 2.78847153368e-007, 2.0541793333e-007, 1.33018801307e-007],
        "var": [4.46127251053e-006, 4.72944157082e-006, 2.42167652686e-006, 4.10675102103e-006, 7.76592628426e-007, 1.58560737873e-007, 8.90914236606e-007, 5.53629320166e-007, 8.76527579408e-008, 4.38054001961e-008, 1.95306847672e-006, 9.8618485822e-008, 1.24162670545e-006, 3.1362367281e-007, 1.05828092956e-008, 1.45045297995e-009, 1.07933146865e-008, 2.51879228585e-009, 9.31086230338e-009, 4.86886642115e-010, 1.27560156882e-010, 1.10580142265e-010, 1.85282952175e-011, 7.25632227916e-012, 7.25372470423e-011, 5.18608489486e-011, 2.26183793917e-011, 2.86164616309e-011, 2.93002323792e-011, 3.70233149694e-011, 8.35345334571e-011, 1.0001847961e-010, 5.48421238977e-011, 1.54743110686e-011, 3.69711119358e-012, 1.2329898387e-012, 3.33695717543e-013, 2.42132458831e-013, 1.15355966966e-013, 4.73327567462e-014]
    },
    "mfcc": {
        "mean": [-689.092224121, 130.617828369, 21.2587604523, 26.9695224762, -7.05612516403, 15.0427389145, -2.58737254143, 0.582273840904, 0.25413659215, 1.73237872124, -3.76896309853, -7.29666852951, 4.17943239212],
        "cov": [[6560.20166016, -1000.99230957, -1328.58508301, -339.414154053, -525.761535645, -64.3409729004, -381.171661377, -32.1063613892, 66.0794372559, -61.6434440613, -132.216598511, -162.994064331, 234.666519165], [-1000.99230957, 896.410400391, 69.8937759399, -38.5137443542, 152.754440308, -30.3768005371, 58.7439155579, -21.6741771698, -40.4700927734, 63.0338020325, 21.6725387573, 5.12456798553, -46.4908103943], [-1328.58508301, 69.8937759399, 832.171813965, 379.902374268, 234.83152771, 42.160572052, 106.523239136, 2.59684300423, -31.5451622009, 3.59236764908, 25.9398803711, 57.047958374, -49.0494880676], [-339.414154053, -38.5137443542, 379.902374268, 451.585754395, 168.774185181, 16.6083068848, 20.6957588196, 4.04553747177, -3.27084851265, 21.1931095123, 6.38648462296, 29.1559658051, 31.7138538361], [-525.761535645, 152.754440308, 234.83152771, 168.774185181, 211.711853027, 11.0318717957, 42.7009048462, -5.93076944351, -14.7050704956, 26.1630687714, 11.4242506027, 26.5230045319, 1.15034306049], [-64.3409729004, -30.3768005371, 42.160572052, 16.6083068848, 11.0318717957, 198.94708252, 90.5358963013, 44.1640892029, 35.4922828674, -13.2643146515, 34.6940536499, 22.4224395752, -22.6059436798], [-381.171661377, 58.7439155579, 106.523239136, 20.6957588196, 42.7009048462, 90.5358963013, 136.8540802, 52.1676940918, 18.8809375763, 1.35165274143, 27.7356433868, 40.583694458, -7.11761283875], [-32.1063613892, -21.6741771698, 2.59684300423, 4.04553747177, -5.93076944351, 44.1640892029, 52.1676940918, 97.9966583252, 47.7283210754, 5.2226600647, 12.7482872009, 13.6070995331, 19.652671814], [66.0794372559, -40.4700927734, -31.5451622009, -3.27084851265, -14.7050704956, 35.4922828674, 18.8809375763, 47.7283210754, 115.186965942, 42.7333068848, 20.458278656, -6.7655043602, -14.3698635101], [-61.6434440613, 63.0338020325, 3.59236764908, 21.1931095123, 26.1630687714, -13.2643146515, 1.35165274143, 5.2226600647, 42.7333068848, 96.2307891846, 41.0099868774, -1.77626121044, -15.8468208313], [-132.216598511, 21.6725387573, 25.9398803711, 6.38648462296, 11.4242506027, 34.6940536499, 27.7356433868, 12.7482872009, 20.458278656, 41.0099868774, 85.5243911743, 31.9966869354, -27.6907405853], [-162.994064331, 5.12456798553, 57.047958374, 29.1559658051, 26.5230045319, 22.4224395752, 40.583694458, 13.6070995331, -6.7655043602, -1.77626121044, 31.9966869354, 85.2304000854, 39.3308982849], [234.666519165, -46.4908103943, -49.0494880676, 31.7138538361, 1.15034306049, -22.6059436798, -7.11761283875, 19.652671814, -14.3698635101, -15.8468208313, -27.6907405853, 39.3308982849, 151.041549683]],
        "icov": [[0.00033191323746, 0.000243671704084, 0.000447931786766, -0.000179886512342, 0.000192927953321, -0.000274655118119, 0.000474624132039, 5.58043029741e-005, 2.51187357208e-005, -0.000122628567624, 7.96947133495e-005, 0.000293483113637, -0.000357202807209], [0.000243671704084, 0.00176217837725, 0.000464153214125, 0.000476976390928, -0.00131115980912, 0.000186022676644, -0.000518480082974, 6.43048551865e-005, 0.000894662749488, -0.00123182637617, 0.000303660723148, 0.000348542875145, 0.000140215503052], [0.000447931786766, 0.000464153214125, 0.00340037909336, -0.00212383759208, -0.00105522095691, 0.00027587468503, -0.00105590675958, 8.49484276841e-005, 0.000589514849707, 0.00043240544619, 0.000405441038311, -0.000691141292918, 0.0013413868146], [-0.000179886512342, 0.000476976390928, -0.00212383759208, 0.00495397951454, -0.00257487338968, -0.000584061315749, 0.00136579805985, -0.000308197719278, -0.0002201411844, -0.000933459785301, -7.28742015781e-005, 0.000391077075619, -0.00150099641178], [0.000192927953321, -0.00131115980912, -0.00105522095691, -0.00257487338968, 0.00998136866838, -0.000473407766549, -0.00102590746246, 0.00115553918295, 0.000640442769509, -0.00211233482696, 0.00111599767115, -0.000775580178015, -0.000605054898188], [-0.000274655118119, 0.000186022676644, 0.00027587468503, -0.000584061315749, -0.000473407766549, 0.00901040341705, -0.00602612597868, 0.000100832643511, -0.0022759931162, 0.00394957186654, -0.00345200719312, 0.000794550869614, 0.00110935338307], [0.000474624132039, -0.000518480082974, -0.00105590675958, 0.00136579805985, -0.00102590746246, -0.00602612597868, 0.0174329765141, -0.00660854578018, 0.000820947228931, -0.000979784061201, 0.00140471349005, -0.0050143012777, 0.000799159286544], [5.58043029741e-005, 6.43048551865e-005, 8.49484276841e-005, -0.000308197719278, 0.00115553918295, 0.000100832643511, -0.00660854578018, 0.0178831145167, -0.00704737193882, 0.00233695073985, -0.00222494360059, 0.00223781657405, -0.00402250280604], [2.51187357208e-005, 0.000894662749488, 0.000589514849707, -0.0002201411844, 0.000640442769509, -0.0022759931162, 0.000820947228931, -0.00704737193882, 0.0156240230426, -0.00812138896435, 0.00202422519214, 0.00017662186292, 0.0020436339546], [-0.000122628567624, -0.00123182637617, 0.00043240544619, -0.000933459785301, -0.00211233482696, 0.00394957186654, -0.000979784061201, 0.00233695073985, -0.00812138896435, 0.0205553770065, -0.0112178754061, 0.00420518359169, -0.00136291678064], [7.96947133495e-005, 0.000303660723148, 0.000405441038311, -7.28742015781e-005, 0.00111599767115, -0.00345200719312, 0.00140471349005, -0.00222494360059, 0.00202422519214, -0.0112178754061, 0.024290015921, -0.012085609138, 0.00656299386173], [0.000293483113637, 0.000348542875145, -0.000691141292918, 0.000391077075619, -0.000775580178015, 0.000794550869614, -0.0050143012777, 0.00223781657405, 0.00017662186292, 0.00420518359169, -0.012085609138, 0.0234166160226, -0.00891320034862], [-0.000357202807209, 0.000140215503052, 0.0013413868146, -0.00150099641178, -0.000605054898188, 0.00110935338307, 0.000799159286544, -0.00402250280604, 0.0020436339546, -0.00136291678064, 0.00656299386173, -0.00891320034862, 0.0122768944129]]
    },
    "spectral_contrast_coeffs": {
        "mean": [-0.633805572987, -0.684649646282, -0.697329342365, -0.746280252934, -0.795582473278, -0.745180904865],
        "var": [0.00689249997959, 0.00761747267097, 0.00973505713046, 0.00525751896203, 0.00230203429237, 0.00315749715082]
    },
    "spectral_contrast_valleys": {
        "mean": [-7.37953805923, -7.16522693634, -8.07591724396, -8.6889667511, -8.43151187897, -10.6931600571],
        "var": [0.7336358428, 0.739590883255, 0.847335636616, 0.891264438629, 0.941265642643, 0.816950619221]
    }
},
"metadata": {
    "audio_properties": {
        "analysis_sample_rate": 44100,
        "bit_rate": 128074,
        "equal_loudness": 0,
        "length": 45.0612258911,
        "lossless": 0,
        "replay_gain": -1.79717826843,
        "sample_rate": 44100,
        "codec": "mp3",
        "downmix": "mix",
        "md5_encoded": "6099751958f243ba664e450ced5fa7e6"
    },
    "tags": {
        "file_name": "1717.mp3"
    },
    "version": {
        "essentia": "2.1-beta2",
        "essentia_git_sha": "v2.1_beta2",
        "extractor": "music 1.0"
    }
},
"rhythm": {
    "beats_count": 106,
    "beats_loudness": {
        "mean": 0.0344616509974,
        "var": 0.000638667494059
    },
    "bpm": 144.654586792,
    "bpm_histogram_first_peak_bpm": {
        "mean": 144,
        "var": 0
    },
    "bpm_histogram_first_peak_spread": {
        "mean": 0.571428537369,
        "var": 0
    },
    "bpm_histogram_first_peak_weight": {
        "mean": 0.314285725355,
        "var": 0
    },
    "bpm_histogram_second_peak_bpm": {
        "mean": 152,
        "var": 0
    },
    "bpm_histogram_second_peak_spread": {
        "mean": 0,
        "var": 0
    },
    "bpm_histogram_second_peak_weight": {
        "mean": 0.1523809582,
        "var": 0
    },
    "danceability": 1.08823060989,
    "onset_rate": 4.74695396423,
    "beats_loudness_band_ratio": {
        "mean": [0.470930397511, 0.236916288733, 0.210691392422, 0.1519549191, 0.0311042498797, 0.0256239082664],
        "var": [0.0975849330425, 0.0399892814457, 0.042916033417, 0.0441853292286, 0.00186819932424, 0.00101252866443]
    },
    "beats_position": [0.383129239082, 0.777868449688, 1.18421769142, 1.57895684242, 1.99691605568, 2.39165520668, 2.80961441994, 3.22757363319, 3.64553284645, 4.04027223587, 4.45823097229, 4.86458063126, 5.27092981339, 5.66566896439, 6.07201814651, 6.46675729752, 6.87310647964, 7.27945566177, 7.67419481277, 8.06893444061, 8.47528362274, 8.893242836, 9.287981987, 9.682721138, 10.077460289, 10.47219944, 10.866938591, 11.2732877731, 11.6912469864, 12.0975961685, 12.5039453506, 12.9102945328, 13.3166437149, 13.722992897, 14.117732048, 14.5240812302, 14.9304304123, 15.3251695633, 15.7199087143, 16.1262588501, 16.5326080322, 16.9389572144, 17.3453063965, 17.7516555786, 18.1580047607, 18.575963974, 18.9823131561, 19.3886623383, 19.8066215515, 20.2129707336, 20.6193199158, 21.037279129, 21.4436283112, 21.8499774933, 22.2679367065, 22.6742858887, 23.0806350708, 23.4985942841, 23.9165534973, 24.3345127106, 24.7524719238, 25.2633094788, 25.774148941, 26.2849884033, 26.7726078033, 27.2602272034, 27.7594547272, 28.2470741272, 28.7346935272, 29.2107028961, 29.686712265, 30.1394996643, 30.5806789398, 31.0102481842, 31.4398174286, 31.869386673, 32.2989578247, 32.7169151306, 33.1348762512, 33.5644454956, 33.99401474, 34.4119720459, 34.8415412903, 35.2711105347, 35.6890678406, 36.1070289612, 36.5249862671, 36.9545555115, 37.3841247559, 37.8020858765, 38.2084350586, 38.6147842407, 39.0327415466, 39.4507026672, 39.8686599731, 40.2866210938, 40.7045783997, 41.1109275818, 41.5288887024, 41.9468460083, 42.3764152527, 42.7943763733, 43.2123336792, 43.6302947998, 44.0482521057, 44.4778213501]
},
"tonal": {
    "chords_changes_rate": 0.0411522649229,
    "chords_number_rate": 0.00823045242578,
    "chords_strength": {
        "mean": 0.470272868872,
        "var": 0.00589888961986
    },
    "hpcp_entropy": {
        "mean": 1.32820534706,
        "var": 0.624433815479
    },
    "key_strength": 0.684160590172,
    "tuning_diatonic_strength": 0.452336877584,
    "tuning_equal_tempered_deviation": 0.0384657494724,
    "tuning_frequency": 441.527557373,
    "tuning_nontempered_energy_ratio": 0.651108443737,
    "hpcp": {
        "mean": [0.0827964991331, 0.0487401224673, 0.202547639608, 0.353194981813, 0.192655697465, 0.0382539331913, 0.0334739722311, 0.0480832494795, 0.116262346506, 0.146354660392, 0.0822053104639, 0.0402025580406, 0.0402766615152, 0.0797014385462, 0.197034701705, 0.225392043591, 0.12693656981, 0.0764228701591, 0.0611704364419, 0.045835070312, 0.0447365827858, 0.0418378189206, 0.0488866530359, 0.0831105709076, 0.089152418077, 0.0645457655191, 0.0492317043245, 0.0388452671468, 0.0678760185838, 0.252811700106, 0.347290277481, 0.168340116739, 0.0423446036875, 0.0409142337739, 0.0608264990151, 0.0931184217334],
        "var": [0.0338459275663, 0.0126328039914, 0.0615780092776, 0.16783477366, 0.0568055137992, 0.0137458434328, 0.00921421963722, 0.0182995758951, 0.0559208504856, 0.0856637582183, 0.0274090599269, 0.0174276735634, 0.0164335798472, 0.0325218811631, 0.095903404057, 0.0999605059624, 0.038860630244, 0.0372370332479, 0.0256783291698, 0.020694391802, 0.0189414676279, 0.0139894094318, 0.0168134402484, 0.0368749797344, 0.0372234284878, 0.0248548910022, 0.0182077009231, 0.0140883512795, 0.0232620090246, 0.0979604274035, 0.168355464935, 0.0535040795803, 0.0135472929105, 0.0153719382361, 0.0231536068022, 0.0405389964581]
    },
    "chords_histogram": [59.5679016113, 1.74897122383, 0, 1.54320991039, 0, 0.823045253754, 0, 4.93827152252, 4.73251008987, 0.308641970158, 0, 0, 2.98353910446, 0, 0, 0, 0, 0, 0, 0, 0, 0, 9.15637874603, 14.1975307465],
    "thpcp": [1, 0.545465528965, 0.108308255672, 0.0947747677565, 0.136137977242, 0.329173266888, 0.414373546839, 0.232747673988, 0.113825395703, 0.114035204053, 0.225658461452, 0.55786383152, 0.638151884079, 0.359395176172, 0.216375872493, 0.173191696405, 0.12977270782, 0.126662567258, 0.118455305696, 0.1384126544, 0.235310733318, 0.252416998148, 0.182748258114, 0.139389589429, 0.10998249799, 0.192177191377, 0.715785086155, 0.983282029629, 0.476620912552, 0.119890160859, 0.115840360522, 0.172217905521, 0.26364594698, 0.234421506524, 0.13799777627, 0.573472559452],
    "chords_key": "G",
    "chords_scale": "minor",
    "key_key": "G",
    "key_scale": "minor"
}
}