{
"lowlevel": {
    "average_loudness": 0.953433394432,
    "barkbands_crest": {
        "mean": 15.9213209152,
        "var": 34.7500610352
    },
    "barkbands_flatness_db": {
        "mean": 0.276037216187,
        "var": 0.0159230027348
    },
    "barkbands_kurtosis": {
        "mean": 28.3112716675,
        "var": 1454.34741211
    },
    "barkbands_skewness": {
        "mean": 3.75498437881,
        "var": 5.06388568878
    },
    "barkbands_spread": {
        "mean": 7.21855115891,
        "var": 63.3272628784
    },
    "dissonance": {
        "mean": 0.412043005228,
        "var": 0.00326654408127
    },
    "dynamic_complexity": 2.19676327705,
    "erbbands_crest": {
        "mean": 11.152920723,
        "var": 16.9179821014
    },
    "erbbands_flatness_db": {
        "mean": 0.18252594769,
        "var": 0.00608156342059
    },
    "erbbands_kurtosis": {
        "mean": 3.46680259705,
        "var": 20.2714824677
    },
    "erbbands_skewness": {
        "mean": 1.31871235371,
        "var": 0.637664854527
    },
    "erbbands_spread": {
        "mean": 33.218296051,
        "var": 484.35357666
    },
    "hfc": {
        "mean": 13.4927520752,
        "var": 163.172103882
    },
    "melbands_crest": {
        "mean": 19.6000003815,
        "var": 21.2720565796
    },
    "melbands_flatness_db": {
        "mean": 0.387691378593,
        "var": 0.0222060773522
    },
    "melbands_kurtosis": {
        "mean": 40.7589988708,
        "var": 2357.27075195
    },
    "melbands_skewness": {
        "mean": 4.02903699875,
        "var": 4.78948736191
    },
    "melbands_spread": {
        "mean": 5.90014839172,
        "var": 55.9644355774
    },
    "pitch_salience": {
        "mean": 0.389576643705,
        "var": 0.0190940033644
    },
    "silence_rate_20dB": {
        "mean": 1,
        "var": 0
    },
    "silence_rate_30dB": {
        "mean": 0.899588048458,
        "var": 0.090331427753
    },
    "silence_rate_60dB": {
        "mean": 0.00154479919001,
        "var": 0.00154241069686
    },
    "spectral_centroid": {
        "mean": 536.044555664,
        "var": 159560.84375
    },
    "spectral_complexity": {
        "mean": 9.70854759216,
        "var": 28.9068546295
    },
    "spectral_decrease": {
        "mean": -1.55826320736e-008,
        "var": 9.80793478609e-017
    },
    "spectral_energy": {
        "mean": 0.0600363276899,
        "var": 0.00143952586222
    },
    "spectral_energyband_high": {
        "mean": 0.000418113893829,
        "var": 8.61265505137e-007
    },
    "spectral_energyband_low": {
        "mean": 0.044371560216,
        "var": 0.00128810910974
    },
    "spectral_energyband_middle_high": {
        "mean": 0.00142137240618,
        "var": 5.25166296939e-006
    },
    "spectral_energyband_middle_low": {
        "mean": 0.015096982941,
        "var": 0.000304268556647
    },
    "spectral_entropy": {
        "mean": 6.69237565994,
        "var": 0.705177009106
    },
    "spectral_flux": {
        "mean": 0.0735135823488,
        "var": 0.00323981046677
    },
    "spectral_kurtosis": {
        "mean": 27.0259723663,
        "var": 3939.0090332
    },
    "spectral_rms": {
        "mean": 0.00732659734786,
        "var": 4.89290323458e-006
    },
    "spectral_rolloff": {
        "mean": 359.887908936,
        "var": 435668.34375
    },
    "spectral_skewness": {
        "mean": 3.05698084831,
        "var": 8.80705356598
    },
    "spectral_spread": {
        "mean": 4703003.5,
        "var": 5.56757784986e+012
    },
    "spectral_strongpeak": {
        "mean": 0.712921380997,
        "var": 0.660904467106
    },
    "zerocrossingrate": {
        "mean": 0.0224926173687,
        "var": 0.000503981136717
    },
    "barkbands": {
        "mean": [0.000546890776604, 0.035629902035, 0.00742848962545, 0.00166998244822, 0.00483381841332, 0.00198541325517, 0.00134031788912, 0.00350872520357, 0.000635001983028, 0.00143273884896, 0.00014833646128, 0.000102971222077, 6.83605394443e-005, 3.54855437763e-005, 3.51191301888e-005, 4.19039351982e-005, 2.85191636067e-005, 4.3531646952e-005, 5.89392075199e-005, 8.50385404192e-005, 7.75491644163e-005, 9.83484278549e-005, 7.06268983777e-005, 7.24077108316e-005, 2.46224662988e-005, 3.00837255054e-005, 3.20023650602e-006],
        "var": [2.26137854042e-006, 0.00123290333431, 4.76800087199e-005, 1.88497433555e-005, 3.39356301993e-005, 1.70666044141e-005, 3.78022127734e-006, 6.43709281576e-005, 1.47642992943e-006, 6.12610438111e-006, 1.56471003265e-007, 2.08984872074e-007, 6.40649631123e-008, 1.82090804657e-008, 2.90740658215e-008, 1.00050128182e-008, 7.47860706696e-009, 7.09749281569e-009, 1.45253373773e-008, 4.03086168888e-008, 4.20613694985e-008, 6.58835759282e-008, 4.31101447873e-008, 3.11019690002e-008, 4.15181222735e-009, 6.51285692044e-009, 1.26336802131e-010]
    },
    "erbbands": {
        "mean": [0.936217069626, 8.27671718597, 10.7642612457, 6.43578529358, 8.64640331268, 20.9926300049, 16.6761379242, 14.8255720139, 17.6197738647, 68.900642395, 35.4022636414, 19.5667629242, 50.9826469421, 15.6398124695, 6.32567644119, 4.7669095993, 3.16668081284, 1.95874035358, 1.99418151379, 1.65655243397, 2.71095943451, 1.62470018864, 2.46642804146, 2.2850420475, 3.600689888, 3.88789725304, 3.50096416473, 2.74749779701, 3.10647749901, 3.02080750465, 1.90722739697, 1.92890143394, 0.794312357903, 0.321966260672, 0.181339934468, 0.115046203136, 0.055174600333, 0.0130707640201, 0.000353268085746, 7.44199278415e-005],
        "var": [1.12844336033, 63.6925582886, 65.8002243042, 70.7693710327, 192.973770142, 893.420227051, 483.252624512, 1607.86621094, 960.037109375, 25287.3476563, 3597.03320313, 1217.93395996, 8675.93847656, 585.063903809, 355.130432129, 328.93637085, 113.39087677, 63.534324646, 75.2509384155, 51.7820167542, 35.8549232483, 23.3570079803, 23.457736969, 20.3264389038, 78.9925460815, 73.9215240479, 70.3579330444, 61.3925895691, 84.9619140625, 51.184803009, 27.9750213623, 19.5541706085, 5.07965040207, 0.761412739754, 0.194685265422, 0.0814262405038, 0.0234456025064, 0.00175573758315, 1.17114859677e-006, 2.88252310909e-009]
    },
    "gfcc": {
        "mean": [-48.2767219543, 130.732086182, -40.9571113586, 34.6876182556, -64.5804214478, 11.0016498566, -12.5886259079, 17.487361908, -14.5643291473, -0.0504187196493, -13.7771339417, 0.886469066143, -9.62008094788],
        "cov": [[9720.93066406, -4217.59277344, -2200.59350586, 1417.80480957, -1626.4666748, 135.582183838, -801.969604492, 730.168151855, -550.032897949, 282.691040039, -500.316162109, 456.982696533, -416.484130859], [-4217.59277344, 2775.90209961, 883.269104004, -1020.96826172, 811.093994141, -103.89490509, 461.937225342, -432.029571533, 334.541107178, -174.351608276, 287.493896484, -275.294769287, 258.927154541], [-2200.59350586, 883.269104004, 971.860229492, -345.706665039, 456.555480957, 18.2205028534, 214.333404541, -151.250335693, 117.817214966, -3.40406370163, 102.116149902, -83.4132385254, 62.0158882141], [1417.80480957, -1020.96826172, -345.706665039, 691.012023926, -278.535095215, 21.3446617126, -152.693939209, 164.33821106, -98.7747116089, 4.66015625, -62.7826271057, 79.0862503052, -64.0022201538], [-1626.4666748, 811.093994141, 456.555480957, -278.535095215, 509.605865479, 20.1370849609, 141.640808105, -161.430450439, 111.161155701, -27.1995697021, 91.9039611816, -57.4258308411, 91.6523284912], [135.582183838, -103.89490509, 18.2205028534, 21.3446617126, 20.1370849609, 82.6425323486, 5.53694534302, 3.53085589409, -8.73570156097, 13.9951229095, -2.93788528442, 14.5456619263, 1.14585137367], [-801.969604492, 461.937225342, 214.333404541, -152.693939209, 141.640808105, 5.53694534302, 163.228561401, -34.4360733032, 72.2979431152, -32.1151771545, 56.618183136, -48.0590744019, 50.5676765442], [730.168151855, -432.029571533, -151.250335693, 164.33821106, -161.430450439, 3.53085589409, -34.4360733032, 153.632171631, -24.9247188568, 24.8389434814, -41.2394638062, 42.9638900757, -44.0560112], [-550.032897949, 334.541107178, 117.817214966, -98.7747116089, 111.161155701, -8.73570156097, 72.2979431152, -24.9247188568, 126.010566711, 7.60331964493, 47.4872169495, -52.2888565063, 22.3771896362], [282.691040039, -174.351608276, -3.40406370163, 4.66015625, -27.1995697021, 13.9951229095, -32.1151771545, 24.8389434814, 7.60331964493, 86.7079925537, -1.1986771822, 11.3395299911, -37.3850822449], [-500.316162109, 287.493896484, 102.116149902, -62.7826271057, 91.9039611816, -2.93788528442, 56.618183136, -41.2394638062, 47.4872169495, -1.1986771822, 87.122543335, -21.5628547668, 31.2748680115], [456.982696533, -275.294769287, -83.4132385254, 79.0862503052, -57.4258308411, 14.5456619263, -48.0590744019, 42.9638900757, -52.2888565063, 11.3395299911, -21.5628547668, 95.852180481, 6.23399686813], [-416.484130859, 258.927154541, 62.0158882141, -64.0022201538, 91.6523284912, 1.14585137367, 50.5676765442, -44.0560112, 22.3771896362, -37.3850822449, 31.2748680115, 6.23399686813, 88.7909240723]],
        "icov": [[0.000619768281467, -0.000296411453746, 0.000708315928932, -0.000428367959103, 0.000621921848506, -0.0010540682124, 0.000418345822254, -0.000707320810761, 0.000546320108697, -0.0014740198385, 0.00130429747514, -0.0010505435057, 0.000606434594374], [-0.000296411453746, 0.0074201291427, -0.000527146679815, 0.00554580427706, -0.00242485455237, 0.00590903684497, -0.0039655235596, 0.00498814322054, -0.0044548898004, 0.00859791506082, -0.00829580705613, 0.0060800621286, -0.00426464434713], [0.000708315928932, -0.000527146679815, 0.00299649010412, -0.000591412186623, -0.000758671900257, -0.00110773055349, -0.00163671467453, -0.000317039899528, 0.00126744853333, -0.00289833312854, 0.00179684208706, -0.00144155335147, 0.00184127187822], [-0.000428367959103, 0.00554580427706, -0.000591412186623, 0.00685692066327, -0.00175426516216, 0.00355665921234, -0.000654165283777, 0.00130941660609, -0.00312325707637, 0.00852903816849, -0.00788861140609, 0.00501534016803, -0.00323411589488], [0.000621921848506, -0.00242485455237, -0.000758671900257, -0.00175426516216, 0.00660648662597, -0.00396659784019, 0.00135963514913, 0.0010124767432, -0.000722611672245, -0.00322758732364, 0.00304554146715, -0.00369619159028, 0.000223569775699], [-0.0010540682124, 0.00590903684497, -0.00110773055349, 0.00355665921234, -0.00396659784019, 0.019956452772, -0.00682565104216, 0.00561101501808, -0.00214951019734, 0.00428216159344, -0.00603894144297, 0.00398732116446, -0.0041383234784], [0.000418345822254, -0.0039655235596, -0.00163671467453, -0.000654165283777, 0.00135963514913, -0.00682565104216, 0.0197192113847, -0.0095592411235, -0.000233780941926, 0.00092614220921, -0.000642825500108, 0.00153613369912, -0.00252340664156], [-0.000707320810761, 0.00498814322054, -0.000317039899528, 0.00130941660609, 0.0010124767432, 0.00561101501808, -0.0095592411235, 0.0198811292648, -0.00697338348255, 0.00411185063422, -0.00185546267312, -0.00243221689016, 0.00180557230487], [0.000546320108697, -0.0044548898004, 0.00126744853333, -0.00312325707637, -0.000722611672245, -0.00214951019734, -0.000233780941926, -0.00697338348255, 0.0191071927547, -0.0107764741406, 0.00208052783273, 0.00337829068303, -0.000458949594758], [-0.0014740198385, 0.00859791506082, -0.00289833312854, 0.00852903816849, -0.00322758732364, 0.00428216159344, 0.00092614220921, 0.00411185063422, -0.0107764741406, 0.0315123684704, -0.015630075708, 0.00493922829628, 0.00211717281491], [0.00130429747514, -0.00829580705613, 0.00179684208706, -0.00788861140609, 0.00304554146715, -0.00603894144297, -0.000642825500108, -0.00185546267312, 0.00208052783273, -0.015630075708, 0.0301017016172, -0.00914041977376, 0.00268186046742], [-0.0010505435057, 0.0060800621286, -0.00144155335147, 0.00501534016803, -0.00369619159028, 0.00398732116446, 0.00153613369912, -0.00243221689016, 0.00337829068303, 0.00493922829628, -0.00914041977376, 0.0266504101455, -0.0137771852314], [0.000606434594374, -0.00426464434713, 0.00184127187822, -0.00323411589488, 0.000223569775699, -0.0041383234784, -0.00252340664156, 0.00180557230487, -0.000458949594758, 0.00211717281491, 0.00268186046742, -0.0137771852314, 0.026111420244]]
    },
    "melbands": {
        "mean": [0.00957349129021, 0.00767117738724, 0.00119193852879, 0.00106853840407, 0.000667835702188, 0.000346193672158, 0.000272665929515, 0.000826375035103, 0.000221418726142, 0.000124287311337, 0.00024911633227, 5.85973393754e-005, 1.91704693862e-005, 1.4390180695e-005, 8.41809833219e-006, 6.48563445793e-006, 3.29707927449e-006, 3.31438172907e-006, 2.58705290435e-006, 2.13545558836e-006, 3.35799859386e-006, 1.70104908648e-006, 1.54160670718e-006, 2.4948965347e-006, 1.64858397511e-006, 2.47742354986e-006, 3.02310945699e-006, 2.4075593501e-006, 2.525615173e-006, 1.73528667347e-006, 1.52312634327e-006, 1.69458678556e-006, 2.08997153095e-006, 1.56109263116e-006, 1.23849724787e-006, 7.7891041883e-007, 1.44006401115e-006, 5.36906952675e-007, 3.78781152222e-007, 2.34800097587e-007],
        "var": [9.86850645859e-005, 3.07344707835e-005, 2.83218992081e-006, 1.82485189271e-006, 6.79057961861e-007, 7.42197130421e-007, 1.9582947175e-007, 3.81849577025e-006, 1.18880926436e-007, 5.22177145967e-008, 2.09033942156e-007, 9.08764263841e-009, 3.33060623525e-009, 3.04948022389e-009, 7.98377586264e-010, 7.04069025304e-010, 1.82739628984e-010, 2.09586736855e-010, 1.55425297632e-010, 4.8836962252e-011, 5.22163944028e-011, 2.73713881421e-011, 1.94312066437e-011, 2.08864349427e-011, 1.29550866562e-011, 2.93825172526e-011, 8.86598849892e-011, 2.25700586692e-011, 3.49543727296e-011, 3.29292704215e-011, 1.80894327295e-011, 3.97528190921e-011, 2.09306304927e-011, 2.00925977245e-011, 1.40128915416e-011, 5.40383796738e-012, 1.11435912581e-011, 3.1451124257e-012, 1.51833385274e-012, 3.76112850716e-013]
    },
    "mfcc": {
        "mean": [-711.289550781, 158.679412842, 70.5130081177, 37.4618148804, -7.87405061722, 3.71546053886, 7.13238143921, 15.3442764282, 6.44132089615, 10.9448862076, 2.77546811104, 2.30658197403, -0.109369650483],
        "cov": [[9467.22265625, -3844.2980957, -1637.90625, 314.081390381, -704.484008789, -559.233825684, -488.312103271, 35.9608802795, -151.309875488, -58.0492019653, -217.625793457, 16.4471549988, 102.248908997], [-3844.2980957, 2413.31616211, 561.536865234, -417.77243042, 232.440368652, 238.51222229, 196.410095215, -58.2128562927, 86.2432403564, 17.8618240356, 99.7488021851, -9.78971290588, -28.2258968353], [-1637.90625, 561.536865234, 543.655273438, -13.3424196243, 110.244445801, 101.379676819, 103.232276917, 0.335052728653, 30.0120811462, 33.519115448, 54.7395782471, 7.05801343918, -27.7562122345], [314.081390381, -417.77243042, -13.3424196243, 293.249420166, 30.6923522949, -30.9562759399, -5.47893619537, 51.8776626587, -13.1476612091, 6.43113613129, -8.27480792999, 2.92538309097, 4.75854969025], [-704.484008789, 232.440368652, 110.244445801, 30.6923522949, 203.54119873, 113.711715698, 44.2125396729, -8.00711345673, 13.6385231018, -6.78017997742, 19.1733379364, 3.61903309822, -13.2182016373], [-559.233825684, 238.51222229, 101.379676819, -30.9562759399, 113.711715698, 136.912963867, 53.3478546143, -12.9568347931, 11.1794719696, -3.82434034348, 14.5043048859, -0.217424154282, -10.7347249985], [-488.312103271, 196.410095215, 103.232276917, -5.47893619537, 44.2125396729, 53.3478546143, 94.1497879028, 23.9105434418, 6.93190002441, 1.17518258095, 4.95758104324, -5.97969102859, -7.15735673904], [35.9608802795, -58.2128562927, 0.335052728653, 51.8776626587, -8.00711345673, -12.9568347931, 23.9105434418, 74.7061233521, 22.0237064362, -0.883388876915, -5.41978597641, -0.958343505859, -0.482308298349], [-151.309875488, 86.2432403564, 30.0120811462, -13.1476612091, 13.6385231018, 11.1794719696, 6.93190002441, 22.0237064362, 63.2113075256, 21.6560821533, 9.8364610672, 5.29376077652, -0.668213844299], [-58.0492019653, 17.8618240356, 33.519115448, 6.43113613129, -6.78017997742, -3.82434034348, 1.17518258095, -0.883388876915, 21.6560821533, 69.3136520386, 34.7872276306, 10.3521337509, 5.51696920395], [-217.625793457, 99.7488021851, 54.7395782471, -8.27480792999, 19.1733379364, 14.5043048859, 4.95758104324, -5.41978597641, 9.8364610672, 34.7872276306, 69.1871948242, 30.3660831451, 2.9302573204], [16.4471549988, -9.78971290588, 7.05801343918, 2.92538309097, 3.61903309822, -0.217424154282, -5.97969102859, -0.958343505859, 5.29376077652, 10.3521337509, 30.3660831451, 65.2097625732, 20.0480556488], [102.248908997, -28.2258968353, -27.7562122345, 4.75854969025, -13.2182016373, -10.7347249985, -7.15735673904, -0.482308298349, -0.668213844299, 5.51696920395, 2.9302573204, 20.0480556488, 51.8866844177]],
        "icov": [[0.0006343825371, 0.00076315831393, 0.000916992605198, 0.000390659843106, 0.000724538112991, -0.000139633048093, 0.000446153338999, -6.93133624736e-005, 3.91530784327e-006, -0.000138787756441, 0.000164561861311, -0.000192102073925, -8.39414497023e-005], [0.00076315831393, 0.00191454379819, 0.000497688597534, 0.00183312036097, 5.6220254919e-005, 0.000124101279653, -0.000553546007723, 0.000221957423491, -0.000736075278837, 0.000350863963831, -0.000760891824029, 0.000443392811576, -0.000573713623453], [0.000916992605198, 0.000497688597534, 0.00446083722636, -0.000452856300399, 0.00111487729009, -0.000643082894385, -0.00142720900476, 0.000781928480137, -0.000460304640001, -0.000886742200237, -0.000661512312945, -0.000700336473528, 0.00124918133952], [0.000390659843106, 0.00183312036097, -0.000452856300399, 0.00718118296936, -0.00344073260203, 0.0022606048733, 0.00037688962766, -0.00460049184039, 0.00258094095625, -0.00182225625031, 0.000363390339771, 0.000279102416243, -0.000974462949671], [0.000724538112991, 5.6220254919e-005, 0.00111487729009, -0.00344073260203, 0.012518745847, -0.00890284124762, 0.0010850088438, 0.00209145923145, -0.00212873192504, 0.00243812892586, -0.00128069811035, -0.000685214879923, 0.00108155026101], [-0.000139633048093, 0.000124101279653, -0.000643082894385, 0.0022606048733, -0.00890284124762, 0.0182553362101, -0.00701008504257, 0.00353499362245, -0.00179821671918, 0.00121953047346, -0.000926637614612, 0.000327259680489, 0.000139069510624], [0.000446153338999, -0.000553546007723, -0.00142720900476, 0.00037688962766, 0.0010850088438, -0.00701008504257, 0.0212496891618, -0.0101875290275, 0.00523795792833, -0.00256646960042, 0.00253769615665, 0.000560806307476, -0.000335379911121], [-6.93133624736e-005, 0.000221957423491, 0.000781928480137, -0.00460049184039, 0.00209145923145, 0.00353499362245, -0.0101875290275, 0.0243189875036, -0.0117752114311, 0.00512121384963, -0.00136329676025, 0.000109020045784, 0.000521143665537], [3.91530784327e-006, -0.000736075278837, -0.000460304640001, 0.00258094095625, -0.00212873192504, -0.00179821671918, 0.00523795792833, -0.0117752114311, 0.0248434562236, -0.00972814206034, 0.00370837282389, -0.00220467010513, 0.000804410199635], [-0.000138787756441, 0.000350863963831, -0.000886742200237, -0.00182225625031, 0.00243812892586, 0.00121953047346, -0.00256646960042, 0.00512121384963, -0.00972814206034, 0.0246461778879, -0.0134371779859, 0.00396807631478, -0.00279604690149], [0.000164561861311, -0.000760891824029, -0.000661512312945, 0.000363390339771, -0.00128069811035, -0.000926637614612, 0.00253769615665, -0.00136329676025, 0.00370837282389, -0.0134371779859, 0.0283364597708, -0.0121917081997, 0.00328087899834], [-0.000192102073925, 0.000443392811576, -0.000700336473528, 0.000279102416243, -0.000685214879923, 0.000327259680489, 0.000560806307476, 0.000109020045784, -0.00220467010513, 0.00396807631478, -0.0121917081997, 0.0234903153032, -0.0086469668895], [-8.39414497023e-005, -0.000573713623453, 0.00124918133952, -0.000974462949671, 0.00108155026101, 0.000139069510624, -0.000335379911121, 0.000521143665537, 0.000804410199635, -0.00279604690149, 0.00328087899834, -0.0086469668895, 0.0236099716276]]
    },
    "spectral_contrast_coeffs": {
        "mean": [-0.665956020355, -0.698830902576, -0.709316074848, -0.80903428793, -0.79352658987, -0.77862071991],
        "var": [0.00372568005696, 0.00488273706287, 0.00429652770981, 0.00136723439209, 0.00325655029155, 0.00205289153382]
    },
    "spectral_contrast_valleys": {
        "mean": [-6.3233499527, -6.8279709816, -8.08950042725, -9.38623809814, -9.01579189301, -11.0171995163],
        "var": [0.421266466379, 0.774247705936, 0.908266067505, 1.45435154438, 2.11229944229, 2.46152091026]
    }
},
"metadata": {
    "audio_properties": {
        "analysis_sample_rate": 44100,
        "bit_rate": 128074,
        "equal_loudness": 0,
        "length": 45.0612258911,
        "lossless": 0,
        "replay_gain": -3.66757011414,
        "sample_rate": 44100,
        "codec": "mp3",
        "downmix": "mix",
        "md5_encoded": "712e4ddce86c320bb988a85cea01f37c"
    },
    "tags": {
        "file_name": "1718.mp3"
    },
    "version": {
        "essentia": "2.1-beta2",
        "essentia_git_sha": "v2.1_beta2",
        "extractor": "music 1.0"
    }
},
"rhythm": {
    "beats_count": 79,
    "beats_loudness": {
        "mean": 0.0863007232547,
        "var": 0.00251541775651
    },
    "bpm": 106.635314941,
    "bpm_histogram_first_peak_bpm": {
        "mean": 108,
        "var": 0
    },
    "bpm_histogram_first_peak_spread": {
        "mean": 0.506849348545,
        "var": 0
    },
    "bpm_histogram_first_peak_weight": {
        "mean": 0.461538463831,
        "var": 0
    },
    "bpm_histogram_second_peak_bpm": {
        "mean": 103,
        "var": 0
    },
    "bpm_histogram_second_peak_spread": {
        "mean": 0,
        "var": 0
    },
    "bpm_histogram_second_peak_weight": {
        "mean": 0.0641025677323,
        "var": 0
    },
    "danceability": 0.976944565773,
    "onset_rate": 3.01675581932,
    "beats_loudness_band_ratio": {
        "mean": [0.707976937294, 0.142397150397, 0.13320825994, 0.0286966785789, 0.00731023633853, 0.0120623633265],
        "var": [0.0467942878604, 0.0103336684406, 0.020903646946, 0.00108739815187, 0.00010504086822, 0.000242302237893]
    },
    "beats_position": [0.568888902664, 1.1261677742, 1.69505667686, 2.26394557953, 2.83283448219, 3.39011335373, 3.94739222527, 4.51628112793, 5.07355976105, 5.64244890213, 6.19972801208, 6.76861667633, 7.33750534058, 7.89478445053, 8.45206356049, 9.0093421936, 9.56662082672, 10.1239004135, 10.6811790466, 11.261677742, 11.8421764374, 12.4110651016, 12.9799547195, 13.5488433838, 14.117732048, 14.6866207123, 15.2322902679, 15.7895689011, 16.3468475342, 16.904127121, 17.4614048004, 18.0186843872, 18.575963974, 19.1448516846, 19.7137413025, 20.2826309204, 20.851518631, 21.3971881866, 21.942855835, 22.5001354218, 23.0806350708, 23.6495227814, 24.2184123993, 24.7756919861, 25.3329696655, 25.8902492523, 26.4475269318, 27.0048065186, 27.5620861053, 28.1309738159, 28.6998634338, 29.2687530518, 29.8376407623, 30.3949203491, 30.9521980286, 31.4978675842, 32.0667572021, 32.6472549438, 33.2277526855, 33.7966423035, 34.3655319214, 34.9228096008, 35.480091095, 36.0257606506, 36.5946464539, 37.151927948, 37.7092056274, 38.2780952454, 38.8469848633, 39.4042625427, 39.9615402222, 40.5304298401, 41.099319458, 41.6565971375, 42.2138786316, 42.7827644348, 43.3516540527, 43.9089317322, 44.4662132263]
},
"tonal": {
    "chords_changes_rate": 0.0267489720136,
    "chords_number_rate": 0.00925925932825,
    "chords_strength": {
        "mean": 0.484751164913,
        "var": 0.00679185474291
    },
    "hpcp_entropy": {
        "mean": 1.64066636562,
        "var": 0.295834153891
    },
    "key_strength": 0.496672660112,
    "tuning_diatonic_strength": 0.429368436337,
    "tuning_equal_tempered_deviation": 0.0362137593329,
    "tuning_frequency": 438.984558105,
    "tuning_nontempered_energy_ratio": 0.64167869091,
    "hpcp": {
        "mean": [0.0451924204826, 0.0396220870316, 0.073789216578, 0.151900976896, 0.121923014522, 0.0360792689025, 0.0272860936821, 0.057269230485, 0.270680576563, 0.456184446812, 0.249037146568, 0.0330056212842, 0.0131225790828, 0.00975194852799, 0.0377924330533, 0.067252703011, 0.0526274107397, 0.0852567702532, 0.107543952763, 0.045730303973, 0.0114941820502, 0.0164220780134, 0.0243513397872, 0.0414611324668, 0.0529560148716, 0.0301371440291, 0.0135813429952, 0.0115412147716, 0.00957112573087, 0.0591545179486, 0.109642215073, 0.0658409297466, 0.0995690822601, 0.338512510061, 0.316475898027, 0.0915136635303],
        "var": [0.0181294456124, 0.0201158542186, 0.0228693783283, 0.058263681829, 0.0440032593906, 0.0137462299317, 0.0154403382912, 0.0338778905571, 0.0797539949417, 0.204292610288, 0.0708974003792, 0.0180734135211, 0.00544389896095, 0.00326485815458, 0.00932071078569, 0.0183804463595, 0.012033152394, 0.0479429364204, 0.0792714431882, 0.0152438068762, 0.00258594867773, 0.0083178691566, 0.0142681598663, 0.0181204155087, 0.0310086347163, 0.00912468042225, 0.00183645950165, 0.0018737425562, 0.00195354176685, 0.00897809769958, 0.027409279719, 0.0103715937585, 0.0210210140795, 0.18530100584, 0.158037424088, 0.0259008202702]
    },
    "chords_histogram": [27.3662548065, 3.70370364189, 6.79012346268, 0, 0, 9.67078208923, 5.55555534363, 20.9876537323, 0, 16.2551441193, 0, 0, 0, 0, 0, 0, 0.205761313438, 0, 0, 0, 2.46913576126, 0, 0, 6.99588489532],
    "thpcp": [1, 0.545913279057, 0.0723514854908, 0.028765950352, 0.0213772058487, 0.0828446298838, 0.14742437005, 0.115364328027, 0.186891004443, 0.235746651888, 0.100245207548, 0.0251963473856, 0.0359987691045, 0.0533804707229, 0.0908867716789, 0.116084657609, 0.0660635083914, 0.0297716055065, 0.0252994485199, 0.0209808237851, 0.1296723634, 0.240346238017, 0.144329622388, 0.218264967203, 0.742051839828, 0.693745493889, 0.200606718659, 0.0990661159158, 0.0868554115295, 0.161753028631, 0.332981497049, 0.26726692915, 0.0790892094374, 0.0598137304187, 0.125539645553, 0.593357741833],
    "chords_key": "F",
    "chords_scale": "minor",
    "key_key": "F",
    "key_scale": "minor"
}
}