{
"lowlevel": {
    "average_loudness": 0.869001090527,
    "barkbands_crest": {
        "mean": 11.3293457031,
        "var": 10.6765098572
    },
    "barkbands_flatness_db": {
        "mean": 0.451733410358,
        "var": 0.00295004574582
    },
    "barkbands_kurtosis": {
        "mean": 1.50405192375,
        "var": 3.63326239586
    },
    "barkbands_skewness": {
        "mean": 0.985683083534,
        "var": 0.311342209578
    },
    "barkbands_spread": {
        "mean": 4.15285682678,
        "var": 5.42639732361
    },
    "dissonance": {
        "mean": 0.338735431433,
        "var": 0.00506876176223
    },
    "dynamic_complexity": 2.26279592514,
    "erbbands_crest": {
        "mean": 13.4805965424,
        "var": 19.1645908356
    },
    "erbbands_flatness_db": {
        "mean": 0.473523616791,
        "var": 0.00136617594399
    },
    "erbbands_kurtosis": {
        "mean": -0.020550230518,
        "var": 1.45568072796
    },
    "erbbands_skewness": {
        "mean": 0.433897644281,
        "var": 0.379044592381
    },
    "erbbands_spread": {
        "mean": 9.21281814575,
        "var": 12.8354549408
    },
    "hfc": {
        "mean": 14.1794605255,
        "var": 124.513969421
    },
    "melbands_crest": {
        "mean": 14.0778236389,
        "var": 17.817949295
    },
    "melbands_flatness_db": {
        "mean": 0.566644191742,
        "var": 0.00476708356291
    },
    "melbands_kurtosis": {
        "mean": 2.2104473114,
        "var": 3.9455871582
    },
    "melbands_skewness": {
        "mean": 1.11634361744,
        "var": 0.215362861753
    },
    "melbands_spread": {
        "mean": 7.24392175674,
        "var": 25.2431659698
    },
    "pitch_salience": {
        "mean": 0.548662602901,
        "var": 0.0060545518063
    },
    "silence_rate_20dB": {
        "mean": 1,
        "var": 0
    },
    "silence_rate_30dB": {
        "mean": 1,
        "var": 0
    },
    "silence_rate_60dB": {
        "mean": 0.00154479919001,
        "var": 0.00154241069686
    },
    "spectral_centroid": {
        "mean": 510.688201904,
        "var": 20022.203125
    },
    "spectral_complexity": {
        "mean": 9.61688995361,
        "var": 4.7172870636
    },
    "spectral_decrease": {
        "mean": -6.53813536644e-009,
        "var": 1.56064645935e-017
    },
    "spectral_energy": {
        "mean": 0.0259625427425,
        "var": 0.000251744670095
    },
    "spectral_energyband_high": {
        "mean": 7.5892579332e-008,
        "var": 1.44455289202e-013
    },
    "spectral_energyband_low": {
        "mean": 0.00052326428704,
        "var": 1.13548799163e-006
    },
    "spectral_energyband_middle_high": {
        "mean": 0.00474948156625,
        "var": 3.40716433129e-005
    },
    "spectral_energyband_middle_low": {
        "mean": 0.0210572108626,
        "var": 0.000150135616423
    },
    "spectral_entropy": {
        "mean": 5.19518041611,
        "var": 0.0907434374094
    },
    "spectral_flux": {
        "mean": 0.039031598717,
        "var": 0.000488731893711
    },
    "spectral_kurtosis": {
        "mean": 258.650756836,
        "var": 16030.8300781
    },
    "spectral_rms": {
        "mean": 0.00480862800032,
        "var": 2.20637639359e-006
    },
    "spectral_rolloff": {
        "mean": 748.341674805,
        "var": 261310.203125
    },
    "spectral_skewness": {
        "mean": 12.1228084564,
        "var": 15.8911857605
    },
    "spectral_spread": {
        "mean": 636627.5625,
        "var": 1.51316516045e+012
    },
    "spectral_strongpeak": {
        "mean": 1.77145254612,
        "var": 1.38598942757
    },
    "zerocrossingrate": {
        "mean": 0.0260536521673,
        "var": 0.000176219560672
    },
    "barkbands": {
        "mean": [4.33689592683e-006, 1.72409625065e-006, 0.000220047746552, 0.000683175923768, 0.00343662407249, 0.00607136031613, 0.00342623097822, 0.00572905503213, 0.00153072329704, 0.000447628757684, 0.00277583021671, 0.000625070242677, 0.000104739126982, 0.000824934220873, 7.26631042198e-005, 2.09440190702e-006, 1.32478044179e-006, 2.74972649095e-006, 1.50063419824e-006, 7.28126224203e-007, 1.62419304672e-008, 4.49438752881e-009, 3.69707886527e-009, 2.94350832597e-009, 3.85684018056e-009, 4.71438665883e-009, 1.83664095044e-009],
        "var": [7.28562175867e-012, 1.84369221279e-011, 3.18829620483e-007, 6.72552459946e-007, 7.72944440541e-006, 2.72585002676e-005, 5.35297976967e-006, 6.5125823312e-005, 8.46614784678e-006, 1.19072574023e-007, 1.96902401512e-005, 1.15082787033e-006, 6.87948968903e-008, 1.78028835762e-006, 4.31361044662e-008, 2.88112533831e-010, 7.54284915777e-012, 6.22701612496e-011, 1.10581066873e-011, 5.66860881152e-012, 1.16955082161e-014, 1.54797282814e-015, 1.09068017459e-015, 1.11749332017e-015, 3.95692415398e-015, 1.58672013855e-015, 1.55175456555e-016]
    },
    "erbbands": {
        "mean": [0.000107579224277, 0.00277616456151, 0.147864386439, 1.4918282032, 6.26257753372, 12.7930593491, 20.6797904968, 68.6619567871, 55.627281189, 113.100128174, 67.1732711792, 27.6823062897, 13.527586937, 17.2476558685, 132.541259766, 32.0910606384, 11.2259426117, 44.3128471375, 9.0490655899, 2.70187664032, 0.15662458539, 0.0734997615218, 0.0692107975483, 0.24564999342, 0.0564934574068, 0.0150089664385, 0.00215843948536, 0.000589583069086, 0.000202955066925, 0.000155255009304, 0.000114230417239, 8.17946274765e-005, 6.89983789925e-005, 6.35766700725e-005, 4.26657170465e-005, 2.82139280898e-005, 1.6129883079e-005, 5.396825145e-006, 1.28234732983e-005, 2.94518122246e-005],
        "var": [2.08017407743e-008, 3.0588995287e-005, 0.116360135376, 4.50928783417, 19.0304641724, 227.983535767, 331.389801025, 4407.703125, 1131.71850586, 21994.5585938, 7801.9921875, 2116.91748047, 184.76940918, 260.107452393, 47877.2695313, 1956.67895508, 476.174255371, 4998.95556641, 176.218887329, 51.6748847961, 0.323488146067, 0.0177280735224, 0.0186458509415, 0.276883661747, 0.0366808064282, 0.00200443854555, 5.40248365724e-005, 1.12416846605e-005, 2.2240983526e-006, 1.45954015807e-006, 7.23300161098e-007, 4.68839715495e-007, 3.91596671534e-007, 6.44989654575e-007, 1.54765558591e-007, 1.5352654259e-008, 8.51948644964e-009, 7.01155855598e-010, 6.58672630327e-011, 3.32783939294e-010]
    },
    "gfcc": {
        "mean": [-225.744873047, 249.725097656, -98.1131668091, -109.207008362, -64.289894104, -30.6142234802, -35.491230011, -39.3050842285, -33.0030708313, -14.8897399902, 1.3443672657, -17.4235363007, -13.6737565994],
        "cov": [[4082.56591797, -155.32409668, -2757.59277344, 276.645446777, 1376.16491699, -494.361602783, -325.852172852, 228.156280518, 124.504402161, 265.047973633, 207.311676025, -449.618408203, -323.784210205], [-155.32409668, 306.638763428, 517.696777344, -86.2359161377, -126.143264771, 114.368232727, 44.0835952759, -62.7159690857, 13.0796422958, -46.029964447, -67.7002410889, 30.877571106, 53.6262893677], [-2757.59277344, 517.696777344, 2879.62329102, -199.215240479, -1239.80041504, 473.542205811, 376.027130127, -182.302566528, -101.770202637, -286.170196533, -260.567687988, 402.919372559, 304.662414551], [276.645446777, -86.2359161377, -199.215240479, 290.954498291, 152.706665039, -110.742195129, 65.2499771118, 122.819541931, -21.26212883, 7.63170528412, -2.32565832138, -62.1118278503, -21.2130413055], [1376.16491699, -126.143264771, -1239.80041504, 152.706665039, 699.04083252, -167.196609497, -181.246505737, 92.7353668213, 84.8767242432, 134.768447876, 90.8785629272, -209.904067993, -143.845916748], [-494.361602783, 114.368232727, 473.542205811, -110.742195129, -167.196609497, 193.993240356, 21.1264915466, -95.007484436, 19.1764297485, -15.9719266891, -56.0034408569, 58.7357673645, 48.9650230408], [-325.852172852, 44.0835952759, 376.027130127, 65.2499771118, -181.246505737, 21.1264915466, 147.959014893, 36.0876731873, -58.837146759, -59.2839317322, -30.0148105621, 48.3752593994, 37.324672699], [228.156280518, -62.7159690857, -182.302566528, 122.819541931, 92.7353668213, -95.007484436, 36.0876731873, 116.908561707, -3.0576775074, -25.0613327026, 13.5284004211, -17.7345161438, -23.809841156], [124.504402161, 13.0796422958, -101.770202637, -21.26212883, 84.8767242432, 19.1764297485, -58.837146759, -3.0576775074, 88.6478881836, 46.6793518066, -30.6395015717, -38.8205184937, -0.722904503345], [265.047973633, -46.029964447, -286.170196533, 7.63170528412, 134.768447876, -15.9719266891, -59.2839317322, -25.0613327026, 46.6793518066, 95.9984054565, 14.5090179443, -78.0451889038, -33.6032333374], [207.311676025, -67.7002410889, -260.567687988, -2.32565832138, 90.8785629272, -56.0034408569, -30.0148105621, 13.5284004211, -30.6395015717, 14.5090179443, 84.7597732544, -8.38987255096, -57.6395339966], [-449.618408203, 30.877571106, 402.919372559, -62.1118278503, -209.904067993, 58.7357673645, 48.3752593994, -17.7345161438, -38.8205184937, -78.0451889038, -8.38987255096, 119.271202087, 52.9767341614], [-323.784210205, 53.6262893677, 304.662414551, -21.2130413055, -143.845916748, 48.9650230408, 37.324672699, -23.809841156, -0.722904503345, -33.6032333374, -57.6395339966, 52.9767341614, 83.0346450806]],
        "icov": [[0.00170866842382, -0.00430992618203, 0.00263345218264, -0.000823023030534, 0.000382437516237, 0.00076126109343, 0.000661096943077, -0.00214703194797, 0.0027505881153, -0.004850495141, 0.00540350656956, -0.00594531511888, 0.00447943992913], [-0.00430992618203, 0.0256521273404, -0.0140536567196, 0.00914402119815, -0.0131562547758, 0.00513151707128, -0.011616053991, 0.0178808700293, -0.0161294750869, 0.0280880071223, -0.0212869700044, 0.0307013317943, -0.0180791132152], [0.00263345218264, -0.0140536567196, 0.0118846520782, -0.00855502486229, 0.0113392164931, -0.0049417889677, 0.00186182488687, -0.00221871142276, 0.0017042348627, -0.00790172442794, 0.0127545660362, -0.0189634338021, 0.0124078681692], [-0.000823023030534, 0.00914402119815, -0.00855502486229, 0.0189134292305, -0.012962417677, 0.00443959329277, -0.00258893286809, -0.0141857210547, 0.0140944942832, -0.00911466125399, 0.00407927716151, 0.0095523186028, -0.00769987609237], [0.000382437516237, -0.0131562547758, 0.0113392164931, -0.012962417677, 0.0236778948456, -0.0130701800808, 0.0131576294079, -0.00993681233376, -0.000429074018029, -0.00295354076661, -0.00120475422591, -0.00335567235015, 0.00513963261619], [0.00076126109343, 0.00513151707128, -0.0049417889677, 0.00443959329277, -0.0130701800808, 0.027251381427, -0.0168295875192, 0.0274415686727, -0.014894399792, 0.00717931846157, 0.00772925280035, -0.00872874073684, 0.00935210008174], [0.000661096943077, -0.011616053991, 0.00186182488687, -0.00258893286809, 0.0131576294079, -0.0168295875192, 0.0466302707791, -0.0483531318605, 0.0434620417655, -0.032247658819, 0.0142127973959, -0.00239911209792, -0.000795652158558], [-0.00214703194797, 0.0178808700293, -0.00221871142276, -0.0141857210547, -0.00993681233376, 0.0274415686727, -0.0483531318605, 0.0986361131072, -0.0741637423635, 0.0741923302412, -0.0267552733421, 0.0109499897808, 0.0050393040292], [0.0027505881153, -0.0161294750869, 0.0017042348627, 0.0140944942832, -0.000429074018029, -0.014894399792, 0.0434620417655, -0.0741637423635, 0.0937873497605, -0.0787214636803, 0.0566452480853, -0.0283098574728, 0.0120691228658], [-0.004850495141, 0.0280880071223, -0.00790172442794, -0.00911466125399, -0.00295354076661, 0.00717931846157, -0.032247658819, 0.0741923302412, -0.0787214636803, 0.11259162426, -0.0653077065945, 0.0674118176103, -0.0274348035455], [0.00540350656956, -0.0212869700044, 0.0127545660362, 0.00407927716151, -0.00120475422591, 0.00772925280035, 0.0142127973959, -0.0267552733421, 0.0566452480853, -0.0653077065945, 0.102886863053, -0.0752972513437, 0.0618810579181], [-0.00594531511888, 0.0307013317943, -0.0189634338021, 0.0095523186028, -0.00335567235015, -0.00872874073684, -0.00239911209792, 0.0109499897808, -0.0283098574728, 0.0674118176103, -0.0752972513437, 0.103821761906, -0.0589127391577], [0.00447943992913, -0.0180791132152, 0.0124078681692, -0.00769987609237, 0.00513963261619, 0.00935210008174, -0.000795652158558, 0.0050393040292, 0.0120691228658, -0.0274348035455, 0.0618810579181, -0.0589127391577, 0.0684297159314]]
    },
    "melbands": {
        "mean": [5.76288130105e-007, 5.19807872479e-005, 0.000357992830686, 0.000723359058611, 0.000726297672372, 0.00144091178663, 0.000746163073927, 0.00133222632576, 0.000515155727044, 0.0001522818784, 6.39530990156e-005, 4.83995354443e-005, 0.000364837003872, 0.000168680955539, 6.56212941976e-005, 5.65565051147e-006, 0.000100567114714, 1.46913780554e-005, 7.8111061157e-006, 2.51009225849e-007, 4.87093281265e-008, 5.41581144375e-008, 8.19258261231e-008, 9.96734286218e-008, 2.18549274678e-007, 2.2656656995e-008, 4.47080203969e-008, 1.5961432176e-009, 1.54516788253e-009, 4.66555682976e-010, 2.1695760466e-010, 1.03418842934e-010, 7.50144113493e-011, 7.33605537429e-011, 5.28615207163e-011, 5.23653620466e-011, 3.49943164724e-011, 3.31362923212e-011, 4.0232709525e-011, 3.87829213189e-011],
        "var": [9.33052029736e-013, 1.75811099012e-008, 1.20460100561e-007, 5.03480805492e-007, 2.86109298031e-007, 1.59643877851e-006, 2.13471039956e-007, 3.40326118931e-006, 5.92145909195e-007, 6.59535004388e-008, 4.16305079298e-009, 3.06653791249e-009, 3.50898147872e-007, 6.30326937312e-008, 2.56805368082e-008, 8.15424117118e-010, 2.6412848797e-008, 5.20954168692e-010, 5.14660591922e-010, 2.64283300105e-012, 9.67423230826e-014, 1.00487618172e-014, 2.85121657729e-014, 5.82585263126e-014, 2.15969996335e-013, 2.57461186973e-014, 2.04608380884e-014, 4.66783843015e-017, 3.24627527705e-017, 8.54611079718e-018, 2.27562577072e-018, 7.11679160574e-019, 4.94778290194e-019, 4.51863177738e-019, 2.42173693787e-019, 2.10406933885e-019, 1.60784666206e-019, 1.51221566521e-019, 4.38230362363e-019, 4.87182083834e-019]
    },
    "mfcc": {
        "mean": [-850.887634277, 263.226806641, 31.6610622406, -55.6383934021, -43.6001815796, -21.6177654266, -9.34456920624, -23.9146404266, -38.5592842102, -22.0409755707, -7.22562026978, -13.3054122925, -12.3744220734],
        "cov": [[2434.82128906, 478.165222168, -2126.67651367, -184.794006348, 847.533813477, -63.809173584, -164.845169067, -177.463989258, -195.674072266, 431.727325439, 467.310882568, -146.345245361, -115.764404297], [478.165222168, 330.978515625, -140.503082275, -101.82208252, 94.2372665405, 66.0225906372, -31.1317157745, -45.2720069885, 5.35805273056, 65.8946075439, 39.7267799377, -37.9042015076, -27.8786087036], [-2126.67651367, -140.503082275, 2310.90771484, 235.66885376, -857.589904785, 86.6673202515, 202.199066162, 207.168548584, 259.920806885, -399.410949707, -517.627258301, 102.963928223, 117.532249451], [-184.794006348, -101.82208252, 235.66885376, 269.066864014, -39.4998970032, -116.316848755, 71.6144485474, 131.594055176, 67.1841583252, -24.0540599823, -77.6522674561, -12.2409076691, 32.4692344666], [847.533813477, 94.2372665405, -857.589904785, -39.4998970032, 418.634765625, 4.99146938324, -97.9223098755, -60.1452827454, -44.6462287903, 182.706542969, 197.999893188, -55.954120636, -52.5267562866], [-63.809173584, 66.0225906372, 86.6673202515, -116.316848755, 4.99146938324, 169.696395874, 4.47490167618, -91.7800445557, 8.65283203125, 34.6721458435, 1.91772198677, 0.116469785571, -6.06078386307], [-164.845169067, -31.1317157745, 202.199066162, 71.6144485474, -97.9223098755, 4.47490167618, 109.670654297, 51.5393295288, -10.8012523651, -42.4902992249, -43.8188476563, 10.3387861252, 17.552986145], [-177.463989258, -45.2720069885, 207.168548584, 131.594055176, -60.1452827454, -91.7800445557, 51.5393295288, 162.116134644, 59.3058738708, -89.0392227173, -69.3144836426, 13.4784240723, 17.3876991272], [-195.674072266, 5.35805273056, 259.920806885, 67.1841583252, -44.6462287903, 8.65283203125, -10.8012523651, 59.3058738708, 145.872039795, 12.648068428, -100.044662476, -18.1719875336, 34.2919311523], [431.727325439, 65.8946075439, -399.410949707, -24.0540599823, 182.706542969, 34.6721458435, -42.4902992249, -89.0392227173, 12.648068428, 188.295898438, 102.341026306, -56.0733261108, -22.1293029785], [467.310882568, 39.7267799377, -517.627258301, -77.6522674561, 197.999893188, 1.91772198677, -43.8188476563, -69.3144836426, -100.044662476, 102.341026306, 194.892715454, 2.73452615738, -68.9378890991], [-146.345245361, -37.9042015076, 102.963928223, -12.2409076691, -55.954120636, 0.116469785571, 10.3387861252, 13.4784240723, -18.1719875336, -56.0733261108, 2.73452615738, 56.6802787781, 14.7165546417], [-115.764404297, -27.8786087036, 117.532249451, 32.4692344666, -52.5267562866, -6.06078386307, 17.552986145, 17.3876991272, 34.2919311523, -22.1293029785, -68.9378890991, 14.7165546417, 70.0108642578]],
        "icov": [[0.0825179591775, -0.122386582196, 0.140190899372, -0.158107042313, 0.151057898998, -0.119083888829, 0.0597376935184, 0.0109266927466, -0.0698755830526, 0.102448299527, -0.103029198945, 0.0723236724734, -0.0390236601233], [-0.122386582196, 0.199560806155, -0.258355021477, 0.332127153873, -0.354678213596, 0.31320887804, -0.206011518836, 0.0570903457701, 0.0766671076417, -0.164987817407, 0.185048013926, -0.135646134615, 0.0762906745076], [0.140190899372, -0.258355021477, 0.421252578497, -0.615324616432, 0.729567170143, -0.703112304211, 0.530171692371, -0.258831262589, -0.0145813468844, 0.211364850402, -0.284383624792, 0.229294627905, -0.129296958447], [-0.158107042313, 0.332127153873, -0.615324616432, 0.976218163967, -1.19548356533, 1.1956179142, -0.950148046017, 0.517454981804, -0.0797970294952, -0.263738542795, 0.413874983788, -0.349306643009, 0.204024061561], [0.151057898998, -0.354678213596, 0.729567170143, -1.19548356533, 1.52353680134, -1.54411816597, 1.26413667202, -0.748389422894, 0.188574120402, 0.247293889523, -0.469526559114, 0.415915876627, -0.24744604528], [-0.119083888829, 0.31320887804, -0.703112304211, 1.1956179142, -1.54411816597, 1.61985635757, -1.36471033096, 0.873976945877, -0.321015894413, -0.134986504912, 0.377356857061, -0.361588567495, 0.222661435604], [0.0597376935184, -0.206011518836, 0.530171692371, -0.950148046017, 1.26413667202, -1.36471033096, 1.2208969593, -0.850248456001, 0.422426939011, -0.0429873280227, -0.18607096374, 0.21843829751, -0.146910950541], [0.0109266927466, 0.0570903457701, -0.258831262589, 0.517454981804, -0.748389422894, 0.873976945877, -0.850248456001, 0.715720117092, -0.483062118292, 0.258824199438, -0.0774077996612, -0.0100508257747, 0.0292337276042], [-0.0698755830526, 0.0766671076417, -0.0145813468844, -0.0797970294952, 0.188574120402, -0.321015894413, 0.422426939011, -0.483062118292, 0.489604234695, -0.418859690428, 0.321528106928, -0.191231742501, 0.0888183638453], [0.102448299527, -0.164987817407, 0.211364850402, -0.263738542795, 0.247293889523, -0.134986504912, -0.0429873280227, 0.258824199438, -0.418859690428, 0.503613293171, -0.470472365618, 0.336857110262, -0.178194791079], [-0.103029198945, 0.185048013926, -0.284383624792, 0.413874983788, -0.469526559114, 0.377356857061, -0.18607096374, -0.0774077996612, 0.321528106928, -0.470472365618, 0.527574300766, -0.396166503429, 0.231639027596], [0.0723236724734, -0.135646134615, 0.229294627905, -0.349306643009, 0.415915876627, -0.361588567495, 0.21843829751, -0.0100508257747, -0.191231742501, 0.336857110262, -0.396166503429, 0.335810631514, -0.189426809549], [-0.0390236601233, 0.0762906745076, -0.129296958447, 0.204024061561, -0.24744604528, 0.222661435604, -0.146910950541, 0.0292337276042, 0.0888183638453, -0.178194791079, 0.231639027596, -0.189426809549, 0.133852124214]]
    },
    "spectral_contrast_coeffs": {
        "mean": [-0.383997827768, -0.617021501064, -0.666000127792, -0.638708412647, -0.820159316063, -0.892755925655],
        "var": [0.00347089930438, 0.00465984549373, 0.00462165148929, 0.00675403187051, 0.00754214823246, 0.00111460196786]
    },
    "spectral_contrast_valleys": {
        "mean": [-10.1860990524, -6.43325233459, -7.91016149521, -10.6241636276, -12.1159524918, -14.156496048],
        "var": [0.477906793356, 0.617853164673, 0.529046833515, 1.12323021889, 0.577648460865, 0.487149119377]
    }
},
"metadata": {
    "audio_properties": {
        "analysis_sample_rate": 44100,
        "bit_rate": 128074,
        "equal_loudness": 0,
        "length": 45.0612258911,
        "lossless": 0,
        "replay_gain": -4.59936714172,
        "sample_rate": 44100,
        "codec": "mp3",
        "downmix": "mix",
        "md5_encoded": "5f270a59ba0c2b304a5b65aff35336bb"
    },
    "tags": {
        "file_name": "1719.mp3"
    },
    "version": {
        "essentia": "2.1-beta2",
        "essentia_git_sha": "v2.1_beta2",
        "extractor": "music 1.0"
    }
},
"rhythm": {
    "beats_count": 89,
    "beats_loudness": {
        "mean": 0.0370859652758,
        "var": 0.000378471217118
    },
    "bpm": 120.052223206,
    "bpm_histogram_first_peak_bpm": {
        "mean": 120,
        "var": 0
    },
    "bpm_histogram_first_peak_spread": {
        "mean": 0.397727251053,
        "var": 0
    },
    "bpm_histogram_first_peak_weight": {
        "mean": 0.602272748947,
        "var": 0
    },
    "bpm_histogram_second_peak_bpm": {
        "mean": 0,
        "var": 0
    },
    "bpm_histogram_second_peak_spread": {
        "mean": 0,
        "var": 0
    },
    "bpm_histogram_second_peak_weight": {
        "mean": 0,
        "var": 0
    },
    "danceability": 0.899435937405,
    "onset_rate": 3.94840097427,
    "beats_loudness_band_ratio": {
        "mean": [0.0864304378629, 0.453625142574, 0.380263864994, 0.152053996921, 0.0033407129813, 2.86739104922e-005],
        "var": [0.00502627063543, 0.0404401533306, 0.0252222642303, 0.0184020344168, 3.72708382201e-005, 9.37779187637e-009]
    },
    "beats_position": [0.46439909935, 0.952018141747, 1.46285712719, 1.95047616959, 2.4497051239, 2.94893407822, 3.44816327095, 3.94739222527, 4.446621418, 4.94585037231, 5.45668935776, 5.95591831207, 6.45514726639, 6.9543762207, 7.45360517502, 7.95283412933, 8.45206356049, 8.95129203796, 9.45052146912, 9.93814086914, 10.4257593155, 10.9365987778, 11.4358272552, 11.9350566864, 12.4342851639, 12.933514595, 13.4443531036, 13.9435825348, 14.4428119659, 14.9420404434, 15.4412698746, 15.9404983521, 16.4397277832, 16.9505672455, 17.4614048004, 17.9490242004, 18.4598636627, 18.9590930939, 19.458322525, 19.9459400177, 20.4451694489, 20.94439888, 21.4436283112, 21.942855835, 22.4420852661, 22.9413146973, 23.4405441284, 23.9397735596, 24.4390010834, 24.9382305145, 25.4374599457, 25.9366893768, 26.4475269318, 26.9467563629, 27.4459857941, 27.9452152252, 28.4444446564, 28.9552822113, 29.4545116425, 29.9537410736, 30.4529705048, 30.9521980286, 31.4514274597, 31.9506568909, 32.449886322, 32.9491157532, 33.4367332458, 33.9475746155, 34.4351921082, 34.9228096008, 35.4336509705, 35.9444885254, 36.4321098328, 36.9429473877, 37.4537849426, 37.94140625, 38.4522438049, 38.9630813599, 39.4507026672, 39.9383201599, 40.4375495911, 40.9483909607, 41.4476165771, 41.9584579468, 42.4460754395, 42.9336967468, 43.4445343018, 43.9437637329, 44.4546012878]
},
"tonal": {
    "chords_changes_rate": 0.0308641977608,
    "chords_number_rate": 0.00411522621289,
    "chords_strength": {
        "mean": 0.512766063213,
        "var": 0.0042957989499
    },
    "hpcp_entropy": {
        "mean": 1.41334557533,
        "var": 0.241499200463
    },
    "key_strength": 0.746886909008,
    "tuning_diatonic_strength": 0.443665623665,
    "tuning_equal_tempered_deviation": 0.00426028296351,
    "tuning_frequency": 440.508636475,
    "tuning_nontempered_energy_ratio": 0.585597753525,
    "hpcp": {
        "mean": [0.00954850576818, 0.0033568602521, 0.0683435574174, 0.137318998575, 0.0733148828149, 0.00898100063205, 0.00762611674145, 0.00588880106807, 0.283459335566, 0.522902905941, 0.245108678937, 0.0376546420157, 0.0815975293517, 0.0479897260666, 0.0132563225925, 0.0193456970155, 0.010359544307, 0.118808470666, 0.237980023026, 0.122784875333, 0.00470592174679, 0.0037255899515, 0.00638052821159, 0.218882218003, 0.387919336557, 0.175786823034, 0.00180928828195, 0.000864236033522, 0.00677400501445, 0.0953093618155, 0.169811531901, 0.100851155818, 0.174432441592, 0.292069017887, 0.143444016576, 0.0133518660441],
        "var": [0.000232985141338, 7.0673879236e-005, 0.0200167745352, 0.0824392586946, 0.023465031758, 0.000712519627996, 0.000472833780805, 0.000100058692624, 0.0550049580634, 0.189954578876, 0.0434848926961, 0.010056248866, 0.049647718668, 0.0163779538125, 0.000588875904214, 0.0010846790392, 0.000402035017032, 0.0324652306736, 0.126784011722, 0.0328608714044, 0.000195164117031, 8.74809848028e-005, 0.000165190911503, 0.0536988936365, 0.172975435853, 0.0368215180933, 5.90590207139e-005, 1.18628904602e-005, 0.000319240207318, 0.0192363355309, 0.0590934343636, 0.0224491097033, 0.0401399023831, 0.102421618998, 0.0253816898912, 0.000614642223809]
    },
    "chords_histogram": [59.0534973145, 34.4650192261, 0, 0, 0, 0.205761313438, 0, 0, 0, 0, 0, 0, 0, 0, 0, 0, 0, 0, 0, 0, 0, 0, 2.46913576126, 3.80658435822],
    "thpcp": [1, 0.468746066093, 0.0720107704401, 0.156047195196, 0.0917755961418, 0.0253514032811, 0.036996729672, 0.0198116023093, 0.227209433913, 0.455113202333, 0.234813913703, 0.00899960938841, 0.00712482165545, 0.0122021278366, 0.418590545654, 0.741857290268, 0.336174875498, 0.00346008455381, 0.00165276578628, 0.0129546131939, 0.182269707322, 0.324747741222, 0.192867845297, 0.333584755659, 0.558553040028, 0.274322479963, 0.0255341213197, 0.0182605721056, 0.00641966285184, 0.130700275302, 0.262608975172, 0.140207454562, 0.0171752739698, 0.0145841930062, 0.01126174815, 0.54208791256],
    "chords_key": "F",
    "chords_scale": "minor",
    "key_key": "F",
    "key_scale": "minor"
}
}