{
"lowlevel": {
    "average_loudness": 0.899985074997,
    "barkbands_crest": {
        "mean": 10.1833057404,
        "var": 15.8565864563
    },
    "barkbands_flatness_db": {
        "mean": 0.320364236832,
        "var": 0.0026554656215
    },
    "barkbands_kurtosis": {
        "mean": 2.48492908478,
        "var": 12.0918512344
    },
    "barkbands_skewness": {
        "mean": 0.902101159096,
        "var": 0.448417365551
    },
    "barkbands_spread": {
        "mean": 6.19577121735,
        "var": 5.75767946243
    },
    "dissonance": {
        "mean": 0.430883407593,
        "var": 0.00189910351764
    },
    "dynamic_complexity": 2.70955324173,
    "erbbands_crest": {
        "mean": 11.9228105545,
        "var": 23.1054153442
    },
    "erbbands_flatness_db": {
        "mean": 0.328147351742,
        "var": 0.00172026280779
    },
    "erbbands_kurtosis": {
        "mean": 1.55292546749,
        "var": 12.8282871246
    },
    "erbbands_skewness": {
        "mean": 0.750220656395,
        "var": 0.480888843536
    },
    "erbbands_spread": {
        "mean": 13.0117006302,
        "var": 17.1400051117
    },
    "hfc": {
        "mean": 11.2451963425,
        "var": 58.2391929626
    },
    "melbands_crest": {
        "mean": 13.6985740662,
        "var": 23.7040252686
    },
    "melbands_flatness_db": {
        "mean": 0.426035881042,
        "var": 0.00494901370257
    },
    "melbands_kurtosis": {
        "mean": 3.9264793396,
        "var": 15.9722795486
    },
    "melbands_skewness": {
        "mean": 1.31783533096,
        "var": 0.55356490612
    },
    "melbands_spread": {
        "mean": 8.28676223755,
        "var": 43.7061042786
    },
    "pitch_salience": {
        "mean": 0.581755280495,
        "var": 0.00939187221229
    },
    "silence_rate_20dB": {
        "mean": 1,
        "var": 0
    },
    "silence_rate_30dB": {
        "mean": 0.999485075474,
        "var": 0.000514661427587
    },
    "silence_rate_60dB": {
        "mean": 0.0226570554078,
        "var": 0.0221449285746
    },
    "spectral_centroid": {
        "mean": 451.451599121,
        "var": 139474.40625
    },
    "spectral_complexity": {
        "mean": 13.5880537033,
        "var": 17.5872650146
    },
    "spectral_decrease": {
        "mean": -8.44455527726e-009,
        "var": 2.6802425322e-017
    },
    "spectral_energy": {
        "mean": 0.0328916274011,
        "var": 0.000407314451877
    },
    "spectral_energyband_high": {
        "mean": 6.39241488898e-006,
        "var": 4.72737349266e-010
    },
    "spectral_energyband_low": {
        "mean": 0.00979961734265,
        "var": 6.81284000166e-005
    },
    "spectral_energyband_middle_high": {
        "mean": 0.00186918443069,
        "var": 2.85300234282e-006
    },
    "spectral_energyband_middle_low": {
        "mean": 0.0219287909567,
        "var": 0.000234817183809
    },
    "spectral_entropy": {
        "mean": 6.03555250168,
        "var": 0.134655341506
    },
    "spectral_flux": {
        "mean": 0.0545311383903,
        "var": 0.000852999219205
    },
    "spectral_kurtosis": {
        "mean": 67.3345870972,
        "var": 2534.45898438
    },
    "spectral_rms": {
        "mean": 0.00534968078136,
        "var": 3.4702911762e-006
    },
    "spectral_rolloff": {
        "mean": 563.058898926,
        "var": 638674.0625
    },
    "spectral_skewness": {
        "mean": 5.31525087357,
        "var": 4.95149803162
    },
    "spectral_spread": {
        "mean": 1090788.5,
        "var": 1.82675911475e+012
    },
    "spectral_strongpeak": {
        "mean": 0.974063575268,
        "var": 0.639632582664
    },
    "zerocrossingrate": {
        "mean": 0.020449731499,
        "var": 0.000492354563903
    },
    "barkbands": {
        "mean": [0.000241446017753, 0.0034394976683, 0.00543291168287, 0.00224403152242, 0.00621032016352, 0.0052871122025, 0.00274452101439, 0.0035708534997, 0.00181627017446, 0.000524808827322, 0.000328043941408, 0.000575861369725, 0.00014559365809, 0.000148170889588, 8.39526037453e-005, 5.32386693521e-005, 1.67860234797e-005, 1.23725503727e-005, 8.12550933915e-006, 4.2001820475e-006, 2.88393653136e-006, 4.06177946388e-007, 1.91920989323e-007, 6.58768826156e-008, 1.70248242171e-008, 3.49723250359e-009, 1.62266033943e-009],
        "var": [8.18330789798e-008, 6.41758515485e-006, 3.79614975827e-005, 6.46099579171e-006, 5.34021928615e-005, 4.19768075517e-005, 1.57327758643e-005, 2.42008827627e-005, 8.69365248946e-006, 8.06073103377e-007, 2.65786752607e-007, 4.43986408527e-007, 3.47367361542e-008, 3.89266041623e-008, 1.48302357061e-008, 6.85416079449e-009, 9.1740776087e-010, 3.75286468568e-010, 1.9698762066e-010, 1.1591575616e-010, 1.52906215467e-010, 6.55657114972e-013, 2.4584739626e-013, 2.23405820753e-014, 2.63603027108e-015, 1.24644625133e-015, 4.95849328614e-016]
    },
    "erbbands": {
        "mean": [0.1001027897, 0.863246262074, 5.4483962059, 6.39370298386, 11.8473834991, 25.713634491, 26.7291278839, 59.0793190002, 37.4728050232, 56.1416053772, 65.3971099854, 45.1824035645, 19.8026065826, 15.739733696, 16.021856308, 23.1325187683, 8.07459545135, 4.91955566406, 6.96549844742, 4.60543394089, 2.9108915329, 1.06197845936, 0.826139986515, 0.484854847193, 0.304264813662, 0.190004169941, 0.19845919311, 0.0519497953355, 0.0164241921157, 0.0122417677194, 0.00411445274949, 0.00158789893612, 0.000956834526733, 0.000272345001576, 0.000108972148155, 3.88124171877e-005, 1.4735998775e-005, 2.80369363281e-006, 1.55586694746e-005, 3.6515390093e-005],
        "var": [0.00703409966081, 0.451558470726, 35.1711387634, 37.8176383972, 145.52142334, 1513.14660645, 700.89642334, 5765.24902344, 2377.15625, 3880.1730957, 9253.20996094, 5386.71826172, 654.961120605, 332.082763672, 628.173217773, 725.416259766, 77.4952926636, 29.032781601, 84.9129638672, 40.6485977173, 16.2753677368, 3.06882452965, 1.48635315895, 0.671267390251, 0.368304789066, 0.225675776601, 0.818755090237, 0.0160113759339, 0.00102102709934, 0.000926352804527, 6.89038279234e-005, 1.03058919194e-005, 7.37730670153e-006, 4.36682029203e-007, 1.03293331222e-007, 2.15621867028e-008, 4.30246460681e-009, 4.67614058586e-010, 1.08144687649e-010, 5.02792418811e-010]
    },
    "gfcc": {
        "mean": [-135.868927002, 250.323303223, -118.366142273, -15.4869976044, -26.4479789734, -21.5416145325, -14.5884504318, -15.6523771286, -4.45665550232, -8.82293605804, -1.28395426273, -13.5979709625, 1.63451647758],
        "cov": [[6565.94384766, -357.505340576, -1099.59301758, 1073.71459961, -521.410095215, -24.789308548, 97.5322647095, 49.3268585205, 184.610366821, 60.1019363403, 72.645866394, -179.275146484, -136.993560791], [-357.505340576, 738.890319824, 255.174026489, -421.345611572, 349.435699463, -90.1524429321, 0.950726211071, -51.7780456543, -74.5655975342, 40.5780181885, 20.4772701263, 31.4304218292, 20.091917038], [-1099.59301758, 255.174026489, 458.283233643, -239.163879395, 169.367736816, 46.8266639709, -40.518409729, -31.3520088196, -47.2747764587, -18.6422767639, -3.27993035316, 37.9323616028, 13.1433763504], [1073.71459961, -421.345611572, -239.163879395, 488.440246582, -221.667098999, 59.1365966797, 34.2981987, 13.7481918335, 71.2111816406, -27.9570846558, 4.3196721077, -43.6434288025, -36.0773429871], [-521.410095215, 349.435699463, 169.367736816, -221.667098999, 292.503601074, -50.1571426392, 4.60333156586, -7.18565988541, -59.6190757751, 44.3505516052, 14.2038145065, 16.3333053589, 6.93694829941], [-24.789308548, -90.1524429321, 46.8266639709, 59.1365966797, -50.1571426392, 103.98866272, 9.90546607971, 13.1511735916, 23.1245994568, -29.2714996338, -9.41551971436, -8.80028533936, -10.8771896362], [97.5322647095, 0.950726211071, -40.518409729, 34.2981987, 4.60333156586, 9.90546607971, 82.9310302734, 26.9186763763, 10.2120141983, -1.97128176689, -19.4596672058, -7.98183679581, -0.942343235016], [49.3268585205, -51.7780456543, -31.3520088196, 13.7481918335, -7.18565988541, 13.1511735916, 26.9186763763, 84.0207672119, 18.7412605286, -2.25538349152, -20.2023601532, -22.6444416046, -0.0998790934682], [184.610366821, -74.5655975342, -47.2747764587, 71.2111816406, -59.6190757751, 23.1245994568, 10.2120141983, 18.7412605286, 73.8227996826, 15.8944158554, 0.54586571455, -4.57041549683, -11.8381996155], [60.1019363403, 40.5780181885, -18.6422767639, -27.9570846558, 44.3505516052, -29.2714996338, -1.97128176689, -2.25538349152, 15.8944158554, 78.45362854, 37.0341873169, 12.549706459, -0.337541013956], [72.645866394, 20.4772701263, -3.27993035316, 4.3196721077, 14.2038145065, -9.41551971436, -19.4596672058, -20.2023601532, 0.54586571455, 37.0341873169, 68.7756881714, 37.9047050476, -3.60814619064], [-179.275146484, 31.4304218292, 37.9323616028, -43.6434288025, 16.3333053589, -8.80028533936, -7.98183679581, -22.6444416046, -4.57041549683, 12.549706459, 37.9047050476, 74.3486099243, 24.8235969543], [-136.993560791, 20.091917038, 13.1433763504, -36.0773429871, 6.93694829941, -10.8771896362, -0.942343235016, -0.0998790934682, -11.8381996155, -0.337541013956, -3.60814619064, 24.8235969543, 60.3961830139]],
        "icov": [[0.000769361329731, -0.00238205702044, 0.00136641284917, -0.00244008703157, 0.00192362477537, -0.000845255388413, 0.00118139840197, -0.0013689128682, 0.00143073440995, -0.0019261414418, 0.000820721266791, -0.000387069041608, 0.000903399311937], [-0.00238205702044, 0.013048815541, -0.00467289658263, 0.0110281957313, -0.0106791807339, 0.00513056758791, -0.00689589884132, 0.00813590548933, -0.00836247764528, 0.0103151518852, -0.00760137476027, 0.00535038113594, -0.00431770039722], [0.00136641284917, -0.00467289658263, 0.00726685067639, -0.00323522952385, 0.00115891441237, -0.00592976575717, 0.00462516676635, -0.0016089878045, 0.00286048161797, -0.00256344210356, 0.00347530399449, -0.00313428533264, 0.00205059954897], [-0.00244008703157, 0.0110281957313, -0.00323522952385, 0.0142902154475, -0.00727103417739, 0.00283967703581, -0.00744986627251, 0.00778983626515, -0.0087444903329, 0.0107488948852, -0.00920360628515, 0.006546638906, -0.00361454393715], [0.00192362477537, -0.0106791807339, 0.00115891441237, -0.00727103417739, 0.016966111958, -0.00169481919147, 0.00243063969538, -0.00759267574176, 0.0112922824919, -0.0128539577127, 0.00514166988432, -0.00304308673367, 0.00479129329324], [-0.000845255388413, 0.00513056758791, -0.00592976575717, 0.00283967703581, -0.00169481919147, 0.0185754690319, -0.00574942538515, 0.00132851523813, -0.00786529295146, 0.00962892919779, -0.00726252794266, 0.00479742372409, -0.00107831531204], [0.00118139840197, -0.00689589884132, 0.00462516676635, -0.00744986627251, 0.00243063969538, -0.00574942538515, 0.0206726547331, -0.00802756939083, 0.00479782978073, -0.00771032785997, 0.0126891089603, -0.00850485824049, 0.00366272660904], [-0.0013689128682, 0.00813590548933, -0.0016089878045, 0.00778983626515, -0.00759267574176, 0.00132851523813, -0.00802756939083, 0.0210183113813, -0.0095127960667, 0.00712625915185, -0.00449758814648, 0.00828921142966, -0.00528781721368], [0.00143073440995, -0.00836247764528, 0.00286048161797, -0.0087444903329, 0.0112922824919, -0.00786529295146, 0.00479782978073, -0.0095127960667, 0.0298068076372, -0.0190266296268, 0.0123355397955, -0.00925148651004, 0.00780231971294], [-0.0019261414418, 0.0103151518852, -0.00256344210356, 0.0107488948852, -0.0128539577127, 0.00962892919779, -0.00771032785997, 0.00712625915185, -0.0190266296268, 0.0362986773252, -0.0239362251014, 0.0112647227943, -0.0073062973097], [0.000820721266791, -0.00760137476027, 0.00347530399449, -0.00920360628515, 0.00514166988432, -0.00726252794266, 0.0126891089603, -0.00449758814648, 0.0123355397955, -0.0239362251014, 0.0446182563901, -0.02595006302, 0.0120438067243], [-0.000387069041608, 0.00535038113594, -0.00313428533264, 0.006546638906, -0.00304308673367, 0.00479742372409, -0.00850485824049, 0.00828921142966, -0.00925148651004, 0.0112647227943, -0.02595006302, 0.0340709500015, -0.0142749603838], [0.000903399311937, -0.00431770039722, 0.00205059954897, -0.00361454393715, 0.00479129329324, -0.00107831531204, 0.00366272660904, -0.00528781721368, 0.00780231971294, -0.0073062973097, 0.0120438067243, -0.0142749603838, 0.0248165372759]]
    },
    "melbands": {
        "mean": [0.000920471618883, 0.00223681004718, 0.00132589496206, 0.00136433250736, 0.00102305226028, 0.00120079959743, 0.000559760432225, 0.000718781549949, 0.00045781157678, 0.000285593530862, 9.56712465268e-005, 6.81671808707e-005, 4.21918266511e-005, 7.24107449059e-005, 3.23859385389e-005, 1.54283843585e-005, 8.47256887937e-006, 1.33674484459e-005, 6.99787278791e-006, 4.5954293455e-006, 3.08315907205e-006, 9.94667743726e-007, 8.43308384901e-007, 5.10015752297e-007, 3.89196202377e-007, 3.17749226042e-007, 1.11868786234e-007, 1.36738293577e-007, 1.46250243915e-007, 6.68585897756e-008, 1.69862950372e-008, 1.05352668811e-008, 5.19106357899e-009, 7.11846182e-009, 2.80559775412e-009, 9.33339516784e-010, 9.61248747267e-010, 8.36720470687e-010, 2.70681199677e-010, 1.82607054477e-010],
        "var": [4.73954628433e-007, 5.06866081196e-006, 1.48167566749e-006, 3.26307667819e-006, 9.33890305532e-007, 2.25139388021e-006, 5.57312716865e-007, 6.54225686958e-007, 4.80555911508e-007, 2.49987408552e-007, 1.70003922051e-008, 7.97698529453e-009, 4.79692285893e-009, 7.11387304619e-009, 1.33868249819e-009, 5.10029185552e-010, 1.00903001232e-010, 3.66556424103e-010, 1.17494639018e-010, 5.32074870274e-011, 2.06471454517e-011, 3.75735033364e-012, 1.62080884738e-012, 5.93099029091e-013, 5.15654955801e-013, 3.21135072744e-013, 6.53170958076e-014, 1.58818772478e-013, 3.69672039291e-013, 1.0917125087e-013, 1.17662267851e-015, 5.63059169517e-016, 1.68124631555e-016, 3.62560435792e-016, 4.11346959368e-017, 3.74268580139e-018, 6.32092670701e-018, 7.15615206461e-018, 4.62476577081e-019, 2.72975728449e-019]
    },
    "mfcc": {
        "mean": [-765.575561523, 261.910186768, -2.39054107666, 5.90426158905, 4.82672166824, -1.31140124798, -1.73718118668, -6.63538503647, -1.3450704813, 0.745406985283, -2.51238965988, 1.05395209789, 2.42439055443],
        "cov": [[3531.75561523, 325.655883789, -1212.1673584, 832.387451172, -249.933685303, -123.322929382, 47.6445198059, -71.9248352051, 10.6456222534, 155.95475769, 177.724746704, 141.522872925, -33.1623916626], [325.655883789, 528.243774414, -11.3955230713, -66.445930481, 144.611785889, -7.88375759125, 41.4548301697, -22.4162483215, -28.5993862152, -8.66387844086, 25.0349655151, 32.6904335022, -6.85326528549], [-1212.1673584, -11.3955230713, 588.571044922, -297.004669189, 92.2916107178, 101.777603149, -22.8250141144, 43.5825233459, -10.5126914978, -62.1246414185, -58.2309455872, -62.5339012146, 0.916787981987], [832.387451172, -66.445930481, -297.004669189, 326.375854492, -74.0118331909, -27.6239776611, 21.0594787598, -11.9466581345, 5.60949850082, 34.237903595, 51.199180603, 29.457447052, -27.2081775665], [-249.933685303, 144.611785889, 92.2916107178, -74.0118331909, 158.031799316, 16.8412380219, 15.7422122955, 0.217702880502, -32.3274803162, -19.8000659943, -1.08518743515, 5.76062059402, -3.02444648743], [-123.322929382, -7.88375759125, 101.777603149, -27.6239776611, 16.8412380219, 82.3066940308, 6.70570993423, 5.13574886322, -2.3835208416, -8.95477390289, -2.1878798008, -11.6263685226, 4.19958972931], [47.6445198059, 41.4548301697, -22.8250141144, 21.0594787598, 15.7422122955, 6.70570993423, 64.8588562012, 19.0760593414, 3.29281401634, 0.738098859787, -2.14972996712, 6.61334466934, -12.9507694244], [-71.9248352051, -22.4162483215, 43.5825233459, -11.9466581345, 0.217702880502, 5.13574886322, 19.0760593414, 72.0491256714, 29.3555374146, -4.20956993103, -1.48585057259, -13.6566324234, -15.6067790985], [10.6456222534, -28.5993862152, -10.5126914978, 5.60949850082, -32.3274803162, -2.3835208416, 3.29281401634, 29.3555374146, 79.2880096436, 38.2944755554, -13.79575634, -12.1668395996, -3.89296770096], [155.95475769, -8.66387844086, -62.1246414185, 34.237903595, -19.8000659943, -8.95477390289, 0.738098859787, -4.20956993103, 38.2944755554, 79.4429092407, 19.0004425049, -10.7082767487, -6.46391534805], [177.724746704, 25.0349655151, -58.2309455872, 51.199180603, -1.08518743515, -2.1878798008, -2.14972996712, -1.48585057259, -13.79575634, 19.0004425049, 76.9992523193, 23.465215683, -17.507144928], [141.522872925, 32.6904335022, -62.5339012146, 29.457447052, 5.76062059402, -11.6263685226, 6.61334466934, -13.6566324234, -12.1668395996, -10.7082767487, 23.465215683, 67.9570236206, 27.0511779785], [-33.1623916626, -6.85326528549, 0.916787981987, -27.2081775665, -3.02444648743, 4.19958972931, -12.9507694244, -15.6067790985, -3.89296770096, -6.46391534805, -17.507144928, 27.0511779785, 67.509765625]],
        "icov": [[0.0116504114121, -0.0150967817754, 0.0161152984947, -0.0165340527892, 0.0171607472003, -0.0156094189733, 0.0160925127566, -0.0168472286314, 0.0163808986545, -0.0148603376001, 0.0115626985207, -0.00926214177161, 0.00447176629677], [-0.0150967817754, 0.0225834771991, -0.0203058291227, 0.0224050898105, -0.0248907934874, 0.0206983741373, -0.0227592326701, 0.023609355092, -0.0224608462304, 0.0200872085989, -0.0165463183075, 0.0118516897783, -0.00554030155763], [0.0161152984947, -0.0203058291227, 0.0273724813014, -0.0192232150584, 0.0225045420229, -0.0261351298541, 0.0240624547005, -0.0252559501678, 0.0229858346283, -0.01914915815, 0.0168886501342, -0.0119015900418, 0.00778775801882], [-0.0165340527892, 0.0224050898105, -0.0192232150584, 0.0306863076985, -0.0234475210309, 0.0196286588907, -0.0236857533455, 0.0238021835685, -0.0227599535137, 0.0209643244743, -0.0174986794591, 0.0115669397637, -0.00300968973897], [0.0171607472003, -0.0248907934874, 0.0225045420229, -0.0234475210309, 0.036262691021, -0.0239907931536, 0.023163119331, -0.0269179102033, 0.0293966084719, -0.0242620520294, 0.0191348157823, -0.0162107795477, 0.00831502396613], [-0.0156094189733, 0.0206983741373, -0.0261351298541, 0.0196286588907, -0.0239907931536, 0.0394424013793, -0.0271928478032, 0.0262328144163, -0.0249357074499, 0.0226362124085, -0.0211840309203, 0.017844459042, -0.0118956714869], [0.0160925127566, -0.0227592326701, 0.0240624547005, -0.0236857533455, 0.023163119331, -0.0271928478032, 0.0458415485919, -0.033032938838, 0.027643116191, -0.025613443926, 0.0252545401454, -0.0211631637067, 0.013779617846], [-0.0168472286314, 0.023609355092, -0.0252559501678, 0.0238021835685, -0.0269179102033, 0.0262328144163, -0.033032938838, 0.0498624481261, -0.0386885181069, 0.0318215042353, -0.0260199271142, 0.0202934965491, -0.00765419146046], [0.0163808986545, -0.0224608462304, 0.0229858346283, -0.0227599535137, 0.0293966084719, -0.0249357074499, 0.027643116191, -0.0386885181069, 0.0527259595692, -0.0390249229968, 0.0295937936753, -0.0207410845906, 0.0107980621979], [-0.0148603376001, 0.0200872085989, -0.01914915815, 0.0209643244743, -0.0242620520294, 0.0226362124085, -0.025613443926, 0.0318215042353, -0.0390249229968, 0.0464549176395, -0.0290051940829, 0.0244005974382, -0.0117051871493], [0.0115626985207, -0.0165463183075, 0.0168886501342, -0.0174986794591, 0.0191348157823, -0.0211840309203, 0.0252545401454, -0.0260199271142, 0.0295937936753, -0.0290051940829, 0.0403898917139, -0.0261539947242, 0.0176063925028], [-0.00926214177161, 0.0118516897783, -0.0119015900418, 0.0115669397637, -0.0162107795477, 0.017844459042, -0.0211631637067, 0.0202934965491, -0.0207410845906, 0.0244005974382, -0.0261539947242, 0.0406922996044, -0.0216755885631], [0.00447176629677, -0.00554030155763, 0.00778775801882, -0.00300968973897, 0.00831502396613, -0.0118956714869, 0.013779617846, -0.00765419146046, 0.0107980621979, -0.0117051871493, 0.0176063925028, -0.0216755885631, 0.0298677552491]]
    },
    "spectral_contrast_coeffs": {
        "mean": [-0.620705425739, -0.69814157486, -0.742924451828, -0.74701321125, -0.757018387318, -0.76724678278],
        "var": [0.00410282658413, 0.00427410192788, 0.00468223867938, 0.00149390846491, 0.0012921403395, 0.00419741775841]
    },
    "spectral_contrast_valleys": {
        "mean": [-6.88943719864, -6.20225715637, -7.35931587219, -8.69997882843, -10.2123661041, -14.1562099457],
        "var": [1.16186022758, 1.09144997597, 1.02745211124, 1.19072771072, 1.49062085152, 0.923910915852]
    }
},
"metadata": {
    "audio_properties": {
        "analysis_sample_rate": 44100,
        "bit_rate": 95059,
        "equal_loudness": 0,
        "length": 45.0612258911,
        "lossless": 0,
        "replay_gain": -9.84140586853,
        "sample_rate": 44100,
        "codec": "mp3",
        "downmix": "mix",
        "md5_encoded": "fbdf74af26ff3d4e95f532a43d2f5f8b"
    },
    "tags": {
        "file_name": "172.mp3"
    },
    "version": {
        "essentia": "2.1-beta2",
        "essentia_git_sha": "v2.1_beta2",
        "extractor": "music 1.0"
    }
},
"rhythm": {
    "beats_count": 51,
    "beats_loudness": {
        "mean": 0.0469682887197,
        "var": 0.000503431656398
    },
    "bpm": 68.5538101196,
    "bpm_histogram_first_peak_bpm": {
        "mean": 68,
        "var": 0
    },
    "bpm_histogram_first_peak_spread": {
        "mean": 0.5,
        "var": 0
    },
    "bpm_histogram_first_peak_weight": {
        "mean": 0.479999989271,
        "var": 0
    },
    "bpm_histogram_second_peak_bpm": {
        "mean": 74,
        "var": 0
    },
    "bpm_histogram_second_peak_spread": {
        "mean": 0,
        "var": 0
    },
    "bpm_histogram_second_peak_weight": {
        "mean": 0.0399999991059,
        "var": 0
    },
    "danceability": 0.892194509506,
    "onset_rate": 1.86329030991,
    "beats_loudness_band_ratio": {
        "mean": [0.305646955967, 0.33270791173, 0.328805595636, 0.0648394674063, 0.0122359851375, 0.000539121916518],
        "var": [0.0257356893271, 0.0220644455403, 0.0214614663273, 0.000689173059072, 4.56241359643e-005, 4.9097172905e-007]
    },
    "beats_position": [0.893968224525, 1.79954648018, 2.69351458549, 3.5758728981, 4.446621418, 5.30575942993, 6.2229475975, 7.1517457962, 8.05732440948, 8.93968200684, 9.82204055786, 10.6811790466, 11.5403175354, 12.4110651016, 13.2934236526, 14.1641721725, 15.0233106613, 15.9056682587, 16.7764167786, 17.6471652985, 18.4598636627, 19.272562027, 20.1781406403, 21.0721092224, 21.9660758972, 22.8716545105, 23.7656230927, 24.6363716125, 25.4839000702, 26.3314285278, 27.2370071411, 28.142583847, 29.0249423981, 29.9073009491, 30.7664394379, 31.6255779266, 32.4847145081, 33.3206329346, 34.1681632996, 35.0621299744, 35.9561004639, 36.8500671387, 37.6859855652, 38.5219039917, 39.3578224182, 40.1937408447, 41.0760993958, 41.9584579468, 42.8175964355, 43.6883430481, 44.5590934753]
},
"tonal": {
    "chords_changes_rate": 0.0205761324614,
    "chords_number_rate": 0.00411522621289,
    "chords_strength": {
        "mean": 0.556828737259,
        "var": 0.00766785722226
    },
    "hpcp_entropy": {
        "mean": 1.68129777908,
        "var": 0.305290043354
    },
    "key_strength": 0.670232594013,
    "tuning_diatonic_strength": 0.507495164871,
    "tuning_equal_tempered_deviation": 0.0438451841474,
    "tuning_frequency": 441.017791748,
    "tuning_nontempered_energy_ratio": 0.606579422951,
    "hpcp": {
        "mean": [0.0196129158139, 0.0486946217716, 0.34120079875, 0.518697798252, 0.23245331645, 0.0172195825726, 0.0051443153061, 0.00819084141403, 0.0692413523793, 0.109021924436, 0.0600947402418, 0.165638357401, 0.313317149878, 0.184516787529, 0.0444896370173, 0.0285774637014, 0.01432693284, 0.0521789975464, 0.0891566649079, 0.0484076924622, 0.00632472196594, 0.00352652650326, 0.0469388216734, 0.361422598362, 0.489670068026, 0.192607998848, 0.0411985181272, 0.0368541553617, 0.0191865321249, 0.00861123949289, 0.00835376046598, 0.0265063103288, 0.210323691368, 0.340115338564, 0.166185542941, 0.0264310054481],
        "var": [0.00448245648295, 0.00837814435363, 0.0988402664661, 0.199019268155, 0.0501100830734, 0.00243888562545, 0.000219294452108, 0.00131094816606, 0.0108840847388, 0.019618762657, 0.00602207100019, 0.0357283875346, 0.104856863618, 0.0399691648781, 0.00493418937549, 0.00252822414041, 0.00125312583987, 0.0092133814469, 0.0274309888482, 0.00927320029587, 0.000810232246295, 0.000382641126635, 0.00404931884259, 0.0770230293274, 0.124202765524, 0.0361045747995, 0.0172023344785, 0.014548717998, 0.00346612907015, 0.00120460474864, 0.00229818490334, 0.00395063124597, 0.0690892413259, 0.153490692377, 0.0429031848907, 0.00615764036775]
    },
    "chords_histogram": [60.0823059082, 36.6255149841, 1.44032919407, 1.85185182095, 0, 0, 0, 0, 0, 0, 0, 0, 0, 0, 0, 0, 0, 0, 0, 0, 0, 0, 0, 0],
    "thpcp": [1, 0.44814786315, 0.0331977158785, 0.00991775002331, 0.0157911628485, 0.133490741253, 0.210183903575, 0.115856938064, 0.319334983826, 0.604045629501, 0.355730801821, 0.0857717841864, 0.0550946295261, 0.0276209637523, 0.100596144795, 0.171885564923, 0.0933254286647, 0.0121934618801, 0.0067988075316, 0.0904935821891, 0.696788370609, 0.94403731823, 0.371329903603, 0.0794268250465, 0.0710513070226, 0.0369898080826, 0.0166016500443, 0.0161052551121, 0.0511016435921, 0.405484050512, 0.655709981918, 0.320389926434, 0.0509564653039, 0.0378118343651, 0.0938785970211, 0.657802700996],
    "chords_key": "A#",
    "chords_scale": "minor",
    "key_key": "A#",
    "key_scale": "minor"
}
}