{
"lowlevel": {
    "average_loudness": 0.910427689552,
    "barkbands_crest": {
        "mean": 10.8110456467,
        "var": 15.5252017975
    },
    "barkbands_flatness_db": {
        "mean": 0.244796201587,
        "var": 0.0109961377457
    },
    "barkbands_kurtosis": {
        "mean": 5.01427316666,
        "var": 61.7171783447
    },
    "barkbands_skewness": {
        "mean": 1.39338862896,
        "var": 1.33752846718
    },
    "barkbands_spread": {
        "mean": 10.2246837616,
        "var": 34.9957733154
    },
    "dissonance": {
        "mean": 0.427373558283,
        "var": 0.00340409483761
    },
    "dynamic_complexity": 3.31577634811,
    "erbbands_crest": {
        "mean": 12.8235473633,
        "var": 32.4184112549
    },
    "erbbands_flatness_db": {
        "mean": 0.257265627384,
        "var": 0.00658273370937
    },
    "erbbands_kurtosis": {
        "mean": 1.72566485405,
        "var": 14.311706543
    },
    "erbbands_skewness": {
        "mean": 0.634943425655,
        "var": 0.961133122444
    },
    "erbbands_spread": {
        "mean": 21.4178199768,
        "var": 138.518173218
    },
    "hfc": {
        "mean": 15.9124326706,
        "var": 232.795166016
    },
    "melbands_crest": {
        "mean": 13.7935810089,
        "var": 25.6990203857
    },
    "melbands_flatness_db": {
        "mean": 0.305597990751,
        "var": 0.0156009970233
    },
    "melbands_kurtosis": {
        "mean": 9.22670269012,
        "var": 179.001434326
    },
    "melbands_skewness": {
        "mean": 1.89661502838,
        "var": 1.71716320515
    },
    "melbands_spread": {
        "mean": 13.4111127853,
        "var": 90.44972229
    },
    "pitch_salience": {
        "mean": 0.554069340229,
        "var": 0.0136110428721
    },
    "silence_rate_20dB": {
        "mean": 1,
        "var": 0
    },
    "silence_rate_30dB": {
        "mean": 1,
        "var": 0
    },
    "silence_rate_60dB": {
        "mean": 0.0762100890279,
        "var": 0.0704026520252
    },
    "spectral_centroid": {
        "mean": 686.679321289,
        "var": 118392.390625
    },
    "spectral_complexity": {
        "mean": 13.5272912979,
        "var": 57.2846565247
    },
    "spectral_decrease": {
        "mean": -7.30611215971e-009,
        "var": 2.52044596166e-017
    },
    "spectral_energy": {
        "mean": 0.0290182568133,
        "var": 0.000403645681217
    },
    "spectral_energyband_high": {
        "mean": 0.00015735164925,
        "var": 9.35538793101e-008
    },
    "spectral_energyband_low": {
        "mean": 0.00680137891322,
        "var": 3.87195868825e-005
    },
    "spectral_energyband_middle_high": {
        "mean": 0.00571702234447,
        "var": 6.920069427e-005
    },
    "spectral_energyband_middle_low": {
        "mean": 0.0181555952877,
        "var": 0.000199240879738
    },
    "spectral_entropy": {
        "mean": 6.60354471207,
        "var": 0.71437984705
    },
    "spectral_flux": {
        "mean": 0.0860652625561,
        "var": 0.00277256406844
    },
    "spectral_kurtosis": {
        "mean": 25.6773223877,
        "var": 4669.52929688
    },
    "spectral_rms": {
        "mean": 0.00491679413244,
        "var": 4.13562247559e-006
    },
    "spectral_rolloff": {
        "mean": 838.852050781,
        "var": 377861
    },
    "spectral_skewness": {
        "mean": 2.99645233154,
        "var": 7.73313856125
    },
    "spectral_spread": {
        "mean": 2761244.25,
        "var": 2.30679170253e+012
    },
    "spectral_strongpeak": {
        "mean": 1.33833563328,
        "var": 3.16876292229
    },
    "zerocrossingrate": {
        "mean": 0.0335352681577,
        "var": 0.000331659044605
    },
    "barkbands": {
        "mean": [1.3423738892e-005, 0.00243277102709, 0.00268386001699, 0.00232137972489, 0.00385492411442, 0.00600806018338, 0.00334404688329, 0.000576253165491, 0.00158106081653, 0.000718222756404, 0.000631461385638, 0.00140202988405, 0.00174588244408, 0.000673679809552, 0.000334690557793, 0.000207735662116, 0.000132835528348, 0.000107695028419, 6.74426264595e-005, 4.75173364975e-005, 3.61262209481e-005, 3.64569823432e-005, 3.47628447344e-005, 2.34877352341e-005, 2.25989265346e-006, 2.1034036024e-007, 1.45834553322e-008],
        "var": [2.16348494675e-009, 8.18246007839e-006, 9.07543198991e-006, 1.12354582598e-005, 3.27776215272e-005, 5.19551576872e-005, 2.43543890974e-005, 1.47835646658e-006, 7.83400901128e-006, 3.15413944918e-006, 3.67937491319e-006, 1.72908894456e-005, 2.58995642071e-005, 7.85128850112e-006, 5.84784856983e-007, 1.43750909842e-007, 4.62430165271e-008, 9.91125261862e-008, 1.52291477207e-008, 9.97092541866e-009, 4.7190265029e-009, 7.55494511395e-009, 6.45226583273e-009, 2.92439161775e-009, 4.45837949892e-011, 3.48108017021e-013, 2.28577071245e-015]
    },
    "erbbands": {
        "mean": [0.0377226807177, 0.678613126278, 2.58240795135, 7.05422258377, 7.24232196808, 13.2009496689, 34.5400619507, 51.7999267578, 54.7292938232, 27.979139328, 11.1989450455, 37.2849845886, 35.5768280029, 13.9839229584, 39.3002891541, 65.6432876587, 87.4629058838, 44.1093063354, 21.7257766724, 14.502155304, 8.76681995392, 7.88353252411, 7.08356142044, 3.0217461586, 3.8721408844, 2.54699587822, 1.50553250313, 1.33201050758, 1.2451351881, 1.41023433208, 0.843616843224, 0.61396831274, 0.327569305897, 0.0534750856459, 0.00603165803477, 0.00125199707691, 0.000366717489669, 6.93216206855e-005, 1.65406127053e-005, 3.33493117068e-005],
        "var": [0.00153458327986, 0.614210247993, 8.27461051941, 86.5291442871, 132.600326538, 459.999176025, 1910.30883789, 3816.59155273, 5953.3359375, 1564.47009277, 466.39666748, 3869.83178711, 7070.10253906, 733.774291992, 9759.97558594, 36110.9101563, 62311.5898438, 25443.7207031, 2215.4543457, 882.980407715, 206.030563354, 174.104858398, 409.818572998, 33.2580070496, 56.9341125488, 31.3846797943, 8.15170383453, 8.29782295227, 7.9723482132, 13.4305820465, 3.34613108635, 1.81502103806, 0.749460756779, 0.0174536891282, 0.000301288615447, 1.11527861009e-005, 1.03258548734e-006, 4.21305905718e-008, 1.758590773e-010, 5.46602374474e-010]
    },
    "gfcc": {
        "mean": [-82.8434371948, 163.935272217, -126.865409851, 19.1503677368, -59.8702125549, 5.40664958954, -36.1245384216, -15.0868444443, -8.02679157257, -9.53626060486, 6.65703487396, -7.62565803528, -1.76570999622],
        "cov": [[14967.7255859, -1925.43457031, -2112.71362305, 2076.28833008, -1584.71655273, 1440.98925781, -33.7715301514, -299.509216309, -141.463562012, -244.684326172, 100.437995911, -189.854278564, -355.769622803], [-1925.43457031, 1149.08935547, 648.339477539, -355.005462646, 424.265991211, -388.109039307, 81.66065979, -77.6607666016, 68.2979125977, -52.8468780518, 7.92868900299, -91.9854049683, 48.394618988], [-2112.71362305, 648.339477539, 2476.31762695, 597.184326172, -50.2592811584, -10.8543653488, -24.5507392883, -150.230438232, -16.3988513947, -123.688972473, -157.710113525, -68.7592773438, -39.9868469238], [2076.28833008, -355.005462646, 597.184326172, 996.405273438, -319.652435303, 397.44921875, -2.24472260475, -134.142807007, -42.6177597046, -105.463722229, -62.2969741821, -69.2756652832, -117.045791626], [-1584.71655273, 424.265991211, -50.2592811584, -319.652435303, 539.861083984, -185.161148071, 22.6692485809, 41.5642356873, 31.6892795563, 30.4441490173, -7.75831460953, -30.4640350342, 21.803483963], [1440.98925781, -388.109039307, -10.8543653488, 397.44921875, -185.161148071, 498.588928223, 9.08032989502, -14.0170488358, -8.19930171967, -39.7682571411, -39.9147796631, -39.0316772461, -77.8273162842], [-33.7715301514, 81.66065979, -24.5507392883, -2.24472260475, 22.6692485809, 9.08032989502, 154.906509399, 42.1959533691, 5.6411857605, 2.32430934906, -4.12906885147, -16.1805992126, -25.2273406982], [-299.509216309, -77.6607666016, -150.230438232, -134.142807007, 41.5642356873, -14.0170488358, 42.1959533691, 181.854003906, 47.3048973083, 15.0576324463, -20.6677722931, 30.3483181, 20.8513832092], [-141.463562012, 68.2979125977, -16.3988513947, -42.6177597046, 31.6892795563, -8.19930171967, 5.6411857605, 47.3048973083, 111.892272949, 27.3637580872, 2.34073019028, 10.3962488174, 24.6257839203], [-244.684326172, -52.8468780518, -123.688972473, -105.463722229, 30.4441490173, -39.7682571411, 2.32430934906, 15.0576324463, 27.3637580872, 126.005050659, 64.1669692993, 16.8972759247, -8.1757516861], [100.437995911, 7.92868900299, -157.710113525, -62.2969741821, -7.75831460953, -39.9147796631, -4.12906885147, -20.6677722931, 2.34073019028, 64.1669692993, 148.316375732, 28.2330150604, -9.92576980591], [-189.854278564, -91.9854049683, -68.7592773438, -69.2756652832, -30.4640350342, -39.0316772461, -16.1805992126, 30.3483181, 10.3962488174, 16.8972759247, 28.2330150604, 126.049240112, 58.8430786133], [-355.769622803, 48.394618988, -39.9868469238, -117.045791626, 21.803483963, -77.8273162842, -25.2273406982, 20.8513832092, 24.6257839203, -8.1757516861, -9.92576980591, 58.8430786133, 123.780166626]],
        "icov": [[0.000346930901287, -0.000713509332854, 0.000725294055883, -0.000952422094997, 0.00091220199829, -0.000412776193116, 0.000559848616831, -0.000294914585538, 0.000407191633713, -0.000194859152543, 0.000202382798307, -9.24523192225e-005, 0.000319676299114], [-0.000713509332854, 0.00730169285089, -0.00329787633382, 0.00436407700181, -0.00447740638629, 0.00288307620212, -0.00517811346799, 0.00496958894655, -0.0059646256268, 0.00624337093905, -0.00402911007404, 0.00423417892307, -0.00187224207912], [0.000725294055883, -0.00329787633382, 0.00264266110025, -0.00318460329436, 0.00262136990204, -0.00109086546581, 0.00244162627496, -0.00167510984465, 0.00223465403542, -0.00214167893864, 0.0020918243099, -0.00151271221694, 0.00114937615581], [-0.000952422094997, 0.00436407700181, -0.00318460329436, 0.0060410387814, -0.00281070871279, 0.000581417232752, -0.00338840857148, 0.0036997620482, -0.00362245040014, 0.00394642213359, -0.00203028297983, 0.00186361954547, -0.000280656036921], [0.00091220199829, -0.00447740638629, 0.00262136990204, -0.00281070871279, 0.00611474411562, -0.00154428975657, 0.00301994546317, -0.00273043848574, 0.00286272959784, -0.00323320180178, 0.00248317257501, -0.00101730332244, 0.00148845033254], [-0.000412776193116, 0.00288307620212, -0.00109086546581, 0.000581417232752, -0.00154428975657, 0.00472301011905, -0.00192161859013, 0.00135906634387, -0.00269615161233, 0.00231146463193, -0.000705826678313, 0.00162165623624, 0.000366388267139], [0.000559848616831, -0.00517811346799, 0.00244162627496, -0.00338840857148, 0.00301994546317, -0.00192161859013, 0.0110389804468, -0.00559770548716, 0.0043020946905, -0.00416194461286, 0.00259092100896, -0.00226128846407, 0.00282288203016], [-0.000294914585538, 0.00496958894655, -0.00167510984465, 0.0036997620482, -0.00273043848574, 0.00135906634387, -0.00559770548716, 0.0118532553315, -0.00717800902203, 0.00445883860812, -0.000555527629331, 0.000757451809477, -0.000317470956361], [0.000407191633713, -0.0059646256268, 0.00223465403542, -0.00362245040014, 0.00286272959784, -0.00269615161233, 0.0043020946905, -0.00717800902203, 0.016398826614, -0.00822757463902, 0.00311577692628, -0.00254627247341, -0.00166025850922], [-0.000194859152543, 0.00624337093905, -0.00214167893864, 0.00394642213359, -0.00323320180178, 0.00231146463193, -0.00416194461286, 0.00445883860812, -0.00822757463902, 0.0179593693465, -0.0080182524398, 0.00311452243477, 0.0011618292192], [0.000202382798307, -0.00402911007404, 0.0020918243099, -0.00203028297983, 0.00248317257501, -0.000705826678313, 0.00259092100896, -0.000555527629331, 0.00311577692628, -0.0080182524398, 0.0127360289916, -0.00519509939477, 0.0029947955627], [-9.24523192225e-005, 0.00423417892307, -0.00151271221694, 0.00186361954547, -0.00101730332244, 0.00162165623624, -0.00226128846407, 0.000757451809477, -0.00254627247341, 0.00311452243477, -0.00519509939477, 0.0150399403647, -0.006891310215], [0.000319676299114, -0.00187224207912, 0.00114937615581, -0.000280656036921, 0.00148845033254, 0.000366388267139, 0.00282288203016, -0.000317470956361, -0.00166025850922, 0.0011618292192, 0.0029947955627, -0.006891310215, 0.0143557619303]]
    },
    "melbands": {
        "mean": [0.000535275146831, 0.00124710565433, 0.00113680632785, 0.000738891540095, 0.00110850157216, 0.0011612533126, 0.000778816465754, 0.000247684685746, 9.20864404179e-005, 0.000250426848652, 0.000170004248503, 4.75822198496e-005, 0.00010000954353, 0.000195189903025, 0.000156490903464, 0.000156109046657, 7.84859366831e-005, 3.23581662087e-005, 2.15001382458e-005, 1.88120829989e-005, 8.19882097858e-006, 8.1999851318e-006, 6.4884461608e-006, 5.51918355995e-006, 1.95719667317e-006, 2.69269503406e-006, 2.35469610743e-006, 1.56140185936e-006, 9.8145346783e-007, 7.79662855166e-007, 7.67477672525e-007, 6.47255831154e-007, 8.18268517833e-007, 7.46307478039e-007, 4.37248047547e-007, 4.66768625529e-007, 3.5326405623e-007, 2.80118229057e-007, 9.57113144295e-008, 2.49104612493e-008],
        "var": [3.55589492074e-007, 1.5522080048e-006, 1.90037303582e-006, 1.72752993421e-006, 1.86659724477e-006, 1.86379224942e-006, 1.22792823731e-006, 1.42510145906e-007, 3.68721337907e-008, 1.7978680944e-007, 1.70841857994e-007, 1.15612719398e-008, 8.13901905872e-008, 2.94891037811e-007, 1.67295226561e-007, 2.27524466823e-007, 1.25856431055e-007, 6.72076083674e-009, 2.83353518427e-009, 1.2624077339e-009, 2.19674445301e-010, 2.08557102144e-010, 1.50974871493e-010, 3.26367211034e-010, 1.40487890418e-011, 2.86150027284e-011, 2.21620950758e-011, 1.63837068912e-011, 3.98767260532e-012, 2.87401417769e-012, 3.46902801623e-012, 2.40917398878e-012, 4.54435751182e-012, 4.59416142282e-012, 8.60212888334e-013, 1.36729137127e-012, 6.43294933381e-013, 6.20098753162e-013, 6.19829234054e-014, 4.97977276548e-015]
    },
    "mfcc": {
        "mean": [-711.860046387, 169.672058105, 4.74861860275, 12.9949359894, 1.63219070435, 9.4614648819, -10.9734363556, -1.70248758793, -15.1122045517, -0.841575741768, -5.27213859558, 5.53096961975, 0.40570423007],
        "cov": [[12727.4990234, -658.128479004, -1412.03808594, -46.2675247192, -776.669677734, 703.908630371, 143.991317749, 363.293670654, -361.846374512, 153.65965271, -138.297729492, 319.850952148, -131.376968384], [-658.128479004, 1097.82092285, 114.238372803, 101.35736084, 106.63420105, -69.4545440674, -3.3477294445, -57.6547927856, -18.6637115479, -39.0176773071, 52.6341323853, -20.640247345, -47.0463562012], [-1412.03808594, 114.238372803, 1737.65698242, 621.85333252, 151.275238037, 189.771911621, 38.9947280884, 1.90926420689, 25.7517623901, -59.2764778137, -79.6963195801, -29.9758491516, -21.2841777802], [-46.2675247192, 101.35736084, 621.85333252, 570.174743652, 104.976448059, 137.561798096, 50.7584075928, 24.9354686737, -0.0890602245927, -18.0729312897, -31.033996582, 6.87602376938, -10.2065086365], [-776.669677734, 106.63420105, 151.275238037, 104.976448059, 302.088409424, 40.5067062378, 12.7658405304, -24.1231079102, 31.1221542358, -7.39048957825, 6.05161809921, -14.8408412933, -9.41440677643], [703.908630371, -69.4545440674, 189.771911621, 137.561798096, 40.5067062378, 293.732513428, 75.0563049316, 37.0161933899, -21.6369419098, 21.6473350525, -17.8825321198, 25.1179828644, -25.0974178314], [143.991317749, -3.3477294445, 38.9947280884, 50.7584075928, 12.7658405304, 75.0563049316, 141.730377197, 38.7798500061, -9.28568077087, 18.9088039398, 24.3981704712, 7.23366689682, -9.03922176361], [363.293670654, -57.6547927856, 1.90926420689, 24.9354686737, -24.1231079102, 37.0161933899, 38.7798500061, 138.727981567, 58.9969673157, 9.46889209747, -23.215719223, 5.80032062531, 4.27173995972], [-361.846374512, -18.6637115479, 25.7517623901, -0.0890602245927, 31.1221542358, -21.6369419098, -9.28568077087, 58.9969673157, 167.625869751, 27.8315258026, -27.6880092621, -32.722694397, 3.31656527519], [153.65965271, -39.0176773071, -59.2764778137, -18.0729312897, -7.39048957825, 21.6473350525, 18.9088039398, 9.46889209747, 27.8315258026, 107.018302917, 44.5956039429, -5.10624313354, -20.5510807037], [-138.297729492, 52.6341323853, -79.6963195801, -31.033996582, 6.05161809921, -17.8825321198, 24.3981704712, -23.215719223, -27.6880092621, 44.5956039429, 146.26210022, 40.0799942017, -15.5067157745], [319.850952148, -20.640247345, -29.9758491516, 6.87602376938, -14.8408412933, 25.1179828644, 7.23366689682, 5.80032062531, -32.722694397, -5.10624313354, 40.0799942017, 115.849533081, 47.2824783325], [-131.376968384, -47.0463562012, -21.2841777802, -10.2065086365, -9.41440677643, -25.0974178314, -9.03922176361, 4.27173995972, 3.31656527519, -20.5510807037, -15.5067157745, 47.2824783325, 123.354789734]],
        "icov": [[0.000205773772905, 4.78698029838e-006, 0.0002398876386, -0.000179437120096, 0.000403317419114, -0.000420221098466, 0.000139747644425, -0.000439296127297, 0.000462615513243, -0.000346455810359, 0.000523642112967, -0.000582746812142, 0.000437301001512], [4.78698029838e-006, 0.00105316191912, 1.16419405458e-005, -0.000234478691709, -0.000261624896666, 0.000326056964695, -8.60548534547e-005, 0.000241247602389, -3.15682373184e-005, 0.000540038396139, -0.000463364791358, 8.35452301544e-005, 0.000421631120844], [0.0002398876386, 1.16419405458e-005, 0.00128210359253, -0.00123081298079, 0.000442185613792, -0.000785457959864, 0.000213246705243, -0.000178310860065, 0.000219858164201, 7.43402270018e-005, 0.000669567671139, -0.000413020548876, 0.000524008006323], [-0.000179437120096, -0.000234478691709, -0.00123081298079, 0.00338056636974, -0.000900825893041, -0.000194791922695, -0.000498608860653, -0.000169452076079, -6.12033618381e-005, 0.000121181758004, -7.3212562711e-005, 6.27826011623e-005, -0.000363678089343], [0.000403317419114, -0.000261624896666, 0.000442185613792, -0.000900825893041, 0.00484127365053, -0.00155564083252, -2.37818348978e-005, 0.000570625299588, -0.000640567683149, 0.00016430595133, 0.00029949247255, -0.000617494864855, 0.000681935402099], [-0.000420221098466, 0.000326056964695, -0.000785457959864, -0.000194791922695, -0.00155564083252, 0.00621255673468, -0.00237940507941, 0.000162062046002, 0.000282950466499, -0.0010938992491, 0.00102200242691, -0.00103867915459, 0.000827206473332], [0.000139747644425, -8.60548534547e-005, 0.000213246705243, -0.000498608860653, -2.37818348978e-005, -0.00237940507941, 0.00972962379456, -0.00346534047276, 0.00171362177934, -0.000731199397705, -0.00208349572495, 0.00109452591278, -0.000390735745896], [-0.000439296127297, 0.000241247602389, -0.000178310860065, -0.000169452076079, 0.000570625299588, 0.000162062046002, -0.00346534047276, 0.01195697207, -0.00564275821671, 0.00130360433832, 0.000538601248991, -0.000725962629076, -0.000297253194731], [0.000462615513243, -3.15682373184e-005, 0.000219858164201, -6.12033618381e-005, -0.000640567683149, 0.000282950466499, 0.00171362177934, -0.00564275821671, 0.0104175433517, -0.00419131200761, 0.00246346066706, 0.000763502321206, -0.000118154355732], [-0.000346455810359, 0.000540038396139, 7.43402270018e-005, 0.000121181758004, 0.00016430595133, -0.0010938992491, -0.000731199397705, 0.00130360433832, -0.00419131200761, 0.0141555787995, -0.00612052902579, 0.00278543261811, 0.00018504379841], [0.000523642112967, -0.000463364791358, 0.000669567671139, -7.3212562711e-005, 0.00029949247255, 0.00102200242691, -0.00208349572495, 0.000538601248991, 0.00246346066706, -0.00612052902579, 0.0130744576454, -0.00708910869434, 0.00382484425791], [-0.000582746812142, 8.35452301544e-005, -0.000413020548876, 6.27826011623e-005, -0.000617494864855, -0.00103867915459, 0.00109452591278, -0.000725962629076, 0.000763502321206, 0.00278543261811, -0.00708910869434, 0.0160779096186, -0.00741832982749], [0.000437301001512, 0.000421631120844, 0.000524008006323, -0.000363678089343, 0.000681935402099, 0.000827206473332, -0.000390735745896, -0.000297253194731, -0.000118154355732, 0.00018504379841, 0.00382484425791, -0.00741832982749, 0.0123538766056]]
    },
    "spectral_contrast_coeffs": {
        "mean": [-0.636279761791, -0.632653355598, -0.727172970772, -0.749998509884, -0.786082088947, -0.761042356491],
        "var": [0.00730931200087, 0.00901499576867, 0.00765073765069, 0.00712161371484, 0.00316941482015, 0.00333860889077]
    },
    "spectral_contrast_valleys": {
        "mean": [-7.48373985291, -7.07513380051, -7.75278186798, -8.3720331192, -8.9486618042, -11.8201875687],
        "var": [2.05313277245, 1.99298334122, 2.53636622429, 2.62385892868, 2.77023100853, 2.25821876526]
    }
},
"metadata": {
    "audio_properties": {
        "analysis_sample_rate": 44100,
        "bit_rate": 128074,
        "equal_loudness": 0,
        "length": 45.0612258911,
        "lossless": 0,
        "replay_gain": -3.75424766541,
        "sample_rate": 44100,
        "codec": "mp3",
        "downmix": "mix",
        "md5_encoded": "ee4ad67bce2c30d5e0b8869ef5ff0cba"
    },
    "tags": {
        "file_name": "1720.mp3"
    },
    "version": {
        "essentia": "2.1-beta2",
        "essentia_git_sha": "v2.1_beta2",
        "extractor": "music 1.0"
    }
},
"rhythm": {
    "beats_count": 96,
    "beats_loudness": {
        "mean": 0.0346051342785,
        "var": 0.000412004301324
    },
    "bpm": 123.972770691,
    "bpm_histogram_first_peak_bpm": {
        "mean": 123,
        "var": 0
    },
    "bpm_histogram_first_peak_spread": {
        "mean": 0.38666665554,
        "var": 0
    },
    "bpm_histogram_first_peak_weight": {
        "mean": 0.484210520983,
        "var": 0
    },
    "bpm_histogram_second_peak_bpm": {
        "mean": 161,
        "var": 0
    },
    "bpm_histogram_second_peak_spread": {
        "mean": 0.124999992549,
        "var": 0
    },
    "bpm_histogram_second_peak_weight": {
        "mean": 0.0736842080951,
        "var": 0
    },
    "danceability": 1.09646546841,
    "onset_rate": 5.67859888077,
    "beats_loudness_band_ratio": {
        "mean": [0.218286976218, 0.284926265478, 0.270512163639, 0.186134681106, 0.0722338184714, 0.0120134325698],
        "var": [0.0390950627625, 0.0486110895872, 0.0410722903907, 0.019867060706, 0.00338261201978, 0.000230338599067]
    },
    "beats_position": [0.417959183455, 0.847528338432, 1.27709746361, 1.75310659409, 2.22911548615, 2.71673464775, 3.20435357094, 3.69197273254, 4.17959165573, 4.66721057892, 5.14321994781, 5.61922883987, 6.10684776306, 6.59446716309, 7.08208608627, 7.56970500946, 8.05732440948, 8.54494285583, 9.03256225586, 9.52018165588, 10.0078001022, 10.4954195023, 10.9830379486, 11.4706573486, 11.9582767487, 12.445895195, 12.933514595, 13.4211339951, 13.9087524414, 14.3847618103, 14.8607711792, 15.3483896255, 15.8243989944, 16.3004074097, 16.7880268097, 17.2756462097, 17.7400455475, 18.2276649475, 18.7152824402, 19.1912918091, 19.6789112091, 20.154920578, 20.642539978, 21.1301574707, 21.6061668396, 22.0937862396, 22.5814056396, 23.0690250397, 23.5566444397, 24.0558719635, 24.5434913635, 25.0311107635, 25.4026298523, 25.774148941, 26.1340579987, 26.5055770874, 26.8770961761, 27.2370071411, 27.5853061676, 27.9336051941, 28.3051242828, 28.6766433716, 29.0597724915, 29.4312915802, 29.9189109802, 30.4181404114, 30.9057598114, 31.4049873352, 31.8809967041, 32.357006073, 32.8330154419, 33.2974128723, 33.7734222412, 34.2494316101, 34.7138328552, 35.1782302856, 35.6658477783, 36.1534690857, 36.6178665161, 37.093875885, 37.5698852539, 38.0575065613, 38.5335159302, 39.0095214844, 39.4855308533, 39.9615402222, 40.4491615295, 40.9251708984, 41.4011802673, 41.88879776, 42.3531951904, 42.8292045593, 43.3052139282, 43.7928352356, 44.2804527283, 44.7680702209]
},
"tonal": {
    "chords_changes_rate": 0.0576131679118,
    "chords_number_rate": 0.00925925932825,
    "chords_strength": {
        "mean": 0.511182248592,
        "var": 0.00538570759818
    },
    "hpcp_entropy": {
        "mean": 1.87331259251,
        "var": 0.74041390419
    },
    "key_strength": 0.736867904663,
    "tuning_diatonic_strength": 0.594372391701,
    "tuning_equal_tempered_deviation": 0.132616654038,
    "tuning_frequency": 435.952270508,
    "tuning_nontempered_energy_ratio": 0.803314447403,
    "hpcp": {
        "mean": [0.300185054541, 0.129993349314, 0.069975964725, 0.0550032407045, 0.0534272529185, 0.0504062324762, 0.0508219711483, 0.0853831917048, 0.164001896977, 0.175312831998, 0.0951628834009, 0.0521425195038, 0.0886742696166, 0.19432091713, 0.29924249649, 0.272685617208, 0.138156414032, 0.0574390478432, 0.0613829046488, 0.103205136955, 0.207790911198, 0.328127682209, 0.260828107595, 0.194376334548, 0.208006933331, 0.128679320216, 0.0685205236077, 0.0485118590295, 0.044881824404, 0.124164767563, 0.179070815444, 0.0987507402897, 0.0362336821854, 0.0342003963888, 0.130432769656, 0.324092805386],
        "var": [0.0976369008422, 0.0411627665162, 0.0197572372854, 0.0156940147281, 0.0128084560856, 0.0116737484932, 0.0111893080175, 0.0234492328018, 0.0640407949686, 0.0786007493734, 0.0271597485989, 0.0137671381235, 0.02091951482, 0.0606925711036, 0.107940651476, 0.13328897953, 0.0484622195363, 0.0153252761811, 0.0219232868403, 0.0432639718056, 0.074909299612, 0.128403708339, 0.0951698124409, 0.0603652782738, 0.101313889027, 0.0314223058522, 0.0183118414134, 0.0148953348398, 0.0110774887726, 0.0474093742669, 0.0940925255418, 0.0284069478512, 0.00998023059219, 0.00906570907682, 0.0299667716026, 0.124705635011]
    },
    "chords_histogram": [62.7572021484, 0, 3.39506173134, 0, 0, 0, 0, 1.33744859695, 0.102880656719, 0, 0, 0, 0, 0.102880656719, 10.4938268661, 6.17283964157, 5.14403295517, 5.45267486572, 0, 1.13168728352, 0, 0, 0, 3.90946507454],
    "thpcp": [1, 0.794898211956, 0.592380166054, 0.63392072916, 0.3921623528, 0.208822742105, 0.147844463587, 0.136781588197, 0.378403812647, 0.545735180378, 0.300952166319, 0.110425554216, 0.104228928685, 0.397506147623, 0.987703323364, 0.914842188358, 0.396166980267, 0.213258340955, 0.167627558112, 0.162824586034, 0.153617739677, 0.15488474071, 0.260213315487, 0.49981123209, 0.534282386303, 0.290017843246, 0.158909231424, 0.27024319768, 0.592211306095, 0.911969661713, 0.831035077572, 0.421044677496, 0.175050899386, 0.187070176005, 0.314527362585, 0.633262336254],
    "chords_key": "C#",
    "chords_scale": "minor",
    "key_key": "C#",
    "key_scale": "minor"
}
}