{
"lowlevel": {
    "average_loudness": 0.540260910988,
    "barkbands_crest": {
        "mean": 11.2497253418,
        "var": 17.1086406708
    },
    "barkbands_flatness_db": {
        "mean": 0.292138427496,
        "var": 0.00685876375064
    },
    "barkbands_kurtosis": {
        "mean": 4.79464673996,
        "var": 106.705444336
    },
    "barkbands_skewness": {
        "mean": 1.15493965149,
        "var": 1.49839019775
    },
    "barkbands_spread": {
        "mean": 6.19888353348,
        "var": 15.2109079361
    },
    "dissonance": {
        "mean": 0.413077652454,
        "var": 0.00390504859388
    },
    "dynamic_complexity": 6.09838819504,
    "erbbands_crest": {
        "mean": 12.6524209976,
        "var": 29.4448299408
    },
    "erbbands_flatness_db": {
        "mean": 0.313497662544,
        "var": 0.00711058964953
    },
    "erbbands_kurtosis": {
        "mean": 3.49553227425,
        "var": 38.5069580078
    },
    "erbbands_skewness": {
        "mean": 0.848975718021,
        "var": 0.956170499325
    },
    "erbbands_spread": {
        "mean": 12.5406370163,
        "var": 92.0047531128
    },
    "hfc": {
        "mean": 7.48435544968,
        "var": 85.2918701172
    },
    "melbands_crest": {
        "mean": 13.3472309113,
        "var": 27.5519332886
    },
    "melbands_flatness_db": {
        "mean": 0.379666239023,
        "var": 0.00913578830659
    },
    "melbands_kurtosis": {
        "mean": 6.72187709808,
        "var": 170.628311157
    },
    "melbands_skewness": {
        "mean": 1.45365452766,
        "var": 1.57468020916
    },
    "melbands_spread": {
        "mean": 8.32536411285,
        "var": 36.1520462036
    },
    "pitch_salience": {
        "mean": 0.572996914387,
        "var": 0.0121984137222
    },
    "silence_rate_20dB": {
        "mean": 1,
        "var": 0
    },
    "silence_rate_30dB": {
        "mean": 0.997425317764,
        "var": 0.00256804353558
    },
    "silence_rate_60dB": {
        "mean": 0.31513902545,
        "var": 0.215825200081
    },
    "spectral_centroid": {
        "mean": 548.302612305,
        "var": 88881.8671875
    },
    "spectral_complexity": {
        "mean": 7.67404747009,
        "var": 23.1198291779
    },
    "spectral_decrease": {
        "mean": -5.14819786801e-009,
        "var": 3.34253031446e-017
    },
    "spectral_energy": {
        "mean": 0.0201093349606,
        "var": 0.00051082886057
    },
    "spectral_energyband_high": {
        "mean": 3.79715420422e-005,
        "var": 6.15613444666e-008
    },
    "spectral_energyband_low": {
        "mean": 0.00568734901026,
        "var": 5.94946395722e-005
    },
    "spectral_energyband_middle_high": {
        "mean": 0.00101611518767,
        "var": 3.99643067794e-006
    },
    "spectral_energyband_middle_low": {
        "mean": 0.0140692442656,
        "var": 0.00029744359199
    },
    "spectral_entropy": {
        "mean": 6.28200912476,
        "var": 0.440986305475
    },
    "spectral_flux": {
        "mean": 0.032829657197,
        "var": 0.000937144272029
    },
    "spectral_kurtosis": {
        "mean": 51.0643386841,
        "var": 1904.28723145
    },
    "spectral_rms": {
        "mean": 0.0036873430945,
        "var": 6.02233103564e-006
    },
    "spectral_rolloff": {
        "mean": 664.258483887,
        "var": 254340.4375
    },
    "spectral_skewness": {
        "mean": 4.80577325821,
        "var": 5.33102083206
    },
    "spectral_spread": {
        "mean": 1742939,
        "var": 2.4545025065e+012
    },
    "spectral_strongpeak": {
        "mean": 0.820118069649,
        "var": 1.07951021194
    },
    "zerocrossingrate": {
        "mean": 0.0252334792167,
        "var": 0.000226657779422
    },
    "barkbands": {
        "mean": [2.49722070294e-005, 0.00394653901458, 0.00116366310976, 0.000922244682442, 0.0024378891103, 0.00395902479067, 0.00145239569247, 0.00406748941168, 0.000877939222846, 0.00063843902899, 0.000207565055462, 0.000165879493579, 0.000115847054985, 2.50904558925e-005, 2.4356015274e-005, 1.25305459733e-005, 8.33426565805e-006, 8.24532617116e-006, 8.61709395394e-006, 9.60566012509e-006, 9.65764957073e-006, 7.18285673429e-006, 5.14935800311e-006, 7.83840914664e-006, 1.75962350113e-006, 1.01519208329e-006, 6.98975597402e-008],
        "var": [1.31590915942e-008, 2.81514021481e-005, 3.73083503291e-006, 1.20027152661e-005, 1.54421522893e-005, 3.97643343604e-005, 7.77097375249e-006, 6.39537611278e-005, 3.31921296493e-006, 3.10784275825e-006, 1.53441504835e-007, 1.5102277473e-007, 1.42008033777e-007, 3.40687567046e-009, 2.28184227069e-009, 1.0733969269e-009, 7.02039759659e-010, 1.576317743e-009, 3.15446735399e-009, 4.3791112958e-009, 6.17182216445e-009, 2.8259299345e-009, 1.18826337658e-009, 1.69488956203e-009, 1.44368600408e-010, 7.79248401916e-011, 3.44797107532e-013]
    },
    "erbbands": {
        "mean": [0.107535801828, 0.918442189693, 1.13493728638, 2.93357086182, 6.13645458221, 8.23161506653, 18.9719276428, 33.6716194153, 20.7505970001, 58.1072387695, 67.5242919922, 28.1113491058, 20.7526054382, 15.5852823257, 6.76541185379, 7.22411727905, 6.10883235931, 2.2183675766, 1.43586647511, 0.83986979723, 0.690098881721, 0.476499706507, 0.451349526644, 0.40129300952, 0.463387429714, 0.43777602911, 0.482210367918, 0.306364774704, 0.2382350564, 0.202779576182, 0.150050014257, 0.230494707823, 0.0744191408157, 0.0264520868659, 0.00959423929453, 0.00459701707587, 0.00179259246215, 0.000353735493263, 1.74492961378e-005, 2.26765860134e-005],
        "var": [0.0240584313869, 1.4487991333, 3.2045352459, 63.7557144165, 175.69758606, 137.866867065, 795.051696777, 4263.92138672, 1169.14672852, 12716.1787109, 24654.7714844, 3159.24365234, 2873.31762695, 1903.89538574, 150.540725708, 284.480651855, 382.555236816, 23.3277339935, 9.22351360321, 2.91761541367, 3.81836152077, 2.55423259735, 4.81676673889, 5.00383377075, 9.71787071228, 9.84014129639, 16.8340435028, 5.57995939255, 3.3454709053, 2.02521395683, 1.01325726509, 1.49648499489, 0.175722748041, 0.0309849008918, 0.00422470923513, 0.00163648079615, 0.000241956702666, 8.43349698698e-006, 4.67308680641e-009, 6.76993627824e-010]
    },
    "gfcc": {
        "mean": [-175.852249146, 187.789291382, -120.004554749, -30.0489501953, -57.2971687317, -16.2123775482, -39.4161605835, 0.0996446758509, -10.9049501419, -10.49568367, -0.0700757056475, -9.82556819916, -4.68632173538],
        "cov": [[8099.16210938, 969.605102539, 2909.05200195, 1515.91894531, 372.171539307, 1325.82800293, 902.690368652, 359.611572266, 106.393539429, 220.131454468, -108.395698547, 134.540985107, -52.2213287354], [969.605102539, 2563.48608398, 1460.6784668, 88.0476074219, 906.54083252, -88.2733001709, 536.764953613, -48.1209793091, 234.659515381, -168.370941162, 192.962783813, -72.8310089111, 158.929199219], [2909.05200195, 1460.6784668, 2310.61157227, 971.616760254, 730.509338379, 613.856140137, 621.137573242, 175.375564575, 163.881500244, 33.6926383972, -14.4074621201, 37.6047744751, 22.5685882568], [1515.91894531, 88.0476074219, 971.616760254, 1152.89648438, 406.69354248, 509.842773438, 145.760848999, 95.5044937134, -89.0672149658, 5.01492166519, -120.90222168, 48.3683242798, 10.3118972778], [372.171539307, 906.54083252, 730.509338379, 406.69354248, 585.056884766, 150.982849121, 204.559234619, 13.9811315536, 53.5509223938, -46.6709403992, 33.1601066589, 3.06937861443, 65.859954834], [1325.82800293, -88.2733001709, 613.856140137, 509.842773438, 150.982849121, 524.424804688, 161.024780273, 109.869796753, -34.3605575562, 67.1858444214, -70.2959594727, 69.8888168335, -24.8033103943], [902.690368652, 536.764953613, 621.137573242, 145.760848999, 204.559234619, 161.024780273, 323.520324707, 113.54473114, 130.26713562, 39.902973175, 56.5002708435, 20.8190841675, 28.7005634308], [359.611572266, -48.1209793091, 175.375564575, 95.5044937134, 13.9811315536, 109.869796753, 113.54473114, 140.836532593, 95.2156982422, 72.0534896851, 13.7398176193, 14.043639183, -12.0166254044], [106.393539429, 234.659515381, 163.881500244, -89.0672149658, 53.5509223938, -34.3605575562, 130.26713562, 95.2156982422, 189.974014282, 79.343208313, 90.3874893188, -6.22164583206, 4.5357465744], [220.131454468, -168.370941162, 33.6926383972, 5.01492166519, -46.6709403992, 67.1858444214, 39.902973175, 72.0534896851, 79.343208313, 121.624656677, 42.5138931274, 30.9119510651, -21.0742702484], [-108.395698547, 192.962783813, -14.4074621201, -120.90222168, 33.1601066589, -70.2959594727, 56.5002708435, 13.7398176193, 90.3874893188, 42.5138931274, 127.248268127, 28.9522037506, 44.5000152588], [134.540985107, -72.8310089111, 37.6047744751, 48.3683242798, 3.06937861443, 69.8888168335, 20.8190841675, 14.043639183, -6.22164583206, 30.9119510651, 28.9522037506, 80.3730163574, 41.5727043152], [-52.2213287354, 158.929199219, 22.5685882568, 10.3118972778, 65.859954834, -24.8033103943, 28.7005634308, -12.0166254044, 4.5357465744, -21.0742702484, 44.5000152588, 41.5727043152, 85.9699707031]],
        "icov": [[0.000484090181999, -0.000830214703456, -2.2712525606e-005, -0.000628127309028, 0.00162034772802, -0.000834054371808, -0.000341363309417, 6.14608507021e-005, 0.000297220714856, -0.00114902190398, 0.000524469243828, -0.000196842855075, 7.71081031417e-005], [-0.000830214703456, 0.00714518781751, -0.00291912024841, 0.00373656000011, -0.00814939569682, 0.00298484181985, -0.00261019985192, 0.00311784027144, -0.00101087172516, 0.00684892712161, -0.00549009861425, 0.00574207911268, -0.00318639911711], [-2.2712525606e-005, -0.00291912024841, 0.00354601908475, -0.00240948237479, 0.0021409492474, -0.00141364277806, -0.00134721701033, 0.000857950537466, -0.00209615100175, -0.00181009469088, 0.00362951867282, -0.00371619639918, 0.0028476761654], [-0.000628127309028, 0.00373656000011, -0.00240948237479, 0.00498504796997, -0.00591968931258, 0.00077351013897, 0.00106547353789, -0.0016104830429, 0.00232130708173, 0.00234360503964, -0.00221207039431, 0.00395322125405, -0.00339189427905], [0.00162034772802, -0.00814939569682, 0.0021409492474, -0.00591968931258, 0.0147928446531, -0.00483215646818, 0.00126802641898, -0.000516805506777, -0.000886266352609, -0.00607252633199, 0.00450143404305, -0.00410769600421, 0.0011900170939], [-0.000834054371808, 0.00298484181985, -0.00141364277806, 0.00077351013897, -0.00483215646818, 0.00869784504175, -0.00231063552201, -0.00231227069162, 0.00402625184506, 9.80843033176e-005, -0.000367608445231, -0.00286220014095, 0.00229915650561], [-0.000341363309417, -0.00261019985192, -0.00134721701033, 0.00106547353789, 0.00126802641898, -0.00231063552201, 0.0146588822827, -0.00874129869044, -0.000993670430034, 0.000689775450155, -0.00141191564035, -0.00124655698892, -0.00135463417973], [6.14608507021e-005, 0.00311784027144, 0.000857950537466, -0.0016104830429, -0.000516805506777, -0.00231227069162, -0.00874129869044, 0.0265787690878, -0.0153021188453, 2.32644379139e-005, 0.00498573156074, 0.000737928901799, -0.00152094732039], [0.000297220714856, -0.00101087172516, -0.00209615100175, 0.00232130708173, -0.000886266352609, 0.00402625184506, -0.000993670430034, -0.0153021188453, 0.0285347234458, -0.0126471370459, -0.00912890024483, 0.00895604025573, -0.00185675057583], [-0.00114902190398, 0.00684892712161, -0.00181009469088, 0.00234360503964, -0.00607252633199, 9.80843033176e-005, 0.000689775450155, 2.32644379139e-005, -0.0126471370459, 0.0335496291518, -0.0120737329125, -0.00710598332807, 0.00986545067281], [0.000524469243828, -0.00549009861425, 0.00362951867282, -0.00221207039431, 0.00450143404305, -0.000367608445231, -0.00141191564035, 0.00498573156074, -0.00912890024483, -0.0120737329125, 0.0281546432525, -0.0103847105056, -0.00463563064113], [-0.000196842855075, 0.00574207911268, -0.00371619639918, 0.00395322125405, -0.00410769600421, -0.00286220014095, -0.00124655698892, 0.000737928901799, 0.00895604025573, -0.00710598332807, -0.0103847105056, 0.0393802709877, -0.023275276646], [7.71081031417e-005, -0.00318639911711, 0.0028476761654, -0.00339189427905, 0.0011900170939, 0.00229915650561, -0.00135463417973, -0.00152094732039, -0.00185675057583, 0.00986545067281, -0.00463563064113, -0.023275276646, 0.0333911068738]]
    },
    "melbands": {
        "mean": [0.00110328476876, 0.000839563901536, 0.000576056656428, 0.00053076504264, 0.000579304934945, 0.000747396901716, 0.000314142729621, 0.000710027990863, 0.000477721798234, 0.000157973176101, 9.68279055087e-005, 6.19546262897e-005, 2.28312092077e-005, 2.09223107959e-005, 1.09501370389e-005, 1.35119926199e-005, 2.85232567876e-006, 2.2012293357e-006, 1.49400830196e-006, 9.13072199182e-007, 7.83301686624e-007, 5.03909689087e-007, 4.11583613413e-007, 3.8806382463e-007, 3.1031933645e-007, 3.38009471079e-007, 3.28453864995e-007, 2.76176166381e-007, 3.33661290597e-007, 2.25198746762e-007, 1.59503315444e-007, 1.24877459484e-007, 1.51592416842e-007, 9.63218695915e-008, 8.39209803871e-008, 8.70414638143e-008, 1.75720970219e-007, 4.65704843577e-008, 3.22080104809e-008, 1.85227690963e-008],
        "var": [2.29797274187e-006, 1.19250307762e-006, 2.00037061404e-006, 8.12682912965e-007, 6.87853344061e-007, 1.79524113264e-006, 3.01244796219e-007, 1.93435744222e-006, 1.34775461902e-006, 1.19849204339e-007, 6.93331259072e-008, 3.56777363208e-008, 1.69371960901e-009, 2.10675699108e-009, 5.87393855778e-010, 1.91785520798e-009, 3.88226326087e-011, 2.55355164097e-011, 8.3622197708e-012, 3.90880730561e-012, 5.93188952819e-012, 2.61522270853e-012, 3.03347516377e-012, 4.01080557655e-012, 3.28409153171e-012, 4.8390436623e-012, 5.11211429091e-012, 4.03955471504e-012, 7.98959856607e-012, 3.25492605958e-012, 1.527924922e-012, 9.36890105427e-013, 1.33660378772e-012, 4.32906558908e-013, 3.66200044464e-013, 3.28922896949e-013, 9.49724131803e-013, 8.88206744482e-014, 4.09224486708e-014, 1.7649215558e-014]
    },
    "mfcc": {
        "mean": [-814.705200195, 219.220932007, -1.92168843746, -14.7538442612, -0.516571938992, -23.2719249725, -14.4038143158, -3.91661262512, -11.1118469238, -1.3353471756, -0.785720705986, -0.582752525806, -0.544958472252],
        "cov": [[5352.62988281, 509.290130615, 1793.67883301, 938.952575684, 140.911849976, 935.434692383, 708.653564453, 524.553405762, 368.614868164, 459.088562012, -25.6108226776, 224.68460083, 0.763011217117], [509.290130615, 2440.11181641, 883.768554688, 375.50302124, 405.447509766, 178.304779053, 294.473388672, 239.548690796, 156.908203125, 74.4390945435, 118.673202515, 41.7713699341, 99.3686065674], [1793.67883301, 883.768554688, 1393.62939453, 729.732116699, 378.542480469, 573.393981934, 427.562744141, 360.311462402, 259.652648926, 240.332611084, 53.952167511, 105.40447998, 1.92095029354], [938.952575684, 375.50302124, 729.732116699, 777.336914063, 454.276855469, 402.867095947, 318.285003662, 220.813400269, 159.748916626, 115.390419006, -0.742391586304, 3.64394831657, -37.5057258606], [140.911849976, 405.447509766, 378.542480469, 454.276855469, 454.964538574, 300.223114014, 209.862960815, 141.200714111, 82.2540054321, 41.3857955933, 0.680518507957, -24.7553462982, -36.0344200134], [935.434692383, 178.304779053, 573.393981934, 402.867095947, 300.223114014, 430.309356689, 289.435333252, 197.554946899, 120.400367737, 106.905677795, -15.958442688, 27.5331726074, -33.6215438843], [708.653564453, 294.473388672, 427.562744141, 318.285003662, 209.862960815, 289.435333252, 258.033508301, 178.158615112, 107.019584656, 82.2405319214, -1.20607113838, 22.5761165619, -6.0115942955], [524.553405762, 239.548690796, 360.311462402, 220.813400269, 141.200714111, 197.554946899, 178.158615112, 175.782989502, 119.762016296, 89.9414825439, 24.10455513, 38.1704063416, 7.24915361404], [368.614868164, 156.908203125, 259.652648926, 159.748916626, 82.2540054321, 120.400367737, 107.019584656, 119.762016296, 126.347412109, 105.624313354, 50.2469520569, 52.8959693909, 24.3934745789], [459.088562012, 74.4390945435, 240.332611084, 115.390419006, 41.3857955933, 106.905677795, 82.2405319214, 89.9414825439, 105.624313354, 147.194747925, 79.1125030518, 88.0409317017, 42.5659370422], [-25.6108226776, 118.673202515, 53.952167511, -0.742391586304, 0.680518507957, -15.958442688, -1.20607113838, 24.10455513, 50.2469520569, 79.1125030518, 111.818099976, 87.5682983398, 64.1237487793], [224.68460083, 41.7713699341, 105.40447998, 3.64394831657, -24.7553462982, 27.5331726074, 22.5761165619, 38.1704063416, 52.8959693909, 88.0409317017, 87.5682983398, 118.635505676, 77.6497802734], [0.763011217117, 99.3686065674, 1.92095029354, -37.5057258606, -36.0344200134, -33.6215438843, -6.0115942955, 7.24915361404, 24.3934745789, 42.5659370422, 64.1237487793, 77.6497802734, 91.4359054565]],
        "icov": [[0.000973432790488, -0.000656102143694, 0.000618975202087, -0.00195355922915, 0.0035665910691, -0.00335810077377, 0.00146938615944, -0.00142550677992, 0.00194367708173, -0.00264660525136, 0.00201313197613, -0.00114536087494, 0.000545374059584], [-0.000656102143694, 0.00204013613984, -0.00279054278508, 0.0035745438654, -0.00565354106948, 0.00716788927093, -0.00606567319483, 0.00326747749932, -0.00253810896538, 0.00288945203647, -0.0018669727724, 0.00160418311134, -0.0016580139054], [0.000618975202087, -0.00279054278508, 0.00661850953475, -0.00661021564156, 0.00887153390795, -0.0124452318996, 0.0104282228276, -0.00781290512532, 0.00406861538067, -0.00363165489398, 0.000600309402216, -0.0012249709107, 0.00162657059263], [-0.00195355922915, 0.0035745438654, -0.00661021564156, 0.0132332136855, -0.016816014424, 0.0173186957836, -0.0155964782462, 0.0112708089873, -0.00955867860466, 0.00577139714733, -0.00119313085452, 0.000982121215202, -0.000613262527622], [0.0035665910691, -0.00565354106948, 0.00887153390795, -0.016816014424, 0.0299347154796, -0.0312874056399, 0.0207549314946, -0.0144742252305, 0.0116874314845, -0.00775089161471, -0.00173954851925, 0.00357955507934, 0.000505179225001], [-0.00335810077377, 0.00716788927093, -0.0124452318996, 0.0173186957836, -0.0312874056399, 0.0489540882409, -0.0381775572896, 0.0183825474232, -0.0110788736492, 0.00590982381254, 0.00538845686242, -0.00926931481808, 0.00560399051756], [0.00146938615944, -0.00606567319483, 0.0104282228276, -0.0155964782462, 0.0207549314946, -0.0381775572896, 0.0527131594718, -0.0333439335227, 0.0154316928238, -0.006880142726, 0.000152666092617, 0.00697050709277, -0.00672695040703], [-0.00142550677992, 0.00326747749932, -0.00781290512532, 0.0112708089873, -0.0144742252305, 0.0183825474232, -0.0333439335227, 0.0503356307745, -0.0339521281421, 0.0113858198747, 0.000740686256904, -0.00547092733905, 0.00400447146967], [0.00194367708173, -0.00253810896538, 0.00406861538067, -0.00955867860466, 0.0116874314845, -0.0110788736492, 0.0154316928238, -0.0339521281421, 0.0516265295446, -0.0265471991152, -0.000159564762725, 0.00584144843742, -0.00328908627853], [-0.00264660525136, 0.00288945203647, -0.00363165489398, 0.00577139714733, -0.00775089161471, 0.00590982381254, -0.006880142726, 0.0113858198747, -0.0265471991152, 0.0405591391027, -0.0175562296063, -0.0045776241459, 0.00148955686018], [0.00201313197613, -0.0018669727724, 0.000600309402216, -0.00119313085452, -0.00173954851925, 0.00538845686242, 0.000152666092617, 0.000740686256904, -0.000159564762725, -0.0175562296063, 0.0428750403225, -0.0260761585087, 0.00304915686138], [-0.00114536087494, 0.00160418311134, -0.0012249709107, 0.000982121215202, 0.00357955507934, -0.00926931481808, 0.00697050709277, -0.00547092733905, 0.00584144843742, -0.0045776241459, -0.0260761585087, 0.0533537752926, -0.0288605634123], [0.000545374059584, -0.0016580139054, 0.00162657059263, -0.000613262527622, 0.000505179225001, 0.00560399051756, -0.00672695040703, 0.00400447146967, -0.00328908627853, 0.00148955686018, 0.00304915686138, -0.0288605634123, 0.0365029871464]]
    },
    "spectral_contrast_coeffs": {
        "mean": [-0.63477063179, -0.689638972282, -0.764765441418, -0.838164031506, -0.808030247688, -0.84123146534],
        "var": [0.0124287614599, 0.00756417773664, 0.00544981798157, 0.00149453303311, 0.000601524487138, 0.000760717492085]
    },
    "spectral_contrast_valleys": {
        "mean": [-8.65375900269, -6.78449726105, -7.84920167923, -8.66835021973, -9.8896484375, -12.9659175873],
        "var": [5.8533000946, 1.00372242928, 0.605753064156, 0.39708301425, 0.67411506176, 1.23358130455]
    }
},
"metadata": {
    "audio_properties": {
        "analysis_sample_rate": 44100,
        "bit_rate": 128074,
        "equal_loudness": 0,
        "length": 45.0612258911,
        "lossless": 0,
        "replay_gain": -3.56684303284,
        "sample_rate": 44100,
        "codec": "mp3",
        "downmix": "mix",
        "md5_encoded": "a6407b05f7f20dd2296a9cdf3c9e4070"
    },
    "tags": {
        "file_name": "1721.mp3"
    },
    "version": {
        "essentia": "2.1-beta2",
        "essentia_git_sha": "v2.1_beta2",
        "extractor": "music 1.0"
    }
},
"rhythm": {
    "beats_count": 86,
    "beats_loudness": {
        "mean": 0.0260682720691,
        "var": 0.000771084392909
    },
    "bpm": 119.734207153,
    "bpm_histogram_first_peak_bpm": {
        "mean": 120,
        "var": 0
    },
    "bpm_histogram_first_peak_spread": {
        "mean": 0.382978737354,
        "var": 0
    },
    "bpm_histogram_first_peak_weight": {
        "mean": 0.341176480055,
        "var": 0
    },
    "bpm_histogram_second_peak_bpm": {
        "mean": 115,
        "var": 0
    },
    "bpm_histogram_second_peak_spread": {
        "mean": 0.40000000596,
        "var": 0
    },
    "bpm_histogram_second_peak_weight": {
        "mean": 0.141176477075,
        "var": 0
    },
    "danceability": 0.71741861105,
    "onset_rate": 1.84110832214,
    "beats_loudness_band_ratio": {
        "mean": [0.270469784737, 0.306560993195, 0.392813444138, 0.0710414871573, 0.0221158508211, 0.00415861234069],
        "var": [0.0638531818986, 0.0329257771373, 0.0768064334989, 0.00582741387188, 0.00186461140402, 0.000164987854077]
    },
    "beats_position": [0.487619042397, 0.986848056316, 1.48607707024, 1.98530614376, 2.48453521729, 3.00698399544, 3.54104304314, 4.07510185242, 4.60916090012, 5.14321994781, 5.65405893326, 6.17650794983, 6.68734693527, 7.19818592072, 7.69741487503, 8.20825386047, 8.71909236908, 9.22993183136, 9.75238037109, 10.2632198334, 10.8437185287, 11.412607193, 11.9582767487, 12.5039453506, 13.0496139526, 13.6068935394, 14.1641721725, 14.7214508057, 15.3135595322, 15.8940582275, 16.4281177521, 16.9737873077, 17.5194549561, 18.0186843872, 18.5179138184, 19.0171432495, 19.5512008667, 20.0736503601, 20.5960998535, 21.1417675018, 21.6526069641, 22.1750564575, 22.6858959198, 23.1851234436, 23.6843528748, 24.195192337, 24.7060317993, 25.2168693542, 25.7393188477, 26.2617683411, 26.7958278656, 27.3298854828, 27.8523349762, 28.3747844696, 28.897233963, 29.4196815491, 29.9769611359, 30.5342407227, 31.0915184021, 31.6371879578, 32.1828575134, 32.6936950684, 33.1929244995, 33.6921539307, 34.1913833618, 34.690612793, 35.1898422241, 35.6890678406, 36.1882972717, 36.6875267029, 37.1751480103, 37.6627655029, 38.1503829956, 38.6496124268, 39.1488418579, 39.6480712891, 40.1473007202, 40.6465301514, 41.134147644, 41.6333770752, 42.1209983826, 42.6202278137, 43.1194534302, 43.6186828613, 44.1179122925, 44.6171417236]
},
"tonal": {
    "chords_changes_rate": 0.0205761324614,
    "chords_number_rate": 0.00720164598897,
    "chords_strength": {
        "mean": 0.447301357985,
        "var": 0.0084799323231
    },
    "hpcp_entropy": {
        "mean": 1.62842571735,
        "var": 0.43351355195
    },
    "key_strength": 0.640384674072,
    "tuning_diatonic_strength": 0.484790176153,
    "tuning_equal_tempered_deviation": 0.00927961245179,
    "tuning_frequency": 438.984558105,
    "tuning_nontempered_energy_ratio": 0.572490870953,
    "hpcp": {
        "mean": [0.0399544201791, 0.0385531932116, 0.154111072421, 0.338325351477, 0.216677948833, 0.0280999355018, 0.0140782557428, 0.0212930105627, 0.324489712715, 0.623365163803, 0.330680251122, 0.0265510771424, 0.015329032205, 0.0138133661821, 0.128976970911, 0.254980295897, 0.152202695608, 0.110635906458, 0.205695226789, 0.125782877207, 0.0287519078702, 0.0302370414138, 0.0274024885148, 0.1475712955, 0.292027801275, 0.169221356511, 0.0200632102787, 0.015876242891, 0.0216694027185, 0.186913698912, 0.35682874918, 0.198588430882, 0.0302452221513, 0.0249199736863, 0.017409760505, 0.0218660719693],
        "var": [0.00826295092702, 0.00882496591657, 0.0285555701703, 0.108507223427, 0.0425973311067, 0.0050171664916, 0.00343098468147, 0.00271818530746, 0.0539143495262, 0.175957277417, 0.0533911734819, 0.00348253687844, 0.00151620188262, 0.0012375699589, 0.0269469320774, 0.099729269743, 0.0361594632268, 0.0203331764787, 0.0789335891604, 0.0307597909123, 0.00531115522608, 0.00925805792212, 0.0060591395013, 0.0275313984603, 0.0991207882762, 0.0343428403139, 0.00219882722013, 0.00182293937542, 0.00410739937797, 0.029909029603, 0.104580424726, 0.0334578193724, 0.0101329945028, 0.00925088487566, 0.00394056271762, 0.00206552632153]
    },
    "chords_histogram": [1.33744859695, 0, 0, 0, 0, 0, 0, 0, 0, 0, 0, 0, 0, 0, 0, 0, 0, 28.3950614929, 0, 30.8641967773, 3.70370364189, 16.7695465088, 16.1522636414, 2.77777767181],
    "thpcp": [1, 0.530475974083, 0.0425931364298, 0.0245907753706, 0.0221593491733, 0.206904366612, 0.409038424492, 0.244162976742, 0.17748169601, 0.329975485802, 0.201780408621, 0.0461236983538, 0.0485061444342, 0.0439589656889, 0.236733302474, 0.468469887972, 0.271464258432, 0.0321853235364, 0.0254686083645, 0.0347619727254, 0.299846231937, 0.572423279285, 0.318574786186, 0.0485192686319, 0.0399765260518, 0.0279286708683, 0.0350774675608, 0.0640947297215, 0.0618468858302, 0.247224390507, 0.542740225792, 0.347593933344, 0.0450778082013, 0.0225842837244, 0.0341581664979, 0.520545125008],
    "chords_key": "C",
    "chords_scale": "minor",
    "key_key": "F",
    "key_scale": "major"
}
}