{
"lowlevel": {
    "average_loudness": 0.134299322963,
    "barkbands_crest": {
        "mean": 13.2205104828,
        "var": 29.3800182343
    },
    "barkbands_flatness_db": {
        "mean": 0.238618776202,
        "var": 0.0115546444431
    },
    "barkbands_kurtosis": {
        "mean": 25.4706077576,
        "var": 4612.43017578
    },
    "barkbands_skewness": {
        "mean": 2.81266641617,
        "var": 8.03956508636
    },
    "barkbands_spread": {
        "mean": 10.6704120636,
        "var": 205.432601929
    },
    "dissonance": {
        "mean": 0.42819327116,
        "var": 0.00409753015265
    },
    "dynamic_complexity": 6.23513793945,
    "erbbands_crest": {
        "mean": 11.6704883575,
        "var": 33.3094902039
    },
    "erbbands_flatness_db": {
        "mean": 0.207728654146,
        "var": 0.00658862059936
    },
    "erbbands_kurtosis": {
        "mean": 4.97153520584,
        "var": 102.73475647
    },
    "erbbands_skewness": {
        "mean": 1.37995970249,
        "var": 1.30570912361
    },
    "erbbands_spread": {
        "mean": 31.5434856415,
        "var": 729.868041992
    },
    "hfc": {
        "mean": 7.28171777725,
        "var": 100.685089111
    },
    "melbands_crest": {
        "mean": 16.3534660339,
        "var": 34.8576126099
    },
    "melbands_flatness_db": {
        "mean": 0.321226358414,
        "var": 0.016696838662
    },
    "melbands_kurtosis": {
        "mean": 30.9841804504,
        "var": 2231.82739258
    },
    "melbands_skewness": {
        "mean": 3.12253379822,
        "var": 5.83390331268
    },
    "melbands_spread": {
        "mean": 9.78573989868,
        "var": 184.718048096
    },
    "pitch_salience": {
        "mean": 0.520819067955,
        "var": 0.0332839526236
    },
    "silence_rate_20dB": {
        "mean": 0.993820786476,
        "var": 0.00614098645747
    },
    "silence_rate_30dB": {
        "mean": 0.941297650337,
        "var": 0.055257897824
    },
    "silence_rate_60dB": {
        "mean": 0.302780628204,
        "var": 0.211103543639
    },
    "spectral_centroid": {
        "mean": 658.103149414,
        "var": 331121.03125
    },
    "spectral_complexity": {
        "mean": 6.5839343071,
        "var": 28.716506958
    },
    "spectral_decrease": {
        "mean": -7.05272329427e-009,
        "var": 1.8172833803e-016
    },
    "spectral_energy": {
        "mean": 0.0272790361196,
        "var": 0.00264915521257
    },
    "spectral_energyband_high": {
        "mean": 0.000157110160217,
        "var": 2.31820678209e-007
    },
    "spectral_energyband_low": {
        "mean": 0.0162616185844,
        "var": 0.00206175795756
    },
    "spectral_energyband_middle_high": {
        "mean": 0.000730664294679,
        "var": 4.04293541578e-006
    },
    "spectral_energyband_middle_low": {
        "mean": 0.0104430168867,
        "var": 0.00025611455203
    },
    "spectral_entropy": {
        "mean": 6.83442592621,
        "var": 0.755309641361
    },
    "spectral_flux": {
        "mean": 0.0453001074493,
        "var": 0.00177645601798
    },
    "spectral_kurtosis": {
        "mean": 14.2714452744,
        "var": 434.41104126
    },
    "spectral_rms": {
        "mean": 0.00394665589556,
        "var": 1.10375949589e-005
    },
    "spectral_rolloff": {
        "mean": 802.093322754,
        "var": 2133135.25
    },
    "spectral_skewness": {
        "mean": 2.57436752319,
        "var": 2.78024840355
    },
    "spectral_spread": {
        "mean": 4053335,
        "var": 5.48521063219e+012
    },
    "spectral_strongpeak": {
        "mean": 0.729284584522,
        "var": 0.655257642269
    },
    "zerocrossingrate": {
        "mean": 0.0353214405477,
        "var": 0.00145677966066
    },
    "barkbands": {
        "mean": [0.000114983813546, 0.0131928166375, 0.00269994162954, 0.000508688623086, 0.00218768510967, 0.00375445047393, 0.00192459893879, 0.00175510114059, 0.000186476565432, 0.000331277900841, 0.00011567283218, 7.33288397896e-005, 5.67627830605e-005, 6.62498569e-005, 3.38714162353e-005, 2.64797363343e-005, 2.66359038505e-005, 2.12832801481e-005, 3.09472306981e-005, 3.04233635688e-005, 4.07624938816e-005, 2.24963750952e-005, 3.50285081367e-005, 2.35104271269e-005, 1.26142658701e-005, 6.41404221824e-006, 5.95490291744e-007],
        "var": [1.05629965219e-006, 0.00171832111664, 7.20781681594e-005, 5.37073617579e-007, 1.8260860088e-005, 5.51558150619e-005, 2.02544852073e-005, 2.05716569326e-005, 2.18043354039e-007, 9.02134274838e-007, 2.21461803562e-007, 1.30355999772e-007, 6.20365625537e-008, 6.38123722752e-008, 4.62069564833e-008, 1.22420358295e-008, 2.24043770203e-008, 6.65723609572e-009, 1.88083806307e-008, 1.39396076904e-008, 3.47137110168e-008, 8.31622148922e-009, 1.84961930216e-008, 6.69625199734e-009, 2.4847472968e-009, 9.53933265713e-010, 1.34083031136e-011]
    },
    "erbbands": {
        "mean": [0.22561904788, 3.42706394196, 4.56856870651, 2.16558170319, 3.84006404877, 5.3638420105, 24.7981185913, 27.522983551, 36.189540863, 23.7177200317, 36.4977378845, 7.47708892822, 7.89810943604, 9.9497833252, 3.43742585182, 2.81441259384, 2.70861840248, 3.74237036705, 2.09152150154, 1.60887086391, 1.52344107628, 1.40012192726, 1.18645751476, 1.41380274296, 1.5306866169, 1.39448010921, 1.39584875107, 1.67419564724, 0.832485318184, 0.888059258461, 1.00338482857, 0.651519834995, 0.322605252266, 0.166569843888, 0.0747276991606, 0.0306314900517, 0.0113670034334, 0.00241524749435, 7.6348107541e-005, 3.19638420478e-005],
        "var": [0.458340138197, 118.752998352, 167.67175293, 16.8446559906, 48.9235191345, 91.0827026367, 5161.99560547, 2613.6394043, 6368.03857422, 4257.16259766, 11155.890625, 280.463043213, 294.839660645, 1285.88378906, 113.426856995, 151.225097656, 136.576126099, 204.733123779, 159.671737671, 55.1202201843, 45.9766311646, 56.594203949, 22.3784179688, 28.0796222687, 53.3990325928, 30.8155441284, 25.9138050079, 87.9734954834, 10.0762386322, 9.41877174377, 16.4390602112, 5.71575927734, 1.35035204887, 0.533634722233, 0.0750557184219, 0.0165746752173, 0.00326763000339, 0.0001698948181, 1.30177866708e-007, 3.16907544651e-009]
    },
    "gfcc": {
        "mean": [-123.294487, 137.678741455, -87.2149429321, 28.8820323944, -70.1469268799, 3.04913759232, -31.7429924011, -0.534839093685, -12.4098558426, -4.00326299667, -7.84762144089, -3.21999788284, -6.25150489807],
        "cov": [[5485.61425781, -1455.77331543, -313.964111328, -57.6411018372, -532.919006348, 23.6693096161, -224.224990845, 112.963829041, -294.371704102, 243.649368286, -129.166366577, 1.52754628658, -168.318710327], [-1455.77331543, 2709.42138672, 287.888336182, -434.512115479, 445.914215088, -552.939208984, 542.565856934, -331.858581543, 495.356231689, -176.036804199, 312.087219238, -118.828910828, 296.403839111], [-313.964111328, 287.888336182, 1377.26977539, 24.0431575775, 356.414642334, 252.132369995, 220.849380493, 253.83354187, 195.368972778, 38.4202384949, 103.562301636, 143.700454712, 40.8050498962], [-57.6411018372, -434.512115479, 24.0431575775, 513.685913086, 130.49369812, 239.090606689, -12.5900411606, 78.8697280884, -43.3844909668, -25.7891674042, -45.4870185852, -17.1713161469, -27.776134491], [-532.919006348, 445.914215088, 356.414642334, 130.49369812, 421.941497803, 98.1334381104, 227.38734436, 39.7342834473, 141.790817261, -19.5608158112, 71.0177001953, 7.46501302719, 50.8547554016], [23.6693096161, -552.939208984, 252.132369995, 239.090606689, 98.1334381104, 417.785552979, -1.62811148167, 209.687927246, -50.106716156, 34.7742347717, -24.5778465271, 76.1225128174, -54.1782722473], [-224.224990845, 542.565856934, 220.849380493, -12.5900411606, 227.38734436, -1.62811148167, 323.15234375, 25.355266571, 185.167007446, 17.0197525024, 103.220184326, 3.91489195824, 63.6089782715], [112.963829041, -331.858581543, 253.83354187, 78.8697280884, 39.7342834473, 209.687927246, 25.355266571, 252.232437134, 29.7850189209, 60.9365119934, 40.6259651184, 71.1469268799, -38.8244171143], [-294.371704102, 495.356231689, 195.368972778, -43.3844909668, 141.790817261, -50.106716156, 185.167007446, 29.7850189209, 203.65713501, 8.14483356476, 115.895996094, 10.0628423691, 62.3098449707], [243.649368286, -176.036804199, 38.4202384949, -25.7891674042, -19.5608158112, 34.7742347717, 17.0197525024, 60.9365119934, 8.14483356476, 109.650924683, 17.8656845093, 33.5758705139, -19.2657032013], [-129.166366577, 312.087219238, 103.562301636, -45.4870185852, 71.0177001953, -24.5778465271, 103.220184326, 40.6259651184, 115.895996094, 17.8656845093, 150.405471802, 28.2186870575, 45.8035507202], [1.52754628658, -118.828910828, 143.700454712, -17.1713161469, 7.46501302719, 76.1225128174, 3.91489195824, 71.1469268799, 10.0628423691, 33.5758705139, 28.2186870575, 99.8194656372, 20.4991359711], [-168.318710327, 296.403839111, 40.8050498962, -27.776134491, 50.8547554016, -54.1782722473, 63.6089782715, -38.8244171143, 62.3098449707, -19.2657032013, 45.8035507202, 20.4991359711, 92.9269714355]],
        "icov": [[0.000261532433797, 0.000203574803891, -7.93442741269e-005, 5.38345084351e-005, 0.000234774779528, 0.000173272099346, -0.000341007573297, -5.0719072533e-006, 0.00033095915569, -0.000319475540891, -0.000206936063478, 0.000401896162657, -0.000195650878595], [0.000203574803891, 0.0032094900962, -0.000468637648737, 0.00195247237571, -0.00126267492305, 0.000931518734433, -0.00155802106019, 0.00207311636768, -0.00222649471834, 0.00282530300319, -0.00257173506543, 0.00348146050237, -0.00333402003162], [-7.93442741269e-005, -0.000468637648737, 0.00142956979107, 0.00011913729395, -0.000846924260259, -0.000426036160206, 0.000453051790828, -0.00109088688623, -0.000760094611906, 2.18848781515e-005, 0.000998201896437, -0.00178738869727, 0.00062463170616], [5.38345084351e-005, 0.00195247237571, 0.00011913729395, 0.00462079839781, -0.00205549807288, -0.00168967095669, -9.3266593467e-005, 0.000910786504392, -0.00158894772176, 0.00223820889369, -0.0010487746913, 0.00407795468345, -0.00307036656886], [0.000234774779528, -0.00126267492305, -0.000846924260259, -0.00205549807288, 0.0065695415251, -0.00139714067336, -0.00250193942338, 0.000422672106652, 0.000535646860953, -0.000786729156971, 0.000506253913045, -0.000409596774261, 0.00100818497594], [0.000173272099346, 0.000931518734433, -0.000426036160206, -0.00168967095669, -0.00139714067336, 0.00796262267977, -0.00180906045716, -0.00391368288547, 0.00297616515309, 0.00125759304501, 4.16981092712e-005, -0.00258789188229, 0.000850271782838], [-0.000341007573297, -0.00155802106019, 0.000453051790828, -9.3266593467e-005, -0.00250193942338, -0.00180906045716, 0.00968620181084, -0.000306693196762, -0.00522878952324, -0.00299631408416, 0.00132400763687, 6.92480098223e-005, -0.000101903409814], [-5.0719072533e-006, 0.00207311636768, -0.00109088688623, 0.000910786504392, 0.000422672106652, -0.00391368288547, -0.000306693196762, 0.0125829624012, -0.00509882625192, 3.21451625496e-005, -0.00406154897064, -0.000704664736986, 0.00266646337695], [0.00033095915569, -0.00222649471834, -0.000760094611906, -0.00158894772176, 0.000535646860953, 0.00297616515309, -0.00522878952324, -0.00509882625192, 0.0203053168952, -0.0026457181666, -0.00479704048485, 0.000178997157491, -0.00138785596937], [-0.000319475540891, 0.00282530300319, 2.18848781515e-005, 0.00223820889369, -0.000786729156971, 0.00125759304501, -0.00299631408416, 3.21451625496e-005, -0.0026457181666, 0.0161685254425, -0.00276538403705, -0.00171299115755, 0.00116421130951], [-0.000206936063478, -0.00257173506543, 0.000998201896437, -0.0010487746913, 0.000506253913045, 4.16981092712e-005, 0.00132400763687, -0.00406154897064, -0.00479704048485, -0.00276538403705, 0.0156385451555, -0.00496093090624, 0.000249719596468], [0.000401896162657, 0.00348146050237, -0.00178738869727, 0.00407795468345, -0.000409596774261, -0.00258789188229, 6.92480098223e-005, -0.000704664736986, 0.000178997157491, -0.00171299115755, -0.00496093090624, 0.0246614348143, -0.0134694268927], [-0.000195650878595, -0.00333402003162, 0.00062463170616, -0.00307036656886, 0.00100818497594, 0.000850271782838, -0.000101903409814, 0.00266646337695, -0.00138785596937, 0.00116421130951, 0.000249719596468, -0.0134694268927, 0.024996990338]]
    },
    "melbands": {
        "mean": [0.00305100530386, 0.00337366131134, 0.000432624714449, 0.000289710063953, 0.000723365694284, 0.000656593299937, 0.000528568867594, 0.000268092786428, 0.000266645976808, 3.03123306367e-005, 3.89043161704e-005, 4.11707624153e-005, 1.26225768327e-005, 9.13692019822e-006, 5.37825371794e-006, 5.78436129217e-006, 7.40184259485e-006, 3.37869823852e-006, 2.25309440793e-006, 2.04621596822e-006, 1.73140779225e-006, 1.53629559918e-006, 1.15120894861e-006, 1.01389105112e-006, 1.15058310257e-006, 1.22173037198e-006, 1.02856870399e-006, 8.83663460627e-007, 8.80049356056e-007, 7.87510543887e-007, 1.11017618565e-006, 4.53201181472e-007, 4.03797628223e-007, 5.27991687704e-007, 5.65195250601e-007, 5.5068119309e-007, 3.51677414301e-007, 2.40038048105e-007, 1.66364159782e-007, 1.2983821307e-007],
        "var": [8.92712923815e-005, 9.26047141547e-005, 5.20280707406e-007, 2.15027384343e-007, 4.04810225518e-006, 1.62602430009e-006, 1.35934408263e-006, 5.39795280474e-007, 6.19433421889e-007, 4.86718443327e-009, 7.60356044793e-009, 2.37341950537e-008, 1.65808722308e-009, 2.13046535968e-009, 6.68050892383e-010, 6.74731714945e-010, 7.96229360223e-010, 4.05873890053e-010, 1.57994936578e-010, 7.76101613531e-011, 7.10746184129e-011, 7.32695501493e-011, 3.26247327764e-011, 1.4604832968e-011, 1.82397708048e-011, 3.55375243122e-011, 2.12806803429e-011, 1.22263353955e-011, 1.16345570331e-011, 7.10258718159e-012, 6.79337766596e-011, 3.64413534071e-012, 2.1822409331e-012, 3.47616141601e-012, 5.58070950563e-012, 4.9262061444e-012, 1.61549094414e-012, 7.61630775808e-013, 5.07820077222e-013, 3.21336761453e-013]
    },
    "mfcc": {
        "mean": [-771.562194824, 161.565673828, 33.2735977173, 25.6563968658, -4.45594644547, 1.83810079098, -8.06621742249, 2.18658041954, -4.17007637024, 2.37013673782, -3.03993940353, 0.577242076397, 0.436651349068],
        "cov": [[5171.66943359, -1593.43408203, -485.232543945, -153.75340271, -456.831787109, -168.084945679, -129.534561157, -306.44418335, -222.88041687, 17.4818534851, -104.175773621, -18.4465065002, -170.56817627], [-1593.43408203, 2778.99121094, 155.442993164, 184.5753479, -69.0955047607, -28.6345748901, -45.9280929565, -34.0207633972, 164.125076294, -55.8990821838, 120.107337952, 83.4868164063, 153.879058838], [-485.232543945, 155.442993164, 812.145874023, 30.9012145996, 258.221923828, 72.6659393311, 115.788192749, 231.784576416, 92.7987823486, 86.8358001709, 73.2879943848, 65.2181854248, 101.027679443], [-153.75340271, 184.5753479, 30.9012145996, 273.18145752, 92.2118225098, 82.7963943481, 57.3505630493, 38.026184082, 49.8982086182, 35.4314460754, 35.2570266724, 15.9413900375, -0.613600254059], [-456.831787109, -69.0955047607, 258.221923828, 92.2118225098, 294.177368164, 133.069259644, 123.075668335, 172.88230896, 68.3929977417, 52.0480537415, 31.5521411896, 21.2858886719, 45.1475028992], [-168.084945679, -28.6345748901, 72.6659393311, 82.7963943481, 133.069259644, 182.298156738, 113.007034302, 88.7947158813, 65.2704544067, 17.7814846039, 25.1345977783, 17.6988277435, 2.61321616173], [-129.534561157, -45.9280929565, 115.788192749, 57.3505630493, 123.075668335, 113.007034302, 159.519683838, 127.805374146, 68.6165390015, 55.8307876587, 47.6044273376, 34.6797218323, 44.8851890564], [-306.44418335, -34.0207633972, 231.784576416, 38.026184082, 172.88230896, 88.7947158813, 127.805374146, 222.65612793, 81.6445617676, 70.0570755005, 53.7317314148, 42.5503768921, 71.5535583496], [-222.88041687, 164.125076294, 92.7987823486, 49.8982086182, 68.3929977417, 65.2704544067, 68.6165390015, 81.6445617676, 117.715843201, 26.1997871399, 49.7588806152, 32.5649642944, 31.6588878632], [17.4818534851, -55.8990821838, 86.8358001709, 35.4314460754, 52.0480537415, 17.7814846039, 55.8307876587, 70.0570755005, 26.1997871399, 109.894966125, 49.5870094299, 37.7419700623, 52.7317390442], [-104.175773621, 120.107337952, 73.2879943848, 35.2570266724, 31.5521411896, 25.1345977783, 47.6044273376, 53.7317314148, 49.7588806152, 49.5870094299, 83.6566085815, 46.5494499207, 48.7336540222], [-18.4465065002, 83.4868164063, 65.2181854248, 15.9413900375, 21.2858886719, 17.6988277435, 34.6797218323, 42.5503768921, 32.5649642944, 37.7419700623, 46.5494499207, 68.8569259644, 55.6267318726], [-170.56817627, 153.879058838, 101.027679443, -0.613600254059, 45.1475028992, 2.61321616173, 44.8851890564, 71.5535583496, 31.6588878632, 52.7317390442, 48.7336540222, 55.6267318726, 119.507781982]],
        "icov": [[0.000316534831654, 0.000189459038666, -4.92312319693e-005, -0.000108581960376, 0.000564892659895, -5.59871023142e-006, -0.00020227713685, 0.000232200502069, 0.000102292680822, -0.000231346930377, 0.000211250313441, -0.000514667655807, 0.000200947833946], [0.000189459038666, 0.000687117164489, -0.000211799662793, -0.000598182203248, 0.000669187458698, 1.28800193124e-005, 0.000305281457258, 0.00047015430755, -0.000787789875176, 0.000795686733909, -0.000421838863986, -3.43158353644e-005, -0.00104199978523], [-4.92312319693e-005, -0.000211799662793, 0.0021196694579, 0.000492989318445, -0.0017379130004, 0.000670261157211, 0.000387134641642, -0.00129477947485, -4.38555216533e-005, -0.000340391066857, -0.000290705705993, -0.000763013609685, 0.000320320163155], [-0.000108581960376, -0.000598182203248, 0.000492989318445, 0.00541439652443, -0.00213216082193, -0.00117163022514, -0.000233328551985, 0.000971526489593, -0.000320358842146, -0.00213695690036, -0.000930473848712, -0.000299558276311, 0.00210999301635], [0.000564892659895, 0.000669187458698, -0.0017379130004, -0.00213216082193, 0.0106678400189, -0.00411214632913, -0.0001208954709, -0.0038211827632, 0.000492866442073, -0.00027087359922, 0.00180697592441, 0.00180125969928, -0.00179039104842], [-5.59871023142e-006, 1.28800193124e-005, 0.000670261157211, -0.00117163022514, -0.00411214632913, 0.0140325278044, -0.00810008216649, 0.00108909618575, -0.00247958605178, 0.00250314665027, 0.000562840141356, -0.00288186897524, 0.00370388198644], [-0.00020227713685, 0.000305281457258, 0.000387134641642, -0.000233328551985, -0.0001208954709, -0.00810008216649, 0.0191787425429, -0.00566449249163, -0.00178638054058, -0.00247179088183, -0.0022751823999, 0.00106379273348, -0.0026026351843], [0.000232200502069, 0.00047015430755, -0.00129477947485, 0.000971526489593, -0.0038211827632, 0.00108909618575, -0.00566449249163, 0.0146106733009, -0.00377277820371, -0.00178484478965, 0.000113567431981, 5.31575315108e-005, -0.00265916413628], [0.000102292680822, -0.000787789875176, -4.38555216533e-005, -0.000320358842146, 0.000492866442073, -0.00247958605178, -0.00178638054058, -0.00377277820371, 0.0166589394212, 0.00132037978619, -0.0054888385348, -0.00172446353827, 0.00203886348754], [-0.000231346930377, 0.000795686733909, -0.000340391066857, -0.00213695690036, -0.00027087359922, 0.00250314665027, -0.00247179088183, -0.00178484478965, 0.00132037978619, 0.0175385549664, -0.00667669298127, -0.000948005763348, -0.00395791465417], [0.000211250313441, -0.000421838863986, -0.000290705705993, -0.000930473848712, 0.00180697592441, 0.000562840141356, -0.0022751823999, 0.000113567431981, -0.0054888385348, -0.00667669298127, 0.0270855557173, -0.00994709227234, -0.000837786588818], [-0.000514667655807, -3.43158353644e-005, -0.000763013609685, -0.000299558276311, 0.00180125969928, -0.00288186897524, 0.00106379273348, 5.31575315108e-005, -0.00172446353827, -0.000948005763348, -0.00994709227234, 0.0317242592573, -0.0109308483079], [0.000200947833946, -0.00104199978523, 0.000320320163155, 0.00210999301635, -0.00179039104842, 0.00370388198644, -0.0026026351843, -0.00265916413628, 0.00203886348754, -0.00395791465417, -0.000837786588818, -0.0109308483079, 0.0195370633155]]
    },
    "spectral_contrast_coeffs": {
        "mean": [-0.635850608349, -0.716431677341, -0.810317754745, -0.848085522652, -0.844890356064, -0.781951963902],
        "var": [0.00973114091903, 0.0114349983633, 0.00425792392343, 0.00109633838292, 0.00072659709258, 0.0025948039256]
    },
    "spectral_contrast_valleys": {
        "mean": [-7.8092880249, -7.08119440079, -8.10484313965, -8.90310192108, -9.04454898834, -11.6629171371],
        "var": [0.961403548717, 0.699917793274, 0.584924757481, 0.685312151909, 0.988537013531, 1.60135912895]
    }
},
"metadata": {
    "audio_properties": {
        "analysis_sample_rate": 44100,
        "bit_rate": 128074,
        "equal_loudness": 0,
        "length": 45.0612258911,
        "lossless": 0,
        "replay_gain": -5.28566741943,
        "sample_rate": 44100,
        "codec": "mp3",
        "downmix": "mix",
        "md5_encoded": "9f7055b77a407d8acc0cde550cbd88b7"
    },
    "tags": {
        "file_name": "1723.mp3"
    },
    "version": {
        "essentia": "2.1-beta2",
        "essentia_git_sha": "v2.1_beta2",
        "extractor": "music 1.0"
    }
},
"rhythm": {
    "beats_count": 73,
    "beats_loudness": {
        "mean": 0.0376004464924,
        "var": 0.0050173420459
    },
    "bpm": 103.313095093,
    "bpm_histogram_first_peak_bpm": {
        "mean": 103,
        "var": 0
    },
    "bpm_histogram_first_peak_spread": {
        "mean": 0.607142865658,
        "var": 0
    },
    "bpm_histogram_first_peak_weight": {
        "mean": 0.152777776122,
        "var": 0
    },
    "bpm_histogram_second_peak_bpm": {
        "mean": 98,
        "var": 0
    },
    "bpm_histogram_second_peak_spread": {
        "mean": 0.571428596973,
        "var": 0
    },
    "bpm_histogram_second_peak_weight": {
        "mean": 0.125,
        "var": 0
    },
    "danceability": 0.908818244934,
    "onset_rate": 3.06111979485,
    "beats_loudness_band_ratio": {
        "mean": [0.452262729406, 0.312758713961, 0.211264103651, 0.0465691387653, 0.0169912725687, 0.0341601595283],
        "var": [0.113269299269, 0.0653232038021, 0.0503945052624, 0.00476536806673, 0.000718020077329, 0.00453792512417]
    },
    "beats_position": [0.557278871536, 1.11455774307, 1.67183673382, 2.24072551727, 2.80961441994, 3.40172338486, 3.99383211136, 4.59755086899, 5.21287965775, 5.80498838425, 6.45514726639, 7.11691617966, 7.75546455383, 8.38240337372, 9.02095222473, 9.63628101349, 10.2516098022, 10.866938591, 11.4706573486, 12.0743761063, 12.689704895, 13.3050336838, 13.9203624725, 14.5473012924, 15.1858501434, 15.8127889633, 16.4861679077, 17.1479358673, 17.8097057343, 18.4598636627, 19.0984115601, 19.7369613647, 20.3871192932, 21.0140590668, 21.6293869019, 22.2447166443, 22.8484344482, 23.4753742218, 24.0558719635, 24.6363716125, 25.2168693542, 25.7973690033, 26.3778686523, 26.9815864563, 27.5853061676, 28.1890239716, 28.8391838074, 29.500951767, 30.1627197266, 30.8244895935, 31.4862575531, 32.1364173889, 32.7749671936, 33.4251251221, 34.0636711121, 34.6441726685, 35.2130622864, 35.7819480896, 36.3740577698, 36.96616745, 37.5466651917, 38.1271629333, 38.6844444275, 39.2649421692, 39.8454399109, 40.4259414673, 40.9832191467, 41.5521087646, 42.1093864441, 42.6550559998, 43.2007255554, 43.7463951111, 44.3036727905]
},
"tonal": {
    "chords_changes_rate": 0.0679012313485,
    "chords_number_rate": 0.0123456791043,
    "chords_strength": {
        "mean": 0.464674323797,
        "var": 0.00878701545298
    },
    "hpcp_entropy": {
        "mean": 1.81927144527,
        "var": 1.01167392731
    },
    "key_strength": 0.733263015747,
    "tuning_diatonic_strength": 0.549177527428,
    "tuning_equal_tempered_deviation": 0.0489325039089,
    "tuning_frequency": 439.238189697,
    "tuning_nontempered_energy_ratio": 0.676105082035,
    "hpcp": {
        "mean": [0.212904587388, 0.158221408725, 0.0924006700516, 0.0952014625072, 0.0715878084302, 0.0513289570808, 0.0485909804702, 0.0530526340008, 0.119183041155, 0.195140004158, 0.152378574014, 0.0899797603488, 0.0878817886114, 0.0800565928221, 0.219478413463, 0.385041415691, 0.255767703056, 0.107805773616, 0.0753200128675, 0.0400133691728, 0.046316344291, 0.0592945702374, 0.0658371597528, 0.142700105906, 0.201301455498, 0.123715594411, 0.0582165233791, 0.0553034879267, 0.0551864281297, 0.185648500919, 0.321731239557, 0.199767664075, 0.0576037317514, 0.0425460673869, 0.0460460707545, 0.122914850712],
        "var": [0.103386968374, 0.0503501407802, 0.0387889891863, 0.0501377061009, 0.029729699716, 0.0198612101376, 0.017522489652, 0.0182209536433, 0.039730116725, 0.0985879078507, 0.0583349429071, 0.0335495211184, 0.0398599840701, 0.034815851599, 0.0598901808262, 0.178598612547, 0.072749838233, 0.0539691783488, 0.0331841148436, 0.0126408310607, 0.0142951402813, 0.024640519172, 0.0219499506056, 0.0523122064769, 0.0887337550521, 0.0390376411378, 0.0206833295524, 0.0226775985211, 0.0185259617865, 0.0538324378431, 0.150919169188, 0.058523196727, 0.0184779260308, 0.0125222317874, 0.0129769835621, 0.0372808426619]
    },
    "chords_histogram": [25.9259262085, 8.12757205963, 5.76131677628, 10.5967073441, 0.102880656719, 5.65843629837, 0.617283940315, 9.67078208923, 0.514403283596, 10.6995887756, 1.23456788063, 2.98353910446, 0, 0, 0, 0, 0, 1.54320991039, 0, 0, 1.74897122383, 0, 14.8148145676, 0],
    "thpcp": [1, 0.664260268211, 0.279984891415, 0.1956153512, 0.103919647634, 0.120289251208, 0.1539953053, 0.170987218618, 0.370609760284, 0.522804677486, 0.321304649115, 0.15119548142, 0.143629968166, 0.143325954676, 0.482152044773, 0.835575699806, 0.518821239471, 0.149603992701, 0.110497377813, 0.119587317109, 0.319225013256, 0.552939474583, 0.410920500755, 0.23997592926, 0.247249931097, 0.18592235446, 0.133307620883, 0.126196756959, 0.137784227729, 0.309533029795, 0.506802618504, 0.395745933056, 0.233688518405, 0.228239834309, 0.207916840911, 0.570012509823],
    "chords_key": "G",
    "chords_scale": "minor",
    "key_key": "G",
    "key_scale": "minor"
}
}