{
"lowlevel": {
    "average_loudness": 0.818249344826,
    "barkbands_crest": {
        "mean": 9.3210735321,
        "var": 9.14640522003
    },
    "barkbands_flatness_db": {
        "mean": 0.317361682653,
        "var": 0.00198872783221
    },
    "barkbands_kurtosis": {
        "mean": 0.39312055707,
        "var": 5.44503831863
    },
    "barkbands_skewness": {
        "mean": 0.179939433932,
        "var": 0.702727735043
    },
    "barkbands_spread": {
        "mean": 7.69643640518,
        "var": 8.50035667419
    },
    "dissonance": {
        "mean": 0.359336048365,
        "var": 0.00375205883756
    },
    "dynamic_complexity": 3.25981450081,
    "erbbands_crest": {
        "mean": 13.8423423767,
        "var": 20.5558357239
    },
    "erbbands_flatness_db": {
        "mean": 0.383366048336,
        "var": 0.00176452146843
    },
    "erbbands_kurtosis": {
        "mean": 0.877876400948,
        "var": 4.46103572845
    },
    "erbbands_skewness": {
        "mean": -0.316889494658,
        "var": 0.547830045223
    },
    "erbbands_spread": {
        "mean": 10.6799173355,
        "var": 33.580242157
    },
    "hfc": {
        "mean": 15.0338516235,
        "var": 142.282058716
    },
    "melbands_crest": {
        "mean": 11.1107816696,
        "var": 14.9773769379
    },
    "melbands_flatness_db": {
        "mean": 0.395314574242,
        "var": 0.00332029093988
    },
    "melbands_kurtosis": {
        "mean": 0.866205871105,
        "var": 13.5920467377
    },
    "melbands_skewness": {
        "mean": 0.517175376415,
        "var": 0.827774941921
    },
    "melbands_spread": {
        "mean": 13.8842849731,
        "var": 29.8990039825
    },
    "pitch_salience": {
        "mean": 0.536846578121,
        "var": 0.00727021507919
    },
    "silence_rate_20dB": {
        "mean": 1,
        "var": 0
    },
    "silence_rate_30dB": {
        "mean": 1,
        "var": 0
    },
    "silence_rate_60dB": {
        "mean": 0.0602471679449,
        "var": 0.0566186010838
    },
    "spectral_centroid": {
        "mean": 742.725524902,
        "var": 41410.5234375
    },
    "spectral_complexity": {
        "mean": 11.0859937668,
        "var": 14.3341207504
    },
    "spectral_decrease": {
        "mean": -5.68138247559e-009,
        "var": 1.9240280605e-017
    },
    "spectral_energy": {
        "mean": 0.0228064116091,
        "var": 0.000305240304442
    },
    "spectral_energyband_high": {
        "mean": 7.00262432929e-007,
        "var": 2.89410140818e-012
    },
    "spectral_energyband_low": {
        "mean": 0.00213436107151,
        "var": 2.5765511964e-005
    },
    "spectral_energyband_middle_high": {
        "mean": 0.00810803007334,
        "var": 5.11532889504e-005
    },
    "spectral_energyband_middle_low": {
        "mean": 0.0136070204899,
        "var": 0.000157580041559
    },
    "spectral_entropy": {
        "mean": 5.87017917633,
        "var": 0.14807498455
    },
    "spectral_flux": {
        "mean": 0.0276394598186,
        "var": 0.000453277840279
    },
    "spectral_kurtosis": {
        "mean": 71.8268432617,
        "var": 1275.71789551
    },
    "spectral_rms": {
        "mean": 0.00435792049393,
        "var": 3.25869700646e-006
    },
    "spectral_rolloff": {
        "mean": 1063.18579102,
        "var": 274354.21875
    },
    "spectral_skewness": {
        "mean": 5.61727046967,
        "var": 3.65203499794
    },
    "spectral_spread": {
        "mean": 1024949.5625,
        "var": 1.44666289766e+012
    },
    "spectral_strongpeak": {
        "mean": 2.03974151611,
        "var": 1.78193628788
    },
    "zerocrossingrate": {
        "mean": 0.0360948480666,
        "var": 0.000207012373721
    },
    "barkbands": {
        "mean": [1.39632466016e-005, 0.00110392586794, 0.000639523961581, 0.00080096925376, 0.00295053888112, 0.00292523321696, 0.00255039613694, 0.00204080692492, 0.00121347187087, 0.00206928350963, 0.00278097623959, 0.00166468298994, 0.000636407407001, 0.000838090956677, 0.000246988551226, 0.00014212098904, 0.000168771308381, 1.74347806023e-005, 1.98442535293e-006, 3.33125285579e-007, 3.05487560581e-007, 1.77924533773e-007, 5.98727112333e-008, 2.5452303376e-008, 1.33463062824e-008, 5.22589127527e-009, 1.06861031135e-009],
        "var": [4.38531627678e-010, 1.42555645652e-005, 1.9448373223e-006, 3.05662547362e-006, 3.6544915929e-005, 9.2248810688e-006, 2.62501544057e-005, 1.392653121e-005, 1.94015046873e-006, 7.75645094109e-006, 1.22682286019e-005, 3.28554438056e-006, 5.9342056602e-007, 1.47278478835e-006, 2.32666096167e-007, 1.80671136718e-007, 5.18186141107e-007, 4.74391237404e-009, 2.63074197843e-011, 3.11909894614e-013, 4.72300313008e-013, 4.72388512855e-013, 1.38724575989e-013, 2.00137410645e-015, 9.23952326832e-016, 6.17306177014e-016, 1.34005112118e-017]
    },
    "erbbands": {
        "mean": [0.0122801437974, 0.311913728714, 0.813634395599, 1.84598708153, 5.43785953522, 12.7472295761, 13.3630781174, 28.1851615906, 36.4134635925, 26.6460857391, 52.4705619812, 38.0890541077, 59.09948349, 62.346572876, 142.293121338, 61.0963439941, 27.2500019073, 53.3397979736, 15.3158950806, 11.5537452698, 8.63611125946, 7.65088796616, 1.5890930891, 0.284841358662, 0.0638787969947, 0.0160345248878, 0.0140254655853, 0.00927980430424, 0.0052204313688, 0.00560334464535, 0.00130048906431, 0.000470871833386, 0.000522413756698, 0.000198771580472, 9.749407036e-005, 5.09702949785e-005, 1.35508826133e-005, 3.20226536132e-006, 1.15749007819e-005, 2.62428020505e-005],
        "var": [0.00223860610276, 1.03979742527, 2.81366467476, 14.4881706238, 87.1487350464, 1113.21875, 557.809143066, 761.993041992, 5444.18994141, 1292.93725586, 9773.33789063, 1378.12182617, 9999.80761719, 4800.02734375, 39755.0898438, 4541.51708984, 903.883483887, 4866.44775391, 646.503112793, 382.637023926, 777.330627441, 1334.04187012, 31.5292644501, 0.766977906227, 0.0125766554847, 0.000667193962727, 0.000857867882587, 0.000356834672857, 0.000150895575644, 0.0015803395072, 2.59931493929e-005, 1.02301021343e-006, 7.85976169482e-007, 1.37917353982e-007, 3.96270785075e-008, 1.09826503447e-008, 2.12465378624e-009, 1.53737550468e-010, 7.70905561609e-011, 3.98745203523e-010]
    },
    "gfcc": {
        "mean": [-161.414993286, 217.430633545, -156.53717041, -62.3466873169, -39.3786697388, -11.8880929947, -32.9195671082, -24.4974803925, -15.310918808, -19.6965560913, -9.12622737885, -9.78601932526, -1.6338455677],
        "cov": [[4894.66943359, 672.271972656, -961.55090332, -42.9886779785, 317.189300537, -590.955932617, -535.725952148, -217.970489502, 245.630554199, -214.673614502, -66.3567886353, -63.7837142944, 61.7444648743], [672.271972656, 795.395568848, 588.40057373, 307.281677246, 339.22177124, -61.9376754761, 69.6920089722, 58.0359191895, 134.072509766, -16.3999462128, 44.7736816406, -13.11972332, -10.9031333923], [-961.55090332, 588.40057373, 1272.38354492, 582.489013672, 265.292724609, 121.476631165, 229.273208618, 188.602767944, 64.2587356567, 63.4028816223, 91.0622711182, 84.7487411499, -45.8484764099], [-42.9886779785, 307.281677246, 582.489013672, 677.698669434, 339.826507568, 1.15243220329, 63.0091171265, 188.023605347, 114.693710327, 7.59683465958, 7.39925765991, 67.8943939209, -26.7815322876], [317.189300537, 339.22177124, 265.292724609, 339.826507568, 326.784454346, -16.1381816864, 28.4224510193, 93.4681167603, 103.473876953, 4.03201293945, 22.0056629181, 17.6532821655, 2.58160376549], [-590.955932617, -61.9376754761, 121.476631165, 1.15243220329, -16.1381816864, 196.736694336, 149.163772583, 38.6506156921, -55.063873291, 37.2758140564, 39.8005332947, 24.5601806641, 11.0141410828], [-535.725952148, 69.6920089722, 229.273208618, 63.0091171265, 28.4224510193, 149.163772583, 200.61076355, 81.7224655151, -21.8994007111, 25.0506153107, 38.299861908, 26.881072998, 4.09222507477], [-217.970489502, 58.0359191895, 188.602767944, 188.023605347, 93.4681167603, 38.6506156921, 81.7224655151, 136.038360596, 45.9530181885, 3.88738560677, 0.243818223476, 35.0449333191, 1.45274794102], [245.630554199, 134.072509766, 64.2587356567, 114.693710327, 103.473876953, -55.063873291, -21.8994007111, 45.9530181885, 167.271865845, 53.8659591675, -41.1711425781, -38.679058075, 4.68295812607], [-214.673614502, -16.3999462128, 63.4028816223, 7.59683465958, 4.03201293945, 37.2758140564, 25.0506153107, 3.88738560677, 53.8659591675, 103.221641541, 21.7173137665, -31.6280822754, 0.738120377064], [-66.3567886353, 44.7736816406, 91.0622711182, 7.39925765991, 22.0056629181, 39.8005332947, 38.299861908, 0.243818223476, -41.1711425781, 21.7173137665, 105.645584106, 56.0681381226, 17.0417728424], [-63.7837142944, -13.11972332, 84.7487411499, 67.8943939209, 17.6532821655, 24.5601806641, 26.881072998, 35.0449333191, -38.679058075, -31.6280822754, 56.0681381226, 118.920204163, 37.7619400024], [61.7444648743, -10.9031333923, -45.8484764099, -26.7815322876, 2.58160376549, 11.0141410828, 4.09222507477, 1.45274794102, 4.68295812607, 0.738120377064, 17.0417728424, 37.7619400024, 62.6809616089]],
        "icov": [[0.0011026331922, -0.00259318179451, 0.00211618863977, -0.00116568303201, 0.0012189700501, -7.138386718e-005, 0.00173750205431, 0.000168329381268, -0.000675679242704, 0.000390706874896, -0.00064123282209, -0.00102054071613, 0.000192652049009], [-0.00259318179451, 0.0144101968035, -0.00907613150775, 0.00496948231012, -0.00936147477478, 0.00405069999397, -0.00894032325596, 0.00531931780279, -0.00527822505683, 0.00950837228447, -0.00485420133919, 0.00891856849194, -0.00309110735543], [0.00211618863977, -0.00907613150775, 0.0079542119056, -0.00497727748007, 0.00592546351254, -0.00151555344928, 0.00355860451236, -0.00165167090017, 0.00167860731017, -0.00489163445309, 0.000932444352657, -0.0057184509933, 0.00298016169108], [-0.00116568303201, 0.00496948231012, -0.00497727748007, 0.00859516020864, -0.00820267014205, 0.00105433049612, -0.000586975715123, -0.00299868104048, 0.000334016105626, -0.000339164223988, 0.00304255774245, -0.00160680094268, 0.0024246876128], [0.0012189700501, -0.00936147477478, 0.00592546351254, -0.00820267014205, 0.0164352525026, -0.00444371812046, 0.00539452116936, -0.00353054702282, -0.00163880991749, -0.000661631755065, -0.00369383115321, -0.000320920342347, -0.000838244799525], [-7.138386718e-005, 0.00405069999397, -0.00151555344928, 0.00105433049612, -0.00444371812046, 0.0188794787973, -0.0140898758546, 0.00326970173046, 0.00509555498138, -0.00481538660824, 0.00160918978509, 0.000517547770869, -0.00324678770266], [0.00173750205431, -0.00894032325596, 0.00355860451236, -0.000586975715123, 0.00539452116936, -0.0140898758546, 0.0243131425232, -0.0119588719681, 0.00220797793008, -0.00226263538934, -0.000467567733722, -0.00220928876661, 0.00134878268], [0.000168329381268, 0.00531931780279, -0.00165167090017, -0.00299868104048, -0.00353054702282, 0.00326970173046, -0.0119588719681, 0.0239054393023, -0.0102748731151, 0.00893433578312, -0.00209266250022, -0.000844606896862, -0.000192113366211], [-0.000675679242704, -0.00527822505683, 0.00167860731017, 0.000334016105626, -0.00163880991749, 0.00509555498138, 0.00220797793008, -0.0102748731151, 0.0269858986139, -0.0245157182217, 0.0168736036867, -0.00547438208014, -0.0026329359971], [0.000390706874896, 0.00950837228447, -0.00489163445309, -0.000339164223988, -0.000661631755065, -0.00481538660824, -0.00226263538934, 0.00893433578312, -0.0245157182217, 0.041337672621, -0.0247602500021, 0.0204771477729, -0.00589954806492], [-0.00064123282209, -0.00485420133919, 0.000932444352657, 0.00304255774245, -0.00369383115321, 0.00160918978509, -0.000467567733722, -0.00209266250022, 0.0168736036867, -0.0247602500021, 0.0319570228457, -0.0197669435292, 0.0039686569944], [-0.00102054071613, 0.00891856849194, -0.0057184509933, -0.00160680094268, -0.000320920342347, 0.000517547770869, -0.00220928876661, -0.000844606896862, -0.00547438208014, 0.0204771477729, -0.0197669435292, 0.032718770206, -0.0163957998157], [0.000192652049009, -0.00309110735543, 0.00298016169108, 0.0024246876128, -0.000838244799525, -0.00324678770266, 0.00134878268, -0.000192113366211, -0.0026329359971, -0.00589954806492, 0.0039686569944, -0.0163957998157, 0.0280284099281]]
    },
    "melbands": {
        "mean": [0.000219580513658, 0.000444094475824, 0.000394987466279, 0.00067896040855, 0.000483897281811, 0.000597077887505, 0.000577277096454, 0.000278455438092, 0.000397132243961, 0.000233429978834, 0.000287920323899, 0.000230947087402, 0.0003749752359, 0.000289326213533, 7.00091040926e-005, 8.51912554936e-005, 9.95637383312e-005, 2.34580620599e-005, 1.79460857908e-005, 1.43310007843e-005, 9.35062962526e-006, 1.05931021608e-005, 1.61342643423e-006, 9.81671746558e-007, 1.23564134924e-007, 4.95941989698e-008, 2.22890026436e-008, 7.13225611904e-009, 7.672800173e-009, 9.28708310255e-009, 4.2340291273e-009, 2.87278778544e-009, 3.39917827219e-009, 2.64189603527e-009, 7.06921687854e-010, 3.6107694612e-010, 2.40265252138e-010, 4.01378458248e-010, 2.25321594716e-010, 1.30506078166e-010],
        "var": [6.31456487099e-007, 1.04884179564e-006, 4.58279430404e-007, 2.23520237341e-006, 6.68778682211e-007, 3.24579957578e-007, 1.32958246013e-006, 1.08594456094e-007, 5.80994765187e-007, 6.43806004064e-008, 2.53358592772e-007, 7.38974961223e-008, 2.51664459938e-007, 1.07226171053e-007, 8.44010372703e-009, 1.05254898131e-008, 1.92803675247e-008, 1.58480695234e-009, 1.28276567146e-009, 7.8729284203e-010, 1.22918297762e-009, 2.76661360488e-009, 2.43047821452e-011, 1.89833253283e-011, 1.24899615932e-013, 8.38010945223e-015, 1.49922883488e-015, 1.32874865764e-016, 1.97335277425e-016, 5.43814316258e-016, 6.23300311545e-017, 4.56725492203e-017, 3.22397892142e-016, 4.43502771883e-016, 6.29268965603e-018, 1.18900636969e-018, 2.55586349871e-019, 5.38599940903e-019, 1.52271439664e-019, 8.10638615889e-020]
    },
    "mfcc": {
        "mean": [-792.392150879, 250.921875, -37.0470352173, -44.9706382751, -1.74372327328, -6.28741550446, -12.7504634857, -7.57869815826, -8.89785861969, -16.7887916565, -9.59908866882, -5.30632543564, -6.12929677963],
        "cov": [[3633.24926758, 1187.61755371, -1499.11999512, 201.101974487, 300.086639404, -259.778442383, -540.047485352, -242.775650024, -10.8525590897, -219.264816284, -82.9164505005, -1.98069703579, -68.471206665], [1187.61755371, 835.294311523, -53.2592430115, 164.180267334, 236.250015259, -39.0585098267, -113.836341858, -22.3263149261, 10.6836700439, -45.3467025757, 33.7193374634, 72.9805755615, -42.5074806213], [-1499.11999512, -53.2592430115, 1389.52844238, 433.347717285, 173.903961182, 191.862457275, 258.687316895, 251.93572998, 95.3036499023, 117.437896729, 157.824691772, 147.647506714, 22.9226512909], [201.101974487, 164.180267334, 433.347717285, 739.312072754, 426.840270996, 37.1215248108, -24.7573757172, 173.360748291, 151.782745361, 21.9723491669, 97.1921310425, 130.85194397, 23.3502368927], [300.086639404, 236.250015259, 173.903961182, 426.840270996, 375.031890869, 46.9839515686, -33.8273506165, 98.7324523926, 113.091712952, 52.1780471802, 72.1047439575, 77.8709640503, 9.19227027893], [-259.778442383, -39.0585098267, 191.862457275, 37.1215248108, 46.9839515686, 123.534988403, 99.7342453003, 27.8625679016, 17.4257698059, 57.729549408, 46.4544219971, 14.1936359406, 8.05126571655], [-540.047485352, -113.836341858, 258.687316895, -24.7573757172, -33.8273506165, 99.7342453003, 267.219055176, 119.839935303, -36.1863212585, -4.16907215118, -1.35335028172, 23.3478431702, 49.9391555786], [-242.775650024, -22.3263149261, 251.93572998, 173.360748291, 98.7324523926, 27.8625679016, 119.839935303, 205.567779541, 72.5439224243, -39.5481872559, -10.7089805603, 58.765007019, 63.5594558716], [-10.8525590897, 10.6836700439, 95.3036499023, 151.782745361, 113.091712952, 17.4257698059, -36.1863212585, 72.5439224243, 154.817108154, 79.6861572266, 27.1608467102, 24.5710048676, 3.19550156593], [-219.264816284, -45.3467025757, 117.437896729, 21.9723491669, 52.1780471802, 57.729549408, -4.16907215118, -39.5481872559, 79.6861572266, 216.394805908, 125.365333557, -23.9700584412, -59.9885063171], [-82.9164505005, 33.7193374634, 157.824691772, 97.1921310425, 72.1047439575, 46.4544219971, -1.35335028172, -10.7089805603, 27.1608467102, 125.365333557, 145.515838623, 25.4588699341, -62.8497161865], [-1.98069703579, 72.9805755615, 147.647506714, 130.85194397, 77.8709640503, 14.1936359406, 23.3478431702, 58.765007019, 24.5710048676, -23.9700584412, 25.4588699341, 84.5535430908, 24.5627613068], [-68.471206665, -42.5074806213, 22.9226512909, 23.3502368927, 9.19227027893, 8.05126571655, 49.9391555786, 63.5594558716, 3.19550156593, -59.9885063171, -62.8497161865, 24.5627613068, 101.268585205]],
        "icov": [[0.0510410219431, -0.0717843323946, 0.0725014954805, -0.0717122256756, 0.0701570510864, -0.0681324452162, 0.061194986105, -0.0549639426172, 0.0473977401853, -0.0361550599337, 0.0264007151127, -0.0179700627923, 0.00570232886821], [-0.0717843323946, 0.103174306452, -0.102397561073, 0.102584592998, -0.102324202657, 0.0980164036155, -0.0873967632651, 0.0800860822201, -0.0688293725252, 0.054386164993, -0.0394161231816, 0.0250459816307, -0.00752360187471], [0.0725014954805, -0.102397561073, 0.105122998357, -0.104126267135, 0.102926574647, -0.100745178759, 0.0892495214939, -0.0832709372044, 0.0721674412489, -0.0572087317705, 0.0418642833829, -0.0297539159656, 0.0102045806125], [-0.0717122256756, 0.102584592998, -0.104126267135, 0.109188213944, -0.108918651938, 0.102616682649, -0.0904679074883, 0.084639377892, -0.0763108432293, 0.0629863739014, -0.0479961149395, 0.0295614339411, -0.0110537726432], [0.0701570510864, -0.102324202657, 0.102926574647, -0.108918651938, 0.11581685394, -0.107149392366, 0.0949639827013, -0.091625675559, 0.07966786623, -0.0690339952707, 0.0513769946992, -0.0340230129659, 0.0117148794234], [-0.0681324452162, 0.0980164036155, -0.100745178759, 0.102616682649, -0.107149392366, 0.121148198843, -0.102483429015, 0.0977599918842, -0.0869279876351, 0.0707259774208, -0.0591680966318, 0.0379110425711, -0.01778357476], [0.061194986105, -0.0873967632651, 0.0892495214939, -0.0904679074883, 0.0949639827013, -0.102483429015, 0.100135952234, -0.0958449393511, 0.0870428532362, -0.0715019628406, 0.0563966296613, -0.0370352379978, 0.0145334498957], [-0.0549639426172, 0.0800860822201, -0.0832709372044, 0.084639377892, -0.091625675559, 0.0977599918842, -0.0958449393511, 0.106842510402, -0.0945246592164, 0.0819649770856, -0.0643948540092, 0.0406036861241, -0.0217397678643], [0.0473977401853, -0.0688293725252, 0.0721674412489, -0.0763108432293, 0.07966786623, -0.0869279876351, 0.0870428532362, -0.0945246592164, 0.0999175831676, -0.0861859619617, 0.070333532989, -0.0452457368374, 0.0209167934954], [-0.0361550599337, 0.054386164993, -0.0572087317705, 0.0629863739014, -0.0690339952707, 0.0707259774208, -0.0715019628406, 0.0819649770856, -0.0861859619617, 0.0907989740372, -0.0762071758509, 0.0490721352398, -0.0214235577732], [0.0264007151127, -0.0394161231816, 0.0418642833829, -0.0479961149395, 0.0513769946992, -0.0591680966318, 0.0563966296613, -0.0643948540092, 0.070333532989, -0.0762071758509, 0.0805013924837, -0.0472712814808, 0.0296063665301], [-0.0179700627923, 0.0250459816307, -0.0297539159656, 0.0295614339411, -0.0340230129659, 0.0379110425711, -0.0370352379978, 0.0406036861241, -0.0452457368374, 0.0490721352398, -0.0472712814808, 0.0500297993422, -0.0198408067226], [0.00570232886821, -0.00752360187471, 0.0102045806125, -0.0110537726432, 0.0117148794234, -0.01778357476, 0.0145334498957, -0.0217397678643, 0.0209167934954, -0.0214235577732, 0.0296063665301, -0.0198408067226, 0.0274753663689]]
    },
    "spectral_contrast_coeffs": {
        "mean": [-0.510121762753, -0.598301529884, -0.594442307949, -0.671835303307, -0.757126927376, -0.803563833237],
        "var": [0.0133955487981, 0.00628373585641, 0.00523301679641, 0.00487707229331, 0.00430394522846, 0.000946245563682]
    },
    "spectral_contrast_valleys": {
        "mean": [-9.37662315369, -7.48492431641, -8.02889919281, -8.92958259583, -10.4212560654, -13.7090206146],
        "var": [1.92113566399, 0.852120161057, 0.776592969894, 0.882523953915, 0.510760903358, 0.304004192352]
    }
},
"metadata": {
    "audio_properties": {
        "analysis_sample_rate": 44100,
        "bit_rate": 128074,
        "equal_loudness": 0,
        "length": 45.0612258911,
        "lossless": 0,
        "replay_gain": -2.53527069092,
        "sample_rate": 44100,
        "codec": "mp3",
        "downmix": "mix",
        "md5_encoded": "1ff4f7317da466fc3a04f2ec97839fa0"
    },
    "tags": {
        "file_name": "1724.mp3"
    },
    "version": {
        "essentia": "2.1-beta2",
        "essentia_git_sha": "v2.1_beta2",
        "extractor": "music 1.0"
    }
},
"rhythm": {
    "beats_count": 87,
    "beats_loudness": {
        "mean": 0.0257912166417,
        "var": 0.000341038539773
    },
    "bpm": 121.975143433,
    "bpm_histogram_first_peak_bpm": {
        "mean": 123,
        "var": 0
    },
    "bpm_histogram_first_peak_spread": {
        "mean": 0.511111140251,
        "var": 0
    },
    "bpm_histogram_first_peak_weight": {
        "mean": 0.255813956261,
        "var": 0
    },
    "bpm_histogram_second_peak_bpm": {
        "mean": 117,
        "var": 0
    },
    "bpm_histogram_second_peak_spread": {
        "mean": 0.359999984503,
        "var": 0
    },
    "bpm_histogram_second_peak_weight": {
        "mean": 0.186046510935,
        "var": 0
    },
    "danceability": 0.926729261875,
    "onset_rate": 0.687642872334,
    "beats_loudness_band_ratio": {
        "mean": [0.128875792027, 0.238316521049, 0.309567481279, 0.359593898058, 0.0282356031239, 9.85680744634e-005],
        "var": [0.0278038810939, 0.0209775306284, 0.0298831276596, 0.0405833087862, 0.00105806393549, 9.3527878775e-009]
    },
    "beats_position": [0.510838985443, 1.01006805897, 1.50929701328, 2.00852608681, 2.49614500999, 2.99537420273, 3.48299312592, 3.97061228752, 4.46984100342, 4.96907043457, 5.47990942001, 6.00235795975, 6.51319694519, 7.02403593063, 7.59292507172, 8.16181373596, 8.74231243134, 9.32281208038, 9.8800907135, 10.4489793777, 11.017868042, 11.5867567062, 12.0975961685, 12.6084346771, 13.1308841705, 13.6417226791, 14.1525621414, 14.66340065, 15.1626300812, 15.6502494812, 16.1494789124, 16.6254863739, 17.1131057739, 17.600725174, 18.088344574, 18.575963974, 19.0635814667, 19.5395908356, 20.0272102356, 20.5148296356, 21.0140590668, 21.5365066528, 22.0589561462, 22.5349655151, 23.0225849152, 23.5102043152, 24.009431839, 24.5086612701, 25.0078907013, 25.4955101013, 25.9831295013, 26.470746994, 26.958366394, 27.4459857941, 27.9336051941, 28.4212245941, 28.9204521179, 29.4080715179, 29.9073009491, 30.4181404114, 30.9289798737, 31.474647522, 32.0087051392, 32.5543746948, 33.1000442505, 33.6457138062, 34.1913833618, 34.7370529175, 35.2711105347, 35.7819480896, 36.2927894592, 36.8036270142, 37.3028564453, 37.8136940002, 38.3245353699, 38.823764801, 39.3113822937, 39.8106117249, 40.309841156, 40.8090705872, 41.3083000183, 41.830745697, 42.3531951904, 42.8640365601, 43.3864860535, 43.9089317322, 44.4313812256]
},
"tonal": {
    "chords_changes_rate": 0.0401234552264,
    "chords_number_rate": 0.00925925932825,
    "chords_strength": {
        "mean": 0.513168275356,
        "var": 0.0109726339579
    },
    "hpcp_entropy": {
        "mean": 1.33641934395,
        "var": 0.237467870116
    },
    "key_strength": 0.741769850254,
    "tuning_diatonic_strength": 0.571523666382,
    "tuning_equal_tempered_deviation": 0.0246872454882,
    "tuning_frequency": 442.293365479,
    "tuning_nontempered_energy_ratio": 0.599534571171,
    "hpcp": {
        "mean": [0.177785262465, 0.113706469536, 0.12728048861, 0.269802570343, 0.165184184909, 0.0173805188388, 0.00859330128878, 0.0105133652687, 0.157033652067, 0.434339016676, 0.311275541782, 0.0291164629161, 0.00413124123588, 0.00973607413471, 0.158356890082, 0.344026237726, 0.217183679342, 0.0682087317109, 0.0739414393902, 0.0351169556379, 0.00993594434112, 0.00745750963688, 0.0172191020101, 0.18551632762, 0.389167785645, 0.239795774221, 0.0658948048949, 0.0684547275305, 0.0338750779629, 0.155913949013, 0.279299139977, 0.140910595655, 0.0117756566033, 0.00429596379399, 0.00277653429657, 0.0764193087816],
        "var": [0.0853689387441, 0.0318400785327, 0.0335868000984, 0.152209684253, 0.0622988939285, 0.0026202716399, 0.00112282414921, 0.00250821514055, 0.0214396975935, 0.145511522889, 0.0841160789132, 0.00183219159953, 0.000462263298687, 0.000954891380388, 0.0286532044411, 0.14488042891, 0.0606699585915, 0.0386968925595, 0.0456367917359, 0.00854454934597, 0.00287191802636, 0.00180858792737, 0.00224198726937, 0.0445216372609, 0.11955537647, 0.0497461259365, 0.0117377815768, 0.0225943084806, 0.00697473157197, 0.0624934583902, 0.176802873611, 0.0514399930835, 0.000723411270883, 0.000149066137965, 0.000102380654425, 0.0172680411488]
    },
    "chords_histogram": [30.6584358215, 9.56790161133, 20.3703708649, 0, 3.49794244766, 0, 5.04115247726, 0, 0, 0, 0, 0, 0, 0, 0, 0.411522626877, 0, 1.44032919407, 0, 0.514403283596, 0, 3.39506173134, 3.08641982079, 22.0164604187],
    "thpcp": [1, 0.716664910316, 0.0670362561941, 0.00951155927032, 0.0224158409983, 0.364592820406, 0.792068481445, 0.500032603741, 0.157040297985, 0.170239001513, 0.0808514878154, 0.0228760112077, 0.0171697903425, 0.039644382894, 0.427123337984, 0.896000087261, 0.552093565464, 0.151712834835, 0.157606676221, 0.0779922530055, 0.358968317509, 0.643044114113, 0.324425369501, 0.027111671865, 0.00989080779254, 0.00639255112037, 0.175943925977, 0.409323722124, 0.261791974306, 0.293044120073, 0.621179699898, 0.380311638117, 0.0400160215795, 0.0197847783566, 0.0242054350674, 0.361546278],
    "chords_key": "A#",
    "chords_scale": "major",
    "key_key": "A#",
    "key_scale": "major"
}
}