{
"lowlevel": {
    "average_loudness": 0.970170855522,
    "barkbands_crest": {
        "mean": 13.0356893539,
        "var": 22.4347419739
    },
    "barkbands_flatness_db": {
        "mean": 0.254831105471,
        "var": 0.00406763143837
    },
    "barkbands_kurtosis": {
        "mean": 15.516705513,
        "var": 417.514678955
    },
    "barkbands_skewness": {
        "mean": 2.3776447773,
        "var": 3.05926036835
    },
    "barkbands_spread": {
        "mean": 5.11854505539,
        "var": 10.9212789536
    },
    "dissonance": {
        "mean": 0.411228001118,
        "var": 0.00246757920831
    },
    "dynamic_complexity": 3.40659403801,
    "erbbands_crest": {
        "mean": 12.7780408859,
        "var": 31.7019615173
    },
    "erbbands_flatness_db": {
        "mean": 0.205820173025,
        "var": 0.00330493762158
    },
    "erbbands_kurtosis": {
        "mean": 5.95328950882,
        "var": 67.5217590332
    },
    "erbbands_skewness": {
        "mean": 1.50535345078,
        "var": 0.99069827795
    },
    "erbbands_spread": {
        "mean": 19.4792098999,
        "var": 174.923675537
    },
    "hfc": {
        "mean": 6.44620990753,
        "var": 60.701007843
    },
    "melbands_crest": {
        "mean": 17.654214859,
        "var": 25.2113227844
    },
    "melbands_flatness_db": {
        "mean": 0.368153691292,
        "var": 0.00555781507865
    },
    "melbands_kurtosis": {
        "mean": 21.4611473083,
        "var": 846.128479004
    },
    "melbands_skewness": {
        "mean": 2.66010427475,
        "var": 3.26698732376
    },
    "melbands_spread": {
        "mean": 5.23326778412,
        "var": 19.1798553467
    },
    "pitch_salience": {
        "mean": 0.49774491787,
        "var": 0.0162589773536
    },
    "silence_rate_20dB": {
        "mean": 1,
        "var": 0
    },
    "silence_rate_30dB": {
        "mean": 0.988671481609,
        "var": 0.0112000769004
    },
    "silence_rate_60dB": {
        "mean": 0.0396498441696,
        "var": 0.0380773469806
    },
    "spectral_centroid": {
        "mean": 397.883575439,
        "var": 35599.0820313
    },
    "spectral_complexity": {
        "mean": 7.8563337326,
        "var": 9.58852386475
    },
    "spectral_decrease": {
        "mean": -7.11333569825e-009,
        "var": 4.23768135057e-017
    },
    "spectral_energy": {
        "mean": 0.0274320300668,
        "var": 0.000633318617474
    },
    "spectral_energyband_high": {
        "mean": 3.92656802433e-005,
        "var": 9.43863387448e-009
    },
    "spectral_energyband_low": {
        "mean": 0.0145039716735,
        "var": 0.000245752511546
    },
    "spectral_energyband_middle_high": {
        "mean": 0.000588167749811,
        "var": 1.5978847614e-006
    },
    "spectral_energyband_middle_low": {
        "mean": 0.0128210783005,
        "var": 0.00036922909203
    },
    "spectral_entropy": {
        "mean": 6.5087428093,
        "var": 0.300728470087
    },
    "spectral_flux": {
        "mean": 0.0844439566135,
        "var": 0.0032722982578
    },
    "spectral_kurtosis": {
        "mean": 15.9659729004,
        "var": 138.239395142
    },
    "spectral_rms": {
        "mean": 0.0047072796151,
        "var": 4.60443561678e-006
    },
    "spectral_rolloff": {
        "mean": 360.042510986,
        "var": 221042.8125
    },
    "spectral_skewness": {
        "mean": 3.17475819588,
        "var": 1.04245829582
    },
    "spectral_spread": {
        "mean": 3573387.75,
        "var": 3.64615722598e+012
    },
    "spectral_strongpeak": {
        "mean": 0.613958060741,
        "var": 0.522237539291
    },
    "zerocrossingrate": {
        "mean": 0.0176927782595,
        "var": 0.000208916768315
    },
    "barkbands": {
        "mean": [0.000516292871907, 0.0101076355204, 0.00340912933461, 0.000932850758545, 0.00378113752231, 0.00461695529521, 0.00198799325153, 0.000840370717924, 0.000487966870423, 0.00028186259442, 0.000230502380873, 6.93982074154e-005, 2.90401458187e-005, 2.54780043178e-005, 3.11591466016e-005, 1.39772164403e-005, 1.2067192074e-005, 8.60834188643e-006, 7.30236024538e-006, 7.81588278187e-006, 8.57872510096e-006, 6.99046086083e-006, 4.73956060887e-006, 6.17598379904e-006, 4.51548157798e-006, 3.05929029309e-006, 4.45069190391e-007],
        "var": [1.43317629409e-006, 0.000128695130115, 2.67803116003e-005, 1.66487552633e-006, 4.40352523583e-005, 8.84069595486e-005, 2.41881407419e-005, 2.493492957e-006, 1.20908009649e-006, 8.32211867419e-007, 4.65562692398e-007, 2.26482637089e-008, 5.08074160521e-009, 2.92560065063e-009, 2.77034706286e-009, 8.12624745272e-010, 4.00344424278e-010, 3.92130994342e-010, 4.76686301543e-010, 7.84720288749e-010, 1.11315168194e-009, 5.15262998935e-010, 1.77961242964e-010, 1.62979699181e-010, 9.00234817247e-011, 1.98606242563e-010, 2.17179030836e-012]
    },
    "erbbands": {
        "mean": [0.273810654879, 2.31796526909, 4.31472539902, 3.57451295853, 3.6163816452, 9.39427566528, 61.9838027954, 17.1229934692, 19.110414505, 38.6864356995, 10.4092521667, 10.6473560333, 13.7205076218, 8.8931350708, 5.83748960495, 2.90465831757, 1.37364888191, 1.39958405495, 1.543612957, 1.32802033424, 0.790285944939, 0.670133590698, 0.470604538918, 0.400272220373, 0.358165413141, 0.363652795553, 0.385909944773, 0.312420129776, 0.26472017169, 0.189571872354, 0.122438557446, 0.112028464675, 0.111635543406, 0.0642792806029, 0.0245513487607, 0.0114837447181, 0.00598169537261, 0.00156704336405, 5.6055301684e-005, 3.1145682442e-005],
        "var": [0.105250574648, 6.95844125748, 38.3772277832, 19.5877475739, 47.0605354309, 238.662780762, 18316.65625, 938.44921875, 5463.72851563, 5617.87890625, 272.298370361, 371.848358154, 2584.28955078, 686.093017578, 175.222839355, 38.184715271, 9.93475151062, 8.61294460297, 10.6920595169, 4.60459947586, 2.43736672401, 1.23887729645, 1.08621323109, 1.03171920776, 1.4909632206, 1.7424929142, 1.92638528347, 1.57403802872, 0.823949277401, 0.420909553766, 0.0965946391225, 0.0550716146827, 0.0556066893041, 0.0174971502274, 0.00281926896423, 0.00151042058133, 0.00120394816622, 3.51507223968e-005, 2.58376378071e-008, 7.89065091045e-010]
    },
    "gfcc": {
        "mean": [-99.7185974121, 151.96446228, -62.1615905762, 15.8539428711, -56.5275230408, 10.7032766342, -31.411699295, 7.16095066071, -10.5732765198, 3.66913557053, -9.16493320465, 0.291995227337, -1.26069843769],
        "cov": [[4431.47070313, -722.604980469, -207.276916504, 68.5491485596, -354.97644043, 23.2194004059, -168.54208374, 84.9360580444, -226.318557739, 140.200653076, -123.284645081, 170.355895996, 3.75672793388], [-722.604980469, 1081.02331543, -195.7265625, -174.437667847, 220.913208008, -129.016220093, 153.077682495, -94.284362793, 180.062866211, -159.60748291, 155.156173706, -111.475196838, 114.19883728], [-207.276916504, -195.7265625, 702.700805664, 156.699005127, 28.2951107025, 118.942687988, 26.743894577, 15.4556427002, 13.9962301254, 82.5557937622, -15.7181482315, 20.0227870941, -23.6652545929], [68.5491485596, -174.437667847, 156.699005127, 302.682250977, 111.488731384, 80.9750823975, 18.5762119293, 35.4549484253, -2.56181454659, 6.91939544678, -20.4582557678, -24.4839954376, -44.5395393372], [-354.97644043, 220.913208008, 28.2951107025, 111.488731384, 356.235717773, 105.758079529, 67.8972930908, 36.7661895752, 82.8296508789, -48.5915031433, 7.56269454956, -48.5182647705, -17.0590629578], [23.2194004059, -129.016220093, 118.942687988, 80.9750823975, 105.758079529, 202.340148926, 60.3605308533, 51.7766799927, 7.86502599716, 14.1728963852, -49.6281814575, -0.385705262423, -22.5206012726], [-168.54208374, 153.077682495, 26.743894577, 18.5762119293, 67.8972930908, 60.3605308533, 148.328445435, 26.4731884003, 35.3929519653, -22.6942367554, 26.3971557617, -24.2493228912, 20.0275592804], [84.9360580444, -94.284362793, 15.4556427002, 35.4549484253, 36.7661895752, 51.7766799927, 26.4731884003, 91.2995300293, 22.3814048767, 19.9778404236, -17.9872913361, 7.20651626587, -27.2725315094], [-226.318557739, 180.062866211, 13.9962301254, -2.56181454659, 82.8296508789, 7.86502599716, 35.3929519653, 22.3814048767, 114.293357849, 8.6148891449, 34.995765686, -24.0584888458, 10.829788208], [140.200653076, -159.60748291, 82.5557937622, 6.91939544678, -48.5915031433, 14.1728963852, -22.6942367554, 19.9778404236, 8.6148891449, 97.2645111084, 7.1607708931, 29.0956687927, -12.0171604156], [-123.284645081, 155.156173706, -15.7181482315, -20.4582557678, 7.56269454956, -49.6281814575, 26.3971557617, -17.9872913361, 34.995765686, 7.1607708931, 91.5743255615, 8.80727291107, 26.5384025574], [170.355895996, -111.475196838, 20.0227870941, -24.4839954376, -48.5182647705, -0.385705262423, -24.2493228912, 7.20651626587, -24.0584888458, 29.0956687927, 8.80727291107, 64.1123428345, 16.8241920471], [3.75672793388, 114.19883728, -23.6652545929, -44.5395393372, -17.0590629578, -22.5206012726, 20.0275592804, -27.2725315094, 10.829788208, -12.0171604156, 26.5384025574, 16.8241920471, 73.5356674194]],
        "icov": [[0.000345106149325, -0.000401883560698, 0.000229228404351, -0.000482320901938, 0.000378341122996, -0.000232714242884, 0.000341825158102, -0.000595528341364, 0.000758806068916, -0.000795147032477, 0.000606923596933, -0.000777764711529, -0.000192128311028], [-0.000401883560698, 0.00725508295, -0.000540841952898, 0.00416457047686, -0.00336492084898, 0.00281739560887, -0.00325594702736, 0.00408493587747, -0.00636385567486, 0.00732451537624, -0.00622048089281, 0.00733879068866, -0.00371397496201], [0.000229228404351, -0.000540841952898, 0.00216348282993, -0.00145454122685, 0.000553186459001, -0.000972188776359, -0.000337484147167, 0.000903804902919, -4.61032686871e-005, -0.0022438573651, 0.00119127961807, -0.00190320285037, 0.000546774652321], [-0.000482320901938, 0.00416457047686, -0.00145454122685, 0.00752236833796, -0.00345733226277, 0.000955528113991, -0.00127626850735, 0.000960985140409, -0.00172613223549, 0.00413371762261, -0.00495099462569, 0.00708405859768, -0.00106438191142], [0.000378341122996, -0.00336492084898, 0.000553186459001, -0.00345733226277, 0.00728444196284, -0.00446727825329, 0.00230976939201, -0.00241165934131, -0.000453198998002, 0.000100415629277, 0.00110352598131, -0.00271423719823, 0.00239441194572], [-0.000232714242884, 0.00281739560887, -0.000972188776359, 0.000955528113991, -0.00446727825329, 0.0124532235786, -0.00705247046426, 0.00152082683053, -0.00253688497469, 1.1441929928e-005, 0.00556280789897, -0.00165674509481, -8.83043685462e-005], [0.000341825158102, -0.00325594702736, -0.000337484147167, -0.00127626850735, 0.00230976939201, -0.00705247046426, 0.0154193025082, -0.00866405293345, 0.00486908853054, -0.000182593677891, -0.00547925010324, 0.00551107944921, -0.00490985205397], [-0.000595528341364, 0.00408493587747, 0.000903804902919, 0.000960985140409, -0.00241165934131, 0.00152082683053, -0.00866405293345, 0.023736000061, -0.0114209968597, 0.00220711878501, 0.00335422973149, -0.006845805794, 0.00802702177316], [0.000758806068916, -0.00636385567486, -4.61032686871e-005, -0.00172613223549, -0.000453198998002, -0.00253688497469, 0.00486908853054, -0.0114209968597, 0.0239922404289, -0.0115586984903, -0.00120329274796, 0.00441511487588, -0.00365832750686], [-0.000795147032477, 0.00732451537624, -0.0022438573651, 0.00413371762261, 0.000100415629277, 1.1441929928e-005, -0.000182593677891, 0.00220711878501, -0.0115586984903, 0.0258360095322, -0.0104222912341, 0.00211293948814, 0.000544850132428], [0.000606923596933, -0.00622048089281, 0.00119127961807, -0.00495099462569, 0.00110352598131, 0.00556280789897, -0.00547925010324, 0.00335422973149, -0.00120329274796, -0.0104222912341, 0.028327729553, -0.0168889444321, 0.00382455205545], [-0.000777764711529, 0.00733879068866, -0.00190320285037, 0.00708405859768, -0.00271423719823, -0.00165674509481, 0.00551107944921, -0.006845805794, 0.00441511487588, 0.00211293948814, -0.0168889444321, 0.0419021211565, -0.0166525281966], [-0.000192128311028, -0.00371397496201, 0.000546774652321, -0.00106438191142, 0.00239441194572, -8.83043685462e-005, -0.00490985205397, 0.00802702177316, -0.00365832750686, 0.000544850132428, 0.00382455205545, -0.0166525281966, 0.0268077719957]]
    },
    "melbands": {
        "mean": [0.00272149778903, 0.00261206901632, 0.00063173356466, 0.000308854389004, 0.00176529062446, 0.000490882841405, 0.000304995890474, 0.000380307697924, 6.37377888779e-005, 7.12406254024e-005, 6.53504102957e-005, 3.32417657773e-005, 2.43878348556e-005, 9.56531221163e-006, 4.47302682005e-006, 2.98898521578e-006, 2.51303345067e-006, 2.44606530941e-006, 2.28358157983e-006, 1.27401870031e-006, 8.62965521264e-007, 7.32565183625e-007, 5.05677007823e-007, 3.66645593886e-007, 3.18534148391e-007, 2.8111386996e-007, 2.24476210064e-007, 2.4728441872e-007, 2.58198554093e-007, 1.99914737209e-007, 1.72899504491e-007, 1.57261482059e-007, 1.20329090691e-007, 9.88273001212e-008, 6.7345716559e-008, 6.74916904586e-008, 6.93810164876e-008, 8.22747026064e-008, 6.91295696242e-008, 4.90265925635e-008],
        "var": [9.31286103878e-006, 1.01468167486e-005, 5.4576958064e-007, 4.01589318244e-007, 1.42546105053e-005, 8.03176249065e-007, 9.71873305389e-007, 5.32778130946e-007, 1.02994830442e-008, 2.13996660392e-008, 6.04932139936e-008, 9.22593290653e-009, 4.30105817628e-009, 3.7288985788e-010, 1.04305265813e-010, 5.81184475545e-011, 2.65121813392e-011, 3.47382643484e-011, 1.56794594669e-011, 4.89073798821e-012, 3.22108117089e-012, 1.48010705255e-012, 1.21218464953e-012, 7.51352213953e-013, 7.04600061022e-013, 9.09584365293e-013, 7.23526707297e-013, 8.79077951925e-013, 8.48030846934e-013, 7.12978558571e-013, 4.83558234687e-013, 2.87518083343e-013, 1.85668768229e-013, 1.3516070858e-013, 3.27263613615e-014, 2.33099452148e-014, 2.24486516209e-014, 3.21580429115e-014, 2.36782249759e-014, 9.94410496736e-015]
    },
    "mfcc": {
        "mean": [-760.98248291, 187.473846436, 45.8613586426, 16.7880878448, 6.62161970139, 4.29130363464, -2.73758459091, 0.426760852337, 6.17838430405, 2.90566420555, -0.653446257114, 3.02803015709, 3.6192843914],
        "cov": [[3978.51879883, -619.324401855, -283.095428467, -32.3588943481, -259.919769287, -130.191085815, -37.8005981445, -83.0406951904, -34.3819656372, -112.133895874, -62.4980926514, -48.4548454285, -53.0515823364], [-619.324401855, 1000.48937988, -205.276245117, -62.3239936829, 21.6096076965, -22.9629096985, -15.6510181427, 40.6446151733, 5.45670843124, 31.4501094818, -2.37793326378, -1.31918823719, 40.9001998901], [-283.095428467, -205.276245117, 577.88092041, 78.335975647, 9.57848262787, 77.6655654907, 30.1082649231, -26.9986782074, 8.9232378006, 24.3208675385, 13.6292915344, 21.8560256958, 5.99265575409], [-32.3588943481, -62.3239936829, 78.335975647, 217.970825195, 96.7825317383, 33.2924003601, 31.403503418, 17.8721065521, -1.01037812233, 19.0964736938, 22.421497345, 15.7112531662, -0.283472418785], [-259.919769287, 21.6096076965, 9.57848262787, 96.7825317383, 272.526367188, 109.241439819, 32.7879486084, 68.2278823853, 51.8357009888, 42.7504081726, 31.9064712524, 15.7370271683, 1.53340649605], [-130.191085815, -22.9629096985, 77.6655654907, 33.2924003601, 109.241439819, 148.297210693, 69.5056915283, 49.1305732727, 49.2637367249, 33.5157394409, 18.2877311707, -1.34671401978, -7.04827880859], [-37.8005981445, -15.6510181427, 30.1082649231, 31.403503418, 32.7879486084, 69.5056915283, 116.508384705, 64.7472839355, 28.0689277649, 16.5344028473, 12.4793214798, 1.83894872665, -7.61012125015], [-83.0406951904, 40.6446151733, -26.9986782074, 17.8721065521, 68.2278823853, 49.1305732727, 64.7472839355, 112.931686401, 53.0471572876, 21.3857574463, 21.2942752838, 3.69175696373, -7.28144264221], [-34.3819656372, 5.45670843124, 8.9232378006, -1.01037812233, 51.8357009888, 49.2637367249, 28.0689277649, 53.0471572876, 88.5245513916, 39.7119522095, 11.94069767, 2.93772768974, -2.53127646446], [-112.133895874, 31.4501094818, 24.3208675385, 19.0964736938, 42.7504081726, 33.5157394409, 16.5344028473, 21.3857574463, 39.7119522095, 68.2634658813, 31.4202461243, 10.0036268234, 11.0580329895], [-62.4980926514, -2.37793326378, 13.6292915344, 22.421497345, 31.9064712524, 18.2877311707, 12.4793214798, 21.2942752838, 11.94069767, 31.4202461243, 66.0885772705, 25.4531993866, 5.36578798294], [-48.4548454285, -1.31918823719, 21.8560256958, 15.7112531662, 15.7370271683, -1.34671401978, 1.83894872665, 3.69175696373, 2.93772768974, 10.0036268234, 25.4531993866, 49.7710494995, 24.7287826538], [-53.0515823364, 40.9001998901, 5.99265575409, -0.283472418785, 1.53340649605, -7.04827880859, -7.61012125015, -7.28144264221, -2.53127646446, 11.0580329895, 5.36578798294, 24.7287826538, 55.7843856812]],
        "icov": [[0.000336221128237, 0.000226881064009, 0.000261211185716, -0.000170732775587, 0.000324246677337, -1.04668779386e-005, -3.29853864969e-005, 0.000183226293302, -0.000356349803042, 0.000358994788257, -3.00714600598e-005, 0.000124600788695, -6.01737792749e-006], [0.000226881064009, 0.00135054078419, 0.000525808602106, 0.000188023186638, 0.000126712737256, 2.56081511907e-005, 0.000297567923553, -0.000691640248988, 0.000452175881946, -0.000806239084341, 0.000441124313511, 0.000315204437356, -0.00088171090465], [0.000261211185716, 0.000525808602106, 0.0024909239728, -0.00090908393031, 0.00102968362626, -0.00179562589619, 6.30576905678e-005, 0.0010317126289, -0.000267815106781, -0.000404243037337, 0.00037369603524, -0.00108066876419, -1.0129245311e-005], [-0.000170732775587, 0.000188023186638, -0.00090908393031, 0.00655701756477, -0.00307912519202, 0.00171564077027, -0.00207895156927, 0.000223167182412, 0.0022192473989, -0.00149765075184, -0.000317297264701, -0.000732607149985, 0.000630537280813], [0.000324246677337, 0.000126712737256, 0.00102968362626, -0.00307912519202, 0.00804134365171, -0.00605217274278, 0.00407874071971, -0.00336250755936, -0.00026313145645, -0.000807558652014, 0.000387386389775, -0.00186865380965, 0.000160232026246], [-1.04668779386e-005, 2.56081511907e-005, -0.00179562589619, 0.00171564077027, -0.00605217274278, 0.0165499858558, -0.00860587973148, 0.00293585332111, -0.00425835652277, -0.000296780548524, -0.00181504653301, 0.00398042565212, -8.47932533361e-005], [-3.29853864969e-005, 0.000297567923553, 6.30576905678e-005, -0.00207895156927, 0.00407874071971, -0.00860587973148, 0.0183077305555, -0.0105644278228, 0.00355899007991, -0.00194734695833, 0.00206978712231, -0.00216542184353, 0.000960589153692], [0.000183226293302, -0.000691640248988, 0.0010317126289, 0.000223167182412, -0.00336250755936, 0.00293585332111, -0.0105644278228, 0.0213070418686, -0.0106449397281, 0.00504270987585, -0.00534176267684, 0.00158637587447, 0.000702944991644], [-0.000356349803042, 0.000452175881946, -0.000267815106781, 0.0022192473989, -0.00026313145645, -0.00425835652277, 0.00355899007991, -0.0106449397281, 0.0243988130242, -0.0135716255754, 0.00622951705009, -0.00353053584695, 0.00269812881015], [0.000358994788257, -0.000806239084341, -0.000404243037337, -0.00149765075184, -0.000807558652014, -0.000296780548524, -0.00194734695833, 0.00504270987585, -0.0135716255754, 0.0299723576754, -0.0133722079918, 0.0057574803941, -0.00647758692503], [-3.00714600598e-005, 0.000441124313511, 0.00037369603524, -0.000317297264701, 0.000387386389775, -0.00181504653301, 0.00206978712231, -0.00534176267684, 0.00622951705009, -0.0133722079918, 0.0270512290299, -0.014223979786, 0.00558814639226], [0.000124600788695, 0.000315204437356, -0.00108066876419, -0.000732607149985, -0.00186865380965, 0.00398042565212, -0.00216542184353, 0.00158637587447, -0.00353053584695, 0.0057574803941, -0.014223979786, 0.0354591272771, -0.0151863656938], [-6.01737792749e-006, -0.00088171090465, -1.0129245311e-005, 0.000630537280813, 0.000160232026246, -8.47932533361e-005, 0.000960589153692, 0.000702944991644, 0.00269812881015, -0.00647758692503, 0.00558814639226, -0.0151863656938, 0.0263798236847]]
    },
    "spectral_contrast_coeffs": {
        "mean": [-0.663076639175, -0.694179952145, -0.778544783592, -0.816954493523, -0.837551534176, -0.827237963676],
        "var": [0.00530567625538, 0.00657169986516, 0.00226667220704, 0.00151560397353, 0.00106879451778, 0.000706905673724]
    },
    "spectral_contrast_valleys": {
        "mean": [-6.98687171936, -6.9221496582, -7.94374084473, -9.00142192841, -9.39366817474, -11.3958625793],
        "var": [0.73451179266, 0.727744460106, 0.794997513294, 0.699838757515, 0.81008130312, 0.885895609856]
    }
},
"metadata": {
    "audio_properties": {
        "analysis_sample_rate": 44100,
        "bit_rate": 128074,
        "equal_loudness": 0,
        "length": 45.0612258911,
        "lossless": 0,
        "replay_gain": -5.40156745911,
        "sample_rate": 44100,
        "codec": "mp3",
        "downmix": "mix",
        "md5_encoded": "571f16de4bb7bcad9810beb2bf87db97"
    },
    "tags": {
        "file_name": "1725.mp3"
    },
    "version": {
        "essentia": "2.1-beta2",
        "essentia_git_sha": "v2.1_beta2",
        "extractor": "music 1.0"
    }
},
"rhythm": {
    "beats_count": 73,
    "beats_loudness": {
        "mean": 0.0469942688942,
        "var": 0.00099487719126
    },
    "bpm": 99.0617599487,
    "bpm_histogram_first_peak_bpm": {
        "mean": 99,
        "var": 0
    },
    "bpm_histogram_first_peak_spread": {
        "mean": 0.300000071526,
        "var": 0
    },
    "bpm_histogram_first_peak_weight": {
        "mean": 0.680555522442,
        "var": 0
    },
    "bpm_histogram_second_peak_bpm": {
        "mean": 92,
        "var": 0
    },
    "bpm_histogram_second_peak_spread": {
        "mean": 0.5,
        "var": 0
    },
    "bpm_histogram_second_peak_weight": {
        "mean": 0.0138888889924,
        "var": 0
    },
    "danceability": 1.48190701008,
    "onset_rate": 5.58987092972,
    "beats_loudness_band_ratio": {
        "mean": [0.537012994289, 0.331268280745, 0.126002132893, 0.0250666178763, 0.00410241167992, 0.00152881583199],
        "var": [0.0977943092585, 0.069651812315, 0.0126637062058, 0.00136252713855, 3.33518182742e-005, 1.90411865333e-005]
    },
    "beats_position": [0.650158703327, 1.30031740665, 1.93886613846, 2.55419492722, 3.16952371597, 3.7732424736, 4.38857126236, 4.99229001999, 5.59600877762, 6.19972801208, 6.80344676971, 7.41877555847, 8.03410434723, 8.64943313599, 9.26476192474, 9.8800907135, 10.4954195023, 11.110748291, 11.7260770798, 12.3297958374, 12.933514595, 13.5604534149, 14.1641721725, 14.7678909302, 15.3948297501, 16.0217685699, 16.6487064362, 17.2756462097, 17.8793640137, 18.483083725, 19.0868015289, 19.6789112091, 20.2710208893, 20.8747386932, 21.4784584045, 22.0589561462, 22.6626758575, 23.2663936615, 23.8933334351, 24.497051239, 25.0775508881, 25.681268692, 26.2733783722, 26.865486145, 27.4692058563, 28.0845336914, 28.6998634338, 29.3035831451, 29.9073009491, 30.5110206604, 31.1031284332, 31.6952381134, 32.2989578247, 32.9142837524, 33.5180053711, 34.1101112366, 34.7138328552, 35.3175506592, 35.9212684631, 36.5249862671, 37.1287078857, 37.7324256897, 38.3593635559, 38.9630813599, 39.5668029785, 40.1705207825, 40.7858505249, 41.3779602051, 41.981678009, 42.5737876892, 43.1658935547, 43.7580032349, 44.350112915]
},
"tonal": {
    "chords_changes_rate": 0.0905349776149,
    "chords_number_rate": 0.00823045242578,
    "chords_strength": {
        "mean": 0.395694494247,
        "var": 0.00309228478
    },
    "hpcp_entropy": {
        "mean": 1.99992775917,
        "var": 0.361443579197
    },
    "key_strength": 0.519297659397,
    "tuning_diatonic_strength": 0.513916552067,
    "tuning_equal_tempered_deviation": 0.156689330935,
    "tuning_frequency": 440.508636475,
    "tuning_nontempered_energy_ratio": 0.76244109869,
    "hpcp": {
        "mean": [0.0714010447264, 0.0573386400938, 0.059149954468, 0.06684807688, 0.0844189524651, 0.146945774555, 0.148218646646, 0.112185619771, 0.212416425347, 0.258282274008, 0.152793630958, 0.10359108448, 0.117800652981, 0.110194139183, 0.191151484847, 0.336857676506, 0.275680959225, 0.107701860368, 0.0498074069619, 0.0440497770905, 0.0393649749458, 0.0405582077801, 0.0715117678046, 0.112066589296, 0.0920013487339, 0.0472646430135, 0.0353742018342, 0.0444630868733, 0.0754587948322, 0.10385043174, 0.101165063679, 0.089569747448, 0.117423519492, 0.142536491156, 0.105689451098, 0.0765237659216],
        "var": [0.0399092659354, 0.0275784712285, 0.0308248940855, 0.0357674323022, 0.0256441850215, 0.0540542453527, 0.0571791492403, 0.0450569055974, 0.080052383244, 0.11646014452, 0.0564935170114, 0.0551209747791, 0.0678555816412, 0.0563862547278, 0.075556486845, 0.14047832787, 0.106001719832, 0.0401322059333, 0.0242384746671, 0.0241410117596, 0.0236858986318, 0.0116295684129, 0.0236827880144, 0.0526633858681, 0.0321008861065, 0.0102313505486, 0.0127837760374, 0.0193400327116, 0.036474250257, 0.0510939322412, 0.0428673699498, 0.0411239042878, 0.0524736307561, 0.0634557977319, 0.0401440709829, 0.0368644930422]
    },
    "chords_histogram": [3.90946507454, 0, 1.13168728352, 0, 1.95473253727, 6.06995868683, 4.01234579086, 28.6008224487, 0.102880656719, 0.514403283596, 18.5185184479, 0, 0, 0, 0, 0.720164597034, 0, 0, 0, 0, 0, 0, 33.8477363586, 0.617283940315],
    "thpcp": [1, 0.818390011787, 0.319725126028, 0.147858902812, 0.130766734481, 0.11685936898, 0.120401613414, 0.212290748954, 0.332682311535, 0.273116379976, 0.140310421586, 0.105012305081, 0.131993681192, 0.224007949233, 0.308291703463, 0.300319910049, 0.265897899866, 0.34858494997, 0.423135638237, 0.313751041889, 0.227169424295, 0.21196205914, 0.170216217637, 0.175593316555, 0.198446050286, 0.250607192516, 0.436225116253, 0.440003752708, 0.333035677671, 0.630582094193, 0.766740083694, 0.453585118055, 0.307521820068, 0.349704533815, 0.327123731375, 0.567454755306],
    "chords_key": "F",
    "chords_scale": "minor",
    "key_key": "C",
    "key_scale": "minor"
}
}