{
"lowlevel": {
    "average_loudness": 0.294802010059,
    "barkbands_crest": {
        "mean": 14.2211494446,
        "var": 21.1953525543
    },
    "barkbands_flatness_db": {
        "mean": 0.218481346965,
        "var": 0.00457615917549
    },
    "barkbands_kurtosis": {
        "mean": 19.3834266663,
        "var": 367.010681152
    },
    "barkbands_skewness": {
        "mean": 3.19896292686,
        "var": 1.91853010654
    },
    "barkbands_spread": {
        "mean": 8.00186157227,
        "var": 59.7592773438
    },
    "dissonance": {
        "mean": 0.435877978802,
        "var": 0.00118228013162
    },
    "dynamic_complexity": 4.75320482254,
    "erbbands_crest": {
        "mean": 9.49046802521,
        "var": 18.2678527832
    },
    "erbbands_flatness_db": {
        "mean": 0.167451679707,
        "var": 0.00232492410578
    },
    "erbbands_kurtosis": {
        "mean": 2.3146417141,
        "var": 13.8841791153
    },
    "erbbands_skewness": {
        "mean": 1.27959656715,
        "var": 0.661458432674
    },
    "erbbands_spread": {
        "mean": 36.7056922913,
        "var": 501.918884277
    },
    "hfc": {
        "mean": 6.21600294113,
        "var": 149.877960205
    },
    "melbands_crest": {
        "mean": 16.6236095428,
        "var": 22.3094120026
    },
    "melbands_flatness_db": {
        "mean": 0.315846890211,
        "var": 0.00658774236217
    },
    "melbands_kurtosis": {
        "mean": 35.8015441895,
        "var": 956.081665039
    },
    "melbands_skewness": {
        "mean": 4.02138853073,
        "var": 3.03436422348
    },
    "melbands_spread": {
        "mean": 6.24753952026,
        "var": 34.6326751709
    },
    "pitch_salience": {
        "mean": 0.504748106003,
        "var": 0.0155087579042
    },
    "silence_rate_20dB": {
        "mean": 0.998455226421,
        "var": 0.00154241069686
    },
    "silence_rate_30dB": {
        "mean": 0.939752817154,
        "var": 0.0566190071404
    },
    "silence_rate_60dB": {
        "mean": 0.168383106589,
        "var": 0.1400295645
    },
    "spectral_centroid": {
        "mean": 518.468994141,
        "var": 139781.21875
    },
    "spectral_complexity": {
        "mean": 7.86354255676,
        "var": 18.9984035492
    },
    "spectral_decrease": {
        "mean": -6.73006272933e-009,
        "var": 1.35457707448e-016
    },
    "spectral_energy": {
        "mean": 0.0259646195918,
        "var": 0.00200874684379
    },
    "spectral_energyband_high": {
        "mean": 0.000203568401048,
        "var": 5.25041457422e-007
    },
    "spectral_energyband_low": {
        "mean": 0.0147222625092,
        "var": 0.00105029880069
    },
    "spectral_energyband_middle_high": {
        "mean": 0.000555153528694,
        "var": 8.10281619579e-007
    },
    "spectral_energyband_middle_low": {
        "mean": 0.0115437600762,
        "var": 0.000625915941782
    },
    "spectral_entropy": {
        "mean": 6.85126447678,
        "var": 0.325037032366
    },
    "spectral_flux": {
        "mean": 0.0535135306418,
        "var": 0.00321300560609
    },
    "spectral_kurtosis": {
        "mean": 8.85097312927,
        "var": 84.4663619995
    },
    "spectral_rms": {
        "mean": 0.00404609134421,
        "var": 8.96048823051e-006
    },
    "spectral_rolloff": {
        "mean": 417.735626221,
        "var": 508346.75
    },
    "spectral_skewness": {
        "mean": 2.27879095078,
        "var": 0.847442865372
    },
    "spectral_spread": {
        "mean": 4541497,
        "var": 5.42076986982e+012
    },
    "spectral_strongpeak": {
        "mean": 0.476117551327,
        "var": 0.244282960892
    },
    "zerocrossingrate": {
        "mean": 0.0262467507273,
        "var": 0.000475939130411
    },
    "barkbands": {
        "mean": [0.000173339998582, 0.0101030245423, 0.00341440946795, 0.00204540486448, 0.00727024953812, 0.00156823196448, 0.00039981197915, 0.000102716338006, 0.000106644263724, 0.000153190034325, 6.13748270553e-005, 9.53137132456e-005, 5.61750603083e-005, 3.57265271305e-005, 2.84087964246e-005, 2.88810369966e-005, 3.92842302972e-005, 2.55395789281e-005, 2.85368514596e-005, 5.75265803491e-005, 4.30121981481e-005, 3.18085403705e-005, 2.98043632938e-005, 2.88479914161e-005, 2.0592877263e-005, 1.5585021174e-005, 1.23467850699e-006],
        "var": [1.65522209272e-007, 0.00065365008777, 0.000114364956971, 3.75618510589e-005, 0.000407797691878, 1.50684400069e-005, 2.46672470894e-007, 9.14669442409e-008, 4.40515002254e-008, 1.33098524202e-007, 1.10887041771e-008, 3.7300843303e-008, 9.18337761391e-009, 9.55172296813e-009, 7.44617123516e-009, 6.76582168069e-009, 1.11600026997e-008, 4.58710580631e-009, 8.44481373719e-009, 3.92172125885e-008, 2.16012630005e-008, 2.01641121578e-008, 1.47349101809e-008, 2.42802524753e-008, 1.03343502644e-008, 1.27959500773e-008, 6.51851697619e-011]
    },
    "erbbands": {
        "mean": [0.231206923723, 2.46237111092, 4.25678253174, 6.06319618225, 19.2154903412, 24.1462478638, 12.1232805252, 13.0275535583, 7.38076734543, 3.65670347214, 2.90792918205, 2.33974218369, 4.44508314133, 2.9760632515, 2.46827054024, 4.47048282623, 2.65504932404, 2.13211154938, 1.60229420662, 1.57424926758, 1.67226147652, 2.155554533, 1.48504710197, 1.44578933716, 1.62505757809, 2.80786061287, 2.32982039452, 1.30187666416, 1.20884084702, 0.972151994705, 0.858584523201, 0.695493519306, 0.400652557611, 0.246829867363, 0.137356445193, 0.0664791539311, 0.028781697154, 0.00566545454785, 0.000161343501532, 3.2692860259e-005],
        "var": [0.409869909286, 37.7330589294, 113.663070679, 324.364929199, 2638.82763672, 5746.37646484, 1113.3170166, 1657.06262207, 128.262268066, 57.4770202637, 41.0685844421, 19.1320972443, 78.3994140625, 31.5461959839, 24.3462867737, 84.3397293091, 16.3535480499, 22.9485225677, 16.313615799, 18.6725730896, 19.1198387146, 36.3728942871, 15.4669790268, 17.5027923584, 27.5365409851, 99.9423217773, 68.7423706055, 23.1448841095, 32.4009590149, 16.1520252228, 11.2831707001, 15.7115421295, 3.62991023064, 1.17959272861, 0.544579744339, 0.232451766729, 0.0415806360543, 0.00151750212535, 1.14061947443e-006, 4.21110257776e-009]
    },
    "gfcc": {
        "mean": [-95.5013198853, 128.988677979, -78.2205429077, 31.0946559906, -53.3879890442, 12.4166307449, -38.6983108521, -3.91902565956, -23.7086906433, -1.66051232815, -8.35725021362, 1.88173127174, -10.0846261978],
        "cov": [[4994.73095703, -1310.11206055, 366.274780273, 769.458374023, -193.637557983, 228.216522217, -50.0370407104, 96.5918731689, -312.447662354, 42.7698898315, -370.077819824, 65.2527542114, -12.7859973907], [-1310.11206055, 1729.39819336, -285.897857666, -34.0976104736, 549.809936523, -252.380081177, 367.253356934, -170.346008301, 235.823379517, -212.992385864, 274.925201416, -182.266052246, 146.75630188], [366.274780273, -285.897857666, 901.147033691, 52.8322525024, 8.30262947083, 316.639862061, -52.1402282715, 125.330757141, 41.9933166504, 94.3719482422, -45.7556762695, 32.9460258484, -85.1603927612], [769.458374023, -34.0976104736, 52.8322525024, 456.061798096, 193.023620605, 47.2975387573, 148.378768921, 16.3728103638, 42.7574996948, 51.7807197571, 34.892326355, -20.2183475494, 22.754907608], [-193.637557983, 549.809936523, 8.30262947083, 193.023620605, 399.857055664, -16.2951126099, 214.629653931, -19.3727455139, 116.125160217, -19.4002456665, 121.787658691, -54.2330474854, 47.032283783], [228.216522217, -252.380081177, 316.639862061, 47.2975387573, -16.2951126099, 229.698196411, -28.2447471619, 107.211219788, 8.89047718048, 61.6930427551, -17.7221012115, 29.2573184967, -46.8444480896], [-50.0370407104, 367.253356934, -52.1402282715, 148.378768921, 214.629653931, -28.2447471619, 244.637985229, 0.988744735718, 81.9936294556, -18.4069747925, 70.0008392334, -46.7340087891, 43.4518013], [96.5918731689, -170.346008301, 125.330757141, 16.3728103638, -19.3727455139, 107.211219788, 0.988744735718, 124.990058899, 18.5607433319, 56.3781929016, -8.42048549652, 30.0339050293, -25.8152942657], [-312.447662354, 235.823379517, 41.9933166504, 42.7574996948, 116.125160217, 8.89047718048, 81.9936294556, 18.5607433319, 119.764328003, 30.2086219788, 79.0677185059, -12.5068130493, 15.2889451981], [42.7698898315, -212.992385864, 94.3719482422, 51.7807197571, -19.4002456665, 61.6930427551, -18.4069747925, 56.3781929016, 30.2086219788, 121.992912292, 20.5434055328, 40.3940238953, -30.0805473328], [-370.077819824, 274.925201416, -45.7556762695, 34.892326355, 121.787658691, -17.7221012115, 70.0008392334, -8.42048549652, 79.0677185059, 20.5434055328, 136.968109131, -0.275407135487, 29.2883396149], [65.2527542114, -182.266052246, 32.9460258484, -20.2183475494, -54.2330474854, 29.2573184967, -46.7340087891, 30.0339050293, -12.5068130493, 40.3940238953, -0.275407135487, 72.6318206787, -0.968639075756], [-12.7859973907, 146.75630188, -85.1603927612, 22.754907608, 47.032283783, -46.8444480896, 43.4518013, -25.8152942657, 15.2889451981, -30.0805473328, 29.2883396149, -0.968639075756, 73.1599273682]],
        "icov": [[0.000553617835976, -9.09651644179e-005, -0.000172598520294, -0.00123004359193, 0.000323225569446, -4.31509979535e-005, -2.03016006708e-005, -0.000245013681706, 0.00116482353769, 5.14095772814e-005, 0.00106291857082, -0.000473469204735, -0.00050299911527], [-9.09651644179e-005, 0.00504266098142, -0.00042288552504, 0.00270936405286, -0.00336973113008, 0.00212300894782, -0.00162069546059, 0.000950437330175, -0.00427513755858, 0.00569378351793, -0.00514292158186, 0.00493555516005, -0.00128392118495], [-0.000172598520294, -0.00042288552504, 0.0025636407081, 0.000332468858687, -0.000400661956519, -0.0036768487189, 0.00056193373166, 0.00113646907266, -0.00161489436869, -0.000861421984155, 0.00166882982012, -0.000682576792315, 0.000975595961791], [-0.00123004359193, 0.00270936405286, 0.000332468858687, 0.00772864837199, -0.00397189194337, -0.000179307447979, -0.00241122418083, 0.00203455705196, -0.00305937789381, -0.000592270807829, -0.00364046101458, 0.00439160875976, -0.00116671761498], [0.000323225569446, -0.00336973113008, -0.000400661956519, -0.00397189194337, 0.00929438974708, -0.00138034729753, -0.00220192084089, 3.66768326785e-005, 0.00132830522489, -0.00151578767691, 0.000456475652754, -0.00252056936733, 0.00092991872225], [-4.31509979535e-005, 0.00212300894782, -0.0036768487189, -0.000179307447979, -0.00138034729753, 0.0142765427008, 0.000513249658979, -0.00773403886706, 6.09131602687e-005, 0.00324333668686, -0.00405687047169, 0.00194209779147, 0.00147500645835], [-2.03016006708e-005, -0.00162069546059, 0.00056193373166, -0.00241122418083, -0.00220192084089, 0.000513249658979, 0.01067207288, -0.00347847444937, -0.00147289945744, -0.000426980404882, 0.0016311078798, 0.00144711218309, -0.00167168607004], [-0.000245013681706, 0.000950437330175, 0.00113646907266, 0.00203455705196, 3.66768326785e-005, -0.00773403886706, -0.00347847444937, 0.0177149828523, -0.00445192819461, -0.00274621485732, 0.00186655123252, -0.00298224645667, 0.00109640613664], [0.00116482353769, -0.00427513755858, -0.00161489436869, -0.00305937789381, 0.00132830522489, 6.09131602687e-005, -0.00147289945744, -0.00445192819461, 0.0257290285081, -0.0100299809128, -0.00152906577569, -6.46074913675e-005, -0.002549424069], [5.14095772814e-005, 0.00569378351793, -0.000861421984155, -0.000592270807829, -0.00151578767691, 0.00324333668686, -0.000426980404882, -0.00274621485732, -0.0100299809128, 0.0245456919074, -0.00873763859272, -0.00244394666515, 0.00575859006494], [0.00106291857082, -0.00514292158186, 0.00166882982012, -0.00364046101458, 0.000456475652754, -0.00405687047169, 0.0016311078798, 0.00186655123252, -0.00152906577569, -0.00873763859272, 0.0229798164219, -0.00872476492077, -0.00221219100058], [-0.000473469204735, 0.00493555516005, -0.000682576792315, 0.00439160875976, -0.00252056936733, 0.00194209779147, 0.00144711218309, -0.00298224645667, -6.46074913675e-005, -0.00244394666515, -0.00872476492077, 0.0288151875138, -0.00830866582692], [-0.00050299911527, -0.00128392118495, 0.000975595961791, -0.00116671761498, 0.00092991872225, 0.00147500645835, -0.00167168607004, 0.00109640613664, -0.002549424069, 0.00575859006494, -0.00221219100058, -0.00830866582692, 0.0230572558939]]
    },
    "melbands": {
        "mean": [0.0025629599113, 0.00270178797655, 0.00133394356817, 0.00181173125748, 0.000500386522617, 0.000290398835205, 0.000106683350168, 3.38526406267e-005, 2.39884648181e-005, 1.40300644489e-005, 2.31391877605e-005, 1.32513168865e-005, 7.36254105504e-006, 1.06977431642e-005, 7.83443192631e-006, 6.1934920268e-006, 3.76191883333e-006, 2.61777472588e-006, 2.28896419685e-006, 2.29399120144e-006, 1.83766258033e-006, 2.27096552408e-006, 1.62628464295e-006, 1.13555097414e-006, 1.14733222745e-006, 1.17188835702e-006, 1.26589577576e-006, 2.00973954634e-006, 1.67486689406e-006, 9.69158463704e-007, 6.75647072512e-007, 6.99235783941e-007, 5.94225411987e-007, 5.2706968745e-007, 4.84308202431e-007, 5.04670310875e-007, 3.7732115743e-007, 2.77157340633e-007, 2.49562162935e-007, 1.94174759827e-007],
        "var": [4.49834333267e-005, 3.65769883501e-005, 9.53849303187e-006, 2.59584649029e-005, 2.43590602622e-006, 6.65913489684e-007, 2.35735964083e-008, 6.44094599878e-009, 2.6344042503e-009, 6.98730684423e-010, 2.36954211807e-009, 8.8695700784e-010, 1.98205257762e-010, 5.25140375629e-010, 2.07532047103e-010, 8.89702825302e-011, 9.91668760997e-011, 4.71874310459e-011, 5.32945979015e-011, 4.28874054326e-011, 2.12532092619e-011, 3.47114351151e-011, 2.21901438197e-011, 1.00035899703e-011, 1.19358628883e-011, 1.39476668062e-011, 1.78525111361e-011, 5.5641876523e-011, 3.60325207172e-011, 1.32333250261e-011, 7.65884838189e-012, 1.14129044756e-011, 8.90375186774e-012, 5.80372425465e-012, 3.44426028497e-012, 6.33397284275e-012, 4.97893826862e-012, 2.34085689201e-012, 1.25610427008e-012, 7.71677968921e-013]
    },
    "mfcc": {
        "mean": [-749.588684082, 158.826934814, 32.6389961243, 25.5481719971, 11.4407682419, 11.5394325256, 0.323397427797, 0.476917773485, -9.20158958435, -4.82018232346, -4.89979457855, 3.95060873032, 0.925467252731],
        "cov": [[4323.11621094, -1348.14770508, 138.508056641, 561.246582031, -121.046867371, 218.616638184, 79.40184021, 65.5858306885, 111.335388184, 34.1608581543, -185.580581665, -177.56539917, -148.262008667], [-1348.14770508, 1445.75915527, -285.580963135, 84.048286438, 141.05519104, -2.39841628075, 123.924453735, 65.6623535156, 11.0850496292, 21.2802753448, 20.5764961243, 58.1555938721, 16.9375495911], [138.508056641, -285.580963135, 762.942260742, -154.777114868, 127.455375671, 89.5069656372, -6.93339014053, 57.4903411865, 56.1487541199, 37.5478019714, 111.999641418, -15.178150177, 32.6187705994], [561.246582031, 84.048286438, -154.777114868, 444.907714844, 79.8097686768, 143.581176758, 123.61252594, 33.8184165955, 50.8774681091, 72.4799880981, 4.44535398483, 60.7678260803, 13.7599496841], [-121.046867371, 141.05519104, 127.455375671, 79.8097686768, 205.99848938, 88.3628845215, 64.7279281616, 43.8724975586, 28.4406509399, 43.7626571655, 57.1584663391, 53.6387519836, 46.5512046814], [218.616638184, -2.39841628075, 89.5069656372, 143.581176758, 88.3628845215, 140.78666687, 70.3821868896, 40.9144096375, 36.3387641907, 46.88022995, 34.8234825134, 34.0653533936, 18.2176990509], [79.40184021, 123.924453735, -6.93339014053, 123.61252594, 64.7279281616, 70.3821868896, 132.482849121, 60.8047637939, 41.1910591125, 53.3428726196, 27.8274879456, 33.0638237, 11.5985584259], [65.5858306885, 65.6623535156, 57.4903411865, 33.8184165955, 43.8724975586, 40.9144096375, 60.8047637939, 95.6957321167, 40.6209602356, 33.5715560913, 20.4353256226, 9.02261924744, 12.4808311462], [111.335388184, 11.0850496292, 56.1487541199, 50.8774681091, 28.4406509399, 36.3387641907, 41.1910591125, 40.6209602356, 87.3719024658, 31.2093753815, 23.6886329651, 3.88364171982, 3.04664707184], [34.1608581543, 21.2802753448, 37.5478019714, 72.4799880981, 43.7626571655, 46.88022995, 53.3428726196, 33.5715560913, 31.2093753815, 91.6246261597, 48.1412582397, 33.8067855835, 19.3119125366], [-185.580581665, 20.5764961243, 111.999641418, 4.44535398483, 57.1584663391, 34.8234825134, 27.8274879456, 20.4353256226, 23.6886329651, 48.1412582397, 99.7602844238, 47.2265205383, 35.9277114868], [-177.56539917, 58.1555938721, -15.178150177, 60.7678260803, 53.6387519836, 34.0653533936, 33.0638237, 9.02261924744, 3.88364171982, 33.8067855835, 47.2265205383, 88.9798431396, 43.6806182861], [-148.262008667, 16.9375495911, 32.6187705994, 13.7599496841, 46.5512046814, 18.2176990509, 11.5985584259, 12.4808311462, 3.04664707184, 19.3119125366, 35.9277114868, 43.6806182861, 76.9063491821]],
        "icov": [[0.000739655923098, 0.000679468270391, -0.00020996411331, -0.00115895981435, 0.000145346260979, -0.000178249800229, -0.000148184437421, -0.000635942211375, -0.000133738154545, -0.00011507452291, 0.00102866522502, 0.00110831286293, 0.000576646823902], [0.000679468270391, 0.00159939809237, 0.000382717465982, -0.000870001327712, -0.000897136516869, 0.000372377195163, -0.000855214486364, -0.00105420791078, -7.1041744377e-005, 0.000235208441154, 0.000495768967085, 0.00103643408511, 0.000829354219604], [-0.00020996411331, 0.000382717465982, 0.00301879341714, 0.00196641706862, -0.00167746574152, -0.00227236095816, 0.000769836537074, -0.000599355378654, -0.000778748304583, 0.000114965208923, -0.00292824371718, 0.0018284204416, -0.000255004822975], [-0.00115895981435, -0.000870001327712, 0.00196641706862, 0.00734155531973, -0.000718231371138, -0.00475218333304, -0.00172491802368, 0.00256631150842, -0.00148787850048, -0.00154081918299, 0.000272661651252, -0.00287378812209, -0.000835410668515], [0.000145346260979, -0.000897136516869, -0.00167746574152, -0.000718231371138, 0.00963790994138, -0.00328629324213, -0.00100479042158, -0.000352060771547, 0.000358580233296, 0.00037500995677, -0.000101857898699, -0.00194655673113, -0.00248410506174], [-0.000178249800229, 0.000372377195163, -0.00227236095816, -0.00475218333304, -0.00328629324213, 0.0179300475866, -0.00277584604919, -0.00135897705331, 0.000223077528062, -0.000255572755123, -0.000496811582707, -0.00156995968428, 0.000948586617596], [-0.000148184437421, -0.000855214486364, 0.000769836537074, -0.00172491802368, -0.00100479042158, -0.00277584604919, 0.0173023920506, -0.00668609701097, -0.00136144331191, -0.00333774182945, -0.00071681389818, -0.00169328111224, 0.0018148154486], [-0.000635942211375, -0.00105420791078, -0.000599355378654, 0.00256631150842, -0.000352060771547, -0.00135897705331, -0.00668609701097, 0.0188037138432, -0.0045455545187, -0.00211377162486, 0.00108587078284, 0.000734113680664, -0.0029203412123], [-0.000133738154545, -7.1041744377e-005, -0.000778748304583, -0.00148787850048, 0.000358580233296, 0.000223077528062, -0.00136144331191, -0.0045455545187, 0.0167126953602, -0.00144440250006, -0.0029110678006, 0.00231215683743, 0.000774770451244], [-0.00011507452291, 0.000235208441154, 0.000114965208923, -0.00154081918299, 0.00037500995677, -0.000255572755123, -0.00333774182945, -0.00211377162486, -0.00144440250006, 0.0197514370084, -0.00763693451881, -0.00142624566797, 0.000108435342554], [0.00102866522502, 0.000495768967085, -0.00292824371718, 0.000272661651252, -0.000101857898699, -0.000496811582707, -0.00071681389818, 0.00108587078284, -0.0029110678006, -0.00763693451881, 0.023775184527, -0.00727302627638, -0.00176464405376], [0.00110831286293, 0.00103643408511, 0.0018284204416, -0.00287378812209, -0.00194655673113, -0.00156995968428, -0.00169328111224, 0.000734113680664, 0.00231215683743, -0.00142624566797, -0.00727302627638, 0.0252954196185, -0.00736942887306], [0.000576646823902, 0.000829354219604, -0.000255004822975, -0.000835410668515, -0.00248410506174, 0.000948586617596, 0.0018148154486, -0.0029203412123, 0.000774770451244, 0.000108435342554, -0.00176464405376, -0.00736942887306, 0.0206207036972]]
    },
    "spectral_contrast_coeffs": {
        "mean": [-0.627007544041, -0.704665958881, -0.769802391529, -0.796600222588, -0.809716701508, -0.794262230396],
        "var": [0.00972673855722, 0.00372866704129, 0.00284509896301, 0.00177364610136, 0.00264890678227, 0.00213662348688]
    },
    "spectral_contrast_valleys": {
        "mean": [-7.35514783859, -7.42332029343, -8.45164012909, -8.93579483032, -9.1564655304, -11.4001092911],
        "var": [1.28015899658, 0.570791780949, 0.576808273792, 0.535440862179, 0.740381121635, 1.51070272923]
    }
},
"metadata": {
    "audio_properties": {
        "analysis_sample_rate": 44100,
        "bit_rate": 128074,
        "equal_loudness": 0,
        "length": 45.0612258911,
        "lossless": 0,
        "replay_gain": -6.22945022583,
        "sample_rate": 44100,
        "codec": "mp3",
        "downmix": "mix",
        "md5_encoded": "f96b718d4a1b7e56cb67753de1097b96"
    },
    "tags": {
        "file_name": "1726.mp3"
    },
    "version": {
        "essentia": "2.1-beta2",
        "essentia_git_sha": "v2.1_beta2",
        "extractor": "music 1.0"
    }
},
"rhythm": {
    "beats_count": 89,
    "beats_loudness": {
        "mean": 0.0348608717322,
        "var": 0.0028945223894
    },
    "bpm": 119.99420166,
    "bpm_histogram_first_peak_bpm": {
        "mean": 120,
        "var": 0
    },
    "bpm_histogram_first_peak_spread": {
        "mean": 0.246913552284,
        "var": 0
    },
    "bpm_histogram_first_peak_weight": {
        "mean": 0.693181812763,
        "var": 0
    },
    "bpm_histogram_second_peak_bpm": {
        "mean": 112,
        "var": 0
    },
    "bpm_histogram_second_peak_spread": {
        "mean": 0.285714238882,
        "var": 0
    },
    "bpm_histogram_second_peak_weight": {
        "mean": 0.0568181835115,
        "var": 0
    },
    "danceability": 0.983058214188,
    "onset_rate": 3.19421195984,
    "beats_loudness_band_ratio": {
        "mean": [0.617796301842, 0.358142822981, 0.0698001980782, 0.0258515868336, 0.00877446494997, 0.022415375337],
        "var": [0.065611101687, 0.0558365285397, 0.00515627255663, 0.00114308809862, 0.000164744677022, 0.00109157641418]
    },
    "beats_position": [0.53405892849, 1.06811785698, 1.60217678547, 2.13623571396, 2.67029476166, 3.21596360207, 3.75002264977, 4.27247142792, 4.78331041336, 5.2941493988, 5.80498838425, 6.30421733856, 6.80344676971, 7.31428575516, 7.80190467834, 8.28952407837, 8.78875255585, 9.287981987, 9.79882049561, 10.2980499268, 10.7972784042, 11.2965078354, 11.7957363129, 12.294965744, 12.7941951752, 13.2934236526, 13.7926530838, 14.2918815613, 14.7911109924, 15.301949501, 15.8127889633, 16.3120174408, 16.7996368408, 17.298866272, 17.7980957031, 18.2973232269, 18.7965526581, 19.3073921204, 19.8066215515, 20.3058490753, 20.8050785065, 21.3043079376, 21.8035373688, 22.3027667999, 22.8019943237, 23.3012237549, 23.800453186, 24.2996826172, 24.7989120483, 25.2981395721, 25.7973690033, 26.2965984344, 26.7958278656, 27.2834453583, 27.7826747894, 28.2819042206, 28.7927436829, 29.3035831451, 29.8028106689, 30.3020401001, 30.8012695313, 31.3004989624, 31.7997264862, 32.2989578247, 32.7981834412, 33.2974128723, 33.7850341797, 34.2842636108, 34.783493042, 35.2827186584, 35.7819480896, 36.2927894592, 36.7920188904, 37.2912483215, 37.8020858765, 38.3013153076, 38.8005447388, 39.2997741699, 39.7989997864, 40.2866210938, 40.7858505249, 41.2966880798, 41.795917511, 42.2951469421, 42.7943763733, 43.2936058044, 43.7928352356, 44.2804527283, 44.7796821594]
},
"tonal": {
    "chords_changes_rate": 0.0483539104462,
    "chords_number_rate": 0.0113168722019,
    "chords_strength": {
        "mean": 0.480251401663,
        "var": 0.00866892095655
    },
    "hpcp_entropy": {
        "mean": 1.99107897282,
        "var": 0.491685807705
    },
    "key_strength": 0.824874699116,
    "tuning_diatonic_strength": 0.587909579277,
    "tuning_equal_tempered_deviation": 0.187041953206,
    "tuning_frequency": 436.960693359,
    "tuning_nontempered_energy_ratio": 0.847240507603,
    "hpcp": {
        "mean": [0.0614995881915, 0.0429650396109, 0.051711499691, 0.13181874156, 0.15331619978, 0.0752849280834, 0.031213702634, 0.0213408693671, 0.0573815517128, 0.149888679385, 0.13943579793, 0.0455096550286, 0.0156522821635, 0.0140837309882, 0.0200426094234, 0.0376860499382, 0.0583392865956, 0.222225010395, 0.425874590874, 0.286567002535, 0.0600422173738, 0.0161933638155, 0.0151895638555, 0.078154116869, 0.154080227017, 0.140506103635, 0.0788003206253, 0.0366748794913, 0.0245502591133, 0.0696943253279, 0.183346390724, 0.182502537966, 0.127903133631, 0.182253018022, 0.183067262173, 0.108098700643],
        "var": [0.0268694814295, 0.0193605627865, 0.0197131093591, 0.0493307374418, 0.0511412322521, 0.0269273146987, 0.0155038861558, 0.00563536165282, 0.0191792864352, 0.0881147235632, 0.0794614478946, 0.01105607301, 0.00601915456355, 0.00315289478749, 0.00434528850019, 0.0120504600927, 0.0148587962613, 0.0742430090904, 0.195604816079, 0.10547119379, 0.0150259872898, 0.00478053465486, 0.00231776689179, 0.0219592768699, 0.0713901892304, 0.0601191669703, 0.0337301269174, 0.013681310229, 0.0086544174701, 0.0243328250945, 0.0869280844927, 0.0658649802208, 0.0430511757731, 0.0963423773646, 0.0923228934407, 0.0460726618767]
    },
    "chords_histogram": [6.06995868683, 27.7777786255, 13.6831274033, 6.27572011948, 19.1358032227, 7.61316871643, 0, 0, 1.74897122383, 0, 0, 0, 0, 0, 0, 0, 0, 5.24691343307, 1.95473253727, 0.823045253754, 0, 0, 1.23456788063, 8.43621444702],
    "thpcp": [1, 0.672890603542, 0.140985682607, 0.0380237847567, 0.0356667526066, 0.183514386415, 0.361797183752, 0.329923659563, 0.185031756759, 0.0861166194081, 0.0576466880739, 0.163649871945, 0.430517315865, 0.428535878658, 0.300330519676, 0.427949965, 0.429861903191, 0.253827542067, 0.144407749176, 0.100886598229, 0.121424242854, 0.309524774551, 0.360003173351, 0.176777228713, 0.0732931792736, 0.0501106902957, 0.134738147259, 0.351954966784, 0.327410459518, 0.106861636043, 0.0367532670498, 0.0330701358616, 0.0470622330904, 0.0884909555316, 0.136987015605, 0.521808564663],
    "chords_key": "C",
    "chords_scale": "minor",
    "key_key": "G#",
    "key_scale": "major"
}
}