{
"lowlevel": {
    "average_loudness": 0.957965612411,
    "barkbands_crest": {
        "mean": 13.3028688431,
        "var": 19.8821468353
    },
    "barkbands_flatness_db": {
        "mean": 0.204980924726,
        "var": 0.00610284041613
    },
    "barkbands_kurtosis": {
        "mean": 37.8626747131,
        "var": 2612.24487305
    },
    "barkbands_skewness": {
        "mean": 4.41633272171,
        "var": 8.77829551697
    },
    "barkbands_spread": {
        "mean": 15.0243759155,
        "var": 179.911682129
    },
    "dissonance": {
        "mean": 0.464218974113,
        "var": 0.000862109882291
    },
    "dynamic_complexity": 3.54964709282,
    "erbbands_crest": {
        "mean": 10.0748577118,
        "var": 27.9821567535
    },
    "erbbands_flatness_db": {
        "mean": 0.134087219834,
        "var": 0.00135923130438
    },
    "erbbands_kurtosis": {
        "mean": 0.904727995396,
        "var": 22.9315776825
    },
    "erbbands_skewness": {
        "mean": 0.682108044624,
        "var": 1.40028047562
    },
    "erbbands_spread": {
        "mean": 71.0823440552,
        "var": 1051.56921387
    },
    "hfc": {
        "mean": 12.5283527374,
        "var": 179.683776855
    },
    "melbands_crest": {
        "mean": 19.5306892395,
        "var": 32.6945915222
    },
    "melbands_flatness_db": {
        "mean": 0.293618410826,
        "var": 0.00881395861506
    },
    "melbands_kurtosis": {
        "mean": 121.127189636,
        "var": 17200.15625
    },
    "melbands_skewness": {
        "mean": 7.34966421127,
        "var": 19.2753658295
    },
    "melbands_spread": {
        "mean": 10.4403171539,
        "var": 150.49029541
    },
    "pitch_salience": {
        "mean": 0.460753083229,
        "var": 0.018984131515
    },
    "silence_rate_20dB": {
        "mean": 0.999485075474,
        "var": 0.000514646642841
    },
    "silence_rate_30dB": {
        "mean": 0.930484056473,
        "var": 0.0646824240685
    },
    "silence_rate_60dB": {
        "mean": 0.0144181260839,
        "var": 0.0142102558166
    },
    "spectral_centroid": {
        "mean": 1084.14172363,
        "var": 499256.65625
    },
    "spectral_complexity": {
        "mean": 9.10401630402,
        "var": 61.7183952332
    },
    "spectral_decrease": {
        "mean": -9.8935402093e-009,
        "var": 1.82354785069e-016
    },
    "spectral_energy": {
        "mean": 0.0384768471122,
        "var": 0.00267487647943
    },
    "spectral_energyband_high": {
        "mean": 0.000496074208058,
        "var": 5.72881333483e-007
    },
    "spectral_energyband_low": {
        "mean": 0.0282093137503,
        "var": 0.00214111781679
    },
    "spectral_energyband_middle_high": {
        "mean": 0.00149013253395,
        "var": 5.43019950783e-006
    },
    "spectral_energyband_middle_low": {
        "mean": 0.010100110434,
        "var": 0.000258636660874
    },
    "spectral_entropy": {
        "mean": 7.34923410416,
        "var": 0.251195430756
    },
    "spectral_flux": {
        "mean": 0.104497678578,
        "var": 0.00677649723366
    },
    "spectral_kurtosis": {
        "mean": 2.58017396927,
        "var": 3.73852944374
    },
    "spectral_rms": {
        "mean": 0.00538393855095,
        "var": 8.55161670188e-006
    },
    "spectral_rolloff": {
        "mean": 603.65057373,
        "var": 989591.4375
    },
    "spectral_skewness": {
        "mean": 1.25513195992,
        "var": 0.157253950834
    },
    "spectral_spread": {
        "mean": 5910321.5,
        "var": 2.79184932864e+012
    },
    "spectral_strongpeak": {
        "mean": 0.644814968109,
        "var": 0.743407249451
    },
    "zerocrossingrate": {
        "mean": 0.0407302491367,
        "var": 0.000762190960813
    },
    "barkbands": {
        "mean": [0.00116047810297, 0.0109319882467, 0.0143433539197, 0.00319852749817, 0.00243933103047, 0.00109788705595, 0.000746131816413, 0.000689636159223, 0.00185149058234, 0.000220387693844, 5.63086796319e-005, 0.000132997593028, 0.000135673617478, 6.07650654274e-005, 9.2260655947e-005, 9.99600233627e-005, 8.86802881723e-005, 0.000125455771922, 0.000364387349691, 0.000217779132072, 0.000132254819619, 9.49753230088e-005, 8.47923292895e-005, 5.28980854142e-005, 3.80687233701e-005, 1.95970023924e-005, 7.78518483457e-007],
        "var": [3.93095569962e-006, 0.000215494030272, 0.00100943911821, 7.22705663065e-005, 3.53711366188e-005, 5.22093841937e-006, 3.11918347506e-006, 6.99390693626e-006, 3.39955950039e-005, 4.56499492429e-007, 2.38776092232e-008, 1.47220319491e-007, 1.05469247558e-007, 2.8063553259e-008, 6.04605929766e-008, 6.71603430646e-008, 3.03433438376e-008, 6.43709086035e-008, 4.52433795317e-007, 1.75696555971e-007, 4.6720408875e-008, 3.33996084123e-008, 2.78852496649e-008, 6.93827750808e-009, 2.75382938675e-009, 1.60926438841e-009, 5.31523176167e-012]
    },
    "erbbands": {
        "mean": [0.168310731649, 3.13373851776, 15.4176216125, 14.1682043076, 7.91099214554, 9.38027572632, 6.77951955795, 10.1717433929, 8.4729757309, 13.1676206589, 26.1730155945, 44.0812606812, 8.79180812836, 5.65785360336, 2.59486627579, 5.74286317825, 6.2632317543, 4.36691617966, 3.22577142715, 5.99996519089, 4.7906088829, 5.33520889282, 6.1173453331, 17.6491851807, 15.0997562408, 10.1837892532, 5.84102916718, 4.4702167511, 3.54303479195, 3.0917596817, 2.27612900734, 1.30486261845, 0.772852182388, 0.484080165625, 0.242050290108, 0.105686314404, 0.0336374752223, 0.00401248130947, 0.000115401890071, 4.68921680294e-005],
        "var": [0.0413201786578, 19.134552002, 969.475036621, 1109.90515137, 286.062866211, 683.240356445, 179.070465088, 544.364807129, 233.980194092, 1401.01196289, 6842.29589844, 17977.0585938, 350.505249023, 449.998260498, 54.2622184753, 238.648345947, 198.848495483, 127.863937378, 51.8619689941, 227.982681274, 132.52911377, 88.4688339233, 111.126716614, 1182.24316406, 622.409729004, 362.157073975, 94.2441558838, 51.9297180176, 46.7933158875, 41.0729179382, 19.5921783447, 4.75243520737, 1.41823124886, 0.469949781895, 0.120124705136, 0.0344838015735, 0.00642287917435, 0.000109089458419, 6.58950014554e-008, 3.46710660182e-009]
    },
    "gfcc": {
        "mean": [-39.7308502197, 83.8660736084, -71.0652999878, 71.3906555176, -57.7761421204, 14.7309713364, -29.2848262787, 19.2344837189, -23.3354644775, 4.20154237747, -17.5172958374, -7.24072122574, -16.2373275757],
        "cov": [[5333.22998047, -96.2062149048, -1216.92114258, -836.921081543, -237.23034668, -223.865875244, -196.440658569, -14.2004575729, -223.644439697, 117.413490295, 20.5930099487, 101.18145752, -227.853485107], [-96.2062149048, 675.541381836, -65.8554992676, -121.874717712, 42.4097099304, -55.5270957947, 87.2472229004, -41.0298080444, 96.6779098511, -117.656723022, 85.82862854, -94.8703231812, 37.0119400024], [-1216.92114258, -65.8554992676, 1022.62127686, 354.943359375, 118.675468445, 124.014907837, 104.833969116, -30.0803871155, 2.27760052681, -41.5087661743, -127.659461975, -12.8154449463, 34.1874198914], [-836.921081543, -121.874717712, 354.943359375, 437.787231445, 122.943740845, 88.6323852539, 35.6134147644, -2.78978013992, 36.687915802, -15.6847743988, -0.681628227234, -16.5525379181, 49.8252754211], [-237.23034668, 42.4097099304, 118.675468445, 122.943740845, 231.125457764, 35.8254051208, 63.5002708435, 24.2692317963, 8.23581123352, -12.9775676727, 26.8587436676, -20.4307899475, -0.943531692028], [-223.865875244, -55.5270957947, 124.014907837, 88.6323852539, 35.8254051208, 114.883529663, 34.8591766357, -4.29738044739, -7.59427452087, -10.2033090591, -9.4365568161, 22.1847248077, 24.7123031616], [-196.440658569, 87.2472229004, 104.833969116, 35.6134147644, 63.5002708435, 34.8591766357, 128.309066772, 40.853099823, 40.7095184326, -15.0213298798, 2.56197929382, -20.55194664, 7.20014190674], [-14.2004575729, -41.0298080444, -30.0803871155, -2.78978013992, 24.2692317963, -4.29738044739, 40.853099823, 120.738090515, 33.0092277527, 26.0736446381, 6.53525400162, -12.3247079849, -11.040304184], [-223.644439697, 96.6779098511, 2.27760052681, 36.687915802, 8.23581123352, -7.59427452087, 40.7095184326, 33.0092277527, 108.121612549, 8.8894777298, 22.4274253845, -32.4150810242, 12.6927452087], [117.413490295, -117.656723022, -41.5087661743, -15.6847743988, -12.9775676727, -10.2033090591, -15.0213298798, 26.0736446381, 8.8894777298, 86.3235855103, 6.93258714676, 11.7523965836, -21.4411621094], [20.5930099487, 85.82862854, -127.659461975, -0.681628227234, 26.8587436676, -9.4365568161, 2.56197929382, 6.53525400162, 22.4274253845, 6.93258714676, 91.6591186523, 7.17935323715, 4.64737987518], [101.18145752, -94.8703231812, -12.8154449463, -16.5525379181, -20.4307899475, 22.1847248077, -20.55194664, -12.3247079849, -32.4150810242, 11.7523965836, 7.17935323715, 87.4296951294, 13.7143697739], [-227.853485107, 37.0119400024, 34.1874198914, 49.8252754211, -0.943531692028, 24.7123031616, 7.20014190674, -11.040304184, 12.6927452087, -21.4411621094, 4.64737987518, 13.7143697739, 69.346824646]],
        "icov": [[0.000377262331313, -0.000221059061005, 0.000398539792513, 0.000148093778989, -1.06208681245e-005, 6.15244862274e-005, -3.46670130966e-005, 1.19411424748e-005, 0.000592306780163, -0.00042122384184, 0.000571889744606, -0.000520866655279, 0.000864142668433], [-0.000221059061005, 0.00665456894785, -0.00143565738108, 0.00396452564746, -0.000845307891723, 0.00179484952241, -0.00230190739967, 0.00326408375986, -0.00448831543326, 0.00742261856794, -0.00761411106214, 0.00584886828437, -0.00384114077315], [0.000398539792513, -0.00143565738108, 0.00273671280593, -0.0020654774271, -0.000175243389094, -0.000536435400136, -0.00108969386201, 0.000273703801213, 0.00131475029048, -0.00169740070123, 0.00493525667116, -0.0021156379953, 0.00187827646732], [0.000148093778989, 0.00396452564746, -0.0020654774271, 0.00713825318962, -0.00212468672544, -0.000954086368438, 0.000654994451907, 0.00175188551657, -0.00361969065852, 0.00391907384619, -0.00575856911018, 0.0045343991369, -0.00385447777808], [-1.06208681245e-005, -0.000845307891723, -0.000175243389094, -0.00212468672544, 0.00673396745697, -0.000574400066398, -0.0023258428555, -0.00125048821792, 0.002590383403, -0.000423415825935, -0.00208141421899, 0.000570986710954, 0.0017894776538], [6.15244862274e-005, 0.00179484952241, -0.000536435400136, -0.000954086368438, -0.000574400066398, 0.013921876438, -0.00467002019286, 0.00156722159591, 0.000888096692506, 0.00169921014458, -0.000836231221911, -0.00225899275392, -0.00317482324317], [-3.46670130966e-005, -0.00230190739967, -0.00108969386201, 0.000654994451907, -0.0023258428555, -0.00467002019286, 0.0148497894406, -0.00502065848559, -0.00304221780971, 0.000242945388891, 0.00150520459283, -0.000526941963471, 0.0011079730466], [1.19411424748e-005, 0.00326408375986, 0.000273703801213, 0.00175188551657, -0.00125048821792, 0.00156722159591, -0.00502065848559, 0.0128957564011, -0.00405453657731, 0.000176502217073, -0.00210696086287, 0.00259938556701, -0.0006738754455], [0.000592306780163, -0.00448831543326, 0.00131475029048, -0.00361969065852, 0.002590383403, 0.000888096692506, -0.00304221780971, -0.00405453657731, 0.0186292231083, -0.00806872453541, 0.00158153928351, 0.000988571322523, -0.00052264239639], [-0.00042122384184, 0.00742261856794, -0.00169740070123, 0.00391907384619, -0.000423415825935, 0.00169921014458, 0.000242945388891, 0.000176502217073, -0.00806872453541, 0.0236536543816, -0.00900619290769, 0.0030198614113, 0.000863518856931], [0.000571889744606, -0.00761411106214, 0.00493525667116, -0.00575856911018, -0.00208141421899, -0.000836231221911, 0.00150520459283, -0.00210696086287, 0.00158153928351, -0.00900619290769, 0.0262610670179, -0.0106030171737, 0.00468820426613], [-0.000520866655279, 0.00584886828437, -0.0021156379953, 0.0045343991369, 0.000570986710954, -0.00225899275392, -0.000526941963471, 0.00259938556701, 0.000988571322523, 0.0030198614113, -0.0106030171737, 0.0220758672804, -0.00866920314729], [0.000864142668433, -0.00384114077315, 0.00187827646732, -0.00385447777808, 0.0017894776538, -0.00317482324317, 0.0011079730466, -0.0006738754455, -0.00052264239639, 0.000863518856931, 0.00468820426613, -0.00866920314729, 0.0238494649529]]
    },
    "melbands": {
        "mean": [0.00237916875631, 0.00687848357484, 0.00234001036733, 0.000620709790383, 0.000272558740107, 0.000218239132664, 0.000140233780257, 0.000138658360811, 0.00027631103876, 0.00024712915183, 3.45899461536e-005, 2.33843056776e-005, 7.59229396863e-006, 1.35267191581e-005, 1.48545732372e-005, 1.3393867448e-005, 7.20666230336e-006, 4.13908946939e-006, 7.92198534327e-006, 7.81677226769e-006, 5.08933499077e-006, 5.00443775309e-006, 6.84402357365e-006, 4.46414014732e-006, 1.58749244292e-005, 1.2398583749e-005, 1.00775650935e-005, 5.67621691516e-006, 3.4357271943e-006, 3.13372129312e-006, 2.52511949839e-006, 1.90621358342e-006, 1.907422984e-006, 1.68221993135e-006, 1.32944762754e-006, 1.00369709344e-006, 7.1058013873e-007, 5.54439850475e-007, 4.60867937591e-007, 3.92766509094e-007],
        "var": [8.75591467775e-006, 0.000153256944031, 2.83776316792e-005, 2.32758952734e-006, 3.31782985086e-007, 2.30556963743e-007, 7.3856789129e-008, 1.62460452202e-007, 7.57131886076e-007, 5.40720179742e-007, 7.49518580534e-009, 8.60680060555e-009, 4.66257976672e-010, 1.82823101103e-009, 1.57249446797e-009, 1.00760899624e-009, 3.93982346747e-010, 9.00221841516e-011, 4.91432616823e-010, 4.75714245773e-010, 1.82244663804e-010, 7.80552636415e-011, 2.08365130705e-010, 6.93791274431e-011, 1.08085540518e-009, 5.3760934593e-010, 4.20115248145e-010, 1.20964169237e-010, 4.44629680296e-011, 2.57359775852e-011, 1.91918304165e-011, 1.33645594591e-011, 1.60129739329e-011, 1.3708827476e-011, 7.52207150734e-012, 3.06722269111e-012, 1.39809463919e-012, 8.19329738604e-013, 4.61041849229e-013, 3.25936922851e-013]
    },
    "mfcc": {
        "mean": [-692.629760742, 101.599220276, 45.4480552673, 57.5435676575, 9.11188316345, 7.51695156097, 8.98558044434, 8.48701477051, 4.04291057587, 9.91590595245, 4.82592439651, 2.37115383148, 0.777757823467],
        "cov": [[5222.91943359, 113.860145569, -1244.96337891, -680.34362793, -365.685058594, -379.992523193, -194.322265625, -219.943893433, -391.379302979, -22.7824344635, 115.459312439, -184.247695923, -58.7398033142], [113.860145569, 662.480041504, -73.2308349609, -93.401184082, -34.1821136475, -47.8541870117, -3.01346349716, 38.1321487427, -24.3902759552, 20.6859054565, 45.9625511169, -33.3368186951, -34.5874481201], [-1244.96337891, -73.2308349609, 730.528442383, 221.758895874, 93.545249939, 197.768264771, 54.4619483948, 61.3877372742, 141.351913452, -34.5630378723, -77.3816070557, 61.6836395264, -27.412651062], [-680.34362793, -93.401184082, 221.758895874, 291.707305908, 135.98109436, 78.5046463013, 67.7195281982, 43.8235054016, 67.0613098145, 27.8707141876, -1.64848649502, 41.0906066895, 18.668926239], [-365.685058594, -34.1821136475, 93.545249939, 135.98109436, 161.541366577, 56.0864334106, 59.030632019, 32.2930717468, 22.2521152496, 4.00895261765, -4.69245290756, 12.7511034012, 14.287103653], [-379.992523193, -47.8541870117, 197.768264771, 78.5046463013, 56.0864334106, 163.228210449, 45.5311012268, 30.3965377808, 44.7535705566, -28.0382499695, -44.6980323792, 23.580280304, 7.35837173462], [-194.322265625, -3.01346349716, 54.4619483948, 67.7195281982, 59.030632019, 45.5311012268, 113.349693298, 45.9793510437, 28.3003463745, 7.67790937424, -4.85306882858, 7.60816955566, 11.3918170929], [-219.943893433, 38.1321487427, 61.3877372742, 43.8235054016, 32.2930717468, 30.3965377808, 45.9793510437, 95.9822921753, 38.7809906006, 3.49134016037, 3.55648851395, 2.38393044472, 14.7239484787], [-391.379302979, -24.3902759552, 141.351913452, 67.0613098145, 22.2521152496, 44.7535705566, 28.3003463745, 38.7809906006, 110.700088501, 33.3135185242, -8.89412879944, 18.3025550842, -4.03179454803], [-22.7824344635, 20.6859054565, -34.5630378723, 27.8707141876, 4.00895261765, -28.0382499695, 7.67790937424, 3.49134016037, 33.3135185242, 90.9157943726, 49.0304946899, 9.49351215363, 2.31869196892], [115.459312439, 45.9625511169, -77.3816070557, -1.64848649502, -4.69245290756, -44.6980323792, -4.85306882858, 3.55648851395, -8.89412879944, 49.0304946899, 83.4441223145, 11.6834897995, -1.67224431038], [-184.247695923, -33.3368186951, 61.6836395264, 41.0906066895, 12.7511034012, 23.580280304, 7.60816955566, 2.38393044472, 18.3025550842, 9.49351215363, 11.6834897995, 60.3312568665, 15.3042507172], [-58.7398033142, -34.5874481201, -27.412651062, 18.668926239, 14.287103653, 7.35837173462, 11.3918170929, 14.7239484787, -4.03179454803, 2.31869196892, -1.67224431038, 15.3042507172, 76.7635955811]],
        "icov": [[0.000432009750511, 0.000105796098069, 0.000441408716142, 0.000350690970663, 0.000337406498147, -0.000125242600916, -0.00010397836013, 0.000160915617016, 0.000670344277751, -7.77539753472e-005, -0.000239236978814, 0.000443981029093, 0.000328187772539], [0.000105796098069, 0.00185253843665, -9.30726237129e-005, 0.000784830539487, 1.42829203469e-005, 7.51971092541e-005, -7.48231759644e-005, -0.00122924381867, 0.000864585803356, -0.000574794365093, -0.000800560752396, 0.00070474750828, 0.000833393074572], [0.000441408716142, -9.30726237129e-005, 0.00366981304251, -0.00131509546191, 0.000654013769235, -0.00206172768958, 0.000626884750091, -0.000232633668929, -0.00176275300328, 0.00140961911529, 0.00101632985752, -0.00138276861981, 0.00211632903665], [0.000350690970663, 0.000784830539487, -0.00131509546191, 0.00834193918854, -0.00479420786723, 0.000177378227818, -0.00095305260038, -0.000286606198642, 0.000100750949059, -0.00234180828556, -0.000650694884825, -0.00116332306061, -0.000510939920787], [0.000337406498147, 1.42829203469e-005, 0.000654013769235, -0.00479420786723, 0.0119429137558, -0.00184283673298, -0.0028729904443, -0.000323036918417, 0.00196945318021, 0.000459513859823, -0.000736010842957, 0.00172020960599, -0.000163132004673], [-0.000125242600916, 7.51971092541e-005, -0.00206172768958, 0.000177378227818, -0.00184283673298, 0.0116654662415, -0.0022412026301, -0.0004979086807, -0.00148121698294, 0.00209625414573, 0.00320923188701, -0.00253191194497, -0.000754903594498], [-0.00010397836013, -7.48231759644e-005, 0.000626884750091, -0.00095305260038, -0.0028729904443, -0.0022412026301, 0.013522464782, -0.0049068662338, -0.000191263607121, -0.00163430382963, 0.00137670943514, -0.000373491930077, 0.000170123195858], [0.000160915617016, -0.00122924381867, -0.000232633668929, -0.000286606198642, -0.000323036918417, -0.0004979086807, -0.0049068662338, 0.0173464678228, -0.00641905004159, 0.00479790987447, -0.00518667977303, 0.00372203974985, -0.00427238503471], [0.000670344277751, 0.000864585803356, -0.00176275300328, 0.000100750949059, 0.00196945318021, -0.00148121698294, -0.000191263607121, -0.00641905004159, 0.0206662360579, -0.0116730220616, 0.00590481469408, -0.00168538233265, 0.00318623939529], [-7.77539753472e-005, -0.000574794365093, 0.00140961911529, -0.00234180828556, 0.000459513859823, 0.00209625414573, -0.00163430382963, 0.00479790987447, -0.0116730220616, 0.0242411084473, -0.0132106542587, 0.00152859580703, -0.0021476384718], [-0.000239236978814, -0.000800560752396, 0.00101632985752, -0.000650694884825, -0.000736010842957, 0.00320923188701, 0.00137670943514, -0.00518667977303, 0.00590481469408, -0.0132106542587, 0.0252945888788, -0.00834032241255, 0.00352030759677], [0.000443981029093, 0.00070474750828, -0.00138276861981, -0.00116332306061, 0.00172020960599, -0.00253191194497, -0.000373491930077, 0.00372203974985, -0.00168538233265, 0.00152859580703, -0.00834032241255, 0.0243222806603, -0.00545503152534], [0.000328187772539, 0.000833393074572, 0.00211632903665, -0.000510939920787, -0.000163132004673, -0.000754903594498, 0.000170123195858, -0.00427238503471, 0.00318623939529, -0.0021476384718, 0.00352030759677, -0.00545503152534, 0.0168270822614]]
    },
    "spectral_contrast_coeffs": {
        "mean": [-0.630366683006, -0.758724033833, -0.770562291145, -0.802285313606, -0.773214817047, -0.756146669388],
        "var": [0.0051677194424, 0.00863391719759, 0.00727972947061, 0.00422212062404, 0.00364594371058, 0.000717476941645]
    },
    "spectral_contrast_valleys": {
        "mean": [-6.97567892075, -7.24447488785, -8.53045558929, -8.970744133, -8.1499376297, -10.2933387756],
        "var": [0.603753805161, 0.735513806343, 0.887118041515, 1.02485752106, 0.684271514416, 0.673748016357]
    }
},
"metadata": {
    "audio_properties": {
        "analysis_sample_rate": 44100,
        "bit_rate": 128074,
        "equal_loudness": 0,
        "length": 45.0612258911,
        "lossless": 0,
        "replay_gain": -5.16201400757,
        "sample_rate": 44100,
        "codec": "mp3",
        "downmix": "mix",
        "md5_encoded": "51c39e6a8d20e11af1fd0fe0356e8c52"
    },
    "tags": {
        "file_name": "1727.mp3"
    },
    "version": {
        "essentia": "2.1-beta2",
        "essentia_git_sha": "v2.1_beta2",
        "extractor": "music 1.0"
    }
},
"rhythm": {
    "beats_count": 100,
    "beats_loudness": {
        "mean": 0.0492684878409,
        "var": 0.000988798681647
    },
    "bpm": 172.265609741,
    "bpm_histogram_first_peak_bpm": {
        "mean": 172,
        "var": 0
    },
    "bpm_histogram_first_peak_spread": {
        "mean": 0,
        "var": 0
    },
    "bpm_histogram_first_peak_weight": {
        "mean": 0.121212124825,
        "var": 0
    },
    "bpm_histogram_second_peak_bpm": {
        "mean": 112,
        "var": 0
    },
    "bpm_histogram_second_peak_spread": {
        "mean": 0.714285731316,
        "var": 0
    },
    "bpm_histogram_second_peak_weight": {
        "mean": 0.0808080807328,
        "var": 0
    },
    "danceability": 1.47729790211,
    "onset_rate": 4.17022132874,
    "beats_loudness_band_ratio": {
        "mean": [0.680402457714, 0.121744602919, 0.116939231753, 0.028353266418, 0.0210529919714, 0.0521317608654],
        "var": [0.0945664867759, 0.0168469250202, 0.0254339911044, 0.00194943323731, 0.000849869975355, 0.00345822307281]
    },
    "beats_position": [0.359909296036, 0.719818592072, 1.06811785698, 1.4164172411, 1.764716506, 2.08979582787, 2.41487526894, 2.73995471001, 3.08825397491, 3.43655323982, 3.78485250473, 4.15637159348, 4.52789115906, 4.8994102478, 5.25931978226, 5.61922883987, 5.99074840546, 6.35065746307, 6.73378658295, 7.11691617966, 7.50004529953, 7.8831744194, 8.28952407837, 8.68426322937, 9.10222244263, 9.52018165588, 9.93814086914, 10.3560991287, 10.7508392334, 11.1223583221, 11.4938774109, 11.8537864685, 12.1904764175, 12.538775444, 12.8870744705, 13.235373497, 13.572063446, 13.9087524414, 14.2570514679, 14.6053514481, 14.9420404434, 15.301949501, 15.6502494812, 16.0101585388, 16.3932876587, 16.7880268097, 17.1711559296, 17.5426750183, 17.9490242004, 18.3669834137, 18.7733325958, 19.1912918091, 19.6789112091, 20.1665306091, 20.642539978, 21.1301574707, 21.6177768707, 22.1170063019, 22.6626758575, 23.1735134125, 23.6727428436, 24.1719722748, 24.6944217682, 25.2168693542, 25.7509288788, 26.2733783722, 26.7842178345, 27.2950553894, 27.8058948517, 28.3051242828, 28.7927436829, 29.291973114, 29.7912006378, 30.3136501312, 30.8477096558, 31.3701572418, 31.9274368286, 32.449886322, 32.9723358154, 33.5063934326, 34.0404510498, 34.5861206055, 35.1317901611, 35.6774597168, 36.211517334, 36.7687988281, 37.3260765076, 37.8717460632, 38.4058036804, 38.9398651123, 39.4739227295, 40.0312004089, 40.6465301514, 41.2618598938, 41.830745697, 42.3764152527, 42.9336967468, 43.4793624878, 44.0366439819, 44.6055335999]
},
"tonal": {
    "chords_changes_rate": 0.105967074633,
    "chords_number_rate": 0.0144032919779,
    "chords_strength": {
        "mean": 0.467709511518,
        "var": 0.00871592760086
    },
    "hpcp_entropy": {
        "mean": 2.24610328674,
        "var": 0.608253896236
    },
    "key_strength": 0.69985383749,
    "tuning_diatonic_strength": 0.596998631954,
    "tuning_equal_tempered_deviation": 0.275932997465,
    "tuning_frequency": 454.990661621,
    "tuning_nontempered_energy_ratio": 0.911899805069,
    "hpcp": {
        "mean": [0.150030389428, 0.157220184803, 0.127674326301, 0.0975171551108, 0.0780411362648, 0.061039570719, 0.0652865096927, 0.0841884613037, 0.0826664194465, 0.0748585686088, 0.0829955115914, 0.0913415774703, 0.113497376442, 0.122640497983, 0.107482172549, 0.107024013996, 0.111826650798, 0.129775777459, 0.15386004746, 0.134761750698, 0.10518693924, 0.13899064064, 0.135033220053, 0.0726911649108, 0.0508570298553, 0.0497219264507, 0.0677134543657, 0.113112166524, 0.131712794304, 0.107569940388, 0.0884490013123, 0.0796874538064, 0.100169710815, 0.165033757687, 0.190524399281, 0.155832841992],
        "var": [0.0719849541783, 0.0829055309296, 0.0598730407655, 0.0427639968693, 0.0358659587801, 0.0255987010896, 0.0237095374614, 0.0353940539062, 0.0339980013669, 0.0274870097637, 0.03572255373, 0.0399578399956, 0.0610790811479, 0.0694877058268, 0.0520909279585, 0.056820422411, 0.0552321113646, 0.0588630214334, 0.0768891349435, 0.0622050091624, 0.0473446287215, 0.0592026598752, 0.0629553049803, 0.0303591117263, 0.0216099955142, 0.0211126264185, 0.0310235153884, 0.063029281795, 0.0708959847689, 0.0509824231267, 0.0395706743002, 0.0367783084512, 0.0450154989958, 0.0886085629463, 0.101305752993, 0.0734182372689]
    },
    "chords_histogram": [20.0617275238, 1.33744859695, 0.925925910473, 0, 1.74897122383, 8.74485588074, 0, 0.411522626877, 0, 7.92181062698, 1.02880656719, 2.16049385071, 4.93827152252, 0.617283940315, 0.823045253754, 0, 3.18930029869, 0.205761313438, 0, 7.51028823853, 8.23045253754, 11.1111106873, 7.09876537323, 11.9341564178],
    "thpcp": [1, 0.817915380001, 0.787460267544, 0.825197100639, 0.670120596886, 0.511835515499, 0.409612298012, 0.3203766644, 0.342667460442, 0.441877573729, 0.433888882399, 0.392908036709, 0.435616195202, 0.479421943426, 0.595710456371, 0.643699705601, 0.564138650894, 0.561733901501, 0.586941361427, 0.681150436401, 0.807560861111, 0.707320153713, 0.55209171772, 0.729516208172, 0.708745002747, 0.381532043219, 0.266931861639, 0.260974049568, 0.355405688286, 0.593688607216, 0.691317200661, 0.564599275589, 0.464239746332, 0.418253272772, 0.525757908821, 0.866208016872],
    "chords_key": "C#",
    "chords_scale": "minor",
    "key_key": "C#",
    "key_scale": "minor"
}
}