{
"lowlevel": {
    "average_loudness": 0.812235414982,
    "barkbands_crest": {
        "mean": 11.9946231842,
        "var": 20.9626579285
    },
    "barkbands_flatness_db": {
        "mean": 0.171428740025,
        "var": 0.00295248557813
    },
    "barkbands_kurtosis": {
        "mean": 9.88636493683,
        "var": 195.280487061
    },
    "barkbands_skewness": {
        "mean": 2.50363898277,
        "var": 2.26276922226
    },
    "barkbands_spread": {
        "mean": 17.5521392822,
        "var": 202.390167236
    },
    "dissonance": {
        "mean": 0.467142283916,
        "var": 0.000445889483672
    },
    "dynamic_complexity": 3.34922289848,
    "erbbands_crest": {
        "mean": 9.20556545258,
        "var": 18.4233627319
    },
    "erbbands_flatness_db": {
        "mean": 0.177073761821,
        "var": 0.00219473405741
    },
    "erbbands_kurtosis": {
        "mean": 0.421816587448,
        "var": 6.72435331345
    },
    "erbbands_skewness": {
        "mean": 0.660991489887,
        "var": 0.789539277554
    },
    "erbbands_spread": {
        "mean": 46.5518455505,
        "var": 450.669067383
    },
    "hfc": {
        "mean": 11.9283189774,
        "var": 160.434875488
    },
    "melbands_crest": {
        "mean": 15.2118663788,
        "var": 23.128950119
    },
    "melbands_flatness_db": {
        "mean": 0.233741670847,
        "var": 0.00432430626824
    },
    "melbands_kurtosis": {
        "mean": 25.5771789551,
        "var": 693.899047852
    },
    "melbands_skewness": {
        "mean": 3.79951190948,
        "var": 3.19113659859
    },
    "melbands_spread": {
        "mean": 15.5850801468,
        "var": 186.124359131
    },
    "pitch_salience": {
        "mean": 0.588761866093,
        "var": 0.0133274784312
    },
    "silence_rate_20dB": {
        "mean": 1,
        "var": 0
    },
    "silence_rate_30dB": {
        "mean": 0.995880544186,
        "var": 0.00410255044699
    },
    "silence_rate_60dB": {
        "mean": 0.069515965879,
        "var": 0.0646807104349
    },
    "spectral_centroid": {
        "mean": 1003.02276611,
        "var": 308129.40625
    },
    "spectral_complexity": {
        "mean": 13.8171987534,
        "var": 55.5271377563
    },
    "spectral_decrease": {
        "mean": -5.05503416903e-009,
        "var": 2.53346181404e-017
    },
    "spectral_energy": {
        "mean": 0.0201608259231,
        "var": 0.000389583787182
    },
    "spectral_energyband_high": {
        "mean": 0.000354041258106,
        "var": 6.41360998088e-007
    },
    "spectral_energyband_low": {
        "mean": 0.00253872852772,
        "var": 1.40338406709e-005
    },
    "spectral_energyband_middle_high": {
        "mean": 0.00269919331186,
        "var": 3.33518037223e-005
    },
    "spectral_energyband_middle_low": {
        "mean": 0.0156859438866,
        "var": 0.00029874604661
    },
    "spectral_entropy": {
        "mean": 7.35014295578,
        "var": 0.186431571841
    },
    "spectral_flux": {
        "mean": 0.0735376998782,
        "var": 0.0013823332265
    },
    "spectral_kurtosis": {
        "mean": 5.60286283493,
        "var": 17.677734375
    },
    "spectral_rms": {
        "mean": 0.00400521699339,
        "var": 3.62733112524e-006
    },
    "spectral_rolloff": {
        "mean": 1211.74938965,
        "var": 2867444.5
    },
    "spectral_skewness": {
        "mean": 1.66968476772,
        "var": 0.326967209578
    },
    "spectral_spread": {
        "mean": 4592799,
        "var": 6.80951703142e+012
    },
    "spectral_strongpeak": {
        "mean": 0.729332447052,
        "var": 0.658601343632
    },
    "zerocrossingrate": {
        "mean": 0.0535155758262,
        "var": 0.00124566967133
    },
    "barkbands": {
        "mean": [3.75307035938e-006, 0.000251418823609, 0.00123248738237, 0.00268693990074, 0.00852241646498, 0.0018676178297, 0.00139179395046, 0.000514026382007, 0.000576396065298, 0.000551715085749, 0.000322564039379, 0.000240582317929, 0.000456433743238, 0.000245191273279, 0.000132382177981, 0.000151611209731, 0.000178781905561, 0.000198394103791, 0.000229335448239, 0.000103393220343, 5.09326673637e-005, 4.39515933977e-005, 3.61571583198e-005, 3.81380014005e-005, 0.000113299305667, 2.07198791031e-005, 3.93198433812e-007],
        "var": [4.3455847254e-010, 4.50226764315e-007, 4.69209271614e-006, 2.64672453341e-005, 0.000156406895258, 9.86035320238e-006, 8.25728329801e-006, 1.03643685634e-006, 3.76837078875e-006, 4.43080307377e-006, 9.57846395977e-007, 4.13033518498e-007, 5.44086014997e-006, 7.15878911706e-007, 9.91527215888e-008, 1.16732458366e-007, 1.26809169387e-007, 6.67432971113e-008, 8.12528000438e-008, 6.18756814674e-008, 1.45652352401e-008, 2.13069917265e-008, 2.15012629923e-008, 1.07488054013e-008, 1.24382964373e-007, 4.8879345016e-009, 6.79458963052e-012]
    },
    "erbbands": {
        "mean": [0.00183223001659, 0.0947300940752, 1.16205942631, 5.37299394608, 16.4424819946, 34.9470481873, 24.3322849274, 13.7763700485, 20.6280212402, 12.4942722321, 14.7539548874, 12.0083580017, 12.6419153214, 19.8747558594, 10.1333246231, 10.401968956, 18.8918113708, 17.8820800781, 8.1196346283, 6.4316573143, 9.6029253006, 10.0900497437, 9.84540367126, 13.2445745468, 8.79272270203, 5.09707641602, 2.81896185875, 1.61897242069, 1.60288977623, 1.43661379814, 0.923971533775, 0.630581140518, 0.789118766785, 1.17278718948, 0.840638697147, 0.183276996017, 0.0224625151604, 0.00196999777108, 6.8289351475e-005, 2.71765056823e-005],
        "var": [1.80062143045e-005, 0.0524070411921, 4.34016609192, 78.2581481934, 616.387084961, 3668.78662109, 1744.93847656, 488.694244385, 1978.83703613, 543.940979004, 1590.22497559, 1085.82250977, 2828.90063477, 3905.30444336, 421.502593994, 663.944152832, 6379.05712891, 5410.76953125, 465.76864624, 167.032531738, 411.895202637, 391.533874512, 186.065155029, 252.977645874, 154.117141724, 134.404373169, 53.1366424561, 16.2510890961, 22.8513832092, 57.2561416626, 9.80158042908, 2.49657392502, 5.43676137924, 14.2889127731, 6.68311452866, 0.346417546272, 0.00586496526375, 7.80031841714e-005, 5.79773242748e-008, 6.83393508449e-010]
    },
    "gfcc": {
        "mean": [-45.2919425964, 108.557594299, -120.671432495, 27.989566803, -66.361114502, -11.3670387268, -56.5941390991, 4.99339389801, -45.2004585266, -13.1780395508, -19.063293457, -9.15233230591, -11.404091835],
        "cov": [[4405.00292969, -1131.53259277, 114.672615051, -18.9559745789, -378.96194458, 454.381835938, -214.047576904, 58.9497909546, -191.229919434, 233.3618927, -232.986190796, 72.0605926514, -166.519500732], [-1131.53259277, 1732.0032959, -611.294433594, 36.8799858093, 344.434844971, -493.999420166, 445.923461914, -297.485076904, 200.230484009, -227.689712524, 213.770858765, -166.884140015, 145.933670044], [114.672615051, -611.294433594, 982.877075195, -67.8798980713, -127.649230957, 263.169189453, -281.567138672, 218.833892822, -134.330627441, 67.519859314, -87.3813705444, 114.403335571, -47.0635490417], [-18.9559745789, 36.8799858093, -67.8798980713, 329.924835205, -19.9800357819, -91.9282684326, 88.8910903931, -30.6190338135, 54.8932189941, -9.28543567657, 18.1338424683, -20.1221828461, 10.8636207581], [-378.96194458, 344.434844971, -127.649230957, -19.9800357819, 243.626464844, -56.4581108093, 80.6687240601, -21.9116172791, 15.2208271027, -38.9243812561, 32.3133430481, -45.4429244995, 18.9972858429], [454.381835938, -493.999420166, 263.169189453, -91.9282684326, -56.4581108093, 359.058288574, -128.476226807, 90.4688491821, -65.4087524414, 70.6941070557, -77.6115951538, 49.603427887, -52.9522819519], [-214.047576904, 445.923461914, -281.567138672, 88.8910903931, 80.6687240601, -128.476226807, 259.8543396, -95.2066574097, 78.1331329346, -52.5224571228, 52.0029983521, -49.0389251709, 28.2645969391], [58.9497909546, -297.485076904, 218.833892822, -30.6190338135, -21.9116172791, 90.4688491821, -95.2066574097, 212.089797974, -43.6129074097, 66.3125686646, -29.646730423, 37.0736579895, -29.0785541534], [-191.229919434, 200.230484009, -134.330627441, 54.8932189941, 15.2208271027, -65.4087524414, 78.1331329346, -43.6129074097, 119.503967285, -3.72956180573, 37.4776191711, -20.7207965851, 5.66755390167], [233.3618927, -227.689712524, 67.519859314, -9.28543567657, -38.9243812561, 70.6941070557, -52.5224571228, 66.3125686646, -3.72956180573, 112.946205139, -8.55921554565, 26.4382839203, -28.8703651428], [-232.986190796, 213.770858765, -87.3813705444, 18.1338424683, 32.3133430481, -77.6115951538, 52.0029983521, -29.646730423, 37.4776191711, -8.55921554565, 90.8188858032, 3.03221702576, 19.0513877869], [72.0605926514, -166.884140015, 114.403335571, -20.1221828461, -45.4429244995, 49.603427887, -49.0389251709, 37.0736579895, -20.7207965851, 26.4382839203, 3.03221702576, 76.2622146606, 1.19431948662], [-166.519500732, 145.933670044, -47.0635490417, 10.8636207581, 18.9972858429, -52.9522819519, 28.2645969391, -29.0785541534, 5.66755390167, -28.8703651428, 19.0513877869, 1.19431948662, 66.7220611572]],
        "icov": [[0.000399855576688, -0.000270656746579, 0.000266238785116, -0.000233303449932, 0.000589831208345, -0.000396384944906, 0.000130271655507, 0.000182663803571, 0.000792913080659, -0.000781290465966, 0.00086469220696, -0.000386036495911, 0.000712187727913], [-0.000270656746579, 0.0044251549989, -0.00112478912342, 0.00205924850889, -0.00283156847581, 0.00236737751402, -0.00341331888922, 0.00133188732434, -0.00306751695462, 0.00297105964273, -0.00497301062569, 0.00449565798044, -0.00388576416299], [0.000266238785116, -0.00112478912342, 0.00236168783158, -0.000921260158066, 0.0011073743226, -0.0013293895172, 0.00198924401775, -0.00133980123792, 0.00164821755607, -0.000206481839996, 0.00176227884367, -0.00261734472588, 0.00145783449989], [-0.000233303449932, 0.00205924850889, -0.000921260158066, 0.004721514415, -0.000661304453388, 0.00195674761198, -0.00284325238317, 0.000485485797981, -0.00260074064136, 0.00111336191185, -0.00204884959385, 0.00264525483362, -0.00210723071359], [0.000589831208345, -0.00283156847581, 0.0011073743226, -0.000661304453388, 0.00778376124799, -0.00207920721732, 0.000852959405165, -0.00160418974701, 0.0032265256159, -0.00152723013889, 0.00188946502749, 2.68297026196e-005, 0.00215233676136], [-0.000396384944906, 0.00236737751402, -0.0013293895172, 0.00195674761198, -0.00207920721732, 0.00635343184695, -0.0016580352094, 0.000779833586421, -0.00170558062382, 0.000278249877738, -8.0230711319e-005, 0.000699613592587, -0.000471333420137], [0.000130271655507, -0.00341331888922, 0.00198924401775, -0.00284325238317, 0.000852959405165, -0.0016580352094, 0.010151446797, -0.000456897396361, 0.000210657046409, -0.000730221509002, 0.00256453850307, -0.00282230367884, 0.00258300965652], [0.000182663803571, 0.00133188732434, -0.00133980123792, 0.000485485797981, -0.00160418974701, 0.000779833586421, -0.000456897396361, 0.00819734390825, 0.000297715974739, -0.00295495102182, -0.000317433528835, 0.000253689271631, 0.000142633944051], [0.000792913080659, -0.00306751695462, 0.00164821755607, -0.00260074064136, 0.0032265256159, -0.00170558062382, 0.000210657046409, 0.000297715974739, 0.0154415583238, -0.00476892478764, 0.00104782998096, -0.00185968680307, 0.00440138252452], [-0.000781290465966, 0.00297105964273, -0.000206481839996, 0.00111336191185, -0.00152723013889, 0.000278249877738, -0.000730221509002, -0.00295495102182, -0.00476892478764, 0.0165931880474, -0.00570289976895, 0.000896230805665, 9.93309076875e-005], [0.00086469220696, -0.00497301062569, 0.00176227884367, -0.00204884959385, 0.00188946502749, -8.0230711319e-005, 0.00256453850307, -0.000317433528835, 0.00104782998096, -0.00570289976895, 0.0233228206635, -0.0106266848743, 0.00375935132615], [-0.000386036495911, 0.00449565798044, -0.00261734472588, 0.00264525483362, 2.68297026196e-005, 0.000699613592587, -0.00282230367884, 0.000253689271631, -0.00185968680307, 0.000896230805665, -0.0106266848743, 0.0252956114709, -0.00809219479561], [0.000712187727913, -0.00388576416299, 0.00145783449989, -0.00210723071359, 0.00215233676136, -0.000471333420137, 0.00258300965652, 0.000142633944051, 0.00440138252452, 9.93309076875e-005, 0.00375935132615, -0.00809219479561, 0.0233568847179]]
    },
    "melbands": {
        "mean": [3.84169579775e-005, 0.000428474100772, 0.00124293635599, 0.00186662748456, 0.00107724347617, 0.000321707833791, 0.000300012819935, 0.000119964948681, 0.000131560562295, 6.84670740156e-005, 6.29279093118e-005, 8.23364171083e-005, 3.75026575057e-005, 2.60209271801e-005, 3.07869267999e-005, 4.92273175041e-005, 3.01148720609e-005, 1.27585135488e-005, 9.01557723409e-006, 8.61408170749e-006, 1.18004345495e-005, 1.08753911263e-005, 8.18032640382e-006, 9.86779014056e-006, 1.1064274986e-005, 8.16236843093e-006, 4.2382130232e-006, 3.1703791592e-006, 1.83826455213e-006, 1.26679401546e-006, 7.95648645635e-007, 9.00084501154e-007, 8.59965155087e-007, 8.08870083802e-007, 5.92694789248e-007, 3.80197093364e-007, 3.6550957816e-007, 4.78361471323e-007, 7.13228814675e-007, 1.10622193006e-006],
        "var": [9.98442128974e-009, 6.52778794574e-007, 3.94216567656e-006, 6.70950612403e-006, 3.58319584848e-006, 2.59274315795e-007, 3.95106923179e-007, 4.69970018457e-008, 1.73094036882e-007, 3.32843370643e-008, 7.78020350367e-008, 7.1239192323e-008, 7.77118014383e-009, 5.22524290503e-009, 9.94805837706e-009, 6.72263880119e-008, 1.45430281151e-008, 1.42755485211e-009, 3.50822260131e-010, 3.58134466527e-010, 6.8903854844e-010, 5.17846043824e-010, 2.18947679431e-010, 1.60853233511e-010, 1.95379726287e-010, 1.19160264989e-010, 6.73422637099e-011, 7.00359770178e-011, 2.81538126146e-011, 7.39952630419e-012, 5.39489416682e-012, 6.78869113702e-012, 1.07837645064e-011, 2.40088279119e-011, 5.0714645157e-012, 9.41166524056e-013, 8.26671250984e-013, 1.68866374876e-012, 6.82579036695e-012, 1.29108850347e-011]
    },
    "mfcc": {
        "mean": [-686.462463379, 138.178375244, -4.58752822876, 29.491651535, 2.57550406456, -19.7549381256, -2.22164845467, -5.6062951088, -13.9930820465, -14.5190296173, -8.37728309631, -15.2065887451, -7.27892827988],
        "cov": [[3806.50854492, -890.721008301, 19.2974796295, -223.995956421, -231.530838013, 263.833465576, -37.6365470886, -74.3463439941, -1.96908187866, 50.7874450684, 71.2725448608, -17.7877445221, -2.33016633987], [-890.721008301, 1395.46875, -536.294433594, 263.648529053, -90.6687088013, -28.3337306976, 63.8822555542, 18.4101238251, -22.3629512787, -33.893901825, -12.8290567398, -0.856246650219, -10.9555883408], [19.2974796295, -536.294433594, 911.295959473, -211.665603638, 189.68460083, -51.0265655518, -5.78214263916, 35.7175102234, 12.9686222076, -1.39005410671, -22.4259681702, -13.3029689789, 17.9904842377], [-223.995956421, 263.648529053, -211.665603638, 483.394622803, -123.608261108, -24.0085792542, -7.36976337433, 7.69890451431, 2.19638037682, 11.9297399521, 7.31762599945, 13.8554096222, 2.39592146873], [-231.530838013, -90.6687088013, 189.68460083, -123.608261108, 249.004592896, -36.7020301819, 36.5698928833, 9.92069816589, 12.6648769379, 7.48479175568, -7.24622440338, -3.50954174995, 5.98651647568], [263.833465576, -28.3337306976, -51.0265655518, -24.0085792542, -36.7020301819, 198.316802979, 2.78585410118, 11.1317129135, 3.44433999062, 12.8816366196, 9.96935844421, 2.62375044823, -7.43035268784], [-37.6365470886, 63.8822555542, -5.78214263916, -7.36976337433, 36.5698928833, 2.78585410118, 116.252998352, 26.1118106842, 19.5119838715, 2.87179994583, 7.39094305038, -4.258497715, -0.705241978168], [-74.3463439941, 18.4101238251, 35.7175102234, 7.69890451431, 9.92069816589, 11.1317129135, 26.1118106842, 81.757598877, 18.1821784973, 7.44122409821, 2.87338137627, 2.21203899384, 4.71712303162], [-1.96908187866, -22.3629512787, 12.9686222076, 2.19638037682, 12.6648769379, 3.44433999062, 19.5119838715, 18.1821784973, 76.8127746582, 24.5047702789, 10.1701745987, 3.32664966583, 3.77165079117], [50.7874450684, -33.893901825, -1.39005410671, 11.9297399521, 7.48479175568, 12.8816366196, 2.87179994583, 7.44122409821, 24.5047702789, 68.0461807251, 30.2626991272, 13.6375513077, 8.84658336639], [71.2725448608, -12.8290567398, -22.4259681702, 7.31762599945, -7.24622440338, 9.96935844421, 7.39094305038, 2.87338137627, 10.1701745987, 30.2626991272, 71.4925460815, 28.3416004181, 13.583024025], [-17.7877445221, -0.856246650219, -13.3029689789, 13.8554096222, -3.50954174995, 2.62375044823, -4.258497715, 2.21203899384, 3.32664966583, 13.6375513077, 28.3416004181, 63.6403160095, 27.848815918], [-2.33016633987, -10.9555883408, 17.9904842377, 2.39592146873, 5.98651647568, -7.43035268784, -0.705241978168, 4.71712303162, 3.77165079117, 8.84658336639, 13.583024025, 27.848815918, 59.0317344666]],
        "icov": [[0.000403210782679, 0.000269270065473, 5.16230611538e-005, 0.00015410107153, 0.000469774473459, -0.000382496189559, -0.000195459724637, 0.000335481163347, 6.19222773821e-005, -0.000136459202622, -0.000301360094454, 0.000338484242093, -0.000154873981955], [0.000269270065473, 0.00123397889547, 0.000629926449619, -0.000253265316132, 0.00017009919975, -3.63237668353e-005, -0.000642186496407, -0.000199926071218, 0.000332751253154, 0.000355741532985, 1.71641640918e-005, 0.000210678059375, -0.000133485562401], [5.16230611538e-005, 0.000629926449619, 0.00179140665568, 0.000254363956628, -0.000890383962542, 0.000342420273228, 0.000231310041272, -0.00094060273841, 6.66739942972e-005, 0.000218804896576, 0.00032782604103, 0.000351198978024, -0.000504169904161], [0.00015410107153, -0.000253265316132, 0.000254363956628, 0.00279671768658, 0.00136155076325, 0.000485834403662, 1.98107572942e-005, -0.000307705020532, -8.72537057148e-005, -0.000930487702135, 0.000217409600737, -0.000326515029883, -3.50201844412e-005], [0.000469774473459, 0.00017009919975, -0.000890383962542, 0.00136155076325, 0.00629601022229, 0.000552697048988, -0.00201292312704, 0.000609195267316, -0.000112622168672, -0.00148538907524, 0.000583745772019, 7.97609936853e-006, -0.000283728615614], [-0.000382496189559, -3.63237668353e-005, 0.000342420273228, 0.000485834403662, 0.000552697048988, 0.00597574189305, -9.52476402745e-005, -0.00138261844404, 0.000170241561136, -0.000993723399006, 0.00017453970213, -0.000656447547954, 0.0010671186028], [-0.000195459724637, -0.000642186496407, 0.000231310041272, 1.98107572942e-005, -0.00201292312704, -9.52476402745e-005, 0.0106805963442, -0.00290465727448, -0.0021364511922, 0.00121850287542, -0.00176786072552, 0.00127856479958, 0.000111153996841], [0.000335481163347, -0.000199926071218, -0.00094060273841, -0.000307705020532, 0.000609195267316, -0.00138261844404, -0.00290465727448, 0.014712898992, -0.00242343265563, -0.000672548369039, 0.000153263943503, -4.43701719632e-005, -0.000929615576752], [6.19222773821e-005, 0.000332751253154, 6.66739942972e-005, -8.72537057148e-005, -0.000112622168672, 0.000170241561136, -0.0021364511922, -0.00242343265563, 0.0159233566374, -0.00541242817417, 0.00026246131165, 0.000253722129855, -0.00013794793631], [-0.000136459202622, 0.000355741532985, 0.000218804896576, -0.000930487702135, -0.00148538907524, -0.000993723399006, 0.00121850287542, -0.000672548369039, -0.00541242817417, 0.0210074596107, -0.00764333456755, -0.000169119797647, -0.00083833374083], [-0.000301360094454, 1.71641640918e-005, 0.00032782604103, 0.000217409600737, 0.000583745772019, 0.00017453970213, -0.00176786072552, 0.000153263943503, 0.00026246131165, -0.00764333456755, 0.0208932925016, -0.00774959241971, -0.000210901882383], [0.000338484242093, 0.000210678059375, 0.000351198978024, -0.000326515029883, 7.97609936853e-006, -0.000656447547954, 0.00127856479958, -4.43701719632e-005, 0.000253722129855, -0.000169119797647, -0.00774959241971, 0.0236984118819, -0.0094936080277], [-0.000154873981955, -0.000133485562401, -0.000504169904161, -3.50201844412e-005, -0.000283728615614, 0.0010671186028, 0.000111153996841, -0.000929615576752, -0.00013794793631, -0.00083833374083, -0.000210901882383, -0.0094936080277, 0.0219646114856]]
    },
    "spectral_contrast_coeffs": {
        "mean": [-0.493544518948, -0.753848612309, -0.811834454536, -0.819591522217, -0.783454656601, -0.782556414604],
        "var": [0.0080129802227, 0.00395764224231, 0.00221552886069, 0.0013929620618, 0.00105729245115, 0.00313291628845]
    },
    "spectral_contrast_valleys": {
        "mean": [-8.16631126404, -6.60137701035, -7.39816474915, -7.99245357513, -7.77087259293, -10.7812395096],
        "var": [0.70816129446, 0.566620767117, 0.58053535223, 0.66983884573, 0.67830324173, 1.40709030628]
    }
},
"metadata": {
    "audio_properties": {
        "analysis_sample_rate": 44100,
        "bit_rate": 128074,
        "equal_loudness": 0,
        "length": 45.0612258911,
        "lossless": 0,
        "replay_gain": -4.85302734375,
        "sample_rate": 44100,
        "codec": "mp3",
        "downmix": "mix",
        "md5_encoded": "40bdf032d7971df992ec5732e8747d23"
    },
    "tags": {
        "file_name": "1728.mp3"
    },
    "version": {
        "essentia": "2.1-beta2",
        "essentia_git_sha": "v2.1_beta2",
        "extractor": "music 1.0"
    }
},
"rhythm": {
    "beats_count": 103,
    "beats_loudness": {
        "mean": 0.0200998205692,
        "var": 0.000264510745183
    },
    "bpm": 165.16506958,
    "bpm_histogram_first_peak_bpm": {
        "mean": 167,
        "var": 0
    },
    "bpm_histogram_first_peak_spread": {
        "mean": 0,
        "var": 0
    },
    "bpm_histogram_first_peak_weight": {
        "mean": 0.186274513602,
        "var": 0
    },
    "bpm_histogram_second_peak_bpm": {
        "mean": 112,
        "var": 0
    },
    "bpm_histogram_second_peak_spread": {
        "mean": 0.40000000596,
        "var": 0
    },
    "bpm_histogram_second_peak_weight": {
        "mean": 0.147058829665,
        "var": 0
    },
    "danceability": 1.06593036652,
    "onset_rate": 4.54731559753,
    "beats_loudness_band_ratio": {
        "mean": [0.324498802423, 0.428857475519, 0.1525246948, 0.074112392962, 0.060962241143, 0.0489270426333],
        "var": [0.0385376214981, 0.0401658974588, 0.0155791314319, 0.0101704439148, 0.00423174072057, 0.00309818121605]
    },
    "beats_position": [0.510838985443, 1.04489791393, 1.57895684242, 2.10140585899, 2.63546490669, 3.15791368484, 3.69197273254, 4.22603178024, 4.76009082794, 5.30575942993, 5.85142850876, 6.3622674942, 6.86149644852, 7.37233543396, 7.87156438828, 8.37079334259, 8.91646194458, 9.45052146912, 9.98458003998, 10.5186395645, 11.0526981354, 11.5867567062, 12.1208162308, 12.6548748016, 13.1889343262, 13.5604534149, 13.9203624725, 14.2802715302, 14.6517915726, 15.0117006302, 15.3716096878, 15.7199087143, 16.0682086945, 16.4165077209, 16.7648067474, 17.1131057739, 17.4730148315, 17.8329238892, 18.1928348541, 18.5527439117, 18.9010429382, 19.2609519958, 19.6208610535, 19.9807701111, 20.3406791687, 20.7121982574, 21.0837192535, 21.4784584045, 21.8615875244, 22.2447166443, 22.6046257019, 22.9645347595, 23.312833786, 23.6611328125, 23.9862117767, 24.3229026794, 24.6595916748, 24.9962806702, 25.3445796967, 25.681268692, 26.0295696259, 26.3894786835, 26.7493877411, 27.1092967987, 27.4692058563, 27.8407249451, 28.2122440338, 28.5837631226, 28.9552822113, 29.3151912689, 29.6634922028, 30.1162815094, 30.5574588776, 31.0102481842, 31.4630374908, 31.9274368286, 32.3802261353, 32.8214035034, 33.2625846863, 33.6921539307, 34.121723175, 34.5512924194, 34.9924697876, 35.4336509705, 35.8632202148, 36.2927894592, 36.7223587036, 37.1635360718, 37.5931053162, 38.034286499, 38.4754638672, 38.91664505, 39.3578224182, 39.7873916626, 40.309841156, 40.8206787109, 41.3431282043, 41.8771858215, 42.3996353149, 42.9220848083, 43.4445343018, 43.9553718567, 44.4662132263]
},
"tonal": {
    "chords_changes_rate": 0.0977366268635,
    "chords_number_rate": 0.0164609048516,
    "chords_strength": {
        "mean": 0.509463489056,
        "var": 0.0123304007575
    },
    "hpcp_entropy": {
        "mean": 2.52963876724,
        "var": 0.528404831886
    },
    "key_strength": 0.678112983704,
    "tuning_diatonic_strength": 0.408900350332,
    "tuning_equal_tempered_deviation": 0.206527620554,
    "tuning_frequency": 435.700531006,
    "tuning_nontempered_energy_ratio": 0.886900961399,
    "hpcp": {
        "mean": [0.177493274212, 0.17702883482, 0.160871520638, 0.155955955386, 0.160783946514, 0.144220486283, 0.160532996058, 0.188624739647, 0.194807976484, 0.206227526069, 0.17872287333, 0.133461564779, 0.116681940854, 0.104510471225, 0.0850421339273, 0.09441960603, 0.116580121219, 0.113930881023, 0.123438231647, 0.143875077367, 0.180812373757, 0.210744008422, 0.165395662189, 0.128263950348, 0.13377507031, 0.118131294847, 0.0963618084788, 0.108899250627, 0.126500546932, 0.130706474185, 0.14486964047, 0.144039034843, 0.148186057806, 0.188820108771, 0.205170363188, 0.184167027473],
        "var": [0.0653058290482, 0.0691289529204, 0.0645669996738, 0.0587478876114, 0.0694146826863, 0.0499320365489, 0.0614660941064, 0.0825428068638, 0.0732408761978, 0.0885442644358, 0.0688827037811, 0.0536785237491, 0.0422774776816, 0.0407071188092, 0.0220144204795, 0.0306064095348, 0.0430018268526, 0.0360655598342, 0.0392084270716, 0.0521519258618, 0.0637577697635, 0.0844395384192, 0.061509732157, 0.0444188043475, 0.0534706450999, 0.0385665148497, 0.0313165634871, 0.0424082651734, 0.0503294952214, 0.0412565171719, 0.0512778162956, 0.052552677691, 0.051514159888, 0.0647965073586, 0.0710000395775, 0.0609727837145]
    },
    "chords_histogram": [11.9341564178, 2.05761313438, 0, 5.04115247726, 0, 2.67489719391, 1.02880656719, 7.81893014908, 1.95473253727, 1.64609050751, 18.41563797, 4.83539104462, 0, 0, 0, 0, 4.73251008987, 15.7407407761, 11.3168725967, 5.45267486572, 0.205761313438, 0, 2.16049385071, 2.98353910446],
    "thpcp": [1, 0.784817874432, 0.608624398708, 0.634775221348, 0.560544013977, 0.457245767117, 0.516737103462, 0.600256919861, 0.620214402676, 0.687419950962, 0.683478653431, 0.703156709671, 0.895969033241, 0.973552525043, 0.873889744282, 0.84222215414, 0.840018332005, 0.763350367546, 0.740025579929, 0.762934863567, 0.684339702129, 0.761744081974, 0.895042002201, 0.924382030964, 0.978568851948, 0.848056733608, 0.633287608624, 0.553666710854, 0.495911955833, 0.403532862663, 0.448029845953, 0.553183555603, 0.540612697601, 0.585725963116, 0.682700693607, 0.857971608639],
    "chords_key": "G#",
    "chords_scale": "minor",
    "key_key": "A",
    "key_scale": "minor"
}
}