{
"lowlevel": {
    "average_loudness": 0.969838738441,
    "barkbands_crest": {
        "mean": 10.2058467865,
        "var": 8.91413021088
    },
    "barkbands_flatness_db": {
        "mean": 0.160943061113,
        "var": 0.00163526658434
    },
    "barkbands_kurtosis": {
        "mean": 7.56392288208,
        "var": 38.6705932617
    },
    "barkbands_skewness": {
        "mean": 2.13350963593,
        "var": 0.653997242451
    },
    "barkbands_spread": {
        "mean": 14.914100647,
        "var": 71.1576004028
    },
    "dissonance": {
        "mean": 0.435956865549,
        "var": 0.00187175534666
    },
    "dynamic_complexity": 1.62059783936,
    "erbbands_crest": {
        "mean": 10.1258611679,
        "var": 24.4632930756
    },
    "erbbands_flatness_db": {
        "mean": 0.149347543716,
        "var": 0.0014286970254
    },
    "erbbands_kurtosis": {
        "mean": 3.87761187553,
        "var": 21.5308971405
    },
    "erbbands_skewness": {
        "mean": 1.44344735146,
        "var": 0.60000115633
    },
    "erbbands_spread": {
        "mean": 36.6750297546,
        "var": 428.428710938
    },
    "hfc": {
        "mean": 19.6572036743,
        "var": 185.148864746
    },
    "melbands_crest": {
        "mean": 14.6204938889,
        "var": 16.97996521
    },
    "melbands_flatness_db": {
        "mean": 0.243984475732,
        "var": 0.0019534539897
    },
    "melbands_kurtosis": {
        "mean": 17.1508274078,
        "var": 270.333282471
    },
    "melbands_skewness": {
        "mean": 2.77913832664,
        "var": 1.91311371326
    },
    "melbands_spread": {
        "mean": 12.0089015961,
        "var": 33.1763496399
    },
    "pitch_salience": {
        "mean": 0.525985300541,
        "var": 0.00977892521769
    },
    "silence_rate_20dB": {
        "mean": 1,
        "var": 0
    },
    "silence_rate_30dB": {
        "mean": 0.980947494507,
        "var": 0.0186892412603
    },
    "silence_rate_60dB": {
        "mean": 0.00154479919001,
        "var": 0.00154241069686
    },
    "spectral_centroid": {
        "mean": 702.460266113,
        "var": 70139.9375
    },
    "spectral_complexity": {
        "mean": 13.9891862869,
        "var": 25.9086170197
    },
    "spectral_decrease": {
        "mean": -1.08075104421e-008,
        "var": 3.76601502436e-017
    },
    "spectral_energy": {
        "mean": 0.0425730124116,
        "var": 0.000569414638449
    },
    "spectral_energyband_high": {
        "mean": 0.000803895294666,
        "var": 1.41829525546e-006
    },
    "spectral_energyband_low": {
        "mean": 0.0200387891382,
        "var": 0.000329403148498
    },
    "spectral_energyband_middle_high": {
        "mean": 0.00247223675251,
        "var": 3.65600408259e-006
    },
    "spectral_energyband_middle_low": {
        "mean": 0.0206789914519,
        "var": 0.000245733390329
    },
    "spectral_entropy": {
        "mean": 7.35788488388,
        "var": 0.195092871785
    },
    "spectral_flux": {
        "mean": 0.0849276557565,
        "var": 0.00254180165939
    },
    "spectral_kurtosis": {
        "mean": 3.54931592941,
        "var": 5.15676784515
    },
    "spectral_rms": {
        "mean": 0.00626202905551,
        "var": 2.32170759773e-006
    },
    "spectral_rolloff": {
        "mean": 660.399780273,
        "var": 478738.875
    },
    "spectral_skewness": {
        "mean": 1.73971819878,
        "var": 0.184616312385
    },
    "spectral_spread": {
        "mean": 6028256,
        "var": 3.63674127565e+012
    },
    "spectral_strongpeak": {
        "mean": 0.87440931797,
        "var": 0.905650019646
    },
    "zerocrossingrate": {
        "mean": 0.0438500195742,
        "var": 0.000502140319441
    },
    "barkbands": {
        "mean": [0.000310355273541, 0.0105935446918, 0.00816977303475, 0.0020042588003, 0.00367492693476, 0.00547633646056, 0.00349843874574, 0.00189966603648, 0.00309468572959, 0.00127290235832, 0.000632563198451, 0.000359934696462, 0.000151072978042, 0.000108391941467, 0.000104530961835, 9.34124691412e-005, 0.000104830418422, 7.52196647227e-005, 0.000115582181024, 5.35153158125e-005, 7.42499105399e-005, 6.8108420237e-005, 0.00025570919388, 0.000256557803368, 8.37839397718e-005, 3.77332471544e-005, 2.95948757412e-006],
        "var": [9.36458206979e-007, 0.000153712986503, 8.07574106148e-005, 7.91681668488e-006, 2.40432964347e-005, 5.11678335897e-005, 2.97950955428e-005, 1.9693708964e-005, 2.15094369196e-005, 6.22967627351e-006, 2.77835539464e-007, 1.78891113478e-007, 4.07124325363e-008, 3.7553423482e-008, 4.4521623721e-008, 1.94363742878e-008, 2.38075514858e-008, 1.24111325661e-008, 2.3855784903e-008, 6.93271973162e-009, 1.11960618554e-008, 9.5972723102e-009, 2.18542268726e-007, 1.62399985015e-007, 1.66940061774e-008, 6.38677111198e-009, 7.27606863649e-011]
    },
    "erbbands": {
        "mean": [0.203003689647, 2.71968054771, 9.20822238922, 8.21731567383, 10.0495185852, 10.184305191, 25.4641284943, 48.759098053, 55.6680335999, 43.6804847717, 44.6676673889, 86.0251159668, 58.8380775452, 29.1652374268, 11.8861837387, 17.3349380493, 8.27149677277, 6.31880187988, 6.63252162933, 4.56917190552, 5.47421455383, 4.76235580444, 4.08542585373, 6.09090042114, 4.29065847397, 2.41079163551, 2.80938649178, 2.73209452629, 2.14860129356, 4.70355701447, 7.20632076263, 6.80468463898, 3.46299386024, 1.21540033817, 0.479466080666, 0.18218664825, 0.0691018402576, 0.013229418546, 0.00034595260513, 5.89891933487e-005],
        "var": [0.1704403162, 7.34483003616, 70.9552154541, 100.785697937, 257.666717529, 164.984054565, 2236.86816406, 4715.23828125, 4439.88964844, 7253.59130859, 7531.23876953, 17288.6582031, 9782.61621094, 528.61315918, 111.350059509, 362.226989746, 108.822410583, 91.6721878052, 158.766082764, 50.2791671753, 54.3986473083, 50.3219604492, 36.7200012207, 82.3446807861, 24.0699825287, 16.1456165314, 17.6797332764, 16.0608081818, 11.38189888, 55.5821876526, 180.86479187, 125.972373962, 27.0781459808, 3.37540626526, 0.573887586594, 0.103712201118, 0.0251205321401, 0.0011966828024, 7.5621517226e-007, 1.46919576505e-009]
    },
    "gfcc": {
        "mean": [20.6375217438, 107.637519836, -80.0004577637, 29.2144069672, -78.5983657837, 26.2657470703, -35.685218811, 19.7162361145, -14.4046230316, -4.36002540588, -8.4395608902, -1.06493210793, -12.3477716446],
        "cov": [[2117.06665039, -589.81262207, 161.649551392, -31.1479282379, -75.3694152832, 63.9847717285, -189.279159546, 69.1131973267, -89.4690322876, 108.225639343, -138.148208618, 77.8997650146, -98.0846405029], [-589.81262207, 732.157409668, -272.202423096, 72.0996322632, 37.3987159729, -91.5469665527, 92.131072998, -107.784057617, 89.2847366333, -111.616950989, 121.209190369, -98.280456543, 117.411445618], [161.649551392, -272.202423096, 398.743927002, -123.864837646, -23.2822227478, 23.4713840485, -91.9901504517, 90.5224761963, -4.65320920944, 69.6364059448, -89.3476257324, 31.5847454071, -51.213508606], [-31.1479282379, 72.0996322632, -123.864837646, 271.598480225, 4.00614690781, -60.5392112732, 35.6667823792, -77.3505783081, -4.53561687469, -56.6310043335, 53.7576637268, -17.2001743317, 21.698802948], [-75.3694152832, 37.3987159729, -23.2822227478, 4.00614690781, 90.4295806885, 16.8778629303, 21.9320964813, -27.0204753876, -7.92706918716, -6.67652225494, -3.5294508934, -1.16411876678, 2.20982122421], [63.9847717285, -91.5469665527, 23.4713840485, -60.5392112732, 16.8778629303, 130.770278931, 48.1630821228, 38.1256828308, -33.3779792786, 9.79599666595, -7.37430763245, 22.5980110168, -19.8227291107], [-189.279159546, 92.131072998, -91.9901504517, 35.6667823792, 21.9320964813, 48.1630821228, 167.346603394, -10.8138580322, -24.9800834656, -38.110874176, 64.4934158325, 29.9276695251, 11.9111270905], [69.1131973267, -107.784057617, 90.5224761963, -77.3505783081, -27.0204753876, 38.1256828308, -10.8138580322, 107.987686157, 28.3500442505, 34.8006401062, -32.6625785828, -1.65549373627, -18.6307888031], [-89.4690322876, 89.2847366333, -4.65320920944, -4.53561687469, -7.92706918716, -33.3779792786, -24.9800834656, 28.3500442505, 86.848777771, 19.3730602264, 0.946169435978, -45.144908905, 16.7857990265], [108.225639343, -111.616950989, 69.6364059448, -56.6310043335, -6.67652225494, 9.79599666595, -38.110874176, 34.8006401062, 19.3730602264, 72.0616607666, -11.2219028473, 8.97609901428, -24.9420127869], [-138.148208618, 121.209190369, -89.3476257324, 53.7576637268, -3.5294508934, -7.37430763245, 64.4934158325, -32.6625785828, 0.946169435978, -11.2219028473, 101.450393677, 30.1278476715, 21.8219490051], [77.8997650146, -98.280456543, 31.5847454071, -17.2001743317, -1.16411876678, 22.5980110168, 29.9276695251, -1.65549373627, -45.144908905, 8.97609901428, 30.1278476715, 95.3639221191, 2.34334802628], [-98.0846405029, 117.411445618, -51.213508606, 21.698802948, 2.20982122421, -19.8227291107, 11.9111270905, -18.6307888031, 16.7857990265, -24.9420127869, 21.8219490051, 2.34334802628, 57.6199493408]],
        "icov": [[0.000755958957598, -0.000162396565429, 0.000400268036174, -0.000635391043033, 0.000628083653282, -0.000520209490787, 0.000820757239126, -0.000308101938572, 0.000639736943413, -0.00117072171997, 0.00137225247454, -0.00119868654292, 0.000576368824113], [-0.000162396565429, 0.0083044981584, -0.000267256691586, 0.00496961921453, -0.00237379432656, 0.00245588226244, -0.00184998870827, 0.00453185616061, -0.00524460244924, 0.00958001706749, -0.010534638539, 0.00984635110945, -0.00725973444059], [0.000400268036174, -0.000267256691586, 0.00487302336842, -0.000126580765937, 0.000467483740067, 0.000150355059304, 0.00168860703707, -0.00243343762122, 0.000335226621246, -0.00198096595705, 0.00379889574833, -0.00375186139718, 0.0022614391055], [-0.000635391043033, 0.00496961921453, -0.000126580765937, 0.00917824730277, -0.0015783313429, 0.00360681512393, -0.00194561597891, 0.00488604046404, -0.00374303362332, 0.0095305480063, -0.0092293927446, 0.00748207280412, -0.00308661814779], [0.000628083653282, -0.00237379432656, 0.000467483740067, -0.0015783313429, 0.0153695000336, -0.00408337172121, -0.00180287705734, 0.00560096185654, -0.00114264967851, -0.00505769485608, 0.00838579144329, -0.00435014627874, 0.00225014751777], [-0.000520209490787, 0.00245588226244, 0.000150355059304, 0.00360681512393, -0.00408337172121, 0.0148835191503, -0.0048519577831, -0.00488875294104, 0.00573843345046, 0.00102207146119, -0.00399780273438, 0.00535880587995, -0.00234848377295], [0.000820757239126, -0.00184998870827, 0.00168860703707, -0.00194561597891, -0.00180287705734, -0.0048519577831, 0.0138901211321, -0.00486454926431, 0.00208194414154, 0.00379693298601, -0.00395310297608, -0.0050265272148, 0.00409471942112], [-0.000308101938572, 0.00453185616061, -0.00243343762122, 0.00488604046404, 0.00560096185654, -0.00488875294104, -0.00486454926431, 0.025090219453, -0.0156872626394, 0.00407869182527, 0.000614525284618, 0.00180659571197, -0.000510938582011], [0.000639736943413, -0.00524460244924, 0.000335226621246, -0.00374303362332, -0.00114264967851, 0.00573843345046, 0.00208194414154, -0.0156872626394, 0.0365752987564, -0.0188834965229, -9.86107042991e-005, 0.0103363906965, -0.00921353790909], [-0.00117072171997, 0.00958001706749, -0.00198096595705, 0.0095305480063, -0.00505769485608, 0.00102207146119, 0.00379693298601, 0.00407869182527, -0.0188834965229, 0.0426656343043, -0.0185826588422, 0.00457136938348, 0.00503735430539], [0.00137225247454, -0.010534638539, 0.00379889574833, -0.0092293927446, 0.00838579144329, -0.00399780273438, -0.00395310297608, 0.000614525284618, -9.86107042991e-005, -0.0185826588422, 0.0382884554565, -0.0231999661773, 0.0084010027349], [-0.00119868654292, 0.00984635110945, -0.00375186139718, 0.00748207280412, -0.00435014627874, 0.00535880587995, -0.0050265272148, 0.00180659571197, 0.0103363906965, 0.00457136938348, -0.0231999661773, 0.0367343835533, -0.0183629859239], [0.000576368824113, -0.00725973444059, 0.0022614391055, -0.00308661814779, 0.00225014751777, -0.00234848377295, 0.00409471942112, -0.000510938582011, -0.00921353790909, 0.00503735430539, 0.0084010027349, -0.0183629859239, 0.0368255488575]]
    },
    "melbands": {
        "mean": [0.00236952630803, 0.00462500797585, 0.00156173587311, 0.000690655375365, 0.00079988053767, 0.00111082440708, 0.000850192387588, 0.000452807813417, 0.000353592127794, 0.000549907970708, 0.000268464238616, 0.000104564242065, 5.16200452694e-005, 4.03542107961e-005, 2.83792760456e-005, 1.61969801411e-005, 1.11623194243e-005, 1.05457202153e-005, 6.21952949587e-006, 7.58044689064e-006, 6.46032731311e-006, 5.49547712581e-006, 3.60987223758e-006, 3.70017369278e-006, 5.16402178619e-006, 4.22335324402e-006, 2.05961919164e-006, 1.42531314395e-006, 1.59851708759e-006, 2.05865580938e-006, 1.38899679314e-006, 1.07304231278e-006, 1.47252637817e-006, 3.17196213473e-006, 3.57882095159e-006, 5.51510265723e-006, 3.62751848115e-006, 2.64704272013e-006, 1.52642019202e-006, 8.52662651596e-007],
        "var": [1.18104280773e-005, 1.41716564031e-005, 3.2578225273e-006, 8.82036431449e-007, 1.91896833712e-006, 2.1869682314e-006, 1.19684023048e-006, 8.83054553924e-007, 4.56236023183e-007, 7.64508570228e-007, 2.34145716149e-007, 7.59996687805e-009, 1.72933378728e-009, 1.64040081518e-009, 1.53965173944e-009, 4.24447060832e-010, 3.6834640893e-010, 3.9295927623e-010, 1.51023096806e-010, 1.12905775007e-010, 9.16467526868e-011, 7.33295091315e-011, 2.47271578213e-011, 3.87921639255e-011, 6.64544946849e-011, 2.54250578924e-011, 8.67009762595e-012, 6.7501676991e-012, 6.8898450313e-012, 8.34879994999e-012, 4.98516419117e-012, 3.64080076851e-012, 3.82622926398e-012, 3.13096423787e-011, 5.19750423256e-011, 9.32052351965e-011, 4.06752478921e-011, 1.89150344693e-011, 4.61143406447e-012, 1.87544294331e-012]
    },
    "mfcc": {
        "mean": [-629.266174316, 132.804229736, 48.0380058289, 8.59231281281, 0.830998420715, -2.08614826202, -0.953828990459, 16.1102485657, -2.87989830971, 10.3368062973, -2.1714117527, 5.88846492767, -0.74177390337],
        "cov": [[1386.60986328, -409.96585083, 2.68471670151, 3.08756923676, 27.683265686, 21.5759048462, -30.9109363556, -39.9541931152, -48.2650566101, -21.2459812164, -4.76456737518, -18.7090015411, -38.9745635986], [-409.96585083, 514.801574707, -98.4056854248, -16.5845508575, -15.0692682266, -3.48267889023, -8.56259727478, -1.07800352573, 17.3522262573, -0.789740145206, -9.55722904205, 9.28969764709, 21.5680160522], [2.68471670151, -98.4056854248, 291.18536377, -59.5678787231, 54.4624786377, -75.5053482056, -53.6133956909, -19.0088195801, 37.076374054, 28.8379096985, 15.1813049316, 6.75485944748, -11.1684999466], [3.08756923676, -16.5845508575, -59.5678787231, 248.921066284, -16.7734508514, 21.2070350647, -21.5596141815, -10.9511528015, -53.7464790344, -18.6012649536, -18.6044197083, -23.6866283417, -10.2835578918], [27.683265686, -15.0692682266, 54.4624786377, -16.7734508514, 105.272605896, -18.9776725769, -62.6258087158, -44.7401123047, 31.2713088989, 24.3310375214, 10.6840572357, -12.0990276337, -24.0782566071], [21.5759048462, -3.48267889023, -75.5053482056, 21.2070350647, -18.9776725769, 99.2346115112, 71.3280258179, 27.3016204834, -30.0323448181, -24.913848877, -18.7687206268, -4.97752046585, 5.92705202103], [-30.9109363556, -8.56259727478, -53.6133956909, -21.5596141815, -62.6258087158, 71.3280258179, 144.304367065, 80.8683242798, -30.4402179718, -36.7511978149, -15.632941246, 15.5585517883, 22.5337715149], [-39.9541931152, -1.07800352573, -19.0088195801, -10.9511528015, -44.7401123047, 27.3016204834, 80.8683242798, 89.5993041992, -1.4572712183, -19.4047813416, -10.165307045, 8.36482143402, 11.6410989761], [-48.2650566101, 17.3522262573, 37.076374054, -53.7464790344, 31.2713088989, -30.0323448181, -30.4402179718, -1.4572712183, 79.5309829712, 45.6489028931, 17.6701984406, -6.36143445969, -15.9506015778], [-21.2459812164, -0.789740145206, 28.8379096985, -18.6012649536, 24.3310375214, -24.913848877, -36.7511978149, -19.4047813416, 45.6489028931, 83.446182251, 35.6050567627, -10.9767026901, -18.4410057068], [-4.76456737518, -9.55722904205, 15.1813049316, -18.6044197083, 10.6840572357, -18.7687206268, -15.632941246, -10.165307045, 17.6701984406, 35.6050567627, 53.2836532593, 17.9577693939, -0.964698672295], [-18.7090015411, 9.28969764709, 6.75485944748, -23.6866283417, -12.0990276337, -4.97752046585, 15.5585517883, 8.36482143402, -6.36143445969, -10.9767026901, 17.9577693939, 60.6368217468, 33.8668670654], [-38.9745635986, 21.5680160522, -11.1684999466, -10.2835578918, -24.0782566071, 5.92705202103, 22.5337715149, 11.6410989761, -15.9506015778, -18.4410057068, -0.964698672295, 33.8668670654, 57.5257759094]],
        "icov": [[0.00104214949533, 0.000873741344549, 0.000337595323799, 0.000397144962335, -1.6077348846e-005, -0.000323848275002, 0.000721364107449, 3.2183375879e-005, 0.000709593121428, 0.00013321172446, 0.000155331203132, -0.000205330681638, 0.000615521450527], [0.000873741344549, 0.00297846645117, 0.00130562589038, 0.000539061962627, 0.000116289265861, 0.000166698038811, 0.00102296785917, 4.85778800794e-005, -0.000267375959083, -5.32843660039e-005, 0.00107217871118, -0.000534611579496, -0.000312431307975], [0.000337595323799, 0.00130562589038, 0.005433968734, 0.000916098884773, -0.00245041004382, 0.00388645520434, -7.6512216765e-005, -0.000870362913702, 0.00058941001771, -0.00101727573201, 0.00156688853167, -0.0010986252455, 0.000248368596658], [0.000397144962335, 0.000539061962627, 0.000916098884773, 0.00596860423684, 0.000806340714917, -0.00158283102792, 0.00436879135668, -0.00222204159945, 0.00510108377784, -0.000863666296937, 0.000632642884739, 0.00108544970863, 0.00105984602123], [-1.6077348846e-005, 0.000116289265861, -0.00245041004382, 0.000806340714917, 0.0171783752739, -0.00558718945831, 0.00566464941949, 0.00449904100969, -0.00511892233044, 0.002038520528, -0.00137361430097, -0.000349345820723, 0.00366722070612], [-0.000323848275002, 0.000166698038811, 0.00388645520434, -0.00158283102792, -0.00558718945831, 0.0226734802127, -0.0140190795064, 0.0034573499579, 0.00243084342219, -0.00142049381975, 0.00345444260165, 0.00199471251108, -0.000590932031628], [0.000721364107449, 0.00102296785917, -7.6512216765e-005, 0.00436879135668, 0.00566464941949, -0.0140190795064, 0.0284348297864, -0.0173776540905, 0.00587253225967, 0.000809076300357, -0.000987512408756, -0.0022185803391, 0.000242251713644], [3.2183375879e-005, 4.85778800794e-005, -0.000870362913702, -0.00222204159945, 0.00449904100969, 0.0034573499579, -0.0173776540905, 0.0282474160194, -0.00982145220041, 0.00349424849264, 0.00101257674396, 2.29778870562e-005, 0.000455514033092], [0.000709593121428, -0.000267375959083, 0.00058941001771, 0.00510108377784, -0.00511892233044, 0.00243084342219, 0.00587253225967, -0.00982145220041, 0.0283290222287, -0.0122447470203, 0.00237537175417, -0.000504252384417, 0.00316781783476], [0.00013321172446, -5.32843660039e-005, -0.00101727573201, -0.000863666296937, 0.002038520528, -0.00142049381975, 0.000809076300357, 0.00349424849264, -0.0122447470203, 0.0273234155029, -0.016928082332, 0.00806329399347, 6.68257052894e-005], [0.000155331203132, 0.00107217871118, 0.00156688853167, 0.000632642884739, -0.00137361430097, 0.00345444260165, -0.000987512408756, 0.00101257674396, 0.00237537175417, -0.016928082332, 0.0361595600843, -0.0160450488329, 0.00465612439439], [-0.000205330681638, -0.000534611579496, -0.0010986252455, 0.00108544970863, -0.000349345820723, 0.00199471251108, -0.0022185803391, 2.29778870562e-005, -0.000504252384417, 0.00806329399347, -0.0160450488329, 0.0332994312048, -0.0168735254556], [0.000615521450527, -0.000312431307975, 0.000248368596658, 0.00105984602123, 0.00366722070612, -0.000590932031628, 0.000242251713644, 0.000455514033092, 0.00316781783476, 6.68257052894e-005, 0.00465612439439, -0.0168735254556, 0.0304758772254]]
    },
    "spectral_contrast_coeffs": {
        "mean": [-0.644824147224, -0.705459713936, -0.697774171829, -0.79553437233, -0.80198520422, -0.79549062252],
        "var": [0.00305328168906, 0.00830016471446, 0.00518107693642, 0.00216657086276, 0.00125075026881, 0.000739870010875]
    },
    "spectral_contrast_valleys": {
        "mean": [-6.62626504898, -6.11699581146, -7.24228048325, -8.09358978271, -7.99344921112, -9.65028381348],
        "var": [0.397937834263, 0.465235859156, 0.49566629529, 0.566160023212, 0.568691134453, 0.594721794128]
    }
},
"metadata": {
    "audio_properties": {
        "analysis_sample_rate": 44100,
        "bit_rate": 128074,
        "equal_loudness": 0,
        "length": 45.0612258911,
        "lossless": 0,
        "replay_gain": -4.95337295532,
        "sample_rate": 44100,
        "codec": "mp3",
        "downmix": "mix",
        "md5_encoded": "0d1e1adda0ba655c537dffa1004ef9bf"
    },
    "tags": {
        "file_name": "1729.mp3"
    },
    "version": {
        "essentia": "2.1-beta2",
        "essentia_git_sha": "v2.1_beta2",
        "extractor": "music 1.0"
    }
},
"rhythm": {
    "beats_count": 114,
    "beats_loudness": {
        "mean": 0.049611594528,
        "var": 0.000585971982218
    },
    "bpm": 164.382919312,
    "bpm_histogram_first_peak_bpm": {
        "mean": 167,
        "var": 0
    },
    "bpm_histogram_first_peak_spread": {
        "mean": 0,
        "var": 0
    },
    "bpm_histogram_first_peak_weight": {
        "mean": 0.274336278439,
        "var": 0
    },
    "bpm_histogram_second_peak_bpm": {
        "mean": 161,
        "var": 0
    },
    "bpm_histogram_second_peak_spread": {
        "mean": 0.285714298487,
        "var": 0
    },
    "bpm_histogram_second_peak_weight": {
        "mean": 0.221238940954,
        "var": 0
    },
    "danceability": 1.28947818279,
    "onset_rate": 4.41422367096,
    "beats_loudness_band_ratio": {
        "mean": [0.550128877163, 0.221056818962, 0.206081539392, 0.0477130413055, 0.0111295953393, 0.0351242870092],
        "var": [0.0327818095684, 0.017934685573, 0.0205588582903, 0.000924608320929, 9.35137504712e-005, 0.00111811363604]
    },
    "beats_position": [0.510838985443, 1.03328800201, 1.53251695633, 2.02013611794, 2.50775504112, 2.9837641716, 3.47138309479, 3.94739222527, 4.42340135574, 4.8994102478, 5.38702917099, 5.87464857101, 6.35065746307, 6.83827638626, 7.31428575516, 7.80190467834, 8.27791404724, 8.75392246246, 9.24154186249, 9.72916126251, 10.2399997711, 10.7392292023, 11.2384576797, 11.7376871109, 12.1092061996, 12.4807252884, 12.8638544083, 13.2469835281, 13.6301136017, 14.0016326904, 14.3847618103, 14.756280899, 15.1161899567, 15.4877090454, 15.8592290878, 16.2307472229, 16.5906581879, 16.9505672455, 17.3220863342, 17.693605423, 18.0419044495, 18.390203476, 18.7501125336, 19.0984115601, 19.458322525, 19.8182315826, 20.1897506714, 20.549659729, 20.8979587555, 21.2578678131, 21.6177768707, 21.9892959595, 22.3608150482, 22.7323360443, 23.1038551331, 23.4753742218, 23.8236732483, 24.1719722748, 24.5202713013, 24.8801803589, 25.2284793854, 25.5883903503, 25.948299408, 26.3082084656, 26.6681175232, 27.0280265808, 27.3879356384, 27.747844696, 28.1077537537, 28.4676647186, 28.8159637451, 29.1642627716, 29.5125617981, 29.8608608246, 30.2091598511, 30.5574588776, 30.9289798737, 31.3004989624, 31.66040802, 32.0203170776, 32.391834259, 32.7749671936, 33.1580963135, 33.5528335571, 33.9475746155, 34.3307037354, 34.7138328552, 35.0969619751, 35.4916992188, 35.8748283386, 36.269569397, 36.6643066406, 37.0358276367, 37.4073448181, 37.7788658142, 38.1503829956, 38.5219039917, 38.8934249878, 39.2649421692, 39.6248512268, 39.9847602844, 40.344669342, 40.7045783997, 41.0644874573, 41.4243965149, 41.7843093872, 42.1442184448, 42.492515564, 42.8408164978, 43.1891136169, 43.5374145508, 43.8857116699, 44.2456245422, 44.6055335999]
},
"tonal": {
    "chords_changes_rate": 0.0277777779847,
    "chords_number_rate": 0.00720164598897,
    "chords_strength": {
        "mean": 0.470904022455,
        "var": 0.00585194583982
    },
    "hpcp_entropy": {
        "mean": 1.78348231316,
        "var": 0.478369563818
    },
    "key_strength": 0.800434231758,
    "tuning_diatonic_strength": 0.596659362316,
    "tuning_equal_tempered_deviation": 0.0149589385837,
    "tuning_frequency": 439.745910645,
    "tuning_nontempered_energy_ratio": 0.579931437969,
    "hpcp": {
        "mean": [0.0650968030095, 0.0628166273236, 0.166810140014, 0.317803740501, 0.210845753551, 0.0483618490398, 0.0322809517384, 0.0377391837537, 0.124832339585, 0.222685784101, 0.143476217985, 0.0315903350711, 0.0231593940407, 0.0466192662716, 0.0889934450388, 0.114217862487, 0.0705033764243, 0.0560946799815, 0.0926709622145, 0.0631788372993, 0.0294175073504, 0.0445006303489, 0.0621806457639, 0.298162698746, 0.527632832527, 0.298751235008, 0.0644538849592, 0.0526474229991, 0.0453218854964, 0.166973888874, 0.281990557909, 0.160537496209, 0.052866730839, 0.0576649792492, 0.0455815978348, 0.0477681308985],
        "var": [0.0302388444543, 0.0260944440961, 0.0473254360259, 0.13598574698, 0.0827961564064, 0.0164563823491, 0.0162043832242, 0.0143962120637, 0.0389755815268, 0.115664057434, 0.0561024285853, 0.00470041809604, 0.00314831198193, 0.0129235647619, 0.0267275907099, 0.0448066107929, 0.0219628307968, 0.0103953983635, 0.0241951681674, 0.0143983922899, 0.00860281102359, 0.0197638124228, 0.0185810253024, 0.0649850219488, 0.171213835478, 0.0691778585315, 0.0220676269382, 0.0224700756371, 0.0139753613621, 0.0431388430297, 0.116022668779, 0.0380063839257, 0.0135033074766, 0.0217583049089, 0.0165865886956, 0.0176916960627]
    },
    "chords_histogram": [45.6790122986, 2.98353910446, 1.74897122383, 0, 0, 0, 0, 0, 0, 0, 0, 0, 0, 0, 0, 0, 0, 3.70370364189, 0, 8.74485588074, 0, 0.411522626877, 29.2181072235, 7.51028823853],
    "thpcp": [1, 0.566210448742, 0.122156701982, 0.0997804179788, 0.0858966335654, 0.316458493471, 0.534444689751, 0.304259866476, 0.100196063519, 0.109289973974, 0.0863888561726, 0.0905328989029, 0.123375192285, 0.119053676724, 0.316148132086, 0.602319896221, 0.399606972933, 0.0916581526399, 0.0611807107925, 0.0715254619718, 0.23658940196, 0.422046869993, 0.271924346685, 0.059871815145, 0.0438930131495, 0.0883555039763, 0.168665483594, 0.216472238302, 0.133622035384, 0.106313854456, 0.175635322928, 0.119740158319, 0.0557537451386, 0.0843401476741, 0.117848321795, 0.565095067024],
    "chords_key": "A#",
    "chords_scale": "major",
    "key_key": "A#",
    "key_scale": "major"
}
}