{
"lowlevel": {
    "average_loudness": 0.279838114977,
    "barkbands_crest": {
        "mean": 12.186630249,
        "var": 34.4530677795
    },
    "barkbands_flatness_db": {
        "mean": 0.306769520044,
        "var": 0.0102963484824
    },
    "barkbands_kurtosis": {
        "mean": 3.5126554966,
        "var": 293.733520508
    },
    "barkbands_skewness": {
        "mean": 0.970468580723,
        "var": 1.46075820923
    },
    "barkbands_spread": {
        "mean": 7.97781896591,
        "var": 34.137298584
    },
    "dissonance": {
        "mean": 0.383251368999,
        "var": 0.0094599109143
    },
    "dynamic_complexity": 5.46189689636,
    "erbbands_crest": {
        "mean": 14.0027894974,
        "var": 46.07081604
    },
    "erbbands_flatness_db": {
        "mean": 0.360978186131,
        "var": 0.00727231986821
    },
    "erbbands_kurtosis": {
        "mean": 1.3794850111,
        "var": 16.3584041595
    },
    "erbbands_skewness": {
        "mean": 0.438236713409,
        "var": 1.12299442291
    },
    "erbbands_spread": {
        "mean": 12.3676395416,
        "var": 43.5256462097
    },
    "hfc": {
        "mean": 10.8049640656,
        "var": 136.455047607
    },
    "melbands_crest": {
        "mean": 15.4945812225,
        "var": 62.11378479
    },
    "melbands_flatness_db": {
        "mean": 0.362373679876,
        "var": 0.01392649021
    },
    "melbands_kurtosis": {
        "mean": 3.47888565063,
        "var": 46.9766654968
    },
    "melbands_skewness": {
        "mean": 1.22128868103,
        "var": 0.994808077812
    },
    "melbands_spread": {
        "mean": 13.8653964996,
        "var": 136.479919434
    },
    "pitch_salience": {
        "mean": 0.519921779633,
        "var": 0.0218097586185
    },
    "silence_rate_20dB": {
        "mean": 1,
        "var": 0
    },
    "silence_rate_30dB": {
        "mean": 1,
        "var": 0
    },
    "silence_rate_60dB": {
        "mean": 0.341224908829,
        "var": 0.224791273475
    },
    "spectral_centroid": {
        "mean": 894.042114258,
        "var": 326183.1875
    },
    "spectral_complexity": {
        "mean": 9.57539844513,
        "var": 33.0185203552
    },
    "spectral_decrease": {
        "mean": -3.85088494426e-009,
        "var": 2.06815385976e-017
    },
    "spectral_energy": {
        "mean": 0.0155141586438,
        "var": 0.000327349669533
    },
    "spectral_energyband_high": {
        "mean": 1.5251147488e-005,
        "var": 3.89643783905e-009
    },
    "spectral_energyband_low": {
        "mean": 0.000485179218231,
        "var": 1.18332593502e-006
    },
    "spectral_energyband_middle_high": {
        "mean": 0.00414741970599,
        "var": 3.125485091e-005
    },
    "spectral_energyband_middle_low": {
        "mean": 0.0111246211454,
        "var": 0.000236855310504
    },
    "spectral_entropy": {
        "mean": 5.92934703827,
        "var": 0.858052194118
    },
    "spectral_flux": {
        "mean": 0.026042137295,
        "var": 0.000366511929315
    },
    "spectral_kurtosis": {
        "mean": 50.9389877319,
        "var": 2539.89331055
    },
    "spectral_rms": {
        "mean": 0.00327859469689,
        "var": 4.38659117208e-006
    },
    "spectral_rolloff": {
        "mean": 1206.51501465,
        "var": 963339.6875
    },
    "spectral_skewness": {
        "mean": 4.58209323883,
        "var": 7.64751720428
    },
    "spectral_spread": {
        "mean": 1478888.75,
        "var": 1.95215176499e+012
    },
    "spectral_strongpeak": {
        "mean": 1.51463723183,
        "var": 2.5003426075
    },
    "zerocrossingrate": {
        "mean": 0.0399744771421,
        "var": 0.000765708100516
    },
    "barkbands": {
        "mean": [6.05294189882e-006, 2.75018064713e-005, 0.000351525697624, 0.000139981988468, 0.000547032861505, 0.00058579450706, 0.00735189253464, 0.00121689622756, 0.000961219251622, 0.00157817208674, 0.000557527935598, 0.000512163969688, 0.00053767033387, 0.000208074998227, 0.000311733951094, 0.000112291585538, 0.000399949669372, 6.60646837787e-005, 1.9713979782e-005, 1.68928509083e-005, 3.99109012506e-006, 7.90919557403e-007, 6.17280932147e-007, 4.44699196578e-007, 1.6656065327e-007, 2.25212115623e-008, 2.12980855174e-009],
        "var": [9.92148030399e-010, 3.40634831453e-009, 8.35051821468e-007, 7.73145600874e-008, 8.23680863959e-007, 7.15976000265e-007, 0.000201664835913, 6.18995272816e-006, 4.64414188173e-006, 1.65680630744e-005, 8.56857525378e-007, 2.42124110628e-006, 6.30167107829e-007, 4.49271681191e-007, 4.21782800686e-007, 1.04055317252e-007, 2.53678922491e-006, 4.72380961014e-008, 2.58126298114e-009, 3.35083871761e-009, 2.14814305233e-010, 5.0672413314e-012, 8.08941542224e-012, 5.81853792578e-012, 6.28493351112e-013, 1.50380230458e-014, 3.89468586708e-015]
    },
    "erbbands": {
        "mean": [0.000584361783694, 0.0126843228936, 0.271360635757, 0.593305885792, 0.747543931007, 2.15112161636, 2.55037784576, 9.34423732758, 86.0559768677, 87.8337249756, 18.3828201294, 21.3865623474, 38.5708770752, 44.7023582458, 24.2423591614, 20.681968689, 24.6434135437, 14.4536218643, 12.3024921417, 15.6049261093, 8.3273601532, 20.2021312714, 7.75744628906, 1.6055752039, 0.852140724659, 0.607320189476, 0.49758797884, 0.0792682096362, 0.0344687364995, 0.0163228325546, 0.0217942874879, 0.00831728056073, 0.00787689071149, 0.00300614559092, 0.000706593273208, 0.000207140896237, 3.03437464027e-005, 4.39591121904e-006, 8.32712794363e-006, 1.79674607352e-005],
        "var": [8.99217184269e-007, 0.000782204617281, 0.467550635338, 1.46338522434, 1.93591582775, 12.7222614288, 14.8761367798, 254.315414429, 37562.6015625, 53862.3789063, 791.466247559, 2545.48217773, 8133.27246094, 8925.3515625, 1667.88269043, 3678.25585938, 1359.63183594, 539.817138672, 798.003540039, 1079.08630371, 534.961120605, 5119.41503906, 1341.71398926, 16.2277965546, 3.91370654106, 2.59066534042, 5.12158060074, 0.0479082688689, 0.0114326132461, 0.00173903780524, 0.0152467042208, 0.00154164095875, 0.00197222619317, 0.000246943207458, 8.46372222441e-006, 7.3098658504e-007, 3.77427546994e-008, 3.23502247213e-009, 2.53285031837e-010, 4.23844875863e-010]
    },
    "gfcc": {
        "mean": [-185.86555481, 174.47845459, -170.573135376, -41.7805747986, -55.443813324, -17.0836849213, -31.4818611145, -5.17006206512, -12.4565343857, -4.8018450737, 5.0404458046, -10.0623102188, 0.41173401475],
        "cov": [[8127.78710938, 184.053894043, -1741.54260254, 1164.2923584, 729.729736328, 17.1187152863, -119.842391968, 3.29668498039, 117.906692505, -360.014526367, -387.620239258, -348.383483887, 39.7613945007], [184.053894043, 1634.15307617, 826.661010742, -592.244934082, -74.9790802002, -278.203399658, -62.6613311768, -311.486602783, -77.8470916748, -0.0739441215992, 60.1202964783, -139.531311035, -192.498092651], [-1741.54260254, 826.661010742, 1509.6862793, -430.156280518, -451.389862061, -97.8540878296, 2.6086628437, -140.821044922, -24.4649581909, 116.566734314, 52.8705940247, -54.6430511475, -209.535095215], [1164.2923584, -592.244934082, -430.156280518, 1755.91052246, 307.68182373, 221.510162354, -63.6445121765, 92.2643508911, -321.299468994, -352.629760742, -432.065612793, -303.649993896, -160.606399536], [729.729736328, -74.9790802002, -451.389862061, 307.68182373, 362.550323486, 53.113407135, -15.8273172379, 36.2936782837, -36.3008537292, -107.671875, -92.1121520996, -59.9668159485, 6.27315759659], [17.1187152863, -278.203399658, -97.8540878296, 221.510162354, 53.113407135, 194.695297241, 50.973274231, 49.7266654968, -0.529380261898, -29.149641037, -64.8528137207, -16.3128738403, 18.855922699], [-119.842391968, -62.6613311768, 2.6086628437, -63.6445121765, -15.8273172379, 50.973274231, 144.625823975, 55.888469696, 72.2206726074, 38.7551040649, 24.4929332733, 30.7933521271, 45.8053436279], [3.29668498039, -311.486602783, -140.821044922, 92.2643508911, 36.2936782837, 49.7266654968, 55.888469696, 148.370605469, 64.2494277954, 14.8088769913, 5.32647371292, 38.5873146057, 44.5570678711], [117.906692505, -77.8470916748, -24.4649581909, -321.299468994, -36.3008537292, -0.529380261898, 72.2206726074, 64.2494277954, 272.919708252, 159.610153198, 87.3795013428, 78.0414657593, 84.3630371094], [-360.014526367, -0.0739441215992, 116.566734314, -352.629760742, -107.671875, -29.149641037, 38.7551040649, 14.8088769913, 159.610153198, 202.632461548, 137.113983154, 81.3835449219, 46.9720191956], [-387.620239258, 60.1202964783, 52.8705940247, -432.065612793, -92.1121520996, -64.8528137207, 24.4929332733, 5.32647371292, 87.3795013428, 137.113983154, 201.962203979, 126.529678345, 53.5198478699], [-348.383483887, -139.531311035, -54.6430511475, -303.649993896, -59.9668159485, -16.3128738403, 30.7933521271, 38.5873146057, 78.0414657593, 81.3835449219, 126.529678345, 170.428604126, 97.7648544312], [39.7613945007, -192.498092651, -209.535095215, -160.606399536, 6.27315759659, 18.855922699, 45.8053436279, 44.5570678711, 84.3630371094, 46.9720191956, 53.5198478699, 97.7648544312, 149.421813965]],
        "icov": [[0.000323985674186, -0.000544312933926, 0.000627145287581, -0.000304987945128, 0.000429569539847, -0.000207531018532, 0.000399773416575, -0.000241595262196, -0.000900857849047, 0.000442105869297, 3.94804992538e-005, 0.000185387252714, -4.39613359049e-005], [-0.000544312933926, 0.00389631325379, -0.00257344194688, 0.00128442188725, -0.00298940995708, 0.00288467947394, -0.00226302165538, 0.00440916838124, 0.000931470189244, 0.00116592610721, -0.00182777072769, 0.00239212624729, 0.000273739395197], [0.000627145287581, -0.00257344194688, 0.00376876699738, -0.000408767926274, 0.00373620376922, -0.00176325673237, 0.000841671018861, -0.00226716394536, -0.00102680292912, -0.000926497217733, 0.00229466124438, -0.00114697823301, 0.00264661782421], [-0.000304987945128, 0.00128442188725, -0.000408767926274, 0.00255879224278, -0.000861153763253, 2.51357687375e-005, -0.000588864670135, -0.00070296524791, 0.00240619620308, -0.000548406736925, 0.00240154517815, 0.0014160486171, 0.00136326637585], [0.000429569539847, -0.00298940995708, 0.00373620376922, -0.000861153763253, 0.00791776087135, -0.002674481133, 0.0018188545946, -0.00364193157293, -0.00161927635781, 0.00102355470881, 0.00146318506449, -0.00041372270789, 0.00122077693231], [-0.000207531018532, 0.00288467947394, -0.00176325673237, 2.51357687375e-005, -0.002674481133, 0.00992867350578, -0.00423706369475, 0.00302360625938, 0.000471548322821, -3.62178288924e-005, 0.00112836284097, 0.000824003480375, -0.000615628436208], [0.000399773416575, -0.00226302165538, 0.000841671018861, -0.000588864670135, 0.0018188545946, -0.00423706369475, 0.0117176193744, -0.0052964091301, -0.00239068223163, 0.000574744015466, -0.000818989530671, 0.000643620442133, -0.00298748165369], [-0.000241595262196, 0.00440916838124, -0.00226716394536, -0.00070296524791, -0.00364193157293, 0.00302360625938, -0.0052964091301, 0.0174458455294, -0.00371880084276, 0.00344300316647, -0.00397137645632, -0.000151867323439, 0.000541503715795], [-0.000900857849047, 0.000931470189244, -0.00102680292912, 0.00240619620308, -0.00161927635781, 0.000471548322821, -0.00239068223163, -0.00371880084276, 0.0133147807792, -0.010357234627, 0.00525928149, -0.000715859234333, -0.00124057498761], [0.000442105869297, 0.00116592610721, -0.000926497217733, -0.000548406736925, 0.00102355470881, -3.62178288924e-005, 0.000574744015466, 0.00344300316647, -0.010357234627, 0.0200638603419, -0.0119092836976, 0.00460865255445, -0.000954876246396], [3.94804992538e-005, -0.00182777072769, 0.00229466124438, 0.00240154517815, 0.00146318506449, 0.00112836284097, -0.000818989530671, -0.00397137645632, 0.00525928149, -0.0119092836976, 0.0228354390711, -0.0109411254525, 0.00441928626969], [0.000185387252714, 0.00239212624729, -0.00114697823301, 0.0014160486171, -0.00041372270789, 0.000824003480375, 0.000643620442133, -0.000151867323439, -0.000715859234333, 0.00460865255445, -0.0109411254525, 0.0212265383452, -0.0083065610379], [-4.39613359049e-005, 0.000273739395197, 0.00264661782421, 0.00136326637585, 0.00122077693231, -0.000615628436208, -0.00298748165369, 0.000541503715795, -0.00124057498761, -0.000954876246396, 0.00441928626969, -0.0083065610379, 0.0178668498993]]
    },
    "melbands": {
        "mean": [6.25609982308e-006, 0.00010289279453, 9.9656303064e-005, 0.000104236321931, 9.62484846241e-005, 0.000221248497837, 0.00133713253308, 0.000794755411334, 0.000102920399513, 0.000145553131006, 0.000198128429474, 0.000193679705262, 7.63829884818e-005, 6.44550673314e-005, 4.01452198275e-005, 6.3349820266e-005, 2.11764181586e-005, 1.86219476745e-005, 2.12741324503e-005, 1.54104200192e-005, 8.16136707726e-006, 2.3088297894e-005, 1.43683810165e-005, 2.84821362584e-006, 1.02006310954e-006, 7.12229223154e-007, 4.83103747229e-007, 3.82896615747e-007, 4.50059047807e-007, 7.41820969097e-008, 3.01327673924e-008, 1.88043358662e-008, 1.37557041313e-008, 7.18283255097e-009, 1.34774857941e-008, 6.88461376797e-009, 5.04926722655e-009, 8.11876166296e-009, 1.74698366884e-009, 2.57101739898e-009],
        "var": [1.29194779874e-010, 6.75411726547e-008, 3.57625609126e-008, 3.329353504e-008, 2.12656221521e-008, 2.29973039723e-007, 8.04990759207e-006, 4.53932443634e-006, 2.29637624471e-008, 1.17759761054e-007, 2.45950445787e-007, 1.98753838276e-007, 1.74523613339e-008, 3.51974094315e-008, 1.09724078712e-008, 8.22604651063e-009, 2.399295429e-009, 3.05432990011e-009, 2.86898460544e-009, 1.33912403388e-009, 9.26208332253e-010, 6.31574037513e-009, 8.09222111542e-009, 1.17011123013e-010, 8.27891488003e-012, 3.88228208262e-012, 1.67787333506e-012, 1.65681834571e-012, 5.6086632734e-012, 7.74509783022e-014, 9.64761548373e-015, 4.13132823782e-015, 1.46305978688e-015, 4.57007574026e-016, 6.19144873784e-015, 1.12379863343e-015, 7.032945266e-016, 2.59370678757e-015, 4.51909779025e-017, 2.19780234394e-016]
    },
    "mfcc": {
        "mean": [-815.254577637, 200.548095703, -41.0748786926, -25.0197067261, -14.566827774, -20.2186965942, -9.79959487915, -9.04861354828, -11.2792844772, -3.02334022522, 0.787664890289, 1.97710025311, 1.83024477959],
        "cov": [[6333.22119141, 428.500671387, -2264.01806641, 1235.7010498, 679.483581543, 282.95980835, 61.3738746643, 118.949264526, 361.173828125, 131.942962646, -426.717529297, -211.482925415, -147.356231689], [428.500671387, 1918.07788086, 520.237487793, -437.017486572, -80.9623947144, -74.9737548828, -91.6761627197, -293.229278564, -215.109054565, -39.1916732788, 84.9954910278, -15.5184907913, 39.5949363708], [-2264.01806641, 520.237487793, 1877.0703125, -365.379272461, -325.591003418, -71.606918335, -53.6926002502, -171.485870361, -256.982147217, -74.2639083862, 197.739120483, 116.844451904, -70.0499725342], [1235.7010498, -437.017486572, -365.379272461, 848.30682373, 304.406402588, 117.091575623, 159.453292847, 135.895111084, 87.4750900269, 16.6603755951, -103.619606018, -126.579284668, -268.373474121], [679.483581543, -80.9623947144, -325.591003418, 304.406402588, 294.616973877, 80.7843017578, 73.7090072632, 74.1278381348, 35.5213775635, 5.5383439064, -49.9294013977, -73.171081543, -144.614730835], [282.95980835, -74.9737548828, -71.606918335, 117.091575623, 80.7843017578, 152.259994507, 38.5279426575, 14.9510068893, 75.8611755371, 27.8592948914, -51.8768310547, -39.0815200806, -34.7149085999], [61.3738746643, -91.6761627197, -53.6926002502, 159.453292847, 73.7090072632, 38.5279426575, 165.219467163, 76.0217590332, -19.7268257141, -16.4444046021, -25.9870796204, -62.9813079834, -102.491882324], [118.949264526, -293.229278564, -171.485870361, 135.895111084, 74.1278381348, 14.9510068893, 76.0217590332, 139.964202881, 60.2536201477, -4.695063591, -29.5745887756, -26.0742950439, -50.7962646484], [361.173828125, -215.109054565, -256.982147217, 87.4750900269, 35.5213775635, 75.8611755371, -19.7268257141, 60.2536201477, 240.888931274, 105.386207581, -68.5927810669, 4.81285619736, 78.9715194702], [131.942962646, -39.1916732788, -74.2639083862, 16.6603755951, 5.5383439064, 27.8592948914, -16.4444046021, -4.695063591, 105.386207581, 130.357513428, 0.557818591595, -9.79303264618, 65.8703689575], [-426.717529297, 84.9954910278, 197.739120483, -103.619606018, -49.9294013977, -51.8768310547, -25.9870796204, -29.5745887756, -68.5927810669, 0.557818591595, 127.904464722, 64.2231445313, 4.81433343887], [-211.482925415, -15.5184907913, 116.844451904, -126.579284668, -73.171081543, -39.0815200806, -62.9813079834, -26.0742950439, 4.81285619736, -9.79303264618, 64.2231445313, 168.153533936, 105.308853149], [-147.356231689, 39.5949363708, -70.0499725342, -268.373474121, -144.614730835, -34.7149085999, -102.491882324, -50.7962646484, 78.9715194702, 65.8703689575, 4.81433343887, 105.308853149, 296.745147705]],
        "icov": [[0.00120401964523, -0.00133609608747, 0.00148524809629, -0.00186527008191, 0.00102701294236, -0.00151770166121, 0.00205397442915, -0.00202548061498, 0.00182630401105, -0.00221192091703, 0.00299394060858, -0.00240648631006, 0.000935896416195], [-0.00133609608747, 0.00246446067467, -0.00184159644414, 0.00253265281208, -0.00211918889545, 0.00236787437461, -0.00302093476057, 0.00470803584903, -0.00258308788761, 0.00310130231082, -0.00365247251466, 0.00341273727827, -0.00128260243218], [0.00148524809629, -0.00184159644414, 0.00287895929068, -0.00222348538227, 0.00277931825258, -0.00269543612376, 0.00271002040245, -0.00266312947497, 0.00310684880242, -0.00349184754305, 0.00341363740154, -0.00392635539174, 0.00245754281059], [-0.00186527008191, 0.00253265281208, -0.00222348538227, 0.00576494121924, -0.00315867341124, 0.00272591924295, -0.00433964654803, 0.00404836283997, -0.00353911612183, 0.00253924820572, -0.00337262405083, 0.00311705749482, 0.00072512292536], [0.00102701294236, -0.00211918889545, 0.00277931825258, -0.00315867341124, 0.0101075116545, -0.00501028448343, 0.0036315980833, -0.00605531828478, 0.00430443743244, -0.00487330788746, 0.00344228674658, -0.0040850979276, 0.00447967369109], [-0.00151770166121, 0.00236787437461, -0.00269543612376, 0.00272591924295, -0.00501028448343, 0.0139332562685, -0.00662636198103, 0.00865198392421, -0.00834887288511, 0.00479086441919, -0.00258834240958, 0.0044305101037, -0.00123183859978], [0.00205397442915, -0.00302093476057, 0.00271002040245, -0.00433964654803, 0.0036315980833, -0.00662636198103, 0.0164312124252, -0.0129570541903, 0.00902121514082, -0.00717965466902, 0.00693935202435, -0.0038993738126, 0.00305397785269], [-0.00202548061498, 0.00470803584903, -0.00266312947497, 0.00404836283997, -0.00605531828478, 0.00865198392421, -0.0129570541903, 0.0257867071778, -0.0133951362222, 0.0114440135658, -0.00858951546252, 0.00679480377585, -0.00184875063132], [0.00182630401105, -0.00258308788761, 0.00310684880242, -0.00353911612183, 0.00430443743244, -0.00834887288511, 0.00902121514082, -0.0133951362222, 0.0197056382895, -0.015777811408, 0.0121944453567, -0.00888658221811, 0.00194204051513], [-0.00221192091703, 0.00310130231082, -0.00349184754305, 0.00253924820572, -0.00487330788746, 0.00479086441919, -0.00717965466902, 0.0114440135658, -0.015777811408, 0.0250396393239, -0.0154183078557, 0.0127306208014, -0.00800230354071], [0.00299394060858, -0.00365247251466, 0.00341363740154, -0.00337262405083, 0.00344228674658, -0.00258834240958, 0.00693935202435, -0.00858951546252, 0.0121944453567, -0.0154183078557, 0.0257136356086, -0.0147970188409, 0.00704213604331], [-0.00240648631006, 0.00341273727827, -0.00392635539174, 0.00311705749482, -0.0040850979276, 0.0044305101037, -0.0038993738126, 0.00679480377585, -0.00888658221811, 0.0127306208014, -0.0147970188409, 0.0190633814782, -0.00840046256781], [0.000935896416195, -0.00128260243218, 0.00245754281059, 0.00072512292536, 0.00447967369109, -0.00123183859978, 0.00305397785269, -0.00184875063132, 0.00194204051513, -0.00800230354071, 0.00704213604331, -0.00840046256781, 0.0121454382315]]
    },
    "spectral_contrast_coeffs": {
        "mean": [-0.651278495789, -0.630490005016, -0.658622026443, -0.68667858839, -0.750296831131, -0.801723659039],
        "var": [0.0121865691617, 0.0187609698623, 0.0114029683173, 0.00555660389364, 0.00492398720235, 0.00281398999505]
    },
    "spectral_contrast_valleys": {
        "mean": [-9.55000400543, -7.77460193634, -8.41369152069, -9.3890914917, -10.2374763489, -13.5416593552],
        "var": [1.51733803749, 2.19237565994, 2.05454397202, 2.05174565315, 1.68854808807, 0.703750133514]
    }
},
"metadata": {
    "audio_properties": {
        "analysis_sample_rate": 44100,
        "bit_rate": 99732,
        "equal_loudness": 0,
        "length": 45.0873451233,
        "lossless": 0,
        "replay_gain": -8.56319999695,
        "sample_rate": 44100,
        "codec": "mp3",
        "downmix": "mix",
        "md5_encoded": "2de3c150982da0183e86e5018f3e2f7a"
    },
    "tags": {
        "file_name": "173.mp3"
    },
    "version": {
        "essentia": "2.1-beta2",
        "essentia_git_sha": "v2.1_beta2",
        "extractor": "music 1.0"
    }
},
"rhythm": {
    "beats_count": 75,
    "beats_loudness": {
        "mean": 0.0151823945343,
        "var": 0.000316265563015
    },
    "bpm": 90.9801712036,
    "bpm_histogram_first_peak_bpm": {
        "mean": 92,
        "var": 0
    },
    "bpm_histogram_first_peak_spread": {
        "mean": 0.53125,
        "var": 0
    },
    "bpm_histogram_first_peak_weight": {
        "mean": 0.202702701092,
        "var": 0
    },
    "bpm_histogram_second_peak_bpm": {
        "mean": 115,
        "var": 0
    },
    "bpm_histogram_second_peak_spread": {
        "mean": 0.47058826685,
        "var": 0
    },
    "bpm_histogram_second_peak_weight": {
        "mean": 0.121621623635,
        "var": 0
    },
    "danceability": 0.701118767262,
    "onset_rate": 0.731630086899,
    "beats_loudness_band_ratio": {
        "mean": [0.0691066980362, 0.144683912396, 0.497371733189, 0.249983161688, 0.0796596482396, 0.00433082645759],
        "var": [0.0131870834157, 0.0128414323553, 0.0561881959438, 0.0257167704403, 0.0187351480126, 9.65021390584e-005]
    },
    "beats_position": [0.603718817234, 1.21904754639, 1.84598636627, 2.47292518616, 3.14630389214, 3.8196823597, 4.48145103455, 5.15482997894, 5.8282084465, 6.46675729752, 7.10530614853, 7.75546455383, 8.38240337372, 9.03256225586, 9.67111110687, 10.3096599579, 10.9946479797, 11.6796369553, 12.3414058685, 13.0031747818, 13.6533327103, 14.3034915924, 14.9536504745, 15.6038093567, 16.2539672852, 16.904127121, 17.5542850494, 18.1115646362, 18.6804523468, 19.2493419647, 19.760181427, 20.2710208893, 20.8282985687, 21.3739681244, 21.9312477112, 22.4536952972, 22.9761447906, 23.4985942841, 23.9978218079, 24.4854412079, 24.9730606079, 25.4722900391, 25.9715194702, 26.470746994, 26.9699764252, 27.4692058563, 27.9800453186, 28.5837631226, 29.1526527405, 29.7215423584, 30.290430069, 30.870929718, 31.4514274597, 32.0203170776, 32.6008148193, 33.1232643127, 33.6573219299, 34.1913833618, 34.725440979, 35.2594985962, 35.7935600281, 36.3160095215, 36.8384590149, 37.3609046936, 37.883354187, 38.4058036804, 39.0211334229, 39.6364631653, 40.2982292175, 40.9599990845, 41.6333770752, 42.3067550659, 42.9801368713, 43.6535148621, 44.3152809143]
},
"tonal": {
    "chords_changes_rate": 0.0617283955216,
    "chords_number_rate": 0.0164609048516,
    "chords_strength": {
        "mean": 0.441681534052,
        "var": 0.0120359119028
    },
    "hpcp_entropy": {
        "mean": 1.54785251617,
        "var": 0.836481869221
    },
    "key_strength": 0.307117730379,
    "tuning_diatonic_strength": 0.197819381952,
    "tuning_equal_tempered_deviation": 0.0137846590951,
    "tuning_frequency": 441.782684326,
    "tuning_nontempered_energy_ratio": 0.621458053589,
    "hpcp": {
        "mean": [0.276655107737, 0.194251671433, 0.101445704699, 0.116908051074, 0.0713789910078, 0.179933026433, 0.304930388927, 0.166382208467, 0.1290756464, 0.221967190504, 0.127908796072, 0.086058549583, 0.131091967225, 0.0768747553229, 0.0732521489263, 0.10269125551, 0.071821026504, 0.094795383513, 0.123860672116, 0.0676346048713, 0.0572028942406, 0.0900742188096, 0.0574590414762, 0.0992925614119, 0.230007514358, 0.164988577366, 0.0932291895151, 0.141411215067, 0.0822710171342, 0.0702679380774, 0.108157433569, 0.0770166218281, 0.155325725675, 0.282380670309, 0.18109023571, 0.143235549331],
        "var": [0.16363067925, 0.0743030980229, 0.0340065993369, 0.0554796643555, 0.0194447897375, 0.0617888607085, 0.177164405584, 0.0668754354119, 0.0385249517858, 0.111740075052, 0.0347266532481, 0.0223096664995, 0.0536657273769, 0.0167980492115, 0.0182966347784, 0.0339779220521, 0.0147012006491, 0.0238863676786, 0.0376465320587, 0.0141633357853, 0.0175326764584, 0.034210883081, 0.00751505279914, 0.0196927003562, 0.110902242362, 0.0553117021918, 0.0185942016542, 0.0462528094649, 0.0157056543976, 0.0188288204372, 0.0425765514374, 0.020252969116, 0.0504522249103, 0.141549631953, 0.084788993001, 0.0334094278514]
    },
    "chords_histogram": [0, 0, 8.33333301544, 5.04115247726, 0.720164597034, 2.57201647758, 4.93827152252, 5.04115247726, 0.617283940315, 10.6995887756, 2.98353910446, 3.70370364189, 0.514403283596, 3.39506173134, 2.98353910446, 1.02880656719, 20.1646099091, 3.08641982079, 0, 0.925925910473, 5.96707820892, 0.308641970158, 12.8600826263, 4.11522626877],
    "thpcp": [1, 0.54563999176, 0.42329543829, 0.727927446365, 0.419468849897, 0.282223582268, 0.429907858372, 0.252105921507, 0.240225806832, 0.336769491434, 0.235532537103, 0.310875475407, 0.406193256378, 0.221803426743, 0.187593281269, 0.295392721891, 0.188433304429, 0.325623691082, 0.754295170307, 0.541069626808, 0.305739253759, 0.463749170303, 0.269802629948, 0.230439275503, 0.354695498943, 0.252571165562, 0.509380936623, 0.926049590111, 0.593874037266, 0.46973195672, 0.907272994518, 0.637036144733, 0.332684785128, 0.383392602205, 0.234082907438, 0.590079009533],
    "chords_key": "F",
    "chords_scale": "minor",
    "key_key": "A",
    "key_scale": "minor"
}
}