{
"lowlevel": {
    "average_loudness": 0.948889374733,
    "barkbands_crest": {
        "mean": 10.3972444534,
        "var": 11.1851787567
    },
    "barkbands_flatness_db": {
        "mean": 0.229105636477,
        "var": 0.00404507853091
    },
    "barkbands_kurtosis": {
        "mean": 4.99018621445,
        "var": 49.4495544434
    },
    "barkbands_skewness": {
        "mean": 1.24965512753,
        "var": 1.19795119762
    },
    "barkbands_spread": {
        "mean": 9.05996894836,
        "var": 22.5120391846
    },
    "dissonance": {
        "mean": 0.42398801446,
        "var": 0.00250982516445
    },
    "dynamic_complexity": 1.80181968212,
    "erbbands_crest": {
        "mean": 12.3882780075,
        "var": 16.4811096191
    },
    "erbbands_flatness_db": {
        "mean": 0.235186442733,
        "var": 0.00369380763732
    },
    "erbbands_kurtosis": {
        "mean": 5.78471469879,
        "var": 43.0892486572
    },
    "erbbands_skewness": {
        "mean": 1.3802844286,
        "var": 0.84923517704
    },
    "erbbands_spread": {
        "mean": 18.955947876,
        "var": 197.264038086
    },
    "hfc": {
        "mean": 15.3646554947,
        "var": 98.1478500366
    },
    "melbands_crest": {
        "mean": 13.9152526855,
        "var": 19.7095127106
    },
    "melbands_flatness_db": {
        "mean": 0.31842276454,
        "var": 0.00617181463167
    },
    "melbands_kurtosis": {
        "mean": 7.79665184021,
        "var": 124.193984985
    },
    "melbands_skewness": {
        "mean": 1.56066119671,
        "var": 1.78621828556
    },
    "melbands_spread": {
        "mean": 10.4096059799,
        "var": 32.9927444458
    },
    "pitch_salience": {
        "mean": 0.539193809032,
        "var": 0.0100721837953
    },
    "silence_rate_20dB": {
        "mean": 1,
        "var": 0
    },
    "silence_rate_30dB": {
        "mean": 0.983007192612,
        "var": 0.0167038552463
    },
    "silence_rate_60dB": {
        "mean": 0.00205973233096,
        "var": 0.00205552810803
    },
    "spectral_centroid": {
        "mean": 654.183227539,
        "var": 67723.359375
    },
    "spectral_complexity": {
        "mean": 13.0417098999,
        "var": 40.6909332275
    },
    "spectral_decrease": {
        "mean": -1.06805737587e-008,
        "var": 4.29962625966e-017
    },
    "spectral_energy": {
        "mean": 0.0417045466602,
        "var": 0.000646279193461
    },
    "spectral_energyband_high": {
        "mean": 0.00015033800446,
        "var": 5.85175250478e-008
    },
    "spectral_energyband_low": {
        "mean": 0.017949944362,
        "var": 0.000313231052132
    },
    "spectral_energyband_middle_high": {
        "mean": 0.00240345601924,
        "var": 1.33498615469e-005
    },
    "spectral_energyband_middle_low": {
        "mean": 0.0226609725505,
        "var": 0.000226753298193
    },
    "spectral_entropy": {
        "mean": 6.73237800598,
        "var": 0.377794772387
    },
    "spectral_flux": {
        "mean": 0.0944150537252,
        "var": 0.00234192609787
    },
    "spectral_kurtosis": {
        "mean": 15.6783714294,
        "var": 388.240203857
    },
    "spectral_rms": {
        "mean": 0.00611074175686,
        "var": 3.34631590704e-006
    },
    "spectral_rolloff": {
        "mean": 592.383666992,
        "var": 230307.25
    },
    "spectral_skewness": {
        "mean": 2.62645435333,
        "var": 2.15539073944
    },
    "spectral_spread": {
        "mean": 2857345,
        "var": 2.22270246093e+012
    },
    "spectral_strongpeak": {
        "mean": 0.935954749584,
        "var": 0.767023861408
    },
    "zerocrossingrate": {
        "mean": 0.0256327539682,
        "var": 0.000213612205698
    },
    "barkbands": {
        "mean": [0.000400836375775, 0.0111405001953, 0.00536438496783, 0.00181192508899, 0.00243579060771, 0.00487504852936, 0.00575868086889, 0.00440859189257, 0.00268348050304, 0.000996778253466, 0.000415351329139, 0.000351464317646, 0.000207018209039, 0.000113818590762, 0.000136888891575, 9.9074197351e-005, 0.000104153943539, 0.000116103474284, 9.46324798861e-005, 7.58020105422e-005, 5.06128526467e-005, 2.57362808043e-005, 1.8676977561e-005, 9.42700262385e-006, 4.96664688399e-006, 4.72732972412e-006, 1.58266288963e-007],
        "var": [3.60784582654e-007, 0.00014533365902, 6.96827992215e-005, 1.27610683194e-005, 1.07011555883e-005, 3.92979491153e-005, 3.58791694453e-005, 3.08411363221e-005, 1.2269752915e-005, 6.84021642883e-006, 8.90110868568e-007, 5.02482464526e-007, 1.47826710872e-007, 5.30287742606e-008, 5.32347534943e-008, 3.07140304301e-008, 4.88389346742e-008, 6.100283656e-008, 2.90169310802e-008, 1.78192696154e-008, 6.47949560673e-009, 3.06671799066e-009, 2.52707499371e-009, 3.31704774759e-010, 5.08191710935e-010, 4.39579733724e-010, 1.24669404574e-012]
    },
    "erbbands": {
        "mean": [0.26172080636, 2.70112681389, 6.47792720795, 6.38868093491, 5.93862104416, 8.97601032257, 20.3784599304, 37.9969215393, 74.6207351685, 84.3895797729, 112.902946472, 64.2675018311, 43.3307800293, 15.3651771545, 15.0061063766, 16.1099205017, 9.45537376404, 6.14548063278, 6.15071105957, 6.6634311676, 5.80899715424, 6.13798856735, 5.87869644165, 4.94755363464, 4.59751033783, 3.7475528717, 2.57751274109, 1.53257119656, 1.05572545528, 0.691832780838, 0.422961503267, 0.24189285934, 0.139689385891, 0.05113530159, 0.0367066636682, 0.0206062048674, 0.00905717350543, 0.00145085493568, 4.91039718327e-005, 4.75854212709e-005],
        "var": [0.112850449979, 8.6233663559, 82.7004470825, 123.115631104, 78.6724319458, 210.762207031, 728.887878418, 2473.77929688, 7610.40478516, 9018.11035156, 17875.8320313, 6128.83398438, 9079.09667969, 1119.0612793, 949.196044922, 1087.55297852, 322.807373047, 152.930450439, 104.016357422, 152.829864502, 91.2606124878, 172.217086792, 113.375305176, 79.4842681885, 64.8664398193, 41.4073219299, 17.3724861145, 7.41743850708, 5.25913238525, 3.1376543045, 0.650370121002, 0.202043667436, 0.0736103877425, 0.0178142916411, 0.0526723861694, 0.0161991864443, 0.00110735022463, 3.25745604641e-005, 1.44250957845e-008, 8.09807554347e-010]
    },
    "gfcc": {
        "mean": [-45.0250434875, 161.417556763, -102.986328125, 24.3502864838, -60.8799171448, -8.18806934357, -19.9486656189, 8.04801082611, -1.31878733635, 5.44844865799, -2.55921077728, -5.22839546204, -11.4773778915],
        "cov": [[4332.76855469, -1207.62145996, -583.62701416, 647.020812988, -349.135253906, 406.736022949, -14.297870636, 150.191329956, -290.51260376, -56.6104774475, -222.176864624, -13.1444501877, -175.253952026], [-1207.62145996, 1141.12438965, 161.8959198, -336.379455566, 198.544692993, -145.965515137, 153.206283569, -129.426513672, 166.105224609, -87.0481491089, 205.50958252, -87.8803024292, 136.805801392], [-583.62701416, 161.8959198, 580.463989258, -108.66784668, 63.3662147522, -21.8913040161, -15.3368587494, 34.8641052246, 65.0668487549, 106.71987915, -16.4020843506, 44.484161377, -62.0630531311], [647.020812988, -336.379455566, -108.66784668, 648.387695313, 36.6489944458, 26.8920974731, -11.0841064453, -65.3413238525, -54.8358612061, -26.8504638672, 16.9737682343, -26.5684356689, 13.6878213882], [-349.135253906, 198.544692993, 63.3662147522, 36.6489944458, 412.092102051, -110.950523376, -80.6832427979, -8.92630004883, 15.3336362839, 6.382625103, -29.9408683777, 82.8389282227, 20.7961864471], [406.736022949, -145.965515137, -21.8913040161, 26.8920974731, -110.950523376, 303.152984619, 93.4034805298, 33.2889633179, -13.8395862579, -13.7776432037, 18.049987793, -51.4141311646, -11.8545446396], [-14.297870636, 153.206283569, -15.3368587494, -11.0841064453, -80.6832427979, 93.4034805298, 269.178161621, 31.9593086243, 23.1577072144, -34.6906509399, 43.0509567261, -71.2895355225, -5.39316177368], [150.191329956, -129.426513672, 34.8641052246, -65.3413238525, -8.92630004883, 33.2889633179, 31.9593086243, 168.997360229, 37.9930343628, 8.52241230011, -72.0504302979, 11.2043142319, -37.4174957275], [-290.51260376, 166.105224609, 65.0668487549, -54.8358612061, 15.3336362839, -13.8395862579, 23.1577072144, 37.9930343628, 177.718994141, 28.8238582611, 7.26127386093, -52.9909553528, 10.0488777161], [-56.6104774475, -87.0481491089, 106.71987915, -26.8504638672, 6.382625103, -13.7776432037, -34.6906509399, 8.52241230011, 28.8238582611, 143.168060303, -11.2470369339, 23.6710262299, -33.4674377441], [-222.176864624, 205.50958252, -16.4020843506, 16.9737682343, -29.9408683777, 18.049987793, 43.0509567261, -72.0504302979, 7.26127386093, -11.2470369339, 188.354904175, 3.61553955078, 82.5005950928], [-13.1444501877, -87.8803024292, 44.484161377, -26.5684356689, 82.8389282227, -51.4141311646, -71.2895355225, 11.2043142319, -52.9909553528, 23.6710262299, 3.61553955078, 173.561782837, 35.7988510132], [-175.253952026, 136.805801392, -62.0630531311, 13.6878213882, 20.7961864471, -11.8545446396, -5.39316177368, -37.4174957275, 10.0488777161, -33.4674377441, 82.5005950928, 35.7988510132, 131.300216675]],
        "icov": [[0.000642600702122, -0.00100391451269, 0.00094296579482, -0.00118662940804, 0.00105364539195, -0.00111428753007, 0.000825361232273, -0.00123006640933, 0.000900215411093, -0.000756021589041, 0.00102561037056, -0.00121184729505, 0.00131340592634], [-0.00100391451269, 0.00957258883864, -0.00424177572131, 0.00653627607971, -0.00662712519988, 0.00518110627308, -0.00587890343741, 0.00732670957223, -0.00491448771209, 0.00639067403972, -0.00670350668952, 0.0077857458964, -0.00654213409871], [0.00094296579482, -0.00424177572131, 0.0046390411444, -0.00312679028139, 0.00297923386097, -0.00292404927313, 0.00266857468523, -0.00356802460738, 0.00160513084847, -0.00396755570546, 0.00283705559559, -0.00475098751485, 0.0049325353466], [-0.00118662940804, 0.00653627607971, -0.00312679028139, 0.00665068766102, -0.00519543094561, 0.00383165222593, -0.00412607891485, 0.00590416695923, -0.00321262632497, 0.00437598954886, -0.00487711606547, 0.00616165297106, -0.00513782911003], [0.00105364539195, -0.00662712519988, 0.00297923386097, -0.00519543094561, 0.00797266513109, -0.00325794471428, 0.00443864706904, -0.00492248497903, 0.00276246783324, -0.00394202303141, 0.00562619464472, -0.00716685689986, 0.00468650925905], [-0.00111428753007, 0.00518110627308, -0.00292404927313, 0.00383165222593, -0.00325794471428, 0.00761752156541, -0.0042833997868, 0.00321571552195, -0.00210292474367, 0.00336663378403, -0.00450086500496, 0.00562135828659, -0.00440854206681], [0.000825361232273, -0.00587890343741, 0.00266857468523, -0.00412607891485, 0.00443864706904, -0.0042833997868, 0.00886588171124, -0.00627147220075, 0.00319251650944, -0.00288827880286, 0.00232493504882, -0.00325098610483, 0.00485078431666], [-0.00123006640933, 0.00732670957223, -0.00356802460738, 0.00590416695923, -0.00492248497903, 0.00321571552195, -0.00627147220075, 0.0154438009486, -0.00724063301459, 0.00567204412073, -0.00165548874065, 0.00307265669107, -0.00416193343699], [0.000900215411093, -0.00491448771209, 0.00160513084847, -0.00321262632497, 0.00276246783324, -0.00210292474367, 0.00319251650944, -0.00724063301459, 0.0118615087122, -0.00574344815686, 0.0030133749824, 0.000777807668783, 0.000378827389795], [-0.000756021589041, 0.00639067403972, -0.00396755570546, 0.00437598954886, -0.00394202303141, 0.00336663378403, -0.00288827880286, 0.00567204412073, -0.00574344815686, 0.0138210924342, -0.0052510984242, 0.00288913492113, -0.00109904562123], [0.00102561037056, -0.00670350668952, 0.00283705559559, -0.00487711606547, 0.00562619464472, -0.00450086500496, 0.00232493504882, -0.00165548874065, 0.0030133749824, -0.0052510984242, 0.0145825399086, -0.00631547905505, -0.000480680289911], [-0.00121184729505, 0.0077857458964, -0.00475098751485, 0.00616165297106, -0.00716685689986, 0.00562135828659, -0.00325098610483, 0.00307265669107, 0.000777807668783, 0.00288913492113, -0.00631547905505, 0.017433071509, -0.010340988636], [0.00131340592634, -0.00654213409871, 0.0049325353466, -0.00513782911003, 0.00468650925905, -0.00440854206681, 0.00485078431666, -0.00416193343699, 0.000378827389795, -0.00109904562123, -0.000480680289911, -0.010340988636, 0.019738027826]]
    },
    "melbands": {
        "mean": [0.00279631093144, 0.00357801187783, 0.0011126215104, 0.000509231816977, 0.000628888083156, 0.000979220261797, 0.00118956656661, 0.000873657001648, 0.000919658166822, 0.000362222985132, 0.000207181175938, 5.80311352678e-005, 5.29334429302e-005, 3.99358723371e-005, 3.80458950531e-005, 1.36965363708e-005, 1.12831858132e-005, 9.61635578278e-006, 1.01305713542e-005, 7.57289990361e-006, 6.62723596179e-006, 6.49693856758e-006, 5.7429942899e-006, 5.14566954735e-006, 3.7966851778e-006, 3.83127053283e-006, 2.80433732769e-006, 2.39722157858e-006, 1.73887576693e-006, 1.0416938494e-006, 8.49976458994e-007, 5.63448338653e-007, 4.94832761433e-007, 4.0224350073e-007, 2.53178768617e-007, 1.99815616497e-007, 1.26660822275e-007, 1.04793429045e-007, 7.11579630774e-008, 3.21956719063e-008],
        "var": [1.01721980172e-005, 1.72549080162e-005, 3.18181264447e-006, 6.3934373884e-007, 5.90187482885e-007, 1.63731021985e-006, 1.64803930147e-006, 1.00236979961e-006, 1.22700521388e-006, 2.17805336433e-007, 2.32027844049e-007, 1.91842506325e-008, 1.41055318537e-008, 6.49728981728e-009, 4.62572646853e-009, 9.05707620014e-010, 5.29720156628e-010, 2.78641165696e-010, 3.35861394252e-010, 1.98307065213e-010, 1.272621869e-010, 2.24048238295e-010, 1.01869762625e-010, 2.10575834547e-010, 4.66961434797e-011, 4.70679120679e-011, 2.58905119566e-011, 1.89833773701e-011, 8.7340638194e-012, 3.1322557395e-012, 2.46011370997e-012, 1.16821840829e-012, 2.37657137893e-012, 2.18408797992e-012, 2.80859157546e-013, 1.24858240066e-013, 6.02536954792e-014, 4.04391689406e-014, 2.53553671521e-014, 1.01401651426e-014]
    },
    "mfcc": {
        "mean": [-691.721191406, 187.014678955, 12.4726877213, 35.2524795532, -10.7998371124, -4.05494737625, -9.33110141754, 1.78974854946, -1.38305950165, 11.327999115, 6.61036491394, 12.3042011261, 4.90339612961],
        "cov": [[4552.07080078, -1663.2388916, -385.831756592, 146.574768066, -258.308746338, 203.427124023, 260.952331543, 217.830978394, -35.0204277039, 56.3015670776, -131.936050415, -77.3449859619, -146.358184814], [-1663.2388916, 1363.83825684, 92.099281311, -207.084121704, 67.18699646, -103.939842224, -59.759513855, -27.7894001007, 30.7825546265, -4.9952545166, 73.6903991699, 19.3820209503, 57.4799919128], [-385.831756592, 92.099281311, 482.142150879, -79.1425247192, -77.4884719849, 30.3166790009, 8.98095321655, -16.2909889221, -10.5780448914, 78.1936187744, 93.6486816406, 29.5395412445, 4.57199764252], [146.574768066, -207.084121704, -79.1425247192, 528.401245117, 136.598464966, 50.9946098328, -16.4772663116, -31.6906814575, -21.2828578949, -39.8826904297, -72.0433120728, 38.810333252, 5.09124088287], [-258.308746338, 67.18699646, -77.4884719849, 136.598464966, 384.09765625, 23.2877845764, -83.7995834351, -34.9999046326, 6.76135396957, -88.9566192627, -35.0741577148, -3.7963218689, 49.5317497253], [203.427124023, -103.939842224, 30.3166790009, 50.9946098328, 23.2877845764, 183.108459473, 72.3015670776, -6.00878334045, -23.0020809174, 14.4710855484, -12.4944677353, 6.35900115967, 14.0654125214], [260.952331543, -59.759513855, 8.98095321655, -16.4772663116, -83.7995834351, 72.3015670776, 219.190078735, 60.9176902771, -20.6968593597, -14.5560617447, -12.9331626892, 2.01749229431, 0.5113889575], [217.830978394, -27.7894001007, -16.2909889221, -31.6906814575, -34.9999046326, -6.00878334045, 60.9176902771, 166.677047729, 54.5975151062, 13.5440177917, -7.48619031906, -4.00352954865, -25.1864871979], [-35.0204277039, 30.7825546265, -10.5780448914, -21.2828578949, 6.76135396957, -23.0020809174, -20.6968593597, 54.5975151062, 127.88306427, 65.3073883057, 32.1243286133, 2.83414053917, -17.1152858734], [56.3015670776, -4.9952545166, 78.1936187744, -39.8826904297, -88.9566192627, 14.4710855484, -14.5560617447, 13.5440177917, 65.3073883057, 169.177062988, 86.0046463013, 19.0923976898, -44.9952354431], [-131.936050415, 73.6903991699, 93.6486816406, -72.0433120728, -35.0741577148, -12.4944677353, -12.9331626892, -7.48619031906, 32.1243286133, 86.0046463013, 117.098724365, 28.497795105, -12.4897050858], [-77.3449859619, 19.3820209503, 29.5395412445, 38.810333252, -3.7963218689, 6.35900115967, 2.01749229431, -4.00352954865, 2.83414053917, 19.0923976898, 28.497795105, 78.5702667236, 17.2938766479], [-146.358184814, 57.4799919128, 4.57199764252, 5.09124088287, 49.5317497253, 14.0654125214, 0.5113889575, -25.1864871979, -17.1152858734, -44.9952354431, -12.4897050858, 17.2938766479, 90.1383895874]],
        "icov": [[0.000527955708094, 0.000559470849112, 0.00039117273991, 5.8171688579e-005, 0.000134932357469, -0.000244299910264, -0.000199123445782, -0.000519950233866, 0.000381589896278, -0.000370700785425, 5.04159324919e-005, 0.000236678519286, 0.00014615690452], [0.000559470849112, 0.00147872976959, 0.000288577604806, 0.000399796961574, -0.000141574681038, 0.000236146166571, -0.000273052573903, -0.00041442507063, 0.000258448999375, -0.000339507038007, -0.000229108845815, 6.43441890134e-005, -0.000309562252369], [0.00039117273991, 0.000288577604806, 0.00295874266885, 9.80180921033e-005, 0.000479757291032, -0.000786187592894, 5.13975573995e-005, -0.000570535892621, 0.00116201722994, -0.000711251457687, -0.00188825314399, 0.000118615826068, -0.000423942226917], [5.8171688579e-005, 0.000399796961574, 9.80180921033e-005, 0.00279331719503, -0.00106451008469, -0.000187696787179, -0.000134077621624, 0.000548724958207, 0.000113582405902, -0.000699346594047, 0.00227495329455, -0.00231514894404, 0.000876964943018], [0.000134932357469, -0.000141574681038, 0.000479757291032, -0.00106451008469, 0.00456101447344, -0.00201019574888, 0.00210576248355, -0.00015677214833, -0.00172837637365, 0.00349668459967, -0.00183771655429, 0.000915068900213, -0.000916135089938], [-0.000244299910264, 0.000236146166571, -0.000786187592894, -0.000187696787179, -0.00201019574888, 0.00856084562838, -0.00346760591492, 0.00102463096846, 0.00167862069793, -0.0041522779502, 0.00251017929986, -0.000124034937471, -0.00180442852434], [-0.000199123445782, -0.000273052573903, 5.13975573995e-005, -0.000134077621624, 0.00210576248355, -0.00346760591492, 0.00759604154155, -0.00279743294232, 0.000621480518021, 0.00269686384127, -0.00140246993396, -0.000142684497405, -0.00028775219107], [-0.000519950233866, -0.00041442507063, -0.000570535892621, 0.000548724958207, -0.00015677214833, 0.00102463096846, -0.00279743294232, 0.00965194124728, -0.00509371934459, 0.00101198849734, 0.00202467665076, -0.00125538883731, 0.00211643171497], [0.000381589896278, 0.000258448999375, 0.00116201722994, 0.000113582405902, -0.00172837637365, 0.00167862069793, 0.000621480518021, -0.00509371934459, 0.0140769882128, -0.00697257881984, -0.000299550243653, 0.000922005798202, -0.00137562979944], [-0.000370700785425, -0.000339507038007, -0.000711251457687, -0.000699346594047, 0.00349668459967, -0.0041522779502, 0.00269686384127, 0.00101198849734, -0.00697257881984, 0.0172647573054, -0.00912890769541, -0.000888676324394, 0.00488397339359], [5.04159324919e-005, -0.000229108845815, -0.00188825314399, 0.00227495329455, -0.00183771655429, 0.00251017929986, -0.00140246993396, 0.00202467665076, -0.000299550243653, -0.00912890769541, 0.0195031426847, -0.00541861820966, 0.000515232153703], [0.000236678519286, 6.43441890134e-005, 0.000118615826068, -0.00231514894404, 0.000915068900213, -0.000124034937471, -0.000142684497405, -0.00125538883731, 0.000922005798202, -0.000888676324394, -0.00541861820966, 0.0172174461186, -0.00468811765313], [0.00014615690452, -0.000309562252369, -0.000423942226917, 0.000876964943018, -0.000916135089938, -0.00180442852434, -0.00028775219107, 0.00211643171497, -0.00137562979944, 0.00488397339359, 0.000515232153703, -0.00468811765313, 0.016026366502]]
    },
    "spectral_contrast_coeffs": {
        "mean": [-0.672900080681, -0.671090602875, -0.735017418861, -0.791959881783, -0.811586022377, -0.748454272747],
        "var": [0.00497929798439, 0.00499936193228, 0.00645247008651, 0.00236086221412, 0.00168180605397, 0.00210507307202]
    },
    "spectral_contrast_valleys": {
        "mean": [-6.7991437912, -6.03633260727, -7.62481164932, -8.25191020966, -8.22801780701, -11.612613678],
        "var": [0.582926034927, 0.679555058479, 0.900616884232, 0.869094669819, 1.17614543438, 1.16128778458]
    }
},
"metadata": {
    "audio_properties": {
        "analysis_sample_rate": 44100,
        "bit_rate": 128074,
        "equal_loudness": 0,
        "length": 45.0612258911,
        "lossless": 0,
        "replay_gain": -5.97728919983,
        "sample_rate": 44100,
        "codec": "mp3",
        "downmix": "mix",
        "md5_encoded": "e12355def8a3192d289d3cad3a55e225"
    },
    "tags": {
        "file_name": "1730.mp3"
    },
    "version": {
        "essentia": "2.1-beta2",
        "essentia_git_sha": "v2.1_beta2",
        "extractor": "music 1.0"
    }
},
"rhythm": {
    "beats_count": 119,
    "beats_loudness": {
        "mean": 0.0551057904959,
        "var": 0.000554039375857
    },
    "bpm": 161.49899292,
    "bpm_histogram_first_peak_bpm": {
        "mean": 161,
        "var": 0
    },
    "bpm_histogram_first_peak_spread": {
        "mean": 0.333333343267,
        "var": 0
    },
    "bpm_histogram_first_peak_weight": {
        "mean": 0.661016941071,
        "var": 0
    },
    "bpm_histogram_second_peak_bpm": {
        "mean": 152,
        "var": 0
    },
    "bpm_histogram_second_peak_spread": {
        "mean": 0,
        "var": 0
    },
    "bpm_histogram_second_peak_weight": {
        "mean": 0.00847457628697,
        "var": 0
    },
    "danceability": 1.24664890766,
    "onset_rate": 5.27932262421,
    "beats_loudness_band_ratio": {
        "mean": [0.447383105755, 0.23840507865, 0.33615142107, 0.0581364706159, 0.014953777194, 0.00775719573721],
        "var": [0.0403485149145, 0.0193811766803, 0.029514182359, 0.00565796904266, 0.000284149718937, 8.9802495495e-005]
    },
    "beats_position": [0.371519267559, 0.754648506641, 1.13777780533, 1.50929701328, 1.89242625237, 2.26394557953, 2.6470746994, 3.01859402657, 3.39011335373, 3.76163268089, 4.14476203918, 4.52789115906, 4.8994102478, 5.27092981339, 5.64244890213, 6.01396799088, 6.38548755646, 6.7570066452, 7.14013576508, 7.52326536179, 7.89478445053, 8.26630401611, 8.63782310486, 9.02095222473, 9.4040813446, 9.77560043335, 10.1471195221, 10.5186395645, 10.8901586533, 11.261677742, 11.6448068619, 12.0279359818, 12.3994560242, 12.7709751129, 13.1424942017, 13.5256233215, 13.8971424103, 14.268661499, 14.6517915726, 15.0233106613, 15.3948297501, 15.7663488388, 16.1494789124, 16.5326080322, 16.904127121, 17.2756462097, 17.6471652985, 18.0186843872, 18.390203476, 18.7617225647, 19.1448516846, 19.5163707733, 19.8994998932, 20.2710208893, 20.642539978, 21.0256690979, 21.4087982178, 21.7803173065, 22.1518363953, 22.523355484, 22.8948745728, 23.2780036926, 23.6611328125, 24.0326519012, 24.40417099, 24.7756919861, 25.1472110748, 25.5187301636, 25.9018592834, 26.2849884033, 26.6565074921, 27.0280265808, 27.3995456696, 27.7710647583, 28.1541938782, 28.537322998, 28.9088420868, 29.2803630829, 29.6518821716, 30.0234012604, 30.4065303802, 30.778049469, 31.1611785889, 31.5326976776, 31.9042167664, 32.2757377625, 32.6472549438, 33.0303840637, 33.4135131836, 33.7850341797, 34.1565513611, 34.5280723572, 34.9112014771, 35.2827186584, 35.6658477783, 36.0373687744, 36.4088897705, 36.7804069519, 37.151927948, 37.5350570679, 37.9181861877, 38.2897033691, 38.6612243652, 39.0327415466, 39.4042625427, 39.7757797241, 40.1589126587, 40.5420417786, 40.91355896, 41.2850799561, 41.6565971375, 42.0397262573, 42.4228553772, 42.7943763733, 43.1658935547, 43.5374145508, 43.9089317322, 44.3036727905, 44.6868019104]
},
"tonal": {
    "chords_changes_rate": 0.0761316865683,
    "chords_number_rate": 0.00925925932825,
    "chords_strength": {
        "mean": 0.510144293308,
        "var": 0.00681725656614
    },
    "hpcp_entropy": {
        "mean": 2.14396572113,
        "var": 0.396098613739
    },
    "key_strength": 0.656981229782,
    "tuning_diatonic_strength": 0.539463102818,
    "tuning_equal_tempered_deviation": 0.0783685669303,
    "tuning_frequency": 445.627075195,
    "tuning_nontempered_energy_ratio": 0.765367746353,
    "hpcp": {
        "mean": [0.0672510415316, 0.0808835998178, 0.226842716336, 0.332681328058, 0.187271237373, 0.0837720856071, 0.11194498837, 0.171114355326, 0.242892220616, 0.189122453332, 0.0838587209582, 0.0583444572985, 0.0475053265691, 0.0721183568239, 0.210177183151, 0.246094301343, 0.166265025735, 0.262052297592, 0.272913277149, 0.107021331787, 0.0376212969422, 0.0387660637498, 0.0905050560832, 0.178864866495, 0.159352734685, 0.0680609121919, 0.0333372540772, 0.0367806218565, 0.0835206210613, 0.317260563374, 0.444297373295, 0.218898445368, 0.0621422715485, 0.0563286654651, 0.0507608428597, 0.0602944418788],
        "var": [0.0350808240473, 0.0314549803734, 0.0630221217871, 0.0962792783976, 0.0350211150944, 0.033190369606, 0.0510673113167, 0.0775236561894, 0.114336825907, 0.0643827021122, 0.0226429793984, 0.0271450281143, 0.0208845175803, 0.0175353623927, 0.0730643123388, 0.0906446799636, 0.0483627952635, 0.0949186310172, 0.0919014364481, 0.021953471005, 0.0155322412029, 0.0147927710786, 0.0278333574533, 0.0645162239671, 0.04978800565, 0.0175326094031, 0.00988769344985, 0.0135739808902, 0.0263112504035, 0.0963929966092, 0.119923338294, 0.0386466793716, 0.0214184485376, 0.0208567455411, 0.0205993372947, 0.0296129416674]
    },
    "chords_histogram": [18.3127574921, 29.0123462677, 0, 0.720164597034, 0, 2.26337456703, 0, 1.33744859695, 4.93827152252, 10.1851854324, 0.102880656719, 3.39506173134, 5.45267486572, 0, 0, 0, 0, 0, 0, 0, 0, 0, 0, 24.2798347473],
    "thpcp": [1, 0.492684543133, 0.139866396785, 0.126781448722, 0.114249706268, 0.13570740819, 0.151364937425, 0.182048335671, 0.510565042496, 0.748780786991, 0.421499758959, 0.18854957819, 0.251959592104, 0.385134756565, 0.546688377857, 0.42566639185, 0.188744574785, 0.131318479776, 0.106922365725, 0.162320017815, 0.47305521369, 0.55389547348, 0.374220132828, 0.589812815189, 0.614258110523, 0.240877702832, 0.084675937891, 0.0872525125742, 0.203703790903, 0.402579158545, 0.358662337065, 0.153187736869, 0.0750336498022, 0.0827837958932, 0.187983602285, 0.714072585106],
    "chords_key": "G",
    "chords_scale": "minor",
    "key_key": "D#",
    "key_scale": "major"
}
}