{
"lowlevel": {
    "average_loudness": 0.347731471062,
    "barkbands_crest": {
        "mean": 9.36282920837,
        "var": 10.5263290405
    },
    "barkbands_flatness_db": {
        "mean": 0.241410061717,
        "var": 0.00239991722628
    },
    "barkbands_kurtosis": {
        "mean": 1.08693706989,
        "var": 8.02593612671
    },
    "barkbands_skewness": {
        "mean": 1.01694595814,
        "var": 0.538831651211
    },
    "barkbands_spread": {
        "mean": 10.5934867859,
        "var": 16.5624198914
    },
    "dissonance": {
        "mean": 0.438129484653,
        "var": 0.00133028742857
    },
    "dynamic_complexity": 3.26853322983,
    "erbbands_crest": {
        "mean": 9.71922397614,
        "var": 10.6773061752
    },
    "erbbands_flatness_db": {
        "mean": 0.270189255476,
        "var": 0.00127094774507
    },
    "erbbands_kurtosis": {
        "mean": 0.163753703237,
        "var": 1.32774746418
    },
    "erbbands_skewness": {
        "mean": -0.267757803202,
        "var": 0.263887584209
    },
    "erbbands_spread": {
        "mean": 17.8424434662,
        "var": 34.0547103882
    },
    "hfc": {
        "mean": 14.5433444977,
        "var": 1201.79418945
    },
    "melbands_crest": {
        "mean": 13.5613737106,
        "var": 21.5227775574
    },
    "melbands_flatness_db": {
        "mean": 0.338758140802,
        "var": 0.00446125725284
    },
    "melbands_kurtosis": {
        "mean": 3.78581476212,
        "var": 36.2710227966
    },
    "melbands_skewness": {
        "mean": 1.68164122105,
        "var": 0.973072350025
    },
    "melbands_spread": {
        "mean": 13.9021539688,
        "var": 48.7051010132
    },
    "pitch_salience": {
        "mean": 0.583249866962,
        "var": 0.00956758577377
    },
    "silence_rate_20dB": {
        "mean": 1,
        "var": 0
    },
    "silence_rate_30dB": {
        "mean": 0.970648825169,
        "var": 0.0284894499928
    },
    "silence_rate_60dB": {
        "mean": 0.00102986616548,
        "var": 0.00102881784551
    },
    "spectral_centroid": {
        "mean": 599.421020508,
        "var": 86385.3046875
    },
    "spectral_complexity": {
        "mean": 13.4665288925,
        "var": 29.5640277863
    },
    "spectral_decrease": {
        "mean": -6.12629724728e-009,
        "var": 5.2575371432e-017
    },
    "spectral_energy": {
        "mean": 0.0244411509484,
        "var": 0.000914316100534
    },
    "spectral_energyband_high": {
        "mean": 0.000139361363836,
        "var": 1.30610987981e-006
    },
    "spectral_energyband_low": {
        "mean": 0.00569904781878,
        "var": 2.0330411644e-005
    },
    "spectral_energyband_middle_high": {
        "mean": 0.00630238093436,
        "var": 0.000227957832976
    },
    "spectral_energyband_middle_low": {
        "mean": 0.0135021759197,
        "var": 0.000303398264805
    },
    "spectral_entropy": {
        "mean": 6.63257789612,
        "var": 0.0980454161763
    },
    "spectral_flux": {
        "mean": 0.0787840262055,
        "var": 0.00143716414459
    },
    "spectral_kurtosis": {
        "mean": 28.0996799469,
        "var": 271.722381592
    },
    "spectral_rms": {
        "mean": 0.00443050451577,
        "var": 4.21562754127e-006
    },
    "spectral_rolloff": {
        "mean": 863.469482422,
        "var": 313460.875
    },
    "spectral_skewness": {
        "mean": 3.47949361801,
        "var": 1.07254528999
    },
    "spectral_spread": {
        "mean": 1641359.625,
        "var": 1.31638938829e+012
    },
    "spectral_strongpeak": {
        "mean": 0.837621867657,
        "var": 1.72731649876
    },
    "zerocrossingrate": {
        "mean": 0.027213005349,
        "var": 0.000185514305485
    },
    "barkbands": {
        "mean": [8.41601067805e-005, 0.00159897014964, 0.00310423178598, 0.00152838602662, 0.00488934433088, 0.00102024583612, 0.00199820706621, 0.00123745098244, 0.00214449432679, 0.0019092625007, 0.00111742073204, 0.00154483888764, 0.000565804191865, 0.000558361061849, 0.000379417237127, 0.000196506953216, 0.000176560817636, 0.000130373242428, 7.90292178863e-005, 6.4619933255e-005, 4.77540706925e-005, 3.87339459849e-005, 1.78417267307e-005, 6.15285034655e-006, 2.67061409431e-006, 3.30329726239e-007, 1.55662878143e-008],
        "var": [1.51256323022e-008, 4.00094631914e-006, 8.14187114884e-006, 3.11329813485e-006, 4.20571377617e-005, 3.73320472136e-006, 2.21369045903e-005, 1.99175829039e-005, 8.19724446046e-005, 4.27387785749e-005, 1.60974559549e-005, 7.38760854802e-006, 4.92304116051e-006, 4.2601595851e-006, 3.79604466616e-006, 1.11157464744e-006, 9.15650673505e-007, 8.14028965124e-007, 3.48947310158e-007, 2.7096609756e-007, 1.52619890059e-007, 1.2113876835e-007, 2.90887278709e-008, 3.26004712115e-009, 5.97497606947e-010, 2.27725715889e-012, 2.03694927848e-015]
    },
    "erbbands": {
        "mean": [0.0399566963315, 0.412134230137, 2.8931016922, 5.22072315216, 11.0582818985, 17.2273979187, 10.1285638809, 8.14796257019, 21.7708187103, 36.2383575439, 23.2889080048, 38.9149246216, 75.7815628052, 53.4202613831, 55.662147522, 46.9407234192, 25.9156856537, 31.7936191559, 17.9889183044, 19.3878726959, 14.0762214661, 9.82260036469, 7.15003633499, 4.8490986824, 3.75489115715, 2.69821190834, 2.11753106117, 1.86065852642, 1.46384620667, 1.01110267639, 0.389900296926, 0.162814989686, 0.0876370072365, 0.0461289472878, 0.0108534563333, 0.0024273886811, 0.000434382876847, 7.39743045415e-005, 1.43422121255e-005, 2.8210986784e-005],
        "var": [0.00647004321218, 0.181918904185, 6.9988822937, 21.7089138031, 207.298629761, 718.430541992, 252.046737671, 423.512939453, 1495.60351563, 12582.4335938, 5880.10058594, 17311.875, 82887.8515625, 33704.0234375, 12794.9453125, 6684.99316406, 8483.36621094, 13037.7529297, 4487.70068359, 10557.5605469, 5731.95458984, 2821.21289063, 2370.17456055, 1039.8190918, 928.045043945, 401.742889404, 284.407165527, 245.528762817, 169.863723755, 80.2555923462, 12.7919235229, 2.35335636139, 0.668279349804, 0.188532993197, 0.00862994417548, 0.000181797920959, 3.80751112061e-006, 7.93482541894e-008, 6.12235762087e-010, 1.42478195908e-009]
    },
    "gfcc": {
        "mean": [-101.24180603, 203.423675537, -126.886367798, -8.63807010651, -30.4888839722, 4.15498733521, -20.0232009888, -3.28509998322, -24.1855068207, -16.2173480988, -8.85500717163, -7.44865608215, -4.24840641022],
        "cov": [[4981.45361328, -1729.78271484, -650.15447998, 293.886352539, -825.147338867, 417.256896973, -380.638000488, 79.7222137451, 72.3829498291, 351.424621582, -330.944580078, 5.27470874786, -58.9915542603], [-1729.78271484, 1148.15930176, 276.416137695, -282.423217773, 358.813415527, -280.809112549, 194.434204102, -86.633140564, -6.82260513306, -196.452453613, 165.306335449, -54.8769607544, 38.5763626099], [-650.15447998, 276.416137695, 267.921386719, -44.8355560303, 66.0249176025, -42.4355201721, 31.4506111145, -11.5496921539, -37.3459129333, -55.58776474, 35.6291389465, -1.70834457874, -0.241889551282], [293.886352539, -282.423217773, -44.8355560303, 253.220321655, 8.3781003952, 86.9272918701, -7.8815870285, 32.4499397278, 8.75097751617, 18.8057880402, -11.9284973145, 34.2116088867, -5.26486539841], [-825.147338867, 358.813415527, 66.0249176025, 8.3781003952, 315.248626709, -68.9706726074, 107.064041138, -12.9845571518, -4.07795810699, -79.5142822266, 63.0897865295, 3.74034404755, 3.92039132118], [417.256896973, -280.809112549, -42.4355201721, 86.9272918701, -68.9706726074, 140.380279541, -42.9551734924, 26.9999523163, -7.26459169388, 48.1797370911, -40.9696273804, 12.8336992264, -4.01105356216], [-380.638000488, 194.434204102, 31.4506111145, -7.8815870285, 107.064041138, -42.9551734924, 111.863540649, 6.75753641129, 7.42868423462, -52.116558075, 36.1480712891, 6.25753927231, 4.00342416763], [79.7222137451, -86.633140564, -11.5496921539, 32.4499397278, -12.9845571518, 26.9999523163, 6.75753641129, 65.9328384399, 11.6389055252, 11.5292434692, -11.8675889969, 6.55799484253, -0.946469962597], [72.3829498291, -6.82260513306, -37.3459129333, 8.75097751617, -4.07795810699, -7.26459169388, 7.42868423462, 11.6389055252, 57.3441314697, 24.3324127197, 3.06874632835, -1.78368854523, 1.36516058445], [351.424621582, -196.452453613, -55.58776474, 18.8057880402, -79.5142822266, 48.1797370911, -52.116558075, 11.5292434692, 24.3324127197, 92.128112793, -18.5626792908, 11.1090230942, -10.9126758575], [-330.944580078, 165.306335449, 35.6291389465, -11.9284973145, 63.0897865295, -40.9696273804, 36.1480712891, -11.8675889969, 3.06874632835, -18.5626792908, 69.8282546997, 11.8764429092, 5.6835026741], [5.27470874786, -54.8769607544, -1.70834457874, 34.2116088867, 3.74034404755, 12.8336992264, 6.25753927231, 6.55799484253, -1.78368854523, 11.1090230942, 11.8764429092, 53.4083557129, 6.29389953613], [-58.9915542603, 38.5763626099, -0.241889551282, -5.26486539841, 3.92039132118, -4.01105356216, 4.00342416763, -0.946469962597, 1.36516058445, -10.9126758575, 5.6835026741, 6.29389953613, 34.6159858704]],
        "icov": [[0.0007601903053, -0.000455038389191, 0.00132069131359, -0.000759410497267, 0.00144970894326, -0.000697408104315, 0.000464572251076, 8.17522886791e-005, -1.4363239643e-005, -0.000514450133778, 0.00178347562905, -0.000422881712439, 0.0010222819401], [-0.000455038389191, 0.0105449417606, -0.00581324659288, 0.00722484383732, -0.0059504378587, 0.00496801687405, -0.00377749092877, 0.00405589444563, -0.00492248591036, 0.00634018145502, -0.0106957359239, 0.00695196259767, -0.00698630744591], [0.00132069131359, -0.00581324659288, 0.00960093643516, -0.00396795291454, 0.00474623311311, -0.003331231419, 0.0028893861454, -0.0025604297407, 0.00479885190725, -0.00193192157894, 0.00578669318929, -0.00422899564728, 0.00588543293998], [-0.000759410497267, 0.00722484383732, -0.00396795291454, 0.0113406311721, -0.00576443085447, -0.000494609354064, -0.00151851039845, 0.00135663175024, -0.0054346062243, 0.00699579250067, -0.00866762828082, 0.00131319859065, -0.00323614873923], [0.00144970894326, -0.0059504378587, 0.00474623311311, -0.00576443085447, 0.010848056525, -0.00292749586515, -0.00088026560843, -0.00105804437771, 0.00244100624695, -0.00198856671341, 0.00583567703143, -0.00371719594114, 0.00575783895329], [-0.000697408104315, 0.00496801687405, -0.003331231419, -0.000494609354064, -0.00292749586515, 0.0171223394573, -0.00227452628314, -0.000973671034444, 0.00368870282546, -0.00364133063704, -0.00101022655144, 0.00368080148473, -0.00606819242239], [0.000464572251076, -0.00377749092877, 0.0028893861454, -0.00151851039845, -0.00088026560843, -0.00227452628314, 0.0202937461436, -0.00536998873577, -0.00432581920177, 0.00745628448203, 0.00024428855977, -0.00640287110582, 0.00577815854922], [8.17522886791e-005, 0.00405589444563, -0.0025604297407, 0.00135663175024, -0.00105804437771, -0.000973671034444, -0.00536998873577, 0.0204936731607, -0.00562352966517, 0.00141262018587, -0.000462487485493, 0.00155009352602, -0.00254256580956], [-1.4363239643e-005, -0.00492248591036, 0.00479885190725, -0.0054346062243, 0.00244100624695, 0.00368870282546, -0.00432581920177, -0.00562352966517, 0.0297117084265, -0.0156109575182, 0.00375481997617, 0.00235515809618, -0.00197215611115], [-0.000514450133778, 0.00634018145502, -0.00193192157894, 0.00699579250067, -0.00198856671341, -0.00364133063704, 0.00745628448203, 0.00141262018587, -0.0156109575182, 0.0310140661895, -0.0101218037307, -0.003290776629, 0.00474084448069], [0.00178347562905, -0.0106957359239, 0.00578669318929, -0.00866762828082, 0.00583567703143, -0.00101022655144, 0.00024428855977, -0.000462487485493, 0.00375481997617, -0.0101218037307, 0.0363223217428, -0.0120912604034, 0.00575785292313], [-0.000422881712439, 0.00695196259767, -0.00422899564728, 0.00131319859065, -0.00371719594114, 0.00368080148473, -0.00640287110582, 0.00155009352602, 0.00235515809618, -0.003290776629, -0.0120912604034, 0.0296397283673, -0.01120161172], [0.0010222819401, -0.00698630744591, 0.00588543293998, -0.00323614873923, 0.00575783895329, -0.00606819242239, 0.00577815854922, -0.00254256580956, -0.00197215611115, 0.00474084448069, 0.00575785292313, -0.01120161172, 0.0385356917977]]
    },
    "melbands": {
        "mean": [0.000382027239539, 0.00120750977658, 0.000999319017865, 0.00115320831537, 0.000419435062213, 0.000190927297808, 0.000358913501259, 0.000383887731005, 0.000163828677614, 0.00029332190752, 0.000384245242458, 0.000217116088606, 0.000170694387634, 0.000209283592994, 4.5141823648e-005, 6.82054233039e-005, 5.69197363802e-005, 2.87183738692e-005, 2.94792826026e-005, 1.68176575244e-005, 1.64635475812e-005, 1.12875823106e-005, 7.10897074896e-006, 4.89755439048e-006, 3.87512909583e-006, 2.81315442408e-006, 2.57043029706e-006, 1.58244472459e-006, 1.40454699249e-006, 1.1991573956e-006, 1.0047200476e-006, 8.69717666774e-007, 6.95097867265e-007, 5.09486937972e-007, 2.37172159245e-007, 1.36849195087e-007, 8.02052042559e-008, 6.21605380502e-008, 5.27243635418e-008, 3.44047883516e-008],
        "var": [3.68889288893e-007, 1.11497490707e-006, 6.78514879837e-007, 2.91901983474e-006, 4.12563252894e-007, 1.88859374362e-007, 4.42022013658e-007, 1.36305334308e-006, 2.58625675542e-007, 1.31214778776e-006, 2.16682678911e-006, 5.86006422054e-007, 1.95452855678e-007, 1.32415593157e-007, 1.11648370549e-008, 8.54270609807e-008, 4.59608280323e-008, 1.43315439516e-008, 3.12710639605e-008, 6.10499517606e-009, 8.77941985777e-009, 4.05952782501e-009, 3.05919001242e-009, 7.89136034296e-010, 7.49333983752e-010, 5.7037990997e-010, 4.11322836902e-010, 1.36182620736e-010, 1.239576497e-010, 1.07296130314e-010, 7.31374821816e-011, 6.4373263664e-011, 3.80592085625e-011, 2.15016650318e-011, 4.79073941975e-012, 1.75881314721e-012, 5.51334639835e-013, 3.45852090456e-013, 2.37534682678e-013, 1.09396941104e-013]
    },
    "mfcc": {
        "mean": [-742.141967773, 232.729873657, -19.3407554626, 1.73995268345, 6.94616794586, 2.06982111931, 10.894115448, 9.5100774765, 0.180169999599, -9.3715429306, -5.07647275925, -0.376026570797, -2.82787132263],
        "cov": [[4469.69287109, -1563.09094238, -488.06362915, -6.37755537033, -513.335205078, 292.002441406, -408.249603271, -228.139190674, 110.342193604, 197.323699951, 114.292533875, -190.350662231, -49.0514831543], [-1563.09094238, 1052.29504395, 202.454452515, -112.968025208, 138.205673218, -171.242355347, 125.786949158, 34.3008575439, -63.1461143494, -73.8150482178, -39.5438919067, 51.6738204956, -22.8404655457], [-488.06362915, 202.454452515, 191.399520874, 8.55692672729, 14.0123214722, -36.8556289673, 37.9400787354, 22.5254898071, -22.606924057, -39.9363250732, -13.6976270676, 25.5686664581, 4.4106593132], [-6.37755537033, -112.968025208, 8.55692672729, 138.423858643, 55.9962501526, 24.3537731171, 23.7558727264, 38.340171814, 12.9925537109, -10.382891655, -5.9894323349, 16.7855930328, 26.6378917694], [-513.335205078, 138.205673218, 14.0123214722, 55.9962501526, 171.555603027, -2.72934436798, 71.3009872437, 50.9285430908, -4.09152317047, -16.6068973541, -17.4912872314, 32.72315979, 15.7316970825], [292.002441406, -171.242355347, -36.8556289673, 24.3537731171, -2.72934436798, 97.7957611084, -10.6419553757, -12.3824586868, 13.5547170639, 8.30370044708, 8.57040596008, -10.8591003418, -2.92618608475], [-408.249603271, 125.786949158, 37.9400787354, 23.7558727264, 71.3009872437, -10.6419553757, 96.9490814209, 58.9465866089, -5.78146934509, -21.5205974579, -18.8207626343, 23.4060535431, 12.4213809967], [-228.139190674, 34.3008575439, 22.5254898071, 38.340171814, 50.9285430908, -12.3824586868, 58.9465866089, 84.3692016602, 17.0453548431, -13.4063835144, -15.2892389297, 16.153678894, 15.9393606186], [110.342193604, -63.1461143494, -22.606924057, 12.9925537109, -4.09152317047, 13.5547170639, -5.78146934509, 17.0453548431, 48.8889541626, 20.6693992615, 0.389409512281, -5.30005073547, -3.2526910305], [197.323699951, -73.8150482178, -39.9363250732, -10.382891655, -16.6068973541, 8.30370044708, -21.5205974579, -13.4063835144, 20.6693992615, 50.3711166382, 20.7011623383, -10.3979673386, -9.21327114105], [114.292533875, -39.5438919067, -13.6976270676, -5.9894323349, -17.4912872314, 8.57040596008, -18.8207626343, -15.2892389297, 0.389409512281, 20.7011623383, 38.9114875793, 5.38290262222, -2.15599155426], [-190.350662231, 51.6738204956, 25.5686664581, 16.7855930328, 32.72315979, -10.8591003418, 23.4060535431, 16.153678894, -5.30005073547, -10.3979673386, 5.38290262222, 48.8789749146, 26.3627948761], [-49.0514831543, -22.8404655457, 4.4106593132, 26.6378917694, 15.7316970825, -2.92618608475, 12.4213809967, 15.9393606186, -3.2526910305, -9.21327114105, -2.15599155426, 26.3627948761, 50.9231948853]],
        "icov": [[0.00104539340828, 0.000519352790434, 0.00119489850476, -0.000532596430276, 0.00198757671751, -0.00134934310336, 0.0016739818966, -0.000360827223631, 0.000401962694013, -0.00112083356362, 0.000164794459124, 0.000575803569518, -4.0147893742e-005], [0.000519352790434, 0.0030580421444, -0.00102599174716, 0.00231738411821, -0.00142420490738, 0.00289147114381, -0.00165395776276, 0.00189234805293, -0.000737048685551, 0.00173774245195, -0.000568161369301, -0.000159088085638, 0.00149140134454], [0.00119489850476, -0.00102599174716, 0.00965829286724, -0.00296458485536, 0.00507185002789, -0.00162511039525, 0.00152092042845, -0.00181549042463, 0.00204604654573, 0.00165964604821, 0.000607506080996, -0.00261950935237, 0.00175486237276], [-0.000532596430276, 0.00231738411821, -0.00296458485536, 0.0133689232171, -0.0063171191141, 0.000853509292938, -0.000854014419019, -0.00158868404105, -0.00299461721443, 0.00421411124989, -0.00154351152014, 0.000204300900805, -0.00310389092192], [0.00198757671751, -0.00142420490738, 0.00507185002789, -0.0063171191141, 0.0161887127906, -0.00583151355386, 9.57761294558e-005, -0.00361701846123, 0.00403101416305, -0.00590138044208, 0.00450558029115, -0.00437783030793, 0.00156035670079], [-0.00134934310336, 0.00289147114381, -0.00162511039525, 0.000853509292938, -0.00583151355386, 0.019535779953, -0.00795027241111, 0.00802767835557, -0.00673133367673, 0.00778097193688, -0.00545785902068, 0.00231119757518, 0.00159232236911], [0.0016739818966, -0.00165395776276, 0.00152092042845, -0.000854014419019, 9.57761294558e-005, -0.00795027241111, 0.0310666188598, -0.0186739172786, 0.00935383979231, -0.00565271824598, 0.00685251643881, -0.00427691359073, 0.00104539375752], [-0.000360827223631, 0.00189234805293, -0.00181549042463, -0.00158868404105, -0.00361701846123, 0.00802767835557, -0.0186739172786, 0.0320106893778, -0.0164069607854, 0.00813184399158, -0.00249069207348, 0.00278008542955, -0.0035178209655], [0.000401962694013, -0.000737048685551, 0.00204604654573, -0.00299461721443, 0.00403101416305, -0.00673133367673, 0.00935383979231, -0.0164069607854, 0.0372440516949, -0.0193007923663, 0.0104598524049, -0.00450205709785, 0.00432815216482], [-0.00112083356362, 0.00173774245195, 0.00165964604821, 0.00421411124989, -0.00590138044208, 0.00778097193688, -0.00565271824598, 0.00813184399158, -0.0193007923663, 0.0437075681984, -0.0214771162719, 0.00620879139751, 0.00100675527938], [0.000164794459124, -0.000568161369301, 0.000607506080996, -0.00154351152014, 0.00450558029115, -0.00545785902068, 0.00685251643881, -0.00249069207348, 0.0104598524049, -0.0214771162719, 0.0440370179713, -0.0162896476686, 0.00514119630679], [0.000575803569518, -0.000159088085638, -0.00261950935237, 0.000204300900805, -0.00437783030793, 0.00231119757518, -0.00427691359073, 0.00278008542955, -0.00450205709785, 0.00620879139751, -0.0162896476686, 0.0417198762298, -0.0191905740649], [-4.0147893742e-005, 0.00149140134454, 0.00175486237276, -0.00310389092192, 0.00156035670079, 0.00159232236911, 0.00104539375752, -0.0035178209655, 0.00432815216482, 0.00100675527938, 0.00514119630679, -0.0191905740649, 0.0328060761094]]
    },
    "spectral_contrast_coeffs": {
        "mean": [-0.609197378159, -0.75087761879, -0.75864803791, -0.790944397449, -0.777814865112, -0.784473538399],
        "var": [0.00497621297836, 0.00563365221024, 0.0039765574038, 0.00373024656437, 0.00131550792139, 0.00105522293597]
    },
    "spectral_contrast_valleys": {
        "mean": [-7.13212347031, -6.63694047928, -6.74752998352, -8.06216907501, -9.1717376709, -12.7701692581],
        "var": [0.374009847641, 0.436132103205, 0.458573877811, 0.487254053354, 0.701293766499, 1.22479426861]
    }
},
"metadata": {
    "audio_properties": {
        "analysis_sample_rate": 44100,
        "bit_rate": 128074,
        "equal_loudness": 0,
        "length": 45.0612258911,
        "lossless": 0,
        "replay_gain": -5.34561729431,
        "sample_rate": 44100,
        "codec": "mp3",
        "downmix": "mix",
        "md5_encoded": "7eb80f547771e32ad042f3be7b07f700"
    },
    "tags": {
        "file_name": "1731.mp3"
    },
    "version": {
        "essentia": "2.1-beta2",
        "essentia_git_sha": "v2.1_beta2",
        "extractor": "music 1.0"
    }
},
"rhythm": {
    "beats_count": 107,
    "beats_loudness": {
        "mean": 0.0320717170835,
        "var": 0.00155791419093
    },
    "bpm": 148.215179443,
    "bpm_histogram_first_peak_bpm": {
        "mean": 148,
        "var": 0
    },
    "bpm_histogram_first_peak_spread": {
        "mean": 0.550000011921,
        "var": 0
    },
    "bpm_histogram_first_peak_weight": {
        "mean": 0.254716992378,
        "var": 0
    },
    "bpm_histogram_second_peak_bpm": {
        "mean": 157,
        "var": 0
    },
    "bpm_histogram_second_peak_spread": {
        "mean": 0.272727280855,
        "var": 0
    },
    "bpm_histogram_second_peak_weight": {
        "mean": 0.150943398476,
        "var": 0
    },
    "danceability": 1.16415739059,
    "onset_rate": 2.04074645042,
    "beats_loudness_band_ratio": {
        "mean": [0.409917742014, 0.25017863512, 0.217362985015, 0.186044991016, 0.0246428959072, 0.00452939700335],
        "var": [0.055104650557, 0.0220186859369, 0.0216146968305, 0.0115485591814, 0.00235434086062, 0.000242874390096]
    },
    "beats_position": [0.522448956966, 1.04489791393, 1.57895684242, 2.10140585899, 2.62385487556, 3.11147379875, 3.59909296036, 4.08671188354, 4.52789115906, 4.98067998886, 5.4334692955, 5.87464857101, 6.31582736969, 6.76861667633, 7.22140598297, 7.67419481277, 8.12698364258, 8.57977294922, 9.07900238037, 9.57823085785, 10.077460289, 10.4838094711, 10.8901586533, 11.3081178665, 11.7144670486, 12.1208162308, 12.5271654129, 12.933514595, 13.3398637772, 13.7462129593, 14.1525621414, 14.5589113235, 14.9652605057, 15.3716096878, 15.7779588699, 16.1843090057, 16.5790481567, 16.9737873077, 17.3685264587, 17.7748756409, 18.181224823, 18.575963974, 18.970703125, 19.3886623383, 19.8066215515, 20.2245807648, 20.642539978, 21.037279129, 21.43201828, 21.8383674622, 22.2447166443, 22.6394557953, 23.0341949463, 23.4289340973, 23.8236732483, 24.2184123993, 24.6131515503, 25.0078907013, 25.3910198212, 25.774148941, 26.168888092, 26.563627243, 26.9467563629, 27.3298854828, 27.7014045715, 28.0845336914, 28.4676647186, 28.8624038696, 29.2455329895, 29.6286621094, 30.0001811981, 30.3717002869, 30.7432193756, 31.1147384644, 31.4862575531, 31.869386673, 32.2525177002, 32.6356468201, 33.0187759399, 33.4135131836, 33.7966423035, 34.1913833618, 34.5745124817, 34.9576416016, 35.3407707214, 35.7355079651, 36.1418571472, 36.5482063293, 36.96616745, 37.3841247559, 37.790473938, 38.1968231201, 38.638004303, 39.0559616089, 39.4739227295, 39.8918800354, 40.3214492798, 40.7510185242, 41.1689796448, 41.5869369507, 42.0165061951, 42.4228553772, 42.8292045593, 43.2355537415, 43.6419029236, 44.0482521057, 44.4662132263]
},
"tonal": {
    "chords_changes_rate": 0.0668724253774,
    "chords_number_rate": 0.00925925932825,
    "chords_strength": {
        "mean": 0.474066466093,
        "var": 0.00891911890358
    },
    "hpcp_entropy": {
        "mean": 1.99933505058,
        "var": 0.543020427227
    },
    "key_strength": 0.544356644154,
    "tuning_diatonic_strength": 0.333920717239,
    "tuning_equal_tempered_deviation": 0.0705943033099,
    "tuning_frequency": 440.508636475,
    "tuning_nontempered_energy_ratio": 0.782746315002,
    "hpcp": {
        "mean": [0.22850163281, 0.1680803895, 0.101617000997, 0.109805673361, 0.161737412214, 0.22539703548, 0.250742018223, 0.218761563301, 0.188672751188, 0.159272089601, 0.112200848758, 0.143861442804, 0.236793637276, 0.185617178679, 0.13337507844, 0.173653960228, 0.13295583427, 0.0751758888364, 0.0494611188769, 0.0404706075788, 0.0535775907338, 0.0666338726878, 0.0865128934383, 0.136688128114, 0.112124279141, 0.0593954026699, 0.0838164687157, 0.112578257918, 0.145103171468, 0.276459753513, 0.367668509483, 0.278500586748, 0.199474468827, 0.161679193377, 0.122715912759, 0.175019517541],
        "var": [0.0991933047771, 0.0546493381262, 0.0334985293448, 0.0484850555658, 0.0756158307195, 0.0951537936926, 0.110606946051, 0.092103086412, 0.0774036124349, 0.0661129131913, 0.0413175672293, 0.0358306579292, 0.0635848864913, 0.0411741659045, 0.0244636870921, 0.0427258610725, 0.0274693388492, 0.0162724461406, 0.00966639164835, 0.00616124924272, 0.0118210660294, 0.0134704830125, 0.0112168285996, 0.0265369620174, 0.0211162343621, 0.00962327234447, 0.0236072614789, 0.0376211106777, 0.0470804311335, 0.0871973410249, 0.127241954207, 0.0813304781914, 0.0728396773338, 0.0671656504273, 0.0363814122975, 0.0757200717926]
    },
    "chords_histogram": [0.102880656719, 0, 24.5884780884, 10.9053497314, 2.98353910446, 1.23456788063, 2.05761313438, 0, 0, 20.4732513428, 0.823045253754, 17.5925922394, 0, 0, 0, 0, 0, 0, 0, 0, 0, 5.04115247726, 0.102880656719, 14.0946502686],
    "thpcp": [1, 0.757477402687, 0.542538881302, 0.439741760492, 0.333767801523, 0.476025313139, 0.621488153934, 0.457151979208, 0.276382118464, 0.298654019833, 0.439900100231, 0.613044142723, 0.681978523731, 0.594996750355, 0.513159930706, 0.433194816113, 0.305168509483, 0.391280293465, 0.644041121006, 0.504849255085, 0.362759053707, 0.472311228514, 0.361618757248, 0.204466491938, 0.134526386857, 0.110073633492, 0.145722538233, 0.181233555079, 0.235301345587, 0.3717700243, 0.304960250854, 0.161546066403, 0.227967500687, 0.306194990873, 0.394657611847, 0.751926660538],
    "chords_key": "F#",
    "chords_scale": "minor",
    "key_key": "B",
    "key_scale": "minor"
}
}