{
"lowlevel": {
    "average_loudness": 0.872533798218,
    "barkbands_crest": {
        "mean": 13.9183311462,
        "var": 25.6294212341
    },
    "barkbands_flatness_db": {
        "mean": 0.253736108541,
        "var": 0.00609922735021
    },
    "barkbands_kurtosis": {
        "mean": 15.6467161179,
        "var": 542.80255127
    },
    "barkbands_skewness": {
        "mean": 2.39064002037,
        "var": 3.80380225182
    },
    "barkbands_spread": {
        "mean": 8.89511680603,
        "var": 160.662460327
    },
    "dissonance": {
        "mean": 0.390552669764,
        "var": 0.00389536540024
    },
    "dynamic_complexity": 5.39945888519,
    "erbbands_crest": {
        "mean": 14.1416015625,
        "var": 28.96301651
    },
    "erbbands_flatness_db": {
        "mean": 0.248626068234,
        "var": 0.00348194106482
    },
    "erbbands_kurtosis": {
        "mean": 4.73603200912,
        "var": 59.9880142212
    },
    "erbbands_skewness": {
        "mean": 1.31721186638,
        "var": 1.75677740574
    },
    "erbbands_spread": {
        "mean": 24.0162372589,
        "var": 385.98638916
    },
    "hfc": {
        "mean": 10.8020200729,
        "var": 216.44744873
    },
    "melbands_crest": {
        "mean": 17.5002326965,
        "var": 37.6014022827
    },
    "melbands_flatness_db": {
        "mean": 0.322124004364,
        "var": 0.0103986123577
    },
    "melbands_kurtosis": {
        "mean": 23.5992412567,
        "var": 889.186157227
    },
    "melbands_skewness": {
        "mean": 2.88490724564,
        "var": 4.59769582748
    },
    "melbands_spread": {
        "mean": 12.26080513,
        "var": 577.623840332
    },
    "pitch_salience": {
        "mean": 0.541664421558,
        "var": 0.0258104838431
    },
    "silence_rate_20dB": {
        "mean": 1,
        "var": 0
    },
    "silence_rate_30dB": {
        "mean": 0.99794024229,
        "var": 0.00205551437102
    },
    "silence_rate_60dB": {
        "mean": 0.208547890186,
        "var": 0.165054529905
    },
    "spectral_centroid": {
        "mean": 768.564331055,
        "var": 686943.125
    },
    "spectral_complexity": {
        "mean": 6.77909374237,
        "var": 19.3760147095
    },
    "spectral_decrease": {
        "mean": -4.41156711162e-009,
        "var": 1.88923601675e-017
    },
    "spectral_energy": {
        "mean": 0.017630038783,
        "var": 0.000301654450595
    },
    "spectral_energyband_high": {
        "mean": 0.000193481115275,
        "var": 8.56528117765e-007
    },
    "spectral_energyband_low": {
        "mean": 0.00120636785869,
        "var": 9.52884965955e-006
    },
    "spectral_energyband_middle_high": {
        "mean": 0.00324434950016,
        "var": 5.53288773517e-005
    },
    "spectral_energyband_middle_low": {
        "mean": 0.0132779283449,
        "var": 0.000195396278286
    },
    "spectral_entropy": {
        "mean": 6.38960790634,
        "var": 0.646277964115
    },
    "spectral_flux": {
        "mean": 0.0442353487015,
        "var": 0.000949169043452
    },
    "spectral_kurtosis": {
        "mean": 15.3185796738,
        "var": 451.057769775
    },
    "spectral_rms": {
        "mean": 0.0036219926551,
        "var": 4.08118467021e-006
    },
    "spectral_rolloff": {
        "mean": 900.613647461,
        "var": 2464377
    },
    "spectral_skewness": {
        "mean": 2.601780653,
        "var": 2.59554696083
    },
    "spectral_spread": {
        "mean": 3370957.5,
        "var": 3.77042737562e+012
    },
    "spectral_strongpeak": {
        "mean": 1.22587347031,
        "var": 1.57487440109
    },
    "zerocrossingrate": {
        "mean": 0.0356007814407,
        "var": 0.00230633071624
    },
    "barkbands": {
        "mean": [5.28715754626e-005, 0.000191557701328, 0.000854409474414, 0.000387188949389, 0.00509857665747, 0.00331265595742, 0.000931722635869, 0.00233296793886, 0.00071454863064, 0.0013135895133, 0.000370755995391, 0.000680593133438, 0.000349049107172, 0.000337243895046, 0.000108076957986, 5.05805255671e-005, 8.15439925645e-005, 8.62337692524e-005, 9.88814936136e-005, 0.000116636125313, 1.65110577655e-005, 2.58373893303e-005, 5.90843483224e-005, 3.80910751119e-005, 1.55700545292e-005, 5.23566541233e-006, 3.98511197375e-008],
        "var": [2.37921369717e-007, 2.89038013079e-007, 6.4836826823e-006, 4.24383188147e-007, 6.87704887241e-005, 5.44572649233e-005, 6.22684365226e-006, 2.61636705545e-005, 4.71020484838e-006, 1.32325485538e-005, 1.40273004945e-006, 1.05131375676e-005, 2.42740065914e-006, 1.9675301246e-006, 1.77013419034e-007, 2.29143850561e-008, 8.93426843618e-008, 5.57945654123e-008, 8.57923865283e-008, 2.19708979898e-007, 5.13720088691e-009, 2.52163321335e-008, 1.34815707042e-007, 6.76154883195e-008, 1.43079148529e-008, 1.30427246781e-009, 4.7597962762e-014]
    },
    "erbbands": {
        "mean": [0.00180997385178, 0.0731277093291, 0.865506470203, 1.13719916344, 6.11374187469, 19.9540576935, 27.6064968109, 24.5919342041, 17.0529766083, 28.3206691742, 49.7869758606, 16.0878276825, 34.6740951538, 32.0947265625, 18.5048694611, 29.7042751312, 15.6179475784, 20.4471282959, 9.46604251862, 3.14177680016, 3.29673862457, 4.02898740768, 3.7833302021, 6.01450681686, 6.27363729477, 4.68748235703, 1.44176292419, 0.470395475626, 0.793623030186, 1.27250468731, 1.87593519688, 1.18279147148, 0.416287988424, 0.215259328485, 0.0886167138815, 0.0336873941123, 0.00756585085765, 0.000492757302709, 2.14409028558e-005, 2.12828563235e-005],
        "var": [5.00855603605e-005, 0.0468550696969, 7.23169660568, 2.31322288513, 150.923294067, 1615.80700684, 2031.91760254, 5678.36669922, 2126.17041016, 7532.18457031, 10398.8837891, 1358.35351563, 15588.9238281, 5645.14794922, 2788.79833984, 21664.4472656, 4500.62792969, 5855.25732422, 1481.54016113, 58.1001319885, 93.5759048462, 196.220199585, 91.1791152954, 200.784393311, 477.103729248, 284.363250732, 18.903842926, 9.51820468903, 24.5235309601, 57.0349845886, 155.782012939, 72.7773361206, 6.81959676743, 2.73714852333, 0.461604177952, 0.0590584911406, 0.00251750415191, 7.91314414528e-006, 5.31359800604e-009, 4.40873365593e-010]
    },
    "gfcc": {
        "mean": [-128.879943848, 130.148971558, -109.352867126, 15.5310316086, -68.3274459839, -7.63780164719, -44.2041282654, -6.36007022858, -32.9313697815, -17.2821426392, -7.7182393074, -10.7583332062, -10.9765424728],
        "cov": [[11220.8798828, -1794.33947754, -2565.35229492, -648.280151367, -1384.97424316, -100.027481079, -256.603729248, 216.510192871, -224.743911743, -144.820602417, 184.091430664, -207.503005981, -312.479766846], [-1794.33947754, 2287.07128906, 419.772888184, -440.220733643, 660.956237793, -306.541473389, 241.81918335, -212.748535156, 52.9079437256, -193.484710693, 108.289665222, -179.137207031, 124.23361969], [-2565.35229492, 419.772888184, 1480.62805176, 315.301025391, 266.019836426, 76.1671981812, -81.2167282104, -121.327957153, 116.408119202, 12.6554460526, -142.711196899, 158.042251587, 48.9438209534], [-648.280151367, -440.220733643, 315.301025391, 803.657592773, 195.437301636, 14.4881534576, -132.788574219, 58.112487793, 99.8661193848, 48.9129562378, -135.455322266, 142.257644653, 86.6796798706], [-1384.97424316, 660.956237793, 266.019836426, 195.437301636, 699.423278809, 35.7621688843, 49.8875389099, -22.4098052979, 41.8819351196, -12.3439741135, -59.2418251038, -7.94538593292, 139.144943237], [-100.027481079, -306.541473389, 76.1671981812, 14.4881534576, 35.7621688843, 485.38848877, 125.532440186, -15.6012649536, -55.5254364014, 87.7961120605, -26.2549324036, -4.54223823547, -45.9282493591], [-256.603729248, 241.81918335, -81.2167282104, -132.788574219, 49.8875389099, 125.532440186, 281.319702148, -32.965133667, -91.8851242065, 23.1571922302, 50.9970359802, -63.9270401001, -25.4525966644], [216.510192871, -212.748535156, -121.327957153, 58.112487793, -22.4098052979, -15.6012649536, -32.965133667, 182.049377441, 44.186290741, 0.698133349419, -15.3577842712, 12.5146512985, 2.98480772972], [-224.743911743, 52.9079437256, 116.408119202, 99.8661193848, 41.8819351196, -55.5254364014, -91.8851242065, 44.186290741, 194.241195679, -6.55213832855, -15.1872577667, 43.4000205994, 34.277469635], [-144.820602417, -193.484710693, 12.6554460526, 48.9129562378, -12.3439741135, 87.7961120605, 23.1571922302, 0.698133349419, -6.55213832855, 144.532714844, 11.3544960022, 1.23683094978, -3.55162501335], [184.091430664, 108.289665222, -142.711196899, -135.455322266, -59.2418251038, -26.2549324036, 50.9970359802, -15.3577842712, -15.1872577667, 11.3544960022, 153.069747925, -14.1348209381, -11.6994609833], [-207.503005981, -179.137207031, 158.042251587, 142.257644653, -7.94538593292, -4.54223823547, -63.9270401001, 12.5146512985, 43.4000205994, 1.23683094978, -14.1348209381, 188.316055298, 51.8463058472], [-312.479766846, 124.23361969, 48.9438209534, 86.6796798706, 139.144943237, -45.9282493591, -25.4525966644, 2.98480772972, 34.277469635, -3.55162501335, -11.6994609833, 51.8463058472, 150.4243927]],
        "icov": [[0.000210350874113, -4.23816600232e-005, 0.000348272064002, -2.99625753541e-005, 0.000298257713439, -0.000163895208971, 0.000355013180524, 3.45032594851e-006, 0.000111535540782, 0.000205383228604, 4.76484419778e-005, 1.78846528343e-006, 9.2506641522e-005], [-4.23816600232e-005, 0.00258820480667, -0.000962546910159, 0.00142926361877, -0.00224677613005, 0.00185470294673, -0.00225441460498, 0.00162264646497, -0.00160477415193, 0.00205083168112, -0.00126419798471, 0.00169468484819, -0.000773400126491], [0.000348272064002, -0.000962546910159, 0.00190487317741, -0.000630216905847, 0.00091578339925, -0.000975012546405, 0.00134350557346, 0.000352222472429, 0.00016483743093, -0.000496985390782, 0.00124652241357, -0.00138525199145, 0.000862423679791], [-2.99625753541e-005, 0.00142926361877, -0.000630216905847, 0.00278197904117, -0.00171029020566, 0.00107608851977, -0.000812704151031, 0.000468216545414, -0.00111280428246, 0.00021950781229, 0.000558434519917, -0.000159238828928, -0.00051979557611], [0.000298257713439, -0.00224677613005, 0.00091578339925, -0.00171029020566, 0.00452693039551, -0.00200230930932, 0.00162881694268, -0.0012704981491, 0.00118693429977, -0.000948136905208, 0.00136302644387, -0.000277391634881, -0.00142653891817], [-0.000163895208971, 0.00185470294673, -0.000975012546405, 0.00107608851977, -0.00200230930932, 0.0042894682847, -0.00305497529916, 0.00111750513315, -0.000923487183172, -0.000291525793727, 3.78958247893e-005, 0.00059022475034, 0.000450748833828], [0.000355013180524, -0.00225441460498, 0.00134350557346, -0.000812704151031, 0.00162881694268, -0.00305497529916, 0.00803123600781, -0.00134742527734, 0.00337930140086, -0.00156880822033, -0.000529718701728, -0.000513576553203, 0.00090548733715], [3.45032594851e-006, 0.00162264646497, 0.000352222472429, 0.000468216545414, -0.0012704981491, 0.00111750513315, -0.00134742527734, 0.00781122362241, -0.0027616340667, 0.00122866162565, 0.000202417882974, 0.000567520852201, -0.000105469509435], [0.000111535540782, -0.00160477415193, 0.00016483743093, -0.00111280428246, 0.00118693429977, -0.000923487183172, 0.00337930140086, -0.0027616340667, 0.00812612567097, -0.00115130818449, -0.000157323011081, -0.00119576521683, -8.76353078638e-005], [0.000205383228604, 0.00205083168112, -0.000496985390782, 0.00021950781229, -0.000948136905208, -0.000291525793727, -0.00156880822033, 0.00122866162565, -0.00115130818449, 0.0102797234431, -0.00250908941962, 0.00209186715074, -0.00114477402531], [4.76484419778e-005, -0.00126419798471, 0.00124652241357, 0.000558434519917, 0.00136302644387, 3.78958247893e-005, -0.000529718701728, 0.000202417882974, -0.000157323011081, -0.00250908941962, 0.00977356173098, -0.00211482751183, 0.000538467254955], [1.78846528343e-006, 0.00169468484819, -0.00138525199145, -0.000159238828928, -0.000277391634881, 0.00059022475034, -0.000513576553203, 0.000567520852201, -0.00119576521683, 0.00209186715074, -0.00211482751183, 0.00905870087445, -0.0034796288237], [9.2506641522e-005, -0.000773400126491, 0.000862423679791, -0.00051979557611, -0.00142653891817, 0.000450748833828, 0.00090548733715, -0.000105469509435, -8.76353078638e-005, -0.00114477402531, 0.000538467254955, -0.0034796288237, 0.0103443162516]]
    },
    "melbands": {
        "mean": [3.37903402396e-005, 0.00032489822479, 0.000295516801998, 0.00092807773035, 0.000978666357696, 0.000562573259231, 0.000261887849774, 0.000344921543729, 0.000375330622774, 9.11670867936e-005, 0.00017700639728, 0.000135710244649, 4.83344992972e-005, 9.54754432314e-005, 3.90483073716e-005, 3.50406007783e-005, 3.84078193747e-005, 1.57749072969e-005, 6.17491377852e-006, 3.24565894516e-006, 4.11439168602e-006, 4.30853833677e-006, 3.4895376757e-006, 4.19310072175e-006, 5.00551095683e-006, 3.40013980349e-006, 5.96896234129e-006, 2.37477979681e-006, 1.09911411528e-006, 3.21595848618e-007, 2.35784980873e-007, 3.84492579997e-007, 6.19005163571e-007, 7.28821021312e-007, 1.09470852294e-006, 9.80864342637e-007, 6.3744067802e-007, 3.01790237245e-007, 2.11151032659e-007, 1.73735813291e-007],
        "var": [1.0650921034e-008, 9.8620546396e-007, 1.76826446818e-007, 4.05879109167e-006, 2.03297759072e-006, 2.55529675997e-006, 4.71875466701e-007, 1.03077400126e-006, 6.50882782338e-007, 6.75840112763e-008, 3.88457465306e-007, 1.17949838341e-007, 2.41598883122e-008, 1.88776610344e-007, 3.22854205592e-008, 1.96033607125e-008, 2.38273099029e-008, 5.574740225e-009, 4.20739221241e-010, 9.15418157943e-011, 1.88840235116e-010, 2.9851984773e-010, 1.18000914595e-010, 1.15401417589e-010, 1.46183884442e-010, 1.27301072461e-010, 6.13212702838e-010, 6.97012586537e-011, 1.18623982165e-011, 2.38914161892e-012, 3.53139414412e-012, 6.8315314343e-012, 1.43605552796e-011, 1.87121845796e-011, 5.13004222435e-011, 5.17975454195e-011, 2.08221148656e-011, 3.82066340371e-012, 1.8792649728e-012, 2.14739033846e-012]
    },
    "mfcc": {
        "mean": [-773.559020996, 153.734146118, 12.6347141266, 16.9741325378, -0.740064144135, -10.3544836044, -1.72609198093, -1.11383473873, -22.751083374, -0.88971978426, -15.5802440643, -8.29961204529, -7.87569093704],
        "cov": [[10178.1708984, -960.418884277, -2212.33105469, -903.967224121, -905.673828125, -752.291687012, -118.503593445, 64.6714096069, -758.659912109, 480.894165039, -139.192398071, -123.238739014, -94.3721618652], [-960.418884277, 2115.77319336, -13.5802574158, -76.5125350952, 78.5250778198, -51.918132782, 192.959442139, -83.3312530518, -9.03637695313, -63.2621536255, -22.8077850342, -3.32144498825, -52.6155204773], [-2212.33105469, -13.5802574158, 1261.93969727, 218.071731567, 182.432800293, 302.665863037, -136.698898315, 38.4981040955, 173.132858276, -214.995315552, 47.5874176025, 54.8490829468, 19.2752914429], [-903.967224121, -76.5125350952, 218.071731567, 716.499633789, 333.247924805, 30.4192199707, -149.683837891, 17.9942646027, 208.742324829, -169.367462158, -40.520198822, 81.9757843018, -13.9294109344], [-905.673828125, 78.5250778198, 182.432800293, 333.247924805, 540.211730957, 143.317123413, -70.1657867432, 29.3491325378, 241.332305908, -100.284667969, -25.690120697, 55.4904785156, -15.6301174164], [-752.291687012, -51.918132782, 302.665863037, 30.4192199707, 143.317123413, 455.698669434, 142.608825684, 16.2519016266, 118.360565186, -32.6237297058, 40.5934867859, -23.0464630127, 3.65081429482], [-118.503593445, 192.959442139, -136.698898315, -149.683837891, -70.1657867432, 142.608825684, 376.938323975, -11.8149719238, -33.5613288879, 98.0078582764, 18.8994922638, -49.3544769287, 12.7690496445], [64.6714096069, -83.3312530518, 38.4981040955, 17.9942646027, 29.3491325378, 16.2519016266, -11.8149719238, 163.292236328, 35.2476234436, -33.676940918, 23.9585895538, 10.7007904053, -3.06919765472], [-758.659912109, -9.03637695313, 173.132858276, 208.742324829, 241.332305908, 118.360565186, -33.5613288879, 35.2476234436, 271.654846191, -55.5120277405, -4.85448408127, 21.855381012, -9.41841697693], [480.894165039, -63.2621536255, -214.995315552, -169.367462158, -100.284667969, -32.6237297058, 98.0078582764, -33.676940918, -55.5120277405, 240.661758423, 27.8593006134, -41.7544670105, 19.1761627197], [-139.192398071, -22.8077850342, 47.5874176025, -40.520198822, -25.690120697, 40.5934867859, 18.8994922638, 23.9585895538, -4.85448408127, 27.8593006134, 121.799133301, 6.88948774338, 8.24839305878], [-123.238739014, -3.32144498825, 54.8490829468, 81.9757843018, 55.4904785156, -23.0464630127, -49.3544769287, 10.7007904053, 21.855381012, -41.7544670105, 6.88948774338, 123.010025024, 12.1909008026], [-94.3721618652, -52.6155204773, 19.2752914429, -13.9294109344, -15.6301174164, 3.65081429482, 12.7690496445, -3.06919765472, -9.41841697693, 19.1761627197, 8.24839305878, 12.1909008026, 98.344039917]],
        "icov": [[0.00024573909468, 7.47778249206e-005, 0.000372096692445, 0.000104405597085, 0.000131299864734, -0.000110704480903, 0.000317846221151, -0.00029845625977, 0.000364371255273, -0.000181779352715, 0.000302143918816, -8.16192987259e-005, 0.000247189978836], [7.47778249206e-005, 0.000605589826591, 3.22722735291e-005, 0.000204855037737, -0.000234963721596, 0.000362008955562, -0.000464756245492, 0.000282368127955, 9.50776957325e-005, 0.00034829066135, 9.03027682853e-007, -3.34429932991e-005, 0.0003820839338], [0.000372096692445, 3.22722735291e-005, 0.00183972727973, 9.48555971263e-005, 0.000433104520198, -0.00113573437557, 0.00116172595881, -0.000391689391108, 0.000218124303501, 0.000475081382319, 3.14582175633e-005, -0.00029083728441, -6.32132432656e-005], [0.000104405597085, 0.000204855037737, 9.48555971263e-005, 0.00252792867832, -0.000903487438336, 0.000388467422454, 0.000228173390497, 0.00027908643824, -0.000816720596049, 0.000986206694506, 0.000318153004628, -0.000622037099674, 0.000150227366248], [0.000131299864734, -0.000234963721596, 0.000433104520198, -0.000903487438336, 0.00394901772961, -0.00112007127609, 0.000815064180642, -0.000366743683117, -0.00204273639247, -0.000192730076378, 0.00078475929331, -0.00086669693701, 0.000222930888413], [-0.000110704480903, 0.000362008955562, -0.00113573437557, 0.000388467422454, -0.00112007127609, 0.00437949365005, -0.00245307106525, 0.000562261091545, -0.0010883990908, 0.000831427925732, -0.00120529800188, 0.000974770402536, 7.44322242099e-005], [0.000317846221151, -0.000464756245492, 0.00116172595881, 0.000228173390497, 0.000815064180642, -0.00245307106525, 0.00503444811329, -0.000788486388046, 0.000687759951688, -0.00156336126383, 0.000654152827337, 0.000238344844547, -0.000310402043397], [-0.00029845625977, 0.000282368127955, -0.000391689391108, 0.00027908643824, -0.000366743683117, 0.000562261091545, -0.000788486388046, 0.007369549945, -0.0014513154747, 0.0016969969729, -0.00207455269992, -3.36075463565e-005, -5.75455378566e-005], [0.000364371255273, 9.50776957325e-005, 0.000218124303501, -0.000816720596049, -0.00204273639247, -0.0010883990908, 0.000687759951688, -0.0014513154747, 0.00758642796427, -0.000910899660084, 0.000644538318738, 0.000176652058144, 0.000651456764899], [-0.000181779352715, 0.00034829066135, 0.000475081382319, 0.000986206694506, -0.000192730076378, 0.000831427925732, -0.00156336126383, 0.0016969969729, -0.000910899660084, 0.00695662479848, -0.00202413438819, 0.00117828603834, -0.0011670794338], [0.000302143918816, 9.03027682853e-007, 3.14582175633e-005, 0.000318153004628, 0.00078475929331, -0.00120529800188, 0.000654152827337, -0.00207455269992, 0.000644538318738, -0.00202413438819, 0.0100838253275, -0.001440280932, 0.000138305360451], [-8.16192987259e-005, -3.34429932991e-005, -0.00029083728441, -0.000622037099674, -0.00086669693701, 0.000974770402536, 0.000238344844547, -3.36075463565e-005, 0.000176652058144, 0.00117828603834, -0.001440280932, 0.00987582560629, -0.00164950662293], [0.000247189978836, 0.0003820839338, -6.32132432656e-005, 0.000150227366248, 0.000222930888413, 7.44322242099e-005, -0.000310402043397, -5.75455378566e-005, 0.000651456764899, -0.0011670794338, 0.000138305360451, -0.00164950662293, 0.0111976889893]]
    },
    "spectral_contrast_coeffs": {
        "mean": [-0.517373323441, -0.622408747673, -0.728868305683, -0.754484891891, -0.762513399124, -0.793761253357],
        "var": [0.0120369978249, 0.0140671804547, 0.0109941838309, 0.00657140370458, 0.00530563341454, 0.00160619663075]
    },
    "spectral_contrast_valleys": {
        "mean": [-8.78464508057, -8.04057598114, -8.67119503021, -9.51398277283, -9.40191173553, -12.0516052246],
        "var": [0.966740369797, 0.869812786579, 1.05797350407, 1.12270498276, 1.49100148678, 1.75081777573]
    }
},
"metadata": {
    "audio_properties": {
        "analysis_sample_rate": 44100,
        "bit_rate": 128074,
        "equal_loudness": 0,
        "length": 45.0612258911,
        "lossless": 0,
        "replay_gain": -7.10332679749,
        "sample_rate": 44100,
        "codec": "mp3",
        "downmix": "mix",
        "md5_encoded": "f7b79053ef65608aba32f6d24be95ed8"
    },
    "tags": {
        "file_name": "1732.mp3"
    },
    "version": {
        "essentia": "2.1-beta2",
        "essentia_git_sha": "v2.1_beta2",
        "extractor": "music 1.0"
    }
},
"rhythm": {
    "beats_count": 91,
    "beats_loudness": {
        "mean": 0.0223664846271,
        "var": 0.000546069524717
    },
    "bpm": 135.303390503,
    "bpm_histogram_first_peak_bpm": {
        "mean": 136,
        "var": 0
    },
    "bpm_histogram_first_peak_spread": {
        "mean": 0.441176474094,
        "var": 0
    },
    "bpm_histogram_first_peak_weight": {
        "mean": 0.211111113429,
        "var": 0
    },
    "bpm_histogram_second_peak_bpm": {
        "mean": 129,
        "var": 0
    },
    "bpm_histogram_second_peak_spread": {
        "mean": 0.214285746217,
        "var": 0
    },
    "bpm_histogram_second_peak_weight": {
        "mean": 0.122222222388,
        "var": 0
    },
    "danceability": 0.974418699741,
    "onset_rate": 3.2163939476,
    "beats_loudness_band_ratio": {
        "mean": [0.230272650719, 0.462201207876, 0.224421516061, 0.0937698408961, 0.0245168935508, 0.0415336675942],
        "var": [0.0676068291068, 0.060944866389, 0.0401303619146, 0.0218831337988, 0.00165227428079, 0.0206184517592]
    },
    "beats_position": [0.452789098024, 0.917188167572, 1.38158726692, 1.8575963974, 2.32199549675, 2.80961441994, 3.25079369545, 3.70358276367, 4.15637159348, 4.62077093124, 5.08516979218, 5.54956912994, 6.025578022, 6.47836732864, 6.93115615845, 7.39555549622, 7.84834432602, 8.31274318695, 8.77714252472, 9.22993183136, 9.682721138, 10.1239004135, 10.5650787354, 11.0062580109, 11.4474372864, 11.8886165619, 12.3297958374, 12.7941951752, 13.2469835281, 13.7578229904, 14.2570514679, 14.756280899, 15.3367795944, 15.9172782898, 16.4861679077, 17.0434455872, 17.600725174, 18.0999546051, 18.5991840363, 19.0984115601, 19.5976409912, 20.1084804535, 20.6193199158, 21.0604991913, 21.4784584045, 21.8964176178, 22.3143768311, 22.7207260132, 23.1386852264, 23.5450344086, 23.9862117767, 24.4157810211, 24.8453502655, 25.286529541, 25.7277088165, 26.168888092, 26.6100673676, 27.0860767365, 27.5388660431, 27.9800453186, 28.4212245941, 28.8624038696, 29.3035831451, 29.7447605133, 30.1859397888, 30.6155090332, 31.0450782776, 31.4978675842, 31.9506568909, 32.4150543213, 32.9258956909, 33.4483451843, 33.9591827393, 34.5048522949, 35.0389099121, 35.5961914063, 36.2347373962, 36.8848991394, 37.5234451294, 38.1619949341, 38.7773246765, 39.3926506042, 40.0195922852, 40.5768699646, 41.1225395203, 41.6565971375, 42.1906585693, 42.7247161865, 43.281993866, 43.8160552979, 44.3617210388]
},
"tonal": {
    "chords_changes_rate": 0.0977366268635,
    "chords_number_rate": 0.0185185186565,
    "chords_strength": {
        "mean": 0.508183479309,
        "var": 0.0123490523547
    },
    "hpcp_entropy": {
        "mean": 1.43026530743,
        "var": 1.01243674755
    },
    "key_strength": 0.777637541294,
    "tuning_diatonic_strength": 0.585813939571,
    "tuning_equal_tempered_deviation": 0.148344010115,
    "tuning_frequency": 436.960693359,
    "tuning_nontempered_energy_ratio": 0.823110699654,
    "hpcp": {
        "mean": [0.123220920563, 0.10087428242, 0.0963879302144, 0.131756916642, 0.12678861618, 0.0735068544745, 0.0639427229762, 0.0679468363523, 0.105224519968, 0.164948031306, 0.13320505619, 0.0646524578333, 0.0445941649377, 0.0633449479938, 0.139180421829, 0.202655434608, 0.153184786439, 0.0854396745563, 0.0726550146937, 0.0540566518903, 0.0332166738808, 0.0328593216836, 0.0351940989494, 0.0457825027406, 0.0534967295825, 0.0489083603024, 0.0603644996881, 0.0838756635785, 0.102270752192, 0.141293257475, 0.165430918336, 0.1224123016, 0.088793694973, 0.101681299508, 0.109957285225, 0.121114239097],
        "var": [0.0580157227814, 0.0456984937191, 0.0430399626493, 0.0729950666428, 0.0766102969646, 0.030942671001, 0.0362668000162, 0.0375272370875, 0.0485100522637, 0.0991889238358, 0.0657249391079, 0.0342615880072, 0.0165358688682, 0.028417635709, 0.0675928518176, 0.113412283361, 0.073923997581, 0.0448210351169, 0.0417411625385, 0.0292900446802, 0.0143737616017, 0.0164260212332, 0.0176734980196, 0.0225066244602, 0.0283188670874, 0.0222966074944, 0.0290548522025, 0.0482063256204, 0.0520738512278, 0.0735673829913, 0.0869895666838, 0.0585408173501, 0.0447499901056, 0.0636436864734, 0.0599522776902, 0.0560002140701]
    },
    "chords_histogram": [27.7777786255, 3.18930029869, 0.411522626877, 5.55555534363, 1.54320991039, 3.18930029869, 3.08641982079, 3.70370364189, 1.44032919407, 10.5967073441, 3.49794244766, 1.02880656719, 0.411522626877, 1.74897122383, 0.617283940315, 0, 0, 1.54320991039, 0, 1.74897122383, 2.67489719391, 7.51028823853, 16.6666660309, 2.05761313438],
    "thpcp": [1, 0.75588786602, 0.421600699425, 0.358514994383, 0.26674169302, 0.163907140493, 0.162143796682, 0.173664718866, 0.225913032889, 0.263978749514, 0.241337522864, 0.297867655754, 0.413883119822, 0.504653394222, 0.697209298611, 0.816316246986, 0.604041516781, 0.438151061535, 0.501744747162, 0.542582452297, 0.597636282444, 0.608031690121, 0.497762531042, 0.475624710321, 0.650152385235, 0.625636398792, 0.362718403339, 0.315524339676, 0.335282564163, 0.519228696823, 0.813933432102, 0.657298207283, 0.319026529789, 0.220049187541, 0.312574625015, 0.68678355217],
    "chords_key": "G",
    "chords_scale": "minor",
    "key_key": "G",
    "key_scale": "minor"
}
}