{
"lowlevel": {
    "average_loudness": 0.966878414154,
    "barkbands_crest": {
        "mean": 10.7267475128,
        "var": 12.5935659409
    },
    "barkbands_flatness_db": {
        "mean": 0.257453352213,
        "var": 0.00852552056313
    },
    "barkbands_kurtosis": {
        "mean": 19.3474063873,
        "var": 405.968322754
    },
    "barkbands_skewness": {
        "mean": 2.81563019753,
        "var": 2.51329493523
    },
    "barkbands_spread": {
        "mean": 10.722410202,
        "var": 224.339889526
    },
    "dissonance": {
        "mean": 0.452154815197,
        "var": 0.00136397604365
    },
    "dynamic_complexity": 3.96507072449,
    "erbbands_crest": {
        "mean": 9.10998535156,
        "var": 11.8991613388
    },
    "erbbands_flatness_db": {
        "mean": 0.192703157663,
        "var": 0.00324886245653
    },
    "erbbands_kurtosis": {
        "mean": 5.84974384308,
        "var": 66.0473861694
    },
    "erbbands_skewness": {
        "mean": 1.68563628197,
        "var": 1.80047190189
    },
    "erbbands_spread": {
        "mean": 44.3761024475,
        "var": 1111.29541016
    },
    "hfc": {
        "mean": 10.5765762329,
        "var": 319.81427002
    },
    "melbands_crest": {
        "mean": 14.9214801788,
        "var": 17.8979263306
    },
    "melbands_flatness_db": {
        "mean": 0.341505259275,
        "var": 0.012956360355
    },
    "melbands_kurtosis": {
        "mean": 45.6178665161,
        "var": 2038.99926758
    },
    "melbands_skewness": {
        "mean": 4.0948882103,
        "var": 5.1456823349
    },
    "melbands_spread": {
        "mean": 8.27928256989,
        "var": 220.352416992
    },
    "pitch_salience": {
        "mean": 0.636196672916,
        "var": 0.0121062127873
    },
    "silence_rate_20dB": {
        "mean": 1,
        "var": 0
    },
    "silence_rate_30dB": {
        "mean": 0.957775473595,
        "var": 0.0404417477548
    },
    "silence_rate_60dB": {
        "mean": 0.103501543403,
        "var": 0.09278832376
    },
    "spectral_centroid": {
        "mean": 615.84362793,
        "var": 447733
    },
    "spectral_complexity": {
        "mean": 8.57518005371,
        "var": 69.4915313721
    },
    "spectral_decrease": {
        "mean": -8.95968454984e-009,
        "var": 1.0715833668e-016
    },
    "spectral_energy": {
        "mean": 0.0347752310336,
        "var": 0.00159996980801
    },
    "spectral_energyband_high": {
        "mean": 0.000690370856319,
        "var": 3.97673647967e-006
    },
    "spectral_energyband_low": {
        "mean": 0.0210096649826,
        "var": 0.000708831648808
    },
    "spectral_energyband_middle_high": {
        "mean": 0.000618690624833,
        "var": 1.84107489076e-006
    },
    "spectral_energyband_middle_low": {
        "mean": 0.0151283433661,
        "var": 0.000362820137525
    },
    "spectral_entropy": {
        "mean": 6.8671298027,
        "var": 0.697108149529
    },
    "spectral_flux": {
        "mean": 0.0942915380001,
        "var": 0.00503831123933
    },
    "spectral_kurtosis": {
        "mean": 8.31195545197,
        "var": 157.906951904
    },
    "spectral_rms": {
        "mean": 0.00501688569784,
        "var": 8.75793830346e-006
    },
    "spectral_rolloff": {
        "mean": 604.082702637,
        "var": 1701080.875
    },
    "spectral_skewness": {
        "mean": 2.01355099678,
        "var": 1.80527222157
    },
    "spectral_spread": {
        "mean": 4309480,
        "var": 3.17618284134e+012
    },
    "spectral_strongpeak": {
        "mean": 0.360044002533,
        "var": 0.11844202131
    },
    "zerocrossingrate": {
        "mean": 0.0319105125964,
        "var": 0.00105338799767
    },
    "barkbands": {
        "mean": [0.00207809754647, 0.0105965463445, 0.00567790679634, 0.00524732610211, 0.00648945057765, 0.00209573586471, 0.000801709888037, 0.000301620457321, 0.000166768513736, 9.0114044724e-005, 6.92658504704e-005, 7.29212697479e-005, 6.0207232309e-005, 3.07605914713e-005, 4.29227220593e-005, 4.48845785286e-005, 3.91525136365e-005, 5.3841391491e-005, 7.7850476373e-005, 0.000101902180177, 0.000132818822749, 0.000170198720298, 0.000269885640591, 5.28613309143e-005, 8.93828291737e-006, 1.58080661095e-006, 1.78481176505e-008],
        "var": [1.53271230374e-005, 0.000192853418412, 0.000101295976492, 7.55975343054e-005, 7.65208460507e-005, 9.07643789105e-006, 5.75227932131e-006, 6.30569104487e-007, 1.78678092766e-007, 4.11051317428e-008, 1.76706453914e-008, 1.70993956772e-008, 2.56870400506e-008, 4.94985119559e-009, 1.14745670743e-008, 1.85576869427e-008, 1.18448877373e-008, 2.44773161739e-008, 4.86188156401e-008, 6.9004684633e-008, 1.32636870376e-007, 3.30915810309e-007, 6.31956424968e-007, 3.19931956483e-008, 6.30681340485e-010, 3.07868244787e-011, 4.37274025108e-015]
    },
    "erbbands": {
        "mean": [0.281482368708, 2.47656369209, 6.1702208519, 14.7609519958, 17.9947624207, 22.2509365082, 19.9615879059, 14.4649038315, 13.7334852219, 10.0674495697, 5.04693651199, 3.89792275429, 2.53129506111, 3.24831533432, 2.65477323532, 3.11811375618, 2.80720615387, 1.94744837284, 1.80269992352, 2.6602704525, 2.20165228844, 2.28844475746, 3.12697315216, 2.73077845573, 4.63877105713, 4.85310411453, 3.93621134758, 6.92299699783, 5.94689130783, 9.78272914886, 6.0560297966, 1.99173700809, 0.484502106905, 0.148286521435, 0.03502022475, 0.0132784228772, 0.00167602731381, 0.000120775555843, 2.19890553126e-005, 3.98292322643e-005],
        "var": [0.150965109468, 11.8283967972, 127.558311462, 457.823913574, 986.087219238, 875.213256836, 825.342224121, 511.504699707, 1250.89758301, 788.039733887, 115.848045349, 87.3400497437, 39.3146972656, 45.6514015198, 19.3954143524, 33.7216339111, 49.3927574158, 19.3446807861, 19.0395679474, 64.2474746704, 33.3014945984, 41.2107391357, 88.361946106, 56.25415802, 177.112701416, 164.344436646, 131.32182312, 373.228118896, 395.786499023, 717.735107422, 436.00177002, 53.3844680786, 2.05804395676, 0.157630577683, 0.0103256329894, 0.0023156220559, 3.03741708194e-005, 1.36915943472e-007, 8.57351467598e-010, 2.07696615462e-009]
    },
    "gfcc": {
        "mean": [-103.004470825, 147.594284058, -74.9511642456, 70.4703369141, -71.279548645, 13.2610969543, -25.3103103638, -17.3421611786, -7.64847707748, -13.8036623001, -1.18125629425, -5.46872663498, -3.9016931057],
        "cov": [[8461.83203125, -1817.93469238, -1229.26879883, 264.689544678, -554.72644043, 376.04473877, -460.86138916, 279.968353271, -322.099395752, 269.15032959, -322.370819092, 165.229263306, -243.003845215], [-1817.93469238, 1789.28955078, 671.403503418, -559.209228516, 384.521881104, -278.85949707, 282.089874268, -309.685974121, 188.595504761, -186.100143433, 196.027618408, -132.541290283, 161.355178833], [-1229.26879883, 671.403503418, 841.863464355, -10.113735199, 183.807556152, -116.109725952, 199.563873291, -96.338722229, 79.3704071045, -85.6734848022, 94.3647384644, -38.4580574036, 63.5208587646], [264.689544678, -559.209228516, -10.113735199, 442.481201172, -108.081672668, 80.8625640869, -28.3879337311, 85.6268997192, -21.0284519196, 9.73034667969, -21.1275806427, 24.0526180267, -33.9474067688], [-554.72644043, 384.521881104, 183.807556152, -108.081672668, 335.545349121, -15.626083374, 94.6502990723, -38.7411727905, -0.0670144557953, -21.1089248657, 15.0550117493, -26.1077098846, 33.817855835], [376.04473877, -278.85949707, -116.109725952, 80.8625640869, -15.626083374, 149.195175171, -13.2335414886, 41.9094734192, -26.1179924011, 24.8186359406, -29.2854614258, 19.9936733246, -26.2674045563], [-460.86138916, 282.089874268, 199.563873291, -28.3879337311, 94.6502990723, -13.2335414886, 151.477539063, -13.3658533096, 42.7118186951, -38.9996681213, 37.4636955261, -23.6279621124, 26.1848602295], [279.968353271, -309.685974121, -96.338722229, 85.6268997192, -38.7411727905, 41.9094734192, -13.3658533096, 137.864318848, -13.5109605789, 52.4764823914, -50.3102760315, 24.0054683685, -29.8239650726], [-322.099395752, 188.595504761, 79.3704071045, -21.0284519196, -0.0670144557953, -26.1179924011, 42.7118186951, -13.5109605789, 124.208343506, -14.3756914139, 39.4434967041, -29.3829517365, 23.3483715057], [269.15032959, -186.100143433, -85.6734848022, 9.73034667969, -21.1089248657, 24.8186359406, -38.9996681213, 52.4764823914, -14.3756914139, 79.739616394, -15.4798107147, 28.9505939484, -20.8703670502], [-322.370819092, 196.027618408, 94.3647384644, -21.1275806427, 15.0550117493, -29.2854614258, 37.4636955261, -50.3102760315, 39.4434967041, -15.4798107147, 76.1552276611, 0.0994021743536, 25.7652816772], [165.229263306, -132.541290283, -38.4580574036, 24.0526180267, -26.1077098846, 19.9936733246, -23.6279621124, 24.0054683685, -29.3829517365, 28.9505939484, 0.0994021743536, 49.9451065063, -0.156023159623], [-243.003845215, 161.355178833, 63.5208587646, -33.9474067688, 33.817855835, -26.2674045563, 26.1848602295, -29.8239650726, 23.3483715057, -20.8703670502, 25.7652816772, -0.156023159623, 46.8188056946]],
        "icov": [[0.000205282354727, -0.000337122648489, 0.000182795585715, -0.000261546199908, 0.000316454330459, -0.000398022792069, 0.000200438589673, 7.7143740782e-006, 0.000231208832702, -0.000454743974842, 0.000748100341298, -0.000491492450237, 0.000499260844663], [-0.000337122648489, 0.00940986722708, -0.00213450402953, 0.00737801939249, -0.00384649494663, 0.00561894476414, -0.00463085528463, 0.00475025363266, -0.00341232377104, 0.0055695688352, -0.00772272469476, 0.00691696628928, -0.00592986494303], [0.000182795585715, -0.00213450402953, 0.00282741663978, -0.00243601109833, 0.000298403087072, 0.000232446953305, -0.00143617985304, 0.000310601579258, 0.000284198875306, -0.0012288474245, 0.00202718819492, -0.00280356244184, 0.00180420023389], [-0.000261546199908, 0.00737801939249, -0.00243601109833, 0.00918448809534, -0.00218473700806, 0.00252908444963, -0.0022207449656, 0.000775277556386, -0.00212223804556, 0.0064809191972, -0.0078223310411, 0.00556657603011, -0.0038168609608], [0.000316454330459, -0.00384649494663, 0.000298403087072, -0.00218473700806, 0.00635807448998, -0.00340070133097, -0.000227440104936, -0.00134290044662, 0.00348898838274, -0.0045807454735, 0.00435505481437, -5.22659574926e-005, -0.000497450819239], [-0.000398022792069, 0.00561894476414, 0.000232446953305, 0.00252908444963, -0.00340070133097, 0.0135815059766, -0.00580100994557, 0.00437780143693, -0.00309370551258, 0.00271977158263, -0.00194572960027, -0.000266588001978, 2.19443827518e-005], [0.000200438589673, -0.00463085528463, -0.00143617985304, -0.0022207449656, -0.000227440104936, -0.00580100994557, 0.0172897484154, -0.0091716973111, 0.00125913426746, 0.00315378326923, -0.00327675277367, 0.000725734571461, 0.00131930515636], [7.7143740782e-006, 0.00475025363266, 0.000310601579258, 0.000775277556386, -0.00134290044662, 0.00437780143693, -0.0091716973111, 0.0213464163244, -0.00584995467216, -0.00634859222919, 0.00970917008817, -0.00438582152128, 0.00069273810368], [0.000231208832702, -0.00341232377104, 0.000284198875306, -0.00212223804556, 0.00348898838274, -0.00309370551258, 0.00125913426746, -0.00584995467216, 0.0159636493772, -0.00491876294836, -0.00515395309776, 0.0101276636124, -0.00493428856134], [-0.000454743974842, 0.0055695688352, -0.0012288474245, 0.0064809191972, -0.0045807454735, 0.00271977158263, 0.00315378326923, -0.00634859222919, -0.00491876294836, 0.0295295845717, -0.0098104448989, -0.00669850921258, 0.00483090942726], [0.000748100341298, -0.00772272469476, 0.00202718819492, -0.0078223310411, 0.00435505481437, -0.00194572960027, -0.00327675277367, 0.00970917008817, -0.00515395309776, -0.0098104448989, 0.0374695323408, -0.018211806193, 0.0033723609522], [-0.000491492450237, 0.00691696628928, -0.00280356244184, 0.00556657603011, -5.22659574926e-005, -0.000266588001978, 0.000725734571461, -0.00438582152128, 0.0101276636124, -0.00669850921258, -0.018211806193, 0.0475105531514, -0.0197170339525], [0.000499260844663, -0.00592986494303, 0.00180420023389, -0.0038168609608, -0.000497450819239, 2.19443827518e-005, 0.00131930515636, 0.00069273810368, -0.00493428856134, 0.00483090942726, 0.0033723609522, -0.0197170339525, 0.0419390797615]]
    },
    "melbands": {
        "mean": [0.00292356894352, 0.00335332402028, 0.00251785456203, 0.00156127032824, 0.000713604735211, 0.000339833495673, 0.000205132047995, 0.000100445868156, 3.86450483347e-005, 2.2407662982e-005, 1.20866925499e-005, 1.31005426738e-005, 8.98481721379e-006, 8.02422619017e-006, 7.55694054533e-006, 5.55644010092e-006, 3.28729834109e-006, 2.60877595792e-006, 3.48174398823e-006, 3.28574674313e-006, 2.50774928645e-006, 2.36507571572e-006, 2.44916441261e-006, 2.74471358352e-006, 1.95413326765e-006, 3.56822533831e-006, 3.2744053442e-006, 3.20198364534e-006, 2.24137284022e-006, 3.09245092467e-006, 4.17301862399e-006, 3.29024942403e-006, 3.36482821695e-006, 6.52404287393e-006, 3.81566087526e-006, 1.90139337519e-006, 9.13950259473e-007, 3.58928275546e-007, 1.89710675613e-007, 9.60078097023e-008],
        "var": [1.37194556373e-005, 2.87208022201e-005, 1.51525491674e-005, 4.57372743767e-006, 9.53335131726e-007, 2.77253974446e-007, 2.94166454751e-007, 7.63879981491e-008, 7.58412710411e-009, 2.78718359503e-009, 9.22282472615e-010, 7.59900753433e-010, 2.52106530096e-010, 1.78237063997e-010, 3.02813690789e-010, 2.2420924839e-010, 5.3332987332e-011, 4.38360493737e-011, 8.6335709415e-011, 1.2626830137e-010, 3.92837741503e-011, 4.81396901508e-011, 4.82278002256e-011, 6.57555052075e-011, 3.12962815385e-011, 1.14709693133e-010, 7.55288540044e-011, 7.29443172531e-011, 4.24377304131e-011, 7.47561249015e-011, 1.42599654307e-010, 1.19302845381e-010, 1.61622007444e-010, 2.9415073155e-010, 1.88727769523e-010, 5.72052474834e-011, 9.74868449855e-012, 1.15169690191e-012, 2.93395814371e-013, 6.37505862986e-014]
    },
    "mfcc": {
        "mean": [-744.480712891, 148.469345093, 55.6433258057, 50.9199333191, -2.27839517593, 26.2645874023, -7.68198728561, 9.72438812256, -10.7225313187, 0.826136887074, -5.59521722794, 1.11302614212, 2.27857661247],
        "cov": [[8933.09277344, -2312.59692383, -976.629699707, -325.653839111, -274.399200439, -39.7043685913, -218.027984619, -26.8157653809, -97.6513748169, 48.0257568359, -23.62940979, -48.8040313721, -50.8205604553], [-2312.59692383, 2291.46166992, 295.939147949, -113.148445129, 99.1151123047, 27.9049720764, 98.522857666, -84.3229598999, 20.776927948, -56.5635108948, -17.1721458435, -13.5109300613, 25.4046421051], [-976.629699707, 295.939147949, 595.86138916, 183.429916382, -9.68534755707, 30.5528469086, 18.8162441254, 48.2844657898, -7.09503746033, -2.53757357597, -5.86975193024, 27.8263378143, 22.4891166687], [-325.653839111, -113.148445129, 183.429916382, 253.667572021, 41.2023162842, 7.55511522293, 36.6830444336, 39.534072876, 13.9409189224, 6.00712585449, 4.65300273895, 5.22579431534, 6.4296708107], [-274.399200439, 99.1151123047, -9.68534755707, 41.2023162842, 144.498550415, 42.0259056091, 48.7039451599, -2.50554990768, 24.2518615723, -6.25354671478, 8.81300354004, -11.9197053909, 4.18155908585], [-39.7043685913, 27.9049720764, 30.5528469086, 7.55511522293, 42.0259056091, 105.693817139, 35.9482879639, 21.1908378601, -6.4767999649, 0.78478127718, -6.6160607338, 6.47375774384, 0.478531211615], [-218.027984619, 98.522857666, 18.8162441254, 36.6830444336, 48.7039451599, 35.9482879639, 134.258956909, 23.7731227875, 24.7822475433, -19.5488891602, 3.35263156891, -9.44391441345, 15.6189727783], [-26.8157653809, -84.3229598999, 48.2844657898, 39.534072876, -2.50554990768, 21.1908378601, 23.7731227875, 74.3525695801, 25.202173233, 18.0305137634, 4.9831161499, 7.7985291481, -5.56045818329], [-97.6513748169, 20.776927948, -7.09503746033, 13.9409189224, 24.2518615723, -6.4767999649, 24.7822475433, 25.202173233, 71.2296600342, 26.8181705475, 18.6766796112, -2.93902564049, 0.998148739338], [48.0257568359, -56.5635108948, -2.53757357597, 6.00712585449, -6.25354671478, 0.78478127718, -19.5488891602, 18.0305137634, 26.8181705475, 58.4315795898, 21.2852516174, 8.39726924896, -10.0290174484], [-23.62940979, -17.1721458435, -5.86975193024, 4.65300273895, 8.81300354004, -6.6160607338, 3.35263156891, 4.9831161499, 18.6766796112, 21.2852516174, 39.6518630981, 13.9067316055, 6.74773740768], [-48.8040313721, -13.5109300613, 27.8263378143, 5.22579431534, -11.9197053909, 6.47375774384, -9.44391441345, 7.7985291481, -2.93902564049, 8.39726924896, 13.9067316055, 39.9300308228, 15.2928848267], [-50.8205604553, 25.4046421051, 22.4891166687, 6.4296708107, 4.18155908585, 0.478531211615, 15.6189727783, -5.56045818329, 0.998148739338, -10.0290174484, 6.74773740768, 15.2928848267, 45.0708999634]],
        "icov": [[0.000192661464098, 0.000162275347975, 0.000201638584258, 0.000108805550553, 0.000278006598819, -0.000203155184863, 0.000101626093965, 2.9766570151e-005, 0.000106574589154, -7.61874180171e-005, -1.29607578856e-005, 0.000370387453586, -0.000188591846381], [0.000162275347975, 0.000782751361839, -0.000469053455163, 0.000853689038195, -0.00024643886718, -3.49815854861e-005, -0.000487021810841, 0.00107318139635, -0.000480614893604, 0.000107387859316, 0.000347502471413, 5.17603075423e-005, 0.000143391051097], [0.000201638584258, -0.000469053455163, 0.00322699989192, -0.0023786588572, 0.00144945480861, -0.00105042511132, 0.000923373096157, -0.00162212678697, 0.000783624825999, 0.000114642076369, 0.000180448565516, -0.000217032662476, -0.00136775791179], [0.000108805550553, 0.000853689038195, -0.0023786588572, 0.00700147636235, -0.00284250197001, 0.00208645872772, -0.00168275018223, -0.00129280018155, 0.000677632633597, -0.00115739263128, 0.00090883532539, -0.000259052787442, 0.000174075932591], [0.000278006598819, -0.00024643886718, 0.00144945480861, -0.00284250197001, 0.0119815897197, -0.00615304987878, -0.000367089960491, 0.00320356409065, -0.00428979517892, 0.00308218668215, -0.00450807623565, 0.00422705197707, -0.000367715168977], [-0.000203155184863, -3.49815854861e-005, -0.00105042511132, 0.00208645872772, -0.00615304987878, 0.0154047310352, -0.00430898880586, -0.00428274553269, 0.00582313537598, -0.00499828811735, 0.00592540297657, -0.0053090187721, 0.00106242927723], [0.000101626093965, -0.000487021810841, 0.000923373096157, -0.00168275018223, -0.000367089960491, -0.00430898880586, 0.0130865676329, -0.00418743211776, -0.00396759342402, 0.00717597594485, -0.00415479391813, 0.00533334584907, -0.00430640066043], [2.9766570151e-005, 0.00107318139635, -0.00162212678697, -0.00129280018155, 0.00320356409065, -0.00428274553269, -0.00418743211776, 0.0233832448721, -0.00855380296707, -0.00245400471613, 0.00266928202473, -0.00538706360385, 0.00557829486206], [0.000106574589154, -0.000480614893604, 0.000783624825999, 0.000677632633597, -0.00428979517892, 0.00582313537598, -0.00396759342402, -0.00855380296707, 0.0264631211758, -0.011895374395, -0.00400733062997, 0.00514883175492, -0.00382084515877], [-7.61874180171e-005, 0.000107387859316, 0.000114642076369, -0.00115739263128, 0.00308218668215, -0.00499828811735, 0.00717597594485, -0.00245400471613, -0.011895374395, 0.0332241430879, -0.0145544195548, -0.00168545136694, 0.00734628783539], [-1.29607578856e-005, 0.000347502471413, 0.000180448565516, 0.00090883532539, -0.00450807623565, 0.00592540297657, -0.00415479391813, 0.00266928202473, -0.00400733062997, -0.0145544195548, 0.0427231229842, -0.0150104593486, -0.00275865220465], [0.000370387453586, 5.17603075423e-005, -0.000217032662476, -0.000259052787442, 0.00422705197707, -0.0053090187721, 0.00533334584907, -0.00538706360385, 0.00514883175492, -0.00168545136694, -0.0150104593486, 0.0417330078781, -0.0147170433775], [-0.000188591846381, 0.000143391051097, -0.00136775791179, 0.000174075932591, -0.000367715168977, 0.00106242927723, -0.00430640066043, 0.00557829486206, -0.00382084515877, 0.00734628783539, -0.00275865220465, -0.0147170433775, 0.0318807139993]]
    },
    "spectral_contrast_coeffs": {
        "mean": [-0.655008673668, -0.741617321968, -0.844527602196, -0.852024674416, -0.847115635872, -0.7299669981],
        "var": [0.00554368831217, 0.00420783041045, 0.00133961148094, 0.000857828825247, 0.000875696772709, 0.00133872043807]
    },
    "spectral_contrast_valleys": {
        "mean": [-6.64125490189, -7.06371688843, -8.14733219147, -8.9324836731, -8.74763011932, -11.3746528625],
        "var": [0.849856734276, 0.910654723644, 1.00843679905, 1.24677062035, 1.34927177429, 1.62417829037]
    }
},
"metadata": {
    "audio_properties": {
        "analysis_sample_rate": 44100,
        "bit_rate": 128074,
        "equal_loudness": 0,
        "length": 45.0612258911,
        "lossless": 0,
        "replay_gain": -6.59426879883,
        "sample_rate": 44100,
        "codec": "mp3",
        "downmix": "mix",
        "md5_encoded": "5a1d99b5a1bf073e102ebc155527241a"
    },
    "tags": {
        "file_name": "1734.mp3"
    },
    "version": {
        "essentia": "2.1-beta2",
        "essentia_git_sha": "v2.1_beta2",
        "extractor": "music 1.0"
    }
},
"rhythm": {
    "beats_count": 99,
    "beats_loudness": {
        "mean": 0.0548417381942,
        "var": 0.00138276303187
    },
    "bpm": 133.73815918,
    "bpm_histogram_first_peak_bpm": {
        "mean": 133,
        "var": 0
    },
    "bpm_histogram_first_peak_spread": {
        "mean": 0.5,
        "var": 0
    },
    "bpm_histogram_first_peak_weight": {
        "mean": 0.469387769699,
        "var": 0
    },
    "bpm_histogram_second_peak_bpm": {
        "mean": 126,
        "var": 0
    },
    "bpm_histogram_second_peak_spread": {
        "mean": 0.249999970198,
        "var": 0
    },
    "bpm_histogram_second_peak_weight": {
        "mean": 0.0306122452021,
        "var": 0
    },
    "danceability": 1.5525021553,
    "onset_rate": 6.32187795639,
    "beats_loudness_band_ratio": {
        "mean": [0.679358065128, 0.235715150833, 0.0522179603577, 0.0180340856314, 0.0134131014347, 0.0549908839166],
        "var": [0.0470799952745, 0.0197442099452, 0.00594632513821, 0.000402710982598, 0.000457443209598, 0.00787812564522]
    },
    "beats_position": [0.452789098024, 0.917188167572, 1.39319729805, 1.86920630932, 2.34521532059, 2.83283448219, 3.29723358154, 3.75002264977, 4.20281171799, 4.6439909935, 5.07355976105, 5.52634906769, 5.99074840546, 6.44353723526, 6.8963265419, 7.33750534058, 7.79029464722, 8.24308395386, 8.68426322937, 9.12544155121, 9.58984088898, 10.0310201645, 10.47219944, 10.9133787155, 11.354557991, 11.807346344, 12.2601356506, 12.7129249573, 13.1657142639, 13.6068935394, 14.0480718613, 14.5008611679, 14.9536504745, 15.3948297501, 15.8360090256, 16.2887973785, 16.7415866852, 17.1827659607, 17.6355552673, 18.088344574, 18.5295238495, 18.9823131561, 19.4351024628, 19.8762817383, 20.3174591064, 20.7702484131, 21.2230377197, 21.6642169952, 22.1170063019, 22.5697956085, 23.010974884, 23.4521541595, 23.9049434662, 24.3577327728, 24.7989120483, 25.2400894165, 25.681268692, 26.1340579987, 26.5868473053, 27.0396366119, 27.4924259186, 27.9336051941, 28.3863945007, 28.8159637451, 29.2803630829, 29.7215423584, 30.1743297577, 30.6271190643, 31.0682983398, 31.5094776154, 31.9506568909, 32.4034461975, 32.8562355042, 33.3090248108, 33.7618141174, 34.2029914856, 34.6441726685, 35.0969619751, 35.5497512817, 35.9909286499, 36.4321098328, 36.8732872009, 37.3376846313, 37.7788658142, 38.2316551208, 38.6844444275, 39.1256217957, 39.5668029785, 40.0195922852, 40.4723815918, 40.91355896, 41.3663482666, 41.8191375732, 42.2603149414, 42.713104248, 43.1542854309, 43.6070747375, 44.0482521057, 44.5126533508]
},
"tonal": {
    "chords_changes_rate": 0.074074074626,
    "chords_number_rate": 0.00823045242578,
    "chords_strength": {
        "mean": 0.444892734289,
        "var": 0.00275391456671
    },
    "hpcp_entropy": {
        "mean": 2.42234730721,
        "var": 0.671256780624
    },
    "key_strength": 0.695240557194,
    "tuning_diatonic_strength": 0.449358016253,
    "tuning_equal_tempered_deviation": 0.199608638883,
    "tuning_frequency": 434.193115234,
    "tuning_nontempered_energy_ratio": 0.880970478058,
    "hpcp": {
        "mean": [0.209132686257, 0.217454224825, 0.158549308777, 0.12721401453, 0.102506294847, 0.0727418214083, 0.0600896552205, 0.0665916875005, 0.0983429551125, 0.155345261097, 0.158768385649, 0.114985913038, 0.109772197902, 0.131815433502, 0.181041389704, 0.339525461197, 0.438642829657, 0.31432440877, 0.178277790546, 0.112282335758, 0.0705886930227, 0.0639366582036, 0.0563655607402, 0.0905353799462, 0.134012237191, 0.0864193588495, 0.0437416993082, 0.0599301531911, 0.0626465976238, 0.0696141496301, 0.140827104449, 0.165320426226, 0.104093641043, 0.0725597143173, 0.0826560780406, 0.129459008574],
        "var": [0.0750907883048, 0.0714813694358, 0.0502057932317, 0.0463855937123, 0.0402153655887, 0.0267374049872, 0.0247387550771, 0.0264956653118, 0.0414017923176, 0.0744466930628, 0.0742132440209, 0.0447288267314, 0.0488083846867, 0.0587026625872, 0.0704371482134, 0.123311147094, 0.15616363287, 0.105777174234, 0.0798625946045, 0.052348382771, 0.0277735926211, 0.0224657803774, 0.0188916344196, 0.0243826080114, 0.0574129372835, 0.0245448667556, 0.0121078426018, 0.0182265788317, 0.0204869825393, 0.0188827104867, 0.0556435063481, 0.0769206434488, 0.0390094332397, 0.027679014951, 0.0330098718405, 0.0488151647151]
    },
    "chords_histogram": [0, 4.73251008987, 21.6049385071, 6.99588489532, 6.48148155212, 0, 0, 38.8888893127, 1.54320991039, 0.617283940315, 0, 0, 0, 0, 0, 0, 0, 0, 0, 0, 0, 4.11522626877, 15.0205764771, 0],
    "thpcp": [1, 0.716583967209, 0.40643042326, 0.255976676941, 0.160925224423, 0.145760178566, 0.128499895334, 0.20639885962, 0.305515617132, 0.197015330195, 0.0997205376625, 0.136626318097, 0.142819151282, 0.158703491092, 0.321051865816, 0.376890748739, 0.237308427691, 0.165418669581, 0.188435941935, 0.295135349035, 0.476772159338, 0.495743244886, 0.361454248428, 0.290017306805, 0.233689665794, 0.165833830833, 0.136989936233, 0.151813015342, 0.224198251963, 0.354149788618, 0.361953675747, 0.262140184641, 0.250254184008, 0.300507426262, 0.412730753422, 0.774036288261],
    "chords_key": "G",
    "chords_scale": "major",
    "key_key": "G",
    "key_scale": "minor"
}
}