{
"lowlevel": {
    "average_loudness": 0.95153594017,
    "barkbands_crest": {
        "mean": 11.9938325882,
        "var": 20.827539444
    },
    "barkbands_flatness_db": {
        "mean": 0.20875030756,
        "var": 0.00505367852747
    },
    "barkbands_kurtosis": {
        "mean": 12.6202802658,
        "var": 322.423034668
    },
    "barkbands_skewness": {
        "mean": 2.33480787277,
        "var": 2.8994307518
    },
    "barkbands_spread": {
        "mean": 15.9574489594,
        "var": 261.653930664
    },
    "dissonance": {
        "mean": 0.448889583349,
        "var": 0.00194116157945
    },
    "dynamic_complexity": 5.65756082535,
    "erbbands_crest": {
        "mean": 11.5678958893,
        "var": 31.8031997681
    },
    "erbbands_flatness_db": {
        "mean": 0.190759539604,
        "var": 0.00277861719951
    },
    "erbbands_kurtosis": {
        "mean": 3.16406798363,
        "var": 70.5055770874
    },
    "erbbands_skewness": {
        "mean": 0.842618107796,
        "var": 2.31172680855
    },
    "erbbands_spread": {
        "mean": 39.3832244873,
        "var": 473.961730957
    },
    "hfc": {
        "mean": 9.87669086456,
        "var": 393.562835693
    },
    "melbands_crest": {
        "mean": 17.1101779938,
        "var": 29.1426258087
    },
    "melbands_flatness_db": {
        "mean": 0.2861777246,
        "var": 0.00839905999601
    },
    "melbands_kurtosis": {
        "mean": 27.7049312592,
        "var": 1306.74511719
    },
    "melbands_skewness": {
        "mean": 3.41210436821,
        "var": 4.75293111801
    },
    "melbands_spread": {
        "mean": 16.6928348541,
        "var": 569.26751709
    },
    "pitch_salience": {
        "mean": 0.466023474932,
        "var": 0.0128561491147
    },
    "silence_rate_20dB": {
        "mean": 1,
        "var": 0
    },
    "silence_rate_30dB": {
        "mean": 0.93563336134,
        "var": 0.0602233447134
    },
    "silence_rate_60dB": {
        "mean": 0.22451081872,
        "var": 0.174105629325
    },
    "spectral_centroid": {
        "mean": 1126.93017578,
        "var": 797882.3125
    },
    "spectral_complexity": {
        "mean": 7.92018556595,
        "var": 50.9931144714
    },
    "spectral_decrease": {
        "mean": -6.75286981888e-009,
        "var": 1.37582449892e-016
    },
    "spectral_energy": {
        "mean": 0.0263827051967,
        "var": 0.00206622551195
    },
    "spectral_energyband_high": {
        "mean": 0.000407532817917,
        "var": 1.80320910204e-006
    },
    "spectral_energyband_low": {
        "mean": 0.0152258668095,
        "var": 0.00121133902576
    },
    "spectral_energyband_middle_high": {
        "mean": 0.0017118845135,
        "var": 2.62303019554e-005
    },
    "spectral_energyband_middle_low": {
        "mean": 0.00946397334337,
        "var": 0.000586070178542
    },
    "spectral_entropy": {
        "mean": 7.16405010223,
        "var": 0.35624101758
    },
    "spectral_flux": {
        "mean": 0.0652215704322,
        "var": 0.00373382051475
    },
    "spectral_kurtosis": {
        "mean": 4.33584880829,
        "var": 17.4995269775
    },
    "spectral_rms": {
        "mean": 0.00399382365867,
        "var": 9.78861680778e-006
    },
    "spectral_rolloff": {
        "mean": 893.274719238,
        "var": 1770769.375
    },
    "spectral_skewness": {
        "mean": 1.35362577438,
        "var": 0.495432078838
    },
    "spectral_spread": {
        "mean": 3918898.25,
        "var": 1.4875754496e+012
    },
    "spectral_strongpeak": {
        "mean": 0.680732131004,
        "var": 1.1936647892
    },
    "zerocrossingrate": {
        "mean": 0.0379549413919,
        "var": 0.00100056210067
    },
    "barkbands": {
        "mean": [0.00175884726923, 0.0105714630336, 0.00249364064075, 0.00130937539507, 0.000418066862039, 0.00449549360201, 0.00249588140287, 0.000626458553597, 8.2907245087e-005, 0.000217921522562, 0.000202883064048, 7.30758038117e-005, 0.00012539261661, 0.000304347311612, 0.000101700170489, 0.000146512815263, 0.000164884666447, 0.00013673013018, 0.000168426224263, 0.000187545127119, 0.000134116198751, 0.000121083205158, 3.35143195116e-005, 1.05521030491e-005, 1.34377080485e-006, 4.66345625227e-007, 1.24913057675e-007],
        "var": [2.18362401938e-005, 0.000778528861701, 2.92003987852e-005, 3.96550376536e-006, 6.34341574823e-007, 0.000284184323391, 6.86186685925e-005, 2.04663465411e-005, 1.37018616897e-007, 3.1622591905e-006, 3.85664816349e-006, 8.0867586405e-008, 1.03096192561e-006, 3.21018796967e-006, 2.53163790376e-007, 2.49395071705e-007, 2.24545061656e-007, 2.00108075887e-007, 5.43072872006e-007, 4.51560509873e-007, 1.98714303679e-007, 1.5630730843e-007, 1.01500070571e-008, 7.61910756708e-010, 9.352016557e-012, 1.53813181809e-012, 2.95611435721e-013]
    },
    "erbbands": {
        "mean": [0.382787317038, 2.02094841003, 3.24003481865, 4.04547977448, 2.64794945717, 0.850031673908, 4.26876592636, 42.4854660034, 60.648601532, 14.7618436813, 11.8715286255, 2.708974123, 3.37831568718, 9.72578620911, 6.80585622787, 3.02956938744, 4.91716146469, 18.0990104675, 5.23886442184, 7.25262832642, 9.03824996948, 8.3859500885, 7.64130735397, 8.36325454712, 7.74782037735, 9.01160621643, 5.83885669708, 5.96085882187, 4.90307664871, 1.70554018021, 0.927171468735, 0.373821973801, 0.101171441376, 0.0238207187504, 0.00634422339499, 0.00182270642836, 0.00100759346969, 0.000297465885524, 2.4479952117e-005, 3.01039781334e-005],
        "var": [1.26448309422, 28.0274658203, 54.9190216064, 42.0242004395, 19.9247455597, 2.08997249603, 112.926643372, 24608.6660156, 48817.71875, 2825.47387695, 8764.01074219, 106.885406494, 438.975708008, 9644.171875, 2574.71557617, 128.352615356, 1132.26428223, 9811.12402344, 576.442626953, 636.724731445, 771.839416504, 548.014099121, 762.342834473, 1455.29919434, 819.231933594, 909.641174316, 440.339447021, 432.825805664, 273.997253418, 24.9965934753, 8.33593082428, 1.08754873276, 0.0687871128321, 0.00363535247743, 0.000107506763015, 1.13546693683e-005, 8.66621667228e-006, 1.22164340155e-006, 3.68981822874e-009, 2.59642574107e-009]
    },
    "gfcc": {
        "mean": [-101.820838928, 117.419578552, -102.723892212, 65.7460632324, -57.9984588623, -2.77382588387, -28.0998401642, 8.71947574615, -1.69677901268, 6.49107837677, -6.05376672745, -1.68800127506, -7.26348495483],
        "cov": [[4981.23632813, 18.6240463257, -938.871582031, 209.177307129, 282.777648926, -107.533210754, 245.708694458, -288.154571533, 162.384460449, 54.3719367981, 295.121643066, 26.0224895477, -142.031799316], [18.6240463257, 1061.21081543, 285.16418457, -521.599731445, 115.149551392, 70.1798629761, 82.0390930176, -27.446855545, -17.5493965149, 28.1660900116, 214.225143433, -116.408653259, 29.0539112091], [-938.871582031, 285.16418457, 833.584289551, 148.213668823, -7.72383928299, 7.19832324982, 24.3524799347, 73.9505386353, 103.519508362, 26.867433548, 42.0407104492, 35.1460494995, 59.3336410522], [209.177307129, -521.599731445, 148.213668823, 642.034179688, 38.1186294556, -70.6204833984, 26.690202713, 57.1872253418, 89.430847168, -47.2629051208, -88.7857208252, 92.880607605, -10.7089338303], [282.777648926, 115.149551392, -7.72383928299, 38.1186294556, 242.774200439, 7.76364612579, 48.3910636902, 15.2648878098, 54.1539344788, 15.3059101105, 63.7812080383, -5.84191703796, -16.2655601501], [-107.533210754, 70.1798629761, 7.19832324982, -70.6204833984, 7.76364612579, 177.955566406, 75.0196762085, 31.7289428711, -48.6363983154, -48.0081596375, -22.585062027, -30.2478656769, 11.2907171249], [245.708694458, 82.0390930176, 24.3524799347, 26.690202713, 48.3910636902, 75.0196762085, 233.657684326, 74.342414856, -4.05249166489, -75.2725143433, 9.72196769714, 1.6614921093, -12.6783685684], [-288.154571533, -27.446855545, 73.9505386353, 57.1872253418, 15.2648878098, 31.7289428711, 74.342414856, 165.44152832, 23.2124023438, -62.602771759, -55.6181907654, 1.34914541245, 5.02798271179], [162.384460449, -17.5493965149, 103.519508362, 89.430847168, 54.1539344788, -48.6363983154, -4.05249166489, 23.2124023438, 166.023361206, 90.7086715698, 66.1187820435, 32.7054023743, -8.81025981903], [54.3719367981, 28.1660900116, 26.867433548, -47.2629051208, 15.3059101105, -48.0081596375, -75.2725143433, -62.602771759, 90.7086715698, 190.225143433, 134.339050293, 24.7629375458, -12.3684911728], [295.121643066, 214.225143433, 42.0407104492, -88.7857208252, 63.7812080383, -22.585062027, 9.72196769714, -55.6181907654, 66.1187820435, 134.339050293, 233.258377075, 18.7502098083, -19.1163196564], [26.0224895477, -116.408653259, 35.1460494995, 92.880607605, -5.84191703796, -30.2478656769, 1.6614921093, 1.34914541245, 32.7054023743, 24.7629375458, 18.7502098083, 101.860404968, 21.0468330383], [-142.031799316, 29.0539112091, 59.3336410522, -10.7089338303, -16.2655601501, 11.2907171249, -12.6783685684, 5.02798271179, -8.81025981903, -12.3684911728, -19.1163196564, 21.0468330383, 65.0380935669]],
        "icov": [[0.000645370630082, -0.000774049083702, 0.00123519473709, -0.00101093633566, 0.000229817393119, -2.17049273488e-005, -0.000715006026439, 0.00139386707451, -0.00136286276393, 0.000582447915804, -0.000331358402036, -0.000234228762565, 0.000180503862794], [-0.000774049083702, 0.00575765268877, -0.00377054745331, 0.00508349994197, -0.00231542414986, 0.0011450194288, -0.000275797618087, -0.000717041722964, 0.00132992933504, 0.0023896722123, -0.00335545069538, 0.00375547609292, -0.00232871179469], [0.00123519473709, -0.00377054745331, 0.00503612309694, -0.00423556333408, 0.00185100722592, -0.00082152133109, -0.000805362360552, 0.00162071245722, -0.00331555865705, -0.000205052798265, 0.000352838484105, -0.00149618089199, -0.000486983190058], [-0.00101093633566, 0.00508349994197, -0.00423556333408, 0.00730181531981, -0.00254094297998, 0.00152317911852, 0.000139175099321, -0.00108623679262, 0.000510527810548, 0.0025843505282, -0.000960236124229, 0.000598463753704, -0.000116327544674], [0.000229817393119, -0.00231542414986, 0.00185100722592, -0.00254094297998, 0.00618850719184, -0.000962502672337, -0.000203604824492, -7.62317940826e-005, -0.00228973710909, 0.000148773397086, -0.00061204249505, -0.000295164703857, 0.000743929005694], [-2.17049273488e-005, 0.0011450194288, -0.00082152133109, 0.00152317911852, -0.000962502672337, 0.00825626775622, -0.00294939801097, -0.000574614969082, 0.00215268461034, -0.000329104455886, -6.89067164785e-005, 0.00255439872853, -0.00238103372976], [-0.000715006026439, -0.000275797618087, -0.000805362360552, 0.000139175099321, -0.000203604824492, -0.00294939801097, 0.0087265856564, -0.00378064904362, 0.000482431321871, 0.00339761609212, -0.00184362172149, -0.0021480480209, 0.0026386375539], [0.00139386707451, -0.000717041722964, 0.00162071245722, -0.00108623679262, -7.62317940826e-005, -0.000574614969082, -0.00378064904362, 0.0126009592786, -0.00646525854245, 0.00437624426559, 0.000668805150781, -0.000196180888452, 0.000292906857794], [-0.00136286276393, 0.00132992933504, -0.00331555865705, 0.000510527810548, -0.00228973710909, 0.00215268461034, 0.000482431321871, -0.00646525854245, 0.0159666799009, -0.00882413145155, 0.00113068404607, -6.20830469416e-005, 2.316931932e-005], [0.000582447915804, 0.0023896722123, -0.000205052798265, 0.0025843505282, 0.000148773397086, -0.000329104455886, 0.00339761609212, 0.00437624426559, -0.00882413145155, 0.0190820433199, -0.00948080327362, -0.00015965772036, 0.00093395501608], [-0.000331358402036, -0.00335545069538, 0.000352838484105, -0.000960236124229, -0.00061204249505, -6.89067164785e-005, -0.00184362172149, 0.000668805150781, 0.00113068404607, -0.00948080327362, 0.0135240154341, -0.00429260963574, 0.00345746311359], [-0.000234228762565, 0.00375547609292, -0.00149618089199, 0.000598463753704, -0.000295164703857, 0.00255439872853, -0.0021480480209, -0.000196180888452, -6.20830469416e-005, -0.00015965772036, -0.00429260963574, 0.0175501722842, -0.00862635858357], [0.000180503862794, -0.00232871179469, -0.000486983190058, -0.000116327544674, 0.000743929005694, -0.00238103372976, 0.0026386375539, 0.000292906857794, 2.316931932e-005, 0.00093395501608, 0.00345746311359, -0.00862635858357, 0.0223148670048]]
    },
    "melbands": {
        "mean": [0.00321094156243, 0.00209431396797, 0.000670520530548, 0.000106442421384, 0.000111102206574, 0.00101946457289, 0.000849863979965, 0.00014291779371, 8.19132183096e-005, 1.22528654174e-005, 1.67645757756e-005, 3.94003436668e-005, 2.54460919678e-005, 1.11298850243e-005, 4.64636696051e-006, 1.51575441123e-005, 3.78504082619e-005, 7.55282053433e-006, 9.29822454054e-006, 9.19830199564e-006, 1.165546837e-005, 9.22194976738e-006, 7.09830055712e-006, 6.64372691972e-006, 6.73893100611e-006, 6.52605012874e-006, 5.25306040799e-006, 6.18057174506e-006, 4.14946589444e-006, 2.53483585766e-006, 3.98899192078e-006, 3.32674312631e-006, 1.36179198762e-006, 7.54869745379e-007, 5.39935626875e-007, 3.64582518841e-007, 1.7922883444e-007, 8.16075527155e-008, 2.71180020661e-008, 1.64162674565e-008],
        "var": [7.66064113122e-005, 2.30523655773e-005, 9.98748646452e-007, 4.21386125993e-008, 9.12496105343e-008, 1.47921400639e-005, 9.25120548345e-006, 4.54435308939e-007, 3.91067828787e-007, 2.62471733237e-009, 1.32551098986e-008, 1.55294486603e-007, 4.80682480486e-008, 2.44042941411e-009, 9.81957626323e-010, 1.46478935648e-008, 4.79006878606e-008, 1.46474421481e-009, 1.96519334139e-009, 1.53456913843e-009, 1.40160949513e-009, 5.48077583318e-010, 1.01368102801e-009, 4.37703512324e-010, 1.14235454429e-009, 5.58302126752e-010, 3.67642943866e-010, 4.63089289138e-010, 2.64122917981e-010, 7.04665839568e-011, 2.0671678258e-010, 1.32254110441e-010, 1.72870641413e-011, 5.21573669671e-012, 2.95486616946e-012, 1.23092313252e-012, 2.46702262568e-013, 5.01143858399e-014, 5.70186623543e-015, 1.77568937744e-015]
    },
    "mfcc": {
        "mean": [-743.815917969, 127.367828369, 17.1963043213, 61.9030799866, 1.72513842583, 4.88652181625, -11.0319271088, 4.30420017242, 4.36005735397, 6.09440040588, 4.23165941238, 9.36819934845, 7.50067901611],
        "cov": [[5026.54052734, -308.152130127, -1103.11901855, 239.479370117, -181.246139526, 284.782623291, 10.8789863586, 54.345085144, -325.543731689, 123.423583984, -12.6440048218, 155.633483887, 26.3217639923], [-308.152130127, 1409.92663574, 123.743865967, -468.84588623, 42.0610198975, -55.2653808594, 210.629699707, -122.858642578, -68.9628067017, -6.70950651169, 163.518661499, -34.4378128052, 47.6459732056], [-1103.11901855, 123.743865967, 739.781433105, 132.775039673, 49.9823036194, -4.69914484024, -9.30764389038, 36.2485809326, 108.984619141, -59.3963737488, 40.8125495911, 44.8699531555, 29.2693099976], [239.479370117, -468.84588623, 132.775039673, 530.584594727, 90.9494628906, 30.4297351837, -97.4985427856, 99.1105575562, 46.9061203003, 6.09429645538, -42.183177948, 99.5303878784, 48.2243843079], [-181.246139526, 42.0610198975, 49.9823036194, 90.9494628906, 200.73046875, 19.696723938, -31.3211803436, -26.8704719543, 11.0844688416, 20.2213878632, 17.4939727783, 31.2829875946, 43.1974220276], [284.782623291, -55.2653808594, -4.69914484024, 30.4297351837, 19.696723938, 131.526229858, 17.7691421509, -4.06538629532, -19.2680702209, -5.09711551666, 7.38550567627, 31.503112793, 13.5390367508], [10.8789863586, 210.629699707, -9.30764389038, -97.4985427856, -31.3211803436, 17.7691421509, 201.19342041, 79.294380188, 5.98030567169, -0.314022809267, 22.1165046692, -27.7070236206, 7.57591438293], [54.345085144, -122.858642578, 36.2485809326, 99.1105575562, -26.8704719543, -4.06538629532, 79.294380188, 228.214828491, 111.935394287, 6.75209188461, -48.8467636108, 6.15097808838, 2.834856987], [-325.543731689, -68.9628067017, 108.984619141, 46.9061203003, 11.0844688416, -19.2680702209, 5.98030567169, 111.935394287, 155.616256714, 16.5347690582, -40.2878494263, -14.9912929535, -5.49411582947], [123.423583984, -6.70950651169, -59.3963737488, 6.09429645538, 20.2213878632, -5.09711551666, -0.314022809267, 6.75209188461, 16.5347690582, 97.2911682129, 33.9427452087, -3.11743235588, 2.06420707703], [-12.6440048218, 163.518661499, 40.8125495911, -42.183177948, 17.4939727783, 7.38550567627, 22.1165046692, -48.8467636108, -40.2878494263, 33.9427452087, 117.724761963, 43.5992736816, 30.784330368], [155.633483887, -34.4378128052, 44.8699531555, 99.5303878784, 31.2829875946, 31.503112793, -27.7070236206, 6.15097808838, -14.9912929535, -3.11743235588, 43.5992736816, 158.532119751, 94.1605911255], [26.3217639923, 47.6459732056, 29.2693099976, 48.2243843079, 43.1974220276, 13.5390367508, 7.57591438293, 2.834856987, -5.49411582947, 2.06420707703, 30.784330368, 94.1605911255, 126.569328308]],
        "icov": [[0.000606154440902, -0.000375576491933, 0.000831477052998, -0.000661211262923, 0.0008245279314, -0.00130217988044, 0.000481604889501, -0.000748991500586, 0.00115329329856, -0.000760465976782, 0.00033022230491, -0.00040608245763, 0.000205059506698], [-0.000375576491933, 0.00182784185745, -0.00089613115415, 0.00160825450439, -0.00138597632758, 0.00165364751592, -0.00166912772693, 0.00093633425422, -0.000545074872207, 0.000813306542113, -0.00126191496383, 0.000283192610368, -0.000581110129133], [0.000831477052998, -0.00089613115415, 0.00342581234872, -0.00194457068574, 0.00124022737145, -0.00188708421774, 0.000784998410381, -0.000376807904104, -0.00119533855468, 0.00156990636606, -0.00177468103357, -0.000349097070284, 0.000466993602458], [-0.000661211262923, 0.00160825450439, -0.00194457068574, 0.00511858658865, -0.00284793623723, 0.0015169349499, 0.000589145522099, -0.00159294903278, 0.000695770548191, -0.000102920283098, 0.000538031745236, -0.00103348284028, -0.000488455058075], [0.0008245279314, -0.00138597632758, 0.00124022737145, -0.00284793623723, 0.0081274965778, -0.00309492857195, 0.00139498454519, 0.00075650686631, -0.000113395006338, -0.00221337354742, 0.00051429704763, 0.000431081512943, -0.00180930248462], [-0.00130217988044, 0.00165364751592, -0.00188708421774, 0.0015169349499, -0.00309492857195, 0.0119654135779, -0.00383728183806, 0.00277547119185, -0.00170841289219, 0.0019113154849, -0.00032114610076, -0.00182606175076, 0.000781862356234], [0.000481604889501, -0.00166912772693, 0.000784998410381, 0.000589145522099, 0.00139498454519, -0.00383728183806, 0.0114382999018, -0.00771006103605, 0.00365537684411, 0.000275819591479, -0.00262487167493, 0.00399685790762, -0.00263626431115], [-0.000748991500586, 0.00093633425422, -0.000376807904104, -0.00159294903278, 0.00075650686631, 0.00277547119185, -0.00771006103605, 0.0138132832944, -0.0094129415229, 0.000530869932845, 0.00242239469662, -0.00276457704604, 0.00114464259241], [0.00115329329856, -0.000545074872207, -0.00119533855468, 0.000695770548191, -0.000113395006338, -0.00170841289219, 0.00365537684411, -0.0094129415229, 0.0176200214773, -0.00634275143966, 0.00487606786191, 0.000525035022292, -0.000518112909049], [-0.000760465976782, 0.000813306542113, 0.00156990636606, -0.000102920283098, -0.00221337354742, 0.0019113154849, 0.000275819591479, 0.000530869932845, -0.00634275143966, 0.0173729360104, -0.0096879824996, 0.00346949370578, -0.000732731365133], [0.00033022230491, -0.00126191496383, -0.00177468103357, 0.000538031745236, 0.00051429704763, -0.00032114610076, -0.00262487167493, 0.00242239469662, 0.00487606786191, -0.0096879824996, 0.0191693529487, -0.00683794682845, 0.00136777246371], [-0.00040608245763, 0.000283192610368, -0.000349097070284, -0.00103348284028, 0.000431081512943, -0.00182606175076, 0.00399685790762, -0.00276457704604, 0.000525035022292, 0.00346949370578, -0.00683794682845, 0.016909994185, -0.0106275267899], [0.000205059506698, -0.000581110129133, 0.000466993602458, -0.000488455058075, -0.00180930248462, 0.000781862356234, -0.00263626431115, 0.00114464259241, -0.000518112909049, -0.000732731365133, 0.00136777246371, -0.0106275267899, 0.0163841415197]]
    },
    "spectral_contrast_coeffs": {
        "mean": [-0.656942486763, -0.68812006712, -0.791867077351, -0.78306388855, -0.81444978714, -0.727753102779],
        "var": [0.00524605810642, 0.0111164152622, 0.00315019674599, 0.0036713022273, 0.00146811839659, 0.00351708591916]
    },
    "spectral_contrast_valleys": {
        "mean": [-7.84508562088, -7.43076944351, -8.82565498352, -9.16169643402, -8.26183414459, -11.4539966583],
        "var": [0.775256752968, 0.736358165741, 0.889446020126, 0.898238897324, 1.02539670467, 0.436301708221]
    }
},
"metadata": {
    "audio_properties": {
        "analysis_sample_rate": 44100,
        "bit_rate": 128074,
        "equal_loudness": 0,
        "length": 45.0612258911,
        "lossless": 0,
        "replay_gain": -6.34147644043,
        "sample_rate": 44100,
        "codec": "mp3",
        "downmix": "mix",
        "md5_encoded": "f5b80788c992402e2e73b9ff1aeb14d2"
    },
    "tags": {
        "file_name": "1735.mp3"
    },
    "version": {
        "essentia": "2.1-beta2",
        "essentia_git_sha": "v2.1_beta2",
        "extractor": "music 1.0"
    }
},
"rhythm": {
    "beats_count": 88,
    "beats_loudness": {
        "mean": 0.053076479584,
        "var": 0.00441779755056
    },
    "bpm": 118.425834656,
    "bpm_histogram_first_peak_bpm": {
        "mean": 117,
        "var": 0
    },
    "bpm_histogram_first_peak_spread": {
        "mean": 0.521126747131,
        "var": 0
    },
    "bpm_histogram_first_peak_weight": {
        "mean": 0.390804588795,
        "var": 0
    },
    "bpm_histogram_second_peak_bpm": {
        "mean": 123,
        "var": 0
    },
    "bpm_histogram_second_peak_spread": {
        "mean": 0,
        "var": 0
    },
    "bpm_histogram_second_peak_weight": {
        "mean": 0.137931033969,
        "var": 0
    },
    "danceability": 1.25702857971,
    "onset_rate": 3.23857593536,
    "beats_loudness_band_ratio": {
        "mean": [0.513802468777, 0.187888085842, 0.12561224401, 0.0230206009001, 0.0887576416135, 0.124427445233],
        "var": [0.0970694124699, 0.0604133270681, 0.0247083604336, 0.00190490903333, 0.00883806217462, 0.0243047308177]
    },
    "beats_position": [0.487619042397, 1.02167797089, 1.53251695633, 2.04335594177, 2.55419492722, 3.06503391266, 3.5758728981, 4.08671188354, 4.59755086899, 5.08516979218, 5.58439922333, 6.08362817764, 6.58285713196, 7.0936961174, 7.59292507172, 8.08054447174, 8.56816291809, 9.0906124115, 9.58984088898, 10.1006803513, 10.5999088287, 11.110748291, 11.5983667374, 12.1092061996, 12.6084346771, 13.1424942017, 13.6417226791, 14.1409521103, 14.6285715103, 15.1394100189, 15.6270294189, 16.1262588501, 16.6254863739, 17.1595458984, 17.6587753296, 18.1696147919, 18.6688423157, 19.179681778, 19.6789112091, 20.2013607025, 20.7121982574, 21.2230377197, 21.7106571198, 22.2098865509, 22.7091159821, 23.219953537, 23.7191829681, 24.2184123993, 24.7060317993, 25.2284793854, 25.7277088165, 26.2385482788, 26.7493877411, 27.2602272034, 27.7594547272, 28.2702941895, 28.7811336517, 29.2803630829, 29.7795906067, 30.2788200378, 30.778049469, 31.2888889313, 31.7881164551, 32.2757377625, 32.7633552551, 33.2858047485, 33.7850341797, 34.2958717346, 34.8067131042, 35.3175506592, 35.8051681519, 36.3160095215, 36.8152389526, 37.3376846313, 37.848526001, 38.3477554321, 38.8469848633, 39.3578224182, 39.8454399109, 40.3562812805, 40.8555107117, 41.3663482666, 41.8655776978, 42.3764152527, 42.8872566223, 43.3980941772, 43.9205436707, 44.4546012878]
},
"tonal": {
    "chords_changes_rate": 0.0689300447702,
    "chords_number_rate": 0.00925925932825,
    "chords_strength": {
        "mean": 0.516456067562,
        "var": 0.00410571182147
    },
    "hpcp_entropy": {
        "mean": 1.9723136425,
        "var": 0.717390239239
    },
    "key_strength": 0.672224998474,
    "tuning_diatonic_strength": 0.532584547997,
    "tuning_equal_tempered_deviation": 0.218708768487,
    "tuning_frequency": 434.193115234,
    "tuning_nontempered_energy_ratio": 0.93413579464,
    "hpcp": {
        "mean": [0.0848977863789, 0.114279486239, 0.107148677111, 0.100533626974, 0.106363639235, 0.0871169418097, 0.0666557103395, 0.0735181421041, 0.108438387513, 0.171302571893, 0.179497629404, 0.110670305789, 0.0623249933124, 0.0518043078482, 0.0635451972485, 0.136367678642, 0.160514235497, 0.0957747399807, 0.0648172199726, 0.0525965578854, 0.0419654883444, 0.0595971494913, 0.0674419477582, 0.150796115398, 0.29200387001, 0.246148258448, 0.107100963593, 0.0567134618759, 0.054662194103, 0.126321166754, 0.33900102973, 0.355044692755, 0.131006345153, 0.0342095009983, 0.0353169739246, 0.0499085076153],
        "var": [0.0319041907787, 0.0478790774941, 0.0502968132496, 0.0446442849934, 0.0474814660847, 0.036206047982, 0.0262706261128, 0.0340449810028, 0.0447882041335, 0.0711656212807, 0.0791628584266, 0.0455607436597, 0.0262429881841, 0.0209583137184, 0.0190422683954, 0.0549925416708, 0.068562105298, 0.0255441702902, 0.0211668144912, 0.0161758307368, 0.0114830648527, 0.0277169346809, 0.0321840755641, 0.04459656775, 0.137509524822, 0.106115035713, 0.0419932678342, 0.0219271220267, 0.01564277336, 0.0362790822983, 0.129090577364, 0.145620688796, 0.0336034595966, 0.0103866839781, 0.0131954448298, 0.0222840346396]
    },
    "chords_histogram": [2.98353910446, 0, 26.5432090759, 0, 0, 0, 0, 0, 0, 0, 0, 0, 0, 2.36625504494, 0, 3.60082316399, 0, 5.24691343307, 0, 25.4115219116, 16.3580245972, 12.1399173737, 5.34979438782, 0],
    "thpcp": [1, 0.368985503912, 0.0963526591659, 0.099471911788, 0.140569642186, 0.239118590951, 0.321873515844, 0.30178925395, 0.283157676458, 0.299578160048, 0.245368942618, 0.187738925219, 0.207067295909, 0.305421799421, 0.482481718063, 0.505563497543, 0.31170809269, 0.175541266799, 0.145909264684, 0.178978025913, 0.384085953236, 0.452095866203, 0.269754052162, 0.182560741901, 0.148140668869, 0.118197761476, 0.167858168483, 0.189953401685, 0.424724310637, 0.82244259119, 0.693288087845, 0.301654875278, 0.159736126661, 0.153958633542, 0.355789482594, 0.954812288284],
    "chords_key": "G",
    "chords_scale": "major",
    "key_key": "C",
    "key_scale": "major"
}
}