{
"lowlevel": {
    "average_loudness": 0.28945222497,
    "barkbands_crest": {
        "mean": 10.7798690796,
        "var": 19.1428432465
    },
    "barkbands_flatness_db": {
        "mean": 0.244333982468,
        "var": 0.00456967577338
    },
    "barkbands_kurtosis": {
        "mean": 2.45743179321,
        "var": 34.6149787903
    },
    "barkbands_skewness": {
        "mean": 0.937917888165,
        "var": 1.30244112015
    },
    "barkbands_spread": {
        "mean": 10.7933235168,
        "var": 38.509563446
    },
    "dissonance": {
        "mean": 0.44501516223,
        "var": 0.00174343783874
    },
    "dynamic_complexity": 4.12506198883,
    "erbbands_crest": {
        "mean": 12.0132598877,
        "var": 25.4783573151
    },
    "erbbands_flatness_db": {
        "mean": 0.303292453289,
        "var": 0.00296530057676
    },
    "erbbands_kurtosis": {
        "mean": 0.801196753979,
        "var": 11.1003170013
    },
    "erbbands_skewness": {
        "mean": 0.226875171065,
        "var": 0.775835394859
    },
    "erbbands_spread": {
        "mean": 18.8094768524,
        "var": 82.3210525513
    },
    "hfc": {
        "mean": 11.5795049667,
        "var": 469.901763916
    },
    "melbands_crest": {
        "mean": 12.9962844849,
        "var": 25.2003898621
    },
    "melbands_flatness_db": {
        "mean": 0.293836474419,
        "var": 0.00874392408878
    },
    "melbands_kurtosis": {
        "mean": 4.14202690125,
        "var": 65.8503189087
    },
    "melbands_skewness": {
        "mean": 1.31684076786,
        "var": 1.41264665127
    },
    "melbands_spread": {
        "mean": 18.2028255463,
        "var": 140.842178345
    },
    "pitch_salience": {
        "mean": 0.537217795849,
        "var": 0.0129759339616
    },
    "silence_rate_20dB": {
        "mean": 1,
        "var": 0
    },
    "silence_rate_30dB": {
        "mean": 0.993820786476,
        "var": 0.00614099018276
    },
    "silence_rate_60dB": {
        "mean": 0.24407826364,
        "var": 0.18450191617
    },
    "spectral_centroid": {
        "mean": 1080.42114258,
        "var": 460723.59375
    },
    "spectral_complexity": {
        "mean": 12.5628213882,
        "var": 59.120388031
    },
    "spectral_decrease": {
        "mean": -3.33238436845e-009,
        "var": 2.31009525538e-017
    },
    "spectral_energy": {
        "mean": 0.0136274863034,
        "var": 0.000383435137337
    },
    "spectral_energyband_high": {
        "mean": 8.98547004908e-005,
        "var": 1.40742301369e-007
    },
    "spectral_energyband_low": {
        "mean": 0.000750740757212,
        "var": 1.17211648103e-005
    },
    "spectral_energyband_middle_high": {
        "mean": 0.00471059419215,
        "var": 9.1290959972e-005
    },
    "spectral_energyband_middle_low": {
        "mean": 0.00874984636903,
        "var": 0.000212886443478
    },
    "spectral_entropy": {
        "mean": 6.73866939545,
        "var": 0.276895642281
    },
    "spectral_flux": {
        "mean": 0.0483299121261,
        "var": 0.00125951075461
    },
    "spectral_kurtosis": {
        "mean": 19.516576767,
        "var": 250.07522583
    },
    "spectral_rms": {
        "mean": 0.00310954661109,
        "var": 3.62581113222e-006
    },
    "spectral_rolloff": {
        "mean": 1345.57775879,
        "var": 767103.9375
    },
    "spectral_skewness": {
        "mean": 2.52302217484,
        "var": 1.38943243027
    },
    "spectral_spread": {
        "mean": 1874382.625,
        "var": 1.61802996941e+012
    },
    "spectral_strongpeak": {
        "mean": 1.48508858681,
        "var": 4.51939535141
    },
    "zerocrossingrate": {
        "mean": 0.0468948632479,
        "var": 0.000701210927218
    },
    "barkbands": {
        "mean": [3.17784451909e-006, 0.00011066699517, 0.000310414267005, 0.000868416100275, 0.00300213880837, 0.000783122784924, 0.00187009305228, 0.000638950616121, 0.000881306244992, 0.00120098388288, 0.00063110521296, 0.000844792870339, 0.000172094078152, 0.000249645352596, 0.000254187325481, 0.000669959408697, 0.000500218127854, 0.000219442328671, 0.000287017202936, 6.41568985884e-005, 2.94956571452e-005, 1.50404903252e-005, 8.00916586741e-006, 4.0741488192e-006, 7.11537541065e-006, 1.79053654392e-006, 7.98636818899e-008],
        "var": [8.69100347245e-010, 1.45850185618e-006, 2.20217407332e-006, 1.15700340757e-005, 6.14139571553e-005, 7.57289626563e-006, 2.65979961114e-005, 2.85060013994e-006, 2.52719632954e-006, 6.27487861493e-006, 2.12746772377e-006, 5.40584187547e-006, 2.07724767165e-007, 1.0791608247e-006, 1.63035181799e-007, 1.39568037412e-005, 1.9976398562e-006, 9.81047719506e-007, 2.441909146e-006, 4.21889581048e-008, 7.76339259545e-009, 6.99727875642e-009, 2.19551754554e-009, 8.48085601746e-010, 4.69188243812e-009, 4.98062979748e-010, 1.52810164696e-012]
    },
    "erbbands": {
        "mean": [0.00207714899443, 0.0338879413903, 0.301236569881, 1.7215681076, 7.46893167496, 9.84401130676, 7.92802000046, 6.6185426712, 20.1053924561, 25.7624702454, 14.0044116974, 23.2083187103, 38.5662384033, 27.9137954712, 31.1940937042, 25.6077976227, 10.0022506714, 9.79321861267, 17.7022819519, 12.4837274551, 46.1897697449, 28.9478569031, 10.2283325195, 23.203874588, 5.90585756302, 3.10195970535, 1.82223880291, 0.639639616013, 0.532958209515, 0.374457150698, 0.217426106334, 0.104415878654, 0.0658504143357, 0.0718749016523, 0.0536786615849, 0.0137050440535, 0.0022397947032, 0.000323247368215, 1.58776165335e-005, 1.65849214682e-005],
        "var": [0.000546608585864, 0.102733440697, 2.13771033287, 37.2932891846, 763.950744629, 500.326599121, 848.30859375, 583.07232666, 3676.83642578, 3842.83544922, 974.537719727, 1695.87524414, 9146.59960938, 1594.77722168, 5038.85351563, 3642.99414063, 576.248962402, 606.695556641, 1841.04882813, 1113.88037109, 61719.59375, 6215.16455078, 936.711975098, 19152.9199219, 422.328613281, 98.4355773926, 26.7240982056, 6.870033741, 8.51417732239, 4.47596025467, 1.82182312012, 0.503742933273, 0.267609685659, 0.478702932596, 0.250373095274, 0.024176934734, 0.000855037302244, 1.98870693566e-005, 1.32619453197e-008, 5.98451566081e-010]
    },
    "gfcc": {
        "mean": [-141.288726807, 169.810165405, -178.213287354, -12.6394052505, -49.2795143127, -27.8710727692, -29.5732250214, -5.36108589172, -27.8894863129, -17.8574523926, -13.5219125748, -19.3038806915, -0.981387853622],
        "cov": [[5895.49462891, -2081.55517578, -634.100952148, 725.120422363, -725.851928711, 368.419464111, -239.565078735, 229.600265503, 72.0075531006, 80.0256118774, -137.12727356, 288.185058594, -299.345977783], [-2081.55517578, 3109.5769043, 891.352111816, -842.916503906, 942.744995117, -578.242126465, 175.316925049, -602.621398926, -203.851272583, -38.3016281128, 259.511138916, -309.276031494, 258.01776123], [-634.100952148, 891.352111816, 949.739990234, -155.48979187, 196.571426392, 12.5309734344, -101.397766113, -200.98399353, -147.320495605, 48.2785377502, 69.0627288818, -80.7666549683, -0.843680262566], [725.120422363, -842.916503906, -155.48979187, 534.858886719, -191.031188965, 229.896942139, -56.1126441956, 154.411132813, 40.7603263855, -6.19098806381, -69.599029541, 87.6185302734, -85.2726898193], [-725.851928711, 942.744995117, 196.571426392, -191.031188965, 534.260375977, -158.457397461, 96.2975387573, -139.937484741, -68.2656478882, -10.2197952271, 37.4505691528, -106.50302124, 76.6174468994], [368.419464111, -578.242126465, 12.5309734344, 229.896942139, -158.457397461, 355.206604004, -46.1583709717, 113.521430969, 16.9450035095, 23.7220230103, -25.1508178711, 58.5251197815, -87.9054794312], [-239.565078735, 175.316925049, -101.397766113, -56.1126441956, 96.2975387573, -46.1583709717, 172.639144897, 17.758731842, -4.66321659088, -21.9070224762, -8.8548374176, -27.8298969269, 41.2387008667], [229.600265503, -602.621398926, -200.98399353, 154.411132813, -139.937484741, 113.521430969, 17.758731842, 254.955154419, 82.0684509277, 5.55743551254, -56.7629966736, 56.8638381958, -71.5948562622], [72.0075531006, -203.851272583, -147.320495605, 40.7603263855, -68.2656478882, 16.9450035095, -4.66321659088, 82.0684509277, 141.292007446, 18.0484962463, -8.70459842682, 27.7243480682, -15.511464119], [80.0256118774, -38.3016281128, 48.2785377502, -6.19098806381, -10.2197952271, 23.7220230103, -21.9070224762, 5.55743551254, 18.0484962463, 116.528709412, 30.9927024841, 8.70254898071, -4.95536804199], [-137.12727356, 259.511138916, 69.0627288818, -69.599029541, 37.4505691528, -25.1508178711, -8.8548374176, -56.7629966736, -8.70459842682, 30.9927024841, 121.686500549, 16.8764247894, 7.43544387817], [288.185058594, -309.276031494, -80.7666549683, 87.6185302734, -106.50302124, 58.5251197815, -27.8298969269, 56.8638381958, 27.7243480682, 8.70254898071, 16.8764247894, 111.34009552, -9.19746875763], [-299.345977783, 258.01776123, -0.843680262566, -85.2726898193, 76.6174468994, -87.9054794312, 41.2387008667, -71.5948562622, -15.511464119, -4.95536804199, 7.43544387817, -9.19746875763, 114.589523315]],
        "icov": [[0.000300762592815, -0.000182267700438, 0.000314985634759, -0.00025150354486, 0.000278696359601, -2.35117636294e-006, 0.000153906876221, 0.000341513805324, 0.000286238733679, -0.000504703086335, 0.000693479028996, -0.000789934187196, 0.000889619172085], [-0.000182267700438, 0.00535014970228, -0.00325607811101, 0.00209783995524, -0.00404417188838, 0.0022957411129, -0.00281967222691, 0.00308713852428, -0.00255158171058, 0.00366506096907, -0.00727160414681, 0.005177131854, -0.00287653808482], [0.000314985634759, -0.00325607811101, 0.00390153448097, -0.00103696039878, 0.00203521666117, -0.00198094942607, 0.00296044303104, -0.000986407278106, 0.00292776222341, -0.00308175687678, 0.00445375917479, -0.00293127843179, 0.00258813868277], [-0.00025150354486, 0.00209783995524, -0.00103696039878, 0.00421287026256, -0.00174854940269, -0.000610432645772, -0.000487885990879, 0.00057386525441, -0.000879930332303, 0.00185737700667, -0.00172356865369, 0.000907120294869, -0.000872421020176], [0.000278696359601, -0.00404417188838, 0.00203521666117, -0.00174854940269, 0.00624002236873, -0.00108026200905, 0.000637399556581, -0.0017454236513, 0.00218963297084, -0.002890445292, 0.0049877660349, -0.00243529886939, 0.00187940662727], [-2.35117636294e-006, 0.0022957411129, -0.00198094942607, -0.000610432645772, -0.00108026200905, 0.00591569114476, -0.00168519979343, 0.000694505812135, -0.000649983645417, 0.000694238056894, -0.00279749487527, 0.00111112627201, 0.000869319657795], [0.000153906876221, -0.00281967222691, 0.00296044303104, -0.000487885990879, 0.000637399556581, -0.00168519979343, 0.0105155305937, -0.00432759104297, 0.00268395827152, -0.000960451376159, 0.00304916454479, -0.000562558649108, -0.00171862402931], [0.000341513805324, 0.00308713852428, -0.000986407278106, 0.00057386525441, -0.0017454236513, 0.000694505812135, -0.00432759104297, 0.0115435477346, -0.00406434899196, 0.000473974505439, -6.90406377544e-005, -0.00115422380622, 0.00421245163307], [0.000286238733679, -0.00255158171058, 0.00292776222341, -0.000879930332303, 0.00218963297084, -0.000649983645417, 0.00268395827152, -0.00406434899196, 0.0114912260324, -0.00362101593055, 0.00313543807715, -0.00277036544867, 0.00136497477069], [-0.000504703086335, 0.00366506096907, -0.00308175687678, 0.00185737700667, -0.002890445292, 0.000694238056894, -0.000960451376159, 0.000473974505439, -0.00362101593055, 0.013171360828, -0.00844645034522, 0.00499360123649, -0.004076176323], [0.000693479028996, -0.00727160414681, 0.00445375917479, -0.00172356865369, 0.0049877660349, -0.00279749487527, 0.00304916454479, -6.90406377544e-005, 0.00313543807715, -0.00844645034522, 0.0228116698563, -0.0132994558662, 0.00782505702227], [-0.000789934187196, 0.005177131854, -0.00293127843179, 0.000907120294869, -0.00243529886939, 0.00111112627201, -0.000562558649108, -0.00115422380622, -0.00277036544867, 0.00499360123649, -0.0132994558662, 0.0217020940036, -0.008659504354], [0.000889619172085, -0.00287653808482, 0.00258813868277, -0.000872421020176, 0.00187940662727, 0.000869319657795, -0.00171862402931, 0.00421245163307, 0.00136497477069, -0.004076176323, 0.00782505702227, -0.008659504354, 0.018364014104]]
    },
    "melbands": {
        "mean": [2.44894672505e-005, 0.000112781424832, 0.000466114608571, 0.000642438186333, 0.000326032954035, 0.000145886209793, 0.000340458587743, 0.0002555155952, 0.000102744343167, 0.000151835833094, 0.000189903264982, 0.000109401989903, 0.000101936726423, 9.78591269813e-005, 4.11557302868e-005, 1.35550817504e-005, 1.9343178792e-005, 3.1073235732e-005, 1.31639808387e-005, 3.00479059661e-005, 5.37865162187e-005, 3.66614440281e-005, 7.44371163819e-006, 1.15205839393e-005, 2.08148467209e-005, 5.12037968292e-006, 2.89359741146e-006, 1.79156222657e-006, 1.36665141781e-006, 5.83937321608e-007, 2.9027435744e-007, 3.18281252021e-007, 2.62167958454e-007, 1.80475822731e-007, 1.37132403211e-007, 7.83391911341e-008, 5.74656091601e-008, 4.34603784072e-008, 4.99328862702e-008, 6.34937009636e-008],
        "var": [7.78353665964e-008, 3.90615895185e-007, 2.55593317888e-006, 2.85452483695e-006, 1.18532011584e-006, 2.69680668907e-007, 1.0332499869e-006, 3.48476305589e-007, 5.22236760503e-008, 7.93475933847e-008, 2.25475531579e-007, 2.65169166624e-008, 5.34675983488e-008, 8.07573599104e-008, 9.83297177015e-009, 9.72463776172e-010, 3.30042881913e-009, 8.59046878077e-009, 4.76347794542e-010, 1.86384543355e-008, 7.90769405512e-008, 1.18941079208e-008, 4.67268113091e-010, 2.62009369756e-009, 1.63368500949e-008, 7.72173991415e-010, 6.40676192654e-011, 3.98525726308e-011, 1.55340029034e-011, 4.37753349194e-012, 2.03578191631e-012, 3.45189675455e-012, 2.02422150222e-012, 1.16739907671e-012, 7.31459814593e-013, 2.51542737377e-013, 1.73344262664e-013, 9.93009250131e-014, 2.85853074067e-013, 3.47080870988e-013]
    },
    "mfcc": {
        "mean": [-761.05847168, 189.863418579, -51.81483078, 1.20445168018, -11.0391311646, -24.1111297607, -3.95153307915, -4.58757972717, -7.52248716354, -3.80971312523, -14.3033418655, -12.312792778, -3.49252772331],
        "cov": [[5059.04296875, -1776.33203125, -838.267150879, 491.95111084, -546.808898926, 140.827056885, -262.887573242, 146.389648438, 116.202461243, -207.133529663, 160.911468506, 285.059356689, 162.61038208], [-1776.33203125, 2648.10571289, 551.129882813, -323.812042236, 529.251342773, -81.6675491333, 276.486419678, -361.054962158, -306.992523193, 49.5280609131, -219.562774658, -232.73425293, -99.1411209106], [-838.267150879, 551.129882813, 858.904907227, -143.454910278, 239.943313599, 112.734764099, 77.7108764648, -125.620704651, -178.711288452, 35.1902542114, -21.1590213776, -109.549552917, -51.3418464661], [491.95111084, -323.812042236, -143.454910278, 303.217376709, -21.7069740295, 31.9389896393, -29.8481197357, 50.1019706726, 71.7320709229, -36.593536377, 14.014128685, 43.2885818481, 17.9608669281], [-546.808898926, 529.251342773, 239.943313599, -21.7069740295, 313.174957275, 67.9426727295, 87.0386123657, -52.6355743408, -75.9506225586, 28.5989170074, -18.4649791718, -58.9754371643, -15.5951662064], [140.827056885, -81.6675491333, 112.734764099, 31.9389896393, 67.9426727295, 184.614181519, 42.3348846436, 7.59776830673, -8.22292232513, -11.1730194092, 17.8364944458, 9.26912498474, 2.91665482521], [-262.887573242, 276.486419678, 77.7108764648, -29.8481197357, 87.0386123657, 42.3348846436, 163.876403809, 1.84449708462, -30.1536846161, 20.9043064117, -36.7793083191, -31.1061325073, -4.11869239807], [146.389648438, -361.054962158, -125.620704651, 50.1019706726, -52.6355743408, 7.59776830673, 1.84449708462, 178.448257446, 92.1250686646, -8.40846157074, 61.2706489563, 43.5786514282, 7.69157934189], [116.202461243, -306.992523193, -178.711288452, 71.7320709229, -75.9506225586, -8.22292232513, -30.1536846161, 92.1250686646, 170.949737549, 37.0442886353, 16.12433815, 31.4790496826, 7.51409482956], [-207.133529663, 49.5280609131, 35.1902542114, -36.593536377, 28.5989170074, -11.1730194092, 20.9043064117, -8.40846157074, 37.0442886353, 110.74105835, 15.9739093781, -30.076631546, 1.27422869205], [160.911468506, -219.562774658, -21.1590213776, 14.014128685, -18.4649791718, 17.8364944458, -36.7793083191, 61.2706489563, 16.12433815, 15.9739093781, 134.64642334, 75.6677246094, 18.8827514648], [285.059356689, -232.73425293, -109.549552917, 43.2885818481, -58.9754371643, 9.26912498474, -31.1061325073, 43.5786514282, 31.4790496826, -30.076631546, 75.6677246094, 142.405822754, 57.327671051], [162.61038208, -99.1411209106, -51.3418464661, 17.9608669281, -15.5951662064, 2.91665482521, -4.11869239807, 7.69157934189, 7.51409482956, 1.27422869205, 18.8827514648, 57.327671051, 88.5546264648]],
        "icov": [[0.000392921298044, 4.95874701301e-005, 0.000280936917989, -0.000420587195549, 0.000521187670529, -0.000573045399506, 0.000231272540987, 0.000106134604721, 0.000459401257103, 0.000170649393112, -0.00022563735547, 0.000114132933959, -0.000372822629288], [4.95874701301e-005, 0.00127246032935, 2.25897001656e-005, 0.000658170960378, -0.00164308468811, 0.00128929095808, -0.0015196200693, 0.00188628653996, -0.000153678600327, 0.000743869168218, 0.000125309961732, -2.684830406e-006, 0.000624143867753], [0.000280936917989, 2.25897001656e-005, 0.00227361009456, 0.000152665263158, -0.000384594866773, -0.00155641091987, 0.000465803605039, 0.000236833788222, 0.00192918058019, -0.000717045506462, -0.000322303385474, 0.000624058709946, 0.000292610347969], [-0.000420587195549, 0.000658170960378, 0.000152665263158, 0.00521430047229, -0.00220883800648, 0.000575735350139, -0.000748731545173, 0.00126897101291, -0.00288207619451, 0.00247552199289, -0.000141552081914, 0.000121611294162, 0.000147488826769], [0.000521187670529, -0.00164308468811, -0.000384594866773, -0.00220883800648, 0.00805602315813, -0.00348044279963, 0.000603606225923, -0.00192218250595, 0.00208084750921, -0.00174638454337, -0.00109213474207, 0.00133627501782, -0.00162676314358], [-0.000573045399506, 0.00128929095808, -0.00155641091987, 0.000575735350139, -0.00348044279963, 0.00965117476881, -0.00428643170744, 0.0027493617963, -0.00306747551076, 0.00325955892913, -0.0018878406845, 0.000152812543092, 0.000624581938609], [0.000231272540987, -0.0015196200693, 0.000465803605039, -0.000748731545173, 0.000603606225923, -0.00428643170744, 0.0120316157117, -0.00669806683436, 0.00488072400913, -0.00581193249673, 0.00592793012038, -0.00249009113759, -0.000297731021419], [0.000106134604721, 0.00188628653996, 0.000236833788222, 0.00126897101291, -0.00192218250595, 0.0027493617963, -0.00669806683436, 0.0156242260709, -0.00898617506027, 0.00830659642816, -0.00883899163455, 0.00404161773622, -0.000389521068428], [0.000459401257103, -0.000153678600327, 0.00192918058019, -0.00288207619451, 0.00208084750921, -0.00306747551076, 0.00488072400913, -0.00898617506027, 0.0176856704056, -0.0117435846478, 0.0080083431676, -0.00571430660784, 0.00282234326005], [0.000170649393112, 0.000743869168218, -0.000717045506462, 0.00247552199289, -0.00174638454337, 0.00325955892913, -0.00581193249673, 0.00830659642816, -0.0117435846478, 0.020876692608, -0.0113154044375, 0.00989447999746, -0.00510159321129], [-0.00022563735547, 0.000125309961732, -0.000322303385474, -0.000141552081914, -0.00109213474207, -0.0018878406845, 0.00592793012038, -0.00883899163455, 0.0080083431676, -0.0113154044375, 0.020557994023, -0.0128705026582, 0.00474138697609], [0.000114132933959, -2.684830406e-006, 0.000624058709946, 0.000121611294162, 0.00133627501782, 0.000152812543092, -0.00249009113759, 0.00404161773622, -0.00571430660784, 0.00989447999746, -0.0128705026582, 0.0202724374831, -0.0101488661021], [-0.000372822629288, 0.000624143867753, 0.000292610347969, 0.000147488826769, -0.00162676314358, 0.000624581938609, -0.000297731021419, -0.000389521068428, 0.00282234326005, -0.00510159321129, 0.00474138697609, -0.0101488661021, 0.0179214738309]]
    },
    "spectral_contrast_coeffs": {
        "mean": [-0.548608243465, -0.733494877815, -0.733911693096, -0.759696900845, -0.750798165798, -0.775304734707],
        "var": [0.0109327677637, 0.00488751940429, 0.00430080946535, 0.00255782948807, 0.0019344612956, 0.00297415815294]
    },
    "spectral_contrast_valleys": {
        "mean": [-9.17904472351, -7.05606555939, -7.40139293671, -8.36623001099, -8.96317768097, -13.1331367493],
        "var": [1.0165874958, 0.720426082611, 0.623614549637, 0.692606508732, 1.34908008575, 1.65621709824]
    }
},
"metadata": {
    "audio_properties": {
        "analysis_sample_rate": 44100,
        "bit_rate": 128074,
        "equal_loudness": 0,
        "length": 45.0612258911,
        "lossless": 0,
        "replay_gain": -3.85049819946,
        "sample_rate": 44100,
        "codec": "mp3",
        "downmix": "mix",
        "md5_encoded": "dbde170d84093c0f91045be55f937712"
    },
    "tags": {
        "file_name": "1737.mp3"
    },
    "version": {
        "essentia": "2.1-beta2",
        "essentia_git_sha": "v2.1_beta2",
        "extractor": "music 1.0"
    }
},
"rhythm": {
    "beats_count": 86,
    "beats_loudness": {
        "mean": 0.0197391938418,
        "var": 0.000698733201716
    },
    "bpm": 150.850112915,
    "bpm_histogram_first_peak_bpm": {
        "mean": 152,
        "var": 0
    },
    "bpm_histogram_first_peak_spread": {
        "mean": 0.375,
        "var": 0
    },
    "bpm_histogram_first_peak_weight": {
        "mean": 0.176470592618,
        "var": 0
    },
    "bpm_histogram_second_peak_bpm": {
        "mean": 85,
        "var": 0
    },
    "bpm_histogram_second_peak_spread": {
        "mean": 0.166666641831,
        "var": 0
    },
    "bpm_histogram_second_peak_weight": {
        "mean": 0.235294133425,
        "var": 0
    },
    "danceability": 0.890421926975,
    "onset_rate": 2.15165662766,
    "beats_loudness_band_ratio": {
        "mean": [0.11905593425, 0.238018810749, 0.385535031557, 0.191796153784, 0.133766010404, 0.0196563657373],
        "var": [0.0274555012584, 0.0497522503138, 0.0464252717793, 0.0233388580382, 0.0269492398947, 0.000866134476382]
    },
    "beats_position": [0.66176867485, 1.34675729275, 2.03174591064, 2.71673464775, 3.42494320869, 4.12154197693, 4.841360569, 5.54956912994, 6.25777769089, 6.96598625183, 7.66258478165, 8.35918331146, 9.05578231812, 9.75238037109, 10.4605894089, 11.1687984467, 11.8770065308, 12.5852155685, 13.2934236526, 14.0016326904, 14.7098407745, 15.4180498123, 16.1262588501, 16.8228569031, 17.5194549561, 18.0999546051, 18.6804523468, 19.2609519958, 19.6789112091, 20.0968704224, 20.5148296356, 20.9095687866, 21.3043079376, 21.6990470886, 22.0937862396, 22.4885253906, 22.8832645416, 23.2663936615, 23.6611328125, 24.0442619324, 24.4390010834, 24.8337402344, 25.2284793854, 25.6464385986, 26.0643978119, 26.4823570251, 26.8887062073, 27.2950553894, 27.6897945404, 28.0961437225, 28.4908847809, 28.897233963, 29.3035831451, 29.7912006378, 30.2788200378, 30.7664394379, 31.2540588379, 31.7416782379, 32.2176856995, 32.6936950684, 33.1813163757, 33.6573219299, 34.1333312988, 34.6209526062, 35.0969619751, 35.572971344, 35.9677085876, 36.362449646, 36.7571868896, 37.1635360718, 37.5698852539, 37.976234436, 38.3825836182, 38.8005447388, 39.2301139832, 39.6596832275, 40.0776405334, 40.5304298401, 40.9832191467, 41.4476165771, 41.9120178223, 42.3764152527, 42.8408164978, 43.3052139282, 43.7696151733, 44.2340126038]
},
"tonal": {
    "chords_changes_rate": 0.0308641977608,
    "chords_number_rate": 0.00925925932825,
    "chords_strength": {
        "mean": 0.452219814062,
        "var": 0.00598521484062
    },
    "hpcp_entropy": {
        "mean": 1.91836118698,
        "var": 0.444477200508
    },
    "key_strength": 0.485597670078,
    "tuning_diatonic_strength": 0.388266921043,
    "tuning_equal_tempered_deviation": 0.120054267347,
    "tuning_frequency": 436.960693359,
    "tuning_nontempered_energy_ratio": 0.750135660172,
    "hpcp": {
        "mean": [0.290440618992, 0.278316825628, 0.156524673104, 0.132877975702, 0.169576227665, 0.21206921339, 0.221086889505, 0.138811558485, 0.135151520371, 0.182746782899, 0.118249237537, 0.121650695801, 0.176904812455, 0.137301281095, 0.107411697507, 0.15923653543, 0.17427431047, 0.191581472754, 0.180184170604, 0.0989979803562, 0.0932460725307, 0.117064878345, 0.118841588497, 0.122327461839, 0.122222617269, 0.106145016849, 0.0764099806547, 0.0605576783419, 0.0445104688406, 0.151289433241, 0.407657951117, 0.34091630578, 0.0984625667334, 0.0768163502216, 0.0834540128708, 0.145901605487],
        "var": [0.117533072829, 0.10999661684, 0.0562817379832, 0.0470163933933, 0.0679580792785, 0.0565376579762, 0.0849073007703, 0.0422008857131, 0.0435674674809, 0.0720905736089, 0.028554033488, 0.0360010825098, 0.0818604528904, 0.0403538569808, 0.0217869393528, 0.0515165738761, 0.0489353612065, 0.0635352432728, 0.0687004327774, 0.028820682317, 0.0246282890439, 0.035677280277, 0.0304460655898, 0.0516819171607, 0.0333283282816, 0.0339853651822, 0.0125297764316, 0.00949503853917, 0.00504112336785, 0.026271212846, 0.142286866903, 0.106653310359, 0.0203977562487, 0.026859536767, 0.0265727303922, 0.0367798283696]
    },
    "chords_histogram": [3.80658435822, 0, 22.9423866272, 18.41563797, 0, 0.411522626877, 18.3127574921, 22.8395061493, 0, 0, 0, 0, 0, 2.36625504494, 0.102880656719, 3.90946507454, 0, 0, 0, 0, 0, 0, 1.95473253727, 4.93827152252],
    "thpcp": [1, 0.836280286312, 0.241532310843, 0.188433349133, 0.204715773463, 0.357902020216, 0.712461531162, 0.682721436024, 0.383960813284, 0.325954586267, 0.415976732969, 0.520213603973, 0.542334318161, 0.340509861708, 0.33153167367, 0.448284596205, 0.290069758892, 0.2984136343, 0.433954030275, 0.336805105209, 0.263484865427, 0.390613108873, 0.427501320839, 0.469956427813, 0.441998422146, 0.242845699191, 0.228736057878, 0.287164479494, 0.291522800922, 0.300073772669, 0.299816578627, 0.260377645493, 0.187436506152, 0.148550227284, 0.109185822308, 0.371118575335],
    "chords_key": "D",
    "chords_scale": "minor",
    "key_key": "G",
    "key_scale": "minor"
}
}