{
"lowlevel": {
    "average_loudness": 0.86463624239,
    "barkbands_crest": {
        "mean": 12.801235199,
        "var": 16.3849315643
    },
    "barkbands_flatness_db": {
        "mean": 0.229682788253,
        "var": 0.00318441120908
    },
    "barkbands_kurtosis": {
        "mean": 21.6227416992,
        "var": 504.410491943
    },
    "barkbands_skewness": {
        "mean": 2.93230962753,
        "var": 3.29091596603
    },
    "barkbands_spread": {
        "mean": 7.76275157928,
        "var": 43.1055831909
    },
    "dissonance": {
        "mean": 0.418928295374,
        "var": 0.00259965797886
    },
    "dynamic_complexity": 4.55585289001,
    "erbbands_crest": {
        "mean": 13.2698497772,
        "var": 32.2245979309
    },
    "erbbands_flatness_db": {
        "mean": 0.198834583163,
        "var": 0.00396157614887
    },
    "erbbands_kurtosis": {
        "mean": 5.7066526413,
        "var": 75.2793655396
    },
    "erbbands_skewness": {
        "mean": 1.61537313461,
        "var": 1.87692308426
    },
    "erbbands_spread": {
        "mean": 29.6187343597,
        "var": 370.745758057
    },
    "hfc": {
        "mean": 7.29748916626,
        "var": 202.243865967
    },
    "melbands_crest": {
        "mean": 16.6499137878,
        "var": 23.7411632538
    },
    "melbands_flatness_db": {
        "mean": 0.317707180977,
        "var": 0.00380547903478
    },
    "melbands_kurtosis": {
        "mean": 36.0870742798,
        "var": 1684.59289551
    },
    "melbands_skewness": {
        "mean": 3.35805439949,
        "var": 4.93165397644
    },
    "melbands_spread": {
        "mean": 8.37181949615,
        "var": 101.321578979
    },
    "pitch_salience": {
        "mean": 0.523299634457,
        "var": 0.0127107910812
    },
    "silence_rate_20dB": {
        "mean": 1,
        "var": 0
    },
    "silence_rate_30dB": {
        "mean": 0.996395468712,
        "var": 0.00359148904681
    },
    "silence_rate_60dB": {
        "mean": 0.141606584191,
        "var": 0.121552377939
    },
    "spectral_centroid": {
        "mean": 571.067993164,
        "var": 204091.59375
    },
    "spectral_complexity": {
        "mean": 6.40679693222,
        "var": 12.0301656723
    },
    "spectral_decrease": {
        "mean": -3.62153107503e-009,
        "var": 1.98330961346e-017
    },
    "spectral_energy": {
        "mean": 0.0143304103985,
        "var": 0.000317712896504
    },
    "spectral_energyband_high": {
        "mean": 3.71292735508e-005,
        "var": 7.50415107831e-009
    },
    "spectral_energyband_low": {
        "mean": 0.00296708196402,
        "var": 1.18820862554e-005
    },
    "spectral_energyband_middle_high": {
        "mean": 0.00169651827309,
        "var": 2.45308820013e-005
    },
    "spectral_energyband_middle_low": {
        "mean": 0.0103487633169,
        "var": 0.000228851553402
    },
    "spectral_entropy": {
        "mean": 6.61861753464,
        "var": 0.354104876518
    },
    "spectral_flux": {
        "mean": 0.0479467771947,
        "var": 0.000836116727442
    },
    "spectral_kurtosis": {
        "mean": 8.68719673157,
        "var": 42.9241485596
    },
    "spectral_rms": {
        "mean": 0.00327374669723,
        "var": 3.263432518e-006
    },
    "spectral_rolloff": {
        "mean": 562.436706543,
        "var": 476169.375
    },
    "spectral_skewness": {
        "mean": 2.33134007454,
        "var": 0.501183152199
    },
    "spectral_spread": {
        "mean": 4554790,
        "var": 3.42094197555e+012
    },
    "spectral_strongpeak": {
        "mean": 0.945549786091,
        "var": 3.04006123543
    },
    "zerocrossingrate": {
        "mean": 0.0302985813469,
        "var": 0.000421122065745
    },
    "barkbands": {
        "mean": [6.38994606561e-005, 0.000725163961761, 0.00161317153834, 0.00133645837195, 0.00334439473227, 0.00167362205684, 0.00182161969133, 0.000995749025606, 0.000832909543533, 0.000485953496536, 0.000162520111189, 9.65749859461e-005, 0.000114304457384, 0.000123353354866, 0.000227688928135, 0.000210579033592, 0.000107972882688, 0.000314627948683, 3.33058123942e-005, 1.45048970808e-005, 7.17854754839e-006, 6.62396223561e-006, 4.51015921499e-006, 3.1443980788e-006, 7.33869410396e-006, 2.93524863082e-006, 3.11694577704e-007],
        "var": [1.59800084276e-008, 9.06440959625e-007, 4.9901782404e-006, 1.13346304715e-005, 2.75044712907e-005, 2.33293685596e-005, 6.36006079731e-005, 1.40090523928e-005, 9.31320755626e-006, 1.19311553135e-005, 3.84952159038e-007, 3.47783043253e-007, 3.5114868524e-007, 4.16642251366e-007, 1.82033761575e-006, 1.2884302123e-006, 4.03280012051e-007, 6.24969925411e-006, 3.35996404033e-008, 5.05842656651e-009, 4.34814989569e-010, 6.32160768177e-010, 1.8604218166e-010, 3.73199804393e-011, 1.57141730184e-010, 4.24910037711e-011, 1.44641438583e-012]
    },
    "erbbands": {
        "mean": [0.0160460621119, 0.206590384245, 1.65138232708, 3.19509768486, 7.56775856018, 12.3257827759, 11.7451248169, 14.6921768188, 13.7509374619, 39.9950027466, 19.8042945862, 21.5142784119, 20.9792003632, 7.30535364151, 6.6815662384, 4.68370199203, 4.73712062836, 7.0331492424, 6.20654964447, 16.3171901703, 9.71043205261, 6.36467933655, 17.8575019836, 6.08189201355, 1.13393580914, 0.753218352795, 0.346433460712, 0.273372292519, 0.228112012148, 0.193029120564, 0.125014469028, 0.069258928299, 0.0552159287035, 0.0662465021014, 0.0595553293824, 0.0191157050431, 0.00397357484326, 0.00106182403397, 3.43784959114e-005, 1.70592375071e-005],
        "var": [0.000582057109568, 0.0681527853012, 4.46444511414, 37.0655860901, 206.877670288, 431.081939697, 1507.10168457, 1799.99572754, 3011.58862305, 32766.4589844, 7788.625, 6532.61035156, 18275.1152344, 1404.76818848, 648.338745117, 865.281555176, 526.980834961, 1006.43634033, 762.672607422, 9765.18457031, 2200.1027832, 1063.66552734, 24421.8730469, 1312.38024902, 39.7750778198, 18.4578990936, 1.15774667263, 0.530096113682, 0.987382233143, 0.434500783682, 0.12764878571, 0.0219270717353, 0.0119027234614, 0.0149377761409, 0.010016201064, 0.00132904574275, 0.000102285208413, 1.0697090147e-005, 9.33912058798e-009, 4.30872809654e-010]
    },
    "gfcc": {
        "mean": [-111.449935913, 122.680152893, -77.2479324341, 36.6573791504, -63.5622749329, 4.2723865509, -43.6569595337, 11.6505031586, -28.8995037079, -5.62351942062, -22.9853019714, -8.79028224945, -6.02677297592],
        "cov": [[3349.86621094, 104.876411438, -1046.95556641, -794.113586426, 262.659851074, -128.602462769, -231.13583374, 37.1415023804, 132.101303101, 85.3703460693, -16.1441841125, 51.2865943909, -116.079193115], [104.876411438, 798.487792969, -290.241821289, -248.19078064, -31.0406303406, -78.56690979, -22.4430713654, -125.916976929, 159.869796753, -58.144443512, 138.590957642, -108.206954956, 142.000610352], [-1046.95556641, -290.241821289, 1365.10107422, 536.316345215, -314.770507813, 63.5197067261, 132.542251587, -72.8839645386, -250.561004639, 30.7749423981, -104.138450623, 20.1555652618, -32.171875], [-794.113586426, -248.19078064, 536.316345215, 594.776062012, -59.3635139465, 101.46055603, 81.8467025757, 25.9201393127, -135.760131836, -41.6558685303, -53.2940673828, -3.34759521484, 27.1535282135], [262.659851074, -31.0406303406, -314.770507813, -59.3635139465, 358.783935547, 14.769443512, -50.0581283569, 20.6301383972, 81.3555145264, -20.436050415, -24.4966411591, 33.9567680359, 14.916220665], [-128.602462769, -78.56690979, 63.5197067261, 101.46055603, 14.769443512, 153.046646118, 27.741230011, 8.88010311127, -37.4179763794, 16.0274066925, -20.79596138, 7.87424898148, 13.7305603027], [-231.13583374, -22.4430713654, 132.542251587, 81.8467025757, -50.0581283569, 27.741230011, 179.987838745, 69.164100647, -50.2887954712, -54.6539154053, 1.63633322716, -23.8457260132, -32.6162109375], [37.1415023804, -125.916976929, -72.8839645386, 25.9201393127, 20.6301383972, 8.88010311127, 69.164100647, 194.497970581, 42.5374221802, -23.1074771881, -33.2404556274, 11.5282278061, -42.3949737549], [132.101303101, 159.869796753, -250.561004639, -135.760131836, 81.3555145264, -37.4179763794, -50.2887954712, 42.5374221802, 180.230316162, 40.0101089478, 25.8278980255, -9.85890483856, 23.2488594055], [85.3703460693, -58.144443512, 30.7749423981, -41.6558685303, -20.436050415, 16.0274066925, -54.6539154053, -23.1074771881, 40.0101089478, 133.253738403, 31.4479656219, 19.4310798645, -36.1263618469], [-16.1441841125, 138.590957642, -104.138450623, -53.2940673828, -24.4966411591, -20.79596138, 1.63633322716, -33.2404556274, 25.8278980255, 31.4479656219, 127.714782715, -2.49364304543, -15.5860185623], [51.2865943909, -108.206954956, 20.1555652618, -3.34759521484, 33.9567680359, 7.87424898148, -23.8457260132, 11.5282278061, -9.85890483856, 19.4310798645, -2.49364304543, 104.131217957, 17.0347518921], [-116.079193115, 142.000610352, -32.171875, 27.1535282135, 14.916220665, 13.7305603027, -32.6162109375, -42.3949737549, 23.2488594055, -36.1263618469, -15.5860185623, 17.0347518921, 150.476318359]],
        "icov": [[0.000632597191725, -0.0006763577112, 0.000474900502013, 0.000335472432198, -0.000239544126089, 0.000337444915203, 0.000437286536908, -0.000581735745072, 0.00141336733941, -0.00111543433741, 0.00126817566343, -0.000638339959551, 0.000808549229987], [-0.0006763577112, 0.00730311824009, -0.00181119155604, 0.00234611216001, 0.000893980090041, -0.00132008572109, -0.00074824958574, 0.00346851325594, -0.0076671638526, 0.00708352122456, -0.00845199730247, 0.00634652329609, -0.00608593784273], [0.000474900502013, -0.00181119155604, 0.00300698098727, -0.0021488959901, 0.00118642603047, 0.00138378771953, -0.00162091339007, 0.00110900797881, 0.0024931600783, -0.00374114816077, 0.00499335303903, -0.00309267034754, 0.00240735569969], [0.000335472432198, 0.00234611216001, -0.0021488959901, 0.00516471918672, -0.00110612192657, -0.00174411444459, 0.00133490760345, -0.00175209669396, 0.000181024035555, 0.00259143626317, -0.00410234183073, 0.00386303383857, -0.00355012947693], [-0.000239544126089, 0.000893980090041, 0.00118642603047, -0.00110612192657, 0.00514431670308, -0.00130922207609, -0.000418709794758, 0.00290505751036, -0.00438439939171, 0.00297883362509, 0.00133767456282, -0.00240938924253, 0.00156594498549], [0.000337444915203, -0.00132008572109, 0.00138378771953, -0.00174411444459, -0.00130922207609, 0.00996725074947, -0.00246527791023, -0.00126872165129, 0.00503942091018, -0.00697447126731, 0.00344284670427, -0.000490658450872, -0.00159577303566], [0.000437286536908, -0.00074824958574, -0.00162091339007, 0.00133490760345, -0.000418709794758, -0.00246527791023, 0.0119102681056, -0.00594489369541, 0.00295521388762, 0.0043234443292, -0.00350319640711, 0.00219989567995, 0.00159862567671], [-0.000581735745072, 0.00346851325594, 0.00110900797881, -0.00175209669396, 0.00290505751036, -0.00126872165129, -0.00594489369541, 0.0142082730308, -0.0110760126263, 0.00586950499564, 0.0015635304153, -0.00275796046481, 0.00296818907373], [0.00141336733941, -0.0076671638526, 0.0024931600783, 0.000181024035555, -0.00438439939171, 0.00503942091018, 0.00295521388762, -0.0110760126263, 0.0238521583378, -0.0154297547415, 0.00658995145932, -0.000845694274176, -0.000290512020001], [-0.00111543433741, 0.00708352122456, -0.00374114816077, 0.00259143626317, 0.00297883362509, -0.00697447126731, 0.0043234443292, 0.00586950499564, -0.0154297547415, 0.0243729837239, -0.0116170868278, 0.002178726485, 0.00090490054572], [0.00126817566343, -0.00845199730247, 0.00499335303903, -0.00410234183073, 0.00133767456282, 0.00344284670427, -0.00350319640711, 0.0015635304153, 0.00658995145932, -0.0116170868278, 0.023309007287, -0.0104283820838, 0.0097841527313], [-0.000638339959551, 0.00634652329609, -0.00309267034754, 0.00386303383857, -0.00240938924253, -0.000490658450872, 0.00219989567995, -0.00275796046481, -0.000845694274176, 0.002178726485, -0.0104283820838, 0.0198535826057, -0.0105303116143], [0.000808549229987, -0.00608593784273, 0.00240735569969, -0.00355012947693, 0.00156594498549, -0.00159577303566, 0.00159862567671, 0.00296818907373, -0.000290512020001, 0.00090490054572, 0.0097841527313, -0.0105303116143, 0.017808534205]]
    },
    "melbands": {
        "mean": [0.000168462385773, 0.000649039342534, 0.000678685493767, 0.000754958193284, 0.000457640882814, 0.000318489881465, 0.000253884500125, 0.000387973879697, 0.000140495409141, 0.000137070790515, 0.000101474302937, 2.71772532869e-005, 2.30503683269e-005, 1.32989125632e-005, 6.46523903924e-006, 1.49230327224e-005, 1.28681504066e-005, 8.88766044227e-006, 1.68615151779e-005, 2.25160729315e-005, 9.24792675505e-006, 6.34330672256e-006, 1.01304585769e-005, 1.76064258994e-005, 3.65545133718e-006, 8.13378449038e-007, 5.56298061838e-007, 4.53250805776e-007, 2.11087368029e-007, 1.86481997844e-007, 1.4669556947e-007, 1.29576633867e-007, 1.20062125575e-007, 9.78332508339e-008, 7.83593563369e-008, 5.01492181115e-008, 3.80032716407e-008, 3.60619054618e-008, 3.98060535645e-008, 6.21231279752e-008],
        "var": [5.46600027462e-008, 6.62090485548e-007, 1.65133576502e-006, 1.25043959542e-006, 1.40287966133e-006, 8.22903075459e-007, 1.01645593986e-006, 2.76919854514e-006, 4.52688851738e-007, 3.11388902219e-007, 4.42668124379e-007, 2.5891868205e-008, 8.55257464849e-009, 4.76115413761e-009, 1.23580756739e-009, 6.41219521924e-009, 4.28283541964e-009, 1.82020976069e-009, 9.10259334574e-009, 1.50324179771e-008, 2.24201590626e-009, 1.31061306252e-009, 1.05244533088e-008, 1.79527965827e-008, 4.5522968728e-010, 3.44915727923e-011, 5.71932692178e-012, 7.16550343366e-012, 4.30869586971e-013, 3.95541076021e-013, 1.62000417963e-013, 4.15371431911e-013, 1.53724052259e-013, 1.24244540979e-013, 5.22439249251e-014, 1.60259074078e-014, 5.98182502406e-015, 5.71735889155e-015, 6.00083752559e-015, 1.35539493244e-014]
    },
    "mfcc": {
        "mean": [-769.566711426, 150.359939575, 37.3223190308, 36.3334121704, 6.28424787521, -4.31532812119, -3.23232960701, 1.54420733452, 2.93011927605, -0.488187968731, -3.37938666344, -12.0199680328, -5.67491006851],
        "cov": [[2933.58496094, 417.862304688, -1271.75646973, -609.250183105, 122.488082886, -166.077178955, -292.76965332, -97.3596343994, -29.0815944672, -33.5575675964, 81.360748291, 101.266357422, 7.49435949326], [417.862304688, 781.031066895, -318.478881836, -252.745254517, -23.3401889801, -60.0035896301, -165.976257324, -96.3469696045, -24.7579288483, -1.69549608231, -5.38179683685, 31.9867191315, 23.2081050873], [-1271.75646973, -318.478881836, 1317.57958984, 412.42779541, -228.310501099, 110.751358032, 232.048171997, -12.3624267578, -43.1154174805, 3.41068005562, -55.452205658, -77.6720428467, -3.59807682037], [-609.250183105, -252.745254517, 412.42779541, 348.888793945, 17.8698577881, 47.0442733765, 123.187286377, 68.5911331177, 21.037776947, 3.33059191704, -31.652305603, -52.5720024109, -25.7724971771], [122.488082886, -23.3401889801, -228.310501099, 17.8698577881, 247.475723267, 70.0850219727, -64.7851257324, 0.554787218571, 52.8717460632, -6.19135427475, -34.2624664307, -19.2036628723, 18.9384059906], [-166.077178955, -60.0035896301, 110.751358032, 47.0442733765, 70.0850219727, 168.776184082, 51.4529075623, -41.9009628296, -12.2390232086, -9.61704826355, -42.1374588013, -32.5693092346, 7.72421264648], [-292.76965332, -165.976257324, 232.048171997, 123.187286377, -64.7851257324, 51.4529075623, 198.532363892, 79.2895278931, -30.4439563751, -0.199316501617, 18.0955219269, -25.9567584991, -51.7613105774], [-97.3596343994, -96.3469696045, -12.3624267578, 68.5911331177, 0.554787218571, -41.9009628296, 79.2895278931, 166.095001221, 70.0270462036, -0.548006296158, 6.63030862808, -4.62947368622, -21.1716194153], [-29.0815944672, -24.7579288483, -43.1154174805, 21.037776947, 52.8717460632, -12.2390232086, -30.4439563751, 70.0270462036, 143.870727539, 39.4097061157, -40.9033508301, -32.4647140503, 5.25399065018], [-33.5575675964, -1.69549608231, 3.41068005562, 3.33059191704, -6.19135427475, -9.61704826355, -0.199316501617, -0.548006296158, 39.4097061157, 92.7255554199, 45.4648094177, -22.6582736969, -36.4033851624], [81.360748291, -5.38179683685, -55.452205658, -31.652305603, -34.2624664307, -42.1374588013, 18.0955219269, 6.63030862808, -40.9033508301, 45.4648094177, 152.320510864, 77.3009567261, -27.4437046051], [101.266357422, 31.9867191315, -77.6720428467, -52.5720024109, -19.2036628723, -32.5693092346, -25.9567584991, -4.62947368622, -32.4647140503, -22.6582736969, 77.3009567261, 160.010009766, 80.870223999], [7.49435949326, 23.2081050873, -3.59807682037, -25.7724971771, 18.9384059906, 7.72421264648, -51.7613105774, -21.1716194153, 5.25399065018, -36.4033851624, -27.4437046051, 80.870223999, 142.746078491]],
        "icov": [[0.000699750497006, 6.36372133158e-005, 0.000461272982648, 0.000640537240542, -9.99940893962e-005, 0.00042872451013, -0.000167474354384, 0.000523764931131, -0.000212056489545, 0.000545120157767, -0.000252962752711, 0.000146716163727, 0.000102282647276], [6.36372133158e-005, 0.00188159139361, 0.000128088955535, 0.000901294581126, 0.000447872065706, -9.82813144219e-005, 0.00130561273545, -0.000186739576748, 0.000744552991819, -0.000617339916062, 0.000864734465722, -0.000403818237828, 0.000458516646177], [0.000461272982648, 0.000128088955535, 0.00272008008324, -0.00236125732772, 0.00288500473835, -0.000977438758127, -0.000881312706042, 0.00214399630204, -0.00130442925729, 0.00104750564788, -0.000900459766854, 0.00127706327476, -0.00131571874954], [0.000640537240542, 0.000901294581126, -0.00236125732772, 0.00841142889112, -0.00439704069868, 0.00244677299634, -0.00196538353339, -0.00159382028505, 0.00112910522148, -0.00111606810242, 0.00186964310706, -0.000849724630825, 0.00129555328749], [-9.99940893962e-005, 0.000447872065706, 0.00288500473835, -0.00439704069868, 0.0111443297938, -0.00753636704758, 0.00577004626393, -0.00164915074129, -0.0018873331137, 0.00217560306191, -0.00262723723426, 0.0024680912029, -0.00129083311185], [0.00042872451013, -9.82813144219e-005, -0.000977438758127, 0.00244677299634, -0.00753636704758, 0.0154719743878, -0.010982926935, 0.00928859692067, -0.00295888213441, 0.000938598474022, 0.00214698840864, -7.40588948247e-005, -0.00122863647994], [-0.000167474354384, 0.00130561273545, -0.000881312706042, -0.00196538353339, 0.00577004626393, -0.010982926935, 0.0215704105794, -0.0157002285123, 0.0105023523793, -0.00420398265123, 0.00069267390063, -0.000353322713636, 0.00361598236486], [0.000523764931131, -0.000186739576748, 0.00214399630204, -0.00159382028505, -0.00164915074129, 0.00928859692067, -0.0157002285123, 0.0242278333753, -0.0170330516994, 0.0110528348014, -0.00561358546838, 0.00142400793266, -0.00105471152347], [-0.000212056489545, 0.000744552991819, -0.00130442925729, 0.00112910522148, -0.0018873331137, -0.00295888213441, 0.0105023523793, -0.0170330516994, 0.0248286426067, -0.0175208188593, 0.0118223791942, -0.00331321777776, 0.000521459500305], [0.000545120157767, -0.000617339916062, 0.00104750564788, -0.00111606810242, 0.00217560306191, 0.000938598474022, -0.00420398265123, 0.0110528348014, -0.0175208188593, 0.0297442898154, -0.0185508672148, 0.0104219140485, -0.00156839669216], [-0.000252962752711, 0.000864734465722, -0.000900459766854, 0.00186964310706, -0.00262723723426, 0.00214698840864, 0.00069267390063, -0.00561358546838, 0.0118223791942, -0.0185508672148, 0.0264017507434, -0.0176828261465, 0.00976626668125], [0.000146716163727, -0.000403818237828, 0.00127706327476, -0.000849724630825, 0.0024680912029, -7.40588948247e-005, -0.000353322713636, 0.00142400793266, -0.00331321777776, 0.0104219140485, -0.0176828261465, 0.023338675499, -0.0141455903649], [0.000102282647276, 0.000458516646177, -0.00131571874954, 0.00129555328749, -0.00129083311185, -0.00122863647994, 0.00361598236486, -0.00105471152347, 0.000521459500305, -0.00156839669216, 0.00976626668125, -0.0141455903649, 0.0179911572486]]
    },
    "spectral_contrast_coeffs": {
        "mean": [-0.60791438818, -0.7003672719, -0.741964697838, -0.785304546356, -0.80171340704, -0.796950101852],
        "var": [0.00616953149438, 0.01085397508, 0.00762928836048, 0.00691787991673, 0.00407683057711, 0.000344990752637]
    },
    "spectral_contrast_valleys": {
        "mean": [-7.6143860817, -7.62408208847, -8.75741577148, -9.56081962585, -9.16378498077, -11.4680976868],
        "var": [0.489481151104, 0.589370131493, 0.66763907671, 0.773305416107, 0.430950075388, 0.425820291042]
    }
},
"metadata": {
    "audio_properties": {
        "analysis_sample_rate": 44100,
        "bit_rate": 128074,
        "equal_loudness": 0,
        "length": 45.0612258911,
        "lossless": 0,
        "replay_gain": -2.86145973206,
        "sample_rate": 44100,
        "codec": "mp3",
        "downmix": "mix",
        "md5_encoded": "96145fe8acf10e1b35372fb12ec79319"
    },
    "tags": {
        "file_name": "1739.mp3"
    },
    "version": {
        "essentia": "2.1-beta2",
        "essentia_git_sha": "v2.1_beta2",
        "extractor": "music 1.0"
    }
},
"rhythm": {
    "beats_count": 73,
    "beats_loudness": {
        "mean": 0.0191131103784,
        "var": 0.000429837615229
    },
    "bpm": 98.5385437012,
    "bpm_histogram_first_peak_bpm": {
        "mean": 98,
        "var": 0
    },
    "bpm_histogram_first_peak_spread": {
        "mean": 0.19444450736,
        "var": 0
    },
    "bpm_histogram_first_peak_weight": {
        "mean": 0.805555582047,
        "var": 0
    },
    "bpm_histogram_second_peak_bpm": {
        "mean": 0,
        "var": 0
    },
    "bpm_histogram_second_peak_spread": {
        "mean": 0,
        "var": 0
    },
    "bpm_histogram_second_peak_weight": {
        "mean": 0,
        "var": 0
    },
    "danceability": 1.15798699856,
    "onset_rate": 3.59348845482,
    "beats_loudness_band_ratio": {
        "mean": [0.461951434612, 0.348482042551, 0.181065484881, 0.0291179362684, 0.0403045378625, 0.0109530799091],
        "var": [0.0806089490652, 0.0517712160945, 0.0507821366191, 0.00173360563349, 0.00831271056086, 0.000113578797027]
    },
    "beats_position": [0.603718817234, 1.20743763447, 1.8111563921, 2.41487526894, 3.01859402657, 3.62231278419, 4.23764181137, 4.85297060013, 5.46829938889, 6.08362817764, 6.71056699753, 7.32589578629, 7.92961454391, 8.53333282471, 9.12544155121, 9.71755123138, 10.3096599579, 10.9133787155, 11.505487442, 12.0975961685, 12.689704895, 13.2818136215, 13.8855323792, 14.4892511368, 15.0929698944, 15.696688652, 16.3004074097, 16.904127121, 17.5078449249, 18.1231746674, 18.7385025024, 19.365442276, 19.96916008, 20.5728797913, 21.1882076263, 21.8035373688, 22.4188652039, 23.0341949463, 23.6611328125, 24.2648525238, 24.8801803589, 25.4722900391, 26.076007843, 26.6797275543, 27.2834453583, 27.8871650696, 28.5024929047, 29.1178226471, 29.7447605133, 30.3484802246, 30.9521980286, 31.567527771, 32.1828575134, 32.7981834412, 33.4135131836, 34.028842926, 34.6557807922, 35.2594985962, 35.8748283386, 36.5017662048, 37.1170959473, 37.7324256897, 38.3361434937, 38.9514732361, 39.5668029785, 40.1821289063, 40.7858505249, 41.4011802673, 42.0048980713, 42.6086158752, 43.2239456177, 43.8392753601, 44.4546012878]
},
"tonal": {
    "chords_changes_rate": 0.0627572014928,
    "chords_number_rate": 0.0133744860068,
    "chords_strength": {
        "mean": 0.527812302113,
        "var": 0.0144108645618
    },
    "hpcp_entropy": {
        "mean": 1.70653188229,
        "var": 0.578264892101
    },
    "key_strength": 0.766713917255,
    "tuning_diatonic_strength": 0.604990184307,
    "tuning_equal_tempered_deviation": 0.0714652687311,
    "tuning_frequency": 439.745910645,
    "tuning_nontempered_energy_ratio": 0.73733484745,
    "hpcp": {
        "mean": [0.3985889256, 0.195522367954, 0.0923128798604, 0.0717726424336, 0.0617450475693, 0.101524569094, 0.130041360855, 0.0948058962822, 0.13445623219, 0.167757764459, 0.0891043767333, 0.0375982746482, 0.0300044473261, 0.0337072946131, 0.0685784220695, 0.102892644703, 0.0828646123409, 0.0504921190441, 0.0405083559453, 0.0659108310938, 0.174188151956, 0.231351986527, 0.153802409768, 0.107288919389, 0.0949465408921, 0.0584652945399, 0.067432820797, 0.0739203169942, 0.0557751767337, 0.100439205766, 0.134338498116, 0.0936563387513, 0.0695554167032, 0.0923388972878, 0.191118404269, 0.389916598797],
        "var": [0.143869295716, 0.0632345974445, 0.0391012281179, 0.0349134132266, 0.0272757392377, 0.049834176898, 0.0784341096878, 0.0344096124172, 0.065473228693, 0.0968062877655, 0.0347631983459, 0.0110026365146, 0.00806992221624, 0.00982930790633, 0.0257818531245, 0.0535640269518, 0.0342059060931, 0.0161983519793, 0.0119688315317, 0.0180554632097, 0.0631783679128, 0.101354278624, 0.0577135123312, 0.0436821468174, 0.0496622696519, 0.0269145872444, 0.0310801230371, 0.0373827069998, 0.0202415380627, 0.0407238677144, 0.0648125633597, 0.0355952642858, 0.0297237392515, 0.0385615937412, 0.067479416728, 0.135778546333]
    },
    "chords_histogram": [35.4938278198, 3.18930029869, 0, 1.44032919407, 5.14403295517, 7.81893014908, 0, 19.3415641785, 0.308641970158, 3.08641982079, 3.90946507454, 0, 0, 0, 0, 2.57201647758, 2.05761313438, 0, 0, 1.33744859695, 0.720164597034, 0, 9.77366256714, 3.80658435822],
    "thpcp": [1, 0.490536391735, 0.231599211693, 0.180066823959, 0.154909089208, 0.25470995903, 0.326254338026, 0.237853810191, 0.337330579758, 0.420879155397, 0.223549559712, 0.0943284481764, 0.0752766728401, 0.0845665633678, 0.172053009272, 0.258142262697, 0.207894921303, 0.126677170396, 0.101629406214, 0.165360420942, 0.437012016773, 0.580427527428, 0.385867238045, 0.269171863794, 0.238206669688, 0.146680682898, 0.169178858399, 0.185455024242, 0.139931574464, 0.251986950636, 0.337035208941, 0.234969750047, 0.174504131079, 0.231664478779, 0.479487478733, 0.978242456913],
    "chords_key": "A",
    "chords_scale": "minor",
    "key_key": "A",
    "key_scale": "minor"
}
}