{
"lowlevel": {
    "average_loudness": 0.858735799789,
    "barkbands_crest": {
        "mean": 9.3141374588,
        "var": 13.3379812241
    },
    "barkbands_flatness_db": {
        "mean": 0.199824035168,
        "var": 0.00271848938428
    },
    "barkbands_kurtosis": {
        "mean": 2.73973727226,
        "var": 15.0710792542
    },
    "barkbands_skewness": {
        "mean": 1.13623917103,
        "var": 0.476239800453
    },
    "barkbands_spread": {
        "mean": 13.2229509354,
        "var": 50.3370437622
    },
    "dissonance": {
        "mean": 0.445209592581,
        "var": 0.00121363811195
    },
    "dynamic_complexity": 1.86208248138,
    "erbbands_crest": {
        "mean": 11.4448184967,
        "var": 18.7854156494
    },
    "erbbands_flatness_db": {
        "mean": 0.238809019327,
        "var": 0.00228075613268
    },
    "erbbands_kurtosis": {
        "mean": 1.26531672478,
        "var": 8.92866516113
    },
    "erbbands_skewness": {
        "mean": 0.747907698154,
        "var": 0.767335653305
    },
    "erbbands_spread": {
        "mean": 22.058599472,
        "var": 88.8580245972
    },
    "hfc": {
        "mean": 17.8767375946,
        "var": 117.484962463
    },
    "melbands_crest": {
        "mean": 12.3338909149,
        "var": 19.5606708527
    },
    "melbands_flatness_db": {
        "mean": 0.248291045427,
        "var": 0.00365760806017
    },
    "melbands_kurtosis": {
        "mean": 5.01113128662,
        "var": 19.9147014618
    },
    "melbands_skewness": {
        "mean": 1.5029964447,
        "var": 0.537760198116
    },
    "melbands_spread": {
        "mean": 16.9185714722,
        "var": 104.040542603
    },
    "pitch_salience": {
        "mean": 0.544640660286,
        "var": 0.00838664080948
    },
    "silence_rate_20dB": {
        "mean": 1,
        "var": 0
    },
    "silence_rate_30dB": {
        "mean": 0.997426688671,
        "var": 0.00256674923003
    },
    "silence_rate_60dB": {
        "mean": 0.00205867225304,
        "var": 0.00205448735505
    },
    "spectral_centroid": {
        "mean": 949.364135742,
        "var": 238822.9375
    },
    "spectral_complexity": {
        "mean": 17.3643856049,
        "var": 21.4863891602
    },
    "spectral_decrease": {
        "mean": -7.35564364973e-009,
        "var": 2.30037604862e-017
    },
    "spectral_energy": {
        "mean": 0.0293833352625,
        "var": 0.00035778110032
    },
    "spectral_energyband_high": {
        "mean": 0.000151355852722,
        "var": 8.63917861693e-008
    },
    "spectral_energyband_low": {
        "mean": 0.00628283014521,
        "var": 7.01925600879e-005
    },
    "spectral_energyband_middle_high": {
        "mean": 0.00523833977059,
        "var": 1.8579637981e-005
    },
    "spectral_energyband_middle_low": {
        "mean": 0.0187960751355,
        "var": 0.000183878612006
    },
    "spectral_entropy": {
        "mean": 6.75781583786,
        "var": 0.0966287404299
    },
    "spectral_flux": {
        "mean": 0.0692413076758,
        "var": 0.00124487653375
    },
    "spectral_kurtosis": {
        "mean": 11.778429985,
        "var": 75.5043716431
    },
    "spectral_rms": {
        "mean": 0.00511071644723,
        "var": 2.54730957749e-006
    },
    "spectral_rolloff": {
        "mean": 1072.34313965,
        "var": 889599
    },
    "spectral_skewness": {
        "mean": 2.2405500412,
        "var": 0.54105502367
    },
    "spectral_spread": {
        "mean": 2429424.25,
        "var": 2.15801593856e+012
    },
    "spectral_strongpeak": {
        "mean": 1.37213540077,
        "var": 1.14543533325
    },
    "zerocrossingrate": {
        "mean": 0.0376732982695,
        "var": 0.00055271590827
    },
    "barkbands": {
        "mean": [2.70626833299e-006, 0.00258829724044, 0.00272631086409, 0.0020765888039, 0.00231752102263, 0.00304524018429, 0.0056896856986, 0.00358373578638, 0.00184250436723, 0.000960125878919, 0.000698523595929, 0.00031562638469, 0.000534424732905, 0.000493357598316, 0.00121578818653, 0.000361219572369, 0.000351938535459, 0.000186577744898, 0.000145470432471, 0.000117131181469, 6.25541215413e-005, 2.99838284263e-005, 1.59769679158e-005, 1.36292301249e-005, 6.89831267664e-006, 1.54056317569e-006, 3.0392822481e-008],
        "var": [3.38214074802e-011, 1.78883055924e-005, 2.10188172787e-005, 2.13329967664e-005, 2.2146919946e-005, 1.42895241879e-005, 2.75892089121e-005, 1.83278571058e-005, 3.35916388394e-006, 2.2039716896e-006, 1.33893775001e-006, 1.39251085329e-007, 7.94468519416e-007, 7.89399621226e-007, 3.13198643198e-006, 2.19642799948e-007, 1.67271167584e-007, 7.29586560055e-008, 2.69883440041e-008, 1.96579978962e-008, 5.21755261218e-009, 3.13925063722e-009, 3.45570017046e-009, 4.35870672888e-009, 1.99576288828e-009, 1.16415960205e-010, 6.9507198391e-014]
    },
    "erbbands": {
        "mean": [0.0296650752425, 0.753455281258, 3.14696288109, 5.03729248047, 8.21646499634, 7.74300289154, 9.00452136993, 29.0820522308, 62.0243988037, 110.652763367, 62.7412872314, 45.1420059204, 26.8261737823, 33.6568603516, 27.7632465363, 15.0331945419, 27.4699859619, 29.3219165802, 38.1776313782, 65.2940292358, 17.4292201996, 14.541809082, 11.5519447327, 11.4798212051, 5.71564292908, 6.92001676559, 2.85735273361, 1.80653369427, 1.01338791847, 0.74645024538, 0.460501551628, 0.290374815464, 0.201334252954, 0.101730786264, 0.0399416796863, 0.010570182465, 0.00221938919276, 0.000198044872377, 2.03911531571e-005, 3.41854174621e-005],
        "var": [0.00307230371982, 1.42326533794, 24.9879226685, 97.4657745361, 307.290344238, 252.776702881, 114.13419342, 1402.39160156, 3966.41137695, 13050.0810547, 5734.7890625, 2089.86010742, 711.944580078, 3110.99951172, 1573.55151367, 236.682174683, 2050.80737305, 2357.75708008, 7101.21923828, 10813.3974609, 443.589141846, 227.68145752, 142.581878662, 214.559127808, 40.7218818665, 68.5012283325, 9.83938980103, 6.51072645187, 3.79937648773, 4.00301837921, 2.61856245995, 1.32617604733, 1.33488690853, 0.409853875637, 0.0684221163392, 0.00543276686221, 0.00020493545162, 1.68775227394e-006, 1.53674351022e-009, 4.82648143674e-010]
    },
    "gfcc": {
        "mean": [-37.4084281921, 161.033615112, -154.336486816, 20.4517498016, -62.0721473694, -9.57134056091, -29.8356685638, -0.0308943018317, -4.67965745926, -3.35744428635, -5.87551736832, -16.6711654663, -7.46687030792],
        "cov": [[5712.48388672, -942.939025879, -185.833938599, 769.012145996, -180.962554932, 487.558197021, -359.028869629, 178.760498047, -327.176940918, 106.554962158, -265.278808594, 155.245681763, -24.1578826904], [-942.939025879, 1090.29650879, -5.65232753754, -249.245498657, 195.324554443, -224.931365967, 252.517654419, -114.973266602, 207.48651123, -102.956062317, 144.920852661, -131.349594116, 68.7956848145], [-185.833938599, -5.65232753754, 297.527862549, 40.1293258667, 48.0387802124, 49.4830093384, 14.3934869766, 40.9694023132, -17.6100311279, 11.2239208221, -14.3715429306, 12.6611328125, -20.0884571075], [769.012145996, -249.245498657, 40.1293258667, 317.739227295, 78.7924804688, 167.001785278, -30.0972595215, 58.6005973816, -48.5525550842, 34.6739730835, -38.3747138977, 41.8210296631, 17.1263866425], [-180.962554932, 195.324554443, 48.0387802124, 78.7924804688, 188.95930481, 44.3277015686, 91.5683517456, 1.56871783733, 58.5817260742, 3.55928611755, 32.5168228149, -0.422632336617, 26.6636810303], [487.558197021, -224.931365967, 49.4830093384, 167.001785278, 44.3277015686, 176.176757813, -12.7133541107, 58.5113563538, -46.2119483948, 34.2856445313, -32.316619873, 45.3903083801, 2.93680787086], [-359.028869629, 252.517654419, 14.3934869766, -30.0972595215, 91.5683517456, -12.7133541107, 148.761978149, 16.4897079468, 79.6356735229, 1.23171925545, 55.1035194397, -11.5339612961, 20.7003250122], [178.760498047, -114.973266602, 40.9694023132, 58.6005973816, 1.56871783733, 58.5113563538, 16.4897079468, 88.3639678955, 8.53338909149, 39.3513183594, -1.69250643253, 34.9467964172, -6.56207609177], [-327.176940918, 207.48651123, -17.6100311279, -48.5525550842, 58.5817260742, -46.2119483948, 79.6356735229, 8.53338909149, 119.537773132, 19.609331131, 54.0224151611, -14.2620897293, 18.5733108521], [106.554962158, -102.956062317, 11.2239208221, 34.6739730835, 3.55928611755, 34.2856445313, 1.23171925545, 39.3513183594, 19.609331131, 88.1301345825, 33.859703064, 41.7117462158, -13.9544019699], [-265.278808594, 144.920852661, -14.3715429306, -38.3747138977, 32.5168228149, -32.316619873, 55.1035194397, -1.69250643253, 54.0224151611, 33.859703064, 89.381477356, 14.3242912292, 5.49398374557], [155.245681763, -131.349594116, 12.6611328125, 41.8210296631, -0.422632336617, 45.3903083801, -11.5339612961, 34.9467964172, -14.2620897293, 41.7117462158, 14.3242912292, 77.1231307983, 10.1058273315], [-24.1578826904, 68.7956848145, -20.0884571075, 17.1263866425, 26.6636810303, 2.93680787086, 20.7003250122, -6.56207609177, 18.5733108521, -13.9544019699, 5.49398374557, 10.1058273315, 73.8804626465]],
        "icov": [[0.000744695367757, -0.00192347588018, 0.00108609418385, -0.00201645423658, 0.00198921374977, -0.00140207004733, 0.00147933838889, -0.000927594257519, 0.000888904673047, -0.00187219912186, 0.00288386084139, -0.00188558094669, 0.00110467500053], [-0.00192347588018, 0.0103141609579, -0.00374398357235, 0.00659591285512, -0.00829227361828, 0.00599197205156, -0.00701399333775, 0.00418517645448, -0.00404802756384, 0.0089987013489, -0.0127592207864, 0.00940869282931, -0.00530963251367], [0.00108609418385, -0.00374398357235, 0.00588886812329, -0.00243813241832, 0.00126703432761, -0.00238647987135, 0.00281171384268, -0.00418657530099, 0.00337579031475, -0.00370106333867, 0.0057678334415, -0.00331174302846, 0.00296214898117], [-0.00201645423658, 0.00659591285512, -0.00243813241832, 0.0139801418409, -0.0107700191438, -0.000351643480826, -0.00144918344449, -0.000626633001957, -0.000283105036942, 0.00438851071522, -0.00885283574462, 0.00833642110229, -0.00603563478217], [0.00198921374977, -0.00829227361828, 0.00126703432761, -0.0107700191438, 0.0210561566055, -0.00864891801029, -0.00093674933305, 0.00427606562153, -0.0033248164691, -0.00507383234799, 0.00998319778591, -0.00975596625358, 0.00506959063932], [-0.00140207004733, 0.00599197205156, -0.00238647987135, -0.000351643480826, -0.00864891801029, 0.0202575810254, -0.00617454899475, -0.00256980839185, 0.00381591077894, 0.00121252832469, -0.00320358970203, 0.00300953048281, -0.00369119574316], [0.00147933838889, -0.00701399333775, 0.00281171384268, -0.00144918344449, -0.00093674933305, -0.00617454899475, 0.0225265491754, -0.0106031894684, -0.000874767894857, -0.00173168070614, 0.00108962564263, -0.00243279500864, 0.00159012305085], [-0.000927594257519, 0.00418517645448, -0.00418657530099, -0.000626633001957, 0.00427606562153, -0.00256980839185, -0.0106031894684, 0.0275970119983, -0.00978703703731, -0.000186922581634, 0.000708192528691, -0.0046076294966, 0.00179013866], [0.000888904673047, -0.00404802756384, 0.00337579031475, -0.000283105036942, -0.0033248164691, 0.00381591077894, -0.000874767894857, -0.00978703703731, 0.0248848944902, -0.0117476787418, 0.00154403410852, 0.00410714838654, -0.00368381477892], [-0.00187219912186, 0.0089987013489, -0.00370106333867, 0.00438851071522, -0.00507383234799, 0.00121252832469, -0.00173168070614, -0.000186922581634, -0.0117476787418, 0.0341938473284, -0.0214111655951, -0.000586743408348, 0.00232061068527], [0.00288386084139, -0.0127592207864, 0.0057678334415, -0.00885283574462, 0.00998319778591, -0.00320358970203, 0.00108962564263, 0.000708192528691, 0.00154403410852, -0.0214111655951, 0.0418296605349, -0.0188196562231, 0.00775795523077], [-0.00188558094669, 0.00940869282931, -0.00331174302846, 0.00833642110229, -0.00975596625358, 0.00300953048281, -0.00243279500864, -0.0046076294966, 0.00410714838654, -0.000586743408348, -0.0188196562231, 0.0349930003285, -0.0130673712119], [0.00110467500053, -0.00530963251367, 0.00296214898117, -0.00603563478217, 0.00506959063932, -0.00369119574316, 0.00159012305085, 0.00179013866, -0.00368381477892, 0.00232061068527, 0.00775795523077, -0.0130673712119, 0.0216508563608]]
    },
    "melbands": {
        "mean": [0.000497260247357, 0.00146034173667, 0.00101207324769, 0.000580439984333, 0.00032003771048, 0.000666587264277, 0.00101010897197, 0.00114684621803, 0.000458145572338, 0.000259072694462, 0.000127700404846, 0.000136828384711, 0.000103888371086, 4.17944320361e-005, 5.31260557182e-005, 4.69835213153e-005, 5.58932624699e-005, 5.31698933628e-005, 7.14111374691e-005, 6.38108540443e-005, 1.5188845282e-005, 1.42701919685e-005, 1.53048040374e-005, 1.12545767479e-005, 8.95189714356e-006, 4.82450468553e-006, 4.20502647103e-006, 4.03685680794e-006, 1.79642120202e-006, 1.31164324557e-006, 9.61769501373e-007, 5.70040469938e-007, 5.43829344224e-007, 3.61441152563e-007, 2.88944931981e-007, 1.91928066329e-007, 1.58172085207e-007, 1.41869662684e-007, 1.24279821989e-007, 7.27888931351e-008],
        "var": [6.51076220493e-007, 4.7799035201e-006, 3.50317827724e-006, 1.37898427965e-006, 1.7825685461e-007, 7.23627181287e-007, 8.93762830856e-007, 1.296495725e-006, 2.81237845456e-007, 7.09155116851e-008, 1.78283219299e-008, 5.88803281687e-008, 2.94099820053e-008, 2.46826892258e-009, 6.70165078986e-009, 4.40381020539e-009, 1.18339187338e-008, 1.52522119379e-008, 9.74038805168e-009, 9.84854686692e-009, 6.62150112518e-010, 3.23626569987e-010, 4.66715610603e-010, 3.60073804107e-010, 1.69807876094e-010, 4.18184688267e-011, 2.66839970259e-011, 2.57584353153e-011, 5.90580969545e-012, 3.18089283212e-012, 1.93170457928e-012, 1.28409490072e-012, 1.24318600119e-012, 1.54839758636e-012, 9.86785631506e-013, 5.49737826875e-013, 4.35303513071e-013, 6.26504870118e-013, 6.08655649752e-013, 2.21489493413e-013]
    },
    "mfcc": {
        "mean": [-666.783447266, 180.821670532, -26.5225391388, 22.3601989746, -12.0060758591, -5.59046936035, -13.7334499359, -4.33020114899, -1.30109965801, 7.51192712784, 2.63185739517, 2.97592949867, 1.01324701309],
        "cov": [[3711.47265625, -1251.71154785, 188.991760254, 290.614501953, 136.907592773, 335.345581055, 38.0680122375, 145.779220581, -7.07388734818, 35.2226257324, -176.461837769, -142.164627075, -4.99559593201], [-1251.71154785, 1118.87023926, -102.889122009, -43.9978637695, -20.4883518219, -102.652290344, 25.2113170624, -31.694316864, 56.4612197876, 5.92901468277, 77.7781143188, 58.6706352234, 6.3317360878], [188.991760254, -102.889122009, 203.577484131, 24.0709896088, 41.85704422, 17.8316688538, 27.5765018463, 18.6083259583, 12.7585191727, 0.0286243855953, -15.121181488, -10.2748432159, -5.55647325516], [290.614501953, -43.9978637695, 24.0709896088, 150.900283813, 62.7820587158, 77.301612854, 44.4822998047, 36.8556556702, 19.2312431335, 30.2654304504, 5.41519260406, 9.70422840118, 8.12478256226], [136.907592773, -20.4883518219, 41.85704422, 62.7820587158, 105.605018616, 72.2224655151, 36.6267089844, 28.1164474487, 20.2897605896, 19.6656780243, 5.28458499908, 1.88577580452, 6.43318510056], [335.345581055, -102.652290344, 17.8316688538, 77.301612854, 72.2224655151, 142.024658203, 52.6128044128, 41.4485282898, 19.796459198, 31.6933994293, -9.73576450348, -11.2288770676, 6.10175323486], [38.0680122375, 25.2113170624, 27.5765018463, 44.4822998047, 36.6267089844, 52.6128044128, 88.9980316162, 39.1389579773, 16.8183364868, 12.6777858734, 13.5603284836, 21.0277843475, 9.70060539246], [145.779220581, -31.694316864, 18.6083259583, 36.8556556702, 28.1164474487, 41.4485282898, 39.1389579773, 78.3954467773, 33.4088859558, 20.1860580444, 4.28248119354, -0.382210969925, 7.9758105278], [-7.07388734818, 56.4612197876, 12.7585191727, 19.2312431335, 20.2897605896, 19.796459198, 16.8183364868, 33.4088859558, 77.9507064819, 32.7513275146, -3.57088160515, -5.12101650238, 10.4566364288], [35.2226257324, 5.92901468277, 0.0286243855953, 30.2654304504, 19.6656780243, 31.6933994293, 12.6777858734, 20.1860580444, 32.7513275146, 70.4611740112, 26.4885387421, -1.10087513924, 8.72745990753], [-176.461837769, 77.7781143188, -15.121181488, 5.41519260406, 5.28458499908, -9.73576450348, 13.5603284836, 4.28248119354, -3.57088160515, 26.4885387421, 92.3629760742, 59.110458374, 15.8515472412], [-142.164627075, 58.6706352234, -10.2748432159, 9.70422840118, 1.88577580452, -11.2288770676, 21.0277843475, -0.382210969925, -5.12101650238, -1.10087513924, 59.110458374, 111.836250305, 36.5817985535], [-4.99559593201, 6.3317360878, -5.55647325516, 8.12478256226, 6.43318510056, 6.10175323486, 9.70060539246, 7.9758105278, 10.4566364288, 8.72745990753, 15.8515472412, 36.5817985535, 62.5772171021]],
        "icov": [[0.000619000231382, 0.000485513650347, -0.000213010891457, -0.000800099689513, 0.000308491376927, -0.00081149750622, 0.000520340399817, -0.000599460152443, 0.000241183413891, 5.54410180484e-005, 0.000545549730305, 0.000170136176166, -0.000157274553203], [0.000485513650347, 0.00166377204005, 0.000600833503995, -0.000562850327697, -0.000310265721055, 0.000664961233269, -0.000912481045816, 0.000640010461211, -0.00154779094737, 0.00053966185078, -0.000567363458686, 0.00026420125505, 0.000196420383872], [-0.000213010891457, 0.000600833503995, 0.00625132676214, 0.000257410545601, -0.00309128849767, 0.00254090409726, -0.00257747853175, 0.000414587702835, -0.00118322833441, 0.000260404252913, 0.000537590647582, 0.000165419070981, 0.000789132725913], [-0.000800099689513, -0.000562850327697, 0.000257410545601, 0.0116977868602, -0.00372644886374, -0.00166169495787, -0.00199125730433, -0.00070545921335, 0.00052565895021, -0.0028685182333, 0.000702909601387, -0.00207952200435, 0.00079068809282], [0.000308491376927, -0.000310265721055, -0.00309128849767, -0.00372644886374, 0.0179528184235, -0.00804537441581, 0.000547073606867, -0.000209707097383, -0.00170984107535, 0.00182360503823, -0.00236120773479, 0.000792816688772, -0.000687819905579], [-0.00081149750622, 0.000664961233269, 0.00254090409726, -0.00166169495787, -0.00804537441581, 0.0180751606822, -0.00705800484866, -0.000456931156805, 0.000886924215592, -0.00481456285343, 0.00269710179418, 0.000891544506885, -0.000154836627189], [0.000520340399817, -0.000912481045816, -0.00257747853175, -0.00199125730433, 0.000547073606867, -0.00705800484866, 0.0206956416368, -0.00748111819848, 0.00104960682802, 0.00166448869277, -0.000306384783471, -0.00339643610641, 0.000196407534531], [-0.000599460152443, 0.000640010461211, 0.000414587702835, -0.00070545921335, -0.000209707097383, -0.000456931156805, -0.00748111819848, 0.0219857171178, -0.00849012564868, 0.00121442135423, -0.00343782338314, 0.00209961924702, -0.000667826680001], [0.000241183413891, -0.00154779094737, -0.00118322833441, 0.00052565895021, -0.00170984107535, 0.000886924215592, 0.00104960682802, -0.00849012564868, 0.0228264797479, -0.0109253432602, 0.00717585068196, -0.00121942488477, -0.00238418928348], [5.54410180484e-005, 0.00053966185078, 0.000260404252913, -0.0028685182333, 0.00182360503823, -0.00481456285343, 0.00166448869277, 0.00121442135423, -0.0109253432602, 0.0266892015934, -0.012952699326, 0.00658116815612, -0.00224828021601], [0.000545549730305, -0.000567363458686, 0.000537590647582, 0.000702909601387, -0.00236120773479, 0.00269710179418, -0.000306384783471, -0.00343782338314, 0.00717585068196, -0.012952699326, 0.0243294723332, -0.0119635788724, 0.00196104613133], [0.000170136176166, 0.00026420125505, 0.000165419070981, -0.00207952200435, 0.000792816688772, 0.000891544506885, -0.00339643610641, 0.00209961924702, -0.00121942488477, 0.00658116815612, -0.0119635788724, 0.0190323516726, -0.00844763219357], [-0.000157274553203, 0.000196420383872, 0.000789132725913, 0.00079068809282, -0.000687819905579, -0.000154836627189, 0.000196407534531, -0.000667826680001, -0.00238418928348, -0.00224828021601, 0.00196104613133, -0.00844763219357, 0.0212092921138]]
    },
    "spectral_contrast_coeffs": {
        "mean": [-0.633057177067, -0.698068976402, -0.731425881386, -0.710525512695, -0.706125259399, -0.672264575958],
        "var": [0.00702221691608, 0.00390037568286, 0.00261473213322, 0.00446459371597, 0.00282004079781, 0.00373560492881]
    },
    "spectral_contrast_valleys": {
        "mean": [-7.49002933502, -6.00261545181, -7.16877889633, -8.0643081665, -8.72679233551, -12.7303953171],
        "var": [1.2073982954, 0.864092946053, 0.848622381687, 0.683319449425, 0.712436795235, 0.986516594887]
    }
},
"metadata": {
    "audio_properties": {
        "analysis_sample_rate": 44100,
        "bit_rate": 98228,
        "equal_loudness": 0,
        "length": 45.0873451233,
        "lossless": 0,
        "replay_gain": -7.61025619507,
        "sample_rate": 44100,
        "codec": "mp3",
        "downmix": "mix",
        "md5_encoded": "a16f1d2c2267829299f9127bb6ab701d"
    },
    "tags": {
        "file_name": "174.mp3"
    },
    "version": {
        "essentia": "2.1-beta2",
        "essentia_git_sha": "v2.1_beta2",
        "extractor": "music 1.0"
    }
},
"rhythm": {
    "beats_count": 80,
    "beats_loudness": {
        "mean": 0.0328650996089,
        "var": 0.000409691419918
    },
    "bpm": 105.845710754,
    "bpm_histogram_first_peak_bpm": {
        "mean": 105,
        "var": 0
    },
    "bpm_histogram_first_peak_spread": {
        "mean": 0.413793116808,
        "var": 0
    },
    "bpm_histogram_first_peak_weight": {
        "mean": 0.430379748344,
        "var": 0
    },
    "bpm_histogram_second_peak_bpm": {
        "mean": 120,
        "var": 0
    },
    "bpm_histogram_second_peak_spread": {
        "mean": 0.454545468092,
        "var": 0
    },
    "bpm_histogram_second_peak_weight": {
        "mean": 0.0759493634105,
        "var": 0
    },
    "danceability": 1.0336022377,
    "onset_rate": 1.50760138035,
    "beats_loudness_band_ratio": {
        "mean": [0.271739721298, 0.182249695063, 0.428302824497, 0.102493837476, 0.0621762797236, 0.0108348606154],
        "var": [0.0437379069626, 0.010107787326, 0.0437181219459, 0.0056791822426, 0.00317567959428, 0.000257570587564]
    },
    "beats_position": [0.53405892849, 1.09133780003, 1.64861679077, 2.20589566231, 2.76317453384, 3.32045340538, 3.85451245308, 4.38857126236, 4.92263031006, 5.45668935776, 6.04879808426, 6.64090681076, 7.20979595184, 7.79029464722, 8.35918331146, 8.91646194458, 9.45052146912, 9.99619007111, 10.5418596268, 11.0991382599, 11.6448068619, 12.2253055573, 12.8058052063, 13.3746938705, 13.9435825348, 14.512471199, 15.0813598633, 15.6502494812, 16.2075271606, 16.7648067474, 17.3220863342, 17.8793640137, 18.4482536316, 19.0171432495, 19.5976409912, 20.1781406403, 20.7470283508, 21.2578678131, 21.7570972443, 22.2563266754, 22.7439460754, 23.2431735992, 23.7307929993, 24.2416324615, 24.7292518616, 25.2284793854, 25.7277088165, 26.2269382477, 26.7958278656, 27.3763256073, 27.9568252563, 28.5257129669, 29.0946025848, 29.6634922028, 30.2323799133, 30.8012695313, 31.3701572418, 31.9390468597, 32.5079345703, 33.053604126, 33.6108856201, 34.1565513611, 34.7138328552, 35.2827186584, 35.8516082764, 36.4204978943, 36.9893875122, 37.5582771301, 38.1271629333, 38.6960525513, 39.2649421692, 39.8338317871, 40.402721405, 40.9716110229, 41.5404968262, 42.1093864441, 42.678276062, 43.2471656799, 43.8276634216, 44.4081611633]
},
"tonal": {
    "chords_changes_rate": 0.0349794253707,
    "chords_number_rate": 0.0144032919779,
    "chords_strength": {
        "mean": 0.504106163979,
        "var": 0.00720440549776
    },
    "hpcp_entropy": {
        "mean": 1.71846830845,
        "var": 0.379731297493
    },
    "key_strength": 0.703867614269,
    "tuning_diatonic_strength": 0.410010427237,
    "tuning_equal_tempered_deviation": 0.00658596213907,
    "tuning_frequency": 441.527557373,
    "tuning_nontempered_energy_ratio": 0.598791182041,
    "hpcp": {
        "mean": [0.325911045074, 0.185773581266, 0.0893792957067, 0.117180734873, 0.0693344995379, 0.213207840919, 0.375635921955, 0.212096750736, 0.14469845593, 0.195653215051, 0.0971735045314, 0.0702092945576, 0.107382707298, 0.0713564306498, 0.10643761605, 0.166450411081, 0.102527752519, 0.0706946104765, 0.0942702963948, 0.0796131640673, 0.194537475705, 0.325707882643, 0.206532612443, 0.0785671547055, 0.0647698640823, 0.0544096529484, 0.101271368563, 0.164612904191, 0.13451525569, 0.170001640916, 0.240269511938, 0.146681934595, 0.0652524605393, 0.0663641840219, 0.0695272311568, 0.200844615698],
        "var": [0.145868822932, 0.0484930202365, 0.0349844023585, 0.0648313090205, 0.0213002935052, 0.0532863549888, 0.163979277015, 0.0465558618307, 0.0521302707493, 0.106736153364, 0.0277825631201, 0.0181850455701, 0.044086009264, 0.0177761688828, 0.0274798888713, 0.0685165524483, 0.02883323282, 0.0150573262945, 0.0310637969524, 0.0221710707992, 0.036563642323, 0.100469775498, 0.0472223870456, 0.017217669636, 0.0145804816857, 0.0166277568787, 0.0271427761763, 0.0632881373167, 0.0509430654347, 0.0516156814992, 0.1034861058, 0.0456293560565, 0.0142945889384, 0.0247372090816, 0.0214972253889, 0.057176053524]
    },
    "chords_histogram": [26.3374481201, 2.57201647758, 0, 1.23456788063, 4.93827152252, 6.79012346268, 1.33744859695, 6.58436203003, 2.16049385071, 8.02469158173, 0, 0, 0, 0, 0, 0, 3.08641982079, 0, 4.52674913406, 0, 9.25925922394, 0, 18.9300403595, 4.21810722351],
    "thpcp": [1, 0.564633846283, 0.385209321976, 0.520858645439, 0.258690655231, 0.186907827854, 0.285869121552, 0.18996168673, 0.283353120089, 0.443116337061, 0.272944480181, 0.188199818134, 0.250961869955, 0.211942359805, 0.517888367176, 0.867083966732, 0.549821257591, 0.209157720208, 0.172427237034, 0.144846782088, 0.269599795341, 0.438224613667, 0.358100086451, 0.452570229769, 0.639634013176, 0.390489637852, 0.17371198535, 0.176671564579, 0.185092076659, 0.534678936005, 0.867624819279, 0.49455755949, 0.237941294909, 0.31195294857, 0.184578984976, 0.56759172678],
    "chords_key": "E",
    "chords_scale": "minor",
    "key_key": "E",
    "key_scale": "minor"
}
}