{
"lowlevel": {
    "average_loudness": 0.92639875412,
    "barkbands_crest": {
        "mean": 11.4054746628,
        "var": 15.1726779938
    },
    "barkbands_flatness_db": {
        "mean": 0.169289767742,
        "var": 0.00177063513547
    },
    "barkbands_kurtosis": {
        "mean": 10.290307045,
        "var": 111.306228638
    },
    "barkbands_skewness": {
        "mean": 2.47512412071,
        "var": 1.85500824451
    },
    "barkbands_spread": {
        "mean": 13.5727100372,
        "var": 79.446975708
    },
    "dissonance": {
        "mean": 0.44635027647,
        "var": 0.00113962776959
    },
    "dynamic_complexity": 2.93070888519,
    "erbbands_crest": {
        "mean": 11.8860425949,
        "var": 39.7538299561
    },
    "erbbands_flatness_db": {
        "mean": 0.159741252661,
        "var": 0.00207172404043
    },
    "erbbands_kurtosis": {
        "mean": 1.61669421196,
        "var": 12.9182100296
    },
    "erbbands_skewness": {
        "mean": 0.849098920822,
        "var": 0.545530200005
    },
    "erbbands_spread": {
        "mean": 42.2643737793,
        "var": 508.279998779
    },
    "hfc": {
        "mean": 12.9868879318,
        "var": 227.968963623
    },
    "melbands_crest": {
        "mean": 14.7826013565,
        "var": 20.2473106384
    },
    "melbands_flatness_db": {
        "mean": 0.237852632999,
        "var": 0.00228174077347
    },
    "melbands_kurtosis": {
        "mean": 24.9794082642,
        "var": 616.656738281
    },
    "melbands_skewness": {
        "mean": 3.47470545769,
        "var": 3.41719198227
    },
    "melbands_spread": {
        "mean": 12.5965137482,
        "var": 77.8390808105
    },
    "pitch_salience": {
        "mean": 0.558863699436,
        "var": 0.0123908566311
    },
    "silence_rate_20dB": {
        "mean": 1,
        "var": 0
    },
    "silence_rate_30dB": {
        "mean": 0.989186406136,
        "var": 0.0106965787709
    },
    "silence_rate_60dB": {
        "mean": 0.0128733264282,
        "var": 0.0127077968791
    },
    "spectral_centroid": {
        "mean": 751.970703125,
        "var": 115263.09375
    },
    "spectral_complexity": {
        "mean": 11.6472711563,
        "var": 37.5742034912
    },
    "spectral_decrease": {
        "mean": -7.16368120379e-009,
        "var": 4.87712902176e-017
    },
    "spectral_energy": {
        "mean": 0.0282153468579,
        "var": 0.000753062951844
    },
    "spectral_energyband_high": {
        "mean": 0.000418077979703,
        "var": 7.06881280621e-007
    },
    "spectral_energyband_low": {
        "mean": 0.00851856265217,
        "var": 0.000154402761837
    },
    "spectral_energyband_middle_high": {
        "mean": 0.00361917680129,
        "var": 3.41135855706e-005
    },
    "spectral_energyband_middle_low": {
        "mean": 0.0175606589764,
        "var": 0.000435486552306
    },
    "spectral_entropy": {
        "mean": 7.33096075058,
        "var": 0.16442912817
    },
    "spectral_flux": {
        "mean": 0.0894776806235,
        "var": 0.00303699914366
    },
    "spectral_kurtosis": {
        "mean": 3.80728411674,
        "var": 5.71661520004
    },
    "spectral_rms": {
        "mean": 0.00477331271395,
        "var": 4.74264606964e-006
    },
    "spectral_rolloff": {
        "mean": 715.996032715,
        "var": 643521.9375
    },
    "spectral_skewness": {
        "mean": 1.61230671406,
        "var": 0.190883263946
    },
    "spectral_spread": {
        "mean": 5070025,
        "var": 2.74468726374e+012
    },
    "spectral_strongpeak": {
        "mean": 0.929197728634,
        "var": 1.40585398674
    },
    "zerocrossingrate": {
        "mean": 0.0434746332467,
        "var": 0.00051942083519
    },
    "barkbands": {
        "mean": [7.33547421987e-005, 0.00388963520527, 0.00268219667487, 0.00347100198269, 0.00866960640997, 0.00343897449784, 0.00087312067626, 0.000644909916446, 0.000415221904404, 0.000778105342761, 0.00147677375935, 0.000543131376617, 8.82048698259e-005, 6.79035874782e-005, 0.000153748726007, 0.00019593811885, 0.000133570341859, 7.85635929788e-005, 8.81002633832e-005, 7.8886791016e-005, 7.84029907663e-005, 7.50924882595e-005, 0.000120408993098, 4.55914887425e-005, 2.66075185209e-005, 2.42796922976e-005, 4.03224839829e-006],
        "var": [2.59587515927e-008, 7.52755076974e-005, 1.55032103066e-005, 3.43660685758e-005, 0.000205704156542, 2.16402913793e-005, 3.80870551453e-006, 1.38079815315e-006, 7.77612683578e-007, 6.49240973871e-006, 1.30435046231e-005, 4.22387392973e-006, 1.21287172306e-007, 4.06621971649e-008, 1.12345276193e-007, 2.4925731168e-007, 1.58353174129e-007, 3.92788308545e-008, 4.39948770747e-008, 6.3094724112e-008, 4.19841832411e-008, 1.82277801741e-008, 5.71867104782e-008, 1.06118669407e-008, 8.58018101013e-009, 2.3315733344e-008, 1.07306785679e-009]
    },
    "erbbands": {
        "mean": [0.0918563902378, 0.960827231407, 2.83198618889, 8.56183433533, 21.1418552399, 25.7113647461, 36.8066062927, 22.5715770721, 18.2386302948, 7.3077173233, 17.0409545898, 9.98577213287, 11.5378303528, 36.5352706909, 65.6765823364, 25.3282146454, 5.88813352585, 3.3773932457, 6.88517284393, 7.88914966583, 11.0783176422, 6.83956336975, 4.73027706146, 4.0562171936, 4.24691295624, 3.72686672211, 3.28467273712, 2.99442720413, 2.61367034912, 2.85706329346, 3.87413907051, 1.28031122684, 0.71451985836, 0.371968448162, 0.153319686651, 0.0773221775889, 0.0493557937443, 0.0141029711813, 0.000426836340921, 4.11489163525e-005],
        "var": [0.0498863309622, 4.10128307343, 16.3994407654, 184.219589233, 1405.00048828, 2297.32128906, 1891.61828613, 1677.77600098, 1454.95959473, 366.531677246, 777.213500977, 492.414611816, 591.919921875, 10161.9257813, 25859.7617188, 9825.52441406, 481.222198486, 78.8586578369, 229.47807312, 261.050628662, 1004.57281494, 437.741882324, 148.424591064, 99.0818099976, 104.445220947, 150.104949951, 94.9289093018, 50.6781654358, 21.5542888641, 28.4417209625, 76.7767486572, 5.88599586487, 3.66890215874, 1.66897261143, 0.302198767662, 0.0970066413283, 0.106922097504, 0.0148569252342, 1.48087319758e-005, 6.87394141607e-009]
    },
    "gfcc": {
        "mean": [-21.4239082336, 106.662467957, -98.2144775391, 41.0365447998, -69.4152679443, 12.9997806549, -42.0773544312, -2.35762238503, -25.2450408936, -12.7994537354, -18.2280025482, 5.23316717148, -4.85301685333],
        "cov": [[3282.89404297, -357.221984863, 136.198257446, -65.4582366943, 15.1359643936, -95.2711639404, -82.9993209839, -0.627054750919, -110.225845337, 128.135040283, -91.1989212036, 85.996635437, -115.532234192], [-357.221984863, 762.482421875, -329.055999756, -12.3251104355, -38.8082008362, -30.915895462, 42.7331352234, -107.088867188, 83.0395202637, -175.393218994, 68.2485351563, -131.173416138, 111.243927002], [136.198257446, -329.055999756, 663.485107422, 35.6451683044, 183.17137146, 43.4107666016, 0.631820261478, 108.925804138, -31.3460483551, 176.11114502, -22.2648525238, 107.556968689, -81.876335144], [-65.4582366943, -12.3251104355, 35.6451683044, 304.186157227, -14.5003681183, -19.510887146, -14.2399320602, -10.6659049988, 42.7453346252, -12.5916557312, 33.9859161377, -63.3635292053, -5.62181138992], [15.1359643936, -38.8082008362, 183.17137146, -14.5003681183, 194.872650146, 80.7032546997, 76.9991226196, 46.7653923035, -36.3870925903, 52.4119644165, -9.14896011353, 69.0680541992, -12.5771579742], [-95.2711639404, -30.915895462, 43.4107666016, -19.510887146, 80.7032546997, 175.537582397, 92.665802002, 38.4394378662, -24.9900665283, 2.18136978149, 30.4831008911, 54.3900527954, 16.3834152222], [-82.9993209839, 42.7331352234, 0.631820261478, -14.2399320602, 76.9991226196, 92.665802002, 143.250915527, 35.2065734863, -9.57177257538, -14.6643161774, 14.379155159, 39.0013237, 21.950881958], [-0.627054750919, -107.088867188, 108.925804138, -10.6659049988, 46.7653923035, 38.4394378662, 35.2065734863, 118.889129639, 36.7600822449, 75.2219238281, -5.85159063339, 34.681438446, -7.09174156189], [-110.225845337, 83.0395202637, -31.3460483551, 42.7453346252, -36.3870925903, -24.9900665283, -9.57177257538, 36.7600822449, 147.677398682, 35.2908096313, 31.4619522095, -56.5165863037, 3.5777490139], [128.135040283, -175.393218994, 176.11114502, -12.5916557312, 52.4119644165, 2.18136978149, -14.6643161774, 75.2219238281, 35.2908096313, 166.075668335, -2.03961372375, 41.6349868774, -46.7166404724], [-91.1989212036, 68.2485351563, -22.2648525238, 33.9859161377, -9.14896011353, 30.4831008911, 14.379155159, -5.85159063339, 31.4619522095, -2.03961372375, 93.0061035156, 10.7424955368, 12.1282911301], [85.996635437, -131.173416138, 107.556968689, -63.3635292053, 69.0680541992, 54.3900527954, 39.0013237, 34.681438446, -56.5165863037, 41.6349868774, 10.7424955368, 129.576721191, 11.1353979111], [-115.532234192, 111.243927002, -81.876335144, -5.62181138992, -12.5771579742, 16.3834152222, 21.950881958, -7.09174156189, 3.5777490139, -46.7166404724, 12.1282911301, 11.1353979111, 86.1954116821]],
        "icov": [[0.000351198395947, 1.81221355433e-006, 7.87939425209e-005, -4.43205281044e-005, 5.18008309882e-005, 0.000155815374455, 4.57924397779e-005, 8.08895856608e-005, 0.000177070367499, -0.000248533266131, 0.000254941172898, -0.000343451101799, 0.000379728211556], [1.81221355433e-006, 0.00412760069594, 0.000347435096046, 0.00172975717578, -0.00302779953927, 0.00173168105539, -0.00125520268921, 0.00195513153449, -0.00151072244626, 0.00194272235967, -0.00358591973782, 0.00484949210659, -0.00417854543775], [7.87939425209e-005, 0.000347435096046, 0.00327296229079, -0.000783189374488, -0.00250540114939, 0.000174095708644, 0.00138918845914, -0.00113385159057, 0.000282005203189, -0.00114400137682, 0.000150892956299, -0.00129342672881, 0.00138348795008], [-4.43205281044e-005, 0.00172975717578, -0.000783189374488, 0.00499744294211, -0.00146691256668, 0.00113913218956, -0.000711149186827, 0.000675190007314, -0.00049365189625, 0.00127848843113, -0.00378335104324, 0.00509806582704, -0.0023165945895], [5.18008309882e-005, -0.00302779953927, -0.00250540114939, -0.00146691256668, 0.0131007041782, -0.00319156958722, -0.00394604494795, -0.000226029456826, 0.00203157169744, -0.00332483649254, 0.00453121820465, -0.00482040084898, 0.00310493772849], [0.000155815374455, 0.00173168105539, 0.000174095708644, 0.00113913218956, -0.00319156958722, 0.0114145409316, -0.00493509275839, -0.00179428805131, 0.00173075450584, 0.00133035390172, -0.00539261614904, 0.0018969521625, -0.00214961147867], [4.57924397779e-005, -0.00125520268921, 0.00138918845914, -0.000711149186827, -0.00394604494795, -0.00493509275839, 0.0145291881636, -0.00414928840473, -0.000789007986896, 0.00294687249698, 0.000840308028273, -0.00335520203225, 0.00122046214528], [8.08895856608e-005, 0.00195513153449, -0.00113385159057, 0.000675190007314, -0.000226029456826, -0.00179428805131, -0.00414928840473, 0.0182913187891, -0.00655942969024, -0.00447345152497, 0.00311707169749, -0.000997034367174, -0.00304028228857], [0.000177070367499, -0.00151072244626, 0.000282005203189, -0.00049365189625, 0.00203157169744, 0.00173075450584, -0.000789007986896, -0.00655942969024, 0.0155107891187, -0.00548451812938, -0.0050913374871, 0.00716345198452, -0.00177390989847], [-0.000248533266131, 0.00194272235967, -0.00114400137682, 0.00127848843113, -0.00332483649254, 0.00133035390172, 0.00294687249698, -0.00447345152497, -0.00548451812938, 0.0156213585287, -0.00190827308688, -0.00232899817638, 0.00356336124241], [0.000254941172898, -0.00358591973782, 0.000150892956299, -0.00378335104324, 0.00453121820465, -0.00539261614904, 0.000840308028273, 0.00311707169749, -0.0050913374871, -0.00190827308688, 0.0196684990078, -0.010627838783, 0.00437746755779], [-0.000343451101799, 0.00484949210659, -0.00129342672881, 0.00509806582704, -0.00482040084898, 0.0018969521625, -0.00335520203225, -0.000997034367174, 0.00716345198452, -0.00232899817638, -0.010627838783, 0.0251896511763, -0.011225130409], [0.000379728211556, -0.00417854543775, 0.00138348795008, -0.0023165945895, 0.00310493772849, -0.00214961147867, 0.00122046214528, -0.00304028228857, -0.00177390989847, 0.00356336124241, 0.00437746755779, -0.011225130409, 0.0218062438071]]
    },
    "melbands": {
        "mean": [0.000983718084171, 0.00143082160503, 0.00177284167148, 0.00178513582796, 0.00123945600353, 0.000529650249518, 0.000263109483058, 7.84777439549e-005, 0.000131571374368, 6.09587441431e-005, 5.81726308155e-005, 0.000143207478686, 0.000203414601856, 0.000102879479527, 3.28557252942e-005, 7.28553732188e-006, 5.74079149374e-006, 9.53444396146e-006, 1.15102038762e-005, 1.26184186229e-005, 1.3089525055e-005, 7.51444304115e-006, 5.07577260578e-006, 3.67821803593e-006, 3.16559089697e-006, 3.56994223694e-006, 2.52865902439e-006, 2.45922115027e-006, 2.12104237107e-006, 1.84738371445e-006, 1.67425434938e-006, 1.40406882565e-006, 1.56682563102e-006, 1.54132283114e-006, 2.44805778493e-006, 1.40531221859e-006, 5.76983325118e-007, 5.30652187081e-007, 3.94131689063e-007, 2.82028111087e-007],
        "var": [5.23595235791e-006, 4.76103423352e-006, 6.01480041951e-006, 1.17558520287e-005, 2.29763145398e-006, 8.08998890989e-007, 3.0480768487e-007, 4.39887557491e-008, 4.23176196307e-008, 2.22289830987e-008, 1.67644564897e-008, 1.87456819845e-007, 2.5113195079e-007, 7.87720608741e-008, 2.99954479033e-008, 5.07083208756e-010, 2.49590764723e-010, 5.17096698793e-010, 7.20252635311e-010, 7.12562564509e-010, 1.83064030601e-009, 6.20179296806e-010, 1.8120940859e-010, 8.91997448127e-011, 6.4872870964e-011, 8.49246992174e-011, 4.49299208949e-011, 7.79028785924e-011, 4.45507346292e-011, 2.28112702338e-011, 1.58306527609e-011, 7.20986421607e-012, 7.93546565264e-012, 9.05837644477e-012, 2.9250248057e-011, 9.16068176177e-012, 1.39195404335e-012, 2.4045320856e-012, 1.49054520896e-012, 1.16305619649e-012]
    },
    "mfcc": {
        "mean": [-666.040466309, 127.116104126, 26.2403488159, 27.7600326538, 1.65463459492, 7.93182611465, -9.85000133514, 9.61394882202, -4.73072624207, -5.99860668182, -18.5552349091, -6.29280805588, 2.66403627396],
        "cov": [[2552.85424805, -150.269271851, -100.07686615, 50.9913787842, -63.3717308044, -51.0061988831, -78.614982605, -106.396400452, -69.9770507813, -22.726940155, 31.9348316193, -28.9256782532, -58.099697113], [-150.269271851, 570.05255127, -125.093917847, -73.6762695313, -30.5104484558, 3.95487236977, -10.898516655, 25.1441345215, 35.2405204773, -32.9738960266, -44.8788299561, -7.50202846527, 8.4345407486], [-100.07686615, -125.093917847, 327.375213623, 76.8956375122, 117.841453552, 13.9962434769, 38.6703681946, -11.3612203598, -3.92122220993, 26.6773452759, 58.3797531128, 36.5798301697, 17.7843379974], [50.9913787842, -73.6762695313, 76.8956375122, 218.956619263, 50.0725364685, 16.1900787354, -5.14236497879, -20.5239181519, -18.8166923523, 28.2954387665, 38.2083969116, -15.5018939972, -41.9510612488], [-63.3717308044, -30.5104484558, 117.841453552, 50.0725364685, 123.268814087, 28.3987731934, 34.0113449097, 0.605695903301, 9.99321746826, 15.8128643036, 35.9307785034, 21.081155777, 19.5319690704], [-51.0061988831, 3.95487236977, 13.9962434769, 16.1900787354, 28.3987731934, 101.604553223, 74.4969100952, 37.7091331482, 9.50736236572, -16.9953422546, -10.5107221603, 13.5956287384, 35.3686065674], [-78.614982605, -10.898516655, 38.6703681946, -5.14236497879, 34.0113449097, 74.4969100952, 160.170013428, 75.9361419678, 27.6615886688, -38.6094474792, -21.6422557831, 6.86474370956, 70.8180389404], [-106.396400452, 25.1441345215, -11.3612203598, -20.5239181519, 0.605695903301, 37.7091331482, 75.9361419678, 111.491645813, 31.973110199, -17.9240589142, -36.1415901184, 1.68137097359, 39.5366821289], [-69.9770507813, 35.2405204773, -3.92122220993, -18.8166923523, 9.99321746826, 9.50736236572, 27.6615886688, 31.973110199, 92.9088745117, 34.1298942566, 1.07399511337, -7.34272670746, 15.0180110931], [-22.726940155, -32.9738960266, 26.6773452759, 28.2954387665, 15.8128643036, -16.9953422546, -38.6094474792, -17.9240589142, 34.1298942566, 135.261260986, 77.0077667236, 8.17849731445, -53.1947479248], [31.9348316193, -44.8788299561, 58.3797531128, 38.2083969116, 35.9307785034, -10.5107221603, -21.6422557831, -36.1415901184, 1.07399511337, 77.0077667236, 120.176933289, 43.5661659241, -28.8554916382], [-28.9256782532, -7.50202846527, 36.5798301697, -15.5018939972, 21.081155777, 13.5956287384, 6.86474370956, 1.68137097359, -7.34272670746, 8.17849731445, 43.5661659241, 94.0892868042, 43.5751609802], [-58.099697113, 8.4345407486, 17.7843379974, -41.9510612488, 19.5319690704, 35.3686065674, 70.8180389404, 39.5366821289, 15.0180110931, -53.1947479248, -28.8554916382, 43.5751609802, 125.817207336]],
        "icov": [[0.000433758308645, 0.000124080979731, 0.000182302857866, -9.77621239144e-005, 0.000132169530843, 5.76175589231e-005, -2.42685127887e-005, 0.000310515664751, 7.02547331457e-005, 0.000245537754381, -0.000274520076346, 0.000124754747958, 2.24467021326e-006], [0.000124080979731, 0.00211268872954, 0.000779944821261, 0.000372332375264, -0.00047595705837, -0.000244056456722, 0.000539121276233, -0.000172774554812, -0.00104238127824, 0.000853536999784, 0.000127835097373, -0.000358106015483, 0.000461539661046], [0.000182302857866, 0.000779944821261, 0.00545779336244, -0.000751827727072, -0.00432510674, 0.0014520426048, -0.00139844766818, 0.000670815410558, 0.000388756947359, -0.000175876266439, -0.000261076260358, -0.00114134175237, 6.39920181129e-005], [-9.77621239144e-005, 0.000372332375264, -0.000751827727072, 0.0063155000098, -0.00179128756281, -0.00184061587788, 0.000525788462255, -0.000222480957746, 0.00127816025633, -2.99259427265e-005, -0.00144350563642, 0.00203695474193, 0.00150964641944], [0.000132169530843, -0.00047595705837, -0.00432510674, -0.00179128756281, 0.0148108201101, -0.00259211659431, -0.000550844939426, 0.000848081137519, -0.00135696062353, 0.000142735720146, -0.00284368335269, 0.00062569527654, -0.00206655566581], [5.76175589231e-005, -0.000244056456722, 0.0014520426048, -0.00184061587788, -0.00259211659431, 0.0166550483555, -0.00762717053294, -0.000175791967195, 0.000675603980199, -0.000950710847974, 0.00259102205746, -0.00348292337731, 0.000610699935351], [-2.42685127887e-005, 0.000539121276233, -0.00139844766818, 0.000525788462255, -0.000550844939426, -0.00762717053294, 0.0165642332286, -0.007393267937, -0.00178207375575, 0.00372789404355, -0.00447003170848, 0.00491481414065, -0.00538344774395], [0.000310515664751, -0.000172774554812, 0.000670815410558, -0.000222480957746, 0.000848081137519, -0.000175791967195, -0.007393267937, 0.0165593083948, -0.00292168324813, -0.00215021427721, 0.0056791221723, -0.00312534626573, 0.000686101207975], [7.02547331457e-005, -0.00104238127824, 0.000388756947359, 0.00127816025633, -0.00135696062353, 0.000675603980199, -0.00178207375575, -0.00292168324813, 0.0169035512954, -0.00771244382486, 0.000623069005087, 0.00398683687672, -0.00410088244826], [0.000245537754381, 0.000853536999784, -0.000175876266439, -2.99259427265e-005, 0.000142735720146, -0.000950710847974, 0.00372789404355, -0.00215021427721, -0.00771244382486, 0.0179723259062, -0.0100987302139, 0.000274390971754, 0.00500158080831], [-0.000274520076346, 0.000127835097373, -0.000261076260358, -0.00144350563642, -0.00284368335269, 0.00259102205746, -0.00447003170848, 0.0056791221723, 0.000623069005087, -0.0100987302139, 0.0228036213666, -0.0115567659959, 0.00475314073265], [0.000124754747958, -0.000358106015483, -0.00114134175237, 0.00203695474193, 0.00062569527654, -0.00348292337731, 0.00491481414065, -0.00312534626573, 0.00398683687672, 0.000274390971754, -0.0115567659959, 0.0220355372876, -0.01062226668], [2.24467021326e-006, 0.000461539661046, 6.39920181129e-005, 0.00150964641944, -0.00206655566581, 0.000610699935351, -0.00538344774395, 0.000686101207975, -0.00410088244826, 0.00500158080831, 0.00475314073265, -0.01062226668, 0.0187492650002]]
    },
    "spectral_contrast_coeffs": {
        "mean": [-0.593688547611, -0.702254235744, -0.733600258827, -0.791300594807, -0.813451111317, -0.760016024113],
        "var": [0.00985254812986, 0.00370990042575, 0.00616789143533, 0.00195240904577, 0.000953402253799, 0.00107536569703]
    },
    "spectral_contrast_valleys": {
        "mean": [-7.10489702225, -6.84150695801, -7.66637420654, -8.26124191284, -7.96803712845, -10.3424091339],
        "var": [0.681770265102, 0.637960016727, 0.579720973969, 0.551675319672, 0.55868268013, 0.591598987579]
    }
},
"metadata": {
    "audio_properties": {
        "analysis_sample_rate": 44100,
        "bit_rate": 128074,
        "equal_loudness": 0,
        "length": 45.0612258911,
        "lossless": 0,
        "replay_gain": -5.58587646484,
        "sample_rate": 44100,
        "codec": "mp3",
        "downmix": "mix",
        "md5_encoded": "61c227673e00f34dd94a5518bb7d551a"
    },
    "tags": {
        "file_name": "1740.mp3"
    },
    "version": {
        "essentia": "2.1-beta2",
        "essentia_git_sha": "v2.1_beta2",
        "extractor": "music 1.0"
    }
},
"rhythm": {
    "beats_count": 104,
    "beats_loudness": {
        "mean": 0.0358603075147,
        "var": 0.000539384956937
    },
    "bpm": 129.242050171,
    "bpm_histogram_first_peak_bpm": {
        "mean": 129,
        "var": 0
    },
    "bpm_histogram_first_peak_spread": {
        "mean": 0.529411792755,
        "var": 0
    },
    "bpm_histogram_first_peak_weight": {
        "mean": 0.155339807272,
        "var": 0
    },
    "bpm_histogram_second_peak_bpm": {
        "mean": 123,
        "var": 0
    },
    "bpm_histogram_second_peak_spread": {
        "mean": 0,
        "var": 0
    },
    "bpm_histogram_second_peak_weight": {
        "mean": 0.145631074905,
        "var": 0
    },
    "danceability": 1.11731767654,
    "onset_rate": 5.12404823303,
    "beats_loudness_band_ratio": {
        "mean": [0.484728515148, 0.371392607689, 0.0736905708909, 0.0963823795319, 0.0240208189934, 0.032390512526],
        "var": [0.0537628270686, 0.0411283001304, 0.00568646425381, 0.0164294056594, 0.000310262170387, 0.00332753686234]
    },
    "beats_position": [0.383129239082, 0.777868449688, 1.16099774837, 1.53251695633, 1.91564619541, 2.29877543449, 2.69351458549, 3.06503391266, 3.43655323982, 3.83129239082, 4.22603178024, 4.73687076569, 5.22448968887, 5.71210861206, 6.19972801208, 6.68734693527, 7.17496585846, 7.65097475052, 8.12698364258, 8.60299301147, 9.11383247375, 9.63628101349, 10.1587295532, 10.6811790466, 11.2152376175, 11.7376871109, 12.2601356506, 12.782585144, 13.2934236526, 13.722992897, 14.1873922348, 14.6750106812, 15.1626300812, 15.6502494812, 16.1378688812, 16.6138763428, 17.0898857117, 17.5775051117, 18.0651245117, 18.5527439117, 19.0403633118, 19.5163707733, 19.9923801422, 20.45677948, 20.9095687866, 21.3739681244, 21.8383674622, 22.3143768311, 22.7787742615, 23.2315635681, 23.6959629059, 24.1603622437, 24.6131515503, 25.0659408569, 25.5187301636, 25.9831295013, 26.4475269318, 26.9119262695, 27.3763256073, 27.8407249451, 28.3051242828, 28.7695236206, 29.2339229584, 29.6983222961, 30.1394996643, 30.5922889709, 31.0450782776, 31.4862575531, 31.9390468597, 32.391834259, 32.8678436279, 33.3554649353, 33.843082428, 34.2029914856, 34.5629005432, 34.9344215393, 35.3059387207, 35.6658477783, 36.0373687744, 36.4088897705, 36.8036270142, 37.1983680725, 37.5582771301, 37.9065742493, 38.2432632446, 38.5915641785, 38.9282531738, 39.2649421692, 39.5900230408, 39.9383201599, 40.2634010315, 40.5884780884, 40.9251708984, 41.2618598938, 41.5985488892, 41.9352378845, 42.2719268799, 42.6086158752, 42.9569168091, 43.3052139282, 43.6419029236, 43.9902038574, 44.3268928528, 44.6751937866]
},
"tonal": {
    "chords_changes_rate": 0.0637860074639,
    "chords_number_rate": 0.0113168722019,
    "chords_strength": {
        "mean": 0.426575213671,
        "var": 0.00699348002672
    },
    "hpcp_entropy": {
        "mean": 1.81552600861,
        "var": 0.447940468788
    },
    "key_strength": 0.631235599518,
    "tuning_diatonic_strength": 0.452603310347,
    "tuning_equal_tempered_deviation": 0.076549783349,
    "tuning_frequency": 442.03793335,
    "tuning_nontempered_energy_ratio": 0.668460071087,
    "hpcp": {
        "mean": [0.20031619072, 0.131472185254, 0.0901358127594, 0.0947417020798, 0.0720136165619, 0.0739201754332, 0.0929286256433, 0.0912838503718, 0.163376659155, 0.228506848216, 0.198809236288, 0.169167265296, 0.145145699382, 0.149833396077, 0.322157531977, 0.419321507215, 0.240990445018, 0.108577296138, 0.095314219594, 0.0807139500976, 0.0645818039775, 0.0509741455317, 0.0570675693452, 0.0966933816671, 0.105500355363, 0.0786600708961, 0.0854064226151, 0.091777972877, 0.11160223186, 0.177105218172, 0.159206673503, 0.122299872339, 0.14033959806, 0.120000265539, 0.118274800479, 0.178118109703],
        "var": [0.0699471384287, 0.0414749979973, 0.0346953868866, 0.0357208400965, 0.02346820198, 0.0246801394969, 0.0381272807717, 0.0267281774431, 0.0612291507423, 0.0977458581328, 0.0766512751579, 0.0780234858394, 0.0609781034291, 0.0520981140435, 0.0954034626484, 0.128117054701, 0.0613645911217, 0.0428203754127, 0.0402377136052, 0.0326007753611, 0.0255500003695, 0.0169559344649, 0.0170298311859, 0.0380801558495, 0.0405551381409, 0.0253555625677, 0.0346269533038, 0.0384172089398, 0.0305945239961, 0.0836376547813, 0.0662765726447, 0.0497904457152, 0.0715781971812, 0.0445600748062, 0.0433985032141, 0.068052791059]
    },
    "chords_histogram": [5.55555534363, 2.16049385071, 31.0699596405, 0, 2.88065838814, 1.23456788063, 0.102880656719, 9.46502017975, 5.65843629837, 26.1316871643, 1.44032919407, 0, 0, 0.720164597034, 0, 0, 0, 0.205761313438, 0, 0.102880656719, 2.26337456703, 0.925925910473, 10.0823049545, 0],
    "thpcp": [1, 0.574715197086, 0.258935660124, 0.227305814624, 0.192487031221, 0.154015004635, 0.121563397348, 0.136095017195, 0.230594858527, 0.251597762108, 0.18758893013, 0.203677654266, 0.218872562051, 0.266149550676, 0.422361403704, 0.37967684865, 0.291661351919, 0.334682554007, 0.28617721796, 0.282062321901, 0.424776941538, 0.477715045214, 0.313535511494, 0.214956328273, 0.225940480828, 0.171738430858, 0.17628519237, 0.221616640687, 0.217694178224, 0.389621466398, 0.544944286346, 0.474121242762, 0.403430938721, 0.346144169569, 0.357323408127, 0.76828289032],
    "chords_key": "D",
    "chords_scale": "minor",
    "key_key": "G",
    "key_scale": "minor"
}
}