{
"lowlevel": {
    "average_loudness": 0.851287186146,
    "barkbands_crest": {
        "mean": 12.9387331009,
        "var": 17.8999938965
    },
    "barkbands_flatness_db": {
        "mean": 0.426540642977,
        "var": 0.00554692279547
    },
    "barkbands_kurtosis": {
        "mean": 5.62250185013,
        "var": 45.4831619263
    },
    "barkbands_skewness": {
        "mean": 1.73807156086,
        "var": 1.53538048267
    },
    "barkbands_spread": {
        "mean": 5.6462521553,
        "var": 16.4813137054
    },
    "dissonance": {
        "mean": 0.420647859573,
        "var": 0.00262171914801
    },
    "dynamic_complexity": 2.73534727097,
    "erbbands_crest": {
        "mean": 10.2942428589,
        "var": 14.6126842499
    },
    "erbbands_flatness_db": {
        "mean": 0.370125085115,
        "var": 0.00331137748435
    },
    "erbbands_kurtosis": {
        "mean": 0.914953768253,
        "var": 8.41864871979
    },
    "erbbands_skewness": {
        "mean": -0.120261840522,
        "var": 1.16138780117
    },
    "erbbands_spread": {
        "mean": 16.6193733215,
        "var": 97.7860031128
    },
    "hfc": {
        "mean": 12.1470556259,
        "var": 94.0033111572
    },
    "melbands_crest": {
        "mean": 17.5061798096,
        "var": 26.2808456421
    },
    "melbands_flatness_db": {
        "mean": 0.564401566982,
        "var": 0.00884336512536
    },
    "melbands_kurtosis": {
        "mean": 12.3295850754,
        "var": 175.48789978
    },
    "melbands_skewness": {
        "mean": 2.59799718857,
        "var": 2.10738348961
    },
    "melbands_spread": {
        "mean": 6.89362621307,
        "var": 42.2424545288
    },
    "pitch_salience": {
        "mean": 0.493172615767,
        "var": 0.0146264005452
    },
    "silence_rate_20dB": {
        "mean": 1,
        "var": 0
    },
    "silence_rate_30dB": {
        "mean": 0.790422260761,
        "var": 0.165652349591
    },
    "silence_rate_60dB": {
        "mean": 0.0211122557521,
        "var": 0.0206665489823
    },
    "spectral_centroid": {
        "mean": 395.958679199,
        "var": 71022.7578125
    },
    "spectral_complexity": {
        "mean": 11.9654998779,
        "var": 14.9365720749
    },
    "spectral_decrease": {
        "mean": -1.65829732168e-008,
        "var": 1.79093152357e-016
    },
    "spectral_energy": {
        "mean": 0.0636897310615,
        "var": 0.00261709629558
    },
    "spectral_energyband_high": {
        "mean": 2.64352584054e-005,
        "var": 1.94235482809e-007
    },
    "spectral_energyband_low": {
        "mean": 0.0464826561511,
        "var": 0.00204524584115
    },
    "spectral_energyband_middle_high": {
        "mean": 0.00286558270454,
        "var": 9.77239778877e-006
    },
    "spectral_energyband_middle_low": {
        "mean": 0.0229542776942,
        "var": 0.000372196664102
    },
    "spectral_entropy": {
        "mean": 5.77998447418,
        "var": 0.26908120513
    },
    "spectral_flux": {
        "mean": 0.10208876431,
        "var": 0.0035194598604
    },
    "spectral_kurtosis": {
        "mean": 154.952865601,
        "var": 16916.703125
    },
    "spectral_rms": {
        "mean": 0.00717649888247,
        "var": 1.06341894934e-005
    },
    "spectral_rolloff": {
        "mean": 428.656066895,
        "var": 281139.6875
    },
    "spectral_skewness": {
        "mean": 8.16259860992,
        "var": 18.993057251
    },
    "spectral_spread": {
        "mean": 874466.8125,
        "var": 1.32019952026e+012
    },
    "spectral_strongpeak": {
        "mean": 0.749737024307,
        "var": 0.222995638847
    },
    "zerocrossingrate": {
        "mean": 0.0141938477755,
        "var": 0.000193921499886
    },
    "barkbands": {
        "mean": [2.87576531264e-005, 0.0241986773908, 0.0137903932482, 0.0132723338902, 0.00442024692893, 0.00227480637841, 0.000835520855617, 0.000653584662359, 0.00116905500181, 0.00154844799545, 0.000848030147608, 0.00032258479041, 8.9223642135e-005, 2.53739362961e-005, 1.80911611096e-005, 2.06296826946e-005, 2.55945506069e-005, 0.000107880085125, 1.15522470878e-005, 5.97097414357e-006, 1.83191896213e-005, 4.20473361373e-006, 4.37949125853e-007, 7.29401108401e-008, 1.52010155574e-008, 2.85744992112e-008, 2.14045599023e-008],
        "var": [5.4455897569e-009, 0.000996730057523, 0.000492708873935, 0.000232604550547, 3.17350204568e-005, 7.92147602624e-006, 8.41292717269e-007, 6.59250588342e-007, 5.19294007972e-006, 3.04185709865e-006, 8.65863796662e-007, 1.98099556314e-007, 3.14443084903e-008, 4.18579126915e-009, 5.14854603395e-009, 6.61995791518e-009, 1.15571259229e-008, 1.83278416443e-006, 9.42192013298e-009, 4.69834482431e-009, 1.16517661297e-007, 6.48070486164e-009, 1.40582365193e-010, 2.86863089706e-012, 4.38676059453e-014, 3.30681852343e-013, 2.48219440878e-013]
    },
    "erbbands": {
        "mean": [0.345968216658, 6.66397666931, 16.7421340942, 34.6594009399, 24.1785030365, 13.8166131973, 21.5334339142, 13.592962265, 11.4426727295, 14.3247413635, 13.7365884781, 28.6075630188, 34.2937965393, 52.5664291382, 30.8289337158, 12.4102478027, 4.75700139999, 1.85647690296, 1.05513286591, 1.06237494946, 1.15764832497, 1.60406804085, 4.38039922714, 3.37748432159, 0.323143452406, 0.29598903656, 0.258182436228, 1.01389324665, 0.244128063321, 0.0359377115965, 0.010782408528, 0.00254838308319, 0.000889130868018, 0.000263160734903, 0.000128794970806, 7.89091427578e-005, 7.41553012631e-005, 4.60828123323e-005, 3.0622635677e-005, 6.9654728577e-005],
        "var": [0.230490446091, 71.5107879639, 588.252502441, 1360.51696777, 836.558166504, 304.269134521, 1537.3659668, 286.85067749, 191.54447937, 234.480804443, 246.75428772, 4398.08447266, 1138.39257813, 4115.72167969, 1211.55505371, 298.948913574, 70.262588501, 18.9727554321, 12.8645439148, 16.4838504791, 25.9250507355, 49.7024116516, 1958.25439453, 2236.8059082, 8.18244361877, 11.556227684, 9.51923465729, 411.630371094, 20.9841327667, 0.778439581394, 0.0810987427831, 0.00379601307213, 0.00033435082878, 1.25408578242e-005, 2.74721719506e-006, 8.28863676361e-007, 1.26570614611e-006, 1.17564684388e-006, 2.64330801691e-009, 3.1068978501e-009]
    },
    "gfcc": {
        "mean": [-176.81918335, 269.818450928, -71.4711227417, -35.865196228, -12.6527042389, -10.1237154007, 6.24706745148, -1.32510244846, -19.0429973602, -25.3348522186, -7.97495412827, -4.13593435287, -1.46378898621],
        "cov": [[5287.1015625, -530.947021484, -1443.14794922, 1469.70166016, 507.537231445, -644.83013916, 224.314147949, -110.557655334, -83.087890625, 317.638366699, -58.1339950562, 22.2575321198, -2.22100782394], [-530.947021484, 614.176574707, 498.570129395, -598.508850098, 134.053771973, 153.578826904, -57.1839370728, 59.8910903931, -23.1875858307, -72.1279754639, 78.9950942993, -44.7383384705, 3.2583463192], [-1443.14794922, 498.570129395, 1784.72644043, -549.016845703, -236.357452393, 421.409637451, -77.4454879761, -63.0851364136, -9.25529956818, -24.1567249298, 128.59161377, -68.2327270508, 23.1499938965], [1469.70166016, -598.508850098, -549.016845703, 1115.43664551, 106.095367432, -471.229095459, 84.0731582642, -83.5455322266, -25.1995830536, 158.639221191, -80.5204925537, 19.8450775146, 11.194316864], [507.537231445, 134.053771973, -236.357452393, 106.095367432, 470.697113037, -153.619094849, -102.375289917, 94.7178497314, -20.9604949951, -6.12305498123, 36.5107650757, -30.4036235809, -12.3435745239], [-644.83013916, 153.578826904, 421.409637451, -471.229095459, -153.619094849, 440.487762451, 22.4817218781, -33.7969894409, 52.6326599121, -17.2747974396, 56.9813995361, 19.0752010345, 17.6522083282], [224.314147949, -57.1839370728, -77.4454879761, 84.0731582642, -102.375289917, 22.4817218781, 249.471984863, -13.1057310104, -40.6049232483, 60.9830665588, -7.90380907059, 33.9656791687, 21.8400287628], [-110.557655334, 59.8910903931, -63.0851364136, -83.5455322266, 94.7178497314, -33.7969894409, -13.1057310104, 174.965332031, 19.3109264374, -79.8787155151, 26.637178421, 1.86850130558, -15.7809057236], [-83.087890625, -23.1875858307, -9.25529956818, -25.1995830536, -20.9604949951, 52.6326599121, -40.6049232483, 19.3109264374, 102.790496826, 8.67011165619, -19.228723526, 8.86633968353, 7.41293001175], [317.638366699, -72.1279754639, -24.1567249298, 158.639221191, -6.12305498123, -17.2747974396, 60.9830665588, -79.8787155151, 8.67011165619, 141.487716675, 11.6852073669, -0.214995250106, 26.7597751617], [-58.1339950562, 78.9950942993, 128.59161377, -80.5204925537, 36.5107650757, 56.9813995361, -7.90380907059, 26.637178421, -19.228723526, 11.6852073669, 100.412849426, 13.6027936935, -1.18645811081], [22.2575321198, -44.7383384705, -68.2327270508, 19.8450775146, -30.4036235809, 19.0752010345, 33.9656791687, 1.86850130558, 8.86633968353, -0.214995250106, 13.6027936935, 59.9122543335, 17.8986911774], [-2.22100782394, 3.2583463192, 23.1499938965, 11.194316864, -12.3435745239, 17.6522083282, 21.8400287628, -15.7809057236, 7.41293001175, 26.7597751617, -1.18645811081, 17.8986911774, 51.761882782]],
        "icov": [[0.000499582325574, -0.00128743087407, 0.000554411497433, -0.00147454440594, 0.000291849602945, -0.00109428993892, 0.00043703863048, -0.000571136770304, 0.000816940388177, -0.00086960796034, 0.000399136915803, -0.000172058629687, 0.000658887322061], [-0.00128743087407, 0.0166752915829, -0.00463518919423, 0.0139153450727, -0.00839446205646, 0.0126050319523, -0.00933887530118, 0.0103829903528, -0.0103060025722, 0.00850934535265, -0.00806302577257, 0.0049332245253, -0.00604975409806], [0.000554411497433, -0.00463518919423, 0.00240604346618, -0.00411516055465, 0.00271463673562, -0.00422732438892, 0.00273059215397, -0.00248242402449, 0.00301417405717, -0.00189007073641, 0.000546268653125, 0.000951202760916, 0.000538554508239], [-0.00147454440594, 0.0139153450727, -0.00411516055465, 0.0144893573597, -0.00693718763068, 0.0134854149073, -0.00836138986051, 0.00977609399706, -0.00986912101507, 0.00591392908245, -0.00624278699979, 0.00233952398412, -0.00457314262167], [0.000291849602945, -0.00839446205646, 0.00271463673562, -0.00693718763068, 0.00829077325761, -0.00641293404624, 0.00735591817647, -0.00844213366508, 0.00748871965334, -0.00616355706006, 0.00350484065711, -0.00113955396228, 0.00190203078091], [-0.00109428993892, 0.0126050319523, -0.00422732438892, 0.0134854149073, -0.00641293404624, 0.01783464849, -0.010892172344, 0.0135240592062, -0.0153016122058, 0.0101653123274, -0.0112519590184, 0.00382863101549, -0.00540437828749], [0.00043703863048, -0.00933887530118, 0.00273059215397, -0.00836138986051, 0.00735591817647, -0.010892172344, 0.015916056931, -0.0143124349415, 0.0164811071008, -0.0146804843098, 0.012107363902, -0.00914342422038, 0.00425175949931], [-0.000571136770304, 0.0103829903528, -0.00248242402449, 0.00977609399706, -0.00844213366508, 0.0135240592062, -0.0143124349415, 0.0255720447749, -0.0205249860883, 0.0209723599255, -0.0177376568317, 0.00958812236786, -0.00609705876559], [0.000816940388177, -0.0103060025722, 0.00301417405717, -0.00986912101507, 0.00748871965334, -0.0153016122058, 0.0164811071008, -0.0205249860883, 0.0316894762218, -0.020473299548, 0.0197071097791, -0.0123701849952, 0.00603783736005], [-0.00086960796034, 0.00850934535265, -0.00189007073641, 0.00591392908245, -0.00616355706006, 0.0101653123274, -0.0146804843098, 0.0209723599255, -0.020473299548, 0.0307444240898, -0.019971517846, 0.0151318926364, -0.0120073640719], [0.000399136915803, -0.00806302577257, 0.000546268653125, -0.00624278699979, 0.00350484065711, -0.0112519590184, 0.012107363902, -0.0177376568317, 0.0197071097791, -0.019971517846, 0.0301463678479, -0.0172308813781, 0.00993902236223], [-0.000172058629687, 0.0049332245253, 0.000951202760916, 0.00233952398412, -0.00113955396228, 0.00382863101549, -0.00914342422038, 0.00958812236786, -0.0123701849952, 0.0151318926364, -0.0172308813781, 0.0338755473495, -0.0142056746408], [0.000658887322061, -0.00604975409806, 0.000538554508239, -0.00457314262167, 0.00190203078091, -0.00540437828749, 0.00425175949931, -0.00609705876559, 0.00603783736005, -0.0120073640719, 0.00993902236223, -0.0142056746408, 0.029603138566]]
    },
    "melbands": {
        "mean": [0.00523904850706, 0.00916611403227, 0.0056845000945, 0.00125464785378, 0.000679019547533, 0.000331111048581, 0.000174888657057, 0.000156439316925, 0.000118367373943, 0.000180701972567, 0.000170206621988, 0.000218138768105, 0.000117774558021, 4.42667696916e-005, 1.72583022504e-005, 7.21887136024e-006, 2.97707629215e-006, 1.65309529621e-006, 1.43302793276e-006, 1.40123631809e-006, 1.35073628371e-006, 1.60403476457e-006, 2.0437942112e-006, 5.95437586526e-006, 2.45658316089e-006, 2.05673586606e-007, 1.52810955001e-007, 2.00250056537e-007, 1.32760916927e-007, 2.44757899281e-007, 7.28535724193e-007, 1.29775898472e-007, 3.18799457943e-008, 1.25780417193e-008, 7.04913460936e-009, 2.10652428834e-009, 1.20682630556e-009, 6.71820599152e-010, 2.66106053859e-010, 1.62013069627e-010],
        "var": [4.90474740218e-005, 0.000122297802591, 3.33280695486e-005, 1.82544317795e-006, 1.43217823734e-006, 1.51402417714e-007, 4.23539638916e-008, 3.02929130669e-008, 2.21460023653e-008, 1.57171655246e-007, 2.75922786841e-008, 7.11946697152e-008, 1.85649593476e-008, 3.42451711433e-009, 7.52605144871e-010, 2.29200811108e-010, 5.40967895479e-011, 3.65429908555e-011, 3.20092875816e-011, 2.70965246768e-011, 3.79261448635e-011, 4.70409752817e-011, 1.51351889355e-010, 6.09707262456e-009, 1.24365540088e-009, 3.57583233856e-012, 2.49532794601e-012, 5.75471007652e-012, 2.45879271804e-012, 1.43926650112e-011, 2.24672516702e-010, 6.14757723894e-012, 6.76627048661e-013, 1.20834074625e-013, 3.73876751498e-014, 2.73269282399e-015, 8.67410865899e-016, 2.09285297654e-016, 2.61320119791e-017, 4.96846407161e-018]
    },
    "mfcc": {
        "mean": [-809.658325195, 276.560821533, 38.1992301941, -2.90467309952, -0.246240630746, 2.004550457, 18.098487854, 24.108839035, 7.2923412323, -12.0541687012, -1.8677315712, 0.515869259834, -7.23267793655],
        "cov": [[3430.84057617, 163.616577148, -1960.19714355, 899.593444824, 490.042877197, -100.389984131, -45.789352417, -102.531135559, 64.4813156128, -139.422073364, 196.859207153, 163.117538452, -276.145446777], [163.616577148, 732.357116699, 247.230438232, -284.89831543, 146.413238525, 101.489021301, 53.7800674438, 53.4567527771, -51.3295936584, 23.7046928406, 36.7001838684, 28.5558815002, 8.68939495087], [-1960.19714355, 247.230438232, 1736.3170166, -440.566009521, -391.248840332, 204.700286865, 110.286735535, 5.90401935577, -71.4919967651, 100.917816162, -102.904319763, -72.2259902954, 179.796188354], [899.593444824, -284.89831543, -440.566009521, 894.493408203, 210.48777771, -133.860031128, -23.8387336731, -127.815948486, 17.1492805481, -54.0121269226, 47.4506988525, 58.0593109131, -117.994941711], [490.042877197, 146.413238525, -391.248840332, 210.48777771, 488.134765625, -37.852355957, -125.269836426, 1.9130769968, -36.9485740662, -11.1543474197, 54.7788352966, 21.2958393097, -61.8652153015], [-100.389984131, 101.489021301, 204.700286865, -133.860031128, -37.852355957, 221.028610229, 57.2872619629, -66.6092300415, -8.51587295532, 20.894033432, 12.3648719788, 16.1262874603, 24.2711715698], [-45.789352417, 53.7800674438, 110.286735535, -23.8387336731, -125.269836426, 57.2872619629, 175.634292603, 27.2126655579, -12.4818019867, 5.95672464371, 0.450050979853, 25.5372066498, 20.9395980835], [-102.531135559, 53.4567527771, 5.90401935577, -127.815948486, 1.9130769968, -66.6092300415, 27.2126655579, 164.047485352, 22.3508319855, -9.96001243591, -1.04299402237, -10.9381799698, 22.237865448], [64.4813156128, -51.3295936584, -71.4919967651, 17.1492805481, -36.9485740662, -8.51587295532, -12.4818019867, 22.3508319855, 98.6064605713, 18.8688354492, -13.4883642197, 4.90849113464, 1.35078585148], [-139.422073364, 23.7046928406, 100.917816162, -54.0121269226, -11.1543474197, 20.894033432, 5.95672464371, -9.96001243591, 18.8688354492, 74.4316864014, 2.23961520195, -10.5714645386, 31.4228115082], [196.859207153, 36.7001838684, -102.904319763, 47.4506988525, 54.7788352966, 12.3648719788, 0.450050979853, -1.04299402237, -13.4883642197, 2.23961520195, 75.0776824951, 35.455329895, -27.0581512451], [163.117538452, 28.5558815002, -72.2259902954, 58.0593109131, 21.2958393097, 16.1262874603, 25.5372066498, -10.9381799698, 4.90849113464, -10.5714645386, 35.455329895, 62.3551940918, -4.20702266693], [-276.145446777, 8.68939495087, 179.796188354, -117.994941711, -61.8652153015, 24.2711715698, 20.9395980835, 22.237865448, 1.35078585148, 31.4228115082, -27.0581512451, -4.20702266693, 80.8356933594]],
        "icov": [[0.00808352883905, -0.0106590734795, 0.0122666722164, -0.0128921819851, 0.0135166710243, -0.0150918150321, 0.014191958122, -0.0136575521901, 0.0121281379834, -0.0097648780793, 0.00778903532773, -0.00577537762001, 0.00351457786746], [-0.0106590734795, 0.0168013479561, -0.0170360021293, 0.0187388770282, -0.0204233787954, 0.0210028700531, -0.0213692542166, 0.0194189827889, -0.0173566546291, 0.0138383042067, -0.0115346843377, 0.00675728451461, -0.00331603386439], [0.0122666722164, -0.0170360021293, 0.0202392991632, -0.020807640627, 0.0230183172971, -0.0256150476635, 0.0243603438139, -0.0238814745098, 0.0223443787545, -0.0184142440557, 0.0152058666572, -0.0100441500545, 0.00526527361944], [-0.0128921819851, 0.0187388770282, -0.020807640627, 0.0251267440617, -0.0262459814548, 0.0298783313483, -0.0292139016092, 0.0298476349562, -0.0261316224933, 0.0218215994537, -0.0180685408413, 0.0116895725951, -0.00628460431471], [0.0135166710243, -0.0204233787954, 0.0230183172971, -0.0262459814548, 0.0324410460889, -0.0329678542912, 0.0353820174932, -0.0343338288367, 0.0323855541646, -0.0275408346206, 0.022321421653, -0.0171670857817, 0.0106106605381], [-0.0150918150321, 0.0210028700531, -0.0256150476635, 0.0298783313483, -0.0329678542912, 0.044850949198, -0.0399775393307, 0.0432462245226, -0.037279188633, 0.032062202692, -0.0294309854507, 0.0201426930726, -0.0141092687845], [0.014191958122, -0.0213692542166, 0.0243603438139, -0.0292139016092, 0.0353820174932, -0.0399775393307, 0.0477901175618, -0.0435251183808, 0.0401315875351, -0.035007417202, 0.0310513153672, -0.0266401134431, 0.0145739652216], [-0.0136575521901, 0.0194189827889, -0.0238814745098, 0.0298476349562, -0.0343338288367, 0.0432462245226, -0.0435251183808, 0.0535135231912, -0.0441974624991, 0.0407480746508, -0.0365976914763, 0.0289416648448, -0.0206109657884], [0.0121281379834, -0.0173566546291, 0.0223443787545, -0.0261316224933, 0.0323855541646, -0.037279188633, 0.0401315875351, -0.0441974624991, 0.0523032471538, -0.0417706817389, 0.0375128872693, -0.0303839389235, 0.0195345301181], [-0.0097648780793, 0.0138383042067, -0.0184142440557, 0.0218215994537, -0.0275408346206, 0.032062202692, -0.035007417202, 0.0407480746508, -0.0417706817389, 0.0543420426548, -0.0388903021812, 0.0329774580896, -0.026609024033], [0.00778903532773, -0.0115346843377, 0.0152058666572, -0.0180685408413, 0.022321421653, -0.0294309854507, 0.0310513153672, -0.0365976914763, 0.0375128872693, -0.0388903021812, 0.0541210025549, -0.0383566766977, 0.0262074433267], [-0.00577537762001, 0.00675728451461, -0.0100441500545, 0.0116895725951, -0.0171670857817, 0.0201426930726, -0.0266401134431, 0.0289416648448, -0.0303839389235, 0.0329774580896, -0.0383566766977, 0.0503577850759, -0.0238292906433], [0.00351457786746, -0.00331603386439, 0.00526527361944, -0.00628460431471, 0.0106106605381, -0.0141092687845, 0.0145739652216, -0.0206109657884, 0.0195345301181, -0.026609024033, 0.0262074433267, -0.0238292906433, 0.0356499627233]]
    },
    "spectral_contrast_coeffs": {
        "mean": [-0.601737439632, -0.743368983269, -0.772503852844, -0.775485157967, -0.754005730152, -0.818491816521],
        "var": [0.00546576501802, 0.00308302138001, 0.00231942324899, 0.00288289831951, 0.00466571841389, 0.0119687272236]
    },
    "spectral_contrast_valleys": {
        "mean": [-6.63515806198, -6.55439376831, -6.83104658127, -9.44542312622, -11.2090787888, -14.3723249435],
        "var": [0.96020257473, 0.583704888821, 0.714988231659, 1.38935983181, 2.56476092339, 0.976858854294]
    }
},
"metadata": {
    "audio_properties": {
        "analysis_sample_rate": 44100,
        "bit_rate": 128074,
        "equal_loudness": 0,
        "length": 45.0612258911,
        "lossless": 0,
        "replay_gain": -6.36948013306,
        "sample_rate": 44100,
        "codec": "mp3",
        "downmix": "mix",
        "md5_encoded": "7e0f5acde5d2b10e97fe34b2a0b759d9"
    },
    "tags": {
        "file_name": "1741.mp3"
    },
    "version": {
        "essentia": "2.1-beta2",
        "essentia_git_sha": "v2.1_beta2",
        "extractor": "music 1.0"
    }
},
"rhythm": {
    "beats_count": 91,
    "beats_loudness": {
        "mean": 0.0659366771579,
        "var": 0.00240176776424
    },
    "bpm": 152.451919556,
    "bpm_histogram_first_peak_bpm": {
        "mean": 152,
        "var": 0
    },
    "bpm_histogram_first_peak_spread": {
        "mean": 0.240000024438,
        "var": 0
    },
    "bpm_histogram_first_peak_weight": {
        "mean": 0.211111113429,
        "var": 0
    },
    "bpm_histogram_second_peak_bpm": {
        "mean": 157,
        "var": 0
    },
    "bpm_histogram_second_peak_spread": {
        "mean": 0.307692319155,
        "var": 0
    },
    "bpm_histogram_second_peak_weight": {
        "mean": 0.10000000149,
        "var": 0
    },
    "danceability": 1.06323611736,
    "onset_rate": 3.85967278481,
    "beats_loudness_band_ratio": {
        "mean": [0.743377923965, 0.109917744994, 0.082858197391, 0.0864234417677, 0.00128643889911, 0.00013761833543],
        "var": [0.0430647470057, 0.0101534295827, 0.00866887252778, 0.0169429350644, 9.04794887902e-006, 1.82781491276e-007]
    },
    "beats_position": [0.673378646374, 1.35836732388, 2.03174591064, 2.70512461662, 3.3785033226, 4.05188179016, 4.72526073456, 5.41024923325, 6.09523820877, 6.78022670746, 7.47682523727, 8.18503379822, 8.87002277374, 9.54340076447, 10.2167797089, 10.8088884354, 11.3893871307, 11.9582767487, 12.5503854752, 13.1308841705, 13.722992897, 14.2918815613, 14.8723802567, 15.4644899368, 16.0449886322, 16.5558280945, 17.0782756805, 17.5775051117, 18.088344574, 18.575963974, 19.0868015289, 19.574420929, 20.0852603912, 20.5960998535, 21.0953292847, 21.5829467773, 22.0821762085, 22.5814056396, 23.0922451019, 23.5914726257, 24.0558719635, 24.5086612701, 24.9614505768, 25.4026298523, 25.8554191589, 26.3082084656, 26.7493877411, 27.1905670166, 27.6317462921, 28.0845336914, 28.537322998, 28.9785022736, 29.4196815491, 29.8260307312, 30.2207698822, 30.6155090332, 31.0218582153, 31.4282073975, 31.8345565796, 32.2292976379, 32.6240348816, 33.0187759399, 33.4135131836, 33.8082542419, 34.1913833618, 34.5861206055, 34.9692497253, 35.3639907837, 35.7587280273, 36.1534690857, 36.5482063293, 36.9313354492, 37.3144645691, 37.7092056274, 38.1039466858, 38.4986839294, 38.8934249878, 39.2881622314, 39.6945114136, 40.1008605957, 40.4839897156, 40.8671188354, 41.2502479553, 41.6449890137, 42.0397262573, 42.4228553772, 42.7943763733, 43.1658935547, 43.5374145508, 43.9089317322, 44.2920608521]
},
"tonal": {
    "chords_changes_rate": 0.0627572014928,
    "chords_number_rate": 0.0102880662307,
    "chords_strength": {
        "mean": 0.490031272173,
        "var": 0.00322752073407
    },
    "hpcp_entropy": {
        "mean": 2.16812443733,
        "var": 0.402820795774
    },
    "key_strength": 0.410878926516,
    "tuning_diatonic_strength": 0.519239425659,
    "tuning_equal_tempered_deviation": 0.114106796682,
    "tuning_frequency": 447.432556152,
    "tuning_nontempered_energy_ratio": 0.770505607128,
    "hpcp": {
        "mean": [0.128332450986, 0.069294013083, 0.0461274720728, 0.0488030649722, 0.0544044710696, 0.0738395899534, 0.0708578079939, 0.0458566881716, 0.0443991348147, 0.0510075725615, 0.0436640046537, 0.03788164258, 0.0603737048805, 0.124120280147, 0.254494637251, 0.317136526108, 0.226333379745, 0.204244196415, 0.27247351408, 0.236588642001, 0.183699384332, 0.17659445107, 0.140990391374, 0.108821071684, 0.080636061728, 0.044361513108, 0.027538523078, 0.0340354777873, 0.0365646928549, 0.0555166639388, 0.0776009336114, 0.068733766675, 0.0642284080386, 0.0811164528131, 0.108006171882, 0.142772883177],
        "var": [0.0446520410478, 0.0178360957652, 0.0118675213307, 0.0112295951694, 0.0175648983568, 0.029857987538, 0.0241706781089, 0.0134544083849, 0.0175003502518, 0.0152178388089, 0.0140977883711, 0.01248472929, 0.0217997487634, 0.0515664070845, 0.118044674397, 0.155904889107, 0.0804480016232, 0.0817975029349, 0.140256389976, 0.107599176466, 0.0896733030677, 0.087087765336, 0.0681140124798, 0.0589655824006, 0.042292021215, 0.0184772480279, 0.00500589283183, 0.0106837376952, 0.0119037320837, 0.0165140349418, 0.0410716682673, 0.0245926547796, 0.0256305392832, 0.0285761896521, 0.0461068972945, 0.0502411946654]
    },
    "chords_histogram": [13.8888893127, 0, 0.617283940315, 0, 0, 18.7242794037, 2.88065838814, 9.97942352295, 0.617283940315, 0, 2.88065838814, 24.6913585663, 15.0205764771, 0, 0, 0, 0, 0, 0, 2.26337456703, 6.48148155212, 1.95473253727, 0, 0],
    "thpcp": [1, 0.713678061962, 0.644026100636, 0.859167873859, 0.746015131474, 0.579243838787, 0.556840479374, 0.444573163986, 0.34313634038, 0.254262924194, 0.139881432056, 0.0868349149823, 0.107321217656, 0.115296378732, 0.175056040287, 0.244692519307, 0.216732412577, 0.202526047826, 0.255777716637, 0.340566813946, 0.450193762779, 0.404659956694, 0.218499004841, 0.145449891686, 0.15388661623, 0.171549052, 0.232832178473, 0.223429977894, 0.144596040249, 0.140000060201, 0.160837903619, 0.137682035565, 0.119449004531, 0.190371334553, 0.391378074884, 0.802476584911],
    "chords_key": "E",
    "chords_scale": "major",
    "key_key": "D",
    "key_scale": "minor"
}
}