{
"lowlevel": {
    "average_loudness": 0.958679199219,
    "barkbands_crest": {
        "mean": 16.2755317688,
        "var": 37.9755020142
    },
    "barkbands_flatness_db": {
        "mean": 0.180267572403,
        "var": 0.00443843519315
    },
    "barkbands_kurtosis": {
        "mean": 18.2418518066,
        "var": 861.818115234
    },
    "barkbands_skewness": {
        "mean": 3.20568108559,
        "var": 6.3729300499
    },
    "barkbands_spread": {
        "mean": 20.4278049469,
        "var": 226.435150146
    },
    "dissonance": {
        "mean": 0.462883114815,
        "var": 0.000717239687219
    },
    "dynamic_complexity": 3.03557920456,
    "erbbands_crest": {
        "mean": 7.0068321228,
        "var": 7.5430727005
    },
    "erbbands_flatness_db": {
        "mean": 0.131400093436,
        "var": 0.00140422966797
    },
    "erbbands_kurtosis": {
        "mean": -0.286810666323,
        "var": 1.29453718662
    },
    "erbbands_skewness": {
        "mean": -0.0228636600077,
        "var": 0.411513388157
    },
    "erbbands_spread": {
        "mean": 57.5291175842,
        "var": 860.266357422
    },
    "hfc": {
        "mean": 16.6898345947,
        "var": 364.935546875
    },
    "melbands_crest": {
        "mean": 19.4807872772,
        "var": 30.2478694916
    },
    "melbands_flatness_db": {
        "mean": 0.254325002432,
        "var": 0.00707555748522
    },
    "melbands_kurtosis": {
        "mean": 65.8344955444,
        "var": 8781.33691406
    },
    "melbands_skewness": {
        "mean": 5.63845348358,
        "var": 16.677564621
    },
    "melbands_spread": {
        "mean": 16.3660144806,
        "var": 250.039077759
    },
    "pitch_salience": {
        "mean": 0.378772705793,
        "var": 0.0235251896083
    },
    "silence_rate_20dB": {
        "mean": 1,
        "var": 0
    },
    "silence_rate_30dB": {
        "mean": 0.974253356457,
        "var": 0.0250843968242
    },
    "silence_rate_60dB": {
        "mean": 0.0144181260839,
        "var": 0.0142102558166
    },
    "spectral_centroid": {
        "mean": 1477.56884766,
        "var": 428376.3125
    },
    "spectral_complexity": {
        "mean": 13.4212150574,
        "var": 80.7238464355
    },
    "spectral_decrease": {
        "mean": -8.09554201453e-009,
        "var": 6.19063029226e-017
    },
    "spectral_energy": {
        "mean": 0.0320682711899,
        "var": 0.000944655388594
    },
    "spectral_energyband_high": {
        "mean": 0.000819288718048,
        "var": 1.52840084411e-006
    },
    "spectral_energyband_low": {
        "mean": 0.0205095093697,
        "var": 0.000518854649272
    },
    "spectral_energyband_middle_high": {
        "mean": 0.00384955247864,
        "var": 3.10341310978e-005
    },
    "spectral_energyband_middle_low": {
        "mean": 0.00793381780386,
        "var": 0.000261169567239
    },
    "spectral_entropy": {
        "mean": 7.53282022476,
        "var": 0.151498600841
    },
    "spectral_flux": {
        "mean": 0.0713801458478,
        "var": 0.00468384241685
    },
    "spectral_kurtosis": {
        "mean": 3.18928647041,
        "var": 5.19884872437
    },
    "spectral_rms": {
        "mean": 0.00522449845448,
        "var": 3.99072223445e-006
    },
    "spectral_rolloff": {
        "mean": 895.444213867,
        "var": 1172468.625
    },
    "spectral_skewness": {
        "mean": 1.29572713375,
        "var": 0.146906018257
    },
    "spectral_spread": {
        "mean": 5029002,
        "var": 3.3507156951e+012
    },
    "spectral_strongpeak": {
        "mean": 0.424739003181,
        "var": 0.11864361912
    },
    "zerocrossingrate": {
        "mean": 0.0390589796007,
        "var": 0.000651062000543
    },
    "barkbands": {
        "mean": [0.00058704148978, 0.0169040597975, 0.00206160335802, 0.00225106300786, 0.00276587437838, 0.000944515632, 0.000768423371483, 0.000448537786724, 0.00062463368522, 0.000503349467181, 0.000131427455926, 0.000430369575042, 0.000347763911122, 0.000489355414174, 0.000267258117674, 0.000289103249088, 0.000484199961647, 0.000505486503243, 0.000344466709066, 0.000240323439357, 0.000211630715057, 0.000134922971483, 0.000153808476171, 6.71537636663e-005, 5.50012809981e-005, 5.21627553098e-005, 4.73425643577e-006],
        "var": [2.22413132178e-006, 0.000222975359065, 4.47325001005e-005, 4.21073018515e-005, 9.94644578896e-005, 1.14709996524e-006, 1.58994839694e-006, 6.86272528583e-007, 1.07705079699e-006, 1.86099623534e-006, 1.31578545393e-007, 1.3206569065e-006, 5.24759229847e-007, 2.4369444418e-006, 2.82738255919e-007, 2.60861298784e-007, 7.7328485304e-007, 7.84751307492e-007, 3.27744942297e-007, 1.54347517878e-007, 1.47971135789e-007, 5.401849279e-008, 6.21473290607e-008, 1.18579626118e-008, 1.08189075476e-008, 2.70781406186e-008, 4.28408641895e-010]
    },
    "erbbands": {
        "mean": [0.480792909861, 3.73753857613, 3.40613341331, 5.29354858398, 10.5870370865, 7.15549564362, 6.92495107651, 7.83115291595, 13.8642215729, 5.40505409241, 11.6621408463, 11.5329971313, 19.0655212402, 10.4040222168, 7.52105140686, 16.5234088898, 15.3454828262, 25.9164733887, 17.9561042786, 12.9693584442, 17.5996818542, 27.3256855011, 29.4956283569, 21.0813941956, 14.1711044312, 12.2595500946, 10.4782438278, 6.23602819443, 4.73699522018, 5.12481403351, 3.85920953751, 1.90079176426, 1.04690635204, 0.634763121605, 0.386883407831, 0.225441217422, 0.0968617722392, 0.017938150093, 0.000525388633832, 5.00946116517e-005],
        "var": [0.247466474771, 11.34953022, 55.1195335388, 216.836044312, 1305.24499512, 664.818786621, 108.429550171, 93.3340530396, 484.725494385, 124.209762573, 362.996124268, 367.68939209, 1564.16052246, 487.951324463, 380.509063721, 1709.27807617, 740.148681641, 6484.81884766, 1106.1472168, 494.488708496, 785.047973633, 2183.22827148, 2634.37890625, 1430.72314453, 336.256713867, 408.848602295, 368.507751465, 117.16758728, 69.8807144165, 80.8621673584, 39.6437263489, 7.74958181381, 3.02027010918, 1.3551145792, 0.607811391354, 0.364015847445, 0.11002343148, 0.00514739518985, 4.2134333853e-006, 4.488564187e-009]
    },
    "gfcc": {
        "mean": [-17.6298179626, 92.3818588257, -103.702430725, 62.0506973267, -48.9024200439, 21.8203277588, -30.2673835754, 19.9612045288, -13.1718215942, 4.38807106018, -5.53205823898, -1.43579638004, -8.74060726166],
        "cov": [[5692.84716797, -856.97845459, -862.516784668, -202.861114502, -192.31111145, 18.7129669189, -275.577270508, -238.462249756, -258.120056152, 158.487014771, -250.334213257, 311.832214355, -136.923187256], [-856.97845459, 1203.97387695, -473.411468506, -167.428253174, 9.03841114044, -108.390159607, 75.7983398438, -189.026824951, 150.47354126, -238.85105896, 121.856788635, -200.295761108, 159.930862427], [-862.516784668, -473.411468506, 1237.0567627, 74.4480514526, 100.246940613, 64.5956420898, 53.9702110291, 264.567901611, -100.795768738, 145.429397583, -91.1492385864, 69.7728805542, -87.643119812], [-202.861114502, -167.428253174, 74.4480514526, 389.886199951, 55.9229927063, 64.7260665894, 37.4753837585, 67.3905639648, 47.9291877747, 22.1486911774, 84.7149276733, -41.9582366943, -10.0836257935], [-192.31111145, 9.03841114044, 100.246940613, 55.9229927063, 148.91166687, 58.7650222778, 54.3672714233, 34.7295227051, 13.7881860733, -3.4051566124, 26.3014793396, -7.021235466, -2.76819729805], [18.7129669189, -108.390159607, 64.5956420898, 64.7260665894, 58.7650222778, 129.558197021, 33.5695457458, 76.8965530396, 3.30139303207, 17.6636238098, 29.6260757446, 11.9130954742, 3.60528326035], [-275.577270508, 75.7983398438, 53.9702110291, 37.4753837585, 54.3672714233, 33.5695457458, 116.255500793, 36.5635528564, 28.9544448853, -15.9522533417, 34.7384529114, -33.7236862183, 9.92893600464], [-238.462249756, -189.026824951, 264.567901611, 67.3905639648, 34.7295227051, 76.8965530396, 36.5635528564, 182.737075806, 32.5538673401, 76.8809356689, 25.9279727936, 20.8024158478, 0.207300722599], [-258.120056152, 150.47354126, -100.795768738, 47.9291877747, 13.7881860733, 3.30139303207, 28.9544448853, 32.5538673401, 120.428504944, 5.93739557266, 65.4917755127, -36.5281333923, 51.4209251404], [158.487014771, -238.85105896, 145.429397583, 22.1486911774, -3.4051566124, 17.6636238098, -15.9522533417, 76.8809356689, 5.93739557266, 136.09034729, 11.2259073257, 58.8552856445, -19.228969574], [-250.334213257, 121.856788635, -91.1492385864, 84.7149276733, 26.3014793396, 29.6260757446, 34.7384529114, 25.9279727936, 65.4917755127, 11.2259073257, 130.5519104, -16.3618144989, 44.7675895691], [311.832214355, -200.295761108, 69.7728805542, -41.9582366943, -7.021235466, 11.9130954742, -33.7236862183, 20.8024158478, -36.5281333923, 58.8552856445, -16.3618144989, 108.345367432, -1.01135540009], [-136.923187256, 159.930862427, -87.643119812, -10.0836257935, -2.76819729805, 3.60528326035, 9.92893600464, 0.207300722599, 51.4209251404, -19.228969574, 44.7675895691, -1.01135540009, 95.2161407471]],
        "icov": [[0.000391551962821, -7.13072804501e-005, 0.000525294453837, -0.000210926606087, 9.1384339612e-005, -0.000447466736659, 3.80171768484e-005, 0.000117857707664, 0.000574211066123, -0.000817585038021, 0.000971718109213, -0.000847898423672, 0.000218301647692], [-7.13072804501e-005, 0.00458214618266, -0.000740603136364, 0.00308017339557, -0.000884151668288, 0.00151794683188, -0.000184677657671, 0.0029689935036, -0.0028837157879, 0.00407811393961, -0.00459912698716, 0.00557829672471, -0.00362235726789], [0.000525294453837, -0.000740603136364, 0.00273366249166, -0.00105589593295, -0.00106282124761, 0.000866374000907, -0.000549780379515, -0.00356763182208, 0.00369434547611, -0.00253199739382, 0.00320010934956, -0.00159287988208, 0.00037720403634], [-0.000210926606087, 0.00308017339557, -0.00105589593295, 0.00577495153993, -0.000914675823878, -6.49670764687e-005, 0.000517661625054, 0.0019084160449, -0.00288690347224, 0.00289407279342, -0.00586064858362, 0.00552086671814, -0.00096192053752], [9.1384339612e-005, -0.000884151668288, -0.00106282124761, -0.000914675823878, 0.0106290047988, -0.00494712172076, -0.00305231730454, 0.00219937856309, -0.00211192737333, 0.000557148712687, -1.2925017927e-006, -0.00269772158936, 0.00257617048919], [-0.000447466736659, 0.00151794683188, 0.000866374000907, -6.49670764687e-005, -0.00494712172076, 0.0157746337354, -0.00112017837819, -0.00741102313623, 0.0035463667009, 0.0033121497836, -0.00342956068926, 0.00138408946805, -0.00262982631102], [3.80171768484e-005, -0.000184677657671, -0.000549780379515, 0.000517661625054, -0.00305231730454, -0.00112017837819, 0.0131055442616, -0.00169738056138, -0.000807265809271, 0.00172939721961, -0.0022708971519, 0.00288327690214, 0.000387927080737], [0.000117857707664, 0.0029689935036, -0.00356763182208, 0.0019084160449, 0.00219937856309, -0.00741102313623, -0.00169738056138, 0.0186646152288, -0.00866429880261, -0.00197845045477, -0.00281880213879, 0.00274279015139, -0.00178427842911], [0.000574211066123, -0.0028837157879, 0.00369434547611, -0.00288690347224, -0.00211192737333, 0.0035463667009, -0.000807265809271, -0.00866429880261, 0.0231726747006, -0.00808113906533, 0.00129150087014, 0.00274558831006, -0.00605277530849], [-0.000817585038021, 0.00407811393961, -0.00253199739382, 0.00289407279342, 0.000557148712687, 0.0033121497836, 0.00172939721961, -0.00197845045477, -0.00808113906533, 0.020948683843, -0.00878237653524, -0.00217477860861, 0.00236594001763], [0.000971718109213, -0.00459912698716, 0.00320010934956, -0.00586064858362, -1.2925017927e-006, -0.00342956068926, -0.0022708971519, -0.00281880213879, 0.00129150087014, -0.00878237653524, 0.0212746597826, -0.0070059155114, -0.000728132552467], [-0.000847898423672, 0.00557829672471, -0.00159287988208, 0.00552086671814, -0.00269772158936, 0.00138408946805, 0.00288327690214, 0.00274279015139, 0.00274558831006, -0.00217477860861, -0.0070059155114, 0.0261435173452, -0.0102582266554], [0.000218301647692, -0.00362235726789, 0.00037720403634, -0.00096192053752, 0.00257617048919, -0.00262982631102, 0.000387927080737, -0.00178427842911, -0.00605277530849, 0.00236594001763, -0.000728132552467, -0.0102582266554, 0.0212638713419]]
    },
    "melbands": {
        "mean": [0.00468215951696, 0.00299031566828, 0.00108519243076, 0.000697219336871, 0.000229417870287, 0.000191595943761, 0.000187891608221, 5.93076983932e-005, 9.7990166978e-005, 7.96810199972e-005, 9.84700891422e-005, 4.59564435005e-005, 2.01122929866e-005, 3.76510688511e-005, 4.92222643516e-005, 3.45286425727e-005, 4.98472945765e-005, 2.96190210065e-005, 2.03677500394e-005, 1.90496830328e-005, 2.01897419174e-005, 2.76488317468e-005, 2.89157032967e-005, 2.38251741393e-005, 1.6571046217e-005, 1.13065407277e-005, 8.42223107611e-006, 8.16282408778e-006, 6.54265704725e-006, 5.50519462195e-006, 3.00536726172e-006, 2.56578459812e-006, 2.79158962257e-006, 2.93919401884e-006, 2.37104882217e-006, 1.85537567177e-006, 8.09849552752e-007, 7.29701412183e-007, 6.23551727585e-007, 5.09217102262e-007],
        "var": [1.7919091988e-005, 1.65241981449e-005, 8.32887144497e-006, 6.7519872573e-006, 1.50310910385e-007, 4.84346500684e-008, 8.46847640901e-008, 1.81226624818e-008, 2.59147601156e-008, 2.10821919922e-008, 4.41192113954e-008, 1.13085976139e-008, 2.73213029978e-009, 1.65236802019e-008, 1.64030140581e-008, 4.5758579148e-009, 2.70178404094e-008, 3.94132104731e-009, 1.41595180025e-009, 1.80098391755e-009, 1.26585530946e-009, 2.41992048622e-009, 2.73131939288e-009, 1.86782211919e-009, 1.06259401278e-009, 2.62816324259e-010, 1.55967461168e-010, 2.17861631513e-010, 1.29898092283e-010, 1.60006119465e-010, 2.81340558489e-011, 2.3190642115e-011, 2.35610871091e-011, 2.97886160183e-011, 1.91839426289e-011, 6.03475039038e-012, 1.92960144391e-012, 1.46841458264e-012, 1.28329887949e-012, 9.25436593677e-013]
    },
    "mfcc": {
        "mean": [-659.770202637, 108.756454468, 13.8481397629, 43.5652160645, 15.9812641144, 9.82642364502, 5.76750946045, 13.3336324692, 0.938027918339, 12.8434295654, 7.84051132202, 4.06902599335, 1.00556731224],
        "cov": [[5658.51464844, -697.53729248, -1000.76403809, -270.528503418, -257.555755615, 145.859542847, -315.280029297, -198.129364014, -148.830871582, -347.911560059, -124.246994019, 58.320400238, -110.607574463], [-697.53729248, 993.781738281, -167.464889526, -158.953445435, -67.0716629028, -39.4174690247, -41.9001083374, -13.8194189072, -5.20026302338, 1.04407942295, -63.8084220886, -104.734550476, -44.6970062256], [-1000.76403809, -167.464889526, 719.415649414, 134.655532837, 107.933166504, -49.2039413452, 132.79586792, 46.8896102905, 66.9556503296, 96.3466262817, 27.6650238037, 6.89404201508, 39.8173370361], [-270.528503418, -158.953445435, 134.655532837, 222.309555054, 63.4327392578, 24.1627998352, 44.4565811157, 22.2078838348, 4.70355701447, 46.2195701599, 46.1284599304, 37.6999435425, 24.9144744873], [-257.555755615, -67.0716629028, 107.933166504, 63.4327392578, 142.78805542, 20.4027023315, 52.7882575989, 48.3332481384, 19.4036903381, 45.630405426, 28.944852829, 21.5445384979, 30.5392055511], [145.859542847, -39.4174690247, -49.2039413452, 24.1627998352, 20.4027023315, 74.4676742554, 27.3599300385, 14.557759285, -2.93715810776, -15.834356308, 0.635948896408, 11.4373950958, 6.04250860214], [-315.280029297, -41.9001083374, 132.79586792, 44.4565811157, 52.7882575989, 27.3599300385, 145.859771729, 65.5013809204, 14.8944997787, 39.8460769653, 24.464969635, 21.3282718658, 23.9845352173], [-198.129364014, -13.8194189072, 46.8896102905, 22.2078838348, 48.3332481384, 14.557759285, 65.5013809204, 89.1904525757, 26.5730552673, 27.5919284821, 17.3265609741, 9.27416038513, 15.7372932434], [-148.830871582, -5.20026302338, 66.9556503296, 4.70355701447, 19.4036903381, -2.93715810776, 14.8944997787, 26.5730552673, 69.0767211914, 43.1722564697, 5.73940610886, -4.34483909607, 7.34252548218], [-347.911560059, 1.04407942295, 96.3466262817, 46.2195701599, 45.630405426, -15.834356308, 39.8460769653, 27.5919284821, 43.1722564697, 133.476104736, 50.4155502319, 7.04357767105, 14.9439325333], [-124.246994019, -63.8084220886, 27.6650238037, 46.1284599304, 28.944852829, 0.635948896408, 24.464969635, 17.3265609741, 5.73940610886, 50.4155502319, 79.0615844727, 40.2799491882, 10.9847669601], [58.320400238, -104.734550476, 6.89404201508, 37.6999435425, 21.5445384979, 11.4373950958, 21.3282718658, 9.27416038513, -4.34483909607, 7.04357767105, 40.2799491882, 83.4788894653, 31.4348583221], [-110.607574463, -44.6970062256, 39.8173370361, 24.9144744873, 30.5392055511, 6.04250860214, 23.9845352173, 15.7372932434, 7.34252548218, 14.9439325333, 10.9847669601, 31.4348583221, 68.6788024902]],
        "icov": [[0.000391280627809, 0.000404981983593, 0.000365279178368, 0.000371459842427, 0.000165003817528, -0.000587579095736, 0.000337881501764, 0.000221743277507, 7.23067860235e-005, 0.000127002538648, 0.000461089803139, -0.000433633482317, 0.000446078222012], [0.000404981983593, 0.00174046307802, 0.000678776472341, 0.000953371170908, 0.000270250631729, -0.000115388225822, 0.000118877956993, 5.87665817875e-005, 0.000388469605241, -0.000503723276779, 0.000941873760894, 0.00076241401257, 0.000449022161774], [0.000365279178368, 0.000678776472341, 0.00302519020624, -0.000889897986781, -0.00111894612201, 0.00275590131059, -0.00259114266373, 0.00183551199734, -0.00208866340108, 0.000439173716586, 0.000995985465124, 0.000454171007732, 9.89299223875e-005], [0.000371459842427, 0.000953371170908, -0.000889897986781, 0.00723377102986, -0.000745512545109, -0.0034596354235, 0.00119187415112, -7.75401567807e-005, 0.002069784794, -0.00157303875312, -0.00120154465549, -0.00113380292896, 0.000180003160494], [0.000165003817528, 0.000270250631729, -0.00111894612201, -0.000745512545109, 0.0113104404882, -0.00354256574064, 0.00120001309551, -0.00443899305537, 0.00127204181626, -0.00222483370453, -0.000416598748416, -0.000310048897518, -0.00220216368325], [-0.000587579095736, -0.000115388225822, 0.00275590131059, -0.0034596354235, -0.00354256574064, 0.021435925737, -0.0069544496946, 0.00126420182642, -0.00337409949861, 0.0042539415881, 0.000262328976532, 0.000733250461053, -0.000478295929497], [0.000337881501764, 0.000118877956993, -0.00259114266373, 0.00119187415112, 0.00120001309551, -0.0069544496946, 0.0152406003326, -0.00908056367189, 0.00451744394377, -0.00310593564063, 0.000614592281636, -0.00233648275025, -0.000308039947413], [0.000221743277507, 5.87665817875e-005, 0.00183551199734, -7.75401567807e-005, -0.00443899305537, 0.00126420182642, -0.00908056367189, 0.0214808471501, -0.00749517185614, 0.00241472874768, -0.00207572802901, 0.00131250580307, -0.000521880865563], [7.23067860235e-005, 0.000388469605241, -0.00208866340108, 0.002069784794, 0.00127204181626, -0.00337409949861, 0.00451744394377, -0.00749517185614, 0.0229179598391, -0.00836625602096, 0.00357960676774, -0.000184129501577, -0.000417591421865], [0.000127002538648, -0.000503723276779, 0.000439173716586, -0.00157303875312, -0.00222483370453, 0.0042539415881, -0.00310593564063, 0.00241472874768, -0.00836625602096, 0.0160572770983, -0.00963901076466, 0.00389637541957, -0.00150204438251], [0.000461089803139, 0.000941873760894, 0.000995985465124, -0.00120154465549, -0.000416598748416, 0.000262328976532, 0.000614592281636, -0.00207572802901, 0.00357960676774, -0.00963901076466, 0.0262222737074, -0.0119263948873, 0.00461657391861], [-0.000433633482317, 0.00076241401257, 0.000454171007732, -0.00113380292896, -0.000310048897518, 0.000733250461053, -0.00233648275025, 0.00131250580307, -0.000184129501577, 0.00389637541957, -0.0119263948873, 0.0228992328048, -0.00886736251414], [0.000446078222012, 0.000449022161774, 9.89299223875e-005, 0.000180003160494, -0.00220216368325, -0.000478295929497, -0.000308039947413, -0.000521880865563, -0.000417591421865, -0.00150204438251, 0.00461657391861, -0.00886736251414, 0.0203887410462]]
    },
    "spectral_contrast_coeffs": {
        "mean": [-0.665573835373, -0.707360386848, -0.744683086872, -0.753354728222, -0.752428770065, -0.75549197197],
        "var": [0.00682990159839, 0.00727145653218, 0.00835794489831, 0.00803995504975, 0.00473188981414, 0.00193584372755]
    },
    "spectral_contrast_valleys": {
        "mean": [-7.1187210083, -7.36980581284, -8.27274799347, -8.38343238831, -7.8851723671, -10.3250875473],
        "var": [0.708641886711, 0.712746620178, 0.730927467346, 0.694401800632, 0.693483412266, 0.959276378155]
    }
},
"metadata": {
    "audio_properties": {
        "analysis_sample_rate": 44100,
        "bit_rate": 128074,
        "equal_loudness": 0,
        "length": 45.0612258911,
        "lossless": 0,
        "replay_gain": -6.29214477539,
        "sample_rate": 44100,
        "codec": "mp3",
        "downmix": "mix",
        "md5_encoded": "8d38092f5277dd4cf23344aaae0484f4"
    },
    "tags": {
        "file_name": "1742.mp3"
    },
    "version": {
        "essentia": "2.1-beta2",
        "essentia_git_sha": "v2.1_beta2",
        "extractor": "music 1.0"
    }
},
"rhythm": {
    "beats_count": 75,
    "beats_loudness": {
        "mean": 0.0428192541003,
        "var": 0.000540617445949
    },
    "bpm": 101.069396973,
    "bpm_histogram_first_peak_bpm": {
        "mean": 101,
        "var": 0
    },
    "bpm_histogram_first_peak_spread": {
        "mean": 0.625,
        "var": 0
    },
    "bpm_histogram_first_peak_weight": {
        "mean": 0.364864856005,
        "var": 0
    },
    "bpm_histogram_second_peak_bpm": {
        "mean": 96,
        "var": 0
    },
    "bpm_histogram_second_peak_spread": {
        "mean": 0,
        "var": 0
    },
    "bpm_histogram_second_peak_weight": {
        "mean": 0.0135135138407,
        "var": 0
    },
    "danceability": 1.18268096447,
    "onset_rate": 3.52694225311,
    "beats_loudness_band_ratio": {
        "mean": [0.590916574001, 0.172839492559, 0.0789883807302, 0.0615872628987, 0.0736539363861, 0.0816430822015],
        "var": [0.0397648476064, 0.0174919534475, 0.00527814263478, 0.00478692958131, 0.00424007512629, 0.00162341841497]
    },
    "beats_position": [0.626938760281, 1.24226760864, 1.82276642323, 2.41487526894, 3.00698399544, 3.61070299149, 4.21442174911, 4.80653047562, 5.39863920212, 5.99074840546, 6.58285713196, 7.17496585846, 7.76707458496, 8.35918331146, 8.96290206909, 9.54340076447, 10.1471195221, 10.7624483109, 11.3777770996, 11.9814968109, 12.5852155685, 13.1889343262, 13.8042631149, 14.4195919037, 15.0000905991, 15.5805892944, 16.1610889435, 16.7648067474, 17.3453063965, 17.9258041382, 18.5295238495, 19.1564617157, 19.760181427, 20.363899231, 20.9560089111, 21.548116684, 22.1402263641, 22.7323360443, 23.3244438171, 23.9165534973, 24.5086612701, 25.1007709503, 25.681268692, 26.2617683411, 26.8538761139, 27.4343757629, 28.0264854431, 28.6302032471, 29.2339229584, 29.8492507935, 30.4529705048, 31.0450782776, 31.6487979889, 32.264125824, 32.8678436279, 33.4715652466, 34.0752830505, 34.6557807922, 35.2246704102, 35.8051681519, 36.3856697083, 36.9429473877, 37.5118370056, 38.0807266235, 38.672832489, 39.2649421692, 39.8454399109, 40.4491615295, 41.041267395, 41.6333770752, 42.2138786316, 42.8059844971, 43.3864860535, 43.9785919189, 44.5707015991]
},
"tonal": {
    "chords_changes_rate": 0.0709876567125,
    "chords_number_rate": 0.0133744860068,
    "chords_strength": {
        "mean": 0.51754873991,
        "var": 0.00884361937642
    },
    "hpcp_entropy": {
        "mean": 2.09362959862,
        "var": 0.454187124968
    },
    "key_strength": 0.551872372627,
    "tuning_diatonic_strength": 0.368564784527,
    "tuning_equal_tempered_deviation": 0.120924152434,
    "tuning_frequency": 439.238189697,
    "tuning_nontempered_energy_ratio": 0.799111902714,
    "hpcp": {
        "mean": [0.105573922396, 0.0751852989197, 0.0999773144722, 0.117225825787, 0.0636355057359, 0.0399643555284, 0.0831379815936, 0.10381796211, 0.101979807019, 0.113606974483, 0.0819692909718, 0.0895916596055, 0.117444165051, 0.0768259093165, 0.0572000555694, 0.102616734803, 0.123859904706, 0.215095564723, 0.273677527905, 0.141500383615, 0.0435558073223, 0.0371258631349, 0.0416767522693, 0.0491035915911, 0.0510990992188, 0.0576153695583, 0.110457010567, 0.114922821522, 0.0544913448393, 0.0321749076247, 0.0324429683387, 0.0473176427186, 0.110046759248, 0.137097686529, 0.0900105237961, 0.0914476364851],
        "var": [0.0768448263407, 0.0275991018862, 0.053372643888, 0.0727313384414, 0.031233323738, 0.0151936495677, 0.0521998442709, 0.0719180628657, 0.0439180657268, 0.0780470743775, 0.0371132157743, 0.0348449982703, 0.0666251480579, 0.0340220183134, 0.0238067042083, 0.0624308884144, 0.0650019943714, 0.0808095261455, 0.148522004485, 0.0485611893237, 0.0163363032043, 0.0170072466135, 0.0231478977948, 0.0199097339064, 0.0229076016694, 0.021661773324, 0.0480816960335, 0.0568959712982, 0.0184615608305, 0.00858645513654, 0.0121897077188, 0.0167217683047, 0.0476355813444, 0.0648903176188, 0.0465592294931, 0.0429395847023]
    },
    "chords_histogram": [23.4567909241, 5.14403295517, 0, 0, 1.44032919407, 6.79012346268, 0, 0, 0, 0, 2.88065838814, 3.18930029869, 16.9753093719, 4.42386817932, 0, 0.925925910473, 0, 4.62962961197, 1.74897122383, 19.5473251343, 4.62962961197, 0, 3.60082316399, 0.617283940315],
    "thpcp": [1, 0.517033278942, 0.159150108695, 0.135655507445, 0.152284160256, 0.17942135036, 0.186712801456, 0.210522830486, 0.403602778912, 0.419920563698, 0.199107855558, 0.11756503582, 0.118544511497, 0.172895610332, 0.402103751898, 0.500946104527, 0.32889264822, 0.33414375782, 0.38576027751, 0.274722218513, 0.365310639143, 0.42833557725, 0.232520028949, 0.146027177572, 0.303780823946, 0.379344135523, 0.372627615929, 0.415112555027, 0.299510478973, 0.327362120152, 0.42913338542, 0.280716896057, 0.209005311131, 0.374954909086, 0.452576100826, 0.785945296288],
    "chords_key": "G#",
    "chords_scale": "major",
    "key_key": "G#",
    "key_scale": "major"
}
}