{
"lowlevel": {
    "average_loudness": 0.907707512379,
    "barkbands_crest": {
        "mean": 11.9121398926,
        "var": 20.537530899
    },
    "barkbands_flatness_db": {
        "mean": 0.192392602563,
        "var": 0.00370495114475
    },
    "barkbands_kurtosis": {
        "mean": 3.82728719711,
        "var": 27.9577541351
    },
    "barkbands_skewness": {
        "mean": 1.52574539185,
        "var": 0.825879633427
    },
    "barkbands_spread": {
        "mean": 12.7294530869,
        "var": 45.3100395203
    },
    "dissonance": {
        "mean": 0.43557292223,
        "var": 0.00174657767639
    },
    "dynamic_complexity": 3.08914494514,
    "erbbands_crest": {
        "mean": 11.5232191086,
        "var": 33.5548553467
    },
    "erbbands_flatness_db": {
        "mean": 0.22159974277,
        "var": 0.00270085129887
    },
    "erbbands_kurtosis": {
        "mean": 0.517306983471,
        "var": 4.4097661972
    },
    "erbbands_skewness": {
        "mean": 0.53995937109,
        "var": 0.495818138123
    },
    "erbbands_spread": {
        "mean": 27.3916950226,
        "var": 136.332077026
    },
    "hfc": {
        "mean": 16.693365097,
        "var": 228.361083984
    },
    "melbands_crest": {
        "mean": 15.4912185669,
        "var": 31.3516788483
    },
    "melbands_flatness_db": {
        "mean": 0.243263721466,
        "var": 0.0046346578747
    },
    "melbands_kurtosis": {
        "mean": 8.15085887909,
        "var": 82.1565551758
    },
    "melbands_skewness": {
        "mean": 2.0937461853,
        "var": 1.36994993687
    },
    "melbands_spread": {
        "mean": 16.1597976685,
        "var": 87.992401123
    },
    "pitch_salience": {
        "mean": 0.547977626324,
        "var": 0.013722980395
    },
    "silence_rate_20dB": {
        "mean": 1,
        "var": 0
    },
    "silence_rate_30dB": {
        "mean": 1,
        "var": 0
    },
    "silence_rate_60dB": {
        "mean": 0.0772399604321,
        "var": 0.0712741091847
    },
    "spectral_centroid": {
        "mean": 954.744262695,
        "var": 209896.796875
    },
    "spectral_complexity": {
        "mean": 15.4490213394,
        "var": 79.013885498
    },
    "spectral_decrease": {
        "mean": -5.72473446425e-009,
        "var": 1.86791361667e-017
    },
    "spectral_energy": {
        "mean": 0.0231205821037,
        "var": 0.000306748639559
    },
    "spectral_energyband_high": {
        "mean": 0.000225606898312,
        "var": 1.44850602624e-007
    },
    "spectral_energyband_low": {
        "mean": 0.00183900725096,
        "var": 3.85438897865e-006
    },
    "spectral_energyband_middle_high": {
        "mean": 0.00625884206966,
        "var": 7.01330718584e-005
    },
    "spectral_energyband_middle_low": {
        "mean": 0.0153365600854,
        "var": 0.000188911042642
    },
    "spectral_entropy": {
        "mean": 6.93211174011,
        "var": 0.381430894136
    },
    "spectral_flux": {
        "mean": 0.0722328722477,
        "var": 0.00172928825486
    },
    "spectral_kurtosis": {
        "mean": 9.47009372711,
        "var": 77.3661193848
    },
    "spectral_rms": {
        "mean": 0.00435467762873,
        "var": 3.59345403922e-006
    },
    "spectral_rolloff": {
        "mean": 1068.14367676,
        "var": 496521.90625
    },
    "spectral_skewness": {
        "mean": 2.01717448235,
        "var": 0.654217600822
    },
    "spectral_spread": {
        "mean": 2971957.75,
        "var": 1.2855696425e+012
    },
    "spectral_strongpeak": {
        "mean": 1.45533514023,
        "var": 2.53144240379
    },
    "zerocrossingrate": {
        "mean": 0.0395583249629,
        "var": 0.000313686265144
    },
    "barkbands": {
        "mean": [4.7046050895e-006, 0.000241032466874, 0.00109918939415, 0.00108908012044, 0.00648338580504, 0.00134769093711, 0.00130921194796, 0.001378747751, 0.00365385878831, 0.00205781310797, 0.000499944086187, 0.000379046367016, 0.000774784770329, 0.000246105628321, 0.00117386947386, 0.000291651551379, 0.000387030449929, 0.00021016151004, 0.000185245982721, 0.000148726903717, 6.62808088236e-005, 3.78870608984e-005, 3.2199499401e-005, 1.31131409944e-005, 7.30000601834e-006, 2.37431186179e-006, 1.73356411892e-007],
        "var": [1.49549733708e-010, 1.56261933171e-007, 2.04023444894e-006, 2.47605339609e-006, 7.23658013158e-005, 2.47153502642e-006, 3.04530203721e-006, 1.04378596006e-005, 7.79150796006e-005, 3.28958994942e-005, 1.83942177046e-006, 7.56693282256e-007, 2.40861709244e-006, 2.96858644333e-007, 4.36157506556e-006, 2.57746705756e-007, 3.09300276058e-007, 1.17373566866e-007, 7.82911513397e-008, 4.38026397376e-008, 1.43860905411e-008, 7.14232273324e-009, 3.59368801384e-009, 1.03599373524e-009, 3.34806571356e-010, 4.11892013552e-011, 8.77314063411e-013]
    },
    "erbbands": {
        "mean": [0.00218205759302, 0.0905843228102, 1.05178081989, 2.80959677696, 14.9840326309, 22.6498832703, 12.091632843, 10.6693696976, 18.5510158539, 16.2590351105, 51.3453559875, 91.5882415771, 23.3914146423, 85.9091491699, 18.8655948639, 20.6097488403, 35.0693321228, 15.8341007233, 60.2995986938, 28.9280338287, 19.9115886688, 18.4564876556, 13.680642128, 10.225446701, 8.03604221344, 6.99220705032, 3.82546806335, 2.06803512573, 1.52198314667, 1.02750694752, 0.918857455254, 0.393033385277, 0.169461190701, 0.0930373817682, 0.0449816286564, 0.0132720395923, 0.00388210872188, 0.000777830835432, 3.15709767165e-005, 2.77192539215e-005],
        "var": [1.11132449092e-005, 0.0165102370083, 1.84090793133, 11.0924682617, 455.771331787, 923.386657715, 303.876586914, 168.571182251, 559.470703125, 597.831359863, 12374.8701172, 47686.7109375, 1535.34887695, 55395.7929688, 1542.69726563, 1498.74560547, 4727.04199219, 567.582641602, 13382.8759766, 1779.27258301, 954.234741211, 645.37310791, 455.024597168, 226.787506104, 118.624946594, 96.208366394, 41.8838653564, 16.1424655914, 11.8889293671, 3.97077536583, 3.05615067482, 0.761337637901, 0.212460190058, 0.0639538019896, 0.0120148956776, 0.0010378920706, 0.000114898408356, 9.20566526474e-006, 8.02542743372e-009, 4.62055782524e-010]
    },
    "gfcc": {
        "mean": [-53.5649108887, 128.48828125, -148.517623901, 19.4158153534, -60.3739280701, -7.06318378448, -44.6551780701, -9.13481521606, -26.0390701294, -12.3996324539, -20.6004161835, -12.7307338715, -11.0434274673],
        "cov": [[7166.57861328, -1514.68017578, -822.241394043, 348.127105713, -208.40536499, 307.91696167, -77.1172027588, 139.059890747, -250.841934204, 39.450756073, -268.603820801, 48.5503311157, -188.752182007], [-1514.68017578, 1530.11303711, 412.499206543, -7.00295209885, 190.545288086, -238.590911865, 60.1280403137, -217.989608765, 157.43460083, -114.962020874, 210.908203125, -75.3006744385, 114.20149231], [-822.241394043, 412.499206543, 673.765441895, 83.4738845825, 67.6460418701, -20.6252918243, -76.1440963745, -63.2227554321, 27.5387134552, 39.0347442627, -9.70422840118, 19.4915294647, 6.41172599792], [348.127105713, -7.00295209885, 83.4738845825, 228.635009766, 40.300365448, 23.4577102661, -41.2700691223, -31.4051055908, -12.1129331589, 20.5471744537, -5.79775333405, 4.42372846603, -21.369802475], [-208.40536499, 190.545288086, 67.6460418701, 40.300365448, 179.891464233, 35.4769058228, -1.89456784725, -37.6479148865, 9.32617855072, -25.4801921844, 9.04907512665, 4.41860198975, 58.0051231384], [307.91696167, -238.590911865, -20.6252918243, 23.4577102661, 35.4769058228, 154.25944519, 23.954240799, 36.7734947205, -35.7210350037, 12.4828338623, -40.9396781921, 37.3407745361, 17.1289348602], [-77.1172027588, 60.1280403137, -76.1440963745, -41.2700691223, -1.89456784725, 23.954240799, 151.881668091, 76.4517974854, 44.63331604, -11.5328617096, 24.482339859, -28.5182285309, -12.3980321884], [139.059890747, -217.989608765, -63.2227554321, -31.4051055908, -37.6479148865, 36.7734947205, 76.4517974854, 171.060211182, 53.4815673828, 49.2544059753, -23.7054309845, -29.7170600891, -59.7667770386], [-250.841934204, 157.43460083, 27.5387134552, -12.1129331589, 9.32617855072, -35.7210350037, 44.63331604, 53.4815673828, 134.729568481, 37.7131843567, 25.480430603, -54.1472930908, -30.8592605591], [39.450756073, -114.962020874, 39.0347442627, 20.5471744537, -25.4801921844, 12.4828338623, -11.5328617096, 49.2544059753, 37.7131843567, 113.463546753, 14.8427724838, -0.587524533272, -54.2656784058], [-268.603820801, 210.908203125, -9.70422840118, -5.79775333405, 9.04907512665, -40.9396781921, 24.482339859, -23.7054309845, 25.480430603, 14.8427724838, 118.794845581, 13.4784507751, 0.13392265141], [48.5503311157, -75.3006744385, 19.4915294647, 4.42372846603, 4.41860198975, 37.3407745361, -28.5182285309, -29.7170600891, -54.1472930908, -0.587524533272, 13.4784507751, 98.6852493286, 38.0546112061], [-188.752182007, 114.20149231, 6.41172599792, -21.369802475, 58.0051231384, 17.1289348602, -12.3980321884, -59.7667770386, -30.8592605591, -54.2656784058, 0.13392265141, 38.0546112061, 131.882095337]],
        "icov": [[0.000258674321231, -0.000199492351385, 0.000467374862637, -0.000465238059405, 0.000307178590447, -0.000493661325891, 0.000290220428724, -0.000214699699427, 0.000337721197866, -0.000132093933644, 0.00062573509058, -0.000209365505725, 0.000388303975342], [-0.000199492351385, 0.0048785158433, -0.00307805021293, 0.000634265656117, -0.00270829745568, 0.00440344586968, -0.00378237105906, 0.00463333725929, -0.00394188566133, 0.00354095874354, -0.00579686602578, 0.00262101436965, -0.00210992037319], [0.000467374862637, -0.00307805021293, 0.00424180412665, -0.00136639038101, 0.00127371866256, -0.00266677816398, 0.00280250119977, -0.00218942645006, 0.00189811177552, -0.00307231023908, 0.00504643470049, -0.00265301507898, 0.00190445512999], [-0.000465238059405, 0.000634265656117, -0.00136639038101, 0.00631731934845, -0.00202139071189, -0.000128039901028, 0.00024412033963, 0.00188969669398, -0.000493552652188, -0.000158936192747, -0.00152808567509, 0.000949758570641, 0.00120661116671], [0.000307178590447, -0.00270829745568, 0.00127371866256, -0.00202139071189, 0.0101211937144, -0.00608225539327, 0.00287652993575, -0.00174159242306, 0.000150634397869, -0.000104405691673, 0.00164206989575, 0.000366993888747, -0.00190032413229], [-0.000493661325891, 0.00440344586968, -0.00266677816398, -0.000128039901028, -0.00608225539327, 0.0168976504356, -0.00791117083281, 0.0022945983801, -0.00035507362918, -0.000930726993829, -0.000311408890411, -0.0024283954408, -0.00339914811775], [0.000290220428724, -0.00378237105906, 0.00280250119977, 0.00024412033963, 0.00287652993575, -0.00791117083281, 0.0162859335542, -0.00937617104501, 0.000590821146034, 0.00311510986648, -0.00118899380323, 0.000973484711722, 0.00177852844354], [-0.000214699699427, 0.00463333725929, -0.00218942645006, 0.00188969669398, -0.00174159242306, 0.0022945983801, -0.00937617104501, 0.0178797729313, -0.00701329531148, -0.00115322135389, -0.000918945239391, 0.0016883360222, 0.00118073355407], [0.000337721197866, -0.00394188566133, 0.00189811177552, -0.000493552652188, 0.000150634397869, -0.00035507362918, 0.000590821146034, -0.00701329531148, 0.0179540552199, -0.00755690364167, 0.00289301597513, 0.00385564332828, 0.000557777297217], [-0.000132093933644, 0.00354095874354, -0.00307231023908, -0.000158936192747, -0.000104405691673, -0.000930726993829, 0.00311510986648, -0.00115322135389, -0.00755690364167, 0.0195362716913, -0.00888875871897, 0.000320735009154, 0.0029921841342], [0.00062573509058, -0.00579686602578, 0.00504643470049, -0.00152808567509, 0.00164206989575, -0.000311408890411, -0.00118899380323, -0.000918945239391, 0.00289301597513, -0.00888875871897, 0.0218172129244, -0.00916716456413, 0.00385483191349], [-0.000209365505725, 0.00262101436965, -0.00265301507898, 0.000949758570641, 0.000366993888747, -0.0024283954408, 0.000973484711722, 0.0016883360222, 0.00385564332828, 0.000320735009154, -0.00916716456413, 0.0201060213149, -0.00603389972821], [0.000388303975342, -0.00210992037319, 0.00190445512999, 0.00120661116671, -0.00190032413229, -0.00339914811775, 0.00177852844354, 0.00118073355407, 0.000557777297217, 0.0029921841342, 0.00385483191349, -0.00603389972821, 0.0151467230171]]
    },
    "melbands": {
        "mean": [4.04388774768e-005, 0.000395436421968, 0.000700380653143, 0.00165284564719, 0.00046395973186, 0.000237933287281, 0.000282976165181, 0.000187592479051, 0.000522760732565, 0.000519819092005, 9.72186753643e-005, 0.000364415260265, 6.32350638625e-005, 3.97954499931e-005, 8.20929126348e-005, 6.10955321463e-005, 2.27338423429e-005, 8.76394842635e-005, 6.63093305775e-005, 2.42375972448e-005, 2.42140740738e-005, 2.15767322516e-005, 1.3460646187e-005, 1.02608046291e-005, 8.10576875665e-006, 6.5073463702e-006, 5.47248282601e-006, 4.39322820966e-006, 2.6678865197e-006, 1.44180160078e-006, 1.13030250759e-006, 9.23252571283e-007, 5.82804148053e-007, 5.66299661386e-007, 5.79929974265e-007, 3.514489606e-007, 1.94304845991e-007, 1.15946072299e-007, 9.9958590738e-008, 7.09582863578e-008],
        "var": [4.58934712455e-009, 2.53327584687e-007, 6.61046613004e-007, 5.21622087035e-006, 3.16502479336e-007, 7.69360326558e-008, 1.33556909532e-007, 9.9698105771e-008, 1.42771602896e-006, 1.5652002503e-006, 3.77172888477e-008, 1.02278181657e-006, 2.03330365878e-008, 4.46738557258e-009, 3.59511247439e-008, 1.3339061411e-008, 1.96109972705e-009, 2.78056333514e-008, 1.27529000693e-008, 1.8462966711e-009, 1.62716118357e-009, 1.09545217342e-009, 3.83158449413e-010, 3.34991118178e-010, 1.83894663386e-010, 9.86506917822e-011, 6.97239696534e-011, 4.40579794869e-011, 2.26877943516e-011, 8.38065988135e-012, 5.72851575203e-012, 5.01622354765e-012, 1.53057308581e-012, 1.22394791784e-012, 1.24816357337e-012, 5.68951190414e-013, 2.20619827745e-013, 1.01832767479e-013, 8.94626102257e-014, 3.70100407569e-014]
    },
    "mfcc": {
        "mean": [-690.344482422, 152.893569946, -25.9496212006, 22.7456283569, -4.31128692627, -1.40333354473, -13.9861602783, -5.44056129456, -10.1498661041, -2.06519722939, -12.2403755188, -9.6275472641, -6.37971735001],
        "cov": [[6928.00585938, -1383.12451172, -733.81829834, 103.535964966, -178.077850342, 178.304534912, 44.5098609924, 117.635635376, -98.7462310791, 32.6352920532, -55.0175514221, -8.58482837677, -66.4141159058], [-1383.12451172, 1381.18603516, 194.249649048, 87.2713012695, 142.264602661, -7.37633943558, -24.2456665039, -57.1492576599, -34.984172821, -99.3714904785, 7.61541938782, 26.5550251007, 35.4506721497], [-733.81829834, 194.249649048, 474.606781006, 34.8547935486, 101.526252747, 22.0427742004, -16.0038452148, -35.3956489563, 53.7740211487, 11.4198360443, 20.2806358337, 39.250919342, -7.40691423416], [103.535964966, 87.2713012695, 34.8547935486, 182.526687622, 46.7203330994, 21.9361114502, -6.89595746994, -5.74904489517, -13.6789131165, 31.1536178589, 45.9347457886, 40.8822784424, 14.8140001297], [-178.077850342, 142.264602661, 101.526252747, 46.7203330994, 196.50239563, 73.3483581543, -0.107020661235, -34.6334037781, 20.1109924316, -50.8772888184, -32.6154441833, -2.60448551178, -15.9542455673], [178.304534912, -7.37633943558, 22.0427742004, 21.9361114502, 73.3483581543, 134.761138916, 29.3800773621, 1.59720611572, 19.6998901367, -34.7594985962, -41.5105819702, -21.1896648407, -16.1739425659], [44.5098609924, -24.2456665039, -16.0038452148, -6.89595746994, -0.107020661235, 29.3800773621, 97.9939956665, 41.5675163269, 6.00740194321, 3.146245718, -19.425825119, -6.93911361694, 0.542656958103], [117.635635376, -57.1492576599, -35.3956489563, -5.74904489517, -34.6334037781, 1.59720611572, 41.5675163269, 111.52734375, 29.4926757813, 41.7668571472, 2.72910404205, -25.0788478851, -4.46836996078], [-98.7462310791, -34.984172821, 53.7740211487, -13.6789131165, 20.1109924316, 19.6998901367, 6.00740194321, 29.4926757813, 115.440109253, 47.6704177856, -9.8218126297, -26.0656681061, -26.1306152344], [32.6352920532, -99.3714904785, 11.4198360443, 31.1536178589, -50.8772888184, -34.7594985962, 3.146245718, 41.7668571472, 47.6704177856, 177.145401001, 86.1249008179, 26.8473548889, 24.8417358398], [-55.0175514221, 7.61541938782, 20.2806358337, 45.9347457886, -32.6154441833, -41.5105819702, -19.425825119, 2.72910404205, -9.8218126297, 86.1249008179, 165.441452026, 98.4008636475, 47.5179519653], [-8.58482837677, 26.5550251007, 39.250919342, 40.8822784424, -2.60448551178, -21.1896648407, -6.93911361694, -25.0788478851, -26.0656681061, 26.8473548889, 98.4008636475, 156.938476563, 53.6603469849], [-66.4141159058, 35.4506721497, -7.40691423416, 14.8140001297, -15.9542455673, -16.1739425659, 0.542656958103, -4.46836996078, -26.1306152344, 24.8417358398, 47.5179519653, 53.6603469849, 90.9761505127]],
        "icov": [[0.000240157081862, 0.000196209934074, 0.000288267241558, -0.000242099689785, 0.000113222871732, -0.000420121679781, 0.000175964800292, -0.000186078555998, 0.000227882614126, -5.55079677724e-005, 0.000160948300618, -0.000239697372308, 0.000234655177337], [0.000196209934074, 0.00106710859109, -6.59443612676e-005, -0.000593354401644, -0.000415355229052, 0.000197689296328, 7.79273977969e-005, -0.00015688649728, 0.000180145754712, 0.000680946744978, -0.000148880048073, 0.000129226405988, -0.000359853816917], [0.000288267241558, -6.59443612676e-005, 0.00308247306384, -0.000263016438112, -0.000924498424865, -0.000413503992604, 0.000294344994472, 0.000448444392532, -0.00104037520941, -0.000421224482125, 0.000139753537951, -0.00108991016168, 0.000700618838891], [-0.000242099689785, -0.000593354401644, -0.000263016438112, 0.00759870326146, -0.00203393213451, -0.00124692113604, 0.00067931500962, -0.000419888558099, 0.00206434330903, -0.00232293875888, -0.00107829587068, -0.000806161086075, 0.000458625640022], [0.000113222871732, -0.000415355229052, -0.000924498424865, -0.00203393213451, 0.0089337201789, -0.0036586439237, 2.87467137241e-005, 0.00184394745156, -0.00193997239694, 0.00181296758819, 0.000591566495132, -0.00033242785139, 0.00034190659062], [-0.000420121679781, 0.000197689296328, -0.000413503992604, -0.00124692113604, -0.0036586439237, 0.0121036618948, -0.0034317674581, 0.000357041280949, -0.00233999802731, 0.0020442167297, 0.000569926865865, 0.00102878874168, -0.000800922280177], [0.000175964800292, 7.79273977969e-005, 0.000294344994472, 0.00067931500962, 2.87467137241e-005, -0.0034317674581, 0.0140611445531, -0.00578766362742, 0.00153230258729, -0.00105268857442, 0.00277705863118, -0.00219306140207, -0.00039116491098], [-0.000186078555998, -0.00015688649728, 0.000448444392532, -0.000419888558099, 0.00184394745156, 0.000357041280949, -0.00578766362742, 0.0139349400997, -0.00305517367087, -0.00144004484173, -0.00148894998711, 0.00281473156065, -0.000230850855587], [0.000227882614126, 0.000180145754712, -0.00104037520941, 0.00206434330903, -0.00193997239694, -0.00233999802731, 0.00153230258729, -0.00305517367087, 0.0144241917878, -0.00577379763126, 0.00169932586141, 3.20844774251e-005, 0.00357296084985], [-5.55079677724e-005, 0.000680946744978, -0.000421224482125, -0.00232293875888, 0.00181296758819, 0.0020442167297, -0.00105268857442, -0.00144004484173, -0.00577379763126, 0.0121403327212, -0.00573690608144, 0.00204790569842, -0.00252984371036], [0.000160948300618, -0.000148880048073, 0.000139753537951, -0.00107829587068, 0.000591566495132, 0.000569926865865, 0.00277705863118, -0.00148894998711, 0.00169932586141, -0.00573690608144, 0.0147472126409, -0.00747005455196, -0.000764162105042], [-0.000239697372308, 0.000129226405988, -0.00108991016168, -0.000806161086075, -0.00033242785139, 0.00102878874168, -0.00219306140207, 0.00281473156065, 3.20844774251e-005, 0.00204790569842, -0.00747005455196, 0.0131107307971, -0.00428823800758], [0.000234655177337, -0.000359853816917, 0.000700618838891, 0.000458625640022, 0.00034190659062, -0.000800922280177, -0.00039116491098, -0.000230850855587, 0.00357296084985, -0.00252984371036, -0.000764162105042, -0.00428823800758, 0.0158398374915]]
    },
    "spectral_contrast_coeffs": {
        "mean": [-0.525340020657, -0.690753698349, -0.72037255764, -0.742005169392, -0.753329217434, -0.741201817989],
        "var": [0.00882896501571, 0.00633339956403, 0.0106176985428, 0.00662638386711, 0.00451108906418, 0.00169543304946]
    },
    "spectral_contrast_valleys": {
        "mean": [-8.32248973846, -6.95814990997, -7.7117638588, -8.02264118195, -8.33492088318, -11.6419219971],
        "var": [1.06687879562, 0.861998319626, 0.960701167583, 1.0877481699, 1.27335965633, 1.30736017227]
    }
},
"metadata": {
    "audio_properties": {
        "analysis_sample_rate": 44100,
        "bit_rate": 128074,
        "equal_loudness": 0,
        "length": 45.0612258911,
        "lossless": 0,
        "replay_gain": -5.57577133179,
        "sample_rate": 44100,
        "codec": "mp3",
        "downmix": "mix",
        "md5_encoded": "2f2f9f063381f4e3f59d73841fe23b3b"
    },
    "tags": {
        "file_name": "1743.mp3"
    },
    "version": {
        "essentia": "2.1-beta2",
        "essentia_git_sha": "v2.1_beta2",
        "extractor": "music 1.0"
    }
},
"rhythm": {
    "beats_count": 72,
    "beats_loudness": {
        "mean": 0.0389307513833,
        "var": 0.000154949419084
    },
    "bpm": 97.48097229,
    "bpm_histogram_first_peak_bpm": {
        "mean": 98,
        "var": 0
    },
    "bpm_histogram_first_peak_spread": {
        "mean": 0.314285725355,
        "var": 0
    },
    "bpm_histogram_first_peak_weight": {
        "mean": 0.676056325436,
        "var": 0
    },
    "bpm_histogram_second_peak_bpm": {
        "mean": 91,
        "var": 0
    },
    "bpm_histogram_second_peak_spread": {
        "mean": 0,
        "var": 0
    },
    "bpm_histogram_second_peak_weight": {
        "mean": 0.0140845067799,
        "var": 0
    },
    "danceability": 1.19315111637,
    "onset_rate": 4.99095630646,
    "beats_loudness_band_ratio": {
        "mean": [0.210246667266, 0.400382250547, 0.167281061411, 0.14610914886, 0.155780807137, 0.0316917262971],
        "var": [0.010937047191, 0.0191789530218, 0.02237858437, 0.0144267659634, 0.0061801453121, 0.000214144878555]
    },
    "beats_position": [0.684988677502, 1.34675729275, 1.97369611263, 2.58902478218, 3.20435357094, 3.80807256699, 4.41179132462, 5.01551008224, 5.630838871, 6.24616765976, 6.87310647964, 7.50004529953, 8.12698364258, 8.75392246246, 9.39247131348, 10.0310201645, 10.6463489532, 11.261677742, 11.8886165619, 12.4923353195, 13.0960540771, 13.722992897, 14.3267116547, 14.9304304123, 15.5341491699, 16.1378688812, 16.7415866852, 17.3453063965, 17.9490242004, 18.5527439117, 19.1564617157, 19.7717914581, 20.3871192932, 21.0024490356, 21.6177768707, 22.2447166443, 22.8600444794, 23.4753742218, 24.0790920258, 24.6944217682, 25.3097496033, 25.9134693146, 26.5287971497, 27.1441268921, 27.7710647583, 28.3980045319, 29.0249423981, 29.6518821716, 30.2788200378, 30.9057598114, 31.5210876465, 32.1364173889, 32.7633552551, 33.3786849976, 33.99401474, 34.6209526062, 35.2478904724, 35.8516082764, 36.4785499573, 37.093875885, 37.7092056274, 38.3361434937, 38.9514732361, 39.5668029785, 40.1705207825, 40.7974586487, 41.4127883911, 42.0281181335, 42.6318359375, 43.2355537415, 43.8392753601, 44.4429931641]
},
"tonal": {
    "chords_changes_rate": 0.0606995895505,
    "chords_number_rate": 0.0102880662307,
    "chords_strength": {
        "mean": 0.573341786861,
        "var": 0.0102612404153
    },
    "hpcp_entropy": {
        "mean": 1.7599285841,
        "var": 0.564455330372
    },
    "key_strength": 0.817259192467,
    "tuning_diatonic_strength": 0.765324234962,
    "tuning_equal_tempered_deviation": 0.215944975615,
    "tuning_frequency": 445.884552002,
    "tuning_nontempered_energy_ratio": 0.905941307545,
    "hpcp": {
        "mean": [0.419222891331, 0.211524918675, 0.116426475346, 0.0932185649872, 0.0679286122322, 0.063836120069, 0.0518318042159, 0.0407538302243, 0.0485413521528, 0.0484253279865, 0.0582605749369, 0.0846105590463, 0.0819924622774, 0.103571772575, 0.188185021281, 0.182146534324, 0.0927322879434, 0.05285198614, 0.0618925541639, 0.114949859679, 0.166406139731, 0.136079072952, 0.112664751709, 0.140734687448, 0.114314101636, 0.0616538822651, 0.0362539477646, 0.0281546507031, 0.059337515384, 0.112141691148, 0.109849087894, 0.0848283171654, 0.0907438322902, 0.141532599926, 0.282780617476, 0.458349138498],
        "var": [0.135899364948, 0.0676345154643, 0.0490348637104, 0.0417106486857, 0.0182851217687, 0.0184176843613, 0.0135132595897, 0.00988124404103, 0.0125168338418, 0.0107048861682, 0.014110295102, 0.0303754601628, 0.0264311637729, 0.0315021090209, 0.0798122733831, 0.0789841338992, 0.0317585244775, 0.0208618398756, 0.0271917171776, 0.0520816221833, 0.0800431221724, 0.0500277876854, 0.0348335914314, 0.0645119920373, 0.0504232943058, 0.0201508011669, 0.00867425370961, 0.00427072355524, 0.0199541281909, 0.058657258749, 0.0559403859079, 0.0345275700092, 0.0364013053477, 0.05198732391, 0.0976634249091, 0.127485245466]
    },
    "chords_histogram": [50.8230438232, 0.617283940315, 4.11522626877, 0, 0, 0, 0, 1.54320991039, 1.95473253727, 16.3580245972, 0, 0.823045253754, 0, 0, 9.36213970184, 0, 1.95473253727, 0, 0, 0, 0, 4.42386817932, 3.18930029869, 4.83539104462],
    "thpcp": [1, 0.914636611938, 0.461492985487, 0.254012644291, 0.203378945589, 0.148202776909, 0.139274001122, 0.113083675504, 0.0889143794775, 0.105904750526, 0.10565161705, 0.127109602094, 0.184598490596, 0.178886473179, 0.225966989994, 0.410571336746, 0.397396922112, 0.202318012714, 0.11530944705, 0.135033637285, 0.250791043043, 0.363055408001, 0.296889543533, 0.24580553174, 0.307046920061, 0.249403983355, 0.134512916207, 0.0790967941284, 0.0614262111485, 0.12945920229, 0.244664341211, 0.239662468433, 0.185073584318, 0.197979718447, 0.308787763119, 0.616954624653],
    "chords_key": "C#",
    "chords_scale": "minor",
    "key_key": "C#",
    "key_scale": "minor"
}
}