{
"lowlevel": {
    "average_loudness": 0.935185432434,
    "barkbands_crest": {
        "mean": 15.2119722366,
        "var": 33.355091095
    },
    "barkbands_flatness_db": {
        "mean": 0.249048069119,
        "var": 0.0113774072379
    },
    "barkbands_kurtosis": {
        "mean": 10.9706430435,
        "var": 1025.80725098
    },
    "barkbands_skewness": {
        "mean": 1.5827331543,
        "var": 5.10655736923
    },
    "barkbands_spread": {
        "mean": 11.9620580673,
        "var": 127.314865112
    },
    "dissonance": {
        "mean": 0.410793632269,
        "var": 0.00494812708348
    },
    "dynamic_complexity": 4.13019037247,
    "erbbands_crest": {
        "mean": 18.3888225555,
        "var": 84.4756469727
    },
    "erbbands_flatness_db": {
        "mean": 0.262291431427,
        "var": 0.0123407542706
    },
    "erbbands_kurtosis": {
        "mean": 6.75294113159,
        "var": 203.362976074
    },
    "erbbands_skewness": {
        "mean": 1.14772832394,
        "var": 2.77635717392
    },
    "erbbands_spread": {
        "mean": 21.0989398956,
        "var": 377.815887451
    },
    "hfc": {
        "mean": 18.6351547241,
        "var": 285.47668457
    },
    "melbands_crest": {
        "mean": 19.5960197449,
        "var": 43.2417106628
    },
    "melbands_flatness_db": {
        "mean": 0.325554788113,
        "var": 0.0120515674353
    },
    "melbands_kurtosis": {
        "mean": 18.0804634094,
        "var": 1446.48181152
    },
    "melbands_skewness": {
        "mean": 2.1600356102,
        "var": 6.50412607193
    },
    "melbands_spread": {
        "mean": 14.664560318,
        "var": 180.57585144
    },
    "pitch_salience": {
        "mean": 0.415141910315,
        "var": 0.0203337259591
    },
    "silence_rate_20dB": {
        "mean": 1,
        "var": 0
    },
    "silence_rate_30dB": {
        "mean": 0.995880544186,
        "var": 0.00410251924768
    },
    "silence_rate_60dB": {
        "mean": 0.0988671481609,
        "var": 0.0890962406993
    },
    "spectral_centroid": {
        "mean": 895.439086914,
        "var": 257995.90625
    },
    "spectral_complexity": {
        "mean": 8.88208007813,
        "var": 39.5581855774
    },
    "spectral_decrease": {
        "mean": -7.93198218219e-009,
        "var": 4.09346307251e-017
    },
    "spectral_energy": {
        "mean": 0.0316273681819,
        "var": 0.000635334930848
    },
    "spectral_energyband_high": {
        "mean": 0.000214731247979,
        "var": 2.27529483254e-007
    },
    "spectral_energyband_low": {
        "mean": 0.0106120035052,
        "var": 0.000246236857492
    },
    "spectral_energyband_middle_high": {
        "mean": 0.0101928990334,
        "var": 0.000240937806666
    },
    "spectral_energyband_middle_low": {
        "mean": 0.0138828707859,
        "var": 0.00025588835706
    },
    "spectral_entropy": {
        "mean": 6.56277513504,
        "var": 1.0375316143
    },
    "spectral_flux": {
        "mean": 0.0711519047618,
        "var": 0.00313606415875
    },
    "spectral_kurtosis": {
        "mean": 15.908577919,
        "var": 264.387878418
    },
    "spectral_rms": {
        "mean": 0.00499870022759,
        "var": 5.8689670368e-006
    },
    "spectral_rolloff": {
        "mean": 936.564941406,
        "var": 1139558.5
    },
    "spectral_skewness": {
        "mean": 2.67812871933,
        "var": 1.63267123699
    },
    "spectral_spread": {
        "mean": 3527462.25,
        "var": 4.27226169344e+012
    },
    "spectral_strongpeak": {
        "mean": 2.33249998093,
        "var": 6.57198572159
    },
    "zerocrossingrate": {
        "mean": 0.039576176554,
        "var": 0.000841250817757
    },
    "barkbands": {
        "mean": [0.000129456951981, 0.00502752466127, 0.0043070577085, 0.00235194922425, 0.00199205125682, 0.00115207419731, 0.000713606830686, 0.000752871972509, 0.00312509899959, 0.00685369502753, 0.00301706464961, 0.000385805469705, 0.000277455808828, 0.000335936754709, 0.000476455403259, 0.00017488496087, 0.000139391020639, 9.90513435681e-005, 7.75543157943e-005, 4.39157483925e-005, 5.29262542841e-005, 4.32493980043e-005, 2.55074301094e-005, 2.54740571108e-005, 2.62558951363e-005, 1.88615540537e-005, 2.24720974984e-006],
        "var": [4.17586562662e-007, 8.2491817011e-005, 6.117248995e-005, 2.76905448118e-005, 2.89577765216e-005, 2.10165071621e-005, 2.62443586507e-006, 3.3585613437e-006, 4.50545448984e-005, 0.000206276046811, 9.99219919322e-005, 4.3445738811e-006, 1.32779814521e-006, 8.29325529139e-007, 1.29664545057e-006, 2.23236270358e-007, 1.27567744812e-007, 4.33754898665e-008, 4.98476353528e-008, 6.51995613055e-009, 1.49415058104e-008, 1.02141193281e-008, 3.76902731247e-009, 3.71608233074e-009, 4.80477213571e-009, 3.09378611618e-009, 8.70732583258e-011]
    },
    "erbbands": {
        "mean": [0.105407334864, 1.28486669064, 4.89595079422, 6.4305472374, 8.05753040314, 6.34228801727, 5.61737251282, 11.1142683029, 10.9797582626, 9.71622848511, 27.9382133484, 80.6237945557, 192.180404663, 207.803573608, 48.7129707336, 16.9517498016, 14.1312017441, 16.3074359894, 20.3292732239, 19.0031585693, 10.3556375504, 6.10191679001, 5.93049716949, 5.43983221054, 2.53740167618, 2.11109805107, 2.05035591125, 2.10499882698, 1.62174332142, 1.01870036125, 0.683460235596, 0.50527882576, 0.439502030611, 0.285639196634, 0.182663559914, 0.0880871340632, 0.0335543714464, 0.00781188160181, 0.000240972614847, 4.16749644501e-005],
        "var": [0.0319777652621, 6.08086299896, 85.956199646, 130.921203613, 453.519195557, 421.363830566, 443.919586182, 1949.44641113, 719.854919434, 296.779296875, 5455.31933594, 28355.4628906, 177877.53125, 246541.09375, 13145.6474609, 9190.21875, 3529.40039063, 1226.94665527, 1746.01147461, 2064.76733398, 400.110168457, 151.979980469, 150.106704712, 293.147796631, 16.1888046265, 17.142873764, 21.8479347229, 23.3241100311, 14.3290081024, 5.65973520279, 2.70525813103, 1.34860253334, 1.18854391575, 0.524403452873, 0.251871317625, 0.0605840198696, 0.0105968276039, 0.000777416746132, 7.82791744314e-007, 1.1940608502e-009]
    },
    "gfcc": {
        "mean": [-88.2936019897, 115.718322754, -122.264343262, 10.7637310028, -39.8367958069, 13.18359375, -18.0930709839, 13.8414030075, -15.2329587936, -2.07256698608, -23.0136814117, -7.69354104996, -6.92690610886],
        "cov": [[12723.8056641, -949.18359375, 1394.52380371, 1379.10290527, -492.361724854, 418.448577881, -689.76348877, -265.093536377, -857.206726074, -369.432037354, -663.882263184, 282.64453125, -236.897018433], [-949.18359375, 3227.83276367, 595.634643555, 60.3925971985, 524.29309082, -426.253295898, 81.4410858154, -437.349121094, 191.672180176, -216.007141113, 229.137374878, -336.603515625, 59.80909729], [1394.52380371, 595.634643555, 1952.09680176, 891.794006348, -3.55705952644, 202.911727905, -379.179046631, -204.742019653, -170.471389771, 81.6115036011, -96.4850616455, -35.2089691162, -319.524627686], [1379.10290527, 60.3925971985, 891.794006348, 868.694763184, 73.5899734497, 157.863815308, -240.553665161, -113.453323364, -154.091827393, 30.91365242, -68.334197998, 20.1960315704, -186.188110352], [-492.361724854, 524.29309082, -3.55705952644, 73.5899734497, 444.530181885, 77.0613937378, 169.531112671, -19.7810211182, 12.9073286057, -138.022827148, 19.5656070709, -31.2763290405, 91.5305023193], [418.448577881, -426.253295898, 202.911727905, 157.863815308, 77.0613937378, 340.604644775, 63.4225578308, 76.8545227051, -148.954772949, -85.1667709351, -88.9593887329, 118.653663635, 39.2710113525], [-689.76348877, 81.4410858154, -379.179046631, -240.553665161, 169.531112671, 63.4225578308, 408.310119629, 186.081512451, 73.3753051758, -192.107116699, -76.3662338257, -35.1281852722, 183.15864563], [-265.093536377, -437.349121094, -204.742019653, -113.453323364, -19.7810211182, 76.8545227051, 186.081512451, 331.034545898, 129.38583374, -46.2605323792, -145.884857178, -26.0386371613, 55.8357315063], [-857.206726074, 191.672180176, -170.471389771, -154.091827393, 12.9073286057, -148.954772949, 73.3753051758, 129.38583374, 336.266174316, 157.54347229, 21.6451301575, -168.157409668, -56.2668113708], [-369.432037354, -216.007141113, 81.6115036011, 30.91365242, -138.022827148, -85.1667709351, -192.107116699, -46.2605323792, 157.54347229, 435.264129639, 194.50567627, -37.5870666504, -218.932846069], [-663.882263184, 229.137374878, -96.4850616455, -68.334197998, 19.5656070709, -88.9593887329, -76.3662338257, -145.884857178, 21.6451301575, 194.50567627, 319.625976563, 84.0916976929, -26.0150966644], [282.64453125, -336.603515625, -35.2089691162, 20.1960315704, -31.2763290405, 118.653663635, -35.1281852722, -26.0386371613, -168.157409668, -37.5870666504, 84.0916976929, 257.807067871, 106.439529419], [-236.897018433, 59.80909729, -319.524627686, -186.188110352, 91.5305023193, 39.2710113525, 183.15864563, 55.8357315063, -56.2668113708, -218.932846069, -26.0150966644, 106.439529419, 290.517150879]],
        "icov": [[0.000139029842103, -8.37741827127e-005, 9.38533339649e-005, -0.000177247042302, 0.00015573418932, -3.3334170439e-005, 7.92880746303e-005, 4.5917899115e-005, 0.000215172796743, -0.000104568767711, 0.000490792852361, -0.000271216034889, 0.000123061690829], [-8.37741827127e-005, 0.00168795604259, -0.00110422750004, 0.000294364144793, -0.00094438547967, 0.00129013031255, -0.00036328623537, 0.00157845928334, -0.00159235903993, 0.00233411695808, -0.00252294470556, 0.00202356302179, -0.000909569847863], [9.38533339649e-005, -0.00110422750004, 0.00190495792776, -0.00110655953176, 0.000860531697981, -0.0016256760573, 0.000693057023454, -0.000432502187323, 0.000601094099693, -0.00104364205617, 0.00177415192593, -0.00112230423838, 0.00118465384003], [-0.000177247042302, 0.000294364144793, -0.00110655953176, 0.00301387137733, -0.00147569924593, 0.000139811178087, 0.000778904184699, -0.000204040392418, 0.00026912096655, 0.000151188360178, -0.000100010714959, -1.0575899978e-005, 0.000664526363835], [0.00015573418932, -0.00094438547967, 0.000860531697981, -0.00147569924593, 0.00514385988936, -0.00288644805551, -0.00105368928052, 0.000731727166567, -0.00104199140333, 0.0010144043481, -0.000761399802286, 0.000451804051409, -5.57355742785e-005], [-3.3334170439e-005, 0.00129013031255, -0.0016256760573, 0.000139811178087, -0.00288644805551, 0.00881298910826, -0.00250416016206, -0.000959728495218, 0.00280485115945, -0.00128547742497, 0.00128294061869, -0.00211380375549, -4.60109185951e-005], [7.92880746303e-005, -0.00036328623537, 0.000693057023454, 0.000778904184699, -0.00105368928052, -0.00250416016206, 0.0080147171393, -0.00358919240534, -0.000137918526889, 0.00217142677866, -0.00175379088614, 0.002794459695, -0.00186295772437], [4.5917899115e-005, 0.00157845928334, -0.000432502187323, -0.000204040392418, 0.000731727166567, -0.000959728495218, -0.00358919240534, 0.0110905570909, -0.0071615409106, 0.00191125576384, 0.00260406732559, -0.00220876513049, 0.000232232545386], [0.000215172796743, -0.00159235903993, 0.000601094099693, 0.00026912096655, -0.00104199140333, 0.00280485115945, -0.000137918526889, -0.0071615409106, 0.0139091359451, -0.007789762225, 0.00214110012166, 0.00344286276959, -0.00149674282875], [-0.000104568767711, 0.00233411695808, -0.00104364205617, 0.000151188360178, 0.0010144043481, -0.00128547742497, 0.00217142677866, 0.00191125576384, -0.007789762225, 0.0139696542174, -0.00961810164154, 0.00280537037179, 0.00363076920621], [0.000490792852361, -0.00252294470556, 0.00177415192593, -0.000100010714959, -0.000761399802286, 0.00128294061869, -0.00175379088614, 0.00260406732559, 0.00214110012166, -0.00961810164154, 0.0162173155695, -0.0103102810681, 0.00187468680087], [-0.000271216034889, 0.00202356302179, -0.00112230423838, -1.0575899978e-005, 0.000451804051409, -0.00211380375549, 0.002794459695, -0.00220876513049, 0.00344286276959, 0.00280537037179, -0.0103102810681, 0.016931694001, -0.00741853844374], [0.000123061690829, -0.000909569847863, 0.00118465384003, 0.000664526363835, -5.57355742785e-005, -4.60109185951e-005, -0.00186295772437, 0.000232232545386, -0.00149674282875, 0.00363076920621, 0.00187468680087, -0.00741853844374, 0.0119443498552]]
    },
    "melbands": {
        "mean": [0.00116147834342, 0.00231444858946, 0.00122112734243, 0.000523168419022, 0.000208492172533, 0.000241307396209, 0.000161926378496, 0.000105270890344, 0.000271853234153, 0.000520006287843, 0.000939903431572, 0.000820059911348, 0.000261386157945, 4.85627206217e-005, 3.01131058222e-005, 2.75154488918e-005, 3.22505657095e-005, 2.76965474768e-005, 4.15502981923e-005, 1.46942593346e-005, 1.17825684356e-005, 6.93144602337e-006, 5.76792263018e-006, 4.50454763268e-006, 4.61466970592e-006, 1.77208858076e-006, 1.63199445069e-006, 1.30067576265e-006, 1.23171344057e-006, 1.27340717881e-006, 1.19299306789e-006, 9.98883251668e-007, 6.56605948279e-007, 5.36339086921e-007, 4.26556823641e-007, 2.96926145893e-007, 3.1868708561e-007, 3.0720786981e-007, 2.95103831149e-007, 2.2120521237e-007],
        "var": [3.91651292375e-006, 1.75613840838e-005, 5.10523705088e-006, 1.76842388555e-006, 6.06261551184e-007, 8.81398250385e-007, 1.47149904706e-007, 3.75247992679e-008, 6.02273075856e-007, 1.20694642192e-006, 4.48790115115e-006, 4.15256408814e-006, 5.78337846946e-007, 5.88406692259e-008, 2.20031726172e-008, 9.93886928313e-009, 6.36709174273e-009, 5.39002886768e-009, 1.35533539947e-008, 1.86555793036e-009, 5.67551061703e-010, 2.80549000697e-010, 2.96571850411e-010, 7.81941317252e-011, 2.70228922572e-010, 9.30778371044e-012, 8.03808061778e-012, 8.70245542295e-012, 8.01414490326e-012, 9.58160634168e-012, 7.47935827855e-012, 5.66391681819e-012, 2.42932995768e-012, 1.68110165545e-012, 1.21733938034e-012, 4.63826622509e-013, 5.58433019878e-013, 5.98425063843e-013, 5.48248837821e-013, 3.36955317164e-013]
    },
    "mfcc": {
        "mean": [-743.083984375, 148.480285645, -8.19783592224, 16.3134975433, 1.51221001148, 5.90325641632, 5.04014778137, 9.59540081024, 14.37748909, 10.5473003387, 1.48555898666, -6.92281723022, -7.75980424881],
        "cov": [[10978.8632813, -351.408447266, 781.270202637, 779.92791748, 233.430160522, 358.326965332, -57.5208129883, 14.2212142944, -358.699859619, -682.778869629, -475.66784668, -130.891906738, -145.295806885], [-351.408447266, 3016.04150391, 170.594436646, 352.684387207, 209.940536499, 56.3394699097, 6.94997215271, -134.084671021, -155.166275024, 6.72290086746, -69.1568832397, -24.7514743805, -33.6138916016], [781.270202637, 170.594436646, 1297.39660645, 409.55859375, 377.940582275, 263.816558838, 28.5405712128, -52.2868919373, -140.41986084, -141.299850464, 53.1833610535, 139.885574341, 5.58077812195], [779.92791748, 352.684387207, 409.55859375, 523.246398926, 257.795349121, 158.19631958, 15.6576251984, -30.2312889099, -59.1344413757, -46.5584411621, 19.7274093628, 65.1986083984, -8.05099773407], [233.430160522, 209.940536499, 377.940582275, 257.795349121, 340.794006348, 182.774429321, 52.1883888245, -21.6177158356, -79.2914810181, -73.3203048706, 4.77298402786, 69.7259902954, 59.6280059814], [358.326965332, 56.3394699097, 263.816558838, 158.19631958, 182.774429321, 238.747375488, 111.882827759, 15.7337369919, -63.9919090271, -110.19568634, -46.6704750061, 30.9106903076, 42.725227356], [-57.5208129883, 6.94997215271, 28.5405712128, 15.6576251984, 52.1883888245, 111.882827759, 218.112915039, 168.277679443, 58.2689437866, -60.3317565918, -130.827865601, -97.468460083, 17.3635940552], [14.2212142944, -134.084671021, -52.2868919373, -30.2312889099, -21.6177158356, 15.7337369919, 168.277679443, 387.68145752, 258.326416016, 11.9806852341, -182.464767456, -248.966705322, -97.3667068481], [-358.699859619, -155.166275024, -140.41986084, -59.1344413757, -79.2914810181, -63.9919090271, 58.2689437866, 258.326416016, 359.876800537, 189.212722778, -43.6458854675, -188.839859009, -124.742263794], [-682.778869629, 6.72290086746, -141.299850464, -46.5584411621, -73.3203048706, -110.19568634, -60.3317565918, 11.9806852341, 189.212722778, 307.419372559, 189.858108521, 0.24161440134, -76.5884094238], [-475.66784668, -69.1568832397, 53.1833610535, 19.7274093628, 4.77298402786, -46.6704750061, -130.827865601, -182.464767456, -43.6458854675, 189.858108521, 390.37310791, 250.938781738, -15.3320055008], [-130.891906738, -24.7514743805, 139.885574341, 65.1986083984, 69.7259902954, 30.9106903076, -97.468460083, -248.966705322, -188.839859009, 0.24161440134, 250.938781738, 359.380371094, 130.001815796], [-145.295806885, -33.6138916016, 5.58077812195, -8.05099773407, 59.6280059814, 42.725227356, 17.3635940552, -97.3667068481, -124.742263794, -76.5884094238, -15.3320055008, 130.001815796, 246.33694458]],
        "icov": [[0.000135828275234, 4.29881874879e-005, -7.75066746428e-006, -0.000236245585256, 0.000148185412399, -0.000170854487806, 0.000262889952864, -8.00038906164e-005, 0.000111437228043, 0.000162323005497, 0.000150991952978, 3.83119504477e-006, 0.000136320712045], [4.29881874879e-005, 0.000436486414401, 2.63466426986e-005, -0.000320520019159, -0.000186895456864, 0.000149952320498, -0.000130751024699, 0.000116139301099, 0.000590746698435, -0.000615336408373, 0.00058205681853, -4.86288408865e-005, 0.000317921105307], [-7.75066746428e-006, 2.63466426986e-005, 0.00133501377422, -0.000373048620531, -0.000890672265086, -0.000563957088161, 0.000335165939759, -0.00020263249462, -1.4294379298e-006, 0.000447435333626, -0.000223201728659, -0.000286146940198, 0.000441785348812], [-0.000236245585256, -0.000320520019159, -0.000373048620531, 0.00400202581659, -0.00212236051448, -0.000614392803982, 0.00024475614191, -2.10038924706e-005, -0.000272394681815, -0.000644643558189, 0.000348425790435, -0.000794998952188, 0.000653787748888], [0.000148185412399, -0.000186895456864, -0.000890672265086, -0.00212236051448, 0.0077200718224, -0.00392842711881, 0.00106612360105, -0.000977816293016, 0.000650255940855, -0.000208642304642, -0.000538522086572, 0.000557242135983, -0.00169946230017], [-0.000170854487806, 0.000149952320498, -0.000563957088161, -0.000614392803982, -0.00392842711881, 0.0121567873284, -0.00671813543886, 0.00243891775608, -0.00149974960368, 0.00293097365648, -0.00098728260491, -0.000419872871134, 0.000504283700138], [0.000262889952864, -0.000130751024699, 0.000335165939759, 0.00024475614191, 0.00106612360105, -0.00671813543886, 0.0127234729007, -0.00627030339092, 0.00228915479966, -0.00146668695379, 0.00170247780625, -5.54033576918e-005, -0.00149206654169], [-8.00038906164e-005, 0.000116139301099, -0.00020263249462, -2.10038924706e-005, -0.000977816293016, 0.00243891775608, -0.00627030339092, 0.0121932923794, -0.00871013104916, 0.00518057728186, -0.00171165715437, 0.00324847665615, 0.000426808634074], [0.000111437228043, 0.000590746698435, -1.4294379298e-006, -0.000272394681815, 0.000650255940855, -0.00149974960368, 0.00228915479966, -0.00871013104916, 0.0155673930421, -0.0116864359006, 0.0051653413102, -0.00140244851355, 0.00194743275642], [0.000162323005497, -0.000615336408373, 0.000447435333626, -0.000644643558189, -0.000208642304642, 0.00293097365648, -0.00146668695379, 0.00518057728186, -0.0116864359006, 0.0177658013999, -0.0111659886315, 0.00540311634541, -0.00226697186008], [0.000150991952978, 0.00058205681853, -0.000223201728659, 0.000348425790435, -0.000538522086572, -0.00098728260491, 0.00170247780625, -0.00171165715437, 0.0051653413102, -0.0111659886315, 0.0153673198074, -0.0103185735643, 0.00523601518944], [3.83119504477e-006, -4.86288408865e-005, -0.000286146940198, -0.000794998952188, 0.000557242135983, -0.000419872871134, -5.54033576918e-005, 0.00324847665615, -0.00140244851355, 0.00540311634541, -0.0103185735643, 0.0137323653325, -0.00571769522503], [0.000136320712045, 0.000317921105307, 0.000441785348812, 0.000653787748888, -0.00169946230017, 0.000504283700138, -0.00149206654169, 0.000426808634074, 0.00194743275642, -0.00226697186008, 0.00523601518944, -0.00571769522503, 0.0084170838818]]
    },
    "spectral_contrast_coeffs": {
        "mean": [-0.662243068218, -0.728947758675, -0.670284450054, -0.740809381008, -0.78279787302, -0.781163275242],
        "var": [0.0136971930042, 0.0118513647467, 0.0220243036747, 0.00768883991987, 0.00469549652189, 0.00129473488778]
    },
    "spectral_contrast_valleys": {
        "mean": [-7.9835190773, -7.67365074158, -8.13696479797, -8.67332839966, -8.92704200745, -11.5577135086],
        "var": [2.44937586784, 1.87413764, 1.55022490025, 1.46680986881, 2.0379846096, 2.53924775124]
    }
},
"metadata": {
    "audio_properties": {
        "analysis_sample_rate": 44100,
        "bit_rate": 128074,
        "equal_loudness": 0,
        "length": 45.0612258911,
        "lossless": 0,
        "replay_gain": -5.52254486084,
        "sample_rate": 44100,
        "codec": "mp3",
        "downmix": "mix",
        "md5_encoded": "854c0e37077a3755d218972a0a2680d2"
    },
    "tags": {
        "file_name": "1744.mp3"
    },
    "version": {
        "essentia": "2.1-beta2",
        "essentia_git_sha": "v2.1_beta2",
        "extractor": "music 1.0"
    }
},
"rhythm": {
    "beats_count": 84,
    "beats_loudness": {
        "mean": 0.0398319736123,
        "var": 0.000538926979061
    },
    "bpm": 115.328819275,
    "bpm_histogram_first_peak_bpm": {
        "mean": 115,
        "var": 0
    },
    "bpm_histogram_first_peak_spread": {
        "mean": 0.56451612711,
        "var": 0
    },
    "bpm_histogram_first_peak_weight": {
        "mean": 0.325301200151,
        "var": 0
    },
    "bpm_histogram_second_peak_bpm": {
        "mean": 108,
        "var": 0
    },
    "bpm_histogram_second_peak_spread": {
        "mean": 0.0999999940395,
        "var": 0
    },
    "bpm_histogram_second_peak_weight": {
        "mean": 0.108433738351,
        "var": 0
    },
    "danceability": 1.15995132923,
    "onset_rate": 3.77094459534,
    "beats_loudness_band_ratio": {
        "mean": [0.370843827724, 0.0994054600596, 0.266876071692, 0.218785941601, 0.0438088215888, 0.0518858842552],
        "var": [0.112671375275, 0.0147658120841, 0.0858656167984, 0.0813290253282, 0.00175970315468, 0.0107693392783]
    },
    "beats_position": [0.580498874187, 1.17260766029, 1.764716506, 2.38004541397, 2.97215414047, 3.52943301201, 4.08671188354, 4.62077093124, 5.15482997894, 5.71210861206, 6.26938772202, 6.82666635513, 7.38394546509, 7.95283412933, 8.51011276245, 9.02095222473, 9.52018165588, 10.0194101334, 10.5186395645, 11.017868042, 11.5403175354, 12.1208162308, 12.6780948639, 13.235373497, 13.7462129593, 14.268661499, 14.7911109924, 15.301949501, 15.8360090256, 16.3584575653, 16.8809070587, 17.4033565521, 17.9258041382, 18.4366436005, 18.970703125, 19.5047607422, 20.0156002045, 20.5264396667, 21.037279129, 21.548116684, 22.0473461151, 22.5697956085, 23.0806350708, 23.5914726257, 24.1139221191, 24.6247615814, 25.1356010437, 25.6580486298, 26.168888092, 26.6797275543, 27.2021770477, 27.7246246338, 28.2238540649, 28.7463035583, 29.2687530518, 29.7912006378, 30.3020401001, 30.8128795624, 31.3469390869, 31.869386673, 32.391834259, 32.9026756287, 33.4251251221, 33.9475746155, 34.4584121704, 34.9692497253, 35.4916992188, 36.0141487122, 36.5249862671, 37.0358276367, 37.5466651917, 38.0807266235, 38.6147842407, 39.1488418579, 39.6712913513, 40.1937408447, 40.7277984619, 41.2386398315, 41.7726974487, 42.3067550659, 42.8292045593, 43.3516540527, 43.8741035461, 44.3965530396]
},
"tonal": {
    "chords_changes_rate": 0.0771604925394,
    "chords_number_rate": 0.0185185186565,
    "chords_strength": {
        "mean": 0.469276219606,
        "var": 0.0113751450554
    },
    "hpcp_entropy": {
        "mean": 1.74454331398,
        "var": 0.458644121885
    },
    "key_strength": 0.385482758284,
    "tuning_diatonic_strength": 0.327190846205,
    "tuning_equal_tempered_deviation": 0.0584893077612,
    "tuning_frequency": 442.03793335,
    "tuning_nontempered_energy_ratio": 0.748469233513,
    "hpcp": {
        "mean": [0.179178118706, 0.133055180311, 0.112271338701, 0.161398559809, 0.114974759519, 0.0650049522519, 0.0774959847331, 0.0689991787076, 0.0780753418803, 0.0948757976294, 0.0818786174059, 0.0865301266313, 0.0873455628753, 0.0555791705847, 0.0568798333406, 0.0742696374655, 0.0570709072053, 0.0671873986721, 0.0861872583628, 0.0655844584107, 0.0900934189558, 0.12133154273, 0.105477243662, 0.122196152806, 0.135541811585, 0.0889663249254, 0.0692486315966, 0.0775922834873, 0.0758628770709, 0.178228035569, 0.255938500166, 0.147225990891, 0.0732118487358, 0.0851650238037, 0.0812769681215, 0.124819010496],
        "var": [0.10730496794, 0.0608926303685, 0.0433781892061, 0.100424669683, 0.0558881089091, 0.0263745859265, 0.0436128228903, 0.0293165761977, 0.0333792418242, 0.0499540455639, 0.0363784134388, 0.0469314530492, 0.0492872670293, 0.0180676989257, 0.0199637636542, 0.0352223031223, 0.0206923931837, 0.0313229672611, 0.0526256486773, 0.0224611777812, 0.0412677936256, 0.0619501955807, 0.044450391084, 0.0522526018322, 0.0734503418207, 0.0352089516819, 0.030026121065, 0.0453385673463, 0.0312848947942, 0.0781318768859, 0.145065486431, 0.0526205524802, 0.0271037984639, 0.043109934777, 0.0345569886267, 0.0546426698565]
    },
    "chords_histogram": [12.8600826263, 2.77777767181, 2.05761313438, 0.308641970158, 0.514403283596, 1.64609050751, 4.83539104462, 0, 2.26337456703, 1.23456788063, 3.80658435822, 0, 2.16049385071, 0, 4.01234579086, 1.64609050751, 0.514403283596, 6.17283964157, 8.53909492493, 11.4197530746, 1.33744859695, 7.20164632797, 6.89300394058, 17.7983531952],
    "thpcp": [1, 0.57523971796, 0.286052495241, 0.332755804062, 0.317564457655, 0.487691432238, 0.700082719326, 0.519871711731, 0.438665300608, 0.630614638329, 0.449228078127, 0.253986597061, 0.302791416645, 0.269592821598, 0.305055081844, 0.370697647333, 0.31991520524, 0.3380895257, 0.341275602579, 0.217158302665, 0.222240239382, 0.29018548131, 0.222986802459, 0.262513846159, 0.336749881506, 0.256250858307, 0.352011978626, 0.474065214396, 0.412119477987, 0.477443426847, 0.529587447643, 0.347608208656, 0.270567476749, 0.303167700768, 0.296410560608, 0.696370542049],
    "chords_key": "A",
    "chords_scale": "minor",
    "key_key": "C",
    "key_scale": "major"
}
}