{
"lowlevel": {
    "average_loudness": 0.475757777691,
    "barkbands_crest": {
        "mean": 13.27414608,
        "var": 22.5668869019
    },
    "barkbands_flatness_db": {
        "mean": 0.248145505786,
        "var": 0.00598810240626
    },
    "barkbands_kurtosis": {
        "mean": 23.9195232391,
        "var": 1623.99755859
    },
    "barkbands_skewness": {
        "mean": 2.68568873405,
        "var": 3.57242584229
    },
    "barkbands_spread": {
        "mean": 9.05937862396,
        "var": 179.917922974
    },
    "dissonance": {
        "mean": 0.406039357185,
        "var": 0.00236627156846
    },
    "dynamic_complexity": 4.76391553879,
    "erbbands_crest": {
        "mean": 14.436882019,
        "var": 41.2028617859
    },
    "erbbands_flatness_db": {
        "mean": 0.230225250125,
        "var": 0.00479769986123
    },
    "erbbands_kurtosis": {
        "mean": 9.27007675171,
        "var": 268.630218506
    },
    "erbbands_skewness": {
        "mean": 2.05449008942,
        "var": 2.36395835876
    },
    "erbbands_spread": {
        "mean": 24.5239810944,
        "var": 641.304199219
    },
    "hfc": {
        "mean": 13.8931779861,
        "var": 619.214782715
    },
    "melbands_crest": {
        "mean": 17.4072818756,
        "var": 28.2655277252
    },
    "melbands_flatness_db": {
        "mean": 0.33591529727,
        "var": 0.00726544018835
    },
    "melbands_kurtosis": {
        "mean": 34.4967269897,
        "var": 2545.80297852
    },
    "melbands_skewness": {
        "mean": 3.01292920113,
        "var": 4.82075977325
    },
    "melbands_spread": {
        "mean": 7.08057403564,
        "var": 52.5568962097
    },
    "pitch_salience": {
        "mean": 0.500233471394,
        "var": 0.0230164397508
    },
    "silence_rate_20dB": {
        "mean": 1,
        "var": 0
    },
    "silence_rate_30dB": {
        "mean": 0.970133900642,
        "var": 0.0289741326123
    },
    "silence_rate_60dB": {
        "mean": 0.158084452152,
        "var": 0.133095413446
    },
    "spectral_centroid": {
        "mean": 498.403808594,
        "var": 146345.015625
    },
    "spectral_complexity": {
        "mean": 7.50926876068,
        "var": 17.8647632599
    },
    "spectral_decrease": {
        "mean": -6.24339069333e-009,
        "var": 5.87190569084e-017
    },
    "spectral_energy": {
        "mean": 0.0248241294175,
        "var": 0.000901336199604
    },
    "spectral_energyband_high": {
        "mean": 0.00049609207781,
        "var": 3.60134799848e-006
    },
    "spectral_energyband_low": {
        "mean": 0.00769696105272,
        "var": 0.000302908098092
    },
    "spectral_energyband_middle_high": {
        "mean": 0.00170484138653,
        "var": 1.98683519557e-005
    },
    "spectral_energyband_middle_low": {
        "mean": 0.0172327198088,
        "var": 0.000395125476643
    },
    "spectral_entropy": {
        "mean": 6.50707769394,
        "var": 0.553079664707
    },
    "spectral_flux": {
        "mean": 0.0643933266401,
        "var": 0.00196044403128
    },
    "spectral_kurtosis": {
        "mean": 14.633149147,
        "var": 357.11138916
    },
    "spectral_rms": {
        "mean": 0.00428255368024,
        "var": 5.87840168009e-006
    },
    "spectral_rolloff": {
        "mean": 727.649597168,
        "var": 2449712
    },
    "spectral_skewness": {
        "mean": 2.87819218636,
        "var": 1.82078921795
    },
    "spectral_spread": {
        "mean": 4762456.5,
        "var": 1.0028538921e+013
    },
    "spectral_strongpeak": {
        "mean": 1.21015453339,
        "var": 1.93180155754
    },
    "zerocrossingrate": {
        "mean": 0.0343896336854,
        "var": 0.00131846568547
    },
    "barkbands": {
        "mean": [0.00102821167093, 0.000659504556097, 0.00375191774219, 0.00335450307466, 0.00446395250037, 0.00308121764101, 0.00222908658907, 0.00273645226844, 0.0012344578281, 0.000307379028527, 0.000140126401675, 0.00081216939725, 9.35405187192e-005, 8.34988823044e-005, 0.000212281374843, 2.39531818806e-005, 2.84174966509e-005, 4.04011188948e-005, 3.52535789716e-005, 2.80908789136e-005, 2.81014781649e-005, 2.93059256364e-005, 3.52101487806e-005, 3.28450914822e-005, 0.000253526261076, 9.69633038039e-005, 3.79067137146e-006],
        "var": [2.35254065046e-005, 4.859227829e-006, 9.40713434829e-005, 6.43699459033e-005, 4.74888511235e-005, 4.39854666183e-005, 3.74592273147e-005, 5.47903582628e-005, 2.36019441218e-005, 9.73312467067e-007, 3.13415824849e-007, 1.45775229612e-005, 1.26894093455e-007, 8.91991476237e-008, 3.79146968044e-007, 5.33156319094e-009, 6.95229251946e-009, 1.64468030306e-008, 1.23676020536e-008, 1.08576010405e-008, 1.19100169726e-008, 1.58840620657e-008, 2.12343209682e-008, 1.57484816299e-008, 1.01892305793e-006, 3.07067892891e-007, 5.83910919616e-010]
    },
    "erbbands": {
        "mean": [0.0329856649041, 0.143273636699, 2.47710227966, 11.6962051392, 13.1299362183, 11.8848571777, 20.1035728455, 22.7798957825, 36.3150596619, 22.7597503662, 76.9883117676, 27.6575431824, 15.4912214279, 7.34411287308, 8.39771842957, 37.0163536072, 8.2329082489, 4.41125202179, 12.0650997162, 3.80517530441, 1.56054592133, 1.50701928139, 1.98930823803, 1.99707102776, 1.70830476284, 1.3533217907, 1.12317347527, 1.16715359688, 1.04592061043, 1.02208399773, 1.01375770569, 0.68634968996, 0.64177018404, 1.79062008858, 2.36313199997, 0.615716159344, 0.153970077634, 0.0191632751375, 0.000512336904649, 4.69113911095e-005],
        "var": [0.0221966188401, 0.0741293802857, 37.1198272705, 869.79675293, 403.019317627, 388.447418213, 2070.51074219, 2526.93579102, 9141.45117188, 2931.63427734, 42921.0273438, 8544.95507813, 3602.35327148, 945.87121582, 895.562561035, 32009.7324219, 679.162475586, 120.54083252, 1175.07226563, 97.6388626099, 16.3582057953, 22.7648124695, 42.9339790344, 42.3497619629, 25.6986465454, 23.1202011108, 17.4898490906, 20.3777484894, 19.9321460724, 15.4998512268, 18.3632202148, 7.33599042892, 5.81898069382, 44.9947433472, 99.8065948486, 11.2539052963, 0.706735551357, 0.0111423870549, 7.56835015636e-006, 1.11875104736e-008]
    },
    "gfcc": {
        "mean": [-104.22908783, 133.120529175, -79.8419952393, 14.1258831024, -72.6331100464, 9.16669845581, -43.4712219238, -6.74247741699, -22.9903869629, -11.0966844559, -11.3542747498, -6.50755834579, -15.2501392365],
        "cov": [[11299.5439453, -4471.58251953, 320.901611328, 120.207763672, 523.208190918, 248.016708374, -677.503173828, 1698.1652832, -1196.43334961, 1926.83227539, -847.096069336, -4.39028692245, -290.638092041], [-4471.58251953, 2966.73388672, -428.092926025, -161.449859619, -207.950714111, -296.756652832, 347.594818115, -989.24810791, 563.39239502, -928.862182617, 478.684997559, -61.1796989441, 207.762374878], [320.901611328, -428.092926025, 843.156066895, 376.388336182, 35.8416824341, -2.21542572975, -40.1113548279, 96.5796127319, -168.123504639, -37.3082427979, -124.572570801, 27.3122882843, -32.7544746399], [120.207763672, -161.449859619, 376.388336182, 702.576782227, -29.9547977448, -51.9487838745, 13.3142404556, -74.1156387329, -25.1879062653, -141.353500366, -44.5256233215, 10.2132873535, -2.4883813858], [523.208190918, -207.950714111, 35.8416824341, -29.9547977448, 281.365875244, -35.0540962219, 8.37073898315, 135.120788574, -99.4312362671, 171.314743042, -101.659942627, -10.6847677231, -43.1568145752], [248.016708374, -296.756652832, -2.21542572975, -51.9487838745, -35.0540962219, 266.62789917, -19.3213844299, 115.236434937, 45.4080162048, 13.5351915359, -13.4840269089, -14.0397424698, -55.6209869385], [-677.503173828, 347.594818115, -40.1113548279, 13.3142404556, 8.37073898315, -19.3213844299, 206.590820313, -109.698127747, 78.1260757446, -105.628608704, 10.0004243851, -4.48116159439, 0.337829142809], [1698.1652832, -989.24810791, 96.5796127319, -74.1156387329, 135.120788574, 115.236434937, -109.698127747, 512.917236328, -164.782516479, 404.31463623, -194.828353882, -31.1800498962, -89.0501098633], [-1196.43334961, 563.39239502, -168.123504639, -25.1879062653, -99.4312362671, 45.4080162048, 78.1260757446, -164.782516479, 325.298797607, -238.925125122, 115.953033447, -57.4731445313, -1.01272284985], [1926.83227539, -928.862182617, -37.3082427979, -141.353500366, 171.314743042, 13.5351915359, -105.628608704, 404.31463623, -238.925125122, 589.604919434, -163.191589355, 15.5176525116, -68.2309112549], [-847.096069336, 478.684997559, -124.572570801, -44.5256233215, -101.659942627, -13.4840269089, 10.0004243851, -194.828353882, 115.953033447, -163.191589355, 220.739013672, 40.0418777466, 63.6597938538], [-4.39028692245, -61.1796989441, 27.3122882843, 10.2132873535, -10.6847677231, -14.0397424698, -4.48116159439, -31.1800498962, -57.4731445313, 15.5176525116, 40.0418777466, 130.417800903, 46.0539703369], [-290.638092041, 207.762374878, -32.7544746399, -2.4883813858, -43.1568145752, -55.6209869385, 0.337829142809, -89.0501098633, -1.01272284985, -68.2309112549, 63.6597938538, 46.0539703369, 116.188179016]],
        "icov": [[0.000367900269339, 7.3638788308e-005, 0.000209080433706, -0.000281653861748, 8.6780062702e-005, -0.000217558990698, 0.000434553279774, -0.000254472484812, 0.000654474657495, -0.000569737516344, 0.00029053929029, 0.000232414793572, -6.88180080033e-006], [7.3638788308e-005, 0.00262581720017, -1.44546647789e-005, 0.0010262329597, -0.000939215009566, 0.0017262478359, -0.00157936476171, 0.00223218277097, -0.00119941716548, 0.00134868128225, -0.00186917837709, 0.00209846184589, -0.00132643221878], [0.000209080433706, -1.44546647789e-005, 0.00219203182496, -0.00105654797517, 2.19701396418e-005, -8.52649100125e-005, 0.000465275224997, -0.00100377574563, 0.00155248830561, 0.000847825780511, 0.00065581232775, -0.000464604439912, 0.000677090545651], [-0.000281653861748, 0.0010262329597, -0.00105654797517, 0.00271884724498, -0.000228246237384, 0.00128706404939, -0.000963828992099, 0.00142049766146, -0.0012234847527, 0.00134733994491, -0.000435185967945, 0.000452612002846, -0.000316763296723], [8.6780062702e-005, -0.000939215009566, 2.19701396418e-005, -0.000228246237384, 0.00547911273316, 0.000374356692191, -0.000293184857583, -0.00138891884126, 0.00122336647473, -0.00135216175113, 0.00168478570413, -0.00066106003942, 0.00160409277305], [-0.000217558990698, 0.0017262478359, -8.52649100125e-005, 0.00128706404939, 0.000374356692191, 0.00695296796039, -0.0013169455342, -0.00089109147666, -0.00206826278009, 0.00267077307217, -0.00194690749049, -2.2008725864e-005, 0.00178673712071], [0.000434553279774, -0.00157936476171, 0.000465275224997, -0.000963828992099, -0.000293184857583, -0.0013169455342, 0.00796267855912, -0.000258042680798, 9.7271076811e-005, -0.00120622385293, 0.00340896425769, -0.00201624538749, 0.00128532166127], [-0.000254472484812, 0.00223218277097, -0.00100377574563, 0.00142049766146, -0.00138891884126, -0.00089109147666, -0.000258042680798, 0.00933558307588, -0.00228286790662, -0.00233162217773, 0.000913928553928, 0.00271899229847, -0.0016348544741], [0.000654474657495, -0.00119941716548, 0.00155248830561, -0.0012234847527, 0.00122336647473, -0.00206826278009, 9.7271076811e-005, -0.00228286790662, 0.00889910850674, 0.000549014133867, -0.00108017458115, 0.00201078504324, 0.00210246769711], [-0.000569737516344, 0.00134868128225, 0.000847825780511, 0.00134733994491, -0.00135216175113, 0.00267077307217, -0.00120622385293, -0.00233162217773, 0.000549014133867, 0.00769046274945, -0.00162341399118, -0.000652293150779, 0.00109281868208], [0.00029053929029, -0.00186917837709, 0.00065581232775, -0.000435185967945, 0.00168478570413, -0.00194690749049, 0.00340896425769, 0.000913928553928, -0.00108017458115, -0.00162341399118, 0.0117366593331, -0.00420502759516, -0.00109750044066], [0.000232414793572, 0.00209846184589, -0.000464604439912, 0.000452612002846, -0.00066106003942, -2.2008725864e-005, -0.00201624538749, 0.00271899229847, 0.00201078504324, -0.000652293150779, -0.00420502759516, 0.0131755191833, -0.00474260048941], [-6.88180080033e-006, -0.00132643221878, 0.000677090545651, -0.000316763296723, 0.00160409277305, 0.00178673712071, 0.00128532166127, -0.0016348544741, 0.00210246769711, 0.00109281868208, -0.00109750044066, -0.00474260048941, 0.0144811375067]]
    },
    "melbands": {
        "mean": [0.000295423495118, 0.000991028151475, 0.00191017950419, 0.000963256752584, 0.000631218485069, 0.000566077011172, 0.000535124563612, 0.000270690768957, 0.000618956517428, 0.000145800862811, 7.46161967982e-005, 2.8442722396e-005, 1.84314249054e-005, 8.74419638421e-005, 5.29165008629e-005, 1.05229510154e-005, 7.32933858671e-006, 1.90547470993e-005, 1.15254806587e-005, 1.87707712485e-006, 1.79571020453e-006, 1.74537706243e-006, 1.19251888009e-006, 2.18511422645e-006, 1.53687290094e-006, 1.33837613703e-006, 9.9387773389e-007, 9.01947714738e-007, 6.98734140769e-007, 6.58729391034e-007, 6.73533577356e-007, 5.82745315114e-007, 5.68113875943e-007, 5.75249941903e-007, 6.10802430856e-007, 4.98571296248e-007, 3.80954162438e-007, 3.57055625955e-007, 6.46637886348e-007, 1.81152825007e-006],
        "var": [1.42262820191e-006, 5.57339217266e-006, 1.75487366505e-005, 2.34036224356e-006, 1.77218009867e-006, 1.50626397044e-006, 1.84938210168e-006, 3.94228891309e-007, 2.74600620287e-006, 3.40474628047e-007, 9.48895504393e-008, 1.55801469504e-008, 6.06483885335e-009, 1.99056955807e-007, 5.72231684259e-008, 1.72911651664e-009, 5.89843784926e-010, 3.11378101081e-009, 1.32627986371e-009, 3.4066124921e-011, 2.40744715829e-011, 3.1948735324e-011, 1.65813161812e-011, 5.35835195659e-011, 3.00588651192e-011, 1.74822812476e-011, 1.16864747046e-011, 1.13502063651e-011, 6.98991645814e-012, 8.0852815762e-012, 5.930957548e-012, 6.5330462394e-012, 7.17299440331e-012, 4.89527602482e-012, 6.79233405632e-012, 5.04776992774e-012, 2.07348136057e-012, 1.68219713333e-012, 7.39627629975e-012, 4.83349645031e-011]
    },
    "mfcc": {
        "mean": [-759.020080566, 161.05241394, 43.3274307251, 9.88305187225, 0.198005348444, 1.43522691727, -7.64664030075, 0.792989194393, -13.2565603256, -7.23150682449, -1.21673858166, -5.35366630554, -1.33652043343],
        "cov": [[8324.79003906, -2435.2355957, -810.157653809, 649.674438477, 310.810668945, -364.85043335, 576.08996582, -706.106384277, 498.922821045, 472.144348145, 451.51449585, 91.4866104126, 49.6357345581], [-2435.2355957, 1719.51965332, -10.9581956863, -316.769287109, -198.775039673, 122.399551392, -224.241607666, 132.670394897, -260.267913818, -236.572341919, -218.374664307, -36.3644523621, -53.0589103699], [-810.157653809, -10.9581956863, 621.655517578, 163.68258667, 48.496181488, 68.4684295654, -30.4487228394, 170.147796631, -54.7010765076, -36.873260498, -87.056312561, -62.244178772, -30.4829101563], [649.674438477, -316.769287109, 163.68258667, 662.015991211, 87.2520523071, 25.6371250153, 61.1657905579, -34.5870513916, 26.1731529236, -0.618055462837, -20.2061061859, -35.0833396912, -58.1028327942], [310.810668945, -198.775039673, 48.496181488, 87.2520523071, 210.862518311, -30.7903251648, 39.482257843, 8.9687204361, 38.9686546326, 59.8344802856, 28.3918552399, 1.20484864712, -0.97836458683], [-364.85043335, 122.399551392, 68.4684295654, 25.6371250153, -30.7903251648, 158.229553223, -31.2817726135, 71.7680130005, -42.3356323242, -67.3912582397, -42.5709190369, -21.3566665649, -18.6866664886], [576.08996582, -224.241607666, -30.4487228394, 61.1657905579, 39.482257843, -31.2817726135, 184.098739624, -63.7170562744, 60.8179855347, 43.5286445618, 31.2714614868, -0.836178719997, 9.12738323212], [-706.106384277, 132.670394897, 170.147796631, -34.5870513916, 8.9687204361, 71.7680130005, -63.7170562744, 217.253372192, -29.9270515442, -31.0901622772, -45.0869445801, -20.115240097, -10.6166563034], [498.922821045, -260.267913818, -54.7010765076, 26.1731529236, 38.9686546326, -42.3356323242, 60.8179855347, -29.9270515442, 181.31072998, 95.8619003296, 93.5472183228, 14.5951528549, -10.4818029404], [472.144348145, -236.572341919, -36.873260498, -0.618055462837, 59.8344802856, -67.3912582397, 43.5286445618, -31.0901622772, 95.8619003296, 183.950546265, 101.214485168, 19.7570800781, 12.3229207993], [451.51449585, -218.374664307, -87.056312561, -20.2061061859, 28.3918552399, -42.5709190369, 31.2714614868, -45.0869445801, 93.5472183228, 101.214485168, 162.719299316, 57.3108329773, 24.642698288], [91.4866104126, -36.3644523621, -62.244178772, -35.0833396912, 1.20484864712, -21.3566665649, -0.836178719997, -20.115240097, 14.5951528549, 19.7570800781, 57.3108329773, 95.4290390015, 42.4496765137], [49.6357345581, -53.0589103699, -30.4829101563, -58.1028327942, -0.97836458683, -18.6866664886, 9.12738323212, -10.6166563034, -10.4818029404, 12.3229207993, 24.642698288, 42.4496765137, 94.0165023804]],
        "icov": [[0.000351956492523, 0.000346902874298, 0.000364826206351, -0.000193083833437, -9.6642113931e-005, 5.52929814148e-005, -0.000311067764414, 0.000488087564008, 1.58548300533e-006, -0.000158212191309, -6.79092117934e-005, 0.000106632993266, 9.47906373767e-005], [0.000346902874298, 0.00139481981751, 0.000532354169991, 0.000209130201256, 0.00028614551411, -5.82297689107e-005, 0.000207888006116, 0.000231832425925, 0.000767165212892, 0.000109594751848, 0.000624958018307, -0.00027383962879, 0.000934280105866], [0.000364826206351, 0.000532354169991, 0.00286715757102, -0.000775058113504, -0.000308680842863, 7.4475297879e-005, -0.000362841965398, -0.00141888216604, 0.000595453311689, -0.00037224200787, 0.000477956520626, 0.000828461314086, 6.08843474765e-005], [-0.000193083833437, 0.000209130201256, -0.000775058113504, 0.00222872686572, -0.000534531718586, -0.000635589531157, -2.75545080513e-005, 0.000612890580669, 2.3868669814e-005, 0.00033848331077, 0.000491497921757, -0.000366670719814, 0.00128105201293], [-9.6642113931e-005, 0.00028614551411, -0.000308680842863, -0.000534531718586, 0.00605801166967, 0.000904223881662, -0.000580943655223, -0.00119541550521, 0.000240757755819, -0.00133743032347, 0.000134546062327, -0.000273305166047, 0.000236532810959], [5.52929814148e-005, -5.82297689107e-005, 7.4475297879e-005, -0.000635589531157, 0.000904223881662, 0.00909878313541, -0.000273890356766, -0.00272911111824, 0.000652284477837, 0.00260150106624, -0.00118473474868, 0.000937805743888, 0.0007244211738], [-0.000311067764414, 0.000207888006116, -0.000362841965398, -2.75545080513e-005, -0.000580943655223, -0.000273890356766, 0.00771254627034, 0.00145562854595, -0.00180588918738, -3.63076578651e-005, 0.000876071804669, 0.00077553949086, -0.001274358714], [0.000488087564008, 0.000231832425925, -0.00141888216604, 0.000612890580669, -0.00119541550521, -0.00272911111824, 0.00145562854595, 0.00857100449502, -0.00114323862363, -0.000670837238431, 0.000983749399893, -3.63400467904e-005, -0.000217420805711], [1.58548300533e-006, 0.000767165212892, 0.000595453311689, 2.3868669814e-005, 0.000240757755819, 0.000652284477837, -0.00180588918738, -0.00114323862363, 0.0105704795569, -0.00215880991891, -0.00380769418553, 0.000291652744636, 0.0031461105682], [-0.000158212191309, 0.000109594751848, -0.00037224200787, 0.00033848331077, -0.00133743032347, 0.00260150106624, -3.63076578651e-005, -0.000670837238431, -0.00215880991891, 0.0108564607799, -0.00489893369377, 0.00178964622319, -0.00052284944104], [-6.79092117934e-005, 0.000624958018307, 0.000477956520626, 0.000491497921757, 0.000134546062327, -0.00118473474868, 0.000876071804669, 0.000983749399893, -0.00380769418553, -0.00489893369377, 0.0148028498515, -0.00651277089491, -8.2553960965e-005], [0.000106632993266, -0.00027383962879, 0.000828461314086, -0.000366670719814, -0.000273305166047, 0.000937805743888, 0.00077553949086, -3.63400467904e-005, 0.000291652744636, 0.00178964622319, -0.00651277089491, 0.0172006040812, -0.00632596341893], [9.47906373767e-005, 0.000934280105866, 6.08843474765e-005, 0.00128105201293, 0.000236532810959, 0.0007244211738, -0.001274358714, -0.000217420805711, 0.0031461105682, -0.00052284944104, -8.2553960965e-005, -0.00632596341893, 0.0154678877443]]
    },
    "spectral_contrast_coeffs": {
        "mean": [-0.558979690075, -0.675460398197, -0.777235388756, -0.788938164711, -0.815220952034, -0.790629386902],
        "var": [0.00926048308611, 0.0115000158548, 0.00749316904694, 0.00564880250022, 0.00130962906405, 0.00203505973332]
    },
    "spectral_contrast_valleys": {
        "mean": [-7.96222066879, -7.11576795578, -8.13589572906, -9.1735830307, -9.38971233368, -11.4647006989],
        "var": [0.953276693821, 0.547421276569, 0.621173918247, 0.906541585922, 1.93284440041, 2.70510172844]
    }
},
"metadata": {
    "audio_properties": {
        "analysis_sample_rate": 44100,
        "bit_rate": 128074,
        "equal_loudness": 0,
        "length": 45.0612258911,
        "lossless": 0,
        "replay_gain": -4.68083190918,
        "sample_rate": 44100,
        "codec": "mp3",
        "downmix": "mix",
        "md5_encoded": "c62f4d15ecf7d759338f07e05bc41f51"
    },
    "tags": {
        "file_name": "1747.mp3"
    },
    "version": {
        "essentia": "2.1-beta2",
        "essentia_git_sha": "v2.1_beta2",
        "extractor": "music 1.0"
    }
},
"rhythm": {
    "beats_count": 80,
    "beats_loudness": {
        "mean": 0.0290828701109,
        "var": 0.000908149988391
    },
    "bpm": 111.351928711,
    "bpm_histogram_first_peak_bpm": {
        "mean": 112,
        "var": 0
    },
    "bpm_histogram_first_peak_spread": {
        "mean": 0.485714286566,
        "var": 0
    },
    "bpm_histogram_first_peak_weight": {
        "mean": 0.227848097682,
        "var": 0
    },
    "bpm_histogram_second_peak_bpm": {
        "mean": 101,
        "var": 0
    },
    "bpm_histogram_second_peak_spread": {
        "mean": 0.466666638851,
        "var": 0
    },
    "bpm_histogram_second_peak_weight": {
        "mean": 0.101265825331,
        "var": 0
    },
    "danceability": 0.990626454353,
    "onset_rate": 3.92621874809,
    "beats_loudness_band_ratio": {
        "mean": [0.452723175287, 0.357405632734, 0.237772390246, 0.0410141050816, 0.0118790445849, 0.0185396987945],
        "var": [0.0846301242709, 0.0721034780145, 0.0572754517198, 0.00243008765392, 0.00046226469567, 0.0015278008068]
    },
    "beats_position": [0.638548731804, 1.25387752056, 1.8575963974, 2.47292518616, 3.08825397491, 3.70358276367, 4.31891155243, 4.91102027893, 5.50312900543, 6.09523820877, 6.68734693527, 7.27945566177, 7.83673477173, 8.38240337372, 8.91646194458, 9.45052146912, 9.98458003998, 10.5186395645, 11.0526981354, 11.5867567062, 12.1208162308, 12.6548748016, 13.1889343262, 13.722992897, 14.2570514679, 14.8027210236, 15.3599996567, 15.9172782898, 16.4629478455, 17.0086174011, 17.5542850494, 18.0070743561, 18.4714736938, 18.9242630005, 19.3306121826, 19.7369613647, 20.154920578, 20.5728797913, 21.0140590668, 21.4436283112, 21.8499774933, 22.2679367065, 22.6858959198, 23.1270751953, 23.5798625946, 24.1255321503, 24.6479816437, 25.1704311371, 25.6696586609, 26.168888092, 26.6913375854, 27.2137870789, 27.747844696, 28.3399543762, 28.932062149, 29.5241718292, 30.1859397888, 30.8360996246, 31.474647522, 32.1248054504, 32.6936950684, 33.2277526855, 33.7618141174, 34.2958717346, 34.8299331665, 35.3639907837, 35.8980484009, 36.4437179565, 37.000995636, 37.5582771301, 38.1155548096, 38.7889328003, 39.462310791, 40.1473007202, 40.8322906494, 41.5172767639, 42.2022666931, 42.8872566223, 43.5838546753, 44.2804527283]
},
"tonal": {
    "chords_changes_rate": 0.0606995895505,
    "chords_number_rate": 0.0154320988804,
    "chords_strength": {
        "mean": 0.460295081139,
        "var": 0.00939278677106
    },
    "hpcp_entropy": {
        "mean": 1.8612434864,
        "var": 0.550100445747
    },
    "key_strength": 0.305269062519,
    "tuning_diatonic_strength": 0.366976737976,
    "tuning_equal_tempered_deviation": 0.195031300187,
    "tuning_frequency": 440.508636475,
    "tuning_nontempered_energy_ratio": 0.828769981861,
    "hpcp": {
        "mean": [0.0851639360189, 0.147636592388, 0.123124927282, 0.0720646083355, 0.0641695484519, 0.0504530407488, 0.0430910438299, 0.0582031011581, 0.0866395458579, 0.0853213369846, 0.101041302085, 0.267807006836, 0.400961101055, 0.259869426489, 0.135973095894, 0.113111510873, 0.0798356384039, 0.108413822949, 0.134584054351, 0.107415802777, 0.0635916441679, 0.0389356315136, 0.0385164394975, 0.0506500378251, 0.0405676290393, 0.0297742374241, 0.0336617566645, 0.0470869168639, 0.0878889560699, 0.189262896776, 0.273359358311, 0.205398365855, 0.106797873974, 0.0687176585197, 0.0458684228361, 0.0447141230106],
        "var": [0.0254988968372, 0.0708064883947, 0.0525445342064, 0.0293018613011, 0.0349855832756, 0.020456654951, 0.0169327799231, 0.0190686397254, 0.0384695455432, 0.0371311865747, 0.0387898944318, 0.0978510528803, 0.165331840515, 0.0833320021629, 0.0680099725723, 0.0648488104343, 0.0298402495682, 0.0527398921549, 0.0582380034029, 0.0393779352307, 0.0269272979349, 0.0116144297644, 0.0107003124431, 0.0169298890978, 0.00946457590908, 0.00966504309326, 0.017745103687, 0.017163047567, 0.0429646745324, 0.0768796503544, 0.140066981316, 0.082656852901, 0.0449308156967, 0.0220901872963, 0.011495931074, 0.0121741360053]
    },
    "chords_histogram": [2.77777767181, 0, 4.83539104462, 3.90946507454, 0, 3.70370364189, 5.76131677628, 10.2880659103, 0, 6.58436203003, 10.9053497314, 0, 3.08641982079, 0, 0, 0, 4.42386817932, 7.61316871643, 0, 13.4773664474, 13.3744859695, 0.925925910473, 5.76131677628, 2.57201647758],
    "thpcp": [1, 0.648116290569, 0.339117914438, 0.282100945711, 0.199110686779, 0.27038487792, 0.335653632879, 0.267895817757, 0.158598035574, 0.097105756402, 0.0960602909327, 0.126321569085, 0.101175971329, 0.0742571726441, 0.0839526727796, 0.117435127497, 0.219195723534, 0.472023099661, 0.681760311127, 0.512265086174, 0.266354709864, 0.17138235271, 0.114396192133, 0.111517362297, 0.212399497628, 0.368206769228, 0.307074487209, 0.179729670286, 0.160039335489, 0.125830262899, 0.107469387352, 0.145158976316, 0.216079682112, 0.212792053819, 0.251997768879, 0.667912662029],
    "chords_key": "G",
    "chords_scale": "major",
    "key_key": "C#",
    "key_scale": "minor"
}
}