{
"lowlevel": {
    "average_loudness": 0.958375811577,
    "barkbands_crest": {
        "mean": 11.466132164,
        "var": 14.2899827957
    },
    "barkbands_flatness_db": {
        "mean": 0.22148950398,
        "var": 0.00574965868145
    },
    "barkbands_kurtosis": {
        "mean": 12.6631364822,
        "var": 258.522094727
    },
    "barkbands_skewness": {
        "mean": 2.40411901474,
        "var": 2.63903093338
    },
    "barkbands_spread": {
        "mean": 14.7493724823,
        "var": 243.531921387
    },
    "dissonance": {
        "mean": 0.406648218632,
        "var": 0.00355480308644
    },
    "dynamic_complexity": 3.08898353577,
    "erbbands_crest": {
        "mean": 10.9869441986,
        "var": 18.7783584595
    },
    "erbbands_flatness_db": {
        "mean": 0.197380438447,
        "var": 0.00351454108022
    },
    "erbbands_kurtosis": {
        "mean": 3.72635483742,
        "var": 59.3447494507
    },
    "erbbands_skewness": {
        "mean": 1.15483880043,
        "var": 1.7068605423
    },
    "erbbands_spread": {
        "mean": 43.7155075073,
        "var": 1207.10229492
    },
    "hfc": {
        "mean": 16.1280517578,
        "var": 221.487808228
    },
    "melbands_crest": {
        "mean": 15.5464000702,
        "var": 26.231595993
    },
    "melbands_flatness_db": {
        "mean": 0.298313766718,
        "var": 0.0101863536984
    },
    "melbands_kurtosis": {
        "mean": 32.7275161743,
        "var": 1533.44372559
    },
    "melbands_skewness": {
        "mean": 3.67042398453,
        "var": 5.35709190369
    },
    "melbands_spread": {
        "mean": 14.1093683243,
        "var": 677.951843262
    },
    "pitch_salience": {
        "mean": 0.565656244755,
        "var": 0.0119598386809
    },
    "silence_rate_20dB": {
        "mean": 1,
        "var": 0
    },
    "silence_rate_30dB": {
        "mean": 0.996910393238,
        "var": 0.00308004487306
    },
    "silence_rate_60dB": {
        "mean": 0.0782698243856,
        "var": 0.0721435695887
    },
    "spectral_centroid": {
        "mean": 795.803100586,
        "var": 617216.0625
    },
    "spectral_complexity": {
        "mean": 10.0669412613,
        "var": 40.0491409302
    },
    "spectral_decrease": {
        "mean": -8.22912493703e-009,
        "var": 3.8661333261e-017
    },
    "spectral_energy": {
        "mean": 0.0325214341283,
        "var": 0.00058414041996
    },
    "spectral_energyband_high": {
        "mean": 0.0006885221228,
        "var": 1.7002784034e-006
    },
    "spectral_energyband_low": {
        "mean": 0.0111772790551,
        "var": 0.000264502741629
    },
    "spectral_energyband_middle_high": {
        "mean": 0.00219906843267,
        "var": 1.53864057211e-005
    },
    "spectral_energyband_middle_low": {
        "mean": 0.0190718565136,
        "var": 0.000218850545934
    },
    "spectral_entropy": {
        "mean": 6.85835313797,
        "var": 0.669709682465
    },
    "spectral_flux": {
        "mean": 0.0922755226493,
        "var": 0.00295263668522
    },
    "spectral_kurtosis": {
        "mean": 8.61418533325,
        "var": 166.084884644
    },
    "spectral_rms": {
        "mean": 0.00514626968652,
        "var": 5.24414781466e-006
    },
    "spectral_rolloff": {
        "mean": 990.359985352,
        "var": 3032954.25
    },
    "spectral_skewness": {
        "mean": 2.0510597229,
        "var": 1.86799788475
    },
    "spectral_spread": {
        "mean": 5461177.5,
        "var": 1.06284669993e+013
    },
    "spectral_strongpeak": {
        "mean": 0.931502461433,
        "var": 0.912491738796
    },
    "zerocrossingrate": {
        "mean": 0.0491383932531,
        "var": 0.00235895439982
    },
    "barkbands": {
        "mean": [0.000423410703661, 0.00453305710107, 0.00573198031634, 0.00173860683572, 0.00830182339996, 0.00415648845956, 0.00205111247487, 0.00127871776931, 0.00117700535338, 0.000592886062805, 0.000185454409802, 9.79845790425e-005, 0.000151229120092, 0.000385094346711, 0.000340771104675, 0.000164754761499, 0.00010673689394, 0.00022250834445, 9.75528528215e-005, 0.000170712504769, 7.33465931262e-005, 0.000173950058524, 9.59805984166e-005, 0.00016988995776, 9.2145812232e-005, 8.1196467363e-006, 1.42111460377e-007],
        "var": [1.31116496505e-006, 4.01222896471e-005, 0.000104035221739, 1.08045333036e-005, 6.30758950138e-005, 1.97870322154e-005, 3.23194617522e-005, 1.61330972333e-005, 9.59073713602e-006, 3.98479733121e-006, 1.86446712291e-007, 1.36500574399e-007, 2.18736914803e-007, 1.40122790526e-006, 1.27613748191e-006, 4.40395211854e-007, 6.43615507556e-008, 2.97351533618e-007, 8.47546672844e-008, 2.7958756732e-007, 8.56325641507e-008, 1.80981615472e-007, 4.1155221453e-008, 1.50689317024e-007, 5.30181658576e-008, 3.62641500162e-010, 1.76919825903e-013]
    },
    "erbbands": {
        "mean": [0.0588016398251, 1.31516039371, 6.88545608521, 5.17043733597, 14.6388578415, 29.4437561035, 38.305644989, 31.1996479034, 31.5995578766, 34.3865585327, 22.439994812, 27.2007637024, 25.6471309662, 9.66410160065, 6.9610748291, 4.84435606003, 7.13487291336, 19.1640090942, 21.099729538, 11.5793762207, 6.65268659592, 6.42143630981, 12.242939949, 6.72502088547, 6.74376010895, 8.43399047852, 3.22148752213, 3.44916844368, 5.87177848816, 4.93608427048, 2.65589046478, 3.60444283485, 2.72180128098, 1.52951860428, 0.332142442465, 0.0641649067402, 0.0105472346768, 0.000953256618232, 4.51327905466e-005, 4.00592871301e-005],
        "var": [0.0195757281035, 3.37139940262, 131.271743774, 81.2592544556, 323.812774658, 947.220397949, 1916.37780762, 1527.48327637, 5645.12988281, 13438.3369141, 2973.15917969, 5837.73339844, 8427.57226563, 501.850646973, 301.644287109, 273.168182373, 419.265808105, 3767.13354492, 3942.43017578, 1179.30249023, 631.299316406, 214.822387695, 795.23449707, 384.306549072, 539.432128906, 627.40222168, 149.200271606, 131.04284668, 208.023834229, 149.759796143, 29.4575328827, 62.4470558167, 42.9558830261, 14.8969345093, 0.722014665604, 0.0219191517681, 0.000712294364348, 8.15044677438e-006, 5.01618924176e-009, 8.20447487726e-010]
    },
    "gfcc": {
        "mean": [-59.0591659546, 109.312057495, -76.5405349731, 34.6363296509, -73.4593276978, 9.78409767151, -48.7216720581, -2.15312361717, -24.3598918915, -4.93282556534, -11.2257261276, -4.68031167984, -8.59600353241],
        "cov": [[8464.44433594, -76.679359436, -1752.49304199, 347.372833252, -1082.69641113, 116.43245697, -255.788894653, 287.508850098, 204.598709106, -33.7840156555, 130.179656982, -414.354370117, 39.8301506042], [-76.679359436, 2202.19042969, -71.7111587524, -541.565673828, 749.597045898, -514.08416748, 177.64956665, -83.6989212036, 125.196411133, -253.02986145, 199.616607666, -108.415603638, -48.6402664185], [-1752.49304199, -71.7111587524, 2243.01049805, 516.264099121, 53.1687202454, 520.777832031, 33.9195899963, -186.418319702, -203.735031128, 74.6888656616, -210.352432251, 191.384933472, 113.813919067], [347.372833252, -541.565673828, 516.264099121, 1021.24615479, 140.353088379, 154.995300293, -65.546081543, 10.0413770676, 105.121040344, 42.4307136536, -93.6644058228, -3.83756113052, 51.7832603455], [-1082.69641113, 749.597045898, 53.1687202454, 140.353088379, 988.07623291, -284.761871338, 16.6767539978, 93.3844146729, 165.952911377, -93.4782028198, 25.7567272186, -32.5020370483, -56.6993560791], [116.43245697, -514.08416748, 520.777832031, 154.995300293, -284.761871338, 529.338378906, 34.5968780518, -10.0176820755, -83.6013183594, 94.1951217651, -91.1888275146, 35.1455230713, 40.9770469666], [-255.788894653, 177.64956665, 33.9195899963, -65.546081543, 16.6767539978, 34.5968780518, 255.841583252, 1.8940256834, -57.2950401306, -16.5968914032, 20.1995277405, 15.053940773, -19.2571563721], [287.508850098, -83.6989212036, -186.418319702, 10.0413770676, 93.3844146729, -10.0176820755, 1.8940256834, 198.492706299, 41.026348114, 5.97500371933, -10.3852024078, -19.5303478241, -10.6378421783], [204.598709106, 125.196411133, -203.735031128, 105.121040344, 165.952911377, -83.6013183594, -57.2950401306, 41.026348114, 200.422729492, 7.83465385437, 18.1477680206, -36.8547973633, 1.33024716377], [-33.7840156555, -253.02986145, 74.6888656616, 42.4307136536, -93.4782028198, 94.1951217651, -16.5968914032, 5.97500371933, 7.83465385437, 152.955734253, -11.2245588303, 19.3336620331, 7.08289194107], [130.179656982, 199.616607666, -210.352432251, -93.6644058228, 25.7567272186, -91.1888275146, 20.1995277405, -10.3852024078, 18.1477680206, -11.2245588303, 136.652587891, -15.1801433563, -21.7853775024], [-414.354370117, -108.415603638, 191.384933472, -3.83756113052, -32.5020370483, 35.1455230713, 15.053940773, -19.5303478241, -36.8547973633, 19.3336620331, -15.1801433563, 124.614982605, 28.3092441559], [39.8301506042, -48.6402664185, 113.813919067, 51.7832603455, -56.6993560791, 40.9770469666, -19.2571563721, -10.6378421783, 1.33024716377, 7.08289194107, -21.7853775024, 28.3092441559, 87.4259719849]],
        "icov": [[0.00056473078439, -0.00115752883721, 0.000843836984131, -0.00122990447562, 0.0013122423552, -0.000863574852701, 0.00110006716568, -0.00122678198386, 0.000760449212976, -0.000387141190004, 0.000435088470113, 9.58047385211e-005, 0.000174696921022], [-0.00115752883721, 0.0044137830846, -0.00268374290317, 0.00394698325545, -0.00357661140151, 0.00293048727326, -0.00365010648966, 0.00328668137081, -0.00337601173669, 0.00253046886064, -0.00269919657148, 0.00203950470313, -0.00144490180537], [0.000843836984131, -0.00268374290317, 0.00281923240982, -0.00285653909668, 0.0017274862621, -0.00272822822444, 0.00239551067352, -0.00117735902313, 0.00306423590519, -0.0015686765546, 0.00219371798448, -0.00181633839384, 0.000142953911563], [-0.00122990447562, 0.00394698325545, -0.00285653909668, 0.00503478758037, -0.00355226313695, 0.00251126033254, -0.00324746314436, 0.00308433687314, -0.00389997055754, 0.00197376473807, -0.00183598895092, 0.0017761089839, -0.0014611852821], [0.0013122423552, -0.00357661140151, 0.0017274862621, -0.00355226313695, 0.00536783086136, -0.00133256276604, 0.00273384945467, -0.00424998719245, 0.000924414081965, -0.000869420415256, 0.00164760986809, -0.000604140339419, 0.00212086900137], [-0.000863574852701, 0.00293048727326, -0.00272822822444, 0.00251126033254, -0.00133256276604, 0.00574683211744, -0.00319010927342, 0.00130545638967, -0.00229781866074, 0.000393601134419, -0.000864367932081, 0.00191318581346, -0.000845358998049], [0.00110006716568, -0.00365010648966, 0.00239551067352, -0.00324746314436, 0.00273384945467, -0.00319010927342, 0.00765447784215, -0.00307572586462, 0.0041053108871, -0.00144486897625, 0.00114823202603, -0.00192547694314, 0.00181723083369], [-0.00122678198386, 0.00328668137081, -0.00117735902313, 0.00308433687314, -0.00424998719245, 0.00130545638967, -0.00307572586462, 0.00945823360234, -0.00228976155631, 0.000872083299328, -0.000224500385229, 0.000457431189716, -0.001041341573], [0.000760449212976, -0.00337601173669, 0.00306423590519, -0.00389997055754, 0.000924414081965, -0.00229781866074, 0.0041053108871, -0.00228976155631, 0.0112146083266, -0.00360873900354, 0.00175438146107, -0.000942543614656, -0.000737581285648], [-0.000387141190004, 0.00253046886064, -0.0015686765546, 0.00197376473807, -0.000869420415256, 0.000393601134419, -0.00144486897625, 0.000872083299328, -0.00360873900354, 0.00984469987452, -0.00233971979469, 0.000473986554425, 1.7641687009e-005], [0.000435088470113, -0.00269919657148, 0.00219371798448, -0.00183598895092, 0.00164760986809, -0.000864367932081, 0.00114823202603, -0.000224500385229, 0.00175438146107, -0.00233971979469, 0.0115508325398, -0.00197285134345, 0.0019109552959], [9.58047385211e-005, 0.00203950470313, -0.00181633839384, 0.0017761089839, -0.000604140339419, 0.00191318581346, -0.00192547694314, 0.000457431189716, -0.000942543614656, 0.000473986554425, -0.00197285134345, 0.0128707373515, -0.00393669912592], [0.000174696921022, -0.00144490180537, 0.000142953911563, -0.0014611852821, 0.00212086900137, -0.000845358998049, 0.00181723083369, -0.001041341573, -0.000737581285648, 1.7641687009e-005, 0.0019109552959, -0.00393669912592, 0.0150401247665]]
    },
    "melbands": {
        "mean": [0.000876769598108, 0.00300086569041, 0.0011910321191, 0.00159225752577, 0.00141418830026, 0.000727411359549, 0.000468674377771, 0.000359988072887, 0.000183413430932, 0.00016559373762, 0.000122828394524, 3.77558135369e-005, 2.55902014032e-005, 1.16150085887e-005, 1.67702019098e-005, 1.56707064889e-005, 3.76521566068e-005, 3.2575095247e-005, 2.15120271605e-005, 1.3555233636e-005, 6.54362338537e-006, 5.73205261389e-006, 9.6436124295e-006, 1.07296809801e-005, 4.79488244309e-006, 4.01333318223e-006, 6.1839036789e-006, 5.48372418052e-006, 1.92842594515e-006, 1.64220659826e-006, 2.06424283533e-006, 3.1403135381e-006, 3.78961340175e-006, 2.17305500883e-006, 1.25138615203e-006, 1.92933134713e-006, 2.35958714256e-006, 2.17312731365e-006, 1.40973725138e-006, 1.22835717775e-006],
        "var": [1.85906446859e-006, 2.18184686673e-005, 2.84637462755e-006, 2.63489869212e-006, 2.26198608289e-006, 7.74484590238e-007, 1.27540806716e-006, 1.48507240283e-006, 2.02912943337e-007, 2.07874691682e-007, 2.04017240435e-007, 1.08814939281e-008, 3.96315780193e-009, 1.11385312085e-009, 5.48208811679e-009, 2.30921592959e-009, 1.50022234635e-008, 9.69697300235e-009, 5.52616485905e-009, 3.01235436595e-009, 9.0382351603e-010, 2.08428135862e-010, 4.59589977186e-010, 7.26811055785e-010, 2.40860942302e-010, 1.9062540435e-010, 4.56523402415e-010, 2.75487410661e-010, 5.31511709645e-011, 5.18376383485e-011, 4.4059835641e-011, 6.65513061326e-011, 7.65033800199e-011, 3.19591367259e-011, 7.17269299511e-012, 1.64350529713e-011, 3.06046125942e-011, 3.05635690367e-011, 1.09910032464e-011, 1.06674998696e-011]
    },
    "mfcc": {
        "mean": [-713.067993164, 135.855941772, 46.3235549927, 22.8701438904, 6.62787294388, 2.28868842125, -7.4981379509, -0.776117384434, -13.0370550156, 1.29329717159, -3.51522612572, -8.19365596771, -9.32153701782],
        "cov": [[9721.37011719, -1088.39379883, -1032.65026855, -378.924285889, -622.965576172, -559.719665527, -410.691711426, -41.4820823669, -185.233428955, 508.886627197, 148.380218506, -88.108543396, -79.2732772827], [-1088.39379883, 2853.88354492, -749.94732666, 49.9168395996, 250.664093018, -294.699432373, 82.4250717163, 136.93208313, -229.358261108, 124.916435242, -113.000617981, 26.8748207092, 57.6238288879], [-1032.65026855, -749.94732666, 2276.32836914, 27.6052913666, -33.4276504517, 646.382202148, 225.711227417, -104.869026184, 315.29977417, -449.155548096, 50.8429145813, -34.470161438, -115.964424133], [-378.924285889, 49.9168395996, 27.6052913666, 837.549865723, 457.933990479, 104.932907104, -23.6215686798, 72.5395355225, 83.1568222046, 55.9359779358, -45.7471389771, 17.0588722229, 121.814819336], [-622.965576172, 250.664093018, -33.4276504517, 457.933990479, 716.717773438, 75.174659729, -57.2821769714, 62.3835411072, 112.249061584, 75.3016662598, -19.6062736511, 29.9399318695, 71.5191650391], [-559.719665527, -294.699432373, 646.382202148, 104.932907104, 75.174659729, 400.204956055, 97.8592910767, -12.0613870621, 128.195632935, -95.9895401001, 38.9357223511, 10.71413517, -50.9340362549], [-410.691711426, 82.4250717163, 225.711227417, -23.6215686798, -57.2821769714, 97.8592910767, 271.160461426, 52.3108787537, 27.5964946747, -28.6535682678, 11.8658533096, 11.2614650726, -37.030254364], [-41.4820823669, 136.93208313, -104.869026184, 72.5395355225, 62.3835411072, -12.0613870621, 52.3108787537, 159.915878296, 21.7339725494, 30.8946075439, -19.8404884338, 14.7994127274, 31.9932327271], [-185.233428955, -229.358261108, 315.29977417, 83.1568222046, 112.249061584, 128.195632935, 27.5964946747, 21.7339725494, 247.651000977, -53.1537666321, 19.3370838165, 15.6968679428, -15.9854669571], [508.886627197, 124.916435242, -449.155548096, 55.9359779358, 75.3016662598, -95.9895401001, -28.6535682678, 30.8946075439, -53.1537666321, 256.418334961, 4.9510717392, 2.47615242004, 17.9010391235], [148.380218506, -113.000617981, 50.8429145813, -45.7471389771, -19.6062736511, 38.9357223511, 11.8658533096, -19.8404884338, 19.3370838165, 4.9510717392, 104.621269226, 23.0799808502, -21.8372879028], [-88.108543396, 26.8748207092, -34.470161438, 17.0588722229, 29.9399318695, 10.71413517, 11.2614650726, 14.7994127274, 15.6968679428, 2.47615242004, 23.0799808502, 107.058097839, 26.5340824127], [-79.2732772827, 57.6238288879, -115.964424133, 121.814819336, 71.5191650391, -50.9340362549, -37.030254364, 31.9932327271, -15.9854669571, 17.9010391235, -21.8372879028, 26.5340824127, 125.5728302]],
        "icov": [[0.000159252042067, 5.95879973844e-005, -6.15525204921e-005, -4.22387383878e-005, 0.000161475516506, 0.000236821215367, 0.000241638743319, -0.000151873711729, 5.23314520251e-006, -0.000364579173038, -0.000219909226871, 4.09115491493e-005, 0.000177115653059], [5.95879973844e-005, 0.000503692659549, 4.79427326354e-005, 6.21567523922e-005, -0.000265003734967, 0.000323987187585, -0.000246297335252, -0.000251956953434, 0.000427400169428, -2.02692208404e-005, 0.000266913877567, -0.000138071700349, 0.000197253437364], [-6.15525204921e-005, 4.79427326354e-005, 0.00136711122468, 5.50373806618e-005, -6.69728979119e-005, -0.0015386545565, -0.000662925245706, 0.000718179217074, -0.000633781135548, 0.00164130527992, 0.000128991247038, 0.000597178004682, -0.000234577339143], [-4.22387383878e-005, 6.21567523922e-005, 5.50373806618e-005, 0.00222381926142, -0.00119871064089, -0.00073772855103, -0.000194915628526, -0.000116272749437, -6.07045076322e-005, -0.000175035267603, 0.000701059645507, 0.000352020259015, -0.00174124294426], [0.000161475516506, -0.000265003734967, -6.69728979119e-005, -0.00119871064089, 0.00279218377545, -0.000194240390556, 0.00103997311089, -0.000366971537005, -0.00105814926792, -0.00099506159313, -0.000294399971608, -0.000224221352255, 5.89831252e-005], [0.000236821215367, 0.000323987187585, -0.0015386545565, -0.00073772855103, -0.000194240390556, 0.00610142154619, -0.000394925125875, -0.000471497769468, -0.00022924951918, -0.00096108316211, -0.00121937470976, -0.000882646301761, 0.00196695327759], [0.000241638743319, -0.000246297335252, -0.000662925245706, -0.000194915628526, 0.00103997311089, -0.000394925125875, 0.00565791781992, -0.00251315278001, 0.000154772627866, -0.0010571370367, -0.0006434689858, -0.00067689322168, 0.00160025013611], [-0.000151873711729, -0.000251956953434, 0.000718179217074, -0.000116272749437, -0.000366971537005, -0.000471497769468, -0.00251315278001, 0.00867391284555, -0.00150267465506, 0.000118094423669, 0.0014652350219, -0.000186726407264, -0.00205137045123], [5.23314520251e-006, 0.000427400169428, -0.000633781135548, -6.07045076322e-005, -0.00105814926792, -0.00022924951918, 0.000154772627866, -0.00150267465506, 0.00620831828564, 0.00033647599048, -0.000425239180913, -0.000879417464603, 0.00107317126822], [-0.000364579173038, -2.02692208404e-005, 0.00164130527992, -0.000175035267603, -0.00099506159313, -0.00096108316211, -0.0010571370367, 0.000118094423669, 0.00033647599048, 0.00741873029619, -0.000607961846981, 0.000629406888038, 4.62691496068e-005], [-0.000219909226871, 0.000266913877567, 0.000128991247038, 0.000701059645507, -0.000294399971608, -0.00121937470976, -0.0006434689858, 0.0014652350219, -0.000425239180913, -0.000607961846981, 0.0121605284512, -0.00306204543449, 0.0010820380412], [4.09115491493e-005, -0.000138071700349, 0.000597178004682, 0.000352020259015, -0.000224221352255, -0.000882646301761, -0.00067689322168, -0.000186726407264, -0.000879417464603, 0.000629406888038, -0.00306204543449, 0.0113656064495, -0.00321893091314], [0.000177115653059, 0.000197253437364, -0.000234577339143, -0.00174124294426, 5.89831252e-005, 0.00196695327759, 0.00160025013611, -0.00205137045123, 0.00107317126822, 4.62691496068e-005, 0.0010820380412, -0.00321893091314, 0.0122144389898]]
    },
    "spectral_contrast_coeffs": {
        "mean": [-0.565926551819, -0.637518644333, -0.730516731739, -0.759842574596, -0.781190395355, -0.800561487675],
        "var": [0.0103425011039, 0.0107915401459, 0.00911535322666, 0.00795223191381, 0.00617351289839, 0.00253620231524]
    },
    "spectral_contrast_valleys": {
        "mean": [-7.49492502213, -7.39807796478, -8.49935150146, -9.00074958801, -8.84714794159, -10.5274324417],
        "var": [1.54791545868, 1.25657725334, 1.03204703331, 0.972421824932, 1.14087808132, 1.97621691227]
    }
},
"metadata": {
    "audio_properties": {
        "analysis_sample_rate": 44100,
        "bit_rate": 128074,
        "equal_loudness": 0,
        "length": 45.0612258911,
        "lossless": 0,
        "replay_gain": -5.7055683136,
        "sample_rate": 44100,
        "codec": "mp3",
        "downmix": "mix",
        "md5_encoded": "10f1d5ac01152d8a79029e7cea0c4741"
    },
    "tags": {
        "file_name": "1748.mp3"
    },
    "version": {
        "essentia": "2.1-beta2",
        "essentia_git_sha": "v2.1_beta2",
        "extractor": "music 1.0"
    }
},
"rhythm": {
    "beats_count": 78,
    "beats_loudness": {
        "mean": 0.0509380251169,
        "var": 0.000429467356298
    },
    "bpm": 105.159538269,
    "bpm_histogram_first_peak_bpm": {
        "mean": 105,
        "var": 0
    },
    "bpm_histogram_first_peak_spread": {
        "mean": 0.506666660309,
        "var": 0
    },
    "bpm_histogram_first_peak_weight": {
        "mean": 0.480519473553,
        "var": 0
    },
    "bpm_histogram_second_peak_bpm": {
        "mean": 110,
        "var": 0
    },
    "bpm_histogram_second_peak_spread": {
        "mean": 0,
        "var": 0
    },
    "bpm_histogram_second_peak_weight": {
        "mean": 0.0259740259498,
        "var": 0
    },
    "danceability": 1.36719679832,
    "onset_rate": 4.32549524307,
    "beats_loudness_band_ratio": {
        "mean": [0.41108328104, 0.466913372278, 0.135656252503, 0.0322424992919, 0.0166475642473, 0.0319931395352],
        "var": [0.0555468164384, 0.0323645435274, 0.0221615582705, 0.00209386413917, 0.00161591474898, 0.00152139866259]
    },
    "beats_position": [0.522448956966, 1.06811785698, 1.6137868166, 2.18267560005, 2.75156450272, 3.32045340538, 3.90095233917, 4.46984100342, 5.0387301445, 5.60761880875, 6.17650794983, 6.74539661407, 7.31428575516, 7.8831744194, 8.45206356049, 9.03256225586, 9.6014509201, 10.1703395844, 10.7276191711, 11.3081178665, 11.8886165619, 12.4691152573, 13.0380039215, 13.6068935394, 14.1873922348, 14.7678909302, 15.3367795944, 15.9056682587, 16.4745578766, 17.0434455872, 17.600725174, 18.1580047607, 18.7152824402, 19.272562027, 19.853061676, 20.4335594177, 21.0024490356, 21.5713367462, 22.1518363953, 22.7091159821, 23.2663936615, 23.8468933105, 24.4273910522, 24.9962806702, 25.553560257, 26.1224479675, 26.7029476166, 27.2834453583, 27.8523349762, 28.4212245941, 29.0017223358, 29.5706119537, 30.1394996643, 30.7199993134, 31.2888889313, 31.869386673, 32.449886322, 33.0187759399, 33.5760536194, 34.1333312988, 34.7022209167, 35.2594985962, 35.8283882141, 36.4088897705, 36.9893875122, 37.5582771301, 38.1271629333, 38.7076644897, 39.2881622314, 39.8686599731, 40.4491615295, 41.0296592712, 41.5985488892, 42.1674385071, 42.7363243103, 43.3052139282, 43.8857116699, 44.4662132263]
},
"tonal": {
    "chords_changes_rate": 0.110082305968,
    "chords_number_rate": 0.0174897126853,
    "chords_strength": {
        "mean": 0.587201178074,
        "var": 0.0135639626533
    },
    "hpcp_entropy": {
        "mean": 1.92550885677,
        "var": 0.649315953255
    },
    "key_strength": 0.685628294945,
    "tuning_diatonic_strength": 0.725113093853,
    "tuning_equal_tempered_deviation": 0.23257894814,
    "tuning_frequency": 438.731048584,
    "tuning_nontempered_energy_ratio": 0.902234613895,
    "hpcp": {
        "mean": [0.143974140286, 0.104383356869, 0.0729156136513, 0.057597771287, 0.063654281199, 0.0841148942709, 0.10521531105, 0.136689633131, 0.176841929555, 0.155800938606, 0.101549364626, 0.0698687359691, 0.064261727035, 0.0918766409159, 0.106013678014, 0.0848534032702, 0.0807384550571, 0.0871368646622, 0.0728841722012, 0.0905698612332, 0.144700407982, 0.149264231324, 0.124016202986, 0.147364720702, 0.141308739781, 0.101670794189, 0.0979948192835, 0.12191388756, 0.174563720822, 0.230182781816, 0.209693238139, 0.140405461192, 0.115915730596, 0.129992887378, 0.167453363538, 0.180007964373],
        "var": [0.0701770186424, 0.047379411757, 0.0305256005377, 0.0248663891107, 0.0270554255694, 0.0359526723623, 0.0450075566769, 0.0504982434213, 0.0801835656166, 0.0708379670978, 0.0469846986234, 0.0314930789173, 0.0253265351057, 0.0427154973149, 0.051945514977, 0.0331952348351, 0.0298162475228, 0.0395276024938, 0.0280617140234, 0.0315009392798, 0.065238520503, 0.0638539269567, 0.0464887395501, 0.065586656332, 0.0629215091467, 0.0446988493204, 0.0415986739099, 0.0553384236991, 0.0792428925633, 0.101694874465, 0.0955734699965, 0.0650819540024, 0.0627372339368, 0.0651905015111, 0.0836152881384, 0.0852959826589]
    },
    "chords_histogram": [8.74485588074, 0.102880656719, 10.4938268661, 0, 0.925925910473, 1.02880656719, 1.85185182095, 1.33744859695, 1.33744859695, 0, 0, 0, 1.95473253727, 10.3909463882, 9.15637874603, 4.52674913406, 2.16049385071, 18.1069965363, 3.60082316399, 1.85185182095, 0, 6.99588489532, 8.23045253754, 7.20164632797],
    "thpcp": [1, 0.910985767841, 0.609973788261, 0.503581225872, 0.564737677574, 0.727479994297, 0.782021820545, 0.625477433205, 0.453480303288, 0.316772669554, 0.250226229429, 0.27653798461, 0.365426540375, 0.457094609737, 0.593830823898, 0.768267393112, 0.676857471466, 0.441168367863, 0.303535878658, 0.279176950455, 0.399146467447, 0.460563033819, 0.368634879589, 0.350758016109, 0.378555089235, 0.31663608551, 0.393469303846, 0.628632605076, 0.648459613323, 0.538772702217, 0.640207409859, 0.613897979259, 0.441695928574, 0.425726115704, 0.529639482498, 0.758370041847],
    "chords_key": "B",
    "chords_scale": "minor",
    "key_key": "B",
    "key_scale": "major"
}
}