{
"lowlevel": {
    "average_loudness": 0.949011683464,
    "barkbands_crest": {
        "mean": 13.9154319763,
        "var": 22.3976211548
    },
    "barkbands_flatness_db": {
        "mean": 0.206447377801,
        "var": 0.00356007530354
    },
    "barkbands_kurtosis": {
        "mean": 13.3927354813,
        "var": 345.182250977
    },
    "barkbands_skewness": {
        "mean": 2.58279561996,
        "var": 3.10217571259
    },
    "barkbands_spread": {
        "mean": 11.2049684525,
        "var": 70.8991470337
    },
    "dissonance": {
        "mean": 0.435053050518,
        "var": 0.001703740214
    },
    "dynamic_complexity": 2.13687157631,
    "erbbands_crest": {
        "mean": 12.9211063385,
        "var": 52.619304657
    },
    "erbbands_flatness_db": {
        "mean": 0.164336159825,
        "var": 0.00257257604972
    },
    "erbbands_kurtosis": {
        "mean": 3.23693037033,
        "var": 52.3739204407
    },
    "erbbands_skewness": {
        "mean": 0.857460319996,
        "var": 0.782335758209
    },
    "erbbands_spread": {
        "mean": 35.1644439697,
        "var": 573.296875
    },
    "hfc": {
        "mean": 16.5639228821,
        "var": 207.241912842
    },
    "melbands_crest": {
        "mean": 17.3984031677,
        "var": 27.1144294739
    },
    "melbands_flatness_db": {
        "mean": 0.302121639252,
        "var": 0.00489738723263
    },
    "melbands_kurtosis": {
        "mean": 31.0122718811,
        "var": 2191.93725586
    },
    "melbands_skewness": {
        "mean": 3.59413504601,
        "var": 6.23386573792
    },
    "melbands_spread": {
        "mean": 9.90759468079,
        "var": 54.9899177551
    },
    "pitch_salience": {
        "mean": 0.434560894966,
        "var": 0.0151032470167
    },
    "silence_rate_20dB": {
        "mean": 1,
        "var": 0
    },
    "silence_rate_30dB": {
        "mean": 0.935118436813,
        "var": 0.0606731884181
    },
    "silence_rate_60dB": {
        "mean": 0.00617919676006,
        "var": 0.00614097854123
    },
    "spectral_centroid": {
        "mean": 727.718200684,
        "var": 117676.570313
    },
    "spectral_complexity": {
        "mean": 11.3759012222,
        "var": 23.5321369171
    },
    "spectral_decrease": {
        "mean": -1.32079156501e-008,
        "var": 7.75164650134e-017
    },
    "spectral_energy": {
        "mean": 0.0513521134853,
        "var": 0.00115386373363
    },
    "spectral_energyband_high": {
        "mean": 0.000410487788031,
        "var": 9.44643431922e-007
    },
    "spectral_energyband_low": {
        "mean": 0.0333260409534,
        "var": 0.000748779799324
    },
    "spectral_energyband_middle_high": {
        "mean": 0.00436334684491,
        "var": 5.83226246818e-005
    },
    "spectral_energyband_middle_low": {
        "mean": 0.0151548581198,
        "var": 0.000258725805907
    },
    "spectral_entropy": {
        "mean": 7.09616041183,
        "var": 0.267373025417
    },
    "spectral_flux": {
        "mean": 0.0893277972937,
        "var": 0.00280093820766
    },
    "spectral_kurtosis": {
        "mean": 5.5455904007,
        "var": 15.6153793335
    },
    "spectral_rms": {
        "mean": 0.00668041827157,
        "var": 5.4716770137e-006
    },
    "spectral_rolloff": {
        "mean": 530.158508301,
        "var": 446529.5625
    },
    "spectral_skewness": {
        "mean": 1.90115690231,
        "var": 0.330442667007
    },
    "spectral_spread": {
        "mean": 4918797,
        "var": 3.59442389402e+012
    },
    "spectral_strongpeak": {
        "mean": 0.926533043385,
        "var": 1.38605582714
    },
    "zerocrossingrate": {
        "mean": 0.0290758665651,
        "var": 0.000465030316263
    },
    "barkbands": {
        "mean": [0.00017023809778, 0.0238716080785, 0.00792230200022, 0.00253918371163, 0.00401236023754, 0.00223685684614, 0.0023839075584, 0.00134002778213, 0.001240035519, 0.00279647065327, 0.000782184768468, 0.000598793732934, 0.000254234357271, 0.000252022146014, 0.000114291848149, 0.000147478072904, 8.10858982732e-005, 3.94262788177e-005, 8.02667054813e-005, 0.00010803774785, 7.13660556357e-005, 6.22807056061e-005, 7.42609772715e-005, 8.03231814643e-005, 6.67685235385e-005, 2.48719425144e-005, 1.50749588101e-006],
        "var": [4.99629848605e-008, 0.000509429606609, 0.000130273168907, 1.85888147826e-005, 4.95526983286e-005, 2.95366717182e-005, 2.24620398512e-005, 4.67731888421e-006, 1.0962484339e-005, 6.86496350681e-005, 6.71233965477e-006, 4.17577848566e-006, 5.36517461569e-007, 2.60508784322e-007, 5.65921283169e-008, 2.26013057159e-007, 1.10053726132e-008, 3.10337067155e-009, 1.18690577366e-008, 2.3269253191e-008, 1.37025990554e-008, 1.51967878281e-008, 3.14161887616e-008, 5.68757947406e-008, 5.67025146836e-008, 7.87401521762e-009, 2.31219713515e-011]
    },
    "erbbands": {
        "mean": [0.418908596039, 6.22821474075, 11.4710035324, 8.11522769928, 8.71541118622, 14.4349966049, 15.9134140015, 19.1605148315, 40.4302482605, 31.8507289886, 20.9386711121, 29.9663906097, 79.7139663696, 56.3632621765, 38.7125473022, 28.8813400269, 13.8485021591, 16.0827827454, 7.46306037903, 6.17354869843, 5.80426025391, 3.67014694214, 3.20488715172, 1.96987712383, 7.46226119995, 3.36009764671, 2.96910429001, 2.57568860054, 2.05687904358, 2.28128790855, 2.05246114731, 1.93081152439, 1.32359063625, 0.820302128792, 0.409631699324, 0.147398903966, 0.0380220375955, 0.00637146737427, 0.000192623498151, 6.28957423032e-005],
        "var": [0.170192047954, 35.2627296448, 190.581359863, 104.80519104, 296.319488525, 619.959838867, 1441.44042969, 2363.99169922, 8239.7578125, 2216.70336914, 1017.2208252, 5652.34765625, 54393.5976563, 43072.1679688, 15486.7236328, 9504.28027344, 1138.49682617, 805.662719727, 203.608612061, 189.198196411, 209.154144287, 20.7381458282, 15.3208713531, 8.51275539398, 90.712020874, 19.642572403, 18.3437023163, 25.294626236, 19.4617424011, 22.265455246, 25.5461349487, 30.8483314514, 15.9804496765, 8.06738853455, 2.24123477936, 0.298510611057, 0.0178845189512, 0.000373403774574, 2.70467353403e-007, 1.89369919745e-009]
    },
    "gfcc": {
        "mean": [-11.4119644165, 114.937934875, -80.4367523193, 36.4675827026, -54.3252830505, 22.6805706024, -24.3293190002, 12.2739315033, -19.2470989227, 4.32808589935, -11.7969150543, -2.17596006393, -9.5504732132],
        "cov": [[3895.21459961, -698.431335449, -327.747528076, -69.0826416016, -171.626495361, 189.814743042, -236.799423218, 92.6214599609, -122.130355835, 205.974380493, 14.0251607895, 135.368972778, -97.1727676392], [-698.431335449, 895.988098145, -42.968536377, -156.672439575, 127.840065002, -172.311203003, 78.7853775024, -119.03452301, 95.9043731689, -81.0534210205, 82.3278427124, -57.6736831665, 64.5427627563], [-327.747528076, -42.968536377, 426.333862305, 225.22605896, 1.33147442341, 4.73744916916, 15.6151475906, 21.0538387299, 18.3206577301, -16.9574279785, -13.4889183044, -35.9329071045, 7.03808069229], [-69.0826416016, -156.672439575, 225.22605896, 306.628875732, 33.7110977173, -1.53582525253, -20.0961265564, 5.9133605957, -12.0889596939, 9.63674163818, 7.59277296066, -19.9526233673, -35.6337814331], [-171.626495361, 127.840065002, 1.33147442341, 33.7110977173, 228.756393433, 79.0014419556, 64.8109512329, -6.97748756409, 23.6557235718, -20.5141906738, 16.8423137665, -23.0393447876, -8.10638618469], [189.814743042, -172.311203003, 4.73744916916, -1.53582525253, 79.0014419556, 190.417617798, 72.0718307495, 48.3451156616, -12.1034193039, -10.9067001343, -39.7706642151, 6.83782291412, -6.39125347137], [-236.799423218, 78.7853775024, 15.6151475906, -20.0961265564, 64.8109512329, 72.0718307495, 170.470565796, 66.743347168, 13.5856027603, -63.2446937561, -39.8356361389, -32.385093689, 43.3006706238], [92.6214599609, -119.03452301, 21.0538387299, 5.9133605957, -6.97748756409, 48.3451156616, 66.743347168, 108.921585083, 18.3976459503, -0.832091391087, -35.7658996582, -12.94389534, 13.3691358566], [-122.130355835, 95.9043731689, 18.3206577301, -12.0889596939, 23.6557235718, -12.1034193039, 13.5856027603, 18.3976459503, 82.7582702637, 37.764919281, 24.2747497559, -19.8112850189, -10.3839273453], [205.974380493, -81.0534210205, -16.9574279785, 9.63674163818, -20.5141906738, -10.9067001343, -63.2446937561, -0.832091391087, 37.764919281, 129.600143433, 78.3866653442, 15.755566597, -55.5209350586], [14.0251607895, 82.3278427124, -13.4889183044, 7.59277296066, 16.8423137665, -39.7706642151, -39.8356361389, -35.7658996582, 24.2747497559, 78.3866653442, 121.20375061, 43.9775390625, -25.4456481934], [135.368972778, -57.6736831665, -35.9329071045, -19.9526233673, -23.0393447876, 6.83782291412, -32.385093689, -12.94389534, -19.8112850189, 15.755566597, 43.9775390625, 94.7985153198, 31.5322265625], [-97.1727676392, 64.5427627563, 7.03808069229, -35.6337814331, -8.10638618469, -6.39125347137, 43.3006706238, 13.3691358566, -10.3839273453, -55.5209350586, -25.4456481934, 31.5322265625, 103.34286499]],
        "icov": [[0.000482154951897, -0.000577324244659, 0.000451298023108, -0.000404847494792, 0.00043129560072, -0.00117381650489, 0.00128700048663, -0.00143726973329, 0.00130962696858, -0.00111482082866, 0.00054349162383, -0.000319256156217, 1.54108493007e-005], [-0.000577324244659, 0.00777863152325, -0.00121000839863, 0.00429866369814, -0.00303160445765, 0.00626254687086, -0.00469879433513, 0.00846186373383, -0.00862020533532, 0.00926110241562, -0.0093823345378, 0.0063589126803, -0.00295380083844], [0.000451298023108, -0.00121000839863, 0.00527311908081, -0.00462819682434, 0.00242741918191, -0.00350401271135, 0.00237105810083, -0.00187984877266, -0.000613655429333, 0.000280644599115, -0.00090544600971, 0.00205428991467, -0.00231212866493], [-0.000404847494792, 0.00429866369814, -0.00462819682434, 0.00924917310476, -0.00406912900507, 0.00545479170978, -0.00231253588572, 0.00312663521618, -0.00145242665894, 0.00408361805603, -0.00432930141687, 0.00222586211748, 0.00132448377553], [0.00043129560072, -0.00303160445765, 0.00242741918191, -0.00406912900507, 0.00992579292506, -0.00857516005635, 0.00215114839375, -0.00147198443301, -0.000211072314414, 0.00143873656634, -0.00336649687961, 0.00265239807777, -0.000618578866124], [-0.00117381650489, 0.00626254687086, -0.00350401271135, 0.00545479170978, -0.00857516005635, 0.0196369923651, -0.0122724762186, 0.00744932936504, -0.00411321921274, 0.000306413159706, 0.00470120320097, -0.00597709976137, 0.00455740699545], [0.00128700048663, -0.00469879433513, 0.00237105810083, -0.00231253588572, 0.00215114839375, -0.0122724762186, 0.0229922160506, -0.0162400882691, 0.00457668397576, 0.00499665318057, -0.00622553145513, 0.00765825482085, -0.00566241377965], [-0.00143726973329, 0.00846186373383, -0.00187984877266, 0.00312663521618, -0.00147198443301, 0.00744932936504, -0.0162400882691, 0.0293876305223, -0.0142632182688, 0.0025061215274, -0.000278367690044, 0.00243917922489, -0.00298168254085], [0.00130962696858, -0.00862020533532, -0.000613655429333, -0.00145242665894, -0.000211072314414, -0.00411321921274, 0.00457668397576, -0.0142632182688, 0.0314283445477, -0.0194194801152, 0.00939908158034, -0.00293768802658, 0.00174824544229], [-0.00111482082866, 0.00926110241562, 0.000280644599115, 0.00408361805603, 0.00143873656634, 0.000306413159706, 0.00499665318057, 0.0025061215274, -0.0194194801152, 0.0409594401717, -0.031971629709, 0.0145282093436, 1.97462286451e-005], [0.00054349162383, -0.0093823345378, -0.00090544600971, -0.00432930141687, -0.00336649687961, 0.00470120320097, -0.00622553145513, -0.000278367690044, 0.00939908158034, -0.031971629709, 0.0464924760163, -0.0292604546994, 0.0117541570216], [-0.000319256156217, 0.0063589126803, 0.00205428991467, 0.00222586211748, 0.00265239807777, -0.00597709976137, 0.00765825482085, 0.00243917922489, -0.00293768802658, 0.0145282093436, -0.0292604546994, 0.0367581062019, -0.0182403065264], [1.54108493007e-005, -0.00295380083844, -0.00231212866493, 0.00132448377553, -0.000618578866124, 0.00455740699545, -0.00566241377965, -0.00298168254085, 0.00174824544229, 1.97462286451e-005, 0.0117541570216, -0.0182403065264, 0.0237875618041]]
    },
    "melbands": {
        "mean": [0.00549365812913, 0.00713418517262, 0.00148364296183, 0.000763202551752, 0.000630673603155, 0.00045068244799, 0.000605819688644, 0.000339188292855, 0.000140055242809, 0.000215108768316, 0.000399974669563, 0.000232468082686, 0.00010516976181, 9.25022322917e-005, 3.93042246287e-005, 2.99793937302e-005, 3.11286457872e-005, 1.07628038677e-005, 7.19049421605e-006, 1.3144028344e-005, 4.9720597417e-006, 3.52085612576e-006, 4.33533614341e-006, 1.9470217012e-006, 1.27516716475e-006, 3.71672854271e-006, 6.5229064603e-006, 1.28654619402e-006, 1.8068094505e-006, 2.00482622859e-006, 1.2411503576e-006, 1.02459989648e-006, 1.43504291827e-006, 1.16281432838e-006, 1.0359863154e-006, 1.46658476297e-006, 1.05956041807e-006, 9.70986889115e-007, 7.67668211665e-007, 6.63988146243e-007],
        "var": [2.79663327092e-005, 4.46284648206e-005, 3.62428227163e-006, 1.73336229636e-006, 1.92647917174e-006, 1.41837733736e-006, 1.69208112766e-006, 2.7108282552e-007, 5.00236758683e-008, 3.01543650494e-007, 1.34923413952e-006, 8.81401376773e-007, 1.25206483403e-007, 6.13782162873e-008, 1.96870928448e-008, 9.65911972628e-009, 4.01523392313e-009, 4.75057215787e-010, 1.51876483612e-010, 2.04484518207e-009, 9.302102838e-011, 2.0770508577e-011, 3.47366267694e-011, 9.13382650763e-012, 5.09933761883e-012, 3.0847591842e-011, 8.58321677621e-011, 4.86305136785e-012, 7.89902518394e-012, 9.59912965087e-012, 8.12317227372e-012, 5.83240443788e-012, 7.67554336062e-012, 6.92492937993e-012, 7.23383939555e-012, 1.24170760479e-011, 1.26661511141e-011, 9.12910719242e-012, 5.97585956413e-012, 5.83691732101e-012]
    },
    "mfcc": {
        "mean": [-668.240112305, 142.604400635, 34.5512275696, 28.50349617, 5.99000167847, 11.6654548645, 7.36535692215, 8.68029594421, 4.69463920593, 10.3666334152, -0.888777673244, 3.43818068504, 3.10625243187],
        "cov": [[3435.19580078, -666.748474121, -209.827087402, -276.899414063, -26.4903182983, -53.8821334839, -41.2973060608, -115.767021179, -100.419700623, -79.5742416382, 0.820525348186, 94.008605957, 182.418869019], [-666.748474121, 918.066162109, -145.647994995, -4.09229373932, -33.519077301, -24.8178672791, -40.8820877075, -5.89253902435, -10.6958007813, -2.02637004852, -15.0726280212, -10.1262817383, -31.4296588898], [-209.827087402, -145.647994995, 371.256103516, 141.031921387, 32.8349189758, 14.8778247833, 3.12599039078, 2.27464580536, 11.3880519867, 29.2573108673, 15.7323322296, -16.6574401855, -42.0895805359], [-276.899414063, -4.09229373932, 141.031921387, 226.190353394, 72.5611495972, 15.7562456131, 11.7425479889, -10.1876983643, -16.7212924957, 12.9150085449, 3.64622974396, 13.1802711487, 18.7697792053], [-26.4903182983, -33.519077301, 32.8349189758, 72.5611495972, 150.455215454, 70.9580688477, 26.5605392456, 6.44608974457, -2.24473905563, -2.96122384071, 17.9770622253, 34.9807891846, 48.5538825989], [-53.8821334839, -24.8178672791, 14.8778247833, 15.7562456131, 70.9580688477, 108.108123779, 54.8409690857, 32.2077445984, 11.7969083786, -7.72309970856, 10.3852987289, 16.8560085297, 25.6251621246], [-41.2973060608, -40.8820877075, 3.12599039078, 11.7425479889, 26.5605392456, 54.8409690857, 114.43032074, 77.6629104614, 48.2323913574, 21.2055110931, -7.30838441849, -15.4708356857, -2.10115838051], [-115.767021179, -5.89253902435, 2.27464580536, -10.1876983643, 6.44608974457, 32.2077445984, 77.6629104614, 131.342453003, 85.2353897095, 29.0069065094, -21.7076663971, -60.8871917725, -42.1112937927], [-100.419700623, -10.6958007813, 11.3880519867, -16.7212924957, -2.24473905563, 11.7969083786, 48.2323913574, 85.2353897095, 120.817337036, 69.2999572754, -13.642665863, -63.2179374695, -57.7192344666], [-79.5742416382, -2.02637004852, 29.2573108673, 12.9150085449, -2.96122384071, -7.72309970856, 21.2055110931, 29.0069065094, 69.2999572754, 118.073570251, 35.272064209, -33.4155044556, -59.3695144653], [0.820525348186, -15.0726280212, 15.7323322296, 3.64622974396, 17.9770622253, 10.3852987289, -7.30838441849, -21.7076663971, -13.642665863, 35.272064209, 97.5155334473, 63.1899032593, 5.43916988373], [94.008605957, -10.1262817383, -16.6574401855, 13.1802711487, 34.9807891846, 16.8560085297, -15.4708356857, -60.8871917725, -63.2179374695, -33.4155044556, 63.1899032593, 159.827774048, 118.159362793], [182.418869019, -31.4296588898, -42.0895805359, 18.7697792053, 48.5538825989, 25.6251621246, -2.10115838051, -42.1112937927, -57.7192344666, -59.3695144653, 5.43916988373, 118.159362793, 183.312316895]],
        "icov": [[0.000445885845693, 0.000331467774231, 0.000118669900985, 0.000602752610575, -0.000231718251598, 0.000376863667043, -0.000177001740667, 0.000284491892671, 0.000298370927339, -0.000155807065312, 2.77137878584e-005, 0.000238440014073, -0.000460361363366], [0.000331467774231, 0.00151260243729, 0.000827239302453, -0.000123270845506, 0.000129181993543, -8.79648141563e-005, 0.000717597838957, -0.000284742243821, 0.000461740302853, -0.000384862854844, 0.000521735462826, -0.000397142313886, 0.000314194505336], [0.000118669900985, 0.000827239302453, 0.00430955179036, -0.00284376204945, 0.000600077153649, -0.00101055460982, 0.000990190077573, 7.23624034435e-005, -0.000611211231444, 0.000183276322787, -0.000405136059271, -0.000307162292302, 0.00139163422864], [0.000602752610575, -0.000123270845506, -0.00284376204945, 0.00869944225997, -0.00424053519964, 0.0025980474893, -0.00194769422524, 0.000363899511285, 0.00339583796449, -0.00269310758449, 0.00189080974087, 0.000285818852717, -0.00138668366708], [-0.000231718251598, 0.000129181993543, 0.000600077153649, -0.00424053519964, 0.0128114717081, -0.00813217461109, 0.00190465268679, -0.000109883192636, -0.00150435999967, 6.80257726344e-005, -0.00163316854741, 0.000337976147421, -0.00205630878918], [0.000376863667043, -8.79648141563e-005, -0.00101055460982, 0.0025980474893, -0.00813217461109, 0.0193158350885, -0.00820200331509, 0.00030998501461, -0.000707630359102, 0.00380967790261, -0.00314372871071, 0.00103244045749, -0.00101832393557], [-0.000177001740667, 0.000717597838957, 0.000990190077573, -0.00194769422524, 0.00190465268679, -0.00820200331509, 0.0201259888709, -0.0110917575657, 0.00131653528661, -0.0041106059216, 0.00320531823672, -0.00300269806758, -2.57311858149e-005], [0.000284491892671, -0.000284742243821, 7.23624034435e-005, 0.000363899511285, -0.000109883192636, 0.00030998501461, -0.0110917575657, 0.0234431177378, -0.01346089039, 0.00657544983551, -0.0036036092788, 0.00569192878902, -0.000779267807957], [0.000298370927339, 0.000461740302853, -0.000611211231444, 0.00339583796449, -0.00150435999967, -0.000707630359102, 0.00131653528661, -0.01346089039, 0.0276555698365, -0.0153230857104, 0.0074445004575, -0.000900094921235, 0.000818833941594], [-0.000155807065312, -0.000384862854844, 0.000183276322787, -0.00269310758449, 6.80257726344e-005, 0.00380967790261, -0.0041106059216, 0.00657544983551, -0.0153230857104, 0.0228051990271, -0.0130478432402, 0.00517542893067, 0.000932109251153], [2.77137878584e-005, 0.000521735462826, -0.000405136059271, 0.00189080974087, -0.00163316854741, -0.00314372871071, 0.00320531823672, -0.0036036092788, 0.0074445004575, -0.0130478432402, 0.0265650879592, -0.0167363025248, 0.00797405932099], [0.000238440014073, -0.000397142313886, -0.000307162292302, 0.000285818852717, 0.000337976147421, 0.00103244045749, -0.00300269806758, 0.00569192878902, -0.000900094921235, 0.00517542893067, -0.0167363025248, 0.0252315849066, -0.013740260154], [-0.000460361363366, 0.000314194505336, 0.00139163422864, -0.00138668366708, -0.00205630878918, -0.00101832393557, -2.57311858149e-005, -0.000779267807957, 0.000818833941594, 0.000932109251153, 0.00797405932099, -0.013740260154, 0.0161161590368]]
    },
    "spectral_contrast_coeffs": {
        "mean": [-0.659259080887, -0.715535402298, -0.70760923624, -0.764977037907, -0.790546059608, -0.783927083015],
        "var": [0.00429485738277, 0.00731099164113, 0.00853490363806, 0.00383830140345, 0.00154350791126, 0.000460445153294]
    },
    "spectral_contrast_valleys": {
        "mean": [-6.50944662094, -6.80139493942, -7.72274255753, -8.44765949249, -8.28349494934, -10.3286399841],
        "var": [0.502987325191, 0.562129080296, 0.674919724464, 0.57461810112, 0.620857477188, 0.876983761787]
    }
},
"metadata": {
    "audio_properties": {
        "analysis_sample_rate": 44100,
        "bit_rate": 128074,
        "equal_loudness": 0,
        "length": 45.0612258911,
        "lossless": 0,
        "replay_gain": -5.90170288086,
        "sample_rate": 44100,
        "codec": "mp3",
        "downmix": "mix",
        "md5_encoded": "c5115f09bbcc5018b71d11184aaa6c68"
    },
    "tags": {
        "file_name": "1749.mp3"
    },
    "version": {
        "essentia": "2.1-beta2",
        "essentia_git_sha": "v2.1_beta2",
        "extractor": "music 1.0"
    }
},
"rhythm": {
    "beats_count": 94,
    "beats_loudness": {
        "mean": 0.0573523007333,
        "var": 0.000932939408813
    },
    "bpm": 127.317726135,
    "bpm_histogram_first_peak_bpm": {
        "mean": 126,
        "var": 0
    },
    "bpm_histogram_first_peak_spread": {
        "mean": 0.523076891899,
        "var": 0
    },
    "bpm_histogram_first_peak_weight": {
        "mean": 0.333333343267,
        "var": 0
    },
    "bpm_histogram_second_peak_bpm": {
        "mean": 120,
        "var": 0
    },
    "bpm_histogram_second_peak_spread": {
        "mean": 0.40000000596,
        "var": 0
    },
    "bpm_histogram_second_peak_weight": {
        "mean": 0.0967741906643,
        "var": 0
    },
    "danceability": 1.27471125126,
    "onset_rate": 4.63604354858,
    "beats_loudness_band_ratio": {
        "mean": [0.629171073437, 0.131437316537, 0.149424403906, 0.0894651114941, 0.0102248741314, 0.0257038027048],
        "var": [0.0373127870262, 0.0145998075604, 0.0181893091649, 0.0147696584463, 8.88834329089e-005, 0.0010897758184]
    },
    "beats_position": [0.487619042397, 0.986848056316, 1.48607707024, 1.98530614376, 2.48453521729, 2.9837641716, 3.49460315704, 4.01705217361, 4.52789115906, 5.0387301445, 5.56117916107, 6.06040811539, 6.57124710083, 7.08208608627, 7.58131504059, 8.06893444061, 8.54494285583, 9.0093421936, 9.47374153137, 9.94974994659, 10.4257593155, 10.8901586533, 11.3661680222, 11.8421764374, 12.3065757751, 12.7709751129, 13.235373497, 13.7346029282, 14.2454423904, 14.7330608368, 15.2322902679, 15.7082986832, 16.1843090057, 16.6603164673, 17.1363258362, 17.6123352051, 18.088344574, 18.5643539429, 19.0403633118, 19.5163707733, 19.9807701111, 20.4451694489, 20.9211788177, 21.3971881866, 21.8731975555, 22.3492050171, 22.825214386, 23.3012237549, 23.7772331238, 24.2416324615, 24.7176418304, 25.1820411682, 25.6580486298, 26.1340579987, 26.6100673676, 27.0976867676, 27.5620861053, 28.0380954742, 28.5257129669, 29.0017223358, 29.4661216736, 29.9305210114, 30.3949203491, 30.8593196869, 31.3353290558, 31.8113365173, 32.2873458862, 32.7633552551, 33.2277526855, 33.6921539307, 34.1565513611, 34.5977325439, 35.0389099121, 35.5033111572, 35.9677085876, 36.4204978943, 36.8732872009, 37.3376846313, 37.8020858765, 38.2664833069, 38.730884552, 39.1952819824, 39.6480712891, 40.1008605957, 40.5420417786, 40.9948310852, 41.4476165771, 41.9120178223, 42.3764152527, 42.8408164978, 43.3052139282, 43.7696151733, 44.22240448, 44.6751937866]
},
"tonal": {
    "chords_changes_rate": 0.0812757238746,
    "chords_number_rate": 0.00925925932825,
    "chords_strength": {
        "mean": 0.419269800186,
        "var": 0.00441574444994
    },
    "hpcp_entropy": {
        "mean": 1.56895303726,
        "var": 0.421732008457
    },
    "key_strength": 0.830949604511,
    "tuning_diatonic_strength": 0.482536584139,
    "tuning_equal_tempered_deviation": 0.0274758636951,
    "tuning_frequency": 437.718536377,
    "tuning_nontempered_energy_ratio": 0.643132686615,
    "hpcp": {
        "mean": [0.186192542315, 0.1211957708, 0.0921873897314, 0.124771684408, 0.0920836031437, 0.0429393835366, 0.0297702848911, 0.0487528815866, 0.152429208159, 0.199697002769, 0.107498504221, 0.0603812001646, 0.0681351050735, 0.0720551386476, 0.152608066797, 0.267059385777, 0.234304443002, 0.154175072908, 0.1133858338, 0.0652861073613, 0.0447386279702, 0.0378653369844, 0.0373441427946, 0.0621026046574, 0.0802219361067, 0.0495649203658, 0.0332309156656, 0.0532998405397, 0.0720955953002, 0.173667311668, 0.236239761114, 0.117149934173, 0.0290752388537, 0.0320103913546, 0.0501029230654, 0.129670470953],
        "var": [0.104347325861, 0.0484105534852, 0.0352250561118, 0.0565625876188, 0.0373414866626, 0.0197427477688, 0.0159270092845, 0.023217337206, 0.0635306611657, 0.0883176997304, 0.0319560281932, 0.0278749857098, 0.0310539435595, 0.033144492656, 0.0594798363745, 0.131844744086, 0.109407767653, 0.0851602330804, 0.0654355213046, 0.0309901237488, 0.0213253200054, 0.0163503978401, 0.0162629317492, 0.0295294523239, 0.0373289994895, 0.0175872836262, 0.00822360161692, 0.0220059398562, 0.0291284993291, 0.0659708455205, 0.126200720668, 0.0365837141871, 0.0126237105578, 0.015073784627, 0.0238115210086, 0.0584141984582]
    },
    "chords_histogram": [25.1028804779, 11.2139921188, 11.728395462, 19.3415641785, 0.514403283596, 2.05761313438, 0, 0, 4.21810722351, 8.23045253754, 0, 0, 0, 0, 0, 0, 0, 0, 0, 0, 0.514403283596, 4.42386817932, 12.6543207169, 0],
    "thpcp": [1, 0.877349615097, 0.577306330204, 0.424571603537, 0.244462877512, 0.167523145676, 0.141786202788, 0.139834597707, 0.232542306185, 0.300389885902, 0.18559512496, 0.124432682991, 0.199580475688, 0.269960910082, 0.650294721127, 0.884596347809, 0.43866622448, 0.108871810138, 0.119862444699, 0.187609672546, 0.485549211502, 0.697195291519, 0.453815817833, 0.345194339752, 0.467205762863, 0.344805717468, 0.160785898566, 0.111474402249, 0.182554453611, 0.57076895237, 0.747762560844, 0.402526587248, 0.226096525788, 0.255130916834, 0.269809424877, 0.571438670158],
    "chords_key": "G",
    "chords_scale": "minor",
    "key_key": "G",
    "key_scale": "minor"
}
}