{
"lowlevel": {
    "average_loudness": 0.787722229958,
    "barkbands_crest": {
        "mean": 10.546172142,
        "var": 18.6799545288
    },
    "barkbands_flatness_db": {
        "mean": 0.141239061952,
        "var": 0.00281669339165
    },
    "barkbands_kurtosis": {
        "mean": 6.70294618607,
        "var": 85.6981430054
    },
    "barkbands_skewness": {
        "mean": 1.99098491669,
        "var": 1.20835709572
    },
    "barkbands_spread": {
        "mean": 19.7693996429,
        "var": 118.290206909
    },
    "dissonance": {
        "mean": 0.444680124521,
        "var": 0.00161057314835
    },
    "dynamic_complexity": 6.89647579193,
    "erbbands_crest": {
        "mean": 10.9073638916,
        "var": 31.4797077179
    },
    "erbbands_flatness_db": {
        "mean": 0.154751136899,
        "var": 0.0029775085859
    },
    "erbbands_kurtosis": {
        "mean": 2.99848508835,
        "var": 44.7330474854
    },
    "erbbands_skewness": {
        "mean": 1.06911957264,
        "var": 1.31312954426
    },
    "erbbands_spread": {
        "mean": 38.2269058228,
        "var": 357.705749512
    },
    "hfc": {
        "mean": 15.733259201,
        "var": 262.085174561
    },
    "melbands_crest": {
        "mean": 13.9693565369,
        "var": 22.4965820313
    },
    "melbands_flatness_db": {
        "mean": 0.225126922131,
        "var": 0.00418696878478
    },
    "melbands_kurtosis": {
        "mean": 14.2329778671,
        "var": 363.187469482
    },
    "melbands_skewness": {
        "mean": 2.50244402885,
        "var": 2.15345096588
    },
    "melbands_spread": {
        "mean": 17.3298282623,
        "var": 155.785842896
    },
    "pitch_salience": {
        "mean": 0.536421239376,
        "var": 0.014731740579
    },
    "silence_rate_20dB": {
        "mean": 1,
        "var": 0
    },
    "silence_rate_30dB": {
        "mean": 0.991761088371,
        "var": 0.00817091017962
    },
    "silence_rate_60dB": {
        "mean": 0.370751798153,
        "var": 0.233297497034
    },
    "spectral_centroid": {
        "mean": 1098.07067871,
        "var": 466288.84375
    },
    "spectral_complexity": {
        "mean": 10.8166837692,
        "var": 75.32472229
    },
    "spectral_decrease": {
        "mean": -6.64824328922e-009,
        "var": 5.09236968895e-017
    },
    "spectral_energy": {
        "mean": 0.0265190694481,
        "var": 0.000795622123405
    },
    "spectral_energyband_high": {
        "mean": 0.000602947722655,
        "var": 5.66006292502e-007
    },
    "spectral_energyband_low": {
        "mean": 0.00921565108001,
        "var": 0.000172976098838
    },
    "spectral_energyband_middle_high": {
        "mean": 0.00266737234779,
        "var": 2.0331601263e-005
    },
    "spectral_energyband_middle_low": {
        "mean": 0.0155228897929,
        "var": 0.000367995322449
    },
    "spectral_entropy": {
        "mean": 7.43357181549,
        "var": 0.222456216812
    },
    "spectral_flux": {
        "mean": 0.0785619169474,
        "var": 0.00425173575059
    },
    "spectral_kurtosis": {
        "mean": 4.65215349197,
        "var": 11.3713359833
    },
    "spectral_rms": {
        "mean": 0.00416153203696,
        "var": 8.55388771015e-006
    },
    "spectral_rolloff": {
        "mean": 1122.0645752,
        "var": 1268275
    },
    "spectral_skewness": {
        "mean": 1.65954148769,
        "var": 0.384976416826
    },
    "spectral_spread": {
        "mean": 5714458,
        "var": 5.98040326963e+012
    },
    "spectral_strongpeak": {
        "mean": 0.818309605122,
        "var": 1.07780516148
    },
    "zerocrossingrate": {
        "mean": 0.0633035749197,
        "var": 0.000857910898048
    },
    "barkbands": {
        "mean": [0.000220639471081, 0.00574321253225, 0.0018677333137, 0.00266063725576, 0.00340705597773, 0.00290120393038, 0.00246259383857, 0.0027776453644, 0.00112922862172, 0.000897994905245, 0.000580497260671, 0.000346301821992, 0.000275581260212, 0.000162278738571, 0.000112809626444, 9.74530848907e-005, 8.60721484059e-005, 7.51750048948e-005, 6.90580491209e-005, 7.40011819289e-005, 7.30901883799e-005, 5.5307878938e-005, 5.57633102289e-005, 6.04823835602e-005, 0.000127505554701, 0.000183916228707, 1.58173497766e-005],
        "var": [1.83894727002e-007, 9.5781586424e-005, 1.08490830826e-005, 4.27747472713e-005, 4.47600286861e-005, 3.82891230402e-005, 3.71936002921e-005, 3.85520652344e-005, 6.77521575199e-006, 6.75264709571e-006, 6.5402364271e-006, 4.23469145971e-007, 4.1482471147e-007, 9.84191075304e-008, 4.93545364577e-008, 4.1884547386e-008, 2.48039420114e-008, 1.86886435216e-008, 1.27198660493e-008, 1.09299254092e-008, 1.35479334418e-008, 8.99340513172e-009, 7.9208897219e-009, 7.69461383499e-009, 2.7514158063e-008, 4.97560783685e-008, 6.58684162769e-010]
    },
    "erbbands": {
        "mean": [0.11863014102, 1.43744945526, 2.37914252281, 6.2660984993, 7.55017137527, 12.2272386551, 21.1594238281, 25.0726299286, 32.0280532837, 47.3242416382, 56.6538696289, 29.893415451, 24.2507381439, 24.7549095154, 21.6057357788, 14.1575775146, 12.7530975342, 8.6288690567, 7.35846281052, 5.61636543274, 5.46322917938, 4.93088769913, 4.28990936279, 3.68787932396, 3.69824504852, 3.41724252701, 2.9606180191, 2.70768260956, 2.14805626869, 1.72460007668, 1.50807845592, 1.16587054729, 1.10435068607, 1.06278884411, 1.10543727875, 0.768670141697, 0.34692683816, 0.0623488463461, 0.00177032814827, 7.38614835427e-005],
        "var": [0.0490467920899, 5.93394565582, 16.6014556885, 165.397766113, 299.773834229, 706.108764648, 1511.09667969, 3340.02709961, 5297.31494141, 14326.2617188, 16040.2333984, 4594.7109375, 3935.21386719, 3900.546875, 6475.73535156, 695.709777832, 765.553405762, 265.562133789, 227.871871948, 118.83379364, 126.729499817, 79.8560409546, 61.8683242798, 45.8388748169, 23.7112941742, 21.4188365936, 22.2258224487, 18.2218704224, 14.4408311844, 7.88413000107, 5.77712488174, 3.11543226242, 2.48927044868, 2.11938738823, 2.07028079033, 0.875175952911, 0.181082770228, 0.0069650602527, 7.24149595044e-006, 6.51405906993e-009]
    },
    "gfcc": {
        "mean": [-49.3517723083, 90.0198440552, -95.4380722046, 15.5294237137, -60.4627571106, 1.02194190025, -33.7837867737, 9.91402244568, -30.6800193787, 12.8672037125, -20.588432312, -1.26803040504, -19.386882782],
        "cov": [[15590.8574219, -3116.28857422, 3931.03393555, -1617.25146484, -191.055603027, 1694.71716309, -802.562438965, 958.972595215, -90.1490097046, 312.99331665, -569.648193359, 1404.64245605, 40.7850227356], [-3116.28857422, 1480.85803223, -808.313903809, 295.73260498, 147.154388428, -408.662780762, 255.873535156, -219.727172852, 126.983177185, -151.652496338, 225.810882568, -402.332397461, 50.733089447], [3931.03393555, -808.313903809, 1781.99243164, -495.103485107, 52.8913536072, 602.195556641, -169.573150635, 376.962585449, -5.36561203003, 170.390655518, -80.7270202637, 441.107574463, 27.547164917], [-1617.25146484, 295.73260498, -495.103485107, 501.010131836, 86.3783035278, -212.845291138, 96.6493988037, -144.961532593, -29.2208137512, -41.6239509583, 36.5853118896, -191.482681274, -6.08314657211], [-191.055603027, 147.154388428, 52.8913536072, 86.3783035278, 216.249237061, 55.1826171875, 51.3439102173, 13.1880302429, 3.10049390793, 0.458279430866, 33.3420944214, -21.2084350586, 7.36124706268], [1694.71716309, -408.662780762, 602.195556641, -212.845291138, 55.1826171875, 402.994262695, -22.9425373077, 164.645080566, 15.315331459, 57.3742027283, -45.6326789856, 204.215515137, 10.6872711182], [-802.562438965, 255.873535156, -169.573150635, 96.6493988037, 51.3439102173, -22.9425373077, 193.852005005, 9.2354221344, 19.2213745117, -20.95561409, 38.853931427, -87.3930587769, 8.30010986328], [958.972595215, -219.727172852, 376.962585449, -144.961532593, 13.1880302429, 164.645080566, 9.2354221344, 208.277374268, 33.4684104919, 39.4206314087, -26.3207817078, 102.613090515, 1.70095276833], [-90.1490097046, 126.983177185, -5.36561203003, -29.2208137512, 3.10049390793, 15.315331459, 19.2213745117, 33.4684104919, 168.117279053, 14.2079982758, 30.6047420502, -9.72759819031, -4.53876924515], [312.99331665, -151.652496338, 170.390655518, -41.6239509583, 0.458279430866, 57.3742027283, -20.95561409, 39.4206314087, 14.2079982758, 137.90447998, 26.250831604, 53.0623435974, -17.3599128723], [-569.648193359, 225.810882568, -80.7270202637, 36.5853118896, 33.3420944214, -45.6326789856, 38.853931427, -26.3207817078, 30.6047420502, 26.250831604, 126.597740173, -28.3770332336, 20.2709674835], [1404.64245605, -402.332397461, 441.107574463, -191.482681274, -21.2084350586, 204.215515137, -87.3930587769, 102.613090515, -9.72759819031, 53.0623435974, -28.3770332336, 251.147491455, 39.4647598267], [40.7850227356, 50.733089447, 27.547164917, -6.08314657211, 7.36124706268, 10.6872711182, 8.30010986328, 1.70095276833, -4.53876924515, -17.3599128723, 20.2709674835, 39.4647598267, 92.5490570068]],
        "icov": [[0.000273202778772, -3.23827625834e-005, -0.000216000626097, 0.000117156610941, 0.000125776365167, -0.000405250873882, 0.000550764438231, -0.000273066310911, 7.7612210589e-005, 9.28426379687e-006, 0.000599025399424, -0.000400137738325, 6.73543627272e-006], [-3.23827625834e-005, 0.00359573424794, -0.000515117484611, 0.00116139755119, -0.00187180156354, 0.00202078605071, -0.00231504021212, 0.00194459978957, -0.00219719763845, 0.00259496481158, -0.00377861154266, 0.00357778090984, -0.00195876485668], [-0.000216000626097, -0.000515117484611, 0.00201963912696, 8.1085578131e-005, -0.000265682174359, -0.00125821644906, 0.000923455168959, -0.00165739667136, 0.000735214794986, -0.00117439019959, 7.26743164705e-005, -0.000826093310025, 4.79323862237e-005], [0.000117156610941, 0.00116139755119, 8.1085578131e-005, 0.00422090152279, -0.00224299216643, 0.0013638905948, -0.00140738161281, 0.00164244172629, -0.000214201179915, 0.000128542422317, -0.000226352829486, 0.00193013669923, -0.00107790285256], [0.000125776365167, -0.00187180156354, -0.000265682174359, -0.00224299216643, 0.0075084506534, -0.00325277494267, 0.000968645443209, -0.00131984008476, 0.00139830657281, -0.000633539923001, 0.000160511306603, -0.000715730944648, 0.000837874540593], [-0.000405250873882, 0.00202078605071, -0.00125821644906, 0.0013638905948, -0.00325277494267, 0.0089993821457, -0.00424586329609, 0.00104793254286, -0.00201725168154, 0.00131378264632, -0.00106481718831, -0.00122333713807, 1.840832374e-005], [0.000550764438231, -0.00231504021212, 0.000923455168959, -0.00140738161281, 0.000968645443209, -0.00424586329609, 0.0111533980817, -0.00496410438791, 0.00177766301204, -0.00118758890312, 0.0013722529402, 0.00051158037968, -0.000491117592901], [-0.000273066310911, 0.00194459978957, -0.00165739667136, 0.00164244172629, -0.00131984008476, 0.00104793254286, -0.00496410438791, 0.0114095248282, -0.00304239778779, 0.000796310021542, -0.000702619436197, 0.00116079521831, -0.000465825054562], [7.7612210589e-005, -0.00219719763845, 0.000735214794986, -0.000214201179915, 0.00139830657281, -0.00201725168154, 0.00177766301204, -0.00304239778779, 0.00824626721442, -0.00184458552394, 0.000396082323277, -0.00126514933072, 0.00146669044625], [9.28426379687e-006, 0.00259496481158, -0.00117439019959, 0.000128542422317, -0.000633539923001, 0.00131378264632, -0.00118758890312, 0.000796310021542, -0.00184458552394, 0.0120378751308, -0.0064431251958, 0.000717755814549, 0.00219468469732], [0.000599025399424, -0.00377861154266, 7.26743164705e-005, -0.000226352829486, 0.000160511306603, -0.00106481718831, 0.0013722529402, -0.000702619436197, 0.000396082323277, -0.0064431251958, 0.0168456006795, -0.00459959404543, -0.00114658067469], [-0.000400137738325, 0.00357778090984, -0.000826093310025, 0.00193013669923, -0.000715730944648, -0.00122333713807, 0.00051158037968, 0.00116079521831, -0.00126514933072, 0.000717755814549, -0.00459959404543, 0.0158875547349, -0.00697591761127], [6.73543627272e-006, -0.00195876485668, 4.79323862237e-005, -0.00107790285256, 0.000837874540593, 1.840832374e-005, -0.000491117592901, -0.000465825054562, 0.00146669044625, 0.00219468469732, -0.00114658067469, -0.00697591761127, 0.0154839819297]]
    },
    "melbands": {
        "mean": [0.00141844642349, 0.00154652900528, 0.00112498097587, 0.000651239824947, 0.000743319338653, 0.000562861387152, 0.000484585238155, 0.000553449615836, 0.000419102434535, 0.000162811717018, 0.00012171745766, 0.000106143619632, 8.32216755953e-005, 4.21459953941e-005, 3.0779698136e-005, 2.55174854829e-005, 1.47895307236e-005, 1.26258128148e-005, 7.88227680459e-006, 6.96174902259e-006, 6.23444384473e-006, 5.1963597798e-006, 4.20659807787e-006, 3.56238479071e-006, 2.90615412268e-006, 2.56632915807e-006, 2.94999631478e-006, 2.04839329854e-006, 1.73393391378e-006, 1.88028536741e-006, 1.44754199027e-006, 1.27899147628e-006, 9.44001044445e-007, 9.70792370936e-007, 8.89913508217e-007, 7.42394888675e-007, 7.14216525921e-007, 7.61234957736e-007, 7.95223513705e-007, 9.16843418963e-007],
        "var": [6.11407176621e-006, 5.84332065046e-006, 5.68192808714e-006, 2.21309392145e-006, 1.71121121184e-006, 1.55787461154e-006, 1.25679275698e-006, 1.65725839452e-006, 8.30663054785e-007, 1.49027371776e-007, 1.13441778637e-007, 7.66413776887e-008, 1.43238636952e-007, 6.51570930543e-009, 3.68781383209e-009, 4.70242866868e-009, 8.31169133519e-010, 7.96302246364e-010, 2.20427967546e-010, 2.01511765607e-010, 1.80846421172e-010, 9.823572511e-011, 5.75943390202e-011, 4.64639889064e-011, 3.10538608717e-011, 1.42903753067e-011, 2.23666432597e-011, 8.04173134333e-012, 8.02190865817e-012, 9.60508322184e-012, 5.58696708688e-012, 5.79319188107e-012, 2.4738741871e-012, 2.59034178655e-012, 2.13655894192e-012, 1.3344988092e-012, 1.23730875806e-012, 1.26160464454e-012, 1.30512527868e-012, 1.59584140607e-012]
    },
    "mfcc": {
        "mean": [-703.010070801, 131.729187012, 12.9274282455, 19.6399478912, -5.7275853157, -3.01581025124, 2.34992313385, -7.07769346237, -1.67949664593, 1.35151362419, 2.64546990395, 2.2072019577, 0.974002838135],
        "cov": [[11067.4287109, -674.135070801, 2025.65356445, -1307.8125, 531.487060547, 249.453018188, -251.520339966, 649.637878418, 389.396087646, -247.276489258, -37.3209609985, -84.5361633301, -73.2858886719], [-674.135070801, 625.66784668, 34.4607086182, -14.1308698654, 46.4752502441, -67.1128158569, 65.9938201904, -9.83693504333, -25.6577529907, 89.7686920166, 3.61677050591, 12.603717804, 62.678768158], [2025.65356445, 34.4607086182, 984.305419922, -356.925994873, 230.118453979, 68.364906311, 47.1099395752, 190.756896973, 85.8084411621, 52.4508934021, 16.9024105072, -1.27195644379, 87.9954681396], [-1307.8125, -14.1308698654, -356.925994873, 462.283203125, -59.6395339966, -9.89467811584, 33.6732368469, -123.316253662, -52.0021209717, 2.29977726936, -17.3444099426, 6.44693183899, -28.6851272583], [531.487060547, 46.4752502441, 230.118453979, -59.6395339966, 247.708755493, 58.462097168, 36.5076713562, 68.4783096313, 14.3977842331, 33.3114433289, 9.43558311462, -1.65418553352, 45.1690177917], [249.453018188, -67.1128158569, 68.364906311, -9.89467811584, 58.462097168, 161.436599731, 42.5448036194, 20.8886642456, 20.3008480072, -11.5214014053, 11.4456100464, 10.5683927536, -0.907542347908], [-251.520339966, 65.9938201904, 47.1099395752, 33.6732368469, 36.5076713562, 42.5448036194, 177.318847656, 46.8678588867, -0.881120145321, 52.3509025574, -18.4547386169, -8.01104545593, 49.0559692383], [649.637878418, -9.83693504333, 190.756896973, -123.316253662, 68.4783096313, 20.8886642456, 46.8678588867, 184.606307983, 83.5461273193, 10.0428581238, -1.02935552597, -15.2280664444, 18.8122196198], [389.396087646, -25.6577529907, 85.8084411621, -52.0021209717, 14.3977842331, 20.3008480072, -0.881120145321, 83.5461273193, 120.954811096, 25.9864177704, 7.79312705994, 0.189567103982, -6.2209854126], [-247.276489258, 89.7686920166, 52.4508934021, 2.29977726936, 33.3114433289, -11.5214014053, 52.3509025574, 10.0428581238, 25.9864177704, 123.298950195, 37.8012504578, 12.6057977676, 41.6417961121], [-37.3209609985, 3.61677050591, 16.9024105072, -17.3444099426, 9.43558311462, 11.4456100464, -18.4547386169, -1.02935552597, 7.79312705994, 37.8012504578, 109.532142639, 52.613822937, 0.0388307981193], [-84.5361633301, 12.603717804, -1.27195644379, 6.44693183899, -1.65418553352, 10.5683927536, -8.01104545593, -15.2280664444, 0.189567103982, 12.6057977676, 52.613822937, 78.3439559937, 25.9254722595], [-73.2858886719, 62.678768158, 87.9954681396, -28.6851272583, 45.1690177917, -0.907542347908, 49.0559692383, 18.8122196198, -6.2209854126, 41.6417961121, 0.0388307981193, 25.9254722595, 110.94959259]],
        "icov": [[0.000261275767116, 0.000193317435333, -0.000351423252141, 0.000364246225217, -0.000264846836217, -2.77028248092e-005, 0.000229242010391, -0.000174480024725, -0.00032322134939, 0.000430315325502, 0.000172278058017, -8.46390830702e-005, 0.000312170479447], [0.000193317435333, 0.00216043344699, -0.000190043574548, 0.000540402543265, -0.000667074171361, 0.000984310987405, -0.000483302108478, 0.000163562173839, 0.00015207513934, -0.000838524778374, 0.000573502562474, -0.000647104752716, 0.000137475537485], [-0.000351423252141, -0.000190043574548, 0.00236936775036, 0.000619945116341, -0.000784057658166, -0.000170028710272, -0.000355295924237, -0.000328743102727, 0.000170188752236, -0.00089124502847, -0.000103364414827, 8.45647300594e-005, -0.00098869309295], [0.000364246225217, 0.000540402543265, 0.000619945116341, 0.00416211411357, -0.00110977399163, 0.000339036545483, -0.00139172526542, 0.0018121820176, -0.000956734467763, 0.000328925787471, 0.000958824530244, -0.0010250058258, 0.00134443701245], [-0.000264846836217, -0.000667074171361, -0.000784057658166, -0.00110977399163, 0.00670451996848, -0.00257193529978, 0.00122953148093, -0.00220153224654, 0.00230931281112, -0.00200517312624, -0.000285603688098, 0.00118384044617, -0.00177850876935], [-2.77028248092e-005, 0.000984310987405, -0.000170028710272, 0.000339036545483, -0.00257193529978, 0.00935126841068, -0.00440569967031, 0.00255259708501, -0.00306957960129, 0.00350602599792, -0.00188375939615, -0.00113280268852, 0.00106421590317], [0.000229242010391, -0.000483302108478, -0.000355295924237, -0.00139172526542, 0.00122953148093, -0.00440569967031, 0.0113650336862, -0.00558113539591, 0.00417550466955, -0.00544432085007, 0.00360535131767, 0.000255223596469, -0.00205226941034], [-0.000174480024725, 0.000163562173839, -0.000328743102727, 0.0018121820176, -0.00220153224654, 0.00255259708501, -0.00558113539591, 0.0137341329828, -0.00898040365428, 0.00474155694246, -0.0031443531625, 0.00318913836963, -0.001449521631], [-0.00032322134939, 0.00015207513934, 0.000170188752236, -0.000956734467763, 0.00230931281112, -0.00306957960129, 0.00417550466955, -0.00898040365428, 0.0169205684215, -0.00801054760814, 0.00353205087595, -0.00317332125269, 0.00272504193708], [0.000430315325502, -0.000838524778374, -0.00089124502847, 0.000328925787471, -0.00200517312624, 0.00350602599792, -0.00544432085007, 0.00474155694246, -0.00801054760814, 0.0180760938674, -0.00866291020066, 0.00477487780154, -0.00434813462198], [0.000172278058017, 0.000573502562474, -0.000103364414827, 0.000958824530244, -0.000285603688098, -0.00188375939615, 0.00360535131767, -0.0031443531625, 0.00353205087595, -0.00866291020066, 0.0193587113172, -0.0135020418093, 0.00575725315139], [-8.46390830702e-005, -0.000647104752716, 8.45647300594e-005, -0.0010250058258, 0.00118384044617, -0.00113280268852, 0.000255223596469, 0.00318913836963, -0.00317332125269, 0.00477487780154, -0.0135020418093, 0.0249602049589, -0.00896496605128], [0.000312170479447, 0.000137475537485, -0.00098869309295, 0.00134443701245, -0.00177850876935, 0.00106421590317, -0.00205226941034, -0.001449521631, 0.00272504193708, -0.00434813462198, 0.00575725315139, -0.00896496605128, 0.016036875546]]
    },
    "spectral_contrast_coeffs": {
        "mean": [-0.620970726013, -0.712478220463, -0.774822354317, -0.808975219727, -0.809844553471, -0.775196433067],
        "var": [0.00693548470736, 0.00743075506762, 0.00469311419874, 0.00167270505335, 0.00169177772477, 0.00372150703333]
    },
    "spectral_contrast_valleys": {
        "mean": [-7.91821098328, -6.95339250565, -7.81165075302, -8.29321193695, -8.24374675751, -10.8247861862],
        "var": [2.32544088364, 1.44131433964, 1.5300039053, 1.22658765316, 1.24836421013, 3.82067322731]
    }
},
"metadata": {
    "audio_properties": {
        "analysis_sample_rate": 44100,
        "bit_rate": 128074,
        "equal_loudness": 0,
        "length": 45.0612258911,
        "lossless": 0,
        "replay_gain": -5.90011024475,
        "sample_rate": 44100,
        "codec": "mp3",
        "downmix": "mix",
        "md5_encoded": "7a098042c643f2479111e25efb5cdabc"
    },
    "tags": {
        "file_name": "1750.mp3"
    },
    "version": {
        "essentia": "2.1-beta2",
        "essentia_git_sha": "v2.1_beta2",
        "extractor": "music 1.0"
    }
},
"rhythm": {
    "beats_count": 97,
    "beats_loudness": {
        "mean": 0.031171515584,
        "var": 0.000829610682558
    },
    "bpm": 129.944381714,
    "bpm_histogram_first_peak_bpm": {
        "mean": 129,
        "var": 0
    },
    "bpm_histogram_first_peak_spread": {
        "mean": 0.287234038115,
        "var": 0
    },
    "bpm_histogram_first_peak_weight": {
        "mean": 0.697916686535,
        "var": 0
    },
    "bpm_histogram_second_peak_bpm": {
        "mean": 120,
        "var": 0
    },
    "bpm_histogram_second_peak_spread": {
        "mean": 0.5,
        "var": 0
    },
    "bpm_histogram_second_peak_weight": {
        "mean": 0.0104166669771,
        "var": 0
    },
    "danceability": 0.943884253502,
    "onset_rate": 5.98914718628,
    "beats_loudness_band_ratio": {
        "mean": [0.371927857399, 0.20491963625, 0.247422248125, 0.0932545810938, 0.044707454741, 0.0726471021771],
        "var": [0.0515158362687, 0.0181369464844, 0.0270223598927, 0.00717726256698, 0.00146339240018, 0.00413974188268]
    },
    "beats_position": [0.46439909935, 0.952018141747, 1.45124709606, 1.92725622654, 2.39165520668, 2.85605430603, 3.32045340538, 3.78485250473, 4.2492518425, 4.71365070343, 5.17804956436, 5.64244890213, 6.09523820877, 6.54802703857, 7.01242637634, 7.47682523727, 7.94122457504, 8.40562343597, 8.87002277374, 9.33442115784, 9.78721046448, 10.2399997711, 10.7043991089, 11.1687984467, 11.6331968307, 12.0975961685, 12.5619955063, 13.0263938904, 13.479183197, 13.9319725037, 14.3963718414, 14.8607711792, 15.3135595322, 15.7663488388, 16.242357254, 16.7183666229, 17.1711559296, 17.6239452362, 18.088344574, 18.5527439117, 19.0171432495, 19.4815406799, 19.9459400177, 20.3987293243, 20.851518631, 21.3159179688, 21.7803173065, 22.2447166443, 22.7091159821, 23.1735134125, 23.6263027191, 24.0907020569, 24.5434913635, 25.0078907013, 25.4722900391, 25.9366893768, 26.4010887146, 26.8538761139, 27.3182754517, 27.7710647583, 28.2354640961, 28.6998634338, 29.1642627716, 29.6286621094, 30.0930614471, 30.5458488464, 30.9986381531, 31.4630374908, 31.9274368286, 32.391834259, 32.8562355042, 33.3206329346, 33.7850341797, 34.2378234863, 34.690612793, 35.1550102234, 35.6194114685, 36.0838088989, 36.5482063293, 37.0126075745, 37.4770050049, 37.9297943115, 38.3825836182, 38.8469848633, 39.3113822937, 39.7757797241, 40.2401809692, 40.7045783997, 41.1689796448, 41.6217689514, 42.0745582581, 42.5389556885, 43.0033569336, 43.467754364, 43.9321517944, 44.3965530396, 44.86095047]
},
"tonal": {
    "chords_changes_rate": 0.0617283955216,
    "chords_number_rate": 0.00925925932825,
    "chords_strength": {
        "mean": 0.505421936512,
        "var": 0.00879525765777
    },
    "hpcp_entropy": {
        "mean": 1.61233782768,
        "var": 0.692830085754
    },
    "key_strength": 0.591544628143,
    "tuning_diatonic_strength": 0.505359709263,
    "tuning_equal_tempered_deviation": 0.231434255838,
    "tuning_frequency": 433.691802979,
    "tuning_nontempered_energy_ratio": 0.960084617138,
    "hpcp": {
        "mean": [0.0837991088629, 0.0709899887443, 0.0491241812706, 0.0459748096764, 0.0633193850517, 0.0937692895532, 0.120747491717, 0.118702106178, 0.0962918996811, 0.100723586977, 0.107161283493, 0.150897011161, 0.428550720215, 0.575264334679, 0.334042012691, 0.151844739914, 0.100965544581, 0.0695493668318, 0.0763728916645, 0.0728166475892, 0.0757675468922, 0.110743694007, 0.130686864257, 0.124611102045, 0.117649808526, 0.0901143625379, 0.0725595727563, 0.092288210988, 0.101027823985, 0.0842798277736, 0.0764786228538, 0.0737723782659, 0.0680609866977, 0.105818033218, 0.125807359815, 0.0962539091706],
        "var": [0.030901869759, 0.025156237185, 0.0123317958787, 0.0119982883334, 0.015846952796, 0.0307331066579, 0.043815523386, 0.0536882989109, 0.0348051786423, 0.0437770262361, 0.04474690184, 0.0468326769769, 0.113036192954, 0.15836301446, 0.0702647939324, 0.0631954744458, 0.0396663062274, 0.0239412151277, 0.0322864428163, 0.025356259197, 0.0257387533784, 0.0492690913379, 0.0579292103648, 0.0507733561099, 0.0356726199389, 0.023982398212, 0.0227080732584, 0.0345027931035, 0.0461044758558, 0.0312876589596, 0.0294964984059, 0.0302836187184, 0.0213220082223, 0.0351552143693, 0.0405629687011, 0.0250134021044]
    },
    "chords_histogram": [11.2139921188, 9.25925922394, 37.139919281, 0, 0, 3.29218101501, 0, 16.872428894, 1.95473253727, 16.3580245972, 0, 0, 0, 0, 0, 0, 0.102880656719, 1.13168728352, 0, 1.33744859695, 0, 0.411522626877, 0.925925910473, 0],
    "thpcp": [1, 0.580675661564, 0.263956457376, 0.175511568785, 0.120899841189, 0.132761389017, 0.126579463482, 0.131709098816, 0.192509233952, 0.227177068591, 0.216615378857, 0.204514339566, 0.156648620963, 0.126132577658, 0.160427480936, 0.175619825721, 0.146506264806, 0.132945179939, 0.128240838647, 0.118312545121, 0.183946803212, 0.218694865704, 0.167321190238, 0.145670607686, 0.123404122889, 0.0853940993547, 0.079919449985, 0.110070072114, 0.163002088666, 0.209899142385, 0.206343591213, 0.167387217283, 0.175090968609, 0.186281815171, 0.262308984995, 0.744963109493],
    "chords_key": "C#",
    "chords_scale": "minor",
    "key_key": "F#",
    "key_scale": "minor"
}
}