{
"lowlevel": {
    "average_loudness": 0.599549531937,
    "barkbands_crest": {
        "mean": 11.9896221161,
        "var": 26.9177284241
    },
    "barkbands_flatness_db": {
        "mean": 0.193988636136,
        "var": 0.00850306544453
    },
    "barkbands_kurtosis": {
        "mean": 29.1099414825,
        "var": 2501.21801758
    },
    "barkbands_skewness": {
        "mean": 3.40771770477,
        "var": 7.86334037781
    },
    "barkbands_spread": {
        "mean": 12.9102592468,
        "var": 115.802108765
    },
    "dissonance": {
        "mean": 0.459250897169,
        "var": 0.000958758755587
    },
    "dynamic_complexity": 6.98204278946,
    "erbbands_crest": {
        "mean": 8.64200687408,
        "var": 13.1577138901
    },
    "erbbands_flatness_db": {
        "mean": 0.15194542706,
        "var": 0.00175771000795
    },
    "erbbands_kurtosis": {
        "mean": 1.42354178429,
        "var": 59.5930213928
    },
    "erbbands_skewness": {
        "mean": 0.728618085384,
        "var": 1.03350257874
    },
    "erbbands_spread": {
        "mean": 40.6626396179,
        "var": 344.44152832
    },
    "hfc": {
        "mean": 12.3001670837,
        "var": 308.690185547
    },
    "melbands_crest": {
        "mean": 16.7630367279,
        "var": 36.342300415
    },
    "melbands_flatness_db": {
        "mean": 0.278320223093,
        "var": 0.0120589630678
    },
    "melbands_kurtosis": {
        "mean": 56.4767532349,
        "var": 6125.25146484
    },
    "melbands_skewness": {
        "mean": 4.50446271896,
        "var": 9.53967475891
    },
    "melbands_spread": {
        "mean": 12.8413305283,
        "var": 171.758468628
    },
    "pitch_salience": {
        "mean": 0.493465960026,
        "var": 0.0212956424803
    },
    "silence_rate_20dB": {
        "mean": 0.998977482319,
        "var": 0.00102146191057
    },
    "silence_rate_30dB": {
        "mean": 0.980061352253,
        "var": 0.0195405390114
    },
    "silence_rate_60dB": {
        "mean": 0.244887530804,
        "var": 0.18491640687
    },
    "spectral_centroid": {
        "mean": 822.565551758,
        "var": 280747
    },
    "spectral_complexity": {
        "mean": 10.9253578186,
        "var": 100.22795105
    },
    "spectral_decrease": {
        "mean": -6.12311623627e-009,
        "var": 1.22007843332e-016
    },
    "spectral_energy": {
        "mean": 0.0242256931961,
        "var": 0.00181531172711
    },
    "spectral_energyband_high": {
        "mean": 0.000278703955701,
        "var": 2.05317476798e-007
    },
    "spectral_energyband_low": {
        "mean": 0.0132883908227,
        "var": 0.00144077755976
    },
    "spectral_energyband_middle_high": {
        "mean": 0.00381039502099,
        "var": 4.34983012383e-005
    },
    "spectral_energyband_middle_low": {
        "mean": 0.00787886977196,
        "var": 0.000117170158774
    },
    "spectral_entropy": {
        "mean": 7.26147413254,
        "var": 0.305081933737
    },
    "spectral_flux": {
        "mean": 0.0706125423312,
        "var": 0.00438181031495
    },
    "spectral_kurtosis": {
        "mean": 5.33391284943,
        "var": 14.8304510117
    },
    "spectral_rms": {
        "mean": 0.00395145872608,
        "var": 8.02076010586e-006
    },
    "spectral_rolloff": {
        "mean": 708.26361084,
        "var": 508562.71875
    },
    "spectral_skewness": {
        "mean": 1.83053743839,
        "var": 0.215640470386
    },
    "spectral_spread": {
        "mean": 4584400,
        "var": 2.1992397865e+012
    },
    "spectral_strongpeak": {
        "mean": 0.491488456726,
        "var": 0.824055612087
    },
    "zerocrossingrate": {
        "mean": 0.0340326540172,
        "var": 0.000542999710888
    },
    "barkbands": {
        "mean": [0.000496157619637, 0.00803718343377, 0.00378866656683, 0.00179052352905, 0.00173432927113, 0.00157575134654, 0.00110235007014, 0.000416011025663, 0.00116002326831, 0.000361825950677, 0.000241273359279, 0.000775285065174, 0.000594358833041, 0.000408290012274, 0.000330554001266, 0.000317446538247, 0.000302807166008, 0.000352102419129, 0.000126078244648, 6.47286724416e-005, 5.11002108396e-005, 4.9966685765e-005, 3.70666020899e-005, 3.28337009705e-005, 6.19441925664e-005, 1.64839566423e-005, 5.59967418212e-007],
        "var": [1.17192280413e-006, 0.0008676420548, 7.7476426668e-005, 1.0675885278e-005, 8.80334391695e-006, 1.35844593387e-005, 4.53209577245e-006, 9.13365340693e-007, 6.41506403554e-006, 5.44166709915e-007, 4.70692384624e-007, 2.27535474551e-006, 3.62586479241e-006, 6.90817216764e-007, 3.76865415319e-007, 9.85470592241e-007, 4.17519316898e-007, 8.56448821196e-007, 6.12703843217e-008, 2.07556265508e-008, 7.23900273059e-009, 1.00718846596e-008, 5.00390395786e-009, 2.72083555686e-009, 1.14003002594e-008, 1.60651203451e-009, 3.56544351335e-012]
    },
    "erbbands": {
        "mean": [0.226943150163, 1.77900397778, 4.73050260544, 5.18457937241, 5.43148088455, 6.30190181732, 10.5831050873, 11.4314517975, 10.9956188202, 17.70170784, 15.7165622711, 26.9876213074, 12.0172338486, 9.9840259552, 13.717792511, 32.4390563965, 29.7564105988, 22.0067310333, 19.3168048859, 17.0861930847, 18.8119468689, 19.4076423645, 18.1879482269, 8.78234195709, 5.68509435654, 3.01663422585, 1.95029771328, 2.13017749786, 1.80478799343, 1.54960024357, 0.955068767071, 0.705023169518, 0.559537291527, 0.630840837955, 0.461953610182, 0.125368103385, 0.0208477899432, 0.00278627523221, 8.1016580225e-005, 3.09166389343e-005],
        "var": [0.359237581491, 56.7216758728, 176.44430542, 88.2633361816, 67.8268661499, 170.517990112, 655.213684082, 670.994873047, 573.772216797, 1384.02746582, 1164.53735352, 3627.55737305, 535.514709473, 417.818206787, 828.174194336, 4434.51708984, 7093.23730469, 2095.31030273, 1564.06103516, 2822.33984375, 1541.91894531, 1695.30187988, 1697.27099609, 393.226623535, 161.078735352, 38.9025306702, 11.9558477402, 13.6934623718, 13.4941911697, 10.4966650009, 2.88722372055, 1.3618837595, 0.792607426643, 1.15514218807, 0.650331020355, 0.0701173320413, 0.00364782125689, 7.45471770642e-005, 4.88719145153e-008, 2.51430964937e-009]
    },
    "gfcc": {
        "mean": [-90.5247344971, 118.447113037, -99.2723770142, 44.0710678101, -47.4159202576, 22.900062561, -35.8861579895, 14.4010639191, -17.6946334839, -2.88213229179, -11.0100688934, -9.21207618713, -10.8074121475],
        "cov": [[17611.3417969, -2232.61328125, -1898.93579102, -1958.17553711, -454.23739624, -11.5794324875, -1297.80407715, 190.714828491, -920.053222656, 1064.1295166, -447.748962402, 1197.13635254, -309.777618408], [-2232.61328125, 987.953857422, 144.215805054, 225.86076355, 151.890731812, -142.55960083, 205.150756836, -179.209991455, 170.028549194, -281.620269775, 200.676834106, -221.962677002, 103.910720825], [-1898.93579102, 144.215805054, 1055.60827637, 336.292572021, 137.229980469, 163.85005188, 249.967193604, 67.5175857544, 117.318481445, -77.0429611206, -27.3310279846, -117.866195679, 32.4728507996], [-1958.17553711, 225.86076355, 336.292572021, 405.22543335, 132.049102783, 69.2490463257, 191.518035889, 8.1914396286, 149.769485474, -118.797157288, 68.9878311157, -159.321121216, 42.9559745789], [-454.23739624, 151.890731812, 137.229980469, 132.049102783, 283.803009033, 45.25573349, 101.908607483, 3.07014989853, 65.708442688, -42.310382843, 49.7656822205, -24.7926254272, 2.36617207527], [-11.5794324875, -142.55960083, 163.85005188, 69.2490463257, 45.25573349, 186.933074951, 72.5957717896, 54.5295677185, 17.9108352661, 25.5228500366, -23.2488594055, 14.1718482971, 0.109440408647], [-1297.80407715, 205.150756836, 249.967193604, 191.518035889, 101.908607483, 72.5957717896, 227.337860107, 14.2406053543, 106.97819519, -80.2955474854, 36.1239852905, -100.788986206, 33.0082015991], [190.714828491, -179.209991455, 67.5175857544, 8.1914396286, 3.07014989853, 54.5295677185, 14.2406053543, 135.624252319, 6.64163017273, 57.9115562439, -31.8147315979, 20.8203086853, -1.23171150684], [-920.053222656, 170.028549194, 117.318481445, 149.769485474, 65.708442688, 17.9108352661, 106.97819519, 6.64163017273, 134.277984619, -43.0656471252, 48.3336639404, -72.050453186, 19.4484596252], [1064.1295166, -281.620269775, -77.0429611206, -118.797157288, -42.310382843, 25.5228500366, -80.2955474854, 57.9115562439, -43.0656471252, 149.197631836, -46.3387451172, 102.497947693, -34.1834335327], [-447.748962402, 200.676834106, -27.3310279846, 68.9878311157, 49.7656822205, -23.2488594055, 36.1239852905, -31.8147315979, 48.3336639404, -46.3387451172, 96.3372879028, -26.6631526947, 30.3213157654], [1197.13635254, -221.962677002, -117.866195679, -159.321121216, -24.7926254272, 14.1718482971, -100.788986206, 20.8203086853, -72.050453186, 102.497947693, -26.6631526947, 150.054000854, -23.3023662567], [-309.777618408, 103.910720825, 32.4728507996, 42.9559745789, 2.36617207527, 0.109440408647, 33.0082015991, -1.23171150684, 19.4484596252, -34.1834335327, 30.3213157654, -23.3023662567, 62.3656692505]],
        "icov": [[0.000233790371567, -0.000222685339395, 0.00015587026428, 0.000360780773917, -0.000199429268832, -0.000386804516893, 0.000515253515914, -0.000133299676236, 0.000431417371146, -0.000795606290922, 0.000371192552848, -0.000505019736011, -4.24182098868e-006], [-0.000222685339395, 0.00742648588493, -0.00136985688005, 0.00371892354451, -0.00144010025542, 0.00370126939379, -0.00249568140134, 0.00431085005403, -0.00392377423123, 0.00602319696918, -0.0082588000223, 0.00475437613204, -0.00355708994903], [0.00015587026428, -0.00136985688005, 0.00197076890618, -0.00163876544684, -7.40463747206e-006, -0.00113957969006, -0.000351246475475, -0.000928730354644, 0.000935622490942, -0.00118878413923, 0.00333002768457, -0.00158221973106, 0.000175499095349], [0.000360780773917, 0.00371892354451, -0.00163876544684, 0.010919990018, -0.00237407721579, -0.000934560317546, 0.000129460400785, 0.0014332778519, -0.00449026096612, 0.00248886970803, -0.00679054716602, 0.00709338439628, -0.00230460148305], [-0.000199429268832, -0.00144010025542, -7.40463747206e-006, -0.00237407721579, 0.00568325491622, -0.000586260051932, -0.00163087039255, -0.0011978065595, 0.000116918621643, 0.000834129925352, -0.000629935588222, -0.00312410807237, 0.00323252589442], [-0.000386804516893, 0.00370126939379, -0.00113957969006, -0.000934560317546, -0.000586260051932, 0.0110521242023, -0.00530429836363, 0.000836891238578, -0.00111503177322, 0.00260976492427, -0.00185858213808, -0.00106467900332, -0.0017403694801], [0.000515253515914, -0.00249568140134, -0.000351246475475, 0.000129460400785, -0.00163087039255, -0.00530429836363, 0.0138113722205, -0.00218315492384, -0.00292062759399, -0.000920843100175, 0.00275997933932, 0.00145346717909, -0.000863360648509], [-0.000133299676236, 0.00431085005403, -0.000928730354644, 0.0014332778519, -0.0011978065595, 0.000836891238578, -0.00218315492384, 0.013656353578, -0.00309705780819, -0.00219864584506, -0.00170080352109, 0.00353486137465, -0.00497074471787], [0.000431417371146, -0.00392377423123, 0.000935622490942, -0.00449026096612, 0.000116918621643, -0.00111503177322, -0.00292062759399, -0.00309705780819, 0.0199034642428, -0.00815126020461, -0.00124631263316, 0.000675788207445, 0.00295210117474], [-0.000795606290922, 0.00602319696918, -0.00118878413923, 0.00248886970803, 0.000834129925352, 0.00260976492427, -0.000920843100175, -0.00219864584506, -0.00815126020461, 0.0257958825678, -0.00418264977634, -0.0054212003015, 0.00201395270415], [0.000371192552848, -0.0082588000223, 0.00333002768457, -0.00679054716602, -0.000629935588222, -0.00185858213808, 0.00275997933932, -0.00170080352109, -0.00124631263316, -0.00418264977634, 0.0301764458418, -0.0105223301798, -0.00342659698799], [-0.000505019736011, 0.00475437613204, -0.00158221973106, 0.00709338439628, -0.00312410807237, -0.00106467900332, 0.00145346717909, 0.00353486137465, 0.000675788207445, -0.0054212003015, -0.0105223301798, 0.0256934575737, -0.0035372225102], [-4.24182098868e-006, -0.00355708994903, 0.000175499095349, -0.00230460148305, 0.00323252589442, -0.0017403694801, -0.000863360648509, -0.00497074471787, 0.00295210117474, 0.00201395270415, -0.00342659698799, -0.0035372225102, 0.0242027975619]]
    },
    "melbands": {
        "mean": [0.00210169516504, 0.00250429823063, 0.000931658432819, 0.00041199097177, 0.000349942973116, 0.000266573624685, 0.000185513010365, 0.000164814482559, 0.000165394856595, 0.000149582338054, 5.72489916522e-005, 4.13791349274e-005, 4.09065432905e-005, 6.62021921016e-005, 0.000104428261693, 4.43053431809e-005, 3.84779013984e-005, 3.39920443366e-005, 1.78099362529e-005, 2.32180464081e-005, 2.04475873034e-005, 1.90497339645e-005, 2.27305790759e-005, 1.3122476048e-005, 6.2054209593e-006, 4.48024229627e-006, 3.05769981424e-006, 1.78579318799e-006, 1.15664397526e-006, 1.2718655853e-006, 1.19884020933e-006, 1.04171556359e-006, 9.26135612644e-007, 8.27194924113e-007, 5.68553957692e-007, 4.57230470374e-007, 4.12715934317e-007, 3.66842044741e-007, 4.34935600424e-007, 5.72506280605e-007],
        "var": [4.47150960099e-005, 7.13655172149e-005, 2.30803766499e-006, 4.7603771236e-007, 6.12733117578e-007, 3.75419944021e-007, 1.41429538303e-007, 1.15079920704e-007, 1.35735490403e-007, 1.05959912844e-007, 1.27727339816e-008, 7.41762651302e-009, 1.01358237359e-008, 1.61950666211e-008, 6.48433768902e-008, 1.15495586428e-008, 6.76783207254e-009, 5.57357848763e-009, 1.38561861984e-009, 7.41466887888e-009, 1.78531867068e-009, 1.79539449974e-009, 3.0462037337e-009, 8.72011018949e-010, 2.18520548878e-010, 9.76046465873e-011, 5.41496535111e-011, 1.64387895657e-011, 4.92189275447e-012, 4.78353728156e-012, 4.92356242582e-012, 5.01768375114e-012, 3.67574720661e-012, 3.25192498797e-012, 1.14143969884e-012, 5.77260624284e-013, 5.05102687107e-013, 3.57211764508e-013, 5.32295616005e-013, 9.84414047674e-013]
    },
    "mfcc": {
        "mean": [-734.534179688, 140.403060913, 15.3725137711, 27.2484989166, 18.7816543579, 7.4837846756, 5.712474823, 9.83270835876, 2.90646886826, 4.51822328568, 4.4932141304, 3.70336103439, -0.514348268509],
        "cov": [[17426.1503906, -1032.65454102, -2345.09057617, -1740.21728516, -493.663970947, -458.810668945, -634.970336914, -714.277038574, -525.100830078, -882.079406738, 111.345863342, 40.6339187622, 10.2710161209], [-1032.65454102, 656.127502441, 60.5314216614, 168.31149292, 59.7547683716, 8.17669963837, 36.3834266663, 43.6841545105, -41.4525375366, -11.5995960236, -74.2381973267, 0.931732952595, 42.8386650085], [-2345.09057617, 60.5314216614, 884.675842285, 253.078277588, 91.036529541, 142.304107666, 144.779541016, 132.684783936, 170.020904541, 160.301116943, 20.362197876, -36.462310791, -8.95815086365], [-1740.21728516, 168.31149292, 253.078277588, 321.910491943, 124.324249268, 63.279209137, 83.1697845459, 90.2165985107, 50.5836334229, 115.151237488, -0.199031084776, -1.177313447, 16.362821579], [-493.663970947, 59.7547683716, 91.036529541, 124.324249268, 185.692108154, 66.3578643799, 57.3745269775, 65.4677047729, 23.520280838, 36.9577522278, 18.8390274048, 13.1342592239, 18.7325115204], [-458.810668945, 8.17669963837, 142.304107666, 63.279209137, 66.3578643799, 165.08190918, 68.1516571045, 66.023979187, 44.6072273254, 30.7326564789, 27.26288414, 26.8295917511, 6.38238334656], [-634.970336914, 36.3834266663, 144.779541016, 83.1697845459, 57.3745269775, 68.1516571045, 123.523735046, 77.5709533691, 56.1930160522, 63.5233650208, -6.83900976181, -4.83034515381, -1.36884582043], [-714.277038574, 43.6841545105, 132.684783936, 90.2165985107, 65.4677047729, 66.023979187, 77.5709533691, 113.307319641, 55.4817581177, 59.4828834534, 9.45988559723, 6.83228969574, 6.53472089767], [-525.100830078, -41.4525375366, 170.020904541, 50.5836334229, 23.520280838, 44.6072273254, 56.1930160522, 55.4817581177, 108.168380737, 81.4213485718, 24.2974567413, -5.10126972198, -14.8919067383], [-882.079406738, -11.5995960236, 160.301116943, 115.151237488, 36.9577522278, 30.7326564789, 63.5233650208, 59.4828834534, 81.4213485718, 132.883651733, 27.5529098511, -5.22430324554, -10.3013134003], [111.345863342, -74.2381973267, 20.362197876, -0.199031084776, 18.8390274048, 27.26288414, -6.83900976181, 9.45988559723, 24.2974567413, 27.5529098511, 81.2884979248, 23.9222221375, -2.66626572609], [40.6339187622, 0.931732952595, -36.462310791, -1.177313447, 13.1342592239, 26.8295917511, -4.83034515381, 6.83228969574, -5.10126972198, -5.22430324554, 23.9222221375, 61.1332817078, 20.1466999054], [10.2710161209, 42.8386650085, -8.95815086365, 16.362821579, 18.7325115204, 6.38238334656, -1.36884582043, 6.53472089767, -14.8919067383, -10.3013134003, -2.66626572609, 20.1466999054, 47.9940299988]],
        "icov": [[0.000194562366232, 7.65280201449e-005, 0.000261328415945, 0.000645808700938, -0.000194258769625, 3.99885684601e-005, -0.000210613579839, 0.000437202601461, -0.000175803957973, 0.000583024753723, -0.000569268013351, 0.000386062456528, -0.00039947355981], [7.65280201449e-005, 0.00224151648581, 7.24319688743e-005, -0.00111731945071, 4.69542974315e-005, 0.00021173292771, -0.000218936766032, -0.000511723279487, 0.000640446261968, 0.00110216974281, 0.00132878194563, -0.000159472911037, -0.00102966744453], [0.000261328415945, 7.24319688743e-005, 0.00251072878018, -0.00043711339822, 0.000224392628297, -0.000979643198662, -0.000621003098786, 0.000676639087033, -0.0028478235472, 0.00120282219723, -0.00102816161234, 0.00223064888269, -0.00118902768008], [0.000645808700938, -0.00111731945071, -0.00043711339822, 0.0105570591986, -0.00404229387641, -0.000357584271114, 0.000346515793353, 0.000359983125236, 0.00309796840884, -0.0055286497809, -0.00013546118862, 0.00100495654624, -0.00189037225209], [-0.000194258769625, 4.69542974315e-005, 0.000224392628297, -0.00404229387641, 0.00929585844278, -0.00121287500951, -0.00176947854925, -0.0025808957871, 0.000247317599133, 0.00185008230619, -0.00223680841736, 0.000443880911916, -0.00158308341634], [3.99885684601e-005, 0.00021173292771, -0.000979643198662, -0.000357584271114, -0.00121287500951, 0.0110298767686, -0.00439919205382, -0.00206624879502, -0.00132510857657, 0.00388383609243, -0.00277605652809, -0.00433735642582, 0.000992935732938], [-0.000210613579839, -0.000218936766032, -0.000621003098786, 0.000346515793353, -0.00176947854925, -0.00439919205382, 0.0196762066334, -0.00762090086937, -0.00122314016335, -0.00600358238444, 0.00688968226314, 0.000765834527556, 0.00127408409026], [0.000437202601461, -0.000511723279487, 0.000676639087033, 0.000359983125236, -0.0025808957871, -0.00206624879502, -0.00762090086937, 0.0212917719036, -0.00510584143922, 0.000275757338386, -0.00168939912692, -0.000135755253723, -0.0030294531025], [-0.000175803957973, 0.000640446261968, -0.0028478235472, 0.00309796840884, 0.000247317599133, -0.00132510857657, -0.00122314016335, -0.00510584143922, 0.0254286155105, -0.0123992310837, -0.000685663660988, -0.000526956166141, 0.00403014710173], [0.000583024753723, 0.00110216974281, 0.00120282219723, -0.0055286497809, 0.00185008230619, 0.00388383609243, -0.00600358238444, 0.000275757338386, -0.0123992310837, 0.0254558715969, -0.00783217512071, 0.00181375979446, -2.65110011242e-005], [-0.000569268013351, 0.00132878194563, -0.00102816161234, -0.00013546118862, -0.00223680841736, -0.00277605652809, 0.00688968226314, -0.00168939912692, -0.000685663660988, -0.00783217512071, 0.0221947319806, -0.00832190643996, 0.00329130212776], [0.000386062456528, -0.000159472911037, 0.00223064888269, 0.00100495654624, 0.000443880911916, -0.00433735642582, 0.000765834527556, -0.000135755253723, -0.000526956166141, 0.00181375979446, -0.00832190643996, 0.0262195337564, -0.0106655089185], [-0.00039947355981, -0.00102966744453, -0.00118902768008, -0.00189037225209, -0.00158308341634, 0.000992935732938, 0.00127408409026, -0.0030294531025, 0.00403014710173, -2.65110011242e-005, 0.00329130212776, -0.0106655089185, 0.0291024763137]]
    },
    "spectral_contrast_coeffs": {
        "mean": [-0.65032184124, -0.754002988338, -0.79872328043, -0.794295907021, -0.80023252964, -0.798424720764],
        "var": [0.00589743442833, 0.00903374888003, 0.00455282488838, 0.00667358236387, 0.00440613366663, 0.000835671846289]
    },
    "spectral_contrast_valleys": {
        "mean": [-7.5168170929, -7.44680213928, -8.1552696228, -8.57752323151, -8.66480064392, -11.05473423],
        "var": [1.00066518784, 1.28900396824, 1.55309140682, 1.57301127911, 1.47738862038, 2.03715777397]
    }
},
"metadata": {
    "audio_properties": {
        "analysis_sample_rate": 44100,
        "bit_rate": 128074,
        "equal_loudness": 0,
        "length": 45.3746948242,
        "lossless": 0,
        "replay_gain": -5.72265815735,
        "sample_rate": 44100,
        "codec": "mp3",
        "downmix": "mix",
        "md5_encoded": "970c26ebc9f8c3c1f4add038ab7d5fca"
    },
    "tags": {
        "file_name": "1751.mp3",
        "album": ["(none given)"],
        "artist": ["Blue Prostitutes"],
        "date": ["2009-07-12 10:10:37", "2009-07-12 10:10:37"],
        "title": ["Improv"],
        "tracknumber": ["1"]
    },
    "version": {
        "essentia": "2.1-beta2",
        "essentia_git_sha": "v2.1_beta2",
        "extractor": "music 1.0"
    }
},
"rhythm": {
    "beats_count": 80,
    "beats_loudness": {
        "mean": 0.0321821831167,
        "var": 0.00122293189634
    },
    "bpm": 102.69393158,
    "bpm_histogram_first_peak_bpm": {
        "mean": 103,
        "var": 0
    },
    "bpm_histogram_first_peak_spread": {
        "mean": 0.442307680845,
        "var": 0
    },
    "bpm_histogram_first_peak_weight": {
        "mean": 0.367088615894,
        "var": 0
    },
    "bpm_histogram_second_peak_bpm": {
        "mean": 123,
        "var": 0
    },
    "bpm_histogram_second_peak_spread": {
        "mean": 0.307692319155,
        "var": 0
    },
    "bpm_histogram_second_peak_weight": {
        "mean": 0.113924048841,
        "var": 0
    },
    "danceability": 0.977873206139,
    "onset_rate": 2.90780854225,
    "beats_loudness_band_ratio": {
        "mean": [0.678136408329, 0.127686470747, 0.100275076926, 0.0659999027848, 0.0417629554868, 0.0159038174897],
        "var": [0.0858135968447, 0.0179875455797, 0.0110594229773, 0.00670647900552, 0.00335283949971, 0.000235588609939]
    },
    "beats_position": [0.522448956966, 1.04489791393, 1.57895684242, 2.08979582787, 2.57741498947, 3.06503391266, 3.56426286697, 4.06349182129, 4.5627207756, 5.06195020676, 5.54956912994, 6.03718805313, 6.52480697632, 7.01242637634, 7.50004529953, 7.98766422272, 8.47528362274, 8.98612213135, 9.49696159363, 10.0310201645, 10.5766887665, 11.1223583221, 11.6680269241, 12.2833557129, 12.8870744705, 13.4675731659, 14.0480718613, 14.6285715103, 15.2090702057, 15.7895689011, 16.3468475342, 16.8925170898, 17.426574707, 18.0070743561, 18.5991840363, 19.179681778, 19.7834014893, 20.3871192932, 20.9908390045, 21.5945568085, 22.1982765198, 22.7903842926, 23.3824939728, 23.9629936218, 24.5318813324, 25.1239910126, 25.7044887543, 26.2849884033, 26.865486145, 27.4459857941, 28.0264854431, 28.6069831848, 29.1874828339, 29.7795906067, 30.3717002869, 30.9638080597, 31.5443077087, 32.1248054504, 32.7053070068, 33.2741928101, 33.843082428, 34.4351921082, 35.0273017883, 35.6194114685, 36.211517334, 36.8268470764, 37.4305648804, 38.0110664368, 38.5915641785, 39.1720619202, 39.7525634766, 40.3330612183, 40.9019508362, 41.4824485779, 42.0629463196, 42.6434440613, 43.2123336792, 43.7928352356, 44.3733329773, 44.953830719]
},
"tonal": {
    "chords_changes_rate": 0.0898876413703,
    "chords_number_rate": 0.0143003063276,
    "chords_strength": {
        "mean": 0.442436814308,
        "var": 0.0136134168133
    },
    "hpcp_entropy": {
        "mean": 2.2132833004,
        "var": 0.55830091238
    },
    "key_strength": 0.641382575035,
    "tuning_diatonic_strength": 0.473682194948,
    "tuning_equal_tempered_deviation": 0.164810478687,
    "tuning_frequency": 434.193115234,
    "tuning_nontempered_energy_ratio": 0.821645379066,
    "hpcp": {
        "mean": [0.254181355238, 0.214937955141, 0.111444815993, 0.0672280490398, 0.0715059265494, 0.0953771695495, 0.125435650349, 0.101469032466, 0.0645854920149, 0.0698431506753, 0.065558411181, 0.0824498236179, 0.123661786318, 0.130940780044, 0.116586394608, 0.110603548586, 0.109982289374, 0.12380746752, 0.116320125759, 0.0924668684602, 0.161623239517, 0.286270797253, 0.257863879204, 0.222017601132, 0.249541968107, 0.145313039422, 0.0621668584645, 0.0946632474661, 0.133784115314, 0.166859701276, 0.171698540449, 0.110502444208, 0.0638857483864, 0.0555788949132, 0.0672016218305, 0.156698346138],
        "var": [0.115408167243, 0.104111723602, 0.0445874370635, 0.0230976250023, 0.0252699162811, 0.0334256961942, 0.0486103408039, 0.0346817262471, 0.022816600278, 0.0303393434733, 0.0252249538898, 0.0293280798942, 0.0512021109462, 0.0566421598196, 0.0559973791242, 0.0463280305266, 0.0410502031446, 0.0457313880324, 0.0479034557939, 0.0340853109956, 0.0591390877962, 0.126136288047, 0.0936122834682, 0.0756601393223, 0.117273025215, 0.0508513189852, 0.0188542790711, 0.0331501327455, 0.0621708147228, 0.0726741626859, 0.0874204784632, 0.0501403212547, 0.0236228778958, 0.0189958810806, 0.0218159966171, 0.0654182806611]
    },
    "chords_histogram": [14.6067419052, 16.9560775757, 2.86006116867, 0, 10.0102148056, 0, 0.817160367966, 0, 1.83861076832, 0, 0.408580183983, 0.817160367966, 0, 3.67722153664, 2.4514811039, 19.1011238098, 1.63432073593, 1.32788562775, 2.2471909523, 15.2196121216, 1.53217566013, 0.204290091991, 3.67722153664, 0.612870275974],
    "thpcp": [1, 0.90076905489, 0.775551021099, 0.871698975563, 0.50760692358, 0.217161014676, 0.330677270889, 0.467334121466, 0.582873642445, 0.599776625633, 0.386006683111, 0.223165437579, 0.194147974253, 0.234748438001, 0.547378063202, 0.887905299664, 0.750820398331, 0.389298588037, 0.234840750694, 0.249784216285, 0.333171159029, 0.438171297312, 0.354451209307, 0.225609779358, 0.243975818157, 0.229008376598, 0.288013398647, 0.431974858046, 0.457401812077, 0.407259136438, 0.386359870434, 0.38418969512, 0.432483762503, 0.406329005957, 0.323004901409, 0.564581632614],
    "chords_key": "D",
    "chords_scale": "minor",
    "key_key": "A",
    "key_scale": "major"
}
}