{
"lowlevel": {
    "average_loudness": 0.9211602211,
    "barkbands_crest": {
        "mean": 12.1991252899,
        "var": 33.3135299683
    },
    "barkbands_flatness_db": {
        "mean": 0.146904617548,
        "var": 0.0101844649762
    },
    "barkbands_kurtosis": {
        "mean": 13.9358263016,
        "var": 2065.50610352
    },
    "barkbands_skewness": {
        "mean": 2.2591779232,
        "var": 5.51761388779
    },
    "barkbands_spread": {
        "mean": 26.5567131042,
        "var": 347.377410889
    },
    "dissonance": {
        "mean": 0.475368618965,
        "var": 0.000538570981007
    },
    "dynamic_complexity": 2.96711850166,
    "erbbands_crest": {
        "mean": 9.22072315216,
        "var": 31.0453300476
    },
    "erbbands_flatness_db": {
        "mean": 0.134533241391,
        "var": 0.00399310700595
    },
    "erbbands_kurtosis": {
        "mean": 1.57786285877,
        "var": 36.3408966064
    },
    "erbbands_skewness": {
        "mean": 0.0704215914011,
        "var": 1.18050587177
    },
    "erbbands_spread": {
        "mean": 49.725479126,
        "var": 786.757324219
    },
    "hfc": {
        "mean": 18.3817634583,
        "var": 421.091400146
    },
    "melbands_crest": {
        "mean": 17.3459644318,
        "var": 47.3237037659
    },
    "melbands_flatness_db": {
        "mean": 0.229536116123,
        "var": 0.0151207270101
    },
    "melbands_kurtosis": {
        "mean": 39.3621444702,
        "var": 6207.27294922
    },
    "melbands_skewness": {
        "mean": 4.11269855499,
        "var": 10.3382787704
    },
    "melbands_spread": {
        "mean": 24.1984786987,
        "var": 494.335662842
    },
    "pitch_salience": {
        "mean": 0.525875687599,
        "var": 0.0271753352135
    },
    "silence_rate_20dB": {
        "mean": 1,
        "var": 0
    },
    "silence_rate_30dB": {
        "mean": 0.968589067459,
        "var": 0.0304246544838
    },
    "silence_rate_60dB": {
        "mean": 0.0633367672563,
        "var": 0.0593263059855
    },
    "spectral_centroid": {
        "mean": 1482.33447266,
        "var": 605743.875
    },
    "spectral_complexity": {
        "mean": 15.4428424835,
        "var": 120.455711365
    },
    "spectral_decrease": {
        "mean": -8.08382871753e-009,
        "var": 8.02474977587e-017
    },
    "spectral_energy": {
        "mean": 0.0321775078773,
        "var": 0.00120755087119
    },
    "spectral_energyband_high": {
        "mean": 0.00117514620069,
        "var": 3.52274514626e-006
    },
    "spectral_energyband_low": {
        "mean": 0.0188890006393,
        "var": 0.000709005398676
    },
    "spectral_energyband_middle_high": {
        "mean": 0.00402876315638,
        "var": 2.13476869249e-005
    },
    "spectral_energyband_middle_low": {
        "mean": 0.00937888771296,
        "var": 0.000329962262185
    },
    "spectral_entropy": {
        "mean": 7.70840406418,
        "var": 0.43541803956
    },
    "spectral_flux": {
        "mean": 0.111309066415,
        "var": 0.00498790573329
    },
    "spectral_kurtosis": {
        "mean": 4.79603815079,
        "var": 101.601242065
    },
    "spectral_rms": {
        "mean": 0.00489711482078,
        "var": 7.41097983337e-006
    },
    "spectral_rolloff": {
        "mean": 1539.92700195,
        "var": 3288603.75
    },
    "spectral_skewness": {
        "mean": 1.49408960342,
        "var": 0.715238511562
    },
    "spectral_spread": {
        "mean": 5587257.5,
        "var": 4.60174970061e+012
    },
    "spectral_strongpeak": {
        "mean": 0.527560353279,
        "var": 0.58396589756
    },
    "zerocrossingrate": {
        "mean": 0.0691350400448,
        "var": 0.00222107418813
    },
    "barkbands": {
        "mean": [0.000995081034489, 0.0130287399516, 0.00364036974497, 0.00330848130397, 0.00382953858934, 0.000895775505342, 0.00059688888723, 0.000267970288405, 0.000366792897694, 0.000446764141088, 0.000599539838731, 0.000567753100768, 0.00054211972747, 0.000676737341564, 0.000325670524035, 0.000279930100078, 0.000210116399103, 0.000184316959349, 0.000159377697855, 0.000209926947718, 0.000224963572691, 0.000240229011979, 0.000212295839447, 0.000184714124771, 0.000115461618407, 6.10996285104e-005, 6.88287309458e-006],
        "var": [4.84142901769e-006, 0.000464963319246, 5.73901670577e-005, 6.18177218712e-005, 7.08574734745e-005, 6.34788193565e-006, 2.73468572232e-006, 3.67160311043e-007, 6.44297017516e-007, 1.08832580281e-006, 2.0142442736e-006, 2.28170256378e-006, 1.90660750832e-006, 3.0838029943e-006, 5.53695315375e-007, 6.0501201915e-007, 1.69327378785e-007, 1.30109597762e-007, 6.60453878254e-008, 1.00770755296e-007, 1.39365056384e-007, 1.66029877846e-007, 1.48298411773e-007, 1.11808681424e-007, 4.85107740644e-008, 9.25267951146e-009, 1.08306683066e-010]
    },
    "erbbands": {
        "mean": [0.449024140835, 2.62529039383, 4.14669036865, 8.21545028687, 16.7292633057, 8.67827033997, 5.86159896851, 7.53818702698, 8.72805213928, 7.6339764595, 6.33571577072, 8.58212089539, 11.4764547348, 19.9233894348, 22.5659503937, 24.0283679962, 24.664434433, 33.4778366089, 24.1860637665, 17.1609573364, 13.9749898911, 11.8856706619, 10.6260375977, 7.71853303909, 9.09503364563, 10.7789506912, 9.4644613266, 8.09941482544, 7.85498142242, 8.59036827087, 5.95478200912, 3.95685148239, 2.96522855759, 1.55350458622, 0.664645195007, 0.301619768143, 0.0985880866647, 0.0241584274918, 0.00074209633749, 5.55861151952e-005],
        "var": [0.586483776569, 19.2854137421, 54.846244812, 306.265686035, 1662.44152832, 318.21661377, 232.159164429, 483.697601318, 595.881713867, 351.616760254, 246.906860352, 329.044281006, 636.151733398, 1725.35900879, 2906.69335938, 4112.73535156, 3713.52319336, 6996.46142578, 3125.30859375, 1536.8404541, 983.641357422, 506.484710693, 448.721282959, 191.58291626, 189.563522339, 286.351257324, 250.04296875, 173.470443726, 165.667633057, 204.085235596, 138.293991089, 47.2793655396, 31.2671394348, 7.8291182518, 1.81348741055, 0.304868370295, 0.0200065299869, 0.00127720658202, 1.19074411487e-006, 2.78057754599e-009]
    },
    "gfcc": {
        "mean": [-16.2901668549, 73.0597000122, -93.5303344727, 42.8413619995, -44.8229064941, 27.5534973145, -26.9514598846, 5.78347015381, -25.5437450409, 3.51150989532, -18.9958381653, 2.61222648621, -13.2434244156],
        "cov": [[9265.31542969, -1849.28820801, -448.068359375, -169.34135437, -1221.32775879, 81.2666473389, -986.466125488, 10.5066480637, -429.317901611, 165.254989624, -328.471862793, 112.837562561, -301.89630127], [-1849.28820801, 1974.58874512, -233.498458862, -138.848327637, 660.492492676, -126.779136658, 458.802337646, -123.037368774, 236.733291626, -199.134048462, 110.143867493, -202.281936646, 156.834701538], [-448.068359375, -233.498458862, 1330.43774414, 299.226959229, -115.819633484, -11.8368711472, -51.5934410095, 85.8119506836, -17.9938755035, 104.058753967, 25.6224918365, 74.3455200195, -50.6891937256], [-169.34135437, -138.848327637, 299.226959229, 511.360931396, 114.239303589, 2.26168966293, 45.911567688, 59.7875289917, 36.898853302, -19.0179519653, 33.9614639282, 9.59805393219, 13.9936981201], [-1221.32775879, 660.492492676, -115.819633484, 114.239303589, 704.075256348, 134.102737427, 341.384216309, -7.0830116272, 124.707992554, -48.8527870178, 97.4955215454, -73.4052886963, 91.7777557373], [81.2666473389, -126.779136658, -11.8368711472, 2.26168966293, 134.102737427, 246.965499878, 84.3380279541, 31.3577728271, -11.7171478271, 57.9975395203, 34.9727554321, 12.5629396439, 10.0557813644], [-986.466125488, 458.802337646, -51.5934410095, 45.911567688, 341.384216309, 84.3380279541, 362.678253174, 23.6725673676, 96.783416748, -36.1868438721, 79.1090011597, -37.2622451782, 78.7601089478], [10.5066480637, -123.037368774, 85.8119506836, 59.7875289917, -7.0830116272, 31.3577728271, 23.6725673676, 142.319549561, 33.5419998169, 26.9693450928, 3.63559675217, 34.2383995056, 13.1462240219], [-429.317901611, 236.733291626, -17.9938755035, 36.898853302, 124.707992554, -11.7171478271, 96.783416748, 33.5419998169, 138.50958252, 22.5139560699, 36.4338226318, -21.9556941986, 53.0119056702], [165.254989624, -199.134048462, 104.058753967, -19.0179519653, -48.8527870178, 57.9975395203, -36.1868438721, 26.9693450928, 22.5139560699, 139.665512085, 44.0161209106, 26.3352661133, -18.7638835907], [-328.471862793, 110.143867493, 25.6224918365, 33.9614639282, 97.4955215454, 34.9727554321, 79.1090011597, 3.63559675217, 36.4338226318, 44.0161209106, 103.838661194, 16.5969181061, 11.9022922516], [112.837562561, -202.281936646, 74.3455200195, 9.59805393219, -73.4052886963, 12.5629396439, -37.2622451782, 34.2383995056, -21.9556941986, 26.3352661133, 16.5969181061, 94.5407409668, 4.28932523727], [-301.89630127, 156.834701538, -50.6891937256, 13.9936981201, 91.7777557373, 10.0557813644, 78.7601089478, 13.1462240219, 53.0119056702, -18.7638835907, 11.9022922516, 4.28932523727, 99.2711791992]],
        "icov": [[0.000205090866075, -0.000120851094835, 0.000175142820808, -0.000210596364923, 0.000236377192778, -0.000302882806864, 0.000322038191371, -0.000106167462945, 0.000320796418237, -0.000420317897806, 0.0005057232338, -0.000136775386636, 0.000198977839318], [-0.000120851094835, 0.00223916000687, -0.000602601910941, 0.00159696524497, -0.00111497344915, 0.00128771760501, -0.000629183545243, 0.000791935366578, -0.0022580109071, 0.00342145212926, -0.00304890610278, 0.00278053991497, -0.00104529305827], [0.000175142820808, -0.000602601910941, 0.00130178045947, -0.00118916702922, 0.000486990495119, -0.000106086226879, 2.02845112653e-005, -0.000446455873316, 0.0012010158971, -0.00221785833128, 0.00147115939762, -0.0012344350107, 0.000736924237572], [-0.000210596364923, 0.00159696524497, -0.00118916702922, 0.00390306883492, -0.00138131622225, 0.000926705426537, 6.02468353463e-005, -0.00041830984992, -0.00227627158165, 0.00416231108829, -0.00361155276187, 0.0021684486419, -0.000788440578617], [0.000236377192778, -0.00111497344915, 0.000486990495119, -0.00138131622225, 0.00420205947012, -0.00256751431152, -0.00109644490294, 0.000336984230671, -0.000335190590704, -0.00021777850634, 0.00017471476167, 8.05286836112e-005, 0.000237625950831], [-0.000302882806864, 0.00128771760501, -0.000106086226879, 0.000926705426537, -0.00256751431152, 0.00812893360853, -0.00244784331881, -0.000970320252236, 0.00308987265453, -0.00300848437473, -0.000835898099467, 0.00119799305685, -0.00168968911748], [0.000322038191371, -0.000629183545243, 2.02845112653e-005, 6.02468353463e-005, -0.00109644490294, -0.00244784331881, 0.00768549460918, -0.00163727754261, -0.0011001797393, 0.00239154743031, -0.00292037054896, 0.000993248540908, -0.00129706319422], [-0.000106167462945, 0.000791935366578, -0.000446455873316, -0.00041830984992, 0.000336984230671, -0.000970320252236, -0.00163727754261, 0.0104006538168, -0.00468249758705, 0.000479169742903, 0.0018904103199, -0.0033810378518, 0.00047589399037], [0.000320796418237, -0.0022580109071, 0.0012010158971, -0.00227627158165, -0.000335190590704, 0.00308987265453, -0.0011001797393, -0.00468249758705, 0.0186931379139, -0.0103658810258, 0.00230327714235, 0.00172976776958, -0.00532565172762], [-0.000420317897806, 0.00342145212926, -0.00221785833128, 0.00416231108829, -0.00021777850634, -0.00300848437473, 0.00239154743031, 0.000479169742903, -0.0103658810258, 0.0215142294765, -0.01262635272, 0.00391042232513, 0.00108928617556], [0.0005057232338, -0.00304890610278, 0.00147115939762, -0.00361155276187, 0.00017471476167, -0.000835898099467, -0.00292037054896, 0.0018904103199, 0.00230327714235, -0.01262635272, 0.0232374649495, -0.00969789270312, 0.00362125784159], [-0.000136775386636, 0.00278053991497, -0.0012344350107, 0.0021684486419, 8.05286836112e-005, 0.00119799305685, 0.000993248540908, -0.0033810378518, 0.00172976776958, 0.00391042232513, -0.00969789270312, 0.0202550943941, -0.00617791945115], [0.000198977839318, -0.00104529305827, 0.000736924237572, -0.000788440578617, 0.000237625950831, -0.00168968911748, -0.00129706319422, 0.00047589399037, -0.00532565172762, 0.00108928617556, 0.00362125784159, -0.00617791945115, 0.0166175030172]]
    },
    "melbands": {
        "mean": [0.00386306876317, 0.0026606800966, 0.00173360283952, 0.00100175850093, 0.000201563263545, 0.000170610772329, 0.00013158134243, 7.50246181269e-005, 5.1836737839e-005, 5.41945446457e-005, 5.68980467506e-005, 7.80613845563e-005, 8.07849210105e-005, 6.33768650005e-005, 5.41957815585e-005, 5.81654130656e-005, 6.39181234874e-005, 4.33013956354e-005, 2.38009470195e-005, 2.14949286601e-005, 1.5159911527e-005, 1.26823952087e-005, 9.94442143565e-006, 8.96295841812e-006, 5.74318391955e-006, 6.49992307444e-006, 6.14442842561e-006, 7.58902160669e-006, 5.28987538928e-006, 5.8060545598e-006, 4.48526907348e-006, 4.1547696128e-006, 5.1135934882e-006, 4.6381805987e-006, 3.65279765902e-006, 2.28287854043e-006, 2.53370671999e-006, 2.16087437366e-006, 1.68926396782e-006, 1.19151218314e-006],
        "var": [4.15505091951e-005, 1.71118863364e-005, 1.45855128721e-005, 5.03502542415e-006, 2.26070000053e-007, 2.35232221257e-007, 1.35975213311e-007, 3.02232798788e-008, 1.98877643243e-008, 1.27217143486e-008, 1.74457834845e-008, 2.85533570121e-008, 3.95067765169e-008, 3.15666000006e-008, 2.01595824478e-008, 2.41596538331e-008, 2.92877384567e-008, 1.2705353214e-008, 2.79521628066e-009, 4.53774395837e-009, 1.17107612496e-009, 6.57079668454e-010, 4.30333935153e-010, 3.7195826974e-010, 1.31169741735e-010, 1.17047496695e-010, 7.74755190558e-011, 1.66591115902e-010, 7.93999449522e-011, 1.12354694992e-010, 5.70471864192e-011, 4.76800231242e-011, 8.34837754482e-011, 5.71159126939e-011, 5.418504187e-011, 1.74160876693e-011, 2.06083154014e-011, 1.69973791986e-011, 1.02115338754e-011, 4.8324469426e-012]
    },
    "mfcc": {
        "mean": [-666.068725586, 104.14440155, 16.8337802887, 25.9482593536, 10.2321405411, 22.2881679535, 10.5403766632, 9.22630882263, 3.41343307495, 1.94933068752, -0.723327457905, 0.670669019222, 0.19632615149],
        "cov": [[8626.47558594, -1381.37915039, -398.374938965, -558.964172363, -450.193267822, -357.298370361, -560.609436035, -406.326171875, -351.625701904, -123.398178101, -235.418991089, -237.481323242, -169.009170532], [-1381.37915039, 1711.61450195, -446.122192383, 22.0969657898, 95.3478393555, 145.649047852, 192.579223633, 104.619056702, 124.144866943, 87.9652557373, 75.6401290894, -55.0018882751, -62.2358360291], [-398.374938965, -446.122192383, 1257.92077637, 239.505661011, 34.1370239258, -86.7254562378, -83.8857498169, -43.8852653503, -56.5495376587, -46.6964912415, 4.83022689819, 102.040496826, 73.9319915771], [-558.964172363, 22.0969657898, 239.505661011, 459.009521484, 152.746017456, 29.9592285156, 50.6956825256, 90.2599716187, 54.9882621765, 20.5624904633, 17.1803398132, 47.6265220642, 20.6120815277], [-450.193267822, 95.3478393555, 34.1370239258, 152.746017456, 268.455688477, 116.474502563, 103.696861267, 64.3086395264, 50.1559104919, 41.8335380554, 40.7942771912, 31.2576313019, 14.3796243668], [-357.298370361, 145.649047852, -86.7254562378, 29.9592285156, 116.474502563, 227.732116699, 160.036300659, 53.5957946777, 37.2315826416, 50.6196517944, 50.7033996582, 15.3441171646, 2.43621706963], [-560.609436035, 192.579223633, -83.8857498169, 50.6956825256, 103.696861267, 160.036300659, 245.395935059, 113.189849854, 61.5677261353, 52.1125602722, 60.1302032471, 28.1992473602, 9.48861312866], [-406.326171875, 104.619056702, -43.8852653503, 90.2599716187, 64.3086395264, 53.5957946777, 113.189849854, 149.234359741, 71.6566772461, 13.2679958344, 12.5404615402, 15.3243303299, 11.94734478], [-351.625701904, 124.144866943, -56.5495376587, 54.9882621765, 50.1559104919, 37.2315826416, 61.5677261353, 71.6566772461, 138.170501709, 56.9649047852, 1.64310014248, -4.85148048401, 17.8965148926], [-123.398178101, 87.9652557373, -46.6964912415, 20.5624904633, 41.8335380554, 50.6196517944, 52.1125602722, 13.2679958344, 56.9649047852, 109.929214478, 42.9797286987, -15.674038887, -9.55888080597], [-235.418991089, 75.6401290894, 4.83022689819, 17.1803398132, 40.7942771912, 50.7033996582, 60.1302032471, 12.5404615402, 1.64310014248, 42.9797286987, 112.760757446, 49.1503448486, -4.53102254868], [-237.481323242, -55.0018882751, 102.040496826, 47.6265220642, 31.2576313019, 15.3441171646, 28.1992473602, 15.3243303299, -4.85148048401, -15.674038887, 49.1503448486, 130.511306763, 53.2166252136], [-169.009170532, -62.2358360291, 73.9319915771, 20.6120815277, 14.3796243668, 2.43621706963, 9.48861312866, 11.94734478, 17.8965148926, -9.55888080597, -4.53102254868, 53.2166252136, 96.7409286499]],
        "icov": [[0.000183669428225, 0.000133979439852, 9.43660197663e-005, 6.84191618348e-005, 4.81965616927e-005, 6.25649454378e-006, 0.000176350949914, 8.57253253344e-005, 0.000264345377218, -0.000176391971763, 0.000196461362066, 6.85167178744e-005, 0.000190347302123], [0.000133979439852, 0.000845440954436, 0.000270621443633, -3.61723323294e-005, 2.61529066847e-006, -1.61640564329e-005, -0.000232581514865, 0.000175494060386, -0.000364354491467, 0.000126275393995, -0.000387817301089, 0.000410768319853, 0.000415762595367], [9.43660197663e-005, 0.000270621443633, 0.00114564574324, -0.000610580435023, -2.7429918191e-005, 0.000319768005284, 5.08903940499e-005, 0.000516485481057, 0.00037402799353, 2.16431089939e-005, -6.11103969277e-005, -0.000291841774015, -0.00038861046778], [6.84191618348e-005, -3.61723323294e-005, -0.000610580435023, 0.00348462979309, -0.00162893824745, 0.000288390379865, 0.00075674103573, -0.00197643460706, -5.96812460572e-005, -0.000705579237547, 0.000601431413088, -0.000841849134304, 0.000657745113131], [4.81965616927e-005, 2.61529066847e-006, -2.7429918191e-005, -0.00162893824745, 0.00615790067241, -0.00245639868081, -9.98305476969e-005, -0.000270812393865, -0.000415547692683, -0.000473516207421, -0.000394243717892, -0.000272366771242, -0.000194854161236], [6.25649454378e-006, -1.61640564329e-005, 0.000319768005284, 0.000288390379865, -0.00245639868081, 0.00964962970465, -0.00592931127176, 0.00196067825891, 0.000350175745552, -0.000862374552526, -0.000330173206748, 0.000246991519816, -0.000145076017361], [0.000176350949914, -0.000232581514865, 5.08903940499e-005, 0.00075674103573, -9.98305476969e-005, -0.00592931127176, 0.0123588601127, -0.00708570843562, 0.00102686008904, -0.00195768708363, -0.00169951771386, -0.000632997485809, -0.000329415022861], [8.57253253344e-005, 0.000175494060386, 0.000516485481057, -0.00197643460706, -0.000270812393865, 0.00196067825891, -0.00708570843562, 0.0154391927645, -0.00615667644888, 0.00455920072272, -0.000120847893413, 0.000255543476669, 0.000511416699737], [0.000264345377218, -0.000364354491467, 0.00037402799353, -5.96812460572e-005, -0.000415547692683, 0.000350175745552, 0.00102686008904, -0.00615667644888, 0.0150413196534, -0.00862465240061, 0.004017600324, -0.000309475202812, -0.00260947435163], [-0.000176391971763, 0.000126275393995, 2.16431089939e-005, -0.000705579237547, -0.000473516207421, -0.000862374552526, -0.00195768708363, 0.00455920072272, -0.00862465240061, 0.0183790940791, -0.00841681845486, 0.00522509869188, -0.000229049561312], [0.000196461362066, -0.000387817301089, -6.11103969277e-005, 0.000601431413088, -0.000394243717892, -0.000330173206748, -0.00169951771386, -0.000120847893413, 0.004017600324, -0.00841681845486, 0.0178320799023, -0.00882403180003, 0.00437517557293], [6.85167178744e-005, 0.000410768319853, -0.000291841774015, -0.000841849134304, -0.000272366771242, 0.000246991519816, -0.000632997485809, 0.000255543476669, -0.000309475202812, 0.00522509869188, -0.00882403180003, 0.0156827215105, -0.00761557277292], [0.000190347302123, 0.000415762595367, -0.00038861046778, 0.000657745113131, -0.000194854161236, -0.000145076017361, -0.000329415022861, 0.000511416699737, -0.00260947435163, -0.000229049561312, 0.00437517557293, -0.00761557277292, 0.0159498173743]]
    },
    "spectral_contrast_coeffs": {
        "mean": [-0.671000003815, -0.802042484283, -0.805135905743, -0.790281772614, -0.801537752151, -0.760151565075],
        "var": [0.00877849385142, 0.0028244103305, 0.0030488895718, 0.00353051302955, 0.00144230877049, 0.00213769776747]
    },
    "spectral_contrast_valleys": {
        "mean": [-7.07019472122, -7.14651203156, -7.47939729691, -7.89163637161, -7.85193300247, -10.1427202225],
        "var": [0.919243574142, 1.25663471222, 1.26864540577, 1.37422156334, 1.49177896976, 2.60101699829]
    }
},
"metadata": {
    "audio_properties": {
        "analysis_sample_rate": 44100,
        "bit_rate": 128074,
        "equal_loudness": 0,
        "length": 45.0612258911,
        "lossless": 0,
        "replay_gain": -6.23093795776,
        "sample_rate": 44100,
        "codec": "mp3",
        "downmix": "mix",
        "md5_encoded": "c514d2abecf7626a31fb414cd2d6e8d8"
    },
    "tags": {
        "file_name": "1752.mp3"
    },
    "version": {
        "essentia": "2.1-beta2",
        "essentia_git_sha": "v2.1_beta2",
        "extractor": "music 1.0"
    }
},
"rhythm": {
    "beats_count": 84,
    "beats_loudness": {
        "mean": 0.0480179339647,
        "var": 0.000835225626361
    },
    "bpm": 112.936775208,
    "bpm_histogram_first_peak_bpm": {
        "mean": 112,
        "var": 0
    },
    "bpm_histogram_first_peak_spread": {
        "mean": 0.308641970158,
        "var": 0
    },
    "bpm_histogram_first_peak_weight": {
        "mean": 0.674698770046,
        "var": 0
    },
    "bpm_histogram_second_peak_bpm": {
        "mean": 117,
        "var": 0
    },
    "bpm_histogram_second_peak_spread": {
        "mean": 0.5,
        "var": 0
    },
    "bpm_histogram_second_peak_weight": {
        "mean": 0.0120481923223,
        "var": 0
    },
    "danceability": 1.58596336842,
    "onset_rate": 5.47896099091,
    "beats_loudness_band_ratio": {
        "mean": [0.582800626755, 0.183523207903, 0.0554249808192, 0.100892387331, 0.0669991821051, 0.0965834110975],
        "var": [0.0540497973561, 0.0255312882364, 0.002158167772, 0.0114842234179, 0.00444722827524, 0.00645462237298]
    },
    "beats_position": [0.476009070873, 0.975238084793, 1.49768710136, 2.02013611794, 2.55419492722, 3.08825397491, 3.61070299149, 4.13315200806, 4.66721057892, 5.20126962662, 5.73532867432, 6.25777769089, 6.79183673859, 7.31428575516, 7.84834432602, 8.38240337372, 8.91646194458, 9.45052146912, 9.98458003998, 10.5070295334, 11.0410881042, 11.5635375977, 12.0975961685, 12.6316547394, 13.1657142639, 13.6997728348, 14.2338323593, 14.756280899, 15.2787294388, 15.8127889633, 16.3468475342, 16.8809070587, 17.4149665833, 17.9490242004, 18.483083725, 19.0055332184, 19.5395908356, 20.062040329, 20.5960998535, 21.1417675018, 21.6642169952, 22.1982765198, 22.7323360443, 23.2547836304, 23.7772331238, 24.3112926483, 24.8453502655, 25.37940979, 25.9134693146, 26.4475269318, 26.9699764252, 27.4924259186, 28.0264854431, 28.5605430603, 29.0946025848, 29.6286621094, 30.1627197266, 30.6967792511, 31.2308387756, 31.753288269, 32.2757377625, 32.8097953796, 33.3438529968, 33.8779144287, 34.4119720459, 34.9460296631, 35.480091095, 35.9909286499, 36.5249862671, 37.059047699, 37.5931053162, 38.1271629333, 38.672832489, 39.2068939209, 39.7409515381, 40.2750091553, 40.7974586487, 41.3199081421, 41.8423576355, 42.3764152527, 42.9104766846, 43.4445343018, 43.9785919189, 44.5242614746]
},
"tonal": {
    "chords_changes_rate": 0.105967074633,
    "chords_number_rate": 0.0144032919779,
    "chords_strength": {
        "mean": 0.497649908066,
        "var": 0.0072197583504
    },
    "hpcp_entropy": {
        "mean": 2.43865180016,
        "var": 0.63570702076
    },
    "key_strength": 0.660691618919,
    "tuning_diatonic_strength": 0.411229342222,
    "tuning_equal_tempered_deviation": 0.229499235749,
    "tuning_frequency": 434.193115234,
    "tuning_nontempered_energy_ratio": 0.906496524811,
    "hpcp": {
        "mean": [0.187617093325, 0.160879567266, 0.139282554388, 0.142100021243, 0.149368524551, 0.14907348156, 0.173059493303, 0.198598355055, 0.176766991615, 0.146104618907, 0.124601051211, 0.108860962093, 0.0996872782707, 0.094737149775, 0.102764047682, 0.126299202442, 0.138153344393, 0.125802367926, 0.119693674147, 0.114668034017, 0.124819591641, 0.155895784497, 0.160784497857, 0.171568751335, 0.182482257485, 0.139745369554, 0.104269243777, 0.0942707583308, 0.0837250053883, 0.0925450325012, 0.132200032473, 0.164876163006, 0.166326954961, 0.177082970738, 0.192411020398, 0.19490391016],
        "var": [0.0838789790869, 0.0693060681224, 0.058146443218, 0.0592758394778, 0.0592636987567, 0.0588306002319, 0.0610000453889, 0.0704882144928, 0.0609885565937, 0.0560472905636, 0.0498011820018, 0.0430805534124, 0.0385883115232, 0.0353253111243, 0.0357542522252, 0.0422223992646, 0.0491539016366, 0.0443302839994, 0.0459838435054, 0.0452625565231, 0.0474236793816, 0.0625676363707, 0.0632232278585, 0.0593361780047, 0.0700677782297, 0.043676815927, 0.036933477968, 0.0303115472198, 0.0221594441682, 0.0271376408637, 0.0489898733795, 0.06964918226, 0.0641061142087, 0.0704966783524, 0.0821388065815, 0.0813893601298]
    },
    "chords_histogram": [2.05761313438, 0.102880656719, 10.4938268661, 13.6831274033, 1.33744859695, 0, 0, 0.308641970158, 0, 22.9423866272, 8.84773635864, 3.08641982079, 0, 0, 1.64609050751, 0, 0.411522626877, 4.73251008987, 2.98353910446, 1.74897122383, 7.81893014908, 10.0823049545, 7.40740728378, 0.308641970158],
    "thpcp": [1, 0.890072762966, 0.735678911209, 0.627402245998, 0.548146367073, 0.501954197884, 0.477028876543, 0.517446637154, 0.635952889919, 0.695641934872, 0.633451223373, 0.602692186832, 0.577386617661, 0.62850266695, 0.784980237484, 0.809596300125, 0.863898158073, 0.918850779533, 0.703658223152, 0.525025725365, 0.474680453539, 0.421579539776, 0.465990930796, 0.665665268898, 0.830199062824, 0.837504208088, 0.891663849354, 0.968845009804, 0.981397390366, 0.944706201553, 0.810075044632, 0.701327860355, 0.715514600277, 0.752113580704, 0.750627994537, 0.871404469013],
    "chords_key": "E",
    "chords_scale": "major",
    "key_key": "A",
    "key_scale": "minor"
}
}