{
"lowlevel": {
    "average_loudness": 0.0532430186868,
    "barkbands_crest": {
        "mean": 11.0507106781,
        "var": 13.6410541534
    },
    "barkbands_flatness_db": {
        "mean": 0.21614600718,
        "var": 0.0052942126058
    },
    "barkbands_kurtosis": {
        "mean": 11.6634740829,
        "var": 233.088943481
    },
    "barkbands_skewness": {
        "mean": 2.62668204308,
        "var": 2.37348747253
    },
    "barkbands_spread": {
        "mean": 11.9034042358,
        "var": 70.4607086182
    },
    "dissonance": {
        "mean": 0.475653350353,
        "var": 0.000280323991319
    },
    "dynamic_complexity": 3.8092713356,
    "erbbands_crest": {
        "mean": 7.87621593475,
        "var": 12.1841974258
    },
    "erbbands_flatness_db": {
        "mean": 0.200262412429,
        "var": 0.000739518320188
    },
    "erbbands_kurtosis": {
        "mean": -0.307814568281,
        "var": 4.05569410324
    },
    "erbbands_skewness": {
        "mean": 0.0301320403814,
        "var": 0.80522364378
    },
    "erbbands_spread": {
        "mean": 38.9307861328,
        "var": 148.701538086
    },
    "hfc": {
        "mean": 8.06710243225,
        "var": 90.0300521851
    },
    "melbands_crest": {
        "mean": 17.6694946289,
        "var": 27.0080432892
    },
    "melbands_flatness_db": {
        "mean": 0.319410175085,
        "var": 0.00784225109965
    },
    "melbands_kurtosis": {
        "mean": 30.8459396362,
        "var": 1191.20837402
    },
    "melbands_skewness": {
        "mean": 4.13356351852,
        "var": 4.39751625061
    },
    "melbands_spread": {
        "mean": 12.1915330887,
        "var": 138.536560059
    },
    "pitch_salience": {
        "mean": 0.5440710783,
        "var": 0.0215912889689
    },
    "silence_rate_20dB": {
        "mean": 0.985581874847,
        "var": 0.0142102446407
    },
    "silence_rate_30dB": {
        "mean": 0.911431491375,
        "var": 0.080723553896
    },
    "silence_rate_60dB": {
        "mean": 0.0885684862733,
        "var": 0.080722771585
    },
    "spectral_centroid": {
        "mean": 735.124206543,
        "var": 185012.765625
    },
    "spectral_complexity": {
        "mean": 12.7487125397,
        "var": 48.9715003967
    },
    "spectral_decrease": {
        "mean": -9.9945189902e-009,
        "var": 4.02867557379e-016
    },
    "spectral_energy": {
        "mean": 0.0384532473981,
        "var": 0.00586074311286
    },
    "spectral_energyband_high": {
        "mean": 1.52104112203e-005,
        "var": 8.118642425e-010
    },
    "spectral_energyband_low": {
        "mean": 0.0289371106774,
        "var": 0.00476821791381
    },
    "spectral_energyband_middle_high": {
        "mean": 0.00167070631869,
        "var": 2.26486758947e-006
    },
    "spectral_energyband_middle_low": {
        "mean": 0.0128390863538,
        "var": 0.000429788255133
    },
    "spectral_entropy": {
        "mean": 7.00449419022,
        "var": 0.193607866764
    },
    "spectral_flux": {
        "mean": 0.0859897509217,
        "var": 0.00326828798279
    },
    "spectral_kurtosis": {
        "mean": 12.9801855087,
        "var": 48.9119911194
    },
    "spectral_rms": {
        "mean": 0.00488507561386,
        "var": 1.36514090627e-005
    },
    "spectral_rolloff": {
        "mean": 686.181091309,
        "var": 598016.875
    },
    "spectral_skewness": {
        "mean": 2.25699520111,
        "var": 0.496658980846
    },
    "spectral_spread": {
        "mean": 2343428,
        "var": 1.49130641408e+012
    },
    "spectral_strongpeak": {
        "mean": 0.417800039053,
        "var": 0.141800373793
    },
    "zerocrossingrate": {
        "mean": 0.0274840500206,
        "var": 0.00032377554453
    },
    "barkbands": {
        "mean": [6.57202108414e-005, 0.0134690990672, 0.0104273976758, 0.00789583474398, 0.00313614611514, 0.000897245074157, 0.000368622830138, 0.000201873059268, 0.000273992947768, 0.000220051762881, 0.000133208042826, 0.000148027102114, 0.000191117738723, 7.43928103475e-005, 0.000255124090472, 0.000422071054345, 0.00012012924708, 7.68398167565e-005, 5.5737200455e-005, 1.316178259e-005, 3.28378359882e-006, 1.93168580154e-006, 8.42382974042e-007, 6.67603899274e-007, 4.35413312516e-007, 3.46483943758e-007, 5.30771266938e-008],
        "var": [8.95924472388e-008, 0.00139476091135, 0.000844752648845, 0.000251520395977, 5.04382624058e-005, 2.73774026027e-006, 2.94125385381e-007, 8.27835719974e-008, 1.35313143801e-007, 1.05628515712e-007, 3.24601927559e-008, 4.47524328706e-008, 5.77444865257e-008, 6.6953154132e-009, 9.4601325884e-008, 4.59599675651e-007, 2.62500847725e-008, 1.67785998428e-008, 6.45438724689e-009, 5.85333059799e-010, 4.36576642893e-011, 2.40178224531e-011, 2.94545117463e-012, 1.91856665104e-012, 6.48536183524e-013, 3.14269958798e-014, 9.25510549817e-016]
    },
    "erbbands": {
        "mean": [0.1110220626, 3.8914141655, 12.7214050293, 21.7026100159, 16.5297756195, 9.74096107483, 7.97960281372, 6.42163419724, 4.89476299286, 5.58849048615, 4.28050470352, 6.96854543686, 6.6451292038, 6.5293598175, 5.21648311615, 6.16027832031, 8.3899307251, 5.1005320549, 10.5398836136, 16.175901413, 21.5056419373, 7.35225534439, 4.17153501511, 3.77599620819, 1.92694973946, 0.688410401344, 0.279814600945, 0.0879042446613, 0.0716851651669, 0.0425835698843, 0.0216491222382, 0.0169401373714, 0.00945326499641, 0.00563517492265, 0.00268636317924, 0.00135451415554, 0.00065138656646, 0.000181709852768, 2.2605931008e-005, 4.22933917434e-005],
        "var": [0.0839799940586, 116.999916077, 1317.57336426, 1899.99816895, 932.019775391, 713.583679199, 203.738189697, 117.729850769, 51.1307640076, 64.5257415771, 36.2228088379, 93.7551956177, 79.7416229248, 75.3362884521, 51.4595184326, 58.5206642151, 105.384513855, 35.2086791992, 173.059661865, 541.094787598, 1101.17822266, 82.9229431152, 40.4682006836, 34.1464653015, 7.0914273262, 1.23231685162, 0.354502230883, 0.0354914516211, 0.0477752611041, 0.00612045451999, 0.00234560458921, 0.00122776068747, 0.000505181436893, 0.000195545362658, 8.13613314676e-006, 4.70919644613e-007, 1.41026347933e-007, 9.54837542366e-009, 1.18657450532e-009, 6.88340806576e-009]
    },
    "gfcc": {
        "mean": [-84.0304718018, 157.075119019, -116.468986511, 22.011713028, -11.6146125793, -2.78014802933, -39.3772125244, 3.64273452759, -23.4206600189, -11.4452238083, -20.9305496216, -8.46654319763, -11.7997636795],
        "cov": [[2490.25146484, 508.593322754, -335.893951416, 85.3865585327, 34.4455718994, -157.959381104, 83.4553833008, -140.464141846, -0.233772844076, -110.347679138, 41.4848899841, -132.182617188, 32.7097816467], [508.593322754, 469.895233154, 183.959915161, -72.0285415649, 134.94821167, -51.9346466064, 77.724937439, -58.719329834, 26.9458808899, -42.6052360535, 35.5297012329, -66.9264450073, 28.6765632629], [-335.893951416, 183.959915161, 664.740539551, 148.441604614, 235.653915405, 154.656295776, 81.6515655518, 15.8581228256, 101.39024353, -19.0911445618, 41.5978851318, -38.1577529907, 38.1306152344], [85.3865585327, -72.0285415649, 148.441604614, 309.766571045, 177.048202515, 105.480636597, 75.9920806885, 32.2055053711, 81.1567764282, -15.3970823288, 45.5680618286, -23.1197032928, 30.4015274048], [34.4455718994, 134.94821167, 235.653915405, 177.048202515, 345.425933838, 129.514190674, 84.4659118652, 32.4377746582, 89.6204910278, -28.7436485291, 52.6529502869, -43.8328475952, 33.3235397339], [-157.959381104, -51.9346466064, 154.656295776, 105.480636597, 129.514190674, 183.361373901, 50.1288261414, 29.3786258698, 57.6920089722, -1.25742709637, 29.5147151947, -6.75964832306, 10.0240068436], [83.4553833008, 77.724937439, 81.6515655518, 75.9920806885, 84.4659118652, 50.1288261414, 114.282341003, 21.4042625427, 34.5350990295, -9.73426437378, 26.8326587677, -19.5172634125, 11.1331214905], [-140.464141846, -58.719329834, 15.8581228256, 32.2055053711, 32.4377746582, 29.3786258698, 21.4042625427, 85.6695785522, 32.8705596924, 12.897611618, 6.25690555573, 17.4438819885, -0.850015103817], [-0.233772844076, 26.9458808899, 101.39024353, 81.1567764282, 89.6204910278, 57.6920089722, 34.5350990295, 32.8705596924, 92.8885726929, 13.4620895386, 18.6759662628, -9.59243011475, 20.7516517639], [-110.347679138, -42.6052360535, -19.0911445618, -15.3970823288, -28.7436485291, -1.25742709637, -9.73426437378, 12.897611618, 13.4620895386, 58.935546875, 11.4388790131, 18.5110416412, -4.8132185936], [41.4848899841, 35.5297012329, 41.5978851318, 45.5680618286, 52.6529502869, 29.5147151947, 26.8326587677, 6.25690555573, 18.6759662628, 11.4388790131, 60.6622772217, 4.33435344696, 4.64028739929], [-132.182617188, -66.9264450073, -38.1577529907, -23.1197032928, -43.8328475952, -6.75964832306, -19.5172634125, 17.4438819885, -9.59243011475, 18.5110416412, 4.33435344696, 57.9835739136, 7.8138718605], [32.7097816467, 28.6765632629, 38.1306152344, 30.4015274048, 33.3235397339, 10.0240068436, 11.1331214905, -0.850015103817, 20.7516517639, -4.8132185936, 4.64028739929, 7.8138718605, 49.1939659119]],
        "icov": [[0.00124650693033, -0.00297089014202, 0.00164630857762, -0.00252509117126, 0.0013812064426, -0.001016576658, 0.00110759306699, -5.4136649851e-005, 5.46154624317e-005, 0.000677121570334, 0.00027210265398, 0.000557969266083, 0.000136267932248], [-0.00297089014202, 0.018353709951, -0.00630433252081, 0.0147197088227, -0.0079261790961, 0.0105898026377, -0.0100834416226, 0.00658800452948, -0.00615428294986, 0.00397478230298, -0.00882399640977, 0.00495034316555, -0.00429552653804], [0.00164630857762, -0.00630433252081, 0.00492536462843, -0.0050413380377, 0.00204423372634, -0.00408976199105, 0.00276736635715, -0.000869696261361, 0.000177196372533, 4.58939539385e-005, 0.00197457312606, -0.000226372358156, 0.000464883021777], [-0.00252509117126, 0.0147197088227, -0.0050413380377, 0.0173570532352, -0.00740936584771, 0.00725270994008, -0.00894260779023, 0.00464696856216, -0.00703368429095, 0.0044211903587, -0.00872936006635, 0.00436304928735, -0.00454522715881], [0.0013812064426, -0.0079261790961, 0.00204423372634, -0.00740936584771, 0.0101814428344, -0.00628286739811, 0.00408795662224, -0.00431310478598, 0.000683907070197, 0.00125258287881, 0.000173528838786, 0.00178095605224, -0.000385006947909], [-0.001016576658, 0.0105898026377, -0.00408976199105, 0.00725270994008, -0.00628286739811, 0.0157536137849, -0.00738696055487, 0.00448367372155, -0.00642181467265, 0.00348497671075, -0.00631240801886, 0.00174166006036, -0.000645440712105], [0.00110759306699, -0.0100834416226, 0.00276736635715, -0.00894260779023, 0.00408795662224, -0.00738696055487, 0.0188394337893, -0.00748552661389, 0.00382298673503, -0.00140762969386, 0.00141730089672, 0.000825451570563, 0.000850895536132], [-5.4136649851e-005, 0.00658800452948, -0.000869696261361, 0.00464696856216, -0.00431310478598, 0.00448367372155, -0.00748552661389, 0.0211322624236, -0.00972493179142, 0.00221268343739, -0.00130959739909, -0.00552723370492, 0.00338546931744], [5.46154624317e-005, -0.00615428294986, 0.000177196372533, -0.00703368429095, 0.000683907070197, -0.00642181467265, 0.00382298673503, -0.00972493179142, 0.0259593911469, -0.0113035412505, 0.00493775215, 0.00257003982551, -0.00535780889913], [0.000677121570334, 0.00397478230298, 4.58939539385e-005, 0.0044211903587, 0.00125258287881, 0.00348497671075, -0.00140762969386, 0.00221268343739, -0.0113035412505, 0.0276359822601, -0.0102714151144, -0.00206045131199, 0.00203141360544], [0.00027210265398, -0.00882399640977, 0.00197457312606, -0.00872936006635, 0.000173528838786, -0.00631240801886, 0.00141730089672, -0.00130959739909, 0.00493775215, -0.0102714151144, 0.029841946438, -0.0103409038857, 0.00539209926501], [0.000557969266083, 0.00495034316555, -0.000226372358156, 0.00436304928735, 0.00178095605224, 0.00174166006036, 0.000825451570563, -0.00552723370492, 0.00257003982551, -0.00206045131199, -0.0103409038857, 0.0329427607358, -0.0131640434265], [0.000136267932248, -0.00429552653804, 0.000464883021777, -0.00454522715881, -0.000385006947909, -0.000645440712105, 0.000850895536132, 0.00338546931744, -0.00535780889913, 0.00203141360544, 0.00539209926501, -0.0131640434265, 0.0294890999794]]
    },
    "melbands": {
        "mean": [0.00236780638807, 0.00654391711578, 0.00363094778731, 0.000885893532541, 0.000298939296044, 0.000149119063281, 7.51213083277e-005, 5.75073499931e-005, 3.43171959685e-005, 4.3212359742e-005, 3.28360874846e-005, 2.71171356871e-005, 1.82387848326e-005, 1.50364130604e-005, 1.82688127097e-005, 1.79016933544e-005, 7.58329451855e-006, 1.48638273458e-005, 1.95451102627e-005, 2.48643773375e-005, 2.47944808507e-005, 7.63971638662e-006, 3.8087196117e-006, 3.84648501495e-006, 3.01611612485e-006, 1.89465220046e-006, 6.19840932359e-007, 4.35739053728e-007, 2.16997392499e-007, 6.51347278335e-008, 4.43445955511e-008, 4.29768221011e-008, 3.28131442018e-008, 1.92828935042e-008, 1.17099379082e-008, 1.26816734891e-008, 9.09083031075e-009, 6.76320954796e-009, 5.66137803304e-009, 4.38518776846e-009],
        "var": [4.12783119828e-005, 0.00032408972038, 4.88117875648e-005, 3.40293445333e-006, 3.57318810984e-007, 6.69269226705e-008, 1.1865266103e-008, 6.62350085889e-009, 2.4529889231e-009, 3.57267815332e-009, 2.06530570424e-009, 1.47798306926e-009, 6.04510108637e-010, 5.54793044838e-010, 5.24864374185e-010, 5.70080593842e-010, 8.76435937713e-011, 3.76110753653e-010, 6.25831497736e-010, 1.60858448783e-009, 1.56303325838e-009, 1.05675856954e-010, 2.97942850946e-011, 5.32446378654e-011, 2.39423203485e-011, 7.5696818605e-012, 7.52672175888e-013, 7.29592384771e-013, 3.10212765848e-013, 1.6489109069e-014, 1.15253520025e-014, 2.40599403736e-014, 4.5406060876e-015, 1.26645878114e-015, 7.41090513135e-016, 1.26981620799e-015, 3.05692734826e-016, 3.88941568102e-016, 1.47292054741e-016, 1.26922606425e-016]
    },
    "mfcc": {
        "mean": [-734.462036133, 196.157699585, -28.8643798828, 35.1218795776, 31.6718292236, 2.93511390686, 1.71597313881, 6.02075052261, 0.938790917397, 0.961837351322, -8.17168140411, -8.46067619324, 0.0386026576161],
        "cov": [[2117.58984375, 252.772399902, -416.184448242, 130.09236145, -190.282699585, -37.2509460449, -28.3676757813, -56.8763198853, -78.1588592529, -12.7718048096, -59.0678787231, -61.8004570007, -23.6838493347], [252.772399902, 638.482788086, 72.2019882202, 1.97394299507, 42.337184906, 7.31170415878, 41.8199996948, -20.0173377991, 4.39952087402, 2.71066904068, -8.46849155426, -10.1891803741, 14.5077075958], [-416.184448242, 72.2019882202, 444.421325684, 75.9034729004, 149.686889648, 123.202857971, 56.9041137695, 59.2561416626, 54.1805953979, 66.606803894, 8.8712682724, 26.9027843475, 9.32393932343], [130.09236145, 1.97394299507, 75.9034729004, 220.231628418, 116.128761292, 66.6396942139, 59.9338150024, 58.9450187683, 41.3800315857, 57.3874168396, 8.94762420654, 11.178106308, 23.7302932739], [-190.282699585, 42.337184906, 149.686889648, 116.128761292, 300.736877441, 142.141021729, 82.4721908569, 98.726524353, 55.3064460754, 100.69430542, 14.786157608, 19.8340435028, 18.3147583008], [-37.2509460449, 7.31170415878, 123.202857971, 66.6396942139, 142.141021729, 165.754440308, 73.9976730347, 57.4196395874, 38.9462738037, 62.4357528687, 15.4243574142, 18.5468654633, 5.75202083588], [-28.3676757813, 41.8199996948, 56.9041137695, 59.9338150024, 82.4721908569, 73.9976730347, 106.249168396, 60.4768066406, 13.3066177368, 42.3614120483, 18.8615455627, 12.1970500946, 1.5958647728], [-56.8763198853, -20.0173377991, 59.2561416626, 58.9450187683, 98.726524353, 57.4196395874, 60.4768066406, 105.012557983, 41.1215744019, 47.8992576599, 20.9108772278, 12.3895540237, 3.54867362976], [-78.1588592529, 4.39952087402, 54.1805953979, 41.3800315857, 55.3064460754, 38.9462738037, 13.3066177368, 41.1215744019, 76.9047775269, 41.7159347534, 1.54659759998, 6.69182825089, 16.1710548401], [-12.7718048096, 2.71066904068, 66.606803894, 57.3874168396, 100.69430542, 62.4357528687, 42.3614120483, 47.8992576599, 41.7159347534, 101.322288513, 15.9592781067, 6.39745807648, 18.5125980377], [-59.0678787231, -8.46849155426, 8.8712682724, 8.94762420654, 14.786157608, 15.4243574142, 18.8615455627, 20.9108772278, 1.54659759998, 15.9592781067, 62.8600120544, 26.3943996429, -2.95613408089], [-61.8004570007, -10.1891803741, 26.9027843475, 11.178106308, 19.8340435028, 18.5468654633, 12.1970500946, 12.3895540237, 6.69182825089, 6.39745807648, 26.3943996429, 50.173324585, 13.0980186462], [-23.6838493347, 14.5077075958, 9.32393932343, 23.7302932739, 18.3147583008, 5.75202083588, 1.5958647728, 3.54867362976, 16.1710548401, 18.5125980377, -2.95613408089, 13.0980186462, 51.2240943909]],
        "icov": [[0.001188803697, -0.000891902949661, 0.00141061097383, -0.00177579035517, 0.00176584592555, -0.00181999057531, 0.00172909989487, -0.00126261764672, 0.00195432291366, -0.00175651174504, 0.00160611362662, -0.000403260812163, 0.00118840974756], [-0.000891902949661, 0.00251550017856, -0.00142170826439, 0.00164975796361, -0.00200579338707, 0.00216825422831, -0.00317142135464, 0.00259440415539, -0.00222114264034, 0.00195652199909, -0.00153248873539, 0.00121018383652, -0.00164134183433], [0.00141061097383, -0.00142170826439, 0.00478063384071, -0.00232408894226, 0.00167082040571, -0.00370382750407, 0.00248314067721, -0.00170315639116, 0.00160505576059, -0.00257934140973, 0.00265396363102, -0.00192460697144, 0.00219125952572], [-0.00177579035517, 0.00164975796361, -0.00232408894226, 0.00917925778776, -0.00408187322319, 0.00310810166411, -0.00503268558532, 0.00166971003637, -0.00436697015539, 0.00233338074759, -0.00244899303652, 0.00121128093451, -0.00388186541386], [0.00176584592555, -0.00200579338707, 0.00167082040571, -0.00408187322319, 0.0108309146017, -0.00693682115525, 0.00417508976534, -0.00636984128505, 0.00454051978886, -0.00646611442789, 0.00412291847169, -0.00179531623144, 0.0017895140918], [-0.00181999057531, 0.00216825422831, -0.00370382750407, 0.00310810166411, -0.00693682115525, 0.0166673045605, -0.00948184542358, 0.00490828137845, -0.00622778991237, 0.00171367602888, -0.00252966186963, -0.0008270094404, -0.000245076284045], [0.00172909989487, -0.00317142135464, 0.00248314067721, -0.00503268558532, 0.00417508976534, -0.00948184542358, 0.0237980149686, -0.0121431639418, 0.00969363562763, -0.00569970486686, 0.00200288998894, -0.00202900101431, 0.00288303219713], [-0.00126261764672, 0.00259440415539, -0.00170315639116, 0.00166971003637, -0.00636984128505, 0.00490828137845, -0.0121431639418, 0.023918883875, -0.0110983308405, 0.00227173068561, -0.00564342038706, 0.0012371763587, 0.000706148683093], [0.00195432291366, -0.00222114264034, 0.00160505576059, -0.00436697015539, 0.00454051978886, -0.00622778991237, 0.00969363562763, -0.0110983308405, 0.0255803056061, -0.00880331173539, 0.00551743991673, -0.00189683015924, -0.00128418544773], [-0.00175651174504, 0.00195652199909, -0.00257934140973, 0.00233338074759, -0.00646611442789, 0.00171367602888, -0.00569970486686, 0.00227173068561, -0.00880331173539, 0.0224008318037, -0.00764675950631, 0.00604944722727, -0.00714282272384], [0.00160611362662, -0.00153248873539, 0.00265396363102, -0.00244899303652, 0.00412291847169, -0.00252966186963, 0.00200288998894, -0.00564342038706, 0.00551743991673, -0.00764675950631, 0.026347624138, -0.0145040024072, 0.00721753854305], [-0.000403260812163, 0.00121018383652, -0.00192460697144, 0.00121128093451, -0.00179531623144, -0.0008270094404, -0.00202900101431, 0.0012371763587, -0.00189683015924, 0.00604944722727, -0.0145040024072, 0.0314997546375, -0.0105067519471], [0.00118840974756, -0.00164134183433, 0.00219125952572, -0.00388186541386, 0.0017895140918, -0.000245076284045, 0.00288303219713, 0.000706148683093, -0.00128418544773, -0.00714282272384, 0.00721753854305, -0.0105067519471, 0.0272747762501]]
    },
    "spectral_contrast_coeffs": {
        "mean": [-0.57892370224, -0.793942928314, -0.828839242458, -0.807281315327, -0.775832176208, -0.809475004673],
        "var": [0.0069837141782, 0.00267818570137, 0.00154428672977, 0.00174809677992, 0.00131309276912, 0.00101679819636]
    },
    "spectral_contrast_valleys": {
        "mean": [-7.30441761017, -6.93083906174, -7.44558000565, -7.62884759903, -8.40686988831, -12.0368356705],
        "var": [0.829994559288, 0.630268454552, 0.579252004623, 0.499988436699, 0.535290360451, 0.246677562594]
    }
},
"metadata": {
    "audio_properties": {
        "analysis_sample_rate": 44100,
        "bit_rate": 128074,
        "equal_loudness": 0,
        "length": 45.0612258911,
        "lossless": 0,
        "replay_gain": -5.56032180786,
        "sample_rate": 44100,
        "codec": "mp3",
        "downmix": "mix",
        "md5_encoded": "6662931aec7e623245adaa48449e59aa"
    },
    "tags": {
        "file_name": "1753.mp3"
    },
    "version": {
        "essentia": "2.1-beta2",
        "essentia_git_sha": "v2.1_beta2",
        "extractor": "music 1.0"
    }
},
"rhythm": {
    "beats_count": 108,
    "beats_loudness": {
        "mean": 0.0427697002888,
        "var": 0.00894988421351
    },
    "bpm": 155.484680176,
    "bpm_histogram_first_peak_bpm": {
        "mean": 157,
        "var": 0
    },
    "bpm_histogram_first_peak_spread": {
        "mean": 0.263157874346,
        "var": 0
    },
    "bpm_histogram_first_peak_weight": {
        "mean": 0.261682242155,
        "var": 0
    },
    "bpm_histogram_second_peak_bpm": {
        "mean": 117,
        "var": 0
    },
    "bpm_histogram_second_peak_spread": {
        "mean": 0.400000035763,
        "var": 0
    },
    "bpm_histogram_second_peak_weight": {
        "mean": 0.112149529159,
        "var": 0
    },
    "danceability": 0.869700551033,
    "onset_rate": 3.9927649498,
    "beats_loudness_band_ratio": {
        "mean": [0.660891354084, 0.170913502574, 0.0669931471348, 0.0563890971243, 0.0793297663331, 0.00633948436007],
        "var": [0.0597576424479, 0.0170911997557, 0.00316588999704, 0.00309195253067, 0.00784425903112, 0.000101752892078]
    },
    "beats_position": [0.487619042397, 0.986848056316, 1.48607707024, 1.97369611263, 2.4497051239, 2.92571425438, 3.40172338486, 3.86612248421, 4.33052158356, 4.69043064117, 5.0387301445, 5.38702917099, 5.73532867432, 6.11845779419, 6.5015873909, 6.88471651077, 7.26784563065, 7.65097475052, 8.03410434723, 8.40562343597, 8.77714252472, 9.16027164459, 9.53179073334, 9.91492080688, 10.2980499268, 10.6811790466, 11.0643081665, 11.4358272552, 11.8189563751, 12.202085495, 12.5852155685, 12.9799547195, 13.3746938705, 13.7694330215, 14.1641721725, 14.5473012924, 14.9304304123, 15.3135595322, 15.696688652, 16.0682086945, 16.4629478455, 16.8576869965, 17.2640361786, 17.6819953918, 18.088344574, 18.4946937561, 18.8894329071, 19.2841720581, 19.6208610535, 19.96916008, 20.3174591064, 20.6657600403, 21.0140590668, 21.3623580933, 21.6990470886, 22.035736084, 22.3608150482, 22.6975059509, 23.0341949463, 23.3824939728, 23.8120632172, 24.2416324615, 24.6595916748, 25.0775508881, 25.4606800079, 25.8438091278, 26.2269382477, 26.6100673676, 26.9815864563, 27.353105545, 27.7246246338, 28.1077537537, 28.4908847809, 28.8740139008, 29.2571430206, 29.6286621094, 30.0001811981, 30.383310318, 30.778049469, 31.1611785889, 31.567527771, 31.9738769531, 32.3802261353, 32.7865753174, 33.1929244995, 33.5992736816, 34.0056228638, 34.4119720459, 34.8299331665, 35.2478904724, 35.7587280273, 36.269569397, 36.7804069519, 37.3028564453, 37.8253059387, 38.3477554321, 38.8702049255, 39.3810424805, 39.8918800354, 40.402721405, 40.91355896, 41.4243965149, 41.9468460083, 42.4576873779, 42.9569168091, 43.467754364, 43.9785919189, 44.4894332886]
},
"tonal": {
    "chords_changes_rate": 0.10390946269,
    "chords_number_rate": 0.0123456791043,
    "chords_strength": {
        "mean": 0.461722880602,
        "var": 0.00948002003133
    },
    "hpcp_entropy": {
        "mean": 2.83894968033,
        "var": 0.525545358658
    },
    "key_strength": 0.466621220112,
    "tuning_diatonic_strength": 0.51100051403,
    "tuning_equal_tempered_deviation": 0.166592791677,
    "tuning_frequency": 432.441040039,
    "tuning_nontempered_energy_ratio": 0.818178057671,
    "hpcp": {
        "mean": [0.0964666232467, 0.074796564877, 0.0791373699903, 0.109106473625, 0.133882895112, 0.140273034573, 0.126632854342, 0.111752383411, 0.107799515128, 0.120529003441, 0.124982818961, 0.105271399021, 0.0958896279335, 0.10822917521, 0.121853880584, 0.134937524796, 0.179384097457, 0.254236131907, 0.27225586772, 0.208620473742, 0.160035848618, 0.138865783811, 0.117553815246, 0.248034417629, 0.436511933804, 0.322645902634, 0.139487400651, 0.120535872877, 0.101552188396, 0.0831650495529, 0.0829061940312, 0.0824145153165, 0.0906927958131, 0.0971583202481, 0.0902702659369, 0.0967238768935],
        "var": [0.0248803347349, 0.0154524557292, 0.0206520538777, 0.0319350846112, 0.0400535538793, 0.040467325598, 0.0399278067052, 0.0308214947581, 0.032662473619, 0.0419242344797, 0.0465453825891, 0.0321651957929, 0.0313581712544, 0.0399108976126, 0.0507316887379, 0.0564054921269, 0.0745516642928, 0.0980150476098, 0.100244805217, 0.0732033252716, 0.0587919838727, 0.0619350597262, 0.0430747866631, 0.0668509081006, 0.167445138097, 0.103120528162, 0.0473333634436, 0.048190575093, 0.0387604087591, 0.0297610349953, 0.0279294159263, 0.0228080432862, 0.0254353322089, 0.0318871885538, 0.0263817999512, 0.025427877903]
    },
    "chords_histogram": [24.6913585663, 10.1851854324, 11.4197530746, 0, 3.18930029869, 0, 2.26337456703, 0.102880656719, 0, 0, 1.95473253727, 6.48148155212, 1.23456788063, 0, 0, 0, 0, 23.8683128357, 5.45267486572, 6.17283964157, 2.98353910446, 0, 0, 0],
    "thpcp": [1, 0.739145636559, 0.319550037384, 0.276134192944, 0.232644706964, 0.19052182138, 0.189928814769, 0.188802435994, 0.207767054439, 0.222578838468, 0.206799075007, 0.22158357501, 0.220994234085, 0.171350568533, 0.181294858456, 0.24995072186, 0.306710720062, 0.321349829435, 0.290101706982, 0.256012201309, 0.246956631541, 0.276118457317, 0.286321640015, 0.24116499722, 0.21967241168, 0.247940927744, 0.279153615236, 0.309126764536, 0.410948902369, 0.582426548004, 0.623707711697, 0.477926164865, 0.366624236107, 0.318125963211, 0.269302636385, 0.568219125271],
    "chords_key": "A#",
    "chords_scale": "major",
    "key_key": "A#",
    "key_scale": "major"
}
}