{
"lowlevel": {
    "average_loudness": 0.0364341698587,
    "barkbands_crest": {
        "mean": 12.755358696,
        "var": 15.9056768417
    },
    "barkbands_flatness_db": {
        "mean": 0.27545389533,
        "var": 0.00772562855855
    },
    "barkbands_kurtosis": {
        "mean": 15.1171588898,
        "var": 591.726318359
    },
    "barkbands_skewness": {
        "mean": 2.37720537186,
        "var": 2.75043749809
    },
    "barkbands_spread": {
        "mean": 5.69126796722,
        "var": 27.7618255615
    },
    "dissonance": {
        "mean": 0.404435425997,
        "var": 0.0033530658111
    },
    "dynamic_complexity": 4.33929681778,
    "erbbands_crest": {
        "mean": 12.1199378967,
        "var": 19.8020210266
    },
    "erbbands_flatness_db": {
        "mean": 0.224288403988,
        "var": 0.00564019056037
    },
    "erbbands_kurtosis": {
        "mean": 4.02810001373,
        "var": 28.4416332245
    },
    "erbbands_skewness": {
        "mean": 1.33200109005,
        "var": 1.09843611717
    },
    "erbbands_spread": {
        "mean": 23.5089912415,
        "var": 372.365478516
    },
    "hfc": {
        "mean": 6.80961370468,
        "var": 149.889984131
    },
    "melbands_crest": {
        "mean": 16.5368347168,
        "var": 25.7796173096
    },
    "melbands_flatness_db": {
        "mean": 0.391182720661,
        "var": 0.0112875895575
    },
    "melbands_kurtosis": {
        "mean": 23.8518867493,
        "var": 1097.4263916
    },
    "melbands_skewness": {
        "mean": 2.86797094345,
        "var": 3.34797906876
    },
    "melbands_spread": {
        "mean": 5.17231464386,
        "var": 24.6845226288
    },
    "pitch_salience": {
        "mean": 0.521704375744,
        "var": 0.0145374331623
    },
    "silence_rate_20dB": {
        "mean": 0.964469611645,
        "var": 0.0342678874731
    },
    "silence_rate_30dB": {
        "mean": 0.933573663235,
        "var": 0.0620138347149
    },
    "silence_rate_60dB": {
        "mean": 0.0185375902802,
        "var": 0.0181937050074
    },
    "spectral_centroid": {
        "mean": 431.956848145,
        "var": 130550.851563
    },
    "spectral_complexity": {
        "mean": 7.69927930832,
        "var": 16.2978382111
    },
    "spectral_decrease": {
        "mean": -1.05143955764e-008,
        "var": 8.43111449406e-016
    },
    "spectral_energy": {
        "mean": 0.0403013527393,
        "var": 0.0122403008863
    },
    "spectral_energyband_high": {
        "mean": 8.47784103826e-005,
        "var": 5.7842346024e-008
    },
    "spectral_energyband_low": {
        "mean": 0.0299490783364,
        "var": 0.0114053906873
    },
    "spectral_energyband_middle_high": {
        "mean": 0.000373121176381,
        "var": 2.43856987936e-007
    },
    "spectral_energyband_middle_low": {
        "mean": 0.0109883267432,
        "var": 0.000226042378927
    },
    "spectral_entropy": {
        "mean": 6.31763219833,
        "var": 0.577756762505
    },
    "spectral_flux": {
        "mean": 0.06162327528,
        "var": 0.00454698177055
    },
    "spectral_kurtosis": {
        "mean": 31.7525157928,
        "var": 1646.55114746
    },
    "spectral_rms": {
        "mean": 0.00467891385779,
        "var": 1.74261713255e-005
    },
    "spectral_rolloff": {
        "mean": 357.660797119,
        "var": 302593.53125
    },
    "spectral_skewness": {
        "mean": 3.88993668556,
        "var": 5.74902868271
    },
    "spectral_spread": {
        "mean": 3092009.75,
        "var": 4.17695373722e+012
    },
    "spectral_strongpeak": {
        "mean": 0.59008282423,
        "var": 0.406452894211
    },
    "zerocrossingrate": {
        "mean": 0.0176857374609,
        "var": 0.000245558854658
    },
    "barkbands": {
        "mean": [0.000225121955737, 0.0178267005831, 0.0108130546287, 0.00213048467413, 0.00529567804188, 0.00213012332097, 0.000574930629227, 0.000317844882375, 0.000522005837411, 0.000104683102109, 2.9805012673e-005, 3.05398243654e-005, 5.00615824421e-005, 3.35773656843e-005, 2.07586181205e-005, 2.77591298072e-005, 3.02779772028e-005, 2.02291194e-005, 1.8333310436e-005, 3.68473301933e-005, 2.81336051557e-005, 7.77863897383e-006, 8.39949098008e-006, 6.87356987328e-006, 5.16206409884e-006, 5.92538981437e-006, 3.45899621834e-007],
        "var": [1.04097459541e-007, 0.00504427775741, 0.00179951137397, 4.01846809837e-005, 8.71081574587e-005, 2.66895913228e-005, 1.61612479133e-006, 5.44368617739e-007, 1.25703218146e-006, 2.52173286697e-008, 2.83929835199e-009, 4.1850114485e-009, 1.092139712e-008, 5.98478555602e-009, 2.40477859847e-009, 3.23886961695e-009, 3.84701070999e-009, 1.66091351783e-009, 1.71386094205e-009, 8.73103100929e-009, 8.29304891425e-009, 1.31993893593e-009, 1.47713952181e-009, 9.33330746022e-010, 5.20996246145e-010, 1.26732047079e-009, 8.04659897741e-012]
    },
    "erbbands": {
        "mean": [0.240002140403, 4.81960105896, 14.1827545166, 8.84489536285, 13.9525737762, 16.6575965881, 14.396900177, 20.2500801086, 12.3698720932, 4.61411046982, 8.28006362915, 13.9248094559, 3.52817678452, 2.26081562042, 1.24725961685, 1.19698607922, 2.15018439293, 1.529951334, 1.2905908823, 1.30510032177, 1.66473436356, 1.69214725494, 1.22923803329, 1.00373542309, 1.02831017971, 1.79391610622, 1.52359926701, 0.792311608791, 0.314099758863, 0.223698332906, 0.25838893652, 0.17430703342, 0.0962095931172, 0.0593130849302, 0.0372917428613, 0.0288098081946, 0.00981510896236, 0.00152233173139, 5.9217956732e-005, 4.51891319244e-005],
        "var": [0.568682312965, 396.404602051, 3057.1315918, 902.857971191, 615.871398926, 1143.44555664, 705.990661621, 2292.82543945, 620.494934082, 62.455291748, 243.651809692, 903.466796875, 26.4025917053, 8.34497833252, 4.7593998909, 3.69391703606, 20.2569732666, 9.55183601379, 8.30448913574, 9.20034217834, 12.0306873322, 10.970993042, 5.62050199509, 5.12287282944, 5.31543779373, 21.5620632172, 20.8382225037, 8.900390625, 2.00861430168, 1.31568849087, 1.43968248367, 0.551505625248, 0.180747434497, 0.0546548962593, 0.0345837511122, 0.0300607439131, 0.00342393526807, 9.12262839847e-005, 9.09708006702e-008, 1.47383198978e-008]
    },
    "gfcc": {
        "mean": [-124.280220032, 165.380218506, -61.4915466309, 22.2087688446, -46.8176727295, -0.600197851658, -29.5812740326, 4.33652114868, -15.7272768021, -4.20254230499, -11.991765976, -2.17402887344, -3.87963366508],
        "cov": [[7380.91259766, -2823.05395508, -1304.15795898, 1726.84094238, -280.147949219, 88.0382156372, -395.928894043, 19.9536399841, -319.735595703, 459.11706543, -172.263336182, -59.8221168518, -411.77835083], [-2823.05395508, 2170.03466797, 369.341644287, -784.391845703, 242.436660767, -295.249267578, 373.143218994, -234.777236938, 286.66116333, -314.406677246, 179.751556396, -102.397735596, 267.310546875], [-1304.15795898, 369.341644287, 1170.6418457, -469.686553955, 72.5081634521, 274.192321777, 33.6709480286, 178.229858398, 37.8237724304, -101.407104492, -58.4375724792, 42.7303581238, 5.49531030655], [1726.84094238, -784.391845703, -469.686553955, 686.402099609, -31.5050754547, 19.2009372711, -52.3343811035, -72.5001678467, -54.1000099182, 105.45262146, -11.6805791855, -49.6188201904, -90.0480880737], [-280.147949219, 242.436660767, 72.5081634521, -31.5050754547, 263.045715332, 26.4077243805, 1.59574437141, -53.8036193848, 44.7054824829, -49.3626365662, -2.33546185493, -32.4601211548, 16.7711620331], [88.0382156372, -295.249267578, 274.192321777, 19.2009372711, 26.4077243805, 257.047302246, -32.0566520691, 117.105392456, -21.4247360229, 9.8023815155, -70.7006530762, 10.2191381454, -40.5237388611], [-395.928894043, 373.143218994, 33.6709480286, -52.3343811035, 1.59574437141, -32.0566520691, 225.952331543, -24.7949352264, 83.4967269897, -51.4259414673, 28.7230682373, -53.1849441528, 65.0095291138], [19.9536399841, -234.777236938, 178.229858398, -72.5001678467, -53.8036193848, 117.105392456, -24.7949352264, 208.419494629, -22.1976146698, 32.2675285339, -43.2472572327, 39.103805542, -9.56364822388], [-319.735595703, 286.66116333, 37.8237724304, -54.1000099182, 44.7054824829, -21.4247360229, 83.4967269897, -22.1976146698, 106.157020569, -34.9339332581, 28.0007419586, -24.1498622894, 42.2016868591], [459.11706543, -314.406677246, -101.407104492, 105.45262146, -49.3626365662, 9.8023815155, -51.4259414673, 32.2675285339, -34.9339332581, 118.971069336, 9.60037231445, 35.3641700745, -34.1513061523], [-172.263336182, 179.751556396, -58.4375724792, -11.6805791855, -2.33546185493, -70.7006530762, 28.7230682373, -43.2472572327, 28.0007419586, 9.60037231445, 105.768859863, 8.6894235611, 24.9508705139], [-59.8221168518, -102.397735596, 42.7303581238, -49.6188201904, -32.4601211548, 10.2191381454, -53.1849441528, 39.103805542, -24.1498622894, 35.3641700745, 8.6894235611, 87.1128540039, 4.44960927963], [-411.77835083, 267.310546875, 5.49531030655, -90.0480880737, 16.7711620331, -40.5237388611, 65.0095291138, -9.56364822388, 42.2016868591, -34.1513061523, 24.9508705139, 4.44960927963, 92.4203109741]],
        "icov": [[0.000492963183206, -0.000139599156682, 0.000109111570055, -0.00109034660272, 0.000187894271221, 0.000191184779396, 0.000285801797872, -0.000420866301283, 0.000226215546718, -0.000724825426005, 0.000671798945405, 0.0001611601474, 0.000776199856773], [-0.000139599156682, 0.00798155460507, -0.00105011032429, 0.0069150486961, -0.00284410943277, 0.00394964637235, -0.0037920542527, 0.00498054316267, -0.00519026443362, 0.00618623243645, -0.00626918394119, 0.00461444025859, -0.00535033782944], [0.000109111570055, -0.00105011032429, 0.00220964546315, 0.000203735326068, 0.000237949090661, -0.00262811686844, 8.59197753016e-005, -0.000991393462755, 0.000367957196431, 0.000188012403669, 0.000538732856512, -0.00136576918885, 0.00205374369398], [-0.00109034660272, 0.0069150486961, 0.000203735326068, 0.0110089965165, -0.00257065449841, 0.000974234368186, -0.00389303453267, 0.0061166593805, -0.00453465012833, 0.00483671762049, -0.00664378516376, 0.0050260424614, -0.0044697788544], [0.000187894271221, -0.00284410943277, 0.000237949090661, -0.00257065449841, 0.00623550498858, -0.00280317408033, 0.00317410076968, -1.6172272808e-005, -0.00032891301089, -0.00164536654484, 0.00241392338648, 9.57231022767e-005, 0.000835333019495], [0.000191184779396, 0.00394964637235, -0.00262811686844, 0.000974234368186, -0.00280317408033, 0.0112432753667, -0.00193834363017, -0.00126959511545, -0.00234606210142, 0.00242417422123, 0.000179109047167, 0.00203847000375, -0.000975198054221], [0.000285801797872, -0.0037920542527, 8.59197753016e-005, -0.00389303453267, 0.00317410076968, -0.00193834363017, 0.0105890166014, -0.00245309993625, -0.00165991170797, -0.00298337196, 0.0023060424719, 0.0030683237128, -0.00179987307638], [-0.000420866301283, 0.00498054316267, -0.000991393462755, 0.0061166593805, -1.6172272808e-005, -0.00126959511545, -0.00245309993625, 0.0122184492648, -0.00350638665259, 0.0014400506625, -0.00233280402608, 0.00163489009719, -0.00514148455113], [0.000226215546718, -0.00519026443362, 0.000367957196431, -0.00453465012833, -0.00032891301089, -0.00234606210142, -0.00165991170797, -0.00350638665259, 0.0197854265571, -0.00371843483299, 0.00136534124613, -0.00117293163203, 0.00069476745557], [-0.000724825426005, 0.00618623243645, 0.000188012403669, 0.00483671762049, -0.00164536654484, 0.00242417422123, -0.00298337196, 0.0014400506625, -0.00371843483299, 0.0209536254406, -0.0085585815832, -0.00256424956024, -0.000936869182624], [0.000671798945405, -0.00626918394119, 0.000538732856512, -0.00664378516376, 0.00241392338648, 0.000179109047167, 0.0023060424719, -0.00233280402608, 0.00136534124613, -0.0085585815832, 0.0193962547928, -0.00589151447639, 0.00365866278298], [0.0001611601474, 0.00461444025859, -0.00136576918885, 0.0050260424614, 9.57231022767e-005, 0.00203847000375, 0.0030683237128, 0.00163489009719, -0.00117293163203, -0.00256424956024, -0.00589151447639, 0.0232308246195, -0.00870275869966], [0.000776199856773, -0.00535033782944, 0.00205374369398, -0.0044697788544, 0.000835333019495, -0.000975198054221, -0.00179987307638, -0.00514148455113, 0.00069476745557, -0.000936869182624, 0.00365866278298, -0.00870275869966, 0.0241989418864]]
    },
    "melbands": {
        "mean": [0.00351392501034, 0.00751991337165, 0.00171639735345, 0.00122061511502, 0.000545486167539, 0.000439051887952, 0.000167710706592, 5.6288066844e-005, 7.9704914242e-005, 7.53710046411e-005, 1.55090674525e-005, 1.03971406133e-005, 4.15642716689e-006, 3.48505341208e-006, 4.83248049932e-006, 3.84444638257e-006, 2.8562665193e-006, 2.33082550949e-006, 1.71970339125e-006, 1.67473308466e-006, 1.97922577172e-006, 1.73175499185e-006, 1.43416423271e-006, 1.01830153199e-006, 7.650058933e-007, 7.05821378233e-007, 8.50882088343e-007, 1.29468821797e-006, 1.01425644061e-006, 6.91417596954e-007, 3.7757953919e-007, 1.70814573153e-007, 1.35746205387e-007, 1.1841919445e-007, 1.53085551347e-007, 1.34298517196e-007, 9.56197538926e-008, 7.14863901408e-008, 5.03489765435e-008, 5.03137727037e-008],
        "var": [0.000178915666766, 0.000825704075396, 2.33155587921e-005, 6.45604131932e-006, 7.71239854203e-007, 1.06659683752e-006, 1.1510005038e-007, 1.17749161532e-008, 2.01795788968e-008, 2.63197179606e-008, 6.58969323553e-010, 1.97851901529e-010, 5.2010132312e-011, 6.61207200103e-011, 1.03304587107e-010, 5.45031693389e-011, 3.53353978022e-011, 3.25280115343e-011, 1.73171303686e-011, 1.48417545615e-011, 1.7660215304e-011, 1.17107330777e-011, 9.91678787698e-012, 4.72986146777e-012, 3.39203643472e-012, 2.78631501552e-012, 3.73580593543e-012, 1.29804196905e-011, 8.92959838017e-012, 5.2028563749e-012, 2.6968635658e-012, 6.35801090595e-013, 4.86093804097e-013, 3.8484311766e-013, 5.6691321559e-013, 2.47934024656e-013, 1.99388452255e-013, 1.09228476416e-013, 3.59771044065e-014, 4.68274338305e-014]
    },
    "mfcc": {
        "mean": [-782.293701172, 194.861190796, 43.1615791321, 32.069519043, 9.26323223114, 1.20845961571, -1.00908637047, 3.44517731667, 2.34965753555, 1.02250695229, -4.03085660934, 3.40401387215, -3.52054929733],
        "cov": [[7118.96630859, -2829.78295898, -1496.32800293, 1145.4342041, -36.224521637, 247.732650757, -14.2181949615, -341.763275146, -372.386047363, 255.297927856, -36.7117004395, 151.660430908, -76.9498596191], [-2829.78295898, 1930.87353516, 472.423217773, -380.92401123, -59.378326416, -86.0814437866, -24.3129577637, 89.4179840088, 139.920898438, -120.443565369, 11.1619234085, -23.1774215698, 57.0675621033], [-1496.32800293, 472.423217773, 922.588806152, -337.101501465, 63.8343200684, -27.118730545, 52.8568115234, 188.886032104, 149.377639771, -3.08220386505, 63.7312278748, -91.369140625, 28.4115180969], [1145.4342041, -380.92401123, -337.101501465, 377.519989014, -48.0279083252, 68.3912277222, -1.50254368782, -83.4764404297, -84.5680847168, 47.968963623, -21.7996692657, 45.1796188354, -13.1258420944], [-36.224521637, -59.378326416, 63.8343200684, -48.0279083252, 278.649139404, 76.7408447266, 19.0150203705, 25.9720306396, 24.8690032959, -12.1604623795, -5.34051275253, -0.243209376931, -14.5973930359], [247.732650757, -86.0814437866, -27.118730545, 68.3912277222, 76.7408447266, 177.662109375, 22.5803833008, -4.51653432846, 12.7031288147, 5.60444545746, -10.8986778259, 25.1394863129, -4.54974651337], [-14.2181949615, -24.3129577637, 52.8568115234, -1.50254368782, 19.0150203705, 22.5803833008, 84.3830337524, 32.6525039673, 20.3401279449, 27.1426563263, 8.5735912323, -1.87087345123, -12.2044420242], [-341.763275146, 89.4179840088, 188.886032104, -83.4764404297, 25.9720306396, -4.51653432846, 32.6525039673, 113.938705444, 76.7688064575, 24.4720859528, 17.1076030731, -39.1388053894, -7.18357419968], [-372.386047363, 139.920898438, 149.377639771, -84.5680847168, 24.8690032959, 12.7031288147, 20.3401279449, 76.7688064575, 143.454483032, 39.0074729919, 2.27933907509, -31.007818222, -25.9247665405], [255.297927856, -120.443565369, -3.08220386505, 47.968963623, -12.1604623795, 5.60444545746, 27.1426563263, 24.4720859528, 39.0074729919, 100.106361389, 15.4769573212, -6.78989219666, -26.7728614807], [-36.7117004395, 11.1619234085, 63.7312278748, -21.7996692657, -5.34051275253, -10.8986778259, 8.5735912323, 17.1076030731, 2.27933907509, 15.4769573212, 66.6352462769, 7.29607725143, 3.27799749374], [151.660430908, -23.1774215698, -91.369140625, 45.1796188354, -0.243209376931, 25.1394863129, -1.87087345123, -39.1388053894, -31.007818222, -6.78989219666, 7.29607725143, 78.2764205933, 11.1515474319], [-76.9498596191, 57.0675621033, 28.4115180969, -13.1258420944, -14.5973930359, -4.54974651337, -12.2044420242, -7.18357419968, -25.9247665405, -26.7728614807, 3.27799749374, 11.1515474319, 77.2989501953]],
        "icov": [[0.000655526469927, 0.000631683331449, 0.000374660361558, -0.000801394751761, -3.67698303307e-005, -0.000293309189146, 0.000202970855753, 0.000258692016359, 0.000286319642328, -0.00072682503378, -0.000356318807462, 0.000159958668519, -0.000219376132009], [0.000631683331449, 0.0013880059123, 0.000157013448188, -0.000398308824515, 0.000295599544188, -0.000133467037813, 0.000237648375332, 0.000371289439499, -0.000599536986556, 0.000279304396827, -0.000279649888398, -0.000287389411824, -0.000452264328487], [0.000374660361558, 0.000157013448188, 0.00255924044177, 0.000724438985344, -0.000122452154756, -0.000582378474064, -0.000435532507254, -0.00176248035859, -0.000111276152893, -0.000385419290978, -0.0016328174388, 0.00142435403541, -0.00115760706831], [-0.000801394751761, -0.000398308824515, 0.000724438985344, 0.00674910657108, 0.00109482207336, -0.00190687330905, -0.000227748852922, 0.0001728831121, 0.00201578740962, -0.00233792467043, 0.00141382485162, -0.000501240079757, 0.000329340808094], [-3.67698303307e-005, 0.000295599544188, -0.000122452154756, 0.00109482207336, 0.00465615838766, -0.00217954162508, -0.000224421877647, -0.00080776627874, 5.51384036953e-005, 0.00103194045369, 0.00040828078636, -0.000384401762858, 0.00103062891867], [-0.000293309189146, -0.000133467037813, -0.000582378474064, -0.00190687330905, -0.00217954162508, 0.00834037363529, -0.00183912971988, 0.000513427774422, -0.00261012557894, 0.00168939318974, 0.00107508746441, -0.00244663562626, -0.000449426996056], [0.000202970855753, 0.000237648375332, -0.000435532507254, -0.000227748852922, -0.000224421877647, -0.00183912971988, 0.0153875192627, -0.00453139515594, 0.00194315379485, -0.00358207477257, 0.000159436822287, -0.00180154759437, 0.00166992004961], [0.000258692016359, 0.000371289439499, -0.00176248035859, 0.0001728831121, -0.00080776627874, 0.000513427774422, -0.00453139515594, 0.0209398418665, -0.00698708277196, -0.00127961067483, -0.00291103986092, 0.00527437031269, -0.00165521237068], [0.000286319642328, -0.000599536986556, -0.000111276152893, 0.00201578740962, 5.51384036953e-005, -0.00261012557894, 0.00194315379485, -0.00698708277196, 0.0157483313233, -0.00675663445145, 0.00298064039089, 0.000255321152508, 0.00340339355171], [-0.00072682503378, 0.000279304396827, -0.000385419290978, -0.00233792467043, 0.00103194045369, 0.00168939318974, -0.00358207477257, -0.00127961067483, -0.00675663445145, 0.0185800641775, -0.0039185937494, 3.35230324708e-005, 0.00275532784872], [-0.000356318807462, -0.000279649888398, -0.0016328174388, 0.00141382485162, 0.00040828078636, 0.00107508746441, 0.000159436822287, -0.00291103986092, 0.00298064039089, -0.0039185937494, 0.019152905792, -0.00487164175138, 0.000120023563795], [0.000159958668519, -0.000287389411824, 0.00142435403541, -0.000501240079757, -0.000384401762858, -0.00244663562626, -0.00180154759437, 0.00527437031269, 0.000255321152508, 3.35230324708e-005, -0.00487164175138, 0.0186442453414, -0.00263399491087], [-0.000219376132009, -0.000452264328487, -0.00115760706831, 0.000329340808094, 0.00103062891867, -0.000449426996056, 0.00166992004961, -0.00165521237068, 0.00340339355171, 0.00275532784872, 0.000120023563795, -0.00263399491087, 0.0162823759019]]
    },
    "spectral_contrast_coeffs": {
        "mean": [-0.642297148705, -0.729548990726, -0.770500361919, -0.813054561615, -0.808441996574, -0.810571849346],
        "var": [0.00688544940203, 0.00417974963784, 0.00397033104673, 0.00345549033955, 0.00395318400115, 0.00423589581624]
    },
    "spectral_contrast_valleys": {
        "mean": [-6.89441156387, -7.0128068924, -8.36139678955, -9.32089710236, -9.65682125092, -12.097322464],
        "var": [0.5041436553, 0.507482469082, 0.517903268337, 0.956160128117, 1.89277052879, 1.86189782619]
    }
},
"metadata": {
    "audio_properties": {
        "analysis_sample_rate": 44100,
        "bit_rate": 128074,
        "equal_loudness": 0,
        "length": 45.0612258911,
        "lossless": 0,
        "replay_gain": -5.04064369202,
        "sample_rate": 44100,
        "codec": "mp3",
        "downmix": "mix",
        "md5_encoded": "2d437d69a66518d5711d3aa973e8e02c"
    },
    "tags": {
        "file_name": "1754.mp3"
    },
    "version": {
        "essentia": "2.1-beta2",
        "essentia_git_sha": "v2.1_beta2",
        "extractor": "music 1.0"
    }
},
"rhythm": {
    "beats_count": 85,
    "beats_loudness": {
        "mean": 0.0687498226762,
        "var": 0.0344628319144
    },
    "bpm": 114.654022217,
    "bpm_histogram_first_peak_bpm": {
        "mean": 115,
        "var": 0
    },
    "bpm_histogram_first_peak_spread": {
        "mean": 0.412500023842,
        "var": 0
    },
    "bpm_histogram_first_peak_weight": {
        "mean": 0.559523820877,
        "var": 0
    },
    "bpm_histogram_second_peak_bpm": {
        "mean": 108,
        "var": 0
    },
    "bpm_histogram_second_peak_spread": {
        "mean": 0.5,
        "var": 0
    },
    "bpm_histogram_second_peak_weight": {
        "mean": 0.023809524253,
        "var": 0
    },
    "danceability": 1.05333817005,
    "onset_rate": 3.06111979485,
    "beats_loudness_band_ratio": {
        "mean": [0.65699505806, 0.298842787743, 0.0676342770457, 0.0156119735911, 0.0093901809305, 0.00998287927359],
        "var": [0.0578730031848, 0.044255476445, 0.00444902852178, 0.000323642219882, 0.00036147373612, 0.000343224382959]
    },
    "beats_position": [0.53405892849, 1.09133780003, 1.64861679077, 2.19428563118, 2.72834467888, 3.26240348816, 3.78485250473, 4.31891155243, 4.841360569, 5.36380958557, 5.89786815643, 6.420317173, 6.94276618958, 7.46521520615, 7.99927425385, 8.52172279358, 9.03256225586, 9.54340076447, 10.0658502579, 10.5999088287, 11.1223583221, 11.656416893, 12.1788663864, 12.7013149261, 13.2121543884, 13.7462129593, 14.2802715302, 14.8027210236, 15.3135595322, 15.8360090256, 16.3700675964, 16.8925170898, 17.426574707, 17.9490242004, 18.4598636627, 18.970703125, 19.4815406799, 20.0039901733, 20.5264396667, 21.0488891602, 21.5713367462, 22.0821762085, 22.6046257019, 23.1270751953, 23.6379127502, 24.1603622437, 24.6944217682, 25.2168693542, 25.7393188477, 26.2617683411, 26.7842178345, 27.3066654205, 27.8291149139, 28.3515644073, 28.8740139008, 29.3964614868, 29.9189109802, 30.4413604736, 30.9638080597, 31.4862575531, 31.9970970154, 32.5195465088, 33.0419960022, 33.5644454956, 34.0868911743, 34.6093406677, 35.1317901611, 35.6426315308, 36.1534690857, 36.6643066406, 37.186756134, 37.7092056274, 38.2316551208, 38.7541046143, 39.2881622314, 39.7989997864, 40.3330612183, 40.8438987732, 41.3663482666, 41.88879776, 42.4228553772, 42.9569168091, 43.4909744263, 44.0250320435, 44.5707015991]
},
"tonal": {
    "chords_changes_rate": 0.0462962947786,
    "chords_number_rate": 0.00925925932825,
    "chords_strength": {
        "mean": 0.452159583569,
        "var": 0.00911889970303
    },
    "hpcp_entropy": {
        "mean": 1.915979743,
        "var": 0.460187345743
    },
    "key_strength": 0.607329010963,
    "tuning_diatonic_strength": 0.384450346231,
    "tuning_equal_tempered_deviation": 0.0814979225397,
    "tuning_frequency": 437.718536377,
    "tuning_nontempered_energy_ratio": 0.679481327534,
    "hpcp": {
        "mean": [0.146083191037, 0.0943797677755, 0.0566140860319, 0.0821652635932, 0.0991614386439, 0.0970004275441, 0.108272112906, 0.0846602022648, 0.0455304086208, 0.0419294834137, 0.0423011668026, 0.0984743908048, 0.182579725981, 0.127328246832, 0.0257565397769, 0.00640200683847, 0.00583375105634, 0.00786220375448, 0.00936800520867, 0.018777590245, 0.078445956111, 0.135062709451, 0.103315234184, 0.181325405836, 0.223301246762, 0.188135311007, 0.37505787611, 0.517248153687, 0.340952306986, 0.117808453739, 0.058425553143, 0.0585210435092, 0.086454205215, 0.125252783298, 0.113718904555, 0.118838056922],
        "var": [0.0827955976129, 0.0396916791797, 0.0185189992189, 0.0406173318624, 0.056849129498, 0.0520510151982, 0.0677609145641, 0.0458877980709, 0.0196302998811, 0.0219066124409, 0.0158708300442, 0.0257234368473, 0.0730674415827, 0.0447432100773, 0.00404699519277, 0.000718922819942, 0.000589153787587, 0.00179973500781, 0.0017402417725, 0.00503355124965, 0.0329946950078, 0.062253896147, 0.0245519522578, 0.0686957985163, 0.0909953787923, 0.0693495720625, 0.107471950352, 0.144893094897, 0.104168236256, 0.042558401823, 0.0252730231732, 0.0277868043631, 0.0334726460278, 0.040841281414, 0.0391951389611, 0.0520339719951]
    },
    "chords_histogram": [17.6954727173, 9.36213970184, 30.9670772552, 2.67489719391, 0, 0, 0, 24.0740737915, 0, 2.98353910446, 1.85185182095, 0, 0, 0, 0, 0, 0, 0, 8.64197540283, 0, 1.74897122383, 0, 0, 0],
    "thpcp": [1, 0.659165799618, 0.227760031819, 0.112954586744, 0.113139204681, 0.167142614722, 0.24215221405, 0.219853669405, 0.229750573635, 0.28242379427, 0.182465165854, 0.109452463686, 0.158850759268, 0.19170960784, 0.187531709671, 0.209323346615, 0.163674250245, 0.0880243033171, 0.0810626074672, 0.0817811861634, 0.190381333232, 0.352982848883, 0.246164724231, 0.0497953258455, 0.0123770507053, 0.0112784374505, 0.0152000617236, 0.0181112401187, 0.0363028645515, 0.151660189033, 0.261117815971, 0.199740171432, 0.350557863712, 0.431710094213, 0.363723516464, 0.725102424622],
    "chords_key": "C#",
    "chords_scale": "minor",
    "key_key": "F#",
    "key_scale": "minor"
}
}