{
"lowlevel": {
    "average_loudness": 0.89900457859,
    "barkbands_crest": {
        "mean": 12.3516206741,
        "var": 20.0751457214
    },
    "barkbands_flatness_db": {
        "mean": 0.224393457174,
        "var": 0.00664028665051
    },
    "barkbands_kurtosis": {
        "mean": 11.4211349487,
        "var": 415.611236572
    },
    "barkbands_skewness": {
        "mean": 2.20018959045,
        "var": 2.91987037659
    },
    "barkbands_spread": {
        "mean": 12.8225603104,
        "var": 151.228088379
    },
    "dissonance": {
        "mean": 0.439940601587,
        "var": 0.00210761837661
    },
    "dynamic_complexity": 3.21586036682,
    "erbbands_crest": {
        "mean": 11.9591236115,
        "var": 34.1344223022
    },
    "erbbands_flatness_db": {
        "mean": 0.198003843427,
        "var": 0.00351875694469
    },
    "erbbands_kurtosis": {
        "mean": 2.63234591484,
        "var": 25.3770122528
    },
    "erbbands_skewness": {
        "mean": 0.64086830616,
        "var": 1.45381307602
    },
    "erbbands_spread": {
        "mean": 32.3030776978,
        "var": 498.927398682
    },
    "hfc": {
        "mean": 9.53102970123,
        "var": 121.062271118
    },
    "melbands_crest": {
        "mean": 15.6418266296,
        "var": 22.3653335571
    },
    "melbands_flatness_db": {
        "mean": 0.31723985076,
        "var": 0.0105643756688
    },
    "melbands_kurtosis": {
        "mean": 24.6423969269,
        "var": 1370.55944824
    },
    "melbands_skewness": {
        "mean": 3.17169046402,
        "var": 4.24821853638
    },
    "melbands_spread": {
        "mean": 12.9396448135,
        "var": 211.767333984
    },
    "pitch_salience": {
        "mean": 0.524370491505,
        "var": 0.0173033196479
    },
    "silence_rate_20dB": {
        "mean": 1,
        "var": 0
    },
    "silence_rate_30dB": {
        "mean": 0.941297650337,
        "var": 0.0552575066686
    },
    "silence_rate_60dB": {
        "mean": 0.0587023682892,
        "var": 0.0552576817572
    },
    "spectral_centroid": {
        "mean": 781.17364502,
        "var": 405517.6875
    },
    "spectral_complexity": {
        "mean": 9.23377990723,
        "var": 30.7794742584
    },
    "spectral_decrease": {
        "mean": -8.234550819e-009,
        "var": 1.39806996639e-016
    },
    "spectral_energy": {
        "mean": 0.0319435931742,
        "var": 0.00206195213832
    },
    "spectral_energyband_high": {
        "mean": 0.000240315624978,
        "var": 2.33807355698e-007
    },
    "spectral_energyband_low": {
        "mean": 0.0174399465322,
        "var": 0.000867193215527
    },
    "spectral_energyband_middle_high": {
        "mean": 0.00212098401971,
        "var": 9.13282383408e-006
    },
    "spectral_energyband_middle_low": {
        "mean": 0.0142742041498,
        "var": 0.000680116645526
    },
    "spectral_entropy": {
        "mean": 6.90899515152,
        "var": 0.465613514185
    },
    "spectral_flux": {
        "mean": 0.106763750315,
        "var": 0.00635485397652
    },
    "spectral_kurtosis": {
        "mean": 12.1119480133,
        "var": 258.009216309
    },
    "spectral_rms": {
        "mean": 0.00473865261301,
        "var": 8.70956591825e-006
    },
    "spectral_rolloff": {
        "mean": 752.175842285,
        "var": 1056083
    },
    "spectral_skewness": {
        "mean": 2.35272908211,
        "var": 1.80707192421
    },
    "spectral_spread": {
        "mean": 3856664,
        "var": 3.86553557811e+012
    },
    "spectral_strongpeak": {
        "mean": 0.555606365204,
        "var": 0.447589188814
    },
    "zerocrossingrate": {
        "mean": 0.0321586765349,
        "var": 0.000774445186835
    },
    "barkbands": {
        "mean": [0.000357162120054, 0.00934370420873, 0.005711897742, 0.00510882120579, 0.00501873670146, 0.00276853470132, 0.000652104674373, 0.000202411552891, 0.000323355139699, 0.000664786086418, 0.000152259992319, 0.000445396290161, 0.000293432036415, 0.000170648956555, 9.94976580841e-005, 0.000115173119411, 8.97691425052e-005, 5.88522088947e-005, 8.71623997227e-005, 7.4217459769e-005, 6.19105194346e-005, 6.09362214163e-005, 3.91107059841e-005, 2.01442398975e-005, 1.64242446772e-005, 6.89206581228e-006, 2.63207937223e-007],
        "var": [5.27729616806e-006, 0.000247567048064, 0.000224020797759, 0.000162065640325, 0.000164141223649, 3.08499329549e-005, 1.40036377161e-006, 2.11647659398e-007, 6.58921976537e-007, 4.20060814577e-006, 1.38647834547e-007, 1.57925865096e-006, 7.96607878328e-007, 5.67468873669e-007, 2.13204472743e-007, 2.60582510236e-007, 3.97564264176e-007, 9.48303835457e-008, 2.08293869264e-007, 5.38272431072e-008, 1.65395235285e-008, 2.95776363402e-008, 1.26655423927e-008, 2.14760698114e-009, 2.9253506284e-009, 4.4795250842e-010, 7.37686875561e-013]
    },
    "erbbands": {
        "mean": [0.182612687349, 2.40061736107, 6.63062858582, 11.9101667404, 19.1329212189, 15.4841909409, 21.1615104675, 20.3438987732, 11.1446866989, 6.92165136337, 4.25570297241, 6.96155309677, 18.0579299927, 14.7821416855, 6.88762044907, 20.9550876617, 15.9402427673, 7.96649026871, 7.23012161255, 6.69431209564, 4.83167028427, 5.37834072113, 3.55623722076, 3.78896212578, 4.43809986115, 3.44352316856, 2.40497732162, 2.68518328667, 2.0892727375, 1.59883654118, 1.07427763939, 0.522621154785, 0.333587735891, 0.209348529577, 0.0965998023748, 0.0394097827375, 0.0106599591672, 0.00139337358996, 5.16471991432e-005, 3.691758684e-005],
        "var": [0.0750231742859, 18.0309429169, 251.084640503, 719.226318359, 2968.34692383, 1500.93579102, 1963.57287598, 1647.11975098, 290.482879639, 257.344543457, 67.5126647949, 276.511413574, 3109.97509766, 1961.87243652, 157.910049438, 3318.07861328, 1852.61279297, 934.838928223, 1192.26989746, 1219.16003418, 244.01171875, 1709.45117188, 385.465179443, 288.36819458, 687.853027344, 110.224838257, 33.7455711365, 32.9193572998, 37.8609428406, 14.0075016022, 10.4443712234, 1.66016125679, 0.770589590073, 0.419234097004, 0.129617333412, 0.0151847805828, 0.00103589892387, 1.68721471709e-005, 1.41363560857e-008, 2.61707988614e-009]
    },
    "gfcc": {
        "mean": [-80.4773330688, 137.442153931, -87.3190383911, 37.6707496643, -51.6376953125, 13.8463611603, -25.941947937, -3.23316550255, -24.5008525848, -1.94483578205, -4.97411251068, 1.56129622459, -5.57892990112],
        "cov": [[6965.77197266, -2050.62963867, -559.063903809, 952.232543945, -633.820983887, 258.244995117, -428.811401367, -57.2632446289, -227.205047607, 143.05279541, -421.859649658, 63.6184120178, -209.15977478], [-2050.62963867, 2394.58203125, 251.670425415, -628.121032715, 526.009521484, -318.107055664, 395.492950439, -188.029724121, 177.969940186, -298.696289063, 300.070587158, -178.381546021, 191.205032349], [-559.063903809, 251.670425415, 906.913757324, 58.9952926636, 64.9974212646, -71.6069488525, 14.4869565964, 89.3814544678, 0.442198544741, -9.16641044617, -51.7427558899, -5.18390464783, 5.28921794891], [952.232543945, -628.121032715, 58.9952926636, 641.906066895, -117.253410339, -49.4821624756, -85.3289794922, 13.6463680267, 52.0068435669, 70.6437225342, -88.5465774536, -14.7759771347, -56.8105697632], [-633.820983887, 526.009521484, 64.9974212646, -117.253410339, 396.875, 21.738483429, 74.5785446167, -41.8298339844, 29.0209445953, -10.0472011566, 118.365882874, -50.7195663452, 35.6727600098], [258.244995117, -318.107055664, -71.6069488525, -49.4821624756, 21.738483429, 275.746582031, 1.73136556149, 15.999630928, -65.0760192871, 69.2582931519, -0.988740861416, 26.8157176971, -47.4653053284], [-428.811401367, 395.492950439, 14.4869565964, -85.3289794922, 74.5785446167, 1.73136556149, 286.6534729, 48.8503646851, -6.843729496, -70.8529663086, 78.5432357788, -51.5766220093, 24.0123767853], [-57.2632446289, -188.029724121, 89.3814544678, 13.6463680267, -41.8298339844, 15.999630928, 48.8503646851, 199.73916626, 11.4780006409, -6.90018033981, -57.0000686646, 25.2045383453, 1.38122451305], [-227.205047607, 177.969940186, 0.442198544741, 52.0068435669, 29.0209445953, -65.0760192871, -6.843729496, 11.4780006409, 202.509460449, -12.9513244629, -28.3106460571, -9.06690311432, 49.8405685425], [143.05279541, -298.696289063, -9.16641044617, 70.6437225342, -10.0472011566, 69.2582931519, -70.8529663086, -6.90018033981, -12.9513244629, 175.559112549, 23.6315631866, 9.21239185333, -30.5238189697], [-421.859649658, 300.070587158, -51.7427558899, -88.5465774536, 118.365882874, -0.988740861416, 78.5432357788, -57.0000686646, -28.3106460571, 23.6315631866, 218.941650391, 0.654128432274, -15.119181633], [63.6184120178, -178.381546021, -5.18390464783, -14.7759771347, -50.7195663452, 26.8157176971, -51.5766220093, 25.2045383453, -9.06690311432, 9.21239185333, 0.654128432274, 134.910263062, 29.7715873718], [-209.15977478, 191.205032349, 5.28921794891, -56.8105697632, 35.6727600098, -47.4653053284, 24.0123767853, 1.38122451305, 49.8405685425, -30.5238189697, -15.119181633, 29.7715873718, 124.605514526]],
        "icov": [[0.000297805177979, -0.00034946759115, 0.000298093247693, -0.000669859873597, 0.000354340474587, -0.000497730448842, 0.000411146727856, -0.000166279714904, 0.000641606049612, -0.000163757169503, 0.000581401865929, -0.000232017235248, 0.000178886039066], [-0.00034946759115, 0.00542075326666, -0.00200832099654, 0.00445347838104, -0.00290121859871, 0.00401749648154, -0.00384876620956, 0.0044972426258, -0.00454946793616, 0.00409843260422, -0.00383133627474, 0.00346140703186, -0.00220440188423], [0.000298093247693, -0.00200832099654, 0.0021225749515, -0.0019643001724, 0.000625974906143, -0.00103673199192, 0.0013885331573, -0.00211697607301, 0.0021950318478, -0.00169247528538, 0.00219046534039, -0.00155730661936, 0.00112348562106], [-0.000669859873597, 0.00445347838104, -0.0019643001724, 0.00623202417046, -0.00238253548741, 0.00431709736586, -0.00355365127325, 0.00373041676357, -0.00484514608979, 0.00215278565884, -0.00269025284797, 0.00266648945399, -0.000561626104172], [0.000354340474587, -0.00290121859871, 0.000625974906143, -0.00238253548741, 0.00569165125489, -0.00368087971583, 0.00270793028176, -0.00227361777797, 0.00185701483861, -0.00142764509656, -0.000480796763441, 0.000507205899339, -0.000866403395776], [-0.000497730448842, 0.00401749648154, -0.00103673199192, 0.00431709736586, -0.00368087971583, 0.00895007047802, -0.00459733884782, 0.0034057260491, -0.00254557910375, 0.000114386049972, -0.000649555469863, -3.95817987737e-005, 0.00130014901515], [0.000411146727856, -0.00384876620956, 0.0013885331573, -0.00355365127325, 0.00270793028176, -0.00459733884782, 0.00951479841024, -0.00600369041786, 0.00381431612186, 0.000307486974634, -0.00114106619731, 0.00161123950966, -0.00135040155146], [-0.000166279714904, 0.0044972426258, -0.00211697607301, 0.00373041676357, -0.00227361777797, 0.0034057260491, -0.00600369041786, 0.0109104923904, -0.0043179593049, 0.00237333285622, -5.97684884269e-005, 6.08788541285e-005, -0.000118457908684], [0.000641606049612, -0.00454946793616, 0.0021950318478, -0.00484514608979, 0.00185701483861, -0.00254557910375, 0.00381431612186, -0.0043179593049, 0.0105654625222, -0.00346952257678, 0.00423904089257, -0.00226903916337, -0.00045208670781], [-0.000163757169503, 0.00409843260422, -0.00169247528538, 0.00215278565884, -0.00142764509656, 0.000114386049972, 0.000307486974634, 0.00237333285622, -0.00346952257678, 0.0118159810081, -0.00610152445734, 0.00435434374958, -0.00264223967679], [0.000581401865929, -0.00383133627474, 0.00219046534039, -0.00269025284797, -0.000480796763441, -0.000649555469863, -0.00114106619731, -5.97684884269e-005, 0.00423904089257, -0.00610152445734, 0.0126302279532, -0.00661596283317, 0.00556930946186], [-0.000232017235248, 0.00346140703186, -0.00155730661936, 0.00266648945399, 0.000507205899339, -3.95817987737e-005, 0.00161123950966, 6.08788541285e-005, -0.00226903916337, 0.00435434374958, -0.00661596283317, 0.0142902908847, -0.00713341264054], [0.000178886039066, -0.00220440188423, 0.00112348562106, -0.000561626104172, -0.000866403395776, 0.00130014901515, -0.00135040155146, -0.000118457908684, -0.00045208670781, -0.00264223967679, 0.00556930946186, -0.00713341264054, 0.0143230110407]]
    },
    "melbands": {
        "mean": [0.0021867826581, 0.00350165064447, 0.00243236194365, 0.00121714721899, 0.00072896463098, 0.000470250786748, 0.000159173709108, 6.69283617754e-005, 3.380950875e-005, 4.67409918201e-005, 9.31813119678e-005, 6.52304806863e-005, 1.93597625184e-005, 3.8362621126e-005, 6.2556588091e-005, 1.98454017664e-005, 1.47278078657e-005, 1.28659939946e-005, 6.79035792928e-006, 1.0076804756e-005, 4.50917650596e-006, 6.11216864854e-006, 3.25478981722e-006, 2.87485795525e-006, 3.09943584398e-006, 3.15985244015e-006, 3.15659121952e-006, 2.1358741833e-006, 1.48034621361e-006, 1.44544617342e-006, 1.55961197379e-006, 1.21429138744e-006, 1.09493930722e-006, 7.82378720032e-007, 6.44842373276e-007, 4.7398518177e-007, 2.71553147968e-007, 2.42750616053e-007, 2.02709799169e-007, 1.66879488006e-007],
        "var": [1.18144753287e-005, 5.14740095241e-005, 3.18416787195e-005, 1.10920964289e-005, 1.83220947747e-006, 7.91572404069e-007, 6.37298427364e-008, 2.58355754568e-008, 4.45508208102e-009, 1.36080018365e-008, 8.54604635947e-008, 4.20948680357e-008, 1.79766146413e-009, 1.17765805996e-008, 2.90266903846e-008, 3.02039238065e-009, 4.31176783167e-009, 4.39896696847e-009, 8.78205452803e-010, 2.45294407009e-009, 2.33960184559e-010, 2.3628059509e-009, 2.442703817e-010, 3.12389031309e-010, 2.46738907084e-010, 2.56661109033e-010, 3.89689891467e-010, 5.40319976261e-011, 1.68235373549e-011, 9.75545599163e-012, 1.33851428205e-011, 1.55053088424e-011, 1.10260463954e-011, 3.24895926135e-012, 4.30390835818e-012, 4.82296190832e-012, 3.24199543079e-013, 4.05575123182e-013, 3.75415193724e-013, 2.99414762732e-013]
    },
    "mfcc": {
        "mean": [-730.767456055, 160.220703125, 28.0954608917, 32.4582061768, 3.78678536415, 15.4747486115, 8.196393013, 5.19113588333, -6.8205332756, -2.6481013298, -4.84587430954, 0.785518884659, 1.81937897205],
        "cov": [[6627.86621094, -2195.95361328, -466.132659912, 463.687072754, -315.180114746, 279.645385742, -357.545593262, -109.59954834, -53.6104164124, 20.497964859, -105.904640198, -140.565948486, -175.04876709], [-2195.95361328, 2377.43554688, 37.9732704163, -256.14956665, 133.568893433, -105.931167603, 236.717056274, 86.2031860352, -3.78479933739, -51.700920105, -11.4317569733, 15.8847770691, 41.1498451233], [-466.132659912, 37.9732704163, 683.69317627, 167.809234619, 50.4169654846, -67.915687561, -23.8691139221, 23.6964855194, 75.1001739502, -3.48382616043, 6.33085918427, 16.2628002167, -16.7453575134], [463.687072754, -256.14956665, 167.809234619, 501.018585205, 7.85006570816, -7.21320104599, -70.3341217041, -17.7508335114, 29.6553840637, 48.611328125, -4.3937163353, 18.8786296844, -27.9745349884], [-315.180114746, 133.568893433, 50.4169654846, 7.85006570816, 286.81930542, 54.9207077026, -10.7719516754, -45.2252159119, 7.95758008957, -4.76519680023, 24.4401302338, 11.0595035553, 41.4105072021], [279.645385742, -105.931167603, -67.915687561, -7.21320104599, 54.9207077026, 206.027206421, 26.2197208405, -47.5336914063, -36.6225700378, 12.6858062744, 20.2231903076, 7.59470129013, 23.3249034882], [-357.545593262, 236.717056274, -23.8691139221, -70.3341217041, -10.7719516754, 26.2197208405, 327.504577637, 37.4594764709, -67.585609436, 12.1923274994, 50.5038146973, 31.3719215393, 3.15975904465], [-109.59954834, 86.2031860352, 23.6964855194, -17.7508335114, -45.2252159119, -47.5336914063, 37.4594764709, 190.271286011, 52.1942710876, -4.47736024857, -13.8060512543, -4.65669727325, -4.01962518692], [-53.6104164124, -3.78479933739, 75.1001739502, 29.6553840637, 7.95758008957, -36.6225700378, -67.585609436, 52.1942710876, 205.96156311, 35.5344085693, -28.2046451569, -44.7649345398, -31.1048202515], [20.497964859, -51.700920105, -3.48382616043, 48.611328125, -4.76519680023, 12.6858062744, 12.1923274994, -4.47736024857, 35.5344085693, 130.799301147, 52.5164527893, -6.07463359833, -28.3832130432], [-105.904640198, -11.4317569733, 6.33085918427, -4.3937163353, 24.4401302338, 20.2231903076, 50.5038146973, -13.8060512543, -28.2046451569, 52.5164527893, 114.749504089, 31.5690689087, -14.1174058914], [-140.565948486, 15.8847770691, 16.2628002167, 18.8786296844, 11.0595035553, 7.59470129013, 31.3719215393, -4.65669727325, -44.7649345398, -6.07463359833, 31.5690689087, 114.558837891, 38.2878494263], [-175.04876709, 41.1498451233, -16.7453575134, -27.9745349884, 41.4105072021, 23.3249034882, 3.15975904465, -4.01962518692, -31.1048202515, -28.3832130432, -14.1174058914, 38.2878494263, 146.152191162]],
        "icov": [[0.000295427802484, 0.000199942849576, 0.000188950813026, -0.000233596554608, 0.000209544887184, -0.00037188801798, 0.000155386078404, -4.78365727759e-005, 0.000126977683976, 0.000120555472677, 0.000168914993992, 0.000222870090511, 0.000278150924714], [0.000199942849576, 0.000664674444124, 9.44742641877e-005, 7.89033729234e-005, -0.00022314148373, 0.000117752075312, -0.000294401717838, -0.000140370408189, 6.66793930577e-005, 8.50261858432e-005, 0.00036110720248, 9.06337227207e-005, 0.00016703637084], [0.000188950813026, 9.44742641877e-005, 0.00190345174633, -0.000770837476011, -0.000190608145203, 0.00028906960506, 2.11079691326e-006, -5.69673575228e-005, -0.000608185306191, 0.000670431996696, -0.000357294920832, -0.000123706398881, 0.000275172496913], [-0.000233596554608, 7.89033729234e-005, -0.000770837476011, 0.002747988794, -0.000374608032871, 0.000324365420965, 0.00020936850342, 0.000111853209091, 0.000118839176139, -0.00140471674968, 0.000882342515979, -0.00105114653707, 0.000301683467114], [0.000209544887184, -0.00022314148373, -0.000190608145203, -0.000374608032871, 0.00462639937177, -0.00148589129094, 0.000458352675196, 0.000966816151049, -0.00079693220323, 0.000929287751205, -0.00152604852337, 0.000467100238893, -0.00109566724859], [-0.00037188801798, 0.000117752075312, 0.00028906960506, 0.000324365420965, -0.00148589129094, 0.00653751567006, -0.000931994058192, 0.00103623082396, 0.000324432330672, -0.000760561670177, -0.000330847658915, -2.77168219327e-005, -0.00106040155515], [0.000155386078404, -0.000294401717838, 2.11079691326e-006, 0.00020936850342, 0.000458352675196, -0.000931994058192, 0.0042142723687, -0.00119130208623, 0.00141452183016, -0.000391001638491, -0.00116237264592, -0.000265178241534, 0.000386613595765], [-4.78365727759e-005, -0.000140370408189, -5.69673575228e-005, 0.000111853209091, 0.000966816151049, 0.00103623082396, -0.00119130208623, 0.00662988703698, -0.00216553243808, 0.000614333490375, 8.85894405656e-005, -0.000289740215521, -0.000491216778755], [0.000126977683976, 6.66793930577e-005, -0.000608185306191, 0.000118839176139, -0.00079693220323, 0.000324432330672, 0.00141452183016, -0.00216553243808, 0.00752592878416, -0.00299463537522, 0.00228932569735, 0.00161406863481, 0.000988687737845], [0.000120555472677, 8.50261858432e-005, 0.000670431996696, -0.00140471674968, 0.000929287751205, -0.000760561670177, -0.000391001638491, 0.000614333490375, -0.00299463537522, 0.0118740936741, -0.00627692323178, 0.00138335849624, 0.000511759950314], [0.000168914993992, 0.00036110720248, -0.000357294920832, 0.000882342515979, -0.00152604852337, -0.000330847658915, -0.00116237264592, 8.85894405656e-005, 0.00228932569735, -0.00627692323178, 0.0146169606596, -0.00371275492944, 0.00239412137307], [0.000222870090511, 9.06337227207e-005, -0.000123706398881, -0.00105114653707, 0.000467100238893, -2.77168219327e-005, -0.000265178241534, -0.000289740215521, 0.00161406863481, 0.00138335849624, -0.00371275492944, 0.0119192684069, -0.00297309621237], [0.000278150924714, 0.00016703637084, 0.000275172496913, 0.000301683467114, -0.00109566724859, -0.00106040155515, 0.000386613595765, -0.000491216778755, 0.000988687737845, 0.000511759950314, 0.00239412137307, -0.00297309621237, 0.00899530947208]]
    },
    "spectral_contrast_coeffs": {
        "mean": [-0.65804964304, -0.719629585743, -0.7723326087, -0.778488695621, -0.810878694057, -0.771179139614],
        "var": [0.00764418020844, 0.00694101396948, 0.0059740212746, 0.00649731094018, 0.00264055142179, 0.00314381998032]
    },
    "spectral_contrast_valleys": {
        "mean": [-6.97727441788, -7.13967180252, -7.96225309372, -8.68971347809, -8.72555732727, -11.359629631],
        "var": [0.844876289368, 0.764209806919, 0.847057282925, 1.02191591263, 1.28620553017, 1.7165043354]
    }
},
"metadata": {
    "audio_properties": {
        "analysis_sample_rate": 44100,
        "bit_rate": 128074,
        "equal_loudness": 0,
        "length": 45.0612258911,
        "lossless": 0,
        "replay_gain": -6.22967910767,
        "sample_rate": 44100,
        "codec": "mp3",
        "downmix": "mix",
        "md5_encoded": "52aeab64e3869d26385db0036a96fe26"
    },
    "tags": {
        "file_name": "1755.mp3"
    },
    "version": {
        "essentia": "2.1-beta2",
        "essentia_git_sha": "v2.1_beta2",
        "extractor": "music 1.0"
    }
},
"rhythm": {
    "beats_count": 82,
    "beats_loudness": {
        "mean": 0.0559177175164,
        "var": 0.00367528246716
    },
    "bpm": 110.115463257,
    "bpm_histogram_first_peak_bpm": {
        "mean": 110,
        "var": 0
    },
    "bpm_histogram_first_peak_spread": {
        "mean": 0.237499982119,
        "var": 0
    },
    "bpm_histogram_first_peak_weight": {
        "mean": 0.753086447716,
        "var": 0
    },
    "bpm_histogram_second_peak_bpm": {
        "mean": 115,
        "var": 0
    },
    "bpm_histogram_second_peak_spread": {
        "mean": 0,
        "var": 0
    },
    "bpm_histogram_second_peak_weight": {
        "mean": 0.0123456791043,
        "var": 0
    },
    "danceability": 1.56238174438,
    "onset_rate": 6.18878555298,
    "beats_loudness_band_ratio": {
        "mean": [0.622615754604, 0.171185150743, 0.0685131773353, 0.0818803459406, 0.0442391112447, 0.0481703430414],
        "var": [0.0709170401096, 0.0160605981946, 0.00806199014187, 0.0151324607432, 0.0151849361137, 0.0062470859848]
    },
    "beats_position": [0.49922901392, 1.02167797089, 1.55573689938, 2.08979582787, 2.6470746994, 3.19274377823, 3.73841261864, 4.27247142792, 4.81814050674, 5.36380958557, 5.92108821869, 6.45514726639, 7.00081634521, 7.5464849472, 8.10376358032, 8.63782310486, 9.18349170685, 9.72916126251, 10.2864398956, 10.8321084976, 11.3777770996, 11.9350566864, 12.4691152573, 13.0031747818, 13.5488433838, 14.0945119858, 14.6517915726, 15.1858501434, 15.7315187454, 16.2771873474, 16.8228569031, 17.3685264587, 17.9141941071, 18.4598636627, 19.0171432495, 19.5512008667, 20.0968704224, 20.642539978, 21.1882076263, 21.733877182, 22.2795467377, 22.825214386, 23.3708839417, 23.9165534973, 24.4622211456, 25.0078907013, 25.553560257, 26.0876178741, 26.6332874298, 27.1905670166, 27.7362346649, 28.2819042206, 28.8275737762, 29.3732414246, 29.9189109802, 30.4645805359, 31.0102481842, 31.5559177399, 32.1015853882, 32.6472549438, 33.1929244995, 33.7385940552, 34.2842636108, 34.8299331665, 35.3755989075, 35.9212684631, 36.4669380188, 37.0126075745, 37.5582771301, 38.1039466858, 38.6496124268, 39.1952819824, 39.7409515381, 40.2866210938, 40.8206787109, 41.3663482666, 41.9120178223, 42.4576873779, 43.0033569336, 43.5490226746, 44.0946922302, 44.6403617859]
},
"tonal": {
    "chords_changes_rate": 0.0874485597014,
    "chords_number_rate": 0.0102880662307,
    "chords_strength": {
        "mean": 0.476118326187,
        "var": 0.00494017358869
    },
    "hpcp_entropy": {
        "mean": 2.23836088181,
        "var": 0.48541945219
    },
    "key_strength": 0.557892560959,
    "tuning_diatonic_strength": 0.513170838356,
    "tuning_equal_tempered_deviation": 0.0718054100871,
    "tuning_frequency": 438.984558105,
    "tuning_nontempered_energy_ratio": 0.783060491085,
    "hpcp": {
        "mean": [0.0924019366503, 0.102022059262, 0.104815721512, 0.122128278017, 0.134344026446, 0.124337978661, 0.130490645766, 0.144117340446, 0.149492621422, 0.154888868332, 0.132032871246, 0.102820649743, 0.0873463079333, 0.0714499130845, 0.0849009901285, 0.11603872478, 0.15468069911, 0.215079262853, 0.237948030233, 0.168688520789, 0.0947114825249, 0.0875818505883, 0.133698418736, 0.252461522818, 0.279389113188, 0.157023578882, 0.0682098120451, 0.0451268441975, 0.0522701740265, 0.0898427069187, 0.120083764195, 0.112534075975, 0.104434676468, 0.0949786826968, 0.0782127529383, 0.0783432051539],
        "var": [0.0304964389652, 0.0435604378581, 0.0402557216585, 0.0481591187418, 0.0617138333619, 0.0578216388822, 0.0607045926154, 0.0720904618502, 0.0576759949327, 0.0671216547489, 0.0566747449338, 0.0441053584218, 0.0426492020488, 0.025735758245, 0.0363100096583, 0.0477782934904, 0.0642907395959, 0.0879395604134, 0.0988818481565, 0.0616536848247, 0.0351327210665, 0.0386058911681, 0.0492648184299, 0.0993174239993, 0.125560224056, 0.0627695322037, 0.0266676899046, 0.0156862959266, 0.0179675053805, 0.0297163724899, 0.0405168533325, 0.0449194870889, 0.0414601899683, 0.030462725088, 0.0240323469043, 0.0302247852087]
    },
    "chords_histogram": [10.3909463882, 2.67489719391, 16.4609050751, 0, 0.411522626877, 0.102880656719, 5.34979438782, 2.57201647758, 0, 0, 0, 0, 0.102880656719, 0.925925910473, 1.95473253727, 0, 0, 0, 0, 16.6666660309, 19.1358032227, 21.6049385071, 1.44032919407, 0.205761313438],
    "thpcp": [1, 0.562024712563, 0.244139119983, 0.161519691348, 0.187087371945, 0.321568399668, 0.429808318615, 0.402786195278, 0.373796522617, 0.339951276779, 0.279942035675, 0.28040894866, 0.330728471279, 0.365161180496, 0.375160366297, 0.437126129866, 0.480849176645, 0.445035159588, 0.467057019472, 0.515830218792, 0.535069584846, 0.554384052753, 0.472577005625, 0.368019521236, 0.312633186579, 0.255736202002, 0.303880810738, 0.415330171585, 0.553638935089, 0.769819796085, 0.851672530174, 0.603776276112, 0.338994890451, 0.313476234674, 0.478538393974, 0.903619766235],
    "chords_key": "C",
    "chords_scale": "minor",
    "key_key": "A#",
    "key_scale": "major"
}
}