{
"lowlevel": {
    "average_loudness": 0.523223459721,
    "barkbands_crest": {
        "mean": 14.0824165344,
        "var": 22.3051128387
    },
    "barkbands_flatness_db": {
        "mean": 0.347136944532,
        "var": 0.00862584449351
    },
    "barkbands_kurtosis": {
        "mean": 4.37279415131,
        "var": 26.0851535797
    },
    "barkbands_skewness": {
        "mean": 0.621855378151,
        "var": 1.68176364899
    },
    "barkbands_spread": {
        "mean": 4.98061943054,
        "var": 11.1325531006
    },
    "dissonance": {
        "mean": 0.364799112082,
        "var": 0.00544503703713
    },
    "dynamic_complexity": 4.40687704086,
    "erbbands_crest": {
        "mean": 18.1552677155,
        "var": 52.1575660706
    },
    "erbbands_flatness_db": {
        "mean": 0.337917506695,
        "var": 0.00379311689176
    },
    "erbbands_kurtosis": {
        "mean": 7.48054122925,
        "var": 117.979103088
    },
    "erbbands_skewness": {
        "mean": 1.0697593689,
        "var": 1.60361301899
    },
    "erbbands_spread": {
        "mean": 8.90075778961,
        "var": 33.9941062927
    },
    "hfc": {
        "mean": 12.7020797729,
        "var": 575.953613281
    },
    "melbands_crest": {
        "mean": 17.4909725189,
        "var": 35.745639801
    },
    "melbands_flatness_db": {
        "mean": 0.451811403036,
        "var": 0.0130930319428
    },
    "melbands_kurtosis": {
        "mean": 4.75072526932,
        "var": 43.1023025513
    },
    "melbands_skewness": {
        "mean": 0.911691725254,
        "var": 1.87348556519
    },
    "melbands_spread": {
        "mean": 8.05738639832,
        "var": 50.2745628357
    },
    "pitch_salience": {
        "mean": 0.450112760067,
        "var": 0.0197441074997
    },
    "silence_rate_20dB": {
        "mean": 1,
        "var": 0
    },
    "silence_rate_30dB": {
        "mean": 0.990731179714,
        "var": 0.00918284151703
    },
    "silence_rate_60dB": {
        "mean": 0.0453141108155,
        "var": 0.0432611741126
    },
    "spectral_centroid": {
        "mean": 498.298614502,
        "var": 115150.179688
    },
    "spectral_complexity": {
        "mean": 7.53707504272,
        "var": 9.26924991608
    },
    "spectral_decrease": {
        "mean": -5.00953589722e-009,
        "var": 2.32168190509e-017
    },
    "spectral_energy": {
        "mean": 0.0200592130423,
        "var": 0.000409795466112
    },
    "spectral_energyband_high": {
        "mean": 2.00988652068e-005,
        "var": 2.87458834514e-009
    },
    "spectral_energyband_low": {
        "mean": 0.00374619988725,
        "var": 7.65096683608e-006
    },
    "spectral_energyband_middle_high": {
        "mean": 0.00770535552874,
        "var": 0.000382599217119
    },
    "spectral_energyband_middle_low": {
        "mean": 0.00970756728202,
        "var": 5.75470476178e-005
    },
    "spectral_entropy": {
        "mean": 5.63229656219,
        "var": 0.387899935246
    },
    "spectral_flux": {
        "mean": 0.0409416779876,
        "var": 0.000934575044084
    },
    "spectral_kurtosis": {
        "mean": 82.0533218384,
        "var": 9506.82714844
    },
    "spectral_rms": {
        "mean": 0.00400385726243,
        "var": 3.53906375494e-006
    },
    "spectral_rolloff": {
        "mean": 553.996582031,
        "var": 269388.3125
    },
    "spectral_skewness": {
        "mean": 6.12880373001,
        "var": 14.1282224655
    },
    "spectral_spread": {
        "mean": 1796213.625,
        "var": 1.92455901184e+012
    },
    "spectral_strongpeak": {
        "mean": 1.99689936638,
        "var": 10.0063800812
    },
    "zerocrossingrate": {
        "mean": 0.0217581838369,
        "var": 0.0002948991023
    },
    "barkbands": {
        "mean": [9.34394993237e-005, 0.00185009289999, 0.00092195981415, 0.00134221510962, 0.00156504940242, 0.0031819047872, 0.00203120382503, 0.000650535977911, 0.000636476441287, 0.00161460402887, 0.00142720434815, 0.00254129618406, 0.0018861599965, 8.56880942592e-005, 9.50833709794e-005, 4.92745930387e-005, 1.88881003851e-005, 2.66532551905e-005, 1.95194024855e-005, 8.82646963873e-006, 5.04064519191e-006, 2.08597839446e-006, 5.95877224896e-007, 6.47269530418e-007, 3.4165436773e-006, 1.33334469865e-006, 3.54618379106e-008],
        "var": [3.87572924865e-008, 5.32967851541e-006, 1.40539304994e-006, 2.60385081674e-006, 4.73378077004e-006, 1.89348465938e-005, 1.71018818946e-005, 3.02829312204e-006, 6.23518189968e-006, 3.72036738554e-005, 4.06409671996e-005, 0.000160664931173, 0.000133431225549, 2.52883694429e-007, 1.63910968354e-007, 3.90744610002e-008, 6.5753842371e-009, 1.01994475088e-008, 4.3314312137e-009, 7.87516329925e-010, 4.07509553879e-010, 6.45306308389e-011, 2.41334881766e-012, 3.04151300499e-012, 8.93291968174e-011, 1.72035753698e-011, 2.41425819901e-014]
    },
    "erbbands": {
        "mean": [0.0554415285587, 0.411235779524, 1.0270652771, 3.34228181839, 2.93834900856, 5.66932201385, 17.6334991455, 26.0909099579, 33.3707466125, 19.1900482178, 12.840628624, 18.5805778503, 24.8641014099, 75.5106811523, 72.9345703125, 93.6492919922, 114.165733337, 16.2830657959, 6.00956916809, 3.15496397018, 2.09845709801, 1.23500883579, 1.3912153244, 0.77809637785, 0.930403053761, 0.557168364525, 0.299297958612, 0.139524370432, 0.0797858685255, 0.024191359058, 0.0169114489108, 0.013517417945, 0.0121868280694, 0.016847204417, 0.0362897738814, 0.0114675844088, 0.00135485327337, 0.000162714131875, 1.45175972648e-005, 2.32324673561e-005],
        "var": [0.00831228494644, 0.205420523882, 1.47816121578, 12.7317552567, 7.94417619705, 65.7581558228, 794.91619873, 1707.95263672, 4583.69287109, 1840.75390625, 1377.8170166, 4874.98632813, 10702.4599609, 115334.289063, 92622.421875, 233239.359375, 390794.28125, 6120.24707031, 398.088012695, 101.66746521, 78.1593704224, 19.3406887054, 27.1517467499, 6.43049716949, 13.6647834778, 3.1401655674, 1.34483265877, 0.158056199551, 0.0987233445048, 0.00382554903626, 0.00204726285301, 0.00133018905763, 0.00108075176831, 0.00195239146706, 0.0104774581268, 0.00122524378821, 1.74063734448e-005, 2.69153787258e-007, 6.34829910862e-010, 6.24952034567e-010]
    },
    "gfcc": {
        "mean": [-177.115570068, 205.968170166, -84.8827590942, -10.8349161148, -38.1559829712, -9.90857315063, -25.6730194092, -6.34364748001, -22.2003040314, 0.599656879902, -4.59127378464, -9.42467689514, 0.963263750076],
        "cov": [[12266.3476563, -4873.96875, -2809.65844727, 1373.5045166, -698.87701416, 1181.45715332, -322.192016602, 704.910583496, -1002.43530273, 1279.45471191, 226.96395874, 821.360961914, -217.7525177], [-4873.96875, 2803.72973633, 1081.28271484, -581.808837891, 418.782196045, -766.632019043, 158.315414429, -383.901397705, 598.429016113, -586.099487305, -2.78861451149, -405.260681152, 119.172203064], [-2809.65844727, 1081.28271484, 1242.68273926, -279.917724609, 78.3622055054, -147.314682007, 17.6814079285, -173.828399658, 150.770370483, -263.981140137, -84.671295166, -189.48916626, 92.6906356812], [1373.5045166, -581.808837891, -279.917724609, 614.846496582, -67.7814941406, 57.6223487854, -11.375248909, 42.6606025696, -4.02593946457, 268.27142334, 156.023483276, 149.961929321, 7.48081493378], [-698.87701416, 418.782196045, 78.3622055054, -67.7814941406, 312.705108643, -70.6406555176, 30.4486255646, -20.2685241699, 116.209877014, -69.4195861816, 30.5786743164, -10.9457731247, -1.69019544125], [1181.45715332, -766.632019043, -147.314682007, 57.6223487854, -70.6406555176, 396.797119141, 11.2392978668, 126.421485901, -197.661499023, 121.111839294, -64.6842651367, 91.9705352783, -24.5449142456], [-322.192016602, 158.315414429, 17.6814079285, -11.375248909, 30.4486255646, 11.2392978668, 157.929885864, 16.9465885162, 26.8489971161, -85.0192337036, -40.1850891113, -26.18384552, 22.3793678284], [704.910583496, -383.901397705, -173.828399658, 42.6606025696, -20.2685241699, 126.421485901, 16.9465885162, 210.753738403, -41.9103393555, 91.8523864746, -28.5493469238, 58.354385376, -3.05552554131], [-1002.43530273, 598.429016113, 150.770370483, -4.02593946457, 116.209877014, -197.661499023, 26.8489971161, -41.9103393555, 281.80291748, 3.94976687431, 85.6234512329, -55.8265800476, 24.7574634552], [1279.45471191, -586.099487305, -263.981140137, 268.27142334, -69.4195861816, 121.111839294, -85.0192337036, 91.8523864746, 3.94976687431, 412.201721191, 210.413421631, 141.732147217, -48.9348144531], [226.96395874, -2.78861451149, -84.671295166, 156.023483276, 30.5786743164, -64.6842651367, -40.1850891113, -28.5493469238, 85.6234512329, 210.413421631, 277.533905029, 124.168960571, -21.6436920166], [821.360961914, -405.260681152, -189.48916626, 149.961929321, -10.9457731247, 91.9705352783, -26.18384552, 58.354385376, -55.8265800476, 141.732147217, 124.168960571, 204.055801392, 37.7757415771], [-217.7525177, 119.172203064, 92.6906356812, 7.48081493378, -1.69019544125, -24.5449142456, 22.3793678284, -3.05552554131, 24.7574634552, -48.9348144531, -21.6436920166, 37.7757415771, 158.256484985]],
        "icov": [[0.00058762927074, -0.000552040524781, 0.000956060714088, -0.000789611309301, 0.000498620676808, -0.00079282495426, 0.000877415179275, -0.000562076456845, 0.0014443177497, -0.000952930538915, 0.000705441576429, -0.000745986355469, 0.000202984621865], [-0.000552040524781, 0.00735158286989, -0.00288915727288, 0.00351838278584, -0.00350220501423, 0.00553917698562, -0.00425689527765, 0.00295273237862, -0.00666485633701, 0.00456594116986, -0.0054781679064, 0.00639324635267, -0.00310980039649], [0.000956060714088, -0.00288915727288, 0.00341467442922, -0.00190596969333, 0.00176199548878, -0.00348009844311, 0.00299125863239, -0.00116316124331, 0.00325935916044, -0.0017828065902, 0.00165789073799, -0.0015414346708, 0.000148376362631], [-0.000789611309301, 0.00351838278584, -0.00190596969333, 0.00485609751195, -0.0016773478128, 0.00361335882917, -0.00371631607413, 0.00252182641998, -0.00407649297267, 0.000662202073727, -0.00211634114385, 0.00192670361139, -0.00163927674294], [0.000498620676808, -0.00350220501423, 0.00176199548878, -0.0016773478128, 0.00623177690431, -0.0037001974415, 0.00247182231396, -0.00182354322169, 0.00101203366648, -0.000417793024099, 0.00172468635719, -0.00418442115188, 0.0024257407058], [-0.00079282495426, 0.00553917698562, -0.00348009844311, 0.00361335882917, -0.0037001974415, 0.0118679329753, -0.00663358252496, 0.00206416239962, -0.00176406581886, -0.00111171521712, 0.000772884348407, 0.00129967182875, -0.000887823640369], [0.000877415179275, -0.00425689527765, 0.00299125863239, -0.00371631607413, 0.00247182231396, -0.00663358252496, 0.0125009631738, -0.0040474832058, 0.00257420307025, 0.00173199968413, 0.000385469611501, -0.00142149021849, 0.000513052218594], [-0.000562076456845, 0.00295273237862, -0.00116316124331, 0.00252182641998, -0.00182354322169, 0.00206416239962, -0.0040474832058, 0.00977712962776, -0.00448502833024, -0.00143685447983, 0.00264760758728, -0.000890223076567, -0.000541101791896], [0.0014443177497, -0.00666485633701, 0.00325935916044, -0.00407649297267, 0.00101203366648, -0.00176406581886, 0.00257420307025, -0.00448502833024, 0.0169946867973, -0.00795663055032, 0.00340218935162, -0.00255846837536, 0.000533525075298], [-0.000952930538915, 0.00456594116986, -0.0017828065902, 0.000662202073727, -0.000417793024099, -0.00111171521712, 0.00173199968413, -0.00143685447983, -0.00795663055032, 0.0150050679222, -0.0124694118276, 0.00718075595796, -0.00172107608523], [0.000705441576429, -0.0054781679064, 0.00165789073799, -0.00211634114385, 0.00172468635719, 0.000772884348407, 0.000385469611501, 0.00264760758728, 0.00340218935162, -0.0124694118276, 0.0211047716439, -0.0160782244056, 0.00669609708712], [-0.000745986355469, 0.00639324635267, -0.0015414346708, 0.00192670361139, -0.00418442115188, 0.00129967182875, -0.00142149021849, -0.000890223076567, -0.00255846837536, 0.00718075595796, -0.0160782244056, 0.0229136459529, -0.00973607227206], [0.000202984621865, -0.00310980039649, 0.000148376362631, -0.00163927674294, 0.0024257407058, -0.000887823640369, 0.000513052218594, -0.000541101791896, 0.000533525075298, -0.00172107608523, 0.00669609708712, -0.00973607227206, 0.0113598620519]]
    },
    "melbands": {
        "mean": [0.000516123720445, 0.000535761239007, 0.000532804639079, 0.000296861690003, 0.000537772313692, 0.000604640576057, 0.000487148499815, 0.000187805271707, 0.000102967998828, 0.000107403444417, 0.000113935275294, 0.000291883799946, 0.000224464893108, 0.000231109603192, 0.000237462023506, 0.000212150654988, 9.03894579096e-006, 8.92923344509e-006, 7.09679397914e-006, 3.6640306007e-006, 1.93922460312e-006, 1.15856437333e-006, 1.92438460545e-006, 6.207587262e-007, 6.44323733923e-007, 5.73238139623e-007, 5.41530255305e-007, 3.81547295092e-007, 2.06380846635e-007, 1.18056433962e-007, 6.57604815046e-008, 6.03654157771e-008, 1.6395675928e-008, 1.07382547299e-008, 8.85061979261e-009, 9.56779455663e-009, 7.94793297842e-009, 7.86970844047e-009, 9.58248858041e-009, 1.41835370115e-008],
        "var": [5.10301561008e-007, 2.68447507779e-007, 2.96886895512e-007, 1.49710899677e-007, 7.04418823716e-007, 8.65283254825e-007, 9.57580937211e-007, 1.8971195459e-007, 1.04645756949e-007, 1.8043240857e-007, 2.93157455644e-007, 1.8309766574e-006, 8.60480213305e-007, 1.16970193176e-006, 1.45797378082e-006, 1.77804508894e-006, 2.26773599898e-009, 1.13110310007e-009, 9.63060409198e-010, 2.38497721572e-010, 8.51356762865e-011, 3.70830102736e-011, 5.96905927464e-011, 4.23680188155e-012, 5.55490939705e-012, 3.62342729605e-012, 6.67104262456e-012, 2.3627245993e-012, 1.27882524448e-012, 1.73191308842e-013, 3.46673102551e-014, 7.90148450684e-014, 3.04001585901e-015, 8.93297886833e-016, 5.6220731907e-016, 7.12680816326e-016, 5.49115948414e-016, 4.81524730926e-016, 7.11711016541e-016, 1.38460568948e-015]
    },
    "mfcc": {
        "mean": [-820.039123535, 217.023651123, 31.0186347961, 15.7125997543, 1.31806850433, -0.744430661201, 2.9386138916, -9.86966705322, -3.83237838745, -2.27499246597, -1.45729255676, -2.15509390831, -2.32103824615],
        "cov": [[6966.3125, -1102.84863281, -2664.4909668, 92.0586242676, -170.27494812, 48.6836547852, 570.674133301, -117.69871521, -108.091873169, -224.769668579, 114.887641907, 488.664215088, 610.362976074], [-1102.84863281, 944.988647461, 373.171508789, -7.88093185425, 153.886291504, -42.9442329407, -227.293563843, -79.8686065674, -52.1912460327, 46.0369644165, 36.4905853271, -3.13634061813, -58.4736480713], [-2664.4909668, 373.171508789, 1356.12939453, -52.9932289124, 6.94116687775, 23.6082420349, -154.470596313, 89.6033096313, 69.8001861572, 70.4516143799, -72.0274581909, -234.790023804, -303.605163574], [92.0586242676, -7.88093185425, -52.9932289124, 276.352996826, 63.1344070435, 19.6524333954, 3.97795081139, -65.9844207764, -39.6174468994, -10.2046918869, 27.7553749084, 85.2828903198, 95.3073577881], [-170.27494812, 153.886291504, 6.94116687775, 63.1344070435, 262.082427979, 46.0398178101, -64.6669769287, -13.1159610748, -43.3607177734, -0.608843564987, 55.6094322205, 84.5186920166, 69.2941207886], [48.6836547852, -42.9442329407, 23.6082420349, 19.6524333954, 46.0398178101, 113.221412659, 53.9178771973, -7.27097892761, -14.847032547, -17.6600494385, 16.6280097961, 33.8822517395, 21.6779956818], [570.674133301, -227.293563843, -154.470596313, 3.97795081139, -64.6669769287, 53.9178771973, 187.031860352, 53.3793869019, 21.1686553955, -26.6824893951, -17.2292175293, 9.77183151245, 24.3669223785], [-117.69871521, -79.8686065674, 89.6033096313, -65.9844207764, -13.1159610748, -7.27097892761, 53.3793869019, 172.499984741, 88.1041259766, 7.1911444664, -53.2220306396, -96.905960083, -71.3211135864], [-108.091873169, -52.1912460327, 69.8001861572, -39.6174468994, -43.3607177734, -14.847032547, 21.1686553955, 88.1041259766, 156.18409729, 81.0135192871, -54.3107414246, -122.941925049, -88.3617935181], [-224.769668579, 46.0369644165, 70.4516143799, -10.2046918869, -0.608843564987, -17.6600494385, -26.6824893951, 7.1911444664, 81.0135192871, 127.667678833, 37.065662384, -51.9978790283, -68.5428924561], [114.887641907, 36.4905853271, -72.0274581909, 27.7553749084, 55.6094322205, 16.6280097961, -17.2292175293, -53.2220306396, -54.3107414246, 37.065662384, 199.039382935, 180.670394897, 26.1876106262], [488.664215088, -3.13634061813, -234.790023804, 85.2828903198, 84.5186920166, 33.8822517395, 9.77183151245, -96.905960083, -122.941925049, -51.9978790283, 180.670394897, 349.4894104, 232.058120728], [610.362976074, -58.4736480713, -303.605163574, 95.3073577881, 69.2941207886, 21.6779956818, 24.3669223785, -71.3211135864, -88.3617935181, -68.5428924561, 26.1876106262, 232.058120728, 354.331604004]],
        "icov": [[0.000825610768516, 7.00702803442e-005, 0.00139089673758, 7.83040668466e-005, 0.000144776655361, 2.53159687418e-005, -0.00119329290465, 0.000476728397189, -0.000723297998775, 0.000963572470937, -0.000457000685856, 8.72324890224e-005, -0.000109075488581], [7.00702803442e-005, 0.00172662117984, -0.000215783002204, 0.000263139343588, -0.000804025679827, 0.000455106259324, 0.00102723424789, 0.000515784136951, 0.00053296412807, -0.000614493270405, 0.000555335660465, -0.000437715818407, 0.000330800074153], [0.00139089673758, -0.000215783002204, 0.00366664351895, -0.00023700845486, 0.000922180362977, -0.00165252631996, -0.000429607869592, -0.000651721667964, -0.000315068929922, 0.000570953299757, 0.000430330313975, -0.000529579992872, 0.000939962104894], [7.83040668466e-005, 0.000263139343588, -0.00023700845486, 0.0046382797882, -0.00147749739699, 0.000876126287039, -0.00144897121936, 0.00239835842513, -0.000676944677252, 0.000157662841957, 6.2039202021e-005, -0.000161303149071, -0.000761656381655], [0.000144776655361, -0.000804025679827, 0.000922180362977, -0.00147749739699, 0.0071865292266, -0.00505463359877, 0.00409030122682, -0.00397005910054, 0.00213482626714, -0.00163108704146, -0.000141079115565, -0.000622802297585, -0.000735903973691], [2.53159687418e-005, 0.000455106259324, -0.00165252631996, 0.000876126287039, -0.00505463359877, 0.0157295260578, -0.00803253147751, 0.00512355891988, -0.0027660287451, 0.00384883675724, -0.00283584930003, 0.00156479072757, -0.000770742131863], [-0.00119329290465, 0.00102723424789, -0.000429607869592, -0.00144897121936, 0.00409030122682, -0.00803253147751, 0.0150983892381, -0.00656899949536, 0.00248763500713, -0.00276955449954, 0.00290131568909, -0.00244465540163, 0.00104891101364], [0.000476728397189, 0.000515784136951, -0.000651721667964, 0.00239835842513, -0.00397005910054, 0.00512355891988, -0.00656899949536, 0.014704101719, -0.0102460077032, 0.00848379544914, -0.0046231164597, 0.00386166223325, -0.00116660702042], [-0.000723297998775, 0.00053296412807, -0.000315068929922, -0.000676944677252, 0.00213482626714, -0.0027660287451, 0.00248763500713, -0.0102460077032, 0.0238734316081, -0.0191457364708, 0.0111258011311, -0.00445632031187, 0.00311042089015], [0.000963572470937, -0.000614493270405, 0.000570953299757, 0.000157662841957, -0.00163108704146, 0.00384883675724, -0.00276955449954, 0.00848379544914, -0.0191457364708, 0.0290206540376, -0.0195179507136, 0.0126657877117, -0.0053459983319], [-0.000457000685856, 0.000555335660465, 0.000430330313975, 6.2039202021e-005, -0.000141079115565, -0.00283584930003, 0.00290131568909, -0.0046231164597, 0.0111258011311, -0.0195179507136, 0.0304459873587, -0.0228386539966, 0.012008080259], [8.72324890224e-005, -0.000437715818407, -0.000529579992872, -0.000161303149071, -0.000622802297585, 0.00156479072757, -0.00244465540163, 0.00386166223325, -0.00445632031187, 0.0126657877117, -0.0228386539966, 0.0237920824438, -0.0122165260836], [-0.000109075488581, 0.000330800074153, 0.000939962104894, -0.000761656381655, -0.000735903973691, -0.000770742131863, 0.00104891101364, -0.00116660702042, 0.00311042089015, -0.0053459983319, 0.012008080259, -0.0122165260836, 0.0108139393851]]
    },
    "spectral_contrast_coeffs": {
        "mean": [-0.643896341324, -0.639022231102, -0.678495407104, -0.719732582569, -0.806351482868, -0.818340480328],
        "var": [0.0100396471098, 0.00899331364781, 0.00908583216369, 0.00684593664482, 0.00363418436609, 0.00322231627069]
    },
    "spectral_contrast_valleys": {
        "mean": [-7.55338096619, -7.42054891586, -8.94179153442, -10.0785684586, -10.5065755844, -13.3317165375],
        "var": [0.805724382401, 0.945681452751, 1.21698117256, 1.73279726505, 2.91750025749, 2.30286931992]
    }
},
"metadata": {
    "audio_properties": {
        "analysis_sample_rate": 44100,
        "bit_rate": 128074,
        "equal_loudness": 0,
        "length": 45.0612258911,
        "lossless": 0,
        "replay_gain": -5.68870735168,
        "sample_rate": 44100,
        "codec": "mp3",
        "downmix": "mix",
        "md5_encoded": "16bdb72072161095526ae52a81b605e0"
    },
    "tags": {
        "file_name": "1756.mp3"
    },
    "version": {
        "essentia": "2.1-beta2",
        "essentia_git_sha": "v2.1_beta2",
        "extractor": "music 1.0"
    }
},
"rhythm": {
    "beats_count": 66,
    "beats_loudness": {
        "mean": 0.0241488683969,
        "var": 0.000545554037672
    },
    "bpm": 84.973487854,
    "bpm_histogram_first_peak_bpm": {
        "mean": 85,
        "var": 0
    },
    "bpm_histogram_first_peak_spread": {
        "mean": 0.341463416815,
        "var": 0
    },
    "bpm_histogram_first_peak_weight": {
        "mean": 0.415384620428,
        "var": 0
    },
    "bpm_histogram_second_peak_bpm": {
        "mean": 91,
        "var": 0
    },
    "bpm_histogram_second_peak_spread": {
        "mean": 0,
        "var": 0
    },
    "bpm_histogram_second_peak_weight": {
        "mean": 0.13846154511,
        "var": 0
    },
    "danceability": 0.881294965744,
    "onset_rate": 2.88366365433,
    "beats_loudness_band_ratio": {
        "mean": [0.35396194458, 0.306390345097, 0.21350748837, 0.168440997601, 0.006925589405, 0.000983908888884],
        "var": [0.0659670233727, 0.0647748708725, 0.0559821650386, 0.0904438495636, 0.000141406882904, 2.67589439318e-006]
    },
    "beats_position": [0.696598649025, 1.40480720997, 2.11301589012, 2.82122445107, 3.52943301201, 4.23764181137, 4.94585037231, 5.65405893326, 6.37387752533, 7.08208608627, 7.79029464722, 8.498503685, 9.2067117691, 9.91492080688, 10.623128891, 11.3313379288, 11.9931058884, 12.6548748016, 13.3166437149, 13.9784126282, 14.6517915726, 15.3251695633, 15.9869384766, 16.6951465607, 17.391746521, 18.0651245117, 18.7501125336, 19.4118824005, 20.1084804535, 20.7818584442, 21.4436283112, 22.1053962708, 22.7671642303, 23.4405441284, 24.0210418701, 24.6131515503, 25.2052612305, 25.7973690033, 26.3778686523, 26.9699764252, 27.5620861053, 28.1658039093, 28.7811336517, 29.3732414246, 29.9769611359, 30.5806789398, 31.1960086823, 31.776506424, 32.357006073, 33.053604126, 33.7385940552, 34.4119720459, 35.0969619751, 35.8051681519, 36.5017662048, 37.2099761963, 37.9181861877, 38.638004303, 39.3462142944, 40.0428123474, 40.7510185242, 41.4592285156, 42.1674385071, 42.8872566223, 43.6070747375, 44.3268928528]
},
"tonal": {
    "chords_changes_rate": 0.0504115223885,
    "chords_number_rate": 0.00925925932825,
    "chords_strength": {
        "mean": 0.480331897736,
        "var": 0.00697263004258
    },
    "hpcp_entropy": {
        "mean": 1.63901519775,
        "var": 0.391650319099
    },
    "key_strength": 0.742374300957,
    "tuning_diatonic_strength": 0.540338933468,
    "tuning_equal_tempered_deviation": 0.378889232874,
    "tuning_frequency": 431.193908691,
    "tuning_nontempered_energy_ratio": 0.99477481842,
    "hpcp": {
        "mean": [0.128564372659, 0.336172968149, 0.311017096043, 0.107721626759, 0.0359771214426, 0.0203034449369, 0.0161519907415, 0.0405557379127, 0.0632404386997, 0.0705670341849, 0.0683313757181, 0.0472952537239, 0.0480062663555, 0.0645649656653, 0.0445511303842, 0.102686330676, 0.304608970881, 0.29378592968, 0.134135261178, 0.134983256459, 0.104481175542, 0.0691050812602, 0.155162334442, 0.167339354753, 0.115821756423, 0.111769206822, 0.0713782384992, 0.0384256653488, 0.0423799790442, 0.0249811541289, 0.0461880750954, 0.10868062079, 0.111315399408, 0.0590306930244, 0.0345300585032, 0.0378726199269],
        "var": [0.0352379269898, 0.132309615612, 0.110979534686, 0.0491437017918, 0.0178512651473, 0.0143190203235, 0.00358260562643, 0.0230467673391, 0.0405854433775, 0.0345171503723, 0.0206162240356, 0.0162748415023, 0.031085062772, 0.0477089062333, 0.0244574211538, 0.020449668169, 0.129127815366, 0.124921970069, 0.0423462316394, 0.0936903208494, 0.0673739910126, 0.015926271677, 0.0696781650186, 0.0753468349576, 0.04988790676, 0.0543969236314, 0.0446451231837, 0.0130411852151, 0.0309812873602, 0.00844998750836, 0.013028729707, 0.0500733889639, 0.0665672793984, 0.0307800937444, 0.0150586301461, 0.0156313497573]
    },
    "chords_histogram": [30.3497943878, 5.24691343307, 12.3456792831, 0.823045253754, 0, 15.3292179108, 0, 8.02469158173, 3.08641982079, 9.46502017975, 0, 0, 0, 0, 0, 0, 0, 0, 0, 0, 9.87654304504, 0, 4.73251008987, 0.720164597034],
    "thpcp": [1, 0.925169825554, 0.320435136557, 0.107019670308, 0.0603958293796, 0.0480466671288, 0.120639495552, 0.188118755817, 0.209912881255, 0.203262552619, 0.140687257051, 0.142802283168, 0.192058771849, 0.132524430752, 0.305456846952, 0.906107842922, 0.873912990093, 0.399006694555, 0.401529192924, 0.310795873404, 0.205564066768, 0.461555063725, 0.497777551413, 0.344530254602, 0.332475304604, 0.212325930595, 0.114303261042, 0.126065999269, 0.0743104219437, 0.137393787503, 0.323287814856, 0.331125378609, 0.175596192479, 0.102715156972, 0.112658135593, 0.382435202599],
    "chords_key": "D",
    "chords_scale": "minor",
    "key_key": "D",
    "key_scale": "minor"
}
}