{
"lowlevel": {
    "average_loudness": 0.556548953056,
    "barkbands_crest": {
        "mean": 15.3049221039,
        "var": 32.066242218
    },
    "barkbands_flatness_db": {
        "mean": 0.372821778059,
        "var": 0.00669323978946
    },
    "barkbands_kurtosis": {
        "mean": 14.3896837234,
        "var": 731.499145508
    },
    "barkbands_skewness": {
        "mean": 1.63286423683,
        "var": 5.57572698593
    },
    "barkbands_spread": {
        "mean": 3.90638232231,
        "var": 14.3834085464
    },
    "dissonance": {
        "mean": 0.338079631329,
        "var": 0.00795261375606
    },
    "dynamic_complexity": 6.76510953903,
    "erbbands_crest": {
        "mean": 16.0961589813,
        "var": 48.6205863953
    },
    "erbbands_flatness_db": {
        "mean": 0.332990646362,
        "var": 0.00607535941526
    },
    "erbbands_kurtosis": {
        "mean": 6.68902826309,
        "var": 182.357254028
    },
    "erbbands_skewness": {
        "mean": 0.525778591633,
        "var": 2.33725333214
    },
    "erbbands_spread": {
        "mean": 10.6383371353,
        "var": 54.3709602356
    },
    "hfc": {
        "mean": 6.58165502548,
        "var": 114.699668884
    },
    "melbands_crest": {
        "mean": 19.7681312561,
        "var": 43.992099762
    },
    "melbands_flatness_db": {
        "mean": 0.493775039911,
        "var": 0.00901089422405
    },
    "melbands_kurtosis": {
        "mean": 15.7837247849,
        "var": 699.16229248
    },
    "melbands_skewness": {
        "mean": 2.05050301552,
        "var": 4.70804452896
    },
    "melbands_spread": {
        "mean": 5.56980037689,
        "var": 38.1365814209
    },
    "pitch_salience": {
        "mean": 0.407899230719,
        "var": 0.0249955561012
    },
    "silence_rate_20dB": {
        "mean": 1,
        "var": 0
    },
    "silence_rate_30dB": {
        "mean": 0.957260549068,
        "var": 0.0409109033644
    },
    "silence_rate_60dB": {
        "mean": 0.280638515949,
        "var": 0.201881378889
    },
    "spectral_centroid": {
        "mean": 381.551361084,
        "var": 100298.984375
    },
    "spectral_complexity": {
        "mean": 5.49124622345,
        "var": 12.6270227432
    },
    "spectral_decrease": {
        "mean": -5.98732841084e-009,
        "var": 7.62128614553e-017
    },
    "spectral_energy": {
        "mean": 0.0231944695115,
        "var": 0.00113179523032
    },
    "spectral_energyband_high": {
        "mean": 5.32877538717e-006,
        "var": 3.13602943613e-009
    },
    "spectral_energyband_low": {
        "mean": 0.0108615485951,
        "var": 0.000498080218676
    },
    "spectral_energyband_middle_high": {
        "mean": 0.00221722642891,
        "var": 7.5042291428e-005
    },
    "spectral_energyband_middle_low": {
        "mean": 0.01252258569,
        "var": 0.000541418907233
    },
    "spectral_entropy": {
        "mean": 5.39852190018,
        "var": 0.457239955664
    },
    "spectral_flux": {
        "mean": 0.0483882315457,
        "var": 0.00322055257857
    },
    "spectral_kurtosis": {
        "mean": 80.135887146,
        "var": 3381.27368164
    },
    "spectral_rms": {
        "mean": 0.00378650403582,
        "var": 8.2911710706e-006
    },
    "spectral_rolloff": {
        "mean": 463.075469971,
        "var": 332001.78125
    },
    "spectral_skewness": {
        "mean": 6.75823450089,
        "var": 7.19131755829
    },
    "spectral_spread": {
        "mean": 1676503.875,
        "var": 2.30435428762e+012
    },
    "spectral_strongpeak": {
        "mean": 0.973895192146,
        "var": 1.96414291859
    },
    "zerocrossingrate": {
        "mean": 0.0172711256891,
        "var": 0.000254810176557
    },
    "barkbands": {
        "mean": [6.88960935804e-005, 0.0024538456928, 0.00595320388675, 0.00451956037432, 0.00440627383068, 0.00110316718929, 0.000945501204114, 0.00059588579461, 0.000895617296919, 0.000210516416701, 0.0017689850647, 0.000178688875167, 3.27900888806e-005, 1.81129180419e-005, 2.08912060771e-005, 7.5759999163e-006, 4.70177610623e-006, 2.53244365922e-006, 1.64220148235e-006, 1.40232111789e-006, 1.0808882962e-006, 1.42009389492e-006, 7.225413583e-007, 4.87994668674e-007, 4.6403360443e-007, 5.11179734985e-007, 4.32110880411e-008],
        "var": [1.37747349527e-007, 4.174775313e-005, 0.000224679301027, 0.000243733884417, 0.00011110737978, 8.41192104417e-006, 5.64695892535e-006, 4.91443233841e-006, 1.14428012239e-005, 3.64148974086e-007, 6.45812469884e-005, 4.72465308121e-006, 1.92309475011e-008, 5.17856513227e-009, 5.17591614013e-009, 2.73685873964e-009, 6.20556384057e-010, 1.50787674014e-010, 1.29184232756e-010, 8.57855800285e-011, 6.19089710052e-011, 2.91643764694e-010, 1.00900725275e-010, 3.60000085298e-011, 3.981060967e-011, 8.63047619482e-011, 6.56794334631e-013]
    },
    "erbbands": {
        "mean": [0.0382910072803, 0.741614162922, 5.71228933334, 12.1405391693, 14.3448638916, 15.278418541, 12.6138000488, 8.338804245, 15.3263187408, 12.2042036057, 14.0939970016, 16.4751033783, 11.5241203308, 61.786895752, 21.5532054901, 6.11673641205, 1.67259824276, 1.12667238712, 0.79032856226, 0.935687661171, 0.456798166037, 0.275202095509, 0.158759951591, 0.105396859348, 0.0761740729213, 0.0569271072745, 0.0504674091935, 0.0395019538701, 0.0578874722123, 0.034756872803, 0.0168947130442, 0.0109528722242, 0.00807775184512, 0.00530607858673, 0.00333665451035, 0.0019605376292, 0.000831431185361, 0.000248003663728, 1.59596529556e-005, 2.57298288489e-005],
        "var": [0.0133246583864, 3.69792962074, 203.854995728, 1017.94213867, 1659.03076172, 1811.53308105, 907.695617676, 496.352233887, 1453.87341309, 2202.03100586, 2603.07397461, 3192.57055664, 2614.00317383, 71947.484375, 8234.79003906, 3536.12426758, 50.780002594, 18.1052150726, 5.94830942154, 9.67415809631, 11.4271774292, 2.06789946556, 0.423680633307, 0.549744844437, 0.24646230042, 0.136776342988, 0.177824437618, 0.104082435369, 0.443825155497, 0.256886780262, 0.0369583927095, 0.0183423813432, 0.0108015015721, 0.00525090238079, 0.00215828302316, 0.00105144560803, 0.000196502776816, 2.7308557037e-005, 1.1373909814e-008, 1.37130229394e-009]
    },
    "gfcc": {
        "mean": [-232.094268799, 198.003570557, -55.4567832947, -19.4630813599, -47.6968841553, -2.17425942421, -22.2532138824, -5.91642665863, -18.903963089, -13.757106781, -17.7096233368, -7.02043962479, -3.39897799492],
        "cov": [[9510.2578125, 1192.2890625, -2163.87939453, 48.1229896545, 538.57409668, -289.79864502, 128.650802612, -499.842712402, 162.768203735, -300.18862915, 93.2083206177, -381.291809082, -59.8326530457], [1192.2890625, 1393.18237305, 61.1436576843, -514.151184082, 356.989898682, -205.557937622, 40.1506271362, -184.850601196, 189.163650513, -113.845779419, 95.1436004639, -218.988388062, 44.1228485107], [-2163.87939453, 61.1436576843, 1664.75341797, 340.210296631, -60.7162704468, 8.99717712402, -132.809280396, 156.678756714, 129.170043945, 171.984771729, 12.7940664291, -52.9844055176, -157.094848633], [48.1229896545, -514.151184082, 340.210296631, 811.266845703, 87.9679031372, 90.6838989258, 3.84297609329, 105.079086304, 27.654209137, 98.8692779541, 3.23861050606, 36.1082458496, -101.589530945], [538.57409668, 356.989898682, -60.7162704468, 87.9679031372, 455.351531982, 80.8132858276, 110.083992004, -26.2129020691, 55.9826393127, -77.9476699829, 36.0749130249, -35.9627914429, 58.3576507568], [-289.79864502, -205.557937622, 8.99717712402, 90.6838989258, 80.8132858276, 248.66317749, 143.590515137, 85.4903030396, -11.4053916931, -0.94250613451, -22.8346557617, 61.0475387573, 34.3731689453], [128.650802612, 40.1506271362, -132.809280396, 3.84297609329, 110.083992004, 143.590515137, 275.983459473, 44.002494812, 21.1257648468, -50.9164428711, 2.14153671265, 25.6761188507, 84.896812439], [-499.842712402, -184.850601196, 156.678756714, 105.079086304, -26.2129020691, 85.4903030396, 44.002494812, 167.3671875, 52.6975440979, 81.2068023682, -4.54040622711, 29.837846756, -31.2896327972], [162.768203735, 189.163650513, 129.170043945, 27.654209137, 55.9826393127, -11.4053916931, 21.1257648468, 52.6975440979, 167.841186523, 81.2292022705, 32.4031791687, -66.4556274414, -51.1697235107], [-300.18862915, -113.845779419, 171.984771729, 98.8692779541, -77.9476699829, -0.94250613451, -50.9164428711, 81.2068023682, 81.2292022705, 165.032775879, 45.5366859436, 4.17521381378, -73.7568817139], [93.2083206177, 95.1436004639, 12.7940664291, 3.23861050606, 36.0749130249, -22.8346557617, 2.14153671265, -4.54040622711, 32.4031791687, 45.5366859436, 100.832931519, 33.1349830627, 14.89727211], [-381.291809082, -218.988388062, -52.9844055176, 36.1082458496, -35.9627914429, 61.0475387573, 25.6761188507, 29.837846756, -66.4556274414, 4.17521381378, 33.1349830627, 160.43838501, 97.5973815918], [-59.8326530457, 44.1228485107, -157.094848633, -101.589530945, 58.3576507568, 34.3731689453, 84.896812439, -31.2896327972, -51.1697235107, -73.7568817139, 14.89727211, 97.5973815918, 179.879730225]],
        "icov": [[0.000332633033395, -0.000562857836485, 0.000615426455624, -0.000711470493115, 0.000427398044849, -0.000345236359863, 0.000207412507734, 0.000277763232589, -0.000275559403235, 0.000426407321356, -0.000301176827634, 0.000345721229678, 0.00019592170429], [-0.000562857836485, 0.00566807994619, -0.00209946162067, 0.00407226709649, -0.00380868301727, 0.00328590208665, -0.00153824244626, 0.00187643594109, -0.00336541677825, 0.00143762200605, -0.00263362959959, 0.00216723140329, -0.000776715460233], [0.000615426455624, -0.00209946162067, 0.00217083096504, -0.00224917684682, 0.00165783555713, -0.0015083795879, 0.00126174662728, -0.000646140309982, 1.88082913155e-006, 0.000390743050957, -0.000178723974386, 0.000550348777324, 0.000264738628175], [-0.000711470493115, 0.00407226709649, -0.00224917684682, 0.00518832076341, -0.00393193913624, 0.00279592140578, -0.00186552922241, 0.000986528466456, -0.00126070040278, -0.000818769738544, 3.87212021451e-005, -0.00132033810951, 0.00154258927796], [0.000427398044849, -0.00380868301727, 0.00165783555713, -0.00393193913624, 0.00711961556226, -0.00485075311735, 0.00215225666761, -0.0013543011155, -0.000123328049085, 0.00321755884215, -0.00247847638093, 0.00222004204988, -0.0020456390921], [-0.000345236359863, 0.00328590208665, -0.0015083795879, 0.00279592140578, -0.00485075311735, 0.0114900898188, -0.00580564746633, -0.000638127559796, 0.000111362671305, -0.00203463668004, 0.00358785362914, -0.00398138118908, 0.00240845908411], [0.000207412507734, -0.00153824244626, 0.00126174662728, -0.00186552922241, 0.00215225666761, -0.00580564746633, 0.00893692485988, -0.00307925394736, -0.00167752918787, 0.00400634948164, -0.00304441712797, 0.00354013964534, -0.00435083825141], [0.000277763232589, 0.00187643594109, -0.000646140309982, 0.000986528466456, -0.0013543011155, -0.000638127559796, -0.00307925394736, 0.0148283280432, -0.00560413487256, -0.0036515626125, 0.00353689817712, -0.00448423437774, 0.00326757691801], [-0.000275559403235, -0.00336541677825, 1.88082913155e-006, -0.00126070040278, -0.000123328049085, 0.000111362671305, -0.00167752918787, -0.00560413487256, 0.0185957141221, -0.0101865986362, 0.00048319902271, 0.00533989444375, -0.00196515512653], [0.000426407321356, 0.00143762200605, 0.000390743050957, -0.000818769738544, 0.00321755884215, -0.00203463668004, 0.00400634948164, -0.0036515626125, -0.0101865986362, 0.0219603274018, -0.0108500411734, 0.000220674279262, 0.00337253347971], [-0.000301176827634, -0.00263362959959, -0.000178723974386, 3.87212021451e-005, -0.00247847638093, 0.00358785362914, -0.00304441712797, 0.00353689817712, 0.00048319902271, -0.0108500411734, 0.0230742860585, -0.0127445086837, 0.00327456835657], [0.000345721229678, 0.00216723140329, 0.000550348777324, -0.00132033810951, 0.00222004204988, -0.00398138118908, 0.00354013964534, -0.00448423437774, 0.00533989444375, 0.000220674279262, -0.0127445086837, 0.0266730561852, -0.0148989539593], [0.00019592170429, -0.000776715460233, 0.000264738628175, 0.00154258927796, -0.0020456390921, 0.00240845908411, -0.00435083825141, 0.00326757691801, -0.00196515512653, 0.00337253347971, 0.00327456835657, -0.0148989539593, 0.0183789860457]]
    },
    "melbands": {
        "mean": [0.00049684260739, 0.00232479674742, 0.00222307816148, 0.001065471326, 0.000497131899465, 0.000202668408747, 0.000210857499042, 0.00012955328566, 0.000128416897496, 0.00010607502918, 4.86398603243e-005, 0.000228478922509, 0.000134806658025, 2.45327646553e-005, 5.54418102183e-006, 2.90820435112e-006, 1.91336835087e-006, 1.00637805645e-006, 2.06082427212e-006, 5.16893408076e-007, 5.31759724254e-007, 2.97233867741e-007, 1.52865695213e-007, 1.22851332662e-007, 8.33642275211e-008, 5.33179509432e-008, 5.9314373857e-008, 3.25762989917e-008, 3.11009529241e-008, 3.21640385437e-008, 1.92060305437e-008, 3.31498881678e-008, 2.56027856693e-008, 1.83076380722e-008, 1.03660617867e-008, 6.83568623927e-009, 6.34872687755e-009, 5.23643484129e-009, 5.78300785037e-009, 3.95781496465e-009],
        "var": [1.68772135112e-006, 3.2331347029e-005, 3.29924441758e-005, 7.69848065829e-006, 1.34267054364e-006, 2.6229275818e-007, 2.66275094418e-007, 2.84925874894e-007, 2.69664184316e-007, 1.50840108404e-007, 6.5066949162e-008, 9.74141244114e-007, 3.57793112471e-007, 1.01779953354e-007, 6.53249676574e-010, 1.30428251532e-010, 5.90698046032e-011, 1.55972144922e-011, 5.79570176573e-011, 4.97533828372e-012, 2.00503554731e-011, 2.51545073833e-012, 4.66201350528e-013, 3.88998376696e-013, 4.09740275563e-013, 1.55658783931e-013, 1.25254556618e-013, 6.57614289629e-014, 9.79414981192e-014, 4.08154413045e-014, 4.51942526643e-014, 1.6813458991e-013, 7.95221161598e-014, 9.51515409975e-014, 1.30916158719e-014, 6.72113359163e-015, 6.41958816834e-015, 4.465251072e-015, 6.11116864917e-015, 3.22318821617e-015]
    },
    "mfcc": {
        "mean": [-882.635681152, 219.16796875, 54.6083030701, 5.19662046432, -2.20284938812, 0.261818915606, -0.676846504211, 3.45989012718, 3.5602812767, -3.00367212296, -9.20140171051, -9.78909778595, -3.1479139328],
        "cov": [[7139.828125, 2058.04150391, -1999.96716309, -336.676574707, 106.748779297, 185.797424316, -147.063751221, -113.272384644, -125.092750549, -64.8115615845, 120.082344055, 68.3198165894, -136.111312866], [2058.04150391, 1848.95751953, -342.435150146, -407.203918457, 115.664772034, 14.1898946762, -83.9412536621, -121.151428223, -43.049949646, 23.2988166809, 63.4860992432, 36.0471153259, -86.3788833618], [-1999.96716309, -342.435150146, 1200.23913574, 347.566192627, 34.1398200989, -25.5878162384, -1.34859752655, -12.0190935135, 28.5055732727, 100.520751953, 82.5426864624, 69.6949615479, 28.1701087952], [-336.676574707, -407.203918457, 347.566192627, 568.873413086, 212.737976074, 60.9272041321, 25.0827846527, 30.425907135, 17.2150287628, 43.7629852295, 92.1849594116, 94.8039245605, 40.3579292297], [106.748779297, 115.664772034, 34.1398200989, 212.737976074, 323.649475098, 115.215843201, 35.9620132446, 26.243637085, 13.0261411667, 20.346736908, 52.0512809753, 69.4830169678, 27.5657444], [185.797424316, 14.1898946762, -25.5878162384, 60.9272041321, 115.215843201, 178.394454956, 93.674331665, 71.0308761597, 55.9431228638, 13.4520492554, 0.778345644474, 5.84545087814, 33.2985610962], [-147.063751221, -83.9412536621, -1.34859752655, 25.0827846527, 35.9620132446, 93.674331665, 149.221832275, 111.174995422, 65.8189697266, 8.19408798218, -30.8515167236, -17.179063797, 38.7352828979], [-113.272384644, -121.151428223, -12.0190935135, 30.425907135, 26.243637085, 71.0308761597, 111.174995422, 150.73425293, 102.501045227, 9.50891304016, -40.1604194641, -32.9331092834, 35.339012146], [-125.092750549, -43.049949646, 28.5055732727, 17.2150287628, 13.0261411667, 55.9431228638, 65.8189697266, 102.501045227, 132.791671753, 55.9700927734, -9.34405708313, -21.9821090698, 18.9021930695], [-64.8115615845, 23.2988166809, 100.520751953, 43.7629852295, 20.346736908, 13.4520492554, 8.19408798218, 9.50891304016, 55.9700927734, 117.281166077, 106.026245117, 52.7864379883, -9.45122146606], [120.082344055, 63.4860992432, 82.5426864624, 92.1849594116, 52.0512809753, 0.778345644474, -30.8515167236, -40.1604194641, -9.34405708313, 106.026245117, 194.886047363, 138.766601563, -15.3449935913], [68.3198165894, 36.0471153259, 69.6949615479, 94.8039245605, 69.4830169678, 5.84545087814, -17.179063797, -32.9331092834, -21.9821090698, 52.7864379883, 138.766601563, 152.564498901, 29.1176147461], [-136.111312866, -86.3788833618, 28.1701087952, 40.3579292297, 27.5657444, 33.2985610962, 38.7352828979, 35.339012146, 18.9021930695, -9.45122146606, -15.3449935913, 29.1176147461, 102.161209106]],
        "icov": [[0.000848146679346, -0.00104603357613, 0.00150002888404, -0.00151459733024, 0.00154220673721, -0.0018700218061, 0.0018486592453, -0.00171826314181, 0.00179432122968, -0.00128952087834, 0.000806123833172, -0.000776636006776, 0.000408248102758], [-0.00104603357613, 0.00219936319627, -0.00183468381874, 0.00288906414062, -0.00290869409218, 0.00230406527407, -0.00233820825815, 0.00308466958813, -0.00293293967843, 0.00194651144557, -0.001441911445, 0.000856385333464, -5.40102082596e-005], [0.00150002888404, -0.00183468381874, 0.0038329786621, -0.00353549118154, 0.00310167018324, -0.00308469869196, 0.00312901777215, -0.00270611955784, 0.00351917860098, -0.00418367050588, 0.0027719673235, -0.00201047421433, 0.000656433752738], [-0.00151459733024, 0.00288906414062, -0.00353549118154, 0.00703328102827, -0.0057616783306, 0.00366808334365, -0.00317573780194, 0.00322126387618, -0.00424495572224, 0.00440622353926, -0.00416917912662, 0.00188954500481, -0.000901567167602], [0.00154220673721, -0.00290869409218, 0.00310167018324, -0.0057616783306, 0.00976948626339, -0.00728490622714, 0.00490251602605, -0.0053177322261, 0.00572266755626, -0.00478942738846, 0.00505620753393, -0.00499359052628, 0.00141605478711], [-0.0018700218061, 0.00230406527407, -0.00308469869196, 0.00366808334365, -0.00728490622714, 0.016260581091, -0.0116409100592, 0.00756939686835, -0.00950425770134, 0.00781972892582, -0.0073812850751, 0.00563560286537, -0.00291376118548], [0.0018486592453, -0.00233820825815, 0.00312901777215, -0.00317573780194, 0.00490251602605, -0.0116409100592, 0.0254284422845, -0.0209245942533, 0.0134462025017, -0.0122816273943, 0.0101254647598, -0.00631744042039, 0.000643283652607], [-0.00171826314181, 0.00308466958813, -0.00270611955784, 0.00322126387618, -0.0053177322261, 0.00756939686835, -0.0209245942533, 0.0371807403862, -0.0283139888197, 0.0187468901277, -0.0125198205933, 0.00856974069029, -0.00351737625897], [0.00179432122968, -0.00293293967843, 0.00351917860098, -0.00424495572224, 0.00572266755626, -0.00950425770134, 0.0134462025017, -0.0283139888197, 0.0403017438948, -0.0325214415789, 0.0205360203981, -0.00787010043859, 0.0017292740522], [-0.00128952087834, 0.00194651144557, -0.00418367050588, 0.00440622353926, -0.00478942738846, 0.00781972892582, -0.0122816273943, 0.0187468901277, -0.0325214415789, 0.0522190742195, -0.0410431921482, 0.0192838106304, -0.00455675693229], [0.000806123833172, -0.001441911445, 0.0027719673235, -0.00416917912662, 0.00505620753393, -0.0073812850751, 0.0101254647598, -0.0125198205933, 0.0205360203981, -0.0410431921482, 0.054545905441, -0.0373080298305, 0.0135004408658], [-0.000776636006776, 0.000856385333464, -0.00201047421433, 0.00188954500481, -0.00499359052628, 0.00563560286537, -0.00631744042039, 0.00856974069029, -0.00787010043859, 0.0192838106304, -0.0373080298305, 0.0386188551784, -0.0149319367483], [0.000408248102758, -5.40102082596e-005, 0.000656433752738, -0.000901567167602, 0.00141605478711, -0.00291376118548, 0.000643283652607, -0.00351737625897, 0.0017292740522, -0.00455675693229, 0.0135004408658, -0.0149319367483, 0.0175444316119]]
    },
    "spectral_contrast_coeffs": {
        "mean": [-0.574429214001, -0.72555410862, -0.71918451786, -0.814740657806, -0.843654751778, -0.844847917557],
        "var": [0.0124992514029, 0.00667067989707, 0.00822126492858, 0.00348955695517, 0.00289355148561, 0.00179852452129]
    },
    "spectral_contrast_valleys": {
        "mean": [-8.25390434265, -7.67258548737, -8.99456882477, -10.3376169205, -11.2065172195, -13.501701355],
        "var": [1.55373859406, 1.49852156639, 1.73850214481, 1.77301478386, 1.29613506794, 0.629145801067]
    }
},
"metadata": {
    "audio_properties": {
        "analysis_sample_rate": 44100,
        "bit_rate": 128074,
        "equal_loudness": 0,
        "length": 45.0612258911,
        "lossless": 0,
        "replay_gain": -5.17350387573,
        "sample_rate": 44100,
        "codec": "mp3",
        "downmix": "mix",
        "md5_encoded": "0ad2456d2d9adcef124a0eeb30b53781"
    },
    "tags": {
        "file_name": "1757.mp3"
    },
    "version": {
        "essentia": "2.1-beta2",
        "essentia_git_sha": "v2.1_beta2",
        "extractor": "music 1.0"
    }
},
"rhythm": {
    "beats_count": 91,
    "beats_loudness": {
        "mean": 0.0474161989987,
        "var": 0.00221760594286
    },
    "bpm": 117.254364014,
    "bpm_histogram_first_peak_bpm": {
        "mean": 117,
        "var": 0
    },
    "bpm_histogram_first_peak_spread": {
        "mean": 0.485714286566,
        "var": 0
    },
    "bpm_histogram_first_peak_weight": {
        "mean": 0.20000000298,
        "var": 0
    },
    "bpm_histogram_second_peak_bpm": {
        "mean": 105,
        "var": 0
    },
    "bpm_histogram_second_peak_spread": {
        "mean": 0.5,
        "var": 0
    },
    "bpm_histogram_second_peak_weight": {
        "mean": 0.0888888910413,
        "var": 0
    },
    "danceability": 1.0518039465,
    "onset_rate": 3.28294014931,
    "beats_loudness_band_ratio": {
        "mean": [0.584228694439, 0.279289633036, 0.117539606988, 0.0754622817039, 0.00126139703207, 0.000145272235386],
        "var": [0.101984381676, 0.0829869732261, 0.0331792086363, 0.0417877063155, 4.88105342811e-006, 1.13697510074e-007]
    },
    "beats_position": [0.46439909935, 0.940408170223, 1.42802715302, 1.92725622654, 2.43809509277, 2.99537420273, 3.51782298088, 4.01705217361, 4.53950119019, 5.06195020676, 5.59600877762, 6.13006782532, 6.65251684189, 7.17496585846, 7.6858048439, 8.19664382935, 8.70748329163, 9.19510173798, 9.682721138, 10.1935596466, 10.7276191711, 11.2384576797, 11.7376871109, 12.2485256195, 12.7709751129, 13.2702035904, 13.7694330215, 14.2802715302, 14.7911109924, 15.301949501, 15.8127889633, 16.3236274719, 16.8344669342, 17.3453063965, 17.8677539825, 18.390203476, 18.9358730316, 19.4931507111, 20.062040329, 20.642539978, 21.2346477509, 21.8035373688, 22.3840351105, 22.9645347595, 23.5334243774, 24.102312088, 24.6595916748, 25.2284793854, 25.7973690033, 26.3662586212, 26.9351463318, 27.5156459808, 28.0497055054, 28.5837631226, 29.106212616, 29.6054420471, 29.9537410736, 30.3020401001, 30.6735591888, 31.0566883087, 31.4398174286, 31.8345565796, 32.2292976379, 32.6936950684, 33.1697044373, 33.6108856201, 34.0636711121, 34.5745124817, 35.0969619751, 35.5961914063, 36.1070289612, 36.6178665161, 37.1287078857, 37.5350570679, 37.94140625, 38.3477554321, 38.7541046143, 39.1720619202, 39.5900230408, 40.0079803467, 40.4259414673, 40.8206787109, 41.192199707, 41.5985488892, 42.0048980713, 42.3996353149, 42.7943763733, 43.1891136169, 43.5954627991, 44.0018119812, 44.3965530396]
},
"tonal": {
    "chords_changes_rate": 0.0679012313485,
    "chords_number_rate": 0.0174897126853,
    "chords_strength": {
        "mean": 0.454779833555,
        "var": 0.0128325847909
    },
    "hpcp_entropy": {
        "mean": 1.51225733757,
        "var": 0.383406579494
    },
    "key_strength": 0.685111224651,
    "tuning_diatonic_strength": 0.519360601902,
    "tuning_equal_tempered_deviation": 0.0640763565898,
    "tuning_frequency": 440,
    "tuning_nontempered_energy_ratio": 0.690248370171,
    "hpcp": {
        "mean": [0.0777315869927, 0.0618623010814, 0.131866842508, 0.270501613617, 0.192471042275, 0.059672575444, 0.0685580000281, 0.0669895708561, 0.0881958082318, 0.119596093893, 0.0903821438551, 0.0632404237986, 0.0707907602191, 0.053932774812, 0.0600726604462, 0.0923250392079, 0.0702913105488, 0.103208437562, 0.144469320774, 0.08618016541, 0.0531031452119, 0.0532003082335, 0.0448368191719, 0.0824055671692, 0.12566550076, 0.108642935753, 0.0913217663765, 0.104059651494, 0.0909508392215, 0.0880025923252, 0.0888793021441, 0.0591744445264, 0.0802199617028, 0.122481435537, 0.0966940745711, 0.0710249394178],
        "var": [0.0461025461555, 0.0282329041511, 0.0550303831697, 0.157418817282, 0.0929241776466, 0.0217557735741, 0.0474976338446, 0.0313152298331, 0.0435501933098, 0.0749885439873, 0.0460860468447, 0.0257664956152, 0.0355674177408, 0.0229522176087, 0.0259005781263, 0.0652703419328, 0.0301330946386, 0.0529003851116, 0.0817845240235, 0.0310478601605, 0.0303177684546, 0.0266534481198, 0.0178242474794, 0.0361180342734, 0.0706879347563, 0.0542332157493, 0.0491209104657, 0.0632293149829, 0.0486978255212, 0.0505766347051, 0.0511643178761, 0.020522126928, 0.0334908291698, 0.0701786503196, 0.0464007072151, 0.0346728228033]
    },
    "chords_histogram": [9.87654304504, 3.60082316399, 7.20164632797, 1.54320991039, 1.33744859695, 13.0658435822, 5.34979438782, 16.3580245972, 3.80658435822, 12.448559761, 0, 1.54320991039, 0, 2.98353910446, 0.411522626877, 1.74897122383, 1.33744859695, 0, 3.29218101501, 0, 0, 0.205761313438, 8.74485588074, 5.14403295517],
    "thpcp": [1, 0.711533784866, 0.22059969604, 0.253447651863, 0.247649431229, 0.326045393944, 0.442127108574, 0.334127932787, 0.23378944397, 0.261701792479, 0.199380606413, 0.222078755498, 0.341310501099, 0.259855419397, 0.381544619799, 0.534079313278, 0.318593919277, 0.196313604712, 0.196672797203, 0.16575434804, 0.304639846087, 0.464564710855, 0.401635080576, 0.337601572275, 0.384691417217, 0.336230307817, 0.325331121683, 0.328572183847, 0.218758195639, 0.296560019255, 0.452793747187, 0.357462108135, 0.262567520142, 0.287360906601, 0.228694751859, 0.487490028143],
    "chords_key": "D#",
    "chords_scale": "major",
    "key_key": "D#",
    "key_scale": "minor"
}
}