{
"lowlevel": {
    "average_loudness": 0.796880304813,
    "barkbands_crest": {
        "mean": 13.7206134796,
        "var": 30.5736064911
    },
    "barkbands_flatness_db": {
        "mean": 0.211741492152,
        "var": 0.00710080889985
    },
    "barkbands_kurtosis": {
        "mean": 28.8209037781,
        "var": 3879.23022461
    },
    "barkbands_skewness": {
        "mean": 3.14423370361,
        "var": 9.26962661743
    },
    "barkbands_spread": {
        "mean": 12.5971689224,
        "var": 179.863372803
    },
    "dissonance": {
        "mean": 0.426630526781,
        "var": 0.00287123327143
    },
    "dynamic_complexity": 5.97041225433,
    "erbbands_crest": {
        "mean": 12.046043396,
        "var": 27.8901062012
    },
    "erbbands_flatness_db": {
        "mean": 0.180613845587,
        "var": 0.00336815440096
    },
    "erbbands_kurtosis": {
        "mean": 2.35262227058,
        "var": 24.02759552
    },
    "erbbands_skewness": {
        "mean": 0.924587905407,
        "var": 1.24805700779
    },
    "erbbands_spread": {
        "mean": 36.7114334106,
        "var": 620.759460449
    },
    "hfc": {
        "mean": 10.2289400101,
        "var": 180.589401245
    },
    "melbands_crest": {
        "mean": 18.6066951752,
        "var": 49.7119407654
    },
    "melbands_flatness_db": {
        "mean": 0.287627518177,
        "var": 0.0112532526255
    },
    "melbands_kurtosis": {
        "mean": 51.4511146545,
        "var": 7648.60449219
    },
    "melbands_skewness": {
        "mean": 4.08825778961,
        "var": 10.6878166199
    },
    "melbands_spread": {
        "mean": 13.0549459457,
        "var": 238.510498047
    },
    "pitch_salience": {
        "mean": 0.455338448286,
        "var": 0.0243145767599
    },
    "silence_rate_20dB": {
        "mean": 1,
        "var": 0
    },
    "silence_rate_30dB": {
        "mean": 0.921730160713,
        "var": 0.0721436366439
    },
    "silence_rate_60dB": {
        "mean": 0.25901132822,
        "var": 0.191922530532
    },
    "spectral_centroid": {
        "mean": 823.960876465,
        "var": 450971.5
    },
    "spectral_complexity": {
        "mean": 7.41864061356,
        "var": 35.556427002
    },
    "spectral_decrease": {
        "mean": -7.77352315851e-009,
        "var": 1.51126189081e-016
    },
    "spectral_energy": {
        "mean": 0.0302668791264,
        "var": 0.00221936567686
    },
    "spectral_energyband_high": {
        "mean": 0.000237892003497,
        "var": 2.50810131774e-007
    },
    "spectral_energyband_low": {
        "mean": 0.0167953819036,
        "var": 0.00179660506546
    },
    "spectral_energyband_middle_high": {
        "mean": 0.00255067553371,
        "var": 2.87825496343e-005
    },
    "spectral_energyband_middle_low": {
        "mean": 0.0127010373399,
        "var": 0.000307711452479
    },
    "spectral_entropy": {
        "mean": 7.00048780441,
        "var": 0.598934173584
    },
    "spectral_flux": {
        "mean": 0.0635360181332,
        "var": 0.00511457957327
    },
    "spectral_kurtosis": {
        "mean": 7.59538173676,
        "var": 86.0775299072
    },
    "spectral_rms": {
        "mean": 0.00424230284989,
        "var": 1.15314969662e-005
    },
    "spectral_rolloff": {
        "mean": 857.553100586,
        "var": 1483208.375
    },
    "spectral_skewness": {
        "mean": 1.9849383831,
        "var": 1.00866913795
    },
    "spectral_spread": {
        "mean": 4583697.5,
        "var": 3.43409111859e+012
    },
    "spectral_strongpeak": {
        "mean": 0.908666789532,
        "var": 1.25438785553
    },
    "zerocrossingrate": {
        "mean": 0.0361084230244,
        "var": 0.000990707310848
    },
    "barkbands": {
        "mean": [0.000444212026196, 0.0113943051547, 0.00295490585268, 0.00322437426075, 0.00371540477499, 0.00212129135616, 0.000950511777773, 0.000502814305946, 0.00215644994751, 0.00059639144456, 0.000769775710069, 0.000114882102935, 0.000363528932212, 0.000299972220091, 0.000144841527799, 9.01991152205e-005, 4.39621362602e-005, 6.03789594606e-005, 5.39070279046e-005, 5.19191926287e-005, 6.30103822914e-005, 7.23995181033e-005, 3.31538976752e-005, 2.39600794885e-005, 1.30234466269e-005, 7.20810476196e-006, 1.06707169323e-007],
        "var": [1.65012374964e-006, 0.00114486156963, 6.0759466578e-005, 7.54453212721e-005, 0.000105717801489, 2.79525083897e-005, 1.15145503514e-005, 1.61889352057e-006, 2.98248050967e-005, 6.7967821451e-006, 6.39559402771e-006, 1.23583831169e-007, 1.66748327501e-006, 6.27672704923e-007, 1.39396192367e-007, 4.42378791377e-008, 1.30922055419e-008, 2.44468303379e-008, 1.5408776477e-008, 1.80891053247e-008, 1.79874088957e-008, 2.42412259155e-008, 6.18140871822e-009, 4.28937463326e-009, 1.44716638673e-009, 1.2039322872e-009, 5.07437516485e-013]
    },
    "erbbands": {
        "mean": [0.296976685524, 2.58370161057, 3.98993849754, 8.42005634308, 11.2478017807, 12.6221065521, 14.3088703156, 16.1261329651, 12.5820541382, 12.4840240479, 18.3416042328, 62.0339584351, 8.75967979431, 27.8478298187, 28.8611469269, 7.18646478653, 18.7049045563, 10.6048231125, 12.4704561234, 8.74990081787, 3.58931899071, 2.20173001289, 3.00125026703, 2.73743772507, 3.06428527832, 2.5094742775, 2.25771427155, 3.01346516609, 2.58963036537, 1.5876750946, 0.870915412903, 0.524008512497, 0.383303493261, 0.164369001985, 0.0847860649228, 0.0421496927738, 0.0111441221088, 0.00112055637874, 3.80024866899e-005, 3.50076297764e-005],
        "var": [0.913078963757, 59.1990203857, 105.381782532, 452.046142578, 888.707580566, 1114.94018555, 2475.9609375, 1637.58081055, 2424.25439453, 1036.41992188, 1463.42443848, 24597.0585938, 410.740356445, 9726.60058594, 7382.55859375, 309.100738525, 4085.91455078, 992.707885742, 871.66973877, 461.155609131, 71.0448074341, 27.7737426758, 53.9903640747, 40.5942268372, 56.1289863586, 38.4436721802, 25.1685161591, 46.9810562134, 33.6378669739, 12.4510774612, 4.01927042007, 1.78165686131, 1.14104700089, 0.181428387761, 0.0815178230405, 0.0431165285408, 0.00274019269273, 3.4682736441e-005, 1.47802419193e-008, 2.71254796402e-009]
    },
    "gfcc": {
        "mean": [-94.6338577271, 110.32800293, -96.0863571167, 34.7062530518, -59.5039482117, 18.4989204407, -30.3948497772, 3.58224821091, -21.0740509033, 2.99588227272, -18.3233413696, -5.94748020172, -13.4700260162],
        "cov": [[9556.67675781, -374.395355225, -995.230834961, -283.803924561, -660.650756836, 128.189056396, -24.064043045, -73.1399307251, 133.759933472, 204.391448975, 11.331486702, 291.724975586, 365.030822754], [-374.395355225, 1491.3013916, 78.2290344238, -645.13684082, 161.75491333, -102.078857422, 151.064071655, -266.888702393, 66.7886505127, -181.114715576, 76.2860565186, -150.00151062, 147.934387207], [-995.230834961, 78.2290344238, 1249.95727539, 450.553253174, 228.408081055, 74.9563827515, 77.4137115479, 54.348400116, -80.8291778564, -148.188186646, -61.2291793823, -65.7378768921, -59.1395225525], [-283.803924561, -645.13684082, 450.553253174, 899.824707031, 246.806655884, 133.600906372, 52.1470222473, 221.69569397, 29.313911438, 21.2574939728, -8.23488426208, -19.1880092621, -128.046554565], [-660.650756836, 161.75491333, 228.408081055, 246.806655884, 414.597229004, 114.736763, 142.874252319, 77.6778030396, 69.9684753418, -9.17770957947, 43.6317939758, -60.4538841248, -46.1363487244], [128.189056396, -102.078857422, 74.9563827515, 133.600906372, 114.736763, 208.279251099, 125.189109802, 106.749694824, 55.4048080444, 57.9817657471, 31.4612388611, 52.8226585388, 12.3801717758], [-24.064043045, 151.064071655, 77.4137115479, 52.1470222473, 142.874252319, 125.189109802, 216.745407104, 83.8329696655, 81.2393264771, 17.8046665192, 46.1130943298, 18.2095909119, 46.5518722534], [-73.1399307251, -266.888702393, 54.348400116, 221.69569397, 77.6778030396, 106.749694824, 83.8329696655, 199.210968018, 71.8577728271, 87.0102996826, 29.9306221008, 56.4763946533, -19.9718551636], [133.759933472, 66.7886505127, -80.8291778564, 29.313911438, 69.9684753418, 55.4048080444, 81.2393264771, 71.8577728271, 149.354598999, 77.0387191772, 59.319606781, 20.3308010101, 39.8926086426], [204.391448975, -181.114715576, -148.188186646, 21.2574939728, -9.17770957947, 57.9817657471, 17.8046665192, 87.0102996826, 77.0387191772, 151.406188965, 56.1368942261, 71.3162994385, 6.75235462189], [11.331486702, 76.2860565186, -61.2291793823, -8.23488426208, 43.6317939758, 31.4612388611, 46.1130943298, 29.9306221008, 59.319606781, 56.1368942261, 95.8862991333, 35.7564239502, 19.3708305359], [291.724975586, -150.00151062, -65.7378768921, -19.1880092621, -60.4538841248, 52.8226585388, 18.2095909119, 56.4763946533, 20.3308010101, 71.3162994385, 35.7564239502, 129.815795898, 59.3061599731], [365.030822754, 147.934387207, -59.1395225525, -128.046554565, -46.1363487244, 12.3801717758, 46.5518722534, -19.9718551636, 39.8926086426, 6.75235462189, 19.3708305359, 59.3061599731, 141.117050171]],
        "icov": [[0.000149275976582, -4.6100027248e-005, 0.00010876084707, -0.000168190686963, 0.000281233718852, -0.000245252449531, -1.36788157761e-005, 0.000237143525737, -0.000101735931821, -0.00010866735829, 0.000167862453964, -8.73682583915e-005, -0.000245670380536], [-4.6100027248e-005, 0.00450117979199, -0.00111544958781, 0.00344570446759, -0.00194806116633, 0.00104990694672, -0.0019119506469, 0.00229432433844, -0.00282663083635, 0.00373369036242, -0.00468847574666, 0.00380348204635, -0.00204833759926], [0.00010876084707, -0.00111544958781, 0.0015984516358, -0.00147240294609, 0.000295552104944, -0.000565228750929, 0.000208368946915, -0.000573294586502, 0.00125855731312, 0.000178097645403, 0.0013973073801, -0.00108802481554, 0.000119342730613], [-0.000168190686963, 0.00344570446759, -0.00147240294609, 0.00509780505672, -0.00244899163954, 0.00045955798123, -0.000220757734496, -0.000995302689262, -0.00234733335674, 0.00353480665945, -0.00353045668453, 0.00308185187168, -0.000393676426029], [0.000281233718852, -0.00194806116633, 0.000295552104944, -0.00244899163954, 0.00629274873063, -0.0023818470072, -0.0010839154711, -0.000218126777327, -0.000153303335537, -0.000947350403294, 9.78569823928e-006, 0.000899196136743, 0.0015188048128], [-0.000245252449531, 0.00104990694672, -0.000565228750929, 0.00045955798123, -0.0023818470072, 0.0110841216519, -0.00540124671534, -0.000332055467879, 0.000156484238687, -0.00164113228675, 0.000795002735686, -0.00289703113958, 0.000840217515361], [-1.36788157761e-005, -0.0019119506469, 0.000208368946915, -0.000220757734496, -0.0010839154711, -0.00540124671534, 0.0127859860659, -0.00545054674149, -0.000832044635899, 0.0021668295376, -0.00097052170895, 0.0007375847199, -0.00298829190433], [0.000237143525737, 0.00229432433844, -0.000573294586502, -0.000995302689262, -0.000218126777327, -0.000332055467879, -0.00545054674149, 0.0164304021746, -0.00558517640457, -0.00241777626798, 0.00120744190644, -0.00428263517097, 0.00324789201841], [-0.000101735931821, -0.00282663083635, 0.00125855731312, -0.00234733335674, -0.000153303335537, 0.000156484238687, -0.000832044635899, -0.00558517640457, 0.0187317412347, -0.00940650887787, -0.00176703359466, 0.00496377889067, -0.00564470235258], [-0.00010866735829, 0.00373369036242, 0.000178097645403, 0.00353480665945, -0.000947350403294, -0.00164113228675, 0.0021668295376, -0.00241777626798, -0.00940650887787, 0.0218366030604, -0.00810362771153, -0.00330707523972, 0.00254282937385], [0.000167862453964, -0.00468847574666, 0.0013973073801, -0.00353045668453, 9.78569823928e-006, 0.000795002735686, -0.00097052170895, 0.00120744190644, -0.00176703359466, -0.00810362771153, 0.0232386384159, -0.00987910944968, 0.00413656095043], [-8.73682583915e-005, 0.00380348204635, -0.00108802481554, 0.00308185187168, 0.000899196136743, -0.00289703113958, 0.0007375847199, -0.00428263517097, 0.00496377889067, -0.00330707523972, -0.00987910944968, 0.0248176492751, -0.0120408954099], [-0.000245670380536, -0.00204833759926, 0.000119342730613, -0.000393676426029, 0.0015188048128, 0.000840217515361, -0.00298829190433, 0.00324789201841, -0.00564470235258, 0.00254282937385, 0.00413656095043, -0.0120408954099, 0.0173967313021]]
    },
    "melbands": {
        "mean": [0.00297088176012, 0.00268407701515, 0.00144371355418, 0.00099580863025, 0.000468175683636, 0.000364477396943, 0.000189057725947, 0.000126176790218, 0.000219415829633, 0.000336309836712, 3.01369327644e-005, 0.000111832829134, 0.000120508353575, 1.78247300937e-005, 3.402854054e-005, 2.77199451375e-005, 2.11090919038e-005, 2.43467948167e-005, 9.28654844756e-006, 9.44282237469e-006, 3.51540325028e-006, 2.08085725717e-006, 2.62605726675e-006, 3.14067870022e-006, 2.04712932828e-006, 2.14130113818e-006, 2.11971223507e-006, 1.54258361817e-006, 1.37511142384e-006, 1.4736947378e-006, 1.87317471045e-006, 1.6233811948e-006, 1.07849257347e-006, 7.76800050062e-007, 5.28643568032e-007, 3.5356848116e-007, 3.11976691592e-007, 3.00289315192e-007, 1.8611982e-007, 1.2211873468e-007],
        "var": [8.25065435492e-005, 5.13742779731e-005, 1.16800574688e-005, 7.6083751992e-006, 2.02093883672e-006, 8.16597491848e-007, 5.67860695355e-007, 9.03562948906e-008, 2.11326835142e-007, 7.2956652275e-007, 1.08701216917e-008, 1.86256286838e-007, 1.53181034079e-007, 2.65083999196e-009, 1.61553828093e-008, 7.03510805167e-009, 4.40396430434e-009, 3.51127527054e-009, 4.40470243612e-010, 5.54622348048e-010, 8.71103397748e-011, 2.66694461654e-011, 6.44346451195e-011, 6.70352801047e-011, 2.33964098095e-011, 2.94530302924e-011, 2.74789375282e-011, 1.62726238734e-011, 1.22268991806e-011, 9.39170616276e-012, 2.27349424009e-011, 1.43752162951e-011, 5.51803611484e-012, 3.41026404165e-012, 1.53973838887e-012, 7.51398943066e-013, 8.21439812872e-013, 7.7959280741e-013, 2.41966060903e-013, 1.0512542849e-013]
    },
    "mfcc": {
        "mean": [-744.143066406, 135.838912964, 20.5721855164, 25.399181366, 0.481141984463, 14.4023275375, 0.541998684406, 2.02291893959, 1.05291926861, 4.12445068359, 2.4386715889, -1.85196948051, -2.44674015045],
        "cov": [[9560.05566406, -746.059570313, -694.072631836, -429.91229248, -556.61706543, 68.6758651733, -385.718017578, -166.876800537, -23.8220920563, 19.513250351, 78.4407730103, -189.203491211, -37.1494522095], [-746.059570313, 1875.49279785, -70.0679550171, -466.508087158, -123.893875122, 15.3601751328, -0.456794351339, -104.567077637, -64.6821136475, -38.3286361694, -63.6202926636, -151.520767212, -148.779663086], [-694.072631836, -70.0679550171, 863.593994141, 319.35043335, 179.377044678, 48.607509613, 124.420036316, 128.102279663, 43.5859870911, -24.0528888702, -67.7665786743, -2.44027519226, -28.0264377594], [-429.91229248, -466.508087158, 319.35043335, 541.442993164, 281.537628174, 72.3777999878, 136.918624878, 141.689605713, 79.3243560791, 53.5439147949, 43.879108429, 82.601776123, 49.0382843018], [-556.61706543, -123.893875122, 179.377044678, 281.537628174, 285.72442627, 86.6493606567, 115.954048157, 99.4448623657, 63.8248710632, 51.3129959106, 35.7949905396, 74.1026916504, 42.0895690918], [68.6758651733, 15.3601751328, 48.607509613, 72.3777999878, 86.6493606567, 151.647964478, 87.7775726318, 73.8369979858, 64.606010437, 41.919506073, 37.6703224182, 19.8520774841, 29.6939125061], [-385.718017578, -0.456794351339, 124.420036316, 136.918624878, 115.954048157, 87.7775726318, 179.308731079, 122.114677429, 61.9109115601, 40.7183036804, 30.8708248138, 48.8827781677, 39.1859550476], [-166.876800537, -104.567077637, 128.102279663, 141.689605713, 99.4448623657, 73.8369979858, 122.114677429, 161.817718506, 92.8984298706, 42.9412117004, 34.1224403381, 50.3210754395, 50.6695213318], [-23.8220920563, -64.6821136475, 43.5859870911, 79.3243560791, 63.8248710632, 64.606010437, 61.9109115601, 92.8984298706, 121.324119568, 65.6040039063, 29.9900817871, 33.3856697083, 50.9548454285], [19.513250351, -38.3286361694, -24.0528888702, 53.5439147949, 51.3129959106, 41.919506073, 40.7183036804, 42.9412117004, 65.6040039063, 105.958908081, 60.1455192566, 37.812587738, 43.9476547241], [78.4407730103, -63.6202926636, -67.7665786743, 43.879108429, 35.7949905396, 37.6703224182, 30.8708248138, 34.1224403381, 29.9900817871, 60.1455192566, 107.124450684, 71.7220306396, 49.2517585754], [-189.203491211, -151.520767212, -2.44027519226, 82.601776123, 74.1026916504, 19.8520774841, 48.8827781677, 50.3210754395, 33.3856697083, 37.812587738, 71.7220306396, 139.765136719, 90.7679367065], [-37.1494522095, -148.779663086, -28.0264377594, 49.0382843018, 42.0895690918, 29.6939125061, 39.1859550476, 50.6695213318, 50.9548454285, 43.9476547241, 49.2517585754, 90.7679367065, 129.109664917]],
        "icov": [[0.000153136454173, 8.88961731107e-005, 4.32405759057e-005, -8.97517475096e-006, 0.000303913635435, -0.000395864364691, 0.000364599080058, -0.000140608419315, 5.92282012803e-005, -7.45440920582e-005, -0.000176231260411, 0.000215714942897, 1.33624771479e-005], [8.88961731107e-005, 0.000949189474341, -0.000175582346856, 0.00124238419812, -0.000509917095769, -0.000222791757551, -0.000711614440661, 0.00051710329717, -0.000171996754943, -6.16522229393e-005, -0.000494179956149, 0.000667090411298, 0.000648295506835], [4.32405759057e-005, -0.000175582346856, 0.00192389427684, -0.00118574872613, 0.000161039177328, -0.000276342849247, 6.94625414326e-005, -0.00122186599765, 0.000302007014398, 0.000139567739097, 0.00186429510359, -0.000496295513585, 0.000618643243797], [-8.97517475096e-006, 0.00124238419812, -0.00118574872613, 0.00632632011548, -0.00477647176012, 0.00127021537628, -0.00126686750446, -0.000452726089861, -0.000408733787481, 0.000179262569873, -0.00202551833354, 0.00122891645879, 0.000605001987424], [0.000303913635435, -0.000509917095769, 0.000161039177328, -0.00477647176012, 0.0104244025424, -0.00376994395629, 4.20680335083e-005, -0.000136493777973, 0.000631914765108, -0.00223007937893, 0.00254922918975, -0.00383975543082, 0.00109520775732], [-0.000395864364691, -0.000222791757551, -0.000276342849247, 0.00127021537628, -0.00376994395629, 0.0132353482768, -0.00526355253533, 0.00112915260252, -0.00466391118243, 0.00215334864333, -0.00458969455212, 0.0038139638491, -0.00139647314791], [0.000364599080058, -0.000711614440661, 6.94625414326e-005, -0.00126686750446, 4.20680335083e-005, -0.00526355253533, 0.0164143778384, -0.0108444783837, 0.0048788827844, -0.00302590918727, 0.00217402493581, -0.00210700440221, 8.45627528179e-006], [-0.000140608419315, 0.00051710329717, -0.00122186599765, -0.000452726089861, -0.000136493777973, 0.00112915260252, -0.0108444783837, 0.0223659165204, -0.0127325849608, 0.00505076954141, -0.00366156059317, 0.00031488147215, -0.000757969275583], [5.92282012803e-005, -0.000171996754943, 0.000302007014398, -0.000408733787481, 0.000631914765108, -0.00466391118243, 0.0048788827844, -0.0127325849608, 0.0240214578807, -0.0117061324418, 0.00563657982275, -4.45217592642e-005, -0.00319218053482], [-7.45440920582e-005, -6.16522229393e-005, 0.000139567739097, 0.000179262569873, -0.00223007937893, 0.00215334864333, -0.00302590918727, 0.00505076954141, -0.0117061324418, 0.0219567697495, -0.0114254765213, 0.00407043192536, -0.00231934990734], [-0.000176231260411, -0.000494179956149, 0.00186429510359, -0.00202551833354, 0.00254922918975, -0.00458969455212, 0.00217402493581, -0.00366156059317, 0.00563657982275, -0.0114254765213, 0.0241944231093, -0.0118776299059, 0.00234093214385], [0.000215714942897, 0.000667090411298, -0.000496295513585, 0.00122891645879, -0.00383975543082, 0.0038139638491, -0.00210700440221, 0.00031488147215, -4.45217592642e-005, 0.00407043192536, -0.0118776299059, 0.0216373167932, -0.0109018618241], [1.33624771479e-005, 0.000648295506835, 0.000618643243797, 0.000605001987424, 0.00109520775732, -0.00139647314791, 8.45627528179e-006, -0.000757969275583, -0.00319218053482, -0.00231934990734, 0.00234093214385, -0.0109018618241, 0.017480455339]]
    },
    "spectral_contrast_coeffs": {
        "mean": [-0.622255504131, -0.710312306881, -0.737922310829, -0.771010160446, -0.819363892078, -0.77406591177],
        "var": [0.0144354673102, 0.0110096326098, 0.0120501220226, 0.00689927581698, 0.00303596910089, 0.00192579871509]
    },
    "spectral_contrast_valleys": {
        "mean": [-7.904920578, -7.66701459885, -8.53706932068, -9.03425979614, -8.83662223816, -11.144446373],
        "var": [1.23612332344, 0.967281341553, 0.896817445755, 0.89167535305, 1.09272348881, 1.35944223404]
    }
},
"metadata": {
    "audio_properties": {
        "analysis_sample_rate": 44100,
        "bit_rate": 128074,
        "equal_loudness": 0,
        "length": 45.0612258911,
        "lossless": 0,
        "replay_gain": -3.92323493958,
        "sample_rate": 44100,
        "codec": "mp3",
        "downmix": "mix",
        "md5_encoded": "a08341b6caff9fa4b8c5c8d308712702"
    },
    "tags": {
        "file_name": "1759.mp3"
    },
    "version": {
        "essentia": "2.1-beta2",
        "essentia_git_sha": "v2.1_beta2",
        "extractor": "music 1.0"
    }
},
"rhythm": {
    "beats_count": 113,
    "beats_loudness": {
        "mean": 0.0498511381447,
        "var": 0.0035692518577
    },
    "bpm": 151.440628052,
    "bpm_histogram_first_peak_bpm": {
        "mean": 152,
        "var": 0
    },
    "bpm_histogram_first_peak_spread": {
        "mean": 0.272727251053,
        "var": 0
    },
    "bpm_histogram_first_peak_weight": {
        "mean": 0.642857134342,
        "var": 0
    },
    "bpm_histogram_second_peak_bpm": {
        "mean": 157,
        "var": 0
    },
    "bpm_histogram_second_peak_spread": {
        "mean": 0,
        "var": 0
    },
    "bpm_histogram_second_peak_weight": {
        "mean": 0.107142858207,
        "var": 0
    },
    "danceability": 1.21328425407,
    "onset_rate": 4.52513360977,
    "beats_loudness_band_ratio": {
        "mean": [0.496762275696, 0.190188467503, 0.155905351043, 0.0729748308659, 0.0441868416965, 0.0776449069381],
        "var": [0.116024918854, 0.0540219396353, 0.0261670462787, 0.00960636883974, 0.00225363182835, 0.0115914931521]
    },
    "beats_position": [0.429569154978, 0.847528338432, 1.25387752056, 1.64861679077, 2.04335594177, 2.43809509277, 2.83283448219, 3.21596360207, 3.62231278419, 4.01705217361, 4.41179132462, 4.79492044449, 5.18965959549, 5.5727891922, 5.9675283432, 6.3622674942, 6.76861667633, 7.17496585846, 7.56970500946, 7.96444416046, 8.35918331146, 8.75392246246, 9.14866161346, 9.55501079559, 9.96135997772, 10.3560991287, 10.7508392334, 11.1455783844, 11.5403175354, 11.9350566864, 12.3297958374, 12.7245349884, 13.1192741394, 13.5140132904, 13.9087524414, 14.3034915924, 14.6982307434, 15.0929698944, 15.4877090454, 15.8824491501, 16.2771873474, 16.6603164673, 17.0550556183, 17.4497947693, 17.8329238892, 18.2276649475, 18.6224040985, 19.0171432495, 19.4118824005, 19.7950115204, 20.1897506714, 20.5844898224, 20.9908390045, 21.3739681244, 21.7803173065, 22.1750564575, 22.5697956085, 22.9645347595, 23.3592739105, 23.7540130615, 24.1603622437, 24.5551013947, 24.9614505768, 25.3561897278, 25.7625389099, 26.168888092, 26.563627243, 26.958366394, 27.3647155762, 27.7710647583, 28.1774139404, 28.5605430603, 28.9552822113, 29.3384113312, 29.7215423584, 30.1278915405, 30.5342407227, 30.9289798737, 31.3353290558, 31.7300682068, 32.1364173889, 32.542766571, 32.9491157532, 33.3438529968, 33.7385940552, 34.1449432373, 34.5512924194, 34.9576416016, 35.3523788452, 35.7355079651, 36.1302490234, 36.5249862671, 36.9197273254, 37.3144645691, 37.7092056274, 38.0923347473, 38.4986839294, 38.8934249878, 39.2997741699, 39.6945114136, 40.1008605957, 40.4956016541, 40.8903388977, 41.2850799561, 41.6798171997, 42.0745582581, 42.4692955017, 42.8640365601, 43.2587738037, 43.6535148621, 44.0482521057, 44.4429931641, 44.8377304077]
},
"tonal": {
    "chords_changes_rate": 0.0555555559695,
    "chords_number_rate": 0.0123456791043,
    "chords_strength": {
        "mean": 0.531419336796,
        "var": 0.0101066194475
    },
    "hpcp_entropy": {
        "mean": 1.63658213615,
        "var": 0.70995849371
    },
    "key_strength": 0.798395931721,
    "tuning_diatonic_strength": 0.56000906229,
    "tuning_equal_tempered_deviation": 0.102986492217,
    "tuning_frequency": 442.804626465,
    "tuning_nontempered_energy_ratio": 0.725287914276,
    "hpcp": {
        "mean": [0.259519249201, 0.128090038896, 0.039157319814, 0.0228150431067, 0.0215455815196, 0.0644481554627, 0.0960049852729, 0.0671824589372, 0.0638037621975, 0.0736007243395, 0.0552469789982, 0.0843785405159, 0.181045785546, 0.207204461098, 0.174688473344, 0.148214519024, 0.0893656164408, 0.0528068803251, 0.0545521080494, 0.092671841383, 0.234921619296, 0.299139976501, 0.211224481463, 0.156486108899, 0.0986436605453, 0.0434954576194, 0.0378696024418, 0.0386210568249, 0.0388398207724, 0.0530829913914, 0.0662973597646, 0.0588655024767, 0.0580768100917, 0.0718530416489, 0.112309262156, 0.230155736208],
        "var": [0.130362525582, 0.0495252646506, 0.0132472030818, 0.00544055039063, 0.00447065103799, 0.0223000012338, 0.0476193353534, 0.0213909242302, 0.0269796196371, 0.0290998518467, 0.0175520665944, 0.0270446874201, 0.0805966556072, 0.09205391258, 0.0721529647708, 0.0782773718238, 0.0384036004543, 0.0247761495411, 0.0279094893485, 0.0426739677787, 0.108349643648, 0.149137541652, 0.0742112547159, 0.0753568634391, 0.0319982841611, 0.0139094078913, 0.0126146748662, 0.014328982681, 0.0145391337574, 0.0228521805257, 0.030308816582, 0.0272061154246, 0.0257250927389, 0.0288148336112, 0.0484905466437, 0.106266997755]
    },
    "chords_histogram": [26.851852417, 5.34979438782, 5.55555534363, 2.46913576126, 0, 0, 0.102880656719, 0.823045253754, 4.21810722351, 0.720164597034, 0.308641970158, 0, 0, 0, 0, 7.51028823853, 4.73251008987, 30.7613162994, 3.90946507454, 1.54320991039, 0, 2.57201647758, 0.720164597034, 1.85185182095],
    "thpcp": [1, 0.706105828285, 0.523119986057, 0.329757541418, 0.14540168643, 0.126594930887, 0.129106968641, 0.12983828783, 0.177452012897, 0.221626549959, 0.196782469749, 0.194145932794, 0.240198731422, 0.375440508127, 0.769391417503, 0.867551207542, 0.428194314241, 0.130899652839, 0.0762687847018, 0.0720250830054, 0.215444803238, 0.320936650038, 0.224585354328, 0.213290661573, 0.246041089296, 0.184686049819, 0.282070428133, 0.605220973492, 0.692667245865, 0.583968997002, 0.495468765497, 0.298741817474, 0.17652900517, 0.182363152504, 0.30979424715, 0.785323381424],
    "chords_key": "A",
    "chords_scale": "minor",
    "key_key": "A",
    "key_scale": "major"
}
}