{
"lowlevel": {
    "average_loudness": 0.702556967735,
    "barkbands_crest": {
        "mean": 17.1537513733,
        "var": 27.4381961823
    },
    "barkbands_flatness_db": {
        "mean": 0.520824372768,
        "var": 0.00299734785222
    },
    "barkbands_kurtosis": {
        "mean": 12.7518806458,
        "var": 725.31829834
    },
    "barkbands_skewness": {
        "mean": -0.195200681686,
        "var": 2.57856988907
    },
    "barkbands_spread": {
        "mean": 2.77187800407,
        "var": 5.55087280273
    },
    "dissonance": {
        "mean": 0.284368336201,
        "var": 0.0118583170697
    },
    "dynamic_complexity": 4.47782564163,
    "erbbands_crest": {
        "mean": 19.5685482025,
        "var": 25.2944087982
    },
    "erbbands_flatness_db": {
        "mean": 0.48752194643,
        "var": 0.00309141213074
    },
    "erbbands_kurtosis": {
        "mean": 8.40822219849,
        "var": 73.1376571655
    },
    "erbbands_skewness": {
        "mean": 1.02541542053,
        "var": 1.69787704945
    },
    "erbbands_spread": {
        "mean": 3.5813100338,
        "var": 9.44845485687
    },
    "hfc": {
        "mean": 7.4695482254,
        "var": 75.981628418
    },
    "melbands_crest": {
        "mean": 17.7582683563,
        "var": 30.0308856964
    },
    "melbands_flatness_db": {
        "mean": 0.645701169968,
        "var": 0.00368861085735
    },
    "melbands_kurtosis": {
        "mean": 6.26819801331,
        "var": 82.1288452148
    },
    "melbands_skewness": {
        "mean": -0.04735692963,
        "var": 1.85514473915
    },
    "melbands_spread": {
        "mean": 4.14454030991,
        "var": 36.0726470947
    },
    "pitch_salience": {
        "mean": 0.383197963238,
        "var": 0.0191218145192
    },
    "silence_rate_20dB": {
        "mean": 1,
        "var": 0
    },
    "silence_rate_30dB": {
        "mean": 0.99433863163,
        "var": 0.00562934717163
    },
    "silence_rate_60dB": {
        "mean": 0.174472466111,
        "var": 0.144027233124
    },
    "spectral_centroid": {
        "mean": 422.216827393,
        "var": 125800.84375
    },
    "spectral_complexity": {
        "mean": 5.19711780548,
        "var": 6.92097854614
    },
    "spectral_decrease": {
        "mean": -5.37279865043e-009,
        "var": 2.8443101671e-017
    },
    "spectral_energy": {
        "mean": 0.0209556818008,
        "var": 0.000434606481576
    },
    "spectral_energyband_high": {
        "mean": 1.15988010307e-008,
        "var": 5.63600635329e-016
    },
    "spectral_energyband_low": {
        "mean": 0.00530557567254,
        "var": 8.92606913112e-005
    },
    "spectral_energyband_middle_high": {
        "mean": 0.000219495181227,
        "var": 7.39961478757e-008
    },
    "spectral_energyband_middle_low": {
        "mean": 0.0159095451236,
        "var": 0.000331021437887
    },
    "spectral_entropy": {
        "mean": 4.53736209869,
        "var": 0.272371590137
    },
    "spectral_flux": {
        "mean": 0.0259815007448,
        "var": 0.000818810716737
    },
    "spectral_kurtosis": {
        "mean": 321.777740479,
        "var": 20222.0976563
    },
    "spectral_rms": {
        "mean": 0.00395667599514,
        "var": 4.78929632663e-006
    },
    "spectral_rolloff": {
        "mean": 476.836547852,
        "var": 658063.8125
    },
    "spectral_skewness": {
        "mean": 14.6568784714,
        "var": 9.27155971527
    },
    "spectral_spread": {
        "mean": 745298.375,
        "var": 1.87973828608e+012
    },
    "spectral_strongpeak": {
        "mean": 1.36808109283,
        "var": 1.5225943327
    },
    "zerocrossingrate": {
        "mean": 0.0180860087276,
        "var": 0.000472071464173
    },
    "barkbands": {
        "mean": [1.17139393296e-006, 0.00449586939067, 0.000397239229642, 0.000623849628028, 0.000333525036694, 0.00340681546368, 0.0100979004055, 0.000649616529699, 0.000654039904475, 0.000182551229955, 7.58988462621e-005, 2.08298697544e-005, 8.20267723611e-006, 5.09692563355e-006, 1.54295105403e-006, 4.59469362113e-007, 8.07112883194e-007, 1.79792650101e-007, 6.85676795342e-008, 1.70158749313e-008, 3.79031295239e-009, 1.46061507333e-009, 9.98048310663e-010, 9.32951937926e-010, 9.19490317219e-010, 9.1261720403e-010, 9.1172563943e-010],
        "var": [1.48025064428e-011, 6.79303630022e-005, 5.25420205122e-007, 1.17703189062e-006, 7.4088944757e-007, 2.70707187155e-005, 0.000261447450612, 1.1260303836e-005, 1.35595137181e-005, 1.00290357352e-007, 2.55328558296e-008, 1.7368522176e-009, 5.9946075881e-010, 5.09136788285e-010, 4.13297694679e-011, 4.11097588263e-012, 8.10300698068e-012, 4.56891902784e-013, 6.19361468579e-014, 5.71822582977e-015, 2.29970345152e-016, 7.50190859758e-018, 3.77103948483e-018, 3.36890252811e-018, 3.25963817305e-018, 2.9846506638e-018, 2.7216502424e-018]
    },
    "erbbands": {
        "mean": [0.057206813246, 1.209841609, 1.16439175606, 1.4454318285, 0.854832530022, 1.46488046646, 10.6896438599, 31.5552024841, 103.120567322, 107.596832275, 27.2919597626, 12.7916231155, 7.02762651443, 4.02065324783, 1.34372901917, 1.04544079304, 0.433828860521, 0.357730805874, 0.0901449769735, 0.0737696960568, 0.0368077270687, 0.0328526198864, 0.0146822845563, 0.00419591413811, 0.00250203628093, 0.000761941249948, 0.000242390146013, 8.86064590304e-005, 6.07147158007e-005, 4.59984257759e-005, 3.71107125829e-005, 3.12744086841e-005, 2.65149228653e-005, 2.21359678108e-005, 1.78924237844e-005, 1.31755841721e-005, 7.61834189689e-006, 1.50969754031e-006, 9.86017494142e-006, 2.32734273595e-005],
        "var": [0.011037543416, 4.90876245499, 4.31516122818, 6.16726970673, 1.94819819927, 5.78964662552, 1041.58972168, 2469.34985352, 18542.921875, 39511.578125, 14065.046875, 3134.11791992, 148.59967041, 39.4095344543, 5.78373861313, 4.15265893936, 1.11538171768, 1.40794241428, 0.0706579759717, 0.0637927651405, 0.00933761522174, 0.0199379362166, 0.00260226218961, 0.000201335788006, 8.8585416961e-005, 6.68162374495e-006, 8.28200256819e-007, 3.70612838196e-008, 1.10517470731e-008, 6.10296568837e-009, 3.40789374498e-009, 2.06475880837e-009, 1.32292687915e-009, 7.63042962149e-010, 4.06689515398e-010, 1.95031657491e-010, 6.151585491e-011, 3.14406682113e-012, 9.69763297443e-011, 5.38843247799e-010]
    },
    "gfcc": {
        "mean": [-302.227355957, 264.308013916, -44.8408470154, -70.4810409546, -37.6699104309, -20.7949485779, -19.0470123291, 1.63808369637, 9.18114376068, 2.83875846863, 11.9978132248, -0.143933430314, 1.31803357601],
        "cov": [[6936.42871094, 480.678436279, -891.54119873, 104.06565094, 250.945510864, -529.624328613, 88.7682113647, 295.606262207, -86.3929977417, -97.4181060791, 169.224060059, -101.536323547, -124.964897156], [480.678436279, 698.811828613, 423.487731934, 126.309501648, 228.636550903, 130.278076172, -6.06208610535, -99.1253128052, -120.54209137, -124.131912231, -71.9116744995, -36.2642478943, 56.4293746948], [-891.54119873, 423.487731934, 1169.77172852, 339.402282715, -7.32647371292, 319.7550354, 86.93775177, -165.181335449, -103.310928345, -127.56186676, -147.179580688, -46.297088623, 31.0810813904], [104.06565094, 126.309501648, 339.402282715, 379.091003418, 153.213897705, 134.957336426, 54.605091095, -59.3027687073, -83.277305603, -50.8702163696, -54.326625824, -42.3091430664, -11.2097473145], [250.945510864, 228.636550903, -7.32647371292, 153.213897705, 307.593658447, 69.0625, -10.3730735779, -14.6989870071, -57.3833236694, -36.6173210144, -3.72010087967, -24.2238025665, 2.64931750298], [-529.624328613, 130.278076172, 319.7550354, 134.957336426, 69.0625, 203.019424438, 38.2577438354, -74.612739563, -30.1965503693, -25.2174377441, -53.7086753845, -7.58370304108, 14.5579423904], [88.7682113647, -6.06208610535, 86.93775177, 54.605091095, -10.3730735779, 38.2577438354, 96.4068908691, 45.3575897217, -7.79547595978, -13.617603302, -1.28602433205, -4.11527585983, -6.16586828232], [295.606262207, -99.1253128052, -165.181335449, -59.3027687073, -14.6989870071, -74.612739563, 45.3575897217, 132.40284729, 66.4734039307, 16.3660373688, 30.1774349213, 10.2247409821, -25.6019630432], [-86.3929977417, -120.54209137, -103.310928345, -83.277305603, -57.3833236694, -30.1965503693, -7.79547595978, 66.4734039307, 99.1348342896, 51.7810325623, 10.8703641891, 8.48436164856, -22.8466777802], [-97.4181060791, -124.131912231, -127.56186676, -50.8702163696, -36.6173210144, -25.2174377441, -13.617603302, 16.3660373688, 51.7810325623, 78.7306442261, 45.1771240234, 2.07411837578, -29.9949264526], [169.224060059, -71.9116744995, -147.179580688, -54.326625824, -3.72010087967, -53.7086753845, -1.28602433205, 30.1774349213, 10.8703641891, 45.1771240234, 84.5997467041, 31.468624115, -20.4831047058], [-101.536323547, -36.2642478943, -46.297088623, -42.3091430664, -24.2238025665, -7.58370304108, -4.11527585983, 10.2247409821, 8.48436164856, 2.07411837578, 31.468624115, 61.8934402466, 32.3317298889], [-124.964897156, 56.4293746948, 31.0810813904, -11.2097473145, 2.64931750298, 14.5579423904, -6.16586828232, -25.6019630432, -22.8466777802, -29.9949264526, -20.4831047058, 32.3317298889, 69.603012085]],
        "icov": [[0.000489637895953, -0.00108618661761, 0.0010076854378, -0.00139514962211, 0.000922606210224, 0.00101671216544, -0.00131759559736, 0.00143600418232, -0.00293386843987, 0.00352246477269, -0.00320640183054, 0.00210314174183, -0.000116838462418], [-0.00108618661761, 0.00655337329954, -0.00409780303016, 0.00518179032952, -0.00570441223681, -0.00154365017079, 0.00282101030461, -0.00187257537618, 0.00602384377271, -0.00411110417917, 0.00478960154578, -0.00133022386581, -0.00226459768601], [0.0010076854378, -0.00409780303016, 0.00603602267802, -0.0060838535428, 0.00632048444822, -0.0024791797623, -0.00288800266571, 0.00570402806625, -0.0118386065587, 0.0152988135815, -0.0127257872373, 0.00910854060203, -0.00169264676515], [-0.00139514962211, 0.00518179032952, -0.0060838535428, 0.0127769717947, -0.00997733138502, 0.00163232197519, -0.0017568244366, -0.00289149209857, 0.0168394539505, -0.0194764453918, 0.0222774595022, -0.0154454261065, 0.00775252375752], [0.000922606210224, -0.00570441223681, 0.00632048444822, -0.00997733138502, 0.0178780406713, -0.0139229772612, 0.0143414512277, -0.0132349729538, -0.00124557572417, 0.014781313017, -0.0235845874995, 0.0216998755932, -0.0105737168342], [0.00101671216544, -0.00154365017079, -0.0024791797623, 0.00163232197519, -0.0139229772612, 0.0350005924702, -0.0332441478968, 0.0345433391631, -0.0190947018564, -0.00442264042795, 0.0209245197475, -0.026074225083, 0.0175133030862], [-0.00131759559736, 0.00282101030461, -0.00288800266571, -0.0017568244366, 0.0143414512277, -0.0332441478968, 0.0597030185163, -0.061183065176, 0.0460521355271, -0.0176528152078, -0.00635159015656, 0.0183001421392, -0.0173156112432], [0.00143600418232, -0.00187257537618, 0.00570402806625, -0.00289149209857, -0.0132349729538, 0.0345433391631, -0.061183065176, 0.0902179256082, -0.0825598835945, 0.0538182370365, -0.0225791465491, -0.00187957135495, 0.0124483807012], [-0.00293386843987, 0.00602384377271, -0.0118386065587, 0.0168394539505, -0.00124557572417, -0.0190947018564, 0.0460521355271, -0.0825598835945, 0.12175873667, -0.102169603109, 0.0800213515759, -0.047718949616, 0.0172527134418], [0.00352246477269, -0.00411110417917, 0.0152988135815, -0.0194764453918, 0.014781313017, -0.00442264042795, -0.0176528152078, 0.0538182370365, -0.102169603109, 0.132596209645, -0.110033459961, 0.0755516439676, -0.0255878474563], [-0.00320640183054, 0.00478960154578, -0.0127257872373, 0.0222774595022, -0.0235845874995, 0.0209245197475, -0.00635159015656, -0.0225791465491, 0.0800213515759, -0.110033459961, 0.135315254331, -0.104699589312, 0.0545881167054], [0.00210314174183, -0.00133022386581, 0.00910854060203, -0.0154454261065, 0.0216998755932, -0.026074225083, 0.0183001421392, -0.00187957135495, -0.047718949616, 0.0755516439676, -0.104699589312, 0.111448310316, -0.0618290789425], [-0.000116838462418, -0.00226459768601, -0.00169264676515, 0.00775252375752, -0.0105737168342, 0.0175133030862, -0.0173156112432, 0.0124483807012, 0.0172527134418, -0.0255878474563, 0.0545881167054, -0.0618290789425, 0.057203438133]]
    },
    "melbands": {
        "mean": [0.000954585906584, 0.00106462847907, 0.000223204726353, 6.16464822087e-005, 0.000294977100566, 0.000695417576935, 0.00188384647481, 0.000946978630964, 0.000214174069697, 6.79765362293e-005, 3.23641033901e-005, 1.46932661664e-005, 6.19326601736e-006, 2.57703891293e-006, 1.43045213008e-006, 1.02600267837e-006, 6.35746687294e-007, 1.40492517176e-007, 1.29770228341e-007, 6.22332123612e-008, 4.42024337133e-008, 4.55376678588e-008, 1.26905419506e-008, 8.0467392749e-009, 3.27684368528e-009, 1.34610422808e-009, 1.60085400491e-009, 2.40100772597e-010, 1.77691500403e-010, 5.39122357868e-011, 4.3139308098e-011, 3.06745150114e-011, 2.45419448652e-011, 1.94133476655e-011, 1.6167466671e-011, 1.38327639274e-011, 1.20921692798e-011, 1.06521545057e-011, 9.43596416281e-012, 8.39409271258e-012],
        "var": [3.06663582705e-006, 3.70837210539e-006, 1.47296603359e-007, 8.42881586749e-009, 7.43655107271e-007, 1.11113592993e-006, 7.10061885911e-006, 3.11157782562e-006, 1.21915763884e-006, 8.56714095221e-008, 3.64777053008e-009, 5.80920367366e-010, 1.42351949672e-010, 2.1117090715e-011, 1.13561113638e-011, 1.08132383256e-011, 6.97759124785e-012, 2.46590101853e-013, 5.03550543277e-013, 3.16312189115e-014, 1.51543189754e-014, 3.37526806905e-014, 2.92018970786e-015, 1.03712418716e-015, 1.7734830419e-016, 2.87369625467e-017, 3.23876116836e-017, 7.71788100942e-019, 5.81197726196e-019, 1.68146996942e-020, 9.63664767389e-021, 3.09658131925e-021, 2.41965172379e-021, 1.46783795445e-021, 1.0140592114e-021, 6.8157339873e-022, 5.52055211329e-022, 4.52872550131e-022, 3.68287753673e-022, 2.7799188194e-022]
    },
    "mfcc": {
        "mean": [-906.638916016, 237.007049561, 74.6612854004, -8.05182552338, -14.8593349457, -11.8116493225, -10.6879796982, -4.19200897217, 0.650992035866, 1.92522609234, 5.54585456848, 12.18567276, 16.0211601257],
        "cov": [[2294.86816406, 1544.11694336, -604.625, -370.899963379, 309.325805664, 36.7269973755, -117.249519348, 55.4170265198, 22.4852848053, -73.7908401489, -30.8908920288, 74.2213821411, 87.7888031006], [1544.11694336, 1237.54077148, -60.6496086121, -116.344688416, 208.51499939, 102.944328308, 8.74494361877, 69.9428100586, 30.9214382172, -52.6324691772, -51.8505744934, 0.254307538271, 2.40882062912], [-604.625, -60.6496086121, 805.758056641, 417.161315918, -36.4351463318, 135.093536377, 215.406204224, 64.3025054932, 15.1859111786, 16.3558063507, -44.1694374084, -124.408195496, -141.543304443], [-370.899963379, -116.344688416, 417.161315918, 343.771148682, 86.2194747925, 100.018409729, 145.416229248, 56.2577629089, 0.761131584644, 14.9155445099, -16.602848053, -85.6817321777, -94.9287643433], [309.325805664, 208.51499939, -36.4351463318, 86.2194747925, 215.490982056, 130.682373047, 42.061378479, 23.3878822327, 8.48240852356, -3.74880385399, -15.8176031113, -24.267950058, -20.4084472656], [36.7269973755, 102.944328308, 135.093536377, 100.018409729, 130.682373047, 172.432434082, 103.082336426, 16.0516872406, 2.42675065994, 1.56802666187, -26.4150867462, -46.3916969299, -41.3309288025], [-117.249519348, 8.74494361877, 215.406204224, 145.416229248, 42.061378479, 103.082336426, 142.433135986, 62.0279312134, -1.64150905609, -3.02349686623, -18.674621582, -48.8738746643, -45.4778251648], [55.4170265198, 69.9428100586, 64.3025054932, 56.2577629089, 23.3878822327, 16.0516872406, 62.0279312134, 84.2865447998, 42.0795326233, -5.56473731995, -15.7543029785, -4.91176891327, 2.63258552551], [22.4852848053, 30.9214382172, 15.1859111786, 0.761131584644, 8.48240852356, 2.42675065994, -1.64150905609, 42.0795326233, 68.6762084961, 26.5422897339, -8.91950130463, 4.16398143768, 15.2485246658], [-73.7908401489, -52.6324691772, 16.3558063507, 14.9155445099, -3.74880385399, 1.56802666187, -3.02349686623, -5.56473731995, 26.5422897339, 52.5726318359, 32.8157958984, 0.978567898273, -7.55099201202], [-30.8908920288, -51.8505744934, -44.1694374084, -16.602848053, -15.8176031113, -26.4150867462, -18.674621582, -15.7543029785, -8.91950130463, 32.8157958984, 68.2797393799, 47.860748291, 9.92179965973], [74.2213821411, 0.254307538271, -124.408195496, -85.6817321777, -24.267950058, -46.3916969299, -48.8738746643, -4.91176891327, 4.16398143768, 0.978567898273, 47.860748291, 90.8868942261, 71.4903640747], [87.7888031006, 2.40882062912, -141.543304443, -94.9287643433, -20.4084472656, -41.3309288025, -45.4778251648, 2.63258552551, 15.2485246658, -7.55099201202, 9.92179965973, 71.4903640747, 104.944908142]],
        "icov": [[-129.216720581, 179.770004272, -170.915145874, 156.38079834, -136.788909912, 113.410881042, -88.1678390503, 63.350769043, -41.2687225342, 23.6326332092, -11.3772439957, 4.24019908905, -0.946731388569], [179.770004272, -247.132858276, 226.874786377, -196.329238892, 159.632598877, -121.355628967, 85.6360321045, -55.4950065613, 32.4970245361, -16.7460403442, 7.27221441269, -2.44909000397, 0.500447630882], [-170.915145874, 226.874786377, -185.966964722, 128.769241333, -68.1107330322, 15.9737920761, 19.6879367828, -36.4402389526, 37.2554168701, -28.2482204437, 16.547410965, -7.15180397034, 1.77852809429], [156.38079834, -196.329238892, 128.769241333, -37.1947402954, -54.2659111023, 124.028366089, -159.188644409, 158.041976929, -129.501419067, 87.7874450684, -48.1072692871, 19.9031963348, -4.81076192856], [-136.788909912, 159.632598877, -68.1107330322, -54.2659111023, 173.130371094, -258.124053955, 291.848419189, -273.298370361, 216.832977295, -144.18170166, 78.049407959, -32.0408058167, 7.71873521805], [113.410881042, -121.355628967, 15.9737920761, 124.028366089, -258.124053955, 350.726776123, -381.740264893, 350.63092041, -275.193389893, 181.869873047, -98.1302871704, 40.2481002808, -9.709856987], [-88.1678390503, 85.6360321045, 19.6879367828, -159.188644409, 291.848419189, -381.740264893, 408.685882568, -372.299072266, 291.004089355, -192.008178711, 103.615730286, -42.5819015503, 10.3162298203], [63.350769043, -55.4950065613, -36.4402389526, 158.041976929, -273.298370361, 350.63092041, -372.299072266, 337.960327148, -263.877502441, 174.21661377, -94.2062835693, 38.8718109131, -9.47849845886], [-41.2687225342, 32.4970245361, 37.2554168701, -129.501419067, 216.832977295, -275.193389893, 291.004089355, -263.877502441, 206.217041016, -136.453842163, 74.0699691772, -30.7556095123, 7.56196403503], [23.6326332092, -16.7460403442, -28.2482204437, 87.7874450684, -144.18170166, 181.869873047, -192.008178711, 174.21661377, -136.453842163, 90.6542282104, -49.4894485474, 20.7346916199, -5.16099882126], [-11.3772439957, 7.27221441269, 16.547410965, -48.1072692871, 78.049407959, -98.1302871704, 103.615730286, -94.2062835693, 74.0699691772, -49.4894485474, 27.2728614807, -11.5879764557, 2.94101595879], [4.24019908905, -2.44909000397, -7.15180397034, 19.9031963348, -32.0408058167, 40.2481002808, -42.5819015503, 38.8718109131, -30.7556095123, 20.7346916199, -11.5879764557, 5.05055189133, -1.32518327236], [-0.946731388569, 0.500447630882, 1.77852809429, -4.81076192856, 7.71873521805, -9.709856987, 10.3162298203, -9.47849845886, 7.56196403503, -5.16099882126, 2.94101595879, -1.32518327236, 0.377025067806]]
    },
    "spectral_contrast_coeffs": {
        "mean": [-0.719276428223, -0.555996596813, -0.69247841835, -0.742788076401, -0.798215389252, -0.935379505157],
        "var": [0.00405902555212, 0.00871917232871, 0.0042448095046, 0.00216099014506, 0.00348879257217, 0.0010578680085]
    },
    "spectral_contrast_valleys": {
        "mean": [-8.24619102478, -7.59729385376, -9.4888677597, -11.783744812, -13.3835601807, -14.642619133],
        "var": [1.59065902233, 1.07152688503, 1.13314008713, 1.1614741087, 0.853183507919, 1.47189831734]
    }
},
"metadata": {
    "audio_properties": {
        "analysis_sample_rate": 44100,
        "bit_rate": 85965,
        "equal_loudness": 0,
        "length": 45.0873451233,
        "lossless": 0,
        "replay_gain": -11.2781963348,
        "sample_rate": 44100,
        "codec": "mp3",
        "downmix": "mix",
        "md5_encoded": "6d0941f3dded897ca89d69726d4767cd"
    },
    "tags": {
        "file_name": "176.mp3"
    },
    "version": {
        "essentia": "2.1-beta2",
        "essentia_git_sha": "v2.1_beta2",
        "extractor": "music 1.0"
    }
},
"rhythm": {
    "beats_count": 89,
    "beats_loudness": {
        "mean": 0.0306555628777,
        "var": 0.000625058775768
    },
    "bpm": 120.150390625,
    "bpm_histogram_first_peak_bpm": {
        "mean": 120,
        "var": 0
    },
    "bpm_histogram_first_peak_spread": {
        "mean": 0.512195169926,
        "var": 0
    },
    "bpm_histogram_first_peak_weight": {
        "mean": 0.454545468092,
        "var": 0
    },
    "bpm_histogram_second_peak_bpm": {
        "mean": 115,
        "var": 0
    },
    "bpm_histogram_second_peak_spread": {
        "mean": 0.333333343267,
        "var": 0
    },
    "bpm_histogram_second_peak_weight": {
        "mean": 0.0454545468092,
        "var": 0
    },
    "danceability": 0.934667885303,
    "onset_rate": 1.50760138035,
    "beats_loudness_band_ratio": {
        "mean": [0.224530011415, 0.352136790752, 0.531086266041, 0.011342111975, 0.000264149071882, 7.60104285291e-006],
        "var": [0.0642839744687, 0.0868555530906, 0.0928787589073, 0.00011326961976, 3.12934446356e-007, 1.28585586623e-010]
    },
    "beats_position": [0.522448956966, 1.05650794506, 1.57895684242, 2.11301589012, 2.61224484444, 3.12308382988, 3.63392281532, 4.14476203918, 4.63238096237, 5.13160991669, 5.61922883987, 6.13006782532, 6.62929677963, 7.12852573395, 7.65097475052, 8.15020370483, 8.64943313599, 9.14866161346, 9.64789104462, 10.1587295532, 10.6579589844, 11.1571884155, 11.656416893, 12.144036293, 12.6548748016, 13.1657142639, 13.6649427414, 14.1525621414, 14.6401815414, 15.1394100189, 15.6386394501, 16.1378688812, 16.637096405, 17.1363258362, 17.6355552673, 18.1347846985, 18.6224040985, 19.1332416534, 19.6440811157, 20.154920578, 20.642539978, 21.1301574707, 21.6293869019, 22.128616333, 22.6278457642, 23.1270751953, 23.6379127502, 24.1487522125, 24.6479816437, 25.1472110748, 25.6464385986, 26.1456680298, 26.6448974609, 27.1441268921, 27.6317462921, 28.1193637848, 28.6302032471, 29.1410427094, 29.6518821716, 30.1511096954, 30.6619491577, 31.1611785889, 31.6487979889, 32.1364173889, 32.6240348816, 33.1232643127, 33.6224937439, 34.1333312988, 34.6441726685, 35.1434020996, 35.6542396545, 36.1534690857, 36.6410865784, 37.1287078857, 37.6163253784, 38.1271629333, 38.6263923645, 39.1256217957, 39.6480712891, 40.1473007202, 40.6349182129, 41.134147644, 41.6565971375, 42.1442184448, 42.6318359375, 43.1194534302, 43.6302947998, 44.1411323547, 44.6403617859]
},
"tonal": {
    "chords_changes_rate": 0.0329218097031,
    "chords_number_rate": 0.00823045242578,
    "chords_strength": {
        "mean": 0.481208354235,
        "var": 0.00955012626946
    },
    "hpcp_entropy": {
        "mean": 0.885353267193,
        "var": 0.41673669219
    },
    "key_strength": 0.753224432468,
    "tuning_diatonic_strength": 0.48080009222,
    "tuning_equal_tempered_deviation": 0.0344930142164,
    "tuning_frequency": 439.745910645,
    "tuning_nontempered_energy_ratio": 0.608842849731,
    "hpcp": {
        "mean": [0.187340736389, 0.109703734517, 0.169771060348, 0.326981395483, 0.16468000412, 0.00259763048962, 0.000746151723433, 0.000857418694068, 0.00950086396188, 0.0215342380106, 0.014099673368, 0.00269896234386, 0.00142744136974, 0.00133731949609, 0.0196464303881, 0.0440762899816, 0.076361015439, 0.34678798914, 0.450035333633, 0.160400554538, 0.00740569131449, 0.00299576669931, 0.00436255056411, 0.0575532577932, 0.111618876457, 0.0584327206016, 0.00232964288443, 0.00214680959471, 0.00609873980284, 0.16020399332, 0.300821661949, 0.149994239211, 0.00576640758663, 0.00117424840573, 0.00138939986937, 0.0839248672128],
        "var": [0.119828872383, 0.0401176586747, 0.0486291199923, 0.173513457179, 0.0445884875953, 0.000487452489324, 5.57480088901e-005, 3.24752109009e-005, 0.00397788686678, 0.0195959117264, 0.00795302633196, 6.27334520686e-005, 1.87231380551e-005, 0.000101803954749, 0.00821918807924, 0.0328418500721, 0.0198354311287, 0.119456253946, 0.17928545177, 0.0311332792044, 0.00173668575007, 0.000712775974534, 0.00108544458635, 0.0172421541065, 0.0641437992454, 0.0191766582429, 0.000167305101058, 0.00088397593936, 0.0023039386142, 0.0506692379713, 0.167112842202, 0.0466367565095, 0.00227744155563, 0.000172368352651, 0.000301721913274, 0.0251766946167]
    },
    "chords_histogram": [28.7037029266, 0, 16.2551441193, 11.4197530746, 6.48148155212, 0, 0, 0, 0, 0, 3.08641982079, 0, 0, 0, 0, 0, 0, 0.617283940315, 0, 1.13168728352, 0, 2.16049385071, 0, 30.144033432],
    "thpcp": [1, 0.356417685747, 0.0164557993412, 0.00665673660114, 0.00969379581511, 0.127886086702, 0.248022466898, 0.129840299487, 0.00517657771707, 0.0047703133896, 0.0135516906157, 0.355980932713, 0.668440103531, 0.33329436183, 0.0128132328391, 0.00260923593305, 0.00308731291443, 0.18648506701, 0.416280061007, 0.24376693368, 0.377239406109, 0.726568281651, 0.365926831961, 0.00577205885202, 0.00165798480157, 0.00190522533376, 0.0211113728583, 0.0478501059115, 0.0313301458955, 0.0059972233139, 0.0031718427781, 0.00297158770263, 0.0436553061008, 0.0979396179318, 0.169677823782, 0.770579457283],
    "chords_key": "C",
    "chords_scale": "minor",
    "key_key": "D#",
    "key_scale": "major"
}
}