{
"lowlevel": {
    "average_loudness": 0.940223157406,
    "barkbands_crest": {
        "mean": 11.7301492691,
        "var": 26.8301486969
    },
    "barkbands_flatness_db": {
        "mean": 0.144754081964,
        "var": 0.00356911215931
    },
    "barkbands_kurtosis": {
        "mean": 9.65073204041,
        "var": 388.493560791
    },
    "barkbands_skewness": {
        "mean": 2.23787641525,
        "var": 3.57026815414
    },
    "barkbands_spread": {
        "mean": 24.7315635681,
        "var": 241.237884521
    },
    "dissonance": {
        "mean": 0.473529279232,
        "var": 0.000355767726433
    },
    "dynamic_complexity": 3.2865190506,
    "erbbands_crest": {
        "mean": 7.25585842133,
        "var": 11.5139932632
    },
    "erbbands_flatness_db": {
        "mean": 0.139251902699,
        "var": 0.000796112755779
    },
    "erbbands_kurtosis": {
        "mean": -0.165204584599,
        "var": 2.2637834549
    },
    "erbbands_skewness": {
        "mean": 0.0650349855423,
        "var": 0.657115757465
    },
    "erbbands_spread": {
        "mean": 54.9066467285,
        "var": 549.438903809
    },
    "hfc": {
        "mean": 16.1838321686,
        "var": 219.757507324
    },
    "melbands_crest": {
        "mean": 15.6106491089,
        "var": 28.4884872437
    },
    "melbands_flatness_db": {
        "mean": 0.201843738556,
        "var": 0.00667331833392
    },
    "melbands_kurtosis": {
        "mean": 35.303401947,
        "var": 2902.42407227
    },
    "melbands_skewness": {
        "mean": 4.15370368958,
        "var": 7.73865270615
    },
    "melbands_spread": {
        "mean": 23.5343856812,
        "var": 422.638977051
    },
    "pitch_salience": {
        "mean": 0.51776188612,
        "var": 0.0186145678163
    },
    "silence_rate_20dB": {
        "mean": 1,
        "var": 0
    },
    "silence_rate_30dB": {
        "mean": 0.994335711002,
        "var": 0.0056323222816
    },
    "silence_rate_60dB": {
        "mean": 0.0648815631866,
        "var": 0.0606731399894
    },
    "spectral_centroid": {
        "mean": 1571.3918457,
        "var": 687874.875
    },
    "spectral_complexity": {
        "mean": 15.7440786362,
        "var": 107.010063171
    },
    "spectral_decrease": {
        "mean": -7.08211711498e-009,
        "var": 4.38431532688e-017
    },
    "spectral_energy": {
        "mean": 0.0281974729151,
        "var": 0.000664290448185
    },
    "spectral_energyband_high": {
        "mean": 0.000915597192943,
        "var": 1.01016883036e-006
    },
    "spectral_energyband_low": {
        "mean": 0.0124871367589,
        "var": 0.000227957061725
    },
    "spectral_energyband_middle_high": {
        "mean": 0.00388496066444,
        "var": 2.58105101238e-005
    },
    "spectral_energyband_middle_low": {
        "mean": 0.0129858171567,
        "var": 0.000348083092831
    },
    "spectral_entropy": {
        "mean": 7.63520097733,
        "var": 0.138968989253
    },
    "spectral_flux": {
        "mean": 0.0915217623115,
        "var": 0.00337983062491
    },
    "spectral_kurtosis": {
        "mean": 2.33531045914,
        "var": 2.03112363815
    },
    "spectral_rms": {
        "mean": 0.00469748303294,
        "var": 5.44340718989e-006
    },
    "spectral_rolloff": {
        "mean": 1513.05419922,
        "var": 2537131.25
    },
    "spectral_skewness": {
        "mean": 1.10275995731,
        "var": 0.109770707786
    },
    "spectral_spread": {
        "mean": 4741449.5,
        "var": 1.58986220339e+012
    },
    "spectral_strongpeak": {
        "mean": 0.699219822884,
        "var": 0.968727946281
    },
    "zerocrossingrate": {
        "mean": 0.0610763914883,
        "var": 0.00128409487661
    },
    "barkbands": {
        "mean": [2.47513216891e-005, 0.00678127445281, 0.00369683699682, 0.00397715810686, 0.00599991763011, 0.00115610461216, 0.00043320140685, 0.000491057813633, 0.000767836521845, 0.000700047821738, 0.000523534079548, 0.000483064475702, 0.000434733723523, 0.000350457063178, 0.000276639446383, 0.000328985566739, 0.000203819014132, 0.000271514843917, 0.000272877368843, 0.000219547611778, 0.000374202791136, 0.000192814812181, 0.000131343433168, 7.21526448615e-005, 2.74534522759e-005, 5.77093669563e-006, 4.11200119288e-007],
        "var": [3.15497694636e-009, 0.000108053012809, 4.11123837694e-005, 6.04689521424e-005, 0.000155091416673, 4.96669008498e-006, 4.84942745516e-007, 8.62474848873e-007, 2.72291686088e-006, 2.05526794161e-006, 1.25719861899e-006, 8.47209491894e-007, 8.76561671248e-007, 3.82383689157e-007, 2.92138707891e-007, 3.69727302996e-007, 1.10621222404e-007, 2.16372939121e-007, 2.01754573936e-007, 1.15388679944e-007, 2.73958136177e-007, 5.19019955902e-008, 7.18012458378e-008, 2.05437462597e-008, 1.94440019641e-009, 8.88602455507e-011, 1.65082910449e-012]
    },
    "erbbands": {
        "mean": [0.10353308171, 1.84733557701, 4.41338920593, 9.65853786469, 22.0888462067, 16.4093494415, 7.11883401871, 10.6609640121, 5.00326871872, 11.0823392868, 10.2827692032, 17.4996566772, 21.6825008392, 21.0834579468, 21.3860626221, 18.8425540924, 21.7694530487, 17.8537540436, 17.3595161438, 15.5210180283, 16.3044967651, 11.9432268143, 15.7430334091, 12.9478673935, 13.1817331314, 10.612695694, 13.5328788757, 13.4489402771, 6.75421285629, 5.66138362885, 3.47700595856, 1.95795607567, 0.930744230747, 0.37371519208, 0.155324608088, 0.0431894548237, 0.00836621504277, 0.00162023212761, 6.41378937871e-005, 3.48899229721e-005],
        "var": [0.0205955803394, 7.89914608002, 46.1876602173, 311.837341309, 1783.32910156, 1087.28930664, 211.578933716, 501.588348389, 60.4143447876, 380.552276611, 341.465820313, 1379.31408691, 1987.06225586, 1705.23583984, 1896.72253418, 1054.8840332, 2030.5690918, 721.646972656, 750.915527344, 706.599487305, 810.822021484, 322.544403076, 825.751708984, 504.448516846, 344.808746338, 220.23147583, 270.636688232, 517.744689941, 63.3610076904, 61.3519363403, 55.0137748718, 19.0954017639, 2.75538825989, 0.407804489136, 0.0662914216518, 0.0067851296626, 0.000203161340323, 1.21936127471e-005, 1.5757786187e-008, 9.0197865843e-010]
    },
    "gfcc": {
        "mean": [-11.1485357285, 89.1595458984, -116.682479858, 57.2281532288, -64.6876678467, 21.4334049225, -28.2336463928, 2.3036980629, -26.2762374878, -2.50610780716, -18.7876281738, -3.99708461761, -9.33973312378],
        "cov": [[4454.14746094, 66.2471237183, -769.569702148, -497.818481445, -66.0025634766, -77.3584136963, -362.923736572, -107.234992981, -150.747329712, -121.427368164, -175.836090088, -103.359489441, -106.099143982], [66.2471237183, 800.285217285, 116.932983398, -7.88002824783, 228.118041992, -21.7854652405, 40.4183921814, -86.1560516357, 36.7883300781, -115.2629776, 42.9002113342, -117.48147583, 26.0541419983], [-769.569702148, 116.932983398, 938.655395508, 355.520233154, 76.5399475098, 68.4522171021, 114.88331604, -41.4925460815, 26.2172756195, 3.71555948257, -1.24559032917, 17.3324069977, -3.66611218452], [-497.818481445, -7.88002824783, 355.520233154, 378.070526123, 144.583282471, 73.2713012695, 112.928359985, 36.9066696167, 48.5034561157, 42.8515701294, 48.9546852112, 6.22546815872, -5.32870817184], [-66.0025634766, 228.118041992, 76.5399475098, 144.583282471, 302.36428833, 89.9867172241, 89.73072052, 23.380361557, 49.846031189, -9.68817424774, 45.2476654053, -48.3496170044, -17.0517101288], [-77.3584136963, -21.7854652405, 68.4522171021, 73.2713012695, 89.9867172241, 153.646697998, 96.6682357788, 59.1830673218, 44.034778595, 23.8283042908, 25.3887519836, 6.98135614395, 1.31205141544], [-362.923736572, 40.4183921814, 114.88331604, 112.928359985, 89.73072052, 96.6682357788, 164.047470093, 65.0999832153, 56.1612472534, 28.050693512, 32.1836051941, 11.9826555252, 13.2111330032], [-107.234992981, -86.1560516357, -41.4925460815, 36.9066696167, 23.380361557, 59.1830673218, 65.0999832153, 128.533050537, 50.3344268799, 58.3502731323, 35.2329063416, 29.5441360474, 8.39318466187], [-150.747329712, 36.7883300781, 26.2172756195, 48.5034561157, 49.846031189, 44.034778595, 56.1612472534, 50.3344268799, 92.8958892822, 36.4746322632, 41.7813911438, 11.6259460449, 4.72550344467], [-121.427368164, -115.2629776, 3.71555948257, 42.8515701294, -9.68817424774, 23.8283042908, 28.050693512, 58.3502731323, 36.4746322632, 113.789131165, 38.0755195618, 49.9539718628, 10.4689741135], [-175.836090088, 42.9002113342, -1.24559032917, 48.9546852112, 45.2476654053, 25.3887519836, 32.1836051941, 35.2329063416, 41.7813911438, 38.0755195618, 90.2944030762, 30.1719970703, 17.3963336945], [-103.359489441, -117.48147583, 17.3324069977, 6.22546815872, -48.3496170044, 6.98135614395, 11.9826555252, 29.5441360474, 11.6259460449, 49.9539718628, 30.1719970703, 96.6956481934, 26.037820816], [-106.099143982, 26.0541419983, -3.66611218452, -5.32870817184, -17.0517101288, 1.31205141544, 13.2111330032, 8.39318466187, 4.72550344467, 10.4689741135, 17.3963336945, 26.037820816, 59.7370986938]],
        "icov": [[0.000378500844818, -0.00029478315264, 0.000279643718386, -1.82496557954e-006, -2.73011410172e-005, -0.00065877113957, 0.000959851488005, -0.000147689337609, 0.00020094338106, -0.000131659704493, 0.000779739639256, -0.000401256314944, 0.000587977992836], [-0.00029478315264, 0.00390011677518, -0.00125844310969, 0.00219299411401, -0.00276888278313, 0.00286579597741, -0.00209943484515, 0.00167511391919, -0.00182797934394, 0.00208281050436, -0.00359895057045, 0.0039018637035, -0.00360362883657], [0.000279643718386, -0.00125844310969, 0.00252065248787, -0.00266438396648, 0.00127916224301, -0.00161005114205, 0.000393713678932, 0.00111899129115, 0.000112579233246, -0.00031029220554, 0.00237310817465, -0.00211446126923, 0.0013947946718], [-1.82496557954e-006, 0.00219299411401, -0.00266438396648, 0.00728132482618, -0.00350262853317, 0.00210174149834, -0.00231578364037, 6.52650996926e-005, -0.000209056946915, -0.000493477273267, -0.00344933243468, 0.00268184277229, -0.00107813475188], [-2.73011410172e-005, -0.00276888278313, 0.00127916224301, -0.00350262853317, 0.00829684268683, -0.00392246711999, -0.000277534563793, -0.000199102592887, 0.000338429119438, -0.000317913276376, -0.000551323930267, 0.000498941517435, 0.00344103481621], [-0.00065877113957, 0.00286579597741, -0.00161005114205, 0.00210174149834, -0.00392246711999, 0.0144656533375, -0.00731091527268, -0.00153723463882, -0.00182038592175, 0.00141884188633, -0.00278450641781, 0.00225090864114, -0.00221069972031], [0.000959851488005, -0.00209943484515, 0.000393713678932, -0.00231578364037, -0.000277534563793, -0.00731091527268, 0.0163237378001, -0.00439070444554, -0.00182749039959, -8.37190746097e-005, 0.00404829112813, -0.00264724716544, -0.00033959094435], [-0.000147689337609, 0.00167511391919, 0.00111899129115, 6.52650996926e-005, -0.000199102592887, -0.00153723463882, -0.00439070444554, 0.0156854912639, -0.00415558693931, -0.00338515592739, -0.00175613479223, 0.000488883350044, -0.000954000046477], [0.00020094338106, -0.00182797934394, 0.000112579233246, -0.000209056946915, 0.000338429119438, -0.00182038592175, -0.00182749039959, -0.00415558693931, 0.018865890801, -0.00353660690598, -0.0036738414783, -0.00019773117674, 0.00255050580017], [-0.000131659704493, 0.00208281050436, -0.00031029220554, -0.000493477273267, -0.000317913276376, 0.00141884188633, -8.37190746097e-005, -0.00338515592739, -0.00353660690598, 0.0163486041129, -0.00385347334668, -0.00333034759387, -0.000844631693326], [0.000779739639256, -0.00359895057045, 0.00237310817465, -0.00344933243468, -0.000551323930267, -0.00278450641781, 0.00404829112813, -0.00175613479223, -0.0036738414783, -0.00385347334668, 0.0226330012083, -0.00843906775117, 0.000100987082988], [-0.000401256314944, 0.0039018637035, -0.00211446126923, 0.00268184277229, 0.000498941517435, 0.00225090864114, -0.00264724716544, 0.000488883350044, -0.00019773117674, -0.00333034759387, -0.00843906775117, 0.021680990234, -0.0080885514617], [0.000587977992836, -0.00360362883657, 0.0013947946718, -0.00107813475188, 0.00344103481621, -0.00221069972031, -0.00033959094435, -0.000954000046477, 0.00255050580017, -0.000844631693326, 0.000100987082988, -0.0080885514617, 0.0240278299898]]
    },
    "melbands": {
        "mean": [0.00150667026173, 0.00246382458135, 0.00201441114768, 0.00158859661315, 0.00028186768759, 0.000227024516789, 8.12602665974e-005, 0.000123111516587, 8.24342059786e-005, 0.000115687005746, 0.00011006330169, 8.74934266903e-005, 7.01796452631e-005, 5.72376011405e-005, 3.71184505639e-005, 5.22780210304e-005, 3.12840093102e-005, 2.93859266094e-005, 2.01948150789e-005, 2.4706545446e-005, 1.72900308826e-005, 1.23539666674e-005, 1.48497847476e-005, 1.07305768324e-005, 1.03676293293e-005, 1.07394416773e-005, 8.0235013229e-006, 6.47516253593e-006, 9.45341980696e-006, 8.46477178129e-006, 6.39814834358e-006, 3.30668194692e-006, 4.54790051663e-006, 2.7908768061e-006, 2.57304282059e-006, 8.30297096854e-007, 1.2839404917e-006, 6.33146214568e-007, 4.33075456385e-007, 2.70200132491e-007],
        "var": [4.94400592288e-006, 1.19835021906e-005, 9.84310372587e-006, 1.03572356238e-005, 3.18483472483e-007, 2.14383817365e-007, 1.46058152239e-008, 4.69418175442e-008, 2.61766892606e-008, 6.3445142473e-008, 5.4540105765e-008, 3.03028393489e-008, 2.33887575973e-008, 1.13698108706e-008, 4.71280614533e-009, 1.39808333799e-008, 2.93990454203e-009, 2.45019693423e-009, 2.22273754957e-009, 2.66858468656e-009, 1.100014968e-009, 4.24801499532e-010, 7.95286447808e-010, 2.72123712453e-010, 4.28758528681e-010, 2.69776812001e-010, 1.93119326086e-010, 9.99650640043e-011, 1.69211145096e-010, 1.77397069256e-010, 1.08561312717e-010, 2.18496852555e-011, 4.47965137207e-011, 2.43480201279e-011, 4.41661603123e-011, 1.02839622668e-012, 1.16625710825e-011, 1.44910125566e-012, 4.80244750217e-013, 2.77822171735e-013]
    },
    "mfcc": {
        "mean": [-647.014282227, 104.144241333, 9.60546875, 35.8549423218, -4.38903045654, 18.1593055725, 4.52282905579, 7.21476411819, 1.15306985378, 0.463044017553, -2.69719815254, -3.47234272957, -6.18483018875],
        "cov": [[4330.39599609, 120.731651306, -884.036193848, -540.204406738, -39.6359214783, -243.921127319, -210.136154175, -153.024047852, -114.940216064, -108.074768066, -134.819854736, -125.738021851, -19.5506038666], [120.731651306, 723.811279297, 13.1648321152, 17.4575042725, 125.894500732, 45.8418579102, 29.5020904541, 5.22996044159, -4.52707052231, -19.5322265625, -0.990057349205, -50.6918258667, -7.81250715256], [-884.036193848, 13.1648321152, 718.913208008, 265.01751709, 53.4310913086, 141.975967407, 46.3410224915, 52.6292076111, 24.69115448, 24.1677074432, 10.7185287476, 25.7427120209, -41.8863143921], [-540.204406738, 17.4575042725, 265.01751709, 331.522705078, 127.8097229, 110.049407959, 79.3064956665, 38.9083061218, 24.1104450226, 37.4070777893, 47.4255828857, 44.3057746887, 6.97229337692], [-39.6359214783, 125.894500732, 53.4310913086, 127.8097229, 205.837036133, 89.3270874023, 75.279335022, 41.8651008606, 14.4122924805, 39.4190139771, 29.770652771, 32.9956855774, 15.9951152802], [-243.921127319, 45.8418579102, 141.975967407, 110.049407959, 89.3270874023, 152.365905762, 76.9899291992, 54.4943656921, 36.9850845337, 33.7890510559, 28.0899753571, 36.2224349976, 6.86148548126], [-210.136154175, 29.5020904541, 46.3410224915, 79.3064956665, 75.279335022, 76.9899291992, 132.662261963, 63.3674201965, 48.7529602051, 39.2551612854, 36.0006713867, 38.7106285095, 18.583234787], [-153.024047852, 5.22996044159, 52.6292076111, 38.9083061218, 41.8651008606, 54.4943656921, 63.3674201965, 106.181030273, 43.8818054199, 43.8657798767, 25.990398407, 22.6896476746, 22.7754573822], [-114.940216064, -4.52707052231, 24.69115448, 24.1104450226, 14.4122924805, 36.9850845337, 48.7529602051, 43.8818054199, 85.774887085, 38.2890205383, 27.3246860504, 23.8569068909, 8.97216892242], [-108.074768066, -19.5322265625, 24.1677074432, 37.4070777893, 39.4190139771, 33.7890510559, 39.2551612854, 43.8657798767, 38.2890205383, 89.9054336548, 44.280670166, 32.468837738, 22.5425357819], [-134.819854736, -0.990057349205, 10.7185287476, 47.4255828857, 29.770652771, 28.0899753571, 36.0006713867, 25.990398407, 27.3246860504, 44.280670166, 82.5865402222, 39.8147506714, 38.8859329224], [-125.738021851, -50.6918258667, 25.7427120209, 44.3057746887, 32.9956855774, 36.2224349976, 38.7106285095, 22.6896476746, 23.8569068909, 32.468837738, 39.8147506714, 88.9038314819, 29.0890598297], [-19.5506038666, -7.81250715256, -41.8863143921, 6.97229337692, 15.9951152802, 6.86148548126, 18.583234787, 22.7754573822, 8.97216892242, 22.5425357819, 38.8859329224, 29.0890598297, 81.4749832153]],
        "icov": [[0.000370052468497, -4.54504288427e-006, 0.000311495619826, 0.00037989919656, -0.000452636770206, 4.91591345053e-006, 0.000344714528183, 0.000109645035991, -9.50734602156e-007, 3.18286802212e-005, 0.000241061410634, 9.7914453363e-005, 3.64515544788e-005], [-4.54504288427e-006, 0.00179496547207, -0.000143687298987, 0.000521437847055, -0.00155358051416, -0.000245284114499, -0.000171435705852, 0.0002339714556, -0.000256420928054, 0.000849355186801, -0.000726853962988, 0.00160033407155, -7.93357321527e-005], [0.000311495619826, -0.000143687298987, 0.00274111540057, -0.00169867754448, 0.000834540755022, -0.00170521624386, 0.00117114931345, -0.000868098344654, 0.000273323646979, -0.000195565997274, 0.000651265843771, -0.000232811406022, 0.00136715639383], [0.00037989919656, 0.000521437847055, -0.00169867754448, 0.00679951300845, -0.00352310901508, -0.000631803879514, -0.00101285672281, 0.00130085961428, 0.000194779524463, 0.000629578076769, -0.00206420430914, 0.000255229475442, -3.34056881002e-006], [-0.000452636770206, -0.00155358051416, 0.000834540755022, -0.00352310901508, 0.0104684550315, -0.00301101431251, -0.00237677036785, -0.000728056766093, 0.00267698103562, -0.00278110266663, 0.00108177028596, -0.00162184808869, -4.55811787106e-005], [4.91591345053e-006, -0.000245284114499, -0.00170521624386, -0.000631803879514, -0.00301101431251, 0.0134755261242, -0.00327092432417, -0.0019873783458, -0.00155385700054, 0.000483855983475, -6.37667326373e-005, -0.00168772530742, 0.000583185465075], [0.000344714528183, -0.000171435705852, 0.00117114931345, -0.00101285672281, -0.00237677036785, -0.00327092432417, 0.0157271288335, -0.00467805564404, -0.00395529065281, 0.000855813384987, -0.000905575288925, -0.00190208817367, 0.000527776486706], [0.000109645035991, 0.0002339714556, -0.000868098344654, 0.00130085961428, -0.000728056766093, -0.0019873783458, -0.00467805564404, 0.0168985296041, -0.00369666237384, -0.00415237061679, 0.00155396980699, 0.00170206069015, -0.00364876864478], [-9.50734602156e-007, -0.000256420928054, 0.000273323646979, 0.000194779524463, 0.00267698103562, -0.00155385700054, -0.00395529065281, -0.00369666237384, 0.0185286104679, -0.00429269298911, -0.00194005132653, -0.00126195896883, 0.00216364883818], [3.18286802212e-005, 0.000849355186801, -0.000195565997274, 0.000629578076769, -0.00278110266663, 0.000483855983475, 0.000855813384987, -0.00415237061679, -0.00429269298911, 0.0194897316396, -0.00715171219781, -0.00105958268978, 0.000277376006125], [0.000241061410634, -0.000726853962988, 0.000651265843771, -0.00206420430914, 0.00108177028596, -6.37667326373e-005, -0.000905575288925, 0.00155396980699, -0.00194005132653, -0.00715171219781, 0.0231632906944, -0.00449898932129, -0.0071918303147], [9.7914453363e-005, 0.00160033407155, -0.000232811406022, 0.000255229475442, -0.00162184808869, -0.00168772530742, -0.00190208817367, 0.00170206069015, -0.00126195896883, -0.00105958268978, -0.00449898932129, 0.0177433826029, -0.00330154434778], [3.64515544788e-005, -7.93357321527e-005, 0.00136715639383, -3.34056881002e-006, -4.55811787106e-005, 0.000583185465075, 0.000527776486706, -0.00364876864478, 0.00216364883818, 0.000277376006125, -0.0071918303147, -0.00330154434778, 0.0181336384267]]
    },
    "spectral_contrast_coeffs": {
        "mean": [-0.618898451328, -0.762361824512, -0.775644481182, -0.794191420078, -0.786784589291, -0.716602146626],
        "var": [0.012265983969, 0.00379402306862, 0.00483531830832, 0.00513337738812, 0.00291868392378, 0.00095321086701]
    },
    "spectral_contrast_valleys": {
        "mean": [-7.27947330475, -7.03061294556, -7.44177484512, -7.88032102585, -7.6152472496, -10.2558927536],
        "var": [0.918234109879, 0.796839773655, 0.767766237259, 0.762252449989, 0.625690042973, 0.592001676559]
    }
},
"metadata": {
    "audio_properties": {
        "analysis_sample_rate": 44100,
        "bit_rate": 128074,
        "equal_loudness": 0,
        "length": 45.0612258911,
        "lossless": 0,
        "replay_gain": -5.49848365784,
        "sample_rate": 44100,
        "codec": "mp3",
        "downmix": "mix",
        "md5_encoded": "fc2cc8e220af20300f5a94009dc3a15b"
    },
    "tags": {
        "file_name": "1761.mp3"
    },
    "version": {
        "essentia": "2.1-beta2",
        "essentia_git_sha": "v2.1_beta2",
        "extractor": "music 1.0"
    }
},
"rhythm": {
    "beats_count": 84,
    "beats_loudness": {
        "mean": 0.0382023975253,
        "var": 0.000407956453273
    },
    "bpm": 112.495704651,
    "bpm_histogram_first_peak_bpm": {
        "mean": 112,
        "var": 0
    },
    "bpm_histogram_first_peak_spread": {
        "mean": 0.387500017881,
        "var": 0
    },
    "bpm_histogram_first_peak_weight": {
        "mean": 0.59036141634,
        "var": 0
    },
    "bpm_histogram_second_peak_bpm": {
        "mean": 117,
        "var": 0
    },
    "bpm_histogram_second_peak_spread": {
        "mean": 0,
        "var": 0
    },
    "bpm_histogram_second_peak_weight": {
        "mean": 0.0361445769668,
        "var": 0
    },
    "danceability": 1.42382454872,
    "onset_rate": 4.23676729202,
    "beats_loudness_band_ratio": {
        "mean": [0.512940704823, 0.270116537809, 0.0850428119302, 0.0846676677465, 0.0487554259598, 0.101916156709],
        "var": [0.0712141171098, 0.0300996676087, 0.00667909299955, 0.00589965097606, 0.00188887468539, 0.00874703098089]
    },
    "beats_position": [0.510838985443, 1.03328800201, 1.5673469305, 2.10140585899, 2.6470746994, 3.20435357094, 3.76163268089, 4.29569149017, 4.82975053787, 5.38702917099, 5.92108821869, 6.45514726639, 6.97759628296, 7.50004529953, 8.0224943161, 8.54494285583, 9.05578231812, 9.56662082672, 10.077460289, 10.6115188599, 11.1455783844, 11.6796369553, 12.202085495, 12.7245349884, 13.2469835281, 13.7694330215, 14.2918815613, 14.8143310547, 15.3483896255, 15.8824491501, 16.4165077209, 16.9389572144, 17.4614048004, 17.9838542938, 18.5063037872, 19.0287532806, 19.5512008667, 20.0852603912, 20.6077098846, 21.1417675018, 21.6642169952, 22.1982765198, 22.7323360443, 23.2780036926, 23.8236732483, 24.369342804, 24.9034004211, 25.4490699768, 25.9831295013, 26.5171871185, 27.0512466431, 27.5853061676, 28.1193637848, 28.6534233093, 29.199092865, 29.7447605133, 30.2788200378, 30.8128795624, 31.3469390869, 31.8809967041, 32.4150543213, 32.9491157532, 33.4831733704, 34.0172348022, 34.5629005432, 35.1085700989, 35.6426315308, 36.1766891479, 36.7107467651, 37.244808197, 37.7788658142, 38.3129234314, 38.8469848633, 39.3810424805, 39.9151000977, 40.4491615295, 40.9832191467, 41.5172767639, 42.0513381958, 42.585395813, 43.1194534302, 43.6535148621, 44.1875724792, 44.7216300964]
},
"tonal": {
    "chords_changes_rate": 0.0802469104528,
    "chords_number_rate": 0.0123456791043,
    "chords_strength": {
        "mean": 0.498821169138,
        "var": 0.00607269769534
    },
    "hpcp_entropy": {
        "mean": 2.30012965202,
        "var": 0.49107798934
    },
    "key_strength": 0.634328424931,
    "tuning_diatonic_strength": 0.519262194633,
    "tuning_equal_tempered_deviation": 0.12528385222,
    "tuning_frequency": 438.984558105,
    "tuning_nontempered_energy_ratio": 0.813852012157,
    "hpcp": {
        "mean": [0.131371021271, 0.0914749205112, 0.0998990312219, 0.127847284079, 0.110447652638, 0.0885300412774, 0.0941388383508, 0.0800407603383, 0.0893702059984, 0.153111115098, 0.194632694125, 0.182374417782, 0.155199483037, 0.127645879984, 0.139755442739, 0.199742853642, 0.218924954534, 0.205815166235, 0.193340823054, 0.157834455371, 0.113832131028, 0.0759125128388, 0.0640337988734, 0.109175331891, 0.148163825274, 0.122987784445, 0.110891520977, 0.106129325926, 0.0855388864875, 0.105062812567, 0.126515820622, 0.130861982703, 0.197128891945, 0.214971289039, 0.160035759211, 0.153702914715],
        "var": [0.0452482178807, 0.025775147602, 0.0342620499432, 0.0599746704102, 0.0404572598636, 0.0215143896639, 0.0289760362357, 0.0194922666997, 0.0227994862944, 0.0597265027463, 0.0847151502967, 0.0772293657064, 0.0644619762897, 0.0524763390422, 0.0549038611352, 0.092150054872, 0.0983286052942, 0.078889735043, 0.066904976964, 0.0537700392306, 0.0424719713628, 0.0261309910566, 0.0186536666006, 0.0361337438226, 0.0590881258249, 0.0357685051858, 0.0361000709236, 0.0379679016769, 0.0294130835682, 0.0423115491867, 0.0590661764145, 0.0440664514899, 0.0872109532356, 0.0978829041123, 0.061060141772, 0.0603296048939]
    },
    "chords_histogram": [12.7572011948, 0.514403283596, 3.70370364189, 4.73251008987, 3.60082316399, 4.42386817932, 0, 0.925925910473, 0, 0, 4.93827152252, 0, 1.85185182095, 9.87654304504, 0, 0.102880656719, 0, 3.49794244766, 0, 0, 0, 7.20164632797, 14.8148145676, 27.0576133728],
    "thpcp": [1, 0.940117418766, 0.883137464523, 0.72095233202, 0.519959568977, 0.346751302481, 0.292492002249, 0.498688369989, 0.676779031754, 0.561780571938, 0.506527543068, 0.484774917364, 0.390722423792, 0.479903310537, 0.577895820141, 0.597748160362, 0.900440454483, 0.981940567493, 0.731007397175, 0.702080368996, 0.60007327795, 0.417836874723, 0.456316322088, 0.583977639675, 0.504500031471, 0.404385328293, 0.430005073547, 0.365608215332, 0.408223032951, 0.699377179146, 0.889038383961, 0.833045363426, 0.7089163661, 0.583057701588, 0.63837146759, 0.912380456924],
    "chords_key": "F",
    "chords_scale": "minor",
    "key_key": "G#",
    "key_scale": "major"
}
}