{
"lowlevel": {
    "average_loudness": 0.975412011147,
    "barkbands_crest": {
        "mean": 11.350569725,
        "var": 17.7901878357
    },
    "barkbands_flatness_db": {
        "mean": 0.194173082709,
        "var": 0.00462166080251
    },
    "barkbands_kurtosis": {
        "mean": 6.77889204025,
        "var": 69.6449661255
    },
    "barkbands_skewness": {
        "mean": 1.57331442833,
        "var": 1.11510789394
    },
    "barkbands_spread": {
        "mean": 11.0073041916,
        "var": 86.4541397095
    },
    "dissonance": {
        "mean": 0.42778968811,
        "var": 0.00247061369009
    },
    "dynamic_complexity": 2.23227739334,
    "erbbands_crest": {
        "mean": 10.8981256485,
        "var": 20.3776130676
    },
    "erbbands_flatness_db": {
        "mean": 0.200357705355,
        "var": 0.00297952094115
    },
    "erbbands_kurtosis": {
        "mean": 2.89975476265,
        "var": 21.313079834
    },
    "erbbands_skewness": {
        "mean": 1.13097846508,
        "var": 0.77779006958
    },
    "erbbands_spread": {
        "mean": 23.5688667297,
        "var": 225.733032227
    },
    "hfc": {
        "mean": 15.3807964325,
        "var": 221.788345337
    },
    "melbands_crest": {
        "mean": 13.6397981644,
        "var": 20.0924568176
    },
    "melbands_flatness_db": {
        "mean": 0.280053555965,
        "var": 0.00776973040774
    },
    "melbands_kurtosis": {
        "mean": 10.3769855499,
        "var": 131.453338623
    },
    "melbands_skewness": {
        "mean": 1.95793414116,
        "var": 1.47669625282
    },
    "melbands_spread": {
        "mean": 12.2594556808,
        "var": 110.096588135
    },
    "pitch_salience": {
        "mean": 0.558484137058,
        "var": 0.0136035224423
    },
    "silence_rate_20dB": {
        "mean": 1,
        "var": 0
    },
    "silence_rate_30dB": {
        "mean": 0.989186406136,
        "var": 0.0106964185834
    },
    "silence_rate_60dB": {
        "mean": 0.0164778586477,
        "var": 0.0162056945264
    },
    "spectral_centroid": {
        "mean": 707.157470703,
        "var": 205013.0625
    },
    "spectral_complexity": {
        "mean": 14.485581398,
        "var": 86.840637207
    },
    "spectral_decrease": {
        "mean": -8.59642135254e-009,
        "var": 3.91283329651e-017
    },
    "spectral_energy": {
        "mean": 0.0338399372995,
        "var": 0.000588966766372
    },
    "spectral_energyband_high": {
        "mean": 0.000381338380976,
        "var": 7.10919891844e-007
    },
    "spectral_energyband_low": {
        "mean": 0.0115611832589,
        "var": 0.00030834050267
    },
    "spectral_energyband_middle_high": {
        "mean": 0.0042942003347,
        "var": 4.66617748316e-005
    },
    "spectral_energyband_middle_low": {
        "mean": 0.0190924629569,
        "var": 0.000190806604223
    },
    "spectral_entropy": {
        "mean": 6.87114810944,
        "var": 0.502435028553
    },
    "spectral_flux": {
        "mean": 0.0880414322019,
        "var": 0.00302229146473
    },
    "spectral_kurtosis": {
        "mean": 13.1639375687,
        "var": 172.473403931
    },
    "spectral_rms": {
        "mean": 0.00539082800969,
        "var": 3.95357756133e-006
    },
    "spectral_rolloff": {
        "mean": 793.64465332,
        "var": 982311.5625
    },
    "spectral_skewness": {
        "mean": 2.66816687584,
        "var": 1.68657839298
    },
    "spectral_spread": {
        "mean": 3678140.25,
        "var": 3.50861079347e+012
    },
    "spectral_strongpeak": {
        "mean": 0.869454681873,
        "var": 0.772610366344
    },
    "zerocrossingrate": {
        "mean": 0.0348467379808,
        "var": 0.0007670072373
    },
    "barkbands": {
        "mean": [0.000159761460964, 0.00833425763994, 0.0019332485972, 0.00188982428517, 0.00583682954311, 0.00557838287205, 0.00344217312522, 0.00100220052991, 0.000703293713741, 0.00127793021966, 0.00111616984941, 0.000413252040744, 0.000678529439028, 0.000326033536112, 0.000251192774158, 0.000190864127944, 8.79307917785e-005, 9.00331870071e-005, 0.000100676523289, 0.000101005593024, 0.000102356680145, 9.93950670818e-005, 5.64276815567e-005, 2.95057034236e-005, 1.91854142031e-005, 1.69238592207e-005, 2.60545971287e-006],
        "var": [6.5077024658e-008, 0.000212147366256, 2.00613540073e-005, 2.51083401963e-005, 4.66202800453e-005, 3.03488941427e-005, 1.16587598313e-005, 4.44704392066e-006, 1.02973990579e-006, 3.91010826206e-006, 9.54592542257e-006, 1.3041268403e-006, 2.22703670261e-006, 5.73987676944e-007, 4.25074432542e-007, 1.70182900661e-007, 3.14670600687e-008, 3.58055984861e-008, 4.96100902581e-008, 7.57534124318e-008, 7.52015978378e-008, 5.55941710445e-008, 3.42064190306e-008, 1.11010241e-008, 3.34218719367e-009, 1.45053764555e-008, 4.74504380232e-010]
    },
    "erbbands": {
        "mean": [0.185787722468, 2.03046679497, 2.75988745689, 4.96945810318, 6.47787761688, 24.8441696167, 38.1124000549, 49.1607131958, 55.6362838745, 35.5795822144, 14.4240913391, 19.3005828857, 33.4275016785, 36.9159355164, 40.4158592224, 21.2771472931, 30.2692642212, 19.5651550293, 12.6981687546, 15.5717182159, 8.11144065857, 5.05849742889, 4.94358587265, 5.6976518631, 4.75732135773, 4.90544748306, 4.62431907654, 3.52921652794, 3.75595068932, 2.36509752274, 1.52854192257, 0.805096566677, 0.401087105274, 0.212457492948, 0.138486564159, 0.0679641962051, 0.0324612781405, 0.00832147989422, 0.000266461342108, 4.39904142695e-005],
        "var": [0.107891358435, 13.1791791916, 30.1336994171, 149.364303589, 150.732635498, 915.332214355, 1825.06811523, 3134.39428711, 2980.11230469, 1722.07116699, 504.206359863, 732.694763184, 3894.58984375, 3113.59350586, 10926.8056641, 2851.51806641, 3650.06030273, 2169.50292969, 750.289794922, 1574.94970703, 369.946472168, 134.272003174, 92.9969406128, 188.072631836, 118.697509766, 165.859008789, 173.740661621, 71.9457092285, 87.984336853, 35.1467399597, 28.3982563019, 9.33455944061, 1.650811553, 0.369270056486, 0.22042696178, 0.166770637035, 0.0630635544658, 0.00407840963453, 3.860637662e-006, 2.28247376555e-009]
    },
    "gfcc": {
        "mean": [-31.2236747742, 131.814041138, -97.2111816406, 12.8559656143, -62.1691665649, 7.77400922775, -35.7125511169, -0.743690252304, -19.4381771088, 7.46169996262, -5.33578920364, 10.6318731308, -3.8336019516],
        "cov": [[4970.33984375, -1216.91906738, -854.63458252, 579.338867188, -227.67350769, 431.356079102, 70.3504486084, 131.601242065, -97.0372924805, 42.0101890564, -204.556289673, -119.556556702, -237.447128296], [-1216.91906738, 1300.58959961, 488.989746094, -296.104949951, 159.874237061, -195.225311279, 55.1782569885, -99.8944625854, 67.7912216187, -108.005859375, 125.119400024, -41.7775840759, 163.08807373], [-854.63458252, 488.989746094, 985.261047363, -238.753921509, 65.5690612793, -46.722278595, -111.659500122, 45.5315208435, -55.2517356873, -87.9262237549, -13.8957853317, -65.6572113037, -7.89222240448], [579.338867188, -296.104949951, -238.753921509, 395.671173096, -10.8853006363, 78.9636230469, 48.9440040588, 32.3089294434, 64.7585144043, 35.2409706116, -6.07716560364, -19.1025905609, -21.3509540558], [-227.67350769, 159.874237061, 65.5690612793, -10.8853006363, 255.603607178, -8.89287090302, 28.3806266785, 33.006362915, 36.3162345886, 35.3600311279, 19.3369541168, 6.34881544113, -0.770642578602], [431.356079102, -195.225311279, -46.722278595, 78.9636230469, -8.89287090302, 167.424453735, 37.4889297485, 41.4662361145, 14.0878925323, 18.9191894531, -30.2233085632, -21.1619796753, -37.4103393555], [70.3504486084, 55.1782569885, -111.659500122, 48.9440040588, 28.3806266785, 37.4889297485, 160.437271118, 23.6500301361, 60.9537162781, 35.426235199, 19.8439826965, 32.4294700623, 18.4812984467], [131.601242065, -99.8944625854, 45.5315208435, 32.3089294434, 33.006362915, 41.4662361145, 23.6500301361, 171.566619873, 45.6450042725, 28.4342212677, -2.24659180641, -4.79717350006, -37.2788314819], [-97.0372924805, 67.7912216187, -55.2517356873, 64.7585144043, 36.3162345886, 14.0878925323, 60.9537162781, 45.6450042725, 154.247421265, 76.117980957, 44.9269065857, 24.6648254395, 21.5332794189], [42.0101890564, -108.005859375, -87.9262237549, 35.2409706116, 35.3600311279, 18.9191894531, 35.426235199, 28.4342212677, 76.117980957, 131.250015259, 39.8447799683, 40.6673774719, -13.7756328583], [-204.556289673, 125.119400024, -13.8957853317, -6.07716560364, 19.3369541168, -30.2233085632, 19.8439826965, -2.24659180641, 44.9269065857, 39.8447799683, 98.7068786621, 36.3084526062, 32.9710578918], [-119.556556702, -41.7775840759, -65.6572113037, -19.1025905609, 6.34881544113, -21.1619796753, 32.4294700623, -4.79717350006, 24.6648254395, 40.6673774719, 36.3084526062, 107.939575195, 30.3806533813], [-237.447128296, 163.08807373, -7.89222240448, -21.3509540558, -0.770642578602, -37.4103393555, 18.4812984467, -37.2788314819, 21.5332794189, -13.7756328583, 32.9710578918, 30.3806533813, 100.293678284]],
        "icov": [[0.000398035190301, -0.000174857123056, 0.000327015179209, -0.000396507064579, 0.000290945405141, -0.000717593182344, 0.000130026732222, -0.000333482865244, 0.000632625306025, -0.000350947375409, 0.000471992825624, 2.41791076405e-006, 0.000414740119595], [-0.000174857123056, 0.00399213004857, -0.00146918557584, 0.00218020449392, -0.00188675231766, 0.00268552987836, -0.00313120963983, 0.00236716913059, -0.00365258287638, 0.00413103541359, -0.00421872315928, 0.00394782051444, -0.00257034157403], [0.000327015179209, -0.00146918557584, 0.00217116228305, -0.000174429660547, 0.000415109883761, -0.00147561181802, 0.0019189742161, -0.00163309881464, 0.00138461776078, -0.000782718299888, 0.00144898297731, -0.000703949190211, 0.00112122972496], [-0.000396507064579, 0.00218020449392, -0.000174429660547, 0.00495827104896, -0.0011346450774, 0.000840264488943, -0.0017132187495, 0.00127189909108, -0.00378757575527, 0.00274649355561, -0.00252951658331, 0.00300892884843, -0.00123845099006], [0.000290945405141, -0.00188675231766, 0.000415109883761, -0.0011346450774, 0.00540132634342, -0.00100356468465, 0.000603375199717, -0.00174371572211, 0.00176488072611, -0.00320942676626, 0.00199127336964, -0.00138803420123, 0.00140193023253], [-0.000717593182344, 0.00268552987836, -0.00147561181802, 0.000840264488943, -0.00100356468465, 0.010967168957, -0.00419915094972, 0.000887438305654, -0.00285844551399, 0.00165172386914, -0.00108079204801, 0.00360051402822, -0.000711102504283], [0.000130026732222, -0.00313120963983, 0.0019189742161, -0.0017132187495, 0.000603375199717, -0.00419915094972, 0.0112810535356, -0.00239690672606, 0.000389328110032, -0.00251800683327, 0.00309791532345, -0.0049384678714, 0.000702498480678], [-0.000333482865244, 0.00236716913059, -0.00163309881464, 0.00127189909108, -0.00174371572211, 0.000887438305654, -0.00239690672606, 0.00930856913328, -0.00503051094711, 0.0029327517841, -0.00255618500523, 0.0016589082079, 0.00154344039038], [0.000632625306025, -0.00365258287638, 0.00138461776078, -0.00378757575527, 0.00176488072611, -0.00285844551399, 0.000389328110032, -0.00503051094711, 0.0166628845036, -0.0102486042306, 0.00218426506035, -0.0018320728559, -0.00140268646646], [-0.000350947375409, 0.00413103541359, -0.000782718299888, 0.00274649355561, -0.00320942676626, 0.00165172386914, -0.00251800683327, 0.0029327517841, -0.0102486042306, 0.0193595197052, -0.00813381560147, -0.000375327013899, 0.0027673880104], [0.000471992825624, -0.00421872315928, 0.00144898297731, -0.00252951658331, 0.00199127336964, -0.00108079204801, 0.00309791532345, -0.00255618500523, 0.00218426506035, -0.00813381560147, 0.0198012236506, -0.00596343353391, -0.000645060965326], [2.41791076405e-006, 0.00394782051444, -0.000703949190211, 0.00300892884843, -0.00138803420123, 0.00360051402822, -0.0049384678714, 0.0016589082079, -0.0018320728559, -0.000375327013899, -0.00596343353391, 0.0174894016236, -0.0059652896598], [0.000414740119595, -0.00257034157403, 0.00112122972496, -0.00123845099006, 0.00140193023253, -0.000711102504283, 0.000702498480678, 0.00154344039038, -0.00140268646646, 0.0027673880104, -0.000645060965326, -0.0059652896598, 0.01784693636]]
    },
    "melbands": {
        "mean": [0.00210286513902, 0.00196937937289, 0.000849020085298, 0.00102241244167, 0.00141311693005, 0.00107038521674, 0.000821947993245, 0.000354496849468, 0.000110050183139, 0.000114330483484, 0.000163329867064, 0.00014158905833, 0.000163481163327, 5.00152091263e-005, 5.92578398937e-005, 6.48463683319e-005, 3.3764525142e-005, 2.15806885535e-005, 1.968050492e-005, 1.77478250407e-005, 7.88214583736e-006, 4.49504022981e-006, 5.78042954658e-006, 4.15407976107e-006, 4.7430394261e-006, 3.40017618328e-006, 3.22378764395e-006, 3.35031677423e-006, 2.5286969958e-006, 3.00595525005e-006, 1.75103639322e-006, 2.30754494623e-006, 1.6509230818e-006, 1.18774153179e-006, 9.32191994707e-007, 6.24239703484e-007, 4.41253263261e-007, 2.85617602458e-007, 2.17425437654e-007, 1.64355554944e-007],
        "var": [1.32335235321e-005, 1.15042603284e-005, 4.381153758e-006, 1.62262324466e-006, 2.26185147767e-006, 1.32736875003e-006, 6.62758111503e-007, 2.40094266246e-007, 2.81290777338e-008, 2.49737599489e-008, 9.76764624738e-008, 4.85310209797e-008, 2.22583096843e-007, 1.77772161436e-008, 1.44821896697e-008, 2.40907720439e-008, 6.68386190839e-009, 2.36238051343e-009, 3.00195379666e-009, 1.53788937141e-009, 3.98919175471e-010, 1.08731787463e-010, 1.33565353222e-010, 7.70705513298e-011, 1.43622738702e-010, 5.23862446478e-011, 7.13492945281e-011, 8.23182702558e-011, 4.83490504577e-011, 7.7147843669e-011, 1.51790854191e-011, 3.81735892896e-011, 1.40680080432e-011, 1.08076880778e-011, 1.03632614643e-011, 7.72875340116e-012, 2.51350416175e-012, 8.12773025965e-013, 4.69033015552e-013, 2.45915890732e-013]
    },
    "mfcc": {
        "mean": [-683.462219238, 167.84614563, 16.2734031677, 14.0776557922, -3.70659279823, 7.36106395721, -5.98864603043, -2.28223276138, -8.03012371063, -4.30663537979, -0.707044541836, -1.18041527271, 4.55131864548],
        "cov": [[5381.46923828, -1817.79260254, -793.054260254, 111.209396362, -260.22479248, 333.284973145, 82.8126525879, 166.542892456, 55.2127151489, 233.638336182, 110.18119812, 2.36309838295, -98.6541213989], [-1817.79260254, 1588.7746582, 417.037414551, -81.5084381104, 134.929397583, -151.110992432, 38.1113052368, -70.5556030273, -2.13762950897, -106.95980835, -63.3900375366, -9.03668117523, 6.96044540405], [-793.054260254, 417.037414551, 735.973144531, -71.7150344849, 116.728294373, -114.312606812, 11.3947544098, -7.82492017746, -10.2948551178, -18.8207073212, -39.1946601868, -44.0970306396, -51.9366416931], [111.209396362, -81.5084381104, -71.7150344849, 222.426498413, 25.1078090668, 39.5505599976, -3.28671336174, 24.0458660126, 21.508020401, 29.9952487946, 32.0220947266, 29.6490440369, 26.130771637], [-260.22479248, 134.929397583, 116.728294373, 25.1078090668, 210.323822021, -34.7117500305, 25.768075943, -8.09158420563, 4.64283943176, 32.4173355103, 12.3001995087, 9.70913124084, -11.1720352173], [333.284973145, -151.110992432, -114.312606812, 39.5505599976, -34.7117500305, 177.436965942, 7.53744602203, 4.86629247665, 23.5422515869, 18.5792236328, 12.2392196655, 26.8060779572, 24.4137077332], [82.8126525879, 38.1113052368, 11.3947544098, -3.28671336174, 25.768075943, 7.53744602203, 96.5498733521, 24.6177654266, 8.02088737488, 12.64204216, -4.49883937836, -1.2318738699, -12.4140357971], [166.542892456, -70.5556030273, -7.82492017746, 24.0458660126, -8.09158420563, 4.86629247665, 24.6177654266, 107.856895447, 39.1311798096, 29.8080673218, 30.400144577, -5.25752353668, 12.5970010757], [55.2127151489, -2.13762950897, -10.2948551178, 21.508020401, 4.64283943176, 23.5422515869, 8.02088737488, 39.1311798096, 102.539710999, 42.180683136, 16.5238189697, 27.4511833191, 20.9438648224], [233.638336182, -106.95980835, -18.8207073212, 29.9952487946, 32.4173355103, 18.5792236328, 12.64204216, 29.8080673218, 42.180683136, 121.254127502, 60.6308708191, 33.4624557495, 11.6440639496], [110.18119812, -63.3900375366, -39.1946601868, 32.0220947266, 12.3001995087, 12.2392196655, -4.49883937836, 30.400144577, 16.5238189697, 60.6308708191, 124.541915894, 31.3523693085, 25.6868686676], [2.36309838295, -9.03668117523, -44.0970306396, 29.6490440369, 9.70913124084, 26.8060779572, -1.2318738699, -5.25752353668, 27.4511833191, 33.4624557495, 31.3523693085, 108.21988678, 58.975566864], [-98.6541213989, 6.96044540405, -51.9366416931, 26.130771637, -11.1720352173, 24.4137077332, -12.4140357971, 12.5970010757, 20.9438648224, 11.6440639496, 25.6868686676, 58.975566864, 107.168716431]],
        "icov": [[0.000394091126509, 0.000313379743602, 0.000188989113667, 2.10948546737e-005, 0.000258347135969, -0.000318859732943, -0.000327275047312, -0.00027443759609, 8.5256411694e-005, -0.000458702008473, 3.71357309632e-005, -8.73338722158e-005, 0.00059512705775], [0.000313379743602, 0.00117218180094, -0.000239790213527, 0.000105826504296, -0.000153387096361, 0.000259980559349, -0.000855064659845, 0.000496424618177, -0.000576761725824, 0.00063010386657, -0.000152928187163, -4.54226465081e-005, -5.63710054848e-005], [0.000188989113667, -0.000239790213527, 0.00196957634762, 0.000407481828006, -0.000655885785818, 0.000370222696802, 0.000203306597541, -0.00061652919976, 8.98761791177e-005, -0.0004898221232, 0.000427024351666, 0.00015588880342, 0.000835521495901], [2.10948546737e-005, 0.000105826504296, 0.000407481828006, 0.00527544599026, -0.00111434492283, -0.000887286616489, 0.000684387807269, -0.00113202154171, -9.90394109976e-005, -9.79595643003e-005, -0.000406761886552, -0.000672191439662, -0.000280575972283], [0.000258347135969, -0.000153387096361, -0.000655885785818, -0.00111434492283, 0.00647631194443, 0.000696446106303, -0.00179218465928, 0.00104890193325, 0.000233403174207, -0.00228277500719, -0.000241486442974, -0.000485156167997, 0.000914503238164], [-0.000318859732943, 0.000259980559349, 0.000370222696802, -0.000887286616489, 0.000696446106303, 0.00745693128556, -0.00114603631664, 0.00148999609519, -0.00157908245455, 0.000345801294316, -2.93056928058e-005, -0.000385029095924, -0.00135873793624], [-0.000327275047312, -0.000855064659845, 0.000203306597541, 0.000684387807269, -0.00179218465928, -0.00114603631664, 0.0129578104243, -0.00411353399977, 0.00101967935916, -0.00102776684798, 0.00179507606663, -0.00129418517463, 0.00193900254089], [-0.00027443759609, 0.000496424618177, -0.00061652919976, -0.00113202154171, 0.00104890193325, 0.00148999609519, -0.00411353399977, 0.0145652005449, -0.00526944734156, -3.27228590322e-005, -0.00305206072517, 0.00436915177852, -0.00336574576795], [8.5256411694e-005, -0.000576761725824, 8.98761791177e-005, -9.90394109976e-005, 0.000233403174207, -0.00157908245455, 0.00101967935916, -0.00526944734156, 0.0142584331334, -0.00455878302455, 0.00214665941894, -0.00267367227934, -2.91678970825e-005], [-0.000458702008473, 0.00063010386657, -0.0004898221232, -9.79595643003e-005, -0.00228277500719, 0.000345801294316, -0.00102776684798, -3.27228590322e-005, -0.00455878302455, 0.0152943031862, -0.00564575754106, -0.00236332626082, 0.000774296349846], [3.71357309632e-005, -0.000152928187163, 0.000427024351666, -0.000406761886552, -0.000241486442974, -2.93056928058e-005, 0.00179507606663, -0.00305206072517, 0.00214665941894, -0.00564575754106, 0.0120534161106, -0.00162650749553, -0.000901628169231], [-8.73338722158e-005, -4.54226465081e-005, 0.00015588880342, -0.000672191439662, -0.000485156167997, -0.000385029095924, -0.00129418517463, 0.00436915177852, -0.00267367227934, -0.00236332626082, -0.00162650749553, 0.0161672327667, -0.00819212011993], [0.00059512705775, -5.63710054848e-005, 0.000835521495901, -0.000280575972283, 0.000914503238164, -0.00135873793624, 0.00193900254089, -0.00336574576795, -2.91678970825e-005, 0.000774296349846, -0.000901628169231, -0.00819212011993, 0.0160268563777]]
    },
    "spectral_contrast_coeffs": {
        "mean": [-0.622843027115, -0.64102602005, -0.742760837078, -0.781532883644, -0.806795418262, -0.775358378887],
        "var": [0.0080569749698, 0.00800903234631, 0.00462132645771, 0.00185090943705, 0.00174868910108, 0.00389125267975]
    },
    "spectral_contrast_valleys": {
        "mean": [-7.15007019043, -6.66837930679, -7.38132572174, -8.0433216095, -8.49555110931, -10.8944950104],
        "var": [0.690757274628, 0.66231316328, 0.809347569942, 1.06175076962, 1.21777057648, 0.978899300098]
    }
},
"metadata": {
    "audio_properties": {
        "analysis_sample_rate": 44100,
        "bit_rate": 128074,
        "equal_loudness": 0,
        "length": 45.0612258911,
        "lossless": 0,
        "replay_gain": -6.05332183838,
        "sample_rate": 44100,
        "codec": "mp3",
        "downmix": "mix",
        "md5_encoded": "add1e13d7d95c317f9f6082a25623bb5"
    },
    "tags": {
        "file_name": "1762.mp3"
    },
    "version": {
        "essentia": "2.1-beta2",
        "essentia_git_sha": "v2.1_beta2",
        "extractor": "music 1.0"
    }
},
"rhythm": {
    "beats_count": 66,
    "beats_loudness": {
        "mean": 0.0567925088108,
        "var": 0.000640675483737
    },
    "bpm": 89.941116333,
    "bpm_histogram_first_peak_bpm": {
        "mean": 91,
        "var": 0
    },
    "bpm_histogram_first_peak_spread": {
        "mean": 0.457627117634,
        "var": 0
    },
    "bpm_histogram_first_peak_weight": {
        "mean": 0.492307692766,
        "var": 0
    },
    "bpm_histogram_second_peak_bpm": {
        "mean": 83,
        "var": 0
    },
    "bpm_histogram_second_peak_spread": {
        "mean": 0.166666656733,
        "var": 0
    },
    "bpm_histogram_second_peak_weight": {
        "mean": 0.0769230797887,
        "var": 0
    },
    "danceability": 1.73195540905,
    "onset_rate": 4.32549524307,
    "beats_loudness_band_ratio": {
        "mean": [0.302949756384, 0.271601557732, 0.213263243437, 0.171449318528, 0.0574560314417, 0.0464586280286],
        "var": [0.0597719661891, 0.0286550801247, 0.0127885714173, 0.0164995100349, 0.00364129408263, 0.00219997996464]
    },
    "beats_position": [0.696598649025, 1.4164172411, 2.14784574509, 2.86766433716, 3.58748292923, 4.31891155243, 5.01551008224, 5.6888885498, 6.3622674942, 7.02403593063, 7.6858048439, 8.35918331146, 9.02095222473, 9.682721138, 10.3560991287, 11.0294780731, 11.6912469864, 12.3530158997, 13.0263938904, 13.6997728348, 14.361541748, 15.0233106613, 15.696688652, 16.3584575653, 17.0202255249, 17.693605423, 18.3553733826, 19.0287532806, 19.6905212402, 20.363899231, 21.0140590668, 21.6874370575, 22.3608150482, 23.0341949463, 23.6843528748, 24.3577327728, 25.0195007324, 25.681268692, 26.3546485901, 27.0280265808, 27.6897945404, 28.3515644073, 29.0249423981, 29.6983222961, 30.3600902557, 31.0218582153, 31.6952381134, 32.357006073, 33.0187759399, 33.6921539307, 34.3539237976, 35.0273017883, 35.6890678406, 36.362449646, 37.0242156982, 37.6859855652, 38.3593635559, 39.0327415466, 39.6945114136, 40.3562812805, 41.0296592712, 41.6914291382, 42.3531951904, 43.0265769958, 43.6883430481, 44.350112915]
},
"tonal": {
    "chords_changes_rate": 0.0442386828363,
    "chords_number_rate": 0.00720164598897,
    "chords_strength": {
        "mean": 0.502036750317,
        "var": 0.00740348966792
    },
    "hpcp_entropy": {
        "mean": 1.99262225628,
        "var": 0.421259343624
    },
    "key_strength": 0.655380308628,
    "tuning_diatonic_strength": 0.596086859703,
    "tuning_equal_tempered_deviation": 0.0345386862755,
    "tuning_frequency": 442.293365479,
    "tuning_nontempered_energy_ratio": 0.648071825504,
    "hpcp": {
        "mean": [0.436845868826, 0.225456371903, 0.04364926368, 0.0353217199445, 0.0489093586802, 0.171943843365, 0.257734775543, 0.189702197909, 0.29942971468, 0.347464829683, 0.152116402984, 0.0626690983772, 0.0653103664517, 0.117845058441, 0.290035396814, 0.32112339139, 0.16350646317, 0.0778968781233, 0.0609345175326, 0.0740426778793, 0.171478390694, 0.245034083724, 0.174533367157, 0.165032282472, 0.17209546268, 0.0808380246162, 0.0330299399793, 0.0407472513616, 0.0559873990715, 0.149525985122, 0.232178404927, 0.130750700831, 0.0315732769668, 0.0340179949999, 0.0577850341797, 0.27772206068],
        "var": [0.135744988918, 0.0431427806616, 0.00953181367368, 0.0108098844066, 0.0167019441724, 0.0506894774735, 0.099658973515, 0.0375963747501, 0.106663070619, 0.133470416069, 0.0397441275418, 0.0314967148006, 0.0302123203874, 0.0419504716992, 0.111148387194, 0.126784592867, 0.0510440804064, 0.037221301347, 0.0246460996568, 0.0282171238214, 0.0525214970112, 0.0867910683155, 0.043398141861, 0.0568970814347, 0.065942697227, 0.0183283407241, 0.00628746720031, 0.00953464210033, 0.0117555335164, 0.0383110381663, 0.0842238590121, 0.0283235330135, 0.00674171140417, 0.00843697413802, 0.0159149356186, 0.0623210966587]
    },
    "chords_histogram": [15.0205764771, 4.93827152252, 15.4320983887, 0, 0, 0, 0, 0, 1.33744859695, 0, 0, 0, 0, 0, 0, 0, 0, 0, 0, 0, 0, 2.88065838814, 15.843621254, 44.5473251343],
    "thpcp": [1, 0.516100525856, 0.0999191403389, 0.080856256187, 0.111960217357, 0.393602997065, 0.589990198612, 0.434254288673, 0.685435593128, 0.795394539833, 0.348215281963, 0.143458142877, 0.149504363537, 0.269763469696, 0.66393071413, 0.735095381737, 0.374288678169, 0.178316622972, 0.139487460256, 0.169493824244, 0.392537504435, 0.560916543007, 0.399530768394, 0.377781480551, 0.393950074911, 0.185049310327, 0.0756100565195, 0.0932760387659, 0.128162816167, 0.342285454273, 0.531488180161, 0.299306243658, 0.0722755566239, 0.0778718441725, 0.132277861238, 0.635743796825],
    "chords_key": "A",
    "chords_scale": "minor",
    "key_key": "C",
    "key_scale": "major"
}
}