{
"lowlevel": {
    "average_loudness": 0.942153632641,
    "barkbands_crest": {
        "mean": 13.9031677246,
        "var": 35.8615646362
    },
    "barkbands_flatness_db": {
        "mean": 0.349649906158,
        "var": 0.0103998500854
    },
    "barkbands_kurtosis": {
        "mean": 7.63060951233,
        "var": 603.891662598
    },
    "barkbands_skewness": {
        "mean": 1.46582686901,
        "var": 3.30004048347
    },
    "barkbands_spread": {
        "mean": 12.7313318253,
        "var": 101.844787598
    },
    "dissonance": {
        "mean": 0.404727429152,
        "var": 0.00418596388772
    },
    "dynamic_complexity": 2.70997262001,
    "erbbands_crest": {
        "mean": 12.4806747437,
        "var": 15.7114315033
    },
    "erbbands_flatness_db": {
        "mean": 0.312510102987,
        "var": 0.00260126567446
    },
    "erbbands_kurtosis": {
        "mean": 2.18470740318,
        "var": 25.2483615875
    },
    "erbbands_skewness": {
        "mean": -0.0524775125086,
        "var": 1.42680883408
    },
    "erbbands_spread": {
        "mean": 17.5932235718,
        "var": 88.1700363159
    },
    "hfc": {
        "mean": 19.3078575134,
        "var": 258.239776611
    },
    "melbands_crest": {
        "mean": 16.4873962402,
        "var": 46.9124450684
    },
    "melbands_flatness_db": {
        "mean": 0.443900197744,
        "var": 0.0182948801666
    },
    "melbands_kurtosis": {
        "mean": 10.4689903259,
        "var": 277.280578613
    },
    "melbands_skewness": {
        "mean": 2.14229393005,
        "var": 2.77140641212
    },
    "melbands_spread": {
        "mean": 17.32097435,
        "var": 266.01171875
    },
    "pitch_salience": {
        "mean": 0.465481907129,
        "var": 0.0287850629538
    },
    "silence_rate_20dB": {
        "mean": 0.998455226421,
        "var": 0.00154241081327
    },
    "silence_rate_30dB": {
        "mean": 0.848609685898,
        "var": 0.128471031785
    },
    "silence_rate_60dB": {
        "mean": 0.0283213183284,
        "var": 0.0275187995285
    },
    "spectral_centroid": {
        "mean": 905.575195313,
        "var": 427869.6875
    },
    "spectral_complexity": {
        "mean": 9.32904243469,
        "var": 14.960144043
    },
    "spectral_decrease": {
        "mean": -1.4036358742e-008,
        "var": 2.39191728151e-016
    },
    "spectral_energy": {
        "mean": 0.0547276698053,
        "var": 0.0034800299909
    },
    "spectral_energyband_high": {
        "mean": 6.76419731462e-005,
        "var": 2.96918454268e-008
    },
    "spectral_energyband_low": {
        "mean": 0.0363705009222,
        "var": 0.00301644392312
    },
    "spectral_energyband_middle_high": {
        "mean": 0.00769354449585,
        "var": 5.60711996513e-005
    },
    "spectral_energyband_middle_low": {
        "mean": 0.0117621170357,
        "var": 0.000137520182761
    },
    "spectral_entropy": {
        "mean": 5.77900123596,
        "var": 0.367034375668
    },
    "spectral_flux": {
        "mean": 0.0877104178071,
        "var": 0.00543541042134
    },
    "spectral_kurtosis": {
        "mean": 47.7997550964,
        "var": 2958.41455078
    },
    "spectral_rms": {
        "mean": 0.00647994410247,
        "var": 1.14032327474e-005
    },
    "spectral_rolloff": {
        "mean": 951.361816406,
        "var": 836362.5
    },
    "spectral_skewness": {
        "mean": 4.2154545784,
        "var": 9.54720973969
    },
    "spectral_spread": {
        "mean": 1598178.25,
        "var": 1.63454058496e+012
    },
    "spectral_strongpeak": {
        "mean": 1.51372158527,
        "var": 3.54812836647
    },
    "zerocrossingrate": {
        "mean": 0.0266246534884,
        "var": 0.00048613929539
    },
    "barkbands": {
        "mean": [0.000350960996002, 0.0324401594698, 0.00242457888089, 0.00290375435725, 0.00465899892151, 0.00144539540634, 0.000809086021036, 0.00107905420009, 0.000844864116516, 0.000444486446213, 0.000439360679593, 0.000648552784696, 0.00224853446707, 0.000694551097695, 0.0012582782656, 0.000926340871956, 0.00031894154381, 0.000372831942514, 0.00033666548552, 6.96929928381e-005, 8.66648952069e-006, 3.20205640492e-006, 3.91843997249e-007, 1.88835869608e-007, 2.58635736827e-007, 2.7552419013e-008, 2.09292116971e-009],
        "var": [7.57802865792e-007, 0.00259558786638, 4.33226159657e-005, 8.81714095158e-006, 7.01841127011e-005, 2.82007886199e-006, 1.76532796559e-006, 3.5356472381e-006, 1.64667983427e-006, 1.09969630557e-006, 1.03820104869e-006, 2.5022598038e-006, 1.27406292449e-005, 4.41819565822e-006, 7.83166160545e-006, 2.67354221251e-006, 6.26084954547e-007, 5.02625709942e-007, 6.3848898435e-007, 3.21827791083e-008, 5.33241562017e-010, 8.44530140265e-011, 1.65644310334e-012, 6.74536381612e-013, 2.00566234627e-012, 1.23154372307e-014, 1.03536814227e-016]
    },
    "erbbands": {
        "mean": [0.903985321522, 7.23618650436, 5.49622344971, 5.68439435959, 12.3002233505, 19.6140861511, 10.5579147339, 12.501584053, 10.8009462357, 14.3148231506, 26.1401195526, 22.1779918671, 5.23800134659, 22.1947402954, 23.7416191101, 29.809009552, 127.86050415, 41.5117950439, 61.0722427368, 57.2756156921, 27.3540439606, 21.6829528809, 18.4726333618, 13.581492424, 13.2677249908, 4.02665710449, 0.89582079649, 0.301966518164, 0.125153273344, 0.0240457616746, 0.0107455197722, 0.00415452569723, 0.00377432326786, 0.002855948871, 0.00179020036012, 0.000296892074402, 5.7029803429e-005, 8.42434110382e-006, 2.63778329099e-005, 6.12053627265e-005],
        "var": [1.93812513351, 145.426681519, 147.602828979, 37.4129981995, 337.917327881, 1353.52526855, 212.037521362, 218.834442139, 308.164306641, 446.327697754, 2687.92260742, 1205.38525391, 131.027923584, 1836.38342285, 3089.71557617, 4439.74121094, 37076.5117188, 7092.51464844, 11024.2158203, 7003.24755859, 1033.53088379, 2031.25244141, 1076.75305176, 763.227294922, 978.709411621, 99.0613327026, 6.69856309891, 0.869382321835, 0.155529379845, 0.00383518193848, 0.00126469985116, 0.000231924146647, 0.000295062753139, 0.00019739039999, 0.000122745419503, 1.66957784131e-006, 4.39627392268e-008, 1.65948099706e-009, 7.0203159952e-010, 4.10357658964e-009]
    },
    "gfcc": {
        "mean": [-122.536376953, 206.68006897, -117.049545288, 16.1504096985, -0.36287599802, -13.5037078857, -27.9531536102, -5.4698767662, -13.115735054, -5.91078138351, -2.16633701324, -11.909863472, 0.957832872868],
        "cov": [[9753.0703125, -1281.07495117, -5335.01074219, 703.581665039, 1026.26574707, -84.7142181396, 302.275024414, 380.434387207, -112.34186554, 675.505004883, -0.0259790308774, -409.962890625, -315.107513428], [-1281.07495117, 1032.46704102, 1147.47033691, -512.356933594, 90.4491958618, 54.9309158325, -22.1873054504, -25.8230552673, 115.446975708, -156.717605591, 99.4421157837, 190.361434937, 141.674057007], [-5335.01074219, 1147.47033691, 4619.80517578, 24.2298488617, -672.437072754, 208.680953979, 104.147041321, -96.2523498535, 299.238677979, -487.565826416, 85.7458496094, 407.941741943, 384.374450684], [703.581665039, -512.356933594, 24.2298488617, 805.496459961, -53.7288398743, -53.5275344849, 228.256759644, 89.3818435669, 54.6632652283, 62.3952255249, -38.5508384705, -101.827819824, -16.9941291809], [1026.26574707, 90.4491958618, -672.437072754, -53.7288398743, 619.212158203, 45.3729896545, 105.40990448, 96.825630188, 49.9902420044, 186.077651978, 84.7301330566, -4.69427204132, -25.2830066681], [-84.7142181396, 54.9309158325, 208.680953979, -53.5275344849, 45.3729896545, 198.25604248, 33.0222473145, 4.10752296448, 44.0216903687, -2.55691003799, 36.7398834229, 63.9298210144, 40.3724403381], [302.275024414, -22.1873054504, 104.147041321, 228.256759644, 105.40990448, 33.0222473145, 258.759399414, 125.226036072, 87.2662124634, 44.6279525757, 10.3139610291, -16.4680709839, 15.3666467667], [380.434387207, -25.8230552673, -96.2523498535, 89.3818435669, 96.825630188, 4.10752296448, 125.226036072, 153.336349487, 69.8773117065, 38.6003646851, 17.5825576782, -9.90628242493, -9.59159469604], [-112.34186554, 115.446975708, 299.238677979, 54.6632652283, 49.9902420044, 44.0216903687, 87.2662124634, 69.8773117065, 134.461791992, 4.85846805573, 27.4235630035, 37.0200653076, 32.1862716675], [675.505004883, -156.717605591, -487.565826416, 62.3952255249, 186.077651978, -2.55691003799, 44.6279525757, 38.6003646851, 4.85846805573, 155.686416626, 28.6510658264, -40.5995788574, -37.958026886], [-0.0259790308774, 99.4421157837, 85.7458496094, -38.5508384705, 84.7301330566, 36.7398834229, 10.3139610291, 17.5825576782, 27.4235630035, 28.6510658264, 94.9063186646, 58.1225471497, 15.0927944183], [-409.962890625, 190.361434937, 407.941741943, -101.827819824, -4.69427204132, 63.9298210144, -16.4680709839, -9.90628242493, 37.0200653076, -40.5995788574, 58.1225471497, 127.46509552, 69.2459487915], [-315.107513428, 141.674057007, 384.374450684, -16.9941291809, -25.2830066681, 40.3724403381, 15.3666467667, -9.59159469604, 32.1862716675, -37.958026886, 15.0927944183, 69.2459487915, 91.9426651001]],
        "icov": [[0.000601921172347, -0.000899060803931, 0.00103898835368, -0.001159812673, 0.000378690456273, -0.000753278727643, 0.000136429880513, -0.000647018838208, 6.48255154374e-005, -0.00043795077363, 9.53257258516e-005, -0.000475769134937, -0.000625903951004], [-0.000899060803931, 0.00636972347274, -0.00240044784732, 0.00518833752722, -0.00274614361115, 0.00364559632726, -0.00213045463897, 0.0026409397833, -0.00284138810821, 0.0049086753279, -0.00343899428844, 0.00237323157489, -0.0018281203229], [0.00103898835368, -0.00240044784732, 0.00262121297419, -0.00265520974062, 0.00145483785309, -0.00165880226996, -2.58701875282e-005, -0.000524890609086, -0.000674982613418, -0.000116481911391, 5.52745732421e-005, -0.00171869248152, -0.00163774390239], [-0.001159812673, 0.00518833752722, -0.00265520974062, 0.00673001911491, -0.00149423943367, 0.00365946255624, -0.00352628389373, 0.00273509440012, -0.00229471223429, 0.00264898617752, -0.00268340739422, 0.00362770981155, -0.00116320000961], [0.000378690456273, -0.00274614361115, 0.00145483785309, -0.00149423943367, 0.0046089454554, -0.00169709778856, -0.000391156616388, -0.00115697644651, 0.000263455003733, -0.00463512772694, -0.000264156755293, -0.00106536678504, -3.16885489156e-005], [-0.000753278727643, 0.00364559632726, -0.00165880226996, 0.00365946255624, -0.00169709778856, 0.00884268060327, -0.00274343928322, 0.003149430966, -0.00278174760751, 0.00236019585282, -0.00201725028455, -0.00126283371355, -0.000920007121749], [0.000136429880513, -0.00213045463897, -2.58701875282e-005, -0.00352628389373, -0.000391156616388, -0.00274343928322, 0.0109658548608, -0.00705057149753, 0.000482443050714, -0.00256488495506, 0.00199474347755, 0.0019497248577, -0.00128808314912], [-0.000647018838208, 0.0026409397833, -0.000524890609086, 0.00273509440012, -0.00115697644651, 0.003149430966, -0.00705057149753, 0.0157971344888, -0.00697430130094, 0.00343137397431, -0.00276858825237, -0.000152588298079, 0.00196579052135], [6.48255154374e-005, -0.00284138810821, -0.000674982613418, -0.00229471223429, 0.000263455003733, -0.00278174760751, 0.000482443050714, -0.00697430130094, 0.016474397853, -0.00437480397522, 0.00249306391925, -0.00226769247092, 0.00120922015049], [-0.00043795077363, 0.0049086753279, -0.000116481911391, 0.00264898617752, -0.00463512772694, 0.00236019585282, -0.00256488495506, 0.00343137397431, -0.00437480397522, 0.0197485238314, -0.00850309059024, 0.00502849696204, -0.00231925514527], [9.53257258516e-005, -0.00343899428844, 5.52745732421e-005, -0.00268340739422, -0.000264156755293, -0.00201725028455, 0.00199474347755, -0.00276858825237, 0.00249306391925, -0.00850309059024, 0.0235839001834, -0.0140484636649, 0.00741559965536], [-0.000475769134937, 0.00237323157489, -0.00171869248152, 0.00362770981155, -0.00106536678504, -0.00126283371355, 0.0019497248577, -0.000152588298079, -0.00226769247092, 0.00502849696204, -0.0140484636649, 0.0279364511371, -0.0133762052283], [-0.000625903951004, -0.0018281203229, -0.00163774390239, -0.00116320000961, -3.16885489156e-005, -0.000920007121749, -0.00128808314912, 0.00196579052135, 0.00120922015049, -0.00231925514527, 0.00741559965536, -0.0133762052283, 0.0264716185629]]
    },
    "melbands": {
        "mean": [0.00888792332262, 0.00536657683551, 0.00120980991051, 0.00118273624685, 0.000495637417771, 0.000273822952295, 0.000169397404534, 0.00016405597853, 0.000226422082051, 0.000124820871861, 1.74399228854e-005, 8.70425865287e-005, 7.09856394678e-005, 5.6219920225e-005, 0.000157415735885, 0.000236517051235, 6.5979147621e-005, 8.57988416101e-005, 0.000106225910713, 8.23832815513e-005, 1.85964545381e-005, 2.1934403776e-005, 2.75742240774e-005, 7.964260476e-006, 1.08453177745e-005, 1.76204448508e-005, 1.80119241122e-006, 3.10432051265e-006, 4.46872064686e-007, 4.19259350792e-007, 7.65239462908e-008, 9.91461206468e-008, 1.71675296201e-008, 9.33011357063e-009, 7.2157155806e-009, 3.22625659521e-009, 2.16635576145e-009, 2.57553312011e-009, 2.58666887909e-009, 2.2332313776e-009],
        "var": [0.000185744269402, 9.48814849835e-005, 1.81790085207e-006, 4.15897648054e-006, 5.17197634053e-007, 1.04620667685e-007, 8.05645825608e-008, 6.97621658219e-008, 2.26348362276e-007, 4.35326725778e-008, 3.66392827189e-009, 3.34631060639e-008, 2.91609616454e-008, 1.4873907439e-008, 4.49129871072e-008, 1.47034157294e-007, 4.08063733914e-008, 1.95333349495e-008, 5.24436707394e-008, 2.85127672583e-008, 7.31095739503e-010, 4.35873648286e-009, 2.65159783019e-009, 3.48491374647e-010, 5.21659326846e-010, 2.20049001243e-009, 6.33875382738e-011, 6.81660283774e-011, 4.89680995405e-012, 1.27620017418e-012, 9.54191898563e-014, 1.08267703884e-013, 1.73307451459e-015, 6.99512365672e-016, 5.38967223157e-016, 2.08497887886e-016, 6.48857214622e-017, 1.41187779457e-016, 1.68351768734e-016, 1.12518347936e-016]
    },
    "mfcc": {
        "mean": [-777.485595703, 223.155380249, -9.24285507202, 44.5978469849, 30.1449737549, 2.28727984428, 3.10504603386, -1.24206078053, -0.67201346159, -1.18244600296, 2.98073935509, -1.56311202049, -1.13053965569],
        "cov": [[8169.47949219, -314.639068604, -4779.41943359, 626.774475098, -246.432327271, -251.976135254, 282.503753662, -183.847137451, 87.9931793213, 319.755218506, 562.475097656, 174.197875977, 92.3847503662], [-314.639068604, 1198.8079834, 257.234619141, -542.142700195, 323.773742676, 30.0525455475, -18.3955879211, 147.353103638, 20.7369728088, -19.5187931061, -166.271697998, 19.4095115662, 154.549560547], [-4779.41943359, 257.234619141, 3836.90307617, -87.1741027832, 2.95437192917, 259.241607666, -122.665641785, 320.596710205, 87.5673828125, -175.126907349, -315.196472168, -135.975296021, -114.568496704], [626.774475098, -542.142700195, -87.1741027832, 823.393066406, -112.598075867, 12.7263555527, 155.772750854, 13.3608369827, 127.01953125, 119.123405457, 240.543182373, 43.8340148926, -67.7907485962], [-246.432327271, 323.773742676, 2.95437192917, -112.598075867, 337.226165771, 71.8466949463, 7.0275683403, 43.5286331177, -5.40965747833, 10.2336349487, -43.2614631653, 28.7951526642, 100.462554932], [-251.976135254, 30.0525455475, 259.241607666, 12.7263555527, 71.8466949463, 164.151580811, 46.1305961609, 38.1344909668, 26.3308258057, 2.10720705986, -6.88445425034, 5.91502285004, 13.1274623871], [282.503753662, -18.3955879211, -122.665641785, 155.772750854, 7.0275683403, 46.1305961609, 149.427307129, 47.188243866, 49.5273246765, 64.2696151733, 88.5441818237, 45.6380882263, 19.1629905701], [-183.847137451, 147.353103638, 320.596710205, 13.3608369827, 43.5286331177, 38.1344909668, 47.188243866, 176.033294678, 82.2586593628, 20.8230724335, 19.2941455841, 15.2676401138, 17.1714954376], [87.9931793213, 20.7369728088, 87.5673828125, 127.01953125, -5.40965747833, 26.3308258057, 49.5273246765, 82.2586593628, 130.615386963, 66.9437637329, 54.021938324, 26.6432533264, -7.20834064484], [319.755218506, -19.5187931061, -175.126907349, 119.123405457, 10.2336349487, 2.10720705986, 64.2696151733, 20.8230724335, 66.9437637329, 110.724525452, 88.5034255981, 37.7973518372, 14.5931711197], [562.475097656, -166.271697998, -315.196472168, 240.543182373, -43.2614631653, -6.88445425034, 88.5441818237, 19.2941455841, 54.021938324, 88.5034255981, 188.481903076, 64.2718200684, -18.1469326019], [174.197875977, 19.4095115662, -135.975296021, 43.8340148926, 28.7951526642, 5.91502285004, 45.6380882263, 15.2676401138, 26.6432533264, 37.7973518372, 64.2718200684, 76.5046310425, 38.5029335022], [92.3847503662, 154.549560547, -114.568496704, -67.7907485962, 100.462554932, 13.1274623871, 19.1629905701, 17.1714954376, -7.20834064484, 14.5931711197, -18.1469326019, 38.5029335022, 130.943115234]],
        "icov": [[0.000969864777289, -0.000697487790603, 0.0014974080259, -0.00113963754848, 0.00153431959916, -0.00131951016374, 0.00109332671855, -0.00171226449311, 0.000606483838055, -0.000520029105246, 0.00040565157542, 0.000221454989514, -3.87893851439e-005], [-0.000697487790603, 0.00255068996921, -0.00118808168918, 0.00218533910811, -0.00253852829337, 0.00200570072047, -0.00194072991144, 0.000684477621689, -0.00181637436617, 0.000530145771336, 9.6078380011e-005, 7.70328733779e-006, -0.000633789750282], [0.0014974080259, -0.00118808168918, 0.00287559279241, -0.00224200915545, 0.00273273931816, -0.00298379128799, 0.00248627131805, -0.00406465819106, 0.00152703607455, -0.00107898411807, 0.00217376300134, -0.000350280432031, 0.000681329227518], [-0.00113963754848, 0.00218533910811, -0.00224200915545, 0.00507110590115, -0.00297424802557, 0.0030015213415, -0.00415111193433, 0.00412829313427, -0.00457292003557, 0.00226655532606, -0.00465911487117, 0.00256422976963, -0.000968428736087], [0.00153431959916, -0.00253852829337, 0.00273273931816, -0.00297424802557, 0.00822379626334, -0.00524915661663, 0.00400479277596, -0.00441866414621, 0.00388289638795, -0.00314928800799, 0.00258091744035, -0.00163313280791, -0.00162238965277], [-0.00131951016374, 0.00200570072047, -0.00298379128799, 0.0030015213415, -0.00524915661663, 0.0119566405192, -0.00693594524637, 0.00459339376539, -0.00460559688509, 0.00363171263598, -0.0021224655211, 0.00169050181285, -0.000701309996657], [0.00109332671855, -0.00194072991144, 0.00248627131805, -0.00415111193433, 0.00400479277596, -0.00693594524637, 0.0165012963116, -0.00672208238393, 0.00501271849498, -0.00591960037127, 0.000828508404084, -0.00414138427004, -9.68611348071e-005], [-0.00171226449311, 0.000684477621689, -0.00406465819106, 0.00412829313427, -0.00441866414621, 0.00459339376539, -0.00672208238393, 0.0175688136369, -0.0113990968093, 0.00708383880556, -0.00777555350214, 0.00458660442382, -0.00325272255577], [0.000606483838055, -0.00181637436617, 0.00152703607455, -0.00457292003557, 0.00388289638795, -0.00460559688509, 0.00501271849498, -0.0113990968093, 0.0230939947069, -0.0137189868838, 0.00726505508646, -0.00722009781748, 0.00485859718174], [-0.000520029105246, 0.000530145771336, -0.00107898411807, 0.00226655532606, -0.00314928800799, 0.00363171263598, -0.00591960037127, 0.00708383880556, -0.0137189868838, 0.0248749516904, -0.0110887363553, 0.00495471386239, -0.00456108571962], [0.00040565157542, 9.6078380011e-005, 0.00217376300134, -0.00465911487117, 0.00258091744035, -0.0021224655211, 0.000828508404084, -0.00777555350214, 0.00726505508646, -0.0110887363553, 0.0235613249242, -0.0147671923041, 0.00746452389285], [0.000221454989514, 7.70328733779e-006, -0.000350280432031, 0.00256422976963, -0.00163313280791, 0.00169050181285, -0.00414138427004, 0.00458660442382, -0.00722009781748, 0.00495471386239, -0.0147671923041, 0.0299460105598, -0.00985778309405], [-3.87893851439e-005, -0.000633789750282, 0.000681329227518, -0.000968428736087, -0.00162238965277, -0.000701309996657, -9.68611348071e-005, -0.00325272255577, 0.00485859718174, -0.00456108571962, 0.00746452389285, -0.00985778309405, 0.014971729368]]
    },
    "spectral_contrast_coeffs": {
        "mean": [-0.637847602367, -0.681623637676, -0.699315190315, -0.660750865936, -0.703633785248, -0.784290611744],
        "var": [0.00458893645555, 0.00850571971387, 0.011997600086, 0.0221381466836, 0.0126700876281, 0.00514477817342]
    },
    "spectral_contrast_valleys": {
        "mean": [-6.86512184143, -7.27579641342, -8.84744739532, -9.30288600922, -10.0046682358, -13.3545036316],
        "var": [0.916300177574, 1.04228448868, 1.25919020176, 1.31498920918, 1.38766074181, 0.647865355015]
    }
},
"metadata": {
    "audio_properties": {
        "analysis_sample_rate": 44100,
        "bit_rate": 128074,
        "equal_loudness": 0,
        "length": 45.0612258911,
        "lossless": 0,
        "replay_gain": -4.17391777039,
        "sample_rate": 44100,
        "codec": "mp3",
        "downmix": "mix",
        "md5_encoded": "5eb6d805d0d628f60addd26fcf02988a"
    },
    "tags": {
        "file_name": "1763.mp3"
    },
    "version": {
        "essentia": "2.1-beta2",
        "essentia_git_sha": "v2.1_beta2",
        "extractor": "music 1.0"
    }
},
"rhythm": {
    "beats_count": 83,
    "beats_loudness": {
        "mean": 0.0849008411169,
        "var": 0.00722111435607
    },
    "bpm": 111.402824402,
    "bpm_histogram_first_peak_bpm": {
        "mean": 112,
        "var": 0
    },
    "bpm_histogram_first_peak_spread": {
        "mean": 0.395061701536,
        "var": 0
    },
    "bpm_histogram_first_peak_weight": {
        "mean": 0.597561001778,
        "var": 0
    },
    "bpm_histogram_second_peak_bpm": {
        "mean": 117,
        "var": 0
    },
    "bpm_histogram_second_peak_spread": {
        "mean": 0,
        "var": 0
    },
    "bpm_histogram_second_peak_weight": {
        "mean": 0.0121951214969,
        "var": 0
    },
    "danceability": 1.21375155449,
    "onset_rate": 4.32549524307,
    "beats_loudness_band_ratio": {
        "mean": [0.569071531296, 0.151447162032, 0.0968655273318, 0.119896739721, 0.0729493796825, 0.00929910875857],
        "var": [0.118683025241, 0.0381435938179, 0.0126137146726, 0.0171509757638, 0.00819310173392, 0.000856797094457]
    },
    "beats_position": [0.487619042397, 0.99845802784, 1.53251695633, 2.07818579674, 2.62385487556, 3.15791368484, 3.69197273254, 4.23764181137, 4.78331041336, 5.31736946106, 5.85142850876, 6.38548755646, 6.93115615845, 7.47682523727, 8.01088428497, 8.54494285583, 9.07900238037, 9.61306095123, 10.1471195221, 10.6927890778, 11.2384576797, 11.7725172043, 12.3065757751, 12.840634346, 13.3863039017, 13.9319725037, 14.4660310745, 15.0000905991, 15.545759201, 16.0914287567, 16.6254863739, 17.1595458984, 17.693605423, 18.2392749786, 18.7733325958, 19.3073921204, 19.853061676, 20.3871192932, 20.9211788177, 21.4668483734, 22.0125160217, 22.5465755463, 23.0806350708, 23.6263027191, 24.1719722748, 24.7060317993, 25.2516994476, 25.7973690033, 26.3314285278, 26.865486145, 27.3995456696, 27.9336051941, 28.4676647186, 29.0017223358, 29.5357818604, 30.081451416, 30.6271190643, 31.1611785889, 31.6952381134, 32.2292976379, 32.7633552551, 33.3090248108, 33.8546943665, 34.3887519836, 34.9344215393, 35.480091095, 36.0141487122, 36.5482063293, 37.0822677612, 37.6163253784, 38.1619949341, 38.7076644897, 39.2417221069, 39.7757797241, 40.309841156, 40.8438987732, 41.3895683289, 41.9352378845, 42.4692955017, 43.0033569336, 43.5490226746, 44.0946922302, 44.6287536621]
},
"tonal": {
    "chords_changes_rate": 0.0452674888074,
    "chords_number_rate": 0.00823045242578,
    "chords_strength": {
        "mean": 0.519748926163,
        "var": 0.0110853090882
    },
    "hpcp_entropy": {
        "mean": 1.77649343014,
        "var": 0.371896773577
    },
    "key_strength": 0.771599888802,
    "tuning_diatonic_strength": 0.682045340538,
    "tuning_equal_tempered_deviation": 0.23511198163,
    "tuning_frequency": 434.193115234,
    "tuning_nontempered_energy_ratio": 0.872651100159,
    "hpcp": {
        "mean": [0.0413029305637, 0.127936139703, 0.258169978857, 0.242974102497, 0.136250525713, 0.0825597494841, 0.118541248143, 0.145349189639, 0.136583894491, 0.125850081444, 0.154678002, 0.180191636086, 0.127541214228, 0.0706669092178, 0.0356285050511, 0.021531932056, 0.0248402543366, 0.0627790763974, 0.0751571655273, 0.0383367016912, 0.0886203125119, 0.24239140749, 0.325127601624, 0.332329928875, 0.260039329529, 0.116054728627, 0.0358633026481, 0.0143121257424, 0.0179758649319, 0.0343661047518, 0.0478653497994, 0.0601057447493, 0.0586738474667, 0.0323943942785, 0.0263137407601, 0.0390430130064],
        "var": [0.00820834562182, 0.0519108697772, 0.12430472672, 0.110194340348, 0.0628506243229, 0.0301983226091, 0.0378092117608, 0.0540188737214, 0.0496294423938, 0.0461008287966, 0.0786390081048, 0.111638501287, 0.069346703589, 0.0340575352311, 0.0135105093941, 0.013000510633, 0.0117329610512, 0.0372881218791, 0.0513967312872, 0.01318688225, 0.0198937393725, 0.0844722464681, 0.105668969452, 0.127408131957, 0.119291178882, 0.0524841025472, 0.0159138403833, 0.00530120078474, 0.00546458968893, 0.00930006429553, 0.0200916938484, 0.0265564545989, 0.0325457938015, 0.0098275821656, 0.0065134181641, 0.0106463683769]
    },
    "chords_histogram": [40.8436203003, 6.58436203003, 6.17283964157, 0, 0, 0, 0, 23.148147583, 0, 3.80658435822, 0, 0, 0.720164597034, 0, 11.9341564178, 0, 0, 0, 0, 4.52674913406, 0, 0, 0, 2.26337456703],
    "thpcp": [1, 0.782473385334, 0.349215388298, 0.107914753258, 0.0430660136044, 0.0540904179215, 0.103409595788, 0.144029602408, 0.180861666799, 0.176553010941, 0.0974766090512, 0.0791795700788, 0.117482684553, 0.12428291142, 0.384967267513, 0.776848435402, 0.731123149395, 0.409985721111, 0.248427063227, 0.35669746995, 0.437364131212, 0.410988837481, 0.378690183163, 0.465435057878, 0.542207062244, 0.383778899908, 0.212640821934, 0.107208237052, 0.0647908300161, 0.0747457668185, 0.188905879855, 0.226152256131, 0.115357354283, 0.266663640738, 0.72936975956, 0.97832775116],
    "chords_key": "A",
    "chords_scale": "minor",
    "key_key": "A",
    "key_scale": "minor"
}
}