{
"lowlevel": {
    "average_loudness": 0.588322341442,
    "barkbands_crest": {
        "mean": 12.8633232117,
        "var": 39.8779525757
    },
    "barkbands_flatness_db": {
        "mean": 0.236985728145,
        "var": 0.00996641628444
    },
    "barkbands_kurtosis": {
        "mean": 19.3573284149,
        "var": 4466.03808594
    },
    "barkbands_skewness": {
        "mean": 2.22482800484,
        "var": 7.93098068237
    },
    "barkbands_spread": {
        "mean": 15.8599042892,
        "var": 196.425338745
    },
    "dissonance": {
        "mean": 0.430600196123,
        "var": 0.00264844857156
    },
    "dynamic_complexity": 6.00915670395,
    "erbbands_crest": {
        "mean": 10.0427541733,
        "var": 23.2745838165
    },
    "erbbands_flatness_db": {
        "mean": 0.226216927171,
        "var": 0.00352517166175
    },
    "erbbands_kurtosis": {
        "mean": 0.557768583298,
        "var": 6.98420953751
    },
    "erbbands_skewness": {
        "mean": 0.19835370779,
        "var": 0.771770238876
    },
    "erbbands_spread": {
        "mean": 27.4082069397,
        "var": 220.254745483
    },
    "hfc": {
        "mean": 10.9659852982,
        "var": 583.91192627
    },
    "melbands_crest": {
        "mean": 17.9378356934,
        "var": 54.1972618103
    },
    "melbands_flatness_db": {
        "mean": 0.327296942472,
        "var": 0.0170924849808
    },
    "melbands_kurtosis": {
        "mean": 22.3636264801,
        "var": 1852.51269531
    },
    "melbands_skewness": {
        "mean": 2.89982128143,
        "var": 5.23564004898
    },
    "melbands_spread": {
        "mean": 18.4496593475,
        "var": 322.830413818
    },
    "pitch_salience": {
        "mean": 0.443154782057,
        "var": 0.0280976612121
    },
    "silence_rate_20dB": {
        "mean": 1,
        "var": 0
    },
    "silence_rate_30dB": {
        "mean": 0.985581874847,
        "var": 0.0142102492973
    },
    "silence_rate_60dB": {
        "mean": 0.294026762247,
        "var": 0.207579106092
    },
    "spectral_centroid": {
        "mean": 1125.25402832,
        "var": 724707.4375
    },
    "spectral_complexity": {
        "mean": 10.1019563675,
        "var": 74.4225006104
    },
    "spectral_decrease": {
        "mean": -4.16356726873e-009,
        "var": 3.73141637544e-017
    },
    "spectral_energy": {
        "mean": 0.01670890674,
        "var": 0.000592651136685
    },
    "spectral_energyband_high": {
        "mean": 0.000378353724955,
        "var": 1.81967550361e-006
    },
    "spectral_energyband_low": {
        "mean": 0.0103219924495,
        "var": 0.00038741537719
    },
    "spectral_energyband_middle_high": {
        "mean": 0.00358138163574,
        "var": 5.84294793953e-005
    },
    "spectral_energyband_middle_low": {
        "mean": 0.00279843318276,
        "var": 9.50517824094e-006
    },
    "spectral_entropy": {
        "mean": 6.69871520996,
        "var": 0.435579568148
    },
    "spectral_flux": {
        "mean": 0.0478353276849,
        "var": 0.00178153766319
    },
    "spectral_kurtosis": {
        "mean": 15.7317323685,
        "var": 272.994750977
    },
    "spectral_rms": {
        "mean": 0.00326200970449,
        "var": 5.66068456465e-006
    },
    "spectral_rolloff": {
        "mean": 1123.05151367,
        "var": 2129034.75
    },
    "spectral_skewness": {
        "mean": 2.36131048203,
        "var": 2.01722574234
    },
    "spectral_spread": {
        "mean": 2664628.75,
        "var": 3.82888155546e+012
    },
    "spectral_strongpeak": {
        "mean": 0.56979984045,
        "var": 2.22774195671
    },
    "zerocrossingrate": {
        "mean": 0.0353149026632,
        "var": 0.00120971817523
    },
    "barkbands": {
        "mean": [0.000241786561674, 0.00891094841063, 0.000896762881894, 0.000453721120721, 0.000416877679527, 0.000756070541684, 0.000313406315399, 0.000392270681914, 0.000367600936443, 0.000253510021139, 0.000437625683844, 0.000437653448898, 0.000319205486448, 0.000364836072549, 0.000260659086052, 0.000169319406268, 0.000231810307014, 0.000281003041891, 0.000466724304715, 0.000577198108658, 0.000105250917841, 2.01162347366e-005, 7.4985473475e-006, 5.90928539168e-006, 8.396157682e-006, 1.177829472e-005, 9.8266968962e-007],
        "var": [2.35891377542e-007, 0.00034172469168, 3.75889544557e-006, 1.19212882055e-006, 3.17386479765e-007, 1.33709329475e-006, 2.98277115007e-007, 6.77841910601e-007, 7.06146636276e-007, 6.93512618e-007, 1.32070886139e-006, 7.56745009767e-007, 6.52525102396e-007, 1.49019138007e-006, 3.58514029131e-007, 1.44602680052e-007, 5.07946708694e-007, 7.49438015646e-007, 2.18836589738e-006, 3.47751824847e-006, 2.3090906609e-007, 7.8570803197e-009, 1.35050182148e-009, 6.86057322064e-010, 2.15891793331e-009, 5.66183899764e-009, 4.3343880568e-011]
    },
    "erbbands": {
        "mean": [0.340508460999, 1.6631090641, 1.27610313892, 1.43257653713, 1.35577321053, 1.16159164906, 4.71717977524, 5.75335216522, 3.38825321198, 6.20696115494, 11.2639360428, 8.95631408691, 8.29479694366, 8.50875663757, 17.5503635406, 19.8362464905, 15.9572019577, 23.0262489319, 11.9644212723, 14.6137952805, 9.44405841827, 12.724694252, 13.3758335114, 18.3419933319, 27.8765525818, 30.9606075287, 8.84387969971, 1.64346814156, 0.757009625435, 0.400810778141, 0.184221833944, 0.111932530999, 0.10593765974, 0.0615612529218, 0.0760675668716, 0.0603752844036, 0.0182398147881, 0.00400043278933, 0.000113128509838, 2.23594997806e-005],
        "var": [0.520103156567, 12.0554180145, 5.03355979919, 13.7034854889, 4.52413034439, 2.45900535583, 68.128616333, 135.134674072, 34.3501396179, 167.423187256, 547.512817383, 464.184570313, 558.45501709, 282.28616333, 2089.81445313, 1512.54797363, 1182.05700684, 5491.56835938, 842.560546875, 1386.00939941, 678.205322266, 1476.12609863, 1459.12963867, 2528.64233398, 7733.11962891, 11443.0761719, 1138.89709473, 45.3203201294, 10.1282091141, 2.62902259827, 0.706043064594, 0.222777292132, 0.223061844707, 0.0801897123456, 0.208437681198, 0.151772230864, 0.0135741485283, 0.000616487232037, 4.53474370943e-007, 1.11899223221e-009]
    },
    "gfcc": {
        "mean": [-149.387863159, 160.202133179, -125.594055176, 21.5269184113, -22.8250522614, 4.07076358795, -15.6396284103, 4.14266109467, -15.110827446, 5.61730575562, 1.10422420502, -6.09794378281, -5.80835342407],
        "cov": [[16503.984375, -3439.3112793, -3394.4621582, 2081.83813477, -1319.38134766, -130.924255371, 316.509368896, 280.24420166, -766.100769043, -68.9581451416, 14.2465353012, 49.1269264221, 461.875427246], [-3439.3112793, 2210.45922852, 353.380462646, -544.12890625, 587.97088623, -136.378845215, 103.603286743, -256.019348145, 369.359985352, -184.669021606, 179.08303833, -152.141647339, 35.5040550232], [-3394.4621582, 353.380462646, 2114.81567383, -232.818618774, 348.688262939, 281.137695313, 29.0561103821, 69.1698226929, 67.133605957, 77.0652618408, -130.265869141, 36.836555481, -131.381530762], [2081.83813477, -544.12890625, -232.818618774, 826.416503906, -136.099075317, 58.3436546326, 217.151931763, 68.9746170044, -89.9892807007, -46.5768547058, 68.4406509399, -53.9871520996, 160.993682861], [-1319.38134766, 587.97088623, 348.688262939, -136.099075317, 427.468780518, 66.124168396, 53.1076507568, -26.7290172577, 119.752609253, -12.2536716461, 55.3572540283, -21.5239124298, -9.60776329041], [-130.924255371, -136.378845215, 281.137695313, 58.3436546326, 66.124168396, 224.986785889, 43.7605171204, 35.2850036621, 12.5143508911, 37.2340278625, -16.9488506317, 33.9596748352, -19.5114345551], [316.509368896, 103.603286743, 29.0561103821, 217.151931763, 53.1076507568, 43.7605171204, 220.398925781, 37.8483467102, 35.0609855652, -26.6485519409, 73.3465194702, -33.4205360413, 88.5021820068], [280.24420166, -256.019348145, 69.1698226929, 68.9746170044, -26.7290172577, 35.2850036621, 37.8483467102, 142.853134155, -4.94825792313, 51.5757446289, 6.01361179352, 20.2932872772, -7.46535634995], [-766.100769043, 369.359985352, 67.133605957, -89.9892807007, 119.752609253, 12.5143508911, 35.0609855652, -4.94825792313, 216.508880615, 11.8428812027, 56.0050621033, -9.96638011932, -8.4046754837], [-68.9581451416, -184.669021606, 77.0652618408, -46.5768547058, -12.2536716461, 37.2340278625, -26.6485519409, 51.5757446289, 11.8428812027, 113.000244141, 8.7488861084, 37.0027770996, -37.1879043579], [14.2465353012, 179.08303833, -130.265869141, 68.4406509399, 55.3572540283, -16.9488506317, 73.3465194702, 6.01361179352, 56.0050621033, 8.7488861084, 149.082855225, -12.3973112106, 57.9970016479], [49.1269264221, -152.141647339, 36.836555481, -53.9871520996, -21.5239124298, 33.9596748352, -33.4205360413, 20.2932872772, -9.96638011932, 37.0027770996, -12.3973112106, 91.6881027222, -5.40284538269], [461.875427246, 35.5040550232, -131.381530762, 160.993682861, -9.60776329041, -19.5114345551, 88.5021820068, -7.46535634995, -8.4046754837, -37.1879043579, 57.9970016479, -5.40284538269, 133.0025177]],
        "icov": [[0.000196155699086, 0.000109638371214, 0.000269792712061, -0.000248857802944, 7.66172524891e-005, -4.24799109169e-005, -0.000209317193367, -0.000106264240458, 0.000248986587394, 1.56127716764e-005, 0.000198446636205, -0.00015443720622, -8.28047413961e-005], [0.000109638371214, 0.003131729085, -0.000376555632101, 0.00190237618517, -0.00171419465914, 0.00128133222461, -0.00159055471886, 0.00288137909956, -0.00233448110521, 0.00336911692284, -0.00238972925581, 0.0023384266533, -0.000675634481013], [0.000269792712061, -0.000376555632101, 0.00120593572501, -0.000542676250916, -0.000153564687935, -0.000858875282574, -0.000393093272578, -0.000866131449584, 0.000806490308605, -0.00087572063785, 0.00153988762759, -0.000581946398597, 0.00019859119493], [-0.000248857802944, 0.00190237618517, -0.000542676250916, 0.00414389790967, -0.000469474063721, -0.000260426691966, -0.00202300981618, 0.00122844858561, -0.00111010973342, 0.0025067422539, -0.00216401694342, 0.00337389949709, -0.00214127218351], [7.66172524891e-005, -0.00171419465914, -0.000153564687935, -0.000469474063721, 0.00494815781713, -0.00178364233579, 0.000225365773076, -0.0011829311261, 0.00046095973812, -0.00084143190179, -0.000290417432552, -0.000560919637792, 0.00038524743286], [-4.24799109169e-005, 0.00128133222461, -0.000858875282574, -0.000260426691966, -0.00178364233579, 0.00763560505584, -0.00242963689379, 0.00174189882819, -0.00125548860524, -0.000143381839735, 0.000123328514746, -0.00213799765334, 0.00171803880949], [-0.000209317193367, -0.00159055471886, -0.000393093272578, -0.00202300981618, 0.000225365773076, -0.00242963689379, 0.0112436022609, -0.00413492135704, -0.000398203846999, 0.000242051813984, -0.00130332692061, 0.0018438315019, -0.00415624119341], [-0.000106264240458, 0.00288137909956, -0.000866131449584, 0.00122844858561, -0.0011829311261, 0.00174189882819, -0.00413492135704, 0.0130910100415, -0.00227029854432, -0.00124478584621, -0.00219734245911, 0.000623247760814, 0.00140560325235], [0.000248986587394, -0.00233448110521, 0.000806490308605, -0.00111010973342, 0.00046095973812, -0.00125548860524, -0.000398203846999, -0.00227029854432, 0.00869660172611, -0.00317164161243, 0.000203943651286, -0.00171945278998, 0.0013895558659], [1.56127716764e-005, 0.00336911692284, -0.00087572063785, 0.0025067422539, -0.00084143190179, -0.000143381839735, 0.000242051813984, -0.00124478584621, -0.00317164161243, 0.0186854153872, -0.00681090960279, -0.00101305637509, 0.00278720585629], [0.000198446636205, -0.00238972925581, 0.00153988762759, -0.00216401694342, -0.000290417432552, 0.000123328514746, -0.00130332692061, -0.00219734245911, 0.000203943651286, -0.00681090960279, 0.0142398439348, -0.00156736234203, -0.0033341711387], [-0.00015443720622, 0.0023384266533, -0.000581946398597, 0.00337389949709, -0.000560919637792, -0.00213799765334, 0.0018438315019, 0.000623247760814, -0.00171945278998, -0.00101305637509, -0.00156736234203, 0.0179836954921, -0.00527073303238], [-8.28047413961e-005, -0.000675634481013, 0.00019859119493, -0.00214127218351, 0.00038524743286, 0.00171803880949, -0.00415624119341, 0.00140560325235, 0.0013895558659, 0.00278720585629, -0.0033341711387, -0.00527073303238, 0.0160059556365]]
    },
    "melbands": {
        "mean": [0.0027516244445, 0.00117836380377, 0.00024768608273, 8.20130007924e-005, 0.000137387047289, 0.000131312786834, 5.37115083716e-005, 6.40460566501e-005, 9.10668386496e-005, 5.45154143765e-005, 4.06987091992e-005, 3.18569873343e-005, 6.11357245361e-005, 4.21359254688e-005, 4.37959170085e-005, 4.46733174613e-005, 3.9863793063e-005, 1.81071955012e-005, 1.67524649441e-005, 1.83359843504e-005, 9.78371008387e-006, 1.59050159709e-005, 6.68432949169e-006, 1.67235193658e-005, 1.26242421175e-005, 2.38601805904e-005, 1.88409612747e-005, 1.97074241441e-005, 6.19105185251e-006, 1.77799802259e-006, 6.18200715508e-007, 4.41511957661e-007, 3.29004194555e-007, 1.77665071988e-007, 1.07671972671e-007, 7.71796706545e-008, 6.48239364409e-008, 7.96190491315e-008, 5.86087907095e-008, 4.83799205142e-008],
        "var": [3.38042518706e-005, 4.37915241491e-006, 3.08541928007e-007, 1.25165708909e-008, 5.18813720873e-008, 5.57686874458e-008, 7.71111174913e-009, 1.57457957783e-008, 3.60641259078e-008, 2.08737827023e-008, 1.47869414491e-008, 4.89797846726e-009, 2.79788654467e-008, 6.60903198835e-009, 9.01706265211e-009, 1.78897501257e-008, 1.64221347632e-008, 2.86333468047e-009, 1.40046818586e-009, 1.7188028778e-009, 1.50157797307e-009, 2.66947464134e-009, 2.17866127916e-010, 3.65613406217e-009, 1.31233157674e-009, 7.796987056e-009, 3.00035973844e-009, 5.10083353333e-009, 5.8005217296e-010, 6.28142260428e-011, 7.54224373928e-012, 3.88775860463e-012, 1.85336685235e-012, 5.39859769302e-013, 2.26337882898e-013, 1.4314038236e-013, 7.02200071093e-014, 1.34664184643e-013, 6.6563853767e-014, 5.97507544202e-014]
    },
    "mfcc": {
        "mean": [-782.18963623, 173.040664673, -14.3955926895, 27.1505413055, 12.3111543655, 10.5369844437, 14.8792333603, 0.819028437138, -1.18413281441, 6.77952003479, 5.6671204567, 5.93473720551, 6.69905185699],
        "cov": [[14832.8769531, -1805.94555664, -3805.32495117, 1592.81359863, -1332.26733398, -641.786376953, 419.504547119, 28.1364631653, -168.352798462, 95.1495666504, -473.661132813, -426.425445557, 61.7155227661], [-1805.94555664, 1615.5447998, 247.119918823, -260.06539917, 313.998962402, 87.6624298096, -13.0725097656, 30.8447093964, 15.1716060638, -36.3413200378, 46.5319671631, 30.74659729, -94.6629943848], [-3805.32495117, 247.119918823, 1691.26977539, -238.57119751, 362.605194092, 253.845825195, -18.8170471191, 82.5863037109, 123.5835495, 33.1371536255, 149.035980225, 100.961097717, -25.9177703857], [1592.81359863, -260.06539917, -238.57119751, 622.034851074, -100.428825378, -33.4770126343, 215.433441162, 70.0370330811, 32.1593513489, 79.4115600586, -64.9753036499, -102.534255981, 42.4159126282], [-1332.26733398, 313.998962402, 362.605194092, -100.428825378, 305.581085205, 143.789672852, -12.0750980377, 21.7957305908, 39.9819869995, -11.1043605804, 59.1622962952, 56.8376846313, -13.6374645233], [-641.786376953, 87.6624298096, 253.845825195, -33.4770126343, 143.789672852, 205.583251953, 35.1157073975, 38.6617507935, 40.7420730591, 9.01992321014, 44.7391853333, 43.3563041687, 15.3316373825], [419.504547119, -13.0725097656, -18.8170471191, 215.433441162, -12.0750980377, 35.1157073975, 227.020706177, 60.6725311279, 22.2828140259, 43.8513183594, -32.2063407898, -39.2343063354, 33.9303665161], [28.1364631653, 30.8447093964, 82.5863037109, 70.0370330811, 21.7957305908, 38.6617507935, 60.6725311279, 115.961105347, 56.5288314819, 22.0812015533, 6.17008256912, -2.66137528419, 4.61295080185], [-168.352798462, 15.1716060638, 123.5835495, 32.1593513489, 39.9819869995, 40.7420730591, 22.2828140259, 56.5288314819, 90.2572021484, 38.3815002441, 15.2175588608, 9.12685585022, 0.106334999204], [95.1495666504, -36.3413200378, 33.1371536255, 79.4115600586, -11.1043605804, 9.01992321014, 43.8513183594, 22.0812015533, 38.3815002441, 86.2266311646, 29.5218772888, 10.3827705383, 24.9696941376], [-473.661132813, 46.5319671631, 149.035980225, -64.9753036499, 59.1622962952, 44.7391853333, -32.2063407898, 6.17008256912, 15.2175588608, 29.5218772888, 107.642547607, 73.3470916748, 17.8493289948], [-426.425445557, 30.74659729, 100.961097717, -102.534255981, 56.8376846313, 43.3563041687, -39.2343063354, -2.66137528419, 9.12685585022, 10.3827705383, 73.3470916748, 110.370140076, 31.5086746216], [61.7155227661, -94.6629943848, -25.9177703857, 42.4159126282, -13.6374645233, 15.3316373825, 33.9303665161, 4.61295080185, 0.106334999204, 24.9696941376, 17.8493289948, 31.5086746216, 95.1994857788]],
        "icov": [[0.000318001053529, 0.000122881421703, 0.000556078448426, -0.000470162311103, 0.00058742769761, -0.000196749213501, -3.11148505716e-005, -0.000276501494227, 1.31934275487e-005, -6.53741444694e-005, 0.000146685692016, -0.000223721493967, 0.000480906310258], [0.000122881421703, 0.000956786738243, 0.000343440769939, 0.000272384117125, -0.000886529975105, 0.000269346142886, -0.000466158875497, -0.00050497148186, 0.00032530396129, -0.000266684393864, -0.000151183427079, 0.000158988143085, 0.000909423688427], [0.000556078448426, 0.000343440769939, 0.00193188525736, -0.000433392007835, 0.000216650107177, -0.00068481679773, -0.000265063164989, -0.000681441277266, -0.000601187348366, -0.000267560157226, -0.000594171404373, 7.82743736636e-005, 0.00112522102427], [-0.000470162311103, 0.000272384117125, -0.000433392007835, 0.00410739099607, -0.00142119731754, 0.000775795837399, -0.0021533225663, -0.000438262533862, -0.000159220668138, -0.00177061161958, -0.000479380192701, 0.00283967261203, -0.00129759591073], [0.00058742769761, -0.000886529975105, 0.000216650107177, -0.00142119731754, 0.00861125998199, -0.00377955520526, 0.000202695839107, 0.000734943314455, -0.00185064168181, 0.00231142085977, -0.000649840279948, -0.00186550081708, 0.00129933678545], [-0.000196749213501, 0.000269346142886, -0.00068481679773, 0.000775795837399, -0.00377955520526, 0.00893608946353, -0.00199797819369, -0.000646579370368, -0.0014230349334, 0.00114280194975, -0.00129172601737, -0.000553339079488, -0.00124666385818], [-3.11148505716e-005, -0.000466158875497, -0.000265063164989, -0.0021533225663, 0.000202695839107, -0.00199797819369, 0.00883395783603, -0.00301851239055, 0.00242477911524, -0.00315002538264, 0.0031023719348, 0.000657036027405, -0.0021832191851], [-0.000276501494227, -0.00050497148186, -0.000681441277266, -0.000438262533862, 0.000734943314455, -0.000646579370368, -0.00301851239055, 0.0152709288523, -0.00937337148935, 0.00349944829941, -0.00207215477712, 0.000402138888603, -0.000419818068622], [1.31934275487e-005, 0.00032530396129, -0.000601187348366, -0.000159220668138, -0.00185064168181, -0.0014230349334, 0.00242477911524, -0.00937337148935, 0.0225182846189, -0.0102228829637, 0.00386079447344, -0.00159417081159, 0.00223616859876], [-6.53741444694e-005, -0.000266684393864, -0.000267560157226, -0.00177061161958, 0.00231142085977, 0.00114280194975, -0.00315002538264, 0.00349944829941, -0.0102228829637, 0.0224648807198, -0.00877256691456, 0.00117418542504, -0.00303121469915], [0.000146685692016, -0.000151183427079, -0.000594171404373, -0.000479380192701, -0.000649840279948, -0.00129172601737, 0.0031023719348, -0.00207215477712, 0.00386079447344, -0.00877256691456, 0.0223811641335, -0.0120526049286, 0.00100542930886], [-0.000223721493967, 0.000158988143085, 7.82743736636e-005, 0.00283967261203, -0.00186550081708, -0.000553339079488, 0.000657036027405, 0.000402138888603, -0.00159417081159, 0.00117418542504, -0.0120526049286, 0.0220920778811, -0.00673089316115], [0.000480906310258, 0.000909423688427, 0.00112522102427, -0.00129759591073, 0.00129933678545, -0.00124666385818, -0.0021832191851, -0.000419818068622, 0.00223616859876, -0.00303121469915, 0.00100542930886, -0.00673089316115, 0.0159984529018]]
    },
    "spectral_contrast_coeffs": {
        "mean": [-0.712789177895, -0.693552851677, -0.738928854465, -0.729407966137, -0.75167119503, -0.771079421043],
        "var": [0.0045868344605, 0.00834569428116, 0.00682552484795, 0.00631964486092, 0.00826599821448, 0.00458968617022]
    },
    "spectral_contrast_valleys": {
        "mean": [-7.82233810425, -8.05212211609, -8.80025291443, -9.19874095917, -9.57136631012, -12.9344234467],
        "var": [1.15905451775, 1.48962414265, 1.95508682728, 1.93003821373, 3.05355906487, 2.09023404121]
    }
},
"metadata": {
    "audio_properties": {
        "analysis_sample_rate": 44100,
        "bit_rate": 128074,
        "equal_loudness": 0,
        "length": 45.0612258911,
        "lossless": 0,
        "replay_gain": -5.6185798645,
        "sample_rate": 44100,
        "codec": "mp3",
        "downmix": "mix",
        "md5_encoded": "6fe5d6f2a04cd5b8dde54cc360b3980f"
    },
    "tags": {
        "file_name": "1764.mp3"
    },
    "version": {
        "essentia": "2.1-beta2",
        "essentia_git_sha": "v2.1_beta2",
        "extractor": "music 1.0"
    }
},
"rhythm": {
    "beats_count": 88,
    "beats_loudness": {
        "mean": 0.0251242946833,
        "var": 0.000840961758513
    },
    "bpm": 117.669715881,
    "bpm_histogram_first_peak_bpm": {
        "mean": 117,
        "var": 0
    },
    "bpm_histogram_first_peak_spread": {
        "mean": 0.414285749197,
        "var": 0
    },
    "bpm_histogram_first_peak_weight": {
        "mean": 0.471264362335,
        "var": 0
    },
    "bpm_histogram_second_peak_bpm": {
        "mean": 112,
        "var": 0
    },
    "bpm_histogram_second_peak_spread": {
        "mean": 0.375,
        "var": 0
    },
    "bpm_histogram_second_peak_weight": {
        "mean": 0.0574712641537,
        "var": 0
    },
    "danceability": 1.14704322815,
    "onset_rate": 3.34948611259,
    "beats_loudness_band_ratio": {
        "mean": [0.570139825344, 0.119279742241, 0.136796057224, 0.0962000638247, 0.0481080152094, 0.053834553808],
        "var": [0.109164953232, 0.015408325009, 0.0267952680588, 0.0093896528706, 0.00343546736985, 0.0101604824886]
    },
    "beats_position": [0.429569154978, 0.859138309956, 1.28870749474, 1.72988653183, 2.17106580734, 2.60063481331, 3.13469386101, 3.68036270142, 4.22603178024, 4.76009082794, 5.28253936768, 5.80498838425, 6.32743740082, 6.86149644852, 7.38394546509, 7.89478445053, 8.40562343597, 8.91646194458, 9.42730140686, 9.93814086914, 10.4489793777, 10.95981884, 11.4706573486, 11.9814968109, 12.4923353195, 12.9915647507, 13.5024032593, 14.0132427216, 14.5240812302, 15.0465307236, 15.5573692322, 16.0682086945, 16.5674381256, 17.0782756805, 17.600725174, 18.1115646362, 18.6224040985, 19.1332416534, 19.6440811157, 20.154920578, 20.6657600403, 21.1649875641, 21.6642169952, 22.1634464264, 22.6858959198, 23.1967334747, 23.707572937, 24.2068023682, 24.7060317993, 25.2168693542, 25.7277088165, 26.2385482788, 26.7493877411, 27.2718353271, 27.7942848206, 28.3051242828, 28.804353714, 29.3035831451, 29.8144207001, 30.3252601624, 30.8593196869, 31.3701572418, 31.8577766418, 32.3453979492, 32.8446235657, 33.3438529968, 33.8314743042, 34.3190917969, 34.8299331665, 35.3407707214, 35.8516082764, 36.3508377075, 36.8616790771, 37.3609046936, 37.8601341248, 38.3709754944, 38.8702049255, 39.3810424805, 39.8918800354, 40.4375495911, 40.9599990845, 41.4940567017, 42.0048980713, 42.5041275024, 43.0033569336, 43.5141944885, 44.0366439819, 44.5590934753]
},
"tonal": {
    "chords_changes_rate": 0.0925925895572,
    "chords_number_rate": 0.0123456791043,
    "chords_strength": {
        "mean": 0.480106592178,
        "var": 0.0129925059155
    },
    "hpcp_entropy": {
        "mean": 1.81796240807,
        "var": 0.509304940701
    },
    "key_strength": 0.392026633024,
    "tuning_diatonic_strength": 0.416016221046,
    "tuning_equal_tempered_deviation": 0.276962667704,
    "tuning_frequency": 446.142181396,
    "tuning_nontempered_energy_ratio": 0.96213465929,
    "hpcp": {
        "mean": [0.108276382089, 0.1041418612, 0.112936958671, 0.104937985539, 0.129299327731, 0.200359374285, 0.168992936611, 0.094170704484, 0.0820582360029, 0.0571289397776, 0.0315121673048, 0.0262350384146, 0.0263760779053, 0.0639781951904, 0.133220210671, 0.12435720861, 0.123559124768, 0.159492686391, 0.0944402888417, 0.0304882228374, 0.0318417102098, 0.0473402626812, 0.103058241308, 0.15947778523, 0.121686302125, 0.0681351944804, 0.0686585754156, 0.0694727748632, 0.140717297792, 0.216860175133, 0.15875531733, 0.14425714314, 0.233846604824, 0.235229820013, 0.174413397908, 0.137585684657],
        "var": [0.0498830080032, 0.0525298602879, 0.052982032299, 0.053678907454, 0.050575517118, 0.100173927844, 0.0777321457863, 0.0304287020117, 0.0317285321653, 0.020267713815, 0.00955380685627, 0.00778432702646, 0.00694199558347, 0.0169975366443, 0.0658538341522, 0.0512435957789, 0.0402178391814, 0.0690737590194, 0.0297740045935, 0.00995600409806, 0.0156840439886, 0.0188773572445, 0.0366912260652, 0.0819905996323, 0.0519068203866, 0.0226173978299, 0.0255650710315, 0.0225081089884, 0.0516212582588, 0.116276428103, 0.0631220564246, 0.0582284405828, 0.120493330061, 0.109423287213, 0.07319740206, 0.0564945712686]
    },
    "chords_histogram": [8.12757205963, 2.77777767181, 4.62962961197, 3.29218101501, 1.13168728352, 5.04115247726, 0, 0.514403283596, 0, 11.728395462, 0.102880656719, 3.60082316399, 0, 0, 0, 0, 31.0699596405, 2.16049385071, 0, 0, 0, 0, 4.62962961197, 21.1934146881],
    "thpcp": [1, 0.741459548473, 0.584899008274, 0.460300415754, 0.44272390008, 0.480113267899, 0.446108341217, 0.549672365189, 0.851760089397, 0.718416273594, 0.400334894657, 0.348842829466, 0.242864355445, 0.133963316679, 0.111529387534, 0.112128973007, 0.271981656551, 0.566340684891, 0.528662621975, 0.525269806385, 0.678029179573, 0.401480942965, 0.129610359669, 0.13536426425, 0.201251104474, 0.438117235899, 0.67796587944, 0.517308175564, 0.289653718472, 0.291878700256, 0.295340001583, 0.598212003708, 0.921907663345, 0.6748945117, 0.613260447979, 0.99411970377],
    "chords_key": "G",
    "chords_scale": "minor",
    "key_key": "B",
    "key_scale": "minor"
}
}