{
"lowlevel": {
    "average_loudness": 0.892955422401,
    "barkbands_crest": {
        "mean": 12.0952587128,
        "var": 26.9203071594
    },
    "barkbands_flatness_db": {
        "mean": 0.186956599355,
        "var": 0.00864151027054
    },
    "barkbands_kurtosis": {
        "mean": 11.1679887772,
        "var": 545.487304688
    },
    "barkbands_skewness": {
        "mean": 2.13156151772,
        "var": 4.04518699646
    },
    "barkbands_spread": {
        "mean": 15.6958847046,
        "var": 111.992736816
    },
    "dissonance": {
        "mean": 0.449279516935,
        "var": 0.00252914847806
    },
    "dynamic_complexity": 3.44882512093,
    "erbbands_crest": {
        "mean": 10.4216499329,
        "var": 25.1599884033
    },
    "erbbands_flatness_db": {
        "mean": 0.18477769196,
        "var": 0.00505529204383
    },
    "erbbands_kurtosis": {
        "mean": 1.35862088203,
        "var": 35.0374298096
    },
    "erbbands_skewness": {
        "mean": 0.442940324545,
        "var": 0.993713200092
    },
    "erbbands_spread": {
        "mean": 39.1049118042,
        "var": 428.665344238
    },
    "hfc": {
        "mean": 13.7872018814,
        "var": 145.597396851
    },
    "melbands_crest": {
        "mean": 16.1767215729,
        "var": 37.3503913879
    },
    "melbands_flatness_db": {
        "mean": 0.257887840271,
        "var": 0.0130670610815
    },
    "melbands_kurtosis": {
        "mean": 26.2065124512,
        "var": 1750.56164551
    },
    "melbands_skewness": {
        "mean": 3.41014432907,
        "var": 6.3909740448
    },
    "melbands_spread": {
        "mean": 16.9373416901,
        "var": 259.774841309
    },
    "pitch_salience": {
        "mean": 0.497608721256,
        "var": 0.0165934190154
    },
    "silence_rate_20dB": {
        "mean": 1,
        "var": 0
    },
    "silence_rate_30dB": {
        "mean": 0.981462419033,
        "var": 0.0181936919689
    },
    "silence_rate_60dB": {
        "mean": 0.110710605979,
        "var": 0.0984531491995
    },
    "spectral_centroid": {
        "mean": 1033.84875488,
        "var": 480733.4375
    },
    "spectral_complexity": {
        "mean": 12.7378988266,
        "var": 65.8939819336
    },
    "spectral_decrease": {
        "mean": -7.71089592178e-009,
        "var": 5.38977453726e-017
    },
    "spectral_energy": {
        "mean": 0.0303532276303,
        "var": 0.000811037025414
    },
    "spectral_energyband_high": {
        "mean": 0.000386585161323,
        "var": 3.22660980601e-007
    },
    "spectral_energyband_low": {
        "mean": 0.0119223371148,
        "var": 0.000396787159843
    },
    "spectral_energyband_middle_high": {
        "mean": 0.0042476374656,
        "var": 2.74029061984e-005
    },
    "spectral_energyband_middle_low": {
        "mean": 0.0153448022902,
        "var": 0.000253697740845
    },
    "spectral_entropy": {
        "mean": 7.02788305283,
        "var": 0.797708451748
    },
    "spectral_flux": {
        "mean": 0.0714099928737,
        "var": 0.00370690459386
    },
    "spectral_kurtosis": {
        "mean": 10.7160892487,
        "var": 653.082336426
    },
    "spectral_rms": {
        "mean": 0.0048397439532,
        "var": 6.18980766376e-006
    },
    "spectral_rolloff": {
        "mean": 1016.09362793,
        "var": 1313215.5
    },
    "spectral_skewness": {
        "mean": 1.98356163502,
        "var": 2.74743437767
    },
    "spectral_spread": {
        "mean": 4126361.75,
        "var": 2.66562620621e+012
    },
    "spectral_strongpeak": {
        "mean": 0.911402106285,
        "var": 1.11247825623
    },
    "zerocrossingrate": {
        "mean": 0.0458833500743,
        "var": 0.00114922306966
    },
    "barkbands": {
        "mean": [0.000424716097768, 0.00617923540995, 0.00379635347053, 0.00326028605923, 0.00831050984561, 0.00212014676072, 0.000686967629008, 0.000494004227221, 0.000423441990279, 0.000343312189216, 0.000567573239096, 0.00128493935335, 0.000193000450963, 0.000948631495703, 0.000165816396475, 0.000191877144971, 0.000113571528345, 0.000206357537536, 0.000180366099812, 0.000146786187543, 9.87480743788e-005, 9.60285615292e-005, 5.21760630363e-005, 4.04503880418e-005, 1.96182445507e-005, 7.67861638451e-006, 6.36349625438e-007],
        "var": [2.67355153483e-006, 0.000269469397608, 2.57580941252e-005, 1.85831559065e-005, 0.000129955587909, 1.34330830406e-005, 2.85502960651e-006, 1.1913864455e-006, 7.47975434479e-007, 5.49678247808e-007, 3.04818763652e-006, 1.13426485768e-005, 7.97468402425e-008, 2.01375064535e-006, 5.85593902258e-008, 6.66589841103e-008, 3.85890608356e-008, 1.34214076297e-007, 7.1793351708e-008, 5.32999457903e-008, 2.29277254959e-008, 2.5489354627e-008, 6.89180490454e-009, 9.4698506814e-009, 1.01862973612e-009, 1.98123517592e-010, 4.02147759537e-012]
    },
    "erbbands": {
        "mean": [0.213488727808, 1.26691353321, 3.78369688988, 8.67114257813, 23.5953540802, 26.5337181091, 14.2804260254, 19.975435257, 10.8278875351, 11.9328918457, 9.26776599884, 8.44554901123, 12.6729621887, 13.0370426178, 43.8519630432, 29.9668483734, 9.50609493256, 25.8474636078, 32.5829620361, 10.5002384186, 12.6817750931, 7.26079082489, 11.7627477646, 9.26423931122, 8.26550197601, 6.72246646881, 4.49106025696, 3.69976139069, 3.64811205864, 2.50316643715, 1.38518846035, 1.01888036728, 0.55775219202, 0.269352376461, 0.112684518099, 0.0391894243658, 0.0130834579468, 0.00258367578499, 7.83965442679e-005, 3.65833875549e-005],
        "var": [0.607919692993, 6.67043542862, 20.9115085602, 111.899780273, 1215.21496582, 1521.36254883, 395.540008545, 1218.42358398, 451.009399414, 1194.99511719, 372.994354248, 254.177749634, 483.996856689, 709.283508301, 7790.24414063, 5374.58056641, 137.356628418, 1255.51049805, 2539.56811523, 225.791229248, 321.098419189, 127.906524658, 487.709899902, 175.088256836, 119.781196594, 111.6404953, 48.7976379395, 34.6619796753, 40.9026145935, 15.8008899689, 4.83896875381, 7.61146593094, 1.27894818783, 0.214980468154, 0.0322002619505, 0.00462863175198, 0.000631038565189, 3.56740565621e-005, 2.61637218557e-008, 1.09778763857e-009]
    },
    "gfcc": {
        "mean": [-47.3992385864, 106.020431519, -115.982315063, 38.8113517761, -44.5213623047, 11.4153118134, -41.5491638184, -9.05769920349, -32.284488678, -4.59511327744, -15.7543811798, -3.19821119308, -8.82824420929],
        "cov": [[12359.0019531, -1116.22143555, 65.1416015625, 899.885070801, -1205.71960449, 1095.6159668, 356.638519287, 1269.66210938, 68.0874099731, 433.702789307, 18.6803379059, 544.563476563, -341.190490723], [-1116.22143555, 2112.94189453, 746.44909668, -85.2675094604, 664.868347168, -329.952789307, 77.8179168701, -255.394683838, 48.4154052734, -263.863708496, 58.9848327637, -219.734634399, 73.4455871582], [65.1416015625, 746.44909668, 1299.74938965, 179.167266846, 192.182998657, -34.2137527466, 37.9866981506, -102.264259338, -85.7416992188, -146.910812378, -104.883575439, -13.9705972672, -29.36195755], [899.885070801, -85.2675094604, 179.167266846, 490.186828613, -25.4110717773, 121.754585266, 87.02293396, 29.4070091248, -19.4667358398, -24.9268627167, -17.3377838135, -4.09600925446, -20.2201728821], [-1205.71960449, 664.868347168, 192.182998657, -25.4110717773, 531.768249512, -95.8179855347, 16.1781959534, -168.765350342, 20.7875175476, -97.5576553345, 1.37868106365, -102.568885803, 57.2282829285], [1095.6159668, -329.952789307, -34.2137527466, 121.754585266, -95.8179855347, 333.302398682, 163.771820068, 228.372528076, 25.9924182892, 76.187286377, 18.39727211, 93.4981231689, -45.7066612244], [356.638519287, 77.8179168701, 37.9866981506, 87.02293396, 16.1781959534, 163.771820068, 261.51083374, 138.568206787, -0.572557508945, -14.8250055313, 46.1363143921, 45.0943832397, -23.1362133026], [1269.66210938, -255.394683838, -102.264259338, 29.4070091248, -168.765350342, 228.372528076, 138.568206787, 333.930389404, 89.7544937134, 117.512306213, 36.9126014709, 108.239814758, -46.6630210876], [68.0874099731, 48.4154052734, -85.7416992188, -19.4667358398, 20.7875175476, 25.9924182892, -0.572557508945, 89.7544937134, 134.295059204, 83.6443557739, 38.7557601929, 1.83348333836, 10.5822734833], [433.702789307, -263.863708496, -146.910812378, -24.9268627167, -97.5576553345, 76.187286377, -14.8250055313, 117.512306213, 83.6443557739, 158.812454224, 41.8954544067, 60.0171699524, -9.61733818054], [18.6803379059, 58.9848327637, -104.883575439, -17.3377838135, 1.37868106365, 18.39727211, 46.1363143921, 36.9126014709, 38.7557601929, 41.8954544067, 108.965400696, 39.9121131897, 11.1476573944], [544.563476563, -219.734634399, -13.9705972672, -4.09600925446, -102.568885803, 93.4981231689, 45.0943832397, 108.239814758, 1.83348333836, 60.0171699524, 39.9121131897, 142.814025879, 5.20285272598], [-341.190490723, 73.4455871582, -29.36195755, -20.2201728821, 57.2282829285, -45.7066612244, -23.1362133026, -46.6630210876, 10.5822734833, -9.61733818054, 11.1476573944, 5.20285272598, 71.4065093994]],
        "icov": [[0.000321011495544, -0.000574476143811, 0.000260937667917, -0.000644572195597, 0.00050667434698, -0.000632972922176, 0.000819747161586, -0.000920719001442, 0.000961993879173, -0.000635944539681, 0.000607846712228, -0.000821879948489, 0.000638962781522], [-0.000574476143811, 0.00308115431108, -0.00159677187912, 0.00161963549908, -0.00213676108979, 0.00269768247381, -0.00217072130181, 0.000548664771486, -0.00314205978066, 0.00349748576991, -0.00387884769589, 0.00350790517405, -0.00173089443706], [0.000260937667917, -0.00159677187912, 0.00192390754819, -0.00117406388745, 0.000603090971708, -0.00102749560028, 0.000861518725287, 0.000108751984953, 0.00119594903663, -0.00109800207429, 0.00316432397813, -0.00305555784144, 0.0019604943227], [-0.000644572195597, 0.00161963549908, -0.00117406388745, 0.00401097955182, -0.000741102558095, 0.000154073393787, -0.00232677767053, 0.00242841686122, -0.00264878477901, 0.00211943290196, -0.00187863130122, 0.00294532999396, -0.00181043392513], [0.00050667434698, -0.00213676108979, 0.000603090971708, -0.000741102558095, 0.00504355877638, -0.00287607172504, 0.000450939493021, 0.00159487780184, -0.000409252126701, -0.00111569650471, 0.00226765940897, -0.00117304106243, -0.000396032031858], [-0.000632972922176, 0.00269768247381, -0.00102749560028, 0.000154073393787, -0.00287607172504, 0.0108183287084, -0.00494226068258, -0.00279542431235, -0.000877590151504, 0.000255364691839, -0.00130878447089, 0.00127257325221, -0.000100344208477], [0.000819747161586, -0.00217072130181, 0.000861518725287, -0.00232677767053, 0.000450939493021, -0.00494226068258, 0.011420737952, -0.00630611600354, 0.00528186419979, 0.00163293990772, -0.00238762306981, -0.00186936499085, 0.00184563256335], [-0.000920719001442, 0.000548664771486, 0.000108751984953, 0.00242841686122, 0.00159487780184, -0.00279542431235, -0.00630611600354, 0.0162487439811, -0.0110991559923, 0.000304187997244, 0.00291198934428, -0.00381365930662, 0.00278535787947], [0.000961993879173, -0.00314205978066, 0.00119594903663, -0.00264878477901, -0.000409252126701, -0.000877590151504, 0.00528186419979, -0.0110991559923, 0.0245791599154, -0.0126969479024, -0.00100480753463, 0.00399906747043, -0.00369263486937], [-0.000635944539681, 0.00349748576991, -0.00109800207429, 0.00211943290196, -0.00111569650471, 0.000255364691839, 0.00163293990772, 0.000304187997244, -0.0126969479024, 0.0211303383112, -0.00674919970334, -0.000827365496662, 0.00113968504593], [0.000607846712228, -0.00387884769589, 0.00316432397813, -0.00187863130122, 0.00226765940897, -0.00130878447089, -0.00238762306981, 0.00291198934428, -0.00100480753463, -0.00674919970334, 0.0204416383058, -0.00996744725853, 0.00291225709952], [-0.000821879948489, 0.00350790517405, -0.00305555784144, 0.00294532999396, -0.00117304106243, 0.00127257325221, -0.00186936499085, -0.00381365930662, 0.00399906747043, -0.000827365496662, -0.00996744725853, 0.0205682720989, -0.00994736794382], [0.000638962781522, -0.00173089443706, 0.0019604943227, -0.00181043392513, -0.000396032031858, -0.000100344208477, 0.00184563256335, 0.00278535787947, -0.00369263486937, 0.00113968504593, 0.00291225709952, -0.00994736794382, 0.0227734185755]]
    },
    "melbands": {
        "mean": [0.00179749261588, 0.0018995620776, 0.00187276711222, 0.00204345374368, 0.000606517365668, 0.000429055246059, 0.000158660317538, 0.000131479959236, 6.49811408948e-005, 5.74288715143e-005, 6.60451260046e-005, 5.11564903718e-005, 0.000122929443023, 0.000176383575308, 1.06374991447e-005, 2.72195356956e-005, 5.56791419513e-005, 7.19660238246e-005, 1.32974655571e-005, 1.036449612e-005, 1.50362657223e-005, 5.83971223023e-006, 1.10469254651e-005, 9.45763986238e-006, 7.36873016649e-006, 6.77209072819e-006, 5.68794939682e-006, 4.19491971115e-006, 2.84158932118e-006, 2.64872619482e-006, 1.86721831597e-006, 2.13454882214e-006, 1.7795414351e-006, 1.2127594573e-006, 8.12776704606e-007, 6.67152789902e-007, 5.70361748942e-007, 4.38072646602e-007, 2.58821387433e-007, 2.11408064388e-007],
        "var": [3.10723480652e-005, 5.310479537e-006, 4.53545317214e-006, 8.80731386133e-006, 6.28611360298e-007, 5.57073065011e-007, 1.00184983864e-007, 1.18134359184e-007, 1.68734679562e-008, 1.43200935554e-008, 1.38564715257e-008, 1.05402664374e-008, 7.55613456249e-008, 2.12799875499e-007, 2.86449641784e-010, 1.79833758995e-009, 6.13521233817e-009, 1.43176563938e-008, 3.65340008246e-010, 1.99417427016e-010, 4.80493311805e-010, 1.8501837562e-010, 4.48780096418e-010, 1.98246252747e-010, 1.31480271115e-010, 9.94955506872e-011, 7.28239343828e-011, 4.76445723152e-011, 2.28275193886e-011, 1.75861079171e-011, 1.00002037901e-011, 1.67611636376e-011, 8.11409533313e-012, 4.2251284936e-012, 1.68958055012e-012, 2.18639798107e-012, 2.29482838981e-012, 1.02428265522e-012, 1.72397577984e-013, 1.60876723727e-013]
    },
    "mfcc": {
        "mean": [-688.824584961, 127.228973389, -0.569712162018, 29.776512146, 12.1543035507, 15.5427455902, 3.03444576263, -2.63609075546, -9.46644878387, -4.596763134, -7.58083629608, -11.5032081604, -6.77552604675],
        "cov": [[10905.4833984, -614.018493652, 150.510879517, 207.151245117, -748.913208008, -76.2225341797, 265.893981934, 900.374694824, 269.042633057, 430.939605713, 533.965209961, 501.525665283, 292.510650635], [-614.018493652, 1658.97021484, 267.843566895, 141.104660034, 337.443725586, 4.8738322258, 45.7048835754, -3.06704974174, -41.1798248291, -35.6389312744, -89.8267288208, -41.6119155884, -118.027664185], [150.510879517, 267.843566895, 1009.49353027, 234.454742432, 47.4149627686, 102.93283844, 67.8702316284, 69.8953857422, 8.02445697784, -99.8610305786, -64.2285995483, -84.2561264038, -18.9267349243], [207.151245117, 141.104660034, 234.454742432, 324.517974854, 115.18699646, 78.3086166382, 59.805141449, 28.7743968964, 9.43490505219, -32.2656288147, -37.4273109436, -17.5833301544, -26.2338123322], [-748.913208008, 337.443725586, 47.4149627686, 115.18699646, 335.397521973, 91.5333023071, -20.7145996094, -96.4471206665, 6.12879657745, -31.5930366516, -53.9905509949, -54.1091690063, -49.2332458496], [-76.2225341797, 4.8738322258, 102.93283844, 78.3086166382, 91.5333023071, 153.217254639, 88.7136993408, 42.0194740295, 26.0899734497, 2.90796494484, -12.2684717178, -10.0768108368, 14.6746196747], [265.893981934, 45.7048835754, 67.8702316284, 59.805141449, -20.7145996094, 88.7136993408, 208.456268311, 164.326538086, 30.6632118225, 24.3667907715, 6.14096498489, 22.4642524719, 36.168132782], [900.374694824, -3.06704974174, 69.8953857422, 28.7743968964, -96.4471206665, 42.0194740295, 164.326538086, 268.199432373, 83.2834243774, 71.6131896973, 63.9534568787, 68.4273147583, 61.1290206909], [269.042633057, -41.1798248291, 8.02445697784, 9.43490505219, 6.12879657745, 26.0899734497, 30.6632118225, 83.2834243774, 112.628242493, 61.7262496948, 35.3369560242, 27.1034736633, 21.3513946533], [430.939605713, -35.6389312744, -99.8610305786, -32.2656288147, -31.5930366516, 2.90796494484, 24.3667907715, 71.6131896973, 61.7262496948, 160.299255371, 93.8126220703, 47.5322647095, 0.966978311539], [533.965209961, -89.8267288208, -64.2285995483, -37.4273109436, -53.9905509949, -12.2684717178, 6.14096498489, 63.9534568787, 35.3369560242, 93.8126220703, 134.303665161, 77.0319900513, 38.895816803], [501.525665283, -41.6119155884, -84.2561264038, -17.5833301544, -54.1091690063, -10.0768108368, 22.4642524719, 68.4273147583, 27.1034736633, 47.5322647095, 77.0319900513, 155.561355591, 83.3748703003], [292.510650635, -118.027664185, -18.9267349243, -26.2338123322, -49.2332458496, 14.6746196747, 36.168132782, 61.1290206909, 21.3513946533, 0.966978311539, 38.895816803, 83.3748703003, 123.476593018]],
        "icov": [[0.000177576468559, 4.6206969273e-006, 2.11548285733e-006, -0.000273907498922, 0.000263206748059, -4.2971350922e-005, 0.000401484576287, -0.000616707082372, 0.000125329592265, -0.000110311972094, -0.000268871313892, -0.000146878926898, -1.32955065055e-005], [4.6206969273e-006, 0.0010997694917, -0.000387107516872, 0.000285406480543, -0.00171914650127, 0.00138467748184, -0.000519106222782, -0.000790456717368, 0.000920967955608, -0.000401184719522, 0.000718423572835, -0.000887485104613, 0.00095178099582], [2.11548285733e-006, -0.000387107516872, 0.0015655051684, -0.000981925404631, 0.000921305152588, -0.00128027086612, 0.000765527773183, -0.000509238860104, -0.00043845482287, 0.00119182665367, -0.000628426554613, 0.00117544911336, -0.00032557308441], [-0.000273907498922, 0.000285406480543, -0.000981925404631, 0.00521622924134, -0.00221286318265, -0.000249663629802, -0.00151143234689, 0.000253378675552, 5.0306043704e-005, 0.000708441773895, 0.00106528471224, -0.00148487580009, 0.00199685525149], [0.000263206748059, -0.00171914650127, 0.000921305152588, -0.00221286318265, 0.00843277946115, -0.0056036580354, 0.0017639703583, 0.0027219215408, -0.00312897819094, 0.000942726270296, -0.00124462228268, 0.00104562297929, -0.00021191923588], [-4.2971350922e-005, 0.00138467748184, -0.00128027086612, -0.000249663629802, -0.0056036580354, 0.0150079326704, -0.00719037512317, 0.00127867353149, -0.000538052408956, -0.00169337762054, 0.000843215791974, 0.00046825647587, -0.00184421602171], [0.000401484576287, -0.000519106222782, 0.000765527773183, -0.00151143234689, 0.0017639703583, -0.00719037512317, 0.015901805833, -0.0107371862978, 0.00418349914253, -0.00125459046103, 0.00222974386998, 0.000613770622294, -0.00126585294493], [-0.000616707082372, -0.000790456717368, -0.000509238860104, 0.000253378675552, 0.0027219215408, 0.00127867353149, -0.0107371862978, 0.0163809601218, -0.00764112500474, 0.000229903962463, -0.00205183518119, -0.000120324060845, -0.00130300363526], [0.000125329592265, 0.000920967955608, -0.00043845482287, 5.0306043704e-005, -0.00312897819094, -0.000538052408956, 0.00418349914253, -0.00764112500474, 0.0166021492332, -0.00597121287137, 0.00242494768463, -0.000188516816706, -0.00155993935186], [-0.000110311972094, -0.000401184719522, 0.00119182665367, 0.000708441773895, 0.000942726270296, -0.00169337762054, -0.00125459046103, 0.000229903962463, -0.00597121287137, 0.0155887473375, -0.00936737842858, -0.000689375621732, 0.00536857033148], [-0.000268871313892, 0.000718423572835, -0.000628426554613, 0.00106528471224, -0.00124462228268, 0.000843215791974, 0.00222974386998, -0.00205183518119, 0.00242494768463, -0.00936737842858, 0.0186051353812, -0.00479427305982, -0.00174959248397], [-0.000146878926898, -0.000887485104613, 0.00117544911336, -0.00148487580009, 0.00104562297929, 0.00046825647587, 0.000613770622294, -0.000120324060845, -0.000188516816706, -0.000689375621732, -0.00479427305982, 0.0148735595867, -0.00888944696635], [-1.32955065055e-005, 0.00095178099582, -0.00032557308441, 0.00199685525149, -0.00021191923588, -0.00184421602171, -0.00126585294493, -0.00130300363526, -0.00155993935186, 0.00536857033148, -0.00174959248397, -0.00888944696635, 0.0173460990191]]
    },
    "spectral_contrast_coeffs": {
        "mean": [-0.56617629528, -0.712190449238, -0.729832708836, -0.738920867443, -0.765487074852, -0.756610393524],
        "var": [0.0142204351723, 0.00650832662359, 0.0056894402951, 0.00458761118352, 0.00301325367764, 0.00188600504771]
    },
    "spectral_contrast_valleys": {
        "mean": [-7.77576065063, -7.52884626389, -8.15049648285, -8.52134132385, -8.36044979095, -10.9368696213],
        "var": [3.30800890923, 1.87206149101, 1.79558646679, 1.56130862236, 2.04209733009, 2.53731608391]
    }
},
"metadata": {
    "audio_properties": {
        "analysis_sample_rate": 44100,
        "bit_rate": 128074,
        "equal_loudness": 0,
        "length": 45.0612258911,
        "lossless": 0,
        "replay_gain": -5.58577728271,
        "sample_rate": 44100,
        "codec": "mp3",
        "downmix": "mix",
        "md5_encoded": "87eb8af4c27aaf411907669d90e4bb74"
    },
    "tags": {
        "file_name": "1765.mp3"
    },
    "version": {
        "essentia": "2.1-beta2",
        "essentia_git_sha": "v2.1_beta2",
        "extractor": "music 1.0"
    }
},
"rhythm": {
    "beats_count": 84,
    "beats_loudness": {
        "mean": 0.0364031344652,
        "var": 0.000596958445385
    },
    "bpm": 113.848808289,
    "bpm_histogram_first_peak_bpm": {
        "mean": 115,
        "var": 0
    },
    "bpm_histogram_first_peak_spread": {
        "mean": 0.493333339691,
        "var": 0
    },
    "bpm_histogram_first_peak_weight": {
        "mean": 0.457831323147,
        "var": 0
    },
    "bpm_histogram_second_peak_bpm": {
        "mean": 105,
        "var": 0
    },
    "bpm_histogram_second_peak_spread": {
        "mean": 0.5,
        "var": 0
    },
    "bpm_histogram_second_peak_weight": {
        "mean": 0.0361445769668,
        "var": 0
    },
    "danceability": 1.06498992443,
    "onset_rate": 3.68221664429,
    "beats_loudness_band_ratio": {
        "mean": [0.525802016258, 0.324694305658, 0.0508459471166, 0.080726377666, 0.0902039855719, 0.034590870142],
        "var": [0.0647141188383, 0.0574731603265, 0.00207627937198, 0.00961241684854, 0.0310561098158, 0.00163460802287]
    },
    "beats_position": [0.53405892849, 1.09133780003, 1.66022670269, 2.22911548615, 2.79800438881, 3.3785033226, 3.93578219414, 4.48145103455, 5.01551008224, 5.52634906769, 6.06040811539, 6.59446716309, 7.12852573395, 7.63936471939, 8.17342376709, 8.6958732605, 9.21832180023, 9.74077033997, 10.2632198334, 10.7972784042, 11.3313379288, 11.8537864685, 12.3762359619, 12.9102945328, 13.4443531036, 13.966802597, 14.4892511368, 15.0233106613, 15.545759201, 16.0682086945, 16.5906581879, 17.1131057739, 17.6471652985, 18.1580047607, 18.6920623779, 19.2261219025, 19.7485713959, 20.2710208893, 20.7934684753, 21.3159179688, 21.8499774933, 22.3724250793, 22.9064846039, 23.4289340973, 23.9629936218, 24.4738311768, 25.0078907013, 25.5419502258, 26.0643978119, 26.5868473053, 27.1092967987, 27.6317462921, 28.1658039093, 28.6882534027, 29.2107028961, 29.7447605133, 30.2788200378, 30.8012695313, 31.3237190247, 31.8577766418, 32.391834259, 32.9258956909, 33.4599533081, 33.99401474, 34.5164604187, 35.0389099121, 35.5845794678, 36.118637085, 36.6410865784, 37.1751480103, 37.7092056274, 38.2432632446, 38.7541046143, 39.2765541077, 39.8106117249, 40.344669342, 40.8671188354, 41.3895683289, 41.9120178223, 42.4344673157, 42.9569168091, 43.4793624878, 44.0018119812, 44.5242614746]
},
"tonal": {
    "chords_changes_rate": 0.0493827164173,
    "chords_number_rate": 0.00514403311536,
    "chords_strength": {
        "mean": 0.498718887568,
        "var": 0.00550079857931
    },
    "hpcp_entropy": {
        "mean": 1.70724713802,
        "var": 0.551389753819
    },
    "key_strength": 0.623110055923,
    "tuning_diatonic_strength": 0.539347171783,
    "tuning_equal_tempered_deviation": 0.0486315563321,
    "tuning_frequency": 440.254241943,
    "tuning_nontempered_energy_ratio": 0.647824704647,
    "hpcp": {
        "mean": [0.0925928875804, 0.0842597186565, 0.0487404204905, 0.0345368869603, 0.0351066328585, 0.120966210961, 0.232203289866, 0.160461440682, 0.045721244067, 0.028248924762, 0.0377960056067, 0.167850628495, 0.329514622688, 0.21940267086, 0.0485446825624, 0.0281668771058, 0.022361446172, 0.0240722354501, 0.0338799245656, 0.0425486639142, 0.0952493175864, 0.150048643351, 0.106410101056, 0.0706480517983, 0.0617324449122, 0.0398620702326, 0.107874378562, 0.175471290946, 0.126119703054, 0.0670735910535, 0.0527620203793, 0.0611995793879, 0.200471967459, 0.342306733131, 0.232484146953, 0.0924420952797],
        "var": [0.0490655973554, 0.0457000695169, 0.015653302893, 0.0111570190638, 0.0104168681428, 0.0321111381054, 0.114942930639, 0.0595756433904, 0.0115615045652, 0.00738834962249, 0.0111171435565, 0.0521363914013, 0.163713395596, 0.0825432091951, 0.0138418357819, 0.0112790158018, 0.00839712657034, 0.00512546347454, 0.00655186921358, 0.00867035891861, 0.0386565998197, 0.0974738672376, 0.0456733442843, 0.0272614043206, 0.0217652413994, 0.00983308907598, 0.0436842516065, 0.0886873602867, 0.0455937571824, 0.0321136973798, 0.0250462368131, 0.025557179004, 0.0674970597029, 0.153644800186, 0.080962523818, 0.0358157791197]
    },
    "chords_histogram": [53.3950614929, 7.40740728378, 0.102880656719, 0.205761313438, 0, 3.90946507454, 0, 11.8312759399, 0, 0, 0, 0, 0, 0, 0, 0, 0, 0, 0, 0, 0, 0, 22.8395061493, 0.308641970158],
    "thpcp": [1, 0.6791690588, 0.270056307316, 0.270496845245, 0.246152684093, 0.142388150096, 0.1008945629, 0.102558992803, 0.353385418653, 0.678348600864, 0.468765079975, 0.133568048477, 0.0825251787901, 0.110415607691, 0.490351527929, 0.962629675865, 0.640953421593, 0.141816318035, 0.0822854861617, 0.0653257593513, 0.0703235790133, 0.0989753380418, 0.124299816787, 0.278257220984, 0.438345581293, 0.310861825943, 0.206388145685, 0.18034248054, 0.116451315582, 0.315139502287, 0.512614190578, 0.368440628052, 0.195945873857, 0.154136672616, 0.178785786033, 0.585650086403],
    "chords_key": "C#",
    "chords_scale": "minor",
    "key_key": "C#",
    "key_scale": "minor"
}
}