{
"lowlevel": {
    "average_loudness": 0.774388670921,
    "barkbands_crest": {
        "mean": 13.5356845856,
        "var": 16.8628787994
    },
    "barkbands_flatness_db": {
        "mean": 0.414678454399,
        "var": 0.00936294067651
    },
    "barkbands_kurtosis": {
        "mean": 8.72083473206,
        "var": 158.957717896
    },
    "barkbands_skewness": {
        "mean": 1.60110676289,
        "var": 1.99245762825
    },
    "barkbands_spread": {
        "mean": 5.24229955673,
        "var": 62.6461105347
    },
    "dissonance": {
        "mean": 0.339123994112,
        "var": 0.00938206538558
    },
    "dynamic_complexity": 3.62999939919,
    "erbbands_crest": {
        "mean": 11.7860403061,
        "var": 14.6954259872
    },
    "erbbands_flatness_db": {
        "mean": 0.370651453733,
        "var": 0.00449485657737
    },
    "erbbands_kurtosis": {
        "mean": 4.07009458542,
        "var": 64.8905639648
    },
    "erbbands_skewness": {
        "mean": 1.00502288342,
        "var": 1.46799361706
    },
    "erbbands_spread": {
        "mean": 15.9354753494,
        "var": 278.376037598
    },
    "hfc": {
        "mean": 7.59057998657,
        "var": 252.954910278
    },
    "melbands_crest": {
        "mean": 18.8074474335,
        "var": 32.6538848877
    },
    "melbands_flatness_db": {
        "mean": 0.530583322048,
        "var": 0.0155423237011
    },
    "melbands_kurtosis": {
        "mean": 14.2908525467,
        "var": 389.547637939
    },
    "melbands_skewness": {
        "mean": 2.33450436592,
        "var": 2.62543845177
    },
    "melbands_spread": {
        "mean": 5.96689605713,
        "var": 84.2662353516
    },
    "pitch_salience": {
        "mean": 0.528995573521,
        "var": 0.0146526228637
    },
    "silence_rate_20dB": {
        "mean": 1,
        "var": 0
    },
    "silence_rate_30dB": {
        "mean": 0.991246163845,
        "var": 0.00867714639753
    },
    "silence_rate_60dB": {
        "mean": 0.0602471679449,
        "var": 0.0566183924675
    },
    "spectral_centroid": {
        "mean": 448.98046875,
        "var": 283623.1875
    },
    "spectral_complexity": {
        "mean": 7.34757995605,
        "var": 44.8404159546
    },
    "spectral_decrease": {
        "mean": -4.81631401428e-009,
        "var": 3.49914769903e-017
    },
    "spectral_energy": {
        "mean": 0.018866378814,
        "var": 0.000548455864191
    },
    "spectral_energyband_high": {
        "mean": 6.26560213277e-005,
        "var": 9.08069068828e-008
    },
    "spectral_energyband_low": {
        "mean": 0.00561637058854,
        "var": 0.000154192195623
    },
    "spectral_energyband_middle_high": {
        "mean": 0.00176708132494,
        "var": 2.77471717709e-005
    },
    "spectral_energyband_middle_low": {
        "mean": 0.0146428216249,
        "var": 0.000288531562546
    },
    "spectral_entropy": {
        "mean": 5.38722848892,
        "var": 0.84801787138
    },
    "spectral_flux": {
        "mean": 0.045994758606,
        "var": 0.00276752584614
    },
    "spectral_kurtosis": {
        "mean": 113.514060974,
        "var": 11283.4355469
    },
    "spectral_rms": {
        "mean": 0.00379870808683,
        "var": 3.97606891056e-006
    },
    "spectral_rolloff": {
        "mean": 506.00793457,
        "var": 502922.71875
    },
    "spectral_skewness": {
        "mean": 7.14266967773,
        "var": 20.4032974243
    },
    "spectral_spread": {
        "mean": 1284534.125,
        "var": 2.41335926784e+012
    },
    "spectral_strongpeak": {
        "mean": 0.593115329742,
        "var": 0.420318067074
    },
    "zerocrossingrate": {
        "mean": 0.0164232961833,
        "var": 0.000216708926018
    },
    "barkbands": {
        "mean": [4.3160612222e-006, 0.000577894796152, 0.00195151579101, 0.0069609824568, 0.00412196153775, 0.00175535853487, 0.000656753429212, 0.000624848529696, 0.000228070319281, 0.000345516775269, 0.000188994221389, 0.000107620537165, 0.000145527868881, 0.000152934939251, 0.000184998716577, 0.000189632148249, 0.000142429271364, 0.000271419703495, 0.000158033159096, 7.97030807007e-005, 1.24417128973e-005, 3.59079058398e-006, 1.50431594648e-006, 2.39982000494e-007, 8.65945466444e-008, 5.67576075028e-009, 1.02035913052e-009],
        "var": [1.02205015284e-010, 8.04279068234e-007, 5.1121256547e-005, 0.000114419781312, 2.47383086389e-005, 1.67415928445e-005, 2.19681369344e-005, 2.0109007437e-006, 3.22425648847e-007, 2.17057186092e-006, 3.1020778124e-007, 1.4574636964e-007, 3.32271326897e-007, 6.6493180384e-007, 1.71433919149e-006, 5.74467094339e-007, 3.63784295132e-007, 2.09926975003e-006, 6.0184135009e-007, 1.15579176452e-007, 3.32864269481e-009, 4.69986716212e-010, 3.80413173184e-010, 1.5267238862e-011, 2.13844415266e-012, 5.46172053642e-015, 1.90445987888e-016]
    },
    "erbbands": {
        "mean": [0.00658095208928, 0.188061475754, 1.74890387058, 13.4232854843, 18.8293132782, 13.6280250549, 11.6466369629, 16.1944160461, 11.3351325989, 14.0275125504, 7.59544229507, 5.61118173599, 14.7623004913, 2.7188179493, 9.5275812149, 5.07061958313, 7.30060863495, 9.08535480499, 9.5182800293, 9.36876964569, 9.44727420807, 7.62600946426, 12.9966678619, 15.1215162277, 3.51071000099, 4.06878519058, 1.08170163631, 0.376229286194, 0.150348961353, 0.0693293511868, 0.0404314659536, 0.00943932123482, 0.00301987002604, 0.00178728217725, 0.000304877612507, 5.04612980876e-005, 1.62866781466e-005, 3.07013760903e-006, 9.26042594074e-006, 2.12288214243e-005],
        "var": [9.20833554119e-005, 0.103346817195, 27.4507083893, 566.348937988, 546.537597656, 432.541778564, 274.760131836, 1734.87072754, 9554.93652344, 857.504882813, 191.423660278, 133.976425171, 3455.12084961, 62.3715667725, 741.138000488, 260.891235352, 645.710021973, 2159.16333008, 4440.82958984, 2709.05395508, 1263.29211426, 966.199523926, 5929.66992188, 4909.21337891, 249.406524658, 315.13092041, 28.7537384033, 2.79945492744, 0.906885385513, 0.289631187916, 0.247700840235, 0.0181813724339, 0.00245389295742, 0.000945576291997, 2.32694546867e-005, 3.43868947539e-007, 1.82487553957e-008, 7.80932651878e-010, 1.50362763907e-010, 7.2407391194e-010]
    },
    "gfcc": {
        "mean": [-237.078033447, 242.908630371, -83.8233947754, -3.73875594139, -17.6494750977, -38.6668548584, -22.2830467224, -20.3776321411, -20.7782688141, -22.3757019043, -9.33669471741, -17.5765037537, -8.23997020721],
        "cov": [[10529.8056641, -1434.21118164, -5442.29589844, 1252.30322266, 141.50491333, -578.616394043, 430.933563232, -499.697235107, 52.7734947205, 228.413330078, -85.0793304443, 53.2348556519, -227.816375732], [-1434.21118164, 999.625854492, 846.079528809, -1128.171875, 46.07264328, 200.439315796, -62.0043144226, 147.75944519, -2.29973888397, -20.2031421661, 10.6717185974, -82.6947097778, 49.2083320618], [-5442.29589844, 846.079528809, 3799.32885742, -577.568969727, -187.080657959, 447.306182861, -310.768737793, 214.482879639, -57.5905075073, -239.463729858, 38.5608978271, -26.4985733032, 100.158348083], [1252.30322266, -1128.171875, -577.568969727, 1913.85388184, 51.3142356873, -355.347198486, 170.527359009, -176.316619873, -0.496372252703, -18.4437999725, -7.28139448166, 119.794158936, -57.4135055542], [141.50491333, 46.07264328, -187.080657959, 51.3142356873, 329.961364746, -25.2639503479, -47.9281005859, 26.2632045746, -38.3006019592, -4.89387702942, 18.2704353333, -12.5964202881, 25.4849872589], [-578.616394043, 200.439315796, 447.306182861, -355.347198486, -25.2639503479, 326.885681152, -19.5417118073, 11.2866487503, 31.5515422821, -45.259349823, -17.2491531372, -4.4464597702, 21.0795860291], [430.933563232, -62.0043144226, -310.768737793, 170.527359009, -47.9281005859, -19.5417118073, 205.418457031, -37.8757629395, -0.851042568684, 30.1290054321, -31.8162612915, 16.5788135529, -3.94980931282], [-499.697235107, 147.75944519, 214.482879639, -176.316619873, 26.2632045746, 11.2866487503, -37.8757629395, 160.082122803, 19.1416988373, -28.9534473419, 15.2305927277, -18.8330364227, 25.0092353821], [52.7734947205, -2.29973888397, -57.5905075073, -0.496372252703, -38.3006019592, 31.5515422821, -0.851042568684, 19.1416988373, 103.215881348, 5.67075586319, -24.2447376251, 13.3816642761, -9.57623195648], [228.413330078, -20.2031421661, -239.463729858, -18.4437999725, -4.89387702942, -45.259349823, 30.1290054321, -28.9534473419, 5.67075586319, 105.352371216, 21.1931190491, -13.3750085831, -8.76640129089], [-85.0793304443, 10.6717185974, 38.5608978271, -7.28139448166, 18.2704353333, -17.2491531372, -31.8162612915, 15.2305927277, -24.2447376251, 21.1931190491, 73.0752944946, 4.0138964653, -8.85909843445], [53.2348556519, -82.6947097778, -26.4985733032, 119.794158936, -12.5964202881, -4.4464597702, 16.5788135529, -18.8330364227, 13.3816642761, -13.3750085831, 4.0138964653, 60.4210395813, 14.638338089], [-227.816375732, 49.2083320618, 100.158348083, -57.4135055542, 25.4849872589, 21.0795860291, -3.94980931282, 25.0092353821, -9.57623195648, -8.76640129089, -8.85909843445, 14.638338089, 68.7486877441]],
        "icov": [[0.000504918105435, -0.000595218909439, 0.00093141553225, -0.00053320225561, 0.000557498133276, -0.000520556292031, 0.000722112774383, 0.000366937165381, 0.000585756322835, 0.000477787863929, 0.000193841842702, 8.92081734492e-005, 0.000306423055008], [-0.000595218909439, 0.0100470082834, -0.00363472802565, 0.00723866233602, -0.00580441206694, 0.00571852363646, -0.00938237924129, 0.00306588457897, -0.00831229425967, 0.00400233129039, -0.00578544428572, 0.00452946638688, -0.00143677939195], [0.00093141553225, -0.00363472802565, 0.00290108914487, -0.00291229807772, 0.00295889819972, -0.00303690647706, 0.00434457138181, -0.000827139883768, 0.00380105129443, 0.000105033905129, 0.00172036897857, -0.000824121001642, 0.000354303367203], [-0.00053320225561, 0.00723866233602, -0.00291229807772, 0.00627724127844, -0.0047467132099, 0.0054949936457, -0.00778358336538, 0.00331974658184, -0.00691780913621, 0.00383612164296, -0.00470240041614, 0.00206972239539, -0.000564221234526], [0.000557498133276, -0.00580441206694, 0.00295889819972, -0.0047467132099, 0.00758198369294, -0.00426338799298, 0.00720513425767, -0.0027600445319, 0.00677615590394, -0.00193308026064, 0.00302256597206, -0.00117922923528, -0.00102022173814], [-0.000520556292031, 0.00571852363646, -0.00303690647706, 0.0054949936457, -0.00426338799298, 0.00931163411587, -0.00750359613448, 0.00471806433052, -0.00878227036446, 0.00529023166746, -0.00517228711396, 0.00336743006483, -0.00215913890861], [0.000722112774383, -0.00938237924129, 0.00434457138181, -0.00778358336538, 0.00720513425767, -0.00750359613448, 0.0170467086136, -0.00515640713274, 0.0120006650686, -0.00758211687207, 0.0109281800687, -0.0071162651293, 0.00239202915691], [0.000366937165381, 0.00306588457897, -0.000827139883768, 0.00331974658184, -0.0027600445319, 0.00471806433052, -0.00515640713274, 0.0139921363443, -0.0101822633296, 0.00883441418409, -0.00979508832097, 0.00885162968189, -0.00624964106828], [0.000585756322835, -0.00831229425967, 0.00380105129443, -0.00691780913621, 0.00677615590394, -0.00878227036446, 0.0120006650686, -0.0101822633296, 0.0252978056669, -0.0107015948743, 0.0159968920052, -0.0132282953709, 0.00818757619709], [0.000477787863929, 0.00400233129039, 0.000105033905129, 0.00383612164296, -0.00193308026064, 0.00529023166746, -0.00758211687207, 0.00883441418409, -0.0107015948743, 0.021355194971, -0.0142179476097, 0.0117877535522, -0.00589538924396], [0.000193841842702, -0.00578544428572, 0.00172036897857, -0.00470240041614, 0.00302256597206, -0.00517228711396, 0.0109281800687, -0.00979508832097, 0.0159968920052, -0.0142179476097, 0.0297235883772, -0.0150094665587, 0.0104479212314], [8.92081734492e-005, 0.00452946638688, -0.000824121001642, 0.00206972239539, -0.00117922923528, 0.00336743006483, -0.0071162651293, 0.00885162968189, -0.0132282953709, 0.0117877535522, -0.0150094665587, 0.0327224619687, -0.0134826926515], [0.000306423055008, -0.00143677939195, 0.000354303367203, -0.000564221234526, -0.00102022173814, -0.00215913890861, 0.00239202915691, -0.00624964106828, 0.00818757619709, -0.00589538924396, 0.0104479212314, -0.0134826926515, 0.0236591920257]]
    },
    "melbands": {
        "mean": [0.00010944360838, 0.000658669800032, 0.00264652143233, 0.00111236958764, 0.000479492882732, 0.000362878869055, 0.000152727589011, 0.000156576235895, 5.20181347383e-005, 3.59255209332e-005, 7.24766287021e-005, 7.87181852502e-006, 2.70013097179e-005, 1.59327119036e-005, 1.63730819622e-005, 1.53861565195e-005, 1.66135450854e-005, 1.34522715598e-005, 1.29903037305e-005, 1.34766696647e-005, 1.07401947389e-005, 8.76350532053e-006, 5.75587637286e-006, 1.61802599905e-005, 1.24681182569e-005, 3.17118474413e-006, 2.14599913306e-006, 2.88085493594e-006, 8.28557290333e-007, 2.30790590194e-007, 1.84321635288e-007, 9.26736518636e-008, 4.89988920549e-008, 3.33570966404e-008, 2.64110529002e-008, 1.17080771744e-008, 3.20412318899e-009, 1.76425829501e-009, 1.88642723664e-009, 1.46339829143e-009],
        "var": [2.59507313416e-008, 4.06786193707e-006, 1.634617729e-005, 1.38280734063e-006, 5.10087147632e-007, 1.1406758631e-006, 1.5621313878e-006, 1.13031468629e-007, 8.81999184799e-009, 6.48143538839e-009, 8.49801082836e-008, 6.17380646606e-010, 5.60897239765e-009, 1.76067860291e-009, 2.48735609887e-009, 5.36823341335e-009, 8.58146265159e-009, 8.94301166454e-009, 8.60140136894e-009, 3.26531690575e-009, 1.72613212612e-009, 1.3845635749e-009, 8.95605811735e-010, 8.48192094338e-009, 3.14995496353e-009, 2.59568061489e-010, 8.8655187358e-011, 1.66162139603e-010, 1.90971214536e-011, 1.03557234402e-012, 7.38895002041e-013, 4.72220732569e-013, 6.00998675197e-014, 1.32738695795e-013, 1.15921351294e-013, 2.18201142105e-014, 2.60448464655e-015, 8.25581149651e-016, 1.08403064831e-015, 6.52848632393e-016]
    },
    "mfcc": {
        "mean": [-851.521179199, 224.754333496, 35.0211448669, 27.1534061432, 13.523859024, -2.93128061295, -2.80853176117, -4.86198472977, -10.0362472534, -8.92474651337, -6.88905191422, -7.71204423904, -7.13820362091],
        "cov": [[9101.99121094, -24.52759552, -5472.46679688, 764.975280762, -406.29888916, -232.609451294, 25.2534179688, -164.152191162, -182.928970337, 12.7326259613, 127.661911011, 68.3716430664, 200.652526855], [-24.52759552, 1138.83508301, 87.0257949829, -1075.59204102, -122.028961182, -55.5498123169, -18.5109539032, -18.7062530518, 19.7021884918, 49.2307777405, 6.10344600677, 25.8733062744, -10.8720312119], [-5472.46679688, 87.0257949829, 3800.86767578, -367.822021484, 121.12902832, 221.365539551, -31.7283554077, 138.40512085, 120.634864807, -28.0736999512, -100.933059692, -41.0672569275, -113.414108276], [764.975280762, -1075.59204102, -367.822021484, 1513.04016113, 177.023071289, 11.9162473679, 58.0673713684, 1.74924683571, -59.5082206726, -102.81602478, -18.3577098846, -4.38032054901, 52.1940078735], [-406.29888916, -122.028961182, 121.12902832, 177.023071289, 307.110900879, 32.7605209351, 3.50060796738, 29.5595340729, -15.4413452148, -4.0877571106, -15.3551826477, -26.3520832062, -18.4685173035], [-232.609451294, -55.5498123169, 221.365539551, 11.9162473679, 32.7605209351, 204.147567749, 46.2781791687, 24.3934345245, 29.4467277527, -8.92069530487, -20.3318481445, -11.4444055557, -6.36926317215], [25.2534179688, -18.5109539032, -31.7283554077, 58.0673713684, 3.50060796738, 46.2781791687, 127.782157898, 31.6579227448, -2.59511518478, -4.94267559052, -16.3478603363, 5.44177150726, 14.6154050827], [-164.152191162, -18.7062530518, 138.40512085, 1.74924683571, 29.5595340729, 24.3934345245, 31.6579227448, 135.12097168, 64.6240692139, 12.0868339539, -9.29772663116, -28.497800827, -23.084608078], [-182.928970337, 19.7021884918, 120.634864807, -59.5082206726, -15.4413452148, 29.4467277527, -2.59511518478, 64.6240692139, 115.032920837, 39.5839500427, -2.22395849228, -25.209197998, -30.6309909821], [12.7326259613, 49.2307777405, -28.0736999512, -102.81602478, -4.0877571106, -8.92069530487, -4.94267559052, 12.0868339539, 39.5839500427, 82.5420608521, 31.0708580017, -13.6667509079, -16.6561756134], [127.661911011, 6.10344600677, -100.933059692, -18.3577098846, -15.3551826477, -20.3318481445, -16.3478603363, -9.29772663116, -2.22395849228, 31.0708580017, 61.557849884, 24.1793384552, 1.90946209431], [68.3716430664, 25.8733062744, -41.0672569275, -4.38032054901, -26.3520832062, -11.4444055557, 5.44177150726, -28.497800827, -25.209197998, -13.6667509079, 24.1793384552, 82.0601730347, 55.2238044739], [200.652526855, -10.8720312119, -113.414108276, 52.1940078735, -18.4685173035, -6.36926317215, 14.6154050827, -23.084608078, -30.6309909821, -16.6561756134, 1.90946209431, 55.2238044739, 78.0437469482]],
        "icov": [[0.00242571858689, -0.00240159174427, 0.00341576500796, -0.00261754798703, 0.00313682481647, -0.00267787161283, 0.00304248719476, -0.00294141378254, 0.00312041421421, -0.00288624037057, 0.00205428875051, -0.000509152014274, 0.000145940648508], [-0.00240159174427, 0.00537966564298, -0.00328147038817, 0.00489568617195, -0.00346662662923, 0.00354603352025, -0.00391560606658, 0.00336384517141, -0.00365563342348, 0.00404153717682, -0.00197310792282, 0.000313645636197, -0.000667395594064], [0.00341576500796, -0.00328147038817, 0.00515458825976, -0.00354878022335, 0.00431637186557, -0.0040750647895, 0.00455759139732, -0.00444518821314, 0.00438008410856, -0.00408944720402, 0.00370311853476, -0.00154526671395, 0.000994591158815], [-0.00261754798703, 0.00489568617195, -0.00354878022335, 0.0054829781875, -0.00424920069054, 0.00370058254339, -0.00446382490918, 0.00373904360458, -0.00429601408541, 0.00573824765161, -0.00337159982882, 0.0017209823709, -0.00177058810368], [0.00313682481647, -0.00346662662923, 0.00431637186557, -0.00424920069054, 0.00817274395376, -0.00434974953532, 0.00489574763924, -0.00543578155339, 0.00649628089741, -0.00579508719966, 0.0042642718181, -0.00108037667815, 0.00159398163669], [-0.00267787161283, 0.00354603352025, -0.0040750647895, 0.00370058254339, -0.00434974953532, 0.00951903406531, -0.006352648139, 0.00458632409573, -0.00630141282454, 0.00552595267072, -0.00308903190307, 0.00204647099599, -0.00139051128644], [0.00304248719476, -0.00391560606658, 0.00455759139732, -0.00446382490918, 0.00489574763924, -0.006352648139, 0.0149224447086, -0.00804868713021, 0.00765765272081, -0.00765560287982, 0.0078277438879, -0.00412825960666, 0.00080677436199], [-0.00294141378254, 0.00336384517141, -0.00444518821314, 0.00373904360458, -0.00543578155339, 0.00458632409573, -0.00804868713021, 0.0165036655962, -0.0121384030208, 0.00749447895214, -0.00616346392781, 0.0053978827782, -0.00228586373851], [0.00312041421421, -0.00365563342348, 0.00438008410856, -0.00429601408541, 0.00649628089741, -0.00630141282454, 0.00765765272081, -0.0121384030208, 0.0224778912961, -0.0142885381356, 0.009446923621, -0.00528871174902, 0.00598881533369], [-0.00288624037057, 0.00404153717682, -0.00408944720402, 0.00573824765161, -0.00579508719966, 0.00552595267072, -0.00765560287982, 0.00749447895214, -0.0142885381356, 0.029809448868, -0.020126093179, 0.0123114529997, -0.00653199758381], [0.00205428875051, -0.00197310792282, 0.00370311853476, -0.00337159982882, 0.0042642718181, -0.00308903190307, 0.0078277438879, -0.00616346392781, 0.009446923621, -0.020126093179, 0.0368918627501, -0.0212866514921, 0.0131200458854], [-0.000509152014274, 0.000313645636197, -0.00154526671395, 0.0017209823709, -0.00108037667815, 0.00204647099599, -0.00412825960666, 0.0053978827782, -0.00528871174902, 0.0123114529997, -0.0212866514921, 0.0376726463437, -0.0253473129123], [0.000145940648508, -0.000667395594064, 0.000994591158815, -0.00177058810368, 0.00159398163669, -0.00139051128644, 0.00080677436199, -0.00228586373851, 0.00598881533369, -0.00653199758381, 0.0131200458854, -0.0253473129123, 0.0329823456705]]
    },
    "spectral_contrast_coeffs": {
        "mean": [-0.536752521992, -0.61392724514, -0.73734498024, -0.794639408588, -0.793721437454, -0.812458515167],
        "var": [0.00705124251544, 0.0106410915032, 0.00957659259439, 0.00885676685721, 0.00459693931043, 0.0149223832414]
    },
    "spectral_contrast_valleys": {
        "mean": [-7.74801540375, -8.32187461853, -9.2390422821, -9.94421291351, -10.7494544983, -14.5669593811],
        "var": [0.899048566818, 1.32131648064, 1.58919215202, 2.26089930534, 3.68257045746, 1.05310094357]
    }
},
"metadata": {
    "audio_properties": {
        "analysis_sample_rate": 44100,
        "bit_rate": 128074,
        "equal_loudness": 0,
        "length": 45.0612258911,
        "lossless": 0,
        "replay_gain": -5.6508846283,
        "sample_rate": 44100,
        "codec": "mp3",
        "downmix": "mix",
        "md5_encoded": "dd14cf8c2422731abfe8171255fec865"
    },
    "tags": {
        "file_name": "1766.mp3"
    },
    "version": {
        "essentia": "2.1-beta2",
        "essentia_git_sha": "v2.1_beta2",
        "extractor": "music 1.0"
    }
},
"rhythm": {
    "beats_count": 90,
    "beats_loudness": {
        "mean": 0.0263800416142,
        "var": 0.00102942250669
    },
    "bpm": 122.416862488,
    "bpm_histogram_first_peak_bpm": {
        "mean": 123,
        "var": 0
    },
    "bpm_histogram_first_peak_spread": {
        "mean": 0.493333309889,
        "var": 0
    },
    "bpm_histogram_first_peak_weight": {
        "mean": 0.426966279745,
        "var": 0
    },
    "bpm_histogram_second_peak_bpm": {
        "mean": 117,
        "var": 0
    },
    "bpm_histogram_second_peak_spread": {
        "mean": 0,
        "var": 0
    },
    "bpm_histogram_second_peak_weight": {
        "mean": 0.157303377986,
        "var": 0
    },
    "danceability": 1.03419756889,
    "onset_rate": 3.66003441811,
    "beats_loudness_band_ratio": {
        "mean": [0.572309792042, 0.340882360935, 0.0889744833112, 0.0251510441303, 0.0400445312262, 0.0116326874122],
        "var": [0.0678543448448, 0.0402716137469, 0.0152145493776, 0.00188968144357, 0.00382007658482, 0.000268355332082]
    },
    "beats_position": [0.545668900013, 1.04489791393, 1.54412698746, 2.03174591064, 2.53097510338, 3.03020405769, 3.52943301201, 4.04027223587, 4.55111122131, 5.0387301445, 5.53795909882, 6.025578022, 6.52480697632, 7.01242637634, 7.50004529953, 7.98766422272, 8.46367359161, 8.95129203796, 9.43891143799, 9.92653083801, 10.4257593155, 10.9249887466, 11.4242172241, 11.9234466553, 12.4342851639, 12.9219045639, 13.4211339951, 13.9087524414, 14.3963718414, 14.8839902878, 15.3716096878, 15.8592290878, 16.3468475342, 16.8460769653, 17.3453063965, 17.8213157654, 18.2973232269, 18.7965526581, 19.2957820892, 19.8066215515, 20.3174591064, 20.8050785065, 21.3043079376, 21.8035373688, 22.2911567688, 22.7787742615, 23.2663936615, 23.7540130615, 24.2416324615, 24.7292518616, 25.2168693542, 25.7044887543, 26.1921081543, 26.6913375854, 27.1905670166, 27.6897945404, 28.1890239716, 28.6766433716, 29.1874828339, 29.6983222961, 30.1859397888, 30.6735591888, 31.1611785889, 31.6371879578, 32.1131973267, 32.5892066956, 33.0884361267, 33.5760536194, 34.0636711121, 34.5629005432, 35.0621299744, 35.572971344, 36.0838088989, 36.5714263916, 37.0822677612, 37.5698852539, 38.0575065613, 38.5567321777, 39.0327415466, 39.520362854, 39.9963722229, 40.4723815918, 40.9599990845, 41.4360084534, 41.9468460083, 42.4576873779, 42.9569168091, 43.467754364, 43.9785919189, 44.4662132263]
},
"tonal": {
    "chords_changes_rate": 0.0390946492553,
    "chords_number_rate": 0.0102880662307,
    "chords_strength": {
        "mean": 0.485901147127,
        "var": 0.0080747846514
    },
    "hpcp_entropy": {
        "mean": 1.55674338341,
        "var": 1.04986393452
    },
    "key_strength": 0.677549660206,
    "tuning_diatonic_strength": 0.493939340115,
    "tuning_equal_tempered_deviation": 0.153800517321,
    "tuning_frequency": 438.984558105,
    "tuning_nontempered_energy_ratio": 0.795484423637,
    "hpcp": {
        "mean": [0.0597286559641, 0.045592110604, 0.0253152959049, 0.0207715258002, 0.0253859702498, 0.0610206536949, 0.203415095806, 0.239991351962, 0.135979786515, 0.106142543256, 0.0650300607085, 0.0216990951449, 0.0228662751615, 0.0277161169797, 0.0545389950275, 0.084718964994, 0.0796006023884, 0.068012803793, 0.0585684478283, 0.0643572732806, 0.227045446634, 0.530399918556, 0.46229866147, 0.156892344356, 0.0792919546366, 0.0687168315053, 0.0427705049515, 0.0362983122468, 0.0449699684978, 0.0648680180311, 0.0978326275945, 0.109182067215, 0.129778429866, 0.135558545589, 0.0768293067813, 0.0493078306317],
        "var": [0.0227139275521, 0.018863979727, 0.00982371997088, 0.0086987670511, 0.0119982073084, 0.0166252814233, 0.0738476142287, 0.095570884645, 0.0377443656325, 0.0701942369342, 0.0259780362248, 0.00755675788969, 0.0110709248111, 0.0140740349889, 0.0168415885419, 0.0348024480045, 0.0394482836127, 0.0410525910556, 0.0304595995694, 0.0348987877369, 0.0667900145054, 0.164783164859, 0.136190235615, 0.0441304929554, 0.0449404679239, 0.0466777272522, 0.0182514227927, 0.0132087031379, 0.0207847468555, 0.0239365398884, 0.0456105470657, 0.0526854097843, 0.056025903672, 0.0581180974841, 0.022672591731, 0.0165460985154]
    },
    "chords_histogram": [9.77366256714, 22.3251037598, 32.4074058533, 10.4938268661, 2.16049385071, 2.98353910446, 0, 0, 0, 8.95061683655, 0, 0.925925910473, 0, 0, 0, 0, 2.88065838814, 0, 4.83539104462, 0, 0, 0, 0.617283940315, 1.64609050751],
    "thpcp": [1, 0.871603965759, 0.295800089836, 0.149494662881, 0.129556640983, 0.0806382223964, 0.0684357434511, 0.0847850218415, 0.122300200164, 0.184450685978, 0.205848574638, 0.244680330157, 0.255577981472, 0.144851654768, 0.0929634943604, 0.112610608339, 0.0859579890966, 0.0477286949754, 0.0391620062292, 0.0478619411588, 0.11504650116, 0.383512675762, 0.452472448349, 0.256372183561, 0.200117945671, 0.122605711222, 0.0409108176827, 0.0431113839149, 0.0522551313043, 0.102826178074, 0.159726575017, 0.150076568127, 0.128229290247, 0.110423184931, 0.121337257326, 0.428064644337],
    "chords_key": "E",
    "chords_scale": "minor",
    "key_key": "A",
    "key_scale": "minor"
}
}