{
"lowlevel": {
    "average_loudness": 0.0358269810677,
    "barkbands_crest": {
        "mean": 12.9113464355,
        "var": 20.6864414215
    },
    "barkbands_flatness_db": {
        "mean": 0.288234353065,
        "var": 0.00754439691082
    },
    "barkbands_kurtosis": {
        "mean": 10.7070093155,
        "var": 263.466369629
    },
    "barkbands_skewness": {
        "mean": 1.46838521957,
        "var": 1.47553122044
    },
    "barkbands_spread": {
        "mean": 6.52947473526,
        "var": 50.7476081848
    },
    "dissonance": {
        "mean": 0.383175045252,
        "var": 0.00420430721715
    },
    "dynamic_complexity": 9.85057353973,
    "erbbands_crest": {
        "mean": 13.8363771439,
        "var": 23.9598083496
    },
    "erbbands_flatness_db": {
        "mean": 0.296335369349,
        "var": 0.00707780616358
    },
    "erbbands_kurtosis": {
        "mean": 7.97754669189,
        "var": 245.396881104
    },
    "erbbands_skewness": {
        "mean": 1.51625943184,
        "var": 2.253677845
    },
    "erbbands_spread": {
        "mean": 13.9702663422,
        "var": 167.885910034
    },
    "hfc": {
        "mean": 4.90339612961,
        "var": 108.852653503
    },
    "melbands_crest": {
        "mean": 15.2369785309,
        "var": 24.8326282501
    },
    "melbands_flatness_db": {
        "mean": 0.386497497559,
        "var": 0.00974061246961
    },
    "melbands_kurtosis": {
        "mean": 10.6191082001,
        "var": 213.955123901
    },
    "melbands_skewness": {
        "mean": 1.47284245491,
        "var": 1.24710667133
    },
    "melbands_spread": {
        "mean": 7.65578269958,
        "var": 61.1328277588
    },
    "pitch_salience": {
        "mean": 0.508773267269,
        "var": 0.0202487874776
    },
    "silence_rate_20dB": {
        "mean": 1,
        "var": 0
    },
    "silence_rate_30dB": {
        "mean": 0.981977343559,
        "var": 0.0176975931972
    },
    "silence_rate_60dB": {
        "mean": 0.581874370575,
        "var": 0.2433013767
    },
    "spectral_centroid": {
        "mean": 553.302124023,
        "var": 181883.84375
    },
    "spectral_complexity": {
        "mean": 4.92430496216,
        "var": 10.0627756119
    },
    "spectral_decrease": {
        "mean": -3.30277227789e-009,
        "var": 4.78338265771e-017
    },
    "spectral_energy": {
        "mean": 0.0129101751372,
        "var": 0.000731556676328
    },
    "spectral_energyband_high": {
        "mean": 3.3038284073e-006,
        "var": 7.75706512912e-011
    },
    "spectral_energyband_low": {
        "mean": 0.000503374845721,
        "var": 6.75135083839e-007
    },
    "spectral_energyband_middle_high": {
        "mean": 0.000279439467704,
        "var": 1.29945576077e-007
    },
    "spectral_energyband_middle_low": {
        "mean": 0.0123151857406,
        "var": 0.000720105948858
    },
    "spectral_entropy": {
        "mean": 5.95711374283,
        "var": 0.585892736912
    },
    "spectral_flux": {
        "mean": 0.0247490294278,
        "var": 0.000715230300557
    },
    "spectral_kurtosis": {
        "mean": 44.2424736023,
        "var": 2574.4230957
    },
    "spectral_rms": {
        "mean": 0.00250060576946,
        "var": 6.34224034002e-006
    },
    "spectral_rolloff": {
        "mean": 606.099731445,
        "var": 427473.25
    },
    "spectral_skewness": {
        "mean": 4.56531238556,
        "var": 6.55229711533
    },
    "spectral_spread": {
        "mean": 2219108.5,
        "var": 2.65535828787e+012
    },
    "spectral_strongpeak": {
        "mean": 0.832660734653,
        "var": 1.24405407906
    },
    "zerocrossingrate": {
        "mean": 0.0247803982347,
        "var": 0.000373517337721
    },
    "barkbands": {
        "mean": [4.39737013949e-005, 0.000169912498677, 0.0001107935459, 0.000466357188998, 0.00120893632993, 0.00758862541988, 0.00255701807328, 0.00020575117378, 0.000257376377704, 8.59382344061e-005, 0.00014366240066, 2.23757560889e-005, 1.0216620467e-005, 7.96936546976e-006, 1.25898895931e-005, 1.20591857922e-006, 6.86893599777e-007, 4.95683138979e-007, 6.84114183969e-007, 1.24881680676e-005, 4.55101627495e-007, 1.11150905013e-006, 4.58574334061e-007, 6.36329559711e-007, 3.62933690212e-007, 1.06505325448e-007, 4.83593831646e-009],
        "var": [5.88899018439e-009, 1.86349865317e-007, 4.21933457062e-008, 1.80513700343e-006, 4.30774707638e-006, 0.00035676031257, 7.01421959093e-005, 2.08139397273e-007, 1.32169157041e-006, 1.59690216606e-008, 5.74266714182e-008, 2.94368951437e-009, 6.04362337953e-010, 4.67287875061e-010, 9.23407572628e-010, 4.97099280142e-012, 1.4236922188e-012, 7.10366119226e-013, 1.60124745494e-012, 1.55548030012e-009, 2.02092119081e-012, 1.45125274645e-011, 2.0242616177e-012, 6.37889133875e-012, 1.73800101914e-012, 1.72745945695e-013, 5.36485046044e-016]
    },
    "erbbands": {
        "mean": [0.00533418916166, 0.0374821908772, 0.112975180149, 0.896317720413, 2.50930166245, 4.7716126442, 12.8771219254, 65.5407180786, 72.411819458, 12.6078128815, 4.5386633873, 7.00131750107, 1.99300563335, 6.11982107162, 2.70789718628, 1.2125980854, 0.542650997639, 0.377747535706, 0.369871675968, 0.60623061657, 0.0817064493895, 0.0338014066219, 0.0261741802096, 0.0313956178725, 0.461074322462, 0.325485020876, 0.0226147919893, 0.0239973850548, 0.0604739636183, 0.0121083939448, 0.0129161830992, 0.0141733782366, 0.00962631870061, 0.00443973299116, 0.00245348270983, 0.000703037192579, 0.000167041565874, 2.93668090308e-005, 6.70061899655e-006, 1.43987408592e-005],
        "var": [0.000187094003195, 0.00890112947673, 0.0478332825005, 4.65472459793, 25.4942874908, 83.7611236572, 1153.50036621, 27330, 49502.0039063, 1489.66784668, 100.931045532, 900.725585938, 12.9287128448, 111.903862, 23.6525402069, 7.35435390472, 1.37930035591, 0.672340393066, 0.485280334949, 2.145195961, 0.0154095841572, 0.00290725729428, 0.00139888608828, 0.00298006553203, 1.81507396698, 1.06939184666, 0.00190333090723, 0.0056983307004, 0.0486413054168, 0.00121063645929, 0.00176320713945, 0.00268703489564, 0.00145930191502, 0.000290265365038, 7.70308761275e-005, 7.21839023754e-006, 4.57797113995e-007, 1.15354312769e-008, 1.67367980586e-010, 9.0618723636e-010]
    },
    "gfcc": {
        "mean": [-230.79800415, 177.902923584, -92.0690917969, -7.71229839325, -67.3675003052, -10.6171388626, -34.6715545654, -8.60392856598, -23.0001220703, -0.250715970993, 0.0450512953103, -4.32555246353, 6.58090782166],
        "cov": [[6607.19433594, -309.376861572, 253.152206421, -154.046951294, -776.250549316, -449.453338623, -33.3367843628, -481.453887939, -214.141235352, 165.146728516, 57.1313934326, -194.666702271, 5.87483453751], [-309.376861572, 1991.68774414, 200.265930176, -803.270996094, 441.744415283, -486.660308838, 75.0476913452, -431.507904053, 135.172973633, -169.99508667, 91.3563537598, -267.957336426, 49.8799362183], [253.152206421, 200.265930176, 497.411010742, -109.909065247, -35.7836723328, 3.84910726547, -33.7059822083, -30.3202037811, 42.9002227783, -2.34998488426, 24.7602996826, 29.9162731171, -23.8232860565], [-154.046951294, -803.270996094, -109.909065247, 662.390686035, -61.8278160095, 277.686950684, 18.8754863739, 224.230117798, -63.6610794067, 41.4443206787, -78.9992752075, 60.9632148743, -19.3660545349], [-776.250549316, 441.744415283, -35.7836723328, -61.8278160095, 356.830169678, -9.82834339142, 4.62448120117, -42.7130241394, 53.0638465881, -27.2126102448, -48.9597244263, -60.5376052856, -7.4460067749], [-449.453338623, -486.660308838, 3.84910726547, 277.686950684, -9.82834339142, 374.328460693, 17.4682483673, 224.419692993, -2.0484623909, 18.5343112946, -50.0425376892, 118.671562195, -16.5077629089], [-33.3367843628, 75.0476913452, -33.7059822083, 18.8754863739, 4.62448120117, 17.4682483673, 181.092544556, 25.8025779724, -50.5796890259, -4.92221927643, 13.1725730896, 4.94527721405, 44.5335388184], [-481.453887939, -431.507904053, -30.3202037811, 224.230117798, -42.7130241394, 224.419692993, 25.8025779724, 258.854278564, 3.99667263031, 5.67135381699, -5.08360052109, 115.680557251, -4.75167751312], [-214.141235352, 135.172973633, 42.9002227783, -63.6610794067, 53.0638465881, -2.0484623909, -50.5796890259, 3.99667263031, 126.766052246, 23.264251709, 47.1889266968, 12.0414505005, -8.88682842255], [165.146728516, -169.99508667, -2.34998488426, 41.4443206787, -27.2126102448, 18.5343112946, -4.92221927643, 5.67135381699, 23.264251709, 102.43724823, 20.4914264679, 28.5391597748, -1.65351235867], [57.1313934326, 91.3563537598, 24.7602996826, -78.9992752075, -48.9597244263, -50.0425376892, 13.1725730896, -5.08360052109, 47.1889266968, 20.4914264679, 139.873153687, 35.0524253845, 16.3175621033], [-194.666702271, -267.957336426, 29.9162731171, 60.9632148743, -60.5376052856, 118.671562195, 4.94527721405, 115.680557251, 12.0414505005, 28.5391597748, 35.0524253845, 139.459915161, 15.4047670364], [5.87483453751, 49.8799362183, -23.8232860565, -19.3660545349, -7.4460067749, -16.5077629089, 44.5335388184, -4.75167751312, -8.88682842255, -1.65351235867, 16.3175621033, 15.4047670364, 75.632232666]],
        "icov": [[0.000314756529406, -3.71059941244e-005, -0.000129611493321, -6.34872267256e-005, 0.000752613705117, -1.2752469047e-005, 3.19900354953e-005, 0.000517503067385, 0.000312864780426, -0.000565576658119, 3.53821524186e-005, 0.000415003800299, -3.9836661017e-005], [-3.71059941244e-005, 0.00601850217208, -0.00195469846949, 0.00336495600641, -0.00515553727746, 0.00111756566912, -0.00406339857727, 0.00305720395409, -0.00440305424854, 0.00693789450452, -0.00308190868236, 0.0048452806659, -0.0020870694425], [-0.000129611493321, -0.00195469846949, 0.00304976967163, -0.000751750660129, 0.00179709505755, -0.000817919091787, 0.00113192340359, -0.000247508083703, 0.000366936408682, -0.00146939465776, 0.00118901627138, -0.00284047517926, 0.00171672238503], [-6.34872267256e-005, 0.00336495600641, -0.000751750660129, 0.00491141295061, -0.00272551644593, -0.000775788619649, -0.00174357031938, -0.000541788700502, -0.000964840932284, 0.00225928402506, -0.00132506038062, 0.00448018545285, -0.00132914457936], [0.000752613705117, -0.00515553727746, 0.00179709505755, -0.00272551644593, 0.0100632021204, -0.00153016147669, 0.0022829270456, -0.000642368744593, 0.00117510382552, -0.00610964698717, 0.0047632898204, -0.00218582106754, 0.00190402858425], [-1.2752469047e-005, 0.00111756566912, -0.000817919091787, -0.000775788619649, -0.00153016147669, 0.00772063387558, -0.00161787297111, -0.00307775218971, -0.00184543675277, 0.00120554340538, 0.00226863310672, -0.00274549005553, 0.000980688026175], [3.19900354953e-005, -0.00406339857727, 0.00113192340359, -0.00174357031938, 0.0022829270456, -0.00161787297111, 0.0112493308261, -0.0041442993097, 0.00798207800835, -0.00589080806822, -0.000789877085481, -0.000758562062401, -0.00329106114805], [0.000517503067385, 0.00305720395409, -0.000247508083703, -0.000541788700502, -0.000642368744593, -0.00307775218971, -0.0041442993097, 0.0148569298908, -0.00467554898933, 0.0061702542007, -0.00141446886119, -0.00356210255995, 0.000981717254035], [0.000312864780426, -0.00440305424854, 0.000366936408682, -0.000964840932284, 0.00117510382552, -0.00184543675277, 0.00798207800835, -0.00467554898933, 0.0185365863144, -0.00935365539044, -0.00376615510322, -0.000790041696746, 0.00041425973177], [-0.000565576658119, 0.00693789450452, -0.00146939465776, 0.00225928402506, -0.00610964698717, 0.00120554340538, -0.00589080806822, 0.0061702542007, -0.00935365539044, 0.021428855136, -0.00376153644174, 0.000745151017327, -0.000868898699991], [3.53821524186e-005, -0.00308190868236, 0.00118901627138, -0.00132506038062, 0.0047632898204, 0.00226863310672, -0.000789877085481, -0.00141446886119, -0.00376615510322, -0.00376153644174, 0.0140700405464, -0.00678652850911, 0.00122728489805], [0.000415003800299, 0.0048452806659, -0.00284047517926, 0.00448018545285, -0.00218582106754, -0.00274549005553, -0.000758562062401, -0.00356210255995, -0.000790041696746, 0.000745151017327, -0.00678652850911, 0.0224466025829, -0.00675112009048], [-3.9836661017e-005, -0.0020870694425, 0.00171672238503, -0.00132914457936, 0.00190402858425, 0.000980688026175, -0.00329106114805, 0.000981717254035, 0.00041425973177, -0.000868898699991, 0.00122728489805, -0.00675112009048, 0.0183427911252]]
    },
    "melbands": {
        "mean": [5.06577162014e-005, 5.36053339601e-005, 0.000198767244001, 0.000261110049905, 0.000398629170377, 0.0015984417405, 0.00101208884735, 9.74250360741e-005, 4.00234457629e-005, 3.76453317585e-005, 7.46617297409e-006, 2.31981684919e-005, 1.36527050927e-005, 3.17226636071e-006, 1.72543695953e-006, 9.24297410165e-007, 7.36461970519e-007, 4.84648751353e-007, 1.1914200968e-006, 2.78139793863e-007, 7.01339573084e-008, 3.63179033513e-008, 2.47649154517e-008, 2.33858870047e-008, 1.72120522279e-008, 5.38983471188e-008, 7.95864423253e-007, 5.80098244995e-008, 9.15304454452e-009, 9.16696762943e-009, 1.13873488417e-008, 4.33383604559e-008, 8.86802897782e-009, 6.11053252442e-009, 6.88857948461e-009, 8.84724293826e-009, 8.58935855774e-009, 6.79878642273e-009, 6.01535043998e-009, 2.91005197717e-009],
        "var": [1.51804027126e-008, 1.07927666804e-008, 2.34675368915e-007, 2.19353012199e-007, 1.09173731744e-006, 1.67849229911e-005, 9.62301055552e-006, 1.01180511081e-007, 1.41260656505e-008, 2.586322978e-008, 2.22821996965e-010, 1.64731461805e-009, 5.39109423769e-010, 5.30450787462e-011, 1.38432789537e-011, 4.47337869872e-012, 3.44274738925e-012, 1.69820342684e-012, 1.02413511699e-011, 3.21399103078e-013, 1.90360287212e-014, 3.9677661757e-015, 1.57556990272e-015, 1.8851048584e-015, 1.68655991205e-015, 1.20001978257e-014, 6.42157464356e-012, 3.79649518203e-014, 5.0648345669e-016, 7.43479093106e-016, 2.01562077711e-015, 2.68841413432e-014, 6.24966531231e-016, 5.19784679758e-016, 5.77992836833e-016, 7.33906932588e-016, 1.18018233448e-015, 7.9228963139e-016, 4.76861549854e-016, 1.46945115339e-016]
    },
    "mfcc": {
        "mean": [-873.814880371, 198.344741821, 36.5907974243, 0.129322737455, -7.76281356812, -6.74429321289, -5.97275924683, -12.8917741776, -11.9689970016, -2.29122471809, -12.5465459824, -9.70662307739, 10.2288656235],
        "cov": [[3645.98242188, 888.091247559, -151.317947388, -3.29025840759, -373.135559082, -172.10168457, -144.942062378, -410.826660156, -335.536224365, 47.6405487061, -177.560928345, -211.843719482, 156.677764893], [888.091247559, 1889.42687988, 96.6842651367, -314.114959717, -62.3325309753, -50.0246963501, -161.178512573, -311.788452148, -187.27130127, -96.1682815552, -16.9763393402, -85.4311981201, -26.5794696808], [-151.317947388, 96.6842651367, 365.024993896, 3.94526815414, -22.9456043243, 11.3290681839, -3.2162797451, 31.1949920654, 11.240691185, -40.118888855, 10.5220069885, 46.7089805603, -38.8283233643], [-3.29025840759, -314.114959717, 3.94526815414, 246.415023804, 33.0035209656, 18.4795284271, 70.413734436, 47.8262023926, 25.9556865692, 56.1397476196, -21.9475269318, -47.9559898376, 59.6711997986], [-373.135559082, -62.3325309753, -22.9456043243, 33.0035209656, 221.726242065, 81.0431060791, -36.2438011169, 34.0324058533, 54.645362854, -3.79533624649, 63.1103439331, 59.1737518311, -74.6052932739], [-172.10168457, -50.0246963501, 11.3290681839, 18.4795284271, 81.0431060791, 137.604782104, 41.0497398376, 14.6648511887, 49.6008529663, 25.6365356445, 21.4610691071, -14.4859972, 2.23860216141], [-144.942062378, -161.178512573, -3.2162797451, 70.413734436, -36.2438011169, 41.0497398376, 163.319335938, 100.214782715, 39.1499633789, 34.117565155, -23.7417087555, -29.1164970398, 51.2303123474], [-410.826660156, -311.788452148, 31.1949920654, 47.8262023926, 34.0324058533, 14.6648511887, 100.214782715, 190.171768188, 91.5120697021, 2.19137525558, 16.5505409241, 58.0847358704, -30.4463367462], [-335.536224365, -187.27130127, 11.240691185, 25.9556865692, 54.645362854, 49.6008529663, 39.1499633789, 91.5120697021, 112.041168213, 31.4299297333, 10.8670158386, 1.19307160378, -23.2833938599], [47.6405487061, -96.1682815552, -40.118888855, 56.1397476196, -3.79533624649, 25.6365356445, 34.117565155, 2.19137525558, 31.4299297333, 96.5097198486, -2.22730612755, -66.2944107056, 45.8211708069], [-177.560928345, -16.9763393402, 10.5220069885, -21.9475269318, 63.1103439331, 21.4610691071, -23.7417087555, 16.5505409241, 10.8670158386, -2.22730612755, 93.3624267578, 94.4589157104, -49.717414856], [-211.843719482, -85.4311981201, 46.7089805603, -47.9559898376, 59.1737518311, -14.4859972, -29.1164970398, 58.0847358704, 1.19307160378, -66.2944107056, 94.4589157104, 231.339782715, -84.629776001], [156.677764893, -26.5794696808, -38.8283233643, 59.6711997986, -74.6052932739, 2.23860216141, 51.2303123474, -30.4463367462, -23.2833938599, 45.8211708069, -49.717414856, -84.629776001, 181.436431885]],
        "icov": [[0.000604889122769, -0.000291052128887, 0.000383404607419, -0.000705226382706, 0.00117457995657, -0.000806923606433, 0.00101552426349, -0.000226543881581, 0.00137167086359, -0.00118959543761, 0.00128944392782, -0.00065671937773, 0.000440643547336], [-0.000291052128887, 0.00124202726875, -0.000805290648714, 0.00176444626413, -0.00156969611999, 0.00136197567917, -0.00183418882079, 0.00205941754393, -0.000280122767435, 0.00119250931311, -0.00117858103476, 0.00120465108193, -0.000216277883737], [0.000383404607419, -0.000805290648714, 0.00392206199467, -0.00224897777662, 0.00333471409976, -0.00286940275691, 0.00275641353801, -0.00211906828918, 0.000318314734614, 0.000585210858844, 0.000739325827453, -0.00114034709986, 0.000966391002294], [-0.000705226382706, 0.00176444626413, -0.00224897777662, 0.00918925087899, -0.00632009562105, 0.00424274569377, -0.00535227824003, 0.0019699188415, 0.000348511966877, -0.00142782519106, -0.000254991347902, 0.00197054608725, -0.0021906986367], [0.00117457995657, -0.00156969611999, 0.00333471409976, -0.00632009562105, 0.0150822848082, -0.0102784140036, 0.00988538004458, -0.005398361478, 0.0010856827721, -0.000542432360817, -0.00047990726307, -0.00213727564551, 0.00332727725618], [-0.000806923606433, 0.00136197567917, -0.00286940275691, 0.00424274569377, -0.0102784140036, 0.019331542775, -0.0129589214921, 0.0106927212328, -0.00938875228167, 0.00319166458212, -0.00609235139564, 0.00338263297454, -0.00222714082338], [0.00101552426349, -0.00183418882079, 0.00275641353801, -0.00535227824003, 0.00988538004458, -0.0129589214921, 0.0234703794122, -0.0172502622008, 0.00860329531133, -0.00551337562501, 0.00538339139894, -0.00160964787938, -0.00087182741845], [-0.000226543881581, 0.00205941754393, -0.00211906828918, 0.0019699188415, -0.005398361478, 0.0106927212328, -0.0172502622008, 0.025725889951, -0.0156581904739, 0.00567960785702, -0.00245593721047, -0.00205669272691, 0.00115597085096], [0.00137167086359, -0.000280122767435, 0.000318314734614, 0.000348511966877, 0.0010856827721, -0.00938875228167, 0.00860329531133, -0.0156581904739, 0.0291066411883, -0.0118198059499, 0.00679645640776, 3.26750487147e-005, 0.00283132353798], [-0.00118959543761, 0.00119250931311, 0.000585210858844, -0.00142782519106, -0.000542432360817, 0.00319166458212, -0.00551337562501, 0.00567960785702, -0.0118198059499, 0.0256787873805, -0.0144089115784, 0.00912303570658, -0.00365068041719], [0.00128944392782, -0.00117858103476, 0.000739325827453, -0.000254991347902, -0.00047990726307, -0.00609235139564, 0.00538339139894, -0.00245593721047, 0.00679645640776, -0.0144089115784, 0.0312976799905, -0.0141196828336, 0.00340289296582], [-0.00065671937773, 0.00120465108193, -0.00114034709986, 0.00197054608725, -0.00213727564551, 0.00338263297454, -0.00160964787938, -0.00205669272691, 3.26750487147e-005, 0.00912303570658, -0.0141196828336, 0.0140454452485, -0.000577223254368], [0.000440643547336, -0.000216277883737, 0.000966391002294, -0.0021906986367, 0.00332727725618, -0.00222714082338, -0.00087182741845, 0.00115597085096, 0.00283132353798, -0.00365068041719, 0.00340289296582, -0.000577223254368, 0.00981097668409]]
    },
    "spectral_contrast_coeffs": {
        "mean": [-0.63688147068, -0.66644847393, -0.750238835812, -0.810845255852, -0.806863963604, -0.822490692139],
        "var": [0.0121924346313, 0.0116873951629, 0.004680655431, 0.00306388037279, 0.005021979101, 0.00195355736651]
    },
    "spectral_contrast_valleys": {
        "mean": [-8.78934860229, -7.76170921326, -8.96030902863, -10.0727033615, -10.8978223801, -13.4368944168],
        "var": [0.819161534309, 1.06480824947, 0.686817884445, 0.473279386759, 0.672420620918, 1.12491846085]
    }
},
"metadata": {
    "audio_properties": {
        "analysis_sample_rate": 44100,
        "bit_rate": 128074,
        "equal_loudness": 0,
        "length": 45.0612258911,
        "lossless": 0,
        "replay_gain": -5.34813690186,
        "sample_rate": 44100,
        "codec": "mp3",
        "downmix": "mix",
        "md5_encoded": "c4be16eadb25df10dfdee6d323afb8c2"
    },
    "tags": {
        "file_name": "1767.mp3"
    },
    "version": {
        "essentia": "2.1-beta2",
        "essentia_git_sha": "v2.1_beta2",
        "extractor": "music 1.0"
    }
},
"rhythm": {
    "beats_count": 99,
    "beats_loudness": {
        "mean": 0.0176579039544,
        "var": 0.00120048946701
    },
    "bpm": 155.991043091,
    "bpm_histogram_first_peak_bpm": {
        "mean": 157,
        "var": 0
    },
    "bpm_histogram_first_peak_spread": {
        "mean": 0.1875,
        "var": 0
    },
    "bpm_histogram_first_peak_weight": {
        "mean": 0.132653057575,
        "var": 0
    },
    "bpm_histogram_second_peak_bpm": {
        "mean": 112,
        "var": 0
    },
    "bpm_histogram_second_peak_spread": {
        "mean": 0.333333313465,
        "var": 0
    },
    "bpm_histogram_second_peak_weight": {
        "mean": 0.102040819824,
        "var": 0
    },
    "danceability": 0.805892288685,
    "onset_rate": 1.90765440464,
    "beats_loudness_band_ratio": {
        "mean": [0.246071636677, 0.586843073368, 0.258113443851, 0.075862981379, 0.0095168268308, 0.0114654134959],
        "var": [0.0498292148113, 0.059594117105, 0.0253225360066, 0.0119256572798, 0.000665588711854, 0.0015786732547]
    },
    "beats_position": [0.452789098024, 0.917188167572, 1.38158726692, 1.84598636627, 2.31038546562, 2.7863945961, 3.21596360207, 3.64553284645, 4.07510185242, 4.52789115906, 4.99229001999, 5.44507932663, 5.97913837433, 6.51319694519, 7.04725599289, 7.6277551651, 8.20825386047, 8.78875255585, 9.32281208038, 9.85687065125, 10.4025392532, 10.95981884, 11.505487442, 12.051156044, 12.5852155685, 13.1192741394, 13.6533327103, 14.1873922348, 14.7214508057, 15.1277999878, 15.5341491699, 15.9288883209, 16.3236274719, 16.6719264984, 17.0086174011, 17.3569164276, 17.7052154541, 18.0535144806, 18.4134235382, 18.7501125336, 19.0868015289, 19.4234924316, 19.760181427, 20.0968704224, 20.4451694489, 20.7934684753, 21.153377533, 21.5016784668, 21.8499774933, 22.1982765198, 22.5814056396, 22.9645347595, 23.3476638794, 23.7307929993, 24.2184123993, 24.7060317993, 25.2052612305, 25.6696586609, 26.1224479675, 26.563627243, 27.0048065186, 27.4692058563, 27.921995163, 28.3747844696, 28.8159637451, 29.2571430206, 29.7099323273, 30.290430069, 30.8593196869, 31.4282073975, 31.9970970154, 32.5659866333, 33.1348762512, 33.6921539307, 34.1797714233, 34.6441726685, 35.1085700989, 35.5845794678, 36.0605888367, 36.5482063293, 37.0358276367, 37.5466651917, 38.0458946228, 38.545124054, 38.9746932983, 39.4042625427, 39.8338317871, 40.216960907, 40.6000900269, 40.9832191467, 41.3663482666, 41.7494773865, 42.1326065063, 42.5157356262, 42.8988647461, 43.2703857422, 43.6419029236, 44.0134239197, 44.3965530396]
},
"tonal": {
    "chords_changes_rate": 0.0329218097031,
    "chords_number_rate": 0.00925925932825,
    "chords_strength": {
        "mean": 0.524110913277,
        "var": 0.00883232522756
    },
    "hpcp_entropy": {
        "mean": 1.63295769691,
        "var": 0.422826468945
    },
    "key_strength": 0.524943709373,
    "tuning_diatonic_strength": 0.380293369293,
    "tuning_equal_tempered_deviation": 0.0622306875885,
    "tuning_frequency": 437.213165283,
    "tuning_nontempered_energy_ratio": 0.6330088377,
    "hpcp": {
        "mean": [0.128122732043, 0.0935890376568, 0.143048226833, 0.222944974899, 0.179089352489, 0.0964703634381, 0.0555596537888, 0.0367432869971, 0.0663571283221, 0.10832194984, 0.0670024901628, 0.0306828450412, 0.0854705274105, 0.0962166041136, 0.0629376843572, 0.0834432095289, 0.0661294683814, 0.0187252964824, 0.00732429604977, 0.0127068860456, 0.117297269404, 0.24654494226, 0.167653098702, 0.0976587980986, 0.121927969158, 0.0603238157928, 0.0120652308688, 0.0107745490968, 0.0157115273178, 0.303318679333, 0.596682906151, 0.318295717239, 0.0397777445614, 0.0657441988587, 0.0642469674349, 0.0938994586468],
        "var": [0.0725353509188, 0.0252335015684, 0.0523088313639, 0.109197348356, 0.0747879892588, 0.0307288970798, 0.0140763409436, 0.0101456372067, 0.01738393493, 0.0414619334042, 0.0172037798911, 0.00701848091558, 0.0436091013253, 0.0523142404854, 0.0123503720388, 0.0364599227905, 0.0311420094222, 0.00503349956125, 0.000577246246394, 0.00106865749694, 0.0361413992941, 0.133740618825, 0.0653747916222, 0.0277331117541, 0.0620645880699, 0.0181203633547, 0.00249638967216, 0.00290690758266, 0.00392988324165, 0.0490783564746, 0.172878503799, 0.0504462793469, 0.0108095286414, 0.0316578522325, 0.0216940138489, 0.0382587760687]
    },
    "chords_histogram": [35.3909454346, 0, 0.411522626877, 0, 0.205761313438, 0, 0, 1.74897122383, 0, 0, 0, 0, 2.46913576126, 0.617283940315, 0.823045253754, 0, 0, 0.617283940315, 8.43621444702, 36.7283935547, 2.67489719391, 2.05761313438, 3.80658435822, 4.01234579086],
    "thpcp": [1, 0.533442020416, 0.0666648000479, 0.110182806849, 0.107673548162, 0.157369107008, 0.214724987745, 0.156848862767, 0.239739105105, 0.373640626669, 0.300141572952, 0.161677777767, 0.0931142047048, 0.0615792535245, 0.111210040748, 0.181540220976, 0.112291619182, 0.0514223612845, 0.143242791295, 0.161252483726, 0.105479285121, 0.139845147729, 0.110828496516, 0.0313823260367, 0.0122750224546, 0.0212958771735, 0.196582257748, 0.41319257021, 0.280975192785, 0.163669511676, 0.204342991114, 0.101098611951, 0.0202205069363, 0.0180574115366, 0.0263314526528, 0.508341491222],
    "chords_key": "G",
    "chords_scale": "minor",
    "key_key": "C",
    "key_scale": "major"
}
}