{
"lowlevel": {
    "average_loudness": 0.571833670139,
    "barkbands_crest": {
        "mean": 13.5428743362,
        "var": 16.9292755127
    },
    "barkbands_flatness_db": {
        "mean": 0.2670134902,
        "var": 0.00858642160892
    },
    "barkbands_kurtosis": {
        "mean": 12.9185323715,
        "var": 410.198638916
    },
    "barkbands_skewness": {
        "mean": 1.9220713377,
        "var": 2.3077545166
    },
    "barkbands_spread": {
        "mean": 8.17378520966,
        "var": 60.599281311
    },
    "dissonance": {
        "mean": 0.395341306925,
        "var": 0.00524476217106
    },
    "dynamic_complexity": 3.73220944405,
    "erbbands_crest": {
        "mean": 15.9960737228,
        "var": 40.1468734741
    },
    "erbbands_flatness_db": {
        "mean": 0.252851635218,
        "var": 0.0077158822678
    },
    "erbbands_kurtosis": {
        "mean": 9.18776035309,
        "var": 515.241271973
    },
    "erbbands_skewness": {
        "mean": 1.65949988365,
        "var": 2.17971396446
    },
    "erbbands_spread": {
        "mean": 23.1218681335,
        "var": 421.124359131
    },
    "hfc": {
        "mean": 9.72783565521,
        "var": 170.517959595
    },
    "melbands_crest": {
        "mean": 17.6036224365,
        "var": 26.4989376068
    },
    "melbands_flatness_db": {
        "mean": 0.350790023804,
        "var": 0.0114479707554
    },
    "melbands_kurtosis": {
        "mean": 19.5235691071,
        "var": 765.28515625
    },
    "melbands_skewness": {
        "mean": 2.26992893219,
        "var": 3.82305598259
    },
    "melbands_spread": {
        "mean": 8.38190841675,
        "var": 59.3838768005
    },
    "pitch_salience": {
        "mean": 0.442970484495,
        "var": 0.0138541590422
    },
    "silence_rate_20dB": {
        "mean": 1,
        "var": 0
    },
    "silence_rate_30dB": {
        "mean": 0.963439762592,
        "var": 0.0352230370045
    },
    "silence_rate_60dB": {
        "mean": 0.0525231733918,
        "var": 0.0497659593821
    },
    "spectral_centroid": {
        "mean": 605.581237793,
        "var": 197903.40625
    },
    "spectral_complexity": {
        "mean": 8.26261615753,
        "var": 18.0081958771
    },
    "spectral_decrease": {
        "mean": -7.13011027997e-009,
        "var": 9.21622536241e-017
    },
    "spectral_energy": {
        "mean": 0.0277929771692,
        "var": 0.00138250377495
    },
    "spectral_energyband_high": {
        "mean": 0.000205522141187,
        "var": 4.6871593895e-007
    },
    "spectral_energyband_low": {
        "mean": 0.00925800669938,
        "var": 0.000543996517081
    },
    "spectral_energyband_middle_high": {
        "mean": 0.00074610876618,
        "var": 1.19257651932e-006
    },
    "spectral_energyband_middle_low": {
        "mean": 0.0180404521525,
        "var": 0.000868062837981
    },
    "spectral_entropy": {
        "mean": 6.23007917404,
        "var": 0.763720691204
    },
    "spectral_flux": {
        "mean": 0.0538666211069,
        "var": 0.00248708273284
    },
    "spectral_kurtosis": {
        "mean": 21.9838008881,
        "var": 1252.19116211
    },
    "spectral_rms": {
        "mean": 0.0045257168822,
        "var": 6.63302125758e-006
    },
    "spectral_rolloff": {
        "mean": 551.002441406,
        "var": 402614.6875
    },
    "spectral_skewness": {
        "mean": 3.06294751167,
        "var": 4.57244682312
    },
    "spectral_spread": {
        "mean": 3333700,
        "var": 4.27013465702e+012
    },
    "spectral_strongpeak": {
        "mean": 1.12500953674,
        "var": 1.36086559296
    },
    "zerocrossingrate": {
        "mean": 0.0269281323999,
        "var": 0.000389193854062
    },
    "barkbands": {
        "mean": [0.000169695922523, 0.00532770575956, 0.00332893338054, 0.00101744313724, 0.00584660517052, 0.00668868608773, 0.00181631220039, 0.00117923272774, 0.00143897451926, 0.000112298519525, 5.36797087989e-005, 7.062478835e-005, 0.000174285785761, 4.51575178886e-005, 8.54921381688e-005, 4.78837355331e-005, 8.476889343e-005, 3.50984628312e-005, 4.02202022087e-005, 4.76941968373e-005, 6.94551054039e-005, 3.17414633173e-005, 3.70463712898e-005, 2.23964161705e-005, 1.53554046847e-005, 5.97255348112e-006, 2.76959440271e-007],
        "var": [4.65945902306e-007, 0.000208209501579, 0.000119803582493, 1.46550892168e-005, 0.000131715103635, 0.000344189582393, 6.9161891588e-005, 4.29914871347e-006, 1.31254791995e-005, 8.62396944967e-008, 1.18921708037e-008, 4.54606770006e-008, 2.43826605129e-007, 1.44732643648e-008, 5.50385195197e-008, 8.54532178352e-009, 2.7408887604e-008, 9.60749613199e-009, 7.76572139927e-009, 1.58634172465e-008, 6.83333212237e-008, 1.74943473041e-008, 2.1332118294e-008, 7.97424881682e-009, 4.94120477867e-009, 1.9486314784e-009, 2.48722917262e-012]
    },
    "erbbands": {
        "mean": [0.160854637623, 1.18942797184, 3.79700946808, 3.35444164276, 7.51229381561, 22.6467895508, 37.0929298401, 51.4930839539, 51.0377616882, 18.9830760956, 22.4888572693, 40.4661712646, 8.0939207077, 2.69371819496, 2.58888363838, 4.13640785217, 8.33864021301, 3.43589615822, 1.94904267788, 6.12365102768, 2.62133932114, 3.76293587685, 2.62519860268, 2.0757291317, 1.868891716, 2.76140069962, 3.29250264168, 1.70733594894, 1.17819035053, 1.1179176569, 1.03734171391, 0.539393663406, 0.354268312454, 0.210463881493, 0.0835401937366, 0.0291559007019, 0.0105341365561, 0.00152633734979, 4.98791669088e-005, 3.23838976328e-005],
        "var": [0.277817368507, 9.33650970459, 129.470794678, 141.758789063, 345.932250977, 2609.96875, 4797.66796875, 25793.921875, 65736.5234375, 1455.63586426, 1454.6229248, 9533.984375, 308.131500244, 75.6308517456, 24.0207042694, 111.868553162, 507.673706055, 73.7160873413, 10.1913318634, 324.864807129, 16.6676845551, 57.0653190613, 29.1777114868, 19.8776779175, 18.397567749, 49.9956054688, 140.021133423, 48.9943275452, 25.7932624817, 20.9898014069, 16.8483638763, 4.63846635818, 2.23885560036, 0.886569797993, 0.156815350056, 0.0452097356319, 0.00556235853583, 7.11150714778e-005, 4.21263912642e-008, 1.83964354861e-009]
    },
    "gfcc": {
        "mean": [-107.578239441, 153.054962158, -94.9025039673, 27.6196327209, -60.4161186218, -7.1246471405, -30.3212757111, -4.96754932404, -8.17463970184, -0.868318319321, -6.880818367, -7.1323223114, -5.5549082756],
        "cov": [[7488.89453125, -2695.56640625, -485.01776123, 1102.31518555, -328.771972656, 758.38482666, -469.936706543, 448.761169434, -523.918151855, 196.0443573, -427.159118652, 130.874649048, -262.220062256], [-2695.56640625, 2225.96386719, 124.752677917, -459.411346436, 531.130187988, -472.867492676, 469.107452393, -343.508026123, 364.385528564, -227.204376221, 275.966644287, -148.071350098, 186.880096436], [-485.01776123, 124.752677917, 1186.23681641, -101.856613159, -152.988555908, 182.071975708, -101.394424438, -43.2375259399, 19.002040863, -5.79417610168, -56.5089378357, 47.4324760437, 17.8899879456], [1102.31518555, -459.411346436, -101.856613159, 588.244445801, 117.545387268, 204.036254883, 16.0795536041, 88.13230896, -89.2303390503, -1.67990136147, -71.657333374, -1.92507743835, -48.1324386597], [-328.771972656, 531.130187988, -152.988555908, 117.545387268, 536.278381348, 2.74668741226, 268.435882568, 61.8542098999, 95.7601165771, -80.8139648438, -7.5589017868, -82.6624450684, -11.3385667801], [758.38482666, -472.867492676, 182.071975708, 204.036254883, 2.74668741226, 358.885314941, -12.5508508682, 160.687683105, -82.7213973999, 16.4872322083, -147.639480591, -7.41385984421, -78.5525054932], [-469.936706543, 469.107452393, -101.394424438, 16.0795536041, 268.435882568, -12.5508508682, 330.171875, 79.5253677368, 109.288749695, -105.220298767, -25.930688858, -101.898231506, -18.3808441162], [448.761169434, -343.508026123, -43.2375259399, 88.13230896, 61.8542098999, 160.687683105, 79.5253677368, 329.332885742, 34.2421569824, -1.95873117447, -152.414794922, -44.6488418579, -105.201438904], [-523.918151855, 364.385528564, 19.002040863, -89.2303390503, 95.7601165771, -82.7213973999, 109.288749695, 34.2421569824, 201.507644653, 2.64622831345, 38.9181365967, -47.5871276855, 13.6036729813], [196.0443573, -227.204376221, -5.79417610168, -1.67990136147, -80.8139648438, 16.4872322083, -105.220298767, -1.95873117447, 2.64622831345, 145.221755981, 60.1891288757, 46.895652771, -10.2029123306], [-427.159118652, 275.966644287, -56.5089378357, -71.657333374, -7.5589017868, -147.639480591, -25.930688858, -152.414794922, 38.9181365967, 60.1891288757, 221.273651123, 61.2159233093, 53.3718910217], [130.874649048, -148.071350098, 47.4324760437, -1.92507743835, -82.6624450684, -7.41385984421, -101.898231506, -44.6488418579, -47.5871276855, 46.895652771, 61.2159233093, 109.14176178, 27.9848690033], [-262.220062256, 186.880096436, 17.8899879456, -48.1324386597, -11.3385667801, -78.5525054932, -18.3808441162, -105.201438904, 13.6036729813, -10.2029123306, 53.3718910217, 27.9848690033, 101.58757782]],
        "icov": [[0.000301527819829, 5.59229592909e-005, 0.000166801604792, -0.000360126810847, 6.91245659254e-005, -0.00020691069949, 0.000237204832956, -3.1434923585e-005, 0.000131768698338, -0.000137423630804, 0.000344821921317, -0.000242690977757, 0.00018776464276], [5.59229592909e-005, 0.00522535480559, -0.00131390371826, 0.00232079951093, -0.00333452480845, 0.00133988098241, -0.00259425980039, 0.00325327785686, -0.00333798769861, 0.00478025712073, -0.00444928603247, 0.00369088980369, -0.00232580583543], [0.000166801604792, -0.00131390371826, 0.00169202953111, -0.000434024812421, 0.00111523806117, -0.00183916825335, 0.00115932803601, -2.20021206587e-006, -0.000330197624862, -0.000549211807083, 0.00175773201045, -0.00204454013146, 0.000882618362084], [-0.000360126810847, 0.00232079951093, -0.000434024812421, 0.00402418710291, -0.00229336018674, -0.000701732933521, -0.00121969776228, 0.00155244010966, -0.00110020884313, 0.00254621985368, -0.00270833121613, 0.00183195865247, -0.00130610575434], [6.91245659254e-005, -0.00333452480845, 0.00111523806117, -0.00229336018674, 0.00561686884612, -0.00117342837621, -0.00070009304909, -0.00197092001326, 0.00153422309086, -0.0028273044154, 0.00262619531713, -0.00235567358322, 0.00136124447454], [-0.00020691069949, 0.00133988098241, -0.00183916825335, -0.000701732933521, -0.00117342837621, 0.00774927297607, -0.00195810222067, -0.000819011125714, 0.00181028048974, -0.00154422817286, 0.00133704033215, 0.000956405361649, 0.000287762668449], [0.000237204832956, -0.00259425980039, 0.00115932803601, -0.00121969776228, -0.00070009304909, -0.00195810222067, 0.0103704696521, -0.00331256189384, -0.000545957649592, 0.00260360212997, -0.000244517723331, 0.00174598570447, 0.00143844715785], [-3.1434923585e-005, 0.00325327785686, -2.20021206587e-006, 0.00155244010966, -0.00197092001326, -0.000819011125714, -0.00331256189384, 0.0106552774087, -0.00595699856058, 0.00172883248888, 0.00276508834213, -0.00178640475497, 0.00426249811426], [0.000131768698338, -0.00333798769861, -0.000330197624862, -0.00110020884313, 0.00153422309086, 0.00181028048974, -0.000545957649592, -0.00595699856058, 0.0129696782678, -0.00660605449229, 0.000347760331351, 0.00257996679284, -0.00197279639542], [-0.000137423630804, 0.00478025712073, -0.000549211807083, 0.00254621985368, -0.0028273044154, -0.00154422817286, 0.00260360212997, 0.00172883248888, -0.00660605449229, 0.0184304527938, -0.00972364190966, 0.00246124714613, 7.26949365344e-005], [0.000344821921317, -0.00444928603247, 0.00175773201045, -0.00270833121613, 0.00262619531713, 0.00133704033215, -0.000244517723331, 0.00276508834213, 0.000347760331351, -0.00972364190966, 0.0177541170269, -0.0110125122592, 0.00431127939373], [-0.000242690977757, 0.00369088980369, -0.00204454013146, 0.00183195865247, -0.00235567358322, 0.000956405361649, 0.00174598570447, -0.00178640475497, 0.00257996679284, 0.00246124714613, -0.0110125122592, 0.022817067802, -0.00784367229789], [0.00018776464276, -0.00232580583543, 0.000882618362084, -0.00130610575434, 0.00136124447454, 0.000287762668449, 0.00143844715785, 0.00426249811426, -0.00197279639542, 7.26949365344e-005, 0.00431127939373, -0.00784367229789, 0.0190486703068]]
    },
    "melbands": {
        "mean": [0.00144562148489, 0.00184799556155, 0.000689227541443, 0.00104719097726, 0.00129581824876, 0.00127094937488, 0.000686067854986, 0.00021086705965, 0.00019628147129, 0.000233891842072, 3.06704168906e-005, 1.02543990579e-005, 7.7906952356e-006, 8.45345130074e-006, 1.52524735313e-005, 1.57006652444e-005, 5.27633847014e-006, 2.64352456725e-006, 5.67840925214e-006, 6.91005334374e-006, 2.7078194762e-006, 4.0306936171e-006, 3.56456098416e-006, 2.09314384847e-006, 1.54354052029e-006, 1.55042641836e-006, 1.29650425151e-006, 1.77587048711e-006, 2.57599549514e-006, 1.19902779261e-006, 8.23289099117e-007, 6.7284781835e-007, 5.96595498337e-007, 6.43725343252e-007, 6.53872007206e-007, 4.48646034101e-007, 2.81255381651e-007, 2.55930189041e-007, 2.22683397055e-007, 1.59907301622e-007],
        "var": [1.81615032488e-005, 2.44980219577e-005, 4.02863042837e-006, 6.2091376094e-006, 5.20575940754e-006, 1.74586584762e-005, 1.20008162412e-005, 1.98423080633e-007, 1.28972573066e-007, 3.16469908057e-007, 6.66029276175e-009, 1.48179357673e-009, 2.41348524499e-010, 5.36598265821e-010, 6.81863510099e-010, 3.70140673667e-009, 1.87230619897e-010, 2.36862161829e-011, 2.49139903152e-010, 3.07823905255e-010, 2.86831669527e-011, 8.21921836147e-011, 8.02668070898e-011, 4.43195202759e-011, 1.24382223271e-011, 1.44697561225e-011, 1.01521612297e-011, 2.34817148365e-011, 1.02100307375e-010, 2.54968806485e-011, 9.77801780516e-012, 8.88262553789e-012, 7.04195165721e-012, 6.87487133194e-012, 7.20236587384e-012, 3.21109111523e-012, 1.28886885973e-012, 1.21921732692e-012, 9.47936824522e-013, 5.39136172772e-013]
    },
    "mfcc": {
        "mean": [-757.120117188, 172.031265259, 25.7145023346, 33.5307388306, -0.807626724243, 1.1938097477, -10.6604089737, -5.6756901741, -3.92801737785, 3.24740552902, 0.766345858574, 7.8850235939, -2.34824800491],
        "cov": [[6849.67626953, -2458.75512695, -692.375305176, 488.940612793, -70.0986175537, 330.162902832, 114.870452881, 174.674407959, -100.585762024, 144.835037231, -215.276092529, -30.9702377319, -157.09072876], [-2458.75512695, 1928.25671387, 39.81300354, -50.3699645996, 75.9453811646, -57.1687698364, 23.1221427917, -13.555603981, 62.2734718323, -44.2941169739, 72.3394012451, 29.6676692963, 56.4716110229], [-692.375305176, 39.81300354, 1109.41125488, -253.763961792, 83.791015625, 65.5317001343, -98.6617355347, -19.9940624237, -7.95681381226, -91.8956680298, 70.7298202515, -168.272903442, -1.40509128571], [488.940612793, -50.3699645996, -253.763961792, 377.474029541, 80.0330963135, 100.862434387, 105.841659546, 94.4569320679, 36.6686668396, 91.7664794922, -12.6337985992, 36.2304534912, -20.5375881195], [-70.0986175537, 75.9453811646, 83.791015625, 80.0330963135, 220.659240723, 88.1478652954, 73.4527282715, 53.5162620544, 59.1915016174, 17.7494449615, 33.7919883728, 1.34482097626, -15.4556331635], [330.162902832, -57.1687698364, 65.5317001343, 100.862434387, 88.1478652954, 203.490402222, 74.0836486816, 37.5666694641, 0.822125732899, 3.1320476532, 1.8916195631, -47.4427261353, -22.8190822601], [114.870452881, 23.1221427917, -98.6617355347, 105.841659546, 73.4527282715, 74.0836486816, 188.0493927, 122.432952881, 72.4509277344, 40.3988800049, 2.41891217232, 19.5003643036, -30.8722953796], [174.674407959, -13.555603981, -19.9940624237, 94.4569320679, 53.5162620544, 37.5666694641, 122.432952881, 231.086853027, 157.243515015, 89.630317688, 32.6493034363, 5.95912075043, -38.2305488586], [-100.585762024, 62.2734718323, -7.95681381226, 36.6686668396, 59.1915016174, 0.822125732899, 72.4509277344, 157.243515015, 255.806274414, 128.650634766, 48.143535614, 20.482219696, -50.8654212952], [144.835037231, -44.2941169739, -91.8956680298, 91.7664794922, 17.7494449615, 3.1320476532, 40.3988800049, 89.630317688, 128.650634766, 190.140182495, 46.6887359619, 53.5801734924, -16.1466808319], [-215.276092529, 72.3394012451, 70.7298202515, -12.6337985992, 33.7919883728, 1.8916195631, 2.41891217232, 32.6493034363, 48.143535614, 46.6887359619, 118.364906311, 42.4219512939, 17.4247360229], [-30.9702377319, 29.6676692963, -168.272903442, 36.2304534912, 1.34482097626, -47.4427261353, 19.5003643036, 5.95912075043, 20.482219696, 53.5801734924, 42.4219512939, 163.278366089, 39.3530540466], [-157.09072876, 56.4716110229, -1.40509128571, -20.5375881195, -15.4556331635, -22.8190822601, -30.8722953796, -38.2305488586, -50.8654212952, -16.1466808319, 17.4247360229, 39.3530540466, 107.864395142]],
        "icov": [[0.00038630416384, 0.000426051323302, 0.000208767072763, -9.74474460236e-005, 5.75003396079e-005, -0.000592770578805, 0.000356974720489, -0.000480404036352, 0.000312203570502, -0.000138384115417, 0.000356302276487, -0.000111272682261, 0.000247997581027], [0.000426051323302, 0.0010550749721, 0.000250943936408, -0.000166268335306, -0.000111465073132, -0.000355195021257, 0.00010759428551, -0.000199451562366, -8.84354449227e-005, 0.00025391933741, -7.40796895116e-006, 3.18591992254e-005, -0.000105407299998], [0.000208767072763, 0.000250943936408, 0.00173110689502, 0.00101798155811, -0.000819082430098, -0.000912922027055, 0.00111425295472, -0.00083645991981, 0.000300695974147, 0.000114015369036, -0.000887034984771, 0.00136972090695, -9.65768340393e-005], [-9.74474460236e-005, -0.000166268335306, 0.00101798155811, 0.00513816066086, -0.00150983338244, -0.00184930721298, 2.88163555524e-005, -0.00169578636996, 0.0016844519414, -0.00229908898473, 0.00111081905197, -0.000321135652484, 0.00012423589942], [5.75003396079e-005, -0.000111465073132, -0.000819082430098, -0.00150983338244, 0.00716733327135, -0.00196254812181, -0.00176506349817, 0.00110999052413, -0.00194231630303, 0.00134773843456, -0.00124275684357, -0.000846244045533, 0.000139304829645], [-0.000592770578805, -0.000355195021257, -0.000912922027055, -0.00184930721298, -0.00196254812181, 0.00956030376256, -0.00371075817384, 0.00173063506372, 0.000515615742188, 1.1033114788e-005, -0.00177120242734, 0.00306886644103, -0.000337426492479], [0.000356974720489, 0.00010759428551, 0.00111425295472, 2.88163555524e-005, -0.00176506349817, -0.00371075817384, 0.0118815908208, -0.00623574480414, 0.000854845682625, 0.000651456299238, 0.00193224370014, -0.00228798668832, 0.00165939819999], [-0.000480404036352, -0.000199451562366, -0.00083645991981, -0.00169578636996, 0.00110999052413, 0.00173063506372, -0.00623574480414, 0.0120902722701, -0.005838743411, 0.000142380187754, -0.00214838818647, 0.00172131811269, -0.000916414195672], [0.000312203570502, -8.84354449227e-005, 0.000300695974147, 0.0016844519414, -0.00194231630303, 0.000515615742188, 0.000854845682625, -0.005838743411, 0.010920016095, -0.00524761155248, -4.14858222939e-005, -0.000132272485644, 0.00325058330782], [-0.000138384115417, 0.00025391933741, 0.000114015369036, -0.00229908898473, 0.00134773843456, 1.1033114788e-005, 0.000651456299238, 0.000142380187754, -0.00524761155248, 0.0109551949427, -0.00270448904485, -0.00174573296681, -9.92495115497e-005], [0.000356302276487, -7.40796895116e-006, -0.000887034984771, 0.00111081905197, -0.00124275684357, -0.00177120242734, 0.00193224370014, -0.00214838818647, -4.14858222939e-005, -0.00270448904485, 0.0133930025622, -0.00405943254009, -0.00114538217895], [-0.000111272682261, 3.18591992254e-005, 0.00136972090695, -0.000321135652484, -0.000846244045533, 0.00306886644103, -0.00228798668832, 0.00172131811269, -0.000132272485644, -0.00174573296681, -0.00405943254009, 0.0111732622609, -0.00348318973556], [0.000247997581027, -0.000105407299998, -9.65768340393e-005, 0.00012423589942, 0.000139304829645, -0.000337426492479, 0.00165939819999, -0.000916414195672, 0.00325058330782, -9.92495115497e-005, -0.00114538217895, -0.00348318973556, 0.0127822160721]]
    },
    "spectral_contrast_coeffs": {
        "mean": [-0.631907641888, -0.628778934479, -0.702178120613, -0.75592726469, -0.777628660202, -0.754689991474],
        "var": [0.0102555025369, 0.00881043355912, 0.007675959263, 0.00484733050689, 0.00601566303521, 0.00337218632922]
    },
    "spectral_contrast_valleys": {
        "mean": [-7.44156312943, -7.35951519012, -8.78332901001, -9.35500907898, -9.47026824951, -12.2128477097],
        "var": [1.08031749725, 0.635879218578, 0.775907933712, 0.900223433971, 1.24078154564, 2.57712626457]
    }
},
"metadata": {
    "audio_properties": {
        "analysis_sample_rate": 44100,
        "bit_rate": 128074,
        "equal_loudness": 0,
        "length": 45.0612258911,
        "lossless": 0,
        "replay_gain": -4.60248184204,
        "sample_rate": 44100,
        "codec": "mp3",
        "downmix": "mix",
        "md5_encoded": "0ca4aa2f134546f0bb0bec7af285047f"
    },
    "tags": {
        "file_name": "1768.mp3"
    },
    "version": {
        "essentia": "2.1-beta2",
        "essentia_git_sha": "v2.1_beta2",
        "extractor": "music 1.0"
    }
},
"rhythm": {
    "beats_count": 56,
    "beats_loudness": {
        "mean": 0.0444296374917,
        "var": 0.00254217535257
    },
    "bpm": 75.4920806885,
    "bpm_histogram_first_peak_bpm": {
        "mean": 75,
        "var": 0
    },
    "bpm_histogram_first_peak_spread": {
        "mean": 0.296296298504,
        "var": 0
    },
    "bpm_histogram_first_peak_weight": {
        "mean": 0.690909087658,
        "var": 0
    },
    "bpm_histogram_second_peak_bpm": {
        "mean": 80,
        "var": 0
    },
    "bpm_histogram_second_peak_spread": {
        "mean": 0,
        "var": 0
    },
    "bpm_histogram_second_peak_weight": {
        "mean": 0.0181818176061,
        "var": 0
    },
    "danceability": 0.994064152241,
    "onset_rate": 2.37347698212,
    "beats_loudness_band_ratio": {
        "mean": [0.350756138563, 0.452406227589, 0.190949067473, 0.0292231608182, 0.0148877967149, 0.0403484478593],
        "var": [0.0722237974405, 0.0855562612414, 0.0358117818832, 0.00172381545417, 0.000413426168961, 0.00376696907915]
    },
    "beats_position": [0.824308395386, 1.66022670269, 2.49614500999, 3.32045340538, 4.15637159348, 4.95746040344, 5.75854873657, 6.5596370697, 7.36072540283, 8.16181373596, 8.96290206909, 9.77560043335, 10.5766887665, 11.3893871307, 12.1904764175, 12.9799547195, 13.7346029282, 14.5008611679, 15.2787294388, 16.0565986633, 16.8344669342, 17.6239452362, 18.4250335693, 19.2145118713, 19.9923801422, 20.7818584442, 21.5829467773, 22.3840351105, 23.1851234436, 23.9862117767, 24.7756919861, 25.5651702881, 26.3546485901, 27.1557369232, 27.9568252563, 28.7346935272, 29.5125617981, 30.290430069, 31.0566883087, 31.8345565796, 32.6240348816, 33.4251251221, 34.2262115479, 35.0273017883, 35.8167800903, 36.6178665161, 37.4073448181, 38.1968231201, 38.9863014221, 39.7757797241, 40.5768699646, 41.3663482666, 42.1674385071, 42.9569168091, 43.7347831726, 44.5126533508]
},
"tonal": {
    "chords_changes_rate": 0.0545267499983,
    "chords_number_rate": 0.0102880662307,
    "chords_strength": {
        "mean": 0.487705409527,
        "var": 0.00683044828475
    },
    "hpcp_entropy": {
        "mean": 1.32893681526,
        "var": 0.395139634609
    },
    "key_strength": 0.738486349583,
    "tuning_diatonic_strength": 0.598122656345,
    "tuning_equal_tempered_deviation": 0.0246796663851,
    "tuning_frequency": 439.745910645,
    "tuning_nontempered_energy_ratio": 0.63249027729,
    "hpcp": {
        "mean": [0.222522988915, 0.114019609988, 0.0352005548775, 0.0191183723509, 0.0188644789159, 0.0514413006604, 0.0885756760836, 0.07549829036, 0.15525406599, 0.246868759394, 0.129989981651, 0.016507608816, 0.0113593330607, 0.0227474309504, 0.131129398942, 0.215227976441, 0.112522155046, 0.0200522039086, 0.0156843271106, 0.0214950703084, 0.122283034027, 0.224535271525, 0.154491245747, 0.164835393429, 0.216005429626, 0.103668227792, 0.0253080110997, 0.0180074423552, 0.0197411328554, 0.111353896558, 0.201187878847, 0.129740968347, 0.0666006281972, 0.0869114771485, 0.101840004325, 0.186530694366],
        "var": [0.116236433387, 0.0383769311011, 0.0144219780341, 0.00647734617814, 0.0072402912192, 0.019946558401, 0.0519216731191, 0.0333963520825, 0.0555112026632, 0.131766110659, 0.0416632778943, 0.00497656222433, 0.00194751762319, 0.00705699669197, 0.0576309151947, 0.124985016882, 0.0377752482891, 0.00379405962303, 0.00329676619731, 0.00600085081533, 0.0413420796394, 0.11771517992, 0.0440750643611, 0.0807005390525, 0.131165266037, 0.0363757461309, 0.00490924622864, 0.00234574009664, 0.00356677989475, 0.0469215214252, 0.118469573557, 0.0505399145186, 0.0243997275829, 0.0447133928537, 0.0379006788135, 0.0764268413186]
    },
    "chords_histogram": [10.6995887756, 33.8477363586, 9.67078208923, 7.09876537323, 6.37860059738, 0.823045253754, 6.99588489532, 0, 0.411522626877, 4.83539104462, 0.925925910473, 0, 0, 0, 0, 0, 0, 5.34979438782, 0, 0.411522626877, 0, 5.86419773102, 0.205761313438, 6.48148155212],
    "thpcp": [1, 0.526555001736, 0.066867955029, 0.0460136532784, 0.0921438187361, 0.531170487404, 0.871831536293, 0.455797463655, 0.081226170063, 0.0635330602527, 0.0870708376169, 0.495336204767, 0.90953296423, 0.625803172588, 0.66770452261, 0.874980807304, 0.419932544231, 0.102516055107, 0.0729433819652, 0.0799661055207, 0.451065152884, 0.814958870411, 0.525546312332, 0.269781529903, 0.35205540061, 0.412526905537, 0.755586445332, 0.901381731033, 0.46186324954, 0.142588123679, 0.0774434655905, 0.0764150097966, 0.208375096321, 0.358796626329, 0.305823594332, 0.628893136978],
    "chords_key": "A",
    "chords_scale": "minor",
    "key_key": "F",
    "key_scale": "major"
}
}