{
"lowlevel": {
    "average_loudness": 0.97099596262,
    "barkbands_crest": {
        "mean": 13.9331645966,
        "var": 19.4225635529
    },
    "barkbands_flatness_db": {
        "mean": 0.229361727834,
        "var": 0.00244535668753
    },
    "barkbands_kurtosis": {
        "mean": 19.9218921661,
        "var": 404.077514648
    },
    "barkbands_skewness": {
        "mean": 2.88627338409,
        "var": 2.98467230797
    },
    "barkbands_spread": {
        "mean": 6.54670810699,
        "var": 37.6532058716
    },
    "dissonance": {
        "mean": 0.392981350422,
        "var": 0.00314682815224
    },
    "dynamic_complexity": 2.2529695034,
    "erbbands_crest": {
        "mean": 14.9388046265,
        "var": 27.2846736908
    },
    "erbbands_flatness_db": {
        "mean": 0.198443740606,
        "var": 0.0036079606507
    },
    "erbbands_kurtosis": {
        "mean": 5.25476455688,
        "var": 39.8865203857
    },
    "erbbands_skewness": {
        "mean": 1.87517869473,
        "var": 0.890064120293
    },
    "erbbands_spread": {
        "mean": 28.12733078,
        "var": 545.784118652
    },
    "hfc": {
        "mean": 11.7138519287,
        "var": 81.1145324707
    },
    "melbands_crest": {
        "mean": 16.8325767517,
        "var": 23.9153366089
    },
    "melbands_flatness_db": {
        "mean": 0.325444877148,
        "var": 0.00276390090585
    },
    "melbands_kurtosis": {
        "mean": 36.1585464478,
        "var": 2200.47509766
    },
    "melbands_skewness": {
        "mean": 3.29272508621,
        "var": 5.80266618729
    },
    "melbands_spread": {
        "mean": 5.97424697876,
        "var": 24.5505695343
    },
    "pitch_salience": {
        "mean": 0.477330416441,
        "var": 0.0142203057185
    },
    "silence_rate_20dB": {
        "mean": 1,
        "var": 0
    },
    "silence_rate_30dB": {
        "mean": 1,
        "var": 0
    },
    "silence_rate_60dB": {
        "mean": 0.00669412966818,
        "var": 0.00664932932705
    },
    "spectral_centroid": {
        "mean": 441.40435791,
        "var": 36359.65625
    },
    "spectral_complexity": {
        "mean": 7.59114313126,
        "var": 6.10780620575
    },
    "spectral_decrease": {
        "mean": -8.01158694941e-009,
        "var": 2.14970179132e-017
    },
    "spectral_energy": {
        "mean": 0.0313000716269,
        "var": 0.000330948503688
    },
    "spectral_energyband_high": {
        "mean": 0.000143817873322,
        "var": 6.33678780559e-008
    },
    "spectral_energyband_low": {
        "mean": 0.00645649526268,
        "var": 2.35925144807e-005
    },
    "spectral_energyband_middle_high": {
        "mean": 0.00156234065071,
        "var": 6.68389611747e-006
    },
    "spectral_energyband_middle_low": {
        "mean": 0.0242536757141,
        "var": 0.000293860968668
    },
    "spectral_entropy": {
        "mean": 6.55711698532,
        "var": 0.397596627474
    },
    "spectral_flux": {
        "mean": 0.0783908516169,
        "var": 0.00176150817424
    },
    "spectral_kurtosis": {
        "mean": 9.90534591675,
        "var": 71.7047576904
    },
    "spectral_rms": {
        "mean": 0.00526510179043,
        "var": 2.81534471469e-006
    },
    "spectral_rolloff": {
        "mean": 442.538269043,
        "var": 391808.65625
    },
    "spectral_skewness": {
        "mean": 2.53480863571,
        "var": 0.872086763382
    },
    "spectral_spread": {
        "mean": 4934399.5,
        "var": 5.03867454259e+012
    },
    "spectral_strongpeak": {
        "mean": 1.31033563614,
        "var": 1.21778798103
    },
    "zerocrossingrate": {
        "mean": 0.0277905445546,
        "var": 0.000351716473233
    },
    "barkbands": {
        "mean": [0.000128704632516, 0.00336860958487, 0.00192607147619, 0.00253764679655, 0.00855911336839, 0.00562817556784, 0.00438068294898, 0.00216735526919, 0.000832988473121, 0.000340088357916, 0.000541818386409, 0.000263159134192, 0.000127936975332, 6.90391243552e-005, 0.000101351775811, 0.000125975187984, 3.05904977722e-005, 1.13797368613e-005, 9.91051547317e-006, 1.3315259821e-005, 1.98491670744e-005, 2.54301776295e-005, 2.24305476877e-005, 2.23064307647e-005, 2.2524558517e-005, 2.03287399927e-005, 3.32559056915e-006],
        "var": [7.72415589267e-008, 1.22072142403e-005, 4.14165151597e-006, 2.05963606277e-005, 0.000128502419102, 8.74334145919e-005, 0.000105632498162, 4.57815876871e-005, 1.11588451546e-005, 1.20567005979e-006, 3.61358320333e-006, 6.83635107634e-007, 6.12033232983e-008, 2.1581746168e-008, 3.07896286245e-008, 5.2693426511e-008, 3.71624686579e-009, 2.88446572183e-010, 1.9261053863e-010, 3.21716625562e-010, 1.21628318528e-009, 1.4366835499e-009, 1.3135350585e-009, 1.98499461312e-009, 2.07024219989e-009, 3.21421023131e-009, 1.30544464128e-010]
    },
    "erbbands": {
        "mean": [0.0741825699806, 0.83247166872, 2.28730797768, 5.51366519928, 17.0832939148, 31.1760902405, 44.1647720337, 41.1368560791, 64.026222229, 57.1154823303, 41.0685310364, 19.4657440186, 12.4129686356, 12.2392444611, 21.6521873474, 10.3354845047, 6.10432434082, 4.26192951202, 4.12037181854, 7.72305631638, 4.45645427704, 1.54347300529, 0.809254467487, 0.504300951958, 0.521622478962, 0.651813685894, 0.776112556458, 0.800817608833, 0.880094766617, 0.800391674042, 0.618381798267, 0.469280987978, 0.382701188326, 0.263958662748, 0.150211319327, 0.0820646211505, 0.0382225625217, 0.0104336841032, 0.000326927838614, 4.17620685766e-005],
        "var": [0.0107540637255, 0.666066229343, 4.44041013718, 50.5918045044, 734.893920898, 2661.02514648, 5516.87109375, 5941.50732422, 21534.4414063, 22297.9023438, 16225.5820313, 4321.39306641, 1046.95690918, 2010.86682129, 5900.06640625, 862.433959961, 114.465522766, 60.3832397461, 50.915096283, 172.815383911, 52.2568626404, 7.19342136383, 1.27857887745, 0.57159113884, 0.562144100666, 0.771917283535, 2.33925938606, 1.54763948917, 1.67764508724, 1.46586716175, 1.04372262955, 0.862285852432, 0.595648050308, 0.294296532869, 0.0947004780173, 0.0377262830734, 0.0144250895828, 0.000983879319392, 1.14336842216e-006, 8.82440398531e-010]
    },
    "gfcc": {
        "mean": [-50.4863052368, 117.165458679, -67.1290054321, 22.6562919617, -59.814201355, 13.2781991959, -48.956413269, -5.87179040909, -21.8330860138, 4.44964122772, -19.994644165, 2.48135352135, -7.55887031555],
        "cov": [[2899.94262695, -284.336883545, -309.170166016, -404.162658691, -136.73991394, 38.2953987122, -13.5373840332, 135.631011963, 92.3775634766, 107.85194397, -51.3571777344, 86.6247024536, -50.1806869507], [-284.336883545, 1103.32641602, -434.558959961, -488.153625488, 88.0503463745, -56.1907806396, -38.8319892883, -86.8098068237, 205.097930908, -81.1242599487, 62.069896698, -71.464553833, 120.014274597], [-309.170166016, -434.558959961, 622.951721191, 476.340667725, 63.1718788147, 78.3043670654, 21.4096908569, -21.0266265869, -172.055465698, 31.9733219147, -22.4394264221, 51.302947998, -13.9491529465], [-404.162658691, -488.153625488, 476.340667725, 762.00402832, 60.5113868713, 79.0235137939, 53.3501777649, -29.1875457764, -166.750396729, 14.8166627884, -12.971370697, 4.11712169647, -25.7506484985], [-136.73991394, 88.0503463745, 63.1718788147, 60.5113868713, 168.406860352, 64.0783920288, 11.2418813705, -14.4188203812, 19.7925109863, 11.0323104858, 12.6474142075, 11.326292038, 23.0655326843], [38.2953987122, -56.1907806396, 78.3043670654, 79.0235137939, 64.0783920288, 138.316177368, 70.6321640015, 6.92935705185, -37.6455421448, 15.635099411, 16.4050617218, 21.8327293396, -8.55342006683], [-13.5373840332, -38.8319892883, 21.4096908569, 53.3501777649, 11.2418813705, 70.6321640015, 140.758117676, 54.6519889832, -18.6370334625, 2.24694275856, 29.6919898987, 10.1145420074, -29.0474624634], [135.631011963, -86.8098068237, -21.0266265869, -29.1875457764, -14.4188203812, 6.92935705185, 54.6519889832, 155.563049316, 80.8718032837, 40.7088508606, 0.880118310452, 22.6989345551, -9.04583644867], [92.3775634766, 205.097930908, -172.055465698, -166.750396729, 19.7925109863, -37.6455421448, -18.6370334625, 80.8718032837, 192.704910278, 49.1047859192, 10.5216989517, -13.1311731339, 28.8133392334], [107.85194397, -81.1242599487, 31.9733219147, 14.8166627884, 11.0323104858, 15.635099411, 2.24694275856, 40.7088508606, 49.1047859192, 88.8552932739, 23.2148036957, 14.3756217957, -20.8676147461], [-51.3571777344, 62.069896698, -22.4394264221, -12.971370697, 12.6474142075, 16.4050617218, 29.6919898987, 0.880118310452, 10.5216989517, 23.2148036957, 85.8262252808, 39.452457428, -1.08844101429], [86.6247024536, -71.464553833, 51.302947998, 4.11712169647, 11.326292038, 21.8327293396, 10.1145420074, 22.6989345551, -13.1311731339, 14.3756217957, 39.452457428, 109.714889526, 44.8836631775], [-50.1806869507, 120.014274597, -13.9491529465, -25.7506484985, 23.0655326843, -8.55342006683, -29.0474624634, -9.04583644867, 28.8133392334, -20.8676147461, -1.08844101429, 44.8836631775, 120.3123703]],
        "icov": [[0.000514588609803, 0.000137059163535, 0.00037117942702, 0.000189984508324, 0.000314807082759, -0.000495213724207, 0.000105113576865, 3.56380551239e-005, -6.86208022671e-006, -0.00066978612449, 0.000901048653759, -0.000803384347819, 0.000287438131636], [0.000137059163535, 0.0038083945401, -0.000228566757869, 0.00180437415838, -0.00135192705784, -0.000187174489838, -0.0011441744864, 0.0029882513918, -0.00412220088765, 0.00402889261022, -0.0042172819376, 0.00377736799419, -0.00294911745004], [0.00037117942702, -0.000228566757869, 0.00475947232917, -0.00190252484754, -0.00112448574509, -1.13318515105e-006, 0.000714887457434, -0.00126111391, 0.00406223069876, -0.0039696819149, 0.00293841818348, -0.00236261612736, 6.73131435178e-005], [0.000189984508324, 0.00180437415838, -0.00190252484754, 0.00368218054064, -0.00100306153763, 3.15773468174e-005, -0.00119580468163, 0.00104287452996, -0.000585679721553, 0.00107882986777, -0.0023228211794, 0.00323958112858, -0.00207108282484], [0.000314807082759, -0.00135192705784, -0.00112448574509, -0.00100306153763, 0.01024606172, -0.00560561241582, 0.00108769792132, 0.00177829293534, -0.00381116289645, 0.000188178120879, 0.00141023646574, -0.00237879925407, 0.00101385253947], [-0.000495213724207, -0.000187174489838, -1.13318515105e-006, 3.15773468174e-005, -0.00560561241582, 0.0151120284572, -0.00737321889028, 0.000729654391762, 0.00420061638579, -0.00453053461388, 0.00124976888765, -0.000500289665069, -0.0011833057506], [0.000105113576865, -0.0011441744864, 0.000714887457434, -0.00119580468163, 0.00108769792132, -0.00737321889028, 0.0162497088313, -0.00896762497723, 0.00368850957602, 0.00338474684395, -0.00538334297016, 0.00144678750075, 0.00264367321506], [3.56380551239e-005, 0.0029882513918, -0.00126111391, 0.00104287452996, 0.00177829293534, 0.000729654391762, -0.00896762497723, 0.0184297654778, -0.0131605789065, 0.00176773977, 0.00333538162522, -0.00431966921315, 0.00114260986447], [-6.86208022671e-006, -0.00412220088765, 0.00406223069876, -0.000585679721553, -0.00381116289645, 0.00420061638579, 0.00368850957602, -0.0131605789065, 0.0243439059705, -0.0149652604014, 0.00209070811979, 0.00323576224037, -0.00422886339948], [-0.00066978612449, 0.00402889261022, -0.0039696819149, 0.00107882986777, 0.000188178120879, -0.00453053461388, 0.00338474684395, 0.00176773977, -0.0149652604014, 0.0286308657378, -0.0114317592233, 0.00223760865629, 0.00367602333426], [0.000901048653759, -0.0042172819376, 0.00293841818348, -0.0023228211794, 0.00141023646574, 0.00124976888765, -0.00538334297016, 0.00333538162522, 0.00209070811979, -0.0114317592233, 0.0274839680642, -0.0163577403873, 0.00706328451633], [-0.000803384347819, 0.00377736799419, -0.00236261612736, 0.00323958112858, -0.00237879925407, -0.000500289665069, 0.00144678750075, -0.00431966921315, 0.00323576224037, 0.00223760865629, -0.0163577403873, 0.0257472489029, -0.0133786983788], [0.000287438131636, -0.00294911745004, 6.73131435178e-005, -0.00207108282484, 0.00101385253947, -0.0011833057506, 0.00264367321506, 0.00114260986447, -0.00422886339948, 0.00367602333426, 0.00706328451633, -0.0133786983788, 0.0180889070034]]
    },
    "melbands": {
        "mean": [0.000816412095446, 0.0011956813978, 0.0012642435031, 0.00176807923708, 0.0015224928502, 0.00101378862746, 0.000943779246882, 0.000591010320932, 0.00030487429467, 0.000108335647383, 5.94421981077e-005, 4.5950517233e-005, 7.24960045773e-005, 3.84292579838e-005, 1.93273172044e-005, 1.26893437482e-005, 6.76432910041e-006, 5.92572814639e-006, 7.56768258725e-006, 1.27594821606e-005, 3.45834223481e-006, 1.61243326602e-006, 1.09924883418e-006, 4.56194840126e-007, 3.92964437879e-007, 3.93275485067e-007, 3.74906392153e-007, 4.38027512928e-007, 4.74663124805e-007, 4.43883919843e-007, 4.85862130972e-007, 4.87143779537e-007, 5.18756166912e-007, 4.11785180177e-007, 3.53601024017e-007, 3.3630078633e-007, 2.61633630316e-007, 2.70800512681e-007, 2.45446727831e-007, 2.16384336227e-007],
        "var": [8.81099708749e-007, 9.40803772664e-007, 3.18223987961e-006, 6.99110432834e-006, 5.17543139722e-006, 3.15592569677e-006, 4.40717076344e-006, 2.53635971603e-006, 1.03679781205e-006, 1.486140917e-007, 2.66547193206e-008, 3.24459961121e-008, 6.42000657081e-008, 1.86109421207e-008, 2.97218072376e-009, 7.82250264564e-010, 1.84641732459e-010, 1.4604506493e-010, 1.7893915516e-010, 5.56075074876e-010, 4.36246629099e-011, 1.1188649833e-011, 3.16890914551e-012, 4.60319553742e-013, 4.13791505401e-013, 3.43491782327e-013, 2.81164306247e-013, 3.57314817925e-013, 9.16057052262e-013, 6.75725914025e-013, 5.68853503798e-013, 5.48786331048e-013, 6.75039776681e-013, 4.20815834436e-013, 3.24034744349e-013, 4.38757455931e-013, 2.8510863375e-013, 3.10649889059e-013, 2.4373387965e-013, 2.1857117353e-013]
    },
    "mfcc": {
        "mean": [-714.787719727, 151.602752686, 44.3927955627, 20.0012874603, 12.0249853134, 15.0051422119, -10.5612888336, -7.42882347107, -2.4602701664, -6.7675819397, -7.99652719498, -2.79895091057, 4.19021272659],
        "cov": [[2237.17089844, -156.238845825, -277.707214355, -325.665283203, -161.675643921, -127.146720886, -97.8453826904, 9.24046802521, 47.1737289429, 60.1762008667, 8.05300998688, 76.0020828247, 61.9581069946], [-156.238845825, 1229.39855957, -442.37298584, -445.838134766, -9.72483539581, -74.6022033691, -204.138046265, -50.5301437378, 59.0891418457, -35.3420028687, -41.0048370361, 50.6891899109, 80.9060592651], [-277.707214355, -442.37298584, 452.676483154, 303.671478271, 69.6592483521, 107.315261841, 145.206588745, 18.0850849152, -35.1686897278, -0.760859727859, -7.45471668243, -61.957988739, -54.5666122437], [-325.665283203, -445.838134766, 303.671478271, 429.099639893, 94.7413482666, 108.879081726, 121.680328369, 27.7657871246, -27.4473247528, 18.1889266968, 20.8325595856, -54.514995575, -52.5198745728], [-161.675643921, -9.72483539581, 69.6592483521, 94.7413482666, 163.741638184, 84.5238952637, 12.5590820313, -4.7208313942, 16.0443267822, 5.82567358017, -3.12317419052, -8.09700775146, -3.46749830246], [-127.146720886, -74.6022033691, 107.315261841, 108.879081726, 84.5238952637, 181.683746338, 109.32736969, 10.9379577637, -29.5273513794, -11.8071699142, -0.136474609375, -25.0583095551, -8.59152984619], [-97.8453826904, -204.138046265, 145.206588745, 121.680328369, 12.5590820313, 109.32736969, 198.230148315, 70.4608078003, -34.4030456543, -18.1725940704, 5.32292795181, -8.55231285095, -10.36054039], [9.24046802521, -50.5301437378, 18.0850849152, 27.7657871246, -4.7208313942, 10.9379577637, 70.4608078003, 101.860458374, 28.9947299957, -4.2473449707, 2.32589888573, 10.9120187759, 10.4096088409], [47.1737289429, 59.0891418457, -35.1686897278, -27.4473247528, 16.0443267822, -29.5273513794, -34.4030456543, 28.9947299957, 99.7550048828, 55.674621582, 7.81255149841, -1.52465355396, 7.10527944565], [60.1762008667, -35.3420028687, -0.760859727859, 18.1889266968, 5.82567358017, -11.8071699142, -18.1725940704, -4.2473449707, 55.674621582, 113.325042725, 56.5824050903, -0.375557899475, -8.75825595856], [8.05300998688, -41.0048370361, -7.45471668243, 20.8325595856, -3.12317419052, -0.136474609375, 5.32292795181, 2.32589888573, 7.81255149841, 56.5824050903, 105.125549316, 57.2789421082, 7.61610126495], [76.0020828247, 50.6891899109, -61.957988739, -54.514995575, -8.09700775146, -25.0583095551, -8.55231285095, 10.9120187759, -1.52465355396, -0.375557899475, 57.2789421082, 134.523178101, 78.3190155029], [61.9581069946, 80.9060592651, -54.5666122437, -52.5198745728, -3.46749830246, -8.59152984619, -10.36054039, 10.4096088409, 7.10527944565, -8.75825595856, 7.61610126495, 78.3190155029, 123.673744202]],
        "icov": [[0.000667171378154, 0.000496018503327, 0.000321772211464, 0.0006740046083, 0.000332174240611, -0.000386122381315, 0.000400077900849, -0.000279202882666, 3.14909484587e-005, -0.00060052156914, 0.000543038244359, -0.000352268572897, -4.57239366369e-005], [0.000496018503327, 0.00204467913136, 0.00104184413794, 0.00168935139664, -0.000316155055771, -0.00101272994652, 0.00104990822729, -8.26345130918e-005, -0.000654408708215, 0.000332181021804, 0.000289446732495, 8.48913550726e-005, -0.000403789919801], [0.000321772211464, 0.00104184413794, 0.00552254775539, -0.00196900474839, -0.000524047296494, 6.60868172417e-005, -0.00237154355273, 0.00178666901775, -0.000723481702153, 5.09713208885e-005, 0.00110065471381, 0.000254618062172, 0.000214689251152], [0.0006740046083, 0.00168935139664, -0.00196900474839, 0.00695894379169, -0.00222616549581, -0.00072516448563, 0.000721844320651, -0.00186820607632, 0.00150192971341, -0.000883230764885, -0.00151355587877, 0.0017104158178, -0.00039021417615], [0.000332174240611, -0.000316155055771, -0.000524047296494, -0.00222616549581, 0.0114916274324, -0.00682267360389, 0.00355704245158, 0.000691510387696, -0.00412872247398, 0.000387205218431, 0.00218892726116, -0.00326985120773, 0.00115235848352], [-0.000386122381315, -0.00101272994652, 6.60868172417e-005, -0.00072516448563, -0.00682267360389, 0.0144897904247, -0.00911676604301, 0.00352615630254, 0.00175499869511, 0.000922461273149, -0.00281883496791, 0.0042897677049, -0.00224656541832], [0.000400077900849, 0.00104990822729, -0.00237154355273, 0.000721844320651, 0.00355704245158, -0.00911676604301, 0.0173285789788, -0.0117658646777, 0.0056892586872, -0.00214364752173, 0.00119888305198, -0.00181138538755, 0.00087591225747], [-0.000279202882666, -8.26345130918e-005, 0.00178666901775, -0.00186820607632, 0.000691510387696, 0.00352615630254, -0.0117658646777, 0.0218863580376, -0.0128101399168, 0.00680568814278, -0.00174006342422, -0.000545618881006, -0.000704003963619], [3.14909484587e-005, -0.000654408708215, -0.000723481702153, 0.00150192971341, -0.00412872247398, 0.00175499869511, 0.0056892586872, -0.0128101399168, 0.0252530667931, -0.0145893162116, 0.00495823146775, 0.000645223131869, -0.000906019646209], [-0.00060052156914, 0.000332181021804, 5.09713208885e-005, -0.000883230764885, 0.000387205218431, 0.000922461273149, -0.00214364752173, 0.00680568814278, -0.0145893162116, 0.0238999314606, -0.0149528579786, 0.00664685107768, -0.00170423812233], [0.000543038244359, 0.000289446732495, 0.00110065471381, -0.00151355587877, 0.00218892726116, -0.00281883496791, 0.00119888305198, -0.00174006342422, 0.00495823146775, -0.0149528579786, 0.0254662893713, -0.0151068493724, 0.00614859024063], [-0.000352268572897, 8.48913550726e-005, 0.000254618062172, 0.0017104158178, -0.00326985120773, 0.0042897677049, -0.00181138538755, -0.000545618881006, 0.000645223131869, 0.00664685107768, -0.0151068493724, 0.0221592970192, -0.0116087403148], [-4.57239366369e-005, -0.000403789919801, 0.000214689251152, -0.00039021417615, 0.00115235848352, -0.00224656541832, 0.00087591225747, -0.000704003963619, -0.000906019646209, -0.00170423812233, 0.00614859024063, -0.0116087403148, 0.0152149414644]]
    },
    "spectral_contrast_coeffs": {
        "mean": [-0.584821939468, -0.611642062664, -0.744192302227, -0.760249078274, -0.829834342003, -0.800898075104],
        "var": [0.00999190285802, 0.011630659923, 0.00753686437383, 0.00504453247413, 0.000926249427721, 0.000655842479318]
    },
    "spectral_contrast_valleys": {
        "mean": [-7.17946100235, -7.29621982574, -8.30963897705, -8.78025817871, -8.85763931274, -10.6913442612],
        "var": [0.713838934898, 0.641662061214, 0.616042733192, 0.446673303843, 0.501744508743, 0.704678952694]
    }
},
"metadata": {
    "audio_properties": {
        "analysis_sample_rate": 44100,
        "bit_rate": 128074,
        "equal_loudness": 0,
        "length": 45.0612258911,
        "lossless": 0,
        "replay_gain": -6.0027179718,
        "sample_rate": 44100,
        "codec": "mp3",
        "downmix": "mix",
        "md5_encoded": "d80df0704a60353a87e422b8fb14cdb6"
    },
    "tags": {
        "file_name": "1769.mp3"
    },
    "version": {
        "essentia": "2.1-beta2",
        "essentia_git_sha": "v2.1_beta2",
        "extractor": "music 1.0"
    }
},
"rhythm": {
    "beats_count": 98,
    "beats_loudness": {
        "mean": 0.0345482192934,
        "var": 0.000305110181216
    },
    "bpm": 130.285232544,
    "bpm_histogram_first_peak_bpm": {
        "mean": 129,
        "var": 0
    },
    "bpm_histogram_first_peak_spread": {
        "mean": 0.418604642153,
        "var": 0
    },
    "bpm_histogram_first_peak_weight": {
        "mean": 0.515463888645,
        "var": 0
    },
    "bpm_histogram_second_peak_bpm": {
        "mean": 136,
        "var": 0
    },
    "bpm_histogram_second_peak_spread": {
        "mean": 0,
        "var": 0
    },
    "bpm_histogram_second_peak_weight": {
        "mean": 0.113402061164,
        "var": 0
    },
    "danceability": 1.31011557579,
    "onset_rate": 5.65641689301,
    "beats_loudness_band_ratio": {
        "mean": [0.362753123045, 0.444116085768, 0.22713264823, 0.0344271250069, 0.0105661377311, 0.0114091364667],
        "var": [0.0757183507085, 0.0739931389689, 0.0727760195732, 0.00292405253276, 0.000220785092097, 0.000266872084467]
    },
    "beats_position": [0.394739210606, 0.835918366909, 1.27709746361, 1.74149656296, 2.20589566231, 2.67029476166, 3.11147379875, 3.56426286697, 4.01705217361, 4.48145103455, 4.94585037231, 5.39863920212, 5.85142850876, 6.31582736969, 6.76861667633, 7.22140598297, 7.66258478165, 8.12698364258, 8.59138298035, 9.05578231812, 9.52018165588, 9.98458003998, 10.4489793777, 10.9017686844, 11.354557991, 11.8189563751, 12.2717456818, 12.7245349884, 13.1889343262, 13.6533327103, 14.117732048, 14.5705213547, 15.0233106613, 15.4993190765, 15.9637184143, 16.4397277832, 16.904127121, 17.3569164276, 17.8097057343, 18.2624931335, 18.7152824402, 19.1912918091, 19.6440811157, 20.0852603912, 20.549659729, 21.0140590668, 21.4784584045, 21.9312477112, 22.3840351105, 22.8484344482, 23.312833786, 23.7772331238, 24.2416324615, 24.7060317993, 25.1704311371, 25.6232185364, 26.076007843, 26.5171871185, 26.9815864563, 27.4459857941, 27.9103851318, 28.3747844696, 28.8159637451, 29.2687530518, 29.7215423584, 30.1859397888, 30.6387290955, 31.0915184021, 31.5559177399, 31.9970970154, 32.4614944458, 32.9142837524, 33.3670730591, 33.8314743042, 34.2958717346, 34.7602729797, 35.2130622864, 35.6658477783, 36.1070289612, 36.5830383301, 37.0474357605, 37.5002250671, 37.9646263123, 38.4290237427, 38.8702049255, 39.334602356, 39.7989997864, 40.2634010315, 40.7277984619, 41.192199707, 41.6565971375, 42.1209983826, 42.5621757507, 43.0265769958, 43.4909744263, 43.9553718567, 44.4081611633, 44.86095047]
},
"tonal": {
    "chords_changes_rate": 0.0987654328346,
    "chords_number_rate": 0.0144032919779,
    "chords_strength": {
        "mean": 0.450345814228,
        "var": 0.0108493184671
    },
    "hpcp_entropy": {
        "mean": 1.30652403831,
        "var": 0.907962679863
    },
    "key_strength": 0.657389044762,
    "tuning_diatonic_strength": 0.384522646666,
    "tuning_equal_tempered_deviation": 0.0344548411667,
    "tuning_frequency": 442.804626465,
    "tuning_nontempered_energy_ratio": 0.694384992123,
    "hpcp": {
        "mean": [0.0693504884839, 0.0363865233958, 0.0644834041595, 0.111007414758, 0.0793258100748, 0.0770203918219, 0.112022593617, 0.0893388241529, 0.107195325196, 0.133367389441, 0.0862187743187, 0.073220834136, 0.0893470942974, 0.0706992149353, 0.112827703357, 0.151864349842, 0.0940563902259, 0.101152613759, 0.134593456984, 0.0783447548747, 0.0518452078104, 0.0758026391268, 0.0843017548323, 0.109652608633, 0.111537061632, 0.0653623491526, 0.0619095303118, 0.0828662440181, 0.0737842917442, 0.108916945755, 0.155270561576, 0.111601047218, 0.110974222422, 0.149087786674, 0.102038696408, 0.0753908380866],
        "var": [0.0408123470843, 0.00990353897214, 0.0251274965703, 0.0742575079203, 0.0336017608643, 0.0337442047894, 0.0702405422926, 0.0392672047019, 0.0504966601729, 0.080951794982, 0.0368253588676, 0.0324479155242, 0.0529644712806, 0.0290157608688, 0.0578661561012, 0.0936531275511, 0.0326041504741, 0.0480624176562, 0.08996707201, 0.0318405926228, 0.017666131258, 0.0434108451009, 0.036909379065, 0.0535844154656, 0.0650381743908, 0.0299893748015, 0.0297718476504, 0.0512224920094, 0.0353838093579, 0.0468614175916, 0.0957256257534, 0.0473546236753, 0.0484246015549, 0.0941264778376, 0.0431627742946, 0.0380748920143]
    },
    "chords_histogram": [9.67078208923, 3.70370364189, 1.64609050751, 5.04115247726, 0, 0.823045253754, 0.617283940315, 5.24691343307, 2.88065838814, 17.2839508057, 9.77366256714, 0, 0, 0, 0, 5.34979438782, 2.16049385071, 0.102880656719, 0.823045253754, 0, 2.98353910446, 1.54320991039, 15.0205764771, 15.3292179108],
    "thpcp": [1, 0.718752145767, 0.714715123177, 0.960180640221, 0.65716701746, 0.48554494977, 0.446642875671, 0.234342709184, 0.415297031403, 0.714928925037, 0.510887622833, 0.496039897203, 0.721467018127, 0.575375139713, 0.690377652645, 0.858935475349, 0.555280864239, 0.4715693295, 0.575428426266, 0.455329149961, 0.726652264595, 0.978062748909, 0.605758011341, 0.65146034956, 0.86683177948, 0.504569292068, 0.333902359009, 0.488197118044, 0.542934536934, 0.706203460693, 0.718340039253, 0.420957773924, 0.398720324039, 0.533689320087, 0.475198209286, 0.701465547085],
    "chords_key": "G",
    "chords_scale": "major",
    "key_key": "C",
    "key_scale": "minor"
}
}