{
"lowlevel": {
    "average_loudness": 0.0848647579551,
    "barkbands_crest": {
        "mean": 12.9917640686,
        "var": 33.2893295288
    },
    "barkbands_flatness_db": {
        "mean": 0.224554508924,
        "var": 0.00715818023309
    },
    "barkbands_kurtosis": {
        "mean": 10.4328613281,
        "var": 452.215240479
    },
    "barkbands_skewness": {
        "mean": 1.74352025986,
        "var": 4.47017478943
    },
    "barkbands_spread": {
        "mean": 17.8186397552,
        "var": 318.418121338
    },
    "dissonance": {
        "mean": 0.414628982544,
        "var": 0.00386888463981
    },
    "dynamic_complexity": 7.4949426651,
    "erbbands_crest": {
        "mean": 13.277135849,
        "var": 33.6115226746
    },
    "erbbands_flatness_db": {
        "mean": 0.242002829909,
        "var": 0.0036751460284
    },
    "erbbands_kurtosis": {
        "mean": 2.72907400131,
        "var": 39.0579185486
    },
    "erbbands_skewness": {
        "mean": 0.627244591713,
        "var": 2.01396775246
    },
    "erbbands_spread": {
        "mean": 31.9149475098,
        "var": 527.192077637
    },
    "hfc": {
        "mean": 16.196811676,
        "var": 2893.84643555
    },
    "melbands_crest": {
        "mean": 18.0891609192,
        "var": 61.3497085571
    },
    "melbands_flatness_db": {
        "mean": 0.272388070822,
        "var": 0.0134591106325
    },
    "melbands_kurtosis": {
        "mean": 17.9677238464,
        "var": 1000.55187988
    },
    "melbands_skewness": {
        "mean": 2.62815976143,
        "var": 5.0967965126
    },
    "melbands_spread": {
        "mean": 30.6862430573,
        "var": 1775.31860352
    },
    "pitch_salience": {
        "mean": 0.490111291409,
        "var": 0.025113876909
    },
    "silence_rate_20dB": {
        "mean": 1,
        "var": 0
    },
    "silence_rate_30dB": {
        "mean": 0.997425317764,
        "var": 0.00256807217374
    },
    "silence_rate_60dB": {
        "mean": 0.465499490499,
        "var": 0.248806864023
    },
    "spectral_centroid": {
        "mean": 1372.17028809,
        "var": 1489585.25
    },
    "spectral_complexity": {
        "mean": 7.17919683456,
        "var": 52.5393295288
    },
    "spectral_decrease": {
        "mean": -2.847586833e-009,
        "var": 2.13827975055e-017
    },
    "spectral_energy": {
        "mean": 0.0122165437788,
        "var": 0.000385436695069
    },
    "spectral_energyband_high": {
        "mean": 0.00124011770822,
        "var": 4.29105457442e-005
    },
    "spectral_energyband_low": {
        "mean": 0.000568295014091,
        "var": 4.99565339851e-006
    },
    "spectral_energyband_middle_high": {
        "mean": 0.00241197552532,
        "var": 2.04470488825e-005
    },
    "spectral_energyband_middle_low": {
        "mean": 0.0083441613242,
        "var": 0.000207943463465
    },
    "spectral_entropy": {
        "mean": 6.65671014786,
        "var": 0.775540471077
    },
    "spectral_flux": {
        "mean": 0.0287302974612,
        "var": 0.00107424741145
    },
    "spectral_kurtosis": {
        "mean": 9.3174571991,
        "var": 108.317428589
    },
    "spectral_rms": {
        "mean": 0.00266909808852,
        "var": 4.79448226542e-006
    },
    "spectral_rolloff": {
        "mean": 2216.00268555,
        "var": 7731516.5
    },
    "spectral_skewness": {
        "mean": 1.95301663876,
        "var": 1.43773233891
    },
    "spectral_spread": {
        "mean": 3939193,
        "var": 4.74498937651e+012
    },
    "spectral_strongpeak": {
        "mean": 1.60952401161,
        "var": 14.0116271973
    },
    "zerocrossingrate": {
        "mean": 0.0745750293136,
        "var": 0.00607068091631
    },
    "barkbands": {
        "mean": [8.75557725522e-006, 1.39795210998e-005, 0.000251811172348, 0.000486478063976, 0.00241070310585, 0.00200338079594, 0.000690539658535, 0.00173111760523, 0.000906238914467, 0.00041822847561, 0.000192228049855, 0.0008415132761, 0.000297037244309, 0.000108276035462, 8.72528544278e-005, 9.52401242102e-005, 0.000111615176138, 8.52527518873e-005, 0.000135891474201, 0.00016625050921, 0.000172134721652, 0.000357203622116, 0.000264080852503, 0.000194446285604, 9.53774360823e-005, 6.39339632471e-005, 2.7493095331e-005],
        "var": [6.14925332876e-010, 2.78096168316e-009, 2.50454922934e-006, 1.28571298319e-006, 1.96538512682e-005, 1.91845138033e-005, 4.55981808045e-006, 2.58974396274e-005, 1.44933264892e-005, 1.57958766067e-006, 4.94920698202e-007, 4.55670578958e-006, 7.96877657194e-007, 1.44140713587e-007, 4.29814690506e-008, 5.80545425066e-008, 1.23366277194e-007, 5.78983545552e-008, 1.62202724141e-007, 2.97468716326e-007, 8.84102462351e-007, 4.21030517828e-006, 6.91919149176e-006, 5.68797850065e-006, 1.51955555339e-006, 4.14261705828e-007, 1.51728698938e-007]
    },
    "erbbands": {
        "mean": [0.000583689659834, 0.0060053630732, 0.184647023678, 1.22579932213, 2.40631961823, 6.38070106506, 27.5562324524, 9.26790714264, 12.51359272, 11.8458795547, 40.9082527161, 20.5579795837, 18.0223522186, 11.6408901215, 12.6215667725, 40.2015380859, 15.1324548721, 8.86779975891, 4.86626958847, 4.76641654968, 5.19513654709, 5.7871837616, 4.77020215988, 5.20806837082, 8.22252368927, 8.49202251434, 4.78490257263, 8.97891998291, 11.9527835846, 9.73215007782, 8.83641052246, 5.84838819504, 1.98633337021, 1.14707148075, 0.638692438602, 0.220393300056, 0.125487878919, 0.0563104748726, 0.00262369611301, 6.2844796048e-005],
        "var": [2.16144212573e-006, 0.00166050286498, 1.51873791218, 11.5579414368, 16.8648738861, 113.292686462, 5772.96582031, 327.115234375, 1346.28381348, 1123.38537598, 14597.4580078, 4594.64355469, 3790.43896484, 1485.40087891, 1305.47851563, 10237.9560547, 1441.47570801, 717.468139648, 150.253723145, 116.496032715, 177.547821045, 284.843383789, 186.353652954, 183.231735229, 791.945495605, 780.878234863, 466.659332275, 2476.80517578, 3993.64038086, 3586.88183594, 12074.9892578, 5360.02832031, 414.990997314, 379.6902771, 24.8288097382, 2.50950908661, 1.64004921913, 0.445997059345, 0.00122435868252, 2.73257626304e-007]
    },
    "gfcc": {
        "mean": [-146.584640503, 90.5862808228, -132.678314209, 9.54365825653, -84.2974243164, -11.9600839615, -36.5692024231, -8.33299446106, -26.4305229187, -9.08343791962, -18.1297302246, 0.162059396505, -9.44426250458],
        "cov": [[14913.140625, -3673.67919922, -1673.5958252, 102.454620361, -1460.85144043, 659.132873535, -907.643188477, -472.364929199, -715.570800781, 14.9973812103, -25.103603363, -341.108093262, -782.307495117], [-3673.67919922, 4452.06933594, 111.176208496, -741.788085938, 879.939575195, -750.169677734, 156.321777344, -247.314529419, 74.4762191772, -386.259460449, 118.991447449, -381.007141113, 157.147506714], [-1673.5958252, 111.176208496, 1593.52099609, 154.575057983, 206.290786743, 89.4578475952, -7.45021009445, 56.5546722412, 49.8171081543, -41.521686554, -297.715270996, -5.89629793167, -56.5596427917], [102.454620361, -741.788085938, 154.575057983, 861.321289063, 7.589448452, 298.068603516, 237.700942993, 36.9156150818, 134.522262573, -0.144475415349, -267.028167725, -64.4115066528, 22.6029567719], [-1460.85144043, 879.939575195, 206.290786743, 7.589448452, 642.024963379, -8.33672809601, 186.880310059, 102.468780518, 37.0176773071, -81.0902252197, -130.911483765, -139.13659668, 107.570755005], [659.132873535, -750.169677734, 89.4578475952, 298.068603516, -8.33672809601, 425.499786377, 86.9246292114, 86.0303726196, 34.0298652649, 11.8426990509, -174.531417847, -32.9005012512, -25.5974121094], [-907.643188477, 156.321777344, -7.45021009445, 237.700942993, 186.880310059, 86.9246292114, 332.81362915, 82.5465698242, 112.621109009, -52.6868247986, -150.239151001, -46.5390815735, 52.5436706543], [-472.364929199, -247.314529419, 56.5546722412, 36.9156150818, 102.468780518, 86.0303726196, 82.5465698242, 264.955688477, 63.6019821167, 37.9466018677, -25.7969264984, 21.8928928375, 56.4107627869], [-715.570800781, 74.4762191772, 49.8171081543, 134.522262573, 37.0176773071, 34.0298652649, 112.621109009, 63.6019821167, 224.532791138, 14.4464483261, -24.4375762939, 27.1726360321, 88.7998962402], [14.9973812103, -386.259460449, -41.521686554, -0.144475415349, -81.0902252197, 11.8426990509, -52.6868247986, 37.9466018677, 14.4464483261, 173.302017212, 94.6425476074, 105.31804657, 27.0014762878], [-25.103603363, 118.991447449, -297.715270996, -267.028167725, -130.911483765, -174.531417847, -150.239151001, -25.7969264984, -24.4375762939, 94.6425476074, 350.946990967, 136.219284058, 46.4980316162], [-341.108093262, -381.007141113, -5.89629793167, -64.4115066528, -139.13659668, -32.9005012512, -46.5390815735, 21.8928928375, 27.1726360321, 105.31804657, 136.219284058, 273.098022461, 50.0350608826], [-782.307495117, 157.147506714, -56.5596427917, 22.6029567719, 107.570755005, -25.5974121094, 52.5436706543, 56.4107627869, 88.7998962402, 27.0014762878, 46.4980316162, 50.0350608826, 255.112258911]],
        "icov": [[0.00021624728106, 0.00014937321248, 0.000242603331571, 2.32846432482e-005, 0.000117557669, -0.000193708096049, 0.000511110818479, 0.000201345188543, 0.000131166176288, 0.000184160700883, 0.000143280834891, 0.000398205098463, 0.00023467700521], [0.00014937321248, 0.00119539443403, -5.07359254698e-005, 0.000716959417332, -0.00101907528006, 0.000978235038929, -0.000325674249325, 0.00128993554972, -0.000861957203597, 0.00136323447805, -0.00081042322563, 0.00143006595317, -2.03895269806e-005], [0.000242603331571, -5.07359254698e-005, 0.00125873403158, -0.000203441421036, -0.000109367989353, -0.000237215848756, 0.00158138165716, -0.000153686210979, -9.32415932766e-005, -5.18338356414e-006, 0.00154592865147, -0.000469268037705, 0.000646158761811], [2.32846432482e-005, 0.000716959417332, -0.000203441421036, 0.00267428299412, -0.000184818913112, -0.000236225969275, -0.00154410512187, 0.00134155619889, -0.00116894009989, -5.50545737497e-005, 0.000408881343901, 0.00118215021212, -0.000470340601169], [0.000117557669, -0.00101907528006, -0.000109367989353, -0.000184818913112, 0.00397971644998, -0.000964093371294, -0.000658388074953, -0.00167576898821, 0.00168307614513, -0.00109236990102, 0.00106755958404, 0.000527592143044, -0.00105659267865], [-0.000193708096049, 0.000978235038929, -0.000237215848756, -0.000236225969275, -0.000964093371294, 0.00517247617245, -0.00076887459727, -0.000227812444791, -0.000923029554542, 0.000453328160802, 0.000708341016434, 0.000659371202346, -7.9129335063e-005], [0.000511110818479, -0.000325674249325, 0.00158138165716, -0.00154410512187, -0.000658388074953, -0.00076887459727, 0.00821173656732, -0.00126132369041, -0.00124387419783, 0.00106364663225, 0.00300572905689, -0.00104633008596, 0.00102118402719], [0.000201345188543, 0.00128993554972, -0.000153686210979, 0.00134155619889, -0.00167576898821, -0.000227812444791, -0.00126132369041, 0.00653837574646, -0.00159330375027, 9.77173112915e-005, -0.000966439314652, 0.00141827843618, -0.000390099565266], [0.000131166176288, -0.000861957203597, -9.32415932766e-005, -0.00116894009989, 0.00168307614513, -0.000923029554542, -0.00124387419783, -0.00159330375027, 0.00764153245836, -0.0011654291302, 0.000212772298255, -0.000778174027801, -0.00160040031187], [0.000184160700883, 0.00136323447805, -5.18338356414e-006, -5.50545737497e-005, -0.00109236990102, 0.000453328160802, 0.00106364663225, 9.77173112915e-005, -0.0011654291302, 0.0106974607334, -0.00287207658403, -0.000776150147431, -5.67323622818e-005], [0.000143280834891, -0.00081042322563, 0.00154592865147, 0.000408881343901, 0.00106755958404, 0.000708341016434, 0.00300572905689, -0.000966439314652, 0.000212772298255, -0.00287207658403, 0.00862815137953, -0.00275768362917, -0.000341163831763], [0.000398205098463, 0.00143006595317, -0.000469268037705, 0.00118215021212, 0.000527592143044, 0.000659371202346, -0.00104633008596, 0.00141827843618, -0.000778174027801, -0.000776150147431, -0.00275768362917, 0.00839892495424, -0.000914626813028], [0.00023467700521, -2.03895269806e-005, 0.000646158761811, -0.000470340601169, -0.00105659267865, -7.9129335063e-005, 0.00102118402719, -0.000390099565266, -0.00160040031187, -5.67323622818e-005, -0.000341163831763, -0.000914626813028, 0.00595513312146]]
    },
    "melbands": {
        "mean": [4.65854736831e-006, 6.59902289044e-005, 0.000224165982218, 0.000259747786913, 0.00082024227595, 0.000237258689594, 0.000180614850251, 0.000176050758455, 0.000289839779725, 0.000136745598866, 9.3409580586e-005, 4.81749993924e-005, 2.93188131764e-005, 9.52478294494e-005, 6.46494227112e-005, 2.55883296632e-005, 1.52879838424e-005, 7.82383631304e-006, 5.80344794798e-006, 6.71188900014e-006, 6.18449394096e-006, 5.92833157498e-006, 5.6416206462e-006, 3.57739122592e-006, 3.98239308197e-006, 5.87469503444e-006, 6.44129568173e-006, 5.19979676028e-006, 2.54004362432e-006, 3.58841407433e-006, 5.7040874708e-006, 5.72199314774e-006, 9.04429998627e-006, 3.81102881875e-006, 5.5304540183e-006, 3.71334681404e-006, 3.54118424184e-006, 1.4794774188e-006, 1.08025767531e-006, 8.42615918373e-007],
        "var": [1.48257489618e-010, 2.05065887826e-007, 2.64708688746e-007, 2.45394033982e-007, 4.73526597489e-006, 2.14777699625e-007, 2.84115884597e-007, 2.7418064974e-007, 7.13692088539e-007, 2.97552730899e-007, 1.05398051176e-007, 3.09575334256e-008, 1.18010605732e-008, 5.75534215841e-008, 2.42466473566e-008, 7.14222903042e-009, 2.45946973898e-009, 5.0982418287e-010, 1.82996409692e-010, 3.51957879507e-010, 3.53670953634e-010, 2.74111344734e-010, 3.79735798361e-010, 8.60488832966e-011, 1.2779090286e-010, 3.2174110598e-010, 5.85438864054e-010, 3.13947895458e-010, 1.30282201694e-010, 3.42701672595e-010, 1.23450683009e-009, 1.50446100022e-009, 2.65262167787e-009, 7.11188552494e-010, 6.67827571021e-009, 8.90996998404e-010, 2.85754397922e-009, 1.13956080683e-010, 4.24436874535e-010, 1.88746268615e-010]
    },
    "mfcc": {
        "mean": [-788.83013916, 119.374465942, -1.92099177837, 6.60299730301, -24.7170906067, -10.1373519897, -14.523683548, -3.71199321747, -9.86943149567, -11.225487709, -8.55829238892, -6.97607278824, -2.13175868988],
        "cov": [[14632.1767578, -2646.17626953, -2051.58789063, -577.498596191, -875, 20.6016159058, -399.48260498, -527.402282715, -1218.53100586, -268.722625732, 344.891235352, 34.9351158142, -463.368408203], [-2646.17626953, 3279.71679688, 100.987266541, -11.7107362747, 435.418395996, -308.290466309, 79.5147628784, -72.1890411377, 56.9737091064, -151.368118286, -3.92986917496, -140.97227478, -55.7982559204], [-2051.58789063, 100.987266541, 1293.67919922, 178.721984863, 264.629272461, 158.582519531, 6.27550315857, 129.256027222, 285.472015381, 95.5898666382, -154.797531128, 9.72670650482, -61.5142478943], [-577.498596191, -11.7107362747, 178.721984863, 378.869506836, 81.4408721924, 136.613494873, 76.2167510986, 58.4264450073, 174.670532227, 88.8437576294, -105.060592651, -3.4157409668, 35.6346435547], [-875, 435.418395996, 264.629272461, 81.4408721924, 357.242767334, 38.4386177063, 84.6567687988, 65.7144317627, 151.365036011, 69.5074005127, -83.6679916382, -37.9334716797, 18.8224449158], [20.6016159058, -308.290466309, 158.582519531, 136.613494873, 38.4386177063, 322.886871338, 68.1621780396, 68.9505767822, 188.946044922, 85.8564147949, -91.7760620117, -39.2041282654, 22.2344245911], [-399.48260498, 79.5147628784, 6.27550315857, 76.2167510986, 84.6567687988, 68.1621780396, 197.791397095, 77.697052002, 120.943183899, 82.3345184326, -72.435798645, -35.9399223328, 27.3556575775], [-527.402282715, -72.1890411377, 129.256027222, 58.4264450073, 65.7144317627, 68.9505767822, 77.697052002, 225.981338501, 196.955718994, 94.7246322632, -36.3005561829, -26.9948596954, 23.7896060944], [-1218.53100586, 56.9737091064, 285.472015381, 174.670532227, 151.365036011, 188.946044922, 120.943183899, 196.955718994, 508.826782227, 210.272247314, -176.270599365, -80.6993865967, 76.1755905151], [-268.722625732, -151.368118286, 95.5898666382, 88.8437576294, 69.5074005127, 85.8564147949, 82.3345184326, 94.7246322632, 210.272247314, 284.185668945, -113.95803833, -34.5868873596, 60.1380310059], [344.891235352, -3.92986917496, -154.797531128, -105.060592651, -83.6679916382, -91.7760620117, -72.435798645, -36.3005561829, -176.270599365, -113.95803833, 290.277374268, -2.09734916687, -40.7583770752], [34.9351158142, -140.97227478, 9.72670650482, -3.4157409668, -37.9334716797, -39.2041282654, -35.9399223328, -26.9948596954, -80.6993865967, -34.5868873596, -2.09734916687, 261.437347412, -75.1922225952], [-463.368408203, -55.7982559204, -61.5142478943, 35.6346435547, 18.8224449158, 22.2344245911, 27.3556575775, 23.7896060944, 76.1755905151, 60.1380310059, -40.7583770752, -75.1922225952, 247.142074585]],
        "icov": [[0.000164269134984, 0.000110972068796, 0.000246539450018, 5.73591132706e-005, -4.27188897447e-005, -0.000216607193579, 0.000227344222367, 4.26186161349e-005, 0.00032527037547, -0.000131380234961, 0.000144148172694, 0.00022684445139, 0.000404113874538], [0.000110972068796, 0.000577244732995, 0.000205452321097, -2.77193685179e-005, -0.00065086648101, 0.000502984796185, -5.56732702535e-005, 0.000387302570743, -0.00014427138376, 0.000345572014339, 9.97906317934e-005, 0.000441151700215, 0.000477778463392], [0.000246539450018, 0.000205452321097, 0.0015065636253, -0.000144338438986, -0.000842540001031, -0.000539567670785, 0.00109768623952, -0.000244275783189, 0.000152900378453, -8.92238604138e-005, 0.000500222493429, 0.000287779956125, 0.00106378295459], [5.73591132706e-005, -2.77193685179e-005, -0.000144338438986, 0.00360911129974, -8.93880423973e-005, -0.00106715527363, -0.000552858866286, 0.000280462350929, -0.000404120539315, -0.000198359499336, 0.000338964455295, -0.000398983538616, -0.000210674334085], [-4.27188897447e-005, -0.00065086648101, -0.000842540001031, -8.93880423973e-005, 0.00470875995234, -0.000109831518785, -0.00120599695947, -0.00032095896313, -0.000166333426023, -0.000451216765214, 0.000201291972189, -8.29949713079e-005, -0.000439209368778], [-0.000216607193579, 0.000502984796185, -0.000539567670785, -0.00106715527363, -0.000109831518785, 0.00555195054039, -0.00121102842968, 0.000541978806723, -0.00202697957866, 0.00071885244688, 0.000124120051623, 0.000462311843876, -7.12610271876e-005], [0.000227344222367, -5.56732702535e-005, 0.00109768623952, -0.000552858866286, -0.00120599695947, -0.00121102842968, 0.00790882017463, -0.00188001478091, 0.000643871899229, -0.00108339916915, 0.00119869131595, 0.000709268555511, 0.000751618063077], [4.26186161349e-005, 0.000387302570743, -0.000244275783189, 0.000280462350929, -0.00032095896313, 0.000541978806723, -0.00188001478091, 0.00773723144084, -0.00295829679817, -0.000305473833578, -0.00138158199843, -0.000107201842184, 0.000230802979786], [0.00032527037547, -0.00014427138376, 0.000152900378453, -0.000404120539315, -0.000166333426023, -0.00202697957866, 0.000643871899229, -0.00295829679817, 0.0061475369148, -0.00207527633756, 0.00161310040858, 0.00103751872666, 0.000273973273579], [-0.000131380234961, 0.000345572014339, -8.92238604138e-005, -0.000198359499336, -0.000451216765214, 0.00071885244688, -0.00108339916915, -0.000305473833578, -0.00207527633756, 0.00600070785731, 0.000824435905088, 1.87839941646e-005, -0.000721736869309], [0.000144148172694, 9.97906317934e-005, 0.000500222493429, 0.000338964455295, 0.000201291972189, 0.000124120051623, 0.00119869131595, -0.00138158199843, 0.00161310040858, 0.000824435905088, 0.00531312730163, 0.000974995084107, 0.000817299936898], [0.00022684445139, 0.000441151700215, 0.000287779956125, -0.000398983538616, -8.29949713079e-005, 0.000462311843876, 0.000709268555511, -0.000107201842184, 0.00103751872666, 1.87839941646e-005, 0.000974995084107, 0.00504359276965, 0.00192154210526], [0.000404113874538, 0.000477778463392, 0.00106378295459, -0.000210674334085, -0.000439209368778, -7.12610271876e-005, 0.000751618063077, 0.000230802979786, 0.000273973273579, -0.000721736869309, 0.000817299936898, 0.00192154210526, 0.00595199456438]]
    },
    "spectral_contrast_coeffs": {
        "mean": [-0.546194434166, -0.654134631157, -0.728763997555, -0.769781291485, -0.753428757191, -0.724781453609],
        "var": [0.0234672054648, 0.0120950015262, 0.00760527141392, 0.00577706005424, 0.00574373174459, 0.00595395360142]
    },
    "spectral_contrast_valleys": {
        "mean": [-9.96920490265, -8.32536506653, -8.65827655792, -9.45966529846, -9.59984302521, -12.2137327194],
        "var": [0.767472565174, 1.34399008751, 1.17986881733, 1.51346099377, 2.56044769287, 2.64217114449]
    }
},
"metadata": {
    "audio_properties": {
        "analysis_sample_rate": 44100,
        "bit_rate": 128074,
        "equal_loudness": 0,
        "length": 45.0612258911,
        "lossless": 0,
        "replay_gain": -4.32886886597,
        "sample_rate": 44100,
        "codec": "mp3",
        "downmix": "mix",
        "md5_encoded": "005fc3e6a5031fbbaac78d1d55e6ab26"
    },
    "tags": {
        "file_name": "1770.mp3"
    },
    "version": {
        "essentia": "2.1-beta2",
        "essentia_git_sha": "v2.1_beta2",
        "extractor": "music 1.0"
    }
},
"rhythm": {
    "beats_count": 95,
    "beats_loudness": {
        "mean": 0.014213366434,
        "var": 0.00046337855747
    },
    "bpm": 135.399383545,
    "bpm_histogram_first_peak_bpm": {
        "mean": 136,
        "var": 0
    },
    "bpm_histogram_first_peak_spread": {
        "mean": 0.54545456171,
        "var": 0
    },
    "bpm_histogram_first_peak_weight": {
        "mean": 0.106382980943,
        "var": 0
    },
    "bpm_histogram_second_peak_bpm": {
        "mean": 152,
        "var": 0
    },
    "bpm_histogram_second_peak_spread": {
        "mean": 0.466666668653,
        "var": 0
    },
    "bpm_histogram_second_peak_weight": {
        "mean": 0.0851063802838,
        "var": 0
    },
    "danceability": 0.753462553024,
    "onset_rate": 1.97420048714,
    "beats_loudness_band_ratio": {
        "mean": [0.152334943414, 0.360784590244, 0.190317094326, 0.0890901535749, 0.0423951409757, 0.222717911005],
        "var": [0.0524298176169, 0.0903644561768, 0.030589139089, 0.0132904425263, 0.00349049479701, 0.0803311616182]
    },
    "beats_position": [0.510838985443, 1.04489791393, 1.5673469305, 2.07818579674, 2.60063481331, 3.12308382988, 3.64553284645, 4.14476203918, 4.52789115906, 4.91102027893, 5.2941493988, 5.67727899551, 6.06040811539, 6.43192720413, 6.80344676971, 7.17496585846, 7.60453510284, 8.04571437836, 8.48689365387, 8.92807197571, 9.36925125122, 9.78721046448, 10.2167797089, 10.6347389221, 11.0643081665, 11.4938774109, 11.8886165619, 12.2833557129, 12.6780948639, 13.0728340149, 13.5140132904, 13.9551925659, 14.3963718414, 14.8491611481, 15.3135595322, 15.7663488388, 16.2191371918, 16.6719264984, 17.1247158051, 17.5775051117, 18.0186843872, 18.4598636627, 18.9242630005, 19.4002723694, 19.8762817383, 20.3522891998, 20.8282985687, 21.2694778442, 21.7222671509, 22.1750564575, 22.5697956085, 22.9645347595, 23.3708839417, 23.7656230927, 24.1603622437, 24.5667114258, 24.9730606079, 25.37940979, 25.7857589722, 26.1921081543, 26.5752372742, 26.9815864563, 27.3995456696, 27.8175048828, 28.3051242828, 28.804353714, 29.3035831451, 29.7795906067, 30.2439899445, 30.7199993134, 31.1843986511, 31.6720180511, 32.171245575, 32.7401351929, 33.2974128723, 33.843082428, 34.3887519836, 34.9344215393, 35.480091095, 36.0257606506, 36.5598182678, 37.1054878235, 37.6511573792, 38.1852149963, 38.7424926758, 39.2997741699, 39.8570518494, 40.4607696533, 41.0644874573, 41.6565971375, 42.2487068176, 42.8524246216, 43.4445343018, 44.0366439819, 44.6287536621]
},
"tonal": {
    "chords_changes_rate": 0.0576131679118,
    "chords_number_rate": 0.0154320988804,
    "chords_strength": {
        "mean": 0.43086284399,
        "var": 0.00925821252167
    },
    "hpcp_entropy": {
        "mean": 1.3459726572,
        "var": 0.664920151234
    },
    "key_strength": 0.702318072319,
    "tuning_diatonic_strength": 0.539653420448,
    "tuning_equal_tempered_deviation": 0.163876891136,
    "tuning_frequency": 434.946166992,
    "tuning_nontempered_energy_ratio": 0.757220983505,
    "hpcp": {
        "mean": [0.191595822573, 0.137006357312, 0.0781861022115, 0.125020518899, 0.123435825109, 0.0909750685096, 0.082034856081, 0.0554123707116, 0.067035228014, 0.141167506576, 0.145299106836, 0.0792978703976, 0.049606885761, 0.0492951571941, 0.122610464692, 0.221566751599, 0.185652598739, 0.113816350698, 0.0782582014799, 0.0565657131374, 0.0539262443781, 0.0519415363669, 0.0489134602249, 0.109319791198, 0.233230948448, 0.186070993543, 0.0739822760224, 0.0606608204544, 0.0591455809772, 0.0944979786873, 0.156329274178, 0.141348391771, 0.0624327734113, 0.0282251350582, 0.0295537821949, 0.0990411937237],
        "var": [0.114164806902, 0.0569038689137, 0.0258050225675, 0.0845912024379, 0.0710864961147, 0.0346015356481, 0.0365114100277, 0.0161423534155, 0.0184391401708, 0.064623773098, 0.0757145732641, 0.025570480153, 0.0208727251738, 0.0173064116389, 0.041286252439, 0.122663110495, 0.0716717094183, 0.0611647106707, 0.0369237586856, 0.0238181911409, 0.0257995370775, 0.0163245033473, 0.0138534819707, 0.0365165993571, 0.125318989158, 0.0916941836476, 0.0270087961107, 0.0308267492801, 0.023260479793, 0.0443590320647, 0.0934711396694, 0.0723346099257, 0.0210849717259, 0.0104754772037, 0.010914969258, 0.0339703373611]
    },
    "chords_histogram": [11.1111106873, 24.0740737915, 13.5802469254, 2.36625504494, 1.85185182095, 1.44032919407, 9.05349826813, 0.102880656719, 7.92181062698, 0, 4.32098770142, 0, 0, 0, 0, 2.46913576126, 0, 4.83539104462, 0.205761313438, 3.60082316399, 0, 4.21810722351, 2.05761313438, 6.79012346268],
    "thpcp": [1, 0.797797203064, 0.317206084728, 0.260089069605, 0.253592342138, 0.405169129372, 0.67027670145, 0.606044769287, 0.267686486244, 0.121017962694, 0.126714661717, 0.424648582935, 0.8214854002, 0.587427854538, 0.335230380297, 0.536037445068, 0.529242932796, 0.390064299107, 0.351732283831, 0.237585842609, 0.287419945002, 0.605269193649, 0.622983813286, 0.339997202158, 0.212694272399, 0.211357697845, 0.525704085827, 0.949988663197, 0.79600328207, 0.487998485565, 0.335539519787, 0.242530912161, 0.231213927269, 0.222704306245, 0.209721133113, 0.468719065189],
    "chords_key": "D",
    "chords_scale": "minor",
    "key_key": "A#",
    "key_scale": "major"
}
}