{
"lowlevel": {
    "average_loudness": 0.976993858814,
    "barkbands_crest": {
        "mean": 10.7576932907,
        "var": 12.1517801285
    },
    "barkbands_flatness_db": {
        "mean": 0.181919023395,
        "var": 0.000709824671503
    },
    "barkbands_kurtosis": {
        "mean": 1.51762831211,
        "var": 7.93481636047
    },
    "barkbands_skewness": {
        "mean": 0.82294267416,
        "var": 0.433281600475
    },
    "barkbands_spread": {
        "mean": 12.5924901962,
        "var": 13.5937395096
    },
    "dissonance": {
        "mean": 0.449106216431,
        "var": 0.00121944269631
    },
    "dynamic_complexity": 0.91023015976,
    "erbbands_crest": {
        "mean": 13.6148986816,
        "var": 30.1664714813
    },
    "erbbands_flatness_db": {
        "mean": 0.21699462831,
        "var": 0.00136155099608
    },
    "erbbands_kurtosis": {
        "mean": 4.02132749557,
        "var": 8.6963891983
    },
    "erbbands_skewness": {
        "mean": 0.71841186285,
        "var": 0.249621242285
    },
    "erbbands_spread": {
        "mean": 13.7318887711,
        "var": 31.4175109863
    },
    "hfc": {
        "mean": 28.3598403931,
        "var": 93.963180542
    },
    "melbands_crest": {
        "mean": 12.4956464767,
        "var": 11.2257003784
    },
    "melbands_flatness_db": {
        "mean": 0.256411552429,
        "var": 0.000838084495626
    },
    "melbands_kurtosis": {
        "mean": 2.6223692894,
        "var": 11.5938339233
    },
    "melbands_skewness": {
        "mean": 1.22949850559,
        "var": 0.577984511852
    },
    "melbands_spread": {
        "mean": 16.3206558228,
        "var": 31.3119392395
    },
    "pitch_salience": {
        "mean": 0.523174583912,
        "var": 0.0109719531611
    },
    "silence_rate_20dB": {
        "mean": 1,
        "var": 0
    },
    "silence_rate_30dB": {
        "mean": 0.984552025795,
        "var": 0.0152092361823
    },
    "silence_rate_60dB": {
        "mean": 0.00154479919001,
        "var": 0.00154241069686
    },
    "spectral_centroid": {
        "mean": 843.090454102,
        "var": 32356.9101563
    },
    "spectral_complexity": {
        "mean": 19.9804325104,
        "var": 7.88733768463
    },
    "spectral_decrease": {
        "mean": -1.51903645218e-008,
        "var": 2.80458597624e-017
    },
    "spectral_energy": {
        "mean": 0.0599042624235,
        "var": 0.000418620038545
    },
    "spectral_energyband_high": {
        "mean": 0.000131790860905,
        "var": 3.29134453025e-009
    },
    "spectral_energyband_low": {
        "mean": 0.0247837360948,
        "var": 0.000327038782416
    },
    "spectral_energyband_middle_high": {
        "mean": 0.0155493170023,
        "var": 0.000113985493954
    },
    "spectral_energyband_middle_low": {
        "mean": 0.0213697515428,
        "var": 6.06905523455e-005
    },
    "spectral_entropy": {
        "mean": 7.14072227478,
        "var": 0.0316641889513
    },
    "spectral_flux": {
        "mean": 0.0901433750987,
        "var": 0.000923040672205
    },
    "spectral_kurtosis": {
        "mean": 8.23157596588,
        "var": 9.13432788849
    },
    "spectral_rms": {
        "mean": 0.00752739375457,
        "var": 1.78150321517e-006
    },
    "spectral_rolloff": {
        "mean": 851.742370605,
        "var": 188040.046875
    },
    "spectral_skewness": {
        "mean": 2.13255786896,
        "var": 0.113410137594
    },
    "spectral_spread": {
        "mean": 2984287,
        "var": 1.23353432064e+012
    },
    "spectral_strongpeak": {
        "mean": 1.5799677372,
        "var": 2.9568464756
    },
    "zerocrossingrate": {
        "mean": 0.0319695994258,
        "var": 0.000160596275236
    },
    "barkbands": {
        "mean": [0.000191962550161, 0.0199762005359, 0.00402429513633, 0.00179576594383, 0.00328720570542, 0.00137494551018, 0.00363182090223, 0.00454222969711, 0.00420770002529, 0.0124333295971, 0.0013452359708, 0.00046545729856, 0.00141048885416, 0.000175580702489, 0.000164342360222, 0.00027427871828, 0.000111148612632, 8.79583167261e-005, 0.00022841959435, 7.76745655457e-005, 4.24978388764e-005, 2.55307877524e-005, 1.2559600691e-005, 9.82234178082e-006, 4.96789016324e-006, 2.5599563287e-006, 3.40968313139e-007],
        "var": [2.20816531282e-007, 0.000264631613391, 1.23337804325e-005, 3.27839916281e-006, 6.13835436525e-006, 1.39950350331e-006, 5.55455790163e-006, 1.20817612697e-005, 9.59879071161e-006, 0.000105426966911, 1.98449197342e-006, 1.96496444005e-007, 1.64700566074e-006, 2.27869154656e-008, 1.69778022752e-008, 2.11181490073e-008, 3.75816577858e-009, 2.50825049619e-009, 1.88072508678e-008, 1.39924372089e-009, 4.74937034145e-010, 2.88245927127e-010, 4.49942617886e-011, 4.61671846586e-011, 1.96919858891e-011, 1.06106755327e-011, 1.24193992763e-012]
    },
    "erbbands": {
        "mean": [0.351577371359, 5.2092666626, 6.57743263245, 4.80680418015, 11.1073989868, 8.7221622467, 11.2438278198, 12.5882053375, 51.5553741455, 63.7234382629, 89.5638656616, 127.575431824, 183.177368164, 379.452789307, 77.2055130005, 29.4027404785, 71.3428573608, 15.2978458405, 9.59941196442, 9.69888591766, 11.729434967, 6.39220905304, 5.74772119522, 14.7052755356, 4.97057008743, 3.83592391014, 2.10469388962, 1.5108743906, 0.984348654747, 0.464241355658, 0.364375054836, 0.25086247921, 0.134377136827, 0.0693933963776, 0.0277255754918, 0.0112179275602, 0.00459023844451, 0.0012288086582, 6.17842306383e-005, 6.84895858285e-005],
        "var": [0.0876779332757, 17.9261932373, 25.3796844482, 17.2254276276, 114.147140503, 46.129863739, 93.4908752441, 114.048660278, 1270.60400391, 1649.25146484, 6270.78222656, 8029.34277344, 20513.9335938, 165238.140625, 4027.93261719, 461.103424072, 4245.24902344, 82.6468276978, 57.3703460693, 25.6105651855, 38.5703659058, 9.5819683075, 9.12956523895, 85.2449874878, 4.22765541077, 3.47370314598, 1.16820061207, 0.788616418839, 0.376804739237, 0.059142716229, 0.0408320054412, 0.0260680448264, 0.0105215646327, 0.00336268683895, 0.000723820354324, 0.000156834168592, 3.59929072147e-005, 5.51796074433e-006, 1.82485475619e-008, 5.06422237478e-010]
    },
    "gfcc": {
        "mean": [17.9873352051, 143.900787354, -127.570716858, 8.84971237183, -61.2576980591, 11.5128469467, -10.4626245499, 18.2745265961, -17.0174598694, -3.49949002266, -8.96499061584, -2.49240112305, -6.90349817276],
        "cov": [[1371.49560547, 313.72857666, 265.064880371, 272.985961914, 159.484207153, 154.475784302, 94.9688491821, 66.056427002, -10.3996543884, -10.010310173, -28.3725395203, -7.69799280167, -50.6774139404], [313.72857666, 552.207885742, 262.431365967, 379.495910645, 238.614593506, 142.414016724, 172.463729858, 10.7910280228, 71.4472885132, -65.3916320801, 29.9542350769, -73.0287094116, -1.74786520004], [265.064880371, 262.431365967, 472.745544434, 346.898712158, 259.900024414, 174.496337891, 126.15952301, 80.1521530151, 23.0211048126, 3.4616291523, -27.0416812897, -13.819018364, -51.3590888977], [272.985961914, 379.495910645, 346.898712158, 466.177062988, 245.807266235, 156.641784668, 147.574493408, 39.9472846985, 51.2371711731, -36.4552993774, 11.4711380005, -47.6361846924, -26.6786880493], [159.484207153, 238.614593506, 259.900024414, 245.807266235, 216.935058594, 137.480911255, 109.023468018, 43.8574638367, 32.0779800415, -5.86978721619, -0.591231048107, -19.2444820404, -24.3118858337], [154.475784302, 142.414016724, 174.496337891, 156.641784668, 137.480911255, 128.175140381, 88.3310775757, 35.3017616272, 16.7728786469, -3.02969193459, -4.32510280609, -11.7747869492, -16.4745407104], [94.9688491821, 172.463729858, 126.15952301, 147.574493408, 109.023468018, 88.3310775757, 118.250267029, 34.2403450012, 31.4214363098, -21.2586994171, 5.46926164627, -19.4188098907, 2.10977578163], [66.056427002, 10.7910280228, 80.1521530151, 39.9472846985, 43.8574638367, 35.3017616272, 34.2403450012, 59.2606391907, 17.4365901947, 11.1582384109, -8.85704612732, 1.24671256542, -9.84793186188], [-10.3996543884, 71.4472885132, 23.0211048126, 51.2371711731, 32.0779800415, 16.7728786469, 31.4214363098, 17.4365901947, 52.6200370789, 11.1302556992, 14.2494878769, -13.5430183411, 1.94719564915], [-10.010310173, -65.3916320801, 3.4616291523, -36.4552993774, -5.86978721619, -3.02969193459, -21.2586994171, 11.1582384109, 11.1302556992, 57.481502533, 14.0673685074, 15.5446243286, -15.3801555634], [-28.3725395203, 29.9542350769, -27.0416812897, 11.4711380005, -0.591231048107, -4.32510280609, 5.46926164627, -8.85704612732, 14.2494878769, 14.0673685074, 50.6249084473, 10.0630521774, 6.89489555359], [-7.69799280167, -73.0287094116, -13.819018364, -47.6361846924, -19.2444820404, -11.7747869492, -19.4188098907, 1.24671256542, -13.5430183411, 15.5446243286, 10.0630521774, 44.4830474854, 10.1724529266], [-50.6774139404, -1.74786520004, -51.3590888977, -26.6786880493, -24.3118858337, -16.4745407104, 2.10977578163, -9.84793186188, 1.94719564915, -15.3801555634, 6.89489555359, 10.1724529266, 45.4487190247]],
        "icov": [[0.0013962284429, -0.00252987910062, 0.00108180718962, -0.000924892374314, 0.00225125695579, -0.00200976757333, 0.00103756505996, -0.00267871026881, 0.00264777708799, -0.00226331455633, 0.00261596939526, -0.00290178717114, 0.00135955831502], [-0.00252987910062, 0.0144342696294, -0.0044859261252, 0.00078503874829, -0.00983364321291, 0.00552274473011, -0.00563923828304, 0.0110759017989, -0.0106927063316, 0.0121490005404, -0.012087661773, 0.013300254941, -0.00404464779422], [0.00108180718962, -0.0044859261252, 0.0129342265427, -0.00609005289152, -0.00356672820635, -0.00223727640696, 0.001240778598, -0.00862556137145, 0.00779364816844, -0.00833616033196, 0.0110082067549, -0.00930945575237, 0.00468828435987], [-0.000924892374314, 0.00078503874829, -0.00609005289152, 0.0101905399933, -0.00397455459461, 0.000857022940181, -0.000733273103833, 0.0040154713206, -0.00530732516199, 0.00735659198835, -0.00739801581949, 0.00577208958566, -0.000265241746092], [0.00225125695579, -0.00983364321291, -0.00356672820635, -0.00397455459461, 0.0333824567497, -0.0181909296662, 0.00182310678065, -0.00569579098374, 0.00262644584291, -0.00712164957076, 0.00628116540611, -0.00967599265277, 0.00440319767222], [-0.00200976757333, 0.00552274473011, -0.00223727640696, 0.000857022940181, -0.0181909296662, 0.0354886054993, -0.0162688139826, 0.00460911402479, 0.00241274572909, -0.00206779618748, -0.00141691428144, 0.0052235648036, -0.00092386972392], [0.00103756505996, -0.00563923828304, 0.001240778598, -0.000733273103833, 0.00182310678065, -0.0162688139826, 0.031960837543, -0.0127862645313, -0.00366438482888, 0.00735858734697, -0.00260470644571, -0.000861743232235, -0.00402921857312], [-0.00267871026881, 0.0110759017989, -0.00862556137145, 0.0040154713206, -0.00569579098374, 0.00460911402479, -0.0127862645313, 0.0397508516908, -0.018700145185, 0.00528085976839, -0.0019488921389, 0.00435075256974, -0.000210216050618], [0.00264777708799, -0.0106927063316, 0.00779364816844, -0.00530732516199, 0.00262644584291, 0.00241274572909, -0.00366438482888, -0.018700145185, 0.0473363697529, -0.0256997570395, 0.00432021310553, 0.00404943712056, -0.00565622746944], [-0.00226331455633, 0.0121490005404, -0.00833616033196, 0.00735659198835, -0.00712164957076, -0.00206779618748, 0.00735858734697, 0.00528085976839, -0.0256997570395, 0.0495833158493, -0.023020695895, 0.0020476791542, 0.00999969337136], [0.00261596939526, -0.012087661773, 0.0110082067549, -0.00739801581949, 0.00628116540611, -0.00141691428144, -0.00260470644571, -0.0019488921389, 0.00432021310553, -0.023020695895, 0.0453437305987, -0.0243776626885, 0.00369599019177], [-0.00290178717114, 0.013300254941, -0.00930945575237, 0.00577208958566, -0.00967599265277, 0.0052235648036, -0.000861743232235, 0.00435075256974, 0.00404943712056, 0.0020476791542, -0.0243776626885, 0.0544348210096, -0.0201217737049], [0.00135955831502, -0.00404464779422, 0.00468828435987, -0.000265241746092, 0.00440319767222, -0.00092386972392, -0.00402921857312, -0.000210216050618, -0.00565622746944, 0.00999969337136, 0.00369599019177, -0.0201217737049, 0.0382368154824]]
    },
    "melbands": {
        "mean": [0.0047481963411, 0.00494524883106, 0.00109257164877, 0.00071905576624, 0.000391963578295, 0.000266823219135, 0.000782040006015, 0.000735901296139, 0.000662134960294, 0.000806587107945, 0.000922645500395, 0.00164911523461, 0.000202455659746, 9.35107673286e-005, 0.000129961947096, 0.000112267814984, 2.04920288525e-005, 1.38437017085e-005, 1.00331781141e-005, 1.92584120668e-005, 1.18030875456e-005, 5.48390153199e-006, 6.72396299706e-006, 4.3334152906e-006, 1.39593603308e-005, 4.32711431131e-006, 2.89053195957e-006, 2.38297684518e-006, 1.45027354392e-006, 9.66514335232e-007, 8.45734120958e-007, 5.96276436227e-007, 3.77256469619e-007, 2.13378072544e-007, 2.16162987954e-007, 1.74507988504e-007, 1.46273109181e-007, 9.15728577411e-008, 8.45776071401e-008, 4.85364530789e-008],
        "var": [1.48752851601e-005, 1.36642474899e-005, 8.42285487579e-007, 3.66626835557e-007, 9.4108585813e-008, 5.22049070639e-008, 2.87713703528e-007, 2.42092767166e-007, 3.61177228569e-007, 3.60360360219e-007, 5.1171451787e-007, 3.25645100929e-006, 3.93012768996e-008, 6.94526036682e-009, 1.25324062239e-008, 8.33392910238e-009, 2.85828111179e-010, 1.2483052092e-010, 4.13828069035e-011, 1.35761721309e-010, 4.6575920204e-011, 9.26421526298e-012, 1.79311721721e-011, 7.14837737614e-012, 8.46848771663e-011, 5.9621908105e-012, 2.1732390193e-012, 1.66341365595e-012, 7.40213771354e-013, 2.92790422983e-013, 4.11698940998e-013, 1.87573264213e-013, 4.84208959278e-014, 1.52783076582e-014, 1.63707531553e-014, 1.03976436768e-014, 1.14259874145e-014, 5.48878493315e-015, 4.7685269836e-015, 1.87034890918e-015]
    },
    "mfcc": {
        "mean": [-623.018981934, 174.532119751, -9.39812088013, 10.775554657, -18.6211948395, -3.18555212021, 10.071387291, 15.5587711334, 6.27518558502, 8.24290752411, 2.57277560234, 2.16397118568, 0.114404030144],
        "cov": [[638.868286133, 179.04699707, 167.58303833, 173.650222778, 113.642044067, 122.202911377, 105.824707031, 92.9478302002, 39.5120353699, 32.247253418, 22.7629127502, 18.2113342285, -6.92193222046], [179.04699707, 291.274047852, 127.247795105, 170.977539063, 113.507049561, 130.129928589, 97.6381835938, 95.0401535034, 53.0528869629, 48.8223495483, 26.4416351318, 19.581243515, 9.37330818176], [167.58303833, 127.247795105, 281.988342285, 240.294296265, 169.664596558, 146.425262451, 123.36428833, 110.142463684, 67.3003463745, 54.0718231201, 35.6185684204, 31.5676269531, 3.19734239578], [173.650222778, 170.977539063, 240.294296265, 326.614471436, 175.053222656, 167.645385742, 122.184234619, 124.084342957, 62.6649398804, 57.7729301453, 40.2724075317, 36.2565383911, 0.617529988289], [113.642044067, 113.507049561, 169.664596558, 175.053222656, 166.788528442, 124.594764709, 93.5506744385, 80.5862197876, 48.4660491943, 45.9607887268, 32.5045585632, 27.9079093933, 7.92491102219], [122.202911377, 130.129928589, 146.425262451, 167.645385742, 124.594764709, 162.728942871, 105.869514465, 87.224571228, 46.9827804565, 41.1953010559, 29.2819652557, 22.182346344, 7.58173179626], [105.824707031, 97.6381835938, 123.36428833, 122.184234619, 93.5506744385, 105.869514465, 116.764457703, 85.2400588989, 41.9552764893, 33.1587028503, 19.8651428223, 15.1927232742, 6.26058006287], [92.9478302002, 95.0401535034, 110.142463684, 124.084342957, 80.5862197876, 87.224571228, 85.2400588989, 103.438690186, 52.3133850098, 30.9993934631, 13.9341611862, 9.62543201447, 3.57502222061], [39.5120353699, 53.0528869629, 67.3003463745, 62.6649398804, 48.4660491943, 46.9827804565, 41.9552764893, 52.3133850098, 66.6622085571, 36.564781189, 8.7409286499, 0.195268794894, 0.789167523384], [32.247253418, 48.8223495483, 54.0718231201, 57.7729301453, 45.9607887268, 41.1953010559, 33.1587028503, 30.9993934631, 36.564781189, 57.8953323364, 24.55037117, 5.7128868103, 0.686497688293], [22.7629127502, 26.4416351318, 35.6185684204, 40.2724075317, 32.5045585632, 29.2819652557, 19.8651428223, 13.9341611862, 8.7409286499, 24.55037117, 50.5375137329, 27.4324989319, 4.6359796524], [18.2113342285, 19.581243515, 31.5676269531, 36.2565383911, 27.9079093933, 22.182346344, 15.1927232742, 9.62543201447, 0.195268794894, 5.7128868103, 27.4324989319, 54.5700378418, 20.5949935913], [-6.92193222046, 9.37330818176, 3.19734239578, 0.617529988289, 7.92491102219, 7.58173179626, 6.26058006287, 3.57502222061, 0.789167523384, 0.686497688293, 4.6359796524, 20.5949935913, 38.7638778687]],
        "icov": [[0.00208497070707, -0.00089188979473, -0.000754969194531, 3.54609801434e-005, 0.000162993150298, -8.85505360202e-005, -0.000533127225935, -0.000276290287729, 0.000512658793014, 0.000312396703521, 4.53299435321e-005, -0.000179258640856, 0.000819105829578], [-0.00089188979473, 0.00641548121348, 0.00164036883507, -0.00152220577002, -0.000575761194341, -0.00231840857305, -0.000305594410747, -0.00170519016683, -0.00034752843203, -0.00163660023827, 0.000296025944408, 0.000122853642097, -0.00110844837036], [-0.000754969194531, 0.00164036883507, 0.0140813319013, -0.00580828078091, -0.00634209765121, 0.00106517644599, -0.00478476239368, 0.000943645078223, -0.00388678326271, 0.000700668722857, 0.000100517150713, -0.00105490058195, 0.000788747798651], [3.54609801434e-005, -0.00152220577002, -0.00580828078091, 0.0123007670045, -0.00257346313447, -0.00404187710956, 0.0043497979641, -0.00653588399291, 0.00356250395998, -0.00197286368348, 0.000700611679349, -0.00274855247699, 0.00321336416528], [0.000162993150298, -0.000575761194341, -0.00634209765121, -0.00257346313447, 0.0219576638192, -0.00655439542606, -0.00137901701964, 0.00123387819622, -0.000566019210964, -0.00283795036376, -0.000901314371731, -0.00160979654174, -0.00134087074548], [-8.85505360202e-005, -0.00231840857305, 0.00106517644599, -0.00404187710956, -0.00655439542606, 0.0233656037599, -0.0111207440495, 0.000981028540991, -0.00111419614404, 0.00108704075683, -0.0024455008097, 0.00136873906013, -0.00143442838453], [-0.000533127225935, -0.000305594410747, -0.00478476239368, 0.0043497979641, -0.00137901701964, -0.0111207440495, 0.0330081731081, -0.0176513791084, 0.00476263416931, -0.00286304485053, 0.000289445975795, -0.000202433133381, -0.000915347132832], [-0.000276290287729, -0.00170519016683, 0.000943645078223, -0.00653588399291, 0.00123387819622, 0.000981028540991, -0.0176513791084, 0.0375000797212, -0.0163352191448, 0.00573957758024, 1.94527219719e-005, 0.00172885356005, -0.00135247432627], [0.000512658793014, -0.00034752843203, -0.00388678326271, 0.00356250395998, -0.000566019210964, -0.00111419614404, 0.00476263416931, -0.0163352191448, 0.0353777855635, -0.017270475626, 0.00504293292761, 0.00136732833926, -0.00023354984296], [0.000312396703521, -0.00163660023827, 0.000700668722857, -0.00197286368348, -0.00283795036376, 0.00108704075683, -0.00286304485053, 0.00573957758024, -0.017270475626, 0.0368831455708, -0.0160547476262, 0.00696598784998, -0.00135670276359], [4.53299435321e-005, 0.000296025944408, 0.000100517150713, 0.000700611679349, -0.000901314371731, -0.0024455008097, 0.000289445975795, 1.94527219719e-005, 0.00504293292761, -0.0160547476262, 0.0373970717192, -0.0187519155443, 0.00620300834998], [-0.000179258640856, 0.000122853642097, -0.00105490058195, -0.00274855247699, -0.00160979654174, 0.00136873906013, -0.000202433133381, 0.00172885356005, 0.00136732833926, 0.00696598784998, -0.0187519155443, 0.0358945727348, -0.0169753823429], [0.000819105829578, -0.00110844837036, 0.000788747798651, 0.00321336416528, -0.00134087074548, -0.00143442838453, -0.000915347132832, -0.00135247432627, -0.00023354984296, -0.00135670276359, 0.00620300834998, -0.0169753823429, 0.0352283492684]]
    },
    "spectral_contrast_coeffs": {
        "mean": [-0.679214596748, -0.735662460327, -0.644709527493, -0.738881409168, -0.780934989452, -0.749051749706],
        "var": [0.00442255986854, 0.00246565137058, 0.00291819078848, 0.00114187214058, 0.000537185871508, 0.000572739052586]
    },
    "spectral_contrast_valleys": {
        "mean": [-6.59162425995, -5.81171703339, -6.56821870804, -7.64241933823, -7.66303157806, -10.7969236374],
        "var": [1.38176202774, 0.345257103443, 0.34267488122, 0.282730340958, 0.267878562212, 0.254182159901]
    }
},
"metadata": {
    "audio_properties": {
        "analysis_sample_rate": 44100,
        "bit_rate": 128074,
        "equal_loudness": 0,
        "length": 45.0612258911,
        "lossless": 0,
        "replay_gain": -5.02066612244,
        "sample_rate": 44100,
        "codec": "mp3",
        "downmix": "mix",
        "md5_encoded": "b8a3bfe69b2d95840cebf97506329d73"
    },
    "tags": {
        "file_name": "1771.mp3"
    },
    "version": {
        "essentia": "2.1-beta2",
        "essentia_git_sha": "v2.1_beta2",
        "extractor": "music 1.0"
    }
},
"rhythm": {
    "beats_count": 111,
    "beats_loudness": {
        "mean": 0.0661372095346,
        "var": 0.000396274757804
    },
    "bpm": 148.287078857,
    "bpm_histogram_first_peak_bpm": {
        "mean": 148,
        "var": 0
    },
    "bpm_histogram_first_peak_spread": {
        "mean": 0.412844061852,
        "var": 0
    },
    "bpm_histogram_first_peak_weight": {
        "mean": 0.581818163395,
        "var": 0
    },
    "bpm_histogram_second_peak_bpm": {
        "mean": 157,
        "var": 0
    },
    "bpm_histogram_second_peak_spread": {
        "mean": 0,
        "var": 0
    },
    "bpm_histogram_second_peak_weight": {
        "mean": 0.00909090880305,
        "var": 0
    },
    "danceability": 1.24209082127,
    "onset_rate": 1.88547229767,
    "beats_loudness_band_ratio": {
        "mean": [0.414281576872, 0.075187638402, 0.290611177683, 0.252811968327, 0.0138120856136, 0.00582975195721],
        "var": [0.0462253056467, 0.00209257821552, 0.027083678171, 0.0246698986739, 6.12898656982e-005, 1.22572519103e-005]
    },
    "beats_position": [0.359909296036, 0.743038535118, 1.13777780533, 1.53251695633, 1.92725622654, 2.32199549675, 2.71673464775, 3.11147379875, 3.50621318817, 3.90095233917, 4.29569149017, 4.7020406723, 5.10838985443, 5.50312900543, 5.89786815643, 6.29260778427, 6.6989569664, 7.10530614853, 7.52326536179, 7.92961454391, 8.32435321808, 8.73070240021, 9.12544155121, 9.54340076447, 9.94974994659, 10.3444900513, 10.7392292023, 11.1455783844, 11.5519275665, 11.9466667175, 12.3530158997, 12.7709751129, 13.1657142639, 13.5604534149, 13.966802597, 14.361541748, 14.7678909302, 15.1742401123, 15.5805892944, 15.9869384766, 16.3932876587, 16.7996368408, 17.2059860229, 17.600725174, 18.0070743561, 18.4018135071, 18.8081626892, 19.2261219025, 19.6440811157, 20.0504302979, 20.45677948, 20.8631286621, 21.2694778442, 21.6758270264, 22.0821762085, 22.5001354218, 22.9064846039, 23.312833786, 23.7191829681, 24.1255321503, 24.5318813324, 24.9382305145, 25.3329696655, 25.7509288788, 26.168888092, 26.5752372742, 26.9815864563, 27.3879356384, 27.7942848206, 28.2006340027, 28.6069831848, 29.0133323669, 29.4196815491, 29.8376407623, 30.2439899445, 30.6503391266, 31.0682983398, 31.474647522, 31.8809967041, 32.2989578247, 32.7169151306, 33.111656189, 33.5180053711, 33.9243545532, 34.3307037354, 34.725440979, 35.1201820374, 35.5265312195, 35.9328804016, 36.3276176453, 36.7339668274, 37.151927948, 37.5582771301, 37.9646263123, 38.3593635559, 38.7773246765, 39.1952819824, 39.6016311646, 40.0079803467, 40.4143295288, 40.8206787109, 41.2154197693, 41.6217689514, 42.0281181335, 42.4344673157, 42.8408164978, 43.2471656799, 43.6535148621, 44.0598640442, 44.4662132263, 44.86095047]
},
"tonal": {
    "chords_changes_rate": 0.00411522621289,
    "chords_number_rate": 0.00102880655322,
    "chords_strength": {
        "mean": 0.568299472332,
        "var": 0.00164202775341
    },
    "hpcp_entropy": {
        "mean": 1.71657252312,
        "var": 0.363378554583
    },
    "key_strength": 0.719554126263,
    "tuning_diatonic_strength": 0.537443816662,
    "tuning_equal_tempered_deviation": 0.00183748593554,
    "tuning_frequency": 441.017791748,
    "tuning_nontempered_energy_ratio": 0.596283137798,
    "hpcp": {
        "mean": [0.629257321358, 0.309709966183, 0.0168503299356, 0.00747471814975, 0.00656832102686, 0.0175872929394, 0.0337904021144, 0.0312388278544, 0.108940444887, 0.197913184762, 0.11141230911, 0.0232880543917, 0.0308236479759, 0.0652068704367, 0.345576375723, 0.704246103764, 0.488539278507, 0.103396527469, 0.0312984474003, 0.0153243215755, 0.0427942313254, 0.0894440189004, 0.06190559268, 0.112330324948, 0.197983458638, 0.108868062496, 0.0818674936891, 0.117967322469, 0.0599890239537, 0.085452914238, 0.164505392313, 0.0994900912046, 0.0228935554624, 0.0308762807399, 0.0622503571212, 0.377430319786],
        "var": [0.107202060521, 0.0325241945684, 0.00138965144288, 0.00044492026791, 0.000511221587658, 0.000723184784874, 0.00330771459267, 0.00392897799611, 0.0123290093616, 0.0373704135418, 0.016070375219, 0.00826336815953, 0.0126063590869, 0.0240595936775, 0.0671585574746, 0.116107068956, 0.0867826417089, 0.0368446521461, 0.0124234352261, 0.00500575592741, 0.00310283433646, 0.0101596564054, 0.00557024916634, 0.0142816258594, 0.0435229055583, 0.0115802697837, 0.00917013268918, 0.0185653120279, 0.00707584433258, 0.0128046199679, 0.0519395954907, 0.0180341955274, 0.0023745005019, 0.0048468997702, 0.0100073972717, 0.0407025441527]
    },
    "chords_histogram": [99.1769561768, 0.102880656719, 0, 0, 0, 0, 0, 0.720164597034, 0, 0, 0, 0, 0, 0, 0, 0, 0, 0, 0, 0, 0, 0, 0, 0],
    "thpcp": [1, 0.693705320358, 0.146818742156, 0.0444424860179, 0.0217598956078, 0.0607660189271, 0.12700676918, 0.0879033505917, 0.159504354, 0.281128227711, 0.154588088393, 0.11624841392, 0.167508661747, 0.0851819068193, 0.121339559555, 0.233590766788, 0.14127177, 0.0325078889728, 0.0438430272043, 0.0883929058909, 0.535935282707, 0.893519043922, 0.439775198698, 0.023926762864, 0.010613786988, 0.00932674109936, 0.0249732192606, 0.0479809567332, 0.0443578287959, 0.154690876603, 0.281028449535, 0.15820081532, 0.0330680646002, 0.0437682904303, 0.0925910249352, 0.490703999996],
    "chords_key": "D",
    "chords_scale": "minor",
    "key_key": "D",
    "key_scale": "minor"
}
}