{
"lowlevel": {
    "average_loudness": 0.898111224174,
    "barkbands_crest": {
        "mean": 9.9046754837,
        "var": 9.6042842865
    },
    "barkbands_flatness_db": {
        "mean": 0.320337027311,
        "var": 0.0014925483847
    },
    "barkbands_kurtosis": {
        "mean": 1.89135479927,
        "var": 5.85237312317
    },
    "barkbands_skewness": {
        "mean": 0.842258632183,
        "var": 0.346770912409
    },
    "barkbands_spread": {
        "mean": 5.77189588547,
        "var": 4.10009145737
    },
    "dissonance": {
        "mean": 0.401719272137,
        "var": 0.00278773368336
    },
    "dynamic_complexity": 2.68960928917,
    "erbbands_crest": {
        "mean": 11.3975353241,
        "var": 12.8804016113
    },
    "erbbands_flatness_db": {
        "mean": 0.367220580578,
        "var": 0.000822303525638
    },
    "erbbands_kurtosis": {
        "mean": 0.82750171423,
        "var": 3.86311030388
    },
    "erbbands_skewness": {
        "mean": 0.517891466618,
        "var": 0.320409983397
    },
    "erbbands_spread": {
        "mean": 10.8522577286,
        "var": 9.61903381348
    },
    "hfc": {
        "mean": 12.2278862,
        "var": 147.52293396
    },
    "melbands_crest": {
        "mean": 12.3947629929,
        "var": 11.8502874374
    },
    "melbands_flatness_db": {
        "mean": 0.407274127007,
        "var": 0.00245857262053
    },
    "melbands_kurtosis": {
        "mean": 2.01079320908,
        "var": 4.4079284668
    },
    "melbands_skewness": {
        "mean": 0.882358014584,
        "var": 0.248532488942
    },
    "melbands_spread": {
        "mean": 9.44863605499,
        "var": 16.847743988
    },
    "pitch_salience": {
        "mean": 0.594654738903,
        "var": 0.00649743946269
    },
    "silence_rate_20dB": {
        "mean": 1,
        "var": 0
    },
    "silence_rate_30dB": {
        "mean": 0.993820786476,
        "var": 0.00614098645747
    },
    "silence_rate_60dB": {
        "mean": 0.00514933047816,
        "var": 0.0051228790544
    },
    "spectral_centroid": {
        "mean": 570.079650879,
        "var": 46271.3242188
    },
    "spectral_complexity": {
        "mean": 12.9253349304,
        "var": 7.37602806091
    },
    "spectral_decrease": {
        "mean": -5.62107205226e-009,
        "var": 2.19937812301e-017
    },
    "spectral_energy": {
        "mean": 0.0223243162036,
        "var": 0.00035187829053
    },
    "spectral_energyband_high": {
        "mean": 2.29809415941e-006,
        "var": 4.78656246583e-011
    },
    "spectral_energyband_low": {
        "mean": 0.00112945470028,
        "var": 2.77527669823e-006
    },
    "spectral_energyband_middle_high": {
        "mean": 0.00435091322288,
        "var": 5.23924900335e-005
    },
    "spectral_energyband_middle_low": {
        "mean": 0.0172107536346,
        "var": 0.000213193605305
    },
    "spectral_entropy": {
        "mean": 6.02359580994,
        "var": 0.0818970501423
    },
    "spectral_flux": {
        "mean": 0.046444337815,
        "var": 0.00112591241486
    },
    "spectral_kurtosis": {
        "mean": 71.7399139404,
        "var": 1494.765625
    },
    "spectral_rms": {
        "mean": 0.00435536727309,
        "var": 2.81062034446e-006
    },
    "spectral_rolloff": {
        "mean": 798.28918457,
        "var": 211505.109375
    },
    "spectral_skewness": {
        "mean": 5.44683218002,
        "var": 3.60920190811
    },
    "spectral_spread": {
        "mean": 973884.3125,
        "var": 1.34183531315e+012
    },
    "spectral_strongpeak": {
        "mean": 1.34491121769,
        "var": 1.15640234947
    },
    "zerocrossingrate": {
        "mean": 0.0279486961663,
        "var": 0.000154142951942
    },
    "barkbands": {
        "mean": [1.32441755341e-006, 0.000152920576511, 0.000624615408015, 0.00114982808009, 0.00238014757633, 0.0030467309989, 0.00489316508174, 0.00353600038216, 0.00214950810187, 0.00218174024485, 0.000842604786158, 0.000223271432333, 0.000685150211211, 0.000261197506916, 8.36333492771e-005, 5.91937168792e-005, 3.01342843159e-005, 1.36231947181e-005, 6.85937675371e-006, 1.89247236904e-006, 6.0345462316e-007, 1.24790958012e-007, 4.07252898071e-008, 1.49626941948e-008, 1.06832889202e-008, 6.88906576229e-009, 1.16299958552e-009],
        "var": [3.98110927904e-012, 4.04011899491e-008, 9.11465065201e-007, 2.60032788901e-006, 6.07692118137e-006, 2.79844116449e-005, 3.70699635823e-005, 6.19948186795e-005, 9.47639910009e-006, 3.8118523662e-005, 1.83331860626e-006, 7.85733504927e-008, 2.15327168007e-006, 2.88348729782e-007, 1.50336525451e-008, 5.2741588874e-009, 2.90815460602e-009, 4.30834368181e-010, 2.56202004056e-010, 2.24718247482e-011, 4.94212309965e-012, 1.26769891784e-013, 3.43689615342e-014, 1.88613163174e-014, 1.86074164974e-014, 1.6283900091e-014, 1.99502808267e-016]
    },
    "erbbands": {
        "mean": [0.00110229908023, 0.0535874143243, 0.555027663708, 2.2620344162, 8.06868648529, 6.60724067688, 6.17675113678, 35.8509254456, 72.0928726196, 64.1121673584, 73.0719223022, 58.7400741577, 29.9055328369, 84.1958770752, 30.022026062, 9.89099311829, 35.2388038635, 17.392539978, 4.31845283508, 4.84316730499, 2.42026090622, 1.87835109234, 0.897697210312, 0.353493779898, 0.360292613506, 0.131634324789, 0.0453539639711, 0.00892665144056, 0.00456960033625, 0.00275008310564, 0.00111044151708, 0.000458867638372, 0.000236583917285, 0.000157845235663, 7.87023163866e-005, 4.80675735162e-005, 1.75868099177e-005, 3.66333983948e-006, 1.10065147965e-005, 2.53299349424e-005],
        "var": [1.45281421737e-006, 0.00396138383076, 0.462787747383, 9.93887805939, 127.29221344, 65.6165618896, 47.4649925232, 3801.76416016, 8084.12841797, 6450.26513672, 23354.6875, 7162.92529297, 2441.49145508, 51962.0351563, 2022.80834961, 129.316116333, 5653.52490234, 977.639831543, 47.014705658, 44.824634552, 8.0697555542, 11.2842006683, 1.79876410961, 0.36193561554, 0.985679388046, 0.131961837411, 0.026395259425, 0.000527670781594, 0.000131275650347, 0.000133034947794, 2.55695376836e-005, 1.04271484815e-005, 4.3142163122e-006, 2.42977989728e-006, 8.92215211934e-007, 2.93327559575e-007, 5.14396596429e-008, 2.64682675777e-009, 9.03576796718e-011, 4.60122939749e-010]
    },
    "gfcc": {
        "mean": [-154.905441284, 238.35786438, -151.290664673, -52.1929244995, -33.0910873413, -33.3319854736, -25.4672546387, -11.9398202896, -12.9803934097, -16.4871006012, -6.36065340042, -17.9209251404, -9.72648239136],
        "cov": [[2301.51879883, -259.791748047, -598.409301758, 207.896270752, -253.347091675, -159.04309082, 161.646240234, -74.723777771, 57.7919044495, 54.6976089478, 33.9393081665, -71.8151092529, -42.1958732605], [-259.791748047, 489.36328125, 342.648925781, -161.230056763, 220.202987671, 47.7559318542, -42.9686203003, 23.2704143524, -23.2415904999, -43.8385391235, 15.5912322998, 31.2331142426, 31.7339935303], [-598.409301758, 342.648925781, 566.485534668, -132.226821899, 166.008682251, 133.044662476, -98.4584503174, 45.4770126343, -33.9361610413, -45.1669616699, -13.6122608185, 53.9696159363, 28.9036560059], [207.896270752, -161.230056763, -132.226821899, 227.350860596, -54.5449829102, -7.20061349869, 63.1908798218, -9.65599441528, 23.6367416382, 39.2019348145, 4.49644851685, -15.1258687973, -11.1130552292], [-253.347091675, 220.202987671, 166.008682251, -54.5449829102, 174.229232788, 57.6412734985, -18.8891963959, 39.1130981445, -9.37874507904, -7.64690160751, 16.4116020203, 28.5079517365, 19.7121810913], [-159.04309082, 47.7559318542, 133.044662476, -7.20061349869, 57.6412734985, 159.595123291, 14.3036336899, 43.1123046875, 21.6066360474, -0.949043750763, 1.36561596394, 41.5157852173, 10.0572128296], [161.646240234, -42.9686203003, -98.4584503174, 63.1908798218, -18.8891963959, 14.3036336899, 129.024642944, 31.9477310181, 33.2713012695, 31.4299964905, 16.1394081116, -5.7740149498, -9.0947933197], [-74.723777771, 23.2704143524, 45.4770126343, -9.65599441528, 39.1130981445, 43.1123046875, 31.9477310181, 92.7460021973, 35.1354751587, 7.91785430908, 12.6223754883, 18.9412250519, 0.486393094063], [57.7919044495, -23.2415904999, -33.9361610413, 23.6367416382, -9.37874507904, 21.6066360474, 33.2713012695, 35.1354751587, 66.3621063232, 15.9864940643, 2.79123902321, 5.29750394821, -5.65867042542], [54.6976089478, -43.8385391235, -45.1669616699, 39.2019348145, -7.64690160751, -0.949043750763, 31.4299964905, 7.91785430908, 15.9864940643, 54.7177696228, 19.4143447876, -8.09405517578, -6.17508840561], [33.9393081665, 15.5912322998, -13.6122608185, 4.49644851685, 16.4116020203, 1.36561596394, 16.1394081116, 12.6223754883, 2.79123902321, 19.4143447876, 50.4461021423, 18.1054115295, -4.14866876602], [-71.8151092529, 31.2331142426, 53.9696159363, -15.1258687973, 28.5079517365, 41.5157852173, -5.7740149498, 18.9412250519, 5.29750394821, -8.09405517578, 18.1054115295, 68.7987594604, 23.8618049622], [-42.1958732605, 31.7339935303, 28.9036560059, -11.1130552292, 19.7121810913, 10.0572128296, -9.0947933197, 0.486393094063, -5.65867042542, -6.17508840561, -4.14866876602, 23.8618049622, 42.0946960449]],
        "icov": [[0.000765549426433, -0.00116908142809, 0.000973994843662, -0.000567158160266, 0.0016352412058, -0.000285848567728, 5.32596131961e-005, -0.000181239767699, 8.58876373968e-005, -0.000197339599254, -0.000251841236604, -1.15791708595e-005, 0.000110700413643], [-0.00116908142809, 0.0128400446847, -0.0064891166985, 0.0046378467232, -0.013506882824, 0.00437077973038, -0.0051805418916, 0.00645502423868, -0.00549050234258, 0.00638357177377, -0.00463852658868, 0.00332151260227, -0.00322631280869], [0.000973994843662, -0.0064891166985, 0.00722132390365, -0.00172206666321, 0.00504541769624, -0.00442911731079, 0.00448422273621, -0.00432138796896, 0.0042487825267, -0.00283174216747, 0.00334425014444, -0.00211630179547, 0.00185454718303], [-0.000567158160266, 0.0046378467232, -0.00172206666321, 0.00778251746669, -0.00425318069756, 0.000905051827431, -0.00360756856389, 0.00353946513496, -0.0024091610685, -0.000830835662782, -0.000485624070279, 0.000804131326731, -0.00082214421127], [0.0016352412058, -0.013506882824, 0.00504541769624, -0.00425318069756, 0.0240869484842, -0.00593468314037, 0.00543172424659, -0.00933281611651, 0.0070849172771, -0.00621494092047, 0.000310736824758, -0.00167418469209, -0.000325398606947], [-0.000285848567728, 0.00437077973038, -0.00442911731079, 0.000905051827431, -0.00593468314037, 0.0122412471101, -0.00410508783534, 0.0013582984684, -0.00416841730475, 0.0010787746869, 0.00169290800113, -0.00460958806798, 0.00102813437115], [5.32596131961e-005, -0.0051805418916, 0.00448422273621, -0.00360756856389, 0.00543172424659, -0.00410508783534, 0.0151303783059, -0.00695961527526, 0.00119186181109, -0.00515233539045, 0.000162668147823, 0.000466455356218, 0.000870063900948], [-0.000181239767699, 0.00645502423868, -0.00432138796896, 0.00353946513496, -0.00933281611651, 0.0013582984684, -0.00695961527526, 0.0218926798552, -0.0116855697706, 0.00379000115208, -0.00450828298926, 0.000157331771334, -0.000405445956858], [8.58876373968e-005, -0.00549050234258, 0.0042487825267, -0.0024091610685, 0.0070849172771, -0.00416841730475, 0.00119186181109, -0.0116855697706, 0.026363812387, -0.00766198663041, 0.00689446460456, -0.00469047715887, 0.00450092274696], [-0.000197339599254, 0.00638357177377, -0.00283174216747, -0.000830835662782, -0.00621494092047, 0.0010787746869, -0.00515233539045, 0.00379000115208, -0.00766198663041, 0.0320322997868, -0.0156168155372, 0.00962597038597, -0.00511625641957], [-0.000251841236604, -0.00463852658868, 0.00334425014444, -0.000485624070279, 0.000310736824758, 0.00169290800113, 0.000162668147823, -0.00450828298926, 0.00689446460456, -0.0156168155372, 0.0359478294849, -0.0167921278626, 0.0120547227561], [-1.15791708595e-005, 0.00332151260227, -0.00211630179547, 0.000804131326731, -0.00167418469209, -0.00460958806798, 0.000466455356218, 0.000157331771334, -0.00469047715887, 0.00962597038597, -0.0167921278626, 0.0300545170903, -0.0167760252953], [0.000110700413643, -0.00322631280869, 0.00185454718303, -0.00082214421127, -0.000325398606947, 0.00102813437115, 0.000870063900948, -0.000405445956858, 0.00450092274696, -0.00511625641957, 0.0120547227561, -0.0167760252953, 0.0354603528976]]
    },
    "melbands": {
        "mean": [2.40641202254e-005, 0.000217464898014, 0.000584463647101, 0.000584870402236, 0.000205903299502, 0.00072975945659, 0.00110821262933, 0.000776795786805, 0.000549191841856, 0.000319753482472, 0.000147268016008, 0.000363184284652, 0.000120439784951, 2.92722961603e-005, 4.8500358389e-005, 7.08414809196e-005, 2.58804248006e-005, 5.42987527297e-006, 6.1490745793e-006, 4.77741559735e-006, 2.5561412258e-006, 1.88480578345e-006, 1.37172833092e-006, 4.97762187024e-007, 2.40541709218e-007, 3.34622626497e-007, 1.00531813985e-007, 8.92368490213e-008, 2.00649008519e-008, 1.63238542683e-008, 2.58374677209e-009, 3.04233327419e-009, 1.6609138509e-009, 1.25803156781e-009, 6.92155555093e-010, 3.75503406147e-010, 2.25189131231e-010, 1.65679206465e-010, 1.28319396775e-010, 1.11737293029e-010],
        "var": [9.75886149668e-010, 7.11308274504e-008, 5.93164429574e-007, 4.3488316237e-007, 5.15143838697e-008, 1.56002090534e-006, 1.84526390967e-006, 1.36574692533e-006, 1.05089770841e-006, 2.17330637042e-007, 7.03396878521e-008, 1.02314595551e-006, 4.0839086779e-008, 1.6388895796e-009, 1.39456233228e-008, 1.58349244828e-008, 2.66812216765e-009, 9.99759372511e-011, 6.13973247243e-011, 4.9939146568e-011, 1.18894980666e-011, 1.34923712827e-011, 6.64744431375e-012, 6.6607152736e-013, 1.5506946584e-013, 8.19117668659e-013, 5.62122539542e-014, 6.88538039518e-014, 5.140980076e-015, 3.60650492963e-015, 3.81568060269e-017, 5.4342186207e-017, 4.09503769353e-017, 3.31852718745e-017, 1.10853476554e-017, 4.71440050955e-018, 3.75208298673e-018, 2.22511832931e-018, 1.91538964793e-018, 1.63064905887e-018]
    },
    "mfcc": {
        "mean": [-778.001586914, 259.6484375, -29.8193073273, -24.4699611664, -1.5087120533, -23.1460189819, -10.9532995224, -5.17248916626, -9.36188697815, -3.11358976364, -1.98130989075, -3.89052724838, -2.07312464714],
        "cov": [[1406.27856445, 51.7877349854, -654.38293457, 305.381011963, -246.520690918, -154.824279785, 95.5821228027, -118.809181213, -9.87132644653, 107.19708252, 23.7763557434, 45.433391571, 28.5114994049], [51.7877349854, 327.110015869, 185.486618042, -82.7415847778, 91.2756881714, 58.2065238953, -12.1372623444, 47.9362335205, 16.2804164886, -52.9951553345, -19.9772853851, 24.4724025726, 9.67020606995], [-654.38293457, 185.486618042, 552.243286133, -152.591796875, 168.282196045, 158.870437622, -51.2587852478, 96.9515380859, 34.6907424927, -98.0127639771, -30.4381828308, 3.58379840851, 0.539802610874], [305.381011963, -82.7415847778, -152.591796875, 194.912628174, -56.3022041321, -50.6358146667, 48.0499458313, -46.7030982971, -6.16719913483, 48.3661727905, 6.36592435837, 12.6412143707, 22.0241603851], [-246.520690918, 91.2756881714, 168.282196045, -56.3022041321, 155.098114014, 72.1915283203, -20.9747676849, 54.4298629761, 4.92280101776, -43.1578979492, -7.95172691345, 7.88558340073, 13.3080940247], [-154.824279785, 58.2065238953, 158.870437622, -50.6358146667, 72.1915283203, 129.506546021, 12.5212688446, 42.5877799988, 38.8537788391, -34.94789505, -11.8770589828, 21.6128196716, 12.1837110519], [95.5821228027, -12.1372623444, -51.2587852478, 48.0499458313, -20.9747676849, 12.5212688446, 81.1969604492, 10.45657444, 5.27762079239, 31.4321537018, 7.19393348694, 21.7861652374, 25.1039943695], [-118.809181213, 47.9362335205, 96.9515380859, -46.7030982971, 54.4298629761, 42.5877799988, 10.45657444, 98.1138839722, 46.8023529053, -28.8397922516, 9.67185783386, 27.2786846161, 27.8790245056], [-9.87132644653, 16.2804164886, 34.6907424927, -6.16719913483, 4.92280101776, 38.8537788391, 5.27762079239, 46.8023529053, 85.0057601929, 9.02517414093, 0.376400589943, 30.1352844238, 18.8668861389], [107.19708252, -52.9951553345, -98.0127639771, 48.3661727905, -43.1578979492, -34.94789505, 31.4321537018, -28.8397922516, 9.02517414093, 90.7113800049, 33.7822990417, -5.25766515732, 6.54925441742], [23.7763557434, -19.9772853851, -30.4381828308, 6.36592435837, -7.95172691345, -11.8770589828, 7.19393348694, 9.67185783386, 0.376400589943, 33.7822990417, 52.0336151123, 16.0425319672, 3.79969978333], [45.433391571, 24.4724025726, 3.58379840851, 12.6412143707, 7.88558340073, 21.6128196716, 21.7861652374, 27.2786846161, 30.1352844238, -5.25766515732, 16.0425319672, 75.5759658813, 39.9596138], [28.5114994049, 9.67020606995, 0.539802610874, 22.0241603851, 13.3080940247, 12.1837110519, 25.1039943695, 27.8790245056, 18.8668861389, 6.54925441742, 3.79969978333, 39.9596138, 69.476234436]],
        "icov": [[0.0183262079954, -0.024345703423, 0.0250036139041, -0.0251214485615, 0.0243514552712, -0.0232830587775, 0.0206938460469, -0.0184204410762, 0.0150899868459, -0.010349303484, 0.00683125574142, -0.00463501689956, 0.00214010267518], [-0.024345703423, 0.0367491580546, -0.0342688448727, 0.034834895283, -0.0344212241471, 0.0327471122146, -0.0295899100602, 0.02609289065, -0.0215364191681, 0.0152644393966, -0.0086517194286, 0.00478514842689, -0.00269810808823], [0.0250036139041, -0.0342688448727, 0.0385619215667, -0.0341945625842, 0.0327794440091, -0.0366397835314, 0.032198227942, -0.029319377616, 0.0234112162143, -0.016029778868, 0.011794901453, -0.00654033897445, 0.00359653541818], [-0.0251214485615, 0.034834895283, -0.0341945625842, 0.0445508100092, -0.0365720428526, 0.0378577932715, -0.0378495305777, 0.0359813608229, -0.0285127237439, 0.0200610850006, -0.013868810609, 0.00828755553812, -0.00694842543453], [0.0243514552712, -0.0344212241471, 0.0327794440091, -0.0365720428526, 0.0488354489207, -0.0417870134115, 0.0401262417436, -0.040540356189, 0.0348883569241, -0.0246364064515, 0.0178987123072, -0.0104099400342, 0.00373554602265], [-0.0232830587775, 0.0327471122146, -0.0366397835314, 0.0378577932715, -0.0417870134115, 0.0564558282495, -0.0479489788413, 0.0447685532272, -0.0427187979221, 0.0335692130029, -0.0228812266141, 0.0124639952555, -0.0067356871441], [0.0206938460469, -0.0295899100602, 0.032198227942, -0.0378495305777, 0.0401262417436, -0.0479489788413, 0.0664381980896, -0.0558383762836, 0.0493058748543, -0.0469655022025, 0.0354786068201, -0.0224978886545, 0.00853441469371], [-0.0184204410762, 0.02609289065, -0.029319377616, 0.0359813608229, -0.040540356189, 0.0447685532272, -0.0558383762836, 0.0788295194507, -0.0611024424434, 0.0554516352713, -0.0481413044035, 0.0259268656373, -0.0197056885809], [0.0150899868459, -0.0215364191681, 0.0234112162143, -0.0285127237439, 0.0348883569241, -0.0427187979221, 0.0493058748543, -0.0611024424434, 0.0664223954082, -0.0515803918242, 0.0429630167782, -0.0286987759173, 0.0141545915976], [-0.010349303484, 0.0152644393966, -0.016029778868, 0.0200610850006, -0.0246364064515, 0.0335692130029, -0.0469655022025, 0.0554516352713, -0.0515803918242, 0.0670709609985, -0.0525862537324, 0.0310016348958, -0.0178315117955], [0.00683125574142, -0.0086517194286, 0.011794901453, -0.013868810609, 0.0178987123072, -0.0228812266141, 0.0354786068201, -0.0481413044035, 0.0429630167782, -0.0525862537324, 0.0652511939406, -0.0317588746548, 0.0177757870406], [-0.00463501689956, 0.00478514842689, -0.00654033897445, 0.00828755553812, -0.0104099400342, 0.0124639952555, -0.0224978886545, 0.0259268656373, -0.0286987759173, 0.0310016348958, -0.0317588746548, 0.0386581644416, -0.0194331258535], [0.00214010267518, -0.00269810808823, 0.00359653541818, -0.00694842543453, 0.00373554602265, -0.0067356871441, 0.00853441469371, -0.0197056885809, 0.0141545915976, -0.0178315117955, 0.0177757870406, -0.0194331258535, 0.0293967183679]]
    },
    "spectral_contrast_coeffs": {
        "mean": [-0.538793861866, -0.642573952675, -0.675272345543, -0.71036195755, -0.692202746868, -0.820059001446],
        "var": [0.00764547707513, 0.00570295332, 0.00401486828923, 0.00251295254566, 0.00173727725632, 0.0023463407997]
    },
    "spectral_contrast_valleys": {
        "mean": [-8.53189182281, -6.55119276047, -7.47906351089, -8.71171379089, -10.7248420715, -14.1096801758],
        "var": [0.636079788208, 0.601592004299, 0.561713993549, 0.410379528999, 0.584100723267, 0.420158267021]
    }
},
"metadata": {
    "audio_properties": {
        "analysis_sample_rate": 44100,
        "bit_rate": 128074,
        "equal_loudness": 0,
        "length": 45.0612258911,
        "lossless": 0,
        "replay_gain": -4.63364982605,
        "sample_rate": 44100,
        "codec": "mp3",
        "downmix": "mix",
        "md5_encoded": "1f7cc22f40b7cb7c60a6c09412fd0f93"
    },
    "tags": {
        "file_name": "1773.mp3"
    },
    "version": {
        "essentia": "2.1-beta2",
        "essentia_git_sha": "v2.1_beta2",
        "extractor": "music 1.0"
    }
},
"rhythm": {
    "beats_count": 77,
    "beats_loudness": {
        "mean": 0.0287769343704,
        "var": 0.00043109440594
    },
    "bpm": 103.92880249,
    "bpm_histogram_first_peak_bpm": {
        "mean": 103,
        "var": 0
    },
    "bpm_histogram_first_peak_spread": {
        "mean": 0.375,
        "var": 0
    },
    "bpm_histogram_first_peak_weight": {
        "mean": 0.592105269432,
        "var": 0
    },
    "bpm_histogram_second_peak_bpm": {
        "mean": 108,
        "var": 0
    },
    "bpm_histogram_second_peak_spread": {
        "mean": 0,
        "var": 0
    },
    "bpm_histogram_second_peak_weight": {
        "mean": 0.0526315793395,
        "var": 0
    },
    "danceability": 1.24829673767,
    "onset_rate": 3.66003441811,
    "beats_loudness_band_ratio": {
        "mean": [0.141604751348, 0.260466128588, 0.448177874088, 0.182229936123, 0.00917297508568, 0.000418286770582],
        "var": [0.0139157157391, 0.0371141321957, 0.0349751375616, 0.0175117254257, 3.53015493602e-005, 3.61836555385e-007]
    },
    "beats_position": [0.580498874187, 1.16099774837, 1.74149656296, 2.33360528946, 2.91410422325, 3.47138309479, 4.04027223587, 4.60916090012, 5.17804956436, 5.73532867432, 6.29260778427, 6.87310647964, 7.44199514389, 8.01088428497, 8.59138298035, 9.14866161346, 9.72916126251, 10.3096599579, 10.8901586533, 11.4706573486, 12.051156044, 12.6200447083, 13.1889343262, 13.7694330215, 14.3499317169, 14.9304304123, 15.5109291077, 16.0914287567, 16.6603164673, 17.2292060852, 17.7980957031, 18.3669834137, 18.9474830627, 19.5163707733, 20.1084804535, 20.6889801025, 21.2578678131, 21.826757431, 22.4072551727, 22.9877548218, 23.5682544708, 24.1487522125, 24.7292518616, 25.3097496033, 25.8902492523, 26.4939670563, 27.0860767365, 27.6665763855, 28.2586841583, 28.8391838074, 29.4196815491, 30.0001811981, 30.5922889709, 31.1843986511, 31.7648983002, 32.3453979492, 32.9258956909, 33.5063934326, 34.0868911743, 34.6673927307, 35.2362823486, 35.8051681519, 36.3856697083, 36.96616745, 37.5466651917, 38.1271629333, 38.7076644897, 39.2881622314, 39.8570518494, 40.4259414673, 41.006439209, 41.5869369507, 42.1674385071, 42.7479362488, 43.3168258667, 43.8857116699, 44.4662132263]
},
"tonal": {
    "chords_changes_rate": 0.0246913582087,
    "chords_number_rate": 0.00308641977608,
    "chords_strength": {
        "mean": 0.542941212654,
        "var": 0.00446569081396
    },
    "hpcp_entropy": {
        "mean": 1.45968604088,
        "var": 0.342957109213
    },
    "key_strength": 0.711476743221,
    "tuning_diatonic_strength": 0.523583769798,
    "tuning_equal_tempered_deviation": 0.00351820630021,
    "tuning_frequency": 441.017791748,
    "tuning_nontempered_energy_ratio": 0.589341580868,
    "hpcp": {
        "mean": [0.496924430132, 0.255204260349, 0.0366925485432, 0.0293454676867, 0.0105637889355, 0.119808621705, 0.263470262289, 0.158441185951, 0.0141339953989, 0.00417506042868, 0.0178200583905, 0.225118920207, 0.388480693102, 0.191154852509, 0.0168438926339, 0.00725556397811, 0.00446921540424, 0.00789853464812, 0.0113507593051, 0.0143881598487, 0.129938587546, 0.278919100761, 0.172497361898, 0.0345721766353, 0.0310735478997, 0.0501213781536, 0.280363947153, 0.385399609804, 0.154663786292, 0.0172671340406, 0.00727501232177, 0.00441619753838, 0.0603634752333, 0.131765767932, 0.103113368154, 0.28478628397],
        "var": [0.180476948619, 0.0530221648514, 0.00318214809522, 0.00263829785399, 0.000736360903829, 0.0279944706708, 0.124790474772, 0.0418325588107, 0.000750242092181, 7.42641059333e-005, 0.000900971121155, 0.0426676012576, 0.119681335986, 0.038537338376, 0.00226215296425, 0.000614456483163, 9.85576261883e-005, 0.000168661747011, 0.000261655804934, 0.000882763124537, 0.0205679945648, 0.0900148451328, 0.0393404774368, 0.00520028313622, 0.00740033574402, 0.00531679904088, 0.103523187339, 0.159081429243, 0.0266260169446, 0.00165543472394, 0.000423041754402, 0.000135147492983, 0.0103133833036, 0.0488452427089, 0.0265451222658, 0.0605494007468]
    },
    "chords_histogram": [57.0987663269, 0, 0.205761313438, 0, 0, 0, 0.617283940315, 0, 0, 0, 0, 0, 0, 0, 0, 0, 0, 0, 0, 0, 0, 6.68724298477, 0, 35.3909454346],
    "thpcp": [1, 0.513567566872, 0.0738392919302, 0.059054184705, 0.0212583411485, 0.241100281477, 0.530201852322, 0.318843632936, 0.028442947194, 0.00840180180967, 0.0358607023954, 0.453024446964, 0.781770169735, 0.384675890207, 0.0338962860405, 0.0146009400487, 0.00899375230074, 0.0158948414028, 0.0228420235217, 0.0289544221014, 0.261485606432, 0.561290800571, 0.347129970789, 0.0695722997189, 0.0625317394733, 0.100863181055, 0.564198374748, 0.775569856167, 0.311242073774, 0.0347480066121, 0.0146400779486, 0.00888706091791, 0.121474154294, 0.265162587166, 0.20750311017, 0.573097765446],
    "chords_key": "A",
    "chords_scale": "major",
    "key_key": "A",
    "key_scale": "major"
}
}