{
"lowlevel": {
    "average_loudness": 0.852744698524,
    "barkbands_crest": {
        "mean": 12.0547361374,
        "var": 19.2189846039
    },
    "barkbands_flatness_db": {
        "mean": 0.314372986555,
        "var": 0.00169712014031
    },
    "barkbands_kurtosis": {
        "mean": 2.65897631645,
        "var": 24.0098628998
    },
    "barkbands_skewness": {
        "mean": 1.28819596767,
        "var": 0.743684351444
    },
    "barkbands_spread": {
        "mean": 7.01709270477,
        "var": 9.90921878815
    },
    "dissonance": {
        "mean": 0.40560784936,
        "var": 0.00240755430423
    },
    "dynamic_complexity": 5.20484685898,
    "erbbands_crest": {
        "mean": 12.1355762482,
        "var": 24.9247245789
    },
    "erbbands_flatness_db": {
        "mean": 0.3628898561,
        "var": 0.00130078743678
    },
    "erbbands_kurtosis": {
        "mean": 0.581181764603,
        "var": 7.49528598785
    },
    "erbbands_skewness": {
        "mean": 0.550305902958,
        "var": 0.591487169266
    },
    "erbbands_spread": {
        "mean": 14.4611558914,
        "var": 29.5441513062
    },
    "hfc": {
        "mean": 9.75556278229,
        "var": 221.796981812
    },
    "melbands_crest": {
        "mean": 14.912270546,
        "var": 30.4550056458
    },
    "melbands_flatness_db": {
        "mean": 0.37615481019,
        "var": 0.00217823009007
    },
    "melbands_kurtosis": {
        "mean": 4.64266300201,
        "var": 39.2439689636
    },
    "melbands_skewness": {
        "mean": 1.5867985487,
        "var": 0.848284780979
    },
    "melbands_spread": {
        "mean": 10.7326259613,
        "var": 33.5652656555
    },
    "pitch_salience": {
        "mean": 0.517676234245,
        "var": 0.0142759690061
    },
    "silence_rate_20dB": {
        "mean": 1,
        "var": 0
    },
    "silence_rate_30dB": {
        "mean": 0.992790937424,
        "var": 0.007156773936
    },
    "silence_rate_60dB": {
        "mean": 0.255406796932,
        "var": 0.190177038312
    },
    "spectral_centroid": {
        "mean": 701.460205078,
        "var": 103394.101563
    },
    "spectral_complexity": {
        "mean": 10.1380023956,
        "var": 21.9140529633
    },
    "spectral_decrease": {
        "mean": -3.71672959076e-009,
        "var": 2.88126694251e-017
    },
    "spectral_energy": {
        "mean": 0.0149126295,
        "var": 0.00046551527339
    },
    "spectral_energyband_high": {
        "mean": 6.88554428052e-006,
        "var": 1.58343493872e-009
    },
    "spectral_energyband_low": {
        "mean": 0.000345315726008,
        "var": 1.21137520637e-006
    },
    "spectral_energyband_middle_high": {
        "mean": 0.00301302527077,
        "var": 2.21591271838e-005
    },
    "spectral_energyband_middle_low": {
        "mean": 0.0119371926412,
        "var": 0.000352664035745
    },
    "spectral_entropy": {
        "mean": 6.07617282867,
        "var": 0.126380607486
    },
    "spectral_flux": {
        "mean": 0.0353850275278,
        "var": 0.00131890398916
    },
    "spectral_kurtosis": {
        "mean": 46.9567260742,
        "var": 679.999084473
    },
    "spectral_rms": {
        "mean": 0.00318417930976,
        "var": 4.40991152573e-006
    },
    "spectral_rolloff": {
        "mean": 955.92956543,
        "var": 293430.8125
    },
    "spectral_skewness": {
        "mean": 4.33051252365,
        "var": 2.44402813911
    },
    "spectral_spread": {
        "mean": 1238394.875,
        "var": 1.20366917222e+012
    },
    "spectral_strongpeak": {
        "mean": 1.29955029488,
        "var": 1.87682449818
    },
    "zerocrossingrate": {
        "mean": 0.0334143266082,
        "var": 0.000184795426321
    },
    "barkbands": {
        "mean": [1.04670668577e-007, 2.94772758025e-006, 7.80917325756e-005, 0.000690709915943, 0.000893542252015, 0.00244527007453, 0.00271863723174, 0.00133053143509, 0.00359982415102, 0.000523529015481, 0.00097006757278, 0.000512725673616, 0.000265918555669, 0.000173116190126, 0.000298755912809, 0.000259456050117, 7.955970068e-005, 2.80120584648e-005, 3.02628668578e-005, 8.3170216385e-006, 1.40127406212e-006, 1.68170038251e-006, 1.5412543064e-007, 3.06380485426e-008, 1.36200251077e-008, 1.63725466518e-009, 6.58931242903e-010],
        "var": [4.58566730866e-014, 6.96226687413e-011, 5.47055094557e-008, 4.45543537353e-006, 3.01100112665e-006, 2.56469720625e-005, 4.86837925564e-005, 1.11538538476e-005, 0.000174979184521, 4.2937285798e-006, 6.28154839433e-006, 1.30624357553e-006, 2.35832274598e-007, 1.37670454592e-007, 6.33192428268e-007, 6.88314798936e-007, 4.81028088473e-008, 6.61911503386e-009, 1.13482734321e-008, 1.71546832295e-009, 3.81947667938e-011, 8.24772333763e-011, 9.97613016501e-013, 5.28933552502e-014, 3.06959759531e-014, 1.58007891717e-017, 1.23623652151e-018]
    },
    "erbbands": {
        "mean": [5.91659081692e-005, 0.00219980115071, 0.0744319632649, 1.17701566219, 2.18596935272, 2.96686840057, 8.81966972351, 23.9718284607, 33.5025405884, 35.9371109009, 48.4367103577, 87.6860046387, 26.3501186371, 23.575712204, 32.4235267639, 20.6876430511, 14.9704875946, 10.8538303375, 15.8359823227, 13.0896854401, 10.373963356, 4.16150379181, 2.46045303345, 1.81150579453, 0.83854830265, 0.399755835533, 0.093878313899, 0.0498817116022, 0.0628488883376, 0.0294618755579, 0.0034409367945, 0.00103830359876, 0.000312429852784, 0.000250071694609, 5.95155834162e-005, 1.94367094082e-005, 7.30957162887e-006, 1.92996344595e-006, 7.55979726819e-006, 1.71512438101e-005],
        "var": [1.200765265e-008, 3.33359785145e-005, 0.0407277643681, 13.2436351776, 28.1916046143, 34.822101593, 643.704467773, 3048.89208984, 4778.390625, 7032.29492188, 20855.4726563, 123898.796875, 6594.84765625, 6859.50146484, 6122.44042969, 1765.41601563, 730.619506836, 435.144104004, 1975.83984375, 1111.08203125, 865.818481445, 133.277557373, 40.4648895264, 36.9219589233, 10.1748542786, 5.46779584885, 0.225410506129, 0.0402784645557, 0.101265609264, 0.0381430983543, 0.000347614899511, 4.85589771415e-005, 5.50148661205e-006, 1.03331540231e-005, 2.74712050441e-007, 1.11061171371e-009, 1.01604738512e-010, 5.85492331701e-012, 1.19414672595e-010, 6.17829065686e-010]
    },
    "gfcc": {
        "mean": [-194.955978394, 197.579071045, -182.990020752, -51.4817466736, -48.734249115, -40.1356811523, -37.3563766479, -27.0646476746, -13.3260259628, -16.6769485474, -12.0405397415, -10.818277359, -7.14801073074],
        "cov": [[5769.06738281, 60.6659545898, -1342.68481445, 733.345153809, -65.3102493286, -576.274963379, 551.054504395, -146.510192871, 436.153747559, -281.831115723, 0.758046448231, -106.198448181, -219.387939453], [60.6659545898, 646.793395996, 403.016174316, -87.6322021484, 204.896270752, 51.1961021423, -104.366027832, -91.1706390381, -88.4257507324, -66.6746139526, -40.9624290466, -24.3643302917, 13.0902223587], [-1342.68481445, 403.016174316, 900.042114258, -158.908309937, 84.6880340576, 311.84942627, -174.826049805, -52.1126022339, -182.605300903, 20.701997757, -95.4476623535, -28.069984436, 35.9718933105], [733.345153809, -87.6322021484, -158.908309937, 371.008911133, 2.02239227295, -30.1895503998, 114.045585632, -21.7303943634, 56.3313522339, -35.0118713379, -9.4562253952, -39.9655036926, -68.3980941772], [-65.3102493286, 204.896270752, 84.6880340576, 2.02239227295, 204.807922363, 27.8662891388, -66.6779251099, -7.41369581223, -35.2519226074, -13.6436262131, -10.0794401169, 0.103102304041, 15.808057785], [-576.274963379, 51.1961021423, 311.84942627, -30.1895503998, 27.8662891388, 237.903106689, -27.6630897522, -11.2064008713, -72.5644378662, 8.93922710419, -62.8063926697, -13.6739187241, 20.705072403], [551.054504395, -104.366027832, -174.826049805, 114.045585632, -66.6779251099, -27.6630897522, 207.74836731, 33.8795547485, 44.5252685547, -31.6766719818, -11.124083519, -36.3568878174, -44.460559845], [-146.510192871, -91.1706390381, -52.1126022339, -21.7303943634, -7.41369581223, -11.2064008713, 33.8795547485, 122.693222046, 12.9890699387, 2.52215504646, 35.2479133606, -12.2226066589, -23.2734031677], [436.153747559, -88.4257507324, -182.605300903, 56.3313522339, -35.2519226074, -72.5644378662, 44.5252685547, 12.9890699387, 165.335464478, 34.1478271484, 24.752248764, 27.3636474609, -24.7274913788], [-281.831115723, -66.6746139526, 20.701997757, -35.0118713379, -13.6436262131, 8.93922710419, -31.6766719818, 2.52215504646, 34.1478271484, 103.481185913, 25.77135849, 8.33412075043, 28.0205154419], [0.758046448231, -40.9624290466, -95.4476623535, -9.4562253952, -10.0794401169, -62.8063926697, -11.124083519, 35.2479133606, 24.752248764, 25.77135849, 96.4232025146, 34.6638526917, -30.6491107941], [-106.198448181, -24.3643302917, -28.069984436, -39.9655036926, 0.103102304041, -13.6739187241, -36.3568878174, -12.2226066589, 27.3636474609, 8.33412075043, 34.6638526917, 128.795516968, 17.729101181], [-219.387939453, 13.0902223587, 35.9718933105, -68.3980941772, 15.808057785, 20.705072403, -44.460559845, -23.2734031677, -24.7274913788, 28.0205154419, -30.6491107941, 17.729101181, 138.894104004]],
        "icov": [[0.000828129705042, -0.00101048767101, 0.00106845423579, -0.000694760819897, 0.000432326400187, 0.000243062750087, -0.000818806351162, 0.000989276100881, -0.00132701033726, 0.00125906255562, 0.000128658866743, 0.000553336925805, 7.01743265381e-005], [-0.00101048767101, 0.00800181739032, -0.00572752254084, 0.00288363196887, -0.00672030029818, 0.00303910928778, -0.00135603907984, 0.0043516359292, -0.00122384435963, 0.00453630136326, -0.00446002092212, 0.00201932969503, -0.0012148914393], [0.00106845423579, -0.00572752254084, 0.00723370816559, -0.00169351021759, 0.00447996752337, -0.00472820689902, 0.00213454454206, -0.00199078931473, 0.00160167191643, -0.00318709341809, 0.00429983437061, -0.000816323852632, 0.00204583560117], [-0.000694760819897, 0.00288363196887, -0.00169351021759, 0.00526930624619, -0.00313666416332, 0.00012398364197, -0.00172163685784, 0.00270422571339, -0.000784701609518, 0.00140909256879, -0.00177378556691, 0.00145343865734, 0.000903915439267], [0.000432326400187, -0.00672030029818, 0.00447996752337, -0.00313666416332, 0.0118252262473, -0.00318452785723, 0.00414556963369, -0.0053044995293, 0.00223644450307, -0.00360222393647, 0.00410439539701, -0.0020031388849, 0.000464620155981], [0.000243062750087, 0.00303910928778, -0.00472820689902, 0.00012398364197, -0.00318452785723, 0.0111644314602, -0.00278235436417, 0.00129495188594, 0.000114725939056, 0.000678924494423, 0.00271312822588, -0.000483176205307, -4.85744712933e-005], [-0.000818806351162, -0.00135603907984, 0.00213454454206, -0.00172163685784, 0.00414556963369, -0.00278235436417, 0.0107265627012, -0.00531557807699, 0.00161611672956, -0.00174781493843, 0.00375435361639, -0.000211459686398, 0.00141547375824], [0.000989276100881, 0.0043516359292, -0.00199078931473, 0.00270422571339, -0.0053044995293, 0.00129495188594, -0.00531557807699, 0.0169363543391, -0.00506086554378, 0.00768612278625, -0.00930899661034, 0.00546631217003, -0.000656719028484], [-0.00132701033726, -0.00122384435963, 0.00160167191643, -0.000784701609518, 0.00223644450307, 0.000114725939056, 0.00161611672956, -0.00506086554378, 0.0141565371305, -0.0105489045382, 0.0055098682642, -0.00547945126891, 0.00317942537367], [0.00125906255562, 0.00453630136326, -0.00318709341809, 0.00140909256879, -0.00360222393647, 0.000678924494423, -0.00174781493843, 0.00768612278625, -0.0105489045382, 0.0233898814768, -0.0118902185932, 0.00669782515615, -0.00595769099891], [0.000128658866743, -0.00446002092212, 0.00429983437061, -0.00177378556691, 0.00410439539701, 0.00271312822588, 0.00375435361639, -0.00930899661034, 0.0055098682642, -0.0118902185932, 0.0257040970027, -0.00824282690883, 0.00751063972712], [0.000553336925805, 0.00201932969503, -0.000816323852632, 0.00145343865734, -0.0020031388849, -0.000483176205307, -0.000211459686398, 0.00546631217003, -0.00547945126891, 0.00669782515615, -0.00824282690883, 0.0126472460106, -0.00300086243078], [7.01743265381e-005, -0.0012148914393, 0.00204583560117, 0.000903915439267, 0.000464620155981, -4.85744712933e-005, 0.00141547375824, -0.000656719028484, 0.00317942537367, -0.00595769099891, 0.00751063972712, -0.00300086243078, 0.011446098797]]
    },
    "melbands": {
        "mean": [4.88839532409e-007, 2.07468601729e-005, 0.000252885482041, 0.000161219781148, 0.000283425528323, 0.000530057004653, 0.000553897873033, 0.000351321563357, 0.000478878995636, 0.000518810527865, 0.000111457389721, 8.63175009727e-005, 0.000109040040115, 5.83262662985e-005, 5.72388671571e-005, 2.48940905294e-005, 1.91143226402e-005, 2.2977395929e-005, 1.90940390894e-005, 2.20848924073e-005, 9.05718479771e-006, 4.31246780863e-006, 3.04751574731e-006, 1.56855878686e-006, 1.5404715441e-006, 7.24288838683e-007, 4.24630542284e-007, 2.32792515931e-007, 4.85216595791e-008, 4.57332944848e-008, 2.2124924115e-008, 3.45625323916e-008, 3.60275009825e-008, 8.65484217627e-009, 1.77642267563e-009, 6.89001133924e-010, 5.01280461584e-010, 2.27798307995e-010, 9.65752061655e-011, 2.59904625599e-010],
        "var": [1.38203099138e-012, 3.80259601584e-009, 5.27799841166e-007, 8.01111568194e-008, 5.36938500773e-007, 1.28054159632e-006, 1.57660531386e-006, 6.33618810753e-007, 2.5983595151e-006, 4.14997293774e-006, 1.42338521414e-007, 9.99781093469e-008, 6.07507359973e-008, 1.259091853e-008, 2.61366697174e-008, 2.18573203981e-009, 1.77188264061e-009, 4.19174028821e-009, 2.14986495273e-009, 5.81867842797e-009, 6.69796940134e-010, 1.89710649967e-010, 1.33950003867e-010, 2.15242546009e-011, 3.29649675612e-011, 1.10174603815e-011, 3.97665884597e-012, 3.66499148738e-012, 9.60239510519e-014, 6.36200483571e-014, 7.31790133726e-015, 3.14780719665e-014, 5.98677737159e-014, 3.53677844796e-015, 1.07232465298e-016, 2.35113598691e-017, 1.25971327214e-017, 4.56062308418e-018, 6.23193272305e-019, 1.75335174881e-017]
    },
    "mfcc": {
        "mean": [-809.323242188, 214.357131958, -49.663192749, -32.9383926392, -10.7844581604, -23.0911846161, -27.1876735687, -17.853553772, -16.2109527588, -14.3691539764, -8.70916366577, -14.3222417831, -3.74381351471],
        "cov": [[4338.70263672, 530.546508789, -1565.65759277, 924.28704834, -357.881347656, -260.845947266, -99.3278961182, 150.92906189, 82.8563690186, -57.1263885498, 229.444488525, -62.5773658752, 155.112243652], [530.546508789, 636.966125488, 67.8369750977, -32.1263122559, 166.499435425, 1.77670884132, -6.4286236763, 15.6248416901, -25.6920585632, -72.8471069336, -45.0547866821, -47.9454841614, -58.7792739868], [-1565.65759277, 67.8369750977, 926.953552246, -320.169158936, 148.273361206, 243.575897217, 70.2070083618, -55.0528335571, -21.53632164, 1.46008193493, -110.589447021, -33.8364982605, -137.398239136], [924.28704834, -32.1263122559, -320.169158936, 367.236663818, -90.2007064819, -41.0987472534, 14.2274570465, 34.9294776917, 18.9510040283, 25.0049953461, 83.7434082031, -19.6521759033, 54.0778579712], [-357.881347656, 166.499435425, 148.273361206, -90.2007064819, 285.26550293, 46.8672332764, -26.0370998383, -12.1907463074, -32.7538490295, -27.6905937195, -51.7631988525, -6.76206493378, -15.5178022385], [-260.845947266, 1.77670884132, 243.575897217, -41.0987472534, 46.8672332764, 234.328689575, 27.9533634186, -43.7285804749, 49.8669891357, -3.48043298721, -57.3352165222, -51.7357635498, -57.6112823486], [-99.3278961182, -6.4286236763, 70.2070083618, 14.2274570465, -26.0370998383, 27.9533634186, 148.058578491, 31.2233009338, -7.92841863632, 42.6666412354, -8.6185798645, -18.1007575989, -31.4738807678], [150.92906189, 15.6248416901, -55.0528335571, 34.9294776917, -12.1907463074, -43.7285804749, 31.2233009338, 128.667358398, 3.36549496651, -36.9634094238, 48.2062950134, 23.4230728149, 18.7958469391], [82.8563690186, -25.6920585632, -21.53632164, 18.9510040283, -32.7538490295, 49.8669891357, -7.92841863632, 3.36549496651, 124.298072815, 35.1584739685, -23.9428882599, 7.80841636658, -0.706050992012], [-57.1263885498, -72.8471069336, 1.46008193493, 25.0049953461, -27.6905937195, -3.48043298721, 42.6666412354, -36.9634094238, 35.1584739685, 142.514968872, 21.4424381256, -8.59872722626, 0.141915500164], [229.444488525, -45.0547866821, -110.589447021, 83.7434082031, -51.7631988525, -57.3352165222, -8.6185798645, 48.2062950134, -23.9428882599, 21.4424381256, 159.662155151, 55.0235099792, 16.7490386963], [-62.5773658752, -47.9454841614, -33.8364982605, -19.6521759033, -6.76206493378, -51.7357635498, -18.1007575989, 23.4230728149, 7.80841636658, -8.59872722626, 55.0235099792, 125.876396179, 48.194606781], [155.112243652, -58.7792739868, -137.398239136, 54.0778579712, -15.5178022385, -57.6112823486, -31.4738807678, 18.7958469391, -0.706050992012, 0.141915500164, 16.7490386963, 48.194606781, 144.438796997]],
        "icov": [[0.0133551741019, -0.0179949048907, 0.0186366308481, -0.0178784597665, 0.016304679215, -0.0150243435055, 0.0125175788999, -0.0115736806765, 0.00836061034352, -0.00798557233065, 0.00546154286712, -0.00415291637182, 0.00355067080818], [-0.0179949048907, 0.0264282524586, -0.0252627786249, 0.023929586634, -0.0234354846179, 0.0213396511972, -0.0175650566816, 0.0161156710237, -0.0123305805027, 0.0123983062804, -0.00786848925054, 0.00673033669591, -0.0042475531809], [0.0186366308481, -0.0252627786249, 0.0286154542118, -0.0233863871545, 0.0227158479393, -0.0237867310643, 0.0175293274224, -0.0172431655228, 0.0137097164989, -0.0126342624426, 0.00867002177984, -0.00698340497911, 0.00610261084512], [-0.0178784597665, 0.023929586634, -0.0233863871545, 0.029149569571, -0.0216008815914, 0.0193368010223, -0.0184540059417, 0.0161340124905, -0.0124941300601, 0.0113494023681, -0.0105358567089, 0.00829311925918, -0.00656863115728], [0.016304679215, -0.0234354846179, 0.0227158479393, -0.0216008815914, 0.0256174467504, -0.0207865368575, 0.0182600189, -0.0167756881565, 0.0141663691029, -0.0126425856724, 0.00976031087339, -0.00729908933863, 0.00465790601447], [-0.0150243435055, 0.0213396511972, -0.0237867310643, 0.0193368010223, -0.0207865368575, 0.028099514544, -0.0187187474221, 0.019471546635, -0.0181925501674, 0.0156844574958, -0.0103044481948, 0.00999317318201, -0.00493015348911], [0.0125175788999, -0.0175650566816, 0.0175293274224, -0.0184540059417, 0.0182600189, -0.0187187474221, 0.026156751439, -0.0207592528313, 0.0163599755615, -0.0174672361463, 0.0126285012811, -0.00823720917106, 0.0072712530382], [-0.0115736806765, 0.0161156710237, -0.0172431655228, 0.0161340124905, -0.0167756881565, 0.019471546635, -0.0207592528313, 0.0285772494972, -0.017495777458, 0.0188556984067, -0.0148035343736, 0.00858675129712, -0.00698672467843], [0.00836061034352, -0.0123305805027, 0.0137097164989, -0.0124941300601, 0.0141663691029, -0.0181925501674, 0.0163599755615, -0.017495777458, 0.0249699056149, -0.0169619955122, 0.0139744123444, -0.0110393296927, 0.00603190576658], [-0.00798557233065, 0.0123983062804, -0.0126342624426, 0.0113494023681, -0.0126425856724, 0.0156844574958, -0.0174672361463, 0.0188556984067, -0.0169619955122, 0.0230723284185, -0.013124525547, 0.00943873822689, -0.00574174430221], [0.00546154286712, -0.00786848925054, 0.00867002177984, -0.0105358567089, 0.00976031087339, -0.0103044481948, 0.0126285012811, -0.0148035343736, 0.0139744123444, -0.013124525547, 0.0194784067571, -0.0114601720124, 0.0063879522495], [-0.00415291637182, 0.00673033669591, -0.00698340497911, 0.00829311925918, -0.00729908933863, 0.00999317318201, -0.00823720917106, 0.00858675129712, -0.0110393296927, 0.00943873822689, -0.0114601720124, 0.0177855081856, -0.00692861108109], [0.00355067080818, -0.0042475531809, 0.00610261084512, -0.00656863115728, 0.00465790601447, -0.00493015348911, 0.0072712530382, -0.00698672467843, 0.00603190576658, -0.00574174430221, 0.0063879522495, -0.00692861108109, 0.0122800255194]]
    },
    "spectral_contrast_coeffs": {
        "mean": [-0.520220398903, -0.662737190723, -0.698733508587, -0.700894057751, -0.711469888687, -0.77707362175],
        "var": [0.00919269025326, 0.00762222101912, 0.00576853053644, 0.00317138968967, 0.0042115515098, 0.00339940888807]
    },
    "spectral_contrast_valleys": {
        "mean": [-10.2182216644, -7.13646173477, -7.96803712845, -8.95998477936, -10.7068691254, -14.1909189224],
        "var": [0.768763124943, 0.899729073048, 0.856090664864, 0.856859922409, 0.762688100338, 0.335970371962]
    }
},
"metadata": {
    "audio_properties": {
        "analysis_sample_rate": 44100,
        "bit_rate": 128074,
        "equal_loudness": 0,
        "length": 45.0612258911,
        "lossless": 0,
        "replay_gain": -2.52469444275,
        "sample_rate": 44100,
        "codec": "mp3",
        "downmix": "mix",
        "md5_encoded": "771558641507d45d1932804a5df1b0c7"
    },
    "tags": {
        "file_name": "1775.mp3"
    },
    "version": {
        "essentia": "2.1-beta2",
        "essentia_git_sha": "v2.1_beta2",
        "extractor": "music 1.0"
    }
},
"rhythm": {
    "beats_count": 93,
    "beats_loudness": {
        "mean": 0.0287439059466,
        "var": 0.00127774022985
    },
    "bpm": 111.045196533,
    "bpm_histogram_first_peak_bpm": {
        "mean": 112,
        "var": 0
    },
    "bpm_histogram_first_peak_spread": {
        "mean": 0.560000002384,
        "var": 0
    },
    "bpm_histogram_first_peak_weight": {
        "mean": 0.119565218687,
        "var": 0
    },
    "bpm_histogram_second_peak_bpm": {
        "mean": 133,
        "var": 0
    },
    "bpm_histogram_second_peak_spread": {
        "mean": 0.454545468092,
        "var": 0
    },
    "bpm_histogram_second_peak_weight": {
        "mean": 0.0652173906565,
        "var": 0
    },
    "danceability": 1.12717032433,
    "onset_rate": 2.99457359314,
    "beats_loudness_band_ratio": {
        "mean": [0.069078207016, 0.29396006465, 0.472563266754, 0.173530891538, 0.0598324947059, 0.00197664881125],
        "var": [0.0112166311592, 0.0573138780892, 0.0502404309809, 0.016713084653, 0.00582322850823, 2.18239365495e-005]
    },
    "beats_position": [0.429569154978, 0.882358253002, 1.33514738083, 1.78793644905, 2.22911548615, 2.68190479279, 3.11147379875, 3.55265307426, 3.99383211136, 4.446621418, 4.80653047562, 5.14321994781, 5.4915189743, 5.83981847763, 6.19972801208, 6.5596370697, 6.91954612732, 7.2910656929, 7.6277551651, 7.96444416046, 8.28952407837, 8.6146030426, 8.96290206909, 9.32281208038, 9.67111110687, 10.0310201645, 10.379319191, 10.7856683731, 11.1804075241, 11.5751476288, 11.9814968109, 12.3762359619, 12.7709751129, 13.1657142639, 13.572063446, 13.9900226593, 14.3963718414, 14.8027210236, 15.2555103302, 15.7199087143, 16.1843090057, 16.6835365295, 17.1943759918, 17.693605423, 18.181224823, 18.6804523468, 19.179681778, 19.667301178, 20.154920578, 20.642539978, 21.1185474396, 21.6061668396, 22.0821762085, 22.616235733, 23.1502952576, 23.6727428436, 24.2068023682, 24.7408618927, 25.2981395721, 25.8554191589, 26.4243087769, 26.9931964874, 27.5620861053, 28.142583847, 28.7230834961, 29.3268013, 29.9073009491, 30.5110206604, 31.0915184021, 31.6487979889, 32.2060775757, 32.8097953796, 33.4251251221, 34.0404510498, 34.63256073, 35.2362823486, 35.7819480896, 36.3276176453, 36.8500671387, 37.3841247559, 37.9297943115, 38.4754638672, 39.0095214844, 39.55519104, 40.1124725342, 40.6465301514, 41.1573677063, 41.6798171997, 42.2138786316, 42.7479362488, 43.281993866, 43.8160552979, 44.3733329773]
},
"tonal": {
    "chords_changes_rate": 0.0565843619406,
    "chords_number_rate": 0.0185185186565,
    "chords_strength": {
        "mean": 0.408765822649,
        "var": 0.00828818790615
    },
    "hpcp_entropy": {
        "mean": 1.33061373234,
        "var": 0.512658774853
    },
    "key_strength": 0.471558600664,
    "tuning_diatonic_strength": 0.232589870691,
    "tuning_equal_tempered_deviation": 0.00709086610004,
    "tuning_frequency": 440,
    "tuning_nontempered_energy_ratio": 0.580555856228,
    "hpcp": {
        "mean": [0.129390224814, 0.0877500623465, 0.125363081694, 0.211336836219, 0.109598480165, 0.0591638162732, 0.142016723752, 0.100467659533, 0.102853871882, 0.182847246528, 0.100576683879, 0.0451871715486, 0.0864130631089, 0.0569496154785, 0.0550515651703, 0.0954478234053, 0.0563925877213, 0.104500301182, 0.189443603158, 0.101161710918, 0.106146708131, 0.230244919658, 0.1505831182, 0.152440190315, 0.257183015347, 0.135821700096, 0.0476542785764, 0.0605367943645, 0.0292507819831, 0.108681187034, 0.21972630918, 0.124536260962, 0.0782002210617, 0.140532493591, 0.0849914699793, 0.0732304155827],
        "var": [0.079221136868, 0.0365376397967, 0.0367715507746, 0.112692765892, 0.0308082643896, 0.0121421376243, 0.0758852511644, 0.0335804671049, 0.0296549070626, 0.100317962468, 0.0311394613236, 0.00683703972027, 0.0430138707161, 0.0229899473488, 0.0147056113929, 0.0525505356491, 0.0175517071038, 0.0346436016262, 0.117443718016, 0.0318567380309, 0.0245012175292, 0.111118838191, 0.0515058301389, 0.0414052903652, 0.118362270296, 0.0325966849923, 0.0146779408678, 0.0296714622527, 0.00686167413369, 0.0275966227055, 0.107612155378, 0.0353213101625, 0.0200075209141, 0.0678813606501, 0.0242472290993, 0.0248842127621]
    },
    "chords_histogram": [9.56790161133, 8.33333301544, 13.1687240601, 3.39506173134, 1.85185182095, 0, 0, 0, 3.08641982079, 3.70370364189, 3.29218101501, 4.93827152252, 0, 0.102880656719, 2.36625504494, 4.42386817932, 0.411522626877, 7.20164632797, 4.01234579086, 12.448559761, 6.37860059738, 7.81893014908, 1.23456788063, 2.26337456703],
    "thpcp": [1, 0.528113007545, 0.185293257236, 0.235384106636, 0.113735280931, 0.422583073378, 0.854357779026, 0.484232068062, 0.30406448245, 0.546429932117, 0.330470770597, 0.2847404778, 0.503105640411, 0.34119695425, 0.487446963787, 0.821737170219, 0.426149755716, 0.230045586824, 0.552201032639, 0.390646547079, 0.399924814701, 0.710961580276, 0.391070485115, 0.175700455904, 0.33599832654, 0.221436142921, 0.214055985212, 0.371128022671, 0.219270259142, 0.406326591969, 0.736610114574, 0.393345236778, 0.412728309631, 0.895257115364, 0.585509598255, 0.592730402946],
    "chords_key": "C",
    "chords_scale": "major",
    "key_key": "F",
    "key_scale": "major"
}
}