{
"lowlevel": {
    "average_loudness": 0.44890421629,
    "barkbands_crest": {
        "mean": 11.9208135605,
        "var": 12.5803413391
    },
    "barkbands_flatness_db": {
        "mean": 0.361524373293,
        "var": 0.00172214629129
    },
    "barkbands_kurtosis": {
        "mean": 1.69786667824,
        "var": 9.66466331482
    },
    "barkbands_skewness": {
        "mean": 1.11805474758,
        "var": 0.728702425957
    },
    "barkbands_spread": {
        "mean": 5.71861028671,
        "var": 5.70431661606
    },
    "dissonance": {
        "mean": 0.370311915874,
        "var": 0.00396006926894
    },
    "dynamic_complexity": 4.65561723709,
    "erbbands_crest": {
        "mean": 12.1921329498,
        "var": 20.0492076874
    },
    "erbbands_flatness_db": {
        "mean": 0.398928523064,
        "var": 0.0010969286086
    },
    "erbbands_kurtosis": {
        "mean": -0.0748305097222,
        "var": 2.84629416466
    },
    "erbbands_skewness": {
        "mean": 0.176745519042,
        "var": 0.524679601192
    },
    "erbbands_spread": {
        "mean": 12.498213768,
        "var": 18.8428115845
    },
    "hfc": {
        "mean": 8.13991260529,
        "var": 87.0653533936
    },
    "melbands_crest": {
        "mean": 15.9128694534,
        "var": 30.2284526825
    },
    "melbands_flatness_db": {
        "mean": 0.449810087681,
        "var": 0.00223120930605
    },
    "melbands_kurtosis": {
        "mean": 3.22951722145,
        "var": 23.3217430115
    },
    "melbands_skewness": {
        "mean": 1.45129799843,
        "var": 0.923860490322
    },
    "melbands_spread": {
        "mean": 9.41981983185,
        "var": 29.2308750153
    },
    "pitch_salience": {
        "mean": 0.557297646999,
        "var": 0.017047425732
    },
    "silence_rate_20dB": {
        "mean": 1,
        "var": 0
    },
    "silence_rate_30dB": {
        "mean": 0.995365619659,
        "var": 0.0046129305847
    },
    "silence_rate_60dB": {
        "mean": 0.227085486054,
        "var": 0.175522074103
    },
    "spectral_centroid": {
        "mean": 569.941955566,
        "var": 76677.4296875
    },
    "spectral_complexity": {
        "mean": 9.14778614044,
        "var": 19.9448204041
    },
    "spectral_decrease": {
        "mean": -4.20160128911e-009,
        "var": 2.6795546488e-017
    },
    "spectral_energy": {
        "mean": 0.0165961012244,
        "var": 0.000413824222051
    },
    "spectral_energyband_high": {
        "mean": 2.20719954314e-007,
        "var": 4.13136593078e-013
    },
    "spectral_energyband_low": {
        "mean": 0.000408184307162,
        "var": 1.38361372137e-006
    },
    "spectral_energyband_middle_high": {
        "mean": 0.00277618062682,
        "var": 1.12602147055e-005
    },
    "spectral_energyband_middle_low": {
        "mean": 0.0137298153713,
        "var": 0.000307615700876
    },
    "spectral_entropy": {
        "mean": 5.66292953491,
        "var": 0.143206819892
    },
    "spectral_flux": {
        "mean": 0.0380931049585,
        "var": 0.00095831049839
    },
    "spectral_kurtosis": {
        "mean": 107.074684143,
        "var": 1625.75708008
    },
    "spectral_rms": {
        "mean": 0.00341697712429,
        "var": 4.51559981229e-006
    },
    "spectral_rolloff": {
        "mean": 867.17010498,
        "var": 243277.46875
    },
    "spectral_skewness": {
        "mean": 7.255671978,
        "var": 3.73548555374
    },
    "spectral_spread": {
        "mean": 904834.375,
        "var": 902052118528
    },
    "spectral_strongpeak": {
        "mean": 1.04239714146,
        "var": 0.63037955761
    },
    "zerocrossingrate": {
        "mean": 0.0284701660275,
        "var": 0.000181830560905
    },
    "barkbands": {
        "mean": [1.55527303036e-007, 2.50890825555e-005, 0.000271710683592, 0.00033429285395, 0.00473356805742, 0.00417235214263, 0.00170643592719, 0.00159711064771, 0.000700184435118, 0.0011739959009, 0.000491595361382, 0.000537636806257, 0.00054448354058, 0.00018408743199, 7.9258599726e-005, 2.48680335062e-005, 1.38654841066e-005, 4.2557303459e-006, 8.85161455244e-007, 1.56869859325e-007, 7.06998548594e-008, 5.87900856885e-008, 1.17990559545e-008, 4.07430578164e-009, 4.30395674655e-009, 5.45007283748e-009, 1.37460243188e-009],
        "var": [1.13295176463e-013, 1.18205880639e-008, 8.52504911109e-007, 6.07565823429e-007, 6.51946902508e-005, 4.70883678645e-005, 1.18667439892e-005, 9.99040548777e-006, 3.53131895281e-006, 2.64895538749e-006, 1.14203896828e-006, 6.49367677852e-007, 1.61566038059e-006, 1.3081501038e-007, 4.60747351383e-008, 4.86509943443e-009, 1.0733411937e-009, 1.27051189014e-010, 5.92590343115e-012, 2.34195312882e-013, 5.66486012829e-014, 6.76899806823e-014, 3.24766450373e-015, 2.78366419626e-016, 2.94514886044e-018, 2.73416258994e-018, 1.83387430728e-018]
    },
    "erbbands": {
        "mean": [0.000193579806364, 0.0132165327668, 0.250749796629, 0.83293056488, 7.31895494461, 13.5959291458, 42.7842559814, 22.0835132599, 25.3777179718, 29.4825820923, 32.8990135193, 19.686498642, 33.7663917542, 27.5075397491, 17.9067287445, 25.215549469, 22.6764678955, 17.9024772644, 6.19763898849, 1.87697386742, 1.34389615059, 0.590970933437, 0.309231638908, 0.0935081392527, 0.0236401744187, 0.00743240164593, 0.00417151441798, 0.00249519874342, 0.00238062930293, 0.00104388897307, 0.000251790392213, 0.00011169717618, 7.4027091614e-005, 5.52912097191e-005, 4.2887069867e-005, 2.91935193673e-005, 1.50597616084e-005, 4.03304647989e-006, 8.12170583231e-006, 1.87209607247e-005],
        "var": [3.95816471155e-007, 0.00271683558822, 0.76027739048, 3.49349784851, 244.772994995, 547.576904297, 7881.95166016, 1266.58300781, 2206.37207031, 4504.54296875, 4240.56201172, 1689.6751709, 2685.24316406, 2289.34277344, 637.486328125, 1406.3515625, 2750.28344727, 1113.38574219, 183.142105103, 13.36490345, 14.6313734055, 1.48108828068, 0.537425458431, 0.0571486987174, 0.00443268334493, 0.000458156137029, 0.000175989975105, 9.83611826086e-005, 0.000118093172205, 2.49651147897e-005, 8.46332795845e-007, 2.58395090214e-007, 2.58318557655e-008, 8.27167778716e-010, 3.7392414165e-010, 1.67946309637e-010, 4.72139341512e-011, 2.83148482959e-012, 9.47632805559e-011, 5.20471610255e-010]
    },
    "gfcc": {
        "mean": [-221.187454224, 213.95350647, -145.819473267, -88.5273971558, -40.5567321777, -21.9671058655, -45.1752204895, -28.4748783112, -24.9797401428, -16.1330547333, -10.072719574, -7.58591079712, -9.58701324463],
        "cov": [[5336.02636719, 1425.93859863, -734.696411133, 341.222930908, 334.811676025, -881.102844238, 250.781417847, -241.919494629, 174.921279907, -274.631835938, 25.6856231689, -213.887176514, 48.5988731384], [1425.93859863, 927.653991699, 411.2159729, 107.00403595, 201.722976685, -174.858901978, -26.1655826569, -144.017562866, -120.428123474, -204.852294922, -17.7302494049, -137.791473389, -27.4746322632], [-734.696411133, 411.2159729, 943.903015137, 85.9472961426, 62.8704795837, 231.571578979, -135.02545166, -107.858978271, -237.858428955, -92.6667480469, -26.2228164673, -39.759677887, -50.6633796692], [341.222930908, 107.00403595, 85.9472961426, 317.063171387, 108.687332153, -18.6145877838, 44.1887969971, -39.6427307129, -24.4997081757, -19.5534267426, -15.2635011673, 1.6425164938, -3.44369673729], [334.811676025, 201.722976685, 62.8704795837, 108.687332153, 165.510482788, 1.10539889336, -3.5554497242, -24.9725208282, -44.4790229797, -57.3191375732, -5.0637345314, -24.105134964, -4.69439411163], [-881.102844238, -174.858901978, 231.571578979, -18.6145877838, 1.10539889336, 315.21673584, 12.010178566, 38.655620575, -58.2966575623, 35.8744812012, -23.4084014893, 23.4483184814, -50.2518997192], [250.781417847, -26.1655826569, -135.02545166, 44.1887969971, -3.5554497242, 12.010178566, 166.412734985, 87.3753814697, 73.4515151978, 19.5220470428, -3.67905879021, -17.6833171844, -37.7344551086], [-241.919494629, -144.017562866, -107.858978271, -39.6427307129, -24.9725208282, 38.655620575, 87.3753814697, 195.477966309, 115.705810547, 40.9194374084, -9.59893131256, -2.91118192673, -54.8706016541], [174.921279907, -120.428123474, -237.858428955, -24.4997081757, -44.4790229797, -58.2966575623, 73.4515151978, 115.705810547, 206.851135254, 86.9450759888, 4.41885709763, 3.31481862068, -23.6560993195], [-274.631835938, -204.852294922, -92.6667480469, -19.5534267426, -57.3191375732, 35.8744812012, 19.5220470428, 40.9194374084, 86.9450759888, 127.429267883, 30.9860172272, 19.015996933, -7.35356521606], [25.6856231689, -17.7302494049, -26.2228164673, -15.2635011673, -5.0637345314, -23.4084014893, -3.67905879021, -9.59893131256, 4.41885709763, 30.9860172272, 70.0752487183, 32.9074020386, -0.253577530384], [-213.887176514, -137.791473389, -39.759677887, 1.6425164938, -24.105134964, 23.4483184814, -17.6833171844, -2.91118192673, 3.31481862068, 19.015996933, 32.9074020386, 107.475257874, 47.8596572876], [48.5988731384, -27.4746322632, -50.6633796692, -3.44369673729, -4.69439411163, -50.2518997192, -37.7344551086, -54.8706016541, -23.6560993195, -7.35356521606, -0.253577530384, 47.8596572876, 127.511070251]],
        "icov": [[0.00319284270518, -0.00703685963526, 0.00525454105809, -0.00268634129316, 0.00198923493735, 0.000127581894048, -0.00179562380072, 0.00310431886464, -0.0020283984486, 0.000813067774288, -0.00120935298037, -0.000159194678417, -6.20030405116e-005], [-0.00703685963526, 0.0233482960612, -0.0169016588479, 0.009082573466, -0.0119685968384, 0.00593083398417, -0.00159555394202, -0.00141334952787, -0.000214850835619, 0.00444911653176, 0.00129978777841, 0.00368191022426, 0.000896333309356], [0.00525454105809, -0.0169016588479, 0.0147215016186, -0.00823984388262, 0.00991385336965, -0.00661147525534, 0.0033450871706, 0.00109371030703, 0.000248586176895, -0.000309276685584, -0.00359259708785, 0.000118652744277, -0.000821196008474], [-0.00268634129316, 0.009082573466, -0.00823984388262, 0.0105754565448, -0.0106508778408, 0.00652229506522, -0.00561198871583, 0.00176646129694, 0.00194099242799, -0.0042348713614, 0.00783889554441, -0.00472316052765, 0.00317450962029], [0.00198923493735, -0.0119685968384, 0.00991385336965, -0.0106508778408, 0.0213173460215, -0.0109135964885, 0.00829463172704, -0.00453756982461, 0.000367084285244, 0.00444059027359, -0.0088115260005, 0.00458083581179, -0.00411252817139], [0.000127581894048, 0.00593083398417, -0.00661147525534, 0.00652229506522, -0.0109135964885, 0.015673302114, -0.00932388007641, 0.00344899552874, 0.00326350261457, -0.00644736783579, 0.0107859224081, -0.00700206542388, 0.00616172235459], [-0.00179562380072, -0.00159555394202, 0.0033450871706, -0.00561198871583, 0.00829463172704, -0.00932388007641, 0.0177202802151, -0.00946884881705, 0.00103851780295, 0.00165420921985, -0.00555297080427, 0.0045789075084, -0.00212331884541], [0.00310431886464, -0.00141334952787, 0.00109371030703, 0.00176646129694, -0.00453756982461, 0.00344899552874, -0.00946884881705, 0.0180403739214, -0.0106146978214, 0.00552632380277, 0.000613487267401, -0.000590852228925, 0.00372020783834], [-0.0020283984486, -0.000214850835619, 0.000248586176895, 0.00194099242799, 0.000367084285244, 0.00326350261457, 0.00103851780295, -0.0106146978214, 0.0211708266288, -0.0174955353141, 0.0108681004494, -0.00752007262781, 0.0036801151], [0.000813067774288, 0.00444911653176, -0.000309276685584, -0.0042348713614, 0.00444059027359, -0.00644736783579, 0.00165420921985, 0.00552632380277, -0.0174955353141, 0.032281242311, -0.0209094360471, 0.0138804614544, -0.00573387369514], [-0.00120935298037, 0.00129978777841, -0.00359259708785, 0.00783889554441, -0.0088115260005, 0.0107859224081, -0.00555297080427, 0.000613487267401, 0.0108681004494, -0.0209094360471, 0.0360040478408, -0.0196801964194, 0.0103410137817], [-0.000159194678417, 0.00368191022426, 0.000118652744277, -0.00472316052765, 0.00458083581179, -0.00700206542388, 0.0045789075084, -0.000590852228925, -0.00752007262781, 0.0138804614544, -0.0196801964194, 0.0258384458721, -0.0110483979806], [-6.20030405116e-005, 0.000896333309356, -0.000821196008474, 0.00317450962029, -0.00411252817139, 0.00616172235459, -0.00212331884541, 0.00372020783834, 0.0036801151, -0.00573387369514, 0.0103410137817, -0.0110483979806, 0.0155876260251]]
    },
    "melbands": {
        "mean": [3.47975492332e-006, 8.88507274794e-005, 0.000282994558802, 0.00075228291098, 0.00126321800053, 0.000569149735384, 0.000389547320083, 0.000326797104208, 0.000241400543018, 0.000114484602818, 0.000169084582012, 0.000114650494652, 5.6315016991e-005, 5.85921770835e-005, 5.45936964045e-005, 5.7725552324e-005, 2.87007878796e-005, 9.52242407948e-006, 4.33189779869e-006, 2.07586663237e-006, 1.40057534281e-006, 6.961336112e-007, 3.68968841258e-007, 1.88165088844e-007, 6.50671907465e-008, 1.72027228018e-008, 1.02535233637e-008, 3.6516794033e-009, 2.91236967875e-009, 1.52606416393e-009, 1.37898259478e-009, 1.39608102856e-009, 9.95812654558e-010, 4.26766205708e-010, 1.35082028896e-010, 7.74169547912e-011, 5.48980721993e-011, 4.46895541406e-011, 3.91605671501e-011, 3.67008819169e-011],
        "var": [2.163522278e-010, 1.00011796178e-007, 3.57860756139e-007, 2.04881257559e-006, 6.40153302811e-006, 8.29162615901e-007, 5.1238356491e-007, 4.89803653636e-007, 2.27883191428e-007, 7.56642180022e-008, 6.97337441125e-008, 3.72261048653e-008, 9.18040754527e-009, 6.90294577055e-009, 5.62004043303e-009, 2.5977913154e-008, 2.8382749484e-009, 4.27612362186e-010, 1.21528523356e-010, 2.67650103469e-011, 1.90877452733e-011, 2.56317558324e-012, 6.02648844456e-013, 2.66576230491e-013, 3.43301301557e-014, 3.63251688793e-015, 1.08255554044e-015, 1.24560231535e-016, 9.744412609e-017, 2.57571568865e-017, 3.94689791762e-017, 4.30501517592e-017, 2.53013290838e-017, 4.94544859825e-018, 2.60452472469e-019, 1.13563199782e-019, 9.74895682909e-020, 2.25456121575e-020, 7.80674472778e-022, 2.40230158014e-022]
    },
    "mfcc": {
        "mean": [-841.200866699, 235.671920776, -23.2403125763, -59.9906616211, -10.1653747559, -8.96218490601, -19.8481388092, -18.4153728485, -21.7937717438, -20.2536258698, -8.87596130371, -7.40500211716, -12.3785133362],
        "cov": [[3550.48608398, 1831.28283691, -892.592407227, 312.688690186, 342.435394287, -428.733428955, -224.297027588, 78.2327880859, -40.1841087341, -34.5786552429, 78.2966384888, -116.634887695, -153.220626831], [1831.28283691, 1327.23913574, -70.2640304565, 164.820175171, 233.178268433, -153.558105469, -70.5352554321, 31.4949607849, -87.235786438, -78.6249923706, -25.6378936768, -109.839782715, -168.119674683], [-892.592407227, -70.2640304565, 773.248901367, 84.3868865967, -24.0783920288, 230.946868896, 156.400177002, -32.2551193237, -66.3697357178, -67.3824005127, -97.4891433716, -30.0206489563, -42.6837158203], [312.688690186, 164.820175171, 84.3868865967, 288.856719971, 142.142318726, 17.4088077545, 43.3198928833, 16.5811157227, -23.9682312012, -29.3997364044, -17.8244895935, -22.7735843658, -7.29453992844], [342.435394287, 233.178268433, -24.0783920288, 142.142318726, 212.835830688, 27.3054065704, -5.83360433578, 19.0410785675, -24.3226261139, -35.960018158, -23.5373363495, -27.2334365845, -37.4996376038], [-428.733428955, -153.558105469, 230.946868896, 17.4088077545, 27.3054065704, 214.627029419, 131.729904175, -19.307434082, -25.5033378601, -16.8824672699, -31.7543487549, -12.9306545258, -20.3126029968], [-224.297027588, -70.5352554321, 156.400177002, 43.3198928833, -5.83360433578, 131.729904175, 191.744842529, 59.5554389954, -25.8590621948, -1.2413547039, 11.3127288818, 1.75884509087, -33.7346191406], [78.2327880859, 31.4949607849, -32.2551193237, 16.5811157227, 19.0410785675, -19.307434082, 59.5554389954, 148.846954346, 71.6659393311, 10.6311225891, 52.6036567688, 39.9887619019, -4.27407836914], [-40.1841087341, -87.235786438, -66.3697357178, -23.9682312012, -24.3226261139, -25.5033378601, -25.8590621948, 71.6659393311, 152.287506104, 97.4617233276, 44.6758232117, 49.2483100891, 55.256362915], [-34.5786552429, -78.6249923706, -67.3824005127, -29.3997364044, -35.960018158, -16.8824672699, -1.2413547039, 10.6311225891, 97.4617233276, 155.60710144, 88.3101425171, 39.3217964172, 46.7668495178], [78.2966384888, -25.6378936768, -97.4891433716, -17.8244895935, -23.5373363495, -31.7543487549, 11.3127288818, 52.6036567688, 44.6758232117, 88.3101425171, 141.68800354, 75.7524414063, 21.1729564667], [-116.634887695, -109.839782715, -30.0206489563, -22.7735843658, -27.2334365845, -12.9306545258, 1.75884509087, 39.9887619019, 49.2483100891, 39.3217964172, 75.7524414063, 101.272346497, 67.6896133423], [-153.220626831, -168.119674683, -42.6837158203, -7.29453992844, -37.4996376038, -20.3126029968, -33.7346191406, -4.27407836914, 55.256362915, 46.7668495178, 21.1729564667, 67.6896133423, 137.875045776]],
        "icov": [[1.1127884388, -1.55890369415, 1.51638329029, -1.45392620564, 1.36155700684, -1.25543808937, 1.1350979805, -0.991578161716, 0.827384829521, -0.647746741772, 0.46344050765, -0.285032451153, 0.117539294064], [-1.55890369415, 2.18540859222, -2.12521576881, 2.03812456131, -1.9110366106, 1.76351213455, -1.59426319599, 1.39347243309, -1.16341888905, 0.911577045918, -0.653151154518, 0.40248426795, -0.164778187871], [1.51638329029, -2.12521576881, 2.07091283798, -1.98723137379, 1.86511194706, -1.72483253479, 1.56174278259, -1.36827230453, 1.14545047283, -0.899130761623, 0.647122621536, -0.399555325508, 0.165302827954], [-1.45392620564, 2.03812456131, -1.98723137379, 1.91697978973, -1.80196034908, 1.66926562786, -1.52033829689, 1.33542335033, -1.12199652195, 0.884177625179, -0.637776374817, 0.395892113447, -0.165762960911], [1.36155700684, -1.9110366106, 1.86511194706, -1.80196034908, 1.70689117908, -1.58588671684, 1.4504468441, -1.28122007847, 1.08102309704, -0.854251742363, 0.619690179825, -0.384856402874, 0.160994410515], [-1.25543808937, 1.76351213455, -1.72483253479, 1.66926562786, -1.58588671684, 1.49506497383, -1.37400066853, 1.21988642216, -1.03513407707, 0.821450769901, -0.596592783928, 0.371387451887, -0.154408201575], [1.1350979805, -1.59426319599, 1.56174278259, -1.52033829689, 1.4504468441, -1.37400066853, 1.28422641754, -1.14772212505, 0.982175767422, -0.784164726734, 0.57139056921, -0.356743335724, 0.150967285037], [-0.991578161716, 1.39347243309, -1.36827230453, 1.33542335033, -1.28122007847, 1.21988642216, -1.14772212505, 1.04713630676, -0.901027917862, 0.723234474659, -0.531456589699, 0.327759593725, -0.136352941394], [0.827384829521, -1.16341888905, 1.14545047283, -1.12199652195, 1.08102309704, -1.03513407707, 0.982175767422, -0.901027917862, 0.793688595295, -0.639451920986, 0.471357554197, -0.296117246151, 0.121800526977], [-0.647746741772, 0.911577045918, -0.899130761623, 0.884177625179, -0.854251742363, 0.821450769901, -0.784164726734, 0.723234474659, -0.639451920986, 0.529971241951, -0.394255936146, 0.249029293656, -0.105848021805], [0.46344050765, -0.653151154518, 0.647122621536, -0.637776374817, 0.619690179825, -0.596592783928, 0.57139056921, -0.531456589699, 0.471357554197, -0.394255936146, 0.310751438141, -0.201330110431, 0.0851161256433], [-0.285032451153, 0.40248426795, -0.399555325508, 0.395892113447, -0.384856402874, 0.371387451887, -0.356743335724, 0.327759593725, -0.296117246151, 0.249029293656, -0.201330110431, 0.150491639972, -0.064578473568], [0.117539294064, -0.164778187871, 0.165302827954, -0.165762960911, 0.160994410515, -0.154408201575, 0.150967285037, -0.136352941394, 0.121800526977, -0.105848021805, 0.0851161256433, -0.064578473568, 0.0388283394277]]
    },
    "spectral_contrast_coeffs": {
        "mean": [-0.487624019384, -0.631809532642, -0.679153323174, -0.669205129147, -0.728976130486, -0.859237074852],
        "var": [0.0169079340994, 0.00843490008265, 0.00516257388517, 0.00347918807529, 0.00310494517908, 0.00158984586596]
    },
    "spectral_contrast_valleys": {
        "mean": [-10.0132417679, -7.50707483292, -8.10607624054, -9.46911430359, -11.7437515259, -14.1510848999],
        "var": [1.11253738403, 1.40129339695, 1.10787796974, 1.14722847939, 0.667866647243, 0.284752517939]
    }
},
"metadata": {
    "audio_properties": {
        "analysis_sample_rate": 44100,
        "bit_rate": 128074,
        "equal_loudness": 0,
        "length": 45.0612258911,
        "lossless": 0,
        "replay_gain": -4.94089508057,
        "sample_rate": 44100,
        "codec": "mp3",
        "downmix": "mix",
        "md5_encoded": "33e12b077e750bfad0cc2810d5d711b0"
    },
    "tags": {
        "file_name": "1776.mp3"
    },
    "version": {
        "essentia": "2.1-beta2",
        "essentia_git_sha": "v2.1_beta2",
        "extractor": "music 1.0"
    }
},
"rhythm": {
    "beats_count": 105,
    "beats_loudness": {
        "mean": 0.0281421933323,
        "var": 0.000696697388776
    },
    "bpm": 140.238220215,
    "bpm_histogram_first_peak_bpm": {
        "mean": 140,
        "var": 0
    },
    "bpm_histogram_first_peak_spread": {
        "mean": 0.614457845688,
        "var": 0
    },
    "bpm_histogram_first_peak_weight": {
        "mean": 0.307692319155,
        "var": 0
    },
    "bpm_histogram_second_peak_bpm": {
        "mean": 148,
        "var": 0
    },
    "bpm_histogram_second_peak_spread": {
        "mean": 0.272727251053,
        "var": 0
    },
    "bpm_histogram_second_peak_weight": {
        "mean": 0.0769230797887,
        "var": 0
    },
    "danceability": 1.11008799076,
    "onset_rate": 3.32730412483,
    "beats_loudness_band_ratio": {
        "mean": [0.0828581005335, 0.443160563707, 0.370357334614, 0.183469459414, 0.0104079777375, 5.07836703036e-005],
        "var": [0.0112330792472, 0.065268650651, 0.0449687875807, 0.0140895424411, 9.89544059848e-005, 6.3498566405e-009]
    },
    "beats_position": [0.383129239082, 0.812698423862, 1.24226760864, 1.67183673382, 2.07818579674, 2.4497051239, 2.83283448219, 3.22757363319, 3.64553284645, 4.05188179016, 4.46984100342, 4.87619018555, 5.2941493988, 5.72371864319, 6.15328788757, 6.58285713196, 6.98920631409, 7.40716552734, 7.8251247406, 8.24308395386, 8.66104316711, 9.07900238037, 9.49696159363, 9.91492080688, 10.321269989, 10.7276191711, 11.1223583221, 11.5170974731, 11.9350566864, 12.3530158997, 12.7709751129, 13.177324295, 13.6068935394, 14.0364627838, 14.4544210434, 14.8839902878, 15.3251695633, 15.7663488388, 16.2075271606, 16.637096405, 17.0666656494, 17.4962348938, 17.9374141693, 18.3785934448, 18.8197727203, 19.272562027, 19.7137413025, 20.1665306091, 20.6193199158, 21.0837192535, 21.548116684, 22.0125160217, 22.4536952972, 22.8948745728, 23.3360538483, 23.7772331238, 24.2184123993, 24.6479816437, 25.0659408569, 25.4722900391, 25.8902492523, 26.3082084656, 26.7261676788, 27.1557369232, 27.5969161987, 28.0380954742, 28.4676647186, 28.8856239319, 29.3035831451, 29.7331504822, 30.1627197266, 30.5806789398, 31.0102481842, 31.4514274597, 31.8926067352, 32.3453979492, 32.7981834412, 33.239364624, 33.6805419922, 34.1101112366, 34.5512924194, 34.9808616638, 35.4104309082, 35.8283882141, 36.2579574585, 36.6875267029, 37.1054878235, 37.5234451294, 37.9646263123, 38.3825836182, 38.8005447388, 39.2185020447, 39.6480712891, 40.0776405334, 40.5072097778, 40.9367790222, 41.3663482666, 41.795917511, 42.2254867554, 42.6550559998, 43.0730133057, 43.4909744263, 43.9089317322, 44.3268928528, 44.7564620972]
},
"tonal": {
    "chords_changes_rate": 0.0565843619406,
    "chords_number_rate": 0.0154320988804,
    "chords_strength": {
        "mean": 0.422101259232,
        "var": 0.00817867554724
    },
    "hpcp_entropy": {
        "mean": 1.23284268379,
        "var": 0.537288844585
    },
    "key_strength": 0.5757843256,
    "tuning_diatonic_strength": 0.352637082338,
    "tuning_equal_tempered_deviation": 0.0420129187405,
    "tuning_frequency": 437.718536377,
    "tuning_nontempered_energy_ratio": 0.627785265446,
    "hpcp": {
        "mean": [0.131624102592, 0.0995721146464, 0.0777156129479, 0.145033419132, 0.106012992561, 0.0440533459187, 0.064233161509, 0.0474217049778, 0.112390197814, 0.233705863357, 0.144480526447, 0.0399802811444, 0.0514806322753, 0.0319146998227, 0.148576036096, 0.342109233141, 0.230475962162, 0.0796728208661, 0.0936128273606, 0.0545644871891, 0.0573288761079, 0.124317064881, 0.0919673144817, 0.0800242349505, 0.140412434936, 0.0848767608404, 0.0399999655783, 0.0568007268012, 0.0300917699933, 0.0931614711881, 0.234073385596, 0.174385935068, 0.101914852858, 0.141668841243, 0.0824438631535, 0.0655721724033],
        "var": [0.0654186233878, 0.0393314436078, 0.0185686349869, 0.078419432044, 0.0465414263308, 0.0121450722218, 0.0398658327758, 0.0181847810745, 0.0323136970401, 0.125253081322, 0.0516319386661, 0.0108725661412, 0.0337378270924, 0.0122573524714, 0.0378336980939, 0.178739964962, 0.0784529075027, 0.0226702671498, 0.0443872585893, 0.0217927899212, 0.0120958220214, 0.05543281883, 0.0329182744026, 0.0229223687202, 0.0788715556264, 0.0273760389537, 0.0094239981845, 0.0324774980545, 0.010338941589, 0.0215448271483, 0.109595417976, 0.0598600953817, 0.038943361491, 0.0883926451206, 0.0316636003554, 0.0197203718126]
    },
    "chords_histogram": [28.0864200592, 10.3909463882, 3.49794244766, 3.39506173134, 8.95061683655, 2.98353910446, 4.83539104462, 2.77777767181, 0, 6.17283964157, 0, 0, 0, 1.02880656719, 0, 0, 1.85185182095, 0.514403283596, 3.49794244766, 0, 15.123456955, 2.88065838814, 3.39506173134, 0.617283940315],
    "thpcp": [1, 0.673691153526, 0.232887074351, 0.273634314537, 0.15949434042, 0.167574763298, 0.363384127617, 0.26882442832, 0.233914285898, 0.410431593657, 0.248098418117, 0.116921618581, 0.166030973196, 0.0879595354199, 0.272314995527, 0.684206545353, 0.509737610817, 0.297901511192, 0.414104104042, 0.240986958146, 0.191670283675, 0.38474291563, 0.291053563356, 0.227166071534, 0.423938930035, 0.309880524874, 0.128769829869, 0.187756299973, 0.138615682721, 0.328521370888, 0.68313229084, 0.422322779894, 0.116864077747, 0.150480106473, 0.0932880416512, 0.434294134378],
    "chords_key": "G",
    "chords_scale": "minor",
    "key_key": "G",
    "key_scale": "minor"
}
}