{
"lowlevel": {
    "average_loudness": 0.54553771019,
    "barkbands_crest": {
        "mean": 11.6103954315,
        "var": 17.6940536499
    },
    "barkbands_flatness_db": {
        "mean": 0.344613969326,
        "var": 0.00295235682279
    },
    "barkbands_kurtosis": {
        "mean": 3.12156939507,
        "var": 56.7588233948
    },
    "barkbands_skewness": {
        "mean": 1.06848907471,
        "var": 1.04382503033
    },
    "barkbands_spread": {
        "mean": 5.29147052765,
        "var": 6.9024014473
    },
    "dissonance": {
        "mean": 0.364912956953,
        "var": 0.00445492565632
    },
    "dynamic_complexity": 6.42771339417,
    "erbbands_crest": {
        "mean": 13.0406188965,
        "var": 22.2049827576
    },
    "erbbands_flatness_db": {
        "mean": 0.377423375845,
        "var": 0.00273172743618
    },
    "erbbands_kurtosis": {
        "mean": 1.09512865543,
        "var": 15.2420787811
    },
    "erbbands_skewness": {
        "mean": 0.358906239271,
        "var": 0.781622707844
    },
    "erbbands_spread": {
        "mean": 10.6668901443,
        "var": 20.053604126
    },
    "hfc": {
        "mean": 8.44354152679,
        "var": 244.397766113
    },
    "melbands_crest": {
        "mean": 14.9594039917,
        "var": 32.1372108459
    },
    "melbands_flatness_db": {
        "mean": 0.438506126404,
        "var": 0.00329059106298
    },
    "melbands_kurtosis": {
        "mean": 3.47600007057,
        "var": 36.2021408081
    },
    "melbands_skewness": {
        "mean": 1.22241950035,
        "var": 1.02631664276
    },
    "melbands_spread": {
        "mean": 8.92119789124,
        "var": 32.4858093262
    },
    "pitch_salience": {
        "mean": 0.541623830795,
        "var": 0.0149052049965
    },
    "silence_rate_20dB": {
        "mean": 0.999485075474,
        "var": 0.00051464990247
    },
    "silence_rate_30dB": {
        "mean": 0.987641632557,
        "var": 0.0122055243701
    },
    "silence_rate_60dB": {
        "mean": 0.340885698795,
        "var": 0.224682375789
    },
    "spectral_centroid": {
        "mean": 563.799804688,
        "var": 83097.8203125
    },
    "spectral_complexity": {
        "mean": 7.99227619171,
        "var": 19.5462284088
    },
    "spectral_decrease": {
        "mean": -3.57544016616e-009,
        "var": 3.90372636884e-017
    },
    "spectral_energy": {
        "mean": 0.0142603712156,
        "var": 0.0006216186448
    },
    "spectral_energyband_high": {
        "mean": 5.29856208686e-007,
        "var": 6.91848097908e-012
    },
    "spectral_energyband_low": {
        "mean": 0.000122127501527,
        "var": 8.88911699803e-008
    },
    "spectral_energyband_middle_high": {
        "mean": 0.00294946273789,
        "var": 4.86662720505e-005
    },
    "spectral_energyband_middle_low": {
        "mean": 0.0112678101286,
        "var": 0.000480886519654
    },
    "spectral_entropy": {
        "mean": 5.67713832855,
        "var": 0.17950579524
    },
    "spectral_flux": {
        "mean": 0.0319425314665,
        "var": 0.0010072888108
    },
    "spectral_kurtosis": {
        "mean": 104.602355957,
        "var": 2369.85009766
    },
    "spectral_rms": {
        "mean": 0.00295256031677,
        "var": 5.19496234119e-006
    },
    "spectral_rolloff": {
        "mean": 802.439147949,
        "var": 240145.546875
    },
    "spectral_skewness": {
        "mean": 7.50476789474,
        "var": 5.09402894974
    },
    "spectral_spread": {
        "mean": 1080180.75,
        "var": 1.31612213248e+012
    },
    "spectral_strongpeak": {
        "mean": 1.22785174847,
        "var": 2.75845193863
    },
    "zerocrossingrate": {
        "mean": 0.0280203539878,
        "var": 0.000186536315596
    },
    "barkbands": {
        "mean": [1.61603082915e-007, 7.04966032572e-006, 6.98977819411e-005, 0.000114035217848, 0.00304789468646, 0.00171531864908, 0.000851530581713, 0.00461453804746, 0.000849771837238, 0.000846337235998, 0.0003470214142, 0.00105950492434, 0.000326500128722, 0.00018833077047, 0.000104572507553, 0.000103212303657, 9.56729581958e-006, 3.39540997629e-006, 1.06515528842e-006, 3.95320370217e-007, 1.2637160296e-007, 1.20198123454e-007, 2.10801793799e-008, 9.07171315845e-009, 1.10392006647e-008, 1.6251865631e-008, 2.99109736979e-009],
        "var": [1.48621729073e-013, 7.24258708562e-010, 3.71490855855e-008, 7.97182835299e-008, 3.53554496542e-005, 1.07950136226e-005, 3.17375952363e-006, 0.000314030970912, 7.4187937571e-006, 3.61937418347e-006, 3.75085687665e-006, 1.5351575712e-005, 7.10067183718e-007, 2.83106345478e-007, 1.13561931414e-007, 1.89613231782e-007, 7.14196812801e-010, 1.84251794377e-010, 1.61878063037e-011, 4.90989410587e-012, 3.83708716927e-013, 3.43372791138e-013, 1.2284928798e-014, 6.43176098471e-016, 9.4326581623e-017, 5.6674650246e-017, 3.925704475e-018]
    },
    "erbbands": {
        "mean": [6.56453339616e-005, 0.00342849385925, 0.0628454685211, 0.263036429882, 1.72252130508, 8.74276351929, 26.391078949, 11.1563978195, 14.4595375061, 37.362701416, 88.4283218384, 23.1097240448, 18.58826828, 26.7132377625, 17.7638397217, 37.3586807251, 24.0104370117, 6.98456954956, 9.41225814819, 6.45219707489, 3.25157046318, 0.606352746487, 0.260762453079, 0.0950494855642, 0.0406374000013, 0.0219329185784, 0.00783905107528, 0.00415891082957, 0.00503438198939, 0.00210498762317, 0.000505758274812, 0.000220249436097, 0.000153393018991, 0.00011967185128, 9.5446674095e-005, 6.56083429931e-005, 3.5521479731e-005, 1.01023024399e-005, 7.29532212063e-006, 1.62695614563e-005],
        "var": [2.57384531466e-008, 0.000140856180224, 0.0330327525735, 0.350074768066, 8.49988174438, 267.621368408, 3468.18066406, 345.012969971, 727.231628418, 16447.4550781, 100890.101563, 5113.40820313, 983.492248535, 4162.44091797, 8380.22070313, 19000.1972656, 5750.0390625, 231.371536255, 646.077453613, 345.877746582, 132.455688477, 2.67962121964, 0.71813762188, 0.0993944182992, 0.0336829312146, 0.0208076760173, 0.00226332223974, 0.000219910332817, 0.000547978212126, 0.00012047389464, 4.56738871435e-006, 6.09162441378e-007, 8.48366141781e-008, 1.47350265323e-008, 6.67948452104e-009, 1.53299628547e-009, 3.01270286496e-010, 2.07748991621e-011, 1.5347292881e-010, 8.09052047579e-010]
    },
    "gfcc": {
        "mean": [-234.464553833, 199.819091797, -122.331535339, -86.4544067383, -50.7456550598, -14.659119606, -50.9079933167, -22.2283096313, -21.6454181671, -11.2660245895, -19.3961963654, -6.84535837173, -8.85781574249],
        "cov": [[6480.34716797, 1006.82366943, -2722.22680664, -333.878387451, 461.249023438, -1176.49609375, 210.855514526, -428.646362305, 409.059661865, -343.491546631, 40.8535957336, -174.918685913, 256.833129883], [1006.82366943, 791.062866211, 137.979217529, -308.491210938, 74.4619903564, -75.3141479492, -42.9683456421, -69.6803283691, 33.7472953796, -177.307144165, -69.5786514282, -88.3823394775, 72.0306472778], [-2722.22680664, 137.979217529, 1925.73132324, 30.7924003601, -305.623962402, 603.775512695, -111.844345093, 170.222320557, -222.810516357, 48.4497566223, -88.7668228149, 0.9026440382, -118.660522461], [-333.878387451, -308.491210938, 30.7924003601, 407.05291748, 34.687374115, 50.6861534119, 46.8708343506, 11.6180381775, -48.3553695679, 64.2879104614, 12.2385129929, 62.4558563232, -39.6145858765], [461.249023438, 74.4619903564, -305.623962402, 34.687374115, 227.57510376, -14.3423662186, -23.9945144653, -33.0309448242, 32.7632751465, -17.5011367798, 6.8349776268, 13.1049594879, 30.0162029266], [-1176.49609375, -75.3141479492, 603.775512695, 50.6861534119, -14.3423662186, 440.114013672, 28.4048595428, 95.5049209595, -85.3386230469, 54.7409477234, -34.8052749634, 35.4229202271, -83.943572998], [210.855514526, -42.9683456421, -111.844345093, 46.8708343506, -23.9945144653, 28.4048595428, 189.192184448, 66.1477203369, 32.713634491, 0.76740783453, 15.8953781128, -19.9522190094, -60.6590194702], [-428.646362305, -69.6803283691, 170.222320557, 11.6180381775, -33.0309448242, 95.5049209595, 66.1477203369, 159.143737793, 18.3585319519, 15.9848556519, 3.46534013748, -9.53320121765, -69.6250610352], [409.059661865, 33.7472953796, -222.810516357, -48.3553695679, 32.7632751465, -85.3386230469, 32.713634491, 18.3585319519, 118.640815735, 21.4079799652, 13.6462669373, -21.0511722565, 11.526134491], [-343.491546631, -177.307144165, 48.4497566223, 64.2879104614, -17.5011367798, 54.7409477234, 0.76740783453, 15.9848556519, 21.4079799652, 117.962181091, 39.997341156, 16.8537693024, -9.55928421021], [40.8535957336, -69.5786514282, -88.7668228149, 12.2385129929, 6.8349776268, -34.8052749634, 15.8953781128, 3.46534013748, 13.6462669373, 39.997341156, 76.5222320557, 31.0390548706, -6.78487873077], [-174.918685913, -88.3823394775, 0.9026440382, 62.4558563232, 13.1049594879, 35.4229202271, -19.9522190094, -9.53320121765, -21.0511722565, 16.8537693024, 31.0390548706, 110.825080872, 24.8380870819], [256.833129883, 72.0306472778, -118.660522461, -39.6145858765, 30.0162029266, -83.943572998, -60.6590194702, -69.6250610352, 11.526134491, -9.55928421021, -6.78487873077, 24.8380870819, 113.431861877]],
        "icov": [[0.00272315950133, -0.00492340698838, 0.00388982216828, -0.00223385170102, 0.00202813697979, 0.000674697163049, -0.00120963517111, 0.00233503221534, -0.0016088404227, 0.000407610059483, -0.00096019305056, 0.000812412239611, 0.00096111849416], [-0.00492340698838, 0.0151230795309, -0.010750234127, 0.00781483296305, -0.00973616819829, 0.00180237786844, -0.00207562372088, 3.72532886104e-005, -0.000795479805674, 0.00557610066608, 0.00196023797616, -0.000620336213615, -0.00334534444846], [0.00388982216828, -0.010750234127, 0.0101026259363, -0.0065498072654, 0.00998224876821, -0.00456156115979, 0.00394961098209, -0.000525688636117, -0.000129172127345, -0.000903746229596, -0.00343974470161, 0.00293462048285, 0.00116089719813], [-0.00223385170102, 0.00781483296305, -0.0065498072654, 0.00953709986061, -0.00932741444558, 0.0056065544486, -0.0055805016309, 0.00091896118829, 0.00376901659183, -0.00355763034895, 0.00719001144171, -0.00536584155634, 0.00169367832132], [0.00202813697979, -0.00973616819829, 0.00998224876821, -0.00932741444558, 0.0191083867103, -0.0106027945876, 0.00997530296445, -0.00274067837745, -0.00301920156926, 0.00290290871635, -0.00848612561822, 0.00500540062785, -0.00152753456496], [0.000674697163049, 0.00180237786844, -0.00456156115979, 0.0056065544486, -0.0106027945876, 0.0142148686573, -0.00949094165117, 0.00219997763634, 0.00456635002047, -0.00806610845029, 0.0113816726953, -0.00772015424445, 0.00534167792648], [-0.00120963517111, -0.00207562372088, 0.00394961098209, -0.0055805016309, 0.00997530296445, -0.00949094165117, 0.0165107455105, -0.0065810396336, -0.00218661292456, 0.00376316532493, -0.00762568274513, 0.00487094838172, 0.000382825208362], [0.00233503221534, 3.72532886104e-005, -0.000525688636117, 0.00091896118829, -0.00274067837745, 0.00219997763634, -0.0065810396336, 0.016415098682, -0.00836671236902, 0.00515898037702, -0.000843045359943, -0.000126163853565, 0.0046321740374], [-0.0016088404227, -0.000795479805674, -0.000129172127345, 0.00376901659183, -0.00301920156926, 0.00456635002047, -0.00218661292456, -0.00836671236902, 0.0227573364973, -0.0156387332827, 0.00806060992181, -0.00324025307782, 0.000763679854572], [0.000407610059483, 0.00557610066608, -0.000903746229596, -0.00355763034895, 0.00290290871635, -0.00806610845029, 0.00376316532493, 0.00515898037702, -0.0156387332827, 0.0309597961605, -0.018486963585, 0.00957442261279, -0.00721414200962], [-0.00096019305056, 0.00196023797616, -0.00343974470161, 0.00719001144171, -0.00848612561822, 0.0113816726953, -0.00762568274513, -0.000843045359943, 0.00806060992181, -0.018486963585, 0.0328115671873, -0.0148654226214, 0.00875571370125], [0.000812412239611, -0.000620336213615, 0.00293462048285, -0.00536584155634, 0.00500540062785, -0.00772015424445, 0.00487094838172, -0.000126163853565, -0.00324025307782, 0.00957442261279, -0.0148654226214, 0.0196187142283, -0.00880890060216], [0.00096111849416, -0.00334534444846, 0.00116089719813, 0.00169367832132, -0.00152753456496, 0.00534167792648, 0.000382825208362, 0.0046321740374, 0.000763679854572, -0.00721414200962, 0.00875571370125, -0.00880890060216, 0.0197421889752]]
    },
    "melbands": {
        "mean": [1.05593267108e-006, 2.23030856432e-005, 6.78572396282e-005, 0.000296860554954, 0.000864079862367, 0.000260679691564, 0.000202604845981, 0.000637829361949, 0.000616732577328, 0.000119014417578, 9.56090807449e-005, 0.000116835006338, 4.92174913234e-005, 7.25418067304e-005, 0.000127312232507, 2.34506551351e-005, 1.20681133922e-005, 1.77242018253e-005, 7.46584510125e-006, 1.09308311949e-005, 1.92839524971e-006, 5.0679824426e-007, 4.17303056111e-007, 1.68296011793e-007, 6.08160419802e-008, 4.08942604224e-008, 1.49830974294e-008, 1.4268136006e-008, 4.40653469269e-009, 3.22498583394e-009, 2.17803464153e-009, 3.21350634991e-009, 1.82941861659e-009, 8.68307037383e-010, 2.96549618195e-010, 1.41802625198e-010, 1.13800850687e-010, 1.01069111413e-010, 9.25538048979e-011, 9.13223524579e-011],
        "var": [1.41466716813e-011, 4.39726077772e-009, 1.70942779931e-008, 2.50017450298e-007, 3.58671309186e-006, 1.83355695071e-007, 1.41172577628e-007, 5.78613435209e-006, 4.42534974354e-006, 1.47711233467e-007, 2.88252106628e-008, 8.13444174241e-008, 6.95008210982e-008, 4.50748025571e-008, 3.3874968608e-007, 5.16662579386e-009, 8.14482370437e-010, 2.56379606434e-009, 4.849297075e-010, 1.9608241697e-009, 3.01868287311e-011, 2.2974356792e-012, 2.62784260498e-012, 6.66851068722e-013, 4.57127418601e-014, 3.16447477217e-014, 4.33923416879e-015, 1.35810789427e-014, 1.06783304902e-015, 2.61569332766e-016, 5.83675448527e-017, 2.36799310061e-016, 1.11141614994e-016, 2.58672099583e-017, 1.67920394044e-018, 3.25564950813e-019, 1.58038297326e-019, 5.96503915025e-020, 1.36212251522e-020, 8.93550062924e-021]
    },
    "mfcc": {
        "mean": [-860.528381348, 228.024459839, -5.29478693008, -51.7227096558, -15.4413795471, -9.557929039, -22.7089939117, -19.7737388611, -12.8910312653, -13.2959823608, -11.4423141479, -9.65646934509, -7.65061903],
        "cov": [[4755.30615234, 1746.52941895, -2289.74682617, -362.712524414, 184.553787231, -435.444854736, -536.412109375, -73.7793121338, 37.3003234863, -116.378425598, -18.1373081207, -168.979202271, -74.1405715942], [1746.52941895, 1203.86523438, -383.124359131, -342.728363037, 13.3547811508, -120.647613525, -203.237365723, -37.2346992493, 50.2804985046, -27.5862636566, -75.5012359619, -93.4709854126, -111.449562073], [-2289.74682617, -383.124359131, 1695.68115234, 166.461242676, -228.079193115, 258.961639404, 324.156585693, 50.4674682617, 9.15104198456, 74.6629180908, -28.9507656097, 45.6898498535, -48.6782798767], [-362.712524414, -342.728363037, 166.461242676, 317.820739746, 26.2501964569, 10.623500824, 86.4755020142, 31.416841507, -29.5343570709, -2.53752708435, 36.1639595032, 17.7318553925, 25.4815120697], [184.553787231, 13.3547811508, -228.079193115, 26.2501964569, 225.32019043, 50.0163230896, -61.4390449524, -11.0753793716, -0.316877245903, -31.4914264679, -18.1130504608, -0.882048130035, 15.9089841843], [-435.444854736, -120.647613525, 258.961639404, 10.623500824, 50.0163230896, 218.978683472, 114.751144409, 7.23228216171, 17.3556747437, 8.77752494812, -5.51457309723, 10.4335012436, 8.00445747375], [-536.412109375, -203.237365723, 324.156585693, 86.4755020142, -61.4390449524, 114.751144409, 216.159500122, 100.431427002, 6.13212966919, 25.0516605377, 40.4660682678, 46.3306846619, 21.7312774658], [-73.7793121338, -37.2346992493, 50.4674682617, 31.416841507, -11.0753793716, 7.23228216171, 100.431427002, 151.266906738, 45.9981880188, -15.7467622757, 41.2316207886, 56.6029510498, 21.5072898865], [37.3003234863, 50.2804985046, 9.15104198456, -29.5343570709, -0.316877245903, 17.3556747437, 6.13212966919, 45.9981880188, 85.4290618896, 45.6285018921, 12.3989725113, 15.7579393387, -3.85821652412], [-116.378425598, -27.5862636566, 74.6629180908, -2.53752708435, -31.4914264679, 8.77752494812, 25.0516605377, -15.7467622757, 45.6285018921, 122.301612854, 46.6161079407, 2.76735568047, 1.00167870522], [-18.1373081207, -75.5012359619, -28.9507656097, 36.1639595032, -18.1130504608, -5.51457309723, 40.4660682678, 41.2316207886, 12.3989725113, 46.6161079407, 101.152702332, 64.0091247559, 25.1476345062], [-168.979202271, -93.4709854126, 45.6898498535, 17.7318553925, -0.882048130035, 10.4335012436, 46.3306846619, 56.6029510498, 15.7579393387, 2.76735568047, 64.0091247559, 109.259132385, 54.0280570984], [-74.1405715942, -111.449562073, -48.6782798767, 25.4815120697, 15.9089841843, 8.00445747375, 21.7312774658, 21.5072898865, -3.85821652412, 1.00167870522, 25.1476345062, 54.0280570984, 94.3027267456]],
        "icov": [[0.191140606999, -0.26776432991, 0.265736162663, -0.256592988968, 0.243911921978, -0.228873774409, 0.204252153635, -0.181642875075, 0.152802735567, -0.124439261854, 0.0958113670349, -0.0616181157529, 0.0302906539291], [-0.26776432991, 0.376644015312, -0.372333288193, 0.361026734114, -0.34227386117, 0.321647137403, -0.286290198565, 0.254697114229, -0.215312302113, 0.175288945436, -0.134918749332, 0.0873908922076, -0.0415703058243], [0.265736162663, -0.372333288193, 0.371513783932, -0.358825087547, 0.342833757401, -0.323291778564, 0.288016289473, -0.257962793112, 0.218858063221, -0.179586574435, 0.140448331833, -0.0912565886974, 0.045375417918], [-0.256592988968, 0.361026734114, -0.358825087547, 0.352964699268, -0.334702074528, 0.317640125751, -0.28629553318, 0.255303859711, -0.216810122132, 0.178952470422, -0.140623822808, 0.0919406488538, -0.0443529784679], [0.243911921978, -0.34227386117, 0.342833757401, -0.334702074528, 0.32830709219, -0.312001526356, 0.284119904041, -0.25511020422, 0.218132987618, -0.178875029087, 0.141027003527, -0.0920050144196, 0.0443965904415], [-0.228873774409, 0.321647137403, -0.323291778564, 0.317640125751, -0.312001526356, 0.309924811125, -0.285433322191, 0.25981426239, -0.226089254022, 0.185316756368, -0.143408954144, 0.0941162109375, -0.046566106379], [0.204252153635, -0.286290198565, 0.288016289473, -0.28629553318, 0.284119904041, -0.285433322191, 0.27963039279, -0.255300670862, 0.221622988582, -0.181965813041, 0.137626364827, -0.0894626900554, 0.0439061969519], [-0.181642875075, 0.254697114229, -0.257962793112, 0.255303859711, -0.25511020422, 0.25981426239, -0.255300670862, 0.248813346028, -0.217410758138, 0.179101869464, -0.136862978339, 0.0844269320369, -0.043542958796], [0.152802735567, -0.215312302113, 0.218858063221, -0.216810122132, 0.218132987618, -0.226089254022, 0.221622988582, -0.217410758138, 0.20961137116, -0.167575061321, 0.127663835883, -0.0840484425426, 0.0425971671939], [-0.124439261854, 0.175288945436, -0.179586574435, 0.178952470422, -0.178875029087, 0.185316756368, -0.181965813041, 0.179101869464, -0.167575061321, 0.148658111691, -0.115197449923, 0.0748931840062, -0.0368196293712], [0.0958113670349, -0.134918749332, 0.140448331833, -0.140623822808, 0.141027003527, -0.143408954144, 0.137626364827, -0.136862978339, 0.127663835883, -0.115197449923, 0.109653018415, -0.0715588629246, 0.0324556156993], [-0.0616181157529, 0.0873908922076, -0.0912565886974, 0.0919406488538, -0.0920050144196, 0.0941162109375, -0.0894626900554, 0.0844269320369, -0.0840484425426, 0.0748931840062, -0.0715588629246, 0.0630594491959, -0.0294982381165], [0.0302906539291, -0.0415703058243, 0.045375417918, -0.0443529784679, 0.0443965904415, -0.046566106379, 0.0439061969519, -0.043542958796, 0.0425971671939, -0.0368196293712, 0.0324556156993, -0.0294982381165, 0.0273514743894]]
    },
    "spectral_contrast_coeffs": {
        "mean": [-0.501775801182, -0.66813904047, -0.707682669163, -0.70679718256, -0.763442456722, -0.865476191044],
        "var": [0.0132093969733, 0.00848921947181, 0.00428466126323, 0.0043995724991, 0.00541782006621, 0.00205871183425]
    },
    "spectral_contrast_valleys": {
        "mean": [-9.98373603821, -7.39855051041, -8.26152133942, -9.72124195099, -11.9013748169, -13.9562797546],
        "var": [0.72608178854, 1.16348111629, 1.25830471516, 1.42866921425, 0.709392726421, 0.200336560607]
    }
},
"metadata": {
    "audio_properties": {
        "analysis_sample_rate": 44100,
        "bit_rate": 128074,
        "equal_loudness": 0,
        "length": 45.0612258911,
        "lossless": 0,
        "replay_gain": -3.03544044495,
        "sample_rate": 44100,
        "codec": "mp3",
        "downmix": "mix",
        "md5_encoded": "c1f528ecf4bf1ea557cd5a80e67dee78"
    },
    "tags": {
        "file_name": "1778.mp3"
    },
    "version": {
        "essentia": "2.1-beta2",
        "essentia_git_sha": "v2.1_beta2",
        "extractor": "music 1.0"
    }
},
"rhythm": {
    "beats_count": 80,
    "beats_loudness": {
        "mean": 0.0247196089476,
        "var": 0.00118221202865
    },
    "bpm": 108.199195862,
    "bpm_histogram_first_peak_bpm": {
        "mean": 108,
        "var": 0
    },
    "bpm_histogram_first_peak_spread": {
        "mean": 0.696969687939,
        "var": 0
    },
    "bpm_histogram_first_peak_weight": {
        "mean": 0.253164559603,
        "var": 0
    },
    "bpm_histogram_second_peak_bpm": {
        "mean": 103,
        "var": 0
    },
    "bpm_histogram_second_peak_spread": {
        "mean": 0.272727251053,
        "var": 0
    },
    "bpm_histogram_second_peak_weight": {
        "mean": 0.101265825331,
        "var": 0
    },
    "danceability": 1.19290697575,
    "onset_rate": 2.86148142815,
    "beats_loudness_band_ratio": {
        "mean": [0.0657142996788, 0.386330723763, 0.414630800486, 0.15968888998, 0.0223427154124, 0.000138424860779],
        "var": [0.00671872124076, 0.0488066151738, 0.0434782467782, 0.028756370768, 0.0011277947342, 8.53608810303e-008]
    },
    "beats_position": [0.580498874187, 1.13777780533, 1.69505667686, 2.2523355484, 2.7863945961, 3.32045340538, 3.86612248421, 4.42340135574, 4.96907043457, 5.50312900543, 6.03718805313, 6.57124710083, 7.10530614853, 7.65097475052, 8.19664382935, 8.73070240021, 9.26476192474, 9.79882049561, 10.3328800201, 10.866938591, 11.412607193, 11.9582767487, 12.5155553818, 13.0612239838, 13.5952835083, 14.117732048, 14.6517915726, 15.2206802368, 15.7895689011, 16.3816776276, 16.9737873077, 17.5542850494, 18.1347846985, 18.7152824402, 19.2957820892, 19.8762817383, 20.4683895111, 21.0140590668, 21.5365066528, 22.0705661774, 22.6046257019, 23.1502952576, 23.6959629059, 24.2416324615, 24.7989120483, 25.3677997589, 25.948299408, 26.5171871185, 27.0744667053, 27.6433563232, 28.2122440338, 28.7927436829, 29.3732414246, 29.9305210114, 30.4878005981, 31.0450782776, 31.6023578644, 32.1596374512, 32.7169151306, 33.2858047485, 33.8546943665, 34.4235839844, 34.9808616638, 35.5497512817, 36.118637085, 36.6643066406, 37.2099761963, 37.755645752, 38.3129234314, 38.8702049255, 39.427482605, 39.9847602844, 40.5536499023, 41.1225395203, 41.6914291382, 42.2603149414, 42.8175964355, 43.3632659912, 43.9089317322, 44.4662132263]
},
"tonal": {
    "chords_changes_rate": 0.0617283955216,
    "chords_number_rate": 0.0123456791043,
    "chords_strength": {
        "mean": 0.483199745417,
        "var": 0.00607542088255
    },
    "hpcp_entropy": {
        "mean": 1.25224208832,
        "var": 0.542759180069
    },
    "key_strength": 0.659617960453,
    "tuning_diatonic_strength": 0.459309577942,
    "tuning_equal_tempered_deviation": 0.00394092779607,
    "tuning_frequency": 439.491973877,
    "tuning_nontempered_energy_ratio": 0.596690952778,
    "hpcp": {
        "mean": [0.225821748376, 0.107688434422, 0.0480969250202, 0.0869664549828, 0.0834488943219, 0.107499465346, 0.155430093408, 0.0934464931488, 0.0298485048115, 0.0355188772082, 0.0279255881906, 0.202180638909, 0.397381901741, 0.233643010259, 0.148835584521, 0.235824227333, 0.123551741242, 0.0529628992081, 0.0880077108741, 0.0522817671299, 0.0747631564736, 0.155087381601, 0.0975237861276, 0.0199436768889, 0.0230569466949, 0.0288763660938, 0.126596495509, 0.211090490222, 0.117551080883, 0.0551215969026, 0.0711412057281, 0.0421162284911, 0.0713470056653, 0.122739210725, 0.0834657549858, 0.150806754827],
        "var": [0.118582688272, 0.0274022556841, 0.0121693899855, 0.0465843603015, 0.0447392649949, 0.0397072434425, 0.0876174345613, 0.0361561104655, 0.00669901398942, 0.0171960517764, 0.00868418999016, 0.0510237105191, 0.18564260006, 0.0729051455855, 0.0431201420724, 0.134617671371, 0.0385058186948, 0.0157066192478, 0.0573286674917, 0.018157729879, 0.0156195424497, 0.0685208886862, 0.031701631844, 0.00222724373452, 0.00489372294396, 0.0054690814577, 0.0362317711115, 0.0908472016454, 0.0308401323855, 0.0171962771565, 0.0469620451331, 0.0183667670935, 0.0205604359508, 0.0568735972047, 0.0226439740509, 0.0508040525019]
    },
    "chords_histogram": [31.1728401184, 16.7695465088, 4.83539104462, 0, 0, 0, 1.23456788063, 10.4938268661, 0, 1.74897122383, 1.13168728352, 1.64609050751, 0, 0, 0, 0, 0, 0, 0, 0, 1.74897122383, 6.17283964157, 14.5061731339, 8.53909492493],
    "thpcp": [1, 0.587955832481, 0.374540418386, 0.593444824219, 0.310914367437, 0.133279591799, 0.22146885097, 0.131565541029, 0.188139304519, 0.390272885561, 0.245415776968, 0.0501876845956, 0.0580221377313, 0.0726665332913, 0.318576395512, 0.531203091145, 0.295813888311, 0.138711899519, 0.179024770856, 0.105984263122, 0.179542660713, 0.308869659901, 0.210039138794, 0.379500806332, 0.568273842335, 0.27099481225, 0.121034510434, 0.21884855628, 0.209996715188, 0.270519286394, 0.391135305166, 0.235155388713, 0.0751128941774, 0.0893822237849, 0.0702739283442, 0.508781671524],
    "chords_key": "F#",
    "chords_scale": "minor",
    "key_key": "F#",
    "key_scale": "minor"
}
}