{
"lowlevel": {
    "average_loudness": 0.809357881546,
    "barkbands_crest": {
        "mean": 11.4702653885,
        "var": 15.1839475632
    },
    "barkbands_flatness_db": {
        "mean": 0.316235095263,
        "var": 0.00173761788756
    },
    "barkbands_kurtosis": {
        "mean": 1.22639632225,
        "var": 10.0572957993
    },
    "barkbands_skewness": {
        "mean": 0.820384442806,
        "var": 0.776695728302
    },
    "barkbands_spread": {
        "mean": 6.66289424896,
        "var": 8.57828903198
    },
    "dissonance": {
        "mean": 0.39536178112,
        "var": 0.00377121381462
    },
    "dynamic_complexity": 4.16397285461,
    "erbbands_crest": {
        "mean": 11.7371368408,
        "var": 21.4160690308
    },
    "erbbands_flatness_db": {
        "mean": 0.357162833214,
        "var": 0.00151785486378
    },
    "erbbands_kurtosis": {
        "mean": 0.205299705267,
        "var": 3.69889807701
    },
    "erbbands_skewness": {
        "mean": -0.000786428456195,
        "var": 0.45588389039
    },
    "erbbands_spread": {
        "mean": 13.0604190826,
        "var": 28.8673248291
    },
    "hfc": {
        "mean": 11.2515439987,
        "var": 376.264282227
    },
    "melbands_crest": {
        "mean": 13.7746152878,
        "var": 22.4562549591
    },
    "melbands_flatness_db": {
        "mean": 0.40892162919,
        "var": 0.0022755865939
    },
    "melbands_kurtosis": {
        "mean": 2.47706270218,
        "var": 18.9536495209
    },
    "melbands_skewness": {
        "mean": 1.18536102772,
        "var": 0.978643774986
    },
    "melbands_spread": {
        "mean": 11.1437864304,
        "var": 33.1168518066
    },
    "pitch_salience": {
        "mean": 0.562934398651,
        "var": 0.01187912561
    },
    "silence_rate_20dB": {
        "mean": 1,
        "var": 0
    },
    "silence_rate_30dB": {
        "mean": 0.978887736797,
        "var": 0.020666770637
    },
    "silence_rate_60dB": {
        "mean": 0.160659119487,
        "var": 0.134850785136
    },
    "spectral_centroid": {
        "mean": 606.880126953,
        "var": 91217.859375
    },
    "spectral_complexity": {
        "mean": 10.50669384,
        "var": 18.2159557343
    },
    "spectral_decrease": {
        "mean": -4.45156089768e-009,
        "var": 4.67030475187e-017
    },
    "spectral_energy": {
        "mean": 0.0178217161447,
        "var": 0.000755699118599
    },
    "spectral_energyband_high": {
        "mean": 7.54288919325e-007,
        "var": 1.06941842534e-011
    },
    "spectral_energyband_low": {
        "mean": 0.000262231333181,
        "var": 2.34828732459e-007
    },
    "spectral_energyband_middle_high": {
        "mean": 0.00509235681966,
        "var": 9.76385563263e-005
    },
    "spectral_energyband_middle_low": {
        "mean": 0.0125928092748,
        "var": 0.000443236029241
    },
    "spectral_entropy": {
        "mean": 5.86611652374,
        "var": 0.136664360762
    },
    "spectral_flux": {
        "mean": 0.0383000485599,
        "var": 0.00111480976921
    },
    "spectral_kurtosis": {
        "mean": 84.0206375122,
        "var": 1181.78637695
    },
    "spectral_rms": {
        "mean": 0.00354780582711,
        "var": 4.80013250126e-006
    },
    "spectral_rolloff": {
        "mean": 922.697998047,
        "var": 268193.34375
    },
    "spectral_skewness": {
        "mean": 6.48729276657,
        "var": 3.23833346367
    },
    "spectral_spread": {
        "mean": 1037345.3125,
        "var": 1.10284164301e+012
    },
    "spectral_strongpeak": {
        "mean": 1.39770698547,
        "var": 2.72045826912
    },
    "zerocrossingrate": {
        "mean": 0.0303146727383,
        "var": 0.000204162948648
    },
    "barkbands": {
        "mean": [6.83582811689e-007, 5.72595381527e-005, 0.000120731587231, 0.000550019671209, 0.00369165046141, 0.00177165050991, 0.00117122591473, 0.00402351282537, 0.00128146319184, 0.000560436514206, 0.00219474267215, 0.00119509664364, 0.000466537574539, 0.000415231275838, 0.000159231334692, 0.000117209878226, 3.49926631316e-005, 6.46461194265e-006, 2.46715649155e-006, 5.48122443433e-007, 2.97370320368e-007, 1.83163706424e-007, 6.34549266465e-008, 1.88346280794e-008, 1.98729424028e-008, 2.76565366164e-008, 4.70015049103e-009],
        "var": [1.52668914837e-012, 1.32493909177e-008, 7.93895154061e-008, 2.18768377636e-006, 2.85860423901e-005, 6.09839844401e-006, 4.04383399655e-006, 0.000313970434945, 6.10884399066e-006, 8.9103815526e-007, 4.05700302508e-005, 1.00931156339e-005, 1.57397755629e-006, 9.19567071378e-007, 1.64975546113e-007, 2.16765357663e-007, 1.3061088211e-008, 4.05136146853e-010, 2.18519619066e-010, 6.55356324764e-012, 2.91230386161e-012, 1.01424901464e-012, 2.47316517309e-013, 1.65416776278e-014, 9.23293705776e-017, 4.35542620942e-017, 4.97634793003e-018]
    },
    "erbbands": {
        "mean": [0.00041989289457, 0.0184291340411, 0.129797399044, 0.84873944521, 6.24165201187, 12.8583841324, 19.0115413666, 12.9100170135, 15.7256355286, 41.1815872192, 78.9788589478, 28.651927948, 18.7736625671, 44.7570419312, 77.097038269, 45.793132782, 29.4155006409, 15.6023416519, 16.5456295013, 8.96276283264, 4.79556369781, 1.54662358761, 0.48027458787, 0.187520653009, 0.101732194424, 0.0287380646914, 0.013425225392, 0.0107217095792, 0.00728790089488, 0.00485132075846, 0.0011135431705, 0.000481381139252, 0.000297119491734, 0.000217893815716, 0.000163373129908, 0.000107782230771, 5.91040552536e-005, 1.65510864463e-005, 9.2930476967e-006, 2.04343104997e-005],
        "var": [5.39246514109e-007, 0.00118258642033, 0.0554082654417, 3.60144114494, 134.797973633, 519.522033691, 969.669555664, 486.706268311, 574.795776367, 18575.3515625, 97874.2578125, 2830.43725586, 967.553466797, 8204.55761719, 70470.5, 12671.4443359, 5179.96435547, 889.474304199, 1194.26074219, 496.252685547, 182.933822632, 19.1272602081, 1.58051502705, 0.708552479744, 0.301212221384, 0.019214918837, 0.00641223695129, 0.00374786485918, 0.00160803261679, 0.00110567186493, 6.15997923887e-005, 1.76149460458e-005, 1.39033943469e-006, 3.30333378429e-008, 2.14373097052e-009, 7.71924246745e-010, 3.74898223576e-010, 2.86041468289e-011, 1.93152882577e-010, 1.00215924448e-009]
    },
    "gfcc": {
        "mean": [-181.164764404, 204.205123901, -130.331344604, -72.9121322632, -38.026096344, -8.806681633, -47.6459007263, -22.4747180939, -22.9986057281, -14.3310604095, -17.4492797852, -2.71298074722, -6.20283889771],
        "cov": [[3872.01757813, 532.933837891, -1505.07775879, 17.3518009186, 298.149414063, -620.927856445, 298.785095215, -112.040550232, 258.062011719, -109.551902771, -9.74120521545, -169.771331787, 8.88720321655], [532.933837891, 462.682983398, 229.40524292, -40.50756073, 77.1779708862, -9.51787853241, 19.4598274231, 4.97575950623, 3.32428693771, -105.909042358, -59.4552841187, -86.9317016602, -17.8475341797], [-1505.07775879, 229.40524292, 1281.25085449, 64.8921813965, -156.818008423, 347.908874512, -98.9265289307, 55.6757965088, -151.33694458, -57.0121269226, -66.4018173218, -4.98881387711, -53.312210083], [17.3518009186, -40.50756073, 64.8921813965, 325.884246826, 89.8143997192, 32.6059799194, 70.8119125366, 7.99391126633, -3.04579329491, 33.0441093445, -1.27597439289, -6.08458852768, -48.2205886841], [298.149414063, 77.1779708862, -156.818008423, 89.8143997192, 245.71295166, 45.5426712036, 5.40515613556, -5.7944316864, 25.9596843719, 6.02793073654, 2.80452203751, -21.6821365356, -17.682723999], [-620.927856445, -9.51787853241, 347.908874512, 32.6059799194, 45.5426712036, 289.621459961, -0.993116259575, 15.9910326004, -50.9647979736, 21.7967681885, -19.2225322723, 20.8601150513, -28.7426052094], [298.785095215, 19.4598274231, -98.9265289307, 70.8119125366, 5.40515613556, -0.993116259575, 173.830490112, 50.5778427124, 25.7736911774, 0.946583926678, 9.98763942719, -25.6144371033, -34.4296798706], [-112.040550232, 4.97575950623, 55.6757965088, 7.99391126633, -5.7944316864, 15.9910326004, 50.5778427124, 128.845352173, 33.1375541687, 3.54975271225, 12.236371994, -9.31900024414, -38.0036048889], [258.062011719, 3.32428693771, -151.33694458, -3.04579329491, 25.9596843719, -50.9647979736, 25.7736911774, 33.1375541687, 113.297058105, 36.1553726196, -7.2945728302, -19.1429595947, 1.21905767918], [-109.551902771, -105.909042358, -57.0121269226, 33.0441093445, 6.02793073654, 21.7967681885, 0.946583926678, 3.54975271225, 36.1553726196, 98.3313369751, 32.878326416, 7.43997430801, -0.287933826447], [-9.74120521545, -59.4552841187, -66.4018173218, -1.27597439289, 2.80452203751, -19.2225322723, 9.98763942719, 12.236371994, -7.2945728302, 32.878326416, 85.8352584839, 44.1617469788, -17.1972751617], [-169.771331787, -86.9317016602, -4.98881387711, -6.08458852768, -21.6821365356, 20.8601150513, -25.6144371033, -9.31900024414, -19.1429595947, 7.43997430801, 44.1617469788, 103.444946289, 27.9313182831], [8.88720321655, -17.8475341797, -53.312210083, -48.2205886841, -17.682723999, -28.7426052094, -34.4296798706, -38.0036048889, 1.21905767918, -0.287933826447, -17.1972751617, 27.9313182831, 92.8900909424]],
        "icov": [[0.00385178113356, -0.00817980710417, 0.00621274020523, -0.00324717047624, 0.00353505928069, -0.000383740582038, -0.00113145250361, 0.00284470128827, -0.0023799224291, 0.00135137047619, -0.00162296066992, 0.000264335394604, 0.000893994874787], [-0.00817980710417, 0.0249048378319, -0.0176185984164, 0.0107582099736, -0.0145261138678, 0.00600327271968, -0.00252552563325, -0.00291346688755, 0.00217429269105, 0.00127755873837, 0.00420531351119, 0.00108292768709, -0.00156669924036], [0.00621274020523, -0.0176185984164, 0.0155004523695, -0.00984844751656, 0.0134363826364, -0.00823804456741, 0.00443397043273, 0.00116094318219, -0.0023902724497, 0.00375328655355, -0.00580848939717, 0.00300726550631, -5.3857434068e-006], [-0.00324717047624, 0.0107582099736, -0.00984844751656, 0.011831828393, -0.0120497094467, 0.00850554089993, -0.00691193621606, 0.000473113817861, 0.0040882169269, -0.00710088666528, 0.00973276048899, -0.0060479757376, 0.00438196957111], [0.00353505928069, -0.0145261138678, 0.0134363826364, -0.0120497094467, 0.0204778127372, -0.0136909242719, 0.00935853272676, -0.000847690971568, -0.00435609929264, 0.00672767031938, -0.0114634055644, 0.00727401953191, -0.00312058138661], [-0.000383740582038, 0.00600327271968, -0.00823804456741, 0.00850554089993, -0.0136909242719, 0.0178173780441, -0.0100774969906, 0.00244606798515, 0.00510432664305, -0.0105590457097, 0.0143429087475, -0.0104614375159, 0.00675126025453], [-0.00113145250361, -0.00252552563325, 0.00443397043273, -0.00691193621606, 0.00935853272676, -0.0100774969906, 0.0158619899303, -0.00643282011151, -0.00102584331762, 0.00530136749148, -0.00841551832855, 0.00704348087311, -0.00315565196797], [0.00284470128827, -0.00291346688755, 0.00116094318219, 0.000473113817861, -0.000847690971568, 0.00244606798515, -0.00643282011151, 0.0154554881155, -0.0079466290772, 0.00338551332243, -0.00258686114103, -0.000353363400791, 0.00435647089034], [-0.0023799224291, 0.00217429269105, -0.0023902724497, 0.0040882169269, -0.00435609929264, 0.00510432664305, -0.00102584331762, -0.0079466290772, 0.0217588897794, -0.0156861338764, 0.0135272908956, -0.00617192825302, 0.00254071014933], [0.00135137047619, 0.00127755873837, 0.00375328655355, -0.00710088666528, 0.00672767031938, -0.0105590457097, 0.00530136749148, 0.00338551332243, -0.0156861338764, 0.0315618179739, -0.0226881597191, 0.0150098651648, -0.00846243370324], [-0.00162296066992, 0.00420531351119, -0.00580848939717, 0.00973276048899, -0.0114634055644, 0.0143429087475, -0.00841551832855, -0.00258686114103, 0.0135272908956, -0.0226881597191, 0.0397859551013, -0.0233196336776, 0.0148903252557], [0.000264335394604, 0.00108292768709, 0.00300726550631, -0.0060479757376, 0.00727401953191, -0.0104614375159, 0.00704348087311, -0.000353363400791, -0.00617192825302, 0.0150098651648, -0.0233196336776, 0.0274031087756, -0.0130467815325], [0.000893994874787, -0.00156669924036, -5.3857434068e-006, 0.00438196957111, -0.00312058138661, 0.00675126025453, -0.00315565196797, 0.00435647089034, 0.00254071014933, -0.00846243370324, 0.0148903252557, -0.0130467815325, 0.0213784053922]]
    },
    "melbands": {
        "mean": [9.19369267649e-006, 5.12097649334e-005, 0.000303379696561, 0.000674145645462, 0.000671250745654, 0.000306065805489, 0.00023140248959, 0.00063205807237, 0.000576026213821, 0.000160928146215, 8.83813627297e-005, 0.00016354204854, 0.000259170308709, 0.000134763758979, 0.000121317723824, 4.84193442389e-005, 2.84287962131e-005, 3.34091892e-005, 1.32342984216e-005, 1.16352011901e-005, 4.0338090912e-006, 1.86494514764e-006, 5.39063194083e-007, 3.64462209745e-007, 1.21841168266e-007, 1.03376493144e-007, 3.33464136304e-008, 1.41153515543e-008, 8.40253733259e-009, 5.9612572656e-009, 6.39352171206e-009, 3.92543286765e-009, 3.54597062824e-009, 2.38903696825e-009, 5.66199920282e-010, 3.24519300321e-010, 2.6137464415e-010, 1.98285929343e-010, 1.78331682754e-010, 1.68918823373e-010],
        "var": [3.35016098196e-010, 8.49558379201e-009, 5.21086633398e-007, 1.03625689007e-006, 1.21599885006e-006, 2.30275318813e-007, 1.34897504722e-007, 6.16471197645e-006, 4.27698569183e-006, 9.07394763772e-008, 2.48609293152e-008, 1.00806175851e-007, 6.21438118742e-007, 1.41751115734e-007, 1.93806997117e-007, 2.74344209572e-008, 3.6452572072e-009, 5.73752201305e-009, 1.10737452541e-009, 2.26375029833e-009, 8.98376650849e-011, 3.69741008643e-011, 2.19849789415e-012, 1.62579942998e-012, 4.3722691483e-013, 3.40061204022e-013, 2.88281971537e-014, 5.37850505507e-015, 3.2148800935e-015, 7.8599278846e-016, 1.68001128857e-015, 5.0388211263e-016, 4.40293946381e-016, 3.74887120985e-016, 1.98805680299e-017, 8.37543613985e-018, 6.16850254913e-018, 8.55154878593e-019, 1.042031794e-019, 6.53917172327e-021]
    },
    "mfcc": {
        "mean": [-821.455566406, 246.816146851, -19.504989624, -46.7890052795, 0.867570519447, -1.85792958736, -16.9940128326, -11.879570961, -10.7051343918, -17.3949642181, -13.9819555283, -8.25799655914, -4.70860099792],
        "cov": [[3206.8215332, 736.523010254, -1589.93017578, 209.039138794, 17.7455558777, -317.590179443, -186.250595093, 23.609041214, 63.0948867798, 65.7476196289, 153.201019287, -78.9640960693, 32.1549186707], [736.523010254, 628.062805176, -26.2721710205, -64.049118042, 63.8424263, -70.7924728394, -44.3453521729, 54.2049484253, 54.7729492188, 23.0587081909, -10.5115280151, -25.6786289215, -48.3791847229], [-1589.93017578, -26.2721710205, 1280.61975098, -9.88868331909, -45.5520896912, 198.668411255, 153.610015869, 56.1635665894, 18.8688926697, -9.81715106964, -83.510559082, 28.9250545502, -58.6654090881], [209.039138794, -64.049118042, -9.88868331909, 284.798126221, 33.5326004028, 2.25048732758, 65.142791748, 31.3486652374, -1.23624455929, 29.6713218689, 71.9856872559, 8.97236156464, 10.4150686264], [17.7455558777, 63.8424263, -45.5520896912, 33.5326004028, 227.982192993, 85.4043884277, 4.84183835983, 9.50728225708, 4.76499557495, 5.65560483932, 15.1073112488, 26.2089290619, -5.25380706787], [-317.590179443, -70.7924728394, 198.668411255, 2.25048732758, 85.4043884277, 228.032241821, 85.3809509277, -14.7428379059, 20.221157074, -0.642799675465, -14.1424474716, 18.5736808777, 4.32661294937], [-186.250595093, -44.3453521729, 153.610015869, 65.142791748, 4.84183835983, 85.3809509277, 159.085571289, 66.4348449707, -14.9655542374, 13.5159473419, 29.5641670227, 25.2504463196, 7.768430233], [23.609041214, 54.2049484253, 56.1635665894, 31.3486652374, 9.50728225708, -14.7428379059, 66.4348449707, 129.173950195, 30.8506774902, -14.5173435211, 30.4773197174, 34.3705329895, 10.9694643021], [63.0948867798, 54.7729492188, 18.8688926697, -1.23624455929, 4.76499557495, 20.221157074, -14.9655542374, 30.8506774902, 109.218460083, 56.619594574, -6.73771953583, 3.18668723106, 8.36965847015], [65.7476196289, 23.0587081909, -9.81715106964, 29.6713218689, 5.65560483932, -0.642799675465, 13.5159473419, -14.5173435211, 56.619594574, 150.455963135, 59.5656089783, -15.1331129074, 6.73528051376], [153.201019287, -10.5115280151, -83.510559082, 71.9856872559, 15.1073112488, -14.1424474716, 29.5641670227, 30.4773197174, -6.73771953583, 59.5656089783, 119.422416687, 40.9935493469, 12.7733221054], [-78.9640960693, -25.6786289215, 28.9250545502, 8.97236156464, 26.2089290619, 18.5736808777, 25.2504463196, 34.3705329895, 3.18668723106, -15.1331129074, 40.9935493469, 96.5426940918, 48.8511390686], [32.1549186707, -48.3791847229, -58.6654090881, 10.4150686264, -5.25380706787, 4.32661294937, 7.768430233, 10.9694643021, 8.36965847015, 6.73528051376, 12.7733221054, 48.8511390686, 88.0380630493]],
        "icov": [[0.105633057654, -0.146697714925, 0.146376445889, -0.142590135336, 0.135028377175, -0.130265682936, 0.122355513275, -0.112712420523, 0.0973732024431, -0.080273412168, 0.062988139689, -0.0411177389324, 0.0234813503921], [-0.146697714925, 0.205877348781, -0.203456029296, 0.198847278953, -0.188877701759, 0.182464018464, -0.170507997274, 0.156424075365, -0.136971220374, 0.112080536783, -0.0881695449352, 0.0580762550235, -0.03205499053], [0.146376445889, -0.203456029296, 0.204820543528, -0.199192509055, 0.189956486225, -0.185005843639, 0.173608422279, -0.162179037929, 0.141319260001, -0.117834962904, 0.0944299027324, -0.0627378970385, 0.0367910563946], [-0.142590135336, 0.198847278953, -0.199192509055, 0.199996829033, -0.18756069243, 0.183876007795, -0.176177591085, 0.163093522191, -0.14421762526, 0.120308175683, -0.098485969007, 0.065326564014, -0.0375017486513], [0.135028377175, -0.188877701759, 0.189956486225, -0.18756069243, 0.18530805409, -0.180930137634, 0.172165617347, -0.161471828818, 0.143569201231, -0.120127476752, 0.0964694470167, -0.066602781415, 0.0390376746655], [-0.130265682936, 0.182464018464, -0.185005843639, 0.183876007795, -0.180930137634, 0.188376680017, -0.180959627032, 0.171799436212, -0.154678553343, 0.129101186991, -0.103474549949, 0.0696374848485, -0.041480306536], [0.122355513275, -0.170507997274, 0.173608422279, -0.176177591085, 0.172165617347, -0.180959627032, 0.187732577324, -0.175935178995, 0.158928781748, -0.133556336164, 0.106685593724, -0.0722282156348, 0.0423725508153], [-0.112712420523, 0.156424075365, -0.162179037929, 0.163093522191, -0.161471828818, 0.171799436212, -0.175935178995, 0.179799050093, -0.159073591232, 0.135711312294, -0.111525788903, 0.0718539208174, -0.0441452860832], [0.0973732024431, -0.136971220374, 0.141319260001, -0.14421762526, 0.143569201231, -0.154678553343, 0.158928781748, -0.159073591232, 0.158396780491, -0.13147726655, 0.108693785965, -0.0732383430004, 0.0422323457897], [-0.080273412168, 0.112080536783, -0.117834962904, 0.120308175683, -0.120127476752, 0.129101186991, -0.133556336164, 0.135711312294, -0.13147726655, 0.121504567564, -0.10070040077, 0.0697448849678, -0.0413678474724], [0.062988139689, -0.0881695449352, 0.0944299027324, -0.098485969007, 0.0964694470167, -0.103474549949, 0.106685593724, -0.111525788903, 0.108693785965, -0.10070040077, 0.0976211875677, -0.0656410977244, 0.0380732342601], [-0.0411177389324, 0.0580762550235, -0.0627378970385, 0.065326564014, -0.066602781415, 0.0696374848485, -0.0722282156348, 0.0718539208174, -0.0732383430004, 0.0697448849678, -0.0656410977244, 0.0623428970575, -0.0360214151442], [0.0234813503921, -0.03205499053, 0.0367910563946, -0.0375017486513, 0.0390376746655, -0.041480306536, 0.0423725508153, -0.0441452860832, 0.0422323457897, -0.0413678474724, 0.0380732342601, -0.0360214151442, 0.0338635034859]]
    },
    "spectral_contrast_coeffs": {
        "mean": [-0.511890351772, -0.667561471462, -0.701313197613, -0.695746898651, -0.738455653191, -0.850558400154],
        "var": [0.0092630488798, 0.00721766287461, 0.00508647318929, 0.00409340998158, 0.00420827139169, 0.00174710538704]
    },
    "spectral_contrast_valleys": {
        "mean": [-9.12836742401, -7.16078138351, -7.75811767578, -9.01252651215, -11.2959108353, -13.5829734802],
        "var": [0.763123750687, 0.855208039284, 0.828632414341, 0.927847862244, 0.580005526543, 0.153823599219]
    }
},
"metadata": {
    "audio_properties": {
        "analysis_sample_rate": 44100,
        "bit_rate": 128074,
        "equal_loudness": 0,
        "length": 45.0612258911,
        "lossless": 0,
        "replay_gain": -3.12148284912,
        "sample_rate": 44100,
        "codec": "mp3",
        "downmix": "mix",
        "md5_encoded": "8368b0d75a93d5d64ac4efde44b6a8b6"
    },
    "tags": {
        "file_name": "1779.mp3"
    },
    "version": {
        "essentia": "2.1-beta2",
        "essentia_git_sha": "v2.1_beta2",
        "extractor": "music 1.0"
    }
},
"rhythm": {
    "beats_count": 108,
    "beats_loudness": {
        "mean": 0.0319295674562,
        "var": 0.0016742607113
    },
    "bpm": 144.139877319,
    "bpm_histogram_first_peak_bpm": {
        "mean": 144,
        "var": 0
    },
    "bpm_histogram_first_peak_spread": {
        "mean": 0.557377040386,
        "var": 0
    },
    "bpm_histogram_first_peak_weight": {
        "mean": 0.252336442471,
        "var": 0
    },
    "bpm_histogram_second_peak_bpm": {
        "mean": 152,
        "var": 0
    },
    "bpm_histogram_second_peak_spread": {
        "mean": 0,
        "var": 0
    },
    "bpm_histogram_second_peak_weight": {
        "mean": 0.15887850523,
        "var": 0
    },
    "danceability": 1.27857196331,
    "onset_rate": 2.90584564209,
    "beats_loudness_band_ratio": {
        "mean": [0.108806453645, 0.365803450346, 0.319823145866, 0.237303599715, 0.0361400395632, 0.000177568625077],
        "var": [0.0269949864596, 0.0540042892098, 0.0340105891228, 0.0355238541961, 0.00206678081304, 1.97607491259e-007]
    },
    "beats_position": [0.429569154978, 0.870748281479, 1.30031740665, 1.74149656296, 2.18267560005, 2.62385487556, 3.06503391266, 3.51782298088, 3.94739222527, 4.3653512001, 4.78331041336, 5.20126962662, 5.630838871, 6.06040811539, 6.47836732864, 6.8963265419, 7.31428575516, 7.75546455383, 8.19664382935, 8.64943313599, 9.10222244263, 9.56662082672, 10.0310201645, 10.47219944, 10.9133787155, 11.354557991, 11.7841272354, 12.2136955261, 12.6548748016, 13.1076641083, 13.5372333527, 13.9551925659, 14.3731517792, 14.8027210236, 15.2322902679, 15.6734695435, 16.0914287567, 16.50938797, 16.9389572144, 17.3685264587, 17.786485672, 18.2044448853, 18.6224040985, 19.0403633118, 19.458322525, 19.8762817383, 20.2942390442, 20.7238082886, 21.1417675018, 21.548116684, 21.9544658661, 22.3608150482, 22.7671642303, 23.1619052887, 23.5682544708, 23.9629936218, 24.369342804, 24.7756919861, 25.1820411682, 25.5883903503, 25.9831295013, 26.3778686523, 26.7726078033, 27.1557369232, 27.5388660431, 27.9336051941, 28.3283443451, 28.7230834961, 29.1178226471, 29.5125617981, 29.9073009491, 30.2788200378, 30.6503391266, 31.0102481842, 31.3701572418, 31.7416782379, 32.1364173889, 32.5311546326, 32.9142837524, 33.2974128723, 33.6921539307, 34.0985031128, 34.5048522949, 34.8879814148, 35.2827186584, 35.6542396545, 36.0605888367, 36.4669380188, 36.8732872009, 37.2912483215, 37.6975975037, 38.1039466858, 38.5219039917, 38.9282531738, 39.334602356, 39.7293434143, 40.124080658, 40.5420417786, 40.9599990845, 41.3779602051, 41.795917511, 42.2022666931, 42.6086158752, 43.0149650574, 43.432926178, 43.8624954224, 44.2804527283, 44.6984100342]
},
"tonal": {
    "chords_changes_rate": 0.0545267499983,
    "chords_number_rate": 0.0102880662307,
    "chords_strength": {
        "mean": 0.436506181955,
        "var": 0.00643233722076
    },
    "hpcp_entropy": {
        "mean": 1.45092260838,
        "var": 0.509695410728
    },
    "key_strength": 0.695428729057,
    "tuning_diatonic_strength": 0.477190464735,
    "tuning_equal_tempered_deviation": 0.0288171693683,
    "tuning_frequency": 439.745910645,
    "tuning_nontempered_energy_ratio": 0.605445504189,
    "hpcp": {
        "mean": [0.024940893054, 0.0227824430913, 0.140423506498, 0.255975037813, 0.151316210628, 0.0926513820887, 0.14432451129, 0.0897345095873, 0.087972022593, 0.131998196244, 0.0730087384582, 0.169158384204, 0.308562874794, 0.166511997581, 0.0274589974433, 0.022554192692, 0.0260488595814, 0.202433496714, 0.333528250456, 0.159116506577, 0.0391646288335, 0.0629339665174, 0.0435181073844, 0.0511733181775, 0.0843498334289, 0.0666094124317, 0.160040438175, 0.230278581381, 0.112744711339, 0.0521818473935, 0.0560219809413, 0.0572297200561, 0.241187378764, 0.334244132042, 0.140498265624, 0.027542123571],
        "var": [0.00859925616533, 0.00380882085301, 0.0346540138125, 0.109347224236, 0.0443335436285, 0.0271859019995, 0.0786815658212, 0.0312617272139, 0.0240789055824, 0.0692420452833, 0.0198634918779, 0.0410463437438, 0.142446249723, 0.047666169703, 0.00291610416025, 0.00339506776072, 0.00494501413777, 0.0605730339885, 0.163346856833, 0.0387693718076, 0.00842340569943, 0.0324893631041, 0.0145107842982, 0.0115853957832, 0.0352222472429, 0.0142442034557, 0.0562573485076, 0.117562048137, 0.0297689493746, 0.0238037388772, 0.035150423646, 0.0162257030606, 0.0694795623422, 0.124281927943, 0.0272448882461, 0.00575154367834]
    },
    "chords_histogram": [10.9053497314, 0.102880656719, 15.7407407761, 0, 6.48148155212, 0, 0, 0, 0, 0, 0, 0, 0, 0, 0, 1.95473253727, 0, 5.04115247726, 0.720164597034, 16.7695465088, 2.26337456703, 17.1810703278, 20.1646099091, 2.67489719391],
    "thpcp": [1, 0.420346230268, 0.0824012160301, 0.074618794024, 0.068161085248, 0.420122563839, 0.765832543373, 0.452711641788, 0.277196735144, 0.431793689728, 0.268469959497, 0.263196915388, 0.394915521145, 0.218429386616, 0.506092309952, 0.923166155815, 0.498174786568, 0.0821525156498, 0.0674782022834, 0.0779336318374, 0.605645596981, 0.997858226299, 0.476048767567, 0.117173723876, 0.188287422061, 0.130198568106, 0.153101623058, 0.252359956503, 0.199283719063, 0.478813022375, 0.688953280449, 0.337312459946, 0.156118959188, 0.167607977986, 0.171221315861, 0.721590459347],
    "chords_key": "F#",
    "chords_scale": "major",
    "key_key": "C#",
    "key_scale": "major"
}
}