{
"lowlevel": {
    "average_loudness": 0.11778152734,
    "barkbands_crest": {
        "mean": 12.7897701263,
        "var": 17.5564308167
    },
    "barkbands_flatness_db": {
        "mean": 0.305399984121,
        "var": 0.0101667596027
    },
    "barkbands_kurtosis": {
        "mean": 6.18026685715,
        "var": 43.233341217
    },
    "barkbands_skewness": {
        "mean": 1.5651935339,
        "var": 1.25918161869
    },
    "barkbands_spread": {
        "mean": 6.41244983673,
        "var": 24.2775058746
    },
    "dissonance": {
        "mean": 0.399282157421,
        "var": 0.00305601698346
    },
    "dynamic_complexity": 4.58136034012,
    "erbbands_crest": {
        "mean": 13.5621194839,
        "var": 47.1332015991
    },
    "erbbands_flatness_db": {
        "mean": 0.302903473377,
        "var": 0.0060536628589
    },
    "erbbands_kurtosis": {
        "mean": 2.95110034943,
        "var": 45.4243736267
    },
    "erbbands_skewness": {
        "mean": 0.728512942791,
        "var": 0.744160354137
    },
    "erbbands_spread": {
        "mean": 16.0580234528,
        "var": 88.5442352295
    },
    "hfc": {
        "mean": 11.3064775467,
        "var": 658.983093262
    },
    "melbands_crest": {
        "mean": 17.0483493805,
        "var": 28.1224937439
    },
    "melbands_flatness_db": {
        "mean": 0.393236249685,
        "var": 0.0165435429662
    },
    "melbands_kurtosis": {
        "mean": 8.31164932251,
        "var": 96.9754943848
    },
    "melbands_skewness": {
        "mean": 1.84445035458,
        "var": 2.01378536224
    },
    "melbands_spread": {
        "mean": 9.54322338104,
        "var": 72.0236282349
    },
    "pitch_salience": {
        "mean": 0.482702404261,
        "var": 0.0141936810687
    },
    "silence_rate_20dB": {
        "mean": 1,
        "var": 0
    },
    "silence_rate_30dB": {
        "mean": 0.983007192612,
        "var": 0.0167043600231
    },
    "silence_rate_60dB": {
        "mean": 0.163233786821,
        "var": 0.136587247252
    },
    "spectral_centroid": {
        "mean": 546.132507324,
        "var": 150644.890625
    },
    "spectral_complexity": {
        "mean": 8.39031887054,
        "var": 10.3451032639
    },
    "spectral_decrease": {
        "mean": -3.85410681147e-009,
        "var": 2.68815087516e-017
    },
    "spectral_energy": {
        "mean": 0.0155718289316,
        "var": 0.000476846151287
    },
    "spectral_energyband_high": {
        "mean": 8.40715874801e-005,
        "var": 5.92069540062e-008
    },
    "spectral_energyband_low": {
        "mean": 0.00203272490762,
        "var": 4.6485574785e-006
    },
    "spectral_energyband_middle_high": {
        "mean": 0.00615330412984,
        "var": 0.000381471472792
    },
    "spectral_energyband_middle_low": {
        "mean": 0.0088212043047,
        "var": 5.09113888256e-005
    },
    "spectral_entropy": {
        "mean": 6.10155248642,
        "var": 0.457949817181
    },
    "spectral_flux": {
        "mean": 0.0386808998883,
        "var": 0.000748304068111
    },
    "spectral_kurtosis": {
        "mean": 68.140625,
        "var": 10497.3720703
    },
    "spectral_rms": {
        "mean": 0.00338130677119,
        "var": 3.75879881176e-006
    },
    "spectral_rolloff": {
        "mean": 651.850891113,
        "var": 369094.15625
    },
    "spectral_skewness": {
        "mean": 5.04737949371,
        "var": 15.9558553696
    },
    "spectral_spread": {
        "mean": 2537831.5,
        "var": 4.66627906765e+012
    },
    "spectral_strongpeak": {
        "mean": 1.54393708706,
        "var": 8.26564407349
    },
    "zerocrossingrate": {
        "mean": 0.0266560837626,
        "var": 0.000367117783753
    },
    "barkbands": {
        "mean": [7.16583997473e-007, 8.10701458249e-005, 0.000596113328356, 0.0022430527024, 0.00218602479436, 0.00172644807026, 0.000711833243258, 0.000351310212864, 0.00129064929206, 0.000595682009589, 0.000145348138176, 0.00489138811827, 0.000191938132048, 0.000195490327314, 3.60873818863e-005, 4.7123470722e-005, 0.000119993572298, 1.5902603991e-005, 5.35275612492e-005, 1.08410304165e-005, 3.33070165652e-005, 3.61751358469e-006, 4.72461806567e-006, 3.97928715756e-006, 2.82093660644e-005, 7.08629977453e-006, 3.66941065977e-007],
        "var": [2.93204501477e-012, 7.64874474868e-009, 4.87073862132e-007, 5.35168464921e-006, 1.01275027191e-005, 5.52913752472e-006, 1.79244693754e-006, 4.61196066226e-007, 1.31573569888e-005, 5.43725809621e-006, 6.21748768026e-008, 0.000360177305993, 7.90203216638e-007, 3.26112711946e-007, 1.01072163972e-008, 3.05838980807e-008, 2.13026552842e-007, 1.66055980078e-009, 3.87885528141e-008, 9.81604464378e-010, 1.83393229491e-008, 8.03687949524e-011, 1.89149571006e-010, 1.28793295473e-010, 5.59479662599e-009, 4.88796891851e-010, 2.05153797596e-012]
    },
    "erbbands": {
        "mean": [0.00150378479157, 0.0269887205213, 0.429691135883, 5.12954139709, 7.87670326233, 5.84178829193, 11.5390987396, 12.8785848618, 11.1536216736, 7.27383136749, 9.32819652557, 18.6233482361, 39.0310516357, 11.5763597488, 22.4464225769, 248.904312134, 25.3255958557, 13.2657461166, 3.42348861694, 1.36855340004, 5.85788297653, 4.29714870453, 0.934666931629, 1.14955365658, 3.37724494934, 0.598288416862, 1.30350089073, 0.728049755096, 0.16235794127, 0.10534466058, 0.156995847821, 0.0831480100751, 0.078647993505, 0.218290999532, 0.252128779888, 0.0465240776539, 0.012032981962, 0.00162021780852, 5.23763737874e-005, 1.97314238903e-005],
        "var": [2.13444059227e-006, 0.000636822253, 0.222675815225, 27.6023216248, 109.074012756, 81.8088760376, 400.878967285, 320.470489502, 367.340148926, 244.333969116, 286.942596436, 1533.0690918, 14570.4892578, 935.61114502, 4643.10058594, 953929.6875, 6622.67724609, 1522.9465332, 82.1127853394, 7.88561916351, 257.565063477, 239.667480469, 3.96061968803, 16.5017032623, 156.234466553, 2.37965321541, 25.666349411, 7.86106824875, 0.170047193766, 0.0657121539116, 0.270583331585, 0.0454286783934, 0.056182090193, 0.332116961479, 0.453624248505, 0.0198701824993, 0.00127682415769, 2.87745569949e-005, 2.83284027347e-008, 9.25659715545e-010]
    },
    "gfcc": {
        "mean": [-165.071640015, 186.151931763, -106.770133972, -17.7990875244, -47.1362915039, -10.6939945221, -35.6346321106, -13.0411453247, -34.9569129944, -13.6711797714, -14.8637981415, -12.8768596649, -7.66776847839],
        "cov": [[15337.7021484, -7974.40234375, -2480.97265625, 1919.92736816, -1956.21252441, 1700.9041748, -904.985046387, 822.285339355, -1689.80822754, 1041.67333984, -682.282714844, 336.005645752, -331.606689453], [-7974.40234375, 5340.98193359, 1022.23760986, -1325.16625977, 1251.63256836, -1116.80456543, 648.911743164, -556.268798828, 1053.01428223, -674.454589844, 409.880737305, -300.072967529, 187.296051025], [-2480.97265625, 1022.23760986, 1271.17041016, -504.123168945, 145.177749634, 0.719090223312, -5.80386829376, 21.0848312378, 170.12562561, -167.379669189, 20.4142684937, 0.362079143524, 71.0517272949], [1919.92736816, -1325.16625977, -504.123168945, 844.571228027, -289.11050415, 166.118988037, -81.9376678467, 58.3635292053, -198.514831543, 165.847167969, -72.2422637939, 43.2659111023, -24.0718841553], [-1956.21252441, 1251.63256836, 145.177749634, -289.11050415, 726.09765625, -266.137542725, 195.695648193, -95.0382919312, 213.401382446, -217.34085083, 83.7130584717, -31.0990810394, -29.381526947], [1700.9041748, -1116.80456543, 0.719090223312, 166.118988037, -266.137542725, 467.774505615, -144.714950562, 157.125869751, -226.828063965, 142.241729736, -92.3340759277, 66.5710906982, -38.7897453308], [-904.985046387, 648.911743164, -5.80386829376, -81.9376678467, 195.695648193, -144.714950562, 290.017547607, -76.8620910645, 92.5863037109, -91.380279541, 50.2325668335, -29.851020813, -1.96417272091], [822.285339355, -556.268798828, 21.0848312378, 58.3635292053, -95.0382919312, 157.125869751, -76.8620910645, 271.194152832, -58.1832237244, 47.7506637573, -108.079719543, -10.0583848953, -28.7910938263], [-1689.80822754, 1053.01428223, 170.12562561, -198.514831543, 213.401382446, -226.828063965, 92.5863037109, -58.1832237244, 372.620422363, -114.173927307, 34.1996803284, -88.6072845459, 38.8127670288], [1041.67333984, -674.454589844, -167.379669189, 165.847167969, -217.34085083, 142.241729736, -91.380279541, 47.7506637573, -114.173927307, 240.503921509, 18.4773750305, 20.8599510193, -18.9044876099], [-682.282714844, 409.880737305, 20.4142684937, -72.2422637939, 83.7130584717, -92.3340759277, 50.2325668335, -108.079719543, 34.1996803284, 18.4773750305, 226.846450806, 55.2089958191, 23.8688163757], [336.005645752, -300.072967529, 0.362079143524, 43.2659111023, -31.0990810394, 66.5710906982, -29.851020813, -10.0583848953, -88.6072845459, 20.8599510193, 55.2089958191, 158.754669189, 19.7936058044], [-331.606689453, 187.296051025, 71.0517272949, -24.0718841553, -29.381526947, -38.7897453308, -1.96417272091, -28.7910938263, 38.8127670288, -18.9044876099, 23.8688163757, 19.7936058044, 130.465087891]],
        "icov": [[0.000641941267531, -0.000237512926105, 0.00102832005359, -0.00015231614816, 0.000587784859817, -0.00085582328029, 0.000600917614065, -0.000731267442461, 0.00138127163518, -0.000531393685378, 0.00115900649689, -0.000857413862832, 0.000540194101632], [-0.000237512926105, 0.00527427904308, -0.0018524681218, 0.00284508476034, -0.00226729898714, 0.00274481996894, -0.00333486497402, 0.00356516009197, -0.00577367283404, 0.00379190267995, -0.00539856124669, 0.00627215020359, -0.00329644605517], [0.00102832005359, -0.0018524681218, 0.00326900579967, -0.000415656599216, 0.00157873297576, -0.00259337085299, 0.00206381385215, -0.00228548771702, 0.00330385076813, -0.00117980549112, 0.00306001980789, -0.003158405656, 0.00129281322006], [-0.00015231614816, 0.00284508476034, -0.000415656599216, 0.00341386324726, -0.000915886776056, 0.00138155010063, -0.00188670807984, 0.00195649638772, -0.002946495777, 0.00162288511638, -0.0024441818241, 0.00301083084196, -0.0019053472206], [0.000587784859817, -0.00226729898714, 0.00157873297576, -0.000915886776056, 0.00393004948273, -0.00127222260926, 0.00107764266431, -0.00215888954699, 0.00275873765349, -0.000361863669241, 0.00234983069822, -0.00351801118813, 0.00299745798111], [-0.00085582328029, 0.00274481996894, -0.00259337085299, 0.00138155010063, -0.00127222260926, 0.00690512824804, -0.00190313928761, 0.00123527704272, -0.00279935449362, 0.000989933265373, -0.00272541493177, 0.00262969057076, -0.0013621209655], [0.000600917614065, -0.00333486497402, 0.00206381385215, -0.00188670807984, 0.00107764266431, -0.00190313928761, 0.00719319749624, -0.00221965648234, 0.0043509406969, -0.00161381450016, 0.00332547957078, -0.0036798985675, 0.00255981762893], [-0.000731267442461, 0.00356516009197, -0.00228548771702, 0.00195649638772, -0.00215888954699, 0.00123527704272, -0.00221965648234, 0.00838545523584, -0.00520923500881, 0.00216026091948, -0.00236974772997, 0.00482723675668, -0.00210906867869], [0.00138127163518, -0.00577367283404, 0.00330385076813, -0.002946495777, 0.00275873765349, -0.00279935449362, 0.0043509406969, -0.00520923500881, 0.0132827199996, -0.00451210839674, 0.007177030202, -0.00571605470031, 0.00311029609293], [-0.000531393685378, 0.00379190267995, -0.00117980549112, 0.00162288511638, -0.000361863669241, 0.000989933265373, -0.00161381450016, 0.00216026091948, -0.00451210839674, 0.0109575996175, -0.00739438459277, 0.00604015076533, -0.00182057381608], [0.00115900649689, -0.00539856124669, 0.00306001980789, -0.0024441818241, 0.00234983069822, -0.00272541493177, 0.00332547957078, -0.00236974772997, 0.007177030202, -0.00739438459277, 0.0144312409684, -0.0104044256732, 0.00355629529804], [-0.000857413862832, 0.00627215020359, -0.003158405656, 0.00301083084196, -0.00351801118813, 0.00262969057076, -0.0036798985675, 0.00482723675668, -0.00571605470031, 0.00604015076533, -0.0104044256732, 0.0173682160676, -0.0060643744655], [0.000540194101632, -0.00329644605517, 0.00129281322006, -0.0019053472206, 0.00299745798111, -0.0013621209655, 0.00255981762893, -0.00210906867869, 0.00311029609293, -0.00182057381608, 0.00355629529804, -0.0060643744655, 0.0116381756961]]
    },
    "melbands": {
        "mean": [1.88564099517e-005, 0.000152222884935, 0.000927656248678, 0.000538833905011, 0.000343794992659, 0.00029721177998, 0.000164598488482, 7.38134840503e-005, 7.41516632843e-005, 0.000153243279783, 0.000196387481992, 4.42109958385e-005, 2.16042808461e-005, 0.000511432590429, 0.000313007592922, 2.26789907174e-005, 2.19166067836e-005, 5.51866469323e-006, 2.24035716201e-006, 1.49349716594e-006, 9.32607053983e-006, 6.33670515526e-006, 6.10132758538e-007, 9.13650126222e-007, 7.31334637294e-007, 2.66716415354e-006, 1.23201516544e-006, 2.21730701355e-007, 4.1663781758e-007, 1.43529450725e-006, 1.24028517234e-007, 8.60229505406e-008, 6.39849631057e-008, 5.369868461e-008, 1.01606616454e-007, 5.77165266691e-008, 4.88217501982e-008, 4.34235509772e-008, 7.4723558896e-008, 2.303487463e-007],
        "var": [3.97139765518e-010, 2.78884400018e-008, 7.72052715092e-007, 7.20587365777e-007, 3.20138866527e-007, 1.63312577683e-007, 7.99280641672e-008, 2.30835119908e-008, 1.82053376818e-008, 1.5338255821e-007, 3.6593505115e-007, 1.76094392401e-008, 2.88055423958e-009, 3.79067864742e-006, 1.53325606789e-006, 5.00435781703e-009, 4.50082016101e-009, 3.22363802319e-010, 3.47305482984e-011, 1.23422270668e-011, 7.33821114984e-010, 6.29395702223e-010, 4.29158878573e-012, 6.17095177041e-012, 1.29944423277e-011, 1.02855654549e-010, 1.55995355522e-011, 6.43391373165e-013, 1.65425344863e-012, 4.37163291678e-011, 1.22558349103e-013, 7.50955626351e-014, 2.47331553838e-014, 2.16450053952e-014, 1.2030843986e-013, 2.72819063212e-014, 1.62027356999e-014, 1.75815715068e-014, 5.33392333936e-014, 3.77136066517e-013]
    },
    "mfcc": {
        "mean": [-794.354614258, 195.891189575, 16.0633583069, 0.0165001377463, -5.17761182785, -4.66808509827, 0.933787167072, -8.97490692139, -10.23478508, -13.8171749115, -8.15873908997, -8.44599628448, -8.08675479889],
        "cov": [[8312.79882813, -2721.10009766, -2070.13671875, -21.9907665253, -268.342437744, -41.5849647522, 463.29397583, -271.981292725, -11.3620529175, -202.624908447, -72.0937347412, 62.897441864, 142.263015747], [-2721.10009766, 1985.70959473, 338.057006836, -245.545471191, 31.1175441742, 1.8034183979, -220.195983887, 67.1895599365, 18.9824810028, 94.9632339478, 56.6657218933, -31.9810905457, -115.85647583], [-2070.13671875, 338.057006836, 1225.23840332, -46.5007743835, -10.5917320251, 11.4050188065, -60.9571990967, 132.687332153, 56.5147628784, 23.0956707001, -43.223274231, 25.4478664398, 18.925693512], [-21.9907665253, -245.545471191, -46.5007743835, 394.696838379, 33.4553718567, -31.1918029785, -7.31853103638, -17.9935035706, -2.2132833004, -0.428229480982, 3.14970612526, -20.8825702667, 19.7633781433], [-268.342437744, 31.1175441742, -10.5917320251, 33.4553718567, 284.115264893, 62.6479721069, -14.8853816986, 76.6632232666, 24.3426399231, 22.4595489502, 1.73132967949, -0.707536220551, -2.80665636063], [-41.5849647522, 1.8034183979, 11.4050188065, -31.1918029785, 62.6479721069, 159.030883789, 51.2601394653, 0.100938268006, -15.2075023651, -15.4152126312, -6.92823266983, 8.35875225067, 33.899143219], [463.29397583, -220.195983887, -60.9571990967, -7.31853103638, -14.8853816986, 51.2601394653, 216.177536011, 41.5603294373, -44.7614212036, -40.6974716187, -11.7873411179, 46.2758789063, 46.5947036743], [-271.981292725, 67.1895599365, 132.687332153, -17.9935035706, 76.6632232666, 0.100938268006, 41.5603294373, 190.158477783, 77.814994812, 2.83302569389, -6.32792329788, 6.04515552521, -16.0759563446], [-11.3620529175, 18.9824810028, 56.5147628784, -2.2132833004, 24.3426399231, -15.2075023651, -44.7614212036, 77.814994812, 181.341308594, 80.7354812622, -19.620557785, -36.0641098022, -27.2025299072], [-202.624908447, 94.9632339478, 23.0956707001, -0.428229480982, 22.4595489502, -15.4152126312, -40.6974716187, 2.83302569389, 80.7354812622, 190.705337524, 85.4622268677, -84.218460083, -72.3522644043], [-72.0937347412, 56.6657218933, -43.223274231, 3.14970612526, 1.73132967949, -6.92823266983, -11.7873411179, -6.32792329788, -19.620557785, 85.4622268677, 162.914382935, 0.526827275753, -67.0020599365], [62.897441864, -31.9810905457, 25.4478664398, -20.8825702667, -0.707536220551, 8.35875225067, 46.2758789063, 6.04515552521, -36.0641098022, -84.218460083, 0.526827275753, 195.223876953, 122.310813904], [142.263015747, -115.85647583, 18.925693512, 19.7633781433, -2.80665636063, 33.899143219, 46.5947036743, -16.0759563446, -27.2025299072, -72.3522644043, -67.0020599365, 122.310813904, 207.04486084]],
        "icov": [[0.000623372732662, 0.000670834677294, 0.000819608336315, 0.000574714387767, 0.000266534858383, 0.000293028919259, -0.000665615836624, 0.000545137154404, -0.000991420121863, 0.0006429842324, -0.000280024396488, 0.000170690240338, -0.00013198646775], [0.000670834677294, 0.00145121943206, 0.000834058679175, 0.000949595705606, 0.000518304295838, -0.000102703015727, 0.000357196084224, -0.000202126291697, -0.00021694652969, -0.000111417233711, 0.000154698544065, -0.000326278444845, 0.000287372502498], [0.000819608336315, 0.000834058679175, 0.00213995017111, 0.000651684356853, 0.000974516209681, -0.000207159784622, -3.10262767016e-005, -0.000708247651346, -0.000469256105134, -0.000234517705394, 0.000644283834845, -0.000480604154291, -6.33786748949e-006], [0.000574714387767, 0.000949595705606, 0.000651684356853, 0.00357717624865, -0.000589369097725, 0.00138350820635, -0.000663048471324, 0.00107781239785, -0.00133784394711, 0.00145212130155, -0.00136097648647, 0.00150561123155, -0.00126434525009], [0.000266534858383, 0.000518304295838, 0.000974516209681, -0.000589369097725, 0.00577569799498, -0.00323952524923, 0.00238973833621, -0.00402817782015, 0.00219361437485, -0.00285144592635, 0.00218333397061, -0.00190145161469, 0.000953784561716], [0.000293028919259, -0.000102703015727, -0.000207159784622, 0.00138350820635, -0.00323952524923, 0.00963074713945, -0.00414053583518, 0.00363586610183, -0.00293794251047, 0.00361486827023, -0.00306660030037, 0.00332354824059, -0.0028570976574], [-0.000665615836624, 0.000357196084224, -3.10262767016e-005, -0.000663048471324, 0.00238973833621, -0.00414053583518, 0.00991096533835, -0.00651354249567, 0.00639400072396, -0.00453223800287, 0.003358801594, -0.00307616777718, 0.000857957289554], [0.000545137154404, -0.000202126291697, -0.000708247651346, 0.00107781239785, -0.00402817782015, 0.00363586610183, -0.00651354249567, 0.0131505504251, -0.0092188315466, 0.0068266345188, -0.0045556165278, 0.00251789810136, -0.000476113025798], [-0.000991420121863, -0.00021694652969, -0.000469256105134, -0.00133784394711, 0.00219361437485, -0.00293794251047, 0.00639400072396, -0.0092188315466, 0.0162211488932, -0.0116836428642, 0.00870242156088, -0.00465312181041, 0.00269978703], [0.0006429842324, -0.000111417233711, -0.000234517705394, 0.00145212130155, -0.00285144592635, 0.00361486827023, -0.00453223800287, 0.0068266345188, -0.0116836428642, 0.0186385195702, -0.0126169100404, 0.00925063155591, -0.00427134241909], [-0.000280024396488, 0.000154698544065, 0.000644283834845, -0.00136097648647, 0.00218333397061, -0.00306660030037, 0.003358801594, -0.0045556165278, 0.00870242156088, -0.0126169100404, 0.016767879948, -0.00908297114074, 0.00729843135923], [0.000170690240338, -0.000326278444845, -0.000480604154291, 0.00150561123155, -0.00190145161469, 0.00332354824059, -0.00307616777718, 0.00251789810136, -0.00465312181041, 0.00925063155591, -0.00908297114074, 0.0145195564255, -0.00897720921785], [-0.00013198646775, 0.000287372502498, -6.33786748949e-006, -0.00126434525009, 0.000953784561716, -0.0028570976574, 0.000857957289554, -0.000476113025798, 0.00269978703, -0.00427134241909, 0.00729843135923, -0.00897720921785, 0.0119804842398]]
    },
    "spectral_contrast_coeffs": {
        "mean": [-0.517443835735, -0.696846306324, -0.680149674416, -0.732578992844, -0.778531014919, -0.806077897549],
        "var": [0.00803321506828, 0.0047819619067, 0.0086535802111, 0.00464987009764, 0.0039443266578, 0.00530893029645]
    },
    "spectral_contrast_valleys": {
        "mean": [-8.61040878296, -7.28743028641, -8.50273132324, -9.6556186676, -10.2735052109, -13.0906276703],
        "var": [0.664095401764, 0.670288443565, 0.948469221592, 1.36633169651, 3.52466893196, 4.2170290947]
    }
},
"metadata": {
    "audio_properties": {
        "analysis_sample_rate": 44100,
        "bit_rate": 128074,
        "equal_loudness": 0,
        "length": 45.0612258911,
        "lossless": 0,
        "replay_gain": -5.8178691864,
        "sample_rate": 44100,
        "codec": "mp3",
        "downmix": "mix",
        "md5_encoded": "cdc724b86965d604f7e9fb152df8e5ee"
    },
    "tags": {
        "file_name": "1780.mp3"
    },
    "version": {
        "essentia": "2.1-beta2",
        "essentia_git_sha": "v2.1_beta2",
        "extractor": "music 1.0"
    }
},
"rhythm": {
    "beats_count": 67,
    "beats_loudness": {
        "mean": 0.0188558865339,
        "var": 0.000880232837517
    },
    "bpm": 88.6233291626,
    "bpm_histogram_first_peak_bpm": {
        "mean": 88,
        "var": 0
    },
    "bpm_histogram_first_peak_spread": {
        "mean": 0.46875,
        "var": 0
    },
    "bpm_histogram_first_peak_weight": {
        "mean": 0.257575750351,
        "var": 0
    },
    "bpm_histogram_second_peak_bpm": {
        "mean": 96,
        "var": 0
    },
    "bpm_histogram_second_peak_spread": {
        "mean": 0.592592597008,
        "var": 0
    },
    "bpm_histogram_second_peak_weight": {
        "mean": 0.166666671634,
        "var": 0
    },
    "danceability": 0.807255864143,
    "onset_rate": 2.90584564209,
    "beats_loudness_band_ratio": {
        "mean": [0.317964106798, 0.344039946795, 0.225150078535, 0.152229845524, 0.0125602269545, 0.00452336994931],
        "var": [0.055781122297, 0.0609569400549, 0.0413363464177, 0.0580536797643, 0.000436203961726, 9.52854752541e-005]
    },
    "beats_position": [0.708208620548, 1.42802715302, 2.14784574509, 2.87927436829, 3.5758728981, 4.27247142792, 4.95746040344, 5.64244890213, 6.33904743195, 7.04725599289, 7.69741487503, 8.34757328033, 8.98612213135, 9.63628101349, 10.2864398956, 10.9365987778, 11.5867567062, 12.2369155884, 12.8870744705, 13.5140132904, 14.1525621414, 14.7911109924, 15.4180498123, 16.0565986633, 16.6835365295, 17.3220863342, 17.9490242004, 18.5875740051, 19.2261219025, 19.853061676, 20.4799995422, 21.1069393158, 21.733877182, 22.3492050171, 22.9645347595, 23.5914726257, 24.2184123993, 24.8221302032, 25.5071201324, 26.1921081543, 26.8770961761, 27.5620861053, 28.2354640961, 28.9204521179, 29.593832016, 30.2788200378, 30.9521980286, 31.6371879578, 32.322177887, 32.9955558777, 33.6805419922, 34.4235839844, 35.1666221619, 35.8980484009, 36.6178665161, 37.3028564453, 37.9878463745, 38.638004303, 39.2997741699, 39.9499320984, 40.5536499023, 41.1573677063, 41.761089325, 42.3648071289, 42.9801368713, 43.5954627991, 44.22240448]
},
"tonal": {
    "chords_changes_rate": 0.0534979440272,
    "chords_number_rate": 0.0164609048516,
    "chords_strength": {
        "mean": 0.471641987562,
        "var": 0.0160237178206
    },
    "hpcp_entropy": {
        "mean": 1.69824171066,
        "var": 0.426951080561
    },
    "key_strength": 0.672843039036,
    "tuning_diatonic_strength": 0.499074012041,
    "tuning_equal_tempered_deviation": 0.160577625036,
    "tuning_frequency": 443.316436768,
    "tuning_nontempered_energy_ratio": 0.824061572552,
    "hpcp": {
        "mean": [0.228605166078, 0.0813172012568, 0.0355033092201, 0.0228286776692, 0.0114757549018, 0.0379588231444, 0.0400348417461, 0.0230870507658, 0.0297146514058, 0.0215502176434, 0.00964480917901, 0.0251333620399, 0.0421949326992, 0.116471119225, 0.442027896643, 0.551826536655, 0.242731258273, 0.0619713887572, 0.0472360290587, 0.122343875468, 0.237661972642, 0.177444055676, 0.071881480515, 0.0948504507542, 0.0807204097509, 0.0702015981078, 0.201134636998, 0.199464276433, 0.0633673071861, 0.0490632541478, 0.0496746487916, 0.0448515191674, 0.0877059921622, 0.0828333422542, 0.0593578591943, 0.197476029396],
        "var": [0.0819195434451, 0.0130448583513, 0.0241273418069, 0.0106201712042, 0.00206158333458, 0.0126091623679, 0.0132046332583, 0.00247276155278, 0.00729443831369, 0.00701104803011, 0.0020669803489, 0.00750134047121, 0.0147475870326, 0.0317071937025, 0.114344954491, 0.151438459754, 0.0632897987962, 0.0239913780242, 0.0208784043789, 0.0515008866787, 0.123648069799, 0.0690266638994, 0.019186321646, 0.0507460907102, 0.0416286401451, 0.0121789090335, 0.0973091945052, 0.111758440733, 0.0208814814687, 0.0306267943233, 0.0315424837172, 0.0139924800023, 0.044394377619, 0.0409313887358, 0.0145416259766, 0.0669248178601]
    },
    "chords_histogram": [23.0452671051, 0.514403283596, 0.823045253754, 9.77366256714, 0.205761313438, 5.86419773102, 0, 4.11522626877, 1.85185182095, 2.88065838814, 4.93827152252, 0, 1.33744859695, 2.67489719391, 3.39506173134, 2.36625504494, 0, 22.2222213745, 0, 4.62962961197, 0, 1.64609050751, 4.32098770142, 3.39506173134],
    "thpcp": [1, 0.43986877799, 0.112302295864, 0.0855994150043, 0.221707120538, 0.430682390928, 0.321557670832, 0.130261003971, 0.171884536743, 0.146278589964, 0.127216786146, 0.364488869905, 0.361461907625, 0.114831931889, 0.0889106467366, 0.0900185927749, 0.0812782943249, 0.158937618136, 0.150107577443, 0.107566155493, 0.357858896255, 0.414269983768, 0.14736007154, 0.0643378049135, 0.0413693003356, 0.0207959469408, 0.0687875971198, 0.0725496858358, 0.0418375134468, 0.0538478121161, 0.0390525199473, 0.017477972433, 0.0455457642674, 0.0764641240239, 0.211064726114, 0.801026880741],
    "chords_key": "D",
    "chords_scale": "major",
    "key_key": "D",
    "key_scale": "major"
}
}