{
"lowlevel": {
    "average_loudness": 0.589401364326,
    "barkbands_crest": {
        "mean": 13.5798635483,
        "var": 28.3746509552
    },
    "barkbands_flatness_db": {
        "mean": 0.362392932177,
        "var": 0.00912950374186
    },
    "barkbands_kurtosis": {
        "mean": 34.5109558105,
        "var": 22926.15625
    },
    "barkbands_skewness": {
        "mean": 1.50284266472,
        "var": 9.06602191925
    },
    "barkbands_spread": {
        "mean": 3.90270280838,
        "var": 37.555480957
    },
    "dissonance": {
        "mean": 0.338300824165,
        "var": 0.0117129934952
    },
    "dynamic_complexity": 9.92979717255,
    "erbbands_crest": {
        "mean": 14.3247022629,
        "var": 36.838760376
    },
    "erbbands_flatness_db": {
        "mean": 0.317900359631,
        "var": 0.0105896415189
    },
    "erbbands_kurtosis": {
        "mean": 21.4703025818,
        "var": 2135.33227539
    },
    "erbbands_skewness": {
        "mean": 2.03826069832,
        "var": 6.21464347839
    },
    "erbbands_spread": {
        "mean": 13.1234474182,
        "var": 481.54800415
    },
    "hfc": {
        "mean": 5.27366924286,
        "var": 125.350852966
    },
    "melbands_crest": {
        "mean": 16.6977348328,
        "var": 30.2802085876
    },
    "melbands_flatness_db": {
        "mean": 0.483836382627,
        "var": 0.012115159072
    },
    "melbands_kurtosis": {
        "mean": 24.8356342316,
        "var": 3856.01342773
    },
    "melbands_skewness": {
        "mean": 1.80170154572,
        "var": 5.38850927353
    },
    "melbands_spread": {
        "mean": 3.93474364281,
        "var": 25.6770763397
    },
    "pitch_salience": {
        "mean": 0.586816489697,
        "var": 0.0256540104747
    },
    "silence_rate_20dB": {
        "mean": 0.994335711002,
        "var": 0.00563222821802
    },
    "silence_rate_30dB": {
        "mean": 0.964469611645,
        "var": 0.0342678911984
    },
    "silence_rate_60dB": {
        "mean": 0.444387227297,
        "var": 0.246907889843
    },
    "spectral_centroid": {
        "mean": 362.862884521,
        "var": 74370.53125
    },
    "spectral_complexity": {
        "mean": 4.60401630402,
        "var": 14.6213226318
    },
    "spectral_decrease": {
        "mean": -5.49210987799e-009,
        "var": 1.93034374991e-016
    },
    "spectral_energy": {
        "mean": 0.0212068017572,
        "var": 0.00284790364094
    },
    "spectral_energyband_high": {
        "mean": 1.23309723676e-006,
        "var": 5.40502087532e-011
    },
    "spectral_energyband_low": {
        "mean": 0.00785019434988,
        "var": 0.00098255649209
    },
    "spectral_energyband_middle_high": {
        "mean": 0.000519402849022,
        "var": 3.98734437113e-006
    },
    "spectral_energyband_middle_low": {
        "mean": 0.0145129011944,
        "var": 0.00119894603267
    },
    "spectral_entropy": {
        "mean": 5.54023122787,
        "var": 0.901011049747
    },
    "spectral_flux": {
        "mean": 0.0589868091047,
        "var": 0.00895024742931
    },
    "spectral_kurtosis": {
        "mean": 81.9325256348,
        "var": 7375.11962891
    },
    "spectral_rms": {
        "mean": 0.00309308781289,
        "var": 1.11223671411e-005
    },
    "spectral_rolloff": {
        "mean": 387.276367188,
        "var": 308593.4375
    },
    "spectral_skewness": {
        "mean": 6.54215192795,
        "var": 13.5438508987
    },
    "spectral_spread": {
        "mean": 2423547,
        "var": 7.3160809513e+012
    },
    "spectral_strongpeak": {
        "mean": 0.495818376541,
        "var": 0.449658542871
    },
    "zerocrossingrate": {
        "mean": 0.0182441696525,
        "var": 0.000437170499936
    },
    "barkbands": {
        "mean": [6.36378463241e-005, 0.00327548012137, 0.00291919987649, 0.00367207382806, 0.00588334165514, 0.00186320254579, 0.001624237746, 0.000724381126929, 0.000610346440226, 0.000386613013688, 4.90702368552e-005, 8.33414378576e-005, 2.76678201772e-005, 1.00521383501e-005, 6.78029118717e-006, 3.06810784423e-006, 1.52986274315e-006, 7.11168809175e-007, 5.86022736115e-007, 6.26839494089e-007, 3.9037556121e-007, 3.22918737083e-007, 8.21841723564e-008, 4.0564842152e-008, 3.93073165128e-008, 1.79425541091e-008, 2.40456698997e-009],
        "var": [4.82870134988e-008, 0.000110195178422, 0.000252998928772, 0.000146471138578, 0.000396356801502, 2.82646560663e-005, 1.537697608e-005, 3.56306782123e-006, 6.58957924315e-006, 2.53121856986e-006, 2.99159630401e-008, 1.33197431751e-007, 1.44280818404e-008, 9.21182963243e-010, 5.46972911408e-010, 1.07267091043e-010, 2.01268602479e-011, 1.79912577891e-011, 9.12226023886e-012, 1.5666454245e-011, 4.2337040991e-012, 5.28418411458e-012, 3.13440273085e-013, 4.90546425908e-014, 8.03363655439e-014, 2.56092809482e-015, 1.82900072455e-017]
    },
    "erbbands": {
        "mean": [0.043342474848, 0.910364985466, 3.30542182922, 8.07515525818, 15.470741272, 19.5212097168, 22.7676448822, 14.0934877396, 25.4000301361, 14.7667779922, 16.2777252197, 16.7313938141, 9.90730762482, 9.09198474884, 3.59015989304, 2.26165723801, 1.40324783325, 0.660023748875, 0.364406824112, 0.277117222548, 0.156619280577, 0.079468101263, 0.0423685647547, 0.0298789199442, 0.0325336791575, 0.0290131922811, 0.0214584544301, 0.0138496477157, 0.0127735910937, 0.00478451792151, 0.00211305869743, 0.000911661831196, 0.000724305864424, 0.00052419421263, 0.000243010304985, 9.61225741776e-005, 3.68515466107e-005, 7.84885469329e-006, 9.92386230791e-006, 2.33042774198e-005],
        "var": [0.0220317281783, 9.15855121613, 250.563552856, 1002.940979, 2507.93896484, 6077.57763672, 2779.421875, 1940.24804688, 3666.0390625, 886.284484863, 2233.07983398, 5086.81445313, 648.381225586, 3080.22705078, 148.131622314, 73.8071594238, 33.6556358337, 4.11593198776, 1.23272442818, 0.783948481083, 0.238120511174, 0.0501434728503, 0.0429036878049, 0.031035291031, 0.0328246615827, 0.0316775552928, 0.0170805919915, 0.00537948403507, 0.00833658874035, 0.00110365566798, 0.000186546923942, 2.20633701247e-005, 2.06728436751e-005, 1.63052663993e-005, 1.91739354705e-006, 7.44815977782e-008, 1.17747118722e-008, 4.58073273757e-010, 5.89164772524e-010, 3.39696137885e-009]
    },
    "gfcc": {
        "mean": [-297.052978516, 185.401473999, -38.1892623901, -4.24232435226, -51.8200950623, -9.84546661377, -32.7008590698, -11.8355350494, -23.0903110504, -8.1228055954, -14.5369415283, -5.06887960434, -6.56992435455],
        "cov": [[19504.3339844, 7682.33691406, -2854.74951172, -2875.42431641, -123.918075562, -843.247558594, 1357.40368652, -422.668701172, 1142.0625, -802.113464355, 332.861206055, -1043.80749512, 549.639282227], [7682.33691406, 4021.32177734, -569.569152832, -1709.87487793, -204.446105957, -505.42779541, 586.400024414, -236.612869263, 469.766418457, -444.850158691, 181.879272461, -470.840026855, 200.468521118], [-2854.74951172, -569.569152832, 1879.56396484, 647.903564453, -140.576889038, -50.0685081482, -171.750183105, -133.383148193, -257.79397583, 42.7371101379, 68.985534668, 163.388702393, -100.059051514], [-2875.42431641, -1709.87487793, 647.903564453, 1738.06689453, 425.822937012, 141.812683105, -230.995880127, 90.2599487305, -166.964187622, 184.254516602, 28.1365242004, 223.638885498, -5.155834198], [-123.918075562, -204.446105957, -140.576889038, 425.822937012, 442.672119141, 125.538101196, 17.254108429, 70.9326553345, 42.8522758484, 37.1921691895, 5.25522708893, 4.69837856293, 8.84571361542], [-843.247558594, -505.42779541, -50.0685081482, 141.812683105, 125.538101196, 287.341278076, 70.3596343994, 102.308738708, -10.7023019791, 97.0217132568, -30.2536888123, 39.213722229, -64.765296936], [1357.40368652, 586.400024414, -171.750183105, -230.995880127, 17.254108429, 70.3596343994, 287.112243652, 76.6461868286, 141.770996094, -29.0301322937, 31.580997467, -90.7737960815, 4.66175508499], [-422.668701172, -236.612869263, -133.383148193, 90.2599487305, 70.9326553345, 102.308738708, 76.6461868286, 208.295852661, 81.1560211182, 48.4902458191, -39.61743927, 31.5359477997, -22.7758407593], [1142.0625, 469.766418457, -257.79397583, -166.964187622, 42.8522758484, -10.7023019791, 141.770996094, 81.1560211182, 177.66986084, -25.5839767456, 3.4048345089, -63.8363265991, 38.8094139099], [-802.113464355, -444.850158691, 42.7371101379, 184.254516602, 37.1921691895, 97.0217132568, -29.0301322937, 48.4902458191, -25.5839767456, 120.342933655, 5.73103427887, 48.1744346619, -41.2176246643], [332.861206055, 181.879272461, 68.985534668, 28.1365242004, 5.25522708893, -30.2536888123, 31.580997467, -39.61743927, 3.4048345089, 5.73103427887, 75.7672424316, -1.88514387608, 8.35705375671], [-1043.80749512, -470.840026855, 163.388702393, 223.638885498, 4.69837856293, 39.213722229, -90.7737960815, 31.5359477997, -63.8363265991, 48.1744346619, -1.88514387608, 109.352661133, -12.2797679901], [549.639282227, 200.468521118, -100.059051514, -5.155834198, 8.84571361542, -64.765296936, 4.66175508499, -22.7758407593, 38.8094139099, -41.2176246643, 8.35705375671, -12.2797679901, 73.8612060547]],
        "icov": [[0.000597051519435, -0.00116709480062, 0.000808189914096, -0.000773945997935, 0.000511409540195, -2.41175894189e-006, -0.000970479741227, 0.00144416547846, -0.000517774664331, -0.000410434236983, 0.000889160903171, -0.000288569222903, 0.000103145932371], [-0.00116709480062, 0.00585010368377, -0.00230821571313, 0.00380592863075, -0.00267209694721, 0.00287430477329, -0.000854424550198, -0.001275267452, -0.00291740475222, 0.00513946544379, -0.00717743718997, 0.00418064091355, -0.00164507329464], [0.000808189914096, -0.00230821571313, 0.00227309204638, -0.00208059092984, 0.00152066047303, -5.28887758264e-005, -0.00151027610991, 0.00267223315313, 0.000169098493643, -0.000715486588888, 0.00227727508172, -0.00268144649453, 0.00268397992477], [-0.000773945997935, 0.00380592863075, -0.00208059092984, 0.00416313530877, -0.0033915892709, 0.00218440988101, -0.000251702673268, -0.00207593850791, -0.000282048073132, 0.00148470990825, -0.00492039695382, 0.00204671174288, -0.00352732720785], [0.000511409540195, -0.00267209694721, 0.00152066047303, -0.0033915892709, 0.00616829097271, -0.00468910345808, 0.00290706893429, -0.000185563243576, -0.000917677592952, 0.00047750538215, 0.000349373294739, 0.00130767887458, 0.00110547640361], [-2.41175894189e-006, 0.00287430477329, -5.28887758264e-005, 0.00218440988101, -0.00468910345808, 0.0139272268862, -0.0106938639656, 0.00361878983676, 0.000261246401351, -0.0037169798743, 0.00436520250514, -0.0045009017922, 0.00340837799013], [-0.000970479741227, -0.000854424550198, -0.00151027610991, -0.000251702673268, 0.00290706893429, -0.0106938639656, 0.0191839244217, -0.0104624126107, -0.00131822424009, 0.00376443937421, -0.0100127644837, 0.00975238811225, -0.00113710435107], [0.00144416547846, -0.001275267452, 0.00267223315313, -0.00207593850791, -0.000185563243576, 0.00361878983676, -0.0104624126107, 0.0209032036364, -0.0116121759638, -0.00196000840515, 0.0112654846162, -0.0122577082366, 0.00818616803735], [-0.000517774664331, -0.00291740475222, 0.000169098493643, -0.000282048073132, -0.000917677592952, 0.000261246401351, -0.00131822424009, -0.0116121759638, 0.0246945787221, -0.00832326244563, 0.004434148781, 0.00217598304152, -0.00893804710358], [-0.000410434236983, 0.00513946544379, -0.000715486588888, 0.00148470990825, 0.00047750538215, -0.0037169798743, 0.00376443937421, -0.00196000840515, -0.00832326244563, 0.0259492117912, -0.0166306309402, 0.00530918966979, 0.005699519068], [0.000889160903171, -0.00717743718997, 0.00227727508172, -0.00492039695382, 0.000349373294739, 0.00436520250514, -0.0100127644837, 0.0112654846162, 0.004434148781, -0.0166306309402, 0.038165461272, -0.0178068168461, 0.00460770539939], [-0.000288569222903, 0.00418064091355, -0.00268144649453, 0.00204671174288, 0.00130767887458, -0.0045009017922, 0.00975238811225, -0.0122577082366, 0.00217598304152, 0.00530918966979, -0.0178068168461, 0.0347237549722, -0.0115804383531], [0.000103145932371, -0.00164507329464, 0.00268397992477, -0.00352732720785, 0.00110547640361, 0.00340837799013, -0.00113710435107, 0.00818616803735, -0.00893804710358, 0.005699519068, 0.00460770539939, -0.0115804383531, 0.031508628279]]
    },
    "melbands": {
        "mean": [0.000654672912788, 0.00161373021547, 0.00166913017165, 0.00125102326274, 0.000842624809593, 0.000307908223476, 0.000381394289434, 0.000156830326887, 0.00013593948097, 9.11030801944e-005, 4.76064851682e-005, 3.92457768612e-005, 9.18827390706e-006, 1.14714730444e-005, 2.58702084466e-006, 2.66894903689e-006, 1.08386484499e-006, 5.5610456684e-007, 5.82706547902e-007, 2.40006556851e-007, 1.69285073071e-007, 9.28596151084e-008, 4.10383158567e-008, 3.45054900208e-008, 2.24566409912e-008, 2.27126264463e-008, 2.26564047523e-008, 1.87791826534e-008, 1.53952139925e-008, 8.14672951321e-009, 8.15065881454e-009, 8.3027558162e-009, 4.29964241988e-009, 2.02707628461e-009, 1.30341171189e-009, 7.44116712692e-010, 4.6596515535e-010, 4.61720245371e-010, 5.60100965608e-010, 3.84879822457e-010],
        "var": [4.45252089776e-006, 4.75865199405e-005, 3.40703263646e-005, 2.28042154049e-005, 4.26467886427e-006, 9.40964298479e-007, 8.36238882584e-007, 1.02723205941e-007, 1.67254768257e-007, 1.46610815932e-007, 1.58400794703e-008, 6.04439094332e-008, 8.09342259878e-010, 2.35152741723e-009, 8.60244653289e-011, 1.98722635569e-010, 1.10335967793e-011, 3.17266959232e-012, 4.76408495986e-012, 7.07588772731e-013, 2.5158136208e-013, 7.05763166008e-014, 2.55355954345e-014, 5.06062612605e-014, 1.78064977178e-014, 1.29941427084e-014, 1.85577702023e-014, 1.44762945121e-014, 1.03243710917e-014, 1.69091397903e-015, 1.97748057756e-015, 3.83188684437e-015, 9.41160330551e-016, 2.02067597562e-016, 7.37844113781e-017, 1.97725051547e-017, 5.40645786032e-018, 7.03806624191e-018, 2.55767587211e-017, 7.63262794978e-018]
    },
    "mfcc": {
        "mean": [-928.36138916, 195.628341675, 63.6542053223, 18.2586193085, 3.9239294529, -0.214497223496, -3.62813520432, -4.81482505798, -4.24929237366, -6.70537853241, -7.23538589478, -5.56283378601, -3.71468353271],
        "cov": [[12358.6025391, 7584.54394531, -1313.5201416, -1533.04980469, -1349.08813477, -462.998718262, -238.410018921, -66.0748291016, 342.327209473, 174.393188477, 44.2531356812, 40.5102996826, 172.889938354], [7584.54394531, 5868.46044922, -28.9912853241, -1298.64331055, -1092.65393066, -505.503814697, -210.026916504, -64.7596817017, 107.861335754, 46.1795845032, 4.52520847321, 49.6898117065, 80.3853759766], [-1313.5201416, -28.9912853241, 1257.59643555, 463.421661377, 21.2542667389, -56.3315620422, 24.0369968414, -22.9758033752, -197.288864136, -129.703445435, 9.80473423004, 30.1350822449, -25.3151168823], [-1533.04980469, -1298.64331055, 463.421661377, 1095.62780762, 587.350952148, 207.21472168, 91.6265106201, 16.6055088043, -78.6504058838, -61.8262252808, 14.1192178726, -2.08030438423, -3.38049507141], [-1349.08813477, -1092.65393066, 21.2542667389, 587.350952148, 577.957092285, 235.395507813, 73.4654846191, 30.4963645935, -5.68346977234, -1.3867816925, -7.4055762291, -20.8107776642, -19.0197887421], [-462.998718262, -505.503814697, -56.3315620422, 207.21472168, 235.395507813, 236.83253479, 125.409797668, 27.8230705261, -1.60482525826, 20.5897655487, 39.9444847107, 8.65338993073, -7.32155036926], [-238.410018921, -210.026916504, 24.0369968414, 91.6265106201, 73.4654846191, 125.409797668, 153.687286377, 79.5647735596, 18.0070877075, 34.2281913757, 62.1618728638, 41.0256729126, 10.0288581848], [-66.0748291016, -64.7596817017, -22.9758033752, 16.6055088043, 30.4963645935, 27.8230705261, 79.5647735596, 132.975418091, 102.244689941, 55.3086929321, 44.1688499451, 41.525718689, 29.1826610565], [342.327209473, 107.861335754, -197.288864136, -78.6504058838, -5.68346977234, -1.60482525826, 18.0070877075, 102.244689941, 168.496505737, 100.176460266, 28.1743621826, 23.6954269409, 35.0761070251], [174.393188477, 46.1795845032, -129.703445435, -61.8262252808, -1.3867816925, 20.5897655487, 34.2281913757, 55.3086929321, 100.176460266, 100.550956726, 54.212688446, 22.0295600891, 18.9572601318], [44.2531356812, 4.52520847321, 9.80473423004, 14.1192178726, -7.4055762291, 39.9444847107, 62.1618728638, 44.1688499451, 28.1743621826, 54.212688446, 85.530380249, 52.7049179077, 19.7699489594], [40.5102996826, 49.6898117065, 30.1350822449, -2.08030438423, -20.8107776642, 8.65338993073, 41.0256729126, 41.525718689, 23.6954269409, 22.0295600891, 52.7049179077, 70.5939941406, 40.4425086975], [172.889938354, 80.3853759766, -25.3151168823, -3.38049507141, -19.0197887421, -7.32155036926, 10.0288581848, 29.1826610565, 35.0761070251, 18.9572601318, 19.7699489594, 40.4425086975, 49.5037879944]],
        "icov": [[0.00435803970322, -0.00617235014215, 0.00652764225379, -0.00709934160113, 0.00765240285546, -0.00621431181207, 0.0036744850222, -0.00178280868568, -0.000127671213704, 0.00130240328144, -0.00183895847294, 0.00302833272144, -0.00216448004358], [-0.00617235014215, 0.00904713757336, -0.00943499617279, 0.0104121444747, -0.0108100473881, 0.00926123280078, -0.00580607634038, 0.00369104067795, -0.00124553032219, -0.000546937866602, 0.00146832433529, -0.00341551401652, 0.00226458604448], [0.00652764225379, -0.00943499617279, 0.0116462642327, -0.0124058192596, 0.0131525564939, -0.0100666927174, 0.0078133046627, -0.00734049081802, 0.00586941838264, -0.00259109749459, 0.0013032683637, 0.000313597585773, -2.66891015599e-006], [-0.00709934160113, 0.0104121444747, -0.0124058192596, 0.0165070425719, -0.018317675218, 0.0145479980856, -0.0122089507058, 0.011306129396, -0.00995540898293, 0.0109644243494, -0.00927972514182, 0.00479168398306, -0.0037614130415], [0.00765240285546, -0.0108100473881, 0.0131525564939, -0.018317675218, 0.0252419523895, -0.0226580742747, 0.0190989542753, -0.0180241428316, 0.0155630605295, -0.0175614971668, 0.0159451887012, -0.00778057053685, 0.00509243225679], [-0.00621431181207, 0.00926123280078, -0.0100666927174, 0.0145479980856, -0.0226580742747, 0.0336322113872, -0.031908813864, 0.0273046679795, -0.0232916716486, 0.0240568779409, -0.0213199127465, 0.0128659848124, -0.00555860344321], [0.0036744850222, -0.00580607634038, 0.0078133046627, -0.0122089507058, 0.0190989542753, -0.031908813864, 0.0495636053383, -0.0458787754178, 0.0421060621738, -0.0390588119626, 0.0252308826894, -0.021769400686, 0.0122117167339], [-0.00178280868568, 0.00369104067795, -0.00734049081802, 0.011306129396, -0.0180241428316, 0.0273046679795, -0.0458787754178, 0.0692801252007, -0.0678645446897, 0.0591666102409, -0.0439147204161, 0.0243045259267, -0.014071806334], [-0.000127671213704, -0.00124553032219, 0.00586941838264, -0.00995540898293, 0.0155630605295, -0.0232916716486, 0.0421060621738, -0.0678645446897, 0.0914623737335, -0.090142481029, 0.0648537948728, -0.037568025291, 0.0133059127256], [0.00130240328144, -0.000546937866602, -0.00259109749459, 0.0109644243494, -0.0175614971668, 0.0240568779409, -0.0390588119626, 0.0591666102409, -0.090142481029, 0.118898771703, -0.0926005244255, 0.0585272274911, -0.0268862117082], [-0.00183895847294, 0.00146832433529, 0.0013032683637, -0.00927972514182, 0.0159451887012, -0.0213199127465, 0.0252308826894, -0.0439147204161, 0.0648537948728, -0.0926005244255, 0.103723280132, -0.0729967877269, 0.0355411469936], [0.00302833272144, -0.00341551401652, 0.000313597585773, 0.00479168398306, -0.00778057053685, 0.0128659848124, -0.021769400686, 0.0243045259267, -0.037568025291, 0.0585272274911, -0.0729967877269, 0.0901613309979, -0.0558460652828], [-0.00216448004358, 0.00226458604448, -2.66891015599e-006, -0.0037614130415, 0.00509243225679, -0.00555860344321, 0.0122117167339, -0.014071806334, 0.0133059127256, -0.0268862117082, 0.0355411469936, -0.0558460652828, 0.0630782917142]]
    },
    "spectral_contrast_coeffs": {
        "mean": [-0.593086600304, -0.719472944736, -0.795164585114, -0.840309858322, -0.867051303387, -0.851473450661],
        "var": [0.0135362586007, 0.0154146729037, 0.0117024593055, 0.0053396737203, 0.0020448663272, 0.00167984026484]
    },
    "spectral_contrast_valleys": {
        "mean": [-8.6310749054, -8.44613647461, -9.73146915436, -10.998213768, -11.5330047607, -13.8120937347],
        "var": [3.45998954773, 4.00772714615, 3.67848205566, 2.62482333183, 1.50126874447, 0.418482512236]
    }
},
"metadata": {
    "audio_properties": {
        "analysis_sample_rate": 44100,
        "bit_rate": 128074,
        "equal_loudness": 0,
        "length": 45.0612258911,
        "lossless": 0,
        "replay_gain": -4.64443397522,
        "sample_rate": 44100,
        "codec": "mp3",
        "downmix": "mix",
        "md5_encoded": "18de5a7d2c65b167aaeccc1ff2cb9bcf"
    },
    "tags": {
        "file_name": "1781.mp3"
    },
    "version": {
        "essentia": "2.1-beta2",
        "essentia_git_sha": "v2.1_beta2",
        "extractor": "music 1.0"
    }
},
"rhythm": {
    "beats_count": 90,
    "beats_loudness": {
        "mean": 0.0333010852337,
        "var": 0.00273262779228
    },
    "bpm": 120.170440674,
    "bpm_histogram_first_peak_bpm": {
        "mean": 120,
        "var": 0
    },
    "bpm_histogram_first_peak_spread": {
        "mean": 0.316455662251,
        "var": 0
    },
    "bpm_histogram_first_peak_weight": {
        "mean": 0.606741547585,
        "var": 0
    },
    "bpm_histogram_second_peak_bpm": {
        "mean": 126,
        "var": 0
    },
    "bpm_histogram_second_peak_spread": {
        "mean": 0.5,
        "var": 0
    },
    "bpm_histogram_second_peak_weight": {
        "mean": 0.0449438206851,
        "var": 0
    },
    "danceability": 1.18388080597,
    "onset_rate": 2.75057148933,
    "beats_loudness_band_ratio": {
        "mean": [0.507213532925, 0.331266880035, 0.181848615408, 0.0325057543814, 0.00245372438803, 0.00119933881797],
        "var": [0.091660618782, 0.0655755028129, 0.0450523681939, 0.00427757762372, 4.3041734898e-005, 4.69674450869e-005]
    },
    "beats_position": [0.441179126501, 0.9287981987, 1.43963718414, 1.95047616959, 2.4497051239, 2.97215414047, 3.48299312592, 3.98222208023, 4.48145103455, 4.98067998886, 5.47990942001, 5.99074840546, 6.47836732864, 6.97759628296, 7.47682523727, 7.95283412933, 8.44045352936, 8.93968200684, 9.45052146912, 9.97297000885, 10.4838094711, 10.9830379486, 11.4938774109, 11.9814968109, 12.4807252884, 12.9799547195, 13.4907932281, 13.9900226593, 14.4892511368, 14.9884805679, 15.4877090454, 15.9753284454, 16.4861679077, 16.9853973389, 17.4846248627, 17.995464325, 18.4946937561, 18.9939231873, 19.4931507111, 19.9923801422, 20.4916095734, 20.9908390045, 21.4900684357, 21.9892959595, 22.4885253906, 22.9877548218, 23.4869842529, 23.9862117767, 24.4854412079, 24.984670639, 25.4955101013, 25.9947395325, 26.4939670563, 26.9931964874, 27.4924259186, 27.9916553497, 28.4908847809, 28.9901123047, 29.4893417358, 30.0001811981, 30.4994106293, 30.9986381531, 31.4978675842, 31.9970970154, 32.4847145081, 32.9839439392, 33.4831733704, 33.9591827393, 34.4584121704, 34.9460296631, 35.4452590942, 35.9444885254, 36.455329895, 36.9545555115, 37.4537849426, 37.9530143738, 38.4522438049, 38.9398651123, 39.427482605, 39.9267120361, 40.402721405, 40.8671188354, 41.3315200806, 41.795917511, 42.2603149414, 42.7479362488, 43.2239456177, 43.7231750488, 44.2107925415, 44.6984100342]
},
"tonal": {
    "chords_changes_rate": 0.0987654328346,
    "chords_number_rate": 0.0123456791043,
    "chords_strength": {
        "mean": 0.477813631296,
        "var": 0.00600792886689
    },
    "hpcp_entropy": {
        "mean": 1.95944821835,
        "var": 0.694957911968
    },
    "key_strength": 0.587108850479,
    "tuning_diatonic_strength": 0.407861769199,
    "tuning_equal_tempered_deviation": 0.164404943585,
    "tuning_frequency": 440.763122559,
    "tuning_nontempered_energy_ratio": 0.866247951984,
    "hpcp": {
        "mean": [0.265998363495, 0.140844464302, 0.0604348964989, 0.0690048784018, 0.0835928916931, 0.121508806944, 0.185904860497, 0.145070746541, 0.0842661783099, 0.11804484576, 0.112665593624, 0.0910031348467, 0.140757411718, 0.15341514349, 0.141306698322, 0.155480995774, 0.128455206752, 0.0944408327341, 0.0831891894341, 0.0687082484365, 0.0740666687489, 0.101292841136, 0.153562992811, 0.232851803303, 0.198711901903, 0.0979845225811, 0.0797083601356, 0.0881188958883, 0.0704109817743, 0.0540481545031, 0.0812868252397, 0.0826701149344, 0.0573784783483, 0.077919088304, 0.166607886553, 0.275897592306],
        "var": [0.119185402989, 0.0563636682928, 0.0243506357074, 0.028908405453, 0.0431124083698, 0.0487956367433, 0.10881536454, 0.0657044127584, 0.0290579479188, 0.0634519830346, 0.0510228313506, 0.0288962461054, 0.0674726590514, 0.066931411624, 0.0550243034959, 0.0755730196834, 0.0522226467729, 0.0387991629541, 0.036824863404, 0.022954903543, 0.0278456732631, 0.0404304377735, 0.0616294853389, 0.120698310435, 0.0995046421885, 0.0375136807561, 0.0323639959097, 0.0468153432012, 0.0316728651524, 0.0178425181657, 0.0404225550592, 0.0365274325013, 0.0196192041039, 0.0313665829599, 0.0743452832103, 0.114281021059]
    },
    "chords_histogram": [8.33333301544, 18.5185184479, 2.67489719391, 0, 0, 0, 0, 2.05761313438, 1.44032919407, 3.08641982079, 0, 0, 0, 0, 2.05761313438, 24.2798347473, 20.7818927765, 1.13168728352, 0, 0, 0, 2.26337456703, 12.8600826263, 0.514403283596],
    "thpcp": [1, 0.964119911194, 0.510495424271, 0.219048291445, 0.250110477209, 0.302985221148, 0.440412700176, 0.673818349838, 0.525813758373, 0.305425554514, 0.427857458591, 0.408360183239, 0.329843878746, 0.510179936886, 0.556058287621, 0.512170851231, 0.563546061516, 0.465590178967, 0.342303931713, 0.301521986723, 0.249035328627, 0.268457114697, 0.367139279842, 0.556594192982, 0.843979120255, 0.720237910748, 0.355148166418, 0.288905590773, 0.319389879704, 0.255206942558, 0.19589933753, 0.294626802206, 0.299640595913, 0.207970201969, 0.2824203372, 0.603875815868],
    "chords_key": "F",
    "chords_scale": "major",
    "key_key": "C#",
    "key_scale": "minor"
}
}