{
"lowlevel": {
    "average_loudness": 0.846976161003,
    "barkbands_crest": {
        "mean": 13.0998315811,
        "var": 20.1584129333
    },
    "barkbands_flatness_db": {
        "mean": 0.196717336774,
        "var": 0.00297517469153
    },
    "barkbands_kurtosis": {
        "mean": 8.01708602905,
        "var": 119.772079468
    },
    "barkbands_skewness": {
        "mean": 2.30193662643,
        "var": 1.95211744308
    },
    "barkbands_spread": {
        "mean": 16.158624649,
        "var": 91.6073989868
    },
    "dissonance": {
        "mean": 0.471836477518,
        "var": 0.000264378613792
    },
    "dynamic_complexity": 0.9710547328,
    "erbbands_crest": {
        "mean": 9.36978816986,
        "var": 26.0314922333
    },
    "erbbands_flatness_db": {
        "mean": 0.187472954392,
        "var": 0.00137649045791
    },
    "erbbands_kurtosis": {
        "mean": -0.626455366611,
        "var": 1.65853011608
    },
    "erbbands_skewness": {
        "mean": 0.168787777424,
        "var": 0.499756932259
    },
    "erbbands_spread": {
        "mean": 44.7069816589,
        "var": 195.445037842
    },
    "hfc": {
        "mean": 23.0925712585,
        "var": 92.6749343872
    },
    "melbands_crest": {
        "mean": 17.2456512451,
        "var": 22.5663051605
    },
    "melbands_flatness_db": {
        "mean": 0.263371765614,
        "var": 0.00506351841614
    },
    "melbands_kurtosis": {
        "mean": 24.2550163269,
        "var": 774.77734375
    },
    "melbands_skewness": {
        "mean": 3.7068734169,
        "var": 3.72090625763
    },
    "melbands_spread": {
        "mean": 15.4309720993,
        "var": 159.223953247
    },
    "pitch_salience": {
        "mean": 0.462016761303,
        "var": 0.0202346388251
    },
    "silence_rate_20dB": {
        "mean": 1,
        "var": 0
    },
    "silence_rate_30dB": {
        "mean": 0.918125629425,
        "var": 0.0751690641046
    },
    "silence_rate_60dB": {
        "mean": 0.00154479919001,
        "var": 0.00154241069686
    },
    "spectral_centroid": {
        "mean": 1175.19726563,
        "var": 332169.40625
    },
    "spectral_complexity": {
        "mean": 24.8944377899,
        "var": 57.3417205811
    },
    "spectral_decrease": {
        "mean": -1.39816984657e-008,
        "var": 4.98237451982e-017
    },
    "spectral_energy": {
        "mean": 0.0548646636307,
        "var": 0.000702069723047
    },
    "spectral_energyband_high": {
        "mean": 0.000456113251857,
        "var": 2.57460271769e-007
    },
    "spectral_energyband_low": {
        "mean": 0.0310051608831,
        "var": 0.000950461719185
    },
    "spectral_energyband_middle_high": {
        "mean": 0.00497417477891,
        "var": 8.04924184195e-006
    },
    "spectral_energyband_middle_low": {
        "mean": 0.0206631198525,
        "var": 0.000133919893415
    },
    "spectral_entropy": {
        "mean": 7.30688285828,
        "var": 0.0943783298135
    },
    "spectral_flux": {
        "mean": 0.079473413527,
        "var": 0.000852930708788
    },
    "spectral_kurtosis": {
        "mean": 5.90737628937,
        "var": 17.7820186615
    },
    "spectral_rms": {
        "mean": 0.00711133703589,
        "var": 2.95551785712e-006
    },
    "spectral_rolloff": {
        "mean": 968.516662598,
        "var": 1014510.0625
    },
    "spectral_skewness": {
        "mean": 1.44656944275,
        "var": 0.408104211092
    },
    "spectral_spread": {
        "mean": 3187729.75,
        "var": 1.71399446528e+012
    },
    "spectral_strongpeak": {
        "mean": 1.23626816273,
        "var": 1.28835403919
    },
    "zerocrossingrate": {
        "mean": 0.0374462939799,
        "var": 0.00055625080131
    },
    "barkbands": {
        "mean": [0.00010415748693, 0.021478574723, 0.0073037375696, 0.00475881388411, 0.00294526014477, 0.00540361041203, 0.00435201404616, 0.000550514436327, 0.00154679152183, 0.00129718903918, 0.000183379117516, 0.00028925811057, 0.000211107937503, 0.000446431833552, 0.00073633226566, 0.00093607470626, 0.000745313300285, 0.000357002136298, 0.000556093757041, 0.000330805050908, 0.000193467683857, 7.20568277757e-005, 2.85110509139e-005, 1.87491241377e-005, 1.35085938382e-005, 5.58033570996e-006, 4.23868527832e-007],
        "var": [1.9873810686e-007, 0.000709213025402, 0.000121893048345, 6.84478582116e-005, 1.22061064758e-005, 2.61231853074e-005, 4.10086577176e-005, 4.025050373e-007, 1.58580496645e-005, 1.37031529448e-005, 3.82337006499e-008, 1.32289429189e-007, 5.52230829953e-008, 2.06655130341e-007, 5.21110166574e-007, 9.34097386107e-007, 7.63191280839e-007, 1.83157439437e-007, 4.30511619243e-007, 1.37997545835e-007, 6.0549169234e-008, 1.4714187202e-008, 2.64847632714e-009, 1.20280641003e-009, 1.21378851414e-009, 5.61520940856e-010, 8.23289093149e-012]
    },
    "erbbands": {
        "mean": [0.218006581068, 5.94441509247, 11.4873781204, 11.4489774704, 10.5214271545, 14.0762844086, 21.7154464722, 49.8447952271, 68.4966125488, 32.2293319702, 12.4982500076, 21.5921764374, 78.2398681641, 10.9767885208, 8.20660972595, 11.6610527039, 10.659740448, 20.043428421, 32.6713790894, 47.6532325745, 45.1494979858, 44.7218208313, 22.2499752045, 28.4453029633, 23.4392242432, 14.7088050842, 9.010887146, 6.31302165985, 3.06996226311, 1.31000936031, 0.759020864964, 0.506278932095, 0.253215461969, 0.160268351436, 0.0853899493814, 0.030988374725, 0.00919586420059, 0.0016880906187, 6.91064124112e-005, 6.34769894532e-005],
        "var": [0.0721928849816, 53.4107475281, 155.929260254, 264.291473389, 261.44430542, 384.249603271, 437.657073975, 2082.7980957, 12688.0693359, 1994.01306152, 191.41595459, 1639.07116699, 61458.0976563, 165.711456299, 77.4555664063, 225.688568115, 108.335403442, 350.947418213, 1084.04052734, 2167.6484375, 1830.63549805, 2692.94897461, 647.559204102, 1237.0324707, 632.089599609, 284.244506836, 159.484939575, 62.9047164917, 24.3210201263, 5.95088195801, 1.94201672077, 0.877765893936, 0.244986742735, 0.144916698337, 0.0648311898112, 0.0148648610339, 0.00177038286347, 7.02796605765e-005, 4.48621690907e-008, 8.21627321734e-010]
    },
    "gfcc": {
        "mean": [4.26449489594, 128.942428589, -129.700744629, 49.8223991394, -42.0758514404, -2.87005257607, -37.0425682068, 6.00779628754, -10.2059545517, 4.27162361145, -8.02121162415, -8.00756645203, 0.555249094963],
        "cov": [[1842.45654297, -607.65802002, -107.314567566, 13.4094047546, -214.185089111, 22.1033992767, -114.091903687, 90.1015014648, -93.2531814575, 148.811279297, -223.269622803, 189.583770752, -164.530212402], [-607.65802002, 1282.88037109, 244.029296875, 95.7760314941, 340.744873047, 127.036849976, 56.8238258362, -191.311431885, 82.2479705811, -227.364028931, 307.691925049, -308.751800537, 223.362136841], [-107.314567566, 244.029296875, 846.281311035, 27.5062942505, 185.301864624, 350.247344971, -1.69391107559, -9.1740064621, -74.2931976318, -16.9835014343, 32.7203521729, -52.1601753235, 46.5363311768], [13.4094047546, 95.7760314941, 27.5062942505, 292.046600342, 93.8394165039, -71.3070602417, 102.310661316, 7.79021453857, 27.4842758179, 1.83000659943, 52.9896240234, -24.4312648773, 44.04139328], [-214.185089111, 340.744873047, 185.301864624, 93.8394165039, 269.635955811, 56.4244842529, 94.8285369873, 37.8430519104, 22.5348415375, -62.8676567078, 47.2619552612, -63.1963005066, 51.9880943298], [22.1033992767, 127.036849976, 350.247344971, -71.3070602417, 56.4244842529, 306.177459717, 29.4288730621, 7.00334119797, -15.3833999634, -51.8524971008, -21.2347736359, -50.5084075928, 38.775970459], [-114.091903687, 56.8238258362, -1.69391107559, 102.310661316, 94.8285369873, 29.4288730621, 279.210968018, 110.700401306, 20.9914779663, -31.9894618988, -44.6323509216, -37.3441772461, 46.7255401611], [90.1015014648, -191.311431885, -9.1740064621, 7.79021453857, 37.8430519104, 7.00334119797, 110.700401306, 202.590484619, 18.0277614594, -2.05003857613, -92.482460022, 31.6776542664, -41.541343689], [-93.2531814575, 82.2479705811, -74.2931976318, 27.4842758179, 22.5348415375, -15.3833999634, 20.9914779663, 18.0277614594, 120.490982056, 6.47233724594, 27.2867088318, 5.11139345169, 10.1091527939], [148.811279297, -227.364028931, -16.9835014343, 1.83000659943, -62.8676567078, -51.8524971008, -31.9894618988, -2.05003857613, 6.47233724594, 196.449127197, 47.0608215332, 104.885360718, -31.1452522278], [-223.269622803, 307.691925049, 32.7203521729, 52.9896240234, 47.2619552612, -21.2347736359, -44.6323509216, -92.482460022, 27.2867088318, 47.0608215332, 260.033172607, -43.0633544922, 68.1376876831], [189.583770752, -308.751800537, -52.1601753235, -24.4312648773, -63.1963005066, -50.5084075928, -37.3441772461, 31.6776542664, 5.11139345169, 104.885360718, -43.0633544922, 169.014984131, -61.9762573242], [-164.530212402, 223.362136841, 46.5363311768, 44.04139328, 51.9880943298, 38.775970459, 46.7255401611, -41.541343689, 10.1091527939, -31.1452522278, 68.1376876831, -61.9762573242, 152.947189331]],
        "icov": [[0.00116583507042, -0.00115088338498, 0.000965540297329, -0.00168162991758, 0.00113071221858, -0.00176850357093, 0.00139470642898, -0.00151179370005, 0.00192077900283, -0.00174573459662, 0.00168696581386, -0.00117938627955, 0.00064074608963], [-0.00115088338498, 0.00697229849175, -0.00171116751153, 0.00345940771513, -0.00574983656406, 0.00252030277625, -0.00271839671768, 0.00601751450449, -0.00557395396754, 0.00563425477594, -0.00587438372895, 0.00539041915908, -0.00179843173828], [0.000965540297329, -0.00171116751153, 0.00462016789243, -0.00315150409006, -0.000584446068387, -0.00606784783304, 0.00282096047886, -0.00205393205397, 0.00436276569963, -0.00326805817895, 0.00191524566617, -0.00153853406664, 0.000926183129195], [-0.00168162991758, 0.00345940771513, -0.00315150409006, 0.00868480745703, -0.00361153460108, 0.00619537290186, -0.00488321110606, 0.00439461600035, -0.00516553130001, 0.00389179261401, -0.00420105550438, 0.00309775164351, -0.0017999013653], [0.00113071221858, -0.00574983656406, -0.000584446068387, -0.00361153460108, 0.0116369500756, -0.000818544533104, 0.000815677805804, -0.00625993078575, 0.00322631490417, -0.00235148402862, 0.00337334908545, -0.00436394894496, 0.00117046164814], [-0.00176850357093, 0.00252030277625, -0.00606784783304, 0.00619537290186, -0.000818544533104, 0.0123881669715, -0.00446752272546, 0.00324021163397, -0.00582220545039, 0.00475672120228, -0.00256431708112, 0.0031094790902, -0.00238252873532], [0.00139470642898, -0.00271839671768, 0.00282096047886, -0.00488321110606, 0.000815677805804, -0.00446752272546, 0.00922072026879, -0.00637825345621, 0.0037870130036, -0.00423800805584, 0.00436058314517, -0.000945247069467, -0.00111484935042], [-0.00151179370005, 0.00601751450449, -0.00205393205397, 0.00439461600035, -0.00625993078575, 0.00324021163397, -0.00637825345621, 0.0141775142401, -0.00665913289413, 0.00504176085815, -0.00345612387173, 0.00363787543029, 0.000531529833097], [0.00192077900283, -0.00557395396754, 0.00436276569963, -0.00516553130001, 0.00322631490417, -0.00582220545039, 0.0037870130036, -0.00665913289413, 0.0159536097199, -0.00573176657781, 0.00401516770944, -0.0055273110047, 0.00153005472384], [-0.00174573459662, 0.00563425477594, -0.00326805817895, 0.00389179261401, -0.00235148402862, 0.00475672120228, -0.00423800805584, 0.00504176085815, -0.00573176657781, 0.0154774207622, -0.00882984045893, -0.00164774723817, -0.00117844110355], [0.00168696581386, -0.00587438372895, 0.00191524566617, -0.00420105550438, 0.00337334908545, -0.00256431708112, 0.00436058314517, -0.00345612387173, 0.00401516770944, -0.00882984045893, 0.0124406153336, -0.0020766814705, -0.000194030682906], [-0.00117938627955, 0.00539041915908, -0.00153853406664, 0.00309775164351, -0.00436394894496, 0.0031094790902, -0.000945247069467, 0.00363787543029, -0.0055273110047, -0.00164774723817, -0.0020766814705, 0.016082637012, -0.000120977478218], [0.00064074608963, -0.00179843173828, 0.000926183129195, -0.0017999013653, 0.00117046164814, -0.00238252873532, -0.00111484935042, 0.000531529833097, 0.00153005472384, -0.00117844110355, -0.000194030682906, -0.000120977478218, 0.0104778157547]]
    },
    "melbands": {
        "mean": [0.00409245910123, 0.00731410784647, 0.00211944221519, 0.000768818310462, 0.000796581269242, 0.00119059556164, 0.000957027077675, 0.000276268227026, 9.04133776203e-005, 0.000188462101505, 0.000377067888621, 3.25754917867e-005, 2.67917293968e-005, 2.67044815701e-005, 2.98958566418e-005, 2.30732639466e-005, 3.90693712689e-005, 4.95303902426e-005, 5.76577185711e-005, 6.87133069732e-005, 4.77972971566e-005, 5.10608915647e-005, 2.51997535088e-005, 1.63035019796e-005, 2.43312078965e-005, 1.84650743904e-005, 1.51213007484e-005, 8.2917713371e-006, 6.69350583848e-006, 3.66063727597e-006, 3.44824820786e-006, 1.87538353202e-006, 1.02067701846e-006, 6.04210811161e-007, 4.51830402426e-007, 3.83110432267e-007, 2.67313311042e-007, 1.69238475678e-007, 1.66304076288e-007, 1.26335649497e-007],
        "var": [2.52474274021e-005, 6.21560684522e-005, 8.88416434464e-006, 7.27980136617e-007, 5.52447886548e-007, 1.21760058391e-006, 2.22490916713e-006, 1.61150211397e-007, 1.2637353386e-008, 2.04722766739e-007, 1.42085843891e-006, 9.78350289671e-010, 8.93610796471e-010, 8.95568730286e-010, 1.7504959704e-009, 5.27921040216e-010, 1.64213720399e-009, 3.19959991835e-009, 3.5217986305e-009, 5.89861759437e-009, 2.65288990775e-009, 4.15002299192e-009, 9.96619120563e-010, 4.16414014381e-010, 1.01938724129e-009, 4.87795581705e-010, 2.73232436676e-010, 1.4308694507e-010, 1.12350601045e-010, 2.18958427778e-011, 2.06676065151e-011, 1.03755198877e-011, 3.91998586369e-012, 1.30185532493e-012, 7.63751692098e-013, 5.55380286031e-013, 2.79286061508e-013, 1.25512610288e-013, 1.12581541041e-013, 1.1591194584e-013]
    },
    "mfcc": {
        "mean": [-632.653015137, 148.008453369, -17.0557327271, 47.9890022278, 14.9462833405, 2.47864198685, -5.5329413414, -4.86557531357, 3.43462705612, 8.28705787659, -4.33427238464, 1.00624299049, 2.85212182999],
        "cov": [[1375.0513916, -660.81427002, -193.377471924, 31.7007884979, -241.385650635, -54.6649932861, -226.148040771, -17.4427909851, -3.6327893734, -104.930892944, 94.1973953247, -35.9081726074, -39.6442718506], [-660.81427002, 1118.76489258, 233.509140015, -77.7954406738, 380.676483154, 131.270904541, 258.970367432, -20.1729278564, -41.9915313721, 85.2896575928, -132.572509766, 34.7260398865, 55.0718345642], [-193.377471924, 233.509140015, 654.903930664, -178.871490479, 238.331893921, 200.328292847, 176.562088013, -3.67461895943, -7.56709957123, 52.447265625, -76.6300430298, 6.470287323, 45.6832008362], [31.7007884979, -77.7954406738, -178.871490479, 433.562561035, -52.4009399414, -54.6046524048, 45.082698822, 40.0404777527, 50.9519500732, 35.2416992188, 34.1448898315, 19.4453735352, -3.18377184868], [-241.385650635, 380.676483154, 238.331893921, -52.4009399414, 296.38079834, 72.9883804321, 99.4142227173, 12.5771684647, -23.3150177002, 31.2737560272, -50.0179290771, 2.09617733955, 31.9894962311], [-54.6649932861, 131.270904541, 200.328292847, -54.6046524048, 72.9883804321, 175.290481567, 68.8221588135, -0.726256370544, 16.9142951965, 12.0650529861, -31.4103069305, 10.3433046341, 15.6682004929], [-226.148040771, 258.970367432, 176.562088013, 45.082698822, 99.4142227173, 68.8221588135, 280.02432251, 31.5286006927, 41.8585586548, 109.366317749, -62.1161422729, 5.63644266129, 6.7639374733], [-17.4427909851, -20.1729278564, -3.67461895943, 40.0404777527, 12.5771684647, -0.726256370544, 31.5286006927, 209.280776978, 116.836860657, 42.3959503174, 56.0026893616, -46.574016571, -63.6063346863], [-3.6327893734, -41.9915313721, -7.56709957123, 50.9519500732, -23.3150177002, 16.9142951965, 41.8585586548, 116.836860657, 195.773376465, 62.7593383789, 14.3691062927, -32.8971252441, -76.9090499878], [-104.930892944, 85.2896575928, 52.447265625, 35.2416992188, 31.2737560272, 12.0650529861, 109.366317749, 42.3959503174, 62.7593383789, 131.950302124, 0.570858061314, -11.9810705185, -5.8996591568], [94.1973953247, -132.572509766, -76.6300430298, 34.1448898315, -50.0179290771, -31.4103069305, -62.1161422729, 56.0026893616, 14.3691062927, 0.570858061314, 127.772888184, 16.4690189362, -2.64777326584], [-35.9081726074, 34.7260398865, 6.470287323, 19.4453735352, 2.09617733955, 10.3433046341, 5.63644266129, -46.574016571, -32.8971252441, -11.9810705185, 16.4690189362, 98.2509765625, 57.1966819763], [-39.6442718506, 55.0718345642, 45.6832008362, -3.18377184868, 31.9894962311, 15.6682004929, 6.7639374733, -63.6063346863, -76.9090499878, -5.8996591568, -2.64777326584, 57.1966819763, 126.67880249]],
        "icov": [[0.00108133337926, 0.000536374223884, 0.000111875917355, -4.26239639637e-005, 2.86751728709e-005, -0.000390878296457, 0.000150143489009, 0.000253183476161, 9.92544755718e-006, 0.000341570586897, -0.000343125051586, 0.000436972157331, 4.14844653278e-005], [0.000536374223884, 0.00252306764014, 0.00122555054259, 0.000493090599775, -0.0028021808248, -0.00116754090413, -0.00118783744983, 5.78989647693e-006, 0.000491073937155, -0.000368161854567, 0.000912541698199, -0.00077634153422, 0.000210372381844], [0.000111875917355, 0.00122555054259, 0.00413961475715, 0.00132200785447, -0.00302214897238, -0.00308849639259, -0.00180862750858, 2.35568095377e-005, 0.000211872087675, -0.000353338313289, 0.000477763387607, -0.000183959607966, -0.000498605542816], [-4.26239639637e-005, 0.000493090599775, 0.00132200785447, 0.00316988211125, -0.000712013919838, 8.54977406561e-005, -0.00149845867418, -0.000154975816258, -0.000634379335679, -6.13078154856e-005, -0.000268986215815, -0.000769611273427, -0.000499494548421], [2.86751728709e-005, -0.0028021808248, -0.00302214897238, -0.000712013919838, 0.00882887654006, 0.00112266861834, 0.00126561301295, -0.00146194116678, 0.000821498571895, 0.000113635302114, 0.000199055444682, 0.000997531693429, -0.000813044724055], [-0.000390878296457, -0.00116754090413, -0.00308849639259, 8.54977406561e-005, 0.00112266861834, 0.00993772596121, -0.000525863899384, 0.000356790202204, -0.00219766609371, 0.00176350050606, -5.22460468346e-005, -0.00042190644308, -0.000866954622325], [0.000150143489009, -0.00118783744983, -0.00180862750858, -0.00149845867418, 0.00126561301295, -0.000525863899384, 0.00899100210518, -0.00185461330693, 0.00100830337033, -0.00573639245704, 0.00369976973161, -0.00192647741642, 0.000804272771347], [0.000253183476161, 5.78989647693e-006, 2.35568095377e-005, -0.000154975816258, -0.00146194116678, 0.000356790202204, -0.00185461330693, 0.010534465313, -0.00511949975044, 0.00158007105347, -0.0061043696478, 0.00433061970398, 0.000660367368255], [9.92544755718e-006, 0.000491073937155, 0.000211872087675, -0.000634379335679, 0.000821498571895, -0.00219766609371, 0.00100830337033, -0.00511949975044, 0.0114528583363, -0.00486224703491, 0.00246282923035, -0.00241413642652, 0.00500554405153], [0.000341570586897, -0.000368161854567, -0.000353338313289, -6.13078154856e-005, 0.000113635302114, 0.00176350050606, -0.00573639245704, 0.00158007105347, -0.00486224703491, 0.014837840572, -0.00387157383375, 0.003593333764, -0.00271860952489], [-0.000343125051586, 0.000912541698199, 0.000477763387607, -0.000268986215815, 0.000199055444682, -5.22460468346e-005, 0.00369976973161, -0.0061043696478, 0.00246282923035, -0.00387157383375, 0.0144047364593, -0.00571264419705, 0.000205768592423], [0.000436972157331, -0.00077634153422, -0.000183959607966, -0.000769611273427, 0.000997531693429, -0.00042190644308, -0.00192647741642, 0.00433061970398, -0.00241413642652, 0.003593333764, -0.00571264419705, 0.0174493845552, -0.0066974516958], [4.14844653278e-005, 0.000210372381844, -0.000498605542816, -0.000499494548421, -0.000813044724055, -0.000866954622325, 0.000804272771347, 0.000660367368255, 0.00500554405153, -0.00271860952489, 0.000205768592423, -0.0066974516958, 0.0145245473832]]
    },
    "spectral_contrast_coeffs": {
        "mean": [-0.619924485683, -0.682442843914, -0.775504171848, -0.761449337006, -0.753246307373, -0.713416218758],
        "var": [0.00551198562607, 0.00732914265245, 0.00679872464389, 0.00323720974848, 0.00148285925388, 0.00277232355438]
    },
    "spectral_contrast_valleys": {
        "mean": [-6.92153263092, -6.41069221497, -7.30805587769, -7.27947568893, -7.35263776779, -10.9768953323],
        "var": [0.673443496227, 0.436396300793, 0.428071975708, 0.400485396385, 0.778709173203, 0.690673172474]
    }
},
"metadata": {
    "audio_properties": {
        "analysis_sample_rate": 44100,
        "bit_rate": 128074,
        "equal_loudness": 0,
        "length": 45.0612258911,
        "lossless": 0,
        "replay_gain": -6.09901809692,
        "sample_rate": 44100,
        "codec": "mp3",
        "downmix": "mix",
        "md5_encoded": "f4f05a54f1da61f011c692840d1b0a11"
    },
    "tags": {
        "file_name": "1782.mp3"
    },
    "version": {
        "essentia": "2.1-beta2",
        "essentia_git_sha": "v2.1_beta2",
        "extractor": "music 1.0"
    }
},
"rhythm": {
    "beats_count": 74,
    "beats_loudness": {
        "mean": 0.0551245212555,
        "var": 0.000614606949966
    },
    "bpm": 87.8773117065,
    "bpm_histogram_first_peak_bpm": {
        "mean": 88,
        "var": 0
    },
    "bpm_histogram_first_peak_spread": {
        "mean": 0.222222208977,
        "var": 0
    },
    "bpm_histogram_first_peak_weight": {
        "mean": 0.479452043772,
        "var": 0
    },
    "bpm_histogram_second_peak_bpm": {
        "mean": 157,
        "var": 0
    },
    "bpm_histogram_second_peak_spread": {
        "mean": 0.300000011921,
        "var": 0
    },
    "bpm_histogram_second_peak_weight": {
        "mean": 0.0958904102445,
        "var": 0
    },
    "danceability": 0.844678163528,
    "onset_rate": 2.95020961761,
    "beats_loudness_band_ratio": {
        "mean": [0.539401292801, 0.194278433919, 0.181410059333, 0.0274902097881, 0.0746154338121, 0.0323972515762],
        "var": [0.0985678434372, 0.023150511086, 0.0503666326404, 0.000533712853212, 0.00609351834282, 0.0019996734336]
    },
    "beats_position": [0.383129239082, 0.766258478165, 1.16099774837, 1.5673469305, 1.9620860815, 2.34521532059, 2.73995471001, 3.12308382988, 3.50621318817, 3.87773227692, 4.26086139679, 4.6439909935, 5.01551008224, 5.38702917099, 5.7701587677, 6.24616765976, 6.71056699753, 7.19818592072, 7.70902490616, 8.2198638916, 8.73070240021, 9.34603118896, 9.96135997772, 10.5766887665, 11.1920175552, 11.8189563751, 12.445895195, 13.084444046, 13.8042631149, 14.512471199, 15.1974601746, 15.870839119, 16.5442180634, 17.2059860229, 17.8793640137, 18.5643539429, 19.2493419647, 19.9459400177, 20.6309299469, 21.3159179688, 22.0009059906, 22.6858959198, 23.3592739105, 24.0442619324, 24.7292518616, 25.4142398834, 26.0992279053, 26.7958278656, 27.4808158875, 28.1774139404, 28.8740139008, 29.5590019226, 30.2439899445, 30.9289798737, 31.6255779266, 32.3105659485, 32.9955558777, 33.6921539307, 34.3771438599, 35.0621299744, 35.7355079651, 36.4088897705, 37.0822677612, 37.755645752, 38.4290237427, 39.1140136719, 39.7989997864, 40.4839897156, 41.1689796448, 41.8423576355, 42.5157356262, 43.1891136169, 43.8392753601, 44.5010414124]
},
"tonal": {
    "chords_changes_rate": 0.0411522649229,
    "chords_number_rate": 0.0123456791043,
    "chords_strength": {
        "mean": 0.530408382416,
        "var": 0.00783810112625
    },
    "hpcp_entropy": {
        "mean": 2.13692092896,
        "var": 0.662366092205
    },
    "key_strength": 0.543196558952,
    "tuning_diatonic_strength": 0.530900716782,
    "tuning_equal_tempered_deviation": 0.31793859601,
    "tuning_frequency": 454.202880859,
    "tuning_nontempered_energy_ratio": 0.946888208389,
    "hpcp": {
        "mean": [0.0713191330433, 0.0832257196307, 0.10243704915, 0.123228654265, 0.140010461211, 0.108729176223, 0.0510605089366, 0.0303901452571, 0.026127666235, 0.0262847617269, 0.028606409207, 0.0266463644803, 0.0261662323028, 0.0448451340199, 0.0570256076753, 0.0492921918631, 0.0414175949991, 0.0405265502632, 0.133303582668, 0.432379513979, 0.532765805721, 0.281741797924, 0.10762745887, 0.0533532500267, 0.0295739341527, 0.0275977831334, 0.0579154901206, 0.0969655513763, 0.108172036707, 0.130548462272, 0.149507209659, 0.116112105548, 0.0688688978553, 0.0460069999099, 0.0458438545465, 0.0598753839731],
        "var": [0.0306384917349, 0.0374740436673, 0.0463350713253, 0.0593900568783, 0.0499212145805, 0.0301172658801, 0.00766762951389, 0.00472405552864, 0.0030689088162, 0.00421798275784, 0.00510299531743, 0.00412543909624, 0.00300315115601, 0.0134631330147, 0.0214662943035, 0.0126276547089, 0.00698332954198, 0.0110163148493, 0.0352242514491, 0.154377579689, 0.184743210673, 0.0983417853713, 0.0411785319448, 0.0165506731719, 0.00644135754555, 0.0052168420516, 0.0147222978994, 0.0570059642196, 0.0453354008496, 0.0809606537223, 0.0868006870151, 0.0644544884562, 0.0292009133846, 0.0163117796183, 0.0122349755839, 0.0195105168968]
    },
    "chords_histogram": [6.17283964157, 0.823045253754, 0, 0, 0, 0, 6.06995868683, 27.9835395813, 4.93827152252, 2.46913576126, 2.36625504494, 0, 4.32098770142, 0.720164597034, 0, 9.97942352295, 0, 0.617283940315, 9.46502017975, 0, 0, 1.13168728352, 11.4197530746, 11.5226335526],
    "thpcp": [1, 0.528828620911, 0.202016457915, 0.100143909454, 0.0555101968348, 0.0518009662628, 0.108707219362, 0.182004079223, 0.203038617969, 0.245039120317, 0.280624628067, 0.217942118645, 0.129266738892, 0.0863550156355, 0.0860487893224, 0.112385936081, 0.133865818381, 0.156214460731, 0.192274063826, 0.231299862266, 0.262799263, 0.204084381461, 0.0958404392004, 0.05704222247, 0.0490415617824, 0.0493364296854, 0.0536941550672, 0.050015155226, 0.0491139478981, 0.0841742008924, 0.107036910951, 0.0925213098526, 0.077740713954, 0.0760682299733, 0.250210464001, 0.811575174332],
    "chords_key": "D#",
    "chords_scale": "major",
    "key_key": "D#",
    "key_scale": "minor"
}
}