{
"lowlevel": {
    "average_loudness": 0.852802932262,
    "barkbands_crest": {
        "mean": 11.8170261383,
        "var": 18.6470489502
    },
    "barkbands_flatness_db": {
        "mean": 0.200935825706,
        "var": 0.00644378829747
    },
    "barkbands_kurtosis": {
        "mean": 15.090839386,
        "var": 366.466339111
    },
    "barkbands_skewness": {
        "mean": 2.41139793396,
        "var": 3.13224315643
    },
    "barkbands_spread": {
        "mean": 13.661277771,
        "var": 284.090698242
    },
    "dissonance": {
        "mean": 0.411895215511,
        "var": 0.00463612563908
    },
    "dynamic_complexity": 4.55835914612,
    "erbbands_crest": {
        "mean": 11.8908901215,
        "var": 38.8543319702
    },
    "erbbands_flatness_db": {
        "mean": 0.180892810225,
        "var": 0.00475644133985
    },
    "erbbands_kurtosis": {
        "mean": 4.60288190842,
        "var": 49.6093444824
    },
    "erbbands_skewness": {
        "mean": 1.32114207745,
        "var": 1.54635512829
    },
    "erbbands_spread": {
        "mean": 36.4082679749,
        "var": 849.679870605
    },
    "hfc": {
        "mean": 9.94462966919,
        "var": 101.83971405
    },
    "melbands_crest": {
        "mean": 15.6503410339,
        "var": 28.4538459778
    },
    "melbands_flatness_db": {
        "mean": 0.288156062365,
        "var": 0.010684646666
    },
    "melbands_kurtosis": {
        "mean": 30.5051727295,
        "var": 2017.9630127
    },
    "melbands_skewness": {
        "mean": 3.23360037804,
        "var": 5.88740682602
    },
    "melbands_spread": {
        "mean": 14.04829216,
        "var": 593.48260498
    },
    "pitch_salience": {
        "mean": 0.549139142036,
        "var": 0.0172469168901
    },
    "silence_rate_20dB": {
        "mean": 1,
        "var": 0
    },
    "silence_rate_30dB": {
        "mean": 1,
        "var": 0
    },
    "silence_rate_60dB": {
        "mean": 0.172502577305,
        "var": 0.142744153738
    },
    "spectral_centroid": {
        "mean": 807.082824707,
        "var": 677389.6875
    },
    "spectral_complexity": {
        "mean": 7.43099880219,
        "var": 22.6170196533
    },
    "spectral_decrease": {
        "mean": -6.05288352773e-009,
        "var": 2.93166308676e-017
    },
    "spectral_energy": {
        "mean": 0.0237469635904,
        "var": 0.000449292536359
    },
    "spectral_energyband_high": {
        "mean": 0.000238479769905,
        "var": 1.88409231328e-007
    },
    "spectral_energyband_low": {
        "mean": 0.00610362086445,
        "var": 4.50215120509e-005
    },
    "spectral_energyband_middle_high": {
        "mean": 0.000954247487243,
        "var": 1.86950387615e-006
    },
    "spectral_energyband_middle_low": {
        "mean": 0.0177714843303,
        "var": 0.000345427310094
    },
    "spectral_entropy": {
        "mean": 6.92670679092,
        "var": 0.7898401618
    },
    "spectral_flux": {
        "mean": 0.0653819590807,
        "var": 0.00190018548165
    },
    "spectral_kurtosis": {
        "mean": 9.13165473938,
        "var": 118.23639679
    },
    "spectral_rms": {
        "mean": 0.00422993628308,
        "var": 5.27545307705e-006
    },
    "spectral_rolloff": {
        "mean": 1070.28503418,
        "var": 3919467.25
    },
    "spectral_skewness": {
        "mean": 2.24231290817,
        "var": 1.45966541767
    },
    "spectral_spread": {
        "mean": 5059901.5,
        "var": 5.07332159078e+012
    },
    "spectral_strongpeak": {
        "mean": 1.00337028503,
        "var": 1.51288461685
    },
    "zerocrossingrate": {
        "mean": 0.0476134568453,
        "var": 0.00269589363597
    },
    "barkbands": {
        "mean": [0.000177437104867, 0.00232907757163, 0.00231456616893, 0.00266877771355, 0.00521553400904, 0.00436519645154, 0.00162814243231, 0.00181458937004, 0.00198048935272, 0.000168372309417, 0.000212822546018, 0.000192624836927, 8.53663732414e-005, 8.59715801198e-005, 9.2816328106e-005, 7.74269210524e-005, 2.79791602225e-005, 2.3191811124e-005, 3.24977263517e-005, 3.9682519855e-005, 5.36943662155e-005, 3.97259755118e-005, 3.22252417391e-005, 3.43783285643e-005, 2.85832047666e-005, 2.25504318223e-005, 3.26036183651e-006],
        "var": [9.9346173954e-008, 1.16842338684e-005, 1.05876861198e-005, 1.74709730345e-005, 6.93883775966e-005, 7.6219701441e-005, 1.66941845237e-005, 3.74300470867e-005, 5.77039827476e-005, 2.87900206786e-007, 3.38218171692e-007, 2.4750639227e-007, 3.71283412903e-008, 3.79025131281e-008, 6.25366922691e-008, 3.49948692246e-008, 3.78376618926e-009, 2.37782660228e-009, 5.9609401859e-009, 7.1771681931e-009, 1.33130217961e-008, 7.73054065206e-009, 3.62886254379e-009, 5.42609024379e-009, 3.91691701296e-009, 5.57009594004e-009, 1.25968208087e-010]
    },
    "erbbands": {
        "mean": [0.0575838834047, 0.567166388035, 2.32521796227, 6.46701717377, 13.5407218933, 16.9392738342, 22.4088897705, 38.8141860962, 31.4304561615, 26.6692123413, 40.9165687561, 47.5077438354, 20.145488739, 5.89291667938, 9.0468454361, 6.92874240875, 4.20406627655, 4.92061805725, 2.76103210449, 7.49469566345, 3.07002139091, 1.57544100285, 1.36659646034, 1.46733522415, 1.692704916, 1.80732047558, 2.30787611008, 1.91801261902, 1.48987972736, 1.16659784317, 0.8783197999, 0.779788076878, 0.522405445576, 0.349316447973, 0.184477806091, 0.0906746014953, 0.0414218306541, 0.0115363085642, 0.000325778848492, 3.40153746947e-005],
        "var": [0.00920779164881, 0.686686992645, 9.50231075287, 77.7555465698, 463.784973145, 1309.77416992, 1632.95385742, 7919.95166016, 5723.91064453, 5363.56298828, 15744.8417969, 38960.25, 6855.61669922, 150.661376953, 402.948730469, 276.267028809, 73.343208313, 131.415466309, 29.1725902557, 580.897583008, 37.0622138977, 10.4622402191, 7.23234796524, 13.7264051437, 13.5675649643, 14.3256168365, 22.5385837555, 20.2678947449, 12.153717041, 5.11815643311, 2.83105158806, 2.9757502079, 1.14851152897, 0.57931381464, 0.173144638538, 0.0601785555482, 0.0251356046647, 0.00159613939468, 1.17717615922e-006, 1.18155640827e-009]
    },
    "gfcc": {
        "mean": [-73.6582565308, 105.727012634, -73.2966079712, 28.0879364014, -68.0631408691, 7.57980489731, -43.2379798889, -0.292190760374, -23.8825759888, 3.53744745255, -20.0636768341, -2.69907808304, -9.87698173523],
        "cov": [[6178.66992188, -142.5181427, -501.696166992, -523.29675293, -341.454467773, -43.1751556396, -160.209503174, -19.0629711151, -52.0411224365, 37.701675415, -100.807220459, 49.6947555542, -74.5050125122], [-142.5181427, 2657.42675781, 98.4928131104, -749.693481445, 217.80480957, -121.557220459, 51.3412513733, -316.117218018, 304.965057373, -236.132324219, 35.5791664124, -208.364456177, 203.2550354], [-501.696166992, 98.4928131104, 1258.91723633, 225.371246338, 214.6746521, 87.5171203613, 28.9149665833, 88.5197753906, -17.8540439606, 48.8952331543, -64.1317977905, -9.56940555573, -94.3680419922], [-523.29675293, -749.693481445, 225.371246338, 817.424255371, 60.1717224121, 93.4356384277, 87.9927139282, 113.871139526, -98.2183456421, 92.870300293, 67.8388442993, 33.7795181274, -98.5451583862], [-341.454467773, 217.80480957, 214.6746521, 60.1717224121, 318.09197998, 92.1598129272, 69.9897689819, 17.1453342438, 73.3773727417, 17.0723133087, -4.44236469269, -14.5991544724, -6.89175844193], [-43.1751556396, -121.557220459, 87.5171203613, 93.4356384277, 92.1598129272, 160.555114746, 62.5488548279, 70.3404846191, 14.6456575394, 49.7354736328, 1.42423450947, 21.0181560516, -15.3821315765], [-160.209503174, 51.3412513733, 28.9149665833, 87.9927139282, 69.9897689819, 62.5488548279, 124.397171021, 57.1404457092, 27.7724952698, 4.6166305542, 18.0370883942, -4.51345968246, -6.22225093842], [-19.0629711151, -316.117218018, 88.5197753906, 113.871139526, 17.1453342438, 70.3404846191, 57.1404457092, 196.392929077, 37.5325737, 54.4102554321, -42.1922569275, 26.0459709167, -23.1986217499], [-52.0411224365, 304.965057373, -17.8540439606, -98.2183456421, 73.3773727417, 14.6456575394, 27.7724952698, 37.5325737, 144.500946045, 7.48515415192, -15.3409471512, -36.7427978516, 33.0290870667], [37.701675415, -236.132324219, 48.8952331543, 92.870300293, 17.0723133087, 49.7354736328, 4.6166305542, 54.4102554321, 7.48515415192, 114.529014587, 37.51612854, 33.7269248962, -45.109588623], [-100.807220459, 35.5791664124, -64.1317977905, 67.8388442993, -4.44236469269, 1.42423450947, 18.0370883942, -42.1922569275, -15.3409471512, 37.51612854, 131.209503174, 43.2515525818, -4.83726024628], [49.6947555542, -208.364456177, -9.56940555573, 33.7795181274, -14.5991544724, 21.0181560516, -4.51345968246, 26.0459709167, -36.7427978516, 33.7269248962, 43.2515525818, 94.1867904663, 8.82957553864], [-74.5050125122, 203.2550354, -94.3680419922, -98.5451583862, -6.89175844193, -15.3821315765, -6.22225093842, -23.1986217499, 33.0290870667, -45.109588623, -4.83726024628, 8.82957553864, 97.4706268311]],
        "icov": [[0.000205560514587, -9.41208782024e-005, 0.000109771506686, 6.78714786773e-005, 0.000207616758416, -0.000145921250805, 0.000127197869006, 1.5187288227e-005, 4.09326821682e-005, -0.000155144240125, 0.000406028470024, -0.000425468577305, 0.000504700932652], [-9.41208782024e-005, 0.00185420433991, -0.000792917795479, 0.00107034412213, -0.000331570423441, 0.000225558353122, -0.00139400328044, 0.00198316760361, -0.00275268964469, 0.00196096207947, -0.00246782368049, 0.00249025784433, -0.00173661287408], [0.000109771506686, -0.000792917795479, 0.00141214439645, -0.000558249710593, -0.000586554058827, -0.000140828182339, 0.000936547061428, -0.00109634385444, 0.00148059474304, -0.000855387072079, 0.00164982920978, -0.00120054883882, 0.00156835792586], [6.78714786773e-005, 0.00107034412213, -0.000558249710593, 0.00276729045436, -0.000647939566988, 2.93119501293e-005, -0.00127253157552, -0.000584309222177, 0.000873884884641, 0.000361450831406, -0.00296680163592, 0.00291829672642, -0.000724719953723], [0.000207616758416, -0.000331570423441, -0.000586554058827, -0.000647939566988, 0.00591058377177, -0.00258213514462, -0.00180414761417, 0.00279741222039, -0.00372674944811, 4.5420780225e-005, 0.00217448989861, -0.00267743738368, 0.00182253529783], [-0.000145921250805, 0.000225558353122, -0.000140828182339, 2.93119501293e-005, -0.00258213514462, 0.011197026819, -0.0044719404541, -0.00101416360121, 0.00149773643352, -0.00448657246307, 0.00137635029387, -0.00052599562332, -0.00209896196611], [0.000127197869006, -0.00139400328044, 0.000936547061428, -0.00127253157552, -0.00180414761417, -0.0044719404541, 0.0165886431932, -0.00765806203708, 0.00167813617736, 0.00463743507862, -0.00489602750167, 0.00207000924274, 0.00217438512482], [1.5187288227e-005, 0.00198316760361, -0.00109634385444, -0.000584309222177, 0.00279741222039, -0.00101416360121, -0.00765806203708, 0.0163386203349, -0.00978683214635, -0.00184040854219, 0.00714542437345, -0.0062864292413, 0.00105021474883], [4.09326821682e-005, -0.00275268964469, 0.00148059474304, 0.000873884884641, -0.00372674944811, 0.00149773643352, 0.00167813617736, -0.00978683214635, 0.0211482308805, -0.00836779363453, -0.000308837014018, 0.00754192750901, -0.00589838670567], [-0.000155144240125, 0.00196096207947, -0.000855387072079, 0.000361450831406, 4.5420780225e-005, -0.00448657246307, 0.00463743507862, -0.00184040854219, -0.00836779363453, 0.0225307177752, -0.0089223664254, -0.00199367408641, 0.00748327374458], [0.000406028470024, -0.00246782368049, 0.00164982920978, -0.00296680163592, 0.00217448989861, 0.00137635029387, -0.00489602750167, 0.00714542437345, -0.000308837014018, -0.0089223664254, 0.0211316701025, -0.0136338537559, 0.00407250644639], [-0.000425468577305, 0.00249025784433, -0.00120054883882, 0.00291829672642, -0.00267743738368, -0.00052599562332, 0.00207000924274, -0.0062864292413, 0.00754192750901, -0.00199367408641, -0.0136338537559, 0.0277673788369, -0.0120367286727], [0.000504700932652, -0.00173661287408, 0.00156835792586, -0.000724719953723, 0.00182253529783, -0.00209896196611, 0.00217438512482, 0.00105021474883, -0.00589838670567, 0.00748327374458, 0.00407250644639, -0.0120367286727, 0.0219932422042]]
    },
    "melbands": {
        "mean": [0.000586108944844, 0.00108093116432, 0.00132277491502, 0.00112945656292, 0.00077328144107, 0.000864660774823, 0.000463062780909, 0.000325764296576, 0.000331388378982, 0.000285553338472, 9.1002570116e-005, 1.98169964278e-005, 3.18193124258e-005, 2.55326613114e-005, 9.49045079324e-006, 1.0080150787e-005, 8.559663911e-006, 3.9524852582e-006, 6.95077415003e-006, 8.6280706455e-006, 2.83458916783e-006, 1.50217852024e-006, 1.56266537488e-006, 9.88968395177e-007, 1.19434287171e-006, 1.2646836467e-006, 1.16984699616e-006, 1.20628180866e-006, 1.47899174863e-006, 1.28715544179e-006, 1.04142941382e-006, 8.43842713039e-007, 7.27064559669e-007, 6.1968916043e-007, 4.93299296522e-007, 5.20746937127e-007, 4.50134791663e-007, 3.84026776601e-007, 3.00801758613e-007, 2.95605985912e-007],
        "var": [7.69600376316e-007, 1.86182364814e-006, 2.86564704766e-006, 4.01293937102e-006, 1.79587493676e-006, 3.69688018509e-006, 1.17801710076e-006, 8.67835524332e-007, 9.1764309218e-007, 1.372562906e-006, 1.67825135122e-007, 2.05678052367e-009, 6.94489221686e-009, 4.59018911769e-009, 4.17403250852e-010, 5.46836798065e-010, 4.00618177521e-010, 7.88575246768e-011, 3.829557782e-010, 6.83309075988e-010, 4.43308827147e-011, 1.25573657375e-011, 9.55879212589e-012, 4.61358338685e-012, 1.05373080053e-011, 8.53704173326e-012, 7.1649925576e-012, 6.60052134477e-012, 9.69538945655e-012, 8.35227546847e-012, 6.45824019263e-012, 4.20996050521e-012, 2.37677065529e-012, 1.44983124898e-012, 9.17131496615e-013, 1.28072942876e-012, 1.02573407667e-012, 6.50533934447e-013, 3.72075932347e-013, 4.6883243815e-013]
    },
    "mfcc": {
        "mean": [-731.788513184, 137.912658691, 42.10729599, 24.8110046387, 1.59998071194, 5.71579790115, -7.65526199341, -7.48727989197, -1.77536058426, -1.89739012718, -4.20377874374, -1.51930260658, -2.90814566612],
        "cov": [[5791.24951172, -330.228942871, -570.295959473, -444.014587402, -389.907318115, -187.956298828, -190.285598755, -122.052444458, -117.993080139, -86.9130554199, -88.9998550415, 29.7953948975, 57.8327445984], [-330.228942871, 2817.48950195, 91.3863601685, -465.683288574, 76.9509658813, 51.3838005066, -245.395492554, -91.2755813599, 100.546470642, -30.2372589111, -107.278862, -63.8857269287, 51.1294250488], [-570.295959473, 91.3863601685, 794.877197266, 238.129547119, 179.122634888, 47.9779510498, 83.4386978149, 45.6424446106, 29.2249164581, 46.124370575, 61.407913208, -11.320725441, -23.7669715881], [-444.014587402, -465.683288574, 238.129547119, 468.021270752, 128.046768188, 85.2881011963, 138.036483765, 66.1081237793, -11.2108488083, 40.1707801819, 88.5758743286, 28.0545387268, -10.3553419113], [-389.907318115, 76.9509658813, 179.122634888, 128.046768188, 238.326171875, 111.957611084, 56.2402915955, 40.4462165833, 60.9546813965, 52.3536376953, 46.3531951904, 28.5069923401, 18.0985374451], [-187.956298828, 51.3838005066, 47.9779510498, 85.2881011963, 111.957611084, 163.389541626, 82.6316680908, 27.9416885376, 7.87816143036, 23.511182785, 37.8120079041, 22.8483219147, 16.9872074127], [-190.285598755, -245.395492554, 83.4386978149, 138.036483765, 56.2402915955, 82.6316680908, 158.645446777, 69.3312911987, -6.41677808762, 12.8567762375, 45.6725540161, 34.1930618286, 8.16405010223], [-122.052444458, -91.2755813599, 45.6424446106, 66.1081237793, 40.4462165833, 27.9416885376, 69.3312911987, 105.234199524, 58.4766082764, 27.5661010742, 22.8622093201, 17.7199859619, 7.55441045761], [-117.993080139, 100.546470642, 29.2249164581, -11.2108488083, 60.9546813965, 7.87816143036, -6.41677808762, 58.4766082764, 139.350769043, 74.5401306152, 16.3522891998, -7.34173345566, 5.83048868179], [-86.9130554199, -30.2372589111, 46.124370575, 40.1707801819, 52.3536376953, 23.511182785, 12.8567762375, 27.5661010742, 74.5401306152, 102.043823242, 49.946521759, 5.87796497345, 3.112814188], [-88.9998550415, -107.278862, 61.407913208, 88.5758743286, 46.3531951904, 37.8120079041, 45.6725540161, 22.8622093201, 16.3522891998, 49.946521759, 100.359436035, 53.7142944336, 12.5505867004], [29.7953948975, -63.8857269287, -11.320725441, 28.0545387268, 28.5069923401, 22.8483219147, 34.1930618286, 17.7199859619, -7.34173345566, 5.87796497345, 53.7142944336, 101.043876648, 52.0358772278], [57.8327445984, 51.1294250488, -23.7669715881, -10.3553419113, 18.0985374451, 16.9872074127, 8.16405010223, 7.55441045761, 5.83048868179, 3.112814188, 12.5505867004, 52.0358772278, 94.8705749512]],
        "icov": [[0.000212358921999, 5.76791753701e-005, 2.54240512731e-005, 0.000144199337228, 0.000238588414504, -9.79105607257e-005, 0.000214083338506, -2.83532444882e-005, 0.000100280456536, -7.41612675483e-005, 4.58202375739e-005, -0.000124975616927, -0.000123822101159], [5.76791753701e-005, 0.00060817040503, -0.000276885926723, 0.000592891417909, -3.46353881469e-005, -0.000894339871593, 0.00103781814687, 1.36884000312e-005, -0.000439661147539, 0.000540666631423, -1.48674434968e-005, 0.000165810706676, -0.000370930414647], [2.54240512731e-005, -0.000276885926723, 0.00194008485414, -0.000662030884996, -0.00148725463077, 0.00146201031748, -0.00100952479988, -4.87415709358e-005, 0.000524759059772, -0.000115692411782, -0.000911820679903, 0.00111479219049, 0.000140907461173], [0.000144199337228, 0.000592891417909, -0.000662030884996, 0.00447809509933, -0.00148402759805, -0.000253401056398, -0.000692237284966, -0.00149099261034, 0.00191077729687, -0.000188591613551, -0.00233246036805, 0.00147335405927, -0.000188518024515], [0.000238588414504, -3.46353881469e-005, -0.00148725463077, -0.00148402759805, 0.00999086536467, -0.0059493877925, 0.00133720517624, 0.00133683322929, -0.00430895481259, -0.000345350505086, 0.00172181718517, -0.00327897071838, 0.000123300371342], [-9.79105607257e-005, -0.000894339871593, 0.00146201031748, -0.000253401056398, -0.0059493877925, 0.0139358378947, -0.00749305263162, 0.0013801464811, 0.00217716163024, -0.00120903435163, -0.00200551585294, 0.00236457982101, -0.00107091432437], [0.000214083338506, 0.00103781814687, -0.00100952479988, -0.000692237284966, 0.00133720517624, -0.00749305263162, 0.0182471610606, -0.0107414619997, 0.00486677698791, -1.52021766553e-005, -0.00123321183491, -0.00123900570907, -0.000102503960079], [-2.83532444882e-005, 1.36884000312e-005, -4.87415709358e-005, -0.00149099261034, 0.00133683322929, 0.0013801464811, -0.0107414619997, 0.0232510846108, -0.0135193057358, 0.00389406620525, 0.00163143244572, -0.00308322929777, 0.000584095600061], [0.000100280456536, -0.000439661147539, 0.000524759059772, 0.00191077729687, -0.00430895481259, 0.00217716163024, 0.00486677698791, -0.0135193057358, 0.0225730091333, -0.0134999556467, 0.00119335134514, 0.00306576653384, -0.00117799907457], [-7.41612675483e-005, 0.000540666631423, -0.000115692411782, -0.000188591613551, -0.000345350505086, -0.00120903435163, -1.52021766553e-005, 0.00389406620525, -0.0134999556467, 0.0250169504434, -0.0121843609959, 0.0048337331973, -0.00135269423481], [4.58202375739e-005, -1.48674434968e-005, -0.000911820679903, -0.00233246036805, 0.00172181718517, -0.00200551585294, -0.00123321183491, 0.00163143244572, 0.00119335134514, -0.0121843609959, 0.025903634727, -0.0146349715069, 0.00443069310859], [-0.000124975616927, 0.000165810706676, 0.00111479219049, 0.00147335405927, -0.00327897071838, 0.00236457982101, -0.00123900570907, -0.00308322929777, 0.00306576653384, 0.0048337331973, -0.0146349715069, 0.0243923347443, -0.0108087686822], [-0.000123822101159, -0.000370930414647, 0.000140907461173, -0.000188518024515, 0.000123300371342, -0.00107091432437, -0.000102503960079, 0.000584095600061, -0.00117799907457, -0.00135269423481, 0.00443069310859, -0.0108087686822, 0.0164205059409]]
    },
    "spectral_contrast_coeffs": {
        "mean": [-0.595891475677, -0.684587359428, -0.763978362083, -0.803692042828, -0.835657417774, -0.795360982418],
        "var": [0.0114342281595, 0.011924399063, 0.00982257816941, 0.00474153552204, 0.00099891575519, 0.00123203522526]
    },
    "spectral_contrast_valleys": {
        "mean": [-7.64469003677, -7.22950935364, -8.33023643494, -8.88504886627, -8.70374488831, -10.7325086594],
        "var": [1.33402013779, 1.01947438717, 1.04671669006, 0.849992573261, 0.988824367523, 1.12465167046]
    }
},
"metadata": {
    "audio_properties": {
        "analysis_sample_rate": 44100,
        "bit_rate": 128074,
        "equal_loudness": 0,
        "length": 45.0612258911,
        "lossless": 0,
        "replay_gain": -5.60826873779,
        "sample_rate": 44100,
        "codec": "mp3",
        "downmix": "mix",
        "md5_encoded": "49e64b1ef15a05e0aecc0d578f00cb8f"
    },
    "tags": {
        "file_name": "1784.mp3"
    },
    "version": {
        "essentia": "2.1-beta2",
        "essentia_git_sha": "v2.1_beta2",
        "extractor": "music 1.0"
    }
},
"rhythm": {
    "beats_count": 91,
    "beats_loudness": {
        "mean": 0.0274553429335,
        "var": 0.000378405093215
    },
    "bpm": 120.698997498,
    "bpm_histogram_first_peak_bpm": {
        "mean": 120,
        "var": 0
    },
    "bpm_histogram_first_peak_spread": {
        "mean": 0.61016947031,
        "var": 0
    },
    "bpm_histogram_first_peak_weight": {
        "mean": 0.255555570126,
        "var": 0
    },
    "bpm_histogram_second_peak_bpm": {
        "mean": 129,
        "var": 0
    },
    "bpm_histogram_second_peak_spread": {
        "mean": 0.458333343267,
        "var": 0
    },
    "bpm_histogram_second_peak_weight": {
        "mean": 0.144444450736,
        "var": 0
    },
    "danceability": 1.07650458813,
    "onset_rate": 5.34586858749,
    "beats_loudness_band_ratio": {
        "mean": [0.435583591461, 0.387235969305, 0.176450684667, 0.0350191183388, 0.014871545136, 0.0463467761874],
        "var": [0.0739647522569, 0.0592450983822, 0.0324964486063, 0.00170078699011, 0.000286039197817, 0.0136423753574]
    },
    "beats_position": [0.49922901392, 0.99845802784, 1.50929701328, 2.00852608681, 2.53097510338, 3.06503391266, 3.5758728981, 4.1099319458, 4.63238096237, 5.15482997894, 5.65405893326, 6.15328788757, 6.64090681076, 7.14013576508, 7.63936471939, 8.12698364258, 8.6146030426, 9.11383247375, 9.61306095123, 10.1006803513, 10.5882987976, 11.0759181976, 11.5751476288, 12.0743761063, 12.5619955063, 13.0612239838, 13.5488433838, 14.0364627838, 14.5240812302, 15.0233106613, 15.5341491699, 16.0565986633, 16.5674381256, 17.0666656494, 17.5775051117, 18.088344574, 18.5991840363, 19.1100215912, 19.667301178, 20.1781406403, 20.6773700714, 21.1765975952, 21.6874370575, 22.1750564575, 22.6626758575, 23.1619052887, 23.6727428436, 24.1719722748, 24.6595916748, 25.1472110748, 25.6348285675, 26.1108379364, 26.5868473053, 27.0512466431, 27.5156459808, 27.9800453186, 28.4444446564, 28.9088420868, 29.3732414246, 29.8376407623, 30.3020401001, 30.7664394379, 31.2308387756, 31.6952381134, 32.171245575, 32.6472549438, 33.111656189, 33.5876655579, 34.0520629883, 34.539680481, 35.0389099121, 35.514919281, 35.9909286499, 36.4785499573, 36.96616745, 37.4537849426, 37.94140625, 38.4174156189, 38.8934249878, 39.3810424805, 39.8570518494, 40.3330612183, 40.8206787109, 41.3315200806, 41.8423576355, 42.3299751282, 42.8292045593, 43.3284339905, 43.8276634216, 44.3268928528, 44.8261222839]
},
"tonal": {
    "chords_changes_rate": 0.0781892985106,
    "chords_number_rate": 0.0144032919779,
    "chords_strength": {
        "mean": 0.447922110558,
        "var": 0.00758958887309
    },
    "hpcp_entropy": {
        "mean": 1.81778979301,
        "var": 1.01372373104
    },
    "key_strength": 0.641566097736,
    "tuning_diatonic_strength": 0.401067167521,
    "tuning_equal_tempered_deviation": 0.0547647699714,
    "tuning_frequency": 441.527557373,
    "tuning_nontempered_energy_ratio": 0.758172571659,
    "hpcp": {
        "mean": [0.16576898098, 0.120811507106, 0.073662802577, 0.0688295438886, 0.0668161511421, 0.099011413753, 0.142119988799, 0.115879803896, 0.0906282812357, 0.0917943865061, 0.0784246996045, 0.113712184131, 0.157378509641, 0.123134315014, 0.126657053828, 0.180736333132, 0.151347100735, 0.0895669907331, 0.0671330690384, 0.0610843300819, 0.112409621477, 0.184701606631, 0.184563979506, 0.168121859431, 0.117106363177, 0.0662985444069, 0.132963255048, 0.194760501385, 0.139907881618, 0.119234606624, 0.147015467286, 0.11612816155, 0.111021332443, 0.125018328428, 0.120303399861, 0.146403297782],
        "var": [0.0771604552865, 0.0466463379562, 0.029319357127, 0.0311277043074, 0.0249440930784, 0.0348818972707, 0.06802713871, 0.0384180396795, 0.0327645838261, 0.0432569049299, 0.0285143256187, 0.0407055839896, 0.0797858312726, 0.0482321977615, 0.0506242625415, 0.0900139957666, 0.0646547749639, 0.0304925944656, 0.0266471896321, 0.0232329592109, 0.0436311662197, 0.100843243301, 0.0682594031096, 0.0759387984872, 0.0440816469491, 0.0265113506466, 0.0542191155255, 0.111206978559, 0.0483726784587, 0.0470559708774, 0.0759046450257, 0.0472519472241, 0.0535283721983, 0.0671394690871, 0.0561807341874, 0.0619338043034]
    },
    "chords_histogram": [9.15637874603, 10.6995887756, 13.3744859695, 8.43621444702, 1.23456788063, 0, 0, 0, 5.04115247726, 0, 5.55555534363, 0.205761313438, 0.617283940315, 1.74897122383, 0, 0, 0, 1.54320991039, 0, 2.26337456703, 11.1111106873, 5.86419773102, 2.16049385071, 20.9876537323],
    "thpcp": [1, 0.718358576298, 0.612211465836, 0.754852592945, 0.596261382103, 0.570040285587, 0.641908049583, 0.617699146271, 0.751709401608, 0.851142704487, 0.620308041573, 0.378222495317, 0.353406071663, 0.343068271875, 0.508375227451, 0.729716718197, 0.594986140728, 0.465331941843, 0.471319317818, 0.402672499418, 0.583856523037, 0.808061718941, 0.63223451376, 0.650322079659, 0.927992761135, 0.777093410492, 0.459882736206, 0.34469550848, 0.313638180494, 0.577168464661, 0.948352515697, 0.947645843029, 0.863223612309, 0.601283967495, 0.340410619974, 0.682701349258],
    "chords_key": "B",
    "chords_scale": "minor",
    "key_key": "D",
    "key_scale": "major"
}
}