{
"lowlevel": {
    "average_loudness": 0.975450754166,
    "barkbands_crest": {
        "mean": 10.6715555191,
        "var": 12.8880882263
    },
    "barkbands_flatness_db": {
        "mean": 0.218554913998,
        "var": 0.00450379122049
    },
    "barkbands_kurtosis": {
        "mean": 6.07326173782,
        "var": 106.141151428
    },
    "barkbands_skewness": {
        "mean": 1.63337635994,
        "var": 1.77840304375
    },
    "barkbands_spread": {
        "mean": 9.28837776184,
        "var": 21.4718666077
    },
    "dissonance": {
        "mean": 0.424256592989,
        "var": 0.00270627602004
    },
    "dynamic_complexity": 1.94061803818,
    "erbbands_crest": {
        "mean": 10.6139316559,
        "var": 18.7823677063
    },
    "erbbands_flatness_db": {
        "mean": 0.21027122438,
        "var": 0.00492297625169
    },
    "erbbands_kurtosis": {
        "mean": 1.62309384346,
        "var": 7.91779756546
    },
    "erbbands_skewness": {
        "mean": 0.579453587532,
        "var": 0.405234396458
    },
    "erbbands_spread": {
        "mean": 21.7783069611,
        "var": 166.399520874
    },
    "hfc": {
        "mean": 15.2758769989,
        "var": 113.677017212
    },
    "melbands_crest": {
        "mean": 15.6411581039,
        "var": 29.1492862701
    },
    "melbands_flatness_db": {
        "mean": 0.323824346066,
        "var": 0.00583671312779
    },
    "melbands_kurtosis": {
        "mean": 11.9646396637,
        "var": 363.403198242
    },
    "melbands_skewness": {
        "mean": 2.2842066288,
        "var": 2.86941146851
    },
    "melbands_spread": {
        "mean": 10.102935791,
        "var": 35.1013183594
    },
    "pitch_salience": {
        "mean": 0.514856517315,
        "var": 0.0129936542362
    },
    "silence_rate_20dB": {
        "mean": 1,
        "var": 0
    },
    "silence_rate_30dB": {
        "mean": 0.860968053341,
        "var": 0.119703806937
    },
    "silence_rate_60dB": {
        "mean": 0.00566426385194,
        "var": 0.00563250295818
    },
    "spectral_centroid": {
        "mean": 583.783081055,
        "var": 85104.8828125
    },
    "spectral_complexity": {
        "mean": 14.6833162308,
        "var": 49.0424728394
    },
    "spectral_decrease": {
        "mean": -1.45292018416e-008,
        "var": 1.83504989637e-016
    },
    "spectral_energy": {
        "mean": 0.0562220774591,
        "var": 0.00268308934756
    },
    "spectral_energyband_high": {
        "mean": 0.000143011595355,
        "var": 9.88501511756e-008
    },
    "spectral_energyband_low": {
        "mean": 0.0347216054797,
        "var": 0.00223829131573
    },
    "spectral_energyband_middle_high": {
        "mean": 0.00290508824401,
        "var": 7.31360205464e-006
    },
    "spectral_energyband_middle_low": {
        "mean": 0.0211845375597,
        "var": 0.000212484621443
    },
    "spectral_entropy": {
        "mean": 6.80578899384,
        "var": 0.36669588089
    },
    "spectral_flux": {
        "mean": 0.131114080548,
        "var": 0.00751931918785
    },
    "spectral_kurtosis": {
        "mean": 18.8707942963,
        "var": 322.338867188
    },
    "spectral_rms": {
        "mean": 0.0068201450631,
        "var": 8.33652484289e-006
    },
    "spectral_rolloff": {
        "mean": 542.453063965,
        "var": 252268.171875
    },
    "spectral_skewness": {
        "mean": 3.03342962265,
        "var": 1.42494308949
    },
    "spectral_spread": {
        "mean": 2952302.5,
        "var": 2.73835098112e+012
    },
    "spectral_strongpeak": {
        "mean": 0.810596585274,
        "var": 0.738193571568
    },
    "zerocrossingrate": {
        "mean": 0.0240914747119,
        "var": 0.000219461246161
    },
    "barkbands": {
        "mean": [0.0039231069386, 0.0177462734282, 0.0104200355709, 0.00533664040267, 0.00361246522516, 0.00405559176579, 0.00187302101403, 0.00157799455337, 0.00448853895068, 0.000640899466816, 0.000786333344877, 0.000497330736835, 0.000273899786407, 0.000270769436611, 0.000157435832079, 0.000156374997459, 0.000112675850687, 7.63397110859e-005, 5.44782269571e-005, 4.05639293604e-005, 3.12914671667e-005, 2.207378202e-005, 1.86225097423e-005, 1.64106168086e-005, 1.36110629683e-005, 1.68315036717e-005, 2.55482405009e-006],
        "var": [7.67906603869e-005, 0.000755706394557, 0.0004412792332, 7.73513456807e-005, 2.00423401111e-005, 2.30633813771e-005, 6.19556794845e-006, 9.71845929598e-006, 2.77948238363e-005, 6.84319843458e-007, 1.48011599777e-006, 3.62825488764e-007, 1.38526473847e-007, 1.65325758417e-007, 5.78973775589e-008, 5.81897978691e-008, 4.31134914436e-008, 2.34931860632e-008, 1.29257440307e-008, 7.32259275438e-009, 4.94042717847e-009, 2.22142371165e-009, 3.20975557244e-009, 1.68153124758e-009, 1.30789590269e-009, 2.79981793305e-009, 1.2829433349e-010]
    },
    "erbbands": {
        "mean": [0.642458379269, 3.51769208908, 11.3373365402, 16.6581363678, 13.1629343033, 12.9503221512, 28.1613845825, 27.0300502777, 25.9424877167, 23.5746154785, 75.0831985474, 79.7740097046, 35.2252540588, 24.4031982422, 26.555727005, 21.1530952454, 13.5445766449, 13.8651371002, 9.87090396881, 8.54705429077, 8.67442512512, 6.31278133392, 4.54954242706, 3.16034150124, 2.551040411, 1.86106741428, 1.63599717617, 0.998026311398, 0.795508146286, 0.704426109791, 0.483251184225, 0.369134366512, 0.254457473755, 0.160681396723, 0.0945286601782, 0.0650130361319, 0.0309367701411, 0.0082988915965, 0.000291436852422, 6.76765339449e-005],
        "var": [1.64970993996, 26.6777095795, 467.30291748, 742.657470703, 399.793884277, 279.797668457, 1789.09924316, 967.64630127, 1467.25732422, 1120.18835449, 12423.34375, 8040.34667969, 3631.47583008, 600.799926758, 1552.05993652, 686.449768066, 284.04397583, 352.279876709, 241.323348999, 166.96963501, 156.366622925, 135.430969238, 78.3381271362, 43.8901596069, 27.1123085022, 15.5908470154, 15.0391721725, 4.22798776627, 2.97512507439, 3.91427469254, 1.68675279617, 0.968003571033, 0.380710989237, 0.179791033268, 0.0726243630052, 0.0428454466164, 0.00960208289325, 0.000873503391631, 1.42678618431e-006, 3.99072863644e-009]
    },
    "gfcc": {
        "mean": [-33.8038864136, 159.615966797, -97.4407043457, 7.12981176376, -41.6758880615, 9.98843669891, -23.0433502197, 9.07599830627, -12.4746541977, 0.274748623371, -12.797706604, -1.82442224026, -6.44437503815],
        "cov": [[5398.85351563, -2229.52490234, 239.382659912, 786.720397949, -255.459884644, 434.301483154, -345.479949951, 264.646575928, -427.429473877, 250.48223877, -391.259002686, 156.605758667, -403.525482178], [-2229.52490234, 2090.29541016, -255.030151367, -474.478027344, 306.483337402, -305.90411377, 302.787506104, -259.635681152, 289.658935547, -270.94821167, 265.651306152, -198.518203735, 296.55657959], [239.382659912, -255.030151367, 466.502075195, 152.224472046, 45.7803764343, 103.954467773, -3.17619132996, 38.7995834351, -65.2567443848, 16.1733341217, -84.516998291, 24.4405498505, -70.491104126], [786.720397949, -474.478027344, 152.224472046, 400.240020752, 23.8844833374, 138.496963501, -39.9067459106, 53.4939460754, -78.5088424683, 24.1133308411, -79.5744400024, 8.22125148773, -74.2258605957], [-255.459884644, 306.483337402, 45.7803764343, 23.8844833374, 213.50352478, 13.3871250153, 68.1661148071, -44.8930130005, 33.0698204041, -49.2582626343, 29.1733264923, -32.3083267212, 18.8002738953], [434.301483154, -305.90411377, 103.954467773, 138.496963501, 13.3871250153, 163.455627441, 11.0293455124, 49.0526008606, -57.2520484924, 30.8899803162, -45.1872825623, 24.3523426056, -56.6249923706], [-345.479949951, 302.787506104, -3.17619132996, -39.9067459106, 68.1661148071, 11.0293455124, 154.910980225, 11.2691144943, 68.2061386108, -34.5380401611, 45.3652763367, -35.0486068726, 37.5892028809], [264.646575928, -259.635681152, 38.7995834351, 53.4939460754, -44.8930130005, 49.0526008606, 11.2691144943, 114.30783844, 22.943605423, 59.5336265564, -26.5585346222, 19.8504104614, -39.7227096558], [-427.429473877, 289.658935547, -65.2567443848, -78.5088424683, 33.0698204041, -57.2520484924, 68.2061386108, 22.943605423, 159.120239258, 16.1069736481, 55.2685585022, -37.8376235962, 53.3794555664], [250.48223877, -270.94821167, 16.1733341217, 24.1133308411, -49.2582626343, 30.8899803162, -34.5380401611, 59.5336265564, 16.1069736481, 100.483215332, -9.32133865356, 34.4431495667, -34.089641571], [-391.259002686, 265.651306152, -84.516998291, -79.5744400024, 29.1733264923, -45.1872825623, 45.3652763367, -26.5585346222, 55.2685585022, -9.32133865356, 103.106452942, 8.38760089874, 54.3774833679], [156.605758667, -198.518203735, 24.4405498505, 8.22125148773, -32.3083267212, 24.3523426056, -35.0486068726, 19.8504104614, -37.8376235962, 34.4431495667, 8.38760089874, 90.2691574097, 2.59015154839], [-403.525482178, 296.55657959, -70.491104126, -74.2258605957, 18.8002738953, -56.6249923706, 37.5892028809, -39.7227096558, 53.3794555664, -34.089641571, 54.3774833679, 2.59015154839, 115.593360901]],
        "icov": [[0.000462991883978, -0.000233948710957, 0.00036343379179, -0.000632248644251, 0.000141142707434, -0.000269289303105, 0.000252065132372, -0.000477283174405, 0.000750744075049, -0.00082693004515, 0.00104755966458, -0.000515739433467, 0.000559460313525], [-0.000233948710957, 0.00569773931056, -0.00101520132739, 0.00297895888798, -0.002623076085, 0.00209870375693, -0.00318911299109, 0.00469255866483, -0.00415582209826, 0.00659127160907, -0.00549533311278, 0.00552483228967, -0.00371198169887], [0.00036343379179, -0.00101520132739, 0.00350297335535, -0.00137375178747, -0.000436623609858, -0.000719146046322, -0.000381093501346, -0.000747078564018, 0.0011326149106, -0.00174244097434, 0.00410895561799, -0.00292649492621, 0.00180896068923], [-0.000632248644251, 0.00297895888798, -0.00137375178747, 0.00642581796274, -0.0024917058181, -0.00156915083062, 0.000241445595748, 0.000625806802418, -0.00177294528112, 0.00449881795794, -0.00359491235577, 0.00488462904468, -0.00306096160784], [0.000141142707434, -0.002623076085, -0.000436623609858, -0.0024917058181, 0.00902680587023, -0.00273053837009, -0.000535605708137, 0.00248756678775, -0.00165477523115, -0.000412007328123, 0.00131086120382, -0.00321963010356, 0.0036774140317], [-0.000269289303105, 0.00209870375693, -0.000719146046322, -0.00156915083062, -0.00273053837009, 0.0148777402937, -0.00699967937544, -3.45466401086e-006, 0.00345023861155, -0.00200648605824, 0.000119753167382, -8.69228606462e-005, -2.69499423666e-006], [0.000252065132372, -0.00318911299109, -0.000381093501346, 0.000241445595748, -0.000535605708137, -0.00699967937544, 0.0171703323722, -0.00954849552363, -0.000438340590335, 0.00307067437097, -0.00318971066736, 0.00205344404094, -0.000659789133351], [-0.000477283174405, 0.00469255866483, -0.000747078564018, 0.000625806802418, 0.00248756678775, -3.45466401086e-006, -0.00954849552363, 0.0268702618778, -0.0124953556806, 0.000112544825242, 0.00159919552971, -0.00295543950051, 0.00329108606093], [0.000750744075049, -0.00415582209826, 0.0011326149106, -0.00177294528112, -0.00165477523115, 0.00345023861155, -0.000438340590335, -0.0124953556806, 0.0236433111131, -0.0150375571102, 0.000116575647553, 0.00624556047842, -0.00490494351834], [-0.00082693004515, 0.00659127160907, -0.00174244097434, 0.00449881795794, -0.000412007328123, -0.00200648605824, 0.00307067437097, 0.000112544825242, -0.0150375571102, 0.032406847924, -0.00982864014804, -0.000238578140852, 0.00128392933402], [0.00104755966458, -0.00549533311278, 0.00410895561799, -0.00359491235577, 0.00131086120382, 0.000119753167382, -0.00318971066736, 0.00159919552971, 0.000116575647553, -0.00982864014804, 0.0283721387386, -0.014776208438, 0.00341674103402], [-0.000515739433467, 0.00552483228967, -0.00292649492621, 0.00488462904468, -0.00321963010356, -8.69228606462e-005, 0.00205344404094, -0.00295543950051, 0.00624556047842, -0.000238578140852, -0.014776208438, 0.0292287282646, -0.0124831935391], [0.000559460313525, -0.00371198169887, 0.00180896068923, -0.00306096160784, 0.0036774140317, -2.69499423666e-006, -0.000659789133351, 0.00329108606093, -0.00490494351834, 0.00128392933402, 0.00341674103402, -0.0124831935391, 0.0213269721717]]
    },
    "melbands": {
        "mean": [0.00543975224718, 0.00557167548686, 0.00281635764986, 0.000886989175342, 0.00085576629499, 0.000656667456497, 0.00038509289152, 0.000223969676881, 0.00077116722241, 0.000477489025798, 0.000165564284544, 9.28563895286e-005, 0.000107746520371, 5.00011228723e-005, 4.74554944958e-005, 2.59560347331e-005, 2.59722564806e-005, 1.65512901731e-005, 1.29179197756e-005, 1.04980963442e-005, 9.93502726487e-006, 6.54664063404e-006, 5.20001185578e-006, 3.28463966071e-006, 2.47621392191e-006, 2.00820272767e-006, 1.50920322994e-006, 1.17772231079e-006, 1.14398017104e-006, 6.95085134339e-007, 5.45137368135e-007, 4.5753216682e-007, 4.00641766873e-007, 3.91996081817e-007, 2.81079394426e-007, 2.41582512217e-007, 2.17513544953e-007, 1.78715637844e-007, 1.59638659625e-007, 1.2691363338e-007],
        "var": [8.83036627783e-005, 8.62504602992e-005, 1.8913695385e-005, 1.31145827709e-006, 1.38879738643e-006, 5.1367095466e-007, 2.86172848973e-007, 1.58628907343e-007, 1.22901326449e-006, 3.02091478943e-007, 9.3541707713e-008, 9.62388835291e-009, 3.21399937775e-008, 3.90404641948e-009, 4.21464374512e-009, 1.34021160836e-009, 1.44801026725e-009, 9.04392949419e-010, 4.29733915119e-010, 3.10172360019e-010, 2.21161380876e-010, 1.54653331808e-010, 1.28427143919e-010, 4.15502840467e-011, 2.98195981796e-011, 1.8100979049e-011, 9.14458699736e-012, 7.03751727033e-012, 7.79267535916e-012, 2.45142014327e-012, 1.31080584755e-012, 1.01619071231e-012, 7.75332651814e-013, 1.8682943647e-012, 6.14985276245e-013, 4.12845051114e-013, 3.48802584038e-013, 1.93881897841e-013, 1.60631734693e-013, 1.24080514743e-013]
    },
    "mfcc": {
        "mean": [-687.719482422, 197.02230835, 5.99182271957, 14.211766243, 5.29475498199, 5.42948579788, 2.47441649437, 7.1842417717, 6.36901378632, 5.72100496292, 1.17774677277, 1.710329175, 0.843569457531],
        "cov": [[4796.28710938, -2120.38891602, 131.323196411, 295.636413574, 61.842212677, 182.311599731, 64.9786682129, 49.8614196777, -27.6895008087, -9.24553871155, 22.1594600677, 20.6088428497, -98.3842315674], [-2120.38891602, 1888.62316895, -222.897994995, -169.202209473, -23.9102859497, -76.1327362061, 2.17024183273, -22.5945243835, 4.99016046524, -5.86797189713, -36.1304664612, -26.8466033936, 31.8593673706], [131.323196411, -222.897994995, 306.792663574, 79.2621231079, 42.5212936401, 50.567150116, 31.6268825531, 36.2538833618, 27.1450996399, 9.39968013763, 0.321255832911, -7.15480184555, -8.77824401855], [295.636413574, -169.202209473, 79.2621231079, 194.915527344, 74.2912979126, 64.6501312256, 27.9863395691, 31.9278659821, 21.1508178711, 8.41288471222, -0.396387904882, -8.32098484039, -17.8241882324], [61.842212677, -23.9102859497, 42.5212936401, 74.2912979126, 135.599487305, 64.4495239258, 28.660200119, 17.7377471924, 5.11157512665, -4.97604942322, -4.15273618698, -5.86986732483, -3.84700489044], [182.311599731, -76.1327362061, 50.567150116, 64.6501312256, 64.4495239258, 125.141716003, 60.8609085083, 33.8288955688, 8.37394142151, -5.15269851685, -3.58895874023, -4.56686973572, -5.3113155365], [64.9786682129, 2.17024183273, 31.6268825531, 27.9863395691, 28.660200119, 60.8609085083, 103.558738708, 50.9573707581, 2.61928653717, -8.10151576996, -5.60589122772, 2.53761744499, 2.70964002609], [49.8614196777, -22.5945243835, 36.2538833618, 31.9278659821, 17.7377471924, 33.8288955688, 50.9573707581, 78.1653518677, 27.8730258942, 3.6683204174, 8.20832252502, 9.6611995697, 7.77041864395], [-27.6895008087, 4.99016046524, 27.1450996399, 21.1508178711, 5.11157512665, 8.37394142151, 2.61928653717, 27.8730258942, 80.0384979248, 45.2777938843, 15.2773218155, 11.7762308121, 2.26466345787], [-9.24553871155, -5.86797189713, 9.39968013763, 8.41288471222, -4.97604942322, -5.15269851685, -8.10151576996, 3.6683204174, 45.2777938843, 85.7660369873, 41.352142334, 16.9158725739, 4.44255876541], [22.1594600677, -36.1304664612, 0.321255832911, -0.396387904882, -4.15273618698, -3.58895874023, -5.60589122772, 8.20832252502, 15.2773218155, 41.352142334, 76.0439071655, 33.404006958, 4.77647924423], [20.6088428497, -26.8466033936, -7.15480184555, -8.32098484039, -5.86986732483, -4.56686973572, 2.53761744499, 9.6611995697, 11.7762308121, 16.9158725739, 33.404006958, 55.0063362122, 20.3521194458], [-98.3842315674, 31.8593673706, -8.77824401855, -17.8241882324, -3.84700489044, -5.3113155365, 2.70964002609, 7.77041864395, 2.26466345787, 4.44255876541, 4.77647924423, 20.3521194458, 50.0594444275]],
        "icov": [[0.000475498352898, 0.000520801753737, 0.00030259162304, -0.000262310262769, 0.000121065924759, -0.000328842434101, -0.000128980609588, -0.000117245595902, 0.000237142507103, -0.000148772625835, 0.000223184848437, -0.000298708153423, 0.000664944702294], [0.000520801753737, 0.00122367043514, 0.000739663955756, 0.000206014097785, -0.000217440436245, 2.10711496038e-005, -0.000582306529395, -1.93873402168e-005, -0.000183615353308, -0.000179163078428, 0.000363156606909, 0.000285921589239, 0.000341199483955], [0.00030259162304, 0.000739663955756, 0.00428504869342, -0.000887852162123, -0.000323082698742, -0.000550306926016, -0.000464979588287, -0.000827672658488, -0.000840710126795, -0.000156274443725, 0.000148119856021, 0.000763318152167, 0.000357096694643], [-0.000262310262769, 0.000206014097785, -0.000887852162123, 0.00831173639745, -0.00323295895942, -0.00152459775563, 0.000829876516946, -0.00192205631174, -0.000697109848261, -0.000943955557887, 0.000503415998537, 0.000632330775261, 0.00181056046858], [0.000121065924759, -0.000217440436245, -0.000323082698742, -0.00323295895942, 0.0111944088712, -0.00456483801827, 0.000258477695752, 0.00056926853722, 0.000191678642295, 0.000764755357523, -0.000286800903268, 0.000169104023371, -0.000675795425195], [-0.000328842434101, 2.10711496038e-005, -0.000550306926016, -0.00152459775563, -0.00456483801827, 0.0153555190191, -0.00723752984777, 0.000611911527812, -0.00145384378266, 0.00107066740748, -0.000961714831647, 0.00151389546227, -0.000276825536275], [-0.000128980609588, -0.000582306529395, -0.000464979588287, 0.000829876516946, 0.000258477695752, -0.00723752984777, 0.0195003543049, -0.0116105219349, 0.00481000123546, -0.00178778346162, 0.00308796484023, -0.00229631154798, 0.000909721944481], [-0.000117245595902, -1.93873402168e-005, -0.000827672658488, -0.00192205631174, 0.00056926853722, 0.000611911527812, -0.0116105219349, 0.025407962501, -0.0102341277525, 0.00590403890237, -0.00465240515769, 0.000534041144419, -0.00408856198192], [0.000237142507103, -0.000183615353308, -0.000840710126795, -0.000697109848261, 0.000191678642295, -0.00145384378266, 0.00481000123546, -0.0102341277525, 0.0237293094397, -0.0134960003197, 0.00547676533461, -0.00416131783277, 0.00266944803298], [-0.000148772625835, -0.000179163078428, -0.000156274443725, -0.000943955557887, 0.000764755357523, 0.00107066740748, -0.00178778346162, 0.00590403890237, -0.0134960003197, 0.0239848271012, -0.0121744824573, 0.00294226198457, -0.002741741715], [0.000223184848437, 0.000363156606909, 0.000148119856021, 0.000503415998537, -0.000286800903268, -0.000961714831647, 0.00308796484023, -0.00465240515769, 0.00547676533461, -0.0121744824573, 0.0251954067498, -0.0137793356553, 0.00487440265715], [-0.000298708153423, 0.000285921589239, 0.000763318152167, 0.000632330775261, 0.000169104023371, 0.00151389546227, -0.00229631154798, 0.000534041144419, -0.00416131783277, 0.00294226198457, -0.0137793356553, 0.0314846634865, -0.0117534743622], [0.000664944702294, 0.000341199483955, 0.000357096694643, 0.00181056046858, -0.000675795425195, -0.000276825536275, 0.000909721944481, -0.00408856198192, 0.00266944803298, -0.002741741715, 0.00487440265715, -0.0117534743622, 0.0267132688314]]
    },
    "spectral_contrast_coeffs": {
        "mean": [-0.662704706192, -0.676869928837, -0.742753446102, -0.792571008205, -0.81002086401, -0.792840480804],
        "var": [0.00659641437232, 0.00666667707264, 0.0054150884971, 0.00236209062859, 0.00129317643587, 0.000690622313414]
    },
    "spectral_contrast_valleys": {
        "mean": [-6.57750701904, -6.4082660675, -7.17823553085, -7.85502719879, -8.45192527771, -11.3404741287],
        "var": [0.676788806915, 0.546748459339, 0.676794469357, 0.73614525795, 1.14306890965, 1.66140449047]
    }
},
"metadata": {
    "audio_properties": {
        "analysis_sample_rate": 44100,
        "bit_rate": 128074,
        "equal_loudness": 0,
        "length": 45.0612258911,
        "lossless": 0,
        "replay_gain": -4.83082962036,
        "sample_rate": 44100,
        "codec": "mp3",
        "downmix": "mix",
        "md5_encoded": "a7272b8978c1ee957fc4818c5949cc11"
    },
    "tags": {
        "file_name": "1785.mp3"
    },
    "version": {
        "essentia": "2.1-beta2",
        "essentia_git_sha": "v2.1_beta2",
        "extractor": "music 1.0"
    }
},
"rhythm": {
    "beats_count": 79,
    "beats_loudness": {
        "mean": 0.11215044558,
        "var": 0.00261439825408
    },
    "bpm": 105.965248108,
    "bpm_histogram_first_peak_bpm": {
        "mean": 105,
        "var": 0
    },
    "bpm_histogram_first_peak_spread": {
        "mean": 0.480519473553,
        "var": 0
    },
    "bpm_histogram_first_peak_weight": {
        "mean": 0.512820541859,
        "var": 0
    },
    "bpm_histogram_second_peak_bpm": {
        "mean": 115,
        "var": 0
    },
    "bpm_histogram_second_peak_spread": {
        "mean": 0,
        "var": 0
    },
    "bpm_histogram_second_peak_weight": {
        "mean": 0.0128205129877,
        "var": 0
    },
    "danceability": 1.6208935976,
    "onset_rate": 5.76732730865,
    "beats_loudness_band_ratio": {
        "mean": [0.778470933437, 0.0910739898682, 0.095752581954, 0.0393606498837, 0.0146388104185, 0.00473521929234],
        "var": [0.0215592030436, 0.00548090040684, 0.00851971190423, 0.00127542240079, 0.000189170299564, 3.25884429913e-005]
    },
    "beats_position": [0.49922901392, 1.02167797089, 1.57895684242, 2.13623571396, 2.69351458549, 3.25079369545, 3.80807256699, 4.37696123123, 4.94585037231, 5.51473903656, 6.08362817764, 6.64090681076, 7.19818592072, 7.76707458496, 8.33596324921, 8.893242836, 9.46213150024, 10.0310201645, 10.5999088287, 11.1571884155, 11.7260770798, 12.2833557129, 12.8638544083, 13.4211339951, 13.9784126282, 14.5473012924, 15.1161899567, 15.6734695435, 16.2307472229, 16.7996368408, 17.3685264587, 17.9258041382, 18.4946937561, 19.0635814667, 19.6208610535, 20.1781406403, 20.7470283508, 21.3043079376, 21.8731975555, 22.4420852661, 23.010974884, 23.5798625946, 24.1487522125, 24.7060317993, 25.286529541, 25.8554191589, 26.4243087769, 26.9815864563, 27.5620861053, 28.142583847, 28.711473465, 29.2803630829, 29.8376407623, 30.4065303802, 30.9754180908, 31.5326976776, 32.0899772644, 32.6588668823, 33.2277526855, 33.7966423035, 34.3655319214, 34.9344215393, 35.5033111572, 36.0722007751, 36.6410865784, 37.1983680725, 37.7788658142, 38.3361434937, 38.91664505, 39.4739227295, 40.0428123474, 40.6116981506, 41.1689796448, 41.7494773865, 42.3299751282, 42.8988647461, 43.467754364, 44.0482521057, 44.6287536621]
},
"tonal": {
    "chords_changes_rate": 0.0761316865683,
    "chords_number_rate": 0.0123456791043,
    "chords_strength": {
        "mean": 0.359802365303,
        "var": 0.00665004132316
    },
    "hpcp_entropy": {
        "mean": 1.76145601273,
        "var": 0.620045483112
    },
    "key_strength": 0.484342217445,
    "tuning_diatonic_strength": 0.345061093569,
    "tuning_equal_tempered_deviation": 0.22360548377,
    "tuning_frequency": 434.193115234,
    "tuning_nontempered_energy_ratio": 0.931506454945,
    "hpcp": {
        "mean": [0.102050334215, 0.090400904417, 0.0668256804347, 0.110890902579, 0.150133863091, 0.100567445159, 0.103806704283, 0.138196453452, 0.0995524674654, 0.071747481823, 0.0681001096964, 0.0574291422963, 0.0577990710735, 0.066098831594, 0.0736573040485, 0.134218290448, 0.178180649877, 0.162295818329, 0.317857950926, 0.400297671556, 0.214610368013, 0.121308103204, 0.107562750578, 0.216401055455, 0.368889808655, 0.221516668797, 0.0495103448629, 0.080942928791, 0.107700876892, 0.0835691019893, 0.100876152515, 0.112309098244, 0.0834200158715, 0.105391539633, 0.132505103946, 0.109457597136],
        "var": [0.0454634726048, 0.0380958132446, 0.0235718246549, 0.0352637544274, 0.0534428879619, 0.0294691380113, 0.0346987918019, 0.0616374835372, 0.030006300658, 0.0277031380683, 0.0291864164174, 0.0256826467812, 0.0209449511021, 0.0289562866092, 0.0250942893326, 0.0500127673149, 0.0753402486444, 0.0564793683589, 0.0979451164603, 0.152924060822, 0.0508406311274, 0.0465048290789, 0.0540399327874, 0.0486795306206, 0.144101336598, 0.05344472453, 0.01189903263, 0.0281959101558, 0.0491696484387, 0.0293611790985, 0.045873105526, 0.0587564781308, 0.0343477204442, 0.0467118732631, 0.067050114274, 0.0492844469845]
    },
    "chords_histogram": [21.3991775513, 5.55555534363, 9.15637874603, 5.76131677628, 0, 0, 0, 1.13168728352, 0.925925910473, 0, 0, 0, 0, 1.13168728352, 3.29218101501, 11.2139921188, 25.7201652527, 5.45267486572, 0, 0.617283940315, 0.308641970158, 0, 4.01234579086, 4.32098770142],
    "thpcp": [1, 0.536126971245, 0.303044736385, 0.268706917763, 0.54060035944, 0.921538710594, 0.553379833698, 0.123683817685, 0.202206850052, 0.269051969051, 0.208767399192, 0.252002835274, 0.280563950539, 0.208394959569, 0.263282924891, 0.331016421318, 0.273440510035, 0.254936128855, 0.225834205747, 0.166939973831, 0.277021110058, 0.375055551529, 0.251231640577, 0.259323775768, 0.34523421526, 0.248696088791, 0.179235324264, 0.170123666525, 0.143466085196, 0.14439022541, 0.165124192834, 0.184006333351, 0.335296213627, 0.445120364428, 0.40543782711, 0.794053971767],
    "chords_key": "B",
    "chords_scale": "major",
    "key_key": "D#",
    "key_scale": "major"
}
}