{
"lowlevel": {
    "average_loudness": 0.45589953661,
    "barkbands_crest": {
        "mean": 13.6480865479,
        "var": 19.3532295227
    },
    "barkbands_flatness_db": {
        "mean": 0.434118419886,
        "var": 0.00945676583797
    },
    "barkbands_kurtosis": {
        "mean": 7.28673458099,
        "var": 169.921737671
    },
    "barkbands_skewness": {
        "mean": 1.28419983387,
        "var": 1.91536831856
    },
    "barkbands_spread": {
        "mean": 3.16864156723,
        "var": 13.4810237885
    },
    "dissonance": {
        "mean": 0.287944853306,
        "var": 0.0122734261677
    },
    "dynamic_complexity": 9.08657073975,
    "erbbands_crest": {
        "mean": 12.5266113281,
        "var": 15.6877965927
    },
    "erbbands_flatness_db": {
        "mean": 0.351739317179,
        "var": 0.00588374072686
    },
    "erbbands_kurtosis": {
        "mean": 5.07428979874,
        "var": 89.7877197266
    },
    "erbbands_skewness": {
        "mean": 0.866585493088,
        "var": 1.61521732807
    },
    "erbbands_spread": {
        "mean": 9.2541217804,
        "var": 60.0599327087
    },
    "hfc": {
        "mean": 4.29110717773,
        "var": 68.2699890137
    },
    "melbands_crest": {
        "mean": 17.3780632019,
        "var": 24.4766864777
    },
    "melbands_flatness_db": {
        "mean": 0.572419464588,
        "var": 0.0127466619015
    },
    "melbands_kurtosis": {
        "mean": 8.82737731934,
        "var": 170.175064087
    },
    "melbands_skewness": {
        "mean": 1.70279991627,
        "var": 1.4807536602
    },
    "melbands_spread": {
        "mean": 3.64569211006,
        "var": 30.8645248413
    },
    "pitch_salience": {
        "mean": 0.489783018827,
        "var": 0.0259453803301
    },
    "silence_rate_20dB": {
        "mean": 1,
        "var": 0
    },
    "silence_rate_30dB": {
        "mean": 0.950051486492,
        "var": 0.0474536083639
    },
    "silence_rate_60dB": {
        "mean": 0.362512886524,
        "var": 0.231095999479
    },
    "spectral_centroid": {
        "mean": 298.023895264,
        "var": 92565.2734375
    },
    "spectral_complexity": {
        "mean": 4.9464468956,
        "var": 10.422498703
    },
    "spectral_decrease": {
        "mean": -5.61853896741e-009,
        "var": 8.60222044336e-017
    },
    "spectral_energy": {
        "mean": 0.02159483172,
        "var": 0.00127499538939
    },
    "spectral_energyband_high": {
        "mean": 2.72618990493e-007,
        "var": 3.13618749026e-012
    },
    "spectral_energyband_low": {
        "mean": 0.0110851041973,
        "var": 0.000346749846358
    },
    "spectral_energyband_middle_high": {
        "mean": 0.000156877096742,
        "var": 3.41390119729e-007
    },
    "spectral_energyband_middle_low": {
        "mean": 0.0119276540354,
        "var": 0.000691878609359
    },
    "spectral_entropy": {
        "mean": 5.21030807495,
        "var": 0.52501052618
    },
    "spectral_flux": {
        "mean": 0.0431737937033,
        "var": 0.0029849326238
    },
    "spectral_kurtosis": {
        "mean": 136.860580444,
        "var": 11125.2558594
    },
    "spectral_rms": {
        "mean": 0.00346334278584,
        "var": 9.07337926037e-006
    },
    "spectral_rolloff": {
        "mean": 311.014007568,
        "var": 226958.625
    },
    "spectral_skewness": {
        "mean": 8.94302082062,
        "var": 15.8828697205
    },
    "spectral_spread": {
        "mean": 1344790.125,
        "var": 2.37649054925e+012
    },
    "spectral_strongpeak": {
        "mean": 0.368262141943,
        "var": 0.237759530544
    },
    "zerocrossingrate": {
        "mean": 0.0112732117996,
        "var": 0.00018395697407
    },
    "barkbands": {
        "mean": [7.58429450798e-005, 0.00627183495089, 0.00316962692887, 0.00303716817871, 0.00460748095065, 0.0027336163912, 0.000774071260821, 0.000561253575142, 0.000191699466086, 5.55556798645e-005, 2.81019456452e-005, 3.55640841008e-005, 1.99941823666e-005, 2.49004187935e-005, 3.68284599972e-006, 9.56018652687e-007, 2.29103739002e-006, 5.04398769863e-007, 3.64257545016e-007, 1.32189072133e-007, 1.16407576911e-007, 7.41811447824e-008, 8.43434122544e-009, 7.83210474253e-009, 6.8488841265e-009, 5.75288172655e-009, 1.43090095328e-009],
        "var": [4.20763335285e-008, 0.000139703464811, 3.88589396607e-005, 6.55553449178e-005, 0.000135919690365, 6.77395801176e-005, 9.0795892902e-006, 2.72719762506e-006, 6.62650450067e-007, 3.1685676305e-008, 1.28201032012e-008, 2.26815011217e-008, 1.15450982108e-008, 1.9942152818e-008, 6.02666916372e-010, 6.10568817727e-011, 2.81201839591e-010, 8.47646865892e-012, 7.29547585537e-012, 9.11199718109e-013, 6.97336936459e-013, 3.44719858127e-013, 2.16238003489e-015, 5.93713514224e-015, 7.48702321776e-016, 2.48784985084e-016, 1.07517506774e-017]
    },
    "erbbands": {
        "mean": [0.135826006532, 1.54545927048, 4.04141616821, 7.09524297714, 10.4851503372, 16.6526432037, 22.7339935303, 20.117275238, 11.8994560242, 16.3123245239, 7.93899345398, 4.5786948204, 2.30938816071, 1.24610078335, 1.24162554741, 1.58592259884, 1.04367744923, 1.2263661623, 0.554367661476, 0.125917240977, 0.068306401372, 0.129741922021, 0.0371914282441, 0.0262368805707, 0.0127781620249, 0.0059853028506, 0.00561617780477, 0.00379218161106, 0.00294173019938, 0.000824428454507, 0.000222110407776, 0.000186319724889, 0.00012977552251, 8.27084149932e-005, 6.28193811281e-005, 3.65262567357e-005, 1.52948196046e-005, 3.2528914744e-006, 9.88791452983e-006, 2.3603966838e-005],
        "var": [0.0724205970764, 9.45620632172, 57.3714485168, 261.688201904, 670.599243164, 2318.38476563, 4233.49658203, 3118.70214844, 2860.24682617, 2732.36376953, 548.474060059, 335.556518555, 51.019443512, 16.8233127594, 23.4918899536, 43.0431671143, 29.7217330933, 43.4752311707, 10.5098514557, 0.804321348667, 0.326962977648, 0.841446518898, 0.0522157624364, 0.0321231633425, 0.00807920563966, 0.00176293984987, 0.00139740831219, 0.0010698561091, 0.00045335534378, 3.37923847837e-005, 1.12693885512e-006, 3.12505608235e-006, 1.03270042473e-006, 2.48953373472e-008, 9.86236372569e-008, 1.93698230788e-008, 2.83743029073e-010, 2.55696904622e-011, 2.63307181614e-010, 1.52819989996e-009]
    },
    "gfcc": {
        "mean": [-298.556243896, 220.324890137, -11.187046051, -3.44041156769, -40.3177947998, -6.89557886124, -25.6611099243, -9.1996421814, -9.75936031342, -0.530006170273, -2.70761990547, -7.71955394745, -9.15553474426],
        "cov": [[8978.02148438, 3565.55395508, -1881.15710449, -1808.98156738, 447.654968262, -269.447845459, 629.033691406, -678.961120605, 80.9802017212, -388.969940186, 321.944824219, -294.807098389, 380.763031006], [3565.55395508, 2103.70654297, 32.1659469604, -1172.97229004, -11.7941961288, -82.9666213989, 426.780456543, -209.30847168, 135.876449585, -236.933807373, 168.620620728, -210.379074097, 210.391860962], [-1881.15710449, 32.1659469604, 2192.4777832, 236.640457153, -318.769287109, -55.1044502258, 70.3658370972, 199.472869873, 156.570739746, -33.9901657104, -40.0114974976, -61.2033958435, 6.08259725571], [-1808.98156738, -1172.97229004, 236.640457153, 1005.52459717, 111.880027771, -88.0718231201, -277.931335449, 56.6333656311, -47.877243042, 131.323974609, -72.9299621582, 121.689842224, -90.4251098633], [447.654968262, -11.7941961288, -318.769287109, 111.880027771, 315.502838135, 53.7647819519, -28.493434906, -92.7649154663, -29.8705921173, -6.76750659943, 41.7001037598, 18.320848465, 11.7740869522], [-269.447845459, -82.9666213989, -55.1044502258, -88.0718231201, 53.7647819519, 207.942428589, 86.6583099365, 67.2215270996, 1.13010823727, 12.5551204681, -7.17028713226, 2.65369200706, -24.8787212372], [629.033691406, 426.780456543, 70.3658370972, -277.931335449, -28.493434906, 86.6583099365, 278.834838867, 85.1970062256, 88.6231842041, -49.2727813721, 6.65847063065, -67.9865722656, 26.514421463], [-678.961120605, -209.30847168, 199.472869873, 56.6333656311, -92.7649154663, 67.2215270996, 85.1970062256, 237.240112305, 100.674446106, 36.7194747925, -49.3017616272, 1.0398144722, -46.3809394836], [80.9802017212, 135.876449585, 156.570739746, -47.877243042, -29.8705921173, 1.13010823727, 88.6231842041, 100.674446106, 127.311477661, 22.8399620056, 1.53762030602, -24.2378025055, 9.51669597626], [-388.969940186, -236.933807373, -33.9901657104, 131.323974609, -6.76750659943, 12.5551204681, -49.2727813721, 36.7194747925, 22.8399620056, 93.2965774536, 13.4205770493, 30.6423282623, -24.0725955963], [321.944824219, 168.620620728, -40.0114974976, -72.9299621582, 41.7001037598, -7.17028713226, 6.65847063065, -49.3017616272, 1.53762030602, 13.4205770493, 83.4119644165, 16.919342041, 27.7093772888], [-294.807098389, -210.379074097, -61.2033958435, 121.689842224, 18.320848465, 2.65369200706, -67.9865722656, 1.0398144722, -24.2378025055, 30.6423282623, 16.919342041, 75.4673843384, 3.61736559868], [380.763031006, 210.391860962, 6.08259725571, -90.4251098633, 11.7740869522, -24.8787212372, 26.514421463, -46.3809394836, 9.51669597626, -24.0725955963, 27.7093772888, 3.61736559868, 66.4408950806]],
        "icov": [[0.0015930805821, -0.00369173660874, 0.00140384724364, -0.00143354246393, -0.000653384602629, 0.00097437936347, -0.00120448123198, 0.00097658042796, 0.000354547169991, -0.0010117830243, 0.00196712557226, -0.00155513477512, 0.000970943423454], [-0.00369173660874, 0.0176711920649, -0.00393608678132, 0.0100464746356, -0.000533806043677, 0.00339170964435, -0.00208962731995, 0.0038271471858, -0.00896950159222, 0.0101124485955, -0.013019788079, 0.00974559783936, -0.00604921020567], [0.00140384724364, -0.00393608678132, 0.00232391478494, -0.00315868551843, 0.00161115964875, -0.00121296499856, 0.000226936856052, 0.000461744639324, -0.00109447806608, 0.00157299358398, -0.000123378777062, 0.000368975452147, 0.000157216461957], [-0.00143354246393, 0.0100464746356, -0.00315868551843, 0.0110062323511, -0.00580694712698, 0.00814993865788, -0.00350460433401, 0.0022138194181, -0.00233801384456, -0.000804086681455, -0.00100013124757, -0.000127301318571, -0.000836883555166], [-0.000653384602629, -0.000533806043677, 0.00161115964875, -0.00580694712698, 0.0109033193439, -0.00939082726836, 0.00415527774021, 0.00253174128011, -0.0060697235167, 0.00891122594476, -0.00768078723922, 0.00421819929034, -0.000883616216015], [0.00097437936347, 0.00339170964435, -0.00121296499856, 0.00814993865788, -0.00939082726836, 0.0179663784802, -0.00975461490452, -0.000121743374621, 0.00506296148524, -0.00721121625975, 0.00409024953842, -0.00447412254289, 0.00227800291032], [-0.00120448123198, -0.00208962731995, 0.000226936856052, -0.00350460433401, 0.00415527774021, -0.00975461490452, 0.0149961644784, -0.00712485052645, -0.00159948354121, 0.00473426189274, -0.00328293070197, 0.00672276923433, -0.0036703881342], [0.00097658042796, 0.0038271471858, 0.000461744639324, 0.0022138194181, 0.00253174128011, -0.000121743374621, -0.00712485052645, 0.0217532552779, -0.0191116761416, 0.00735909305513, 0.000336803204846, -0.00564248021692, 0.00836007203907], [0.000354547169991, -0.00896950159222, -0.00109447806608, -0.00233801384456, -0.0060697235167, 0.00506296148524, -0.00159948354121, -0.0191116761416, 0.0368969477713, -0.024638812989, 0.0118530653417, -0.00115655688569, -0.00553489616141], [-0.0010117830243, 0.0101124485955, 0.00157299358398, -0.000804086681455, 0.00891122594476, -0.00721121625975, 0.00473426189274, 0.00735909305513, -0.024638812989, 0.0417073816061, -0.026032011956, 0.0100303664804, 0.000457481481135], [0.00196712557226, -0.013019788079, -0.000123378777062, -0.00100013124757, -0.00768078723922, 0.00409024953842, -0.00328293070197, 0.000336803204846, 0.0118530653417, -0.026032011956, 0.041167024523, -0.0234807170928, 0.0060232244432], [-0.00155513477512, 0.00974559783936, 0.000368975452147, -0.000127301318571, 0.00421819929034, -0.00447412254289, 0.00672276923433, -0.00564248021692, -0.00115655688569, 0.0100303664804, -0.0234807170928, 0.0418886914849, -0.0198878888041], [0.000970943423454, -0.00604921020567, 0.000157216461957, -0.000836883555166, -0.000883616216015, 0.00227800291032, -0.0036703881342, 0.00836007203907, -0.00553489616141, 0.000457481481135, 0.0060232244432, -0.0198878888041, 0.0353283323348]]
    },
    "melbands": {
        "mean": [0.00148359150626, 0.00214926898479, 0.00131236377638, 0.00101764092688, 0.000802605703939, 0.000471561390441, 0.000172187035787, 0.000172252519405, 5.45314142073e-005, 2.59310472757e-005, 1.09091060949e-005, 5.09821711603e-006, 4.1231232899e-006, 3.58558759217e-006, 3.86997680835e-006, 1.70958048784e-006, 2.460104497e-006, 1.09131917725e-006, 2.44780267167e-007, 7.76592727902e-008, 7.94108601099e-008, 1.50900888229e-007, 6.14190938109e-008, 2.10281534407e-008, 2.18133706653e-008, 1.03540918062e-008, 6.80604861358e-009, 3.21060333874e-009, 3.44236861238e-009, 2.80320189283e-009, 2.1557433616e-009, 2.05829997491e-009, 7.32031268935e-010, 3.01177555118e-010, 1.07872585864e-010, 1.07969806706e-010, 1.06274253286e-010, 8.65235591507e-011, 6.73209404889e-011, 5.78325547174e-011],
        "var": [7.45259421819e-006, 1.62592405104e-005, 9.22283470572e-006, 7.20083198757e-006, 5.0119115258e-006, 1.84545012871e-006, 5.30922307007e-007, 2.90297322181e-007, 3.21144284499e-008, 1.00110524315e-008, 1.20792331693e-009, 3.0165525633e-010, 2.56668936105e-010, 2.06489672583e-010, 3.69871244743e-010, 8.76080458179e-011, 1.83118395447e-010, 4.43782892379e-011, 3.13966777923e-012, 3.36663151784e-013, 5.27779426066e-013, 1.25667456042e-012, 1.65757056518e-013, 1.56991881653e-014, 2.42129229942e-014, 5.629343698e-015, 2.63477073309e-015, 5.36719197715e-016, 5.34225109201e-016, 4.10059449436e-016, 5.11965348045e-016, 2.35307526222e-016, 2.24164440533e-017, 5.27358370262e-018, 3.12689729483e-019, 7.32854570665e-019, 1.36914707515e-018, 6.66817588739e-019, 8.45477653832e-020, 5.23978528374e-021]
    },
    "mfcc": {
        "mean": [-931.375, 216.403533936, 91.2879257202, 27.7473087311, 9.74080848694, 5.43073940277, 0.113042630255, -5.2028169632, -6.10399484634, -0.779125630856, 7.97055673599, 6.29093980789, -2.43248987198],
        "cov": [[5968.91943359, 3809.58447266, -1362.90710449, -1362.44714355, -522.770629883, 85.5731430054, 121.398094177, -75.1885910034, -130.031997681, -189.675369263, 71.7866592407, -3.9928393364, -192.134292603], [3809.58447266, 3189.96191406, -53.0436630249, -994.317077637, -558.825195313, -8.72938728333, 125.939567566, 16.7197589874, -44.929813385, -43.0827522278, 43.0027961731, -0.885071098804, -118.151817322], [-1362.90710449, -53.0436630249, 1441.35314941, 479.330810547, -115.072525024, -140.27305603, -15.0229024887, 65.7968521118, 97.0405273438, 140.194671631, -20.6331653595, -8.74429225922, 63.6151161194], [-1362.44714355, -994.317077637, 479.330810547, 804.399658203, 307.865814209, -49.3395614624, -113.596588135, -48.268321991, 23.4725399017, 20.577091217, -27.2386169434, -12.9513645172, 57.9359130859], [-522.770629883, -558.825195313, -115.072525024, 307.865814209, 360.135528564, 112.533790588, -48.5925636292, -66.8894577026, -66.4062194824, -57.3476257324, -27.9517288208, -3.32667469978, 6.30504751205], [85.5731430054, -8.72938728333, -140.27305603, -49.3395614624, 112.533790588, 159.742385864, 75.7135848999, -14.1679258347, -50.0410346985, -42.3375701904, -9.46614265442, -1.71619975567, -14.4158840179], [121.398094177, 125.939567566, -15.0229024887, -113.596588135, -48.5925636292, 75.7135848999, 126.312835693, 76.6418609619, 24.0455322266, 13.3099956512, 10.4151344299, 8.4532661438, -1.12809693813], [-75.1885910034, 16.7197589874, 65.7968521118, -48.268321991, -66.8894577026, -14.1679258347, 76.6418609619, 132.024093628, 108.04724884, 64.6341705322, 22.6663341522, 17.9690513611, 22.1163673401], [-130.031997681, -44.929813385, 97.0405273438, 23.4725399017, -66.4062194824, -50.0410346985, 24.0455322266, 108.04724884, 147.812744141, 105.125740051, 32.2401313782, 13.8157606125, 29.09516716], [-189.675369263, -43.0827522278, 140.194671631, 20.577091217, -57.3476257324, -42.3375701904, 13.3099956512, 64.6341705322, 105.125740051, 115.880683899, 51.8439903259, 12.3335800171, 20.2673206329], [71.7866592407, 43.0027961731, -20.6331653595, -27.2386169434, -27.9517288208, -9.46614265442, 10.4151344299, 22.6663341522, 32.2401313782, 51.8439903259, 65.0189819336, 34.4819488525, 7.49501895905], [-3.9928393364, -0.885071098804, -8.74429225922, -12.9513645172, -3.32667469978, -1.71619975567, 8.4532661438, 17.9690513611, 13.8157606125, 12.3335800171, 34.4819488525, 55.6839332581, 32.3246383667], [-192.134292603, -118.151817322, 63.6151161194, 57.9359130859, 6.30504751205, -14.4158840179, -1.12809693813, 22.1163673401, 29.09516716, 20.2673206329, 7.49501895905, 32.3246383667, 60.245967865]],
        "icov": [[0.123746968806, -0.176300421357, 0.180545061827, -0.181496173143, 0.17831453681, -0.17097710073, 0.162154302001, -0.154909044504, 0.150337651372, -0.14058855176, 0.113022819161, -0.0719760209322, 0.0323706530035], [-0.176300421357, 0.252287328243, -0.25922781229, 0.26262947917, -0.258418798447, 0.249763414264, -0.239019796252, 0.231036141515, -0.225923016667, 0.212274685502, -0.170518964529, 0.108185999095, -0.0479274839163], [0.180545061827, -0.25922781229, 0.271138310432, -0.278698772192, 0.279362291098, -0.27347150445, 0.266477674246, -0.263241022825, 0.262051969767, -0.24819406867, 0.199579805136, -0.126982405782, 0.0563065595925], [-0.181496173143, 0.26262947917, -0.278698772192, 0.295664280653, -0.302587777376, 0.303501695395, -0.301117151976, 0.303689002991, -0.304161518812, 0.28635185957, -0.230013340712, 0.148648187518, -0.0672198310494], [0.17831453681, -0.258418798447, 0.279362291098, -0.302587777376, 0.325128078461, -0.335614711046, 0.339904755354, -0.340877890587, 0.339498281479, -0.316034525633, 0.253723144531, -0.164811834693, 0.0742664560676], [-0.17097710073, 0.249763414264, -0.27347150445, 0.303501695395, -0.335614711046, 0.369907408953, -0.382078796625, 0.381396442652, -0.372110724449, 0.345377236605, -0.273990005255, 0.177350595593, -0.0796283558011], [0.162154302001, -0.239019796252, 0.266477674246, -0.301117151976, 0.339904755354, -0.382078796625, 0.419664084911, -0.42606022954, 0.413377851248, -0.376087039709, 0.294929921627, -0.189790308475, 0.0858621969819], [-0.154909044504, 0.231036141515, -0.263241022825, 0.303689002991, -0.340877890587, 0.381396442652, -0.42606022954, 0.466661512852, -0.462453246117, 0.413967400789, -0.321238160133, 0.20280110836, -0.0921407565475], [0.150337651372, -0.225923016667, 0.262051969767, -0.304161518812, 0.339498281479, -0.372110724449, 0.413377851248, -0.462453246117, 0.49498540163, -0.458574622869, 0.353247433901, -0.22277662158, 0.0959141850471], [-0.14058855176, 0.212274685502, -0.24819406867, 0.28635185957, -0.316034525633, 0.345377236605, -0.376087039709, 0.413967400789, -0.458574622869, 0.462636649609, -0.368055045605, 0.235396519303, -0.103330053389], [0.113022819161, -0.170518964529, 0.199579805136, -0.230013340712, 0.253723144531, -0.273990005255, 0.294929921627, -0.321238160133, 0.353247433901, -0.368055045605, 0.325060456991, -0.213952288032, 0.0953964591026], [-0.0719760209322, 0.108185999095, -0.126982405782, 0.148648187518, -0.164811834693, 0.177350595593, -0.189790308475, 0.20280110836, -0.22277662158, 0.235396519303, -0.213952288032, 0.170927345753, -0.0812501087785], [0.0323706530035, -0.0479274839163, 0.0563065595925, -0.0672198310494, 0.0742664560676, -0.0796283558011, 0.0858621969819, -0.0921407565475, 0.0959141850471, -0.103330053389, 0.0953964591026, -0.0812501087785, 0.0598009563982]]
    },
    "spectral_contrast_coeffs": {
        "mean": [-0.657933950424, -0.682571530342, -0.780579686165, -0.817723035812, -0.870112597942, -0.863895714283],
        "var": [0.007327133324, 0.00823396630585, 0.00752608757466, 0.00478503201157, 0.00143369659781, 0.00179242016748]
    },
    "spectral_contrast_valleys": {
        "mean": [-7.56057834625, -8.20472049713, -10.1304197311, -11.2726802826, -11.916390419, -14.1197137833],
        "var": [1.61972606182, 2.02240085602, 2.27142429352, 1.68817329407, 0.93931555748, 0.213661178946]
    }
},
"metadata": {
    "audio_properties": {
        "analysis_sample_rate": 44100,
        "bit_rate": 128074,
        "equal_loudness": 0,
        "length": 45.0612258911,
        "lossless": 0,
        "replay_gain": -6.63205528259,
        "sample_rate": 44100,
        "codec": "mp3",
        "downmix": "mix",
        "md5_encoded": "d8d172686009bea64ade394cf7e762d5"
    },
    "tags": {
        "file_name": "1786.mp3"
    },
    "version": {
        "essentia": "2.1-beta2",
        "essentia_git_sha": "v2.1_beta2",
        "extractor": "music 1.0"
    }
},
"rhythm": {
    "beats_count": 72,
    "beats_loudness": {
        "mean": 0.0476486161351,
        "var": 0.00303018745035
    },
    "bpm": 97.9048538208,
    "bpm_histogram_first_peak_bpm": {
        "mean": 99,
        "var": 0
    },
    "bpm_histogram_first_peak_spread": {
        "mean": 0.300000011921,
        "var": 0
    },
    "bpm_histogram_first_peak_weight": {
        "mean": 0.591549277306,
        "var": 0
    },
    "bpm_histogram_second_peak_bpm": {
        "mean": 92,
        "var": 0
    },
    "bpm_histogram_second_peak_spread": {
        "mean": 0.333333313465,
        "var": 0
    },
    "bpm_histogram_second_peak_weight": {
        "mean": 0.0845070406795,
        "var": 0
    },
    "danceability": 1.12317025661,
    "onset_rate": 1.95201838017,
    "beats_loudness_band_ratio": {
        "mean": [0.60277479887, 0.341032356024, 0.078461393714, 0.0142480172217, 0.00956125929952, 0.000486400240334],
        "var": [0.0712690353394, 0.0742518603802, 0.00819496251643, 0.00226578768343, 0.00364790856838, 7.89585192251e-006]
    },
    "beats_position": [0.615328788757, 1.21904754639, 1.83437633514, 2.43809509277, 3.04181408882, 3.64553284645, 4.2492518425, 4.87619018555, 5.50312900543, 6.11845779419, 6.73378658295, 7.36072540283, 7.98766422272, 8.62621307373, 9.27637195587, 9.92653083801, 10.5534696579, 11.1687984467, 11.7841272354, 12.4110651016, 13.0031747818, 13.6068935394, 14.2106122971, 14.8143310547, 15.4412698746, 16.0682086945, 16.6603164673, 17.2640361786, 17.8793640137, 18.483083725, 19.0984115601, 19.7021312714, 20.3290691376, 20.9327888489, 21.548116684, 22.1518363953, 22.7555541992, 23.3592739105, 23.9862117767, 24.6363716125, 25.2633094788, 25.8786392212, 26.4939670563, 27.1092967987, 27.7246246338, 28.3283443451, 28.932062149, 29.5357818604, 30.1394996643, 30.7432193756, 31.3469390869, 31.9506568909, 32.5543746948, 33.1697044373, 33.7850341797, 34.4235839844, 35.0621299744, 35.7122879028, 36.362449646, 37.0126075745, 37.5698852539, 38.1271629333, 38.7424926758, 39.3578224182, 39.9731521606, 40.5884780884, 41.2154197693, 41.8191375732, 42.4460754395, 43.0730133057, 43.6999549866, 44.3268928528]
},
"tonal": {
    "chords_changes_rate": 0.0504115223885,
    "chords_number_rate": 0.0123456791043,
    "chords_strength": {
        "mean": 0.569792091846,
        "var": 0.00804063025862
    },
    "hpcp_entropy": {
        "mean": 1.66729176044,
        "var": 0.428390771151
    },
    "key_strength": 0.689556062222,
    "tuning_diatonic_strength": 0.457178294659,
    "tuning_equal_tempered_deviation": 0.0718707069755,
    "tuning_frequency": 431.692352295,
    "tuning_nontempered_energy_ratio": 0.719671368599,
    "hpcp": {
        "mean": [0.375585824251, 0.227382287383, 0.061101898551, 0.0478382147849, 0.0405012220144, 0.0546476989985, 0.0579736307263, 0.0458845458925, 0.0755027830601, 0.101091638207, 0.0655035898089, 0.052984341979, 0.0608773566782, 0.0521265640855, 0.103363804519, 0.150040864944, 0.124084159732, 0.127764299512, 0.151590242982, 0.111684858799, 0.142934113741, 0.208547353745, 0.146261632442, 0.142281591892, 0.180409625173, 0.109590962529, 0.0620195455849, 0.0621521957219, 0.0449653826654, 0.0743941292167, 0.108642533422, 0.0673287659883, 0.0363269262016, 0.0396236889064, 0.0448390357196, 0.207119330764],
        "var": [0.190909683704, 0.0778709724545, 0.0266337227076, 0.0268701259047, 0.014184191823, 0.0227426849306, 0.0261629950255, 0.013420406729, 0.0277340915054, 0.0480602793396, 0.0220555011183, 0.0128298113123, 0.0195235237479, 0.0207457542419, 0.033623740077, 0.0722522363067, 0.0538742206991, 0.0676653087139, 0.096030831337, 0.0577674843371, 0.0538510978222, 0.108319319785, 0.0514860227704, 0.0733716860414, 0.120697766542, 0.0555124543607, 0.026903796941, 0.0256422888488, 0.0157503020018, 0.031927485019, 0.0734569504857, 0.024346685037, 0.0169620271772, 0.018563022837, 0.0154063720256, 0.0630574673414]
    },
    "chords_histogram": [8.33333301544, 6.06995868683, 14.5061731339, 0.823045253754, 0, 9.15637874603, 2.05761313438, 0, 2.77777767181, 26.5432090759, 2.05761313438, 0, 0, 2.77777767181, 0, 0, 0, 0, 0, 6.58436203003, 3.49794244766, 0, 0.925925910473, 13.8888893127],
    "thpcp": [1, 0.605406999588, 0.162684246898, 0.127369597554, 0.107834801078, 0.145499899983, 0.154355213046, 0.122167937458, 0.201026707888, 0.269157230854, 0.174403786659, 0.141071200371, 0.162086412311, 0.138787358999, 0.275206893682, 0.39948490262, 0.330374985933, 0.340173393488, 0.403610140085, 0.297361761332, 0.380563110113, 0.555258870125, 0.389422655106, 0.37882578373, 0.480341941118, 0.291786730289, 0.165127485991, 0.165480673313, 0.11972066015, 0.198074907064, 0.289261549711, 0.179263338447, 0.0967207029462, 0.105498358607, 0.119384258986, 0.551456749439],
    "chords_key": "A",
    "chords_scale": "major",
    "key_key": "D",
    "key_scale": "minor"
}
}