{
"lowlevel": {
    "average_loudness": 0.907389223576,
    "barkbands_crest": {
        "mean": 12.5995588303,
        "var": 20.785867691
    },
    "barkbands_flatness_db": {
        "mean": 0.19714102149,
        "var": 0.00295853149146
    },
    "barkbands_kurtosis": {
        "mean": 10.9506597519,
        "var": 247.24281311
    },
    "barkbands_skewness": {
        "mean": 2.28477478027,
        "var": 2.87161684036
    },
    "barkbands_spread": {
        "mean": 10.3658437729,
        "var": 45.4222183228
    },
    "dissonance": {
        "mean": 0.436985105276,
        "var": 0.00158380239736
    },
    "dynamic_complexity": 3.39889764786,
    "erbbands_crest": {
        "mean": 11.8991317749,
        "var": 40.8301467896
    },
    "erbbands_flatness_db": {
        "mean": 0.171691551805,
        "var": 0.00221315072849
    },
    "erbbands_kurtosis": {
        "mean": 1.78594791889,
        "var": 15.6506719589
    },
    "erbbands_skewness": {
        "mean": 0.690284132957,
        "var": 0.400611519814
    },
    "erbbands_spread": {
        "mean": 31.6372470856,
        "var": 371.672576904
    },
    "hfc": {
        "mean": 11.6560659409,
        "var": 156.415878296
    },
    "melbands_crest": {
        "mean": 15.6504449844,
        "var": 25.0029239655
    },
    "melbands_flatness_db": {
        "mean": 0.286906450987,
        "var": 0.00426632771268
    },
    "melbands_kurtosis": {
        "mean": 24.0257072449,
        "var": 1211.43920898
    },
    "melbands_skewness": {
        "mean": 3.13210654259,
        "var": 4.97118330002
    },
    "melbands_spread": {
        "mean": 10.5457801819,
        "var": 62.8102798462
    },
    "pitch_salience": {
        "mean": 0.471332579851,
        "var": 0.0142153277993
    },
    "silence_rate_20dB": {
        "mean": 1,
        "var": 0
    },
    "silence_rate_30dB": {
        "mean": 0.996910393238,
        "var": 0.00308004789986
    },
    "silence_rate_60dB": {
        "mean": 0.0221421215683,
        "var": 0.0216534547508
    },
    "spectral_centroid": {
        "mean": 670.760925293,
        "var": 117076.335938
    },
    "spectral_complexity": {
        "mean": 10.8872299194,
        "var": 34.6571884155
    },
    "spectral_decrease": {
        "mean": -7.82286946333e-009,
        "var": 3.59638476527e-017
    },
    "spectral_energy": {
        "mean": 0.0305825918913,
        "var": 0.000553274527192
    },
    "spectral_energyband_high": {
        "mean": 0.000168800746906,
        "var": 1.23333748547e-007
    },
    "spectral_energyband_low": {
        "mean": 0.014668176882,
        "var": 0.000216915927012
    },
    "spectral_energyband_middle_high": {
        "mean": 0.00356034212746,
        "var": 4.39899122284e-005
    },
    "spectral_energyband_middle_low": {
        "mean": 0.0136592509225,
        "var": 0.000196750188479
    },
    "spectral_entropy": {
        "mean": 7.05743455887,
        "var": 0.182930588722
    },
    "spectral_flux": {
        "mean": 0.0741905942559,
        "var": 0.00211141724139
    },
    "spectral_kurtosis": {
        "mean": 7.19843387604,
        "var": 17.7136211395
    },
    "spectral_rms": {
        "mean": 0.00506328092888,
        "var": 4.19985826738e-006
    },
    "spectral_rolloff": {
        "mean": 559.841125488,
        "var": 338846.28125
    },
    "spectral_skewness": {
        "mean": 2.08945417404,
        "var": 0.306809455156
    },
    "spectral_spread": {
        "mean": 4049548.75,
        "var": 2.5915270103e+012
    },
    "spectral_strongpeak": {
        "mean": 0.879420220852,
        "var": 1.37693476677
    },
    "zerocrossingrate": {
        "mean": 0.0279255639762,
        "var": 0.000321490399074
    },
    "barkbands": {
        "mean": [5.00059686601e-005, 0.00938281044364, 0.00432682596147, 0.00196289573796, 0.00416385196149, 0.00252128834836, 0.00131676369347, 0.000658406526782, 0.00160640198737, 0.00231588585302, 0.000394539558329, 0.000555257254746, 0.000452172651421, 0.000183752708836, 0.00016622991825, 0.000104168015241, 0.00010268510232, 4.55156914541e-005, 7.8076889622e-005, 4.84325901198e-005, 4.63289434265e-005, 2.72797133221e-005, 2.6980525945e-005, 2.20325182454e-005, 1.66304707818e-005, 6.8369845394e-006, 5.25055497747e-007],
        "var": [6.38472519299e-009, 0.000128045328893, 3.9431724872e-005, 1.04382443169e-005, 3.80535857403e-005, 1.60258969117e-005, 6.19245383859e-006, 1.40828137773e-006, 6.03023545409e-006, 3.37310375471e-005, 1.37870540584e-006, 3.70016550733e-006, 3.05245316667e-006, 5.7646377627e-007, 1.75514969669e-007, 7.61372973557e-008, 2.79116694202e-008, 4.6311110502e-009, 6.97451696396e-008, 4.71181564876e-008, 8.95880081231e-009, 2.93064461587e-009, 3.15124570882e-009, 2.87401014099e-009, 2.26156315897e-009, 3.44667822061e-010, 2.06318317465e-012]
    },
    "erbbands": {
        "mean": [0.143597111106, 2.53122258186, 5.74439811707, 5.4588932991, 6.96717643738, 16.0797729492, 22.986284256, 18.715970993, 22.7813186646, 15.2072992325, 16.5114307404, 42.7498435974, 71.8910446167, 36.1103668213, 17.3774013519, 30.4383430481, 22.8700332642, 11.6874809265, 9.26367759705, 5.93228673935, 6.7551817894, 4.29838991165, 2.83114004135, 2.33933067322, 4.86426496506, 1.94600713253, 2.27355122566, 1.41075050831, 0.960579276085, 0.917143166065, 0.786302149296, 0.52885222435, 0.359488010406, 0.206451401114, 0.10043477267, 0.0372527241707, 0.0112813580781, 0.00213342858478, 7.18205556041e-005, 3.59985278919e-005],
        "var": [0.0294026564807, 9.29582118988, 57.8395271301, 43.7513465881, 108.940322876, 607.719421387, 1795.67883301, 917.030212402, 2364.68994141, 520.227844238, 547.886779785, 4225.30712891, 35854.0507813, 13636.3759766, 2385.04199219, 9725.02441406, 6542.74462891, 1756.84729004, 649.241271973, 127.160682678, 198.957473755, 37.5505409241, 19.7934570313, 9.7675037384, 470.540435791, 44.0499191284, 36.5844573975, 9.99476718903, 4.2221622467, 3.47488665581, 2.67245650291, 1.36369526386, 0.900135815144, 0.339222222567, 0.0753529891372, 0.0111884558573, 0.000970757100731, 2.95136251225e-005, 2.45160833856e-008, 7.88158538434e-010]
    },
    "gfcc": {
        "mean": [-39.4282951355, 127.329956055, -93.7557296753, 28.8475704193, -50.8889770508, 16.7990283966, -29.8636722565, 8.33842658997, -21.0263004303, 0.568439722061, -13.5386953354, -2.78007054329, -10.6414699554],
        "cov": [[4727.35009766, -410.71383667, -360.917572021, -366.318328857, -518.675476074, 39.7550430298, -263.367248535, -88.0271759033, -187.006958008, 97.1525802612, -95.5201873779, 201.12097168, 59.0987701416], [-410.71383667, 667.922119141, -41.5872306824, -204.613861084, 133.805282593, -74.7516174316, 72.2546310425, -61.1584815979, 102.522247314, -42.6183128357, 57.4388542175, -35.772151947, 53.070186615], [-360.917572021, -41.5872306824, 332.968475342, 234.400756836, 67.6513442993, 35.40883255, 27.5938568115, 14.5251121521, 12.7796020508, -0.933459877968, 25.6503753662, -27.8242874146, -15.4032459259], [-366.318328857, -204.613861084, 234.400756836, 443.335845947, 100.904777527, 24.0858268738, 22.5733547211, 34.4331626892, -4.77604103088, 11.4639825821, 45.7718048096, -26.6361103058, -41.0229721069], [-518.675476074, 133.805282593, 67.6513442993, 100.904777527, 223.922286987, 45.9176483154, 83.6053695679, 27.4029121399, 49.0545921326, -10.920548439, 30.8111896515, -36.0224914551, -10.9384813309], [39.7550430298, -74.7516174316, 35.40883255, 24.0858268738, 45.9176483154, 106.663284302, 53.7088890076, 34.8599281311, 2.53798079491, 2.68297934532, -16.5607223511, -8.23660182953, -11.6286077499], [-263.367248535, 72.2546310425, 27.5938568115, 22.5733547211, 83.6053695679, 53.7088890076, 145.527252197, 66.2324371338, 36.4635391235, -22.6577587128, -8.22831726074, -36.4097671509, 8.78638744354], [-88.0271759033, -61.1584815979, 14.5251121521, 34.4331626892, 27.4029121399, 34.8599281311, 66.2324371338, 102.566452026, 39.736000061, 8.07219314575, -17.7686862946, -22.2092533112, -8.61115169525], [-187.006958008, 102.522247314, 12.7796020508, -4.77604103088, 49.0545921326, 2.53798079491, 36.4635391235, 39.736000061, 106.026313782, 44.4437599182, 26.8949260712, -13.0744361877, -6.49141025543], [97.1525802612, -42.6183128357, -0.933459877968, 11.4639825821, -10.920548439, 2.68297934532, -22.6577587128, 8.07219314575, 44.4437599182, 91.2904663086, 51.5624732971, 21.9532032013, -20.5835208893], [-95.5201873779, 57.4388542175, 25.6503753662, 45.7718048096, 30.8111896515, -16.5607223511, -8.22831726074, -17.7686862946, 26.8949260712, 51.5624732971, 102.652557373, 44.3433418274, -0.166204825044], [201.12097168, -35.772151947, -27.8242874146, -26.6361103058, -36.0224914551, -8.23660182953, -36.4097671509, -22.2092533112, -13.0744361877, 21.9532032013, 44.3433418274, 89.555267334, 36.4595794678], [59.0987701416, 53.070186615, -15.4032459259, -41.0229721069, -10.9384813309, -11.6286077499, 8.78638744354, -8.61115169525, -6.49141025543, -20.5835208893, -0.166204825044, 36.4595794678, 76.2127990723]],
        "icov": [[0.00039921325515, -0.00057098432444, 0.000322039530147, -0.000359308614861, 0.00083304324653, -0.00090889330022, 0.000433673878433, -0.00039705412928, 0.000964603037573, -0.00123974378221, 0.0011077420786, -0.000920444843359, 3.58182296623e-005], [-0.00057098432444, 0.00916416943073, -0.00152239191812, 0.00576183758676, -0.00455218553543, 0.00563555164263, -0.0033151616808, 0.0073350421153, -0.00967342313379, 0.00972293876112, -0.0105429897085, 0.00837730802596, -0.0039560017176], [0.000322039530147, -0.00152239191812, 0.00573527486995, -0.00381331634708, 0.00189838348888, -0.00366277294233, 0.00133403309155, -0.000215922103962, 0.000129500185722, -0.000372588459868, 0.000213309554965, 0.000615736935288, -0.00093135307543], [-0.000359308614861, 0.00576183758676, -0.00381331634708, 0.00825990457088, -0.00454139895737, 0.00452132662758, -0.00132854585536, 0.00192460941616, -0.00316442130134, 0.00541605241597, -0.00834562256932, 0.00574773922563, -0.00122419255786], [0.00083304324653, -0.00455218553543, 0.00189838348888, -0.00454139895737, 0.0119187086821, -0.00773335574195, 0.000391766545363, -0.00189665367361, 0.000780341040809, -0.000519102264661, 0.000256078259554, -0.00103452836629, 0.00115603278391], [-0.00090889330022, 0.00563555164263, -0.00366277294233, 0.00452132662758, -0.00773335574195, 0.0214950125664, -0.00976436771452, 0.00350586953573, -0.00170079153031, -0.000518512330018, 0.00212231650949, -0.00207972479984, 0.00288020656444], [0.000433673878433, -0.0033151616808, 0.00133403309155, -0.00132854585536, 0.000391766545363, -0.00976436771452, 0.0195355825126, -0.0114807449281, 0.00126315711532, 0.00365369650535, -0.00411344552413, 0.00542293256149, -0.00496520288289], [-0.00039705412928, 0.0073350421153, -0.000215922103962, 0.00192460941616, -0.00189665367361, 0.00350586953573, -0.0114807449281, 0.0254055038095, -0.013786113821, 0.00425307033584, -0.000513877777848, 0.00306121003814, -0.000841808272526], [0.000964603037573, -0.00967342313379, 0.000129500185722, -0.00316442130134, 0.000780341040809, -0.00170079153031, 0.00126315711532, -0.013786113821, 0.0311125293374, -0.0229783747345, 0.0106048546731, -0.00536276120692, 0.00149271788541], [-0.00123974378221, 0.00972293876112, -0.000372588459868, 0.00541605241597, -0.000519102264661, -0.000518512330018, 0.00365369650535, 0.00425307033584, -0.0229783747345, 0.0406732447445, -0.0264011733234, 0.00967340730131, 0.00127912976313], [0.0011077420786, -0.0105429897085, 0.000213309554965, -0.00834562256932, 0.000256078259554, 0.00212231650949, -0.00411344552413, -0.000513877777848, 0.0106048546731, -0.0264011733234, 0.04269278422, -0.0277963224798, 0.00997369084507], [-0.000920444843359, 0.00837730802596, 0.000615736935288, 0.00574773922563, -0.00103452836629, -0.00207972479984, 0.00542293256149, 0.00306121003814, -0.00536276120692, 0.00967340730131, -0.0277963224798, 0.0393307581544, -0.0193668808788], [3.58182296623e-005, -0.0039560017176, -0.00093135307543, -0.00122419255786, 0.00115603278391, 0.00288020656444, -0.00496520288289, -0.000841808272526, 0.00149271788541, 0.00127912976313, 0.00997369084507, -0.0193668808788, 0.0258429460227]]
    },
    "melbands": {
        "mean": [0.00205406360328, 0.00328763667494, 0.00103768019471, 0.000746377278119, 0.000872296921443, 0.000442631455371, 0.000333618634613, 0.000163375327247, 0.000162112075486, 0.000262750225374, 0.000352604547516, 0.000147410813952, 5.31077930646e-005, 6.90353626851e-005, 6.77618663758e-005, 3.23561289406e-005, 2.19997800741e-005, 1.40679094329e-005, 8.26348696137e-006, 7.96457334218e-006, 8.96473829926e-006, 5.54619327886e-006, 2.27770487982e-006, 2.47916341323e-006, 1.63080687798e-006, 3.49012134393e-006, 2.78555899058e-006, 9.90648345578e-007, 1.57824547387e-006, 1.07829157514e-006, 7.00532154951e-007, 5.00341570842e-007, 5.78976710131e-007, 4.60561039972e-007, 4.53487274399e-007, 4.1149377239e-007, 2.86634389113e-007, 2.71400949714e-007, 1.96792498741e-007, 1.6477780207e-007],
        "var": [6.00823841523e-006, 1.44197647387e-005, 1.62537833148e-006, 9.39510584885e-007, 2.27780560635e-006, 5.42565601336e-007, 4.86251508391e-007, 6.89437342771e-008, 5.57907782195e-008, 1.57393813538e-007, 8.85027588993e-007, 2.81029997495e-007, 2.50433593862e-008, 5.11902165101e-008, 4.73780872312e-008, 1.07361382007e-008, 8.8419485067e-009, 1.52343737625e-009, 3.03439690041e-010, 5.46713618821e-010, 3.77578635025e-010, 7.0609934566e-011, 1.84290707694e-011, 1.28698666307e-011, 3.94856846872e-012, 1.68510316811e-010, 1.81717405012e-010, 1.15955734598e-011, 2.61043530542e-011, 7.62281297112e-012, 2.13908014565e-012, 1.27890829437e-012, 1.29584158074e-012, 1.00679978677e-012, 1.03846510384e-012, 6.54489103972e-013, 4.81591058265e-013, 5.39910076282e-013, 3.26194637707e-013, 2.18702727911e-013]
    },
    "mfcc": {
        "mean": [-691.305480957, 157.099853516, 17.95337677, 24.8703327179, 7.04281902313, 9.02143001556, 4.31907510757, 6.75751018524, -0.0106828473508, 5.52697038651, 1.25097358227, 2.26605343819, -5.04321908951],
        "cov": [[4352.68652344, -329.124633789, -133.310119629, -508.130645752, -370.679107666, -117.437820435, -196.963363647, -183.675552368, -86.9464569092, -206.400650024, -248.542449951, -53.7604980469, 170.912658691], [-329.124633789, 794.113098145, -165.643081665, -135.699081421, -12.4714794159, -13.45773983, -42.6442451477, -7.35826778412, 27.8229122162, -7.21550798416, -5.1993560791, 23.9142284393, 1.82879018784], [-133.310119629, -165.643081665, 286.629486084, 139.522918701, 52.709602356, 42.2189178467, 30.8538208008, 11.4000740051, -14.2164297104, 19.0919532776, 24.7533950806, -8.35589694977, -11.9308900833], [-508.130645752, -135.699081421, 139.522918701, 313.324493408, 128.636276245, 52.477306366, 72.502456665, 41.7889442444, -14.7701358795, 52.6096229553, 58.9883041382, 13.3047819138, -22.3916549683], [-370.679107666, -12.4714794159, 52.709602356, 128.636276245, 150.197952271, 57.9626731873, 40.688583374, 24.7956581116, 0.533418595791, 21.4902439117, 46.990196228, 26.5157241821, 2.7222366333], [-117.437820435, -13.45773983, 42.2189178467, 52.477306366, 57.9626731873, 88.3214416504, 47.910610199, 21.398853302, 4.82882452011, 9.48397064209, 18.0941982269, 11.8230762482, 9.67887687683], [-196.963363647, -42.6442451477, 30.8538208008, 72.502456665, 40.688583374, 47.910610199, 115.686859131, 66.8013305664, 22.2131290436, 32.1982688904, 10.9487609863, -12.2036933899, -23.7123947144], [-183.675552368, -7.35826778412, 11.4000740051, 41.7889442444, 24.7956581116, 21.398853302, 66.8013305664, 95.8472061157, 53.7226867676, 35.2538490295, 5.84452772141, -14.1143722534, -20.036945343], [-86.9464569092, 27.8229122162, -14.2164297104, -14.7701358795, 0.533418595791, 4.82882452011, 22.2131290436, 53.7226867676, 99.2765655518, 57.0885848999, 6.1279630661, -10.5818805695, -15.9143257141], [-206.400650024, -7.21550798416, 19.0919532776, 52.6096229553, 21.4902439117, 9.48397064209, 32.1982688904, 35.2538490295, 57.0885848999, 106.738670349, 54.9205551147, 1.72515594959, -29.2623405457], [-248.542449951, -5.1993560791, 24.7533950806, 58.9883041382, 46.990196228, 18.0941982269, 10.9487609863, 5.84452772141, 6.1279630661, 54.9205551147, 105.764122009, 57.489490509, 1.24073934555], [-53.7604980469, 23.9142284393, -8.35589694977, 13.3047819138, 26.5157241821, 11.8230762482, -12.2036933899, -14.1143722534, -10.5818805695, 1.72515594959, 57.489490509, 97.0747680664, 58.8664627075], [170.912658691, 1.82879018784, -11.9308900833, -22.3916549683, 2.7222366333, 9.67887687683, -23.7123947144, -20.036945343, -15.9143257141, -29.2623405457, 1.24073934555, 58.8664627075, 112.30431366]],
        "icov": [[0.000397033785703, 0.000242254245677, -1.14219301395e-005, 0.000396761199227, 0.000506828073412, -0.000184280623216, 0.000112352798169, 0.000282206397969, 0.000108660497062, -8.58256535139e-005, 0.00052793812938, 3.94977505493e-005, -0.000486116361571], [0.000242254245677, 0.00169232289772, 0.000680164957885, 0.000830231001601, -0.000250536802923, -0.000467649137136, 0.000700868840795, -0.000149742118083, -3.96526775148e-006, -0.000281656160951, 0.000715250498615, -0.000764077587519, 0.0003278531658], [-1.14219301395e-005, 0.000680164957885, 0.00505077699199, -0.00197044131346, 0.000466989760753, -0.00193983793724, 0.000809454650152, 0.000111884306534, 0.000124407146359, 0.000243959744694, -0.000948519562371, 0.00142462807707, -0.000158320181072], [0.000396761199227, 0.000830231001601, -0.00197044131346, 0.00794434733689, -0.00452722609043, 0.000883408763912, -0.00111719523557, -0.00180598697625, 0.0043233409524, -0.00389364315197, 0.00139912590384, -0.00101659970824, 0.00034831877565], [0.000506828073412, -0.000250536802923, 0.000466989760753, -0.00452722609043, 0.0144430110231, -0.00620542792603, 0.000693585141562, -0.000118541691336, -0.00151535798796, 0.00284747360274, -0.00323930149898, 5.79006118642e-005, -0.000777632114477], [-0.000184280623216, -0.000467649137136, -0.00193983793724, 0.000883408763912, -0.00620542792603, 0.019961848855, -0.008610191755, 0.00263387593441, -0.00190819520503, 0.00175793038215, -0.00153231213335, 0.00065462780185, -0.0027984844055], [0.000112352798169, 0.000700868840795, 0.000809454650152, -0.00111719523557, 0.000693585141562, -0.008610191755, 0.0209758877754, -0.0134806111455, 0.00542857917026, -0.00420663598925, 0.00277875782922, -0.000860949454363, 0.00252362550236], [0.000282206397969, -0.000149742118083, 0.000111884306534, -0.00180598697625, -0.000118541691336, 0.00263387593441, -0.0134806111455, 0.0270683597773, -0.0140042975545, 0.00426703318954, -0.00156812823843, 0.00242075044662, -0.00114051275887], [0.000108660497062, -3.96526775148e-006, 0.000124407146359, 0.0043233409524, -0.00151535798796, -0.00190819520503, 0.00542857917026, -0.0140042975545, 0.0256876163185, -0.0157326776534, 0.0071097840555, -0.00258772680536, 0.000377345568268], [-8.58256535139e-005, -0.000281656160951, 0.000243959744694, -0.00389364315197, 0.00284747360274, 0.00175793038215, -0.00420663598925, 0.00426703318954, -0.0157326776534, 0.027014516294, -0.0163512099534, 0.00692274933681, 0.000398869451601], [0.00052793812938, 0.000715250498615, -0.000948519562371, 0.00139912590384, -0.00323930149898, -0.00153231213335, 0.00277875782922, -0.00156812823843, 0.0071097840555, -0.0163512099534, 0.0306820161641, -0.0202578641474, 0.00690717482939], [3.94977505493e-005, -0.000764077587519, 0.00142462807707, -0.00101659970824, 5.79006118642e-005, 0.00065462780185, -0.000860949454363, 0.00242075044662, -0.00258772680536, 0.00692274933681, -0.0202578641474, 0.0314447917044, -0.0147281866521], [-0.000486116361571, 0.0003278531658, -0.000158320181072, 0.00034831877565, -0.000777632114477, -0.0027984844055, 0.00252362550236, -0.00114051275887, 0.000377345568268, 0.000398869451601, 0.00690717482939, -0.0147281866521, 0.0180820263922]]
    },
    "spectral_contrast_coeffs": {
        "mean": [-0.644379973412, -0.718728005886, -0.722521305084, -0.761393845081, -0.804058372974, -0.788694083691],
        "var": [0.00579122267663, 0.00612853374332, 0.00710021099076, 0.00299083837308, 0.00101500179153, 0.000485486089019]
    },
    "spectral_contrast_valleys": {
        "mean": [-6.88790893555, -6.92341709137, -7.76128578186, -8.50052165985, -8.34023094177, -10.8633489609],
        "var": [0.52001541853, 0.835864007473, 0.82587659359, 0.651105642319, 0.62449669838, 0.861718654633]
    }
},
"metadata": {
    "audio_properties": {
        "analysis_sample_rate": 44100,
        "bit_rate": 128074,
        "equal_loudness": 0,
        "length": 45.0612258911,
        "lossless": 0,
        "replay_gain": -6.34902191162,
        "sample_rate": 44100,
        "codec": "mp3",
        "downmix": "mix",
        "md5_encoded": "8722bbb3c165ca951f43511a29c55c7b"
    },
    "tags": {
        "file_name": "1787.mp3"
    },
    "version": {
        "essentia": "2.1-beta2",
        "essentia_git_sha": "v2.1_beta2",
        "extractor": "music 1.0"
    }
},
"rhythm": {
    "beats_count": 80,
    "beats_loudness": {
        "mean": 0.0483649596572,
        "var": 0.000572746270336
    },
    "bpm": 109.531555176,
    "bpm_histogram_first_peak_bpm": {
        "mean": 110,
        "var": 0
    },
    "bpm_histogram_first_peak_spread": {
        "mean": 0.608695685863,
        "var": 0
    },
    "bpm_histogram_first_peak_weight": {
        "mean": 0.227848097682,
        "var": 0
    },
    "bpm_histogram_second_peak_bpm": {
        "mean": 105,
        "var": 0
    },
    "bpm_histogram_second_peak_spread": {
        "mean": 0.263157874346,
        "var": 0
    },
    "bpm_histogram_second_peak_weight": {
        "mean": 0.177215188742,
        "var": 0
    },
    "danceability": 1.35859644413,
    "onset_rate": 3.90403676033,
    "beats_loudness_band_ratio": {
        "mean": [0.452060848475, 0.221097558737, 0.216902524233, 0.130669921637, 0.0180181767792, 0.0075144530274],
        "var": [0.0649665221572, 0.0278341919184, 0.0230543445796, 0.0222661513835, 0.000272929610219, 0.000113550864626]
    },
    "beats_position": [0.603718817234, 1.23065757751, 1.84598636627, 2.46131515503, 3.07664394379, 3.69197273254, 4.31891155243, 4.94585037231, 5.53795909882, 6.10684776306, 6.68734693527, 7.26784563065, 7.83673477173, 8.40562343597, 8.96290206909, 9.52018165588, 10.0890703201, 10.6579589844, 11.2268476486, 11.7957363129, 12.3646259308, 12.9219045639, 13.4907932281, 14.0596818924, 14.6285715103, 15.2090702057, 15.7895689011, 16.3468475342, 16.904127121, 17.4497947693, 18.0070743561, 18.5643539429, 19.1332416534, 19.6905212402, 20.247800827, 20.7934684753, 21.339138031, 21.8848075867, 22.430475235, 22.9761447906, 23.5218143463, 24.0674819946, 24.6131515503, 25.158821106, 25.7044887543, 26.2617683411, 26.8074378967, 27.3763256073, 27.9336051941, 28.4792747498, 29.0249423981, 29.593832016, 30.1394996643, 30.6967792511, 31.2308387756, 31.7648983002, 32.2989578247, 32.8446235657, 33.3786849976, 33.9127426147, 34.4351921082, 34.9692497253, 35.4916992188, 36.0373687744, 36.5714263916, 37.1054878235, 37.6395454407, 38.1736030579, 38.6960525513, 39.2417221069, 39.7525634766, 40.2866210938, 40.8206787109, 41.3547401428, 41.88879776, 42.3996353149, 42.9336967468, 43.4561424255, 43.9785919189, 44.5126533508]
},
"tonal": {
    "chords_changes_rate": 0.0812757238746,
    "chords_number_rate": 0.0113168722019,
    "chords_strength": {
        "mean": 0.437917232513,
        "var": 0.0070851193741
    },
    "hpcp_entropy": {
        "mean": 1.72989273071,
        "var": 0.445301324129
    },
    "key_strength": 0.548807919025,
    "tuning_diatonic_strength": 0.415484428406,
    "tuning_equal_tempered_deviation": 0.0633494630456,
    "tuning_frequency": 438.731048584,
    "tuning_nontempered_energy_ratio": 0.646416246891,
    "hpcp": {
        "mean": [0.223982185125, 0.13922084868, 0.0902510434389, 0.0872186720371, 0.0525799840689, 0.0368229299784, 0.043714620173, 0.0583483278751, 0.171346485615, 0.218633234501, 0.112469352782, 0.0691481307149, 0.0902789160609, 0.0965866073966, 0.145930632949, 0.221595361829, 0.191496670246, 0.144978687167, 0.135934099555, 0.111582666636, 0.207320153713, 0.257318437099, 0.154613479972, 0.136258468032, 0.129395052791, 0.0595969930291, 0.0285244639963, 0.0284165237099, 0.0316685289145, 0.142164871097, 0.224292010069, 0.117460407317, 0.0382885709405, 0.052316557616, 0.083932518959, 0.178351104259],
        "var": [0.102927386761, 0.0475572757423, 0.0333990566432, 0.0331898219883, 0.0187698416412, 0.0100656077266, 0.0118789160624, 0.0163767877966, 0.0752888321877, 0.103359699249, 0.0291809048504, 0.0246486123651, 0.0360319763422, 0.0444789528847, 0.0535330474377, 0.105360276997, 0.0858810916543, 0.0697508081794, 0.0749611631036, 0.0545438863337, 0.0719024389982, 0.10627155751, 0.0503314808011, 0.0635146200657, 0.0573062077165, 0.0169358327985, 0.00926296319813, 0.00839923787862, 0.00783101189882, 0.0585719347, 0.124361023307, 0.0350276120007, 0.0108106359839, 0.0239144489169, 0.0363971590996, 0.0731690600514]
    },
    "chords_histogram": [12.3456792831, 3.70370364189, 18.7242794037, 38.7860069275, 2.26337456703, 2.77777767181, 0, 3.60082316399, 0, 10.3909463882, 1.33744859695, 0, 0, 0, 0, 0, 0, 0, 0, 0.205761313438, 4.01234579086, 0, 1.85185182095, 0],
    "thpcp": [1, 0.600864350796, 0.529532492161, 0.502859652042, 0.231607943773, 0.110852777958, 0.110433295369, 0.123071357608, 0.552486121655, 0.871651530266, 0.456478774548, 0.148798391223, 0.203314453363, 0.326181530952, 0.693114340305, 0.870447456837, 0.541044950485, 0.350736796856, 0.33895227313, 0.20433819294, 0.143102571368, 0.16988530755, 0.226755335927, 0.665892779827, 0.849660217762, 0.437082380056, 0.268725901842, 0.350845098495, 0.37535828352, 0.567120790482, 0.861171722412, 0.744201123714, 0.563421308994, 0.528271913528, 0.43363648653, 0.805694878101],
    "chords_key": "C",
    "chords_scale": "major",
    "key_key": "D",
    "key_scale": "minor"
}
}