{
"lowlevel": {
    "average_loudness": 0.953055381775,
    "barkbands_crest": {
        "mean": 9.95267868042,
        "var": 16.940782547
    },
    "barkbands_flatness_db": {
        "mean": 0.145149454474,
        "var": 0.0020966141019
    },
    "barkbands_kurtosis": {
        "mean": 1.94405555725,
        "var": 12.1662912369
    },
    "barkbands_skewness": {
        "mean": 0.968217551708,
        "var": 0.684835493565
    },
    "barkbands_spread": {
        "mean": 16.8380889893,
        "var": 103.40688324
    },
    "dissonance": {
        "mean": 0.460081964731,
        "var": 0.000849458388984
    },
    "dynamic_complexity": 1.38046717644,
    "erbbands_crest": {
        "mean": 11.5191850662,
        "var": 25.9302330017
    },
    "erbbands_flatness_db": {
        "mean": 0.205891683698,
        "var": 0.0028248662129
    },
    "erbbands_kurtosis": {
        "mean": 0.945051789284,
        "var": 5.5311870575
    },
    "erbbands_skewness": {
        "mean": 0.501152217388,
        "var": 0.466464668512
    },
    "erbbands_spread": {
        "mean": 24.5799255371,
        "var": 172.382263184
    },
    "hfc": {
        "mean": 32.8511734009,
        "var": 272.636962891
    },
    "melbands_crest": {
        "mean": 13.3022384644,
        "var": 25.1839885712
    },
    "melbands_flatness_db": {
        "mean": 0.180300161242,
        "var": 0.00281489361078
    },
    "melbands_kurtosis": {
        "mean": 4.63879013062,
        "var": 37.5276222229
    },
    "melbands_skewness": {
        "mean": 1.4499540329,
        "var": 1.11220347881
    },
    "melbands_spread": {
        "mean": 22.9367313385,
        "var": 166.865493774
    },
    "pitch_salience": {
        "mean": 0.548646867275,
        "var": 0.0121592693031
    },
    "silence_rate_20dB": {
        "mean": 1,
        "var": 0
    },
    "silence_rate_30dB": {
        "mean": 1,
        "var": 0
    },
    "silence_rate_60dB": {
        "mean": 0.0262615866959,
        "var": 0.0255721472204
    },
    "spectral_centroid": {
        "mean": 1484.6517334,
        "var": 315043.09375
    },
    "spectral_complexity": {
        "mean": 20.8249225616,
        "var": 55.2658576965
    },
    "spectral_decrease": {
        "mean": -7.59895879554e-009,
        "var": 1.52962205786e-017
    },
    "spectral_energy": {
        "mean": 0.0316599532962,
        "var": 0.000238079301198
    },
    "spectral_energyband_high": {
        "mean": 0.000824584043585,
        "var": 1.29963439122e-006
    },
    "spectral_energyband_low": {
        "mean": 0.00301939691417,
        "var": 4.12079243688e-005
    },
    "spectral_energyband_middle_high": {
        "mean": 0.0125170415267,
        "var": 7.42110423744e-005
    },
    "spectral_energyband_middle_low": {
        "mean": 0.0159200821072,
        "var": 0.000187469820958
    },
    "spectral_entropy": {
        "mean": 7.48428583145,
        "var": 0.149547353387
    },
    "spectral_flux": {
        "mean": 0.114024594426,
        "var": 0.00127267034259
    },
    "spectral_kurtosis": {
        "mean": 6.32895517349,
        "var": 12.1980257034
    },
    "spectral_rms": {
        "mean": 0.00535257533193,
        "var": 2.23772735808e-006
    },
    "spectral_rolloff": {
        "mean": 1900.19909668,
        "var": 1967717.625
    },
    "spectral_skewness": {
        "mean": 1.87867772579,
        "var": 0.207013592124
    },
    "spectral_spread": {
        "mean": 4248625.5,
        "var": 2.82537204122e+012
    },
    "spectral_strongpeak": {
        "mean": 2.27662587166,
        "var": 3.89531183243
    },
    "zerocrossingrate": {
        "mean": 0.0730234384537,
        "var": 0.00127938692458
    },
    "barkbands": {
        "mean": [7.44519866203e-006, 0.00153020350263, 0.00117855460849, 0.000720176729374, 0.00279104942456, 0.0033401127439, 0.00301104993559, 0.0020778097678, 0.00303891464137, 0.0021719080396, 0.00142838724423, 0.0016768471105, 0.00117608252913, 0.00273217004724, 0.00160709675401, 0.000769467966165, 0.00069437827915, 0.000374087481759, 0.000334173935698, 0.000365909712855, 0.000146529229823, 0.000126087616081, 0.000115428505524, 7.93710132712e-005, 0.00010276993271, 6.17648256593e-005, 2.19158005166e-006],
        "var": [3.81996573262e-010, 1.08272606667e-005, 1.11765584734e-005, 3.53740392711e-006, 2.99700914184e-005, 3.75942327082e-005, 2.95188820019e-005, 1.62040523719e-005, 2.55763025052e-005, 9.16116641747e-006, 6.24212907496e-006, 1.16517467177e-005, 4.14231863033e-006, 2.29539036809e-005, 8.32641580928e-006, 1.63279446497e-006, 1.07688686057e-006, 1.72047464275e-007, 1.86791297097e-007, 1.8705804905e-007, 4.59089690708e-008, 4.86411551037e-008, 6.39133972413e-008, 3.45054935735e-008, 5.2287990826e-008, 2.48515341639e-008, 3.87078737119e-011]
    },
    "erbbands": {
        "mean": [0.0115535976365, 0.44462826848, 1.47671163082, 1.88592672348, 5.52214622498, 9.61709117889, 14.764714241, 30.2573184967, 50.5417327881, 36.8215141296, 53.2893371582, 62.759803772, 80.3938369751, 58.8502883911, 58.6448059082, 69.6090011597, 58.8235778809, 107.222373962, 127.092048645, 68.8675842285, 37.3533363342, 39.4502372742, 21.4080162048, 17.1487064362, 19.7282142639, 16.723531723, 9.52345752716, 4.18366146088, 4.61552143097, 4.3325009346, 3.00799632072, 1.82362651825, 1.27906441689, 0.981794178486, 0.797051310539, 0.399177253246, 0.0831226408482, 0.0105137061328, 0.000285968970275, 4.87515462737e-005],
        "var": [0.000483150186483, 0.932701587677, 14.4264411926, 22.1034736633, 185.072921753, 420.318481445, 1319.34216309, 3186.80737305, 9185.53515625, 3295.25488281, 10432.7128906, 13058.7783203, 14358.4189453, 8817.62402344, 8905.99609375, 19499.8144531, 7490.86279297, 38444.0507813, 43332.453125, 11686.9960938, 2469.69384766, 3896.69628906, 541.094726563, 308.470336914, 755.497192383, 354.151794434, 184.207824707, 39.6597328186, 60.5449790955, 79.3195648193, 42.5301589966, 18.1478805542, 8.93564987183, 5.13130426407, 3.29822063446, 1.08701121807, 0.0430200099945, 0.000594102835748, 4.80628614241e-007, 8.58874638077e-010]
    },
    "gfcc": {
        "mean": [13.8366088867, 56.8503189087, -156.350128174, -5.80049228668, -69.298210144, 2.6015162468, -48.5152320862, 9.38185214996, -28.2179889679, 11.3312444687, -17.8560657501, 2.24436736107, -10.8693447113],
        "cov": [[2731.58886719, 472.824157715, 417.758026123, 428.067016602, -2.53008627892, 59.889629364, -70.8136062622, -60.3832359314, -51.9119911194, -6.8731842041, -86.8442459106, -58.6809921265, -99.2190856934], [472.824157715, 2114.3046875, 708.165649414, 434.350280762, 386.765655518, -122.409446716, 135.066818237, -78.4744796753, 43.4712791443, -256.87487793, -37.1565513611, -170.469284058, 5.67330598831], [417.758026123, 708.165649414, 1110.48986816, 544.192382813, 140.795303345, 84.2161407471, 34.9316749573, 5.80513191223, -47.4558181763, -23.6637573242, -40.986492157, -34.8971138, -74.3048934937], [428.067016602, 434.350280762, 544.192382813, 673.774230957, 255.275054932, 139.507553101, 96.6274719238, -43.2762870789, -26.9096889496, -46.7238883972, -14.5734024048, -53.8619041443, -27.8655033112], [-2.53008627892, 386.765655518, 140.795303345, 255.275054932, 403.165130615, 136.794921875, 98.3162612915, 16.8310375214, -9.22526168823, -47.4385948181, -11.9230003357, -26.1556243896, 26.417383194], [59.889629364, -122.409446716, 84.2161407471, 139.507553101, 136.794921875, 239.328964233, 97.1610717773, 42.5023651123, 3.33792853355, 18.3397312164, -6.14367723465, 15.2903366089, 5.2769536972], [-70.8136062622, 135.066818237, 34.9316749573, 96.6274719238, 98.3162612915, 97.1610717773, 167.501083374, 70.4048919678, 28.7132873535, -23.884683609, -6.80133581161, -10.0888261795, 26.0488872528], [-60.3832359314, -78.4744796753, 5.80513191223, -43.2762870789, 16.8310375214, 42.5023651123, 70.4048919678, 163.115386963, 71.0279464722, 26.8209781647, -4.39578485489, 25.7193202972, 15.2218933105], [-51.9119911194, 43.4712791443, -47.4558181763, -26.9096889496, -9.22526168823, 3.33792853355, 28.7132873535, 71.0279464722, 139.149459839, 52.9970474243, 18.412607193, -11.2574558258, 2.88818383217], [-6.8731842041, -256.87487793, -23.6637573242, -46.7238883972, -47.4385948181, 18.3397312164, -23.884683609, 26.8209781647, 52.9970474243, 154.420089722, 73.5991897583, 40.417263031, -14.2857732773], [-86.8442459106, -37.1565513611, -40.986492157, -14.5734024048, -11.9230003357, -6.14367723465, -6.80133581161, -4.39578485489, 18.412607193, 73.5991897583, 143.361114502, 76.2211532593, 5.50074052811], [-58.6809921265, -170.469284058, -34.8971138, -53.8619041443, -26.1556243896, 15.2903366089, -10.0888261795, 25.7193202972, -11.2574558258, 40.417263031, 76.2211532593, 130.15296936, 43.8378219604], [-99.2190856934, 5.67330598831, -74.3048934937, -27.8655033112, 26.417383194, 5.2769536972, 26.0488872528, 15.2218933105, 2.88818383217, -14.2857732773, 5.50074052811, 43.8378219604, 100.257987976]],
        "icov": [[0.000640186481178, -0.000785894400906, 0.000732672284357, -0.000962828518823, 0.000992580200545, -0.000967497413512, 0.00118291494437, -0.000949155364651, 0.00118552974891, -0.00148843193892, 0.00137497321703, -0.000794687482994, 0.000605375505984], [-0.000785894400906, 0.00334330205806, -0.00296090031043, 0.00229997606948, -0.00345899956301, 0.00372762768529, -0.00351342093199, 0.00362465740182, -0.00476843724027, 0.00588272092864, -0.00424606539309, 0.00280003552325, -0.0014601185685], [0.000732672284357, -0.00296090031043, 0.00437532225624, -0.00371988303959, 0.00325132510625, -0.00301319616847, 0.00356608326547, -0.00422407640144, 0.00489187100902, -0.00550178764388, 0.00445547327399, -0.00304049439728, 0.0022782611195], [-0.000962828518823, 0.00229997606948, -0.00371988303959, 0.00582378776744, -0.00382653879933, 0.00179194228258, -0.00407745502889, 0.00469623273239, -0.00406195223331, 0.00462479470298, -0.00399811984971, 0.00270866882056, -0.001149958116], [0.000992580200545, -0.00345899956301, 0.00325132510625, -0.00382653879933, 0.00784800387919, -0.0056784232147, 0.00383212859742, -0.00471413508058, 0.00547720631585, -0.00495886430144, 0.0031312785577, -0.00111767766066, -7.22531840438e-005], [-0.000967497413512, 0.00372762768529, -0.00301319616847, 0.00179194228258, -0.0056784232147, 0.0118327410892, -0.00802366249263, 0.00439500110224, -0.00461293617263, 0.00351680326276, -0.001580119133, -0.000286183902062, 0.000233120808844], [0.00118291494437, -0.00351342093199, 0.00356608326547, -0.00407745502889, 0.00383212859742, -0.00802366249263, 0.0164988040924, -0.00964604131877, 0.0050451355055, -0.00287019950338, 0.00100458832458, 0.00143235665746, -0.00176617258694], [-0.000949155364651, 0.00362465740182, -0.00422407640144, 0.00469623273239, -0.00471413508058, 0.00439500110224, -0.00964604131877, 0.0169557761401, -0.011294439435, 0.00509485881776, -4.18380150222e-005, -0.00309392134659, 0.000379351782613], [0.00118552974891, -0.00476843724027, 0.00489187100902, -0.00406195223331, 0.00547720631585, -0.00461293617263, 0.0050451355055, -0.011294439435, 0.0195068474859, -0.0121823502705, 0.00350890029222, 0.00161916192155, -5.50853910681e-005], [-0.00148843193892, 0.00588272092864, -0.00550178764388, 0.00462479470298, -0.00495886430144, 0.00351680326276, -0.00287019950338, 0.00509485881776, -0.0121823502705, 0.0225865729153, -0.0134091470391, 0.00510021904483, -0.00142940517981], [0.00137497321703, -0.00424606539309, 0.00445547327399, -0.00399811984971, 0.0031312785577, -0.001580119133, 0.00100458832458, -4.18380150222e-005, 0.00350890029222, -0.0134091470391, 0.0219650361687, -0.0149568803608, 0.00611833389848], [-0.000794687482994, 0.00280003552325, -0.00304049439728, 0.00270866882056, -0.00111767766066, -0.000286183902062, 0.00143235665746, -0.00309392134659, 0.00161916192155, 0.00510021904483, -0.0149568803608, 0.0226637423038, -0.0104473419487], [0.000605375505984, -0.0014601185685, 0.0022782611195, -0.001149958116, -7.22531840438e-005, 0.000233120808844, -0.00176617258694, 0.000379351782613, -5.50853910681e-005, -0.00142940517981, 0.00611833389848, -0.0104473419487, 0.0164632629603]]
    },
    "melbands": {
        "mean": [0.000261014327407, 0.000758389418479, 0.000425822363468, 0.000553701480385, 0.000493994099088, 0.000704333244357, 0.000742166768759, 0.000398134958232, 0.000453350658063, 0.000408012856496, 0.00039373425534, 0.000231461643125, 0.000200540671358, 0.000163178236107, 0.000177938243723, 0.000121340737678, 0.000213618302951, 0.000234050719882, 0.000104494247353, 6.98234216543e-005, 3.85450803151e-005, 4.44487668574e-005, 2.35854113271e-005, 1.75578406925e-005, 1.31506903926e-005, 1.30991220431e-005, 1.40914862641e-005, 1.08381582322e-005, 6.66277537675e-006, 3.47135733136e-006, 2.0267873424e-006, 2.60448064182e-006, 2.4343946734e-006, 2.47125967689e-006, 1.88685783087e-006, 1.21048742585e-006, 1.07594075871e-006, 8.98800522009e-007, 8.25749282285e-007, 8.22626020636e-007],
        "var": [2.88527076009e-007, 3.18489810525e-006, 9.33343414999e-007, 1.54217946147e-006, 1.205301146e-006, 1.68266740275e-006, 1.74358569893e-006, 4.09511613952e-007, 7.64352762417e-007, 5.0567530252e-007, 3.50700304352e-007, 1.54049047296e-007, 1.21132814002e-007, 1.03935370532e-007, 1.32445450163e-007, 5.02732149243e-008, 1.83648268148e-007, 1.72920564978e-007, 4.26419077826e-008, 1.42553497895e-008, 3.19145110339e-009, 5.90198068195e-009, 1.15963294522e-009, 5.81699466373e-010, 2.40505060312e-010, 4.14096978929e-010, 3.72952196903e-010, 2.04627190192e-010, 1.42825640204e-010, 2.44734111449e-011, 1.2492135798e-011, 1.97801722918e-011, 2.09121071154e-011, 3.06105453485e-011, 1.98382039962e-011, 7.38626347585e-012, 6.61842759417e-012, 4.55055611248e-012, 3.38830656241e-012, 4.02254488399e-012]
    },
    "mfcc": {
        "mean": [-625.558776855, 103.923851013, -36.8359451294, -6.53881454468, -12.6557979584, -11.2394199371, -11.4118337631, -9.91094017029, -7.65416288376, 3.10898089409, -3.00918316841, -4.77130079269, -0.262222349644],
        "cov": [[2072.72802734, 159.246826172, 282.587219238, 253.441329956, 63.840221405, 132.869232178, -33.264541626, -23.9506149292, -16.8618278503, 26.7679824829, -2.1898252964, -21.0688972473, -24.4339542389], [159.246826172, 1681.0333252, 320.175079346, 416.812225342, 242.753097534, 36.918598175, 53.4848442078, 119.190071106, 67.592666626, -3.50039768219, -84.2638931274, 5.68330478668, -33.6432800293], [282.587219238, 320.175079346, 933.559814453, 459.37097168, 181.728485107, 159.591369629, 100.309112549, 53.4190979004, 12.7707500458, 2.25509977341, 44.7016220093, 6.282122612, -15.7573509216], [253.441329956, 416.812225342, 459.37097168, 571.098876953, 247.835327148, 185.66619873, 130.341659546, 78.1305618286, 30.3838577271, 39.0255432129, -23.8340377808, -13.7435941696, -15.1021623611], [63.840221405, 242.753097534, 181.728485107, 247.835327148, 286.396850586, 161.036575317, 108.700462341, 71.0244445801, 39.6656761169, 30.3627490997, 8.80409622192, 4.9893155098, -12.9342479706], [132.869232178, 36.918598175, 159.591369629, 185.66619873, 161.036575317, 251.978164673, 136.832611084, 56.7847251892, 27.4380016327, 27.3382797241, 13.7471351624, -5.41716766357, -18.2121448517], [-33.264541626, 53.4848442078, 100.309112549, 130.341659546, 108.700462341, 136.832611084, 195.546966553, 98.7404708862, 41.670211792, 10.9008159637, -13.2372083664, 11.7301940918, 17.4462051392], [-23.9506149292, 119.190071106, 53.4190979004, 78.1305618286, 71.0244445801, 56.7847251892, 98.7404708862, 163.447219849, 93.2605438232, 13.0337905884, -10.1678352356, 12.3258323669, 22.8932151794], [-16.8618278503, 67.592666626, 12.7707500458, 30.3838577271, 39.6656761169, 27.4380016327, 41.670211792, 93.2605438232, 162.930908203, 77.2539825439, 4.83863544464, -24.1763725281, -5.88192462921], [26.7679824829, -3.50039768219, 2.25509977341, 39.0255432129, 30.3627490997, 27.3382797241, 10.9008159637, 13.0337905884, 77.2539825439, 132.745315552, 58.8312072754, -24.3857097626, -36.6567306519], [-2.1898252964, -84.2638931274, 44.7016220093, -23.8340377808, 8.80409622192, 13.7471351624, -13.2372083664, -10.1678352356, 4.83863544464, 58.8312072754, 144.352005005, 60.6703071594, -23.5505409241], [-21.0688972473, 5.68330478668, 6.282122612, -13.7435941696, 4.9893155098, -5.41716766357, 11.7301940918, 12.3258323669, -24.1763725281, -24.3857097626, 60.6703071594, 158.529663086, 85.4077606201], [-24.4339542389, -33.6432800293, -15.7573509216, -15.1021623611, -12.9342479706, -18.2121448517, 17.4462051392, 22.8932151794, -5.88192462921, -36.6567306519, -23.5505409241, 85.4077606201, 184.417266846]],
        "icov": [[0.000556821236387, -1.59777300723e-005, -8.57645354699e-005, -0.00019283653819, 0.000207525386941, -0.000518316519447, 0.000555963721126, -6.38799683657e-005, 0.000116551454994, -0.00020275946008, 0.000187486526556, -7.91946367826e-005, -9.5223513199e-006], [-1.59777300723e-005, 0.000884144566953, -8.75455225469e-005, -0.000469515944133, -0.000589747098275, 0.000568987219594, 0.000344465806847, -0.000430060463259, -0.00013949580898, -7.78841858846e-005, 0.000867206777912, -0.000692044617608, 0.000560191634577], [-8.57645354699e-005, -8.75455225469e-005, 0.00211760657839, -0.00191543088295, 0.000380626675906, -4.89900594403e-005, -0.000332307448843, 0.000451883795904, -0.000790063932072, 0.00201469450258, -0.00232519698329, 0.00100989674684, -0.000395431939978], [-0.00019283653819, -0.000469515944133, -0.00191543088295, 0.00533886253834, -0.00216477876529, -0.000864091038238, -0.000252593395999, -0.000802847265732, 0.0018487025518, -0.00321344705299, 0.00296004512347, -0.000816906511318, 0.000225296360441], [0.000207525386941, -0.000589747098275, 0.000380626675906, -0.00216477876529, 0.00770279252902, -0.0032242834568, -0.000327365414705, -0.000503797724377, -0.000436018453911, 0.000307737849653, -0.00114332488738, -2.71782973869e-005, 4.33454169979e-006], [-0.000518316519447, 0.000568987219594, -4.89900594403e-005, -0.000864091038238, -0.0032242834568, 0.00963080208749, -0.00531204603612, 0.00111041066702, -0.000333278178005, 0.000598859856836, -0.00142692122608, 0.000848250288982, 0.000583158689551], [0.000555963721126, 0.000344465806847, -0.000332307448843, -0.000252593395999, -0.000327365414705, -0.00531204603612, 0.0124225057662, -0.00602567149326, 0.00183814903721, -0.00199658400379, 0.00296819652431, -0.00169993645977, -5.92145006522e-005], [-6.38799683657e-005, -0.000430060463259, 0.000451883795904, -0.000802847265732, -0.000503797724377, 0.00111041066702, -0.00602567149326, 0.0150166302919, -0.00926496367902, 0.00510879885405, -0.00187369447667, -0.00026497952058, -0.000730408995878], [0.000116551454994, -0.00013949580898, -0.000790063932072, 0.0018487025518, -0.000436018453911, -0.000333278178005, 0.00183814903721, -0.00926496367902, 0.0157946236432, -0.0103850699961, 0.00350433541462, 0.000448973238235, -0.000334269774612], [-0.00020275946008, -7.78841858846e-005, 0.00201469450258, -0.00321344705299, 0.000307737849653, 0.000598859856836, -0.00199658400379, 0.00510879885405, -0.0103850699961, 0.0198396090418, -0.0114294271916, 0.00576778501272, -0.00101512833498], [0.000187486526556, 0.000867206777912, -0.00232519698329, 0.00296004512347, -0.00114332488738, -0.00142692122608, 0.00296819652431, -0.00187369447667, 0.00350433541462, -0.0114294271916, 0.0191346202046, -0.0112200658768, 0.00543720647693], [-7.91946367826e-005, -0.000692044617608, 0.00100989674684, -0.000816906511318, -2.71782973869e-005, 0.000848250288982, -0.00169993645977, -0.00026497952058, 0.000448973238235, 0.00576778501272, -0.0112200658768, 0.0155879464, -0.00733294757083], [-9.5223513199e-006, 0.000560191634577, -0.000395431939978, 0.000225296360441, 4.33454169979e-006, 0.000583158689551, -5.92145006522e-005, -0.000730408995878, -0.000334269774612, -0.00101512833498, 0.00543720647693, -0.00733294757083, 0.00954020768404]]
    },
    "spectral_contrast_coeffs": {
        "mean": [-0.609400391579, -0.715032219887, -0.711343348026, -0.720342278481, -0.763197362423, -0.777584910393],
        "var": [0.0106230247766, 0.00818576663733, 0.00571835972369, 0.00466985441744, 0.00188100372907, 0.000877845217474]
    },
    "spectral_contrast_valleys": {
        "mean": [-8.68054580688, -6.45217418671, -6.99437856674, -7.22313022614, -7.32783269882, -9.94367027283],
        "var": [1.9133528471, 0.715367436409, 0.574648201466, 0.530057609081, 0.482213228941, 0.64496243]
    }
},
"metadata": {
    "audio_properties": {
        "analysis_sample_rate": 44100,
        "bit_rate": 128074,
        "equal_loudness": 0,
        "length": 45.0612258911,
        "lossless": 0,
        "replay_gain": -4.67308235168,
        "sample_rate": 44100,
        "codec": "mp3",
        "downmix": "mix",
        "md5_encoded": "393d370b5e67a56e89b2c776d9c9ec3c"
    },
    "tags": {
        "file_name": "1788.mp3"
    },
    "version": {
        "essentia": "2.1-beta2",
        "essentia_git_sha": "v2.1_beta2",
        "extractor": "music 1.0"
    }
},
"rhythm": {
    "beats_count": 89,
    "beats_loudness": {
        "mean": 0.0329428240657,
        "var": 0.000249742297456
    },
    "bpm": 110.99471283,
    "bpm_histogram_first_peak_bpm": {
        "mean": 110,
        "var": 0
    },
    "bpm_histogram_first_peak_spread": {
        "mean": 0.545454502106,
        "var": 0
    },
    "bpm_histogram_first_peak_weight": {
        "mean": 0.113636367023,
        "var": 0
    },
    "bpm_histogram_second_peak_bpm": {
        "mean": 117,
        "var": 0
    },
    "bpm_histogram_second_peak_spread": {
        "mean": 0.470588237047,
        "var": 0
    },
    "bpm_histogram_second_peak_weight": {
        "mean": 0.102272726595,
        "var": 0
    },
    "danceability": 1.06524705887,
    "onset_rate": 3.19421195984,
    "beats_loudness_band_ratio": {
        "mean": [0.12142007798, 0.164250031114, 0.328692227602, 0.237467706203, 0.147681936622, 0.05422507599],
        "var": [0.0358649268746, 0.0330742783844, 0.0548881664872, 0.0386915840209, 0.0185910109431, 0.00464407587424]
    },
    "beats_position": [0.510838985443, 1.04489791393, 1.57895684242, 2.12462592125, 2.67029476166, 3.22757363319, 3.76163268089, 4.3073015213, 4.85297060013, 5.38702917099, 5.94430828094, 6.51319694519, 7.08208608627, 7.66258478165, 8.24308395386, 8.82358264923, 9.33442115784, 9.83365058899, 10.3328800201, 10.8204984665, 11.2965078354, 11.7725172043, 12.2485256195, 12.7245349884, 13.2121543884, 13.6068935394, 13.9900226593, 14.3731517792, 14.756280899, 15.1394100189, 15.5109291077, 15.8940582275, 16.2771873474, 16.6719264984, 17.0666656494, 17.4614048004, 17.8561439514, 18.2624931335, 18.6688423157, 19.0751914978, 19.5279808044, 19.9807701111, 20.4335594177, 20.8747386932, 21.3159179688, 21.7570972443, 22.1982765198, 22.6394557953, 23.0806350708, 23.5218143463, 24.0674819946, 24.6131515503, 25.158821106, 25.7160987854, 26.2617683411, 26.7958278656, 27.3298854828, 27.8639450073, 28.409614563, 28.9552822113, 29.4893417358, 30.0001811981, 30.5110206604, 31.0218582153, 31.5326976776, 32.0435371399, 32.5543746948, 33.1580963135, 33.7618141174, 34.3539237976, 34.9576416016, 35.5497512817, 36.1534690857, 36.7571868896, 37.3609046936, 37.9530143738, 38.545124054, 39.0095214844, 39.4739227295, 39.9383201599, 40.4375495911, 40.9483909607, 41.4592285156, 41.981678009, 42.5157356262, 43.0381851196, 43.560634613, 44.0830841064, 44.6055335999]
},
"tonal": {
    "chords_changes_rate": 0.113168723881,
    "chords_number_rate": 0.0123456791043,
    "chords_strength": {
        "mean": 0.446981817484,
        "var": 0.00883925892413
    },
    "hpcp_entropy": {
        "mean": 2.01413059235,
        "var": 0.514093160629
    },
    "key_strength": 0.574144542217,
    "tuning_diatonic_strength": 0.541114628315,
    "tuning_equal_tempered_deviation": 0.20301297307,
    "tuning_frequency": 454.990661621,
    "tuning_nontempered_energy_ratio": 0.830175697803,
    "hpcp": {
        "mean": [0.13920328021, 0.128997057676, 0.118612140417, 0.123400643468, 0.152530968189, 0.169117853045, 0.166701003909, 0.146672129631, 0.123108282685, 0.112162798643, 0.0993350148201, 0.116070717573, 0.144480094314, 0.136387839913, 0.121643796563, 0.132790997624, 0.153250873089, 0.152209937572, 0.135458827019, 0.12593190372, 0.122342035174, 0.143366992474, 0.157297775149, 0.141220211983, 0.139461770654, 0.161749377847, 0.245716810226, 0.328734099865, 0.259471476078, 0.174824953079, 0.183130189776, 0.195079684258, 0.2023588866, 0.186802327633, 0.147544920444, 0.136128872633],
        "var": [0.05154498294, 0.050010368228, 0.0399324186146, 0.038607057184, 0.0563718378544, 0.0634987428784, 0.0608792863786, 0.0535474084318, 0.0409843847156, 0.0405035875738, 0.0267641600221, 0.0299946721643, 0.0471176691353, 0.0401404350996, 0.035223249346, 0.0430514253676, 0.0567056536674, 0.055124849081, 0.0425361171365, 0.0422374494374, 0.0370844788849, 0.0516807287931, 0.0575904548168, 0.0509374812245, 0.0493000261486, 0.059402871877, 0.0774251893163, 0.117966935039, 0.0818480625749, 0.0582478567958, 0.070751093328, 0.068384334445, 0.0734227523208, 0.0673802644014, 0.0433968342841, 0.0492740310729]
    },
    "chords_histogram": [26.6460914612, 8.02469158173, 9.46502017975, 0, 0, 3.29218101501, 3.80658435822, 12.551440239, 13.271604538, 5.96707820892, 0.205761313438, 0.823045253754, 0.205761313438, 0, 0.205761313438, 0.308641970158, 4.93827152252, 3.60082316399, 2.26337456703, 0.720164597034, 0, 2.88065838814, 0.823045253754, 0],
    "thpcp": [1, 0.7893050313, 0.531812667847, 0.557076931, 0.59342700243, 0.615570127964, 0.568247497082, 0.448827534914, 0.414100259542, 0.423452526331, 0.392405480146, 0.360814839602, 0.375381320715, 0.463994979858, 0.514451801777, 0.507099807262, 0.446172535419, 0.374491989613, 0.341196119785, 0.30217435956, 0.353083908558, 0.439504444599, 0.41488802433, 0.370037049055, 0.403946518898, 0.46618488431, 0.463018387556, 0.412061989307, 0.38308134675, 0.372161060572, 0.436118394136, 0.478495448828, 0.429587960243, 0.424238830805, 0.492037117481, 0.747463703156],
    "chords_key": "B",
    "chords_scale": "minor",
    "key_key": "B",
    "key_scale": "minor"
}
}