{
"lowlevel": {
    "average_loudness": 0.752369225025,
    "barkbands_crest": {
        "mean": 12.6138734818,
        "var": 17.4205665588
    },
    "barkbands_flatness_db": {
        "mean": 0.247218087316,
        "var": 0.00853612832725
    },
    "barkbands_kurtosis": {
        "mean": 16.802488327,
        "var": 399.111480713
    },
    "barkbands_skewness": {
        "mean": 2.6491985321,
        "var": 2.43528938293
    },
    "barkbands_spread": {
        "mean": 9.95745658875,
        "var": 140.946472168
    },
    "dissonance": {
        "mean": 0.417004615068,
        "var": 0.00275107938796
    },
    "dynamic_complexity": 3.04405498505,
    "erbbands_crest": {
        "mean": 11.6806192398,
        "var": 21.2305717468
    },
    "erbbands_flatness_db": {
        "mean": 0.212677285075,
        "var": 0.0048971651122
    },
    "erbbands_kurtosis": {
        "mean": 4.18598604202,
        "var": 56.9732666016
    },
    "erbbands_skewness": {
        "mean": 1.47440445423,
        "var": 1.31293106079
    },
    "erbbands_spread": {
        "mean": 33.2040786743,
        "var": 581.341796875
    },
    "hfc": {
        "mean": 10.8243379593,
        "var": 168.811203003
    },
    "melbands_crest": {
        "mean": 16.4203014374,
        "var": 23.5961685181
    },
    "melbands_flatness_db": {
        "mean": 0.343257457018,
        "var": 0.0123929679394
    },
    "melbands_kurtosis": {
        "mean": 33.2555999756,
        "var": 1675.04846191
    },
    "melbands_skewness": {
        "mean": 3.5774512291,
        "var": 4.16451406479
    },
    "melbands_spread": {
        "mean": 8.21908569336,
        "var": 108.591087341
    },
    "pitch_salience": {
        "mean": 0.525192499161,
        "var": 0.0143365450203
    },
    "silence_rate_20dB": {
        "mean": 1,
        "var": 0
    },
    "silence_rate_30dB": {
        "mean": 0.956723332405,
        "var": 0.0414020717144
    },
    "silence_rate_60dB": {
        "mean": 0.0443070568144,
        "var": 0.0423431918025
    },
    "spectral_centroid": {
        "mean": 581.900878906,
        "var": 222928.5
    },
    "spectral_complexity": {
        "mean": 8.28799629211,
        "var": 27.4065361023
    },
    "spectral_decrease": {
        "mean": -8.96012330998e-009,
        "var": 8.34883980162e-017
    },
    "spectral_energy": {
        "mean": 0.0347993597388,
        "var": 0.0012373655336
    },
    "spectral_energyband_high": {
        "mean": 0.000376737909392,
        "var": 1.01841681044e-006
    },
    "spectral_energyband_low": {
        "mean": 0.016422662884,
        "var": 0.000770706159528
    },
    "spectral_energyband_middle_high": {
        "mean": 0.000860436004587,
        "var": 1.21750065318e-006
    },
    "spectral_energyband_middle_low": {
        "mean": 0.02020627819,
        "var": 0.000426766171586
    },
    "spectral_entropy": {
        "mean": 6.54288339615,
        "var": 0.647597014904
    },
    "spectral_flux": {
        "mean": 0.0887263342738,
        "var": 0.00317266839556
    },
    "spectral_kurtosis": {
        "mean": 12.3916740417,
        "var": 288.622650146
    },
    "spectral_rms": {
        "mean": 0.00519875157624,
        "var": 6.92364665156e-006
    },
    "spectral_rolloff": {
        "mean": 575.661193848,
        "var": 1053905.25
    },
    "spectral_skewness": {
        "mean": 2.39782810211,
        "var": 1.78961026669
    },
    "spectral_spread": {
        "mean": 3847804.5,
        "var": 5.65588053197e+012
    },
    "spectral_strongpeak": {
        "mean": 0.657203316689,
        "var": 0.261957377195
    },
    "zerocrossingrate": {
        "mean": 0.0310012046248,
        "var": 0.00100765086245
    },
    "barkbands": {
        "mean": [0.000918944482692, 0.00652643060312, 0.00595524022356, 0.0061055617407, 0.00941183790565, 0.0024541367311, 0.00116944266483, 0.000577286817133, 0.000343514926499, 0.000272283388767, 0.000109592721856, 0.000253488629824, 3.7080837501e-005, 2.60305787378e-005, 3.61760503438e-005, 8.13846054371e-005, 3.96404720959e-005, 3.54714466084e-005, 4.70915183541e-005, 5.34774844709e-005, 5.87652029935e-005, 3.41686973115e-005, 4.64301010652e-005, 6.27524714218e-005, 6.35665710433e-005, 7.46404402889e-005, 4.9833893172e-006],
        "var": [2.35959282691e-006, 0.000151988439029, 0.000151961430674, 0.000172197265783, 0.000141661672387, 1.36722992465e-005, 5.23956668985e-006, 1.30876401272e-006, 4.32195463418e-007, 4.70725552759e-007, 1.28400373001e-007, 2.25085301508e-007, 7.83518228076e-009, 2.57133447867e-009, 4.64930360877e-009, 2.12298871816e-008, 5.25049470568e-009, 5.75145797654e-009, 8.61317950296e-009, 1.63949991361e-008, 1.82512476243e-008, 9.49432887865e-009, 1.88756388297e-008, 3.87437175675e-008, 4.5172679819e-008, 5.79647227994e-008, 3.14021419978e-010]
    },
    "erbbands": {
        "mean": [0.169228121638, 1.5466555357, 6.04257678986, 15.7671728134, 30.1209182739, 28.6957187653, 18.9745922089, 19.4750347137, 21.5409812927, 13.5754461288, 12.8684883118, 7.6342291832, 9.96535873413, 5.84065818787, 7.4320306778, 7.87509632111, 1.93163847923, 1.50202381611, 1.66223740578, 2.31596398354, 5.16966247559, 2.16610121727, 1.93933165073, 2.20957732201, 2.229139328, 2.56323218346, 2.92759442329, 1.64484941959, 1.10914778709, 1.41825032234, 1.33865082264, 1.08108139038, 1.20598614216, 0.690255224705, 0.475601732731, 0.293456852436, 0.159399583936, 0.0213444586843, 0.000556393992156, 5.43654532521e-005],
        "var": [0.114319354296, 8.7233839035, 132.136962891, 1133.17797852, 1667.58496094, 2244.31835938, 983.275085449, 890.290100098, 1511.13720703, 1193.14685059, 587.165588379, 187.938110352, 434.786071777, 322.207946777, 213.72618103, 164.09135437, 14.9095439911, 7.62156152725, 10.3049449921, 21.8294353485, 70.0050735474, 13.5381450653, 15.0747451782, 20.6071109772, 20.9542541504, 36.9676017761, 40.4367218018, 20.376241684, 10.2735242844, 15.7300930023, 15.7216091156, 9.86075687408, 16.2355327606, 5.15866851807, 2.59521818161, 1.00041437149, 0.260438859463, 0.00430957367644, 3.08428161588e-006, 4.93771956656e-009]
    },
    "gfcc": {
        "mean": [-83.0471038818, 143.175872803, -86.6292800903, 35.9195518494, -54.4220466614, -7.7834610939, -28.8677196503, -3.87775540352, -23.4527168274, -8.30263710022, -10.8889522552, -4.98983955383, -1.96942663193],
        "cov": [[6252.58544922, -2660.03173828, 562.28704834, -134.205307007, -801.346679688, 608.959533691, -620.995666504, 416.385650635, -300.776000977, 324.470916748, -376.00958252, 319.914733887, -421.096893311], [-2660.03173828, 2840.46826172, -362.130310059, 18.7692203522, 679.56854248, -659.624755859, 577.918273926, -417.765838623, 277.950714111, -358.909942627, 283.609954834, -361.741882324, 346.263061523], [562.28704834, -362.130310059, 1527.04602051, -11.7570037842, 144.853225708, 163.614425659, -68.9929504395, 142.066940308, -123.029136658, 235.958953857, -178.130401611, -43.9463195801, -285.770111084], [-134.205307007, 18.7692203522, -11.7570037842, 471.645721436, 103.532424927, 108.423851013, 118.034317017, -29.8590545654, 61.3113288879, -32.4685668945, 56.5189704895, -29.1925621033, 42.4000205994], [-801.346679688, 679.56854248, 144.853225708, 103.532424927, 507.709106445, -111.548088074, 228.225814819, -44.9054794312, 25.0513324738, -12.2450628281, 52.9927635193, -97.9623260498, 2.96493673325], [608.959533691, -659.624755859, 163.614425659, 108.423851013, -111.548088074, 339.666442871, -62.8595504761, 135.181106567, -18.0078849792, 69.7877883911, -44.8634185791, 99.2640151978, -85.6740188599], [-620.995666504, 577.918273926, -68.9929504395, 118.034317017, 228.225814819, -62.8595504761, 352.547668457, -13.853972435, 60.2956695557, -47.7523002625, 65.8941268921, -57.8697891235, 53.9036941528], [416.385650635, -417.765838623, 142.066940308, -29.8590545654, -44.9054794312, 135.181106567, -13.853972435, 203.192489624, -8.45268440247, 102.007362366, -56.0035591125, 69.5284347534, -74.9272003174], [-300.776000977, 277.950714111, -123.029136658, 61.3113288879, 25.0513324738, -18.0078849792, 60.2956695557, -8.45268440247, 178.587615967, -29.1471099854, 43.3693580627, -18.5093326569, 70.6657104492], [324.470916748, -358.909942627, 235.958953857, -32.4685668945, -12.2450628281, 69.7877883911, -47.7523002625, 102.007362366, -29.1471099854, 202.584869385, -23.8750743866, 41.934589386, -85.7122116089], [-376.00958252, 283.609954834, -178.130401611, 56.5189704895, 52.9927635193, -44.8634185791, 65.8941268921, -56.0035591125, 43.3693580627, -23.8750743866, 161.968429565, 26.7907676697, 60.8507194519], [319.914733887, -361.741882324, -43.9463195801, -29.1925621033, -97.9623260498, 99.2640151978, -57.8697891235, 69.5284347534, -18.5093326569, 41.934589386, 26.7907676697, 178.169158936, -14.3814458847], [-421.096893311, 346.263061523, -285.770111084, 42.4000205994, 2.96493673325, -85.6740188599, 53.9036941528, -74.9272003174, 70.6657104492, -85.7122116089, 60.8507194519, -14.3814458847, 179.678848267]],
        "icov": [[0.000297124410281, 6.90431534167e-006, 2.33545979427e-005, -0.000121557190141, 0.000286208087346, -8.90913215699e-005, 0.000153695931658, -0.000144827572512, 0.000181116978638, -9.91835768218e-005, 0.000358252524165, -0.0002045591973, 0.000338916055625], [6.90431534167e-006, 0.00436824420467, -0.00109303940553, 0.00219048536383, -0.00236563151702, 0.00299438415095, -0.00316151743755, 0.00218923157081, -0.00355489016511, 0.00356204342097, -0.00404268316925, 0.00328608811833, -0.00259966752492], [2.33545979427e-005, -0.00109303940553, 0.00143870909233, -0.000618726364337, 0.000151521540829, -0.00105029263068, 0.000910171074793, -0.000320358551107, 0.000999672687612, -0.00177962193266, 0.00183326157276, -0.000527825497556, 0.00178021250758], [-0.000121557190141, 0.00219048536383, -0.000618726364337, 0.00442770123482, -0.00178345723543, -0.000785489042755, -0.0023309965618, 0.00224679359235, -0.00231356895529, 0.00179893651512, -0.00295795686543, 0.00266015576199, -0.00226126238704], [0.000286208087346, -0.00236563151702, 0.000151521540829, -0.00178345723543, 0.00504013989121, -0.000691772613209, 2.56618968706e-005, -0.00132751313504, 0.00221264827996, -0.00212372490205, 0.00169504631776, -0.00122327508871, 0.00236191181466], [-8.90913215699e-005, 0.00299438415095, -0.00105029263068, -0.000785489042755, -0.000691772613209, 0.00855422858149, -0.00177605974022, -0.00133121747058, -0.00267762248404, 0.00312544801272, -0.00225542671978, -3.38068748533e-005, -9.13683397812e-005], [0.000153695931658, -0.00316151743755, 0.000910171074793, -0.0023309965618, 2.56618968706e-005, -0.00177605974022, 0.0073275687173, -0.00360351311974, 0.00232449406758, -0.00162571435794, 0.00183124595787, -0.00159548386, 0.00146464386489], [-0.000144827572512, 0.00218923157081, -0.000320358551107, 0.00224679359235, -0.00132751313504, -0.00133121747058, -0.00360351311974, 0.0120641943067, -0.00346290203743, -0.00191380642354, 0.0012640383793, -0.000984599697404, -0.000156896887347], [0.000181116978638, -0.00355489016511, 0.000999672687612, -0.00231356895529, 0.00221264827996, -0.00267762248404, 0.00232449406758, -0.00346290203743, 0.0103921927512, -0.00287196855061, 0.00209972611628, -0.00144718796946, -0.000327681860654], [-9.91835768218e-005, 0.00356204342097, -0.00177962193266, 0.00179893651512, -0.00212372490205, 0.00312544801272, -0.00162571435794, -0.00191380642354, -0.00287196855061, 0.0113628748804, -0.00519292242825, 0.00233212159947, -0.000641623570118], [0.000358252524165, -0.00404268316925, 0.00183326157276, -0.00295795686543, 0.00169504631776, -0.00225542671978, 0.00183124595787, 0.0012640383793, 0.00209972611628, -0.00519292242825, 0.0146472752094, -0.007171634119, 0.00228090933524], [-0.0002045591973, 0.00328608811833, -0.000527825497556, 0.00266015576199, -0.00122327508871, -3.38068748533e-005, -0.00159548386, -0.000984599697404, -0.00144718796946, 0.00233212159947, -0.007171634119, 0.0122976116836, -0.00311246118508], [0.000338916055625, -0.00259966752492, 0.00178021250758, -0.00226126238704, 0.00236191181466, -9.13683397812e-005, 0.00146464386489, -0.000156896887347, -0.000327681860654, -0.000641623570118, 0.00228090933524, -0.00311246118508, 0.0129484487697]]
    },
    "melbands": {
        "mean": [0.00168996618595, 0.00286028557457, 0.00312390644103, 0.00226107472554, 0.00075649167411, 0.000454844062915, 0.000316976686008, 0.000136557282531, 9.89860564005e-005, 4.68223552161e-005, 4.90732745675e-005, 2.32274323935e-005, 1.98882316909e-005, 3.40075348504e-005, 6.63091896058e-006, 3.46634169546e-006, 2.64570144282e-006, 2.5797305625e-006, 2.48036189987e-006, 4.0107629502e-006, 6.34304524283e-006, 2.12107784137e-006, 1.82342046173e-006, 1.66013967373e-006, 1.78885500191e-006, 1.89488548585e-006, 1.45972853716e-006, 1.73635112333e-006, 1.92285870071e-006, 1.46480147123e-006, 7.73947306243e-007, 5.66536016322e-007, 7.57797579354e-007, 8.38491700961e-007, 9.30163935209e-007, 5.06189905991e-007, 6.74250259181e-007, 8.90839771728e-007, 6.10369284004e-007, 5.91166383401e-007],
        "var": [1.01217747215e-005, 2.73457353615e-005, 2.89197796519e-005, 9.21798982745e-006, 1.36048151944e-006, 4.90863101277e-007, 3.08915701908e-007, 1.17044208992e-007, 3.91755747842e-008, 6.78923273156e-009, 1.0898174807e-008, 6.48485620758e-009, 2.43797226851e-009, 4.32218039137e-009, 1.46966522285e-010, 5.72594610615e-011, 2.63036606385e-011, 2.62670805246e-011, 2.48876075998e-011, 8.03564506602e-011, 1.00711820827e-010, 1.54791474777e-011, 1.34291137238e-011, 1.59271363459e-011, 1.39943837768e-011, 1.42761557784e-011, 1.15800554909e-011, 1.87247578554e-011, 1.76661740792e-011, 1.18263654078e-011, 6.51028406531e-012, 3.49066934212e-012, 4.09762978756e-012, 6.17340683781e-012, 9.03540783859e-012, 1.90009943543e-012, 3.98190681816e-012, 8.96679952511e-012, 4.25369635348e-012, 3.77880105679e-012]
    },
    "mfcc": {
        "mean": [-736.242553711, 168.317764282, 25.9319229126, 41.9045257568, 2.02934837341, -0.509055554867, 1.81563973427, -1.02540850639, -2.80621290207, -2.53062915802, -14.0237779617, 1.68311095238, 1.96392059326],
        "cov": [[5236.58105469, -2121.39331055, 288.757354736, -569.144958496, -232.692245483, -41.1949806213, -255.194259644, 59.6170959473, -79.9441757202, -18.6289978027, 37.1573791504, -55.9244003296, 28.8363132477], [-2121.39331055, 2251.68310547, -284.114349365, 400.728759766, 78.9905700684, -64.6971588135, 140.775756836, -102.516738892, 44.7451210022, 18.6688957214, -37.0381240845, -51.3674812317, -92.631111145], [288.757354736, -284.114349365, 968.891052246, -49.2308998108, 142.746459961, 90.0762634277, 13.4062204361, -19.7863483429, -10.4063663483, 84.114402771, 127.593780518, -37.3994598389, -76.1614837646], [-569.144958496, 400.728759766, -49.2308998108, 434.122833252, 92.4592056274, 109.291252136, 154.97845459, 16.9173259735, 47.7787704468, 23.3743057251, 11.3407526016, 32.7250862122, -16.6587181091], [-232.692245483, 78.9905700684, 142.746459961, 92.4592056274, 238.414672852, 68.7616958618, 54.2555046082, -7.13926267624, 3.78615045547, 38.3685455322, 43.2129478455, 16.3785190582, -8.70686721802], [-41.1949806213, -64.6971588135, 90.0762634277, 109.291252136, 68.7616958618, 174.68572998, 67.5086669922, 51.6331710815, 23.4367275238, 16.0279121399, 28.6161518097, 24.8892822266, 10.6430692673], [-255.194259644, 140.775756836, 13.4062204361, 154.97845459, 54.2555046082, 67.5086669922, 244.173141479, 36.3908424377, 24.1899833679, 23.6078586578, 41.624004364, 33.0946121216, -15.3554821014], [59.6170959473, -102.516738892, -19.7863483429, 16.9173259735, -7.13926267624, 51.6331710815, 36.3908424377, 183.313186646, 54.0504455566, -25.4247131348, 18.945230484, 24.8333320618, 37.7069854736], [-79.9441757202, 44.7451210022, -10.4063663483, 47.7787704468, 3.78615045547, 23.4367275238, 24.1899833679, 54.0504455566, 142.077560425, 58.6899909973, 5.66942071915, 9.26764392853, -3.64847326279], [-18.6289978027, 18.6688957214, 84.114402771, 23.3743057251, 38.3685455322, 16.0279121399, 23.6078586578, -25.4247131348, 58.6899909973, 142.287841797, 57.9996871948, -25.0093345642, -35.6147499084], [37.1573791504, -37.0381240845, 127.593780518, 11.3407526016, 43.2129478455, 28.6161518097, 41.624004364, 18.945230484, 5.66942071915, 57.9996871948, 165.316192627, 9.8448381424, -37.2660140991], [-55.9244003296, -51.3674812317, -37.3994598389, 32.7250862122, 16.3785190582, 24.8892822266, 33.0946121216, 24.8333320618, 9.26764392853, -25.0093345642, 9.8448381424, 151.451095581, 57.0397071838], [28.8363132477, -92.631111145, -76.1614837646, -16.6587181091, -8.70686721802, 10.6430692673, -15.3554821014, 37.7069854736, -3.64847326279, -35.6147499084, -37.2660140991, 57.0397071838, 135.607910156]],
        "icov": [[0.000332921423251, 0.000288512324914, -2.16024873225e-005, 8.35104219732e-005, 0.000191679981072, 2.60537453869e-005, 7.67120363889e-005, -2.06262957363e-005, 5.96309400862e-005, -2.80077492789e-005, -5.34258469997e-005, 0.000125667793327, 7.58015230531e-005], [0.000288512324914, 0.000890699622687, 0.000132421278977, -0.000547802890651, -5.49759788555e-005, 0.000585669768043, -9.03353866306e-005, 0.000308765273076, -0.000220343717956, 0.00020127161406, -5.23406015418e-005, 0.000383203470847, 0.000279930653051], [-2.16024873225e-005, 0.000132421278977, 0.00141757575329, 0.00031851886888, -0.000702729739714, -0.000647204462439, 4.55671288364e-005, 0.000214936721022, 8.94610129762e-005, -0.000211467442568, -0.000642538652755, 0.000251022080192, 0.00054610951338], [8.35104219732e-005, -0.000547802890651, 0.00031851886888, 0.00430464511737, -0.000605573004577, -0.00225010584109, -0.0015588052338, 0.000393677240936, -0.000737667374779, 0.000149840678205, 0.000310446281219, -0.000413444271544, 0.000446204299806], [0.000191679981072, -5.49759788555e-005, -0.000702729739714, -0.000605573004577, 0.0057564699091, -0.00138722045813, -0.000148350241943, 0.000365643121768, 0.00070576753933, -0.00103713071439, -0.000458292255644, -0.000456122594187, -0.000374851515517], [2.60537453869e-005, 0.000585669768043, -0.000647204462439, -0.00225010584109, -0.00138722045813, 0.0092092519626, -0.000772938888986, -0.00197906931862, 0.000121396900795, -0.00044551040628, -1.20167578643e-005, -0.000175412205863, -0.000637715973426], [7.67120363889e-005, -9.03353866306e-005, 4.55671288364e-005, -0.0015588052338, -0.000148350241943, -0.000772938888986, 0.00596101488918, -0.00114511919674, 0.00058348372113, -0.000757057336159, -0.00065154558979, -0.00108067900874, 0.000893003656529], [-2.06262957363e-005, 0.000308765273076, 0.000214936721022, 0.000393677240936, 0.000365643121768, -0.00197906931862, -0.00114511919674, 0.00912183336914, -0.00507944263518, 0.00451264064759, -0.00262170983478, 0.0011884913547, -0.0022747721523], [5.96309400862e-005, -0.000220343717956, 8.94610129762e-005, -0.000737667374779, 0.00070576753933, 0.000121396900795, 0.00058348372113, -0.00507944263518, 0.0122299287468, -0.00724635925144, 0.00266244984232, -0.0018495322438, 0.00124621624127], [-2.80077492789e-005, 0.00020127161406, -0.000211467442568, 0.000149840678205, -0.00103713071439, -0.00044551040628, -0.000757057336159, 0.00451264064759, -0.00724635925144, 0.0135837951675, -0.00452620442957, 0.0026898921933, -0.000331753690261], [-5.34258469997e-005, -5.23406015418e-005, -0.000642538652755, 0.000310446281219, -0.000458292255644, -1.20167578643e-005, -0.00065154558979, -0.00262170983478, 0.00266244984232, -0.00452620442957, 0.00932725332677, -0.00214597955346, 0.00262836134061], [0.000125667793327, 0.000383203470847, 0.000251022080192, -0.000413444271544, -0.000456122594187, -0.000175412205863, -0.00108067900874, 0.0011884913547, -0.0018495322438, 0.0026898921933, -0.00214597955346, 0.00923907198012, -0.0039623347111], [7.58015230531e-005, 0.000279930653051, 0.00054610951338, 0.000446204299806, -0.000374851515517, -0.000637715973426, 0.000893003656529, -0.0022747721523, 0.00124621624127, -0.000331753690261, 0.00262836134061, -0.0039623347111, 0.0110057834536]]
    },
    "spectral_contrast_coeffs": {
        "mean": [-0.573175370693, -0.688947081566, -0.750230014324, -0.799149990082, -0.788573026657, -0.754129111767],
        "var": [0.0117018874735, 0.00661320285872, 0.00591487903148, 0.00318572856486, 0.00349464453757, 0.00272553809918]
    },
    "spectral_contrast_valleys": {
        "mean": [-7.22790145874, -7.1483001709, -8.20766830444, -9.00697135925, -8.84015846252, -11.8330335617],
        "var": [1.02702641487, 0.749545633793, 0.582379996777, 0.64361590147, 0.920120477676, 2.17370986938]
    }
},
"metadata": {
    "audio_properties": {
        "analysis_sample_rate": 44100,
        "bit_rate": 128074,
        "equal_loudness": 0,
        "length": 45.0351028442,
        "lossless": 0,
        "replay_gain": -5.38045883179,
        "sample_rate": 44100,
        "codec": "mp3",
        "downmix": "mix",
        "md5_encoded": "12f51a89c72c2d8aeb8004b5066f29f6"
    },
    "tags": {
        "file_name": "1789.mp3",
        "album": ["Thread Soul"],
        "artist": ["Revolution Void"],
        "date": ["2011-08-01 11:45:43", "2011-08-01 11:45:43"],
        "genre": ["Jazz"],
        "title": ["Ventus Solaris"],
        "tracknumber": ["1"]
    },
    "version": {
        "essentia": "2.1-beta2",
        "essentia_git_sha": "v2.1_beta2",
        "extractor": "music 1.0"
    }
},
"rhythm": {
    "beats_count": 86,
    "beats_loudness": {
        "mean": 0.0422525405884,
        "var": 0.00121497013606
    },
    "bpm": 115.939300537,
    "bpm_histogram_first_peak_bpm": {
        "mean": 115,
        "var": 0
    },
    "bpm_histogram_first_peak_spread": {
        "mean": 0.51807230711,
        "var": 0
    },
    "bpm_histogram_first_peak_weight": {
        "mean": 0.470588237047,
        "var": 0
    },
    "bpm_histogram_second_peak_bpm": {
        "mean": 101,
        "var": 0
    },
    "bpm_histogram_second_peak_spread": {
        "mean": 0,
        "var": 0
    },
    "bpm_histogram_second_peak_weight": {
        "mean": 0.0117647061124,
        "var": 0
    },
    "danceability": 1.03025639057,
    "onset_rate": 4.99481534958,
    "beats_loudness_band_ratio": {
        "mean": [0.542034029961, 0.37000349164, 0.117812968791, 0.0354609973729, 0.0239008087665, 0.0656455457211],
        "var": [0.0680326595902, 0.0397633574903, 0.00923030264676, 0.00126422650646, 0.000687515770551, 0.00694830529392]
    },
    "beats_position": [0.557278871536, 1.14938771725, 1.69505667686, 2.22911548615, 2.73995471001, 3.27401351929, 3.78485250473, 4.29569149017, 4.80653047562, 5.32897949219, 5.85142850876, 6.3622674942, 6.87310647964, 7.39555549622, 7.91800451279, 8.42884349823, 8.93968200684, 9.46213150024, 9.98458003998, 10.4954195023, 11.0062580109, 11.5287075043, 12.051156044, 12.5619955063, 13.084444046, 13.6068935394, 14.117732048, 14.6401815414, 15.1626300812, 15.6734695435, 16.1843090057, 16.7067565918, 17.2292060852, 17.7400455475, 18.2508831024, 18.7733325958, 19.2957820892, 19.8066215515, 20.3290691376, 20.851518631, 21.3623580933, 21.8731975555, 22.3956451416, 22.918094635, 23.4289340973, 23.9397735596, 24.4506111145, 24.9730606079, 25.4839000702, 26.0063495636, 26.5287971497, 27.0512466431, 27.5620861053, 28.0729255676, 28.5837631226, 29.106212616, 29.6286621094, 30.1394996643, 30.6503391266, 31.17278862, 31.6952381134, 32.2176856995, 32.7401351929, 33.2509727478, 33.7734222412, 34.2958717346, 34.8067131042, 35.329158783, 35.8516082764, 36.362449646, 36.8732872009, 37.3841247559, 37.9065742493, 38.4290237427, 38.9630813599, 39.4739227295, 39.9847602844, 40.4956016541, 41.0180473328, 41.5404968262, 42.0513381958, 42.5621757507, 43.0846252441, 43.6070747375, 44.1179122925, 44.6287536621]
},
"tonal": {
    "chords_changes_rate": 0.100926876068,
    "chords_number_rate": 0.0154479919001,
    "chords_strength": {
        "mean": 0.434664815664,
        "var": 0.0081246169284
    },
    "hpcp_entropy": {
        "mean": 1.68794095516,
        "var": 0.749835312366
    },
    "key_strength": 0.693787872791,
    "tuning_diatonic_strength": 0.504899978638,
    "tuning_equal_tempered_deviation": 0.0833941549063,
    "tuning_frequency": 434.695007324,
    "tuning_nontempered_energy_ratio": 0.710504114628,
    "hpcp": {
        "mean": [0.13264451921, 0.0908925384283, 0.0588548667729, 0.0628628730774, 0.0535136274993, 0.0669642016292, 0.108879908919, 0.101093381643, 0.100278422236, 0.152912154794, 0.128593802452, 0.0734841153026, 0.0931586101651, 0.100713133812, 0.104329138994, 0.160437643528, 0.145190343261, 0.075195081532, 0.0549099594355, 0.0457781329751, 0.0504069179296, 0.066250115633, 0.0553027689457, 0.0935898199677, 0.154858395457, 0.110905662179, 0.0704628825188, 0.0901499018073, 0.103209577501, 0.30970031023, 0.461845219135, 0.24657151103, 0.0801155641675, 0.0761423632503, 0.0676216483116, 0.100533507764],
        "var": [0.0726318880916, 0.0341386087239, 0.0238895546645, 0.0377209633589, 0.0231786742806, 0.0265464894474, 0.0576706267893, 0.0469892807305, 0.0404867902398, 0.0803083926439, 0.058540482074, 0.0222644526511, 0.0358908213675, 0.0369143188, 0.0352279320359, 0.066538348794, 0.0554755926132, 0.0232272390276, 0.0270296428353, 0.0201875120401, 0.0224300138652, 0.0265986975282, 0.0180434957147, 0.025940861553, 0.0717526301742, 0.0424913167953, 0.027865793556, 0.0434320420027, 0.0386096611619, 0.101169019938, 0.203839182854, 0.0671793743968, 0.0355964228511, 0.0404636636376, 0.0276065003127, 0.0444918684661]
    },
    "chords_histogram": [1.54479920864, 0, 41.7095794678, 12.0494337082, 1.95674562454, 3.08959841728, 2.47167873383, 3.08959841728, 0, 0, 2.47167873383, 0.926879525185, 4.01647806168, 4.42842435837, 0, 0.205973222852, 0, 4.11946439743, 0, 2.78063845634, 0, 4.84037065506, 8.75386238098, 1.54479920864],
    "thpcp": [1, 0.533883452415, 0.17346842587, 0.164865538478, 0.146416261792, 0.217677921057, 0.287205576897, 0.196803033352, 0.127434179187, 0.136112421751, 0.115869179368, 0.144992738962, 0.235749781132, 0.218890175223, 0.217125609517, 0.331089615822, 0.278434842825, 0.159109830856, 0.201709583402, 0.218066856265, 0.225896328688, 0.347384005785, 0.314370125532, 0.162814468145, 0.118892557919, 0.0991200730205, 0.109142445028, 0.143446579576, 0.119743078947, 0.20264326036, 0.335303664207, 0.240135997534, 0.152568176389, 0.195195049047, 0.223472222686, 0.670571625233],
    "chords_key": "G",
    "chords_scale": "major",
    "key_key": "C",
    "key_scale": "major"
}
}