{
"lowlevel": {
    "average_loudness": 0.955936431885,
    "barkbands_crest": {
        "mean": 9.49780845642,
        "var": 10.7449436188
    },
    "barkbands_flatness_db": {
        "mean": 0.196624860168,
        "var": 0.00187705131248
    },
    "barkbands_kurtosis": {
        "mean": 0.802801787853,
        "var": 2.84507369995
    },
    "barkbands_skewness": {
        "mean": 0.776267528534,
        "var": 0.373559385538
    },
    "barkbands_spread": {
        "mean": 10.7037687302,
        "var": 10.3517065048
    },
    "dissonance": {
        "mean": 0.429918497801,
        "var": 0.00132137839682
    },
    "dynamic_complexity": 1.28846633434,
    "erbbands_crest": {
        "mean": 9.77132797241,
        "var": 13.2334899902
    },
    "erbbands_flatness_db": {
        "mean": 0.24988527596,
        "var": 0.00137260253541
    },
    "erbbands_kurtosis": {
        "mean": 0.344787478447,
        "var": 1.27038478851
    },
    "erbbands_skewness": {
        "mean": 0.149606391788,
        "var": 0.175230637193
    },
    "erbbands_spread": {
        "mean": 18.4536247253,
        "var": 32.5819206238
    },
    "hfc": {
        "mean": 22.0327529907,
        "var": 103.027030945
    },
    "melbands_crest": {
        "mean": 11.085943222,
        "var": 14.2125301361
    },
    "melbands_flatness_db": {
        "mean": 0.255986243486,
        "var": 0.00235877139494
    },
    "melbands_kurtosis": {
        "mean": 1.80339479446,
        "var": 5.98725509644
    },
    "melbands_skewness": {
        "mean": 1.12818419933,
        "var": 0.42282897234
    },
    "melbands_spread": {
        "mean": 16.8703556061,
        "var": 50.2213439941
    },
    "pitch_salience": {
        "mean": 0.541911542416,
        "var": 0.0066648600623
    },
    "silence_rate_20dB": {
        "mean": 1,
        "var": 0
    },
    "silence_rate_30dB": {
        "mean": 1,
        "var": 0
    },
    "silence_rate_60dB": {
        "mean": 0.00205867225304,
        "var": 0.00205448735505
    },
    "spectral_centroid": {
        "mean": 851.739440918,
        "var": 164424.046875
    },
    "spectral_complexity": {
        "mean": 17.937210083,
        "var": 11.9466638565
    },
    "spectral_decrease": {
        "mean": -8.10812572638e-009,
        "var": 1.19126002327e-017
    },
    "spectral_energy": {
        "mean": 0.0326003581285,
        "var": 0.000190174090676
    },
    "spectral_energyband_high": {
        "mean": 6.21601138846e-005,
        "var": 4.15991996405e-009
    },
    "spectral_energyband_low": {
        "mean": 0.000749376020394,
        "var": 2.72582360594e-006
    },
    "spectral_energyband_middle_high": {
        "mean": 0.0113960169256,
        "var": 5.88448347116e-005
    },
    "spectral_energyband_middle_low": {
        "mean": 0.0206000562757,
        "var": 0.000112017754873
    },
    "spectral_entropy": {
        "mean": 6.80431318283,
        "var": 0.0857382714748
    },
    "spectral_flux": {
        "mean": 0.069813914597,
        "var": 0.00034346972825
    },
    "spectral_kurtosis": {
        "mean": 15.3239345551,
        "var": 103.239028931
    },
    "spectral_rms": {
        "mean": 0.00551150133833,
        "var": 1.42857209084e-006
    },
    "spectral_rolloff": {
        "mean": 1131.36437988,
        "var": 689240.0625
    },
    "spectral_skewness": {
        "mean": 2.5648162365,
        "var": 0.574393630028
    },
    "spectral_spread": {
        "mean": 2199679,
        "var": 1.69078371123e+012
    },
    "spectral_strongpeak": {
        "mean": 1.96181344986,
        "var": 2.61386537552
    },
    "zerocrossingrate": {
        "mean": 0.0401978865266,
        "var": 0.000500233611092
    },
    "barkbands": {
        "mean": [5.12491205882e-005, 0.000220637768507, 0.00033725152025, 0.000841709319502, 0.00860418658704, 0.00359512865543, 0.00285505643114, 0.00171229720581, 0.0028563584201, 0.00179512053728, 0.00501648243517, 0.0014887106372, 0.000802095455583, 0.000972515146714, 0.000578990729991, 0.000258011859842, 0.000258982006926, 0.000154024310177, 8.8156441052e-005, 6.80774755892e-005, 2.82912824332e-005, 7.84136773291e-006, 3.59813952855e-006, 2.29001739172e-006, 1.83929023478e-006, 1.47420450958e-006, 2.47656135599e-008],
        "var": [1.04207673601e-008, 1.55891967779e-007, 1.22952349102e-006, 1.77154561243e-006, 5.52295277885e-005, 1.94968379219e-005, 6.84373799231e-006, 7.67023902881e-006, 6.43796920485e-006, 9.14329666557e-006, 3.08833186864e-005, 7.08593370291e-006, 9.15618898034e-007, 2.26279371418e-006, 3.87008157077e-007, 7.01961795357e-008, 1.27597175492e-007, 3.29540377209e-008, 9.96207205617e-009, 4.17202139502e-009, 1.98731053835e-009, 6.47931847064e-011, 1.413563884e-011, 5.03889551612e-012, 3.52423515718e-012, 2.07616714619e-012, 3.91967715067e-015]
    },
    "erbbands": {
        "mean": [0.00258700014092, 0.0664331093431, 0.38087067008, 1.44423317909, 10.6967906952, 43.8867454529, 26.9109096527, 29.2283325195, 27.3789920807, 56.3824501038, 44.0974578857, 46.7796783447, 71.1214981079, 121.468032837, 131.423233032, 53.9289932251, 47.3880462646, 42.4887580872, 32.8723754883, 29.8630142212, 15.0759162903, 17.786031723, 8.67030525208, 6.49768638611, 4.37706851959, 2.43972420692, 1.73166286945, 0.519154667854, 0.315141141415, 0.171787038445, 0.0933037474751, 0.0502325370908, 0.0411783345044, 0.0212635006756, 0.013784606941, 0.00824367813766, 0.00220360653475, 0.00023087579757, 2.14675492316e-005, 3.78854165319e-005],
        "var": [1.11827048386e-005, 0.0142006771639, 0.874143183231, 6.82931613922, 82.3541641235, 1894.59484863, 1101.41601563, 905.921936035, 953.557922363, 2862.13256836, 3209.17578125, 1862.95605469, 5628.01074219, 11337.5410156, 26323.2207031, 8263.15722656, 3461.26879883, 3564.0300293, 3010.61254883, 957.965637207, 253.13369751, 595.482971191, 89.955368042, 43.9916229248, 16.3610019684, 4.75766038895, 7.26064109802, 0.233743876219, 0.117479689419, 0.026075547561, 0.00948436185718, 0.00253913667984, 0.00191567488946, 0.000554080528673, 0.000191105777049, 6.81174569763e-005, 5.13715895067e-006, 8.22190955319e-008, 9.70388144839e-011, 2.51303644561e-010]
    },
    "gfcc": {
        "mean": [-28.2200565338, 148.898208618, -157.193588257, -14.3328409195, -59.2386398315, -13.0465984344, -41.1165122986, -6.96590995789, -34.8243103027, -10.3683185577, -17.4162788391, -4.60102415085, -2.72566127777],
        "cov": [[3661.88842773, -351.912261963, -367.984008789, 68.4858703613, -301.827484131, -16.2000331879, -199.898254395, 118.970840454, -218.547470093, 90.3500061035, -155.947189331, 72.9083480835, -187.377716064], [-351.912261963, 754.143859863, 58.3347663879, -95.5892181396, 146.384368896, -39.2880973816, 113.072471619, -116.755844116, 109.432006836, -93.2772369385, 77.648979187, -103.756599426, 124.777069092], [-367.984008789, 58.3347663879, 257.767852783, 37.496383667, 48.0755271912, 0.538434922695, 21.1397304535, 22.178445816, 9.00137424469, 6.22623682022, -31.2883415222, -12.7919111252, -10.6991262436], [68.4858703613, -95.5892181396, 37.496383667, 155.386749268, 28.9786128998, 29.533208847, -2.25118851662, 44.5758972168, 7.68765544891, 19.3672218323, -13.1764507294, 6.875207901, -31.5584201813], [-301.827484131, 146.384368896, 48.0755271912, 28.9786128998, 118.264892578, 28.4709815979, 43.9979705811, -19.1421279907, 35.7621383667, -7.78423452377, 17.5275802612, -15.4768638611, 21.0869655609], [-16.2000331879, -39.2880973816, 0.538434922695, 29.533208847, 28.4709815979, 81.4980621338, 22.755865097, 17.5779914856, 7.95963335037, 7.95529317856, 7.45859146118, 12.7713785172, 2.84855985641], [-199.898254395, 113.072471619, 21.1397304535, -2.25118851662, 43.9979705811, 22.755865097, 89.494934082, 7.82663345337, 33.8358573914, -8.72582626343, 13.0099906921, -14.6331701279, 13.2938013077], [118.970840454, -116.755844116, 22.178445816, 44.5758972168, -19.1421279907, 17.5779914856, 7.82663345337, 104.430976868, 19.742893219, 22.6449069977, -27.7668628693, 13.0145435333, -28.5051612854], [-218.547470093, 109.432006836, 9.00137424469, 7.68765544891, 35.7621383667, 7.95963335037, 33.8358573914, 19.742893219, 102.042015076, 4.21221113205, 17.3250083923, -24.5549430847, 28.5858726501], [90.3500061035, -93.2772369385, 6.22623682022, 19.3672218323, -7.78423452377, 7.95529317856, -8.72582626343, 22.6449069977, 4.21221113205, 77.4315109253, 1.98178589344, 9.9422121048, -32.100440979], [-155.947189331, 77.648979187, -31.2883415222, -13.1764507294, 17.5275802612, 7.45859146118, 13.0099906921, -27.7668628693, 17.3250083923, 1.98178589344, 80.0610046387, 18.2581481934, 33.6026954651], [72.9083480835, -103.756599426, -12.7919111252, 6.875207901, -15.4768638611, 12.7713785172, -14.6331701279, 13.0145435333, -24.5549430847, 9.9422121048, 18.2581481934, 80.2353134155, 9.24164581299], [-187.377716064, 124.777069092, -10.6991262436, -31.5584201813, 21.0869655609, 2.84855985641, 13.2938013077, -28.5051612854, 28.5858726501, -32.100440979, 33.6026954651, 9.24164581299, 97.1410980225]],
        "icov": [[0.00126194697805, -0.00303271994926, 0.00242586643435, -0.00166102743242, 0.00342808756977, -0.00209745275788, 0.00252621015534, -0.00197018962353, 0.002721398836, -0.00268163555302, 0.00379354739562, -0.00265841488726, 0.00170445488766], [-0.00303271994926, 0.0124323796481, -0.00678299833089, 0.00561643438414, -0.011711737141, 0.00812402833253, -0.00905334949493, 0.0067722783424, -0.00840872619301, 0.0093639716506, -0.0122289443389, 0.0107585871592, -0.00643587578088], [0.00242586643435, -0.00678299833089, 0.00961878523231, -0.00402965955436, 0.00477784732357, -0.00335159292445, 0.00470925122499, -0.00509693194181, 0.00618142075837, -0.0064049270004, 0.00993565004319, -0.0059064719826, 0.00325281126425], [-0.00166102743242, 0.00561643438414, -0.00402965955436, 0.0118890721351, -0.00910556688905, 0.00171157519799, -0.00168148777448, -0.000384417420719, -0.00436817435548, 0.00455434899777, -0.00633792160079, 0.00442436849698, -0.000394055939978], [0.00342808756977, -0.011711737141, 0.00477784732357, -0.00910556688905, 0.0271449498832, -0.0115211289376, 0.00397594366223, -0.000812898389995, 0.00498556438833, -0.00872800592333, 0.0116288829595, -0.00945358909667, 0.00541240628809], [-0.00209745275788, 0.00812402833253, -0.00335159292445, 0.00171157519799, -0.0115211289376, 0.0215334445238, -0.00929041206837, 0.00185939844232, -0.00405724719167, 0.00468513276428, -0.00837681628764, 0.004793362692, -0.00542385596782], [0.00252621015534, -0.00905334949493, 0.00470925122499, -0.00168148777448, 0.00397594366223, -0.00929041206837, 0.0235335417092, -0.00858841650188, 0.0042189154774, -0.0046646357514, 0.00654498999938, -0.00544401770458, 0.00561378337443], [-0.00197018962353, 0.0067722783424, -0.00509693194181, -0.000384417420719, -0.000812898389995, 0.00185939844232, -0.00858841650188, 0.021935723722, -0.0121163073927, 0.00380503479391, -0.000826880452223, 0.000241761619691, -0.000365554180462], [0.002721398836, -0.00840872619301, 0.00618142075837, -0.00436817435548, 0.00498556438833, -0.00405724719167, 0.0042189154774, -0.0121163073927, 0.0239888448268, -0.0100640077144, 0.0054906909354, -6.80491430103e-005, -0.00206175679341], [-0.00268163555302, 0.0093639716506, -0.0064049270004, 0.00455434899777, -0.00872800592333, 0.00468513276428, -0.0046646357514, 0.00380503479391, -0.0100640077144, 0.0247717164457, -0.0132175097242, 0.00583625771105, 0.00224999664351], [0.00379354739562, -0.0122289443389, 0.00993565004319, -0.00633792160079, 0.0116288829595, -0.00837681628764, 0.00654498999938, -0.000826880452223, 0.0054906909354, -0.0132175097242, 0.0332824550569, -0.0168013647199, 0.00274569564499], [-0.00265841488726, 0.0107585871592, -0.0059064719826, 0.00442436849698, -0.00945358909667, 0.004793362692, -0.00544401770458, 0.000241761619691, -6.80491430103e-005, 0.00583625771105, -0.0168013647199, 0.0281232707202, -0.0103479037061], [0.00170445488766, -0.00643587578088, 0.00325281126425, -0.000394055939978, 0.00541240628809, -0.00542385596782, 0.00561378337443, -0.000365554180462, -0.00206175679341, 0.00224999664351, 0.00274569564499, -0.0103479037061, 0.0215726941824]]
    },
    "melbands": {
        "mean": [4.34187859355e-005, 0.000159188755788, 0.000457884831121, 0.00195039133541, 0.00122326402925, 0.000671156332828, 0.000448428938398, 0.000572572287638, 0.000372759823222, 0.000318939855788, 0.000363610510249, 0.00047073487076, 0.000631933624391, 0.000101794437796, 0.000188323218026, 7.89221739979e-005, 7.5883763202e-005, 5.63909306948e-005, 5.21319489053e-005, 2.13470411836e-005, 1.54488734552e-005, 2.07815501199e-005, 6.55014309814e-006, 9.09731443244e-006, 4.82007271785e-006, 2.88054911834e-006, 3.59068303624e-006, 1.06300933567e-006, 1.50185394432e-006, 3.10645305035e-007, 2.4780783292e-007, 1.76166508936e-007, 1.49866977495e-007, 7.78006565838e-008, 5.22906766776e-008, 4.81734439006e-008, 2.25815490751e-008, 3.39778161162e-008, 1.69886753554e-008, 1.7307526079e-008],
        "var": [4.35215952166e-009, 1.36328694111e-007, 3.54298776983e-007, 2.92483696285e-006, 1.33121534418e-006, 4.73162629078e-007, 1.82513289815e-007, 3.25413736846e-007, 1.99382782284e-007, 7.91532883682e-008, 1.73900403411e-007, 1.7337616498e-007, 6.28493921795e-007, 2.17856399587e-008, 1.47775267578e-007, 9.81093339902e-009, 1.13437854665e-008, 1.60277409123e-008, 3.88654441963e-009, 6.44527597959e-010, 4.00251332078e-010, 9.61739354821e-010, 6.77762082568e-011, 1.42991757324e-010, 3.07783902531e-011, 9.42109064372e-012, 1.51816545446e-011, 1.43214216528e-012, 6.685794713e-012, 7.73412977e-014, 6.3122555414e-014, 4.34053224678e-014, 3.40852597069e-014, 6.98958204954e-015, 3.30600326269e-015, 3.17021308158e-015, 5.51295840643e-016, 1.34904279943e-015, 4.41418064981e-016, 4.34942101053e-016]
    },
    "mfcc": {
        "mean": [-666.475830078, 192.29145813, -42.9762687683, 1.92796421051, -15.4799232483, -12.3530778885, -7.11851119995, -7.16404151917, -10.8045911789, -8.29808330536, -14.5026464462, -13.9052066803, -6.79323339462],
        "cov": [[1694.00012207, -491.651153564, -85.3532791138, 29.5130748749, -104.154151917, -78.5398330688, -41.0442848206, -7.50553512573, -37.5335083008, -26.3930912018, 26.7259578705, 39.2866516113, 2.56685709953], [-491.651153564, 715.640686035, 31.5286083221, -11.4437589645, 25.1741638184, 46.2903213501, 27.338350296, -20.3414611816, 30.8109798431, 26.8374347687, -26.7280368805, -29.5379543304, -32.822052002], [-85.3532791138, 31.5286083221, 140.236938477, 39.4766311646, 27.1354484558, -0.751044809818, -0.334591984749, 17.8916893005, 21.1718063354, 15.2370262146, 6.66047048569, -9.99013805389, -9.13833999634], [29.5130748749, -11.4437589645, 39.4766311646, 113.646057129, 33.5786857605, 13.9926328659, 10.3287725449, 12.5577325821, 15.7582063675, 19.319858551, 11.7480382919, 23.0584259033, 2.81206202507], [-104.154151917, 25.1741638184, 27.1354484558, 33.5786857605, 89.8188934326, 28.7667198181, 8.70993995667, 14.3259840012, 12.5817136765, 8.51933670044, 3.13772034645, -1.81124770641, 4.1324262619], [-78.5398330688, 46.2903213501, -0.751044809818, 13.9926328659, 28.7667198181, 89.2864379883, 31.4886474609, -0.992035150528, 0.0913289934397, 2.74126338959, 3.08955216408, 5.93078899384, 4.10834312439], [-41.0442848206, 27.338350296, -0.334591984749, 10.3287725449, 8.70993995667, 31.4886474609, 66.1585540771, 19.3088417053, -0.0435697883368, -4.51313257217, -2.83585166931, 12.0757846832, 9.40183639526], [-7.50553512573, -20.3414611816, 17.8916893005, 12.5577325821, 14.3259840012, -0.992035150528, 19.3088417053, 83.2497711182, 32.0482444763, 4.9222073555, -1.64516890049, 4.43042039871, 17.6281337738], [-37.5335083008, 30.8109798431, 21.1718063354, 15.7582063675, 12.5817136765, 0.0913289934397, -0.0435697883368, 32.0482444763, 85.998260498, 37.8666305542, 5.76276874542, 2.44926190376, 4.60925102234], [-26.3930912018, 26.8374347687, 15.2370262146, 19.319858551, 8.51933670044, 2.74126338959, -4.51313257217, 4.9222073555, 37.8666305542, 85.8460159302, 29.4065551758, -0.288877874613, -10.9424295425], [26.7259578705, -26.7280368805, 6.66047048569, 11.7480382919, 3.13772034645, 3.08955216408, -2.83585166931, -1.64516890049, 5.76276874542, 29.4065551758, 68.371673584, 25.1802082062, -15.5305967331], [39.2866516113, -29.5379543304, -9.99013805389, 23.0584259033, -1.81124770641, 5.93078899384, 12.0757846832, 4.43042039871, 2.44926190376, -0.288877874613, 25.1802082062, 83.2679595947, 27.1994762421], [2.56685709953, -32.822052002, -9.13833999634, 2.81206202507, 4.1324262619, 4.10834312439, 9.40183639526, 17.6281337738, 4.60925102234, -10.9424295425, -15.5305967331, 27.1994762421, 84.1956939697]],
        "icov": [[0.000834975740872, 0.000487673009047, 0.000410486420151, -0.00060557591496, 0.000821700494271, 0.000242481328314, 0.000191060971702, -4.361336687e-005, 3.45893095073e-005, 0.000137934359373, -0.000116654562589, -5.16361069458e-005, 0.00017626315821], [0.000487673009047, 0.00193627737463, -0.000169869119418, 0.000179485126864, 0.000161548479809, -0.000474569504149, -0.000639896781649, 0.000781117880251, -0.000678567448631, -0.000501786009409, 0.00105878931936, -0.000100572156953, 0.00083838601131], [0.000410486420151, -0.000169869119418, 0.00900279451162, -0.00316608417779, -0.00104652391747, 0.00108380417805, 0.000417819595896, -0.00125616556033, -0.000928560446482, 0.000351487717126, -0.00121213903185, 0.00184200995136, 0.00049683637917], [-0.00060557591496, 0.000179485126864, -0.00316608417779, 0.0125785917044, -0.00409619417042, -0.000680453318637, -0.00104325031862, -2.47421685344e-005, -0.000207053541089, -0.00242973561399, 0.00145028787665, -0.00416584545746, 0.000989458523691], [0.000821700494271, 0.000161548479809, -0.00104652391747, -0.00409619417042, 0.0155651140958, -0.00432465644553, 0.00142444006633, -0.00189094804227, -0.000415145390434, 0.000512189930305, -0.00104749773163, 0.00186363980174, -0.000960913021117], [0.000242481328314, -0.000474569504149, 0.00108380417805, -0.000680453318637, -0.00432465644553, 0.0158091429621, -0.00725609110668, 0.0025178657379, -6.48114728392e-005, -3.36442462867e-005, -0.00128698220942, 0.000346481770976, -0.000678241427522], [0.000191060971702, -0.000639896781649, 0.000417819595896, -0.00104325031862, 0.00142444006633, -0.00725609110668, 0.0212824624032, -0.00607310282066, 0.00222787098028, 0.000507043267135, 0.00142866442911, -0.00271877273917, 8.98233411135e-005], [-4.361336687e-005, 0.000781117880251, -0.00125616556033, -2.47421685344e-005, -0.00189094804227, 0.0025178657379, -0.00607310282066, 0.0172084253281, -0.00666786637157, 0.0015668036649, -0.000561964581721, 0.00114888465032, -0.0026906626299], [3.45893095073e-005, -0.000678567448631, -0.000928560446482, -0.000207053541089, -0.000415145390434, -6.48114728392e-005, 0.00222787098028, -0.00666786637157, 0.0180179029703, -0.00770798511803, 0.00199691066518, -0.00131959491409, -0.000382131809602], [0.000137934359373, -0.000501786009409, 0.000351487717126, -0.00242973561399, 0.000512189930305, -3.36442462867e-005, 0.000507043267135, 0.0015668036649, -0.00770798511803, 0.0184655450284, -0.00837183557451, 0.00323463510722, -0.000256051920587], [-0.000116654562589, 0.00105878931936, -0.00121213903185, 0.00145028787665, -0.00104749773163, -0.00128698220942, 0.00142866442911, -0.000561964581721, 0.00199691066518, -0.00837183557451, 0.0235520545393, -0.00957379583269, 0.00654847547412], [-5.16361069458e-005, -0.000100572156953, 0.00184200995136, -0.00416584545746, 0.00186363980174, 0.000346481770976, -0.00271877273917, 0.00114888465032, -0.00131959491409, 0.00323463510722, -0.00957379583269, 0.0190045982599, -0.00715668126941], [0.00017626315821, 0.00083838601131, 0.00049683637917, 0.000989458523691, -0.000960913021117, -0.000678241427522, 8.98233411135e-005, -0.0026906626299, -0.000382131809602, -0.000256051920587, 0.00654847547412, -0.00715668126941, 0.0163605324924]]
    },
    "spectral_contrast_coeffs": {
        "mean": [-0.467944681644, -0.688747882843, -0.657158493996, -0.714491486549, -0.740126609802, -0.725262701511],
        "var": [0.00642403867096, 0.00354015571065, 0.00320269819349, 0.00250761047937, 0.0018665214302, 0.00125860888511]
    },
    "spectral_contrast_valleys": {
        "mean": [-8.3661699295, -6.28418111801, -7.03164720535, -7.676466465, -8.30829715729, -12.2796955109],
        "var": [0.913236021996, 0.811206042767, 0.717156052589, 0.711365103722, 0.728236973286, 0.626495420933]
    }
},
"metadata": {
    "audio_properties": {
        "analysis_sample_rate": 44100,
        "bit_rate": 102361,
        "equal_loudness": 0,
        "length": 45.0873451233,
        "lossless": 0,
        "replay_gain": -7.78802871704,
        "sample_rate": 44100,
        "codec": "mp3",
        "downmix": "mix",
        "md5_encoded": "ccec947f40e48d6182cbd352ed650f75"
    },
    "tags": {
        "file_name": "179.mp3"
    },
    "version": {
        "essentia": "2.1-beta2",
        "essentia_git_sha": "v2.1_beta2",
        "extractor": "music 1.0"
    }
},
"rhythm": {
    "beats_count": 71,
    "beats_loudness": {
        "mean": 0.037971816957,
        "var": 0.000228589502512
    },
    "bpm": 95.9596939087,
    "bpm_histogram_first_peak_bpm": {
        "mean": 96,
        "var": 0
    },
    "bpm_histogram_first_peak_spread": {
        "mean": 0.614285707474,
        "var": 0
    },
    "bpm_histogram_first_peak_weight": {
        "mean": 0.385714292526,
        "var": 0
    },
    "bpm_histogram_second_peak_bpm": {
        "mean": 0,
        "var": 0
    },
    "bpm_histogram_second_peak_spread": {
        "mean": 0,
        "var": 0
    },
    "bpm_histogram_second_peak_weight": {
        "mean": 0,
        "var": 0
    },
    "danceability": 1.12016427517,
    "onset_rate": 1.26372468472,
    "beats_loudness_band_ratio": {
        "mean": [0.0794701427221, 0.390318602324, 0.231885448098, 0.268899261951, 0.0530573613942, 0.00604714965448],
        "var": [0.00633556582034, 0.0294004324824, 0.0104269227013, 0.0189859233797, 0.00194843427744, 1.86995039257e-005]
    },
    "beats_position": [0.615328788757, 1.25387752056, 1.88081634045, 2.50775504112, 3.13469386101, 3.76163268089, 4.38857126236, 5.01551008224, 5.65405893326, 6.30421733856, 6.9543762207, 7.59292507172, 8.2198638916, 8.84680271149, 9.47374153137, 10.1006803513, 10.7276191711, 11.354557991, 11.9698867798, 12.5852155685, 13.2121543884, 13.8390922546, 14.4544210434, 15.0697498322, 15.6850786209, 16.3004074097, 16.9157371521, 17.5426750183, 18.1580047607, 18.7733325958, 19.3886623383, 20.0039901733, 20.6193199158, 21.246257782, 21.8615875244, 22.4769153595, 23.1038551331, 23.7191829681, 24.3345127106, 24.9498405457, 25.5883903503, 26.2385482788, 26.8770961761, 27.5156459808, 28.1541938782, 28.7927436829, 29.4312915802, 30.0698413849, 30.6967792511, 31.3237190247, 31.9506568909, 32.5775947571, 33.2161445618, 33.8546943665, 34.4816322327, 35.1085700989, 35.7355079651, 36.3508377075, 36.96616745, 37.5814971924, 38.1968231201, 38.8005447388, 39.4390907288, 40.0660324097, 40.6929702759, 41.3315200806, 41.9352378845, 42.5389556885, 43.1658935547, 43.7812232971, 44.3965530396]
},
"tonal": {
    "chords_changes_rate": 0.0257201641798,
    "chords_number_rate": 0.00514403311536,
    "chords_strength": {
        "mean": 0.589487791061,
        "var": 0.00517527759075
    },
    "hpcp_entropy": {
        "mean": 1.46842360497,
        "var": 0.370014876127
    },
    "key_strength": 0.86412101984,
    "tuning_diatonic_strength": 0.648675620556,
    "tuning_equal_tempered_deviation": 0.000832566991448,
    "tuning_frequency": 440,
    "tuning_nontempered_energy_ratio": 0.601695716381,
    "hpcp": {
        "mean": [0.0070094880648, 0.0148871866986, 0.129876181483, 0.286712735891, 0.251610666513, 0.420365452766, 0.598346412182, 0.275717318058, 0.0183281246573, 0.00625207694247, 0.00811522174627, 0.0848766118288, 0.163271978498, 0.0912840813398, 0.0110538667068, 0.00535650923848, 0.00857517588884, 0.127364486456, 0.245637223125, 0.137384429574, 0.076359808445, 0.13599793613, 0.0801690965891, 0.0185370165855, 0.0213068239391, 0.0307972021401, 0.198618769646, 0.354822963476, 0.194395795465, 0.0239679552615, 0.00975218974054, 0.0146582210436, 0.135206505656, 0.255140125751, 0.142059907317, 0.0155710009858],
        "var": [0.000627284229267, 0.0030615918804, 0.0313654355705, 0.126074239612, 0.0713255554438, 0.0815045386553, 0.161446630955, 0.0396986193955, 0.000672808731906, 0.000113065325422, 0.000144619392813, 0.0184845421463, 0.0704585686326, 0.0235422942787, 0.000738863600418, 0.00105728954077, 0.000583031214774, 0.0288809984922, 0.0924498438835, 0.0266307927668, 0.0194784663618, 0.0739160180092, 0.0269254203886, 0.00138884736225, 0.00145513832103, 0.00307799945585, 0.0482575781643, 0.116544820368, 0.0348237007856, 0.00235174689442, 0.000491127197165, 0.0011598697165, 0.0303688719869, 0.10603196919, 0.0354749821126, 0.00127568223979]
    },
    "chords_histogram": [28.8065853119, 1.85185182095, 24.6913585663, 0, 0, 0, 0, 0, 0, 0, 0, 0, 0, 0, 0, 0, 0, 0, 0, 0, 0, 0, 22.4279842377, 22.2222213745],
    "thpcp": [1, 0.460798829794, 0.030631294474, 0.0104489251971, 0.0135627482086, 0.141851961613, 0.272872000933, 0.152560591698, 0.0184740256518, 0.00895218737423, 0.0143314572051, 0.212860777974, 0.410526782274, 0.229606837034, 0.127618059516, 0.227289631963, 0.133984416723, 0.0309804081917, 0.0356095135212, 0.0514705218375, 0.331946104765, 0.593005895615, 0.324888378382, 0.0400569885969, 0.0162985678762, 0.0244978833944, 0.225966930389, 0.426408708096, 0.237420842052, 0.0260233879089, 0.011714765802, 0.0248805489391, 0.217058509588, 0.479175150394, 0.420510023832, 0.702545285225],
    "chords_key": "B",
    "chords_scale": "major",
    "key_key": "B",
    "key_scale": "major"
}
}