{
"lowlevel": {
    "average_loudness": 0.38291361928,
    "barkbands_crest": {
        "mean": 14.9408712387,
        "var": 34.257068634
    },
    "barkbands_flatness_db": {
        "mean": 0.32147577405,
        "var": 0.0104095861316
    },
    "barkbands_kurtosis": {
        "mean": 12.7393751144,
        "var": 1481.09985352
    },
    "barkbands_skewness": {
        "mean": 0.358273118734,
        "var": 5.40902376175
    },
    "barkbands_spread": {
        "mean": 7.40658187866,
        "var": 45.485912323
    },
    "dissonance": {
        "mean": 0.378872215748,
        "var": 0.00913310796022
    },
    "dynamic_complexity": 7.75980138779,
    "erbbands_crest": {
        "mean": 18.0028133392,
        "var": 47.5989532471
    },
    "erbbands_flatness_db": {
        "mean": 0.34668508172,
        "var": 0.00730361649767
    },
    "erbbands_kurtosis": {
        "mean": 12.6201953888,
        "var": 372.281951904
    },
    "erbbands_skewness": {
        "mean": 0.870476067066,
        "var": 3.65569615364
    },
    "erbbands_spread": {
        "mean": 11.0267438889,
        "var": 90.4617156982
    },
    "hfc": {
        "mean": 7.51110744476,
        "var": 233.560760498
    },
    "melbands_crest": {
        "mean": 17.5783233643,
        "var": 47.5486984253
    },
    "melbands_flatness_db": {
        "mean": 0.409515440464,
        "var": 0.0135344462469
    },
    "melbands_kurtosis": {
        "mean": 10.7062454224,
        "var": 500.288269043
    },
    "melbands_skewness": {
        "mean": 0.702473402023,
        "var": 4.83680152893
    },
    "melbands_spread": {
        "mean": 11.810713768,
        "var": 123.382698059
    },
    "pitch_salience": {
        "mean": 0.4219211936,
        "var": 0.0222378019243
    },
    "silence_rate_20dB": {
        "mean": 1,
        "var": 0
    },
    "silence_rate_30dB": {
        "mean": 0.983007192612,
        "var": 0.0167043749243
    },
    "silence_rate_60dB": {
        "mean": 0.438208043575,
        "var": 0.246181502938
    },
    "spectral_centroid": {
        "mean": 707.180725098,
        "var": 209072.40625
    },
    "spectral_complexity": {
        "mean": 4.5535531044,
        "var": 9.99991512299
    },
    "spectral_decrease": {
        "mean": -4.06098799033e-009,
        "var": 4.74169771792e-017
    },
    "spectral_energy": {
        "mean": 0.0160083789378,
        "var": 0.000738722912502
    },
    "spectral_energyband_high": {
        "mean": 1.30574437662e-006,
        "var": 1.15460210837e-011
    },
    "spectral_energyband_low": {
        "mean": 0.00351550825872,
        "var": 0.000134394227643
    },
    "spectral_energyband_middle_high": {
        "mean": 0.0008577296976,
        "var": 6.17156547378e-006
    },
    "spectral_energyband_middle_low": {
        "mean": 0.013094750233,
        "var": 0.000537486048415
    },
    "spectral_entropy": {
        "mean": 5.92568540573,
        "var": 0.815789341927
    },
    "spectral_flux": {
        "mean": 0.0406624339521,
        "var": 0.00136791204568
    },
    "spectral_kurtosis": {
        "mean": 51.1251907349,
        "var": 2533.55883789
    },
    "spectral_rms": {
        "mean": 0.0029608127661,
        "var": 6.85151189828e-006
    },
    "spectral_rolloff": {
        "mean": 798.026367188,
        "var": 438920.6875
    },
    "spectral_skewness": {
        "mean": 4.69752025604,
        "var": 7.51483678818
    },
    "spectral_spread": {
        "mean": 1642093.75,
        "var": 1.31277232538e+012
    },
    "spectral_strongpeak": {
        "mean": 1.28955030441,
        "var": 3.05369448662
    },
    "zerocrossingrate": {
        "mean": 0.029855305329,
        "var": 0.000332012568833
    },
    "barkbands": {
        "mean": [2.95275845019e-006, 0.00134965253528, 0.000851429766044, 0.00255622924305, 0.00171314016916, 0.000885913148522, 0.000425394100603, 0.00172850629315, 0.00527135422453, 0.000777255685534, 0.000183667856618, 3.9081875002e-005, 6.50925358059e-005, 8.20907880552e-005, 9.80873664957e-006, 3.44864638464e-005, 1.62635187735e-005, 9.71038571151e-006, 3.41490795108e-006, 2.19599701268e-006, 2.57906407342e-007, 1.42214318544e-007, 1.73000216819e-007, 1.0215364199e-007, 6.2120847133e-008, 3.15595443112e-008, 1.73774616918e-009],
        "var": [1.40715217256e-009, 6.7993067205e-005, 5.45030979993e-006, 7.16786744306e-005, 3.73297734768e-005, 1.04129621832e-005, 2.27532677854e-006, 3.01560885418e-005, 0.000283225701423, 9.75227249e-006, 1.07074458811e-006, 1.35405269219e-008, 1.51377491875e-007, 2.81276584246e-007, 1.4661654113e-009, 3.17183150855e-008, 9.38728872413e-010, 4.59490723248e-010, 5.48812037482e-011, 3.80253675769e-011, 3.82165111189e-013, 2.09202338612e-013, 8.644181833e-013, 3.39676339356e-013, 3.19006512829e-013, 9.21132609208e-014, 6.03891676524e-017]
    },
    "erbbands": {
        "mean": [0.0152053590864, 0.377218335867, 1.08323192596, 5.20800638199, 7.4417924881, 4.86561632156, 6.40575313568, 7.04918670654, 4.67614173889, 25.7971973419, 33.6391983032, 75.7917556763, 112.248504639, 14.1622610092, 4.56983852386, 1.59107506275, 2.71376180649, 5.08514308929, 0.895919442177, 1.13162195683, 1.79106009007, 0.946528077126, 0.520995855331, 0.324218153954, 0.181725054979, 0.097313798964, 0.0217118952423, 0.00607196008787, 0.00559048121795, 0.00426373025402, 0.00510014407337, 0.00231978669763, 0.00165661261417, 0.000790970691014, 0.000433362904005, 0.000198498411919, 5.08279517817e-005, 7.55873861635e-006, 7.86910823081e-006, 1.80150782398e-005],
        "var": [0.00615714397281, 5.18705558777, 14.1054925919, 273.202941895, 712.620727539, 242.745422363, 587.324462891, 1047.61401367, 317.094696045, 8965.27441406, 11508.2470703, 44108.8164063, 164246.703125, 2846.45239258, 256.843597412, 15.7019672394, 290.755706787, 1148.1472168, 31.5933551788, 33.3452796936, 36.7747154236, 2.83663034439, 1.03410077095, 0.622850656509, 0.17929020524, 0.0614406839013, 0.00180566252675, 0.000432416592957, 0.000312063464662, 0.00030550576048, 0.000778180314228, 0.000124983154819, 0.000120081029308, 4.01071847591e-005, 1.62396790984e-005, 3.50813479599e-006, 1.87937374108e-007, 2.1965975705e-009, 1.74012457221e-010, 9.38460753552e-010]
    },
    "gfcc": {
        "mean": [-233.472198486, 193.483810425, -117.948219299, -11.5925569534, -33.0979537964, -12.2316322327, -15.2651424408, 14.3090028763, -9.43194961548, -20.9728393555, -14.3117551804, -14.7487783432, -5.86362028122],
        "cov": [[9051.52441406, 819.499511719, -713.227722168, 210.2603302, 51.2790908813, -462.499023438, 142.230957031, -36.0676345825, 58.5694503784, -260.690887451, 8.02094078064, -362.180114746, -18.9295883179], [819.499511719, 1237.47277832, 554.541503906, -227.307739258, 234.538894653, -386.495544434, 156.318710327, -133.013031006, 72.9552307129, -180.821273804, 76.084022522, -105.189254761, 91.6946258545], [-713.227722168, 554.541503906, 1509.22460938, -142.812423706, -95.0191879272, -69.2098846436, -103.327285767, -83.4406585693, 25.8590869904, -197.950042725, -66.3016662598, 9.67018127441, -29.4960708618], [210.2603302, -227.307739258, -142.812423706, 545.512023926, 142.705657959, -15.1690835953, -210.319335938, -122.420707703, -182.126068115, -5.51061582565, 38.3013267517, 69.7866897583, -8.77707767487], [51.2790908813, 234.538894653, -95.0191879272, 142.705657959, 361.334838867, -15.1505861282, 24.9444694519, -98.7396011353, -100.772674561, -43.4275436401, 40.5181121826, -1.58434474468, 53.3197402954], [-462.499023438, -386.495544434, -69.2098846436, -15.1690835953, -15.1505861282, 520.134399414, 112.211341858, 53.6965026855, -14.565404892, 29.0116939545, -71.2491912842, 31.210849762, -28.7261104584], [142.230957031, 156.318710327, -103.327285767, -210.319335938, 24.9444694519, 112.211341858, 471.812347412, 191.955154419, 85.489364624, -104.031936646, -92.4216995239, -121.948600769, 36.4959869385], [-36.0676345825, -133.013031006, -83.4406585693, -122.420707703, -98.7396011353, 53.6965026855, 191.955154419, 269.644134521, 129.491546631, -3.4092168808, -79.9788284302, -80.038230896, -24.4086036682], [58.5694503784, 72.9552307129, 25.8590869904, -182.126068115, -100.772674561, -14.565404892, 85.489364624, 129.491546631, 316.521972656, 118.957458496, -31.8365135193, -113.076019287, -59.5060348511], [-260.690887451, -180.821273804, -197.950042725, -5.51061582565, -43.4275436401, 29.0116939545, -104.031936646, -3.4092168808, 118.957458496, 287.597991943, 105.575889587, 9.55630207062, -72.8395843506], [8.02094078064, 76.084022522, -66.3016662598, 38.3013267517, 40.5181121826, -71.2491912842, -92.4216995239, -79.9788284302, -31.8365135193, 105.575889587, 184.361633301, 81.7523269653, 4.53783178329], [-362.180114746, -105.189254761, 9.67018127441, 69.7866897583, -1.58434474468, 31.210849762, -121.948600769, -80.038230896, -113.076019287, 9.55630207062, 81.7523269653, 208.619812012, 67.6515731812], [-18.9295883179, 91.6946258545, -29.4960708618, -8.77707767487, 53.3197402954, -28.7261104584, 36.4959869385, -24.4086036682, -59.5060348511, -72.8395843506, 4.53783178329, 67.6515731812, 158.871612549]],
        "icov": [[0.000170514933416, -0.000292677577818, 0.000226085656323, -0.00020172141376, 0.000312159361783, -0.000111523273517, 0.000150688341819, -3.55430347554e-005, -4.17716655647e-005, 0.00030369363958, -0.000127906183479, 0.000294007797493, 5.71119526285e-005], [-0.000292677577818, 0.00465515535325, -0.00162006658502, 0.001661402639, -0.00295020686463, 0.00241682119668, -0.00207420252264, 0.00283911335282, -0.00216570287012, 0.00189430534374, -0.0029597482644, 0.00103957077954, -0.000891644856893], [0.000226085656323, -0.00162006658502, 0.00161281658802, -0.000310577568598, 0.00123062683269, -0.000876290490851, 0.00120743259322, -0.000438624847447, -3.89174674638e-005, 0.00101437815465, 0.000645682681352, -0.000329877220793, 0.000900556682609], [-0.00020172141376, 0.001661402639, -0.000310577568598, 0.00378803652711, -0.00228622392751, 0.000772584346123, 0.000781783310231, 0.000531287747435, 0.00056454713922, 0.000638273369987, -0.000462493422674, 6.9718415034e-005, 0.000465311604785], [0.000312159361783, -0.00295020686463, 0.00123062683269, -0.00228622392751, 0.00624425290152, -0.00168494763784, 0.00022650451865, -3.46559181708e-006, 0.00159603881184, -0.000591456482653, 0.000297457736451, 0.00123355200049, -0.000817922118586], [-0.000111523273517, 0.00241682119668, -0.000876290490851, 0.000772584346123, -0.00168494763784, 0.0041139270179, -0.00252127484418, 0.00171917642001, -0.000430397281889, -0.000637249846477, 0.000879444007296, -0.0014286856167, 0.000754346896429], [0.000150688341819, -0.00207420252264, 0.00120743259322, 0.000781783310231, 0.00022650451865, -0.00252127484418, 0.00652742153034, -0.00411150930449, 0.000541130721103, 0.00182855001185, -0.000314392877044, 0.00219335104339, -0.00106455839705], [-3.55430347554e-005, 0.00283911335282, -0.000438624847447, 0.000531287747435, -3.46559181708e-006, 0.00171917642001, -0.00411150930449, 0.00948240421712, -0.0034447023645, 0.00152617960703, -0.000318713777233, 0.000273778539849, 0.000320431543514], [-4.17716655647e-005, -0.00216570287012, -3.89174674638e-005, 0.00056454713922, 0.00159603881184, -0.000430397281889, 0.000541130721103, -0.0034447023645, 0.00881409179419, -0.00590364448726, 0.00324522214942, 0.00154589978047, -0.000154401132022], [0.00030369363958, 0.00189430534374, 0.00101437815465, 0.000638273369987, -0.000591456482653, -0.000637249846477, 0.00182855001185, 0.00152617960703, -0.00590364448726, 0.0120334681123, -0.00779239134863, 0.00165778584778, 0.00188668316696], [-0.000127906183479, -0.0029597482644, 0.000645682681352, -0.000462493422674, 0.000297457736451, 0.000879444007296, -0.000314392877044, -0.000318713777233, 0.00324522214942, -0.00779239134863, 0.014704096131, -0.00623839814216, 0.00174910656642], [0.000294007797493, 0.00103957077954, -0.000329877220793, 6.9718415034e-005, 0.00123355200049, -0.0014286856167, 0.00219335104339, 0.000273778539849, 0.00154589978047, 0.00165778584778, -0.00623839814216, 0.0124309910461, -0.00553264003247], [5.71119526285e-005, -0.000891644856893, 0.000900556682609, 0.000465311604785, -0.000817922118586, 0.000754346896429, -0.00106455839705, 0.000320431543514, -0.000154401132022, 0.00188668316696, 0.00174910656642, -0.00553264003247, 0.0108265625313]]
    },
    "melbands": {
        "mean": [0.00026233139215, 0.000558335217647, 0.000990320695564, 0.000438465212937, 0.00020967463206, 0.000157010668772, 7.36833026167e-005, 0.000325273198541, 0.000268230622169, 0.000631574250292, 0.000563016918022, 4.5719632908e-005, 1.93139021576e-005, 5.26415078639e-006, 3.50867912857e-006, 9.31899285206e-006, 8.75306795933e-006, 1.44318880757e-006, 7.52666494463e-007, 2.272415486e-006, 2.00185445465e-006, 1.05325204913e-006, 4.96262941851e-007, 4.89569572437e-007, 2.39448496586e-007, 1.04804271928e-007, 1.32898961169e-007, 4.79680544174e-008, 1.43876617287e-008, 5.41456612879e-009, 2.88258839021e-009, 3.6646481405e-009, 1.89378179805e-009, 2.60627275317e-009, 3.72425090767e-009, 1.44020828596e-009, 1.3605137017e-009, 1.28852262193e-009, 7.53384743479e-010, 6.18730178203e-010],
        "var": [2.39535711444e-006, 6.32366118225e-006, 9.103998309e-006, 2.19551020564e-006, 5.7035839518e-007, 4.53656952004e-007, 7.34694936e-008, 1.35361381126e-006, 9.80333084044e-007, 3.7482782318e-006, 4.1824400796e-006, 4.8159293442e-008, 7.5454442694e-009, 2.70419686643e-010, 5.95536953085e-010, 3.03686387149e-009, 3.39252204107e-009, 1.52753393268e-010, 8.9936513098e-012, 2.67394606457e-010, 2.51180257149e-011, 4.24697299897e-012, 1.11951008359e-012, 1.51716725121e-012, 4.29036688988e-013, 5.57367838677e-014, 1.56599424183e-013, 1.76223375085e-014, 1.02602159692e-015, 2.05055506283e-016, 1.93145786294e-016, 1.57404661984e-016, 4.1513680315e-017, 1.55247004369e-016, 4.63534651099e-016, 5.34780868694e-017, 5.1175669339e-017, 7.90895507803e-017, 2.82770071127e-017, 3.09284551569e-017]
    },
    "mfcc": {
        "mean": [-863.94152832, 201.515869141, 3.4343225956, 5.93258666992, 5.76204538345, -16.8780002594, 1.06077945232, 15.9621009827, 10.2895803452, 5.91336536407, -1.2298977375, -1.54794073105, -4.283203125],
        "cov": [[5767.96875, 2182.72216797, -1635.28234863, 429.98348999, 196.330505371, -459.771942139, 60.8817825317, 5.89161157608, -193.607803345, 158.698379517, 12.3605194092, -33.3375320435, -28.232875824], [2182.72216797, 1631.89697266, -4.13380432129, 197.021560669, 38.4889411926, -231.815933228, -27.8987407684, 38.6549797058, -1.10890090466, 44.0531272888, 28.0524940491, -89.9320526123, -118.431098938], [-1635.28234863, -4.13380432129, 1487.59106445, 44.2263565063, -135.656082153, 131.930938721, -158.786819458, 19.7792816162, 80.8213577271, -121.085678101, -11.1063194275, -53.5704345703, -97.1804046631], [429.98348999, 197.021560669, 44.2263565063, 426.640838623, 185.062255859, -81.3119812012, -1.49279356003, -60.825138092, -128.08052063, -106.632461548, -95.6554412842, -28.1381530762, 38.1139831543], [196.330505371, 38.4889411926, -135.656082153, 185.062255859, 298.647613525, 93.0947265625, 12.2215690613, -81.1961212158, -133.363601685, -108.129669189, -75.7965927124, 1.03000843525, 57.438621521], [-459.771942139, -231.815933228, 131.930938721, -81.3119812012, 93.0947265625, 305.035675049, 90.8284835815, -6.51699447632, -21.7034244537, -51.3586959839, -28.23254776, -12.912446022, 9.23465156555], [60.8817825317, -27.8987407684, -158.786819458, -1.49279356003, 12.2215690613, 90.8284835815, 272.877105713, 147.11517334, 16.3003292084, -5.18405151367, -62.5269088745, -90.6339035034, -37.4936637878], [5.89161157608, 38.6549797058, 19.7792816162, -60.825138092, -81.1961212158, -6.51699447632, 147.11517334, 261.942260742, 161.33883667, 41.3107910156, -22.2259483337, -102.56627655, -112.466239929], [-193.607803345, -1.10890090466, 80.8213577271, -128.08052063, -133.363601685, -21.7034244537, 16.3003292084, 161.33883667, 279.967895508, 185.039199829, 68.3417282104, -45.2771072388, -101.950492859], [158.698379517, 44.0531272888, -121.085678101, -106.632461548, -108.129669189, -51.3586959839, -5.18405151367, 41.3107910156, 185.039199829, 304.873657227, 168.291015625, 2.68405985832, -58.2620201111], [12.3605194092, 28.0524940491, -11.1063194275, -95.6554412842, -75.7965927124, -28.23254776, -62.5269088745, -22.2259483337, 68.3417282104, 168.291015625, 223.397949219, 106.193946838, -23.3260135651], [-33.3375320435, -89.9320526123, -53.5704345703, -28.1381530762, 1.03000843525, -12.912446022, -90.6339035034, -102.56627655, -45.2771072388, 2.68405985832, 106.193946838, 226.104278564, 141.76852417], [-28.232875824, -118.431098938, -97.1804046631, 38.1139831543, 57.438621521, 9.23465156555, -37.4936637878, -112.466239929, -101.950492859, -58.2620201111, -23.3260135651, 141.76852417, 241.011001587]],
        "icov": [[0.00196473486722, -0.0026482862886, 0.00277514965273, -0.00258160987869, 0.00275837001391, -0.00291993469, 0.00333968503401, -0.00328676588833, 0.00330327404663, -0.00243958691135, 0.00209291395731, -0.00157307786867, 0.00083182140952], [-0.0026482862886, 0.0043500517495, -0.00385660445318, 0.00342410104349, -0.004180313088, 0.00472851516679, -0.00467099808156, 0.00438403198496, -0.00431552808732, 0.00323453475721, -0.00317670661025, 0.00241564773023, -0.000906988920178], [0.00277514965273, -0.00385660445318, 0.00540106697008, -0.00509197823703, 0.00590326404199, -0.006210769061, 0.00644782371819, -0.00491299107671, 0.00365553167649, -0.00172010844108, 0.00180693215225, -0.00120988371782, 0.000971681962255], [-0.00258160987869, 0.00342410104349, -0.00509197823703, 0.00937922298908, -0.00856608431786, 0.00830470584333, -0.00690777553245, 0.00538782542571, -0.00335127557628, 0.00213624630123, -0.00123301555868, 0.00161894026678, -0.000966266554315], [0.00275837001391, -0.004180313088, 0.00590326404199, -0.00856608431786, 0.0136976623908, -0.0103294691071, 0.0079434774816, -0.00536646740511, 0.00543488143012, -0.00221972237341, 0.00288916821592, -0.00160173489712, 0.000850983604323], [-0.00291993469, 0.00472851516679, -0.006210769061, 0.00830470584333, -0.0103294691071, 0.0140767311677, -0.0110570117831, 0.00867985654622, -0.00667874282226, 0.00454239500687, -0.00382564705797, 0.00249324250035, -0.00114740873687], [0.00333968503401, -0.00467099808156, 0.00644782371819, -0.00690777553245, 0.0079434774816, -0.0110570117831, 0.0173078812659, -0.0145727554336, 0.0109867267311, -0.00719474954531, 0.005368698854, -0.00165938772261, 0.000614998280071], [-0.00328676588833, 0.00438403198496, -0.00491299107671, 0.00538782542571, -0.00536646740511, 0.00867985654622, -0.0145727554336, 0.0215046945959, -0.0169714745134, 0.0113480398431, -0.00685317441821, 0.00520457793027, -0.000510047248099], [0.00330327404663, -0.00431552808732, 0.00365553167649, -0.00335127557628, 0.00543488143012, -0.00667874282226, 0.0109867267311, -0.0169714745134, 0.0232648123056, -0.0169250424951, 0.0111704869196, -0.00756490183994, 0.00430130911991], [-0.00243958691135, 0.00323453475721, -0.00172010844108, 0.00213624630123, -0.00221972237341, 0.00454239500687, -0.00719474954531, 0.0113480398431, -0.0169250424951, 0.0209294315428, -0.0168862137944, 0.0109973279759, -0.00539980782196], [0.00209291395731, -0.00317670661025, 0.00180693215225, -0.00123301555868, 0.00288916821592, -0.00382564705797, 0.005368698854, -0.00685317441821, 0.0111704869196, -0.0168862137944, 0.0236916057765, -0.0163696669042, 0.0092681562528], [-0.00157307786867, 0.00241564773023, -0.00120988371782, 0.00161894026678, -0.00160173489712, 0.00249324250035, -0.00165938772261, 0.00520457793027, -0.00756490183994, 0.0109973279759, -0.0163696669042, 0.0199388153851, -0.0111387465149], [0.00083182140952, -0.000906988920178, 0.000971681962255, -0.000966266554315, 0.000850983604323, -0.00114740873687, 0.000614998280071, -0.000510047248099, 0.00430130911991, -0.00539980782196, 0.0092681562528, -0.0111387465149, 0.012007615529]]
    },
    "spectral_contrast_coeffs": {
        "mean": [-0.669516146183, -0.715740382671, -0.696321308613, -0.798207104206, -0.783143281937, -0.831603109837],
        "var": [0.0119930291548, 0.0130414981395, 0.0159458033741, 0.00338493380696, 0.00179155135993, 0.00145376322325]
    },
    "spectral_contrast_valleys": {
        "mean": [-8.52284812927, -8.00886249542, -8.78399372101, -9.76157188416, -10.4439430237, -13.8839359283],
        "var": [1.39925205708, 1.2284321785, 1.18860733509, 1.38820040226, 1.7110337019, 0.826988041401]
    }
},
"metadata": {
    "audio_properties": {
        "analysis_sample_rate": 44100,
        "bit_rate": 128074,
        "equal_loudness": 0,
        "length": 45.0612258911,
        "lossless": 0,
        "replay_gain": -6.31425476074,
        "sample_rate": 44100,
        "codec": "mp3",
        "downmix": "mix",
        "md5_encoded": "ca1fedad811474b9d07a499a662bf8f1"
    },
    "tags": {
        "file_name": "1790.mp3"
    },
    "version": {
        "essentia": "2.1-beta2",
        "essentia_git_sha": "v2.1_beta2",
        "extractor": "music 1.0"
    }
},
"rhythm": {
    "beats_count": 85,
    "beats_loudness": {
        "mean": 0.0231375191361,
        "var": 0.00104077556171
    },
    "bpm": 106.413734436,
    "bpm_histogram_first_peak_bpm": {
        "mean": 105,
        "var": 0
    },
    "bpm_histogram_first_peak_spread": {
        "mean": 0.625,
        "var": 0
    },
    "bpm_histogram_first_peak_weight": {
        "mean": 0.142857149243,
        "var": 0
    },
    "bpm_histogram_second_peak_bpm": {
        "mean": 117,
        "var": 0
    },
    "bpm_histogram_second_peak_spread": {
        "mean": 0.526315808296,
        "var": 0
    },
    "bpm_histogram_second_peak_weight": {
        "mean": 0.107142858207,
        "var": 0
    },
    "danceability": 0.952671945095,
    "onset_rate": 3.50476026535,
    "beats_loudness_band_ratio": {
        "mean": [0.304856657982, 0.164103716612, 0.433879584074, 0.102129004896, 0.0287249814719, 0.0020129266195],
        "var": [0.0798187255859, 0.0533792898059, 0.127478212118, 0.0294941682369, 0.00429714331403, 3.979975736e-005]
    },
    "beats_position": [0.49922901392, 0.99845802784, 1.49768710136, 1.98530614376, 2.48453521729, 2.99537420273, 3.50621318817, 4.01705217361, 4.46984100342, 4.92263031006, 5.38702917099, 5.85142850876, 6.32743740082, 6.80344676971, 7.26784563065, 7.70902490616, 8.15020370483, 8.59138298035, 9.02095222473, 9.45052146912, 9.8800907135, 10.3096599579, 10.8204984665, 11.3313379288, 11.8537864685, 12.387845993, 12.9219045639, 13.4559631348, 13.9784126282, 14.512471199, 15.0697498322, 15.6270294189, 16.1959171295, 16.7648067474, 17.3336963654, 17.8793640137, 18.4134235382, 18.9590930939, 19.5163707733, 20.0736503601, 20.6193199158, 21.1765975952, 21.733877182, 22.2795467377, 22.7903842926, 23.3012237549, 23.8236732483, 24.3577327728, 24.8453502655, 25.3445796967, 25.8438091278, 26.3546485901, 26.865486145, 27.3647155762, 27.8639450073, 28.3515644073, 28.8391838074, 29.3151912689, 29.8608608246, 30.4065303802, 30.9521980286, 31.4862575531, 32.0435371399, 32.6008148193, 33.1580963135, 33.7153739929, 34.2958717346, 34.8763694763, 35.4684791565, 36.0605888367, 36.6410865784, 37.2099761963, 37.7788658142, 38.3593635559, 38.91664505, 39.4855308533, 40.0544204712, 40.6349182129, 41.2038078308, 41.7843093872, 42.3531951904, 42.9220848083, 43.4909744263, 44.0482521057, 44.6171417236]
},
"tonal": {
    "chords_changes_rate": 0.0781892985106,
    "chords_number_rate": 0.0216049384326,
    "chords_strength": {
        "mean": 0.417269945145,
        "var": 0.00744812609628
    },
    "hpcp_entropy": {
        "mean": 1.74748563766,
        "var": 0.412585586309
    },
    "key_strength": 0.349584639072,
    "tuning_diatonic_strength": 0.227334365249,
    "tuning_equal_tempered_deviation": 0.0206722412258,
    "tuning_frequency": 439.745910645,
    "tuning_nontempered_energy_ratio": 0.712098896503,
    "hpcp": {
        "mean": [0.0702444761992, 0.0656609982252, 0.0770448371768, 0.109641417861, 0.0820325389504, 0.0631601065397, 0.0783070474863, 0.0584785789251, 0.093096844852, 0.138789370656, 0.0867938324809, 0.0836063921452, 0.128345772624, 0.098024815321, 0.0974299311638, 0.126510873437, 0.106360651553, 0.136249125004, 0.19576831162, 0.171968057752, 0.15836507082, 0.17506955564, 0.136849820614, 0.137468412519, 0.152268126607, 0.0969637334347, 0.158174321055, 0.283802002668, 0.193497896194, 0.0974112451077, 0.108365438879, 0.06378351897, 0.057706438005, 0.0904914215207, 0.0705809742212, 0.0541526600718],
        "var": [0.0357009321451, 0.0295458249748, 0.0288012884557, 0.0643799081445, 0.0320372059941, 0.0232155062258, 0.0398790985346, 0.0186407584697, 0.0345184057951, 0.0799465700984, 0.0296426862478, 0.0298591610044, 0.0674387142062, 0.0323398970068, 0.0377283133566, 0.0685160309076, 0.0474631115794, 0.0518033094704, 0.0998883396387, 0.065580971539, 0.0702421292663, 0.0927291885018, 0.058114323765, 0.0585882626474, 0.0781429037452, 0.0337382815778, 0.046347796917, 0.151198536158, 0.0707877874374, 0.0357338562608, 0.0587959699333, 0.0180611666292, 0.0169905386865, 0.0453486554325, 0.0267976839095, 0.0204488262534]
    },
    "chords_histogram": [20.0617275238, 9.36213970184, 2.26337456703, 3.49794244766, 1.54320991039, 1.13168728352, 8.23045253754, 6.68724298477, 2.05761313438, 5.86419773102, 1.13168728352, 2.98353910446, 0, 0.411522626877, 8.53909492493, 1.85185182095, 0.720164597034, 3.18930029869, 2.36625504494, 2.77777767181, 5.55555534363, 6.89300394058, 1.54320991039, 1.33744859695],
    "thpcp": [1, 0.681805968285, 0.343236625195, 0.381834656, 0.224746540189, 0.203333437443, 0.318854063749, 0.248697936535, 0.190811410546, 0.24751226604, 0.231362000108, 0.271473914385, 0.386330664158, 0.289048492908, 0.222549900413, 0.275921404362, 0.206054151058, 0.328034490347, 0.489035904408, 0.305825293064, 0.294594079256, 0.452237010002, 0.34539860487, 0.343302488327, 0.445771604776, 0.374770611525, 0.480085134506, 0.689805984497, 0.605943799019, 0.558012545109, 0.616872191429, 0.482201755047, 0.484381407499, 0.536529421806, 0.341659784317, 0.55734038353],
    "chords_key": "B",
    "chords_scale": "major",
    "key_key": "B",
    "key_scale": "major"
}
}