{
"lowlevel": {
    "average_loudness": 0.946090042591,
    "barkbands_crest": {
        "mean": 12.1610584259,
        "var": 15.2897138596
    },
    "barkbands_flatness_db": {
        "mean": 0.260559380054,
        "var": 0.00427877437323
    },
    "barkbands_kurtosis": {
        "mean": 15.3096027374,
        "var": 347.70022583
    },
    "barkbands_skewness": {
        "mean": 2.72453546524,
        "var": 3.89659690857
    },
    "barkbands_spread": {
        "mean": 16.9051570892,
        "var": 253.243331909
    },
    "dissonance": {
        "mean": 0.456172972918,
        "var": 0.000942901300732
    },
    "dynamic_complexity": 2.86873698235,
    "erbbands_crest": {
        "mean": 9.82356548309,
        "var": 16.6177253723
    },
    "erbbands_flatness_db": {
        "mean": 0.221428409219,
        "var": 0.00181488250382
    },
    "erbbands_kurtosis": {
        "mean": 1.98546409607,
        "var": 35.0287513733
    },
    "erbbands_skewness": {
        "mean": 0.0701054558158,
        "var": 2.18597817421
    },
    "erbbands_spread": {
        "mean": 44.3523902893,
        "var": 470.037780762
    },
    "hfc": {
        "mean": 10.5409765244,
        "var": 409.606292725
    },
    "melbands_crest": {
        "mean": 17.3295841217,
        "var": 27.6719818115
    },
    "melbands_flatness_db": {
        "mean": 0.329036146402,
        "var": 0.0086185997352
    },
    "melbands_kurtosis": {
        "mean": 40.6607322693,
        "var": 1568.76550293
    },
    "melbands_skewness": {
        "mean": 4.49596118927,
        "var": 5.84881639481
    },
    "melbands_spread": {
        "mean": 19.5705165863,
        "var": 770.417480469
    },
    "pitch_salience": {
        "mean": 0.460439473391,
        "var": 0.0109036434442
    },
    "silence_rate_20dB": {
        "mean": 1,
        "var": 0
    },
    "silence_rate_30dB": {
        "mean": 0.999485075474,
        "var": 0.000514662766363
    },
    "silence_rate_60dB": {
        "mean": 0.0345005132258,
        "var": 0.033310148865
    },
    "spectral_centroid": {
        "mean": 1233.86303711,
        "var": 854593
    },
    "spectral_complexity": {
        "mean": 8.46343994141,
        "var": 19.9005908966
    },
    "spectral_decrease": {
        "mean": -4.37272262843e-009,
        "var": 1.37662615274e-017
    },
    "spectral_energy": {
        "mean": 0.0174597296864,
        "var": 0.000216303596972
    },
    "spectral_energyband_high": {
        "mean": 0.00046789002954,
        "var": 2.48686615123e-006
    },
    "spectral_energyband_low": {
        "mean": 0.0113765690476,
        "var": 0.000149159663124
    },
    "spectral_energyband_middle_high": {
        "mean": 0.0025832366664,
        "var": 2.67209543381e-005
    },
    "spectral_energyband_middle_low": {
        "mean": 0.00355507363565,
        "var": 1.1591870134e-005
    },
    "spectral_entropy": {
        "mean": 6.50763368607,
        "var": 0.306277036667
    },
    "spectral_flux": {
        "mean": 0.0428932867944,
        "var": 0.000838049512822
    },
    "spectral_kurtosis": {
        "mean": 6.56691503525,
        "var": 75.1196899414
    },
    "spectral_rms": {
        "mean": 0.00384025578387,
        "var": 2.28637122746e-006
    },
    "spectral_rolloff": {
        "mean": 939.334899902,
        "var": 1657344.625
    },
    "spectral_skewness": {
        "mean": 1.36954474449,
        "var": 0.931876480579
    },
    "spectral_spread": {
        "mean": 3010589,
        "var": 1.71846139904e+012
    },
    "spectral_strongpeak": {
        "mean": 1.19360852242,
        "var": 8.05303668976
    },
    "zerocrossingrate": {
        "mean": 0.0362283550203,
        "var": 0.00101604091469
    },
    "barkbands": {
        "mean": [0.000356279808329, 0.00411897618324, 0.00638796528801, 0.000882215215825, 0.00190841220319, 0.000326520588715, 0.000245580333285, 9.10967792151e-005, 8.83769680513e-005, 7.75979715399e-005, 0.000162756172358, 4.61600720882e-005, 0.000120911259728, 7.83013674663e-005, 0.000312261021463, 0.000128512299852, 0.00066207558848, 0.000426116399467, 0.000498547917232, 0.000110933877295, 0.000359106838005, 6.03480257269e-005, 7.29908833819e-006, 2.5315118819e-006, 7.97394250185e-007, 7.78170132776e-008, 9.24606613495e-010],
        "var": [7.94808499904e-007, 2.38339416683e-005, 7.32350890758e-005, 9.56961002885e-007, 7.12899509381e-006, 1.90648108855e-007, 3.83382030122e-007, 1.09175246621e-007, 4.1907899373e-008, 3.53821008048e-008, 2.43006269329e-007, 1.18517631265e-008, 2.06946751291e-007, 4.81708504196e-008, 4.57269322851e-007, 2.21154635938e-007, 4.38428787675e-006, 1.63927768426e-006, 3.36403559231e-006, 9.71387876803e-008, 2.02374076252e-006, 2.61059707185e-008, 5.07232089664e-010, 5.82478787425e-011, 1.17097095909e-011, 1.97470024273e-013, 1.05312301164e-016]
    },
    "erbbands": {
        "mean": [0.125785604119, 1.00972735882, 6.13674783707, 5.54322481155, 5.79388570786, 5.99971342087, 2.51349711418, 2.65086770058, 4.30792331696, 2.26421642303, 1.84361350536, 1.98787581921, 1.52683293819, 4.54716062546, 6.10968446732, 2.81343221664, 5.77503061295, 4.61260175705, 15.8552036285, 7.59450912476, 9.36419010162, 27.0224952698, 32.2412757874, 16.2756614685, 30.2490329742, 9.00150489807, 18.3461608887, 5.85228061676, 1.89813017845, 0.769894480705, 0.223055228591, 0.0657140687108, 0.0435980781913, 0.0136533109471, 0.00339419092052, 0.000833069847431, 9.23003026401e-005, 6.46355283607e-006, 9.83436711977e-006, 2.05572650884e-005],
        "var": [0.0242632795125, 1.3435908556, 72.4436950684, 28.5741519928, 54.2663803101, 120.081893921, 11.7344923019, 10.770075798, 88.0438766479, 29.9737052917, 34.5557327271, 23.6619911194, 7.89819478989, 154.06703186, 444.009613037, 41.6055374146, 485.040130615, 113.889450073, 1468.61901855, 361.63381958, 923.222473145, 6585.66113281, 8424.81152344, 2616.08862305, 15368.1162109, 663.169372559, 6258.39990234, 340.249786377, 21.7831935883, 5.45276498795, 0.42818441987, 0.0353323817253, 0.0244234036654, 0.0025372414384, 0.000386422587326, 2.13251496461e-005, 2.45003263899e-007, 1.02414188241e-009, 8.85441928111e-011, 3.14139547708e-010]
    },
    "gfcc": {
        "mean": [-116.649429321, 156.226119995, -130.773483276, 85.0384902954, -25.6299476624, -3.66096782684, -15.6002149582, -14.5610380173, -13.0382909775, -13.2264518738, -0.0558827742934, -12.4923944473, 0.323300123215],
        "cov": [[5274.50439453, -1460.28466797, -1592.56262207, 820.007507324, -449.552703857, 170.880661011, 25.5959072113, 209.607452393, 38.4644088745, -14.7281808853, -97.3417053223, -24.4508552551, 145.675445557], [-1460.28466797, 1189.14550781, 583.659667969, -439.346893311, 215.847640991, -120.91519165, 189.466033936, -131.813247681, 61.0763931274, -57.5081863403, 178.683731079, -17.6236076355, -111.486129761], [-1592.56262207, 583.659667969, 1074.32324219, -263.047027588, 117.565032959, 35.8974914551, -81.5051116943, -75.0413208008, -77.1460647583, -9.90623950958, 83.4975280762, 14.4459733963, -110.055809021], [820.007507324, -439.346893311, -263.047027588, 378.684204102, 8.45682048798, -12.9329690933, -32.3253173828, 32.4516334534, 17.3081588745, -12.4037227631, -48.872718811, 21.0766563416, 69.0757598877], [-449.552703857, 215.847640991, 117.565032959, 8.45682048798, 304.645874023, -90.1468963623, 34.4928207397, 9.48092269897, 18.9142150879, -42.0238609314, 10.2322874069, 0.133255556226, -23.2502326965], [170.880661011, -120.91519165, 35.8974914551, -12.9329690933, -90.1468963623, 182.759429932, -14.1349964142, 12.9337339401, -19.3580760956, 16.5321960449, 22.6711730957, 4.22892856598, 10.8383674622], [25.5959072113, 189.466033936, -81.5051116943, -32.3253173828, 34.4928207397, -14.1349964142, 204.987121582, -4.45715332031, 39.497467041, -30.9044647217, 37.4220123291, 5.01601648331, 8.54908180237], [209.607452393, -131.813247681, -75.0413208008, 32.4516334534, 9.48092269897, 12.9337339401, -4.45715332031, 145.747085571, 9.58580970764, -17.4699440002, -3.70582008362, 2.50614547729, 2.48858880997], [38.4644088745, 61.0763931274, -77.1460647583, 17.3081588745, 18.9142150879, -19.3580760956, 39.497467041, 9.58580970764, 99.4331970215, 21.3392791748, 18.0172195435, -11.4266452789, -12.1342144012], [-14.7281808853, -57.5081863403, -9.90623950958, -12.4037227631, -42.0238609314, 16.5321960449, -30.9044647217, -17.4699440002, 21.3392791748, 129.519515991, -7.25503444672, -6.36013936996, 2.45756053925], [-97.3417053223, 178.683731079, 83.4975280762, -48.872718811, 10.2322874069, 22.6711730957, 37.4220123291, -3.70582008362, 18.0172195435, -7.25503444672, 152.284713745, 13.4342336655, -65.7766799927], [-24.4508552551, -17.6236076355, 14.4459733963, 21.0766563416, 0.133255556226, 4.22892856598, 5.01601648331, 2.50614547729, -11.4266452789, -6.36013936996, 13.4342336655, 76.5676116943, 31.5183410645], [145.675445557, -111.486129761, -110.055809021, 69.0757598877, -23.2502326965, 10.8383674622, 8.54908180237, 2.48858880997, -12.1342144012, 2.45756053925, -65.7766799927, 31.5183410645, 142.848831177]],
        "icov": [[0.000640434969682, -0.000515829655342, 0.000860905158333, -0.00151123409159, 0.000791810511146, -0.000759007001761, 4.76644891023e-005, -0.000662553473376, 0.00082079146523, -8.34770107758e-005, 0.000269604934147, 0.000183360069059, 0.000688354193699], [-0.000515829655342, 0.00716311344877, -0.00308087631129, 0.00706742797047, -0.00268298224546, 0.00447102449834, -0.00328679266386, 0.00430807145312, -0.00539553444833, 0.00266821775585, -0.0053422213532, 0.00182713358663, -0.00369617994875], [0.000860905158333, -0.00308087631129, 0.00353317847475, -0.00317871524021, 0.000921045488212, -0.0029443341773, 0.00201088888571, -0.00155885808636, 0.00352260284126, -0.000942809507251, 0.00184127164539, -0.00111906637903, 0.00266708899289], [-0.00151123409159, 0.00706742797047, -0.00317871524021, 0.0123729314655, -0.00424937903881, 0.00494407815859, -0.00160090753343, 0.00474850134924, -0.00683210743591, 0.00312736001797, -0.0048855310306, 0.000336558383424, -0.00538682099432], [0.000791810511146, -0.00268298224546, 0.000921045488212, -0.00424937903881, 0.00618155580014, 8.08639597381e-005, 0.00025164152612, -0.00263041374274, 0.00164939987008, 5.06312135258e-005, 0.00190061633475, -0.000201230388484, 0.00195256876759], [-0.000759007001761, 0.00447102449834, -0.0029443341773, 0.00494407815859, 8.08639597381e-005, 0.0103086046875, -0.0020156276878, 0.00172154780012, -0.00253670569509, 0.000903650419787, -0.00508272647858, 0.00173388875555, -0.0040280893445], [4.76644891023e-005, -0.00328679266386, 0.00201088888571, -0.00160090753343, 0.00025164152612, -0.0020156276878, 0.00832407921553, -0.00109384511597, -0.000209184683627, 0.00073894392699, 0.00060643220786, -0.00112226512283, -7.923731755e-005], [-0.000662553473376, 0.00430807145312, -0.00155885808636, 0.00474850134924, -0.00263041374274, 0.00172154780012, -0.00109384511597, 0.0104289278388, -0.0044652512297, 0.00287174317054, -0.00285309576429, 0.000277283543255, -0.00193788541947], [0.00082079146523, -0.00539553444833, 0.00352260284126, -0.00683210743591, 0.00164939987008, -0.00253670569509, -0.000209184683627, -0.0044652512297, 0.0180038195103, -0.00536209810525, 0.00221854890697, 0.000738495669793, 0.00400111917406], [-8.34770107758e-005, 0.00266821775585, -0.000942809507251, 0.00312736001797, 5.06312135258e-005, 0.000903650419787, 0.00073894392699, 0.00287174317054, -0.00536209810525, 0.0104539068416, -0.00162184669171, 0.000799234316219, -0.00178414897528], [0.000269604934147, -0.0053422213532, 0.00184127164539, -0.0048855310306, 0.00190061633475, -0.00508272647858, 0.00060643220786, -0.00285309576429, 0.00221854890697, -0.00162184669171, 0.0145144304261, -0.00552597269416, 0.00816413108259], [0.000183360069059, 0.00182713358663, -0.00111906637903, 0.000336558383424, -0.000201230388484, 0.00173388875555, -0.00112226512283, 0.000277283543255, 0.000738495669793, 0.000799234316219, -0.00552597269416, 0.0173280760646, -0.00620670896024], [0.000688354193699, -0.00369617994875, 0.00266708899289, -0.00538682099432, 0.00195256876759, -0.0040280893445, -7.923731755e-005, -0.00193788541947, 0.00400111917406, -0.00178414897528, 0.00816413108259, -0.00620670896024, 0.0142346536741]]
    },
    "melbands": {
        "mean": [0.0011514070211, 0.00256799906492, 0.000997062539682, 0.00047135425848, 0.000112436398922, 6.12727235421e-005, 6.31580551271e-005, 2.2994219762e-005, 1.54291974468e-005, 1.19411788546e-005, 7.16005661161e-006, 1.73873268068e-005, 2.07700395549e-005, 8.81424784893e-006, 1.17656290968e-005, 9.084085832e-006, 8.05366016721e-006, 2.28955323109e-005, 1.62636824825e-005, 7.90962258179e-006, 1.02344965853e-005, 1.46487336679e-005, 6.41196020297e-005, 1.45027088365e-005, 1.08439217001e-005, 2.3397797122e-005, 1.05639865069e-005, 3.82356893169e-006, 1.55365651153e-005, 4.48450600743e-006, 2.89761578642e-006, 1.21317361845e-006, 6.00928615313e-007, 3.00211098647e-007, 1.4253232905e-007, 6.32326546679e-008, 2.59143622117e-008, 3.12509982336e-008, 2.24296350382e-008, 8.19062506707e-009],
        "var": [1.8615622821e-006, 1.06685083665e-005, 7.89885575614e-007, 5.39878442396e-007, 2.06185752916e-008, 5.63644020346e-009, 2.06186641094e-008, 4.18528545154e-009, 2.16190709779e-009, 7.8942458126e-010, 2.03431091417e-010, 2.36940045362e-009, 3.73714348356e-009, 7.88905940574e-010, 2.03659022979e-009, 1.14820497554e-009, 5.33690813764e-010, 3.16699377834e-009, 1.07552866613e-009, 6.02411065476e-010, 1.24517074429e-009, 1.76096759397e-009, 5.02724653018e-008, 3.68947250529e-009, 2.17913442846e-009, 8.60429505423e-009, 1.46975220883e-009, 1.57387020083e-010, 4.96591123778e-009, 2.64381294635e-010, 6.70776420519e-011, 9.67293953269e-012, 2.77922628487e-012, 9.22022115775e-013, 2.17309040229e-013, 4.11874683393e-014, 7.05196390852e-015, 1.40766211689e-014, 6.00512647692e-015, 1.36271264065e-015]
    },
    "mfcc": {
        "mean": [-749.393005371, 150.175888062, -11.0254802704, 78.6471786499, 18.0562858582, 23.1636219025, 9.74473381042, 2.70580768585, -1.36479246616, -4.52482366562, 0.952671408653, -1.53138411045, -5.1093583107],
        "cov": [[5301.6875, -1697.20849609, -1234.97521973, 468.941101074, -659.990112305, 191.588485718, -198.221496582, 139.470718384, 161.588287354, 102.744537354, -71.3836212158, -60.9979858398, -108.710533142], [-1697.20849609, 1303.54077148, 355.612579346, -197.524398804, 191.103668213, -114.550056458, 164.464309692, 13.2403821945, -137.859054565, -45.7868232727, 136.192184448, 149.953460693, 39.2547264099], [-1234.97521973, 355.612579346, 739.100646973, -165.51499939, 200.41178894, -16.5081710815, 53.6039619446, -22.9571990967, -125.753204346, -7.76340723038, -23.2490367889, 10.0825681686, 54.9931106567], [468.941101074, -197.524398804, -165.51499939, 272.117553711, -22.0789031982, 34.8191757202, -28.7972736359, 28.2750034332, 60.270904541, -8.75629520416, -9.52721881866, -54.6908569336, -11.480006218], [-659.990112305, 191.103668213, 200.41178894, -22.0789031982, 270.178192139, -34.8800964355, 28.3193531036, 7.52426624298, -63.471786499, 11.5793962479, 16.2395114899, -14.7192716599, 24.1346855164], [191.588485718, -114.550056458, -16.5081710815, 34.8191757202, -34.8800964355, 139.535507202, -10.093539238, -24.845079422, 35.8043708801, -21.4966659546, -21.5400524139, -12.4787826538, -2.00923585892], [-198.221496582, 164.464309692, 53.6039619446, -28.7972736359, 28.3193531036, -10.093539238, 130.840164185, 44.4159393311, -38.2859306335, -3.2736158371, 12.3288297653, 31.403963089, -6.79518556595], [139.470718384, 13.2403821945, -22.9571990967, 28.2750034332, 7.52426624298, -24.845079422, 44.4159393311, 165.300170898, -28.0875148773, 9.06600093842, 4.74070262909, -21.9781475067, -8.54333782196], [161.588287354, -137.859054565, -125.753204346, 60.270904541, -63.471786499, 35.8043708801, -38.2859306335, -28.0875148773, 207.189208984, -8.00858783722, -47.3382072449, -53.1551208496, -43.8913574219], [102.744537354, -45.7868232727, -7.76340723038, -8.75629520416, 11.5793962479, -21.4966659546, -3.2736158371, 9.06600093842, -8.00858783722, 99.6492156982, 23.4332408905, -1.29305684566, -9.71384334564], [-71.3836212158, 136.192184448, -23.2490367889, -9.52721881866, 16.2395114899, -21.5400524139, 12.3288297653, 4.74070262909, -47.3382072449, 23.4332408905, 131.730712891, 74.8233947754, 21.411567688], [-60.9979858398, 149.953460693, 10.0825681686, -54.6908569336, -14.7192716599, -12.4787826538, 31.403963089, -21.9781475067, -53.1551208496, -1.29305684566, 74.8233947754, 175.225738525, 59.8062286377], [-108.710533142, 39.2547264099, 54.9931106567, -11.480006218, 24.1346855164, -2.00923585892, -6.79518556595, -8.54333782196, -43.8913574219, -9.71384334564, 21.411567688, 59.8062286377, 123.051940918]],
        "icov": [[0.000671819609124, 0.000525253650267, 0.000589822826441, -0.000438387680333, 0.000820209097583, -0.000422378856456, 0.000264633097686, -0.000554288330022, 0.000580238352995, -0.000565721653402, 0.000267916650046, -0.000506673532072, 0.000291768985335], [0.000525253650267, 0.00186140974984, 3.25085602526e-005, 0.000140391188324, 0.00012894179963, 0.000499900255818, -0.00100387539715, -0.000327811110765, 0.000198112378712, 0.000739288225304, -0.00113892473746, -0.000797725690063, 0.000488392368425], [0.000589822826441, 3.25085602526e-005, 0.0028410195373, 0.000556389393751, -0.000474277854664, -0.000969184737187, 0.000109520238766, -0.000151042942889, 0.00134258554317, -0.000728238199372, 0.00141184637323, -5.03851833855e-006, -0.00045612352551], [-0.000438387680333, 0.000140391188324, 0.000556389393751, 0.00544829759747, -0.00126825890038, -0.000556588347536, -0.000104769773316, -0.000550902739633, -0.00119622773491, 0.00124657480046, -0.00126196432393, 0.00169475504663, -0.000909197609872], [0.000820209097583, 0.00012894179963, -0.000474277854664, -0.00126825890038, 0.00645303307101, 0.000234314036788, -0.000172587446286, -0.000312738644425, 0.00140938046388, -0.00145422574133, -0.000380084384233, 0.00114770687651, -0.000619720900431], [-0.000422378856456, 0.000499900255818, -0.000969184737187, -0.000556588347536, 0.000234314036788, 0.00907697714865, -0.00129782105796, 0.00168133690022, -0.00127462577075, 0.00224564620294, -0.000444577133749, 0.000367108325008, -0.000382530473871], [0.000264633097686, -0.00100387539715, 0.000109520238766, -0.000104769773316, -0.000172587446286, -0.00129782105796, 0.0113149965182, -0.00342528615147, 0.00118109525647, -0.000452480831882, 0.00182481226511, -0.00288350437768, 0.00236449297518], [-0.000554288330022, -0.000327811110765, -0.000151042942889, -0.000550902739633, -0.000312738644425, 0.00168133690022, -0.00342528615147, 0.00822256691754, 0.000690429820679, 8.67547496455e-005, -0.000716639275197, 0.00241633597761, -0.000695064780302], [0.000580238352995, 0.000198112378712, 0.00134258554317, -0.00119622773491, 0.00140938046388, -0.00127462577075, 0.00118109525647, 0.000690429820679, 0.00751980999485, -0.00070305383997, 0.00214192504063, 0.000274191144854, 0.00167448702268], [-0.000565721653402, 0.000739288225304, -0.000728238199372, 0.00124657480046, -0.00145422574133, 0.00224564620294, -0.000452480831882, 8.67547496455e-005, -0.00070305383997, 0.0125469863415, -0.00363880675286, 0.000830329256132, 0.000978361465968], [0.000267916650046, -0.00113892473746, 0.00141184637323, -0.00126196432393, -0.000380084384233, -0.000444577133749, 0.00182481226511, -0.000716639275197, 0.00214192504063, -0.00363880675286, 0.0130967935547, -0.00507343141362, 0.00063328439137], [-0.000506673532072, -0.000797725690063, -5.03851833855e-006, 0.00169475504663, 0.00114770687651, 0.000367108325008, -0.00288350437768, 0.00241633597761, 0.000274191144854, 0.000830329256132, -0.00507343141362, 0.0115890419111, -0.0048297662288], [0.000291768985335, 0.000488392368425, -0.00045612352551, -0.000909197609872, -0.000619720900431, -0.000382530473871, 0.00236449297518, -0.000695064780302, 0.00167448702268, 0.000978361465968, 0.00063328439137, -0.0048297662288, 0.0114569468424]]
    },
    "spectral_contrast_coeffs": {
        "mean": [-0.646086275578, -0.659539103508, -0.716132640839, -0.71643191576, -0.70183044672, -0.643225252628],
        "var": [0.00538839260116, 0.00408731447533, 0.00495437532663, 0.00471632741392, 0.00622518826276, 0.00618001446128]
    },
    "spectral_contrast_valleys": {
        "mean": [-7.14597272873, -8.61648178101, -9.40328025818, -9.4111623764, -9.09712028503, -13.3524169922],
        "var": [0.623935222626, 0.477573752403, 0.50064522028, 0.532549023628, 0.781217753887, 0.879503071308]
    }
},
"metadata": {
    "audio_properties": {
        "analysis_sample_rate": 44100,
        "bit_rate": 128074,
        "equal_loudness": 0,
        "length": 45.0612258911,
        "lossless": 0,
        "replay_gain": -5.77979278564,
        "sample_rate": 44100,
        "codec": "mp3",
        "downmix": "mix",
        "md5_encoded": "b1cf6b7817a3fea628e63b4ae3dd6efe"
    },
    "tags": {
        "file_name": "1791.mp3"
    },
    "version": {
        "essentia": "2.1-beta2",
        "essentia_git_sha": "v2.1_beta2",
        "extractor": "music 1.0"
    }
},
"rhythm": {
    "beats_count": 88,
    "beats_loudness": {
        "mean": 0.0235456526279,
        "var": 0.000315069250064
    },
    "bpm": 117.681434631,
    "bpm_histogram_first_peak_bpm": {
        "mean": 117,
        "var": 0
    },
    "bpm_histogram_first_peak_spread": {
        "mean": 0.514705896378,
        "var": 0
    },
    "bpm_histogram_first_peak_weight": {
        "mean": 0.379310339689,
        "var": 0
    },
    "bpm_histogram_second_peak_bpm": {
        "mean": 123,
        "var": 0
    },
    "bpm_histogram_second_peak_spread": {
        "mean": 0.0833333060145,
        "var": 0
    },
    "bpm_histogram_second_peak_weight": {
        "mean": 0.126436784863,
        "var": 0
    },
    "danceability": 1.17973649502,
    "onset_rate": 3.12766575813,
    "beats_loudness_band_ratio": {
        "mean": [0.72617316246, 0.134723454714, 0.0335472673178, 0.0262742955238, 0.081009760499, 0.0495607405901],
        "var": [0.0416729189456, 0.0123825138435, 0.0029412349686, 0.00169468589593, 0.0157884079963, 0.00911657046527]
    },
    "beats_position": [0.476009070873, 0.952018141747, 1.4164172411, 1.88081634045, 2.36843538284, 2.85605430603, 3.34367346764, 3.83129239082, 4.31891155243, 4.80653047562, 5.31736946106, 5.8282084465, 6.33904743195, 6.86149644852, 7.36072540283, 7.87156438828, 8.38240337372, 8.90485286713, 9.43891143799, 9.97297000885, 10.4954195023, 11.0294780731, 11.5635375977, 12.0743761063, 12.5852155685, 13.0960540771, 13.6068935394, 14.117732048, 14.6169614792, 15.1045799255, 15.6038093567, 16.0914287567, 16.5790481567, 17.0782756805, 17.5775051117, 18.0767345428, 18.5875740051, 19.0984115601, 19.5976409912, 20.0968704224, 20.6077098846, 21.1185474396, 21.640996933, 22.1518363953, 22.6626758575, 23.1735134125, 23.6843528748, 24.1719722748, 24.6595916748, 25.158821106, 25.6580486298, 26.1572780609, 26.6565074921, 27.1557369232, 27.6665763855, 28.1658039093, 28.6766433716, 29.1758728027, 29.6751022339, 30.1743297577, 30.6735591888, 31.17278862, 31.6952381134, 32.2176856995, 32.7285270691, 33.2509727478, 33.7734222412, 34.2842636108, 34.7951011658, 35.3059387207, 35.8167800903, 36.3276176453, 36.8268470764, 37.3376846313, 37.848526001, 38.3593635559, 38.8702049255, 39.3926506042, 39.9151000977, 40.4375495911, 40.9716110229, 41.4940567017, 42.0165061951, 42.5389556885, 43.0497932434, 43.560634613, 44.071472168, 44.5939216614]
},
"tonal": {
    "chords_changes_rate": 0.0576131679118,
    "chords_number_rate": 0.0154320988804,
    "chords_strength": {
        "mean": 0.462121933699,
        "var": 0.0115084992722
    },
    "hpcp_entropy": {
        "mean": 1.9840439558,
        "var": 0.401121616364
    },
    "key_strength": 0.427472800016,
    "tuning_diatonic_strength": 0.403744846582,
    "tuning_equal_tempered_deviation": 0.0449204519391,
    "tuning_frequency": 441.527557373,
    "tuning_nontempered_energy_ratio": 0.698073923588,
    "hpcp": {
        "mean": [0.368517637253, 0.224985897541, 0.147085905075, 0.204816713929, 0.158761039376, 0.142093479633, 0.211632326245, 0.171775475144, 0.116629645228, 0.116145953536, 0.0664221569896, 0.0683135315776, 0.108540117741, 0.0700091272593, 0.043517973274, 0.0875700414181, 0.0947295948863, 0.0464210622013, 0.0175611190498, 0.0132563663647, 0.0509216673672, 0.114845000207, 0.110215172172, 0.0813596770167, 0.0519919581711, 0.0217989683151, 0.0434503443539, 0.0561014413834, 0.0596787296236, 0.164448335767, 0.19466368854, 0.0719013810158, 0.0153679233044, 0.0220277346671, 0.0543726831675, 0.236189305782],
        "var": [0.178226485848, 0.0725196525455, 0.0620899833739, 0.135693967342, 0.0783109217882, 0.0613141395152, 0.112041816115, 0.0911382958293, 0.0462323576212, 0.0723450183868, 0.0235136095434, 0.0243658255786, 0.0663008242846, 0.0360896140337, 0.00998939573765, 0.0397541746497, 0.0466735437512, 0.0137278530747, 0.00474673276767, 0.00411856546998, 0.0133092803881, 0.05704170838, 0.0446714349091, 0.0364983826876, 0.0215941201895, 0.00745054055005, 0.01627712138, 0.0276006590575, 0.0164524018764, 0.0565649494529, 0.0804274082184, 0.0170300193131, 0.00364879285917, 0.00987096130848, 0.0193996597081, 0.1014778018]
    },
    "chords_histogram": [18.5185184479, 0, 1.44032919407, 0, 7.92181062698, 0, 0.823045253754, 0, 0, 0.823045253754, 0, 0, 4.21810722351, 3.39506173134, 2.57201647758, 4.11522626877, 5.45267486572, 14.7119340897, 4.42386817932, 11.3168725967, 6.58436203003, 1.64609050751, 4.11522626877, 7.92181062698],
    "thpcp": [1, 0.61051595211, 0.399128526449, 0.555785357952, 0.430809885263, 0.385581225157, 0.574280023575, 0.466125518084, 0.316483199596, 0.315170675516, 0.180241465569, 0.185373842716, 0.294531673193, 0.189974963665, 0.118089258671, 0.23762781918, 0.257055789232, 0.125966995955, 0.0476534031332, 0.0359721370041, 0.138179734349, 0.311640441418, 0.299077063799, 0.220775529742, 0.141084045172, 0.0591531209648, 0.11790573597, 0.152235433459, 0.16194267571, 0.446242779493, 0.528234362602, 0.1951097399, 0.0417020022869, 0.0597738958895, 0.147544324398, 0.640917241573],
    "chords_key": "A",
    "chords_scale": "major",
    "key_key": "A",
    "key_scale": "major"
}
}