{
"lowlevel": {
    "average_loudness": 0.97546851635,
    "barkbands_crest": {
        "mean": 14.6623153687,
        "var": 29.2039756775
    },
    "barkbands_flatness_db": {
        "mean": 0.157069981098,
        "var": 0.00468729902059
    },
    "barkbands_kurtosis": {
        "mean": 13.5023584366,
        "var": 841.256225586
    },
    "barkbands_skewness": {
        "mean": 2.64064002037,
        "var": 4.5145201683
    },
    "barkbands_spread": {
        "mean": 22.6501712799,
        "var": 331.480499268
    },
    "dissonance": {
        "mean": 0.459359586239,
        "var": 0.00101955572609
    },
    "dynamic_complexity": 2.56740307808,
    "erbbands_crest": {
        "mean": 10.7750205994,
        "var": 38.8513565063
    },
    "erbbands_flatness_db": {
        "mean": 0.124785192311,
        "var": 0.00222897599451
    },
    "erbbands_kurtosis": {
        "mean": 1.01062178612,
        "var": 16.3635692596
    },
    "erbbands_skewness": {
        "mean": 0.412541538477,
        "var": 0.814908266068
    },
    "erbbands_spread": {
        "mean": 50.8948745728,
        "var": 638.467102051
    },
    "hfc": {
        "mean": 23.6831588745,
        "var": 1078.69824219
    },
    "melbands_crest": {
        "mean": 19.6792221069,
        "var": 37.6328392029
    },
    "melbands_flatness_db": {
        "mean": 0.242511212826,
        "var": 0.00728557724506
    },
    "melbands_kurtosis": {
        "mean": 40.1540107727,
        "var": 5370.22705078
    },
    "melbands_skewness": {
        "mean": 4.30858755112,
        "var": 8.67499637604
    },
    "melbands_spread": {
        "mean": 17.3711051941,
        "var": 294.243560791
    },
    "pitch_salience": {
        "mean": 0.434067159891,
        "var": 0.0204226598144
    },
    "silence_rate_20dB": {
        "mean": 1,
        "var": 0
    },
    "silence_rate_30dB": {
        "mean": 0.963954687119,
        "var": 0.0347466394305
    },
    "silence_rate_60dB": {
        "mean": 0.023686921224,
        "var": 0.0231255870312
    },
    "spectral_centroid": {
        "mean": 1303.23876953,
        "var": 470119.0625
    },
    "spectral_complexity": {
        "mean": 14.8022661209,
        "var": 144.781906128
    },
    "spectral_decrease": {
        "mean": -9.84439108009e-009,
        "var": 7.42090528173e-017
    },
    "spectral_energy": {
        "mean": 0.0393031314015,
        "var": 0.00116413412616
    },
    "spectral_energyband_high": {
        "mean": 0.00163004698697,
        "var": 1.00519309854e-005
    },
    "spectral_energyband_low": {
        "mean": 0.0236078184098,
        "var": 0.000581632368267
    },
    "spectral_energyband_middle_high": {
        "mean": 0.00340181495994,
        "var": 2.48767537414e-005
    },
    "spectral_energyband_middle_low": {
        "mean": 0.0113919973373,
        "var": 0.000318237318425
    },
    "spectral_entropy": {
        "mean": 7.74251842499,
        "var": 0.240654617548
    },
    "spectral_flux": {
        "mean": 0.094081133604,
        "var": 0.00495732342824
    },
    "spectral_kurtosis": {
        "mean": 2.90943980217,
        "var": 4.45257711411
    },
    "spectral_rms": {
        "mean": 0.00577703583986,
        "var": 4.97041673952e-006
    },
    "spectral_rolloff": {
        "mean": 1181.14477539,
        "var": 2960017.25
    },
    "spectral_skewness": {
        "mean": 1.37159025669,
        "var": 0.155059576035
    },
    "spectral_spread": {
        "mean": 6055539,
        "var": 2.90896032563e+012
    },
    "spectral_strongpeak": {
        "mean": 0.648733735085,
        "var": 0.795598506927
    },
    "zerocrossingrate": {
        "mean": 0.0568621382117,
        "var": 0.00197690818459
    },
    "barkbands": {
        "mean": [0.00131039554253, 0.0185928028077, 0.0031463643536, 0.00168089894578, 0.00379622005858, 0.002170257736, 0.000921945320442, 0.00179355079308, 0.000617174780928, 0.00067263271194, 0.000410557404393, 0.000641614722554, 0.000216765954974, 0.000348692323314, 0.000310707167955, 0.00025454830029, 0.000245343864663, 0.00018700255896, 0.000232083766605, 0.000282126042293, 0.000305375491735, 0.000283460569335, 0.000301531836158, 0.00019210431492, 0.000195644097403, 0.000173282416654, 2.00934355234e-005],
        "var": [5.54128746444e-006, 0.000310672825435, 4.16438633692e-005, 2.57600440818e-005, 9.46488362388e-005, 1.57378817676e-005, 4.07442894357e-006, 1.40241954796e-005, 1.74011438503e-006, 2.38964366872e-006, 1.3258876379e-006, 1.2656855688e-005, 6.19535114765e-007, 1.19543278743e-006, 9.86794816527e-007, 5.74719081214e-007, 1.91607597344e-007, 1.6561678251e-007, 1.98033120569e-007, 3.26967978026e-007, 3.66925803519e-007, 4.10052251709e-007, 3.99024827402e-007, 1.36751523883e-007, 1.67772668647e-007, 1.76168455823e-007, 3.18813797584e-009]
    },
    "erbbands": {
        "mean": [0.590781152248, 3.86797809601, 4.61348581314, 4.74126052856, 7.66314506531, 11.2097482681, 22.039396286, 15.8925962448, 16.8691387177, 25.9434776306, 30.7080459595, 15.3344745636, 23.9487056732, 12.882144928, 23.5689868927, 20.4416713715, 12.213306427, 17.335773468, 14.3268957138, 16.8000965118, 13.0416707993, 13.2779474258, 10.667886734, 12.1072750092, 11.7289247513, 12.7417078018, 13.0154476166, 11.6822900772, 9.95735836029, 9.74465370178, 8.46673488617, 4.94909238815, 2.80372929573, 2.14867997169, 1.39025402069, 0.735469460487, 0.311008602381, 0.0753812491894, 0.0021039985586, 9.57383526838e-005],
        "var": [0.391992688179, 15.2389993668, 54.6298751831, 169.328887939, 678.030029297, 850.32824707, 1636.37597656, 1007.48986816, 1673.33276367, 3537.65380859, 5536.27294922, 1131.00817871, 3602.60229492, 1229.37841797, 6977.16064453, 8688.35839844, 1746.07568359, 3431.57104492, 1025.52233887, 1519.0994873, 728.066833496, 534.094482422, 467.842590332, 583.066772461, 504.992980957, 658.48059082, 680.727355957, 544.082275391, 499.419555664, 435.042449951, 334.361755371, 94.647102356, 29.375831604, 18.8928070068, 9.56460666656, 3.00704741478, 0.581250488758, 0.0387293472886, 3.45290354744e-005, 2.1578729914e-008]
    },
    "gfcc": {
        "mean": [9.27017974854, 71.2374343872, -84.47290802, 44.6140594482, -50.8907814026, 22.0075378418, -31.5937042236, 14.5370149612, -16.033657074, 13.3173847198, -16.3262329102, 6.96458005905, -9.8969039917],
        "cov": [[5045.47021484, -933.922424316, -34.2740707397, -97.6517715454, -387.346466064, -257.335235596, -357.62109375, 21.2489452362, -262.060058594, -1.73104691505, -193.527633667, 120.491340637, -109.960266113], [-933.922424316, 1272.73083496, -64.1586685181, -67.8476257324, 153.358398438, -30.038476944, 128.846633911, -3.35800027847, 194.814849854, -71.9953079224, 120.934288025, -72.1362075806, 117.446662903], [-34.2740707397, -64.1586685181, 493.068237305, 153.771331787, 67.5594940186, 28.9806880951, 20.0905761719, -6.43633413315, -15.3476982117, 24.2050800323, 2.71093916893, 34.4021949768, 0.716647386551], [-97.6517715454, -67.8476257324, 153.771331787, 312.31930542, 103.987586975, 46.7401390076, 2.69765543938, -32.1013336182, -19.3187427521, -5.29827880859, 11.0015029907, -10.6493186951, -1.78191101551], [-387.346466064, 153.358398438, 67.5594940186, 103.987586975, 239.49961853, 131.040283203, 86.0542984009, -18.3579921722, 19.9136486053, -3.08370018005, 45.0698204041, 0.382161319256, 28.6060810089], [-257.335235596, -30.038476944, 28.9806880951, 46.7401390076, 131.040283203, 217.358032227, 140.905853271, 0.87090587616, -36.4370040894, -3.78971481323, 25.7326622009, 10.0958309174, 1.40294992924], [-357.62109375, 128.846633911, 20.0905761719, 2.69765543938, 86.0542984009, 140.905853271, 223.576568604, 89.8548965454, 30.9924106598, -20.5615215302, 23.2359352112, -13.7499675751, 6.85963249207], [21.2489452362, -3.35800027847, -6.43633413315, -32.1013336182, -18.3579921722, 0.87090587616, 89.8548965454, 158.727890015, 92.9365768433, 19.3998527527, -21.4475498199, -11.6824550629, -3.33946204185], [-262.060058594, 194.814849854, -15.3476982117, -19.3187427521, 19.9136486053, -36.4370040894, 30.9924106598, 92.9365768433, 167.178619385, 57.1292877197, 17.3719978333, -30.1773719788, 22.2413349152], [-1.73104691505, -71.9953079224, 24.2050800323, -5.29827880859, -3.08370018005, -3.78971481323, -20.5615215302, 19.3998527527, 57.1292877197, 100.425415039, 37.6522979736, 4.08317470551, -14.2718639374], [-193.527633667, 120.934288025, 2.71093916893, 11.0015029907, 45.0698204041, 25.7326622009, 23.2359352112, -21.4475498199, 17.3719978333, 37.6522979736, 105.200439453, 43.6634635925, 17.1065406799], [120.491340637, -72.1362075806, 34.4021949768, -10.6493186951, 0.382161319256, 10.0958309174, -13.7499675751, -11.6824550629, -30.1773719788, 4.08317470551, 43.6634635925, 105.268707275, 52.3493652344], [-109.960266113, 117.446662903, 0.716647386551, -1.78191101551, 28.6060810089, 1.40294992924, 6.85963249207, -3.33946204185, 22.2413349152, -14.2718639374, 17.1065406799, 52.3493652344, 110.659713745]],
        "icov": [[0.000325590313878, -0.000178428308573, 0.000111047142127, -0.000118376658065, 5.56605409656e-005, 0.000148041683133, 0.000451200234238, -0.000785852374975, 0.00106750114355, -0.000744951074012, 0.000851054617669, -0.000789852871094, 0.000373787130229], [-0.000178428308573, 0.00342524051666, -0.00089299242245, 0.00172131729778, -0.000632088806015, 0.000669714878313, -0.000664031424094, 0.00229549827054, -0.00529970228672, 0.00727354595438, -0.00739014148712, 0.00597635330632, -0.00319531071], [0.000111047142127, -0.00089299242245, 0.00313828745857, -0.00190946960356, -0.000628771376796, 0.0014413241297, -0.00188922078814, 0.000625012209639, 0.00154374132399, -0.00412152055651, 0.00459707761183, -0.00450298283249, 0.00186500465497], [-0.000118376658065, 0.00172131729778, -0.00190946960356, 0.00555328698829, -0.00203904765658, -0.000475430220831, 0.0016868035309, -0.000140994961839, -0.00153523730114, 0.00465602939948, -0.00548399752006, 0.00554980477318, -0.00228702859022], [5.56605409656e-005, -0.000632088806015, -0.000628771376796, -0.00203904765658, 0.00969835277647, -0.00637575844303, 0.000954865477979, 0.00183752714656, -0.00362732051872, 0.0020127708558, -0.00148162606638, 0.000209156642086, -0.000613841810264], [0.000148041683133, 0.000669714878313, 0.0014413241297, -0.000475430220831, -0.00637575844303, 0.017016639933, -0.0125714521855, 0.00469554914162, 0.00489731645212, -0.00733643490821, 0.00507369544357, -0.00380118750036, 0.000856136903167], [0.000451200234238, -0.000664031424094, -0.00188922078814, 0.0016868035309, 0.000954865477979, -0.0125714521855, 0.0216263271868, -0.015887632966, 0.00368204992265, 0.00823667645454, -0.0105490926653, 0.00859936699271, -0.00283006834798], [-0.000785852374975, 0.00229549827054, 0.000625012209639, -0.000140994961839, 0.00183752714656, 0.00469554914162, -0.015887632966, 0.0269889645278, -0.018813142553, 0.00191718968563, 0.00817118212581, -0.00855309981853, 0.00485280063003], [0.00106750114355, -0.00529970228672, 0.00154374132399, -0.00153523730114, -0.00362732051872, 0.00489731645212, 0.00368204992265, -0.018813142553, 0.0329377278686, -0.0214808173478, 0.00580015266314, 0.00269587012008, -0.00483206985518], [-0.000744951074012, 0.00727354595438, -0.00412152055651, 0.00465602939948, 0.0020127708558, -0.00733643490821, 0.00823667645454, 0.00191718968563, -0.0214808173478, 0.0386647507548, -0.0263763181865, 0.0142035968602, -0.00257603242062], [0.000851054617669, -0.00739014148712, 0.00459707761183, -0.00548399752006, -0.00148162606638, 0.00507369544357, -0.0105490926653, 0.00817118212581, 0.00580015266314, -0.0263763181865, 0.0424075499177, -0.0304529629648, 0.0130732599646], [-0.000789852871094, 0.00597635330632, -0.00450298283249, 0.00554980477318, 0.000209156642086, -0.00380118750036, 0.00859936699271, -0.00855309981853, 0.00269587012008, 0.0142035968602, -0.0304529629648, 0.040304005146, -0.0208751000464], [0.000373787130229, -0.00319531071, 0.00186500465497, -0.00228702859022, -0.000613841810264, 0.000856136903167, -0.00283006834798, 0.00485280063003, -0.00483206985518, -0.00257603242062, 0.0130732599646, -0.0208751000464, 0.0217135287821]]
    },
    "melbands": {
        "mean": [0.0053216391243, 0.00346290087327, 0.000920555961784, 0.000642448780127, 0.000755827466492, 0.000381348130759, 0.000231958227232, 0.000316845776979, 0.000228486154811, 9.07751818886e-005, 0.000116681156214, 4.84113697894e-005, 6.3303639763e-005, 8.08777476777e-005, 3.27110174112e-005, 2.37097410718e-005, 3.54873336619e-005, 2.09225509025e-005, 2.68177082035e-005, 2.18743352889e-005, 1.34366237035e-005, 1.45240283018e-005, 1.05540611912e-005, 8.95651646715e-006, 1.00674506029e-005, 7.97497614258e-006, 8.97912741493e-006, 8.33515605336e-006, 8.31216766528e-006, 7.44302678868e-006, 6.4422433752e-006, 5.53847166884e-006, 5.48620027985e-006, 5.42996576769e-006, 5.15506872034e-006, 3.80385404242e-006, 2.75505340142e-006, 1.89617662727e-006, 1.93602068066e-006, 1.74954971044e-006],
        "var": [2.63756646746e-005, 1.7740743715e-005, 5.85488851357e-006, 4.41294196207e-006, 1.98742418434e-006, 5.68538894186e-007, 3.19667435633e-007, 5.12958763466e-007, 3.20934447018e-007, 4.63478571078e-008, 8.78554260453e-008, 1.90158537805e-008, 3.50324356191e-008, 2.03995611514e-007, 3.32480070142e-008, 9.28914989373e-009, 1.7502699734e-008, 1.80091785928e-009, 9.39981514847e-009, 5.45480993708e-009, 8.29913027189e-010, 7.28515248127e-010, 4.34651425962e-010, 3.67831709536e-010, 4.27940766157e-010, 2.39609720953e-010, 3.28953808637e-010, 3.02057268087e-010, 3.03431224591e-010, 2.08455766537e-010, 1.79363829345e-010, 1.53183243867e-010, 1.86983081796e-010, 1.29413688099e-010, 1.42053022123e-010, 6.32622496055e-011, 2.8608180061e-011, 1.34975190746e-011, 1.51013906241e-011, 1.31828948799e-011]
    },
    "mfcc": {
        "mean": [-645.046386719, 102.507225037, 26.2044391632, 33.1369056702, 10.3692960739, 14.6157312393, 1.04397833347, 6.513276577, 6.05398321152, 8.63780879974, 2.95320153236, 3.38490724564, 2.71096086502],
        "cov": [[4589.20068359, -784.402587891, -70.4311981201, -111.554672241, -170.239501953, -325.93270874, -215.21206665, -154.360137939, -154.600997925, -159.090270996, -143.679870605, -137.954071045, -66.1645736694], [-784.402587891, 1054.18725586, -30.4916477203, -1.53906738758, 26.7905330658, -8.11686897278, -17.2328720093, 59.452457428, 66.3598175049, 51.0655441284, 16.1094799042, 46.7514190674, 62.6563568115], [-70.4311981201, -30.4916477203, 319.544799805, 113.661369324, 48.0131874084, 39.6374664307, 22.4105300903, -0.378944933414, 1.94706761837, -3.65865969658, 8.05867290497, 3.19798398018, -0.866739094257], [-111.554672241, -1.53906738758, 113.661369324, 222.298858643, 104.152252197, 39.4160842896, 2.09759998322, 1.62695086002, -0.563708007336, 13.3897867203, 17.2483997345, 6.11371898651, -9.53624916077], [-170.239501953, 26.7905330658, 48.0131874084, 104.152252197, 156.660507202, 97.0601730347, 25.2569389343, -6.02941417694, -11.816078186, -6.14156484604, 5.24093437195, 3.00190377235, 1.06457126141], [-325.93270874, -8.11686897278, 39.6374664307, 39.4160842896, 97.0601730347, 205.531036377, 136.947387695, 35.4315567017, -16.4071846008, -16.0713882446, 5.37545442581, 6.58097887039, 2.15070939064], [-215.21206665, -17.2328720093, 22.4105300903, 2.09759998322, 25.2569389343, 136.947387695, 196.257827759, 102.56375885, 18.0886611938, -9.42641925812, 3.26763129234, 25.3973617554, 26.9033889771], [-154.360137939, 59.452457428, -0.378944933414, 1.62695086002, -6.02941417694, 35.4315567017, 102.56375885, 137.783477783, 78.8375549316, 17.7761821747, -1.91766834259, 16.8755531311, 31.3592090607], [-154.600997925, 66.3598175049, 1.94706761837, -0.563708007336, -11.816078186, -16.4071846008, 18.0886611938, 78.8375549316, 129.454452515, 77.5833206177, 15.1405134201, -1.24302923679, 6.14673423767], [-159.090270996, 51.0655441284, -3.65865969658, 13.3897867203, -6.14156484604, -16.0713882446, -9.42641925812, 17.7761821747, 77.5833206177, 127.741386414, 72.4450454712, 3.23388671875, -29.0824928284], [-143.679870605, 16.1094799042, 8.05867290497, 17.2483997345, 5.24093437195, 5.37545442581, 3.26763129234, -1.91766834259, 15.1405134201, 72.4450454712, 104.854469299, 50.9321556091, -14.8786325455], [-137.954071045, 46.7514190674, 3.19798398018, 6.11371898651, 3.00190377235, 6.58097887039, 25.3973617554, 16.8755531311, -1.24302923679, 3.23388671875, 50.9321556091, 113.968261719, 78.6216201782], [-66.1645736694, 62.6563568115, -0.866739094257, -9.53624916077, 1.06457126141, 2.15070939064, 26.9033889771, 31.3592090607, 6.14673423767, -29.0824928284, -14.8786325455, 78.6216201782, 148.739257813]],
        "icov": [[0.00031576352194, 0.000207407108974, 1.37309052661e-006, 7.13899062248e-005, -0.000103831640445, 0.00064317410579, -0.000104181381175, -3.98027441406e-005, 0.000303573964629, 0.000122189507238, 8.91055315151e-005, 0.000285427813651, -5.42573943676e-005], [0.000207407108974, 0.0012149058748, 2.73208315775e-005, 0.000278336898191, -0.000435938301962, 0.000134325615363, 0.000830174249131, -0.00106223113835, 0.000531316560227, -0.000771185499616, 0.000620959559456, -0.000370258872863, -0.00024145381758], [1.37309052661e-006, 2.73208315775e-005, 0.00403456762433, -0.00239898101427, 0.000727162405383, -0.000324097345583, -0.000900813261978, 0.00158463034313, -0.0017538779648, 0.00171645788942, -0.00123791245278, 0.00075032497989, -0.000425220321631], [7.13899062248e-005, 0.000278336898191, -0.00239898101427, 0.00849240366369, -0.00609279749915, 0.00162258732598, 0.00105923018418, -0.00281719304621, 0.0025405541528, -0.00251683127135, 0.00115979393013, -0.00134397333022, 0.00109684921335], [-0.000103831640445, -0.000435938301962, 0.000727162405383, -0.00609279749915, 0.0152681143954, -0.00927574373782, 0.00404574628919, 0.00128949142527, -0.0020355549641, 0.00190506072249, -0.000987576320767, 0.000575641228352, -0.00117420137394], [0.00064317410579, 0.000134325615363, -0.000324097345583, 0.00162258732598, -0.00927574373782, 0.0185732003301, -0.0139592345804, 0.0049269204028, 0.000619394995738, 0.00124665023759, -0.00157197553199, 0.00270065059885, 0.000249006756349], [-0.000104181381175, 0.000830174249131, -0.000900813261978, 0.00105923018418, 0.00404574628919, -0.0139592345804, 0.0226220861077, -0.0165959261358, 0.00669153640047, -0.00330116739497, 0.00215301383287, -0.00341686559841, 0.000346157990862], [-3.98027441406e-005, -0.00106223113835, 0.00158463034313, -0.00281719304621, 0.00128949142527, 0.0049269204028, -0.0165959261358, 0.0286067388952, -0.0190776772797, 0.00957494601607, -0.00393555592746, 0.00207851571031, -0.00168335135095], [0.000303573964629, 0.000531316560227, -0.0017538779648, 0.0025405541528, -0.0020355549641, 0.000619394995738, 0.00669153640047, -0.0190776772797, 0.0301821101457, -0.0219922661781, 0.0118940752, -0.00303745362908, 0.000129347958136], [0.000122189507238, -0.000771185499616, 0.00171645788942, -0.00251683127135, 0.00190506072249, 0.00124665023759, -0.00330116739497, 0.00957494601607, -0.0219922661781, 0.0346430912614, -0.0262449998409, 0.0119767067954, -0.00249899248593], [8.91055315151e-005, 0.000620959559456, -0.00123791245278, 0.00115979393013, -0.000987576320767, -0.00157197553199, 0.00215301383287, -0.00393555592746, 0.0118940752, -0.0262449998409, 0.0397334843874, -0.02505267784, 0.0119093153626], [0.000285427813651, -0.000370258872863, 0.00075032497989, -0.00134397333022, 0.000575641228352, 0.00270065059885, -0.00341686559841, 0.00207851571031, -0.00303745362908, 0.0119767067954, -0.02505267784, 0.0318281948566, -0.016524951905], [-5.42573943676e-005, -0.00024145381758, -0.000425220321631, 0.00109684921335, -0.00117420137394, 0.000249006756349, 0.000346157990862, -0.00168335135095, 0.000129347958136, -0.00249899248593, 0.0119093153626, -0.016524951905, 0.0165979117155]]
    },
    "spectral_contrast_coeffs": {
        "mean": [-0.676747143269, -0.709867119789, -0.76344871521, -0.779889881611, -0.816875696182, -0.773463368416],
        "var": [0.007341589313, 0.00848697219044, 0.00656107580289, 0.0033024365548, 0.00109306327067, 0.000515401246957]
    },
    "spectral_contrast_valleys": {
        "mean": [-6.9009885788, -7.00675201416, -7.78095531464, -7.98418140411, -7.54421567917, -9.63739585876],
        "var": [0.723674595356, 0.809224545956, 0.757698833942, 0.729538679123, 0.831204295158, 0.968291401863]
    }
},
"metadata": {
    "audio_properties": {
        "analysis_sample_rate": 44100,
        "bit_rate": 128074,
        "equal_loudness": 0,
        "length": 45.0612258911,
        "lossless": 0,
        "replay_gain": -5.74949264526,
        "sample_rate": 44100,
        "codec": "mp3",
        "downmix": "mix",
        "md5_encoded": "e10e30ea66d0bc7a1510f40c1845cd29"
    },
    "tags": {
        "file_name": "1792.mp3"
    },
    "version": {
        "essentia": "2.1-beta2",
        "essentia_git_sha": "v2.1_beta2",
        "extractor": "music 1.0"
    }
},
"rhythm": {
    "beats_count": 75,
    "beats_loudness": {
        "mean": 0.0404183976352,
        "var": 0.000256858125795
    },
    "bpm": 101.399391174,
    "bpm_histogram_first_peak_bpm": {
        "mean": 101,
        "var": 0
    },
    "bpm_histogram_first_peak_spread": {
        "mean": 0.638888895512,
        "var": 0
    },
    "bpm_histogram_first_peak_weight": {
        "mean": 0.351351350546,
        "var": 0
    },
    "bpm_histogram_second_peak_bpm": {
        "mean": 96,
        "var": 0
    },
    "bpm_histogram_second_peak_spread": {
        "mean": 0,
        "var": 0
    },
    "bpm_histogram_second_peak_weight": {
        "mean": 0.0270270276815,
        "var": 0
    },
    "danceability": 1.29805970192,
    "onset_rate": 5.07968425751,
    "beats_loudness_band_ratio": {
        "mean": [0.470570772886, 0.171001732349, 0.116497971117, 0.0518304742873, 0.0650603026152, 0.157315805554],
        "var": [0.0468150451779, 0.0192136522382, 0.0104382894933, 0.00408684834838, 0.00386660732329, 0.0110162906349]
    },
    "beats_position": [0.592108845711, 1.20743763447, 1.82276642323, 2.43809509277, 3.06503391266, 3.68036270142, 4.3073015213, 4.92263031006, 5.52634906769, 6.10684776306, 6.6989569664, 7.2910656929, 7.8831744194, 8.47528362274, 9.06739234924, 9.65950107574, 10.2516098022, 10.8437185287, 11.4242172241, 12.0279359818, 12.6200447083, 13.2121543884, 13.8042631149, 14.3963718414, 14.9884805679, 15.5689792633, 16.1610889435, 16.7648067474, 17.3453063965, 17.9374141693, 18.5295238495, 19.1100215912, 19.6905212402, 20.2710208893, 20.8631286621, 21.4552383423, 22.035736084, 22.616235733, 23.1851234436, 23.7772331238, 24.3809528351, 24.984670639, 25.5883903503, 26.1921081543, 26.7726078033, 27.3647155762, 27.9568252563, 28.537322998, 29.1178226471, 29.6983222961, 30.3020401001, 30.9057598114, 31.5210876465, 32.1364173889, 32.7401351929, 33.3554649353, 33.9591827393, 34.5512924194, 35.1317901611, 35.7122879028, 36.304397583, 36.8965072632, 37.4770050049, 38.0575065613, 38.638004303, 39.2185020447, 39.7989997864, 40.3795013428, 40.9599990845, 41.5404968262, 42.1209983826, 42.713104248, 43.3052139282, 43.8857116699, 44.4662132263]
},
"tonal": {
    "chords_changes_rate": 0.0823045298457,
    "chords_number_rate": 0.00823045242578,
    "chords_strength": {
        "mean": 0.506594538689,
        "var": 0.00723788421601
    },
    "hpcp_entropy": {
        "mean": 1.90184140205,
        "var": 0.568089663982
    },
    "key_strength": 0.609671056271,
    "tuning_diatonic_strength": 0.442003488541,
    "tuning_equal_tempered_deviation": 0.186473488808,
    "tuning_frequency": 434.193115234,
    "tuning_nontempered_energy_ratio": 0.874572515488,
    "hpcp": {
        "mean": [0.107724942267, 0.084417834878, 0.0877607613802, 0.156795799732, 0.171923294663, 0.0852846503258, 0.0336992330849, 0.0318450070918, 0.0591148138046, 0.160967051983, 0.180330589414, 0.117886669934, 0.170897126198, 0.16603064537, 0.0712475851178, 0.0571168996394, 0.0645315051079, 0.0697989836335, 0.145896881819, 0.146169558167, 0.0578203834593, 0.0377625711262, 0.0453409552574, 0.108276121318, 0.208439692855, 0.182937309146, 0.0835331827402, 0.0393826402724, 0.0272965673357, 0.042122554034, 0.112142719328, 0.118313141167, 0.0707089006901, 0.101907297969, 0.141265034676, 0.132659167051],
        "var": [0.0559334270656, 0.0455528944731, 0.0379020385444, 0.0839621275663, 0.103775516152, 0.0365444235504, 0.0123847145587, 0.0115074571222, 0.0182075519115, 0.0766148045659, 0.0955798178911, 0.0414199009538, 0.0865457504988, 0.0847467705607, 0.0192926991731, 0.0169035214931, 0.0260175727308, 0.0199190955609, 0.0729089379311, 0.0765548199415, 0.016217764467, 0.0154207218438, 0.0186064057052, 0.0416914410889, 0.108543120325, 0.0888420194387, 0.0402326062322, 0.0150662632659, 0.00913740694523, 0.00841176323593, 0.0513011291623, 0.0552984215319, 0.0238190833479, 0.0420124232769, 0.0707443878055, 0.0724915266037]
    },
    "chords_histogram": [11.728395462, 22.3251037598, 16.1522636414, 0.514403283596, 13.271604538, 21.1934146881, 5.65843629837, 4.93827152252, 0, 4.11522626877, 0, 0, 0, 0, 0, 0, 0, 0, 0.102880656719, 0, 0, 0, 0, 0],
    "thpcp": [1, 0.877651035786, 0.40075469017, 0.188940212131, 0.130956664681, 0.202085092664, 0.53801035881, 0.567613303661, 0.339229524136, 0.48890542984, 0.677726149559, 0.636439085007, 0.516815900803, 0.404998838902, 0.421036690474, 0.75223582983, 0.824810743332, 0.409157425165, 0.161673784256, 0.152778044343, 0.28360632062, 0.772247612476, 0.865145146847, 0.56556725502, 0.819887638092, 0.796540439129, 0.341813892126, 0.274021238089, 0.309593170881, 0.334864169359, 0.699947714806, 0.701255857944, 0.27739623189, 0.181167855859, 0.217525526881, 0.519460201263],
    "chords_key": "C#",
    "chords_scale": "major",
    "key_key": "A#",
    "key_scale": "minor"
}
}