{
"lowlevel": {
    "average_loudness": 0.961776554585,
    "barkbands_crest": {
        "mean": 18.3256950378,
        "var": 25.3833961487
    },
    "barkbands_flatness_db": {
        "mean": 0.254451334476,
        "var": 0.00669334456325
    },
    "barkbands_kurtosis": {
        "mean": 49.730255127,
        "var": 2821.67163086
    },
    "barkbands_skewness": {
        "mean": 5.31592559814,
        "var": 8.95094966888
    },
    "barkbands_spread": {
        "mean": 9.70188522339,
        "var": 164.548675537
    },
    "dissonance": {
        "mean": 0.476970762014,
        "var": 0.000286898139166
    },
    "dynamic_complexity": 2.24196839333,
    "erbbands_crest": {
        "mean": 8.17653179169,
        "var": 13.4326019287
    },
    "erbbands_flatness_db": {
        "mean": 0.155618295074,
        "var": 0.00112665747292
    },
    "erbbands_kurtosis": {
        "mean": 0.341711550951,
        "var": 6.51735591888
    },
    "erbbands_skewness": {
        "mean": 0.430298626423,
        "var": 0.9709379673
    },
    "erbbands_spread": {
        "mean": 56.8711776733,
        "var": 621.39831543
    },
    "hfc": {
        "mean": 18.2587051392,
        "var": 843.802978516
    },
    "melbands_crest": {
        "mean": 21.538394928,
        "var": 28.843919754
    },
    "melbands_flatness_db": {
        "mean": 0.34466779232,
        "var": 0.0100942952558
    },
    "melbands_kurtosis": {
        "mean": 105.561950684,
        "var": 8395.1015625
    },
    "melbands_skewness": {
        "mean": 7.20529270172,
        "var": 11.3718605042
    },
    "melbands_spread": {
        "mean": 8.14041423798,
        "var": 192.39012146
    },
    "pitch_salience": {
        "mean": 0.385294646025,
        "var": 0.01929827407
    },
    "silence_rate_20dB": {
        "mean": 0.998455226421,
        "var": 0.00154241151176
    },
    "silence_rate_30dB": {
        "mean": 0.732749760151,
        "var": 0.195826858282
    },
    "silence_rate_60dB": {
        "mean": 0.0123583935201,
        "var": 0.0122055420652
    },
    "spectral_centroid": {
        "mean": 911.987670898,
        "var": 510213.3125
    },
    "spectral_complexity": {
        "mean": 13.5731201172,
        "var": 128.619781494
    },
    "spectral_decrease": {
        "mean": -2.11334221234e-008,
        "var": 2.60168949076e-016
    },
    "spectral_energy": {
        "mean": 0.0814185366035,
        "var": 0.00382607826032
    },
    "spectral_energyband_high": {
        "mean": 0.000503746618051,
        "var": 3.19021410178e-006
    },
    "spectral_energyband_low": {
        "mean": 0.070493504405,
        "var": 0.00343950535171
    },
    "spectral_energyband_middle_high": {
        "mean": 0.00449753366411,
        "var": 0.000141770549817
    },
    "spectral_energyband_middle_low": {
        "mean": 0.00856749340892,
        "var": 5.79212828598e-005
    },
    "spectral_entropy": {
        "mean": 7.33002185822,
        "var": 0.212680667639
    },
    "spectral_flux": {
        "mean": 0.106132753193,
        "var": 0.0056630121544
    },
    "spectral_kurtosis": {
        "mean": 4.44992828369,
        "var": 13.147611618
    },
    "spectral_rms": {
        "mean": 0.00827278103679,
        "var": 1.09937782327e-005
    },
    "spectral_rolloff": {
        "mean": 451.175689697,
        "var": 940454.4375
    },
    "spectral_skewness": {
        "mean": 1.42938613892,
        "var": 0.317397594452
    },
    "spectral_spread": {
        "mean": 4017105.5,
        "var": 2.51222897459e+012
    },
    "spectral_strongpeak": {
        "mean": 0.67985779047,
        "var": 0.128612488508
    },
    "zerocrossingrate": {
        "mean": 0.0229522362351,
        "var": 0.000650112342555
    },
    "barkbands": {
        "mean": [0.001607531216, 0.0580256953835, 0.00834192708135, 0.00351083860733, 0.0031451927498, 0.000689119973686, 0.000282063760096, 0.000301251973724, 0.000432483124314, 0.00061529839877, 0.000557151797693, 0.00037222870742, 0.000688162574079, 0.000531414116267, 0.000482230389025, 0.000199528032681, 0.000228575692745, 0.000337961799232, 0.000437455280917, 0.000221828478971, 8.24402886792e-005, 8.05119198048e-005, 0.00012516125571, 9.50650501181e-005, 2.32598849834e-005, 4.02512932851e-006, 1.40931717851e-007],
        "var": [1.1208295291e-005, 0.00274739670567, 9.64863502304e-005, 1.81585182872e-005, 1.86180786841e-005, 1.48139906742e-006, 4.14672996385e-007, 2.37052134366e-007, 1.22022436244e-006, 6.28324687568e-006, 2.68611643151e-006, 1.24089797282e-006, 4.76149625683e-006, 2.87997750092e-006, 4.90687398269e-006, 3.34391103252e-007, 4.41610353619e-007, 8.41831308662e-007, 1.82136136573e-006, 4.3257790594e-007, 3.34305774174e-008, 7.5432708968e-008, 4.48767451644e-007, 3.61389197678e-007, 1.73868457409e-008, 8.24620038919e-010, 4.71737666291e-013]
    },
    "erbbands": {
        "mean": [1.75814330578, 12.4820423126, 11.9497051239, 13.159075737, 7.87387990952, 9.4134759903, 13.4648017883, 4.71244478226, 4.26048135757, 4.57955694199, 7.53906345367, 9.34325504303, 17.1290588379, 21.3426113129, 19.9338531494, 14.9402484894, 29.6664237976, 28.3478717804, 29.0320625305, 18.3646907806, 10.0555305481, 12.6711816788, 18.0795898438, 16.4253807068, 25.2727661133, 10.8581075668, 4.32632303238, 3.03592252731, 2.70082831383, 5.27528762817, 2.67900371552, 2.39795780182, 1.05984604359, 0.416008591652, 0.08740234375, 0.0285787768662, 0.00531219504774, 0.000627949484624, 5.64632391615e-005, 9.1239111498e-005],
        "var": [4.60750055313, 113.886886597, 185.505599976, 160.4246521, 100.624946594, 187.220550537, 801.64263916, 112.929122925, 103.084655762, 83.8032226563, 161.778915405, 521.297607422, 4380.02636719, 5789.51025391, 2882.4609375, 2071.0324707, 8984.27832031, 7391.51220703, 14805.8759766, 5531.69091797, 681.25201416, 1156.40185547, 2010.92956543, 2478.57861328, 6561.91796875, 904.012329102, 115.557159424, 52.7516899109, 63.8795280457, 1185.29748535, 136.518569946, 215.342453003, 38.7507629395, 6.14809465408, 0.143210321665, 0.047565985471, 0.000811735691968, 6.50402944302e-006, 6.59744880949e-009, 4.74585171162e-009]
    },
    "gfcc": {
        "mean": [-35.6702842712, 129.143676758, -98.5108413696, 66.5257873535, -33.4422607422, 22.1869945526, -15.9454402924, 6.39756727219, -12.8172388077, -8.43606758118, -2.54327726364, -8.50398159027, -3.57796812057],
        "cov": [[4863.70117188, -895.012084961, -775.736877441, 42.6788825989, -343.865234375, 399.28112793, -278.948425293, 277.146972656, -54.7096481323, 110.306167603, -67.3437042236, 125.366149902, -174.91557312], [-895.012084961, 924.511779785, -9.05141830444, -160.850250244, 346.481658936, -227.121276855, 271.906463623, -128.415817261, 76.0684967041, -49.4846343994, 87.8023452759, -114.976547241, 91.5816955566], [-775.736877441, -9.05141830444, 997.721313477, 240.507141113, 64.7805252075, 76.9159469604, 38.6393318176, 37.2336845398, 90.0188980103, -18.7593784332, -10.4760894775, 31.2038173676, -3.05346488953], [42.6788825989, -160.850250244, 240.507141113, 335.691589355, 25.316576004, 2.9601931572, 39.2240219116, 81.2190551758, 66.0362625122, -27.7243041992, -2.39282155037, -2.09916710854, -29.3244438171], [-343.865234375, 346.481658936, 64.7805252075, 25.316576004, 435.450317383, -10.4605178833, 174.072097778, -6.58645343781, 73.0829467773, 8.40006351471, 46.4649543762, -57.8018913269, 24.1140899658], [399.28112793, -227.121276855, 76.9159469604, 2.9601931572, -10.4605178833, 311.416534424, -41.6799545288, 17.7998256683, 51.0930328369, 6.75094509125, -9.09168338776, 26.5867404938, -21.9000968933], [-278.948425293, 271.906463623, 38.6393318176, 39.2240219116, 174.072097778, -41.6799545288, 274.698150635, 41.5563850403, 71.114402771, 5.53274106979, 36.4719085693, -28.9334182739, 22.3048782349], [277.146972656, -128.415817261, 37.2336845398, 81.2190551758, -6.58645343781, 17.7998256683, 41.5563850403, 155.338790894, 38.375705719, 12.700720787, -3.29981732368, 12.5508766174, -41.8237266541], [-54.7096481323, 76.0684967041, 90.0188980103, 66.0362625122, 73.0829467773, 51.0930328369, 71.114402771, 38.375705719, 136.599899292, 3.87725329399, 24.9591293335, -9.8481502533, -7.3016371727], [110.306167603, -49.4846343994, -18.7593784332, -27.7243041992, 8.40006351471, 6.75094509125, 5.53274106979, 12.700720787, 3.87725329399, 78.960723877, -2.22384262085, 12.4601554871, -6.51809167862], [-67.3437042236, 87.8023452759, -10.4760894775, -2.39282155037, 46.4649543762, -9.09168338776, 36.4719085693, -3.29981732368, 24.9591293335, -2.22384262085, 65.6506195068, 1.53385996819, 14.3800926208], [125.366149902, -114.976547241, 31.2038173676, -2.09916710854, -57.8018913269, 26.5867404938, -28.9334182739, 12.5508766174, -9.8481502533, 12.4601554871, 1.53385996819, 73.1699447632, 7.24498128891], [-174.91557312, 91.5816955566, -3.05346488953, -29.3244438171, 24.1140899658, -21.9000968933, 22.3048782349, -41.8237266541, -7.3016371727, -6.51809167862, 14.3800926208, 7.24498128891, 64.6240158081]],
        "icov": [[0.000447568920208, -0.00066633685492, 0.000558369676583, -0.000781649607234, 0.000277019134955, -0.00100813945755, 0.000633416697383, -0.000986358267255, 0.000672742025927, -0.000851813761983, 0.000289242976578, -0.000894700584468, 0.000551456643734], [-0.00066633685492, 0.00937069300562, -0.00201486190781, 0.00701373210177, -0.00322839408182, 0.00694400304928, -0.00552745396271, 0.00595365976915, -0.00639699259773, 0.00685987714678, -0.00357373105362, 0.00695886835456, -0.00269279279746], [0.000558369676583, -0.00201486190781, 0.00218282756396, -0.00271058478393, 0.000526282237843, -0.00221726018935, 0.00142144248821, -0.00154995801859, 0.00109625351615, -0.0017121064011, 0.00139569467865, -0.0027461682912, 0.000746814825106], [-0.000781649607234, 0.00701373210177, -0.00271058478393, 0.0100132431835, -0.00251923408359, 0.00612047454342, -0.00424742279574, 0.00307954614982, -0.00632234988734, 0.00718309683725, -0.00231051794253, 0.00548045476899, -0.00125642784405], [0.000277019134955, -0.00322839408182, 0.000526282237843, -0.00251923408359, 0.00476399064064, -0.00274312868714, 0.000181998737389, -0.00159266707487, 0.00175508181565, -0.00326838507317, -0.000185878365301, 2.66875322268e-005, 0.000312805263093], [-0.00100813945755, 0.00694400304928, -0.00221726018935, 0.00612047454342, -0.00274312868714, 0.00977237150073, -0.00351267005317, 0.00517558399588, -0.00719358818606, 0.00582347717136, -0.00182949018199, 0.00396890286356, -0.0012628629338], [0.000633416697383, -0.00552745396271, 0.00142144248821, -0.00424742279574, 0.000181998737389, -0.00351267005317, 0.00959201063961, -0.00608173711225, 0.00200661388226, -0.0045667826198, 0.00123366434127, -0.00312416884117, -0.000975671573542], [-0.000986358267255, 0.00595365976915, -0.00154995801859, 0.00307954614982, -0.00159266707487, 0.00517558399588, -0.00608173711225, 0.0148869585246, -0.00569246569648, 0.00386015931144, -0.00181591103319, 0.00189249124378, 0.00423724856228], [0.000672742025927, -0.00639699259773, 0.00109625351615, -0.00632234988734, 0.00175508181565, -0.00719358818606, 0.00200661388226, -0.00569246569648, 0.0160869173706, -0.00583081971854, -0.00122695055325, -0.00314255617559, 0.00245473766699], [-0.000851813761983, 0.00685987714678, -0.0017121064011, 0.00718309683725, -0.00326838507317, 0.00582347717136, -0.0045667826198, 0.00386015931144, -0.00583081971854, 0.0197524111718, -0.0013314827811, 0.00190493836999, -0.000164745186339], [0.000289242976578, -0.00357373105362, 0.00139569467865, -0.00231051794253, -0.000185878365301, -0.00182949018199, 0.00123366434127, -0.00181591103319, -0.00122695055325, -0.0013314827811, 0.0204240418971, -0.00567665789276, -0.00146802898962], [-0.000894700584468, 0.00695886835456, -0.0027461682912, 0.00548045476899, 2.66875322268e-005, 0.00396890286356, -0.00312416884117, 0.00189249124378, -0.00314255617559, 0.00190493836999, -0.00567665789276, 0.0246408227831, -0.00795038323849], [0.000551456643734, -0.00269279279746, 0.000746814825106, -0.00125642784405, 0.000312805263093, -0.0012628629338, -0.000975671573542, 0.00423724856228, 0.00245473766699, -0.000164745186339, -0.00146802898962, -0.00795038323849, 0.0242610368878]]
    },
    "melbands": {
        "mean": [0.016426730901, 0.0101472977549, 0.00205622427166, 0.000584784604143, 0.000487908866489, 0.000104952247057, 6.26360852038e-005, 5.49470642e-005, 6.51620503049e-005, 5.85850211792e-005, 8.61569569679e-005, 8.54972677189e-005, 7.39024835639e-005, 4.02146979468e-005, 4.81181195937e-005, 7.3107337812e-005, 4.83786825498e-005, 4.73247455375e-005, 3.67582142644e-005, 1.68709957507e-005, 1.02613894342e-005, 1.15489283417e-005, 1.80325860129e-005, 1.52440716192e-005, 1.22940300571e-005, 1.84583877854e-005, 1.37522238219e-005, 6.03720081926e-006, 2.89393915409e-006, 1.79853782356e-006, 1.74296053501e-006, 1.39994108395e-006, 1.85354133464e-006, 3.31035266754e-006, 1.39787789522e-006, 1.68681776813e-006, 1.24082032471e-006, 6.60674686515e-007, 7.36216122732e-007, 2.28996270835e-007],
        "var": [0.000261830573436, 7.76470915298e-005, 3.6358358102e-006, 4.93054812978e-007, 9.83506652119e-007, 5.22857561691e-008, 2.21872369366e-008, 9.70016955648e-009, 1.39265310395e-008, 2.21492175712e-008, 1.14791546935e-007, 9.90906769971e-008, 4.38163887395e-008, 1.22801475655e-008, 2.81408389924e-008, 5.65734410429e-008, 2.16833200284e-008, 3.73681245946e-008, 3.27020046598e-008, 3.04570102472e-009, 6.86713685916e-010, 9.32501187378e-010, 2.292785517e-009, 2.04177563745e-009, 1.38772471292e-009, 3.76879327746e-009, 1.91419591289e-009, 2.9805186097e-010, 6.54019963187e-011, 1.88222926828e-011, 1.82530466436e-011, 1.41473395499e-011, 7.4330784583e-011, 4.92334617519e-010, 1.9875105034e-011, 1.16276821505e-010, 5.43590970847e-011, 1.46863111949e-011, 2.12212573902e-011, 1.75801896912e-012]
    },
    "mfcc": {
        "mean": [-677.10760498, 141.655899048, 12.3183040619, 50.4102249146, 18.1186695099, 22.0363864899, 16.0896835327, 18.2358779907, 1.54284417629, 12.2039842606, 1.94618165493, -0.757025957108, -0.785821676254],
        "cov": [[4942.81835938, -1075.3359375, -624.241699219, -503.211090088, -110.251396179, -87.9681091309, -140.685852051, 105.090415955, -105.348167419, 64.6602783203, 61.2622032166, 22.538225174, 14.8150529861], [-1075.3359375, 1130.71557617, -271.243835449, 140.459991455, -0.63966012001, 49.9423522949, 148.147171021, -64.2005004883, 61.6749572754, 19.208940506, 18.0369129181, 4.51443529129, -2.43875169754], [-624.241699219, -271.243835449, 903.297546387, 98.2621536255, 108.259368896, 56.6567115784, -65.6570587158, 97.7037887573, 36.0803070068, -21.7052726746, 11.2340755463, 27.2609386444, 8.85948562622], [-503.211090088, 140.459991455, 98.2621536255, 466.600952148, 19.7486534119, -51.3347091675, 58.9700622559, 55.2631034851, 54.1090965271, 62.1540412903, 19.6555118561, 7.49075317383, 32.968460083], [-110.251396179, -0.63966012001, 108.259368896, 19.7486534119, 260.092987061, 86.2847061157, 16.7048339844, 39.6703186035, 14.3340749741, 35.514213562, 20.72697258, -3.72051310539, 18.3398323059], [-87.9681091309, 49.9423522949, 56.6567115784, -51.3347091675, 86.2847061157, 197.68057251, 40.1475715637, 23.8274364471, 43.0792617798, 7.13751125336, 33.5147590637, 7.912504673, 12.206867218], [-140.685852051, 148.147171021, -65.6570587158, 58.9700622559, 16.7048339844, 40.1475715637, 130.775253296, 27.8261909485, 32.0375328064, 25.9186306, 16.9502182007, 0.965685963631, 12.5603265762], [105.090415955, -64.2005004883, 97.7037887573, 55.2631034851, 39.6703186035, 23.8274364471, 27.8261909485, 153.868881226, 41.9747543335, 54.7036399841, 33.0050201416, 29.7378768921, 20.6632823944], [-105.348167419, 61.6749572754, 36.0803070068, 54.1090965271, 14.3340749741, 43.0792617798, 32.0375328064, 41.9747543335, 99.2315597534, 31.3887405396, 32.0797233582, 21.0940036774, 13.5323066711], [64.6602783203, 19.208940506, -21.7052726746, 62.1540412903, 35.514213562, 7.13751125336, 25.9186306, 54.7036399841, 31.3887405396, 106.593162537, 36.6486740112, 23.0415172577, 19.4415779114], [61.2622032166, 18.0369129181, 11.2340755463, 19.6555118561, 20.72697258, 33.5147590637, 16.9502182007, 33.0050201416, 32.0797233582, 36.6486740112, 77.3036956787, 21.2453269958, 21.7611446381], [22.538225174, 4.51443529129, 27.2609386444, 7.49075317383, -3.72051310539, 7.912504673, 0.965685963631, 29.7378768921, 21.0940036774, 23.0415172577, 21.2453269958, 73.3460388184, 10.373541832], [14.8150529861, -2.43875169754, 8.85948562622, 32.968460083, 18.3398323059, 12.206867218, 12.5603265762, 20.6632823944, 13.5323066711, 19.4415779114, 21.7611446381, 10.373541832, 47.0839996338]],
        "icov": [[0.000390684377635, 0.000385730643757, 0.000398679054342, 0.000276710925391, 5.16578911629e-005, 7.48424427002e-005, 0.000163724995218, -0.000404599239118, 0.000146488964674, -0.000121979959658, -0.000409583095461, -3.88958578696e-005, -7.12254477548e-005], [0.000385730643757, 0.0016234748764, 0.000696935749147, -0.000128491505166, -5.09718920512e-005, -0.000149124156451, -0.000939098419622, 0.000461293646367, -0.000413835514337, 1.44949817695e-005, -0.000516710337251, -0.000428478844697, 0.000474309723359], [0.000398679054342, 0.000696935749147, 0.00199136510491, -0.000321209052345, -0.000497525383253, -0.00041791528929, 0.00113109732047, -0.00130828411784, -0.000257219275227, 0.00109634245746, -0.000401883939048, -0.000527968921233, 0.000258717773249], [0.000276710925391, -0.000128491505166, -0.000321209052345, 0.00332421250641, -9.32112889132e-005, 0.00175679416861, -0.00097794982139, -0.000462193595013, -0.0010748624336, -0.00129620032385, 2.81841366814e-005, 0.000647175300401, -0.00162781856488], [5.16578911629e-005, -5.09718920512e-005, -0.000497525383253, -9.32112889132e-005, 0.00517608691007, -0.00228908192366, 0.000222712449613, -0.000499147397932, 0.00111193419434, -0.00192970305216, 0.000234494145843, 0.00125492690131, -0.00103070249315], [7.48424427002e-005, -0.000149124156451, -0.00041791528929, 0.00175679416861, -0.00228908192366, 0.00809790752828, -0.00219437596388, 0.000102811427496, -0.00278209079988, 0.00122081383597, -0.00215459708124, 8.18985427031e-005, -0.000577039318159], [0.000163724995218, -0.000939098419622, 0.00113109732047, -0.00097794982139, 0.000222712449613, -0.00219437596388, 0.0114366570488, -0.00237039360218, -0.000903811480384, -0.000480535760289, 0.000113890819193, 0.00126916740555, -0.00103076372761], [-0.000404599239118, 0.000461293646367, -0.00130828411784, -0.000462193595013, -0.000499147397932, 0.000102811427496, -0.00237039360218, 0.0108058629557, -0.00210347701795, -0.00339127331972, -0.000292836688459, -0.00190845271572, -0.000660484773107], [0.000146488964674, -0.000413835514337, -0.000257219275227, -0.0010748624336, 0.00111193419434, -0.00278209079988, -0.000903811480384, -0.00210347701795, 0.0151235032827, -0.00145472330041, -0.00286888168193, -0.00167337735184, 0.000134567468194], [-0.000121979959658, 1.44949817695e-005, 0.00109634245746, -0.00129620032385, -0.00192970305216, 0.00122081383597, -0.000480535760289, -0.00339127331972, -0.00145472330041, 0.0152718164027, -0.00401512719691, -0.00219606119208, -0.000756221241318], [-0.000409583095461, -0.000516710337251, -0.000401883939048, 2.81841366814e-005, 0.000234494145843, -0.00215459708124, 0.000113890819193, -0.000292836688459, -0.00286888168193, -0.00401512719691, 0.019607340917, -0.00216654664837, -0.00537890801206], [-3.88958578696e-005, -0.000428478844697, -0.000527968921233, 0.000647175300401, 0.00125492690131, 8.18985427031e-005, 0.00126916740555, -0.00190845271572, -0.00167337735184, -0.00219606119208, -0.00216654664837, 0.0166469030082, -0.00165342679247], [-7.12254477548e-005, 0.000474309723359, 0.000258717773249, -0.00162781856488, -0.00103070249315, -0.000577039318159, -0.00103076372761, -0.000660484773107, 0.000134567468194, -0.000756221241318, -0.00537890801206, -0.00165342679247, 0.0266165155917]]
    },
    "spectral_contrast_coeffs": {
        "mean": [-0.656057298183, -0.784772932529, -0.828907728195, -0.829184412956, -0.801421284676, -0.747895479202],
        "var": [0.00595741067082, 0.00321978307329, 0.00123265315779, 0.0011902207043, 0.00131523201708, 0.00142702378798]
    },
    "spectral_contrast_valleys": {
        "mean": [-6.40597295761, -7.08807420731, -7.43531370163, -7.79827833176, -7.75693225861, -10.9203748703],
        "var": [0.687184810638, 0.714365363121, 0.885875582695, 0.990045368671, 0.877488851547, 1.23299121857]
    }
},
"metadata": {
    "audio_properties": {
        "analysis_sample_rate": 44100,
        "bit_rate": 128074,
        "equal_loudness": 0,
        "length": 45.0612258911,
        "lossless": 0,
        "replay_gain": -5.19484519958,
        "sample_rate": 44100,
        "codec": "mp3",
        "downmix": "mix",
        "md5_encoded": "533cbaa50c46384cb5076cf0e3154d99"
    },
    "tags": {
        "file_name": "1793.mp3"
    },
    "version": {
        "essentia": "2.1-beta2",
        "essentia_git_sha": "v2.1_beta2",
        "extractor": "music 1.0"
    }
},
"rhythm": {
    "beats_count": 76,
    "beats_loudness": {
        "mean": 0.116668246686,
        "var": 0.00738294329494
    },
    "bpm": 101.453048706,
    "bpm_histogram_first_peak_bpm": {
        "mean": 101,
        "var": 0
    },
    "bpm_histogram_first_peak_spread": {
        "mean": 0.162162140012,
        "var": 0
    },
    "bpm_histogram_first_peak_weight": {
        "mean": 0.826666653156,
        "var": 0
    },
    "bpm_histogram_second_peak_bpm": {
        "mean": 108,
        "var": 0
    },
    "bpm_histogram_second_peak_spread": {
        "mean": 0,
        "var": 0
    },
    "bpm_histogram_second_peak_weight": {
        "mean": 0.0133333336562,
        "var": 0
    },
    "danceability": 1.39850819111,
    "onset_rate": 4.70258998871,
    "beats_loudness_band_ratio": {
        "mean": [0.719058156013, 0.0740600526333, 0.0266628582031, 0.100357957184, 0.0660832896829, 0.0349942743778],
        "var": [0.0665875375271, 0.0126394759864, 0.000662578619085, 0.0157498829067, 0.00876077078283, 0.00172790710349]
    },
    "beats_position": [0.557278871536, 1.1261677742, 1.69505667686, 2.2523355484, 2.82122445107, 3.39011335373, 3.97061228752, 4.5627207756, 5.15482997894, 5.73532867432, 6.32743740082, 6.91954612732, 7.51165533066, 8.10376358032, 8.6958732605, 9.287981987, 9.8800907135, 10.47219944, 11.0643081665, 11.656416893, 12.2601356506, 12.8522443771, 13.4443531036, 14.0364627838, 14.6401815414, 15.2322902679, 15.8243989944, 16.4165077209, 17.0086174011, 17.600725174, 18.1928348541, 18.784942627, 19.3770523071, 19.96916008, 20.5612697601, 21.153377533, 21.7454872131, 22.3375968933, 22.9297046661, 23.5218143463, 24.1255321503, 24.7176418304, 25.3097496033, 25.9018592834, 26.4939670563, 27.0860767365, 27.6781845093, 28.2702941895, 28.8624038696, 29.4661216736, 30.0582313538, 30.6503391266, 31.2424488068, 31.8345565796, 32.4266662598, 33.0187759399, 33.6108856201, 34.2029914856, 34.7951011658, 35.3872108459, 35.9909286499, 36.5830383301, 37.1751480103, 37.7672538757, 38.3593635559, 38.9630813599, 39.55519104, 40.1473007202, 40.7394104004, 41.3315200806, 41.923625946, 42.5157356262, 43.1078453064, 43.6999549866, 44.2920608521, 44.8841705322]
},
"tonal": {
    "chords_changes_rate": 0.12962962687,
    "chords_number_rate": 0.0102880662307,
    "chords_strength": {
        "mean": 0.49496242404,
        "var": 0.00317684886977
    },
    "hpcp_entropy": {
        "mean": 2.46885704994,
        "var": 0.85973662138
    },
    "key_strength": 0.643239438534,
    "tuning_diatonic_strength": 0.510358095169,
    "tuning_equal_tempered_deviation": 0.142088785768,
    "tuning_frequency": 438.224517822,
    "tuning_nontempered_energy_ratio": 0.792691230774,
    "hpcp": {
        "mean": [0.0824118554592, 0.0474411696196, 0.0412712320685, 0.0387378521264, 0.035844437778, 0.0628875792027, 0.12424506247, 0.149498596787, 0.100655272603, 0.055944044143, 0.0782360509038, 0.225177764893, 0.391283273697, 0.295014977455, 0.0990343019366, 0.0431881286204, 0.0352224297822, 0.0309875644743, 0.0284166187048, 0.0275002289563, 0.0337576344609, 0.0505282431841, 0.0512236095965, 0.0620581544936, 0.057365693152, 0.0241558775306, 0.0260838698596, 0.0479566529393, 0.0518026910722, 0.038406137377, 0.0306587424129, 0.0329913496971, 0.0576156340539, 0.126709938049, 0.170618131757, 0.136562719941],
        "var": [0.0384077131748, 0.0196545645595, 0.0202815067023, 0.0173879098147, 0.0148960603401, 0.0271033775061, 0.0655868798494, 0.0939284935594, 0.0541565716267, 0.0280297864228, 0.0381775908172, 0.100868113339, 0.181391090155, 0.123578980565, 0.0425137579441, 0.0256350990385, 0.0203877594322, 0.0166501365602, 0.0112447738647, 0.0109084574506, 0.0125317042693, 0.0310893412679, 0.0281090643257, 0.028106931597, 0.0294247083366, 0.00615762220696, 0.00694353412837, 0.0264973975718, 0.0332435555756, 0.0194768104702, 0.0145204598084, 0.0144046572968, 0.0266739912331, 0.0669463127851, 0.109734669328, 0.063421882689]
    },
    "chords_histogram": [18.5185184479, 13.8888893127, 7.51028823853, 0, 1.33744859695, 0, 0.617283940315, 23.559671402, 14.9176950455, 12.7572011948, 0, 1.13168728352, 0, 0, 0, 0, 0, 2.26337456703, 3.49794244766, 0, 0, 0, 0, 0],
    "thpcp": [1, 0.753967761993, 0.253101289272, 0.110375605524, 0.0900177210569, 0.0791947096586, 0.0726241618395, 0.0702821463346, 0.0862741544843, 0.129134684801, 0.130911827087, 0.158601596951, 0.14660911262, 0.0617350116372, 0.0666623711586, 0.122562490404, 0.132391780615, 0.0981543064117, 0.0783543363214, 0.0843157693744, 0.147247880697, 0.323831737041, 0.436047583818, 0.34901240468, 0.210619419813, 0.121245071292, 0.105476610363, 0.0990020632744, 0.0916073843837, 0.160721361637, 0.317532271147, 0.382072538137, 0.257243990898, 0.14297580719, 0.199947342277, 0.575485289097],
    "chords_key": "F#",
    "chords_scale": "major",
    "key_key": "F#",
    "key_scale": "minor"
}
}