{
"lowlevel": {
    "average_loudness": 0.402696102858,
    "barkbands_crest": {
        "mean": 11.7280921936,
        "var": 18.8583030701
    },
    "barkbands_flatness_db": {
        "mean": 0.214042559266,
        "var": 0.00489122560248
    },
    "barkbands_kurtosis": {
        "mean": 6.39349365234,
        "var": 131.953292847
    },
    "barkbands_skewness": {
        "mean": 1.62777495384,
        "var": 2.68611478806
    },
    "barkbands_spread": {
        "mean": 15.7431154251,
        "var": 103.440750122
    },
    "dissonance": {
        "mean": 0.438087314367,
        "var": 0.00198867497966
    },
    "dynamic_complexity": 4.12998485565,
    "erbbands_crest": {
        "mean": 10.649974823,
        "var": 16.6312294006
    },
    "erbbands_flatness_db": {
        "mean": 0.226612135768,
        "var": 0.00228938506916
    },
    "erbbands_kurtosis": {
        "mean": 0.431136578321,
        "var": 5.15118217468
    },
    "erbbands_skewness": {
        "mean": 0.0593209043145,
        "var": 0.909411132336
    },
    "erbbands_spread": {
        "mean": 31.7178020477,
        "var": 193.933135986
    },
    "hfc": {
        "mean": 12.8917160034,
        "var": 353.628479004
    },
    "melbands_crest": {
        "mean": 17.2534484863,
        "var": 44.617767334
    },
    "melbands_flatness_db": {
        "mean": 0.275627762079,
        "var": 0.00941081251949
    },
    "melbands_kurtosis": {
        "mean": 16.2758541107,
        "var": 576.741943359
    },
    "melbands_skewness": {
        "mean": 2.76009392738,
        "var": 4.23410749435
    },
    "melbands_spread": {
        "mean": 21.4847431183,
        "var": 335.435791016
    },
    "pitch_salience": {
        "mean": 0.4523640275,
        "var": 0.0181076489389
    },
    "silence_rate_20dB": {
        "mean": 1,
        "var": 0
    },
    "silence_rate_30dB": {
        "mean": 0.990216255188,
        "var": 0.00968771055341
    },
    "silence_rate_60dB": {
        "mean": 0.154479920864,
        "var": 0.130616426468
    },
    "spectral_centroid": {
        "mean": 1102.07958984,
        "var": 498863.8125
    },
    "spectral_complexity": {
        "mean": 10.6766223907,
        "var": 35.8377380371
    },
    "spectral_decrease": {
        "mean": -4.66996352699e-009,
        "var": 3.3115586871e-017
    },
    "spectral_energy": {
        "mean": 0.0187948215753,
        "var": 0.000515339779668
    },
    "spectral_energyband_high": {
        "mean": 0.000280010019196,
        "var": 8.50597189128e-007
    },
    "spectral_energyband_low": {
        "mean": 0.00564200989902,
        "var": 0.000162380893016
    },
    "spectral_energyband_middle_high": {
        "mean": 0.00449606683105,
        "var": 6.1578626628e-005
    },
    "spectral_energyband_middle_low": {
        "mean": 0.00991704780608,
        "var": 0.000229709490668
    },
    "spectral_entropy": {
        "mean": 6.44794034958,
        "var": 0.324822604656
    },
    "spectral_flux": {
        "mean": 0.0386857204139,
        "var": 0.00182602123823
    },
    "spectral_kurtosis": {
        "mean": 12.7380313873,
        "var": 156.209396362
    },
    "spectral_rms": {
        "mean": 0.00372322206385,
        "var": 4.47401680503e-006
    },
    "spectral_rolloff": {
        "mean": 1262.63012695,
        "var": 1069386.75
    },
    "spectral_skewness": {
        "mean": 2.22648334503,
        "var": 1.28128302097
    },
    "spectral_spread": {
        "mean": 2775252.25,
        "var": 1.6656596992e+012
    },
    "spectral_strongpeak": {
        "mean": 1.17263281345,
        "var": 2.51597690582
    },
    "zerocrossingrate": {
        "mean": 0.044322963804,
        "var": 0.000870847143233
    },
    "barkbands": {
        "mean": [6.47457818559e-006, 0.00120413175318, 0.00291323615238, 0.00290936371312, 0.00438340567052, 0.00131312734447, 0.000237144980929, 0.000411031360272, 0.0006260262453, 0.000140476739034, 0.000634853320662, 0.000350811053067, 0.000389984430512, 0.000751174753532, 0.000771502905991, 0.000366843800293, 0.000469830585644, 0.000428129074862, 0.000124986283481, 0.000133787863888, 0.000120371259982, 5.44983886357e-005, 2.41076595557e-005, 1.35561249408e-005, 8.73055523698e-006, 6.49420326226e-006, 7.7394741993e-007],
        "var": [3.30132254867e-010, 1.70109651663e-005, 4.18955278292e-005, 8.44350870466e-005, 6.64599792799e-005, 5.19467312188e-006, 2.06535204939e-007, 7.69623113683e-007, 1.79957623914e-006, 2.21909886022e-007, 5.71746340938e-006, 1.29721070152e-006, 1.68890471741e-006, 4.92471099278e-006, 4.33019204138e-006, 6.00458974986e-007, 1.12823977361e-006, 1.15494390229e-006, 2.13379848901e-007, 3.21055097174e-007, 1.13071571661e-007, 5.99283893621e-008, 5.45891509773e-009, 3.13358738957e-009, 3.05559622049e-009, 1.46421919034e-009, 1.05262444594e-010]
    },
    "erbbands": {
        "mean": [0.00664653070271, 0.399334192276, 3.04224729538, 7.19673728943, 15.9379529953, 11.4014425278, 10.2883396149, 9.19368743896, 4.09241533279, 5.06313753128, 11.6375150681, 16.6718254089, 4.44477891922, 10.5653190613, 25.008846283, 15.5642576218, 20.5063285828, 22.8673667908, 50.075553894, 31.2213344574, 26.0007629395, 20.1094818115, 21.1357517242, 14.3265619278, 4.99077224731, 7.28727912903, 4.2338719368, 4.77938747406, 1.99703705311, 1.54121398926, 0.63084000349, 0.312388896942, 0.244252130389, 0.11313650012, 0.0534976683557, 0.0245528351516, 0.0121852168813, 0.00325545226224, 9.34864729061e-005, 2.41204470512e-005],
        "var": [0.000368296459783, 1.7138402462, 58.1205329895, 425.576629639, 1424.86108398, 468.405395508, 369.979888916, 353.491210938, 51.3024787903, 137.361129761, 501.997406006, 1383.35266113, 188.601638794, 815.194641113, 7476.08105469, 1802.67529297, 4577.36279297, 4879.36474609, 12457.4365234, 5197.21777344, 2087.77416992, 1858.71777344, 3109.99731445, 1682.1697998, 167.251861572, 1071.56164551, 121.774131775, 262.266693115, 48.4796066284, 69.9852371216, 3.77101159096, 1.32807898521, 1.39866387844, 0.703052818775, 0.10314540565, 0.0163703225553, 0.00651559233665, 0.000812301354017, 6.0417653458e-007, 1.15658804756e-009]
    },
    "gfcc": {
        "mean": [-94.6248092651, 128.75982666, -141.036880493, 26.7643795013, -37.7057800293, -4.44215250015, -41.9962272644, -11.5985202789, -20.5737934113, -7.42387342453, -20.4828681946, -7.59676551819, -9.63151454926],
        "cov": [[9712.34765625, -2021.44152832, -1401.84777832, 1126.61584473, -540.852416992, 297.51550293, -32.4246559143, -20.1219463348, -422.342163086, -202.787216187, -291.10256958, -46.9553947449, -181.894668579], [-2021.44152832, 1743.70556641, 565.919372559, -293.185028076, 428.514190674, -225.757095337, 157.755279541, -154.871688843, 183.41494751, -197.876647949, 43.9674835205, -231.949432373, 33.7593154907], [-1401.84777832, 565.919372559, 1500.53527832, 28.5746593475, 251.26625061, 178.975952148, 44.5040550232, 86.6734161377, -25.459569931, -55.7060317993, -208.590988159, -161.446899414, -89.9894714355], [1126.61584473, -293.185028076, 28.5746593475, 677.369995117, 41.1407546997, 27.8758850098, 79.2411422729, -3.0955312252, -47.4883956909, -110.993721008, -128.274902344, -76.0098495483, -21.0702457428], [-540.852416992, 428.514190674, 251.26625061, 41.1407546997, 362.880157471, 18.7646865845, 51.1558074951, -6.72430944443, 18.9226360321, -45.8203811646, -23.847070694, -81.3885116577, -7.21308469772], [297.51550293, -225.757095337, 178.975952148, 27.8758850098, 18.7646865845, 319.109008789, 38.469203949, 46.8615684509, -50.1305618286, 33.6432571411, -57.1516265869, -14.0313940048, -30.2332553864], [-32.4246559143, 157.755279541, 44.5040550232, 79.2411422729, 51.1558074951, 38.469203949, 161.831237793, 13.0317306519, 20.1429328918, -37.6782875061, -16.1890277863, -28.2106990814, 16.0499820709], [-20.1219463348, -154.871688843, 86.6734161377, -3.0955312252, -6.72430944443, 46.8615684509, 13.0317306519, 181.437957764, 24.0546875, 53.7625160217, -8.0267829895, 36.8745422363, -4.01725530624], [-422.342163086, 183.41494751, -25.459569931, -47.4883956909, 18.9226360321, -50.1305618286, 20.1429328918, 24.0546875, 174.823074341, 34.7240104675, 35.1031646729, 9.0726146698, 42.765537262], [-202.787216187, -197.876647949, -55.7060317993, -110.993721008, -45.8203811646, 33.6432571411, -37.6782875061, 53.7625160217, 34.7240104675, 217.055221558, 88.6707839966, 72.4674682617, 14.0976409912], [-291.10256958, 43.9674835205, -208.590988159, -128.274902344, -23.847070694, -57.1516265869, -16.1890277863, -8.0267829895, 35.1031646729, 88.6707839966, 228.397171021, 83.0133743286, 39.5685005188], [-46.9553947449, -231.949432373, -161.446899414, -76.0098495483, -81.3885116577, -14.0313940048, -28.2106990814, 36.8745422363, 9.0726146698, 72.4674682617, 83.0133743286, 179.095184326, 38.4675483704], [-181.894668579, 33.7593154907, -89.9894714355, -21.0702457428, -7.21308469772, -30.2332553864, 16.0499820709, -4.01725530624, 42.765537262, 14.0976409912, 39.5685005188, 38.4675483704, 101.816184998]],
        "icov": [[0.000220954112592, -1.10826404125e-005, 0.000269926211331, -0.000319593556924, 0.000217433989746, -0.000253467151197, 0.000129947060486, -0.000125055463286, 0.000289108196739, 7.93692961452e-005, 0.000158820330398, 0.000101719830127, 0.000252988684224], [-1.10826404125e-005, 0.00405002664775, -0.0014381519286, 0.00246175867505, -0.00265926797874, 0.00263134506531, -0.00339090917259, 0.00249566347338, -0.00290556414984, 0.00274721090682, -0.00216364022344, 0.00305905076675, -0.000373238115571], [0.000269926211331, -0.0014381519286, 0.00179862126242, -0.00107945583295, 0.000648179848213, -0.00152441952378, 0.00137025897857, -0.00146756123286, 0.00136424484663, -0.000914844451472, 0.00159599864855, -0.00054231879767, 0.000783034949563], [-0.000319593556924, 0.00246175867505, -0.00107945583295, 0.0037752839271, -0.00200105062686, 0.00199787155725, -0.00297950673848, 0.00148673960939, -0.00176156230737, 0.0019348495407, -0.000709434389137, 0.00196394999512, -0.000574474863242], [0.000217433989746, -0.00265926797874, 0.000648179848213, -0.00200105062686, 0.0054679736495, -0.00199331063777, 0.00171976338606, -0.00165548373479, 0.00179847283289, -0.00131599232554, 0.000843232555781, -0.000716397771612, 0.000257800333202], [-0.000253467151197, 0.00263134506531, -0.00152441952378, 0.00199787155725, -0.00199331063777, 0.00608770688996, -0.00366166932508, 0.00123242498375, -0.000842082838062, 0.00028194335755, -0.000615570228547, 0.00178871571552, -8.88046415639e-005], [0.000129947060486, -0.00339090917259, 0.00137025897857, -0.00297950673848, 0.00171976338606, -0.00366166932508, 0.010758551769, -0.00297510693781, 0.00147046102211, -0.000684989441652, 0.00116863823496, -0.00167203159072, -0.00117304478772], [-0.000125055463286, 0.00249566347338, -0.00146756123286, 0.00148673960939, -0.00165548373479, 0.00123242498375, -0.00297510693781, 0.00859206635505, -0.00307471281849, 7.06123682903e-005, -0.000519227411132, -0.000136599541293, 0.000551425968297], [0.000289108196739, -0.00290556414984, 0.00136424484663, -0.00176156230737, 0.00179847283289, -0.000842082838062, 0.00147046102211, -0.00307471281849, 0.00986510608345, -0.0031335153617, 0.00162749132141, -0.00113070849329, -0.00206965231337], [7.93692961452e-005, 0.00274721090682, -0.000914844451472, 0.0019348495407, -0.00131599232554, 0.00028194335755, -0.000684989441652, 7.06123682903e-005, -0.0031335153617, 0.00916127394885, -0.0037561559584, 0.00106332451105, 2.96592861559e-005], [0.000158820330398, -0.00216364022344, 0.00159599864855, -0.000709434389137, 0.000843232555781, -0.000615570228547, 0.00116863823496, -0.000519227411132, 0.00162749132141, -0.0037561559584, 0.00856984872371, -0.00347977969795, -0.00024209539697], [0.000101719830127, 0.00305905076675, -0.00054231879767, 0.00196394999512, -0.000716397771612, 0.00178871571552, -0.00167203159072, -0.000136599541293, -0.00113070849329, 0.00106332451105, -0.00347977969795, 0.0113305179402, -0.00276768603362], [0.000252988684224, -0.000373238115571, 0.000783034949563, -0.000574474863242, 0.000257800333202, -8.88046415639e-005, -0.00117304478772, 0.000551425968297, -0.00206965231337, 2.96592861559e-005, -0.00024209539697, -0.00276768603362, 0.0131740598008]]
    },
    "melbands": {
        "mean": [0.000178968359251, 0.0012318789959, 0.00148958491627, 0.00110562040936, 0.000339183199685, 0.000213579391129, 5.94327357248e-005, 5.98755359533e-005, 0.000105497289042, 9.46962027228e-005, 1.80192309926e-005, 3.69618428522e-005, 9.60439429036e-005, 4.49237559224e-005, 4.30581130786e-005, 3.69866211258e-005, 4.51913765573e-005, 8.6641201051e-005, 5.38339409104e-005, 3.00037045236e-005, 3.31580922648e-005, 2.6220415748e-005, 9.56164058152e-006, 2.74232461379e-005, 9.84645157587e-006, 3.63399749403e-006, 4.19886873715e-006, 4.70177883471e-006, 2.21039590542e-006, 3.37425262842e-006, 2.17789329326e-006, 1.02318585959e-006, 1.11315148388e-006, 6.97869893429e-007, 3.27328194771e-007, 3.09082111016e-007, 1.49322247012e-007, 1.68565989611e-007, 1.56698376941e-007, 7.47938528889e-008],
        "var": [3.56641606913e-007, 1.0295242646e-005, 1.33929688673e-005, 4.68686448585e-006, 3.00134985309e-007, 1.64233924238e-007, 1.09292894734e-008, 1.71013425643e-008, 3.61781324898e-008, 5.04586914474e-008, 4.29159507931e-009, 1.00100612244e-008, 1.28067199512e-007, 2.44625173451e-008, 1.46127927536e-008, 1.36951117113e-008, 1.75246235301e-008, 4.34258176085e-008, 2.85433472413e-008, 5.40702327356e-009, 3.7067970915e-009, 3.67283692349e-009, 7.41903261048e-010, 5.50824363899e-009, 1.04488506736e-009, 9.29618812484e-011, 2.36687669464e-010, 6.78129330467e-010, 4.20032238158e-011, 9.17798892441e-011, 6.35512684144e-011, 1.27318502963e-011, 4.56426667295e-011, 1.03487895337e-011, 1.03567610217e-012, 1.54426861923e-012, 3.2786300801e-013, 5.20363971097e-013, 1.33398294581e-012, 3.71962091119e-013]
    },
    "mfcc": {
        "mean": [-735.093688965, 153.664260864, -29.4630126953, 30.109287262, 12.9355955124, 10.0035915375, -10.8715438843, -5.95240974426, -4.13946294785, -3.86992526054, -6.72364997864, -6.73761701584, -7.09078407288],
        "cov": [[9517.828125, -2241.14013672, -1316.27880859, 718.865966797, -451.474884033, 230.636764526, -41.5365715027, 215.027481079, -84.8503494263, -158.251449585, -91.3090820313, -5.44476509094, -377.891479492], [-2241.14013672, 1732.60803223, 380.330078125, -116.314498901, 240.309799194, -43.5607223511, 51.3060073853, -19.6731529236, 64.376373291, 38.4032745361, 19.441488266, -44.2882461548, -14.3549909592], [-1316.27880859, 380.330078125, 1118.15356445, -15.15117836, 186.855728149, 77.0064849854, 128.804016113, 72.4211425781, 161.818283081, 106.398391724, -41.9758491516, -56.3183097839, 22.5388698578], [718.865966797, -116.314498901, -15.15117836, 556.513000488, 67.5369186401, 41.1977500916, 32.5961761475, 102.012313843, 94.2116622925, 0.168342009187, -41.3062820435, -19.3335762024, -67.1514968872], [-451.474884033, 240.309799194, 186.855728149, 67.5369186401, 294.222015381, 49.6733627319, 81.5858688354, 38.1479530334, 51.0339736938, 42.570400238, -26.0758972168, -6.04270648956, 16.0482673645], [230.636764526, -43.5607223511, 77.0064849854, 41.1977500916, 49.6733627319, 238.395263672, 69.8474502563, 14.8093233109, 45.3583984375, 7.03869819641, -17.4155387878, -8.54870891571, -5.28311681747], [-41.5365715027, 51.3060073853, 128.804016113, 32.5961761475, 81.5858688354, 69.8474502563, 214.635696411, 29.7208595276, 9.1737165451, 26.8040142059, -17.6120014191, -8.65687084198, 23.2086086273], [215.027481079, -19.6731529236, 72.4211425781, 102.012313843, 38.1479530334, 14.8093233109, 29.7208595276, 197.970397949, 73.908416748, 2.84247517586, -32.7800178528, -28.7188529968, -34.2617416382], [-84.8503494263, 64.376373291, 161.818283081, 94.2116622925, 51.0339736938, 45.3583984375, 9.1737165451, 73.908416748, 229.429489136, 52.4334030151, -31.7331962585, -5.59346389771, -45.0864181519], [-158.251449585, 38.4032745361, 106.398391724, 0.168342009187, 42.570400238, 7.03869819641, 26.8040142059, 2.84247517586, 52.4334030151, 171.65625, 17.8305397034, -5.87733983994, -6.33519744873], [-91.3090820313, 19.441488266, -41.9758491516, -41.3062820435, -26.0758972168, -17.4155387878, -17.6120014191, -32.7800178528, -31.7331962585, 17.8305397034, 152.589645386, 47.9407081604, 22.8773517609], [-5.44476509094, -44.2882461548, -56.3183097839, -19.3335762024, -6.04270648956, -8.54870891571, -8.65687084198, -28.7188529968, -5.59346389771, -5.87733983994, 47.9407081604, 136.802108765, 44.9439048767], [-377.891479492, -14.3549909592, 22.5388698578, -67.1514968872, 16.0482673645, -5.28311681747, 23.2086086273, -34.2617416382, -45.0864181519, -6.33519744873, 22.8773517609, 44.9439048767, 175.737640381]],
        "icov": [[0.000227343247388, 0.000215671141632, 0.000174899454578, -0.000177953654202, 0.000143442302942, -0.000210746758967, -9.96582239168e-005, -0.000172199259396, 0.000126472092234, 1.4442553038e-005, 4.44405777671e-005, -7.19165618648e-005, 0.000421776610892], [0.000215671141632, 0.000949455483351, 3.63058757102e-006, 4.61782728962e-005, -0.000510908721481, 0.000115048329462, -0.000148125633132, 7.22535478417e-005, -9.46131040109e-005, 0.000213025370613, -0.000255576975178, 0.000210444908589, 0.000605116016231], [0.000174899454578, 3.63058757102e-006, 0.00138070352841, 6.28519119346e-005, -0.000228214383242, -0.000265407346888, -0.000492232036777, -0.000282240711385, -0.000625571410637, -0.000353988580173, 0.000104842431028, 0.000405425642384, -4.44231736765e-005], [-0.000177953654202, 4.61782728962e-005, 6.28519119346e-005, 0.00239958567545, -0.000716465583537, 0.000131095468532, -0.000162359370734, -0.00054981658468, -0.000779277645051, 0.000237927073613, 4.84510746901e-005, 8.87574569788e-005, 0.000293226301437], [0.000143442302942, -0.000510908721481, -0.000228214383242, -0.000716465583537, 0.00499634305015, -0.000710172462277, -0.00101558025926, -0.000553920515813, 9.68194581219e-005, -0.000795798492618, 0.000769537000451, -0.000528213626239, -0.000398209755076], [-0.000210746758967, 0.000115048329462, -0.000265407346888, 0.000131095468532, -0.000710172462277, 0.00521697523072, -0.00143591559026, 0.000659862998873, -0.00115860044025, 0.000490756996442, -0.000110341919935, 0.00035009617568, -0.0001743992907], [-9.96582239168e-005, -0.000148125633132, -0.000492232036777, -0.000162359370734, -0.00101558025926, -0.00143591559026, 0.00613950798288, -0.000701357494108, 0.000953398353886, -0.000761387636885, 0.000431840162491, 2.9992051509e-007, -0.000962415826507], [-0.000172199259396, 7.22535478417e-005, -0.000282240711385, -0.00054981658468, -0.000553920515813, 0.000659862998873, -0.000701357494108, 0.0066936747171, -0.00186896370724, 0.000704430916812, 0.000175883513293, 0.00103025324643, 0.000189290731214], [0.000126472092234, -9.46131040109e-005, -0.000625571410637, -0.000779277645051, 9.68194581219e-005, -0.00115860044025, 0.000953398353886, -0.00186896370724, 0.0067665562965, -0.00175326678436, 0.00115727470256, -0.00146030075848, 0.00140833505429], [1.4442553038e-005, 0.000213025370613, -0.000353988580173, 0.000237927073613, -0.000795798492618, 0.000490756996442, -0.000761387636885, 0.000704430916812, -0.00175326678436, 0.00702541507781, -0.00152586295735, 0.000708804174792, 0.000330897775711], [4.44405777671e-005, -0.000255576975178, 0.000104842431028, 4.84510746901e-005, 0.000769537000451, -0.000110341919935, 0.000431840162491, 0.000175883513293, 0.00115727470256, -0.00152586295735, 0.0081726917997, -0.00277994503267, -0.000127637991682], [-7.19165618648e-005, 0.000210444908589, 0.000405425642384, 8.87574569788e-005, -0.000528213626239, 0.00035009617568, 2.9992051509e-007, 0.00103025324643, -0.00146030075848, 0.000708804174792, -0.00277994503267, 0.00947176851332, -0.00230551254936], [0.000421776610892, 0.000605116016231, -4.44231736765e-005, 0.000293226301437, -0.000398209755076, -0.0001743992907, -0.000962415826507, 0.000189290731214, 0.00140833505429, 0.000330897775711, -0.000127637991682, -0.00230551254936, 0.00793903227895]]
    },
    "spectral_contrast_coeffs": {
        "mean": [-0.551750481129, -0.648139238358, -0.683725237846, -0.670671522617, -0.679683625698, -0.70938462019],
        "var": [0.0125054940581, 0.00823216326535, 0.00804827921093, 0.00691283168271, 0.00731571391225, 0.00679747015238]
    },
    "spectral_contrast_valleys": {
        "mean": [-8.50739383698, -8.11468029022, -8.90965366364, -9.08923435211, -9.59819889069, -12.6730737686],
        "var": [1.09152173996, 0.881350398064, 0.864719927311, 0.943385899067, 1.32460391521, 1.04061412811]
    }
},
"metadata": {
    "audio_properties": {
        "analysis_sample_rate": 44100,
        "bit_rate": 128074,
        "equal_loudness": 0,
        "length": 45.0612258911,
        "lossless": 0,
        "replay_gain": -6.20907020569,
        "sample_rate": 44100,
        "codec": "mp3",
        "downmix": "mix",
        "md5_encoded": "a1db91cde0b90a23d994c9b388bce807"
    },
    "tags": {
        "file_name": "1795.mp3"
    },
    "version": {
        "essentia": "2.1-beta2",
        "essentia_git_sha": "v2.1_beta2",
        "extractor": "music 1.0"
    }
},
"rhythm": {
    "beats_count": 96,
    "beats_loudness": {
        "mean": 0.0287814438343,
        "var": 0.000989755033515
    },
    "bpm": 178.205963135,
    "bpm_histogram_first_peak_bpm": {
        "mean": 178,
        "var": 0
    },
    "bpm_histogram_first_peak_spread": {
        "mean": 0,
        "var": 0
    },
    "bpm_histogram_first_peak_weight": {
        "mean": 0.115789473057,
        "var": 0
    },
    "bpm_histogram_second_peak_bpm": {
        "mean": 103,
        "var": 0
    },
    "bpm_histogram_second_peak_spread": {
        "mean": 0.615384578705,
        "var": 0
    },
    "bpm_histogram_second_peak_weight": {
        "mean": 0.105263158679,
        "var": 0
    },
    "danceability": 1.10339152813,
    "onset_rate": 2.72838926315,
    "beats_loudness_band_ratio": {
        "mean": [0.415188193321, 0.279738634825, 0.0996970459819, 0.093963354826, 0.160741895437, 0.0371348597109],
        "var": [0.0930889248848, 0.0416317805648, 0.0120350271463, 0.0125667052343, 0.0254590529948, 0.00710543245077]
    },
    "beats_position": [0.394739210606, 0.801088392735, 1.20743763447, 1.59056687355, 1.9620860815, 2.33360528946, 2.73995471001, 3.07664394379, 3.39011335373, 3.72680258751, 4.06349182129, 4.38857126236, 4.71365070343, 5.0387301445, 5.35219955444, 5.66566896439, 6.00235795975, 6.33904743195, 6.6989569664, 7.05886602402, 7.47682523727, 7.89478445053, 8.32435321808, 8.76553249359, 9.21832180023, 9.67111110687, 10.1239004135, 10.5650787354, 11.0062580109, 11.4590473175, 12.051156044, 12.6316547394, 13.2121543884, 13.7810430527, 14.361541748, 14.9304304123, 15.4877090454, 16.0682086945, 16.637096405, 17.2059860229, 17.786485672, 18.4250335693, 19.0519733429, 19.6905212402, 20.3174591064, 20.9211788177, 21.5248966217, 22.1402263641, 22.7439460754, 23.3592739105, 23.9513835907, 24.5434913635, 25.1356010437, 25.7277088165, 26.3314285278, 26.9119262695, 27.5040359497, 28.0961437225, 28.6766433716, 29.2571430206, 29.8724708557, 30.4994106293, 31.1263484955, 31.753288269, 32.4034461975, 32.9839439392, 33.5528335571, 34.1333312988, 34.6441726685, 35.1317901611, 35.6426315308, 36.1418571472, 36.6410865784, 37.1403160095, 37.5002250671, 37.8253059387, 38.1387748718, 38.4754638672, 38.8121528625, 39.1488418579, 39.4739227295, 39.7989997864, 40.1008605957, 40.402721405, 40.7161903381, 41.041267395, 41.3663482666, 41.703037262, 42.0397262573, 42.3764152527, 42.7247161865, 43.0730133057, 43.4213142395, 43.7812232971, 44.1411323547, 44.4894332886]
},
"tonal": {
    "chords_changes_rate": 0.0679012313485,
    "chords_number_rate": 0.0185185186565,
    "chords_strength": {
        "mean": 0.414023131132,
        "var": 0.00681256968528
    },
    "hpcp_entropy": {
        "mean": 1.50176203251,
        "var": 0.466701358557
    },
    "key_strength": 0.600756049156,
    "tuning_diatonic_strength": 0.316911041737,
    "tuning_equal_tempered_deviation": 0.0185882095248,
    "tuning_frequency": 441.782684326,
    "tuning_nontempered_energy_ratio": 0.610787034035,
    "hpcp": {
        "mean": [0.176234185696, 0.111150503159, 0.0688049048185, 0.0728357732296, 0.0385018028319, 0.0861672013998, 0.153566136956, 0.0877116322517, 0.0647202432156, 0.0915740579367, 0.0469430685043, 0.0698515027761, 0.123506821692, 0.0825104638934, 0.135201767087, 0.217461973429, 0.128505244851, 0.0643485859036, 0.0636671259999, 0.0388913787901, 0.105184599757, 0.169832736254, 0.0892448723316, 0.0486947149038, 0.0697809755802, 0.0515878498554, 0.0950114354491, 0.168569535017, 0.133806362748, 0.138156026602, 0.185546562076, 0.116571068764, 0.139252498746, 0.205637440085, 0.122233487666, 0.118159964681],
        "var": [0.10650395602, 0.0408167243004, 0.0318600460887, 0.0431678444147, 0.0135228652507, 0.0263942368329, 0.0883884578943, 0.0270596239716, 0.02390858531, 0.05174575001, 0.0127891944721, 0.017973953858, 0.0630902349949, 0.0239273011684, 0.0450932681561, 0.1170072034, 0.0442528985441, 0.0212853737175, 0.0254338849336, 0.0108079658821, 0.0419267751276, 0.0945714563131, 0.0258805342019, 0.0178683046252, 0.039660692215, 0.0179694779217, 0.0308323837817, 0.0812989100814, 0.0561596788466, 0.0590430945158, 0.10499535501, 0.0469406507909, 0.0546411909163, 0.121856316924, 0.0494282618165, 0.0439475178719]
    },
    "chords_histogram": [8.64197540283, 3.39506173134, 18.6213989258, 10.3909463882, 4.62962961197, 0, 6.27572011948, 1.44032919407, 3.08641982079, 0, 3.39506173134, 0.514403283596, 0, 1.74897122383, 9.87654304504, 0.102880656719, 0.514403283596, 3.39506173134, 3.80658435822, 4.01234579086, 1.74897122383, 8.84773635864, 1.64609050751, 3.90946507454],
    "thpcp": [1, 0.590932011604, 0.29590728879, 0.292773604393, 0.178842201829, 0.483691930771, 0.780976712704, 0.410392999649, 0.223922893405, 0.320888161659, 0.237226992846, 0.436910569668, 0.775167882442, 0.615309238434, 0.635311186314, 0.853236794472, 0.536052644253, 0.640353322029, 0.945624828339, 0.562091290951, 0.543359220028, 0.810413777828, 0.511126160622, 0.316399693489, 0.334935665131, 0.177050739527, 0.396240323782, 0.70617467165, 0.403342396021, 0.297616362572, 0.421103775501, 0.215867936611, 0.321212500334, 0.567946732044, 0.379424780607, 0.621726036072],
    "chords_key": "D",
    "chords_scale": "major",
    "key_key": "G",
    "key_scale": "major"
}
}