{
"lowlevel": {
    "average_loudness": 0.827389240265,
    "barkbands_crest": {
        "mean": 13.6455249786,
        "var": 22.733499527
    },
    "barkbands_flatness_db": {
        "mean": 0.231701850891,
        "var": 0.00551913958043
    },
    "barkbands_kurtosis": {
        "mean": 12.4709062576,
        "var": 785.05090332
    },
    "barkbands_skewness": {
        "mean": 1.73536837101,
        "var": 5.09572124481
    },
    "barkbands_spread": {
        "mean": 11.5115127563,
        "var": 104.264648438
    },
    "dissonance": {
        "mean": 0.419107556343,
        "var": 0.00345186446793
    },
    "dynamic_complexity": 4.81998682022,
    "erbbands_crest": {
        "mean": 14.3278274536,
        "var": 34.7478713989
    },
    "erbbands_flatness_db": {
        "mean": 0.236233100295,
        "var": 0.00552136125043
    },
    "erbbands_kurtosis": {
        "mean": 4.30204534531,
        "var": 53.075504303
    },
    "erbbands_skewness": {
        "mean": 0.72547185421,
        "var": 2.28729772568
    },
    "erbbands_spread": {
        "mean": 24.365404129,
        "var": 492.116363525
    },
    "hfc": {
        "mean": 14.3711109161,
        "var": 490.972381592
    },
    "melbands_crest": {
        "mean": 16.9789581299,
        "var": 39.2715034485
    },
    "melbands_flatness_db": {
        "mean": 0.289819359779,
        "var": 0.00821610447019
    },
    "melbands_kurtosis": {
        "mean": 19.4772109985,
        "var": 1306.57556152
    },
    "melbands_skewness": {
        "mean": 2.25362420082,
        "var": 5.88304185867
    },
    "melbands_spread": {
        "mean": 16.557302475,
        "var": 257.955749512
    },
    "pitch_salience": {
        "mean": 0.474581211805,
        "var": 0.0181041415781
    },
    "silence_rate_20dB": {
        "mean": 1,
        "var": 0
    },
    "silence_rate_30dB": {
        "mean": 0.996910393238,
        "var": 0.00308005139232
    },
    "silence_rate_60dB": {
        "mean": 0.176107108593,
        "var": 0.145095080137
    },
    "spectral_centroid": {
        "mean": 956.960693359,
        "var": 430095.65625
    },
    "spectral_complexity": {
        "mean": 7.17559194565,
        "var": 15.7101783752
    },
    "spectral_decrease": {
        "mean": -4.47356995892e-009,
        "var": 2.36181555036e-017
    },
    "spectral_energy": {
        "mean": 0.0181877594441,
        "var": 0.000385369581636
    },
    "spectral_energyband_high": {
        "mean": 9.81708726613e-005,
        "var": 2.83660614997e-008
    },
    "spectral_energyband_low": {
        "mean": 0.00466681504622,
        "var": 0.000183458934771
    },
    "spectral_energyband_middle_high": {
        "mean": 0.00608228519559,
        "var": 0.000129633510369
    },
    "spectral_energyband_middle_low": {
        "mean": 0.0077665024437,
        "var": 7.62308918638e-005
    },
    "spectral_entropy": {
        "mean": 6.70141458511,
        "var": 0.519865870476
    },
    "spectral_flux": {
        "mean": 0.0473954491317,
        "var": 0.0017133973306
    },
    "spectral_kurtosis": {
        "mean": 10.4949007034,
        "var": 114.889358521
    },
    "spectral_rms": {
        "mean": 0.00369371380657,
        "var": 4.10062420997e-006
    },
    "spectral_rolloff": {
        "mean": 1048.56237793,
        "var": 1003564
    },
    "spectral_skewness": {
        "mean": 2.19938063622,
        "var": 1.05083477497
    },
    "spectral_spread": {
        "mean": 3756241.5,
        "var": 3.53126658867e+012
    },
    "spectral_strongpeak": {
        "mean": 1.94251465797,
        "var": 8.22494792938
    },
    "zerocrossingrate": {
        "mean": 0.0433046631515,
        "var": 0.000836928433273
    },
    "barkbands": {
        "mean": [0.000169548453414, 0.00382449920289, 0.000276808219496, 0.00116502016317, 0.00131106982008, 0.00192518066615, 0.000928380060941, 0.00138844840694, 0.00100555375684, 0.000215847088839, 0.000648709887173, 0.000739486771636, 0.000682972487994, 6.74065377098e-005, 0.00219566002488, 0.000859185587615, 0.0002212068066, 0.000329836271703, 7.81952039688e-005, 9.22645558603e-005, 2.4282029699e-005, 1.50657142513e-005, 9.42974565987e-006, 6.58110229779e-006, 4.94194910061e-006, 2.0331815449e-006, 1.7987309775e-007],
        "var": [7.28339955458e-007, 0.000146954684169, 2.15279624172e-006, 4.12287863583e-006, 9.72526868281e-006, 1.04427272163e-005, 8.35520131659e-006, 2.45324008574e-005, 4.0021550376e-006, 3.78927808242e-007, 4.70090162707e-006, 5.24158031112e-006, 3.2395191738e-006, 8.41387688411e-008, 3.60403028026e-005, 1.21705743368e-005, 4.98619954215e-007, 2.07907191907e-006, 1.55756737286e-007, 9.67190771917e-008, 1.7013339626e-009, 7.5052442039e-010, 2.42277670148e-010, 1.30604541071e-010, 9.60311760667e-011, 2.57827613426e-011, 5.41645233439e-013]
    },
    "erbbands": {
        "mean": [0.135644078255, 0.76202493906, 0.481406271458, 1.99153709412, 4.47432374954, 4.77278280258, 8.51439857483, 17.4646530151, 13.6480884552, 25.9169883728, 24.9238758087, 23.8601093292, 6.10790777206, 18.7587432861, 22.8983917236, 35.7131614685, 35.6683311462, 8.13757133484, 62.5364608765, 118.226509094, 30.3175773621, 10.2698421478, 21.6306381226, 7.42027711868, 2.64493870735, 4.81066989899, 1.37367486954, 0.889993309975, 0.567365527153, 0.383269995451, 0.251866877079, 0.155326753855, 0.104125961661, 0.0677706450224, 0.0278377048671, 0.0107373390347, 0.00324149406515, 0.000662882754114, 2.69110387308e-005, 2.19828434638e-005],
        "var": [0.223920658231, 5.27211332321, 2.70727539063, 10.5443458557, 76.7373580933, 191.897781372, 162.155578613, 1150.86865234, 1218.14221191, 10210.2578125, 2988.47827148, 2049.08569336, 192.195999146, 3187.72265625, 8290.58886719, 10522.5283203, 8002.87109375, 289.430938721, 25845.5253906, 175225.15625, 7370.35546875, 711.578857422, 9862.15136719, 911.540039063, 41.69739151, 368.502319336, 6.47636508942, 2.82500743866, 1.01316690445, 0.414515912533, 0.190121009946, 0.0708639547229, 0.0331350192428, 0.0168465897441, 0.00391732761636, 0.000626681430731, 7.16251888662e-005, 4.53430538983e-006, 4.85609730205e-009, 5.42225264688e-010]
    },
    "gfcc": {
        "mean": [-99.8005142212, 117.322257996, -122.325584412, 21.0365467072, -59.2853775024, 0.81324005127, -40.9001960754, -4.61072397232, -20.3353557587, -2.69416952133, -16.2578868866, -9.02551364899, -9.59299468994],
        "cov": [[5057.51367188, -1062.56469727, -1662.00061035, -281.279541016, 386.041870117, 38.1093101501, -212.060684204, 40.4433364868, -95.9984207153, 231.313186646, -124.61390686, 32.0101890564, 27.6122627258], [-1062.56469727, 1885.49536133, 303.058868408, -368.118682861, 198.274459839, -117.528656006, 381.73046875, -61.1909599304, 370.905273438, -157.298660278, 311.476745605, 1.87280476093, 257.36807251], [-1662.00061035, 303.058868408, 2244.43408203, 519.733459473, -669.001098633, 132.938293457, 130.504882813, 179.567276001, -12.8431053162, 26.2277603149, 42.8495025635, 158.344268799, 5.88056087494], [-281.279541016, -368.118682861, 519.733459473, 850.869628906, 117.522575378, 101.368469238, 112.588729858, 155.45602417, 6.6972990036, 84.7983093262, 13.952454567, 12.1871194839, 6.19028949738], [386.041870117, 198.274459839, -669.001098633, 117.522575378, 849.447387695, 142.709365845, 228.680206299, 102.464805603, 228.185760498, 79.7545166016, 113.376228333, -22.2272796631, 93.3764953613], [38.1093101501, -117.528656006, 132.938293457, 101.368469238, 142.709365845, 308.911193848, 103.029541016, 90.0280914307, 22.5850505829, 78.1896896362, 11.8567037582, 44.5374145508, -2.0308303833], [-212.060684204, 381.73046875, 130.504882813, 112.588729858, 228.680206299, 103.029541016, 297.243347168, 106.181999207, 138.279022217, 23.0407505035, 108.417991638, 15.9871883392, 90.7117538452], [40.4433364868, -61.1909599304, 179.567276001, 155.45602417, 102.464805603, 90.0280914307, 106.181999207, 199.662887573, 113.127738953, 90.1256103516, 31.3430290222, 38.6419372559, 2.80461120605], [-95.9984207153, 370.905273438, -12.8431053162, 6.6972990036, 228.185760498, 22.5850505829, 138.279022217, 113.127738953, 278.973022461, 99.54662323, 134.650497437, 0.0802494063973, 61.6885299683], [231.313186646, -157.298660278, 26.2277603149, 84.7983093262, 79.7545166016, 78.1896896362, 23.0407505035, 90.1256103516, 99.54662323, 191.19708252, 66.8141784668, 37.2575187683, -3.41679978371], [-124.61390686, 311.476745605, 42.8495025635, 13.952454567, 113.376228333, 11.8567037582, 108.417991638, 31.3430290222, 134.650497437, 66.8141784668, 161.953811646, 53.7012939453, 76.3178405762], [32.0101890564, 1.87280476093, 158.344268799, 12.1871194839, -22.2272796631, 44.5374145508, 15.9871883392, 38.6419372559, 0.0802494063973, 37.2575187683, 53.7012939453, 137.335922241, 62.7463645935], [27.6122627258, 257.36807251, 5.88056087494, 6.19028949738, 93.3764953613, -2.0308303833, 90.7117538452, 2.80461120605, 61.6885299683, -3.41679978371, 76.3178405762, 62.7463645935, 160.635696411]],
        "icov": [[0.000349974259734, -2.39948240051e-005, 0.000316473015118, 2.56272705883e-005, 7.04717967892e-005, -2.43966837843e-006, 9.47703520069e-005, -0.000409213040257, 0.000358861027053, -0.000657743832562, 0.000406961335102, -0.000121389937703, -0.000419388990849], [-2.39948240051e-005, 0.00421348726377, -0.00159686547704, 0.00218891189434, -0.000825607799925, 0.000904772430658, -0.00264334538952, 0.00298873521388, -0.00430753687397, 0.00507666170597, -0.00452055828646, 0.00176856131293, -0.00162158219609], [0.000316473015118, -0.00159686547704, 0.00218052160926, -0.00167754269205, 0.00202448177151, -0.000988394604065, 0.000160576571943, -0.00145713367965, 0.000718790630344, -0.00175115419552, 0.00220223236829, -0.00207779114135, 0.000686394283548], [2.56272705883e-005, 0.00218891189434, -0.00167754269205, 0.00332104670815, -0.0016870147083, 0.000937446427997, -0.000918841979001, -0.000290076219244, 0.000166275378433, 0.00153341749683, -0.00315294484608, 0.00280415290035, -0.00169018923771], [7.04717967892e-005, -0.000825607799925, 0.00202448177151, -0.0016870147083, 0.00410206802189, -0.00171697791666, -0.00119897408877, -0.000254803657299, -0.00184605189133, -0.000313342839945, 0.00138788367622, -0.00126656913199, 0.000114490096166], [-2.43966837843e-006, 0.000904772430658, -0.000988394604065, 0.000937446427997, -0.00171697791666, 0.00572904897854, -0.00273740268312, 0.000639127276372, 0.000571451790165, -0.00153046648484, 0.00111574679613, -0.00139323202893, 0.000918144767638], [9.47703520069e-005, -0.00264334538952, 0.000160576571943, -0.000918841979001, -0.00119897408877, -0.00273740268312, 0.0115240504965, -0.00719706248492, 0.00453806901351, -0.000226041127462, -0.00370173179545, 0.00421260343865, -0.00310567393899], [-0.000409213040257, 0.00298873521388, -0.00145713367965, -0.000290076219244, -0.000254803657299, 0.000639127276372, -0.00719706248492, 0.0175436343998, -0.0113784316927, 0.00114889780525, 0.0053498391062, -0.00668490538374, 0.00372404186055], [0.000358861027053, -0.00430753687397, 0.000718790630344, 0.000166275378433, -0.00184605189133, 0.000571451790165, 0.00453806901351, -0.0113784316927, 0.0190299265087, -0.00836867652833, -0.00466852542013, 0.00643766671419, -0.00225926819257], [-0.000657743832562, 0.00507666170597, -0.00175115419552, 0.00153341749683, -0.000313342839945, -0.00153046648484, -0.000226041127462, 0.00114889780525, -0.00836867652833, 0.0178723521531, -0.0107239540666, 0.00125888292678, 0.000451867672382], [0.000406961335102, -0.00452055828646, 0.00220223236829, -0.00315294484608, 0.00138788367622, 0.00111574679613, -0.00370173179545, 0.0053498391062, -0.00466852542013, -0.0107239540666, 0.0265639387071, -0.0118972556666, 0.00200947909616], [-0.000121389937703, 0.00176856131293, -0.00207779114135, 0.00280415290035, -0.00126656913199, -0.00139323202893, 0.00421260343865, -0.00668490538374, 0.00643766671419, 0.00125888292678, -0.0118972556666, 0.0193737968802, -0.0087489662692], [-0.000419388990849, -0.00162158219609, 0.000686394283548, -0.00169018923771, 0.000114490096166, 0.000918144767638, -0.00310567393899, 0.00372404186055, -0.00225926819257, 0.000451867672382, 0.00200947909616, -0.0087489662692, 0.0139092514291]]
    },
    "melbands": {
        "mean": [0.0011753810104, 0.000496732944157, 0.000445111101726, 0.000342368410202, 0.000274370249826, 0.000383286766009, 0.000197270084755, 0.000296242302284, 0.000215923049836, 0.000132168308483, 2.4199280233e-005, 6.9932473707e-005, 7.42056799936e-005, 7.88893084973e-005, 0.000100694320281, 5.36205043318e-005, 7.30305282559e-006, 7.55497312639e-005, 0.000162988886586, 0.000114447509986, 2.32979891734e-005, 1.02255035017e-005, 1.756770871e-005, 1.39322291943e-005, 5.64287120142e-006, 1.62147807714e-006, 2.72033298643e-006, 3.12713109452e-006, 8.55660914567e-007, 6.74821478697e-007, 4.43333902922e-007, 3.24622277503e-007, 2.64999727051e-007, 1.91598473975e-007, 1.49793621063e-007, 1.18756844358e-007, 8.59642028672e-008, 7.41326999787e-008, 6.69416309051e-008, 5.44742704278e-008],
        "var": [1.47052378452e-005, 2.13740599975e-006, 5.89921796745e-007, 7.00679834154e-007, 1.43619928394e-007, 5.11172459028e-007, 2.53583550602e-007, 1.38441498621e-006, 1.81466930371e-007, 6.27660341479e-008, 4.85928142169e-009, 4.5691191275e-008, 6.93900616966e-008, 5.90798450162e-008, 6.92131507662e-008, 1.73304339768e-008, 7.74089126132e-010, 5.09359487921e-008, 2.15722138819e-007, 1.95398740743e-007, 4.4625365625e-009, 1.29262522908e-009, 5.74136782561e-009, 3.38778827214e-009, 8.83066897384e-010, 1.86194983043e-011, 7.75438394052e-011, 1.54348853143e-010, 3.28503305287e-012, 1.89980778505e-012, 7.1003863596e-013, 3.58369340063e-013, 2.39352971037e-013, 9.8601668822e-014, 7.50838193703e-014, 4.0436661723e-014, 2.32051536867e-014, 1.76384650158e-014, 1.49254913306e-014, 1.21906176085e-014]
    },
    "mfcc": {
        "mean": [-748.294494629, 142.346740723, -0.779615998268, 23.9481391907, -0.115809120238, 1.62676155567, -10.3846664429, -7.97529792786, -5.23772621155, -2.41848158836, -5.72986698151, -2.80374217033, -2.45482873917],
        "cov": [[4972.81054688, -1050.45910645, -1839.61547852, -269.927246094, 52.6070404053, -13.4072275162, -59.584777832, -213.111541748, 67.7027816772, 47.3095550537, -106.188064575, -35.4244918823, 30.8039932251], [-1050.45910645, 1908.16320801, 128.850494385, -211.073394775, -66.4105606079, -13.9465770721, 7.13865756989, 147.530609131, 80.7999572754, -5.27474927902, 22.7080955505, 91.9779663086, 110.103729248], [-1839.61547852, 128.850494385, 2187.7956543, 183.040328979, -232.267288208, -11.0701036453, 41.0951805115, 123.286201477, -72.2981796265, -33.6502876282, 89.4535598755, -31.6240768433, -58.7831382751], [-269.927246094, -211.073394775, 183.040328979, 585.810241699, 189.027786255, 101.544273376, 143.492996216, 96.102432251, 107.037574768, 98.1746826172, 94.4641876221, 62.7793426514, -7.81712913513], [52.6070404053, -66.4105606079, -232.267288208, 189.027786255, 315.706176758, 142.921951294, 89.8103713989, 80.2269515991, 105.725357056, 104.543380737, 75.3249664307, 79.6937103271, 55.7379760742], [-13.4072275162, -13.9465770721, -11.0701036453, 101.544273376, 142.921951294, 203.250473022, 130.784881592, 73.1489562988, 73.4320983887, 72.2961273193, 38.1233520508, 13.9266042709, 35.1194038391], [-59.584777832, 7.13865756989, 41.0951805115, 143.492996216, 89.8103713989, 130.784881592, 196.930938721, 116.303939819, 91.8950195313, 64.6104660034, 32.2374801636, 7.39625549316, 16.6387519836], [-213.111541748, 147.530609131, 123.286201477, 96.102432251, 80.2269515991, 73.1489562988, 116.303939819, 177.702270508, 102.438499451, 53.2402000427, 43.8003845215, 30.0012054443, 19.921459198], [67.7027816772, 80.7999572754, -72.2981796265, 107.037574768, 105.725357056, 73.4320983887, 91.8950195313, 102.438499451, 158.050949097, 112.205429077, 66.5300140381, 53.9288291931, 35.7057342529], [47.3095550537, -5.27474927902, -33.6502876282, 98.1746826172, 104.543380737, 72.2961273193, 64.6104660034, 53.2402000427, 112.205429077, 182.08416748, 112.897216797, 63.8983154297, 53.5257034302], [-106.188064575, 22.7080955505, 89.4535598755, 94.4641876221, 75.3249664307, 38.1233520508, 32.2374801636, 43.8003845215, 66.5300140381, 112.897216797, 159.0287323, 132.31362915, 63.0329437256], [-35.4244918823, 91.9779663086, -31.6240768433, 62.7793426514, 79.6937103271, 13.9266042709, 7.39625549316, 30.0012054443, 53.9288291931, 63.8983154297, 132.31362915, 196.279098511, 95.9353256226], [30.8039932251, 110.103729248, -58.7831382751, -7.81712913513, 55.7379760742, 35.1194038391, 16.6387519836, 19.921459198, 35.7057342529, 53.5257034302, 63.0329437256, 95.9353256226, 122.697380066]],
        "icov": [[0.000378173193894, 0.000231311583775, 0.000285552145215, 0.000134027810418, 0.000286680005956, -8.30345234135e-005, -2.21877826334e-006, 0.000195089683984, -0.000533433165401, 2.92682943837e-005, 0.000100036617368, -1.28976707856e-005, -0.000193849176867], [0.000231311583775, 0.000820375222247, 0.00013573335309, 0.000334143056534, 0.000442613643827, -0.0001020560303, 0.000287756207399, -0.000626967987046, -0.000735581270419, 0.000188754958799, 0.000388318439946, -0.000329911912559, -0.000626828987151], [0.000285552145215, 0.00013573335309, 0.000974147638772, -0.000356205215212, 0.00119792064652, -0.000549848016817, 0.000414755835664, -0.000978637253866, 0.000484789256006, 0.00032688389183, -0.0013823856134, 0.000721300544683, -0.000171113963006], [0.000134027810418, 0.000334143056534, -0.000356205215212, 0.00311381788924, -0.00178113498259, 0.000949264096562, -0.00204675621353, 0.000853995792568, -0.00108478730544, 7.27784208721e-005, -0.000313412368996, -0.000803222763352, 0.00144351506606], [0.000286680005956, 0.000442613643827, 0.00119792064652, -0.00178113498259, 0.00818449538201, -0.00492950994521, 0.00278833182529, -0.00259190797806, -0.00039132439997, -0.00126855960116, 0.000723245437257, -0.00174123083707, -0.000615867727902], [-8.30345234135e-005, -0.0001020560303, -0.000549848016817, 0.000949264096562, -0.00492950994521, 0.0124055175111, -0.00740701472387, 0.00198513199575, -4.57200003439e-005, -0.000190381440916, -0.0011896105716, 0.00262221624143, -0.00206262920983], [-2.21877826334e-006, 0.000287756207399, 0.000414755835664, -0.00204675621353, 0.00278833182529, -0.00740701472387, 0.0146909933537, -0.00653801113367, -0.00141907320358, -0.000425502745202, 0.000712596403901, 0.000793285609689, -0.000654371629935], [0.000195089683984, -0.000626967987046, -0.000978637253866, 0.000853995792568, -0.00259190797806, 0.00198513199575, -0.00653801113367, 0.015142345801, -0.00823035743088, 0.00381532707252, -0.00204125186428, 0.00111558043864, 4.35511938122e-005], [-0.000533433165401, -0.000735581270419, 0.000484789256006, -0.00108478730544, -0.00039132439997, -4.57200003439e-005, -0.00141907320358, -0.00823035743088, 0.0212729759514, -0.0111482730135, 0.00448029581457, -0.00424592848867, 0.00236769090407], [2.92682943837e-005, 0.000188754958799, 0.00032688389183, 7.27784208721e-005, -0.00126855960116, -0.000190381440916, -0.000425502745202, 0.00381532707252, -0.0111482730135, 0.0206746421754, -0.0170514602214, 0.0101152667776, -0.00487059447914], [0.000100036617368, 0.000388318439946, -0.0013823856134, -0.000313412368996, 0.000723245437257, -0.0011896105716, 0.000712596403901, -0.00204125186428, 0.00448029581457, -0.0170514602214, 0.0329689234495, -0.0201344005764, 0.00413144705817], [-1.28976707856e-005, -0.000329911912559, 0.000721300544683, -0.000803222763352, -0.00174123083707, 0.00262221624143, 0.000793285609689, 0.00111558043864, -0.00424592848867, 0.0101152667776, -0.0201344005764, 0.0221991725266, -0.00984532106668], [-0.000193849176867, -0.000626828987151, -0.000171113963006, 0.00144351506606, -0.000615867727902, -0.00206262920983, -0.000654371629935, 4.35511938122e-005, 0.00236769090407, -0.00487059447914, 0.00413144705817, -0.00984532106668, 0.016734322533]]
    },
    "spectral_contrast_coeffs": {
        "mean": [-0.594927430153, -0.631271660328, -0.705389499664, -0.728272736073, -0.793781816959, -0.77620857954],
        "var": [0.00994681753218, 0.0112134851515, 0.0104485889897, 0.014304923825, 0.00687423115596, 0.000982976867817]
    },
    "spectral_contrast_valleys": {
        "mean": [-8.56108093262, -7.85738372803, -8.74256896973, -8.95913219452, -8.85451030731, -11.4364490509],
        "var": [1.0477399826, 0.709061026573, 0.928733587265, 0.902193844318, 0.856119930744, 1.09909176826]
    }
},
"metadata": {
    "audio_properties": {
        "analysis_sample_rate": 44100,
        "bit_rate": 128074,
        "equal_loudness": 0,
        "length": 45.0612258911,
        "lossless": 0,
        "replay_gain": -4.88099861145,
        "sample_rate": 44100,
        "codec": "mp3",
        "downmix": "mix",
        "md5_encoded": "28bdb6433070bebedc506685ef462998"
    },
    "tags": {
        "file_name": "1797.mp3"
    },
    "version": {
        "essentia": "2.1-beta2",
        "essentia_git_sha": "v2.1_beta2",
        "extractor": "music 1.0"
    }
},
"rhythm": {
    "beats_count": 93,
    "beats_loudness": {
        "mean": 0.0249606519938,
        "var": 0.000514025508892
    },
    "bpm": 136.467773438,
    "bpm_histogram_first_peak_bpm": {
        "mean": 136,
        "var": 0
    },
    "bpm_histogram_first_peak_spread": {
        "mean": 0.62857145071,
        "var": 0
    },
    "bpm_histogram_first_peak_weight": {
        "mean": 0.141304343939,
        "var": 0
    },
    "bpm_histogram_second_peak_bpm": {
        "mean": 129,
        "var": 0
    },
    "bpm_histogram_second_peak_spread": {
        "mean": 0.473684221506,
        "var": 0
    },
    "bpm_histogram_second_peak_weight": {
        "mean": 0.108695648611,
        "var": 0
    },
    "danceability": 1.01882648468,
    "onset_rate": 4.65822553635,
    "beats_loudness_band_ratio": {
        "mean": [0.363242685795, 0.230135709047, 0.186046183109, 0.108236521482, 0.13079148531, 0.0193982347846],
        "var": [0.116253823042, 0.0625143125653, 0.0414182022214, 0.0196834970266, 0.0455803200603, 0.000693237991072]
    },
    "beats_position": [0.417959183455, 0.847528338432, 1.27709746361, 1.69505667686, 2.13623571396, 2.60063481331, 3.05342388153, 3.50621318817, 3.95900225639, 4.42340135574, 4.94585037231, 5.47990942001, 6.01396799088, 6.53641700745, 7.05886602402, 7.69741487503, 8.33596324921, 8.96290206909, 9.58984088898, 10.2167797089, 10.7856683731, 11.354557991, 11.9350566864, 12.4923353195, 13.0496139526, 13.6301136017, 14.1990022659, 14.7678909302, 15.3251695633, 15.8824491501, 16.4281177521, 16.9737873077, 17.5310649872, 18.0302944183, 18.5179138184, 19.0171432495, 19.4931507111, 19.96916008, 20.4335594177, 20.8979587555, 21.3739681244, 21.8499774933, 22.3259868622, 22.8136043549, 23.3012237549, 23.7772331238, 24.2532424927, 24.7292518616, 25.1936511993, 25.6580486298, 26.1224479675, 26.5868473053, 26.9815864563, 27.3879356384, 27.8175048828, 28.2586841583, 28.711473465, 29.1642627716, 29.6170520782, 30.081451416, 30.5574588776, 31.0218582153, 31.4630374908, 31.9042167664, 32.3453979492, 32.7749671936, 33.2161445618, 33.6573219299, 34.1101112366, 34.5280723572, 34.9576416016, 35.3988189697, 35.8516082764, 36.2927894592, 36.7107467651, 37.1287078857, 37.5698852539, 37.9878463745, 38.4290237427, 38.8585929871, 39.2997741699, 39.7293434143, 40.1589126587, 40.6116981506, 41.041267395, 41.4708366394, 41.88879776, 42.3067550659, 42.7363243103, 43.1542854309, 43.5838546753, 44.0250320435, 44.4546012878]
},
"tonal": {
    "chords_changes_rate": 0.0637860074639,
    "chords_number_rate": 0.0144032919779,
    "chords_strength": {
        "mean": 0.440799385309,
        "var": 0.0139020467177
    },
    "hpcp_entropy": {
        "mean": 1.52887904644,
        "var": 0.560935795307
    },
    "key_strength": 0.765366911888,
    "tuning_diatonic_strength": 0.520854890347,
    "tuning_equal_tempered_deviation": 0.0425433367491,
    "tuning_frequency": 441.272583008,
    "tuning_nontempered_energy_ratio": 0.714936673641,
    "hpcp": {
        "mean": [0.171446189284, 0.119821280241, 0.0909673273563, 0.111082285643, 0.0771727412939, 0.0833428800106, 0.196719244123, 0.243535652757, 0.16449098289, 0.109489053488, 0.0643059015274, 0.0194677338004, 0.0146828182042, 0.0157101955265, 0.0785592719913, 0.142679437995, 0.0943787246943, 0.0816023126245, 0.122952029109, 0.0911808982491, 0.210079714656, 0.390568852425, 0.255426645279, 0.110993631184, 0.140301391482, 0.0922193229198, 0.0350017808378, 0.0415507405996, 0.0323940552771, 0.0389793664217, 0.0601793155074, 0.040838599205, 0.0270271319896, 0.0374529995024, 0.047569192946, 0.113138586283],
        "var": [0.0826783999801, 0.0432993322611, 0.0402108281851, 0.0691255927086, 0.0370011255145, 0.0299945995212, 0.0886601805687, 0.129778414965, 0.0591203272343, 0.0642335042357, 0.0280391611159, 0.00454075122252, 0.00449972646311, 0.00233084335923, 0.0363787822425, 0.0917464420199, 0.0425452105701, 0.0252465773374, 0.068467348814, 0.029862433672, 0.0653000473976, 0.152971610427, 0.0831430703402, 0.0367071665823, 0.0819661095738, 0.0432553589344, 0.00997846294194, 0.0256136227399, 0.0136239929125, 0.011409166269, 0.0275041591376, 0.0155938565731, 0.00716611137614, 0.0200983956456, 0.0206557698548, 0.0498340465128]
    },
    "chords_histogram": [29.5267486572, 1.64609050751, 9.67078208923, 2.57201647758, 0.102880656719, 1.23456788063, 0, 5.14403295517, 0.308641970158, 10.5967073441, 12.1399173737, 4.21810722351, 0, 0, 2.05761313438, 0, 0, 0, 0, 1.74897122383, 4.62962961197, 0.205761313438, 5.86419773102, 8.33333301544],
    "thpcp": [1, 0.653986215591, 0.284184545279, 0.35922318697, 0.236115410924, 0.0896174386144, 0.106385186315, 0.0829407051206, 0.0998015254736, 0.154081195593, 0.104561842978, 0.0691994056106, 0.0958934649825, 0.121794641018, 0.289676427841, 0.438965350389, 0.306786566973, 0.232909843326, 0.284411519766, 0.197590619326, 0.213388442993, 0.503673672676, 0.623540878296, 0.421157449484, 0.280332267284, 0.16464677453, 0.0498445630074, 0.0375934168696, 0.0402238816023, 0.201140642166, 0.365311861038, 0.241644263268, 0.208931952715, 0.314802438021, 0.233456656337, 0.537881374359],
    "chords_key": "A",
    "chords_scale": "minor",
    "key_key": "A",
    "key_scale": "minor"
}
}