{
"lowlevel": {
    "average_loudness": 0.973331749439,
    "barkbands_crest": {
        "mean": 12.6901397705,
        "var": 22.4865093231
    },
    "barkbands_flatness_db": {
        "mean": 0.26729157567,
        "var": 0.00515578547493
    },
    "barkbands_kurtosis": {
        "mean": 4.21221160889,
        "var": 112.327682495
    },
    "barkbands_skewness": {
        "mean": 1.02870929241,
        "var": 1.78621041775
    },
    "barkbands_spread": {
        "mean": 8.78480529785,
        "var": 22.5284328461
    },
    "dissonance": {
        "mean": 0.401479065418,
        "var": 0.0057206270285
    },
    "dynamic_complexity": 2.96181726456,
    "erbbands_crest": {
        "mean": 14.2637243271,
        "var": 27.5358638763
    },
    "erbbands_flatness_db": {
        "mean": 0.263557076454,
        "var": 0.00354403699748
    },
    "erbbands_kurtosis": {
        "mean": 6.18808889389,
        "var": 100.916297913
    },
    "erbbands_skewness": {
        "mean": 0.839884579182,
        "var": 1.29314732552
    },
    "erbbands_spread": {
        "mean": 14.0893135071,
        "var": 117.043807983
    },
    "hfc": {
        "mean": 13.5041656494,
        "var": 166.292098999
    },
    "melbands_crest": {
        "mean": 16.0743713379,
        "var": 31.1758861542
    },
    "melbands_flatness_db": {
        "mean": 0.359068125486,
        "var": 0.00786109268665
    },
    "melbands_kurtosis": {
        "mean": 6.56537437439,
        "var": 197.713623047
    },
    "melbands_skewness": {
        "mean": 1.47426104546,
        "var": 2.27165818214
    },
    "melbands_spread": {
        "mean": 11.1953020096,
        "var": 49.9293479919
    },
    "pitch_salience": {
        "mean": 0.45918700099,
        "var": 0.0152047639713
    },
    "silence_rate_20dB": {
        "mean": 1,
        "var": 0
    },
    "silence_rate_30dB": {
        "mean": 0.984552025795,
        "var": 0.015209171921
    },
    "silence_rate_60dB": {
        "mean": 0.0205973219126,
        "var": 0.0201724357903
    },
    "spectral_centroid": {
        "mean": 616.973815918,
        "var": 79010.59375
    },
    "spectral_complexity": {
        "mean": 11.1642637253,
        "var": 29.2495136261
    },
    "spectral_decrease": {
        "mean": -9.40676159189e-009,
        "var": 6.02055335564e-017
    },
    "spectral_energy": {
        "mean": 0.0367280654609,
        "var": 0.000908728979994
    },
    "spectral_energyband_high": {
        "mean": 8.34309103084e-005,
        "var": 7.57201661372e-008
    },
    "spectral_energyband_low": {
        "mean": 0.0180888380855,
        "var": 0.00047444057418
    },
    "spectral_energyband_middle_high": {
        "mean": 0.00331039517187,
        "var": 3.05657486024e-005
    },
    "spectral_energyband_middle_low": {
        "mean": 0.0160810351372,
        "var": 0.000264697620878
    },
    "spectral_entropy": {
        "mean": 6.34596252441,
        "var": 0.405895531178
    },
    "spectral_flux": {
        "mean": 0.094028301537,
        "var": 0.00484549393877
    },
    "spectral_kurtosis": {
        "mean": 22.8358955383,
        "var": 378.859985352
    },
    "spectral_rms": {
        "mean": 0.00549337081611,
        "var": 5.65519349038e-006
    },
    "spectral_rolloff": {
        "mean": 617.299255371,
        "var": 251079.03125
    },
    "spectral_skewness": {
        "mean": 3.44624209404,
        "var": 2.19061422348
    },
    "spectral_spread": {
        "mean": 2397732.5,
        "var": 2.16147492864e+012
    },
    "spectral_strongpeak": {
        "mean": 1.02962374687,
        "var": 1.1252374649
    },
    "zerocrossingrate": {
        "mean": 0.0232647657394,
        "var": 0.000224279574468
    },
    "barkbands": {
        "mean": [0.000302322325297, 0.0117783416063, 0.00528259808198, 0.00117957114708, 0.00196921592578, 0.00131369265728, 0.00263203331269, 0.00534515501931, 0.00347553822212, 0.0012531131506, 0.000337537872838, 0.000932431314141, 0.000224533185246, 0.000226604563068, 7.74226427893e-005, 9.31559261517e-005, 0.000121069620945, 6.01665778959e-005, 2.94943638437e-005, 2.29247234529e-005, 3.09259485221e-005, 2.24681662075e-005, 1.01943287518e-005, 3.53187465407e-006, 2.55219083556e-006, 1.42921112456e-006, 1.36897767788e-007],
        "var": [2.68283542937e-007, 0.000308974180371, 7.34168643248e-005, 1.00048291642e-005, 2.85141995846e-005, 5.0870303312e-006, 2.37715757976e-005, 4.3178886699e-005, 2.96493981295e-005, 9.44097791944e-006, 8.47119054015e-007, 4.70908571515e-006, 3.91868695715e-007, 2.13096654988e-007, 2.62245105631e-008, 3.96537664926e-008, 7.2442695398e-008, 5.58475683476e-008, 6.71458622037e-009, 3.55080054248e-009, 9.10338471272e-009, 7.96421950611e-009, 1.90674476208e-009, 2.41369757514e-010, 1.43025119526e-010, 9.04996702578e-011, 1.98527132234e-012]
    },
    "erbbands": {
        "mean": [0.315257519484, 2.74954295158, 6.44709157944, 4.89476394653, 4.38330030441, 7.13982439041, 8.22677230835, 13.0263376236, 36.4265174866, 49.9485626221, 143.17565918, 63.2084121704, 37.8583183289, 25.0476818085, 21.2965679169, 33.2423019409, 13.2279653549, 6.41598701477, 9.15774250031, 6.13305044174, 5.2988858223, 7.38886165619, 4.3520359993, 1.58927893639, 1.38603842258, 1.01472806931, 1.08665561676, 1.23832952976, 0.957951784134, 0.572906076908, 0.221491754055, 0.0947943851352, 0.0515580736101, 0.0336730107665, 0.0154697736725, 0.00670655211434, 0.00243307230994, 0.000542332651094, 3.24267348333e-005, 4.13838024542e-005],
        "var": [0.267473071814, 16.4641933441, 93.7085266113, 106.12638092, 116.073196411, 542.432678223, 289.563446045, 425.472045898, 4303.78271484, 4086.52661133, 24783.203125, 9149.36132813, 7748.30908203, 3035.203125, 2221.46142578, 6464.93066406, 1276.86083984, 163.16027832, 347.910186768, 209.103347778, 148.593673706, 226.828231812, 262.030029297, 15.8103427887, 15.3367958069, 6.92966032028, 11.6286430359, 16.2422046661, 11.7456960678, 6.12384462357, 1.04945385456, 0.154549777508, 0.0636183694005, 0.0283526666462, 0.00492941448465, 0.0014943148708, 0.000298848433886, 2.03254730877e-005, 3.40395551746e-008, 1.14964071596e-009]
    },
    "gfcc": {
        "mean": [-88.5700302124, 172.307479858, -102.510215759, 11.2183523178, -56.3870429993, 6.1176366806, -13.6442098618, 8.35167598724, 5.10986661911, 2.66263604164, -11.8623571396, -7.05541706085, -10.8170137405],
        "cov": [[5781.99169922, -658.232910156, -1597.45617676, 401.332214355, 118.283554077, 226.625701904, 16.9956817627, 9.98174381256, -272.846618652, -163.297637939, -165.940444946, 26.1601333618, -101.947120667], [-658.232910156, 956.899963379, 186.930175781, -228.333587646, 240.405136108, -85.70652771, 178.627059937, -46.0888900757, 217.948760986, -56.6314697266, 116.568946838, -69.7275390625, 146.876846313], [-1597.45617676, 186.930175781, 1671.75158691, -129.170669556, -198.122665405, 111.194702148, -154.965164185, -1.82512319088, -3.65356087685, 178.913146973, 84.0336456299, 80.2452392578, 10.9076910019], [401.332214355, -228.333587646, -129.170669556, 378.098876953, 72.9214859009, 23.1113834381, 18.8839664459, -41.6399917603, -56.0378913879, -11.8835811615, 2.52121520042, 31.1898765564, -21.3217163086], [118.283554077, 240.405136108, -198.122665405, 72.9214859009, 381.483917236, 70.9743499756, 114.893585205, 11.198091507, 63.9413223267, -49.0304679871, 19.7653007507, 0.259996622801, 31.5887489319], [226.625701904, -85.70652771, 111.194702148, 23.1113834381, 70.9743499756, 237.106704712, 8.36011314392, -9.67488765717, -75.1674575806, -42.9166793823, -40.8180923462, 22.6137695313, -11.1160879135], [16.9956817627, 178.627059937, -154.965164185, 18.8839664459, 114.893585205, 8.36011314392, 258.52154541, 78.2738342285, 91.4194869995, -33.4720840454, 7.45861959457, -60.2177963257, 34.4653968811], [9.98174381256, -46.0888900757, -1.82512319088, -41.6399917603, 11.198091507, -9.67488765717, 78.2738342285, 195.733642578, 75.4180526733, 19.4116230011, -33.8732528687, -38.925655365, -2.22418236732], [-272.846618652, 217.948760986, -3.65356087685, -56.0378913879, 63.9413223267, -75.1674575806, 91.4194869995, 75.4180526733, 204.351013184, 45.3629226685, 17.8132781982, -55.6416435242, 30.0641994476], [-163.297637939, -56.6314697266, 178.913146973, -11.8835811615, -49.0304679871, -42.9166793823, -33.4720840454, 19.4116230011, 45.3629226685, 143.604736328, 52.9590454102, 21.7284812927, -24.6213970184], [-165.940444946, 116.568946838, 84.0336456299, 2.52121520042, 19.7653007507, -40.8180923462, 7.45861959457, -33.8732528687, 17.8132781982, 52.9590454102, 138.153656006, 45.4825401306, 11.5381441116], [26.1601333618, -69.7275390625, 80.2452392578, 31.1898765564, 0.259996622801, 22.6137695313, -60.2177963257, -38.925655365, -55.6416435242, 21.7284812927, 45.4825401306, 133.130737305, 21.7766189575], [-101.947120667, 146.876846313, 10.9076910019, -21.3217163086, 31.5887489319, -11.1160879135, 34.4653968811, -2.22418236732, 30.0641994476, -24.6213970184, 11.5381441116, 21.7766189575, 124.75390625]],
        "icov": [[0.000341374339769, -0.000520994362887, 0.000542317109648, -0.000518392596859, 0.000446163321612, -0.000738863425795, 0.000314170552883, -0.00056788767688, 0.000553908874281, -0.000679039163515, 0.000345634383848, -0.000257420993876, 0.000226074203965], [-0.000520994362887, 0.00738185131922, -0.00263868342154, 0.00455267028883, -0.00466222083196, 0.00405524438247, -0.00280224229209, 0.00529631320387, -0.00475026061758, 0.00636229943484, -0.00461315875873, 0.00320720416494, -0.00343015277758], [0.000542317109648, -0.00263868342154, 0.00225741299801, -0.00171738746576, 0.00229110196233, -0.00295691937208, 0.00158764107618, -0.00222745654173, 0.00166591594461, -0.00344864488579, 0.00111875322182, -0.00112774292938, 0.000748258782551], [-0.000518392596859, 0.00455267028883, -0.00171738746576, 0.00610414659604, -0.00368857407011, 0.00313782365993, -0.00260284193791, 0.00402471516281, -0.00192354107276, 0.00339301116765, -0.00228321948089, 0.00122545659542, -0.00145535496995], [0.000446163321612, -0.00466222083196, 0.00229110196233, -0.00368857407011, 0.00724481837824, -0.00484631862491, 0.00122552958783, -0.00326451729052, 0.000624960521236, -0.00273134023882, 0.00152187468484, -0.00277993339114, 0.00201463419944], [-0.000738863425795, 0.00405524438247, -0.00295691937208, 0.00313782365993, -0.00484631862491, 0.00996434036642, -0.00315065006725, 0.00330242770724, 0.00011284773791, 0.00452300347388, 0.000186367120477, 0.000547611853108, -0.000786410470027], [0.000314170552883, -0.00280224229209, 0.00158764107618, -0.00260284193791, 0.00122552958783, -0.00315065006725, 0.00817686133087, -0.00445021456107, -0.000111310495413, -0.000846833223477, -0.000952246249653, 0.00151539919898, -0.000273906072835], [-0.00056788767688, 0.00529631320387, -0.00222745654173, 0.00402471516281, -0.00326451729052, 0.00330242770724, -0.00445021456107, 0.0113254375756, -0.0052372245118, 0.00309235905297, -0.000349498528522, 0.00172672199551, -0.00166141591035], [0.000553908874281, -0.00475026061758, 0.00166591594461, -0.00192354107276, 0.000624960521236, 0.00011284773791, -0.000111310495413, -0.0052372245118, 0.0140322614461, -0.00847463216633, 0.00336454319768, 0.00138657493517, -0.000247308576945], [-0.000679039163515, 0.00636229943484, -0.00344864488579, 0.00339301116765, -0.00273134023882, 0.00452300347388, -0.000846833223477, 0.00309235905297, -0.00847463216633, 0.0187000650913, -0.00791358482093, 0.000520095403772, 0.000593729550019], [0.000345634383848, -0.00461315875873, 0.00111875322182, -0.00228321948089, 0.00152187468484, 0.000186367120477, -0.000952246249653, -0.000349498528522, 0.00336454319768, -0.00791358482093, 0.0150992944837, -0.00604425370693, 0.00239966018125], [-0.000257420993876, 0.00320720416494, -0.00112774292938, 0.00122545659542, -0.00277993339114, 0.000547611853108, 0.00151539919898, 0.00172672199551, 0.00138657493517, 0.000520095403772, -0.00604425370693, 0.0141903255135, -0.00546293472871], [0.000226074203965, -0.00343015277758, 0.000748258782551, -0.00145535496995, 0.00201463419944, -0.000786410470027, -0.000273906072835, -0.00166141591035, -0.000247308576945, 0.000593729550019, 0.00239966018125, -0.00546293472871, 0.0122990841046]]
    },
    "melbands": {
        "mean": [0.00311209540814, 0.00351226748899, 0.000834306469187, 0.0004343635228, 0.000293605262414, 0.000309953553369, 0.000531740661245, 0.000708657607902, 0.00121067219879, 0.000338238780387, 0.000193994492292, 0.000118824958918, 5.93874647166e-005, 0.000102055128082, 6.48575296509e-005, 1.33114263008e-005, 1.2742072613e-005, 1.88847679965e-005, 6.59886791254e-006, 7.14606676411e-006, 5.89321189182e-006, 7.99970621301e-006, 4.50697916676e-006, 3.00646024698e-006, 1.0585064274e-006, 1.26631744024e-006, 7.89290425018e-007, 6.28853740636e-007, 7.5588764048e-007, 5.80805419759e-007, 7.54330699237e-007, 4.98195447562e-007, 4.70574548217e-007, 2.82105759197e-007, 1.32795236141e-007, 7.42672412457e-008, 5.00369772283e-008, 3.54055202934e-008, 3.17182049514e-008, 2.7366823474e-008],
        "var": [2.32756519836e-005, 2.1735615519e-005, 2.91069591185e-006, 1.58052273491e-006, 4.26335617476e-007, 2.2572578473e-007, 9.14596853363e-007, 8.11102552234e-007, 1.84068960607e-006, 3.08245120095e-007, 2.24216734068e-007, 7.42435020129e-008, 2.00362055836e-008, 6.30192928952e-008, 3.59560203833e-008, 1.45524392536e-009, 6.5192728993e-010, 1.75840086936e-009, 1.89307958198e-010, 2.67285305e-010, 2.49151616005e-010, 2.82219636549e-010, 2.16798898278e-010, 1.35096392406e-010, 6.52845963053e-012, 1.46591454253e-011, 3.58336906155e-012, 3.49281085825e-012, 5.85085148733e-012, 3.91946978345e-012, 6.58041069551e-012, 3.15804327133e-012, 3.96482456241e-012, 1.40936849864e-012, 3.92908145255e-013, 1.25179096147e-013, 4.46811980318e-014, 3.21214544763e-014, 3.01325770705e-014, 1.77560823168e-014]
    },
    "mfcc": {
        "mean": [-740.421081543, 202.756057739, 13.2922143936, 18.4166431427, -11.1677913666, 5.84456157684, -9.57175254822, 9.38990974426, 12.6040802002, 8.18169307709, 11.8373632431, 10.7132434845, 8.34931182861],
        "cov": [[6561.65039063, -992.263977051, -1920.45837402, 103.239425659, -190.222976685, 236.651565552, 142.296859741, 270.352020264, -16.3627586365, -125.115951538, -77.6680526733, -143.336410522, -205.83644104], [-992.263977051, 1122.86242676, 183.3724823, -142.024368286, 104.589935303, -36.6317634583, 13.5815353394, 16.4620437622, 106.329772949, 129.344039917, 38.8314285278, -4.90038919449, 39.0104866028], [-1920.45837402, 183.3724823, 1457.01208496, -63.8621177673, 91.6221008301, 9.45188426971, -43.1210708618, -166.352615356, -126.212188721, -9.6788187027, 2.66878294945, 50.4629135132, 59.7123069763], [103.239425659, -142.024368286, -63.8621177673, 301.072967529, 14.0760231018, 28.1742534637, 17.1121921539, -4.84918737411, 11.3579139709, -13.8715438843, 34.1981658936, 51.0100440979, 44.8265342712], [-190.222976685, 104.589935303, 91.6221008301, 14.0760231018, 231.246170044, 94.2092666626, 17.3091812134, 14.9707956314, -24.9092235565, -39.6290206909, 2.69502782822, 7.79839038849, -5.54062747955], [236.651565552, -36.6317634583, 9.45188426971, 28.1742534637, 94.2092666626, 226.53352356, 76.0634155273, 31.4106712341, -29.6564655304, -67.1024169922, -5.46173000336, -5.54305028915, -23.2097091675], [142.296859741, 13.5815353394, -43.1210708618, 17.1121921539, 17.3091812134, 76.0634155273, 159.95866394, 81.5337524414, 17.63514328, 4.6324095726, -20.9876098633, -3.11247873306, -3.05825519562], [270.352020264, 16.4620437622, -166.352615356, -4.84918737411, 14.9707956314, 31.4106712341, 81.5337524414, 170.237335205, 94.7385559082, 29.8019790649, -19.6830863953, -18.330904007, -24.6113300323], [-16.3627586365, 106.329772949, -126.212188721, 11.3579139709, -24.9092235565, -29.6564655304, 17.63514328, 94.7385559082, 193.761871338, 116.447433472, -3.85862851143, -14.1094675064, -19.847158432], [-125.115951538, 129.344039917, -9.6788187027, -13.8715438843, -39.6290206909, -67.1024169922, 4.6324095726, 29.8019790649, 116.447433472, 203.963653564, 36.8556480408, -12.0514631271, -18.7578258514], [-77.6680526733, 38.8314285278, 2.66878294945, 34.1981658936, 2.69502782822, -5.46173000336, -20.9876098633, -19.6830863953, -3.85862851143, 36.8556480408, 104.652740479, 67.8554534912, 19.829574585], [-143.336410522, -4.90038919449, 50.4629135132, 51.0100440979, 7.79839038849, -5.54305028915, -3.11247873306, -18.330904007, -14.1094675064, -12.0514631271, 67.8554534912, 167.333267212, 84.4876480103], [-205.83644104, 39.0104866028, 59.7123069763, 44.8265342712, -5.54062747955, -23.2097091675, -3.05825519562, -24.6113300323, -19.847158432, -18.7578258514, 19.829574585, 84.4876480103, 143.649642944]],
        "icov": [[0.000331862742314, 0.000160727402545, 0.000402603764087, -8.67744347488e-006, 0.000237761079916, -0.000407054962125, 0.00011955753871, -0.000330376671627, 0.000467282428872, -0.000208467245102, 0.000193007508642, -3.79218945454e-005, 0.000189578102436], [0.000160727402545, 0.00136260315776, 8.84955588845e-005, 0.000790896534454, -0.000764268042985, 0.000106497296656, -0.000490001344588, 0.000369320972823, -0.000827864569146, -0.000273697281955, -0.000844488327857, 0.000630701135378, -0.000787240627687], [0.000402603764087, 8.84955588845e-005, 0.00135751604103, 0.000148470513523, -4.87578072352e-005, -0.000615516328253, 9.29000816541e-005, 0.000388758198824, 0.000998051953502, -0.000734942266718, 0.000791512255091, -0.000413968460634, 8.56302358443e-005], [-8.67744347488e-006, 0.000790896534454, 0.000148470513523, 0.00436691613868, -0.000731546897441, -0.000157626171131, -0.00108935090248, 0.0013203592971, -0.0018601953052, 0.00070347165456, -0.00185491121374, 0.000215660693357, -0.00153824663721], [0.000237761079916, -0.000764268042985, -4.87578072352e-005, -0.000731546897441, 0.00631159730256, -0.00278000230901, 0.00142044236418, -0.00188281410374, 0.00158236257266, 0.000158949289471, 0.000603664084338, -0.000677938223816, 0.000853501202073], [-0.000407054962125, 0.000106497296656, -0.000615516328253, -0.000157626171131, -0.00278000230901, 0.00806357432157, -0.00399821391329, 0.000929645029828, -0.00143265211955, 0.00308028561994, -0.00227686064318, 0.00083738839021, 0.000988701242022], [0.00011955753871, -0.000490001344588, 9.29000816541e-005, -0.00108935090248, 0.00142044236418, -0.00399821391329, 0.0113934585825, -0.00625192420557, 0.00372155220248, -0.00298883253708, 0.00373666291125, -0.00154653831851, -0.000296395359328], [-0.000330376671627, 0.000369320972823, 0.000388758198824, 0.0013203592971, -0.00188281410374, 0.000929645029828, -0.00625192420557, 0.0135500701144, -0.00754222087562, 0.00228073797189, -0.000850432552397, 0.000454509397969, 0.000224516188609], [0.000467282428872, -0.000827864569146, 0.000998051953502, -0.0018601953052, 0.00158236257266, -0.00143265211955, 0.00372155220248, -0.00754222087562, 0.0142839038745, -0.00743240909651, 0.00473311450332, -0.0021329454612, 0.00128070951905], [-0.000208467245102, -0.000273697281955, -0.000734942266718, 0.00070347165456, 0.000158949289471, 0.00308028561994, -0.00298883253708, 0.00228073797189, -0.00743240909651, 0.0113273486495, -0.00633535627276, 0.0026287084911, 0.000473239342682], [0.000193007508642, -0.000844488327857, 0.000791512255091, -0.00185491121374, 0.000603664084338, -0.00227686064318, 0.00373666291125, -0.000850432552397, 0.00473311450332, -0.00633535627276, 0.0185068361461, -0.00856075249612, 0.0026519484818], [-3.79218945454e-005, 0.000630701135378, -0.000413968460634, 0.000215660693357, -0.000677938223816, 0.00083738839021, -0.00154653831851, 0.000454509397969, -0.0021329454612, 0.0026287084911, -0.00856075249612, 0.0127226430923, -0.00621927343309], [0.000189578102436, -0.000787240627687, 8.56302358443e-005, -0.00153824663721, 0.000853501202073, 0.000988701242022, -0.000296395359328, 0.000224516188609, 0.00128070951905, 0.000473239342682, 0.0026519484818, -0.00621927343309, 0.0116465976462]]
    },
    "spectral_contrast_coeffs": {
        "mean": [-0.657805323601, -0.67759168148, -0.74934476614, -0.759704470634, -0.773324787617, -0.754931211472],
        "var": [0.00555444462225, 0.0061625437811, 0.00555800274014, 0.00306787691079, 0.00357969058678, 0.00350613403134]
    },
    "spectral_contrast_valleys": {
        "mean": [-7.26721191406, -6.42563343048, -7.75976228714, -8.88768005371, -9.50438308716, -12.2450666428],
        "var": [0.816538751125, 0.749850094318, 1.24982643127, 1.43056201935, 1.38469779491, 0.937694311142]
    }
},
"metadata": {
    "audio_properties": {
        "analysis_sample_rate": 44100,
        "bit_rate": 128074,
        "equal_loudness": 0,
        "length": 45.0612258911,
        "lossless": 0,
        "replay_gain": -5.23129844666,
        "sample_rate": 44100,
        "codec": "mp3",
        "downmix": "mix",
        "md5_encoded": "a212d574fd98171454148b547b7165fe"
    },
    "tags": {
        "file_name": "1799.mp3"
    },
    "version": {
        "essentia": "2.1-beta2",
        "essentia_git_sha": "v2.1_beta2",
        "extractor": "music 1.0"
    }
},
"rhythm": {
    "beats_count": 89,
    "beats_loudness": {
        "mean": 0.0796475112438,
        "var": 0.000820811605081
    },
    "bpm": 120.081855774,
    "bpm_histogram_first_peak_bpm": {
        "mean": 120,
        "var": 0
    },
    "bpm_histogram_first_peak_spread": {
        "mean": 0.363636374474,
        "var": 0
    },
    "bpm_histogram_first_peak_weight": {
        "mean": 0.636363625526,
        "var": 0
    },
    "bpm_histogram_second_peak_bpm": {
        "mean": 0,
        "var": 0
    },
    "bpm_histogram_second_peak_spread": {
        "mean": 0,
        "var": 0
    },
    "bpm_histogram_second_peak_weight": {
        "mean": 0,
        "var": 0
    },
    "danceability": 1.54296040535,
    "onset_rate": 5.74514532089,
    "beats_loudness_band_ratio": {
        "mean": [0.643729805946, 0.0727387294173, 0.242402300239, 0.0464707389474, 0.0116727072746, 0.00629652757198],
        "var": [0.0277810581028, 0.00740716373548, 0.0191100388765, 0.00363182928413, 0.000128466970637, 0.000509095436428]
    },
    "beats_position": [0.487619042397, 0.99845802784, 1.48607707024, 1.98530614376, 2.48453521729, 2.9837641716, 3.48299312592, 3.97061228752, 4.46984100342, 4.96907043457, 5.46829938889, 5.9675283432, 6.47836732864, 6.97759628296, 7.47682523727, 7.97605419159, 8.47528362274, 8.97451210022, 9.47374153137, 9.97297000885, 10.47219944, 10.9714279175, 11.4706573486, 11.9814968109, 12.4691152573, 12.9683446884, 13.4675731659, 13.9784126282, 14.4660310745, 14.9768705368, 15.4644899368, 15.9753284454, 16.4629478455, 16.9737873077, 17.4614048004, 17.9722442627, 18.4714736938, 18.970703125, 19.4699325562, 19.96916008, 20.4799995422, 20.9676189423, 21.4784584045, 21.9776859283, 22.4769153595, 22.9761447906, 23.4753742218, 23.974603653, 24.4738311768, 24.9730606079, 25.4722900391, 25.9831295013, 26.470746994, 26.9699764252, 27.4692058563, 27.9800453186, 28.4676647186, 28.9785022736, 29.4661216736, 29.9769611359, 30.4645805359, 30.9754180908, 31.474647522, 31.9738769531, 32.4731063843, 32.9723358154, 33.4715652466, 33.9707946777, 34.4700202942, 34.9692497253, 35.4684791565, 35.9677085876, 36.4785499573, 36.9777755737, 37.4770050049, 37.976234436, 38.4754638672, 38.9746932983, 39.4739227295, 39.9731521606, 40.4723815918, 40.9716110229, 41.4708366394, 41.981678009, 42.4692955017, 42.9685249329, 43.467754364, 43.9785919189, 44.4662132263]
},
"tonal": {
    "chords_changes_rate": 0.0545267499983,
    "chords_number_rate": 0.00617283955216,
    "chords_strength": {
        "mean": 0.454087793827,
        "var": 0.00599413923919
    },
    "hpcp_entropy": {
        "mean": 1.68658852577,
        "var": 0.332578092813
    },
    "key_strength": 0.752863705158,
    "tuning_diatonic_strength": 0.557969868183,
    "tuning_equal_tempered_deviation": 0.0666848421097,
    "tuning_frequency": 440.254241943,
    "tuning_nontempered_energy_ratio": 0.640541732311,
    "hpcp": {
        "mean": [0.211911454797, 0.119201138616, 0.0731504335999, 0.0636253729463, 0.0562140457332, 0.09160528332, 0.126445829868, 0.0887233018875, 0.0492293871939, 0.0439194068313, 0.0452822744846, 0.239871203899, 0.423032134771, 0.240307539701, 0.0805467516184, 0.12482880801, 0.130059212446, 0.199968248606, 0.276823252439, 0.154410377145, 0.0621500834823, 0.0738192647696, 0.0585761852562, 0.055305685848, 0.0442165955901, 0.0300790313631, 0.0542144589126, 0.0715353414416, 0.054178763181, 0.0376785285771, 0.0378204733133, 0.0570980943739, 0.215495839715, 0.3531229496, 0.246234625578, 0.200482547283],
        "var": [0.098600499332, 0.0440137274563, 0.0357163846493, 0.0316077433527, 0.0280938223004, 0.036972746253, 0.0565524995327, 0.0373695604503, 0.0284214075655, 0.0243270136416, 0.0178696047515, 0.0570311434567, 0.15414956212, 0.0541173517704, 0.0265962388366, 0.0655940398574, 0.052904933691, 0.0457341894507, 0.106478199363, 0.0389718860388, 0.0167017281055, 0.0267590135336, 0.0173019878566, 0.0273321457207, 0.0155554953963, 0.00818632636219, 0.01737585105, 0.0306380968541, 0.0203732382506, 0.0209812857211, 0.018119039014, 0.0215861834586, 0.0649278461933, 0.140755340457, 0.071967959404, 0.0819729045033]
    },
    "chords_histogram": [16.3580245972, 0, 33.5390930176, 0, 0, 0, 0, 7.71604919434, 0, 5.24691343307, 0, 0, 0, 0, 0, 0, 0, 0, 0, 0, 0, 0, 22.6337451935, 14.5061731339],
    "thpcp": [1, 0.568059802055, 0.19040338695, 0.295081138611, 0.3074452281, 0.472702264786, 0.654378771782, 0.365008622408, 0.146915748715, 0.174500375986, 0.138467460871, 0.130736365914, 0.104523018003, 0.0711034163833, 0.128156840801, 0.169101431966, 0.128072455525, 0.0890677720308, 0.089403308928, 0.134973421693, 0.509407758713, 0.834742605686, 0.582070708275, 0.473918020725, 0.500934660435, 0.281777977943, 0.172919332981, 0.150403171778, 0.132883623242, 0.216544508934, 0.298903614283, 0.209731832147, 0.116372689605, 0.103820495307, 0.10704216361, 0.567028343678],
    "chords_key": "G#",
    "chords_scale": "minor",
    "key_key": "C#",
    "key_scale": "minor"
}
}