{
"lowlevel": {
    "average_loudness": 0.937544345856,
    "barkbands_crest": {
        "mean": 13.6056289673,
        "var": 16.6309185028
    },
    "barkbands_flatness_db": {
        "mean": 0.426777631044,
        "var": 0.00640874356031
    },
    "barkbands_kurtosis": {
        "mean": 6.69404172897,
        "var": 74.7066268921
    },
    "barkbands_skewness": {
        "mean": 1.73241627216,
        "var": 1.45802783966
    },
    "barkbands_spread": {
        "mean": 5.03771448135,
        "var": 16.4410591125
    },
    "dissonance": {
        "mean": 0.346824973822,
        "var": 0.0054481504485
    },
    "dynamic_complexity": 2.78875923157,
    "erbbands_crest": {
        "mean": 14.2206611633,
        "var": 30.7566776276
    },
    "erbbands_flatness_db": {
        "mean": 0.381301820278,
        "var": 0.00213441927917
    },
    "erbbands_kurtosis": {
        "mean": 1.69399631023,
        "var": 26.0701541901
    },
    "erbbands_skewness": {
        "mean": 0.45025151968,
        "var": 1.42047929764
    },
    "erbbands_spread": {
        "mean": 15.6494102478,
        "var": 71.8940048218
    },
    "hfc": {
        "mean": 10.6303024292,
        "var": 63.4060630798
    },
    "melbands_crest": {
        "mean": 19.403011322,
        "var": 41.159538269
    },
    "melbands_flatness_db": {
        "mean": 0.559248387814,
        "var": 0.00922075752169
    },
    "melbands_kurtosis": {
        "mean": 13.2649803162,
        "var": 216.119018555
    },
    "melbands_skewness": {
        "mean": 2.51879835129,
        "var": 2.35090661049
    },
    "melbands_spread": {
        "mean": 6.23766469955,
        "var": 54.6396713257
    },
    "pitch_salience": {
        "mean": 0.46938931942,
        "var": 0.0156131628901
    },
    "silence_rate_20dB": {
        "mean": 1,
        "var": 0
    },
    "silence_rate_30dB": {
        "mean": 0.932028830051,
        "var": 0.0633526295424
    },
    "silence_rate_60dB": {
        "mean": 0.00463439757004,
        "var": 0.00461294408888
    },
    "spectral_centroid": {
        "mean": 365.597076416,
        "var": 201048.671875
    },
    "spectral_complexity": {
        "mean": 8.59011363983,
        "var": 10.5261011124
    },
    "spectral_decrease": {
        "mean": -1.15059002326e-008,
        "var": 8.56702291568e-017
    },
    "spectral_energy": {
        "mean": 0.0443901084363,
        "var": 0.00125941622537
    },
    "spectral_energyband_high": {
        "mean": 3.73482492932e-007,
        "var": 1.40878834206e-012
    },
    "spectral_energyband_low": {
        "mean": 0.0253588613123,
        "var": 0.000828569871373
    },
    "spectral_energyband_middle_high": {
        "mean": 0.00190901919268,
        "var": 7.65717413742e-006
    },
    "spectral_energyband_middle_low": {
        "mean": 0.0196022968739,
        "var": 0.000361923943274
    },
    "spectral_entropy": {
        "mean": 5.27045154572,
        "var": 0.289761185646
    },
    "spectral_flux": {
        "mean": 0.0818002745509,
        "var": 0.00359979155473
    },
    "spectral_kurtosis": {
        "mean": 155.123657227,
        "var": 5769.00195313
    },
    "spectral_rms": {
        "mean": 0.00610839109868,
        "var": 5.9949925344e-006
    },
    "spectral_rolloff": {
        "mean": 460.590270996,
        "var": 792514.3125
    },
    "spectral_skewness": {
        "mean": 9.04716587067,
        "var": 8.93609714508
    },
    "spectral_spread": {
        "mean": 830349.5,
        "var": 2.61875197542e+012
    },
    "spectral_strongpeak": {
        "mean": 1.03846740723,
        "var": 0.619022488594
    },
    "zerocrossingrate": {
        "mean": 0.0159895773977,
        "var": 0.00054438773077
    },
    "barkbands": {
        "mean": [0.000114893307909, 0.00704080797732, 0.0157354064286, 0.00480322726071, 0.00685299374163, 0.00268615735695, 0.00322039378807, 0.000827582727652, 0.00117297342513, 0.000515183375683, 0.000139761803439, 0.000508961442392, 0.000491852639243, 0.000230479534366, 3.61615784641e-005, 5.52770052309e-006, 6.00342673351e-006, 1.00528461644e-006, 3.68438094256e-007, 1.59861031079e-007, 7.69304548953e-008, 9.18591567256e-008, 5.31301083129e-008, 4.05912921053e-008, 2.0525533273e-008, 4.91155782711e-009, 1.54538370989e-009],
        "var": [2.47416380716e-008, 0.00019953949959, 0.000342055049259, 7.65724034864e-005, 7.02506004018e-005, 1.41365208037e-005, 6.27292538411e-005, 3.50429809259e-006, 1.12594389066e-005, 1.04051207472e-006, 6.00987988264e-008, 1.20238701129e-006, 3.8313864934e-006, 3.97138393282e-007, 5.25784304983e-009, 1.5143955534e-010, 2.64220922919e-010, 3.42984191395e-012, 1.90107608475e-012, 2.30078407498e-013, 6.84075192325e-014, 1.33959873359e-013, 3.50058828767e-014, 2.81234081433e-014, 5.80358896316e-015, 6.46840998275e-016, 1.14801035554e-016]
    },
    "erbbands": {
        "mean": [0.0654937103391, 2.2698533535, 16.5946655273, 16.8540649414, 18.6238956451, 22.5171375275, 27.9513568878, 20.2463493347, 40.2522087097, 37.5201034546, 19.4221992493, 27.1193408966, 14.8207168579, 18.356300354, 11.7596750259, 19.91056633, 26.1899013519, 8.32288837433, 7.88437747955, 0.906336426735, 0.395126134157, 0.251041769981, 0.0800321251154, 0.0269113685936, 0.0162755474448, 0.00860003847629, 0.00394336506724, 0.00294340425171, 0.00345463235863, 0.0021888979245, 0.00135604024399, 0.0011239919113, 0.000527842785232, 0.000312055082759, 0.000117380193842, 5.39455722901e-005, 1.70636849361e-005, 2.71775684269e-006, 2.04185998882e-005, 4.87464094476e-005],
        "var": [0.0237040724605, 17.3769798279, 419.562744141, 441.062103271, 630.173522949, 954.993225098, 2873.79516602, 686.986694336, 10376.9511719, 19619.390625, 1584.51318359, 5053.89111328, 2506.50976563, 1379.42883301, 434.952880859, 1296.80224609, 10143.9746094, 358.580413818, 512.114074707, 3.27029585838, 0.555887937546, 0.319928050041, 0.0202258601785, 0.00665696011856, 0.00217582471669, 0.000540208304301, 0.000177931389771, 0.000102378384327, 0.000189307815162, 8.28074917081e-005, 2.00041049538e-005, 2.1711070076e-005, 3.77532069251e-006, 1.16666910799e-006, 1.2571170771e-007, 2.31712675713e-008, 1.57828716763e-009, 1.32500704852e-010, 2.61134808222e-010, 1.49734447064e-009]
    },
    "gfcc": {
        "mean": [-192.617355347, 257.707794189, -68.648399353, -37.357585907, -14.5272569656, 4.96596002579, -24.6019630432, -24.7882728577, -10.9526147842, -17.6408748627, -4.87484264374, -17.8016529083, -6.07655572891],
        "cov": [[5744.71972656, 318.375793457, -1620.22912598, -86.4870986938, -356.743041992, -178.995849609, -210.57824707, 49.9256401062, 75.5149230957, 48.9956283569, 124.412345886, 15.830988884, -158.99848938], [318.375793457, 476.001159668, 3.70723366737, -306.703735352, 64.1155319214, -101.827690125, -52.8253669739, -56.225944519, -14.7708396912, -15.1150808334, 5.94860696793, 11.2179517746, 1.25480008125], [-1620.22912598, 3.70723366737, 1263.84814453, 234.794372559, 169.884338379, 141.514724731, 126.583084106, -19.1796360016, -42.495929718, -19.966999054, -69.3681869507, -24.8310756683, 65.7907714844], [-86.4870986938, -306.703735352, 234.794372559, 477.255004883, 108.588592529, 130.878067017, 81.1655731201, 6.23935556412, 1.4853451252, 37.2435493469, 16.0877742767, -20.1672153473, -13.414147377], [-356.743041992, 64.1155319214, 169.884338379, 108.588592529, 411.961853027, 86.5157546997, 47.1694602966, -89.7781219482, -27.4214477539, 54.701385498, 30.5344200134, -13.1550197601, -56.4533538818], [-178.995849609, -101.827690125, 141.514724731, 130.878067017, 86.5157546997, 225.092895508, 120.887138367, -33.7989616394, -56.3280792236, -39.227771759, -31.6570911407, 1.10657966137, 43.4993476868], [-210.57824707, -52.8253669739, 126.583084106, 81.1655731201, 47.1694602966, 120.887138367, 188.540023804, 48.2771606445, -51.6410865784, -68.8895111084, -45.5267410278, 10.2277784348, 31.7788352966], [49.9256401062, -56.225944519, -19.1796360016, 6.23935556412, -89.7781219482, -33.7989616394, 48.2771606445, 162.676574707, 69.3210144043, -49.6345252991, -49.6446304321, -3.84945702553, 10.6841192245], [75.5149230957, -14.7708396912, -42.495929718, 1.4853451252, -27.4214477539, -56.3280792236, -51.6410865784, 69.3210144043, 128.472885132, 52.3389320374, -3.16112732887, -31.5738735199, -26.714389801], [48.9956283569, -15.1150808334, -19.966999054, 37.2435493469, 54.701385498, -39.227771759, -68.8895111084, -49.6345252991, 52.3389320374, 151.613021851, 96.1708908081, -24.4727916718, -77.5199737549], [124.412345886, 5.94860696793, -69.3681869507, 16.0877742767, 30.5344200134, -31.6570911407, -45.5267410278, -49.6446304321, -3.16112732887, 96.1708908081, 135.831115723, 43.1509208679, -64.8424758911], [15.830988884, 11.2179517746, -24.8310756683, -20.1672153473, -13.1550197601, 1.10657966137, 10.2277784348, -3.84945702553, -31.5738735199, -24.4727916718, 43.1509208679, 111.294456482, 48.410030365], [-158.99848938, 1.25480008125, 65.7907714844, -13.414147377, -56.4533538818, 43.4993476868, 31.7788352966, 10.6841192245, -26.714389801, -77.5199737549, -64.8424758911, 48.410030365, 143.113250732]],
        "icov": [[0.000565651920624, -0.0016769701615, 0.000898813828826, -0.00145908165723, 0.000891902192961, -0.000967786298133, 0.000864368979819, -0.000976726179942, 0.000925729400478, -0.0011576161487, 0.00139580608811, -0.00100111460779, 0.00113696849439], [-0.0016769701615, 0.0104699274525, -0.00330656790175, 0.0079862261191, -0.0044694878161, 0.00547670666128, -0.00422841776162, 0.00603395793587, -0.00553733156994, 0.00761318719015, -0.00807944498956, 0.00531510217115, -0.00499391369522], [0.000898813828826, -0.00330656790175, 0.00250135385431, -0.00311162439175, 0.0013230125187, -0.00176149629988, 0.00119302037638, -0.00191860226914, 0.00212996033952, -0.0029574802611, 0.00334794237278, -0.00176978297532, 0.00143279868644], [-0.00145908165723, 0.0079862261191, -0.00311162439175, 0.0092163765803, -0.00388103490695, 0.00238691293634, -0.00326526607387, 0.00307395379059, -0.00387219502591, 0.00464192219079, -0.0072095002979, 0.00488337408751, -0.004284420982], [0.000891902192961, -0.0044694878161, 0.0013230125187, -0.00388103490695, 0.00584483565763, -0.00275879213586, 0.000151693355292, 0.000688621716108, 0.000995880342089, -0.0041970256716, 0.00570312980562, -0.00443176599219, 0.00511275464669], [-0.000967786298133, 0.00547670666128, -0.00176149629988, 0.00238691293634, -0.00275879213586, 0.0133349075913, -0.0094143692404, 0.0092210881412, -0.00576604017988, 0.00676198722795, -0.00554727436975, 0.00467390567064, -0.00533699430525], [0.000864368979819, -0.00422841776162, 0.00119302037638, -0.00326526607387, 0.000151693355292, -0.0094143692404, 0.0176414232701, -0.0140476571396, 0.0123295951635, -0.0057866149582, 0.00603586807847, -0.00357025070116, 0.00330514530651], [-0.000976726179942, 0.00603395793587, -0.00191860226914, 0.00307395379059, 0.000688621716108, 0.0092210881412, -0.0140476571396, 0.0270449500531, -0.0217042919248, 0.0158875603229, -0.00566066987813, 0.00134799920488, 0.000134855421493], [0.000925729400478, -0.00553733156994, 0.00212996033952, -0.00387219502591, 0.000995880342089, -0.00576604017988, 0.0123295951635, -0.0217042919248, 0.030587291345, -0.0223627015948, 0.014900595881, -0.00470048841089, 0.00270053138956], [-0.0011576161487, 0.00761318719015, -0.0029574802611, 0.00464192219079, -0.0041970256716, 0.00676198722795, -0.0057866149582, 0.0158875603229, -0.0223627015948, 0.0401011146605, -0.0327950119972, 0.0181683599949, -0.00662768725306], [0.00139580608811, -0.00807944498956, 0.00334794237278, -0.0072095002979, 0.00570312980562, -0.00554727436975, 0.00603586807847, -0.00566066987813, 0.014900595881, -0.0327950119972, 0.0495211146772, -0.0310090463609, 0.0203687548637], [-0.00100111460779, 0.00531510217115, -0.00176978297532, 0.00488337408751, -0.00443176599219, 0.00467390567064, -0.00357025070116, 0.00134799920488, -0.00470048841089, 0.0181683599949, -0.0310090463609, 0.0314366929233, -0.018084011972], [0.00113696849439, -0.00499391369522, 0.00143279868644, -0.004284420982, 0.00511275464669, -0.00533699430525, 0.00330514530651, 0.000134855421493, 0.00270053138956, -0.00662768725306, 0.0203687548637, -0.018084011972, 0.0223892070353]]
    },
    "melbands": {
        "mean": [0.00119797862135, 0.0067988182418, 0.00308045838028, 0.00154580071103, 0.000971666071564, 0.000482916278997, 0.000604305416346, 0.000348183995811, 0.000158314403961, 0.000162854455994, 7.14028865332e-005, 7.82461575e-005, 2.85290007014e-005, 6.69583387207e-005, 5.35155304533e-005, 3.75139607058e-005, 1.45686399264e-005, 1.6272872017e-005, 2.28749081543e-006, 3.50746432787e-007, 4.98946576499e-007, 3.11430227384e-007, 1.25592876543e-007, 3.92037904362e-008, 1.86750632736e-008, 1.47763916658e-008, 7.56510942779e-009, 5.04206054686e-009, 2.30256902434e-009, 1.86855753093e-009, 1.69416414231e-009, 2.37437824957e-009, 1.14309195443e-009, 1.1855011417e-009, 7.59157792185e-010, 6.42576047927e-010, 7.33656246865e-010, 3.7011027576e-010, 3.05722114291e-010, 2.16381593199e-010],
        "var": [5.49335982214e-006, 7.69486723584e-005, 1.35559648697e-005, 3.44696718457e-006, 3.08592052534e-006, 4.36026340367e-007, 2.12543045564e-006, 1.64497419064e-006, 1.11977108475e-007, 2.03843924851e-007, 6.16942585907e-008, 2.70756288501e-008, 2.01477479145e-009, 2.38015633869e-008, 3.02990699197e-008, 1.81106187824e-008, 1.3675327537e-009, 2.78270007037e-009, 3.11725992241e-011, 6.84049171473e-013, 1.19608793356e-012, 7.97013822128e-013, 8.45425820821e-014, 6.4000407655e-015, 4.86000611838e-015, 2.33312726574e-015, 4.46473766415e-016, 2.04154249993e-016, 6.96417916087e-017, 4.5819492893e-017, 3.56211831208e-017, 9.98655352059e-017, 2.82847329796e-017, 2.29542686158e-017, 5.7062756772e-018, 5.93502916687e-018, 1.09022421278e-017, 2.05430553282e-018, 1.43427038439e-018, 6.78937542472e-019]
    },
    "mfcc": {
        "mean": [-834.622802734, 270.414154053, 43.0660896301, -13.7605705261, 16.1849193573, 19.7228622437, 4.26986932755, -2.23764228821, -5.35926008224, -3.33473515511, -1.36701059341, -4.34517240524, -5.99985361099],
        "cov": [[2966.56762695, 948.030883789, -1346.0970459, -457.456237793, 9.72543621063, -274.427612305, -321.395904541, -46.0824508667, -143.371383667, -94.6059951782, 105.896873474, 167.965286255, 80.8065567017], [948.030883789, 719.379821777, -342.936920166, -332.794769287, -21.4104824066, -126.279167175, -162.876083374, -67.9756393433, -70.3685455322, -89.9002761841, 13.3739967346, 89.8009185791, 51.1274986267], [-1346.0970459, -342.936920166, 963.984008789, 373.001434326, -35.4869804382, 157.724258423, 178.014419556, 37.8570785522, 96.9237136841, 54.6888694763, -76.2284088135, -96.5283966064, -50.8243026733], [-457.456237793, -332.794769287, 373.001434326, 435.988342285, 129.101760864, 108.108779907, 119.118286133, 57.8504981995, 33.7412719727, 66.8501815796, 48.5274391174, -9.70266723633, -21.2120628357], [9.72543621063, -21.4104824066, -35.4869804382, 129.101760864, 218.60194397, 126.37298584, 34.0164070129, -23.9953212738, -43.7881546021, 12.9089002609, 77.3862533569, 52.2392234802, 13.1744537354], [-274.427612305, -126.279167175, 157.724258423, 108.108779907, 126.37298584, 265.135955811, 186.366760254, -7.43329763412, -32.9172439575, 12.5022859573, 4.72704839706, -14.0459251404, -20.0528144836], [-321.395904541, -162.876083374, 178.014419556, 119.118286133, 34.0164070129, 186.366760254, 249.540649414, 97.5752563477, 13.4807929993, 3.9598107338, -23.5818691254, -23.7853050232, -23.6284217834], [-46.0824508667, -67.9756393433, 37.8570785522, 57.8504981995, -23.9953212738, -7.43329763412, 97.5752563477, 167.566375732, 109.91292572, -5.35912942886, -61.2632064819, -41.261806488, -8.64887523651], [-143.371383667, -70.3685455322, 96.9237136841, 33.7412719727, -43.7881546021, -32.9172439575, 13.4807929993, 109.91292572, 163.874023438, 61.6455345154, -76.6378097534, -95.9108810425, -23.4630279541], [-94.6059951782, -89.9002761841, 54.6888694763, 66.8501815796, 12.9089002609, 12.5022859573, 3.9598107338, -5.35912942886, 61.6455345154, 139.574554443, 53.8968009949, -74.3037490845, -52.4868736267], [105.896873474, 13.3739967346, -76.2284088135, 48.5274391174, 77.3862533569, 4.72704839706, -23.5818691254, -61.2632064819, -76.6378097534, 53.8968009949, 163.856674194, 86.846321106, -6.77288913727], [167.965286255, 89.8009185791, -96.5283966064, -9.70266723633, 52.2392234802, -14.0459251404, -23.7853050232, -41.261806488, -95.9108810425, -74.3037490845, 86.846321106, 207.010345459, 100.99331665], [80.8065567017, 51.1274986267, -50.8243026733, -21.2120628357, 13.1744537354, -20.0528144836, -23.6284217834, -8.64887523651, -23.4630279541, -52.4868736267, -6.77288913727, 100.99331665, 119.064788818]],
        "icov": [[0.00705348374322, -0.0096806883812, 0.0116578200832, -0.0131082786247, 0.0156398154795, -0.0184433534741, 0.019974283874, -0.0194361396134, 0.0170360170305, -0.0158729664981, 0.0118530634791, -0.007976539433, 0.00352625013329], [-0.0096806883812, 0.0160409715027, -0.0166968274862, 0.0209041703492, -0.0234585981816, 0.026009241119, -0.0259785186499, 0.0244399271905, -0.0211946107447, 0.0208612531424, -0.0155982943252, 0.0100966133177, -0.00455701723695], [0.0116578200832, -0.0166968274862, 0.0231912266463, -0.0264563113451, 0.0294111501426, -0.030023181811, 0.0268926844001, -0.0204296577722, 0.0158851388842, -0.0170938353986, 0.0145530328155, -0.0105978650972, 0.00539813470095], [-0.0131082786247, 0.0209041703492, -0.0264563113451, 0.0354593656957, -0.0374156832695, 0.0364968106151, -0.0326934605837, 0.0228695087135, -0.0179850142449, 0.0179986488074, -0.0161320865154, 0.0112894643098, -0.00569955259562], [0.0156398154795, -0.0234585981816, 0.0294111501426, -0.0374156832695, 0.0548334755003, -0.0594317354262, 0.0564999096096, -0.047722838819, 0.0348885431886, -0.0299827754498, 0.0174921043217, -0.015891160816, 0.00514895515516], [-0.0184433534741, 0.026009241119, -0.030023181811, 0.0364968106151, -0.0594317354262, 0.0870974063873, -0.0947028249502, 0.0923484936357, -0.072639465332, 0.0612070970237, -0.038577158004, 0.0292897820473, -0.0101771550253], [0.019974283874, -0.0259785186499, 0.0268926844001, -0.0326934605837, 0.0564999096096, -0.0947028249502, 0.122951924801, -0.132635563612, 0.115893602371, -0.0965578109026, 0.0651269778609, -0.0432492382824, 0.0164804961532], [-0.0194361396134, 0.0244399271905, -0.0204296577722, 0.0228695087135, -0.047722838819, 0.0923484936357, -0.132635563612, 0.169496744871, -0.157390668988, 0.130141362548, -0.0866581723094, 0.0526862405241, -0.0183906126767], [0.0170360170305, -0.0211946107447, 0.0158851388842, -0.0179850142449, 0.0348885431886, -0.072639465332, 0.115893602371, -0.157390668988, 0.169033139944, -0.142435863614, 0.103333979845, -0.0560148954391, 0.0204992685467], [-0.0158729664981, 0.0208612531424, -0.0170938353986, 0.0179986488074, -0.0299827754498, 0.0612070970237, -0.0965578109026, 0.130141362548, -0.142435863614, 0.142634272575, -0.10701879859, 0.0657741501927, -0.0254282876849], [0.0118530634791, -0.0155982943252, 0.0145530328155, -0.0161320865154, 0.0174921043217, -0.038577158004, 0.0651269778609, -0.0866581723094, 0.103333979845, -0.10701879859, 0.0971389934421, -0.059091296047, 0.0290233194828], [-0.007976539433, 0.0100966133177, -0.0105978650972, 0.0112894643098, -0.015891160816, 0.0292897820473, -0.0432492382824, 0.0526862405241, -0.0560148954391, 0.0657741501927, -0.059091296047, 0.0496802739799, -0.0270436201245], [0.00352625013329, -0.00455701723695, 0.00539813470095, -0.00569955259562, 0.00514895515516, -0.0101771550253, 0.0164804961532, -0.0183906126767, 0.0204992685467, -0.0254282876849, 0.0290233194828, -0.0270436201245, 0.0263222809881]]
    },
    "spectral_contrast_coeffs": {
        "mean": [-0.546685636044, -0.679905951023, -0.720798075199, -0.715596854687, -0.787441432476, -0.861268758774],
        "var": [0.00681272149086, 0.00649237586185, 0.00641552824527, 0.00467037921771, 0.00369194871746, 0.0014118590625]
    },
    "spectral_contrast_valleys": {
        "mean": [-7.19781160355, -7.13100767136, -8.17406082153, -9.72215461731, -11.6620826721, -14.0205612183],
        "var": [1.25625860691, 1.47509181499, 1.44634759426, 1.54111504555, 1.35432958603, 0.965295612812]
    }
},
"metadata": {
    "audio_properties": {
        "analysis_sample_rate": 44100,
        "bit_rate": 99869,
        "equal_loudness": 0,
        "length": 45.0612258911,
        "lossless": 0,
        "replay_gain": -8.3196105957,
        "sample_rate": 44100,
        "codec": "mp3",
        "downmix": "mix",
        "md5_encoded": "7121976b0f36da45584e02eee9d4a333"
    },
    "tags": {
        "file_name": "180.mp3"
    },
    "version": {
        "essentia": "2.1-beta2",
        "essentia_git_sha": "v2.1_beta2",
        "extractor": "music 1.0"
    }
},
"rhythm": {
    "beats_count": 74,
    "beats_loudness": {
        "mean": 0.0715182647109,
        "var": 0.000474798929645
    },
    "bpm": 99.9263687134,
    "bpm_histogram_first_peak_bpm": {
        "mean": 99,
        "var": 0
    },
    "bpm_histogram_first_peak_spread": {
        "mean": 0.291666686535,
        "var": 0
    },
    "bpm_histogram_first_peak_weight": {
        "mean": 0.698630154133,
        "var": 0
    },
    "bpm_histogram_second_peak_bpm": {
        "mean": 92,
        "var": 0
    },
    "bpm_histogram_second_peak_spread": {
        "mean": 0,
        "var": 0
    },
    "bpm_histogram_second_peak_weight": {
        "mean": 0.0136986300349,
        "var": 0
    },
    "danceability": 1.3041472435,
    "onset_rate": 4.03712892532,
    "beats_loudness_band_ratio": {
        "mean": [0.501908183098, 0.337867677212, 0.16476598382, 0.0406168475747, 0.00924463849515, 2.3770133339e-005],
        "var": [0.0209023598582, 0.0248343292624, 0.0153228193521, 0.00125460838899, 0.000501311733387, 7.45423389681e-010]
    },
    "beats_position": [0.650158703327, 1.30031740665, 1.91564619541, 2.50775504112, 3.11147379875, 3.7151927948, 4.31891155243, 4.92263031006, 5.52634906769, 6.11845779419, 6.72217655182, 7.31428575516, 7.91800451279, 8.52172279358, 9.12544155121, 9.71755123138, 10.3096599579, 10.9133787155, 11.5170974731, 12.1208162308, 12.7245349884, 13.3166437149, 13.9203624725, 14.512471199, 15.1161899567, 15.7199087143, 16.3236274719, 16.9273471832, 17.5310649872, 18.1231746674, 18.7152824402, 19.3190021515, 19.9227199554, 20.5264396667, 21.1301574707, 21.7222671509, 22.3143768311, 22.918094635, 23.5218143463, 24.1255321503, 24.7292518616, 25.3213596344, 25.9134693146, 26.5171871185, 27.1209068298, 27.7246246338, 28.3283443451, 28.9204521179, 29.5125617981, 30.1162815094, 30.7199993134, 31.3237190247, 31.9274368286, 32.5195465088, 33.111656189, 33.7153739929, 34.3190917969, 34.9228096008, 35.5265312195, 36.1302490234, 36.7223587036, 37.3144645691, 37.9181861877, 38.5219039917, 39.1256217957, 39.7177314758, 40.309841156, 40.91355896, 41.5172767639, 42.1209983826, 42.7247161865, 43.3284339905, 43.9321517944, 44.5358734131]
},
"tonal": {
    "chords_changes_rate": 0.042181070894,
    "chords_number_rate": 0.00720164598897,
    "chords_strength": {
        "mean": 0.519633173943,
        "var": 0.00493839988485
    },
    "hpcp_entropy": {
        "mean": 1.50435900688,
        "var": 0.386467307806
    },
    "key_strength": 0.879896581173,
    "tuning_diatonic_strength": 0.67374163866,
    "tuning_equal_tempered_deviation": 0.0239023901522,
    "tuning_frequency": 441.782684326,
    "tuning_nontempered_energy_ratio": 0.641188383102,
    "hpcp": {
        "mean": [0.343605101109, 0.184153392911, 0.0598385408521, 0.0417874194682, 0.0416378825903, 0.0839868783951, 0.123221904039, 0.0929523408413, 0.0612611025572, 0.0551525950432, 0.0461747013032, 0.0780398249626, 0.11503265053, 0.0786007270217, 0.0808288305998, 0.104376725852, 0.0613090768456, 0.0324999429286, 0.0353366993368, 0.082080103457, 0.198841303587, 0.232298150659, 0.130431368947, 0.0509100407362, 0.0310987066478, 0.0470691546798, 0.092351578176, 0.113592706621, 0.0760738179088, 0.0385714620352, 0.0276487134397, 0.0272618569434, 0.114623568952, 0.219443902373, 0.192167550325, 0.268705785275],
        "var": [0.169576093554, 0.0677554234862, 0.0269829947501, 0.0186255536973, 0.0201114490628, 0.0428816266358, 0.0784883573651, 0.0454679317772, 0.0248836074024, 0.0211057066917, 0.0197208989412, 0.0300701595843, 0.0613579824567, 0.0269084908068, 0.0360822454095, 0.0606203526258, 0.0223378017545, 0.0128143019974, 0.0146427862346, 0.0340298227966, 0.0920679494739, 0.1114564538, 0.0533464588225, 0.023898517713, 0.0114177046344, 0.0188949778676, 0.0384035371244, 0.0576565563679, 0.0376521609724, 0.017203470692, 0.0132201593369, 0.0103584276512, 0.0462423600256, 0.135948345065, 0.0833995714784, 0.100382693112]
    },
    "chords_histogram": [59.2592582703, 10.5967073441, 6.37860059738, 0, 0, 0, 0, 0, 1.23456788063, 0.102880656719, 0, 0, 0, 0, 0, 0, 0, 6.27572011948, 0, 0, 0, 0, 5.24691343307, 10.9053497314],
    "thpcp": [1, 0.535944879055, 0.174149170518, 0.121614664793, 0.12117946893, 0.244428500533, 0.358614891768, 0.270520836115, 0.178289264441, 0.160511568189, 0.134383052588, 0.227120682597, 0.334781557322, 0.228753089905, 0.235237568617, 0.303769439459, 0.178428888321, 0.0945851579309, 0.10284101963, 0.238879173994, 0.578691363335, 0.67606139183, 0.379596710205, 0.148164391518, 0.0905071124434, 0.136986196041, 0.268772423267, 0.330590873957, 0.221398979425, 0.112255208194, 0.0804665386677, 0.0793406665325, 0.333590984344, 0.638651490211, 0.559268593788, 0.782019197941],
    "chords_key": "A",
    "chords_scale": "major",
    "key_key": "A",
    "key_scale": "major"
}
}