{
"lowlevel": {
    "average_loudness": 0.587341368198,
    "barkbands_crest": {
        "mean": 15.5343561172,
        "var": 26.2987556458
    },
    "barkbands_flatness_db": {
        "mean": 0.365248382092,
        "var": 0.0116589972749
    },
    "barkbands_kurtosis": {
        "mean": 16.3261394501,
        "var": 1272.8548584
    },
    "barkbands_skewness": {
        "mean": 2.06067490578,
        "var": 4.75475549698
    },
    "barkbands_spread": {
        "mean": 3.61203956604,
        "var": 15.5332298279
    },
    "dissonance": {
        "mean": 0.340562224388,
        "var": 0.00728478608653
    },
    "dynamic_complexity": 6.30569028854,
    "erbbands_crest": {
        "mean": 13.676733017,
        "var": 30.3792991638
    },
    "erbbands_flatness_db": {
        "mean": 0.299265533686,
        "var": 0.00580292986706
    },
    "erbbands_kurtosis": {
        "mean": 4.8163523674,
        "var": 64.7864456177
    },
    "erbbands_skewness": {
        "mean": 1.16596901417,
        "var": 1.25274717808
    },
    "erbbands_spread": {
        "mean": 13.1724328995,
        "var": 158.384933472
    },
    "hfc": {
        "mean": 6.52346897125,
        "var": 95.3297119141
    },
    "melbands_crest": {
        "mean": 18.152053833,
        "var": 29.1896781921
    },
    "melbands_flatness_db": {
        "mean": 0.479665338993,
        "var": 0.0166589021683
    },
    "melbands_kurtosis": {
        "mean": 15.2465524673,
        "var": 867.699462891
    },
    "melbands_skewness": {
        "mean": 2.03808522224,
        "var": 2.80564832687
    },
    "melbands_spread": {
        "mean": 4.31533145905,
        "var": 27.2569713593
    },
    "pitch_salience": {
        "mean": 0.451612740755,
        "var": 0.0262118242681
    },
    "silence_rate_20dB": {
        "mean": 0.998455226421,
        "var": 0.00154241244309
    },
    "silence_rate_30dB": {
        "mean": 0.919155538082,
        "var": 0.0743087604642
    },
    "silence_rate_60dB": {
        "mean": 0.205458283424,
        "var": 0.163240611553
    },
    "spectral_centroid": {
        "mean": 356.980102539,
        "var": 119144.34375
    },
    "spectral_complexity": {
        "mean": 5.61946439743,
        "var": 11.2985544205
    },
    "spectral_decrease": {
        "mean": -8.45072101185e-009,
        "var": 1.81242763158e-016
    },
    "spectral_energy": {
        "mean": 0.0324866212904,
        "var": 0.002647242276
    },
    "spectral_energyband_high": {
        "mean": 4.60377668787e-006,
        "var": 8.14959433271e-010
    },
    "spectral_energyband_low": {
        "mean": 0.0198146458715,
        "var": 0.00210690079257
    },
    "spectral_energyband_middle_high": {
        "mean": 0.000444309698651,
        "var": 8.8479760052e-007
    },
    "spectral_energyband_middle_low": {
        "mean": 0.0132008055225,
        "var": 0.000446351739811
    },
    "spectral_entropy": {
        "mean": 5.58830547333,
        "var": 0.626001596451
    },
    "spectral_flux": {
        "mean": 0.0572526045144,
        "var": 0.00389309809543
    },
    "spectral_kurtosis": {
        "mean": 55.0738830566,
        "var": 2231.75512695
    },
    "spectral_rms": {
        "mean": 0.00445278687403,
        "var": 1.18669149742e-005
    },
    "spectral_rolloff": {
        "mean": 368.683776855,
        "var": 406723.8125
    },
    "spectral_skewness": {
        "mean": 5.42293787003,
        "var": 6.33269739151
    },
    "spectral_spread": {
        "mean": 1909114.375,
        "var": 3.27713869005e+012
    },
    "spectral_strongpeak": {
        "mean": 0.781478524208,
        "var": 0.961727678776
    },
    "zerocrossingrate": {
        "mean": 0.0144734410569,
        "var": 0.000332632014761
    },
    "barkbands": {
        "mean": [0.000160444455105, 0.0159978028387, 0.00276357820258, 0.00175483257044, 0.0049039083533, 0.00145544263069, 0.00182454497553, 0.00285465666093, 0.000247335818131, 0.000255341030424, 9.66994193732e-005, 6.40085127088e-005, 5.65482187085e-005, 1.14824006232e-005, 1.03306729216e-005, 9.92967216007e-006, 2.365327191e-006, 6.28623683951e-006, 5.76051297685e-006, 1.39566179769e-006, 1.21012908494e-006, 1.33855485274e-006, 8.94869174317e-007, 3.95439769818e-007, 8.61793694185e-008, 5.48027827563e-008, 4.91961760218e-009],
        "var": [2.20810434826e-007, 0.00161327922251, 4.04313068429e-005, 4.24309146183e-005, 5.26376752532e-005, 1.18916541396e-005, 2.33280352404e-005, 8.79803264979e-005, 2.47885424187e-007, 3.83120266179e-007, 5.84114978608e-008, 2.79020344607e-008, 5.60177859654e-008, 1.32059396751e-009, 1.0043232912e-009, 9.31483890021e-010, 5.66028821036e-011, 5.05596564615e-010, 3.05824809921e-010, 3.6052088398e-011, 2.09023475611e-011, 2.63392363475e-011, 1.43178566225e-010, 2.88288073969e-011, 2.45909006049e-013, 3.20369056804e-013, 4.11422833668e-015]
    },
    "erbbands": {
        "mean": [0.349199593067, 3.82459664345, 5.10192489624, 4.23891448975, 7.61777591705, 20.638551712, 18.0960426331, 11.0391578674, 13.9999570847, 78.5688171387, 23.9519367218, 6.73573207855, 10.0127677917, 3.72724246979, 3.76189422607, 2.77274918556, 2.63304233551, 0.793533027172, 0.522290349007, 0.613661408424, 0.364161431789, 0.152060776949, 0.309368312359, 0.365377038717, 0.191541075706, 0.0758691355586, 0.0473698601127, 0.0475376658142, 0.0502318553627, 0.0294759608805, 0.0251169800758, 0.0154992034659, 0.00354218063876, 0.00107465893961, 0.000624728854746, 0.000279798987322, 0.000110597153252, 1.6920201233e-005, 1.52298825924e-005, 3.55406227754e-005],
        "var": [0.981520533562, 95.3129348755, 156.998336792, 213.460159302, 169.742752075, 1155.3223877, 1070.13232422, 724.400024414, 704.953735352, 63143.6640625, 3825.48193359, 169.204376221, 486.491424561, 59.6159591675, 75.3543701172, 53.0719642639, 106.26852417, 5.31702566147, 2.69172096252, 3.14974141121, 0.974240243435, 0.187408819795, 1.26801908016, 1.19436538219, 0.40676137805, 0.0959679186344, 0.0313225537539, 0.0362223647535, 0.0373087748885, 0.0299234837294, 0.13662289083, 0.0494200736284, 0.00179121119436, 2.93923330901e-005, 1.82348903763e-005, 5.82834809393e-006, 1.42328462971e-006, 3.41565034034e-008, 6.4028438107e-010, 3.12848524864e-009]
    },
    "gfcc": {
        "mean": [-212.15007019, 194.4112854, -54.5025596619, 7.10915231705, -52.8635215759, -4.67372703552, -16.4135570526, -5.65467262268, -13.0037078857, -7.90860891342, -2.43169760704, -4.5775103569, -4.43968486786],
        "cov": [[10685.4775391, 1699.25366211, -2416.66943359, -1001.61785889, -608.39276123, -555.199768066, -146.799468994, -372.594512939, 307.178192139, -260.404449463, 130.880218506, -361.631530762, -112.159835815], [1699.25366211, 1431.03027344, 452.215026855, -695.757385254, 67.4820098877, -19.977312088, 284.286376953, -170.015670776, 127.416564941, -125.478790283, 140.208831787, -136.937713623, 44.4657325745], [-2416.66943359, 452.215026855, 1941.26647949, 289.062164307, 499.688720703, 233.887664795, 439.070159912, 77.5974273682, 94.6698608398, 35.0086021423, 116.583999634, 49.233165741, 83.4475402832], [-1001.61785889, -695.757385254, 289.062164307, 830.85357666, 274.476135254, 86.6256866455, -11.4328050613, 147.005371094, 14.2198057175, 104.211799622, -16.8786811829, 90.455947876, -12.8246946335], [-608.39276123, 67.4820098877, 499.688720703, 274.476135254, 543.193664551, 276.380493164, 185.110931396, 61.4072036743, 65.6328353882, 51.426940918, 55.6883354187, 19.1470890045, 21.723991394], [-555.199768066, -19.977312088, 233.887664795, 86.6256866455, 276.380493164, 373.743743896, 150.997116089, 39.1591682434, -15.0064678192, 37.0478248596, 17.8176002502, 33.5239601135, 10.992805481], [-146.799468994, 284.286376953, 439.070159912, -11.4328050613, 185.110931396, 150.997116089, 268.409515381, 31.3167648315, 45.3199806213, -10.0320291519, 48.8823738098, -8.60215473175, 19.9738254547], [-372.594512939, -170.015670776, 77.5974273682, 147.005371094, 61.4072036743, 39.1591682434, 31.3167648315, 116.693946838, 19.37458992, 27.627571106, -13.4040079117, 18.9374923706, -10.1283349991], [307.178192139, 127.416564941, 94.6698608398, 14.2198057175, 65.6328353882, -15.0064678192, 45.3199806213, 19.37458992, 105.540534973, 21.341583252, 30.8859577179, -22.4235191345, -1.821377635], [-260.404449463, -125.478790283, 35.0086021423, 104.211799622, 51.426940918, 37.0478248596, -10.0320291519, 27.627571106, 21.341583252, 91.2224960327, 24.0799179077, 20.3879451752, -3.52810692787], [130.880218506, 140.208831787, 116.583999634, -16.8786811829, 55.6883354187, 17.8176002502, 48.8823738098, -13.4040079117, 30.8859577179, 24.0799179077, 84.3424224854, 10.383020401, 14.8991384506], [-361.631530762, -136.937713623, 49.233165741, 90.455947876, 19.1470890045, 33.5239601135, -8.60215473175, 18.9374923706, -22.4235191345, 20.3879451752, 10.383020401, 76.0963516235, 35.0434989929], [-112.159835815, 44.4657325745, 83.4475402832, -12.8246946335, 21.723991394, 10.992805481, 19.9738254547, -10.1283349991, -1.821377635, -3.52810692787, 14.8991384506, 35.0434989929, 65.0137863159]],
        "icov": [[0.000503002142068, -0.00111530791037, 0.00103904504795, -0.000989448977634, 0.000469606689876, -9.69672182691e-005, -0.000316317862598, 0.000380470912205, -0.00110756407958, 0.000582570559345, -0.000410601263866, 0.000209089543205, 9.96522721834e-005], [-0.00111530791037, 0.00649646529928, -0.00289924768731, 0.0048132291995, -0.00199763732962, 0.00093117391225, -0.00116199813783, 0.00164586654864, -0.00011898453522, 0.00155300542247, -0.00252836733125, 0.00259347935207, -0.00131066550966], [0.00103904504795, -0.00289924768731, 0.00324185122736, -0.0026879736688, 0.000645452877507, 0.00017295134603, -0.00197913916782, 0.000585722154938, -0.0017430059379, 0.000568600546103, -0.000485169439344, -0.000292567536235, -0.000210535377846], [-0.000989448977634, 0.0048132291995, -0.0026879736688, 0.00626162160188, -0.00319105549715, 0.00162605650257, 0.000100293094874, -0.000739304698072, 0.000779660244007, -0.000740235613193, 4.81364031657e-006, -0.00156857306138, 0.00115774443839], [0.000469606689876, -0.00199763732962, 0.000645452877507, -0.00319105549715, 0.00586203439161, -0.00370533554815, 0.00011784270464, -3.63936378562e-005, -0.00264164945111, 0.000641105056275, -0.00130572821945, 0.00213154358789, -0.00154455774464], [-9.69672182691e-005, 0.00093117391225, 0.00017295134603, 0.00162605650257, -0.00370533554815, 0.00677551049739, -0.00366587657481, 0.000423588004196, 0.00303642172366, -0.00254108267836, 0.00155813200399, -0.00281655299477, 0.00168759736698], [-0.000316317862598, -0.00116199813783, -0.00197913916782, 0.000100293094874, 0.00011784270464, -0.00366587657481, 0.0110820485279, -0.00441330485046, -2.34260805883e-005, 0.00222201645374, -0.00189440126996, 0.00163350242656, -0.00102905044332], [0.000380470912205, 0.00164586654864, 0.000585722154938, -0.000739304698072, -3.63936378562e-005, 0.000423588004196, -0.00441330485046, 0.0157811902463, -0.00574322836474, -4.35730071331e-005, 0.00262380787171, -0.00282032904215, 0.00314363837242], [-0.00110756407958, -0.00011898453522, -0.0017430059379, 0.000779660244007, -0.00264164945111, 0.00303642172366, -2.34260805883e-005, -0.00574322836474, 0.0199573747814, -0.00702226907015, -0.000807173259091, 0.00420638266951, -0.00186089216731], [0.000582570559345, 0.00155300542247, 0.000568600546103, -0.000740235613193, 0.000641105056275, -0.00254108267836, 0.00222201645374, -4.35730071331e-005, -0.00702226907015, 0.0203365273774, -0.0091275209561, 0.000385747553082, 0.00138370878994], [-0.000410601263866, -0.00252836733125, -0.000485169439344, 4.81364031657e-006, -0.00130572821945, 0.00155813200399, -0.00189440126996, 0.00262380787171, -0.000807173259091, -0.0091275209561, 0.0231074709445, -0.00928379688412, 0.00199886178598], [0.000209089543205, 0.00259347935207, -0.000292567536235, -0.00156857306138, 0.00213154358789, -0.00281655299477, 0.00163350242656, -0.00282032904215, 0.00420638266951, 0.000385747553082, -0.00928379688412, 0.0332126654685, -0.0181600470096], [9.96522721834e-005, -0.00131066550966, -0.000210535377846, 0.00115774443839, -0.00154455774464, 0.00168759736698, -0.00102905044332, 0.00314363837242, -0.00186089216731, 0.00138370878994, 0.00199886178598, -0.0181600470096, 0.0273383893073]]
    },
    "melbands": {
        "mean": [0.00385486963205, 0.003740104381, 0.000822903471999, 0.000967979547568, 0.000778974150307, 0.000244920665864, 0.000248119904427, 0.000867887341883, 0.000131354259793, 3.82736616302e-005, 4.91759892611e-005, 1.46598185893e-005, 1.31497072289e-005, 7.9014162111e-006, 8.23118170956e-006, 3.64747234016e-006, 1.21392361052e-006, 7.67713004279e-007, 8.3846043708e-007, 8.21690548491e-007, 3.49948834355e-007, 1.43738716929e-007, 1.82106347779e-007, 3.42252093333e-007, 3.0416524055e-007, 1.69173617337e-007, 7.92760062041e-008, 4.31405844381e-008, 2.69548277032e-008, 3.40373738084e-008, 2.49411478137e-008, 2.86277384021e-008, 2.59847041661e-008, 1.27045760578e-008, 1.24101848797e-008, 1.72665348686e-008, 6.69046995583e-009, 2.71273625785e-009, 1.00039054818e-009, 8.03162758523e-010],
        "var": [9.9165859865e-005, 8.59563224367e-005, 5.54697135158e-006, 1.77716287908e-006, 1.70433725089e-006, 3.45885041497e-007, 2.52413997259e-007, 7.73585725256e-006, 9.46093550169e-008, 6.47488063166e-009, 1.24411982938e-008, 1.14078990698e-009, 1.0744731771e-009, 3.62951169119e-010, 1.08528241949e-009, 1.86238802158e-010, 1.35868937629e-011, 7.1508220352e-012, 6.2714052701e-012, 6.63374737087e-012, 9.63353312053e-013, 2.08258079835e-013, 5.01661754672e-013, 1.69699779402e-012, 8.53633895341e-013, 3.59070276767e-013, 7.95770377761e-014, 3.99550726705e-014, 1.18445411221e-014, 1.91237372888e-014, 1.10218290319e-014, 1.19629842802e-014, 1.20864689784e-014, 8.84237683616e-015, 3.27048162315e-014, 7.69759283441e-014, 7.78456228108e-015, 1.22498900096e-015, 3.43093474612e-017, 1.3433775453e-017]
    },
    "mfcc": {
        "mean": [-866.692932129, 216.309844971, 55.6851921082, 21.1051368713, -2.08252596855, 2.09108424187, 3.8754837513, 4.08768558502, -4.12890577316, -0.25630775094, 3.00932049751, -3.1812069416, -0.136215403676],
        "cov": [[8800.27832031, 2298.36157227, -2472.02832031, -544.31628418, -896.030029297, -382.637298584, -667.617370605, -237.602905273, -386.640258789, -39.3261451721, 56.3349494934, -92.1712417603, -0.284504473209], [2298.36157227, 2188.89379883, 76.21484375, -551.47277832, -279.085327148, -60.8531532288, 57.5572471619, -18.8708877563, -59.4846992493, 4.03340148926, 70.5109710693, 23.4767837524, -15.770368576], [-2472.02832031, 76.21484375, 1493.16540527, 275.220703125, 297.290161133, 208.364013672, 346.906036377, 169.985397339, 171.879364014, 43.4810829163, 42.3623008728, 92.0309753418, 6.24276447296], [-544.31628418, -551.47277832, 275.220703125, 639.447143555, 259.521850586, 72.2582778931, 26.0554428101, 62.4902114868, 78.8389205933, 26.7831630707, 52.2446632385, 49.0550956726, 53.0828132629], [-896.030029297, -279.085327148, 297.290161133, 259.521850586, 381.614318848, 233.439910889, 164.241516113, 86.2515945435, 94.676399231, 61.4634246826, 16.6621265411, 57.7711334229, 56.5472831726], [-382.637298584, -60.8531532288, 208.364013672, 72.2582778931, 233.439910889, 313.211914063, 217.318908691, 101.678794861, 77.2598953247, 55.5186195374, 12.9032783508, 52.944026947, 42.9167137146], [-667.617370605, 57.5572471619, 346.906036377, 26.0554428101, 164.241516113, 217.318908691, 279.524169922, 133.139923096, 86.0331039429, 42.0548095703, 14.5854463577, 45.1067657471, 23.585313797], [-237.602905273, -18.8708877563, 169.985397339, 62.4902114868, 86.2515945435, 101.678794861, 133.139923096, 136.448104858, 81.4125747681, 26.9061927795, 6.1524553299, 16.1903820038, 13.038731575], [-386.640258789, -59.4846992493, 171.879364014, 78.8389205933, 94.676399231, 77.2598953247, 86.0331039429, 81.4125747681, 110.697631836, 35.9976425171, 13.6063747406, 13.3763570786, 10.0862607956], [-39.3261451721, 4.03340148926, 43.4810829163, 26.7831630707, 61.4634246826, 55.5186195374, 42.0548095703, 26.9061927795, 35.9976425171, 83.6533813477, 34.8835830688, 22.3427772522, 11.8270521164], [56.3349494934, 70.5109710693, 42.3623008728, 52.2446632385, 16.6621265411, 12.9032783508, 14.5854463577, 6.1524553299, 13.6063747406, 34.8835830688, 84.1216659546, 38.7384300232, 0.551317155361], [-92.1712417603, 23.4767837524, 92.0309753418, 49.0550956726, 57.7711334229, 52.944026947, 45.1067657471, 16.1903820038, 13.3763570786, 22.3427772522, 38.7384300232, 75.7832565308, 38.4561233521], [-0.284504473209, -15.770368576, 6.24276447296, 53.0828132629, 56.5472831726, 42.9167137146, 23.585313797, 13.038731575, 10.0862607956, 11.8270521164, 0.551317155361, 38.4561233521, 71.6927108765]],
        "icov": [[0.0021782789845, -0.00303213112056, 0.00343901035376, -0.00354589661583, 0.00390260457061, -0.00435855146497, 0.00444703036919, -0.00428547151387, 0.00312710134313, -0.00232409639284, 0.0021711178124, -0.00158636388369, 0.00129273312632], [-0.00303213112056, 0.00493898103014, -0.00499193230644, 0.00563577143475, -0.00512703415006, 0.00608868617564, -0.00629264302552, 0.00578693300486, -0.0040748314932, 0.00335631985217, -0.00424169842154, 0.00256159109995, -0.00256881071255], [0.00343901035376, -0.00499193230644, 0.00673851603642, -0.00620885007083, 0.00572936283424, -0.00597071740776, 0.00507237622514, -0.00601058732718, 0.00376060116105, -0.00336035084911, 0.00431667920202, -0.00406055385247, 0.00357576785609], [-0.00354589661583, 0.00563577143475, -0.00620885007083, 0.00947121344507, -0.00860799569637, 0.00768927438185, -0.00527620082721, 0.00510768918321, -0.00500117940828, 0.00521077495068, -0.00711147719994, 0.00380101520568, -0.00439322181046], [0.00390260457061, -0.00512703415006, 0.00572936283424, -0.00860799569637, 0.0152659025043, -0.0122452741489, 0.00731285149232, -0.00573820061982, 0.00381261180155, -0.00631216494367, 0.00579068996012, -0.00357368565165, 0.00106686085928], [-0.00435855146497, 0.00608868617564, -0.00597071740776, 0.00768927438185, -0.0122452741489, 0.0195262711495, -0.0156037611887, 0.00896722450852, -0.00641817925498, 0.00355317909271, -0.0035882871598, 0.00151605543215, -0.00284817395732], [0.00444703036919, -0.00629264302552, 0.00507237622514, -0.00527620082721, 0.00731285149232, -0.0156037611887, 0.0243588555604, -0.0175902564079, 0.00789069384336, -0.00423872983083, 0.00328721571714, -0.00389868905768, 0.0025118556805], [-0.00428547151387, 0.00578693300486, -0.00601058732718, 0.00510768918321, -0.00573820061982, 0.00896722450852, -0.0175902564079, 0.0287281293422, -0.0163304004818, 0.00444242777303, -0.00215814472176, 0.00338250608183, -0.00251562846825], [0.00312710134313, -0.0040748314932, 0.00376060116105, -0.00500117940828, 0.00381261180155, -0.00641817925498, 0.00789069384336, -0.0163304004818, 0.0246616508812, -0.00746416021138, 0.00135781860445, 0.000718032475561, 0.00106676900759], [-0.00232409639284, 0.00335631985217, -0.00336035084911, 0.00521077495068, -0.00631216494367, 0.00355317909271, -0.00423872983083, 0.00444242777303, -0.00746416021138, 0.0210504420102, -0.0105274571106, 0.00291336560622, -0.00330262794159], [0.0021711178124, -0.00424169842154, 0.00431667920202, -0.00711147719994, 0.00579068996012, -0.0035882871598, 0.00328721571714, -0.00215814472176, 0.00135781860445, -0.0105274571106, 0.0269655752927, -0.0166544560343, 0.0111286854371], [-0.00158636388369, 0.00256159109995, -0.00406055385247, 0.00380101520568, -0.00357368565165, 0.00151605543215, -0.00389868905768, 0.00338250608183, 0.000718032475561, 0.00291336560622, -0.0166544560343, 0.032455984503, -0.0171880163252], [0.00129273312632, -0.00256881071255, 0.00357576785609, -0.00439322181046, 0.00106686085928, -0.00284817395732, 0.0025118556805, -0.00251562846825, 0.00106676900759, -0.00330262794159, 0.0111286854371, -0.0171880163252, 0.0263534765691]]
    },
    "spectral_contrast_coeffs": {
        "mean": [-0.599854826927, -0.6574010849, -0.753684043884, -0.807231664658, -0.83489972353, -0.808563113213],
        "var": [0.010853801854, 0.0125236231834, 0.00779511779547, 0.00508781149983, 0.00346036418341, 0.00173103460111]
    },
    "spectral_contrast_valleys": {
        "mean": [-7.76114082336, -8.04362201691, -9.09351062775, -10.3344564438, -10.7813711166, -13.3561754227],
        "var": [1.75616312027, 1.78793728352, 1.82097017765, 1.54568862915, 1.08639669418, 0.635411143303]
    }
},
"metadata": {
    "audio_properties": {
        "analysis_sample_rate": 44100,
        "bit_rate": 128074,
        "equal_loudness": 0,
        "length": 45.0612258911,
        "lossless": 0,
        "replay_gain": -5.29992485046,
        "sample_rate": 44100,
        "codec": "mp3",
        "downmix": "mix",
        "md5_encoded": "dffec331d25fa7b1be3ce5d91e5fac6c"
    },
    "tags": {
        "file_name": "1800.mp3"
    },
    "version": {
        "essentia": "2.1-beta2",
        "essentia_git_sha": "v2.1_beta2",
        "extractor": "music 1.0"
    }
},
"rhythm": {
    "beats_count": 84,
    "beats_loudness": {
        "mean": 0.0464905425906,
        "var": 0.0032221681904
    },
    "bpm": 103.193237305,
    "bpm_histogram_first_peak_bpm": {
        "mean": 103,
        "var": 0
    },
    "bpm_histogram_first_peak_spread": {
        "mean": 0.550000011921,
        "var": 0
    },
    "bpm_histogram_first_peak_weight": {
        "mean": 0.108433738351,
        "var": 0
    },
    "bpm_histogram_second_peak_bpm": {
        "mean": 140,
        "var": 0
    },
    "bpm_histogram_second_peak_spread": {
        "mean": 0.399999976158,
        "var": 0
    },
    "bpm_histogram_second_peak_weight": {
        "mean": 0.108433738351,
        "var": 0
    },
    "danceability": 1.00912213326,
    "onset_rate": 3.70439863205,
    "beats_loudness_band_ratio": {
        "mean": [0.569840848446, 0.311551004648, 0.151356860995, 0.0148017900065, 0.00204399414361, 0.00119187810924],
        "var": [0.112338215113, 0.0676897615194, 0.030782636255, 0.000331883289618, 3.72329450329e-005, 2.79601081274e-005]
    },
    "beats_position": [0.429569154978, 0.859138309956, 1.28870749474, 1.72988653183, 2.15945577621, 2.58902478218, 3.03020405769, 3.47138309479, 3.9125623703, 4.35374164581, 4.80653047562, 5.23609972, 5.66566896439, 6.08362817764, 6.51319694519, 6.94276618958, 7.52326536179, 8.10376358032, 8.67265319824, 9.24154186249, 9.81043052673, 10.379319191, 11.0062580109, 11.6099767685, 12.2601356506, 12.8870744705, 13.5140132904, 14.1409521103, 14.7678909302, 15.3948297501, 16.0333786011, 16.6138763428, 17.1827659607, 17.7632656097, 18.3321533203, 18.9126529694, 19.4931507111, 20.0852603912, 20.6773700714, 21.2810878754, 21.8964176178, 22.4769153595, 23.0574150085, 23.6379127502, 24.2880725861, 24.9382305145, 25.5767803192, 26.2153282166, 26.8538761139, 27.4924259186, 28.1193637848, 28.7230834961, 29.3384113312, 29.8608608246, 30.3717002869, 30.870929718, 31.3817672729, 31.8926067352, 32.4034461975, 32.9258956909, 33.4367332458, 33.9591827393, 34.4351921082, 34.9112014771, 35.3872108459, 35.8748283386, 36.3508377075, 36.8152389526, 37.2796363831, 37.755645752, 38.2200431824, 38.6844444275, 39.1140136719, 39.5668029785, 40.0195922852, 40.5188217163, 41.0296592712, 41.5172767639, 42.0048980713, 42.492515564, 42.9917449951, 43.4909744263, 43.9785919189, 44.4894332886]
},
"tonal": {
    "chords_changes_rate": 0.0812757238746,
    "chords_number_rate": 0.0154320988804,
    "chords_strength": {
        "mean": 0.50671762228,
        "var": 0.00695896940306
    },
    "hpcp_entropy": {
        "mean": 1.49621891975,
        "var": 0.673207104206
    },
    "key_strength": 0.717876195908,
    "tuning_diatonic_strength": 0.596236288548,
    "tuning_equal_tempered_deviation": 0.100513570011,
    "tuning_frequency": 434.193115234,
    "tuning_nontempered_energy_ratio": 0.812072873116,
    "hpcp": {
        "mean": [0.0907938703895, 0.109749928117, 0.153838694096, 0.206814974546, 0.170477733016, 0.0819502100348, 0.0442862026393, 0.0504721365869, 0.115094572306, 0.211727172136, 0.19201412797, 0.100081466138, 0.0577391646802, 0.0438970401883, 0.0458006486297, 0.0625309720635, 0.0824092105031, 0.106660716236, 0.0992926880717, 0.0588262677193, 0.0439494289458, 0.0578716285527, 0.0908083617687, 0.134222820401, 0.13621775806, 0.0827958360314, 0.0463492758572, 0.0409121774137, 0.0413710474968, 0.0737457871437, 0.10998955369, 0.0849065408111, 0.0527149625123, 0.0533554442227, 0.0490745194256, 0.061700463295],
        "var": [0.0503824055195, 0.054475504905, 0.0722461491823, 0.102583162487, 0.0888720080256, 0.0395239777863, 0.0219791922718, 0.0281642973423, 0.0553549639881, 0.120901159942, 0.0988850370049, 0.0562287457287, 0.0318899862468, 0.0240704026073, 0.0223075523973, 0.0328467264771, 0.0444034039974, 0.0644883140922, 0.0619482472539, 0.0314651578665, 0.0236431043595, 0.029683470726, 0.0454320460558, 0.067086353898, 0.0719814747572, 0.0388792492449, 0.0229809805751, 0.024638434872, 0.0206938274205, 0.0379605107009, 0.0668644234538, 0.0404150038958, 0.0200233589858, 0.0263739358634, 0.0209256280214, 0.0288151204586]
    },
    "chords_histogram": [13.5802469254, 1.23456788063, 13.9917697906, 1.54320991039, 5.65843629837, 0.720164597034, 3.39506173134, 0, 0.205761313438, 6.58436203003, 1.85185182095, 0.411522626877, 0, 0.205761313438, 0, 0, 1.64609050751, 5.14403295517, 0, 14.5061731339, 9.25925922394, 6.99588489532, 4.62962961197, 8.43621444702],
    "thpcp": [1, 0.906894147396, 0.472690701485, 0.272705495358, 0.20732831955, 0.216319188476, 0.295337498188, 0.389223605394, 0.503764867783, 0.468965262175, 0.277839958668, 0.207575768232, 0.273331135511, 0.428893268108, 0.633942365646, 0.643364548683, 0.391049653292, 0.218910381198, 0.193230643868, 0.195397913456, 0.348305732012, 0.519487202168, 0.401018619537, 0.248975902796, 0.252000927925, 0.231781870127, 0.291414946318, 0.428824841976, 0.518355429173, 0.726589262486, 0.976799428463, 0.805176436901, 0.387055695057, 0.209166362882, 0.238382890821, 0.543598473072],
    "chords_key": "F",
    "chords_scale": "minor",
    "key_key": "A#",
    "key_scale": "major"
}
}