{
"lowlevel": {
    "average_loudness": 0.869599938393,
    "barkbands_crest": {
        "mean": 12.8861856461,
        "var": 17.1395721436
    },
    "barkbands_flatness_db": {
        "mean": 0.304221898317,
        "var": 0.0036685122177
    },
    "barkbands_kurtosis": {
        "mean": 4.47153234482,
        "var": 32.1805610657
    },
    "barkbands_skewness": {
        "mean": 1.61986422539,
        "var": 0.883429408073
    },
    "barkbands_spread": {
        "mean": 7.9118885994,
        "var": 29.7285480499
    },
    "dissonance": {
        "mean": 0.40742084384,
        "var": 0.00365859712474
    },
    "dynamic_complexity": 3.09807825089,
    "erbbands_crest": {
        "mean": 13.0645704269,
        "var": 21.2002296448
    },
    "erbbands_flatness_db": {
        "mean": 0.33382588625,
        "var": 0.00220840983093
    },
    "erbbands_kurtosis": {
        "mean": 1.02190899849,
        "var": 6.30440330505
    },
    "erbbands_skewness": {
        "mean": 0.641173064709,
        "var": 0.674905121326
    },
    "erbbands_spread": {
        "mean": 18.0561218262,
        "var": 82.8591842651
    },
    "hfc": {
        "mean": 14.255736351,
        "var": 135.767196655
    },
    "melbands_crest": {
        "mean": 15.9493122101,
        "var": 23.734495163
    },
    "melbands_flatness_db": {
        "mean": 0.362408339977,
        "var": 0.00581792462617
    },
    "melbands_kurtosis": {
        "mean": 6.6352930069,
        "var": 50.3885040283
    },
    "melbands_skewness": {
        "mean": 1.9130885601,
        "var": 1.08346319199
    },
    "melbands_spread": {
        "mean": 11.4569797516,
        "var": 82.7790298462
    },
    "pitch_salience": {
        "mean": 0.491941213608,
        "var": 0.010925007984
    },
    "silence_rate_20dB": {
        "mean": 1,
        "var": 0
    },
    "silence_rate_30dB": {
        "mean": 1,
        "var": 0
    },
    "silence_rate_60dB": {
        "mean": 0.0185375902802,
        "var": 0.0181937143207
    },
    "spectral_centroid": {
        "mean": 708.10333252,
        "var": 111188.257813
    },
    "spectral_complexity": {
        "mean": 11.9536561966,
        "var": 16.5796928406
    },
    "spectral_decrease": {
        "mean": -5.93304383401e-009,
        "var": 1.78947704226e-017
    },
    "spectral_energy": {
        "mean": 0.0236856509,
        "var": 0.000286360242171
    },
    "spectral_energyband_high": {
        "mean": 5.32244994247e-005,
        "var": 5.1104787957e-008
    },
    "spectral_energyband_low": {
        "mean": 2.66935639957e-005,
        "var": 1.65424685061e-009
    },
    "spectral_energyband_middle_high": {
        "mean": 0.00463782716542,
        "var": 4.05338796554e-005
    },
    "spectral_energyband_middle_low": {
        "mean": 0.0190660022199,
        "var": 0.000195085827727
    },
    "spectral_entropy": {
        "mean": 6.33840656281,
        "var": 0.265265882015
    },
    "spectral_flux": {
        "mean": 0.0568294078112,
        "var": 0.000879022758454
    },
    "spectral_kurtosis": {
        "mean": 30.8733024597,
        "var": 839.197875977
    },
    "spectral_rms": {
        "mean": 0.00449874205515,
        "var": 2.86927024717e-006
    },
    "spectral_rolloff": {
        "mean": 947.671936035,
        "var": 459450.34375
    },
    "spectral_skewness": {
        "mean": 3.39354491234,
        "var": 3.30410242081
    },
    "spectral_spread": {
        "mean": 1725531,
        "var": 1.34096119398e+012
    },
    "spectral_strongpeak": {
        "mean": 1.59119975567,
        "var": 1.54637420177
    },
    "zerocrossingrate": {
        "mean": 0.0330605618656,
        "var": 0.000331259187078
    },
    "barkbands": {
        "mean": [3.67460671669e-007, 9.03939871932e-006, 4.40519988842e-006, 0.000278106250335, 0.00571760721505, 0.004372630734, 0.00184302648995, 0.00433660671115, 0.00234221387655, 0.00160365586635, 0.000498409091961, 0.000942136568483, 0.000225549418246, 0.000401939236326, 0.000691785477102, 9.19328667806e-005, 9.81958946795e-005, 0.000120655255159, 4.13725792896e-005, 3.01469153783e-005, 2.13717648876e-005, 1.02303838503e-005, 8.12738051081e-007, 1.25492397274e-006, 1.49504762703e-006, 7.33029082767e-007, 1.99452188099e-008],
        "var": [1.19338122283e-012, 1.57358098773e-010, 4.02835577396e-011, 8.85397241746e-007, 4.04103120673e-005, 5.33298916707e-005, 1.79417675099e-005, 4.83596122649e-005, 2.15189520532e-005, 1.21430930449e-005, 4.3141817514e-006, 6.21592471362e-006, 1.22686401482e-007, 2.73156700814e-007, 2.66315805675e-006, 3.96928356849e-008, 3.61004879323e-008, 5.09464221921e-008, 9.97581484086e-009, 4.74330308364e-009, 1.59115920439e-008, 4.09067268947e-009, 1.0409970802e-010, 1.45820300279e-010, 1.19618995265e-010, 1.39897954332e-011, 5.16764704487e-014]
    },
    "erbbands": {
        "mean": [0.000212871964322, 0.00243651983328, 0.011829668656, 0.394699394703, 5.56660318375, 20.2886695862, 44.0856323242, 31.1007385254, 25.0756340027, 35.6999282837, 111.447418213, 50.4642982483, 48.6841812134, 51.3373794556, 23.9112758636, 33.9282531738, 12.1841478348, 14.6478910446, 45.961265564, 14.7840862274, 5.54114437103, 5.63338518143, 6.56138467789, 3.7766661644, 1.60455071926, 1.41670358181, 1.31410205364, 0.525176882744, 0.451029270887, 0.0859529450536, 0.024626430124, 0.0221998542547, 0.0236121378839, 0.0181927029043, 0.00998041499406, 0.00487240683287, 0.000842187786475, 0.00010444180225, 1.46739766933e-005, 2.72280067293e-005],
        "var": [5.35952544567e-008, 1.12710495159e-005, 0.000346577697201, 1.33503031731, 120.662200928, 598.327819824, 3514.65625, 3912.91064453, 2329.94262695, 5152.1640625, 34018.875, 10464.7158203, 8577.43359375, 16809.8398438, 4459.83007813, 6560.35009766, 289.761871338, 234.680297852, 10863.6914063, 529.497558594, 85.2453842163, 78.4533920288, 161.862686157, 58.4082946777, 13.1933927536, 9.84633541107, 23.1268444061, 20.5670986176, 8.04101276398, 0.676363170147, 0.0806773528457, 0.0551664493978, 0.0503406301141, 0.0242158807814, 0.00385106122121, 0.000427553022746, 4.46269223175e-005, 9.10284938982e-007, 7.6407635774e-010, 3.76387226941e-010]
    },
    "gfcc": {
        "mean": [-126.972496033, 169.608154297, -172.092102051, -38.1516151428, -53.726348877, -45.5663719177, -48.2724647522, -13.2261800766, -29.9031791687, 1.24941122532, -11.7994537354, -16.6952400208, 8.78813552856],
        "cov": [[4683.5703125, -1827.32861328, -1032.84289551, 117.173721313, -957.305419922, 140.567626953, 95.7373580933, 330.687225342, -416.09072876, 227.647705078, -307.368438721, 396.081359863, 225.389328003], [-1827.32861328, 1492.84423828, 535.820007324, -135.972839355, 575.428894043, -200.08807373, -27.3664131165, -271.122589111, 119.913658142, -233.173950195, 142.728652954, -317.288604736, -78.4894180298], [-1032.84289551, 535.820007324, 1196.2401123, 4.81231689453, -58.7370491028, 70.7763214111, -136.733612061, -208.836196899, -45.7027816772, -96.1033554077, -132.20854187, -168.61390686, -41.3225746155], [117.173721313, -135.972839355, 4.81231689453, 277.767486572, 51.9735603333, 47.1948890686, -42.8099060059, -10.7526512146, -9.60365390778, 5.02285194397, -37.7274780273, -26.9590587616, -58.6303062439], [-957.305419922, 575.428894043, -58.7370491028, 51.9735603333, 552.080810547, -71.7476577759, -66.5127639771, -88.5285949707, 100.319786072, -93.1566238403, 94.9893341064, -135.489578247, -102.26675415], [140.567626953, -200.08807373, 70.7763214111, 47.1948890686, -71.7476577759, 224.76260376, 22.7607631683, 13.1236877441, -61.3128852844, -8.20699691772, -48.2718505859, 23.4237232208, -24.9163169861], [95.7373580933, -27.3664131165, -136.733612061, -42.8099060059, -66.5127639771, 22.7607631683, 216.498962402, 67.1737594604, -22.8230934143, -18.0299034119, 6.83750391006, 19.1354637146, 10.642291069], [330.687225342, -271.122589111, -208.836196899, -10.7526512146, -88.5285949707, 13.1236877441, 67.1737594604, 170.438735962, 13.7115211487, 43.8267288208, 8.03964233398, 68.9684677124, 9.65156269073], [-416.09072876, 119.913658142, -45.7027816772, -9.60365390778, 100.319786072, -61.3128852844, -22.8230934143, 13.7115211487, 219.817382813, 38.1969299316, 71.1187438965, -2.96449518204, -51.9072036743], [227.647705078, -233.173950195, -96.1033554077, 5.02285194397, -93.1566238403, -8.20699691772, -18.0299034119, 43.8267288208, 38.1969299316, 140.095565796, 37.6842308044, 71.9187393188, 27.4410076141], [-307.368438721, 142.728652954, -132.20854187, -37.7274780273, 94.9893341064, -48.2718505859, 6.83750391006, 8.03964233398, 71.1187438965, 37.6842308044, 194.395751953, 31.0440750122, -2.37433290482], [396.081359863, -317.288604736, -168.61390686, -26.9590587616, -135.489578247, 23.4237232208, 19.1354637146, 68.9684677124, -2.96449518204, 71.9187393188, 31.0440750122, 167.094070435, 49.9352264404], [225.389328003, -78.4894180298, -41.3225746155, -58.6303062439, -102.26675415, -24.9163169861, 10.642291069, 9.65156269073, -51.9072036743, 27.4410076141, -2.37433290482, 49.9352264404, 133.402420044]],
        "icov": [[0.00100237375591, -0.000842519337311, 0.00145292573143, -0.000713983667083, 0.00198833970353, -0.000205225835089, 0.00112003472168, -0.000559187610634, 0.00150133762509, -0.000879808445461, 0.00179759121966, -0.000972992973402, 0.000545394897927], [-0.000842519337311, 0.00762351835147, -0.00401138886809, 0.00325372884981, -0.00602377159521, 0.00334443314932, -0.00409407867119, 0.00417829025537, -0.00287204771303, 0.00550318462774, -0.0062530497089, 0.00580216245726, -0.00240522390231], [0.00145292573143, -0.00401138886809, 0.00470744911581, -0.00183517299592, 0.00547095155343, -0.00210646400228, 0.00364986388013, -0.000961138634011, 0.00252233049832, -0.00269479304552, 0.00476414011791, -0.00212457263842, 0.00183148088399], [-0.000713983667083, 0.00325372884981, -0.00183517299592, 0.00609407713637, -0.00353527045809, 0.000621659099124, -0.00122165784705, 0.00190345966257, -0.00100102194119, 0.00114463048521, -0.00206828885712, 0.00303826667368, 0.000797229935415], [0.00198833970353, -0.00602377159521, 0.00547095155343, -0.00353527045809, 0.0107226353139, -0.00220744148828, 0.00540490401909, -0.00231364974752, 0.00293477787636, -0.00227062776685, 0.00456317560747, -0.00272277020849, 0.00349068362266], [-0.000205225835089, 0.00334443314932, -0.00210646400228, 0.000621659099124, -0.00220744148828, 0.00745305698365, -0.00241085956804, 0.0015167632373, 0.000605431792792, 0.00242845877074, -0.0019123259699, 0.000589597562794, 0.00119892426301], [0.00112003472168, -0.00409407867119, 0.00364986388013, -0.00122165784705, 0.00540490401909, -0.00241085956804, 0.00909984670579, -0.00422361027449, 0.00260141887702, -0.000929145026021, 0.00323101435788, -0.00216453033499, 0.00163632864133], [-0.000559187610634, 0.00417829025537, -0.000961138634011, 0.00190345966257, -0.00231364974752, 0.0015167632373, -0.00422361027449, 0.0120426602662, -0.00264467671514, 0.00201878044754, -0.00277344882488, 0.00168213481084, -0.00020604376914], [0.00150133762509, -0.00287204771303, 0.00252233049832, -0.00100102194119, 0.00293477787636, 0.000605431792792, 0.00260141887702, -0.00264467671514, 0.00970754120499, -0.00497954431921, 0.00269427406602, -0.00305669149384, 0.00445533450693], [-0.000879808445461, 0.00550318462774, -0.00269479304552, 0.00114463048521, -0.00227062776685, 0.00242845877074, -0.000929145026021, 0.00201878044754, -0.00497954431921, 0.0165075603873, -0.00714953988791, 0.00219832570292, -0.00324963941239], [0.00179759121966, -0.0062530497089, 0.00476414011791, -0.00206828885712, 0.00456317560747, -0.0019123259699, 0.00323101435788, -0.00277344882488, 0.00269427406602, -0.00714953988791, 0.0142856165767, -0.00716077815741, 0.00238810130395], [-0.000972992973402, 0.00580216245726, -0.00212457263842, 0.00303826667368, -0.00272277020849, 0.000589597562794, -0.00216453033499, 0.00168213481084, -0.00305669149384, 0.00219832570292, -0.00716077815741, 0.0164821669459, -0.00412988802418], [0.000545394897927, -0.00240522390231, 0.00183148088399, 0.000797229935415, 0.00349068362266, 0.00119892426301, 0.00163632864133, -0.00020604376914, 0.00445533450693, -0.00324963941239, 0.00238810130395, -0.00412988802418, 0.0128519032151]]
    },
    "melbands": {
        "mean": [2.1134283088e-006, 3.09976167046e-006, 0.000183202195331, 0.000850402924698, 0.00148773775436, 0.000712497101631, 0.000381930818548, 0.000476271670777, 0.000875363417435, 0.000288149400149, 0.000246837706072, 0.000222658141865, 7.0506343036e-005, 0.000114185364509, 4.49460421805e-005, 2.37030326389e-005, 2.43113045144e-005, 7.83419163781e-005, 3.49000001734e-005, 8.07404103398e-006, 6.14868122284e-006, 5.09124583914e-006, 7.31621184968e-006, 5.41280996913e-006, 2.82753899228e-006, 1.18623700018e-006, 9.87829821497e-007, 9.37309266646e-007, 9.60915485848e-007, 4.77322316783e-007, 2.45761327733e-007, 3.01207762732e-007, 1.14670868356e-007, 2.16711679712e-008, 1.24637606902e-008, 1.22591545804e-008, 1.42700535832e-008, 1.71957257322e-008, 1.55321284723e-008, 1.5358901706e-008],
        "var": [7.32217238231e-012, 2.0835876427e-011, 3.13755350589e-007, 9.87063003777e-007, 3.39422695106e-006, 1.82291944384e-006, 5.60400962968e-007, 6.34294849533e-007, 2.05008450394e-006, 3.52652989477e-007, 2.38263083929e-007, 3.05506290488e-007, 6.02626073487e-008, 1.22130018099e-007, 5.66621194409e-009, 1.35303246385e-009, 7.27635063313e-010, 3.02202600722e-008, 3.51754381178e-009, 3.20164478262e-010, 1.38491260127e-010, 5.28037440162e-011, 4.7057729935e-010, 1.18685686279e-010, 4.41943634466e-011, 7.06981912249e-012, 7.26238643875e-012, 4.51654555769e-012, 1.03546077962e-011, 1.63636552225e-011, 5.19912932151e-012, 3.2126456443e-012, 8.68828175637e-013, 7.65989715775e-014, 2.12886925156e-014, 2.37778140276e-014, 1.90300656093e-014, 3.41278417473e-014, 1.14293459002e-014, 2.11427131634e-014]
    },
    "mfcc": {
        "mean": [-758.533691406, 206.925552368, -58.984992981, -7.86913633347, -14.3300113678, -32.8763275146, -17.7757377625, -35.2941932678, -11.8071594238, -10.2164392471, -7.89695549011, -9.21968841553, -13.9565839767],
        "cov": [[3421.95288086, -948.485046387, -1226.17553711, 233.957733154, -841.424987793, -278.715332031, 337.54196167, -175.762756348, 435.812286377, -346.158172607, 115.011444092, -121.364379883, -100.092292786], [-948.485046387, 835.937438965, 333.877655029, -101.500274658, 262.076934814, 24.3678131104, -75.1408233643, 45.1018714905, -186.77355957, 94.9950714111, -96.9874420166, -8.55019664764, 0.390764951706], [-1226.17553711, 333.877655029, 1337.05993652, -59.3435173035, 105.912384033, 250.167266846, -162.057861328, -10.4827890396, -74.2356414795, 20.2125835419, -107.579444885, -102.376358032, -50.3435897827], [233.957733154, -101.500274658, -59.3435173035, 212.093826294, 19.0146389008, -13.4313278198, 9.36405944824, -49.6881256104, 37.4513092041, -18.9123573303, -1.67991364002, 3.15955281258, -15.0500707626], [-841.424987793, 262.076934814, 105.912384033, 19.0146389008, 577.25402832, 107.567893982, -123.29523468, 45.5605964661, -188.96887207, 128.738677979, -37.8490142822, 69.4234542847, 31.8309230804], [-278.715332031, 24.3678131104, 250.167266846, -13.4313278198, 107.567893982, 200.060241699, -2.71073698997, 13.8568305969, -31.5574321747, 6.32736492157, -26.3291606903, -47.9311027527, -14.2438926697], [337.54196167, -75.1408233643, -162.057861328, 9.36405944824, -123.29523468, -2.71073698997, 232.480911255, 46.4949836731, 34.5429000854, -37.3420524597, -9.75702762604, -27.9001655579, 20.9302024841], [-175.762756348, 45.1018714905, -10.4827890396, -49.6881256104, 45.5605964661, 13.8568305969, 46.4949836731, 139.587387085, 7.4305062294, 32.3908615112, 12.7108268738, 8.24081516266, 3.27869558334], [435.812286377, -186.77355957, -74.2356414795, 37.4513092041, -188.96887207, -31.5574321747, 34.5429000854, 7.4305062294, 184.2237854, -40.3409843445, 24.078868866, -35.6893959045, -53.301990509], [-346.158172607, 94.9950714111, 20.2125835419, -18.9123573303, 128.738677979, 6.32736492157, -37.3420524597, 32.3908615112, -40.3409843445, 152.57635498, 13.2923221588, 24.945646286, 20.0207233429], [115.011444092, -96.9874420166, -107.579444885, -1.67991364002, -37.8490142822, -26.3291606903, -9.75702762604, 12.7108268738, 24.078868866, 13.2923221588, 109.553283691, 55.649597168, 18.0219745636], [-121.364379883, -8.55019664764, -102.376358032, 3.15955281258, 69.4234542847, -47.9311027527, -27.9001655579, 8.24081516266, -35.6893959045, 24.945646286, 55.649597168, 215.437393188, 102.882331848], [-100.092292786, 0.390764951706, -50.3435897827, -15.0500707626, 31.8309230804, -14.2438926697, 20.9302024841, 3.27869558334, -53.301990509, 20.0207233429, 18.0219745636, 102.882331848, 143.484924316]],
        "icov": [[0.00140786427073, 0.000336206197971, 0.000968820066191, -0.000493323721457, 0.00064481300069, 9.35617499636e-005, -0.000724291137885, 0.00132625654805, -0.00120328890625, 0.00138529133983, -0.000454001448816, 0.000608818489127, 0.000191143946722], [0.000336206197971, 0.00220929714851, -0.000242560417973, 0.000477543508168, -0.000212293467484, 0.0010848348029, -0.000266832183115, -0.000219821944484, 0.00128255563322, -0.000270637538051, 0.00117802142631, 2.39209311985e-005, 0.000741326599382], [0.000968820066191, -0.000242560417973, 0.00205765501596, -0.000566695642192, 0.00123589462601, -0.00186421535909, 0.000802046793979, 0.000525255221874, -0.000619245169219, 0.000837652420159, 0.000580188992899, 0.000434190209489, 1.96576493181e-005], [-0.000493323721457, 0.000477543508168, -0.000566695642192, 0.00676779448986, -0.00243484089151, 0.00110812101047, -0.00145824777428, 0.00288165849634, -0.00205034064129, 8.85240041271e-008, 7.28783852537e-005, -0.000525439681951, 0.000568549905438], [0.00064481300069, -0.000212293467484, 0.00123589462601, -0.00243484089151, 0.0056080869399, -0.00299469823949, 0.00236358074471, -0.00215755356476, 0.00359283713624, -0.00157892319839, 0.00188951590098, -0.00132196466438, 0.00105729675852], [9.35617499636e-005, 0.0010848348029, -0.00186421535909, 0.00110812101047, -0.00299469823949, 0.00916499085724, -0.00225857528858, 0.000609110575169, -0.000507506774738, 0.00104132504202, -0.00108688673936, 0.00209388695657, -0.0002845171839], [-0.000724291137885, -0.000266832183115, 0.000802046793979, -0.00145824777428, 0.00236358074471, -0.00225857528858, 0.00818190537393, -0.00483055924997, 0.0018720976077, -0.00017440134252, 0.0024494251702, 0.0007896280149, -0.00236179144122], [0.00132625654805, -0.000219821944484, 0.000525255221874, 0.00288165849634, -0.00215755356476, 0.000609110575169, -0.00483055924997, 0.0126499421895, -0.00479116616771, 0.000199685295229, -0.0027153394185, 0.000185024749953, 0.000767691177316], [-0.00120328890625, 0.00128255563322, -0.000619245169219, -0.00205034064129, 0.00359283713624, -0.000507506774738, 0.0018720976077, -0.00479116616771, 0.013465212658, -0.00204206584021, 0.000942377198953, -0.00135183229577, 0.00385170592926], [0.00138529133983, -0.000270637538051, 0.000837652420159, 8.85240041271e-008, -0.00157892319839, 0.00104132504202, -0.00017440134252, 0.000199685295229, -0.00204206584021, 0.0105569548905, -0.00265103159472, 0.0016423080815, -0.00134070217609], [-0.000454001448816, 0.00117802142631, 0.000580188992899, 7.28783852537e-005, 0.00188951590098, -0.00108688673936, 0.0024494251702, -0.0027153394185, 0.000942377198953, -0.00265103159472, 0.0141275497153, -0.00395694095641, 0.0008517386741], [0.000608818489127, 2.39209311985e-005, 0.000434190209489, -0.000525439681951, -0.00132196466438, 0.00209388695657, 0.0007896280149, 0.000185024749953, -0.00135183229577, 0.0016423080815, -0.00395694095641, 0.00984682980925, -0.00639118207619], [0.000191143946722, 0.000741326599382, 1.96576493181e-005, 0.000568549905438, 0.00105729675852, -0.0002845171839, -0.00236179144122, 0.000767691177316, 0.00385170592926, -0.00134070217609, 0.0008517386741, -0.00639118207619, 0.0133249694481]]
    },
    "spectral_contrast_coeffs": {
        "mean": [-0.449984014034, -0.626362860203, -0.726238667965, -0.756499290466, -0.757007300854, -0.761495232582],
        "var": [0.0117125380784, 0.00644113775343, 0.00934273377061, 0.00264886347577, 0.00318466173485, 0.00465304544196]
    },
    "spectral_contrast_valleys": {
        "mean": [-9.60262870789, -6.85518550873, -7.61594057083, -7.92845726013, -9.06291770935, -13.3793010712],
        "var": [0.288359344006, 0.49203529954, 0.428407877684, 0.564726352692, 0.6353058815, 0.611010372639]
    }
},
"metadata": {
    "audio_properties": {
        "analysis_sample_rate": 44100,
        "bit_rate": 128068,
        "equal_loudness": 0,
        "length": 45.0479812622,
        "lossless": 0,
        "replay_gain": -5.34266662598,
        "sample_rate": 48000,
        "codec": "mp3",
        "downmix": "mix",
        "md5_encoded": "67da59491353bddbbb5355fc8f14cbf0"
    },
    "tags": {
        "file_name": "1801.mp3"
    },
    "version": {
        "essentia": "2.1-beta2",
        "essentia_git_sha": "v2.1_beta2",
        "extractor": "music 1.0"
    }
},
"rhythm": {
    "beats_count": 81,
    "beats_loudness": {
        "mean": 0.0246895514429,
        "var": 0.000245307921432
    },
    "bpm": 120.149200439,
    "bpm_histogram_first_peak_bpm": {
        "mean": 120,
        "var": 0
    },
    "bpm_histogram_first_peak_spread": {
        "mean": 0.638888895512,
        "var": 0
    },
    "bpm_histogram_first_peak_weight": {
        "mean": 0.16249999404,
        "var": 0
    },
    "bpm_histogram_second_peak_bpm": {
        "mean": 115,
        "var": 0
    },
    "bpm_histogram_second_peak_spread": {
        "mean": 0.230769202113,
        "var": 0
    },
    "bpm_histogram_second_peak_weight": {
        "mean": 0.125,
        "var": 0
    },
    "danceability": 0.823866605759,
    "onset_rate": 1.0428237915,
    "beats_loudness_band_ratio": {
        "mean": [0.0693386346102, 0.43508425355, 0.359220743179, 0.110966645181, 0.0688207671046, 0.00592753710225],
        "var": [0.0235187113285, 0.0546774454415, 0.0435462482274, 0.0141057027504, 0.00734134949744, 0.000282833032543]
    },
    "beats_position": [0.592108845711, 1.18421769142, 1.764716506, 2.34521532059, 2.93732428551, 3.49460315704, 4.04027223587, 4.5627207756, 5.07355976105, 5.59600877762, 6.13006782532, 6.66412687302, 7.19818592072, 7.72063493729, 8.24308395386, 8.75392246246, 9.26476192474, 9.77560043335, 10.2980499268, 10.8204984665, 11.3429479599, 11.8653964996, 12.3646259308, 12.8638544083, 13.3746938705, 13.873922348, 14.3731517792, 14.8607711792, 15.3483896255, 15.8360090256, 16.3352375031, 16.8344669342, 17.3220863342, 17.8097057343, 18.2973232269, 18.7965526581, 19.2957820892, 19.7834014893, 20.2710208893, 20.758638382, 21.2578678131, 21.7570972443, 22.2563266754, 22.7787742615, 23.2896137238, 23.800453186, 24.3229026794, 24.8221302032, 25.3097496033, 25.7973690033, 26.3082084656, 26.8190479279, 27.3298854828, 27.8058948517, 28.2702941895, 28.7463035583, 29.2223129272, 29.7215423584, 30.2323799133, 30.7432193756, 31.3817672729, 32.0203170776, 32.6588668823, 33.3090248108, 33.9475746155, 34.5861206055, 35.2246704102, 35.8748283386, 36.5249862671, 37.1751480103, 37.8253059387, 38.4754638672, 39.1488418579, 39.8222198486, 40.5188217163, 41.2038078308, 41.8655776978, 42.5389556885, 43.2123336792, 43.8741035461, 44.5358734131]
},
"tonal": {
    "chords_changes_rate": 0.0514403283596,
    "chords_number_rate": 0.0133744860068,
    "chords_strength": {
        "mean": 0.562530934811,
        "var": 0.00857483129948
    },
    "hpcp_entropy": {
        "mean": 1.51610791683,
        "var": 0.393059790134
    },
    "key_strength": 0.746600627899,
    "tuning_diatonic_strength": 0.666762292385,
    "tuning_equal_tempered_deviation": 0.0264875814319,
    "tuning_frequency": 443.060424805,
    "tuning_nontempered_energy_ratio": 0.737092673779,
    "hpcp": {
        "mean": [0.256378650665, 0.165034726262, 0.0657805874944, 0.0445151291788, 0.0420595444739, 0.105814836919, 0.149941042066, 0.0874507203698, 0.0397531613708, 0.0460345819592, 0.0839884877205, 0.203253120184, 0.296385020018, 0.215275391936, 0.165603592992, 0.201283365488, 0.140598922968, 0.0812031701207, 0.065900221467, 0.0540792830288, 0.109113946557, 0.165684401989, 0.098021812737, 0.021866472438, 0.0161642804742, 0.0376466102898, 0.154297992587, 0.243771851063, 0.145657166839, 0.0327044688165, 0.0146320825443, 0.0288169793785, 0.0784239470959, 0.113735280931, 0.109498240054, 0.184028580785],
        "var": [0.10416124016, 0.0564153604209, 0.0266534201801, 0.0147928446531, 0.014762353152, 0.0407057069242, 0.0804514810443, 0.0306815672666, 0.0205937549472, 0.021465420723, 0.0431576818228, 0.075932122767, 0.132317602634, 0.0834144279361, 0.0734785720706, 0.119401089847, 0.0683499276638, 0.0383466817439, 0.0254678260535, 0.0181514285505, 0.0483244396746, 0.0965097397566, 0.0406698770821, 0.00471134204417, 0.00310901575722, 0.0102264331654, 0.0593198873103, 0.106650367379, 0.060900516808, 0.00543886469677, 0.00112442031968, 0.00527982739732, 0.0210612174124, 0.0397155284882, 0.0338108688593, 0.0605974346399]
    },
    "chords_histogram": [8.43621444702, 27.4691352844, 20.7818927765, 6.79012346268, 0, 5.86419773102, 1.95473253727, 0, 2.46913576126, 0.411522626877, 10.1851854324, 1.95473253727, 0, 0, 0, 1.23456788063, 0, 0, 1.85185182095, 0.102880656719, 0, 0, 1.23456788063, 9.25925922394],
    "thpcp": [1, 0.726336956024, 0.55874478817, 0.679127991199, 0.474379301071, 0.27397865057, 0.222346663475, 0.18246294558, 0.368149340153, 0.55901747942, 0.330724596977, 0.0737772509456, 0.054538115859, 0.127019271255, 0.520599842072, 0.822483718395, 0.4914457798, 0.110344544053, 0.0493684969842, 0.097228191793, 0.264601588249, 0.383741676807, 0.369445919991, 0.620910525322, 0.865018904209, 0.556825459003, 0.221943020821, 0.150193586946, 0.141908466816, 0.357018172741, 0.505899548531, 0.295057833195, 0.134126752615, 0.155320197344, 0.283376276493, 0.685773909092],
    "chords_key": "F#",
    "chords_scale": "minor",
    "key_key": "D",
    "key_scale": "major"
}
}