{
"lowlevel": {
    "average_loudness": 0.881859123707,
    "barkbands_crest": {
        "mean": 9.56796264648,
        "var": 24.1412773132
    },
    "barkbands_flatness_db": {
        "mean": 0.129415363073,
        "var": 0.00586429517716
    },
    "barkbands_kurtosis": {
        "mean": 6.95151329041,
        "var": 2875.88208008
    },
    "barkbands_skewness": {
        "mean": 0.778650045395,
        "var": 1.7484318018
    },
    "barkbands_spread": {
        "mean": 28.0250816345,
        "var": 272.03817749
    },
    "dissonance": {
        "mean": 0.464210510254,
        "var": 0.00217831018381
    },
    "dynamic_complexity": 4.32106494904,
    "erbbands_crest": {
        "mean": 10.0914068222,
        "var": 32.4282722473
    },
    "erbbands_flatness_db": {
        "mean": 0.187507376075,
        "var": 0.00491974875331
    },
    "erbbands_kurtosis": {
        "mean": 3.30810046196,
        "var": 162.515823364
    },
    "erbbands_skewness": {
        "mean": 0.144595041871,
        "var": 1.66166269779
    },
    "erbbands_spread": {
        "mean": 30.7635612488,
        "var": 313.419403076
    },
    "hfc": {
        "mean": 26.741651535,
        "var": 471.722412109
    },
    "melbands_crest": {
        "mean": 13.7701625824,
        "var": 37.6633224487
    },
    "melbands_flatness_db": {
        "mean": 0.163086235523,
        "var": 0.00752052012831
    },
    "melbands_kurtosis": {
        "mean": 7.54210805893,
        "var": 416.131072998
    },
    "melbands_skewness": {
        "mean": 1.6281825304,
        "var": 2.28665971756
    },
    "melbands_spread": {
        "mean": 40.4384307861,
        "var": 855.249694824
    },
    "pitch_salience": {
        "mean": 0.554632544518,
        "var": 0.0151857882738
    },
    "silence_rate_20dB": {
        "mean": 1,
        "var": 0
    },
    "silence_rate_30dB": {
        "mean": 1,
        "var": 0
    },
    "silence_rate_60dB": {
        "mean": 0.174047380686,
        "var": 0.143753901124
    },
    "spectral_centroid": {
        "mean": 1952.56713867,
        "var": 602850.875
    },
    "spectral_complexity": {
        "mean": 23.4073123932,
        "var": 211.589065552
    },
    "spectral_decrease": {
        "mean": -4.74037697984e-009,
        "var": 1.69835366793e-017
    },
    "spectral_energy": {
        "mean": 0.0203167945147,
        "var": 0.000279653992038
    },
    "spectral_energyband_high": {
        "mean": 0.00130552169867,
        "var": 3.1952226891e-006
    },
    "spectral_energyband_low": {
        "mean": 0.00548481242731,
        "var": 0.000115877315693
    },
    "spectral_energyband_middle_high": {
        "mean": 0.00784422270954,
        "var": 6.61189988023e-005
    },
    "spectral_energyband_middle_low": {
        "mean": 0.00658934470266,
        "var": 5.22990449099e-005
    },
    "spectral_entropy": {
        "mean": 7.6366648674,
        "var": 0.437378942966
    },
    "spectral_flux": {
        "mean": 0.0767925754189,
        "var": 0.00222256663255
    },
    "spectral_kurtosis": {
        "mean": 5.67520284653,
        "var": 94.0292739868
    },
    "spectral_rms": {
        "mean": 0.00398946925998,
        "var": 3.90543846152e-006
    },
    "spectral_rolloff": {
        "mean": 2577.84155273,
        "var": 3828451.75
    },
    "spectral_skewness": {
        "mean": 1.49248552322,
        "var": 0.936709105968
    },
    "spectral_spread": {
        "mean": 4224900.5,
        "var": 3.63297400422e+012
    },
    "spectral_strongpeak": {
        "mean": 1.45144331455,
        "var": 3.80717229843
    },
    "zerocrossingrate": {
        "mean": 0.0874262303114,
        "var": 0.00245286663994
    },
    "barkbands": {
        "mean": [8.82902386365e-005, 0.00305835390463, 0.00163140532095, 0.00130034168251, 0.00113447918557, 0.000245936011197, 0.000698992284015, 0.00177401711699, 0.0010733678937, 0.000891978503205, 0.00133233726956, 0.000573416182306, 0.000665246217977, 0.000528110424057, 0.000397273630369, 0.000633337476756, 0.0013106232509, 0.000696078001056, 0.000705400831066, 0.000492365797982, 0.000322606385453, 0.000192545339814, 0.000215789114009, 0.000222362126806, 9.62392441579e-005, 3.47882341885e-005, 1.138644393e-006],
        "var": [7.81884565981e-008, 7.74449727032e-005, 6.40439566268e-006, 3.93104164687e-006, 3.66096196558e-006, 2.48738530217e-007, 2.32962838709e-006, 2.39547516685e-005, 6.09401649854e-006, 3.89300794268e-006, 1.80128736247e-005, 1.51616336552e-006, 1.92057950699e-006, 1.77313779659e-006, 6.28669397429e-007, 1.15433329029e-006, 4.07361176258e-006, 1.77298363724e-006, 6.35160802176e-007, 2.58021515265e-007, 1.55183272454e-007, 8.95860168271e-008, 2.87103603114e-007, 3.20616180716e-007, 8.10197420265e-008, 1.58859325694e-008, 1.30404706131e-011]
    },
    "erbbands": {
        "mean": [0.0745854973793, 0.734162151814, 1.81837034225, 3.47102022171, 3.80152893066, 3.7481610775, 3.27998018265, 1.99527657032, 6.96952819824, 35.1800498962, 21.467672348, 25.2540683746, 30.5961894989, 27.9842720032, 54.1669807434, 26.8143596649, 31.0575675964, 26.3350200653, 22.5346488953, 28.0330448151, 37.5807609558, 69.0884246826, 45.4720916748, 41.9688911438, 28.6567726135, 23.4697971344, 14.6390953064, 11.5074424744, 7.12747573853, 6.07577085495, 6.32213401794, 5.09606933594, 3.34803390503, 1.40889191628, 0.522270023823, 0.208221301436, 0.0518486872315, 0.00651187309995, 0.000173363310751, 3.3552871173e-005],
        "var": [0.0487355142832, 4.4165058136, 11.018743515, 21.2008552551, 43.743396759, 54.8241844177, 37.0020561218, 15.5501680374, 190.243743896, 8209.82617188, 1796.22314453, 3974.59716797, 4213.25488281, 4202.22119141, 37908.2890625, 2872.04125977, 3462.96948242, 3732.16723633, 1669.6036377, 3073.859375, 2520.58813477, 10883.1923828, 7124.63574219, 2426.80517578, 953.770202637, 592.950622559, 308.083312988, 195.705795288, 113.295646667, 179.467468262, 253.48739624, 145.523254395, 92.8902130127, 20.2105369568, 2.07150197029, 0.49919077754, 0.038354024291, 0.000470373372082, 2.77331054122e-007, 1.03230668458e-009]
    },
    "gfcc": {
        "mean": [-29.8425598145, 63.4564170837, -144.29258728, 29.506067276, -65.6525344849, 13.2384738922, -35.1743888855, 16.1353778839, -26.6876220703, -3.21736240387, -18.2802753448, -4.33778190613, -15.1338224411],
        "cov": [[16456.8378906, -1334.47583008, -728.596130371, 3233.01269531, 1760.38134766, 1678.11547852, 622.382751465, 408.179992676, -185.952072144, -36.1086273193, -138.462722778, 56.0021362305, -321.71774292], [-1334.47583008, 2185.75366211, 342.873565674, 31.4359455109, 286.709320068, -286.731689453, 270.593231201, -209.89743042, -3.16461801529, -79.3085098267, 77.7389373779, -151.039154053, 47.709854126], [-728.596130371, 342.873565674, 1005.8928833, 92.0369110107, -90.8968887329, 52.9580116272, 12.4303255081, -73.7180557251, -106.82081604, -16.0577068329, -111.710594177, 1.13265705109, -26.2580356598], [3233.01269531, 31.4359455109, 92.0369110107, 1191.10888672, 629.158996582, 398.466766357, 154.668533325, 20.5032577515, -27.2590427399, 42.4270820618, -20.4907798767, 39.8067550659, -25.3874721527], [1760.38134766, 286.709320068, -90.8968887329, 629.158996582, 687.443481445, 280.470031738, 199.133682251, 61.5567550659, 3.28890776634, 54.6594314575, 16.5145549774, 18.1662120819, 14.1246795654], [1678.11547852, -286.731689453, 52.9580116272, 398.466766357, 280.470031738, 436.214538574, 167.140594482, 75.8807067871, -57.3763084412, 3.41327548027, -62.4047698975, 4.07020807266, -39.5050506592], [622.382751465, 270.593231201, 12.4303255081, 154.668533325, 199.133682251, 167.140594482, 313.462646484, 81.0671844482, -23.4986972809, -40.7399139404, -29.0423221588, -37.8795661926, -13.4132471085], [408.179992676, -209.89743042, -73.7180557251, 20.5032577515, 61.5567550659, 75.8807067871, 81.0671844482, 205.823181152, 81.8931274414, 7.54417467117, 2.88291192055, 14.5977525711, -8.79514408112], [-185.952072144, -3.16461801529, -106.82081604, -27.2590427399, 3.28890776634, -57.3763084412, -23.4986972809, 81.8931274414, 162.140518188, 68.3008499146, 62.2718544006, 13.477558136, 15.3732290268], [-36.1086273193, -79.3085098267, -16.0577068329, 42.4270820618, 54.6594314575, 3.41327548027, -40.7399139404, 7.54417467117, 68.3008499146, 163.899353027, 68.5279388428, 43.3313102722, 6.66738843918], [-138.462722778, 77.7389373779, -111.710594177, -20.4907798767, 16.5145549774, -62.4047698975, -29.0423221588, 2.88291192055, 62.2718544006, 68.5279388428, 145.65335083, 50.4164733887, 17.8428077698], [56.0021362305, -151.039154053, 1.13265705109, 39.8067550659, 18.1662120819, 4.07020807266, -37.8795661926, 14.5977525711, 13.477558136, 43.3313102722, 50.4164733887, 108.15057373, 33.6759109497], [-321.71774292, 47.709854126, -26.2580356598, -25.3874721527, 14.1246795654, -39.5050506592, -13.4132471085, -8.79514408112, 15.3732290268, 6.66738843918, 17.8428077698, 33.6759109497, 98.2429885864]],
        "icov": [[0.000223126247874, -1.81019895535e-005, 0.00026965214056, -0.000557493243832, 0.00011807653209, -0.0003562066413, 9.01614694158e-005, -0.000359032710548, 0.000334380980348, 8.17355321487e-005, 7.04567924004e-008, -8.17648833618e-005, 0.00045757094631], [-1.81019895535e-005, 0.00211444986053, -0.00124793977011, 0.000380514451535, -0.00197160127573, 0.00238250731491, -0.00250427005813, 0.00281652715057, -0.00161787157413, 0.00160986755509, -0.00225935922936, 0.00258563738316, -0.000501647882629], [0.00026965214056, -0.00124793977011, 0.00228342879564, -0.00113956909627, 0.00174861284904, -0.00167550891638, 0.00120658834931, -0.00175648427103, 0.00179195834789, -0.00141403928865, 0.0023900421802, -0.00214102957398, 0.0010026198579], [-0.000557493243832, 0.000380514451535, -0.00113956909627, 0.00351643469185, -0.00233157351613, 0.000204198251595, -0.0002412526228, 0.00220938608982, -0.00195736484602, 0.000620468170382, -0.000166584635735, -0.000249761826126, -0.000444065517513], [0.00011807653209, -0.00197160127573, 0.00174861284904, -0.00233157351613, 0.00573943043128, -0.0028556578327, 0.000946556217968, -0.00312447827309, 0.00219223788008, -0.0027107396163, 0.00159919704311, -0.00177529559005, -0.000755957851652], [-0.0003562066413, 0.00238250731491, -0.00167550891638, 0.000204198251595, -0.0028556578327, 0.00825148634613, -0.00421934714541, 0.00182860984933, 2.1337360522e-005, 0.000240660796408, -0.000751014391426, 0.00215749139898, -2.51223118539e-005], [9.01614694158e-005, -0.00250427005813, 0.00120658834931, -0.0002412526228, 0.000946556217968, -0.00421934714541, 0.00855571404099, -0.00557058956474, 0.00311841606162, -0.000572931254283, 0.00132088724058, -0.000525316630956, 9.92967106868e-005], [-0.000359032710548, 0.00281652715057, -0.00175648427103, 0.00220938608982, -0.00312447827309, 0.00182860984933, -0.00557058956474, 0.0137498555705, -0.00952599570155, 0.00389578589238, -0.000903350533918, -0.000186831268365, 0.000667223939672], [0.000334380980348, -0.00161787157413, 0.00179195834789, -0.00195736484602, 0.00219223788008, 2.1337360522e-005, 0.00311841606162, -0.00952599570155, 0.0156161654741, -0.00582501851022, -0.00154599093366, 0.00177783495747, -0.00125677452888], [8.17355321487e-005, 0.00160986755509, -0.00141403928865, 0.000620468170382, -0.0027107396163, 0.000240660796408, -0.000572931254283, 0.00389578589238, -0.00582501851022, 0.011552721262, -0.00448689144105, -0.000448115519248, 0.00112128641922], [7.04567924004e-008, -0.00225935922936, 0.0023900421802, -0.000166584635735, 0.00159919704311, -0.000751014391426, 0.00132088724058, -0.000903350533918, -0.00154599093366, -0.00448689144105, 0.0151127073914, -0.0084383180365, 0.00195492734201], [-8.17648833618e-005, 0.00258563738316, -0.00214102957398, -0.000249761826126, -0.00177529559005, 0.00215749139898, -0.000525316630956, -0.000186831268365, 0.00177783495747, -0.000448115519248, -0.0084383180365, 0.0189355835319, -0.00633185962215], [0.00045757094631, -0.000501647882629, 0.0010026198579, -0.000444065517513, -0.000755957851652, -2.51223118539e-005, 9.92967106868e-005, 0.000667223939672, -0.00125677452888, 0.00112128641922, 0.00195492734201, -0.00633185962215, 0.0141819296405]]
    },
    "melbands": {
        "mean": [0.000779439753387, 0.000990683096461, 0.000624756736215, 0.000261767592747, 0.000132351575303, 4.72260362585e-005, 0.000110573731945, 0.000421845033998, 0.000158344759257, 0.000163335469551, 0.000151298299897, 0.000106241925096, 0.000166754893144, 8.90212904778e-005, 8.4175801021e-005, 5.32455342181e-005, 5.05781499669e-005, 3.65222913388e-005, 3.28738860844e-005, 4.81518582092e-005, 4.2276638851e-005, 7.38439994166e-005, 5.65870686842e-005, 3.3634591091e-005, 3.4790024074e-005, 2.19708854274e-005, 1.98892539629e-005, 1.44042951433e-005, 8.91100717126e-006, 8.07855667517e-006, 6.13491874901e-006, 4.09708673033e-006, 3.32820150106e-006, 3.38148765877e-006, 3.66552580999e-006, 3.45758894582e-006, 2.98250574815e-006, 2.56317957792e-006, 1.63178833645e-006, 1.0510394759e-006],
        "var": [5.05397929373e-006, 4.45416844741e-006, 7.21089179478e-007, 1.92264877796e-007, 6.07206018799e-008, 8.28651458562e-009, 5.83518300346e-008, 1.2830543028e-006, 9.07839279307e-008, 1.81778304409e-007, 1.0978499887e-007, 6.33622221358e-008, 3.05878018025e-007, 6.56152820966e-008, 3.54625413479e-008, 1.15373888221e-008, 1.73173617668e-008, 6.51400045015e-009, 4.67870453491e-009, 9.55197432262e-009, 3.67252162015e-009, 1.16533938055e-008, 1.19948238009e-008, 4.62158888936e-009, 1.81538473143e-009, 6.66857458143e-010, 4.75246120235e-010, 2.44548020722e-010, 1.20837312378e-010, 1.03385071337e-010, 6.13395792493e-011, 3.84623236038e-011, 3.52527972092e-011, 7.0060297841e-011, 9.85192899483e-011, 7.03160030202e-011, 5.25023254039e-011, 5.69472524692e-011, 2.40694356807e-011, 1.3182298135e-011]
    },
    "mfcc": {
        "mean": [-659.854919434, 87.7617340088, -19.7396316528, 14.1097249985, -5.56411933899, -4.38399887085, 1.84612619877, 8.26390838623, -0.287085741758, 1.80823755264, -3.60453701019, 2.13577961922, -3.36859202385],
        "cov": [[15418.8447266, -1512.49365234, -1234.11376953, 2012.68395996, 1442.81518555, 1744.28918457, 1345.00939941, 980.99230957, 551.879211426, 272.638946533, 156.543579102, 486.208129883, 231.137054443], [-1512.49365234, 1735.96166992, 166.981140137, 124.857398987, -125.395851135, -33.3092193604, 70.6845321655, -65.2541732788, -46.9527816772, -28.3777599335, 29.7324447632, -77.0917739868, -71.9284133911], [-1234.11376953, 166.981140137, 947.939758301, -31.7402992249, -89.401008606, -7.98606157303, -70.2445526123, -52.0855445862, -42.3299026489, -41.3695411682, -59.755695343, -97.8243560791, -61.309135437], [2012.68395996, 124.857398987, -31.7402992249, 763.582519531, 374.021759033, 383.722686768, 233.151367188, 121.179138184, 101.356361389, 20.963602066, 28.6258563995, 81.8638000488, 65.8004302979], [1442.81518555, -125.395851135, -89.401008606, 374.021759033, 439.30166626, 285.145904541, 153.871582031, 83.908531189, 86.4044342041, 52.0958595276, 11.7147912979, 75.538734436, 59.1670875549], [1744.28918457, -33.3092193604, -7.98606157303, 383.722686768, 285.145904541, 497.882019043, 298.138916016, 121.560218811, 94.5502090454, 46.5166130066, 12.8295965195, 17.3176631927, 14.0250196457], [1345.00939941, 70.6845321655, -70.2445526123, 233.151367188, 153.871582031, 298.138916016, 362.394165039, 185.128173828, 119.024291992, 36.4613571167, 22.6898155212, 17.3634643555, -8.99890613556], [980.99230957, -65.2541732788, -52.0855445862, 121.179138184, 83.908531189, 121.560218811, 185.128173828, 232.408782959, 113.545669556, 38.3939208984, 13.2597970963, 26.4206581116, -5.89574670792], [551.879211426, -46.9527816772, -42.3299026489, 101.356361389, 86.4044342041, 94.5502090454, 119.024291992, 113.545669556, 174.214141846, 62.7440299988, 18.8267860413, 11.2511177063, 4.93258905411], [272.638946533, -28.3777599335, -41.3695411682, 20.963602066, 52.0958595276, 46.5166130066, 36.4613571167, 38.3939208984, 62.7440299988, 109.926277161, 40.0478286743, 16.2941093445, 0.667540073395], [156.543579102, 29.7324447632, -59.755695343, 28.6258563995, 11.7147912979, 12.8295965195, 22.6898155212, 13.2597970963, 18.8267860413, 40.0478286743, 107.270347595, 70.354888916, 35.9801063538], [486.208129883, -77.0917739868, -97.8243560791, 81.8638000488, 75.538734436, 17.3176631927, 17.3634643555, 26.4206581116, 11.2511177063, 16.2941093445, 70.354888916, 152.065933228, 89.4740524292], [231.137054443, -71.9284133911, -61.309135437, 65.8004302979, 59.1670875549, 14.0250196457, -8.99890613556, -5.89574670792, 4.93258905411, 0.667540073395, 35.9801063538, 89.4740524292, 126.551971436]],
        "icov": [[0.000218585832044, 0.000173100022948, 0.000192720093764, -0.000325792905642, 9.73316491581e-006, -0.000327677029418, -0.000168314567418, -0.000390103203245, 0.000187731377082, -0.000146258389577, 0.000149829749716, -0.000358670542482, 0.000167978301761], [0.000173100022948, 0.00087540835375, 4.81145762024e-005, -0.000699517840985, 0.000273642071988, 0.000227693293709, -0.000837433210108, 0.000196245018742, 0.000371267116861, -0.000153381115524, -0.00042905221926, 0.000182527481229, 0.000344122003298], [0.000192720093764, 4.81145762024e-005, 0.00137220323086, -0.000348148751073, 0.000265120033873, -0.000720885174815, 0.000407317536883, -0.000455050903838, 0.000126439219457, 9.91221822915e-005, 0.000369332090486, 8.5908199253e-005, 0.000313662196277], [-0.000325792905642, -0.000699517840985, -0.000348148751073, 0.00356808910146, -0.0016924997326, -0.00106979766861, 0.000713300134521, 4.56018969999e-005, -0.000882681575604, 0.00150373205543, -0.000449648592621, -9.40744139371e-005, -0.000642907165457], [9.73316491581e-006, 0.000273642071988, 0.000265120033873, -0.0016924997326, 0.00548407621682, -0.0018871066859, 0.00043389754137, 0.000296722399071, -0.000557487132028, -0.0017597299302, 0.0021918497514, -0.00200700876303, -0.000337133504217], [-0.000327677029418, 0.000227693293709, -0.000720885174815, -0.00106979766861, -0.0018871066859, 0.00736380461603, -0.0048308018595, 0.00207566795871, 0.000764043652453, -0.00109173660167, -0.000633993651718, 0.00236835470423, -0.000763955409639], [-0.000168314567418, -0.000837433210108, 0.000407317536883, 0.000713300134521, 0.00043389754137, -0.0048308018595, 0.00980620644987, -0.00450874492526, -0.00194778677542, 0.00189338973723, -0.00106927694287, -0.00012475955009, 0.00093579600798], [-0.000390103203245, 0.000196245018742, -0.000455050903838, 4.56018969999e-005, 0.000296722399071, 0.00207566795871, -0.00450874492526, 0.0102787734941, -0.00367056252435, -0.000317822006764, 0.000993335386738, -0.00156781007536, 0.00134015164804], [0.000187731377082, 0.000371267116861, 0.000126439219457, -0.000882681575604, -0.000557487132028, 0.000764043652453, -0.00194778677542, -0.00367056252435, 0.0110417427495, -0.0048162098974, -4.22168886871e-005, 0.00170290132519, -0.00134213385172], [-0.000146258389577, -0.000153381115524, 9.91221822915e-005, 0.00150373205543, -0.0017597299302, -0.00109173660167, 0.00189338973723, -0.000317822006764, -0.0048162098974, 0.0147218639031, -0.00605562329292, 0.00117214478087, 0.00151268194895], [0.000149829749716, -0.00042905221926, 0.000369332090486, -0.000449648592621, 0.0021918497514, -0.000633993651718, -0.00106927694287, 0.000993335386738, -4.22168886871e-005, -0.00605562329292, 0.017490144819, -0.00886496435851, 0.00023955697543], [-0.000358670542482, 0.000182527481229, 8.5908199253e-005, -9.40744139371e-005, -0.00200700876303, 0.00236835470423, -0.00012475955009, -0.00156781007536, 0.00170290132519, 0.00117214478087, -0.00886496435851, 0.0179719161242, -0.00881523545831], [0.000167978301761, 0.000344122003298, 0.000313662196277, -0.000642907165457, -0.000337133504217, -0.000763955409639, 0.00093579600798, 0.00134015164804, -0.00134213385172, 0.00151268194895, 0.00023955697543, -0.00881523545831, 0.0148569010198]]
    },
    "spectral_contrast_coeffs": {
        "mean": [-0.638596653938, -0.718121707439, -0.759989500046, -0.77867358923, -0.78222322464, -0.754971563816],
        "var": [0.00656903069466, 0.00812815036625, 0.0065029701218, 0.00383004359901, 0.00282320240512, 0.00267887185328]
    },
    "spectral_contrast_valleys": {
        "mean": [-8.4243106842, -7.44805955887, -7.45935058594, -7.79866743088, -7.40867376328, -10.1480178833],
        "var": [3.42389798164, 0.970639944077, 1.44883775711, 1.9879142046, 2.60006475449, 2.33559918404]
    }
},
"metadata": {
    "audio_properties": {
        "analysis_sample_rate": 44100,
        "bit_rate": 128074,
        "equal_loudness": 0,
        "length": 45.0612258911,
        "lossless": 0,
        "replay_gain": -5.09567451477,
        "sample_rate": 44100,
        "codec": "mp3",
        "downmix": "mix",
        "md5_encoded": "31fce45dd06716b08e9cc65d696262ef"
    },
    "tags": {
        "file_name": "1802.mp3"
    },
    "version": {
        "essentia": "2.1-beta2",
        "essentia_git_sha": "v2.1_beta2",
        "extractor": "music 1.0"
    }
},
"rhythm": {
    "beats_count": 85,
    "beats_loudness": {
        "mean": 0.0271385703236,
        "var": 0.000315815734211
    },
    "bpm": 115.195732117,
    "bpm_histogram_first_peak_bpm": {
        "mean": 115,
        "var": 0
    },
    "bpm_histogram_first_peak_spread": {
        "mean": 0.53623187542,
        "var": 0
    },
    "bpm_histogram_first_peak_weight": {
        "mean": 0.380952388048,
        "var": 0
    },
    "bpm_histogram_second_peak_bpm": {
        "mean": 108,
        "var": 0
    },
    "bpm_histogram_second_peak_spread": {
        "mean": 0.461538463831,
        "var": 0
    },
    "bpm_histogram_second_peak_weight": {
        "mean": 0.0833333358169,
        "var": 0
    },
    "danceability": 0.842927932739,
    "onset_rate": 3.03893780708,
    "beats_loudness_band_ratio": {
        "mean": [0.351222991943, 0.104735217988, 0.201843336225, 0.128272250295, 0.155651837587, 0.0986496061087],
        "var": [0.0566780492663, 0.0179684050381, 0.0470821708441, 0.0198957342654, 0.0247113052756, 0.0147579936311]
    },
    "beats_position": [0.545668900013, 1.09133780003, 1.64861679077, 2.20589566231, 2.73995471001, 3.26240348816, 3.78485250473, 4.3073015213, 4.81814050674, 5.34058952332, 5.85142850876, 6.3622674942, 6.87310647964, 7.39555549622, 7.91800451279, 8.42884349823, 8.93968200684, 9.45052146912, 9.97297000885, 10.4838094711, 11.0062580109, 11.5170974731, 12.0279359818, 12.538775444, 13.0612239838, 13.5836734772, 14.0945119858, 14.6053514481, 15.1161899567, 15.6270294189, 16.1494789124, 16.6603164673, 17.1827659607, 17.693605423, 18.2160549164, 18.7385025024, 19.2609519958, 19.760181427, 20.2594108582, 20.8050785065, 21.3507480621, 21.9080276489, 22.4653053284, 22.9993648529, 23.5450344086, 24.102312088, 24.6363716125, 25.1704311371, 25.681268692, 26.1921081543, 26.7029476166, 27.2137870789, 27.7362346649, 28.2586841583, 28.7695236206, 29.2803630829, 29.7912006378, 30.3136501312, 30.8360996246, 31.3469390869, 31.869386673, 32.4034461975, 32.9375038147, 33.4715652466, 34.0172348022, 34.5629005432, 35.1201820374, 35.6774597168, 36.211517334, 36.7339668274, 37.244808197, 37.7672538757, 38.2897033691, 38.8005447388, 39.3229942322, 39.8454399109, 40.3562812805, 40.8787307739, 41.4011802673, 41.923625946, 42.4344673157, 42.9569168091, 43.4793624878, 44.0018119812, 44.5242614746]
},
"tonal": {
    "chords_changes_rate": 0.0524691343307,
    "chords_number_rate": 0.0102880662307,
    "chords_strength": {
        "mean": 0.547654747963,
        "var": 0.0156084541231
    },
    "hpcp_entropy": {
        "mean": 2.08381319046,
        "var": 0.744273900986
    },
    "key_strength": 0.697209954262,
    "tuning_diatonic_strength": 0.599646151066,
    "tuning_equal_tempered_deviation": 0.0398851521313,
    "tuning_frequency": 441.017791748,
    "tuning_nontempered_energy_ratio": 0.718738675117,
    "hpcp": {
        "mean": [0.0859363302588, 0.0916223451495, 0.144190430641, 0.203527167439, 0.16170565784, 0.0931863337755, 0.0958257168531, 0.131026133895, 0.279820621014, 0.389858335257, 0.255469024181, 0.150760367513, 0.161096438766, 0.12787297368, 0.106783986092, 0.125160112977, 0.13025906682, 0.213484704494, 0.295246601105, 0.219286113977, 0.162538185716, 0.137486338615, 0.111121237278, 0.198565125465, 0.252559989691, 0.178098544478, 0.111563540995, 0.0873515233397, 0.0829556062818, 0.151905342937, 0.202692106366, 0.152359798551, 0.172772705555, 0.255892008543, 0.200033128262, 0.105127602816],
        "var": [0.022535642609, 0.0235119145364, 0.0386673025787, 0.080149166286, 0.0549204275012, 0.0215714164078, 0.0316173434258, 0.0423770286143, 0.0760362744331, 0.138426452875, 0.0649510324001, 0.0468473434448, 0.0711062178016, 0.0421085469425, 0.0250626727939, 0.0350414030254, 0.0324204936624, 0.057640042156, 0.103938549757, 0.0598875582218, 0.0586134195328, 0.0443671792746, 0.029772169888, 0.0666807666421, 0.107155881822, 0.0570367760956, 0.0397918075323, 0.0232292246073, 0.0200030654669, 0.0405180752277, 0.0696245655417, 0.0376663766801, 0.0436826907098, 0.0977540761232, 0.0647872537374, 0.0294113364071]
    },
    "chords_histogram": [32.7160491943, 5.34979438782, 5.24691343307, 0, 1.13168728352, 0, 9.25925922394, 0.308641970158, 3.08641982079, 0.617283940315, 0.823045253754, 0, 0.823045253754, 0, 0, 0, 0, 3.08641982079, 0, 0.102880656719, 0, 7.71604919434, 13.6831274033, 16.0493831635],
    "thpcp": [1, 0.65528678894, 0.386705517769, 0.413217902184, 0.327998548746, 0.273904591799, 0.321039974689, 0.334118962288, 0.547595560551, 0.757317662239, 0.562476396561, 0.416916012764, 0.352657169104, 0.285029798746, 0.509326338768, 0.647825062275, 0.456828862429, 0.286164313555, 0.224059656262, 0.212783977389, 0.389642417431, 0.519912183285, 0.390808105469, 0.443167924881, 0.656371772289, 0.513091862202, 0.269655913115, 0.220429629087, 0.23501445353, 0.369853407145, 0.522054135799, 0.414780557156, 0.239026144147, 0.245796248317, 0.336086541414, 0.717749476433],
    "chords_key": "G#",
    "chords_scale": "major",
    "key_key": "G#",
    "key_scale": "major"
}
}