{
"lowlevel": {
    "average_loudness": 0.976122677326,
    "barkbands_crest": {
        "mean": 12.4629421234,
        "var": 12.8857755661
    },
    "barkbands_flatness_db": {
        "mean": 0.233471944928,
        "var": 0.00293263862841
    },
    "barkbands_kurtosis": {
        "mean": 8.63131141663,
        "var": 51.9114532471
    },
    "barkbands_skewness": {
        "mean": 2.174046278,
        "var": 1.09339237213
    },
    "barkbands_spread": {
        "mean": 8.68914318085,
        "var": 34.2318115234
    },
    "dissonance": {
        "mean": 0.428974837065,
        "var": 0.00118051865138
    },
    "dynamic_complexity": 2.30906176567,
    "erbbands_crest": {
        "mean": 10.6655979156,
        "var": 19.0241909027
    },
    "erbbands_flatness_db": {
        "mean": 0.189765170217,
        "var": 0.00207447935827
    },
    "erbbands_kurtosis": {
        "mean": 1.01729142666,
        "var": 6.11077594757
    },
    "erbbands_skewness": {
        "mean": 0.82830876112,
        "var": 0.560868263245
    },
    "erbbands_spread": {
        "mean": 29.7219963074,
        "var": 180.85774231
    },
    "hfc": {
        "mean": 13.4119405746,
        "var": 136.81338501
    },
    "melbands_crest": {
        "mean": 14.6486501694,
        "var": 14.7062864304
    },
    "melbands_flatness_db": {
        "mean": 0.3282122612,
        "var": 0.00373445870355
    },
    "melbands_kurtosis": {
        "mean": 17.6563453674,
        "var": 250.828323364
    },
    "melbands_skewness": {
        "mean": 2.91497612,
        "var": 1.99226558208
    },
    "melbands_spread": {
        "mean": 8.36207199097,
        "var": 44.5891342163
    },
    "pitch_salience": {
        "mean": 0.497361242771,
        "var": 0.00796858966351
    },
    "silence_rate_20dB": {
        "mean": 1,
        "var": 0
    },
    "silence_rate_30dB": {
        "mean": 0.977342963219,
        "var": 0.0221440903842
    },
    "silence_rate_60dB": {
        "mean": 0.00154479919001,
        "var": 0.00154241069686
    },
    "spectral_centroid": {
        "mean": 533.06640625,
        "var": 57692.2421875
    },
    "spectral_complexity": {
        "mean": 12.7373838425,
        "var": 20.8043231964
    },
    "spectral_decrease": {
        "mean": -1.14422951114e-008,
        "var": 3.21331907795e-017
    },
    "spectral_energy": {
        "mean": 0.044402282685,
        "var": 0.000492575345561
    },
    "spectral_energyband_high": {
        "mean": 0.000116043374874,
        "var": 1.44043454497e-007
    },
    "spectral_energyband_low": {
        "mean": 0.0222993511707,
        "var": 0.000128801329993
    },
    "spectral_energyband_middle_high": {
        "mean": 0.00294603779912,
        "var": 2.2465681468e-005
    },
    "spectral_energyband_middle_low": {
        "mean": 0.0203887969255,
        "var": 0.000237715808908
    },
    "spectral_entropy": {
        "mean": 6.65324115753,
        "var": 0.228374749422
    },
    "spectral_flux": {
        "mean": 0.0810641348362,
        "var": 0.00184996635653
    },
    "spectral_kurtosis": {
        "mean": 12.8097047806,
        "var": 85.4144668579
    },
    "spectral_rms": {
        "mean": 0.00640608277172,
        "var": 2.28142471315e-006
    },
    "spectral_rolloff": {
        "mean": 459.858520508,
        "var": 366871.34375
    },
    "spectral_skewness": {
        "mean": 2.66905379295,
        "var": 0.561143398285
    },
    "spectral_spread": {
        "mean": 3216617.25,
        "var": 2.76626957926e+012
    },
    "spectral_strongpeak": {
        "mean": 0.594860434532,
        "var": 0.488728880882
    },
    "zerocrossingrate": {
        "mean": 0.0215929932892,
        "var": 0.000248692464083
    },
    "barkbands": {
        "mean": [0.000152134292875, 0.0170782618225, 0.00376996584237, 0.00318823591806, 0.00719827553257, 0.00504638254642, 0.00237090373412, 0.00102937314659, 0.00142962043174, 0.000324767141137, 0.000552448094822, 0.000237154774368, 0.000636075914372, 0.000440746283857, 0.000519443885423, 4.21252225351e-005, 0.000153090135427, 6.33718373138e-005, 2.92162058031e-005, 4.36524896941e-005, 1.62218257174e-005, 1.71606516233e-005, 2.21649625018e-005, 2.71610588243e-005, 1.00178622233e-005, 4.15080512539e-006, 2.29598413171e-007],
        "var": [5.98347540404e-008, 4.86440949317e-005, 2.6892112146e-005, 2.07158918784e-005, 6.61385129206e-005, 2.62201610894e-005, 1.7671392925e-005, 1.61812477018e-005, 2.00256017706e-005, 1.29811621719e-006, 1.38549046369e-006, 3.08089539658e-007, 1.92369520846e-006, 1.95084680854e-006, 9.50480909978e-007, 9.68266800072e-009, 3.93894765693e-008, 1.63670197395e-008, 2.00533412098e-009, 6.43346220741e-009, 1.48687706591e-009, 3.51926843223e-009, 1.7548119402e-008, 1.26960211233e-008, 1.555380158e-009, 1.00468938724e-010, 6.06699965874e-013]
    },
    "erbbands": {
        "mean": [0.372505754232, 4.19539213181, 5.96013784409, 6.99381256104, 16.4388427734, 31.5268268585, 25.1241073608, 48.9969749451, 27.7574977875, 32.4440917969, 28.9119052887, 37.7931785583, 12.8335666656, 18.8775348663, 17.0613918304, 11.9584321976, 30.2180862427, 26.9004154205, 34.4707298279, 8.2992401123, 3.94949603081, 8.2320318222, 4.52870082855, 1.19022500515, 2.07515692711, 2.04947900772, 0.678563058376, 0.782457590103, 0.673129439354, 0.600119531155, 0.61161595583, 0.543355345726, 0.455682456493, 0.133556693792, 0.0698799937963, 0.0231303814799, 0.00642100116238, 0.00129567156546, 5.01691647514e-005, 5.02938200952e-005],
        "var": [0.02886399813, 4.19504308701, 47.2500305176, 63.3674850464, 480.700378418, 1725.13928223, 942.90826416, 3066.84008789, 1485.84558105, 4807.09814453, 9772.20605469, 13941.1582031, 1140.97692871, 2556.17626953, 1282.68640137, 616.444641113, 4730.72851563, 5299.61181641, 4437.20507813, 215.890213013, 39.1975517273, 120.73891449, 69.8306427002, 3.23455572128, 9.20921421051, 18.3409996033, 1.50314605236, 4.3938627243, 3.97566270828, 8.39096069336, 15.9666671753, 10.1672868729, 1.80478560925, 0.212446391582, 0.0859915986657, 0.00442520901561, 0.000317448313581, 1.00824872789e-005, 6.40438813093e-009, 6.49641840322e-010]
    },
    "gfcc": {
        "mean": [-31.943397522, 154.201156616, -90.8843002319, 30.1564044952, -36.3067550659, 14.8988981247, -40.8365402222, -2.30418515205, -14.7735795975, 5.82026004791, -0.264062941074, -1.39980340004, -3.29359960556],
        "cov": [[3560.81347656, -992.60534668, -257.774200439, -170.364944458, -479.690307617, 346.836090088, -117.730491638, 401.889526367, -215.370544434, 58.604385376, -255.086517334, -69.3091659546, -226.907745361], [-992.60534668, 977.488525391, -188.045776367, -78.2475814819, 209.803085327, -290.897735596, 107.733757019, -211.770233154, 183.658248901, -97.6352081299, 190.04057312, -63.0331878662, 152.36895752], [-257.774200439, -188.045776367, 397.757171631, 135.559005737, -9.98112487793, 23.0530834198, -78.4417877197, -49.4944648743, -55.128036499, 27.2848796844, -57.2502403259, 62.7153434753, -35.1254196167], [-170.364944458, -78.2475814819, 135.559005737, 215.57824707, 40.2836761475, -8.5350151062, -22.7813510895, -80.7590408325, -25.7919616699, 8.45468139648, -7.5330414772, 31.9276390076, -8.69736099243], [-479.690307617, 209.803085327, -9.98112487793, 40.2836761475, 179.833999634, -40.932636261, 8.54617595673, -84.4350280762, 19.5679035187, -7.1364159584, 42.7550354004, -1.37674224377, 53.2574386597], [346.836090088, -290.897735596, 23.0530834198, -8.5350151062, -40.932636261, 172.945037842, -11.5728683472, 64.0800476074, -63.3715438843, 16.7563476563, -59.933052063, -3.85673737526, -52.7395858765], [-117.730491638, 107.733757019, -78.4417877197, -22.7813510895, 8.54617595673, -11.5728683472, 92.372177124, -3.72563958168, 22.6837615967, -23.6078262329, 19.4793109894, -16.9800624847, -4.93519973755], [401.889526367, -211.770233154, -49.4944648743, -80.7590408325, -84.4350280762, 64.0800476074, -3.72563958168, 160.891738892, -13.4492206573, 12.4303302765, -43.2559623718, -15.1966686249, -40.3561820984], [-215.370544434, 183.658248901, -55.128036499, -25.7919616699, 19.5679035187, -63.3715438843, 22.6837615967, -13.4492206573, 97.7587738037, -8.54846382141, 43.3180770874, -17.6405849457, 23.1752929688], [58.604385376, -97.6352081299, 27.2848796844, 8.45468139648, -7.1364159584, 16.7563476563, -23.6078262329, 12.4303302765, -8.54846382141, 80.4802246094, -0.387997746468, 9.20947647095, -12.2307796478], [-255.086517334, 190.04057312, -57.2502403259, -7.5330414772, 42.7550354004, -59.933052063, 19.4793109894, -43.2559623718, 43.3180770874, -0.387997746468, 104.974433899, -4.31886100769, 27.8715896606], [-69.3091659546, -63.0331878662, 62.7153434753, 31.9276390076, -1.37674224377, -3.85673737526, -16.9800624847, -15.1966686249, -17.6405849457, 9.20947647095, -4.31886100769, 79.2752380371, 17.861032486], [-226.907745361, 152.36895752, -35.1254196167, -8.69736099243, 53.2574386597, -52.7395858765, -4.93519973755, -40.3561820984, 23.1752929688, -12.2307796478, 27.8715896606, 17.861032486, 101.550628662]],
        "icov": [[0.000971580098849, -0.000880001811311, 0.00147344823927, -0.000757500820328, 0.00214991089888, -0.00114846741781, 0.00211608270183, -0.00107318162918, 0.00166013347916, -0.000602987536695, 0.00134724145755, -0.000218088185648, 0.0011055865325], [-0.000880001811311, 0.0126221030951, -0.00204171845689, 0.00738155003637, -0.0071331304498, 0.0106911892071, -0.00739467004314, 0.0103128487244, -0.00759418494999, 0.00686743296683, -0.00619038101286, 0.00698080658913, -0.00491513544694], [0.00147344823927, -0.00204171845689, 0.00694122537971, -0.00306697306223, 0.00367571669631, -0.00202751532197, 0.00637416308746, -0.000647524895612, 0.00298414146528, -0.00153354241047, 0.00428097741678, -0.00323175615631, 0.00409349380061], [-0.000757500820328, 0.00738155003637, -0.00306697306223, 0.0118310814723, -0.00561352167279, 0.00662299012765, -0.00451400922611, 0.00940015818924, -0.00386410905048, 0.00373340793885, -0.00321474554949, 0.00272562517785, -0.00118135148659], [0.00214991089888, -0.0071331304498, 0.00367571669631, -0.00561352167279, 0.0156142450869, -0.00762931676582, 0.00649931002408, -0.00324018741958, 0.00623576669022, -0.00453685969114, 0.00368664809503, -0.00176613288932, 0.000503656163346], [-0.00114846741781, 0.0106911892071, -0.00202751532197, 0.00662299012765, -0.00762931676582, 0.0192654784769, -0.00720765488222, 0.00660490943119, -0.00216760346666, 0.00478035025299, -0.00301015749574, 0.00612861057743, -0.00164184637833], [0.00211608270183, -0.00739467004314, 0.00637416308746, -0.00451400922611, 0.00649931002408, -0.00720765488222, 0.0221719108522, -0.00532072223723, 0.00441886065528, -0.000623771338724, 0.00452214898542, -0.00423462502658, 0.00787292048335], [-0.00107318162918, 0.0103128487244, -0.000647524895612, 0.00940015818924, -0.00324018741958, 0.00660490943119, -0.00532072223723, 0.0209069531411, -0.00774896424264, 0.00431466987357, -0.00226994417608, 0.0052504427731, -0.00212351395749], [0.00166013347916, -0.00759418494999, 0.00298414146528, -0.00386410905048, 0.00623576669022, -0.00216760346666, 0.00441886065528, -0.00774896424264, 0.0222334265709, -0.00464017409831, 0.00139317347202, -0.000973517075181, 0.0027004822623], [-0.000602987536695, 0.00686743296683, -0.00153354241047, 0.00373340793885, -0.00453685969114, 0.00478035025299, -0.000623771338724, 0.00431466987357, -0.00464017409831, 0.0181622616947, -0.00568115198985, 0.00224188994616, -0.000904426036868], [0.00134724145755, -0.00619038101286, 0.00428097741678, -0.00321474554949, 0.00368664809503, -0.00301015749574, 0.00452214898542, -0.00226994417608, 0.00139317347202, -0.00568115198985, 0.0193511173129, -0.00420613121241, 0.003751385957], [-0.000218088185648, 0.00698080658913, -0.00323175615631, 0.00272562517785, -0.00176613288932, 0.00612861057743, -0.00423462502658, 0.0052504427731, -0.000973517075181, 0.00224188994616, -0.00420613121241, 0.0208692420274, -0.00788000039756], [0.0011055865325, -0.00491513544694, 0.00409349380061, -0.00118135148659, 0.000503656163346, -0.00164184637833, 0.00787292048335, -0.00212351395749, 0.0027004822623, -0.000904426036868, 0.003751385957, -0.00788000039756, 0.0190602131188]]
    },
    "melbands": {
        "mean": [0.00424849474803, 0.00412397552282, 0.00148480816279, 0.00179865874816, 0.000953877228312, 0.00101896410342, 0.00047382991761, 0.000317430240102, 0.000242488225922, 0.000227755226661, 5.24522110936e-005, 6.97032373864e-005, 5.90841882513e-005, 3.44362124451e-005, 3.06064212054e-005, 7.81227136031e-005, 4.4449869165e-005, 5.56032027816e-005, 2.51663714153e-005, 3.70575639863e-006, 4.74205126011e-006, 9.30829901336e-006, 6.01439842285e-006, 2.21982213588e-006, 7.45079205444e-007, 1.34372794491e-006, 1.6516002006e-006, 1.31349133881e-006, 4.39922445139e-007, 3.06631136482e-007, 5.38973893072e-007, 4.25021937644e-007, 2.69777132189e-007, 3.69730116745e-007, 3.61175040098e-007, 3.34038901428e-007, 3.24413321096e-007, 3.47111210885e-007, 1.98312861244e-007, 8.57237481e-008],
        "var": [1.97145459424e-006, 1.09509128379e-005, 3.54862208951e-006, 4.55281224276e-006, 9.59252020039e-007, 1.21644688988e-006, 4.85379416659e-007, 5.54446785372e-007, 7.35786727546e-007, 4.849122206e-007, 2.37749162579e-008, 3.76543702885e-008, 1.6982196982e-008, 4.03493327639e-009, 4.99887375938e-009, 2.7842558481e-008, 2.40432918019e-008, 1.40063107779e-008, 2.13026596363e-009, 6.45781345066e-011, 5.49253108273e-011, 1.67358085723e-010, 1.01118051432e-010, 1.66893773107e-011, 1.52688495528e-012, 3.99550488181e-012, 9.24758446902e-012, 9.4210706944e-012, 5.36961588474e-013, 7.0779764428e-013, 2.2379283756e-012, 1.72405676974e-012, 9.64481424413e-013, 3.60740647423e-012, 5.66099641122e-012, 5.08558386375e-012, 3.29489582319e-012, 1.03851682028e-012, 2.88543169392e-013, 1.18875436296e-013]
    },
    "mfcc": {
        "mean": [-686.612670898, 182.63961792, 16.229850769, 27.1984119415, 24.5431652069, 14.8640651703, 1.27981436253, -3.34203624725, -7.02377605438, -0.26175442338, 1.07337880135, 5.85082054138, 1.13818061352],
        "cov": [[3176.07177734, -880.39263916, -65.8047103882, -531.28125, -242.481765747, -242.046981812, 86.9644775391, 120.071357727, 72.8524627686, 272.871337891, -39.232673645, 19.4303703308, -70.0501556396], [-880.39263916, 884.92779541, -248.095031738, 109.885681152, 20.0041637421, -24.5358924866, -58.2852668762, -57.3511810303, -39.1915664673, -35.901096344, 24.8939857483, -57.2972488403, 26.3395709991], [-65.8047103882, -248.095031738, 337.941040039, 57.4300613403, 24.9154968262, 57.4469718933, -29.2880535126, 0.466398864985, -18.9534397125, -51.2499771118, -12.6449747086, 6.04084396362, -8.9021692276], [-531.28125, 109.885681152, 57.4300613403, 274.296783447, 55.3553390503, 82.8842391968, -42.12449646, -47.5773735046, -31.1334915161, -105.941177368, -1.56175410748, 5.84232378006, 30.4616451263], [-242.481765747, 20.0041637421, 24.9154968262, 55.3553390503, 121.521347046, 38.8947982788, 0.184168040752, -30.0318851471, -0.270479291677, -34.3363723755, -14.1186246872, -4.47568321228, -0.446806758642], [-242.046981812, -24.5358924866, 57.4469718933, 82.8842391968, 38.8947982788, 147.541137695, 11.0180768967, -20.4637432098, -19.5301628113, -53.7906074524, 10.3748350143, -8.53493499756, -16.5027599335], [86.9644775391, -58.2852668762, -29.2880535126, -42.12449646, 0.184168040752, 11.0180768967, 87.7289886475, 8.94940662384, 4.05643987656, 5.59309101105, -0.590372741222, 6.93111133575, -14.957444191], [120.071357727, -57.3511810303, 0.466398864985, -47.5773735046, -30.0318851471, -20.4637432098, 8.94940662384, 97.6305389404, 2.10664105415, 27.7024154663, -2.80462002754, -5.82615327835, -4.54342842102], [72.8524627686, -39.1915664673, -18.9534397125, -31.1334915161, -0.270479291677, -19.5301628113, 4.05643987656, 2.10664105415, 91.5179138184, -9.5455121994, -21.6267471313, 17.5023784637, -7.84608650208], [272.871337891, -35.901096344, -51.2499771118, -105.941177368, -34.3363723755, -53.7906074524, 5.59309101105, 27.7024154663, -9.5455121994, 151.692245483, 22.9523544312, -22.4358081818, -9.05736541748], [-39.232673645, 24.8939857483, -12.6449747086, -1.56175410748, -14.1186246872, 10.3748350143, -0.590372741222, -2.80462002754, -21.6267471313, 22.9523544312, 80.6380157471, 7.0095281601, -14.5515394211], [19.4303703308, -57.2972488403, 6.04084396362, 5.84232378006, -4.47568321228, -8.53493499756, 6.93111133575, -5.82615327835, 17.5023784637, -22.4358081818, 7.0095281601, 79.7335968018, 16.5269889832], [-70.0501556396, 26.3395709991, -8.9021692276, 30.4616451263, -0.446806758642, -16.5027599335, -14.957444191, -4.54342842102, -7.84608650208, -9.05736541748, -14.5515394211, 16.5269889832, 72.131690979]],
        "icov": [[0.000840850523673, 0.000939505116548, 0.000588181661442, 0.000746024830732, 0.000962328223977, 0.000677449221257, 0.000296995858662, 0.000390526751289, 0.000353860523319, -0.000193039886653, 0.000555631064344, 0.000203786359634, 0.000557843362913], [0.000939505116548, 0.0030943537131, 0.00241710245609, 0.000288501381874, 0.000858982908539, 0.00139230000786, 0.00161192927044, 0.00105208682362, 0.00113428919576, 0.000885887711775, -0.00011601652659, 0.00183672027197, 0.000473698048154], [0.000588181661442, 0.00241710245609, 0.00547623634338, 0.000153865097673, 0.000215895022848, -0.000185911252629, 0.00292802555487, 0.000158145645401, 0.0019164767582, 0.00148546847049, 0.000764323340263, 0.00057901837863, 0.00129189831205], [0.000746024830732, 0.000288501381874, 0.000153865097673, 0.00792349409312, -0.000359668920282, -0.00198058364913, 0.00281995953992, 0.00129077525344, 0.00185300246812, 0.00318843824789, -3.67665961676e-005, -6.47419001325e-005, -0.00188796326984], [0.000962328223977, 0.000858982908539, 0.000215895022848, -0.000359668920282, 0.0113523304462, -0.000814103230368, -0.000529495475348, 0.0027182449121, -0.000116122741019, -0.000122142708278, 0.00254431716166, 0.000734853383619, 0.00106185034383], [0.000677449221257, 0.00139230000786, -0.000185911252629, -0.00198058364913, -0.000814103230368, 0.0114109609276, -0.00223019300029, 0.000895566714462, 0.0014707549708, 0.00231085554697, -0.00173909391742, 0.00234526512213, 0.00272449571639], [0.000296995858662, 0.00161192927044, 0.00292802555487, 0.00281995953992, -0.000529495475348, -0.00223019300029, 0.0152202695608, -0.000428732077125, 0.00180033373181, 0.00125753565226, 0.00115753838327, -0.00161485245917, 0.00244314107113], [0.000390526751289, 0.00105208682362, 0.000158145645401, 0.00129077525344, 0.0027182449121, 0.000895566714462, -0.000428732077125, 0.0123828081414, 0.000467870180728, -0.000720323063433, 0.00096322176978, 0.00130545266438, 0.000237940388615], [0.000353860523319, 0.00113428919576, 0.0019164767582, 0.00185300246812, -0.000116122741019, 0.0014707549708, 0.00180033373181, 0.000467870180728, 0.0145179890096, 0.00191358302254, 0.00425346847624, -0.00328197539784, 0.00355152436532], [-0.000193039886653, 0.000885887711775, 0.00148546847049, 0.00318843824789, -0.000122142708278, 0.00231085554697, 0.00125753565226, -0.000720323063433, 0.00191358302254, 0.0119712855667, -0.0037964656949, 0.00387947517447, -0.000874204852153], [0.000555631064344, -0.00011601652659, 0.000764323340263, -3.67665961676e-005, 0.00254431716166, -0.00173909391742, 0.00115753838327, 0.00096322176978, 0.00425346847624, -0.0037964656949, 0.0171220600605, -0.00492837885395, 0.00517968973145], [0.000203786359634, 0.00183672027197, 0.00057901837863, -6.47419001325e-005, 0.000734853383619, 0.00234526512213, -0.00161485245917, 0.00130545266438, -0.00328197539784, 0.00387947517447, -0.00492837885395, 0.0175778772682, -0.00497708236799], [0.000557843362913, 0.000473698048154, 0.00129189831205, -0.00188796326984, 0.00106185034383, 0.00272449571639, 0.00244314107113, 0.000237940388615, 0.00355152436532, -0.000874204852153, 0.00517968973145, -0.00497708236799, 0.0188023839146]]
    },
    "spectral_contrast_coeffs": {
        "mean": [-0.664944469929, -0.610837757587, -0.732127428055, -0.705648005009, -0.745414316654, -0.777951419353],
        "var": [0.00408206973225, 0.00682766130194, 0.00440034922212, 0.00251947366633, 0.00139816687442, 0.00137125677429]
    },
    "spectral_contrast_valleys": {
        "mean": [-6.29580020905, -7.10658359528, -7.93506383896, -8.52130222321, -8.9368391037, -11.4276447296],
        "var": [0.345822453499, 0.731603085995, 0.555229961872, 0.614386379719, 0.730828881264, 1.2409747839]
    }
},
"metadata": {
    "audio_properties": {
        "analysis_sample_rate": 44100,
        "bit_rate": 128074,
        "equal_loudness": 0,
        "length": 45.0612258911,
        "lossless": 0,
        "replay_gain": -5.95931625366,
        "sample_rate": 44100,
        "codec": "mp3",
        "downmix": "mix",
        "md5_encoded": "e0e80db1a74150202a366a5d772dd308"
    },
    "tags": {
        "file_name": "1803.mp3"
    },
    "version": {
        "essentia": "2.1-beta2",
        "essentia_git_sha": "v2.1_beta2",
        "extractor": "music 1.0"
    }
},
"rhythm": {
    "beats_count": 122,
    "beats_loudness": {
        "mean": 0.0597836785018,
        "var": 0.000816050625872
    },
    "bpm": 163.988632202,
    "bpm_histogram_first_peak_bpm": {
        "mean": 161,
        "var": 0
    },
    "bpm_histogram_first_peak_spread": {
        "mean": 0.0634920969605,
        "var": 0
    },
    "bpm_histogram_first_peak_weight": {
        "mean": 0.48760330677,
        "var": 0
    },
    "bpm_histogram_second_peak_bpm": {
        "mean": 167,
        "var": 0
    },
    "bpm_histogram_second_peak_spread": {
        "mean": 0,
        "var": 0
    },
    "bpm_histogram_second_peak_weight": {
        "mean": 0.446280986071,
        "var": 0
    },
    "danceability": 1.2912607193,
    "onset_rate": 4.10367488861,
    "beats_loudness_band_ratio": {
        "mean": [0.657165765762, 0.238044083118, 0.092122413218, 0.0303287003189, 0.0182968247682, 0.00288562243804],
        "var": [0.0309840776026, 0.0202737245709, 0.0121259465814, 0.00189418462105, 0.000496666645631, 9.02583178686e-006]
    },
    "beats_position": [0.325079351664, 0.66176867485, 1.01006805897, 1.369977355, 1.74149656296, 2.11301589012, 2.48453521729, 2.8444442749, 3.21596360207, 3.5758728981, 3.93578219414, 4.29569149017, 4.66721057892, 5.02712011337, 5.38702917099, 5.75854873657, 6.13006782532, 6.5015873909, 6.87310647964, 7.23301553726, 7.61614513397, 7.98766422272, 8.35918331146, 8.71909236908, 9.07900238037, 9.43891143799, 9.79882049561, 10.1587295532, 10.5186395645, 10.8901586533, 11.261677742, 11.6331968307, 12.0047159195, 12.3646259308, 12.7245349884, 13.084444046, 13.4559631348, 13.8158731461, 14.1873922348, 14.5473012924, 14.9188203812, 15.2787294388, 15.6502494812, 16.0101585388, 16.3700675964, 16.7415866852, 17.1131057739, 17.4846248627, 17.8445339203, 18.2044448853, 18.575963974, 18.9358730316, 19.2957820892, 19.667301178, 20.0388202667, 20.4103393555, 20.7818584442, 21.1301574707, 21.5016784668, 21.8731975555, 22.2447166443, 22.616235733, 22.9761447906, 23.3360538483, 23.6959629059, 24.0558719635, 24.4157810211, 24.7756919861, 25.1472110748, 25.5187301636, 25.8902492523, 26.2617683411, 26.6332874298, 26.9931964874, 27.353105545, 27.7130146027, 28.0729255676, 28.4328346252, 28.7927436829, 29.1642627716, 29.5357818604, 29.9073009491, 30.2788200378, 30.6503391266, 31.0218582153, 31.3933773041, 31.7648983002, 32.1248054504, 32.4963264465, 32.8562355042, 33.2161445618, 33.5760536194, 33.9475746155, 34.3074836731, 34.6673927307, 35.0389099121, 35.4104309082, 35.7703399658, 36.1302490234, 36.5017662048, 36.8616790771, 37.2215881348, 37.5931053162, 37.9646263123, 38.3361434937, 38.7076644897, 39.0791816711, 39.427482605, 39.7873916626, 40.1473007202, 40.5072097778, 40.8671188354, 41.2386398315, 41.5985488892, 41.9584579468, 42.3299751282, 42.7014961243, 43.0730133057, 43.4561424255, 43.8276634216, 44.2107925415, 44.5939216614]
},
"tonal": {
    "chords_changes_rate": 0.0257201641798,
    "chords_number_rate": 0.00720164598897,
    "chords_strength": {
        "mean": 0.533069014549,
        "var": 0.0123468218371
    },
    "hpcp_entropy": {
        "mean": 1.87530839443,
        "var": 0.285808324814
    },
    "key_strength": 0.873152554035,
    "tuning_diatonic_strength": 0.690972566605,
    "tuning_equal_tempered_deviation": 0.0299280695617,
    "tuning_frequency": 439.491973877,
    "tuning_nontempered_energy_ratio": 0.631825566292,
    "hpcp": {
        "mean": [0.0307076051831, 0.0470801927149, 0.265938907862, 0.480763554573, 0.273300290108, 0.0290244538337, 0.00570968538523, 0.0128498179838, 0.133907735348, 0.253992170095, 0.142507001758, 0.0153598971665, 0.00695161474869, 0.0110599547625, 0.0835891291499, 0.223671883345, 0.252971917391, 0.243057563901, 0.242943137884, 0.138000711799, 0.0448409542441, 0.0259694512933, 0.0414214096963, 0.129457458854, 0.232855156064, 0.168855711818, 0.0609158016741, 0.0423801466823, 0.0514512434602, 0.103036738932, 0.150142878294, 0.10685248673, 0.039582144469, 0.0200522858649, 0.0164423380047, 0.0247142333537],
        "var": [0.00379209360108, 0.00767768966034, 0.0673284083605, 0.149363771081, 0.0642834529281, 0.00333179277368, 0.00156227475964, 0.00250534247607, 0.0502608641982, 0.155302286148, 0.0558142624795, 0.00319960596971, 0.00136094505433, 0.00205843453296, 0.0211458373815, 0.118784017861, 0.118005201221, 0.100284256041, 0.121870838106, 0.062975242734, 0.0181556176394, 0.00997318234295, 0.017711346969, 0.0350025445223, 0.0619031488895, 0.0356185436249, 0.0164614152163, 0.0120141552761, 0.0167066734284, 0.0354155935347, 0.0606068745255, 0.0373398512602, 0.00929635670036, 0.0038171610795, 0.00207659206353, 0.00309966807254]
    },
    "chords_histogram": [8.64197540283, 1.13168728352, 60.1851844788, 9.15637874603, 15.5349798203, 0, 1.74897122383, 0, 0, 0, 0, 0, 0, 0, 0, 0, 0, 0.102880656719, 0, 0, 0, 0, 0, 3.49794244766],
    "thpcp": [1, 0.568471312523, 0.0603715777397, 0.0118762860075, 0.0267279371619, 0.278531372547, 0.528309941292, 0.296418070793, 0.0319489650428, 0.0144595289603, 0.0230049770325, 0.173867434263, 0.465243011713, 0.526187777519, 0.505565702915, 0.505327701569, 0.287044882774, 0.0932702869177, 0.0540170967579, 0.0861575528979, 0.269274681807, 0.48434445262, 0.351224035025, 0.126706361771, 0.0881517454982, 0.107019849122, 0.214318946004, 0.312300860882, 0.222255796194, 0.0823318362236, 0.0417092479765, 0.0342004671693, 0.0514062121511, 0.0638725757599, 0.0979279577732, 0.553159475327],
    "chords_key": "A#",
    "chords_scale": "major",
    "key_key": "D#",
    "key_scale": "major"
}
}