{
"lowlevel": {
    "average_loudness": 0.981588065624,
    "barkbands_crest": {
        "mean": 10.9196014404,
        "var": 20.6680488586
    },
    "barkbands_flatness_db": {
        "mean": 0.117101602256,
        "var": 0.00173325813375
    },
    "barkbands_kurtosis": {
        "mean": 4.916929245,
        "var": 84.3809967041
    },
    "barkbands_skewness": {
        "mean": 1.80666875839,
        "var": 1.63207769394
    },
    "barkbands_spread": {
        "mean": 27.011510849,
        "var": 281.288665771
    },
    "dissonance": {
        "mean": 0.468185663223,
        "var": 0.000608577567618
    },
    "dynamic_complexity": 1.54678118229,
    "erbbands_crest": {
        "mean": 9.20684051514,
        "var": 27.9175109863
    },
    "erbbands_flatness_db": {
        "mean": 0.11928691715,
        "var": 0.00119123910554
    },
    "erbbands_kurtosis": {
        "mean": 0.790213346481,
        "var": 6.33353996277
    },
    "erbbands_skewness": {
        "mean": 0.11861320585,
        "var": 0.640550136566
    },
    "erbbands_spread": {
        "mean": 45.6843147278,
        "var": 475.232208252
    },
    "hfc": {
        "mean": 38.1610298157,
        "var": 2762.70166016
    },
    "melbands_crest": {
        "mean": 15.8928670883,
        "var": 30.2487030029
    },
    "melbands_flatness_db": {
        "mean": 0.197422325611,
        "var": 0.00307932053693
    },
    "melbands_kurtosis": {
        "mean": 19.1410884857,
        "var": 746.788452148
    },
    "melbands_skewness": {
        "mean": 3.27963447571,
        "var": 3.9460144043
    },
    "melbands_spread": {
        "mean": 22.3811569214,
        "var": 280.784667969
    },
    "pitch_salience": {
        "mean": 0.516598701477,
        "var": 0.0146142756566
    },
    "silence_rate_20dB": {
        "mean": 1,
        "var": 0
    },
    "silence_rate_30dB": {
        "mean": 0.902162730694,
        "var": 0.088265016675
    },
    "silence_rate_60dB": {
        "mean": 0.00669412966818,
        "var": 0.00664932886139
    },
    "spectral_centroid": {
        "mean": 1364.61193848,
        "var": 379311.3125
    },
    "spectral_complexity": {
        "mean": 22.8166847229,
        "var": 65.1054382324
    },
    "spectral_decrease": {
        "mean": -1.31139916704e-008,
        "var": 1.16799517149e-016
    },
    "spectral_energy": {
        "mean": 0.0529566369951,
        "var": 0.00173274218105
    },
    "spectral_energyband_high": {
        "mean": 0.0020073170308,
        "var": 2.46705731115e-005
    },
    "spectral_energyband_low": {
        "mean": 0.0302114598453,
        "var": 0.00149796064943
    },
    "spectral_energyband_middle_high": {
        "mean": 0.00703113153577,
        "var": 3.22369451169e-005
    },
    "spectral_energyband_middle_low": {
        "mean": 0.0152942854911,
        "var": 0.000121958066302
    },
    "spectral_entropy": {
        "mean": 7.76255941391,
        "var": 0.102224700153
    },
    "spectral_flux": {
        "mean": 0.112910486758,
        "var": 0.00385162583552
    },
    "spectral_kurtosis": {
        "mean": 3.37108182907,
        "var": 2.386729002
    },
    "spectral_rms": {
        "mean": 0.00674515170977,
        "var": 6.16783290752e-006
    },
    "spectral_rolloff": {
        "mean": 1508.0567627,
        "var": 3744770
    },
    "spectral_skewness": {
        "mean": 1.52545571327,
        "var": 0.121425636113
    },
    "spectral_spread": {
        "mean": 6019073.5,
        "var": 4.76200619213e+012
    },
    "spectral_strongpeak": {
        "mean": 1.00135946274,
        "var": 2.16546154022
    },
    "zerocrossingrate": {
        "mean": 0.0685054585338,
        "var": 0.00202755699866
    },
    "barkbands": {
        "mean": [0.000955713738222, 0.0204808525741, 0.0073073762469, 0.00274803023785, 0.00515791680664, 0.00214692088775, 0.00124800589401, 0.00209923367947, 0.00160208856687, 0.000753845029976, 0.000705801416188, 0.000964109029155, 0.000718433235306, 0.00139330502134, 0.000805930641945, 0.000400724034989, 0.000379630248062, 0.000461053685285, 0.000435937021393, 0.000318186212098, 0.000172412837856, 0.000183147232747, 0.000202342693228, 0.000344124855474, 0.000621055311058, 0.000327819521772, 2.25526346185e-005],
        "var": [6.96762162988e-006, 0.00122803507838, 5.09082092321e-005, 1.3197327462e-005, 2.25857165788e-005, 5.57876410312e-006, 3.94597418563e-006, 3.43005449395e-005, 1.39638095789e-005, 2.80580752587e-006, 1.50470748395e-006, 3.47897912434e-006, 2.57303804574e-006, 9.50589128479e-006, 2.00896988645e-006, 5.57610633223e-007, 2.27921091778e-007, 2.7393409141e-007, 5.14080966241e-007, 2.0810126955e-007, 2.99038376284e-008, 4.44610464001e-008, 1.08816422539e-007, 1.83492682027e-006, 6.90412662152e-006, 1.01580042156e-006, 7.44292405486e-009]
    },
    "erbbands": {
        "mean": [0.685125589371, 4.18910264969, 8.99370574951, 8.82350826263, 13.0559539795, 17.1514968872, 19.1728687286, 15.4348306656, 17.1340637207, 21.0431137085, 54.642375946, 37.3555488586, 32.5948371887, 24.7281150818, 36.1288108826, 38.1360588074, 32.0026855469, 52.5077171326, 66.9141845703, 36.0105514526, 18.5790290833, 19.9954433441, 26.0652866364, 19.6946640015, 24.029706955, 15.2360506058, 8.03386116028, 6.59800958633, 6.60014438629, 6.26904964447, 5.84593963623, 4.99821901321, 7.0836725235, 6.44488191605, 4.74305534363, 1.82748997211, 0.516055464745, 0.0922259986401, 0.00253640208393, 0.00013513880549],
        "var": [2.34286117554, 37.1387214661, 66.3905334473, 69.463973999, 185.024230957, 285.359893799, 461.311340332, 382.742645264, 1071.84082031, 552.32232666, 25182.1523438, 5913.76025391, 6053.78466797, 1871.57629395, 2576.08618164, 5934.33544922, 4732.47216797, 9779.23828125, 14710.5742188, 3893.76416016, 470.234283447, 537.68170166, 758.849304199, 480.197631836, 1664.39306641, 469.523834229, 63.7472457886, 48.9464645386, 58.6497192383, 65.8457870483, 107.451202393, 158.129165649, 1016.09899902, 997.934509277, 323.870697021, 36.695148468, 2.30744385719, 0.0764254555106, 8.36752660689e-005, 5.56452270928e-008]
    },
    "gfcc": {
        "mean": [56.2536659241, 75.2230148315, -94.6826324463, 33.791217804, -48.0910339355, 23.5794506073, -41.4388847351, 14.0636940002, -29.8940200806, 6.47020483017, -16.8025379181, -0.0851778164506, -16.509552002],
        "cov": [[2709.49536133, -263.436248779, 93.9204483032, -120.211204529, -38.7930793762, 26.1641273499, -150.494293213, 36.7824401855, -8.09680652618, 118.05039978, -119.62272644, 63.8410415649, 8.12033081055], [-263.436248779, 688.240844727, -270.747192383, 43.3023071289, 82.4748916626, 23.2291870117, 77.2098846436, -28.026391983, 136.562011719, -58.0095901489, 33.7599143982, -55.6420516968, 56.7045173645], [93.9204483032, -270.747192383, 531.248779297, 12.3119783401, 25.1313266754, 17.2383518219, 30.3454875946, 81.8540267944, -48.670249939, 69.0061187744, -3.17845010757, 62.9942970276, -17.6813735962], [-120.211204529, 43.3023071289, 12.3119783401, 410.719543457, 77.7143096924, -13.8709030151, 42.3580665588, -32.3581924438, 25.0442371368, -12.8536281586, 71.0027236938, 15.4222784042, 50.3670730591], [-38.7930793762, 82.4748916626, 25.1313266754, 77.7143096924, 195.425918579, 50.3184890747, 27.1671714783, 12.068022728, 46.146068573, 27.7760124207, 21.6675510406, 7.24728393555, 18.0309886932], [26.1641273499, 23.2291870117, 17.2383518219, -13.8709030151, 50.3184890747, 125.246864319, 46.1365814209, 31.4234447479, 12.0103244781, 7.81021022797, 32.7149391174, 2.22220754623, 9.10250854492], [-150.494293213, 77.2098846436, 30.3454875946, 42.3580665588, 27.1671714783, 46.1365814209, 171.898696899, 43.744392395, -2.19725203514, -5.54053735733, 54.7781257629, 22.2923946381, -7.65425539017], [36.7824401855, -28.026391983, 81.8540267944, -32.3581924438, 12.068022728, 31.4234447479, 43.744392395, 107.135543823, 40.6726112366, 22.0024757385, 9.04106712341, 7.44221019745, 5.53351068497], [-8.09680652618, 136.562011719, -48.670249939, 25.0442371368, 46.146068573, 12.0103244781, -2.19725203514, 40.6726112366, 146.964828491, 34.7199172974, -3.56214475632, -17.9337425232, 38.364780426], [118.05039978, -58.0095901489, 69.0061187744, -12.8536281586, 27.7760124207, 7.81021022797, -5.54053735733, 22.0024757385, 34.7199172974, 85.1742477417, 10.3365621567, 14.3496236801, 0.885951280594], [-119.62272644, 33.7599143982, -3.17845010757, 71.0027236938, 21.6675510406, 32.7149391174, 54.7781257629, 9.04106712341, -3.56214475632, 10.3365621567, 98.5068817139, 24.8648643494, 6.20264434814], [63.8410415649, -55.6420516968, 62.9942970276, 15.4222784042, 7.24728393555, 2.22220754623, 22.2923946381, 7.44221019745, -17.9337425232, 14.3496236801, 24.8648643494, 77.5342636108, 23.2578868866], [8.12033081055, 56.7045173645, -17.6813735962, 50.3670730591, 18.0309886932, 9.10250854492, -7.65425539017, 5.53351068497, 38.364780426, 0.885951280594, 6.20264434814, 23.2578868866, 71.535446167]],
        "icov": [[0.000494457432069, -0.000133016204927, 0.000200547685381, -0.000262072659098, 0.000258513959125, -0.000568307877984, 0.000539072207175, -0.00052679143846, 0.000440908770543, -0.00100052123889, 0.0010424827924, -0.000881161540747, 0.000361010839697], [-0.000133016204927, 0.00356977200136, 0.000349463516613, 0.00131779431831, -0.00141285615973, 0.00115457514767, -0.00264117470942, 0.00287191127427, -0.00371339335106, 0.00331756612286, -0.0021976144053, 0.0027513045352, -0.00270513468422], [0.000200547685381, 0.000349463516613, 0.00340283685364, -0.000952415226493, -0.000227750904742, -0.000520773930475, 0.000186311401194, -0.00307889538817, 0.00211514811963, -0.00277565373108, 0.00218479684554, -0.00221657077782, 0.00102488708217], [-0.000262072659098, 0.00131779431831, -0.000952415226493, 0.00467949314043, -0.00206913123839, 0.00268970592879, -0.00211903965101, 0.00351264118217, -0.00230135116726, 0.00315674883313, -0.00467244442552, 0.00305148842745, -0.00425601890311], [0.000258513959125, -0.00141285615973, -0.000227750904742, -0.00206913123839, 0.00768679426983, -0.00372950127348, 0.000869069539476, -0.000371118279872, -0.000335052376613, -0.00323463510722, 0.00214161747135, -0.00219047022983, 0.00189612538088], [-0.000568307877984, 0.00115457514767, -0.000520773930475, 0.00268970592879, -0.00372950127348, 0.0126705151051, -0.00327796046622, -0.000164735451108, -0.000492984603625, 0.00242286780849, -0.00578700331971, 0.00483766105026, -0.00472008530051], [0.000539072207175, -0.00264117470942, 0.000186311401194, -0.00211903965101, 0.000869069539476, -0.00327796046622, 0.0114686265588, -0.00622963905334, 0.00278215738945, -0.000836613995489, -0.000601979438215, -0.00551682291552, 0.00584163609892], [-0.00052679143846, 0.00287191127427, -0.00307889538817, 0.00351264118217, -0.000371118279872, -0.000164735451108, -0.00622963905334, 0.0192684177309, -0.00938945543021, 0.00419586384669, -0.00389669043943, 0.00358065566979, -0.00333609315567], [0.000440908770543, -0.00371339335106, 0.00211514811963, -0.00230135116726, -0.000335052376613, -0.000492984603625, 0.00278215738945, -0.00938945543021, 0.018177010119, -0.0106854485348, 0.00467266747728, 0.00186763284728, -0.00442064274102], [-0.00100052123889, 0.00331756612286, -0.00277565373108, 0.00315674883313, -0.00323463510722, 0.00242286780849, -0.000836613995489, 0.00419586384669, -0.0106854485348, 0.0230129063129, -0.00768356723711, 0.000445503537776, 0.000635091040749], [0.0010424827924, -0.0021976144053, 0.00218479684554, -0.00467244442552, 0.00214161747135, -0.00578700331971, -0.000601979438215, -0.00389669043943, 0.00467266747728, -0.00768356723711, 0.0205102246255, -0.00814693514258, 0.00434660958126], [-0.000881161540747, 0.0027513045352, -0.00221657077782, 0.00305148842745, -0.00219047022983, 0.00483766105026, -0.00551682291552, 0.00358065566979, 0.00186763284728, 0.000445503537776, -0.00814693514258, 0.0253355838358, -0.0142459096387], [0.000361010839697, -0.00270513468422, 0.00102488708217, -0.00425601890311, 0.00189612538088, -0.00472008530051, 0.00584163609892, -0.00333609315567, -0.00442064274102, 0.000635091040749, 0.00434660958126, -0.0142459096387, 0.026955857873]]
    },
    "melbands": {
        "mean": [0.005824864842, 0.00504179298878, 0.00163965381216, 0.00117308855988, 0.000665735162329, 0.000360591337085, 0.000263713911409, 0.000252972327871, 0.000416219379986, 0.000235056839301, 0.000159461327712, 9.46295331232e-005, 0.000118898286019, 0.000121578523249, 6.41795486445e-005, 7.58988317102e-005, 0.000104474827822, 0.00012499227887, 5.26100520801e-005, 3.86273859476e-005, 1.83839892998e-005, 1.88021367649e-005, 2.5015175197e-005, 2.40562494582e-005, 1.42097223943e-005, 1.78290683834e-005, 1.52179545694e-005, 8.85264853423e-006, 5.14996054335e-006, 3.97728808821e-006, 3.77038577426e-006, 3.70376528736e-006, 3.58122656507e-006, 3.48167077391e-006, 3.59356249646e-006, 2.61601530838e-006, 3.21747870657e-006, 5.09195660925e-006, 4.81542656416e-006, 5.69193935007e-006],
        "var": [0.000130582178826, 2.13473667827e-005, 2.06587924367e-006, 1.29540092075e-006, 4.80153971694e-007, 1.99024171366e-007, 2.28891124721e-007, 1.06476726103e-007, 1.39110750297e-006, 3.12406882585e-007, 1.52531256958e-007, 3.48268791583e-008, 3.58068277251e-008, 5.16570821674e-008, 2.01124592536e-008, 2.60420378595e-008, 4.69223202515e-008, 6.99489035583e-008, 1.03499191439e-008, 6.17007600567e-009, 4.71673700098e-010, 5.37647093513e-010, 1.39942091248e-009, 8.24553092471e-010, 3.02623592852e-010, 1.12158704546e-009, 6.16517337182e-010, 1.57206428431e-010, 3.01542540937e-011, 1.78319112948e-011, 1.78093026437e-011, 1.99588314626e-011, 1.95165047318e-011, 2.36536051162e-011, 5.03230269955e-011, 1.98354284386e-011, 7.80803061096e-011, 4.94926377659e-010, 6.13671502503e-010, 8.4277690382e-010]
    },
    "mfcc": {
        "mean": [-595.325927734, 111.041320801, 13.9555854797, 20.0622768402, 16.6532001495, 7.95689249039, 8.36092662811, 2.92651557922, -2.48642277718, 3.57244515419, 3.50219416618, -2.48274707794, -1.46319127083],
        "cov": [[2025.42321777, -108.727607727, -78.5545501709, -72.0519790649, 30.0051498413, 7.16847991943, -146.987731934, -76.7768325806, 71.3164825439, -39.5343856812, 27.7872371674, -13.8528957367, -116.643295288], [-108.727607727, 502.451385498, -141.110946655, -81.2515106201, 9.39608955383, 18.4296073914, -17.2890987396, 28.5631408691, 68.8572463989, 5.08597040176, 55.171459198, 64.4710464478, -58.6246414185], [-78.5545501709, -141.110946655, 349.475799561, 42.0917053223, 1.43198513985, -24.2867698669, 60.3871154785, 13.6901540756, 7.41422748566, -13.1772623062, -1.652135849, 14.181139946, 68.2494277954], [-72.0519790649, -81.2515106201, 42.0917053223, 317.155487061, 46.6311073303, 62.3501167297, 23.5748519897, 24.2355480194, -13.4473762512, 33.2211914063, -54.2725334167, -18.4889392853, 86.8447952271], [30.0051498413, 9.39608955383, 1.43198513985, 46.6311073303, 176.159973145, 41.7473716736, -22.1728210449, -10.3743257523, 42.8998298645, 17.8140258789, 16.2400398254, 8.7436504364, -0.596536457539], [7.16847991943, 18.4296073914, -24.2867698669, 62.3501167297, 41.7473716736, 111.935783386, 37.1968269348, 14.542137146, -1.8624856472, 12.32721138, -0.0880605950952, 7.26074457169, 7.01046609879], [-146.987731934, -17.2890987396, 60.3871154785, 23.5748519897, -22.1728210449, 37.1968269348, 165.715042114, 66.2782363892, -49.2781639099, 16.6925392151, 0.920448124409, 11.0986738205, 41.1840248108], [-76.7768325806, 28.5631408691, 13.6901540756, 24.2355480194, -10.3743257523, 14.542137146, 66.2782363892, 98.5282745361, 8.62664794922, 18.6403675079, -4.2589468956, 17.3404808044, 24.8282108307], [71.3164825439, 68.8572463989, 7.41422748566, -13.4473762512, 42.8998298645, -1.8624856472, -49.2781639099, 8.62664794922, 123.539131165, 15.6576080322, 22.5992603302, 27.3998279572, -11.6572141647], [-39.5343856812, 5.08597040176, -13.1772623062, 33.2211914063, 17.8140258789, 12.32721138, 16.6925392151, 18.6403675079, 15.6576080322, 101.46938324, 29.4541378021, -7.19728183746, 6.36628627777], [27.7872371674, 55.171459198, -1.652135849, -54.2725334167, 16.2400398254, -0.0880605950952, 0.920448124409, -4.2589468956, 22.5992603302, 29.4541378021, 78.6225585938, 33.2810821533, -14.4965782166], [-13.8528957367, 64.4710464478, 14.181139946, -18.4889392853, 8.7436504364, 7.26074457169, 11.0986738205, 17.3404808044, 27.3998279572, -7.19728183746, 33.2810821533, 81.3742523193, 14.4361076355], [-116.643295288, -58.6246414185, 68.2494277954, 86.8447952271, -0.596536457539, 7.01046609879, 41.1840248108, 24.8282108307, -11.6572141647, 6.36628627777, -14.4965782166, 14.4361076355, 106.666046143]],
        "icov": [[0.000595256628003, 0.000328007648932, 0.000105728911876, -7.39073075238e-005, 9.21060927794e-005, -0.000249395030551, 0.000309808616294, 4.35996162196e-006, -0.000363162049325, 0.00035929333535, -0.00043129385449, -6.34465436633e-007, 0.000600345782004], [0.000328007648932, 0.00316547229886, 0.00123113638256, -4.66852543468e-005, 0.000278232444543, -0.000283002009382, -0.000170549290488, -0.000769577163737, -0.00149357295595, 0.000700065400451, -0.00130550924223, -0.00165405659936, 0.0014552960638], [0.000105728911876, 0.00123113638256, 0.00431387033314, -0.000501362723298, -0.00017160011339, 0.00166344689205, -0.00240328768268, 0.000842286739498, -0.00204027444124, 0.00148957362399, -0.00115549354814, -0.000270335061941, -0.00137049565092], [-7.39073075238e-005, -4.66852543468e-005, -0.000501362723298, 0.00609982945025, -0.00108675251249, -0.00294278655201, 0.00149391614832, -0.000483948650071, 0.000841392320581, -0.00282819406129, 0.00440143235028, 0.000187094658031, -0.00419522542506], [9.21060927794e-005, 0.000278232444543, -0.00017160011339, -0.00108675251249, 0.00747275026515, -0.00271086092107, 0.000724580371752, 0.000992189976387, -0.00239368714392, -6.96537608746e-005, -0.00174748979043, 0.000142803706694, 0.000443229422672], [-0.000249395030551, -0.000283002009382, 0.00166344689205, -0.00294278655201, -0.00271086092107, 0.0133654242381, -0.0047700307332, 0.00107692868914, -0.000546981114894, 0.00049457710702, -0.000224476738367, -0.001229453017, 0.00164739007596], [0.000309808616294, -0.000170549290488, -0.00240328768268, 0.00149391614832, 0.000724580371752, -0.0047700307332, 0.0138964289799, -0.00808574911207, 0.00630761450157, -0.00153025088366, -0.0012442584848, -0.000282905239146, -0.00194947840646], [4.35996162196e-006, -0.000769577163737, 0.000842286739498, -0.000483948650071, 0.000992189976387, 0.00107692868914, -0.00808574911207, 0.0175694413483, -0.00437380420044, -0.00262323208153, 0.00434107892215, -0.00285800429992, -0.000940633763094], [-0.000363162049325, -0.00149357295595, -0.00204027444124, 0.000841392320581, -0.00239368714392, -0.000546981114894, 0.00630761450157, -0.00437380420044, 0.0139954034239, -0.00280919508077, 0.000241330606514, -0.00304007669911, 0.000149070547195], [0.00035929333535, 0.000700065400451, 0.00148957362399, -0.00282819406129, -6.96537608746e-005, 0.00049457710702, -0.00153025088366, -0.00262323208153, -0.00280919508077, 0.0155703052878, -0.0101648736745, 0.00583558669314, -0.000111811896204], [-0.00043129385449, -0.00130550924223, -0.00115549354814, 0.00440143235028, -0.00174748979043, -0.000224476738367, -0.0012442584848, 0.00434107892215, 0.000241330606514, -0.0101648736745, 0.0255347341299, -0.00996754411608, 0.000893966760486], [-6.34465436633e-007, -0.00165405659936, -0.000270335061941, 0.000187094658031, 0.000142803706694, -0.001229453017, -0.000282905239146, -0.00285800429992, -0.00304007669911, 0.00583558669314, -0.00996754411608, 0.0209163427353, -0.00489904358983], [0.000600345782004, 0.0014552960638, -0.00137049565092, -0.00419522542506, 0.000443229422672, 0.00164739007596, -0.00194947840646, -0.000940633763094, 0.000149070547195, -0.000111811896204, 0.000893966760486, -0.00489904358983, 0.0167972929776]]
    },
    "spectral_contrast_coeffs": {
        "mean": [-0.638110041618, -0.736811697483, -0.750702142715, -0.757645487785, -0.776939809322, -0.784380018711],
        "var": [0.00540006253868, 0.00369355711155, 0.00408767163754, 0.00348019483499, 0.00220422726125, 0.000982759520411]
    },
    "spectral_contrast_valleys": {
        "mean": [-6.56827688217, -6.41090631485, -7.07761001587, -7.40587854385, -7.22511005402, -9.34402751923],
        "var": [0.655759692192, 0.55181568861, 0.470063537359, 0.511195778847, 0.518908560276, 0.598132550716]
    }
},
"metadata": {
    "audio_properties": {
        "analysis_sample_rate": 44100,
        "bit_rate": 128074,
        "equal_loudness": 0,
        "length": 45.0612258911,
        "lossless": 0,
        "replay_gain": -4.82464790344,
        "sample_rate": 44100,
        "codec": "mp3",
        "downmix": "mix",
        "md5_encoded": "bfb91082303aaea620879d52de4e62ea"
    },
    "tags": {
        "file_name": "1806.mp3"
    },
    "version": {
        "essentia": "2.1-beta2",
        "essentia_git_sha": "v2.1_beta2",
        "extractor": "music 1.0"
    }
},
"rhythm": {
    "beats_count": 90,
    "beats_loudness": {
        "mean": 0.0892612040043,
        "var": 0.0015020465944
    },
    "bpm": 120.079444885,
    "bpm_histogram_first_peak_bpm": {
        "mean": 120,
        "var": 0
    },
    "bpm_histogram_first_peak_spread": {
        "mean": 0.372093051672,
        "var": 0
    },
    "bpm_histogram_first_peak_weight": {
        "mean": 0.606741547585,
        "var": 0
    },
    "bpm_histogram_second_peak_bpm": {
        "mean": 126,
        "var": 0
    },
    "bpm_histogram_second_peak_spread": {
        "mean": 0.5,
        "var": 0
    },
    "bpm_histogram_second_peak_weight": {
        "mean": 0.0112359551713,
        "var": 0
    },
    "danceability": 1.57550501823,
    "onset_rate": 3.32730412483,
    "beats_loudness_band_ratio": {
        "mean": [0.567752838135, 0.161527603865, 0.130575716496, 0.06186946854, 0.0609515123069, 0.0581790730357],
        "var": [0.0641204640269, 0.0133148282766, 0.0145951230079, 0.00270681479014, 0.00346895330586, 0.00172229297459]
    },
    "beats_position": [0.441179126501, 0.893968224525, 1.35836732388, 1.83437633514, 2.32199549675, 2.82122445107, 3.32045340538, 3.8196823597, 4.31891155243, 4.80653047562, 5.31736946106, 5.81659841537, 6.31582736969, 6.81505680084, 7.31428575516, 7.81351470947, 8.31274318695, 8.8119726181, 9.31120204926, 9.79882049561, 10.2980499268, 10.7972784042, 11.3081178665, 11.807346344, 12.3065757751, 12.7941951752, 13.3050336838, 13.8042631149, 14.3034915924, 14.8143310547, 15.3251695633, 15.8127889633, 16.3120174408, 16.8112468719, 17.3104763031, 17.8097057343, 18.2973232269, 18.7965526581, 19.2957820892, 19.8066215515, 20.3058490753, 20.7934684753, 21.2926979065, 21.7919273376, 22.2911567688, 22.8019943237, 23.312833786, 23.8236732483, 24.3229026794, 24.8221302032, 25.3213596344, 25.8205890656, 26.3082084656, 26.7958278656, 27.2950553894, 27.7942848206, 28.2935142517, 28.7927436829, 29.3035831451, 29.8144207001, 30.3136501312, 30.8128795624, 31.3121089935, 31.8113365173, 32.2989578247, 32.8097953796, 33.3206329346, 33.8082542419, 34.3074836731, 34.8067131042, 35.3175506592, 35.8167800903, 36.3160095215, 36.8036270142, 37.3028564453, 37.8020858765, 38.2897033691, 38.8005447388, 39.3113822937, 39.8222198486, 40.3214492798, 40.8206787109, 41.3199081421, 41.8075294495, 42.3067550659, 42.8059844971, 43.3052139282, 43.8160552979, 44.3152809143, 44.8145103455]
},
"tonal": {
    "chords_changes_rate": 0.0617283955216,
    "chords_number_rate": 0.00925925932825,
    "chords_strength": {
        "mean": 0.491814643145,
        "var": 0.00809195172042
    },
    "hpcp_entropy": {
        "mean": 2.14437699318,
        "var": 0.4756501019
    },
    "key_strength": 0.749301850796,
    "tuning_diatonic_strength": 0.712373137474,
    "tuning_equal_tempered_deviation": 0.241603970528,
    "tuning_frequency": 434.193115234,
    "tuning_nontempered_energy_ratio": 0.937432467937,
    "hpcp": {
        "mean": [0.363591909409, 0.338602691889, 0.156433612108, 0.0781288668513, 0.0648282319307, 0.070950306952, 0.139869660139, 0.167171597481, 0.0955137237906, 0.0499556176364, 0.0412530936301, 0.0413684099913, 0.069190621376, 0.097295358777, 0.107340507209, 0.193636760116, 0.242516502738, 0.135586097836, 0.046022541821, 0.0285895299166, 0.0459545515478, 0.138531282544, 0.193551748991, 0.138358548284, 0.0870883986354, 0.0612342469394, 0.0634640529752, 0.103441588581, 0.12069453299, 0.133743658662, 0.201047584414, 0.197957441211, 0.12358815968, 0.133188933134, 0.177148759365, 0.231357485056],
        "var": [0.136141866446, 0.119844667614, 0.0444414205849, 0.0299589727074, 0.0221966318786, 0.0274955183268, 0.0481601171196, 0.0567841008306, 0.0241873972118, 0.0175018981099, 0.0125390496105, 0.00998891983181, 0.0179430395365, 0.029165526852, 0.0272110663354, 0.0670412406325, 0.115793697536, 0.0528136156499, 0.0150355920196, 0.00741871586069, 0.0139376483858, 0.0482405722141, 0.0809065401554, 0.0512699298561, 0.0365764759481, 0.0228573530912, 0.022116670385, 0.0400655679405, 0.045899938792, 0.0508613437414, 0.0864817276597, 0.0862799435854, 0.0436253137887, 0.0532973147929, 0.0798575803638, 0.0820986330509]
    },
    "chords_histogram": [40.0205764771, 4.32098770142, 12.7572011948, 2.36625504494, 2.77777767181, 0, 0, 0, 0, 0, 0, 0, 0, 0, 0, 0.411522626877, 0, 9.46502017975, 0, 1.95473253727, 0.720164597034, 8.64197540283, 16.563785553, 0],
    "thpcp": [1, 0.931271255016, 0.430245041847, 0.214880660176, 0.178299441934, 0.19513720274, 0.384688585997, 0.459778100252, 0.262694865465, 0.137394741178, 0.11345987767, 0.113777033985, 0.190297469497, 0.267594963312, 0.295222491026, 0.532566189766, 0.667001903057, 0.372907370329, 0.126577466726, 0.0786308199167, 0.126390472054, 0.381007611752, 0.532332360744, 0.38053253293, 0.239522382617, 0.168414771557, 0.174547478557, 0.284499138594, 0.331950545311, 0.367840021849, 0.552948474884, 0.54444950819, 0.339908987284, 0.366314351559, 0.487218648195, 0.636310875416],
    "chords_key": "D",
    "chords_scale": "major",
    "key_key": "D",
    "key_scale": "major"
}
}