{
"lowlevel": {
    "average_loudness": 0.937446534634,
    "barkbands_crest": {
        "mean": 7.23087263107,
        "var": 5.95882749557
    },
    "barkbands_flatness_db": {
        "mean": 0.155358582735,
        "var": 0.000745305500459
    },
    "barkbands_kurtosis": {
        "mean": -0.170517280698,
        "var": 4.23038005829
    },
    "barkbands_skewness": {
        "mean": 0.415834695101,
        "var": 0.467344135046
    },
    "barkbands_spread": {
        "mean": 25.274356842,
        "var": 91.6766738892
    },
    "dissonance": {
        "mean": 0.451466470957,
        "var": 0.00102277041879
    },
    "dynamic_complexity": 2.60888004303,
    "erbbands_crest": {
        "mean": 10.2488880157,
        "var": 18.4922924042
    },
    "erbbands_flatness_db": {
        "mean": 0.228108435869,
        "var": 0.000784463249147
    },
    "erbbands_kurtosis": {
        "mean": 1.26420247555,
        "var": 4.38046455383
    },
    "erbbands_skewness": {
        "mean": -0.33058360219,
        "var": 0.29287019372
    },
    "erbbands_spread": {
        "mean": 23.7095909119,
        "var": 104.008140564
    },
    "hfc": {
        "mean": 24.0095367432,
        "var": 169.259109497
    },
    "melbands_crest": {
        "mean": 9.62753677368,
        "var": 11.7628278732
    },
    "melbands_flatness_db": {
        "mean": 0.198103427887,
        "var": 0.00159601680934
    },
    "melbands_kurtosis": {
        "mean": 1.8575232029,
        "var": 21.3956775665
    },
    "melbands_skewness": {
        "mean": 1.2289327383,
        "var": 0.754982352257
    },
    "melbands_spread": {
        "mean": 35.3814849854,
        "var": 205.522994995
    },
    "pitch_salience": {
        "mean": 0.593159914017,
        "var": 0.00636206241325
    },
    "silence_rate_20dB": {
        "mean": 1,
        "var": 0
    },
    "silence_rate_30dB": {
        "mean": 1,
        "var": 0
    },
    "silence_rate_60dB": {
        "mean": 0.0185375902802,
        "var": 0.0181937459856
    },
    "spectral_centroid": {
        "mean": 1641.87646484,
        "var": 398387.34375
    },
    "spectral_complexity": {
        "mean": 21.8475799561,
        "var": 49.2476081848
    },
    "spectral_decrease": {
        "mean": -6.10268768853e-009,
        "var": 9.32449354386e-018
    },
    "spectral_energy": {
        "mean": 0.0252106953412,
        "var": 0.00015656548203
    },
    "spectral_energyband_high": {
        "mean": 0.000455791916465,
        "var": 3.88994806144e-007
    },
    "spectral_energyband_low": {
        "mean": 0.003202639753,
        "var": 4.29293140769e-006
    },
    "spectral_energyband_middle_high": {
        "mean": 0.0106480298564,
        "var": 3.33528441843e-005
    },
    "spectral_energyband_middle_low": {
        "mean": 0.0108240908012,
        "var": 6.17989717284e-005
    },
    "spectral_entropy": {
        "mean": 7.08295869827,
        "var": 0.0410996936262
    },
    "spectral_flux": {
        "mean": 0.0566939786077,
        "var": 0.000440589006757
    },
    "spectral_kurtosis": {
        "mean": 5.41177177429,
        "var": 10.3760671616
    },
    "spectral_rms": {
        "mean": 0.00476987706497,
        "var": 1.84412067483e-006
    },
    "spectral_rolloff": {
        "mean": 1800.05993652,
        "var": 1169895.25
    },
    "spectral_skewness": {
        "mean": 1.23449122906,
        "var": 0.241499647498
    },
    "spectral_spread": {
        "mean": 2696361.5,
        "var": 2.37736453734e+012
    },
    "spectral_strongpeak": {
        "mean": 1.7180274725,
        "var": 2.57913899422
    },
    "zerocrossingrate": {
        "mean": 0.0556366555393,
        "var": 0.000703484111
    },
    "barkbands": {
        "mean": [0.0013499133056, 0.00104796653613, 0.000956389994826, 0.00110349536408, 0.00372829358093, 0.00179249758366, 0.00213540717959, 0.00149887753651, 0.000397486175643, 0.000396593793994, 0.00114910432603, 0.00310484971851, 0.00178743863944, 0.000555677746888, 0.00121546501759, 0.000557217339519, 0.000413202913478, 0.000706494203769, 0.000620437145699, 0.000408258783864, 0.000228896955377, 2.46384006459e-005, 1.99188962142e-005, 7.63120351621e-006, 3.5632745039e-006, 9.90514990917e-007, 6.38821928689e-009],
        "var": [3.1380125165e-006, 7.35068681479e-007, 1.02008948488e-006, 1.04251432731e-006, 6.69777818985e-006, 7.27322003513e-006, 1.57576560014e-005, 4.8455722208e-006, 1.32389789087e-006, 2.68348259169e-007, 1.60968022556e-006, 1.00919714896e-005, 2.1137936983e-006, 2.23625221452e-007, 1.73850082774e-006, 6.29522219242e-007, 2.54806082012e-007, 6.54476991713e-007, 4.78829690564e-007, 2.23836423174e-007, 9.33331918418e-008, 9.24721810236e-009, 1.58711142006e-008, 5.23183851797e-009, 4.10549066965e-010, 3.03512492916e-011, 1.08323511497e-014]
    },
    "erbbands": {
        "mean": [0.0466274730861, 0.195495516062, 0.851150095463, 2.80277085304, 11.8312892914, 8.64992332458, 10.9226989746, 16.0703163147, 25.7718276978, 40.5080604553, 25.7067375183, 10.9096899033, 10.2702569962, 25.1161136627, 44.312877655, 162.229827881, 102.917793274, 45.9676322937, 69.9628067017, 29.1198616028, 31.2146606445, 25.2793197632, 30.5435180664, 38.8162269592, 31.7245731354, 17.432094574, 14.5243959427, 4.45447063446, 1.03090012074, 0.824506282806, 0.530994176865, 0.24863012135, 0.084256246686, 0.0379152111709, 0.0274969488382, 0.00763923348859, 0.00132966414094, 8.86899142643e-005, 1.68608985405e-005, 3.07642185362e-005],
        "var": [0.00179989438038, 0.0309779178351, 0.617745041847, 5.86298704147, 54.0731010437, 94.3247756958, 230.468078613, 947.176940918, 1669.56286621, 6174.76806641, 1019.137146, 771.80670166, 143.775222778, 783.51550293, 2259.51049805, 27431.3515625, 6114.74462891, 977.481262207, 6277.97802734, 1170.11584473, 1307.48498535, 1028.7097168, 1064.03515625, 1973.87438965, 1708.7310791, 445.107940674, 338.347320557, 31.8074836731, 6.73861694336, 30.7233562469, 10.7506952286, 4.37753677368, 0.594361841679, 0.0767158940434, 0.0153612978756, 0.0012982141925, 8.83629036252e-005, 7.87558235515e-007, 4.48476450421e-010, 2.29814736685e-010]
    },
    "gfcc": {
        "mean": [-23.4769687653, 142.337081909, -171.447052002, 41.844543457, -40.0025215149, 1.24656426907, -24.2757301331, -11.5088357925, -29.3126754761, -0.931612312794, 0.0423654019833, -10.3784942627, -10.0802984238],
        "cov": [[5274.82861328, -205.116149902, -628.703613281, -95.0029602051, -554.247497559, -201.043777466, -389.998260498, 78.3274307251, -216.608016968, 212.724624634, -25.7718315125, -11.0468273163, -142.625320435], [-205.116149902, 400.885375977, 18.4303436279, -94.0959701538, 51.9686279297, -8.83189201355, 87.9754943848, -22.9830970764, 6.47582006454, -28.9527359009, 67.2748947144, 23.1023292542, 44.6544876099], [-628.703613281, 18.4303436279, 434.795715332, -172.242126465, -22.9331054688, 4.97341585159, -75.5608062744, 148.269760132, -31.8521156311, 67.8569946289, 6.82511043549, 99.7656784058, 15.6738958359], [-95.0029602051, -94.0959701538, -172.242126465, 455.888458252, 182.225128174, -42.1792488098, 4.57526445389, -125.689605713, 126.293434143, -69.997795105, -43.3542060852, -92.0878677368, 50.009765625], [-554.247497559, 51.9686279297, -22.9331054688, 182.225128174, 232.565765381, 22.1665725708, 53.7740135193, -56.3059959412, 42.1807937622, -50.6799278259, -20.9610385895, -25.0636100769, 43.7364845276], [-201.043777466, -8.83189201355, 4.97341585159, -42.1792488098, 22.1665725708, 164.934860229, 103.679931641, -5.58585500717, -20.2706565857, -48.4365921021, 4.92783975601, -7.23864221573, -17.6928939819], [-389.998260498, 87.9754943848, -75.5608062744, 4.57526445389, 53.7740135193, 103.679931641, 202.139144897, -57.7577819824, 12.6561431885, -59.1873970032, 15.7463436127, -21.3018112183, -13.4604263306], [78.3274307251, -22.9830970764, 148.269760132, -125.689605713, -56.3059959412, -5.58585500717, -57.7577819824, 149.783294678, -34.1569252014, 50.8399658203, -9.3680973053, 32.3914451599, -9.90180587769], [-216.608016968, 6.47582006454, -31.8521156311, 126.293434143, 42.1807937622, -20.2706565857, 12.6561431885, -34.1569252014, 125.184257507, -26.8846340179, -23.2558803558, -29.7946529388, 13.5367012024], [212.724624634, -28.9527359009, 67.8569946289, -69.997795105, -50.6799278259, -48.4365921021, -59.1873970032, 50.8399658203, -26.8846340179, 88.7824554443, 7.98021459579, 37.1540489197, -8.28946781158], [-25.7718315125, 67.2748947144, 6.82511043549, -43.3542060852, -20.9610385895, 4.92783975601, 15.7463436127, -9.3680973053, -23.2558803558, 7.98021459579, 88.4863739014, 11.3560752869, 3.89551830292], [-11.0468273163, 23.1023292542, 99.7656784058, -92.0878677368, -25.0636100769, -7.23864221573, -21.3018112183, 32.3914451599, -29.7946529388, 37.1540489197, 11.3560752869, 85.8028259277, 9.95661258698], [-142.625320435, 44.6544876099, 15.6738958359, 50.009765625, 43.7364845276, -17.6928939819, -13.4604263306, -9.90180587769, 13.5367012024, -8.28946781158, 3.89551830292, 9.95661258698, 61.7240715027]],
        "icov": [[0.00118126347661, -0.00193897925783, 0.00298183388077, -0.00246604671702, 0.00309764128178, -0.00210207281634, 0.00303694768809, -0.00164011213928, 0.00227341870777, -0.00251876027323, 0.00148525089025, -0.00192876788788, 0.00235536834225], [-0.00193897925783, 0.00858548097312, -0.00479731941596, 0.00752251036465, -0.00737025775015, 0.00674101570621, -0.00758461654186, 0.00288821500726, -0.00547071732581, 0.00647749379277, -0.00562903983518, 0.00347125134431, -0.0077391830273], [0.00298183388077, -0.00479731941596, 0.0124805802479, -0.0052057732828, 0.00627443054691, -0.00650735106319, 0.00903209950775, -0.00779081974179, 0.00412096967921, -0.00677928840742, 0.00298685417511, -0.00858805049211, 0.00520049734041], [-0.00246604671702, 0.00752251036465, -0.0052057732828, 0.0140638463199, -0.0115162078291, 0.00689315469936, -0.00602265074849, 0.00607801554725, -0.00940485298634, 0.00649689044803, -0.00418436573818, 0.00780615815893, -0.00947558041662], [0.00309764128178, -0.00737025775015, 0.00627443054691, -0.0115162078291, 0.0175054594874, -0.00719768973067, 0.00649994192645, -0.00383827160113, 0.00826646946371, -0.00654222071171, 0.00662653474137, -0.0053779236041, 0.0043193208985], [-0.00210207281634, 0.00674101570621, -0.00650735106319, 0.00689315469936, -0.00719768973067, 0.0173548012972, -0.0120495501906, 0.001783581567, -0.00262653757818, 0.0116103673354, -0.00422381982207, 0.00367360119708, -0.00412403559312], [0.00303694768809, -0.00758461654186, 0.00903209950775, -0.00602265074849, 0.00649994192645, -0.0120495501906, 0.0192077346146, -0.0022844679188, 0.00431320117787, -0.00592147139832, 0.00350430305116, -0.00555710727349, 0.00978727452457], [-0.00164011213928, 0.00288821500726, -0.00779081974179, 0.00607801554725, -0.00383827160113, 0.001783581567, -0.0022844679188, 0.0164547059685, -0.00281216320582, -0.000541626650374, 0.000700417091139, 0.00647252844647, -0.0039972346276], [0.00227341870777, -0.00547071732581, 0.00412096967921, -0.00940485298634, 0.00826646946371, -0.00262653757818, 0.00431320117787, -0.00281216320582, 0.0174500811845, -0.00371071114205, 0.00594492256641, -0.00253809359856, 0.00537250004709], [-0.00251876027323, 0.00647749379277, -0.00677928840742, 0.00649689044803, -0.00654222071171, 0.0116103673354, -0.00592147139832, -0.000541626650374, -0.00371071114205, 0.0288118943572, -0.00636715069413, -0.00209534866735, -0.00204004952684], [0.00148525089025, -0.00562903983518, 0.00298685417511, -0.00418436573818, 0.00662653474137, -0.00422381982207, 0.00350430305116, 0.000700417091139, 0.00594492256641, -0.00636715069413, 0.0172595456243, -0.00178396131378, 0.00214606849477], [-0.00192876788788, 0.00347125134431, -0.00858805049211, 0.00780615815893, -0.0053779236041, 0.00367360119708, -0.00555710727349, 0.00647252844647, -0.00253809359856, -0.00209534866735, -0.00178396131378, 0.0251848306507, -0.0100964708254], [0.00235536834225, -0.0077391830273, 0.00520049734041, -0.00947558041662, 0.0043193208985, -0.00412403559312, 0.00978727452457, -0.0039972346276, 0.00537250004709, -0.00204004952684, 0.00214606849477, -0.0100964708254, 0.0308906491846]]
    },
    "melbands": {
        "mean": [0.000437342736404, 0.000390487024561, 0.000761421339121, 0.000769368896727, 0.000388803688111, 0.000353433511918, 0.000416990515077, 0.000422493729275, 0.000186268880498, 5.5374144722e-005, 4.74371227028e-005, 9.29578600335e-005, 0.000153912798851, 0.000349133333657, 0.000230278834351, 0.00021391986229, 6.81574019836e-005, 0.000106741004856, 4.85333803226e-005, 4.72573919978e-005, 3.01309664792e-005, 2.57743558905e-005, 1.99523619813e-005, 3.55507218046e-005, 3.01265063172e-005, 2.49771655945e-005, 1.87436253327e-005, 1.00579336504e-005, 1.02483272713e-005, 5.0769790505e-006, 1.72396164544e-006, 5.39424320323e-007, 4.52487824987e-007, 4.28665799745e-007, 3.23607309838e-007, 2.14967712964e-007, 1.30725581471e-007, 6.48714646445e-008, 3.47480337837e-008, 2.91025514798e-008],
        "var": [1.28922110321e-007, 1.06023335888e-007, 2.2735051175e-007, 2.61523865674e-007, 2.51265134921e-007, 3.79459891064e-007, 4.57074065707e-007, 6.02530235483e-007, 6.51381739658e-008, 2.24914042946e-008, 3.16000137168e-009, 1.14256479833e-008, 3.10097334477e-008, 1.20970611306e-007, 4.59557192301e-008, 3.38696288793e-008, 3.51852125213e-009, 1.533552485e-008, 2.42446018817e-009, 3.75259689989e-009, 1.05525976846e-009, 1.19836085499e-009, 5.65079816273e-010, 1.50398959953e-009, 1.38269518057e-009, 7.94797339054e-010, 8.28492718874e-010, 1.86354737197e-010, 1.76411094066e-010, 4.69868657871e-011, 5.00853351848e-012, 1.19106731856e-012, 7.88142554692e-012, 9.28352620472e-012, 3.47482741365e-012, 2.86750636257e-012, 1.60093650576e-012, 3.88137493066e-013, 9.94047441474e-014, 4.13818522363e-014]
    },
    "mfcc": {
        "mean": [-646.379699707, 159.45199585, -55.8914375305, 42.0463142395, -4.47626495361, 17.1040706635, 10.4291305542, -2.77127599716, -17.2626075745, -0.255558133125, -2.41350579262, 4.90614271164, 2.19351792336],
        "cov": [[3316.98022461, -306.325439453, -320.937164307, 22.4750061035, -307.276306152, -172.697052002, -245.755310059, -247.644561768, -218.916671753, 49.0770149231, -59.2648010254, 46.531867981, -12.4552555084], [-306.325439453, 555.078491211, 91.006401062, -183.71282959, -64.9928207397, -99.0456008911, 88.2376098633, 26.3938064575, -44.1171455383, -63.8103103638, 32.9918518066, -18.7304782867, 89.9197235107], [-320.937164307, 91.006401062, 324.713256836, -144.983734131, 25.4325332642, -131.90977478, -1.36193346977, 6.8247013092, 3.17384576797, -19.9176158905, 24.6162014008, -19.8846073151, 59.4955940247], [22.4750061035, -183.71282959, -144.983734131, 371.196136475, 151.834609985, 81.1315460205, -91.3840026855, -55.7463493347, 63.968952179, 27.6971130371, -34.7362442017, 1.93143522739, -52.5031089783], [-307.276306152, -64.9928207397, 25.4325332642, 151.834609985, 227.426269531, 1.41409015656, -35.4607963562, -11.6052484512, 57.6860198975, 6.29812431335, -11.0382299423, -38.2507400513, -10.4817991257], [-172.697052002, -99.0456008911, -131.90977478, 81.1315460205, 1.41409015656, 233.26802063, 50.9084815979, 58.9592971802, 30.7637329102, 16.0036411285, -18.7399463654, 23.968170166, -53.8345031738], [-245.755310059, 88.2376098633, -1.36193346977, -91.3840026855, -35.4607963562, 50.9084815979, 177.807357788, 58.8699798584, -18.4431362152, -22.8219223022, 16.3406925201, 24.7026119232, 4.13083028793], [-247.644561768, 26.3938064575, 6.8247013092, -55.7463493347, -11.6052484512, 58.9592971802, 58.8699798584, 110.309196472, 26.8587245941, 9.61557388306, 12.1216239929, -1.96683692932, -16.4817562103], [-218.916671753, -44.1171455383, 3.17384576797, 63.968952179, 57.6860198975, 30.7637329102, -18.4431362152, 26.8587245941, 116.390037537, 11.4072751999, 3.11461901665, -9.58499622345, -25.4947624207], [49.0770149231, -63.8103103638, -19.9176158905, 27.6971130371, 6.29812431335, 16.0036411285, -22.8219223022, 9.61557388306, 11.4072751999, 68.3884658813, 5.35251426697, -0.305842399597, -23.4958553314], [-59.2648010254, 32.9918518066, 24.6162014008, -34.7362442017, -11.0382299423, -18.7399463654, 16.3406925201, 12.1216239929, 3.11461901665, 5.35251426697, 56.3950119019, 2.21379375458, 9.29437160492], [46.531867981, -18.7304782867, -19.8846073151, 1.93143522739, -38.2507400513, 23.968170166, 24.7026119232, -1.96683692932, -9.58499622345, -0.305842399597, 2.21379375458, 79.879776001, -0.347144842148], [-12.4552555084, 89.9197235107, 59.4955940247, -52.5031089783, -10.4817991257, -53.8345031738, 4.13083028793, -16.4817562103, -25.4947624207, -23.4958553314, 9.29437160492, -0.347144842148, 71.3356170654]],
        "icov": [[0.000668005668558, 0.000404462800361, 0.000795530737378, 0.000148031365825, 0.000791910279077, 0.000716295908205, 0.000560598331504, 0.000647273904178, 0.0006661444786, -0.000225604060688, 0.00029425296816, -2.22759917961e-005, -4.84065276396e-005], [0.000404462800361, 0.00314797926694, 0.000847800110932, 0.000423844059696, 0.000832590216305, 0.00138170947321, -0.000693938403856, -0.00048742024228, 0.000310052535497, 0.00123241124675, -0.000333909381879, 0.000929760222789, -0.00263520213775], [0.000795530737378, 0.000847800110932, 0.00666927639395, 0.00284120254219, -0.001249349094, 0.00304707163014, 0.001170747797, -5.53926765861e-005, -0.000531193800271, 8.24217750051e-006, 9.60601246334e-005, -0.000626609486062, -0.00256831478328], [0.000148031365825, 0.000423844059696, 0.00284120254219, 0.00778851518407, -0.00445913523436, -0.00144960894249, 0.00232882983983, 0.00353029672988, -0.00171217834577, -0.000476080080261, 0.00074590172153, -0.00202546571381, 0.000910169386771], [0.000791910279077, 0.000832590216305, -0.001249349094, -0.00445913523436, 0.00955470465124, 0.00143981934525, -0.000871673983056, 0.00016628621961, -0.000922937004361, -0.000124387181131, 0.00079181662295, 0.00381004996598, -0.00102720211726], [0.000716295908205, 0.00138170947321, 0.00304707163014, -0.00144960894249, 0.00143981934525, 0.00948396604508, -0.00165709713474, -0.00380637170747, 6.30982394796e-005, 6.11378272879e-005, 0.00230570766144, -0.00108853343409, 0.00109742651694], [0.000560598331504, -0.000693938403856, 0.001170747797, 0.00232882983983, -0.000871673983056, -0.00165709713474, 0.0102891037241, -0.00269586546347, 0.00235611153767, 0.0027101917658, -0.00164361065254, -0.00307940342464, 0.0010467544198], [0.000647273904178, -0.00048742024228, -5.53926765861e-005, 0.00353029672988, 0.00016628621961, -0.00380637170747, -0.00269586546347, 0.0175603087991, -0.00342258205637, -0.00331859616563, -0.00103954598308, 0.00151387450751, 0.0025637105573], [0.0006661444786, 0.000310052535497, -0.000531193800271, -0.00171217834577, -0.000922937004361, 6.30982394796e-005, 0.00235611153767, -0.00342258205637, 0.013164408505, 0.000669185537845, -0.00170089164749, -3.74076989829e-005, 0.00303983362392], [-0.000225604060688, 0.00123241124675, 8.24217750051e-006, -0.000476080080261, -0.000124387181131, 6.11378272879e-005, 0.0027101917658, -0.00331859616563, 0.000669185537845, 0.0191284883767, -0.00386366085149, -0.000284929556074, 0.004195577465], [0.00029425296816, -0.000333909381879, 9.60601246334e-005, 0.00074590172153, 0.00079181662295, 0.00230570766144, -0.00164361065254, -0.00103954598308, -0.00170089164749, -0.00386366085149, 0.0210968907923, -0.000885990157258, -0.00198098085821], [-2.22759917961e-005, 0.000929760222789, -0.000626609486062, -0.00202546571381, 0.00381004996598, -0.00108853343409, -0.00307940342464, 0.00151387450751, -3.74076989829e-005, -0.000284929556074, -0.000885990157258, 0.0157946273685, -0.00179247441702], [-4.84065276396e-005, -0.00263520213775, -0.00256831478328, 0.000910169386771, -0.00102720211726, 0.00109742651694, 0.0010467544198, 0.0025637105573, 0.00303983362392, 0.004195577465, -0.00198098085821, -0.00179247441702, 0.0240700952709]]
    },
    "spectral_contrast_coeffs": {
        "mean": [-0.611632108688, -0.705185234547, -0.678303599358, -0.635423600674, -0.674729704857, -0.658888876438],
        "var": [0.00439331261441, 0.00502894353122, 0.00502260029316, 0.00394348520786, 0.00208696001209, 0.00385464192368]
    },
    "spectral_contrast_valleys": {
        "mean": [-7.37449741364, -6.89835357666, -7.66769266129, -8.24838066101, -8.07577800751, -12.1939945221],
        "var": [0.846026837826, 1.1072781086, 0.943043529987, 0.878134906292, 1.03983902931, 1.00139415264]
    }
},
"metadata": {
    "audio_properties": {
        "analysis_sample_rate": 44100,
        "bit_rate": 101076,
        "equal_loudness": 0,
        "length": 45.0612258911,
        "lossless": 0,
        "replay_gain": -5.34084892273,
        "sample_rate": 44100,
        "codec": "mp3",
        "downmix": "mix",
        "md5_encoded": "a147806488aa0661bc952c99e675121f"
    },
    "tags": {
        "file_name": "181.mp3"
    },
    "version": {
        "essentia": "2.1-beta2",
        "essentia_git_sha": "v2.1_beta2",
        "extractor": "music 1.0"
    }
},
"rhythm": {
    "beats_count": 80,
    "beats_loudness": {
        "mean": 0.0254647824913,
        "var": 0.000134152869578
    },
    "bpm": 100.937438965,
    "bpm_histogram_first_peak_bpm": {
        "mean": 99,
        "var": 0
    },
    "bpm_histogram_first_peak_spread": {
        "mean": 0.625,
        "var": 0
    },
    "bpm_histogram_first_peak_weight": {
        "mean": 0.151898726821,
        "var": 0
    },
    "bpm_histogram_second_peak_bpm": {
        "mean": 108,
        "var": 0
    },
    "bpm_histogram_second_peak_spread": {
        "mean": 0.5,
        "var": 0
    },
    "bpm_histogram_second_peak_weight": {
        "mean": 0.113924048841,
        "var": 0
    },
    "danceability": 0.809259414673,
    "onset_rate": 0.643278777599,
    "beats_loudness_band_ratio": {
        "mean": [0.294032782316, 0.207688555121, 0.153383761644, 0.273111522198, 0.119388952851, 0.0510922670364],
        "var": [0.0219905637205, 0.00967882759869, 0.0202910359949, 0.0280257426202, 0.00897180661559, 0.00267670233734]
    },
    "beats_position": [0.441179126501, 0.905578196049, 1.369977355, 1.83437633514, 2.29877543449, 2.76317453384, 3.21596360207, 3.66875267029, 4.12154197693, 4.57433080673, 5.02712011337, 5.47990942001, 5.92108821869, 6.3622674942, 6.80344676971, 7.24462556839, 7.67419481277, 8.10376358032, 8.54494285583, 9.0906124115, 9.63628101349, 10.1819496155, 10.7392292023, 11.2965078354, 11.8421764374, 12.387845993, 12.933514595, 13.4907932281, 14.0480718613, 14.6053514481, 15.1858501434, 15.7779588699, 16.3700675964, 16.9621772766, 17.5542850494, 18.1580047607, 18.7617225647, 19.3190021515, 19.8646717072, 20.4219493866, 20.9908390045, 21.5597267151, 22.1402263641, 22.7787742615, 23.4289340973, 24.0790920258, 24.7292518616, 25.37940979, 26.0295696259, 26.7609977722, 27.4924259186, 28.2122440338, 28.9088420868, 29.6170520782, 30.2323799133, 30.8593196869, 31.4630374908, 32.0667572021, 32.6704750061, 33.2741928101, 33.8663024902, 34.4584121704, 35.0505218506, 35.6542396545, 36.2347373962, 36.8152389526, 37.4073448181, 37.9878463745, 38.5683441162, 39.1256217957, 39.6829032898, 40.2634010315, 40.8438987732, 41.4243965149, 42.0281181335, 42.6318359375, 43.2355537415, 43.8392753601, 44.4313812256, 45.0234909058]
},
"tonal": {
    "chords_changes_rate": 0.0380658432841,
    "chords_number_rate": 0.00617283955216,
    "chords_strength": {
        "mean": 0.486052274704,
        "var": 0.00702371075749
    },
    "hpcp_entropy": {
        "mean": 2.16102027893,
        "var": 0.381267130375
    },
    "key_strength": 0.726929843426,
    "tuning_diatonic_strength": 0.587960004807,
    "tuning_equal_tempered_deviation": 0.147572830319,
    "tuning_frequency": 441.272583008,
    "tuning_nontempered_energy_ratio": 0.831242799759,
    "hpcp": {
        "mean": [0.223246112466, 0.131109192967, 0.095155082643, 0.0756971538067, 0.104818895459, 0.222976446152, 0.218982562423, 0.146447613835, 0.20069886744, 0.23124730587, 0.171831160784, 0.0857358053327, 0.0431699939072, 0.0626723319292, 0.337996304035, 0.539611160755, 0.283387154341, 0.0649025738239, 0.055049277842, 0.0612260811031, 0.0641428753734, 0.0795554295182, 0.205431982875, 0.330117642879, 0.213155597448, 0.0816667601466, 0.082618124783, 0.0695526599884, 0.164628595114, 0.585892677307, 0.590790510178, 0.162640050054, 0.0481512248516, 0.0551648773253, 0.0596960522234, 0.176734149456],
        "var": [0.0600247085094, 0.0300643481314, 0.0302048623562, 0.0193504150957, 0.0207439046353, 0.039563279599, 0.0524867624044, 0.0454314351082, 0.089320063591, 0.0846169218421, 0.0367903187871, 0.0159207526594, 0.0083051584661, 0.00898742116988, 0.0360987484455, 0.126002639532, 0.0563632808626, 0.0199530255049, 0.00732892565429, 0.00792121514678, 0.0138120772317, 0.0263077616692, 0.0276568494737, 0.0588510073721, 0.0509645342827, 0.0253071896732, 0.018455022946, 0.0179110374302, 0.0313969738781, 0.114150121808, 0.0796425193548, 0.0174943804741, 0.00813333969563, 0.00928942114115, 0.0107264490798, 0.041202917695]
    },
    "chords_histogram": [44.1358032227, 0.720164597034, 0, 16.7695465088, 0, 0, 0, 0, 0, 0, 17.0781898499, 0, 0, 0, 0, 0.823045253754, 0, 5.86419773102, 0, 4.83539104462, 0.411522626877, 0, 9.36213970184, 0],
    "thpcp": [1, 0.275292247534, 0.0815030410886, 0.093374684453, 0.101044364274, 0.299148589373, 0.377876937389, 0.221921622753, 0.161063998938, 0.1281285882, 0.177421420813, 0.37742048502, 0.370660245419, 0.247884169221, 0.339712411165, 0.391420155764, 0.29084956646, 0.145120486617, 0.0730715766549, 0.106082156301, 0.572108566761, 0.913371384144, 0.479674518108, 0.109857171774, 0.0931790173054, 0.103634163737, 0.108571268618, 0.134659290314, 0.347723901272, 0.558772742748, 0.360797256231, 0.138233020902, 0.139843344688, 0.117728129029, 0.278658151627, 0.991709709167],
    "chords_key": "G",
    "chords_scale": "major",
    "key_key": "G",
    "key_scale": "major"
}
}