{
"lowlevel": {
    "average_loudness": 0.966992914677,
    "barkbands_crest": {
        "mean": 9.75369167328,
        "var": 13.5050830841
    },
    "barkbands_flatness_db": {
        "mean": 0.127347111702,
        "var": 0.00100594677497
    },
    "barkbands_kurtosis": {
        "mean": 2.65467715263,
        "var": 11.6792078018
    },
    "barkbands_skewness": {
        "mean": 1.58761107922,
        "var": 0.543315529823
    },
    "barkbands_spread": {
        "mean": 22.6145038605,
        "var": 87.5916061401
    },
    "dissonance": {
        "mean": 0.465306162834,
        "var": 0.000438670394942
    },
    "dynamic_complexity": 1.31515955925,
    "erbbands_crest": {
        "mean": 8.20641136169,
        "var": 12.1616258621
    },
    "erbbands_flatness_db": {
        "mean": 0.153003543615,
        "var": 0.00113434845116
    },
    "erbbands_kurtosis": {
        "mean": -0.605900645256,
        "var": 0.70488601923
    },
    "erbbands_skewness": {
        "mean": 0.199809506536,
        "var": 0.324618846178
    },
    "erbbands_spread": {
        "mean": 44.9144325256,
        "var": 207.228775024
    },
    "hfc": {
        "mean": 22.7315940857,
        "var": 111.722122192
    },
    "melbands_crest": {
        "mean": 13.2097978592,
        "var": 22.0424003601
    },
    "melbands_flatness_db": {
        "mean": 0.190365701914,
        "var": 0.00172481499612
    },
    "melbands_kurtosis": {
        "mean": 11.3493213654,
        "var": 87.5940704346
    },
    "melbands_skewness": {
        "mean": 2.77481174469,
        "var": 1.19651699066
    },
    "melbands_spread": {
        "mean": 21.510881424,
        "var": 145.068496704
    },
    "pitch_salience": {
        "mean": 0.572370648384,
        "var": 0.0103237302974
    },
    "silence_rate_20dB": {
        "mean": 1,
        "var": 0
    },
    "silence_rate_30dB": {
        "mean": 1,
        "var": 0
    },
    "silence_rate_60dB": {
        "mean": 0.00154479919001,
        "var": 0.00154241069686
    },
    "spectral_centroid": {
        "mean": 1445.96008301,
        "var": 244674.671875
    },
    "spectral_complexity": {
        "mean": 24.089597702,
        "var": 60.8189468384
    },
    "spectral_decrease": {
        "mean": -8.63946247875e-009,
        "var": 2.45418647849e-017
    },
    "spectral_energy": {
        "mean": 0.0346692055464,
        "var": 0.000370369991288
    },
    "spectral_energyband_high": {
        "mean": 0.000755718676373,
        "var": 7.60358830121e-007
    },
    "spectral_energyband_low": {
        "mean": 0.0113515071571,
        "var": 0.00023345160298
    },
    "spectral_energyband_middle_high": {
        "mean": 0.00499997241423,
        "var": 8.477438314e-006
    },
    "spectral_energyband_middle_low": {
        "mean": 0.0185665134341,
        "var": 0.0001421237248
    },
    "spectral_entropy": {
        "mean": 7.52479600906,
        "var": 0.110147878528
    },
    "spectral_flux": {
        "mean": 0.0942956507206,
        "var": 0.00214172154665
    },
    "spectral_kurtosis": {
        "mean": 4.45898151398,
        "var": 5.02842903137
    },
    "spectral_rms": {
        "mean": 0.00560174696147,
        "var": 2.44391708293e-006
    },
    "spectral_rolloff": {
        "mean": 1338.45898438,
        "var": 1281381.625
    },
    "spectral_skewness": {
        "mean": 1.47995233536,
        "var": 0.113775275648
    },
    "spectral_spread": {
        "mean": 4325804,
        "var": 2.05777023795e+012
    },
    "spectral_strongpeak": {
        "mean": 0.820353090763,
        "var": 0.653633832932
    },
    "zerocrossingrate": {
        "mean": 0.0578635893762,
        "var": 0.000687169202138
    },
    "barkbands": {
        "mean": [0.000343584571965, 0.00791123323143, 0.00224367552437, 0.00235101557337, 0.00685029802844, 0.00301671796478, 0.00192783039529, 0.0017940797843, 0.00232725823298, 0.000654359871987, 0.000417276198277, 0.000324127089698, 0.000389538152376, 0.000424370198743, 0.00046253221808, 0.000524541945197, 0.000452555745142, 0.000520142144524, 0.000729498511646, 0.000403043115512, 0.000181607087143, 0.000109240318125, 9.16781937121e-005, 0.000136239570566, 6.24402964604e-005, 1.93621053768e-005, 9.40647169045e-007],
        "var": [5.81066046834e-007, 0.000169257007656, 9.88619012787e-006, 1.33639296109e-005, 5.38689055247e-005, 1.11575936899e-005, 3.79080097446e-006, 4.02532486987e-006, 9.18932255445e-006, 1.01112448192e-006, 3.28469610622e-007, 2.40484297365e-007, 4.06255850294e-007, 2.71262905471e-007, 3.33432694788e-007, 3.35621734848e-007, 2.46507994461e-007, 4.73950620972e-007, 5.46785031474e-007, 1.6001118297e-007, 5.09783042446e-008, 3.04339806689e-008, 2.25997602854e-008, 5.91336224431e-008, 6.92110413425e-009, 9.83733539073e-010, 3.97457544307e-012]
    },
    "erbbands": {
        "mean": [0.209720060229, 1.79196131229, 3.01660776138, 5.19292545319, 14.9235115051, 23.8542938232, 29.3411979675, 21.7274208069, 24.4014930725, 41.8839569092, 33.3989486694, 60.232963562, 28.9682598114, 15.8559560776, 16.8326034546, 15.1872358322, 18.8502368927, 24.3271694183, 15.9169311523, 32.1250953674, 28.3427028656, 24.5488128662, 25.2788639069, 37.8928527832, 34.8120269775, 19.825220108, 10.1029062271, 5.21510696411, 4.07379865646, 3.18777132034, 2.61810231209, 3.11748719215, 1.95296061039, 0.869370818138, 0.358501315117, 0.118014730513, 0.0285532120615, 0.00470710452646, 0.000132987930556, 4.52945605502e-005],
        "var": [0.185477137566, 8.06554222107, 15.9731693268, 41.6552009583, 388.81741333, 910.021911621, 1456.41564941, 535.815673828, 667.125305176, 2009.83679199, 1350.76721191, 6797.64697266, 1443.91162109, 586.271179199, 445.502716064, 496.654418945, 761.963195801, 889.59777832, 481.321990967, 1031.2310791, 892.739868164, 733.011474609, 754.610900879, 2552.49560547, 1038.70373535, 401.664733887, 164.88973999, 49.4247589111, 42.7430839539, 26.2500991821, 18.7477722168, 35.6751022339, 10.6040525436, 1.42969977856, 0.239473357797, 0.0357166603208, 0.00218958570622, 6.44170140731e-005, 4.80048214513e-008, 5.72839442547e-010]
    },
    "gfcc": {
        "mean": [29.1123332977, 94.7824630737, -123.290672302, 33.7687225342, -62.8062400818, -2.36641669273, -47.8536071777, 16.1649971008, -27.8016262054, 0.38141053915, -13.4374113083, -7.60132551193, -10.6226425171],
        "cov": [[2436.25268555, -153.565551758, 362.122070313, 370.894805908, 35.209197998, 297.096008301, 84.8265686035, 95.3648605347, -35.7076072693, 108.435798645, -84.8620376587, 27.3696804047, -102.771125793], [-153.565551758, 844.45300293, -26.8020782471, 101.899307251, 304.456817627, -35.7618522644, 239.176315308, 75.8591918945, 88.4601364136, -26.0005970001, 171.713165283, -38.4785728455, 65.7074813843], [362.122070313, -26.8020782471, 416.112854004, 256.897796631, 94.2498779297, 162.770507813, 60.1248016357, 62.8424530029, 47.1535224915, 70.2006454468, -38.6874847412, 43.0542106628, -13.1249198914], [370.894805908, 101.899307251, 256.897796631, 451.81942749, 160.004348755, 150.443527222, 125.077804565, 68.9944839478, 101.611679077, 66.8237380981, 24.3352394104, 8.3728761673, 31.7070713043], [35.209197998, 304.456817627, 94.2498779297, 160.004348755, 320.41784668, 73.0170516968, 148.806472778, 126.938079834, 66.2316894531, 70.1413269043, 75.2110443115, 11.5219707489, 40.0530319214], [297.096008301, -35.7618522644, 162.770507813, 150.443527222, 73.0170516968, 258.631530762, 113.458557129, 70.0643920898, 58.671710968, 59.2937240601, 0.111138910055, -1.2045545578, 3.24138379097], [84.8265686035, 239.176315308, 60.1248016357, 125.077804565, 148.806472778, 113.458557129, 266.157531738, 99.8501663208, 53.6096229553, 45.1619682312, 79.8827438354, 16.5685462952, 5.68510007858], [95.3648605347, 75.8591918945, 62.8424530029, 68.9944839478, 126.938079834, 70.0643920898, 99.8501663208, 157.263183594, 62.8964271545, 57.8388023376, 34.919254303, -1.07177686691, 16.4323406219], [-35.7076072693, 88.4601364136, 47.1535224915, 101.611679077, 66.2316894531, 58.671710968, 53.6096229553, 62.8964271545, 131.792999268, 53.3045387268, 24.4553718567, -6.56895446777, 33.213104248], [108.435798645, -26.0005970001, 70.2006454468, 66.8237380981, 70.1413269043, 59.2937240601, 45.1619682312, 57.8388023376, 53.3045387268, 102.798835754, 17.0303230286, 20.8573532104, 16.2059803009], [-84.8620376587, 171.713165283, -38.6874847412, 24.3352394104, 75.2110443115, 0.111138910055, 79.8827438354, 34.919254303, 24.4553718567, 17.0303230286, 120.623634338, 23.7924671173, 28.1286449432], [27.3696804047, -38.4785728455, 43.0542106628, 8.3728761673, 11.5219707489, -1.2045545578, 16.5685462952, -1.07177686691, -6.56895446777, 20.8573532104, 23.7924671173, 95.7824783325, 13.5760993958], [-102.771125793, 65.7074813843, -13.1249198914, 31.7070713043, 40.0530319214, 3.24138379097, 5.68510007858, 16.4323406219, 33.213104248, 16.2059803009, 28.1286449432, 13.5760993958, 78.0721130371]],
        "icov": [[0.000778037472628, -0.000869334384333, 0.000483031588374, -0.00106475211214, 0.00104692205787, -0.00112766865641, 0.000927259738091, -0.00117750756908, 0.00162698735949, -0.00150953885168, 0.000985852442682, -0.00101254845504, 0.00140157539863], [-0.000869334384333, 0.00634134421125, -0.00259297178127, 0.00275467918254, -0.00575658399612, 0.00427755294368, -0.00520027335733, 0.00458221230656, -0.00522864609957, 0.00679321866482, -0.00535888178274, 0.00548579310998, -0.00405508838594], [0.000483031588374, -0.00259297178127, 0.00681134639308, -0.00398186361417, 0.0018148397794, -0.00381399760954, 0.00315363705158, -0.00306588644162, 0.00277765397914, -0.00367989274673, 0.00479171890765, -0.00551010575145, 0.00403726287186], [-0.00106475211214, 0.00275467918254, -0.00398186361417, 0.00672320788726, -0.00386194116436, 0.00206798152067, -0.00351810711436, 0.00419278535992, -0.00523446174338, 0.00386409182101, -0.00310515216552, 0.00389473396353, -0.00398453511298], [0.00104692205787, -0.00575658399612, 0.0018148397794, -0.00386194116436, 0.0115978596732, -0.00323318992741, 0.00326290633529, -0.0074306097813, 0.0060941898264, -0.00778446998447, 0.00322959572077, -0.00417321408167, 0.00219255243428], [-0.00112766865641, 0.00427755294368, -0.00381399760954, 0.00206798152067, -0.00323318992741, 0.0101644136012, -0.00627428200096, 0.00305828358978, -0.00474382517859, 0.00339086679742, -0.00287898583338, 0.00544466916472, -0.00411094492301], [0.000927259738091, -0.00520027335733, 0.00315363705158, -0.00351810711436, 0.00326290633529, -0.00627428200096, 0.0121294185519, -0.00620442535728, 0.004385211505, -0.00485155452043, 0.000982282334007, -0.00589387305081, 0.00637795077637], [-0.00117750756908, 0.00458221230656, -0.00306588644162, 0.00419278535992, -0.0074306097813, 0.00305828358978, -0.00620442535728, 0.0161967501044, -0.0073831807822, 0.00262604607269, -0.00428536441177, 0.00589812453836, -0.00378270167857], [0.00162698735949, -0.00522864609957, 0.00277765397914, -0.00523446174338, 0.0060941898264, -0.00474382517859, 0.004385211505, -0.0073831807822, 0.0186306461692, -0.0106612984091, 0.00402646884322, -0.0024918303825, 0.000710089807399], [-0.00150953885168, 0.00679321866482, -0.00367989274673, 0.00386409182101, -0.00778446998447, 0.00339086679742, -0.00485155452043, 0.00262604607269, -0.0106612984091, 0.023818589747, -0.00594467623159, 0.0025855791755, -0.00495547987521], [0.000985852442682, -0.00535888178274, 0.00479171890765, -0.00310515216552, 0.00322959572077, -0.00287898583338, 0.000982282334007, -0.00428536441177, 0.00402646884322, -0.00594467623159, 0.0186758488417, -0.00822504237294, 0.00139023293741], [-0.00101254845504, 0.00548579310998, -0.00551010575145, 0.00389473396353, -0.00417321408167, 0.00544466916472, -0.00589387305081, 0.00589812453836, -0.0024918303825, 0.0025855791755, -0.00822504237294, 0.0190528966486, -0.00718162953854], [0.00140157539863, -0.00405508838594, 0.00403726287186, -0.00398453511298, 0.00219255243428, -0.00411094492301, 0.00637795077637, -0.00378270167857, 0.000710089807399, -0.00495547987521, 0.00139023293741, -0.00718162953854, 0.0212155301124]]
    },
    "melbands": {
        "mean": [0.00207446468994, 0.00193498726003, 0.00118815817405, 0.001432382036, 0.00106871814933, 0.000505657983012, 0.000371252681362, 0.000454662716947, 0.000285983056528, 0.000360783626093, 0.000133019275381, 6.23227679171e-005, 6.14130767644e-005, 3.72531030735e-005, 4.07051629736e-005, 3.86824904126e-005, 4.68879261462e-005, 2.31802441704e-005, 3.25242290273e-005, 4.48857208539e-005, 3.06873371301e-005, 2.45535029535e-005, 2.52005429502e-005, 2.29765573749e-005, 3.14162061841e-005, 2.74450212601e-005, 1.9614415578e-005, 1.1365197679e-005, 6.74601051287e-006, 4.10701932196e-006, 2.66941697191e-006, 2.31378476201e-006, 2.03026934287e-006, 1.63868708114e-006, 1.40037434448e-006, 1.73504338363e-006, 1.96834662347e-006, 1.46297190895e-006, 9.97040501716e-007, 6.40211737846e-007],
        "var": [1.36733342515e-005, 6.9167390393e-006, 2.20665924644e-006, 2.69887937066e-006, 1.57879890139e-006, 2.82984302657e-007, 1.45022085007e-007, 2.36355532479e-007, 9.67713091882e-008, 2.39754797349e-007, 3.63683412274e-008, 1.12167581889e-008, 7.04676006436e-009, 3.02441049982e-009, 3.26460369848e-009, 4.00505051346e-009, 3.39724959275e-009, 1.1649707865e-009, 1.73559400185e-009, 1.87340010172e-009, 1.27516297521e-009, 1.02472286212e-009, 8.42587000172e-010, 8.14306677643e-010, 2.14074424854e-009, 9.65791224772e-010, 3.41187911257e-010, 1.86201914998e-010, 8.8108298435e-011, 2.84676813372e-011, 1.61119676628e-011, 1.53046585821e-011, 1.06280765438e-011, 7.61576305491e-012, 5.44089122714e-012, 1.10832124728e-011, 1.47501559578e-011, 6.49384842774e-012, 2.32124280734e-012, 7.67992386266e-013]
    },
    "mfcc": {
        "mean": [-610.647277832, 122.454467773, -4.71326875687, 28.8802967072, 5.48543024063, -16.3802623749, -2.88873243332, -3.28985476494, -6.37413024902, 6.10194015503, -4.82347106934, -2.16899108887, -4.28249597549],
        "cov": [[1718.00830078, -287.780029297, 347.102600098, 149.106719971, 70.6310653687, 255.200485229, 145.723983765, 94.3167800903, 92.2945251465, 67.1583175659, 94.291229248, 17.5390033722, 4.48127317429], [-287.780029297, 797.394165039, -227.027786255, 128.61668396, 67.5496368408, -49.4366874695, 167.077041626, 91.3870544434, -5.6949224472, 66.7507858276, 15.1703901291, 71.4630432129, 55.1193618774], [347.102600098, -227.027786255, 405.952453613, 98.1170501709, 59.7564735413, 164.274276733, -0.506720721722, 48.1008338928, 82.1876907349, 8.80094718933, 45.3406944275, 16.3534069061, 5.00017356873], [149.106719971, 128.61668396, 98.1170501709, 355.100341797, 124.382354736, 101.517524719, 87.0674819946, 74.3669204712, 78.2284011841, 55.8255653381, 49.8220405579, 55.3162193298, 65.8860778809], [70.6310653687, 67.5496368408, 59.7564735413, 124.382354736, 223.272323608, 53.0019645691, 46.6498908997, 25.7308921814, 83.3702468872, 69.1788482666, 22.8264846802, 36.5203132629, 44.2268600464], [255.200485229, -49.4366874695, 164.274276733, 101.517524719, 53.0019645691, 218.830276489, 84.2875442505, 64.0399169922, 82.186126709, 34.5005073547, 61.1628608704, 47.6474952698, 17.0894489288], [145.723983765, 167.077041626, -0.506720721722, 87.0674819946, 46.6498908997, 84.2875442505, 229.523651123, 100.247428894, 54.9698524475, 65.3862915039, 60.2233543396, 67.966506958, 38.1201591492], [94.3167800903, 91.3870544434, 48.1008338928, 74.3669204712, 25.7308921814, 64.0399169922, 100.247428894, 129.859313965, 43.3080329895, 31.7051525116, 48.9778594971, 45.4609069824, 34.1295089722], [92.2945251465, -5.6949224472, 82.1876907349, 78.2284011841, 83.3702468872, 82.186126709, 54.9698524475, 43.3080329895, 154.859451294, 80.6030654907, 50.1258773804, 53.2954788208, 17.51304245], [67.1583175659, 66.7507858276, 8.80094718933, 55.8255653381, 69.1788482666, 34.5005073547, 65.3862915039, 31.7051525116, 80.6030654907, 131.410354614, 45.9115219116, 51.2152328491, 17.8729248047], [94.291229248, 15.1703901291, 45.3406944275, 49.8220405579, 22.8264846802, 61.1628608704, 60.2233543396, 48.9778594971, 50.1258773804, 45.9115219116, 106.841812134, 43.6497001648, 5.51168823242], [17.5390033722, 71.4630432129, 16.3534069061, 55.3162193298, 36.5203132629, 47.6474952698, 67.966506958, 45.4609069824, 53.2954788208, 51.2152328491, 43.6497001648, 102.719039917, 31.7560119629], [4.48127317429, 55.1193618774, 5.00017356873, 65.8860778809, 44.2268600464, 17.0894489288, 38.1201591492, 34.1295089722, 17.51304245, 17.8729248047, 5.51168823242, 31.7560119629, 82.668800354]],
        "icov": [[0.000849383766763, 0.000326304987539, -0.000387881678762, -0.00016362821043, -2.97859987768e-005, -0.000434757617768, -0.000604297034442, -0.000107348663732, 0.000369967572624, -0.000443592987722, -8.58214916661e-005, 0.000450845283922, 0.000169109000126], [0.000326304987539, 0.00233504339121, 0.00111123232637, -0.000812508224044, -0.000537961663213, 0.000354735617293, -0.00114014232531, -0.00123899511527, 0.000850021198858, -0.000533924496267, 0.00045727705583, -0.000578121631406, 0.000384448358091], [-0.000387881678762, 0.00111123232637, 0.00504584144801, -0.000685506383888, -0.000718096853234, -0.00246936781332, 0.00143249647226, -0.00174540199805, -0.000827345473226, 0.000782220333349, -4.7710724175e-005, -6.97651648807e-006, 0.000487951183459], [-0.00016362821043, -0.000812508224044, -0.000685506383888, 0.00462074717507, -0.0013402949553, -0.000833228812553, 0.000180923074367, -0.000329816015437, -0.000423707562732, 0.000205389456823, -0.000630067719612, 0.000142615885125, -0.00211600540206], [-2.97859987768e-005, -0.000537961663213, -0.000718096853234, -0.0013402949553, 0.0072100283578, -3.42742605426e-005, -3.10094437737e-005, 0.00143737730104, -0.00237745791674, -0.00193489063531, 0.000652592920233, 0.000698958872817, -0.00234740879387], [-0.000434757617768, 0.000354735617293, -0.00246936781332, -0.000833228812553, -3.42742605426e-005, 0.00956744514406, -0.00230406341143, -0.000286753464025, -0.00208096043207, 0.00150387303438, -0.00142002152279, -0.00134096690454, 0.000547343573999], [-0.000604297034442, -0.00114014232531, 0.00143249647226, 0.000180923074367, -3.10094437737e-005, -0.00230406341143, 0.00929510686547, -0.00412848871201, 0.000162328884471, -0.00143290287815, -0.000835866841953, -0.00149497343227, -0.00062131555751], [-0.000107348663732, -0.00123899511527, -0.00174540199805, -0.000329816015437, 0.00143737730104, -0.000286753464025, -0.00412848871201, 0.014849903062, -0.00132179819047, 0.00123980769422, -0.00298792053945, -0.000516930129379, -0.00332660414279], [0.000369967572624, 0.000850021198858, -0.000827345473226, -0.000423707562732, -0.00237745791674, -0.00208096043207, 0.000162328884471, -0.00132179819047, 0.0134013835341, -0.00561828166246, -0.000704244070221, -0.0022489100229, 0.00126034428831], [-0.000443592987722, -0.000533924496267, 0.000782220333349, 0.000205389456823, -0.00193489063531, 0.00150387303438, -0.00143290287815, 0.00123980769422, -0.00561828166246, 0.0143523067236, -0.00265052984469, -0.00260805990547, 0.000308001559461], [-8.58214916661e-005, 0.00045727705583, -4.7710724175e-005, -0.000630067719612, 0.000652592920233, -0.00142002152279, -0.000835866841953, -0.00298792053945, -0.000704244070221, -0.00265052984469, 0.0147891929373, -0.00308334361762, 0.00268884235993], [0.000450845283922, -0.000578121631406, -6.97651648807e-006, 0.000142615885125, 0.000698958872817, -0.00134096690454, -0.00149497343227, -0.000516930129379, -0.0022489100229, -0.00260805990547, -0.00308334361762, 0.0166160855442, -0.00408314401284], [0.000169109000126, 0.000384448358091, 0.000487951183459, -0.00211600540206, -0.00234740879387, 0.000547343573999, -0.00062131555751, -0.00332660414279, 0.00126034428831, 0.000308001559461, 0.00268884235993, -0.00408314401284, 0.0173460692167]]
    },
    "spectral_contrast_coeffs": {
        "mean": [-0.576885402203, -0.710205316544, -0.7361779809, -0.754780650139, -0.745219647884, -0.777948617935],
        "var": [0.0122282244265, 0.00393922161311, 0.00348253198899, 0.00207661418244, 0.0023809117265, 0.00101283553522]
    },
    "spectral_contrast_valleys": {
        "mean": [-7.33161878586, -6.26510667801, -7.22415113449, -7.56468677521, -7.25130081177, -9.90332889557],
        "var": [1.56664550304, 0.504321992397, 0.473785758018, 0.442931860685, 0.533182680607, 0.784892141819]
    }
},
"metadata": {
    "audio_properties": {
        "analysis_sample_rate": 44100,
        "bit_rate": 128074,
        "equal_loudness": 0,
        "length": 45.0612258911,
        "lossless": 0,
        "replay_gain": -4.60235023499,
        "sample_rate": 44100,
        "codec": "mp3",
        "downmix": "mix",
        "md5_encoded": "c965cda6159a23850391297a5330d111"
    },
    "tags": {
        "file_name": "1811.mp3"
    },
    "version": {
        "essentia": "2.1-beta2",
        "essentia_git_sha": "v2.1_beta2",
        "extractor": "music 1.0"
    }
},
"rhythm": {
    "beats_count": 90,
    "beats_loudness": {
        "mean": 0.0431717298925,
        "var": 0.000119432996144
    },
    "bpm": 121.916389465,
    "bpm_histogram_first_peak_bpm": {
        "mean": 123,
        "var": 0
    },
    "bpm_histogram_first_peak_spread": {
        "mean": 0.395061761141,
        "var": 0
    },
    "bpm_histogram_first_peak_weight": {
        "mean": 0.550561785698,
        "var": 0
    },
    "bpm_histogram_second_peak_bpm": {
        "mean": 112,
        "var": 0
    },
    "bpm_histogram_second_peak_spread": {
        "mean": 0.400000035763,
        "var": 0
    },
    "bpm_histogram_second_peak_weight": {
        "mean": 0.0337078645825,
        "var": 0
    },
    "danceability": 1.22227597237,
    "onset_rate": 3.81530880928,
    "beats_loudness_band_ratio": {
        "mean": [0.437975436449, 0.267705738544, 0.156869232655, 0.0529074557126, 0.0747990310192, 0.0593172647059],
        "var": [0.0471039824188, 0.0291154440492, 0.00990388169885, 0.00314008165151, 0.00225844210945, 0.00126458494924]
    },
    "beats_position": [0.46439909935, 0.952018141747, 1.43963718414, 1.92725622654, 2.41487526894, 2.91410422325, 3.40172338486, 3.88934230804, 4.38857126236, 4.88780021667, 5.38702917099, 5.88625860214, 6.37387752533, 6.87310647964, 7.36072540283, 7.84834432602, 8.34757328033, 8.83519268036, 9.33442115784, 9.83365058899, 10.321269989, 10.8088884354, 11.3081178665, 11.7957363129, 12.2833557129, 12.7709751129, 13.2585935593, 13.7578229904, 14.2570514679, 14.7446708679, 15.2322902679, 15.7315187454, 16.2307472229, 16.7183666229, 17.2059860229, 17.7052154541, 18.1928348541, 18.6920623779, 19.179681778, 19.6789112091, 20.1781406403, 20.6657600403, 21.153377533, 21.640996933, 22.1402263641, 22.6394557953, 23.1270751953, 23.614692688, 24.102312088, 24.589931488, 25.1007709503, 25.6116104126, 26.1340579987, 26.6681175232, 27.2021770477, 27.7362346649, 28.2586841583, 28.7695236206, 29.2571430206, 29.7447605133, 30.2323799133, 30.7199993134, 31.2192287445, 31.7068481445, 32.2060775757, 32.6936950684, 33.1813163757, 33.6805419922, 34.1797714233, 34.6673927307, 35.1550102234, 35.6426315308, 36.1418571472, 36.6410865784, 37.1287078857, 37.6163253784, 38.1039466858, 38.6031723022, 39.1024017334, 39.5900230408, 40.0776405334, 40.5768699646, 41.0760993958, 41.5637168884, 42.0513381958, 42.5389556885, 43.0265769958, 43.5141944885, 44.0134239197, 44.5126533508]
},
"tonal": {
    "chords_changes_rate": 0.0534979440272,
    "chords_number_rate": 0.0102880662307,
    "chords_strength": {
        "mean": 0.518325567245,
        "var": 0.00846692267805
    },
    "hpcp_entropy": {
        "mean": 1.86769115925,
        "var": 0.566497266293
    },
    "key_strength": 0.71010518074,
    "tuning_diatonic_strength": 0.569732546806,
    "tuning_equal_tempered_deviation": 0.0793377608061,
    "tuning_frequency": 439.238189697,
    "tuning_nontempered_energy_ratio": 0.693370997906,
    "hpcp": {
        "mean": [0.198795184493, 0.143790826201, 0.0926534384489, 0.085826613009, 0.0820879414678, 0.136795893312, 0.22941800952, 0.197148025036, 0.186862140894, 0.244819462299, 0.188084855676, 0.114617779851, 0.0828659310937, 0.0718901231885, 0.112383589149, 0.161205500364, 0.129925847054, 0.0675442367792, 0.048941578716, 0.0622643604875, 0.169905394316, 0.303664982319, 0.244028151035, 0.191457852721, 0.191059052944, 0.0990982875228, 0.0707865655422, 0.0912118256092, 0.0831330791116, 0.140812173486, 0.202947795391, 0.127717167139, 0.0880630835891, 0.104618787766, 0.082853846252, 0.140312001109],
        "var": [0.0847044363618, 0.0440556146204, 0.0372360832989, 0.0383567027748, 0.0375607535243, 0.0439397618175, 0.0851055383682, 0.059579808265, 0.0554651804268, 0.0888416394591, 0.0624626092613, 0.0457792952657, 0.0253150258213, 0.0238892957568, 0.0420654155314, 0.0701441988349, 0.0528669171035, 0.0195340905339, 0.013705314137, 0.021062232554, 0.0487858392298, 0.123504012823, 0.0824487656355, 0.0748280882835, 0.106151163578, 0.0344593450427, 0.0244977399707, 0.0298214312643, 0.0235492214561, 0.0425250269473, 0.086302921176, 0.0311806183308, 0.0303583052009, 0.0552778765559, 0.0254652667791, 0.0461136475205]
    },
    "chords_histogram": [27.0576133728, 3.18930029869, 9.46502017975, 3.60082316399, 3.60082316399, 0, 0.205761313438, 0, 12.551440239, 0, 0, 0, 0, 0, 0, 0, 0, 3.29218101501, 0, 0.617283940315, 0.720164597034, 1.54320991039, 11.2139921188, 22.9423866272],
    "thpcp": [1, 0.803609788418, 0.630490362644, 0.629177093506, 0.326340854168, 0.233107432723, 0.300369918346, 0.273765772581, 0.46370896697, 0.668327927589, 0.420585751534, 0.290000796318, 0.344520419836, 0.272846221924, 0.462061852217, 0.654652953148, 0.473517984152, 0.305117309093, 0.282635867596, 0.270324021578, 0.450482934713, 0.755497097969, 0.649228692055, 0.615356266499, 0.806215643883, 0.619382739067, 0.377448141575, 0.272886037827, 0.236741557717, 0.370090723038, 0.530866265297, 0.427859157324, 0.222430109978, 0.16116964817, 0.205042943358, 0.559515953064],
    "chords_key": "C",
    "chords_scale": "major",
    "key_key": "C",
    "key_scale": "major"
}
}