{
"lowlevel": {
    "average_loudness": 0.965755164623,
    "barkbands_crest": {
        "mean": 10.6189413071,
        "var": 19.3171901703
    },
    "barkbands_flatness_db": {
        "mean": 0.143000736833,
        "var": 0.00375007023104
    },
    "barkbands_kurtosis": {
        "mean": 3.32415747643,
        "var": 46.5221939087
    },
    "barkbands_skewness": {
        "mean": 1.41469800472,
        "var": 1.14712798595
    },
    "barkbands_spread": {
        "mean": 27.1210346222,
        "var": 376.595397949
    },
    "dissonance": {
        "mean": 0.451230496168,
        "var": 0.00119812006596
    },
    "dynamic_complexity": 2.7298386097,
    "erbbands_crest": {
        "mean": 9.54896259308,
        "var": 18.387588501
    },
    "erbbands_flatness_db": {
        "mean": 0.154097750783,
        "var": 0.00256189727224
    },
    "erbbands_kurtosis": {
        "mean": 0.35523211956,
        "var": 4.1743388176
    },
    "erbbands_skewness": {
        "mean": 0.308115512133,
        "var": 0.701957941055
    },
    "erbbands_spread": {
        "mean": 43.3441429138,
        "var": 554.634521484
    },
    "hfc": {
        "mean": 24.622177124,
        "var": 451.872833252
    },
    "melbands_crest": {
        "mean": 14.068564415,
        "var": 22.5321216583
    },
    "melbands_flatness_db": {
        "mean": 0.205813661218,
        "var": 0.0059403362684
    },
    "melbands_kurtosis": {
        "mean": 13.5776510239,
        "var": 451.024993896
    },
    "melbands_skewness": {
        "mean": 2.65563082695,
        "var": 3.04901838303
    },
    "melbands_spread": {
        "mean": 24.6787757874,
        "var": 342.386444092
    },
    "pitch_salience": {
        "mean": 0.497837424278,
        "var": 0.0144561221823
    },
    "silence_rate_20dB": {
        "mean": 1,
        "var": 0
    },
    "silence_rate_30dB": {
        "mean": 0.981462419033,
        "var": 0.0181937571615
    },
    "silence_rate_60dB": {
        "mean": 0.00669412966818,
        "var": 0.00664932886139
    },
    "spectral_centroid": {
        "mean": 1386.75158691,
        "var": 495093.59375
    },
    "spectral_complexity": {
        "mean": 18.1894950867,
        "var": 103.945030212
    },
    "spectral_decrease": {
        "mean": -6.93983137623e-009,
        "var": 4.44622483265e-017
    },
    "spectral_energy": {
        "mean": 0.0284258592874,
        "var": 0.000683390535414
    },
    "spectral_energyband_high": {
        "mean": 0.00135073019192,
        "var": 4.22447237725e-006
    },
    "spectral_energyband_low": {
        "mean": 0.00959454383701,
        "var": 0.000347402325133
    },
    "spectral_energyband_middle_high": {
        "mean": 0.00492298230529,
        "var": 2.75474594673e-005
    },
    "spectral_energyband_middle_low": {
        "mean": 0.0130755351856,
        "var": 0.000259866559645
    },
    "spectral_entropy": {
        "mean": 7.50782775879,
        "var": 0.356926858425
    },
    "spectral_flux": {
        "mean": 0.0723633021116,
        "var": 0.00385709363036
    },
    "spectral_kurtosis": {
        "mean": 4.58035755157,
        "var": 15.8632383347
    },
    "spectral_rms": {
        "mean": 0.00492444913834,
        "var": 3.482362672e-006
    },
    "spectral_rolloff": {
        "mean": 1773.45910645,
        "var": 4105738
    },
    "spectral_skewness": {
        "mean": 1.59786903858,
        "var": 0.360490083694
    },
    "spectral_spread": {
        "mean": 5369815.5,
        "var": 5.72298100736e+012
    },
    "spectral_strongpeak": {
        "mean": 1.04847514629,
        "var": 1.2878164053
    },
    "zerocrossingrate": {
        "mean": 0.0683256834745,
        "var": 0.00229822634719
    },
    "barkbands": {
        "mean": [0.00016993425379, 0.00675959186628, 0.00219200947322, 0.00169329799246, 0.00293081649579, 0.00210280716419, 0.00199079187587, 0.002370264614, 0.00191628467292, 0.000614911259618, 0.000624134612735, 0.000611043418758, 0.00052147579845, 0.000419134041294, 0.000371021829778, 0.000511914549861, 0.000474918197142, 0.000333466246957, 0.000317803118378, 0.000244442169787, 0.000254634884186, 0.000199154877919, 0.000206926531973, 0.000350502348738, 0.000198613241082, 4.46107915195e-005, 1.36582616506e-006],
        "var": [2.42668448891e-007, 0.000240300156293, 1.39248240885e-005, 4.92395556648e-005, 3.79511911888e-005, 1.05526523839e-005, 8.4445828179e-006, 1.59672290465e-005, 1.20076265375e-005, 1.86922409284e-006, 2.45133514909e-006, 1.56322039402e-006, 1.80852339327e-006, 4.94444236665e-007, 3.25563917158e-007, 9.0882161885e-007, 6.25376344487e-007, 3.685292711e-007, 2.59690182247e-007, 1.2576290942e-007, 2.15995356712e-007, 1.26515999455e-007, 1.50836896751e-007, 5.05705031628e-007, 1.24518010125e-007, 5.51302603569e-009, 1.00124093044e-011]
    },
    "erbbands": {
        "mean": [0.152394816279, 1.63054776192, 3.10891246796, 3.50047039986, 10.0290956497, 9.22638034821, 10.3341503143, 19.2926197052, 32.8791427612, 23.7437000275, 58.9076499939, 43.4096107483, 22.9864444733, 28.5684776306, 18.6870613098, 25.4316082001, 23.5167388916, 20.8907699585, 22.9368934631, 20.2835121155, 30.0930290222, 27.4525814056, 21.4967155457, 13.2775602341, 16.7954158783, 12.4459886551, 11.1166849136, 7.99759626389, 7.21123981476, 6.51739645004, 6.01802539825, 7.03037405014, 5.60486650467, 2.87682199478, 1.10843968391, 0.301308304071, 0.0649370551109, 0.00820621196181, 0.000215016538277, 4.48335813417e-005],
        "var": [0.153441220522, 13.1090354919, 28.245344162, 99.5158691406, 1123.30981445, 208.720809937, 383.974487305, 700.003540039, 2393.33813477, 1152.22570801, 7866.25195313, 7112.61328125, 1343.25915527, 5178.22900391, 1083.55029297, 3302.98242188, 3101.52246094, 1345.75476074, 962.414978027, 835.921203613, 3039.71557617, 1802.10754395, 1248.69262695, 377.657836914, 697.205444336, 331.371948242, 423.559417725, 175.429244995, 167.355361938, 154.334320068, 135.335632324, 234.891189575, 120.772232056, 27.500333786, 3.79362010956, 0.260632097721, 0.011717505753, 0.000213554652873, 1.39524246379e-007, 1.43882761261e-009]
    },
    "gfcc": {
        "mean": [6.05152368546, 91.5657424927, -109.153961182, 34.709487915, -57.4932327271, 18.1725769043, -43.1445960999, 22.6273479462, -17.4688262939, 5.69071578979, -10.1097860336, -2.27433133125, -6.41110277176],
        "cov": [[5920.51318359, -1926.16552734, -137.160675049, 142.945770264, -823.804748535, 260.809753418, -421.885925293, 66.3973083496, -511.267669678, 139.384674072, -388.335418701, -81.9867630005, -598.705627441], [-1926.16552734, 2153.97924805, -636.247558594, -357.746429443, 592.750915527, -393.108276367, 247.338241577, -42.5300254822, 263.217437744, -240.077331543, 307.048583984, -128.600875854, 290.082855225], [-137.160675049, -636.247558594, 735.782836914, 201.234741211, -172.699707031, 183.471359253, -106.044204712, -2.96774291992, -30.4082374573, 114.567054749, -82.4498519897, 100.035102844, -25.0037536621], [142.945770264, -357.746429443, 201.234741211, 396.185180664, 22.0499210358, 20.9475345612, -24.7919940948, -26.1855869293, 27.3604736328, 46.1723327637, -94.0056838989, 2.71722340584, 14.6290283203], [-823.804748535, 592.750915527, -172.699707031, 22.0499210358, 478.915618896, -92.0314559937, 120.531707764, 60.1364021301, 133.850753784, -48.2644996643, 27.2896995544, -63.4740028381, 125.185493469], [260.809753418, -393.108276367, 183.471359253, 20.9475345612, -92.0314559937, 241.174179077, 27.6364974976, 15.0884971619, -47.2453041077, 45.3422088623, -40.7717971802, 37.0347938538, -50.9943275452], [-421.885925293, 247.338241577, -106.044204712, -24.7919940948, 120.531707764, 27.6364974976, 256.604766846, 5.04444408417, 31.3827972412, -12.8575029373, 29.1169986725, 7.94234275818, 49.0106391907], [66.3973083496, -42.5300254822, -2.96774291992, -26.1855869293, 60.1364021301, 15.0884971619, 5.04444408417, 165.535614014, 46.3216934204, 8.04623222351, -9.87330818176, -27.6699638367, -12.7257509232], [-511.267669678, 263.217437744, -30.4082374573, 27.3604736328, 133.850753784, -47.2453041077, 31.3827972412, 46.3216934204, 155.718292236, -2.35255861282, 38.4094696045, -19.1374340057, 73.0673599243], [139.384674072, -240.077331543, 114.567054749, 46.1723327637, -48.2644996643, 45.3422088623, -12.8575029373, 8.04623222351, -2.35255861282, 113.801170349, -10.5919036865, 22.0055484772, -25.5585918427], [-388.335418701, 307.048583984, -82.4498519897, -94.0056838989, 27.2896995544, -40.7717971802, 29.1169986725, -9.87330818176, 38.4094696045, -10.5919036865, 154.794143677, 29.2400169373, 54.6883239746], [-81.9867630005, -128.600875854, 100.035102844, 2.71722340584, -63.4740028381, 37.0347938538, 7.94234275818, -27.6699638367, -19.1374340057, 22.0055484772, 29.2400169373, 127.430656433, 33.5938529968], [-598.705627441, 290.082855225, -25.0037536621, 14.6290283203, 125.185493469, -50.9943275452, 49.0106391907, -12.7257509232, 73.0673599243, -25.5585918427, 54.6883239746, 33.5938529968, 152.29888916]],
        "icov": [[0.000593588978518, -0.000330519367708, 0.000888437149115, -0.000770857266616, 0.000731517036911, -0.000692875124514, 0.000850481970701, -0.000927800196223, 0.00131061545108, -0.0008295327425, 0.000978203606792, -0.000464538286906, 0.000981628894806], [-0.000330519367708, 0.00395592115819, -0.000995720736682, 0.00303737656213, -0.00261704204604, 0.00330359418876, -0.00230336911045, 0.00321273575537, -0.00328340590931, 0.00404352182522, -0.00423498312011, 0.00337986717932, -0.00199336349033], [0.000888437149115, -0.000995720736682, 0.00403330288827, -0.00236591068096, 0.0017607487971, -0.00297731929459, 0.00258904369548, -0.00195134442765, 0.00198934739456, -0.00294550368562, 0.00262831756845, -0.00244722515345, 0.000985411228612], [-0.000770857266616, 0.00303737656213, -0.00236591068096, 0.00665407674387, -0.00279556517489, 0.00327984290197, -0.00235455972143, 0.00424755457789, -0.00461699534208, 0.00254563451745, -0.00133098277729, 0.00293489685282, -0.00286166346632], [0.000731517036911, -0.00261704204604, 0.0017607487971, -0.00279556517489, 0.00627971626818, -0.00213237199932, 0.000878246268257, -0.00377139588818, 0.00179385987576, -0.00281147519127, 0.00389757845551, -0.000584809167776, -0.000658556295093], [-0.000692875124514, 0.00330359418876, -0.00297731929459, 0.00327984290197, -0.00213237199932, 0.00969057716429, -0.00440473202616, 0.00228312681429, -0.00259050051682, 0.00314272078685, -0.00325571093708, 0.00205450784415, -0.000728137558326], [0.000850481970701, -0.00230336911045, 0.00258904369548, -0.00235455972143, 0.000878246268257, -0.00440473202616, 0.00746350968257, -0.00231191096827, 0.00297546712682, -0.00322497892193, 0.00296312221326, -0.00300709228031, 0.00122063199524], [-0.000927800196223, 0.00321273575537, -0.00195134442765, 0.00424755457789, -0.00377139588818, 0.00228312681429, -0.00231191096827, 0.0112298168242, -0.00698937335983, 0.00334866764024, -0.00319736241363, 0.00340007198974, -0.000634813855868], [0.00131061545108, -0.00328340590931, 0.00198934739456, -0.00461699534208, 0.00179385987576, -0.00259050051682, 0.00297546712682, -0.00698937335983, 0.0164680294693, -0.00561739504337, 0.00212755496614, -0.000731169304345, -0.00115340633783], [-0.0008295327425, 0.00404352182522, -0.00294550368562, 0.00254563451745, -0.00281147519127, 0.00314272078685, -0.00322497892193, 0.00334866764024, -0.00561739504337, 0.0161538049579, -0.00589980557561, 0.00212797732092, 4.51653140772e-005], [0.000978203606792, -0.00423498312011, 0.00262831756845, -0.00133098277729, 0.00389757845551, -0.00325571093708, 0.00296312221326, -0.00319736241363, 0.00212755496614, -0.00589980557561, 0.0155728040263, -0.00608948012814, 0.000697032548487], [-0.000464538286906, 0.00337986717932, -0.00244722515345, 0.00293489685282, -0.000584809167776, 0.00205450784415, -0.00300709228031, 0.00340007198974, -0.000731169304345, 0.00212797732092, -0.00608948012814, 0.0156425051391, -0.00708289910108], [0.000981628894806, -0.00199336349033, 0.000985411228612, -0.00286166346632, -0.000658556295093, -0.000728137558326, 0.00122063199524, -0.000634813855868, -0.00115340633783, 4.51653140772e-005, 0.000697032548487, -0.00708289910108, 0.016382990405]]
    },
    "melbands": {
        "mean": [0.00165797048248, 0.00189109880012, 0.000856418337207, 0.000748549296986, 0.000346066139173, 0.000454515567981, 0.000457745511085, 0.00032022112282, 0.000465598714072, 0.000264496047748, 0.000108655716758, 0.000115162401926, 7.11315369699e-005, 6.60727819195e-005, 5.50173572265e-005, 5.50915574422e-005, 3.68563996744e-005, 3.88204571209e-005, 2.63050769718e-005, 3.15483848681e-005, 3.36845150741e-005, 2.77764193015e-005, 2.4991313694e-005, 1.48145545609e-005, 9.51892070589e-006, 1.40500305861e-005, 1.011130189e-005, 7.37267237128e-006, 6.41963924863e-006, 7.06272294337e-006, 3.71341479877e-006, 4.00092449127e-006, 3.92609672417e-006, 3.48982689502e-006, 3.31806518261e-006, 3.69232293451e-006, 4.59719240098e-006, 4.17119190388e-006, 3.05885168927e-006, 2.21526306632e-006],
        "var": [1.60367580975e-005, 1.22955725601e-005, 7.94204152044e-006, 2.74635772257e-006, 3.45724828321e-007, 3.69355859675e-007, 4.16484994048e-007, 2.85775229258e-007, 5.13102634159e-007, 2.95154592322e-007, 3.42600365855e-008, 7.92310430597e-008, 2.2034488012e-008, 1.57336437212e-008, 4.53817889934e-008, 1.68431597558e-008, 4.72548755681e-009, 3.06834313513e-009, 1.82787540659e-009, 3.45884854092e-009, 3.93457311176e-009, 2.73784950267e-009, 1.73590819497e-009, 7.60605800565e-010, 2.3434743035e-010, 6.79855838293e-010, 2.11155440355e-010, 1.25242885507e-010, 1.10645326235e-010, 2.53794540939e-010, 3.97892378767e-011, 5.43285590127e-011, 5.48447051663e-011, 4.64546040524e-011, 4.18715652428e-011, 6.54608520168e-011, 1.04723930916e-010, 6.94711579929e-011, 3.87367117549e-011, 1.56351719766e-011]
    },
    "mfcc": {
        "mean": [-637.922058105, 118.444839478, 10.5338506699, 19.2274780273, 14.5439348221, -4.79039955139, 1.29119944572, 3.8123292923, 3.32512593269, 7.64952850342, 0.24137249589, 5.36378145218, 2.04011440277],
        "cov": [[5747.30566406, -1735.3972168, -25.4548206329, -365.283477783, -437.571868896, -35.3029823303, -74.9404983521, -178.222122192, -227.492599487, -108.583755493, 68.3765945435, 36.3851470947, -85.0024795532], [-1735.3972168, 2002.6484375, -759.84161377, 13.5121822357, 168.842971802, -247.765228271, 76.3883056641, 99.3836593628, -37.2255973816, 73.2818450928, -26.8978252411, 20.0491600037, -4.19694900513], [-25.4548206329, -759.84161377, 794.703735352, -9.45545291901, -54.9339942932, 170.175582886, -83.2592926025, -52.1515617371, -7.16944217682, -52.6219673157, -12.5639009476, -28.4829158783, 28.2410640717], [-365.283477783, 13.5121822357, -9.45545291901, 371.317199707, 115.963897705, 17.8805370331, -26.8884334564, -19.3153839111, 99.4543228149, 10.7745981216, -36.3086433411, -0.383493572474, 29.4590339661], [-437.571868896, 168.842971802, -54.9339942932, 115.963897705, 302.435028076, -47.3782157898, -38.0097541809, 10.0350666046, 66.4172592163, 95.0523681641, -16.8464012146, -18.9019298553, -13.4450540543], [-35.3029823303, -247.765228271, 170.175582886, 17.8805370331, -47.3782157898, 219.148147583, 42.9682426453, -3.85328626633, 27.5307407379, -38.7102813721, 1.58494794369, -21.0759506226, 10.2420711517], [-74.9404983521, 76.3883056641, -83.2592926025, -26.8884334564, -38.0097541809, 42.9682426453, 156.096984863, 51.3619728088, 19.2063159943, 5.74681091309, 9.74512386322, 7.82132387161, 9.38576889038], [-178.222122192, 99.3836593628, -52.1515617371, -19.3153839111, 10.0350666046, -3.85328626633, 51.3619728088, 126.412841797, 35.5875167847, 6.36430120468, 5.32414484024, -1.23505091667, -2.30975317955], [-227.492599487, -37.2255973816, -7.16944217682, 99.4543228149, 66.4172592163, 27.5307407379, 19.2063159943, 35.5875167847, 155.996688843, 53.3239517212, -2.31843304634, 3.21201896667, 2.97108483315], [-108.583755493, 73.2818450928, -52.6219673157, 10.7745981216, 95.0523681641, -38.7102813721, 5.74681091309, 6.36430120468, 53.3239517212, 143.177734375, 30.9804592133, -4.63450479507, -21.8211860657], [68.3765945435, -26.8978252411, -12.5639009476, -36.3086433411, -16.8464012146, 1.58494794369, 9.74512386322, 5.32414484024, -2.31843304634, 30.9804592133, 93.9368667603, 27.7453422546, -12.7350111008], [36.3851470947, 20.0491600037, -28.4829158783, -0.383493572474, -18.9019298553, -21.0759506226, 7.82132387161, -1.23505091667, 3.21201896667, -4.63450479507, 27.7453422546, 79.3407669067, 20.2785949707], [-85.0024795532, -4.19694900513, 28.2410640717, 29.4590339661, -13.4450540543, 10.2420711517, 9.38576889038, -2.30975317955, 2.97108483315, -21.8211860657, -12.7350111008, 20.2785949707, 87.237121582]],
        "icov": [[0.000404732098104, 0.000555462087505, 0.000535284692887, 0.000193236264749, 0.000287137314444, 0.000197772344109, 0.000128499159473, 0.000189927275642, 0.000451216066722, -0.00012199266348, 0.000160715833772, -0.000156593698193, 0.000208765573916], [0.000555462087505, 0.00165673415177, 0.00146254827268, 0.000225802141358, 1.60669169418e-005, 0.000557231833227, 4.24910758738e-005, -0.000230683974223, 0.00119963102043, -0.000335814896971, 0.00058140855981, -0.000280505308183, 2.28187582252e-005], [0.000535284692887, 0.00146254827268, 0.00312015064992, 0.000484793941723, 0.000258589192526, -0.00114687590394, 0.00156564102508, -3.10541981889e-005, 0.00102228543255, -0.000382395839551, 0.000609750917647, -1.0045639101e-005, -0.000615738390479], [0.000193236264749, 0.000225802141358, 0.000484793941723, 0.00417435355484, -0.00120121252257, -0.000228026139666, 0.000563899753615, 0.00138735887595, -0.00250126444735, 0.00116138835438, 0.000711927888915, -0.000147305079736, -0.00103586027399], [0.000287137314444, 1.60669169418e-005, 0.000258589192526, -0.00120121252257, 0.00575427059084, 0.000284072535578, 0.00159570819233, -0.000606190646067, -0.000146410093294, -0.00353800645098, 0.00136477279011, 0.000428179133451, 0.000487951183459], [0.000197772344109, 0.000557231833227, -0.00114687590394, -0.000228026139666, 0.000284072535578, 0.00782741699368, -0.00325660035014, 0.00136888620909, -0.00187883991748, 0.00262598902918, -0.00174781726673, 0.0026800041087, 2.19325847866e-005], [0.000128499159473, 4.24910758738e-005, 0.00156564102508, 0.000563899753615, 0.00159570819233, -0.00325660035014, 0.00992085877806, -0.00336012849584, 7.97861357569e-005, -0.00197323574685, 0.000637350778561, -0.00103950465564, -0.00125969876535], [0.000189927275642, -0.000230683974223, -3.10541981889e-005, 0.00138735887595, -0.000606190646067, 0.00136888620909, -0.00336012849584, 0.0109741147608, -0.00355944223702, 0.0022534520831, -0.00125840329565, 0.00132547307294, 0.000306534057017], [0.000451216066722, 0.00119963102043, 0.00102228543255, -0.00250126444735, -0.000146410093294, -0.00187883991748, 7.97861357569e-005, -0.00355944223702, 0.0119272246957, -0.00486664287746, 0.00200458429754, -0.00229976256378, 0.000309957016725], [-0.00012199266348, -0.000335814896971, -0.000382395839551, 0.00116138835438, -0.00353800645098, 0.00262598902918, -0.00197323574685, 0.0022534520831, -0.00486664287746, 0.013075417839, -0.0052737807855, 0.00262460927479, 0.00107136846054], [0.000160715833772, 0.00058140855981, 0.000609750917647, 0.000711927888915, 0.00136477279011, -0.00174781726673, 0.000637350778561, -0.00125840329565, 0.00200458429754, -0.0052737807855, 0.0154115576297, -0.00662810308859, 0.00246351305395], [-0.000156593698193, -0.000280505308183, -1.0045639101e-005, -0.000147305079736, 0.000428179133451, 0.0026800041087, -0.00103950465564, 0.00132547307294, -0.00229976256378, 0.00262460927479, -0.00662810308859, 0.0173911564052, -0.00449018832296], [0.000208765573916, 2.28187582252e-005, -0.000615738390479, -0.00103586027399, 0.000487951183459, 2.19325847866e-005, -0.00125969876535, 0.000306534057017, 0.000309957016725, 0.00107136846054, 0.00246351305395, -0.00449018832296, 0.0140937510878]]
    },
    "spectral_contrast_coeffs": {
        "mean": [-0.654278457165, -0.664644479752, -0.728010714054, -0.74743437767, -0.759451925755, -0.794176995754],
        "var": [0.00590470526367, 0.00594555260614, 0.00643530907109, 0.00377306644805, 0.00262798997574, 0.00148938747589]
    },
    "spectral_contrast_valleys": {
        "mean": [-7.22214794159, -6.93468523026, -7.68134784698, -7.97731208801, -7.81223773956, -9.91150379181],
        "var": [0.597648203373, 0.861054241657, 0.938242971897, 0.923467993736, 1.17608273029, 1.91168224812]
    }
},
"metadata": {
    "audio_properties": {
        "analysis_sample_rate": 44100,
        "bit_rate": 128074,
        "equal_loudness": 0,
        "length": 45.0612258911,
        "lossless": 0,
        "replay_gain": -5.41167259216,
        "sample_rate": 44100,
        "codec": "mp3",
        "downmix": "mix",
        "md5_encoded": "9aebacc32ca5c741900251bf51b0d9c1"
    },
    "tags": {
        "file_name": "1812.mp3"
    },
    "version": {
        "essentia": "2.1-beta2",
        "essentia_git_sha": "v2.1_beta2",
        "extractor": "music 1.0"
    }
},
"rhythm": {
    "beats_count": 94,
    "beats_loudness": {
        "mean": 0.042462002486,
        "var": 0.000830901262816
    },
    "bpm": 125.941917419,
    "bpm_histogram_first_peak_bpm": {
        "mean": 126,
        "var": 0
    },
    "bpm_histogram_first_peak_spread": {
        "mean": 0.369565218687,
        "var": 0
    },
    "bpm_histogram_first_peak_weight": {
        "mean": 0.62365591526,
        "var": 0
    },
    "bpm_histogram_second_peak_bpm": {
        "mean": 136,
        "var": 0
    },
    "bpm_histogram_second_peak_spread": {
        "mean": 0,
        "var": 0
    },
    "bpm_histogram_second_peak_weight": {
        "mean": 0.010752688162,
        "var": 0
    },
    "danceability": 1.11566448212,
    "onset_rate": 2.88366365433,
    "beats_loudness_band_ratio": {
        "mean": [0.500378370285, 0.148498922586, 0.177363276482, 0.0698182061315, 0.059529826045, 0.0932313725352],
        "var": [0.0522233732045, 0.0118002966046, 0.0229041241109, 0.00544545287266, 0.00265060993843, 0.00831856671721]
    },
    "beats_position": [0.441179126501, 0.882358253002, 1.35836732388, 1.83437633514, 2.32199549675, 2.7863945961, 3.26240348816, 3.73841261864, 4.20281171799, 4.69043064117, 5.15482997894, 5.630838871, 6.11845779419, 6.59446716309, 7.07047605515, 7.5464849472, 8.03410434723, 8.52172279358, 8.99773216248, 9.46213150024, 9.93814086914, 10.4141492844, 10.9017686844, 11.3777770996, 11.8653964996, 12.3414058685, 12.8174142838, 13.2934236526, 13.7694330215, 14.2454423904, 14.7214508057, 15.1974601746, 15.6734695435, 16.1378688812, 16.6138763428, 17.0898857117, 17.5775051117, 18.0651245117, 18.5411338806, 19.0171432495, 19.4931507111, 19.96916008, 20.4451694489, 20.9211788177, 21.4087982178, 21.8964176178, 22.3608150482, 22.8368244171, 23.312833786, 23.7772331238, 24.2532424927, 24.7292518616, 25.2052612305, 25.681268692, 26.168888092, 26.6332874298, 27.1092967987, 27.5853061676, 28.0729255676, 28.537322998, 29.0133323669, 29.4893417358, 29.9653511047, 30.4413604736, 30.9173698425, 31.3933773041, 31.869386673, 32.3453979492, 32.8214035034, 33.2974128723, 33.7734222412, 34.2494316101, 34.725440979, 35.2014503479, 35.6774597168, 36.1534690857, 36.6410865784, 37.1287078857, 37.5931053162, 38.0575065613, 38.5335159302, 39.0095214844, 39.4855308533, 39.9615402222, 40.4375495911, 40.91355896, 41.4011802673, 41.88879776, 42.3764152527, 42.8640365601, 43.3284339905, 43.7928352356, 44.257232666, 44.7216300964]
},
"tonal": {
    "chords_changes_rate": 0.0565843619406,
    "chords_number_rate": 0.0174897126853,
    "chords_strength": {
        "mean": 0.527949213982,
        "var": 0.00810096319765
    },
    "hpcp_entropy": {
        "mean": 1.77700293064,
        "var": 0.413021832705
    },
    "key_strength": 0.55111759901,
    "tuning_diatonic_strength": 0.442834675312,
    "tuning_equal_tempered_deviation": 0.103897288442,
    "tuning_frequency": 441.527557373,
    "tuning_nontempered_energy_ratio": 0.725773751736,
    "hpcp": {
        "mean": [0.144217446446, 0.0685467347503, 0.0729880258441, 0.0809118822217, 0.0602561421692, 0.135018751025, 0.188298866153, 0.105149433017, 0.0434523075819, 0.0342442989349, 0.0552582927048, 0.165855750442, 0.199865907431, 0.0984886884689, 0.0815488919616, 0.0862923786044, 0.0731898024678, 0.176673427224, 0.206407889724, 0.0986044928432, 0.0835436731577, 0.112817853689, 0.115732990205, 0.18670168519, 0.184482231736, 0.111730188131, 0.20464527607, 0.229494318366, 0.0925551503897, 0.0296360589564, 0.0275523141026, 0.0478896796703, 0.16630743444, 0.212881743908, 0.128911674023, 0.148277193308],
        "var": [0.0847264900804, 0.0180239640176, 0.025998968631, 0.0315566398203, 0.0146404346451, 0.0481212548912, 0.0898325964808, 0.0309072248638, 0.0101141203195, 0.00826742686331, 0.017879024148, 0.0762173756957, 0.0942746698856, 0.0236265864223, 0.0387672409415, 0.0455915406346, 0.0191425289959, 0.0842562094331, 0.110886119306, 0.0294092278928, 0.0264937058091, 0.0476933456957, 0.0392565503716, 0.106235206127, 0.105026878417, 0.039735108614, 0.0854863747954, 0.111323200166, 0.0247706677765, 0.0094517795369, 0.00897840410471, 0.0135240750387, 0.0616011917591, 0.100715361536, 0.0356155671179, 0.0888358429074]
    },
    "chords_histogram": [5.76131677628, 4.01234579086, 6.99588489532, 7.40740728378, 1.54320991039, 0.925925910473, 0, 0, 3.18930029869, 0, 4.01234579086, 0.308641970158, 1.23456788063, 0, 0, 4.83539104462, 2.67489719391, 4.11522626877, 10.9053497314, 2.67489719391, 8.53909492493, 10.9053497314, 12.0370368958, 7.92181062698],
    "thpcp": [1, 0.403300404549, 0.129136353731, 0.120056629181, 0.208674788475, 0.724669098854, 0.927612245083, 0.56172055006, 0.646103978157, 0.628414034843, 0.298685967922, 0.318038493395, 0.352565944195, 0.262560486794, 0.588331580162, 0.820494651794, 0.458178818226, 0.189339354634, 0.149216324091, 0.24078284204, 0.722700893879, 0.870896995068, 0.429155230522, 0.355341672897, 0.37601095438, 0.31891772151, 0.769837915897, 0.899403035641, 0.429659843445, 0.364033728838, 0.491593241692, 0.504295647144, 0.813535094261, 0.803864061832, 0.486853837967, 0.891722619534],
    "chords_key": "B",
    "chords_scale": "major",
    "key_key": "F#",
    "key_scale": "major"
}
}