{
"lowlevel": {
    "average_loudness": 0.979749083519,
    "barkbands_crest": {
        "mean": 11.461558342,
        "var": 26.1871833801
    },
    "barkbands_flatness_db": {
        "mean": 0.136739447713,
        "var": 0.00331572606228
    },
    "barkbands_kurtosis": {
        "mean": 3.3603579998,
        "var": 114.648971558
    },
    "barkbands_skewness": {
        "mean": 1.11037266254,
        "var": 2.93386745453
    },
    "barkbands_spread": {
        "mean": 38.7505569458,
        "var": 374.564422607
    },
    "dissonance": {
        "mean": 0.478616803885,
        "var": 0.000394234550186
    },
    "dynamic_complexity": 3.18229436874,
    "erbbands_crest": {
        "mean": 9.98112010956,
        "var": 20.4099369049
    },
    "erbbands_flatness_db": {
        "mean": 0.155676260591,
        "var": 0.00175971828867
    },
    "erbbands_kurtosis": {
        "mean": 2.32141256332,
        "var": 23.182510376
    },
    "erbbands_skewness": {
        "mean": -0.794723570347,
        "var": 1.20594084263
    },
    "erbbands_spread": {
        "mean": 37.9532279968,
        "var": 428.45401001
    },
    "hfc": {
        "mean": 44.647693634,
        "var": 6220.89550781
    },
    "melbands_crest": {
        "mean": 17.6419258118,
        "var": 54.2697982788
    },
    "melbands_flatness_db": {
        "mean": 0.186422556639,
        "var": 0.0065935975872
    },
    "melbands_kurtosis": {
        "mean": 17.739900589,
        "var": 1282.84899902
    },
    "melbands_skewness": {
        "mean": 3.04014110565,
        "var": 6.35390806198
    },
    "melbands_spread": {
        "mean": 48.8314628601,
        "var": 2112.63842773
    },
    "pitch_salience": {
        "mean": 0.47520801425,
        "var": 0.0191940348595
    },
    "silence_rate_20dB": {
        "mean": 1,
        "var": 0
    },
    "silence_rate_30dB": {
        "mean": 0.917095780373,
        "var": 0.0760308206081
    },
    "silence_rate_60dB": {
        "mean": 0.0468589067459,
        "var": 0.0446641370654
    },
    "spectral_centroid": {
        "mean": 2399.5949707,
        "var": 948939.9375
    },
    "spectral_complexity": {
        "mean": 18.0417098999,
        "var": 124.348869324
    },
    "spectral_decrease": {
        "mean": -7.99708121946e-009,
        "var": 1.25110035327e-016
    },
    "spectral_energy": {
        "mean": 0.0342324897647,
        "var": 0.00191564508714
    },
    "spectral_energyband_high": {
        "mean": 0.00343359704129,
        "var": 6.37502089376e-005
    },
    "spectral_energyband_low": {
        "mean": 0.0206166636199,
        "var": 0.00156425882597
    },
    "spectral_energyband_middle_high": {
        "mean": 0.00678503839299,
        "var": 4.90042402816e-005
    },
    "spectral_energyband_middle_low": {
        "mean": 0.00396385509521,
        "var": 1.62800515682e-005
    },
    "spectral_entropy": {
        "mean": 7.73023509979,
        "var": 0.207069337368
    },
    "spectral_flux": {
        "mean": 0.103278703988,
        "var": 0.006019115448
    },
    "spectral_kurtosis": {
        "mean": 3.41464734077,
        "var": 10.6316070557
    },
    "spectral_rms": {
        "mean": 0.00502337096259,
        "var": 8.16334522824e-006
    },
    "spectral_rolloff": {
        "mean": 2718.42578125,
        "var": 6159649
    },
    "spectral_skewness": {
        "mean": 1.18125295639,
        "var": 0.208488345146
    },
    "spectral_spread": {
        "mean": 5198667.5,
        "var": 5.95118469939e+012
    },
    "spectral_strongpeak": {
        "mean": 1.1478625536,
        "var": 6.51856708527
    },
    "zerocrossingrate": {
        "mean": 0.0939179584384,
        "var": 0.00496683688834
    },
    "barkbands": {
        "mean": [0.00115874782205, 0.0169915817678, 0.00202961103059, 0.000887844187673, 0.00111590733286, 0.000918112637009, 0.000437540787971, 0.000135927271913, 0.000251477846177, 0.000697380048223, 0.000277204759186, 0.000302521628328, 0.00040716730291, 0.000791459635366, 0.000937764474656, 0.000940144935157, 0.000800999056082, 0.000714436988346, 0.000814517086837, 0.000376663432689, 0.000427902356023, 0.000501665694173, 0.000362617400242, 0.000713473884389, 0.00108829152305, 0.000149694475112, 1.86622867204e-006],
        "var": [2.53282951235e-006, 0.00130928086583, 2.13111670746e-005, 3.32223498845e-006, 2.82965129372e-006, 2.28413114201e-006, 5.16696218256e-007, 2.15765524558e-007, 4.72402462037e-007, 3.02495755022e-006, 6.84551139329e-007, 1.10617224891e-006, 2.72568604487e-006, 3.92441415897e-006, 4.36895243183e-006, 4.98830695506e-006, 1.81101893304e-006, 1.32709362788e-006, 8.52340178881e-007, 1.8886134967e-007, 7.33513275009e-007, 1.01290538623e-006, 9.74602812676e-007, 5.66200878893e-006, 2.85407877527e-005, 6.73552960961e-007, 2.50956533332e-010]
    },
    "erbbands": {
        "mean": [0.660563051701, 3.08799815178, 2.95786499977, 2.81195354462, 3.18381595612, 3.98565411568, 4.51307058334, 7.9454703331, 8.06722259521, 3.93622374535, 3.35085988045, 6.38254308701, 14.217757225, 20.6891746521, 11.4435663223, 15.8829364777, 21.1242542267, 31.695892334, 49.6037406921, 46.0885314941, 58.1097412109, 40.8939361572, 34.7971076965, 50.1447677612, 32.4348716736, 18.6433582306, 17.5632419586, 16.8675727844, 17.3655395508, 15.380361557, 9.8600435257, 12.3534898758, 13.7718830109, 15.4845647812, 5.48565769196, 0.98481553793, 0.264981806278, 0.0167227685452, 0.000492495601065, 7.860732876e-005],
        "var": [1.73018240929, 53.0380783081, 46.2040405273, 29.0477809906, 37.6796302795, 36.4098701477, 56.2607307434, 195.551757813, 184.500488281, 74.4410171509, 63.042175293, 336.962158203, 1820.78430176, 3240.19335938, 1200.43969727, 2605.45947266, 5794.60742188, 6123.04003906, 11644.7236328, 9447.56152344, 19445.9941406, 3391.23120117, 1992.93505859, 4507.25585938, 1206.64575195, 428.659667969, 808.52520752, 1506.12841797, 1231.55175781, 911.403747559, 957.175537109, 1362.10327148, 2837.30175781, 5470.60107422, 1042.97363281, 30.8066997528, 1.67963469028, 0.00697507709265, 4.77408912047e-006, 2.4718616487e-008]
    },
    "gfcc": {
        "mean": [2.12219595909, 58.4812240601, -115.17641449, 63.2735862732, -41.3616256714, 21.0591239929, -43.0295791626, 17.6688270569, -21.8585357666, 5.29815340042, -10.0068397522, 4.21134185791, -5.94123697281],
        "cov": [[6563.25195313, -2085.46386719, 275.278961182, 131.984573364, -669.508666992, 1153.27185059, -242.096343994, 303.880096436, -8.38831329346, 262.787109375, -25.6086082458, 224.984130859, -71.1658096313], [-2085.46386719, 2011.36767578, -361.94708252, 86.142036438, 614.229248047, -491.98550415, 333.948181152, -141.302322388, 215.820281982, -148.843582153, 136.886398315, -136.87928772, 91.26197052], [275.278961182, -361.94708252, 919.373168945, 109.885414124, -90.7151412964, 146.323348999, -48.9788780212, 80.9248962402, -19.2490577698, 74.6660766602, -40.7408638, 60.8368721008, -40.5235519409], [131.984573364, 86.142036438, 109.885414124, 470.700683594, 95.2360076904, -79.5801773071, 89.5102386475, 9.63663005829, 84.1314315796, 9.98687553406, -7.64794063568, 12.3800601959, 41.9189109802], [-669.508666992, 614.229248047, -90.7151412964, 95.2360076904, 469.463378906, -139.020507813, 116.189300537, 19.3117103577, 120.767822266, -21.8476161957, 36.1623840332, -38.5786514282, 50.6498298645], [1153.27185059, -491.98550415, 146.323348999, -79.5801773071, -139.020507813, 479.925231934, 2.70636916161, 68.7360610962, 8.35320568085, 47.163520813, 13.968454361, 32.1751480103, -10.6717147827], [-242.096343994, 333.948181152, -48.9788780212, 89.5102386475, 116.189300537, 2.70636916161, 261.29107666, -3.86677026749, 46.2042770386, 5.96358060837, 40.4315643311, -12.960562706, 21.854719162], [303.880096436, -141.302322388, 80.9248962402, 9.63663005829, 19.3117103577, 68.7360610962, -3.86677026749, 163.56640625, 48.0799674988, 4.19001197815, 18.6021881104, 28.5613689423, 16.8036403656], [-8.38831329346, 215.820281982, -19.2490577698, 84.1314315796, 120.767822266, 8.35320568085, 46.2042770386, 48.0799674988, 198.774688721, 5.77828407288, 44.5900764465, 26.8481578827, 39.3480873108], [262.787109375, -148.843582153, 74.6660766602, 9.98687553406, -21.8476161957, 47.163520813, 5.96358060837, 4.19001197815, 5.77828407288, 128.041671753, 15.4063825607, 34.514755249, -4.48596191406], [-25.6086082458, 136.886398315, -40.7408638, -7.64794063568, 36.1623840332, 13.968454361, 40.4315643311, 18.6021881104, 44.5900764465, 15.4063825607, 122.871368408, 20.2377929688, 22.2233276367], [224.984130859, -136.87928772, 60.8368721008, 12.3800601959, -38.5786514282, 32.1751480103, -12.960562706, 28.5613689423, 26.8481578827, 34.514755249, 20.2377929688, 103.016311646, 18.7485713959], [-71.1658096313, 91.26197052, -40.5235519409, 41.9189109802, 50.6498298645, -10.6717147827, 21.854719162, 16.8036403656, 39.3480873108, -4.48596191406, 22.2233276367, 18.7485713959, 86.3700790405]],
        "icov": [[0.000425471109338, -6.29439527984e-005, 0.000281793501927, -0.000527416879777, 0.000284781126538, -0.00101247837301, 0.000475968059618, -0.00057682901388, 0.000184554577572, -0.000542540394235, 0.000176789631951, -0.000455436180346, 0.000446072546765], [-6.29439527984e-005, 0.00235643004999, -0.000328465161147, 0.000931412971113, -0.00150346162263, 0.00185989844613, -0.00204052589834, 0.00210795318708, -0.00190332194325, 0.00186977873091, -0.00177657685708, 0.00174562959, -0.000887817586772], [0.000281793501927, -0.000328465161147, 0.00163193396293, -0.000964408216532, 0.000328180467477, -0.00122577196453, 0.000801032641903, -0.00124623428565, 0.000684676517267, -0.00110125727952, 0.000731370528229, -0.00111817708239, 0.00119428546168], [-0.000527416879777, 0.000931412971113, -0.000964408216532, 0.00378116872162, -0.000819492910523, 0.00249213678762, -0.00223684543744, 0.00158877170179, -0.00200009020045, 0.00113042409066, -4.12795379816e-005, 0.0012013358064, -0.00194123375695], [0.000284781126538, -0.00150346162263, 0.000328180467477, -0.000819492910523, 0.00449605239555, -0.000756115536205, 0.000498458452057, -0.00211922568269, -0.000464322365588, -0.00157998688519, 0.00107366160955, 0.000347642053384, -0.00029113268829], [-0.00101247837301, 0.00185989844613, -0.00122577196453, 0.00249213678762, -0.000756115536205, 0.00643634749576, -0.00317130563781, 0.00185352878179, -0.00240986910649, 0.00191207614262, -0.00173927482683, 0.00255995406769, -0.00181460927706], [0.000475968059618, -0.00204052589834, 0.000801032641903, -0.00223684543744, 0.000498458452057, -0.00317130563781, 0.00709679536521, -0.00187359389383, 0.001848439686, -0.0023828658741, 0.000300015119137, -0.00131473655347, 0.00113669666462], [-0.00057682901388, 0.00210795318708, -0.00124623428565, 0.00158877170179, -0.00211922568269, 0.00185352878179, -0.00187359389383, 0.010146189481, -0.0031952902209, 0.00307580200024, -0.00227605900727, 0.000808853597846, -0.00206103734672], [0.000184554577572, -0.00190332194325, 0.000684676517267, -0.00200009020045, -0.000464322365588, -0.00240986910649, 0.001848439686, -0.0031952902209, 0.00924548693001, -0.00152888090815, -7.95209271018e-005, -0.00328516121954, 2.57772298937e-005], [-0.000542540394235, 0.00186977873091, -0.00110125727952, 0.00113042409066, -0.00157998688519, 0.00191207614262, -0.0023828658741, 0.00307580200024, -0.00152888090815, 0.0113392593339, -0.00259726610966, -0.00102165865246, -0.000145178419189], [0.000176789631951, -0.00177657685708, 0.000731370528229, -4.12795379816e-005, 0.00107366160955, -0.00173927482683, 0.000300015119137, -0.00227605900727, -7.95209271018e-005, -0.00259726610966, 0.011435369961, -0.00282041309401, -0.000520372181199], [-0.000455436180346, 0.00174562959, -0.00111817708239, 0.0012013358064, 0.000347642053384, 0.00255995406769, -0.00131473655347, 0.000808853597846, -0.00328516121954, -0.00102165865246, -0.00282041309401, 0.0149810668081, -0.0041224071756], [0.000446072546765, -0.000887817586772, 0.00119428546168, -0.00194123375695, -0.00029113268829, -0.00181460927706, 0.00113669666462, -0.00206103734672, 2.57772298937e-005, -0.000145178419189, -0.000520372181199, -0.0041224071756, 0.0154555821791]]
    },
    "melbands": {
        "mean": [0.00527032604441, 0.00243472983129, 0.000499484769534, 0.000265600625426, 0.000164022130775, 0.000182399802725, 0.000116041446745, 3.79548764613e-005, 3.12069278152e-005, 3.81879217457e-005, 7.08503939677e-005, 8.58655257616e-005, 3.764541907e-005, 3.50781810994e-005, 4.75828564959e-005, 3.48959219991e-005, 6.49720386718e-005, 8.29180717119e-005, 6.15786993876e-005, 5.99400191277e-005, 6.98847798049e-005, 4.25006364821e-005, 3.69394037989e-005, 3.33490934281e-005, 4.24313002441e-005, 2.64493410214e-005, 1.65130895766e-005, 1.12850066216e-005, 1.12792022264e-005, 9.23440165934e-006, 9.98912491923e-006, 9.41342568694e-006, 1.017275099e-005, 7.68068184698e-006, 5.26180656379e-006, 5.97685448156e-006, 8.27122221381e-006, 9.94645870378e-006, 9.48497927311e-006, 1.48990811795e-005],
        "var": [0.00011837589409, 2.92873664876e-005, 9.48377476107e-007, 1.60784935588e-007, 6.47923954489e-008, 9.59816759405e-008, 3.68695332043e-008, 1.01675610154e-008, 5.6145470495e-009, 1.18371259461e-008, 4.69204444187e-008, 6.04761751788e-008, 1.38711149233e-008, 1.40370932655e-008, 2.46116318436e-008, 2.35372326074e-008, 3.14345989239e-008, 3.57140379492e-008, 2.23068763461e-008, 1.46022740566e-008, 3.53924782814e-008, 5.4784332626e-009, 3.10064307563e-009, 3.09061598536e-009, 3.67541708179e-009, 9.09015973605e-010, 3.75325992508e-010, 1.75857967077e-010, 3.3298214186e-010, 3.32189248331e-010, 6.03101735219e-010, 4.21088386382e-010, 4.2122402788e-010, 2.2263815791e-010, 2.9275623592e-010, 4.41484709901e-010, 6.21526330402e-010, 1.70660674481e-009, 1.75312542261e-009, 6.05918204499e-009]
    },
    "mfcc": {
        "mean": [-638.784729004, 78.535446167, 0.0912774726748, 41.7247619629, 27.4385089874, 7.50670480728, 5.16470527649, 6.93626260757, 1.02399134636, 3.42889070511, 1.26942777634, -2.3885602951, 2.44326686859],
        "cov": [[5986.76855469, -2034.40014648, 545.970581055, -724.641784668, -10.4664468765, 372.162567139, 12.6875524521, 215.880737305, 25.5642166138, 224.213821411, 124.907966614, -37.6294670105, -11.9158201218], [-2034.40014648, 1744.6505127, -536.935791016, 398.595611572, 127.68686676, -59.8308753967, 50.3267250061, 13.9421186447, 31.110584259, 46.3941116333, -7.30950498581, 55.2024116516, 45.4092254639], [545.970581055, -536.935791016, 904.545898438, -134.827346802, 7.64481449127, 68.6097564697, 18.7054405212, 32.4745368958, 1.46996736526, -10.6574878693, 64.468963623, 10.1218900681, -24.1256542206], [-724.641784668, 398.595611572, -134.827346802, 660.583984375, 23.0420970917, -6.13270998001, 4.32434654236, -9.73923206329, 91.6901931763, -59.0441932678, -1.02451491356, 95.6342086792, 40.7491111755], [-10.4664468765, 127.68686676, 7.64481449127, 23.0420970917, 297.181335449, -21.5700931549, -25.1225700378, 56.1464653015, 63.0365180969, 21.3654556274, 24.6904582977, 22.4854488373, 49.4213867188], [372.162567139, -59.8308753967, 68.6097564697, -6.13270998001, -21.5700931549, 237.08253479, 46.8649787903, 25.8160915375, 35.6143264771, 49.6175346375, 13.5308351517, 29.216299057, -6.4005484581], [12.6875524521, 50.3267250061, 18.7054405212, 4.32434654236, -25.1225700378, 46.8649787903, 173.874771118, 19.1953716278, 3.80030846596, 35.173866272, 17.0468387604, 14.6415119171, -10.2391376495], [215.880737305, 13.9421186447, 32.4745368958, -9.73923206329, 56.1464653015, 25.8160915375, 19.1953716278, 162.894073486, 44.4216880798, 49.9890289307, 22.8096961975, 16.8780918121, 23.351808548], [25.5642166138, 31.110584259, 1.46996736526, 91.6901931763, 63.0365180969, 35.6143264771, 3.80030846596, 44.4216880798, 140.442443848, 19.2239074707, 7.71150922775, 35.188419342, 28.6470737457], [224.213821411, 46.3941116333, -10.6574878693, -59.0441932678, 21.3654556274, 49.6175346375, 35.173866272, 49.9890289307, 19.2239074707, 123.539016724, 29.0680198669, 4.01393842697, 2.26363992691], [124.907966614, -7.30950498581, 64.468963623, -1.02451491356, 24.6904582977, 13.5308351517, 17.0468387604, 22.8096961975, 7.71150922775, 29.0680198669, 90.30809021, 22.6672973633, 11.635216713], [-37.6294670105, 55.2024116516, 10.1218900681, 95.6342086792, 22.4854488373, 29.216299057, 14.6415119171, 16.8780918121, 35.188419342, 4.01393842697, 22.6672973633, 109.104667664, 42.4239006042], [-11.9158201218, 45.4092254639, -24.1256542206, 40.7491111755, 49.4213867188, -6.4005484581, -10.2391376495, 23.351808548, 28.6470737457, 2.26363992691, 11.635216713, 42.4239006042, 94.1613464355]],
        "icov": [[0.000389370223274, 0.000471045321319, 0.000113457957923, 0.000102902769868, -0.000120181932289, -0.000418870302383, 6.31411749055e-005, -0.000306463916786, 9.76250303211e-005, -0.000480296264868, -0.00027393118944, 4.55908593722e-005, -8.0721838458e-005], [0.000471045321319, 0.00144494848792, 0.000569039140828, -0.000384195271181, -0.000550286786165, -0.000342565443134, -0.000214183572098, -0.000355768861482, 0.000477087800391, -0.00109949335456, -0.000285291811451, -2.36384457821e-005, -6.74902039464e-005], [0.000113457957923, 0.000569039140828, 0.00154445832595, 0.000133066074341, -0.000284618377918, -0.000426749291364, -0.000160389128723, -0.000356609758455, 6.93525507813e-005, 0.000433684239397, -0.00109300471377, -0.000261085515376, 0.000490607519168], [0.000102902769868, -0.000384195271181, 0.000133066074341, 0.00241865240969, 0.000281342479866, -8.49563075462e-005, -5.9759895521e-006, 7.19624513295e-005, -0.00146933551878, 0.00142736104317, -0.00029292164254, -0.00152386142872, 0.000149236264406], [-0.000120181932289, -0.000550286786165, -0.000284618377918, 0.000281342479866, 0.00448396196589, 0.000718285678886, 0.000726323632989, -0.0007054086891, -0.00173783197533, -1.02374474409e-006, -0.00067258416675, 0.000182028481504, -0.0014653817052], [-0.000418870302383, -0.000342565443134, -0.000426749291364, -8.49563075462e-005, 0.000718285678886, 0.00578335206956, -0.00088149815565, 0.000332418916514, -0.00130374543369, -0.00145234016236, 0.000717128452379, -0.00151270313654, 0.000901932828128], [6.31411749055e-005, -0.000214183572098, -0.000160389128723, -5.9759895521e-006, 0.000726323632989, -0.00088149815565, 0.00668691657484, -0.000505801697727, 0.0001573375921, -0.00137719884515, -0.000679059012327, -0.000796132313553, 0.000912053918], [-0.000306463916786, -0.000355768861482, -0.000356609758455, 7.19624513295e-005, -0.0007054086891, 0.000332418916514, -0.000505801697727, 0.00822209287435, -0.00173447688576, -0.00216341530904, -0.000203348201467, 2.33769213764e-007, -0.00108623388223], [9.76250303211e-005, 0.000477087800391, 6.93525507813e-005, -0.00146933551878, -0.00173783197533, -0.00130374543369, 0.0001573375921, -0.00173447688576, 0.0101999109611, -0.00130684161559, 0.00084657932166, -0.000991451786831, -0.00102299218997], [-0.000480296264868, -0.00109949335456, 0.000433684239397, 0.00142736104317, -1.02374474409e-006, -0.00145234016236, -0.00137719884515, -0.00216341530904, -0.00130684161559, 0.0128049543127, -0.00285934028216, 0.000342229177477, 0.000540329143405], [-0.00027393118944, -0.000285291811451, -0.00109300471377, -0.00029292164254, -0.00067258416675, 0.000717128452379, -0.000679059012327, -0.000203348201467, 0.00084657932166, -0.00285934028216, 0.0139770777896, -0.00239696633071, -0.000507999677211], [4.55908593722e-005, -2.36384457821e-005, -0.000261085515376, -0.00152386142872, 0.000182028481504, -0.00151270313654, -0.000796132313553, 2.33769213764e-007, -0.000991451786831, 0.000342229177477, -0.00239696633071, 0.0139148514718, -0.00535492692143], [-8.0721838458e-005, -6.74902039464e-005, 0.000490607519168, 0.000149236264406, -0.0014653817052, 0.000901932828128, 0.000912053918, -0.00108623388223, -0.00102299218997, 0.000540329143405, -0.000507999677211, -0.00535492692143, 0.0146761517972]]
    },
    "spectral_contrast_coeffs": {
        "mean": [-0.704996168613, -0.720956742764, -0.759987771511, -0.734864115715, -0.743427693844, -0.757932186127],
        "var": [0.00517637515441, 0.00649995869026, 0.0075253630057, 0.00558810727671, 0.00344486790709, 0.00138330087066]
    },
    "spectral_contrast_valleys": {
        "mean": [-7.20886278152, -7.55489969254, -8.12347507477, -8.00295066833, -7.39107990265, -9.72043514252],
        "var": [1.11755347252, 0.574449062347, 0.67093962431, 0.780159473419, 0.995756983757, 2.07564258575]
    }
},
"metadata": {
    "audio_properties": {
        "analysis_sample_rate": 44100,
        "bit_rate": 128074,
        "equal_loudness": 0,
        "length": 45.0612258911,
        "lossless": 0,
        "replay_gain": -5.78666496277,
        "sample_rate": 44100,
        "codec": "mp3",
        "downmix": "mix",
        "md5_encoded": "9611801913d317679f85136ee8290e52"
    },
    "tags": {
        "file_name": "1813.mp3"
    },
    "version": {
        "essentia": "2.1-beta2",
        "essentia_git_sha": "v2.1_beta2",
        "extractor": "music 1.0"
    }
},
"rhythm": {
    "beats_count": 80,
    "beats_loudness": {
        "mean": 0.100339397788,
        "var": 0.00184558390174
    },
    "bpm": 107.000831604,
    "bpm_histogram_first_peak_bpm": {
        "mean": 108,
        "var": 0
    },
    "bpm_histogram_first_peak_spread": {
        "mean": 0.354430377483,
        "var": 0
    },
    "bpm_histogram_first_peak_weight": {
        "mean": 0.645569622517,
        "var": 0
    },
    "bpm_histogram_second_peak_bpm": {
        "mean": 0,
        "var": 0
    },
    "bpm_histogram_second_peak_spread": {
        "mean": 0,
        "var": 0
    },
    "bpm_histogram_second_peak_weight": {
        "mean": 0,
        "var": 0
    },
    "danceability": 1.56193649769,
    "onset_rate": 4.70258998871,
    "beats_loudness_band_ratio": {
        "mean": [0.762080013752, 0.0331789627671, 0.02220072411, 0.0327308662236, 0.0752341300249, 0.0891805589199],
        "var": [0.0161678921431, 0.00113339966629, 0.000905617140234, 0.00235271058045, 0.00409108540043, 0.00400504935533]
    },
    "beats_position": [0.557278871536, 1.11455774307, 1.67183673382, 2.22911548615, 2.7863945961, 3.34367346764, 3.9125623703, 4.46984100342, 5.0387301445, 5.59600877762, 6.15328788757, 6.71056699753, 7.26784563065, 7.83673477173, 8.40562343597, 8.96290206909, 9.52018165588, 10.077460289, 10.6347389221, 11.1920175552, 11.7609071732, 12.3297958374, 12.8870744705, 13.4443531036, 14.0016326904, 14.5589113235, 15.1277999878, 15.6850786209, 16.2539672852, 16.8112468719, 17.3685264587, 17.9258041382, 18.483083725, 19.0403633118, 19.6092510223, 20.1665306091, 20.7354183197, 21.2926979065, 21.8499774933, 22.4188652039, 22.9877548218, 23.5450344086, 24.0907020569, 24.6595916748, 25.2168693542, 25.774148941, 26.3314285278, 26.9003162384, 27.4692058563, 28.0264854431, 28.5837631226, 29.1410427094, 29.6983222961, 30.2672100067, 30.8360996246, 31.3933773041, 31.9506568909, 32.4963264465, 33.0652160645, 33.6224937439, 34.1913833618, 34.7602729797, 35.3175506592, 35.8748283386, 36.4321098328, 36.9893875122, 37.5582771301, 38.1155548096, 38.6844444275, 39.2417221069, 39.7989997864, 40.3562812805, 40.91355896, 41.4824485779, 42.0513381958, 42.6086158752, 43.1658935547, 43.7231750488, 44.2920608521, 44.86095047]
},
"tonal": {
    "chords_changes_rate": 0.106995888054,
    "chords_number_rate": 0.0123456791043,
    "chords_strength": {
        "mean": 0.473069280386,
        "var": 0.00972492992878
    },
    "hpcp_entropy": {
        "mean": 2.25073504448,
        "var": 0.586908698082
    },
    "key_strength": 0.654084146023,
    "tuning_diatonic_strength": 0.439823836088,
    "tuning_equal_tempered_deviation": 0.210691481829,
    "tuning_frequency": 434.193115234,
    "tuning_nontempered_energy_ratio": 0.848397374153,
    "hpcp": {
        "mean": [0.188994824886, 0.214852064848, 0.152965158224, 0.0972811877728, 0.0694620758295, 0.0770491436124, 0.122310094535, 0.132437750697, 0.102349534631, 0.108785308897, 0.103762120008, 0.0739980712533, 0.0744526311755, 0.0744673907757, 0.0834251791239, 0.13812533021, 0.164710834622, 0.118975438178, 0.0767346099019, 0.0694858953357, 0.0946355089545, 0.186042815447, 0.222973510623, 0.274814784527, 0.326007932425, 0.161344945431, 0.0276508349925, 0.0465166680515, 0.0662974864244, 0.0861596092582, 0.141314551234, 0.180091798306, 0.161786973476, 0.132701694965, 0.109355501831, 0.116058841348],
        "var": [0.0736941248178, 0.0877035111189, 0.0590668767691, 0.0401215218008, 0.0250119678676, 0.0273570977151, 0.042061496526, 0.0467386431992, 0.0360185690224, 0.0452030748129, 0.0420110486448, 0.0217448361218, 0.0276050176471, 0.025087479502, 0.0291336458176, 0.0630209222436, 0.0834646895528, 0.0439236052334, 0.0245445482433, 0.0252934675664, 0.0379801951349, 0.0700329616666, 0.0843749418855, 0.0796225816011, 0.174005448818, 0.0452707111835, 0.00563274510205, 0.0108535178006, 0.0198503024876, 0.024441441521, 0.0551719479263, 0.0724479183555, 0.0697111263871, 0.05557224527, 0.0449535697699, 0.0447623841465]
    },
    "chords_histogram": [12.7572011948, 8.43621444702, 11.728395462, 15.5349798203, 0, 0, 0.102880656719, 18.41563797, 0.102880656719, 6.06995868683, 7.40740728378, 0, 0, 0, 0, 4.32098770142, 0.308641970158, 0.205761313438, 0, 0, 2.57201647758, 1.64609050751, 7.71604919434, 2.67489719391],
    "thpcp": [1, 0.494911104441, 0.0848164483905, 0.142685696483, 0.203361570835, 0.264286845922, 0.433469682932, 0.552415370941, 0.4962669909, 0.407050520182, 0.335438162088, 0.356000065804, 0.579724609852, 0.659039378166, 0.469206869602, 0.298401296139, 0.213068664074, 0.236341312528, 0.375175207853, 0.406240880489, 0.313947975636, 0.333689153194, 0.31828096509, 0.226982429624, 0.228376746178, 0.228422015905, 0.255899220705, 0.423687011003, 0.505235671997, 0.364946454763, 0.235376507044, 0.213141724467, 0.290285915136, 0.570669591427, 0.683951199055, 0.842969596386],
    "chords_key": "A",
    "chords_scale": "major",
    "key_key": "A",
    "key_scale": "minor"
}
}