{
"lowlevel": {
    "average_loudness": 0.954496562481,
    "barkbands_crest": {
        "mean": 9.79524326324,
        "var": 18.7136001587
    },
    "barkbands_flatness_db": {
        "mean": 0.130552366376,
        "var": 0.0021245458629
    },
    "barkbands_kurtosis": {
        "mean": 2.20158648491,
        "var": 44.118522644
    },
    "barkbands_skewness": {
        "mean": 1.263641119,
        "var": 1.54913496971
    },
    "barkbands_spread": {
        "mean": 28.9006996155,
        "var": 149.374053955
    },
    "dissonance": {
        "mean": 0.480511009693,
        "var": 0.000231416881434
    },
    "dynamic_complexity": 2.24781394005,
    "erbbands_crest": {
        "mean": 7.68224668503,
        "var": 9.01605319977
    },
    "erbbands_flatness_db": {
        "mean": 0.159799367189,
        "var": 0.00156655104365
    },
    "erbbands_kurtosis": {
        "mean": 0.442879348993,
        "var": 3.03600740433
    },
    "erbbands_skewness": {
        "mean": -0.596091508865,
        "var": 0.347046136856
    },
    "erbbands_spread": {
        "mean": 35.9173736572,
        "var": 237.264938354
    },
    "hfc": {
        "mean": 23.6298675537,
        "var": 265.626953125
    },
    "melbands_crest": {
        "mean": 15.5169267654,
        "var": 29.481502533
    },
    "melbands_flatness_db": {
        "mean": 0.194459378719,
        "var": 0.00419846130535
    },
    "melbands_kurtosis": {
        "mean": 12.2272281647,
        "var": 441.293701172
    },
    "melbands_skewness": {
        "mean": 2.75524735451,
        "var": 3.27968835831
    },
    "melbands_spread": {
        "mean": 31.6638050079,
        "var": 412.333709717
    },
    "pitch_salience": {
        "mean": 0.511217594147,
        "var": 0.0135656939819
    },
    "silence_rate_20dB": {
        "mean": 1,
        "var": 0
    },
    "silence_rate_30dB": {
        "mean": 0.998970150948,
        "var": 0.00102881272323
    },
    "silence_rate_60dB": {
        "mean": 0.0257466528565,
        "var": 0.0250845365226
    },
    "spectral_centroid": {
        "mean": 1733.59851074,
        "var": 309599.28125
    },
    "spectral_complexity": {
        "mean": 24.4660148621,
        "var": 86.8686904907
    },
    "spectral_decrease": {
        "mean": -8.30738944302e-009,
        "var": 3.58764543666e-017
    },
    "spectral_energy": {
        "mean": 0.0334972888231,
        "var": 0.000545090355445
    },
    "spectral_energyband_high": {
        "mean": 0.000563100737054,
        "var": 4.92383151141e-007
    },
    "spectral_energyband_low": {
        "mean": 0.0183665584773,
        "var": 0.000368428532965
    },
    "spectral_energyband_middle_high": {
        "mean": 0.00767503771931,
        "var": 3.9216622099e-005
    },
    "spectral_energyband_middle_low": {
        "mean": 0.00847112201154,
        "var": 6.86460989527e-005
    },
    "spectral_entropy": {
        "mean": 7.623005867,
        "var": 0.0918012410402
    },
    "spectral_flux": {
        "mean": 0.0973438546062,
        "var": 0.00243756896816
    },
    "spectral_kurtosis": {
        "mean": 5.14554691315,
        "var": 7.7572517395
    },
    "spectral_rms": {
        "mean": 0.00536949653178,
        "var": 3.84883605875e-006
    },
    "spectral_rolloff": {
        "mean": 1719.50195313,
        "var": 1606178.25
    },
    "spectral_skewness": {
        "mean": 1.45816624165,
        "var": 0.113488949835
    },
    "spectral_spread": {
        "mean": 3709200.5,
        "var": 2.62188512051e+012
    },
    "spectral_strongpeak": {
        "mean": 0.75111758709,
        "var": 2.01164579391
    },
    "zerocrossingrate": {
        "mean": 0.0613710694015,
        "var": 0.000991330249235
    },
    "barkbands": {
        "mean": [0.00058341154363, 0.0105828419328, 0.00580978952348, 0.00259846518748, 0.0022453085985, 0.000635562173557, 0.000496036373079, 0.000930380425416, 0.00124686094932, 0.000605038250796, 0.000613482203335, 0.000437602750026, 0.000460535404272, 0.000647666107398, 0.000833693949971, 0.00123440939933, 0.00171620608307, 0.000529859913513, 0.000495440617669, 0.000329608796164, 0.000152424327098, 9.80342520052e-005, 8.27333860798e-005, 6.18489793851e-005, 4.36197624367e-005, 2.46167983278e-005, 1.84383225132e-006],
        "var": [1.39938333632e-006, 0.000199071568204, 4.65311859443e-005, 1.34139027068e-005, 1.73828557308e-005, 5.3696987834e-007, 8.35734169868e-007, 3.12822044179e-006, 3.77807145924e-006, 1.50982714331e-006, 6.62008858399e-007, 4.40809571955e-007, 5.58023373287e-007, 1.26978500248e-006, 1.24202540519e-006, 2.55546865446e-006, 5.02043531014e-006, 3.47699824488e-007, 3.61693082596e-007, 2.44827703e-007, 3.66264032436e-008, 2.04033643314e-008, 1.87761681758e-008, 1.01376169681e-008, 1.18724070575e-008, 5.46516076838e-009, 1.27746771494e-010]
    },
    "erbbands": {
        "mean": [0.280046463013, 2.43365073204, 6.57439470291, 8.37072563171, 8.73319530487, 6.71679592133, 5.0001745224, 5.30923938751, 6.25554513931, 15.9111394882, 16.7641906738, 32.5488166809, 23.9090805054, 12.6833581924, 28.5115337372, 21.0563793182, 23.1987457275, 30.9403533936, 40.2451438904, 56.1958351135, 68.6543273926, 79.8367767334, 43.2078971863, 27.3986225128, 23.6226387024, 16.1301021576, 7.28740501404, 5.15360307693, 3.48391628265, 3.2813668251, 2.20163869858, 1.43087530136, 0.945314466953, 0.525442183018, 0.291986584663, 0.130695328116, 0.0402552112937, 0.00739995250478, 0.000208705067053, 4.52883541584e-005],
        "var": [0.245034337044, 9.48500156403, 57.171875, 90.0870056152, 275.136566162, 130.990280151, 31.680393219, 48.1221389771, 96.9139404297, 832.696044922, 753.672668457, 2808.85351563, 1974.83898926, 184.500091553, 1329.61523438, 941.751647949, 1303.61682129, 2951.15185547, 3317.56054688, 4591.61669922, 5415.44433594, 8372.06152344, 2668.65234375, 1068.80712891, 886.486877441, 555.965881348, 86.439743042, 41.7125053406, 21.3464660645, 41.0487060547, 12.0018424988, 5.04279756546, 2.90571403503, 1.38243699074, 0.677003324032, 0.154075652361, 0.0156305450946, 0.000987801584415, 7.58481576213e-007, 1.20374543666e-009]
    },
    "gfcc": {
        "mean": [12.3364048004, 102.249107361, -133.778549194, 48.66796875, -37.779499054, 17.7867069244, -35.1668739319, 17.4100551605, -17.287317276, -5.34720897675, -18.2672042847, -4.4389166832, -9.79554080963],
        "cov": [[3440.77075195, -668.681762695, -11.0307788849, -21.5810832977, -50.2974052429, 83.9707565308, -86.1585922241, 89.5423736572, -159.85546875, 160.847167969, -210.810546875, 28.5491847992, -181.028884888], [-668.681762695, 1346.29382324, -289.596221924, -55.3244476318, 341.48248291, -85.8697814941, 209.011138916, -68.5109100342, 208.414459229, -205.43208313, 115.804748535, -127.922859192, 147.543197632], [-11.0307788849, -289.596221924, 598.601501465, 35.9651107788, -48.246723175, 71.0576171875, -33.2150878906, 39.4825592041, -37.6428222656, 102.897338867, -33.5955886841, 108.459983826, -61.1366996765], [-21.5810832977, -55.3244476318, 35.9651107788, 235.781326294, -15.4602794647, 54.9061012268, 16.0491352081, -15.8971424103, 19.5076255798, -6.17950677872, 37.6747932434, -11.81498909, 26.9986209869], [-50.2974052429, 341.48248291, -48.246723175, -15.4602794647, 311.393188477, 34.2964820862, 85.6285629272, 19.9732208252, 60.7725791931, -45.5378074646, 36.7149429321, -5.2256565094, 42.4207649231], [83.9707565308, -85.8697814941, 71.0576171875, 54.9061012268, 34.2964820862, 129.131591797, 40.3068656921, 19.9448165894, -3.72002029419, 21.8544807434, 19.3835487366, 20.8222103119, 14.5487318039], [-86.1585922241, 209.011138916, -33.2150878906, 16.0491352081, 85.6285629272, 40.3068656921, 146.515487671, 14.386349678, 29.5959262848, -7.26549863815, 33.5232849121, -20.9608764648, 27.1717090607], [89.5423736572, -68.5109100342, 39.4825592041, -15.8971424103, 19.9732208252, 19.9448165894, 14.386349678, 85.5203018188, 24.6440429688, 30.1145954132, -1.84355151653, 11.3080854416, -5.07066917419], [-159.85546875, 208.414459229, -37.6428222656, 19.5076255798, 60.7725791931, -3.72002029419, 29.5959262848, 24.6440429688, 116.228248596, -14.630068779, 39.1048088074, -21.3032283783, 26.3263587952], [160.847167969, -205.43208313, 102.897338867, -6.17950677872, -45.5378074646, 21.8544807434, -7.26549863815, 30.1145954132, -14.630068779, 107.023849487, 2.11073422432, 33.7236175537, -37.6722297668], [-210.810546875, 115.804748535, -33.5955886841, 37.6747932434, 36.7149429321, 19.3835487366, 33.5232849121, -1.84355151653, 39.1048088074, 2.11073422432, 87.1976013184, 6.20123672485, 30.2750415802], [28.5491847992, -127.922859192, 108.459983826, -11.81498909, -5.2256565094, 20.8222103119, -20.9608764648, 11.3080854416, -21.3032283783, 33.7236175537, 6.20123672485, 90.5439224243, 3.18017888069], [-181.028884888, 147.543197632, -61.1366996765, 26.9986209869, 42.4207649231, 14.5487318039, 27.1717090607, -5.07066917419, 26.3263587952, -37.6722297668, 30.2750415802, 3.18017888069, 87.3894042969]],
        "icov": [[0.000490683421958, -0.00031228348962, 0.000515810330398, -0.000480401242385, -0.000104549202661, -0.000669831992127, 0.000447540660389, -0.000644794316031, 0.000597167178057, -0.000996202928945, 0.0014865885023, -0.00056744995527, 0.000934967072681], [-0.00031228348962, 0.00439571868628, -0.00133079010993, 0.00248535908759, -0.00195749220438, 0.00340935471468, -0.00415860163048, 0.00438125478104, -0.00478547764942, 0.00442216917872, -0.00343617633916, 0.00340293790214, -0.00342281511985], [0.000515810330398, -0.00133079010993, 0.00359238544479, -0.00182563625276, 0.000393917871406, -0.00233409600332, 0.00131396099459, -0.00176797935273, 0.00111500243656, -0.00299383047968, 0.00373667338863, -0.00449493620545, 0.00332135031931], [-0.000480401242385, 0.00248535908759, -0.00182563625276, 0.00735976314172, -3.62891805707e-005, -0.000369052315364, -0.00201784446836, 0.00409222999588, -0.00360201485455, 0.00339374272153, -0.00486436253414, 0.00426698569208, -0.00372032634914], [-0.000104549202661, -0.00195749220438, 0.000393917871406, -3.62891805707e-005, 0.00571138784289, -0.00242875004187, -0.000266517308773, -0.00233812234364, 0.000289391260594, 0.000784009869676, 0.000311921205139, -0.00237760902382, 0.00118349667173], [-0.000669831992127, 0.00340935471468, -0.00233409600332, -0.000369052315364, -0.00242875004187, 0.0145968552679, -0.00579429464415, 0.00147094437853, -0.00145389151294, 0.00246647535823, -0.00467059761286, 0.00198781653307, -0.00497982092202], [0.000447540660389, -0.00415860163048, 0.00131396099459, -0.00201784446836, -0.000266517308773, -0.00579429464415, 0.0140014011413, -0.00514645269141, 0.00491718249395, -0.00545663898811, 0.00121233356185, 0.000395191367716, 0.00166488718241], [-0.000644794316031, 0.00438125478104, -0.00176797935273, 0.00409222999588, -0.00233812234364, 0.00147094437853, -0.00514645269141, 0.0207400992513, -0.0100470818579, 0.00020060717361, -0.000982493394986, 0.00256571080536, -0.00418001506478], [0.000597167178057, -0.00478547764942, 0.00111500243656, -0.00360201485455, 0.000289391260594, -0.00145389151294, 0.00491718249395, -0.0100470818579, 0.019104000181, -0.00453066080809, -0.00125372875482, 0.000189928075997, 0.00191833800636], [-0.000996202928945, 0.00442216917872, -0.00299383047968, 0.00339374272153, 0.000784009869676, 0.00246647535823, -0.00545663898811, 0.00020060717361, -0.00453066080809, 0.0221664346755, -0.00897094141692, -6.70718691254e-006, 0.00227294233628], [0.0014865885023, -0.00343617633916, 0.00373667338863, -0.00486436253414, 0.000311921205139, -0.00467059761286, 0.00121233356185, -0.000982493394986, -0.00125372875482, -0.00897094141692, 0.0243759118021, -0.00761582003906, 0.00153295276687], [-0.00056744995527, 0.00340293790214, -0.00449493620545, 0.00426698569208, -0.00237760902382, 0.00198781653307, 0.000395191367716, 0.00256571080536, 0.000189928075997, -6.70718691254e-006, -0.00761582003906, 0.0220252741128, -0.00875769462436], [0.000934967072681, -0.00342281511985, 0.00332135031931, -0.00372032634914, 0.00118349667173, -0.00497982092202, 0.00166488718241, -0.00418001506478, 0.00191833800636, 0.00227294233628, 0.00153295276687, -0.00875769462436, 0.0223155878484]]
    },
    "melbands": {
        "mean": [0.00273085129447, 0.00350037682801, 0.00149561394937, 0.000581678119488, 0.000188607577002, 0.000117112809676, 9.63515631156e-005, 0.000193414991372, 0.000140569507494, 0.000201756993192, 0.000114464353828, 4.70167615276e-005, 8.97893914953e-005, 6.19278653176e-005, 5.05576208525e-005, 4.18153613282e-005, 6.2702325522e-005, 6.37399789412e-005, 5.25439427292e-005, 0.00010328249482, 7.64209835324e-005, 8.57550548972e-005, 6.85163322487e-005, 2.48847827606e-005, 2.1715708499e-005, 1.60074669111e-005, 1.66989102581e-005, 8.91236413736e-006, 4.48923083241e-006, 3.67899860976e-006, 2.76658943221e-006, 1.94966651179e-006, 1.84330235697e-006, 1.77347078534e-006, 1.32159505029e-006, 9.78466005108e-007, 8.39540916786e-007, 7.13573342637e-007, 4.85085820401e-007, 4.3540023853e-007],
        "var": [1.64103330462e-005, 1.43103916344e-005, 2.95994618682e-006, 1.21432765354e-006, 4.85791566973e-008, 2.13314237385e-008, 2.60339714231e-008, 1.3141622901e-007, 5.18160128138e-008, 1.08245366448e-007, 5.10075466309e-008, 3.46194983791e-009, 1.42128637748e-008, 6.76728317828e-009, 5.77409053903e-009, 5.0067625601e-009, 1.45668455076e-008, 8.41523117856e-009, 3.82071574379e-009, 2.18161506638e-008, 8.57151949418e-009, 8.74808314677e-009, 1.46679752788e-008, 8.67606042565e-010, 8.22392154376e-010, 4.94227603287e-010, 5.88352921937e-010, 1.71044317598e-010, 3.65529342905e-011, 2.42164586994e-011, 1.30950935859e-011, 7.06188276259e-012, 9.44926688978e-012, 1.37069036676e-011, 4.31916698587e-012, 2.80814260734e-012, 1.69336994513e-012, 1.85135132051e-012, 6.99691931998e-013, 1.31580954899e-012]
    },
    "mfcc": {
        "mean": [-622.463134766, 122.855422974, -20.7414340973, 34.0169029236, 19.8032436371, 6.68981456757, 1.71266770363, 14.7518196106, 7.92579698563, 5.49608469009, -2.38338828087, 2.02913761139, 0.0120139047503],
        "cov": [[2796.84448242, -505.355529785, -146.04246521, -55.9332847595, -41.3855018616, 18.9921360016, 22.0526161194, -69.0135269165, 5.90464258194, 80.7660980225, 17.9732131958, -58.2306365967, -44.8800849915], [-505.355529785, 1223.4888916, -354.449401855, 50.9978065491, 102.877418518, 28.1188087463, 28.9917068481, 122.683830261, 120.376945496, -28.0931167603, -13.1991453171, 88.6276397705, 49.6442146301], [-146.04246521, -354.449401855, 526.532409668, 21.5136508942, -29.8776607513, 28.402973175, -17.8075218201, -25.7949104309, -40.3991088867, 2.90432238579, 22.3167076111, -2.98940753937, 2.75982809067], [-55.9332847595, 50.9978065491, 21.5136508942, 135.396026611, 26.5478439331, 30.5232028961, 11.4344434738, 17.3521728516, 8.94434070587, 7.5404214859, 1.128444314, 7.14181184769, 6.72424650192], [-41.3855018616, 102.877418518, -29.8776607513, 26.5478439331, 167.499710083, 30.2201328278, 14.5851869583, 49.4479866028, 31.7769565582, 1.51052093506, -5.4228181839, 15.3354797363, 21.2076587677], [18.9921360016, 28.1188087463, 28.402973175, 30.5232028961, 30.2201328278, 115.568603516, 60.3852157593, 23.8872356415, 11.0619182587, 2.36996507645, 5.33269739151, 8.54716873169, 7.55411863327], [22.0526161194, 28.9917068481, -17.8075218201, 11.4344434738, 14.5851869583, 60.3852157593, 121.860595703, 28.4489936829, 16.1143512726, 11.7434949875, 12.2327213287, 1.69719338417, 5.06379079819], [-69.0135269165, 122.683830261, -25.7949104309, 17.3521728516, 49.4479866028, 23.8872356415, 28.4489936829, 82.2350921631, 39.1756286621, 0.489729702473, -3.5735771656, 14.580704689, 14.9928817749], [5.90464258194, 120.376945496, -40.3991088867, 8.94434070587, 31.7769565582, 11.0619182587, 16.1143512726, 39.1756286621, 77.9739227295, 22.1466636658, -5.70750188828, 9.44926738739, 11.4823827744], [80.7660980225, -28.0931167603, 2.90432238579, 7.5404214859, 1.51052093506, 2.36996507645, 11.7434949875, 0.489729702473, 22.1466636658, 85.7852706909, 25.7784862518, -3.5545270443, 1.48381948471], [17.9732131958, -13.1991453171, 22.3167076111, 1.128444314, -5.4228181839, 5.33269739151, 12.2327213287, -3.5735771656, -5.70750188828, 25.7784862518, 64.2673950195, 24.0897350311, 6.80733633041], [-58.2306365967, 88.6276397705, -2.98940753937, 7.14181184769, 15.3354797363, 8.54716873169, 1.69719338417, 14.580704689, 9.44926738739, -3.5545270443, 24.0897350311, 64.8489456177, 30.3468837738], [-44.8800849915, 49.6442146301, 2.75982809067, 6.72424650192, 21.2076587677, 7.55411863327, 5.06379079819, 14.9928817749, 11.4823827744, 1.48381948471, 6.80733633041, 30.3468837738, 51.6973876953]],
        "icov": [[0.000442781165475, 0.000270598364295, 0.000307956855977, 8.73261378729e-005, 4.5287388275e-006, -0.000281761080259, 4.88293335366e-005, 0.000249491393333, -0.000371987203835, -0.000215361011215, -0.00012190376583, 3.04502682411e-005, 0.00014589681814], [0.000270598364295, 0.00157579698134, 0.0010112572927, -0.000353102834197, -1.43028114508e-006, -0.000328497146256, 0.000263282825472, -0.000781044713221, -0.00151096540503, 0.000567857990973, -8.48502713779e-006, -0.00141040305607, 0.000111290995847], [0.000307956855977, 0.0010112572927, 0.00282082916237, -0.000480942369904, 0.000339242513292, -0.00128445122391, 0.00092601228971, -0.000283601111732, -8.07756150607e-005, 0.000165018864209, -0.000841288594529, -0.000230040270253, -0.000492697407026], [8.73261378729e-005, -0.000353102834197, -0.000480942369904, 0.00829022750258, -0.000720789772458, -0.00193142786156, 0.000411633314798, -0.000654123432469, 0.000536950305104, -0.00118855608162, 0.00048706625239, -0.000150605032104, 2.86798931484e-005], [4.5287388275e-006, -1.43028114508e-006, 0.000339242513292, -0.000720789772458, 0.00778511026874, -0.00148550188169, 0.000897081161384, -0.00357649289072, -0.000779564026743, -4.33382119809e-005, 0.000426313461503, 6.17360856268e-005, -0.00186427659355], [-0.000281761080259, -0.000328497146256, -0.00128445122391, -0.00193142786156, -0.00148550188169, 0.0134377069771, -0.00639990484342, -0.000531694327947, 0.00036094232928, 0.000554620986804, 0.000668226217385, -0.00121637154371, 0.000347502733348], [4.88293335366e-005, 0.000263282825472, 0.00092601228971, 0.000411633314798, 0.000897081161384, -0.00639990484342, 0.0124583253637, -0.00320080132224, -0.000641930673737, -0.0004205989826, -0.00286571728066, 0.00222025299445, -0.000809594232123], [0.000249491393333, -0.000781044713221, -0.000283601111732, -0.000654123432469, -0.00357649289072, -0.000531694327947, -0.00320080132224, 0.0208635013551, -0.00735939014703, 0.00171365297865, 0.000480176677229, -0.000831017969176, -0.00111547019333], [-0.000371987203835, -0.00151096540503, -8.07756150607e-005, 0.000536950305104, -0.000779564026743, 0.00036094232928, -0.000641930673737, -0.00735939014703, 0.0219182744622, -0.00725242868066, 0.00495739979669, -0.0015450270148, -0.000879140163306], [-0.000215361011215, 0.000567857990973, 0.000165018864209, -0.00118855608162, -4.33382119809e-005, 0.000554620986804, -0.0004205989826, 0.00171365297865, -0.00725242868066, 0.0169044900686, -0.00875677820295, 0.00471413088962, -0.00159408070613], [-0.00012190376583, -8.48502713779e-006, -0.000841288594529, 0.00048706625239, 0.000426313461503, 0.000668226217385, -0.00286571728066, 0.000480176677229, 0.00495739979669, -0.00875677820295, 0.024601329118, -0.0120280832052, 0.00272423936985], [3.04502682411e-005, -0.00141040305607, -0.000230040270253, -0.000150605032104, 6.17360856268e-005, -0.00121637154371, 0.00222025299445, -0.000831017969176, -0.0015450270148, 0.00471413088962, -0.0120280832052, 0.0289887711406, -0.0136363888159], [0.00014589681814, 0.000111290995847, -0.000492697407026, 2.86798931484e-005, -0.00186427659355, 0.000347502733348, -0.000809594232123, -0.00111547019333, -0.000879140163306, -0.00159408070613, 0.00272423936985, -0.0136363888159, 0.0283894892782]]
    },
    "spectral_contrast_coeffs": {
        "mean": [-0.665741205215, -0.769976973534, -0.770359516144, -0.757356584072, -0.747231662273, -0.753089606762],
        "var": [0.0047065243125, 0.00361426081508, 0.00355996238068, 0.00359937176108, 0.00231688586064, 0.00100533955265]
    },
    "spectral_contrast_valleys": {
        "mean": [-6.81450796127, -6.75374221802, -7.08945941925, -7.32076263428, -7.24788236618, -10.262969017],
        "var": [0.627259731293, 0.576481163502, 0.564086556435, 0.570251524448, 0.572436869144, 0.911857962608]
    }
},
"metadata": {
    "audio_properties": {
        "analysis_sample_rate": 44100,
        "bit_rate": 128074,
        "equal_loudness": 0,
        "length": 45.0612258911,
        "lossless": 0,
        "replay_gain": -5.21813583374,
        "sample_rate": 44100,
        "codec": "mp3",
        "downmix": "mix",
        "md5_encoded": "b7e5a949674eda1ed996da04a4eb62e4"
    },
    "tags": {
        "file_name": "1814.mp3"
    },
    "version": {
        "essentia": "2.1-beta2",
        "essentia_git_sha": "v2.1_beta2",
        "extractor": "music 1.0"
    }
},
"rhythm": {
    "beats_count": 105,
    "beats_loudness": {
        "mean": 0.0463720262051,
        "var": 0.000417504401412
    },
    "bpm": 140.835479736,
    "bpm_histogram_first_peak_bpm": {
        "mean": 140,
        "var": 0
    },
    "bpm_histogram_first_peak_spread": {
        "mean": 0.418367356062,
        "var": 0
    },
    "bpm_histogram_first_peak_weight": {
        "mean": 0.548076927662,
        "var": 0
    },
    "bpm_histogram_second_peak_bpm": {
        "mean": 148,
        "var": 0
    },
    "bpm_histogram_second_peak_spread": {
        "mean": 0.40000000596,
        "var": 0
    },
    "bpm_histogram_second_peak_weight": {
        "mean": 0.0288461539894,
        "var": 0
    },
    "danceability": 1.16302108765,
    "onset_rate": 3.88185477257,
    "beats_loudness_band_ratio": {
        "mean": [0.60916364193, 0.102922968566, 0.10804246366, 0.0603610165417, 0.110196210444, 0.0526106096804],
        "var": [0.0504006482661, 0.00929655786604, 0.0139226308092, 0.0020903989207, 0.00647936528549, 0.00278573087417]
    },
    "beats_position": [0.383129239082, 0.766258478165, 1.16099774837, 1.55573689938, 1.9620860815, 2.39165520668, 2.82122445107, 3.25079369545, 3.68036270142, 4.1099319458, 4.53950119019, 4.96907043457, 5.38702917099, 5.81659841537, 6.24616765976, 6.66412687302, 7.0936961174, 7.52326536179, 7.95283412933, 8.38240337372, 8.82358264923, 9.25315189362, 9.682721138, 10.1122903824, 10.5418596268, 10.9714279175, 11.3893871307, 11.8189563751, 12.2485256195, 12.6780948639, 13.0960540771, 13.5256233215, 13.9551925659, 14.3731517792, 14.7911109924, 15.2206802368, 15.6502494812, 16.0682086945, 16.4977779388, 16.9273471832, 17.3569164276, 17.786485672, 18.2044448853, 18.6224040985, 19.0519733429, 19.4815406799, 19.8994998932, 20.3290691376, 20.758638382, 21.1882076263, 21.6061668396, 22.035736084, 22.4653053284, 22.8948745728, 23.312833786, 23.7307929993, 24.1603622437, 24.589931488, 25.0078907013, 25.4258499146, 25.8438091278, 26.2617683411, 26.6797275543, 27.0976867676, 27.5040359497, 27.9103851318, 28.3283443451, 28.7579135895, 29.1874828339, 29.6054420471, 30.0234012604, 30.4413604736, 30.8593196869, 31.2772789001, 31.7068481445, 32.1364173889, 32.5543746948, 32.9723358154, 33.3902931213, 33.8198623657, 34.2494316101, 34.6790008545, 35.1085700989, 35.5381393433, 35.9561004639, 36.3856697083, 36.8036270142, 37.2215881348, 37.6395454407, 38.0807266235, 38.4986839294, 38.91664505, 39.3462142944, 39.7757797241, 40.2053489685, 40.6349182129, 41.0644874573, 41.4940567017, 41.923625946, 42.3648071289, 42.7943763733, 43.2123336792, 43.6535148621, 44.0946922302, 44.5358734131]
},
"tonal": {
    "chords_changes_rate": 0.0504115223885,
    "chords_number_rate": 0.00720164598897,
    "chords_strength": {
        "mean": 0.560936391354,
        "var": 0.00883595366031
    },
    "hpcp_entropy": {
        "mean": 2.29606246948,
        "var": 0.522671461105
    },
    "key_strength": 0.805353164673,
    "tuning_diatonic_strength": 0.663342118263,
    "tuning_equal_tempered_deviation": 0.0796598345041,
    "tuning_frequency": 439.745910645,
    "tuning_nontempered_energy_ratio": 0.749567806721,
    "hpcp": {
        "mean": [0.306626468897, 0.22780802846, 0.119406864047, 0.0933877155185, 0.0851933956146, 0.0997375249863, 0.13110460341, 0.134073376656, 0.212197527289, 0.321070581675, 0.232176452875, 0.10029361397, 0.0701912939548, 0.0731174871325, 0.11425011605, 0.163336053491, 0.160429760814, 0.140860393643, 0.122675105929, 0.109965063632, 0.185008004308, 0.286329478025, 0.281494170427, 0.268850684166, 0.257937580347, 0.156311035156, 0.0774324312806, 0.0668060481548, 0.0683234110475, 0.0991266071796, 0.148813188076, 0.13585588336, 0.107861094177, 0.111131332815, 0.120810329914, 0.21387180686],
        "var": [0.125087946653, 0.0754242613912, 0.0395753830671, 0.0358151420951, 0.032894667238, 0.029350169003, 0.0392706915736, 0.0374771058559, 0.0585845075548, 0.112441658974, 0.0698991119862, 0.0297973677516, 0.0158092267811, 0.0167069584131, 0.0301291048527, 0.0491676665843, 0.0506816953421, 0.0489105135202, 0.0421088635921, 0.0404323711991, 0.0554036162794, 0.0916388109326, 0.0869448408484, 0.0994533896446, 0.102658011019, 0.0561421252787, 0.0222607441247, 0.0209960546345, 0.0222260281444, 0.0301466584206, 0.0440580919385, 0.0410428494215, 0.0375371240079, 0.0425330474973, 0.0470670983195, 0.0771402791142]
    },
    "chords_histogram": [37.139919281, 19.3415641785, 4.62962961197, 1.33744859695, 0, 0, 0, 0, 0, 0, 0, 0, 0, 0, 0, 0, 1.02880656719, 0.617283940315, 0.823045253754, 0, 0, 0, 13.5802469254, 21.5020580292],
    "thpcp": [1, 0.723132133484, 0.312372475863, 0.218616396189, 0.227730259299, 0.355841130018, 0.508723199368, 0.499671310186, 0.438720971346, 0.38208141923, 0.342494994402, 0.576222240925, 0.891796052456, 0.876736104488, 0.837356925011, 0.803367197514, 0.48684322834, 0.241169497371, 0.208072781563, 0.212798729539, 0.308737754822, 0.463490575552, 0.423133999109, 0.335942000151, 0.346127420664, 0.376273423433, 0.666120827198, 0.9550126791, 0.70952630043, 0.371902227402, 0.290863513947, 0.265341639519, 0.310640484095, 0.408335775137, 0.417582243681, 0.660906195641],
    "chords_key": "A",
    "chords_scale": "minor",
    "key_key": "A",
    "key_scale": "minor"
}
}