{
"lowlevel": {
    "average_loudness": 0.919596672058,
    "barkbands_crest": {
        "mean": 12.5012187958,
        "var": 24.0713558197
    },
    "barkbands_flatness_db": {
        "mean": 0.200544565916,
        "var": 0.00425220560282
    },
    "barkbands_kurtosis": {
        "mean": 8.27398490906,
        "var": 233.784362793
    },
    "barkbands_skewness": {
        "mean": 2.16986465454,
        "var": 2.35488772392
    },
    "barkbands_spread": {
        "mean": 15.6962547302,
        "var": 161.062149048
    },
    "dissonance": {
        "mean": 0.429406702518,
        "var": 0.00141751917545
    },
    "dynamic_complexity": 2.01135349274,
    "erbbands_crest": {
        "mean": 9.44839191437,
        "var": 12.2340536118
    },
    "erbbands_flatness_db": {
        "mean": 0.205256462097,
        "var": 0.00345617323183
    },
    "erbbands_kurtosis": {
        "mean": -0.184718668461,
        "var": 1.1276473999
    },
    "erbbands_skewness": {
        "mean": 0.454634070396,
        "var": 0.31849104166
    },
    "erbbands_spread": {
        "mean": 35.981754303,
        "var": 229.371414185
    },
    "hfc": {
        "mean": 20.7049674988,
        "var": 1020.75811768
    },
    "melbands_crest": {
        "mean": 17.8587379456,
        "var": 40.7203140259
    },
    "melbands_flatness_db": {
        "mean": 0.270694613457,
        "var": 0.00640403665602
    },
    "melbands_kurtosis": {
        "mean": 19.3443336487,
        "var": 985.654968262
    },
    "melbands_skewness": {
        "mean": 3.08133935928,
        "var": 3.96765351295
    },
    "melbands_spread": {
        "mean": 15.9728393555,
        "var": 191.592407227
    },
    "pitch_salience": {
        "mean": 0.453568994999,
        "var": 0.0159841291606
    },
    "silence_rate_20dB": {
        "mean": 0.998455226421,
        "var": 0.00154241069686
    },
    "silence_rate_30dB": {
        "mean": 0.900617897511,
        "var": 0.0895041301847
    },
    "silence_rate_60dB": {
        "mean": 0.00154479919001,
        "var": 0.00154241069686
    },
    "spectral_centroid": {
        "mean": 1097.76733398,
        "var": 333676.65625
    },
    "spectral_complexity": {
        "mean": 15.8825950623,
        "var": 56.5111465454
    },
    "spectral_decrease": {
        "mean": -1.12556390874e-008,
        "var": 1.81424809067e-016
    },
    "spectral_energy": {
        "mean": 0.0443592742085,
        "var": 0.00268484721892
    },
    "spectral_energyband_high": {
        "mean": 0.00082455057418,
        "var": 8.03554303275e-006
    },
    "spectral_energyband_low": {
        "mean": 0.0257322955877,
        "var": 0.00247691501863
    },
    "spectral_energyband_middle_high": {
        "mean": 0.00418787728995,
        "var": 3.37126803061e-005
    },
    "spectral_energyband_middle_low": {
        "mean": 0.0135194780305,
        "var": 9.53735579969e-005
    },
    "spectral_entropy": {
        "mean": 6.91119098663,
        "var": 0.276750475168
    },
    "spectral_flux": {
        "mean": 0.0840050131083,
        "var": 0.00661518331617
    },
    "spectral_kurtosis": {
        "mean": 7.96139144897,
        "var": 23.5590705872
    },
    "spectral_rms": {
        "mean": 0.00589599227533,
        "var": 8.51458025863e-006
    },
    "spectral_rolloff": {
        "mean": 1038.04772949,
        "var": 1581948.5
    },
    "spectral_skewness": {
        "mean": 1.81345307827,
        "var": 0.266390770674
    },
    "spectral_spread": {
        "mean": 3312897.5,
        "var": 3.76788457882e+012
    },
    "spectral_strongpeak": {
        "mean": 1.04678726196,
        "var": 0.714150130749
    },
    "zerocrossingrate": {
        "mean": 0.0399193800986,
        "var": 0.000799640140031
    },
    "barkbands": {
        "mean": [0.00183742458466, 0.0176047999412, 0.00640269834548, 0.00100189482328, 0.00334062287584, 0.0057689123787, 0.000831669836771, 0.000860458938405, 0.00164096115623, 0.000531619181857, 0.000649476074614, 0.000599121965934, 0.000535755010787, 0.000353052804712, 0.000365170242731, 0.000151876476593, 0.000214202475036, 0.000494574778713, 0.00024457348627, 0.000187756319065, 0.000169274397194, 0.0001421875495, 0.000115485556307, 0.000113114998385, 9.29316156544e-005, 9.81615448836e-005, 1.15781012937e-005],
        "var": [1.17821509775e-005, 0.00142637407407, 0.000233327955357, 1.07203686639e-005, 1.22085029943e-005, 4.09644162573e-005, 1.56863177381e-006, 1.23538961816e-006, 3.94961261918e-006, 1.19089611417e-006, 1.20276217785e-006, 1.36588732857e-006, 1.98863585865e-006, 6.50574577321e-007, 2.10172217407e-007, 1.18217506895e-007, 1.25183888144e-007, 5.58070155421e-007, 2.85509656806e-007, 2.74894631502e-007, 2.98431359624e-007, 2.70260130719e-007, 1.76189743684e-007, 1.90236747244e-007, 1.20403612414e-007, 1.28392301235e-007, 2.39373365574e-009]
    },
    "erbbands": {
        "mean": [0.441877067089, 4.09874010086, 8.70799255371, 4.55185556412, 4.83503723145, 14.2525482178, 19.9504127502, 58.3522720337, 25.7665882111, 14.2457504272, 21.7992591858, 22.2316246033, 37.8807830811, 25.5904254913, 24.7684173584, 27.2318153381, 21.8660755157, 27.0786781311, 14.7426424026, 15.7098493576, 12.8358259201, 8.88084030151, 23.2639274597, 13.2373361588, 16.2124595642, 9.81528091431, 6.96546125412, 6.38824701309, 4.9812541008, 4.1184296608, 3.49832439423, 2.49293637276, 1.79143404961, 1.10235607624, 0.649046778679, 0.393142104149, 0.180470764637, 0.0437871702015, 0.00119358219672, 7.86193122622e-005],
        "var": [1.07146000862, 87.8835754395, 455.897735596, 146.27444458, 167.898391724, 194.613601685, 831.621765137, 5761.515625, 722.220031738, 358.018951416, 807.863952637, 551.354614258, 1984.40844727, 1708.54541016, 2251.91357422, 2458.82226563, 3184.74951172, 3606.51318359, 521.999023438, 640.133544922, 458.358642578, 274.692596436, 1211.29492188, 558.48059082, 1075.25158691, 571.398620605, 524.639892578, 500.856384277, 328.850708008, 235.261383057, 164.268814087, 92.3343658447, 47.1780853271, 18.2058067322, 5.49225759506, 2.03544425964, 0.448299437761, 0.0290657933801, 2.33993196161e-005, 1.86565536353e-008]
    },
    "gfcc": {
        "mean": [-30.482963562, 135.784683228, -137.833587646, 24.1923980713, -52.4382820129, -12.5018081665, -24.1721954346, 0.656949222088, -20.8202438354, -0.76086550951, -7.00834083557, 0.827028572559, -1.96700274944],
        "cov": [[4572.7734375, -1958.12219238, 1245.35852051, 232.517166138, -1.03544318676, 949.371765137, -157.915618896, 215.989776611, -341.516876221, 256.753417969, -186.065719604, 174.785171509, -541.477416992], [-1958.12219238, 1878.88415527, -590.511901855, 33.4054679871, 222.436904907, -524.958496094, 252.681137085, -154.264434814, 267.25604248, -209.978485107, 160.427780151, -182.641448975, 336.069671631], [1245.35852051, -590.511901855, 1363.51806641, 346.427032471, 457.443206787, 690.593261719, 172.470611572, 267.656646729, 24.8871955872, 248.961837769, 20.8539943695, 161.549804688, -268.169555664], [232.517166138, 33.4054679871, 346.427032471, 346.142456055, 260.491363525, 174.667282104, 146.618942261, 87.4256439209, 87.5144424438, 75.0574951172, 84.7626876831, 22.8280963898, -110.983634949], [-1.03544318676, 222.436904907, 457.443206787, 260.491363525, 411.937896729, 229.018463135, 192.893005371, 116.548240662, 122.902702332, 83.775680542, 87.1907424927, 48.6196060181, -71.6175460815], [949.371765137, -524.958496094, 690.593261719, 174.667282104, 229.018463135, 506.164886475, 91.3778686523, 149.823608398, -18.9742889404, 148.975082397, -7.22680711746, 102.893356323, -187.307922363], [-157.915618896, 252.681137085, 172.470611572, 146.618942261, 192.893005371, 91.3778686523, 199.382598877, 70.4646911621, 101.846679688, 28.1704711914, 69.5373764038, 9.78025150299, -3.62664437294], [215.989776611, -154.264434814, 267.656646729, 87.4256439209, 116.548240662, 149.823608398, 70.4646911621, 166.579315186, 52.262046814, 78.5039672852, 17.4028873444, 56.1585922241, -62.736415863], [-341.516876221, 267.25604248, 24.8871955872, 87.5144424438, 122.902702332, -18.9742889404, 101.846679688, 52.262046814, 158.172332764, 37.6952667236, 65.175994873, 6.11880970001, 32.0135574341], [256.753417969, -209.978485107, 248.961837769, 75.0574951172, 83.775680542, 148.975082397, 28.1704711914, 78.5039672852, 37.6952667236, 141.597579956, 40.3400764465, 50.8601913452, -69.1672973633], [-186.065719604, 160.427780151, 20.8539943695, 84.7626876831, 87.1907424927, -7.22680711746, 69.5373764038, 17.4028873444, 65.175994873, 40.3400764465, 111.289535522, 21.4112663269, -9.91902160645], [174.785171509, -182.641448975, 161.549804688, 22.8280963898, 48.6196060181, 102.893356323, 9.78025150299, 56.1585922241, 6.11880970001, 50.8601913452, 21.4112663269, 101.677322388, -30.7324542999], [-541.477416992, 336.069671631, -268.169555664, -110.983634949, -71.6175460815, -187.307922363, -3.62664437294, -62.736415863, 32.0135574341, -69.1672973633, -9.91902160645, -30.7324542999, 194.644256592]],
        "icov": [[0.000597834470682, 6.07813581155e-006, -0.000117959862109, -0.000547385367099, 0.000684197584633, -0.000879973173141, 0.00036453831126, -0.000121961551486, 0.000541079731192, -8.11858189991e-005, 0.000389769935282, -5.0519254728e-005, 0.000444444798632], [6.07813581155e-006, 0.00386131787673, -0.000337109784596, 0.00162916257977, -0.00389999803156, 0.00286235893145, -0.00248729251325, 0.00176608061884, -0.00210441020317, 0.00313451723196, -0.00306563731283, 0.00379421352409, -0.00244029029272], [-0.000117959862109, -0.000337109784596, 0.00333880656399, -0.000731699052267, -0.001612565713, -0.00259139807895, 0.000323914020555, -0.00107862928417, 0.0011447686702, -0.00189395260531, 0.00149647158105, -0.00100235268474, 6.47256965749e-005], [-0.000547385367099, 0.00162916257977, -0.000731699052267, 0.00870053190738, -0.00467181717977, 0.00237237103283, -0.00298846419901, 0.00120798149146, -0.00253935391083, 0.00185056391638, -0.00388104678132, 0.00314539414831, 0.00188896490727], [0.000684197584633, -0.00389999803156, -0.001612565713, -0.00467181717977, 0.0132956346497, -0.00520548596978, 0.000571692246012, -0.00164279714227, -0.000510988349561, -0.00107169838157, 0.00140265782829, -0.00384676549584, 0.00228272285312], [-0.000879973173141, 0.00286235893145, -0.00259139807895, 0.00237237103283, -0.00520548596978, 0.0133292991668, -0.00650186790153, 0.00204599136487, 0.000859432271682, -0.0017324188957, 0.00209825229831, -0.00055851158686, 0.00110400351696], [0.00036453831126, -0.00248729251325, 0.000323914020555, -0.00298846419901, 0.000571692246012, -0.00650186790153, 0.016640111804, -0.00455425586551, -0.00255187833682, 0.00293187773786, -0.00411893986166, 0.00132567994297, -0.00169242953416], [-0.000121961551486, 0.00176608061884, -0.00107862928417, 0.00120798149146, -0.00164279714227, 0.00204599136487, -0.00455425586551, 0.0133715961128, -0.00455989083275, -0.00155454769265, 0.00253834179603, -0.00248576514423, 0.00133798131719], [0.000541079731192, -0.00210441020317, 0.0011447686702, -0.00253935391083, -0.000510988349561, 0.000859432271682, -0.00255187833682, -0.00455989083275, 0.0175877176225, -0.00729032047093, 0.00100016524084, -0.00184591836296, -0.00133409036789], [-8.11858189991e-005, 0.00313451723196, -0.00189395260531, 0.00185056391638, -0.00107169838157, -0.0017324188957, 0.00293187773786, -0.00155454769265, -0.00729032047093, 0.0198917984962, -0.0102984253317, 0.0034356424585, -0.00141463300679], [0.000389769935282, -0.00306563731283, 0.00149647158105, -0.00388104678132, 0.00140265782829, 0.00209825229831, -0.00411893986166, 0.00253834179603, 0.00100016524084, -0.0102984253317, 0.0234379563481, -0.00971341412514, 0.00533953029662], [-5.0519254728e-005, 0.00379421352409, -0.00100235268474, 0.00314539414831, -0.00384676549584, -0.00055851158686, 0.00132567994297, -0.00248576514423, -0.00184591836296, 0.0034356424585, -0.00971341412514, 0.0202673487365, -0.00477893278003], [0.000444444798632, -0.00244029029272, 6.47256965749e-005, 0.00188896490727, 0.00228272285312, 0.00110400351696, -0.00169242953416, 0.00133798131719, -0.00133409036789, -0.00141463300679, 0.00533953029662, -0.00477893278003, 0.0132898716256]]
    },
    "melbands": {
        "mean": [0.00453750928864, 0.00506901973858, 0.000843387446366, 0.000619786093011, 0.000687595282216, 0.0012109328527, 0.000398074509576, 0.000147931481479, 0.000157843256602, 0.000189867860172, 0.00019254097424, 0.000100053759525, 9.42549013416e-005, 6.85483901179e-005, 5.02036709804e-005, 6.24269596301e-005, 4.42131095042e-005, 2.05699470825e-005, 2.10717535083e-005, 1.56585701916e-005, 1.65731253219e-005, 1.03649772427e-005, 5.72592625758e-006, 3.64308361895e-005, 5.7163188103e-006, 1.27780276671e-005, 8.0444606283e-006, 5.96360769123e-006, 5.05011757923e-006, 2.99715270557e-006, 3.94391645386e-006, 2.84398879558e-006, 2.64417758444e-006, 2.03285912903e-006, 2.21954792323e-006, 1.52760060246e-006, 1.51678136717e-006, 1.23938798424e-006, 1.09860536668e-006, 8.73706085258e-007],
        "var": [8.97814607015e-005, 0.00013896782184, 4.52028098152e-006, 6.33935144378e-007, 7.10100266588e-007, 2.33654395743e-006, 1.6077666487e-007, 3.61685472683e-008, 4.47310384288e-008, 5.04866868312e-008, 5.10032798218e-008, 3.12921315526e-008, 2.62137529461e-008, 1.9851896127e-008, 1.21377663476e-008, 2.43913689246e-008, 1.04026627312e-008, 1.30940358556e-009, 8.4081680507e-010, 7.61723017995e-010, 7.61650686965e-010, 3.40719813474e-010, 3.155731787e-010, 2.85897150398e-009, 2.53750687129e-010, 7.39914240988e-010, 3.06960484808e-010, 2.59502447308e-010, 2.73299216591e-010, 1.42899844735e-010, 1.8327188378e-010, 1.18718451736e-010, 9.10930428311e-011, 5.88617002362e-011, 6.8103862827e-011, 3.41726022479e-011, 3.64693067412e-011, 2.22247498183e-011, 1.87286314929e-011, 1.14162698392e-011]
    },
    "mfcc": {
        "mean": [-672.10723877, 168.0650177, -23.7249584198, 33.2840576172, -12.4575901031, -1.26260006428, -2.25062441826, -1.29981255531, -3.85091567039, -2.09954714775, -1.60982263088, -6.37298488617, 0.400002300739],
        "cov": [[3294.20068359, -1565.76330566, 816.88269043, -380.460144043, 247.651260376, 323.662536621, 261.550598145, 106.665130615, -144.423675537, 8.82779884338, 140.10723877, 124.192588806, -115.746009827], [-1565.76330566, 1472.11767578, -467.124969482, 335.390411377, -98.0411148071, -111.049530029, -85.2454071045, -32.6088218689, 135.676635742, -23.326341629, -105.059341431, -49.9724159241, 94.1417007446], [816.88269043, -467.124969482, 794.568908691, 15.4256401062, 374.512420654, 330.811676025, 290.404296875, 205.519866943, 39.3860702515, 129.439727783, 205.262252808, 201.084640503, 30.7521324158], [-380.460144043, 335.390411377, 15.4256401062, 315.596618652, 115.9635849, 74.9091033936, 56.1738700867, 87.5020904541, 13.1059017181, 100.683250427, 129.49798584, 34.40965271, -0.0206520613283], [247.651260376, -98.0411148071, 374.512420654, 115.9635849, 333.254760742, 241.528366089, 187.541091919, 162.120574951, 35.3885803223, 106.249229431, 167.332473755, 158.865661621, 37.2355957031], [323.662536621, -111.049530029, 330.811676025, 74.9091033936, 241.528366089, 288.565551758, 190.027648926, 136.158004761, 25.6825122833, 78.4575576782, 138.345092773, 147.016189575, 29.9350128174], [261.550598145, -85.2454071045, 290.404296875, 56.1738700867, 187.541091919, 190.027648926, 214.823547363, 135.427230835, 23.7133674622, 72.4299468994, 107.443687439, 108.058052063, 21.6772727966], [106.665130615, -32.6088218689, 205.519866943, 87.5020904541, 162.120574951, 136.158004761, 135.427230835, 188.179595947, 42.5124931335, 74.3270111084, 124.941848755, 99.6786575317, 23.270483017], [-144.423675537, 135.676635742, 39.3860702515, 13.1059017181, 35.3885803223, 25.6825122833, 23.7133674622, 42.5124931335, 151.491363525, 10.8049411774, -52.1934585571, 27.97498703, 79.4626541138], [8.82779884338, -23.326341629, 129.439727783, 100.683250427, 106.249229431, 78.4575576782, 72.4299468994, 74.3270111084, 10.8049411774, 171.164413452, 144.770782471, 33.9948120117, -17.228263855], [140.10723877, -105.059341431, 205.262252808, 129.49798584, 167.332473755, 138.345092773, 107.443687439, 124.941848755, -52.1934585571, 144.770782471, 297.465332031, 115.076637268, -63.5288314819], [124.192588806, -49.9724159241, 201.084640503, 34.40965271, 158.865661621, 147.016189575, 108.058052063, 99.6786575317, 27.97498703, 33.9948120117, 115.076637268, 200.520843506, 42.3767051697], [-115.746009827, 94.1417007446, 30.7521324158, -0.0206520613283, 37.2355957031, 29.9350128174, 21.6772727966, 23.270483017, 79.4626541138, -17.228263855, -63.5288314819, 42.3767051697, 144.075622559]],
        "icov": [[0.000766521028709, 0.000569975352846, -0.000345718610333, 0.000293547986075, 0.000108443688077, -0.000532865757123, -0.00024246488465, -1.43814768307e-005, 0.000188668433111, 0.000286196591333, 0.000140910691698, 0.000169967956026, 0.000380999612389], [0.000569975352846, 0.00203718524426, 0.00073605729267, -0.00182679411955, 0.000206490338314, -0.000168646205566, -0.00098680134397, 0.000656939460896, -0.00126369309146, 0.000734902278055, 0.000268578034593, -0.000197582572582, -4.51737068943e-005], [-0.000345718610333, 0.00073605729267, 0.00461458228528, 0.000397474330384, -0.00277828634717, -0.000432362430729, -0.00256434059702, 0.000466545956442, -0.0013141289819, -0.000239860411966, -0.00057522172574, -3.98361698899e-005, -0.000171072926605], [0.000293547986075, -0.00182679411955, 0.000397474330384, 0.00798523426056, -0.00241039786488, -0.000851229182445, 0.000761473551393, -0.00177812960465, 0.00133418396581, -0.00172738509718, -0.00194865476806, 0.00183105852921, -2.19744451897e-005], [0.000108443688077, 0.000206490338314, -0.00277828634717, -0.00241039786488, 0.0124267553911, -0.00415954506025, -0.000137764654937, -0.00166598288342, 0.00016136058548, -0.00100993621163, -0.000192712381249, -0.00220498954877, -0.00115890661255], [-0.000532865757123, -0.000168646205566, -0.000432362430729, -0.000851229182445, -0.00415954506025, 0.0128102740273, -0.00557194650173, 0.0011533863144, -0.000418924464611, 0.000478498375742, -0.000780199130531, -0.00225800741464, -0.000551901001018], [-0.00024246488465, -0.00098680134397, -0.00256434059702, 0.000761473551393, -0.000137764654937, -0.00557194650173, 0.0162878353149, -0.00607977760956, 0.00221770792268, -0.00217123120092, 0.00229549431242, -0.000562353641726, 0.000416921917349], [-1.43814768307e-005, 0.000656939460896, 0.000466545956442, -0.00177812960465, -0.00166598288342, 0.0011533863144, -0.00607977760956, 0.0142782106996, -0.00453031249344, 0.00160893297289, -0.00436945771798, -0.000281419139355, -0.000894015072845], [0.000188668433111, -0.00126369309146, -0.0013141289819, 0.00133418396581, 0.00016136058548, -0.000418924464611, 0.00221770792268, -0.00453031249344, 0.0132124759257, -0.00411284808069, 0.00519548170269, -0.00152914167847, -0.00333691574633], [0.000286196591333, 0.000734902278055, -0.000239860411966, -0.00172738509718, -0.00100993621163, 0.000478498375742, -0.00217123120092, 0.00160893297289, -0.00411284808069, 0.0134744886309, -0.00748375896364, 0.00407107546926, -0.000588608905673], [0.000140910691698, 0.000268578034593, -0.00057522172574, -0.00194865476806, -0.000192712381249, -0.000780199130531, 0.00229549431242, -0.00436945771798, 0.00519548170269, -0.00748375896364, 0.0139900958166, -0.00594648811966, 0.00478993542492], [0.000169967956026, -0.000197582572582, -3.98361698899e-005, 0.00183105852921, -0.00220498954877, -0.00225800741464, -0.000562353641726, -0.000281419139355, -0.00152914167847, 0.00407107546926, -0.00594648811966, 0.0120567884296, -0.0033946048934], [0.000380999612389, -4.51737068943e-005, -0.000171072926605, -2.19744451897e-005, -0.00115890661255, -0.000551901001018, 0.000416921917349, -0.000894015072845, -0.00333691574633, -0.000588608905673, 0.00478993542492, -0.0033946048934, 0.0126893306151]]
    },
    "spectral_contrast_coeffs": {
        "mean": [-0.588653862476, -0.672103881836, -0.710261583328, -0.748989284039, -0.715336859226, -0.718381345272],
        "var": [0.0105240074918, 0.00587174296379, 0.0047049545683, 0.00175976939499, 0.0032449204009, 0.00205753115006]
    },
    "spectral_contrast_valleys": {
        "mean": [-7.7091755867, -6.72342967987, -7.4411149025, -8.09338855743, -8.40407466888, -11.8089199066],
        "var": [1.70142352581, 0.477813631296, 0.591153025627, 0.574408233166, 0.792782664299, 2.17047429085]
    }
},
"metadata": {
    "audio_properties": {
        "analysis_sample_rate": 44100,
        "bit_rate": 128074,
        "equal_loudness": 0,
        "length": 45.0612258911,
        "lossless": 0,
        "replay_gain": -4.48363494873,
        "sample_rate": 44100,
        "codec": "mp3",
        "downmix": "mix",
        "md5_encoded": "378b7312e1e1cc22d544cc58f847a2bc"
    },
    "tags": {
        "file_name": "1816.mp3"
    },
    "version": {
        "essentia": "2.1-beta2",
        "essentia_git_sha": "v2.1_beta2",
        "extractor": "music 1.0"
    }
},
"rhythm": {
    "beats_count": 76,
    "beats_loudness": {
        "mean": 0.0856026336551,
        "var": 0.00647043203935
    },
    "bpm": 98.0578460693,
    "bpm_histogram_first_peak_bpm": {
        "mean": 98,
        "var": 0
    },
    "bpm_histogram_first_peak_spread": {
        "mean": 0.115384593606,
        "var": 0
    },
    "bpm_histogram_first_peak_weight": {
        "mean": 0.61333334446,
        "var": 0
    },
    "bpm_histogram_second_peak_bpm": {
        "mean": 115,
        "var": 0
    },
    "bpm_histogram_second_peak_spread": {
        "mean": 0.470588237047,
        "var": 0
    },
    "bpm_histogram_second_peak_weight": {
        "mean": 0.119999997318,
        "var": 0
    },
    "danceability": 1.43584644794,
    "onset_rate": 2.72838926315,
    "beats_loudness_band_ratio": {
        "mean": [0.431435793638, 0.290002077818, 0.0942502990365, 0.0881796479225, 0.0470066666603, 0.0696141943336],
        "var": [0.13493642211, 0.0866100564599, 0.0084710335359, 0.00797496363521, 0.00188730563968, 0.00970774702728]
    },
    "beats_position": [0.557278871536, 1.14938771725, 1.764716506, 2.36843538284, 2.97215414047, 3.5758728981, 4.20281171799, 4.80653047562, 5.42185926437, 6.03718805313, 6.65251684189, 7.26784563065, 7.87156438828, 8.47528362274, 9.10222244263, 9.70594120026, 10.321269989, 10.9365987778, 11.5519275665, 12.1672563553, 12.7709751129, 13.3746938705, 14.0016326904, 14.6053514481, 15.2206802368, 15.8360090256, 16.4397277832, 17.0550556183, 17.6703853607, 18.2741031647, 18.9010429382, 19.5047607422, 20.1200904846, 20.7354183197, 21.339138031, 21.9544658661, 22.5697956085, 23.1735134125, 23.7888431549, 24.40417099, 25.0078907013, 25.6232185364, 26.2385482788, 26.8538761139, 27.4692058563, 28.0729255676, 28.6998634338, 29.3035831451, 29.9189109802, 30.5342407227, 31.1495685577, 31.7648983002, 32.3802261353, 32.9258956909, 33.4715652466, 34.0172348022, 34.5280723572, 35.0273017883, 35.5381393433, 36.0373687744, 36.5365982056, 37.0474357605, 37.5582771301, 38.0691146851, 38.57995224, 39.1024017334, 39.6248512268, 40.1589126587, 40.6813583374, 41.2038078308, 41.7262573242, 42.2487068176, 42.771156311, 43.3052139282, 43.8276634216, 44.350112915]
},
"tonal": {
    "chords_changes_rate": 0.0144032919779,
    "chords_number_rate": 0.00205761310644,
    "chords_strength": {
        "mean": 0.576687395573,
        "var": 0.00252811377868
    },
    "hpcp_entropy": {
        "mean": 1.34195363522,
        "var": 0.449099391699
    },
    "key_strength": 0.780191361904,
    "tuning_diatonic_strength": 0.55150616169,
    "tuning_equal_tempered_deviation": 0.018972421065,
    "tuning_frequency": 440.254241943,
    "tuning_nontempered_energy_ratio": 0.594047546387,
    "hpcp": {
        "mean": [0.139105781913, 0.0775384381413, 0.0300498399884, 0.033577889204, 0.0721973404288, 0.267107605934, 0.395320147276, 0.208307608962, 0.0370006896555, 0.0163050573319, 0.0140213035047, 0.0264833886176, 0.0369522534311, 0.036518253386, 0.145113617182, 0.230546846986, 0.117266736925, 0.0249781403691, 0.0176133848727, 0.0111628696322, 0.0131915053353, 0.0194953158498, 0.031222878024, 0.0579031184316, 0.054652120918, 0.0441379845142, 0.298153579235, 0.587969958782, 0.344079911709, 0.0411063879728, 0.0278419554234, 0.0240517612547, 0.0186276882887, 0.0177049990743, 0.0277807097882, 0.0952959954739],
        "var": [0.0579806119204, 0.02358356677, 0.0121586881578, 0.0133386328816, 0.0342835374177, 0.0757549256086, 0.119515307248, 0.0484541878104, 0.0111825866625, 0.00343281333335, 0.00339386495762, 0.00764669151977, 0.0083591081202, 0.00817225128412, 0.0444132238626, 0.104994684458, 0.0309230107814, 0.00781374331564, 0.00478964392096, 0.00249253958464, 0.00206376891583, 0.00453556794673, 0.0085348598659, 0.0373044535518, 0.0294717811048, 0.0223201029003, 0.0556861832738, 0.172957390547, 0.0732463821769, 0.0129748238251, 0.0176801793277, 0.0140498941764, 0.00832035113126, 0.0097130490467, 0.0101035851985, 0.0338865928352]
    },
    "chords_histogram": [83.3333358765, 16.6666660309, 0, 0, 0, 0, 0, 0, 0, 0, 0, 0, 0, 0, 0, 0, 0, 0, 0, 0, 0, 0, 0, 0],
    "thpcp": [1, 0.585199832916, 0.0699123963714, 0.0473526827991, 0.0409064441919, 0.0316813588142, 0.030112080276, 0.0472485199571, 0.162076294422, 0.236586540937, 0.131874829531, 0.0511077828705, 0.0571081712842, 0.1227908656, 0.454287856817, 0.672347545624, 0.354282736778, 0.0629295557737, 0.0277311056852, 0.0238469727337, 0.0450420789421, 0.0628471821547, 0.0621090456843, 0.246804475784, 0.392106503248, 0.199443414807, 0.0424819998443, 0.029956266284, 0.0189854428172, 0.0224356800318, 0.0331569947302, 0.0531028471887, 0.0984797254205, 0.0929505303502, 0.075068436563, 0.507089793682],
    "chords_key": "B",
    "chords_scale": "minor",
    "key_key": "B",
    "key_scale": "minor"
}
}