{
"lowlevel": {
    "average_loudness": 0.843118429184,
    "barkbands_crest": {
        "mean": 11.7303180695,
        "var": 13.0156507492
    },
    "barkbands_flatness_db": {
        "mean": 0.256127148867,
        "var": 0.00439064437523
    },
    "barkbands_kurtosis": {
        "mean": 3.97336649895,
        "var": 17.2685031891
    },
    "barkbands_skewness": {
        "mean": 1.12618541718,
        "var": 0.712136209011
    },
    "barkbands_spread": {
        "mean": 7.26601314545,
        "var": 32.3867454529
    },
    "dissonance": {
        "mean": 0.382378578186,
        "var": 0.00372649263591
    },
    "dynamic_complexity": 2.00400590897,
    "erbbands_crest": {
        "mean": 15.4175987244,
        "var": 27.1974182129
    },
    "erbbands_flatness_db": {
        "mean": 0.301080226898,
        "var": 0.00344959739596
    },
    "erbbands_kurtosis": {
        "mean": 3.26991558075,
        "var": 14.2817897797
    },
    "erbbands_skewness": {
        "mean": 0.83989739418,
        "var": 0.690591394901
    },
    "erbbands_spread": {
        "mean": 12.372469902,
        "var": 81.5554046631
    },
    "hfc": {
        "mean": 20.6033649445,
        "var": 291.825408936
    },
    "melbands_crest": {
        "mean": 15.1001462936,
        "var": 24.4458637238
    },
    "melbands_flatness_db": {
        "mean": 0.298996597528,
        "var": 0.00602334365249
    },
    "melbands_kurtosis": {
        "mean": 4.34170293808,
        "var": 24.3862037659
    },
    "melbands_skewness": {
        "mean": 1.07259702682,
        "var": 0.725235462189
    },
    "melbands_spread": {
        "mean": 11.4119501114,
        "var": 71.3163070679
    },
    "pitch_salience": {
        "mean": 0.484804689884,
        "var": 0.00811252649873
    },
    "silence_rate_20dB": {
        "mean": 1,
        "var": 0
    },
    "silence_rate_30dB": {
        "mean": 0.996910393238,
        "var": 0.00308004929684
    },
    "silence_rate_60dB": {
        "mean": 0.00308959838003,
        "var": 0.00308004394174
    },
    "spectral_centroid": {
        "mean": 872.636169434,
        "var": 176081.609375
    },
    "spectral_complexity": {
        "mean": 11.7337799072,
        "var": 13.532128334
    },
    "spectral_decrease": {
        "mean": -5.95703131268e-009,
        "var": 1.36006004117e-017
    },
    "spectral_energy": {
        "mean": 0.0243520066142,
        "var": 0.00023405518732
    },
    "spectral_energyband_high": {
        "mean": 0.00024165189825,
        "var": 9.02768192645e-007
    },
    "spectral_energyband_low": {
        "mean": 5.93056211073e-005,
        "var": 9.80769510051e-009
    },
    "spectral_energyband_middle_high": {
        "mean": 0.00844107754529,
        "var": 8.13474471215e-005
    },
    "spectral_energyband_middle_low": {
        "mean": 0.0174162052572,
        "var": 0.000140151489177
    },
    "spectral_entropy": {
        "mean": 6.31678390503,
        "var": 0.366285830736
    },
    "spectral_flux": {
        "mean": 0.0446257181466,
        "var": 0.000592100434005
    },
    "spectral_kurtosis": {
        "mean": 25.2200889587,
        "var": 963.721435547
    },
    "spectral_rms": {
        "mean": 0.0046744775027,
        "var": 1.90731373095e-006
    },
    "spectral_rolloff": {
        "mean": 1152.49755859,
        "var": 733774
    },
    "spectral_skewness": {
        "mean": 3.54065060616,
        "var": 3.06881856918
    },
    "spectral_spread": {
        "mean": 3071390.75,
        "var": 2.46806006989e+012
    },
    "spectral_strongpeak": {
        "mean": 2.74151778221,
        "var": 4.42418193817
    },
    "zerocrossingrate": {
        "mean": 0.0437315963209,
        "var": 0.000463567266706
    },
    "barkbands": {
        "mean": [8.52056984968e-008, 3.45972495097e-007, 1.17106283142e-005, 0.000159389368491, 0.00116962811444, 0.00275059370324, 0.00193752453197, 0.00344224763103, 0.00415197201073, 0.00501827988774, 0.00057745561935, 0.00151025876403, 0.00102960818913, 0.00180085096508, 0.000239053246332, 2.26132051466e-005, 3.78427612304e-005, 3.30694274453e-005, 0.000119839591207, 0.000148353472468, 1.48932613229e-005, 3.8683105231e-005, 9.98881369014e-005, 1.91420276678e-005, 1.0356176972e-005, 7.92897481006e-006, 4.18097982902e-007],
        "var": [3.59343800646e-014, 5.10014556629e-013, 2.56209997662e-010, 7.20610771054e-008, 1.59751232331e-006, 5.18814840689e-006, 7.89060504758e-006, 2.41581255978e-005, 4.072088268e-005, 8.30115168355e-005, 1.32803984343e-006, 2.65601102001e-006, 3.09499705509e-006, 1.87227833521e-005, 7.86355656146e-007, 1.22188859031e-009, 2.01458605353e-009, 3.02250557915e-009, 7.00100102335e-008, 1.43406424513e-007, 2.05013361843e-009, 6.59905268208e-008, 7.82217341566e-007, 1.47111622884e-009, 2.38743497194e-010, 4.09134753854e-010, 5.48999159935e-013]
    },
    "erbbands": {
        "mean": [1.67632570083e-005, 0.000307108217385, 0.0118746953085, 0.264932990074, 1.28857493401, 3.03950548172, 22.7893409729, 16.3232822418, 16.4922370911, 42.7626724243, 103.222312927, 103.619003296, 192.537658691, 58.1592292786, 27.7321739197, 72.7406692505, 50.0307769775, 110.242744446, 23.5123729706, 5.07518959045, 2.09195828438, 1.4927700758, 1.45883107185, 4.73585176468, 5.96799039841, 8.0994758606, 1.48164021969, 0.524810492992, 0.990903437138, 3.3517408371, 2.07930445671, 0.493999421597, 0.291723996401, 0.116249479353, 0.0797742381692, 0.0406116694212, 0.0131108956411, 0.00221921759658, 6.81376986904e-005, 3.05605644826e-005],
        "var": [3.97997218515e-010, 1.31427583483e-007, 0.000195298576728, 0.163787961006, 6.36184072495, 24.3875198364, 618.184204102, 323.361663818, 554.994445801, 4350.12109375, 17423.0078125, 20838.0625, 115736.359375, 15229.9433594, 1377.28222656, 6686.578125, 5570.95458984, 63739.0859375, 3823.27636719, 64.2448272705, 5.63053178787, 2.2877869606, 3.79450297356, 101.401008606, 190.776184082, 429.570373535, 9.77421760559, 5.98359298706, 25.1738262177, 752.522644043, 350.498291016, 1.66231632233, 0.406663119793, 0.0388821735978, 0.0152192721143, 0.0184178184718, 0.000504558265675, 1.47191485667e-005, 8.98228780244e-009, 3.80144832279e-010]
    },
    "gfcc": {
        "mean": [-73.6317520142, 97.3490905762, -156.186309814, -58.0383720398, -96.4194793701, -10.0607357025, -52.0697174072, -12.4999456406, -39.4323234558, -9.33863067627, -14.9056720734, -14.1409826279, -17.7577228546],
        "cov": [[4989.48828125, -2381.61987305, -207.401672363, 759.13079834, -559.603637695, 436.570465088, 209.205581665, 372.756866455, -679.852539063, 510.241027832, -319.928710938, -373.471618652, -560.397216797], [-2381.61987305, 1931.88293457, 80.2443008423, -533.984008789, 411.394500732, -308.833587646, -138.6484375, -278.600341797, 422.871032715, -344.17364502, 255.074737549, 153.384918213, 317.991027832], [-207.401672363, 80.2443008423, 299.368499756, 25.8619003296, -75.5401992798, 27.5178413391, -63.4297370911, -26.1377868652, 90.2475814819, -2.35915660858, 2.71457600594, 121.761863708, -48.5541572571], [759.13079834, -533.984008789, 25.8619003296, 315.573577881, -76.3380966187, 111.164527893, 25.3226337433, 74.7930145264, -163.591308594, 108.328872681, -16.3610172272, -62.9493751526, -129.945449829], [-559.603637695, 411.394500732, -75.5401992798, -76.3380966187, 265.850646973, -51.1123085022, -13.430352211, -43.621887207, 11.7289867401, -75.1172714233, 47.0010871887, -20.8830966949, 95.6774368286], [436.570465088, -308.833587646, 27.5178413391, 111.164527893, -51.1123085022, 189.962417603, 21.0764770508, 30.0826225281, -41.0576133728, 18.3667526245, -67.5681610107, -2.14178085327, -79.7879867554], [209.205581665, -138.6484375, -63.4297370911, 25.3226337433, -13.430352211, 21.0764770508, 122.34286499, 54.1007919312, -72.9155044556, 6.6375746727, -57.6725120544, -89.5513381958, -17.0231227875], [372.756866455, -278.600341797, -26.1377868652, 74.7930145264, -43.621887207, 30.0826225281, 54.1007919312, 126.309745789, -87.4875259399, 35.4577026367, -53.2762680054, -65.1743087769, -47.227394104], [-679.852539063, 422.871032715, 90.2475814819, -163.591308594, 11.7289867401, -41.0576133728, -72.9155044556, -87.4875259399, 262.188903809, -76.4354248047, 35.2338294983, 110.668678284, 31.3901538849], [510.241027832, -344.17364502, -2.35915660858, 108.328872681, -75.1172714233, 18.3667526245, 6.6375746727, 35.4577026367, -76.4354248047, 190.104003906, 18.0487709045, -60.8036384583, -100.392234802], [-319.928710938, 255.074737549, 2.71457600594, -16.3610172272, 47.0010871887, -67.5681610107, -57.6725120544, -53.2762680054, 35.2338294983, 18.0487709045, 173.001434326, 20.5655269623, 1.98350954056], [-373.471618652, 153.384918213, 121.761863708, -62.9493751526, -20.8830966949, -2.14178085327, -89.5513381958, -65.1743087769, 110.668678284, -60.8036384583, 20.5655269623, 202.716217041, 29.7710437775], [-560.397216797, 317.991027832, -48.5541572571, -129.945449829, 95.6774368286, -79.7879867554, -17.0231227875, -47.227394104, 31.3901538849, -100.392234802, 1.98350954056, 29.7710437775, 185.207672119]],
        "icov": [[0.00102166191209, -0.000667002925184, 0.00135539483745, -0.000667102111038, 0.00182847341057, -0.00076353532495, 0.00141123868525, -0.000176500267116, 0.00209334329702, -0.00103183917236, 0.00204890454188, 0.000162733573234, 0.00197279220447], [-0.000667002925184, 0.00643999734893, -0.00464080227539, 0.00439209211618, -0.00610687769949, 0.0030690934509, -0.00214220280759, 0.00340632977895, -0.00478346878663, 0.0061126309447, -0.00705385720357, 0.00310921971686, -0.0023618475534], [0.00135539483745, -0.00464080227539, 0.00961914192885, -0.00475739315152, 0.00613513309509, -0.0022015387658, 0.00327418092638, -0.00236276863143, 0.00330512388609, -0.00470237527043, 0.00688842218369, -0.0045072035864, 0.00437525380403], [-0.000667102111038, 0.00439209211618, -0.00475739315152, 0.0113229174167, -0.00411931052804, -0.00050248298794, 0.000134576868732, 0.00165251945145, 0.00114514562301, 0.00383520592004, -0.00608639698476, 0.00298508210108, 0.000953159586061], [0.00182847341057, -0.00610687769949, 0.00613513309509, -0.00411931052804, 0.0130123374984, -0.00375301064923, 0.00461627729237, -0.00196748948656, 0.00706858420745, -0.00434485916048, 0.00687702884898, -0.000535207334906, 0.00277879973873], [-0.00076353532495, 0.0030690934509, -0.0022015387658, -0.00050248298794, -0.00375301064923, 0.010860604234, -0.00159880297724, 0.00293362489901, -0.0029903142713, 0.00461525609717, -0.000233263446717, 0.00019487447571, 0.00168892496731], [0.00141123868525, -0.00214220280759, 0.00327418092638, 0.000134576868732, 0.00461627729237, -0.00159880297724, 0.0186627581716, -0.00222695153207, 0.00623693550006, 0.000302155967802, 0.00737622240558, 0.00546803511679, 0.00512365670875], [-0.000176500267116, 0.00340632977895, -0.00236276863143, 0.00165251945145, -0.00196748948656, 0.00293362489901, -0.00222695153207, 0.015661848709, 0.000562291534152, 0.00413376837969, -0.000390876433812, 0.00361871533096, 0.00179465499241], [0.00209334329702, -0.00478346878663, 0.00330512388609, 0.00114514562301, 0.00706858420745, -0.0029903142713, 0.00623693550006, 0.000562291534152, 0.0156602729112, -0.0029206816107, 0.00739030400291, -0.0018677538028, 0.0079773934558], [-0.00103183917236, 0.0061126309447, -0.00470237527043, 0.00383520592004, -0.00434485916048, 0.00461525609717, 0.000302155967802, 0.00413376837969, -0.0029206816107, 0.0160788279027, -0.00788672082126, 0.00554126361385, 0.0015599145554], [0.00204890454188, -0.00705385720357, 0.00688842218369, -0.00608639698476, 0.00687702884898, -0.000233263446717, 0.00737622240558, -0.000390876433812, 0.00739030400291, -0.00788672082126, 0.0191966183484, -0.00251738354564, 0.00744280172512], [0.000162733573234, 0.00310921971686, -0.0045072035864, 0.00298508210108, -0.000535207334906, 0.00019487447571, 0.00546803511679, 0.00361871533096, -0.0018677538028, 0.00554126361385, -0.00251738354564, 0.0131107736379, -0.000907694513444], [0.00197279220447, -0.0023618475534, 0.00437525380403, 0.000953159586061, 0.00277879973873, 0.00168892496731, 0.00512365670875, 0.00179465499241, 0.0079773934558, 0.0015599145554, 0.00744280172512, -0.000907694513444, 0.0170198455453]]
    },
    "melbands": {
        "mean": [8.2839711979e-008, 2.89958643407e-006, 7.85706797615e-005, 0.000106721301563, 0.000636823941022, 0.000398111296818, 0.000293518940452, 0.00045816169586, 0.000878978229593, 0.000619342783466, 0.000944550673012, 0.00022035947768, 8.99260994629e-005, 0.000161658696015, 0.000140421252581, 0.000122076511616, 0.00021481316071, 3.4738874092e-005, 1.06942170532e-005, 3.0547184906e-006, 2.59035232375e-006, 1.79317908078e-006, 9.72662405729e-007, 1.79370010756e-006, 3.86573901778e-006, 5.35387880518e-006, 4.63555807073e-006, 5.19868490301e-006, 9.787485169e-007, 3.65329952956e-007, 2.53970199537e-007, 2.22184695531e-007, 1.5713370658e-006, 2.23208303396e-006, 1.70656289811e-006, 3.25095754761e-007, 2.41743350671e-007, 2.22787150506e-007, 1.27973052599e-007, 8.49228953825e-008],
        "var": [2.82838158547e-014, 1.5417403465e-011, 1.68331553141e-008, 4.36852332086e-008, 4.59877753656e-007, 1.56465162604e-007, 1.45119713579e-007, 3.65246989986e-007, 1.01994930901e-006, 8.10793153505e-007, 2.81978213934e-006, 3.02680916775e-007, 2.92138206959e-008, 3.33666392294e-008, 2.91237594041e-008, 6.94967710047e-008, 2.66263811e-007, 9.40205868716e-009, 1.03231678761e-009, 2.36605682963e-011, 1.05288009214e-011, 4.39100925759e-012, 3.47201954687e-012, 7.4481826956e-012, 8.39727731794e-011, 1.6688321558e-010, 1.84782855683e-010, 1.56803403595e-010, 8.31723925843e-012, 7.24524823817e-013, 3.02310325211e-012, 1.59395283431e-013, 1.32491823068e-010, 4.37384684027e-010, 3.14846454463e-010, 1.03839343808e-012, 3.55435570299e-013, 3.01612386325e-013, 4.33971367414e-014, 2.32602667325e-014]
    },
    "mfcc": {
        "mean": [-721.809082031, 153.082962036, -28.8935089111, -51.286693573, -39.9765205383, -28.9631919861, -16.6581993103, -22.5792236328, -30.5893936157, -5.52629756927, -10.6513090134, -12.8842344284, -15.0064506531],
        "cov": [[4480.25292969, -2211.65039063, -135.868972778, 370.84854126, -527.863586426, 58.6642303467, 665.0078125, -82.1911239624, -256.878173828, 654.72833252, 130.586853027, -356.975372314, -334.028106689], [-2211.65039063, 1690.84094238, 41.5602607727, -258.573059082, 338.055908203, -43.7943153381, -364.573852539, 29.9416027069, 106.454360962, -376.25970459, -48.3231468201, 237.556610107, 211.154418945], [-135.868972778, 41.5602607727, 334.967376709, -30.3794002533, 4.10911083221, 44.8316383362, -128.075790405, 61.6707305908, -12.6322097778, -123.483398438, 120.251754761, 66.0254516602, 58.4022445679], [370.84854126, -258.573059082, -30.3794002533, 178.581802368, -32.6347312927, -34.5565414429, 135.658096313, -39.2323913574, -55.4966621399, 95.9413604736, -26.7307415009, -23.0370388031, -24.7498569489], [-527.863586426, 338.055908203, 4.10911083221, -32.6347312927, 231.267166138, 40.7097663879, -81.5839614868, 30.9404811859, 17.02227211, -120.464454651, -17.1225223541, 67.4260025024, 66.8323059082], [58.6642303467, -43.7943153381, 44.8316383362, -34.5565414429, 40.7097663879, 137.614120483, -19.6544857025, 21.0936050415, 5.07075452805, -30.7579746246, 30.5955486298, 4.92107343674, -5.5199213028], [665.0078125, -364.573852539, -128.075790405, 135.658096313, -81.5839614868, -19.6544857025, 327.906005859, -49.9484214783, -68.9950561523, 182.832321167, -55.3345680237, -80.549369812, -72.6194610596], [-82.1911239624, 29.9416027069, 61.6707305908, -39.2323913574, 30.9404811859, 21.0936050415, -49.9484214783, 162.967636108, 47.921661377, -57.7052001953, -8.76271915436, -9.66676425934, 23.6299324036], [-256.878173828, 106.454360962, -12.6322097778, -55.4966621399, 17.02227211, 5.07075452805, -68.9950561523, 47.921661377, 184.891601563, -16.0288448334, -60.8934822083, -19.3982944489, -41.793510437], [654.72833252, -376.25970459, -123.483398438, 95.9413604736, -120.464454651, -30.7579746246, 182.832321167, -57.7052001953, -16.0288448334, 299.248840332, -64.3582763672, -92.5185241699, -79.2416915894], [130.586853027, -48.3231468201, 120.251754761, -26.7307415009, -17.1225223541, 30.5955486298, -55.3345680237, -8.76271915436, -60.8934822083, -64.3582763672, 238.221603394, 50.5854530334, 43.2502288818], [-356.975372314, 237.556610107, 66.0254516602, -23.0370388031, 67.4260025024, 4.92107343674, -80.549369812, -9.66676425934, -19.3982944489, -92.5185241699, 50.5854530334, 207.08555603, 71.4890136719], [-334.028106689, 211.154418945, 58.4022445679, -24.7498569489, 66.8323059082, -5.5199213028, -72.6194610596, 23.6299324036, -41.793510437, -79.2416915894, 43.2502288818, 71.4890136719, 164.198959351]],
        "icov": [[0.000836017250549, 0.00068378157448, 9.25071217353e-005, -7.5051902968e-006, 0.000300830346532, -0.000278908293694, -0.000395939132432, -0.000355115247658, 0.000593929085881, -0.000578016566578, -0.00053428276442, 0.000122926241602, 0.000490956008434], [0.00068378157448, 0.00219966867007, 9.20138336369e-005, 0.00175012124237, -0.00123800616711, 0.00109095184598, -0.000154956826009, 0.00050958362408, 6.45519685349e-005, 0.000310700415866, 0.000286558293737, -0.000607517722528, -0.000452525302535], [9.25071217353e-005, 9.20138336369e-005, 0.00515119265765, -0.00163976661861, 0.0015370718902, -0.00146807625424, 0.00153654639143, -0.00167905807029, 0.000225957264774, 0.00110873288941, -0.00164562265854, -0.000640423910227, -0.000458386813989], [-7.5051902968e-006, 0.00175012124237, -0.00163976661861, 0.0116009432822, -0.00284809339792, 0.00363002438098, -0.00311142602004, 0.00166511745192, 0.00119583052583, -0.000716631824616, 0.00152849894948, -0.000981786986813, -0.000285079382593], [0.000300830346532, -0.00123800616711, 0.0015370718902, -0.00284809339792, 0.00871988385916, -0.00384854432195, 0.000335559016094, -0.00121855339967, 8.00236157374e-005, 0.00162916816771, 0.000428822386311, -0.000490617239848, -0.00121951871552], [-0.000278908293694, 0.00109095184598, -0.00146807625424, 0.00363002438098, -0.00384854432195, 0.0103127928451, -0.000703701865859, 0.000255001068581, -0.000171012012288, 0.00030178076122, -0.000315859302646, -0.00024890480563, 0.000957893964369], [-0.000395939132432, -0.000154956826009, 0.00153654639143, -0.00311142602004, 0.000335559016094, -0.000703701865859, 0.00714692752808, -0.000404403632274, 0.00177557091229, -0.00151085224934, 0.000635694363154, 0.000377947086236, 0.000827917887364], [-0.000355115247658, 0.00050958362408, -0.00167905807029, 0.00166511745192, -0.00121855339967, 0.000255001068581, -0.000404403632274, 0.00870956014842, -0.00248559913598, 0.00157104933169, 0.0013985154219, 0.00103347236291, -0.00215002615005], [0.000593929085881, 6.45519685349e-005, 0.000225957264774, 0.00119583052583, 8.00236157374e-005, -0.000171012012288, 0.00177557091229, -0.00248559913598, 0.00903232116252, -0.00125932355877, 0.00131766893901, 0.000302073225612, 0.00354240555316], [-0.000578016566578, 0.000310700415866, 0.00110873288941, -0.000716631824616, 0.00162916816771, 0.00030178076122, -0.00151085224934, 0.00157104933169, -0.00125932355877, 0.00775615964085, 0.00134076271206, 0.000439604133135, -0.000747022975702], [-0.00053428276442, 0.000286558293737, -0.00164562265854, 0.00152849894948, 0.000428822386311, -0.000315859302646, 0.000635694363154, 0.0013985154219, 0.00131766893901, 0.00134076271206, 0.00693410402164, -0.000938474258874, -0.00118038349319], [0.000122926241602, -0.000607517722528, -0.000640423910227, -0.000981786986813, -0.000490617239848, -0.00024890480563, 0.000377947086236, 0.00103347236291, 0.000302073225612, 0.000439604133135, -0.000938474258874, 0.0070689083077, -0.00122056691907], [0.000490956008434, -0.000452525302535, -0.000458386813989, -0.000285079382593, -0.00121951871552, 0.000957893964369, 0.000827917887364, -0.00215002615005, 0.00354240555316, -0.000747022975702, -0.00118038349319, -0.00122056691907, 0.0103785237297]]
    },
    "spectral_contrast_coeffs": {
        "mean": [-0.452793866396, -0.60044169426, -0.617041528225, -0.647572696209, -0.732575237751, -0.808988630772],
        "var": [0.00397600186989, 0.00451297871768, 0.00656671170145, 0.0037630519364, 0.00273373653181, 0.00147488643415]
    },
    "spectral_contrast_valleys": {
        "mean": [-10.6702756882, -7.05382966995, -7.66012620926, -9.03182506561, -9.46797943115, -11.3805580139],
        "var": [0.467896848917, 0.635916411877, 0.828285694122, 0.813768863678, 1.39868402481, 1.99539637566]
    }
},
"metadata": {
    "audio_properties": {
        "analysis_sample_rate": 44100,
        "bit_rate": 128074,
        "equal_loudness": 0,
        "length": 45.0612258911,
        "lossless": 0,
        "replay_gain": -6.14851379395,
        "sample_rate": 44100,
        "codec": "mp3",
        "downmix": "mix",
        "md5_encoded": "316068c3d64c0391017e428dc7a4369d"
    },
    "tags": {
        "file_name": "1818.mp3"
    },
    "version": {
        "essentia": "2.1-beta2",
        "essentia_git_sha": "v2.1_beta2",
        "extractor": "music 1.0"
    }
},
"rhythm": {
    "beats_count": 80,
    "beats_loudness": {
        "mean": 0.0273150168359,
        "var": 0.000331326387823
    },
    "bpm": 106.946327209,
    "bpm_histogram_first_peak_bpm": {
        "mean": 108,
        "var": 0
    },
    "bpm_histogram_first_peak_spread": {
        "mean": 0.35897436738,
        "var": 0
    },
    "bpm_histogram_first_peak_weight": {
        "mean": 0.632911384106,
        "var": 0
    },
    "bpm_histogram_second_peak_bpm": {
        "mean": 103,
        "var": 0
    },
    "bpm_histogram_second_peak_spread": {
        "mean": 0,
        "var": 0
    },
    "bpm_histogram_second_peak_weight": {
        "mean": 0.0126582281664,
        "var": 0
    },
    "danceability": 0.941451609135,
    "onset_rate": 1.86329030991,
    "beats_loudness_band_ratio": {
        "mean": [0.0141723277047, 0.18390712142, 0.526138067245, 0.282683700323, 0.0172436069697, 0.0320122875273],
        "var": [0.000358051271178, 0.0237081088126, 0.0460597388446, 0.0305007193238, 0.000783667725045, 0.00381323136389]
    },
    "beats_position": [0.53405892849, 1.09133780003, 1.64861679077, 2.20589566231, 2.77478456497, 3.33206343651, 3.90095233917, 4.446621418, 5.00390005112, 5.5727891922, 6.14167785645, 6.71056699753, 7.26784563065, 7.8251247406, 8.38240337372, 8.93968200684, 9.49696159363, 10.0542402267, 10.6115188599, 11.1687984467, 11.7260770798, 12.2833557129, 12.8522443771, 13.4095239639, 13.966802597, 14.5356912613, 15.0929698944, 15.6502494812, 16.2075271606, 16.7764167786, 17.3336963654, 17.9025840759, 18.4598636627, 19.0171432495, 19.574420929, 20.1317005157, 20.6889801025, 21.246257782, 21.826757431, 22.3956451416, 22.9645347595, 23.5218143463, 24.0790920258, 24.6479816437, 25.2168693542, 25.774148941, 26.343038559, 26.8887062073, 27.4459857941, 28.0032653809, 28.5605430603, 29.1294326782, 29.6983222961, 30.2555999756, 30.8128795624, 31.3701572418, 31.9274368286, 32.4847145081, 33.0419960022, 33.6108856201, 34.1797714233, 34.7370529175, 35.2943305969, 35.8516082764, 36.4088897705, 36.96616745, 37.5234451294, 38.0807266235, 38.6496124268, 39.2185020447, 39.7757797241, 40.3330612183, 40.8903388977, 41.4476165771, 42.0165061951, 42.585395813, 43.1542854309, 43.7231750488, 44.2920608521, 44.86095047]
},
"tonal": {
    "chords_changes_rate": 0.0349794253707,
    "chords_number_rate": 0.00823045242578,
    "chords_strength": {
        "mean": 0.494025409222,
        "var": 0.008026227355
    },
    "hpcp_entropy": {
        "mean": 0.85774064064,
        "var": 0.374656766653
    },
    "key_strength": 0.83010840416,
    "tuning_diatonic_strength": 0.579210400581,
    "tuning_equal_tempered_deviation": 0.00107772578485,
    "tuning_frequency": 440.508636475,
    "tuning_nontempered_energy_ratio": 0.599760293961,
    "hpcp": {
        "mean": [0.116983436048, 0.0583575218916, 0.00666781980544, 0.00699942465872, 0.0128409052268, 0.122229978442, 0.21317730844, 0.107332646847, 0.00771963316947, 0.00206591491587, 0.00317692826502, 0.0154235977679, 0.0234134141356, 0.0223387293518, 0.268655091524, 0.477503746748, 0.229108154774, 0.0540050901473, 0.092286542058, 0.0543761439621, 0.115691788495, 0.2105384022, 0.108955554664, 0.00843580439687, 0.00567263737321, 0.0119550647214, 0.114046357572, 0.194937244058, 0.103834711015, 0.165249153972, 0.300010353327, 0.161123082042, 0.0179866906255, 0.0105449473485, 0.00993000529706, 0.0667402520776],
        "var": [0.0625418275595, 0.0144965648651, 0.000234407256357, 0.000476162036648, 0.00152704759967, 0.0404836498201, 0.102653205395, 0.0302647873759, 0.000523627502844, 4.09386557294e-005, 5.92193937337e-005, 0.00182407791726, 0.00412864657119, 0.00139859609772, 0.0653332918882, 0.187791287899, 0.0464825592935, 0.0193909853697, 0.0738858506083, 0.0207138024271, 0.0392940565944, 0.120354630053, 0.0366625934839, 0.000708483683411, 0.00106287247036, 0.00134083116427, 0.0372213833034, 0.104195393622, 0.0252861659974, 0.0564678795636, 0.163902446628, 0.0559196807444, 0.00180505879689, 0.000951484544203, 0.00147422472946, 0.0226930398494]
    },
    "chords_histogram": [33.8477363586, 15.2263374329, 13.7860078812, 0, 0, 0, 0, 0, 12.3456792831, 0, 0, 0, 0, 0, 0, 1.02880656719, 0.102880656719, 1.54320991039, 0, 2.77777767181, 0, 0, 0, 19.3415641785],
    "thpcp": [1, 0.47980388999, 0.113098777831, 0.193268731236, 0.113875851035, 0.242284566164, 0.440914660692, 0.228177383542, 0.0176664665341, 0.0118797756732, 0.0250365883112, 0.238838672638, 0.408242344856, 0.217453181744, 0.346068799496, 0.628288984299, 0.33742788434, 0.0376681648195, 0.022083485499, 0.0207956600934, 0.1397690624, 0.244989573956, 0.122213743627, 0.013963910751, 0.01465836633, 0.0268917363137, 0.255977004766, 0.446441113949, 0.224778652191, 0.0161666441709, 0.00432648928836, 0.00665320083499, 0.0323004759848, 0.0490329414606, 0.0467823110521, 0.562624037266],
    "chords_key": "G",
    "chords_scale": "major",
    "key_key": "G",
    "key_scale": "major"
}
}