{
"lowlevel": {
    "average_loudness": 0.116962179542,
    "barkbands_crest": {
        "mean": 14.7498168945,
        "var": 33.5513916016
    },
    "barkbands_flatness_db": {
        "mean": 0.329244554043,
        "var": 0.011501820758
    },
    "barkbands_kurtosis": {
        "mean": 13.8202152252,
        "var": 833.499206543
    },
    "barkbands_skewness": {
        "mean": 1.40009343624,
        "var": 3.30248427391
    },
    "barkbands_spread": {
        "mean": 4.51526403427,
        "var": 15.8618507385
    },
    "dissonance": {
        "mean": 0.357955813408,
        "var": 0.00887428689748
    },
    "dynamic_complexity": 7.64609003067,
    "erbbands_crest": {
        "mean": 16.4126644135,
        "var": 55.1927528381
    },
    "erbbands_flatness_db": {
        "mean": 0.352196931839,
        "var": 0.0100878067315
    },
    "erbbands_kurtosis": {
        "mean": 9.1951007843,
        "var": 447.04083252
    },
    "erbbands_skewness": {
        "mean": 1.20444750786,
        "var": 2.02861475945
    },
    "erbbands_spread": {
        "mean": 9.97795391083,
        "var": 70.8584594727
    },
    "hfc": {
        "mean": 5.98711013794,
        "var": 155.92918396
    },
    "melbands_crest": {
        "mean": 17.2110481262,
        "var": 45.5642738342
    },
    "melbands_flatness_db": {
        "mean": 0.397454947233,
        "var": 0.0123384799808
    },
    "melbands_kurtosis": {
        "mean": 10.5510110855,
        "var": 268.245025635
    },
    "melbands_skewness": {
        "mean": 1.1809874773,
        "var": 2.87322640419
    },
    "melbands_spread": {
        "mean": 6.70653772354,
        "var": 44.2431259155
    },
    "pitch_salience": {
        "mean": 0.522062957287,
        "var": 0.0277457125485
    },
    "silence_rate_20dB": {
        "mean": 0.998970687389,
        "var": 0.00102828466333
    },
    "silence_rate_30dB": {
        "mean": 0.97838395834,
        "var": 0.0211477205157
    },
    "silence_rate_60dB": {
        "mean": 0.430777162313,
        "var": 0.245208278298
    },
    "spectral_centroid": {
        "mean": 570.757019043,
        "var": 113604.46875
    },
    "spectral_complexity": {
        "mean": 4.18219232559,
        "var": 10.4794158936
    },
    "spectral_decrease": {
        "mean": -3.51000828402e-009,
        "var": 7.74074955483e-017
    },
    "spectral_energy": {
        "mean": 0.0137906316668,
        "var": 0.00117488158867
    },
    "spectral_energyband_high": {
        "mean": 3.48712887899e-006,
        "var": 2.41028613734e-010
    },
    "spectral_energyband_low": {
        "mean": 0.000174981090822,
        "var": 7.00636689999e-007
    },
    "spectral_energyband_middle_high": {
        "mean": 0.00133365252987,
        "var": 1.0248880244e-005
    },
    "spectral_energyband_middle_low": {
        "mean": 0.0125838015229,
        "var": 0.00111269881018
    },
    "spectral_entropy": {
        "mean": 5.96433067322,
        "var": 0.853465199471
    },
    "spectral_flux": {
        "mean": 0.046144682914,
        "var": 0.00369444978423
    },
    "spectral_kurtosis": {
        "mean": 49.3676986694,
        "var": 3436.99707031
    },
    "spectral_rms": {
        "mean": 0.00259393174201,
        "var": 6.72578880767e-006
    },
    "spectral_rolloff": {
        "mean": 686.036560059,
        "var": 393283.75
    },
    "spectral_skewness": {
        "mean": 4.58924293518,
        "var": 7.86330366135
    },
    "spectral_spread": {
        "mean": 1845760.875,
        "var": 1.7482785751e+012
    },
    "spectral_strongpeak": {
        "mean": 0.947591781616,
        "var": 1.17098450661
    },
    "zerocrossingrate": {
        "mean": 0.0254602357745,
        "var": 0.000303349632304
    },
    "barkbands": {
        "mean": [2.2078118036e-006, 5.64244655834e-005, 8.16998945083e-005, 8.87821661308e-005, 0.00610376987606, 0.00229435553774, 0.000859095307533, 0.00207376061007, 0.000377683376428, 0.00139140780084, 0.000234610313782, 6.43516032142e-005, 5.45157708984e-005, 2.17156466533e-005, 3.26195440721e-005, 1.8271519366e-005, 2.29363267863e-005, 4.64309641757e-006, 2.8644633403e-006, 2.05603396353e-006, 1.44656985412e-006, 5.0238776339e-007, 3.52866578623e-007, 2.717428913e-007, 2.03848784963e-007, 8.12550950968e-008, 6.13966921748e-009],
        "var": [2.08706288363e-010, 9.52621022066e-008, 2.38876026515e-007, 2.5405702786e-007, 0.000786958495155, 3.90187924495e-005, 1.30211838041e-005, 5.27551965206e-005, 1.2436992165e-006, 1.28125830088e-005, 1.27644557324e-006, 2.51865486689e-007, 1.01907716044e-007, 8.04560418288e-009, 6.41652633249e-008, 6.57143051086e-009, 1.00567572048e-008, 2.73708922194e-009, 2.43940229128e-010, 1.12011670772e-010, 1.46492901143e-010, 3.03720807185e-012, 2.09071995827e-012, 1.61604573039e-012, 1.77859831897e-012, 2.97695895712e-013, 4.57536408459e-015]
    },
    "erbbands": {
        "mean": [0.000856828759424, 0.0161428321153, 0.0861689299345, 0.250711977482, 3.16024971008, 26.9939098358, 25.8095169067, 21.2020168304, 13.2865552902, 15.8820638657, 54.6788864136, 12.5608119965, 40.176574707, 27.3403949738, 7.31393241882, 3.06790661812, 2.22404575348, 1.54720771313, 1.78354275227, 1.14285302162, 1.15504229069, 0.894854009151, 0.31125587225, 0.17984969914, 0.13138833642, 0.112827844918, 0.0718183219433, 0.0353683754802, 0.01885420084, 0.013116678223, 0.00960849784315, 0.006417600438, 0.00419580051675, 0.00233240518719, 0.00141186453402, 0.000554527621716, 0.000110703469545, 1.97635908989e-005, 7.31808540877e-006, 1.54711942741e-005],
        "var": [1.53171149577e-005, 0.00810124538839, 0.229256272316, 1.40649497509, 185.972045898, 16567.5351563, 10646.1669922, 4650.44482422, 1893.50695801, 3738.58984375, 37645.0820313, 969.318908691, 16663.6367188, 6530.05273438, 837.956359863, 361.327026367, 168.380065918, 48.2611694336, 148.352630615, 41.1906280518, 18.9446392059, 16.3908462524, 5.35932016373, 2.04406785965, 0.386694163084, 0.479181230068, 0.435119569302, 0.021501172334, 0.00414842320606, 0.00240364391357, 0.00168386392761, 0.000833737605717, 0.000418572803028, 0.000150319450768, 0.000154385503265, 1.69075683516e-005, 5.92635615249e-007, 2.15439666107e-008, 3.7048542012e-010, 1.44666578716e-009]
    },
    "gfcc": {
        "mean": [-253.191864014, 188.703323364, -131.396209717, -20.6585521698, -68.7911071777, -27.6354808807, -21.3822002411, -11.6630134583, -9.69318008423, -19.1905078888, -9.72174263, -8.93939590454, 5.40341472626],
        "cov": [[8824.60351563, -420.499725342, -884.679992676, -1292.36853027, -320.917633057, -262.802825928, -647.682983398, -85.1739807129, -466.457550049, -34.1953048706, -264.151824951, 47.9644126892, 216.560943604], [-420.499725342, 1076.23547363, 58.7159538269, -533.037536621, 105.692863464, -562.188171387, 93.1947174072, -299.85559082, 34.6024246216, -159.714111328, 98.381111145, 9.99775028229, 59.4922447205], [-884.679992676, 58.7159538269, 1369.59814453, 389.42590332, -274.552856445, 25.8987560272, -182.613479614, -84.092048645, -77.3430786133, 17.1826782227, -44.0675086975, -63.7478752136, -43.6142921448], [-1292.36853027, -533.037536621, 389.42590332, 1541.3704834, 42.8994789124, 551.122558594, -65.8731689453, 47.1650848389, -42.2071342468, 115.964599609, 51.7683601379, -80.2882156372, -74.8093948364], [-320.917633057, 105.692863464, -274.552856445, 42.8994789124, 304.236450195, 18.7075443268, 77.0189743042, 2.44859480858, 23.8094158173, -24.296081543, -3.06493735313, 2.97272562981, -8.76728725433], [-262.802825928, -562.188171387, 25.8987560272, 551.122558594, 18.7075443268, 685.903320313, 67.5440216064, 257.273834229, 26.1158390045, 69.4267807007, -57.9136314392, -55.3933601379, -57.0109291077], [-647.682983398, 93.1947174072, -182.613479614, -65.8731689453, 77.0189743042, 67.5440216064, 287.555908203, 132.777648926, 135.162368774, -6.14875841141, 25.8830165863, -13.8102436066, -48.2242889404], [-85.1739807129, -299.85559082, -84.092048645, 47.1650848389, 2.44859480858, 257.273834229, 132.777648926, 314.04019165, 120.235397339, 57.6617546082, -49.5978431702, -29.1829586029, -62.0748939514], [-466.457550049, 34.6024246216, -77.3430786133, -42.2071342468, 23.8094158173, 26.1158390045, 135.162368774, 120.235397339, 183.074554443, 42.7105522156, 26.2774581909, -27.1436214447, -49.9051704407], [-34.1953048706, -159.714111328, 17.1826782227, 115.964599609, -24.296081543, 69.4267807007, -6.14875841141, 57.6617546082, 42.7105522156, 142.338867188, 25.7292022705, -14.6914396286, -59.1488990784], [-264.151824951, 98.381111145, -44.0675086975, 51.7683601379, -3.06493735313, -57.9136314392, 25.8830165863, -49.5978431702, 26.2774581909, 25.7292022705, 120.642799377, 37.8115692139, 7.17558479309], [47.9644126892, 9.99775028229, -63.7478752136, -80.2882156372, 2.97272562981, -55.3933601379, -13.8102436066, -29.1829586029, -27.1436214447, -14.6914396286, 37.8115692139, 118.855049133, 63.5184936523], [216.560943604, 59.4922447205, -43.6142921448, -74.8093948364, -8.76728725433, -57.0109291077, -48.2242889404, -62.0748939514, -49.9051704407, -59.1488990784, 7.17558479309, 63.5184936523, 117.981964111]],
        "icov": [[0.000257487146882, -0.000115877395729, 0.000299796956824, 0.000182511954335, 0.000336164201144, -5.83231267228e-005, 0.000604707398452, -0.000354738585884, 0.000620163453277, -0.000264426722424, 0.000247076590313, 0.000247332238359, -0.000148748760694], [-0.000115877395729, 0.00412437599152, -0.00122954207473, 0.000905211432837, -0.00208696373738, 0.00150840834249, -0.00229431502521, 0.00291695212945, -0.00166770722717, 0.00243339058943, -0.0029020186048, 0.00230076350272, -0.00112446688581], [0.000299796956824, -0.00122954207473, 0.00179445045069, -0.000468908809125, 0.00200005644001, -0.000291428616038, 0.00157372560352, -0.000781337323133, 0.000816944753751, -0.000511107209604, 0.00180519220885, -0.000516304688063, 0.000933189701755], [0.000182511954335, 0.000905211432837, -0.000468908809125, 0.0017293933779, -0.000899936945643, -0.000944961037021, 0.000303808803437, 0.000769704696722, 0.000434586341726, -6.33892123005e-005, -0.00201123929583, 0.00152258458547, -0.000407933956012], [0.000336164201144, -0.00208696373738, 0.00200005644001, -0.000899936945643, 0.00614517508075, -0.000663522921968, 0.000771694583818, -0.000591690884903, 0.000799404049758, -0.000494890031405, 0.00339415599592, -0.00183599651791, 0.00161623035092], [-5.83231267228e-005, 0.00150840834249, -0.000291428616038, -0.000944961037021, -0.000663522921968, 0.0042327279225, -0.00145581783727, -0.00186829280574, 0.000824977993034, 0.000471864477731, -0.000129543972434, 0.00131677847821, -0.00105800258461], [0.000604707398452, -0.00229431502521, 0.00157372560352, 0.000303808803437, 0.000771694583818, -0.00145581783727, 0.00988558772951, -0.00401536095887, -0.00149699149188, 0.00171206495725, -0.000711841566954, -0.000994052737951, 0.00290680723265], [-0.000354738585884, 0.00291695212945, -0.000781337323133, 0.000769704696722, -0.000591690884903, -0.00186829280574, -0.00401536095887, 0.0116134341806, -0.00629999814555, 0.000227894459385, 0.00258452235721, -0.00113553088158, 0.000805320159998], [0.000620163453277, -0.00166770722717, 0.000816944753751, 0.000434586341726, 0.000799404049758, 0.000824977993034, -0.00149699149188, -0.00629999814555, 0.0143401231617, -0.00374089949764, -0.00228327629156, 0.00308121554554, -0.000518060056493], [-0.000264426722424, 0.00243339058943, -0.000511107209604, -6.33892123005e-005, -0.000494890031405, 0.000471864477731, 0.00171206495725, 0.000227894459385, -0.00374089949764, 0.0140116177499, -0.00509288581088, -0.00073752674507, 0.00618914701045], [0.000247076590313, -0.0029020186048, 0.00180519220885, -0.00201123929583, 0.00339415599592, -0.000129543972434, -0.000711841566954, 0.00258452235721, -0.00228327629156, -0.00509288581088, 0.0177139434963, -0.00709921075031, 0.000885969551746], [0.000247332238359, 0.00230076350272, -0.000516304688063, 0.00152258458547, -0.00183599651791, 0.00131677847821, -0.000994052737951, -0.00113553088158, 0.00308121554554, -0.00073752674507, -0.00709921075031, 0.0168423242867, -0.00904561579227], [-0.000148748760694, -0.00112446688581, 0.000933189701755, -0.000407933956012, 0.00161623035092, -0.00105800258461, 0.00290680723265, 0.000805320159998, -0.000518060056493, 0.00618914701045, 0.000885969551746, -0.00904561579227, 0.0183227024972]]
    },
    "melbands": {
        "mean": [1.15446546261e-005, 3.71685891878e-005, 6.90692468197e-005, 0.000987412640825, 0.00114193907939, 0.000451119296486, 0.000206647921004, 0.000193040687009, 0.000411198212532, 6.30926442682e-005, 0.000198454639758, 0.000111950757855, 3.08963353746e-005, 7.64740798331e-006, 7.03392788637e-006, 3.86270812669e-006, 2.63792139776e-006, 2.59844614448e-006, 2.0296722596e-006, 1.55423492743e-006, 1.42835767747e-006, 1.23219217585e-006, 2.83320844119e-007, 2.9772050425e-007, 1.19684941069e-007, 1.15484709795e-007, 8.14430904938e-008, 6.51168576837e-008, 5.59079893492e-008, 2.45625280115e-008, 1.73497340938e-008, 1.07956186213e-008, 8.62407922853e-009, 6.78654510367e-009, 5.70412339584e-009, 4.48803039177e-009, 3.72879505051e-009, 3.07671688127e-009, 2.29716956568e-009, 1.85622195392e-009],
        "var": [3.12844816719e-009, 4.22623891438e-008, 1.0506958148e-007, 1.82763960765e-005, 2.63640158664e-005, 1.939652293e-006, 4.7571847972e-007, 4.34681879824e-007, 2.12114605347e-006, 3.02405958053e-008, 4.01238622771e-007, 1.25889485503e-007, 2.04171879403e-008, 3.58101348574e-009, 1.89731985678e-009, 3.06179276377e-010, 1.42393652425e-010, 2.94601981699e-010, 2.38685599063e-010, 6.33086569279e-011, 3.29301377833e-011, 3.56808471658e-011, 1.85563673802e-012, 1.41404561671e-011, 8.27793074972e-013, 3.69484391e-013, 1.54173684453e-013, 1.38809875595e-013, 3.92108871414e-013, 1.0294557226e-014, 4.20485535632e-015, 1.3341738772e-015, 1.06131089533e-015, 6.94850084572e-016, 6.11622162422e-016, 3.91577481694e-016, 3.08746553299e-016, 2.3055667724e-016, 1.33570240109e-016, 1.06022313297e-016]
    },
    "mfcc": {
        "mean": [-873.770507813, 193.344436646, 10.2481184006, -11.0513105392, -16.7004261017, -23.0207920074, -14.5469102859, -4.10906505585, -0.96649813652, -4.90557289124, -11.0292921066, -7.29817914963, -6.04241657257],
        "cov": [[6243.50439453, 1178.00878906, -1876.79504395, -300.558105469, -514.168701172, -257.691894531, -327.41394043, -312.527832031, -180.021606445, -127.019889832, -400.374572754, -369.661437988, -126.59463501], [1178.00878906, 1156.43444824, -236.004165649, -402.18927002, -275.996032715, -346.327270508, -268.527282715, -169.570587158, -137.532440186, -148.727905273, -149.482254028, -103.198577881, -41.5993919373], [-1876.79504395, -236.004165649, 1533.03308105, 378.111358643, 76.9114227295, 148.621887207, -37.1775398254, -41.2873954773, -87.535774231, -29.7500896454, 90.8056335449, 5.78967809677, -93.5629653931], [-300.558105469, -402.18927002, 378.111358643, 625.992736816, 210.240585327, 187.579116821, 85.6156768799, -73.4051971436, -84.9579544067, 9.72010993958, 28.2716178894, -28.1261520386, -56.2830810547], [-514.168701172, -275.996032715, 76.9114227295, 210.240585327, 285.676116943, 174.669219971, 105.266113281, 47.6113395691, 18.0259780884, 28.0019989014, 30.5987510681, 22.7995033264, -4.37177038193], [-257.691894531, -346.327270508, 148.621887207, 187.579116821, 174.669219971, 287.656097412, 143.121109009, 49.6247749329, 31.1532001495, 43.5980110168, 39.9524688721, 7.99481582642, -31.5328979492], [-327.41394043, -268.527282715, -37.1775398254, 85.6156768799, 105.266113281, 143.121109009, 213.436187744, 126.585617065, 69.3635406494, 65.0218200684, 59.0292472839, 55.2730827332, 29.4204998016], [-312.527832031, -169.570587158, -41.2873954773, -73.4051971436, 47.6113395691, 49.6247749329, 126.585617065, 222.665908813, 162.946090698, 63.163394928, 45.0534324646, 78.1671142578, 59.8643722534], [-180.021606445, -137.532440186, -87.535774231, -84.9579544067, 18.0259780884, 31.1532001495, 69.3635406494, 162.946090698, 201.156646729, 108.018409729, 58.8654670715, 70.4975738525, 52.6498947144], [-127.019889832, -148.727905273, -29.7500896454, 9.72010993958, 28.0019989014, 43.5980110168, 65.0218200684, 63.163394928, 108.018409729, 167.634155273, 127.672134399, 55.9602432251, 26.8818378448], [-400.374572754, -149.482254028, 90.8056335449, 28.2716178894, 30.5987510681, 39.9524688721, 59.0292472839, 45.0534324646, 58.8654670715, 127.672134399, 175.074127197, 103.422599792, 34.9097480774], [-369.661437988, -103.198577881, 5.78967809677, -28.1261520386, 22.7995033264, 7.99481582642, 55.2730827332, 78.1671142578, 70.4975738525, 55.9602432251, 103.422599792, 140.934249878, 87.3511734009], [-126.59463501, -41.5993919373, -93.5629653931, -56.2830810547, -4.37177038193, -31.5328979492, 29.4204998016, 59.8643722534, 52.6498947144, 26.8818378448, 34.9097480774, 87.3511734009, 120.058822632]],
        "icov": [[0.000886080844793, -0.000834019272588, 0.00137280905619, -0.0012934532715, 0.00215953425504, -0.00222111865878, 0.00216312287375, -0.00181689742021, 0.00167008931749, -0.0018910021754, 0.00139062153175, 0.000117665156722, 0.00018101153546], [-0.000834019272588, 0.00274054985493, -0.00129838951398, 0.00219025020488, -0.00199325475842, 0.0034407612402, -0.00165570806712, 0.00224916916341, -0.00089538062457, 0.00167183740996, -0.000508536060806, -0.000421136879595, 0.00067304330878], [0.00137280905619, -0.00129838951398, 0.00318050920032, -0.00273025827482, 0.00379268708639, -0.00418568728492, 0.00470908777788, -0.00410849694163, 0.00310975289904, -0.00187766749877, 0.000563205219805, 0.000315332843456, 0.000793213723227], [-0.0012934532715, 0.00219025020488, -0.00273025827482, 0.00558222876862, -0.00497531797737, 0.00383668881841, -0.00482970895246, 0.00522472057492, -0.00194710330106, 0.00195959256962, -0.00106320832856, -2.04682328331e-005, 2.82627152046e-005], [0.00215953425504, -0.00199325475842, 0.00379268708639, -0.00497531797737, 0.0121118286625, -0.00876786466688, 0.00627835839987, -0.00684234220535, 0.00564062735066, -0.00523103028536, 0.00411404157057, -0.00121084053535, 0.0006035338738], [-0.00222111865878, 0.0034407612402, -0.00418568728492, 0.00383668881841, -0.00876786466688, 0.0153280617669, -0.0111443847418, 0.00836691819131, -0.0071604042314, 0.00576561130583, -0.00333942566067, 0.000220060624997, 0.00231243041344], [0.00216312287375, -0.00165570806712, 0.00470908777788, -0.00482970895246, 0.00627835839987, -0.0111443847418, 0.0209189560264, -0.0164386685938, 0.0126593606547, -0.00977301318198, 0.00462658517063, -0.00228548329324, 0.000439244526206], [-0.00181689742021, 0.00224916916341, -0.00410849694163, 0.00522472057492, -0.00684234220535, 0.00836691819131, -0.0164386685938, 0.0271412041038, -0.021869648248, 0.0128473611549, -0.00541208963841, 0.00117703236174, -0.00201425352134], [0.00167008931749, -0.00089538062457, 0.00310975289904, -0.00194710330106, 0.00564062735066, -0.0071604042314, 0.0126593606547, -0.021869648248, 0.0314298868179, -0.0246209781617, 0.0166782159358, -0.0105984825641, 0.00368002592586], [-0.0018910021754, 0.00167183740996, -0.00187766749877, 0.00195959256962, -0.00523103028536, 0.00576561130583, -0.00977301318198, 0.0128473611549, -0.0246209781617, 0.0400803424418, -0.0337660834193, 0.0196769796312, -0.00732182245702], [0.00139062153175, -0.000508536060806, 0.000563205219805, -0.00106320832856, 0.00411404157057, -0.00333942566067, 0.00462658517063, -0.00541208963841, 0.0166782159358, -0.0337660834193, 0.0421727597713, -0.0290801078081, 0.0112097803503], [0.000117665156722, -0.000421136879595, 0.000315332843456, -2.04682328331e-005, -0.00121084053535, 0.000220060624997, -0.00228548329324, 0.00117703236174, -0.0105984825641, 0.0196769796312, -0.0290801078081, 0.0379174016416, -0.0186886992306], [0.00018101153546, 0.00067304330878, 0.000793213723227, 2.82627152046e-005, 0.0006035338738, 0.00231243041344, 0.000439244526206, -0.00201425352134, 0.00368002592586, -0.00732182245702, 0.0112097803503, -0.0186886992306, 0.0212741978467]]
    },
    "spectral_contrast_coeffs": {
        "mean": [-0.607536554337, -0.687258124352, -0.732005596161, -0.827522158623, -0.83957028389, -0.784807622433],
        "var": [0.0218248199672, 0.0159953068942, 0.0110080298036, 0.0035673591774, 0.00325014116243, 0.00200881692581]
    },
    "spectral_contrast_valleys": {
        "mean": [-9.42887210846, -7.7687792778, -8.71802043915, -9.8061542511, -10.3073701859, -14.0195484161],
        "var": [0.748637676239, 1.29453229904, 1.34822380543, 1.2428483963, 0.904936254025, 1.57496654987]
    }
},
"metadata": {
    "audio_properties": {
        "analysis_sample_rate": 44100,
        "bit_rate": 92930,
        "equal_loudness": 0,
        "length": 45.0873451233,
        "lossless": 0,
        "replay_gain": -3.81475257874,
        "sample_rate": 44100,
        "codec": "mp3",
        "downmix": "mix",
        "md5_encoded": "4d79075e66f623b40dfb98101578f1e5"
    },
    "tags": {
        "file_name": "182.mp3"
    },
    "version": {
        "essentia": "2.1-beta2",
        "essentia_git_sha": "v2.1_beta2",
        "extractor": "music 1.0"
    }
},
"rhythm": {
    "beats_count": 83,
    "beats_loudness": {
        "mean": 0.0241145398468,
        "var": 0.00272193737328
    },
    "bpm": 113.572135925,
    "bpm_histogram_first_peak_bpm": {
        "mean": 115,
        "var": 0
    },
    "bpm_histogram_first_peak_spread": {
        "mean": 0.312499940395,
        "var": 0
    },
    "bpm_histogram_first_peak_weight": {
        "mean": 0.134146347642,
        "var": 0
    },
    "bpm_histogram_second_peak_bpm": {
        "mean": 123,
        "var": 0
    },
    "bpm_histogram_second_peak_spread": {
        "mean": 0.384615391493,
        "var": 0
    },
    "bpm_histogram_second_peak_weight": {
        "mean": 0.0975609719753,
        "var": 0
    },
    "danceability": 1.0652140379,
    "onset_rate": 4.76668071747,
    "beats_loudness_band_ratio": {
        "mean": [0.134662732482, 0.418707698584, 0.379656285048, 0.122714042664, 0.0140529368073, 0.00204211031087],
        "var": [0.0490241907537, 0.118079267442, 0.089765816927, 0.035081807524, 0.000836838444229, 2.56242183241e-005]
    },
    "beats_position": [0.406349211931, 0.812698423862, 1.20743763447, 1.62539684772, 2.06657600403, 2.48453521729, 2.91410422325, 3.33206343651, 3.76163268089, 4.19120168686, 4.66721057892, 5.13160991669, 5.59600877762, 6.06040811539, 6.53641700745, 6.98920631409, 7.51165533066, 8.03410434723, 8.54494285583, 9.05578231812, 9.57823085785, 10.1006803513, 10.623128891, 11.1455783844, 11.6796369553, 12.1324262619, 12.5852155685, 13.0380039215, 13.5372333527, 14.0364627838, 14.5356912613, 15.0581407547, 15.5805892944, 16.1030387878, 16.6254863739, 17.1131057739, 17.600725174, 18.088344574, 18.575963974, 19.0635814667, 19.5512008667, 20.0388202667, 20.5264396667, 21.1069393158, 21.6874370575, 22.2795467377, 22.825214386, 23.3708839417, 23.9165534973, 24.4738311768, 25.0195007324, 25.553560257, 26.0992279053, 26.6565074921, 27.1789569855, 27.7130146027, 28.2819042206, 28.8740139008, 29.4661216736, 30.0582313538, 30.6503391266, 31.2540588379, 31.8577766418, 32.4382743835, 32.9955558777, 33.5528335571, 34.1913833618, 34.7951011658, 35.4104309082, 36.0141487122, 36.6062583923, 37.1983680725, 37.7788658142, 38.3825836182, 38.9863014221, 39.5900230408, 40.344669342, 41.0877075195, 41.8423576355, 42.585395813, 43.340045929, 44.0830841064, 44.8145103455]
},
"tonal": {
    "chords_changes_rate": 0.0617283955216,
    "chords_number_rate": 0.0102880662307,
    "chords_strength": {
        "mean": 0.528292179108,
        "var": 0.00854405574501
    },
    "hpcp_entropy": {
        "mean": 1.77772855759,
        "var": 0.643186628819
    },
    "key_strength": 0.73807156086,
    "tuning_diatonic_strength": 0.648715257645,
    "tuning_equal_tempered_deviation": 0.138748854399,
    "tuning_frequency": 435.700531006,
    "tuning_nontempered_energy_ratio": 0.806272029877,
    "hpcp": {
        "mean": [0.208589494228, 0.184762895107, 0.078822851181, 0.0502429269254, 0.0723597705364, 0.13258369267, 0.133856758475, 0.0802030041814, 0.14433477819, 0.255783349276, 0.1829020679, 0.0628147125244, 0.0429640226066, 0.040839549154, 0.0858516544104, 0.26147249341, 0.277362018824, 0.101931296289, 0.0384015589952, 0.0604138299823, 0.131059780717, 0.139821231365, 0.0697795823216, 0.037994094193, 0.0422147028148, 0.0730272084475, 0.124584317207, 0.128731384873, 0.0912170112133, 0.157125622034, 0.326081722975, 0.272588789463, 0.0930579453707, 0.0503096804023, 0.0558836348355, 0.10867767781],
        "var": [0.0988297984004, 0.082281857729, 0.0184044763446, 0.0140286292881, 0.0244099926203, 0.0684940293431, 0.0609120577574, 0.0204297862947, 0.050690036267, 0.139357984066, 0.0753158181906, 0.0200224276632, 0.0126295741647, 0.0114098610356, 0.0188056211919, 0.106144361198, 0.130988702178, 0.0242323353887, 0.0117132402956, 0.0176618434489, 0.0608650669456, 0.0737431198359, 0.0241907034069, 0.0136442761868, 0.0109567726031, 0.0223379861563, 0.0511457622051, 0.0567479766905, 0.0353484638035, 0.048528816551, 0.141382366419, 0.106487154961, 0.0274117030203, 0.017908019945, 0.0192457009107, 0.0421016290784]
    },
    "chords_histogram": [21.707818985, 1.44032919407, 11.0082302094, 0, 0, 0, 0, 0, 0, 2.88065838814, 0, 0, 0, 0, 0, 8.95061683655, 0, 6.37860059738, 0, 4.42386817932, 0, 7.81893014908, 27.1604938507, 8.23045253754],
    "thpcp": [1, 0.835952341557, 0.285382270813, 0.154285490513, 0.171379223466, 0.333283573389, 0.639684736729, 0.566615283489, 0.241727292538, 0.15408077836, 0.221906855702, 0.406596511602, 0.410500645638, 0.245959833264, 0.442633748055, 0.784414887428, 0.560908675194, 0.192634880543, 0.131758451462, 0.125243291259, 0.263282626867, 0.801861822605, 0.850590527058, 0.31259432435, 0.117766670883, 0.185272052884, 0.401923120022, 0.428791999817, 0.213994160295, 0.116517089307, 0.129460498691, 0.223953694105, 0.382064700127, 0.394782572985, 0.279736667871, 0.481859654188],
    "chords_key": "C",
    "chords_scale": "major",
    "key_key": "G",
    "key_scale": "major"
}
}