{
"lowlevel": {
    "average_loudness": 0.979051530361,
    "barkbands_crest": {
        "mean": 12.3668861389,
        "var": 15.842294693
    },
    "barkbands_flatness_db": {
        "mean": 0.202633008361,
        "var": 0.00585391139612
    },
    "barkbands_kurtosis": {
        "mean": 22.0220375061,
        "var": 788.185546875
    },
    "barkbands_skewness": {
        "mean": 3.4561650753,
        "var": 3.72157740593
    },
    "barkbands_spread": {
        "mean": 13.3582820892,
        "var": 132.592498779
    },
    "dissonance": {
        "mean": 0.460425198078,
        "var": 0.000900954240933
    },
    "dynamic_complexity": 1.65289819241,
    "erbbands_crest": {
        "mean": 9.67617797852,
        "var": 25.5931854248
    },
    "erbbands_flatness_db": {
        "mean": 0.13719817996,
        "var": 0.00178204698022
    },
    "erbbands_kurtosis": {
        "mean": 1.56222426891,
        "var": 40.0204353333
    },
    "erbbands_skewness": {
        "mean": 0.837435424328,
        "var": 1.11766850948
    },
    "erbbands_spread": {
        "mean": 53.2126350403,
        "var": 795.564086914
    },
    "hfc": {
        "mean": 18.9159812927,
        "var": 163.939819336
    },
    "melbands_crest": {
        "mean": 17.8406925201,
        "var": 24.1112480164
    },
    "melbands_flatness_db": {
        "mean": 0.280891627073,
        "var": 0.00971788633615
    },
    "melbands_kurtosis": {
        "mean": 58.5088310242,
        "var": 5579.22070313
    },
    "melbands_skewness": {
        "mean": 5.16522502899,
        "var": 8.92702579498
    },
    "melbands_spread": {
        "mean": 10.2200279236,
        "var": 138.673660278
    },
    "pitch_salience": {
        "mean": 0.467039644718,
        "var": 0.0145411258563
    },
    "silence_rate_20dB": {
        "mean": 1,
        "var": 0
    },
    "silence_rate_30dB": {
        "mean": 0.972708523273,
        "var": 0.0265464875847
    },
    "silence_rate_60dB": {
        "mean": 0.00978372804821,
        "var": 0.00968778505921
    },
    "spectral_centroid": {
        "mean": 816.970275879,
        "var": 288295.71875
    },
    "spectral_complexity": {
        "mean": 15.6771373749,
        "var": 96.8622741699
    },
    "spectral_decrease": {
        "mean": -1.40094291723e-008,
        "var": 5.38384365227e-017
    },
    "spectral_energy": {
        "mean": 0.0545905306935,
        "var": 0.00079151627142
    },
    "spectral_energyband_high": {
        "mean": 0.000814796891063,
        "var": 8.60594923324e-007
    },
    "spectral_energyband_low": {
        "mean": 0.0373065695167,
        "var": 0.000661394034978
    },
    "spectral_energyband_middle_high": {
        "mean": 0.00300447712652,
        "var": 1.56376299856e-005
    },
    "spectral_energyband_middle_low": {
        "mean": 0.0182026978582,
        "var": 0.000218866363866
    },
    "spectral_entropy": {
        "mean": 7.35385417938,
        "var": 0.412622481585
    },
    "spectral_flux": {
        "mean": 0.113515973091,
        "var": 0.0032346919179
    },
    "spectral_kurtosis": {
        "mean": 4.47946357727,
        "var": 22.482793808
    },
    "spectral_rms": {
        "mean": 0.00702541973442,
        "var": 3.90249942939e-006
    },
    "spectral_rolloff": {
        "mean": 604.224609375,
        "var": 1104784.5
    },
    "spectral_skewness": {
        "mean": 1.6595441103,
        "var": 0.461988538504
    },
    "spectral_spread": {
        "mean": 5505003,
        "var": 4.5861348311e+012
    },
    "spectral_strongpeak": {
        "mean": 0.715253829956,
        "var": 0.449087381363
    },
    "zerocrossingrate": {
        "mean": 0.0387972407043,
        "var": 0.000949018751271
    },
    "barkbands": {
        "mean": [0.000460244773421, 0.0164402909577, 0.0158285088837, 0.00681689986959, 0.0052161985077, 0.00229137483984, 0.000898609636351, 0.00133273098618, 0.00139290781226, 0.000657220953144, 0.000468713871669, 0.000259248714428, 0.000164976503584, 0.000376639101887, 0.00041505577974, 0.000200712893275, 0.000138684554258, 0.000141732190968, 0.0001779354061, 0.000221311333007, 0.000169917693711, 0.000150495645357, 0.000109188054921, 9.21682440094e-005, 0.00011931478366, 4.94953528687e-005, 2.42636355452e-009],
        "var": [6.9674314318e-007, 0.000379586039344, 0.000150213105371, 3.71212809114e-005, 7.40558825783e-005, 1.46629135998e-005, 3.57677231477e-006, 8.10096389614e-006, 1.43431752804e-005, 3.53638301931e-006, 2.56107523455e-006, 4.7654015134e-007, 8.17454051116e-008, 1.24496625631e-006, 1.60030788265e-006, 1.03016404296e-007, 4.61294753507e-008, 3.82975215985e-008, 5.73608929244e-008, 8.05679505334e-008, 5.38702735753e-008, 4.64788705301e-008, 2.80615513049e-008, 1.75905672251e-008, 5.99522493872e-008, 7.31898941453e-009, 1.27319131664e-015]
    },
    "erbbands": {
        "mean": [0.348774194717, 4.2197804451, 16.1486129761, 24.3686656952, 19.0063991547, 15.3484554291, 18.5984363556, 16.9842071533, 13.3177251816, 18.5563030243, 33.0774879456, 38.4044799805, 20.3660984039, 17.3179683685, 17.4593734741, 11.549665451, 7.51158285141, 17.1643486023, 17.42918396, 22.721452713, 11.2306919098, 7.93380689621, 7.84543323517, 8.43613815308, 9.01342010498, 10.4044151306, 8.4573392868, 6.16291236877, 5.51839160919, 4.15634632111, 2.92841148376, 2.00492787361, 1.55981075764, 1.33513665199, 0.821092247963, 0.322642594576, 0.0718134865165, 0.0051595363766, 0.0001345773926, 6.84026672388e-005],
        "var": [0.26686167717, 21.5042037964, 159.288848877, 344.202484131, 844.634887695, 764.912841797, 1254.21362305, 924.503967285, 1028.5032959, 1056.09802246, 4622.57763672, 11691.1337891, 2102.22314453, 3082.67236328, 2943.80151367, 877.92956543, 117.218444824, 2554.66064453, 1352.21228027, 6571.52050781, 249.314025879, 132.763061523, 121.115531921, 118.957748413, 158.741760254, 182.444244385, 131.559860229, 70.84400177, 59.5306892395, 40.7169952393, 19.5668983459, 8.5410785675, 5.66764831543, 7.67960691452, 2.7647664547, 0.330455243587, 0.0172335058451, 0.000106594605313, 3.93057995041e-008, 1.13540299385e-009]
    },
    "gfcc": {
        "mean": [7.23112106323, 101.043807983, -82.4271850586, 46.8896827698, -52.7515525818, 23.4606113434, -32.7849349976, 14.3186283112, -26.754699707, 4.04627990723, -24.5560092926, -9.19547271729, -11.9143075943],
        "cov": [[4772.70703125, -1105.15026855, -857.065917969, -84.5625076294, -589.376586914, -47.9891281128, -484.606140137, 194.640319824, -237.819244385, 324.899078369, -160.340515137, 199.790054321, -52.1603507996], [-1105.15026855, 1039.71533203, 136.738967896, -32.6096763611, 304.728118896, -114.158866882, 215.387451172, -122.168464661, 75.5896759033, -156.709823608, 106.490509033, -153.863891602, 110.034797668], [-857.065917969, 136.738967896, 787.678833008, 60.5510520935, 188.786712646, 58.1338272095, 62.1349983215, -25.3952999115, -35.4270172119, 6.45374345779, -4.71784877777, -27.397983551, -16.0937328339], [-84.5625076294, -32.6096763611, 60.5510520935, 371.592834473, 70.7308654785, 27.6225528717, 105.736549377, -28.9058856964, 55.5588645935, -60.7007980347, 43.195526123, 3.4637055397, 9.35957145691], [-589.376586914, 304.728118896, 188.786712646, 70.7308654785, 312.407623291, 16.0073547363, 137.218292236, -30.6983509064, 29.995716095, -32.8883323669, 35.2983360291, -32.172744751, 26.3391876221], [-47.9891281128, -114.158866882, 58.1338272095, 27.6225528717, 16.0073547363, 151.348358154, 46.2897720337, 22.3984794617, 13.3733148575, -0.98994910717, 2.58609628677, 10.5878324509, -17.7850208282], [-484.606140137, 215.387451172, 62.1349983215, 105.736549377, 137.218292236, 46.2897720337, 224.880783081, -3.49103808403, 53.672088623, -44.957359314, 40.9106636047, -32.6192588806, 25.317937851], [194.640319824, -122.168464661, -25.3952999115, -28.9058856964, -30.6983509064, 22.3984794617, -3.49103808403, 119.824203491, 14.4190702438, 48.9141693115, -13.7882442474, 14.5593996048, 5.67729139328], [-237.819244385, 75.5896759033, -35.4270172119, 55.5588645935, 29.995716095, 13.3733148575, 53.672088623, 14.4190702438, 114.760070801, -20.5335426331, 30.6172866821, -13.7378911972, 9.5465927124], [324.899078369, -156.709823608, 6.45374345779, -60.7007980347, -32.8883323669, -0.98994910717, -44.957359314, 48.9141693115, -20.5335426331, 165.593673706, -1.37185251713, 20.1496658325, 9.43439102173], [-160.340515137, 106.490509033, -4.71784877777, 43.195526123, 35.2983360291, 2.58609628677, 40.9106636047, -13.7882442474, 30.6172866821, -1.37185251713, 81.4764328003, 3.66843867302, 22.7396354675], [199.790054321, -153.863891602, -27.397983551, 3.4637055397, -32.172744751, 10.5878324509, -32.6192588806, 14.5593996048, -13.7378911972, 20.1496658325, 3.66843867302, 102.903038025, -8.85595989227], [-52.1603507996, 110.034797668, -16.0937328339, 9.35957145691, 26.3391876221, -17.7850208282, 25.317937851, 5.67729139328, 9.5465927124, 9.43439102173, 22.7396354675, -8.85595989227, 84.1204376221]],
        "icov": [[0.000575664278585, -0.000416519731516, 0.000654769130051, -0.000827557989396, 0.000427472026786, -0.000483043113491, 0.00088822573889, -0.000719676783774, 0.00115060515236, -0.00111369916704, 0.000893441960216, -0.000601252540946, 0.000353907555109], [-0.000416519731516, 0.00547011522576, -0.00105987512507, 0.00360761233605, -0.00276916264556, 0.00413631042466, -0.00324168778025, 0.00280162878335, -0.00212361942977, 0.00448979064822, -0.00501031288877, 0.00454748654738, -0.00391893927008], [0.000654769130051, -0.00105987512507, 0.00246332469396, -0.00155539216939, -0.00034208202851, -0.00157339090947, 0.0014876635978, -0.000957583019044, 0.00224594958127, -0.00203273887746, 0.00173539039679, -0.000741879746784, 0.00125393539201], [-0.000827557989396, 0.00360761233605, -0.00155539216939, 0.00643170066178, -0.00189184269402, 0.00279093231075, -0.00399077590555, 0.00301061826758, -0.00349213997833, 0.00451681762934, -0.00456748809665, 0.00238136714324, -0.00268982513808], [0.000427472026786, -0.00276916264556, -0.00034208202851, -0.00189184269402, 0.00680311163887, -0.00168788188603, -0.000856803555507, -0.000648523622658, 0.00101859157439, -0.0024902743753, 0.00221792142838, -0.0022312940564, 0.00117622874677], [-0.000483043113491, 0.00413631042466, -0.00157339090947, 0.00279093231075, -0.00168788188603, 0.0111954873428, -0.0047073205933, 0.000757625617553, -0.00223939097486, 0.00362441176549, -0.00402087206021, 0.00239015533589, -0.000874281278811], [0.00088822573889, -0.00324168778025, 0.0014876635978, -0.00399077590555, -0.000856803555507, -0.0047073205933, 0.0109533397481, -0.00331901758909, 0.00128025957383, -0.00232202163897, 0.00184323138092, -0.00121911126189, 0.00120864005294], [-0.000719676783774, 0.00280162878335, -0.000957583019044, 0.00301061826758, -0.000648523622658, 0.000757625617553, -0.00331901758909, 0.0132131734863, -0.00477376673371, -0.000252698606346, 0.000148007035023, 0.00113264203537, -0.00350937969051], [0.00115060515236, -0.00212361942977, 0.00224594958127, -0.00349213997833, 0.00101859157439, -0.00223939097486, 0.00128025957383, -0.00477376673371, 0.0145151065663, -0.00195816461928, -0.0008802213124, -0.000520811299793, 0.00220943428576], [-0.00111369916704, 0.00448979064822, -0.00203273887746, 0.00451681762934, -0.0024902743753, 0.00362441176549, -0.00232202163897, -0.000252698606346, -0.00195816461928, 0.0127070695162, -0.00649681780487, 0.00344439805485, -0.0042770751752], [0.000893441960216, -0.00501031288877, 0.00173539039679, -0.00456748809665, 0.00221792142838, -0.00402087206021, 0.00184323138092, 0.000148007035023, -0.0008802213124, -0.00649681780487, 0.0218669213355, -0.00655920384452, 6.55702024233e-005], [-0.000601252540946, 0.00454748654738, -0.000741879746784, 0.00238136714324, -0.0022312940564, 0.00239015533589, -0.00121911126189, 0.00113264203537, -0.000520811299793, 0.00344439805485, -0.00655920384452, 0.0152186155319, -0.00218557449989], [0.000353907555109, -0.00391893927008, 0.00125393539201, -0.00268982513808, 0.00117622874677, -0.000874281278811, 0.00120864005294, -0.00350937969051, 0.00220943428576, -0.0042770751752, 6.55702024233e-005, -0.00218557449989, 0.0170736368746]]
    },
    "melbands": {
        "mean": [0.00389700056985, 0.00774317607284, 0.00405828282237, 0.00124019454233, 0.0006362805143, 0.000392234767787, 0.000196830791538, 0.000212776823901, 0.000291434960673, 0.00020924625278, 9.54163988354e-005, 6.98576841387e-005, 6.59853540128e-005, 3.36657176376e-005, 1.92361549125e-005, 1.75733093783e-005, 3.46529341186e-005, 2.87814837066e-005, 2.84337293124e-005, 2.28748122026e-005, 1.1744297808e-005, 8.19689739728e-006, 7.38496100894e-006, 6.54735322314e-006, 6.85373970555e-006, 6.55074154565e-006, 6.76901254337e-006, 6.9573197834e-006, 5.80417236051e-006, 3.90216928281e-006, 3.46981892108e-006, 3.24367510984e-006, 2.67657969744e-006, 2.16813259613e-006, 1.74095373495e-006, 1.38393033922e-006, 1.1672701703e-006, 1.06419804524e-006, 1.12548036668e-006, 1.12168481792e-006],
        "var": [2.51321744145e-005, 3.43849424098e-005, 8.83727170731e-006, 4.61024546894e-006, 1.22193716834e-006, 4.52830136055e-007, 1.99378817456e-007, 1.57834023184e-007, 3.24447910316e-007, 3.59436995723e-007, 5.6078256705e-008, 5.88922226541e-008, 5.4022351037e-008, 9.10190056658e-009, 1.32623079185e-009, 1.0424161534e-009, 1.23374030991e-008, 5.19751885975e-009, 7.65564234229e-009, 4.25879687072e-009, 3.01802166591e-010, 1.59298768621e-010, 1.1732957661e-010, 8.76536621064e-011, 8.43431158248e-011, 9.14849099254e-011, 9.510251614e-011, 8.25844947983e-011, 6.44224604218e-011, 3.04557282171e-011, 2.46185849484e-011, 2.131084198e-011, 1.67110856403e-011, 1.23340990199e-011, 7.35187084822e-012, 4.55186799711e-012, 2.97699538632e-012, 2.40904063191e-012, 5.1400858396e-012, 6.01951908458e-012]
    },
    "mfcc": {
        "mean": [-644.719970703, 127.719978333, 29.1240081787, 33.6567726135, 10.6334733963, 12.6247234344, 8.99149799347, 4.24316120148, 9.21576309204, 8.01331043243, -0.683375954628, -3.42999863625, -2.26650643349],
        "cov": [[4883.38671875, -1283.17370605, -652.372253418, -282.28503418, -329.738555908, -335.92980957, -324.720092773, -250.486984253, -140.336990356, -80.8602752686, -41.8637123108, -18.4021091461, -13.1808404922], [-1283.17370605, 1099.77197266, 14.1448078156, 85.4216079712, 109.01990509, 31.5646057129, 146.186050415, -19.8637485504, 45.5078430176, 26.2860069275, -14.9285583496, -32.7879486084, -36.1321372986], [-652.372253418, 14.1448078156, 498.408203125, 50.6209754944, 89.4221572876, 71.7896728516, 62.5050773621, 14.8442020416, 6.17144393921, 4.85263872147, 2.73133540154, 12.1625461578, 0.244808122516], [-282.28503418, 85.4216079712, 50.6209754944, 321.826690674, 58.1465454102, 93.0351333618, 75.3062515259, 50.7283439636, 25.897649765, 10.283987999, -13.4701938629, 30.4531650543, 15.046254158], [-329.738555908, 109.01990509, 89.4221572876, 58.1465454102, 158.802383423, 40.1142578125, 34.0417060852, 18.4795398712, 15.1466112137, 3.6520652771, -4.16304397583, 5.83671998978, 8.64844417572], [-335.92980957, 31.5646057129, 71.7896728516, 93.0351333618, 40.1142578125, 177.425186157, 66.1021347046, 69.7604598999, 4.30178403854, 9.615442276, 16.3009471893, 2.00778722763, 18.3897190094], [-324.720092773, 146.186050415, 62.5050773621, 75.3062515259, 34.0417060852, 66.1021347046, 155.023727417, 17.6988735199, 33.1437950134, 33.4857673645, 4.05088758469, 2.93493080139, -0.781619489193], [-250.486984253, -19.8637485504, 14.8442020416, 50.7283439636, 18.4795398712, 69.7604598999, 17.6988735199, 188.170806885, 17.8214969635, -18.8432235718, 12.3771095276, 14.7015733719, 28.3617572784], [-140.336990356, 45.5078430176, 6.17144393921, 25.897649765, 15.1466112137, 4.30178403854, 33.1437950134, 17.8214969635, 90.9975128174, 44.1023635864, 4.01391363144, 0.577073395252, 0.492291331291], [-80.8602752686, 26.2860069275, 4.85263872147, 10.283987999, 3.6520652771, 9.615442276, 33.4857673645, -18.8432235718, 44.1023635864, 97.6454849243, 25.8937797546, 4.54485607147, -10.3694181442], [-41.8637123108, -14.9285583496, 2.73133540154, -13.4701938629, -4.16304397583, 16.3009471893, 4.05088758469, 12.3771095276, 4.01391363144, 25.8937797546, 69.2407608032, 11.5795574188, 10.8335170746], [-18.4021091461, -32.7879486084, 12.1625461578, 30.4531650543, 5.83671998978, 2.00778722763, 2.93493080139, 14.7015733719, 0.577073395252, 4.54485607147, 11.5795574188, 69.6498565674, 19.5518703461], [-13.1808404922, -36.1321372986, 0.244808122516, 15.046254158, 8.64844417572, 18.3897190094, -0.781619489193, 28.3617572784, 0.492291331291, -10.3694181442, 10.8335170746, 19.5518703461, 69.9365692139]],
        "icov": [[0.000486961915158, 0.000541081593838, 0.000517484149896, -4.9348702305e-005, 0.000186760385986, 0.000391274574213, -2.87977836706e-005, 0.00048645681818, 0.000247501855483, 0.000146993319504, 0.00011789308337, 0.000150372026837, 1.63015756698e-005], [0.000541081593838, 0.00176356697921, 0.000775076332502, -0.000157564383699, -0.000538888853043, 0.000651390408166, -0.00111911317799, 0.000707705738023, 6.60293153487e-005, 0.000407234299928, 5.45532420801e-005, 0.000651674345136, 0.000509423727635], [0.000517484149896, 0.000775076332502, 0.00295179174282, 7.58034657338e-005, -0.00106005417183, -0.000239778557443, -0.000778489687946, 0.000744641933125, 0.000290399533696, 0.00045385863632, 6.39955178485e-005, -0.000253298407188, 0.000480932241771], [-4.9348702305e-005, -0.000157564383699, 7.58034657338e-005, 0.00435501290485, -0.000737324706279, -0.00184098107275, -0.000976744573563, -0.000301289575873, -0.000665146159008, -2.68123167189e-005, 0.00167601846624, -0.00204863306135, -2.75741658697e-005], [0.000186760385986, -0.000538888853043, -0.00106005417183, -0.000737324706279, 0.0081658186391, -0.000670442939736, 0.000263472087681, 9.8754222563e-005, -0.000708564184606, 0.000168692655279, 0.000679446849972, -0.00024269381538, -0.000958882563282], [0.000391274574213, 0.000651390408166, -0.000239778557443, -0.00184098107275, -0.000670442939736, 0.00973654631525, -0.00286747515202, -0.00238768896088, 0.00253429333679, -0.00100542255677, -0.00166949082632, 0.00234351167455, -0.00129733397625], [-2.87977836706e-005, -0.00111911317799, -0.000778489687946, -0.000976744573563, 0.000263472087681, -0.00286747515202, 0.0102091943845, 0.00018729979638, -0.00184050342068, -0.00206349231303, 0.000562952540349, -0.000354515999788, 0.000107725201815], [0.00048645681818, 0.000707705738023, 0.000744641933125, -0.000301289575873, 9.8754222563e-005, -0.00238768896088, 0.00018729979638, 0.00780760589987, -0.00260923826136, 0.00331495259888, -0.00126125034876, -0.000808849581517, -0.00109764339868], [0.000247501855483, 6.60293153487e-005, 0.000290399533696, -0.000665146159008, -0.000708564184606, 0.00253429333679, -0.00184050342068, -0.00260923826136, 0.0164896566421, -0.00802947673947, 0.00198019156232, 0.00137910083868, -0.00131723913364], [0.000146993319504, 0.000407234299928, 0.00045385863632, -2.68123167189e-005, 0.000168692655279, -0.00100542255677, -0.00206349231303, 0.00331495259888, -0.00802947673947, 0.0173809938133, -0.00637201638892, -0.00131527869962, 0.00310674309731], [0.00011789308337, 5.45532420801e-005, 6.39955178485e-005, 0.00167601846624, 0.000679446849972, -0.00166949082632, 0.000562952540349, -0.00126125034876, 0.00198019156232, -0.00637201638892, 0.0185527224094, -0.0024096253328, -0.00259662861936], [0.000150372026837, 0.000651674345136, -0.000253298407188, -0.00204863306135, -0.00024269381538, 0.00234351167455, -0.000354515999788, -0.000808849581517, 0.00137910083868, -0.00131527869962, -0.0024096253328, 0.0174247715622, -0.00415833061561], [1.63015756698e-005, 0.000509423727635, 0.000480932241771, -2.75741658697e-005, -0.000958882563282, -0.00129733397625, 0.000107725201815, -0.00109764339868, -0.00131723913364, 0.00310674309731, -0.00259662861936, -0.00415833061561, 0.0175098907202]]
    },
    "spectral_contrast_coeffs": {
        "mean": [-0.588641345501, -0.734772443771, -0.77423363924, -0.796256482601, -0.804769277573, -0.763714373112],
        "var": [0.00564838200808, 0.00695260381326, 0.00413572229445, 0.00311052333564, 0.00153645023238, 0.00150358804967]
    },
    "spectral_contrast_valleys": {
        "mean": [-6.66723585129, -6.73985910416, -7.3970375061, -7.90203046799, -7.72860431671, -10.0837240219],
        "var": [0.610535502434, 0.648192405701, 0.609978973866, 0.767811477184, 0.993638753891, 1.12896847725]
    }
},
"metadata": {
    "audio_properties": {
        "analysis_sample_rate": 44100,
        "bit_rate": 128074,
        "equal_loudness": 0,
        "length": 45.0612258911,
        "lossless": 0,
        "replay_gain": -4.99237442017,
        "sample_rate": 44100,
        "codec": "mp3",
        "downmix": "mix",
        "md5_encoded": "ceb3499f8e01cc8acef5ee2b7bbcc9aa"
    },
    "tags": {
        "file_name": "1821.mp3"
    },
    "version": {
        "essentia": "2.1-beta2",
        "essentia_git_sha": "v2.1_beta2",
        "extractor": "music 1.0"
    }
},
"rhythm": {
    "beats_count": 122,
    "beats_loudness": {
        "mean": 0.0579198673368,
        "var": 0.000456039531855
    },
    "bpm": 163.60295105,
    "bpm_histogram_first_peak_bpm": {
        "mean": 161,
        "var": 0
    },
    "bpm_histogram_first_peak_spread": {
        "mean": 0.126760557294,
        "var": 0
    },
    "bpm_histogram_first_peak_weight": {
        "mean": 0.51239669323,
        "var": 0
    },
    "bpm_histogram_second_peak_bpm": {
        "mean": 167,
        "var": 0
    },
    "bpm_histogram_second_peak_spread": {
        "mean": 0,
        "var": 0
    },
    "bpm_histogram_second_peak_weight": {
        "mean": 0.347107440233,
        "var": 0
    },
    "danceability": 1.61251211166,
    "onset_rate": 4.65822553635,
    "beats_loudness_band_ratio": {
        "mean": [0.699982821941, 0.16293862462, 0.0910010635853, 0.0436269566417, 0.0331101454794, 0.0381988435984],
        "var": [0.0379425920546, 0.0163547154516, 0.0075838426128, 0.00287359626964, 0.000907640729565, 0.00114563014358]
    },
    "beats_position": [0.383129239082, 0.766258478165, 1.1261677742, 1.48607707024, 1.8575963974, 2.22911548615, 2.57741498947, 2.96054410934, 3.33206343651, 3.69197273254, 4.06349182129, 4.42340135574, 4.77170038223, 5.13160991669, 5.50312900543, 5.85142850876, 6.2229475975, 6.58285713196, 6.94276618958, 7.30267572403, 7.66258478165, 8.03410434723, 8.39401340485, 8.75392246246, 9.12544155121, 9.49696159363, 9.85687065125, 10.2167797089, 10.5882987976, 10.95981884, 11.3081178665, 11.6796369553, 12.0395460129, 12.4110651016, 12.7709751129, 13.1308841705, 13.5024032593, 13.8623123169, 14.2338323593, 14.6053514481, 14.9652605057, 15.3251695633, 15.6850786209, 16.0449886322, 16.4048976898, 16.7648067474, 17.1247158051, 17.4846248627, 17.8561439514, 18.2160549164, 18.575963974, 18.9242630005, 19.2957820892, 19.667301178, 20.0388202667, 20.4103393555, 20.7818584442, 21.153377533, 21.5248966217, 21.8964176178, 22.2563266754, 22.616235733, 22.9761447906, 23.3360538483, 23.707572937, 24.0790920258, 24.4390010834, 24.7989120483, 25.1704311371, 25.5419502258, 25.9018592834, 26.2733783722, 26.6448974609, 27.0164165497, 27.3763256073, 27.747844696, 28.1193637848, 28.4908847809, 28.8624038696, 29.2339229584, 29.6054420471, 29.9769611359, 30.3484802246, 30.7199993134, 31.0682983398, 31.4398174286, 31.8113365173, 32.1944656372, 32.5775947571, 32.9491157532, 33.3090248108, 33.6689338684, 34.0404510498, 34.4235839844, 34.783493042, 35.1550102234, 35.5265312195, 35.8980484009, 36.2811775208, 36.6643066406, 37.0242156982, 37.3957366943, 37.755645752, 38.1503829956, 38.5219039917, 38.8934249878, 39.2649421692, 39.6364631653, 40.0079803467, 40.3678894043, 40.7277984619, 41.099319458, 41.4708366394, 41.8423576355, 42.1906585693, 42.5621757507, 42.9336967468, 43.3052139282, 43.6767349243, 44.0598640442, 44.4429931641, 44.8145103455]
},
"tonal": {
    "chords_changes_rate": 0.0823045298457,
    "chords_number_rate": 0.00823045242578,
    "chords_strength": {
        "mean": 0.507291436195,
        "var": 0.00843470450491
    },
    "hpcp_entropy": {
        "mean": 2.06122374535,
        "var": 0.569848060608
    },
    "key_strength": 0.681137621403,
    "tuning_diatonic_strength": 0.583897173405,
    "tuning_equal_tempered_deviation": 0.112410746515,
    "tuning_frequency": 438.731048584,
    "tuning_nontempered_energy_ratio": 0.781258642673,
    "hpcp": {
        "mean": [0.210612460971, 0.134193986654, 0.0539491176605, 0.0428084619343, 0.046871971339, 0.0643233731389, 0.106053464115, 0.126135498285, 0.183325499296, 0.245524570346, 0.155992656946, 0.0628298744559, 0.0603477880359, 0.0802112966776, 0.144128531218, 0.240852862597, 0.245344281197, 0.16228275001, 0.104385413229, 0.0784249603748, 0.096800416708, 0.144442439079, 0.131868600845, 0.0978430509567, 0.0774591490626, 0.0511812791228, 0.0446097180247, 0.0495135188103, 0.0699769407511, 0.132930770516, 0.188671603799, 0.151450008154, 0.0949879661202, 0.0767795369029, 0.0843024849892, 0.157959833741],
        "var": [0.115223027766, 0.0550454817712, 0.0200062859803, 0.0189471114427, 0.0230250358582, 0.0279727298766, 0.0510173477232, 0.0580150298774, 0.0693152472377, 0.141369774938, 0.0652601644397, 0.0273812524974, 0.0263621304184, 0.0354829020798, 0.05786562711, 0.111411891878, 0.106638647616, 0.0687524601817, 0.0456105954945, 0.0329160392284, 0.0326306372881, 0.0537485443056, 0.0507033243775, 0.0333735123277, 0.0278446823359, 0.0180720761418, 0.0141032757238, 0.0186333172023, 0.031574819237, 0.0596558265388, 0.0930765196681, 0.06416798383, 0.0403848066926, 0.0318311043084, 0.0381658300757, 0.0722042173147]
    },
    "chords_histogram": [19.9588470459, 14.7119340897, 28.3950614929, 1.23456788063, 4.73251008987, 0, 4.62962961197, 0, 0.308641970158, 0, 0, 0, 0, 0, 0, 0, 0, 0.308641970158, 0, 0.514403283596, 0, 1.54320991039, 0, 23.6625518799],
    "thpcp": [1, 0.635344386101, 0.25590056181, 0.245791241527, 0.326693564653, 0.587022840977, 0.980972528458, 0.999265670776, 0.660963356495, 0.425152629614, 0.319417983294, 0.394259601831, 0.588301360607, 0.53708922863, 0.398506134748, 0.315484315157, 0.208456858993, 0.181691467762, 0.201664209366, 0.285009920597, 0.541415333748, 0.768442869186, 0.616842567921, 0.386877626181, 0.312716305256, 0.343356609344, 0.643356502056, 0.857806026936, 0.546560287476, 0.219730019569, 0.174355104566, 0.190905421972, 0.261983454227, 0.43194642663, 0.513738811016, 0.746668636799],
    "chords_key": "G",
    "chords_scale": "major",
    "key_key": "C",
    "key_scale": "major"
}
}