{
"lowlevel": {
    "average_loudness": 0.935066819191,
    "barkbands_crest": {
        "mean": 10.4730796814,
        "var": 14.2786846161
    },
    "barkbands_flatness_db": {
        "mean": 0.247012466192,
        "var": 0.00179316033609
    },
    "barkbands_kurtosis": {
        "mean": 3.36594009399,
        "var": 16.1747550964
    },
    "barkbands_skewness": {
        "mean": 1.39627838135,
        "var": 0.552483558655
    },
    "barkbands_spread": {
        "mean": 7.7161488533,
        "var": 12.0925149918
    },
    "dissonance": {
        "mean": 0.426227927208,
        "var": 0.00175297237001
    },
    "dynamic_complexity": 3.13637065887,
    "erbbands_crest": {
        "mean": 12.630572319,
        "var": 25.1809997559
    },
    "erbbands_flatness_db": {
        "mean": 0.317563593388,
        "var": 0.00160513655283
    },
    "erbbands_kurtosis": {
        "mean": 1.52447712421,
        "var": 6.37674093246
    },
    "erbbands_skewness": {
        "mean": 0.91658693552,
        "var": 0.487585425377
    },
    "erbbands_spread": {
        "mean": 14.8212957382,
        "var": 33.2118873596
    },
    "hfc": {
        "mean": 14.9346151352,
        "var": 162.555221558
    },
    "melbands_crest": {
        "mean": 13.5028791428,
        "var": 23.4632511139
    },
    "melbands_flatness_db": {
        "mean": 0.283381432295,
        "var": 0.00202595256269
    },
    "melbands_kurtosis": {
        "mean": 5.37274837494,
        "var": 28.4017467499
    },
    "melbands_skewness": {
        "mean": 1.56688451767,
        "var": 0.576429665089
    },
    "melbands_spread": {
        "mean": 11.2057905197,
        "var": 36.2887878418
    },
    "pitch_salience": {
        "mean": 0.578956246376,
        "var": 0.00742806540802
    },
    "silence_rate_20dB": {
        "mean": 1,
        "var": 0
    },
    "silence_rate_30dB": {
        "mean": 0.995880544186,
        "var": 0.00410250481218
    },
    "silence_rate_60dB": {
        "mean": 0.107106074691,
        "var": 0.0956365093589
    },
    "spectral_centroid": {
        "mean": 902.328369141,
        "var": 76993.7109375
    },
    "spectral_complexity": {
        "mean": 14.5355300903,
        "var": 43.7596664429
    },
    "spectral_decrease": {
        "mean": -5.14099651738e-009,
        "var": 2.01639832689e-017
    },
    "spectral_energy": {
        "mean": 0.020757868886,
        "var": 0.000326655892422
    },
    "spectral_energyband_high": {
        "mean": 3.96389768866e-005,
        "var": 4.31322533245e-009
    },
    "spectral_energyband_low": {
        "mean": 3.29009635607e-005,
        "var": 4.84208850793e-009
    },
    "spectral_energyband_middle_high": {
        "mean": 0.00579633424059,
        "var": 2.31505782722e-005
    },
    "spectral_energyband_middle_low": {
        "mean": 0.0153650688007,
        "var": 0.000224804505706
    },
    "spectral_entropy": {
        "mean": 6.72336435318,
        "var": 0.101446665823
    },
    "spectral_flux": {
        "mean": 0.064789943397,
        "var": 0.00132202322129
    },
    "spectral_kurtosis": {
        "mean": 16.0066757202,
        "var": 105.577636719
    },
    "spectral_rms": {
        "mean": 0.0041066580452,
        "var": 3.38696486324e-006
    },
    "spectral_rolloff": {
        "mean": 1091.01025391,
        "var": 317027.75
    },
    "spectral_skewness": {
        "mean": 2.43707823753,
        "var": 0.580285489559
    },
    "spectral_spread": {
        "mean": 1904281.25,
        "var": 1.60704049971e+012
    },
    "spectral_strongpeak": {
        "mean": 1.62364709377,
        "var": 1.05800616741
    },
    "zerocrossingrate": {
        "mean": 0.0399095751345,
        "var": 0.000195909495233
    },
    "barkbands": {
        "mean": [8.96372694115e-006, 1.03220554593e-005, 1.06093111754e-005, 4.08271553169e-005, 0.00117128144484, 0.00340208387934, 0.00256995740347, 0.00538041209802, 0.0020131918136, 0.00251202168874, 0.0011204163311, 0.000569802359678, 0.000415296497522, 0.000269606272923, 0.000649884343147, 0.000168371887412, 0.000134149348014, 9.3236885732e-005, 0.000153157350724, 3.91991598008e-005, 1.49429488374e-005, 6.01788951826e-006, 2.65685639533e-006, 8.54392965266e-007, 4.77813159705e-007, 1.78503299253e-007, 7.85082132637e-009],
        "var": [1.43425449295e-009, 5.10261166653e-010, 1.02206132446e-009, 1.08466879922e-008, 1.87042280686e-006, 1.97672306967e-005, 1.09795346361e-005, 5.28441523784e-005, 1.95129268832e-005, 8.33432477521e-006, 3.12440147354e-006, 8.50671256103e-007, 5.02697332649e-007, 2.52613631346e-007, 1.43152044529e-006, 8.15919563024e-008, 3.65667673918e-008, 1.3213804273e-008, 6.91205386261e-008, 4.910636342e-009, 6.4217742235e-010, 1.01363119287e-010, 2.49625754095e-011, 4.12555363136e-012, 1.44799005685e-012, 2.24173476548e-013, 7.01671505594e-016]
    },
    "erbbands": {
        "mean": [0.000348178116838, 0.00232395832427, 0.0115182902664, 0.0811970382929, 1.08161365986, 3.7426211834, 11.0402851105, 29.2629718781, 48.9749603271, 42.4264984131, 139.284072876, 55.2525024414, 53.2354125977, 84.3406295776, 36.9816741943, 23.0116252899, 18.943977356, 16.7774772644, 30.9649658203, 20.19465065, 8.30098819733, 6.58380317688, 5.53036499023, 9.99041461945, 3.88087153435, 1.90115654469, 0.756236433983, 0.510717630386, 0.234687313437, 0.144380658865, 0.0524937808514, 0.0253464262933, 0.00933544896543, 0.00610903138295, 0.00297092879191, 0.0012621730566, 0.000217263674131, 3.96937430196e-005, 1.15954408102e-005, 2.41245488724e-005],
        "var": [8.95124117051e-007, 2.56292314589e-005, 0.000994408386759, 0.027212947607, 3.72412085533, 30.6975765228, 148.556900024, 1582.8503418, 3637.67236328, 2798.0847168, 45751.15625, 8409.64257813, 6077.04199219, 8742.82226563, 3207.48120117, 936.586791992, 911.319702148, 584.803894043, 2469.07714844, 1662.05212402, 140.943161011, 95.8553466797, 44.9389839172, 278.054077148, 31.1267299652, 12.0402841568, 1.83346366882, 0.738898992538, 0.139585718513, 0.0591775253415, 0.0106102414429, 0.00353456404991, 0.000580517749768, 0.000211040081922, 6.32948285784e-005, 1.14752956506e-005, 3.2822333651e-007, 1.34932172102e-008, 1.20563101169e-010, 4.38908104305e-010]
    },
    "gfcc": {
        "mean": [-110.355751038, 149.947921753, -201.708908081, -30.0489501953, -79.570022583, -39.5726089478, -32.5024337769, -14.6892795563, -13.4613723755, -12.0643053055, -5.96830463409, -7.50607681274, -0.60419768095],
        "cov": [[5898.22802734, -495.868103027, 510.375946045, 476.762451172, -261.166870117, 294.860565186, -164.655075073, 399.23046875, -152.056564331, 361.790313721, 47.4536209106, 175.186004639, -25.7331695557], [-495.868103027, 1051.92175293, -9.75012397766, -137.989746094, 376.906585693, -190.139572144, 94.1765594482, -267.585906982, 164.69960022, -150.537887573, 64.3564834595, 19.4884033203, 108.155136108], [510.375946045, -9.75012397766, 285.456451416, 45.1642112732, -24.8386669159, 48.7720413208, -26.2699203491, 67.1912002563, -31.3765525818, 47.2881202698, -16.5381355286, 49.0018959045, 6.0934047699], [476.762451172, -137.989746094, 45.1642112732, 179.630096436, -22.4434299469, 54.1898193359, -25.6808490753, 41.0793418884, -38.5559272766, 36.8847351074, 23.7258739471, 13.6828594208, -13.0738525391], [-261.166870117, 376.906585693, -24.8386669159, -22.4434299469, 260.835388184, -31.318977356, 20.7208900452, -91.3781509399, 69.2281341553, -19.529127121, 18.2457504272, 9.91735553741, 36.0141944885], [294.860565186, -190.139572144, 48.7720413208, 54.1898193359, -31.318977356, 132.159576416, -7.64130306244, 60.8378868103, -24.9173908234, 48.6263656616, -25.6709117889, -9.46321296692, -12.2621440887], [-164.655075073, 94.1765594482, -26.2699203491, -25.6808490753, 20.7208900452, -7.64130306244, 96.1696166992, 2.16379857063, 35.6791954041, -26.3203773499, 13.4537572861, -7.46290779114, 2.47806549072], [399.23046875, -267.585906982, 67.1912002563, 41.0793418884, -91.3781509399, 60.8378868103, 2.16379857063, 155.298370361, -22.3937339783, 64.9534988403, -5.92499923706, 12.2997055054, -28.3099937439], [-152.056564331, 164.69960022, -31.3765525818, -38.5559272766, 69.2281341553, -24.9173908234, 35.6791954041, -22.3937339783, 119.066917419, 8.36518383026, 5.52258586884, -11.7736663818, 26.6679000854], [361.790313721, -150.537887573, 47.2881202698, 36.8847351074, -19.529127121, 48.6263656616, -26.3203773499, 64.9534988403, 8.36518383026, 124.000900269, 13.2737665176, 11.2652683258, -16.7895298004], [47.4536209106, 64.3564834595, -16.5381355286, 23.7258739471, 18.2457504272, -25.6709117889, 13.4537572861, -5.92499923706, 5.52258586884, 13.2737665176, 95.7071151733, 36.1837692261, -3.34208536148], [175.186004639, 19.4884033203, 49.0018959045, 13.6828594208, 9.91735553741, -9.46321296692, -7.46290779114, 12.2997055054, -11.7736663818, 11.2652683258, 36.1837692261, 81.7347106934, 17.0626125336], [-25.7331695557, 108.155136108, 6.0934047699, -13.0738525391, 36.0141944885, -12.2621440887, 2.47806549072, -28.3099937439, 26.6679000854, -16.7895298004, -3.34208536148, 17.0626125336, 69.7153549194]],
        "icov": [[0.000469246733701, -0.00158451125026, 0.000629840535112, -0.00114849687088, 0.00153452996165, -0.00105467776302, 0.00094841432292, -0.0017190038925, 0.000769656675402, -0.00146353745367, 0.000932802213356, -0.000934630807023, 0.000277555780485], [-0.00158451125026, 0.0143548995256, -0.00769976060838, 0.00577800953761, -0.0128356814384, 0.00869390554726, -0.00726388255134, 0.0131943756714, -0.00689019728452, 0.00964766461402, -0.00827177520841, 0.00574697740376, -0.00416612485424], [0.000629840535112, -0.00769976060838, 0.0091597661376, -0.00326320994645, 0.00652324873954, -0.0050759552978, 0.00400762399659, -0.00811183825135, 0.00432367157191, -0.00577755365521, 0.0065056742169, -0.00609356956556, 0.00182398466859], [-0.00114849687088, 0.00577800953761, -0.00326320994645, 0.0108931921422, -0.00574865471572, 0.000839875487145, -0.00143552385271, 0.00482386397198, -0.00122276553884, 0.00456074019894, -0.00676634302363, 0.00367730879225, -0.00159075460397], [0.00153452996165, -0.0128356814384, 0.00652324873954, -0.00574865471572, 0.0174453258514, -0.00849252473563, 0.00584327895194, -0.0081194723025, 0.00328025198542, -0.00920374318957, 0.00722073577344, -0.00667206430808, 0.0033283974044], [-0.00105467776302, 0.00869390554726, -0.0050759552978, 0.000839875487145, -0.00849252473563, 0.0178637932986, -0.0066607138142, 0.00565664330497, -0.00141962524503, 0.00181748764589, -0.00109466037247, 0.00551790790632, -0.00363493151963], [0.00094841432292, -0.00726388255134, 0.00400762399659, -0.00143552385271, 0.00584327895194, -0.0066607138142, 0.0189493708313, -0.0104908663779, -0.00151124200784, 0.00103869568557, -9.59265598794e-005, -0.00159800623078, 0.00309057720006], [-0.0017190038925, 0.0131943756714, -0.00811183825135, 0.00482386397198, -0.0081194723025, 0.00565664330497, -0.0104908663779, 0.0256667919457, -0.00675470288843, 0.00424974039197, -0.00567297032103, 0.00253143394366, -0.000789563113358], [0.000769656675402, -0.00689019728452, 0.00432367157191, -0.00122276553884, 0.00328025198542, -0.00141962524503, -0.00151124200784, -0.00675470288843, 0.0180150046945, -0.009800597094, 0.00396446837112, 0.000850985001307, -0.00353695871308], [-0.00146353745367, 0.00964766461402, -0.00577755365521, 0.00456074019894, -0.00920374318957, 0.00181748764589, 0.00103869568557, 0.00424974039197, -0.009800597094, 0.0220731832087, -0.00954788271338, 0.00404337933287, 0.000233414582908], [0.000932802213356, -0.00827177520841, 0.0065056742169, -0.00676634302363, 0.00722073577344, -0.00109466037247, -9.59265598794e-005, -0.00567297032103, 0.00396446837112, -0.00954788271338, 0.0221500974149, -0.0119764124975, 0.0052936268039], [-0.000934630807023, 0.00574697740376, -0.00609356956556, 0.00367730879225, -0.00667206430808, 0.00551790790632, -0.00159800623078, 0.00253143394366, 0.000850985001307, 0.00404337933287, -0.0119764124975, 0.0234039053321, -0.00819043628871], [0.000277555780485, -0.00416612485424, 0.00182398466859, -0.00159075460397, 0.0033283974044, -0.00363493151963, 0.00309057720006, -0.000789563113358, -0.00353695871308, 0.000233414582908, 0.0052936268039, -0.00819043628871, 0.0213303081691]]
    },
    "melbands": {
        "mean": [3.42547332366e-006, 4.7592525334e-006, 3.40463411703e-005, 0.000153892644448, 0.00034117535688, 0.000701518671121, 0.000722744269297, 0.000514712592121, 0.00111790501978, 0.000280640640995, 0.00026117824018, 0.000347834255081, 0.000123880556202, 8.2849219325e-005, 2.94792462228e-005, 5.15317369718e-005, 2.67825744231e-005, 4.38465067418e-005, 4.49008839496e-005, 1.62900651048e-005, 8.20680179459e-006, 7.22082177163e-006, 5.75360127186e-006, 3.80800383937e-006, 9.07117555471e-006, 3.79139373763e-006, 1.75092009158e-006, 1.12501072635e-006, 5.64197705444e-007, 2.50957782555e-007, 2.95994766475e-007, 1.40753982691e-007, 8.44039362846e-008, 8.26060642112e-008, 2.94763466968e-008, 2.01771364061e-008, 1.23089325399e-008, 6.60121957097e-009, 5.42033884443e-009, 4.97776175834e-009],
        "var": [7.46094228066e-011, 1.64127642033e-010, 5.60885027312e-009, 5.43832676669e-008, 1.41860653002e-007, 9.52744983351e-007, 7.74631075728e-007, 3.64702174238e-007, 3.37238748216e-006, 2.52164710446e-007, 1.55996985995e-007, 1.55683224534e-007, 3.19942650151e-008, 1.71755658585e-008, 1.86156445814e-009, 8.6955616041e-009, 2.2226684937e-009, 5.0739510371e-009, 1.16390568294e-008, 8.37563518541e-010, 1.41312433977e-010, 1.35351257979e-010, 5.06148005452e-011, 2.19062337714e-011, 2.54993637316e-010, 3.34583818984e-011, 9.05673799845e-012, 5.20074521643e-012, 1.19339922059e-012, 1.97090960089e-013, 2.48922437567e-013, 5.39274198485e-014, 2.36222767557e-014, 2.42218202283e-014, 3.82089108616e-015, 2.81308810915e-015, 8.39744122864e-016, 3.81624500457e-016, 1.66969702131e-016, 1.68729757186e-016]
    },
    "mfcc": {
        "mean": [-727.993225098, 181.689376831, -69.9909896851, -9.29169368744, -38.4095039368, -31.0186252594, -25.4020366669, -15.0563354492, -13.3343391418, -8.28392982483, -4.21859359741, -12.9888439178, -4.13529491425],
        "cov": [[4414.26708984, 33.8580741882, 94.0294418335, 633.377380371, -217.967819214, 236.181106567, 32.3712501526, 119.339263916, -11.2858543396, 131.021514893, 18.5355167389, 152.370071411, 217.93913269], [33.8580741882, 823.287353516, -26.9614009857, 12.762799263, 179.401260376, 30.8818836212, -14.9383020401, -11.9501838684, 43.3603477478, -111.46257782, -16.4120292664, 15.8580198288, -37.084400177], [94.0294418335, -26.9614009857, 193.302368164, 5.59703779221, -24.6904716492, -10.1482887268, 3.32362127304, 19.3517284393, -1.7343006134, -2.94341945648, -28.0369472504, 24.3284034729, 4.46062088013], [633.377380371, 12.762799263, 5.59703779221, 205.198486328, -27.5873260498, 38.1024436951, 14.2208881378, 22.6635913849, -25.4407501221, 0.709912598133, 17.3805160522, 11.7239770889, 44.0279884338], [-217.967819214, 179.401260376, -24.6904716492, -27.5873260498, 200.398269653, 33.9402198792, 4.79376983643, -24.1266689301, 13.2842025757, -28.0119457245, -1.28613328934, -1.23009204865, -35.9200515747], [236.181106567, 30.8818836212, -10.1482887268, 38.1024436951, 33.9402198792, 115.525154114, 6.18943881989, -7.38812017441, 14.5983066559, 22.0989246368, -6.17635679245, 4.95288133621, 10.7803239822], [32.3712501526, -14.9383020401, 3.32362127304, 14.2208881378, 4.79376983643, 6.18943881989, 78.926612854, 22.9995059967, -21.8249759674, 2.64352631569, 18.2073631287, -1.48100948334, -13.1074705124], [119.339263916, -11.9501838684, 19.3517284393, 22.6635913849, -24.1266689301, -7.38812017441, 22.9995059967, 77.6330795288, 5.89912319183, -8.60941886902, 4.20699548721, 7.5986032486, -1.87548625469], [-11.2858543396, 43.3603477478, -1.7343006134, -25.4407501221, 13.2842025757, 14.5983066559, -21.8249759674, 5.89912319183, 101.291412354, 35.8162956238, -14.1842546463, 13.4943857193, 1.10043561459], [131.021514893, -111.46257782, -2.94341945648, 0.709912598133, -28.0119457245, 22.0989246368, 2.64352631569, -8.60941886902, 35.8162956238, 120.253295898, 26.6095676422, 0.545174181461, 11.6366491318], [18.5355167389, -16.4120292664, -28.0369472504, 17.3805160522, -1.28613328934, -6.17635679245, 18.2073631287, 4.20699548721, -14.1842546463, 26.6095676422, 100.772987366, 12.1359758377, -6.95446062088], [152.370071411, 15.8580198288, 24.3284034729, 11.7239770889, -1.23009204865, 4.95288133621, -1.48100948334, 7.5986032486, 13.4943857193, 0.545174181461, 12.1359758377, 81.7074813843, 29.8933162689], [217.93913269, -37.084400177, 4.46062088013, 44.0279884338, -35.9200515747, 10.7803239822, -13.1074705124, -1.87548625469, 1.10043561459, 11.6366491318, -6.95446062088, 29.8933162689, 92.4213104248]],
        "icov": [[0.000546562543605, -0.000179441281944, -3.65888881788e-005, -0.00139045098331, 0.000473287072964, -0.000627948436886, 0.000136474845931, -0.000455505651189, 0.000282228807919, -0.000722273776773, 0.000378669850761, -0.000756966299377, -6.84841215843e-005], [-0.000179441281944, 0.00192374340259, 6.82322570356e-005, -7.00490563759e-005, -0.00137852854095, 2.92607001029e-005, 3.65552659787e-005, 0.000533438636921, -0.00156533659901, 0.00221980083734, -0.000452406558907, 4.70769919048e-005, 0.000391827750718], [-3.65888881788e-005, 6.82322570356e-005, 0.00607799878344, -0.000164725977811, 0.000394082861021, 0.000644214975182, -0.000115856906632, -0.0011998724658, 0.00089493469568, -0.000780831614975, 0.00256544630975, -0.00256067700684, 0.0010449643014], [-0.00139045098331, -7.00490563759e-005, -0.000164725977811, 0.0102976569906, -0.000372766779037, -0.000938334385864, -0.000524577335455, -0.000982764060609, 0.0013203129638, 0.00180930527858, -0.00230781384744, 0.0025253042113, -0.00301071465947], [0.000473287072964, -0.00137852854095, 0.000394082861021, -0.000372766779037, 0.00797991175205, -0.00282835168764, -0.00104771589395, 0.00189355248585, -0.000541859306395, 0.000731977517717, -6.89581429469e-005, -0.00126657844521, 0.00212931027636], [-0.000627948436886, 2.92607001029e-005, 0.000644214975182, -0.000938334385864, -0.00282835168764, 0.0119519047439, -0.00153002969455, 0.00153921847232, -0.00119983579498, -0.00193837296683, 0.00164075149223, 0.000317446043482, -0.000491568644065], [0.000136474845931, 3.65552659787e-005, -0.000115856906632, -0.000524577335455, -0.00104771589395, -0.00153002969455, 0.0166993737221, -0.0058622173965, 0.00482511054724, -0.00222551939078, -0.00133617850952, -0.000652927032206, 0.00230240356177], [-0.000455505651189, 0.000533438636921, -0.0011998724658, -0.000982764060609, 0.00189355248585, 0.00153921847232, -0.0058622173965, 0.0176649224013, -0.00494358455762, 0.00413149036467, -0.00123306084424, -0.000101175559394, 0.00137634226121], [0.000282228807919, -0.00156533659901, 0.00089493469568, 0.0013203129638, -0.000541859306395, -0.00119983579498, 0.00482511054724, -0.00494358455762, 0.0162711255252, -0.00786001421511, 0.00381606514566, -0.00355363055132, 0.000780023459811], [-0.000722273776773, 0.00221980083734, -0.000780831614975, 0.00180930527858, 0.000731977517717, -0.00193837296683, -0.00222551939078, 0.00413149036467, -0.00786001421511, 0.0156944394112, -0.00562270218506, 0.00308000994846, -0.00125333224423], [0.000378669850761, -0.000452406558907, 0.00256544630975, -0.00230781384744, -6.89581429469e-005, 0.00164075149223, -0.00133617850952, -0.00123306084424, 0.00381606514566, -0.00562270218506, 0.0140646798536, -0.00473870942369, 0.00272196391597], [-0.000756966299377, 4.70769919048e-005, -0.00256067700684, 0.0025253042113, -0.00126657844521, 0.000317446043482, -0.000652927032206, -0.000101175559394, -0.00355363055132, 0.00308000994846, -0.00473870942369, 0.0175700280815, -0.00628449395299], [-6.84841215843e-005, 0.000391827750718, 0.0010449643014, -0.00301071465947, 0.00212931027636, -0.000491568644065, 0.00230240356177, 0.00137634226121, 0.000780023459811, -0.00125333224423, 0.00272196391597, -0.00628449395299, 0.0161479543895]]
    },
    "spectral_contrast_coeffs": {
        "mean": [-0.519044339657, -0.686159312725, -0.723091423512, -0.760337531567, -0.742857992649, -0.702186226845],
        "var": [0.00499599939212, 0.00422258814797, 0.00307120801881, 0.00190053554252, 0.00155359203927, 0.00118754187133]
    },
    "spectral_contrast_valleys": {
        "mean": [-10.0002202988, -6.3441119194, -7.04048776627, -7.916659832, -8.75353527069, -13.1924352646],
        "var": [1.25836849213, 0.849991679192, 0.77794533968, 0.792788028717, 0.962938666344, 1.11976456642]
    }
},
"metadata": {
    "audio_properties": {
        "analysis_sample_rate": 44100,
        "bit_rate": 128074,
        "equal_loudness": 0,
        "length": 45.0612258911,
        "lossless": 0,
        "replay_gain": -5.70790100098,
        "sample_rate": 44100,
        "codec": "mp3",
        "downmix": "mix",
        "md5_encoded": "b247ddbfe321bf1beb783c1a5396a862"
    },
    "tags": {
        "file_name": "1822.mp3"
    },
    "version": {
        "essentia": "2.1-beta2",
        "essentia_git_sha": "v2.1_beta2",
        "extractor": "music 1.0"
    }
},
"rhythm": {
    "beats_count": 75,
    "beats_loudness": {
        "mean": 0.0351116210222,
        "var": 0.000706383085344
    },
    "bpm": 101.833724976,
    "bpm_histogram_first_peak_bpm": {
        "mean": 101,
        "var": 0
    },
    "bpm_histogram_first_peak_spread": {
        "mean": 0.428571432829,
        "var": 0
    },
    "bpm_histogram_first_peak_weight": {
        "mean": 0.540540516376,
        "var": 0
    },
    "bpm_histogram_second_peak_bpm": {
        "mean": 96,
        "var": 0
    },
    "bpm_histogram_second_peak_spread": {
        "mean": 0,
        "var": 0
    },
    "bpm_histogram_second_peak_weight": {
        "mean": 0.0540540553629,
        "var": 0
    },
    "danceability": 1.25073039532,
    "onset_rate": 3.34948611259,
    "beats_loudness_band_ratio": {
        "mean": [0.0136723853648, 0.246960520744, 0.495270341635, 0.231807664037, 0.110496215522, 0.00978387892246],
        "var": [0.000103367819975, 0.0325029864907, 0.026165612042, 0.0142756877467, 0.0100179761648, 0.000638372264802]
    },
    "beats_position": [0.615328788757, 1.24226760864, 1.86920630932, 2.49614500999, 3.11147379875, 3.7151927948, 4.31891155243, 4.91102027893, 5.50312900543, 6.10684776306, 6.68734693527, 7.26784563065, 7.85995435715, 8.45206356049, 9.03256225586, 9.62467098236, 10.2167797089, 10.7972784042, 11.3893871307, 11.9814968109, 12.5736055374, 13.1657142639, 13.7462129593, 14.3383216858, 14.9304304123, 15.5109291077, 16.1030387878, 16.6835365295, 17.2756462097, 17.8561439514, 18.4482536316, 19.0403633118, 19.6324710846, 20.2245807648, 20.8050785065, 21.3971881866, 21.9892959595, 22.5814056396, 23.1619052887, 23.7424030304, 24.3345127106, 24.9150104523, 25.5071201324, 26.0992279053, 26.6797275543, 27.2718353271, 27.8639450073, 28.4444446564, 29.0365524292, 29.6286621094, 30.2091598511, 30.7896595001, 31.3817672729, 31.9738769531, 32.5659866333, 33.146484375, 33.7385940552, 34.3423118591, 34.9228096008, 35.514919281, 36.0954170227, 36.6875267029, 37.2680282593, 37.8601341248, 38.4522438049, 39.0443534851, 39.6364631653, 40.2285690308, 40.8206787109, 41.4243965149, 42.0048980713, 42.585395813, 43.1658935547, 43.7463951111, 44.3733329773]
},
"tonal": {
    "chords_changes_rate": 0.0195473246276,
    "chords_number_rate": 0.00514403311536,
    "chords_strength": {
        "mean": 0.635074257851,
        "var": 0.0079148830846
    },
    "hpcp_entropy": {
        "mean": 1.79576838017,
        "var": 0.370379567146
    },
    "key_strength": 0.824366927147,
    "tuning_diatonic_strength": 0.686589598656,
    "tuning_equal_tempered_deviation": 0.068378560245,
    "tuning_frequency": 436.960693359,
    "tuning_nontempered_energy_ratio": 0.726007580757,
    "hpcp": {
        "mean": [0.349847227335, 0.297515183687, 0.125433757901, 0.18541264534, 0.168251439929, 0.0577175356448, 0.0255808997899, 0.0282664299011, 0.109788194299, 0.199246734381, 0.139445737004, 0.0416304245591, 0.0214298050851, 0.0366318374872, 0.229375511408, 0.56039327383, 0.470409065485, 0.150864839554, 0.0700541809201, 0.0468739382923, 0.0288902353495, 0.0393629968166, 0.0360350944102, 0.0581064075232, 0.149091392756, 0.130701139569, 0.0379235595465, 0.0285299364477, 0.0379839502275, 0.213106215, 0.407632082701, 0.28014165163, 0.101232506335, 0.0504269972444, 0.0365955866873, 0.140072494745],
        "var": [0.121725693345, 0.0808625742793, 0.0184491667897, 0.0807981565595, 0.0625991597772, 0.00846805982292, 0.00260371295735, 0.00218544737436, 0.0280118063092, 0.0810448750854, 0.0444109588861, 0.00628369813785, 0.00168699678034, 0.00401851907372, 0.0335410833359, 0.117530353367, 0.101907789707, 0.038445148617, 0.0288654267788, 0.0144352931529, 0.00245166919194, 0.00821450073272, 0.0053624631837, 0.00878595467657, 0.0620326027274, 0.0429704487324, 0.00286629982293, 0.002211837098, 0.00313647277653, 0.0509684719145, 0.151891946793, 0.0836107134819, 0.0236717481166, 0.00494488934055, 0.00356786162592, 0.0264649335295]
    },
    "chords_histogram": [62.139919281, 0.102880656719, 22.5308647156, 2.36625504494, 0, 0, 0, 0, 0, 4.42386817932, 0, 0, 0, 0, 0, 0, 0, 0, 0, 0, 0, 0, 8.43621444702, 0],
    "thpcp": [1, 0.839426696301, 0.269212424755, 0.125008955598, 0.0836447179317, 0.0515535026789, 0.0702417343855, 0.064303226769, 0.103688627481, 0.266047805548, 0.23323109746, 0.0676731169224, 0.0509105622768, 0.0677808821201, 0.380279749632, 0.727403581142, 0.499901890755, 0.180645465851, 0.0899850130081, 0.0653034001589, 0.24995392561, 0.624288797379, 0.53090429306, 0.223831668496, 0.330861657858, 0.300238162279, 0.102994695306, 0.0456481203437, 0.0504403449595, 0.195912763476, 0.35554805398, 0.248835489154, 0.0742878764868, 0.0382406525314, 0.0653680860996, 0.409311681986],
    "chords_key": "G",
    "chords_scale": "minor",
    "key_key": "G",
    "key_scale": "minor"
}
}