{
"lowlevel": {
    "average_loudness": 0.982584953308,
    "barkbands_crest": {
        "mean": 14.1058921814,
        "var": 23.7944412231
    },
    "barkbands_flatness_db": {
        "mean": 0.286338269711,
        "var": 0.0112824970856
    },
    "barkbands_kurtosis": {
        "mean": 15.6836204529,
        "var": 1878.703125
    },
    "barkbands_skewness": {
        "mean": 1.82858610153,
        "var": 5.06873750687
    },
    "barkbands_spread": {
        "mean": 8.55682182312,
        "var": 83.2651519775
    },
    "dissonance": {
        "mean": 0.406809449196,
        "var": 0.00565253291279
    },
    "dynamic_complexity": 1.81626653671,
    "erbbands_crest": {
        "mean": 15.4773569107,
        "var": 41.6247291565
    },
    "erbbands_flatness_db": {
        "mean": 0.279580324888,
        "var": 0.00986181292683
    },
    "erbbands_kurtosis": {
        "mean": 9.88831520081,
        "var": 318.664703369
    },
    "erbbands_skewness": {
        "mean": 0.888536512852,
        "var": 3.96147108078
    },
    "erbbands_spread": {
        "mean": 17.783411026,
        "var": 303.152191162
    },
    "hfc": {
        "mean": 13.5704774857,
        "var": 91.6865844727
    },
    "melbands_crest": {
        "mean": 18.3201961517,
        "var": 44.8501739502
    },
    "melbands_flatness_db": {
        "mean": 0.378688454628,
        "var": 0.0176946762949
    },
    "melbands_kurtosis": {
        "mean": 22.002286911,
        "var": 1671.96569824
    },
    "melbands_skewness": {
        "mean": 2.4269080162,
        "var": 5.86243772507
    },
    "melbands_spread": {
        "mean": 11.20728302,
        "var": 238.336578369
    },
    "pitch_salience": {
        "mean": 0.500686109066,
        "var": 0.0277390871197
    },
    "silence_rate_20dB": {
        "mean": 1,
        "var": 0
    },
    "silence_rate_30dB": {
        "mean": 0.984552025795,
        "var": 0.0152091654018
    },
    "silence_rate_60dB": {
        "mean": 0.0530381053686,
        "var": 0.0502251386642
    },
    "spectral_centroid": {
        "mean": 688.134460449,
        "var": 408986.625
    },
    "spectral_complexity": {
        "mean": 10.9356336594,
        "var": 49.0250358582
    },
    "spectral_decrease": {
        "mean": -1.00907948664e-008,
        "var": 6.09214550678e-017
    },
    "spectral_energy": {
        "mean": 0.0393158309162,
        "var": 0.000890887749847
    },
    "spectral_energyband_high": {
        "mean": 0.000222722621402,
        "var": 2.85266565925e-007
    },
    "spectral_energyband_low": {
        "mean": 0.0195555277169,
        "var": 0.000711440341547
    },
    "spectral_energyband_middle_high": {
        "mean": 0.00379481655546,
        "var": 2.75049515039e-005
    },
    "spectral_energyband_middle_low": {
        "mean": 0.0187830533832,
        "var": 0.000371597969206
    },
    "spectral_entropy": {
        "mean": 6.3473906517,
        "var": 1.01151037216
    },
    "spectral_flux": {
        "mean": 0.110246792436,
        "var": 0.00460636755452
    },
    "spectral_kurtosis": {
        "mean": 38.3859863281,
        "var": 2049.65893555
    },
    "spectral_rms": {
        "mean": 0.00566272018477,
        "var": 6.2905141931e-006
    },
    "spectral_rolloff": {
        "mean": 807.93737793,
        "var": 1375798.875
    },
    "spectral_skewness": {
        "mean": 4.11554956436,
        "var": 6.74154233932
    },
    "spectral_spread": {
        "mean": 2837062.5,
        "var": 4.25677553664e+012
    },
    "spectral_strongpeak": {
        "mean": 1.09021711349,
        "var": 1.30076658726
    },
    "zerocrossingrate": {
        "mean": 0.0306385178119,
        "var": 0.00106783304363
    },
    "barkbands": {
        "mean": [0.000305685796775, 0.0119904549792, 0.00424316199496, 0.0048979097046, 0.00547524169087, 0.0032178403344, 0.00304726907052, 0.00164733058773, 0.000446524645668, 0.000597899314016, 0.000462556257844, 0.000951383495703, 0.00110689771827, 0.000235056882957, 0.000107366322482, 0.000125391743495, 6.50587971904e-005, 6.96952702128e-005, 7.79626934673e-005, 4.33927889389e-005, 5.14238308824e-005, 6.02294130658e-005, 4.49136387033e-005, 3.17773738061e-005, 8.65722540766e-006, 4.45060004495e-006, 3.41359793765e-007],
        "var": [2.7807240599e-007, 0.000360291072866, 0.000118098869279, 0.000174180429894, 4.69927144877e-005, 4.37832241005e-005, 4.00186727347e-005, 1.67508223967e-005, 1.19841695323e-006, 2.12540635403e-006, 8.65341235112e-007, 5.92789683651e-006, 7.50393883209e-006, 2.30626127973e-007, 3.70771360281e-008, 3.16999603456e-007, 2.14347721794e-008, 3.12033456851e-008, 7.87266500879e-008, 2.4641909846e-008, 2.32669314926e-008, 2.65969539726e-008, 1.20449650254e-008, 7.67547181368e-009, 3.46012524188e-010, 1.09893386058e-010, 8.45096074283e-013]
    },
    "erbbands": {
        "mean": [0.376321732998, 2.55309796333, 4.45440292358, 13.0615663528, 12.5712757111, 16.3169631958, 43.1522598267, 17.0821857452, 46.2854194641, 31.3714771271, 31.9526329041, 13.7346982956, 8.94933223724, 22.772108078, 25.0159435272, 51.0278892517, 52.5138893127, 17.7283267975, 6.62984228134, 5.78305673599, 5.86659765244, 4.25724077225, 3.97907042503, 4.54472208023, 2.77437114716, 1.94121170044, 2.02261638641, 2.07475852966, 2.04301834106, 2.14854502678, 1.03883981705, 0.83144313097, 0.407032757998, 0.128504082561, 0.0493653714657, 0.0203163828701, 0.00827868841588, 0.00152412254829, 5.53000754735e-005, 4.51156156487e-005],
        "var": [0.361830413342, 18.640586853, 100.820503235, 1250.19470215, 418.620269775, 600.248168945, 8103.62353516, 939.920471191, 8667.95898438, 3087.40258789, 8756.98046875, 993.920471191, 350.850250244, 2894.91040039, 2090.75488281, 15787.0361328, 16782.5703125, 1121.97277832, 99.9974822998, 144.838607788, 692.031982422, 93.3162155151, 96.3467178345, 282.497497559, 92.8444824219, 45.4272994995, 40.5621376038, 34.846031189, 30.1826934814, 32.5034561157, 5.59006500244, 5.25039291382, 1.2031801939, 0.0793250277638, 0.0133699253201, 0.00210532615893, 0.000430267507909, 1.31879560286e-005, 8.63105320548e-009, 1.10473086234e-009]
    },
    "gfcc": {
        "mean": [-112.224960327, 153.618286133, -94.8093566895, 1.62044465542, -50.6614265442, 2.81687402725, -35.262172699, -9.50253868103, -17.602022171, -5.72751092911, -3.46510028839, -1.39671421051, -9.88859272003],
        "cov": [[15409.0898438, -1781.88513184, -674.503662109, 1541.24023438, -460.82244873, 1656.98596191, -59.9696731567, 393.548828125, -270.111724854, -36.9719734192, -459.558288574, 86.7153244019, -432.458129883], [-1781.88513184, 4069.55126953, 681.750305176, -1255.98999023, 856.815124512, -642.315917969, 356.651885986, -389.262390137, 183.860229492, -238.90914917, 466.337280273, -319.420776367, 307.017028809], [-674.503662109, 681.750305176, 2499.42700195, 705.206542969, -46.5203437805, 21.7676372528, -57.3357810974, 252.419448853, 192.364944458, 39.1925773621, -18.8745918274, -7.12416553497, 97.4129486084], [1541.24023438, -1255.98999023, 705.206542969, 1381.48083496, -118.777572632, 517.485534668, -54.2938766479, 180.755844116, -26.8142204285, 1.66476905346, -197.038864136, 69.5317687988, -85.1729125977], [-460.82244873, 856.815124512, -46.5203437805, -118.777572632, 927.351745605, 314.731658936, 326.322875977, -48.248916626, -39.9567222595, -3.28967356682, 119.12702179, -49.9592666626, 19.5538768768], [1656.98596191, -642.315917969, 21.7676372528, 517.485534668, 314.731658936, 1048.50561523, 250.538269043, 260.417480469, 36.4007949829, 53.3235168457, 18.5272769928, 20.0986766815, -84.1346359253], [-59.9696731567, 356.651885986, -57.3357810974, -54.2938766479, 326.322875977, 250.538269043, 368.732208252, 145.198516846, 114.567611694, 55.3969612122, 75.0377883911, -26.8266296387, -2.05576848984], [393.548828125, -389.262390137, 252.419448853, 180.755844116, -48.248916626, 260.417480469, 145.198516846, 386.573638916, 201.134460449, 173.306289673, -12.5671110153, 35.8082427979, -42.1376419067], [-270.111724854, 183.860229492, 192.364944458, -26.8142204285, -39.9567222595, 36.4007949829, 114.567611694, 201.134460449, 311.744628906, 167.869689941, 139.970458984, -22.5802555084, 16.4844436646], [-36.9719734192, -238.90914917, 39.1925773621, 1.66476905346, -3.28967356682, 53.3235168457, 55.3969612122, 173.306289673, 167.869689941, 267.66519165, 77.9034576416, 70.6081390381, -48.7109069824], [-459.558288574, 466.337280273, -18.8745918274, -197.038864136, 119.12702179, 18.5272769928, 75.0377883911, -12.5671110153, 139.970458984, 77.9034576416, 241.763427734, 13.3263835907, 85.694190979], [86.7153244019, -319.420776367, -7.12416553497, 69.5317687988, -49.9592666626, 20.0986766815, -26.8266296387, 35.8082427979, -22.5802555084, 70.6081390381, 13.3263835907, 141.187164307, 33.4269790649], [-432.458129883, 307.017028809, 97.4129486084, -85.1729125977, 19.5538768768, -84.1346359253, -2.05576848984, -42.1376419067, 16.4844436646, -48.7109069824, 85.694190979, 33.4269790649, 148.228622437]],
        "icov": [[0.000172078347532, -0.00052151462296, 0.000341687380569, -0.00041963160038, 0.000424260040745, -0.000486375647597, 0.000454084540252, -0.000425144040491, 0.000332812400302, -0.000359060970368, 0.000515526044182, -0.000544479640666, 0.000339696824085], [-0.00052151462296, 0.00353114190511, -0.00207058503293, 0.002529167803, -0.00235837255605, 0.00232269265689, -0.00286461855285, 0.00262906122953, -0.0018595015863, 0.00269930344075, -0.00336927035823, 0.00359775382094, -0.00145386625081], [0.000341687380569, -0.00207058503293, 0.00185086252168, -0.00192007643636, 0.00116252503358, -0.00114237330854, 0.00209789932705, -0.00220404029824, 0.000970040098764, -0.00151192652993, 0.00190649391152, -0.00164718891028, 0.000231236190302], [-0.00041963160038, 0.002529167803, -0.00192007643636, 0.00337918312289, -0.00162227184046, 0.000715068948921, -0.00176125240978, 0.00273893098347, -0.00255575985648, 0.00222293077968, -0.000673923990689, 0.00123653386254, -0.000759714050218], [0.000424260040745, -0.00235837255605, 0.00116252503358, -0.00162227184046, 0.00410563685, -0.0022209379822, -0.000448796985438, -0.000746354926378, 0.00355549668893, -0.00358797935769, 0.00145659106784, -0.000673471717164, 0.000141080003232], [-0.000486375647597, 0.00232269265689, -0.00114237330854, 0.000715068948921, -0.0022209379822, 0.00416491832584, -0.00230590766296, -0.0008132737712, 0.000289222225547, 0.00308687752113, -0.00498892460018, 0.00234974082559, 0.000662147358526], [0.000454084540252, -0.00286461855285, 0.00209789932705, -0.00176125240978, -0.000448796985438, -0.00230590766296, 0.00891841482371, -0.00459306361154, -0.000899540900718, -0.000206798809813, 0.00268541625701, -0.00345258857124, 0.00169392488897], [-0.000425144040491, 0.00262906122953, -0.00220404029824, 0.00273893098347, -0.000746354926378, -0.0008132737712, -0.00459306361154, 0.0126414857805, -0.00800092890859, -0.00145898689516, 0.00481929443777, 0.000208164492506, -0.00291948043741], [0.000332812400302, -0.0018595015863, 0.000970040098764, -0.00255575985648, 0.00355549668893, 0.000289222225547, -0.000899540900718, -0.00800092890859, 0.0179914887995, -0.00815413706005, -0.0071321837604, 0.00813686754555, -0.00226750317961], [-0.000359060970368, 0.00269930344075, -0.00151192652993, 0.00222293077968, -0.00358797935769, 0.00308687752113, -0.000206798809813, -0.00145898689516, -0.00815413706005, 0.0175560452044, -0.0066273258999, -0.00798851624131, 0.00974923186004], [0.000515526044182, -0.00336927035823, 0.00190649391152, -0.000673923990689, 0.00145659106784, -0.00498892460018, 0.00268541625701, 0.00481929443777, -0.0071321837604, -0.0066273258999, 0.01895461604, -0.00520593905821, -0.00594294257462], [-0.000544479640666, 0.00359775382094, -0.00164718891028, 0.00123653386254, -0.000673471717164, 0.00234974082559, -0.00345258857124, 0.000208164492506, 0.00813686754555, -0.00798851624131, -0.00520593905821, 0.02204756625, -0.0113058229908], [0.000339696824085, -0.00145386625081, 0.000231236190302, -0.000759714050218, 0.000141080003232, 0.000662147358526, 0.00169392488897, -0.00291948043741, -0.00226750317961, 0.00974923186004, -0.00594294257462, -0.0113058229908, 0.01915227063]]
    },
    "melbands": {
        "mean": [0.0033881184645, 0.00275846640579, 0.00223122467287, 0.000878113612998, 0.00138208188582, 0.000414330483181, 0.000702701567207, 0.00033639385947, 0.000225304320338, 7.78713001637e-005, 4.47116908617e-005, 9.53460039455e-005, 6.65674524498e-005, 0.000118048999866, 0.000140189338708, 7.92184946476e-005, 2.92359854939e-005, 1.01163914223e-005, 8.3012128016e-006, 8.75950627233e-006, 5.95361234446e-006, 3.69339636563e-006, 5.47596300748e-006, 2.46994795816e-006, 3.97937628804e-006, 2.10543339563e-006, 1.68014821611e-006, 1.16715830245e-006, 1.24281427816e-006, 1.25075894175e-006, 1.18156935969e-006, 1.0926627283e-006, 1.17851709547e-006, 1.24144730762e-006, 6.40747714442e-007, 4.47502770839e-007, 4.82046971229e-007, 2.98196709991e-007, 1.7580910594e-007, 8.72556498166e-008],
        "var": [2.81674128928e-005, 2.35890911426e-005, 2.90319203486e-005, 1.34866695589e-006, 6.73773593007e-006, 5.80046219056e-007, 2.0593518002e-006, 4.00945509682e-007, 4.4778460051e-007, 3.9463159851e-008, 9.26895893372e-009, 5.53619408095e-008, 1.75788592571e-008, 7.60852927328e-008, 9.25155276832e-008, 3.62774059681e-008, 3.72757869016e-009, 2.51072246327e-010, 2.7542851333e-010, 1.38080291645e-009, 6.62207455537e-010, 6.42356515201e-011, 2.21508686393e-010, 4.66219077233e-011, 2.4353866146e-010, 5.39176689407e-011, 3.71317698811e-011, 1.67112036015e-011, 1.60041147002e-011, 1.59818928924e-011, 1.07101784039e-011, 8.95801748751e-012, 9.65486891824e-012, 1.11793898791e-011, 2.503190797e-012, 1.14826366731e-012, 1.94939247036e-012, 6.68395514717e-013, 1.84585826441e-013, 3.84184532603e-014]
    },
    "mfcc": {
        "mean": [-758.162353516, 183.139633179, 17.6725444794, 5.41411066055, 5.39192008972, 4.99200677872, -4.32505083084, -0.727785170078, -12.5685520172, -5.79919719696, -0.995764672756, 1.79545366764, -0.151893854141],
        "cov": [[12281.7890625, -1656.58251953, -1097.39794922, 145.187805176, -56.3419799805, 809.127563477, 206.624313354, 600.365600586, 136.854782104, 51.8662948608, 40.4252967834, 131.678421021, -120.740791321], [-1656.58251953, 4457.14111328, 119.770065308, -451.720245361, 352.648895264, -251.189239502, 250.348693848, -191.218933105, -133.325759888, 44.6092414856, 43.226348877, 12.2210597992, -54.7454566956], [-1097.39794922, 119.770065308, 2205.30566406, 732.536010742, 194.714828491, -65.7614135742, -218.278808594, 55.8805465698, 140.884979248, 134.519699097, -34.2602386475, -7.03385019302, -28.3280086517], [145.187805176, -451.720245361, 732.536010742, 809.891296387, 146.525100708, 112.898773193, -62.4025001526, 60.5301818848, 68.8712387085, 37.1997261047, -30.5686130524, -74.193862915, -11.6253595352], [-56.3419799805, 352.648895264, 194.714828491, 146.525100708, 444.799713135, 302.630279541, 262.301727295, 127.350456238, 47.5856666565, 53.798500061, 5.96671628952, 26.4999599457, -22.0604801178], [809.127563477, -251.189239502, -65.7614135742, 112.898773193, 302.630279541, 532.275390625, 348.517578125, 238.243347168, 70.9961242676, 56.7203559875, 50.2782745361, 56.0576858521, 2.30837965012], [206.624313354, 250.348693848, -218.278808594, -62.4025001526, 262.301727295, 348.517578125, 416.53112793, 221.696228027, 97.9608917236, 76.3371200562, 44.6916275024, 50.3774757385, 10.9121742249], [600.365600586, -191.218933105, 55.8805465698, 60.5301818848, 127.350456238, 238.243347168, 221.696228027, 274.620117188, 166.844009399, 118.108726501, 53.7160453796, 57.3892211914, 19.9086208344], [136.854782104, -133.325759888, 140.884979248, 68.8712387085, 47.5856666565, 70.9961242676, 97.9608917236, 166.844009399, 204.743728638, 160.560714722, 90.0294113159, 75.8116378784, 39.0050163269], [51.8662948608, 44.6092414856, 134.519699097, 37.1997261047, 53.798500061, 56.7203559875, 76.3371200562, 118.108726501, 160.560714722, 226.14440918, 169.994918823, 133.438186646, 73.9092330933], [40.4252967834, 43.226348877, -34.2602386475, -30.5686130524, 5.96671628952, 50.2782745361, 44.6916275024, 53.7160453796, 90.0294113159, 169.994918823, 202.795715332, 154.09362793, 87.0886917114], [131.678421021, 12.2210597992, -7.03385019302, -74.193862915, 26.4999599457, 56.0576858521, 50.3774757385, 57.3892211914, 75.8116378784, 133.438186646, 154.09362793, 186.654464722, 92.6170730591], [-120.740791321, -54.7454566956, -28.3280086517, -11.6253595352, -22.0604801178, 2.30837965012, 10.9121742249, 19.9086208344, 39.0050163269, 73.9092330933, 87.0886917114, 92.6170730591, 116.724960327]],
        "icov": [[0.000141198877827, -3.9667578676e-005, 0.000161387913977, -0.000122431345517, 0.000173917433131, -0.000364369945601, 0.000504693773109, -0.000549474905711, 0.000208533849218, -0.000234939550865, 0.000392221001675, -0.000455737084849, 0.000389089691453], [-3.9667578676e-005, 0.000454938504845, -0.000214444604353, 0.000252560974332, -0.00055048300419, 0.00104938726872, -0.00117639149539, 0.000413809291786, 0.00061554799322, -0.000133227265906, -0.000715724134352, 0.000404615246225, 0.000151676416863], [0.000161387913977, -0.000214444604353, 0.0011500257533, -0.000836603809148, -0.000205390897463, -0.000557459599804, 0.00186755426694, -0.00106241472531, -3.60211970474e-006, -0.00128462282009, 0.00192640547175, -0.00140354374889, 0.000731945037842], [-0.000122431345517, 0.000252560974332, -0.000836603809148, 0.00277257314883, -0.00118594116066, -0.000629907299299, 0.000785109004937, 0.000675072078593, -0.00101259816438, 0.000270919699688, -0.00156930228695, 0.00345421978272, -0.0017384175444], [0.000173917433131, -0.00055048300419, -0.000205390897463, -0.00118594116066, 0.00671159802005, -0.00329989544116, -0.00204889988527, 0.00150583218783, 0.000549949938431, -0.00282207038254, 0.00410974305123, -0.00299776857719, 0.00193765934091], [-0.000364369945601, 0.00104938726872, -0.000557459599804, -0.000629907299299, -0.00329989544116, 0.0102305337787, -0.00670199003071, -0.00307538034394, 0.00407794769853, 0.00330428453162, -0.00564407743514, 0.00035114295315, 0.000719835865311], [0.000504693773109, -0.00117639149539, 0.00186755426694, 0.000785109004937, -0.00204889988527, -0.00670199003071, 0.0146091701463, -0.00639684172347, -0.00184021121822, -0.00118265708443, 0.00294530857354, 3.25410292135e-005, -0.000887199770659], [-0.000549474905711, 0.000413809291786, -0.00106241472531, 0.000675072078593, 0.00150583218783, -0.00307538034394, -0.00639684172347, 0.0187177583575, -0.0106265572831, -0.00129401823506, 0.00286525022238, 0.000716482114512, -0.00114989292342], [0.000208533849218, 0.00061554799322, -3.60211970474e-006, -0.00101259816438, 0.000549949938431, 0.00407794769853, -0.00184021121822, -0.0106265572831, 0.0226017460227, -0.0131696751341, 0.00312636210583, -0.00149057526141, 0.00204689498059], [-0.000234939550865, -0.000133227265906, -0.00128462282009, 0.000270919699688, -0.00282207038254, 0.00330428453162, -0.00118265708443, -0.00129401823506, -0.0131696751341, 0.0304032154381, -0.0203826669604, 0.00172912166454, -0.00187242985703], [0.000392221001675, -0.000715724134352, 0.00192640547175, -0.00156930228695, 0.00410974305123, -0.00564407743514, 0.00294530857354, 0.00286525022238, 0.00312636210583, -0.0203826669604, 0.0310518704355, -0.0137218274176, 8.68950664881e-005], [-0.000455737084849, 0.000404615246225, -0.00140354374889, 0.00345421978272, -0.00299776857719, 0.00035114295315, 3.25410292135e-005, 0.000716482114512, -0.00149057526141, 0.00172912166454, -0.0137218274176, 0.0222040656954, -0.00895402394235], [0.000389089691453, 0.000151676416863, 0.000731945037842, -0.0017384175444, 0.00193765934091, 0.000719835865311, -0.000887199770659, -0.00114989292342, 0.00204689498059, -0.00187242985703, 8.68950664881e-005, -0.00895402394235, 0.0172177739441]]
    },
    "spectral_contrast_coeffs": {
        "mean": [-0.574695289135, -0.689160585403, -0.773944914341, -0.789724707603, -0.816665351391, -0.800376594067],
        "var": [0.0164005924016, 0.00848289392889, 0.0042375694029, 0.00498619722202, 0.00160530162975, 0.00335492868908]
    },
    "spectral_contrast_valleys": {
        "mean": [-7.85629844666, -7.06059408188, -7.85071802139, -8.59292507172, -9.32521057129, -11.9726848602],
        "var": [2.99088716507, 1.85292518139, 1.90882098675, 2.01729917526, 2.26345181465, 2.93027901649]
    }
},
"metadata": {
    "audio_properties": {
        "analysis_sample_rate": 44100,
        "bit_rate": 128074,
        "equal_loudness": 0,
        "length": 45.0612258911,
        "lossless": 0,
        "replay_gain": -4.82669258118,
        "sample_rate": 44100,
        "codec": "mp3",
        "downmix": "mix",
        "md5_encoded": "5d027e381e21d1bb0b53b205b9aa9cd8"
    },
    "tags": {
        "file_name": "1824.mp3"
    },
    "version": {
        "essentia": "2.1-beta2",
        "essentia_git_sha": "v2.1_beta2",
        "extractor": "music 1.0"
    }
},
"rhythm": {
    "beats_count": 90,
    "beats_loudness": {
        "mean": 0.0767645388842,
        "var": 0.000613238604274
    },
    "bpm": 120.050712585,
    "bpm_histogram_first_peak_bpm": {
        "mean": 120,
        "var": 0
    },
    "bpm_histogram_first_peak_spread": {
        "mean": 0.430232584476,
        "var": 0
    },
    "bpm_histogram_first_peak_weight": {
        "mean": 0.550561785698,
        "var": 0
    },
    "bpm_histogram_second_peak_bpm": {
        "mean": 133,
        "var": 0
    },
    "bpm_histogram_second_peak_spread": {
        "mean": 0.333333313465,
        "var": 0
    },
    "bpm_histogram_second_peak_weight": {
        "mean": 0.0224719103426,
        "var": 0
    },
    "danceability": 1.9303637743,
    "onset_rate": 4.88004589081,
    "beats_loudness_band_ratio": {
        "mean": [0.871323823929, 0.0589394457638, 0.0497668311, 0.0326166935265, 0.0022818534635, 0.00160094944295],
        "var": [0.00862065330148, 0.00650653429329, 0.00376357743517, 0.00235968851484, 8.98775488167e-006, 1.21223376937e-006]
    },
    "beats_position": [0.441179126501, 0.893968224525, 1.34675729275, 1.8111563921, 2.29877543449, 2.80961441994, 3.29723358154, 3.80807256699, 4.3073015213, 4.80653047562, 5.30575942993, 5.80498838425, 6.30421733856, 6.80344676971, 7.30267572403, 7.80190467834, 8.31274318695, 8.80036258698, 9.31120204926, 9.81043052673, 10.3096599579, 10.8088884354, 11.3081178665, 11.807346344, 12.3065757751, 12.7941951752, 13.3050336838, 13.8158731461, 14.3034915924, 14.8027210236, 15.301949501, 15.8011789322, 16.3004074097, 16.7996368408, 17.298866272, 17.8097057343, 18.2973232269, 18.8081626892, 19.2957820892, 19.8066215515, 20.3058490753, 20.8050785065, 21.3043079376, 21.8035373688, 22.3027667999, 22.8019943237, 23.3012237549, 23.800453186, 24.3112926483, 24.7989120483, 25.3097496033, 25.8205890656, 26.3082084656, 26.8074378967, 27.3066654205, 27.8058948517, 28.3051242828, 28.804353714, 29.3035831451, 29.8144207001, 30.3020401001, 30.8128795624, 31.3004989624, 31.8113365173, 32.2989578247, 32.8097953796, 33.2974128723, 33.8082542419, 34.3074836731, 34.8067131042, 35.2943305969, 35.8051681519, 36.304397583, 36.8036270142, 37.3028564453, 37.8020858765, 38.3013153076, 38.8005447388, 39.3113822937, 39.8106117249, 40.309841156, 40.7974586487, 41.3083000183, 41.8075294495, 42.3067550659, 42.8059844971, 43.3052139282, 43.8160552979, 44.3036727905, 44.8029022217]
},
"tonal": {
    "chords_changes_rate": 0.0648148134351,
    "chords_number_rate": 0.00617283955216,
    "chords_strength": {
        "mean": 0.507438540459,
        "var": 0.00418144697323
    },
    "hpcp_entropy": {
        "mean": 1.88577055931,
        "var": 0.481342613697
    },
    "key_strength": 0.687181174755,
    "tuning_diatonic_strength": 0.503458082676,
    "tuning_equal_tempered_deviation": 0.0510549917817,
    "tuning_frequency": 438.731048584,
    "tuning_nontempered_energy_ratio": 0.709181427956,
    "hpcp": {
        "mean": [0.305962979794, 0.219878852367, 0.0904080197215, 0.0591199062765, 0.0528469234705, 0.0563497059047, 0.0579870827496, 0.075941093266, 0.175316110253, 0.236333146691, 0.14794524014, 0.0630008131266, 0.0537829324603, 0.0974712893367, 0.295062363148, 0.424601942301, 0.257461518049, 0.0934571400285, 0.0593182034791, 0.0500012822449, 0.0706175491214, 0.105036109686, 0.102745607495, 0.11435803026, 0.125876426697, 0.0736974552274, 0.0360694602132, 0.0314579680562, 0.0447721555829, 0.126524209976, 0.15764285624, 0.0870536342263, 0.0534892380238, 0.0644946247339, 0.103373877704, 0.211900889874],
        "var": [0.110566779971, 0.0840367227793, 0.0414496846497, 0.0291239824146, 0.0219933148474, 0.0235912334174, 0.0222613532096, 0.0280979517847, 0.0587578453124, 0.0897326692939, 0.0524284318089, 0.0263861119747, 0.0268820095807, 0.0370515659451, 0.0959848165512, 0.153996706009, 0.0850391313434, 0.035801101476, 0.0220162589103, 0.0185798555613, 0.0202954839915, 0.0480498559773, 0.0328993089497, 0.0413794144988, 0.0483839660883, 0.0225875545293, 0.0119253043085, 0.0125088244677, 0.0113784251735, 0.0637501180172, 0.0690857842565, 0.0259602218866, 0.0257559660822, 0.0336002670228, 0.0512099452317, 0.076460160315]
    },
    "chords_histogram": [58.7448577881, 16.2551441193, 12.3456792831, 0, 0, 3.60082316399, 0, 7.09876537323, 0, 0, 0, 0, 0, 0, 0, 0, 0, 0, 0, 0, 0, 0, 1.95473253727, 0],
    "thpcp": [1, 0.60635972023, 0.220105305314, 0.139703094959, 0.117760367692, 0.166314706206, 0.247375488281, 0.241981014609, 0.269329965115, 0.296457499266, 0.173568338156, 0.0849488824606, 0.0740881413221, 0.10544501245, 0.297983109951, 0.371272116899, 0.205024108291, 0.125975012779, 0.151894316077, 0.243460685015, 0.499057739973, 0.720587790012, 0.517847001553, 0.212924182415, 0.139236077666, 0.124462276697, 0.132711842656, 0.13656809926, 0.178852438927, 0.412895202637, 0.556599318981, 0.348432779312, 0.148376181722, 0.126666709781, 0.229559212923, 0.694915235043],
    "chords_key": "D",
    "chords_scale": "minor",
    "key_key": "D",
    "key_scale": "minor"
}
}