{
"lowlevel": {
    "average_loudness": 0.959082305431,
    "barkbands_crest": {
        "mean": 8.06872081757,
        "var": 15.2339391708
    },
    "barkbands_flatness_db": {
        "mean": 0.113135114312,
        "var": 0.00341805024073
    },
    "barkbands_kurtosis": {
        "mean": 1.22739100456,
        "var": 10.408870697
    },
    "barkbands_skewness": {
        "mean": 0.910750865936,
        "var": 0.8532345891
    },
    "barkbands_spread": {
        "mean": 27.0902194977,
        "var": 275.965362549
    },
    "dissonance": {
        "mean": 0.465338200331,
        "var": 0.000464932469185
    },
    "dynamic_complexity": 2.40646529198,
    "erbbands_crest": {
        "mean": 6.95451116562,
        "var": 9.4718952179
    },
    "erbbands_flatness_db": {
        "mean": 0.163348898292,
        "var": 0.0034819864668
    },
    "erbbands_kurtosis": {
        "mean": 0.0698404014111,
        "var": 2.25856471062
    },
    "erbbands_skewness": {
        "mean": -0.00649213790894,
        "var": 0.481661707163
    },
    "erbbands_spread": {
        "mean": 36.9557380676,
        "var": 204.812667847
    },
    "hfc": {
        "mean": 32.500629425,
        "var": 1399.44970703
    },
    "melbands_crest": {
        "mean": 11.7512722015,
        "var": 27.0375499725
    },
    "melbands_flatness_db": {
        "mean": 0.16914254427,
        "var": 0.00608415622264
    },
    "melbands_kurtosis": {
        "mean": 5.56894731522,
        "var": 45.2303237915
    },
    "melbands_skewness": {
        "mean": 1.92533993721,
        "var": 0.988294780254
    },
    "melbands_spread": {
        "mean": 36.984752655,
        "var": 1157.56286621
    },
    "pitch_salience": {
        "mean": 0.605443418026,
        "var": 0.00941106304526
    },
    "silence_rate_20dB": {
        "mean": 1,
        "var": 0
    },
    "silence_rate_30dB": {
        "mean": 1,
        "var": 0
    },
    "silence_rate_60dB": {
        "mean": 0.00411946466193,
        "var": 0.00410248525441
    },
    "spectral_centroid": {
        "mean": 1523.10229492,
        "var": 758529.6875
    },
    "spectral_complexity": {
        "mean": 24.6060752869,
        "var": 84.9092636108
    },
    "spectral_decrease": {
        "mean": -5.95559646044e-009,
        "var": 1.85939746139e-017
    },
    "spectral_energy": {
        "mean": 0.0254256892949,
        "var": 0.000294289522571
    },
    "spectral_energyband_high": {
        "mean": 0.00251899007708,
        "var": 2.28376175073e-005
    },
    "spectral_energyband_low": {
        "mean": 0.00429226830602,
        "var": 4.36206173617e-005
    },
    "spectral_energyband_middle_high": {
        "mean": 0.00602414784953,
        "var": 2.34566487052e-005
    },
    "spectral_energyband_middle_low": {
        "mean": 0.0133189624175,
        "var": 0.0001677875116
    },
    "spectral_entropy": {
        "mean": 7.62877082825,
        "var": 0.284486323595
    },
    "spectral_flux": {
        "mean": 0.0823308303952,
        "var": 0.00181792618241
    },
    "spectral_kurtosis": {
        "mean": 4.76302909851,
        "var": 18.5952186584
    },
    "spectral_rms": {
        "mean": 0.00471267756075,
        "var": 2.59625221588e-006
    },
    "spectral_rolloff": {
        "mean": 2500.5703125,
        "var": 6317325
    },
    "spectral_skewness": {
        "mean": 1.45324635506,
        "var": 0.225851848722
    },
    "spectral_spread": {
        "mean": 4443041,
        "var": 4.64745974989e+012
    },
    "spectral_strongpeak": {
        "mean": 0.968002617359,
        "var": 1.66731894016
    },
    "zerocrossingrate": {
        "mean": 0.0838159173727,
        "var": 0.00418622558936
    },
    "barkbands": {
        "mean": [0.0010014208965, 0.000881683139596, 0.0017718722811, 0.00194877444301, 0.00481065828353, 0.00317710987292, 0.00140202988405, 0.000975795730483, 0.00088107859483, 0.00115533266217, 0.000810767582152, 0.000850900425576, 0.000470110971946, 0.000791260856204, 0.0003928882943, 0.000581978645641, 0.000266866554739, 0.000289145275019, 0.000256744737271, 0.00039400474634, 0.000586198875681, 0.00045028567547, 0.00033420350519, 0.000521597394254, 0.000236694191699, 0.000163380478625, 2.29258821491e-005],
        "var": [6.40739972368e-006, 4.20527931055e-006, 8.30055887491e-006, 1.00241422842e-005, 7.30909814592e-005, 3.37809069606e-005, 7.59575732445e-006, 4.93437300975e-006, 2.76390710496e-006, 2.65610242423e-006, 2.51172741628e-006, 2.38996130975e-006, 4.15355998484e-007, 9.60234615377e-007, 1.33724199713e-007, 2.49708818956e-007, 4.75745096651e-008, 3.19600928833e-007, 1.49815420514e-007, 7.2326378131e-007, 1.42854025853e-006, 1.12709290079e-006, 4.44367941554e-007, 1.69173949871e-006, 2.60158287801e-007, 1.53255840019e-007, 7.91774024123e-009]
    },
    "erbbands": {
        "mean": [0.0295654460788, 0.206645354629, 1.5368616581, 5.54225921631, 9.98850631714, 18.2909908295, 17.0953807831, 29.2863845825, 23.1977539063, 17.8797683716, 24.660402298, 17.9671535492, 33.7733879089, 37.6701164246, 23.8697338104, 29.9906635284, 25.1206073761, 31.5348262787, 28.3641166687, 26.6580028534, 31.5616168976, 17.1036167145, 14.5370674133, 15.2047843933, 14.3978624344, 18.2846603394, 20.4092712402, 23.4103317261, 16.5094490051, 14.1685237885, 8.56740474701, 11.6551790237, 7.37955856323, 3.3229804039, 1.34677779675, 0.621939241886, 0.300734490156, 0.0757690444589, 0.00271765515208, 9.08273505047e-005],
        "var": [0.00870864186436, 0.14989452064, 5.40483379364, 77.4333267212, 199.647781372, 1475.04968262, 753.501403809, 4258.60986328, 1927.38098145, 1549.31420898, 3338.65136719, 1238.41027832, 1736.68969727, 3749.21484375, 885.405700684, 2761.21386719, 1119.54711914, 1520.83618164, 877.834411621, 472.171783447, 832.752990723, 195.038116455, 862.841430664, 525.845947266, 682.132629395, 1511.95410156, 1661.11486816, 2467.54907227, 1552.44165039, 898.407958984, 271.640594482, 873.034667969, 330.327392578, 53.5912857056, 8.15388679504, 1.65692579746, 0.57131755352, 0.0526572577655, 0.000128773594042, 3.77973385923e-008]
    },
    "gfcc": {
        "mean": [13.4353179932, 91.3667907715, -134.314086914, 22.2610473633, -55.7944412231, 2.6998693943, -39.5184288025, -5.63946628571, -32.9641532898, -0.28559550643, -26.0030117035, -0.110194206238, -6.43325185776],
        "cov": [[5300.22607422, -3437.03930664, 1414.24450684, 286.308898926, -930.948425293, 914.734802246, -627.85949707, 463.934753418, -211.735473633, 77.3320236206, -47.7560882568, 165.149185181, -375.864929199], [-3437.03930664, 4032.17700195, -1322.21789551, -215.872268677, 928.507202148, -940.326599121, 636.168029785, -410.341674805, 247.326339722, -44.0965385437, 121.082901001, -162.865264893, 326.572601318], [1414.24450684, -1322.21789551, 799.300048828, 163.489059448, -271.688232422, 412.962036133, -229.420455933, 203.612014771, -66.4733734131, 19.9346008301, -39.028968811, 52.6217460632, -139.059585571], [286.308898926, -215.872268677, 163.489059448, 246.228790283, -19.9689750671, 102.48651886, -6.9332742691, 29.1491909027, -9.78065395355, -19.2782306671, -18.8570251465, 12.5528936386, -3.47213697433], [-930.948425293, 928.507202148, -271.688232422, -19.9689750671, 397.853942871, -144.229141235, 215.079605103, -104.514762878, 23.9539394379, -11.0523319244, 16.4731407166, -25.991607666, 85.4444732666], [914.734802246, -940.326599121, 412.962036133, 102.48651886, -144.229141235, 429.521118164, -149.459320068, 149.263473511, -87.9667510986, -5.65943002701, -23.3460292816, 31.4956798553, -86.9943618774], [-627.85949707, 636.168029785, -229.420455933, -6.9332742691, 215.079605103, -149.459320068, 230.817138672, -77.3513641357, 51.2001876831, 4.96187829971, 13.3120002747, -24.5557975769, 56.643535614], [463.934753418, -410.341674805, 203.612014771, 29.1491909027, -104.514762878, 149.263473511, -77.3513641357, 160.170608521, 0.690207123756, 18.9750061035, -9.69974136353, 0.580392301083, -57.844203949], [-211.735473633, 247.326339722, -66.4733734131, -9.78065395355, 23.9539394379, -87.9667510986, 51.2001876831, 0.690207123756, 96.6048355103, 30.8128395081, 20.7756233215, -12.9655618668, 10.0326786041], [77.3320236206, -44.0965385437, 19.9346008301, -19.2782306671, -11.0523319244, -5.65943002701, 4.96187829971, 18.9750061035, 30.8128395081, 64.099319458, 30.021736145, 16.4442386627, -6.10050725937], [-47.7560882568, 121.082901001, -39.028968811, -18.8570251465, 16.4731407166, -23.3460292816, 13.3120002747, -9.69974136353, 20.7756233215, 30.021736145, 78.2040252686, 26.3126144409, 25.5401077271], [165.149185181, -162.865264893, 52.6217460632, 12.5528936386, -25.991607666, 31.4956798553, -24.5557975769, 0.580392301083, -12.9655618668, 16.4442386627, 26.3126144409, 71.6794052124, 8.97906303406], [-375.864929199, 326.572601318, -139.059585571, -3.47213697433, 85.4444732666, -86.9943618774, 56.643535614, -57.844203949, 10.0326786041, -6.10050725937, 25.5401077271, 8.97906303406, 94.0331802368]],
        "icov": [[0.000585000612773, 3.31270275638e-005, -0.000313649943564, -0.000283552421024, 0.000725122052245, -0.00019044642977, -6.71020898153e-005, -0.000193236250198, 0.000719541800208, -0.000538313470315, -0.000254946789937, -0.000424640194979, 0.000833550991956], [3.31270275638e-005, 0.00175186106935, 0.000672006222885, -1.01029945654e-005, -0.00260187662207, 0.00168904312886, 0.00017452861357, -0.000212527724216, -0.00173287070356, 0.00199503358454, -0.00211345613934, 0.00186290428974, -0.000556868326385], [-0.000313649943564, 0.000672006222885, 0.0041406233795, -0.00128937675618, -0.00114098226186, -0.00106525537558, 0.00131971994415, -0.00103053834755, -0.00124796375167, -0.000215468768147, 0.000276439473964, -0.000477736262837, 0.00120019435417], [-0.000283552421024, -1.01029945654e-005, -0.00128937675618, 0.00575175276026, -7.86389646237e-005, -0.000963516591582, -0.0014361141948, 0.00045863041305, -0.0019312837394, 0.00271689984947, 0.00104108650703, -0.000596779107582, -0.00230890256353], [0.000725122052245, -0.00260187662207, -0.00114098226186, -7.86389646237e-005, 0.0107018044218, -0.00346923107281, -0.00523603055626, 0.000875979661942, 0.00467781396583, -0.0035009374842, 0.00256179994904, -0.00239430996589, -0.000189958707779], [-0.00019044642977, 0.00168904312886, -0.00106525537558, -0.000963516591582, -0.00346923107281, 0.00848568603396, 0.000789598678239, -0.00365738081746, 0.00265840557404, 0.00249799713492, -0.00321572762914, 0.00154850783292, 0.000643249368295], [-6.71020898153e-005, 0.00017452861357, 0.00131971994415, -0.0014361141948, -0.00523603055626, 0.000789598678239, 0.0114432321861, 0.000887269270606, -0.00342409568839, -0.00149077887181, 0.000594839861151, 0.000983195728622, 0.000178367059561], [-0.000193236250198, -0.000212527724216, -0.00103053834755, 0.00045863041305, 0.000875979661942, -0.00365738081746, 0.000887269270606, 0.0127468872815, -0.00392352696508, -0.00231987750158, 0.000693988113198, 0.00214881822467, 0.00146022590343], [0.000719541800208, -0.00173287070356, -0.00124796375167, -0.0019312837394, 0.00467781396583, 0.00265840557404, -0.00342409568839, -0.00392352696508, 0.0218049045652, -0.00986651610583, -0.00122716510668, 0.00144567282405, 0.00206408952363], [-0.000538313470315, 0.00199503358454, -0.000215468768147, 0.00271689984947, -0.0035009374842, 0.00249799713492, -0.00149077887181, -0.00231987750158, -0.00986651610583, 0.0289021227509, -0.00951506942511, -0.00250305072404, 0.00141555478331], [-0.000254946789937, -0.00211345613934, 0.000276439473964, 0.00104108650703, 0.00256179994904, -0.00321572762914, 0.000594839861151, 0.000693988113198, -0.00122716510668, -0.00951506942511, 0.022867180407, -0.00794138107449, -0.00440508266911], [-0.000424640194979, 0.00186290428974, -0.000477736262837, -0.000596779107582, -0.00239430996589, 0.00154850783292, 0.000983195728622, 0.00214881822467, 0.00144567282405, -0.00250305072404, -0.00794138107449, 0.0227516703308, -0.00489006703719], [0.000833550991956, -0.000556868326385, 0.00120019435417, -0.00230890256353, -0.000189958707779, 0.000643249368295, 0.000178367059561, 0.00146022590343, 0.00206408952363, 0.00141555478331, -0.00440508266911, -0.00489006703719, 0.020683510229]]
    },
    "melbands": {
        "mean": [0.000285458634607, 0.000630969530903, 0.000994457979687, 0.00109116709791, 0.000648327521048, 0.000650905072689, 0.000336170109222, 0.000191279410501, 0.000194418462343, 0.000113532412797, 0.000179117036168, 0.000163994627655, 9.29250236368e-005, 7.16134018148e-005, 8.89357615961e-005, 4.62720745418e-005, 6.23607411399e-005, 5.17422449775e-005, 3.33758325723e-005, 3.9376096538e-005, 3.32189847541e-005, 1.86124780157e-005, 1.05610633909e-005, 1.50246733028e-005, 1.19014766824e-005, 1.01731820905e-005, 1.1645522136e-005, 1.20749855341e-005, 1.18661873785e-005, 1.47094297063e-005, 1.27491757667e-005, 9.09551545192e-006, 8.67064136401e-006, 7.59907061365e-006, 4.69004498882e-006, 5.32165586264e-006, 7.99533790996e-006, 5.70665906707e-006, 3.61860111298e-006, 2.57486726696e-006],
        "var": [5.67177210087e-007, 9.36688593356e-007, 1.71846625108e-006, 3.81108088732e-006, 1.41253451602e-006, 1.77053368589e-006, 3.75124272978e-007, 1.63931346719e-007, 2.21513630549e-007, 5.84983510521e-008, 5.14919769046e-008, 5.96211577886e-008, 1.69841083419e-008, 2.07944736985e-008, 2.58633825467e-008, 4.12814138429e-009, 5.29878985134e-009, 3.7960457e-009, 1.00370756151e-009, 1.0076351975e-009, 1.20481746801e-009, 2.49815140796e-010, 3.47729123273e-010, 8.90075568805e-010, 3.32091548705e-010, 2.74072653461e-010, 7.25183579853e-010, 7.26272875173e-010, 5.92340565486e-010, 1.00590258345e-009, 7.8661871461e-010, 5.16574893972e-010, 4.2654110799e-010, 2.60351074033e-010, 7.79073680568e-011, 1.43414571885e-010, 4.67293481687e-010, 2.19757045894e-010, 7.24913462591e-011, 3.45447073724e-011]
    },
    "mfcc": {
        "mean": [-624.592651367, 125.231887817, -19.9149608612, 19.5332565308, -3.24346852303, 6.70098543167, -1.77572619915, -7.78233718872, 0.0946632474661, -6.57830524445, -12.81914711, -8.73765277863, -6.36386728287],
        "cov": [[3986.39624023, -2859.15844727, 1568.17004395, -558.273620605, 133.431106567, 2.87971043587, -113.277427673, 245.531906128, -205.482223511, 138.066986084, 62.6159362793, 82.2715988159, -38.7004928589], [-2859.15844727, 3442.65551758, -1527.63452148, 643.778442383, -129.294143677, -45.9531135559, 104.958084106, -245.728591919, 167.873519897, -109.169815063, 30.1144695282, -15.6110954285, 91.5302124023], [1568.17004395, -1527.63452148, 994.063232422, -273.641021729, 125.861404419, 20.5139980316, -65.3753204346, 153.729446411, -70.6418380737, 89.4156951904, 17.4837436676, 27.9882602692, -35.0749893188], [-558.273620605, 643.778442383, -273.641021729, 330.917633057, -25.5247478485, 17.6797275543, 24.817565918, -42.9877243042, 69.9516525269, -31.1512451172, -6.957675457, -12.4773159027, 12.0697536469], [133.431106567, -129.294143677, 125.861404419, -25.5247478485, 135.28302002, 58.4678153992, 41.2490921021, 50.9314727783, -2.73621273041, 16.5870895386, -11.9750175476, -5.09668159485, -5.34597158432], [2.87971043587, -45.9531135559, 20.5139980316, 17.6797275543, 58.4678153992, 140.941070557, 76.110710144, 32.0023269653, 6.38822555542, -14.9896936417, -17.1921062469, -10.2304496765, -4.49047899246], [-113.277427673, 104.958084106, -65.3753204346, 24.817565918, 41.2490921021, 76.110710144, 129.537277222, 31.63331604, 22.242067337, -6.51611948013, -9.10271072388, 2.8117954731, -3.40011382103], [245.531906128, -245.728591919, 153.729446411, -42.9877243042, 50.9314727783, 32.0023269653, 31.63331604, 97.4465866089, 7.18872690201, 21.645614624, 4.06951999664, 2.60936045647, -8.32796001434], [-205.482223511, 167.873519897, -70.6418380737, 69.9516525269, -2.73621273041, 6.38822555542, 22.242067337, 7.18872690201, 87.0800704956, 21.037815094, 6.41393899918, 2.45275855064, -3.23008155823], [138.066986084, -109.169815063, 89.4156951904, -31.1512451172, 16.5870895386, -14.9896936417, -6.51611948013, 21.645614624, 21.037815094, 71.5288543701, 28.6128196716, 10.7349824905, -1.10265445709], [62.6159362793, 30.1144695282, 17.4837436676, -6.957675457, -11.9750175476, -17.1921062469, -9.10271072388, 4.06951999664, 6.41393899918, 28.6128196716, 63.6466140747, 27.7628612518, 10.6430463791], [82.2715988159, -15.6110954285, 27.9882602692, -12.4773159027, -5.09668159485, -10.2304496765, 2.8117954731, 2.60936045647, 2.45275855064, 10.7349824905, 27.7628612518, 61.9817466736, 28.0212955475], [-38.7004928589, 91.5302124023, -35.0749893188, 12.0697536469, -5.34597158432, -4.49047899246, -3.40011382103, -8.32796001434, -3.23008155823, -1.10265445709, 10.6430463791, 28.0212955475, 57.8245582581]],
        "icov": [[0.000854165351484, 0.000353337760316, -0.000729914754629, -0.000115882794489, 0.000239445143961, 0.000102846912341, -0.000177414302016, -0.000257507344941, 0.00100778706837, -0.000230488672969, -0.000569323194213, -0.000393446534872, -7.62319250498e-005], [0.000353337760316, 0.00146369356662, 0.00140008842573, -0.00113570445683, -0.00103184056934, 0.000675293558743, -0.000275127851637, 0.000469238759251, 7.0111695095e-005, 0.000118910771562, -0.0016047062818, 8.04529263405e-005, -0.000723073200788], [-0.000729914754629, 0.00140008842573, 0.00513883819804, -0.000567757640965, -0.00260378280655, -0.000205449367058, 0.00224824086763, -0.00185151910409, 0.000169115824974, -0.00145796162542, -0.000450876977993, -0.00131891272031, 0.000843525573146], [-0.000115882794489, -0.00113570445683, -0.000567757640965, 0.0057551371865, 0.000478264526464, -0.00114819617011, 0.000577640836127, 0.00054747966351, -0.00383165315725, 0.00206589372829, 0.00040456050192, 0.000894989760127, -0.000440461182734], [0.000239445143961, -0.00103184056934, -0.00260378280655, 0.000478264526464, 0.0128962276503, -0.00363721163012, -0.00179159920663, -0.00340065988712, 0.00204095127992, -0.00362525228411, 0.00372398062609, 0.000452730688266, -0.000430901185609], [0.000102846912341, 0.000675293558743, -0.000205449367058, -0.00114819617011, -0.00363721163012, 0.0130506111309, -0.00677205156535, 0.000129729625769, -0.00060652079992, 0.00371339917183, -0.00112875946797, 0.00268057361245, -0.00164165103342], [-0.000177414302016, -0.000275127851637, 0.00224824086763, 0.000577640836127, -0.00179159920663, -0.00677205156535, 0.0150316413492, -0.00477641774341, -0.00132825679611, -0.000466314464575, 0.00185098114889, -0.00443579349667, 0.0027901197318], [-0.000257507344941, 0.000469238759251, -0.00185151910409, 0.00054747966351, -0.00340065988712, 0.000129729625769, -0.00477641774341, 0.0187450926751, -0.00387031352147, 0.000236392719671, -0.00239661918022, 0.00214454811066, -0.000847751507536], [0.00100778706837, 7.0111695095e-005, 0.000169115824974, -0.00383165315725, 0.00204095127992, -0.00060652079992, -0.00132825679611, -0.00387031352147, 0.0200461354107, -0.00937759969383, 0.00190761964768, -0.00333768036216, 0.00317920744419], [-0.000230488672969, 0.000118910771562, -0.00145796162542, 0.00206589372829, -0.00362525228411, 0.00371339917183, -0.000466314464575, 0.000236392719671, -0.00937759969383, 0.0253229625523, -0.0104980031028, 0.00299183093011, -0.00125675590243], [-0.000569323194213, -0.0016047062818, -0.000450876977993, 0.00040456050192, 0.00372398062609, -0.00112875946797, 0.00185098114889, -0.00239661918022, 0.00190761964768, -0.0104980031028, 0.0267158411443, -0.0102552240714, 0.00178013660479], [-0.000393446534872, 8.04529263405e-005, -0.00131891272031, 0.000894989760127, 0.000452730688266, 0.00268057361245, -0.00443579349667, 0.00214454811066, -0.00333768036216, 0.00299183093011, -0.0102552240714, 0.0280991531909, -0.0129379052669], [-7.62319250498e-005, -0.000723073200788, 0.000843525573146, -0.000440461182734, -0.000430901185609, -0.00164165103342, 0.0027901197318, -0.000847751507536, 0.00317920744419, -0.00125675590243, 0.00178013660479, -0.0129379052669, 0.0249610412866]]
    },
    "spectral_contrast_coeffs": {
        "mean": [-0.573745250702, -0.706643640995, -0.722658216953, -0.74579012394, -0.773142039776, -0.722408294678],
        "var": [0.00789825432003, 0.00484649743885, 0.00343945389614, 0.00277877436019, 0.00127467093989, 0.00365128158592]
    },
    "spectral_contrast_valleys": {
        "mean": [-7.67347431183, -6.73006057739, -7.26933002472, -7.38692998886, -7.46593284607, -10.4238586426],
        "var": [0.792882502079, 0.583294570446, 0.642422676086, 0.624803423882, 0.847321331501, 3.79899144173]
    }
},
"metadata": {
    "audio_properties": {
        "analysis_sample_rate": 44100,
        "bit_rate": 64037,
        "equal_loudness": 0,
        "length": 45.0612258911,
        "lossless": 0,
        "replay_gain": -5.5123462677,
        "sample_rate": 44100,
        "codec": "mp3",
        "downmix": "mix",
        "md5_encoded": "866d8d7cce26e82b1beef6baf08d332a"
    },
    "tags": {
        "file_name": "1825.mp3"
    },
    "version": {
        "essentia": "2.1-beta2",
        "essentia_git_sha": "v2.1_beta2",
        "extractor": "music 1.0"
    }
},
"rhythm": {
    "beats_count": 74,
    "beats_loudness": {
        "mean": 0.0245455931872,
        "var": 0.000121870492876
    },
    "bpm": 99.9456329346,
    "bpm_histogram_first_peak_bpm": {
        "mean": 99,
        "var": 0
    },
    "bpm_histogram_first_peak_spread": {
        "mean": 0.301369845867,
        "var": 0
    },
    "bpm_histogram_first_peak_weight": {
        "mean": 0.698630154133,
        "var": 0
    },
    "bpm_histogram_second_peak_bpm": {
        "mean": 0,
        "var": 0
    },
    "bpm_histogram_second_peak_spread": {
        "mean": 0,
        "var": 0
    },
    "bpm_histogram_second_peak_weight": {
        "mean": 0,
        "var": 0
    },
    "danceability": 1.20782017708,
    "onset_rate": 4.1924033165,
    "beats_loudness_band_ratio": {
        "mean": [0.205828458071, 0.227862983942, 0.0850339904428, 0.125362053514, 0.0923303812742, 0.309823513031],
        "var": [0.0300644896924, 0.0181205384433, 0.00441754283383, 0.0030676391907, 0.00184116209857, 0.036219779402]
    },
    "beats_position": [0.638548731804, 1.25387752056, 1.8575963974, 2.4497051239, 3.05342388153, 3.64553284645, 4.2492518425, 4.85297060013, 5.45668935776, 6.04879808426, 6.64090681076, 7.24462556839, 7.84834432602, 8.45206356049, 9.05578231812, 9.65950107574, 10.2632198334, 10.866938591, 11.4706573486, 12.0627660751, 12.6664848328, 13.2585935593, 13.8623123169, 14.4660310745, 15.0697498322, 15.6618595123, 16.2539672852, 16.8576869965, 17.4614048004, 18.0651245117, 18.6572322845, 19.2493419647, 19.853061676, 20.45677948, 21.0604991913, 21.6642169952, 22.2679367065, 22.8600444794, 23.4521541595, 24.0558719635, 24.6595916748, 25.2633094788, 25.8554191589, 26.4591369629, 27.0628566742, 27.6549663544, 28.2586841583, 28.8624038696, 29.4661216736, 30.0698413849, 30.6735591888, 31.265668869, 31.8577766418, 32.4614944458, 33.0652160645, 33.6689338684, 34.2610435486, 34.8531494141, 35.4568710327, 36.0605888367, 36.6643066406, 37.2680282593, 37.8601341248, 38.4522438049, 39.0559616089, 39.6596832275, 40.2634010315, 40.8671188354, 41.4592285156, 42.0513381958, 42.6550559998, 43.2587738037, 43.8624954224, 44.4662132263]
},
"tonal": {
    "chords_changes_rate": 0.0267489720136,
    "chords_number_rate": 0.00514403311536,
    "chords_strength": {
        "mean": 0.532855153084,
        "var": 0.00594842247665
    },
    "hpcp_entropy": {
        "mean": 1.79898965359,
        "var": 0.449780762196
    },
    "key_strength": 0.67685854435,
    "tuning_diatonic_strength": 0.534979104996,
    "tuning_equal_tempered_deviation": 0.0241918489337,
    "tuning_frequency": 440,
    "tuning_nontempered_energy_ratio": 0.609678328037,
    "hpcp": {
        "mean": [0.0583596080542, 0.0507244132459, 0.128301739693, 0.223214492202, 0.161782115698, 0.159642726183, 0.232085570693, 0.152784138918, 0.0882215052843, 0.0922899767756, 0.0953150242567, 0.227026849985, 0.329142421484, 0.201628178358, 0.0908709466457, 0.0976805239916, 0.11232303828, 0.230650603771, 0.320246189833, 0.185971930623, 0.0973977297544, 0.1239374578, 0.0893035456538, 0.0674235001206, 0.0724876597524, 0.0812681540847, 0.164545461535, 0.212335035205, 0.139228194952, 0.103128038347, 0.108401544392, 0.109173685312, 0.345201790333, 0.50951808691, 0.266582846642, 0.0713987872005],
        "var": [0.0210855808109, 0.014021945186, 0.0286295451224, 0.0829929336905, 0.039396867156, 0.03649770841, 0.0640267208219, 0.0321024060249, 0.0231461580843, 0.0244455095381, 0.027973048389, 0.0582393966615, 0.123944617808, 0.0543048381805, 0.0241275690496, 0.0328171774745, 0.0410025827587, 0.0568366423249, 0.102646633983, 0.0423988997936, 0.0301883295178, 0.0499084182084, 0.0258459933102, 0.0220280699432, 0.0242996923625, 0.0311014391482, 0.0529000684619, 0.0706464573741, 0.0369273722172, 0.0390583612025, 0.0429417341948, 0.0388075448573, 0.0772350132465, 0.146523565054, 0.049249894917, 0.024204030633]
    },
    "chords_histogram": [45.5761299133, 0, 0.102880656719, 27.1604938507, 0, 2.26337456703, 0, 0, 0, 0, 1.23456788063, 0, 0, 0, 0, 0, 0, 0, 0, 0, 0, 0, 23.148147583, 0.514403283596],
    "thpcp": [1, 0.52320587635, 0.140130028129, 0.114538833499, 0.0995537042618, 0.251809984446, 0.438089430332, 0.317519873381, 0.313321024179, 0.455500155687, 0.299860090017, 0.173146948218, 0.181131899357, 0.187068969011, 0.4455717206, 0.645987689495, 0.395723313093, 0.178346857429, 0.191711589694, 0.220449566841, 0.452683836222, 0.628527641296, 0.364995747805, 0.191156566143, 0.243244469166, 0.175270602107, 0.132327988744, 0.142267093062, 0.159500032663, 0.322943329811, 0.416736990213, 0.273254662752, 0.202403098345, 0.212753087282, 0.214268520474, 0.677506446838],
    "chords_key": "G#",
    "chords_scale": "minor",
    "key_key": "G#",
    "key_scale": "minor"
}
}