{
"lowlevel": {
    "average_loudness": 0.851607441902,
    "barkbands_crest": {
        "mean": 11.5529947281,
        "var": 20.4493198395
    },
    "barkbands_flatness_db": {
        "mean": 0.126114472747,
        "var": 0.00168154062703
    },
    "barkbands_kurtosis": {
        "mean": 7.60790920258,
        "var": 145.389556885
    },
    "barkbands_skewness": {
        "mean": 2.09088110924,
        "var": 1.14279437065
    },
    "barkbands_spread": {
        "mean": 19.3376598358,
        "var": 181.847061157
    },
    "dissonance": {
        "mean": 0.43938305974,
        "var": 0.00112306443043
    },
    "dynamic_complexity": 3.58310866356,
    "erbbands_crest": {
        "mean": 9.48597145081,
        "var": 19.1197299957
    },
    "erbbands_flatness_db": {
        "mean": 0.131211921573,
        "var": 0.00160216155928
    },
    "erbbands_kurtosis": {
        "mean": 1.60331165791,
        "var": 17.8429965973
    },
    "erbbands_skewness": {
        "mean": 1.01050329208,
        "var": 0.816117107868
    },
    "erbbands_spread": {
        "mean": 41.2774848938,
        "var": 283.550689697
    },
    "hfc": {
        "mean": 13.9643945694,
        "var": 233.343719482
    },
    "melbands_crest": {
        "mean": 15.1016893387,
        "var": 30.5088443756
    },
    "melbands_flatness_db": {
        "mean": 0.204324126244,
        "var": 0.00220429198816
    },
    "melbands_kurtosis": {
        "mean": 18.0055274963,
        "var": 408.861877441
    },
    "melbands_skewness": {
        "mean": 2.92583370209,
        "var": 1.78395211697
    },
    "melbands_spread": {
        "mean": 16.5365867615,
        "var": 318.219604492
    },
    "pitch_salience": {
        "mean": 0.52859300375,
        "var": 0.0128243239596
    },
    "silence_rate_20dB": {
        "mean": 1,
        "var": 0
    },
    "silence_rate_30dB": {
        "mean": 0.998455226421,
        "var": 0.0015424110461
    },
    "silence_rate_60dB": {
        "mean": 0.038619980216,
        "var": 0.0371282808483
    },
    "spectral_centroid": {
        "mean": 1022.10919189,
        "var": 316923.78125
    },
    "spectral_complexity": {
        "mean": 12.5854787827,
        "var": 33.7392349243
    },
    "spectral_decrease": {
        "mean": -5.776285672e-009,
        "var": 3.14627675105e-017
    },
    "spectral_energy": {
        "mean": 0.0230676438659,
        "var": 0.000489761878271
    },
    "spectral_energyband_high": {
        "mean": 0.000673660833854,
        "var": 1.78077493729e-006
    },
    "spectral_energyband_low": {
        "mean": 0.00680491235107,
        "var": 0.000154452442075
    },
    "spectral_energyband_middle_high": {
        "mean": 0.00195196981076,
        "var": 6.19058073426e-006
    },
    "spectral_energyband_middle_low": {
        "mean": 0.0138201601803,
        "var": 0.000273907091469
    },
    "spectral_entropy": {
        "mean": 7.49339866638,
        "var": 0.168988704681
    },
    "spectral_flux": {
        "mean": 0.0547655895352,
        "var": 0.00199767202139
    },
    "spectral_kurtosis": {
        "mean": 3.49067759514,
        "var": 2.84340643883
    },
    "spectral_rms": {
        "mean": 0.00425597885624,
        "var": 4.39165978605e-006
    },
    "spectral_rolloff": {
        "mean": 994.303161621,
        "var": 1720472.375
    },
    "spectral_skewness": {
        "mean": 1.56696653366,
        "var": 0.10112451762
    },
    "spectral_spread": {
        "mean": 5440499.5,
        "var": 2.87050406298e+012
    },
    "spectral_strongpeak": {
        "mean": 0.802781760693,
        "var": 0.844382166862
    },
    "zerocrossingrate": {
        "mean": 0.0542507618666,
        "var": 0.00132179318462
    },
    "barkbands": {
        "mean": [0.000529607350472, 0.00535669922829, 0.000753642059863, 0.000465899967821, 0.00272655091248, 0.00632460881025, 0.00166418799199, 0.000311817362672, 0.00229731411673, 0.000289268500637, 0.000454168068245, 0.000192100182176, 0.000247298012255, 0.000136253554956, 0.000190277904039, 0.000116016315587, 0.000103334881715, 8.88187787496e-005, 9.84981234069e-005, 8.65250331117e-005, 0.000137622308102, 9.82616184046e-005, 8.09307093732e-005, 0.000122310069855, 0.000156360722031, 3.66895365005e-005, 2.5959177492e-006],
        "var": [7.41371422919e-007, 0.000117366296763, 2.47633420258e-006, 3.92361698687e-007, 3.9131147787e-005, 0.000149524086737, 5.26188114236e-006, 1.43969009514e-006, 2.07342618523e-005, 4.16220728994e-007, 1.14828083042e-006, 2.91929040941e-007, 2.02924994142e-007, 7.21410557958e-008, 1.68399793665e-007, 1.37577387704e-007, 2.1188153454e-008, 2.60152450693e-008, 2.55487204726e-008, 2.88590111808e-008, 9.46773326405e-008, 1.29113232106e-007, 3.07150145318e-008, 1.56858845912e-007, 9.58938031204e-008, 4.01658972748e-009, 1.23568551225e-011]
    },
    "erbbands": {
        "mean": [0.233409583569, 0.880439937115, 1.01569223404, 1.19334709644, 3.60901069641, 11.8371639252, 35.3287849426, 48.6365013123, 25.1100215912, 15.1324272156, 18.6541099548, 56.5693855286, 10.2260494232, 13.6131973267, 14.8122768402, 8.65092658997, 12.0410394669, 6.01419830322, 7.56013774872, 11.4154949188, 5.85371780396, 5.96445560455, 4.82957363129, 5.85210323334, 4.14636898041, 4.18028354645, 4.58822870255, 5.60186576843, 3.32629179955, 4.40986680984, 1.67024672031, 2.25936746597, 2.07733607292, 1.97732889652, 0.951584815979, 0.0943055972457, 0.1121789217, 0.0145383626223, 0.000322270556353, 3.81465724786e-005],
        "var": [0.170039072633, 4.57967090607, 5.09460020065, 2.2513859272, 41.7120628357, 873.252502441, 4285.18261719, 9206.35742188, 1339.4934082, 331.367279053, 1581.9465332, 13029.4033203, 503.577636719, 913.306091309, 981.735107422, 359.285461426, 400.521759033, 118.214561462, 285.373718262, 803.499206543, 109.728118896, 78.8482589722, 58.7089920044, 86.8328781128, 43.7210540771, 66.1386032104, 183.347839355, 117.097290039, 108.721664429, 156.75743103, 19.7442588806, 53.9074783325, 47.6927185059, 12.9636898041, 4.7918715477, 0.0890717804432, 0.0323633030057, 0.000462870753836, 2.16897618088e-007, 1.37048317139e-009]
    },
    "gfcc": {
        "mean": [-8.23180675507, 86.1506576538, -93.4095916748, 27.3105773926, -66.5394973755, 12.9282979965, -39.5053634644, 12.6424188614, -19.3597240448, 7.42247200012, -8.9296541214, 7.46779823303, -4.7599067688],
        "cov": [[3380.8203125, -648.450500488, 56.3997268677, -94.3601303101, -161.243148804, 101.535713196, -120.509742737, 77.4840698242, -140.836761475, 275.154724121, -106.511123657, 153.487915039, 66.5899581909], [-648.450500488, 740.569396973, -114.850151062, -30.7750492096, -9.78343772888, -145.603973389, 84.5584106445, -80.5198364258, 143.42414856, -124.845161438, 84.7520294189, -58.8592910767, 9.49552822113], [56.3997268677, -114.850151062, 266.744293213, 59.8686904907, 63.1919784546, 58.5128097534, -2.53434038162, 80.9341201782, -26.2846946716, 37.0589904785, 23.3962612152, 6.01022720337, -19.3418617249], [-94.3601303101, -30.7750492096, 59.8686904907, 155.618026733, 111.995063782, 51.1587295532, 26.2228393555, 42.0949363708, 11.8258638382, -6.36333608627, -7.31124782562, -23.1076545715, -18.440486908], [-161.243148804, -9.78343772888, 63.1919784546, 111.995063782, 194.474334717, 80.7919082642, 31.3249588013, 74.0861206055, 6.85138654709, 7.9558801651, -2.12446665764, -28.7318649292, -25.1190814972], [101.535713196, -145.603973389, 58.5128097534, 51.1587295532, 80.7919082642, 137.341339111, 38.8135795593, 44.3194847107, -29.0595912933, 21.7368278503, -24.9217300415, -6.20577764511, -21.3022499084], [-120.509742737, 84.5584106445, -2.53434038162, 26.2228393555, 31.3249588013, 38.8135795593, 96.947303772, 27.4645500183, 19.652885437, -12.9901895523, 6.80299758911, -19.4482727051, -15.7160787582], [77.4840698242, -80.5198364258, 80.9341201782, 42.0949363708, 74.0861206055, 44.3194847107, 27.4645500183, 124.042190552, 16.1498680115, 34.9190292358, 0.473998606205, -8.5207195282, -18.9584026337], [-140.836761475, 143.42414856, -26.2846946716, 11.8258638382, 6.85138654709, -29.0595912933, 19.652885437, 16.1498680115, 95.3883666992, -1.52705335617, 24.6902618408, -10.1809749603, 7.45197629929], [275.154724121, -124.845161438, 37.0589904785, -6.36333608627, 7.9558801651, 21.7368278503, -12.9901895523, 34.9190292358, -1.52705335617, 99.8941955566, 16.1155529022, 16.4380531311, -8.76985263824], [-106.511123657, 84.7520294189, 23.3962612152, -7.31124782562, -2.12446665764, -24.9217300415, 6.80299758911, 0.473998606205, 24.6902618408, 16.1155529022, 82.667678833, 19.8222064972, -3.21684074402], [153.487915039, -58.8592910767, 6.01022720337, -23.1076545715, -28.7318649292, -6.20577764511, -19.4482727051, -8.5207195282, -10.1809749603, 16.4380531311, 19.8222064972, 57.4462013245, 25.5466308594], [66.5899581909, 9.49552822113, -19.3418617249, -18.440486908, -25.1190814972, -21.3022499084, -15.7160787582, -18.9584026337, 7.45197629929, -8.76985263824, -3.21684074402, 25.5466308594, 50.3080177307]],
        "icov": [[0.000646137341391, -0.000781383307185, 0.000292856624583, -0.000738383445423, 0.00133518315852, -0.00104768690653, 0.000945878215134, -0.0012129470706, 0.00133018870838, -0.00225145672448, 0.00153797119856, -0.00159428385086, -0.000485994358314], [-0.000781383307185, 0.00782263185829, -0.00134369370062, 0.00457327626646, -0.00596621818841, 0.00723624136299, -0.00740242004395, 0.00679115066305, -0.00829837657511, 0.00802475586534, -0.0064028124325, 0.00693764491007, -0.000254914397374], [0.000292856624583, -0.00134369370062, 0.00645375717431, -0.00300342286937, 0.00246893893927, -0.00334607181139, 0.00349326967262, -0.00550939608365, 0.00424350565299, -0.00171806104481, -0.00241640815511, -0.000360646052286, -0.000822113885079], [-0.000738383445423, 0.00457327626646, -0.00300342286937, 0.0149898082018, -0.0103855077177, 0.0042847036384, -0.00540779531002, 0.00582485133782, -0.00757894106209, 0.00667601265013, -0.00194329267833, 0.0039439513348, 0.00174784427509], [0.00133518315852, -0.00596621818841, 0.00246893893927, -0.0103855077177, 0.0182119645178, -0.0113193299621, 0.00819475390017, -0.0109346592799, 0.00773632340133, -0.00698785856366, 0.00194935395848, -0.00135160516948, -0.0023122492712], [-0.00104768690653, 0.00723624136299, -0.00334607181139, 0.0042847036384, -0.0113193299621, 0.0225892271847, -0.013984923251, 0.00778646627441, -0.00478217657655, 0.00481083150953, 0.000451262661954, 0.00150835444219, 0.00359371118248], [0.000945878215134, -0.00740242004395, 0.00349326967262, -0.00540779531002, 0.00819475390017, -0.013984923251, 0.0233300551772, -0.0105537008494, 0.00563161401078, -0.0040506478399, 0.00115502753761, -0.00227326294407, 0.000674989889376], [-0.0012129470706, 0.00679115066305, -0.00550939608365, 0.00582485133782, -0.0109346592799, 0.00778646627441, -0.0105537008494, 0.0221937336028, -0.0120705598965, 0.00406024325639, -0.00160032324493, 0.00381497037597, 0.00370081956498], [0.00133018870838, -0.00829837657511, 0.00424350565299, -0.00757894106209, 0.00773632340133, -0.00478217657655, 0.00563161401078, -0.0120705598965, 0.0257724151015, -0.0108662070706, 0.00126718170941, -0.00170120119583, -0.00705949915573], [-0.00225145672448, 0.00802475586534, -0.00171806104481, 0.00667601265013, -0.00698785856366, 0.00481083150953, -0.0040506478399, 0.00406024325639, -0.0108662070706, 0.0259583313018, -0.0115632256493, 0.00604159897193, 0.00439209956676], [0.00153797119856, -0.0064028124325, -0.00241640815511, -0.00194329267833, 0.00194935395848, 0.000451262661954, 0.00115502753761, -0.00160032324493, 0.00126718170941, -0.0115632256493, 0.0282018519938, -0.0198317542672, 0.00812411122024], [-0.00159428385086, 0.00693764491007, -0.000360646052286, 0.0039439513348, -0.00135160516948, 0.00150835444219, -0.00227326294407, 0.00381497037597, -0.00170120119583, 0.00604159897193, -0.0198317542672, 0.0429287925363, -0.01896321401], [-0.000485994358314, -0.000254914397374, -0.000822113885079, 0.00174784427509, -0.0023122492712, 0.00359371118248, 0.000674989889376, 0.00370081956498, -0.00705949915573, 0.00439209956676, 0.00812411122024, -0.01896321401, 0.0348266661167]]
    },
    "melbands": {
        "mean": [0.00174515193794, 0.000735165085644, 0.000247985910391, 0.000556939747185, 0.00113198859617, 0.00113679352216, 0.000341312173987, 0.000132008193759, 0.000239329834585, 0.000313851371175, 4.07449333579e-005, 5.464836795e-005, 6.27679546596e-005, 1.91031667782e-005, 3.42203238688e-005, 1.67958150996e-005, 1.10022792796e-005, 1.24533180497e-005, 1.3779076653e-005, 1.19064034152e-005, 6.04471006227e-006, 6.39445761408e-006, 4.68803591502e-006, 4.54615656054e-006, 4.86155795443e-006, 3.24549046127e-006, 2.93071229862e-006, 2.59656326307e-006, 2.60957199316e-006, 3.39634857482e-006, 3.03847195937e-006, 1.63541687925e-006, 2.33406581174e-006, 2.32905813391e-006, 8.03506736702e-007, 1.16297758268e-006, 1.34006529606e-006, 1.31455590235e-006, 1.46003606005e-006, 1.93534128812e-006],
        "var": [1.09558213808e-005, 2.8899339668e-006, 1.05683554352e-007, 1.48647825426e-006, 3.96579662265e-006, 4.76154127682e-006, 2.44190175636e-007, 3.58006886358e-008, 2.39997007156e-007, 4.00890030505e-007, 1.27590142895e-008, 1.47162655395e-008, 1.96588061385e-008, 3.72267194848e-009, 4.13345446759e-009, 1.01953923082e-009, 4.63214272495e-010, 9.14701980825e-010, 9.96972726597e-010, 1.52977908119e-009, 9.49347961354e-011, 1.1850782855e-010, 4.1710759846e-011, 7.12624820265e-011, 6.46562525741e-011, 3.23010090897e-011, 2.42749969431e-011, 3.20052526148e-011, 7.84535769682e-011, 6.04964828232e-011, 3.51547436994e-011, 2.52073101975e-011, 8.950658964e-011, 2.99421425154e-011, 4.95419243823e-012, 1.01342640876e-011, 2.89453617325e-011, 2.79021111771e-011, 1.09873794091e-011, 1.13624387676e-011]
    },
    "mfcc": {
        "mean": [-657.514953613, 118.354042053, 24.3743743896, 15.858455658, 3.81301116943, -3.34742021561, -0.738851010799, -1.63301849365, 0.932216584682, -1.89519393444, 1.05938196182, 1.65883278847, 3.02935171127],
        "cov": [[2515.79223633, -416.362548828, 11.3095588684, -94.1449890137, -105.079994202, 72.8680114746, -62.9445915222, -124.740768433, 36.5088577271, -59.6675376892, 73.8003158569, -89.3826828003, -21.1848011017], [-416.362548828, 547.445617676, -32.9444999695, 32.9350776672, -50.3092041016, -66.5057830811, -58.0493431091, 18.6696796417, -37.8914108276, 21.3192520142, 6.15439128876, 22.0462150574, -0.17143446207], [11.3095588684, -32.9444999695, 187.27305603, 7.23807764053, 25.4634685516, -18.061580658, 38.7610931396, 9.00114345551, -3.94878673553, -9.63743686676, 19.279668808, 20.2681865692, 22.0009441376], [-94.1449890137, 32.9350776672, 7.23807764053, 112.136047363, 57.1492080688, -2.6788854599, 22.5157661438, 21.8792915344, 24.4192619324, 23.1990718842, 6.67501115799, 27.5709114075, 15.8949556351], [-105.079994202, -50.3092041016, 25.4634685516, 57.1492080688, 170.984573364, 11.4248304367, 70.759765625, 29.1536102295, 48.8549537659, 29.3622379303, 7.59720230103, 36.092918396, 37.9209671021], [72.8680114746, -66.5057830811, -18.061580658, -2.6788854599, 11.4248304367, 105.190299988, 29.5025196075, 10.3162546158, 11.9886350632, 1.21970868111, 2.71015071869, -2.69657611847, -12.5414400101], [-62.9445915222, -58.0493431091, 38.7610931396, 22.5157661438, 70.759765625, 29.5025196075, 142.562438965, 42.8818092346, 30.9405288696, 19.6102962494, 19.4382209778, 33.3043823242, 27.0541706085], [-124.740768433, 18.6696796417, 9.00114345551, 21.8792915344, 29.1536102295, 10.3162546158, 42.8818092346, 84.077796936, 37.1934356689, 13.0184459686, 0.947804868221, 2.35073018074, 3.14514183998], [36.5088577271, -37.8914108276, -3.94878673553, 24.4192619324, 48.8549537659, 11.9886350632, 30.9405288696, 37.1934356689, 88.3527984619, 37.6558837891, 5.77088451385, 6.82249164581, 6.26763820648], [-59.6675376892, 21.3192520142, -9.63743686676, 23.1990718842, 29.3622379303, 1.21970868111, 19.6102962494, 13.0184459686, 37.6558837891, 65.874382019, 24.1702575684, 19.0467987061, 9.89173603058], [73.8003158569, 6.15439128876, 19.279668808, 6.67501115799, 7.59720230103, 2.71015071869, 19.4382209778, 0.947804868221, 5.77088451385, 24.1702575684, 74.4532852173, 38.1730575562, 8.6959028244], [-89.3826828003, 22.0462150574, 20.2681865692, 27.5709114075, 36.092918396, -2.69657611847, 33.3043823242, 2.35073018074, 6.82249164581, 19.0467987061, 38.1730575562, 80.545173645, 34.9145240784], [-21.1848011017, -0.17143446207, 22.0009441376, 15.8949556351, 37.9209671021, -12.5414400101, 27.0541706085, 3.14514183998, 6.26763820648, 9.89173603058, 8.6959028244, 34.9145240784, 62.0803489685]],
        "icov": [[0.000670834328048, 0.000317421916407, -1.17709669212e-005, -9.86081067822e-005, 0.000444000208518, -0.000348771252902, 0.000116019153211, 0.00117977126502, -0.00127456127666, 0.00113051512744, -0.00162632926367, 0.00134850281756, -0.000774839543737], [0.000317421916407, 0.002683440689, 0.000398683681851, -0.00079660420306, 0.000873817189131, 0.00110216042958, 0.00105883018114, -0.00135221274104, 0.00140372512396, -0.00118271063548, -0.000370926805772, -0.000583510613069, -9.87671955954e-005], [-1.17709669212e-005, 0.000398683681851, 0.0064130788669, -0.000190171325812, -0.000372841575881, 0.00170154939406, -0.00149920140393, -0.00056912569562, 0.000564191665035, 0.00209158565849, -0.00189807533752, 2.99829607684e-005, -0.00111453852151], [-9.86081067822e-005, -0.00079660420306, -0.000190171325812, 0.012139622122, -0.0034495817963, 0.000227119075134, 0.000719211879186, -0.00180672795977, -0.000324454304064, -0.00202501402237, 0.00157805893105, -0.00329732731916, 0.000843273184728], [0.000444000208518, 0.000873817189131, -0.000372841575881, -0.0034495817963, 0.0105468556285, -0.000425104371971, -0.00268125790171, 0.00101772160269, -0.00381158315577, -0.000151398809976, 0.000512454658747, -0.000429434439866, -0.00366341206245], [-0.000348771252902, 0.00110216042958, 0.00170154939406, 0.000227119075134, -0.000425104371971, 0.012003492564, -0.00264760898426, -0.00132771069184, 0.00059221801348, -0.000139285082696, 0.00031743614818, -0.00126555049792, 0.00375823234208], [0.000116019153211, 0.00105883018114, -0.00149920140393, 0.000719211879186, -0.00268125790171, -0.00264760898426, 0.0122502166778, -0.00506419921294, 0.000730560626835, -0.00123404047918, -0.000880681618582, -0.00229851412587, -0.00205043377355], [0.00117977126502, -0.00135221274104, -0.00056912569562, -0.00180672795977, 0.00101772160269, -0.00132771069184, -0.00506419921294, 0.020461095497, -0.00986271630973, 0.00447435490787, -0.00284527312033, 0.00487346993759, -0.000715927453712], [-0.00127456127666, 0.00140372512396, 0.000564191665035, -0.000324454304064, -0.00381158315577, 0.00059221801348, 0.000730560626835, -0.00986271630973, 0.023698842153, -0.0129196392372, 0.00457499688491, -0.00226921145804, 0.00238258112222], [0.00113051512744, -0.00118271063548, 0.00209158565849, -0.00202501402237, -0.000151398809976, -0.000139285082696, -0.00123404047918, 0.00447435490787, -0.0129196392372, 0.0279226806015, -0.0102267973125, 0.00269290525466, -0.0026915599592], [-0.00162632926367, -0.000370926805772, -0.00189807533752, 0.00157805893105, 0.000512454658747, 0.00031743614818, -0.000880681618582, -0.00284527312033, 0.00457499688491, -0.0102267973125, 0.0249695014209, -0.0136563386768, 0.00534212589264], [0.00134850281756, -0.000583510613069, 2.99829607684e-005, -0.00329732731916, -0.000429434439866, -0.00126555049792, -0.00229851412587, 0.00487346993759, -0.00226921145804, 0.00269290525466, -0.0136563386768, 0.0271695554256, -0.0115138599649], [-0.000774839543737, -9.87671955954e-005, -0.00111453852151, 0.000843273184728, -0.00366341206245, 0.00375823234208, -0.00205043377355, -0.000715927453712, 0.00238258112222, -0.0026915599592, 0.00534212589264, -0.0115138599649, 0.0258648842573]]
    },
    "spectral_contrast_coeffs": {
        "mean": [-0.701756358147, -0.666315793991, -0.73582392931, -0.771482884884, -0.795903265476, -0.757192611694],
        "var": [0.0057023842819, 0.00881201215088, 0.00341393030249, 0.00174750143196, 0.000709496671334, 0.000740244693588]
    },
    "spectral_contrast_valleys": {
        "mean": [-7.11799860001, -6.9268860817, -7.78120279312, -8.24553489685, -8.01440048218, -10.3054552078],
        "var": [0.492448329926, 0.48511120677, 0.463166892529, 0.620742619038, 0.570487380028, 0.839761972427]
    }
},
"metadata": {
    "audio_properties": {
        "analysis_sample_rate": 44100,
        "bit_rate": 128074,
        "equal_loudness": 0,
        "length": 45.0612258911,
        "lossless": 0,
        "replay_gain": -5.72065353394,
        "sample_rate": 44100,
        "codec": "mp3",
        "downmix": "mix",
        "md5_encoded": "c025d820ec89b8cb2c7a7a949c69e4dd"
    },
    "tags": {
        "file_name": "1826.mp3"
    },
    "version": {
        "essentia": "2.1-beta2",
        "essentia_git_sha": "v2.1_beta2",
        "extractor": "music 1.0"
    }
},
"rhythm": {
    "beats_count": 112,
    "beats_loudness": {
        "mean": 0.03933962062,
        "var": 0.000720832322259
    },
    "bpm": 150.042831421,
    "bpm_histogram_first_peak_bpm": {
        "mean": 152,
        "var": 0
    },
    "bpm_histogram_first_peak_spread": {
        "mean": 0.450450479984,
        "var": 0
    },
    "bpm_histogram_first_peak_weight": {
        "mean": 0.549549520016,
        "var": 0
    },
    "bpm_histogram_second_peak_bpm": {
        "mean": 0,
        "var": 0
    },
    "bpm_histogram_second_peak_spread": {
        "mean": 0,
        "var": 0
    },
    "bpm_histogram_second_peak_weight": {
        "mean": 0,
        "var": 0
    },
    "danceability": 1.13632774353,
    "onset_rate": 2.88366365433,
    "beats_loudness_band_ratio": {
        "mean": [0.420910507441, 0.267589509487, 0.171130761504, 0.0617237314582, 0.034293692559, 0.0797232538462],
        "var": [0.079215541482, 0.0420253835618, 0.0226574558765, 0.00330783380195, 0.000651958340313, 0.0033149740193]
    },
    "beats_position": [0.394739210606, 0.789478421211, 1.18421769142, 1.57895684242, 1.98530614376, 2.39165520668, 2.7863945961, 3.1811337471, 3.58748292923, 3.99383211136, 4.38857126236, 4.78331041336, 5.17804956436, 5.58439922333, 5.99074840546, 6.38548755646, 6.78022670746, 7.18657588959, 7.59292507172, 7.98766422272, 8.38240337372, 8.77714252472, 9.18349170685, 9.58984088898, 9.98458003998, 10.379319191, 10.7856683731, 11.1920175552, 11.5867567062, 11.9814968109, 12.3762359619, 12.7709751129, 13.177324295, 13.5836734772, 13.9784126282, 14.3847618103, 14.7911109924, 15.1858501434, 15.5805892944, 15.9753284454, 16.3816776276, 16.7880268097, 17.1827659607, 17.5775051117, 17.9838542938, 18.390203476, 18.784942627, 19.179681778, 19.5860309601, 19.9923801422, 20.3871192932, 20.7818584442, 21.1765975952, 21.5829467773, 21.9892959595, 22.3840351105, 22.7787742615, 23.1735134125, 23.5798625946, 23.9862117767, 24.3809528351, 24.7756919861, 25.1820411682, 25.5883903503, 25.9831295013, 26.3778686523, 26.7842178345, 27.1905670166, 27.5853061676, 27.9800453186, 28.3747844696, 28.7811336517, 29.1874828339, 29.5822219849, 29.9769611359, 30.383310318, 30.7896595001, 31.1843986511, 31.5791378021, 31.9738769531, 32.3802261353, 32.7865753174, 33.1813163757, 33.5760536194, 33.9824028015, 34.3887519836, 34.783493042, 35.1782302856, 35.5845794678, 35.9909286499, 36.3856697083, 36.7804069519, 37.1751480103, 37.5814971924, 37.9878463745, 38.3825836182, 38.7889328003, 39.1836738586, 39.5900230408, 39.9847602844, 40.3795013428, 40.7742385864, 41.1805877686, 41.5869369507, 41.981678009, 42.3764152527, 42.7827644348, 43.1891136169, 43.5838546753, 43.9785919189, 44.3849411011, 44.7912902832]
},
"tonal": {
    "chords_changes_rate": 0.0226337444037,
    "chords_number_rate": 0.00514403311536,
    "chords_strength": {
        "mean": 0.607424676418,
        "var": 0.00473719788715
    },
    "hpcp_entropy": {
        "mean": 1.63590919971,
        "var": 0.655248522758
    },
    "key_strength": 0.794501125813,
    "tuning_diatonic_strength": 0.570295095444,
    "tuning_equal_tempered_deviation": 0.179341435432,
    "tuning_frequency": 434.193115234,
    "tuning_nontempered_energy_ratio": 0.963765621185,
    "hpcp": {
        "mean": [0.269770026207, 0.275878250599, 0.0983643457294, 0.0306512769312, 0.0309135001153, 0.0562355518341, 0.196502819657, 0.229637771845, 0.0852937921882, 0.0245112720877, 0.0190137475729, 0.0244011115283, 0.034752048552, 0.0302205085754, 0.022752519697, 0.019254701212, 0.0199476629496, 0.028356410563, 0.0473365969956, 0.0552901402116, 0.123468361795, 0.400219261646, 0.445715367794, 0.307496994734, 0.313826799393, 0.158809632063, 0.0173593293875, 0.0339374877512, 0.0370066836476, 0.0176059789956, 0.0172580778599, 0.0273621492088, 0.060079343617, 0.207287192345, 0.241559669375, 0.153764352202],
        "var": [0.133854970336, 0.144472524524, 0.0265232101083, 0.0134181324393, 0.0147626278922, 0.0166128296405, 0.065290980041, 0.0898741036654, 0.0179456956685, 0.0081944335252, 0.00371710094623, 0.0118177272379, 0.0163161959499, 0.013702522032, 0.0104834893718, 0.00700422469527, 0.00831250846386, 0.0135622397065, 0.0165125187486, 0.0195485558361, 0.0422926209867, 0.0984866991639, 0.107195802033, 0.0817852020264, 0.162426784635, 0.0453059449792, 0.00551181240007, 0.012494889088, 0.0133371641859, 0.00241336971521, 0.00694264099002, 0.0150056323037, 0.0214519016445, 0.0799223259091, 0.100429810584, 0.038024969399]
    },
    "chords_histogram": [6.48148155212, 0, 0, 0, 0, 0, 0, 32.7160491943, 1.23456788063, 58.127571106, 0, 1.44032919407, 0, 0, 0, 0, 0, 0, 0, 0, 0, 0, 0, 0],
    "thpcp": [1, 0.689895451069, 0.704096853733, 0.356302797794, 0.0389471203089, 0.0761416181922, 0.0830276161432, 0.0395004972816, 0.0387199521065, 0.0613892897964, 0.134793072939, 0.465066283941, 0.54195946455, 0.344983279705, 0.605251789093, 0.61895608902, 0.220688700676, 0.0687687247992, 0.0693570449948, 0.126169204712, 0.440870642662, 0.515211701393, 0.191363811493, 0.0549931041896, 0.0426589436829, 0.0547459498048, 0.0779691487551, 0.0678022578359, 0.0510471947491, 0.0431995466352, 0.0447542630136, 0.0636200010777, 0.106203645468, 0.124048091471, 0.277011692524, 0.897925674915],
    "chords_key": "E",
    "chords_scale": "major",
    "key_key": "A",
    "key_scale": "minor"
}
}