{
"lowlevel": {
    "average_loudness": 0.968841969967,
    "barkbands_crest": {
        "mean": 10.9506549835,
        "var": 15.1643657684
    },
    "barkbands_flatness_db": {
        "mean": 0.114947356284,
        "var": 0.000984827871434
    },
    "barkbands_kurtosis": {
        "mean": 2.20916557312,
        "var": 13.0355100632
    },
    "barkbands_skewness": {
        "mean": 1.58889806271,
        "var": 0.710098326206
    },
    "barkbands_spread": {
        "mean": 31.6017570496,
        "var": 132.228881836
    },
    "dissonance": {
        "mean": 0.480494230986,
        "var": 0.000214709318243
    },
    "dynamic_complexity": 1.51454102993,
    "erbbands_crest": {
        "mean": 7.26158952713,
        "var": 14.1067781448
    },
    "erbbands_flatness_db": {
        "mean": 0.129825562239,
        "var": 0.000746975536458
    },
    "erbbands_kurtosis": {
        "mean": 0.0530473031104,
        "var": 1.58724844456
    },
    "erbbands_skewness": {
        "mean": -0.427790224552,
        "var": 0.373482018709
    },
    "erbbands_spread": {
        "mean": 48.6879005432,
        "var": 204.919906616
    },
    "hfc": {
        "mean": 28.1540470123,
        "var": 146.993225098
    },
    "melbands_crest": {
        "mean": 17.8498840332,
        "var": 24.0681095123
    },
    "melbands_flatness_db": {
        "mean": 0.178964138031,
        "var": 0.00158391066361
    },
    "melbands_kurtosis": {
        "mean": 16.0747756958,
        "var": 205.891265869
    },
    "melbands_skewness": {
        "mean": 3.47170877457,
        "var": 2.23274493217
    },
    "melbands_spread": {
        "mean": 25.1122570038,
        "var": 176.345870972
    },
    "pitch_salience": {
        "mean": 0.482594102621,
        "var": 0.0123589141294
    },
    "silence_rate_20dB": {
        "mean": 1,
        "var": 0
    },
    "silence_rate_30dB": {
        "mean": 1,
        "var": 0
    },
    "silence_rate_60dB": {
        "mean": 0.00154479919001,
        "var": 0.00154241069686
    },
    "spectral_centroid": {
        "mean": 1798.8581543,
        "var": 205593.09375
    },
    "spectral_complexity": {
        "mean": 30.0195674896,
        "var": 47.7716560364
    },
    "spectral_decrease": {
        "mean": -9.71186064902e-009,
        "var": 2.31939987922e-017
    },
    "spectral_energy": {
        "mean": 0.0392084829509,
        "var": 0.000347685388988
    },
    "spectral_energyband_high": {
        "mean": 0.0013767555356,
        "var": 7.60688465107e-007
    },
    "spectral_energyband_low": {
        "mean": 0.0219862870872,
        "var": 0.000269692362053
    },
    "spectral_energyband_middle_high": {
        "mean": 0.0063926926814,
        "var": 2.84039451799e-005
    },
    "spectral_energyband_middle_low": {
        "mean": 0.0114560974762,
        "var": 0.000100923251011
    },
    "spectral_entropy": {
        "mean": 7.88210201263,
        "var": 0.0357112847269
    },
    "spectral_flux": {
        "mean": 0.0996370688081,
        "var": 0.00205428781919
    },
    "spectral_kurtosis": {
        "mean": 2.83607268333,
        "var": 1.2497587204
    },
    "spectral_rms": {
        "mean": 0.00602912297472,
        "var": 1.90191474303e-006
    },
    "spectral_rolloff": {
        "mean": 1531.07849121,
        "var": 1212730.375
    },
    "spectral_skewness": {
        "mean": 1.18891608715,
        "var": 0.0503089353442
    },
    "spectral_spread": {
        "mean": 4637783,
        "var": 1.67559770931e+012
    },
    "spectral_strongpeak": {
        "mean": 0.78384912014,
        "var": 0.877143263817
    },
    "zerocrossingrate": {
        "mean": 0.0643492862582,
        "var": 0.000538625579793
    },
    "barkbands": {
        "mean": [0.000653342984151, 0.00791974551976, 0.0115007767454, 0.00302195898257, 0.00198792899027, 0.00145924161188, 0.00152627006173, 0.00271654617973, 0.000580818392336, 0.000536165491212, 0.000378540164093, 0.000482420087792, 0.000422481010901, 0.00043944423669, 0.000792849459685, 0.000922820181586, 0.000898333906662, 0.00072416709736, 0.000636164972093, 0.00051174883265, 0.000276533333817, 0.000256972474745, 0.000236958032474, 0.000212079947232, 8.17829350126e-005, 3.02978423861e-005, 2.16421040022e-006],
        "var": [5.02767079524e-006, 0.000122224984807, 8.56067999848e-005, 1.03381707959e-005, 7.30276269678e-006, 1.75129152922e-005, 6.80598895997e-006, 3.78448166884e-005, 2.96707412417e-006, 1.64432219663e-006, 1.14065755952e-006, 4.28630573879e-006, 1.62416517924e-006, 7.86102646089e-007, 9.51834465468e-007, 1.33949095016e-006, 6.7240205226e-007, 3.37782665838e-007, 1.81546695899e-007, 1.19140402433e-007, 5.58262449601e-008, 7.07359291141e-008, 2.7642576228e-008, 2.78693725875e-008, 9.59723145399e-009, 3.37071881518e-009, 4.85055641486e-011]
    },
    "erbbands": {
        "mean": [0.18074016273, 2.03084492683, 10.9998407364, 13.7975616455, 8.33085536957, 5.41992998123, 7.06828212738, 14.2611856461, 15.898024559, 57.4501152039, 32.9460220337, 12.9197864532, 16.5960330963, 17.5344028473, 16.8342781067, 20.3371543884, 20.9007015228, 23.3117046356, 35.2330322266, 42.91746521, 50.9627456665, 51.067150116, 42.3648910522, 34.6369514465, 28.5291919708, 24.0314826965, 12.9633808136, 11.6958093643, 10.980837822, 7.11983728409, 5.94996500015, 5.44526433945, 2.9582965374, 1.23000156879, 0.436956852674, 0.154757708311, 0.0522278770804, 0.0100190499797, 0.000261671870248, 5.50043150724e-005],
        "var": [0.228359207511, 4.54584312439, 53.8435707092, 196.405975342, 137.246444702, 66.1245498657, 162.895996094, 2385.62207031, 857.643615723, 13416.9882813, 4986.81933594, 1170.72802734, 2108.16601563, 1429.31811523, 3381.3828125, 7038.5859375, 3711.18286133, 2196.59741211, 3257.44995117, 1482.17956543, 4084.13671875, 2103.9230957, 1144.99523926, 736.835144043, 267.099517822, 269.51473999, 91.7326583862, 117.836959839, 135.340118408, 34.2905311584, 18.5718097687, 15.8980760574, 6.24210548401, 2.14998245239, 0.304250836372, 0.0555963888764, 0.0134407524019, 0.000692162720952, 4.21346555868e-007, 7.21667614556e-010]
    },
    "gfcc": {
        "mean": [46.8726539612, 74.2992630005, -118.863853455, 63.7134666443, -50.265914917, 20.8393173218, -41.0192489624, 18.4262084961, -16.3025569916, -0.555173754692, -17.709028244, -7.20685052872, -17.1162090302],
        "cov": [[1439.61706543, -42.8945999146, -35.4378013611, -101.015090942, -101.84526062, -14.7670278549, -36.930229187, 8.70442295074, -25.0941066742, 40.168800354, -53.7633132935, 31.2131195068, -48.6576499939], [-42.8945999146, 375.653594971, -174.428115845, -17.7615947723, -40.8066253662, -50.6485176086, 7.67046117783, -28.3004264832, 55.3133659363, -31.2791671753, 84.6747436523, -55.2847747803, 43.8345527649], [-35.4378013611, -174.428115845, 273.311309814, 3.94412565231, 73.0183868408, 4.82142066956, 6.44228219986, 22.0743198395, -39.6862487793, 47.4520111084, -16.7545776367, 72.7695770264, -30.3113269806], [-101.015090942, -17.7615947723, 3.94412565231, 238.00163269, 9.99025058746, 0.637564122677, -12.0199508667, -15.5416173935, 22.7103824615, -43.9481582642, -4.18645477295, -28.2926540375, 42.4248886108], [-101.84526062, -40.8066253662, 73.0183868408, 9.99025058746, 149.85256958, 57.6218566895, 30.2997970581, 15.9106235504, -30.4415531158, 0.647839009762, 2.70891141891, 41.1782302856, 18.6869945526], [-14.7670278549, -50.6485176086, 4.82142066956, 0.637564122677, 57.6218566895, 127.354568481, 51.2833938599, 11.1718788147, -18.3093223572, -9.78432655334, -4.15759706497, 4.16233539581, 7.02345275879], [-36.930229187, 7.67046117783, 6.44228219986, -12.0199508667, 30.2997970581, 51.2833938599, 71.0884628296, 24.7691745758, 2.07326030731, -2.71190571785, 2.48107004166, -0.616667032242, -0.876119554043], [8.70442295074, -28.3004264832, 22.0743198395, -15.5416173935, 15.9106235504, 11.1718788147, 24.7691745758, 71.5292434692, 27.1677074432, 15.059510231, -2.28987383842, 0.223472774029, -5.9559340477], [-25.0941066742, 55.3133659363, -39.6862487793, 22.7103824615, -30.4415531158, -18.3093223572, 2.07326030731, 27.1677074432, 82.8669281006, 19.7626953125, 12.531961441, -39.7632980347, -11.5812444687], [40.168800354, -31.2791671753, 47.4520111084, -43.9481582642, 0.647839009762, -9.78432655334, -2.71190571785, 15.059510231, 19.7626953125, 76.3414077759, 30.2043418884, 24.4770412445, -21.2441368103], [-53.7633132935, 84.6747436523, -16.7545776367, -4.18645477295, 2.70891141891, -4.15759706497, 2.48107004166, -2.28987383842, 12.531961441, 30.2043418884, 89.8283004761, 26.6304016113, 24.4717159271], [31.2131195068, -55.2847747803, 72.7695770264, -28.2926540375, 41.1782302856, 4.16233539581, -0.616667032242, 0.223472774029, -39.7632980347, 24.4770412445, 26.6304016113, 95.4821624756, 31.8135986328], [-48.6576499939, 43.8345527649, -30.3113269806, 42.4248886108, 18.6869945526, 7.02345275879, -0.876119554043, -5.9559340477, -11.5812444687, -21.2441368103, 24.4717159271, 31.8135986328, 81.1297149658]],
        "icov": [[0.000964708277024, -0.0010128878057, 0.000567889073864, -0.00060347665567, 0.00105017772876, -0.000940095866099, 0.000926410022657, -0.00117818859871, 0.00123850349337, -0.00161773676518, 0.00208414904773, -0.00201039994135, 0.00132947159], [-0.0010128878057, 0.0115890055895, 0.000475741369883, 0.00552168628201, -0.00367697724141, 0.00710726669058, -0.00598066113889, 0.00744001660496, -0.00784252397716, 0.00951272435486, -0.0134628349915, 0.0100406752899, -0.00737043796107], [0.000567889073864, 0.000475741369883, 0.00894924253225, -0.00318999798037, -0.00188050232828, 0.00150482775643, -0.00087789160898, -0.00259041762911, 0.00377588206902, -0.00499646738172, 0.00302005372941, -0.00700677884743, 0.0062657687813], [-0.00060347665567, 0.00552168628201, -0.00318999798037, 0.00986028369516, -0.0023781452328, 0.00266455020756, -0.0012057768181, 0.00620214175433, -0.00846785958856, 0.00910452753305, -0.00735972775146, 0.00882521551102, -0.00899937748909], [0.00105017772876, -0.00367697724141, -0.00188050232828, -0.0023781452328, 0.0124187329784, -0.00619421293959, 0.00100876938086, -0.00448987539858, 0.00455207517371, -0.00298831891268, 0.00458334153518, -0.00586151471362, 0.00129787588958], [-0.000940095866099, 0.00710726669058, 0.00150482775643, 0.00266455020756, -0.00619421293959, 0.0177157949656, -0.0122833866626, 0.00484922714531, -0.00147614697926, 0.00443479884416, -0.00766798760742, 0.00791246257722, -0.00495784683153], [0.000926410022657, -0.00598066113889, -0.00087789160898, -0.0012057768181, 0.00100876938086, -0.0122833866626, 0.0267987065017, -0.0102087659761, 0.00261004571803, -0.00126611953601, 0.00445525022224, -0.00464681209996, 0.00497983582318], [-0.00117818859871, 0.00744001660496, -0.00259041762911, 0.00620214175433, -0.00448987539858, 0.00484922714531, -0.0102087659761, 0.0269519705325, -0.016258854419, 0.00651566917077, -0.00620773155242, 0.00589251099154, -0.00750777916983], [0.00123850349337, -0.00784252397716, 0.00377588206902, -0.00846785958856, 0.00455207517371, -0.00147614697926, 0.00261004571803, -0.016258854419, 0.0343175791204, -0.0193828567863, 0.00708465883508, 0.003415314015, 0.00507989386097], [-0.00161773676518, 0.00951272435486, -0.00499646738172, 0.00910452753305, -0.00298831891268, 0.00443479884416, -0.00126611953601, 0.00651566917077, -0.0193828567863, 0.0388429500163, -0.0209671650082, 0.000973732268903, 0.00137822795659], [0.00208414904773, -0.0134628349915, 0.00302005372941, -0.00735972775146, 0.00458334153518, -0.00766798760742, 0.00445525022224, -0.00620773155242, 0.00708465883508, -0.0209671650082, 0.0344686731696, -0.0173940490931, 0.00464615924284], [-0.00201039994135, 0.0100406752899, -0.00700677884743, 0.00882521551102, -0.00586151471362, 0.00791246257722, -0.00464681209996, 0.00589251099154, 0.003415314015, 0.000973732268903, -0.0173940490931, 0.0406475514174, -0.0227660220116], [0.00132947159, -0.00737043796107, 0.0062657687813, -0.00899937748909, 0.00129787588958, -0.00495784683153, 0.00497983582318, -0.00750777916983, 0.00507989386097, 0.00137822795659, 0.00464615924284, -0.0227660220116, 0.0323973223567]]
    },
    "melbands": {
        "mean": [0.00189045595471, 0.00489536393434, 0.00229644495994, 0.000470236351248, 0.000247465184657, 0.000306817411911, 0.000252642465057, 0.000675069342833, 0.000216357846512, 7.93728468125e-005, 8.21429348434e-005, 7.05699058017e-005, 5.29651224497e-005, 5.5116142903e-005, 4.85515811306e-005, 4.27809136454e-005, 4.217827518e-005, 5.11762700626e-005, 5.82574102737e-005, 5.98915758019e-005, 5.96972131461e-005, 5.14233979629e-005, 4.78274851048e-005, 3.2133753848e-005, 2.76880873571e-005, 2.37263157032e-005, 1.79747585207e-005, 1.55486213771e-005, 9.25532458496e-006, 6.13280371908e-006, 6.55123221804e-006, 7.14637417332e-006, 3.47513105226e-006, 4.3150143938e-006, 3.17747026202e-006, 4.09710446547e-006, 2.84813245344e-006, 2.21821073865e-006, 1.39843280067e-006, 9.11158224426e-007],
        "var": [1.26349086713e-005, 9.27668497752e-006, 4.38867846242e-006, 4.28025003885e-007, 1.69241133108e-007, 9.48718366089e-007, 1.95212734866e-007, 1.97597455553e-006, 2.33111762782e-007, 5.31218162791e-008, 5.39102202879e-008, 2.56013557021e-008, 2.64856669929e-008, 5.57829160641e-008, 3.73370347972e-008, 1.32594859537e-008, 8.52106829541e-009, 9.29448873421e-009, 3.65320529383e-009, 4.96269025874e-009, 7.17788672944e-009, 2.67298783108e-009, 1.59093815899e-009, 6.6312327851e-010, 5.88662174561e-010, 2.13881468092e-010, 1.74471367909e-010, 1.32819116816e-010, 5.16538305184e-011, 3.49737253047e-011, 4.58354951216e-011, 6.00651334226e-011, 1.4424550096e-011, 1.31488249108e-011, 6.99238106652e-012, 8.36724006054e-012, 5.77243244523e-012, 3.53125341468e-012, 1.96120506987e-012, 1.63167916678e-012]
    },
    "mfcc": {
        "mean": [-587.737304688, 89.2151565552, 1.11574840546, 39.9238929749, 20.261882782, 6.28926515579, -0.491813272238, 11.1442508698, 4.19513750076, 9.3593378067, -0.243347465992, 4.47920751572, 0.901790142059],
        "cov": [[815.032836914, 42.1957321167, -33.1949577332, -62.3634681702, -94.0848770142, -31.8658256531, -70.1719055176, -33.0048217773, -8.70703411102, 8.55478382111, 3.87182307243, -7.34350013733, -28.2128295898], [42.1957321167, 310.761749268, -87.7688369751, -62.4451828003, -29.1603717804, -39.9982872009, 0.383174985647, -20.8495979309, -37.6001014709, -2.7456510067, 20.8773040771, 28.2471199036, 15.142537117], [-33.1949577332, -87.7688369751, 142.969558716, 49.5172080994, 9.35630321503, 5.62300539017, -1.68629562855, -6.30762290955, -1.56691229343, -11.5956993103, 9.97731113434, 10.4764328003, 6.62860202789], [-62.3634681702, -62.4451828003, 49.5172080994, 164.335159302, 41.1739006042, -7.34161376953, -22.4137172699, -1.30796825886, 6.32426452637, -4.40058803558, -24.1778640747, -6.43193674088, -0.667397320271], [-94.0848770142, -29.1603717804, 9.35630321503, 41.1739006042, 97.7912902832, 29.3905773163, 32.4570350647, 19.9866657257, 11.7647600174, -6.36868810654, -14.0784854889, -4.61446666718, 14.2278432846], [-31.8658256531, -39.9982872009, 5.62300539017, -7.34161376953, 29.3905773163, 92.5086517334, 48.4356651306, 19.9005279541, 5.68646907806, -6.05223226547, -8.19251346588, -10.5570497513, -1.57636642456], [-70.1719055176, 0.383174985647, -1.68629562855, -22.4137172699, 32.4570350647, 48.4356651306, 100.179267883, 40.3552284241, 7.10647058487, -14.718082428, -9.88766956329, -1.46484398842, 11.5477390289], [-33.0048217773, -20.8495979309, -6.30762290955, -1.30796825886, 19.9866657257, 19.9005279541, 40.3552284241, 65.6052093506, 33.1194839478, 6.07841587067, -11.8149461746, -10.8946933746, 0.951586604118], [-8.70703411102, -37.6001014709, -1.56691229343, 6.32426452637, 11.7647600174, 5.68646907806, 7.10647058487, 33.1194839478, 62.4889297485, 29.9030170441, -0.820481300354, -10.8134145737, -5.98116493225], [8.55478382111, -2.7456510067, -11.5956993103, -4.40058803558, -6.36868810654, -6.05223226547, -14.718082428, 6.07841587067, 29.9030170441, 65.6363525391, 31.507932663, 7.6374206543, -5.82013893127], [3.87182307243, 20.8773040771, 9.97731113434, -24.1778640747, -14.0784854889, -8.19251346588, -9.88766956329, -11.8149461746, -0.820481300354, 31.507932663, 69.8845977783, 36.3343353271, 5.92796897888], [-7.34350013733, 28.2471199036, 10.4764328003, -6.43193674088, -4.61446666718, -10.5570497513, -1.46484398842, -10.8946933746, -10.8134145737, 7.6374206543, 36.3343353271, 61.3176269531, 28.6619434357], [-28.2128295898, 15.142537117, 6.62860202789, -0.667397320271, 14.2278432846, -1.57636642456, 11.5477390289, 0.951586604118, -5.98116493225, -5.82013893127, 5.92796897888, 28.6619434357, 49.1952705383]],
        "icov": [[0.00145888270345, -9.01416060515e-005, 6.16542965872e-005, 0.000438054819824, 0.000973007408902, -0.000273608748103, 0.000924652442336, 8.66296104505e-005, -0.000220801011892, 6.85356935719e-005, 0.000411052838899, -0.000149722400238, 0.00037209954462], [-9.01416060515e-005, 0.00499543454498, 0.00295835011639, 0.000550035096239, 0.000226155752898, 0.00221616332419, -0.00141343194991, 0.000394786417019, 0.00243251724169, 6.83514590492e-005, -0.000950188958086, -0.00105167925358, -0.000619659607764], [6.16542965872e-005, 0.00295835011639, 0.0105468630791, -0.00299642561004, 0.00105392397381, 0.000211906764889, -0.00111639453098, 0.00124154950026, -0.000522942864336, 0.00391358230263, -0.0045502637513, -0.000505684060045, -0.00115461065434], [0.000438054819824, 0.000550035096239, -0.00299642561004, 0.00954940076917, -0.00432749139145, 0.00106920546386, 0.00343616097234, -0.000444000383141, 0.000544399837963, -0.00166970887221, 0.00501082232222, -0.00228519458324, 0.00169927848037], [0.000973007408902, 0.000226155752898, 0.00105392397381, -0.00432749139145, 0.0160114914179, -0.00314289191738, -0.00302836159244, -0.000164935467183, -0.00209691934288, 0.000850853801239, -0.000427500141086, 0.00207443884574, -0.00504106003791], [-0.000273608748103, 0.00221616332419, 0.000211906764889, 0.00106920546386, -0.00314289191738, 0.0166371613741, -0.00770710641518, 0.000658046454191, 0.00161520764232, -0.000854015699588, -0.000470199476695, 0.00146600347944, 0.00168322632089], [0.000924652442336, -0.00141343194991, -0.00111639453098, 0.00343616097234, -0.00302836159244, -0.00770710641518, 0.0211674552411, -0.0109485359862, 0.0013779575238, 0.00372774782591, 0.000626435619779, -0.0015623056097, -0.00152237177826], [8.66296104505e-005, 0.000394786417019, 0.00124154950026, -0.000444000383141, -0.000164935467183, 0.000658046454191, -0.0109485359862, 0.0299090128392, -0.0142356166616, 0.000185735989362, 0.00226139626466, 0.00127440900542, -0.000908691727091], [-0.000220801011892, 0.00243251724169, -0.000522942864336, 0.000544399837963, -0.00209691934288, 0.00161520764232, 0.0013779575238, -0.0142356166616, 0.0325840450823, -0.0148560283706, 0.00294544268399, 0.00233326898888, 0.000302277505398], [6.85356935719e-005, 6.83514590492e-005, 0.00391358230263, -0.00166970887221, 0.000850853801239, -0.000854015699588, 0.00372774782591, 0.000185735989362, -0.0148560283706, 0.0307076890022, -0.0152648566291, 0.00116263260134, 0.00130499782972], [0.000411052838899, -0.000950188958086, -0.0045502637513, 0.00501082232222, -0.000427500141086, -0.000470199476695, 0.000626435619779, 0.00226139626466, 0.00294544268399, -0.0152648566291, 0.0329853929579, -0.0178977567703, 0.00613206112757], [-0.000149722400238, -0.00105167925358, -0.000505684060045, -0.00228519458324, 0.00207443884574, 0.00146600347944, -0.0015623056097, 0.00127440900542, 0.00233326898888, 0.00116263260134, -0.0178977567703, 0.0369078740478, -0.0188611485064], [0.00037209954462, -0.000619659607764, -0.00115461065434, 0.00169927848037, -0.00504106003791, 0.00168322632089, -0.00152237177826, -0.000908691727091, 0.000302277505398, 0.00130499782972, 0.00613206112757, -0.0188611485064, 0.033237747848]]
    },
    "spectral_contrast_coeffs": {
        "mean": [-0.609262049198, -0.725185990334, -0.794448077679, -0.772767901421, -0.781602680683, -0.752078652382],
        "var": [0.00444258376956, 0.0073460182175, 0.00302164512686, 0.00169357634149, 0.00069966603769, 0.000683241058141]
    },
    "spectral_contrast_valleys": {
        "mean": [-6.90342187881, -6.6900267601, -7.22958850861, -7.15694332123, -6.65126419067, -9.36651420593],
        "var": [0.412409961224, 0.431679397821, 0.403900027275, 0.351423025131, 0.310698777437, 0.32721093297]
    }
},
"metadata": {
    "audio_properties": {
        "analysis_sample_rate": 44100,
        "bit_rate": 128074,
        "equal_loudness": 0,
        "length": 45.0612258911,
        "lossless": 0,
        "replay_gain": -5.36255455017,
        "sample_rate": 44100,
        "codec": "mp3",
        "downmix": "mix",
        "md5_encoded": "097e1af6f3c6e020bcf58d8375660f6c"
    },
    "tags": {
        "file_name": "1827.mp3"
    },
    "version": {
        "essentia": "2.1-beta2",
        "essentia_git_sha": "v2.1_beta2",
        "extractor": "music 1.0"
    }
},
"rhythm": {
    "beats_count": 121,
    "beats_loudness": {
        "mean": 0.0426090061665,
        "var": 0.000232661070186
    },
    "bpm": 163.468566895,
    "bpm_histogram_first_peak_bpm": {
        "mean": 161,
        "var": 0
    },
    "bpm_histogram_first_peak_spread": {
        "mean": 0.249999970198,
        "var": 0
    },
    "bpm_histogram_first_peak_weight": {
        "mean": 0.425000011921,
        "var": 0
    },
    "bpm_histogram_second_peak_bpm": {
        "mean": 167,
        "var": 0
    },
    "bpm_histogram_second_peak_spread": {
        "mean": 0,
        "var": 0
    },
    "bpm_histogram_second_peak_weight": {
        "mean": 0.258333325386,
        "var": 0
    },
    "danceability": 1.36201989651,
    "onset_rate": 2.6396613121,
    "beats_loudness_band_ratio": {
        "mean": [0.580212652683, 0.090656042099, 0.139762729406, 0.0569655001163, 0.105561822653, 0.0620932206511],
        "var": [0.0416448488832, 0.00995779689401, 0.0191891137511, 0.00570710608736, 0.00518619455397, 0.00112023344263]
    },
    "beats_position": [0.371519267559, 0.766258478165, 1.13777780533, 1.50929701328, 1.86920630932, 2.22911548615, 2.60063481331, 2.96054410934, 3.32045340538, 3.69197273254, 4.06349182129, 4.43501138687, 4.79492044449, 5.16644001007, 5.54956912994, 5.92108821869, 6.29260778427, 6.66412687302, 7.03564596176, 7.40716552734, 7.76707458496, 8.12698364258, 8.498503685, 8.87002277374, 9.24154186249, 9.61306095123, 9.98458003998, 10.3560991287, 10.7276191711, 11.0991382599, 11.4706573486, 11.8421764374, 12.2136955261, 12.5852155685, 12.9567346573, 13.328253746, 13.6997728348, 14.0712919235, 14.4544210434, 14.8259410858, 15.2090702057, 15.6038093567, 15.9869384766, 16.3700675964, 16.7531967163, 17.1479358673, 17.5426750183, 17.9374141693, 18.3205432892, 18.7036724091, 19.0868015289, 19.4815406799, 19.8646717072, 20.2594108582, 20.642539978, 21.0256690979, 21.4087982178, 21.8035373688, 22.1866664886, 22.5581855774, 22.9413146973, 23.3360538483, 23.7191829681, 24.102312088, 24.497051239, 24.8685703278, 25.2633094788, 25.6116104126, 25.9831295013, 26.3546485901, 26.7145576477, 27.0744667053, 27.4227657318, 27.7826747894, 28.142583847, 28.5141029358, 28.8624038696, 29.2223129272, 29.5822219849, 29.9537410736, 30.3136501312, 30.6735591888, 31.0334682465, 31.3933773041, 31.7416782379, 32.1015853882, 32.4614944458, 32.8330154419, 33.1929244995, 33.5528335571, 33.9127426147, 34.2726516724, 34.63256073, 34.9924697876, 35.3523788452, 35.7122879028, 36.0722007751, 36.4321098328, 36.8036270142, 37.1983680725, 37.5698852539, 37.94140625, 38.3129234314, 38.6844444275, 39.0791816711, 39.4507026672, 39.8222198486, 40.1937408447, 40.5652618408, 40.9367790222, 41.3083000183, 41.6565971375, 42.0048980713, 42.3531951904, 42.7014961243, 43.0614051819, 43.432926178, 43.7928352356, 44.164352417, 44.5358734131, 44.9073905945]
},
"tonal": {
    "chords_changes_rate": 0.0658436194062,
    "chords_number_rate": 0.0133744860068,
    "chords_strength": {
        "mean": 0.561065852642,
        "var": 0.00851435493678
    },
    "hpcp_entropy": {
        "mean": 2.36860489845,
        "var": 0.659862041473
    },
    "key_strength": 0.789723277092,
    "tuning_diatonic_strength": 0.692828714848,
    "tuning_equal_tempered_deviation": 0.258568674326,
    "tuning_frequency": 434.193115234,
    "tuning_nontempered_energy_ratio": 0.920766592026,
    "hpcp": {
        "mean": [0.217981025577, 0.225512757897, 0.133775383234, 0.0902320742607, 0.0740101784468, 0.0720278248191, 0.0992257967591, 0.144376814365, 0.212251067162, 0.301476240158, 0.278270483017, 0.154200047255, 0.0841146409512, 0.0695519149303, 0.0597426369786, 0.0507064573467, 0.0516839623451, 0.0456043854356, 0.0390922315419, 0.0395369790494, 0.051121249795, 0.080251827836, 0.107274927199, 0.147377669811, 0.255604505539, 0.247301876545, 0.113726168871, 0.0621612966061, 0.0632931292057, 0.0800422132015, 0.125023052096, 0.139015465975, 0.0976350009441, 0.0644291713834, 0.0562285482883, 0.106249183416],
        "var": [0.11292860657, 0.0934743210673, 0.0483507178724, 0.0327752754092, 0.0215162411332, 0.0243850816041, 0.0401264317334, 0.0628594085574, 0.0799284800887, 0.129580393434, 0.116620086133, 0.061085190624, 0.0272102858871, 0.0173212643713, 0.0157954543829, 0.00960689410567, 0.0100136194378, 0.00906967371702, 0.00624200096354, 0.00561922462657, 0.00927711091936, 0.021858362481, 0.0395406596363, 0.0465909913182, 0.112486243248, 0.124369457364, 0.0371128544211, 0.0213793888688, 0.02271797508, 0.029265742749, 0.0545060895383, 0.0642679333687, 0.0381835661829, 0.0222229864448, 0.0160268247128, 0.0333719551563]
    },
    "chords_histogram": [15.2263374329, 21.9135799408, 3.80658435822, 1.54320991039, 2.88065838814, 2.16049385071, 0, 0.514403283596, 2.05761313438, 0, 6.17283964157, 0, 0, 0, 0, 4.11522626877, 0, 0.925925910473, 1.95473253727, 8.02469158173, 0, 0.925925910473, 9.15637874603, 18.6213989258],
    "thpcp": [1, 0.923026263714, 0.511483252048, 0.279009193182, 0.230704471469, 0.198166981339, 0.168193876743, 0.171436265111, 0.151270240545, 0.129669368267, 0.131144598126, 0.16956974566, 0.266196191311, 0.355832099915, 0.488853335381, 0.847842931747, 0.820303022861, 0.377230942249, 0.206189706922, 0.209944009781, 0.26550090313, 0.414702832699, 0.461115837097, 0.323856383562, 0.213712275028, 0.186510711908, 0.352429717779, 0.72304546833, 0.748028278351, 0.443734407425, 0.299300789833, 0.245492577553, 0.238917082548, 0.329133063555, 0.478899478912, 0.704039096832],
    "chords_key": "A",
    "chords_scale": "minor",
    "key_key": "F",
    "key_scale": "major"
}
}