{
"lowlevel": {
    "average_loudness": 0.968981802464,
    "barkbands_crest": {
        "mean": 9.68710136414,
        "var": 9.30197048187
    },
    "barkbands_flatness_db": {
        "mean": 0.216541945934,
        "var": 0.00207351706922
    },
    "barkbands_kurtosis": {
        "mean": 4.92566394806,
        "var": 20.3844165802
    },
    "barkbands_skewness": {
        "mean": 1.50880730152,
        "var": 0.558238863945
    },
    "barkbands_spread": {
        "mean": 8.73474025726,
        "var": 49.9966850281
    },
    "dissonance": {
        "mean": 0.42584747076,
        "var": 0.00197560526431
    },
    "dynamic_complexity": 1.66882944107,
    "erbbands_crest": {
        "mean": 10.7813501358,
        "var": 15.7858629227
    },
    "erbbands_flatness_db": {
        "mean": 0.244608566165,
        "var": 0.00177905173041
    },
    "erbbands_kurtosis": {
        "mean": 1.86133527756,
        "var": 6.46624898911
    },
    "erbbands_skewness": {
        "mean": 0.964763045311,
        "var": 0.415015280247
    },
    "erbbands_spread": {
        "mean": 20.2617988586,
        "var": 151.149230957
    },
    "hfc": {
        "mean": 16.4811916351,
        "var": 93.0418014526
    },
    "melbands_crest": {
        "mean": 11.956902504,
        "var": 15.6238431931
    },
    "melbands_flatness_db": {
        "mean": 0.283341258764,
        "var": 0.00300172832794
    },
    "melbands_kurtosis": {
        "mean": 6.88959121704,
        "var": 40.4160919189
    },
    "melbands_skewness": {
        "mean": 1.70559191704,
        "var": 0.733412146568
    },
    "melbands_spread": {
        "mean": 11.2177000046,
        "var": 58.9112586975
    },
    "pitch_salience": {
        "mean": 0.618237614632,
        "var": 0.00765325361863
    },
    "silence_rate_20dB": {
        "mean": 1,
        "var": 0
    },
    "silence_rate_30dB": {
        "mean": 1,
        "var": 0
    },
    "silence_rate_60dB": {
        "mean": 0.00308959838003,
        "var": 0.00308004394174
    },
    "spectral_centroid": {
        "mean": 674.929016113,
        "var": 140168.34375
    },
    "spectral_complexity": {
        "mean": 15.4649848938,
        "var": 19.7431240082
    },
    "spectral_decrease": {
        "mean": -8.13229039665e-009,
        "var": 1.6763486784e-017
    },
    "spectral_energy": {
        "mean": 0.0321880243719,
        "var": 0.000258394313278
    },
    "spectral_energyband_high": {
        "mean": 0.000198715031729,
        "var": 7.52860103148e-007
    },
    "spectral_energyband_low": {
        "mean": 0.00355483149178,
        "var": 1.26829218061e-005
    },
    "spectral_energyband_middle_high": {
        "mean": 0.00381490099244,
        "var": 1.35856362249e-005
    },
    "spectral_energyband_middle_low": {
        "mean": 0.0254744384438,
        "var": 0.000194065782125
    },
    "spectral_entropy": {
        "mean": 6.73222446442,
        "var": 0.167800784111
    },
    "spectral_flux": {
        "mean": 0.076193086803,
        "var": 0.00105479406193
    },
    "spectral_kurtosis": {
        "mean": 13.5569057465,
        "var": 101.199676514
    },
    "spectral_rms": {
        "mean": 0.00542451115325,
        "var": 1.97770259547e-006
    },
    "spectral_rolloff": {
        "mean": 822.850036621,
        "var": 608725.4375
    },
    "spectral_skewness": {
        "mean": 2.55203938484,
        "var": 0.764292418957
    },
    "spectral_spread": {
        "mean": 2627177.25,
        "var": 1.99463980237e+012
    },
    "spectral_strongpeak": {
        "mean": 1.3041677475,
        "var": 0.700221180916
    },
    "zerocrossingrate": {
        "mean": 0.0322351120412,
        "var": 0.000408237014199
    },
    "barkbands": {
        "mean": [4.68094549433e-006, 0.000943615566939, 0.00193730194587, 0.0014562739525, 0.00782725214958, 0.0051765628159, 0.00489072455093, 0.00274380855262, 0.00298736174591, 0.00134955754038, 0.000718331837561, 0.000430207408499, 0.000374005438061, 0.000399715325329, 0.000247550720815, 0.00012430640345, 0.000148274790263, 0.000104754552012, 9.38624725677e-005, 5.59352301934e-005, 4.42381824541e-005, 6.50595175102e-005, 3.05821704387e-005, 2.24868254008e-005, 9.9370654425e-006, 1.1423195474e-006, 5.52682990929e-007],
        "var": [7.18428372348e-011, 1.59524006449e-006, 5.82290840612e-006, 5.7980028032e-006, 5.61841552553e-005, 2.08879355341e-005, 3.32272720698e-005, 1.49052457346e-005, 1.6124720787e-005, 4.16432021666e-006, 1.54262886554e-006, 1.01677528619e-006, 4.8275694553e-007, 4.48886140703e-007, 3.33771396299e-007, 1.12891470394e-007, 4.92542930886e-008, 3.48419710861e-008, 2.44363835833e-008, 1.99518446209e-008, 4.33756817131e-008, 1.57480783969e-007, 1.82803301385e-008, 1.56186956701e-008, 4.04654398878e-009, 1.61766242762e-011, 1.12078011802e-011]
    },
    "erbbands": {
        "mean": [0.00714728422463, 0.303456813097, 2.02742624283, 3.79231882095, 13.0950260162, 29.9714679718, 40.0362319946, 38.416217804, 60.8017654419, 76.7034378052, 58.7964477539, 67.4301605225, 48.8532333374, 44.0089607239, 27.1314849854, 18.8963527679, 19.2332401276, 20.4992103577, 15.1477909088, 9.98109340668, 7.33687639236, 7.71417713165, 6.53647041321, 3.75874042511, 5.31656980515, 2.69640135765, 2.00804686546, 1.76984035969, 2.4748404026, 1.52514147758, 0.797901690006, 0.554117500782, 0.303899794817, 0.171527668834, 0.0424461327493, 0.00568398833275, 0.00182715582196, 0.00128925335594, 5.5683998653e-005, 3.75452254957e-005],
        "var": [0.000117929273983, 0.139897882938, 5.66714763641, 23.2796497345, 241.273483276, 1096.46008301, 2165.92480469, 1259.03295898, 5275.78564453, 10673.3955078, 6740.21386719, 8542.2578125, 4247.11083984, 4998.00927734, 1930.95690918, 1751.12768555, 1242.62060547, 1030.41760254, 1191.22412109, 443.198516846, 240.619491577, 136.183120728, 105.152275085, 19.6231689453, 93.7151184082, 43.935634613, 71.8898620605, 78.7512741089, 239.132171631, 92.4430770874, 11.7753295898, 6.36295795441, 5.76234769821, 1.20831632614, 0.0676139071584, 0.0006460211589, 4.61476702185e-005, 4.84269767185e-005, 4.96783947312e-008, 3.71311481562e-010]
    },
    "gfcc": {
        "mean": [-42.6396026611, 161.874008179, -131.165359497, 4.47039890289, -68.1178588867, -14.8184461594, -36.2038383484, -5.85544776917, -20.0083007813, -13.0433130264, -8.36322116852, -10.8238954544, -8.54392719269],
        "cov": [[2606.50268555, -715.135986328, 19.6934719086, 336.834503174, -204.944061279, 234.542266846, -115.510848999, 80.4585571289, -57.2977409363, 91.8938598633, -126.194885254, -17.2902584076, -108.048629761], [-715.135986328, 1205.10083008, -130.666656494, -164.104568481, 442.998901367, -275.869232178, 187.364547729, -52.4282264709, 87.3969192505, -158.79246521, 114.930473328, -68.4778213501, 14.9546699524], [19.6934719086, -130.666656494, 524.283508301, 117.256843567, -63.7857017517, 125.137413025, -38.7148399353, 13.7520971298, 11.3481283188, 4.15458726883, -29.5027732849, 75.1145248413, -83.5135803223], [336.834503174, -164.104568481, 117.256843567, 291.081878662, 1.86330914497, 40.8466567993, 8.70317554474, -4.89057207108, 26.0757961273, 16.4652080536, -54.5544891357, 6.13245820999, -36.6593475342], [-204.944061279, 442.998901367, -63.7857017517, 1.86330914497, 350.409667969, -83.5624084473, 34.3118858337, 14.4630670547, 66.419670105, -35.1965637207, -3.26938796043, -51.4515647888, -26.6789836884], [234.542266846, -275.869232178, 125.137413025, 40.8466567993, -83.5624084473, 248.405502319, -13.9332704544, 37.6428756714, -18.9197673798, 37.9613113403, -25.1718578339, 16.5655860901, 24.5827407837], [-115.510848999, 187.364547729, -38.7148399353, 8.70317554474, 34.3118858337, -13.9332704544, 184.196212769, 7.42076158524, -21.3918037415, -32.8408966064, 21.2409553528, 10.522977829, 24.732629776], [80.4585571289, -52.4282264709, 13.7520971298, -4.89057207108, 14.4630670547, 37.6428756714, 7.42076158524, 108.617591858, 8.48436260223, 10.4827308655, -5.19717216492, -11.1034650803, 2.22132205963], [-57.2977409363, 87.3969192505, 11.3481283188, 26.0757961273, 66.419670105, -18.9197673798, -21.3918037415, 8.48436260223, 111.403579712, 9.49150848389, -23.7810077667, -11.0853824615, -23.6167755127], [91.8938598633, -158.79246521, 4.15458726883, 16.4652080536, -35.1965637207, 37.9613113403, -32.8408966064, 10.4827308655, 9.49150848389, 98.2090606689, -13.5254411697, -8.35657119751, 2.88860416412], [-126.194885254, 114.930473328, -29.5027732849, -54.5544891357, -3.26938796043, -25.1718578339, 21.2409553528, -5.19717216492, -23.7810077667, -13.5254411697, 110.24609375, 14.6212043762, 15.9112701416], [-17.2902584076, -68.4778213501, 75.1145248413, 6.13245820999, -51.4515647888, 16.5655860901, 10.522977829, -11.1034650803, -11.0853824615, -8.35657119751, 14.6212043762, 100.921287537, -9.31713581085], [-108.048629761, 14.9546699524, -83.5135803223, -36.6593475342, -26.6789836884, 24.5827407837, 24.732629776, 2.22132205963, -23.6167755127, 2.88860416412, 15.9112701416, -9.31713581085, 139.404525757]],
        "icov": [[0.000667656830046, -0.000460145703983, 0.000635737902485, -0.00104570609983, 0.000701633049175, -0.000785074022133, 0.000768425874412, -0.000762239913456, 0.000864173227455, -0.000373919203412, 0.000595745281316, -0.000224845847697, 0.00089236558415], [-0.000460145703983, 0.00686826696619, -0.00259959301911, 0.0039717098698, -0.00638101017103, 0.0040127793327, -0.00563487177715, 0.00410792324692, -0.00488605722785, 0.00500767352059, -0.00495542259887, 0.00374775845557, -0.00271632708609], [0.000635737902485, -0.00259959301911, 0.00431625265628, -0.00287238089368, 0.00274674384855, -0.00331110041589, 0.00293443934061, -0.00214411504567, 0.00202979822643, -0.00129842502065, 0.00207752757706, -0.0031861232128, 0.00314582069404], [-0.00104570609983, 0.0039717098698, -0.00287238089368, 0.00757825002074, -0.00406905123964, 0.00263645849191, -0.0046314666979, 0.00364894303493, -0.00409503700212, 0.00228549982421, -0.00145606033038, 0.00234873173758, -0.00186249858234], [0.000701633049175, -0.00638101017103, 0.00274674384855, -0.00406905123964, 0.0100689036772, -0.00318230432458, 0.00456820148975, -0.00457395287231, 0.00253544421867, -0.00342083675787, 0.00450711837038, -0.00167168211192, 0.00342860980891], [-0.000785074022133, 0.0040127793327, -0.00331110041589, 0.00263645849191, -0.00318230432458, 0.00867987982929, -0.00357382860966, 0.000967735191807, -0.00240351492539, 0.0013636018848, -0.00211057555862, 0.00211878539994, -0.00390318431892], [0.000768425874412, -0.00563487177715, 0.00293443934061, -0.0046314666979, 0.00456820148975, -0.00357382860966, 0.0114110074937, -0.00454150838777, 0.00565479928628, -0.00234637083486, 0.00342057878152, -0.00428727036342, 0.00162205949891], [-0.000762239913456, 0.00410792324692, -0.00214411504567, 0.00364894303493, -0.00457395287231, 0.000967735191807, -0.00454150838777, 0.0131279099733, -0.00416439305991, 0.00222255615517, -0.00314428214915, 0.00345852645114, -0.00196735979989], [0.000864173227455, -0.00488605722785, 0.00202979822643, -0.00409503700212, 0.00253544421867, -0.00240351492539, 0.00565479928628, -0.00416439305991, 0.0154698844999, -0.0050229486078, 0.0054977722466, -0.00300744408742, 0.0032016010955], [-0.000373919203412, 0.00500767352059, -0.00129842502065, 0.00228549982421, -0.00342083675787, 0.0013636018848, -0.00234637083486, 0.00222255615517, -0.0050229486078, 0.0159190446138, -0.00343007268384, 0.00375616014935, -0.00205637211911], [0.000595745281316, -0.00495542259887, 0.00207752757706, -0.00145606033038, 0.00450711837038, -0.00211057555862, 0.00342057878152, -0.00314428214915, 0.0054977722466, -0.00343007268384, 0.0147285582498, -0.0044466778636, 0.00155720009934], [-0.000224845847697, 0.00374775845557, -0.0031861232128, 0.00234873173758, -0.00167168211192, 0.00211878539994, -0.00428727036342, 0.00345852645114, -0.00300744408742, 0.00375616014935, -0.0044466778636, 0.0148069234565, -0.00094558991259], [0.00089236558415, -0.00271632708609, 0.00314582069404, -0.00186249858234, 0.00342860980891, -0.00390318431892, 0.00162205949891, -0.00196735979989, 0.0032016010955, -0.00205637211911, 0.00155720009934, -0.00094558991259, 0.0109832938761]]
    },
    "melbands": {
        "mean": [0.000156488342327, 0.00084517110372, 0.000838501786347, 0.00164075265639, 0.00138600170612, 0.000891308824066, 0.000964922131971, 0.000785268028267, 0.000473591731861, 0.000414568436099, 0.000235382642131, 0.000178567759576, 0.000103809550637, 5.19233217346e-005, 4.70157901873e-005, 3.32792842528e-005, 3.96458599425e-005, 2.49273252848e-005, 1.59310584422e-005, 1.02216026789e-005, 8.41205564939e-006, 8.05861509434e-006, 6.59605211695e-006, 6.08375557931e-006, 2.2949329832e-006, 4.29416468251e-006, 2.6976740628e-006, 1.5838697891e-006, 1.28307090108e-006, 1.05874676137e-006, 1.01493333204e-006, 1.56037071974e-006, 1.03117542949e-006, 7.60808177347e-007, 4.92249000672e-007, 3.74930664293e-007, 3.04568800402e-007, 2.30795109246e-007, 1.55451459705e-007, 1.39078082384e-007],
        "var": [4.82366750987e-008, 8.90063290626e-007, 1.10130929443e-006, 3.12223119181e-006, 2.00379895432e-006, 6.42215695734e-007, 1.27283476559e-006, 1.06758750462e-006, 4.2155508595e-007, 3.0853266253e-007, 1.10800463915e-007, 9.09072070954e-008, 3.01360891797e-008, 1.40239544422e-008, 1.12489777493e-008, 2.8556432774e-009, 4.74719286103e-009, 3.59129925798e-009, 1.37134847922e-009, 8.47835635032e-010, 3.38796934951e-010, 1.68471042672e-010, 1.41945163956e-010, 1.64849300877e-010, 9.52431276208e-012, 6.51656645312e-011, 2.86298016544e-011, 2.10934100048e-011, 2.74770900477e-011, 2.98152474931e-011, 2.87696030193e-011, 1.03721066458e-010, 4.84457508831e-011, 2.09891097558e-011, 5.19847402972e-012, 2.77641993597e-012, 2.43309300658e-012, 3.83190094239e-012, 1.8419734054e-012, 6.99693775141e-013]
    },
    "mfcc": {
        "mean": [-683.460571289, 192.648468018, -10.0764398575, 15.1053094864, -13.6285190582, -12.2665452957, -12.0107917786, -2.63391876221, -12.4905099869, -0.755042254925, -5.31249380112, -6.82544946671, -5.14547014236],
        "cov": [[2101.47949219, -823.651062012, 53.1761817932, 84.3308563232, -63.87134552, 137.725921631, -16.4511508942, -11.4253196716, 35.7529716492, 110.270507813, -0.65987688303, -28.6440677643, -35.0644111633], [-823.651062012, 1296.37976074, -375.187164307, 101.163261414, 169.795883179, -109.526161194, 69.9276657104, 91.7604904175, -35.7232055664, -35.054069519, 79.7934112549, 13.2225408554, 29.6102275848], [53.1761817932, -375.187164307, 602.308349609, -19.7731723785, -31.4494342804, 104.107246399, -26.1639575958, 61.0749549866, -13.7794437408, -29.5160179138, 9.37252902985, -3.76344561577, 34.7456359863], [84.3308563232, 101.163261414, -19.7731723785, 306.651702881, 46.7827377319, 33.958984375, -34.1459693909, 40.2119140625, 11.9658088684, -15.908082962, 61.7972068787, -30.6694812775, 30.1302566528], [-63.87134552, 169.795883179, -31.4494342804, 46.7827377319, 265.266326904, 8.81794166565, -46.2304115295, 17.658821106, 13.1665439606, 61.0257339478, 43.6234664917, -28.4469680786, 16.7138996124], [137.725921631, -109.526161194, 104.107246399, 33.958984375, 8.81794166565, 165.203140259, -2.99864602089, 23.6920566559, 29.6438312531, 6.11726474762, 16.7766819, -5.17310094833, -8.99995803833], [-16.4511508942, 69.9276657104, -26.1639575958, -34.1459693909, -46.2304115295, -2.99864602089, 188.42388916, 9.05742549896, 23.2868518829, -5.3779463768, -36.8567619324, 37.4351005554, -22.8536262512], [-11.4253196716, 91.7604904175, 61.0749549866, 40.2119140625, 17.658821106, 23.6920566559, 9.05742549896, 148.458343506, -6.80629873276, -23.0972671509, 35.4889602661, -7.43830156326, 21.0753612518], [35.7529716492, -35.7232055664, -13.7794437408, 11.9658088684, 13.1665439606, 29.6438312531, 23.2868518829, -6.80629873276, 152.178436279, 31.7406158447, -15.941075325, 4.65857744217, -38.7215690613], [110.270507813, -35.054069519, -29.5160179138, -15.908082962, 61.0257339478, 6.11726474762, -5.3779463768, -23.0972671509, 31.7406158447, 140.477493286, -1.06273806095, -21.8975849152, -5.61359786987], [-0.65987688303, 79.7934112549, 9.37252902985, 61.7972068787, 43.6234664917, 16.7766819, -36.8567619324, 35.4889602661, -15.941075325, -1.06273806095, 120.881378174, -11.2973203659, 11.3117523193], [-28.6440677643, 13.2225408554, -3.76344561577, -30.6694812775, -28.4469680786, -5.17310094833, 37.4351005554, -7.43830156326, 4.65857744217, -21.8975849152, -11.2973203659, 98.9922866821, -5.82042121887], [-35.0644111633, 29.6102275848, 34.7456359863, 30.1302566528, 16.7138996124, -8.99995803833, -22.8536262512, 21.0753612518, -38.7215690613, -5.61359786987, 11.3117523193, -5.82042121887, 121.594581604]],
        "icov": [[0.000774901011027, 0.000640450045466, 0.000382620317396, -0.00035737871076, 7.06874789103e-006, -0.00034079796751, -0.000218566579861, -0.000380033365218, 0.000235270752455, -0.000526934221853, -0.000165110803209, -5.92788455833e-005, 0.000108432534034], [0.000640450045466, 0.00185547384899, 0.00110101106111, -0.000442545802798, -0.000869026524015, 0.000262401881628, -0.000868687231559, -0.00109985854942, 0.000397558236727, 0.000159671268193, -0.000700787117239, -0.000218178029172, -0.000117143099487], [0.000382620317396, 0.00110101106111, 0.00271493988112, 0.00016522439546, -0.00023100663384, -0.00121350877453, -0.00014031198225, -0.00134229438845, 0.000338736368576, 0.000374188064598, -0.000311767071253, -6.80033335811e-005, -0.000675403804053], [-0.00035737871076, -0.000442545802798, 0.00016522439546, 0.00430608680472, -0.000222983551794, -0.000683228019625, 0.000388886750443, -0.000177576992428, -0.000962856342085, 0.00113886850886, -0.00149040913675, 0.00109904794954, -0.00108835403807], [7.06874789103e-006, -0.000869026524015, -0.00023100663384, -0.000222983551794, 0.00535633554682, -0.000391341163777, 0.00127243273892, -0.000102930513094, -0.000472538406029, -0.00241674226709, -0.000764305179473, 0.000450379709946, -0.000342699233443], [-0.00034079796751, 0.000262401881628, -0.00121350877453, -0.000683228019625, -0.000391341163777, 0.00788317713886, -0.000261901586782, -0.000665041152388, -0.00131313712336, 2.2955082386e-005, -0.000811457866803, -2.66370043391e-005, 0.000714308873285], [-0.000218566579861, -0.000868687231559, -0.00014031198225, 0.000388886750443, 0.00127243273892, -0.000261901586782, 0.00697120744735, -0.000867350318003, -0.000775555090513, -0.000535612751264, 0.00197296356782, -0.00199082773179, 0.000807981821708], [-0.000380033365218, -0.00109985854942, -0.00134229438845, -0.000177576992428, -0.000102930513094, -0.000665041152388, -0.000867350318003, 0.00895798485726, -0.000363342580386, 0.00141092087142, -0.00169875333086, 0.000943483144511, -0.00101230340078], [0.000235270752455, 0.000397558236727, 0.000338736368576, -0.000962856342085, -0.000472538406029, -0.00131313712336, -0.000775555090513, -0.000363342580386, 0.00825300067663, -0.00182272074744, 0.00120858254377, -0.000721731455997, 0.00239482359029], [-0.000526934221853, 0.000159671268193, 0.000374188064598, 0.00113886850886, -0.00241674226709, 2.2955082386e-005, -0.000535612751264, 0.00141092087142, -0.00182272074744, 0.00973299331963, -0.000342688261298, 0.00197315216064, -0.000596058147494], [-0.000165110803209, -0.000700787117239, -0.000311767071253, -0.00149040913675, -0.000764305179473, -0.000811457866803, 0.00197296356782, -0.00169875333086, 0.00120858254377, -0.000342688261298, 0.0110711185262, -0.000396796647692, 0.000611818162724], [-5.92788455833e-005, -0.000218178029172, -6.80033335811e-005, 0.00109904794954, 0.000450379709946, -2.66370043391e-005, -0.00199082773179, 0.000943483144511, -0.000721731455997, 0.00197315216064, -0.000396796647692, 0.0118077602237, -0.000355071388185], [0.000108432534034, -0.000117143099487, -0.000675403804053, -0.00108835403807, -0.000342699233443, 0.000714308873285, 0.000807981821708, -0.00101230340078, 0.00239482359029, -0.000596058147494, 0.000611818162724, -0.000355071388185, 0.00983501877636]]
    },
    "spectral_contrast_coeffs": {
        "mean": [-0.542106628418, -0.667505502701, -0.713990211487, -0.7602455616, -0.76208114624, -0.756949067116],
        "var": [0.0055354591459, 0.00514712790027, 0.00376380141824, 0.0025659634266, 0.00213208398782, 0.00229117856361]
    },
    "spectral_contrast_valleys": {
        "mean": [-7.59625673294, -6.17480993271, -7.11876630783, -8.0606508255, -8.45522594452, -11.6717348099],
        "var": [0.744135022163, 0.538446843624, 0.473562479019, 0.502210259438, 0.592806637287, 0.931389629841]
    }
},
"metadata": {
    "audio_properties": {
        "analysis_sample_rate": 44100,
        "bit_rate": 128074,
        "equal_loudness": 0,
        "length": 45.0612258911,
        "lossless": 0,
        "replay_gain": -5.06508827209,
        "sample_rate": 44100,
        "codec": "mp3",
        "downmix": "mix",
        "md5_encoded": "abd0feb213ae5d454656cf9e89832a3e"
    },
    "tags": {
        "file_name": "1829.mp3"
    },
    "version": {
        "essentia": "2.1-beta2",
        "essentia_git_sha": "v2.1_beta2",
        "extractor": "music 1.0"
    }
},
"rhythm": {
    "beats_count": 68,
    "beats_loudness": {
        "mean": 0.0439145490527,
        "var": 0.000258143467363
    },
    "bpm": 91.3011169434,
    "bpm_histogram_first_peak_bpm": {
        "mean": 91,
        "var": 0
    },
    "bpm_histogram_first_peak_spread": {
        "mean": 0.215384572744,
        "var": 0
    },
    "bpm_histogram_first_peak_weight": {
        "mean": 0.761194050312,
        "var": 0
    },
    "bpm_histogram_second_peak_bpm": {
        "mean": 96,
        "var": 0
    },
    "bpm_histogram_second_peak_spread": {
        "mean": 0,
        "var": 0
    },
    "bpm_histogram_second_peak_weight": {
        "mean": 0.0298507455736,
        "var": 0
    },
    "danceability": 1.24035966396,
    "onset_rate": 2.50656914711,
    "beats_loudness_band_ratio": {
        "mean": [0.180201932788, 0.39564499259, 0.363212287426, 0.096923135221, 0.0281884539872, 0.0118212215602],
        "var": [0.0167100913823, 0.018256302923, 0.0187960546464, 0.0052057178691, 0.000882801890839, 0.000227188458666]
    },
    "beats_position": [0.650158703327, 1.31192743778, 1.97369611263, 2.61224484444, 3.25079369545, 3.9125623703, 4.57433080673, 5.22448968887, 5.87464857101, 6.53641700745, 7.19818592072, 7.87156438828, 8.53333282471, 9.19510173798, 9.86848068237, 10.5418596268, 11.2036275864, 11.8770065308, 12.538775444, 13.2005443573, 13.8623123169, 14.5240812302, 15.1742401123, 15.8360090256, 16.4861679077, 17.1363258362, 17.786485672, 18.4366436005, 19.0635814667, 19.6905212402, 20.3290691376, 20.9908390045, 21.6642169952, 22.3027667999, 22.9413146973, 23.5914726257, 24.2416324615, 24.89179039, 25.5419502258, 26.1804981232, 26.830657959, 27.4924259186, 28.142583847, 28.7927436829, 29.4429016113, 30.0930614471, 30.7432193756, 31.3933773041, 32.0551452637, 32.7285270691, 33.4019050598, 34.0636711121, 34.7370529175, 35.3872108459, 36.0489807129, 36.7107467651, 37.3609046936, 38.0226745605, 38.6844444275, 39.3462142944, 40.0079803467, 40.6697502136, 41.3315200806, 41.9932861328, 42.6550559998, 43.3168258667, 43.9785919189, 44.6287536621]
},
"tonal": {
    "chords_changes_rate": 0.0411522649229,
    "chords_number_rate": 0.00823045242578,
    "chords_strength": {
        "mean": 0.586293578148,
        "var": 0.00628672819585
    },
    "hpcp_entropy": {
        "mean": 1.67686772346,
        "var": 0.485630184412
    },
    "key_strength": 0.705473721027,
    "tuning_diatonic_strength": 0.573971986771,
    "tuning_equal_tempered_deviation": 0.0379431247711,
    "tuning_frequency": 441.272583008,
    "tuning_nontempered_energy_ratio": 0.644572913647,
    "hpcp": {
        "mean": [0.36579182744, 0.283697932959, 0.119102597237, 0.0544019192457, 0.0457251034677, 0.155336275697, 0.279821574688, 0.187941655517, 0.111308500171, 0.150335595012, 0.101819217205, 0.0444025360048, 0.0464309863746, 0.0631548911333, 0.183454304934, 0.267992556095, 0.145036101341, 0.045962203294, 0.0472530797124, 0.0741822719574, 0.197880119085, 0.288698613644, 0.179601147771, 0.0621458142996, 0.0358618684113, 0.033887129277, 0.108058914542, 0.169235005975, 0.146754235029, 0.212847962976, 0.252131283283, 0.137376904488, 0.0561846420169, 0.053040035069, 0.0815736055374, 0.219150736928],
        "var": [0.133588597178, 0.100824050605, 0.0465563349426, 0.0192875023931, 0.0167800411582, 0.047591406852, 0.128736719489, 0.0615431293845, 0.0401967987418, 0.0848156958818, 0.0429733432829, 0.0162311177701, 0.0110045736656, 0.02046678029, 0.0539737194777, 0.103896476328, 0.032034046948, 0.013787869364, 0.0183023698628, 0.024748198688, 0.0618943981826, 0.111891239882, 0.0470230616629, 0.0192971434444, 0.0093052489683, 0.00773249892518, 0.0300869774073, 0.0725692808628, 0.03820245713, 0.0750534310937, 0.100896663964, 0.0398279801011, 0.0168683435768, 0.0194538421929, 0.03178242594, 0.0681322738528]
    },
    "chords_histogram": [26.2345676422, 3.18930029869, 2.05761313438, 0, 0.205761313438, 0, 0, 0, 0, 0, 0, 0, 0, 0, 0, 0, 0, 3.90946507454, 0, 15.7407407761, 10.1851854324, 28.4979419708, 9.97942352295, 0],
    "thpcp": [1, 0.775572121143, 0.325602114201, 0.148723721504, 0.125003069639, 0.424657583237, 0.764974951744, 0.513794004917, 0.304294675589, 0.410986751318, 0.278352916241, 0.121387444437, 0.126932814717, 0.172652542591, 0.501526534557, 0.732636809349, 0.39649900794, 0.12565125525, 0.129180252552, 0.202799156308, 0.540963768959, 0.78924292326, 0.4909927845, 0.169893935323, 0.098039008677, 0.0926404744387, 0.295410960913, 0.462653875351, 0.401196032763, 0.58188277483, 0.689275324345, 0.375560343266, 0.153597310185, 0.145000606775, 0.22300554812, 0.599113285542],
    "chords_key": "E",
    "chords_scale": "minor",
    "key_key": "D",
    "key_scale": "major"
}
}