{
"lowlevel": {
    "average_loudness": 0.977079689503,
    "barkbands_crest": {
        "mean": 8.31241893768,
        "var": 5.96505308151
    },
    "barkbands_flatness_db": {
        "mean": 0.173227220774,
        "var": 0.000446097605163
    },
    "barkbands_kurtosis": {
        "mean": 1.92409276962,
        "var": 4.50186729431
    },
    "barkbands_skewness": {
        "mean": 1.5751799345,
        "var": 0.22819916904
    },
    "barkbands_spread": {
        "mean": 22.1210308075,
        "var": 38.2898483276
    },
    "dissonance": {
        "mean": 0.47128662467,
        "var": 0.000277673971141
    },
    "dynamic_complexity": 0.856614232063,
    "erbbands_crest": {
        "mean": 7.40551185608,
        "var": 9.83399200439
    },
    "erbbands_flatness_db": {
        "mean": 0.200125589967,
        "var": 0.000157828326337
    },
    "erbbands_kurtosis": {
        "mean": -0.815754532814,
        "var": 0.214224785566
    },
    "erbbands_skewness": {
        "mean": -0.0942303165793,
        "var": 0.107264205813
    },
    "erbbands_spread": {
        "mean": 44.4315643311,
        "var": 72.6499786377
    },
    "hfc": {
        "mean": 20.54778862,
        "var": 49.5589790344
    },
    "melbands_crest": {
        "mean": 15.2804956436,
        "var": 16.1267051697
    },
    "melbands_flatness_db": {
        "mean": 0.229733854532,
        "var": 0.000917402678169
    },
    "melbands_kurtosis": {
        "mean": 10.0337963104,
        "var": 32.9566955566
    },
    "melbands_skewness": {
        "mean": 2.85799741745,
        "var": 0.481633931398
    },
    "melbands_spread": {
        "mean": 20.1023292542,
        "var": 52.4444274902
    },
    "pitch_salience": {
        "mean": 0.55158084631,
        "var": 0.00938395876437
    },
    "silence_rate_20dB": {
        "mean": 1,
        "var": 0
    },
    "silence_rate_30dB": {
        "mean": 0.997425317764,
        "var": 0.00256806355901
    },
    "silence_rate_60dB": {
        "mean": 0.00154479919001,
        "var": 0.00154241069686
    },
    "spectral_centroid": {
        "mean": 1477.79345703,
        "var": 178770.34375
    },
    "spectral_complexity": {
        "mean": 28.3151397705,
        "var": 41.9356460571
    },
    "spectral_decrease": {
        "mean": -9.18128062466e-009,
        "var": 1.74789682354e-017
    },
    "spectral_energy": {
        "mean": 0.0365159399807,
        "var": 0.000261644541752
    },
    "spectral_energyband_high": {
        "mean": 0.000667463173158,
        "var": 4.07488983001e-007
    },
    "spectral_energyband_low": {
        "mean": 0.0165637731552,
        "var": 0.000135596652399
    },
    "spectral_energyband_middle_high": {
        "mean": 0.00636518932879,
        "var": 5.07954928253e-006
    },
    "spectral_energyband_middle_low": {
        "mean": 0.017359720543,
        "var": 9.97230454232e-005
    },
    "spectral_entropy": {
        "mean": 7.49236440659,
        "var": 0.0181945450604
    },
    "spectral_flux": {
        "mean": 0.090665102005,
        "var": 0.0011757373577
    },
    "spectral_kurtosis": {
        "mean": 2.50298762321,
        "var": 3.80138325691
    },
    "spectral_rms": {
        "mean": 0.00585370836779,
        "var": 1.35939865231e-006
    },
    "spectral_rolloff": {
        "mean": 1150.12561035,
        "var": 512297.03125
    },
    "spectral_skewness": {
        "mean": 0.724664986134,
        "var": 0.0646219477057
    },
    "spectral_spread": {
        "mean": 2882320.75,
        "var": 1.0038221865e+012
    },
    "spectral_strongpeak": {
        "mean": 0.54596632719,
        "var": 0.133324101567
    },
    "zerocrossingrate": {
        "mean": 0.0468058548868,
        "var": 0.000245292088948
    },
    "barkbands": {
        "mean": [2.95658701361e-005, 0.00452806381509, 0.0078004617244, 0.00583385396749, 0.00539954565465, 0.00222255196422, 0.0015668933047, 0.00123403512407, 0.000780290691182, 0.00100666587241, 0.00174515647814, 0.000406739214668, 0.00018437167455, 0.000319366401527, 0.00044192338828, 0.000364040170098, 0.000588856404647, 0.00057052198099, 0.000445112382295, 0.000833467463963, 0.000142961376696, 5.55292681383e-005, 1.41548371175e-005, 1.4796268033e-006, 3.31052717684e-007, 8.33927060739e-008, 2.04514671864e-009],
        "var": [1.08030673296e-009, 2.46880845225e-005, 4.52516105724e-005, 3.48776411556e-005, 2.2884023565e-005, 5.83129667575e-006, 4.59521425e-006, 1.77441313554e-006, 1.87237935734e-006, 8.8590758196e-007, 4.17677438236e-006, 1.8071374086e-007, 4.35769891283e-008, 1.1383761489e-007, 1.8116796241e-007, 7.17054433608e-008, 1.66892775155e-007, 1.27945185113e-007, 7.53568514256e-008, 6.56525116938e-007, 8.06691957678e-009, 9.85804327058e-009, 7.92086563006e-010, 6.20333038409e-012, 1.04377959184e-013, 9.54707457872e-016, 4.21467092301e-018]
    },
    "erbbands": {
        "mean": [0.0569575279951, 1.33946311474, 7.91664266586, 17.5588951111, 16.3732376099, 18.8869037628, 17.93907547, 15.3478746414, 21.8761634827, 25.5598297119, 25.1666717529, 20.8855075836, 22.2570514679, 43.3370819092, 63.8917732239, 20.3794670105, 10.0598363876, 15.3628883362, 23.9985370636, 18.5183887482, 24.2539482117, 30.1268959045, 29.9825229645, 25.805267334, 26.1892299652, 40.408115387, 13.4106636047, 3.89024424553, 2.02620005608, 1.33558130264, 0.253706812859, 0.0572499856353, 0.015568388626, 0.0060835853219, 0.00103461439721, 0.000426149083069, 0.000166357436683, 2.24793184316e-005, 1.95660268218e-005, 4.22878329118e-005],
        "var": [0.00468214321882, 1.99141860008, 45.5028038025, 245.483276367, 214.170288086, 375.13494873, 338.187774658, 366.088317871, 1130.45715332, 1047.41821289, 494.995452881, 1406.81286621, 503.700531006, 1206.35510254, 5001.61279297, 326.159088135, 96.303855896, 234.904785156, 521.723693848, 181.87147522, 211.062408447, 340.33291626, 383.100097656, 191.393875122, 401.732940674, 1678.16418457, 146.197647095, 8.98153495789, 7.89368486404, 9.88649749756, 0.171371862292, 0.00627189129591, 0.000653002469335, 3.63657272828e-005, 1.65129290508e-006, 2.93128881168e-008, 3.82073483962e-009, 8.45681094597e-011, 5.90492724162e-011, 3.22038035128e-010]
    },
    "gfcc": {
        "mean": [-6.4897441864, 161.681991577, -161.388137817, 59.710231781, -45.0763320923, -16.2172260284, -7.74211502075, -10.2400770187, -18.5318660736, -16.7316799164, -12.7466144562, -10.8601160049, -5.38787174225],
        "cov": [[1246.25231934, 138.233642578, -99.3754348755, 102.214202881, -91.9180374146, -13.3255996704, -20.6877288818, -39.2397613525, 10.0593852997, -20.6495265961, 26.5557022095, -31.5874614716, -3.08730912209], [138.233642578, 140.897735596, 34.1553840637, -23.5465908051, 44.6124076843, -16.9147815704, 31.4392738342, 5.00683021545, 2.98546862602, -1.42836403847, 19.0566501617, 21.4025669098, 17.1501922607], [-99.3754348755, 34.1553840637, 98.1632080078, 5.74148464203, 22.0382022858, 13.5430555344, 25.379907608, 18.6619338989, 11.0995750427, 2.5547106266, 17.4076042175, 21.6413040161, 3.03322553635], [102.214202881, -23.5465908051, 5.74148464203, 74.5498123169, -0.798038899899, 15.8929433823, -6.07952022552, -8.81362915039, 14.2774171829, -0.61394482851, 7.66815090179, -6.56286668777, 5.66959953308], [-91.9180374146, 44.6124076843, 22.0382022858, -0.798038899899, 99.1103591919, 15.230638504, 23.5972042084, 12.4784164429, -4.97409534454, 2.56658482552, -0.75772690773, 14.9375810623, 15.4351434708], [-13.3255996704, -16.9147815704, 13.5430555344, 15.8929433823, 15.230638504, 71.8759765625, 29.1086025238, 8.20012378693, 8.31782627106, -9.10684490204, 3.79557919502, 15.517873764, 8.31859970093], [-20.6877288818, 31.4392738342, 25.379907608, -6.07952022552, 23.5972042084, 29.1086025238, 75.2873153687, 39.6241874695, -0.629531681538, -5.53080940247, 7.06024551392, 18.1568470001, 4.30436038971], [-39.2397613525, 5.00683021545, 18.6619338989, -8.81362915039, 12.4784164429, 8.20012378693, 39.6241874695, 61.1834793091, 18.6533489227, 10.0193004608, 4.3734869957, 5.93397188187, -6.44110870361], [10.0593852997, 2.98546862602, 11.0995750427, 14.2774171829, -4.97409534454, 8.31782627106, -0.629531681538, 18.6533489227, 52.6906433105, 24.2921295166, 8.74172115326, -1.07437419891, -5.96222019196], [-20.6495265961, -1.42836403847, 2.5547106266, -0.61394482851, 2.56658482552, -9.10684490204, -5.53080940247, 10.0193004608, 24.2921295166, 49.4439888, 20.3857688904, -2.77047157288, -6.37608098984], [26.5557022095, 19.0566501617, 17.4076042175, 7.66815090179, -0.75772690773, 3.79557919502, 7.06024551392, 4.3734869957, 8.74172115326, 20.3857688904, 47.3976097107, 22.6446323395, 2.77665090561], [-31.5874614716, 21.4025669098, 21.6413040161, -6.56286668777, 14.9375810623, 15.517873764, 18.1568470001, 5.93397188187, -1.07437419891, -2.77047157288, 22.6446323395, 65.4036026001, 22.7467842102], [-3.08730912209, 17.1501922607, 3.03322553635, 5.66959953308, 15.4351434708, 8.31859970093, 4.30436038971, -6.44110870361, -5.96222019196, -6.37608098984, 2.77665090561, 22.7467842102, 42.7856826782]],
        "icov": [[0.00339204794727, -0.0104834949598, 0.00562751153484, -0.00904668215662, 0.00672854436561, -0.00487404642627, 0.00462606130168, -0.00469598639756, 0.00535006122664, -0.00218268856406, 0.00210637552664, -0.000827425683383, 0.00331819523126], [-0.0104834949598, 0.0492557026446, -0.0200391113758, 0.0353586673737, -0.0284465756267, 0.0260635949671, -0.0258424729109, 0.0244381055236, -0.028172172606, 0.0159865841269, -0.0167556237429, 0.00578617071733, -0.0158234704286], [0.00562751153484, -0.0200391113758, 0.022644456476, -0.0169589146972, 0.00997573323548, -0.00931622833014, 0.00714107556269, -0.0103287836537, 0.00780291296542, -0.00255721085705, 0.00133985863067, -0.0042173890397, 0.00788106955588], [-0.00904668215662, 0.0353586673737, -0.0169589146972, 0.0448917672038, -0.0219301339239, 0.0142671642825, -0.0162555277348, 0.020221427083, -0.0261272005737, 0.0146585833281, -0.0163108240813, 0.00962834525853, -0.0152719840407], [0.00672854436561, -0.0284465756267, 0.00997573323548, -0.0219301339239, 0.0294562503695, -0.0162893086672, 0.0123266326264, -0.0150636117905, 0.0195393767208, -0.0133286984637, 0.0127984015271, -0.00440196227282, 0.00536578800529], [-0.00487404642627, 0.0260635949671, -0.00931622833014, 0.0142671642825, -0.0162893086672, 0.0341929718852, -0.0231100898236, 0.01738422364, -0.0215840935707, 0.0139005146921, -0.00957048404962, 0.000574008212425, -0.00847894605249], [0.00462606130168, -0.0258424729109, 0.00714107556269, -0.0162555277348, 0.0123266326264, -0.0231100898236, 0.0434049069881, -0.0321324206889, 0.0226224176586, -0.00598562555388, 0.00645077414811, -0.00445655314252, 0.00739369913936], [-0.00469598639756, 0.0244381055236, -0.0103287836537, 0.020221427083, -0.0150636117905, 0.01738422364, -0.0321324206889, 0.0459181368351, -0.0266796648502, 0.00605848664418, -0.00645745266229, 0.00257417233661, -0.00364675419405], [0.00535006122664, -0.028172172606, 0.00780291296542, -0.0261272005737, 0.0195393767208, -0.0215840935707, 0.0226224176586, -0.0266796648502, 0.0507375150919, -0.0264004636556, 0.0149561502039, -0.00577971944585, 0.0106809493154], [-0.00218268856406, 0.0159865841269, -0.00255721085705, 0.0146585833281, -0.0133286984637, 0.0139005146921, -0.00598562555388, 0.00605848664418, -0.0264004636556, 0.0451298318803, -0.0262518953532, 0.0091296993196, -0.00481027644128], [0.00210637552664, -0.0167556237429, 0.00133985863067, -0.0163108240813, 0.0127984015271, -0.00957048404962, 0.00645077414811, -0.00645745266229, 0.0149561502039, -0.0262518953532, 0.0456373542547, -0.017204515636, 0.00891422666609], [-0.000827425683383, 0.00578617071733, -0.0042173890397, 0.00962834525853, -0.00440196227282, 0.000574008212425, -0.00445655314252, 0.00257417233661, -0.00577971944585, 0.0091296993196, -0.017204515636, 0.0285378042608, -0.0145439421758], [0.00331819523126, -0.0158234704286, 0.00788106955588, -0.0152719840407, 0.00536578800529, -0.00847894605249, 0.00739369913936, -0.00364675419405, 0.0106809493154, -0.00481027644128, 0.00891422666609, -0.0145439421758, 0.0377646312118]]
    },
    "melbands": {
        "mean": [0.000858491810504, 0.00339524447918, 0.00285701756366, 0.00134780642111, 0.000621235754807, 0.000375820032787, 0.000322915293509, 0.000265692797257, 0.000204425436095, 0.000117478106404, 0.000106417573988, 0.000160773837706, 0.000268248579232, 5.06312826474e-005, 3.31169212586e-005, 2.03800373129e-005, 2.88863084279e-005, 3.62909340765e-005, 3.0127226637e-005, 2.48401756835e-005, 3.07959307975e-005, 3.46293782059e-005, 2.59221269516e-005, 2.75556758425e-005, 2.01587808988e-005, 1.5789304598e-005, 2.46716008405e-005, 2.78272491414e-005, 1.01816958704e-005, 3.55378779204e-006, 1.62364005973e-006, 1.11962094707e-006, 1.05610195078e-006, 5.95795370373e-007, 1.44861559193e-007, 5.14046085698e-008, 2.59960426519e-008, 1.13026965565e-008, 7.18009118827e-009, 4.05603728382e-009],
        "var": [9.14927454687e-007, 8.25875031296e-006, 5.87899421589e-006, 1.64987295648e-006, 3.09548426003e-007, 2.01296643354e-007, 2.35580330354e-007, 1.26988226157e-007, 3.99072526136e-008, 4.49076118514e-008, 1.29814115013e-008, 2.19552713787e-008, 1.0211008572e-007, 2.38138864184e-009, 8.44701419922e-010, 4.24483448391e-010, 9.30582721992e-010, 1.25379506777e-009, 8.56344051225e-010, 3.8921868506e-010, 4.28814123099e-010, 6.21271367685e-010, 4.14916434543e-010, 3.10544256976e-010, 1.41321218616e-010, 1.27631696878e-010, 6.97911395342e-010, 9.79272218871e-010, 1.54316670553e-010, 4.68493169606e-012, 2.85436973536e-012, 2.27327314958e-012, 6.54444814313e-012, 1.95905010963e-012, 6.12481595931e-014, 2.19552570467e-015, 2.29984924707e-015, 4.96924901638e-016, 4.41058261267e-017, 1.80786973406e-017]
    },
    "mfcc": {
        "mean": [-628.894836426, 166.833648682, -43.6619262695, 68.06224823, -15.6468391418, 10.1876220703, 2.13118314743, 8.53731822968, -0.414583176374, 0.156712785363, -9.51613998413, -6.03921031952, 2.30313038826],
        "cov": [[716.115722656, 11.823800087, 0.34204107523, 44.1480178833, -45.1126861572, 19.1773490906, -46.0873908997, -24.4861431122, -50.2628669739, 16.2994194031, 11.018034935, -13.3615903854, -20.0715332031], [11.823800087, 213.720230103, -19.4743003845, 25.7357959747, 10.0880670547, -14.5503835678, 35.8289337158, 11.2927494049, 19.4509010315, -13.6771306992, -13.407494545, 13.295050621, 30.3507003784], [0.34204107523, -19.4743003845, 95.6421432495, 2.91218519211, -10.1992168427, 5.43085718155, -3.21225190163, 20.1198177338, -1.28439617157, -0.131480634212, 9.93708610535, 9.24258804321, 25.9849433899], [44.1480178833, 25.7357959747, 2.91218519211, 58.7789916992, 12.1831607819, -3.0309650898, 3.67446041107, -0.0298476628959, 2.1227722168, 3.06600189209, -5.16504764557, 4.60826778412, 9.69695091248], [-45.1126861572, 10.0880670547, -10.1992168427, 12.1831607819, 59.3343200684, 19.3104324341, 2.48093605042, -3.88282513618, 5.26835870743, 1.57560050488, 1.14648044109, 0.0379566811025, -6.55845308304], [19.1773490906, -14.5503835678, 5.43085718155, -3.0309650898, 19.3104324341, 60.3754272461, 8.81609535217, 9.97654151917, 3.01668477058, -10.2455940247, 1.85702753067, -5.82974338531, -3.47876143456], [-46.0873908997, 35.8289337158, -3.21225190163, 3.67446041107, 2.48093605042, 8.81609535217, 70.4162902832, 33.161895752, 14.3928852081, -1.69816493988, -11.8863945007, 7.76507520676, 14.6544485092], [-24.4861431122, 11.2927494049, 20.1198177338, -0.0298476628959, -3.88282513618, 9.97654151917, 33.161895752, 71.2649383545, 27.2807922363, -9.21760177612, -4.11211633682, 6.42102384567, 24.0692768097], [-50.2628669739, 19.4509010315, -1.28439617157, 2.1227722168, 5.26835870743, 3.01668477058, 14.3928852081, 27.2807922363, 53.5777854919, 7.28959321976, -0.637478113174, 4.26950979233, 3.61700773239], [16.2994194031, -13.6771306992, -0.131480634212, 3.06600189209, 1.57560050488, -10.2455940247, -1.69816493988, -9.21760177612, 7.28959321976, 61.1952056885, 18.4437484741, 2.34971380234, -9.18949508667], [11.018034935, -13.407494545, 9.93708610535, -5.16504764557, 1.14648044109, 1.85702753067, -11.8863945007, -4.11211633682, -0.637478113174, 18.4437484741, 46.4040527344, 17.0559539795, 0.527753829956], [-13.3615903854, 13.295050621, 9.24258804321, 4.60826778412, 0.0379566811025, -5.82974338531, 7.76507520676, 6.42102384567, 4.26950979233, 2.34971380234, 17.0559539795, 49.6147956848, 26.597032547], [-20.0715332031, 30.3507003784, 25.9849433899, 9.69695091248, -6.55845308304, -3.47876143456, 14.6544485092, 24.0692768097, 3.61700773239, -9.18949508667, 0.527753829956, 26.597032547, 70.5997314453]],
        "icov": [[0.0020869509317, -0.000786509073805, 0.00039681274211, -0.00222428003326, 0.00277469633147, -0.00228237593547, 0.00188457546756, -0.00106681301259, 0.00235663331114, -0.00129387143534, -4.38368551841e-005, -0.000177062582225, 0.000986595172435], [-0.000786509073805, 0.00664234068245, 0.00118282134645, -0.00113110034727, -0.0020840971265, 0.00304252188653, -0.00384338200092, 0.00213129934855, -0.00328097352758, 0.00255387485959, -0.000336005992722, 0.000464892684249, -0.00300376792438], [0.00039681274211, 0.00118282134645, 0.0135330567136, -0.00177860679105, 0.00246501876973, -0.00203593960032, 0.00260030012578, -0.00422318279743, 0.00203749863431, -0.000949829933234, -0.00220609898679, 0.000343123276252, -0.00444443896413], [-0.00222428003326, -0.00113110034727, -0.00177860679105, 0.0221281964332, -0.00755022326484, 0.00358162354678, -0.00128440046683, 0.00157288927585, -0.00203668395989, -0.00106279191095, 0.00370940729044, -0.00103962630965, -0.00299540604465], [0.00277469633147, -0.0020840971265, 0.00246501876973, -0.00755022326484, 0.0251044910401, -0.0109980767593, 0.00284473388456, 0.000467184087029, 0.0011560737621, -0.00265510124154, -0.00034000974847, -0.00180573528633, 0.0031329751946], [-0.00228237593547, 0.00304252188653, -0.00203593960032, 0.00358162354678, -0.0109980767593, 0.0246526729316, -0.00619827257469, -0.000118397430924, -0.00328811607324, 0.00675927707925, -0.0043907458894, 0.00438075093552, -0.000748704886064], [0.00188457546756, -0.00384338200092, 0.00260030012578, -0.00128440046683, 0.00284473388456, -0.00619827257469, 0.0242879278958, -0.0114927748218, 0.00386917381547, -0.00575700169429, 0.00731132086366, -0.00506074493751, 0.00114726449829], [-0.00106681301259, 0.00213129934855, -0.00422318279743, 0.00157288927585, 0.000467184087029, -0.000118397430924, -0.0114927748218, 0.0276702251285, -0.0135690066963, 0.00560509460047, -0.00204661418684, 0.00314993434586, -0.00663817767054], [0.00235663331114, -0.00328097352758, 0.00203749863431, -0.00203668395989, 0.0011560737621, -0.00328811607324, 0.00386917381547, -0.0135690066963, 0.0290883108974, -0.00711166113615, 0.00197908515111, -0.00293240952305, 0.00405255332589], [-0.00129387143534, 0.00255387485959, -0.000949829933234, -0.00106279191095, -0.00265510124154, 0.00675927707925, -0.00575700169429, 0.00560509460047, -0.00711166113615, 0.0231909751892, -0.0104457335547, 0.00290896603838, 0.00076544348849], [-4.38368551841e-005, -0.000336005992722, -0.00220609898679, 0.00370940729044, -0.00034000974847, -0.0043907458894, 0.00731132086366, -0.00204661418684, 0.00197908515111, -0.0104457335547, 0.0335249789059, -0.0140264006332, 0.00293917162344], [-0.000177062582225, 0.000464892684249, 0.000343123276252, -0.00103962630965, -0.00180573528633, 0.00438075093552, -0.00506074493751, 0.00314993434586, -0.00293240952305, 0.00290896603838, -0.0140264006332, 0.03210952878, -0.0116719035432], [0.000986595172435, -0.00300376792438, -0.00444443896413, -0.00299540604465, 0.0031329751946, -0.000748704886064, 0.00114726449829, -0.00663817767054, 0.00405255332589, 0.00076544348849, 0.00293917162344, -0.0116719035432, 0.0243297386914]]
    },
    "spectral_contrast_coeffs": {
        "mean": [-0.588209867477, -0.725695967674, -0.736177563667, -0.800512850285, -0.787606537342, -0.632179915905],
        "var": [0.0042526749894, 0.00287053873762, 0.00281982542947, 0.000885530374944, 0.000616503297351, 0.000534806866199]
    },
    "spectral_contrast_valleys": {
        "mean": [-6.74936151505, -6.37785673141, -6.98169279099, -7.23647117615, -6.69755887985, -11.8309516907],
        "var": [0.488084644079, 0.376727998257, 0.349111884832, 0.305821806192, 0.295093297958, 0.235579788685]
    }
},
"metadata": {
    "audio_properties": {
        "analysis_sample_rate": 44100,
        "bit_rate": 128074,
        "equal_loudness": 0,
        "length": 45.0612258911,
        "lossless": 0,
        "replay_gain": -4.89794540405,
        "sample_rate": 44100,
        "codec": "mp3",
        "downmix": "mix",
        "md5_encoded": "6b93eae88651490eeb1e82de0657244b"
    },
    "tags": {
        "file_name": "1830.mp3"
    },
    "version": {
        "essentia": "2.1-beta2",
        "essentia_git_sha": "v2.1_beta2",
        "extractor": "music 1.0"
    }
},
"rhythm": {
    "beats_count": 90,
    "beats_loudness": {
        "mean": 0.0463189072907,
        "var": 0.000227531316341
    },
    "bpm": 120.040328979,
    "bpm_histogram_first_peak_bpm": {
        "mean": 120,
        "var": 0
    },
    "bpm_histogram_first_peak_spread": {
        "mean": 0.24137930572,
        "var": 0
    },
    "bpm_histogram_first_peak_weight": {
        "mean": 0.741573035717,
        "var": 0
    },
    "bpm_histogram_second_peak_bpm": {
        "mean": 126,
        "var": 0
    },
    "bpm_histogram_second_peak_spread": {
        "mean": 0,
        "var": 0
    },
    "bpm_histogram_second_peak_weight": {
        "mean": 0.0224719103426,
        "var": 0
    },
    "danceability": 1.20921528339,
    "onset_rate": 2.4400229454,
    "beats_loudness_band_ratio": {
        "mean": [0.519403100014, 0.232870087028, 0.101116910577, 0.0830446183681, 0.06641831249, 0.0439677648246],
        "var": [0.0219992306083, 0.015697941184, 0.00301177590154, 0.00157172023319, 0.00102615426295, 0.000618788064457]
    },
    "beats_position": [0.46439909935, 0.940408170223, 1.4164172411, 1.90403628349, 2.40326523781, 2.90249419212, 3.40172338486, 3.90095233917, 4.40018129349, 4.8994102478, 5.41024923325, 5.90947818756, 6.40870714188, 6.90793657303, 7.40716552734, 7.91800451279, 8.4172334671, 8.91646194458, 9.41569137573, 9.91492080688, 10.4025392532, 10.9133787155, 11.412607193, 11.9118366241, 12.3994560242, 12.8986845016, 13.3979139328, 13.9087524414, 14.3963718414, 14.90721035, 15.4064397812, 15.9056682587, 16.4048976898, 16.904127121, 17.4033565521, 17.9025840759, 18.390203476, 18.9010429382, 19.4002723694, 19.8994998932, 20.4103393555, 20.8979587555, 21.3971881866, 21.8964176178, 22.4072551727, 22.9064846039, 23.405714035, 23.9165534973, 24.40417099, 24.9034004211, 25.4026298523, 25.9134693146, 26.4010887146, 26.9119262695, 27.4111557007, 27.9103851318, 28.409614563, 28.9088420868, 29.4080715179, 29.9073009491, 30.4065303802, 30.9057598114, 31.4049873352, 31.9042167664, 32.4034461975, 32.9026756287, 33.4019050598, 33.901134491, 34.4003639221, 34.8995895386, 35.4104309082, 35.9096603394, 36.4088897705, 36.908115387, 37.4073448181, 37.9065742493, 38.4058036804, 38.9050331116, 39.4042625427, 39.9034919739, 40.402721405, 40.91355896, 41.4127883911, 41.9120178223, 42.4112472534, 42.9104766846, 43.4097061157, 43.9089317322, 44.4081611633, 44.9073905945]
},
"tonal": {
    "chords_changes_rate": 0.0277777779847,
    "chords_number_rate": 0.00514403311536,
    "chords_strength": {
        "mean": 0.685460925102,
        "var": 0.00837112870067
    },
    "hpcp_entropy": {
        "mean": 1.94764602184,
        "var": 0.417219936848
    },
    "key_strength": 0.850038588047,
    "tuning_diatonic_strength": 0.699704527855,
    "tuning_equal_tempered_deviation": 0.122341513634,
    "tuning_frequency": 441.272583008,
    "tuning_nontempered_energy_ratio": 0.810860514641,
    "hpcp": {
        "mean": [0.249660000205, 0.21024389565, 0.10109397769, 0.0571878403425, 0.0510314702988, 0.101792022586, 0.206691816449, 0.190310910344, 0.138907790184, 0.139840021729, 0.091049797833, 0.0519284531474, 0.0488080233335, 0.0774055942893, 0.224086895585, 0.446158230305, 0.378956288099, 0.136256158352, 0.0453223511577, 0.0360516607761, 0.0594814792275, 0.0835181549191, 0.077421464026, 0.0647283047438, 0.0661880895495, 0.0605589263141, 0.0520429462194, 0.0570332184434, 0.101459763944, 0.249585658312, 0.333218455315, 0.220097571611, 0.101333647966, 0.0676441118121, 0.0826642140746, 0.159077882767],
        "var": [0.101620279253, 0.0702555775642, 0.028233891353, 0.0179849136621, 0.0132858688012, 0.01752509363, 0.0519407838583, 0.0407072305679, 0.0562528371811, 0.0732693597674, 0.0340231284499, 0.0169139616191, 0.0166678875685, 0.0297794211656, 0.0668005719781, 0.138796374202, 0.104751557112, 0.0378110744059, 0.0149522926658, 0.0092875212431, 0.0174950882792, 0.0226863510907, 0.0175823215395, 0.0193326603621, 0.0210949871689, 0.0172727257013, 0.014438145794, 0.0140279242769, 0.0287699922919, 0.111146137118, 0.155315130949, 0.078600011766, 0.0323201194406, 0.0265187211335, 0.0315743125975, 0.0616545639932]
    },
    "chords_histogram": [52.6748962402, 0, 10.9053497314, 0, 0, 0, 0, 0, 0.720164597034, 0, 0, 0, 0, 0, 0, 0, 0, 0, 0, 17.6954727173, 0, 11.6255140305, 6.37860059738, 0],
    "thpcp": [1, 0.849376440048, 0.305398732424, 0.101583585143, 0.0808046534657, 0.133319243789, 0.187194019556, 0.173529163003, 0.145079255104, 0.148351162672, 0.135734185576, 0.116646833718, 0.127831816673, 0.227407574654, 0.559410631657, 0.746861636639, 0.493317306042, 0.227124914527, 0.151614621282, 0.185280039907, 0.356550365686, 0.559577286243, 0.47123169899, 0.226587727666, 0.12817838788, 0.114379756153, 0.228152289987, 0.46327021718, 0.426554739475, 0.311342000961, 0.313431441784, 0.20407512784, 0.11639021337, 0.109396219254, 0.173493593931, 0.502258777618],
    "chords_key": "G",
    "chords_scale": "major",
    "key_key": "G",
    "key_scale": "major"
}
}