{
"lowlevel": {
    "average_loudness": 0.982701897621,
    "barkbands_crest": {
        "mean": 8.67587661743,
        "var": 16.3332195282
    },
    "barkbands_flatness_db": {
        "mean": 0.0916177406907,
        "var": 0.00167059374508
    },
    "barkbands_kurtosis": {
        "mean": 3.38529896736,
        "var": 37.3552970886
    },
    "barkbands_skewness": {
        "mean": 1.57636713982,
        "var": 1.08774614334
    },
    "barkbands_spread": {
        "mean": 33.3195457458,
        "var": 287.839813232
    },
    "dissonance": {
        "mean": 0.46468091011,
        "var": 0.000726620783098
    },
    "dynamic_complexity": 1.08008182049,
    "erbbands_crest": {
        "mean": 7.50883865356,
        "var": 18.294095993
    },
    "erbbands_flatness_db": {
        "mean": 0.10895793885,
        "var": 0.00103098724503
    },
    "erbbands_kurtosis": {
        "mean": -0.0142523599789,
        "var": 4.70902347565
    },
    "erbbands_skewness": {
        "mean": 0.33264875412,
        "var": 0.432719439268
    },
    "erbbands_spread": {
        "mean": 53.8768692017,
        "var": 367.421783447
    },
    "hfc": {
        "mean": 44.3887519836,
        "var": 984.204833984
    },
    "melbands_crest": {
        "mean": 13.9386339188,
        "var": 34.8513565063
    },
    "melbands_flatness_db": {
        "mean": 0.160611540079,
        "var": 0.0036982530728
    },
    "melbands_kurtosis": {
        "mean": 16.1209278107,
        "var": 356.335968018
    },
    "melbands_skewness": {
        "mean": 3.07661056519,
        "var": 2.4398458004
    },
    "melbands_spread": {
        "mean": 27.9279994965,
        "var": 324.25692749
    },
    "pitch_salience": {
        "mean": 0.585046410561,
        "var": 0.0139131369069
    },
    "silence_rate_20dB": {
        "mean": 1,
        "var": 0
    },
    "silence_rate_30dB": {
        "mean": 0.998970150948,
        "var": 0.00102881481871
    },
    "silence_rate_60dB": {
        "mean": 0.00154479919001,
        "var": 0.00154241069686
    },
    "spectral_centroid": {
        "mean": 1523.61901855,
        "var": 335964.34375
    },
    "spectral_complexity": {
        "mean": 25.7744598389,
        "var": 116.071624756
    },
    "spectral_decrease": {
        "mean": -1.00376658096e-008,
        "var": 2.44280480414e-017
    },
    "spectral_energy": {
        "mean": 0.0419107005,
        "var": 0.000366916210623
    },
    "spectral_energyband_high": {
        "mean": 0.00322130741552,
        "var": 1.06924699139e-005
    },
    "spectral_energyband_low": {
        "mean": 0.0173504557461,
        "var": 0.000344650907209
    },
    "spectral_energyband_middle_high": {
        "mean": 0.00670107081532,
        "var": 2.77429317066e-005
    },
    "spectral_energyband_middle_low": {
        "mean": 0.015785465017,
        "var": 7.57312081987e-005
    },
    "spectral_entropy": {
        "mean": 7.94448518753,
        "var": 0.126582369208
    },
    "spectral_flux": {
        "mean": 0.104533217847,
        "var": 0.0015404416481
    },
    "spectral_kurtosis": {
        "mean": 2.23852443695,
        "var": 2.39862823486
    },
    "spectral_rms": {
        "mean": 0.00623342767358,
        "var": 2.03297850021e-006
    },
    "spectral_rolloff": {
        "mean": 2299.52783203,
        "var": 5572746
    },
    "spectral_skewness": {
        "mean": 1.32257068157,
        "var": 0.109144642949
    },
    "spectral_spread": {
        "mean": 6829989.5,
        "var": 3.85724186624e+012
    },
    "spectral_strongpeak": {
        "mean": 0.872688412666,
        "var": 0.870523810387
    },
    "zerocrossingrate": {
        "mean": 0.0938284471631,
        "var": 0.00229166564532
    },
    "barkbands": {
        "mean": [0.00146902597044, 0.0105979861692, 0.00451175076887, 0.00197911076248, 0.00500237196684, 0.00226417556405, 0.00222113006748, 0.00184764282312, 0.00164550368208, 0.0016115300823, 0.000736769463401, 0.000857072358485, 0.000564579677302, 0.000490361009724, 0.000564653833862, 0.000590557232499, 0.000550168973859, 0.000507462245878, 0.000523747468833, 0.000386612839065, 0.000414656387875, 0.000510593526997, 0.000580447143875, 0.000578893930651, 0.000529206241481, 0.000340003403835, 3.47077257175e-005],
        "var": [5.74240220885e-006, 0.000232326812693, 2.6019222787e-005, 6.82625250192e-006, 2.46486724791e-005, 6.74146122037e-006, 8.01470287115e-006, 7.98761811893e-006, 6.85301256453e-006, 7.27623410057e-006, 3.6173614717e-006, 7.63442676543e-006, 5.21558717992e-007, 4.25078354738e-007, 3.93771983909e-007, 4.9822284609e-007, 3.12059199814e-007, 3.04186841049e-007, 6.01311626269e-007, 1.77783803679e-007, 2.45818483791e-007, 2.70971867167e-007, 4.37663032926e-007, 4.45732325716e-007, 5.66253277157e-007, 4.09911223187e-007, 7.37721839172e-009]
    },
    "erbbands": {
        "mean": [0.384787738323, 2.06710100174, 5.47089004517, 5.65231800079, 14.9268465042, 14.8296375275, 13.925154686, 18.9373035431, 30.7356987, 33.6143684387, 40.7640533447, 45.4344444275, 48.9091720581, 34.5027999878, 35.9977989197, 38.3709259033, 28.1635780334, 28.1322402954, 28.5920333862, 25.8275661469, 37.9866714478, 27.7462253571, 28.88697052, 29.5776824951, 21.1484584808, 18.8399181366, 17.2090797424, 16.622713089, 17.4451999664, 18.3868045807, 16.2762336731, 13.5477905273, 8.79020404816, 6.26217031479, 3.57951545715, 1.64939594269, 0.572287559509, 0.120894797146, 0.00371747836471, 0.000143249111716],
        "var": [0.39233237505, 9.64060401917, 35.6567878723, 38.255027771, 264.369293213, 241.173309326, 316.031738281, 513.727783203, 1653.51416016, 1084.10522461, 4667.04638672, 5086.29052734, 11065.7402344, 2237.18383789, 8312.05761719, 14012.0351563, 1196.28222656, 1354.65307617, 1066.47631836, 912.802368164, 1964.21960449, 861.893920898, 927.277587891, 1312.85595703, 819.061462402, 393.265197754, 362.111816406, 426.929962158, 323.752502441, 403.408050537, 362.487823486, 269.092224121, 98.1645355225, 62.5564804077, 32.5146331787, 8.50355529785, 1.26452493668, 0.0678420811892, 8.2500235294e-005, 3.79702562725e-008]
    },
    "gfcc": {
        "mean": [71.4493103027, 59.063079834, -95.7945175171, 32.2671546936, -64.9613113403, 22.1902885437, -42.2128982544, 17.0769348145, -22.6388626099, 6.23417377472, -19.9930973053, 3.63119769096, -15.1390390396],
        "cov": [[2329.90112305, -609.316955566, -87.0040054321, 31.7594051361, -28.8959941864, -11.9674873352, -59.6848144531, 6.99151039124, -133.751876831, 63.3174209595, -68.0725784302, 58.2302703857, -66.2318878174], [-609.316955566, 834.399536133, -55.3984832764, 138.662719727, 185.821273804, 58.1839256287, 68.9659500122, 15.9101009369, 74.8346176147, -88.6059646606, 73.900062561, -58.9799537659, 35.8981628418], [-87.0040054321, -55.3984832764, 629.55090332, 45.9685630798, 102.075759888, 56.3331871033, -4.21191692352, -29.2056941986, 13.8044719696, 37.260974884, -81.3248062134, -2.20579504967, -54.6324539185], [31.7594051361, 138.662719727, 45.9685630798, 287.730895996, 164.773666382, 62.5329246521, 27.4022216797, 1.03052544594, 39.2978019714, -16.3395996094, 10.3535289764, -26.8151340485, 3.44435405731], [-28.8959941864, 185.821273804, 102.075759888, 164.773666382, 363.3515625, 83.5645828247, 73.7701950073, 50.9321250916, 34.0769081116, -3.9410712719, 26.3207473755, 2.156686306, -0.109171897173], [-11.9674873352, 58.1839256287, 56.3331871033, 62.5329246521, 83.5645828247, 118.451454163, 54.8157691956, 17.6868743896, -5.08364486694, -20.7246398926, 12.4684333801, 0.964623987675, 3.0451900959], [-59.6848144531, 68.9659500122, -4.21191692352, 27.4022216797, 73.7701950073, 54.8157691956, 113.743629456, 59.5571098328, 5.99039506912, -12.4718761444, 22.316608429, 10.890504837, 14.9375333786], [6.99151039124, 15.9101009369, -29.2056941986, 1.03052544594, 50.9321250916, 17.6868743896, 59.5571098328, 116.303871155, 54.7653427124, 7.58826112747, 14.8010082245, 8.20676898956, 16.3540344238], [-133.751876831, 74.8346176147, 13.8044719696, 39.2978019714, 34.0769081116, -5.08364486694, 5.99039506912, 54.7653427124, 117.187316895, 28.6949176788, 8.43362808228, -9.87390041351, 6.54572725296], [63.3174209595, -88.6059646606, 37.260974884, -16.3395996094, -3.9410712719, -20.7246398926, -12.4718761444, 7.58826112747, 28.6949176788, 84.7080993652, 15.1002063751, 15.6557855606, -0.398853212595], [-68.0725784302, 73.900062561, -81.3248062134, 10.3535289764, 26.3207473755, 12.4684333801, 22.316608429, 14.8010082245, 8.43362808228, 15.1002063751, 90.2240524292, 32.5951156616, 20.2563991547], [58.2302703857, -58.9799537659, -2.20579504967, -26.8151340485, 2.156686306, 0.964623987675, 10.890504837, 8.20676898956, -9.87390041351, 15.6557855606, 32.5951156616, 74.1646881104, 31.8495845795], [-66.2318878174, 35.8981628418, -54.6324539185, 3.44435405731, -0.109171897173, 3.0451900959, 14.9375333786, 16.3540344238, 6.54572725296, -0.398853212595, 20.2563991547, 31.8495845795, 63.0059013367]],
        "icov": [[0.000722776923794, 0.000184977034223, 0.000425820209784, -0.000644358980935, 1.01590849226e-005, -0.000292945158435, 0.000683513935655, -0.00103885459248, 0.00126218108926, -0.000906820641831, 0.00109924352728, -0.00133182411082, 0.00136358547024], [0.000184977034223, 0.00272495276295, -0.000322051579133, 0.000309685885441, -0.00114493595902, 0.000540572160389, -0.000974227616098, 0.00175138108898, -0.00214477931149, 0.00333257834427, -0.00332372216508, 0.00361001281999, -0.00241840351373], [0.000425820209784, -0.000322051579133, 0.00292207160965, -0.000442597927758, -0.000471703038784, -0.00182168802712, 0.000357785116648, 0.000325988366967, 0.000224963136134, -0.00266776396893, 0.004456078168, -0.00355310295708, 0.00343003985472], [-0.000644358980935, 0.000309685885441, -0.000442597927758, 0.00644080061466, -0.0025381820742, -0.00125767325517, -0.000879819213878, 0.00371309160255, -0.00390059896745, 0.00225836480968, -0.0021598788444, 0.00425830855966, -0.00332712964155], [1.01590849226e-005, -0.00114493595902, -0.000471703038784, -0.0025381820742, 0.00520407175645, -0.00118604768068, -0.000633055344224, -0.00241030240431, 0.00127278664149, -0.00150664302055, 0.000487812882056, -0.00224214768969, 0.00206962018274], [-0.000292945158435, 0.000540572160389, -0.00182168802712, -0.00125767325517, -0.00118604768068, 0.0140790324658, -0.00555951800197, 0.000819659035187, 0.000404715799959, 0.00392404804006, -0.00366139085963, 0.00229447474703, -0.0017039172817], [0.000683513935655, -0.000974227616098, 0.000357785116648, -0.000879819213878, -0.000633055344224, -0.00555951800197, 0.0182492304593, -0.0105756465346, 0.00557363638654, -0.00106620101724, 0.00029742156039, -0.00261229928583, 0.000957122538239], [-0.00103885459248, 0.00175138108898, 0.000325988366967, 0.00371309160255, -0.00241030240431, 0.000819659035187, -0.0105756465346, 0.021112781018, -0.012387203984, 0.00376731250435, -0.00225351727568, 0.00340711371973, -0.00471387105063], [0.00126218108926, -0.00214477931149, 0.000224963136134, -0.00390059896745, 0.00127278664149, 0.000404715799959, 0.00557363638654, -0.012387203984, 0.0194049850106, -0.0087821893394, 0.00327812298201, -0.00169517204631, 0.00256502185948], [-0.000906820641831, 0.00333257834427, -0.00266776396893, 0.00225836480968, -0.00150664302055, 0.00392404804006, -0.00106620101724, 0.00376731250435, -0.0087821893394, 0.0219404045492, -0.00997802987695, 0.00415439484641, -0.00404687877744], [0.00109924352728, -0.00332372216508, 0.004456078168, -0.0021598788444, 0.000487812882056, -0.00366139085963, 0.00029742156039, -0.00225351727568, 0.00327812298201, -0.00997802987695, 0.0248778890818, -0.0153466761112, 0.00707920873538], [-0.00133182411082, 0.00361001281999, -0.00355310295708, 0.00425830855966, -0.00224214768969, 0.00229447474703, -0.00261229928583, 0.00340711371973, -0.00169517204631, 0.00415439484641, -0.0153466761112, 0.032421156764, -0.0184029322118], [0.00136358547024, -0.00241840351373, 0.00343003985472, -0.00332712964155, 0.00206962018274, -0.0017039172817, 0.000957122538239, -0.00471387105063, 0.00256502185948, -0.00404687877744, 0.00707920873538, -0.0184029322118, 0.0296561308205]]
    },
    "melbands": {
        "mean": [0.00318520190194, 0.00283323205076, 0.00123231788166, 0.00124757201411, 0.0004737629788, 0.000420964410296, 0.000472635030746, 0.000368617009372, 0.000330653041601, 0.000263752968749, 0.000236402353039, 0.000137783295941, 0.000110074826807, 0.000114368071081, 7.04436170054e-005, 5.17244661751e-005, 5.32742415089e-005, 4.4039770728e-005, 3.27229899995e-005, 3.65403284377e-005, 4.5929577027e-005, 2.72330780717e-005, 2.99381390505e-005, 2.48060478043e-005, 2.39621858782e-005, 1.85320477613e-005, 1.13959749797e-005, 1.29807922349e-005, 1.06194656837e-005, 1.03112324723e-005, 9.56196345214e-006, 9.56743951974e-006, 1.03092133941e-005, 1.0085899703e-005, 9.30384703679e-006, 9.12936320674e-006, 7.97589564172e-006, 6.42229178993e-006, 5.21439460499e-006, 5.37031428394e-006],
        "var": [2.28089429584e-005, 9.58300643106e-006, 1.43805152675e-006, 1.69030136021e-006, 2.85528756194e-007, 2.39170759642e-007, 3.97697448307e-007, 1.46054162542e-007, 2.65267601662e-007, 1.73528945879e-007, 2.67452264779e-007, 4.16020213834e-008, 7.72737109855e-008, 1.22248636103e-007, 2.37199380138e-008, 4.34927382997e-009, 5.4062025967e-009, 2.54065679606e-009, 1.1821394974e-009, 1.35716082816e-009, 3.19833781681e-009, 9.68915503385e-010, 1.29170463214e-009, 7.85857268149e-010, 1.01599495483e-009, 9.43662370467e-010, 1.71297864782e-010, 2.13954673423e-010, 1.47293885422e-010, 1.85657267338e-010, 1.40570291518e-010, 1.03284318598e-010, 1.17336501626e-010, 1.34298933085e-010, 1.29768529256e-010, 1.32997932112e-010, 9.40659217186e-011, 5.61048672798e-011, 4.0395138623e-011, 4.99837289614e-011]
    },
    "mfcc": {
        "mean": [-577.421142578, 93.2417984009, 21.7384033203, 14.5099754333, 6.37376356125, 3.07911872864, -3.14039301872, 5.82026910782, 2.57683134079, 2.88793921471, 1.98846483231, 1.41207528114, -0.503930866718],
        "cov": [[1773.59423828, -517.326843262, -238.762695313, 0.801798701286, -78.1013183594, -18.7691249847, 28.3924102783, -23.5250968933, -80.573097229, -0.597668468952, -56.5320930481, -30.3341579437, -35.6606483459], [-517.326843262, 603.278808594, -6.73917818069, 58.7643890381, 121.145545959, 28.6175022125, 54.3939285278, 70.7375640869, 33.6031532288, 7.04842662811, 36.1312904358, 12.0169639587, 21.9539642334], [-238.762695313, -6.73917818069, 445.319549561, 15.6436157227, 28.6482887268, 68.6016998291, -42.6798629761, -28.680273056, 26.1477565765, -14.5706090927, 5.56824445724, 8.160405159, -6.15234375], [0.801798701286, 58.7643890381, 15.6436157227, 216.2315979, 140.905426025, 76.0313491821, 32.26121521, 33.7519226074, 37.5032196045, 31.2745723724, 20.6211261749, 13.2989635468, 3.24827313423], [-78.1013183594, 121.145545959, 28.6482887268, 140.905426025, 242.958175659, 93.8225479126, 53.6227836609, 52.3836212158, 44.5192260742, 33.5832328796, 27.638841629, 24.5872612, 8.81383895874], [-18.7691249847, 28.6175022125, 68.6016998291, 76.0313491821, 93.8225479126, 134.181045532, 56.2669715881, 19.0136966705, 7.15749645233, -7.34883594513, 1.90482616425, 8.07911586761, 6.45655345917], [28.3924102783, 54.3939285278, -42.6798629761, 32.26121521, 53.6227836609, 56.2669715881, 162.174530029, 71.0481948853, 8.34399318695, -7.91443967819, 11.6952695847, -0.794893324375, 15.2965040207], [-23.5250968933, 70.7375640869, -28.680273056, 33.7519226074, 52.3836212158, 19.0136966705, 71.0481948853, 124.130065918, 40.3556785583, 22.8703422546, 6.15618753433, 5.56979465485, 3.44521069527], [-80.573097229, 33.6031532288, 26.1477565765, 37.5032196045, 44.5192260742, 7.15749645233, 8.34399318695, 40.3556785583, 100.188941956, 36.8670845032, 24.361032486, 2.70373940468, 2.54169726372], [-0.597668468952, 7.04842662811, -14.5706090927, 31.2745723724, 33.5832328796, -7.34883594513, -7.91443967819, 22.8703422546, 36.8670845032, 82.1578216553, 28.6564846039, 13.415886879, -12.9679450989], [-56.5320930481, 36.1312904358, 5.56824445724, 20.6211261749, 27.638841629, 1.90482616425, 11.6952695847, 6.15618753433, 24.361032486, 28.6564846039, 68.7730636597, 19.4114360809, 5.95082712173], [-30.3341579437, 12.0169639587, 8.160405159, 13.2989635468, 24.5872612, 8.07911586761, -0.794893324375, 5.56979465485, 2.70373940468, 13.415886879, 19.4114360809, 64.657409668, 26.6127376556], [-35.6606483459, 21.9539642334, -6.15234375, 3.24827313423, 8.81383895874, 6.45655345917, 15.2965040207, 3.44521069527, 2.54169726372, -12.9679450989, 5.95082712173, 26.6127376556, 69.8436279297]],
        "icov": [[0.000890517374501, 0.000784809584729, 0.000434546556789, -0.000258937507169, -3.71336354874e-005, -2.86423055513e-005, -0.000262382352958, -9.38171797316e-005, 0.000509326753672, -0.00018822257698, 0.00026984437136, 0.000149700295879, 0.000194221764104], [0.000784809584729, 0.00268787401728, 0.00037870099186, -0.000137444978463, -0.00106871279422, 0.000374598079361, -0.000161267409567, -0.00102180195972, 0.000534482300282, 0.000531791418325, -0.000746153527871, 0.000494774314575, -0.000264127651462], [0.000434546556789, 0.00037870099186, 0.00307012558915, 0.000273955112789, 7.91493512224e-005, -0.00225613964722, 0.00124971510377, 0.000274922436802, -0.00105283234734, 0.00099242629949, -0.000365880667232, -0.000397588562919, 0.000677092175465], [-0.000258937507169, -0.000137444978463, 0.000273955112789, 0.0081350132823, -0.00353102385998, -0.00258661713451, 0.00068141502561, -6.00224739173e-005, -0.000999014242552, -0.00123800395522, -0.000445328099886, 0.000394855451304, -0.000210798854823], [-3.71336354874e-005, -0.00106871279422, 7.91493512224e-005, -0.00353102385998, 0.00895967893302, -0.00380659406073, -0.000222583141294, -0.000788136385381, -0.00108110357542, -0.0014415003825, -0.000388209620724, -0.00159404869191, 0.000209181773243], [-2.86423055513e-005, 0.000374598079361, -0.00225613964722, -0.00258661713451, -0.00380659406073, 0.0144852595404, -0.00468778098002, 0.0013737862464, 0.000836867373437, 0.00180360639933, 0.00170942593832, -0.000885900750291, 0.000385739665944], [-0.000262382352958, -0.000161267409567, 0.00124971510377, 0.00068141502561, -0.000222583141294, -0.00468778098002, 0.0114305438474, -0.00631686393172, 0.00119827780873, 0.0025535186287, -0.00354771967977, 0.00220814277418, -0.00184385257307], [-9.38171797316e-005, -0.00102180195972, 0.000274922436802, -6.00224739173e-005, -0.000788136385381, 0.0013737862464, -0.00631686393172, 0.0143262660131, -0.00464508961886, -0.00276542128995, 0.00375318201259, -0.00182212935761, 0.000979628646746], [0.000509326753672, 0.000534482300282, -0.00105283234734, -0.000999014242552, -0.00108110357542, 0.000836867373437, 0.00119827780873, -0.00464508961886, 0.0155327077955, -0.00474736653268, -0.00315024587326, 0.00348236039281, -0.0024336616043], [-0.00018822257698, 0.000531791418325, 0.00099242629949, -0.00123800395522, -0.0014415003825, 0.00180360639933, 0.0025535186287, -0.00276542128995, -0.00474736653268, 0.0202185958624, -0.00590718071908, -0.00390848284587, 0.00539341615513], [0.00026984437136, -0.000746153527871, -0.000365880667232, -0.000445328099886, -0.000388209620724, 0.00170942593832, -0.00354771967977, 0.00375318201259, -0.00315024587326, -0.00590718071908, 0.0206440258771, -0.00484978919849, -4.95203712489e-005], [0.000149700295879, 0.000494774314575, -0.000397588562919, 0.000394855451304, -0.00159404869191, -0.000885900750291, 0.00220814277418, -0.00182212935761, 0.00348236039281, -0.00390848284587, -0.00484978919849, 0.0221978966147, -0.00914048869163], [0.000194221764104, -0.000264127651462, 0.000677092175465, -0.000210798854823, 0.000209181773243, 0.000385739665944, -0.00184385257307, 0.000979628646746, -0.0024336616043, 0.00539341615513, -4.95203712489e-005, -0.00914048869163, 0.0194397922605]]
    },
    "spectral_contrast_coeffs": {
        "mean": [-0.648770809174, -0.727250337601, -0.753605186939, -0.773012280464, -0.778076827526, -0.781516075134],
        "var": [0.00573545368388, 0.00320153264329, 0.00356291350909, 0.00237861974165, 0.00148182467092, 0.00082225893857]
    },
    "spectral_contrast_valleys": {
        "mean": [-6.74203491211, -6.23013925552, -6.88950538635, -7.37115049362, -7.12456560135, -8.82591629028],
        "var": [0.648577690125, 0.471172362566, 0.551919877529, 0.588809907436, 0.616068899632, 0.615660429001]
    }
},
"metadata": {
    "audio_properties": {
        "analysis_sample_rate": 44100,
        "bit_rate": 128074,
        "equal_loudness": 0,
        "length": 45.0612258911,
        "lossless": 0,
        "replay_gain": -5.97780990601,
        "sample_rate": 44100,
        "codec": "mp3",
        "downmix": "mix",
        "md5_encoded": "52d4994d06b3a1e8615a70fa97d57a05"
    },
    "tags": {
        "file_name": "1831.mp3"
    },
    "version": {
        "essentia": "2.1-beta2",
        "essentia_git_sha": "v2.1_beta2",
        "extractor": "music 1.0"
    }
},
"rhythm": {
    "beats_count": 63,
    "beats_loudness": {
        "mean": 0.0521630160511,
        "var": 0.000312313204631
    },
    "bpm": 85.5045776367,
    "bpm_histogram_first_peak_bpm": {
        "mean": 86,
        "var": 0
    },
    "bpm_histogram_first_peak_spread": {
        "mean": 0.103448241949,
        "var": 0
    },
    "bpm_histogram_first_peak_weight": {
        "mean": 0.838709712029,
        "var": 0
    },
    "bpm_histogram_second_peak_bpm": {
        "mean": 80,
        "var": 0
    },
    "bpm_histogram_second_peak_spread": {
        "mean": 0,
        "var": 0
    },
    "bpm_histogram_second_peak_weight": {
        "mean": 0.0645161271095,
        "var": 0
    },
    "danceability": 1.54465067387,
    "onset_rate": 4.52513360977,
    "beats_loudness_band_ratio": {
        "mean": [0.3931671381, 0.21345372498, 0.130030557513, 0.0764386057854, 0.0525335259736, 0.219476342201],
        "var": [0.0442052260041, 0.0129833705723, 0.0108782043681, 0.00392098724842, 0.000748332298826, 0.0121509889141]
    },
    "beats_position": [0.754648506641, 1.50929701328, 2.26394557953, 3.01859402657, 3.76163268089, 4.45823097229, 5.15482997894, 5.86303853989, 6.57124710083, 7.26784563065, 7.96444416046, 8.66104316711, 9.38086128235, 10.0658502579, 10.774058342, 11.4822673798, 12.1904764175, 12.8870744705, 13.5836734772, 14.2802715302, 14.9884805679, 15.696688652, 16.3932876587, 17.0898857117, 17.7980957031, 18.5063037872, 19.2029018402, 19.8994998932, 20.5960998535, 21.3159179688, 22.0125160217, 22.7091159821, 23.405714035, 24.1255321503, 24.8221302032, 25.5187301636, 26.2153282166, 26.9235363007, 27.620136261, 28.316734314, 29.0249423981, 29.7215423584, 30.4181404114, 31.1263484955, 31.8345565796, 32.5311546326, 33.2277526855, 33.9243545532, 34.6441726685, 35.3407707214, 36.0373687744, 36.7339668274, 37.4421768188, 38.1503829956, 38.8469848633, 39.5435829163, 40.251789093, 40.9599990845, 41.6565971375, 42.3531951904, 43.0497932434, 43.7696151733, 44.4662132263]
},
"tonal": {
    "chords_changes_rate": 0.0390946492553,
    "chords_number_rate": 0.00720164598897,
    "chords_strength": {
        "mean": 0.540572166443,
        "var": 0.00976154953241
    },
    "hpcp_entropy": {
        "mean": 2.15822863579,
        "var": 0.398090720177
    },
    "key_strength": 0.618599891663,
    "tuning_diatonic_strength": 0.513607740402,
    "tuning_equal_tempered_deviation": 0.211340501904,
    "tuning_frequency": 434.193115234,
    "tuning_nontempered_energy_ratio": 0.946140944958,
    "hpcp": {
        "mean": [0.357938945293, 0.355331510305, 0.144639030099, 0.0448980033398, 0.0376668088138, 0.0437043979764, 0.0995618402958, 0.123956374824, 0.0894965007901, 0.132142364979, 0.158562362194, 0.102047778666, 0.0863019824028, 0.111711457372, 0.123346507549, 0.186191722751, 0.200529158115, 0.11141885072, 0.0587720870972, 0.0398003049195, 0.0475248172879, 0.142746031284, 0.214328542352, 0.24277767539, 0.299010068178, 0.201922431588, 0.0678122341633, 0.0617758221924, 0.0714456513524, 0.110267750919, 0.267099767923, 0.295693963766, 0.156662151217, 0.117199353874, 0.129672080278, 0.186785638332],
        "var": [0.116810269654, 0.118213027716, 0.0329084806144, 0.0120353261009, 0.0103898309171, 0.0102558471262, 0.0266539119184, 0.0363340228796, 0.0187131538987, 0.0392529927194, 0.0550505071878, 0.0281624495983, 0.0218804460019, 0.0379981473088, 0.042995352298, 0.0573801584542, 0.0728532522917, 0.0250708609819, 0.0142010161653, 0.00682063819841, 0.00722996611148, 0.0402761176229, 0.0756026878953, 0.0584740303457, 0.122834160924, 0.0699024498463, 0.0151809547096, 0.0125129576772, 0.0230002831668, 0.0349155701697, 0.100463546813, 0.114743545651, 0.0382828488946, 0.0514711216092, 0.0526538081467, 0.0665323138237]
    },
    "chords_histogram": [22.1193408966, 5.86419773102, 34.4650192261, 2.16049385071, 8.95061683655, 22.5308647156, 0, 0, 0, 0, 3.70370364189, 0, 0, 0, 0, 0, 0, 0, 0.102880656719, 0, 0, 0, 0.102880656719, 0],
    "thpcp": [1, 0.992715418339, 0.404088556767, 0.125434815884, 0.10523249954, 0.122100144625, 0.278153151274, 0.346305906773, 0.250032871962, 0.369175702333, 0.442987173796, 0.285098284483, 0.241108104587, 0.31209641695, 0.344602078199, 0.520177304745, 0.560232877731, 0.311278939247, 0.164195850492, 0.11119300127, 0.132773533463, 0.398799955845, 0.598785221577, 0.678265631199, 0.835366129875, 0.564125359058, 0.189451962709, 0.172587603331, 0.199602901936, 0.308063030243, 0.746215999126, 0.826101660728, 0.437678426504, 0.327428340912, 0.362274289131, 0.521836578846],
    "chords_key": "A",
    "chords_scale": "minor",
    "key_key": "D",
    "key_scale": "minor"
}
}