{
"lowlevel": {
    "average_loudness": 0.983778476715,
    "barkbands_crest": {
        "mean": 18.1449871063,
        "var": 36.5355567932
    },
    "barkbands_flatness_db": {
        "mean": 0.307643055916,
        "var": 0.0172995422035
    },
    "barkbands_kurtosis": {
        "mean": 35.0338249207,
        "var": 2874.81494141
    },
    "barkbands_skewness": {
        "mean": 4.06372356415,
        "var": 8.24380779266
    },
    "barkbands_spread": {
        "mean": 9.37134647369,
        "var": 185.773666382
    },
    "dissonance": {
        "mean": 0.406022250652,
        "var": 0.00373681704514
    },
    "dynamic_complexity": 3.16532230377,
    "erbbands_crest": {
        "mean": 11.0463895798,
        "var": 22.7117652893
    },
    "erbbands_flatness_db": {
        "mean": 0.208800077438,
        "var": 0.00528081320226
    },
    "erbbands_kurtosis": {
        "mean": 1.48007905483,
        "var": 11.4146661758
    },
    "erbbands_skewness": {
        "mean": 0.521507024765,
        "var": 1.0029040575
    },
    "erbbands_spread": {
        "mean": 33.7812995911,
        "var": 642.059814453
    },
    "hfc": {
        "mean": 18.2297782898,
        "var": 684.402587891
    },
    "melbands_crest": {
        "mean": 24.3606052399,
        "var": 55.8924789429
    },
    "melbands_flatness_db": {
        "mean": 0.416387230158,
        "var": 0.0244826171547
    },
    "melbands_kurtosis": {
        "mean": 54.1740112305,
        "var": 3802.58496094
    },
    "melbands_skewness": {
        "mean": 5.02515411377,
        "var": 9.28336048126
    },
    "melbands_spread": {
        "mean": 7.70789766312,
        "var": 148.518234253
    },
    "pitch_salience": {
        "mean": 0.340066969395,
        "var": 0.0285067521036
    },
    "silence_rate_20dB": {
        "mean": 0.974253356457,
        "var": 0.0250844117254
    },
    "silence_rate_30dB": {
        "mean": 0.611740469933,
        "var": 0.237518191338
    },
    "silence_rate_60dB": {
        "mean": 0.0726055577397,
        "var": 0.0673337802291
    },
    "spectral_centroid": {
        "mean": 697.664794922,
        "var": 433264.71875
    },
    "spectral_complexity": {
        "mean": 10.4654998779,
        "var": 65.1529693604
    },
    "spectral_decrease": {
        "mean": -2.5430161088e-008,
        "var": 6.40839452206e-016
    },
    "spectral_energy": {
        "mean": 0.0976328253746,
        "var": 0.00926844310015
    },
    "spectral_energyband_high": {
        "mean": 0.000861659646034,
        "var": 7.01791032043e-006
    },
    "spectral_energyband_low": {
        "mean": 0.085480183363,
        "var": 0.00891534704715
    },
    "spectral_energyband_middle_high": {
        "mean": 0.00214456417598,
        "var": 1.09081847768e-005
    },
    "spectral_energyband_middle_low": {
        "mean": 0.0118080703542,
        "var": 0.000168571190443
    },
    "spectral_entropy": {
        "mean": 6.64221143723,
        "var": 0.820906043053
    },
    "spectral_flux": {
        "mean": 0.121128059924,
        "var": 0.0134623581544
    },
    "spectral_kurtosis": {
        "mean": 21.9784736633,
        "var": 788.490844727
    },
    "spectral_rms": {
        "mean": 0.00852808170021,
        "var": 2.25233306992e-005
    },
    "spectral_rolloff": {
        "mean": 512.926757813,
        "var": 1377964.875
    },
    "spectral_skewness": {
        "mean": 3.08967900276,
        "var": 3.5645172596
    },
    "spectral_spread": {
        "mean": 3776010.75,
        "var": 8.4454890537e+012
    },
    "spectral_strongpeak": {
        "mean": 0.703633189201,
        "var": 0.229345366359
    },
    "zerocrossingrate": {
        "mean": 0.0237475149333,
        "var": 0.00101384299342
    },
    "barkbands": {
        "mean": [0.00416743429378, 0.0721622258425, 0.00662855291739, 0.00378644093871, 0.00328025384806, 0.00183093419764, 0.00106004462577, 0.000929777452257, 0.000636123004369, 0.00073008867912, 0.000550333119463, 0.000168029058841, 0.000196364038857, 0.000116323266411, 8.90116207302e-005, 7.47720478103e-005, 6.16472389083e-005, 9.34625131777e-005, 0.000141842727317, 0.000152633336256, 0.000147162849316, 0.000154005072545, 0.000144896883285, 0.000129715190269, 0.000124546364532, 7.08057414158e-005, 5.38542872164e-006],
        "var": [5.23774469912e-005, 0.00665031420067, 0.000593930250034, 6.35079413769e-005, 1.72969375853e-005, 1.10748442239e-005, 3.84927261621e-006, 4.01942634198e-006, 3.56138275492e-006, 4.46615331384e-006, 9.61918658504e-007, 2.87990417291e-007, 2.41827564196e-007, 1.23270410768e-007, 1.40541288829e-007, 3.91739369832e-008, 3.73836748224e-008, 7.11118772756e-008, 1.8781869926e-007, 3.5339789406e-007, 2.23994391035e-007, 2.80895250171e-007, 2.54060324778e-007, 2.26836277761e-007, 2.37909205225e-007, 6.95662194516e-008, 6.63105015342e-010]
    },
    "erbbands": {
        "mean": [3.0481197834, 12.3032770157, 8.82983779907, 12.553768158, 9.58046340942, 10.8917484283, 16.150554657, 13.4232282639, 14.0473146439, 16.7960796356, 21.8792114258, 15.5944919586, 18.1519870758, 29.9873600006, 14.1105976105, 7.74535608292, 9.09729862213, 8.24276638031, 4.81377840042, 3.86063766479, 4.01894235611, 3.66701507568, 4.99902534485, 7.11584568024, 6.23188924789, 7.65067625046, 6.52533769608, 5.55597734451, 5.66771268845, 4.25624799728, 4.26093482971, 3.13507580757, 1.89932334423, 1.37409615517, 0.906433403492, 0.361985057592, 0.118413798511, 0.0233917031437, 0.000635485514067, 0.000124392579892],
        "var": [12.4823150635, 234.922409058, 740.416320801, 881.956726074, 223.618713379, 222.019470215, 756.107055664, 888.288085938, 1000.02471924, 872.484802246, 2677.07641602, 1481.45690918, 3958.05712891, 4384.02978516, 1742.18432617, 384.725311279, 465.774169922, 469.412078857, 362.205047607, 139.930923462, 122.03036499, 139.590316772, 220.838760376, 414.052856445, 426.256164551, 896.785827637, 440.218414307, 337.506317139, 366.225494385, 215.564971924, 230.018310547, 133.345336914, 47.2709007263, 31.3934860229, 12.6032981873, 1.80963480473, 0.22233043611, 0.0100560486317, 6.9633279054e-006, 1.6484140275e-008]
    },
    "gfcc": {
        "mean": [-79.6552505493, 148.819107056, -70.9708404541, 19.0453548431, -40.5682067871, 18.9961223602, -13.2604646683, 7.95543718338, -18.9528255463, 0.586006700993, 5.26820468903, 0.0161296147853, -5.18078804016],
        "cov": [[10639.8359375, -4449.78076172, -61.0144805908, 1524.81567383, -1267.42932129, 600.845397949, -1056.10998535, 804.743713379, -90.7405471802, 424.843963623, -847.786560059, 286.178771973, -303.920959473], [-4449.78076172, 4176.03710938, 313.337768555, -1024.18933105, 1352.50793457, -418.166748047, 966.383666992, -392.643310547, 294.560211182, -350.179504395, 750.015136719, -346.710601807, 236.695632935], [-61.0144805908, 313.337768555, 1124.77075195, 196.359161377, 382.034545898, 260.00088501, 294.243682861, 18.517370224, 91.9768753052, -0.70818310976, 98.7122192383, 7.28943395615, 17.7913417816], [1524.81567383, -1024.18933105, 196.359161377, 808.423828125, -119.890220642, 127.135009766, -95.0193328857, 64.6077270508, 35.6682243347, 55.276889801, -202.425979614, 44.0121421814, -34.9165611267], [-1267.42932129, 1352.50793457, 382.034545898, -119.890220642, 875.049804688, -28.4839744568, 452.184234619, -105.846260071, 151.342208862, -98.9664154053, 251.180130005, -128.974899292, 93.7639923096], [600.845397949, -418.166748047, 260.00088501, 127.135009766, -28.4839744568, 375.126983643, 68.0366287231, 96.378944397, 5.36744165421, 40.3233375549, -4.88748502731, 38.8803825378, -16.3042049408], [-1056.10998535, 966.383666992, 294.243682861, -95.0193328857, 452.184234619, 68.0366287231, 502.416473389, -73.5724258423, 87.5618743896, -65.8735961914, 232.188842773, -63.9766044617, 61.1668663025], [804.743713379, -392.643310547, 18.517370224, 64.6077270508, -105.846260071, 96.378944397, -73.5724258423, 215.359329224, 23.1419525146, 50.9396362305, -35.3122940063, 46.4310646057, -7.3640537262], [-90.7405471802, 294.560211182, 91.9768753052, 35.6682243347, 151.342208862, 5.36744165421, 87.5618743896, 23.1419525146, 174.688705444, 3.36614966393, 63.4877166748, -11.5541849136, 45.897277832], [424.843963623, -350.179504395, -0.70818310976, 55.276889801, -98.9664154053, 40.3233375549, -65.8735961914, 50.9396362305, 3.36614966393, 134.707077026, -35.4113502502, 56.9953842163, -19.2933998108], [-847.786560059, 750.015136719, 98.7122192383, -202.425979614, 251.180130005, -4.88748502731, 232.188842773, -35.3122940063, 63.4877166748, -35.4113502502, 251.977294922, -27.8354473114, 59.0971069336], [286.178771973, -346.710601807, 7.28943395615, 44.0121421814, -128.974899292, 38.8803825378, -63.9766044617, 46.4310646057, -11.5541849136, 56.9953842163, -27.8354473114, 133.180130005, 11.8199157715], [-303.920959473, 236.695632935, 17.7913417816, -34.9165611267, 93.7639923096, -16.3042049408, 61.1668663025, -7.3640537262, 45.897277832, -19.2933998108, 59.0971069336, 11.8199157715, 95.8741912842]],
        "icov": [[0.000243949529249, -5.6629844039e-005, 4.12281879107e-005, -0.000341998733347, 2.24743289436e-005, -0.000216016851482, 0.000276407517958, -0.000618213729467, 4.75825618196e-005, -0.000223643393838, 0.000216050393647, -9.22851450014e-006, 0.000298558501527], [-5.6629844039e-005, 0.00337573443539, -0.000587586138863, 0.0025749464985, -0.00113945396151, 0.00268026697449, -0.00229327077977, 0.00170960172545, -0.00266051851213, 0.00250294432044, -0.0028127010446, 0.00271752174012, -0.00112612906378], [4.12281879107e-005, -0.000587586138863, 0.00154125678819, -0.000800109701231, -0.000435959082097, -0.00131450407207, 0.000150001593283, -0.000307883310597, 0.000338480807841, -0.000397403811803, 0.000445018697064, -0.00106716854498, 0.000702649063896], [-0.000341998733347, 0.0025749464985, -0.000800109701231, 0.00423497334123, -0.000800849462394, 0.00195936090313, -0.00235885521397, 0.00205376022495, -0.00290289637633, 0.0019645402208, -0.000303604116198, 0.00183858908713, -0.00122578511946], [2.24743289436e-005, -0.00113945396151, -0.000435959082097, -0.000800849462394, 0.00338049675338, -0.000265349779511, -0.000851001939736, -0.000325407163473, -6.2634862843e-005, -0.00074232253246, 0.000524452363607, 0.000813958933577, -0.000702717748936], [-0.000216016851482, 0.00268026697449, -0.00131450407207, 0.00195936090313, -0.000265349779511, 0.0063658747822, -0.00321444915608, 0.000121289005619, -0.00162439164706, 0.00166952610016, -0.00223354180343, 0.00190304953139, -0.000686408951879], [0.000276407517958, -0.00229327077977, 0.000150001593283, -0.00235885521397, -0.000851001939736, -0.00321444915608, 0.0073603563942, -0.000725772988517, 0.00177020055708, -0.00121657073032, -0.00135293847416, -0.00159797049128, 0.00112370785791], [-0.000618213729467, 0.00170960172545, -0.000307883310597, 0.00205376022495, -0.000325407163473, 0.000121289005619, -0.000725772988517, 0.00866553839296, -0.00291303591803, 0.000816881656647, -0.00201308191754, 0.000477429275634, -0.00116689107381], [4.75825618196e-005, -0.00266051851213, 0.000338480807841, -0.00290289637633, -6.2634862843e-005, -0.00162439164706, 0.00177020055708, -0.00291303591803, 0.0104667218402, -0.00332057080232, 0.000856535392813, -0.00111912586726, -0.00203785370104], [-0.000223643393838, 0.00250294432044, -0.000397403811803, 0.0019645402208, -0.00074232253246, 0.00166952610016, -0.00121657073032, 0.000816881656647, -0.00332057080232, 0.0123606408015, -0.00247501744889, -0.00194290967193, 0.001591956825], [0.000216050393647, -0.0028127010446, 0.000445018697064, -0.000303604116198, 0.000524452363607, -0.00223354180343, -0.00135293847416, -0.00201308191754, 0.000856535392813, -0.00247501744889, 0.0124176386744, -0.00268292985857, -0.000980044831522], [-9.22851450014e-006, 0.00271752174012, -0.00106716854498, 0.00183858908713, 0.000813958933577, 0.00190304953139, -0.00159797049128, 0.000477429275634, -0.00111912586726, -0.00194290967193, -0.00268292985857, 0.0139887630939, -0.00521301338449], [0.000298558501527, -0.00112612906378, 0.000702649063896, -0.00122578511946, -0.000702717748936, -0.000686408951879, 0.00112370785791, -0.00116689107381, -0.00203785370104, 0.001591956825, -0.000980044831522, -0.00521301338449, 0.0158868581057]]
    },
    "melbands": {
        "mean": [0.0232945345342, 0.00842839572579, 0.00204260274768, 0.000675418530591, 0.000560016138479, 0.00030760106165, 0.000226721822401, 0.00017976743402, 0.000174781584064, 9.44433049881e-005, 8.67298513185e-005, 0.000118370371638, 5.47055133211e-005, 2.30656860367e-005, 1.52834854816e-005, 2.38241027546e-005, 1.39640997077e-005, 7.00718192093e-006, 6.23601863481e-006, 5.02430930283e-006, 4.56940006188e-006, 3.89562546843e-006, 3.79683137908e-006, 4.40635722043e-006, 6.0106726778e-006, 4.96700204167e-006, 4.46915646535e-006, 5.15212605023e-006, 3.92630363422e-006, 3.87818545278e-006, 2.96012058243e-006, 3.31315186486e-006, 2.81087454823e-006, 2.21839127335e-006, 2.401954589e-006, 2.59216244558e-006, 1.58522459515e-006, 1.29738737087e-006, 1.22695973914e-006, 1.14632155146e-006],
        "var": [0.000684588972945, 0.000202875206014, 1.91094532056e-005, 8.1742035718e-007, 7.43898681321e-007, 4.34263711213e-007, 2.22530374572e-007, 1.0377970483e-007, 1.94013153987e-007, 6.92738097996e-008, 9.85381163332e-008, 8.14609038002e-008, 1.51868082554e-008, 5.61969759616e-009, 1.51554635508e-009, 4.28281321518e-009, 1.71517378078e-009, 8.5012208384e-010, 7.29575344582e-010, 1.65164187882e-010, 1.74080652671e-010, 1.72667311005e-010, 1.40240388746e-010, 1.61208268956e-010, 3.10208636556e-010, 2.62334681755e-010, 4.0250883182e-010, 3.83857112762e-010, 1.58886320767e-010, 1.83814310994e-010, 9.30356555684e-011, 1.28772242869e-010, 1.09873207754e-010, 5.94731069947e-011, 7.63876045751e-011, 9.07014671703e-011, 3.36605777973e-011, 2.34884785233e-011, 1.98740589957e-011, 2.63502449027e-011]
    },
    "mfcc": {
        "mean": [-739.152099609, 179.941818237, 37.3804092407, 20.2103900909, 7.58307409286, 10.760890007, 20.5595378876, 13.3500585556, -7.00618743896, 8.75908279419, 4.03636980057, 2.47887444496, 4.32434082031],
        "cov": [[9927.0234375, -4181.3046875, -242.942993164, 459.093292236, -58.4029808044, -185.618728638, -799.978881836, -105.153945923, 294.347930908, 405.803588867, -325.253601074, -26.6979312897, -118.761711121], [-4181.3046875, 3945.43969727, -11.1311779022, -248.141616821, 246.332046509, 61.9080924988, 634.410522461, 219.974853516, -198.148956299, 85.4312896729, 267.82989502, 11.7262849808, 107.530990601], [-242.942993164, -11.1311779022, 760.456542969, 124.791900635, 128.656417847, 206.596252441, 169.957626343, 126.822120667, 90.3965301514, -6.05924749374, 68.5582962036, 71.947052002, 40.8870811462], [459.093292236, -248.141616821, 124.791900635, 576.358154297, 119.201408386, 142.412811279, -3.68485832214, 24.6202011108, 146.490737915, -51.4103431702, 20.7576293945, 49.6302909851, -8.03863430023], [-58.4029808044, 246.332046509, 128.656417847, 119.201408386, 344.264648438, 85.8408203125, 112.385993958, 74.0937194824, 93.2694396973, 41.3716087341, 42.5616264343, 39.2162971497, 8.8970079422], [-185.618728638, 61.9080924988, 206.596252441, 142.412811279, 85.8408203125, 318.142486572, 162.365432739, 83.0460662842, 69.1571884155, -5.86496925354, 70.5241241455, 35.3787155151, 15.0155992508], [-799.978881836, 634.410522461, 169.957626343, -3.68485832214, 112.385993958, 162.365432739, 384.487060547, 137.842193604, -5.69183301926, 41.7092666626, 93.6999893188, 29.6808662415, 38.947013855], [-105.153945923, 219.974853516, 126.822120667, 24.6202011108, 74.0937194824, 83.0460662842, 137.842193604, 183.288925171, 30.7183265686, 58.4614944458, 44.6301422119, 25.258014679, 35.7993621826], [294.347930908, -198.148956299, 90.3965301514, 146.490737915, 93.2694396973, 69.1571884155, -5.69183301926, 30.7183265686, 173.797286987, 1.14272618294, 9.66413402557, 32.1531944275, 1.14116609097], [405.803588867, 85.4312896729, -6.05924749374, -51.4103431702, 41.3716087341, -5.86496925354, 41.7092666626, 58.4614944458, 1.14272618294, 212.90007019, 8.95330810547, -6.47804355621, 0.637033998966], [-325.253601074, 267.82989502, 68.5582962036, 20.7576293945, 42.5616264343, 70.5241241455, 93.6999893188, 44.6301422119, 9.66413402557, 8.95330810547, 127.980995178, 30.9650878906, 23.8625221252], [-26.6979312897, 11.7262849808, 71.947052002, 49.6302909851, 39.2162971497, 35.3787155151, 29.6808662415, 25.258014679, 32.1531944275, -6.47804355621, 30.9650878906, 97.2285461426, 30.6833839417], [-118.761711121, 107.530990601, 40.8870811462, -8.03863430023, 8.8970079422, 15.0155992508, 38.947013855, 35.7993621826, 1.14116609097, 0.637033998966, 23.8625221252, 30.6833839417, 90.0407104492]],
        "icov": [[0.00026009065914, 0.000260697823251, 8.65164111019e-005, -0.000162529744557, -9.83346180874e-005, 6.36667245999e-005, 0.00017844447575, -0.000133142719278, 4.06953768106e-006, -0.00061661854852, 6.01492029091e-005, 1.40284000736e-005, -6.36418335489e-005], [0.000260697823251, 0.000705763348378, 0.00021617373568, -0.000103020727693, -0.000395038106944, 0.000319535203744, -0.000446602352895, -0.000229714263696, 0.000448904844234, -0.000535654602572, -0.00054522161372, 0.00018906420155, -0.000257939827861], [8.65164111019e-005, 0.00021617373568, 0.00185493892059, -2.74320827884e-005, -0.000279611587757, -0.000611562572885, -0.000324824795825, -0.000691488850862, -0.000225524054258, 7.56577646825e-005, -0.000125292281155, -0.000558532192372, -0.0002179123112], [-0.000162529744557, -0.000103020727693, -2.74320827884e-005, 0.00261708302423, -0.000397642230382, -0.000870173855219, 0.000247349933488, -9.13788971957e-006, -0.001368894591, 0.000983148231171, -9.30399110075e-005, -0.000539593980648, 0.000454740627902], [-9.83346180874e-005, -0.000395038106944, -0.000279611587757, -0.000397642230382, 0.00429588230327, 5.54011312488e-005, -0.000670107547194, -0.000170225219335, -0.00200830376707, -0.000429043953773, 0.00011454270134, -0.0006573604187, 0.000579500105232], [6.36667245999e-005, 0.000319535203744, -0.000611562572885, -0.000870173855219, 5.54011312488e-005, 0.00554967671633, -0.00204765005037, -0.000479464040836, -0.000880040286575, 0.000273985351669, -0.00153456826229, 0.000263622641796, 0.000373836839572], [0.00017844447575, -0.000446602352895, -0.000324824795825, 0.000247349933488, -0.000670107547194, -0.00204765005037, 0.00599327916279, -0.00224521779455, 0.000980537501164, -0.000572251854464, -0.000714704219718, -0.000105603241536, -0.000136697854032], [-0.000133142719278, -0.000229714263696, -0.000691488850862, -9.13788971957e-006, -0.000170225219335, -0.000479464040836, -0.00224521779455, 0.00930836237967, -0.00106793513987, -0.0017539159162, -0.000159264687682, -1.7554661099e-005, -0.00214693159796], [4.06953768106e-006, 0.000448904844234, -0.000225524054258, -0.001368894591, -0.00200830376707, -0.000880040286575, 0.000980537501164, -0.00106793513987, 0.00940764974803, -0.000134901274578, -0.000221633934416, -0.00117100868374, 0.000134641537443], [-0.00061661854852, -0.000535654602572, 7.56577646825e-005, 0.000983148231171, -0.000429043953773, 0.000273985351669, -0.000572251854464, -0.0017539159162, -0.000134901274578, 0.0070379874669, -0.000345546170138, 0.000438980932813, 0.000715287053026], [6.01492029091e-005, -0.00054522161372, -0.000125292281155, -9.30399110075e-005, 0.00011454270134, -0.00153456826229, -0.000714704219718, -0.000159264687682, -0.000221633934416, -0.000345546170138, 0.0113267600536, -0.00230572139844, -0.000814715458546], [1.40284000736e-005, 0.00018906420155, -0.000558532192372, -0.000539593980648, -0.0006573604187, 0.000263622641796, -0.000105603241536, -1.7554661099e-005, -0.00117100868374, 0.000438980932813, -0.00230572139844, 0.0135495932773, -0.00392271438614], [-6.36418335489e-005, -0.000257939827861, -0.0002179123112, 0.000454740627902, 0.000579500105232, 0.000373836839572, -0.000136697854032, -0.00214693159796, 0.000134641537443, 0.000715287053026, -0.000814715458546, -0.00392271438614, 0.01380876638]]
    },
    "spectral_contrast_coeffs": {
        "mean": [-0.65835994482, -0.700758039951, -0.720590770245, -0.74175131321, -0.802769839764, -0.795121490955],
        "var": [0.00801209360361, 0.00563690112904, 0.00409862957895, 0.00399629818276, 0.00209717522375, 0.00196138001047]
    },
    "spectral_contrast_valleys": {
        "mean": [-6.853266716, -7.27049303055, -8.10980033875, -9.21389579773, -9.16358947754, -11.6489524841],
        "var": [1.52892231941, 1.01805818081, 0.897526800632, 1.56106340885, 2.29057741165, 3.3184762001]
    }
},
"metadata": {
    "audio_properties": {
        "analysis_sample_rate": 44100,
        "bit_rate": 128074,
        "equal_loudness": 0,
        "length": 45.0612258911,
        "lossless": 0,
        "replay_gain": -5.23205184937,
        "sample_rate": 44100,
        "codec": "mp3",
        "downmix": "mix",
        "md5_encoded": "d38a1abd538efd0b63d31904f6921814"
    },
    "tags": {
        "file_name": "1832.mp3"
    },
    "version": {
        "essentia": "2.1-beta2",
        "essentia_git_sha": "v2.1_beta2",
        "extractor": "music 1.0"
    }
},
"rhythm": {
    "beats_count": 85,
    "beats_loudness": {
        "mean": 0.195947691798,
        "var": 0.0198167841882
    },
    "bpm": 114.056381226,
    "bpm_histogram_first_peak_bpm": {
        "mean": 115,
        "var": 0
    },
    "bpm_histogram_first_peak_spread": {
        "mean": 0.390243887901,
        "var": 0
    },
    "bpm_histogram_first_peak_weight": {
        "mean": 0.595238089561,
        "var": 0
    },
    "bpm_histogram_second_peak_bpm": {
        "mean": 126,
        "var": 0
    },
    "bpm_histogram_second_peak_spread": {
        "mean": 0,
        "var": 0
    },
    "bpm_histogram_second_peak_weight": {
        "mean": 0.0119047621265,
        "var": 0
    },
    "danceability": 2.5526008606,
    "onset_rate": 4.5694975853,
    "beats_loudness_band_ratio": {
        "mean": [0.848712682724, 0.0819181650877, 0.0231105349958, 0.021945161745, 0.0155293755233, 0.0564744956791],
        "var": [0.0297108739614, 0.0116805257276, 0.00127810100093, 0.00284730014391, 0.000446141872089, 0.00604413868859]
    },
    "beats_position": [0.441179126501, 0.893968224525, 1.369977355, 1.88081634045, 2.39165520668, 2.92571425438, 3.44816327095, 3.97061228752, 4.5046710968, 5.02712011337, 5.54956912994, 6.08362817764, 6.60607719421, 7.12852573395, 7.66258478165, 8.18503379822, 8.70748329163, 9.24154186249, 9.76399040222, 10.2864398956, 10.8204984665, 11.3429479599, 11.8653964996, 12.3994560242, 12.9219045639, 13.4443531036, 13.9784126282, 14.512471199, 15.0233106613, 15.5573692322, 16.0798187256, 16.602268219, 17.1363258362, 17.6587753296, 18.181224823, 18.7152824402, 19.2377319336, 19.760181427, 20.2942390442, 20.8166885376, 21.339138031, 21.8731975555, 22.3956451416, 22.918094635, 23.4521541595, 23.974603653, 24.497051239, 25.0311107635, 25.553560257, 26.076007843, 26.6100673676, 27.132516861, 27.6549663544, 28.1890239716, 28.711473465, 29.2339229584, 29.7679805756, 30.290430069, 30.8128795624, 31.3469390869, 31.869386673, 32.391834259, 32.9258956909, 33.4483451843, 33.9707946777, 34.5048522949, 35.0389099121, 35.5613594055, 36.0838088989, 36.6062583923, 37.1287078857, 37.6627655029, 38.1852149963, 38.7076644897, 39.2417221069, 39.7641716003, 40.2866210938, 40.8206787109, 41.3431282043, 41.8655776978, 42.3996353149, 42.9220848083, 43.4445343018, 43.9785919189, 44.5126533508]
},
"tonal": {
    "chords_changes_rate": 0.0781892985106,
    "chords_number_rate": 0.0102880662307,
    "chords_strength": {
        "mean": 0.496536016464,
        "var": 0.00783776771277
    },
    "hpcp_entropy": {
        "mean": 1.75881803036,
        "var": 0.469039708376
    },
    "key_strength": 0.740543842316,
    "tuning_diatonic_strength": 0.709905743599,
    "tuning_equal_tempered_deviation": 0.260155290365,
    "tuning_frequency": 434.193115234,
    "tuning_nontempered_energy_ratio": 0.898527145386,
    "hpcp": {
        "mean": [0.0701704546809, 0.0862743929029, 0.173855394125, 0.261944234371, 0.196561023593, 0.0781015306711, 0.0319911800325, 0.0309054665267, 0.0902685150504, 0.207430645823, 0.179226160049, 0.0590777099133, 0.0397588685155, 0.0701938569546, 0.0683709233999, 0.0772537589073, 0.0816966220737, 0.0450100451708, 0.0310072507709, 0.0268101152033, 0.0151165714487, 0.00709180301055, 0.0066829812713, 0.0954161435366, 0.195518270135, 0.11802572757, 0.019035898149, 0.0113546745852, 0.0199343282729, 0.0645517706871, 0.155750885606, 0.151689708233, 0.0690050423145, 0.0382792279124, 0.0314925871789, 0.0460323728621],
        "var": [0.0431781411171, 0.0387502387166, 0.0916736572981, 0.144329756498, 0.0952812209725, 0.0299771502614, 0.0166687630117, 0.0182681083679, 0.0367531180382, 0.133292093873, 0.0949807465076, 0.0274122934788, 0.0152786029503, 0.0475741066039, 0.0315306931734, 0.0345236510038, 0.0395296514034, 0.0168746206909, 0.012744396925, 0.0137128513306, 0.00532494904473, 0.00107281887904, 0.00216241367161, 0.0351742617786, 0.128803506494, 0.0383796803653, 0.00412367843091, 0.00318197417073, 0.00678571127355, 0.0224631447345, 0.0900389105082, 0.088911563158, 0.0324086733162, 0.0245812851936, 0.0166857726872, 0.027252856642]
    },
    "chords_histogram": [36.0082321167, 3.08641982079, 1.44032919407, 0, 4.42386817932, 0, 0, 0, 0, 0, 0, 0, 0, 0, 0, 2.46913576126, 0, 14.4032926559, 0, 2.57201647758, 0, 7.30452680588, 6.37860059738, 21.9135799408],
    "thpcp": [1, 0.750392615795, 0.298160910606, 0.122129738331, 0.117984905839, 0.344609677792, 0.791888594627, 0.684214949608, 0.225535452366, 0.151783719659, 0.267972528934, 0.261013269424, 0.294924438, 0.311885565519, 0.171830639243, 0.118373483419, 0.102350465953, 0.057709120214, 0.0270737130195, 0.0255129933357, 0.364261299372, 0.746411800385, 0.450575768948, 0.0726715698838, 0.0433476790786, 0.0761014223099, 0.246433258057, 0.594595611095, 0.579091608524, 0.26343408227, 0.146135032177, 0.120226301253, 0.175733476877, 0.267883181572, 0.32936167717, 0.663711488247],
    "chords_key": "A#",
    "chords_scale": "major",
    "key_key": "A#",
    "key_scale": "major"
}
}