{
"lowlevel": {
    "average_loudness": 0.755787074566,
    "barkbands_crest": {
        "mean": 11.846868515,
        "var": 20.0746974945
    },
    "barkbands_flatness_db": {
        "mean": 0.212245136499,
        "var": 0.00398236932233
    },
    "barkbands_kurtosis": {
        "mean": 5.39958238602,
        "var": 57.901512146
    },
    "barkbands_skewness": {
        "mean": 1.65161716938,
        "var": 0.979100167751
    },
    "barkbands_spread": {
        "mean": 10.9133548737,
        "var": 90.5881652832
    },
    "dissonance": {
        "mean": 0.443613886833,
        "var": 0.00116801657714
    },
    "dynamic_complexity": 3.69346141815,
    "erbbands_crest": {
        "mean": 10.2905035019,
        "var": 14.6321754456
    },
    "erbbands_flatness_db": {
        "mean": 0.206354305148,
        "var": 0.0029413618613
    },
    "erbbands_kurtosis": {
        "mean": 1.38568127155,
        "var": 10.9783029556
    },
    "erbbands_skewness": {
        "mean": 0.45228728652,
        "var": 0.487155884504
    },
    "erbbands_spread": {
        "mean": 23.1861934662,
        "var": 221.40171814
    },
    "hfc": {
        "mean": 12.3907566071,
        "var": 135.128662109
    },
    "melbands_crest": {
        "mean": 15.6463441849,
        "var": 28.4408836365
    },
    "melbands_flatness_db": {
        "mean": 0.311663538218,
        "var": 0.00583173381165
    },
    "melbands_kurtosis": {
        "mean": 10.2176761627,
        "var": 137.625793457
    },
    "melbands_skewness": {
        "mean": 2.35165262222,
        "var": 1.50872528553
    },
    "melbands_spread": {
        "mean": 11.2061519623,
        "var": 65.5122680664
    },
    "pitch_salience": {
        "mean": 0.520683884621,
        "var": 0.0108964620158
    },
    "silence_rate_20dB": {
        "mean": 1,
        "var": 0
    },
    "silence_rate_30dB": {
        "mean": 0.951596319675,
        "var": 0.0460603944957
    },
    "silence_rate_60dB": {
        "mean": 0.0607620999217,
        "var": 0.0570707023144
    },
    "spectral_centroid": {
        "mean": 610.418212891,
        "var": 159402.140625
    },
    "spectral_complexity": {
        "mean": 12.9917612076,
        "var": 26.7393875122
    },
    "spectral_decrease": {
        "mean": -9.03507224592e-009,
        "var": 8.31551368735e-017
    },
    "spectral_energy": {
        "mean": 0.0352242961526,
        "var": 0.00123994844034
    },
    "spectral_energyband_high": {
        "mean": 0.00021980398742,
        "var": 4.22195768124e-007
    },
    "spectral_energyband_low": {
        "mean": 0.0162139777094,
        "var": 0.000526524847373
    },
    "spectral_energyband_middle_high": {
        "mean": 0.00333240372129,
        "var": 1.53117762238e-005
    },
    "spectral_energyband_middle_low": {
        "mean": 0.0163098853081,
        "var": 0.000413961883169
    },
    "spectral_entropy": {
        "mean": 6.86048698425,
        "var": 0.36057215929
    },
    "spectral_flux": {
        "mean": 0.0737398639321,
        "var": 0.003440244589
    },
    "spectral_kurtosis": {
        "mean": 17.2573623657,
        "var": 366.630828857
    },
    "spectral_rms": {
        "mean": 0.00528027256951,
        "var": 6.48392961011e-006
    },
    "spectral_rolloff": {
        "mean": 664.633056641,
        "var": 622660.3125
    },
    "spectral_skewness": {
        "mean": 2.96266889572,
        "var": 1.88558351994
    },
    "spectral_spread": {
        "mean": 3231900.5,
        "var": 4.01018794803e+012
    },
    "spectral_strongpeak": {
        "mean": 0.693742990494,
        "var": 0.588691234589
    },
    "zerocrossingrate": {
        "mean": 0.0272605251521,
        "var": 0.000582589011174
    },
    "barkbands": {
        "mean": [0.00155200634617, 0.00916023552418, 0.00498977815732, 0.00154653494246, 0.00823815446347, 0.000854338286445, 0.00257675303146, 0.0013523795642, 0.000967968488112, 0.00104048347566, 0.000979749951512, 0.000706781924237, 0.000226426811423, 0.000351261900505, 0.000222128102905, 7.33575725462e-005, 8.35732425912e-005, 3.74606825062e-005, 3.23029598803e-005, 2.70320615527e-005, 3.95955285057e-005, 4.28961138823e-005, 4.72381943837e-005, 3.22715713992e-005, 3.68101973436e-005, 6.48930927127e-006, 3.39364646607e-007],
        "var": [2.67042378255e-005, 0.000185940545634, 0.000111045468657, 4.18060335505e-005, 0.000118752883282, 3.95309598389e-006, 6.6821485234e-005, 1.20765089378e-005, 1.5253087895e-006, 2.93720586342e-006, 3.71628698304e-006, 1.78992206656e-006, 9.11586113261e-008, 3.25797742562e-007, 1.47209746615e-007, 1.23728582935e-008, 1.54362318483e-008, 2.9058606632e-009, 2.06405514902e-009, 3.34577276995e-009, 9.26972987259e-009, 1.80261050531e-008, 3.20989528291e-008, 1.38495188651e-008, 2.02862402432e-008, 3.33099658967e-010, 9.33744834924e-013]
    },
    "erbbands": {
        "mean": [0.325208932161, 1.85921549797, 5.6680431366, 5.37392568588, 13.0059022903, 37.2384262085, 15.4097633362, 6.52644014359, 31.2348861694, 27.8572978973, 37.0415115356, 21.4447383881, 45.4669189453, 20.4704151154, 35.3593521118, 36.3062896729, 13.1465215683, 20.4899291992, 8.58600616455, 11.9497566223, 4.26322984695, 3.96015334129, 2.50859427452, 1.96885442734, 1.284547925, 1.28847384453, 1.55795860291, 1.57351374626, 1.48284316063, 1.50743162632, 1.31028091908, 0.673784613609, 0.603653669357, 0.532391309738, 0.178893148899, 0.0375663228333, 0.0112670501694, 0.00184365711175, 5.89077935729e-005, 4.1157247324e-005],
        "var": [0.458817183971, 5.30447435379, 122.375541687, 142.868591309, 775.094177246, 3077.67724609, 820.812683105, 195.210678101, 14766.15625, 3592.27368164, 8804.34375, 601.58996582, 3859.01831055, 1300.23059082, 4790.99951172, 4627.91357422, 245.799636841, 1038.48266602, 204.999420166, 511.024108887, 33.1798286438, 28.2758903503, 11.5662002563, 6.95313501358, 4.35919284821, 7.0299077034, 13.752863884, 17.1753978729, 19.9118824005, 27.9720935822, 26.2733268738, 6.27008056641, 5.17066907883, 4.540538311, 0.436387807131, 0.0145170418546, 0.000949384528212, 2.12307968468e-005, 1.27063577438e-008, 1.61789803776e-009]
    },
    "gfcc": {
        "mean": [-57.5464630127, 155.805419922, -94.0718917847, 7.65999794006, -49.6243438721, 18.831445694, -25.4025592804, 5.18482017517, -24.2133750916, -1.73955440521, -12.5045089722, -2.70075821877, -6.32177782059],
        "cov": [[8602.75292969, -2337.03173828, -966.357299805, 1152.12304688, -43.3819122314, 443.463745117, -417.776733398, 602.887329102, 238.942398071, 322.437408447, -465.960632324, 39.8101463318, -86.7555160522], [-2337.03173828, 1630.09411621, -43.8046264648, -482.216491699, 408.237365723, -380.3722229, 231.522994995, -150.764373779, 64.6276168823, -171.356521606, 237.263778687, -111.936569214, 76.1462936401], [-966.357299805, -43.8046264648, 623.305175781, -79.0272979736, -275.008148193, 67.2123641968, -50.7165489197, -159.145553589, -161.117980957, -24.019197464, 49.2738037109, 46.5566520691, -41.0608139038], [1152.12304688, -482.216491699, -79.0272979736, 360.863433838, -2.33763790131, 63.6314582825, -49.1915664673, 99.5043411255, 68.2443084717, 58.1898612976, -66.9474105835, 18.6236877441, -1.87490832806], [-43.3819122314, 408.237365723, -275.008148193, -2.33763790131, 405.04699707, -100.707023621, 101.143203735, 81.9012451172, 132.446029663, -17.3508701324, 41.2069702148, -54.4066581726, 35.5561981201], [443.463745117, -380.3722229, 67.2123641968, 63.6314582825, -100.707023621, 220.788589478, -29.6391620636, 17.2831611633, -43.6009140015, 32.7657966614, -35.9246826172, 21.6443214417, -23.8521633148], [-417.776733398, 231.522994995, -50.7165489197, -49.1915664673, 101.143203735, -29.6391620636, 179.674179077, 31.6032218933, 65.0887832642, -3.56324362755, 31.1295204163, 3.72069096565, 27.4171867371], [602.887329102, -150.764373779, -159.145553589, 99.5043411255, 81.9012451172, 17.2831611633, 31.6032218933, 203.96282959, 116.60748291, 30.422410965, -37.1402854919, -17.023443222, 25.7844581604], [238.942398071, 64.6276168823, -161.117980957, 68.2443084717, 132.446029663, -43.6009140015, 65.0887832642, 116.60748291, 172.203048706, 27.485868454, -7.80081510544, -21.3240699768, 25.1561470032], [322.437408447, -171.356521606, -24.019197464, 58.1898612976, -17.3508701324, 32.7657966614, -3.56324362755, 30.422410965, 27.485868454, 76.2098007202, -14.303560257, 19.5898532867, -11.0234727859], [-465.960632324, 237.263778687, 49.2738037109, -66.9474105835, 41.2069702148, -35.9246826172, 31.1295204163, -37.1402854919, -7.80081510544, -14.303560257, 98.3208312988, -3.14734697342, 12.2940721512], [39.8101463318, -111.936569214, 46.5566520691, 18.6236877441, -54.4066581726, 21.6443214417, 3.72069096565, -17.023443222, -21.3240699768, 19.5898532867, -3.14734697342, 66.7088241577, 4.81619977951], [-86.7555160522, 76.1462936401, -41.0608139038, -1.87490832806, 35.5561981201, -23.8521633148, 27.4171867371, 25.7844581604, 25.1561470032, -11.0234727859, 12.2940721512, 4.81619977951, 55.6184005737]],
        "icov": [[0.000436542119132, -0.000360248348443, 0.000672038819175, -0.00105388427619, 0.000270498072496, -0.00065620103851, 0.000877622573171, -0.000831863493659, 0.000408665538998, -0.000686017214321, 0.000767263467424, -0.000549084797967, 0.00069058110239], [-0.000360248348443, 0.00792446359992, -0.00155614223331, 0.00628076028079, -0.00421319855377, 0.00646216934547, -0.00422147568315, 0.00516667077318, -0.00350371864624, 0.00597796868533, -0.0071585313417, 0.00589481228963, -0.00335634406656], [0.000672038819175, -0.00155614223331, 0.00423638010398, -0.00247094314545, 0.00276605621912, -0.00216345326044, 0.00143148389179, -0.00110442866571, 0.00156872614753, -0.000681564677507, -6.66482519591e-005, -0.00217868434265, 0.00269202911295], [-0.00105388427619, 0.00628076028079, -0.00247094314545, 0.0106484554708, -0.00387109140866, 0.00498785963282, -0.00287563214079, 0.0042860400863, -0.00485639413819, 0.00412818137556, -0.00486785406247, 0.00368486670777, -0.00389198795892], [0.000270498072496, -0.00421319855377, 0.00276605621912, -0.00387109140866, 0.00760538550094, -0.00282924529165, 0.00086626765551, -0.00280828913674, 0.000217859997065, -0.00188167777378, 0.00129459309392, -0.00120399647858, 0.0022478592582], [-0.00065620103851, 0.00646216934547, -0.00216345326044, 0.00498785963282, -0.00282924529165, 0.0119693903252, -0.00477454438806, 0.00282942084596, -0.000295712408843, 0.00325201638043, -0.00524859409779, 0.00498316762969, -0.00180918467231], [0.000877622573171, -0.00422147568315, 0.00143148389179, -0.00287563214079, 0.00086626765551, -0.00477454438806, 0.0117813078687, -0.00387634360231, -0.00115081458353, -0.00330619816668, 0.00344250747003, -0.00651283562183, 0.00116469280329], [-0.000831863493659, 0.00516667077318, -0.00110442866571, 0.0042860400863, -0.00280828913674, 0.00282942084596, -0.00387634360231, 0.0145318387076, -0.00800947193056, 0.00345968012698, -0.00314569682814, 0.00619321269915, -0.00639196438715], [0.000408665538998, -0.00350371864624, 0.00156872614753, -0.00485639413819, 0.000217859997065, -0.000295712408843, -0.00115081458353, -0.00800947193056, 0.0168551895767, -0.00744047993794, 0.00363127910532, 0.000137716167956, 0.000530245015398], [-0.000686017214321, 0.00597796868533, -0.000681564677507, 0.00412818137556, -0.00188167777378, 0.00325201638043, -0.00330619816668, 0.00345968012698, -0.00744047993794, 0.0249814707786, -0.0076140910387, -0.00206259987317, 0.00318330759183], [0.000767263467424, -0.0071585313417, -6.66482519591e-005, -0.00486785406247, 0.00129459309392, -0.00524859409779, 0.00344250747003, -0.00314569682814, 0.00363127910532, -0.0076140910387, 0.0221060328186, -0.00484963180497, -0.000150983396452], [-0.000549084797967, 0.00589481228963, -0.00217868434265, 0.00368486670777, -0.00120399647858, 0.00498316762969, -0.00651283562183, 0.00619321269915, 0.000137716167956, -0.00206259987317, -0.00484963180497, 0.0261043515056, -0.00882466230541], [0.00069058110239, -0.00335634406656, 0.00269202911295, -0.00389198795892, 0.0022478592582, -0.00180918467231, 0.00116469280329, -0.00639196438715, 0.000530245015398, 0.00318330759183, -0.000150983396452, -0.00882466230541, 0.0268730632961]]
    },
    "melbands": {
        "mean": [0.0027736464981, 0.00279538333416, 0.00107292225584, 0.00192583200987, 0.000802055874374, 0.000146694626892, 0.000502958486322, 0.000273635814665, 0.000286297465209, 0.000133700727019, 0.000224311443162, 7.13815752533e-005, 0.000141364726005, 8.31042780192e-005, 5.31620571564e-005, 2.64272384811e-005, 3.94617454731e-005, 1.26776940306e-005, 1.33775283757e-005, 1.21864950415e-005, 4.07878860642e-006, 4.35768515672e-006, 3.08965900331e-006, 1.99632040676e-006, 1.54643157657e-006, 1.10958433197e-006, 8.07213211829e-007, 8.39538074615e-007, 9.26052791783e-007, 9.82102278613e-007, 9.16409760521e-007, 8.73891792708e-007, 7.7821027844e-007, 8.63862055667e-007, 8.11159736713e-007, 5.40856490261e-007, 3.53537785713e-007, 3.61431943929e-007, 5.39206268968e-007, 4.1931966166e-007],
        "var": [2.40900735662e-005, 1.89107977349e-005, 7.22342883819e-006, 7.47625199438e-006, 1.53784947088e-006, 9.81301937486e-008, 3.36348307428e-006, 2.8674324426e-007, 4.84141480683e-007, 2.40133370966e-008, 9.54447116897e-008, 2.11989146237e-008, 8.19975767286e-008, 2.35448034402e-008, 6.26268503723e-009, 1.20541931992e-009, 4.28942037445e-009, 4.80595174768e-010, 5.65505253736e-010, 4.68023231281e-010, 4.22711102233e-011, 3.87888089703e-011, 2.39550566883e-011, 9.30908215097e-012, 4.5927541284e-012, 2.72680879612e-012, 2.71325019743e-012, 3.47517977936e-012, 5.08244705003e-012, 6.34725171728e-012, 6.44891388554e-012, 7.07742848702e-012, 6.53937060752e-012, 1.03755146835e-011, 1.09162305931e-011, 4.27018706853e-012, 1.8973266968e-012, 1.85760087867e-012, 4.57492420683e-012, 2.93511742688e-012]
    },
    "mfcc": {
        "mean": [-708.892822266, 189.717651367, 15.8204717636, 6.74631261826, 2.06372952461, 8.56546592712, 9.9625043869, 5.83061552048, 2.20929169655, -1.95852732658, 0.955885767937, -0.0826295688748, -1.92534971237],
        "cov": [[8366.44824219, -2278.58618164, -1158.86535645, 531.709533691, 369.885894775, 137.107315063, -319.967254639, 107.215774536, 508.898834229, 450.382751465, 152.302505493, -88.0790100098, -33.5383834839], [-2278.58618164, 1613.09594727, -218.275390625, -44.3333435059, 48.2558021545, -183.456756592, 124.118431091, -8.31717205048, -110.531036377, -46.8606719971, -3.0070950985, 37.1315879822, 14.6523866653], [-1158.86535645, -218.275390625, 926.532409668, -201.879745483, -206.995315552, 87.9320526123, 29.1829471588, -71.5269775391, -197.781158447, -189.301361084, -84.4283370972, 14.9826402664, 1.82040894032], [531.709533691, -44.3333435059, -201.879745483, 271.405853271, 77.4961776733, -27.7902469635, -43.534942627, 20.7006454468, 72.3282546997, 57.0322227478, 35.340713501, 0.403532832861, 8.05011749268], [369.885894775, 48.2558021545, -206.995315552, 77.4961776733, 203.261032104, -24.3360080719, -2.73153305054, 23.6220283508, 42.569190979, 82.1614837646, 13.6957817078, 4.48139381409, -0.67134642601], [137.107315063, -183.456756592, 87.9320526123, -27.7902469635, -24.3360080719, 141.313995361, 19.3528728485, -11.228635788, -21.293888092, -36.2169761658, -5.80262470245, 3.54758071899, 10.3331212997], [-319.967254639, 124.118431091, 29.1829471588, -43.534942627, -2.73153305054, 19.3528728485, 105.502548218, 17.0055961609, -26.8591709137, -12.6728000641, -11.9928884506, 14.9366140366, 7.61815452576], [107.215774536, -8.31717205048, -71.5269775391, 20.7006454468, 23.6220283508, -11.228635788, 17.0055961609, 87.7789459229, 62.9184150696, 51.9860992432, 18.6924934387, -1.43726766109, 0.71446543932], [508.898834229, -110.531036377, -197.781158447, 72.3282546997, 42.569190979, -21.293888092, -26.8591709137, 62.9184150696, 166.26763916, 99.9531097412, 56.7556610107, -4.04165363312, -5.38728141785], [450.382751465, -46.8606719971, -189.301361084, 57.0322227478, 82.1614837646, -36.2169761658, -12.6728000641, 51.9860992432, 99.9531097412, 144.673248291, 46.0668182373, 1.98972344398, -6.37353277206], [152.302505493, -3.0070950985, -84.4283370972, 35.340713501, 13.6957817078, -5.80262470245, -11.9928884506, 18.6924934387, 56.7556610107, 46.0668182373, 70.8906478882, 16.1894855499, 6.27441453934], [-88.0790100098, 37.1315879822, 14.9826402664, 0.403532832861, 4.48139381409, 3.54758071899, 14.9366140366, -1.43726766109, -4.04165363312, 1.98972344398, 16.1894855499, 62.2431945801, 29.2701320648], [-33.5383834839, 14.6523866653, 1.82040894032, 8.05011749268, -0.67134642601, 10.3331212997, 7.61815452576, 0.71446543932, -5.38728141785, -6.37353277206, 6.27441453934, 29.2701320648, 58.007144928]],
        "icov": [[0.000392846151954, 0.000594001496211, 0.000524116097949, -0.000176790752448, -0.00018084711337, -8.76153935678e-005, 0.00024561304599, 0.000145151017932, 7.22693366697e-005, -0.000289013260044, 4.55031076854e-005, 3.24503416778e-005, 1.83087795449e-005], [0.000594001496211, 0.00197710841894, 0.001249745721, -7.66154771554e-005, -0.00045167125063, 0.00151104049291, -0.000916397199035, 6.72773676342e-005, 0.0011464592535, 0.000449891784228, -0.000790629070252, -0.000209221878322, 7.56442659622e-006], [0.000524116097949, 0.001249745721, 0.00287893135101, 0.000426453421824, 0.000919232552405, -7.05055426806e-005, 0.000337654957548, -0.000453710817965, 0.00194558058865, 0.000596305006184, 0.000396524614189, -0.00112912757322, 0.000595334393438], [-0.000176790752448, -7.66154771554e-005, 0.000426453421824, 0.00514863338321, -0.00121358630713, 0.000549881893676, 0.00133970496245, -0.00028264944558, -0.000777304114308, 0.00090838840697, -0.000988642685115, 2.21741920541e-005, -0.000971859088168], [-0.00018084711337, -0.00045167125063, 0.000919232552405, -0.00121358630713, 0.00799927674234, -0.000614924530964, -0.000168547354406, -2.42324640567e-005, 0.00156188418623, -0.00437920633703, 0.00229582656175, -0.00125536241103, 0.000422664103098], [-8.76153935678e-005, 0.00151104049291, -7.05055426806e-005, 0.000549881893676, -0.000614924530964, 0.0106217227876, -0.00355664244853, 0.000489610771183, 0.000492378370836, 0.00331844342873, -0.00239194044843, 0.000576288090087, -0.00156631460413], [0.00024561304599, -0.000916397199035, 0.000337654957548, 0.00133970496245, -0.000168547354406, -0.00355664244853, 0.0142864724621, -0.00500002317131, 0.00191437511239, -0.000918856065255, 0.00240097451024, -0.00319436076097, 0.000422893412178], [0.000145151017932, 6.72773676342e-005, -0.000453710817965, -0.00028264944558, -2.42324640567e-005, 0.000489610771183, -0.00500002317131, 0.0188812818378, -0.0068331155926, -0.00372852943838, 0.00107945629861, 0.00211326475255, -0.00177038903348], [7.22693366697e-005, 0.0011464592535, 0.00194558058865, -0.000777304114308, 0.00156188418623, 0.000492378370836, 0.00191437511239, -0.0068331155926, 0.016726218164, -0.0047308858484, -0.00606768671423, 0.000556052546017, 0.00097146112239], [-0.000289013260044, 0.000449891784228, 0.000596305006184, 0.00090838840697, -0.00437920633703, 0.00331844342873, -0.000918856065255, -0.00372852943838, -0.0047308858484, 0.0178753510118, -0.00491706561297, -0.000930143112782, 0.00162515346892], [4.55031076854e-005, -0.000790629070252, 0.000396524614189, -0.000988642685115, 0.00229582656175, -0.00239194044843, 0.00240097451024, 0.00107945629861, -0.00606768671423, -0.00491706561297, 0.0239874701947, -0.00667781662196, 0.000145993530168], [3.24503416778e-005, -0.000209221878322, -0.00112912757322, 2.21741920541e-005, -0.00125536241103, 0.000576288090087, -0.00319436076097, 0.00211326475255, 0.000556052546017, -0.000930143112782, -0.00667781662196, 0.0245037619025, -0.0113124530762], [1.83087795449e-005, 7.56442659622e-006, 0.000595334393438, -0.000971859088168, 0.000422664103098, -0.00156631460413, 0.000422893412178, -0.00177038903348, 0.00097146112239, 0.00162515346892, 0.000145993530168, -0.0113124530762, 0.0235754996538]]
    },
    "spectral_contrast_coeffs": {
        "mean": [-0.636251091957, -0.735858798027, -0.746741592884, -0.775816738605, -0.820348262787, -0.798577427864],
        "var": [0.00829405523837, 0.0049264873378, 0.0041593615897, 0.0036954022944, 0.0012589317048, 0.001461201231]
    },
    "spectral_contrast_valleys": {
        "mean": [-6.78511047363, -6.68145942688, -7.18794059753, -8.2577495575, -8.73359680176, -11.3413791656],
        "var": [0.758267223835, 0.657984375954, 0.541798770428, 1.18794751167, 1.40646803379, 1.91245436668]
    }
},
"metadata": {
    "audio_properties": {
        "analysis_sample_rate": 44100,
        "bit_rate": 128074,
        "equal_loudness": 0,
        "length": 45.0612258911,
        "lossless": 0,
        "replay_gain": -5.36322975159,
        "sample_rate": 44100,
        "codec": "mp3",
        "downmix": "mix",
        "md5_encoded": "202813db66204075b4774541b8ae90a0"
    },
    "tags": {
        "file_name": "1833.mp3"
    },
    "version": {
        "essentia": "2.1-beta2",
        "essentia_git_sha": "v2.1_beta2",
        "extractor": "music 1.0"
    }
},
"rhythm": {
    "beats_count": 80,
    "beats_loudness": {
        "mean": 0.0514919646084,
        "var": 0.00180512608495
    },
    "bpm": 107.829795837,
    "bpm_histogram_first_peak_bpm": {
        "mean": 108,
        "var": 0
    },
    "bpm_histogram_first_peak_spread": {
        "mean": 0.423076927662,
        "var": 0
    },
    "bpm_histogram_first_peak_weight": {
        "mean": 0.569620251656,
        "var": 0
    },
    "bpm_histogram_second_peak_bpm": {
        "mean": 103,
        "var": 0
    },
    "bpm_histogram_second_peak_spread": {
        "mean": 0,
        "var": 0
    },
    "bpm_histogram_second_peak_weight": {
        "mean": 0.0126582281664,
        "var": 0
    },
    "danceability": 0.95854985714,
    "onset_rate": 2.61747932434,
    "beats_loudness_band_ratio": {
        "mean": [0.568423867226, 0.265636384487, 0.13613948226, 0.0722538009286, 0.0120355114341, 0.00837188307196],
        "var": [0.0511848442256, 0.0444063022733, 0.0117085557431, 0.00573699036613, 0.000176836940227, 0.000391257926822]
    },
    "beats_position": [0.568888902664, 1.13777780533, 1.70666658878, 2.27555561066, 2.8444442749, 3.40172338486, 3.95900225639, 4.51628112793, 5.08516979218, 5.630838871, 6.17650794983, 6.72217655182, 7.26784563065, 7.8251247406, 8.38240337372, 8.93968200684, 9.49696159363, 10.0542402267, 10.6115188599, 11.1804075241, 11.749297142, 12.3065757751, 12.8638544083, 13.4211339951, 13.9784126282, 14.5240812302, 15.0929698944, 15.6502494812, 16.2191371918, 16.7764167786, 17.3453063965, 17.9025840759, 18.4598636627, 19.0171432495, 19.574420929, 20.1317005157, 20.6773700714, 21.2230377197, 21.7803173065, 22.3375968933, 22.8948745728, 23.4637641907, 24.0326519012, 24.589931488, 25.1472110748, 25.7044887543, 26.2849884033, 26.830657959, 27.3763256073, 27.921995163, 28.4676647186, 29.0249423981, 29.5822219849, 30.1394996643, 30.6967792511, 31.2540588379, 31.8229465485, 32.3802261353, 32.9258956909, 33.4831733704, 34.0404510498, 34.5977325439, 35.1550102234, 35.7122879028, 36.269569397, 36.8268470764, 37.3841247559, 37.9297943115, 38.4754638672, 39.0211334229, 39.5668029785, 40.1124725342, 40.6581382751, 41.2038078308, 41.761089325, 42.3183670044, 42.8640365601, 43.4213142395, 43.9785919189, 44.5358734131]
},
"tonal": {
    "chords_changes_rate": 0.0380658432841,
    "chords_number_rate": 0.0113168722019,
    "chords_strength": {
        "mean": 0.50533759594,
        "var": 0.0112517280504
    },
    "hpcp_entropy": {
        "mean": 1.9055454731,
        "var": 0.469579070807
    },
    "key_strength": 0.738496780396,
    "tuning_diatonic_strength": 0.56520408392,
    "tuning_equal_tempered_deviation": 0.220057800412,
    "tuning_frequency": 434.193115234,
    "tuning_nontempered_energy_ratio": 0.968996524811,
    "hpcp": {
        "mean": [0.181904539466, 0.197767242789, 0.122939199209, 0.0738715082407, 0.0589719228446, 0.0818088650703, 0.205597683787, 0.258564800024, 0.176152452826, 0.242882341146, 0.229646161199, 0.0689260289073, 0.0259341169149, 0.0318630188704, 0.0420017428696, 0.185178518295, 0.260099470615, 0.116891846061, 0.0283420886844, 0.0186864286661, 0.0193349719048, 0.064566090703, 0.0836071223021, 0.116911374032, 0.167285889387, 0.0904575437307, 0.0233492422849, 0.074425034225, 0.0976260229945, 0.0826212689281, 0.225002154708, 0.272562205791, 0.114592589438, 0.0414429120719, 0.0371799133718, 0.0801409035921],
        "var": [0.102338060737, 0.102929398417, 0.0534782484174, 0.0233743321151, 0.0261508524418, 0.0351694077253, 0.0816476717591, 0.115968152881, 0.0523944795132, 0.127259045839, 0.133820861578, 0.0181319732219, 0.00757696060464, 0.011084725149, 0.0102731483057, 0.0628327801824, 0.11897829175, 0.0282290186733, 0.00626739347354, 0.001655754284, 0.00134727393743, 0.0151476329193, 0.0322929173708, 0.0354105420411, 0.0880489423871, 0.0280765630305, 0.00770542211831, 0.0196395181119, 0.0289469100535, 0.0162753369659, 0.0780177563429, 0.1086717695, 0.0296063087881, 0.0171717125922, 0.00979825574905, 0.0282454695553]
    },
    "chords_histogram": [19.1358032227, 13.1687240601, 43.2098770142, 2.16049385071, 5.96707820892, 0, 0, 0, 0, 0, 1.33744859695, 0, 0, 0, 0, 0, 0, 6.06995868683, 4.11522626877, 1.13168728352, 0, 2.26337456703, 0, 1.44032919407],
    "thpcp": [1, 0.420427292585, 0.152049377561, 0.136408910155, 0.294027924538, 0.667387247086, 0.725585699081, 0.451050072908, 0.271026223898, 0.216361328959, 0.300147503614, 0.754314720631, 0.948645114899, 0.646283507347, 0.891107916832, 0.842545866966, 0.25288182497, 0.0951493531466, 0.116901822388, 0.154099658132, 0.679399132729, 0.954275608063, 0.428862988949, 0.103983931243, 0.0685584023595, 0.0709378346801, 0.236885711551, 0.306745111942, 0.428934663534, 0.613753080368, 0.3318785429, 0.0856657400727, 0.273057073355, 0.358178883791, 0.303128123283, 0.825507521629],
    "chords_key": "G",
    "chords_scale": "major",
    "key_key": "C",
    "key_scale": "major"
}
}