{
"lowlevel": {
    "average_loudness": 0.975795567036,
    "barkbands_crest": {
        "mean": 14.7099189758,
        "var": 31.9720535278
    },
    "barkbands_flatness_db": {
        "mean": 0.20426017046,
        "var": 0.00774033227935
    },
    "barkbands_kurtosis": {
        "mean": 58.65209198,
        "var": 174396.453125
    },
    "barkbands_skewness": {
        "mean": 3.46089601517,
        "var": 23.2336273193
    },
    "barkbands_spread": {
        "mean": 13.904127121,
        "var": 142.214080811
    },
    "dissonance": {
        "mean": 0.456341981888,
        "var": 0.00117476913147
    },
    "dynamic_complexity": 2.23017573357,
    "erbbands_crest": {
        "mean": 9.62864875793,
        "var": 22.1801872253
    },
    "erbbands_flatness_db": {
        "mean": 0.152906998992,
        "var": 0.00265495316125
    },
    "erbbands_kurtosis": {
        "mean": 1.83544123173,
        "var": 78.2778244019
    },
    "erbbands_skewness": {
        "mean": 0.460866421461,
        "var": 1.28005039692
    },
    "erbbands_spread": {
        "mean": 41.1923713684,
        "var": 754.66619873
    },
    "hfc": {
        "mean": 19.9321689606,
        "var": 277.476745605
    },
    "melbands_crest": {
        "mean": 19.261384964,
        "var": 38.6186943054
    },
    "melbands_flatness_db": {
        "mean": 0.305413454771,
        "var": 0.0106603018939
    },
    "melbands_kurtosis": {
        "mean": 55.2215995789,
        "var": 14314.0791016
    },
    "melbands_skewness": {
        "mean": 4.62369298935,
        "var": 14.0958375931
    },
    "melbands_spread": {
        "mean": 12.021818161,
        "var": 170.956161499
    },
    "pitch_salience": {
        "mean": 0.439133673906,
        "var": 0.0248794071376
    },
    "silence_rate_20dB": {
        "mean": 1,
        "var": 0
    },
    "silence_rate_30dB": {
        "mean": 0.918125629425,
        "var": 0.0751713365316
    },
    "silence_rate_60dB": {
        "mean": 0.00978372804821,
        "var": 0.00968787167221
    },
    "spectral_centroid": {
        "mean": 1032.27172852,
        "var": 446097.46875
    },
    "spectral_complexity": {
        "mean": 15.8573637009,
        "var": 91.5930404663
    },
    "spectral_decrease": {
        "mean": -1.57052468808e-008,
        "var": 7.624892653e-017
    },
    "spectral_energy": {
        "mean": 0.061083137989,
        "var": 0.00112994713709
    },
    "spectral_energyband_high": {
        "mean": 0.000605443899985,
        "var": 7.93435674495e-007
    },
    "spectral_energyband_low": {
        "mean": 0.0430602729321,
        "var": 0.000832047371659
    },
    "spectral_energyband_middle_high": {
        "mean": 0.00558084482327,
        "var": 5.77019090997e-005
    },
    "spectral_energyband_middle_low": {
        "mean": 0.0138400625437,
        "var": 0.000185282726306
    },
    "spectral_entropy": {
        "mean": 7.32227373123,
        "var": 0.387489199638
    },
    "spectral_flux": {
        "mean": 0.126336947083,
        "var": 0.00365091091953
    },
    "spectral_kurtosis": {
        "mean": 6.94479084015,
        "var": 69.0487976074
    },
    "spectral_rms": {
        "mean": 0.00736964074895,
        "var": 5.28175996806e-006
    },
    "spectral_rolloff": {
        "mean": 613.941101074,
        "var": 989788.25
    },
    "spectral_skewness": {
        "mean": 1.88228583336,
        "var": 0.793226838112
    },
    "spectral_spread": {
        "mean": 4636417,
        "var": 5.64999906918e+012
    },
    "spectral_strongpeak": {
        "mean": 0.562547326088,
        "var": 0.531918406487
    },
    "zerocrossingrate": {
        "mean": 0.0323120504618,
        "var": 0.000797306653112
    },
    "barkbands": {
        "mean": [0.00197312305681, 0.0320422835648, 0.00715016992763, 0.00419839471579, 0.00356799084693, 0.00166760769207, 0.00104901730083, 0.00101718236692, 0.00207583932206, 0.00102822377812, 0.00120447971858, 0.000785214477219, 0.000852158351336, 0.000471348146675, 0.000436672416981, 0.000212156344787, 0.00019115487521, 0.000211549238884, 0.000224825533223, 0.000260231492575, 0.000133822919452, 7.92371138232e-005, 7.03412297298e-005, 8.66102418513e-005, 5.98926417297e-005, 3.18817110383e-005, 1.74795241037e-006],
        "var": [1.09825896288e-005, 0.000611343304627, 7.1247908636e-005, 4.07878724218e-005, 2.23935367103e-005, 6.89968101142e-006, 3.02556713905e-006, 4.93237484989e-006, 2.07689517993e-005, 3.77254741579e-006, 7.16661224942e-006, 3.29997396875e-006, 6.64671779305e-006, 2.68956318905e-006, 2.55185636888e-006, 2.73726357136e-007, 1.52727437808e-007, 1.37709960768e-007, 1.21710286294e-007, 1.81154433676e-007, 4.57714932622e-008, 2.25215952554e-008, 2.55663241688e-008, 5.00507404411e-008, 1.76719048284e-008, 7.73227615269e-009, 1.69829462993e-011]
    },
    "erbbands": {
        "mean": [1.04808568954, 6.5929274559, 9.40839290619, 11.7903833389, 13.9893493652, 10.1072216034, 11.1557683945, 15.2539024353, 12.8416233063, 18.2976913452, 26.2107791901, 44.5887718201, 40.6974067688, 40.8806037903, 50.4491691589, 28.6804656982, 35.7145576477, 34.9159622192, 21.3880596161, 16.3992424011, 11.9250669479, 10.7830677032, 10.7632732391, 13.1544475555, 10.3897514343, 12.847026825, 7.62810897827, 4.04566383362, 2.90335774422, 2.41811203957, 1.93007946014, 1.96073400974, 1.28104114532, 0.678711414337, 0.43628719449, 0.187083855271, 0.0481273904443, 0.00772170629352, 0.000211849983316, 7.47045996832e-005],
        "var": [0.845773875713, 28.6942653656, 83.3717880249, 241.567077637, 499.717590332, 164.970657349, 209.548873901, 745.764099121, 356.154388428, 1154.82739258, 3248.72192383, 10201.8564453, 6790.30712891, 4950.42089844, 10285.1513672, 3512.06542969, 10066.2519531, 12308.8330078, 6844.69921875, 1604.31188965, 737.929016113, 375.400817871, 365.664581299, 404.965057373, 259.100952148, 449.892303467, 153.987686157, 48.2964477539, 32.3593177795, 30.3470687866, 19.4893016815, 30.3055305481, 9.1475687027, 1.72840118408, 1.30854332447, 0.282756716013, 0.0178219266236, 0.000307302194415, 1.80801137617e-007, 1.60955915263e-009]
    },
    "gfcc": {
        "mean": [-5.26886177063, 112.329055786, -86.9841156006, 37.6116943359, -39.5808753967, 24.0744628906, -19.3790531158, 20.5424957275, -23.3856430054, 5.45962905884, -9.9797000885, -0.695425570011, -5.78109741211],
        "cov": [[7131.47265625, -854.905700684, -1291.80773926, -66.0497665405, -713.034423828, -15.5097255707, -308.563201904, 46.6400260925, -471.729644775, 83.7994918823, -363.961608887, 68.3176956177, -260.068481445], [-854.905700684, 1859.98583984, -88.4189834595, -411.331054688, 210.464065552, -329.638885498, 192.219711304, -271.650665283, -5.75590181351, -196.449996948, 125.459564209, -244.46812439, 53.1697998047], [-1291.80773926, -88.4189834595, 1144.14855957, 204.473342896, 22.3250389099, 111.710281372, -125.820541382, -22.7954826355, 121.567260742, -74.3776626587, -26.215763092, 74.8312988281, -26.8017616272], [-66.0497665405, -411.331054688, 204.473342896, 443.084655762, 20.2561321259, -18.9076499939, -46.1978645325, 17.6190376282, 66.0102005005, 11.8974094391, -41.7170677185, 77.6519699097, 15.7026576996], [-713.034423828, 210.464065552, 22.3250389099, 20.2561321259, 259.696380615, 24.9852619171, 97.8801345825, -7.33926391602, 39.4498214722, -5.66785573959, 72.9717788696, -52.3805198669, 39.5955200195], [-15.5097255707, -329.638885498, 111.710281372, -18.9076499939, 24.9852619171, 269.699584961, 45.0721626282, 29.7308235168, -10.2663421631, 30.1730117798, -2.46081018448, 30.3537445068, -28.3773841858], [-308.563201904, 192.219711304, -125.820541382, -46.1978645325, 97.8801345825, 45.0721626282, 204.584228516, 5.68995714188, 18.7852249146, 1.64824032784, 61.1878318787, -39.1716499329, 26.5260868073], [46.6400260925, -271.650665283, -22.7954826355, 17.6190376282, -7.33926391602, 29.7308235168, 5.68995714188, 176.162017822, 57.1225852966, 44.5267486572, 9.75491523743, 27.6309013367, 12.8986215591], [-471.729644775, -5.75590181351, 121.567260742, 66.0102005005, 39.4498214722, -10.2663421631, 18.7852249146, 57.1225852966, 172.93107605, 26.118844986, 10.1682720184, 21.9651451111, 35.8191337585], [83.7994918823, -196.449996948, -74.3776626587, 11.8974094391, -5.66785573959, 30.1730117798, 1.64824032784, 44.5267486572, 26.118844986, 96.3830032349, 27.1463489532, 13.4582042694, -2.47992134094], [-363.961608887, 125.459564209, -26.215763092, -41.7170677185, 72.9717788696, -2.46081018448, 61.1878318787, 9.75491523743, 10.1682720184, 27.1463489532, 117.159797668, -7.86885786057, 23.3893489838], [68.3176956177, -244.46812439, 74.8312988281, 77.6519699097, -52.3805198669, 30.3537445068, -39.1716499329, 27.6309013367, 21.9651451111, 13.4582042694, -7.86885786057, 112.774848938, 19.834148407], [-260.068481445, 53.1697998047, -26.8017616272, 15.7026576996, 39.5955200195, -28.3773841858, 26.5260868073, 12.8986215591, 35.8191337585, -2.47992134094, 23.3893489838, 19.834148407, 80.1572113037]],
        "icov": [[0.000473720108857, -0.000701244163793, 0.000681535806507, -0.000790479301941, 0.000875615573023, -0.000938211916946, 0.00075343484059, -0.00099856138695, 0.00106402905658, -0.000900374026969, 0.00110897922423, -0.000727455539163, 0.000884615350515], [-0.000701244163793, 0.00554688647389, -0.00166701385751, 0.00488982908428, -0.00260142539628, 0.0064140399918, -0.00398881314322, 0.00627736048773, -0.00410088151693, 0.00664204591885, -0.00403784634545, 0.00431031454355, -0.0014545271406], [0.000681535806507, -0.00166701385751, 0.0026877312921, -0.00227378821, 0.00143324129749, -0.00332310562953, 0.00301370932721, -0.00172195199411, 0.00016881855845, 0.000279961066553, 0.000674742099363, -0.00162056984846, 0.0021937803831], [-0.000790479301941, 0.00488982908428, -0.00227378821, 0.0077394223772, -0.00402157800272, 0.00696825608611, -0.00408799340948, 0.00565155828372, -0.00389825319871, 0.00428262958303, -0.00148450105917, 0.00105582282413, -0.0011413784232], [0.000875615573023, -0.00260142539628, 0.00143324129749, -0.00402157800272, 0.00927694607526, -0.00503497337922, 0.00144466629717, -0.00278044701554, 0.00146853853948, -0.0015036520781, -0.00131662527565, 0.00256345630623, -0.00151504541282], [-0.000938211916946, 0.0064140399918, -0.00332310562953, 0.00696825608611, -0.00503497337922, 0.0137415826321, -0.00775157287717, 0.00643945997581, -0.00282622128725, 0.00414344202727, -0.00187156884931, 0.00137371080928, 0.000703494006302], [0.00075343484059, -0.00398881314322, 0.00301370932721, -0.00408799340948, 0.00144466629717, -0.00775157287717, 0.0119335372001, -0.0044025965035, 0.00107175088488, -0.00161154440138, -0.000845934613608, -0.000384870829294, 1.36430671773e-005], [-0.00099856138695, 0.00627736048773, -0.00172195199411, 0.00565155828372, -0.00278044701554, 0.00643945997581, -0.0044025965035, 0.01454357896, -0.00735080800951, 0.00561151374131, -0.00514708692208, 0.0041696424596, -0.00238824402913], [0.00106402905658, -0.00410088151693, 0.00016881855845, -0.00389825319871, 0.00146853853948, -0.00282622128725, 0.00107175088488, -0.00735080800951, 0.0134925032035, -0.00918333325535, 0.0062951198779, -0.0042628464289, -0.00100070680492], [-0.000900374026969, 0.00664204591885, 0.000279961066553, 0.00428262958303, -0.0015036520781, 0.00414344202727, -0.00161154440138, 0.00561151374131, -0.00918333325535, 0.0254252012819, -0.0117486771196, 0.005884825252, 0.00062988314312], [0.00110897922423, -0.00403784634545, 0.000674742099363, -0.00148450105917, -0.00131662527565, -0.00187156884931, -0.000845934613608, -0.00514708692208, 0.0062951198779, -0.0117486771196, 0.0191582869738, -0.00661156000569, 0.000758035574108], [-0.000727455539163, 0.00431031454355, -0.00162056984846, 0.00105582282413, 0.00256345630623, 0.00137371080928, -0.000384870829294, 0.0041696424596, -0.0042628464289, 0.005884825252, -0.00661156000569, 0.0197685938329, -0.00816695764661], [0.000884615350515, -0.0014545271406, 0.0021937803831, -0.0011413784232, -0.00151504541282, 0.000703494006302, 1.36430671773e-005, -0.00238824402913, -0.00100070680492, 0.00062988314312, 0.000758035574108, -0.00816695764661, 0.0209110826254]]
    },
    "melbands": {
        "mean": [0.00922779273242, 0.00638331193477, 0.00217310502194, 0.000860156840645, 0.00039856141666, 0.00032690007356, 0.000206314041861, 0.000199255126063, 0.000206705910387, 0.000306641712086, 0.000200312264496, 0.000160356750712, 0.000180744827958, 0.000101283192635, 5.71691634832e-005, 9.44054845604e-005, 5.77874961891e-005, 3.02777043544e-005, 3.21246043313e-005, 1.54078970809e-005, 1.35392410812e-005, 1.13278820209e-005, 9.17364013731e-006, 1.06496236185e-005, 1.08486283352e-005, 7.7359190982e-006, 7.76923843659e-006, 8.75932983035e-006, 5.39820985068e-006, 2.88378009827e-006, 2.15688714889e-006, 1.70667044586e-006, 1.4030327975e-006, 1.28566705371e-006, 1.02961348603e-006, 1.20869810871e-006, 1.19789558539e-006, 9.53332403242e-007, 6.44382851078e-007, 5.54331450076e-007],
        "var": [5.44643189642e-005, 2.3881706511e-005, 8.05700710771e-006, 1.4280516325e-006, 2.49199104019e-007, 3.18074881989e-007, 9.31415797822e-008, 1.26302595049e-007, 2.01526930255e-007, 5.25214716163e-007, 1.72993964043e-007, 8.36982820829e-008, 1.44985364159e-007, 4.93354761488e-008, 2.73165277065e-008, 8.40729867946e-008, 4.28580477774e-008, 1.76967258625e-008, 1.21937295816e-008, 1.45085155001e-009, 1.21544918574e-009, 4.9137366398e-010, 2.96491470264e-010, 3.76496528398e-010, 3.05394459721e-010, 1.62909852275e-010, 1.83223033967e-010, 2.22449711429e-010, 8.83338333035e-011, 2.25785223851e-011, 1.77057934286e-011, 1.18150957767e-011, 7.89783429628e-012, 1.04484971022e-011, 5.12057930779e-012, 1.11719244966e-011, 1.22113118228e-011, 5.33738938463e-012, 1.88550520683e-012, 1.10873799291e-012]
    },
    "mfcc": {
        "mean": [-659.79309082, 144.168685913, 17.5155296326, 30.4101600647, 11.9296388626, 9.79080867767, 20.5018959045, 11.9147224426, 7.30952453613, 10.2603626251, 0.571203112602, 4.19310045242, 1.72344589233],
        "cov": [[7531.77880859, -1015.62249756, -1039.14050293, -245.517333984, -646.600952148, -246.568771362, -133.087692261, -187.355224609, -189.158599854, -92.5112915039, -150.237625122, -224.156661987, -180.063690186], [-1015.62249756, 1913.64538574, -200.105926514, -102.14806366, -95.3196411133, -77.9479904175, 102.75541687, -112.576286316, -103.870735168, -39.6571998596, -16.9840927124, -36.9084892273, -30.7177371979], [-1039.14050293, -200.105926514, 963.080932617, 78.654510498, 192.959228516, 101.813392639, -159.052261353, 102.376182556, 35.2431488037, -93.1415023804, 21.382982254, 2.06815385818, 40.6629638672], [-245.517333984, -102.14806366, 78.654510498, 379.11819458, 74.1192169189, -5.1523566246, -73.3356933594, 10.8689470291, 35.3312911987, -35.4567756653, -23.3535575867, 32.2285766602, 21.3399295807], [-646.600952148, -95.3196411133, 192.959228516, 74.1192169189, 226.832763672, 31.6502094269, -11.2582550049, 31.6117229462, 30.9762134552, 15.6593980789, 5.03821182251, 40.7049713135, 14.7776165009], [-246.568771362, -77.9479904175, 101.813392639, -5.1523566246, 31.6502094269, 230.140792847, 41.6426963806, 36.3319664001, 5.49640369415, -11.0316677094, 39.6369476318, -53.9771652222, 17.4444198608], [-133.087692261, 102.75541687, -159.052261353, -73.3356933594, -11.2582550049, 41.6426963806, 226.181030273, 7.89319086075, -37.7722434998, 49.1040420532, 12.2454881668, 13.014339447, -1.21872591972], [-187.355224609, -112.576286316, 102.376182556, 10.8689470291, 31.6117229462, 36.3319664001, 7.89319086075, 112.251419067, 50.602432251, 0.112245224416, 16.2167663574, 4.67455816269, 21.3215007782], [-189.158599854, -103.870735168, 35.2431488037, 35.3312911987, 30.9762134552, 5.49640369415, -37.7722434998, 50.602432251, 114.947731018, 36.9691429138, 11.3173933029, 13.9276237488, 14.8988313675], [-92.5112915039, -39.6571998596, -93.1415023804, -35.4567756653, 15.6593980789, -11.0316677094, 49.1040420532, 0.112245224416, 36.9691429138, 112.133956909, 33.3690910339, 22.9971389771, 7.51882743835], [-150.237625122, -16.9840927124, 21.382982254, -23.3535575867, 5.03821182251, 39.6369476318, 12.2454881668, 16.2167663574, 11.3173933029, 33.3690910339, 85.0457305908, 21.1936607361, 8.05803489685], [-224.156661987, -36.9084892273, 2.06815385818, 32.2285766602, 40.7049713135, -53.9771652222, 13.014339447, 4.67455816269, 13.9276237488, 22.9971389771, 21.1936607361, 112.842262268, 23.1626319885], [-180.063690186, -30.7177371979, 40.6629638672, 21.3399295807, 14.7776165009, 17.4444198608, -1.21872591972, 21.3215007782, 14.8988313675, 7.51882743835, 8.05803489685, 23.1626319885, 86.4908905029]],
        "icov": [[0.000291162024951, 0.000241610090598, 0.000264168833382, 9.60903125815e-005, 0.00051929539768, 0.000192710955162, 0.000281698739855, -1.4742528947e-005, 0.000406853214372, 0.000133507695864, 0.000149579398567, 0.000344078871422, 0.000236306950683], [0.000241610090598, 0.000815292238258, 0.000230113815633, 0.000152972424985, 0.000405417347793, 0.000567396229599, -0.000258455896983, 0.000610163202509, 0.000239630564465, 0.000695947092026, -0.000277463230304, 0.000699759577401, 4.5538195991e-005], [0.000264168833382, 0.000230113815633, 0.00207193591632, 0.000327951885993, -0.000963178288657, -0.000293687888188, 0.00151210324839, -0.00128964881878, 0.000831335200928, 0.00136615452357, -0.000397614057874, 0.000280963460682, -0.000160463328939], [9.60903125815e-005, 0.000152972424985, 0.000327951885993, 0.00334853748791, -0.000811973877717, -0.00024851388298, 0.000856587081216, 0.000307497713948, -0.000830517383292, 0.0014175651595, 0.000841706816573, -0.000918578763958, -0.000413457950344], [0.00051929539768, 0.000405417347793, -0.000963178288657, -0.000811973877717, 0.00773332826793, -0.00117974902969, 0.000470807717647, -0.000455790199339, 0.000750346283894, -0.00248190877028, 0.0024455296807, -0.00230714050122, 0.00139043235686], [0.000192710955162, 0.000567396229599, -0.000293687888188, -0.00024851388298, -0.00117974902969, 0.00825206376612, -0.00303797936067, 0.000578321749344, -0.00133701041341, 0.00325752538629, -0.00546241598204, 0.00629735132679, -0.00207648053765], [0.000281698739855, -0.000258455896983, 0.00151210324839, 0.000856587081216, 0.000470807717647, -0.00303797936067, 0.00874506123364, -0.00406073685735, 0.00560973538086, -0.00474417861551, 0.00289989961311, -0.00276604644023, 0.0011456606444], [-1.4742528947e-005, 0.000610163202509, -0.00128964881878, 0.000307497713948, -0.000455790199339, 0.000578321749344, -0.00406073685735, 0.01537009608, -0.0082375202328, 0.00454766349867, -0.00292715104297, 0.00148433283903, -0.00226967106573], [0.000406853214372, 0.000239630564465, 0.000831335200928, -0.000830517383292, 0.000750346283894, -0.00133701041341, 0.00560973538086, -0.0082375202328, 0.0173203200102, -0.00817742757499, 0.00281584914774, -0.00127234263346, 0.000803088303655], [0.000133507695864, 0.000695947092026, 0.00136615452357, 0.0014175651595, -0.00248190877028, 0.00325752538629, -0.00474417861551, 0.00454766349867, -0.00817742757499, 0.0182547178119, -0.00751936994493, 0.00196477444842, -0.00189172034152], [0.000149579398567, -0.000277463230304, -0.000397614057874, 0.000841706816573, 0.0024455296807, -0.00546241598204, 0.00289989961311, -0.00292715104297, 0.00281584914774, -0.00751936994493, 0.0188559815288, -0.00645683333278, 0.00177950621583], [0.000344078871422, 0.000699759577401, 0.000280963460682, -0.000918578763958, -0.00230714050122, 0.00629735132679, -0.00276604644023, 0.00148433283903, -0.00127234263346, 0.00196477444842, -0.00645683333278, 0.0158883202821, -0.00382644217461], [0.000236306950683, 4.5538195991e-005, -0.000160463328939, -0.000413457950344, 0.00139043235686, -0.00207648053765, 0.0011456606444, -0.00226967106573, 0.000803088303655, -0.00189172034152, 0.00177950621583, -0.00382644217461, 0.0138894580305]]
    },
    "spectral_contrast_coeffs": {
        "mean": [-0.687470912933, -0.744868218899, -0.749239087105, -0.781027495861, -0.791698813438, -0.782758176327],
        "var": [0.00445880554616, 0.00504607101902, 0.00683573679999, 0.00432065501809, 0.00242656935006, 0.00170383241493]
    },
    "spectral_contrast_valleys": {
        "mean": [-6.39838504791, -6.81957149506, -7.30896568298, -8.00389194489, -7.87668991089, -10.4529047012],
        "var": [0.864813089371, 1.01822686195, 1.06302559376, 0.98722755909, 1.2529143095, 1.37509429455]
    }
},
"metadata": {
    "audio_properties": {
        "analysis_sample_rate": 44100,
        "bit_rate": 128074,
        "equal_loudness": 0,
        "length": 45.0612258911,
        "lossless": 0,
        "replay_gain": -6.46552848816,
        "sample_rate": 44100,
        "codec": "mp3",
        "downmix": "mix",
        "md5_encoded": "2ab443836c21efaaca5d19bf155f147b"
    },
    "tags": {
        "file_name": "1834.mp3"
    },
    "version": {
        "essentia": "2.1-beta2",
        "essentia_git_sha": "v2.1_beta2",
        "extractor": "music 1.0"
    }
},
"rhythm": {
    "beats_count": 120,
    "beats_loudness": {
        "mean": 0.0779785364866,
        "var": 0.000675933260936
    },
    "bpm": 162.562179565,
    "bpm_histogram_first_peak_bpm": {
        "mean": 161,
        "var": 0
    },
    "bpm_histogram_first_peak_spread": {
        "mean": 0.204081624746,
        "var": 0
    },
    "bpm_histogram_first_peak_weight": {
        "mean": 0.65546220541,
        "var": 0
    },
    "bpm_histogram_second_peak_bpm": {
        "mean": 167,
        "var": 0
    },
    "bpm_histogram_second_peak_spread": {
        "mean": 0,
        "var": 0
    },
    "bpm_histogram_second_peak_weight": {
        "mean": 0.168067231774,
        "var": 0
    },
    "danceability": 1.49945366383,
    "onset_rate": 4.74695396423,
    "beats_loudness_band_ratio": {
        "mean": [0.759517252445, 0.0772984400392, 0.058458276093, 0.0720811113715, 0.0273646302521, 0.0252052191645],
        "var": [0.0311697106808, 0.0058498182334, 0.00349980359897, 0.00815771799535, 0.00136899971403, 0.000455045053968]
    },
    "beats_position": [0.348299324512, 0.719818592072, 1.09133780003, 1.46285712719, 1.84598636627, 2.22911548615, 2.61224484444, 2.99537420273, 3.36689329147, 3.73841261864, 4.1099319458, 4.48145103455, 4.85297060013, 5.21287965775, 5.58439922333, 5.94430828094, 6.31582736969, 6.68734693527, 7.05886602402, 7.4303855896, 7.80190467834, 8.17342376709, 8.54494285583, 8.91646194458, 9.287981987, 9.65950107574, 10.0310201645, 10.4025392532, 10.774058342, 11.1455783844, 11.5170974731, 11.8886165619, 12.2601356506, 12.6432647705, 13.0263938904, 13.3979139328, 13.7694330215, 14.1409521103, 14.512471199, 14.8839902878, 15.2555103302, 15.6386394501, 16.0217685699, 16.3932876587, 16.7648067474, 17.1479358673, 17.5310649872, 17.9025840759, 18.2741031647, 18.6456241608, 19.0171432495, 19.3886623383, 19.760181427, 20.1317005157, 20.4916095734, 20.8631286621, 21.246257782, 21.6177768707, 21.9892959595, 22.3608150482, 22.7323360443, 23.1038551331, 23.4753742218, 23.8468933105, 24.2184123993, 24.6015415192, 24.984670639, 25.3561897278, 25.7277088165, 26.1108379364, 26.4939670563, 26.865486145, 27.2370071411, 27.6085262299, 27.9800453186, 28.3515644073, 28.7346935272, 29.106212616, 29.4777317047, 29.8376407623, 30.1975498199, 30.5574588776, 30.9405899048, 31.3237190247, 31.6952381134, 32.0667572021, 32.4266662598, 32.7865753174, 33.1580963135, 33.5180053711, 33.8779144287, 34.2494316101, 34.6209526062, 35.0156898499, 35.3755989075, 35.7355079651, 36.1070289612, 36.4669380188, 36.8384590149, 37.1983680725, 37.5698852539, 37.94140625, 38.3129234314, 38.6844444275, 39.0443534851, 39.427482605, 39.7989997864, 40.1705207825, 40.5420417786, 40.91355896, 41.2850799561, 41.6449890137, 42.0048980713, 42.3764152527, 42.7595443726, 43.1310653687, 43.50258255, 43.8624954224, 44.22240448, 44.5823135376]
},
"tonal": {
    "chords_changes_rate": 0.117283947766,
    "chords_number_rate": 0.0133744860068,
    "chords_strength": {
        "mean": 0.469692617655,
        "var": 0.011205887422
    },
    "hpcp_entropy": {
        "mean": 2.13514900208,
        "var": 0.575359404087
    },
    "key_strength": 0.544791519642,
    "tuning_diatonic_strength": 0.480710446835,
    "tuning_equal_tempered_deviation": 0.220730185509,
    "tuning_frequency": 434.193115234,
    "tuning_nontempered_energy_ratio": 0.909471929073,
    "hpcp": {
        "mean": [0.189529627562, 0.190605700016, 0.1237533167, 0.101504683495, 0.101500429213, 0.0997898131609, 0.127761855721, 0.13495194912, 0.097681581974, 0.0794745013118, 0.0817748010159, 0.077971868217, 0.0938106998801, 0.109206385911, 0.0917063951492, 0.115302093327, 0.140253663063, 0.101656705141, 0.0618149936199, 0.0494188144803, 0.0533000789583, 0.0767876952887, 0.092156201601, 0.154437601566, 0.226905107498, 0.167117029428, 0.10248541832, 0.131224274635, 0.136058092117, 0.0918566733599, 0.079312607646, 0.0853290110826, 0.0768617093563, 0.0747706890106, 0.0849361121655, 0.120196431875],
        "var": [0.0908743292093, 0.0917661711574, 0.0554191283882, 0.0494832210243, 0.0512107759714, 0.0455339029431, 0.0550569556653, 0.0586123242974, 0.0446987077594, 0.0404931381345, 0.0453880727291, 0.0389970466495, 0.0367840453982, 0.0449317023158, 0.0329472348094, 0.0542612336576, 0.0705000609159, 0.0489968508482, 0.0326897129416, 0.0255133770406, 0.024919886142, 0.0292579922825, 0.0384124815464, 0.0564756095409, 0.121599130332, 0.065818823874, 0.0461848452687, 0.0551271773875, 0.0642782896757, 0.0326150618494, 0.0368633568287, 0.0476057305932, 0.0416899360716, 0.0387853905559, 0.0390866957605, 0.057423658669]
    },
    "chords_histogram": [11.9341564178, 0, 3.29218101501, 0, 0, 0, 0, 0.823045253754, 6.48148155212, 0, 0, 0, 0, 1.02880656719, 1.64609050751, 24.2798347473, 3.60082316399, 1.02880656719, 1.95473253727, 0.720164597034, 6.17283964157, 13.9917697906, 14.8148145676, 8.23045253754],
    "thpcp": [1, 0.736506223679, 0.451666414738, 0.57832223177, 0.599625527859, 0.40482416749, 0.349540859461, 0.376055926085, 0.338739454746, 0.329524040222, 0.374324381351, 0.529721140862, 0.835281431675, 0.840023815632, 0.54539680481, 0.447344183922, 0.447325438261, 0.439786553383, 0.563062906265, 0.594750583172, 0.430495291948, 0.350254356861, 0.360392063856, 0.343632042408, 0.413435816765, 0.481286585331, 0.40416187048, 0.508151173592, 0.618115961552, 0.448014169931, 0.272426635027, 0.217795073986, 0.234900310636, 0.338413238525, 0.406144231558, 0.680626392365],
    "chords_key": "D",
    "chords_scale": "minor",
    "key_key": "A",
    "key_scale": "major"
}
}