{
"lowlevel": {
    "average_loudness": 0.752860963345,
    "barkbands_crest": {
        "mean": 12.1642923355,
        "var": 20.5254383087
    },
    "barkbands_flatness_db": {
        "mean": 0.237864091992,
        "var": 0.00883045140654
    },
    "barkbands_kurtosis": {
        "mean": 12.5756177902,
        "var": 943.436218262
    },
    "barkbands_skewness": {
        "mean": 2.34847545624,
        "var": 3.64720845222
    },
    "barkbands_spread": {
        "mean": 14.7543735504,
        "var": 130.04989624
    },
    "dissonance": {
        "mean": 0.448068350554,
        "var": 0.00179595663212
    },
    "dynamic_complexity": 5.18407249451,
    "erbbands_crest": {
        "mean": 9.27394294739,
        "var": 16.5763702393
    },
    "erbbands_flatness_db": {
        "mean": 0.219708099961,
        "var": 0.00363836926408
    },
    "erbbands_kurtosis": {
        "mean": 1.58773875237,
        "var": 119.352890015
    },
    "erbbands_skewness": {
        "mean": 0.432985633612,
        "var": 1.54666662216
    },
    "erbbands_spread": {
        "mean": 39.6410980225,
        "var": 437.521453857
    },
    "hfc": {
        "mean": 11.7279109955,
        "var": 203.784957886
    },
    "melbands_crest": {
        "mean": 16.8305625916,
        "var": 34.2721176147
    },
    "melbands_flatness_db": {
        "mean": 0.306571125984,
        "var": 0.0161925125867
    },
    "melbands_kurtosis": {
        "mean": 28.1874732971,
        "var": 2290.01074219
    },
    "melbands_skewness": {
        "mean": 3.58733439445,
        "var": 5.54587984085
    },
    "melbands_spread": {
        "mean": 16.3938522339,
        "var": 340.200256348
    },
    "pitch_salience": {
        "mean": 0.509836673737,
        "var": 0.0202649515122
    },
    "silence_rate_20dB": {
        "mean": 1,
        "var": 0
    },
    "silence_rate_30dB": {
        "mean": 0.966014444828,
        "var": 0.0328311361372
    },
    "silence_rate_60dB": {
        "mean": 0.191040158272,
        "var": 0.15454505384
    },
    "spectral_centroid": {
        "mean": 1090.18701172,
        "var": 592743.5
    },
    "spectral_complexity": {
        "mean": 12.9176111221,
        "var": 109.698883057
    },
    "spectral_decrease": {
        "mean": -8.05652788927e-009,
        "var": 8.07316035579e-017
    },
    "spectral_energy": {
        "mean": 0.0314708948135,
        "var": 0.00121337536257
    },
    "spectral_energyband_high": {
        "mean": 0.000374937459128,
        "var": 4.09535800827e-007
    },
    "spectral_energyband_low": {
        "mean": 0.0191334076226,
        "var": 0.000623921339866
    },
    "spectral_energyband_middle_high": {
        "mean": 0.00267130718566,
        "var": 2.60439028352e-005
    },
    "spectral_energyband_middle_low": {
        "mean": 0.0120754623786,
        "var": 0.000241448215093
    },
    "spectral_entropy": {
        "mean": 6.88822793961,
        "var": 0.519941627979
    },
    "spectral_flux": {
        "mean": 0.0607250854373,
        "var": 0.00314323836938
    },
    "spectral_kurtosis": {
        "mean": 13.2140846252,
        "var": 658.373840332
    },
    "spectral_rms": {
        "mean": 0.0046812822111,
        "var": 8.78892387846e-006
    },
    "spectral_rolloff": {
        "mean": 993.031799316,
        "var": 1484976.875
    },
    "spectral_skewness": {
        "mean": 1.91805028915,
        "var": 3.06374955177
    },
    "spectral_spread": {
        "mean": 3032902.75,
        "var": 2.5015812096e+012
    },
    "spectral_strongpeak": {
        "mean": 0.55508941412,
        "var": 0.265206247568
    },
    "zerocrossingrate": {
        "mean": 0.038294121623,
        "var": 0.00101562880445
    },
    "barkbands": {
        "mean": [0.000141389202327, 0.00979909300804, 0.00643345247954, 0.0049650426954, 0.00313305831514, 0.00219171727076, 0.000748701044358, 0.000508931232616, 0.000481410184875, 0.000180653471034, 0.000119718752103, 0.000200905415113, 0.00038752661203, 0.000388057349483, 0.000419556861743, 0.000239889588556, 0.000348411878804, 0.000180932052899, 0.000146127436892, 0.000165262143128, 0.000151367043145, 8.57315171743e-005, 4.01572688133e-005, 1.16978499136e-005, 1.76850937805e-006, 3.57985328492e-007, 8.70294947219e-009],
        "var": [1.7815310116e-007, 0.000164288518135, 0.000161512754858, 8.4635175881e-005, 3.20522340189e-005, 8.199693184e-006, 1.65669905527e-006, 9.38469156608e-007, 4.79679613363e-007, 1.679403141e-007, 1.83991218705e-007, 5.8024363625e-007, 1.65474193636e-006, 9.48032607084e-007, 7.48107083837e-007, 2.7099420663e-007, 4.12421002238e-007, 1.88062728057e-007, 5.43099609729e-008, 8.69026877126e-008, 8.92633096328e-008, 2.27534684427e-008, 1.52292347622e-008, 1.69789948767e-009, 1.32611638684e-011, 5.25095592008e-013, 8.74051763024e-016]
    },
    "erbbands": {
        "mean": [0.233883455396, 2.40527439117, 6.87828826904, 13.3581848145, 11.5982751846, 11.0546388626, 19.1059093475, 14.5505409241, 11.0067672729, 9.29553127289, 12.0712623596, 10.039393425, 9.19816589355, 5.64472675323, 5.98541498184, 9.25963878632, 16.5075340271, 21.0000362396, 25.0956001282, 13.1069612503, 15.7201633453, 18.7837104797, 11.8155469894, 7.75476837158, 8.16354751587, 8.1554517746, 8.10053348541, 3.43989014626, 3.65216612816, 1.41178762913, 0.993338704109, 0.470328986645, 0.137426495552, 0.0333079919219, 0.0064431251958, 0.00222805514932, 0.000571627169847, 5.60627704544e-005, 1.70932453329e-005, 3.56396340067e-005],
        "var": [0.129253655672, 9.9070558548, 140.088088989, 538.557922363, 407.130981445, 453.769897461, 674.309753418, 519.979919434, 361.62109375, 332.179321289, 574.416137695, 233.992950439, 256.753540039, 171.653518677, 415.61807251, 1410.16674805, 3307.11010742, 2767.45874023, 2196.46850586, 1069.20825195, 1122.45214844, 1338.89685059, 562.72833252, 231.167541504, 166.065368652, 214.480239868, 254.41003418, 40.2190055847, 39.3348503113, 11.0180463791, 11.6470365524, 3.55133962631, 0.0964835435152, 0.00434775231406, 0.000200021750061, 1.92618863366e-005, 1.36550056595e-006, 2.01581649151e-008, 3.55096313465e-010, 1.5204926207e-009]
    },
    "gfcc": {
        "mean": [-108.862121582, 145.94317627, -125.809967041, 48.7386474609, -42.8183326721, -11.2487421036, -30.5065555573, -8.00051689148, -9.83560276031, -8.64978504181, -15.3852939606, -12.0914793015, -9.80859470367],
        "cov": [[17058.1191406, 232.890106201, -1121.34912109, 1951.6751709, -462.466949463, 1052.28588867, 65.6831130981, 4.30556440353, 566.370361328, 355.103424072, 235.220245361, -264.634460449, 511.74899292], [232.890106201, 3029.09545898, 1251.36291504, -586.057128906, 1151.62927246, -446.548553467, 298.860656738, -54.6573638916, 177.553970337, -354.880615234, -18.2357692719, 68.1178894043, 355.012084961], [-1121.34912109, 1251.36291504, 1960.86706543, 121.998764038, 588.932617188, 175.197021484, 253.334091187, 47.4346466064, 159.291748047, -111.935714722, -64.8404769897, 64.7548675537, 205.516357422], [1951.6751709, -586.057128906, 121.998764038, 964.537658691, -99.3570861816, 280.598632813, -4.54832029343, 32.2577514648, 128.175125122, 136.287704468, 7.64236021042, -62.3072280884, 12.4040613174], [-462.466949463, 1151.62927246, 588.932617188, -99.3570861816, 826.003845215, -178.822418213, 73.083152771, 42.0571975708, 77.9137039185, -116.414627075, -32.3472671509, 14.0393743515, 129.914855957], [1052.28588867, -446.548553467, 175.197021484, 280.598632813, -178.822418213, 573.161682129, 140.602722168, 43.8904037476, 60.9602584839, 130.619781494, 33.8529396057, -9.21721839905, -24.045999527], [65.6831130981, 298.860656738, 253.334091187, -4.54832029343, 73.083152771, 140.602722168, 316.961181641, 38.0453224182, 25.3479499817, -22.0544929504, 9.59150123596, 41.5913619995, 33.6011810303], [4.30556440353, -54.6573638916, 47.4346466064, 32.2577514648, 42.0571975708, 43.8904037476, 38.0453224182, 175.290603638, 42.4412345886, 28.7685375214, 14.672410965, 1.43872916698, 3.57659268379], [566.370361328, 177.553970337, 159.291748047, 128.175125122, 77.9137039185, 60.9602584839, 25.3479499817, 42.4412345886, 170.71572876, 32.1690711975, 3.42874336243, -19.0509300232, 59.0604095459], [355.103424072, -354.880615234, -111.935714722, 136.287704468, -116.414627075, 130.619781494, -22.0544929504, 28.7685375214, 32.1690711975, 183.992019653, 26.6869831085, -25.1672058105, 4.12730264664], [235.220245361, -18.2357692719, -64.8404769897, 7.64236021042, -32.3472671509, 33.8529396057, 9.59150123596, 14.672410965, 3.42874336243, 26.6869831085, 105.341300964, 16.4030895233, -8.82704162598], [-264.634460449, 68.1178894043, 64.7548675537, -62.3072280884, 14.0393743515, -9.21721839905, 41.5913619995, 1.43872916698, -19.0509300232, -25.1672058105, 16.4030895233, 135.722000122, 51.5353851318], [511.74899292, 355.012084961, 205.516357422, 12.4040613174, 129.914855957, -24.045999527, 33.6011810303, 3.57659268379, 59.0604095459, 4.12730264664, -8.82704162598, 51.5353851318, 219.263671875]],
        "icov": [[0.000262876361376, -0.000706108636223, 0.000544688839, -0.000731768377591, 0.000518801272847, -0.000804946175776, 0.000447680271463, -0.000292845623335, 0.000155959496624, 1.92044444702e-005, 7.76198521635e-006, 0.000242298148805, -0.000497915665619], [-0.000706108636223, 0.00398992747068, -0.00199524941854, 0.00292135425843, -0.00299381744117, 0.00307374820113, -0.00261713145301, 0.00216667097993, -0.0021476210095, 0.0016327596968, -0.00158794247545, 0.00050530815497, -0.000265515525825], [0.000544688839, -0.00199524941854, 0.00212010042742, -0.00183303433005, 0.000963139347732, -0.00235162652098, 0.00103001052048, -0.000913817726541, 0.000442268297775, 0.000117068389955, 0.000834540172946, 1.6265528302e-006, -0.000983839039691], [-0.000731768377591, 0.00292135425843, -0.00183303433005, 0.00386621290818, -0.00208468316123, 0.00214213691652, -0.00163206399884, 0.00150792149361, -0.00197623064741, 0.000249667675234, -0.000638304685708, 0.000210279104067, 0.000625411630608], [0.000518801272847, -0.00299381744117, 0.000963139347732, -0.00208468316123, 0.00424715364352, -0.00154564913828, 0.00172458635643, -0.00208726641722, 0.00116788828745, -0.00067136308644, 0.00109220470767, 8.43525995151e-005, -0.000342355662724], [-0.000804946175776, 0.00307374820113, -0.00235162652098, 0.00214213691652, -0.00154564913828, 0.00606014905497, -0.00336323026568, 0.00142885441892, -0.00159217813052, -0.00108025316149, -0.00108874216676, -0.000293738266919, 0.00153186870739], [0.000447680271463, -0.00261713145301, 0.00103001052048, -0.00163206399884, 0.00172458635643, -0.00336323026568, 0.00604405300692, -0.002074545715, 0.00140756834298, -7.42981937947e-005, 0.000805299554486, -0.00119403784629, -2.82621494989e-005], [-0.000292845623335, 0.00216667097993, -0.000913817726541, 0.00150792149361, -0.00208726641722, 0.00142885441892, -0.002074545715, 0.0077468007803, -0.00276778265834, -1.50721352838e-005, -0.00153041421436, 5.28183118149e-005, 0.000203371484531], [0.000155959496624, -0.0021476210095, 0.000442268297775, -0.00197623064741, 0.00116788828745, -0.00159217813052, 0.00140756834298, -0.00276778265834, 0.00999755505472, -0.00193360401317, 0.000740491610486, 0.00100146385375, -0.00108874693979], [1.92044444702e-005, 0.0016327596968, 0.000117068389955, 0.000249667675234, -0.00067136308644, -0.00108025316149, -7.42981937947e-005, -1.50721352838e-005, -0.00193360401317, 0.00984814763069, -0.00257132435217, 0.00222955993377, -0.00281343562528], [7.76198521635e-006, -0.00158794247545, 0.000834540172946, -0.000638304685708, 0.00109220470767, -0.00108874216676, 0.000805299554486, -0.00153041421436, 0.000740491610486, -0.00257132435217, 0.0118158515543, -0.00283103110269, 0.00193187408149], [0.000242298148805, 0.00050530815497, 1.6265528302e-006, 0.000210279104067, 8.43525995151e-005, -0.000293738266919, -0.00119403784629, 5.28183118149e-005, 0.00100146385375, 0.00222955993377, -0.00283103110269, 0.0105073582381, -0.00419247709215], [-0.000497915665619, -0.000265515525825, -0.000983839039691, 0.000625411630608, -0.000342355662724, 0.00153186870739, -2.82621494989e-005, 0.000203371484531, -0.00108874693979, -0.00281343562528, 0.00193187408149, -0.00419247709215, 0.00882074330002]]
    },
    "melbands": {
        "mean": [0.00247541000135, 0.00354259251617, 0.00232213921845, 0.000762559939176, 0.000624923151918, 0.000340246566338, 0.000163742282894, 9.82584460871e-005, 9.3713424576e-005, 6.47061824566e-005, 4.55698755104e-005, 2.27308137255e-005, 1.77192450792e-005, 2.22299804591e-005, 3.0184894058e-005, 4.21910044679e-005, 3.61172133125e-005, 3.93898262701e-005, 2.59588960034e-005, 1.39104513437e-005, 1.84488962987e-005, 1.97229073819e-005, 1.4755052689e-005, 9.29217094381e-006, 5.65585105505e-006, 5.8219161474e-006, 5.96427662458e-006, 5.24594543094e-006, 5.79476591156e-006, 3.14543353852e-006, 1.63114202678e-006, 2.43279191636e-006, 1.10711528123e-006, 7.19308957287e-007, 5.17193996075e-007, 5.48132618405e-007, 2.0683052071e-007, 1.05159422503e-007, 4.50966872734e-008, 2.08033110738e-008],
        "var": [1.09860120574e-005, 2.63791753241e-005, 1.49342440636e-005, 2.05821766031e-006, 6.70028214245e-007, 2.53064627032e-007, 8.18282472892e-008, 3.46227011505e-008, 3.58691742974e-008, 9.45348421766e-009, 6.54158016644e-009, 2.67644595375e-009, 3.65184860129e-009, 6.60560184329e-009, 1.62709365981e-008, 1.79315104987e-008, 8.16135159454e-009, 6.16645667861e-009, 4.09983424987e-009, 1.06673681e-009, 1.64209257303e-009, 1.68292491054e-009, 7.24691306964e-010, 5.25100185556e-010, 1.37013775325e-010, 8.97773730357e-011, 1.14388117034e-010, 1.10616300841e-010, 1.34364672166e-010, 4.51539639013e-011, 9.45371125133e-012, 1.78330059053e-011, 5.98521622888e-012, 4.27114723797e-012, 2.41591750945e-012, 5.81924352455e-012, 8.76389293167e-013, 4.59896403186e-014, 7.94857835286e-015, 1.75505554896e-015]
    },
    "mfcc": {
        "mean": [-739.011352539, 153.84437561, -6.8439950943, 48.155796051, 9.22522544861, 6.1074180603, -11.6187381744, -0.248624518514, -0.550897419453, 1.76963555813, 1.31942212582, -4.5453081131, -8.77126026154],
        "cov": [[14814.71875, -229.837661743, -1333.50732422, 780.513793945, -593.81854248, 867.098022461, -138.944641113, -60.0973243713, 129.777603149, 548.367736816, 166.214248657, 400.719390869, -209.971832275], [-229.837661743, 3415.76757813, 490.798797607, 78.9801940918, 729.631774902, -212.258926392, 160.987747192, 251.796066284, 281.760253906, -164.69493103, -148.024703979, -263.322143555, 1.64552593231], [-1333.50732422, 490.798797607, 1528.93603516, 109.070541382, 281.696533203, 305.74029541, 157.13369751, 204.914260864, 228.61088562, 113.267280579, -37.1533622742, -8.48341369629, 31.9293956757], [780.513793945, 78.9801940918, 109.070541382, 599.897155762, 202.198043823, 70.1162796021, -2.87031126022, 28.4248390198, 86.2981338501, 76.3704681396, -15.7968454361, -42.5015487671, 27.8557338715], [-593.81854248, 729.631774902, 281.696533203, 202.198043823, 632.54296875, -20.0982646942, 12.751584053, 57.184261322, 108.148757935, 87.5270843506, -80.9395141602, -99.6779098511, 34.9325332642], [867.098022461, -212.258926392, 305.74029541, 70.1162796021, -20.0982646942, 439.281433105, 109.853858948, 56.3035697937, 90.8186950684, 95.6600799561, 60.3680953979, 81.9697570801, 9.4543800354], [-138.944641113, 160.987747192, 157.13369751, -2.87031126022, 12.751584053, 109.853858948, 229.953155518, 104.342559814, 58.1379127502, 5.87176084518, 26.7619495392, 37.2200164795, 24.3378105164], [-60.0973243713, 251.796066284, 204.914260864, 28.4248390198, 57.184261322, 56.3035697937, 104.342559814, 234.74407959, 66.9127197266, -5.18406200409, 24.9646587372, -1.04636704922, 27.5226211548], [129.777603149, 281.760253906, 228.61088562, 86.2981338501, 108.148757935, 90.8186950684, 58.1379127502, 66.9127197266, 239.583145142, 65.1912841797, -20.1971988678, 13.9418945313, -2.25069379807], [548.367736816, -164.69493103, 113.267280579, 76.3704681396, 87.5270843506, 95.6600799561, 5.87176084518, -5.18406200409, 65.1912841797, 238.334503174, 40.7327613831, 31.4514789581, 8.05309486389], [166.214248657, -148.024703979, -37.1533622742, -15.7968454361, -80.9395141602, 60.3680953979, 26.7619495392, 24.9646587372, -20.1971988678, 40.7327613831, 151.516952515, 65.8880691528, -7.63894939423], [400.719390869, -263.322143555, -8.48341369629, -42.5015487671, -99.6779098511, 81.9697570801, 37.2200164795, -1.04636704922, 13.9418945313, 31.4514789581, 65.8880691528, 134.291931152, 9.90139484406], [-209.971832275, 1.64552593231, 31.9293956757, 27.8557338715, 34.9325332642, 9.4543800354, 24.3378105164, 27.5226211548, -2.25069379807, 8.05309486389, -7.63894939423, 9.90139484406, 108.785682678]],
        "icov": [[0.000232358113863, -0.000278986699414, 0.000374080904294, -0.000419144897023, 0.000466632161988, -0.000667953747325, 0.00046876486158, -0.000346587301465, 0.000364638748579, -0.000807237171102, 0.00072705297498, -0.000973903050181, 0.000548254523892], [-0.000278986699414, 0.000934317416977, -0.000494400039315, 0.000664455175865, -0.00114753236994, 0.00107887852937, -0.000926250766497, 0.000269027426839, -0.00111521990038, 0.00159933860414, -0.00122317892965, 0.00197553331964, -0.000570930889808], [0.000374080904294, -0.000494400039315, 0.00158079527318, -0.000581474334467, 0.000518984568771, -0.0016796985874, 0.000692797300871, -0.00109346257523, 0.000250616663834, -0.00149509357288, 0.00155309645925, -0.00146214955021, 0.000873404846061], [-0.000419144897023, 0.000664455175865, -0.000581474334467, 0.00283749774098, -0.00147556711454, 0.000859799387399, -0.000655190495308, 0.000566301867366, -0.0013623056002, 0.0013610656606, -0.00165105902124, 0.00272159208544, -0.00146514759399], [0.000466632161988, -0.00114753236994, 0.000518984568771, -0.00147556711454, 0.00395323475823, -0.00120556459296, 0.00114736682735, -0.000738694216125, 0.000870900053997, -0.00314514874481, 0.00239830394275, -0.00129372696392, 0.000446073012426], [-0.000667953747325, 0.00107887852937, -0.0016796985874, 0.000859799387399, -0.00120556459296, 0.00560969207436, -0.0025677960366, 0.00112315628212, -0.00173959636595, 0.00182931532618, -0.00275821448304, 0.00188330293167, -0.00137931690551], [0.00046876486158, -0.000926250766497, 0.000692797300871, -0.000655190495308, 0.00114736682735, -0.0025677960366, 0.00749992066994, -0.00280254683457, 0.000544994778465, -0.00141800998244, 0.00145638477989, -0.00352184218355, 0.000308151415084], [-0.000346587301465, 0.000269027426839, -0.00109346257523, 0.000566301867366, -0.000738694216125, 0.00112315628212, -0.00280254683457, 0.00704291090369, -0.00167024473194, 0.00207732827403, -0.00311291357502, 0.00264306436293, -0.00215985020623], [0.000364638748579, -0.00111521990038, 0.000250616663834, -0.0013623056002, 0.000870900053997, -0.00173959636595, 0.000544994778465, -0.00167024473194, 0.00755385169759, -0.00316519732587, 0.00350378639996, -0.00406830897555, 0.0021750361193], [-0.000807237171102, 0.00159933860414, -0.00149509357288, 0.0013610656606, -0.00314514874481, 0.00182931532618, -0.00141800998244, 0.00207732827403, -0.00316519732587, 0.00923471711576, -0.00483762379736, 0.00354520534165, -0.00226080254652], [0.00072705297498, -0.00122317892965, 0.00155309645925, -0.00165105902124, 0.00239830394275, -0.00275821448304, 0.00145638477989, -0.00311291357502, 0.00350378639996, -0.00483762379736, 0.0127267474309, -0.00767796766013, 0.00334317446686], [-0.000973903050181, 0.00197553331964, -0.00146214955021, 0.00272159208544, -0.00129372696392, 0.00188330293167, -0.00352184218355, 0.00264306436293, -0.00406830897555, 0.00354520534165, -0.00767796766013, 0.017557522282, -0.00429021334276], [0.000548254523892, -0.000570930889808, 0.000873404846061, -0.00146514759399, 0.000446073012426, -0.00137931690551, 0.000308151415084, -0.00215985020623, 0.0021750361193, -0.00226080254652, 0.00334317446686, -0.00429021334276, 0.0116697829217]]
    },
    "spectral_contrast_coeffs": {
        "mean": [-0.594483911991, -0.694776296616, -0.756943523884, -0.76395636797, -0.749266147614, -0.707593202591],
        "var": [0.00891543738544, 0.00608599325642, 0.00507318554446, 0.00525201717392, 0.00510064978153, 0.00475880177692]
    },
    "spectral_contrast_valleys": {
        "mean": [-7.90479230881, -7.58305120468, -8.59458637238, -8.71782588959, -8.73467254639, -12.3754472733],
        "var": [4.07331466675, 2.01737761497, 1.98250865936, 1.9528785944, 1.98361933231, 2.13281774521]
    }
},
"metadata": {
    "audio_properties": {
        "analysis_sample_rate": 44100,
        "bit_rate": 128074,
        "equal_loudness": 0,
        "length": 45.0612258911,
        "lossless": 0,
        "replay_gain": -5.09673118591,
        "sample_rate": 44100,
        "codec": "mp3",
        "downmix": "mix",
        "md5_encoded": "076a40b2786d80fe9292af0e13eb8fd1"
    },
    "tags": {
        "file_name": "1836.mp3"
    },
    "version": {
        "essentia": "2.1-beta2",
        "essentia_git_sha": "v2.1_beta2",
        "extractor": "music 1.0"
    }
},
"rhythm": {
    "beats_count": 91,
    "beats_loudness": {
        "mean": 0.040059003979,
        "var": 0.0011309129186
    },
    "bpm": 122.020256042,
    "bpm_histogram_first_peak_bpm": {
        "mean": 123,
        "var": 0
    },
    "bpm_histogram_first_peak_spread": {
        "mean": 0.430232584476,
        "var": 0
    },
    "bpm_histogram_first_peak_weight": {
        "mean": 0.544444441795,
        "var": 0
    },
    "bpm_histogram_second_peak_bpm": {
        "mean": 117,
        "var": 0
    },
    "bpm_histogram_second_peak_spread": {
        "mean": 0.333333343267,
        "var": 0
    },
    "bpm_histogram_second_peak_weight": {
        "mean": 0.0222222227603,
        "var": 0
    },
    "danceability": 0.963282942772,
    "onset_rate": 3.83749079704,
    "beats_loudness_band_ratio": {
        "mean": [0.531283557415, 0.157958880067, 0.117042571306, 0.076435148716, 0.104918688536, 0.0378281027079],
        "var": [0.0767505317926, 0.0160691533238, 0.0245049726218, 0.0105849569663, 0.0154401352629, 0.00194855511654]
    },
    "beats_position": [0.53405892849, 1.05650794506, 1.59056687355, 2.10140585899, 2.60063481331, 3.08825397491, 3.5758728981, 4.08671188354, 4.58594083786, 5.08516979218, 5.5727891922, 6.06040811539, 6.54802703857, 7.04725599289, 7.53487491608, 8.0224943161, 8.498503685, 8.98612213135, 9.4853515625, 9.97297000885, 10.47219944, 10.9714279175, 11.4590473175, 11.9582767487, 12.445895195, 12.933514595, 13.4211339951, 13.9203624725, 14.4195919037, 14.90721035, 15.4064397812, 15.8940582275, 16.3816776276, 16.8809070587, 17.3685264587, 17.8561439514, 18.3437633514, 18.8429927826, 19.3306121826, 19.8298416138, 20.3174591064, 20.8050785065, 21.3043079376, 21.7919273376, 22.2911567688, 22.7787742615, 23.2663936615, 23.7540130615, 24.2416324615, 24.7408618927, 25.2400894165, 25.7160987854, 26.2153282166, 26.7029476166, 27.1905670166, 27.6897945404, 28.1890239716, 28.6766433716, 29.1642627716, 29.6518821716, 30.1394996643, 30.6387290955, 31.1263484955, 31.6255779266, 32.1248054504, 32.6124267578, 33.1000442505, 33.5876655579, 34.0752830505, 34.5745124817, 35.0621299744, 35.5497512817, 36.0489807129, 36.5365982056, 37.0358276367, 37.5234451294, 38.0226745605, 38.5219039917, 39.0211334229, 39.5087509155, 39.9963722229, 40.4956016541, 40.9948310852, 41.4824485779, 41.9700660706, 42.4460754395, 42.9336967468, 43.432926178, 43.9321517944, 44.4197731018, 44.9073905945]
},
"tonal": {
    "chords_changes_rate": 0.0658436194062,
    "chords_number_rate": 0.00925925932825,
    "chords_strength": {
        "mean": 0.51447147131,
        "var": 0.0084672132507
    },
    "hpcp_entropy": {
        "mean": 1.95058774948,
        "var": 0.64584004879
    },
    "key_strength": 0.769332826138,
    "tuning_diatonic_strength": 0.624456822872,
    "tuning_equal_tempered_deviation": 0.0714751332998,
    "tuning_frequency": 441.527557373,
    "tuning_nontempered_energy_ratio": 0.704002559185,
    "hpcp": {
        "mean": [0.26006346941, 0.14582657814, 0.067268781364, 0.0635862722993, 0.0561854913831, 0.0998332425952, 0.186188668013, 0.158751949668, 0.0629010945559, 0.0353028289974, 0.0390131883323, 0.065431214869, 0.0749833583832, 0.0675212368369, 0.164057001472, 0.256989002228, 0.169119402766, 0.0652634501457, 0.0547822676599, 0.0878552496433, 0.209122911096, 0.291678905487, 0.184864401817, 0.0701086074114, 0.0520434975624, 0.0609275810421, 0.0905307680368, 0.101322762668, 0.0725543126464, 0.0424529649317, 0.0297398958355, 0.0333797484636, 0.0493725277483, 0.0592744722962, 0.0746697485447, 0.191954672337],
        "var": [0.136065632105, 0.0465080589056, 0.0279826782644, 0.0254712477326, 0.0244364738464, 0.0344755724072, 0.10022726655, 0.0787399336696, 0.0208877269179, 0.0112957926467, 0.0123960925266, 0.0261599905789, 0.0320078991354, 0.024573802948, 0.0671809613705, 0.1475404948, 0.0714716240764, 0.025203095749, 0.0200430713594, 0.0345057733357, 0.0865216180682, 0.147202461958, 0.0704161152244, 0.0253263246268, 0.0224325750023, 0.0265375040472, 0.0309465043247, 0.0336288064718, 0.0235755797476, 0.0149729596451, 0.00882607884705, 0.00986551865935, 0.0185298994184, 0.0223366245627, 0.0261814147234, 0.0754985585809]
    },
    "chords_histogram": [23.7654323578, 3.39506173134, 15.7407407761, 1.85185182095, 0, 0, 0, 0.514403283596, 3.60082316399, 0, 0, 0, 0, 0, 0, 0, 0, 3.08641982079, 0, 0.514403283596, 0, 8.84773635864, 28.0864200592, 10.5967073441],
    "thpcp": [1, 0.633794188499, 0.240362286568, 0.178427368402, 0.208885803819, 0.310378193855, 0.347377747297, 0.248747199774, 0.145546913147, 0.10196107626, 0.114440046251, 0.169270128012, 0.203218236566, 0.255999833345, 0.658102691174, 0.891608774662, 0.499955862761, 0.230626150966, 0.218000933528, 0.192627891898, 0.342271029949, 0.638334333897, 0.544269561768, 0.215651839972, 0.121033191681, 0.13375389576, 0.224326178432, 0.25707501173, 0.231491670012, 0.562457561493, 0.881068170071, 0.579813599586, 0.223751008511, 0.187817037106, 0.30120536685, 0.716962754726],
    "chords_key": "D",
    "chords_scale": "major",
    "key_key": "A",
    "key_scale": "major"
}
}