{
"lowlevel": {
    "average_loudness": 0.819909691811,
    "barkbands_crest": {
        "mean": 13.2113494873,
        "var": 25.744178772
    },
    "barkbands_flatness_db": {
        "mean": 0.214218944311,
        "var": 0.0034787831828
    },
    "barkbands_kurtosis": {
        "mean": 16.9402885437,
        "var": 881.208312988
    },
    "barkbands_skewness": {
        "mean": 2.79644680023,
        "var": 3.57033824921
    },
    "barkbands_spread": {
        "mean": 12.0776767731,
        "var": 89.4554443359
    },
    "dissonance": {
        "mean": 0.423261612654,
        "var": 0.00188548117876
    },
    "dynamic_complexity": 3.28494596481,
    "erbbands_crest": {
        "mean": 13.3651399612,
        "var": 27.4614963531
    },
    "erbbands_flatness_db": {
        "mean": 0.217929169536,
        "var": 0.00225040270016
    },
    "erbbands_kurtosis": {
        "mean": 3.75367069244,
        "var": 109.258140564
    },
    "erbbands_skewness": {
        "mean": 1.24753952026,
        "var": 1.95695006847
    },
    "erbbands_spread": {
        "mean": 32.4806556702,
        "var": 233.059509277
    },
    "hfc": {
        "mean": 12.958237648,
        "var": 357.054077148
    },
    "melbands_crest": {
        "mean": 15.2461862564,
        "var": 20.4938812256
    },
    "melbands_flatness_db": {
        "mean": 0.274168014526,
        "var": 0.00613930635154
    },
    "melbands_kurtosis": {
        "mean": 23.9945392609,
        "var": 474.900115967
    },
    "melbands_skewness": {
        "mean": 3.32467317581,
        "var": 2.47354698181
    },
    "melbands_spread": {
        "mean": 14.224070549,
        "var": 209.464065552
    },
    "pitch_salience": {
        "mean": 0.468475013971,
        "var": 0.014018304646
    },
    "silence_rate_20dB": {
        "mean": 1,
        "var": 0
    },
    "silence_rate_30dB": {
        "mean": 0.998970150948,
        "var": 0.00102880876511
    },
    "silence_rate_60dB": {
        "mean": 0.0741503611207,
        "var": 0.0686526149511
    },
    "spectral_centroid": {
        "mean": 887.39666748,
        "var": 353224.28125
    },
    "spectral_complexity": {
        "mean": 10.298661232,
        "var": 25.0353546143
    },
    "spectral_decrease": {
        "mean": -4.81576334366e-009,
        "var": 1.56787618334e-017
    },
    "spectral_energy": {
        "mean": 0.0193511154503,
        "var": 0.000261225533905
    },
    "spectral_energyband_high": {
        "mean": 0.000329129019519,
        "var": 5.7970760281e-007
    },
    "spectral_energyband_low": {
        "mean": 0.00170959928073,
        "var": 4.48368291472e-006
    },
    "spectral_energyband_middle_high": {
        "mean": 0.00324101466686,
        "var": 5.80489722779e-005
    },
    "spectral_energyband_middle_low": {
        "mean": 0.0149239767343,
        "var": 0.000163641554536
    },
    "spectral_entropy": {
        "mean": 6.37614774704,
        "var": 0.254137575626
    },
    "spectral_flux": {
        "mean": 0.0393576025963,
        "var": 0.00121330306865
    },
    "spectral_kurtosis": {
        "mean": 10.5028190613,
        "var": 91.0309906006
    },
    "spectral_rms": {
        "mean": 0.00399747723714,
        "var": 2.89927902486e-006
    },
    "spectral_rolloff": {
        "mean": 938.708496094,
        "var": 962089.5625
    },
    "spectral_skewness": {
        "mean": 2.30313873291,
        "var": 0.925292432308
    },
    "spectral_spread": {
        "mean": 3466644.5,
        "var": 1.61697929626e+012
    },
    "spectral_strongpeak": {
        "mean": 1.4468640089,
        "var": 3.29137420654
    },
    "zerocrossingrate": {
        "mean": 0.0415255278349,
        "var": 0.000730335712433
    },
    "barkbands": {
        "mean": [1.37461699978e-006, 6.24332096777e-005, 0.000847088056616, 0.00138435186818, 0.00322258309461, 0.0082194507122, 0.000854896381497, 0.000892364885658, 0.000241759073106, 0.00015556262224, 0.000231050376897, 0.00024581188336, 0.000154202949489, 0.00100750394631, 0.000395536422729, 0.000202482289751, 0.000563962035812, 0.000161705131177, 0.000136113521876, 7.07526560291e-005, 0.00012375022925, 7.31233230908e-005, 5.83037763136e-005, 3.241424929e-005, 1.10084156404e-005, 1.45812919072e-006, 1.02395176782e-007],
        "var": [1.01393294802e-011, 2.67408299948e-008, 1.72530462805e-006, 2.55115060099e-006, 1.56366604642e-005, 0.000113628426334, 1.69699376329e-006, 7.5937841757e-006, 4.53611136209e-007, 9.29752488332e-008, 2.71204072533e-007, 3.07571781377e-007, 6.30936824564e-007, 1.19812930279e-005, 1.68942387972e-005, 5.63044579849e-007, 1.32253726406e-005, 1.33970303295e-007, 6.96029403002e-008, 1.43067083513e-007, 2.75805916772e-007, 2.82409722274e-008, 4.21983408216e-008, 5.96524607488e-009, 6.66228905377e-010, 1.22761184898e-011, 8.13472231335e-015]
    },
    "erbbands": {
        "mean": [0.000677175528836, 0.0293420627713, 0.641265749931, 3.51547265053, 7.18255662918, 11.4327230453, 32.492225647, 71.0404129028, 28.5282669067, 6.06975603104, 23.3256206512, 7.21721887589, 6.88512897491, 3.67578244209, 11.847782135, 10.3891630173, 9.04081344604, 52.0030517578, 28.2786083221, 11.1018362045, 22.895772934, 21.2681999207, 8.12524604797, 8.12746524811, 6.94018697739, 4.07089805603, 5.3310008049, 3.48250007629, 2.66130709648, 1.33649778366, 1.72454953194, 1.0912168026, 0.460198372602, 0.195632681251, 0.0357079096138, 0.00958795566112, 0.00209464505315, 0.00042621747707, 2.29731031141e-005, 2.32573074754e-005],
        "var": [1.32656884944e-006, 0.00308555155061, 0.86955088377, 15.2306175232, 65.2248535156, 348.146087646, 1841.5838623, 10439.0361328, 1314.72314453, 118.070274353, 5622.58398438, 171.505264282, 316.816741943, 49.374130249, 810.653137207, 626.292358398, 1061.83239746, 30410.9765625, 74628.375, 1380.77233887, 12589.5117188, 13219.5810547, 208.836410522, 236.567611694, 301.685791016, 370.620025635, 564.068359375, 155.609283447, 28.8330020905, 7.62214994431, 33.8888130188, 9.77555847168, 1.13775730133, 0.205107882619, 0.00409145606682, 0.000512549187988, 1.12898824227e-005, 3.79941207029e-006, 1.32006905407e-009, 3.98967692217e-010]
    },
    "gfcc": {
        "mean": [-67.9954833984, 102.977287292, -122.742736816, 21.5756416321, -72.7969055176, -20.299489975, -63.7859535217, -13.7641944885, -28.7194862366, -10.5574588776, -19.6428871155, -1.72726356983, -11.1703271866],
        "cov": [[4356.53173828, -408.18359375, -1098.61218262, 726.381652832, -358.212249756, 638.632141113, 89.5181274414, -225.640213013, 38.2564926147, -3.10506367683, 212.047988892, -192.381027222, -8.36144733429], [-408.18359375, 1058.5168457, 502.66885376, -108.413368225, 430.189697266, -280.631622314, 103.056625366, -49.3660125732, 67.4483184814, -46.0636520386, -30.1572914124, 47.9882202148, -15.5537414551], [-1098.61218262, 502.66885376, 787.991882324, -43.75730896, 177.983947754, -117.288078308, -29.9621715546, 47.3715934753, -32.9300270081, -123.112579346, -94.9520645142, 47.3928451538, 40.1096000671], [726.381652832, -108.413368225, -43.75730896, 436.116668701, -75.6623764038, 226.7447052, 80.7898712158, -57.1808662415, -26.904838562, -70.4405517578, -9.43363666534, -58.173576355, 12.1193447113], [-358.212249756, 430.189697266, 177.983947754, -75.6623764038, 350.076843262, -99.7458877563, 33.4260139465, -25.3607616425, 17.7528820038, 6.47725439072, -5.43747472763, 24.878698349, -42.9374313354], [638.632141113, -280.631622314, -117.288078308, 226.7447052, -99.7458877563, 375.071990967, 12.6877155304, -22.2768745422, -55.4484786987, -56.0294151306, 47.3020591736, -58.8428916931, -14.4935255051], [89.5181274414, 103.056625366, -29.9621715546, 80.7898712158, 33.4260139465, 12.6877155304, 141.223358154, -3.16385245323, -2.92440032959, 6.94108438492, -21.8720550537, -1.97550177574, -5.94348049164], [-225.640213013, -49.3660125732, 47.3715934753, -57.1808662415, -25.3607616425, -22.2768745422, -3.16385245323, 157.707077026, 41.2515182495, -3.36523985863, -46.8857116699, -12.5411844254, 10.749171257], [38.2564926147, 67.4483184814, -32.9300270081, -26.904838562, 17.7528820038, -55.4484786987, -2.92440032959, 41.2515182495, 141.60218811, 54.738697052, -12.2145309448, -35.8589515686, 0.0486670956016], [-3.10506367683, -46.0636520386, -123.112579346, -70.4405517578, 6.47725439072, -56.0294151306, 6.94108438492, -3.36523985863, 54.738697052, 128.713027954, 26.7795581818, -18.9817085266, -23.7858524323], [212.047988892, -30.1572914124, -94.9520645142, -9.43363666534, -5.43747472763, 47.3020591736, -21.8720550537, -46.8857116699, -12.2145309448, 26.7795581818, 122.143730164, 19.878080368, -22.4415931702], [-192.381027222, 47.9882202148, 47.3928451538, -58.173576355, 24.878698349, -58.8428916931, -1.97550177574, -12.5411844254, -35.8589515686, -18.9817085266, 19.878080368, 112.700408936, 45.5531845093], [-8.36144733429, -15.5537414551, 40.1096000671, 12.1193447113, -42.9374313354, -14.4935255051, -5.94348049164, 10.749171257, 0.0486670956016, -23.7858524323, -22.4415931702, 45.5531845093, 124.182128906]],
        "icov": [[0.00137055048253, -0.00267441826873, 0.0028931547422, -0.0018877342809, 0.00188619259279, -0.00193994236179, 0.00257490482181, -0.000418024224928, 0.000744073709939, -0.000741795694921, 0.000315651472192, 0.000131588662043, -0.000541339104529], [-0.00267441826873, 0.0104881506413, -0.00800606794655, 0.00462075648829, -0.00748343719169, 0.00660997955129, -0.0100160390139, 0.00343808461912, -0.00501324562356, 0.00576770026237, -0.00403070030734, 0.0019867727533, 0.000324988592183], [0.0028931547422, -0.00800606794655, 0.00923744309694, -0.00459405081347, 0.0045578093268, -0.00476845074445, 0.00845731515437, -0.00262602581643, 0.00356906210072, -0.0017883204855, 0.00303342286497, -0.000760129652917, -0.00120865553617], [-0.0018877342809, 0.00462075648829, -0.00459405081347, 0.00777168665081, -0.0025216259528, 0.000868260103744, -0.00733320508152, 0.00335435313173, -0.00285557680763, 0.00402928283438, -0.000576971040573, 0.00200152420439, -0.000300451065414], [0.00188619259279, -0.00748343719169, 0.0045578093268, -0.0025216259528, 0.00963844824582, -0.00447858544067, 0.00548701640218, -0.00106125313323, 0.0022535638418, -0.00398616632447, 0.00279033090919, -0.00246239546686, 0.00177118158899], [-0.00193994236179, 0.00660997955129, -0.00476845074445, 0.000868260103744, -0.00447858544067, 0.00989209115505, -0.00596585217863, 0.000671405694447, -0.000910838425625, 0.00519127724692, -0.00536393746734, 0.00399116938934, -2.36591822613e-005], [0.00257490482181, -0.0100160390139, 0.00845731515437, -0.00733320508152, 0.00548701640218, -0.00596585217863, 0.0193575937301, -0.00435495376587, 0.00586316687986, -0.00779802864417, 0.00645007239655, -0.00395116768777, 0.000526348187122], [-0.000418024224928, 0.00343808461912, -0.00262602581643, 0.00335435313173, -0.00106125313323, 0.000671405694447, -0.00435495376587, 0.0105811199173, -0.0052702492103, 0.00352864246815, 0.00131240312476, 0.0010075197788, 5.59075087949e-005], [0.000744073709939, -0.00501324562356, 0.00356906210072, -0.00285557680763, 0.0022535638418, -0.000910838425625, 0.00586316687986, -0.0052702492103, 0.0142341032624, -0.00726764742285, 0.00164984154981, 0.00287486449815, -0.00219624023885], [-0.000741795694921, 0.00576770026237, -0.0017883204855, 0.00402928283438, -0.00398616632447, 0.00519127724692, -0.00779802864417, 0.00352864246815, -0.00726764742285, 0.0183650497347, -0.00611807312816, 0.00479027116671, 6.34614698356e-005], [0.000315651472192, -0.00403070030734, 0.00303342286497, -0.000576971040573, 0.00279033090919, -0.00536393746734, 0.00645007239655, 0.00131240312476, 0.00164984154981, -0.00611807312816, 0.0161555875093, -0.00726055679843, 0.00353722902946], [0.000131588662043, 0.0019867727533, -0.000760129652917, 0.00200152420439, -0.00246239546686, 0.00399116938934, -0.00395116768777, 0.0010075197788, 0.00287486449815, 0.00479027116671, -0.00726055679843, 0.0182921737432, -0.00745974993333], [-0.000541339104529, 0.000324988592183, -0.00120865553617, -0.000300451065414, 0.00177118158899, -2.36591822613e-005, 0.000526348187122, 5.59075087949e-005, -0.00219624023885, 6.34614698356e-005, 0.00353722902946, -0.00745974993333, 0.0124953212216]]
    },
    "melbands": {
        "mean": [1.01727709989e-005, 0.000236662701354, 0.000682967540342, 0.000671033223625, 0.00103091355413, 0.00159772834741, 0.000384628016036, 6.92639441695e-005, 0.000179747992661, 3.52774477506e-005, 3.32186682499e-005, 1.23168274513e-005, 3.68018700101e-005, 3.22100604535e-005, 1.3500552086e-005, 3.78237928089e-005, 0.000102371523099, 4.80560593132e-005, 1.97506487893e-005, 1.13657943075e-005, 3.52530842065e-005, 2.88713017653e-005, 8.19218166725e-006, 8.90295359568e-006, 6.44869624011e-006, 4.31839953308e-006, 4.12673261962e-006, 2.21817435886e-006, 2.86260160465e-006, 3.41576924257e-006, 1.66789311606e-006, 1.3194451185e-006, 1.6122330635e-006, 4.36060446418e-007, 8.14778161384e-007, 1.40237477808e-006, 3.99221704583e-007, 3.56760608611e-007, 2.42099361003e-007, 1.34022968723e-007],
        "var": [6.40334341107e-010, 1.29765751922e-007, 4.61108299987e-007, 7.19487331935e-007, 1.70821408574e-006, 4.75810702483e-006, 2.71668255891e-007, 2.36654518204e-008, 3.22340866887e-007, 6.69936284226e-009, 7.9515309892e-009, 7.89944776258e-010, 6.9063594843e-009, 5.04059061157e-009, 1.30761046435e-009, 2.73667222217e-008, 1.2796557769e-007, 2.25753922223e-007, 1.43650540352e-008, 6.91502188843e-010, 4.05879774235e-008, 3.5549000188e-008, 3.77171238686e-010, 5.19704168589e-010, 1.9445808852e-010, 9.48998032935e-011, 3.79455411537e-010, 1.45198950086e-010, 1.57536109158e-010, 4.94793706007e-010, 4.51231725596e-011, 8.03223286494e-012, 1.80401960731e-011, 1.2277209414e-012, 4.70740720709e-012, 3.6710554735e-011, 1.63647209932e-012, 9.06216833345e-013, 3.14364284387e-013, 9.66037755974e-014]
    },
    "mfcc": {
        "mean": [-718.363220215, 135.898132324, -0.473590373993, 24.443939209, -0.2271296978, -12.4468832016, -29.3812446594, -15.6944303513, -15.4926891327, -19.4835796356, -13.1083011627, -8.57850074768, -11.9961166382],
        "cov": [[4974.72119141, -1231.61035156, -439.937408447, -10.5207767487, -280.314666748, 556.98840332, 179.018112183, 21.407617569, -41.9334068298, 148.798156738, 112.690612793, 85.9063110352, 29.4403038025], [-1231.61035156, 1488.40563965, -59.7406578064, 250.310241699, 226.717468262, -95.0764083862, -46.5571517944, 38.0542411804, 4.48584842682, -75.6712265015, 53.4588241577, 20.3118038177, -133.2318573], [-439.937408447, -59.7406578064, 572.179870605, -1.91090404987, 103.923912048, 23.6273803711, 28.9761047363, 104.420021057, 47.8077087402, -78.5414505005, -76.9243087769, -79.8544387817, -48.8009338379], [-10.5207767487, 250.310241699, -1.91090404987, 289.177581787, -14.3654842377, 65.1691894531, 17.5089435577, 8.11741733551, 44.3210525513, -2.45533514023, 0.290462434292, -6.12827682495, -4.54120540619], [-280.314666748, 226.717468262, 103.923912048, -14.3654842377, 235.841094971, 23.2610054016, 13.5384702682, 48.5984344482, -7.40152406693, -11.7282953262, 9.13520526886, -10.3866815567, -54.7224693298], [556.98840332, -95.0764083862, 23.6273803711, 65.1691894531, 23.2610054016, 266.774658203, 95.6007766724, 38.1733474731, -33.0965042114, -16.5584659576, 15.3036336899, -7.25112819672, -45.6580619812], [179.018112183, -46.5571517944, 28.9761047363, 17.5089435577, 13.5384702682, 95.6007766724, 146.724945068, 56.7129554749, -14.460647583, -26.4406261444, -13.1704216003, -11.3980569839, 14.713385582], [21.407617569, 38.0542411804, 104.420021057, 8.11741733551, 48.5984344482, 38.1733474731, 56.7129554749, 140.422225952, 26.1923122406, -43.1373329163, -21.8902206421, -4.04860305786, -22.8646850586], [-41.9334068298, 4.48584842682, 47.8077087402, 44.3210525513, -7.40152406693, -33.0965042114, -14.460647583, 26.1923122406, 171.743896484, 35.4271888733, -45.3435020447, 18.5525836945, 23.2180690765], [148.798156738, -75.6712265015, -78.5414505005, -2.45533514023, -11.7282953262, -16.5584659576, -26.4406261444, -43.1373329163, 35.4271888733, 203.343338013, 63.8018264771, -9.95576095581, -4.08002281189], [112.690612793, 53.4588241577, -76.9243087769, 0.290462434292, 9.13520526886, 15.3036336899, -13.1704216003, -21.8902206421, -45.3435020447, 63.8018264771, 210.914489746, -39.2892875671, -25.7188148499], [85.9063110352, 20.3118038177, -79.8544387817, -6.12827682495, -10.3866815567, -7.25112819672, -11.3980569839, -4.04860305786, 18.5525836945, -9.95576095581, -39.2892875671, 218.378295898, -19.471862793], [29.4403038025, -133.2318573, -48.8009338379, -4.54120540619, -54.7224693298, -45.6580619812, 14.713385582, -22.8646850586, 23.2180690765, -4.08002281189, -25.7188148499, -19.471862793, 291.84942627]],
        "icov": [[0.000409870845033, 0.000299579376588, 0.000365952175343, -4.19587740907e-005, 0.00017484248383, -0.000783102004789, 0.000102717007394, -0.000338919810019, -9.1329231509e-005, -0.000102768171928, -0.000144791250932, -9.61593614193e-005, 2.11488240893e-005], [0.000299579376588, 0.00155695341527, 0.000752749445383, -0.00150226126425, -0.00135979871266, 0.000518721004482, 0.000143905344885, -0.00045413360931, 1.74994802364e-005, 0.000661179423332, -0.000441787182353, -8.1505801063e-005, 0.000529869808815], [0.000365952175343, 0.000752749445383, 0.00303526758216, -0.000402480218327, -0.00113696220797, -0.000420877302531, 0.000353651848854, -0.00152219028678, -0.000769670587033, 0.00083949911641, 0.000512927828822, 0.00105452013668, 0.000580408144742], [-4.19587740907e-005, -0.00150226126425, -0.000402480218327, 0.00559635413811, 0.00186171208043, -0.00231293146499, -2.05470660148e-005, 0.00052817928372, -0.00160763622262, -0.000348638131982, 0.000145284910104, 0.000290875701467, -0.000476904504467], [0.00017484248383, -0.00135979871266, -0.00113696220797, 0.00186171208043, 0.0067473910749, -0.0016795656411, 0.000120618809888, -0.00124242308084, 0.00028751368518, -0.00107327790465, -9.27032742766e-005, -0.000143522003782, 4.38108618255e-005], [-0.000783102004789, 0.000518721004482, -0.000420877302531, -0.00231293146499, -0.0016795656411, 0.00798879750073, -0.00365810608491, 0.000445887300884, 0.00120035908185, 0.000672283873428, -0.000341287843185, 2.23510578508e-005, 0.00124897994101], [0.000102717007394, 0.000143905344885, 0.000353651848854, -2.05470660148e-005, 0.000120618809888, -0.00365810608491, 0.0109509965405, -0.00409993901849, 0.0011131853098, -4.99600537296e-005, 0.000719914911315, 0.000370664376533, -0.00130990322214], [-0.000338919810019, -0.00045413360931, -0.00152219028678, 0.00052817928372, -0.00124242308084, 0.000445887300884, -0.00409993901849, 0.0114492764696, -0.00240088487044, 0.00188786326908, -0.000329853093717, -0.000119015159726, 0.000701425538864], [-9.1329231509e-005, 1.74994802364e-005, -0.000769670587033, -0.00160763622262, 0.00028751368518, 0.00120035908185, 0.0011131853098, -0.00240088487044, 0.00832584314048, -0.00256766239181, 0.00181761407293, -0.000787574332207, -0.000729658640921], [-0.000102768171928, 0.000661179423332, 0.00083949911641, -0.000348638131982, -0.00107327790465, 0.000672283873428, -4.99600537296e-005, 0.00188786326908, -0.00256766239181, 0.00710356188938, -0.00214523542672, 0.000493688101415, 0.000648975081276], [-0.000144791250932, -0.000441787182353, 0.000512927828822, 0.000145284910104, -9.27032742766e-005, -0.000341287843185, 0.000719914911315, -0.000329853093717, 0.00181761407293, -0.00214523542672, 0.00645691296086, 0.00123672164045, 0.00024497276172], [-9.61593614193e-005, -8.1505801063e-005, 0.00105452013668, 0.000290875701467, -0.000143522003782, 2.23510578508e-005, 0.000370664376533, -0.000119015159726, -0.000787574332207, 0.000493688101415, 0.00123672164045, 0.00539848674089, 0.000640644633677], [2.11488240893e-005, 0.000529869808815, 0.000580408144742, -0.000476904504467, 4.38108618255e-005, 0.00124897994101, -0.00130990322214, 0.000701425538864, -0.000729658640921, 0.000648975081276, 0.00024497276172, 0.000640644633677, 0.00421186396852]]
    },
    "spectral_contrast_coeffs": {
        "mean": [-0.489608675241, -0.593805491924, -0.716202557087, -0.718691110611, -0.667653083801, -0.703223764896],
        "var": [0.00555725069717, 0.00756941968575, 0.0045302384533, 0.00367296440527, 0.00330053595826, 0.00700359186158]
    },
    "spectral_contrast_valleys": {
        "mean": [-8.96783351898, -7.41950511932, -8.59564971924, -9.12401676178, -9.58784103394, -12.1780338287],
        "var": [1.05888998508, 0.753645718098, 0.860901772976, 0.812192320824, 0.76796233654, 0.483919769526]
    }
},
"metadata": {
    "audio_properties": {
        "analysis_sample_rate": 44100,
        "bit_rate": 128074,
        "equal_loudness": 0,
        "length": 45.0612258911,
        "lossless": 0,
        "replay_gain": -5.61808586121,
        "sample_rate": 44100,
        "codec": "mp3",
        "downmix": "mix",
        "md5_encoded": "6833b37e4a4a1c11189f541e5da36acd"
    },
    "tags": {
        "file_name": "1837.mp3"
    },
    "version": {
        "essentia": "2.1-beta2",
        "essentia_git_sha": "v2.1_beta2",
        "extractor": "music 1.0"
    }
},
"rhythm": {
    "beats_count": 81,
    "beats_loudness": {
        "mean": 0.0322905220091,
        "var": 0.000398738018703
    },
    "bpm": 110.688194275,
    "bpm_histogram_first_peak_bpm": {
        "mean": 112,
        "var": 0
    },
    "bpm_histogram_first_peak_spread": {
        "mean": 0.615384638309,
        "var": 0
    },
    "bpm_histogram_first_peak_weight": {
        "mean": 0.3125,
        "var": 0
    },
    "bpm_histogram_second_peak_bpm": {
        "mean": 105,
        "var": 0
    },
    "bpm_histogram_second_peak_spread": {
        "mean": 0.333333343267,
        "var": 0
    },
    "bpm_histogram_second_peak_weight": {
        "mean": 0.0750000029802,
        "var": 0
    },
    "danceability": 1.09916985035,
    "onset_rate": 2.08511066437,
    "beats_loudness_band_ratio": {
        "mean": [0.161548301578, 0.452090144157, 0.175365239382, 0.123312398791, 0.162086755037, 0.0425964966416],
        "var": [0.0253513213247, 0.0685669630766, 0.0360875241458, 0.0331565290689, 0.0433618761599, 0.00221800315194]
    },
    "beats_position": [0.580498874187, 1.18421769142, 1.78793644905, 2.39165520668, 2.99537420273, 3.5758728981, 4.13315200806, 4.7020406723, 5.28253936768, 5.85142850876, 6.39709758759, 6.94276618958, 7.4884352684, 8.03410434723, 8.57977294922, 9.12544155121, 9.65950107574, 10.1935596466, 10.7276191711, 11.2500677109, 11.7609071732, 12.2833557129, 12.8174142838, 13.3746938705, 13.9319725037, 14.4660310745, 15.0000905991, 15.5341491699, 16.0682086945, 16.6138763428, 17.1595458984, 17.7052154541, 18.2741031647, 18.8313827515, 19.3886623383, 19.9459400177, 20.5032196045, 21.0721092224, 21.640996933, 22.1866664886, 22.7323360443, 23.2896137238, 23.8468933105, 24.40417099, 24.9614505768, 25.4955101013, 26.0295696259, 26.563627243, 27.0860767365, 27.6085262299, 28.142583847, 28.6650333405, 29.2107028961, 29.7447605133, 30.2788200378, 30.8128795624, 31.3469390869, 31.8577766418, 32.391834259, 32.9723358154, 33.5063934326, 34.0404510498, 34.5745124817, 35.1085700989, 35.6426315308, 36.1766891479, 36.7223587036, 37.2796363831, 37.8369140625, 38.4058036804, 38.9630813599, 39.5087509155, 40.0544204712, 40.6000900269, 41.1457595825, 41.6914291382, 42.2254867554, 42.771156311, 43.3052139282, 43.8624954224, 44.4197731018]
},
"tonal": {
    "chords_changes_rate": 0.0493827164173,
    "chords_number_rate": 0.0102880662307,
    "chords_strength": {
        "mean": 0.487830430269,
        "var": 0.00746707525104
    },
    "hpcp_entropy": {
        "mean": 1.40063047409,
        "var": 0.369796037674
    },
    "key_strength": 0.80204385519,
    "tuning_diatonic_strength": 0.629756867886,
    "tuning_equal_tempered_deviation": 0.0207373388112,
    "tuning_frequency": 440.508636475,
    "tuning_nontempered_energy_ratio": 0.626125574112,
    "hpcp": {
        "mean": [0.135143876076, 0.0750229284167, 0.0153971528634, 0.004277149681, 0.00793175306171, 0.0666468515992, 0.109852567315, 0.0629495084286, 0.0886754319072, 0.135779872537, 0.0705377683043, 0.0146996174008, 0.0156730171293, 0.0252651851624, 0.179701909423, 0.323404848576, 0.169901698828, 0.0161783378571, 0.00811390392482, 0.0095230191946, 0.190793529153, 0.354097783566, 0.173398315907, 0.0062865074724, 0.00316369882785, 0.00456089014187, 0.0904938429594, 0.171451807022, 0.104943200946, 0.228157415986, 0.36093583703, 0.168528154492, 0.0178443025798, 0.00440479395911, 0.0103626428172, 0.0816307514906],
        "var": [0.0556396730244, 0.0209120865911, 0.00219975109212, 0.000155368514243, 0.000750439590774, 0.0210736617446, 0.0508280433714, 0.014260510914, 0.0424465201795, 0.0898312628269, 0.0247753988951, 0.0019731153734, 0.00593282841146, 0.00799760874361, 0.0586258023977, 0.16028046608, 0.0483246520162, 0.00136999774259, 0.00059005280491, 0.000953570648562, 0.0588703677058, 0.198108941317, 0.0467658415437, 0.000522715388797, 0.000277996092336, 0.000168636368471, 0.0342958755791, 0.113661184907, 0.0302694421262, 0.0660853311419, 0.15679423511, 0.0430364720523, 0.00302399834618, 0.001104064635, 0.000950891175307, 0.0240576714277]
    },
    "chords_histogram": [23.3539085388, 10.3909463882, 4.32098770142, 0, 2.26337456703, 0, 0, 0, 4.32098770142, 0, 0, 0, 0, 0, 0, 7.30452680588, 0, 11.2139921188, 0, 0, 0, 5.45267486572, 15.5349798203, 15.843621254],
    "thpcp": [1, 0.466919988394, 0.0494389869273, 0.0122038144618, 0.0287104845047, 0.226164162159, 0.374426305294, 0.207856684923, 0.0426589734852, 0.0118501661345, 0.0219755209982, 0.184650138021, 0.304354846478, 0.17440636456, 0.245681986213, 0.376188397408, 0.195430219173, 0.0407264009118, 0.0434232763946, 0.0699991062284, 0.497877717018, 0.896017551422, 0.470725476742, 0.044823307544, 0.0224801842123, 0.0263842437416, 0.528607904911, 0.981054663658, 0.480413138866, 0.0174172446132, 0.0087652662769, 0.0126362908632, 0.250720024109, 0.475020170212, 0.29075306654, 0.632127344608],
    "chords_key": "G",
    "chords_scale": "major",
    "key_key": "G",
    "key_scale": "major"
}
}