{
"lowlevel": {
    "average_loudness": 0.977989315987,
    "barkbands_crest": {
        "mean": 8.956615448,
        "var": 9.10007762909
    },
    "barkbands_flatness_db": {
        "mean": 0.124341256917,
        "var": 0.00112684804481
    },
    "barkbands_kurtosis": {
        "mean": 4.65630865097,
        "var": 30.5079231262
    },
    "barkbands_skewness": {
        "mean": 1.87568557262,
        "var": 0.922130346298
    },
    "barkbands_spread": {
        "mean": 19.6357192993,
        "var": 76.4851379395
    },
    "dissonance": {
        "mean": 0.466479450464,
        "var": 0.000422267039539
    },
    "dynamic_complexity": 1.54042828083,
    "erbbands_crest": {
        "mean": 8.21107578278,
        "var": 13.0507259369
    },
    "erbbands_flatness_db": {
        "mean": 0.136604100466,
        "var": 0.00109360856004
    },
    "erbbands_kurtosis": {
        "mean": -0.19403424859,
        "var": 1.33019256592
    },
    "erbbands_skewness": {
        "mean": 0.169292539358,
        "var": 0.313088297844
    },
    "erbbands_spread": {
        "mean": 44.5634727478,
        "var": 315.291381836
    },
    "hfc": {
        "mean": 20.7394447327,
        "var": 185.10194397
    },
    "melbands_crest": {
        "mean": 13.5861206055,
        "var": 15.5534925461
    },
    "melbands_flatness_db": {
        "mean": 0.203762531281,
        "var": 0.00180446379818
    },
    "melbands_kurtosis": {
        "mean": 16.00938797,
        "var": 248.745162964
    },
    "melbands_skewness": {
        "mean": 3.12628817558,
        "var": 2.12393689156
    },
    "melbands_spread": {
        "mean": 17.9889717102,
        "var": 105.268386841
    },
    "pitch_salience": {
        "mean": 0.573222398758,
        "var": 0.00726883485913
    },
    "silence_rate_20dB": {
        "mean": 1,
        "var": 0
    },
    "silence_rate_30dB": {
        "mean": 0.977857887745,
        "var": 0.0216520074755
    },
    "silence_rate_60dB": {
        "mean": 0.00154479919001,
        "var": 0.00154241069686
    },
    "spectral_centroid": {
        "mean": 1057.15161133,
        "var": 199022.78125
    },
    "spectral_complexity": {
        "mean": 20.6570549011,
        "var": 41.0522956848
    },
    "spectral_decrease": {
        "mean": -9.64357571576e-009,
        "var": 4.61815002163e-017
    },
    "spectral_energy": {
        "mean": 0.038278222084,
        "var": 0.000699186348356
    },
    "spectral_energyband_high": {
        "mean": 0.000678596261423,
        "var": 8.79556012023e-007
    },
    "spectral_energyband_low": {
        "mean": 0.0167844388634,
        "var": 0.000335469958372
    },
    "spectral_energyband_middle_high": {
        "mean": 0.00544886942953,
        "var": 2.62876365014e-005
    },
    "spectral_energyband_middle_low": {
        "mean": 0.0178524982184,
        "var": 0.000176457033376
    },
    "spectral_entropy": {
        "mean": 7.56101465225,
        "var": 0.0928564816713
    },
    "spectral_flux": {
        "mean": 0.1029497087,
        "var": 0.00255955709144
    },
    "spectral_kurtosis": {
        "mean": 4.38500022888,
        "var": 5.24387216568
    },
    "spectral_rms": {
        "mean": 0.00583471311256,
        "var": 3.30067246068e-006
    },
    "spectral_rolloff": {
        "mean": 989.98236084,
        "var": 654401.125
    },
    "spectral_skewness": {
        "mean": 1.62187576294,
        "var": 0.135424003005
    },
    "spectral_spread": {
        "mean": 4680886,
        "var": 2.0242211799e+012
    },
    "spectral_strongpeak": {
        "mean": 0.75266200304,
        "var": 0.973052740097
    },
    "zerocrossingrate": {
        "mean": 0.0502720996737,
        "var": 0.000424983998528
    },
    "barkbands": {
        "mean": [0.000394746224629, 0.00579859456047, 0.00819309614599, 0.00473057897761, 0.00685029057786, 0.00243027741089, 0.0016861819895, 0.000961926940363, 0.000886716181412, 0.000746233446989, 0.000582718697842, 0.000868463481311, 0.000364102801541, 0.000672766647767, 0.000579649524298, 0.00090570282191, 0.000398751668399, 0.000202579278266, 0.000246587995207, 0.000193172862055, 0.000123707926832, 0.0001469473209, 0.000115053429909, 9.35756979743e-005, 7.00206437614e-005, 3.12986703648e-005, 4.47308320872e-006],
        "var": [4.66442685365e-007, 8.8544395112e-005, 0.000103147969639, 3.831799404e-005, 5.78162071179e-005, 1.09928041638e-005, 5.55132191948e-006, 1.44760201692e-006, 2.3794941626e-006, 1.35567370307e-006, 1.54336009928e-006, 4.96814163853e-006, 9.39281335377e-007, 1.03543663954e-006, 6.15702333562e-007, 2.3790821615e-006, 4.35776200902e-007, 3.87115903777e-008, 6.64836790065e-008, 6.37737116449e-008, 2.74842388848e-008, 9.40906232927e-008, 4.00403266099e-008, 1.3181850278e-008, 1.48697028024e-008, 3.72988218089e-009, 1.26830601577e-010]
    },
    "erbbands": {
        "mean": [0.184998899698, 1.33340549469, 7.78267288208, 14.0104093552, 20.5829677582, 21.6493263245, 22.6695213318, 18.0952339172, 17.6551589966, 31.8684520721, 19.4551067352, 17.5164432526, 27.213968277, 20.324005127, 30.3048439026, 38.3157463074, 18.3222923279, 34.5353355408, 23.3287677765, 41.6031150818, 51.740486145, 19.6889610291, 10.0921382904, 12.5144224167, 12.5372667313, 8.90381813049, 5.87792730331, 4.90469694138, 5.57756710052, 3.90697622299, 3.17626214027, 2.33596396446, 1.37652099133, 0.692153573036, 0.577969789505, 0.179033353925, 0.0453746989369, 0.0134000303224, 0.000376800016966, 5.35687140655e-005],
        "var": [0.136394381523, 3.54501223564, 93.209312439, 215.580764771, 1012.93115234, 533.106079102, 952.97644043, 959.229248047, 415.029327393, 1799.27661133, 639.551330566, 931.334350586, 2499.99511719, 1068.29394531, 3253.43652344, 8978.03125, 1742.86779785, 2872.35888672, 661.518737793, 3523.76538086, 6967.81835938, 626.998840332, 56.4968948364, 179.916183472, 171.172546387, 131.540618896, 56.8175430298, 63.7436332703, 165.195175171, 31.7732658386, 29.5500507355, 12.1204328537, 2.46500873566, 0.589250326157, 1.79050517082, 0.171268358827, 0.00699789309874, 0.000876643578522, 6.79836261952e-007, 1.5872037018e-009]
    },
    "gfcc": {
        "mean": [31.2833309174, 101.063858032, -108.293136597, 38.79504776, -50.0383071899, 17.7719249725, -46.4715995789, 7.27381181717, -23.4402427673, -0.702170848846, -18.1384449005, -4.89801549911, -11.829750061],
        "cov": [[2255.6394043, -475.548553467, 111.050132751, 79.3695831299, 10.9635343552, 113.159866333, -24.8419322968, 31.8342819214, -132.528686523, 48.5805244446, -116.56526947, 78.3596191406, -97.784362793], [-475.548553467, 641.635192871, -227.848373413, -94.5948867798, 50.3485603333, -91.1688613892, 15.6558246613, -12.2595672607, 59.2875823975, -91.243270874, 99.8753204346, -87.5299682617, 122.578903198], [111.050132751, -227.848373413, 418.106201172, 109.16267395, 16.6842861176, 26.0213680267, -15.0917167664, 20.1257610321, 17.9827098846, 61.6889152527, -53.4114456177, 45.9253845215, -72.4382629395], [79.3695831299, -94.5948867798, 109.16267395, 263.462188721, -36.0582695007, 30.5754108429, 3.76832699776, -25.5036144257, 27.1604480743, 16.1424446106, -21.7008113861, -11.9475688934, -28.4811553955], [10.9635343552, 50.3485603333, 16.6842861176, -36.0582695007, 142.111938477, 18.3600292206, 13.8089971542, 18.1174564362, 2.43556213379, 4.688164711, 8.33453083038, -1.70707881451, 1.76228296757], [113.159866333, -91.1688613892, 26.0213680267, 30.5754108429, 18.3600292206, 113.169937134, 7.83124685287, 10.1234388351, -21.2179946899, 3.02412343025, 14.456114769, 1.03144180775, -20.5964641571], [-24.8419322968, 15.6558246613, -15.0917167664, 3.76832699776, 13.8089971542, 7.83124685287, 98.5772781372, 3.8867430687, -19.9518070221, -1.19900584221, -4.74959135056, 0.223246186972, -6.4653377533], [31.8342819214, -12.2595672607, 20.1257610321, -25.5036144257, 18.1174564362, 10.1234388351, 3.8867430687, 67.2923736572, 25.7180271149, 9.94191455841, 4.35217285156, 3.01596236229, 6.31303024292], [-132.528686523, 59.2875823975, 17.9827098846, 27.1604480743, 2.43556213379, -21.2179946899, -19.9518070221, 25.7180271149, 90.1193008423, 24.6565761566, 1.50419914722, -8.03672885895, 8.81257820129], [48.5805244446, -91.243270874, 61.6889152527, 16.1424446106, 4.688164711, 3.02412343025, -1.19900584221, 9.94191455841, 24.6565761566, 67.6332397461, 0.968762814999, 19.8879890442, -33.0556716919], [-116.56526947, 99.8753204346, -53.4114456177, -21.7008113861, 8.33453083038, 14.456114769, -4.74959135056, 4.35217285156, 1.50419914722, 0.968762814999, 84.7061386108, -11.6014089584, 17.3115081787], [78.3596191406, -87.5299682617, 45.9253845215, -11.9475688934, -1.70707881451, 1.03144180775, 0.223246186972, 3.01596236229, -8.03672885895, 19.8879890442, -11.6014089584, 60.4406089783, 4.26815700531], [-97.784362793, 122.578903198, -72.4382629395, -28.4811553955, 1.76228296757, -20.5964641571, -6.4653377533, 6.31303024292, 8.81257820129, -33.0556716919, 17.3115081787, 4.26815700531, 87.6303024292]],
        "icov": [[0.000694084097631, -0.000324970431393, 0.000360613747034, -0.0005727270036, -7.15392525308e-005, -0.000484744639834, 0.000893620890565, -0.00136079988442, 0.00196258095093, -0.00111110019498, 0.00138132553548, -0.000833536672872, 0.000543728005141], [-0.000324970431393, 0.00757894478738, -0.000425654783612, 0.00219217687845, -0.00243051536381, 0.00439657270908, -0.00398440659046, 0.0053987740539, -0.00836508441716, 0.00815728399903, -0.00809605885297, 0.00675927102566, -0.00501575320959], [0.000360613747034, -0.000425654783612, 0.00428746035323, -0.00212072348222, -0.000896155310329, -0.00022769482166, 0.0017707797233, -0.00277789426036, 0.00159435998648, -0.00182153168134, 0.00241587916389, -0.00358693138696, 0.00299798231572], [-0.0005727270036, 0.00219217687845, -0.00212072348222, 0.00687679927796, 0.00113148381934, -0.00108105246909, -0.00299494899809, 0.00626838346943, -0.00673245219514, 0.00267413747497, -0.00217946292832, 0.00460428884253, -0.00228086370043], [-7.15392525308e-005, -0.00243051536381, -0.000896155310329, 0.00113148381934, 0.00890875514597, -0.00303075974807, -0.000331108341925, -0.00193232379388, 0.00158124312293, -0.00311259739101, 0.00205587386154, -0.000524693808984, 0.000456523674075], [-0.000484744639834, 0.00439657270908, -0.00022769482166, -0.00108105246909, -0.00303075974807, 0.0145121635869, -0.0021138547454, -0.000556564831641, -0.00133316591382, 0.00613181851804, -0.00820205081254, 0.00288419611752, 5.24461138411e-005], [0.000893620890565, -0.00398440659046, 0.0017707797233, -0.00299494899809, -0.000331108341925, -0.0021138547454, 0.0143620176241, -0.00668641272932, 0.00993821956217, -0.00621807249263, 0.00637544831261, -0.00422995118424, 0.00371370278299], [-0.00136079988442, 0.0053987740539, -0.00277789426036, 0.00626838346943, -0.00193232379388, -0.000556564831641, -0.00668641272932, 0.0268738213927, -0.0165568329394, 0.00646509649232, -0.00742821767926, 0.00628155376762, -0.00658538658172], [0.00196258095093, -0.00836508441716, 0.00159435998648, -0.00673245219514, 0.00158124312293, -0.00133316591382, 0.00993821956217, -0.0165568329394, 0.0328525863588, -0.0207092668861, 0.0123408781365, -0.00287650269456, 0.00118832523003], [-0.00111110019498, 0.00815728399903, -0.00182153168134, 0.00267413747497, -0.00311259739101, 0.00613181851804, -0.00621807249263, 0.00646509649232, -0.0207092668861, 0.0391567721963, -0.0152206867933, -0.00440566753969, 0.00736697344109], [0.00138132553548, -0.00809605885297, 0.00241587916389, -0.00217946292832, 0.00205587386154, -0.00820205081254, 0.00637544831261, -0.00742821767926, 0.0123408781365, -0.0152206867933, 0.0252985972911, -0.00383028178476, 0.00139758305158], [-0.000833536672872, 0.00675927102566, -0.00358693138696, 0.00460428884253, -0.000524693808984, 0.00288419611752, -0.00422995118424, 0.00628155376762, -0.00287650269456, -0.00440566753969, -0.00383028178476, 0.0320164449513, -0.0141052510589], [0.000543728005141, -0.00501575320959, 0.00299798231572, -0.00228086370043, 0.000456523674075, 5.24461138411e-005, 0.00371370278299, -0.00658538658172, 0.00118832523003, 0.00736697344109, 0.00139758305158, -0.0141052510589, 0.0245932918042]]
    },
    "melbands": {
        "mean": [0.00159261806402, 0.00329535361379, 0.00268367910758, 0.00153898564167, 0.000837273255456, 0.000407475366956, 0.000301577092614, 0.000320310529787, 0.000142394303111, 0.000118271716929, 0.000134285204695, 7.90010089986e-005, 9.03995969566e-005, 0.00011997808906, 5.54273174203e-005, 3.67749598809e-005, 6.84247570462e-005, 3.65150881407e-005, 3.8148733438e-005, 6.7356377258e-005, 5.89554038015e-005, 2.22083253902e-005, 1.07441455839e-005, 9.30834175961e-006, 9.9890958154e-006, 9.89666750684e-006, 7.71829400037e-006, 5.55269934921e-006, 3.99135160478e-006, 2.91399533126e-006, 2.72223041975e-006, 3.40612291438e-006, 2.52600534623e-006, 2.00177805709e-006, 1.81756581696e-006, 1.74510046236e-006, 1.35491234232e-006, 1.07645325897e-006, 6.36314894109e-007, 5.53530981051e-007],
        "var": [8.18200715003e-006, 1.54840381583e-005, 8.76929425431e-006, 3.6366770928e-006, 1.02287413029e-006, 4.24994624382e-007, 1.31734807951e-007, 1.59936433874e-007, 3.71049395653e-008, 4.23531716365e-008, 5.97507607836e-008, 2.08901251852e-008, 3.58333878125e-008, 9.56957180165e-008, 2.31675691964e-008, 3.23028537252e-009, 1.18865974841e-008, 1.9920991523e-009, 2.75409117734e-009, 1.30860593472e-008, 9.65870849967e-009, 1.33957067661e-009, 8.96529309125e-011, 9.02437916062e-011, 1.3208154015e-010, 1.20148793692e-010, 8.04072433636e-011, 6.38249592066e-011, 3.27500526698e-011, 1.74438241629e-011, 2.32242246268e-011, 7.48469411449e-011, 2.05314047014e-011, 7.37105255305e-012, 8.75496550257e-012, 1.57749108914e-011, 3.52616135076e-012, 1.74791648169e-012, 3.91444797583e-013, 4.16572321343e-013]
    },
    "mfcc": {
        "mean": [-612.171386719, 126.741661072, 5.95831918716, 24.2459011078, 18.0112514496, 7.20113277435, -2.16918325424, 1.33385324478, -1.2214307785, 3.49300074577, -5.93299150467, -2.0076520443, 1.16138339043],
        "cov": [[1487.31384277, -348.342437744, 14.973077774, 28.7541885376, -14.8632850647, 98.3641586304, 52.2284736633, 47.6612091064, -31.9119434357, -3.21721529961, -32.6235580444, -41.4364318848, 16.3855075836], [-348.342437744, 582.981689453, -201.264190674, -82.3762741089, 38.3892860413, -123.081733704, 25.0023288727, -25.4764404297, 19.4832687378, 18.9245605469, -36.6851921082, -29.318775177, -1.48928868771], [14.973077774, -201.264190674, 327.298370361, 97.0374450684, 25.8197917938, 56.3900566101, -38.9141044617, 10.2034635544, 9.89224720001, -14.6516494751, 45.4479980469, 46.3197555542, -16.6283378601], [28.7541885376, -82.3762741089, 97.0374450684, 183.221603394, -15.9995651245, 51.9289588928, -31.0793190002, -0.697171092033, 25.0647583008, -4.67702579498, 24.9259204865, 10.698636055, -10.6114845276], [-14.8632850647, 38.3892860413, 25.8197917938, -15.9995651245, 142.747955322, -0.223564267159, 3.50491046906, -5.23943138123, 10.2277793884, 6.56061792374, -2.24555969238, 31.8013191223, 25.3062210083], [98.3641586304, -123.081733704, 56.3900566101, 51.9289588928, -0.223564267159, 113.262908936, 15.7757635117, 12.5113267899, -6.59936285019, -10.7924547195, 24.0443134308, 6.23517990112, -4.61583185196], [52.2284736633, 25.0023288727, -38.9141044617, -31.0793190002, 3.50491046906, 15.7757635117, 116.067817688, 26.8546028137, -31.1054668427, 10.6676836014, -2.95968341827, -19.7720413208, -4.14623069763], [47.6612091064, -25.4764404297, 10.2034635544, -0.697171092033, -5.23943138123, 12.5113267899, 26.8546028137, 50.2561454773, 14.2887172699, 0.374736994505, -2.11172771454, -5.63292169571, 1.16013813019], [-31.9119434357, 19.4832687378, 9.89224720001, 25.0647583008, 10.2277793884, -6.59936285019, -31.1054668427, 14.2887172699, 72.4501876831, 16.3441562653, -12.1437091827, 1.69189870358, 10.0877180099], [-3.21721529961, 18.9245605469, -14.6516494751, -4.67702579498, 6.56061792374, -10.7924547195, 10.6676836014, 0.374736994505, 16.3441562653, 48.6302566528, 11.3402690887, -0.566476225853, 6.3361787796], [-32.6235580444, -36.6851921082, 45.4479980469, 24.9259204865, -2.24555969238, 24.0443134308, -2.95968341827, -2.11172771454, -12.1437091827, 11.3402690887, 70.6842651367, 37.7206878662, -5.37283945084], [-41.4364318848, -29.318775177, 46.3197555542, 10.698636055, 31.8013191223, 6.23517990112, -19.7720413208, -5.63292169571, 1.69189870358, -0.566476225853, 37.7206878662, 72.1429138184, 23.0683631897], [16.3855075836, -1.48928868771, -16.6283378601, -10.6114845276, 25.3062210083, -4.61583185196, -4.14623069763, 1.16013813019, 10.0877180099, 6.3361787796, -5.37283945084, 23.0683631897, 55.9359169006]],
        "icov": [[0.000884947134182, 0.000563947483897, 0.00024564814521, -0.000174070562935, -0.000205545627978, -0.000297293619951, 2.27359393534e-007, -0.000647154753096, 0.000628156587481, -0.000443470489699, 0.000602659711149, 0.000436387083028, -0.000307446403895], [0.000563947483897, 0.00341982627288, 0.0016769755166, -0.000183954995009, -0.00138494628482, 0.00269878748804, -0.00157062115613, 0.00146475911606, -0.00189419265371, 0.00107581168413, -0.00093946501147, 0.00101247651037, 0.000803902454209], [0.00024564814521, 0.0016769755166, 0.005445596762, -0.00179827481043, -0.00180412537884, 0.000268797477474, 0.00083172734594, -0.00146270578261, -0.00025990937138, 0.000902071944438, -0.00102005212102, -0.00186962611042, 0.00279852258973], [-0.000174070562935, -0.000183954995009, -0.00179827481043, 0.00822243373841, 0.00130814535078, -0.00295255286619, 0.000466599711217, 0.00230729626492, -0.00400790106505, 0.00117339286953, -0.00210816552863, 0.00087254436221, 0.000250180281], [-0.000205545627978, -0.00138494628482, -0.00180412537884, 0.00130814535078, 0.00966275669634, -0.00177766138222, -0.00141450494993, 0.00202868808992, -0.00112788158003, -0.00150784384459, 0.00344585254788, -0.00516948616132, -0.00209288066253], [-0.000297293619951, 0.00269878748804, 0.000268797477474, -0.00295255286619, -0.00177766138222, 0.0153057379648, -0.0041008698754, 0.000509367207997, -0.00242316303775, 0.00570371188223, -0.00641448097304, 0.00325938500464, -0.00073795922799], [2.27359393534e-007, -0.00157062115613, 0.00083172734594, 0.000466599711217, -0.00141450494993, -0.0041008698754, 0.0170962363482, -0.012284969911, 0.0119432369247, -0.00819125585258, 0.00280547863804, 0.00147488713264, 0.000552671437617], [-0.000647154753096, 0.00146475911606, -0.00146270578261, 0.00230729626492, 0.00202868808992, 0.000509367207997, -0.012284969911, 0.0327252931893, -0.0155968209729, 0.00796834565699, -0.00439725397155, 0.00234588189051, -0.0017133266665], [0.000628156587481, -0.00189419265371, -0.00025990937138, -0.00400790106505, -0.00112788158003, -0.00242316303775, 0.0119432369247, -0.0155968209729, 0.0295040011406, -0.0148939881474, 0.010692903772, -0.00298909726553, -0.00092688476434], [-0.000443470489699, 0.00107581168413, 0.000902071944438, 0.00117339286953, -0.00150784384459, 0.00570371188223, -0.00819125585258, 0.00796834565699, -0.0148939881474, 0.033003564924, -0.0152960857376, 0.00813411641866, -0.00484655005857], [0.000602659711149, -0.00093946501147, -0.00102005212102, -0.00210816552863, 0.00344585254788, -0.00641448097304, 0.00280547863804, -0.00439725397155, 0.010692903772, -0.0152960857376, 0.0333174467087, -0.0201556514949, 0.00862301606685], [0.000436387083028, 0.00101247651037, -0.00186962611042, 0.00087254436221, -0.00516948616132, 0.00325938500464, 0.00147488713264, 0.00234588189051, -0.00298909726553, 0.00813411641866, -0.0201556514949, 0.0332860983908, -0.013868524693], [-0.000307446403895, 0.000803902454209, 0.00279852258973, 0.000250180281, -0.00209288066253, -0.00073795922799, 0.000552671437617, -0.0017133266665, -0.00092688476434, -0.00484655005857, 0.00862301606685, -0.013868524693, 0.0270948149264]]
    },
    "spectral_contrast_coeffs": {
        "mean": [-0.612003684044, -0.718342721462, -0.756030678749, -0.761225819588, -0.784426450729, -0.773430585861],
        "var": [0.00449779210612, 0.00402905466035, 0.00384513637982, 0.00244003790431, 0.00139448256232, 0.00106836482882]
    },
    "spectral_contrast_valleys": {
        "mean": [-6.6147403717, -6.4793806076, -7.20776128769, -7.40538597107, -7.36864328384, -9.88800430298],
        "var": [0.519502162933, 0.37134078145, 0.375139862299, 0.360011577606, 0.431609541178, 0.55805593729]
    }
},
"metadata": {
    "audio_properties": {
        "analysis_sample_rate": 44100,
        "bit_rate": 128074,
        "equal_loudness": 0,
        "length": 45.0612258911,
        "lossless": 0,
        "replay_gain": -4.29775238037,
        "sample_rate": 44100,
        "codec": "mp3",
        "downmix": "mix",
        "md5_encoded": "86a450e754adda15fae02953fba341fa"
    },
    "tags": {
        "file_name": "1839.mp3"
    },
    "version": {
        "essentia": "2.1-beta2",
        "essentia_git_sha": "v2.1_beta2",
        "extractor": "music 1.0"
    }
},
"rhythm": {
    "beats_count": 114,
    "beats_loudness": {
        "mean": 0.0614926442504,
        "var": 0.000710119318683
    },
    "bpm": 152.420150757,
    "bpm_histogram_first_peak_bpm": {
        "mean": 152,
        "var": 0
    },
    "bpm_histogram_first_peak_spread": {
        "mean": 0.0101010138169,
        "var": 0
    },
    "bpm_histogram_first_peak_weight": {
        "mean": 0.867256641388,
        "var": 0
    },
    "bpm_histogram_second_peak_bpm": {
        "mean": 157,
        "var": 0
    },
    "bpm_histogram_second_peak_spread": {
        "mean": 0.083333298564,
        "var": 0
    },
    "bpm_histogram_second_peak_weight": {
        "mean": 0.097345136106,
        "var": 0
    },
    "danceability": 1.43900716305,
    "onset_rate": 4.54731559753,
    "beats_loudness_band_ratio": {
        "mean": [0.659563302994, 0.177081421018, 0.0702221319079, 0.0461433008313, 0.0567479021847, 0.034204158932],
        "var": [0.0236811805516, 0.0111528020352, 0.0023605467286, 0.00242204079404, 0.00258445832878, 0.0012464110041]
    },
    "beats_position": [0.394739210606, 0.812698423862, 1.20743763447, 1.60217678547, 1.99691605568, 2.39165520668, 2.7863945961, 3.1811337471, 3.5758728981, 3.97061228752, 4.34213161469, 4.73687076569, 5.13160991669, 5.52634906769, 5.92108821869, 6.31582736969, 6.71056699753, 7.12852573395, 7.51165533066, 7.90639448166, 8.3011341095, 8.6958732605, 9.07900238037, 9.47374153137, 9.86848068237, 10.2632198334, 10.6579589844, 11.0526981354, 11.4358272552, 11.8305664063, 12.2136955261, 12.6084346771, 13.0031747818, 13.4095239639, 13.7926530838, 14.1873922348, 14.5821313858, 14.9768705368, 15.3716096878, 15.7663488388, 16.1610889435, 16.5558280945, 16.9505672455, 17.3453063965, 17.7400455475, 18.1347846985, 18.5295238495, 18.9242630005, 19.3190021515, 19.7137413025, 20.1084804535, 20.5032196045, 20.8979587555, 21.2926979065, 21.6874370575, 22.0821762085, 22.4653053284, 22.8600444794, 23.2431735992, 23.6379127502, 24.0326519012, 24.4273910522, 24.8221302032, 25.2168693542, 25.6116104126, 26.0063495636, 26.4010887146, 26.7958278656, 27.1905670166, 27.5853061676, 27.9800453186, 28.3747844696, 28.7695236206, 29.1642627716, 29.5590019226, 29.9537410736, 30.3368701935, 30.7199993134, 31.1147384644, 31.5094776154, 31.9042167664, 32.2989578247, 32.6936950684, 33.0884361267, 33.4831733704, 33.8779144287, 34.2726516724, 34.6673927307, 35.0621299744, 35.4568710327, 35.8516082764, 36.2463493347, 36.6410865784, 37.0358276367, 37.4305648804, 37.8253059387, 38.2200431824, 38.6147842407, 39.0095214844, 39.4042625427, 39.7873916626, 40.1821289063, 40.5652618408, 40.9599990845, 41.3547401428, 41.7494773865, 42.1442184448, 42.5389556885, 42.9336967468, 43.3284339905, 43.7231750488, 44.1179122925, 44.5126533508, 44.9073905945]
},
"tonal": {
    "chords_changes_rate": 0.0648148134351,
    "chords_number_rate": 0.0144032919779,
    "chords_strength": {
        "mean": 0.558443486691,
        "var": 0.0116043537855
    },
    "hpcp_entropy": {
        "mean": 2.09009075165,
        "var": 0.578719735146
    },
    "key_strength": 0.675188243389,
    "tuning_diatonic_strength": 0.653929531574,
    "tuning_equal_tempered_deviation": 0.11122777313,
    "tuning_frequency": 437.213165283,
    "tuning_nontempered_energy_ratio": 0.762074053288,
    "hpcp": {
        "mean": [0.271352767944, 0.224251911044, 0.134264066815, 0.128693595529, 0.170933425426, 0.252510517836, 0.309047460556, 0.223304465413, 0.157261937857, 0.185488462448, 0.121862731874, 0.0563175566494, 0.0653175786138, 0.0889285951853, 0.166378572583, 0.262372612953, 0.205956175923, 0.0918728783727, 0.0574544668198, 0.0611211135983, 0.110510289669, 0.140216812491, 0.106417253613, 0.116209261119, 0.122730761766, 0.0682543069124, 0.0667015165091, 0.109996378422, 0.126732081175, 0.188737437129, 0.261859327555, 0.204072162509, 0.11634196341, 0.0883133038878, 0.102937817574, 0.183399185538],
        "var": [0.107656791806, 0.0840520784259, 0.0512408614159, 0.0552484765649, 0.0737203136086, 0.0960905700922, 0.103018693626, 0.0578125827014, 0.0581013634801, 0.0926720649004, 0.0402617417276, 0.0113446451724, 0.0169302113354, 0.0244593787938, 0.0506828315556, 0.0937185436487, 0.0688357725739, 0.0259324926883, 0.0190562866628, 0.0199044533074, 0.045046787709, 0.0549023859203, 0.0281531494111, 0.0410676933825, 0.0540763810277, 0.0268622711301, 0.0211417879909, 0.0447765402496, 0.0422796756029, 0.062363166362, 0.101956136525, 0.0773625522852, 0.0386921279132, 0.0246813800186, 0.0357778072357, 0.0696227550507]
    },
    "chords_histogram": [18.0041160583, 16.3580245972, 12.7572011948, 2.16049385071, 0, 0, 2.88065838814, 0, 3.08641982079, 0.823045253754, 4.93827152252, 0, 0, 0, 0, 2.05761313438, 0, 4.62962961197, 0, 5.04115247726, 8.74485588074, 5.04115247726, 10.2880659103, 3.18930029869],
    "thpcp": [1, 0.72255718708, 0.508860170841, 0.600194096565, 0.394317209721, 0.182229474187, 0.211351290345, 0.287750601768, 0.538359284401, 0.848971903324, 0.666422486305, 0.297277569771, 0.185908228159, 0.197772577405, 0.357583552599, 0.453706413507, 0.344339519739, 0.376024007797, 0.397125929594, 0.220853805542, 0.215829357505, 0.355920672417, 0.410073190928, 0.610706984997, 0.847311019897, 0.660326302052, 0.376453399658, 0.285759687424, 0.333080947399, 0.593433737755, 0.878029465675, 0.72562289238, 0.43444481492, 0.416420161724, 0.55309766531, 0.817060649395],
    "chords_key": "G",
    "chords_scale": "major",
    "key_key": "G",
    "key_scale": "major"
}
}