{
"lowlevel": {
    "average_loudness": 0.978173673153,
    "barkbands_crest": {
        "mean": 12.7252378464,
        "var": 18.9391651154
    },
    "barkbands_flatness_db": {
        "mean": 0.187253013253,
        "var": 0.00275058415718
    },
    "barkbands_kurtosis": {
        "mean": 16.8351364136,
        "var": 821.948913574
    },
    "barkbands_skewness": {
        "mean": 2.89336633682,
        "var": 5.03697633743
    },
    "barkbands_spread": {
        "mean": 12.9324445724,
        "var": 91.1726150513
    },
    "dissonance": {
        "mean": 0.425585865974,
        "var": 0.00308709964156
    },
    "dynamic_complexity": 2.07938218117,
    "erbbands_crest": {
        "mean": 10.9004507065,
        "var": 19.2735271454
    },
    "erbbands_flatness_db": {
        "mean": 0.149088144302,
        "var": 0.00241669407114
    },
    "erbbands_kurtosis": {
        "mean": 3.47902393341,
        "var": 28.8230190277
    },
    "erbbands_skewness": {
        "mean": 1.07547426224,
        "var": 0.966980099678
    },
    "erbbands_spread": {
        "mean": 45.4090270996,
        "var": 1109.28210449
    },
    "hfc": {
        "mean": 21.1805953979,
        "var": 167.586181641
    },
    "melbands_crest": {
        "mean": 17.1494197845,
        "var": 26.0301151276
    },
    "melbands_flatness_db": {
        "mean": 0.284826248884,
        "var": 0.00393466465175
    },
    "melbands_kurtosis": {
        "mean": 46.6990737915,
        "var": 5198.43652344
    },
    "melbands_skewness": {
        "mean": 4.31998634338,
        "var": 11.7936286926
    },
    "melbands_spread": {
        "mean": 10.0455751419,
        "var": 47.0712127686
    },
    "pitch_salience": {
        "mean": 0.421216785908,
        "var": 0.0103492792696
    },
    "silence_rate_20dB": {
        "mean": 1,
        "var": 0
    },
    "silence_rate_30dB": {
        "mean": 0.990731179714,
        "var": 0.00918280985206
    },
    "silence_rate_60dB": {
        "mean": 0.00154479919001,
        "var": 0.00154241069686
    },
    "spectral_centroid": {
        "mean": 884.354919434,
        "var": 237198.5
    },
    "spectral_complexity": {
        "mean": 12.8908338547,
        "var": 34.5524787903
    },
    "spectral_decrease": {
        "mean": -1.38595979138e-008,
        "var": 3.0055501678e-017
    },
    "spectral_energy": {
        "mean": 0.0542304627597,
        "var": 0.000440801668447
    },
    "spectral_energyband_high": {
        "mean": 0.000839726882987,
        "var": 1.14858448796e-006
    },
    "spectral_energyband_low": {
        "mean": 0.0331022888422,
        "var": 0.000515772611834
    },
    "spectral_energyband_middle_high": {
        "mean": 0.00209084525704,
        "var": 9.58320924838e-006
    },
    "spectral_energyband_middle_low": {
        "mean": 0.0201804935932,
        "var": 0.00025581792579
    },
    "spectral_entropy": {
        "mean": 7.20758724213,
        "var": 0.273488521576
    },
    "spectral_flux": {
        "mean": 0.0897058770061,
        "var": 0.00340447598137
    },
    "spectral_kurtosis": {
        "mean": 4.22761440277,
        "var": 9.10500907898
    },
    "spectral_rms": {
        "mean": 0.00713831279427,
        "var": 1.95239090317e-006
    },
    "spectral_rolloff": {
        "mean": 558.584228516,
        "var": 456683.28125
    },
    "spectral_skewness": {
        "mean": 1.66585612297,
        "var": 0.326641887426
    },
    "spectral_spread": {
        "mean": 5494529,
        "var": 2.27050887578e+012
    },
    "spectral_strongpeak": {
        "mean": 1.2136528492,
        "var": 2.10277891159
    },
    "zerocrossingrate": {
        "mean": 0.0363103225827,
        "var": 0.000469523452921
    },
    "barkbands": {
        "mean": [0.000410942098824, 0.0213457811624, 0.00938964262605, 0.00304225157015, 0.00138095160946, 0.00213921954855, 0.00253077317029, 0.00274392450228, 0.00829917564988, 0.000152426349814, 0.000224509523832, 0.000658189004753, 0.000327347952407, 0.000113846639579, 0.000198585476028, 5.31669502379e-005, 9.05925116967e-005, 0.000123813792015, 0.000107794243377, 0.00018123643531, 0.000176834437298, 0.000209373800317, 0.000107190564449, 8.87082642294e-005, 7.85857628216e-005, 5.01627764606e-005, 5.42849966223e-006],
        "var": [1.00397016922e-006, 0.0004030073178, 0.000109765176603, 1.44308705785e-005, 2.72945749202e-006, 4.66143910671e-006, 8.46192597237e-006, 1.09410057121e-005, 0.000118029092846, 2.88774923973e-008, 1.04160498893e-007, 3.88086482417e-006, 1.26932582134e-006, 2.1782311066e-008, 1.19116371877e-007, 4.82457940265e-009, 1.17199308036e-008, 1.52935495379e-008, 2.91948794029e-008, 5.28850279125e-008, 6.14352160255e-008, 1.33615301934e-007, 2.07565307164e-008, 2.18513225292e-008, 1.147165829e-008, 3.91228072161e-009, 8.05476171872e-011]
    },
    "erbbands": {
        "mean": [0.521986544132, 5.07183647156, 10.8859949112, 11.8336238861, 6.96736288071, 3.60542392731, 12.7896471024, 14.247833252, 32.7192230225, 31.0073852539, 174.476455688, 125.952728271, 8.13070964813, 10.2258386612, 4.99060535431, 27.3415775299, 19.4961032867, 7.26430702209, 5.54813098907, 7.98282051086, 3.63328742981, 6.08330154419, 5.02763175964, 7.34772586823, 5.95560979843, 7.31969594955, 8.30955886841, 7.90162324905, 8.30259227753, 4.08675861359, 2.56299543381, 1.82783436775, 1.4987347126, 0.993745744228, 0.484198480844, 0.224306613207, 0.0972683429718, 0.0195463020355, 0.000609743758105, 7.54873690312e-005],
        "var": [0.528302848339, 19.3308181763, 112.032203674, 154.352798462, 68.5518264771, 19.7699985504, 164.602554321, 262.553894043, 1355.64013672, 3053.75341797, 47213.7421875, 27219.4707031, 49.9813117981, 213.933547974, 30.8327236176, 6326.03125, 2961.70898438, 89.3329772949, 58.1852836609, 177.484069824, 17.724193573, 51.7192955017, 30.3950271606, 63.612449646, 67.3499526978, 106.695892334, 113.514938354, 128.511032104, 194.235473633, 43.9545783997, 11.5696048737, 11.3009529114, 5.63712215424, 2.33202576637, 0.427763134241, 0.0838524252176, 0.0148024046794, 0.000727614795323, 8.44303599479e-007, 9.43281897037e-010]
    },
    "gfcc": {
        "mean": [14.4311676025, 91.3161239624, -77.6065750122, 36.0302886963, -63.1236686707, 15.1437282562, -22.0627040863, 19.8292293549, -16.8870887756, 14.4126691818, -16.9770679474, -2.26780366898, -16.9733390808],
        "cov": [[2489.42578125, -642.763000488, -293.544891357, -210.867782593, -170.546615601, -105.006507874, -160.952941895, 16.1514511108, -32.4165000916, 210.241638184, -129.549118042, 143.981796265, -206.158630371], [-642.763000488, 1255.35058594, 435.341339111, 220.374984741, 287.693969727, 143.624481201, 215.224304199, 105.047935486, 84.540512085, -114.874679565, 31.4435138702, -247.615844727, -14.1145954132], [-293.544891357, 435.341339111, 642.343566895, 530.926147461, 254.071060181, 282.308166504, 186.885986328, 55.3573951721, -39.3907546997, -139.644973755, -36.3339080811, -111.82611084, -1.58074986935], [-210.867782593, 220.374984741, 530.926147461, 904.717285156, 318.431732178, 405.324157715, 192.112762451, -19.098859787, -209.496429443, -273.158660889, 0.277910798788, -79.3973770142, 122.152252197], [-170.546615601, 287.693969727, 254.071060181, 318.431732178, 287.702301025, 189.122360229, 128.472488403, 10.1800861359, -34.5580863953, -79.6310348511, 6.67360210419, -40.9042053223, 4.89262199402], [-105.006507874, 143.624481201, 282.308166504, 405.324157715, 189.122360229, 286.64465332, 136.022781372, -17.85704422, -106.487983704, -110.02280426, 22.1767635345, -31.3083400726, 50.2303009033], [-160.952941895, 215.224304199, 186.885986328, 192.112762451, 128.472488403, 136.022781372, 166.236358643, 8.71597003937, -8.51899337769, -39.0130195618, 1.35192513466, -25.3662261963, -10.2374992371], [16.1514511108, 105.047935486, 55.3573951721, -19.098859787, 10.1800861359, -17.85704422, 8.71597003937, 90.0622406006, 53.0320281982, 20.191827774, 3.06430077553, -37.2790374756, -10.4466304779], [-32.4165000916, 84.540512085, -39.3907546997, -209.496429443, -34.5580863953, -106.487983704, -8.51899337769, 53.0320281982, 180.29359436, 96.0669784546, -22.7430896759, 5.81347227097, -65.0721435547], [210.241638184, -114.874679565, -139.644973755, -273.158660889, -79.6310348511, -110.02280426, -39.0130195618, 20.191827774, 96.0669784546, 150.548599243, 2.41757464409, 48.2370033264, -58.4177131653], [-129.549118042, 31.4435138702, -36.3339080811, 0.277910798788, 6.67360210419, 22.1767635345, 1.35192513466, 3.06430077553, -22.7430896759, 2.41757464409, 98.7306747437, 9.37560939789, 51.9300842285], [143.981796265, -247.615844727, -111.82611084, -79.3973770142, -40.9042053223, -31.3083400726, -25.3662261963, -37.2790374756, 5.81347227097, 48.2370033264, 9.37560939789, 122.960189819, -5.81236934662], [-206.158630371, -14.1145954132, -1.58074986935, 122.152252197, 4.89262199402, 50.2303009033, -10.2374992371, -10.4466304779, -65.0721435547, -58.4177131653, 51.9300842285, -5.81236934662, 145.351638794]],
        "icov": [[0.000913477386348, -0.000302386819385, 0.000862677756231, -0.000997058697976, 0.000570661039092, -0.000885898014531, 0.00126720604021, -0.00150527735241, 0.00147004087921, -0.00241314736195, 0.00150543102063, -0.000935496529564, 0.00149457005318], [-0.000302386819385, 0.00295619061217, -0.0014426598791, 0.00180118915159, -0.0022103516385, 0.00136786419898, -0.00271092657931, 0.00111581617966, -0.00225988868624, 0.00335270003416, -0.00269144703634, 0.0045138890855, -0.000702432356775], [0.000862677756231, -0.0014426598791, 0.00655254628509, -0.00374310556799, 0.00129644025583, -0.00377025688067, 0.0012764481362, -0.00389978010207, 0.000352099421434, -0.00312333600596, 0.00353771983646, -0.00074121094076, 0.00297809019685], [-0.000997058697976, 0.00180118915159, -0.00374310556799, 0.00860049016774, -0.00338067417033, -0.00178699579556, -0.00287339580245, 0.000809631368611, -0.000509458885062, 0.00934354960918, -0.0010115976911, 0.00126466609072, -0.00398146081716], [0.000570661039092, -0.0022103516385, 0.00129644025583, -0.00338067417033, 0.00963089987636, -0.00387316173874, 0.000701243698131, -0.00147107581142, 0.000357868033461, -0.00294036674313, 0.00113061699085, -0.00302136410028, 0.00286160618998], [-0.000885898014531, 0.00136786419898, -0.00377025688067, -0.00178699579556, -0.00387316173874, 0.0168299078941, -0.00689364597201, 0.00437558116391, 0.00194452085998, 0.000617681478616, -0.00496111670509, 0.00203408370726, -0.00254703895189], [0.00126720604021, -0.00271092657931, 0.0012764481362, -0.00287339580245, 0.000701243698131, -0.00689364597201, 0.016140691936, -0.00215101358481, 0.000969998945948, -0.00570250907913, 0.00289302552119, -0.00431093201041, 0.00424006488174], [-0.00150527735241, 0.00111581617966, -0.00389978010207, 0.000809631368611, -0.00147107581142, 0.00437558116391, -0.00215101358481, 0.0211273599416, -0.0073633203283, 0.000783302180935, -0.00596682028845, 0.00790826417506, -0.00337873888202], [0.00147004087921, -0.00225988868624, 0.000352099421434, -0.000509458885062, 0.000357868033461, 0.00194452085998, 0.000969998945948, -0.0073633203283, 0.0167715027928, -0.00977047067136, 0.00581827247515, -0.00498673599213, 0.00245609157719], [-0.00241314736195, 0.00335270003416, -0.00312333600596, 0.00934354960918, -0.00294036674313, 0.000617681478616, -0.00570250907913, 0.000783302180935, -0.00977047067136, 0.0297784265131, -0.00774515094236, 0.000330271344865, -0.00106879207306], [0.00150543102063, -0.00269144703634, 0.00353771983646, -0.0010115976911, 0.00113061699085, -0.00496111670509, 0.00289302552119, -0.00596682028845, 0.00581827247515, -0.00774515094236, 0.0193063225597, -0.00558814266697, -0.00341533776373], [-0.000935496529564, 0.0045138890855, -0.00074121094076, 0.00126466609072, -0.00302136410028, 0.00203408370726, -0.00431093201041, 0.00790826417506, -0.00498673599213, 0.000330271344865, -0.00558814266697, 0.0199383851141, -0.00160186074208], [0.00149457005318, -0.000702432356775, 0.00297809019685, -0.00398146081716, 0.00286160618998, -0.00254703895189, 0.00424006488174, -0.00337873888202, 0.00245609157719, -0.00106879207306, -0.00341533776373, -0.00160186074208, 0.014975681901]]
    },
    "melbands": {
        "mean": [0.00542358215898, 0.00633140187711, 0.0019607024733, 0.000336820230586, 0.000358440971468, 0.000384636950912, 0.000497932662256, 0.000247672287514, 0.001898899558, 0.000671442481689, 2.10528669413e-005, 3.84422091884e-005, 2.03898471227e-005, 2.63908550551e-005, 0.000120604177937, 1.18212565212e-005, 1.38465866257e-005, 4.65675384476e-006, 1.99070273084e-005, 3.99602913603e-006, 3.43082342624e-006, 7.18092996976e-006, 3.85517432733e-006, 5.07049617227e-006, 6.12422809354e-006, 4.43687349616e-006, 4.16005786974e-006, 5.26011126567e-006, 5.56637678528e-006, 4.69499627798e-006, 4.70364057037e-006, 6.11726181887e-006, 2.149893362e-006, 2.26643828682e-006, 1.53796111135e-006, 1.17375373065e-006, 1.0852812693e-006, 1.01858938706e-006, 1.04843434201e-006, 7.58884482366e-007],
        "var": [3.49654910679e-005, 2.24308241741e-005, 3.84160921385e-006, 1.74340613057e-007, 1.24172558458e-007, 1.68451308014e-007, 2.65133650146e-007, 2.44519384296e-007, 5.76838192501e-006, 7.77068294155e-007, 7.65448593398e-010, 3.06531822147e-009, 6.78283096356e-010, 3.92066956678e-009, 1.38981548048e-007, 9.00053587216e-010, 3.59775015335e-010, 3.16038827053e-011, 1.3163830026e-009, 2.47754039506e-011, 1.83717867308e-011, 8.33909261089e-011, 2.5602695311e-011, 2.61523840778e-011, 4.57499489681e-011, 5.44208081377e-011, 3.16945775181e-011, 6.45199796367e-011, 5.01866499747e-011, 4.62193339157e-011, 5.44680515968e-011, 1.19860260606e-010, 1.49544196471e-011, 1.28623032364e-011, 4.13437600127e-012, 3.71404166102e-012, 4.68177276461e-012, 2.85261874886e-012, 2.86051846272e-012, 1.37994097486e-012]
    },
    "mfcc": {
        "mean": [-643.845397949, 123.383781433, 35.21144104, 32.1401443481, -4.98276853561, 5.39715194702, 6.82526683807, 3.87768292427, 8.81076145172, 7.84178590775, 11.038640976, 9.28485584259, 0.408802807331],
        "cov": [[1909.17919922, -580.779907227, -260.87979126, -107.026519775, -154.400222778, -50.8130149841, -166.193161011, -87.0668716431, -130.751693726, -8.9382019043, 11.320763588, -19.6686611176, 41.8325805664], [-580.779907227, 1127.4519043, 147.103347778, 76.3428192139, 110.551879883, 1.79130172729, 51.702331543, 49.7141532898, 112.986557007, 160.062530518, 101.453315735, 85.6678161621, 9.11216068268], [-260.87979126, 147.103347778, 564.260498047, 314.812347412, 250.95880127, 220.158508301, 290.567260742, 163.28326416, 147.396453857, -27.1069202423, -29.9867420197, -40.1987991333, -57.2877388], [-107.026519775, 76.3428192139, 314.812347412, 352.541687012, 223.459747314, 210.377822876, 237.302703857, 163.829711914, 105.49432373, -33.5948524475, -37.0051231384, -56.53307724, -54.9246559143], [-154.400222778, 110.551879883, 250.95880127, 223.459747314, 281.517059326, 143.71836853, 223.697891235, 104.553131104, 94.697517395, -38.3653945923, -34.8013076782, -19.410900116, -54.3495025635], [-50.8130149841, 1.79130172729, 220.158508301, 210.377822876, 143.71836853, 311.768737793, 200.811523438, 156.637054443, 47.1942558289, -27.1976890564, -39.3047103882, -36.4168281555, -21.8917350769], [-166.193161011, 51.702331543, 290.567260742, 237.302703857, 223.697891235, 200.811523438, 392.726593018, 111.088844299, 90.1810379028, -96.4226303101, -64.6448822021, -20.5969753265, -63.2194328308], [-87.0668716431, 49.7141532898, 163.28326416, 163.829711914, 104.553131104, 156.637054443, 111.088844299, 151.635162354, 48.8525428772, -9.37117099762, -7.6364030838, -13.8898429871, -19.894908905], [-130.751693726, 112.986557007, 147.396453857, 105.49432373, 94.697517395, 47.1942558289, 90.1810379028, 48.8525428772, 108.903320313, 12.1931533813, -1.16566717625, -14.3491954803, -14.9065437317], [-8.9382019043, 160.062530518, -27.1069202423, -33.5948524475, -38.3653945923, -27.1976890564, -96.4226303101, -9.37117099762, 12.1931533813, 134.049530029, 50.9797859192, 14.3493051529, 24.0520019531], [11.320763588, 101.453315735, -29.9867420197, -37.0051231384, -34.8013076782, -39.3047103882, -64.6448822021, -7.6364030838, -1.16566717625, 50.9797859192, 83.4709320068, 53.8010940552, 27.671207428], [-19.6686611176, 85.6678161621, -40.1987991333, -56.53307724, -19.410900116, -36.4168281555, -20.5969753265, -13.8898429871, -14.3491954803, 14.3493051529, 53.8010940552, 110.429283142, 30.9425849915], [41.8325805664, 9.11216068268, -57.2877388, -54.9246559143, -54.3495025635, -21.8917350769, -63.2194328308, -19.894908905, -14.9065437317, 24.0520019531, 27.671207428, 30.9425849915, 64.8703384399]],
        "icov": [[0.000696505769156, 0.000374822004233, 0.000210897618672, -0.000389366905438, -8.73405224411e-006, -0.000139537165524, 7.98839937488e-006, 0.000419380987296, 0.000424616620876, -0.000275379832601, -0.000500865455251, 0.000108952342998, -0.000201873699552], [0.000374822004233, 0.00156929553486, 8.27164330985e-005, -0.000154508205014, -0.000392394285882, 0.000290177966235, -0.000458463473478, 1.74015203811e-005, -0.000437005452113, -0.00182952999603, -0.000851638615131, -0.00068107486004, 7.38558155717e-005], [0.000210897618672, 8.27164330985e-005, 0.00461962632835, -0.0016938156914, -0.000536978943273, -0.000573735567741, -0.00114917207975, -0.000434502755525, -0.0024820601102, -0.000267654599156, -0.000779987778515, 0.000228452816373, 0.000353837502189], [-0.000389366905438, -0.000154508205014, -0.0016938156914, 0.01159092132, -0.00335703417659, -0.000653708644677, -0.00146227807272, -0.00589871266857, -0.00164720823523, 0.000383274978958, -0.00156959053129, 0.00387317757122, 0.000624931999482], [-8.73405224411e-006, -0.000392394285882, -0.000536978943273, -0.00335703417659, 0.00982530135661, -0.000372866779799, -0.00167775619775, 0.000316726363963, -0.00269035855308, 0.000390294997487, 0.00170129607432, -0.0023320550099, 0.0029359832406], [-0.000139537165524, 0.000290177966235, -0.000573735567741, -0.000653708644677, -0.000372866779799, 0.00956627447158, -0.00332025717944, -0.00744475284591, 0.00319085386582, -0.00223450083286, 0.00187433557585, 0.00153620797209, -0.00358454231173], [7.98839937488e-006, -0.000458463473478, -0.00114917207975, -0.00146227807272, -0.00167775619775, -0.00332025717944, 0.00856228265911, 0.00249539944343, -0.00234843790531, 0.00418811291456, 0.00266766035929, -0.00318894791417, 0.00268056453206], [0.000419380987296, 1.74015203811e-005, -0.000434502755525, -0.00589871266857, 0.000316726363963, -0.00744475284591, 0.00249539944343, 0.0197544116527, -0.00137235876173, 0.00111019972246, -0.00235343747772, -0.00229190569371, 0.00196248106658], [0.000424616620876, -0.000437005452113, -0.0024820601102, -0.00164720823523, -0.00269035855308, 0.00319085386582, -0.00234843790531, -0.00137235876173, 0.0189621411264, -0.0032369622495, -0.00146197201684, 0.00306462193839, -0.002966505941], [-0.000275379832601, -0.00182952999603, -0.000267654599156, 0.000383274978958, 0.000390294997487, -0.00223450083286, 0.00418811291456, 0.00111019972246, -0.0032369622495, 0.0146182877943, -0.00545893004164, 0.00215826765634, -0.00034710453474], [-0.000500865455251, -0.000851638615131, -0.000779987778515, -0.00156959053129, 0.00170129607432, 0.00187433557585, 0.00266766035929, -0.00235343747772, -0.00146197201684, -0.00545893004164, 0.0268773250282, -0.0114210257307, -0.00196828460321], [0.000108952342998, -0.00068107486004, 0.000228452816373, 0.00387317757122, -0.0023320550099, 0.00153620797209, -0.00318894791417, -0.00229190569371, 0.00306462193839, 0.00215826765634, -0.0114210257307, 0.018138576299, -0.00561576103792], [-0.000201873699552, 7.38558155717e-005, 0.000353837502189, 0.000624931999482, 0.0029359832406, -0.00358454231173, 0.00268056453206, 0.00196248106658, -0.002966505941, -0.00034710453474, -0.00196828460321, -0.00561576103792, 0.0238064173609]]
    },
    "spectral_contrast_coeffs": {
        "mean": [-0.633862376213, -0.637962281704, -0.790765762329, -0.765307664871, -0.775340616703, -0.740407824516],
        "var": [0.00366866961122, 0.014283769764, 0.00245029991493, 0.00511820055544, 0.00267640687525, 0.00110990577377]
    },
    "spectral_contrast_valleys": {
        "mean": [-6.93307065964, -6.72688102722, -7.67537689209, -8.26264667511, -8.04060745239, -10.2013120651],
        "var": [1.11094129086, 0.432754546404, 0.400186300278, 0.428588837385, 0.619784474373, 0.772494375706]
    }
},
"metadata": {
    "audio_properties": {
        "analysis_sample_rate": 44100,
        "bit_rate": 128074,
        "equal_loudness": 0,
        "length": 45.0612258911,
        "lossless": 0,
        "replay_gain": -6.22819137573,
        "sample_rate": 44100,
        "codec": "mp3",
        "downmix": "mix",
        "md5_encoded": "9b18158904c5669c66a62dc630d3722b"
    },
    "tags": {
        "file_name": "1840.mp3"
    },
    "version": {
        "essentia": "2.1-beta2",
        "essentia_git_sha": "v2.1_beta2",
        "extractor": "music 1.0"
    }
},
"rhythm": {
    "beats_count": 114,
    "beats_loudness": {
        "mean": 0.0565376244485,
        "var": 0.000324957800331
    },
    "bpm": 153.612091064,
    "bpm_histogram_first_peak_bpm": {
        "mean": 152,
        "var": 0
    },
    "bpm_histogram_first_peak_spread": {
        "mean": 0.0441176630557,
        "var": 0
    },
    "bpm_histogram_first_peak_weight": {
        "mean": 0.57522124052,
        "var": 0
    },
    "bpm_histogram_second_peak_bpm": {
        "mean": 157,
        "var": 0
    },
    "bpm_histogram_second_peak_spread": {
        "mean": 0.0681818425655,
        "var": 0
    },
    "bpm_histogram_second_peak_weight": {
        "mean": 0.362831860781,
        "var": 0
    },
    "danceability": 1.38254320621,
    "onset_rate": 4.52513360977,
    "beats_loudness_band_ratio": {
        "mean": [0.615117609501, 0.062386482954, 0.249493688345, 0.0391409732401, 0.0117945848033, 0.0424367114902],
        "var": [0.0764860585332, 0.00274508423172, 0.0575999394059, 0.00630090804771, 0.000140419389936, 0.00258600106463]
    },
    "beats_position": [0.429569154978, 0.870748281479, 1.27709746361, 1.67183673382, 2.06657600403, 2.46131515503, 2.8444442749, 3.22757363319, 3.62231278419, 4.00544214249, 4.38857126236, 4.78331041336, 5.17804956436, 5.5727891922, 5.9675283432, 6.35065746307, 6.73378658295, 7.12852573395, 7.52326536179, 7.91800451279, 8.28952407837, 8.68426322937, 9.07900238037, 9.47374153137, 9.84526062012, 10.2399997711, 10.6347389221, 11.0294780731, 11.4242172241, 11.7957363129, 12.1904764175, 12.5852155685, 12.9799547195, 13.3630838394, 13.7462129593, 14.1409521103, 14.5356912613, 14.9188203812, 15.301949501, 15.696688652, 16.0914287567, 16.4861679077, 16.8692970276, 17.2524261475, 17.6471652985, 18.0419044495, 18.4366436005, 18.8197727203, 19.2029018402, 19.5976409912, 19.9807701111, 20.363899231, 20.758638382, 21.153377533, 21.548116684, 21.942855835, 22.3375968933, 22.7207260132, 23.1038551331, 23.4985942841, 23.8933334351, 24.2764625549, 24.6595916748, 25.0543308258, 25.4374599457, 25.8205890656, 26.2153282166, 26.6100673676, 26.9931964874, 27.3879356384, 27.7826747894, 28.1658039093, 28.5605430603, 28.9436721802, 29.3384113312, 29.7215423584, 30.1162815094, 30.5110206604, 30.8941497803, 31.2772789001, 31.6720180511, 32.0667572021, 32.449886322, 32.8446235657, 33.239364624, 33.6224937439, 34.0056228638, 34.3887519836, 34.783493042, 35.1782302856, 35.572971344, 35.9677085876, 36.3508377075, 36.7339668274, 37.1287078857, 37.5234451294, 37.9065742493, 38.2897033691, 38.6844444275, 39.0791816711, 39.462310791, 39.8454399109, 40.2401809692, 40.6349182129, 41.0180473328, 41.4011802673, 41.795917511, 42.1906585693, 42.585395813, 42.9801368713, 43.3632659912, 43.7580032349, 44.164352417, 44.5707015991]
},
"tonal": {
    "chords_changes_rate": 0.0874485597014,
    "chords_number_rate": 0.0113168722019,
    "chords_strength": {
        "mean": 0.46953368187,
        "var": 0.00595665210858
    },
    "hpcp_entropy": {
        "mean": 1.56019747257,
        "var": 0.537887811661
    },
    "key_strength": 0.579178273678,
    "tuning_diatonic_strength": 0.450300633907,
    "tuning_equal_tempered_deviation": 0.0493300668895,
    "tuning_frequency": 440.254241943,
    "tuning_nontempered_energy_ratio": 0.673386454582,
    "hpcp": {
        "mean": [0.0407276600599, 0.0430782027543, 0.064297363162, 0.0797809958458, 0.0797890722752, 0.177842527628, 0.231334611773, 0.133293733001, 0.100079186261, 0.10431137681, 0.0678483471274, 0.0765782222152, 0.0855843499303, 0.0458409711719, 0.0250048357993, 0.0287376251072, 0.0525474213064, 0.28746086359, 0.465390533209, 0.235217928886, 0.0246855914593, 0.0110269375145, 0.0292039234191, 0.103817306459, 0.111717097461, 0.0430816709995, 0.0587594658136, 0.0773037075996, 0.0412963218987, 0.0402005165815, 0.0480014197528, 0.0284456890076, 0.064350515604, 0.104938410223, 0.064439855516, 0.034101061523],
        "var": [0.0246150437742, 0.0239519551396, 0.0274852570146, 0.0318854637444, 0.0291145388037, 0.0936017781496, 0.141239628196, 0.0536784157157, 0.057393617928, 0.0713742226362, 0.031779743731, 0.0436787232757, 0.0587504915893, 0.0211471077055, 0.0111420182511, 0.0177426487207, 0.0146924555302, 0.0799688771367, 0.178082317114, 0.0614076703787, 0.00790633168072, 0.00402890704572, 0.00934596732259, 0.067452147603, 0.0814912319183, 0.0139283100143, 0.0290021579713, 0.0495268553495, 0.0128805395216, 0.0116164190695, 0.0133595075458, 0.00656268652529, 0.023563016206, 0.057005956769, 0.0222093611956, 0.0169443450868]
    },
    "chords_histogram": [43.41563797, 13.5802469254, 6.06995868683, 3.08641982079, 0, 0, 0, 10.6995887756, 1.64609050751, 8.33333301544, 2.57201647758, 0, 0, 0, 0.102880656719, 0, 0, 3.18930029869, 5.96707820892, 1.33744859695, 0, 0, 0, 0],
    "thpcp": [1, 0.505420506001, 0.053042743355, 0.0236939452589, 0.0627514347434, 0.223075672984, 0.240050211549, 0.0925710052252, 0.126258403063, 0.166105031967, 0.0887347683311, 0.0863801762462, 0.103142231703, 0.0611221902072, 0.138272076845, 0.225484624505, 0.138464048505, 0.073274075985, 0.0875128656626, 0.0925635546446, 0.138157859445, 0.171428054571, 0.171445414424, 0.382136106491, 0.497076302767, 0.286412656307, 0.215043455362, 0.224137291312, 0.145787984133, 0.164546146989, 0.183897912502, 0.0985000059009, 0.0537287145853, 0.06174948439, 0.112910374999, 0.61767667532],
    "chords_key": "G#",
    "chords_scale": "minor",
    "key_key": "G#",
    "key_scale": "minor"
}
}