{
"lowlevel": {
    "average_loudness": 0.805120229721,
    "barkbands_crest": {
        "mean": 10.8798217773,
        "var": 9.28231048584
    },
    "barkbands_flatness_db": {
        "mean": 0.241145610809,
        "var": 0.00302024045959
    },
    "barkbands_kurtosis": {
        "mean": 6.4307141304,
        "var": 33.8978729248
    },
    "barkbands_skewness": {
        "mean": 1.39193105698,
        "var": 1.36490643024
    },
    "barkbands_spread": {
        "mean": 10.9788780212,
        "var": 64.4062805176
    },
    "dissonance": {
        "mean": 0.43885192275,
        "var": 0.00176083890256
    },
    "dynamic_complexity": 2.15939164162,
    "erbbands_crest": {
        "mean": 13.9722137451,
        "var": 19.7778873444
    },
    "erbbands_flatness_db": {
        "mean": 0.266103386879,
        "var": 0.00636670086533
    },
    "erbbands_kurtosis": {
        "mean": 5.36216974258,
        "var": 47.5140533447
    },
    "erbbands_skewness": {
        "mean": 0.46349671483,
        "var": 1.18086743355
    },
    "erbbands_spread": {
        "mean": 20.8483772278,
        "var": 290.676849365
    },
    "hfc": {
        "mean": 18.2417373657,
        "var": 126.118461609
    },
    "melbands_crest": {
        "mean": 15.7624692917,
        "var": 20.1802330017
    },
    "melbands_flatness_db": {
        "mean": 0.304239213467,
        "var": 0.00525336107239
    },
    "melbands_kurtosis": {
        "mean": 11.0167341232,
        "var": 110.949104309
    },
    "melbands_skewness": {
        "mean": 1.73892259598,
        "var": 3.96930789948
    },
    "melbands_spread": {
        "mean": 13.1522264481,
        "var": 69.5963973999
    },
    "pitch_salience": {
        "mean": 0.417120426893,
        "var": 0.0125960353762
    },
    "silence_rate_20dB": {
        "mean": 1,
        "var": 0
    },
    "silence_rate_30dB": {
        "mean": 0.99330586195,
        "var": 0.00664932280779
    },
    "silence_rate_60dB": {
        "mean": 0.00154479919001,
        "var": 0.00154241069686
    },
    "spectral_centroid": {
        "mean": 1012.49243164,
        "var": 159519.484375
    },
    "spectral_complexity": {
        "mean": 10.1663236618,
        "var": 11.7225761414
    },
    "spectral_decrease": {
        "mean": -8.56883453082e-009,
        "var": 5.17551656064e-017
    },
    "spectral_energy": {
        "mean": 0.0339953452349,
        "var": 0.000768811092712
    },
    "spectral_energyband_high": {
        "mean": 0.000447261496447,
        "var": 1.50397409016e-006
    },
    "spectral_energyband_low": {
        "mean": 0.0170472078025,
        "var": 0.000394515576772
    },
    "spectral_energyband_middle_high": {
        "mean": 0.0078778732568,
        "var": 8.40792199597e-006
    },
    "spectral_energyband_middle_low": {
        "mean": 0.0110555971041,
        "var": 0.000283986883005
    },
    "spectral_entropy": {
        "mean": 6.7805519104,
        "var": 0.213115394115
    },
    "spectral_flux": {
        "mean": 0.0542886927724,
        "var": 0.000649688823614
    },
    "spectral_kurtosis": {
        "mean": 9.21835613251,
        "var": 59.7323188782
    },
    "spectral_rms": {
        "mean": 0.00526199908927,
        "var": 5.47760646441e-006
    },
    "spectral_rolloff": {
        "mean": 1141.23950195,
        "var": 651766.4375
    },
    "spectral_skewness": {
        "mean": 2.48640632629,
        "var": 0.798701167107
    },
    "spectral_spread": {
        "mean": 4927402,
        "var": 4.48217376358e+012
    },
    "spectral_strongpeak": {
        "mean": 1.82369160652,
        "var": 1.79164230824
    },
    "zerocrossingrate": {
        "mean": 0.053817294538,
        "var": 0.000624129257631
    },
    "barkbands": {
        "mean": [1.98181460291e-005, 0.00629696948454, 0.00836615543813, 0.00353223807178, 0.00268659344874, 0.00315602286719, 0.000788544653915, 0.000589551345911, 0.000147142898641, 0.000802424969152, 0.00254412321374, 0.000928364228457, 0.00126325828023, 0.00114646577276, 0.00095611542929, 0.000181483381311, 2.00874419534e-005, 3.95190181735e-005, 6.36975382804e-005, 6.3136445533e-005, 0.00010243817087, 5.67019233131e-005, 2.68161256827e-005, 0.000128560001031, 8.13725273474e-005, 7.23583980289e-006, 5.38584515652e-007],
        "var": [5.20574827689e-009, 7.676678797e-005, 9.78993775789e-005, 3.3646421798e-005, 3.63212056982e-005, 8.96855126484e-005, 1.5886807887e-005, 2.86398721983e-006, 2.6546408094e-007, 1.39726967063e-006, 7.2594411904e-006, 1.09261247871e-006, 2.37474910136e-006, 2.01226839636e-006, 9.96993094304e-007, 1.97710377847e-007, 4.84550266577e-009, 1.52725085911e-008, 5.95637246192e-008, 1.36658940164e-007, 8.12455311916e-008, 1.39434845892e-007, 5.89037583154e-008, 6.92404356073e-008, 1.66604010587e-008, 3.0125577033e-010, 8.73575571689e-013]
    },
    "erbbands": {
        "mean": [0.0604805648327, 1.88070464134, 8.62916564941, 12.5134553909, 6.59481906891, 8.63397502899, 21.1233692169, 27.1613922119, 19.9318332672, 9.10644245148, 9.53459262848, 4.3016705513, 12.8514089584, 85.5907516479, 60.920211792, 42.3734092712, 62.3963394165, 72.0696640015, 48.4743041992, 28.9691677094, 6.18247699738, 1.17997610569, 1.81066298485, 4.4544262886, 1.81250965595, 3.01869320869, 4.87216663361, 2.98239398003, 2.16616153717, 1.32182896137, 0.723367869854, 1.14732420444, 3.03367114067, 1.49889540672, 0.273711323738, 0.0440885908902, 0.0126431984827, 0.0025544622913, 9.03821928659e-005, 4.21335789724e-005],
        "var": [0.0103667378426, 6.37448501587, 105.864456177, 267.143981934, 253.900939941, 489.912322998, 2681.22949219, 10057.7851563, 9604.04882813, 618.819335938, 897.950805664, 190.861175537, 463.594451904, 8343.48339844, 7126.61962891, 1782.15380859, 4866.5546875, 6053.65820313, 2352.24243164, 1009.07452393, 158.823898315, 12.5438022614, 28.5511398315, 279.240997314, 89.0869903564, 325.109527588, 207.966064453, 83.6699066162, 142.162841797, 166.233291626, 39.006855011, 28.3281955719, 24.4987506866, 5.26558923721, 0.228134989738, 0.00928713288158, 0.0010953588644, 2.57378105744e-005, 1.54845860578e-008, 1.01737862579e-009]
    },
    "gfcc": {
        "mean": [-59.8088340759, 72.4030914307, -123.684402466, -11.2005777359, -36.7087478638, 52.5431480408, -35.3837051392, -7.47161245346, -48.8100585938, 8.38460731506, -17.2114467621, -12.9095096588, 5.5626783371],
        "cov": [[5499.96923828, 1574.90368652, 1966.15100098, 2266.10498047, -975.808105469, -980.67956543, -769.256774902, 144.635650635, 88.4801330566, 124.704490662, 437.253662109, -173.764190674, 20.4190711975], [1574.90368652, 1555.89892578, 1333.49267578, 1266.80749512, 377.029144287, -78.9833526611, 26.8375682831, -96.1775436401, 8.09149932861, -160.754867554, 34.4458503723, -114.645309448, -21.1893501282], [1966.15100098, 1333.49267578, 1586.13171387, 1439.06201172, 88.8710403442, -153.512481689, -182.802734375, -74.2609634399, 9.08969020844, -127.315994263, 124.832893372, -117.600349426, -71.8468093872], [2266.10498047, 1266.80749512, 1439.06201172, 2039.69250488, 495.210998535, -69.6668624878, 114.62487793, -26.3674602509, 234.611068726, -62.2896995544, 52.2097129822, -16.4326534271, -71.2061920166], [-975.808105469, 377.029144287, 88.8710403442, 495.210998535, 1459.63171387, 665.11907959, 685.641052246, -157.590744019, 175.820602417, -108.247764587, -333.148010254, 136.322921753, -38.7471923828], [-980.67956543, -78.9833526611, -153.512481689, -69.6668624878, 665.11907959, 564.418151855, 434.703369141, -98.6131896973, 15.2783985138, -140.194519043, -202.035644531, 39.9069328308, -74.3723907471], [-769.256774902, 26.8375682831, -182.802734375, 114.62487793, 685.641052246, 434.703369141, 744.678894043, 94.5852737427, 121.078987122, -54.1355400085, -182.435317993, 95.8230438232, -57.9642372131], [144.635650635, -96.1775436401, -74.2609634399, -26.3674602509, -157.590744019, -98.6131896973, 94.5852737427, 252.695632935, 96.8499069214, 37.3261756897, 33.1046409607, 19.9119815826, 46.7965240479], [88.4801330566, 8.09149932861, 9.08969020844, 234.611068726, 175.820602417, 15.2783985138, 121.078987122, 96.8499069214, 220.820770264, 90.2729110718, -41.4343261719, 39.1509742737, 14.7394809723], [124.704490662, -160.754867554, -127.315994263, -62.2896995544, -108.247764587, -140.194519043, -54.1355400085, 37.3261756897, 90.2729110718, 255.678283691, 91.080116272, 7.51155614853, -11.8622398376], [437.253662109, 34.4458503723, 124.832893372, 52.2097129822, -333.148010254, -202.035644531, -182.435317993, 33.1046409607, -41.4343261719, 91.080116272, 210.741577148, -25.9751796722, -25.250535965], [-173.764190674, -114.645309448, -117.600349426, -16.4326534271, 136.322921753, 39.9069328308, 95.8230438232, 19.9119815826, 39.1509742737, 7.51155614853, -25.9751796722, 115.87449646, 46.6431350708], [20.4190711975, -21.1893501282, -71.8468093872, -71.2061920166, -38.7471923828, -74.3723907471, -57.9642372131, 46.7965240479, 14.7394809723, -11.8622398376, -25.250535965, 46.6431350708, 142.926971436]],
        "icov": [[0.00131876138039, -0.001528230845, 0.00109988462646, -0.00225683115423, 0.00183627184015, -0.00141313369386, 0.00169668428134, -0.00197635567747, 0.00205421703868, -0.00231030536816, 0.00200372282416, -0.00183650024701, 0.000660969002638], [-0.001528230845, 0.00775070721284, -0.00606230273843, 0.00370922009461, -0.00501215225086, 0.00723955966532, -0.00600458029658, 0.00584188848734, -0.00384405557998, 0.00602488592267, -0.0053689526394, 0.00869638100266, -0.00466169556603], [0.00109988462646, -0.00606230273843, 0.00763057358563, -0.00490979664028, 0.0034600358922, -0.00589702883735, 0.00568136293441, -0.00534754153341, 0.00450821220875, -0.00401511695236, 0.00341791845858, -0.00511977309361, 0.00373471761122], [-0.00225683115423, 0.00370922009461, -0.00490979664028, 0.00685041723773, -0.0042795422487, 0.00523616513237, -0.0048732063733, 0.00566750625148, -0.00716741755605, 0.00608785171062, -0.00528884073719, 0.00398267665878, -0.00144003063906], [0.00183627184015, -0.00501215225086, 0.0034600358922, -0.0042795422487, 0.00754789449275, -0.00714483344927, 0.00282863201573, -0.0021506480407, 0.00258092279546, -0.00603595096618, 0.00627891346812, -0.00737930135801, 0.0015318695223], [-0.00141313369386, 0.00723955966532, -0.00589702883735, 0.00523616513237, -0.00714483344927, 0.0155216306448, -0.00855949241668, 0.00836593378335, -0.00599407497793, 0.00981471408159, -0.00567574426532, 0.00932961981744, -0.00176583661232], [0.00169668428134, -0.00600458029658, 0.00568136293441, -0.0048732063733, 0.00282863201573, -0.00855949241668, 0.0108040636405, -0.0105673726648, 0.00661908695474, -0.00672466726974, 0.00646223127842, -0.00865823961794, 0.00617640884593], [-0.00197635567747, 0.00584188848734, -0.00534754153341, 0.00566750625148, -0.0021506480407, 0.00836593378335, -0.0105673726648, 0.017291629687, -0.0120966956019, 0.00898771639913, -0.00844644289464, 0.00804482959211, -0.007017260883], [0.00205421703868, -0.00384405557998, 0.00450821220875, -0.00716741755605, 0.00258092279546, -0.00599407497793, 0.00661908695474, -0.0120966956019, 0.0188714563847, -0.0118032004684, 0.00983885582536, -0.00608614785597, 0.00285633187741], [-0.00231030536816, 0.00602488592267, -0.00401511695236, 0.00608785171062, -0.00603595096618, 0.00981471408159, -0.00672466726974, 0.00898771639913, -0.0118032004684, 0.0162370912731, -0.011255136691, 0.00827406905591, -0.0020850149449], [0.00200372282416, -0.0053689526394, 0.00341791845858, -0.00528884073719, 0.00627891346812, -0.00567574426532, 0.00646223127842, -0.00844644289464, 0.00983885582536, -0.011255136691, 0.018522458151, -0.0100714070722, 0.00674636056647], [-0.00183650024701, 0.00869638100266, -0.00511977309361, 0.00398267665878, -0.00737930135801, 0.00932961981744, -0.00865823961794, 0.00804482959211, -0.00608614785597, 0.00827406905591, -0.0100714070722, 0.0247305557132, -0.0108645744622], [0.000660969002638, -0.00466169556603, 0.00373471761122, -0.00144003063906, 0.0015318695223, -0.00176583661232, 0.00617640884593, -0.007017260883, 0.00285633187741, -0.0020850149449, 0.00674636056647, -0.0108645744622, 0.0159396603703]]
    },
    "melbands": {
        "mean": [0.00116115284618, 0.00401144707575, 0.0020313875284, 0.000420817203121, 0.000711679924279, 0.000611640803982, 0.000271093798801, 0.00010450562695, 6.58101853332e-005, 2.62641115114e-005, 5.67884017073e-005, 0.000322136766044, 0.000233788901824, 0.000107061649032, 0.00010738443234, 0.000155200992594, 0.000136388407554, 6.68107750244e-005, 7.59855465731e-005, 1.86074248631e-005, 3.54773897016e-006, 1.1326699223e-006, 9.55920427259e-007, 2.24977338803e-006, 4.02277009925e-006, 1.31182980567e-006, 1.2550970041e-006, 2.15735667553e-006, 3.15512238558e-006, 2.53510506809e-006, 1.48541835188e-006, 1.27128180338e-006, 9.88557303572e-007, 6.2431229253e-007, 4.0780719246e-007, 3.58591904615e-007, 7.97753443749e-007, 2.12374789044e-006, 2.08215669772e-006, 9.92729724203e-007],
        "var": [2.9536367947e-006, 2.2835265554e-005, 7.23173479855e-006, 1.05548019746e-006, 2.61295895143e-006, 4.69824090032e-006, 1.75093794041e-006, 9.6052346521e-008, 4.99613150851e-008, 8.80609896114e-009, 1.23948629138e-008, 1.21032599054e-007, 6.90613930487e-008, 1.33111450751e-008, 2.6954333876e-008, 4.08819893494e-008, 2.88688930539e-008, 5.68477886986e-009, 6.90966750483e-009, 1.85078230519e-009, 5.42958802918e-011, 1.93549724858e-011, 8.93651905948e-012, 5.04213927555e-011, 2.5482047028e-010, 2.70480634418e-011, 9.80091910407e-011, 1.65773367256e-010, 9.64638785517e-011, 5.09877938482e-011, 2.42622241742e-011, 3.69433060532e-011, 8.3245396687e-011, 3.88729985701e-011, 1.33473379918e-011, 9.00243594948e-012, 1.22285983423e-011, 1.39185156456e-011, 8.8611123647e-012, 3.08601386632e-012]
    },
    "mfcc": {
        "mean": [-719.167724609, 122.485984802, -14.0121040344, -30.0053024292, 13.2581682205, 31.3573493958, 40.2791786194, -20.8823986053, 5.88892745972, -6.59843397141, -7.74183702469, -14.6623153687, -9.44745826721],
        "cov": [[4592.19921875, 123.447380066, 2272.49487305, 2017.47277832, 349.57131958, -913.375061035, -443.330993652, -621.585998535, 32.7677612305, -551.731506348, 274.996826172, 456.379516602, -99.1185455322], [123.447380066, 841.683532715, 434.06439209, 478.193908691, 354.528015137, 250.462646484, 192.830108643, 70.1969909668, 85.9518737793, -41.4158172607, -61.4919281006, -18.0676612854, -21.2207832336], [2272.49487305, 434.06439209, 1897.18701172, 1223.83703613, 407.337188721, -424.719940186, -130.448867798, -217.621261597, -86.368522644, -319.391448975, 49.7804756165, 187.870101929, -199.966033936], [2017.47277832, 478.193908691, 1223.83703613, 1981.21240234, 786.674499512, 382.298706055, 59.2838745117, 181.203582764, 371.172729492, -142.823638916, 82.7048187256, 261.09942627, 154.055206299], [349.57131958, 354.528015137, 407.337188721, 786.674499512, 736.464294434, 534.539367676, 69.709236145, 139.443771362, 180.977050781, -55.5122795105, -143.796203613, 156.641906738, 105.461654663], [-913.375061035, 250.462646484, -424.719940186, 382.298706055, 534.539367676, 1231.71655273, 346.062042236, 528.851623535, 237.751403809, 241.234939575, -69.4839782715, -34.3548927307, 180.032241821], [-443.330993652, 192.830108643, -130.448867798, 59.2838745117, 69.709236145, 346.062042236, 313.461547852, 300.439361572, 53.3911705017, 106.944473267, 0.478734850883, -75.6780166626, 21.5905685425], [-621.585998535, 70.1969909668, -217.621261597, 181.203582764, 139.443771362, 528.851623535, 300.439361572, 639.063964844, 214.211853027, 195.081222534, -75.4484405518, -125.077972412, 100.953437805], [32.7677612305, 85.9518737793, -86.368522644, 371.172729492, 180.977050781, 237.751403809, 53.3911705017, 214.211853027, 370.812835693, 89.6386947632, -10.2996349335, 11.4460439682, 140.368804932], [-551.731506348, -41.4158172607, -319.391448975, -142.823638916, -55.5122795105, 241.234939575, 106.944473267, 195.081222534, 89.6386947632, 223.591583252, 44.1542396545, -70.1843109131, 42.9054031372], [274.996826172, -61.4919281006, 49.7804756165, 82.7048187256, -143.796203613, -69.4839782715, 0.478734850883, -75.4484405518, -10.2996349335, 44.1542396545, 304.394866943, 81.4637985229, -38.5082740784], [456.379516602, -18.0676612854, 187.870101929, 261.09942627, 156.641906738, -34.3548927307, -75.6780166626, -125.077972412, 11.4460439682, -70.1843109131, 81.4637985229, 224.354507446, 26.2930374146], [-99.1185455322, -21.2207832336, -199.966033936, 154.055206299, 105.461654663, 180.032241821, 21.5905685425, 100.953437805, 140.368804932, 42.9054031372, -38.5082740784, 26.2930374146, 235.759643555]],
        "icov": [[0.00158390053548, 0.000589709903579, -0.000898906204384, -0.00152922864072, 0.000939704943448, 0.000289819494355, 8.24870294309e-005, 0.000864260597154, -0.000313067343086, 0.000880905019585, -4.63103933726e-005, -0.000436183414422, 3.67659094991e-006], [0.000589709903579, 0.00263267126866, -0.000820445711724, -0.000467553181807, -0.000826600182336, 0.000159768751473, -0.00233850837685, 0.00163030088879, -0.000914860458579, 0.000516389322001, -8.89018338057e-005, 0.0011867453577, 0.000162190568517], [-0.000898906204384, -0.000820445711724, 0.0031063859351, -0.000896132725757, -0.00190051994286, 0.00152994622476, 0.000514411483891, -0.00113755534403, 0.00187446875498, -0.000603928521741, -0.000331278075464, 0.000938185607083, 0.0017255411949], [-0.00152922864072, -0.000467553181807, -0.000896132725757, 0.00426062056795, -0.00187991338316, -0.000950883084442, -0.000204852418392, -0.00117880804464, -0.0015928541543, 0.000624130887445, -0.00155673036352, 0.000334434618708, -0.00159535137936], [0.000939704943448, -0.000826600182336, -0.00190051994286, -0.00187991338316, 0.00975180231035, -0.00407545035705, 0.000903679931071, 0.00123512465507, -0.00149478693493, 0.00112928741146, 0.00525781838223, -0.00615342380479, 0.000304857210722], [0.000289819494355, 0.000159768751473, 0.00152994622476, -0.000950883084442, -0.00407545035705, 0.00427072960883, -0.00103095418308, -0.0009045098559, 0.00145028892439, -0.00172011204995, -0.00157960981596, 0.00184776959941, 8.42594381538e-005], [8.24870294309e-005, -0.00233850837685, 0.000514411483891, -0.000204852418392, 0.000903679931071, -0.00103095418308, 0.00949313584715, -0.00416040094569, 0.0019116451731, 0.000242358393734, -0.00135983969085, -1.61137304531e-005, 0.000286924332613], [0.000864260597154, 0.00163030088879, -0.00113755534403, -0.00117880804464, 0.00123512465507, -0.0009045098559, -0.00416040094569, 0.00606651138514, -0.00211810437031, -0.00123885076027, 0.00184709671885, 0.000731963140424, -5.63513385714e-005], [-0.000313067343086, -0.000914860458579, 0.00187446875498, -0.0015928541543, -0.00149478693493, 0.00145028892439, 0.0019116451731, -0.00211810437031, 0.00662969285622, -0.0024492056109, -0.000414579437347, 0.000733379856683, -0.00094118056586], [0.000880905019585, 0.000516389322001, -0.000603928521741, 0.000624130887445, 0.00112928741146, -0.00172011204995, 0.000242358393734, -0.00123885076027, -0.0024492056109, 0.0114377727732, -0.00305769615807, 0.00123390404042, -0.000446941441623], [-4.63103933726e-005, -8.89018338057e-005, -0.000331278075464, -0.00155673036352, 0.00525781838223, -0.00157960981596, -0.00135983969085, 0.00184709671885, -0.000414579437347, -0.00305769615807, 0.00844694301486, -0.00536476261914, 0.00167794385925], [-0.000436183414422, 0.0011867453577, 0.000938185607083, 0.000334434618708, -0.00615342380479, 0.00184776959941, -1.61137304531e-005, 0.000731963140424, 0.000733379856683, 0.00123390404042, -0.00536476261914, 0.0116973612458, -0.00131172651891], [3.67659094991e-006, 0.000162190568517, 0.0017255411949, -0.00159535137936, 0.000304857210722, 8.42594381538e-005, 0.000286924332613, -5.63513385714e-005, -0.00094118056586, -0.000446941441623, 0.00167794385925, -0.00131172651891, 0.00762299448252]]
    },
    "spectral_contrast_coeffs": {
        "mean": [-0.552139401436, -0.678762078285, -0.664472699165, -0.650048911572, -0.814838409424, -0.765845179558],
        "var": [0.0150403324515, 0.0168103985488, 0.00386170181446, 0.00226318580098, 0.00175912678242, 0.0030082592275]
    },
    "spectral_contrast_valleys": {
        "mean": [-8.89026641846, -8.68979167938, -7.74343919754, -8.15598869324, -8.76660251617, -10.8785572052],
        "var": [2.18449187279, 1.0054192543, 0.503966212273, 0.469547271729, 0.598890066147, 0.806675314903]
    }
},
"metadata": {
    "audio_properties": {
        "analysis_sample_rate": 44100,
        "bit_rate": 128074,
        "equal_loudness": 0,
        "length": 45.0612258911,
        "lossless": 0,
        "replay_gain": -5.9556312561,
        "sample_rate": 44100,
        "codec": "mp3",
        "downmix": "mix",
        "md5_encoded": "1fc5fcb78d9a8bd0a43b53e634fa9bd4"
    },
    "tags": {
        "file_name": "1841.mp3"
    },
    "version": {
        "essentia": "2.1-beta2",
        "essentia_git_sha": "v2.1_beta2",
        "extractor": "music 1.0"
    }
},
"rhythm": {
    "beats_count": 87,
    "beats_loudness": {
        "mean": 0.030864469707,
        "var": 0.000876064179465
    },
    "bpm": 153.082641602,
    "bpm_histogram_first_peak_bpm": {
        "mean": 152,
        "var": 0
    },
    "bpm_histogram_first_peak_spread": {
        "mean": 0.0285714417696,
        "var": 0
    },
    "bpm_histogram_first_peak_weight": {
        "mean": 0.395348846912,
        "var": 0
    },
    "bpm_histogram_second_peak_bpm": {
        "mean": 157,
        "var": 0
    },
    "bpm_histogram_second_peak_spread": {
        "mean": 0,
        "var": 0
    },
    "bpm_histogram_second_peak_weight": {
        "mean": 0.139534890652,
        "var": 0
    },
    "danceability": 0.795660853386,
    "onset_rate": 0.75418895483,
    "beats_loudness_band_ratio": {
        "mean": [0.266133069992, 0.07938618958, 0.062075894326, 0.497426390648, 0.103353947401, 0.0233556479216],
        "var": [0.125542297959, 0.0170064773411, 0.00965282600373, 0.128793776035, 0.0202645678073, 0.00263068755157]
    },
    "beats_position": [0.383129239082, 0.766258478165, 1.14938771725, 1.54412698746, 1.93886613846, 2.32199549675, 2.71673464775, 3.11147379875, 3.50621318817, 3.90095233917, 4.29569149017, 4.69043064117, 5.08516979218, 5.4915189743, 5.88625860214, 6.28099775314, 6.67573690414, 7.07047605515, 7.46521520615, 7.85995435715, 8.25469398499, 8.64943313599, 9.04417228699, 9.42730140686, 9.81043052673, 10.1935596466, 10.5766887665, 10.95981884, 11.354557991, 11.749297142, 12.144036293, 12.538775444, 12.933514595, 13.328253746, 13.722992897, 14.117732048, 14.512471199, 14.90721035, 15.301949501, 15.696688652, 16.0914287567, 16.4861679077, 16.8809070587, 17.2640361786, 17.6471652985, 18.0302944183, 18.4134235382, 18.8081626892, 19.3190021515, 19.8182315826, 20.3174591064, 20.851518631, 21.3971881866, 21.942855835, 22.4769153595, 22.9993648529, 23.5334243774, 24.0674819946, 24.589931488, 25.1239910126, 25.7509288788, 26.3894786835, 27.0744667053, 27.7594547272, 28.4560546875, 29.1526527405, 29.8144207001, 30.476190567, 31.1379585266, 31.8113365173, 32.4847145081, 33.1580963135, 33.8314743042, 34.5048522949, 35.1782302856, 35.8400001526, 36.5017662048, 37.2680282593, 38.0458946228, 38.823764801, 39.6016311646, 40.3795013428, 41.1689796448, 41.9700660706, 42.771156311, 43.5722427368, 44.3733329773]
},
"tonal": {
    "chords_changes_rate": 0.0432098768651,
    "chords_number_rate": 0.00925925932825,
    "chords_strength": {
        "mean": 0.478759407997,
        "var": 0.00653746491298
    },
    "hpcp_entropy": {
        "mean": 1.72784101963,
        "var": 0.28362724185
    },
    "key_strength": 0.81930565834,
    "tuning_diatonic_strength": 0.598953425884,
    "tuning_equal_tempered_deviation": 0.051154255867,
    "tuning_frequency": 441.527557373,
    "tuning_nontempered_energy_ratio": 0.624446213245,
    "hpcp": {
        "mean": [0.170554071665, 0.0839043185115, 0.289238631725, 0.504437863827, 0.241900518537, 0.0187203641981, 0.0155185302719, 0.0230749621987, 0.168791308999, 0.261725842953, 0.116061478853, 0.0108299199492, 0.0111905084923, 0.0294487085193, 0.170906051993, 0.255878657103, 0.137081041932, 0.159627437592, 0.186440214515, 0.0605584345758, 0.00786116253585, 0.0135444728658, 0.0412739031017, 0.253728449345, 0.364668726921, 0.152772843838, 0.0165298637003, 0.0127275660634, 0.0260788146406, 0.235212922096, 0.371080189943, 0.164762407541, 0.0143760368228, 0.0126354619861, 0.0213527102023, 0.117312200367],
        "var": [0.0873367860913, 0.0164462327957, 0.0693526566029, 0.183392748237, 0.0480805411935, 0.00306937191635, 0.00107630353887, 0.00157551735174, 0.0568566210568, 0.115688845515, 0.0257653761655, 0.00150329549797, 0.00246965303086, 0.00817115791142, 0.0564620122313, 0.118958063424, 0.0300140958279, 0.0782923623919, 0.101900018752, 0.0139938555658, 0.000751609622966, 0.00161037791986, 0.00497469445691, 0.0830265656114, 0.153752177954, 0.0341001488268, 0.00577871967107, 0.00495938165113, 0.00655000517145, 0.073067098856, 0.156633272767, 0.0363424867392, 0.0035884922836, 0.00322319893166, 0.00408588303253, 0.0428612940013]
    },
    "chords_histogram": [26.1316871643, 3.90946507454, 18.1069965363, 0, 0.720164597034, 0, 0.205761313438, 0, 0.411522626877, 0.514403283596, 0, 0, 0, 0, 0, 1.95473253727, 0, 0.205761313438, 0, 1.44032919407, 1.33744859695, 8.23045253754, 16.563785553, 20.267490387],
    "thpcp": [1, 0.479544728994, 0.037111338228, 0.0307640079409, 0.0457439124584, 0.334612697363, 0.518846571445, 0.230080828071, 0.021469283849, 0.0221841167659, 0.0583792589605, 0.338804960251, 0.507255077362, 0.271750092506, 0.316446185112, 0.369599968195, 0.120051324368, 0.0155840059742, 0.0268506277353, 0.0818215832114, 0.502992451191, 0.722921013832, 0.302857607603, 0.0327688790858, 0.0252311863005, 0.0516987666488, 0.466287195683, 0.735631108284, 0.32662576437, 0.028499122709, 0.0250485986471, 0.0423297137022, 0.232560262084, 0.338107198477, 0.166332319379, 0.573388040066],
    "chords_key": "A#",
    "chords_scale": "major",
    "key_key": "A#",
    "key_scale": "major"
}
}