{
"lowlevel": {
    "average_loudness": 0.976425945759,
    "barkbands_crest": {
        "mean": 10.3019838333,
        "var": 10.8300676346
    },
    "barkbands_flatness_db": {
        "mean": 0.174119114876,
        "var": 0.00466045271605
    },
    "barkbands_kurtosis": {
        "mean": 8.77567481995,
        "var": 163.676055908
    },
    "barkbands_skewness": {
        "mean": 2.36515951157,
        "var": 2.07781267166
    },
    "barkbands_spread": {
        "mean": 23.3020095825,
        "var": 258.460723877
    },
    "dissonance": {
        "mean": 0.475309818983,
        "var": 0.000438427232439
    },
    "dynamic_complexity": 1.55886280537,
    "erbbands_crest": {
        "mean": 7.28218841553,
        "var": 11.9226741791
    },
    "erbbands_flatness_db": {
        "mean": 0.162533178926,
        "var": 0.00117134058382
    },
    "erbbands_kurtosis": {
        "mean": -0.27121424675,
        "var": 1.33867824078
    },
    "erbbands_skewness": {
        "mean": -0.0843202918768,
        "var": 0.630414068699
    },
    "erbbands_spread": {
        "mean": 51.4528503418,
        "var": 309.936157227
    },
    "hfc": {
        "mean": 21.0830249786,
        "var": 202.104431152
    },
    "melbands_crest": {
        "mean": 17.9320373535,
        "var": 28.7419567108
    },
    "melbands_flatness_db": {
        "mean": 0.239465892315,
        "var": 0.00758246798068
    },
    "melbands_kurtosis": {
        "mean": 28.9835395813,
        "var": 989.133728027
    },
    "melbands_skewness": {
        "mean": 4.23280668259,
        "var": 3.51182579994
    },
    "melbands_spread": {
        "mean": 18.2805404663,
        "var": 221.211868286
    },
    "pitch_salience": {
        "mean": 0.507547199726,
        "var": 0.0185737665743
    },
    "silence_rate_20dB": {
        "mean": 1,
        "var": 0
    },
    "silence_rate_30dB": {
        "mean": 0.990216255188,
        "var": 0.00968794897199
    },
    "silence_rate_60dB": {
        "mean": 0.00154479919001,
        "var": 0.00154241069686
    },
    "spectral_centroid": {
        "mean": 1497.15649414,
        "var": 746569.1875
    },
    "spectral_complexity": {
        "mean": 24.9134902954,
        "var": 198.158340454
    },
    "spectral_decrease": {
        "mean": -9.59214219165e-009,
        "var": 3.6216346189e-017
    },
    "spectral_energy": {
        "mean": 0.0381152369082,
        "var": 0.000541529909242
    },
    "spectral_energyband_high": {
        "mean": 0.00129855622072,
        "var": 1.98431280296e-006
    },
    "spectral_energyband_low": {
        "mean": 0.0228949282318,
        "var": 0.000291769305477
    },
    "spectral_energyband_middle_high": {
        "mean": 0.00387575174682,
        "var": 1.17381759992e-005
    },
    "spectral_energyband_middle_low": {
        "mean": 0.0133323492482,
        "var": 0.00014099481632
    },
    "spectral_entropy": {
        "mean": 7.51357936859,
        "var": 0.206573456526
    },
    "spectral_flux": {
        "mean": 0.0974717214704,
        "var": 0.00245329760946
    },
    "spectral_kurtosis": {
        "mean": 3.6610314846,
        "var": 17.3957672119
    },
    "spectral_rms": {
        "mean": 0.00586012331769,
        "var": 2.84458133137e-006
    },
    "spectral_rolloff": {
        "mean": 1273.17590332,
        "var": 1723054.625
    },
    "spectral_skewness": {
        "mean": 1.06512176991,
        "var": 0.408433675766
    },
    "spectral_spread": {
        "mean": 3658072.75,
        "var": 1.84156553216e+012
    },
    "spectral_strongpeak": {
        "mean": 0.528403639793,
        "var": 0.196353688836
    },
    "zerocrossingrate": {
        "mean": 0.0466708354652,
        "var": 0.000889354676474
    },
    "barkbands": {
        "mean": [0.000261431239778, 0.0086860274896, 0.0107927974313, 0.00567100057378, 0.00366986985318, 0.00124647386838, 0.000837539846543, 0.000885937304702, 0.000731733278371, 0.000468566518975, 0.000239654371399, 0.000293911289191, 0.000200071532163, 0.000312212767312, 0.000354773394065, 0.000348304194631, 0.000326025125105, 0.000481262453832, 0.000658648030367, 0.000714253634214, 0.000536758336239, 0.00027213525027, 7.35132489353e-005, 3.68915243598e-005, 1.23005102068e-005, 3.13803593599e-006, 4.36625029465e-008],
        "var": [2.16660154706e-007, 8.38711785036e-005, 8.71921511134e-005, 6.30786234979e-005, 1.82768653758e-005, 1.95948564397e-006, 6.23533196631e-007, 9.00953637029e-007, 1.35604568641e-006, 6.62065872348e-007, 7.2815609542e-008, 1.36802583484e-007, 4.54780035852e-008, 1.33686526738e-007, 1.91784579329e-007, 2.78668323972e-007, 1.59038606284e-007, 3.18358644336e-007, 1.42949431847e-006, 5.81470146699e-007, 3.70186228338e-007, 9.93099504853e-008, 6.69517685736e-009, 1.74790870666e-009, 2.68978617157e-010, 2.39882540914e-011, 2.77199561861e-014]
    },
    "erbbands": {
        "mean": [0.117384135723, 2.48544049263, 11.459939003, 17.2113952637, 17.8246364594, 9.00757980347, 6.72474241257, 11.0797271729, 14.1607580185, 12.2915353775, 21.7797794342, 17.2510070801, 19.833070755, 9.77171611786, 10.195306778, 12.9788293839, 10.0951395035, 15.5463848114, 17.7896728516, 14.7216644287, 21.4861412048, 20.8006381989, 24.99883461, 25.8347187042, 38.6059150696, 27.4751091003, 24.9408550262, 21.483133316, 10.8543348312, 4.28856134415, 1.94983410835, 1.03896570206, 0.470922678709, 0.197073474526, 0.0585209429264, 0.0167550425977, 0.00536139775068, 0.000718514784239, 3.54808580596e-005, 4.54186956631e-005],
        "var": [0.0253739375621, 6.13682365417, 84.3562698364, 382.039611816, 634.750549316, 99.2617340088, 36.3602867126, 216.85484314, 206.508270264, 140.550949097, 585.217346191, 935.348693848, 1192.91125488, 97.0797729492, 124.089820862, 275.536499023, 105.229537964, 347.513977051, 374.4715271, 287.985839844, 1018.23742676, 697.583312988, 884.594848633, 1186.82568359, 4001.86572266, 720.261657715, 816.652587891, 650.404541016, 154.216064453, 22.5064163208, 4.87610960007, 1.47940063477, 0.270231306553, 0.0670986175537, 0.0066662253812, 0.000591517891735, 7.65893128118e-005, 1.67322241396e-006, 9.81008274614e-010, 6.95887236724e-010]
    },
    "gfcc": {
        "mean": [-5.10155534744, 128.778060913, -127.706108093, 66.3381347656, -54.0629234314, 4.96549415588, -21.1077232361, 2.79691696167, -16.9034233093, -5.65264892578, -12.6017799377, -17.1034431458, -8.73881149292],
        "cov": [[5306.18701172, -1854.68127441, -553.050048828, 616.954101563, -656.717529297, 429.552154541, -218.786605835, 43.4022254944, -158.289474487, 323.712493896, -282.338867188, 433.629486084, -120.560279846], [-1854.68127441, 1264.72973633, 115.083358765, -256.272918701, 393.701049805, -233.20513916, 153.725234985, -35.7942771912, 150.3934021, -235.946258545, 193.540679932, -297.75592041, 75.2159500122], [-553.050048828, 115.083358765, 406.150085449, -181.534103394, 40.8003463745, -1.9422056675, 25.526802063, -4.11589765549, -93.8619537354, 27.8489265442, -46.7941474915, 44.2453689575, -33.3568840027], [616.954101563, -256.272918701, -181.534103394, 414.641204834, -42.9313812256, 49.9070014954, 12.0699653625, -78.4941101074, 87.7796173096, -13.2786960602, 39.1088218689, 24.6990585327, 50.6728935242], [-656.717529297, 393.701049805, 40.8003463745, -42.9313812256, 238.540145874, -59.9233627319, 62.013458252, -1.40820229053, 73.2604217529, -65.5539855957, 82.6957092285, -77.8913650513, 22.3388805389], [429.552154541, -233.20513916, -1.9422056675, 49.9070014954, -59.9233627319, 107.725662231, 2.42125058174, 7.13398218155, -31.3459453583, 39.6907119751, -32.2094688416, 60.6351242065, -14.3522577286], [-218.786605835, 153.725234985, 25.526802063, 12.0699653625, 62.013458252, 2.42125058174, 115.962501526, -23.4952831268, 30.453584671, -30.8370018005, 28.7840499878, -8.64714622498, 13.2758779526], [43.4022254944, -35.7942771912, -4.11589765549, -78.4941101074, -1.40820229053, 7.13398218155, -23.4952831268, 95.6065826416, -4.29766511917, 24.8927879333, -8.68890285492, -5.27627038956, -10.3606586456], [-158.289474487, 150.3934021, -93.8619537354, 87.7796173096, 73.2604217529, -31.3459453583, 30.453584671, -4.29766511917, 118.083251953, -33.5939674377, 62.8560256958, -58.0198364258, 33.9357337952], [323.712493896, -235.946258545, 27.8489265442, -13.2786960602, -65.5539855957, 39.6907119751, -30.8370018005, 24.8927879333, -33.5939674377, 103.946960449, -34.7453689575, 84.0221557617, -23.7679004669], [-282.338867188, 193.540679932, -46.7941474915, 39.1088218689, 82.6957092285, -32.2094688416, 28.7840499878, -8.68890285492, 62.8560256958, -34.7453689575, 98.7340545654, -43.4030456543, 35.63438797], [433.629486084, -297.75592041, 44.2453689575, 24.6990585327, -77.8913650513, 60.6351242065, -8.64714622498, -5.27627038956, -58.0198364258, 84.0221557617, -43.4030456543, 159.839187622, -15.2672462463], [-120.560279846, 75.2159500122, -33.3568840027, 50.6728935242, 22.3388805389, -14.3522577286, 13.2758779526, -10.3606586456, 33.9357337952, -23.7679004669, 35.63438797, -15.2672462463, 51.5082015991]],
        "icov": [[0.000901108782273, -0.00173070188612, 0.00150575663429, -0.0023951055482, 0.00123825401533, -0.00231741345488, 0.00121605291497, -0.00162947480567, 0.00131568207871, -0.00167809950653, 0.00214018858969, -0.00204935413785, 0.0024146605283], [-0.00173070188612, 0.0149409035221, -0.00538452668115, 0.0129841724411, -0.00710897846147, 0.0111240092665, -0.00791931618005, 0.0091092530638, -0.00749933114275, 0.0111734168604, -0.0117316264659, 0.0114181553945, -0.0104758609086], [0.00150575663429, -0.00538452668115, 0.00726583274081, -0.00463273050264, 0.00111441500485, -0.00502583477646, 0.0020003283862, -0.00262356409803, 0.00630585290492, -0.00608019484207, 0.00663820793852, -0.00521015003324, 0.0046262727119], [-0.0023951055482, 0.0129841724411, -0.00463273050264, 0.018228912726, -0.00551990559325, 0.00737496418878, -0.00599698815495, 0.0132268406451, -0.0120227299631, 0.0110867135227, -0.0114066563547, 0.00922691542655, -0.0131815867499], [0.00123825401533, -0.00710897846147, 0.00111441500485, -0.00551990559325, 0.012900413014, -0.00493534747511, 0.00221060309559, -0.00544802192599, -0.000668947875965, -0.00230230111629, 0.000786596268881, -0.00602910434827, 0.00784285832196], [-0.00231741345488, 0.0111240092665, -0.00502583477646, 0.00737496418878, -0.00493534747511, 0.025573156774, -0.0100971991196, 0.00354929361492, -0.00205213367008, 0.00702565535903, -0.00849899183959, 0.0073154438287, -0.00695373211056], [0.00121605291497, -0.00791931618005, 0.0020003283862, -0.00599698815495, 0.00221060309559, -0.0100971991196, 0.017058417201, -0.00227271113545, -0.00033697678009, -0.00184831337538, 0.00547993276268, -0.00902385823429, 0.00588304921985], [-0.00162947480567, 0.0091092530638, -0.00262356409803, 0.0132268406451, -0.00544802192599, 0.00354929361492, -0.00227271113545, 0.0223519131541, -0.00816426984966, 0.00243498804048, -0.00704486854374, 0.00965466909111, -0.00915575679392], [0.00131568207871, -0.00749933114275, 0.00630585290492, -0.0120227299631, -0.000668947875965, -0.00205213367008, -0.00033697678009, -0.00816426984966, 0.0279048215598, -0.0115752080455, 0.00272033363581, -7.34637578717e-005, 0.00247509544715], [-0.00167809950653, 0.0111734168604, -0.00608019484207, 0.0110867135227, -0.00230230111629, 0.00702565535903, -0.00184831337538, 0.00243498804048, -0.0115752080455, 0.0325373858213, -0.0107449917123, -0.0028789897915, -0.00194565451238], [0.00214018858969, -0.0117316264659, 0.00663820793852, -0.0114066563547, 0.000786596268881, -0.00849899183959, 0.00547993276268, -0.00704486854374, 0.00272033363581, -0.0107449917123, 0.0315505191684, -0.00877066049725, 0.000945168023463], [-0.00204935413785, 0.0114181553945, -0.00521015003324, 0.00922691542655, -0.00602910434827, 0.0073154438287, -0.00902385823429, 0.00965466909111, -7.34637578717e-005, -0.0028789897915, -0.00877066049725, 0.0251052826643, -0.0127717694268], [0.0024146605283, -0.0104758609086, 0.0046262727119, -0.0131815867499, 0.00784285832196, -0.00695373211056, 0.00588304921985, -0.00915575679392, 0.00247509544715, -0.00194565451238, 0.000945168023463, -0.0127717694268, 0.0406626090407]]
    },
    "melbands": {
        "mean": [0.00174697162583, 0.00524290837348, 0.00310663878918, 0.00094831828028, 0.000248122669291, 0.000252851721598, 0.000211558639421, 0.000139110692544, 0.000172425570781, 0.000105580467789, 9.57634765655e-005, 3.6726702092e-005, 3.37035780831e-005, 3.35813929269e-005, 2.60408887698e-005, 2.31884368986e-005, 2.85609021375e-005, 2.74149460893e-005, 2.5844123229e-005, 1.55479410751e-005, 2.84293491859e-005, 2.19793309952e-005, 2.19722296606e-005, 2.1645146262e-005, 2.03761446755e-005, 2.78989737126e-005, 2.71139651886e-005, 1.682596303e-005, 1.75374279934e-005, 1.26256709336e-005, 1.26834966068e-005, 6.85176064508e-006, 3.29189833792e-006, 1.89912248061e-006, 1.16668479677e-006, 7.98320229478e-007, 5.52064307158e-007, 3.56159006287e-007, 2.11031220942e-007, 1.51242630864e-007],
        "var": [3.96133191316e-006, 1.65579513123e-005, 1.13589721877e-005, 1.4282165921e-006, 4.8375394357e-008, 9.92621451701e-008, 4.19203978197e-008, 1.73054139907e-008, 3.87866130325e-008, 3.13667953833e-008, 2.87100778706e-008, 1.56702939513e-009, 1.44762812848e-009, 1.63934821273e-009, 1.09143905025e-009, 5.32657307151e-010, 1.21021104249e-009, 9.03048691381e-010, 1.29761890122e-009, 4.77659356513e-010, 2.33529817706e-009, 9.15642173194e-010, 9.19608722505e-010, 5.9951715814e-010, 8.05248312474e-010, 3.13219383763e-009, 1.4891977651e-009, 3.2847394249e-010, 4.70126881869e-010, 2.21749785201e-010, 2.58264881703e-010, 6.75443243003e-011, 1.39272222227e-011, 4.57012596169e-012, 1.8348688454e-012, 8.99415795747e-013, 4.23637660325e-013, 1.51493645103e-013, 7.24654575712e-014, 4.50773214599e-014]
    },
    "mfcc": {
        "mean": [-634.622436523, 134.757843018, -4.12276315689, 55.2098503113, -1.71369242668, 10.7009391785, 5.51767301559, 3.73837757111, 4.13438034058, 5.82908391953, 2.15592765808, 1.77605831623, -6.67046356201],
        "cov": [[5512.90869141, -2356.97290039, -117.839645386, 95.114364624, -402.81741333, 404.975372314, -278.865570068, 77.5671386719, -47.8379211426, 8.49835014343, -103.563072205, 6.4823346138, 161.639968872], [-2356.97290039, 1536.86083984, -53.0011711121, -76.3590164185, 222.017578125, -241.1275177, 162.862243652, -10.8820285797, 16.169342041, 30.485622406, 85.049041748, -8.3682384491, -83.9369735718], [-117.839645386, -53.0011711121, 248.382995605, -36.8200950623, -39.5426254272, 41.0167732239, 25.9482803345, -26.2878417969, 26.6268119812, -75.9605789185, -31.2833251953, 28.3134632111, 0.181455656886], [95.114364624, -76.3590164185, -36.8200950623, 220.276657104, 30.4322681427, 85.9393920898, -25.1075630188, 34.3889694214, -19.020154953, 35.0061721802, -3.56469202042, -10.2605266571, 26.4460067749], [-402.81741333, 222.017578125, -39.5426254272, 30.4322681427, 142.151123047, -44.2306098938, 19.0489692688, 5.79835319519, -9.50244808197, 39.5947761536, 22.9135742188, -12.2756853104, -2.1118118763], [404.975372314, -241.1275177, 41.0167732239, 85.9393920898, -44.2306098938, 173.29750061, -5.37114858627, 35.0921859741, -8.81323337555, -18.8548717499, -17.478143692, 10.5096158981, 33.65284729], [-278.865570068, 162.862243652, 25.9482803345, -25.1075630188, 19.0489692688, -5.37114858627, 82.0034484863, 16.7059421539, 8.05692863464, -10.1278085709, 13.5226049423, 4.50737190247, -4.59895467758], [77.5671386719, -10.8820285797, -26.2878417969, 34.3889694214, 5.79835319519, 35.0921859741, 16.7059421539, 65.7146453857, 3.70703554153, 12.2579784393, 7.13315439224, -0.423087507486, 16.2625274658], [-47.8379211426, 16.169342041, 26.6268119812, -19.020154953, -9.50244808197, -8.81323337555, 8.05692863464, 3.70703554153, 50.2786865234, -0.0184407290071, 1.23659110069, 7.54905796051, -7.15876054764], [8.49835014343, 30.485622406, -75.9605789185, 35.0061721802, 39.5947761536, -18.8548717499, -10.1278085709, 12.2579784393, -0.0184407290071, 84.2461090088, 26.8964653015, -11.5956697464, -0.25354668498], [-103.563072205, 85.049041748, -31.2833251953, -3.56469202042, 22.9135742188, -17.478143692, 13.5226049423, 7.13315439224, 1.23659110069, 26.8964653015, 46.2911376953, 4.21667289734, -1.48815488815], [6.4823346138, -8.3682384491, 28.3134632111, -10.2605266571, -12.2756853104, 10.5096158981, 4.50737190247, -0.423087507486, 7.54905796051, -11.5956697464, 4.21667289734, 40.4335708618, 13.6012392044], [161.639968872, -83.9369735718, 0.181455656886, 26.4460067749, -2.1118118763, 33.65284729, -4.59895467758, 16.2625274658, -7.15876054764, -0.25354668498, -1.48815488815, 13.6012392044, 59.5223884583]],
        "icov": [[0.000643245934043, 0.000830606673844, 0.000481220835354, 0.000383215636248, 0.000526909076143, -0.0003769370378, 0.000368808716303, -0.000431149557699, 0.00018421515415, -0.000304549670545, -2.00290487555e-005, 4.23037781729e-005, -0.00035844813101], [0.000830606673844, 0.00247875507921, 0.000839386484586, 4.04035745305e-005, -0.000715912610758, 0.000979065545835, -0.00176137243398, -0.000427974795457, 0.000121769815451, 0.000412157271057, -0.000992330722511, -0.00052520952886, 0.000732856453396], [0.000481220835354, 0.000839386484586, 0.00768633605912, 0.000368865090422, -0.000406801264035, -0.00217059766874, -0.00240847840905, 0.00340479100123, -0.00369309727103, 0.00426057912409, 0.0021961114835, -0.00278202514164, 5.05929965584e-005], [0.000383215636248, 4.04035745305e-005, 0.000368865090422, 0.00803242716938, -0.00166284537409, -0.00477262679487, 0.00313232815824, -0.00197411421686, 0.00128754298203, -0.00304076285101, 0.00164268247318, 0.00122257997282, -0.00122931203805], [0.000526909076143, -0.000715912610758, -0.000406801264035, -0.00166284537409, 0.0121917994693, 0.00181516958401, -0.000638084311504, -0.000554231344722, 0.0024303579703, -0.00421742582694, -0.00087720726151, 0.00217293365858, -0.00243610516191], [-0.0003769370378, 0.000979065545835, -0.00217059766874, -0.00477262679487, 0.00181516958401, 0.0127101093531, -0.00265108165331, -0.00422170478851, 0.00203922763467, 0.00186516146641, -0.000196912471438, -0.00139295868576, -0.00107508816291], [0.000368808716303, -0.00176137243398, -0.00240847840905, 0.00313232815824, -0.000638084311504, -0.00265108165331, 0.0209384765476, -0.00698604201898, -0.0001705539471, 0.00190559611656, -0.00427690986544, 0.00126266665757, -0.000274865276879], [-0.000431149557699, -0.000427974795457, 0.00340479100123, -0.00197411421686, -0.000554231344722, -0.00422170478851, -0.00698604201898, 0.0236155837774, -0.00505821127445, -0.000442080403445, -0.000810083234683, 0.00134087249171, -0.00412758253515], [0.00018421515415, 0.000121769815451, -0.00369309727103, 0.00128754298203, 0.0024303579703, 0.00203922763467, -0.0001705539471, -0.00505821127445, 0.0247490331531, -0.00467202393338, 0.000718722178135, -0.00406899349764, 0.00331718125381], [-0.000304549670545, 0.000412157271057, 0.00426057912409, -0.00304076285101, -0.00421742582694, 0.00186516146641, 0.00190559611656, -0.000442080403445, -0.00467202393338, 0.0231455918401, -0.0100542651489, 0.00280224229209, 0.000455132423667], [-2.00290487555e-005, -0.000992330722511, 0.0021961114835, 0.00164268247318, -0.00087720726151, -0.000196912471438, -0.00427690986544, -0.000810083234683, 0.000718722178135, -0.0100542651489, 0.0332699008286, -0.00773638114333, 0.000532796082553], [4.23037781729e-005, -0.00052520952886, -0.00278202514164, 0.00122257997282, 0.00217293365858, -0.00139295868576, 0.00126266665757, 0.00134087249171, -0.00406899349764, 0.00280224229209, -0.00773638114333, 0.033183529973, -0.00904788542539], [-0.00035844813101, 0.000732856453396, 5.05929965584e-005, -0.00122931203805, -0.00243610516191, -0.00107508816291, -0.000274865276879, -0.00412758253515, 0.00331718125381, 0.000455132423667, 0.000532796082553, -0.00904788542539, 0.0234629046172]]
    },
    "spectral_contrast_coeffs": {
        "mean": [-0.600946426392, -0.761169970036, -0.799335718155, -0.811767339706, -0.788920402527, -0.683462738991],
        "var": [0.00463867606595, 0.00270431907848, 0.00233179680072, 0.00146608857904, 0.00163724739105, 0.00191872508731]
    },
    "spectral_contrast_valleys": {
        "mean": [-6.79167604446, -6.49821376801, -7.18071222305, -7.54423904419, -7.15243577957, -10.746553421],
        "var": [0.573259115219, 0.508211195469, 0.601967155933, 0.700980961323, 1.08262574673, 1.52779722214]
    }
},
"metadata": {
    "audio_properties": {
        "analysis_sample_rate": 44100,
        "bit_rate": 128074,
        "equal_loudness": 0,
        "length": 45.0612258911,
        "lossless": 0,
        "replay_gain": -5.30039405823,
        "sample_rate": 44100,
        "codec": "mp3",
        "downmix": "mix",
        "md5_encoded": "80492bb0a72104bd3f550758c6e423d2"
    },
    "tags": {
        "file_name": "1842.mp3"
    },
    "version": {
        "essentia": "2.1-beta2",
        "essentia_git_sha": "v2.1_beta2",
        "extractor": "music 1.0"
    }
},
"rhythm": {
    "beats_count": 89,
    "beats_loudness": {
        "mean": 0.0565620772541,
        "var": 0.000501248694491
    },
    "bpm": 119.978118896,
    "bpm_histogram_first_peak_bpm": {
        "mean": 120,
        "var": 0
    },
    "bpm_histogram_first_peak_spread": {
        "mean": 0.313953489065,
        "var": 0
    },
    "bpm_histogram_first_peak_weight": {
        "mean": 0.67045456171,
        "var": 0
    },
    "bpm_histogram_second_peak_bpm": {
        "mean": 115,
        "var": 0
    },
    "bpm_histogram_second_peak_spread": {
        "mean": 0,
        "var": 0
    },
    "bpm_histogram_second_peak_weight": {
        "mean": 0.0113636367023,
        "var": 0
    },
    "danceability": 1.45555591583,
    "onset_rate": 2.19602060318,
    "beats_loudness_band_ratio": {
        "mean": [0.704179286957, 0.130139261484, 0.0818402841687, 0.0383329540491, 0.0576968193054, 0.0635555237532],
        "var": [0.0313817746937, 0.00450410554186, 0.00312365777791, 0.00085855164798, 0.00339976022951, 0.00354856089689]
    },
    "beats_position": [0.545668900013, 1.06811785698, 1.57895684242, 2.08979582787, 2.60063481331, 3.09986400604, 3.59909296036, 4.09832191467, 4.59755086899, 5.0967798233, 5.59600877762, 6.08362817764, 6.58285713196, 7.08208608627, 7.58131504059, 8.08054447174, 8.57977294922, 9.07900238037, 9.57823085785, 10.077460289, 10.5766887665, 11.0759181976, 11.5867567062, 12.0743761063, 12.5736055374, 13.0728340149, 13.572063446, 14.0712919235, 14.5705213547, 15.0813598633, 15.5805892944, 16.0914287567, 16.5790481567, 17.0898857117, 17.5891151428, 18.088344574, 18.575963974, 19.0751914978, 19.574420929, 20.0736503601, 20.5728797913, 21.0721092224, 21.5713367462, 22.0705661774, 22.5697956085, 23.0690250397, 23.5682544708, 24.0674819946, 24.5667114258, 25.0659408569, 25.5651702881, 26.076007843, 26.5868473053, 27.0860767365, 27.5853061676, 28.0961437225, 28.5837631226, 29.0829925537, 29.5822219849, 30.0698413849, 30.5806789398, 31.0682983398, 31.5791378021, 32.0783653259, 32.5775947571, 33.0652160645, 33.5644454956, 34.0520629883, 34.5629005432, 35.0621299744, 35.572971344, 36.0722007751, 36.5714263916, 37.0706558228, 37.5814971924, 38.0807266235, 38.57995224, 39.0559616089, 39.5668029785, 40.0660324097, 40.5652618408, 41.0644874573, 41.5753288269, 42.0629463196, 42.5621757507, 43.0614051819, 43.560634613, 44.0598640442, 44.5590934753]
},
"tonal": {
    "chords_changes_rate": 0.0514403283596,
    "chords_number_rate": 0.00823045242578,
    "chords_strength": {
        "mean": 0.497592478991,
        "var": 0.0045146108605
    },
    "hpcp_entropy": {
        "mean": 2.194896698,
        "var": 0.76166176796
    },
    "key_strength": 0.771799862385,
    "tuning_diatonic_strength": 0.66612046957,
    "tuning_equal_tempered_deviation": 0.106745839119,
    "tuning_frequency": 438.984558105,
    "tuning_nontempered_energy_ratio": 0.745967268944,
    "hpcp": {
        "mean": [0.0836109742522, 0.0674548521638, 0.0537196099758, 0.0566547736526, 0.0535754524171, 0.0622352175415, 0.0982136949897, 0.123412653804, 0.169406101108, 0.207011908293, 0.148850828409, 0.0824029371142, 0.0663906410336, 0.0714015811682, 0.108300685883, 0.169656872749, 0.160225704312, 0.103278532624, 0.0690977722406, 0.0450084991753, 0.0488133057952, 0.0633384510875, 0.06644179672, 0.0793184712529, 0.0797074064612, 0.0666649565101, 0.104637593031, 0.174144074321, 0.176500767469, 0.25241458416, 0.381246358156, 0.256539255381, 0.0797337219119, 0.0555910766125, 0.0697126537561, 0.0816562995315],
        "var": [0.0351585373282, 0.0210898034275, 0.0112597830594, 0.0118370605633, 0.0138938184828, 0.0178318955004, 0.0461031086743, 0.0621112920344, 0.0688222423196, 0.104592896998, 0.0601016357541, 0.0258229207247, 0.0202707629651, 0.0215679761022, 0.0313422977924, 0.0676518008113, 0.0675811767578, 0.0358753167093, 0.0231208205223, 0.0123707652092, 0.0149941071868, 0.0275933798403, 0.0256032049656, 0.0292126294225, 0.0284726638347, 0.0226405747235, 0.03818115592, 0.0881415680051, 0.084896594286, 0.073607608676, 0.186307922006, 0.0979598090053, 0.0319513529539, 0.0197110660374, 0.0296078044921, 0.0324821658432]
    },
    "chords_histogram": [4.01234579086, 0, 12.551440239, 1.13168728352, 0, 0, 0, 19.5473251343, 0, 29.5267486572, 12.1399173737, 16.872428894, 0, 0, 0, 0, 0.308641970158, 0, 0, 3.90946507454, 0, 0, 0, 0],
    "thpcp": [1, 0.672896265984, 0.209139630198, 0.145814046264, 0.182854607701, 0.214182510972, 0.219309568405, 0.176932454109, 0.140905246139, 0.148604109883, 0.140527114272, 0.163241475821, 0.257612138987, 0.323708415031, 0.44434812665, 0.54298722744, 0.39043211937, 0.216140910983, 0.174141049385, 0.187284618616, 0.284070074558, 0.445005893707, 0.420268148184, 0.270897090435, 0.181241795421, 0.118056207895, 0.128036126494, 0.166135236621, 0.174275234342, 0.208050429821, 0.20907060802, 0.174860566854, 0.274461895227, 0.456775695086, 0.462957262993, 0.662077367306],
    "chords_key": "G",
    "chords_scale": "major",
    "key_key": "C",
    "key_scale": "minor"
}
}