{
"lowlevel": {
    "average_loudness": 0.837077140808,
    "barkbands_crest": {
        "mean": 12.5582923889,
        "var": 24.1721534729
    },
    "barkbands_flatness_db": {
        "mean": 0.267361015081,
        "var": 0.00247643189505
    },
    "barkbands_kurtosis": {
        "mean": 5.71258592606,
        "var": 62.5071907043
    },
    "barkbands_skewness": {
        "mean": 1.79904818535,
        "var": 1.43638443947
    },
    "barkbands_spread": {
        "mean": 10.2278003693,
        "var": 36.0754508972
    },
    "dissonance": {
        "mean": 0.440903395414,
        "var": 0.00166105851531
    },
    "dynamic_complexity": 3.88609528542,
    "erbbands_crest": {
        "mean": 11.2804431915,
        "var": 28.9718990326
    },
    "erbbands_flatness_db": {
        "mean": 0.251406908035,
        "var": 0.00124959880486
    },
    "erbbands_kurtosis": {
        "mean": 1.13117742538,
        "var": 4.14579534531
    },
    "erbbands_skewness": {
        "mean": 0.491559356451,
        "var": 0.290829449892
    },
    "erbbands_spread": {
        "mean": 24.3624649048,
        "var": 136.482620239
    },
    "hfc": {
        "mean": 11.4424600601,
        "var": 106.128677368
    },
    "melbands_crest": {
        "mean": 15.0027837753,
        "var": 24.7016124725
    },
    "melbands_flatness_db": {
        "mean": 0.347939759493,
        "var": 0.0046274564229
    },
    "melbands_kurtosis": {
        "mean": 11.669793129,
        "var": 178.083236694
    },
    "melbands_skewness": {
        "mean": 2.48192763329,
        "var": 2.00422024727
    },
    "melbands_spread": {
        "mean": 10.8799600601,
        "var": 49.6189002991
    },
    "pitch_salience": {
        "mean": 0.473227113485,
        "var": 0.012016788125
    },
    "silence_rate_20dB": {
        "mean": 1,
        "var": 0
    },
    "silence_rate_30dB": {
        "mean": 0.991246163845,
        "var": 0.00867709796876
    },
    "silence_rate_60dB": {
        "mean": 0.00308959838003,
        "var": 0.00308004394174
    },
    "spectral_centroid": {
        "mean": 721.122558594,
        "var": 148872.4375
    },
    "spectral_complexity": {
        "mean": 12.3249225616,
        "var": 13.4468975067
    },
    "spectral_decrease": {
        "mean": -8.45681569217e-009,
        "var": 3.67620967961e-017
    },
    "spectral_energy": {
        "mean": 0.0329558514059,
        "var": 0.000559993903153
    },
    "spectral_energyband_high": {
        "mean": 5.29812823515e-005,
        "var": 7.93076004868e-009
    },
    "spectral_energyband_low": {
        "mean": 0.0139547055587,
        "var": 8.91517120181e-005
    },
    "spectral_energyband_middle_high": {
        "mean": 0.00329307769425,
        "var": 2.80926233245e-005
    },
    "spectral_energyband_middle_low": {
        "mean": 0.0181903000921,
        "var": 0.000365570129361
    },
    "spectral_entropy": {
        "mean": 6.73362970352,
        "var": 0.178450927138
    },
    "spectral_flux": {
        "mean": 0.0547723174095,
        "var": 0.00098410109058
    },
    "spectral_kurtosis": {
        "mean": 12.0518712997,
        "var": 157.96434021
    },
    "spectral_rms": {
        "mean": 0.00529477465898,
        "var": 4.11748078477e-006
    },
    "spectral_rolloff": {
        "mean": 582.438293457,
        "var": 304803.34375
    },
    "spectral_skewness": {
        "mean": 2.13361692429,
        "var": 1.18176531792
    },
    "spectral_spread": {
        "mean": 2376268.25,
        "var": 1.53070298726e+012
    },
    "spectral_strongpeak": {
        "mean": 0.887854397297,
        "var": 1.29727649689
    },
    "zerocrossingrate": {
        "mean": 0.0232690405101,
        "var": 0.000233217913774
    },
    "barkbands": {
        "mean": [1.77195815922e-005, 0.00951851997524, 0.0026914011687, 0.00505221495405, 0.00469702109694, 0.00101252191234, 0.0014759558253, 0.00189822341781, 0.00241451570764, 0.00263270782307, 0.000475319277029, 0.000121178920381, 0.000153175016749, 0.000305284833303, 0.000107536536234, 7.92881401139e-005, 0.000115628150525, 2.94173751172e-005, 7.85038355389e-005, 4.99679626955e-005, 1.38395207614e-005, 1.43099750858e-005, 5.33466675279e-007, 8.8799453124e-007, 1.49271414784e-007, 3.20536734932e-008, 2.3661805848e-009],
        "var": [7.06080027779e-010, 6.61016092636e-005, 8.09754692455e-006, 9.37769800657e-005, 3.28438145516e-005, 1.46715558458e-006, 9.33915453061e-006, 9.90604985418e-006, 2.32496749959e-005, 2.7223240977e-005, 3.46380102201e-006, 7.7533854892e-007, 9.54929078034e-008, 1.47426192143e-007, 4.29809468017e-008, 6.63380106403e-008, 5.0408033303e-008, 6.71561162235e-009, 6.64556232266e-009, 5.57082824315e-009, 7.31240679119e-010, 4.7407416881e-010, 1.20974682095e-012, 6.29241407243e-012, 5.15628772318e-013, 3.69193845146e-014, 3.92618659887e-015]
    },
    "erbbands": {
        "mean": [0.201615527272, 2.36534929276, 3.24284100533, 9.87784099579, 16.4057693481, 13.7466278076, 15.7195415497, 10.2867965698, 21.1333236694, 34.3419723511, 36.2355995178, 68.9563446045, 79.341506958, 41.9772377014, 21.5392417908, 4.716132164, 7.59696912766, 14.7012281418, 8.41850662231, 5.59196376801, 4.83277130127, 5.76899290085, 2.41048383713, 3.50110387802, 3.2262237072, 1.90261805058, 1.24915325642, 0.458665162325, 0.558107733727, 0.0967510193586, 0.0134670687839, 0.0152421277016, 0.0151526387781, 0.00333799817599, 0.000601241365075, 0.00022218110098, 5.48768075532e-005, 7.71202940086e-006, 1.58066850418e-005, 3.66998756363e-005],
        "var": [0.0391144677997, 4.08743476868, 8.50306034088, 165.509124756, 1310.7598877, 365.955322266, 556.235473633, 163.374649048, 2089.06567383, 3098.90380859, 2515.18212891, 18553.3125, 25649.9160156, 16544.9101563, 6182.00292969, 364.754730225, 205.963546753, 242.595855713, 232.057403564, 260.566467285, 161.86730957, 124.222541809, 26.3073177338, 10.4722537994, 20.087146759, 7.48216342926, 5.8123292923, 0.532717227936, 0.756833970547, 0.0249604154378, 0.000619648140855, 0.00134490081109, 0.00228472962044, 0.000213950319448, 6.85052737026e-006, 7.66195171309e-007, 1.29529809101e-007, 1.63863820291e-008, 1.65105359939e-010, 6.94833413029e-010]
    },
    "gfcc": {
        "mean": [-90.4153442383, 201.380569458, -130.951522827, 36.2463874817, -40.6661758423, -15.7256917953, -2.29209494591, -2.00534844398, -0.925371706486, -3.38813257217, -7.23394632339, -24.1494655609, -3.07578277588],
        "cov": [[3174.42724609, -174.19152832, -499.710296631, -98.4951553345, -516.410400391, 142.420089722, -185.35194397, -73.1034317017, -106.720199585, -432.447265625, -135.717483521, 9.96805953979, 195.304779053], [-174.19152832, 454.020385742, 201.7943573, -219.863510132, 203.824523926, -64.4599990845, 45.8029441833, -22.6592922211, 2.08491802216, -2.01944637299, 60.0589637756, -14.9747037888, -53.5657463074], [-499.710296631, 201.7943573, 440.73550415, -165.647598267, 150.645706177, 29.997341156, -4.93954992294, 43.3266067505, -11.2952041626, 60.3469161987, 48.8351325989, -1.5734732151, -61.1294059753], [-98.4951553345, -219.863510132, -165.647598267, 420.854614258, -66.6088256836, -91.3639221191, 100.186782837, -39.1257896423, 70.9203338623, 108.486953735, -17.6082649231, 6.46676921844, -10.1951761246], [-516.410400391, 203.824523926, 150.645706177, -66.6088256836, 289.467712402, -17.2993564606, 17.0792770386, 64.4627304077, 46.7157821655, 81.5847854614, 49.8078346252, -36.4380340576, -46.7401237488], [142.420089722, -64.4599990845, 29.997341156, -91.3639221191, -17.2993564606, 158.235641479, -31.0588283539, 37.7575721741, -25.1835517883, -39.6095924377, 5.52201318741, 9.0179233551, 44.7532463074], [-185.35194397, 45.8029441833, -4.93954992294, 100.186782837, 17.0792770386, -31.0588283539, 186.055908203, -42.0460014343, -4.45500850677, 56.8986625671, 15.7462482452, 41.4546661377, -18.2398757935], [-73.1034317017, -22.6592922211, 43.3266067505, -39.1257896423, 64.4627304077, 37.7575721741, -42.0460014343, 127.56401062, 48.0970115662, 16.1292552948, 11.4699611664, -20.7808036804, 25.9645729065], [-106.720199585, 2.08491802216, -11.2952041626, 70.9203338623, 46.7157821655, -25.1835517883, -4.45500850677, 48.0970115662, 109.237319946, 52.1289863586, 8.92391586304, -16.3743648529, 0.0443885624409], [-432.447265625, -2.01944637299, 60.3469161987, 108.486953735, 81.5847854614, -39.6095924377, 56.8986625671, 16.1292552948, 52.1289863586, 165.941986084, 41.9661216736, -7.09980249405, -60.2764129639], [-135.717483521, 60.0589637756, 48.8351325989, -17.6082649231, 49.8078346252, 5.52201318741, 15.7462482452, 11.4699611664, 8.92391586304, 41.9661216736, 80.7807540894, 18.6276817322, -20.4402885437], [9.96805953979, -14.9747037888, -1.5734732151, 6.46676921844, -36.4380340576, 9.0179233551, 41.4546661377, -20.7808036804, -16.3743648529, -7.09980249405, 18.6276817322, 101.363342285, 37.502872467], [195.304779053, -53.5657463074, -61.1294059753, -10.1951761246, -46.7401237488, 44.7532463074, -18.2398757935, 25.9645729065, 0.0443885624409, -60.2764129639, -20.4402885437, 37.502872467, 119.286155701]],
        "icov": [[0.000834521080833, -0.00159101607278, 0.000828649324831, -0.000942101993132, 0.00164591358043, -0.00130433798768, 0.000910324451979, -0.000980325974524, 0.00045708270045, 0.00100290996488, 0.000493695726618, -0.000206706201425, 0.000406387727708], [-0.00159101607278, 0.0152766527608, -0.00414655869827, 0.00946293305606, -0.00872372929007, 0.00969872809947, -0.00768155511469, 0.00946735590696, -0.00691231386736, 0.00257406756282, -0.00707222614437, 0.00447155581787, -0.00345789012499], [0.000828649324831, -0.00414655869827, 0.00507011730224, -0.00104650110006, 0.00174551538657, -0.00327740353532, 0.0022164080292, -0.00323293381371, 0.0023570493795, -0.00158811593428, 0.00206912728027, -0.00223442632705, 0.00249987537973], [-0.000942101993132, 0.00946293305606, -0.00104650110006, 0.0113831432536, -0.00370061350986, 0.00730731151998, -0.00654648430645, 0.00685154274106, -0.00670814560726, -0.00242666853592, -0.00301230419427, 0.00335184577852, -0.00324915768579], [0.00164591358043, -0.00872372929007, 0.00174551538657, -0.00370061350986, 0.0120918992907, -0.00457613961771, 0.00294351857156, -0.00721921771765, 0.00219482951798, -0.00188881892245, 0.00186018296517, 0.000107390842459, 0.00177204073407], [-0.00130433798768, 0.00969872809947, -0.00327740353532, 0.00730731151998, -0.00457613961771, 0.0153957316652, -0.00510839140043, 0.00327472831123, -0.00207293103449, 0.000855201273225, -0.00591709604487, 0.00357513851486, -0.00533230043948], [0.000910324451979, -0.00768155511469, 0.0022164080292, -0.00654648430645, 0.00294351857156, -0.00510839140043, 0.0121235316619, -0.00283695873804, 0.00496591255069, -0.00275157950819, 0.00381290260702, -0.00571816461161, 0.00223650829867], [-0.000980325974524, 0.00946735590696, -0.00323293381371, 0.00685154274106, -0.00721921771765, 0.00327472831123, -0.00283695873804, 0.020338119939, -0.00978989619762, -0.000314460223308, -0.00504747545347, 0.0052979150787, -0.00681859022006], [0.00045708270045, -0.00691231386736, 0.0023570493795, -0.00670814560726, 0.00219482951798, -0.00207293103449, 0.00496591255069, -0.00978989619762, 0.0191328134388, -0.0044725141488, 0.00274266302586, -0.0013721070718, -5.55966325919e-005], [0.00100290996488, 0.00257406756282, -0.00158811593428, -0.00242666853592, -0.00188881892245, 0.000855201273225, -0.00275157950819, -0.000314460223308, -0.0044725141488, 0.0175438113511, -0.00561386346817, 0.000465707795229, 0.00483769178391], [0.000493695726618, -0.00707222614437, 0.00206912728027, -0.00301230419427, 0.00186018296517, -0.00591709604487, 0.00381290260702, -0.00504747545347, 0.00274266302586, -0.00561386346817, 0.0214401241392, -0.0079258447513, 0.00477724475786], [-0.000206706201425, 0.00447155581787, -0.00223442632705, 0.00335184577852, 0.000107390842459, 0.00357513851486, -0.00571816461161, 0.0052979150787, -0.0013721070718, 0.000465707795229, -0.0079258447513, 0.0178868826479, -0.00858476664871], [0.000406387727708, -0.00345789012499, 0.00249987537973, -0.00324915768579, 0.00177204073407, -0.00533230043948, 0.00223650829867, -0.00681859022006, -5.55966325919e-005, 0.00483769178391, 0.00477724475786, -0.00858476664871, 0.0176516510546]]
    },
    "melbands": {
        "mean": [0.00237722299062, 0.00232910527848, 0.00214579934254, 0.00091918342514, 0.000691758992616, 0.000218535831664, 0.000317855447065, 0.000400258257287, 0.000341513019521, 0.000389890366932, 0.000383821316063, 0.000169482897036, 7.20559910405e-005, 2.21140307985e-005, 1.20187296488e-005, 1.47955215652e-005, 3.08270427922e-005, 1.54002718773e-005, 6.99170914231e-006, 6.48818695481e-006, 5.8392097344e-006, 6.6070892899e-006, 4.10801794715e-006, 9.28726649363e-007, 3.12549559567e-006, 2.67953123512e-006, 2.00751151169e-006, 1.08221865958e-006, 1.1313078403e-006, 1.84576492757e-007, 3.16378162779e-007, 4.08748803693e-007, 1.38310753073e-007, 1.8478916175e-008, 5.4729305532e-009, 7.1406534019e-009, 1.04769117826e-008, 1.19299770063e-008, 6.95849333709e-009, 1.4754185651e-009],
        "var": [4.37077960669e-006, 3.46973502019e-006, 1.22647870739e-005, 1.71536885318e-006, 1.16053013244e-006, 7.17226313895e-008, 4.93455956985e-007, 4.67666723125e-007, 2.52350417895e-007, 5.82293637308e-007, 6.2738303086e-007, 3.17334439615e-007, 8.1681250208e-008, 1.429205021e-008, 1.53050239149e-009, 7.23727466845e-010, 1.0974831044e-009, 1.04876474172e-009, 2.17028298111e-010, 4.47063774889e-010, 2.41574066306e-010, 1.99965391467e-010, 9.84399645132e-011, 2.80757166647e-012, 8.55650619802e-012, 1.26363043293e-011, 1.18352966316e-011, 3.16609217142e-012, 5.53783061075e-012, 8.71194121618e-014, 2.78043105033e-013, 4.19873798273e-013, 5.45927100184e-014, 1.86555406743e-015, 1.17367664498e-016, 3.0055921224e-016, 6.85766926762e-016, 1.34134919917e-015, 9.38289735893e-016, 5.61345410107e-017]
    },
    "mfcc": {
        "mean": [-725.179260254, 212.43397522, -14.420674324, 50.2081375122, -7.20911121368, 1.63197231293, 4.13064718246, -3.56302666664, 10.0770845413, 15.4513874054, 17.2636241913, -8.31635475159, -11.5841722488],
        "cov": [[2762.49633789, -213.736373901, -397.807983398, -106.892807007, -417.900634766, 17.4610176086, -230.453170776, 157.341537476, 109.564201355, -281.380645752, -431.482879639, -6.67886304855, -56.4066543579], [-213.736373901, 659.588378906, 138.464126587, -226.101989746, 166.764404297, -58.0635910034, 74.8198394775, 46.1114654541, -95.6499557495, 30.237449646, 11.7087650299, -51.168888092, 25.7227916718], [-397.807983398, 138.464126587, 279.155639648, -83.520614624, 78.6133422852, -3.63172626495, 53.7519721985, 0.818045973778, -37.1275939941, 23.3186836243, 40.1285629272, 9.99787139893, 6.88781785965], [-106.892807007, -226.101989746, -83.520614624, 407.378723145, -128.436279297, 66.8004837036, -13.5217981339, -89.0656661987, 48.4977760315, -22.012676239, 118.751617432, 51.787727356, 18.7402801514], [-417.900634766, 166.764404297, 78.6133422852, -128.436279297, 333.090179443, -83.8451766968, 10.2002239227, 2.08112835884, -16.5987129211, 159.642776489, 24.799238205, 8.37704086304, -8.89963245392], [17.4610176086, -58.0635910034, -3.63172626495, 66.8004837036, -83.8451766968, 113.028427124, 31.8701553345, -9.42873096466, 1.37262713909, -44.9980316162, 32.7601356506, -1.97260582447, 20.035161972], [-230.453170776, 74.8198394775, 53.7519721985, -13.5217981339, 10.2002239227, 31.8701553345, 125.571578979, 12.131485939, -32.1588478088, 13.0042381287, 52.2015419006, -21.9860229492, 8.92868232727], [157.341537476, 46.1114654541, 0.818045973778, -89.0656661987, 2.08112835884, -9.42873096466, 12.131485939, 96.7404098511, 13.4823141098, -24.1485710144, -60.8861045837, -9.50322437286, 14.1819391251], [109.564201355, -95.6499557495, -37.1275939941, 48.4977760315, -16.5987129211, 1.37262713909, -32.1588478088, 13.4823141098, 113.000526428, 5.7993388176, -21.6369113922, 9.82468891144, -21.9794311523], [-281.380645752, 30.237449646, 23.3186836243, -22.012676239, 159.642776489, -44.9980316162, 13.0042381287, -24.1485710144, 5.7993388176, 172.509979248, 58.699508667, -6.91945123672, -31.7050590515], [-431.482879639, 11.7087650299, 40.1285629272, 118.751617432, 24.799238205, 32.7601356506, 52.2015419006, -60.8861045837, -21.6369113922, 58.699508667, 185.483764648, 23.020652771, 27.2344532013], [-6.67886304855, -51.168888092, 9.99787139893, 51.787727356, 8.37704086304, -1.97260582447, -21.9860229492, -9.50322437286, 9.82468891144, -6.91945123672, 23.020652771, 98.4429550171, 52.7373275757], [-56.4066543579, 25.7227916718, 6.88781785965, 18.7402801514, -8.89963245392, 20.035161972, 8.92868232727, 14.1819391251, -21.9794311523, -31.7050590515, 27.2344532013, 52.7373275757, 95.4088439941]],
        "icov": [[0.00105114153121, -0.00034648826113, 0.00105176854413, 0.000264683854766, 0.00119955383707, -0.000674355309457, 0.000985698075965, -0.000944863248151, 0.000142306351336, -0.000182382340427, 0.0015105754137, -0.00135239295196, 0.00117716612294], [-0.00034648826113, 0.00274674594402, -0.000893499935046, 0.000663401675411, -0.00150798482355, 0.00136490655132, -0.000888254900929, -2.3167947802e-005, 0.000746244913898, 0.0011865249835, -0.00133704068139, 0.00232857349329, -0.00169116083998], [0.00105176854413, -0.000893499935046, 0.00592236686498, 0.00142733030953, 0.00042969736387, -0.001184360357, -0.00048886804143, -0.000549117161427, 0.000416806549765, 0.000784305564594, 0.00024220047635, -0.00351040111855, 0.0027988536749], [0.000264683854766, 0.000663401675411, 0.00142733030953, 0.00576601782814, 0.00154037796892, -0.000630693219136, 8.05188392405e-005, 0.00295320013538, -0.00220634974539, 0.000652935588732, -0.00282872933894, -0.0017614827957, 6.14519158262e-005], [0.00119955383707, -0.00150798482355, 0.00042969736387, 0.00154037796892, 0.00926013756543, 0.000996906193905, 0.00127097289078, -0.000651144713629, -2.85612713924e-005, -0.0070640812628, 0.00243283319287, -0.00325431674719, 0.000164794313605], [-0.000674355309457, 0.00136490655132, -0.001184360357, -0.000630693219136, 0.000996906193905, 0.014772192575, -0.00416489178315, 0.00195736531168, -0.00161067268346, 0.00262371473946, -0.00278964405879, 0.00390115822665, -0.00432677473873], [0.000985698075965, -0.000888254900929, -0.00048886804143, 8.05188392405e-005, 0.00127097289078, -0.00416489178315, 0.0140523714945, -0.00567650888115, 0.00275991740637, -0.00115028349683, -0.00256918463856, 0.001415862469, 0.00156788364984], [-0.000944863248151, -2.3167947802e-005, -0.000549117161427, 0.00295320013538, -0.000651144713629, 0.00195736531168, -0.00567650888115, 0.0205592289567, -0.00589556246996, 0.000823570590001, 0.00395364826545, 0.00331814470701, -0.00813650526106], [0.000142306351336, 0.000746244913898, 0.000416806549765, -0.00220634974539, -2.85612713924e-005, -0.00161067268346, 0.00275991740637, -0.00589556246996, 0.0134283266962, -0.00156926806085, 0.000845137867145, -0.00288060237654, 0.00516287470236], [-0.000182382340427, 0.0011865249835, 0.000784305564594, 0.000652935588732, -0.0070640812628, 0.00262371473946, -0.00115028349683, 0.000823570590001, -0.00156926806085, 0.0155079243705, -0.00582906976342, 0.00112669367809, 0.00399575661868], [0.0015105754137, -0.00133704068139, 0.00024220047635, -0.00282872933894, 0.00243283319287, -0.00278964405879, -0.00256918463856, 0.00395364826545, 0.000845137867145, -0.00582906976342, 0.0155546721071, -0.00229113828391, -0.00265883770771], [-0.00135239295196, 0.00232857349329, -0.00351040111855, -0.0017614827957, -0.00325431674719, 0.00390115822665, 0.001415862469, 0.00331814470701, -0.00288060237654, 0.00112669367809, -0.00229113828391, 0.0222179293633, -0.0144926002249], [0.00117716612294, -0.00169116083998, 0.0027988536749, 6.14519158262e-005, 0.000164794313605, -0.00432677473873, 0.00156788364984, -0.00813650526106, 0.00516287470236, 0.00399575661868, -0.00265883770771, -0.0144926002249, 0.0246926173568]]
    },
    "spectral_contrast_coeffs": {
        "mean": [-0.647898316383, -0.751559138298, -0.673281908035, -0.728402554989, -0.774065792561, -0.691664874554],
        "var": [0.0102332113311, 0.00365271186456, 0.00603835051879, 0.00206033489667, 0.000967156025581, 0.00374471582472]
    },
    "spectral_contrast_valleys": {
        "mean": [-6.78465843201, -6.41404724121, -8.01488018036, -8.75145149231, -8.57435512543, -13.07716465],
        "var": [0.43327024579, 0.48281237483, 0.614893496037, 0.642763853073, 0.746628701687, 0.559072315693]
    }
},
"metadata": {
    "audio_properties": {
        "analysis_sample_rate": 44100,
        "bit_rate": 128074,
        "equal_loudness": 0,
        "length": 45.0612258911,
        "lossless": 0,
        "replay_gain": -5.26476287842,
        "sample_rate": 44100,
        "codec": "mp3",
        "downmix": "mix",
        "md5_encoded": "359a863b2387d8c11386bc91b2e53643"
    },
    "tags": {
        "file_name": "1843.mp3"
    },
    "version": {
        "essentia": "2.1-beta2",
        "essentia_git_sha": "v2.1_beta2",
        "extractor": "music 1.0"
    }
},
"rhythm": {
    "beats_count": 95,
    "beats_loudness": {
        "mean": 0.0392860099673,
        "var": 0.000788225617725
    },
    "bpm": 127.174186707,
    "bpm_histogram_first_peak_bpm": {
        "mean": 126,
        "var": 0
    },
    "bpm_histogram_first_peak_spread": {
        "mean": 0.462365597486,
        "var": 0
    },
    "bpm_histogram_first_peak_weight": {
        "mean": 0.531914889812,
        "var": 0
    },
    "bpm_histogram_second_peak_bpm": {
        "mean": 120,
        "var": 0
    },
    "bpm_histogram_second_peak_spread": {
        "mean": 0,
        "var": 0
    },
    "bpm_histogram_second_peak_weight": {
        "mean": 0.0106382975355,
        "var": 0
    },
    "danceability": 0.849803984165,
    "onset_rate": 4.74695396423,
    "beats_loudness_band_ratio": {
        "mean": [0.579970240593, 0.174819469452, 0.203165620565, 0.0749849826097, 0.013248058036, 0.00956576969475],
        "var": [0.0501180402935, 0.016100667417, 0.0131995026022, 0.0092820553109, 0.000169391263626, 0.00028830851079]
    },
    "beats_position": [0.49922901392, 0.99845802784, 1.48607707024, 1.95047616959, 2.42648530006, 2.90249419212, 3.36689329147, 3.83129239082, 4.29569149017, 4.77170038223, 5.24770975113, 5.72371864319, 6.19972801208, 6.66412687302, 7.14013576508, 7.61614513397, 8.08054447174, 8.55655288696, 9.03256225586, 9.49696159363, 9.96135997772, 10.4373693466, 10.9133787155, 11.3777770996, 11.8537864685, 12.3297958374, 12.7941951752, 13.2702035904, 13.7462129593, 14.2222223282, 14.6982307434, 15.1626300812, 15.6270294189, 16.1030387878, 16.5790481567, 17.0666656494, 17.5310649872, 18.0070743561, 18.483083725, 18.9474830627, 19.4234924316, 19.8878898621, 20.363899231, 20.8399085999, 21.3043079376, 21.7803173065, 22.2447166443, 22.7091159821, 23.1735134125, 23.6495227814, 24.1255321503, 24.6015415192, 25.0775508881, 25.5419502258, 26.0063495636, 26.4823570251, 26.958366394, 27.4343757629, 27.9103851318, 28.3747844696, 28.8391838074, 29.3035831451, 29.7912006378, 30.2555999756, 30.7199993134, 31.2076187134, 31.6836280823, 32.1596374512, 32.6356468201, 33.111656189, 33.5760536194, 34.0404510498, 34.5048522949, 34.9924697876, 35.4568710327, 35.9328804016, 36.397277832, 36.8732872009, 37.3376846313, 37.8020858765, 38.2780952454, 38.7541046143, 39.2185020447, 39.6945114136, 40.1705207825, 40.6349182129, 41.099319458, 41.5753288269, 42.0513381958, 42.5273475647, 43.0033569336, 43.467754364, 43.9437637329, 44.4197731018, 44.8841705322]
},
"tonal": {
    "chords_changes_rate": 0.0257201641798,
    "chords_number_rate": 0.00411522621289,
    "chords_strength": {
        "mean": 0.590254485607,
        "var": 0.0047089504078
    },
    "hpcp_entropy": {
        "mean": 1.5890686512,
        "var": 0.249202400446
    },
    "key_strength": 0.714713931084,
    "tuning_diatonic_strength": 0.657804310322,
    "tuning_equal_tempered_deviation": 0.0590710751712,
    "tuning_frequency": 440.508636475,
    "tuning_nontempered_energy_ratio": 0.666663527489,
    "hpcp": {
        "mean": [0.0714645162225, 0.0448196269572, 0.014908997342, 0.0126323187724, 0.00815579574555, 0.0193023402244, 0.0437792278826, 0.0679394006729, 0.32754227519, 0.692480266094, 0.517364025116, 0.143058091402, 0.0474023483694, 0.0265777744353, 0.0341555401683, 0.0579828359187, 0.0432295352221, 0.0179162286222, 0.0168532282114, 0.019656425342, 0.0824782475829, 0.192692101002, 0.158690750599, 0.0891262665391, 0.127361387014, 0.0998973846436, 0.0295646227896, 0.00838064588606, 0.00867589842528, 0.087493956089, 0.193853914738, 0.128736689687, 0.0231974720955, 0.0101443864405, 0.00756562594324, 0.037406552583],
        "var": [0.0298012457788, 0.00994603894651, 0.0013319599675, 0.00143794249743, 0.00116157450248, 0.00261734193191, 0.00943669956177, 0.0182138904929, 0.0708532705903, 0.141835838556, 0.114893823862, 0.0480488203466, 0.0233975872397, 0.0128735285252, 0.0103681460023, 0.0146148214117, 0.011038034223, 0.0058383285068, 0.00836579035968, 0.00807650014758, 0.0236625168473, 0.10192732513, 0.0806651934981, 0.0327012240887, 0.0956890285015, 0.0654768124223, 0.00795023050159, 0.00112318713218, 0.00117065606173, 0.0139195974916, 0.0536311753094, 0.023429652676, 0.00365673191845, 0.000670427107252, 0.000195306871319, 0.00711665023118]
    },
    "chords_histogram": [14.5061731339, 6.68724298477, 72.5308609009, 0, 0, 0, 0, 0, 0, 0, 0, 0, 0, 0, 0, 0, 0, 0, 0, 6.27572011948, 0, 0, 0, 0],
    "thpcp": [1, 0.747117340565, 0.206587970257, 0.0684529915452, 0.0383805520833, 0.0493234843016, 0.0837321132421, 0.0624270997941, 0.0258725471795, 0.0243374854326, 0.0283855386078, 0.119105555117, 0.278263658285, 0.229162842035, 0.128705859184, 0.183920606971, 0.144260257483, 0.0426938124001, 0.0121023608372, 0.0125287305564, 0.126348659396, 0.279941439629, 0.185906648636, 0.0334991104901, 0.0146493511274, 0.0109254028648, 0.0540182217956, 0.103200800717, 0.0647233277559, 0.0215298514813, 0.018242135644, 0.0117776580155, 0.0278742089868, 0.0632209032774, 0.0981102362275, 0.472998708487],
    "chords_key": "C",
    "chords_scale": "major",
    "key_key": "F",
    "key_scale": "major"
}
}