{
"lowlevel": {
    "average_loudness": 0.934058845043,
    "barkbands_crest": {
        "mean": 11.1065921783,
        "var": 11.8293523788
    },
    "barkbands_flatness_db": {
        "mean": 0.187754794955,
        "var": 0.0041888426058
    },
    "barkbands_kurtosis": {
        "mean": 17.6989402771,
        "var": 606.807250977
    },
    "barkbands_skewness": {
        "mean": 3.16279387474,
        "var": 3.16881561279
    },
    "barkbands_spread": {
        "mean": 13.0324363708,
        "var": 110.639884949
    },
    "dissonance": {
        "mean": 0.457235902548,
        "var": 0.000783848168794
    },
    "dynamic_complexity": 3.03580737114,
    "erbbands_crest": {
        "mean": 9.65519714355,
        "var": 18.6304531097
    },
    "erbbands_flatness_db": {
        "mean": 0.161344021559,
        "var": 0.00230746367015
    },
    "erbbands_kurtosis": {
        "mean": 0.918561518192,
        "var": 29.7896366119
    },
    "erbbands_skewness": {
        "mean": 0.810857474804,
        "var": 1.02526342869
    },
    "erbbands_spread": {
        "mean": 50.1480484009,
        "var": 600.505187988
    },
    "hfc": {
        "mean": 12.2261857986,
        "var": 128.454971313
    },
    "melbands_crest": {
        "mean": 16.2975997925,
        "var": 21.3132801056
    },
    "melbands_flatness_db": {
        "mean": 0.267537474632,
        "var": 0.00571352057159
    },
    "melbands_kurtosis": {
        "mean": 50.7372589111,
        "var": 4541.15136719
    },
    "melbands_skewness": {
        "mean": 4.84718322754,
        "var": 7.6640329361
    },
    "melbands_spread": {
        "mean": 10.2240638733,
        "var": 71.3736038208
    },
    "pitch_salience": {
        "mean": 0.531631290913,
        "var": 0.0108850067481
    },
    "silence_rate_20dB": {
        "mean": 1,
        "var": 0
    },
    "silence_rate_30dB": {
        "mean": 0.9866117239,
        "var": 0.0132090523839
    },
    "silence_rate_60dB": {
        "mean": 0.0200823899359,
        "var": 0.0196798741817
    },
    "spectral_centroid": {
        "mean": 752.069885254,
        "var": 171506.890625
    },
    "spectral_complexity": {
        "mean": 12.7785787582,
        "var": 56.3917579651
    },
    "spectral_decrease": {
        "mean": -7.14105752309e-009,
        "var": 4.43276561147e-017
    },
    "spectral_energy": {
        "mean": 0.0280609615147,
        "var": 0.00067427707836
    },
    "spectral_energyband_high": {
        "mean": 0.000307213747874,
        "var": 2.00639632908e-007
    },
    "spectral_energyband_low": {
        "mean": 0.0105469701812,
        "var": 0.000117148039863
    },
    "spectral_energyband_middle_high": {
        "mean": 0.00222948426381,
        "var": 9.89683485386e-006
    },
    "spectral_energyband_middle_low": {
        "mean": 0.0185371004045,
        "var": 0.000465737364721
    },
    "spectral_entropy": {
        "mean": 7.17463111877,
        "var": 0.278577834368
    },
    "spectral_flux": {
        "mean": 0.0878931358457,
        "var": 0.00298574916087
    },
    "spectral_kurtosis": {
        "mean": 5.32333850861,
        "var": 16.9330101013
    },
    "spectral_rms": {
        "mean": 0.00481777451932,
        "var": 4.16555576521e-006
    },
    "spectral_rolloff": {
        "mean": 619.906433105,
        "var": 723981.9375
    },
    "spectral_skewness": {
        "mean": 1.71942555904,
        "var": 0.261253714561
    },
    "spectral_spread": {
        "mean": 4780377.5,
        "var": 5.44210891571e+012
    },
    "spectral_strongpeak": {
        "mean": 0.763400197029,
        "var": 0.640413761139
    },
    "zerocrossingrate": {
        "mean": 0.0389893315732,
        "var": 0.000678471871652
    },
    "barkbands": {
        "mean": [3.41512677551e-005, 0.00192471721675, 0.00514827715233, 0.00570190744475, 0.00662963977084, 0.00171378732193, 0.00183877174277, 0.00154044362716, 0.000847374263685, 0.000514852057677, 0.000186102304724, 0.000192083913134, 0.000246929004788, 0.000226989955991, 0.000237823725911, 0.000163923978107, 0.000256749975961, 0.000211460457649, 9.44123603404e-005, 9.44151470321e-005, 6.95027702022e-005, 5.04149757035e-005, 4.09617568948e-005, 3.19547689287e-005, 4.33880850323e-005, 1.92046663869e-005, 7.31919442387e-007],
        "var": [1.83181381175e-008, 1.24994721773e-005, 2.8662281693e-005, 7.8774697613e-005, 9.56859512371e-005, 1.82799449249e-005, 2.38806551351e-005, 1.60235013027e-005, 7.31922773411e-006, 3.21333436659e-006, 2.17344705788e-007, 4.06793617458e-007, 6.52831886327e-007, 2.19035996452e-007, 1.73814655113e-007, 5.88102864185e-008, 1.27420378249e-007, 6.7204858567e-008, 1.72584559976e-008, 3.08697387652e-008, 1.49932493088e-008, 6.9194188157e-009, 4.63923210958e-009, 5.59717561188e-009, 6.99312474595e-009, 1.64028568506e-009, 3.16446955445e-012]
    },
    "erbbands": {
        "mean": [0.0259750913829, 0.58896023035, 4.40624904633, 15.539847374, 21.5158042908, 19.1971054077, 18.0800876617, 12.7745800018, 19.9656848907, 36.6282539368, 32.0400695801, 18.7884254456, 21.4114341736, 11.8782119751, 7.54645109177, 9.12100982666, 11.3026103973, 13.2034664154, 10.9428071976, 11.0110940933, 11.0930557251, 12.9783849716, 12.9642276764, 5.68466377258, 4.54608440399, 4.37573385239, 3.5431189537, 2.34934735298, 1.87945246696, 1.54283487797, 1.05890512466, 0.653305649757, 0.575291931629, 0.544606804848, 0.26380366087, 0.114040486515, 0.0275486391038, 0.00396815640852, 0.000106163439341, 3.52749557351e-005],
        "var": [0.00264039169997, 0.95044952631, 21.8564510345, 360.008392334, 1253.14709473, 1001.91253662, 1978.34680176, 844.152587891, 1705.37719727, 14081.2753906, 7186.85253906, 3285.61132813, 4610.38525391, 3397.99926758, 351.040405273, 793.15612793, 1150.64367676, 691.585998535, 364.33203125, 345.578552246, 188.584609985, 240.410308838, 228.223098755, 43.8818740845, 39.5195808411, 50.4215011597, 62.4144973755, 13.7748537064, 10.3103885651, 5.94588375092, 3.52295804024, 2.07896232605, 1.91959249973, 1.12283110619, 0.276289105415, 0.0597310401499, 0.00327125913464, 6.99517913745e-005, 3.95017067945e-008, 9.30692023449e-010]
    },
    "gfcc": {
        "mean": [-37.5542106628, 112.48992157, -99.7679214478, 46.0346450806, -50.8737373352, 2.28509140015, -47.7519493103, -0.237497225404, -25.9701347351, -6.66032266617, -23.0633506775, -10.4463176727, -15.4060029984],
        "cov": [[5497.28271484, -756.870117188, -954.850524902, -466.952758789, -699.340881348, -110.163269043, -248.163070679, 306.203430176, -92.6200866699, 146.036010742, -154.008270264, 96.6474456787, -93.7608184814], [-756.870117188, 1894.24829102, -861.321044922, -21.3627719879, 246.825958252, -306.906768799, 352.511138916, -318.750915527, 339.38067627, -361.698730469, 310.770446777, -256.548187256, 249.24671936], [-954.850524902, -861.321044922, 1289.72875977, 238.494140625, 100.416992188, 300.952331543, -111.191307068, 106.417785645, -217.141052246, 191.961471558, -172.561920166, 163.158172607, -128.037582397], [-466.952758789, -21.3627719879, 238.494140625, 357.141174316, 120.943572998, 59.4990119934, 1.48265206814, -46.1539268494, 39.7793235779, -17.7092857361, 36.5417022705, 3.16014385223, 44.1996879578], [-699.340881348, 246.825958252, 100.416992188, 120.943572998, 298.741943359, -1.80483198166, 8.32007408142, -42.9871788025, 40.8924369812, -31.5417232513, 41.8796539307, -2.10402202606, 15.4724845886], [-110.163269043, -306.906768799, 300.952331543, 59.4990119934, -1.80483198166, 231.078643799, 39.5684661865, 47.9141235352, -57.64868927, 65.2395019531, -35.4522171021, 37.3487472534, -38.2121391296], [-248.163070679, 352.511138916, -111.191307068, 1.48265206814, 8.32007408142, 39.5684661865, 215.94921875, -43.6539001465, 59.2962760925, -63.194606781, 64.1681900024, -70.460723877, 48.5516624451], [306.203430176, -318.750915527, 106.417785645, -46.1539268494, -42.9871788025, 47.9141235352, -43.6539001465, 138.61807251, -34.4453582764, 86.2348327637, -55.2278366089, 56.9386100769, -47.1244697571], [-92.6200866699, 339.38067627, -217.141052246, 39.7793235779, 40.8924369812, -57.64868927, 59.2962760925, -34.4453582764, 145.213119507, -41.5918655396, 70.8736343384, -51.9871482849, 56.5560760498], [146.036010742, -361.698730469, 191.961471558, -17.7092857361, -31.5417232513, 65.2395019531, -63.194606781, 86.2348327637, -41.5918655396, 149.658615112, -51.8058776855, 60.0593261719, -56.3792610168], [-154.008270264, 310.770446777, -172.561920166, 36.5417022705, 41.8796539307, -35.4522171021, 64.1681900024, -55.2278366089, 70.8736343384, -51.8058776855, 115.612731934, -30.0988903046, 47.3860244751], [96.6474456787, -256.548187256, 163.158172607, 3.16014385223, -2.10402202606, 37.3487472534, -70.460723877, 56.9386100769, -51.9871482849, 60.0593261719, -30.0988903046, 105.751312256, -22.6120529175], [-93.7608184814, 249.24671936, -128.037582397, 44.1996879578, 15.4724845886, -38.2121391296, 48.5516624451, -47.1244697571, 56.5560760498, -56.3792610168, 47.3860244751, -22.6120529175, 91.1973724365]],
        "icov": [[0.000468011945486, -0.000563375535421, 0.000724429672118, -0.000571811804548, 0.00106765411329, -0.000587755814195, 0.000773983425461, -0.00106204359327, 0.000783983850852, -0.000430553103797, 0.000823369715363, -0.000585828907788, 0.000601414241828], [-0.000563375535421, 0.00716231064871, -0.00162209453993, 0.00461618835106, -0.00507035246119, 0.00475276168436, -0.00573772005737, 0.00567688047886, -0.00662210863084, 0.00474721798673, -0.00563755445182, 0.00294343708083, -0.00512848747894], [0.000724429672118, -0.00162209453993, 0.00360258552246, -0.00300145242363, 0.0013114096364, -0.00250886403956, 0.00108120264485, -0.00143697927706, 0.00368246156722, -0.0024846685119, 0.00399893010035, -0.00276184920222, 0.00251640751958], [-0.000571811804548, 0.00461618835106, -0.00300145242363, 0.00839159265161, -0.00433860812336, 0.00172517239116, -0.00187609845307, 0.004598303698, -0.00666813971475, 0.0039742924273, -0.00567714404315, 0.00317716156133, -0.00632150936872], [0.00106765411329, -0.00507035246119, 0.0013114096364, -0.00433860812336, 0.00912504177541, -0.00328310299665, 0.00476471008733, -0.00430689426139, 0.00337021518499, -0.00227663386613, 0.00328691676259, -0.00334253557958, 0.00517904153094], [-0.000587755814195, 0.00475276168436, -0.00250886403956, 0.00172517239116, -0.00328310299665, 0.0118436617777, -0.00817879848182, 0.0030259701889, -0.00273750419728, 0.00126113509759, -0.00378706259653, 0.0010317893466, -0.00181397411507], [0.000773983425461, -0.00573772005737, 0.00108120264485, -0.00187609845307, 0.00476471008733, -0.00817879848182, 0.0145893860608, -0.00627458654344, 0.00408187415451, -0.00150269432925, 0.000705901999027, 0.00302933040075, 0.000583699729759], [-0.00106204359327, 0.00567688047886, -0.00143697927706, 0.004598303698, -0.00430689426139, 0.0030259701889, -0.00627458654344, 0.0202767364681, -0.00851791352034, -0.000889982969966, -0.000264862115728, -0.00340376608074, -0.00101062003523], [0.000783983850852, -0.00662210863084, 0.00368246156722, -0.00666813971475, 0.00337021518499, -0.00273750419728, 0.00408187415451, -0.00851791352034, 0.0221350286156, -0.00775667978451, 0.00139026215766, 0.00180474482477, 0.000215766311157], [-0.000430553103797, 0.00474721798673, -0.0024846685119, 0.0039742924273, -0.00227663386613, 0.00126113509759, -0.00150269432925, -0.000889982969966, -0.00775667978451, 0.0177449956536, -0.00419469643384, -0.000412920926465, 0.000280856475001], [0.000823369715363, -0.00563755445182, 0.00399893010035, -0.00567714404315, 0.00328691676259, -0.00378706259653, 0.000705901999027, -0.000264862115728, 0.00139026215766, -0.00419469643384, 0.0231764018536, -0.00778115447611, 0.00453580310568], [-0.000585828907788, 0.00294343708083, -0.00276184920222, 0.00317716156133, -0.00334253557958, 0.0010317893466, 0.00302933040075, -0.00340376608074, 0.00180474482477, -0.000412920926465, -0.00778115447611, 0.0218395609409, -0.00835275743157], [0.000601414241828, -0.00512848747894, 0.00251640751958, -0.00632150936872, 0.00517904153094, -0.00181397411507, 0.000583699729759, -0.00101062003523, 0.000215766311157, 0.000280856475001, 0.00453580310568, -0.00835275743157, 0.0253369491547]]
    },
    "melbands": {
        "mean": [0.000386484724004, 0.00184096524026, 0.00282951816916, 0.00149048585445, 0.000686232931912, 0.000302253232803, 0.00032475948683, 0.000379151926609, 0.000239816232352, 0.000117031617265, 0.000104559636384, 4.64228396595e-005, 2.61125969701e-005, 2.0165953174e-005, 2.63492256636e-005, 2.48255564657e-005, 2.40913814196e-005, 1.62395044754e-005, 1.61442167155e-005, 1.26390395963e-005, 1.37801689561e-005, 1.31280758069e-005, 1.5959245502e-005, 8.24405378808e-006, 4.130058187e-006, 3.50865229848e-006, 3.01995896734e-006, 2.88886712951e-006, 2.3919776595e-006, 1.7672928152e-006, 1.20974880247e-006, 1.05893127511e-006, 9.26826658088e-007, 8.63485865921e-007, 6.35924493508e-007, 4.40937981239e-007, 3.84012736276e-007, 3.7109273876e-007, 4.62090952169e-007, 4.65057354404e-007],
        "var": [5.40810788152e-007, 3.98818292524e-006, 1.31507067636e-005, 4.73554837299e-006, 2.42546980189e-006, 4.80897256239e-007, 4.61158094822e-007, 1.36702351483e-006, 4.44837269242e-007, 1.44327501062e-007, 1.12836296751e-007, 5.83777044483e-008, 3.84766751793e-009, 4.68299488077e-009, 8.98306051766e-009, 4.39317915379e-009, 2.580799352e-009, 9.38331745637e-010, 9.68563784731e-010, 4.26723795188e-010, 3.16407594569e-010, 2.93692986597e-010, 4.21054413557e-010, 1.10429880518e-010, 2.66764787343e-011, 3.51306622681e-011, 1.67765818598e-011, 2.8429930285e-011, 3.82271055088e-011, 1.01589275187e-011, 3.70786214232e-012, 2.98010899812e-012, 3.19930713866e-012, 1.8316602575e-012, 1.23335044434e-012, 9.25348773301e-013, 7.85555268838e-013, 9.58977688925e-013, 9.6790826222e-013, 8.45385285213e-013]
    },
    "mfcc": {
        "mean": [-683.542297363, 136.20980835, 11.9469547272, 40.5129127502, 16.1289329529, 4.63279390335, -6.84797382355, -2.33537387848, -1.9026517868, -5.19444608688, -1.71866846085, -5.24553442001, -7.68271160126],
        "cov": [[5636.58544922, -447.687988281, -896.919494629, -530.126647949, -597.80255127, -549.756469727, -308.053039551, -84.373008728, -32.1194458008, 24.4900245667, -72.5645675659, 107.263092041, -31.1221733093], [-447.687988281, 1356.31665039, -613.683532715, 107.812080383, -99.1769332886, 13.8377189636, -27.2311763763, 63.0270195007, -24.7132797241, -16.5159492493, -1.2842259407, 35.6305427551, -51.4189720154], [-896.919494629, -613.683532715, 907.179626465, 55.3391265869, 156.448104858, 180.391098022, 141.851379395, 14.6802558899, 44.6588554382, 9.44785785675, 5.6696267128, -62.9344100952, 64.2414627075], [-530.126647949, 107.812080383, 55.3391265869, 280.138305664, 144.340957642, 72.6387634277, -7.46134757996, 15.0941514969, 5.93768501282, -5.37370061874, -21.820394516, 7.43537187576, 16.9822978973], [-597.80255127, -99.1769332886, 156.448104858, 144.340957642, 298.882354736, 76.7989578247, 5.24738264084, 6.48405790329, -0.982439160347, -17.2641410828, 19.754776001, -12.6426877975, 12.7224473953], [-549.756469727, 13.8377189636, 180.391098022, 72.6387634277, 76.7989578247, 194.637435913, 86.6282119751, 36.4422340393, 19.5172595978, 17.4419460297, 16.1403121948, -4.85038566589, 3.90430116653], [-308.053039551, -27.2311763763, 141.851379395, -7.46134757996, 5.24738264084, 86.6282119751, 141.870193481, 40.1074028015, 10.516992569, 16.5267276764, 16.74426651, -10.5442962646, 4.94259786606], [-84.373008728, 63.0270195007, 14.6802558899, 15.0941514969, 6.48405790329, 36.4422340393, 40.1074028015, 86.7060089111, 13.1931219101, 1.84394443035, 2.9798116684, 2.76407170296, 3.4714114666], [-32.1194458008, -24.7132797241, 44.6588554382, 5.93768501282, -0.982439160347, 19.5172595978, 10.516992569, 13.1931219101, 73.32421875, 31.8241729736, 2.02246832848, 1.14542031288, 8.48898601532], [24.4900245667, -16.5159492493, 9.44785785675, -5.37370061874, -17.2641410828, 17.4419460297, 16.5267276764, 1.84394443035, 31.8241729736, 75.0596313477, 18.3835029602, 8.25596523285, 4.03814506531], [-72.5645675659, -1.2842259407, 5.6696267128, -21.820394516, 19.754776001, 16.1403121948, 16.74426651, 2.9798116684, 2.02246832848, 18.3835029602, 72.276512146, 18.3340148926, 0.412110418081], [107.263092041, 35.6305427551, -62.9344100952, 7.43537187576, -12.6426877975, -4.85038566589, -10.5442962646, 2.76407170296, 1.14542031288, 8.25596523285, 18.3340148926, 68.6572570801, 18.5528907776], [-31.1221733093, -51.4189720154, 64.2414627075, 16.9822978973, 12.7224473953, 3.90430116653, 4.94259786606, 3.4714114666, 8.48898601532, 4.03814506531, 0.412110418081, 18.5528907776, 66.7834777832]],
        "icov": [[0.000402818084694, 0.000344315776601, 0.000387093226891, 0.000303964392515, 0.000435869995272, 0.000330728886183, 0.000397382187657, -0.000333054922521, 3.45290609403e-005, -0.000196201886865, 0.000345162232406, -0.000376847136067, -1.26537440792e-006], [0.000344315776601, 0.00168606231455, 0.00146357377525, -0.000606519577559, 0.000984920887277, -0.000569437630475, 0.000146253747516, -0.000945403648075, 1.76247049239e-005, 0.00040308322059, -0.000213575680391, 0.000202242372325, 7.48079173718e-006], [0.000387093226891, 0.00146357377525, 0.00319808349013, -0.000125249353005, 0.000241560162976, -0.0014664347982, -0.000999057199806, -1.45978056025e-005, -0.000804207578767, 0.000644518469926, 1.77593756234e-005, 0.00186117715202, -0.00207674736157], [0.000303964392515, -0.000606519577559, -0.000125249353005, 0.00658082449809, -0.00278295343742, -0.00119833264034, 0.0015226273099, -0.00041001586942, 0.000126386832562, -0.00115097896196, 0.00378349167295, -0.0019963872619, -0.000784643285442], [0.000435869995272, 0.000984920887277, 0.000241560162976, -0.00278295343742, 0.00637965928763, -0.0009975702269, 0.00155083613936, -0.000614393502474, 0.000174843487912, 0.00175685354043, -0.00305919884704, 0.00138071121182, -0.000296254875138], [0.000330728886183, -0.000569437630475, -0.0014664347982, -0.00119833264034, -0.0009975702269, 0.0104112867266, -0.00393156800419, -0.00118314952124, -0.000615927099716, -0.00149794458412, -0.000188147838344, -0.00174508453347, 0.00201970571652], [0.000397382187657, 0.000146253747516, -0.000999057199806, 0.0015226273099, 0.00155083613936, -0.00393156800419, 0.0129423737526, -0.00443931762129, 0.00153796724044, -0.00176975573413, -0.00126592081506, 0.000997350784019, -0.000278798746876], [-0.000333054922521, -0.000945403648075, -1.45978056025e-005, -0.00041001586942, -0.000614393502474, -0.00118314952124, -0.00443931762129, 0.0150106707588, -0.00293651362881, 0.0019265456358, 8.34872553241e-005, -0.000472082232591, -0.000642888597213], [3.45290609403e-005, 1.76247049239e-005, -0.000804207578767, 0.000126386832562, 0.000174843487912, -0.000615927099716, 0.00153796724044, -0.00293651362881, 0.018163504079, -0.00800173915923, 0.00150663359091, 6.71072630212e-005, -0.00104027020279], [-0.000196201886865, 0.00040308322059, 0.000644518469926, -0.00115097896196, 0.00175685354043, -0.00149794458412, -0.00176975573413, 0.0019265456358, -0.00800173915923, 0.0190530288965, -0.00501704122871, -2.26322154049e-005, -0.000422366691055], [0.000345162232406, -0.000213575680391, 1.77593756234e-005, 0.00378349167295, -0.00305919884704, -0.000188147838344, -0.00126592081506, 8.34872553241e-005, 0.00150663359091, -0.00501704122871, 0.0193889494985, -0.00660871528089, 0.00152851315215], [-0.000376847136067, 0.000202242372325, 0.00186117715202, -0.0019963872619, 0.00138071121182, -0.00174508453347, 0.000997350784019, -0.000472082232591, 6.71072630212e-005, -2.26322154049e-005, -0.00660871528089, 0.0210182201117, -0.00731824152172], [-1.26537440792e-006, 7.48079173718e-006, -0.00207674736157, -0.000784643285442, -0.000296254875138, 0.00201970571652, -0.000278798746876, -0.000642888597213, -0.00104027020279, -0.000422366691055, 0.00152851315215, -0.00731824152172, 0.0193499643356]]
    },
    "spectral_contrast_coeffs": {
        "mean": [-0.555095136166, -0.723061561584, -0.786908984184, -0.788306295872, -0.777367770672, -0.766529798508],
        "var": [0.00657588010654, 0.00697585940361, 0.00576937152073, 0.00307371886447, 0.00246102386154, 0.00159663578961]
    },
    "spectral_contrast_valleys": {
        "mean": [-7.24862146378, -6.98973894119, -8.00306224823, -8.20033359528, -8.12546920776, -10.7305011749],
        "var": [0.646914660931, 0.829976379871, 0.95111989975, 0.948534786701, 0.869435787201, 1.15197646618]
    }
},
"metadata": {
    "audio_properties": {
        "analysis_sample_rate": 44100,
        "bit_rate": 128074,
        "equal_loudness": 0,
        "length": 45.0612258911,
        "lossless": 0,
        "replay_gain": -5.56542396545,
        "sample_rate": 44100,
        "codec": "mp3",
        "downmix": "mix",
        "md5_encoded": "b3dbbd28da1e491a8687569d550a6dfc"
    },
    "tags": {
        "file_name": "1844.mp3"
    },
    "version": {
        "essentia": "2.1-beta2",
        "essentia_git_sha": "v2.1_beta2",
        "extractor": "music 1.0"
    }
},
"rhythm": {
    "beats_count": 65,
    "beats_loudness": {
        "mean": 0.0390385948122,
        "var": 0.000606237503234
    },
    "bpm": 87.2853088379,
    "bpm_histogram_first_peak_bpm": {
        "mean": 88,
        "var": 0
    },
    "bpm_histogram_first_peak_spread": {
        "mean": 0.421875,
        "var": 0
    },
    "bpm_histogram_first_peak_weight": {
        "mean": 0.578125,
        "var": 0
    },
    "bpm_histogram_second_peak_bpm": {
        "mean": 0,
        "var": 0
    },
    "bpm_histogram_second_peak_spread": {
        "mean": 0,
        "var": 0
    },
    "bpm_histogram_second_peak_weight": {
        "mean": 0,
        "var": 0
    },
    "danceability": 1.18119895458,
    "onset_rate": 4.43640565872,
    "beats_loudness_band_ratio": {
        "mean": [0.527727127075, 0.267441183329, 0.150694429874, 0.0405615009367, 0.0512478239834, 0.0346975885332],
        "var": [0.0478472486138, 0.0187955833972, 0.0154641717672, 0.00115603988525, 0.00148227030877, 0.000615940720309]
    },
    "beats_position": [0.696598649025, 1.39319729805, 2.07818579674, 2.76317453384, 3.43655323982, 4.1099319458, 4.79492044449, 5.47990942001, 6.1648979187, 6.84988641739, 7.5464849472, 8.23147392273, 8.91646194458, 9.6014509201, 10.2864398956, 10.9830379486, 11.6796369553, 12.3762359619, 13.0612239838, 13.7462129593, 14.4195919037, 15.0929698944, 15.7895689011, 16.4861679077, 17.1827659607, 17.8793640137, 18.575963974, 19.272562027, 19.96916008, 20.6541500092, 21.339138031, 22.035736084, 22.7323360443, 23.4289340973, 24.1255321503, 24.8105201721, 25.4955101013, 26.1456680298, 26.8422679901, 27.5388660431, 28.2354640961, 28.932062149, 29.6286621094, 30.3136501312, 30.9986381531, 31.6952381134, 32.391834259, 33.0884361267, 33.7734222412, 34.4584121704, 35.1550102234, 35.8516082764, 36.5365982056, 37.2215881348, 37.8949661255, 38.5683441162, 39.2417221069, 39.9151000977, 40.6000900269, 41.2850799561, 41.9700660706, 42.6550559998, 43.3284339905, 44.0134239197, 44.6984100342]
},
"tonal": {
    "chords_changes_rate": 0.0771604925394,
    "chords_number_rate": 0.00823045242578,
    "chords_strength": {
        "mean": 0.515135526657,
        "var": 0.00897144153714
    },
    "hpcp_entropy": {
        "mean": 2.18944644928,
        "var": 0.549387097359
    },
    "key_strength": 0.790959835052,
    "tuning_diatonic_strength": 0.714140176773,
    "tuning_equal_tempered_deviation": 0.106781020761,
    "tuning_frequency": 441.272583008,
    "tuning_nontempered_energy_ratio": 0.757206976414,
    "hpcp": {
        "mean": [0.109611317515, 0.0936138480902, 0.0617502219975, 0.0453084930778, 0.0493070445955, 0.0783337727189, 0.0997537970543, 0.123916015029, 0.22758191824, 0.267144650221, 0.174800187349, 0.104464478791, 0.0961101800203, 0.119943626225, 0.190820083022, 0.286372929811, 0.244788944721, 0.124008275568, 0.0715541020036, 0.0685940906405, 0.0787968710065, 0.0816525891423, 0.0836066827178, 0.0802768021822, 0.0614910237491, 0.0468949377537, 0.0604208111763, 0.0753880441189, 0.0972736924887, 0.221970245242, 0.319546610117, 0.226563021541, 0.10267201066, 0.054800670594, 0.0606022775173, 0.0912409797311],
        "var": [0.0436267927289, 0.0337933339179, 0.0208360254765, 0.0160282608122, 0.0179391242564, 0.0324989780784, 0.0405986569822, 0.0461201369762, 0.111186794937, 0.133916929364, 0.0735459625721, 0.0401959307492, 0.0416247211397, 0.053977292031, 0.0718060433865, 0.11698808521, 0.0949099808931, 0.0455113463104, 0.0248301569372, 0.0271488279104, 0.0306645650417, 0.0321481004357, 0.0319289527833, 0.0320975631475, 0.0221147164702, 0.0188842583448, 0.0253912638873, 0.0281964577734, 0.0332570038736, 0.0736495926976, 0.125850379467, 0.0850931853056, 0.0445966944098, 0.0220546070486, 0.0260000638664, 0.0413295775652]
    },
    "chords_histogram": [0.925925910473, 0, 0, 0, 4.32098770142, 3.39506173134, 0.720164597034, 14.7119340897, 3.08641982079, 43.6213989258, 6.58436203003, 19.2386837006, 0, 0, 0, 0, 0.720164597034, 2.67489719391, 0, 0, 0, 0, 0, 0],
    "thpcp": [1, 0.709013998508, 0.321305274963, 0.171495079994, 0.189650818706, 0.285532623529, 0.34302136302, 0.292958348989, 0.19324323535, 0.141789928079, 0.154303133488, 0.245140358806, 0.312172919512, 0.387786984444, 0.712202548981, 0.836011528969, 0.547025620937, 0.326914697886, 0.300770461559, 0.375355660915, 0.597158849239, 0.896185159683, 0.766050815582, 0.388075709343, 0.223923832178, 0.214660674334, 0.24658960104, 0.255526393652, 0.261641591787, 0.251220941544, 0.19243209064, 0.146754607558, 0.189082935452, 0.235921904445, 0.304411590099, 0.694641232491],
    "chords_key": "G",
    "chords_scale": "major",
    "key_key": "C",
    "key_scale": "minor"
}
}