{
"lowlevel": {
    "average_loudness": 0.952811479568,
    "barkbands_crest": {
        "mean": 13.5211019516,
        "var": 26.5966720581
    },
    "barkbands_flatness_db": {
        "mean": 0.145319789648,
        "var": 0.00244721653871
    },
    "barkbands_kurtosis": {
        "mean": 9.67142677307,
        "var": 336.664886475
    },
    "barkbands_skewness": {
        "mean": 2.46792721748,
        "var": 2.89086484909
    },
    "barkbands_spread": {
        "mean": 20.103843689,
        "var": 162.153121948
    },
    "dissonance": {
        "mean": 0.467976242304,
        "var": 0.000567652983591
    },
    "dynamic_complexity": 2.11651682854,
    "erbbands_crest": {
        "mean": 8.45547294617,
        "var": 15.8020038605
    },
    "erbbands_flatness_db": {
        "mean": 0.124981246889,
        "var": 0.00130673439708
    },
    "erbbands_kurtosis": {
        "mean": 0.406990081072,
        "var": 2.72215867043
    },
    "erbbands_skewness": {
        "mean": 0.217734456062,
        "var": 0.346545279026
    },
    "erbbands_spread": {
        "mean": 45.1906433105,
        "var": 467.737213135
    },
    "hfc": {
        "mean": 23.9649829865,
        "var": 468.214355469
    },
    "melbands_crest": {
        "mean": 18.758769989,
        "var": 36.3233261108
    },
    "melbands_flatness_db": {
        "mean": 0.233474686742,
        "var": 0.0040253456682
    },
    "melbands_kurtosis": {
        "mean": 32.0289611816,
        "var": 3239.47802734
    },
    "melbands_skewness": {
        "mean": 4.09694004059,
        "var": 6.95557928085
    },
    "melbands_spread": {
        "mean": 16.6986351013,
        "var": 265.365234375
    },
    "pitch_salience": {
        "mean": 0.455188512802,
        "var": 0.0171214565635
    },
    "silence_rate_20dB": {
        "mean": 1,
        "var": 0
    },
    "silence_rate_30dB": {
        "mean": 0.906797111034,
        "var": 0.0845165625215
    },
    "silence_rate_60dB": {
        "mean": 0.00154479919001,
        "var": 0.00154241069686
    },
    "spectral_centroid": {
        "mean": 1281.34423828,
        "var": 286360.90625
    },
    "spectral_complexity": {
        "mean": 18.5679702759,
        "var": 63.0176048279
    },
    "spectral_decrease": {
        "mean": -1.36779991777e-008,
        "var": 8.95375632183e-017
    },
    "spectral_energy": {
        "mean": 0.0537976250052,
        "var": 0.00133370759431
    },
    "spectral_energyband_high": {
        "mean": 0.00102789141238,
        "var": 3.40984502145e-006
    },
    "spectral_energyband_low": {
        "mean": 0.037666361779,
        "var": 0.00105954473838
    },
    "spectral_energyband_middle_high": {
        "mean": 0.00634193327278,
        "var": 5.3522282542e-005
    },
    "spectral_energyband_middle_low": {
        "mean": 0.0104515841231,
        "var": 8.38722698973e-005
    },
    "spectral_entropy": {
        "mean": 7.73112392426,
        "var": 0.0972058176994
    },
    "spectral_flux": {
        "mean": 0.127848237753,
        "var": 0.00283799669705
    },
    "spectral_kurtosis": {
        "mean": 3.23278856277,
        "var": 2.81210041046
    },
    "spectral_rms": {
        "mean": 0.00681857392192,
        "var": 5.99252507527e-006
    },
    "spectral_rolloff": {
        "mean": 938.964904785,
        "var": 2185891.5
    },
    "spectral_skewness": {
        "mean": 1.46042263508,
        "var": 0.113448403776
    },
    "spectral_spread": {
        "mean": 5588200.5,
        "var": 4.83446593946e+012
    },
    "spectral_strongpeak": {
        "mean": 0.5369156003,
        "var": 0.556674659252
    },
    "zerocrossingrate": {
        "mean": 0.0479259863496,
        "var": 0.0013690184569
    },
    "barkbands": {
        "mean": [0.00205500028096, 0.028785251081, 0.00535443658009, 0.00274681230076, 0.00232031615451, 0.00142593577038, 0.000873851007782, 0.00117637496442, 0.00137542618904, 0.00133401714265, 0.00118574325461, 0.000800523732323, 0.0009923792677, 0.000666628417093, 0.000412660825532, 0.000248598866165, 0.000372643582523, 0.0002638506121, 0.000277028913843, 0.000193430212676, 0.000129279913381, 0.00016866227088, 0.000169410908711, 0.000177353387699, 0.000182637042599, 0.00010442679195, 4.90260163133e-006],
        "var": [1.42663993756e-005, 0.000796582666226, 6.90031811246e-005, 1.52757238538e-005, 1.11068993647e-005, 3.97097937821e-006, 1.99369492293e-006, 5.47544595975e-006, 1.69524009834e-005, 1.07194691736e-005, 5.26595249539e-006, 2.56282396549e-006, 3.59064983968e-006, 3.25377277477e-006, 8.52970686083e-007, 2.49082546588e-007, 3.73943777277e-007, 2.77891729183e-007, 1.7555787224e-007, 3.7230861949e-008, 1.88260216305e-008, 7.72855699438e-008, 1.14180508604e-007, 2.62614804569e-007, 3.25621954289e-007, 5.36824416031e-008, 1.62687530114e-010]
    },
    "erbbands": {
        "mean": [1.06421542168, 5.46734571457, 7.04382610321, 8.37511253357, 6.59893274307, 7.41243171692, 14.1009092331, 10.2393293381, 11.9048757553, 18.8783283234, 26.3832569122, 34.6847496033, 38.3588752747, 38.1013526917, 50.6979598999, 38.9275741577, 47.8932991028, 34.8745803833, 27.3897094727, 17.9072647095, 14.5188961029, 17.6237411499, 16.914680481, 13.2723836899, 12.9605150223, 10.0150470734, 5.98480081558, 4.97811555862, 5.9680352211, 5.50672912598, 4.73398923874, 3.27258658409, 3.21786856651, 2.27445912361, 1.16389524937, 0.57497626543, 0.154962912202, 0.0306608192623, 0.000724719138816, 8.33738376969e-005],
        "var": [1.3808298111, 29.6962871552, 82.5177841187, 132.747695923, 93.4862594604, 159.429336548, 549.21887207, 198.075805664, 315.455810547, 1322.08618164, 3000.37084961, 13575.3623047, 13307.5175781, 5242.5703125, 7113.01708984, 4599.29101563, 7884.16210938, 7533.24267578, 4103.10644531, 1182.25427246, 578.939941406, 894.718322754, 1092.09814453, 346.925750732, 347.414489746, 97.6834182739, 44.7840080261, 30.193605423, 72.04246521, 159.514282227, 85.6886978149, 109.067382813, 80.8944702148, 50.6160202026, 14.0174064636, 1.91942834854, 0.109437093139, 0.00446788221598, 2.43453791882e-006, 4.77438621971e-009]
    },
    "gfcc": {
        "mean": [30.5300006866, 89.1835632324, -98.0392456055, 37.0082130432, -49.4009971619, 29.9506607056, -24.938495636, 14.8176259995, -22.5758781433, 9.35659313202, -10.4805459976, 6.02671909332, -12.3191947937],
        "cov": [[3051.9675293, -327.287719727, 57.4404602051, -107.116973877, 110.40083313, 166.767044067, -32.310634613, 250.222976685, -30.1622104645, 43.0887908936, -155.033432007, 40.9914398193, -129.684417725], [-327.287719727, 1124.51379395, -326.65927124, 184.408065796, 213.237686157, -115.459312439, 260.003814697, -76.7566604614, 159.228744507, -95.9428024292, 81.1295928955, -110.041618347, 14.4483633041], [57.4404602051, -326.65927124, 765.469238281, 73.2685699463, 90.2493743896, 168.903091431, -17.8447952271, 51.7566871643, -71.7334594727, 71.9811477661, -34.6005363464, 49.88331604, -47.0640487671], [-107.116973877, 184.408065796, 73.2685699463, 353.955627441, 198.348190308, -18.7255249023, 76.1718215942, -3.66946101189, 89.6931381226, -1.11931073666, 10.9201898575, -39.5297088623, -5.55493783951], [110.40083313, 213.237686157, 90.2493743896, 198.348190308, 320.873901367, 37.5937843323, 96.8505630493, 48.280708313, 76.5781784058, 8.57352638245, -5.61989784241, -26.7955989838, -38.4641342163], [166.767044067, -115.459312439, 168.903091431, -18.7255249023, 37.5937843323, 166.004074097, 47.991153717, 13.387254715, -29.7888221741, 10.463517189, -5.23006725311, 16.6419334412, -14.9342184067], [-32.310634613, 260.003814697, -17.8447952271, 76.1718215942, 96.8505630493, 47.991153717, 212.119812012, 28.9103164673, 50.1296234131, -32.3835067749, 27.9815387726, -15.0242414474, -5.58285617828], [250.222976685, -76.7566604614, 51.7566871643, -3.66946101189, 48.280708313, 13.387254715, 28.9103164673, 130.118560791, 35.2977104187, 15.203707695, -24.6647529602, 2.97599411011, -21.0582942963], [-30.1622104645, 159.228744507, -71.7334594727, 89.6931381226, 76.5781784058, -29.7888221741, 50.1296234131, 35.2977104187, 135.793411255, 18.3165206909, 5.01350545883, -35.52942276, -0.30359467864], [43.0887908936, -95.9428024292, 71.9811477661, -1.11931073666, 8.57352638245, 10.463517189, -32.3835067749, 15.203707695, 18.3165206909, 78.2963943481, 7.15385961533, 4.04958820343, -12.744966507], [-155.033432007, 81.1295928955, -34.6005363464, 10.9201898575, -5.61989784241, -5.23006725311, 27.9815387726, -24.6647529602, 5.01350545883, 7.15385961533, 86.0361099243, 26.0399513245, 18.6573543549], [40.9914398193, -110.041618347, 49.88331604, -39.5297088623, -26.7955989838, 16.6419334412, -15.0242414474, 2.97599411011, -35.52942276, 4.04958820343, 26.0399513245, 79.0558929443, 24.0746555328], [-129.684417725, 14.4483633041, -47.0640487671, -5.55493783951, -38.4641342163, -14.9342184067, -5.58285617828, -21.0582942963, -0.30359467864, -12.744966507, 18.6573543549, 24.0746555328, 73.6870956421]],
        "icov": [[0.000539627450053, -0.000297402963042, 0.000392185203964, -0.000252616766375, 0.000125303908135, -0.00094003835693, 0.000513342733029, -0.00113657303154, 0.000417974370066, -0.000484921300085, 0.00106295850128, -0.00107671984006, 0.000828932970762], [-0.000297402963042, 0.00335036520846, -0.000341051374562, 0.00145247403998, -0.00225550937466, 0.00321554602124, -0.00332112354226, 0.00338927749544, -0.00208924803883, 0.00276664225385, -0.00292704557069, 0.00378443207592, -0.00112277024891], [0.000392185203964, -0.000341051374562, 0.00275520305149, -0.00154172140174, 0.000195090367924, -0.00280674523674, 0.000791182974353, -0.00167570635676, 0.00203839829192, -0.00249402178451, 0.0019333496457, -0.00232470175251, 0.00136169837788], [-0.000252616766375, 0.00145247403998, -0.00154172140174, 0.00651827547699, -0.00403797160834, 0.00345234759152, -0.00206770165823, 0.00354436272755, -0.00332833151333, 0.00235616904683, -0.00227335095406, 0.00348752760328, -0.00194456381723], [0.000125303908135, -0.00225550937466, 0.000195090367924, -0.00403797160834, 0.0077223693952, -0.00333584961481, 0.00114408857189, -0.00331647531129, 0.00011967492901, -0.00192437344231, 0.00239026732743, -0.00326562067494, 0.00310619175434], [-0.00094003835693, 0.00321554602124, -0.00280674523674, 0.00345234759152, -0.00333584961481, 0.0138570703566, -0.0068884450011, 0.00531148724258, -0.000715127738658, 0.00158772547729, -0.00276597496122, 0.00405364949256, -0.00210654735565], [0.000513342733029, -0.00332112354226, 0.000791182974353, -0.00206770165823, 0.00114408857189, -0.0068884450011, 0.0118892453611, -0.00572747923434, -0.000196010631043, 0.00228881696239, -0.0010273597436, -0.00254085008055, 0.00185452832375], [-0.00113657303154, 0.00338927749544, -0.00167570635676, 0.00354436272755, -0.00331647531129, 0.00531148724258, -0.00572747923434, 0.016088873148, -0.00643857289106, 0.00195811921731, 7.54447537474e-005, 0.00119896198157, -5.73614051973e-005], [0.000417974370066, -0.00208924803883, 0.00203839829192, -0.00332833151333, 0.00011967492901, -0.000715127738658, -0.000196010631043, -0.00643857289106, 0.0162586513907, -0.00787885766476, 0.00167707074434, 0.00213674386032, -0.00215953122824], [-0.000484921300085, 0.00276664225385, -0.00249402178451, 0.00235616904683, -0.00192437344231, 0.00158772547729, 0.00228881696239, 0.00195811921731, -0.00787885766476, 0.0219920817763, -0.0078490851447, 0.00359143316746, 0.00182435335591], [0.00106295850128, -0.00292704557069, 0.0019333496457, -0.00227335095406, 0.00239026732743, -0.00276597496122, -0.0010273597436, 7.54447537474e-005, 0.00167707074434, -0.0078490851447, 0.0216663312167, -0.012156595476, 0.00127417675685], [-0.00107671984006, 0.00378443207592, -0.00232470175251, 0.00348752760328, -0.00326562067494, 0.00405364949256, -0.00254085008055, 0.00119896198157, 0.00213674386032, 0.00359143316746, -0.012156595476, 0.0269265044481, -0.009681109339], [0.000828932970762, -0.00112277024891, 0.00136169837788, -0.00194456381723, 0.00310619175434, -0.00210654735565, 0.00185452832375, -5.73614051973e-005, -0.00215953122824, 0.00182435335591, 0.00127417675685, -0.009681109339, 0.0204386152327]]
    },
    "melbands": {
        "mean": [0.00873443391174, 0.00495104677975, 0.00142069673166, 0.000439692521468, 0.000486207136419, 0.000234975464991, 0.000180745861144, 0.00021421724523, 0.000224861680181, 0.000209225327126, 0.000187385303434, 0.000151293090312, 0.000165164135979, 0.00010847725207, 0.000116556737339, 7.76015149313e-005, 6.64107355988e-005, 4.62311072624e-005, 2.62625126197e-005, 2.10969537875e-005, 1.7226622731e-005, 1.81562681973e-005, 1.79814724106e-005, 1.40565243782e-005, 1.02078683994e-005, 9.45104602579e-006, 8.47229694045e-006, 6.2841190811e-006, 3.73851526092e-006, 3.06911169901e-006, 2.88251817437e-006, 3.40312567459e-006, 3.26673330164e-006, 2.98365830531e-006, 2.6375453217e-006, 2.52352742791e-006, 1.8552328811e-006, 2.15578074858e-006, 2.32628576669e-006, 1.82979067631e-006],
        "var": [7.94717343524e-005, 2.43774320552e-005, 3.37443952958e-006, 3.89279335877e-007, 6.02228169555e-007, 9.96840086032e-008, 7.70124870542e-008, 1.75987480588e-007, 2.3028457008e-007, 5.15845385962e-007, 3.30342686539e-007, 1.00427044458e-007, 9.60087547242e-008, 3.69206247797e-008, 4.3459611021e-008, 2.19108446942e-008, 3.56749865205e-008, 1.39483731232e-008, 3.50849771458e-009, 1.79432013692e-009, 9.90894144515e-010, 1.11068476638e-009, 1.08627307149e-009, 8.07423072846e-010, 2.58367438555e-010, 1.9826869313e-010, 1.24104768129e-010, 4.61235875882e-011, 2.20504066395e-011, 1.22374246153e-011, 1.18990399131e-011, 2.14060245224e-011, 4.02490887841e-011, 5.59393954769e-011, 3.02590556778e-011, 3.06430297803e-011, 4.79487456684e-011, 3.90883332646e-011, 4.62261687262e-011, 3.74375010159e-011]
    },
    "mfcc": {
        "mean": [-618.26574707, 120.103157043, 13.6104736328, 20.9335765839, 6.40856122971, 16.7754802704, 12.3133764267, 10.9309568405, 1.47866952419, 5.50106906891, 5.54181289673, 3.55022215843, 5.67933893204],
        "cov": [[2362.81201172, -108.780532837, -208.108657837, -105.44543457, 74.9066390991, -79.9547653198, 6.77628135681, 114.154396057, 120.249481201, 50.4458961487, 81.1999053955, 9.40898990631, -68.2127609253], [-108.780532837, 769.518615723, -223.965621948, 184.002502441, -33.41929245, 68.9507369995, 43.9726600647, 82.3538360596, 30.6253299713, 42.7064857483, 44.7402610779, 32.4057312012, 18.2841949463], [-208.108657837, -223.965621948, 540.716491699, -48.8961029053, 77.5505142212, 64.3177719116, 78.2334671021, -12.5674781799, -3.17180013657, -20.8132286072, -34.2069206238, 23.2964706421, 26.6280879974], [-105.44543457, 184.002502441, -48.8961029053, 397.815795898, 126.326461792, 86.680229187, 12.6416397095, 55.4640693665, 56.8328285217, 74.1439056396, 32.4723892212, 36.5315704346, 9.65320110321], [74.9066390991, -33.41929245, 77.5505142212, 126.326461792, 227.100708008, 63.9556541443, 18.7547531128, 12.3171787262, 38.512752533, 42.0017242432, 28.5020198822, 19.0428218842, -10.09009552], [-79.9547653198, 68.9507369995, 64.3177719116, 86.680229187, 63.9556541443, 171.67578125, 66.4427947998, 31.027961731, 13.5309715271, 15.0253973007, 13.7392263412, 27.0695095062, 2.63904905319], [6.77628135681, 43.9726600647, 78.2334671021, 12.6416397095, 18.7547531128, 66.4427947998, 142.794723511, 66.0686340332, 8.32456207275, -10.7250528336, 5.8138628006, 27.1680393219, 13.1559581757], [114.154396057, 82.3538360596, -12.5674781799, 55.4640693665, 12.3171787262, 31.027961731, 66.0686340332, 125.451599121, 49.0246276855, 11.0269527435, 20.1760311127, 22.0440654755, -2.42465925217], [120.249481201, 30.6253299713, -3.17180013657, 56.8328285217, 38.512752533, 13.5309715271, 8.32456207275, 49.0246276855, 107.891319275, 50.5388031006, 28.2958068848, 11.1471147537, -12.4660310745], [50.4458961487, 42.7064857483, -20.8132286072, 74.1439056396, 42.0017242432, 15.0253973007, -10.7250528336, 11.0269527435, 50.5388031006, 102.883415222, 30.8577518463, 5.92940044403, 0.334918558598], [81.1999053955, 44.7402610779, -34.2069206238, 32.4723892212, 28.5020198822, 13.7392263412, 5.8138628006, 20.1760311127, 28.2958068848, 30.8577518463, 85.8203964233, 31.5592155457, -11.9315662384], [9.40898990631, 32.4057312012, 23.2964706421, 36.5315704346, 19.0428218842, 27.0695095062, 27.1680393219, 22.0440654755, 11.1471147537, 5.92940044403, 31.5592155457, 82.6088027954, 25.2611427307], [-68.2127609253, 18.2841949463, 26.6280879974, 9.65320110321, -10.09009552, 2.63904905319, 13.1559581757, -2.42465925217, -12.4660310745, 0.334918558598, -11.9315662384, 25.2611427307, 69.7580184937]],
        "icov": [[0.000548155687284, 0.000129735693918, 0.000298840983305, 0.000352571543772, -0.000368874403648, 0.000239001194132, -7.32852495275e-005, -0.000490611942951, -0.000351015420165, -0.000132536777528, -0.000141725991853, -0.000155182511662, 0.000243379123276], [0.000129735693918, 0.00193096511066, 0.00080621894449, -0.000640814716462, 0.000640631595161, -0.000567803683225, -0.000480650691316, -0.000605072185863, 1.92441730178e-005, -0.000264482485363, -0.000490974693093, -3.76091747967e-006, -0.000492480408866], [0.000298840983305, 0.00080621894449, 0.00293836882338, 0.000591146992519, -0.00102434121072, -0.000601286359597, -0.00155387027189, 0.00054969615303, -0.000789781101048, 8.08869517641e-005, 0.00108608009759, -0.000769605161622, -0.000612862582784], [0.000352571543772, -0.000640814716462, 0.000591146992519, 0.00453338166699, -0.00229550804943, -0.00109463708941, 0.00110377813689, -0.00160491862334, -0.000351550261257, -0.00167335232254, 0.000783260155004, -0.00100015918724, -0.000453469721833], [-0.000368874403648, 0.000640631595161, -0.00102434121072, -0.00229550804943, 0.00705911545083, -0.00141375954263, -0.000298352650134, 0.00117510242853, -0.000629554269835, -0.000781593786087, -0.00128386425786, 3.80768797186e-005, 0.0010095712496], [0.000239001194132, -0.000567803683225, -0.000601286359597, -0.00109463708941, -0.00141375954263, 0.00894244201481, -0.00359422666952, 0.000514663814101, 0.000393636262743, -0.000535484228749, 0.000114364105684, -0.00121158058755, 0.00144769554026], [-7.32852495275e-005, -0.000480650691316, -0.00155387027189, 0.00110377813689, -0.000298352650134, -0.00359422666952, 0.0130847934633, -0.00683453725651, 0.00165569642559, 0.00116742751561, -0.000193915067939, -0.000843529356644, -0.00155515875667], [-0.000490611942951, -0.000605072185863, 0.00054969615303, -0.00160491862334, 0.00117510242853, 0.000514663814101, -0.00683453725651, 0.0153233809397, -0.0059675052762, 0.00190978986211, -0.000258500571363, -0.000935748801567, 0.000882236636244], [-0.000351015420165, 1.92441730178e-005, -0.000789781101048, -0.000351550261257, -0.000629554269835, 0.000393636262743, 0.00165569642559, -0.0059675052762, 0.0161243230104, -0.00635400414467, -0.000896654091775, -0.00062447990058, 0.00236097280867], [-0.000132536777528, -0.000264482485363, 8.08869517641e-005, -0.00167335232254, -0.000781593786087, -0.000535484228749, 0.00116742751561, 0.00190978986211, -0.00635400414467, 0.01565108262, -0.00411146599799, 0.00249706092291, -0.00292428932153], [-0.000141725991853, -0.000490974693093, 0.00108608009759, 0.000783260155004, -0.00128386425786, 0.000114364105684, -0.000193915067939, -0.000258500571363, -0.000896654091775, -0.00411146599799, 0.0181699320674, -0.00817849580199, 0.00523366034031], [-0.000155182511662, -3.76091747967e-006, -0.000769605161622, -0.00100015918724, 3.80768797186e-005, -0.00121158058755, -0.000843529356644, -0.000935748801567, -0.00062447990058, 0.00249706092291, -0.00817849580199, 0.0191772636026, -0.00800770428032], [0.000243379123276, -0.000492480408866, -0.000612862582784, -0.000453469721833, 0.0010095712496, 0.00144769554026, -0.00155515875667, 0.000882236636244, 0.00236097280867, -0.00292428932153, 0.00523366034031, -0.00800770428032, 0.0196451786906]]
    },
    "spectral_contrast_coeffs": {
        "mean": [-0.690935730934, -0.745042741299, -0.771663963795, -0.777210474014, -0.779856681824, -0.766772508621],
        "var": [0.00454296311364, 0.004367869813, 0.00409805774689, 0.00262246420607, 0.00232551572844, 0.00154421560001]
    },
    "spectral_contrast_valleys": {
        "mean": [-6.52173709869, -6.57666540146, -6.94571638107, -7.49299097061, -7.56571531296, -9.7635717392],
        "var": [0.859048902988, 0.528968930244, 0.494772851467, 0.446513473988, 0.442744940519, 0.774448335171]
    }
},
"metadata": {
    "audio_properties": {
        "analysis_sample_rate": 44100,
        "bit_rate": 128074,
        "equal_loudness": 0,
        "length": 45.0612258911,
        "lossless": 0,
        "replay_gain": -4.47327041626,
        "sample_rate": 44100,
        "codec": "mp3",
        "downmix": "mix",
        "md5_encoded": "dc24ad730fb82c95d81ecc6a19148002"
    },
    "tags": {
        "file_name": "1845.mp3"
    },
    "version": {
        "essentia": "2.1-beta2",
        "essentia_git_sha": "v2.1_beta2",
        "extractor": "music 1.0"
    }
},
"rhythm": {
    "beats_count": 104,
    "beats_loudness": {
        "mean": 0.0686903446913,
        "var": 0.00116123794578
    },
    "bpm": 139.829681396,
    "bpm_histogram_first_peak_bpm": {
        "mean": 140,
        "var": 0
    },
    "bpm_histogram_first_peak_spread": {
        "mean": 0.296703308821,
        "var": 0
    },
    "bpm_histogram_first_peak_weight": {
        "mean": 0.621359229088,
        "var": 0
    },
    "bpm_histogram_second_peak_bpm": {
        "mean": 148,
        "var": 0
    },
    "bpm_histogram_second_peak_spread": {
        "mean": 0,
        "var": 0
    },
    "bpm_histogram_second_peak_weight": {
        "mean": 0.077669903636,
        "var": 0
    },
    "danceability": 1.09185123444,
    "onset_rate": 4.79131793976,
    "beats_loudness_band_ratio": {
        "mean": [0.699637055397, 0.0805033743382, 0.0676955804229, 0.100746631622, 0.026781860739, 0.0380916818976],
        "var": [0.0619393996894, 0.0105644958094, 0.00669097108766, 0.0126664172858, 0.00144079583697, 0.0114089604467]
    },
    "beats_position": [0.394739210606, 0.801088392735, 1.23065757751, 1.64861679077, 2.07818579674, 2.50775504112, 2.93732428551, 3.36689329147, 3.79646253586, 4.22603178024, 4.65560102463, 5.08516979218, 5.51473903656, 5.94430828094, 6.3622674942, 6.78022670746, 7.20979595184, 7.63936471939, 8.06893444061, 8.498503685, 8.93968200684, 9.36925125122, 9.79882049561, 10.22838974, 10.6579589844, 11.0759181976, 11.505487442, 11.9350566864, 12.3646259308, 12.7941951752, 13.2237634659, 13.6533327103, 14.0829019547, 14.512471199, 14.9420404434, 15.3599996567, 15.7895689011, 16.2191371918, 16.6487064362, 17.0782756805, 17.5078449249, 17.9258041382, 18.3553733826, 18.784942627, 19.2145118713, 19.6556911469, 20.0852603912, 20.5264396667, 20.9792289734, 21.4436283112, 21.8964176178, 22.3027667999, 22.7091159821, 23.1270751953, 23.5334243774, 23.9397735596, 24.3461227417, 24.7524719238, 25.158821106, 25.6000003815, 26.0411777496, 26.4939670563, 26.9235363007, 27.353105545, 27.7826747894, 28.2122440338, 28.6534233093, 29.0829925537, 29.5125617981, 29.9537410736, 30.3717002869, 30.8012695313, 31.2308387756, 31.6487979889, 32.0783653259, 32.5079345703, 32.9375038147, 33.3670730591, 33.7966423035, 34.2262115479, 34.6557807922, 35.0853500366, 35.5033111572, 35.9328804016, 36.362449646, 36.8036270142, 37.2215881348, 37.6395454407, 38.0575065613, 38.4986839294, 38.9282531738, 39.3578224182, 39.7989997864, 40.2285690308, 40.6581382751, 41.0877075195, 41.5172767639, 41.9352378845, 42.3531951904, 42.7827644348, 43.2123336792, 43.6535148621, 44.0946922302, 44.5242614746]
},
"tonal": {
    "chords_changes_rate": 0.0637860074639,
    "chords_number_rate": 0.00925925932825,
    "chords_strength": {
        "mean": 0.568690359592,
        "var": 0.0162547435611
    },
    "hpcp_entropy": {
        "mean": 2.22243237495,
        "var": 0.444571852684
    },
    "key_strength": 0.650522589684,
    "tuning_diatonic_strength": 0.565049290657,
    "tuning_equal_tempered_deviation": 0.194512307644,
    "tuning_frequency": 434.193115234,
    "tuning_nontempered_energy_ratio": 0.919094622135,
    "hpcp": {
        "mean": [0.237434864044, 0.232554748654, 0.169847503304, 0.106597147882, 0.0764397531748, 0.0740773305297, 0.091579169035, 0.0998244956136, 0.104120858014, 0.149959981441, 0.162880793214, 0.111036062241, 0.0793999359012, 0.0827230587602, 0.104371204972, 0.143575698137, 0.146806374192, 0.101998098195, 0.0638379305601, 0.0505709089339, 0.063651047647, 0.110909789801, 0.131322786212, 0.168560445309, 0.228347033262, 0.168723702431, 0.0805538967252, 0.0558350607753, 0.0482146069407, 0.0658842250705, 0.118746854365, 0.144056171179, 0.134018465877, 0.135327473283, 0.151233389974, 0.19059227407],
        "var": [0.1014489308, 0.10188280046, 0.0820510536432, 0.0522903203964, 0.0369164831936, 0.0360089428723, 0.039262842387, 0.0384670831263, 0.0411746129394, 0.0534643158317, 0.0659583061934, 0.0464960038662, 0.0313015058637, 0.0316971391439, 0.0391999520361, 0.0553483776748, 0.0536390058696, 0.0402155444026, 0.0226850733161, 0.0171553771943, 0.0200328957289, 0.038892198354, 0.0491930097342, 0.0539878904819, 0.108975365758, 0.063362441957, 0.0281556993723, 0.0168210547417, 0.0112007809803, 0.0196425877512, 0.0438163131475, 0.0609092228115, 0.060303684324, 0.0669411048293, 0.0708195716143, 0.0947458446026]
    },
    "chords_histogram": [42.4897117615, 6.99588489532, 0.720164597034, 16.9753093719, 0, 2.26337456703, 0, 0, 0.205761313438, 0, 0, 0, 0, 0, 0, 0, 1.85185182095, 0, 2.57201647758, 0, 1.13168728352, 0, 13.6831274033, 11.1111106873],
    "thpcp": [1, 0.979446530342, 0.715343594551, 0.448953211308, 0.321939885616, 0.311990112066, 0.38570228219, 0.420428961515, 0.438523888588, 0.631583690643, 0.686002016068, 0.467648506165, 0.334407240152, 0.348403155804, 0.439578264952, 0.604695081711, 0.618301689625, 0.429583489895, 0.268865019083, 0.212988555431, 0.268077939749, 0.467116683722, 0.553089737892, 0.709922909737, 0.961724936962, 0.710610449314, 0.339267343283, 0.235159486532, 0.20306456089, 0.27748337388, 0.500123918056, 0.606718719006, 0.564443051815, 0.569956183434, 0.636946856976, 0.802713930607],
    "chords_key": "A",
    "chords_scale": "minor",
    "key_key": "A",
    "key_scale": "minor"
}
}