{
"lowlevel": {
    "average_loudness": 0.911751449108,
    "barkbands_crest": {
        "mean": 12.0202713013,
        "var": 22.5174465179
    },
    "barkbands_flatness_db": {
        "mean": 0.177230224013,
        "var": 0.00508273392916
    },
    "barkbands_kurtosis": {
        "mean": 9.91901111603,
        "var": 418.47756958
    },
    "barkbands_skewness": {
        "mean": 2.16009473801,
        "var": 2.61641073227
    },
    "barkbands_spread": {
        "mean": 17.3199005127,
        "var": 281.880981445
    },
    "dissonance": {
        "mean": 0.426202684641,
        "var": 0.00262833293527
    },
    "dynamic_complexity": 2.99475908279,
    "erbbands_crest": {
        "mean": 11.056060791,
        "var": 37.5152435303
    },
    "erbbands_flatness_db": {
        "mean": 0.16077798605,
        "var": 0.00461941072717
    },
    "erbbands_kurtosis": {
        "mean": 2.847438097,
        "var": 23.8132762909
    },
    "erbbands_skewness": {
        "mean": 0.818898558617,
        "var": 0.754054486752
    },
    "erbbands_spread": {
        "mean": 38.4506988525,
        "var": 885.790588379
    },
    "hfc": {
        "mean": 22.7843570709,
        "var": 452.282409668
    },
    "melbands_crest": {
        "mean": 16.7771167755,
        "var": 36.0914001465
    },
    "melbands_flatness_db": {
        "mean": 0.264943242073,
        "var": 0.00796577427536
    },
    "melbands_kurtosis": {
        "mean": 22.6692638397,
        "var": 1806.25073242
    },
    "melbands_skewness": {
        "mean": 3.0625140667,
        "var": 5.70998048782
    },
    "melbands_spread": {
        "mean": 14.5605840683,
        "var": 209.536987305
    },
    "pitch_salience": {
        "mean": 0.477071166039,
        "var": 0.0191780161113
    },
    "silence_rate_20dB": {
        "mean": 1,
        "var": 0
    },
    "silence_rate_30dB": {
        "mean": 0.92276006937,
        "var": 0.0712741091847
    },
    "silence_rate_60dB": {
        "mean": 0.0401647798717,
        "var": 0.038550209254
    },
    "spectral_centroid": {
        "mean": 881.908691406,
        "var": 263136.53125
    },
    "spectral_complexity": {
        "mean": 13.4902162552,
        "var": 41.8176116943
    },
    "spectral_decrease": {
        "mean": -1.12652083217e-008,
        "var": 1.04704601346e-016
    },
    "spectral_energy": {
        "mean": 0.044584158808,
        "var": 0.00154337880667
    },
    "spectral_energyband_high": {
        "mean": 0.00104763894342,
        "var": 3.69824579138e-006
    },
    "spectral_energyband_low": {
        "mean": 0.0258415173739,
        "var": 0.00137895205989
    },
    "spectral_energyband_middle_high": {
        "mean": 0.00510025164112,
        "var": 8.19990600576e-005
    },
    "spectral_energyband_middle_low": {
        "mean": 0.013430962339,
        "var": 8.42175577418e-005
    },
    "spectral_entropy": {
        "mean": 7.24147415161,
        "var": 0.607988119125
    },
    "spectral_flux": {
        "mean": 0.0952677577734,
        "var": 0.00529717979953
    },
    "spectral_kurtosis": {
        "mean": 6.74517250061,
        "var": 41.9741744995
    },
    "spectral_rms": {
        "mean": 0.00600244197994,
        "var": 7.4673639574e-006
    },
    "spectral_rolloff": {
        "mean": 1155.32958984,
        "var": 3496945.5
    },
    "spectral_skewness": {
        "mean": 2.09807562828,
        "var": 0.891571521759
    },
    "spectral_spread": {
        "mean": 5891707.5,
        "var": 6.74053803213e+012
    },
    "spectral_strongpeak": {
        "mean": 1.08629369736,
        "var": 2.80512833595
    },
    "zerocrossingrate": {
        "mean": 0.0490755327046,
        "var": 0.00201880512759
    },
    "barkbands": {
        "mean": [0.000700503296684, 0.0187284331769, 0.00573418289423, 0.00123051996343, 0.00425407523289, 0.00173212704249, 0.00196060282178, 0.00300974491984, 0.000875211379025, 0.000955582945608, 0.000587553658988, 0.00250493292697, 0.000328781345161, 0.000152128559421, 0.000204499228857, 0.000132381930598, 0.00017451455642, 0.00013417993614, 7.10803942638e-005, 0.000112563633593, 0.000102104531834, 0.00012458783749, 0.000174256216269, 0.00023216419504, 0.00027838992537, 8.46241237014e-005, 4.40237909061e-006],
        "var": [4.04423553846e-006, 0.00126508390531, 2.79686810245e-005, 6.16812394583e-006, 1.92173392861e-005, 1.12706829896e-005, 4.4703315325e-006, 3.10740142595e-005, 3.37747701451e-006, 4.14471014665e-006, 3.29385352416e-006, 5.17965527251e-005, 1.59658384291e-006, 5.4733114041e-008, 1.14445541044e-007, 5.24262695478e-008, 6.78811673538e-008, 3.26823865748e-008, 1.09252962233e-008, 3.65661989576e-008, 2.64908770475e-008, 5.21808907195e-008, 1.18390353521e-007, 3.03070095242e-007, 4.26526924002e-007, 2.11613340184e-008, 8.11279515789e-011]
    },
    "erbbands": {
        "mean": [0.527260303497, 4.10737228394, 7.61259174347, 5.39738607407, 4.46689844131, 20.4837284088, 14.6671133041, 16.4620246887, 19.2205295563, 46.87682724, 68.1656646729, 21.2949123383, 31.8226394653, 26.9682693481, 35.709564209, 120.135993958, 20.6640796661, 12.3907384872, 11.4446430206, 7.00243711472, 7.49375915527, 9.5089597702, 8.58222579956, 3.63197660446, 4.81887531281, 5.03242063522, 4.08034753799, 4.10447835922, 4.28232812881, 4.93202352524, 4.99464607239, 4.74167346954, 3.85291981697, 3.31291484833, 1.83495163918, 0.532795906067, 0.129755333066, 0.0201003793627, 0.000543089583516, 7.00776799931e-005],
        "var": [2.27112531662, 41.5176429749, 43.0447845459, 73.913772583, 51.2584495544, 560.961975098, 302.381988525, 1593.8302002, 889.634521484, 2243.22509766, 22371.4472656, 1520.20825195, 3618.8034668, 4383.63574219, 11087.7988281, 123060.828125, 2209.02099609, 1096.56982422, 347.719024658, 151.655487061, 125.935440063, 168.414672852, 110.577590942, 22.9789199829, 50.8003845215, 68.5955276489, 45.9386520386, 49.6838150024, 62.0363349915, 87.9205627441, 96.6576461792, 126.597000122, 81.341178894, 64.5440826416, 17.9332370758, 1.02829968929, 0.044784039259, 0.000943841470871, 7.71719271597e-007, 3.12115533418e-009]
    },
    "gfcc": {
        "mean": [-9.6105260849, 92.6934356689, -79.0098114014, 12.963259697, -66.2620391846, 17.8399581909, -36.9238815308, 16.4442081451, -27.6027622223, 6.57773399353, -13.8854780197, 2.76459932327, -18.2947826385],
        "cov": [[12118.8203125, -1502.54040527, 292.039489746, 1553.52697754, 851.10760498, 1287.8581543, 18.371711731, 764.02722168, 117.30821228, 19.0983924866, -398.318389893, 242.207000732, -26.8664493561], [-1502.54040527, 1540.33691406, 274.864837646, -392.319366455, 47.3022613525, -196.016021729, 324.300201416, -71.4639129639, -12.6241598129, -64.6279983521, 242.276763916, -78.0049362183, -50.9753036499], [292.039489746, 274.864837646, 1146.25793457, 235.944961548, 21.16381073, 159.325027466, 78.3312759399, 89.7753143311, 86.5842285156, 79.3941879272, 3.35141038895, 46.1925964355, 9.54923439026], [1553.52697754, -392.319366455, 235.944961548, 676.91973877, 160.670394897, 249.058013916, -69.7581253052, 91.4911193848, 175.72505188, 51.1824874878, -113.88558197, 24.4146842957, 98.7227020264], [851.10760498, 47.3022613525, 21.16381073, 160.670394897, 366.148345947, 176.796813965, 81.306854248, 116.833381653, 54.1930084229, 46.1382789612, 2.54861092567, 24.0001964569, 2.84663510323], [1287.8581543, -196.016021729, 159.325027466, 249.058013916, 176.796813965, 316.876373291, 57.8136367798, 113.845100403, 53.3899116516, 37.7402839661, -32.7947006226, 36.8698921204, 25.4570083618], [18.371711731, 324.300201416, 78.3312759399, -69.7581253052, 81.306854248, 57.8136367798, 348.42489624, 104.513092041, -39.9056358337, 29.8187389374, 121.521331787, 29.1969528198, -14.5252828598], [764.02722168, -71.4639129639, 89.7753143311, 91.4911193848, 116.833381653, 113.845100403, 104.513092041, 170.178466797, 27.6564483643, 32.9216537476, 9.83961200714, 43.4826622009, 4.80730724335], [117.30821228, -12.6241598129, 86.5842285156, 175.72505188, 54.1930084229, 53.3899116516, -39.9056358337, 27.6564483643, 189.337554932, 55.4793930054, -16.5943336487, 27.8454017639, 76.2024765015], [19.0983924866, -64.6279983521, 79.3941879272, 51.1824874878, 46.1382789612, 37.7402839661, 29.8187389374, 32.9216537476, 55.4793930054, 109.154632568, 23.6851673126, 19.4296550751, 14.7478113174], [-398.318389893, 242.276763916, 3.35141038895, -113.88558197, 2.54861092567, -32.7947006226, 121.521331787, 9.83961200714, -16.5943336487, 23.6851673126, 127.988059998, 16.2656459808, -16.0375862122], [242.207000732, -78.0049362183, 46.1925964355, 24.4146842957, 24.0001964569, 36.8698921204, 29.1969528198, 43.4826622009, 27.8454017639, 19.4296550751, 16.2656459808, 92.2208862305, 36.5434265137], [-26.8664493561, -50.9753036499, 9.54923439026, 98.7227020264, 2.84663510323, 25.4570083618, -14.5252828598, 4.80730724335, 76.2024765015, 14.7478113174, -16.0375862122, 36.5434265137, 109.386421204]],
        "icov": [[0.000287943141302, -0.000304192304611, 0.000282967841486, -0.000604906585068, 0.000229593293625, -0.000827621377539, 0.000391690584365, -0.000965555082075, 0.000557421764825, -0.000156969108502, 0.000737029651646, -0.00097403593827, 0.000797582964879], [-0.000304192304611, 0.00324251223356, -0.00165653298609, 0.00205735419877, -0.00232773972675, 0.002406318672, -0.00271637039259, 0.00305049284361, -0.00341667351313, 0.00426083942875, -0.0041832132265, 0.00437360117212, -0.0015387624735], [0.000282967841486, -0.00165653298609, 0.00198305537924, -0.00158131145872, 0.0016669704346, -0.00188616395462, 0.00117105781101, -0.00197229534388, 0.00151251943316, -0.00251034391113, 0.00233068689704, -0.00288342242129, 0.00177910597995], [-0.000604906585068, 0.00205735419877, -0.00158131145872, 0.00519976438954, -0.00186405552085, 0.000877616694197, -0.00166295445524, 0.00258108670823, -0.00411620829254, 0.00224504503421, -0.00142052501906, 0.00455585261807, -0.00340007967316], [0.000229593293625, -0.00232773972675, 0.0016669704346, -0.00186405552085, 0.00613772589713, -0.0035036476329, 0.001549157314, -0.00373146706261, 0.00158063764684, -0.00362509256229, 0.00275609013624, -0.00295737478882, 0.00231350027025], [-0.000827621377539, 0.002406318672, -0.00188616395462, 0.000877616694197, -0.0035036476329, 0.0095778144896, -0.00305743608624, 0.00237601133995, -0.00233677821234, 0.00227885600179, -0.00255923205987, 0.00355932302773, -0.00260120537132], [0.000391690584365, -0.00271637039259, 0.00117105781101, -0.00166295445524, 0.001549157314, -0.00305743608624, 0.00859494879842, -0.00622351421043, 0.00497620226815, -0.003396457294, -0.00201307772659, -0.00285869673826, -3.37981909979e-005], [-0.000965555082075, 0.00305049284361, -0.00197229534388, 0.00258108670823, -0.00373146706261, 0.00237601133995, -0.00622351421043, 0.0159817952663, -0.00483263889328, 0.00266897282563, -0.00248806062154, 0.00154158787336, -0.000830548699014], [0.000557421764825, -0.00341667351313, 0.00151251943316, -0.00411620829254, 0.00158063764684, -0.00233677821234, 0.00497620226815, -0.00483263889328, 0.0144178280607, -0.0077216187492, 0.00296681700274, -0.0046549947001, -0.00350936432369], [-0.000156969108502, 0.00426083942875, -0.00251034391113, 0.00224504503421, -0.00362509256229, 0.00227885600179, -0.003396457294, 0.00266897282563, -0.0077216187492, 0.0182420294732, -0.00786693021655, 0.00466427160427, -0.000656222808175], [0.000737029651646, -0.0041832132265, 0.00233068689704, -0.00142052501906, 0.00275609013624, -0.00255923205987, -0.00201307772659, -0.00248806062154, 0.00296681700274, -0.00786693021655, 0.0217137746513, -0.00916493590921, 0.00491526862606], [-0.00097403593827, 0.00437360117212, -0.00288342242129, 0.00455585261807, -0.00295737478882, 0.00355932302773, -0.00285869673826, 0.00154158787336, -0.0046549947001, 0.00466427160427, -0.00916493590921, 0.0226963777095, -0.00957187172025], [0.000797582964879, -0.0015387624735, 0.00177910597995, -0.00340007967316, 0.00231350027025, -0.00260120537132, -3.37981909979e-005, -0.000830548699014, -0.00350936432369, -0.000656222808175, 0.00491526862606, -0.00957187172025, 0.0185628011823]]
    },
    "melbands": {
        "mean": [0.00492341583595, 0.00469738943502, 0.000908851274289, 0.000816227577161, 0.000690495944582, 0.000357420736691, 0.000318142934702, 0.000514988147188, 0.000491801241878, 0.000125141465105, 0.000158082402777, 0.000106665189378, 9.11623137654e-005, 0.000281748536509, 0.000157817165018, 2.83078552457e-005, 2.03727031476e-005, 1.70241692103e-005, 1.11378512884e-005, 8.71203701536e-006, 8.78405717231e-006, 8.5472875071e-006, 1.22671062854e-005, 5.11879352416e-006, 2.49973277278e-006, 2.86270278593e-006, 4.44043462267e-006, 2.98672262034e-006, 2.56231373896e-006, 2.37788435697e-006, 2.39161386162e-006, 2.3749137199e-006, 2.49797221841e-006, 2.89390004582e-006, 2.92547838399e-006, 2.79414098259e-006, 2.91212222692e-006, 2.69372208095e-006, 2.63701031145e-006, 2.88435830953e-006],
        "var": [0.000130301603349, 2.05590313271e-005, 1.88081537544e-006, 8.22016716029e-007, 4.98606482324e-007, 6.30312456451e-007, 1.78157392838e-007, 2.69189996516e-007, 1.27261989746e-006, 7.15681807151e-008, 9.18154583474e-008, 7.88095491089e-008, 8.73936585322e-008, 6.70058966534e-007, 1.79415195589e-007, 1.08497468787e-008, 2.80636514027e-009, 7.74294017791e-010, 3.46644435378e-010, 2.45785003461e-010, 1.86592130635e-010, 1.44018269532e-010, 3.88584081579e-010, 4.09274801549e-011, 1.41193211636e-011, 1.82751209998e-011, 6.85437331893e-011, 2.79692970173e-011, 2.37890124266e-011, 1.52886973914e-011, 1.94174086532e-011, 2.03563988582e-011, 2.11407800987e-011, 3.39995497034e-011, 3.50991111175e-011, 3.17525346294e-011, 6.00786226324e-011, 4.33771595032e-011, 3.50653082959e-011, 5.9483161452e-011]
    },
    "mfcc": {
        "mean": [-666.483764648, 133.431121826, 34.7331542969, 8.31482982635, 1.10139703751, -1.61326801777, 3.43766450882, 4.75864744186, -4.21146631241, 1.0997992754, 3.33668899536, 4.73341989517, 2.34051823616],
        "cov": [[9036.51464844, -1095.01708984, -537.986877441, 378.363067627, 783.082275391, 575.187683105, 220.744384766, 522.648681641, 584.968811035, 149.765167236, -156.369064331, 51.788482666, 74.981262207], [-1095.01708984, 1845.39611816, 220.387145996, -42.4571113586, -178.028930664, -93.7403488159, 317.205413818, 100.911361694, -202.406494141, 66.0558700562, 147.434066772, -0.348236948252, 84.2773284912], [-537.986877441, 220.387145996, 945.14251709, 149.36555481, 9.62265586853, 84.3715362549, -6.41078710556, 9.10711288452, 57.1406860352, -13.9622926712, 79.7734069824, -21.4716815948, -16.9419975281], [378.363067627, -42.4571113586, 149.36555481, 315.753173828, 112.137168884, 100.347946167, 8.68322658539, 46.4252357483, 114.684791565, 57.7658004761, 8.44734477997, 24.933095932, 27.6946964264], [783.082275391, -178.028930664, 9.62265586853, 112.137168884, 367.443786621, 159.776824951, -64.9245300293, 39.4193992615, 120.939353943, 67.7978286743, -4.96691417694, -35.4163703918, -4.75579547882], [575.187683105, -93.7403488159, 84.3715362549, 100.347946167, 159.776824951, 225.010696411, 30.4824752808, 49.1972770691, 104.691108704, 54.1605377197, 26.1275672913, -11.5837516785, 5.92176675797], [220.744384766, 317.205413818, -6.41078710556, 8.68322658539, -64.9245300293, 30.4824752808, 327.902038574, 112.478263855, -9.16381835938, 45.1119194031, 68.1212081909, 46.301410675, 55.1367492676], [522.648681641, 100.911361694, 9.10711288452, 46.4252357483, 39.4193992615, 49.1972770691, 112.478263855, 162.709762573, 66.8438491821, 28.2988891602, 17.0027751923, 17.5940761566, 44.7281570435], [584.968811035, -202.406494141, 57.1406860352, 114.684791565, 120.939353943, 104.691108704, -9.16381835938, 66.8438491821, 210.239608765, 40.2411804199, -6.91193056107, 28.4010257721, 32.1115036011], [149.765167236, 66.0558700562, -13.9622926712, 57.7658004761, 67.7978286743, 54.1605377197, 45.1119194031, 28.2988891602, 40.2411804199, 100.590583801, 38.3342285156, 4.21002244949, 16.4410629272], [-156.369064331, 147.434066772, 79.7734069824, 8.44734477997, -4.96691417694, 26.1275672913, 68.1212081909, 17.0027751923, -6.91193056107, 38.3342285156, 107.604896545, 30.0885238647, 27.6065330505], [51.788482666, -0.348236948252, -21.4716815948, 24.933095932, -35.4163703918, -11.5837516785, 46.301410675, 17.5940761566, 28.4010257721, 4.21002244949, 30.0885238647, 109.663665771, 58.2645378113], [74.981262207, 84.2773284912, -16.9419975281, 27.6946964264, -4.75579547882, 5.92176675797, 55.1367492676, 44.7281570435, 32.1115036011, 16.4410629272, 27.6065330505, 58.2645378113, 108.303367615]],
        "icov": [[0.000209569887375, 8.18671760499e-005, 0.000113318899821, -3.47584827978e-005, -0.000265604146989, -0.000232447506278, -0.000152171618538, -0.000506344542373, -9.90574626485e-005, 9.38783705351e-005, 0.000304105080431, -0.000164843251696, 0.000131733788294], [8.18671760499e-005, 0.000946602609474, -0.000236135412706, -4.27968334407e-005, -2.44469774771e-005, 0.000319058570312, -0.000572622113395, -0.00063864281401, 0.000952306261752, -0.000652358052321, -0.000293125776807, 0.000510417274199, -0.000665726198349], [0.000113318899821, -0.000236135412706, 0.00159347709268, -0.000855969497934, 0.000168843587744, -0.000527216994669, 0.00020900144591, -9.27724977373e-005, -0.00084416475147, 0.00161300972104, -0.00157137762289, 0.000647205626592, 0.00059939455241], [-3.47584827978e-005, -4.27968334407e-005, -0.000855969497934, 0.0048795263283, -0.0004416720476, -0.000699887168594, 0.00015043777239, -0.000102685167803, -0.000998850679025, -0.00228953524493, 0.00156596070156, -0.00143607798964, -0.000322471896652], [-0.000265604146989, -2.44469774771e-005, 0.000168843587744, -0.0004416720476, 0.00554556353018, -0.0023351511918, 0.00180057366379, -0.000275758153293, -0.000733165885322, -0.00209290673956, -0.000390653673094, 0.00164499669336, -0.000339614285622], [-0.000232447506278, 0.000319058570312, -0.000527216994669, -0.000699887168594, -0.0023351511918, 0.00890428479761, -0.00144285766874, 0.000615877623204, -0.00210307491943, -0.000682460609823, -0.00226452457719, 0.00198243185878, 0.00013782705355], [-0.000152171618538, -0.000572622113395, 0.00020900144591, 0.00015043777239, 0.00180057366379, -0.00144285766874, 0.00608340138569, -0.00331950956024, 0.00116516824346, -0.00152048945893, -0.00149536482058, -0.00134596938733, -3.23634703818e-005], [-0.000506344542373, -0.00063864281401, -9.27724977373e-005, -0.000102685167803, -0.000275758153293, 0.000615877623204, -0.00331950956024, 0.0121189439669, -0.00330115179531, 0.000885022629518, -0.000148669321788, 0.00195688358508, -0.00267199869268], [-9.90574626485e-005, 0.000952306261752, -0.00084416475147, -0.000998850679025, -0.000733165885322, -0.00210307491943, 0.00116516824346, -0.00330115179531, 0.0104878116399, -0.00270393351093, 0.00230943341739, -0.00275880051777, -0.00149977265391], [9.38783705351e-005, -0.000652358052321, 0.00161300972104, -0.00228953524493, -0.00209290673956, -0.000682460609823, -0.00152048945893, 0.000885022629518, -0.00270393351093, 0.0172470007092, -0.00606292393059, 0.00212725298479, 0.000218959714402], [0.000304105080431, -0.000293125776807, -0.00157137762289, 0.00156596070156, -0.000390653673094, -0.00226452457719, -0.00149536482058, -0.000148669321788, 0.00230943341739, -0.00606292393059, 0.0166287198663, -0.00487153045833, -0.00108159461524], [-0.000164843251696, 0.000510417274199, 0.000647205626592, -0.00143607798964, 0.00164499669336, 0.00198243185878, -0.00134596938733, 0.00195688358508, -0.00275880051777, 0.00212725298479, -0.00487153045833, 0.0163534171879, -0.00703463517129], [0.000131733788294, -0.000665726198349, 0.00059939455241, -0.000322471896652, -0.000339614285622, 0.00013782705355, -3.23634703818e-005, -0.00267199869268, -0.00149977265391, 0.000218959714402, -0.00108159461524, -0.00703463517129, 0.0154055161402]]
    },
    "spectral_contrast_coeffs": {
        "mean": [-0.575980007648, -0.688725709915, -0.725192189217, -0.770114123821, -0.794687569141, -0.813046038151],
        "var": [0.00707081658766, 0.00567764835432, 0.00775678735226, 0.00491589400917, 0.00368939619511, 0.00116624566726]
    },
    "spectral_contrast_valleys": {
        "mean": [-7.56080579758, -6.75585985184, -7.61853027344, -8.45739364624, -8.32081604004, -10.0393037796],
        "var": [2.40094423294, 0.846571564674, 0.933166921139, 1.54602241516, 1.70245957375, 2.16994428635]
    }
},
"metadata": {
    "audio_properties": {
        "analysis_sample_rate": 44100,
        "bit_rate": 128074,
        "equal_loudness": 0,
        "length": 45.0612258911,
        "lossless": 0,
        "replay_gain": -5.92064094543,
        "sample_rate": 44100,
        "codec": "mp3",
        "downmix": "mix",
        "md5_encoded": "662e1d2c184d147a1db9e489f29f9ecd"
    },
    "tags": {
        "file_name": "1846.mp3"
    },
    "version": {
        "essentia": "2.1-beta2",
        "essentia_git_sha": "v2.1_beta2",
        "extractor": "music 1.0"
    }
},
"rhythm": {
    "beats_count": 78,
    "beats_loudness": {
        "mean": 0.0903032198548,
        "var": 0.00270552770235
    },
    "bpm": 104.927886963,
    "bpm_histogram_first_peak_bpm": {
        "mean": 105,
        "var": 0
    },
    "bpm_histogram_first_peak_spread": {
        "mean": 0.583333313465,
        "var": 0
    },
    "bpm_histogram_first_peak_weight": {
        "mean": 0.389610379934,
        "var": 0
    },
    "bpm_histogram_second_peak_bpm": {
        "mean": 96,
        "var": 0
    },
    "bpm_histogram_second_peak_spread": {
        "mean": 0.400000035763,
        "var": 0
    },
    "bpm_histogram_second_peak_weight": {
        "mean": 0.0389610379934,
        "var": 0
    },
    "danceability": 0.994655132294,
    "onset_rate": 5.14623022079,
    "beats_loudness_band_ratio": {
        "mean": [0.749016463757, 0.0762970820069, 0.108127340674, 0.0457553528249, 0.0174036826938, 0.0142088215798],
        "var": [0.0586813725531, 0.00933166593313, 0.0247421469539, 0.00525146210566, 0.00151050894056, 0.00117250951007]
    },
    "beats_position": [0.615328788757, 1.24226760864, 1.8575963974, 2.48453521729, 3.09986400604, 3.72680258751, 4.31891155243, 4.8994102478, 5.45668935776, 6.03718805313, 6.6176867485, 7.17496585846, 7.75546455383, 8.32435321808, 8.893242836, 9.47374153137, 10.0310201645, 10.6115188599, 11.1687984467, 11.749297142, 12.3181858063, 12.8870744705, 13.4675731659, 14.0364627838, 14.6053514481, 15.1858501434, 15.7547388077, 16.3236274719, 16.8925170898, 17.4614048004, 18.0419044495, 18.5991840363, 19.1680717468, 19.7485713959, 20.3174591064, 20.8979587555, 21.4668483734, 22.035736084, 22.6046257019, 23.1735134125, 23.7540130615, 24.3229026794, 24.89179039, 25.4722900391, 26.0295696259, 26.6100673676, 27.1905670166, 27.7710647583, 28.3283443451, 28.8856239319, 29.4661216736, 30.0350112915, 30.6038990021, 31.1843986511, 31.7416782379, 32.322177887, 32.8794555664, 33.4599533081, 34.0404510498, 34.6093406677, 35.1782302856, 35.7587280273, 36.3276176453, 36.8965072632, 37.4537849426, 38.034286499, 38.6147842407, 39.1836738586, 39.7525634766, 40.3214492798, 40.8903388977, 41.4708366394, 42.0281181335, 42.6086158752, 43.1775054932, 43.7463951111, 44.3268928528, 44.9073905945]
},
"tonal": {
    "chords_changes_rate": 0.0576131679118,
    "chords_number_rate": 0.00925925932825,
    "chords_strength": {
        "mean": 0.490362077951,
        "var": 0.00891860574484
    },
    "hpcp_entropy": {
        "mean": 1.85084807873,
        "var": 0.61402708292
    },
    "key_strength": 0.681782364845,
    "tuning_diatonic_strength": 0.542193710804,
    "tuning_equal_tempered_deviation": 0.101578004658,
    "tuning_frequency": 437.465789795,
    "tuning_nontempered_energy_ratio": 0.776647269726,
    "hpcp": {
        "mean": [0.182257890701, 0.111544705927, 0.0541475154459, 0.0455360375345, 0.0558935217559, 0.125159561634, 0.273801714182, 0.271205961704, 0.200854569674, 0.210321113467, 0.130532324314, 0.0530388765037, 0.0350127629936, 0.0290958564728, 0.0777818858624, 0.162125557661, 0.140224993229, 0.0549822114408, 0.0246729627252, 0.0173902623355, 0.0292849689722, 0.0665654093027, 0.0840647816658, 0.136701360345, 0.197009623051, 0.130644083023, 0.0543986782432, 0.0552882328629, 0.0659545511007, 0.11863758415, 0.165697216988, 0.107592254877, 0.0441655442119, 0.0325877554715, 0.0585108064115, 0.145849019289],
        "var": [0.0966596528888, 0.0418549366295, 0.027207095176, 0.0232652034611, 0.0265875626355, 0.0457240305841, 0.105493120849, 0.0946902930737, 0.0739681720734, 0.111904501915, 0.0524453222752, 0.0216177478433, 0.0114203989506, 0.00933471415192, 0.0274437814951, 0.0796232372522, 0.0616487301886, 0.0197145659477, 0.00521897058934, 0.00421180669218, 0.00633005425334, 0.029429346323, 0.0398154295981, 0.0569812878966, 0.125303983688, 0.062048137188, 0.0209082420915, 0.0173131916672, 0.0226067826152, 0.0456504672766, 0.0871768891811, 0.039663285017, 0.0197777673602, 0.0164614804089, 0.0266648028046, 0.077268153429]
    },
    "chords_histogram": [0.617283940315, 0, 19.4444446564, 46.0905342102, 1.33744859695, 0, 0, 0, 0.411522626877, 0, 0, 0, 0, 0.823045253754, 0, 2.16049385071, 0, 1.13168728352, 0, 0, 3.08641982079, 5.76131677628, 12.6543207169, 6.48148155212],
    "thpcp": [1, 0.990519583225, 0.733576714993, 0.768151164055, 0.47674036026, 0.193712726235, 0.127876341343, 0.106266155839, 0.284081071615, 0.592127621174, 0.51214069128, 0.200810328126, 0.0901125222445, 0.0635140761733, 0.106956847012, 0.243115380406, 0.307027965784, 0.499271392822, 0.719533920288, 0.477148532867, 0.198679104447, 0.201928004622, 0.240884363651, 0.433297455311, 0.605172336102, 0.392956823111, 0.161304846406, 0.119019545615, 0.213697731495, 0.532681167126, 0.665656507015, 0.407392293215, 0.197761788964, 0.16631026566, 0.204138681293, 0.457117527723],
    "chords_key": "B",
    "chords_scale": "minor",
    "key_key": "C",
    "key_scale": "major"
}
}