{
"lowlevel": {
    "average_loudness": 0.268852293491,
    "barkbands_crest": {
        "mean": 12.2418756485,
        "var": 23.0685653687
    },
    "barkbands_flatness_db": {
        "mean": 0.186754390597,
        "var": 0.00288270553574
    },
    "barkbands_kurtosis": {
        "mean": 12.0435628891,
        "var": 202.311828613
    },
    "barkbands_skewness": {
        "mean": 2.20884513855,
        "var": 1.72328686714
    },
    "barkbands_spread": {
        "mean": 10.7190380096,
        "var": 130.280303955
    },
    "dissonance": {
        "mean": 0.419612973928,
        "var": 0.00249334913678
    },
    "dynamic_complexity": 5.88321256638,
    "erbbands_crest": {
        "mean": 11.2985944748,
        "var": 19.6611671448
    },
    "erbbands_flatness_db": {
        "mean": 0.207567155361,
        "var": 0.00266236555763
    },
    "erbbands_kurtosis": {
        "mean": 4.36036586761,
        "var": 45.6023674011
    },
    "erbbands_skewness": {
        "mean": 1.33034777641,
        "var": 1.29031336308
    },
    "erbbands_spread": {
        "mean": 24.1200790405,
        "var": 330.984466553
    },
    "hfc": {
        "mean": 9.94023799896,
        "var": 601.596374512
    },
    "melbands_crest": {
        "mean": 14.295334816,
        "var": 24.2848358154
    },
    "melbands_flatness_db": {
        "mean": 0.260994255543,
        "var": 0.00535044167191
    },
    "melbands_kurtosis": {
        "mean": 13.8023691177,
        "var": 207.164108276
    },
    "melbands_skewness": {
        "mean": 2.23822999001,
        "var": 1.55810058117
    },
    "melbands_spread": {
        "mean": 13.0510892868,
        "var": 312.986755371
    },
    "pitch_salience": {
        "mean": 0.549320757389,
        "var": 0.0128071131185
    },
    "silence_rate_20dB": {
        "mean": 1,
        "var": 0
    },
    "silence_rate_30dB": {
        "mean": 0.998970150948,
        "var": 0.00102881190833
    },
    "silence_rate_60dB": {
        "mean": 0.331101953983,
        "var": 0.221470907331
    },
    "spectral_centroid": {
        "mean": 803.443908691,
        "var": 483823.71875
    },
    "spectral_complexity": {
        "mean": 9.7667350769,
        "var": 64.5023498535
    },
    "spectral_decrease": {
        "mean": -2.90286150673e-009,
        "var": 1.58041375989e-017
    },
    "spectral_energy": {
        "mean": 0.0118576698005,
        "var": 0.000271792116109
    },
    "spectral_energyband_high": {
        "mean": 0.000520638423041,
        "var": 8.6131021817e-006
    },
    "spectral_energyband_low": {
        "mean": 0.000321896717651,
        "var": 3.17351549484e-007
    },
    "spectral_energyband_middle_high": {
        "mean": 0.00190026313066,
        "var": 1.55684592755e-005
    },
    "spectral_energyband_middle_low": {
        "mean": 0.00924681313336,
        "var": 0.000178449758096
    },
    "spectral_entropy": {
        "mean": 6.87099790573,
        "var": 0.372338801622
    },
    "spectral_flux": {
        "mean": 0.0410761460662,
        "var": 0.00114109204151
    },
    "spectral_kurtosis": {
        "mean": 9.69682312012,
        "var": 55.9080276489
    },
    "spectral_rms": {
        "mean": 0.00280730379745,
        "var": 3.68750716007e-006
    },
    "spectral_rolloff": {
        "mean": 1003.14715576,
        "var": 1432043.125
    },
    "spectral_skewness": {
        "mean": 2.36192512512,
        "var": 1.07952928543
    },
    "spectral_spread": {
        "mean": 4086474.75,
        "var": 3.30349438566e+012
    },
    "spectral_strongpeak": {
        "mean": 0.814108848572,
        "var": 0.954397857189
    },
    "zerocrossingrate": {
        "mean": 0.0422016307712,
        "var": 0.000852163881063
    },
    "barkbands": {
        "mean": [2.22533117267e-006, 5.96985009906e-005, 0.000167723323102, 0.000160091454745, 0.0018620841438, 0.00164304953068, 0.00429301476106, 0.000493403174914, 0.000660989317112, 0.000390524684917, 0.000192376741325, 0.000285928603262, 0.000243322632741, 0.000181926356163, 0.000181836570846, 8.0502795754e-005, 9.33906048886e-005, 0.000119140939205, 0.000155382789671, 0.000149219864397, 0.000175727633177, 0.00017065834254, 6.13849624642e-005, 2.27332257055e-005, 8.16373085399e-006, 3.03863703266e-006, 1.45979939248e-007],
        "var": [2.89938559273e-011, 5.80871128975e-009, 4.73420520564e-008, 2.70255725354e-007, 8.99028600543e-006, 8.10752953839e-006, 0.000148171980982, 8.15658040665e-007, 2.09057998291e-006, 6.04855245001e-007, 4.43960971097e-007, 7.24483697923e-007, 4.1520462446e-007, 6.04885542543e-007, 5.30826639533e-007, 1.42412673654e-007, 1.89198885892e-007, 4.32183185239e-007, 4.01086424517e-007, 6.16169756995e-007, 9.6058033705e-007, 1.44198236285e-006, 2.58763662941e-007, 5.42251861191e-008, 5.41826361555e-009, 4.57523935404e-010, 4.99023785754e-015]
    },
    "erbbands": {
        "mean": [0.000624692009296, 0.0191895402968, 0.161112293601, 0.455714732409, 2.00128817558, 7.76479482651, 12.7718610764, 11.7379255295, 54.9581642151, 35.7964935303, 13.380188942, 16.4880275726, 10.9838113785, 12.359828949, 7.21816396713, 13.2092027664, 11.1478490829, 11.1398620605, 9.02036190033, 6.7721862793, 4.82060527802, 5.28372859955, 6.81558418274, 6.38595104218, 8.40998840332, 6.55537080765, 6.97928094864, 8.08087825775, 6.05635166168, 3.02349352837, 1.49028503895, 0.756107807159, 0.247697368264, 0.104365848005, 0.052574954927, 0.019736783579, 0.00410183984786, 0.000678942189552, 2.35589377553e-005, 1.50750511239e-005],
        "var": [5.8255619706e-007, 0.00061471236404, 0.0444515123963, 1.43939006329, 11.387216568, 190.399307251, 465.095794678, 332.497070313, 21217.4433594, 8707.50488281, 522.519287109, 1487.54248047, 540.728271484, 783.898742676, 317.045349121, 1472.18200684, 857.893432617, 2274.43945313, 1155.06311035, 840.316589355, 531.500366211, 506.811523438, 1364.38439941, 671.601745605, 1388.87597656, 1139.49072266, 1225.64172363, 2534.18383789, 1784.98571777, 485.796081543, 181.423034668, 52.913898468, 8.63897228241, 1.14207172394, 0.185160800815, 0.0297849345952, 0.000400763150537, 7.53028473355e-007, 1.4514179858e-009, 5.34531752194e-010]
    },
    "gfcc": {
        "mean": [-112.563697815, 104.388275146, -102.662391663, -2.37300372124, -78.5793609619, -9.5370388031, -44.9473762512, -5.82479333878, -30.6908416748, 7.1183757782, -17.3944568634, 2.62543439865, -15.6381797791],
        "cov": [[7091.26660156, 24.525686264, -2835.15991211, 226.140563965, -521.76776123, -398.852020264, 136.527679443, -385.741271973, 93.194984436, -135.161804199, 124.947174072, -211.307128906, 16.7318496704], [24.525686264, 977.662536621, 202.749633789, -586.221740723, 238.741012573, -59.3726615906, -53.7205429077, -65.8473434448, 43.5524215698, 30.4335327148, 46.9563407898, -94.677154541, -86.5909957886], [-2835.15991211, 202.749633789, 1622.88818359, 17.1605167389, 244.39100647, 172.778381348, -115.783180237, 174.84085083, -64.0022354126, 12.6508541107, -76.1692581177, 70.4969177246, -30.5312633514], [226.140563965, -586.221740723, 17.1605167389, 713.229309082, -78.4803543091, -5.66063213348, 22.8228759766, 44.6824645996, -33.789440155, -77.3992919922, -64.0141067505, 45.4062957764, 52.8398742676], [-521.76776123, 238.741012573, 244.39100647, -78.4803543091, 301.813232422, 34.9090881348, -91.6365966797, 24.5294628143, 82.6641082764, 77.4041748047, 14.567152977, -41.6639289856, -59.6788978577], [-398.852020264, -59.3726615906, 172.778381348, -5.66063213348, 34.9090881348, 132.422775269, 12.3890638351, 23.9410190582, -15.0196590424, 20.9820899963, -8.5011882782, 16.4657039642, -3.13353848457], [136.527679443, -53.7205429077, -115.783180237, 22.8228759766, -91.6365966797, 12.3890638351, 130.042236328, 20.7718849182, -64.5383377075, -48.9017410278, -2.24405264854, 32.0016593933, 26.9676971436], [-385.741271973, -65.8473434448, 174.84085083, 44.6824645996, 24.5294628143, 23.9410190582, 20.7718849182, 111.3411026, 11.6395177841, 3.56737399101, -11.3909006119, 17.5498924255, 0.526738166809], [93.194984436, 43.5524215698, -64.0022354126, -33.789440155, 82.6641082764, -15.0196590424, -64.5383377075, 11.6395177841, 152.959121704, 97.9103164673, 19.8779087067, -46.0562973022, -40.4044876099], [-135.161804199, 30.4335327148, 12.6508541107, -77.3992919922, 77.4041748047, 20.9820899963, -48.9017410278, 3.56737399101, 97.9103164673, 134.25932312, 39.8490142822, -33.8888587952, -41.1509246826], [124.947174072, 46.9563407898, -76.1692581177, -64.0141067505, 14.567152977, -8.5011882782, -2.24405264854, -11.3909006119, 19.8779087067, 39.8490142822, 81.5785903931, 11.3597927094, -18.3897590637], [-211.307128906, -94.677154541, 70.4969177246, 45.4062957764, -41.6639289856, 16.4657039642, 32.0016593933, 17.5498924255, -46.0562973022, -33.8888587952, 11.3597927094, 90.1614227295, 47.3394966125], [16.7318496704, -86.5909957886, -30.5312633514, 52.8398742676, -59.6788978577, -3.13353848457, 26.9676971436, 0.526738166809, -40.4044876099, -41.1509246826, -18.3897590637, 47.3394966125, 77.0582809448]],
        "icov": [[0.00150059605949, -0.00321964267641, 0.00318133551627, -0.00297272065654, 0.00315543310717, -0.00204266235232, 0.0031950972043, -0.00152582791634, 0.000569172785617, -3.80242090614e-005, -0.000722350669093, 0.000195399930817, 0.000593813951127], [-0.00321964267641, 0.0123674971983, -0.0086901448667, 0.0102926036343, -0.0106093538925, 0.00815172120929, -0.0113300280645, 0.00785051472485, -0.00408085761592, 0.00493009248748, -0.00123050936963, 0.00429455237463, -0.00231688912027], [0.00318133551627, -0.0086901448667, 0.00885698385537, -0.00750032020733, 0.00734853651375, -0.00642156880349, 0.0105033293366, -0.00697331223637, 0.00427475431934, -0.0025194005575, 0.00118317292072, -0.00317337550223, 0.00312612298876], [-0.00297272065654, 0.0102926036343, -0.00750032020733, 0.0103758303449, -0.00873652845621, 0.00671467650682, -0.00905689503998, 0.00554148992524, -0.00346832419746, 0.00417757080868, 0.000618161750026, 0.00210887822323, -0.00197223806754], [0.00315543310717, -0.0106093538925, 0.00734853651375, -0.00873652845621, 0.0149950869381, -0.00808331742883, 0.0120966108516, -0.00706757465377, 0.00152484618593, -0.00325201288797, -0.000682107638568, -0.00172144139651, 0.00335237267427], [-0.00204266235232, 0.00815172120929, -0.00642156880349, 0.00671467650682, -0.00808331742883, 0.0160421170294, -0.0102295372635, 0.00556748826057, -0.000331400689902, -0.00148241315037, 0.00194374134298, 0.000563757959753, -0.000458799564512], [0.0031950972043, -0.0113300280645, 0.0105033293366, -0.00905689503998, 0.0120966108516, -0.0102295372635, 0.0264856293797, -0.0138435894623, 0.00969818048179, -0.00340648018755, 0.000811627309304, -0.00565957883373, 0.00366109237075], [-0.00152582791634, 0.00785051472485, -0.00697331223637, 0.00554148992524, -0.00706757465377, 0.00556748826057, -0.0138435894623, 0.0202957056463, -0.00877861306071, 0.00497337849811, -0.00102725275792, 0.00236080400646, -0.00159344577696], [0.000569172785617, -0.00408085761592, 0.00427475431934, -0.00346832419746, 0.00152484618593, -0.000331400689902, 0.00969818048179, -0.00877861306071, 0.0208560526371, -0.0140970461071, 0.0042896559462, -0.0022956894245, 0.00303762149997], [-3.80242090614e-005, 0.00493009248748, -0.0025194005575, 0.00417757080868, -0.00325201288797, -0.00148241315037, -0.00340648018755, 0.00497337849811, -0.0140970461071, 0.0248416252434, -0.0110550411046, 0.00834576785564, -0.00162621727213], [-0.000722350669093, -0.00123050936963, 0.00118317292072, 0.000618161750026, -0.000682107638568, 0.00194374134298, 0.000811627309304, -0.00102725275792, 0.0042896559462, -0.0110550411046, 0.0244509764016, -0.01500953082, 0.00949436612427], [0.000195399930817, 0.00429455237463, -0.00317337550223, 0.00210887822323, -0.00172144139651, 0.000563757959753, -0.00565957883373, 0.00236080400646, -0.0022956894245, 0.00834576785564, -0.01500953082, 0.0305874366313, -0.016385525465], [0.000593813951127, -0.00231688912027, 0.00312612298876, -0.00197223806754, 0.00335237267427, -0.000458799564512, 0.00366109237075, -0.00159344577696, 0.00303762149997, -0.00162621727213, 0.00949436612427, -0.016385525465, 0.0271992981434]]
    },
    "melbands": {
        "mean": [1.03846150523e-005, 6.460397708e-005, 0.000101219244243, 0.000340469181538, 0.000443756434834, 0.000278220395558, 0.000905430642888, 0.000330032547936, 0.000109394706669, 9.62917329161e-005, 5.08197190356e-005, 5.05126190546e-005, 2.37044769165e-005, 3.79928096663e-005, 2.67739887931e-005, 2.0141234927e-005, 2.10136895475e-005, 1.36251992444e-005, 1.20699487525e-005, 5.67498000237e-006, 5.86133319302e-006, 4.94740743306e-006, 7.25180598238e-006, 5.02601096741e-006, 4.96753682455e-006, 6.46496073387e-006, 5.47830768483e-006, 4.11546898249e-006, 4.53301572634e-006, 3.95077904614e-006, 5.17299577041e-006, 4.12317285736e-006, 1.97365102395e-006, 1.52110158069e-006, 8.70378926265e-007, 6.52088260722e-007, 3.8536569491e-007, 1.84050108487e-007, 1.02610755448e-007, 8.0761360266e-008],
        "var": [1.50865570037e-010, 6.54440412973e-009, 4.1732832301e-008, 2.73989627431e-007, 5.52291567146e-007, 2.12641438679e-007, 6.11672248851e-006, 6.90312845109e-007, 4.09102263177e-008, 5.17344531659e-008, 1.24907977295e-008, 1.39226372653e-008, 5.65884983317e-009, 1.36711335585e-008, 4.61605553781e-009, 3.48231976588e-009, 9.43860811731e-009, 2.6174311607e-009, 2.8378512873e-009, 6.51752984915e-010, 8.90346685267e-010, 4.68438066115e-010, 1.45158107756e-009, 8.86501261288e-010, 4.50707665633e-010, 7.6266259974e-010, 9.59851642612e-010, 5.11317654883e-010, 5.07626107815e-010, 5.64518931601e-010, 1.14003229079e-009, 9.17186548932e-010, 1.94183405466e-010, 1.45763123793e-010, 6.31608862434e-011, 4.25425250583e-011, 1.63098718559e-011, 5.96503402228e-012, 1.1227073958e-012, 6.56287524325e-013]
    },
    "mfcc": {
        "mean": [-766.219604492, 149.735946655, 12.2343235016, 9.12829208374, -18.8020572662, -6.98579645157, -13.4570808411, -14.5666131973, -14.0114803314, -6.64466333389, -2.97570204735, -4.06218385696, -3.28794741631],
        "cov": [[8907.87695313, -930.612426758, -2481.87890625, 145.307357788, -1086.25463867, 2.51951646805, -360.975860596, -112.428245544, -266.013641357, -77.4551239014, -52.560459137, -1.59771120548, -15.238743782], [-930.612426758, 1631.06506348, 89.4564208984, -476.752990723, 237.502059937, -69.9500045776, 20.0431842804, -145.726257324, -53.2726631165, 48.5683326721, 118.649284363, 27.8036613464, 73.6778640747], [-2481.87890625, 89.4564208984, 1087.10327148, 144.815292358, 284.339996338, 8.62080097198, 136.492919922, 108.77532196, 85.2574081421, -31.9941425323, -60.0341453552, -21.0709857941, -42.3047790527], [145.307357788, -476.752990723, 144.815292358, 424.873687744, 62.8073692322, 19.2333660126, 2.83723640442, 80.0915908813, 44.1573600769, -34.279800415, -60.0760002136, -1.32279956341, -42.9901428223], [-1086.25463867, 237.502059937, 284.339996338, 62.8073692322, 434.083892822, 54.6567344666, -22.4305553436, -44.564414978, 46.6058006287, 62.2122764587, 65.5824813843, 63.3483886719, 33.1920204163], [2.51951646805, -69.9500045776, 8.62080097198, 19.2333660126, 54.6567344666, 106.572097778, -0.37486371398, -20.7804470062, 0.869282126427, 9.40841960907, 14.7197132111, 6.63224458694, -0.546085298061], [-360.975860596, 20.0431842804, 136.492919922, 2.83723640442, -22.4305553436, -0.37486371398, 143.091598511, 71.1437454224, -3.14902925491, -31.8693733215, -37.6604537964, -16.1092815399, -9.1489982605], [-112.428245544, -145.726257324, 108.77532196, 80.0915908813, -44.564414978, -20.7804470062, 71.1437454224, 131.959884644, 25.834810257, -47.9869995117, -60.2837600708, -28.539812088, -19.9778137207], [-266.013641357, -53.2726631165, 85.2574081421, 44.1573600769, 46.6058006287, 0.869282126427, -3.14902925491, 25.834810257, 86.1936798096, 24.2280921936, -7.22859382629, -1.92970478535, -7.73051834106], [-77.4551239014, 48.5683326721, -31.9941425323, -34.279800415, 62.2122764587, 9.40841960907, -31.8693733215, -47.9869995117, 24.2280921936, 109.261726379, 55.1525001526, 19.8706073761, 25.8362312317], [-52.560459137, 118.649284363, -60.0341453552, -60.0760002136, 65.5824813843, 14.7197132111, -37.6604537964, -60.2837600708, -7.22859382629, 55.1525001526, 119.80620575, 58.0409660339, 23.0443401337], [-1.59771120548, 27.8036613464, -21.0709857941, -1.32279956341, 63.3483886719, 6.63224458694, -16.1092815399, -28.539812088, -1.92970478535, 19.8706073761, 58.0409660339, 98.4052886963, 38.7920875549], [-15.238743782, 73.6778640747, -42.3047790527, -42.9901428223, 33.1920204163, -0.546085298061, -9.1489982605, -19.9778137207, -7.73051834106, 25.8362312317, 23.0443401337, 38.7920875549, 83.6708984375]],
        "icov": [[0.00062054785667, -0.000240158711676, 0.00116575718857, -0.000887092610355, 0.00108284142334, -0.000789947400335, 0.00101001514122, -0.000559955253266, 0.000889890070539, -0.000410240405472, 0.000756678753532, -0.000821719702799, 0.000381613208447], [-0.000240158711676, 0.00149632664397, -0.00047441420611, 0.00177776929922, -0.00162785546854, 0.0017582802102, -0.00122275494505, 0.00129938917235, -0.00019243825227, 0.00097168009961, -0.00089876644779, 0.00110376405064, -0.000436034228187], [0.00116575718857, -0.00047441420611, 0.00377739407122, -0.00175978348125, 0.000761606264859, -0.00111581198871, 0.000582333363127, -0.00135514233261, 0.000833733764011, -0.000340586004313, 0.00177505146712, -0.00126766075846, 0.00134752178565], [-0.000887092610355, 0.00177776929922, -0.00175978348125, 0.00616818247363, -0.00342198763974, 0.00172942923382, -0.000806206604466, -0.000508192752022, -0.00131215702277, 0.00119491911028, 0.000320489460137, 0.000114530994324, 0.00108015665319], [0.00108284142334, -0.00162785546854, 0.000761606264859, -0.00342198763974, 0.00718377530575, -0.00402450375259, 0.00300480145961, -0.000587334157899, 0.000337952456903, -0.00219448795542, 0.000619368453044, -0.00318990112282, -0.000413031724747], [-0.000789947400335, 0.0017582802102, -0.00111581198871, 0.00172942923382, -0.00402450375259, 0.0132374567911, -0.00392422312871, 0.00432100193575, -0.00124452786986, 0.00189713423606, -0.00249260803685, 0.00280289677903, -0.000395999290049], [0.00101001514122, -0.00122275494505, 0.000582333363127, -0.000806206604466, 0.00300480145961, -0.00392422312871, 0.0139364572242, -0.00830507371575, 0.00445629516616, -0.00199969951063, 0.00303946016356, -0.00304365344346, 0.0010673769284], [-0.000559955253266, 0.00129938917235, -0.00135514233261, -0.000508192752022, -0.000587334157899, 0.00432100193575, -0.00830507371575, 0.0185958892107, -0.00661165174097, 0.005568663124, 6.80191951687e-005, 0.0029956146609, -0.00213727005757], [0.000889890070539, -0.00019243825227, 0.000833733764011, -0.00131215702277, 0.000337952456903, -0.00124452786986, 0.00445629516616, -0.00661165174097, 0.0186064820737, -0.00728669157252, 0.00349318841472, -0.0025039317552, 0.00301324133761], [-0.000410240405472, 0.00097168009961, -0.000340586004313, 0.00119491911028, -0.00219448795542, 0.00189713423606, -0.00199969951063, 0.005568663124, -0.00728669157252, 0.0172214955091, -0.00736683234572, 0.00480599328876, -0.00468491157517], [0.000756678753532, -0.00089876644779, 0.00177505146712, 0.000320489460137, 0.000619368453044, -0.00249260803685, 0.00303946016356, 6.80191951687e-005, 0.00349318841472, -0.00736683234572, 0.0195506848395, -0.0107172755525, 0.00425974698737], [-0.000821719702799, 0.00110376405064, -0.00126766075846, 0.000114530994324, -0.00318990112282, 0.00280289677903, -0.00304365344346, 0.0029956146609, -0.0025039317552, 0.00480599328876, -0.0107172755525, 0.0203505251557, -0.0082362247631], [0.000381613208447, -0.000436034228187, 0.00134752178565, 0.00108015665319, -0.000413031724747, -0.000395999290049, 0.0010673769284, -0.00213727005757, 0.00301324133761, -0.00468491157517, 0.00425974698737, -0.0082362247631, 0.0177793744951]]
    },
    "spectral_contrast_coeffs": {
        "mean": [-0.577326416969, -0.672712862492, -0.740215301514, -0.780499696732, -0.819474935532, -0.785759687424],
        "var": [0.0080723343417, 0.00679263891652, 0.00462652184069, 0.00347469048575, 0.00212470185943, 0.00553055340424]
    },
    "spectral_contrast_valleys": {
        "mean": [-8.83411979675, -7.30753087997, -8.43359088898, -9.11129760742, -9.04471588135, -11.461400032],
        "var": [0.591819643974, 1.06711304188, 1.2164491415, 1.3699631691, 1.40449726582, 0.55358338356]
    }
},
"metadata": {
    "audio_properties": {
        "analysis_sample_rate": 44100,
        "bit_rate": 128074,
        "equal_loudness": 0,
        "length": 45.0612258911,
        "lossless": 0,
        "replay_gain": -5.25762176514,
        "sample_rate": 44100,
        "codec": "mp3",
        "downmix": "mix",
        "md5_encoded": "4e4441e66ebfab1133338138fa75a522"
    },
    "tags": {
        "file_name": "1847.mp3"
    },
    "version": {
        "essentia": "2.1-beta2",
        "essentia_git_sha": "v2.1_beta2",
        "extractor": "music 1.0"
    }
},
"rhythm": {
    "beats_count": 72,
    "beats_loudness": {
        "mean": 0.0179202333093,
        "var": 0.000470733852126
    },
    "bpm": 83.8559188843,
    "bpm_histogram_first_peak_bpm": {
        "mean": 81,
        "var": 0
    },
    "bpm_histogram_first_peak_spread": {
        "mean": 0.439999938011,
        "var": 0
    },
    "bpm_histogram_first_peak_weight": {
        "mean": 0.197183102369,
        "var": 0
    },
    "bpm_histogram_second_peak_bpm": {
        "mean": 133,
        "var": 0
    },
    "bpm_histogram_second_peak_spread": {
        "mean": 0.5,
        "var": 0
    },
    "bpm_histogram_second_peak_weight": {
        "mean": 0.126760557294,
        "var": 0
    },
    "danceability": 0.939311206341,
    "onset_rate": 1.9963824749,
    "beats_loudness_band_ratio": {
        "mean": [0.105521805584, 0.421065658331, 0.350257754326, 0.0888098180294, 0.0340630970895, 0.0581945329905],
        "var": [0.0191833525896, 0.0538071729243, 0.0575847476721, 0.00712216319516, 0.0029254835099, 0.00839759688824]
    },
    "beats_position": [0.743038535118, 1.48607707024, 2.22911548615, 2.97215414047, 3.7151927948, 4.45823097229, 5.18965959549, 5.93269824982, 6.65251684189, 7.38394546509, 8.11537361145, 8.84680271149, 9.56662082672, 10.2864398956, 11.017868042, 11.7376871109, 12.5155553818, 13.2585935593, 14.0016326904, 14.7446708679, 15.4644899368, 16.1726989746, 16.8809070587, 17.5775051117, 18.2857131958, 18.9939231873, 19.6905212402, 20.3871192932, 21.0953292847, 21.7919273376, 22.4769153595, 23.1619052887, 23.8468933105, 24.5202713013, 25.1936511993, 25.8670291901, 26.5520172119, 27.2370071411, 27.921995163, 28.5953731537, 29.2803630829, 29.8144207001, 30.3484802246, 30.8825397491, 31.4165973663, 31.9506568909, 32.4731063843, 32.9955558777, 33.5180053711, 34.0404510498, 34.5629005432, 35.0853500366, 35.5961914063, 36.0605888367, 36.5133781433, 36.96616745, 37.4189567566, 37.8949661255, 38.3593635559, 38.823764801, 39.2881622314, 39.7525634766, 40.2053489685, 40.6465301514, 41.099319458, 41.5521087646, 42.0048980713, 42.4692955017, 42.9220848083, 43.3864860535, 43.8508834839, 44.3036727905]
},
"tonal": {
    "chords_changes_rate": 0.0339506156743,
    "chords_number_rate": 0.00823045242578,
    "chords_strength": {
        "mean": 0.547226011753,
        "var": 0.0101028429344
    },
    "hpcp_entropy": {
        "mean": 1.80072951317,
        "var": 0.507669985294
    },
    "key_strength": 0.677436351776,
    "tuning_diatonic_strength": 0.492414921522,
    "tuning_equal_tempered_deviation": 0.151935786009,
    "tuning_frequency": 452.631469727,
    "tuning_nontempered_energy_ratio": 0.803842127323,
    "hpcp": {
        "mean": [0.432633757591, 0.19420979917, 0.0438043661416, 0.0398279093206, 0.0345213226974, 0.106707334518, 0.338191688061, 0.33986645937, 0.104556240141, 0.0194453466684, 0.0219214316458, 0.05401333794, 0.170575916767, 0.202508464456, 0.108859606087, 0.152221277356, 0.181055814028, 0.12820290029, 0.106391884387, 0.0574449598789, 0.0689264759421, 0.140879765153, 0.10934073478, 0.0295923613012, 0.0160827655345, 0.0168417990208, 0.0563530288637, 0.213705122471, 0.232517436147, 0.107903011143, 0.143851980567, 0.149947836995, 0.0606381669641, 0.0545298233628, 0.0907968506217, 0.313172161579],
        "var": [0.183423444629, 0.0464505106211, 0.0111130969599, 0.0101937539876, 0.00845442246646, 0.0285845659673, 0.129785373807, 0.133440628648, 0.0243790578097, 0.00505477795377, 0.00519272778183, 0.0104508604854, 0.057044621557, 0.0823730453849, 0.0220050048083, 0.0750449448824, 0.0928544774652, 0.0475906804204, 0.056979380548, 0.0172828417271, 0.0141294756904, 0.0619534775615, 0.0522540733218, 0.00574081065133, 0.00165507453494, 0.00192407495342, 0.00844393949956, 0.078769043088, 0.0924645587802, 0.0189483985305, 0.063626088202, 0.0737777203321, 0.0127580938861, 0.0132460519671, 0.0197494439781, 0.104728847742]
    },
    "chords_histogram": [12.0370368958, 5.24691343307, 29.732509613, 0, 0.617283940315, 0, 23.8683128357, 0, 0.925925910473, 0, 0, 0, 0, 0, 0, 0, 0, 0, 0, 2.98353910446, 0, 2.57201647758, 12.7572011948, 9.25925922394],
    "thpcp": [1, 0.448901176453, 0.101250454783, 0.0920591801405, 0.0797934085131, 0.246645882726, 0.781704366207, 0.785575449467, 0.241673797369, 0.0449464395642, 0.050669722259, 0.124847717583, 0.394273251295, 0.468082904816, 0.251620680094, 0.351847887039, 0.418496727943, 0.296331256628, 0.245916739106, 0.132779657841, 0.159318298101, 0.325632840395, 0.252732783556, 0.0684004873037, 0.0371740870178, 0.0389285348356, 0.130255743861, 0.493963122368, 0.537446379662, 0.249409601092, 0.332502901554, 0.346593022346, 0.140160501003, 0.126041531563, 0.209870010614, 0.723873615265],
    "chords_key": "A",
    "chords_scale": "major",
    "key_key": "D",
    "key_scale": "major"
}
}