{
"lowlevel": {
    "average_loudness": 0.970306634903,
    "barkbands_crest": {
        "mean": 10.8883266449,
        "var": 11.8730163574
    },
    "barkbands_flatness_db": {
        "mean": 0.12465916574,
        "var": 0.000768150901422
    },
    "barkbands_kurtosis": {
        "mean": 3.39937973022,
        "var": 15.5433015823
    },
    "barkbands_skewness": {
        "mean": 1.84532094002,
        "var": 0.541836857796
    },
    "barkbands_spread": {
        "mean": 23.6611385345,
        "var": 76.4894943237
    },
    "dissonance": {
        "mean": 0.47454315424,
        "var": 0.000225836309255
    },
    "dynamic_complexity": 1.21589672565,
    "erbbands_crest": {
        "mean": 7.25222873688,
        "var": 9.2448425293
    },
    "erbbands_flatness_db": {
        "mean": 0.13144788146,
        "var": 0.000666767766234
    },
    "erbbands_kurtosis": {
        "mean": -0.413519620895,
        "var": 0.696171879768
    },
    "erbbands_skewness": {
        "mean": -0.206418946385,
        "var": 0.2355401963
    },
    "erbbands_spread": {
        "mean": 44.5827980042,
        "var": 138.665756226
    },
    "hfc": {
        "mean": 24.4860553741,
        "var": 759.390563965
    },
    "melbands_crest": {
        "mean": 17.9466819763,
        "var": 23.6180858612
    },
    "melbands_flatness_db": {
        "mean": 0.202135741711,
        "var": 0.00120585097466
    },
    "melbands_kurtosis": {
        "mean": 14.8984289169,
        "var": 134.722091675
    },
    "melbands_skewness": {
        "mean": 3.33149242401,
        "var": 1.16654992104
    },
    "melbands_spread": {
        "mean": 19.3065605164,
        "var": 103.855697632
    },
    "pitch_salience": {
        "mean": 0.517051637173,
        "var": 0.00852002110332
    },
    "silence_rate_20dB": {
        "mean": 1,
        "var": 0
    },
    "silence_rate_30dB": {
        "mean": 0.959835231304,
        "var": 0.0385512337089
    },
    "silence_rate_60dB": {
        "mean": 0.00154479919001,
        "var": 0.00154241069686
    },
    "spectral_centroid": {
        "mean": 1436.78039551,
        "var": 180413.3125
    },
    "spectral_complexity": {
        "mean": 27.1519050598,
        "var": 47.5470924377
    },
    "spectral_decrease": {
        "mean": -1.21640413298e-008,
        "var": 4.89152262616e-017
    },
    "spectral_energy": {
        "mean": 0.048130877316,
        "var": 0.000744424120057
    },
    "spectral_energyband_high": {
        "mean": 0.00084286154015,
        "var": 8.35363334772e-006
    },
    "spectral_energyband_low": {
        "mean": 0.028099309653,
        "var": 0.000426606653491
    },
    "spectral_energyband_middle_high": {
        "mean": 0.00638333242387,
        "var": 1.30914859255e-005
    },
    "spectral_energyband_middle_low": {
        "mean": 0.0146653149277,
        "var": 0.00012850110943
    },
    "spectral_entropy": {
        "mean": 7.6940279007,
        "var": 0.0407485067844
    },
    "spectral_flux": {
        "mean": 0.106032729149,
        "var": 0.00276267551817
    },
    "spectral_kurtosis": {
        "mean": 3.82918548584,
        "var": 1.73645448685
    },
    "spectral_rms": {
        "mean": 0.00663587637246,
        "var": 2.92215440822e-006
    },
    "spectral_rolloff": {
        "mean": 1021.93841553,
        "var": 874003
    },
    "spectral_skewness": {
        "mean": 1.40625870228,
        "var": 0.0581301413476
    },
    "spectral_spread": {
        "mean": 4271803,
        "var": 2.0126522409e+012
    },
    "spectral_strongpeak": {
        "mean": 0.465176463127,
        "var": 0.254143595695
    },
    "zerocrossingrate": {
        "mean": 0.0490760356188,
        "var": 0.000423321675044
    },
    "barkbands": {
        "mean": [0.00178065209184, 0.0162007752806, 0.00837282650173, 0.00363833783194, 0.00494144624099, 0.00178979954217, 0.00264035351574, 0.000766871322412, 0.000671066343784, 0.000883764354512, 0.000332059775246, 0.000504008261487, 0.000650377362035, 0.000695128517691, 0.000378690834623, 0.00100033427589, 0.000908469082788, 0.000495573040098, 0.000462128111394, 0.000308385642711, 0.000214202940697, 0.000134345711558, 0.000115337257739, 0.00013894107542, 6.5891770646e-005, 3.561468111e-005, 5.5024906942e-006],
        "var": [5.83409791943e-006, 0.000174739136128, 0.000142569624586, 3.56356576958e-005, 2.86137292278e-005, 2.53096891356e-006, 1.25648966787e-005, 1.01584032564e-006, 9.90965077108e-007, 2.53761572822e-006, 1.98130032913e-006, 3.22829635024e-007, 6.09773792348e-007, 5.948627404e-007, 1.69079015677e-007, 1.0098428902e-006, 6.30264935353e-007, 2.17464972252e-007, 1.35043976002e-007, 9.43175635371e-008, 3.64876946435e-008, 9.82171499686e-008, 8.85899908099e-007, 1.04684249891e-006, 7.62843157531e-008, 1.76900982751e-007, 6.60079046977e-010]
    },
    "erbbands": {
        "mean": [0.640157341957, 2.99403953552, 9.1294260025, 11.2170133591, 15.1504869461, 16.6105957031, 14.3813800812, 13.862742424, 38.949092865, 23.696269989, 18.3411140442, 14.2177343369, 22.7310447693, 27.0027313232, 14.1688165665, 22.565870285, 27.5432014465, 39.3751449585, 21.1857833862, 26.2617282867, 69.3544082642, 48.1021728516, 27.5165290833, 25.7658081055, 21.6267852783, 14.362786293, 12.9443397522, 5.00347471237, 4.96846580505, 4.04601049423, 3.38569092751, 2.39737606049, 2.44293379784, 0.952957510948, 0.421601057053, 0.196655377746, 0.0530873350799, 0.0152529655024, 0.000471505336463, 6.64390390739e-005],
        "var": [0.374094516039, 7.46608018875, 141.189025879, 221.96762085, 624.365112305, 307.839569092, 204.17666626, 190.395095825, 3149.62939453, 711.755126953, 561.952148438, 283.162719727, 970.482055664, 4964.140625, 949.012756348, 601.88861084, 928.447753906, 2300.05493164, 358.593261719, 659.068359375, 4387.84130859, 1496.93054199, 426.925201416, 596.265075684, 298.756896973, 175.060760498, 124.246505737, 47.823097229, 137.657714844, 191.438873291, 965.869628906, 33.3366775513, 713.527282715, 49.3819580078, 2.61668562889, 8.99590206146, 0.152518376708, 0.00321308197454, 1.10155442599e-005, 8.24187829096e-009]
    },
    "gfcc": {
        "mean": [44.2016525269, 102.224327087, -116.720481873, 50.7353477478, -44.9041252136, 16.9495563507, -40.6893692017, 14.4124727249, -19.2397022247, 1.49577772617, -8.58821392059, -2.9657497406, -7.33488702774],
        "cov": [[1884.51599121, -272.998382568, 147.469528198, 41.9644927979, 39.069103241, 18.5821037292, -6.06737661362, 51.7520484924, -71.9485778809, 82.6642837524, -130.840942383, 58.3715438843, -122.547431946], [-272.998382568, 530.983581543, -260.699920654, 76.6826324463, 7.27882385254, -53.1481666565, 45.2819709778, -26.6313781738, 93.0818786621, -55.0110969543, 155.83581543, -59.808506012, 126.399650574], [147.469528198, -260.699920654, 356.827575684, -68.4297561646, 27.3984165192, 52.1017150879, -35.7294883728, 16.5890617371, -56.3513450623, 29.5949172974, -95.6177444458, 45.1729660034, -75.4658355713], [41.9644927979, 76.6826324463, -68.4297561646, 147.454544067, 29.3280277252, -8.4563369751, 13.0337381363, -28.8417358398, 30.8406600952, -7.46184825897, 24.6492061615, -8.9287853241, 25.1055183411], [39.069103241, 7.27882385254, 27.3984165192, 29.3280277252, 137.349853516, 4.25704908371, 19.2391223907, 9.05229091644, 13.8146238327, 23.177066803, 11.707736969, 17.1298484802, 8.70799636841], [18.5821037292, -53.1481666565, 52.1017150879, -8.4563369751, 4.25704908371, 85.6927642822, 6.23437452316, 2.32101774216, -25.0869541168, -11.4528722763, -20.4397144318, -4.80953741074, -8.17965698242], [-6.06737661362, 45.2819709778, -35.7294883728, 13.0337381363, 19.2391223907, 6.23437452316, 78.5790100098, 20.5434570313, 15.0974979401, -2.25855612755, 18.1262397766, 6.58388996124, 19.3905239105], [51.7520484924, -26.6313781738, 16.5890617371, -28.8417358398, 9.05229091644, 2.32101774216, 20.5434570313, 79.435508728, 21.7848243713, 14.6795721054, 5.43427324295, 7.12880945206, 4.32643795013], [-71.9485778809, 93.0818786621, -56.3513450623, 30.8406600952, 13.8146238327, -25.0869541168, 15.0974979401, 21.7848243713, 77.1575546265, 23.5271530151, 44.3395996094, -1.99826312065, 27.161272049], [82.6642837524, -55.0110969543, 29.5949172974, -7.46184825897, 23.177066803, -11.4528722763, -2.25855612755, 14.6795721054, 23.5271530151, 69.781288147, 22.3106002808, 21.3004074097, -19.5918483734], [-130.840942383, 155.83581543, -95.6177444458, 24.6492061615, 11.707736969, -20.4397144318, 18.1262397766, 5.43427324295, 44.3395996094, 22.3106002808, 118.726081848, 10.6721477509, 50.4743423462], [58.3715438843, -59.808506012, 45.1729660034, -8.9287853241, 17.1298484802, -4.80953741074, 6.58388996124, 7.12880945206, -1.99826312065, 21.3004074097, 10.6721477509, 61.5818367004, 11.0930814743], [-122.547431946, 126.399650574, -75.4658355713, 25.1055183411, 8.70799636841, -8.17965698242, 19.3905239105, 4.32643795013, 27.161272049, -19.5918483734, 50.4743423462, 11.0930814743, 85.2492446899]],
        "icov": [[0.000958925636951, -0.00146802305244, 0.000478752423078, -0.00137304724194, 0.000303034787066, -0.000528766948264, 0.000504449184518, -0.00207034032792, 0.00255424017087, -0.0029338831082, 0.00272886245511, -0.00247201649472, 0.00150982954074], [-0.00146802305244, 0.0125467488542, -0.00117991480511, 0.00384475500323, -0.00224303477444, 0.00438917661086, -0.00374716613442, 0.00857192091644, -0.0112889762968, 0.0141538511962, -0.0150280306116, 0.0141432620585, -0.0079156877473], [0.000478752423078, -0.00117991480511, 0.00631637265906, 0.000221383830649, -0.001038030372, -0.00329178059474, 0.00264252792113, -0.00240463018417, 0.00219565303996, -0.00310849584639, 0.00515772867948, -0.00658083846793, 0.00366373918951], [-0.00137304724194, 0.00384475500323, 0.000221383830649, 0.0120063899085, -0.00300489203073, 0.000645650143269, -0.00211066938937, 0.00872182846069, -0.00976237095892, 0.00752946082503, -0.00540521647781, 0.00531886005774, -0.00325893610716], [0.000303034787066, -0.00224303477444, -0.001038030372, -0.00300489203073, 0.0093903997913, -0.00100983050652, -0.00132374104578, -0.00203439593315, 0.00250405003317, -0.00596483796835, 0.00288094813004, -0.00272876047529, -0.000443668483058], [-0.000528766948264, 0.00438917661086, -0.00329178059474, 0.000645650143269, -0.00100983050652, 0.0165168717504, -0.00402421317995, 0.00198484887369, 0.000805773364846, 0.00569835444912, -0.00593994464725, 0.00893192645162, -0.00446206703782], [0.000504449184518, -0.00374716613442, 0.00264252792113, -0.00211066938937, -0.00132374104578, -0.00402421317995, 0.0175011083484, -0.00716334907338, 0.00236620847136, -0.00206811353564, 0.00420398265123, -0.00776648567989, 0.00266617792659], [-0.00207034032792, 0.00857192091644, -0.00240463018417, 0.00872182846069, -0.00203439593315, 0.00198484887369, -0.00716334907338, 0.025285448879, -0.0164627730846, 0.0100805284455, -0.0104145184159, 0.0109816780314, -0.00733952224255], [0.00255424017087, -0.0112889762968, 0.00219565303996, -0.00976237095892, 0.00250405003317, 0.000805773364846, 0.00236620847136, -0.0164627730846, 0.0386151000857, -0.0254880916327, 0.0124125992879, -0.00762334465981, 0.000829424068797], [-0.0029338831082, 0.0141538511962, -0.00310849584639, 0.00752946082503, -0.00596483796835, 0.00569835444912, -0.00206811353564, 0.0100805284455, -0.0254880916327, 0.0481564328074, -0.0267831105739, 0.00730794016272, 0.00503697479144], [0.00272886245511, -0.0150280306116, 0.00515772867948, -0.00540521647781, 0.00288094813004, -0.00593994464725, 0.00420398265123, -0.0104145184159, 0.0124125992879, -0.0267831105739, 0.0362303070724, -0.0192325934768, 0.0020120695699], [-0.00247201649472, 0.0141432620585, -0.00658083846793, 0.00531886005774, -0.00272876047529, 0.00893192645162, -0.00776648567989, 0.0109816780314, -0.00762334465981, 0.00730794016272, -0.0192325934768, 0.0430340208113, -0.0196751151234], [0.00150982954074, -0.0079156877473, 0.00366373918951, -0.00325893610716, -0.000443668483058, -0.00446206703782, 0.00266617792659, -0.00733952224255, 0.000829424068797, 0.00503697479144, 0.0020120695699, -0.0196751151234, 0.03148586303]]
    },
    "melbands": {
        "mean": [0.00497959507629, 0.00448876153678, 0.00211515580304, 0.00119517801795, 0.000531501194928, 0.000336402619723, 0.000580856460147, 0.000225203984883, 0.000137764305691, 9.09734008019e-005, 0.000116232375149, 0.00011456181528, 4.76292952953e-005, 5.31557416252e-005, 5.92983233219e-005, 6.83432226651e-005, 7.30173633201e-005, 3.60039593943e-005, 2.54307287832e-005, 4.49398721685e-005, 9.02179308468e-005, 5.47397539776e-005, 2.87457914965e-005, 2.35429633904e-005, 2.02228784474e-005, 1.80144506885e-005, 1.2419362065e-005, 8.38853338792e-006, 9.81405173661e-006, 4.02334990213e-006, 2.45465821536e-006, 2.79981372842e-006, 2.63031915892e-006, 2.11501060221e-006, 2.21506093112e-006, 1.25747601487e-006, 1.56613168656e-006, 1.77310175786e-006, 1.27908253944e-006, 6.87093802298e-007],
        "var": [1.8230308342e-005, 2.32767160924e-005, 8.36603612697e-006, 2.1055320758e-006, 2.300069184e-007, 1.10362869066e-007, 6.67356914619e-007, 6.0865552598e-008, 3.35519381167e-008, 1.49182319831e-008, 2.63405315337e-008, 8.49030996619e-008, 1.99724574657e-008, 4.6706589707e-009, 4.3886063672e-009, 6.82204515101e-009, 7.56862306162e-009, 1.50929291287e-009, 7.35649596795e-010, 1.41891887129e-009, 8.154673381e-009, 2.50011233938e-009, 5.89208959401e-010, 4.79396133901e-010, 4.39509068029e-010, 2.28566374161e-010, 1.30414373745e-010, 7.52243406454e-011, 8.47685047156e-011, 1.8436162319e-011, 1.55600740626e-011, 4.11810030521e-011, 4.57736140658e-011, 9.03917982131e-011, 5.77749958985e-010, 3.57668998585e-011, 4.59627128024e-012, 2.33524755089e-010, 3.16755677243e-010, 1.10333929493e-011]
    },
    "mfcc": {
        "mean": [-593.721801758, 121.552375793, -1.17865860462, 33.9700431824, 21.2374820709, 4.15575170517, 4.43858146667, 4.74719619751, 0.865615725517, 4.15733146667, -1.36387848854, 6.71878147125, 1.62535405159],
        "cov": [[1059.59887695, -104.319282532, -10.6467170715, 109.51410675, -20.3666648865, 35.0093421936, -3.70839500427, 15.9770898819, 11.7184677124, 17.8355293274, 22.6406517029, 1.7798666954, -1.75533545017], [-104.319282532, 301.229309082, -86.3333816528, 11.6527376175, 18.219247818, -44.4514350891, 20.6375198364, -9.54299259186, -2.02987074852, 11.3920192719, 0.403415620327, 28.0544490814, 16.7134552002], [-10.6467170715, -86.3333816528, 214.508789063, -54.7982788086, 6.18553113937, 23.7331943512, -12.166176796, 9.57262325287, -3.9287340641, -10.970580101, -9.85416030884, -32.0164909363, -15.3500843048], [109.51410675, 11.6527376175, -54.7982788086, 138.717926025, 19.5614452362, 19.7953491211, -11.7767314911, -3.04127693176, 1.97331213951, 0.159226879478, 13.408987999, 16.5168952942, 10.7177686691], [-20.3666648865, 18.219247818, 6.18553113937, 19.5614452362, 96.7027130127, 17.5157966614, 7.41382312775, -6.48715114594, 2.3202688694, 4.07842063904, -1.58746707439, 17.3599224091, -0.981603384018], [35.0093421936, -44.4514350891, 23.7331943512, 19.7953491211, 17.5157966614, 89.9467773438, 9.64468097687, 0.206872031093, -4.93263435364, -15.2782564163, 0.557706296444, -12.7210855484, -10.687871933], [-3.70839500427, 20.6375198364, -12.166176796, -11.7767314911, 7.41382312775, 9.64468097687, 66.2193069458, 21.9940414429, -1.77511715889, 4.25943851471, -4.32945919037, 0.0727016106248, -3.44910049438], [15.9770898819, -9.54299259186, 9.57262325287, -3.04127693176, -6.48715114594, 0.206872031093, 21.9940414429, 51.4965133667, 24.0013046265, -0.392022222281, -8.1960105896, -8.81573581696, -1.441598773], [11.7184677124, -2.02987074852, -3.9287340641, 1.97331213951, 2.3202688694, -4.93263435364, -1.77511715889, 24.0013046265, 53.5188560486, 18.4631347656, -9.32223415375, -5.0791683197, -2.10655498505], [17.8355293274, 11.3920192719, -10.970580101, 0.159226879478, 4.07842063904, -15.2782564163, 4.25943851471, -0.392022222281, 18.4631347656, 49.1173820496, 19.3788585663, 9.57741355896, 1.39433574677], [22.6406517029, 0.403415620327, -9.85416030884, 13.408987999, -1.58746707439, 0.557706296444, -4.32945919037, -8.1960105896, -9.32223415375, 19.3788585663, 53.0717849731, 27.7678184509, 3.20340275764], [1.7798666954, 28.0544490814, -32.0164909363, 16.5168952942, 17.3599224091, -12.7210855484, 0.0727016106248, -8.81573581696, -5.0791683197, 9.57741355896, 27.7678184509, 63.7354049683, 27.0119152069], [-1.75533545017, 16.7134552002, -15.3500843048, 10.7177686691, -0.981603384018, -10.687871933, -3.44910049438, -1.441598773, -2.10655498505, 1.39433574677, 3.20340275764, 27.0119152069, 45.2047462463]],
        "icov": [[0.00110965652857, 0.000376259849872, -7.29337043595e-005, -0.000988324638456, 0.000448215927463, -0.000184536635061, -0.000120620177768, -0.000277893006569, 9.70519176917e-005, -0.000614752992988, 4.21761542384e-005, -0.000170579442056, 0.000183996744454], [0.000376259849872, 0.00439023971558, 0.00125267996918, -0.000411285960581, -0.000835169048514, 0.00201172661036, -0.00178144813981, 0.00113786687143, -0.000158832379384, 5.17266926181e-006, 0.000301020045299, -0.000324820721289, -0.000562631990761], [-7.29337043595e-005, 0.00125267996918, 0.00677368091419, 0.00303123611957, -0.0019941914361, -0.00132311938796, 0.0027326324489, -0.00282139400952, 0.00196725293063, -0.000244590220973, -0.000683459104039, 0.00269185611978, -0.000583009677939], [-0.000988324638456, -0.000411285960581, 0.00303123611957, 0.0105396006256, -0.0025486194063, -0.00280826119706, 0.00351947871968, -0.00188891927246, 0.000136983158882, 0.000878023914993, -0.00220760679804, 0.000593045784626, -0.00208551879041], [0.000448215927463, -0.000835169048514, -0.0019941914361, -0.0025486194063, 0.0137732159346, -0.00318301469088, -0.00168845057487, 0.00243679899722, -0.000883855158463, -0.00279591022991, 0.00546753779054, -0.0077866804786, 0.00405918061733], [-0.000184536635061, 0.00201172661036, -0.00132311938796, -0.00280826119706, -0.00318301469088, 0.016198143363, -0.00566881382838, 0.00404954468831, -0.00337760895491, 0.00763074262068, -0.00546508003026, 0.00479154242203, 5.41842637176e-005], [-0.000120620177768, -0.00178144813981, 0.0027326324489, 0.00351947871968, -0.00168845057487, -0.00566881382838, 0.0247303601354, -0.0164313893765, 0.0118005666882, -0.00914117787033, 0.00620486959815, -0.00346924876794, 0.00319859012961], [-0.000277893006569, 0.00113786687143, -0.00282139400952, -0.00188891927246, 0.00243679899722, 0.00404954468831, -0.0164313893765, 0.0374659970403, -0.0218514464796, 0.0116816479713, -0.00566206639633, 0.00442550936714, -0.00361204845831], [9.70519176917e-005, -0.000158832379384, 0.00196725293063, 0.000136983158882, -0.000883855158463, -0.00337760895491, 0.0118005666882, -0.0218514464796, 0.0381921380758, -0.0209936313331, 0.014168987982, -0.00410158373415, 0.00395790906623], [-0.000614752992988, 5.17266926181e-006, -0.000244590220973, 0.000878023914993, -0.00279591022991, 0.00763074262068, -0.00914117787033, 0.0116816479713, -0.0209936313331, 0.0386684201658, -0.0199687331915, 0.00622029183432, -0.00337137724273], [4.21761542384e-005, 0.000301020045299, -0.000683459104039, -0.00220760679804, 0.00546753779054, -0.00546508003026, 0.00620486959815, -0.00566206639633, 0.014168987982, -0.0199687331915, 0.038918286562, -0.0203238092363, 0.00996384397149], [-0.000170579442056, -0.000324820721289, 0.00269185611978, 0.000593045784626, -0.0077866804786, 0.00479154242203, -0.00346924876794, 0.00442550936714, -0.00410158373415, 0.00622029183432, -0.0203238092363, 0.0363472402096, -0.0189347602427], [0.000183996744454, -0.000562631990761, -0.000583009677939, -0.00208551879041, 0.00405918061733, 5.41842637176e-005, 0.00319859012961, -0.00361204845831, 0.00395790906623, -0.00337137724273, 0.00996384397149, -0.0189347602427, 0.0337597839534]]
    },
    "spectral_contrast_coeffs": {
        "mean": [-0.664904952049, -0.713996171951, -0.770839869976, -0.770800352097, -0.776145339012, -0.763669669628],
        "var": [0.00556933274493, 0.00374592095613, 0.00245065568015, 0.00150113354903, 0.0011611119844, 0.000765559554566]
    },
    "spectral_contrast_valleys": {
        "mean": [-6.33684206009, -6.48573255539, -7.08205461502, -7.18156766891, -6.91407442093, -9.85547924042],
        "var": [0.464809864759, 0.383097022772, 0.360192805529, 0.347360759974, 0.384307801723, 0.45698300004]
    }
},
"metadata": {
    "audio_properties": {
        "analysis_sample_rate": 44100,
        "bit_rate": 128074,
        "equal_loudness": 0,
        "length": 45.0612258911,
        "lossless": 0,
        "replay_gain": -4.68051719666,
        "sample_rate": 44100,
        "codec": "mp3",
        "downmix": "mix",
        "md5_encoded": "cfb33010eb201e541892688c30a3ea65"
    },
    "tags": {
        "file_name": "1848.mp3"
    },
    "version": {
        "essentia": "2.1-beta2",
        "essentia_git_sha": "v2.1_beta2",
        "extractor": "music 1.0"
    }
},
"rhythm": {
    "beats_count": 74,
    "beats_loudness": {
        "mean": 0.090815320611,
        "var": 0.00129740964621
    },
    "bpm": 99.8752441406,
    "bpm_histogram_first_peak_bpm": {
        "mean": 99,
        "var": 0
    },
    "bpm_histogram_first_peak_spread": {
        "mean": 0.305555582047,
        "var": 0
    },
    "bpm_histogram_first_peak_weight": {
        "mean": 0.684931516647,
        "var": 0
    },
    "bpm_histogram_second_peak_bpm": {
        "mean": 108,
        "var": 0
    },
    "bpm_histogram_second_peak_spread": {
        "mean": 0,
        "var": 0
    },
    "bpm_histogram_second_peak_weight": {
        "mean": 0.0136986300349,
        "var": 0
    },
    "danceability": 1.36402213573,
    "onset_rate": 3.46039628983,
    "beats_loudness_band_ratio": {
        "mean": [0.779466032982, 0.0836016088724, 0.0508366301656, 0.0416507348418, 0.0467303842306, 0.0296195708215],
        "var": [0.0132794016972, 0.00319028273225, 0.00246033235453, 0.00159136997536, 0.00111993809696, 0.00179052911699]
    },
    "beats_position": [0.545668900013, 1.10294783115, 1.69505667686, 2.29877543449, 2.89088439941, 3.48299312592, 4.08671188354, 4.69043064117, 5.2941493988, 5.89786815643, 6.5015873909, 7.0936961174, 7.6858048439, 8.28952407837, 8.893242836, 9.49696159363, 10.0890703201, 10.6927890778, 11.2848978043, 11.8886165619, 12.4923353195, 13.0960540771, 13.6997728348, 14.3034915924, 14.90721035, 15.5109291077, 16.1030387878, 16.6951465607, 17.298866272, 17.9025840759, 18.4946937561, 19.0984115601, 19.6905212402, 20.2942390442, 20.8979587555, 21.5016784668, 22.0937862396, 22.6975059509, 23.2896137238, 23.8933334351, 24.497051239, 25.1007709503, 25.7044887543, 26.3082084656, 26.9003162384, 27.4924259186, 28.0961437225, 28.6998634338, 29.3035831451, 29.9073009491, 30.4994106293, 31.0915184021, 31.6952381134, 32.2989578247, 32.9026756287, 33.5063934326, 34.0985031128, 34.690612793, 35.2943305969, 35.8980484009, 36.5017662048, 37.1054878235, 37.7092056274, 38.3013153076, 38.8934249878, 39.4971427917, 40.1008605957, 40.7045783997, 41.3083000183, 41.9120178223, 42.5157356262, 43.1194534302, 43.7347831726, 44.3617210388]
},
"tonal": {
    "chords_changes_rate": 0.031893003732,
    "chords_number_rate": 0.0102880662307,
    "chords_strength": {
        "mean": 0.559885263443,
        "var": 0.0125322034582
    },
    "hpcp_entropy": {
        "mean": 2.21134519577,
        "var": 0.534829139709
    },
    "key_strength": 0.587532281876,
    "tuning_diatonic_strength": 0.588156759739,
    "tuning_equal_tempered_deviation": 0.170339345932,
    "tuning_frequency": 434.193115234,
    "tuning_nontempered_energy_ratio": 0.902897000313,
    "hpcp": {
        "mean": [0.319590508938, 0.322960823774, 0.153238371015, 0.0866805166006, 0.0797760933638, 0.0828015878797, 0.143868848681, 0.154075026512, 0.0760495886207, 0.0387807488441, 0.0344324298203, 0.0365776494145, 0.0535405836999, 0.0596567392349, 0.0637629851699, 0.14460542798, 0.184096425772, 0.105957783759, 0.0485443584621, 0.0404191203415, 0.0611075498164, 0.116847783327, 0.120249047875, 0.17877791822, 0.261708140373, 0.140139013529, 0.0325322113931, 0.0588779598475, 0.0668089389801, 0.0932418107986, 0.216435596347, 0.258078962564, 0.170290201902, 0.113457106054, 0.0918706133962, 0.145966619253],
        "var": [0.137655511498, 0.138262540102, 0.0516619645059, 0.0403681509197, 0.0365152209997, 0.0259576886892, 0.039551384747, 0.0520872585475, 0.0238100513816, 0.0135948294774, 0.0116776954383, 0.00885336939245, 0.0090624447912, 0.00974021852016, 0.0113850533962, 0.0424208343029, 0.071981780231, 0.0301905833185, 0.0096583943814, 0.00821003131568, 0.0163339506835, 0.0403548851609, 0.0482408180833, 0.0545559450984, 0.152839824557, 0.0445305071771, 0.00603777216747, 0.0105490162969, 0.0161065720022, 0.0299712922424, 0.107869848609, 0.131731048226, 0.0722058415413, 0.0414085537195, 0.0312522947788, 0.0485383458436]
    },
    "chords_histogram": [15.9465017319, 0, 0, 0, 1.64609050751, 29.0123462677, 2.05761313438, 6.37860059738, 6.27572011948, 20.3703708649, 5.76131677628, 6.79012346268, 0, 0.514403283596, 0, 0, 0, 0, 0, 0, 0, 0, 5.24691343307, 0],
    "thpcp": [1, 0.4744797647, 0.268393278122, 0.247014775872, 0.256382763386, 0.445468425751, 0.477070331573, 0.235476210713, 0.120078802109, 0.106614880264, 0.113257236779, 0.165780425072, 0.184718191624, 0.197432562709, 0.447749137878, 0.570027112961, 0.328082472086, 0.150310367346, 0.125151768327, 0.189210414886, 0.361801713705, 0.372333228588, 0.55355912447, 0.810340225697, 0.433919548988, 0.100731141865, 0.182306811213, 0.20686390996, 0.28870934248, 0.670160531998, 0.799103021622, 0.527278184891, 0.351303011179, 0.284463644028, 0.451963841915, 0.989564299583],
    "chords_key": "G",
    "chords_scale": "major",
    "key_key": "D",
    "key_scale": "minor"
}
}