{
"lowlevel": {
    "average_loudness": 0.921048939228,
    "barkbands_crest": {
        "mean": 11.6366825104,
        "var": 14.2952785492
    },
    "barkbands_flatness_db": {
        "mean": 0.186127349734,
        "var": 0.00397775461897
    },
    "barkbands_kurtosis": {
        "mean": 9.92094516754,
        "var": 212.246948242
    },
    "barkbands_skewness": {
        "mean": 2.34925985336,
        "var": 1.87496078014
    },
    "barkbands_spread": {
        "mean": 12.8057260513,
        "var": 134.961898804
    },
    "dissonance": {
        "mean": 0.431534439325,
        "var": 0.00246750656515
    },
    "dynamic_complexity": 3.44052362442,
    "erbbands_crest": {
        "mean": 12.4601154327,
        "var": 45.8104438782
    },
    "erbbands_flatness_db": {
        "mean": 0.187712311745,
        "var": 0.00502040470019
    },
    "erbbands_kurtosis": {
        "mean": 1.86482071877,
        "var": 20.7588882446
    },
    "erbbands_skewness": {
        "mean": 0.950214803219,
        "var": 0.834346115589
    },
    "erbbands_spread": {
        "mean": 38.7326393127,
        "var": 652.883422852
    },
    "hfc": {
        "mean": 11.1727247238,
        "var": 108.098472595
    },
    "melbands_crest": {
        "mean": 16.0373840332,
        "var": 23.6751747131
    },
    "melbands_flatness_db": {
        "mean": 0.254954695702,
        "var": 0.00491725979373
    },
    "melbands_kurtosis": {
        "mean": 22.2496433258,
        "var": 677.356201172
    },
    "melbands_skewness": {
        "mean": 3.22707414627,
        "var": 4.1602935791
    },
    "melbands_spread": {
        "mean": 11.6955738068,
        "var": 92.8199768066
    },
    "pitch_salience": {
        "mean": 0.525065660477,
        "var": 0.0103577291593
    },
    "silence_rate_20dB": {
        "mean": 1,
        "var": 0
    },
    "silence_rate_30dB": {
        "mean": 0.992276012897,
        "var": 0.00766453705728
    },
    "silence_rate_60dB": {
        "mean": 0.101441815495,
        "var": 0.0911518856883
    },
    "spectral_centroid": {
        "mean": 776.673095703,
        "var": 201314.59375
    },
    "spectral_complexity": {
        "mean": 10.9979400635,
        "var": 29.6520023346
    },
    "spectral_decrease": {
        "mean": -5.9288911558e-009,
        "var": 3.89642302577e-017
    },
    "spectral_energy": {
        "mean": 0.0233903955668,
        "var": 0.000594350509346
    },
    "spectral_energyband_high": {
        "mean": 0.00027067825431,
        "var": 1.40818812611e-007
    },
    "spectral_energyband_low": {
        "mean": 0.00561867281795,
        "var": 6.04246488365e-005
    },
    "spectral_energyband_middle_high": {
        "mean": 0.00174642039929,
        "var": 5.37575033377e-006
    },
    "spectral_energyband_middle_low": {
        "mean": 0.0178701356053,
        "var": 0.000438661023509
    },
    "spectral_entropy": {
        "mean": 7.10021734238,
        "var": 0.375745624304
    },
    "spectral_flux": {
        "mean": 0.0746050700545,
        "var": 0.00305350753479
    },
    "spectral_kurtosis": {
        "mean": 8.49024295807,
        "var": 152.907592773
    },
    "spectral_rms": {
        "mean": 0.00427238317207,
        "var": 4.56660791315e-006
    },
    "spectral_rolloff": {
        "mean": 780.704772949,
        "var": 1202939.5
    },
    "spectral_skewness": {
        "mean": 1.981793046,
        "var": 0.996336042881
    },
    "spectral_spread": {
        "mean": 4383431.5,
        "var": 4.2227817513e+012
    },
    "spectral_strongpeak": {
        "mean": 1.04104936123,
        "var": 1.15378320217
    },
    "zerocrossingrate": {
        "mean": 0.0416560210288,
        "var": 0.000801197544206
    },
    "barkbands": {
        "mean": [1.68127517099e-005, 0.00100763025694, 0.00250996672548, 0.00399697991088, 0.00564907118678, 0.00150071934331, 0.003169558011, 0.00113212608267, 0.00234303739853, 0.000408909108955, 0.000188092919416, 0.000284559006104, 0.000173373235157, 0.000160205730936, 0.000147344253492, 9.59996614256e-005, 0.000120280892588, 0.000129239007947, 6.28029592917e-005, 5.53139470867e-005, 5.60003027203e-005, 5.08412194904e-005, 4.120050653e-005, 3.94679700548e-005, 3.63123835996e-005, 1.39690409924e-005, 5.8735957964e-007],
        "var": [5.15934051037e-009, 5.44814247405e-006, 1.3634622519e-005, 6.76353593008e-005, 7.14248599252e-005, 1.43175630001e-005, 6.04365122854e-005, 1.05133412944e-005, 3.59002224286e-005, 8.52877690249e-007, 3.14918565891e-007, 1.30510704821e-006, 2.1410789941e-007, 1.35372800969e-007, 5.49151444318e-008, 1.09375797308e-008, 1.45296192855e-008, 1.89277766793e-008, 5.05277331087e-009, 7.47011963398e-009, 7.16326464811e-009, 4.7690238425e-009, 4.35555902456e-009, 1.32853994472e-008, 6.88199142118e-009, 1.08632869367e-009, 2.19032431081e-012]
    },
    "erbbands": {
        "mean": [0.0143743008375, 0.310984641314, 2.34732651711, 9.18564224243, 14.7518692017, 20.2931404114, 18.2722148895, 10.8228254318, 28.8616523743, 53.4735374451, 28.8858795166, 61.3598403931, 14.9016532898, 12.968126297, 9.85893249512, 10.465590477, 8.50242519379, 8.39544582367, 7.61393499374, 7.41994762421, 5.14511871338, 6.65624666214, 7.57577037811, 3.59934735298, 3.07900333405, 2.6573805809, 2.4977748394, 2.14021539688, 1.86189448833, 1.57937955856, 1.04995298386, 0.744043648243, 0.708323180676, 0.483355760574, 0.215234026313, 0.085305005312, 0.0197979677469, 0.0028844117187, 8.44888709253e-005, 2.93319008051e-005],
        "var": [0.00141124683432, 0.410179436207, 12.3101015091, 250.306976318, 800.948974609, 857.808227539, 1866.52929688, 616.860839844, 4455.08154297, 28071.2949219, 4561.43310547, 27024.078125, 1135.81787109, 682.228088379, 558.708190918, 2402.54296875, 463.973052979, 419.585174561, 204.314697266, 73.3099899292, 26.033498764, 39.0978126526, 57.676109314, 14.3284749985, 12.7268075943, 13.6992082596, 23.4006118774, 7.02897262573, 6.32169437408, 5.88788557053, 3.03852629662, 2.95318436623, 5.48294448853, 1.46862828732, 0.219744041562, 0.0409699082375, 0.00208061747253, 4.33436944149e-005, 2.9944590807e-008, 8.67795890702e-010]
    },
    "gfcc": {
        "mean": [-52.3942298889, 116.272422791, -111.998626709, 27.8972187042, -63.4207305908, -2.25329494476, -48.9628257751, -1.32306683064, -26.0239658356, -10.1077890396, -24.3217353821, -9.83738040924, -15.1881322861],
        "cov": [[8128.08642578, -2288.39624023, 744.165527344, 1069.96081543, -545.887573242, 772.260925293, -297.526306152, 584.56829834, -324.094207764, 457.309967041, -374.922821045, 187.812545776, -133.266342163], [-2288.39624023, 1882.09191895, -584.058654785, -624.796875, 211.079223633, -442.076263428, 406.951507568, -224.476409912, 265.021606445, -235.77381897, 238.508743286, -195.421142578, 95.5474090576], [744.165527344, -584.058654785, 706.862854004, 340.294128418, 104.754066467, 187.030776978, -190.92401123, 110.171440125, -81.5857772827, 124.346961975, -102.220405579, 123.119400024, -47.7465133667], [1069.96081543, -624.796875, 340.294128418, 754.283081055, 63.2411956787, 217.727615356, -152.502822876, 78.3530960083, -51.4148254395, 54.9631347656, -31.2932834625, 40.0169410706, 18.7926921844], [-545.887573242, 211.079223633, 104.754066467, 63.2411956787, 394.141235352, -30.9842262268, -27.5700454712, 46.1011543274, 0.325585544109, -23.2769508362, 30.4249839783, 64.6398925781, 0.528883755207], [772.260925293, -442.076263428, 187.030776978, 217.727615356, -30.9842262268, 297.730163574, -6.87996196747, 82.4347839355, -55.8676795959, 54.3733215332, -43.8871803284, 30.0837726593, -16.748626709], [-297.526306152, 406.951507568, -190.92401123, -152.502822876, -27.5700454712, -6.87996196747, 251.869613647, -32.1356430054, 56.2137565613, -35.6290893555, 45.8248672485, -74.3814468384, 11.4641819], [584.56829834, -224.476409912, 110.171440125, 78.3530960083, 46.1011543274, 82.4347839355, -32.1356430054, 166.469299316, -4.0166554451, 54.0237808228, -30.7260627747, 50.7131767273, -26.893289566], [-324.094207764, 265.021606445, -81.5857772827, -51.4148254395, 0.325585544109, -55.8676795959, 56.2137565613, -4.0166554451, 143.978363037, -1.45460569859, 40.124912262, -58.5285339355, 9.46086502075], [457.309967041, -235.77381897, 124.346961975, 54.9631347656, -23.2769508362, 54.3733215332, -35.6290893555, 54.0237808228, -1.45460569859, 129.314544678, -23.7437648773, 30.662530899, -36.0619125366], [-374.922821045, 238.508743286, -102.220405579, -31.2932834625, 30.4249839783, -43.8871803284, 45.8248672485, -30.7260627747, 40.124912262, -23.7437648773, 111.528923035, -4.18833494186, 15.8891305923], [187.812545776, -195.421142578, 123.119400024, 40.0169410706, 64.6398925781, 30.0837726593, -74.3814468384, 50.7131767273, -58.5285339355, 30.662530899, -4.18833494186, 116.665626526, -2.46758842468], [-133.266342163, 95.5474090576, -47.7465133667, 18.7926921844, 0.528883755207, -16.748626709, 11.4641819, -26.893289566, 9.46086502075, -36.0619125366, 15.8891305923, -2.46758842468, 69.7370986938]],
        "icov": [[0.000425952515798, -0.000727773411199, 0.000327773072058, -0.000775870343205, 0.00109655724373, -0.000659418466967, 0.000579401035793, -0.00132917496376, 0.00107365031727, -0.00113472086377, 0.00119493424427, -0.000585727975704, 0.00044467713451], [-0.000727773411199, 0.0070330472663, -0.00193736853544, 0.0037508723326, -0.00529642170295, 0.00529929902405, -0.006419389043, 0.00368299987167, -0.00520075997338, 0.00536748021841, -0.00721021974459, 0.00521572632715, -0.00426703784615], [0.000327773072058, -0.00193736853544, 0.00373915140517, -0.00194664206356, 0.000945977459196, -0.00248850043863, 0.002568915952, -0.00061437865952, 0.000923109881114, -0.00299103208818, 0.00422722101212, -0.00357821304351, 0.00233966019005], [-0.000775870343205, 0.0037508723326, -0.00194664206356, 0.00486801238731, -0.00382855231874, 0.00146852748003, -0.00186227879021, 0.00248744967394, -0.00282674352638, 0.00316979666241, -0.0055069332011, 0.00485338270664, -0.0041701933369], [0.00109655724373, -0.00529642170295, 0.000945977459196, -0.00382855231874, 0.00829133484513, -0.00313694332726, 0.00412374222651, -0.00521349627525, 0.00422132899985, -0.00317705166526, 0.00520102726296, -0.00598951987922, 0.003914329689], [-0.000659418466967, 0.00529929902405, -0.00248850043863, 0.00146852748003, -0.00313694332726, 0.0102698858827, -0.00701099354774, 0.000869407609571, -0.00201455922797, 0.00377744925208, -0.00528300646693, 0.0040445565246, -0.00306868366897], [0.000579401035793, -0.006419389043, 0.002568915952, -0.00186227879021, 0.00412374222651, -0.00701099354774, 0.01282487344, -0.00346649787389, 0.00424233218655, -0.00488867331296, 0.00438953842968, -0.000919891754165, 0.00286676781252], [-0.00132917496376, 0.00368299987167, -0.00061437865952, 0.00248744967394, -0.00521349627525, 0.000869407609571, -0.00346649787389, 0.0145940864459, -0.00761294271797, 0.00292820250615, -0.0018210359849, -0.00242601567879, 0.000645229476504], [0.00107365031727, -0.00520075997338, 0.000923109881114, -0.00282674352638, 0.00422132899985, -0.00201455922797, 0.00424233218655, -0.00761294271797, 0.0171027276665, -0.00759571325034, 0.00139199581463, 0.00437668152153, 1.1644748156e-005], [-0.00113472086377, 0.00536748021841, -0.00299103208818, 0.00316979666241, -0.00317705166526, 0.00377744925208, -0.00488867331296, 0.00292820250615, -0.00759571325034, 0.0175491943955, -0.0057494957, 0.000693694863003, 0.00187959487084], [0.00119493424427, -0.00721021974459, 0.00422722101212, -0.0055069332011, 0.00520102726296, -0.00528300646693, 0.00438953842968, -0.0018210359849, 0.00139199581463, -0.0057494957, 0.0220320355147, -0.0113916434348, 0.00522348238155], [-0.000585727975704, 0.00521572632715, -0.00357821304351, 0.00485338270664, -0.00598951987922, 0.0040445565246, -0.000919891754165, -0.00242601567879, 0.00437668152153, 0.000693694863003, -0.0113916434348, 0.0245294589549, -0.00856231153011], [0.00044467713451, -0.00426703784615, 0.00233966019005, -0.0041701933369, 0.003914329689, -0.00306868366897, 0.00286676781252, 0.000645229476504, 1.1644748156e-005, 0.00187959487084, 0.00522348238155, -0.00856231153011, 0.0222494509071]]
    },
    "melbands": {
        "mean": [0.000205692573218, 0.000942607875913, 0.0017258086009, 0.00132728321478, 0.000698690419085, 0.00024515442783, 0.000501706555951, 0.000516081810929, 0.000274358870229, 0.000346538814483, 6.13491647528e-005, 5.40917899343e-005, 3.1122686778e-005, 3.33502248395e-005, 2.32026104641e-005, 1.57656722877e-005, 1.52678876475e-005, 1.21485454656e-005, 9.61914065556e-006, 8.20511468191e-006, 5.80394953431e-006, 6.04859133091e-006, 9.27547625906e-006, 5.46067803953e-006, 2.45653882303e-006, 2.60110846284e-006, 1.73584066943e-006, 1.76254411599e-006, 1.59843170877e-006, 1.36287883379e-006, 1.20292793326e-006, 1.09027837425e-006, 8.98691212114e-007, 8.86546786205e-007, 6.20927835371e-007, 4.73388325872e-007, 4.46590945558e-007, 4.75480732121e-007, 5.11551036197e-007, 3.75714421352e-007],
        "var": [2.58141682252e-007, 2.01268721867e-006, 1.03135471363e-005, 3.39320058629e-006, 2.41264729084e-006, 3.52622350874e-007, 1.3707758626e-006, 2.48027117777e-006, 4.23418299533e-007, 8.35128219023e-007, 2.66373607616e-008, 1.28420865053e-008, 6.73848621346e-009, 1.82327966058e-008, 6.62365362558e-009, 1.63755753402e-009, 1.43097045324e-009, 5.87955517606e-010, 1.39065634008e-010, 9.29733443011e-011, 3.86836361554e-011, 3.39923679482e-011, 1.21014406829e-010, 3.37157732289e-011, 8.60186227802e-012, 1.03727651468e-011, 5.00350845825e-012, 7.11922578181e-012, 1.07176307759e-011, 4.59503528977e-012, 2.41393645524e-012, 2.14492269432e-012, 2.06700802308e-012, 1.92041781782e-012, 1.03955895541e-012, 8.18402583116e-013, 1.37389177726e-012, 2.80036410727e-012, 2.59651675161e-012, 7.47544495923e-013]
    },
    "mfcc": {
        "mean": [-694.21307373, 140.042098999, 7.63267946243, 24.081867218, 5.14603710175, -3.74441146851, -12.5970506668, -3.32793617249, -3.74479651451, -8.27259159088, -3.23564720154, -6.95560884476, -9.56203269958],
        "cov": [[6734.23339844, -1763.35522461, 486.35546875, 485.457885742, -110.174095154, 273.771759033, 157.675018311, 132.833068848, 219.23866272, 198.555740356, 103.607376099, 6.06959152222, 46.6566963196], [-1763.35522461, 1614.27368164, -462.931243896, -223.289108276, -171.81539917, -201.166107178, -17.4095096588, -5.86550807953, -24.0998382568, -28.2635955811, 77.6419372559, 44.1605682373, -15.3329639435], [486.35546875, -462.931243896, 503.948150635, 72.0552520752, 114.924621582, 104.925491333, 2.11956548691, 3.88826942444, 21.6227893829, 26.0666847229, -15.8956327438, -10.0532026291, 25.0387191772], [485.457885742, -223.289108276, 72.0552520752, 462.803985596, 227.030105591, 83.0929260254, 21.6869850159, 32.0129890442, 23.3803272247, 17.7813358307, -13.8614721298, -11.3814516068, 16.1886825562], [-110.174095154, -171.81539917, 114.924621582, 227.030105591, 429.62286377, 46.2710609436, 14.0785217285, 64.9584579468, -0.252989411354, -17.7869606018, -8.43958282471, -18.966917038, 20.5787124634], [273.771759033, -201.166107178, 104.925491333, 83.0929260254, 46.2710609436, 165.280044556, 69.1217575073, 20.2699699402, 20.9551525116, 27.5438766479, -2.67261266708, -9.0771074295, -3.94367408752], [157.675018311, -17.4095096588, 2.11956548691, 21.6869850159, 14.0785217285, 69.1217575073, 144.368331909, 64.2636032104, 6.59722757339, 8.38711261749, 4.96206665039, 5.28564977646, 11.8466281891], [132.833068848, -5.86550807953, 3.88826942444, 32.0129890442, 64.9584579468, 20.2699699402, 64.2636032104, 118.379997253, 25.6359996796, 5.12173175812, 7.49404001236, 5.1031498909, 13.2778654099], [219.23866272, -24.0998382568, 21.6227893829, 23.3803272247, -0.252989411354, 20.9551525116, 6.59722757339, 25.6359996796, 91.0066604614, 47.1880340576, 23.0672473907, 0.883603513241, -2.94955396652], [198.555740356, -28.2635955811, 26.0666847229, 17.7813358307, -17.7869606018, 27.5438766479, 8.38711261749, 5.12173175812, 47.1880340576, 91.8986434937, 41.7140464783, 18.296333313, -0.12756036222], [103.607376099, 77.6419372559, -15.8956327438, -13.8614721298, -8.43958282471, -2.67261266708, 4.96206665039, 7.49404001236, 23.0672473907, 41.7140464783, 100.581710815, 48.0294036865, -0.521885037422], [6.06959152222, 44.1605682373, -10.0532026291, -11.3814516068, -18.966917038, -9.0771074295, 5.28564977646, 5.1031498909, 0.883603513241, 18.296333313, 48.0294036865, 93.3642807007, 31.6871109009], [46.6566963196, -15.3329639435, 25.0387191772, 16.1886825562, 20.5787124634, -3.94367408752, 11.8466281891, 13.2778654099, -2.94955396652, -0.12756036222, -0.521885037422, 31.6871109009, 75.799407959]],
        "icov": [[0.000300185492961, 0.000346938002622, -4.43496537628e-005, -0.000352566421498, 0.000455998699181, 0.000155845293193, -0.000185373763088, -0.000278766441625, -0.000326059554936, 7.63727621234e-006, -0.000632187468, 0.000298277067486, -0.000204250143724], [0.000346938002622, 0.00136416743044, 0.000627288245596, -0.000196595123271, 0.000547798408661, 0.000878109654877, -0.000471031205961, -0.000300629006233, -0.000418834533775, 0.000205253905733, -0.00140058761463, 0.000390949193388, -0.000268610048806], [-4.43496537628e-005, 0.000627288245596, 0.00308143650182, 0.000496995053254, -0.00071142060915, -0.00143451639451, 0.000770273269154, 0.000236762003624, -0.000215346954064, -0.000448611448519, 0.00011903225095, 0.00015549742966, -0.00108651304618], [-0.000352566421498, -0.000196595123271, 0.000496995053254, 0.00370438979007, -0.00224169250578, -0.00132452335674, 0.000407305342378, 0.000625797722023, -0.000168461294379, -0.000708633218892, 0.00140298798215, -0.000539130705874, -0.000184387899935], [0.000455998699181, 0.000547798408661, -0.00071142060915, -0.00224169250578, 0.00453794794157, 6.00362982368e-005, 0.000630591297522, -0.00264858175069, 0.000335079850629, 0.00124180712737, -0.00211127405055, 0.00156854954548, -0.000974704744294], [0.000155845293193, 0.000878109654877, -0.00143451639451, -0.00132452335674, 6.00362982368e-005, 0.0112239383161, -0.00596735393628, 0.00164263392799, -0.00108799280133, -0.00185248896014, 0.000121849880088, 0.00027939552092, 0.00188957853243], [-0.000185373763088, -0.000471031205961, 0.000770273269154, 0.000407305342378, 0.000630591297522, -0.00596735393628, 0.0127217229456, -0.0065047275275, 0.0023560251575, -0.000134937159601, -7.88935140008e-005, 0.000146402628161, -0.00162339909002], [-0.000278766441625, -0.000300629006233, 0.000236762003624, 0.000625797722023, -0.00264858175069, 0.00164263392799, -0.0065047275275, 0.0142242955044, -0.00435674004257, 0.00124597805552, 0.00060745846713, -0.000843267480377, -0.000582363631111], [-0.000326059554936, -0.000418834533775, -0.000215346954064, -0.000168461294379, 0.000335079850629, -0.00108799280133, 0.0023560251575, -0.00435674004257, 0.0173185877502, -0.0078045213595, -0.000849411764648, 0.00193814374506, 0.000315176701406], [7.63727621234e-006, 0.000205253905733, -0.000448611448519, -0.000708633218892, 0.00124180712737, -0.00185248896014, -0.000134937159601, 0.00124597805552, -0.0078045213595, 0.0188267417252, -0.00611758278683, -0.000562330766115, -0.000373390997993], [-0.000632187468, -0.00140058761463, 0.00011903225095, 0.00140298798215, -0.00211127405055, 0.000121849880088, -7.88935140008e-005, 0.00060745846713, -0.000849411764648, -0.00611758278683, 0.0190165564418, -0.00961349904537, 0.00435870280489], [0.000298277067486, 0.000390949193388, 0.00015549742966, -0.000539130705874, 0.00156854954548, 0.00027939552092, 0.000146402628161, -0.000843267480377, 0.00193814374506, -0.000562330766115, -0.00961349904537, 0.0186298210174, -0.00810691993684], [-0.000204250143724, -0.000268610048806, -0.00108651304618, -0.000184387899935, -0.000974704744294, 0.00188957853243, -0.00162339909002, -0.000582363631111, 0.000315176701406, -0.000373390997993, 0.00435870280489, -0.00810691993684, 0.0178117081523]]
    },
    "spectral_contrast_coeffs": {
        "mean": [-0.542192459106, -0.672343492508, -0.735658288002, -0.779680132866, -0.78310328722, -0.772067248821],
        "var": [0.0063044084236, 0.00788215361536, 0.00718788662925, 0.00228853407316, 0.0016486949753, 0.00158044695854]
    },
    "spectral_contrast_valleys": {
        "mean": [-7.80892896652, -7.1747508049, -8.07925415039, -8.34013557434, -8.33957386017, -10.8871269226],
        "var": [1.3193564415, 0.686568081379, 0.841341793537, 0.862232089043, 1.28206562996, 2.16698908806]
    }
},
"metadata": {
    "audio_properties": {
        "analysis_sample_rate": 44100,
        "bit_rate": 128074,
        "equal_loudness": 0,
        "length": 45.0612258911,
        "lossless": 0,
        "replay_gain": -7.5975189209,
        "sample_rate": 44100,
        "codec": "mp3",
        "downmix": "mix",
        "md5_encoded": "97ce131f2ed6b4e220a020eda19a4c32"
    },
    "tags": {
        "file_name": "1849.mp3"
    },
    "version": {
        "essentia": "2.1-beta2",
        "essentia_git_sha": "v2.1_beta2",
        "extractor": "music 1.0"
    }
},
"rhythm": {
    "beats_count": 121,
    "beats_loudness": {
        "mean": 0.0321331731975,
        "var": 0.000487436773255
    },
    "bpm": 162.953964233,
    "bpm_histogram_first_peak_bpm": {
        "mean": 161,
        "var": 0
    },
    "bpm_histogram_first_peak_spread": {
        "mean": 0.0697674527764,
        "var": 0
    },
    "bpm_histogram_first_peak_weight": {
        "mean": 0.666666686535,
        "var": 0
    },
    "bpm_histogram_second_peak_bpm": {
        "mean": 167,
        "var": 0
    },
    "bpm_histogram_second_peak_spread": {
        "mean": 0,
        "var": 0
    },
    "bpm_histogram_second_peak_weight": {
        "mean": 0.258333325386,
        "var": 0
    },
    "danceability": 1.20071816444,
    "onset_rate": 4.41422367096,
    "beats_loudness_band_ratio": {
        "mean": [0.391086399555, 0.266170829535, 0.264993876219, 0.0599696561694, 0.0325187705457, 0.0224749147892],
        "var": [0.0547889322042, 0.0258162207901, 0.048601642251, 0.00743602635339, 0.000477534660604, 0.000670140434522]
    },
    "beats_position": [0.325079351664, 0.66176867485, 1.02167797089, 1.369977355, 1.74149656296, 2.11301589012, 2.48453521729, 2.85605430603, 3.22757363319, 3.59909296036, 3.97061228752, 4.34213161469, 4.71365070343, 5.08516979218, 5.45668935776, 5.81659841537, 6.18811798096, 6.5596370697, 6.94276618958, 7.31428575516, 7.6858048439, 8.05732440948, 8.42884349823, 8.82358264923, 9.19510173798, 9.56662082672, 9.93814086914, 10.3096599579, 10.6811790466, 11.0526981354, 11.412607193, 11.7725172043, 12.144036293, 12.5039453506, 12.8754644394, 13.235373497, 13.6068935394, 13.9784126282, 14.3499317169, 14.7214508057, 15.0929698944, 15.4760990143, 15.8360090256, 16.2075271606, 16.5790481567, 16.9505672455, 17.3220863342, 17.6819953918, 18.0419044495, 18.4134235382, 18.784942627, 19.1564617157, 19.5279808044, 19.8994998932, 20.2594108582, 20.6309299469, 20.9908390045, 21.3623580933, 21.733877182, 22.1053962708, 22.4769153595, 22.8484344482, 23.219953537, 23.5914726257, 23.9513835907, 24.3112926483, 24.6828117371, 25.0543308258, 25.4258499146, 25.7973690033, 26.1572780609, 26.5171871185, 26.8770961761, 27.2370071411, 27.6085262299, 27.9800453186, 28.3515644073, 28.7230834961, 29.0946025848, 29.4661216736, 29.8376407623, 30.2091598511, 30.5922889709, 30.9638080597, 31.3237190247, 31.6952381134, 32.0667572021, 32.4266662598, 32.7865753174, 33.146484375, 33.5063934326, 33.8779144287, 34.2494316101, 34.6209526062, 34.9924697876, 35.3639907837, 35.7471199036, 36.1302490234, 36.5017662048, 36.8732872009, 37.2331962585, 37.5931053162, 37.9646263123, 38.3361434937, 38.7076644897, 39.0791816711, 39.4507026672, 39.8106117249, 40.1705207825, 40.5420417786, 40.91355896, 41.2734680176, 41.6333770752, 41.9932861328, 42.3764152527, 42.7479362488, 43.1194534302, 43.4909744263, 43.8624954224, 44.22240448, 44.5823135376]
},
"tonal": {
    "chords_changes_rate": 0.0730452686548,
    "chords_number_rate": 0.0113168722019,
    "chords_strength": {
        "mean": 0.595257461071,
        "var": 0.00966497976333
    },
    "hpcp_entropy": {
        "mean": 1.85479259491,
        "var": 0.669023096561
    },
    "key_strength": 0.91430157423,
    "tuning_diatonic_strength": 0.82767367363,
    "tuning_equal_tempered_deviation": 0.126946404576,
    "tuning_frequency": 444.855529785,
    "tuning_nontempered_energy_ratio": 0.815086007118,
    "hpcp": {
        "mean": [0.269293367863, 0.162644073367, 0.0715643540025, 0.0424792617559, 0.0510156452656, 0.118358708918, 0.159053727984, 0.10492336005, 0.0597408078611, 0.0698133707047, 0.0926865190268, 0.136468648911, 0.156551331282, 0.124313175678, 0.130976587534, 0.142543122172, 0.0987552776933, 0.0687715411186, 0.0772274360061, 0.136296272278, 0.284856408834, 0.305780529976, 0.159768521786, 0.0705907344818, 0.0395879633725, 0.0344628244638, 0.0595217198133, 0.0757532939315, 0.057201307267, 0.0397609509528, 0.0372190661728, 0.0535627119243, 0.103000745177, 0.1278629601, 0.159658536315, 0.253293544054],
        "var": [0.119527876377, 0.070095770061, 0.0317755565047, 0.0151455970481, 0.0171266272664, 0.0479082539678, 0.0842264443636, 0.046765666455, 0.0225293561816, 0.0294643770903, 0.0452919006348, 0.0620482601225, 0.0834211036563, 0.0493904054165, 0.0581964589655, 0.0755817145109, 0.0413494557142, 0.0270869210362, 0.0342444181442, 0.0515925586224, 0.114182859659, 0.129018887877, 0.0579507499933, 0.0323661640286, 0.0161627158523, 0.0122144101188, 0.0223257616162, 0.0352794714272, 0.0223340503871, 0.0126970661804, 0.0105743492022, 0.0151295103133, 0.0387120172381, 0.0479246228933, 0.0563196353614, 0.107094965875]
    },
    "chords_histogram": [26.851852417, 11.6255140305, 22.9423866272, 1.02880656719, 0, 0, 0, 0, 3.70370364189, 0.823045253754, 15.0205764771, 2.57201647758, 0.102880656719, 0, 0, 0, 0, 2.77777767181, 0, 0, 0, 4.21810722351, 5.24691343307, 3.08641982079],
    "thpcp": [1, 0.522494077682, 0.23085424304, 0.129465281963, 0.112704440951, 0.194655030966, 0.247737467289, 0.187066540122, 0.130031004548, 0.121718235314, 0.175167173147, 0.336845338345, 0.418152719736, 0.522134423256, 0.828350782394, 0.880675315857, 0.531898081303, 0.234038293362, 0.138920754194, 0.166837453842, 0.387070775032, 0.520156502724, 0.343132913113, 0.195371523499, 0.228312015533, 0.303114533424, 0.446296066046, 0.511972844601, 0.406543791294, 0.428335279226, 0.466161549091, 0.322961300611, 0.22490490973, 0.252558380365, 0.445732355118, 0.931571424007],
    "chords_key": "A",
    "chords_scale": "major",
    "key_key": "A",
    "key_scale": "major"
}
}