{
"lowlevel": {
    "average_loudness": 0.96679276228,
    "barkbands_crest": {
        "mean": 10.1549892426,
        "var": 11.8053531647
    },
    "barkbands_flatness_db": {
        "mean": 0.27117934823,
        "var": 0.00142550782766
    },
    "barkbands_kurtosis": {
        "mean": 1.0953810215,
        "var": 7.23325777054
    },
    "barkbands_skewness": {
        "mean": 0.678029239178,
        "var": 0.450203955173
    },
    "barkbands_spread": {
        "mean": 9.58343791962,
        "var": 8.87522602081
    },
    "dissonance": {
        "mean": 0.428133398294,
        "var": 0.00157680443954
    },
    "dynamic_complexity": 1.24269902706,
    "erbbands_crest": {
        "mean": 9.99601650238,
        "var": 11.2077140808
    },
    "erbbands_flatness_db": {
        "mean": 0.300629794598,
        "var": 0.00117638288066
    },
    "erbbands_kurtosis": {
        "mean": 0.565676569939,
        "var": 1.77887177467
    },
    "erbbands_skewness": {
        "mean": 0.231701463461,
        "var": 0.400444954634
    },
    "erbbands_spread": {
        "mean": 15.5138540268,
        "var": 36.0732002258
    },
    "hfc": {
        "mean": 17.3104877472,
        "var": 72.0560531616
    },
    "melbands_crest": {
        "mean": 12.2679290771,
        "var": 16.2963066101
    },
    "melbands_flatness_db": {
        "mean": 0.349243909121,
        "var": 0.00226678233594
    },
    "melbands_kurtosis": {
        "mean": 2.91620516777,
        "var": 24.2710113525
    },
    "melbands_skewness": {
        "mean": 1.22508835793,
        "var": 0.651729762554
    },
    "melbands_spread": {
        "mean": 12.5102853775,
        "var": 30.0060195923
    },
    "pitch_salience": {
        "mean": 0.552606165409,
        "var": 0.00669375853613
    },
    "silence_rate_20dB": {
        "mean": 1,
        "var": 0
    },
    "silence_rate_30dB": {
        "mean": 1,
        "var": 0
    },
    "silence_rate_60dB": {
        "mean": 0.00154479919001,
        "var": 0.00154241069686
    },
    "spectral_centroid": {
        "mean": 568.51171875,
        "var": 27383.4804688
    },
    "spectral_complexity": {
        "mean": 15.0159626007,
        "var": 8.64188289642
    },
    "spectral_decrease": {
        "mean": -1.0138418105e-008,
        "var": 1.17033806131e-017
    },
    "spectral_energy": {
        "mean": 0.0398347638547,
        "var": 0.000179255643161
    },
    "spectral_energyband_high": {
        "mean": 2.98764862237e-005,
        "var": 8.05580402385e-009
    },
    "spectral_energyband_low": {
        "mean": 0.00557633815333,
        "var": 2.67664727289e-005
    },
    "spectral_energyband_middle_high": {
        "mean": 0.00572562497109,
        "var": 4.40118201368e-005
    },
    "spectral_energyband_middle_low": {
        "mean": 0.0260821506381,
        "var": 0.000152342821821
    },
    "spectral_entropy": {
        "mean": 6.46399211884,
        "var": 0.0767673552036
    },
    "spectral_flux": {
        "mean": 0.0807147622108,
        "var": 0.000669759581797
    },
    "spectral_kurtosis": {
        "mean": 30.652097702,
        "var": 311.888061523
    },
    "spectral_rms": {
        "mean": 0.00614807382226,
        "var": 1.06441302705e-006
    },
    "spectral_rolloff": {
        "mean": 755.813842773,
        "var": 249119.109375
    },
    "spectral_skewness": {
        "mean": 3.61672472954,
        "var": 1.2464632988
    },
    "spectral_spread": {
        "mean": 1623248.375,
        "var": 1.67542469427e+012
    },
    "spectral_strongpeak": {
        "mean": 1.16392600536,
        "var": 1.73563706875
    },
    "zerocrossingrate": {
        "mean": 0.0267156716436,
        "var": 0.000174724526005
    },
    "barkbands": {
        "mean": [0.00379297486506, 0.00336905266158, 0.00087261054432, 0.000781879061833, 0.0111866919324, 0.00516204535961, 0.00125848152675, 0.0028040301986, 0.00474770925939, 0.000972485984676, 0.00149827788118, 0.00193979754113, 0.000495404703543, 0.000500254158396, 0.000182636125828, 0.000107997380837, 4.27905652032e-005, 5.28861637576e-005, 2.52242807619e-005, 2.56897965301e-005, 4.80199014419e-006, 2.85246665044e-006, 4.63731475975e-006, 2.54802830568e-006, 9.974552313e-007, 7.39821572893e-008, 1.57804069811e-009],
        "var": [3.15315010084e-005, 2.36958403548e-005, 1.4368815755e-006, 9.99209760266e-007, 7.46655132389e-005, 7.09331652615e-005, 3.72327667719e-006, 9.89658110484e-006, 1.30225562316e-005, 5.12456199431e-006, 1.00479410321e-005, 8.06918342278e-006, 6.81049357354e-007, 6.1542647245e-007, 1.59187194981e-007, 7.18007200362e-008, 1.29870034726e-008, 1.00848112083e-008, 2.80380829665e-009, 2.50203102681e-009, 2.87744772454e-010, 2.59754717735e-010, 1.34590638634e-009, 1.73219091848e-010, 2.50261582291e-011, 3.28167939871e-013, 6.19711389934e-018]
    },
    "erbbands": {
        "mean": [0.154086172581, 0.565951108932, 0.856488883495, 2.22019195557, 14.3189554214, 53.4790992737, 46.0538978577, 31.3548736572, 13.7708520889, 34.3463249207, 83.0732269287, 68.9147567749, 72.8633575439, 63.660900116, 52.6427078247, 56.241153717, 29.3185787201, 33.4367294312, 8.54142951965, 8.4199180603, 6.34935045242, 3.0898733139, 2.65514564514, 2.2387881279, 0.984549343586, 1.30520451069, 0.410442888737, 0.121743299067, 0.0952086448669, 0.152616783977, 0.11552888155, 0.0598241984844, 0.0405193977058, 0.0165967959911, 0.00453662825748, 0.00081088161096, 7.10090171196e-005, 7.17444527254e-006, 1.93746782315e-005, 4.47570891993e-005],
        "var": [0.0431943424046, 0.764984369278, 1.40137839317, 5.78175163269, 154.170349121, 2357.22509766, 3663.1652832, 2278.64672852, 357.558624268, 1927.44360352, 5398.12548828, 3138.08105469, 4529.42626953, 22215.59375, 8267.42285156, 5167.99951172, 1568.73376465, 2436.03735352, 307.315551758, 179.712661743, 238.982284546, 65.4368972778, 23.9542751312, 24.2818813324, 2.82882118225, 6.56724739075, 1.08916223049, 0.185892239213, 0.26526042819, 1.13457286358, 0.896829366684, 0.223761662841, 0.0256660915911, 0.00576918618754, 0.000813980353996, 3.68466062355e-005, 1.68479886042e-007, 1.52633727879e-009, 4.24287063816e-011, 2.25026025591e-010]
    },
    "gfcc": {
        "mean": [-79.1533050537, 217.301361084, -140.176376343, -12.0981884003, -39.9181365967, -13.2267084122, -20.076883316, -9.5509519577, -18.9769821167, -11.8689947128, 1.89789617062, -19.1982040405, 9.93047618866],
        "cov": [[1989.7010498, -654.402832031, -212.264053345, 244.023544312, -377.777648926, 210.987380981, -278.360900879, 252.84777832, -256.007659912, 15.1184396744, 105.626976013, -82.2113494873, 183.917160034], [-654.402832031, 862.550415039, 50.0393638611, -228.255523682, 388.827636719, -180.041564941, 291.124664307, -177.784667969, 172.320404053, -17.2463626862, -53.4404792786, 36.9410171509, -74.2082748413], [-212.264053345, 50.0393638611, 236.919052124, 48.9388465881, 4.89326477051, 38.1266212463, 7.68270683289, -16.2849769592, 82.6931304932, 17.3920650482, -8.67044067383, 43.5210113525, -57.8136978149], [244.023544312, -228.255523682, 48.9388465881, 214.854782104, -75.1301040649, 22.9542675018, -87.6681365967, 73.5867919922, 20.97905159, 15.1799898148, 28.3744792938, 11.0701313019, 26.5205001831], [-377.777648926, 388.827636719, 4.89326477051, -75.1301040649, 281.393432617, -65.0151443481, 141.333068848, -50.8630485535, 72.1778488159, 14.5786380768, -8.35022640228, 16.95911026, 1.66371357441], [210.987380981, -180.041564941, 38.1266212463, 22.9542675018, -65.0151443481, 213.054412842, -15.1294784546, 47.8968544006, -61.9567527771, 29.9132862091, 40.5171165466, -0.541343986988, 19.5706157684], [-278.360900879, 291.124664307, 7.68270683289, -87.6681365967, 141.333068848, -15.1294784546, 184.919296265, -41.2727050781, 28.1114082336, -2.23429298401, -10.6744251251, 20.6731548309, -12.1925897598], [252.84777832, -177.784667969, -16.2849769592, 73.5867919922, -50.8630485535, 47.8968544006, -41.2727050781, 149.059204102, -49.814868927, 22.233423233, 34.9886207581, -27.9281158447, 76.5512390137], [-256.007659912, 172.320404053, 82.6931304932, 20.97905159, 72.1778488159, -61.9567527771, 28.1114082336, -49.814868927, 242.429794312, 24.8633022308, -43.4223670959, 73.6663589478, -78.4093017578], [15.1184396744, -17.2463626862, 17.3920650482, 15.1799898148, 14.5786380768, 29.9132862091, -2.23429298401, 22.233423233, 24.8633022308, 63.4372062683, 38.0685920715, 13.5472402573, 11.4294605255], [105.626976013, -53.4404792786, -8.67044067383, 28.3744792938, -8.35022640228, 40.5171165466, -10.6744251251, 34.9886207581, -43.4223670959, 38.0685920715, 88.2113418579, -1.94420361519, 37.1505088806], [-82.2113494873, 36.9410171509, 43.5210113525, 11.0701313019, 16.95911026, -0.541343986988, 20.6731548309, -27.9281158447, 73.6663589478, 13.5472402573, -1.94420361519, 85.2599411011, -14.9880094528], [183.917160034, -74.2082748413, -57.8136978149, 26.5205001831, 1.66371357441, 19.5706157684, -12.1925897598, 76.5512390137, -78.4093017578, 11.4294605255, 37.1505088806, -14.9880094528, 137.905212402]],
        "icov": [[0.00201508332975, -0.00427349051461, 0.00325289857574, -0.00356522481889, 0.00406707217917, -0.00306679285131, 0.00389246363193, -0.00270327646285, 0.00243021617644, -0.00162873987574, 0.00158267829102, -0.00183313922025, 0.000184348435141], [-0.00427349051461, 0.0204736106098, -0.01047135517, 0.0134286545217, -0.016127826646, 0.0111002586782, -0.0161868352443, 0.0102875987068, -0.0106829935685, 0.00819527544081, -0.00807656254619, 0.00849975366145, -0.00243216566741], [0.00325289857574, -0.01047135517, 0.0123738264665, -0.0092548141256, 0.00853405427188, -0.00787282083184, 0.00834637600929, -0.00588872330263, 0.00493517238647, -0.00475797662511, 0.00468287384138, -0.00596130546182, 0.00330625544302], [-0.00356522481889, 0.0134286545217, -0.0092548141256, 0.0174552816898, -0.0105829164386, 0.00803311821073, -0.00791261158884, 0.0037239571102, -0.00910901091993, 0.00773917464539, -0.00804635416716, 0.00456813536584, -0.00219137291424], [0.00406707217917, -0.016127826646, 0.00853405427188, -0.0105829164386, 0.0206230096519, -0.00770470639691, 0.0079934252426, -0.00651577999815, 0.00629186443985, -0.00848075002432, 0.00575715256855, -0.00444272812456, -0.00107497069985], [-0.00306679285131, 0.0111002586782, -0.00787282083184, 0.00803311821073, -0.00770470639691, 0.0133645804599, -0.0101046580821, 0.00454186554998, -0.00344617944211, 0.00106339377817, -0.00476719858125, 0.00339482934214, -0.000394729402615], [0.00389246363193, -0.0161868352443, 0.00834637600929, -0.00791261158884, 0.0079934252426, -0.0101046580821, 0.0237676985562, -0.00941237621009, 0.00900097750127, -0.0041083805263, 0.00578361144289, -0.00949296355247, 0.00265138642862], [-0.00270327646285, 0.0102875987068, -0.00588872330263, 0.0037239571102, -0.00651577999815, 0.00454186554998, -0.00941237621009, 0.0191667824984, -0.00643529416993, 0.000620828534011, -0.00370591040701, 0.00935386773199, -0.00777683034539], [0.00243021617644, -0.0106829935685, 0.00493517238647, -0.00910901091993, 0.00629186443985, -0.00344617944211, 0.00900097750127, -0.00643529416993, 0.0165416635573, -0.0110875312239, 0.00999542605132, -0.0111710522324, 0.00602950248867], [-0.00162873987574, 0.00819527544081, -0.00475797662511, 0.00773917464539, -0.00848075002432, 0.00106339377817, -0.0041083805263, 0.000620828534011, -0.0110875312239, 0.0332242809236, -0.0170446503907, 0.00278781051748, -0.00182031805161], [0.00158267829102, -0.00807656254619, 0.00468287384138, -0.00804635416716, 0.00575715256855, -0.00476719858125, 0.00578361144289, -0.00370591040701, 0.00999542605132, -0.0170446503907, 0.0246146116406, -0.0054608839564, 0.000100638251752], [-0.00183313922025, 0.00849975366145, -0.00596130546182, 0.00456813536584, -0.00444272812456, 0.00339482934214, -0.00949296355247, 0.00935386773199, -0.0111710522324, 0.00278781051748, -0.0054608839564, 0.0231317542493, -0.00541634345427], [0.000184348435141, -0.00243216566741, 0.00330625544302, -0.00219137291424, -0.00107497069985, -0.000394729402615, 0.00265138642862, -0.00777683034539, 0.00602950248867, -0.00182031805161, 0.000100638251752, -0.00541634345427, 0.0150878541172]]
    },
    "melbands": {
        "mean": [0.00124844675884, 0.000539841188584, 0.000586629379541, 0.00249354005791, 0.00181722186971, 0.000770356040448, 0.00022055170848, 0.000429673207691, 0.000724821118638, 0.00049774866784, 0.000362604972906, 0.000242708614678, 0.000183188181836, 0.000188388017705, 0.000123803503811, 5.78423896513e-005, 5.91175303271e-005, 1.07536079668e-005, 1.50472815221e-005, 7.62324998504e-006, 6.78169044477e-006, 3.02557418763e-006, 2.43522708843e-006, 2.29823194786e-006, 1.83018789812e-006, 6.9160955718e-007, 7.55717508127e-007, 9.01785938368e-007, 2.97812391636e-007, 1.11941197645e-007, 5.17933536059e-008, 4.8784428941e-008, 6.38428758748e-008, 9.52977146085e-008, 6.81275196257e-008, 5.19059710768e-008, 3.04388372285e-008, 2.70492801491e-008, 2.73511240323e-008, 9.55108436784e-009],
        "var": [2.44153306994e-006, 4.32998945143e-007, 2.84801899397e-007, 3.96072800868e-006, 3.11173698719e-006, 1.40734698562e-006, 9.38311330856e-008, 2.79545929516e-007, 3.81739738486e-007, 1.77644110977e-007, 1.22887612974e-007, 3.37146133234e-007, 9.88473800589e-008, 1.2884660805e-007, 2.21288836144e-008, 1.24032943916e-008, 7.87459608631e-009, 6.69263588993e-010, 1.13710851846e-009, 2.73054884259e-010, 2.81019457704e-010, 7.9074517767e-011, 2.69045532381e-011, 1.44175209965e-011, 1.91995551402e-011, 1.66652715933e-012, 1.89388305386e-012, 3.4162926394e-012, 5.91628037793e-013, 2.13275970777e-013, 4.78622065483e-014, 6.25145754932e-014, 1.91390509669e-013, 4.76534285122e-013, 3.08507017675e-013, 2.35965408454e-013, 4.85747306636e-014, 1.27321892992e-014, 1.47752615671e-014, 2.24480099934e-015]
    },
    "mfcc": {
        "mean": [-715.34564209, 246.510452271, -27.1736869812, 5.71183490753, -2.48653554916, -9.98557567596, 11.4081001282, -9.63188648224, -2.4599006176, -1.80197560787, -2.6805896759, -2.86358165741, -6.74336147308],
        "cov": [[1443.22351074, -656.268005371, -73.2815170288, 23.4678668976, -67.9933624268, -167.616760254, 108.787277222, -69.4988174438, -31.2780075073, -26.0169734955, -95.732421875, -52.7180328369, 3.41212415695], [-656.268005371, 850.122131348, -136.654220581, -28.3859367371, 36.8248138428, 105.207321167, 38.748916626, 32.073223114, 65.8368759155, -8.60488033295, 59.5890846252, 9.12959384918, -12.6197185516], [-73.2815170288, -136.654220581, 302.350280762, -1.02444791794, 18.0183753967, 58.3137588501, -111.291801453, 55.8301277161, -47.446269989, 51.0430908203, 26.4243736267, 37.5560493469, 15.2902889252], [23.4678668976, -28.3859367371, -1.02444791794, 174.19078064, 50.0958404541, -53.2251319885, -41.466293335, -4.79036426544, 21.4501247406, 20.5349330902, -5.51811408997, 22.9485263824, 5.27250671387], [-67.9933624268, 36.8248138428, 18.0183753967, 50.0958404541, 126.531738281, 5.66349697113, -32.6393203735, -3.21682786942, 22.1263923645, 32.4923439026, 23.3845157623, 23.6305942535, 7.06343126297], [-167.616760254, 105.207321167, 58.3137588501, -53.2251319885, 5.66349697113, 164.318939209, -28.7973651886, 50.11951828, -14.796497345, 12.4835729599, 39.7570953369, -5.96026229858, 19.2046489716], [108.787277222, 38.748916626, -111.291801453, -41.466293335, -32.6393203735, -28.7973651886, 278.58972168, -38.0756378174, 5.6785030365, -40.7826461792, -41.20936203, -24.0907821655, -34.056438446], [-69.4988174438, 32.073223114, 55.8301277161, -4.79036426544, -3.21682786942, 50.11951828, -38.0756378174, 91.3611831665, 8.50580501556, 21.7450962067, 15.0802249908, -8.73696899414, 11.9557476044], [-31.2780075073, 65.8368759155, -47.446269989, 21.4501247406, 22.1263923645, -14.796497345, 5.6785030365, 8.50580501556, 96.8737487793, 6.52529525757, -0.722527325153, -11.5678300858, 1.87706911564], [-26.0169734955, -8.60488033295, 51.0430908203, 20.5349330902, 32.4923439026, 12.4835729599, -40.7826461792, 21.7450962067, 6.52529525757, 82.8990707397, 21.5123825073, 14.545583725, -0.401046574116], [-95.732421875, 59.5890846252, 26.4243736267, -5.51811408997, 23.3845157623, 39.7570953369, -41.20936203, 15.0802249908, -0.722527325153, 21.5123825073, 91.0071868896, 37.7242202759, 7.23734903336], [-52.7180328369, 9.12959384918, 37.5560493469, 22.9485263824, 23.6305942535, -5.96026229858, -24.0907821655, -8.73696899414, -11.5678300858, 14.545583725, 37.7242202759, 86.2800979614, 18.4768600464], [3.41212415695, -12.6197185516, 15.2902889252, 5.27250671387, 7.06343126297, 19.2046489716, -34.056438446, 11.9557476044, 1.87706911564, -0.401046574116, 7.23734903336, 18.4768600464, 66.927696228]],
        "icov": [[0.00129676610231, 0.00100577459671, 0.000528842734639, -5.27963347849e-005, 0.0001981062087, 0.00050552241737, -0.000430317857536, 3.49895781255e-005, 0.000151757965796, -0.000274253543466, -3.47742679878e-005, 0.000529675278813, -0.000532678503077], [0.00100577459671, 0.00246573775075, 0.00148303760216, 5.70053380216e-005, -0.000235250714468, -0.00097729510162, -0.000359110999852, -0.000638996309135, -0.000740933232009, 0.00013535056496, -0.00041341574979, -0.000527668336872, 0.000518994813319], [0.000528842734639, 0.00148303760216, 0.00623775552958, 0.000450175342849, -0.000537763116881, -0.00153796176892, 0.00129069306422, -0.00289133866318, 0.0019671539776, -0.00176866713446, 0.00115591892973, -0.00272293994203, 0.00102443667129], [-5.27963347849e-005, 5.70053380216e-005, 0.000450175342849, 0.00804317742586, -0.00275317905471, 0.00255177589133, 0.00114496878814, -0.00111447367817, -0.000728422543034, -0.000735184410587, 0.00150153203867, -0.0018634252483, -1.48971539602e-005], [0.0001981062087, -0.000235250714468, -0.000537763116881, -0.00275317905471, 0.0109870899469, -0.00112551345956, 0.000132264220156, 0.00262558460236, -0.00223422213458, -0.00306788296439, -0.00128233653959, -0.000774358515628, -0.000556302431505], [0.00050552241737, -0.00097729510162, -0.00153796176892, 0.00255177589133, -0.00112551345956, 0.0112379491329, -0.000439184514107, -0.00335146533325, 0.00229345983826, -0.000102383695776, -0.00371322850697, 0.00371924578212, -0.00348058040254], [-0.000430317857536, -0.000359110999852, 0.00129069306422, 0.00114496878814, 0.000132264220156, -0.000439184514107, 0.0051416628994, 0.000517546606716, -0.000195024258574, 0.000881812651642, 0.00198429916054, -0.00121246243361, 0.00233602616936], [3.49895781255e-005, -0.000638996309135, -0.00289133866318, -0.00111447367817, 0.00262558460236, -0.00335146533325, 0.000517546606716, 0.0168203450739, -0.00267982739024, -0.00280460040085, -0.00124065310229, 0.00367980753072, -0.00225408328697], [0.000151757965796, -0.000740933232009, 0.0019671539776, -0.000728422543034, -0.00223422213458, 0.00229345983826, -0.000195024258574, -0.00267982739024, 0.0135305421427, -0.00130102888215, -0.000569301832002, 0.00258259987459, -0.00162100105081], [-0.000274253543466, 0.00013535056496, -0.00176866713446, -0.000735184410587, -0.00306788296439, -0.000102383695776, 0.000881812651642, -0.00280460040085, -0.00130102888215, 0.0164334960282, -0.00185308954678, -0.00107769644819, 0.00243723765016], [-3.47742679878e-005, -0.00041341574979, 0.00115591892973, 0.00150153203867, -0.00128233653959, -0.00371322850697, 0.00198429916054, -0.00124065310229, -0.000569301832002, -0.00185308954678, 0.0177573245019, -0.00839357636869, 0.00237550027668], [0.000529675278813, -0.000527668336872, -0.00272293994203, -0.0018634252483, -0.000774358515628, 0.00371924578212, -0.00121246243361, 0.00367980753072, 0.00258259987459, -0.00107769644819, -0.00839357636869, 0.019684093073, -0.00622289441526], [-0.000532678503077, 0.000518994813319, 0.00102443667129, -1.48971539602e-005, -0.000556302431505, -0.00348058040254, 0.00233602616936, -0.00225408328697, -0.00162100105081, 0.00243723765016, 0.00237550027668, -0.00622289441526, 0.019003611058]]
    },
    "spectral_contrast_coeffs": {
        "mean": [-0.542609751225, -0.71310967207, -0.699225902557, -0.74089461565, -0.797255456448, -0.765488088131],
        "var": [0.00675957649946, 0.00363963260315, 0.00307086086832, 0.00188217614777, 0.000871500116773, 0.000738004804589]
    },
    "spectral_contrast_valleys": {
        "mean": [-7.26326751709, -5.97051095963, -7.04541158676, -7.82678174973, -8.69652557373, -12.8647050858],
        "var": [0.52228397131, 0.375532418489, 0.452566564083, 0.306930929422, 0.411375075579, 0.730249643326]
    }
},
"metadata": {
    "audio_properties": {
        "analysis_sample_rate": 44100,
        "bit_rate": 128074,
        "equal_loudness": 0,
        "length": 45.0612258911,
        "lossless": 0,
        "replay_gain": -4.94229125977,
        "sample_rate": 44100,
        "codec": "mp3",
        "downmix": "mix",
        "md5_encoded": "e1e2f4a4fb919148bd7f45876527f287"
    },
    "tags": {
        "file_name": "1850.mp3"
    },
    "version": {
        "essentia": "2.1-beta2",
        "essentia_git_sha": "v2.1_beta2",
        "extractor": "music 1.0"
    }
},
"rhythm": {
    "beats_count": 82,
    "beats_loudness": {
        "mean": 0.0424273461103,
        "var": 0.000138392657391
    },
    "bpm": 111.166824341,
    "bpm_histogram_first_peak_bpm": {
        "mean": 112,
        "var": 0
    },
    "bpm_histogram_first_peak_spread": {
        "mean": 0.552631616592,
        "var": 0
    },
    "bpm_histogram_first_peak_weight": {
        "mean": 0.419753074646,
        "var": 0
    },
    "bpm_histogram_second_peak_bpm": {
        "mean": 103,
        "var": 0
    },
    "bpm_histogram_second_peak_spread": {
        "mean": 0.600000023842,
        "var": 0
    },
    "bpm_histogram_second_peak_weight": {
        "mean": 0.0246913582087,
        "var": 0
    },
    "danceability": 1.01434969902,
    "onset_rate": 1.70801615715,
    "beats_loudness_band_ratio": {
        "mean": [0.361643582582, 0.355815827847, 0.197356015444, 0.113535754383, 0.0128842387348, 0.00112128467299],
        "var": [0.0301858447492, 0.022938253358, 0.0109802260995, 0.0150616951287, 0.000311718031298, 2.87498460239e-006]
    },
    "beats_position": [0.545668900013, 1.10294783115, 1.64861679077, 2.20589566231, 2.75156450272, 3.30884337425, 3.85451245308, 4.40018129349, 4.93424034119, 5.45668935776, 6.00235795975, 6.54802703857, 7.0936961174, 7.6858048439, 8.26630401611, 8.84680271149, 9.4040813446, 9.96135997772, 10.5302495956, 11.0991382599, 11.6448068619, 12.1788663864, 12.7245349884, 13.2585935593, 13.7926530838, 14.3383216858, 14.8839902878, 15.4064397812, 15.9288883209, 16.4629478455, 16.99700737, 17.5310649872, 18.0767345428, 18.6224040985, 19.1564617157, 19.6789112091, 20.2129707336, 20.7470283508, 21.2926979065, 21.826757431, 22.3608150482, 22.8948745728, 23.4289340973, 23.9629936218, 24.5086612701, 25.0427207947, 25.5883903503, 26.1224479675, 26.6565074921, 27.2021770477, 27.747844696, 28.2935142517, 28.8391838074, 29.3732414246, 29.9073009491, 30.4413604736, 30.9638080597, 31.4978675842, 32.0435371399, 32.5892066956, 33.1232643127, 33.6573219299, 34.2029914856, 34.7370529175, 35.2711105347, 35.8051681519, 36.3508377075, 36.8848991394, 37.4189567566, 37.9646263123, 38.5102958679, 39.0559616089, 39.5900230408, 40.124080658, 40.6581382751, 41.2038078308, 41.7494773865, 42.2835350037, 42.8175964355, 43.3632659912, 43.9089317322, 44.4662132263]
},
"tonal": {
    "chords_changes_rate": 0.0452674888074,
    "chords_number_rate": 0.00411522621289,
    "chords_strength": {
        "mean": 0.543654441833,
        "var": 0.00800826400518
    },
    "hpcp_entropy": {
        "mean": 1.98624897003,
        "var": 0.281845718622
    },
    "key_strength": 0.738942444324,
    "tuning_diatonic_strength": 0.569354474545,
    "tuning_equal_tempered_deviation": 0.071451112628,
    "tuning_frequency": 438.224517822,
    "tuning_nontempered_energy_ratio": 0.652762830257,
    "hpcp": {
        "mean": [0.0432826802135, 0.0448947884142, 0.0889074280858, 0.158515185118, 0.183708429337, 0.367303818464, 0.534904003143, 0.292921721935, 0.053162895143, 0.0266250036657, 0.0241090748459, 0.121773630381, 0.294420897961, 0.214386343956, 0.0374269299209, 0.0210229493678, 0.0341237932444, 0.227018624544, 0.536452293396, 0.37913569808, 0.0594307035208, 0.0214817617089, 0.0187691710889, 0.0274958759546, 0.0327587723732, 0.0274970680475, 0.166383177042, 0.357164651155, 0.236674278975, 0.047927826643, 0.0328204743564, 0.071426436305, 0.261291265488, 0.377663999796, 0.222152516246, 0.0765219852328],
        "var": [0.0218710880727, 0.0212632436305, 0.0354480072856, 0.0616833865643, 0.0669796392322, 0.0728424787521, 0.13717263937, 0.0658781081438, 0.0164673514664, 0.00899054761976, 0.00713198212907, 0.0217095464468, 0.0931217595935, 0.0557335577905, 0.00634391233325, 0.00655500823632, 0.0126797230914, 0.0309582296759, 0.106733478606, 0.0656707659364, 0.0111797843128, 0.00368603691459, 0.00286102294922, 0.00413928600028, 0.0073749339208, 0.00440997956321, 0.0271012131125, 0.0861026793718, 0.0452413856983, 0.00749828759581, 0.00591545645148, 0.0109322061762, 0.060466106981, 0.106500707567, 0.0629504993558, 0.0336852222681]
    },
    "chords_histogram": [61.4197540283, 1.33744859695, 1.44032919407, 0, 0, 0, 0, 0, 0, 0, 0, 0, 0, 0, 0, 0, 0, 0, 0, 0, 0, 0, 0, 35.8024673462],
    "thpcp": [1, 0.706746339798, 0.110784694552, 0.0400441214442, 0.0349875874817, 0.0512550249696, 0.0610655844212, 0.0512572489679, 0.310154646635, 0.665790140629, 0.441184192896, 0.089342199266, 0.0611806027591, 0.133145928383, 0.487072706223, 0.704002976418, 0.414114207029, 0.142644524574, 0.0806831866503, 0.0836883112788, 0.165732219815, 0.295487940311, 0.342450648546, 0.684690535069, 0.997113823891, 0.546034991741, 0.0991008803248, 0.0496316328645, 0.0449416935444, 0.226998060942, 0.548829615116, 0.399637281895, 0.0697674900293, 0.0391888506711, 0.0636101141572, 0.423185110092],
    "chords_key": "B",
    "chords_scale": "major",
    "key_key": "B",
    "key_scale": "major"
}
}