{
"lowlevel": {
    "average_loudness": 0.308560281992,
    "barkbands_crest": {
        "mean": 13.7496881485,
        "var": 22.4599018097
    },
    "barkbands_flatness_db": {
        "mean": 0.304540485144,
        "var": 0.0059928027913
    },
    "barkbands_kurtosis": {
        "mean": 16.3379631042,
        "var": 652.620422363
    },
    "barkbands_skewness": {
        "mean": 2.00588941574,
        "var": 4.40839147568
    },
    "barkbands_spread": {
        "mean": 5.51248455048,
        "var": 76.2897949219
    },
    "dissonance": {
        "mean": 0.358252376318,
        "var": 0.00628072489053
    },
    "dynamic_complexity": 5.94088745117,
    "erbbands_crest": {
        "mean": 16.7732505798,
        "var": 35.1986122131
    },
    "erbbands_flatness_db": {
        "mean": 0.279166728258,
        "var": 0.00478344224393
    },
    "erbbands_kurtosis": {
        "mean": 8.33496761322,
        "var": 127.653434753
    },
    "erbbands_skewness": {
        "mean": 1.57707715034,
        "var": 2.3804090023
    },
    "erbbands_spread": {
        "mean": 16.9671459198,
        "var": 403.884857178
    },
    "hfc": {
        "mean": 7.20103931427,
        "var": 200.396438599
    },
    "melbands_crest": {
        "mean": 18.589635849,
        "var": 37.4078216553
    },
    "melbands_flatness_db": {
        "mean": 0.394953101873,
        "var": 0.0101873856038
    },
    "melbands_kurtosis": {
        "mean": 23.4068813324,
        "var": 1538.76477051
    },
    "melbands_skewness": {
        "mean": 2.3579056263,
        "var": 5.5229177475
    },
    "melbands_spread": {
        "mean": 6.72032022476,
        "var": 175.525756836
    },
    "pitch_salience": {
        "mean": 0.460442364216,
        "var": 0.0181331727654
    },
    "silence_rate_20dB": {
        "mean": 1,
        "var": 0
    },
    "silence_rate_30dB": {
        "mean": 0.9866117239,
        "var": 0.0132090328261
    },
    "silence_rate_60dB": {
        "mean": 0.26570546627,
        "var": 0.195100560784
    },
    "spectral_centroid": {
        "mean": 468.793060303,
        "var": 177379.28125
    },
    "spectral_complexity": {
        "mean": 5.54428434372,
        "var": 7.82063341141
    },
    "spectral_decrease": {
        "mean": -4.18562295934e-009,
        "var": 3.55122202731e-017
    },
    "spectral_energy": {
        "mean": 0.0164506528527,
        "var": 0.000557412102353
    },
    "spectral_energyband_high": {
        "mean": 7.00345481164e-005,
        "var": 1.04061093964e-007
    },
    "spectral_energyband_low": {
        "mean": 0.00300228130072,
        "var": 6.04948036198e-005
    },
    "spectral_energyband_middle_high": {
        "mean": 0.00221874914132,
        "var": 7.35407156753e-005
    },
    "spectral_energyband_middle_low": {
        "mean": 0.0118802394718,
        "var": 0.000336855824571
    },
    "spectral_entropy": {
        "mean": 6.0038485527,
        "var": 0.631866753101
    },
    "spectral_flux": {
        "mean": 0.0381385982037,
        "var": 0.00153898948338
    },
    "spectral_kurtosis": {
        "mean": 33.5603408813,
        "var": 2424.8581543
    },
    "spectral_rms": {
        "mean": 0.00328997801989,
        "var": 5.22545815329e-006
    },
    "spectral_rolloff": {
        "mean": 575.395996094,
        "var": 931279.375
    },
    "spectral_skewness": {
        "mean": 3.83780741692,
        "var": 8.23620986938
    },
    "spectral_spread": {
        "mean": 3148752,
        "var": 4.53979196621e+012
    },
    "spectral_strongpeak": {
        "mean": 0.97316890955,
        "var": 1.49138307571
    },
    "zerocrossingrate": {
        "mean": 0.0233200807124,
        "var": 0.000746767153032
    },
    "barkbands": {
        "mean": [1.48767949213e-005, 0.000738787988666, 0.00198432756588, 0.000394444825361, 0.00365888839588, 0.00376026285812, 0.00215947884135, 0.000552967307158, 0.000475130538689, 0.00186527695041, 8.03263392299e-005, 0.000470954139018, 6.2966668338e-005, 3.92903821194e-005, 5.14979219588e-005, 1.22489364003e-005, 1.45491912917e-005, 1.05725894173e-005, 2.73916248261e-005, 1.61735224538e-005, 1.70655275724e-005, 1.2096471437e-005, 9.20521051739e-006, 1.52487727973e-005, 5.58624924452e-006, 1.01105433714e-006, 4.70979841793e-008],
        "var": [4.96151519869e-009, 4.40668100055e-006, 4.23701239924e-005, 3.05732498873e-007, 5.77815262659e-005, 8.25629467727e-005, 3.93679401895e-005, 3.95761799155e-006, 6.25649136055e-006, 6.863730232e-005, 4.28375841466e-007, 8.39512358652e-006, 1.15073902407e-007, 5.32131032571e-008, 7.14278911573e-008, 4.11606704276e-009, 7.16364212394e-009, 2.50539056168e-009, 6.65605703887e-009, 4.82855844197e-009, 6.9472942954e-009, 5.09451014707e-009, 4.3908618963e-009, 1.6486435328e-008, 1.90306570502e-009, 6.85616216578e-011, 2.04463046971e-013]
    },
    "erbbands": {
        "mean": [0.0125231286511, 0.234038665891, 1.9560958147, 1.93530583382, 2.83262276649, 11.6482124329, 42.2383270264, 21.5636692047, 34.7635917664, 12.8716096878, 16.4612121582, 10.119556427, 48.6897315979, 36.1209602356, 5.78428792953, 23.083776474, 4.54500627518, 2.23299813271, 3.45704388618, 1.04155540466, 0.614347279072, 0.794445157051, 0.581352591515, 1.00713813305, 1.31682956219, 0.790842652321, 0.748949050903, 0.692675352097, 0.439170300961, 0.301952302456, 0.271393209696, 0.274676859379, 0.263254880905, 0.0987159609795, 0.0246383808553, 0.00529974093661, 0.00197707279585, 0.000287430855678, 1.49635006892e-005, 1.88325338968e-005],
        "var": [0.00164227816276, 0.379779309034, 39.008934021, 16.5312995911, 46.4152450562, 651.148132324, 10087.5634766, 4630.89208984, 9286.47265625, 1031.15258789, 3962.46606445, 1349.44018555, 97399.328125, 14798.5361328, 611.40222168, 19618.3691406, 385.615631104, 134.452270508, 344.924194336, 16.2548561096, 6.43993616104, 21.2278251648, 6.65145730972, 12.1773500443, 20.0261611938, 10.1543054581, 6.6172003746, 23.4095191956, 6.18601751328, 4.05528211594, 4.28537416458, 3.85356926918, 7.0766711235, 0.63527905941, 0.0419083982706, 0.00167842337396, 0.000321427971357, 5.37885352969e-006, 3.80128417632e-009, 7.23756776733e-010]
    },
    "gfcc": {
        "mean": [-175.691467285, 158.849227905, -67.6284942627, 20.7737369537, -71.8754577637, -11.4071121216, -27.5968360901, -4.58966684341, -21.0297279358, -5.58557128906, -8.8917093277, -8.42584514618, -8.51649856567],
        "cov": [[10489.6523438, -2164.14770508, -2883.22900391, 428.750610352, -980.251831055, 507.141601563, -166.232528687, 13.0793275833, -644.434814453, 89.7814331055, 482.579925537, 167.528442383, 720.19909668], [-2164.14770508, 1811.62609863, 670.398071289, -979.768676758, 415.686889648, -109.340553284, 313.520477295, -175.712554932, 167.50642395, 41.2903938293, 47.4957504272, -122.64617157, -115.408744812], [-2883.22900391, 670.398071289, 1356.10839844, -115.223091125, 286.203491211, -82.4792938232, -14.7997188568, 25.5947742462, 217.80255127, -23.0520839691, -167.228668213, -50.4291954041, -226.516082764], [428.750610352, -979.768676758, -115.223091125, 1294.80285645, -141.308959961, -153.00012207, -120.134788513, 159.888153076, 61.9660720825, -145.755767822, -107.0965271, 85.2194595337, -83.2955780029], [-980.251831055, 415.686889648, 286.203491211, -141.308959961, 383.674530029, 43.9320831299, 32.8261413574, -10.7124023438, 53.3142051697, 13.0157375336, -43.7402191162, -22.8556537628, -30.4543781281], [507.141601563, -109.340553284, -82.4792938232, -153.00012207, 43.9320831299, 306.338897705, 39.6788139343, -23.237663269, -77.0186462402, 46.4667816162, 39.5318412781, 7.92186355591, 31.4588108063], [-166.232528687, 313.520477295, -14.7997188568, -120.134788513, 32.8261413574, 39.6788139343, 288.569091797, -2.10726761818, 10.2063884735, -0.920464158058, 39.4292259216, -29.9881496429, -46.934841156], [13.0793275833, -175.712554932, 25.5947742462, 159.888153076, -10.7124023438, -23.237663269, -2.10726761818, 183.739120483, 65.57472229, -17.9379329681, -33.0190429688, 26.8857097626, -18.5793819427], [-644.434814453, 167.50642395, 217.80255127, 61.9660720825, 53.3142051697, -77.0186462402, 10.2063884735, 65.57472229, 201.085281372, 7.63045120239, -53.7268257141, -32.0359992981, -98.4616851807], [89.7814331055, 41.2903938293, -23.0520839691, -145.755767822, 13.0157375336, 46.4667816162, -0.920464158058, -17.9379329681, 7.63045120239, 135.315032959, 53.4772415161, -5.68073558807, 10.0659732819], [482.579925537, 47.4957504272, -167.228668213, -107.0965271, -43.7402191162, 39.5318412781, 39.4292259216, -33.0190429688, -53.7268257141, 53.4772415161, 189.084396362, 54.8157577515, 37.9153366089], [167.528442383, -122.64617157, -50.4291954041, 85.2194595337, -22.8556537628, 7.92186355591, -29.9881496429, 26.8857097626, -32.0359992981, -5.68073558807, 54.8157577515, 118.307853699, 46.9521484375], [720.19909668, -115.408744812, -226.516082764, -83.2955780029, -30.4543781281, 31.4588108063, -46.934841156, -18.5793819427, -98.4616851807, 10.0659732819, 37.9153366089, 46.9521484375, 208.642745972]],
        "icov": [[0.000389436230762, -0.000227165422984, 0.0005656388239, -0.000310149596771, 0.000645174295641, -0.000723583099898, 0.000391471810872, -0.000421212986112, 0.00025253163767, -7.60264301789e-005, -0.000403926474974, 0.000557438237593, -0.000655019190162], [-0.000227165422984, 0.00465274555609, -0.0013156629866, 0.00308678438887, -0.00329872732982, 0.00347219011746, -0.00367480469868, 0.0033184424974, -0.00321059720591, 0.00216000783257, -0.00164614059031, -0.000350001035258, 0.000384096580092], [0.0005656388239, -0.0013156629866, 0.0023390816059, -0.00075917126378, 0.000916693417821, -0.00153315858915, 0.00158109725453, -0.00110228243284, 0.00038827714161, -0.000420167576522, 0.000725891033653, -4.46190169896e-005, 0.000260264321696], [-0.000310149596771, 0.00308678438887, -0.00075917126378, 0.00337833142839, -0.00218635750934, 0.00282267807052, -0.0021120372694, 0.00172903435305, -0.00226094503887, 0.00225279852748, -0.000188975755009, -0.00165673776064, 0.00146815727931], [0.000645174295641, -0.00329872732982, 0.000916693417821, -0.00218635750934, 0.00637134490535, -0.00384061294608, 0.00248213345185, -0.00233618007042, 0.00168569036759, -0.00160091230646, 0.00113273912575, 0.000759863003623, -0.00157402339391], [-0.000723583099898, 0.00347219011746, -0.00153315858915, 0.00282267807052, -0.00384061294608, 0.00760920997709, -0.00350484275259, 0.00238468730822, -0.000563199806493, 0.000192727224203, -0.000250043929555, -0.00144323240966, 0.0016918531619], [0.000391471810872, -0.00367480469868, 0.00158109725453, -0.0021120372694, 0.00248213345185, -0.00350484275259, 0.00732019683346, -0.00334474025294, 0.0024340399541, -0.000487299083034, -0.000484222051455, 0.00178839976434, 0.000586708483752], [-0.000421212986112, 0.0033184424974, -0.00110228243284, 0.00172903435305, -0.00233618007042, 0.00238468730822, -0.00334474025294, 0.0100635373965, -0.00532422726974, 0.00158563873265, 0.000564330548514, -0.00314800883643, 0.000243044167291], [0.00025253163767, -0.00321059720591, 0.00038827714161, -0.00226094503887, 0.00168569036759, -0.000563199806493, 0.0024340399541, -0.00532422726974, 0.0116517357528, -0.00365863274783, 0.00172721070703, 0.00157145911362, 0.0022833335679], [-7.60264301789e-005, 0.00216000783257, -0.000420167576522, 0.00225279852748, -0.00160091230646, 0.000192727224203, -0.000487299083034, 0.00158563873265, -0.00365863274783, 0.0112934140489, -0.00403383281082, 0.00121623708401, -0.000142792559927], [-0.000403926474974, -0.00164614059031, 0.000725891033653, -0.000188975755009, 0.00113273912575, -0.000250043929555, -0.000484222051455, 0.000564330548514, 0.00172721070703, -0.00403383281082, 0.0108439214528, -0.00615517888218, 0.00176498363726], [0.000557438237593, -0.000350001035258, -4.46190169896e-005, -0.00165673776064, 0.000759863003623, -0.00144323240966, 0.00178839976434, -0.00314800883643, 0.00157145911362, 0.00121623708401, -0.00615517888218, 0.0147702293471, -0.00389950885437], [-0.000655019190162, 0.000384096580092, 0.000260264321696, 0.00146815727931, -0.00157402339391, 0.0016918531619, 0.000586708483752, 0.000243044167291, 0.0022833335679, -0.000142792559927, 0.00176498363726, -0.00389950885437, 0.00944503955543]]
    },
    "melbands": {
        "mean": [0.0001586057042, 0.000775832042564, 0.000340997677995, 0.000434983783634, 0.00129109248519, 0.000515874358825, 0.000521973357536, 0.000112771733257, 0.000135166803375, 6.45983382128e-005, 0.000246454845183, 0.000154708628543, 1.22630062833e-005, 5.27426818735e-005, 3.0494920793e-005, 5.01114845974e-006, 3.90965942643e-006, 5.81180711379e-006, 2.21780055654e-006, 1.03306877008e-006, 6.42613485979e-007, 8.04206649718e-007, 6.89716557645e-007, 4.89182980346e-007, 8.03926127446e-007, 1.20381139368e-006, 5.15227270625e-007, 5.16962188613e-007, 5.52217670702e-007, 3.42419212984e-007, 4.29410391689e-007, 2.60166842736e-007, 1.90064312733e-007, 1.5701942857e-007, 1.57950040602e-007, 1.47468995237e-007, 1.74905949279e-007, 1.79454318072e-007, 1.64536871239e-007, 5.70894584939e-008],
        "var": [2.39129178681e-007, 5.35729668627e-006, 4.60465997776e-007, 1.0158095165e-006, 8.67529161042e-006, 2.19056710193e-006, 2.15340128307e-006, 6.9483874654e-008, 3.20457985481e-007, 9.70670441802e-008, 2.42677970164e-006, 2.90413339599e-007, 8.17525958041e-009, 1.16895371605e-007, 2.77062781606e-008, 6.22624063418e-010, 6.14248929498e-010, 1.11667797231e-009, 9.56827811427e-011, 3.60179698566e-011, 9.68488310382e-012, 2.78154617395e-011, 1.19772915544e-011, 5.16282416124e-012, 9.93571631219e-012, 1.61728391096e-011, 5.13594895779e-012, 4.49562956306e-012, 4.28401368199e-012, 2.50739294778e-012, 1.10113151236e-011, 2.01012665714e-012, 1.68698421118e-012, 1.14855997976e-012, 1.57826638043e-012, 1.10178771488e-012, 1.8572149027e-012, 3.97002005922e-012, 2.20231753841e-012, 1.90735041693e-013]
    },
    "mfcc": {
        "mean": [-826.284240723, 175.026931763, 52.9494247437, 33.8920783997, -11.6526584625, -6.04605531693, -2.3165705204, -4.64579772949, -5.9452290535, -2.33670592308, -1.99403142929, -1.37497162819, -3.28457403183],
        "cov": [[8968.2734375, -1177.7166748, -2254.01464844, -430.803741455, -731.244689941, -35.2898216248, 437.077423096, -351.559906006, -193.105270386, -258.999786377, -405.962982178, -116.311820984, -127.095016479], [-1177.7166748, 1641.6484375, 218.419448853, -605.42175293, -99.7373352051, 70.794128418, 151.800567627, -112.405548096, -6.57185077667, 32.0486526489, 79.7789993286, 56.9462738037, 43.8209075928], [-2254.01464844, 218.419448853, 1058.6706543, 92.8815917969, 187.498733521, 3.78085446358, -160.304931641, 133.771621704, 49.8400001526, 86.327911377, 146.862457275, 55.2129745483, 19.097284317], [-430.803741455, -605.42175293, 92.8815917969, 865.321472168, 135.548400879, -96.7292022705, -186.650192261, 191.191894531, 43.1827011108, -21.0524997711, 44.2340965271, 9.54600524902, 4.14221811295], [-731.244689941, -99.7373352051, 187.498733521, 135.548400879, 379.940338135, 23.7917709351, -93.4056396484, 43.641078949, 55.4687652588, 10.678653717, -8.27834606171, 7.69124221802, 14.9685525894], [-35.2898216248, 70.794128418, 3.78085446358, -96.7292022705, 23.7917709351, 234.590927124, 88.4541015625, -11.1803855896, -20.9961891174, 27.4227428436, 3.74381375313, -30.2576026917, 17.6439762115], [437.077423096, 151.800567627, -160.304931641, -186.650192261, -93.4056396484, 88.4541015625, 257.206481934, -20.0633182526, -27.4208526611, -32.7446899414, -50.2989616394, 10.9011936188, 13.704788208], [-351.559906006, -112.405548096, 133.771621704, 191.191894531, 43.641078949, -11.1803855896, -20.0633182526, 216.630706787, 48.2912979126, 2.75157260895, 23.778591156, 45.5297660828, 27.7202949524], [-193.105270386, -6.57185077667, 49.8400001526, 43.1827011108, 55.4687652588, -20.9961891174, -27.4208526611, 48.2912979126, 147.433303833, 40.3191337585, 9.5730304718, -5.00118350983, -22.6152629852], [-258.999786377, 32.0486526489, 86.327911377, -21.0524997711, 10.678653717, 27.4227428436, -32.7446899414, 2.75157260895, 40.3191337585, 150.501281738, 55.8763275146, -1.65937829018, -24.8853321075], [-405.962982178, 79.7789993286, 146.862457275, 44.2340965271, -8.27834606171, 3.74381375313, -50.2989616394, 23.778591156, 9.5730304718, 55.8763275146, 146.624176025, 43.344291687, 1.33654534817], [-116.311820984, 56.9462738037, 55.2129745483, 9.54600524902, 7.69124221802, -30.2576026917, 10.9011936188, 45.5297660828, -5.00118350983, -1.65937829018, 43.344291687, 157.166473389, 81.3515548706], [-127.095016479, 43.8209075928, 19.097284317, 4.14221811295, 14.9685525894, 17.6439762115, 13.704788208, 27.7202949524, -22.6152629852, -24.8853321075, 1.33654534817, 81.3515548706, 148.538589478]],
        "icov": [[0.000345001375536, 0.000276852486422, 0.000540549168363, 0.000206656215596, 0.000374292867491, -6.5811094828e-005, -3.203351298e-005, 0.000109833068564, -4.60525598101e-006, 0.000198445559363, 0.00021045570611, -0.000316796911648, 0.000294972618576], [0.000276852486422, 0.0011808082927, 0.000178122267243, 0.000784846197348, 0.000352863629814, 6.94758200552e-005, -0.000430015497841, 0.000319373444654, -0.000261711131316, 0.000343619234627, -0.000519944354892, -0.000221653128392, -7.61993942433e-005], [0.000540549168363, 0.000178122267243, 0.00229651783593, 0.000460422132164, -1.62025644386e-005, -0.000165252989973, 0.000639827921987, -0.000760140013881, 0.000238994311076, 6.31675065961e-005, -0.000608842994552, -0.000435449590441, 0.000496888824273], [0.000206656215596, 0.000784846197348, 0.000460422132164, 0.00239529809915, -0.000192342238734, 0.000402968726121, 0.000795442610979, -0.0015133760171, 9.2432142992e-005, 0.000712279521395, -0.000909334397875, 0.00030648172833, -2.64247373707e-005], [0.000374292867491, 0.000352863629814, -1.62025644386e-005, -0.000192342238734, 0.00412059947848, -0.00142875756137, 0.00134888815228, 0.000511577352881, -0.00136066775303, 0.000528757809661, 0.0018221285427, -0.00125208881218, 0.000308921851683], [-6.5811094828e-005, 6.94758200552e-005, -0.000165252989973, 0.000402968726121, -0.00142875756137, 0.00660384539515, -0.00301651819609, -0.000454353896203, 0.00128240219783, -0.00175023020711, -0.00176078022923, 0.00330825708807, -0.00223813788034], [-3.203351298e-005, -0.000430015497841, 0.000639827921987, 0.000795442610979, 0.00134888815228, -0.00301651819609, 0.00722833257169, -0.00104700820521, -0.000136338087032, 0.00118168897461, 0.00225490704179, -0.00216214591637, 0.00108695751987], [0.000109833068564, 0.000319373444654, -0.000760140013881, -0.0015133760171, 0.000511577352881, -0.000454353896203, -0.00104700820521, 0.00744752353057, -0.00230018002912, 0.000420739175752, 0.0003503371845, -0.00180868525058, -0.000443440163508], [-4.60525598101e-006, -0.000261711131316, 0.000238994311076, 9.2432142992e-005, -0.00136066775303, 0.00128240219783, -0.000136338087032, -0.00230018002912, 0.00893258862197, -0.00250678113662, 0.000255182996625, 0.000630301772617, 0.00105912191793], [0.000198445559363, 0.000343619234627, 6.31675065961e-005, 0.000712279521395, 0.000528757809661, -0.00175023020711, 0.00118168897461, 0.000420739175752, -0.00250678113662, 0.00946258194745, -0.00276867998764, -0.000650201574899, 0.00159217091277], [0.00021045570611, -0.000519944354892, -0.000608842994552, -0.000909334397875, 0.0018221285427, -0.00176078022923, 0.00225490704179, 0.0003503371845, 0.000255182996625, -0.00276867998764, 0.0117576206103, -0.00440978864208, 0.00207356456667], [-0.000316796911648, -0.000221653128392, -0.000435449590441, 0.00030648172833, -0.00125208881218, 0.00330825708807, -0.00216214591637, -0.00180868525058, 0.000630301772617, -0.000650201574899, -0.00440978864208, 0.0123829636723, -0.0066431844607], [0.000294972618576, -7.61993942433e-005, 0.000496888824273, -2.64247373707e-005, 0.000308921851683, -0.00223813788034, 0.00108695751987, -0.000443440163508, 0.00105912191793, 0.00159217091277, 0.00207356456667, -0.0066431844607, 0.0112088462338]]
    },
    "spectral_contrast_coeffs": {
        "mean": [-0.606804490089, -0.631035268307, -0.731588125229, -0.791217625141, -0.832496404648, -0.785792887211],
        "var": [0.00653777318075, 0.01021945104, 0.0104134026915, 0.00562911713496, 0.00341312284581, 0.00300214253366]
    },
    "spectral_contrast_valleys": {
        "mean": [-7.91789913177, -7.92298173904, -9.30703353882, -10.3170824051, -9.90356636047, -12.5110874176],
        "var": [0.626288771629, 0.90361982584, 1.32787835598, 1.32571911812, 1.79301679134, 1.64270925522]
    }
},
"metadata": {
    "audio_properties": {
        "analysis_sample_rate": 44100,
        "bit_rate": 128074,
        "equal_loudness": 0,
        "length": 45.0612258911,
        "lossless": 0,
        "replay_gain": -8.4036026001,
        "sample_rate": 44100,
        "codec": "mp3",
        "downmix": "mix",
        "md5_encoded": "10b4176dfb3f2b7ca15ca321b9c90e1a"
    },
    "tags": {
        "file_name": "1851.mp3"
    },
    "version": {
        "essentia": "2.1-beta2",
        "essentia_git_sha": "v2.1_beta2",
        "extractor": "music 1.0"
    }
},
"rhythm": {
    "beats_count": 94,
    "beats_loudness": {
        "mean": 0.020099086687,
        "var": 0.0006183948135
    },
    "bpm": 123.673164368,
    "bpm_histogram_first_peak_bpm": {
        "mean": 123,
        "var": 0
    },
    "bpm_histogram_first_peak_spread": {
        "mean": 0.573333323002,
        "var": 0
    },
    "bpm_histogram_first_peak_weight": {
        "mean": 0.344086021185,
        "var": 0
    },
    "bpm_histogram_second_peak_bpm": {
        "mean": 152,
        "var": 0
    },
    "bpm_histogram_second_peak_spread": {
        "mean": 0.285714298487,
        "var": 0
    },
    "bpm_histogram_second_peak_weight": {
        "mean": 0.0537634417415,
        "var": 0
    },
    "danceability": 0.950144886971,
    "onset_rate": 3.54912447929,
    "beats_loudness_band_ratio": {
        "mean": [0.315341293812, 0.452378004789, 0.225222632289, 0.0477519594133, 0.00634361896664, 0.0153275998309],
        "var": [0.067922540009, 0.0909479185939, 0.0462738238275, 0.0117170289159, 0.000245933770202, 0.00832595210522]
    },
    "beats_position": [0.49922901392, 1.01006805897, 1.50929701328, 2.00852608681, 2.50775504112, 2.9837641716, 3.47138309479, 3.94739222527, 4.42340135574, 4.81814050674, 5.22448968887, 5.64244890213, 6.025578022, 6.420317173, 6.82666635513, 7.19818592072, 7.58131504059, 7.96444416046, 8.35918331146, 8.75392246246, 9.14866161346, 9.56662082672, 9.99619007111, 10.4954195023, 10.9946479797, 11.4938774109, 11.9698867798, 12.4575052261, 12.933514595, 13.4211339951, 13.9087524414, 14.3847618103, 14.8607711792, 15.3367795944, 15.8127889633, 16.2887973785, 16.7648067474, 17.2524261475, 17.7400455475, 18.2276649475, 18.7036724091, 19.179681778, 19.667301178, 20.1433105469, 20.6193199158, 21.1069393158, 21.5829467773, 22.0589561462, 22.5465755463, 23.0341949463, 23.4985942841, 23.9978218079, 24.4854412079, 24.9962806702, 25.4955101013, 25.9831295013, 26.4591369629, 26.9467563629, 27.4227657318, 27.9103851318, 28.3980045319, 28.8856239319, 29.3616313934, 29.8376407623, 30.3252601624, 30.8244895935, 31.3121089935, 31.7881164551, 32.2757377625, 32.7633552551, 33.2509727478, 33.7269821167, 34.2029914856, 34.690612793, 35.1782302856, 35.6658477783, 36.1534690857, 36.6294784546, 37.1170959473, 37.5931053162, 38.0691146851, 38.5567321777, 39.0327415466, 39.5087509155, 39.9963722229, 40.4956016541, 40.9832191467, 41.4708366394, 41.9700660706, 42.4692955017, 42.9569168091, 43.4561424255, 43.9553718567, 44.4662132263]
},
"tonal": {
    "chords_changes_rate": 0.0401234552264,
    "chords_number_rate": 0.0113168722019,
    "chords_strength": {
        "mean": 0.506647408009,
        "var": 0.012533406727
    },
    "hpcp_entropy": {
        "mean": 1.34675443172,
        "var": 0.506785035133
    },
    "key_strength": 0.795498013496,
    "tuning_diatonic_strength": 0.579500198364,
    "tuning_equal_tempered_deviation": 0.0301733277738,
    "tuning_frequency": 441.527557373,
    "tuning_nontempered_energy_ratio": 0.644754230976,
    "hpcp": {
        "mean": [0.397483557463, 0.224113866687, 0.0725234374404, 0.0582401975989, 0.0402590185404, 0.0755905508995, 0.118673808873, 0.0709770992398, 0.0264702066779, 0.0240965243429, 0.0246618855745, 0.0446767993271, 0.070520542562, 0.0863977894187, 0.24898968637, 0.38679933548, 0.222328171134, 0.0660796239972, 0.051625367254, 0.0359363853931, 0.0454618297517, 0.0632762014866, 0.0500373207033, 0.0365263596177, 0.0273048561066, 0.0184706822038, 0.0366011075675, 0.0498424507678, 0.0366957709193, 0.0837831869721, 0.114296197891, 0.0643073171377, 0.0966147258878, 0.117725268006, 0.0754042118788, 0.249111950397],
        "var": [0.176798328757, 0.0747125670314, 0.0354740768671, 0.0372319631279, 0.019561316818, 0.0290078110993, 0.0655593946576, 0.0288537144661, 0.0112976981327, 0.00942834094167, 0.0114881405607, 0.0223363153636, 0.040057644248, 0.0384103730321, 0.077416472137, 0.136665508151, 0.0717247873545, 0.0242236834019, 0.0278454776853, 0.0130615755916, 0.021005962044, 0.0257769245654, 0.0196398068219, 0.0191062577069, 0.0152783691883, 0.00700185308233, 0.0159717425704, 0.0219512265176, 0.0112469205633, 0.0402747988701, 0.0738420411944, 0.0222383197397, 0.0524959601462, 0.0778548941016, 0.0261262599379, 0.085952848196]
    },
    "chords_histogram": [40.9465026855, 0, 2.98353910446, 1.95473253727, 0, 9.87654304504, 0, 0, 0, 0, 0, 0, 2.88065838814, 0, 1.33744859695, 4.01234579086, 3.39506173134, 12.8600826263, 0, 0.411522626877, 0, 0, 14.4032926559, 4.93827152252],
    "thpcp": [1, 0.563831806183, 0.182456448674, 0.146522283554, 0.101284742355, 0.19017277658, 0.298562824726, 0.178566128016, 0.066594466567, 0.0606226958334, 0.062045045197, 0.112399116158, 0.177417501807, 0.217361927032, 0.626415073872, 0.973120331764, 0.559339284897, 0.166244924068, 0.12988050282, 0.0904097408056, 0.114374116063, 0.159191995859, 0.125885263085, 0.0918940156698, 0.0686943009496, 0.0464690476656, 0.0920820683241, 0.125394999981, 0.0923202261329, 0.210784032941, 0.287549495697, 0.161786109209, 0.243065968156, 0.296176433563, 0.189703971148, 0.626722633839],
    "chords_key": "D",
    "chords_scale": "major",
    "key_key": "D",
    "key_scale": "major"
}
}