{
"lowlevel": {
    "average_loudness": 0.954997777939,
    "barkbands_crest": {
        "mean": 7.8036608696,
        "var": 11.7360992432
    },
    "barkbands_flatness_db": {
        "mean": 0.124675855041,
        "var": 0.00177964859176
    },
    "barkbands_kurtosis": {
        "mean": 0.852576971054,
        "var": 60.3597488403
    },
    "barkbands_skewness": {
        "mean": 0.334001690149,
        "var": 0.883171498775
    },
    "barkbands_spread": {
        "mean": 21.9056339264,
        "var": 106.581428528
    },
    "dissonance": {
        "mean": 0.471327364445,
        "var": 0.000584204448387
    },
    "dynamic_complexity": 2.25308537483,
    "erbbands_crest": {
        "mean": 9.66191196442,
        "var": 14.9402809143
    },
    "erbbands_flatness_db": {
        "mean": 0.201997980475,
        "var": 0.00186240440235
    },
    "erbbands_kurtosis": {
        "mean": 1.64029204845,
        "var": 3.77187561989
    },
    "erbbands_skewness": {
        "mean": 0.361606687307,
        "var": 0.42583411932
    },
    "erbbands_spread": {
        "mean": 18.3882255554,
        "var": 93.0854110718
    },
    "hfc": {
        "mean": 31.8927936554,
        "var": 326.976593018
    },
    "melbands_crest": {
        "mean": 13.1120157242,
        "var": 52.4526557922
    },
    "melbands_flatness_db": {
        "mean": 0.170467093587,
        "var": 0.00324191665277
    },
    "melbands_kurtosis": {
        "mean": 2.81585621834,
        "var": 438.64944458
    },
    "melbands_skewness": {
        "mean": 0.857109129429,
        "var": 1.57290375233
    },
    "melbands_spread": {
        "mean": 33.381603241,
        "var": 227.548522949
    },
    "pitch_salience": {
        "mean": 0.579798460007,
        "var": 0.0139400931075
    },
    "silence_rate_20dB": {
        "mean": 1,
        "var": 0
    },
    "silence_rate_30dB": {
        "mean": 0.999485075474,
        "var": 0.000514664978255
    },
    "silence_rate_60dB": {
        "mean": 0.0303810499609,
        "var": 0.0294581707567
    },
    "spectral_centroid": {
        "mean": 1547.25878906,
        "var": 250890.625
    },
    "spectral_complexity": {
        "mean": 25.5921726227,
        "var": 61.1209526062
    },
    "spectral_decrease": {
        "mean": -8.05373367996e-009,
        "var": 1.97113152961e-017
    },
    "spectral_energy": {
        "mean": 0.0332894250751,
        "var": 0.000313564843964
    },
    "spectral_energyband_high": {
        "mean": 0.0006375774974,
        "var": 6.17798832536e-007
    },
    "spectral_energyband_low": {
        "mean": 0.00836855173111,
        "var": 0.000159781819093
    },
    "spectral_energyband_middle_high": {
        "mean": 0.0157960057259,
        "var": 9.86302547972e-005
    },
    "spectral_energyband_middle_low": {
        "mean": 0.00859938561916,
        "var": 4.74450243928e-005
    },
    "spectral_entropy": {
        "mean": 7.63625860214,
        "var": 0.0873862877488
    },
    "spectral_flux": {
        "mean": 0.1028213799,
        "var": 0.0012677423656
    },
    "spectral_kurtosis": {
        "mean": 6.46439790726,
        "var": 27.0586433411
    },
    "spectral_rms": {
        "mean": 0.00545060960576,
        "var": 2.7683515782e-006
    },
    "spectral_rolloff": {
        "mean": 1762.1270752,
        "var": 980732.125
    },
    "spectral_skewness": {
        "mean": 1.83463120461,
        "var": 0.276545852423
    },
    "spectral_spread": {
        "mean": 3581630.5,
        "var": 2.62734191002e+012
    },
    "spectral_strongpeak": {
        "mean": 1.51299548149,
        "var": 2.81886148453
    },
    "zerocrossingrate": {
        "mean": 0.0644161626697,
        "var": 0.000846550916322
    },
    "barkbands": {
        "mean": [0.00192386552226, 0.00612957589328, 0.000391927460441, 0.000235024330323, 0.0011396445334, 0.00106746191159, 0.0011420234805, 0.0015579177998, 0.00267864670604, 0.00332141085528, 0.00270369159989, 0.00219702580944, 0.00167860975489, 0.00225199013948, 0.0019500561757, 0.00088851392502, 0.000629457761534, 0.000381226389436, 0.000281549466308, 0.000163211370818, 0.000155930829351, 0.000166723853908, 0.000106253050035, 7.86333330325e-005, 5.26807270944e-005, 1.57846807269e-005, 6.31887473901e-007],
        "var": [1.51001513586e-005, 8.76201083884e-005, 9.67644609773e-007, 1.53011654902e-007, 2.49919844464e-006, 3.73281659449e-006, 3.87179079553e-006, 6.08354912401e-006, 9.15261443879e-006, 1.72157106135e-005, 9.42128735915e-006, 6.98906751495e-006, 3.11492340188e-006, 7.42457950764e-006, 6.71734960633e-006, 2.00935346584e-006, 1.72548141109e-006, 2.37438783302e-007, 1.32717005386e-007, 6.46534132898e-008, 4.32159481534e-008, 5.08130391097e-008, 2.40677469066e-008, 2.13581756725e-008, 1.137803185e-008, 1.31777655454e-009, 2.29677648428e-012]
    },
    "erbbands": {
        "mean": [0.361209332943, 0.636051595211, 0.505140721798, 0.740727543831, 1.48851454258, 4.90025806427, 6.87127161026, 8.70570373535, 12.2420959473, 26.8598175049, 35.5772361755, 42.0754890442, 93.303314209, 143.201019287, 95.2330474854, 99.7301483154, 80.6912460327, 130.379379272, 101.824455261, 66.2276992798, 45.6147537231, 37.0431060791, 24.2941417694, 15.8950843811, 12.4172611237, 7.81634569168, 5.74320411682, 6.58488845825, 5.81812000275, 4.30002355576, 3.18096351624, 2.17855334282, 0.966463088989, 0.753046452999, 0.283561915159, 0.0976458191872, 0.0230584219098, 0.00332068256103, 9.84077123576e-005, 4.37274065916e-005],
        "var": [0.356805235147, 0.934586882591, 1.41210448742, 1.56591439247, 6.56525373459, 51.9543609619, 97.5992126465, 362.532684326, 553.682250977, 2218.92407227, 3176.98803711, 2154.55810547, 10797.6611328, 33900.2695313, 8827.2578125, 15377.9248047, 5468.62451172, 26627.5390625, 17307.7792969, 6354.09814453, 5518.30224609, 5170.76074219, 1215.19152832, 329.376434326, 291.175262451, 155.06892395, 52.6321372986, 84.3012084961, 70.4111785889, 31.712348938, 24.4602546692, 16.9264087677, 3.36043143272, 2.07097697258, 0.432623416185, 0.0512780733407, 0.00327479932457, 5.97493453824e-005, 3.25102575971e-008, 4.79615347437e-010]
    },
    "gfcc": {
        "mean": [14.9290056229, 89.0412750244, -157.762405396, 8.00653266907, -56.4775657654, 28.5236301422, -28.3580245972, 6.69797754288, -14.8069934845, 4.01745414734, -11.5109004974, 8.27593994141, -3.88424634933],
        "cov": [[2988.62695313, -231.259552002, -175.607528687, 117.062934875, -231.350479126, 154.531005859, -68.4326705933, 145.226119995, 46.7653808594, 120.425964355, -16.5613384247, 7.43369054794, 19.3697566986], [-231.259552002, 1445.62402344, -38.35414505, -287.714569092, 226.5987854, -127.465553284, 240.530303955, -115.763076782, 318.912597656, -52.225982666, 127.823760986, -27.1056900024, 12.5930538177], [-175.607528687, -38.35414505, 772.50592041, 243.78477478, 58.310005188, 284.501739502, 94.7456359863, 143.179046631, 35.6043434143, 160.212631226, 23.6024723053, 74.5462493896, 50.2000274658], [117.062934875, -287.714569092, 243.78477478, 508.116455078, 109.764572144, 185.645980835, 99.4778366089, 72.9354782104, 44.7431640625, 91.5707397461, 39.8269729614, 69.8727798462, 44.1450195313], [-231.350479126, 226.5987854, 58.310005188, 109.764572144, 312.202789307, 79.5633239746, 116.192886353, 39.614402771, 122.179077148, 34.3535423279, 56.3360824585, 55.3249855042, 19.0927581787], [154.531005859, -127.465553284, 284.501739502, 185.645980835, 79.5633239746, 312.897369385, 133.432067871, 111.018592834, 81.2105102539, 121.783302307, 45.823059082, 62.5437164307, 56.7185745239], [-68.4326705933, 240.530303955, 94.7456359863, 99.4778366089, 116.192886353, 133.432067871, 306.714263916, 36.1154594421, 166.884979248, 82.4971313477, 68.9907684326, 66.6159973145, 36.589225769], [145.226119995, -115.763076782, 143.179046631, 72.9354782104, 39.614402771, 111.018592834, 36.1154594421, 216.023696899, 54.2697944641, 73.7026062012, 30.8682899475, 40.95470047, 36.4000740051], [46.7653808594, 318.912597656, 35.6043434143, 44.7431640625, 122.179077148, 81.2105102539, 166.884979248, 54.2697944641, 265.575439453, 79.9756164551, 92.307510376, 64.7260971069, 38.661026001], [120.425964355, -52.225982666, 160.212631226, 91.5707397461, 34.3535423279, 121.783302307, 82.4971313477, 73.7026062012, 79.9756164551, 144.6824646, 54.9220046997, 57.281452179, 35.9667510986], [-16.5613384247, 127.823760986, 23.6024723053, 39.8269729614, 56.3360824585, 45.823059082, 68.9907684326, 30.8682899475, 92.307510376, 54.9220046997, 102.136276245, 56.8550987244, 34.387714386], [7.43369054794, -27.1056900024, 74.5462493896, 69.8727798462, 55.3249855042, 62.5437164307, 66.6159973145, 40.95470047, 64.7260971069, 57.281452179, 56.8550987244, 132.649887085, 61.9864997864], [19.3697566986, 12.5930538177, 50.2000274658, 44.1450195313, 19.0927581787, 56.7185745239, 36.589225769, 36.4000740051, 38.661026001, 35.9667510986, 34.387714386, 61.9864997864, 94.0451507568]],
        "icov": [[0.000598344020545, -0.000710876367521, 0.00092371070059, -0.00070059846621, 0.0010071703, -0.00109237490688, 0.000803327886388, -0.000702370365616, 0.00028004363412, -0.00122199847829, 0.0013365871273, -0.000927678367589, 0.000696339295246], [-0.000710876367521, 0.00400930317119, -0.00291007384658, 0.00292013841681, -0.002917337697, 0.00359327741899, -0.00285087758675, 0.00253518717363, -0.00343274907209, 0.0041899275966, -0.00514430878684, 0.00459832372144, -0.00299575505778], [0.00092371070059, -0.00291007384658, 0.00470481719822, -0.00262064766139, 0.00250754016452, -0.00438273465261, 0.00243483111262, -0.00243548047729, 0.00260876188986, -0.00485198851675, 0.00493214651942, -0.00385075854138, 0.00256550800987], [-0.00070059846621, 0.00292013841681, -0.00262064766139, 0.00495733134449, -0.00298260082491, 0.0018258318305, -0.00238700699992, 0.00199560518377, -0.00179978599772, 0.00285924156196, -0.00400986382738, 0.00290896859951, -0.00231893570162], [0.0010071703, -0.002917337697, 0.00250754016452, -0.00298260082491, 0.00709691969678, -0.00352193764411, 0.00181107886601, -0.00236119097099, 0.000689013511874, -0.00207484187558, 0.00338599900715, -0.00441246107221, 0.00331779569387], [-0.00109237490688, 0.00359327741899, -0.00438273465261, 0.0018258318305, -0.00352193764411, 0.0109616350383, -0.00451208977029, 0.00123137631454, -0.0024587046355, 0.00172207586002, -0.00464619230479, 0.00513961538672, -0.00472739618272], [0.000803327886388, -0.00285087758675, 0.00243483111262, -0.00238700699992, 0.00181107886601, -0.00451208977029, 0.00814506784081, -0.0010175985517, -0.000587851915043, -0.00381744280457, 0.00388156948611, -0.00407999567688, 0.00258706486784], [-0.000702370365616, 0.00253518717363, -0.00243548047729, 0.00199560518377, -0.00236119097099, 0.00123137631454, -0.0010175985517, 0.00802710000426, -0.00272976001725, 0.00131152686663, -0.0033562888857, 0.00283765024506, -0.00282828998752], [0.00028004363412, -0.00343274907209, 0.00260876188986, -0.00179978599772, 0.000689013511874, -0.0024587046355, -0.000587851915043, -0.00272976001725, 0.0111107826233, -0.00493318866938, 0.000313753756927, -0.00361942732707, 0.0020725207869], [-0.00122199847829, 0.0041899275966, -0.00485198851675, 0.00285924156196, -0.00207484187558, 0.00172207586002, -0.00381744280457, 0.00131152686663, -0.00493318866938, 0.0193761270493, -0.0097079705447, 0.00312327640131, -0.00259245024063], [0.0013365871273, -0.00514430878684, 0.00493214651942, -0.00400986382738, 0.00338599900715, -0.00464619230479, 0.00388156948611, -0.0033562888857, 0.000313753756927, -0.0097079705447, 0.0250206626952, -0.0097354548052, 0.00241836137138], [-0.000927678367589, 0.00459832372144, -0.00385075854138, 0.00290896859951, -0.00441246107221, 0.00513961538672, -0.00407999567688, 0.00283765024506, -0.00361942732707, 0.00312327640131, -0.0097354548052, 0.0191022157669, -0.0101868249476], [0.000696339295246, -0.00299575505778, 0.00256550800987, -0.00231893570162, 0.00331779569387, -0.00472739618272, 0.00258706486784, -0.00282828998752, 0.0020725207869, -0.00259245024063, 0.00241836137138, -0.0101868249476, 0.0188451521099]]
    },
    "melbands": {
        "mean": [0.00239207735285, 0.000429279200034, 0.000132669883897, 0.000232807928114, 0.000239992688876, 0.000194925742107, 0.000199323389097, 0.00028561547515, 0.000285081216134, 0.000325822911691, 0.00045218114974, 0.000565365480725, 0.000365433603292, 0.000239162895014, 0.000226557443966, 0.000195172193344, 0.000232115606195, 0.00014562686556, 0.000131204607897, 6.54771065456e-005, 4.83429248561e-005, 3.7451445678e-005, 3.04727655021e-005, 1.70613602677e-005, 1.2237746887e-005, 1.07754449346e-005, 7.03990826878e-006, 4.50957122666e-006, 3.34492074217e-006, 3.77228752768e-006, 3.88853504774e-006, 3.33222055815e-006, 3.01145450976e-006, 2.04782577384e-006, 1.88037722637e-006, 1.51688402639e-006, 1.27416660689e-006, 6.42938118744e-007, 6.28895350019e-007, 6.46377429803e-007],
        "var": [1.46789107021e-005, 5.71303075958e-007, 4.09956015801e-008, 1.36553637731e-007, 9.39541351386e-008, 1.57290585889e-007, 1.38471548894e-007, 2.47650064011e-007, 1.86544241387e-007, 1.39192636084e-007, 2.58660520558e-007, 5.84621432154e-007, 1.6770140121e-007, 7.58407239232e-008, 5.89419393293e-008, 5.50592815785e-008, 8.45950012263e-008, 3.66442733934e-008, 3.05162757286e-008, 1.0080682955e-008, 6.22270501793e-009, 5.36189759259e-009, 4.85853490773e-009, 6.37256747371e-010, 2.28559296489e-010, 2.22881740841e-010, 1.34627489712e-010, 5.41181023606e-011, 1.76604529611e-011, 3.83227651002e-011, 3.03580147132e-011, 2.50261512902e-011, 1.96570988653e-011, 7.20452994138e-012, 8.42452843597e-012, 8.76920844967e-012, 6.33684337642e-012, 1.68198940019e-012, 1.74535722246e-012, 1.58376567069e-012]
    },
    "mfcc": {
        "mean": [-615.29107666, 123.414024353, -36.1619873047, -9.24519729614, -6.46767044067, 14.9135780334, -1.9210152626, 10.2355737686, 1.57157170773, 3.48839759827, 1.81205737591, -2.19974040985, -0.0216320697218],
        "cov": [[2621.41210938, -361.211761475, -126.966682434, -62.8799209595, -117.483467102, -38.2520904541, -95.5359420776, -21.7828941345, 29.4631538391, 86.7275695801, 40.8200378418, -6.0522685051, 1.80922985077], [-361.211761475, 1517.04223633, -208.174758911, -128.4740448, -53.9707374573, 5.13420295715, -121.634208679, 59.8261795044, 6.31611204147, 63.8445358276, 98.1713104248, 29.1072654724, 25.5291576385], [-126.966682434, -208.174758911, 733.438964844, 67.0236663818, 90.0260238647, 141.589920044, 145.115768433, 24.0145893097, 120.022827148, 63.503276825, 57.7280387878, 50.4821281433, 56.1466598511], [-62.8799209595, -128.4740448, 67.0236663818, 308.278045654, 76.692276001, 114.825927734, 51.3117599487, 58.5986213684, 33.1112213135, 26.4705924988, 23.4416637421, 29.7530555725, 37.2203178406], [-117.483467102, -53.9707374573, 90.0260238647, 76.692276001, 265.084747314, 38.561920166, 46.1782150269, 41.3064651489, 44.4349784851, 14.8250617981, 37.5805397034, 19.816034317, 29.0046634674], [-38.2520904541, 5.13420295715, 141.589920044, 114.825927734, 38.561920166, 312.795684814, 82.8214111328, 80.6327362061, 72.0803833008, 77.9313735962, 55.8784561157, 62.0072937012, 57.0416679382], [-95.5359420776, -121.634208679, 145.115768433, 51.3117599487, 46.1782150269, 82.8214111328, 166.12147522, 38.6209754944, 58.151096344, 26.784734726, 31.9964313507, 17.9320316315, 21.7078990936], [-21.7828941345, 59.8261795044, 24.0145893097, 58.5986213684, 41.3064651489, 80.6327362061, 38.6209754944, 149.449081421, 70.8196334839, 55.6801567078, 59.3159484863, 34.5532989502, 43.9348220825], [29.4631538391, 6.31611204147, 120.022827148, 33.1112213135, 44.4349784851, 72.0803833008, 58.151096344, 70.8196334839, 136.583908081, 72.4872436523, 60.6814918518, 35.7939453125, 41.6217041016], [86.7275695801, 63.8445358276, 63.503276825, 26.4705924988, 14.8250617981, 77.9313735962, 26.784734726, 55.6801567078, 72.4872436523, 118.565193176, 74.9052124023, 42.1417732239, 35.6493644714], [40.8200378418, 98.1713104248, 57.7280387878, 23.4416637421, 37.5805397034, 55.8784561157, 31.9964313507, 59.3159484863, 60.6814918518, 74.9052124023, 139.327133179, 52.561340332, 38.0078239441], [-6.0522685051, 29.1072654724, 50.4821281433, 29.7530555725, 19.816034317, 62.0072937012, 17.9320316315, 34.5532989502, 35.7939453125, 42.1417732239, 52.561340332, 83.8643493652, 48.8719520569], [1.80922985077, 25.5291576385, 56.1466598511, 37.2203178406, 29.0046634674, 57.0416679382, 21.7078990936, 43.9348220825, 41.6217041016, 35.6493644714, 38.0078239441, 48.8719520569, 93.1652908325]],
        "icov": [[0.000461919116788, 0.000200062204385, 0.000109493237687, 9.43003906286e-005, 0.000182905176189, -1.07359992398e-005, 0.000389188440749, 0.000129345586174, -0.000176136600203, -0.000467018922791, -0.000252847821685, 0.000239501765464, -0.000134592410177], [0.000200062204385, 0.000911028066184, 0.000220815098146, 0.000414900045143, 0.000141536918818, -0.000188830555999, 0.000778316170909, -0.00022661613184, -1.84633263416e-005, -0.000346311862813, -0.000735266366974, 0.000231505793636, -0.000236008098], [0.000109493237687, 0.000220815098146, 0.0019766066689, 9.48559390963e-005, -0.000230926612858, -0.000439791270765, -0.00089561950881, 0.0010097612394, -0.00130243762396, -0.000130814456497, -0.000200715221581, -0.000137858834933, -0.000431960565038], [9.43003906286e-005, 0.000414900045143, 9.48559390963e-005, 0.00430543115363, -0.000824874150567, -0.00123218516819, -7.31190157239e-005, -0.000999130890705, 0.000493173953146, -5.23267917742e-005, 7.85096781328e-005, -8.2557395217e-005, -0.00058233703021], [0.000182905176189, 0.000141536918818, -0.000230926612858, -0.000824874150567, 0.00454999087378, 0.000246054929448, -0.000226520831347, -0.00040099574835, -0.000830595206935, 0.00086608377751, -0.00107557245065, 0.000274772319244, -0.000564596615732], [-1.07359992398e-005, -0.000188830555999, -0.000439791270765, -0.00123218516819, 0.000246054929448, 0.00518891494721, -0.00150349712931, -0.00109517900273, 0.000326139997924, -0.00196915562265, 0.00090818858007, -0.00186259590555, -0.00036318830098], [0.000389188440749, 0.000778316170909, -0.00089561950881, -7.31190157239e-005, -0.000226520831347, -0.00150349712931, 0.00936540868133, -0.000592792755924, -0.00226165750064, 0.000821228371933, -0.00141940836329, 0.00109078048263, 0.000139585579745], [0.000129345586174, -0.00022661613184, 0.0010097612394, -0.000999130890705, -0.00040099574835, -0.00109517900273, -0.000592792755924, 0.0111538590863, -0.00381873198785, -0.000751989078708, -0.00179006590042, 0.000606448564213, -0.00207030051388], [-0.000176136600203, -1.84633263416e-005, -0.00130243762396, 0.000493173953146, -0.000830595206935, 0.000326139997924, -0.00226165750064, -0.00381873198785, 0.0149902831763, -0.00558888725936, -0.000416523020249, 0.000151629923494, -0.00148488779087], [-0.000467018922791, -0.000346311862813, -0.000130814456497, -5.23267917742e-005, 0.00086608377751, -0.00196915562265, 0.000821228371933, -0.000751989078708, -0.00558888725936, 0.0177881717682, -0.00539593864232, -0.00163128017448, 5.03076589666e-005], [-0.000252847821685, -0.000735266366974, -0.000200715221581, 7.85096781328e-005, -0.00107557245065, 0.00090818858007, -0.00141940836329, -0.00179006590042, -0.000416523020249, -0.00539593864232, 0.0136931249872, -0.00507521769032, 0.000576548103709], [0.000239501765464, 0.000231505793636, -0.000137858834933, -8.2557395217e-005, 0.000274772319244, -0.00186259590555, 0.00109078048263, 0.000606448564213, 0.000151629923494, -0.00163128017448, -0.00507521769032, 0.0214307047427, -0.00805231835693], [-0.000134592410177, -0.000236008098, -0.000431960565038, -0.00058233703021, -0.000564596615732, -0.00036318830098, 0.000139585579745, -0.00207030051388, -0.00148488779087, 5.03076589666e-005, 0.000576548103709, -0.00805231835693, 0.0172687359154]]
    },
    "spectral_contrast_coeffs": {
        "mean": [-0.684568464756, -0.747963428497, -0.754245758057, -0.767840504646, -0.768563449383, -0.729764163494],
        "var": [0.0126907918602, 0.00381969404407, 0.00260870554484, 0.00170429167338, 0.00202170619741, 0.00206461921334]
    },
    "spectral_contrast_valleys": {
        "mean": [-7.79676246643, -6.59435272217, -6.27633953094, -6.66567897797, -7.47781133652, -10.309715271],
        "var": [1.30518090725, 0.762897372246, 0.638748764992, 0.587467491627, 0.602847695351, 0.907827734947]
    }
},
"metadata": {
    "audio_properties": {
        "analysis_sample_rate": 44100,
        "bit_rate": 128074,
        "equal_loudness": 0,
        "length": 45.0612258911,
        "lossless": 0,
        "replay_gain": -4.123670578,
        "sample_rate": 44100,
        "codec": "mp3",
        "downmix": "mix",
        "md5_encoded": "242bcdd309d4d21cdf68dbba58c90466"
    },
    "tags": {
        "file_name": "1852.mp3"
    },
    "version": {
        "essentia": "2.1-beta2",
        "essentia_git_sha": "v2.1_beta2",
        "extractor": "music 1.0"
    }
},
"rhythm": {
    "beats_count": 79,
    "beats_loudness": {
        "mean": 0.0347360372543,
        "var": 0.000305849534925
    },
    "bpm": 105.657104492,
    "bpm_histogram_first_peak_bpm": {
        "mean": 105,
        "var": 0
    },
    "bpm_histogram_first_peak_spread": {
        "mean": 0.342105269432,
        "var": 0
    },
    "bpm_histogram_first_peak_weight": {
        "mean": 0.641025662422,
        "var": 0
    },
    "bpm_histogram_second_peak_bpm": {
        "mean": 99,
        "var": 0
    },
    "bpm_histogram_second_peak_spread": {
        "mean": 0,
        "var": 0
    },
    "bpm_histogram_second_peak_weight": {
        "mean": 0.0128205129877,
        "var": 0
    },
    "danceability": 0.836779415607,
    "onset_rate": 3.57130646706,
    "beats_loudness_band_ratio": {
        "mean": [0.209082067013, 0.0751799270511, 0.182291641831, 0.351988494396, 0.143599048257, 0.0507674403489],
        "var": [0.0411012098193, 0.00670463312417, 0.0150050856173, 0.0270213410258, 0.0160613022745, 0.00650669494644]
    },
    "beats_position": [0.557278871536, 1.1261677742, 1.69505667686, 2.26394557953, 2.82122445107, 3.39011335373, 3.95900225639, 4.52789115906, 5.0967798233, 5.66566896439, 6.23455762863, 6.80344676971, 7.36072540283, 7.92961454391, 8.498503685, 9.05578231812, 9.63628101349, 10.2167797089, 10.8088884354, 11.4009971619, 12.0047159195, 12.5852155685, 13.1657142639, 13.7346029282, 14.3034915924, 14.8723802567, 15.4296598434, 15.9985485077, 16.5558280945, 17.1363258362, 17.693605423, 18.2624931335, 18.8313827515, 19.4002723694, 19.96916008, 20.5264396667, 21.0953292847, 21.6642169952, 22.221496582, 22.7903842926, 23.3592739105, 23.9281635284, 24.497051239, 25.0543308258, 25.6116104126, 26.1804981232, 26.7493877411, 27.3066654205, 27.8755550385, 28.4444446564, 29.0017223358, 29.5706119537, 30.1394996643, 30.7083892822, 31.2772789001, 31.8461666107, 32.4150543213, 32.9839439392, 33.5528335571, 34.1101112366, 34.6790008545, 35.2478904724, 35.8167800903, 36.3856697083, 36.9429473877, 37.5002250671, 38.0691146851, 38.638004303, 39.2068939209, 39.7757797241, 40.3330612183, 40.9019508362, 41.4708366394, 42.0281181335, 42.5621757507, 43.1426734924, 43.7231750488, 44.2920608521, 44.86095047]
},
"tonal": {
    "chords_changes_rate": 0.0606995895505,
    "chords_number_rate": 0.00823045242578,
    "chords_strength": {
        "mean": 0.43762254715,
        "var": 0.0067124417983
    },
    "hpcp_entropy": {
        "mean": 2.22296071053,
        "var": 0.420222938061
    },
    "key_strength": 0.56059974432,
    "tuning_diatonic_strength": 0.442291021347,
    "tuning_equal_tempered_deviation": 0.276955038309,
    "tuning_frequency": 434.193115234,
    "tuning_nontempered_energy_ratio": 0.81761276722,
    "hpcp": {
        "mean": [0.228908419609, 0.355848401785, 0.304303854704, 0.170885160565, 0.133783370256, 0.13271677494, 0.2004262954, 0.314562857151, 0.293954491615, 0.162320137024, 0.082710839808, 0.0750771909952, 0.0879162028432, 0.122826837003, 0.131991162896, 0.128325670958, 0.221129968762, 0.251657575369, 0.165518313646, 0.160544082522, 0.153154790401, 0.112841129303, 0.110762901604, 0.325230300426, 0.531478106976, 0.308993548155, 0.0946631804109, 0.181297630072, 0.369450122118, 0.364260286093, 0.186647191644, 0.107183583081, 0.0962500423193, 0.0975329652429, 0.0928768217564, 0.113821752369],
        "var": [0.0549938082695, 0.098772212863, 0.0881390720606, 0.0316085964441, 0.0275795944035, 0.0243565142155, 0.0451801605523, 0.078856267035, 0.0912505313754, 0.0326165482402, 0.0119566880167, 0.0142634278163, 0.0144588807598, 0.0192149914801, 0.0221552755684, 0.0193332433701, 0.0535172596574, 0.0744849145412, 0.0266461428255, 0.0421932190657, 0.0372030436993, 0.0203644540161, 0.0215010866523, 0.0521636418998, 0.172489181161, 0.0513333752751, 0.0166845787317, 0.0314260646701, 0.0894944295287, 0.0880933851004, 0.0357590541244, 0.0238468013704, 0.0220214203, 0.0174877960235, 0.0144979711622, 0.0231103822589]
    },
    "chords_histogram": [0, 0, 4.21810722351, 2.46913576126, 18.2098770142, 0, 0, 0.617283940315, 0, 0, 0, 0, 0, 0, 2.46913576126, 14.8148145676, 16.9753093719, 0, 0, 0, 0, 8.53909492493, 31.6872425079, 0],
    "thpcp": [1, 0.58138525486, 0.178113043308, 0.341119647026, 0.695137023926, 0.685372114182, 0.351185113192, 0.201670736074, 0.181098788977, 0.183512672782, 0.174751922488, 0.214160755277, 0.430701494217, 0.669544816017, 0.572561383247, 0.32152813673, 0.25171944499, 0.249712586403, 0.377111107111, 0.591864168644, 0.553088605404, 0.305412650108, 0.155624166131, 0.14126111567, 0.165418297052, 0.23110422492, 0.248347312212, 0.241450533271, 0.416065990925, 0.473505049944, 0.311430156231, 0.302070915699, 0.288167625666, 0.212315663695, 0.208405390382, 0.611935436726],
    "chords_key": "D",
    "chords_scale": "major",
    "key_key": "A",
    "key_scale": "major"
}
}