{
"lowlevel": {
    "average_loudness": 0.851907074451,
    "barkbands_crest": {
        "mean": 12.3230581284,
        "var": 19.8654251099
    },
    "barkbands_flatness_db": {
        "mean": 0.171181499958,
        "var": 0.00317021179944
    },
    "barkbands_kurtosis": {
        "mean": 15.1021814346,
        "var": 365.693267822
    },
    "barkbands_skewness": {
        "mean": 2.79692864418,
        "var": 2.41015028954
    },
    "barkbands_spread": {
        "mean": 15.83365345,
        "var": 318.064666748
    },
    "dissonance": {
        "mean": 0.444442033768,
        "var": 0.00154220999684
    },
    "dynamic_complexity": 4.61097812653,
    "erbbands_crest": {
        "mean": 11.3660068512,
        "var": 27.7291641235
    },
    "erbbands_flatness_db": {
        "mean": 0.163991332054,
        "var": 0.00278701097704
    },
    "erbbands_kurtosis": {
        "mean": 3.40986061096,
        "var": 42.1976509094
    },
    "erbbands_skewness": {
        "mean": 1.28440904617,
        "var": 1.49244344234
    },
    "erbbands_spread": {
        "mean": 40.0276451111,
        "var": 699.626098633
    },
    "hfc": {
        "mean": 8.41334438324,
        "var": 173.014724731
    },
    "melbands_crest": {
        "mean": 16.6615638733,
        "var": 26.6600131989
    },
    "melbands_flatness_db": {
        "mean": 0.251739680767,
        "var": 0.00429007317871
    },
    "melbands_kurtosis": {
        "mean": 32.6630706787,
        "var": 1272.0300293
    },
    "melbands_skewness": {
        "mean": 3.81080508232,
        "var": 3.91892290115
    },
    "melbands_spread": {
        "mean": 12.374297142,
        "var": 245.103271484
    },
    "pitch_salience": {
        "mean": 0.549767315388,
        "var": 0.0117741217837
    },
    "silence_rate_20dB": {
        "mean": 1,
        "var": 0
    },
    "silence_rate_30dB": {
        "mean": 0.971163749695,
        "var": 0.0280047692358
    },
    "silence_rate_60dB": {
        "mean": 0.262100934982,
        "var": 0.193402603269
    },
    "spectral_centroid": {
        "mean": 808.127807617,
        "var": 332789.1875
    },
    "spectral_complexity": {
        "mean": 8.08856868744,
        "var": 35.8283348083
    },
    "spectral_decrease": {
        "mean": -4.9297663729e-009,
        "var": 7.90164875711e-017
    },
    "spectral_energy": {
        "mean": 0.019369173795,
        "var": 0.00119587336667
    },
    "spectral_energyband_high": {
        "mean": 0.000279145984678,
        "var": 2.31295757658e-007
    },
    "spectral_energyband_low": {
        "mean": 0.00652607670054,
        "var": 0.000308457441861
    },
    "spectral_energyband_middle_high": {
        "mean": 0.00121299969032,
        "var": 5.71355940338e-006
    },
    "spectral_energyband_middle_low": {
        "mean": 0.0121889421716,
        "var": 0.000555362203158
    },
    "spectral_entropy": {
        "mean": 7.26382827759,
        "var": 0.314274579287
    },
    "spectral_flux": {
        "mean": 0.0797452107072,
        "var": 0.00637748697773
    },
    "spectral_kurtosis": {
        "mean": 5.13093233109,
        "var": 14.4850854874
    },
    "spectral_rms": {
        "mean": 0.00338232167996,
        "var": 7.45668421587e-006
    },
    "spectral_rolloff": {
        "mean": 1163.34655762,
        "var": 4361919
    },
    "spectral_skewness": {
        "mean": 1.80884838104,
        "var": 0.349858343601
    },
    "spectral_spread": {
        "mean": 5711378,
        "var": 6.96771674112e+012
    },
    "spectral_strongpeak": {
        "mean": 0.577331602573,
        "var": 0.374181300402
    },
    "zerocrossingrate": {
        "mean": 0.0545177832246,
        "var": 0.00249664578587
    },
    "barkbands": {
        "mean": [0.000126657498186, 0.00304148136638, 0.00256769754924, 0.00136782904156, 0.00573626952246, 0.00237459456548, 0.00106587586924, 0.000811512349173, 0.000720009382349, 0.000264839298325, 0.000238617954892, 0.000204542360734, 0.000120547789265, 0.000112771107524, 9.81949342531e-005, 6.06748508289e-005, 4.59101029264e-005, 4.55035951745e-005, 6.33835588815e-005, 6.26001565251e-005, 5.911394328e-005, 3.57316384907e-005, 2.85970927507e-005, 3.2173589716e-005, 3.65338819392e-005, 4.13272464357e-005, 6.19677757641e-006],
        "var": [1.61805431276e-007, 0.000151449159603, 2.60779816017e-005, 1.30157559397e-005, 0.000140534844832, 5.93254007981e-005, 6.87134979671e-006, 2.16624739551e-005, 5.25369659954e-006, 3.78902598186e-007, 2.23679876399e-007, 5.36399170414e-007, 1.17780700748e-007, 1.3206083338e-007, 8.25212538302e-008, 5.22164711469e-008, 2.00395415817e-008, 7.3760380026e-009, 2.21323190885e-008, 2.99075715304e-008, 1.72417742306e-008, 5.56032686561e-009, 3.23801718771e-009, 5.00220620481e-009, 5.16130382877e-009, 9.79994041472e-009, 3.06245973025e-010]
    },
    "erbbands": {
        "mean": [0.0701943933964, 0.757101714611, 2.50993013382, 4.54013442993, 7.53493833542, 21.7141208649, 33.6650466919, 13.09724617, 12.3757886887, 16.9459838867, 18.9090671539, 16.9362812042, 11.9256305695, 7.69222688675, 9.87482738495, 8.12463378906, 6.19522333145, 5.79486370087, 5.38761758804, 4.65341520309, 2.83866786957, 2.63098406792, 2.35140872002, 3.27118659019, 2.89078021049, 2.91208004951, 3.2001247406, 1.70107161999, 1.18491089344, 1.20915389061, 0.835826933384, 0.622813045979, 0.550461173058, 0.417247235775, 0.260949760675, 0.151523411274, 0.0819650366902, 0.0201692916453, 0.000606617191806, 3.50609516317e-005],
        "var": [0.0791068449616, 8.81028556824, 36.2562637329, 84.6411361694, 319.714355469, 2205.57836914, 9915.63964844, 2405.0703125, 1009.44036865, 1545.85839844, 14836.2226563, 2690.20019531, 1495.67687988, 249.724899292, 442.843688965, 770.266967773, 322.406158447, 342.944671631, 250.712692261, 289.999328613, 45.7415962219, 58.3358535767, 20.0278987885, 51.97889328, 45.0739097595, 65.8923492432, 82.9212265015, 10.5060214996, 6.12366628647, 6.82792329788, 2.73039054871, 2.2476131916, 1.25703644753, 0.641037225723, 0.296802848577, 0.122476607561, 0.0409632213414, 0.00263175508007, 2.68334247266e-006, 3.40925643272e-009]
    },
    "gfcc": {
        "mean": [-82.832244873, 90.2119369507, -86.612159729, 20.7981243134, -73.2330093384, 2.92854070663, -38.396396637, 4.16207647324, -36.2571907043, -2.38601899147, -18.3915405273, -1.50436794758, -12.1310806274],
        "cov": [[8188.51611328, -530.679626465, -290.16519165, 102.114654541, 279.125854492, 91.432762146, -129.846008301, -111.427848816, -38.5508003235, 175.896575928, -224.445877075, 102.674827576, 37.7579612732], [-530.679626465, 2081.92480469, -509.944396973, 362.179321289, 394.497314453, 64.225769043, 52.2253456116, -202.620559692, 144.802032471, -292.956451416, 127.205375671, -341.069061279, 198.273590088], [-290.16519165, -509.944396973, 986.34979248, 166.232772827, -54.9798088074, 51.6378936768, -105.856758118, 24.4224910736, 36.4946212769, 58.9505767822, -127.606079102, 164.289093018, -62.0729255676], [102.114654541, 362.179321289, 166.232772827, 685.295043945, 427.587768555, 157.800201416, -20.8923835754, -32.1915130615, 75.3151397705, -102.694786072, -132.051757813, -149.386184692, 109.160552979], [279.125854492, 394.497314453, -54.9798088074, 427.587768555, 552.097167969, 235.71484375, 33.5957450867, -43.5652809143, 50.0193367004, -46.3462104797, -125.48235321, -152.917739868, 89.3771057129], [91.432762146, 64.225769043, 51.6378936768, 157.800201416, 235.71484375, 280.4347229, 52.4461326599, -3.71077346802, 24.8237915039, -1.33656513691, -76.2074050903, -81.7283325195, 8.67472743988], [-129.846008301, 52.2253456116, -105.856758118, -20.8923835754, 33.5957450867, 52.4461326599, 154.661727905, 32.0377616882, -5.88608789444, 7.2885761261, 24.1612472534, -23.3511352539, -20.424413681], [-111.427848816, -202.620559692, 24.4224910736, -32.1915130615, -43.5652809143, -3.71077346802, 32.0377616882, 154.708633423, 15.7731332779, 19.0116424561, 5.14741802216, 37.6853256226, -25.5768413544], [-38.5508003235, 144.802032471, 36.4946212769, 75.3151397705, 50.0193367004, 24.8237915039, -5.88608789444, 15.7731332779, 111.21686554, -7.9991312027, -12.5939712524, -10.5605993271, 9.08825683594], [175.896575928, -292.956451416, 58.9505767822, -102.694786072, -46.3462104797, -1.33656513691, 7.2885761261, 19.0116424561, -7.9991312027, 135.950622559, 19.6073322296, 67.8230514526, -33.2058792114], [-224.445877075, 127.205375671, -127.606079102, -132.051757813, -125.48235321, -76.2074050903, 24.1612472534, 5.14741802216, -12.5939712524, 19.6073322296, 175.927368164, 28.0496749878, -5.97169494629], [102.674827576, -341.069061279, 164.289093018, -149.386184692, -152.917739868, -81.7283325195, -23.3511352539, 37.6853256226, -10.5605993271, 67.8230514526, 28.0496749878, 186.368865967, -39.3453865051], [37.7579612732, 198.273590088, -62.0729255676, 109.160552979, 89.3771057129, 8.67472743988, -20.424413681, -25.5768413544, 9.08825683594, -33.2058792114, -5.97169494629, -39.3453865051, 97.7621994019]],
        "icov": [[0.000151759348228, 7.482282399e-006, 0.000180883493158, -9.73548303591e-005, -1.36859962367e-005, -7.01550816302e-005, 0.000171877254616, 0.000125049802591, 4.26437472925e-005, -0.000241476736846, 0.000256968982285, -0.000291035714326, 4.9711416068e-005], [7.482282399e-006, 0.00194257032126, -8.67096314323e-005, 0.00057026167633, -0.00131105014589, 0.000586947891861, -0.000704346457496, 0.00180824496783, -0.00251374254003, 0.00304068136029, -0.00249528954737, 0.00164631416555, -0.00138538144529], [0.000180883493158, -8.67096314323e-005, 0.0023472069297, -0.00165599444881, 0.00126058701426, -0.00124039896764, 0.00124194938689, 0.00032216872205, -9.98980794975e-006, -0.000919256126508, 0.00151006155647, -0.00265965750441, 0.0014572791988], [-9.73548303591e-005, 0.00057026167633, -0.00165599444881, 0.00481707137078, -0.00345812388696, 0.0012244906975, -0.000382555444958, -0.000112261855975, -0.0016723156441, 0.00268747215159, -0.000925924570765, 0.00262331077829, -0.00253803795204], [-1.36859962367e-005, -0.00131105014589, 0.00126058701426, -0.00345812388696, 0.00721172336489, -0.00352629180998, -7.0893256634e-005, -0.000323943735566, 0.00130457710475, -0.0034961772617, 0.00353226135485, -0.00116255437024, -0.000614776392467], [-7.01550816302e-005, 0.000586947891861, -0.00124039896764, 0.0012244906975, -0.00352629180998, 0.00734749436378, -0.00223322981037, 0.000188836405869, -0.00113199814223, 0.000241849396843, -0.000122285113321, 0.00312240398489, 0.00027312914608], [0.000171877254616, -0.000704346457496, 0.00124194938689, -0.000382555444958, -7.0893256634e-005, -0.00223322981037, 0.00939502939582, -0.00235088705085, 0.00170448503923, -0.00144830043428, -0.000375298492145, -0.000817322114017, 0.00318631995469], [0.000125049802591, 0.00180824496783, 0.00032216872205, -0.000112261855975, -0.000323943735566, 0.000188836405869, -0.00235088705085, 0.00945031922311, -0.00372961210087, 0.00235783820972, -0.00157472491264, -0.000404438265832, -0.000236433275859], [4.26437472925e-005, -0.00251374254003, -9.98980794975e-006, -0.0016723156441, 0.00130457710475, -0.00113199814223, 0.00170448503923, -0.00372961210087, 0.0133593054488, -0.00388240674511, 0.00273772422224, -0.00224790116772, 0.00193269050214], [-0.000241476736846, 0.00304068136029, -0.000919256126508, 0.00268747215159, -0.0034961772617, 0.000241849396843, -0.00144830043428, 0.00235783820972, -0.00388240674511, 0.015556323342, -0.00545606389642, 3.51896289885e-007, -0.000857312988956], [0.000256968982285, -0.00249528954737, 0.00151006155647, -0.000925924570765, 0.00353226135485, -0.000122285113321, -0.000375298492145, -0.00157472491264, 0.00273772422224, -0.00545606389642, 0.0121187539771, -0.00322638242505, 0.000579398067202], [-0.000291035714326, 0.00164631416555, -0.00265965750441, 0.00262331077829, -0.00116255437024, 0.00312240398489, -0.000817322114017, -0.000404438265832, -0.00224790116772, 3.51896289885e-007, -0.00322638242505, 0.0133252097294, -0.00196031364612], [4.9711416068e-005, -0.00138538144529, 0.0014572791988, -0.00253803795204, -0.000614776392467, 0.00027312914608, 0.00318631995469, -0.000236433275859, 0.00193269050214, -0.000857312988956, 0.000579398067202, -0.00196031364612, 0.0166958793998]]
    },
    "melbands": {
        "mean": [0.000760503637139, 0.00126225687563, 0.000804664276075, 0.00105441687629, 0.00115013984032, 0.000313557306072, 0.00020062380645, 0.000181343712029, 0.00015175488079, 0.000102147132566, 5.65004957025e-005, 2.93818939099e-005, 3.44658619724e-005, 2.2662414267e-005, 1.94953354367e-005, 1.07782734631e-005, 1.09854581751e-005, 8.64825051394e-006, 7.09013556843e-006, 5.20054072695e-006, 2.94687561109e-006, 2.85838518721e-006, 2.18425475396e-006, 2.09804898077e-006, 2.74760031971e-006, 2.23093434215e-006, 1.78280822638e-006, 1.99264422918e-006, 2.28623230214e-006, 1.22461062801e-006, 8.9692940719e-007, 6.39621646314e-007, 6.8690178523e-007, 6.36360482531e-007, 5.08722678205e-007, 4.03490560075e-007, 3.58438768444e-007, 3.58989552751e-007, 4.00259182243e-007, 3.34443171823e-007],
        "var": [9.34530999075e-006, 1.19160986287e-005, 2.97020187645e-006, 5.42839416084e-006, 9.57903648668e-006, 1.24877760754e-006, 2.61044903027e-007, 2.17363492538e-007, 8.98949224393e-007, 1.05925550997e-007, 3.56706557625e-008, 4.47382708657e-009, 5.37409405865e-009, 4.6798245279e-009, 7.65693730642e-009, 1.09570752471e-009, 1.23542176489e-009, 6.98136937149e-010, 4.20081885943e-010, 5.09018494022e-010, 5.03669918273e-011, 1.02962617599e-010, 2.26836188721e-011, 1.45441774943e-011, 4.12914633041e-011, 3.11904183037e-011, 1.24890193673e-011, 4.11686969237e-011, 5.19880839767e-011, 7.01867427025e-012, 3.3311684574e-012, 1.9575831841e-012, 2.30167404233e-012, 1.94143551062e-012, 1.06372950812e-012, 7.30039726587e-013, 9.51533339968e-013, 5.97065962209e-013, 6.08112735515e-013, 4.39975584177e-013]
    },
    "mfcc": {
        "mean": [-736.740356445, 127.265007019, 28.7919425964, 19.3400287628, -8.72918319702, -5.35058736801, 2.30488300323, -2.82993865013, -6.97674131393, -5.20537519455, -7.01612901688, -5.38236379623, -5.54677200317],
        "cov": [[7673.46826172, -204.34286499, -680.107666016, 108.562660217, 213.452514648, 297.795379639, -58.8110198975, -121.178153992, 106.242675781, 49.61460495, -74.1788406372, -135.213088989, -17.0455150604], [-204.34286499, 1266.3873291, -305.136505127, 90.1661911011, 136.074462891, 109.920898438, 36.8522415161, 7.96509361267, -23.6055488586, 21.2467021942, -64.4954681396, 13.117647171, -68.2196884155], [-680.107666016, -305.136505127, 797.489257813, 52.6321525574, 14.4016284943, -15.3691902161, -137.248458862, 41.3743400574, -2.11486625671, -84.7818145752, 38.2588310242, 15.9360561371, 58.6924705505], [108.562660217, 90.1661911011, 52.6321525574, 455.424804688, 299.426300049, 150.062561035, 19.4604320526, 35.8099136353, 136.370132446, 15.9046201706, -78.114982605, -38.1586608887, -27.8964824677], [213.452514648, 136.074462891, 14.4016284943, 299.426300049, 507.514801025, 286.004333496, 45.5707206726, 36.1466140747, 190.574890137, 74.4305114746, -76.1838150024, -69.9647140503, -72.6725692749], [297.795379639, 109.920898438, -15.3691902161, 150.062561035, 286.004333496, 378.885894775, 73.1202468872, 12.2555494308, 131.217636108, 67.8717651367, -13.1721334457, -84.5340042114, -60.7996635437], [-58.8110198975, 36.8522415161, -137.248458862, 19.4604320526, 45.5707206726, 73.1202468872, 197.932998657, 15.7441701889, 22.2856044769, 66.9628982544, -11.8011274338, -1.34672343731, -30.1888217926], [-121.178153992, 7.96509361267, 41.3743400574, 35.8099136353, 36.1466140747, 12.2555494308, 15.7441701889, 134.810943604, 52.7848396301, 2.93672370911, 9.42319965363, 19.1492080688, 10.0613384247], [106.242675781, -23.6055488586, -2.11486625671, 136.370132446, 190.574890137, 131.217636108, 22.2856044769, 52.7848396301, 192.529953003, 50.2362213135, -28.4975376129, -38.5227012634, -39.8622817993], [49.61460495, 21.2467021942, -84.7818145752, 15.9046201706, 74.4305114746, 67.8717651367, 66.9628982544, 2.93672370911, 50.2362213135, 102.373527527, 13.3792572021, -9.60450744629, -28.7967166901], [-74.1788406372, -64.4954681396, 38.2588310242, -78.114982605, -76.1838150024, -13.1721334457, -11.8011274338, 9.42319965363, -28.4975376129, 13.3792572021, 98.8965530396, 34.7052841187, 23.3746986389], [-135.213088989, 13.117647171, 15.9360561371, -38.1586608887, -69.9647140503, -84.5340042114, -1.34672343731, 19.1492080688, -38.5227012634, -9.60450744629, 34.7052841187, 101.005027771, 45.2004241943], [-17.0455150604, -68.2196884155, 58.6924705505, -27.8964824677, -72.6725692749, -60.7996635437, -30.1888217926, 10.0613384247, -39.8622817993, -28.7967166901, 23.3746986389, 45.2004241943, 90.2577438354]],
        "icov": [[0.000163484117365, 8.87462229002e-005, 0.000213851031731, -2.01644634217e-005, -1.4347184333e-005, -0.000200530514121, 0.00023389494163, 6.42918312224e-005, 3.1874042179e-005, 3.58353531738e-006, 0.000101182908111, 2.16272528633e-005, -0.000144726102008], [8.87462229002e-005, 0.00113175879233, 0.000552007229999, -0.000156161855557, -0.000146083315485, -0.000718369556125, 0.000637737975921, -0.000442157615907, 0.000995341339149, -7.70190017647e-005, 0.000853721925523, -0.00109367771074, 0.000867650669534], [0.000213851031731, 0.000552007229999, 0.00208309083246, -0.000277690036455, -0.000407627085224, -0.000522304268088, 0.00122675835155, -0.000483171024825, 0.000414990383433, 0.00114183197729, -0.000569007999729, -0.000183953365195, -0.000411601504311], [-2.01644634217e-005, -0.000156161855557, -0.000277690036455, 0.00404776353389, -0.00200521782972, 0.000161044081324, -0.000398712407332, 1.32551494971e-005, -0.00121077743825, 0.00095528975362, 0.00139542331453, -0.000171865802258, -0.000836355960928], [-1.4347184333e-005, -0.000146083315485, -0.000407627085224, -0.00200521782972, 0.00638033403084, -0.00312716513872, 0.00109835586045, -0.000309738650685, -0.00167649518698, -0.00263633555733, 0.0031836561393, -0.00135559146293, 0.00123761699069], [-0.000200530514121, -0.000718369556125, -0.000522304268088, 0.000161044081324, -0.00312716513872, 0.00700448360294, -0.00262860232033, 0.000843934016302, -0.00174473726656, 0.000752909632865, -0.00422481540591, 0.00465418817475, -0.00073120550951], [0.00023389494163, 0.000637737975921, 0.00122675835155, -0.000398712407332, 0.00109835586045, -0.00262860232033, 0.00867247767746, -0.00184567563701, 0.00207755970769, -0.00510832760483, 0.00335259898566, -0.00263231410645, 0.00156310107559], [6.42918312224e-005, -0.000442157615907, -0.000483171024825, 1.32551494971e-005, -0.000309738650685, 0.000843934016302, -0.00184567563701, 0.00993666704744, -0.00429171323776, 0.00208978517912, -0.00206464482471, -0.00126213894691, -0.00147158687469], [3.1874042179e-005, 0.000995341339149, 0.000414990383433, -0.00121077743825, -0.00167649518698, -0.00174473726656, 0.00207755970769, -0.00429171323776, 0.0117425555363, -0.00398916937411, 0.002098163357, 4.4322998292e-005, 0.0021101734601], [3.58353531738e-006, -7.70190017647e-005, 0.00114183197729, 0.00095528975362, -0.00263633555733, 0.000752909632865, -0.00510832760483, 0.00208978517912, -0.00398916937411, 0.0186060052365, -0.0066480091773, 0.000317596830428, 0.0016752058873], [0.000101182908111, 0.000853721925523, -0.000569007999729, 0.00139542331453, 0.0031836561393, -0.00422481540591, 0.00335259898566, -0.00206464482471, 0.002098163357, -0.0066480091773, 0.0183168500662, -0.00625793589279, -0.000269475975074], [2.16272528633e-005, -0.00109367771074, -0.000183953365195, -0.000171865802258, -0.00135559146293, 0.00465418817475, -0.00263231410645, -0.00126213894691, 4.4322998292e-005, 0.000317596830428, -0.00625793589279, 0.0185190401971, -0.00698474003002], [-0.000144726102008, 0.000867650669534, -0.000411601504311, -0.000836355960928, 0.00123761699069, -0.00073120550951, 0.00156310107559, -0.00147158687469, 0.0021101734601, 0.0016752058873, -0.000269475975074, -0.00698474003002, 0.0179419219494]]
    },
    "spectral_contrast_coeffs": {
        "mean": [-0.585452198982, -0.732614994049, -0.782430887222, -0.814229369164, -0.82184869051, -0.801748454571],
        "var": [0.00863119028509, 0.00718164071441, 0.00513596599922, 0.0039252541028, 0.00222332729027, 0.00117529835552]
    },
    "spectral_contrast_valleys": {
        "mean": [-8.12353134155, -7.29062318802, -8.01044845581, -8.88774585724, -8.58690357208, -10.7178173065],
        "var": [1.53780269623, 1.0283921957, 1.01076304913, 1.19565927982, 1.01003158092, 1.10800886154]
    }
},
"metadata": {
    "audio_properties": {
        "analysis_sample_rate": 44100,
        "bit_rate": 128074,
        "equal_loudness": 0,
        "length": 45.0612258911,
        "lossless": 0,
        "replay_gain": -8.28587722778,
        "sample_rate": 44100,
        "codec": "mp3",
        "downmix": "mix",
        "md5_encoded": "db0b136ab84084794fc088b5892d85a4"
    },
    "tags": {
        "file_name": "1853.mp3"
    },
    "version": {
        "essentia": "2.1-beta2",
        "essentia_git_sha": "v2.1_beta2",
        "extractor": "music 1.0"
    }
},
"rhythm": {
    "beats_count": 87,
    "beats_loudness": {
        "mean": 0.042168982327,
        "var": 0.00175209704321
    },
    "bpm": 119.530662537,
    "bpm_histogram_first_peak_bpm": {
        "mean": 120,
        "var": 0
    },
    "bpm_histogram_first_peak_spread": {
        "mean": 0.50819671154,
        "var": 0
    },
    "bpm_histogram_first_peak_weight": {
        "mean": 0.348837196827,
        "var": 0
    },
    "bpm_histogram_second_peak_bpm": {
        "mean": 115,
        "var": 0
    },
    "bpm_histogram_second_peak_spread": {
        "mean": 0.478260874748,
        "var": 0
    },
    "bpm_histogram_second_peak_weight": {
        "mean": 0.139534890652,
        "var": 0
    },
    "danceability": 1.77725851536,
    "onset_rate": 5.8560552597,
    "beats_loudness_band_ratio": {
        "mean": [0.389549523592, 0.442301660776, 0.123824559152, 0.0410743393004, 0.0137348137796, 0.0269348565489],
        "var": [0.0787910223007, 0.0685642808676, 0.0269935149699, 0.00347719341516, 0.000318481994327, 0.00109386572149]
    },
    "beats_position": [0.568888902664, 1.16099774837, 1.71827661991, 2.2523355484, 2.7863945961, 3.30884337425, 3.83129239082, 4.3653512001, 4.8994102478, 5.4334692955, 5.9675283432, 6.48997735977, 7.01242637634, 7.5464849472, 8.06893444061, 8.59138298035, 9.12544155121, 9.65950107574, 10.1819496155, 10.71600914, 11.2500677109, 11.7725172043, 12.2833557129, 12.8058052063, 13.328253746, 13.8507022858, 14.3731517792, 14.8607711792, 15.3599996567, 15.8592290878, 16.3700675964, 16.8809070587, 17.3801364899, 17.8793640137, 18.390203476, 18.9010429382, 19.4118824005, 19.9111099243, 20.4103393555, 20.9095687866, 21.4204082489, 21.9196376801, 22.430475235, 22.9297046661, 23.4173240662, 23.9165534973, 24.4273910522, 24.9150104523, 25.4258499146, 25.9366893768, 26.435918808, 26.9351463318, 27.4343757629, 27.9336051941, 28.4444446564, 28.9436721802, 29.4429016113, 29.9305210114, 30.4413604736, 30.9405899048, 31.4514274597, 31.9506568909, 32.4614944458, 32.9491157532, 33.4367332458, 33.9243545532, 34.4351921082, 34.9460296631, 35.4452590942, 35.9444885254, 36.455329895, 36.9545555115, 37.4537849426, 37.9530143738, 38.4522438049, 38.9630813599, 39.4739227295, 39.9615402222, 40.4723815918, 40.9716110229, 41.4708366394, 41.9700660706, 42.4692955017, 42.9685249329, 43.4793624878, 43.9785919189, 44.4894332886]
},
"tonal": {
    "chords_changes_rate": 0.138888895512,
    "chords_number_rate": 0.0102880662307,
    "chords_strength": {
        "mean": 0.504022121429,
        "var": 0.0227318555117
    },
    "hpcp_entropy": {
        "mean": 2.13397407532,
        "var": 0.505713403225
    },
    "key_strength": 0.53380471468,
    "tuning_diatonic_strength": 0.489106804132,
    "tuning_equal_tempered_deviation": 0.201114475727,
    "tuning_frequency": 451.84777832,
    "tuning_nontempered_energy_ratio": 0.892205119133,
    "hpcp": {
        "mean": [0.314437091351, 0.231712386012, 0.133931428194, 0.124513201416, 0.142113387585, 0.177522808313, 0.225865453482, 0.240189820528, 0.180267930031, 0.120500817895, 0.126968115568, 0.161928221583, 0.226134881377, 0.217589363456, 0.125957027078, 0.0832429453731, 0.0721625238657, 0.0705577731133, 0.0864048451185, 0.126414582133, 0.152407363057, 0.121333628893, 0.0784893408418, 0.0517889857292, 0.0382790416479, 0.0388302244246, 0.040811277926, 0.0464535728097, 0.065303966403, 0.0764134526253, 0.0644384548068, 0.0512868575752, 0.0496736876667, 0.0838408395648, 0.153698474169, 0.253224670887],
        "var": [0.132383972406, 0.0818374752998, 0.0481657683849, 0.0509415455163, 0.0579447969794, 0.0769787207246, 0.0973834618926, 0.112835481763, 0.0763237178326, 0.0450909920037, 0.0489156916738, 0.0612612403929, 0.102462679148, 0.104053884745, 0.046753577888, 0.0299862995744, 0.0275027919561, 0.028729878366, 0.0308048222214, 0.0440863594413, 0.0471047647297, 0.0308891888708, 0.0240395478904, 0.0149916056544, 0.0111182993278, 0.0123403146863, 0.0108390711248, 0.0109244110063, 0.0192109476775, 0.0273389182985, 0.0209686998278, 0.0150342527777, 0.0131238112226, 0.030579360202, 0.0652394294739, 0.0921452865005]
    },
    "chords_histogram": [23.7654323578, 0, 0.102880656719, 19.9588470459, 11.8312759399, 2.16049385071, 2.88065838814, 0.308641970158, 0, 0, 16.6666660309, 0, 0, 0, 0, 0, 0, 5.96707820892, 0, 0.102880656719, 6.58436203003, 5.14403295517, 0, 4.52674913406],
    "thpcp": [1, 0.736911773682, 0.425940304995, 0.39598762989, 0.451961278915, 0.564573347569, 0.718316853046, 0.76387244463, 0.573303639889, 0.383227109909, 0.403794974089, 0.51497811079, 0.719173669815, 0.691996514797, 0.400579422712, 0.264736413956, 0.229497492313, 0.22439391911, 0.274792164564, 0.402034580708, 0.484699070454, 0.385875701904, 0.249618574977, 0.164703801274, 0.121738314629, 0.123491235077, 0.129791557789, 0.147735670209, 0.207685321569, 0.243016660213, 0.20493273437, 0.163106888533, 0.157976552844, 0.266637891531, 0.488805174828, 0.805326998234],
    "chords_key": "A",
    "chords_scale": "major",
    "key_key": "A",
    "key_scale": "major"
}
}