{
"lowlevel": {
    "average_loudness": 0.948625922203,
    "barkbands_crest": {
        "mean": 5.19130849838,
        "var": 3.22701239586
    },
    "barkbands_flatness_db": {
        "mean": 0.122690908611,
        "var": 0.000662558828481
    },
    "barkbands_kurtosis": {
        "mean": -0.841418623924,
        "var": 0.235044494271
    },
    "barkbands_skewness": {
        "mean": 0.00835057534277,
        "var": 0.167964011431
    },
    "barkbands_spread": {
        "mean": 25.4634170532,
        "var": 34.7455101013
    },
    "dissonance": {
        "mean": 0.483144700527,
        "var": 0.000159804389114
    },
    "dynamic_complexity": 3.50078678131,
    "erbbands_crest": {
        "mean": 6.68006658554,
        "var": 3.68579626083
    },
    "erbbands_flatness_db": {
        "mean": 0.210209727287,
        "var": 0.00106244056951
    },
    "erbbands_kurtosis": {
        "mean": 0.434890210629,
        "var": 0.629717767239
    },
    "erbbands_skewness": {
        "mean": -0.475719749928,
        "var": 0.174741849303
    },
    "erbbands_spread": {
        "mean": 20.33735466,
        "var": 37.6641654968
    },
    "hfc": {
        "mean": 30.2614192963,
        "var": 292.513061523
    },
    "melbands_crest": {
        "mean": 8.13080692291,
        "var": 10.3658256531
    },
    "melbands_flatness_db": {
        "mean": 0.155696704984,
        "var": 0.000965601066127
    },
    "melbands_kurtosis": {
        "mean": -0.0204698797315,
        "var": 2.0184006691
    },
    "melbands_skewness": {
        "mean": 0.760218262672,
        "var": 0.261947453022
    },
    "melbands_spread": {
        "mean": 42.1353874207,
        "var": 83.3231124878
    },
    "pitch_salience": {
        "mean": 0.672929763794,
        "var": 0.00471563730389
    },
    "silence_rate_20dB": {
        "mean": 1,
        "var": 0
    },
    "silence_rate_30dB": {
        "mean": 1,
        "var": 0
    },
    "silence_rate_60dB": {
        "mean": 0.129763126373,
        "var": 0.112924091518
    },
    "spectral_centroid": {
        "mean": 1743.7310791,
        "var": 132449.140625
    },
    "spectral_complexity": {
        "mean": 30.419670105,
        "var": 133.457855225
    },
    "spectral_decrease": {
        "mean": -6.41255670786e-009,
        "var": 1.17247665407e-017
    },
    "spectral_energy": {
        "mean": 0.0269472263753,
        "var": 0.000203210511245
    },
    "spectral_energyband_high": {
        "mean": 0.000316581397783,
        "var": 4.06633915873e-007
    },
    "spectral_energyband_low": {
        "mean": 0.0049157962203,
        "var": 2.65851194854e-005
    },
    "spectral_energyband_middle_high": {
        "mean": 0.0138481911272,
        "var": 6.37434131932e-005
    },
    "spectral_energyband_middle_low": {
        "mean": 0.0085479831323,
        "var": 3.06788388116e-005
    },
    "spectral_entropy": {
        "mean": 7.61220407486,
        "var": 0.0293011516333
    },
    "spectral_flux": {
        "mean": 0.0829329639673,
        "var": 0.0012416500831
    },
    "spectral_kurtosis": {
        "mean": 7.45793294907,
        "var": 11.3709573746
    },
    "spectral_rms": {
        "mean": 0.00477817095816,
        "var": 3.45898820342e-006
    },
    "spectral_rolloff": {
        "mean": 2173.17626953,
        "var": 388941.90625
    },
    "spectral_skewness": {
        "mean": 1.62029588223,
        "var": 0.127811402082
    },
    "spectral_spread": {
        "mean": 2540292.25,
        "var": 1.52485612749e+012
    },
    "spectral_strongpeak": {
        "mean": 0.976211667061,
        "var": 1.61371147633
    },
    "zerocrossingrate": {
        "mean": 0.0668525397778,
        "var": 0.000309403869323
    },
    "barkbands": {
        "mean": [6.89469961799e-005, 0.00284868851304, 0.00144901080057, 0.00124830624554, 0.00165834277868, 0.000913561962079, 0.00130009581335, 0.00115916982759, 0.00190921756439, 0.00128204212524, 0.0012710832525, 0.00220679817721, 0.00147740799002, 0.00143738929182, 0.00175282999408, 0.001617557602, 0.00170873035677, 0.000708781415597, 0.00047624236322, 0.000180348448339, 6.94152913638e-005, 4.8136775149e-005, 8.8976623374e-005, 4.50473198725e-005, 1.74981014425e-005, 3.52833262696e-006, 1.04995173444e-007],
        "var": [1.57590758221e-008, 1.47634473251e-005, 4.108815574e-006, 2.77838375951e-006, 3.3965966395e-006, 1.06511924969e-006, 2.57063652498e-006, 3.03937463286e-006, 2.59621606347e-006, 1.74311367118e-006, 2.06748677556e-006, 4.09374797528e-006, 1.73955811533e-006, 1.82497331025e-006, 1.95249890567e-006, 1.63371714734e-006, 2.42304417952e-006, 5.00338273923e-007, 3.90629196545e-007, 4.59850539869e-008, 9.18739129219e-009, 8.60526494506e-009, 8.17555729782e-008, 2.36579271728e-008, 3.17099768665e-009, 7.67987479167e-011, 1.00147049941e-013]
    },
    "erbbands": {
        "mean": [0.0480009056628, 0.738488972187, 1.95834636688, 2.78315901756, 4.22310447693, 6.41308450699, 6.7943816185, 8.03805160522, 14.3150463104, 22.9805278778, 30.926235199, 42.2951469421, 43.8605613708, 41.5139846802, 55.5495414734, 91.4190368652, 73.9369277954, 70.2398834229, 81.5754852295, 94.7601623535, 102.987113953, 92.3548965454, 42.1038360596, 33.2546768188, 18.6388339996, 7.98479032516, 3.49716281891, 2.18396377563, 1.62973690033, 2.30939698219, 2.52973389626, 1.03331673145, 0.752550423145, 0.301157176495, 0.0734652504325, 0.0239686574787, 0.00475633284077, 0.000573480967432, 3.0842194974e-005, 3.42410930898e-005],
        "var": [0.00594365503639, 0.993557095528, 5.61554670334, 10.9599523544, 25.9253482819, 60.2638511658, 51.9252967834, 94.0319442749, 310.643157959, 1018.10980225, 1704.81433105, 1430.5703125, 1718.70336914, 1326.35913086, 2496.94799805, 6572.39599609, 3562.15844727, 3878.10791016, 4364.14453125, 6044.9375, 6452.97753906, 6863.70751953, 1501.49926758, 1540.35290527, 476.211334229, 91.2943572998, 18.9056339264, 12.5295448303, 9.37026309967, 34.4870109558, 72.569152832, 9.19865608215, 8.78772258759, 1.17592346668, 0.0345291122794, 0.00371373910457, 0.000140382457175, 1.98358134185e-006, 1.44763301346e-009, 3.29604288307e-010]
    },
    "gfcc": {
        "mean": [-9.0380525589, 127.629562378, -175.41595459, 26.2564125061, -42.4264297485, 12.893409729, -35.9880256653, 6.98704862595, -12.4466209412, -11.7340536118, -8.71497535706, -8.23765563965, -8.72759819031],
        "cov": [[8332.89550781, -706.09765625, 644.088317871, -193.871231079, -267.815063477, 370.742828369, -343.481384277, 195.653808594, -241.178970337, 228.264678955, -233.194091797, 234.98223877, -253.826049805], [-706.09765625, 795.768798828, -301.319580078, 39.4135360718, 244.54119873, -150.264816284, 219.9712677, -105.821304321, 173.153564453, -108.727157593, 147.584884644, -111.277862549, 122.54825592], [644.088317871, -301.319580078, 403.636077881, -12.4600658417, -68.0700836182, 180.108184814, -98.4133911133, 97.0628967285, -53.8391532898, 117.444503784, -65.5587615967, 92.8127670288, -72.0655670166], [-193.871231079, 39.4135360718, -12.4600658417, 127.633659363, 19.0303440094, 3.41070842743, 34.1980934143, -10.5118913651, 26.0718669891, -14.5385904312, 19.6534843445, -20.3973522186, 27.7519817352], [-267.815063477, 244.54119873, -68.0700836182, 19.0303440094, 205.070907593, -46.4808769226, 94.7156448364, 3.83566188812, 47.8560714722, 4.37019538879, 39.9394187927, -11.8434591293, 25.9386081696], [370.742828369, -150.264816284, 180.108184814, 3.41070842743, -46.4808769226, 168.363388062, -32.8484535217, 59.9262275696, 0.264769732952, 53.0157966614, -5.95741987228, 39.6401138306, -20.4696044922], [-343.481384277, 219.9712677, -98.4133911133, 34.1980934143, 94.7156448364, -32.8484535217, 132.515029907, -9.2321100235, 65.6875991821, -18.8473339081, 44.8234596252, -29.1619567871, 42.2341804504], [195.653808594, -105.821304321, 97.0628967285, -10.5118913651, 3.83566188812, 59.9262275696, -9.2321100235, 91.364944458, 0.31259265542, 53.8286437988, -9.99754810333, 34.8862190247, -25.2242603302], [-241.178970337, 173.153564453, -53.8391532898, 26.0718669891, 47.8560714722, 0.264769732952, 65.6875991821, 0.31259265542, 98.8739624023, 0.363272994757, 56.8656349182, -18.9925022125, 36.7044258118], [228.264678955, -108.727157593, 117.444503784, -14.5385904312, 4.37019538879, 53.0157966614, -18.8473339081, 53.8286437988, 0.363272994757, 96.864112854, -3.68969798088, 47.9992523193, -25.6781234741], [-233.194091797, 147.584884644, -65.5587615967, 19.6534843445, 39.9394187927, -5.95741987228, 44.8234596252, -9.99754810333, 56.8656349182, -3.68969798088, 84.8985671997, -6.72979593277, 31.1398849487], [234.98223877, -111.277862549, 92.8127670288, -20.3973522186, -11.8434591293, 39.6401138306, -29.1619567871, 34.8862190247, -18.9925022125, 47.9992523193, -6.72979593277, 70.0267333984, -14.77110672], [-253.826049805, 122.54825592, -72.0655670166, 27.7519817352, 25.9386081696, -20.4696044922, 42.2341804504, -25.2242603302, 36.7044258118, -25.6781234741, 31.1398849487, -14.77110672, 75.8083877563]],
        "icov": [[0.000181715935469, -0.000478194328025, 0.000299768464174, -0.000126731902128, 0.000313074706355, -0.000556051556487, 0.000376848707674, -0.000208013225347, 0.000405961531214, -0.000421470351284, 0.000682149024215, -0.000619026366621, 0.000436251342762], [-0.000478194328025, 0.0099026998505, -0.00453453278169, 0.00414966838434, -0.0065766996704, 0.00533510744572, -0.0051187844947, 0.00514269946143, -0.00757979694754, 0.00688653485849, -0.00872790440917, 0.00723525742069, -0.00418781396002], [0.000299768464174, -0.00453453278169, 0.0116666816175, -0.00375002599321, 0.0022573962342, -0.00961781106889, 0.00475122639909, -0.00223434576765, 0.00337983807549, -0.00781728792936, 0.00922288838774, -0.00774789275602, 0.00445519993082], [-0.000126731902128, 0.00414966838434, -0.00375002599321, 0.0113157564774, -0.00269106565975, 0.00210454873741, -0.00380079401657, 0.00246025738306, -0.00312717538327, 0.00374160939828, -0.00501938071102, 0.00600729137659, -0.00440090568736], [0.000313074706355, -0.0065766996704, 0.0022573962342, -0.00269106565975, 0.0125113297254, -0.00072631490184, -0.00216325628571, -0.00472780643031, 0.00537312496454, -0.0060065574944, 0.00406832946464, -0.00475382013246, 0.0027324880939], [-0.000556051556487, 0.00533510744572, -0.00961781106889, 0.00210454873741, -0.00072631490184, 0.0180075354874, -0.00378970825113, -0.00192007562146, -0.005670520477, 0.00551080796868, -0.00927549600601, 0.00565401418135, -0.00429244153202], [0.000376848707674, -0.0051187844947, 0.00475122639909, -0.00380079401657, -0.00216325628571, -0.00378970825113, 0.0202818308026, -0.00426965439692, -0.00246791122481, -0.00301950005814, 0.00537633616477, -0.00255282502621, -9.22610270209e-005], [-0.000208013225347, 0.00514269946143, -0.00223434576765, 0.00246025738306, -0.00472780643031, -0.00192007562146, -0.00426965439692, 0.0228659249842, -0.00619120988995, -0.00244387984276, -0.00138690171298, -9.75510338321e-005, 0.00177215272561], [0.000405961531214, -0.00757979694754, 0.00337983807549, -0.00312717538327, 0.00537312496454, -0.005670520477, -0.00246791122481, -0.00619120988995, 0.0292909089476, -0.00941158924252, -0.00409663654864, 0.00104869611096, -0.00156726979185], [-0.000421470351284, 0.00688653485849, -0.00781728792936, 0.00374160939828, -0.0060065574944, 0.00551080796868, -0.00301950005814, -0.00244387984276, -0.00941158924252, 0.0284146331251, -0.00822983123362, -0.00318515487015, 9.08460333449e-006], [0.000682149024215, -0.00872790440917, 0.00922288838774, -0.00501938071102, 0.00406832946464, -0.00927549600601, 0.00537633616477, -0.00138690171298, -0.00409663654864, -0.00822983123362, 0.0316939353943, -0.012693609111, 0.00334843737073], [-0.000619026366621, 0.00723525742069, -0.00774789275602, 0.00600729137659, -0.00475382013246, 0.00565401418135, -0.00255282502621, -9.75510338321e-005, 0.00104869611096, -0.00318515487015, -0.012693609111, 0.0343142785132, -0.00847674254328], [0.000436251342762, -0.00418781396002, 0.00445519993082, -0.00440090568736, 0.0027324880939, -0.00429244153202, -9.22610270209e-005, 0.00177215272561, -0.00156726979185, 9.08460333449e-006, 0.00334843737073, -0.00847674254328, 0.0235498491675]]
    },
    "melbands": {
        "mean": [0.000612263742369, 0.00105926720425, 0.000546913186554, 0.000377913180273, 0.000260752189206, 0.000183695970918, 0.000226955424296, 0.000250784651143, 0.000264380971203, 0.000262667483184, 0.000216446496779, 0.000165806122823, 0.000190495091374, 0.000199243018869, 0.000251285266131, 0.000135828900966, 0.000127648570924, 0.000130799220642, 0.000129124819068, 0.000111467386887, 0.000123769423226, 0.000107397216198, 4.59168331872e-005, 3.48951289197e-005, 2.65260132437e-005, 1.50610967466e-005, 1.07179703264e-005, 3.72467320631e-006, 2.10713665183e-006, 1.6717424387e-006, 1.13825967674e-006, 9.01355463157e-007, 9.27776056869e-007, 1.48617971263e-006, 1.73074158738e-006, 8.06081004612e-007, 5.73302315843e-007, 5.53828840566e-007, 3.97953613174e-007, 2.0475687279e-007],
        "var": [7.22357810901e-007, 1.49482116285e-006, 3.86113271134e-007, 2.05898231798e-007, 6.91696158128e-008, 4.54647732795e-008, 7.41946948324e-008, 1.08760595197e-007, 9.40541724503e-008, 5.31524761982e-008, 4.38549179194e-008, 2.29104930582e-008, 4.18814494196e-008, 3.47827757707e-008, 6.28272331937e-008, 1.48302952141e-008, 1.50137928756e-008, 1.36406681506e-008, 1.11008242598e-008, 8.39963565369e-009, 1.05940651807e-008, 9.96590276969e-009, 1.74794978491e-009, 1.45013956399e-009, 1.15134823897e-009, 4.78606210219e-010, 1.53772217182e-010, 2.44119273407e-011, 7.33992640972e-012, 6.0696760118e-012, 4.05344507959e-012, 3.10968893864e-012, 3.56003204346e-012, 1.74772366718e-011, 3.64913967099e-011, 7.14001384058e-012, 2.74279297191e-012, 5.21411473026e-012, 2.51564090739e-012, 4.88953929428e-013]
    },
    "mfcc": {
        "mean": [-628.803588867, 147.231491089, -54.6967163086, 12.5311956406, 10.2955265045, 2.70083880424, -4.19513225555, 11.9428405762, -2.41690325737, 4.81654596329, -2.23353409767, 0.596684575081, 0.980834186077],
        "cov": [[6702.45361328, -184.555862427, 384.168243408, -170.539978027, -78.3014526367, 166.808425903, -142.619171143, 90.2293624878, -122.167945862, 15.9793815613, -17.0883102417, -10.1743240356, 31.3221073151], [-184.555862427, 651.080932617, -310.190246582, 129.541030884, 16.5568370819, 33.6007537842, 37.1128578186, 33.7949638367, 32.8242797852, 31.3749713898, 22.9091053009, 35.8022041321, 19.4593315125], [384.168243408, -310.190246582, 429.927703857, -138.862838745, 42.0573959351, 42.4576568604, -16.1725521088, 3.14185333252, 1.14956200123, 2.30049037933, 26.0425338745, 8.42790985107, 32.3277397156], [-170.539978027, 129.541030884, -138.862838745, 164.636428833, -1.45444846153, 6.53590488434, 22.3170852661, 0.438731759787, 20.9325294495, 4.42684078217, -8.93049621582, 2.75752139091, -11.6021575928], [-78.3014526367, 16.5568370819, 42.0573959351, -1.45444846153, 97.3031997681, 15.2450046539, 23.8171901703, 7.96608686447, 11.4444656372, 12.56939888, 24.6327991486, 15.1269731522, 21.4606227875], [166.808425903, 33.6007537842, 42.4576568604, 6.53590488434, 15.2450046539, 75.0505752563, 15.3043670654, 13.1966943741, 15.5495376587, 11.290060997, 8.00588989258, 19.0438575745, 11.3256874084], [-142.619171143, 37.1128578186, -16.1725521088, 22.3170852661, 23.8171901703, 15.3043670654, 60.8017539978, 13.7405281067, 21.9195308685, 9.56035804749, 11.2677965164, 13.3365068436, 11.6873550415], [90.2293624878, 33.7949638367, 3.14185333252, 0.438731759787, 7.96608686447, 13.1966943741, 13.7405281067, 58.3255310059, 6.68472719193, 16.4958877563, 10.3827972412, 6.91595172882, 7.982858181], [-122.167945862, 32.8242797852, 1.14956200123, 20.9325294495, 11.4444656372, 15.5495376587, 21.9195308685, 6.68472719193, 69.9190597534, 16.7632064819, 5.82436800003, 16.2681846619, 5.78297376633], [15.9793815613, 31.3749713898, 2.30049037933, 4.42684078217, 12.56939888, 11.290060997, 9.56035804749, 16.4958877563, 16.7632064819, 46.5258140564, 23.6419372559, 15.4151477814, 10.7313222885], [-17.0883102417, 22.9091053009, 26.0425338745, -8.93049621582, 24.6327991486, 8.00588989258, 11.2677965164, 10.3827972412, 5.82436800003, 23.6419372559, 59.5077133179, 26.5975170135, 22.7487564087], [-10.1743240356, 35.8022041321, 8.42790985107, 2.75752139091, 15.1269731522, 19.0438575745, 13.3365068436, 6.91595172882, 16.2681846619, 15.4151477814, 26.5975170135, 53.8422584534, 26.5410251617], [31.3221073151, 19.4593315125, 32.3277397156, -11.6021575928, 21.4606227875, 11.3256874084, 11.6873550415, 7.982858181, 5.78297376633, 10.7313222885, 22.7487564087, 26.5410251617, 50.9506759644]],
        "icov": [[0.000190961945918, -8.51086224429e-006, -0.000117169991427, 2.65469188889e-005, 0.000170387589606, -0.000478919828311, 0.000431197200669, -0.000310259347316, 0.000323761312757, -0.000134343048558, 0.0001301678858, 6.29444839433e-005, -0.000148724066094], [-8.51086224429e-006, 0.00314450566657, 0.00268740416504, -0.0003100609174, -0.000740921997931, -0.00218286016025, 0.000741468451452, -0.00100621627644, -0.00072298705345, -0.000111437846499, -0.0010718901176, -2.29824058806e-006, -0.0016012879787], [-0.000117169991427, 0.00268740416504, 0.00623501511291, 0.00283295311965, -0.00196555862203, -0.00405664090067, 0.00169604097027, -0.000407313462347, -0.0017887869617, 0.000789559795521, -0.00196931324899, 0.00125810829923, -0.00260027102195], [2.65469188889e-005, -0.0003100609174, 0.00283295311965, 0.00938410777599, -0.000615535769612, -0.00189805938862, -0.0015838422114, 0.000750975683331, -0.00185835850425, -0.000146807637066, 0.000704812002368, 5.92301003053e-005, 0.00126463978086], [0.000170387589606, -0.000740921997931, -0.00196555862203, -0.000615535769612, 0.0136007983238, -0.000412097608205, -0.00391958467662, 0.000343825813616, 0.000307666516164, -0.000588161870837, -0.00303359376267, 0.000950520101469, -0.00255841016769], [-0.000478919828311, -0.00218286016025, -0.00405664090067, -0.00189805938862, -0.000412097608205, 0.0200935658067, -0.00398354977369, -0.000957382668275, -0.00104376475792, -0.00132584222592, 0.00290898769163, -0.00552497757599, 0.00201754481532], [0.000431197200669, 0.000741468451452, 0.00169604097027, -0.0015838422114, -0.00391958467662, -0.00398354977369, 0.023976534605, -0.00450696330518, -0.00461375759915, 0.00133366056252, -0.00153391750064, -5.62886198168e-005, -0.00328537984751], [-0.000310259347316, -0.00100621627644, -0.000407313462347, 0.000750975683331, 0.000343825813616, -0.000957382668275, -0.00450696330518, 0.0210686475039, 0.000480865885038, -0.00600104918703, -0.000271024618996, 0.00124823732767, -0.000514540472068], [0.000323761312757, -0.00072298705345, -0.0017887869617, -0.00185835850425, 0.000307666516164, -0.00104376475792, -0.00461375759915, 0.000480865885038, 0.0194405671209, -0.00614198530093, 0.00354700116441, -0.00441318843514, 0.00167662184685], [-0.000134343048558, -0.000111437846499, 0.000789559795521, -0.000146807637066, -0.000588161870837, -0.00132584222592, 0.00133366056252, -0.00600104918703, -0.00614198530093, 0.0319453068078, -0.0108339414001, -0.000969842134509, 7.86691889516e-005], [0.0001301678858, -0.0010718901176, -0.00196931324899, 0.000704812002368, -0.00303359376267, 0.00290898769163, -0.00153391750064, -0.000271024618996, 0.00354700116441, -0.0108339414001, 0.0288303624839, -0.00929488707334, -0.00338639924303], [6.29444839433e-005, -2.29824058806e-006, 0.00125810829923, 5.92301003053e-005, 0.000950520101469, -0.00552497757599, -5.62886198168e-005, 0.00124823732767, -0.00441318843514, -0.000969842134509, -0.00929488707334, 0.032054848969, -0.0120201557875], [-0.000148724066094, -0.0016012879787, -0.00260027102195, 0.00126463978086, -0.00255841016769, 0.00201754481532, -0.00328537984751, -0.000514540472068, 0.00167662184685, 7.86691889516e-005, -0.00338639924303, -0.0120201557875, 0.0312976278365]]
    },
    "spectral_contrast_coeffs": {
        "mean": [-0.652375042439, -0.770491302013, -0.791414737701, -0.786811888218, -0.737986207008, -0.745089828968],
        "var": [0.00524459034204, 0.00283498945646, 0.00200057658367, 0.00145387521479, 0.00148897059262, 0.00103881664108]
    },
    "spectral_contrast_valleys": {
        "mean": [-7.5385093689, -6.46995592117, -6.48096418381, -6.5759267807, -7.26864480972, -10.9420413971],
        "var": [1.05274307728, 0.889937579632, 0.840035736561, 0.793815851212, 0.773613810539, 1.40942358971]
    }
},
"metadata": {
    "audio_properties": {
        "analysis_sample_rate": 44100,
        "bit_rate": 128074,
        "equal_loudness": 0,
        "length": 45.0612258911,
        "lossless": 0,
        "replay_gain": -5.6819229126,
        "sample_rate": 44100,
        "codec": "mp3",
        "downmix": "mix",
        "md5_encoded": "ef41c80b09eb795d9009b885940fe5ca"
    },
    "tags": {
        "file_name": "1855.mp3"
    },
    "version": {
        "essentia": "2.1-beta2",
        "essentia_git_sha": "v2.1_beta2",
        "extractor": "music 1.0"
    }
},
"rhythm": {
    "beats_count": 98,
    "beats_loudness": {
        "mean": 0.0291866287589,
        "var": 0.000223288894631
    },
    "bpm": 131.400650024,
    "bpm_histogram_first_peak_bpm": {
        "mean": 133,
        "var": 0
    },
    "bpm_histogram_first_peak_spread": {
        "mean": 0.538461565971,
        "var": 0
    },
    "bpm_histogram_first_peak_weight": {
        "mean": 0.432989686728,
        "var": 0
    },
    "bpm_histogram_second_peak_bpm": {
        "mean": 126,
        "var": 0
    },
    "bpm_histogram_second_peak_spread": {
        "mean": 0,
        "var": 0
    },
    "bpm_histogram_second_peak_weight": {
        "mean": 0.0309278350323,
        "var": 0
    },
    "danceability": 0.807331442833,
    "onset_rate": 2.28474879265,
    "beats_loudness_band_ratio": {
        "mean": [0.21954625845, 0.101950101554, 0.156073078513, 0.213305622339, 0.298391848803, 0.0379976853728],
        "var": [0.014195128344, 0.00320144998841, 0.00440765079111, 0.00475074583665, 0.0102100381628, 0.000779334048275]
    },
    "beats_position": [0.394739210606, 0.812698423862, 1.23065757751, 1.67183673382, 2.12462592125, 2.57741498947, 3.04181408882, 3.49460315704, 3.94739222527, 4.40018129349, 4.85297060013, 5.31736946106, 5.78176879883, 6.24616765976, 6.71056699753, 7.17496585846, 7.63936471939, 8.10376358032, 8.56816291809, 9.03256225586, 9.4853515625, 9.93814086914, 10.4025392532, 10.8553285599, 11.3081178665, 11.749297142, 12.2136955261, 12.6780948639, 13.1424942017, 13.6068935394, 14.0829019547, 14.5473012924, 15.0233106613, 15.4644899368, 15.9288883209, 16.3932876587, 16.8576869965, 17.3104763031, 17.7632656097, 18.2160549164, 18.6688423157, 19.1216316223, 19.574420929, 20.0272102356, 20.45677948, 20.8979587555, 21.3623580933, 21.826757431, 22.2911567688, 22.7323360443, 23.1967334747, 23.6611328125, 24.1255321503, 24.589931488, 25.0543308258, 25.5071201324, 25.9599094391, 26.4010887146, 26.865486145, 27.3298854828, 27.8058948517, 28.2586841583, 28.7230834961, 29.1874828339, 29.6518821716, 30.1162815094, 30.5806789398, 31.0334682465, 31.474647522, 31.9274368286, 32.3802261353, 32.8330154419, 33.2858047485, 33.7385940552, 34.1797714233, 34.63256073, 35.0853500366, 35.5381393433, 36.0025405884, 36.455329895, 36.9197273254, 37.3725166321, 37.8253059387, 38.2664833069, 38.730884552, 39.1836738586, 39.6364631653, 40.0892524719, 40.5420417786, 40.9948310852, 41.4476165771, 41.9120178223, 42.3648071289, 42.8175964355, 43.281993866, 43.7347831726, 44.1875724792, 44.6519737244]
},
"tonal": {
    "chords_changes_rate": 0.0236625522375,
    "chords_number_rate": 0.00514403311536,
    "chords_strength": {
        "mean": 0.518814384937,
        "var": 0.00543513940647
    },
    "hpcp_entropy": {
        "mean": 2.49437713623,
        "var": 0.471936225891
    },
    "key_strength": 0.768303632736,
    "tuning_diatonic_strength": 0.648728907108,
    "tuning_equal_tempered_deviation": 0.0864440947771,
    "tuning_frequency": 440.763122559,
    "tuning_nontempered_energy_ratio": 0.720428705215,
    "hpcp": {
        "mean": [0.34823718667, 0.237480416894, 0.163136914372, 0.151681572199, 0.14171397686, 0.240625545382, 0.380361616611, 0.294621229172, 0.160476371646, 0.123495742679, 0.103627368808, 0.209563970566, 0.301096618176, 0.240949720144, 0.280721962452, 0.316257953644, 0.219312295318, 0.263754636049, 0.332944303751, 0.269715934992, 0.370868772268, 0.616071164608, 0.514951109886, 0.267941921949, 0.168835163116, 0.121133886278, 0.189890131354, 0.275009721518, 0.223138719797, 0.164142981172, 0.152748569846, 0.13264618814, 0.216876357794, 0.267782688141, 0.204677835107, 0.28074079752],
        "var": [0.111778564751, 0.051594492048, 0.0308006759733, 0.0280522238463, 0.0153580578044, 0.0317303016782, 0.0811637192965, 0.0431449003518, 0.0213647820055, 0.0130385756493, 0.00912221241742, 0.0376999154687, 0.0761099532247, 0.0356290079653, 0.0503518022597, 0.0647717341781, 0.0340825468302, 0.0417797341943, 0.0653545930982, 0.0471170134842, 0.0581365004182, 0.112254984677, 0.0848561823368, 0.0587769374251, 0.0340201891959, 0.0170582383871, 0.0316083095968, 0.0605427473783, 0.0349538549781, 0.0285472478718, 0.0282058753073, 0.0186323598027, 0.0336300730705, 0.0479391813278, 0.0288711357862, 0.0664002150297]
    },
    "chords_histogram": [39.711933136, 0.925925910473, 44.444442749, 0, 0.617283940315, 0.514403283596, 6.79012346268, 0, 0, 0, 0, 0, 0, 0, 0, 0, 0, 0, 0, 3.18930029869, 0, 0.925925910473, 0, 2.88065838814],
    "thpcp": [1, 0.835863053799, 0.434920400381, 0.274051398039, 0.196623206139, 0.308227598667, 0.446392774582, 0.362196326256, 0.266435086727, 0.247939810157, 0.215309843421, 0.352031350136, 0.434661954641, 0.332230836153, 0.455695390701, 0.565254807472, 0.385475635529, 0.264802068472, 0.246207877994, 0.230028584599, 0.390580773354, 0.61739885807, 0.478225976229, 0.260483503342, 0.200456947088, 0.168206810951, 0.340161949396, 0.488736748695, 0.391106963158, 0.455664843321, 0.513346493244, 0.355985313654, 0.428123652935, 0.540431559086, 0.437799960375, 0.601990163326],
    "chords_key": "E",
    "chords_scale": "major",
    "key_key": "A",
    "key_scale": "major"
}
}