{
"lowlevel": {
    "average_loudness": 0.986463963985,
    "barkbands_crest": {
        "mean": 12.4276828766,
        "var": 16.3490886688
    },
    "barkbands_flatness_db": {
        "mean": 0.0898754149675,
        "var": 0.000998472445644
    },
    "barkbands_kurtosis": {
        "mean": 4.21069192886,
        "var": 26.0332279205
    },
    "barkbands_skewness": {
        "mean": 2.06529116631,
        "var": 0.85083937645
    },
    "barkbands_spread": {
        "mean": 37.8723602295,
        "var": 192.006210327
    },
    "dissonance": {
        "mean": 0.481036365032,
        "var": 0.00013061381469
    },
    "dynamic_complexity": 0.535931766033,
    "erbbands_crest": {
        "mean": 5.80013561249,
        "var": 5.39402389526
    },
    "erbbands_flatness_db": {
        "mean": 0.0725933983922,
        "var": 0.000195337226614
    },
    "erbbands_kurtosis": {
        "mean": -0.355829596519,
        "var": 0.282795578241
    },
    "erbbands_skewness": {
        "mean": -0.11812953651,
        "var": 0.086479447782
    },
    "erbbands_spread": {
        "mean": 60.219833374,
        "var": 184.595489502
    },
    "hfc": {
        "mean": 67.9253845215,
        "var": 531.856201172
    },
    "melbands_crest": {
        "mean": 19.5956554413,
        "var": 34.0217971802
    },
    "melbands_flatness_db": {
        "mean": 0.182162880898,
        "var": 0.00179050501902
    },
    "melbands_kurtosis": {
        "mean": 26.7250041962,
        "var": 465.406524658
    },
    "melbands_skewness": {
        "mean": 4.41815280914,
        "var": 2.47506356239
    },
    "melbands_spread": {
        "mean": 21.111328125,
        "var": 125.377555847
    },
    "pitch_salience": {
        "mean": 0.489363104105,
        "var": 0.0138127841055
    },
    "silence_rate_20dB": {
        "mean": 1,
        "var": 0
    },
    "silence_rate_30dB": {
        "mean": 0.757466554642,
        "var": 0.183708459139
    },
    "silence_rate_60dB": {
        "mean": 0.00154479919001,
        "var": 0.00154241069686
    },
    "spectral_centroid": {
        "mean": 1817.42004395,
        "var": 160221.546875
    },
    "spectral_complexity": {
        "mean": 34.2713699341,
        "var": 55.975315094
    },
    "spectral_decrease": {
        "mean": -2.11352055857e-008,
        "var": 7.43970610444e-017
    },
    "spectral_energy": {
        "mean": 0.0859303176403,
        "var": 0.00105084117968
    },
    "spectral_energyband_high": {
        "mean": 0.00503388466313,
        "var": 5.33670799996e-006
    },
    "spectral_energyband_low": {
        "mean": 0.0582230836153,
        "var": 0.00116958038416
    },
    "spectral_energyband_middle_high": {
        "mean": 0.00885698292404,
        "var": 1.33094390549e-005
    },
    "spectral_energyband_middle_low": {
        "mean": 0.0155967287719,
        "var": 4.85014752485e-005
    },
    "spectral_entropy": {
        "mean": 8.21007537842,
        "var": 0.0187216550112
    },
    "spectral_flux": {
        "mean": 0.161026597023,
        "var": 0.0038908587303
    },
    "spectral_kurtosis": {
        "mean": 1.89234554768,
        "var": 0.239070504904
    },
    "spectral_rms": {
        "mean": 0.00900068879128,
        "var": 2.82203495772e-006
    },
    "spectral_rolloff": {
        "mean": 1397.89611816,
        "var": 1614044
    },
    "spectral_skewness": {
        "mean": 1.28013110161,
        "var": 0.0144977737218
    },
    "spectral_spread": {
        "mean": 7564757,
        "var": 1.76423554253e+012
    },
    "spectral_strongpeak": {
        "mean": 0.430153667927,
        "var": 0.0592779219151
    },
    "zerocrossingrate": {
        "mean": 0.08331079036,
        "var": 0.000841843779199
    },
    "barkbands": {
        "mean": [0.00697899097577, 0.0419866330922, 0.0076420432888, 0.00566511414945, 0.00476148817688, 0.00156101060566, 0.000804094248451, 0.00118754070718, 0.00125475949608, 0.00101634231396, 0.000758258684073, 0.000907482928596, 0.00108682271093, 0.000890071154572, 0.000956337084062, 0.000676587573253, 0.000995456357487, 0.000687696272507, 0.000769319885876, 0.00063940306427, 0.000653912953567, 0.000615485478193, 0.000724145036656, 0.000902242958546, 0.000958143093158, 0.000763456861023, 8.74191318871e-005],
        "var": [0.000122720521176, 0.000722551776562, 7.43065684219e-005, 2.02906467166e-005, 1.56964269991e-005, 1.45592912304e-006, 4.48636768624e-007, 1.65728295087e-006, 1.50480855154e-006, 9.41313828662e-007, 5.10633981321e-007, 2.34379331232e-006, 1.7365612166e-006, 1.40284907957e-006, 7.96287281446e-007, 4.46376304808e-007, 1.07632104118e-006, 3.47485467955e-007, 6.76323963944e-007, 2.48409747883e-007, 1.28386247411e-007, 1.4285737393e-007, 1.53404698722e-007, 1.97429400828e-007, 1.73101426526e-007, 2.37281057025e-007, 1.16501341907e-008]
    },
    "erbbands": {
        "mean": [1.64522206783, 7.41092252731, 11.4345026016, 13.6492271423, 19.7229137421, 14.3160905838, 10.6962366104, 12.9745788574, 10.4563684464, 22.559305191, 23.5841178894, 29.9463062286, 28.5199565887, 30.0475978851, 29.9595432281, 42.4524116516, 54.4567565918, 45.6145515442, 54.9601135254, 37.7368164063, 39.4917640686, 55.6552124023, 41.011592865, 40.7964897156, 35.9548835754, 29.6311092377, 22.9780330658, 28.7788295746, 22.8978481293, 21.1253185272, 20.1656112671, 20.845911026, 13.6354694366, 8.32977104187, 8.08634757996, 3.84598970413, 1.31938385963, 0.301478683949, 0.00890301167965, 0.000315221812343],
        "var": [1.85596311092, 35.424243927, 158.667053223, 100.84815979, 243.923873901, 140.218338013, 68.7813873291, 143.028610229, 61.6081733704, 605.894714355, 661.375854492, 912.778198242, 711.413146973, 903.703979492, 841.565368652, 3496.46630859, 3501.82568359, 2729.75415039, 2621.72680664, 806.257446289, 1287.04455566, 3640.54223633, 1238.22509766, 1856.8951416, 1190.69470215, 553.961425781, 195.651672363, 246.11932373, 215.869400024, 164.216934204, 116.945411682, 109.729530334, 43.6435623169, 14.4609107971, 15.0172367096, 4.66224193573, 0.845168352127, 0.074428781867, 0.000107374922663, 3.96365358313e-008]
    },
    "gfcc": {
        "mean": [113.466789246, 42.1009712219, -78.4060440063, 40.7716827393, -41.7200088501, 33.5145072937, -35.0390281677, 21.0948600769, -25.6403064728, 11.5759096146, -21.3594589233, 7.02598905563, -16.9598236084],
        "cov": [[1315.93261719, -104.247238159, -44.1756477356, 16.0202293396, -24.0951080322, -26.0177059174, -11.527545929, -16.5961341858, -38.9147109985, -0.558488547802, -40.8645133972, 4.21759700775, -35.7000312805], [-104.247238159, 180.452209473, -33.9447402954, -9.35342311859, -14.0847949982, 29.8099594116, -17.0955696106, 13.2890739441, 2.60267591476, -5.27717208862, 10.4901847839, -4.28972148895, 8.42153263092], [-44.1756477356, -33.9447402954, 152.170516968, -6.35559082031, 21.788974762, -7.33849382401, 25.1777744293, 8.43656826019, 14.4748163223, 11.9523210526, -1.69491422176, 7.35544490814, -5.75822162628], [16.0202293396, -9.35342311859, -6.35559082031, 63.0423736572, 13.0522985458, -10.7693195343, -16.6064472198, -4.41038990021, 0.702115774155, -1.13088858128, -1.37876772881, -5.01233673096, 0.0357306450605], [-24.0951080322, -14.0847949982, 21.788974762, 13.0522985458, 68.303817749, 27.2522735596, 8.45829105377, 1.50689029694, 10.4648685455, 9.72547531128, 0.608010232449, 1.2198895216, -5.38522863388], [-26.0177059174, 29.8099594116, -7.33849382401, -10.7693195343, 27.2522735596, 76.6317214966, 26.9270114899, 16.5253982544, -0.0630800276995, 0.825624465942, 8.32671165466, 1.85920023918, 3.22809648514], [-11.527545929, -17.0955696106, 25.1777744293, -16.6064472198, 8.45829105377, 26.9270114899, 63.0611000061, 24.7774982452, -5.12552595139, -5.89841413498, 0.326254487038, 4.45588684082, -3.03112435341], [-16.5961341858, 13.2890739441, 8.43656826019, -4.41038990021, 1.50689029694, 16.5253982544, 24.7774982452, 56.7659683228, 20.6383647919, -2.13597917557, 2.0521979332, 1.18006718159, 5.52659845352], [-38.9147109985, 2.60267591476, 14.4748163223, 0.702115774155, 10.4648685455, -0.0630800276995, -5.12552595139, 20.6383647919, 56.0183830261, 27.1445903778, -6.5506029129, -10.1278152466, -5.67191457748], [-0.558488547802, -5.27717208862, 11.9523210526, -1.13088858128, 9.72547531128, 0.825624465942, -5.89841413498, -2.13597917557, 27.1445903778, 48.3945159912, 16.8614025116, -5.77118015289, -9.95989227295], [-40.8645133972, 10.4901847839, -1.69491422176, -1.37876772881, 0.608010232449, 8.32671165466, 0.326254487038, 2.0521979332, -6.5506029129, 16.8614025116, 47.863735199, 19.3970241547, -1.92712366581], [4.21759700775, -4.28972148895, 7.35544490814, -5.01233673096, 1.2198895216, 1.85920023918, 4.45588684082, 1.18006718159, -10.1278152466, -5.77118015289, 19.3970241547, 41.229927063, 17.0241794586], [-35.7000312805, 8.42153263092, -5.75822162628, 0.0357306450605, -5.38522863388, 3.22809648514, -3.03112435341, 5.52659845352, -5.67191457748, -9.95989227295, -1.92712366581, 17.0241794586, 45.125617981]],
        "icov": [[0.00103028840385, 0.000558626896236, 0.000374481751351, -0.000378074881155, 0.000657818396576, -0.000468971818918, 0.000938901270274, -0.00138155149762, 0.00233936682343, -0.00231712288223, 0.00294617842883, -0.00210105651058, 0.00180432095658], [0.000558626896236, 0.00776366423815, 0.000463103322545, 0.000961280195042, 0.00254184310324, -0.00467779301107, 0.00503753963858, -0.00263232085854, 0.00035052729072, 0.00121845025569, -0.00118033250328, 0.00119692576118, 0.000161145362654], [0.000374481751351, 0.000463103322545, 0.0084878038615, 0.000652749964502, -0.0027678727638, 0.00308517483063, -0.00386327737942, -0.000346053479007, -0.000613698386587, -0.00255434215069, 0.00217536115088, -0.00305215851404, 0.00112771254499], [-0.000378074881155, 0.000961280195042, 0.000652749964502, 0.0198149997741, -0.0067796446383, 0.0037173286546, 0.00495787663385, -0.00153190048877, -5.01174981764e-005, 0.00386588927358, -0.00412025535479, 0.00540244625881, -0.00233239191584], [0.000657818396576, 0.00254184310324, -0.0027678727638, -0.0067796446383, 0.023252889514, -0.0116557078436, 0.00141595909372, 0.00165242294315, -0.00180211209226, -0.00389318610542, 0.00496106548235, -0.00565952295437, 0.00446092197672], [-0.000468971818918, -0.00467779301107, 0.00308517483063, 0.0037173286546, -0.0116557078436, 0.024191679433, -0.0105617661029, -0.00060665194178, -0.000359562312951, 0.00115726538934, -0.00556874647737, 0.00445743324235, -0.0045731854625], [0.000938901270274, 0.00503753963858, -0.00386327737942, 0.00495787663385, 0.00141595909372, -0.0105617661029, 0.0325525105, -0.0169717203826, 0.0131958490238, -0.00439710123464, 0.00766395032406, -0.0048956121318, 0.00735774356872], [-0.00138155149762, -0.00263232085854, -0.000346053479007, -0.00153190048877, 0.00165242294315, -0.00060665194178, -0.0169717203826, 0.0368187762797, -0.0263217594475, 0.018203785643, -0.0154469199479, 0.00749827735126, -0.00883239600807], [0.00233936682343, 0.00035052729072, -0.000613698386587, -5.01174981764e-005, -0.00180211209226, -0.000359562312951, 0.0131958490238, -0.0263217594475, 0.0506510622799, -0.0360927134752, 0.0269176792353, -0.00961146131158, 0.00880354363471], [-0.00231712288223, 0.00121845025569, -0.00255434215069, 0.00386588927358, -0.00389318610542, 0.00115726538934, -0.00439710123464, 0.018203785643, -0.0360927134752, 0.056502494961, -0.0364636182785, 0.0202865339816, -0.00673788739368], [0.00294617842883, -0.00118033250328, 0.00217536115088, -0.00412025535479, 0.00496106548235, -0.00556874647737, 0.00766395032406, -0.0154469199479, 0.0269176792353, -0.0364636182785, 0.0557444095612, -0.0330968983471, 0.0164310112596], [-0.00210105651058, 0.00119692576118, -0.00305215851404, 0.00540244625881, -0.00565952295437, 0.00445743324235, -0.0048956121318, 0.00749827735126, -0.00961146131158, 0.0202865339816, -0.0330968983471, 0.0512014701962, -0.0219810903072], [0.00180432095658, 0.000161145362654, 0.00112771254499, -0.00233239191584, 0.00446092197672, -0.0045731854625, 0.00735774356872, -0.00883239600807, 0.00880354363471, -0.00673788739368, 0.0164310112596, -0.0219810903072, 0.0347526371479]]
    },
    "melbands": {
        "mean": [0.0129815833643, 0.00749983172864, 0.00263135228306, 0.00126217585057, 0.000407673069276, 0.000288046343485, 0.000161673917319, 0.000254132406553, 0.000197716348339, 0.000187010184163, 0.000138748524478, 0.000121197328554, 9.41023536143e-005, 7.96288877609e-005, 0.000150055348058, 9.99368639896e-005, 8.40662614792e-005, 8.61024163896e-005, 6.61479352857e-005, 4.85976197524e-005, 4.41062911705e-005, 6.27421977697e-005, 4.31916632806e-005, 2.92972636089e-005, 3.34118776664e-005, 2.95538211503e-005, 2.28396656894e-005, 1.87161604117e-005, 1.41830578286e-005, 1.45192498167e-005, 1.76823559741e-005, 1.39263020174e-005, 9.81031826086e-006, 1.26120976347e-005, 1.16577166409e-005, 1.07928535726e-005, 1.37278047987e-005, 1.01705563793e-005, 7.04584545019e-006, 6.79502454659e-006],
        "var": [8.32818623167e-005, 5.06748729094e-005, 2.63253105004e-006, 1.01465786884e-006, 8.48389305474e-008, 5.85360915295e-008, 1.5788037544e-008, 8.5324664667e-008, 5.98254175088e-008, 3.7264239694e-008, 1.79598789174e-008, 1.69340115264e-008, 8.10591593847e-009, 7.06497971237e-009, 5.37212514473e-008, 1.5919532359e-008, 1.29408723737e-008, 8.32041813226e-009, 4.48574200007e-009, 2.80231349237e-009, 2.60833066257e-009, 6.23103302289e-009, 1.42281464388e-009, 5.58051493904e-010, 1.60118562853e-009, 1.28728039339e-009, 3.83034493012e-010, 2.9172120275e-010, 9.75953068361e-011, 7.50173673181e-011, 1.00523180058e-010, 9.44133521363e-011, 4.89095812461e-011, 6.98832935964e-011, 5.38491508328e-011, 2.74899963904e-011, 6.23485013618e-011, 3.03396231749e-011, 1.06930584179e-011, 1.19552206676e-011]
    },
    "mfcc": {
        "mean": [-544.646057129, 83.5598678589, 23.5090999603, 23.034072876, 20.474779129, 15.9242124557, 10.1900062561, 11.2976198196, 6.25375318527, 6.90060091019, 3.54691839218, 4.20716428757, -2.27674293518],
        "cov": [[662.196960449, -60.2510986328, -52.3183364868, 28.078081131, -31.8734550476, 1.95249307156, -16.4126987457, -11.2594423294, -19.1498241425, -11.7167367935, -8.34508609772, -29.2890148163, -5.45893955231], [-60.2510986328, 144.228485107, 14.4062252045, -36.3575057983, 7.30512619019, 1.75376081467, 9.8979549408, 8.69365787506, 9.52947235107, -4.08742618561, 6.63474559784, 19.1550178528, -1.87603592873], [-52.3183364868, 14.4062252045, 85.9147567749, 11.525267601, -2.63387608528, -4.73883390427, 0.781137704849, 3.65035867691, 6.04979324341, 4.73083114624, 0.567182540894, 5.86750793457, 7.20932197571], [28.078081131, -36.3575057983, 11.525267601, 70.2289733887, 12.9912586212, -9.68410587311, -18.3069496155, -12.4685678482, -4.66688489914, 0.591470599174, -0.779058635235, -8.46431827545, 5.66465473175], [-31.8734550476, 7.30512619019, -2.63387608528, 12.9912586212, 62.7571525574, 17.9723052979, -9.70109272003, -4.80718278885, 6.48719453812, 5.45574808121, 8.50741672516, 13.8146533966, -0.371549606323], [1.95249307156, 1.75376081467, -4.73883390427, -9.68410587311, 17.9723052979, 55.0003623962, 17.4603500366, -2.70236158371, 1.88125705719, 0.597729802132, 8.48999595642, 7.73270177841, -0.633272111416], [-16.4126987457, 9.8979549408, 0.781137704849, -18.3069496155, -9.70109272003, 17.4603500366, 69.1561126709, 33.4676628113, -7.48125934601, -5.67604875565, 0.107310041785, -1.15756106377, -5.34376478195], [-11.2594423294, 8.69365787506, 3.65035867691, -12.4685678482, -4.80718278885, -2.70236158371, 33.4676628113, 61.5850601196, 18.606420517, -6.70352268219, -2.2489361763, -2.69616556168, -3.40278697014], [-19.1498241425, 9.52947235107, 6.04979324341, -4.66688489914, 6.48719453812, 1.88125705719, -7.48125934601, 18.606420517, 55.6915817261, 23.4750328064, -3.22843599319, 1.53794574738, -0.110909715295], [-11.7167367935, -4.08742618561, 4.73083114624, 0.591470599174, 5.45574808121, 0.597729802132, -5.67604875565, -6.70352268219, 23.4750328064, 54.630027771, 20.2179374695, -7.81366539001, -5.92005348206], [-8.34508609772, 6.63474559784, 0.567182540894, -0.779058635235, 8.50741672516, 8.48999595642, 0.107310041785, -2.2489361763, -3.22843599319, 20.2179374695, 54.4517250061, 24.926990509, -4.15160274506], [-29.2890148163, 19.1550178528, 5.86750793457, -8.46431827545, 13.8146533966, 7.73270177841, -1.15756106377, -2.69616556168, 1.53794574738, -7.81366539001, 24.926990509, 68.264755249, 20.8591766357], [-5.45893955231, -1.87603592873, 7.20932197571, 5.66465473175, -0.371549606323, -0.633272111416, -5.34376478195, -3.40278697014, -0.110909715295, -5.92005348206, -4.15160274506, 20.8591766357, 42.8092460632]],
        "icov": [[0.00176881579682, 0.000232662481721, 0.00110601983033, -0.000966795254499, 0.00137424503919, -0.000954728922807, 0.000873871904332, -0.000516267959028, 0.000521194131579, 1.33858329718e-005, 6.11414579907e-005, 0.000227344979066, 0.000141626398545], [0.000232662481721, 0.00911204982549, -0.00209208601154, 0.00536796124652, -0.00258621922694, 0.00239841383882, -0.00177473784424, 0.00200991029851, -0.00295513309538, 0.0032003945671, -0.00209219544195, -0.000224949195399, 0.000363893224858], [0.00110601983033, -0.00209208601154, 0.0137325180694, -0.00470076408237, 0.00283888191916, -0.000706672435626, 0.000291759701213, -0.00173400086351, 0.000424111087341, -0.00265706889331, 0.00157691165805, -0.00182789191604, -0.001051246305], [-0.000966795254499, 0.00536796124652, -0.00470076408237, 0.02221653983, -0.00824795849621, 0.00616908306256, -2.78088791674e-005, 0.00450180098414, -0.00215332047082, 0.00485581159592, -0.00503879645839, 0.00620751734823, -0.00450953049585], [0.00137424503919, -0.00258621922694, 0.00283888191916, -0.00824795849621, 0.0238800123334, -0.0111308675259, 0.00722423195839, -0.00518082035705, 0.00293309427798, -0.00544342584908, 0.00388479675166, -0.00701362639666, 0.00425681751221], [-0.000954728922807, 0.00239841383882, -0.000706672435626, 0.00616908306256, -0.0111308675259, 0.0290604513139, -0.0146648911759, 0.0129948556423, -0.0104890167713, 0.00883312337101, -0.00863957870752, 0.00425508990884, -0.00289515568875], [0.000873871904332, -0.00177473784424, 0.000291759701213, -2.78088791674e-005, 0.00722423195839, -0.0146648911759, 0.032161898911, -0.0234213639051, 0.0176608934999, -0.011052524671, 0.00830075424165, -0.00520511623472, 0.00384550518356], [-0.000516267959028, 0.00200991029851, -0.00173400086351, 0.00450180098414, -0.00518082035705, 0.0129948556423, -0.0234213639051, 0.0393072068691, -0.0253208242357, 0.0195557381958, -0.0129448566586, 0.00910115614533, -0.00298462389037], [0.000521194131579, -0.00295513309538, 0.000424111087341, -0.00215332047082, 0.00293309427798, -0.0104890167713, 0.0176608934999, -0.0253208242357, 0.0426179878414, -0.0282549764961, 0.0192309990525, -0.0118054505438, 0.00403301650658], [1.33858329718e-005, 0.0032003945671, -0.00265706889331, 0.00485581159592, -0.00544342584908, 0.00883312337101, -0.011052524671, 0.0195557381958, -0.0282549764961, 0.044353120029, -0.0265072248876, 0.0174919161946, -0.0048282998614], [6.11414579907e-005, -0.00209219544195, 0.00157691165805, -0.00503879645839, 0.00388479675166, -0.00863957870752, 0.00830075424165, -0.0129448566586, 0.0192309990525, -0.0265072248876, 0.0407029874623, -0.0221202522516, 0.0113402083516], [0.000227344979066, -0.000224949195399, -0.00182789191604, 0.00620751734823, -0.00701362639666, 0.00425508990884, -0.00520511623472, 0.00910115614533, -0.0118054505438, 0.0174919161946, -0.0221202522516, 0.0321271978319, -0.015829782933], [0.000141626398545, 0.000363893224858, -0.001051246305, -0.00450953049585, 0.00425681751221, -0.00289515568875, 0.00384550518356, -0.00298462389037, 0.00403301650658, -0.0048282998614, 0.0113402083516, -0.015829782933, 0.0325598120689]]
    },
    "spectral_contrast_coeffs": {
        "mean": [-0.681800782681, -0.754624009132, -0.774549543858, -0.772215485573, -0.787388205528, -0.77945959568],
        "var": [0.00323266466148, 0.00279290229082, 0.00202498212457, 0.00143782875966, 0.000724197190721, 0.000298872066196]
    },
    "spectral_contrast_valleys": {
        "mean": [-5.97603130341, -6.30609989166, -6.76060676575, -6.85464668274, -6.60769033432, -8.36470985413],
        "var": [0.276823282242, 0.345083415508, 0.311147511005, 0.292210489511, 0.335071086884, 0.279563009739]
    }
},
"metadata": {
    "audio_properties": {
        "analysis_sample_rate": 44100,
        "bit_rate": 128074,
        "equal_loudness": 0,
        "length": 45.0612258911,
        "lossless": 0,
        "replay_gain": -6.32635498047,
        "sample_rate": 44100,
        "codec": "mp3",
        "downmix": "mix",
        "md5_encoded": "b7c4b3d68c72c83a548420123277d5ff"
    },
    "tags": {
        "file_name": "1856.mp3"
    },
    "version": {
        "essentia": "2.1-beta2",
        "essentia_git_sha": "v2.1_beta2",
        "extractor": "music 1.0"
    }
},
"rhythm": {
    "beats_count": 126,
    "beats_loudness": {
        "mean": 0.112662926316,
        "var": 0.000785232346971
    },
    "bpm": 166.70880127,
    "bpm_histogram_first_peak_bpm": {
        "mean": 167,
        "var": 0
    },
    "bpm_histogram_first_peak_spread": {
        "mean": 0,
        "var": 0
    },
    "bpm_histogram_first_peak_weight": {
        "mean": 0.575999975204,
        "var": 0
    },
    "bpm_histogram_second_peak_bpm": {
        "mean": 172,
        "var": 0
    },
    "bpm_histogram_second_peak_spread": {
        "mean": 0,
        "var": 0
    },
    "bpm_histogram_second_peak_weight": {
        "mean": 0.423999994993,
        "var": 0
    },
    "danceability": 2.63428544998,
    "onset_rate": 3.7931265831,
    "beats_loudness_band_ratio": {
        "mean": [0.797403633595, 0.0466118901968, 0.0363358855247, 0.0344065949321, 0.0354718118906, 0.0675478205085],
        "var": [0.0134525541216, 0.00234044296667, 0.000594713666942, 0.000479125155834, 0.000759068236221, 0.00281744613312]
    },
    "beats_position": [0.31346938014, 0.66176867485, 1.02167797089, 1.369977355, 1.71827661991, 2.07818579674, 2.43809509277, 2.7863945961, 3.13469386101, 3.49460315704, 3.85451245308, 4.20281171799, 4.55111122131, 4.91102027893, 5.27092981339, 5.61922883987, 5.97913837433, 6.33904743195, 6.6989569664, 7.04725599289, 7.40716552734, 7.75546455383, 8.10376358032, 8.46367359161, 8.82358264923, 9.18349170685, 9.54340076447, 9.89170074463, 10.2399997711, 10.5999088287, 10.95981884, 11.3081178665, 11.656416893, 12.0163259506, 12.3762359619, 12.7245349884, 13.0728340149, 13.4327430725, 13.7926530838, 14.1409521103, 14.5008611679, 14.8607711792, 15.2090702057, 15.5689792633, 15.9288883209, 16.2771873474, 16.637096405, 16.9853973389, 17.3453063965, 17.693605423, 18.0419044495, 18.4018135071, 18.7617225647, 19.1216316223, 19.4815406799, 19.8298416138, 20.1781406403, 20.5380496979, 20.8979587555, 21.246257782, 21.5945568085, 21.9544658661, 22.3143768311, 22.6626758575, 23.0225849152, 23.3824939728, 23.7307929993, 24.0790920258, 24.4273910522, 24.7873020172, 25.1472110748, 25.5071201324, 25.8670291901, 26.2269382477, 26.5868473053, 26.9351463318, 27.2834453583, 27.6433563232, 28.0032653809, 28.3515644073, 28.6998634338, 29.0597724915, 29.4196815491, 29.7679805756, 30.1162815094, 30.476190567, 30.8360996246, 31.1843986511, 31.5326976776, 31.8926067352, 32.2525177002, 32.6008148193, 32.960723877, 33.3206329346, 33.6805419922, 34.028842926, 34.3887519836, 34.7486610413, 35.1085700989, 35.4568710327, 35.8051681519, 36.1650772095, 36.5249862671, 36.8732872009, 37.2215881348, 37.5814971924, 37.94140625, 38.2897033691, 38.638004303, 38.9979133606, 39.3578224182, 39.7177314758, 40.0776405334, 40.4259414673, 40.7858505249, 41.134147644, 41.4824485779, 41.8423576355, 42.2022666931, 42.550567627, 42.9104766846, 43.2587738037, 43.6186828613, 43.9785919189, 44.3268928528, 44.6868019104]
},
"tonal": {
    "chords_changes_rate": 0.0288065839559,
    "chords_number_rate": 0.00823045242578,
    "chords_strength": {
        "mean": 0.513885498047,
        "var": 0.00714040547609
    },
    "hpcp_entropy": {
        "mean": 1.94859588146,
        "var": 0.418157249689
    },
    "key_strength": 0.501127719879,
    "tuning_diatonic_strength": 0.456107646227,
    "tuning_equal_tempered_deviation": 0.147123038769,
    "tuning_frequency": 434.193115234,
    "tuning_nontempered_energy_ratio": 0.742987513542,
    "hpcp": {
        "mean": [0.0430450588465, 0.0376818887889, 0.0313854441047, 0.0510630756617, 0.0528272762895, 0.0307158175856, 0.0202144477516, 0.0202331077307, 0.0516195446253, 0.116477295756, 0.100167095661, 0.0344831831753, 0.0214085038751, 0.0223516151309, 0.0315440669656, 0.0505710914731, 0.0721545815468, 0.119600728154, 0.224745184183, 0.228351071477, 0.116084441543, 0.0632598176599, 0.06107070297, 0.34390977025, 0.685123085976, 0.451958358288, 0.111429147422, 0.0576675459743, 0.0474067181349, 0.0606613978744, 0.128748133779, 0.175372704864, 0.143993154168, 0.120349921286, 0.0980475470424, 0.0563061349094],
        "var": [0.00545913400128, 0.00404020119458, 0.00324725243263, 0.00616743089631, 0.00674847746268, 0.00458064349368, 0.00405103387311, 0.00352036999539, 0.010106167756, 0.0406283475459, 0.0318323932588, 0.00469982624054, 0.00534351123497, 0.00551732163876, 0.00885098427534, 0.0167355071753, 0.0260559562594, 0.0414177142084, 0.0930744633079, 0.0974702984095, 0.0390050411224, 0.0213857088238, 0.0250098351389, 0.0526903606951, 0.143000051379, 0.0863923206925, 0.0436612032354, 0.0283510889858, 0.0242248792201, 0.0203128941357, 0.0459220334888, 0.0751215070486, 0.0638675242662, 0.0525699742138, 0.048575822264, 0.0181465726346]
    },
    "chords_histogram": [1.23456788063, 0, 31.2757205963, 0, 0.102880656719, 0, 0, 0, 0, 0, 0, 0, 0, 0.102880656719, 0, 1.44032919407, 0, 2.05761313438, 6.99588489532, 30.7613162994, 0.617283940315, 5.45267486572, 19.9588470459, 0],
    "thpcp": [1, 0.659674704075, 0.162641063333, 0.0841710716486, 0.0691944509745, 0.0885408744216, 0.187919706106, 0.25597256422, 0.210171222687, 0.175661757588, 0.1431093961, 0.0821839720011, 0.0628282129765, 0.0550001747906, 0.0458099357784, 0.0745312422514, 0.0771062597632, 0.0448325537145, 0.0295048411936, 0.0295320767909, 0.0753434598446, 0.170009300113, 0.146203070879, 0.0503313690424, 0.0312476754189, 0.0326242335141, 0.0460414588451, 0.0738131478429, 0.105316229165, 0.174568235874, 0.328036218882, 0.333299338818, 0.169435888529, 0.0923335105181, 0.0891382917762, 0.501967847347],
    "chords_key": "F",
    "chords_scale": "major",
    "key_key": "A#",
    "key_scale": "major"
}
}