{
"lowlevel": {
    "average_loudness": 0.848434329033,
    "barkbands_crest": {
        "mean": 10.2396306992,
        "var": 16.3781890869
    },
    "barkbands_flatness_db": {
        "mean": 0.127052128315,
        "var": 0.00098457664717
    },
    "barkbands_kurtosis": {
        "mean": 1.45622611046,
        "var": 9.41778373718
    },
    "barkbands_skewness": {
        "mean": 1.1366610527,
        "var": 0.748020887375
    },
    "barkbands_spread": {
        "mean": 25.7252616882,
        "var": 106.265525818
    },
    "dissonance": {
        "mean": 0.469895541668,
        "var": 0.000429818086559
    },
    "dynamic_complexity": 2.49812221527,
    "erbbands_crest": {
        "mean": 9.82271194458,
        "var": 20.4994983673
    },
    "erbbands_flatness_db": {
        "mean": 0.171450614929,
        "var": 0.000775902997702
    },
    "erbbands_kurtosis": {
        "mean": 0.0239976011217,
        "var": 1.32369267941
    },
    "erbbands_skewness": {
        "mean": 0.130261257291,
        "var": 0.436136037111
    },
    "erbbands_spread": {
        "mean": 33.5004997253,
        "var": 129.25428772
    },
    "hfc": {
        "mean": 18.5310459137,
        "var": 117.743362427
    },
    "melbands_crest": {
        "mean": 15.42578125,
        "var": 33.0985145569
    },
    "melbands_flatness_db": {
        "mean": 0.182873129845,
        "var": 0.00215981667861
    },
    "melbands_kurtosis": {
        "mean": 7.67214393616,
        "var": 85.7976379395
    },
    "melbands_skewness": {
        "mean": 2.20875740051,
        "var": 1.54777812958
    },
    "melbands_spread": {
        "mean": 28.8986930847,
        "var": 265.013122559
    },
    "pitch_salience": {
        "mean": 0.501792609692,
        "var": 0.0106769315898
    },
    "silence_rate_20dB": {
        "mean": 1,
        "var": 0
    },
    "silence_rate_30dB": {
        "mean": 0.996910393238,
        "var": 0.00308004394174
    },
    "silence_rate_60dB": {
        "mean": 0.00411946466193,
        "var": 0.00410247175023
    },
    "spectral_centroid": {
        "mean": 1756.46228027,
        "var": 389110.4375
    },
    "spectral_complexity": {
        "mean": 22.436662674,
        "var": 45.8072776794
    },
    "spectral_decrease": {
        "mean": -6.75805189587e-009,
        "var": 2.44274772867e-017
    },
    "spectral_energy": {
        "mean": 0.0271872393787,
        "var": 0.000376805837732
    },
    "spectral_energyband_high": {
        "mean": 0.000489538360853,
        "var": 2.01545006462e-007
    },
    "spectral_energyband_low": {
        "mean": 0.00981888640672,
        "var": 0.000128243482322
    },
    "spectral_energyband_middle_high": {
        "mean": 0.00581727782264,
        "var": 1.20963886729e-005
    },
    "spectral_energyband_middle_low": {
        "mean": 0.0116240140051,
        "var": 0.000196003151359
    },
    "spectral_entropy": {
        "mean": 7.52810430527,
        "var": 0.056845087558
    },
    "spectral_flux": {
        "mean": 0.0829547122121,
        "var": 0.000964590348303
    },
    "spectral_kurtosis": {
        "mean": 3.96276903152,
        "var": 2.88773298264
    },
    "spectral_rms": {
        "mean": 0.00484731374308,
        "var": 3.02774219563e-006
    },
    "spectral_rolloff": {
        "mean": 1558.80554199,
        "var": 1012374
    },
    "spectral_skewness": {
        "mean": 1.26731145382,
        "var": 0.0966259762645
    },
    "spectral_spread": {
        "mean": 3570472.5,
        "var": 1.13474351923e+012
    },
    "spectral_strongpeak": {
        "mean": 0.879857599735,
        "var": 0.994540572166
    },
    "zerocrossingrate": {
        "mean": 0.0573614798486,
        "var": 0.000487565674121
    },
    "barkbands": {
        "mean": [0.000211207996472, 0.00697855837643, 0.00230606365949, 0.000792853534222, 0.00170869426802, 0.00351706380025, 0.00246440782212, 0.00166680675466, 0.00102405354846, 0.00121393380687, 0.000598576618358, 0.000812798563857, 0.00059168599546, 0.000474478903925, 0.000328712747432, 0.000360863865353, 0.000341112085152, 0.00048003118718, 0.000657833239529, 0.000276366045, 0.000151282394654, 0.000123754100059, 6.26062392257e-005, 2.74401681963e-005, 1.12489924504e-005, 4.67041536467e-006, 1.85457139423e-007],
        "var": [8.59677697918e-008, 7.21425094525e-005, 2.14972806134e-005, 1.83996132819e-006, 6.90098750056e-006, 4.98520530527e-005, 2.44965667662e-005, 1.31689039335e-005, 1.61827992997e-005, 4.47429283668e-006, 1.01625369098e-006, 2.02401952265e-006, 9.95946265903e-007, 5.41779286323e-007, 2.92652856615e-007, 1.35064667006e-007, 8.69555094596e-008, 1.60102160862e-007, 3.10883621069e-007, 8.7684185246e-008, 2.60337440494e-008, 1.74649379403e-008, 5.63627544636e-009, 1.02108610456e-009, 2.61390131762e-010, 7.49102307962e-011, 9.24901905823e-014]
    },
    "erbbands": {
        "mean": [0.233874157071, 1.42359888554, 2.71069121361, 2.61135435104, 3.24714398384, 5.29751300812, 19.2315635681, 29.1044845581, 44.893951416, 26.062330246, 34.7200622559, 29.1418876648, 26.6586742401, 32.8246116638, 31.4687004089, 41.1622695923, 30.1530704498, 25.7311630249, 16.3672351837, 22.0160140991, 17.3452606201, 16.4666042328, 26.2781486511, 32.0291748047, 27.1290950775, 14.8991394043, 7.06854438782, 5.45475959778, 4.89659881592, 2.44484996796, 1.72227120399, 0.812410712242, 0.335456073284, 0.164747416973, 0.0647447556257, 0.0268069077283, 0.00736654410139, 0.00104439677671, 3.99792697863e-005, 3.30410039169e-005],
        "var": [0.101352080703, 3.31145095825, 26.0965118408, 20.8465499878, 22.4169750214, 71.2069625854, 1572.453125, 3459.7824707, 10149.2138672, 2396.23901367, 8031.79492188, 12617.7207031, 1533.1673584, 5837.54296875, 2704.22216797, 4953.27929688, 2296.62426758, 1534.47009277, 365.03414917, 1581.83007813, 165.538589478, 175.501663208, 468.092407227, 690.298278809, 580.687011719, 196.526351929, 79.2860183716, 26.0676422119, 24.3974781036, 6.89835166931, 4.08011579514, 0.927861392498, 0.154960513115, 0.0473261363804, 0.00991590414196, 0.0029049559962, 0.000174833287019, 2.04969205697e-006, 1.49089351975e-009, 5.01402974695e-010]
    },
    "gfcc": {
        "mean": [4.86267471313, 101.61277771, -142.906143188, 44.7547225952, -56.1887245178, 10.8474988937, -24.056388855, 10.6138658524, -17.5032444, 3.4062666893, -2.79200077057, 5.46683740616, -10.8105173111],
        "cov": [[2218.97241211, 60.1750221252, 135.721130371, -71.2502441406, -289.852783203, -124.537612915, -204.630081177, -5.23440980911, -36.6528053284, 97.2518615723, -21.4995765686, 25.8894252777, 15.331284523], [60.1750221252, 476.711639404, 70.5827713013, -3.60200691223, 31.3879852295, -77.6103439331, 48.7592582703, -23.1350193024, 134.2525177, -32.6807861328, 55.683757782, -15.5836420059, 38.536441803], [135.721130371, 70.5827713013, 393.990447998, 12.7102546692, 33.5194854736, 30.9672889709, -37.3362083435, 20.0199604034, -56.6446456909, 27.818189621, -33.7759513855, 11.050239563, 5.64490556717], [-71.2502441406, -3.60200691223, 12.7102546692, 260.128204346, 161.467208862, 97.3265228271, 120.832557678, 38.034412384, 32.7927246094, -41.1688575745, -9.01455020905, -29.5779457092, -34.6145629883], [-289.852783203, 31.3879852295, 33.5194854736, 161.467208862, 305.794891357, 208.226791382, 161.430786133, 65.391494751, 8.30120563507, -43.9263038635, -22.7011032104, -29.9831237793, -19.4168262482], [-124.537612915, -77.6103439331, 30.9672889709, 97.3265228271, 208.226791382, 259.045227051, 134.611068726, 65.9354553223, -27.5893821716, -26.1255550385, -26.8743782043, -13.3777618408, -19.1088695526], [-204.630081177, 48.7592582703, -37.3362083435, 120.832557678, 161.430786133, 134.611068726, 222.124633789, 72.327293396, 48.1167564392, -43.0907325745, 8.59970760345, 11.8615436554, 10.3645429611], [-5.23440980911, -23.1350193024, 20.0199604034, 38.034412384, 65.391494751, 65.9354553223, 72.327293396, 124.298973083, 60.3311195374, 8.65562534332, -28.4424762726, -10.5157413483, 15.5382442474], [-36.6528053284, 134.2525177, -56.6446456909, 32.7927246094, 8.30120563507, -27.5893821716, 48.1167564392, 60.3311195374, 182.500015259, 33.4573898315, 36.889667511, -15.8996257782, 23.5081806183], [97.2518615723, -32.6807861328, 27.818189621, -41.1688575745, -43.9263038635, -26.1255550385, -43.0907325745, 8.65562534332, 33.4573898315, 117.452194214, 55.5030021667, 19.5960159302, 12.6718826294], [-21.4995765686, 55.683757782, -33.7759513855, -9.01455020905, -22.7011032104, -26.8743782043, 8.59970760345, -28.4424762726, 36.889667511, 55.5030021667, 145.513946533, 59.2721862793, 17.9096813202], [25.8894252777, -15.5836420059, 11.050239563, -29.5779457092, -29.9831237793, -13.3777618408, 11.8615436554, -10.5157413483, -15.8996257782, 19.5960159302, 59.2721862793, 103.166122437, 53.4694595337], [15.331284523, 38.536441803, 5.64490556717, -34.6145629883, -19.4168262482, -19.1088695526, 10.3645429611, 15.5382442474, 23.5081806183, 12.6718826294, 17.9096813202, 53.4694595337, 98.2034454346]],
        "icov": [[0.000748882826883, -0.0011806266848, 0.000440662261099, -0.00108535785694, 0.0016090759309, -0.0010685021989, 0.000971993489657, -0.0011817876948, 0.00119193491992, -0.00125892960932, 0.000852256722283, -0.000862827640958, 0.000324602820911], [-0.0011806266848, 0.00873570982367, -0.00427336059511, 0.00476484419778, -0.005360417068, 0.00503217661753, -0.00440796418115, 0.00674716429785, -0.0083346106112, 0.00727288192138, -0.00509691098705, 0.00557138537988, -0.00304884486832], [0.000440662261099, -0.00427336059511, 0.00526613648981, -0.00279343500733, 0.00159329595044, -0.00222128699534, 0.00324807036668, -0.00419139303267, 0.00519552826881, -0.00480336882174, 0.00342620443553, -0.0036589493975, 0.00126743561123], [-0.00108535785694, 0.00476484419778, -0.00279343500733, 0.00974323507398, -0.00636583892629, 0.00390464626253, -0.00477092992514, 0.00425011105835, -0.00573205621913, 0.00522378925234, -0.00315583101474, 0.00329380296171, 0.000706915860064], [0.0016090759309, -0.005360417068, 0.00159329595044, -0.00636583892629, 0.0150634692982, -0.00965425185859, 0.000751303683501, -0.00424943352118, 0.00508753675967, -0.00385397602804, 0.00235166633502, -0.000653427385259, 0.000416089431383], [-0.0010685021989, 0.00503217661753, -0.00222128699534, 0.00390464626253, -0.00965425185859, 0.0141452495009, -0.00579425226897, 0.00110242376104, -0.00118160666898, 0.00259921420366, -0.00265429611318, 0.00322078797035, -0.000345302978531], [0.000971993489657, -0.00440796418115, 0.00324807036668, -0.00477092992514, 0.000751303683501, -0.00579425226897, 0.0147431865335, -0.00718024093658, 0.00189104222227, 0.000442507385742, 0.000924033520278, -0.00652257632464, 0.00118388945702], [-0.0011817876948, 0.00674716429785, -0.00419139303267, 0.00425011105835, -0.00424943352118, 0.00110242376104, -0.00718024093658, 0.0213910825551, -0.0121576981619, 0.00210431381129, 0.00206875917502, 0.00323772476986, -0.00347800902091], [0.00119193491992, -0.0083346106112, 0.00519552826881, -0.00573205621913, 0.00508753675967, -0.00118160666898, 0.00189104222227, -0.0121576981619, 0.0193272903562, -0.00919228512794, 0.000656869087834, 0.000850916665513, -0.000758044945542], [-0.00125892960932, 0.00727288192138, -0.00480336882174, 0.00522378925234, -0.00385397602804, 0.00259921420366, 0.000442507385742, 0.00210431381129, -0.00919228512794, 0.0208637230098, -0.010812391527, 0.00485088769346, -0.00233699032106], [0.000852256722283, -0.00509691098705, 0.00342620443553, -0.00315583101474, 0.00235166633502, -0.00265429611318, 0.000924033520278, 0.00206875917502, 0.000656869087834, -0.010812391527, 0.0183090344071, -0.0127178533003, 0.00490482663736], [-0.000862827640958, 0.00557138537988, -0.0036589493975, 0.00329380296171, -0.000653427385259, 0.00322078797035, -0.00652257632464, 0.00323772476986, 0.000850916665513, 0.00485088769346, -0.0127178533003, 0.0266687981784, -0.0130374133587], [0.000324602820911, -0.00304884486832, 0.00126743561123, 0.000706915860064, 0.000416089431383, -0.000345302978531, 0.00118388945702, -0.00347800902091, -0.000758044945542, -0.00233699032106, 0.00490482663736, -0.0130374133587, 0.0186325069517]]
    },
    "melbands": {
        "mean": [0.00198995671235, 0.00160898698959, 0.000504454656038, 0.000262796878815, 0.000606590823736, 0.000673559843563, 0.000638736353721, 0.000281902204733, 0.000288446462946, 0.000158047099831, 0.00012779935787, 0.000133813591674, 8.89480652404e-005, 0.000104982864286, 9.07573121367e-005, 4.47841011919e-005, 5.09566925757e-005, 2.54350015894e-005, 2.27779673878e-005, 3.41336235579e-005, 1.8049377104e-005, 1.6065681848e-005, 2.04997959372e-005, 2.61740242422e-005, 2.55716349784e-005, 2.4606115403e-005, 1.32713066705e-005, 8.86859288585e-006, 4.60780165668e-006, 2.96961661661e-006, 3.52279494109e-006, 3.06371885017e-006, 1.88460910522e-006, 1.19038372759e-006, 1.06214019979e-006, 7.18269745903e-007, 4.04169469448e-007, 2.26374439194e-007, 1.9739751167e-007, 1.21900797012e-007],
        "var": [6.34297202851e-006, 6.01875672146e-006, 6.46281421268e-007, 1.25060566347e-007, 1.37585107041e-006, 2.10992152461e-006, 1.97749022846e-006, 3.1388421462e-007, 6.03077751293e-007, 3.71139549316e-007, 3.67903076892e-008, 1.11308175121e-007, 2.15682032234e-008, 2.69134794451e-008, 1.66329350293e-008, 4.6548174204e-009, 6.80400980002e-009, 9.53549683658e-010, 1.61229518625e-009, 2.0399728573e-009, 2.14212203531e-010, 2.0334374462e-010, 3.15712983534e-010, 6.78349487693e-010, 5.47378864457e-010, 5.7289983868e-010, 2.07619532677e-010, 7.62406457411e-011, 4.43523100191e-011, 1.52315885599e-011, 1.26526601696e-011, 1.26396402025e-011, 3.3253402202e-012, 2.37532476327e-012, 1.7809484356e-012, 6.98063514545e-013, 2.66269482591e-013, 8.37927952935e-014, 5.84132216338e-014, 3.19467590131e-014]
    },
    "mfcc": {
        "mean": [-625.556213379, 120.040893555, -20.8181343079, 34.0785255432, -5.05943012238, 6.62693881989, 2.7844581604, 11.1485996246, -6.3468079567, 3.2075381279, 5.30379199982, 2.70001769066, 6.31402397156],
        "cov": [[1558.66491699, 40.3722381592, 164.652740479, -11.9437789917, -117.595825195, -148.70602417, -179.317474365, -141.787353516, -76.5921401978, 24.1542854309, -22.01420784, -19.9376564026, -35.5580253601], [40.3722381592, 448.400268555, 90.2563705444, -1.90762901306, 3.08399367332, -39.9740982056, -63.5365562439, -14.5615005493, 6.80542850494, 7.77154922485, 10.2674865723, 8.50709342957, -3.06433701515], [164.652740479, 90.2563705444, 294.604949951, 12.4460868835, 23.3476982117, -40.9585533142, -21.3635635376, -62.6912384033, -17.3123645782, -18.8796710968, -36.9910087585, 7.36463689804, 4.99423313141], [-11.9437789917, -1.90762901306, 12.4460868835, 194.340560913, 33.9214706421, 43.5143127441, 26.561870575, 60.4726486206, 30.645565033, 22.8767433167, 29.6065101624, 2.66447734833, 6.69069242477], [-117.595825195, 3.08399367332, 23.3476982117, 33.9214706421, 172.41557312, 91.8647003174, 93.1187515259, 58.4504241943, 60.0060577393, 29.3496685028, 20.5362873077, 2.39496898651, -1.72223854065], [-148.70602417, -39.9740982056, -40.9585533142, 43.5143127441, 91.8647003174, 179.346221924, 144.153839111, 97.6792831421, 43.2001266479, 6.63367319107, 30.2126121521, 13.083360672, 7.45578145981], [-179.317474365, -63.5365562439, -21.3635635376, 26.561870575, 93.1187515259, 144.153839111, 230.594589233, 119.103088379, 52.6235084534, -17.3686752319, 6.06760883331, 11.5422201157, 22.8430309296], [-141.787353516, -14.5615005493, -62.6912384033, 60.4726486206, 58.4504241943, 97.6792831421, 119.103088379, 203.307250977, 106.288848877, 28.6222572327, 25.4381771088, -8.8204908371, -2.07383966446], [-76.5921401978, 6.80542850494, -17.3123645782, 30.645565033, 60.0060577393, 43.2001266479, 52.6235084534, 106.288848877, 173.327178955, 76.5785751343, 5.67775535583, -17.9853668213, -23.5250549316], [24.1542854309, 7.77154922485, -18.8796710968, 22.8767433167, 29.3496685028, 6.63367319107, -17.3686752319, 28.6222572327, 76.5785751343, 129.055892944, 48.19008255, 5.10873317719, -24.2347507477], [-22.01420784, 10.2674865723, -36.9910087585, 29.6065101624, 20.5362873077, 30.2126121521, 6.06760883331, 25.4381771088, 5.67775535583, 48.19008255, 111.099266052, 42.3978347778, 10.3517713547], [-19.9376564026, 8.50709342957, 7.36463689804, 2.66447734833, 2.39496898651, 13.083360672, 11.5422201157, -8.8204908371, -17.9853668213, 5.10873317719, 42.3978347778, 79.4026412964, 32.0880317688], [-35.5580253601, -3.06433701515, 4.99423313141, 6.69069242477, -1.72223854065, 7.45578145981, 22.8430309296, -2.07383966446, -23.5250549316, -24.2347507477, 10.3517713547, 32.0880317688, 85.0803375244]],
        "icov": [[0.000785186304711, 6.29756686976e-005, -0.00046995197772, -5.95617239014e-005, 0.000404272373999, 8.77114580362e-005, 0.000213137464016, 8.32695368445e-005, 0.000257529260125, -0.000397097668611, -6.68715292704e-005, 0.00023169942142, 0.000186844335985], [6.29756686976e-005, 0.00257114088163, -0.000898071739357, 0.000231542566326, -0.000279320316622, 7.83329378464e-005, 0.00113220221829, -0.000580769556109, -0.000290443393169, 0.000391314300941, -0.000558973639272, -0.00021078325517, 1.43844522427e-006], [-0.00046995197772, -0.000898071739357, 0.00484248995781, -0.000985595979728, -0.00168128195219, 0.00131575216074, -0.000880737614352, 0.0016045368975, -0.00038523535477, 0.000461537245428, 0.0018558743177, -0.00141512812115, 2.35968054767e-005], [-5.95617239014e-005, 0.000231542566326, -0.000985595979728, 0.00624717120081, -0.000301176536595, -0.00125034805387, 0.00118549307808, -0.00210016337223, 0.000275669211987, -0.000379728648113, -0.00127848191187, 0.000779174792115, -0.000886234629434], [0.000404272373999, -0.000279320316622, -0.00168128195219, -0.000301176536595, 0.00995118636638, -0.00357086374424, -0.00204529101029, 0.00124636862893, -0.00182830449194, -0.00135827017948, -0.00124264252372, 0.00130026228726, 0.000143519573612], [8.77114580362e-005, 7.83329378464e-005, 0.00131575216074, -0.00125034805387, -0.00357086374424, 0.0142594696954, -0.00660546496511, -0.0015175974695, 0.00105914252345, 0.000197279645363, -0.00162082910538, -0.000987294595689, 0.001393810031], [0.000213137464016, 0.00113220221829, -0.000880737614352, 0.00118549307808, -0.00204529101029, -0.00660546496511, 0.0121874660254, -0.00404477212578, -0.000637766730506, 0.00243488908745, 0.00145571492612, -0.00141963572241, -0.00186947884504], [8.32695368445e-005, -0.000580769556109, 0.0016045368975, -0.00210016337223, 0.00124636862893, -0.0015175974695, -0.00404477212578, 0.0121406735852, -0.00611364142969, 0.00159132212866, -0.00232127634808, 0.00192935939413, -5.74170517211e-005], [0.000257529260125, -0.000290443393169, -0.00038523535477, 0.000275669211987, -0.00182830449194, 0.00105914252345, -0.000637766730506, -0.00611364142969, 0.0136613631621, -0.00788472127169, 0.00374256051145, 0.000694623566233, 0.000804649782367], [-0.000397097668611, 0.000391314300941, 0.000461537245428, -0.000379728648113, -0.00135827017948, 0.000197279645363, 0.00243488908745, 0.00159132212866, -0.00788472127169, 0.0158754643053, -0.00663623819128, -0.000649063265882, 0.0025852965191], [-6.68715292704e-005, -0.000558973639272, 0.0018558743177, -0.00127848191187, -0.00124264252372, -0.00162082910538, 0.00145571492612, -0.00232127634808, 0.00374256051145, -0.00663623819128, 0.0168247483671, -0.00782306585461, -0.000339099497069], [0.00023169942142, -0.00021078325517, -0.00141512812115, 0.000779174792115, 0.00130026228726, -0.000987294595689, -0.00141963572241, 0.00192935939413, 0.000694623566233, -0.000649063265882, -0.00782306585461, 0.0201150942594, -0.00597532279789], [0.000186844335985, 1.43844522427e-006, 2.35968054767e-005, -0.000886234629434, 0.000143519573612, 0.001393810031, -0.00186947884504, -5.74170517211e-005, 0.000804649782367, 0.0025852965191, -0.000339099497069, -0.00597532279789, 0.0155350901186]]
    },
    "spectral_contrast_coeffs": {
        "mean": [-0.688087165356, -0.715887725353, -0.75059235096, -0.755374014378, -0.733851909637, -0.712517619133],
        "var": [0.00657967664301, 0.00796940550208, 0.00318344216794, 0.0019307784969, 0.00181587890256, 0.00156483391766]
    },
    "spectral_contrast_valleys": {
        "mean": [-7.20716238022, -6.70629453659, -7.08065891266, -7.56679439545, -7.46396970749, -10.5801534653],
        "var": [0.652343034744, 0.726068139076, 0.44575047493, 0.420520484447, 0.490355879068, 0.579802632332]
    }
},
"metadata": {
    "audio_properties": {
        "analysis_sample_rate": 44100,
        "bit_rate": 128074,
        "equal_loudness": 0,
        "length": 45.0612258911,
        "lossless": 0,
        "replay_gain": -5.55806159973,
        "sample_rate": 44100,
        "codec": "mp3",
        "downmix": "mix",
        "md5_encoded": "31d35c291893f4370eda7f09d48a2ae5"
    },
    "tags": {
        "file_name": "1857.mp3"
    },
    "version": {
        "essentia": "2.1-beta2",
        "essentia_git_sha": "v2.1_beta2",
        "extractor": "music 1.0"
    }
},
"rhythm": {
    "beats_count": 119,
    "beats_loudness": {
        "mean": 0.0335432812572,
        "var": 0.000349069130607
    },
    "bpm": 161.498931885,
    "bpm_histogram_first_peak_bpm": {
        "mean": 161,
        "var": 0
    },
    "bpm_histogram_first_peak_spread": {
        "mean": 0.288135588169,
        "var": 0
    },
    "bpm_histogram_first_peak_weight": {
        "mean": 0.711864411831,
        "var": 0
    },
    "bpm_histogram_second_peak_bpm": {
        "mean": 0,
        "var": 0
    },
    "bpm_histogram_second_peak_spread": {
        "mean": 0,
        "var": 0
    },
    "bpm_histogram_second_peak_weight": {
        "mean": 0,
        "var": 0
    },
    "danceability": 1.17292904854,
    "onset_rate": 3.59348845482,
    "beats_loudness_band_ratio": {
        "mean": [0.476487219334, 0.153994902968, 0.159111261368, 0.112225927413, 0.079863242805, 0.050539880991],
        "var": [0.0649362951517, 0.0280482359231, 0.0229771044105, 0.00711268186569, 0.00424086255953, 0.001678607543]
    },
    "beats_position": [0.348299324512, 0.719818592072, 1.09133780003, 1.47446703911, 1.84598636627, 2.22911548615, 2.60063481331, 2.97215414047, 3.34367346764, 3.7151927948, 4.08671188354, 4.46984100342, 4.841360569, 5.22448968887, 5.59600877762, 5.9675283432, 6.33904743195, 6.71056699753, 7.08208608627, 7.45360517502, 7.8251247406, 8.20825386047, 8.57977294922, 8.96290206909, 9.33442115784, 9.70594120026, 10.077460289, 10.4605894089, 10.8437185287, 11.2152376175, 11.5867567062, 11.9582767487, 12.3297958374, 12.7013149261, 13.0728340149, 13.4559631348, 13.8274831772, 14.1990022659, 14.5821313858, 14.9536504745, 15.3367795944, 15.7082986832, 16.0798187256, 16.4513378143, 16.8228569031, 17.2059860229, 17.5775051117, 17.9490242004, 18.3321533203, 18.7152824402, 19.0868015289, 19.458322525, 19.8414516449, 20.2129707336, 20.5844898224, 20.9676189423, 21.339138031, 21.7106571198, 22.0821762085, 22.4536952972, 22.825214386, 23.1967334747, 23.5798625946, 23.9513835907, 24.3345127106, 24.7060317993, 25.0775508881, 25.4490699768, 25.8205890656, 26.1921081543, 26.5752372742, 26.958366394, 27.3298854828, 27.7014045715, 28.0729255676, 28.4560546875, 28.8391838074, 29.2107028961, 29.5822219849, 29.9537410736, 30.3368701935, 30.7083892822, 31.0915184021, 31.4630374908, 31.8345565796, 32.2060775757, 32.5775947571, 32.960723877, 33.3438529968, 33.7153739929, 34.0868911743, 34.4584121704, 34.8299331665, 35.2014503479, 35.5845794678, 35.9677085876, 36.3392295837, 36.7107467651, 37.0822677612, 37.4537849426, 37.8253059387, 38.2084350586, 38.5915641785, 38.9630813599, 39.334602356, 39.7061233521, 40.0776405334, 40.4491615295, 40.8322906494, 41.2154197693, 41.5869369507, 41.9584579468, 42.3299751282, 42.7014961243, 43.0730133057, 43.4561424255, 43.8276634216, 44.1991844177, 44.5823135376]
},
"tonal": {
    "chords_changes_rate": 0.0823045298457,
    "chords_number_rate": 0.00617283955216,
    "chords_strength": {
        "mean": 0.478052735329,
        "var": 0.00608664983884
    },
    "hpcp_entropy": {
        "mean": 2.13961148262,
        "var": 0.39318588376
    },
    "key_strength": 0.661875844002,
    "tuning_diatonic_strength": 0.488937824965,
    "tuning_equal_tempered_deviation": 0.0915184170008,
    "tuning_frequency": 440.254241943,
    "tuning_nontempered_energy_ratio": 0.695555388927,
    "hpcp": {
        "mean": [0.31980535388, 0.180315136909, 0.141109764576, 0.163289994001, 0.125377580523, 0.0924552157521, 0.0867930427194, 0.0724998861551, 0.159474402666, 0.254845798016, 0.151473343372, 0.0454001165926, 0.0407939553261, 0.0400131866336, 0.135596096516, 0.241355285048, 0.16503110528, 0.0625425428152, 0.0560889802873, 0.0832850188017, 0.200099021196, 0.295341283083, 0.233649969101, 0.209581941366, 0.184129849076, 0.0961623936892, 0.067285746336, 0.0516620203853, 0.0394732840359, 0.134161904454, 0.252614587545, 0.177493885159, 0.0812450349331, 0.175677090883, 0.346951752901, 0.410910308361],
        "var": [0.0854053795338, 0.0454049222171, 0.0518071986735, 0.0775479748845, 0.0552639588714, 0.0275691058487, 0.0225374829024, 0.0131791969761, 0.0330757461488, 0.0788233056664, 0.0334034748375, 0.00433990219608, 0.00488111749291, 0.00505819823593, 0.0350545197725, 0.0970324128866, 0.0482131019235, 0.021970199421, 0.0254398360848, 0.0330093801022, 0.0577569119632, 0.102561794221, 0.0678374990821, 0.0700133144855, 0.0575249455869, 0.023074246943, 0.0148830628023, 0.0107621159405, 0.00549449957907, 0.0287941340357, 0.0889887958765, 0.046183642, 0.0171706546098, 0.055622421205, 0.1275780797, 0.124305389822]
    },
    "chords_histogram": [46.3991775513, 29.2181072235, 0, 0, 0, 0, 0, 0, 2.46913576126, 4.62962961197, 0.411522626877, 0, 0, 0, 0, 0, 0.720164597034, 0, 0.205761313438, 0, 0.720164597034, 0, 6.79012346268, 8.43621444702],
    "thpcp": [1, 0.778285086155, 0.438818722963, 0.343407690525, 0.397385984659, 0.305121541023, 0.225000962615, 0.211221382022, 0.17643725872, 0.388100266457, 0.620198130608, 0.368628740311, 0.110486678779, 0.0992770344019, 0.097376935184, 0.329989522696, 0.587367296219, 0.401623189449, 0.152204856277, 0.136499330401, 0.202684178948, 0.486965209246, 0.718748807907, 0.568615496159, 0.510043025017, 0.448102295399, 0.234022825956, 0.163748010993, 0.125725775957, 0.0960630178452, 0.326499253511, 0.614768207073, 0.431952863932, 0.197719633579, 0.427531480789, 0.844349086285],
    "chords_key": "A",
    "chords_scale": "minor",
    "key_key": "A",
    "key_scale": "minor"
}
}