{
"lowlevel": {
    "average_loudness": 0.931551635265,
    "barkbands_crest": {
        "mean": 8.83038139343,
        "var": 12.0515241623
    },
    "barkbands_flatness_db": {
        "mean": 0.113766118884,
        "var": 0.00151120848022
    },
    "barkbands_kurtosis": {
        "mean": 1.15804219246,
        "var": 4.211353302
    },
    "barkbands_skewness": {
        "mean": 1.00445222855,
        "var": 0.327557146549
    },
    "barkbands_spread": {
        "mean": 23.6625022888,
        "var": 145.535400391
    },
    "dissonance": {
        "mean": 0.464489847422,
        "var": 0.000631309114397
    },
    "dynamic_complexity": 2.0147125721,
    "erbbands_crest": {
        "mean": 10.3849201202,
        "var": 24.9795074463
    },
    "erbbands_flatness_db": {
        "mean": 0.162159278989,
        "var": 0.00188705231994
    },
    "erbbands_kurtosis": {
        "mean": 0.378767341375,
        "var": 2.49711585045
    },
    "erbbands_skewness": {
        "mean": 0.304586231709,
        "var": 0.380182266235
    },
    "erbbands_spread": {
        "mean": 32.3613815308,
        "var": 195.195632935
    },
    "hfc": {
        "mean": 24.140253067,
        "var": 286.391052246
    },
    "melbands_crest": {
        "mean": 12.8520040512,
        "var": 21.892742157
    },
    "melbands_flatness_db": {
        "mean": 0.168963342905,
        "var": 0.00238793762401
    },
    "melbands_kurtosis": {
        "mean": 4.63406133652,
        "var": 18.3740825653
    },
    "melbands_skewness": {
        "mean": 1.69759726524,
        "var": 0.650134205818
    },
    "melbands_spread": {
        "mean": 26.4166374207,
        "var": 146.176971436
    },
    "pitch_salience": {
        "mean": 0.556689500809,
        "var": 0.00825697835535
    },
    "silence_rate_20dB": {
        "mean": 1,
        "var": 0
    },
    "silence_rate_30dB": {
        "mean": 1,
        "var": 0
    },
    "silence_rate_60dB": {
        "mean": 0.00154479919001,
        "var": 0.00154241069686
    },
    "spectral_centroid": {
        "mean": 1388.76452637,
        "var": 291989.65625
    },
    "spectral_complexity": {
        "mean": 23.0674552917,
        "var": 80.3378067017
    },
    "spectral_decrease": {
        "mean": -6.27822993593e-009,
        "var": 1.612293797e-017
    },
    "spectral_energy": {
        "mean": 0.0258851125836,
        "var": 0.000265677052084
    },
    "spectral_energyband_high": {
        "mean": 0.000950574525632,
        "var": 1.40192526032e-006
    },
    "spectral_energyband_low": {
        "mean": 0.00507589383051,
        "var": 6.419645797e-005
    },
    "spectral_energyband_middle_high": {
        "mean": 0.00824719201773,
        "var": 5.55786900804e-005
    },
    "spectral_energyband_middle_low": {
        "mean": 0.0121687399223,
        "var": 7.66002631281e-005
    },
    "spectral_entropy": {
        "mean": 7.61799907684,
        "var": 0.143909662962
    },
    "spectral_flux": {
        "mean": 0.0791576877236,
        "var": 0.00100627040956
    },
    "spectral_kurtosis": {
        "mean": 5.1730799675,
        "var": 12.9589128494
    },
    "spectral_rms": {
        "mean": 0.00479712989181,
        "var": 2.24132008952e-006
    },
    "spectral_rolloff": {
        "mean": 1750.2088623,
        "var": 1630251.75
    },
    "spectral_skewness": {
        "mean": 1.66663658619,
        "var": 0.294943362474
    },
    "spectral_spread": {
        "mean": 4551817,
        "var": 3.63516998451e+012
    },
    "spectral_strongpeak": {
        "mean": 1.28272724152,
        "var": 1.8059514761
    },
    "zerocrossingrate": {
        "mean": 0.0674615129828,
        "var": 0.0010052206926
    },
    "barkbands": {
        "mean": [0.000154143475811, 0.00355946831405, 0.00108398625161, 0.000475454609841, 0.00330860773101, 0.00256075058132, 0.00307101779617, 0.00124465057161, 0.00107195961755, 0.00204872619361, 0.00100708496757, 0.00164034892805, 0.00055229710415, 0.000699657015502, 0.000874623015989, 0.000419127871282, 0.000264539325144, 0.000323748623487, 0.000431304739323, 0.000307817826979, 0.000230946097872, 0.00016377553402, 0.000105623454147, 0.000100812037999, 8.97945574252e-005, 9.13100229809e-005, 3.51408311872e-006],
        "var": [9.42168796314e-008, 4.62770985905e-005, 6.51064465274e-006, 1.45196418089e-006, 1.17675663205e-005, 6.40798725726e-006, 2.96988691844e-005, 6.92107641953e-006, 6.63398714096e-006, 1.06587876871e-005, 1.88953781617e-005, 6.73077965985e-006, 6.92828166393e-007, 2.30302839554e-006, 1.51850747443e-006, 4.65033878072e-007, 8.3881623425e-008, 1.61517789365e-007, 3.56086445663e-007, 1.60369665991e-007, 9.62408819305e-008, 4.08373388439e-008, 2.20634142067e-008, 2.41273845347e-008, 3.12881738296e-008, 4.85573004028e-008, 1.03939704066e-010]
    },
    "erbbands": {
        "mean": [0.126160055399, 0.702217578888, 1.26225209236, 1.58758831024, 2.53990578651, 12.4725646973, 31.4612941742, 13.7957544327, 38.0993690491, 34.3071861267, 30.6235313416, 26.0400276184, 35.2286224365, 70.2629928589, 42.3179512024, 81.9092788696, 32.0454063416, 31.4013824463, 45.633354187, 43.5489501953, 17.3751277924, 14.229224205, 19.2284221649, 20.3272762299, 19.643901825, 14.2984838486, 9.79512405396, 9.04628562927, 6.08444356918, 4.64133501053, 2.74812984467, 2.20703268051, 1.5482468605, 1.08145391941, 0.609955132008, 0.361941814423, 0.172980338335, 0.0276443231851, 0.000570965523366, 4.96924112667e-005],
        "var": [0.0675748959184, 1.96193122864, 8.01404666901, 12.0613527298, 17.9795131683, 289.937988281, 1088.90551758, 165.379318237, 4260.87109375, 2651.28466797, 4881.02294922, 3813.48486328, 2163.73217773, 16184.6621094, 18081.1445313, 17475.6367188, 1580.05273438, 3190.87255859, 6144.9453125, 7030.41357422, 389.125671387, 244.854736328, 531.178771973, 680.882019043, 657.98236084, 393.024383545, 163.166320801, 144.527801514, 53.3284606934, 53.9606513977, 14.6855068207, 11.2707509995, 6.10216903687, 4.34822177887, 1.59226298332, 0.66526979208, 0.181228935719, 0.00546762347221, 2.22013500206e-006, 2.76622547091e-009]
    },
    "gfcc": {
        "mean": [22.7967185974, 87.3792800903, -127.808532715, 16.4375476837, -63.32056427, 9.69888114929, -39.9917640686, 6.77649784088, -28.5132675171, 9.27845096588, -11.7494802475, 7.8928937912, -7.38126039505],
        "cov": [[2937.57446289, -1070.98400879, 144.089935303, 317.074890137, -104.302825928, 118.448745728, -47.8897361755, 119.632041931, -186.251098633, 105.634399414, -57.4173240662, 128.114105225, -107.25579834], [-1070.98400879, 1321.58630371, -311.164031982, -108.047286987, 207.671508789, -80.5797042847, 132.085449219, -71.2833557129, 264.954681396, -94.1310424805, 103.147041321, -95.9066238403, 115.44960022], [144.089935303, -311.164031982, 471.741455078, -11.8342208862, 111.036888123, 66.7306747437, -36.5565376282, 108.909286499, -97.9215698242, 73.2810821533, -16.6559619904, 52.4498519897, -53.9185256958], [317.074890137, -108.047286987, -11.8342208862, 425.852355957, -36.9430541992, 24.1522579193, 100.076812744, 44.3758659363, 50.3233070374, -4.10578536987, 27.8911991119, 14.1860723495, 12.5523729324], [-104.302825928, 207.671508789, 111.036888123, -36.9430541992, 289.023681641, -2.16339421272, 27.4268245697, 48.0365638733, 12.0506248474, 32.9890556335, 21.70104599, 27.6688842773, -9.12694168091], [118.448745728, -80.5797042847, 66.7306747437, 24.1522579193, -2.16339421272, 159.506851196, 27.1823482513, 37.4289321899, 25.5094337463, -0.67063999176, -6.70699977875, -0.942767083645, 19.6902217865], [-47.8897361755, 132.085449219, -36.5565376282, 100.076812744, 27.4268245697, 27.1823482513, 143.349533081, 51.2433433533, 44.6327629089, -22.354637146, 31.2938022614, 23.0775489807, 21.4367179871], [119.632041931, -71.2833557129, 108.909286499, 44.3758659363, 48.0365638733, 37.4289321899, 51.2433433533, 131.920257568, 43.2573661804, 34.6864700317, 6.4098200798, 16.0932064056, -0.073928207159], [-186.251098633, 264.954681396, -97.9215698242, 50.3233070374, 12.0506248474, 25.5094337463, 44.6327629089, 43.2573661804, 215.416564941, 13.6784934998, 24.1325531006, -46.6037406921, 49.2735366821], [105.634399414, -94.1310424805, 73.2810821533, -4.10578536987, 32.9890556335, -0.67063999176, -22.354637146, 34.6864700317, 13.6784934998, 95.3381958008, 24.68384552, 14.6728363037, -12.4135961533], [-57.4173240662, 103.147041321, -16.6559619904, 27.8911991119, 21.70104599, -6.70699977875, 31.2938022614, 6.4098200798, 24.1325531006, 24.68384552, 92.3020019531, 40.1562385559, 20.9761543274], [128.114105225, -95.9066238403, 52.4498519897, 14.1860723495, 27.6688842773, -0.942767083645, 23.0775489807, 16.0932064056, -46.6037406921, 14.6728363037, 40.1562385559, 94.2925415039, 7.30377197266], [-107.25579834, 115.44960022, -53.9185256958, 12.5523729324, -9.12694168091, 19.6902217865, 21.4367179871, -0.073928207159, 49.2735366821, -12.4135961533, 20.9761543274, 7.30377197266, 75.0288772583]],
        "icov": [[0.000620418577455, 0.000129814972752, 0.000624168722425, -0.000548862444703, 4.49078606835e-006, -0.000651035283227, 0.000751930638216, -0.000844849157147, 0.000466889207019, -0.000551572826225, 0.000573991041165, -0.00100705365185, 0.000722944270819], [0.000129814972752, 0.00417407043278, -0.000353258568794, 0.00174170150422, -0.00333379255608, 0.00242933002301, -0.00388026516885, 0.0035836903844, -0.00346369063482, 0.00384639273398, -0.0049337069504, 0.00536296190694, -0.00294501450844], [0.000624168722425, -0.000353258568794, 0.00553286494687, -0.00112249795347, -0.000913712719921, -0.00294642942026, 0.00373763917014, -0.005423089955, 0.00326251238585, -0.00234353612177, 0.00165589654353, -0.00278573180549, 0.00246652774513], [-0.000548862444703, 0.00174170150422, -0.00112249795347, 0.00430402206257, -0.000694462563843, 0.00182139768731, -0.00471316138282, 0.0025329682976, -0.00254224054515, 0.00201822654344, -0.00298803532496, 0.00326972082257, -0.00168417557143], [4.49078606835e-006, -0.00333379255608, -0.000913712719921, -0.000694462563843, 0.00707714864984, -0.0012611161219, 0.00163754471578, -0.00287839304656, 0.00190417037811, -0.00372453918681, 0.00370314600877, -0.00506464531645, 0.00290793250315], [-0.000651035283227, 0.00242933002301, -0.00294642942026, 0.00182139768731, -0.0012611161219, 0.0102366302162, -0.00506257405505, 0.00303178443573, -0.00361037789844, 0.00340415816754, -0.00265285000205, 0.00514099607244, -0.00530586624518], [0.000751930638216, -0.00388026516885, 0.00373763917014, -0.00471316138282, 0.00163754471578, -0.00506257405505, 0.0191393960267, -0.0113675668836, 0.00365352840163, 0.00124111329205, 0.00213310890831, -0.00927189830691, 0.00468054367229], [-0.000844849157147, 0.0035836903844, -0.005423089955, 0.0025329682976, -0.00287839304656, 0.00303178443573, -0.0113675668836, 0.0206929389387, -0.00818663835526, 0.000140359101351, -0.00210983422585, 0.00464630313218, -0.00338345789351], [0.000466889207019, -0.00346369063482, 0.00326251238585, -0.00254224054515, 0.00190417037811, -0.00361037789844, 0.00365352840163, -0.00818663835526, 0.0133430883288, -0.00627327151597, 0.00223546335474, 0.00106417422649, -0.00163505226374], [-0.000551572826225, 0.00384639273398, -0.00234353612177, 0.00201822654344, -0.00372453918681, 0.00340415816754, 0.00124111329205, 0.000140359101351, -0.00627327151597, 0.0213598422706, -0.0110993590206, 0.00477402238175, -0.000137580456794], [0.000573991041165, -0.0049337069504, 0.00165589654353, -0.00298803532496, 0.00370314600877, -0.00265285000205, 0.00213310890831, -0.00210983422585, 0.00223546335474, -0.0110993590206, 0.0249654054642, -0.0154887987301, 0.0018608289538], [-0.00100705365185, 0.00536296190694, -0.00278573180549, 0.00326972082257, -0.00506464531645, 0.00514099607244, -0.00927189830691, 0.00464630313218, 0.00106417422649, 0.00477402238175, -0.0154887987301, 0.0286474041641, -0.00991978682578], [0.000722944270819, -0.00294501450844, 0.00246652774513, -0.00168417557143, 0.00290793250315, -0.00530586624518, 0.00468054367229, -0.00338345789351, -0.00163505226374, -0.000137580456794, 0.0018608289538, -0.00991978682578, 0.0228495616466]]
    },
    "melbands": {
        "mean": [0.00104719097726, 0.000760546012316, 0.00028621617821, 0.000445847719675, 0.00101609004196, 0.000336732744472, 0.000626135268249, 0.000347107241396, 0.000253937381785, 0.000148544670083, 0.000176741508767, 0.000293794786558, 0.000151518077473, 0.000172813044628, 0.000135339432745, 5.76965139771e-005, 5.58252395422e-005, 7.22723125364e-005, 6.02866493864e-005, 4.21469012508e-005, 1.7123280486e-005, 1.42665758176e-005, 1.60743911692e-005, 1.68189799297e-005, 1.63697241078e-005, 1.6608812075e-005, 1.0909685443e-005, 9.30249098019e-006, 6.0404818214e-006, 5.72646649744e-006, 5.12466112923e-006, 3.61499678547e-006, 2.80727317659e-006, 2.43310114456e-006, 1.62895980793e-006, 1.31391004743e-006, 1.32723391744e-006, 1.12561451715e-006, 9.0777797368e-007, 9.27636847337e-007],
        "var": [4.1856073949e-006, 2.11198971556e-006, 3.39628769552e-007, 3.96596249175e-007, 9.56993403634e-007, 9.56563326326e-008, 1.21885034332e-006, 2.77172631513e-007, 4.17431294863e-007, 1.22268900782e-007, 5.73207437071e-008, 2.9615861763e-007, 3.78881310326e-007, 6.9424700655e-008, 3.42488242211e-008, 6.11726136412e-009, 1.21148167054e-008, 2.18154916354e-008, 7.65577201634e-009, 7.57511298133e-009, 4.80707695871e-010, 2.5189308972e-010, 4.33225288976e-010, 4.32218261182e-010, 4.81325257429e-010, 6.10605066509e-010, 1.67290931108e-010, 1.95440663653e-010, 6.21759727037e-011, 6.83657783163e-011, 4.79544182141e-011, 2.15711268292e-011, 1.60914250674e-011, 1.5963915953e-011, 5.59082988238e-012, 3.7681871512e-012, 4.37452504776e-012, 3.18166088094e-012, 2.5621779004e-012, 3.58103542479e-012]
    },
    "mfcc": {
        "mean": [-618.772094727, 123.196090698, -10.8338518143, 10.7239313126, -5.43369197845, 0.558739483356, -1.37016880512, -4.31648588181, -6.79635715485, -1.5563980341, -1.60414922237, -2.3347196579, -0.135865852237],
        "cov": [[2351.3671875, -1080.55187988, 132.000488281, 217.786300659, -65.1795883179, 51.7640609741, 76.741317749, 46.8546104431, -14.0633459091, -4.76646137238, -2.32186555862, 15.4532680511, 41.1379814148], [-1080.55187988, 1243.21826172, -294.279541016, -96.3164215088, 114.012756348, -5.87029218674, -51.610710144, 14.0818767548, 39.9881973267, 33.1080436707, 38.6194801331, 8.17952823639, 22.810426712], [132.000488281, -294.279541016, 316.393829346, -5.73099279404, 35.4876289368, 6.25959396362, 54.6892967224, 14.706196785, 16.6117095947, 22.6846008301, -14.9714794159, 24.5254459381, 12.9263849258], [217.786300659, -96.3164215088, -5.73099279404, 331.63885498, 2.87442708015, 17.8279323578, 47.5581626892, 59.1107635498, 0.883185982704, 24.846206665, 11.85201931, 39.6424255371, 33.9360427856], [-65.1795883179, 114.012756348, 35.4876289368, 2.87442708015, 182.495025635, 16.0601272583, 33.9997406006, 2.43797445297, 21.7841739655, 41.4962806702, 9.4716835022, 17.5321712494, 26.1647167206], [51.7640609741, -5.87029218674, 6.25959396362, 17.8279323578, 16.0601272583, 95.8849182129, 11.5889205933, 25.4835586548, 12.6595258713, 7.4826669693, 5.95670080185, -2.92716145515, -0.959093093872], [76.741317749, -51.610710144, 54.6892967224, 47.5581626892, 33.9997406006, 11.5889205933, 137.556549072, 42.0090675354, -17.9402580261, -11.7700004578, -18.1317558289, 17.8330497742, 28.4366550446], [46.8546104431, 14.0818767548, 14.706196785, 59.1107635498, 2.43797445297, 25.4835586548, 42.0090675354, 130.891738892, 50.0196876526, 11.1070280075, 17.1200084686, 14.7092895508, 6.95502567291], [-14.0633459091, 39.9881973267, 16.6117095947, 0.883185982704, 21.7841739655, 12.6595258713, -17.9402580261, 50.0196876526, 111.487602234, 65.8925628662, 28.5193538666, -1.98547101021, -7.57655191422], [-4.76646137238, 33.1080436707, 22.6846008301, 24.846206665, 41.4962806702, 7.4826669693, -11.7700004578, 11.1070280075, 65.8925628662, 105.74130249, 35.5632286072, 9.80408000946, 5.69371747971], [-2.32186555862, 38.6194801331, -14.9714794159, 11.85201931, 9.4716835022, 5.95670080185, -18.1317558289, 17.1200084686, 28.5193538666, 35.5632286072, 82.5268554688, 30.1903533936, 4.21330738068], [15.4532680511, 8.17952823639, 24.5254459381, 39.6424255371, 17.5321712494, -2.92716145515, 17.8330497742, 14.7092895508, -1.98547101021, 9.80408000946, 30.1903533936, 64.4800338745, 33.7709579468], [41.1379814148, 22.810426712, 12.9263849258, 33.9360427856, 26.1647167206, -0.959093093872, 28.4366550446, 6.95502567291, -7.57655191422, 5.69371747971, 4.21330738068, 33.7709579468, 67.0905303955]],
        "icov": [[0.000831034674775, 0.000876041362062, 0.000532794976607, -0.000145990066812, -0.000179434573511, -0.000280879175989, -5.62592795177e-005, -0.000221653608605, -0.000103205849882, -6.59525685478e-005, -0.000156449445058, 0.000184681193787, -0.000812632963061], [0.000876041362062, 0.00223185052164, 0.00198284117505, 0.000435062480392, -0.0011534873629, -0.000144669844303, 0.000192869760212, -0.000745772849768, -0.000275033875369, -0.00037893265835, 9.9833967397e-005, -0.00043981228373, -0.00123852223624], [0.000532794976607, 0.00198284117505, 0.00567851215601, 0.00102671841159, -0.00126401870511, -0.000226390984608, -0.00124830368441, -0.00046372084762, -0.000955911644269, -0.00143186573405, 0.00203946512192, -0.00309912976809, -0.00010190429748], [-0.000145990066812, 0.000435062480392, 0.00102671841159, 0.00414030766115, 0.000125445047161, -0.000322317675455, -0.00045111606596, -0.00198628893122, 0.00143261975609, -0.0021924986504, 0.000987198203802, -0.00218696170487, -0.000620204897132], [-0.000179434573511, -0.0011534873629, -0.00126401870511, 0.000125445047161, 0.00765012716874, -0.00112500356045, -0.00208139768802, 0.00152629602235, -0.000570858537685, -0.00229429430328, 9.52484842855e-005, -0.000345801003277, -0.00129496643785], [-0.000280879175989, -0.000144669844303, -0.000226390984608, -0.000322317675455, -0.00112500356045, 0.011513360776, -0.000236249165027, -0.002029820811, 0.000167730788235, 2.61132590822e-005, -0.00110063795, 0.00203105481341, 0.000405445636716], [-5.62592795177e-005, 0.000192869760212, -0.00124830368441, -0.00045111606596, -0.00208139768802, -0.000236249165027, 0.0114547777921, -0.00482639484107, 0.0037763833534, -0.000107155508886, 0.00257123401389, -0.00048515299568, -0.00259056524374], [-0.000221653608605, -0.000745772849768, -0.00046372084762, -0.00198628893122, 0.00152629602235, -0.002029820811, -0.00482639484107, 0.0141113866121, -0.00912831258029, 0.00472142826766, -0.0018830022309, -0.00140002369881, 0.000833509198856], [-0.000103205849882, -0.000275033875369, -0.000955911644269, 0.00143261975609, -0.000570858537685, 0.000167730788235, 0.0037763833534, -0.00912831258029, 0.0213031433523, -0.0117596490309, -0.000940755766351, 0.0030417512171, 0.00111873971764], [-6.59525685478e-005, -0.00037893265835, -0.00143186573405, -0.0021924986504, -0.00229429430328, 2.61132590822e-005, -0.000107155508886, 0.00472142826766, -0.0117596490309, 0.0198972783983, -0.00547726638615, 0.00144036975689, -0.00139241560828], [-0.000156449445058, 9.9833967397e-005, 0.00203946512192, 0.000987198203802, 9.52484842855e-005, -0.00110063795, 0.00257123401389, -0.0018830022309, -0.000940755766351, -0.00547726638615, 0.0203010290861, -0.0122297424823, 0.00346188177355], [0.000184681193787, -0.00043981228373, -0.00309912976809, -0.00218696170487, -0.000345801003277, 0.00203105481341, -0.00048515299568, -0.00140002369881, 0.0030417512171, 0.00144036975689, -0.0122297424823, 0.0306712388992, -0.0121952109039], [-0.000812632963061, -0.00123852223624, -0.00010190429748, -0.000620204897132, -0.00129496643785, 0.000405445636716, -0.00259056524374, 0.000833509198856, 0.00111873971764, -0.00139241560828, 0.00346188177355, -0.0121952109039, 0.0238461270928]]
    },
    "spectral_contrast_coeffs": {
        "mean": [-0.623211860657, -0.712581813335, -0.741424798965, -0.761301875114, -0.77674138546, -0.759937822819],
        "var": [0.00636554276571, 0.00438688229769, 0.00401905924082, 0.00272216601297, 0.00134027423337, 0.00219136895612]
    },
    "spectral_contrast_valleys": {
        "mean": [-7.45220327377, -6.35120105743, -6.89693021774, -7.36574029922, -7.43959856033, -9.97760772705],
        "var": [0.58093559742, 0.350691050291, 0.343989878893, 0.402694493532, 0.783581852913, 1.02793991566]
    }
},
"metadata": {
    "audio_properties": {
        "analysis_sample_rate": 44100,
        "bit_rate": 128074,
        "equal_loudness": 0,
        "length": 45.0612258911,
        "lossless": 0,
        "replay_gain": -4.99274253845,
        "sample_rate": 44100,
        "codec": "mp3",
        "downmix": "mix",
        "md5_encoded": "1d73eca66623ce95a94f84acfa09c46d"
    },
    "tags": {
        "file_name": "1858.mp3"
    },
    "version": {
        "essentia": "2.1-beta2",
        "essentia_git_sha": "v2.1_beta2",
        "extractor": "music 1.0"
    }
},
"rhythm": {
    "beats_count": 89,
    "beats_loudness": {
        "mean": 0.0330397821963,
        "var": 0.000403116078814
    },
    "bpm": 119.938934326,
    "bpm_histogram_first_peak_bpm": {
        "mean": 120,
        "var": 0
    },
    "bpm_histogram_first_peak_spread": {
        "mean": 0.258823543787,
        "var": 0
    },
    "bpm_histogram_first_peak_weight": {
        "mean": 0.715909063816,
        "var": 0
    },
    "bpm_histogram_second_peak_bpm": {
        "mean": 112,
        "var": 0
    },
    "bpm_histogram_second_peak_spread": {
        "mean": 0,
        "var": 0
    },
    "bpm_histogram_second_peak_weight": {
        "mean": 0.0113636367023,
        "var": 0
    },
    "danceability": 1.10505986214,
    "onset_rate": 4.94659233093,
    "beats_loudness_band_ratio": {
        "mean": [0.244317606091, 0.209625199437, 0.211909621954, 0.16668869555, 0.103979311883, 0.0907164290547],
        "var": [0.0399420671165, 0.0188966207206, 0.0219493694603, 0.0145380739123, 0.00580934248865, 0.00768224243075]
    },
    "beats_position": [0.452789098024, 0.917188167572, 1.39319729805, 1.88081634045, 2.36843538284, 2.86766433716, 3.36689329147, 3.87773227692, 4.37696123123, 4.87619018555, 5.38702917099, 5.88625860214, 6.38548755646, 6.8963265419, 7.39555549622, 7.89478445053, 8.39401340485, 8.893242836, 9.4040813446, 9.90331077576, 10.3909292221, 10.8901586533, 11.3893871307, 11.8886165619, 12.387845993, 12.8754644394, 13.3746938705, 13.873922348, 14.3731517792, 14.8723802567, 15.3832197189, 15.8824491501, 16.3700675964, 16.8692970276, 17.3685264587, 17.8793640137, 18.3785934448, 18.877822876, 19.3770523071, 19.8762817383, 20.3755092621, 20.8747386932, 21.3739681244, 21.8731975555, 22.3724250793, 22.8716545105, 23.3824939728, 23.8817234039, 24.3809528351, 24.8801803589, 25.37940979, 25.8786392212, 26.3778686523, 26.8770961761, 27.3763256073, 27.8871650696, 28.3747844696, 28.8740139008, 29.3732414246, 29.8840808868, 30.383310318, 30.8825397491, 31.3817672729, 31.8809967041, 32.391834259, 32.8910636902, 33.3902931213, 33.8895225525, 34.3887519836, 34.8879814148, 35.3872108459, 35.8980484009, 36.397277832, 36.8965072632, 37.3841247559, 37.8949661255, 38.3941955566, 38.8934249878, 39.3926506042, 39.8918800354, 40.3911094666, 40.8903388977, 41.3895683289, 41.88879776, 42.3996353149, 42.8988647461, 43.4097061157, 43.9205436707, 44.4546012878]
},
"tonal": {
    "chords_changes_rate": 0.0504115223885,
    "chords_number_rate": 0.0113168722019,
    "chords_strength": {
        "mean": 0.499594867229,
        "var": 0.00469449162483
    },
    "hpcp_entropy": {
        "mean": 1.69995105267,
        "var": 0.537312924862
    },
    "key_strength": 0.817043066025,
    "tuning_diatonic_strength": 0.622659027576,
    "tuning_equal_tempered_deviation": 0.0754697173834,
    "tuning_frequency": 443.828887939,
    "tuning_nontempered_energy_ratio": 0.642936348915,
    "hpcp": {
        "mean": [0.408151835203, 0.262101620436, 0.14268168807, 0.0896314233541, 0.0753705352545, 0.232509955764, 0.32090690732, 0.167729631066, 0.0782482624054, 0.10008405894, 0.105994746089, 0.139404132962, 0.165771886706, 0.134925425053, 0.291810572147, 0.458288997412, 0.265285134315, 0.0694114714861, 0.0473487488925, 0.039180777967, 0.0891170948744, 0.135840564966, 0.121588721871, 0.0893943160772, 0.0536960363388, 0.0445071868598, 0.105171054602, 0.145006164908, 0.103488989174, 0.114268533885, 0.170184388757, 0.137964516878, 0.0974931269884, 0.102149344981, 0.117489494383, 0.297401309013],
        "var": [0.133930802345, 0.0703843832016, 0.0541611723602, 0.0215281844139, 0.0186857655644, 0.0693107917905, 0.135914251208, 0.0400060489774, 0.0249162726104, 0.0479438640177, 0.0404208451509, 0.0473154373467, 0.0751052126288, 0.0444630421698, 0.0617995224893, 0.136823788285, 0.0511836856604, 0.019711561501, 0.0120750069618, 0.00803204718977, 0.016755476594, 0.0443503819406, 0.0375651866198, 0.0324926152825, 0.0089441947639, 0.00777504686266, 0.0208370443434, 0.0363126918674, 0.0193006359041, 0.0287350676954, 0.0621064975858, 0.0380254760385, 0.0242261942476, 0.0272139515728, 0.0326283574104, 0.0836862847209]
    },
    "chords_histogram": [43.9300422668, 3.18930029869, 2.36625504494, 0, 2.67489719391, 0, 2.05761313438, 0, 0, 0, 0, 0, 0, 0, 0, 0.102880656719, 0, 5.04115247726, 0, 3.29218101501, 4.01234579086, 1.33744859695, 28.6008224487, 3.39506173134],
    "thpcp": [1, 0.57885992527, 0.151457861066, 0.103316351771, 0.0854936018586, 0.194456115365, 0.296408087015, 0.265310138464, 0.195061013103, 0.11716632545, 0.0971159860492, 0.229486316442, 0.316407680511, 0.225815996528, 0.249337285757, 0.371347308159, 0.301042616367, 0.212732851505, 0.222892865539, 0.256365507841, 0.64893835783, 0.890599250793, 0.571913421154, 0.311335623264, 0.195578381419, 0.164460718632, 0.507343530655, 0.700228273869, 0.365990966558, 0.170739993453, 0.218386352062, 0.231283634901, 0.304183900356, 0.361719101667, 0.294411212206, 0.636739194393],
    "chords_key": "D",
    "chords_scale": "major",
    "key_key": "D",
    "key_scale": "major"
}
}