{
"lowlevel": {
    "average_loudness": 0.964611649513,
    "barkbands_crest": {
        "mean": 7.36886978149,
        "var": 13.991437912
    },
    "barkbands_flatness_db": {
        "mean": 0.142621546984,
        "var": 0.000933334813453
    },
    "barkbands_kurtosis": {
        "mean": 0.154667407274,
        "var": 8.63842201233
    },
    "barkbands_skewness": {
        "mean": 0.00871668290347,
        "var": 0.909973025322
    },
    "barkbands_spread": {
        "mean": 26.3786201477,
        "var": 151.877883911
    },
    "dissonance": {
        "mean": 0.480053365231,
        "var": 0.000430490792496
    },
    "dynamic_complexity": 3.44225430489,
    "erbbands_crest": {
        "mean": 8.53764152527,
        "var": 15.5733299255
    },
    "erbbands_flatness_db": {
        "mean": 0.231473624706,
        "var": 0.0013801503228
    },
    "erbbands_kurtosis": {
        "mean": 0.947840332985,
        "var": 6.98208236694
    },
    "erbbands_skewness": {
        "mean": -0.460350960493,
        "var": 0.914723277092
    },
    "erbbands_spread": {
        "mean": 25.113155365,
        "var": 145.701904297
    },
    "hfc": {
        "mean": 19.9316234589,
        "var": 318.470397949
    },
    "melbands_crest": {
        "mean": 10.4730176926,
        "var": 27.5194683075
    },
    "melbands_flatness_db": {
        "mean": 0.138297095895,
        "var": 0.00172627612483
    },
    "melbands_kurtosis": {
        "mean": 1.90206098557,
        "var": 40.6961402893
    },
    "melbands_skewness": {
        "mean": 0.924819886684,
        "var": 1.22181808949
    },
    "melbands_spread": {
        "mean": 51.1250267029,
        "var": 626.776672363
    },
    "pitch_salience": {
        "mean": 0.597006917,
        "var": 0.00967940688133
    },
    "silence_rate_20dB": {
        "mean": 1,
        "var": 0
    },
    "silence_rate_30dB": {
        "mean": 1,
        "var": 0
    },
    "silence_rate_60dB": {
        "mean": 0.179711639881,
        "var": 0.147416368127
    },
    "spectral_centroid": {
        "mean": 2479.08447266,
        "var": 415397.875
    },
    "spectral_complexity": {
        "mean": 23.355304718,
        "var": 196.403106689
    },
    "spectral_decrease": {
        "mean": -2.46748466104e-009,
        "var": 4.06752335025e-018
    },
    "spectral_energy": {
        "mean": 0.0111206918955,
        "var": 8.04700321169e-005
    },
    "spectral_energyband_high": {
        "mean": 0.00108218041714,
        "var": 2.80006406683e-006
    },
    "spectral_energyband_low": {
        "mean": 0.00108797010034,
        "var": 8.08606637293e-006
    },
    "spectral_energyband_middle_high": {
        "mean": 0.00640554539859,
        "var": 2.97004462482e-005
    },
    "spectral_energyband_middle_low": {
        "mean": 0.00291818659753,
        "var": 1.86220295291e-005
    },
    "spectral_entropy": {
        "mean": 7.61644983292,
        "var": 0.0694531053305
    },
    "spectral_flux": {
        "mean": 0.0577271096408,
        "var": 0.00153414602391
    },
    "spectral_kurtosis": {
        "mean": 3.79401731491,
        "var": 7.96532821655
    },
    "spectral_rms": {
        "mean": 0.00296098785475,
        "var": 2.08200322049e-006
    },
    "spectral_rolloff": {
        "mean": 3037.24902344,
        "var": 1135577.875
    },
    "spectral_skewness": {
        "mean": 0.771430015564,
        "var": 0.167567238212
    },
    "spectral_spread": {
        "mean": 2717733.75,
        "var": 1.12869847859e+012
    },
    "spectral_strongpeak": {
        "mean": 1.48129308224,
        "var": 2.869109869
    },
    "zerocrossingrate": {
        "mean": 0.0895362496376,
        "var": 0.000804154027719
    },
    "barkbands": {
        "mean": [6.49105686534e-007, 0.000249484728556, 0.000535884173587, 0.000690733781084, 0.000660817429889, 0.000165728619322, 0.000478137430036, 0.00019111885922, 0.000575837155338, 0.000660337682348, 0.00090149132302, 0.000642652448732, 0.000427846884122, 0.000312315416522, 0.000369935529307, 0.000496058259159, 0.00059883412905, 0.000697742507327, 0.000966835010331, 0.000730199797545, 0.000483063340653, 0.000209618840017, 6.04924971412e-005, 1.32812047013e-005, 1.44093360177e-006, 1.73782879642e-007, 9.41725541992e-009],
        "var": [5.14359431783e-012, 7.13106487638e-007, 3.10570430884e-006, 3.3855978927e-006, 5.94736957282e-006, 1.00288723104e-007, 1.10649727958e-006, 3.86234972893e-007, 1.50414405198e-006, 1.9509179765e-006, 3.86214560422e-006, 1.5732510974e-006, 2.83512491706e-007, 2.43164606673e-007, 2.11152439533e-007, 4.78661149828e-007, 6.0097994492e-007, 8.59807471443e-007, 1.43543923059e-006, 1.35765594678e-006, 6.76110516906e-007, 1.0389152294e-007, 1.02878052743e-008, 6.46137754412e-010, 1.03020682263e-011, 2.17661568565e-013, 1.29888934335e-015]
    },
    "erbbands": {
        "mean": [0.00217948947102, 0.079408608377, 0.538009881973, 1.53694975376, 3.24701666832, 1.42183947563, 0.52474719286, 1.72435677052, 5.36889696121, 6.66721057892, 6.56697034836, 11.1592473984, 18.0757045746, 27.6518650055, 33.5243377686, 26.2802600861, 16.9709243774, 17.303106308, 16.2223548889, 22.3420562744, 30.3238945007, 34.3804397583, 39.8168029785, 41.2576332092, 50.525226593, 33.2352676392, 22.7151851654, 16.5367736816, 8.47764778137, 3.56957006454, 1.48459351063, 0.495465606451, 0.13264413178, 0.027986779809, 0.00589309446514, 0.00125274609309, 0.000273124751402, 4.86567187181e-005, 1.04500886664e-005, 1.57315826073e-005],
        "var": [4.17744522565e-005, 0.0699157565832, 3.02811193466, 12.2416973114, 140.858688354, 19.8632240295, 0.729771673679, 10.7541818619, 116.06803894, 347.407165527, 232.512756348, 633.861999512, 1001.60076904, 2633.09130859, 5188.73974609, 1731.92407227, 383.44317627, 628.031677246, 379.592681885, 989.051757813, 1394.53308105, 1603.85705566, 2676.62890625, 1854.22937012, 5814.53662109, 2461.81787109, 1457.16430664, 758.281066895, 176.505523682, 29.0347194672, 6.37981081009, 0.822136819363, 0.0691706314683, 0.00354646728374, 0.000189871367184, 9.48886736296e-006, 6.26452845154e-007, 1.87113133876e-008, 1.15116478849e-010, 1.69502800684e-010]
    },
    "gfcc": {
        "mean": [-74.8706893921, 96.3312835693, -195.734024048, 51.6237220764, -59.1530761719, 0.192051678896, -11.7993507385, -5.16782474518, -17.8404502869, -15.7407064438, -14.7126016617, -11.0129089355, -12.3594703674],
        "cov": [[8111.67138672, -135.544677734, -1010.56512451, 741.344238281, -444.768096924, -113.540611267, 72.6682357788, -382.946929932, 37.8536071777, -459.130523682, 109.518608093, -269.791137695, -35.1659355164], [-135.544677734, 744.390808105, -136.228393555, -269.547058105, 220.655441284, -141.573989868, 36.6178016663, -52.1229629517, 91.1621017456, 10.9436311722, 6.4158039093, 22.7575206757, 25.2392177582], [-1010.56512451, -136.228393555, 669.071289063, 241.646133423, 11.5925073624, 99.1617965698, -104.79006958, 92.4823532104, -65.0893325806, 76.8197937012, -85.0750198364, -9.18584632874, -58.3857307434], [741.344238281, -269.547058105, 241.646133423, 599.945800781, 28.4586849213, 46.837436676, -52.6940917969, -52.3894844055, -8.06014347076, -31.4100112915, -37.0820198059, -61.542678833, -52.9257698059], [-444.768096924, 220.655441284, 11.5925073624, 28.4586849213, 288.497192383, 25.7046222687, 11.5753850937, -14.0768032074, 10.8506031036, 1.87160050869, -33.8259849548, 11.1240177155, -4.32303285599], [-113.540611267, -141.573989868, 99.1617965698, 46.837436676, 25.7046222687, 231.02784729, 84.4764709473, 26.9365768433, -51.4390220642, -19.7305107117, -47.3870887756, -10.376786232, -24.5058078766], [72.6682357788, 36.6178016663, -104.79006958, -52.6940917969, 11.5753850937, 84.4764709473, 184.014022827, -0.202112883329, -1.86273372173, -23.0396709442, -6.65508174896, 0.0998912081122, -5.18935012817], [-382.946929932, -52.1229629517, 92.4823532104, -52.3894844055, -14.0768032074, 26.9365768433, -0.202112883329, 129.303863525, 29.0165138245, 39.7612609863, 3.29667425156, 12.7379722595, 2.0836391449], [37.8536071777, 91.1621017456, -65.0893325806, -8.06014347076, 10.8506031036, -51.4390220642, -1.86273372173, 29.0165138245, 121.670608521, 47.6901550293, 27.6928195953, 2.94666194916, 7.47193670273], [-459.130523682, 10.9436311722, 76.8197937012, -31.4100112915, 1.87160050869, -19.7305107117, -23.0396709442, 39.7612609863, 47.6901550293, 111.952064514, 33.3214149475, 13.264295578, -3.93126940727], [109.518608093, 6.4158039093, -85.0750198364, -37.0820198059, -33.8259849548, -47.3870887756, -6.65508174896, 3.29667425156, 27.6928195953, 33.3214149475, 95.6534118652, 26.7320327759, 13.892074585], [-269.791137695, 22.7575206757, -9.18584632874, -61.542678833, 11.1240177155, -10.376786232, 0.0998912081122, 12.7379722595, 2.94666194916, 13.264295578, 26.7320327759, 74.2141876221, 32.9324836731], [-35.1659355164, 25.2392177582, -58.3857307434, -52.9257698059, -4.32303285599, -24.5058078766, -5.18935012817, 2.0836391449, 7.47193670273, -3.93126940727, 13.892074585, 32.9324836731, 61.5062904358]],
        "icov": [[0.000583799148444, -0.00118923233822, 0.00156033155508, -0.00174694659654, 0.00183163036127, -0.000963826780207, 0.000832243182231, -0.000681886158418, 0.000742070726119, 0.000886169786099, -0.000406617939007, 0.000770926650148, 0.000283312459942], [-0.00118923233822, 0.00750730931759, -0.00625223526731, 0.00735690444708, -0.00798040349036, 0.00514434929937, -0.00422825338319, 0.00597265549004, -0.00717894313857, 0.00209227600135, -0.00122991634998, 0.000607040128671, -0.00147675583139], [0.00156033155508, -0.00625223526731, 0.0107477214187, -0.0089222220704, 0.0078407227993, -0.00503114145249, 0.00576644157991, -0.00784369837493, 0.00912858359516, -0.00484268600121, 0.00470710359514, -0.00190717703663, 0.0038209380582], [-0.00174694659654, 0.00735690444708, -0.0089222220704, 0.0110179027542, -0.00894135516137, 0.00458357203752, -0.00408010277897, 0.00772453984246, -0.00875250715762, 0.00289481668733, -0.00224698078819, 0.00133562774863, -0.00137391930912], [0.00183163036127, -0.00798040349036, 0.0078407227993, -0.00894135516137, 0.013232764788, -0.00607885792851, 0.00479074474424, -0.00531132379547, 0.00637010857463, -0.00131121394224, 0.00277058850043, -0.00134925253224, 0.00240215542726], [-0.000963826780207, 0.00514434929937, -0.00503114145249, 0.00458357203752, -0.00607885792851, 0.0110598271713, -0.0067742196843, 0.00188002467621, -0.00182407186367, 0.000717866874766, 0.0012018274283, -0.000235596584389, -2.75879756373e-005], [0.000832243182231, -0.00422825338319, 0.00576644157991, -0.00408010277897, 0.00479074474424, -0.0067742196843, 0.0109548708424, -0.00359276495874, 0.00324243446812, -0.00054911756888, 0.00126795214601, -0.00111351127271, 0.00273837801069], [-0.000681886158418, 0.00597265549004, -0.00784369837493, 0.00772453984246, -0.00531132379547, 0.00188002467621, -0.00359276495874, 0.0174254216254, -0.0112653244287, 0.00317130493931, -0.0032571926713, 0.00140635028947, -0.00260336766951], [0.000742070726119, -0.00717894313857, 0.00912858359516, -0.00875250715762, 0.00637010857463, -0.00182407186367, 0.00324243446812, -0.0112653244287, 0.0225626602769, -0.0113089159131, 0.00392443221062, -0.00135525001679, 0.00125576276332], [0.000886169786099, 0.00209227600135, -0.00484268600121, 0.00289481668733, -0.00131121394224, 0.000717866874766, -0.00054911756888, 0.00317130493931, -0.0113089159131, 0.0229031499475, -0.010508581996, 0.00398157211021, 0.000661545374896], [-0.000406617939007, -0.00122991634998, 0.00470710359514, -0.00224698078819, 0.00277058850043, 0.0012018274283, 0.00126795214601, -0.0032571926713, 0.00392443221062, -0.010508581996, 0.0207470953465, -0.00901660230011, 0.00269122119062], [0.000770926650148, 0.000607040128671, -0.00190717703663, 0.00133562774863, -0.00134925253224, -0.000235596584389, -0.00111351127271, 0.00140635028947, -0.00135525001679, 0.00398157211021, -0.00901660230011, 0.0245894007385, -0.0115100508556], [0.000283312459942, -0.00147675583139, 0.0038209380582, -0.00137391930912, 0.00240215542726, -2.75879756373e-005, 0.00273837801069, -0.00260336766951, 0.00125576276332, 0.000661545374896, 0.00269122119062, -0.0115100508556, 0.0253931209445]]
    },
    "melbands": {
        "mean": [4.33771419921e-005, 0.000222931965254, 0.000331432616804, 0.000183319876669, 1.91852104763e-005, 3.92667316191e-005, 8.73985118233e-005, 6.4649466367e-005, 6.27375193289e-005, 7.27722217562e-005, 9.32393522817e-005, 0.000110456974653, 0.000122140758322, 8.86838097358e-005, 4.70253653475e-005, 3.46629640262e-005, 3.09283241222e-005, 2.55374125118e-005, 2.91534743155e-005, 2.91141477646e-005, 3.67915417883e-005, 3.3694657759e-005, 3.62291102647e-005, 3.47360910382e-005, 3.23353306158e-005, 4.02847654186e-005, 3.17400808854e-005, 1.9604793124e-005, 1.45545727719e-005, 1.1821211956e-005, 8.77598540683e-006, 5.20538378623e-006, 2.88740102405e-006, 1.60155923368e-006, 9.20747481814e-007, 4.79487482608e-007, 2.29596011536e-007, 1.02921390521e-007, 3.94769621437e-008, 1.66700555582e-008],
        "var": [2.00996570499e-008, 5.27040469933e-007, 7.2803572948e-007, 4.25263039006e-007, 9.49320400068e-010, 5.3812820866e-009, 2.84374852555e-008, 3.31935403608e-008, 2.68665356629e-008, 2.31283845409e-008, 2.8567354704e-008, 4.50327917179e-008, 7.96444510343e-008, 3.28446994047e-008, 4.00488930907e-009, 2.12649764464e-009, 2.38529151986e-009, 1.34036293176e-009, 1.6323479235e-009, 2.22502993807e-009, 2.05839278955e-009, 1.6513077572e-009, 3.81222831081e-009, 2.10051953609e-009, 1.25611154811e-009, 3.20740500825e-009, 3.61394536519e-009, 9.60842516662e-010, 6.19855333728e-010, 4.57130472364e-010, 2.21783841292e-010, 7.41798913961e-011, 1.86810115987e-011, 6.52570402229e-012, 2.55536520763e-012, 7.94896483705e-013, 2.01766392222e-013, 4.55454833462e-014, 6.65514887801e-015, 1.49660155044e-015]
    },
    "mfcc": {
        "mean": [-684.004943848, 103.60496521, -63.7783088684, 40.1446876526, -24.9594135284, 11.2137460709, 0.408005684614, 13.4453058243, -1.6156835556, 0.89790058136, -4.570271492, -2.06187033653, -3.47346305847],
        "cov": [[8709.86035156, -788.57800293, -605.685302734, 462.647369385, -471.440093994, 199.98034668, -213.840591431, 183.023849487, -272.925872803, -75.7840652466, -168.526901245, 29.148853302, -190.603164673], [-788.57800293, 1061.984375, -366.257507324, -180.6121521, 27.9047489166, -81.9277114868, -40.9579238892, -45.1060714722, 56.7110900879, -33.7149353027, 42.980796814, -9.20761871338, 66.9178924561], [-605.685302734, -366.257507324, 645.691650391, 138.372314453, 109.470161438, 15.5731267929, 37.6501121521, -21.4772624969, 19.2919502258, 44.3473091125, -0.873957872391, 9.68898582458, -19.273015976], [462.647369385, -180.6121521, 138.372314453, 400.389038086, 139.753509521, 79.9267044067, -49.614944458, -19.7309341431, -4.9138674736, 3.18561935425, -16.5502490997, 10.0472164154, 9.71425437927], [-471.440093994, 27.9047489166, 109.470161438, 139.753509521, 269.27456665, 37.5669822693, -9.40333366394, -17.8713130951, 20.5329189301, 14.1161880493, -2.62773871422, -1.46868646145, 23.9632892609], [199.98034668, -81.9277114868, 15.5731267929, 79.9267044067, 37.5669822693, 213.552490234, 77.2375335693, 48.5481948853, 29.9937076569, -14.3652086258, 13.9831485748, -4.13086700439, -44.3756027222], [-213.840591431, -40.9579238892, 37.6501121521, -49.614944458, -9.40333366394, 77.2375335693, 152.834289551, 58.4802207947, 19.0909385681, -2.03728580475, 7.29347419739, -17.4169540405, -30.82929039], [183.023849487, -45.1060714722, -21.4772624969, -19.7309341431, -17.8713130951, 48.5481948853, 58.4802207947, 114.428672791, 36.6514816284, -9.07437324524, -1.1067905426, -4.55941009521, -20.1276702881], [-272.925872803, 56.7110900879, 19.2919502258, -4.9138674736, 20.5329189301, 29.9937076569, 19.0909385681, 36.6514816284, 98.752204895, 22.7864074707, 16.3239135742, 9.98363685608, -3.71627473831], [-75.7840652466, -33.7149353027, 44.3473091125, 3.18561935425, 14.1161880493, -14.3652086258, -2.03728580475, -9.07437324524, 22.7864074707, 87.0553207397, 30.3991451263, 7.44178342819, 7.48983049393], [-168.526901245, 42.980796814, -0.873957872391, -16.5502490997, -2.62773871422, 13.9831485748, 7.29347419739, -1.1067905426, 16.3239135742, 30.3991451263, 71.8563308716, 28.9651012421, 6.14092206955], [29.148853302, -9.20761871338, 9.68898582458, 10.0472164154, -1.46868646145, -4.13086700439, -17.4169540405, -4.55941009521, 9.98363685608, 7.44178342819, 28.9651012421, 79.318069458, 34.6197090149], [-190.603164673, 66.9178924561, -19.273015976, 9.71425437927, 23.9632892609, -44.3756027222, -30.82929039, -20.1276702881, -3.71627473831, 7.48983049393, 6.14092206955, 34.6197090149, 94.8143386841]],
        "icov": [[0.000287894392386, 2.98027171084e-005, 0.000281997956336, -0.000449244718766, 0.000538659107406, -0.000347652821802, 0.000605422246736, -0.000816729443613, 0.000980279757641, -0.000624194624834, 0.000819190696348, -0.000653633789625, 0.000659024051856], [2.98027171084e-005, 0.00175984075759, 0.000967002415564, 0.000481703085825, -0.000651489710435, 0.000566844770219, -7.40146861062e-005, 0.00117370940279, -0.00178648717701, 0.00151695776731, -0.00158382148948, 0.00112734583672, -0.000878787366673], [0.000281997956336, 0.000967002415564, 0.00276710256003, -0.000884952954948, -0.000391970213968, 0.000637424178421, -0.00073838973185, 0.000570590374991, -0.000337230361765, -0.000644106476102, 0.000467811885756, -0.000889819930308, 0.00114824541379], [-0.000449244718766, 0.000481703085825, -0.000884952954948, 0.00496396049857, -0.00248012528755, -0.00167712336406, 0.00143760431092, 0.00134779408108, -0.00114643666893, 0.000892190844752, -0.000450812658528, 0.000959070574027, -0.001772508258], [0.000538659107406, -0.000651489710435, -0.000391970213968, -0.00248012528755, 0.00641366047785, -0.00160238693934, 0.00110637478065, -0.00111772189848, 0.00127288745716, -0.00192361616064, 0.00217674998567, -0.00031739694532, -0.000354632124072], [-0.000347652821802, 0.000566844770219, 0.000637424178421, -0.00167712336406, -0.00160238693934, 0.00909965392202, -0.00487990025431, 0.000681768346112, -0.00332694849931, 0.00336821633391, -0.00382986245677, 0.000294996163575, 0.002168194158], [0.000605422246736, -7.40146861062e-005, -0.00073838973185, 0.00143760431092, 0.00110637478065, -0.00487990025431, 0.0127287879586, -0.00607581809163, 0.00320384511724, -0.00186875485815, 0.00104494637344, 0.000762645213399, 0.00118444254622], [-0.000816729443613, 0.00117370940279, 0.000570590374991, 0.00134779408108, -0.00111772189848, 0.000681768346112, -0.00607581809163, 0.0164020899683, -0.00876745954156, 0.0042580277659, -0.00208203680813, 0.00200985698029, -0.00166343571618], [0.000980279757641, -0.00178648717701, -0.000337230361765, -0.00114643666893, 0.00127288745716, -0.00332694849931, 0.00320384511724, -0.00876745954156, 0.0189513918012, -0.00740137137473, 0.00385533692315, -0.00494238175452, 0.00346453534439], [-0.000624194624834, 0.00151695776731, -0.000644106476102, 0.000892190844752, -0.00192361616064, 0.00336821633391, -0.00186875485815, 0.0042580277659, -0.00740137137473, 0.0185273401439, -0.0104159703478, 0.0046343379654, -0.00296009308659], [0.000819190696348, -0.00158382148948, 0.000467811885756, -0.000450812658528, 0.00217674998567, -0.00382986245677, 0.00104494637344, -0.00208203680813, 0.00385533692315, -0.0104159703478, 0.0249317772686, -0.0107875596732, 0.00375908403657], [-0.000653633789625, 0.00112734583672, -0.000889819930308, 0.000959070574027, -0.00031739694532, 0.000294996163575, 0.000762645213399, 0.00200985698029, -0.00494238175452, 0.0046343379654, -0.0107875596732, 0.0213852841407, -0.00916541554034], [0.000659024051856, -0.000878787366673, 0.00114824541379, -0.001772508258, -0.000354632124072, 0.002168194158, 0.00118444254622, -0.00166343571618, 0.00346453534439, -0.00296009308659, 0.00375908403657, -0.00916541554034, 0.0175161324441]]
    },
    "spectral_contrast_coeffs": {
        "mean": [-0.6401232481, -0.751510858536, -0.758740007877, -0.767414331436, -0.767671465874, -0.642747402191],
        "var": [0.00694320304319, 0.006228053011, 0.0045756669715, 0.00292943557724, 0.00207677693106, 0.00378377293237]
    },
    "spectral_contrast_valleys": {
        "mean": [-8.87015914917, -7.72136735916, -7.53001260757, -7.85513448715, -7.22461223602, -11.5244131088],
        "var": [0.846076011658, 1.01406896114, 1.14285266399, 1.136682868, 1.31140673161, 1.10688042641]
    }
},
"metadata": {
    "audio_properties": {
        "analysis_sample_rate": 44100,
        "bit_rate": 128074,
        "equal_loudness": 0,
        "length": 45.0612258911,
        "lossless": 0,
        "replay_gain": -5.44895935059,
        "sample_rate": 44100,
        "codec": "mp3",
        "downmix": "mix",
        "md5_encoded": "48abe8ed6cb11fc911dcb62a888047f3"
    },
    "tags": {
        "file_name": "1859.mp3"
    },
    "version": {
        "essentia": "2.1-beta2",
        "essentia_git_sha": "v2.1_beta2",
        "extractor": "music 1.0"
    }
},
"rhythm": {
    "beats_count": 99,
    "beats_loudness": {
        "mean": 0.0162389092147,
        "var": 6.4242107328e-005
    },
    "bpm": 133.131164551,
    "bpm_histogram_first_peak_bpm": {
        "mean": 133,
        "var": 0
    },
    "bpm_histogram_first_peak_spread": {
        "mean": 0.602564096451,
        "var": 0
    },
    "bpm_histogram_first_peak_weight": {
        "mean": 0.316326528788,
        "var": 0
    },
    "bpm_histogram_second_peak_bpm": {
        "mean": 126,
        "var": 0
    },
    "bpm_histogram_second_peak_spread": {
        "mean": 0.285714298487,
        "var": 0
    },
    "bpm_histogram_second_peak_weight": {
        "mean": 0.102040819824,
        "var": 0
    },
    "danceability": 1.51251935959,
    "onset_rate": 2.61747932434,
    "beats_loudness_band_ratio": {
        "mean": [0.159184709191, 0.0451983548701, 0.0942503288388, 0.18319478631, 0.197133406997, 0.349874585867],
        "var": [0.0266512725502, 0.00342274829745, 0.00980119779706, 0.0310224685818, 0.0155551340431, 0.0361455641687]
    },
    "beats_position": [0.429569154978, 0.882358253002, 1.33514738083, 1.78793644905, 2.2523355484, 2.71673464775, 3.1811337471, 3.65714287758, 4.12154197693, 4.59755086899, 5.06195020676, 5.54956912994, 6.01396799088, 6.5015873909, 6.97759628296, 7.45360517502, 7.90639448166, 8.35918331146, 8.8119726181, 9.26476192474, 9.71755123138, 10.1703395844, 10.623128891, 11.0991382599, 11.5635375977, 12.0279359818, 12.4691152573, 12.8986845016, 13.3398637772, 13.7926530838, 14.2454423904, 14.6982307434, 15.15102005, 15.6038093567, 16.0449886322, 16.4861679077, 16.9273471832, 17.3685264587, 17.8097057343, 18.2508831024, 18.6920623779, 19.1332416534, 19.574420929, 20.0156002045, 20.4683895111, 20.9327888489, 21.3855781555, 21.826757431, 22.2795467377, 22.7323360443, 23.1735134125, 23.614692688, 24.0674819946, 24.5202713013, 24.9382305145, 25.4026298523, 25.8554191589, 26.3082084656, 26.7261676788, 27.1673469543, 27.6317462921, 28.0961437225, 28.537322998, 28.9785022736, 29.4196815491, 29.8608608246, 30.290430069, 30.7432193756, 31.1960086823, 31.6487979889, 32.0783653259, 32.5311546326, 32.9723358154, 33.4135131836, 33.8546943665, 34.2958717346, 34.7602729797, 35.2246704102, 35.6774597168, 36.1534690857, 36.6294784546, 37.1054878235, 37.5698852539, 38.0110664368, 38.4986839294, 38.9863014221, 39.427482605, 39.8686599731, 40.3214492798, 40.7858505249, 41.2154197693, 41.6798171997, 42.1326065063, 42.585395813, 43.0265769958, 43.467754364, 43.9437637329, 44.4197731018, 44.86095047]
},
"tonal": {
    "chords_changes_rate": 0.0514403283596,
    "chords_number_rate": 0.0144032919779,
    "chords_strength": {
        "mean": 0.51569968462,
        "var": 0.00729847652838
    },
    "hpcp_entropy": {
        "mean": 2.25851798058,
        "var": 0.833295106888
    },
    "key_strength": 0.637559235096,
    "tuning_diatonic_strength": 0.469260692596,
    "tuning_equal_tempered_deviation": 0.0956099405885,
    "tuning_frequency": 455.516601563,
    "tuning_nontempered_energy_ratio": 0.752043604851,
    "hpcp": {
        "mean": [0.124725535512, 0.166625484824, 0.370853692293, 0.416981935501, 0.226402387023, 0.147641658783, 0.139093726873, 0.135175511241, 0.18116940558, 0.177646249533, 0.156569331884, 0.262478441, 0.315463721752, 0.217273980379, 0.159380212426, 0.137025088072, 0.133807167411, 0.292613148689, 0.362104654312, 0.212802842259, 0.129570499063, 0.115795120597, 0.110463708639, 0.202855423093, 0.24156011641, 0.166002199054, 0.21779550612, 0.302317857742, 0.227225720882, 0.15346840024, 0.142920598388, 0.166057288647, 0.292408883572, 0.344060510397, 0.231835946441, 0.146529227495],
        "var": [0.0318314805627, 0.0403669625521, 0.096583545208, 0.10782648623, 0.0452594719827, 0.0409364029765, 0.0384885780513, 0.0277658812702, 0.043061863631, 0.0422621257603, 0.0330715812743, 0.0586812533438, 0.0860297977924, 0.0384891442955, 0.0331486128271, 0.0286497250199, 0.0296159107238, 0.0707354322076, 0.117107190192, 0.044630125165, 0.0296175703406, 0.0327586978674, 0.0262151565403, 0.0476322174072, 0.0613358281553, 0.0358981750906, 0.0466340631247, 0.0901340395212, 0.055051997304, 0.0381548367441, 0.0353058800101, 0.040023855865, 0.0831931754947, 0.10819002986, 0.0539206378162, 0.0414942838252]
    },
    "chords_histogram": [2.77777767181, 0.102880656719, 3.70370364189, 1.44032919407, 3.29218101501, 0.308641970158, 0, 2.36625504494, 0, 0, 0, 2.05761313438, 0.205761313438, 0, 1.44032919407, 4.83539104462, 0, 6.06995868683, 1.74897122383, 1.95473253727, 0, 38.6831283569, 26.0288066864, 2.98353910446],
    "thpcp": [1, 0.542954921722, 0.354072064161, 0.333572536707, 0.324175953865, 0.434477835894, 0.426028639078, 0.375482290983, 0.629471957684, 0.756540477276, 0.521063268185, 0.382223308086, 0.328611582518, 0.320894390345, 0.701740562916, 0.868394076824, 0.510340690613, 0.310734093189, 0.277698159218, 0.264912456274, 0.486484915018, 0.579305946827, 0.398104041815, 0.522314012051, 0.725014269352, 0.544929385185, 0.368045687675, 0.342750102282, 0.39823615551, 0.701250731945, 0.825120925903, 0.555985569954, 0.351404249668, 0.299114972353, 0.399598807096, 0.889375925064],
    "chords_key": "D#",
    "chords_scale": "minor",
    "key_key": "C#",
    "key_scale": "major"
}
}