{
"lowlevel": {
    "average_loudness": 0.876321673393,
    "barkbands_crest": {
        "mean": 12.1242246628,
        "var": 26.9748382568
    },
    "barkbands_flatness_db": {
        "mean": 0.270452052355,
        "var": 0.00985653977841
    },
    "barkbands_kurtosis": {
        "mean": 6.6038069725,
        "var": 98.4313735962
    },
    "barkbands_skewness": {
        "mean": 1.65221226215,
        "var": 1.45655596256
    },
    "barkbands_spread": {
        "mean": 7.51135349274,
        "var": 30.7350082397
    },
    "dissonance": {
        "mean": 0.414286971092,
        "var": 0.00244736997411
    },
    "dynamic_complexity": 3.61978983879,
    "erbbands_crest": {
        "mean": 11.4602966309,
        "var": 19.3798713684
    },
    "erbbands_flatness_db": {
        "mean": 0.269794285297,
        "var": 0.0042705857195
    },
    "erbbands_kurtosis": {
        "mean": 2.89541101456,
        "var": 20.437412262
    },
    "erbbands_skewness": {
        "mean": 0.946305572987,
        "var": 0.600356996059
    },
    "erbbands_spread": {
        "mean": 17.0165691376,
        "var": 124.284004211
    },
    "hfc": {
        "mean": 13.339761734,
        "var": 142.237487793
    },
    "melbands_crest": {
        "mean": 15.0203208923,
        "var": 28.6382274628
    },
    "melbands_flatness_db": {
        "mean": 0.359115719795,
        "var": 0.01534499228
    },
    "melbands_kurtosis": {
        "mean": 8.23204612732,
        "var": 100.889167786
    },
    "melbands_skewness": {
        "mean": 1.80741715431,
        "var": 1.19051790237
    },
    "melbands_spread": {
        "mean": 9.30122947693,
        "var": 38.2746047974
    },
    "pitch_salience": {
        "mean": 0.51172554493,
        "var": 0.0214677546173
    },
    "silence_rate_20dB": {
        "mean": 1,
        "var": 0
    },
    "silence_rate_30dB": {
        "mean": 1,
        "var": 0
    },
    "silence_rate_60dB": {
        "mean": 0.0293511841446,
        "var": 0.028489895165
    },
    "spectral_centroid": {
        "mean": 564.276000977,
        "var": 56391.6171875
    },
    "spectral_complexity": {
        "mean": 12.4989700317,
        "var": 39.0596084595
    },
    "spectral_decrease": {
        "mean": -7.15498327253e-009,
        "var": 2.09058567448e-017
    },
    "spectral_energy": {
        "mean": 0.0282145570964,
        "var": 0.000330709619448
    },
    "spectral_energyband_high": {
        "mean": 8.96073761396e-005,
        "var": 9.1544258396e-008
    },
    "spectral_energyband_low": {
        "mean": 0.00742682581767,
        "var": 7.47484227759e-005
    },
    "spectral_energyband_middle_high": {
        "mean": 0.00306785828434,
        "var": 1.9980736397e-005
    },
    "spectral_energyband_middle_low": {
        "mean": 0.0184279624373,
        "var": 0.0002156883711
    },
    "spectral_entropy": {
        "mean": 6.44607305527,
        "var": 0.395732194185
    },
    "spectral_flux": {
        "mean": 0.0533302798867,
        "var": 0.00143761304207
    },
    "spectral_kurtosis": {
        "mean": 29.3890686035,
        "var": 1062.39465332
    },
    "spectral_rms": {
        "mean": 0.00493503874168,
        "var": 3.17183980769e-006
    },
    "spectral_rolloff": {
        "mean": 638.91015625,
        "var": 295119.625
    },
    "spectral_skewness": {
        "mean": 3.55342388153,
        "var": 3.59528231621
    },
    "spectral_spread": {
        "mean": 2385943.25,
        "var": 3.13113863782e+012
    },
    "spectral_strongpeak": {
        "mean": 1.07621240616,
        "var": 1.45586359501
    },
    "zerocrossingrate": {
        "mean": 0.0249704811722,
        "var": 0.000277491344605
    },
    "barkbands": {
        "mean": [2.38372849708e-005, 0.00460123829544, 0.00219518435188, 0.00128906441387, 0.00365624972619, 0.00380278029479, 0.0026837119367, 0.00327402306721, 0.00328811723739, 0.000741838419344, 0.00041377483285, 0.000552680750843, 0.000576745311264, 0.000375225150492, 0.000251105579082, 0.000153255299665, 0.000123535239254, 5.75815138291e-005, 4.07203115174e-005, 3.40668157151e-005, 1.49109555423e-005, 1.88963149412e-005, 1.48508688653e-005, 1.91387298401e-005, 9.50933008426e-006, 2.43188424065e-006, 7.52016404704e-008],
        "var": [3.24195092993e-009, 5.17178305017e-005, 1.9935934688e-005, 2.94277742796e-006, 2.41329489654e-005, 1.8595097572e-005, 1.88221292774e-005, 1.52773263835e-005, 5.5832642829e-005, 3.38623181051e-006, 8.35152150103e-007, 2.4681389732e-006, 2.82527344098e-006, 9.89793306871e-007, 4.72309693578e-007, 2.03387557463e-007, 5.0604764823e-008, 1.04590904826e-008, 4.8235979655e-009, 4.8620631965e-009, 8.6553819667e-010, 7.63686358596e-009, 1.00243431334e-008, 6.38697894573e-009, 8.29195212493e-010, 3.10223999267e-011, 8.70895478129e-013]
    },
    "erbbands": {
        "mean": [0.0778168961406, 1.2176463604, 2.74403810501, 3.58342909813, 9.29075241089, 9.97336196899, 28.4174003601, 25.9707241058, 31.4126720428, 48.49451828, 100.38117218, 65.0669555664, 31.2645874023, 18.4422416687, 13.4495306015, 25.0094032288, 25.7764492035, 26.0432395935, 13.3634815216, 12.692612648, 7.11899423599, 6.95740127563, 3.94535088539, 2.36276268959, 2.00627446175, 1.40670788288, 0.751884996891, 0.539494872093, 0.706053435802, 0.533824801445, 0.409602403641, 0.537101686001, 0.212809354067, 0.138007596135, 0.0482590608299, 0.0164206568152, 0.00316145014949, 0.000349414185621, 2.40265217144e-005, 3.23820022459e-005],
        "var": [0.0203997325152, 3.41252589226, 21.4949531555, 16.5846729279, 176.330245972, 254.734237671, 1980.61096191, 1071.66748047, 1591.09570313, 4639.44580078, 24703.8339844, 15621.5791016, 4472.41162109, 1770.73632813, 934.095153809, 5616.38671875, 5111.02734375, 3445.0793457, 1430.93395996, 1174.5111084, 263.035583496, 146.818695068, 37.8442153931, 19.6101989746, 15.5414876938, 7.14532423019, 2.46138548851, 1.20274138451, 8.88420009613, 13.1986455917, 6.12024307251, 4.94886255264, 0.916888356209, 0.202753648162, 0.0191562362015, 0.00131094036624, 6.62082820782e-005, 4.35338961324e-006, 9.38762134695e-009, 4.47333947662e-010]
    },
    "gfcc": {
        "mean": [-100.861564636, 183.0131073, -118.295562744, -2.99602174759, -50.4179840088, -18.6103668213, -27.3779640198, -1.22308254242, -14.1169643402, -1.80575418472, -9.78516197205, -12.2184934616, -10.5049276352],
        "cov": [[13419.6875, -4821.14404297, -2168.00097656, 275.170501709, -2235.74291992, 1531.58435059, -1918.81140137, 331.149749756, -640.167785645, 95.2318954468, -798.620727539, 50.1847343445, -367.017730713], [-4821.14404297, 3474.04077148, 283.918884277, -91.8578643799, 1430.55334473, -1223.7590332, 1229.53039551, -260.506896973, 479.171417236, -59.8388023376, 418.603302002, -85.9917221069, 326.151947021], [-2168.00097656, 283.918884277, 1485.76818848, 185.623764038, 387.362091064, 412.180114746, 195.228881836, 258.784545898, 108.575584412, 113.13584137, 229.995498657, 120.459732056, 22.1739196777], [275.170501709, -91.8578643799, 185.623764038, 346.121063232, 72.4652404785, 106.070220947, 35.0344696045, 96.2051086426, 108.057815552, 64.4931945801, 55.9954490662, 83.5708389282, 65.587638855], [-2235.74291992, 1430.55334473, 387.362091064, 72.4652404785, 842.376586914, -386.452819824, 471.240234375, 44.8712654114, 261.708740234, 46.3790092468, 220.327316284, 2.47799897194, 163.037353516], [1531.58435059, -1223.7590332, 412.180114746, 106.070220947, -386.452819824, 840.991394043, -320.755706787, 242.503692627, -90.7390289307, 78.5182113647, -57.156917572, 78.1863327026, -134.907226563], [-1918.81140137, 1229.53039551, 195.228881836, 35.0344696045, 471.240234375, -320.755706787, 692.465698242, -93.1733169556, 219.51272583, 4.79285097122, 182.41317749, -11.0651302338, 94.7286834717], [331.149749756, -260.506896973, 258.784545898, 96.2051086426, 44.8712654114, 242.503692627, -93.1733169556, 240.782318115, 53.4292602539, 84.4263458252, 23.8360805511, 46.0662498474, 21.4576511383], [-640.167785645, 479.171417236, 108.575584412, 108.057815552, 261.708740234, -90.7390289307, 219.51272583, 53.4292602539, 249.050537109, 51.3419876099, 93.2725982666, 22.1526145935, 84.9407119751], [95.2318954468, -59.8388023376, 113.13584137, 64.4931945801, 46.3790092468, 78.5182113647, 4.79285097122, 84.4263458252, 51.3419876099, 105.201873779, 43.7702522278, 43.6019134521, 24.3990116119], [-798.620727539, 418.603302002, 229.995498657, 55.9954490662, 220.327316284, -57.156917572, 182.41317749, 23.8360805511, 93.2725982666, 43.7702522278, 164.203430176, 56.5241241455, 74.633430481], [50.1847343445, -85.9917221069, 120.459732056, 83.5708389282, 2.47799897194, 78.1863327026, -11.0651302338, 46.0662498474, 22.1526145935, 43.6019134521, 56.5241241455, 102.970558167, 35.5179862976], [-367.017730713, 326.151947021, 22.1739196777, 65.587638855, 163.037353516, -134.907226563, 94.7286834717, 21.4576511383, 84.9407119751, 24.3990116119, 74.633430481, 35.5179862976, 131.198532104]],
        "icov": [[0.0005076493253, -0.000883398926817, 0.00110917689744, -0.00105416646693, 0.000941656937357, -0.00134970631916, 0.000892156909686, -0.000775239663199, 0.00075056636706, -0.000965741055552, 0.000715395086445, -0.000204204785405, 0.000222302027396], [-0.000883398926817, 0.00735846860334, -0.00256467564031, 0.00409292243421, -0.00655466504395, 0.0055090226233, -0.00521214539185, 0.0033101469744, -0.00313126528636, 0.00448460131884, -0.0037576709874, 0.00189703016076, -0.00252733728848], [0.00110917689744, -0.00256467564031, 0.00402215914801, -0.00276878662407, 0.00163772900123, -0.00429341290146, 0.00210130866617, -0.00252384482883, 0.0025088256225, -0.00199146498926, 0.000371828908101, -0.000956037896685, 0.00142185157165], [-0.00105416646693, 0.00409292243421, -0.00276878662407, 0.00755966920406, -0.00384729611687, 0.00348824076355, -0.0033642204944, 0.00232508871704, -0.00386953051202, 0.00270785670727, -0.00111562479287, -0.00160757917911, -0.00294688367285], [0.000941656937357, -0.00655466504395, 0.00163772900123, -0.00384729611687, 0.0101042715833, -0.00297295255587, 0.00388982193545, -0.0052555045113, 0.00162170210388, -0.00399331655353, 0.00145950401202, -5.38665808563e-005, 0.00188994628843], [-0.00134970631916, 0.0055090226233, -0.00429341290146, 0.00348824076355, -0.00297295255587, 0.0097115393728, -0.00425136089325, -0.00035549941822, -0.00326391984709, 0.00399306276813, -0.00375056313351, 0.000320940627716, 0.00173642148729], [0.000892156909686, -0.00521214539185, 0.00210130866617, -0.0033642204944, 0.00388982193545, -0.00425136089325, 0.00750125199556, -0.000464412965812, 0.000450250023277, -0.00340544828214, 0.000495700689498, -9.39785968512e-005, 0.00231930078007], [-0.000775239663199, 0.0033101469744, -0.00252384482883, 0.00232508871704, -0.0052555045113, -0.00035549941822, -0.000464412965812, 0.013365403749, -0.00346499076113, -0.00227970373817, 0.000123206598801, 0.0018464603927, -0.00472124572843], [0.00075056636706, -0.00313126528636, 0.0025088256225, -0.00386953051202, 0.00162170210388, -0.00326391984709, 0.000450250023277, -0.00346499076113, 0.0104716606438, -0.00391662400216, 0.00149984820746, 7.24822166376e-005, -0.000659648154397], [-0.000965741055552, 0.00448460131884, -0.00199146498926, 0.00270785670727, -0.00399331655353, 0.00399306276813, -0.00340544828214, -0.00227970373817, -0.00391662400216, 0.0193281006068, -0.00541751040146, -0.00217985454947, -0.000353964278474], [0.000715395086445, -0.0037576709874, 0.000371828908101, -0.00111562479287, 0.00145950401202, -0.00375056313351, 0.000495700689498, 0.000123206598801, 0.00149984820746, -0.00541751040146, 0.0201096888632, -0.00809221062809, -0.00342324050143], [-0.000204204785405, 0.00189703016076, -0.000956037896685, -0.00160757917911, -5.38665808563e-005, 0.000320940627716, -9.39785968512e-005, 0.0018464603927, 7.24822166376e-005, -0.00217985454947, -0.00809221062809, 0.0196471698582, -0.00451619410887], [0.000222302027396, -0.00252733728848, 0.00142185157165, -0.00294688367285, 0.00188994628843, 0.00173642148729, 0.00231930078007, -0.00472124572843, -0.000659648154397, -0.000353964278474, -0.00342324050143, -0.00451619410887, 0.0179569385946]]
    },
    "melbands": {
        "mean": [0.00104012258817, 0.00157492805738, 0.000777923734859, 0.000729435414542, 0.000830869597849, 0.00061733921757, 0.000523121911101, 0.000519189576153, 0.000891593983397, 0.000372900569346, 0.000146254620631, 7.09673913661e-005, 4.6050772653e-005, 5.19754939887e-005, 5.63806643186e-005, 6.89950175001e-005, 4.52641834272e-005, 2.07614921237e-005, 1.78744430741e-005, 1.54533754539e-005, 6.62315960653e-006, 7.63868138165e-006, 4.8951392273e-006, 2.48284527515e-006, 1.91351796275e-006, 1.25507858684e-006, 1.67604389389e-006, 7.2610373536e-007, 4.45010670092e-007, 3.65107155176e-007, 2.91115867412e-007, 3.96235947164e-007, 3.79930270356e-007, 2.68329273467e-007, 2.14666101783e-007, 2.87554655642e-007, 3.47232344211e-007, 1.56086699121e-007, 1.13149305037e-007, 1.16997753707e-007],
        "var": [2.90742127618e-006, 4.7398816605e-006, 6.44050658138e-007, 1.2740024431e-006, 1.5383528762e-006, 5.0483981795e-007, 4.94328276091e-007, 4.3369436753e-007, 2.64415643869e-006, 5.38176266218e-007, 1.09207519472e-007, 3.05629725972e-008, 9.69331814815e-009, 3.16355688312e-008, 1.53946384529e-008, 4.74143746487e-008, 1.23862697876e-008, 4.61666216367e-009, 2.30572116955e-009, 2.02487981937e-009, 2.26350410637e-010, 1.85012977161e-010, 7.02439148514e-011, 1.90041732351e-011, 1.44129508675e-011, 4.98337655863e-012, 1.55458302481e-011, 1.77196441114e-012, 8.84582012674e-013, 5.63334372639e-013, 4.06288853472e-013, 2.40823897282e-012, 4.59173194259e-012, 4.25562666703e-012, 2.03270690211e-012, 1.9386794687e-012, 2.00682721309e-012, 6.42347665943e-013, 1.96215697227e-013, 1.47458542772e-013]
    },
    "mfcc": {
        "mean": [-733.475280762, 200.1771698, 2.20153594017, 10.0816774368, -3.01719760895, -12.3956947327, -7.54434394836, -6.6326956749, -4.66802978516, 1.16589605808, 3.74422597885, 3.00012803078, -6.75728082657],
        "cov": [[10357.0019531, -2108.52270508, -2119.9284668, -827.939208984, -496.448669434, -185.383209229, -642.687072754, -337.491912842, -224.116439819, -85.7294235229, -287.038574219, -407.909881592, -493.747070313], [-2108.52270508, 1816.77416992, -104.170204163, 406.860961914, 188.560592651, -186.790176392, 238.577133179, 14.3283758163, 115.830741882, 81.4366912842, 107.540313721, 89.1709594727, 95.9937896729], [-2119.9284668, -104.170204163, 1262.96569824, 119.52495575, 234.071884155, 302.039001465, 228.449066162, 261.842132568, 97.7991867065, 67.7319488525, 156.038452148, 173.623428345, 205.502761841], [-827.939208984, 406.860961914, 119.52495575, 473.53805542, 126.293289185, 1.43649280071, 116.567909241, 18.5267333984, 108.87021637, 59.6321792603, 51.834236145, 62.6552581787, 113.78314209], [-496.448669434, 188.560592651, 234.071884155, 126.293289185, 435.528533936, -19.5135288239, 28.9681758881, 80.5515441895, 110.703102112, 106.634254456, 56.9566192627, 44.1970100403, 139.962982178], [-185.383209229, -186.790176392, 302.039001465, 1.43649280071, -19.5135288239, 262.733428955, 102.060386658, 119.357246399, 31.2885475159, 27.4749984741, 82.0446395874, 69.8772735596, 21.0877990723], [-642.687072754, 238.577133179, 228.449066162, 116.567909241, 28.9681758881, 102.060386658, 215.87097168, 96.8112869263, 44.0269737244, 32.6020050049, 70.1801681519, 73.5486526489, 51.4580383301], [-337.491912842, 14.3283758163, 261.842132568, 18.5267333984, 80.5515441895, 119.357246399, 96.8112869263, 167.466003418, 66.1211471558, 43.6039199829, 84.6952896118, 64.1795806885, 53.2409667969], [-224.116439819, 115.830741882, 97.7991867065, 108.87021637, 110.703102112, 31.2885475159, 44.0269737244, 66.1211471558, 145.969070435, 73.1466217041, 58.0384140015, 52.0652656555, 48.8173751831], [-85.7294235229, 81.4366912842, 67.7319488525, 59.6321792603, 106.634254456, 27.4749984741, 32.6020050049, 43.6039199829, 73.1466217041, 121.102836609, 54.2476043701, 40.3554534912, 41.9033241272], [-287.038574219, 107.540313721, 156.038452148, 51.834236145, 56.9566192627, 82.0446395874, 70.1801681519, 84.6952896118, 58.0384140015, 54.2476043701, 129.299591064, 58.1915969849, 43.0420379639], [-407.909881592, 89.1709594727, 173.623428345, 62.6552581787, 44.1970100403, 69.8772735596, 73.5486526489, 64.1795806885, 52.0652656555, 40.3554534912, 58.1915969849, 107.369865417, 48.0642471313], [-493.747070313, 95.9937896729, 205.502761841, 113.78314209, 139.962982178, 21.0877990723, 51.4580383301, 53.2409667969, 48.8173751831, 41.9033241272, 43.0420379639, 48.0642471313, 138.239944458]],
        "icov": [[0.000286363181658, 0.000366001884686, 0.00058601523051, 0.000103456943179, -0.000111634835775, -9.17645011214e-005, -9.15465134312e-005, -0.000156159992912, -4.24291756644e-005, -0.000219875946641, -0.000163405158673, 0.000183712647413, 0.000102217403764], [0.000366001884686, 0.00157439382747, 0.000970718858298, -0.000366536580259, -0.000420725758886, 0.00132436910644, -0.0016068269033, -5.70123811485e-005, -1.34429910759e-006, -0.000144900375744, -0.00121308618691, -0.000314929202432, 0.000448250561021], [0.00058601523051, 0.000970718858298, 0.00296464003623, 0.00024964241311, -0.0008086534217, -0.00116926408373, -0.000878216407727, -0.00119985919446, 0.000277180195553, 0.000256250321399, -0.000379112752853, -0.000564132991713, -0.00126889022067], [0.000103456943179, -0.000366536580259, 0.00024964241311, 0.00392064917833, 2.33912014664e-005, -0.000563871988561, -0.00143449904863, 0.00223630783148, -0.00249178824015, 0.000199312809855, 0.000100045122963, 0.000219528315938, -0.00252702529542], [-0.000111634835775, -0.000420725758886, -0.0008086534217, 2.33912014664e-005, 0.00477979611605, 0.0012507593492, 0.00118547107559, -0.00135350739583, -0.00128025840968, -0.00240911706351, 0.000586675538216, 0.0011011013994, -0.00325701851398], [-9.17645011214e-005, 0.00132436910644, -0.00116926408373, -0.000563871988561, 0.0012507593492, 0.00966465938836, -0.00251151667908, -0.00294429319911, 0.000611180847045, -0.000695509254001, -0.00279655191116, -0.00187911884859, 0.00180215958972], [-9.15465134312e-005, -0.0016068269033, -0.000878216407727, -0.00143449904863, 0.00118547107559, -0.00251151667908, 0.0105814142153, -0.00358031690121, 0.0013832411496, -0.000416810682509, 0.000753643224016, -0.00157220032997, -0.000152118780534], [-0.000156159992912, -5.70123811485e-005, -0.00119985919446, 0.00223630783148, -0.00135350739583, -0.00294429319911, -0.00358031690121, 0.0158583018929, -0.0041287173517, 0.00136964872945, -0.00391245307401, -0.000341061095241, -0.00115091865882], [-4.24291756644e-005, -1.34429910759e-006, 0.000277180195553, -0.00249178824015, -0.00128025840968, 0.000611180847045, 0.0013832411496, -0.0041287173517, 0.013786916621, -0.00437120907009, -0.000922173145227, -0.00269511737861, 0.0014470377937], [-0.000219875946641, -0.000144900375744, 0.000256250321399, 0.000199312809855, -0.00240911706351, -0.000695509254001, -0.000416810682509, 0.00136964872945, -0.00437120907009, 0.0146438684314, -0.0031625139527, -0.00186153978575, -0.000320114544593], [-0.000163405158673, -0.00121308618691, -0.000379112752853, 0.000100045122963, 0.000586675538216, -0.00279655191116, 0.000753643224016, -0.00391245307401, -0.000922173145227, -0.0031625139527, 0.0154166296124, -0.00190526561346, -0.00105450581759], [0.000183712647413, -0.000314929202432, -0.000564132991713, 0.000219528315938, 0.0011011013994, -0.00187911884859, -0.00157220032997, -0.000341061095241, -0.00269511737861, -0.00186153978575, -0.00190526561346, 0.0172516163439, -0.00246774731204], [0.000102217403764, 0.000448250561021, -0.00126889022067, -0.00252702529542, -0.00325701851398, 0.00180215958972, -0.000152118780534, -0.00115091865882, 0.0014470377937, -0.000320114544593, -0.00105450581759, -0.00246774731204, 0.0155488168821]]
    },
    "spectral_contrast_coeffs": {
        "mean": [-0.566797912121, -0.698457837105, -0.745996534824, -0.7501770854, -0.762577772141, -0.772727787495],
        "var": [0.0142152346671, 0.00624731229618, 0.00395686831325, 0.00407337304205, 0.00242650741711, 0.00363854086027]
    },
    "spectral_contrast_valleys": {
        "mean": [-7.94120311737, -6.29158878326, -7.77212715149, -8.6231098175, -9.34892177582, -12.636592865],
        "var": [1.20783257484, 1.02202582359, 1.14474534988, 1.72797012329, 1.89194858074, 3.90595626831]
    }
},
"metadata": {
    "audio_properties": {
        "analysis_sample_rate": 44100,
        "bit_rate": 128074,
        "equal_loudness": 0,
        "length": 45.0612258911,
        "lossless": 0,
        "replay_gain": -6.37229347229,
        "sample_rate": 44100,
        "codec": "mp3",
        "downmix": "mix",
        "md5_encoded": "e2e776980cf0cc61669db47701cf9bd1"
    },
    "tags": {
        "file_name": "1860.mp3"
    },
    "version": {
        "essentia": "2.1-beta2",
        "essentia_git_sha": "v2.1_beta2",
        "extractor": "music 1.0"
    }
},
"rhythm": {
    "beats_count": 111,
    "beats_loudness": {
        "mean": 0.0365852415562,
        "var": 0.000371760455891
    },
    "bpm": 150.098876953,
    "bpm_histogram_first_peak_bpm": {
        "mean": 152,
        "var": 0
    },
    "bpm_histogram_first_peak_spread": {
        "mean": 0.46875,
        "var": 0
    },
    "bpm_histogram_first_peak_weight": {
        "mean": 0.463636368513,
        "var": 0
    },
    "bpm_histogram_second_peak_bpm": {
        "mean": 144,
        "var": 0
    },
    "bpm_histogram_second_peak_spread": {
        "mean": 0,
        "var": 0
    },
    "bpm_histogram_second_peak_weight": {
        "mean": 0.10000000149,
        "var": 0
    },
    "danceability": 0.920572340488,
    "onset_rate": 1.97420048714,
    "beats_loudness_band_ratio": {
        "mean": [0.391955584288, 0.267861455679, 0.310828238726, 0.0632632821798, 0.0208791568875, 0.00651434296742],
        "var": [0.0755245387554, 0.0332006923854, 0.0408563129604, 0.00842356029898, 0.000819883309305, 0.000493225874379]
    },
    "beats_position": [0.394739210606, 0.789478421211, 1.19582760334, 1.6137868166, 2.03174591064, 2.4497051239, 2.85605430603, 3.26240348816, 3.66875267029, 4.06349182129, 4.45823097229, 4.85297060013, 5.25931978226, 5.66566896439, 6.07201814651, 6.46675729752, 6.87310647964, 7.27945566177, 7.6858048439, 8.08054447174, 8.47528362274, 8.87002277374, 9.26476192474, 9.65950107574, 10.0658502579, 10.47219944, 10.866938591, 11.2732877731, 11.6796369553, 12.0743761063, 12.4691152573, 12.8754644394, 13.2702035904, 13.6765527725, 14.0712919235, 14.4660310745, 14.8607711792, 15.2555103302, 15.6502494812, 16.0449886322, 16.4513378143, 16.8576869965, 17.2524261475, 17.6355552673, 18.0186843872, 18.4134235382, 18.8081626892, 19.2029018402, 19.5976409912, 19.9923801422, 20.3871192932, 20.7818584442, 21.1765975952, 21.5713367462, 21.9660758972, 22.3608150482, 22.7671642303, 23.1735134125, 23.5914726257, 23.9978218079, 24.40417099, 24.8105201721, 25.2168693542, 25.6116104126, 26.0295696259, 26.4475269318, 26.8538761139, 27.2718353271, 27.6781845093, 28.0845336914, 28.5024929047, 28.9088420868, 29.3035831451, 29.6983222961, 30.0930614471, 30.4994106293, 30.9057598114, 31.3004989624, 31.7068481445, 32.1131973267, 32.5079345703, 32.9026756287, 33.2974128723, 33.6921539307, 34.0868911743, 34.4816322327, 34.8531494141, 35.2478904724, 35.6426315308, 36.0373687744, 36.4437179565, 36.8616790771, 37.2564163208, 37.6743774414, 38.0807266235, 38.4870758057, 38.8934249878, 39.2997741699, 39.7061233521, 40.1124725342, 40.5188217163, 40.91355896, 41.3083000183, 41.703037262, 42.1093864441, 42.5157356262, 42.9220848083, 43.3284339905, 43.7231750488, 44.1411323547, 44.5474815369]
},
"tonal": {
    "chords_changes_rate": 0.0349794253707,
    "chords_number_rate": 0.00925925932825,
    "chords_strength": {
        "mean": 0.493813991547,
        "var": 0.00584054226056
    },
    "hpcp_entropy": {
        "mean": 1.55895900726,
        "var": 0.441797554493
    },
    "key_strength": 0.778658032417,
    "tuning_diatonic_strength": 0.490565150976,
    "tuning_equal_tempered_deviation": 0.00678291777149,
    "tuning_frequency": 440.254241943,
    "tuning_nontempered_energy_ratio": 0.616700530052,
    "hpcp": {
        "mean": [0.0490568429232, 0.0337023437023, 0.121049873531, 0.21482527256, 0.12125647068, 0.042803350836, 0.0424676015973, 0.0422039106488, 0.187563702464, 0.253268629313, 0.0988542586565, 0.0098445629701, 0.0085116121918, 0.0206210967153, 0.172952473164, 0.290317296982, 0.196727648377, 0.28158146143, 0.354425251484, 0.147504389286, 0.0207390319556, 0.0164356585592, 0.0205353628844, 0.119311474264, 0.224821045995, 0.146440908313, 0.0477265790105, 0.0366183891892, 0.0351542159915, 0.147618606687, 0.229345083237, 0.133045524359, 0.107557319105, 0.132919996977, 0.0728675276041, 0.0425483733416],
        "var": [0.01767334342, 0.0084714256227, 0.0367377512157, 0.108043432236, 0.0386545956135, 0.0172181986272, 0.0188902504742, 0.00708972616121, 0.0851435065269, 0.113772802055, 0.0190834719688, 0.000935742864385, 0.00245546642691, 0.00612653978169, 0.0567218735814, 0.132196053863, 0.0431057885289, 0.11452716589, 0.158027514815, 0.0391698144376, 0.00363402813673, 0.00346329505555, 0.0038348750677, 0.0375274308026, 0.114949904382, 0.0559752248228, 0.0138044776395, 0.0120093720034, 0.00926957279444, 0.0417795851827, 0.0808239206672, 0.0349748022854, 0.0447183996439, 0.0737742260098, 0.0254308264703, 0.0131645062938]
    },
    "chords_histogram": [13.5802469254, 14.8148145676, 14.6090536118, 0, 0, 0, 0, 0, 9.46502017975, 2.88065838814, 0, 0, 0, 0, 0, 2.36625504494, 0, 0, 0, 0, 0, 17.1810703278, 3.29218101501, 21.8106994629],
    "thpcp": [1, 0.416179120541, 0.0585145428777, 0.0463727079332, 0.0579398982227, 0.336633682251, 0.634325683117, 0.413178533316, 0.134659081697, 0.103317663074, 0.0991865471005, 0.416501373053, 0.647090137005, 0.375383883715, 0.3034696877, 0.375029712915, 0.205593496561, 0.120048932731, 0.138412386179, 0.0950901284814, 0.341538518667, 0.606122910976, 0.342121422291, 0.120768345892, 0.119821041822, 0.119077041745, 0.529205262661, 0.714589715004, 0.278914272785, 0.0277761332691, 0.0240152534097, 0.0581817924976, 0.487980097532, 0.819121360779, 0.555061042309, 0.794473469257],
    "chords_key": "C",
    "chords_scale": "minor",
    "key_key": "D#",
    "key_scale": "major"
}
}