{
"lowlevel": {
    "average_loudness": 0.977092504501,
    "barkbands_crest": {
        "mean": 10.3968038559,
        "var": 10.1223325729
    },
    "barkbands_flatness_db": {
        "mean": 0.265700310469,
        "var": 0.00875943247229
    },
    "barkbands_kurtosis": {
        "mean": 11.2110280991,
        "var": 163.785690308
    },
    "barkbands_skewness": {
        "mean": 2.38798499107,
        "var": 1.86920976639
    },
    "barkbands_spread": {
        "mean": 13.5997009277,
        "var": 226.533035278
    },
    "dissonance": {
        "mean": 0.454174220562,
        "var": 0.00190379424021
    },
    "dynamic_complexity": 2.47219753265,
    "erbbands_crest": {
        "mean": 9.69198131561,
        "var": 13.5199155807
    },
    "erbbands_flatness_db": {
        "mean": 0.227675288916,
        "var": 0.00325799430721
    },
    "erbbands_kurtosis": {
        "mean": 1.76668322086,
        "var": 25.8789348602
    },
    "erbbands_skewness": {
        "mean": 0.477146983147,
        "var": 1.69120514393
    },
    "erbbands_spread": {
        "mean": 38.2938652039,
        "var": 493.665679932
    },
    "hfc": {
        "mean": 14.2290096283,
        "var": 899.262634277
    },
    "melbands_crest": {
        "mean": 14.9417476654,
        "var": 16.3899593353
    },
    "melbands_flatness_db": {
        "mean": 0.355596393347,
        "var": 0.0141840660945
    },
    "melbands_kurtosis": {
        "mean": 28.3186016083,
        "var": 762.062805176
    },
    "melbands_skewness": {
        "mean": 3.73649573326,
        "var": 3.60472369194
    },
    "melbands_spread": {
        "mean": 12.9828062057,
        "var": 400.129547119
    },
    "pitch_salience": {
        "mean": 0.587147295475,
        "var": 0.00840608309954
    },
    "silence_rate_20dB": {
        "mean": 1,
        "var": 0
    },
    "silence_rate_30dB": {
        "mean": 0.994850695133,
        "var": 0.00512293120846
    },
    "silence_rate_60dB": {
        "mean": 0.00154479919001,
        "var": 0.00154241069686
    },
    "spectral_centroid": {
        "mean": 882.565917969,
        "var": 598102.5625
    },
    "spectral_complexity": {
        "mean": 12.3872299194,
        "var": 74.9827957153
    },
    "spectral_decrease": {
        "mean": -7.04400715534e-009,
        "var": 2.73992129729e-017
    },
    "spectral_energy": {
        "mean": 0.0278763268143,
        "var": 0.00045255952864
    },
    "spectral_energyband_high": {
        "mean": 0.000864284695126,
        "var": 1.5467447156e-005
    },
    "spectral_energyband_low": {
        "mean": 0.0156871005893,
        "var": 0.000127405204694
    },
    "spectral_energyband_middle_high": {
        "mean": 0.00235040346161,
        "var": 1.54148256115e-005
    },
    "spectral_energyband_middle_low": {
        "mean": 0.0122748827562,
        "var": 0.00019875477301
    },
    "spectral_entropy": {
        "mean": 6.68758678436,
        "var": 0.581434428692
    },
    "spectral_flux": {
        "mean": 0.0874275416136,
        "var": 0.00321486755274
    },
    "spectral_kurtosis": {
        "mean": 15.3949871063,
        "var": 438.684753418
    },
    "spectral_rms": {
        "mean": 0.00495494203642,
        "var": 2.64498771685e-006
    },
    "spectral_rolloff": {
        "mean": 756.13659668,
        "var": 1587354.25
    },
    "spectral_skewness": {
        "mean": 2.29693746567,
        "var": 2.73330998421
    },
    "spectral_spread": {
        "mean": 2774243,
        "var": 2.86824018739e+012
    },
    "spectral_strongpeak": {
        "mean": 0.456568419933,
        "var": 1.16657984257
    },
    "zerocrossingrate": {
        "mean": 0.0324825197458,
        "var": 0.000902112689801
    },
    "barkbands": {
        "mean": [0.000555098231416, 0.00704686762765, 0.00489284703508, 0.00533656263724, 0.00351414643228, 0.000538075226359, 0.0011389052961, 0.000594475481194, 0.000925683998503, 0.000477407709695, 0.00018262276717, 0.000189585174667, 0.000209229154279, 0.000178358925041, 0.000174009313923, 0.000124639002024, 0.000301661784761, 0.000310638220981, 0.000237020314671, 0.000166120124049, 0.000293218123261, 0.000228718665312, 0.000160304029123, 7.88326724432e-005, 1.90140635823e-005, 2.21280834012e-006, 9.91710749076e-008],
        "var": [9.04898627141e-007, 2.29657216551e-005, 2.38027041632e-005, 7.65765435062e-005, 1.18822954391e-005, 7.40124107779e-007, 8.4865032477e-006, 5.82773373026e-006, 7.32265789338e-006, 1.73758292021e-006, 2.76448417935e-007, 2.44754858159e-007, 3.25434655224e-007, 2.53298566122e-007, 2.99293816397e-007, 1.57057115757e-007, 3.88095315884e-007, 5.93778395341e-007, 4.7069963216e-007, 7.46621708458e-007, 2.28364638133e-006, 1.95710595108e-006, 6.44657291105e-007, 2.66410552285e-007, 6.2414944324e-009, 2.01446428982e-010, 1.34039231537e-012]
    },
    "erbbands": {
        "mean": [0.215055912733, 1.56019675732, 4.88233709335, 14.1443319321, 13.4373540878, 12.2433977127, 6.22540092468, 4.07391452789, 7.17487812042, 25.5759239197, 11.6099328995, 17.5370197296, 24.0955600739, 10.4765415192, 7.02009916306, 8.32324695587, 9.46989059448, 9.40082550049, 9.34985733032, 8.79239177704, 7.41260194778, 16.5108528137, 19.4017505646, 13.4117078781, 10.2021245956, 8.99385261536, 6.87440776825, 14.0613517761, 9.20520877838, 7.11430072784, 4.01023721695, 2.46085572243, 0.941118717194, 0.36670216918, 0.0560548491776, 0.0136550348252, 0.00345831224695, 0.000498513749335, 3.01459222101e-005, 3.34360338456e-005],
        "var": [0.0343957692385, 1.11086666584, 18.0671291351, 418.05480957, 308.804260254, 168.378570557, 67.6850128174, 52.3331451416, 224.75970459, 6144.62597656, 1675.77539063, 2138.63842773, 6026.39208984, 793.440246582, 308.887237549, 446.944702148, 608.909179688, 710.843200684, 605.894287109, 1517.16516113, 329.644927979, 1172.53796387, 1598.40222168, 1669.31347656, 928.035461426, 2398.64086914, 1071.00866699, 6163.91113281, 2745.06347656, 1891.47119141, 455.238372803, 365.837677002, 14.8315200806, 2.24146747589, 0.0692247673869, 0.00683888234198, 0.000448572274763, 1.59980045282e-005, 1.66272418056e-008, 8.91526075186e-010]
    },
    "gfcc": {
        "mean": [-96.9845581055, 173.425613403, -107.01651001, 54.4374504089, -31.6805686951, 0.312606006861, -20.7533874512, -0.120251528919, -7.87279701233, -21.2930660248, -4.80752658844, -12.768913269, -6.50627088547],
        "cov": [[8203.27539063, -3269.02319336, -1683.88037109, 648.539978027, -1540.38952637, 853.659973145, -420.665283203, 420.393188477, -309.182556152, 212.130386353, -456.745574951, 76.5744552612, -278.113128662], [-3269.02319336, 2604.78930664, 267.747192383, -774.776245117, 1044.23352051, -656.300048828, 354.502868652, -260.070007324, 197.948394775, -244.447509766, 271.286987305, -87.4672775269, 87.6837005615], [-1683.88037109, 267.747192383, 1352.95837402, -42.0235748291, -247.585983276, 73.0295257568, 13.0503730774, -114.109855652, -59.4945030212, 59.8128395081, 36.395526886, -30.1828117371, 126.598709106], [648.539978027, -774.776245117, -42.0235748291, 629.320007324, -78.6673202515, 87.0028762817, -158.617416382, 4.74119901657, 8.83642196655, 31.2481441498, -51.8992004395, 22.3422679901, -8.69452571869], [-1540.38952637, 1044.23352051, -247.585983276, -78.6673202515, 1089.64440918, -426.496917725, 47.5172424316, -54.149356842, 126.354034424, -136.486297607, 127.895942688, -22.9578418732, -18.4046001434], [853.659973145, -656.300048828, 73.0295257568, 87.0028762817, -426.496917725, 398.114013672, -26.2264385223, 25.9352340698, -64.7318344116, 54.6838951111, -63.487487793, 18.1863746643, -9.14000797272], [-420.665283203, 354.502868652, 13.0503730774, -158.617416382, 47.5172424316, -26.2264385223, 262.895721436, -31.1757602692, -0.318158686161, -63.2237281799, 15.4555702209, 12.8257036209, 24.9343566895], [420.393188477, -260.070007324, -114.109855652, 4.74119901657, -54.149356842, 25.9352340698, -31.1757602692, 196.247558594, -22.4491882324, -5.52316427231, -20.9489974976, 2.67089629173, -23.4611568451], [-309.182556152, 197.948394775, -59.4945030212, 8.83642196655, 126.354034424, -64.7318344116, -0.318158686161, -22.4491882324, 155.053909302, -2.32222628593, 9.49623394012, -11.9130516052, -11.6791467667], [212.130386353, -244.447509766, 59.8128395081, 31.2481441498, -136.486297607, 54.6838951111, -63.2237281799, -5.52316427231, -2.32222628593, 165.762130737, -1.03250396252, -19.5215702057, -10.0643234253], [-456.745574951, 271.286987305, 36.395526886, -51.8992004395, 127.895942688, -63.487487793, 15.4555702209, -20.9489974976, 9.49623394012, -1.03250396252, 126.70098114, -6.8778295517, -17.649061203], [76.5744552612, -87.4672775269, -30.1828117371, 22.3422679901, -22.9578418732, 18.1863746643, 12.8257036209, 2.67089629173, -11.9130516052, -19.5215702057, -6.8778295517, 94.7962799072, 9.11078548431], [-278.113128662, 87.6837005615, 126.598709106, -8.69452571869, -18.4046001434, -9.14000797272, 24.9343566895, -23.4611568451, -11.6791467667, -10.0643234253, -17.649061203, 9.11078548431, 110.22605896]],
        "icov": [[0.000674631388392, -0.000563480716664, 0.00100465898868, -0.000763850926887, 0.000912030867767, -0.000742773816455, 0.000675942108501, -0.00070009281626, 0.00129812699743, -0.000615432625636, 0.00158161146101, -0.000225797266467, 0.00107830902562], [-0.000563480716664, 0.00844034180045, -0.00235472177155, 0.00753338355571, -0.00352792232297, 0.0059030377306, -0.00329094729386, 0.0065543227829, -0.0063461647369, 0.00681635877118, -0.00819534435868, 0.00443802122027, -0.00452637206763], [0.00100465898868, -0.00235472177155, 0.00275534624234, -0.00240985816345, 0.00213966937736, -0.00214395555668, 0.0016012720298, -0.00171202747151, 0.00313355540857, -0.00222729239613, 0.00304423877969, -0.000735570560209, 0.00118307338562], [-0.000763850926887, 0.00753338355571, -0.00240985816345, 0.00884176138788, -0.0035171394702, 0.0049975477159, -0.00189337087795, 0.00619406858459, -0.00626284675673, 0.00622835801914, -0.00716963410378, 0.00338651915081, -0.00440374668688], [0.000912030867767, -0.00352792232297, 0.00213966937736, -0.0035171394702, 0.00416125683114, -0.00122788816225, 0.00194554124027, -0.00269564567134, 0.00291236815974, -0.0019411748508, 0.00335513497703, -0.00147953059059, 0.00274264928885], [-0.000742773816455, 0.0059030377306, -0.00214395555668, 0.0049975477159, -0.00122788816225, 0.00888724438846, -0.00276655494235, 0.00476454244927, -0.00430618226528, 0.00470552453771, -0.00570526346564, 0.00269772461616, -0.0027045593597], [0.000675942108501, -0.00329094729386, 0.0016012720298, -0.00189337087795, 0.00194554124027, -0.00276655494235, 0.00675669452175, -0.0019559066277, 0.0029672216624, -0.00101855013054, 0.00360393803567, -0.00219983956777, 0.00146590371151], [-0.00070009281626, 0.0065543227829, -0.00171202747151, 0.00619406858459, -0.00269564567134, 0.00476454244927, -0.0019559066277, 0.0110392523929, -0.00448131700978, 0.00597070623189, -0.00619965372607, 0.00349974422716, -0.00299991760403], [0.00129812699743, -0.0063461647369, 0.00313355540857, -0.00626284675673, 0.00291236815974, -0.00430618226528, 0.0029672216624, -0.00448131700978, 0.0134862158448, -0.00592418480664, 0.00811701826751, -0.00260411272757, 0.00513773644343], [-0.000615432625636, 0.00681635877118, -0.00222729239613, 0.00622835801914, -0.0019411748508, 0.00470552453771, -0.00101855013054, 0.00597070623189, -0.00592418480664, 0.0134084038436, -0.00784768071026, 0.00498314527795, -0.00343029061332], [0.00158161146101, -0.00819534435868, 0.00304423877969, -0.00716963410378, 0.00335513497703, -0.00570526346564, 0.00360393803567, -0.00619965372607, 0.00811701826751, -0.00784768071026, 0.0198296532035, -0.00452117389068, 0.00809252355248], [-0.000225797266467, 0.00443802122027, -0.000735570560209, 0.00338651915081, -0.00147953059059, 0.00269772461616, -0.00219983956777, 0.00349974422716, -0.00260411272757, 0.00498314527795, -0.00452117389068, 0.013820101507, -0.00345611944795], [0.00107830902562, -0.00452637206763, 0.00118307338562, -0.00440374668688, 0.00274264928885, -0.0027045593597, 0.00146590371151, -0.00299991760403, 0.00513773644343, -0.00343029061332, 0.00809252355248, -0.00345611944795, 0.0147636225447]]
    },
    "melbands": {
        "mean": [0.00196371856146, 0.00241442141123, 0.00238211941905, 0.000962000049185, 0.000260686763795, 9.07864086912e-005, 0.000146335703903, 0.000252845231444, 8.60071741045e-005, 0.000125720893266, 0.00011975561938, 4.19195166614e-005, 2.39909732045e-005, 2.09720019484e-005, 2.22047965508e-005, 2.00651029445e-005, 1.66886165971e-005, 1.56192672875e-005, 1.10538303488e-005, 1.03545398815e-005, 8.40467964736e-006, 1.5278275896e-005, 2.11017813854e-005, 1.47233995449e-005, 1.03835754999e-005, 9.16919725569e-006, 6.13599149801e-006, 5.50968115931e-006, 3.05551111524e-006, 6.85769146003e-006, 8.27955045679e-006, 5.20190360476e-006, 4.64063123218e-006, 3.20284334521e-006, 2.13156636164e-006, 2.05616106541e-006, 1.23177210298e-006, 5.41578003777e-007, 5.95000187786e-007, 2.20775518756e-007],
        "var": [2.00167096409e-006, 2.93112452709e-006, 1.16020264613e-005, 9.70403903011e-007, 9.10099586804e-008, 2.43381492737e-008, 1.04996694006e-007, 6.41430915493e-007, 9.14767568361e-008, 1.23929112306e-007, 1.50495850448e-007, 1.30013972921e-008, 4.21924095662e-009, 3.02359293158e-009, 3.82176157387e-009, 3.00133562448e-009, 2.45912845642e-009, 1.88122806222e-009, 1.5747168014e-009, 1.91141014128e-009, 3.85234982803e-010, 1.12116882445e-009, 1.76832881671e-009, 1.58066915112e-009, 1.22369336886e-009, 7.84763476425e-010, 9.27432242115e-010, 9.7241736885e-010, 2.24557927808e-010, 1.58057000821e-009, 2.19857487771e-009, 1.25389332251e-009, 8.5591561616e-010, 4.40007891234e-010, 1.74122119501e-010, 1.06174284642e-010, 1.32110447582e-010, 4.95476186121e-012, 6.38070716055e-012, 8.4245463253e-013]
    },
    "mfcc": {
        "mean": [-736.304199219, 181.360488892, 7.72388219833, 48.2119941711, 21.3445930481, 6.39070701599, 3.60974264145, 17.0175514221, 1.18275725842, -2.67887711525, 6.00875282288, 1.67734348774, -9.91570091248],
        "cov": [[8884.03515625, -3567.54785156, -1148.17590332, -320.699371338, -1026.09484863, 142.322143555, -334.134918213, 151.148239136, -23.4535140991, 260.454315186, 20.3090801239, -247.15536499, -276.75793457], [-3567.54785156, 2945.83105469, -329.868530273, -79.4680633545, 455.920379639, -250.042266846, 173.197036743, 26.9261608124, -23.8211803436, -171.613189697, 90.6296386719, 73.6711425781, 93.5961837769], [-1148.17590332, -329.868530273, 1614.35766602, -126.785125732, -331.435852051, 126.956306458, 85.7757263184, -203.643920898, 53.2293701172, 3.30582547188, -237.335144043, 129.151016235, 86.2232513428], [-320.699371338, -79.4680633545, -126.785125732, 427.035247803, 252.443237305, 6.06605768204, -59.1683311462, -7.53129768372, -17.9365215302, -21.8600654602, 23.381986618, -31.2225418091, 5.96623468399], [-1026.09484863, 455.920379639, -331.435852051, 252.443237305, 674.884521484, -78.8813323975, -29.1293067932, 25.6411762238, -50.2394142151, -28.4658069611, 106.811134338, -24.5719223022, -19.1541748047], [142.322143555, -250.042266846, 126.956306458, 6.06605768204, -78.8813323975, 254.503234863, -16.0597476959, -39.7450332642, 6.88412857056, -3.55961298943, -20.0836448669, 16.1537742615, -0.891330897808], [-334.134918213, 173.197036743, 85.7757263184, -59.1683311462, -29.1293067932, -16.0597476959, 192.201538086, 32.0874404907, -19.4832267761, -9.00035381317, -29.539056778, 1.59795367718, 19.0625362396], [151.148239136, 26.9261608124, -203.643920898, -7.53129768372, 25.6411762238, -39.7450332642, 32.0874404907, 229.574737549, 14.149187088, -37.2099380493, 39.7534751892, -50.384021759, -44.9693450928], [-23.4535140991, -23.8211803436, 53.2293701172, -17.9365215302, -50.2394142151, 6.88412857056, -19.4832267761, 14.149187088, 121.757362366, 12.1597337723, -41.0266990662, -0.446279913187, -10.9438400269], [260.454315186, -171.613189697, 3.30582547188, -21.8600654602, -28.4658069611, -3.55961298943, -9.00035381317, -37.2099380493, 12.1597337723, 132.022125244, 11.274064064, -19.8938407898, -10.0705471039], [20.3090801239, 90.6296386719, -237.335144043, 23.381986618, 106.811134338, -20.0836448669, -29.539056778, 39.7534751892, -41.0266990662, 11.274064064, 174.229293823, -2.94272565842, -37.0468063354], [-247.15536499, 73.6711425781, 129.151016235, -31.2225418091, -24.5719223022, 16.1537742615, 1.59795367718, -50.384021759, -0.446279913187, -19.8938407898, -2.94272565842, 119.872970581, 33.9893341064], [-276.75793457, 93.5961837769, 86.2232513428, 5.96623468399, -19.1541748047, -0.891330897808, 19.0625362396, -44.9693450928, -10.9438400269, -10.0705471039, -37.0468063354, 33.9893341064, 123.154602051]],
        "icov": [[0.000614727439824, 0.000694129441399, 0.000727743608877, 0.000462174415588, 0.000687379564624, 0.000227099924814, 0.000420380820287, 0.000114427370136, 0.000508980359882, -4.90142629133e-005, 0.000381453544833, 0.000188093676115, 0.000511331541929], [0.000694129441399, 0.00133001606446, 0.000910265604034, 0.000851718126796, 0.000371507194359, 0.000633739051409, -4.88202786073e-005, 0.000434882182162, 0.000170329265529, 0.000696157454513, 0.000126229424495, 9.65615981841e-005, 0.000182621341082], [0.000727743608877, 0.000910265604034, 0.00184663012624, 0.00060005945852, 0.000977077172138, 0.000102405349026, 3.56377386197e-005, 0.000725282356143, 0.000425389589509, 3.29565773427e-005, 0.00135289761238, -0.000539779197425, 0.000630150665529], [0.000462174415588, 0.000851718126796, 0.00060005945852, 0.00385056831874, -0.000979383708909, -2.38075317611e-005, 0.000889748684131, 0.000434618239524, 0.000260392931523, 0.000855436432175, 0.000386718340451, 0.00103126396425, -0.000422049692133], [0.000687379564624, 0.000371507194359, 0.000977077172138, -0.000979383708909, 0.00335694709793, 0.000561160617508, 0.000606523710303, 0.000176125089638, 0.00109996309038, -0.000195709319087, -0.000238413675106, 0.000221600173973, 0.001071198727], [0.000227099924814, 0.000633739051409, 0.000102405349026, -2.38075317611e-005, 0.000561160617508, 0.00469666952267, 6.8089539127e-005, 0.000835089129396, -0.000116123039334, 0.000888847338501, -0.000191699989955, -0.000185003096703, 0.000429585081292], [0.000420380820287, -4.88202786073e-005, 3.56377386197e-005, 0.000889748684131, 0.000606523710303, 6.8089539127e-005, 0.00714107742533, -0.00186927907635, 0.00248519750312, -0.00101024494506, 0.00179715966806, 0.000258836313151, -0.000171914332896], [0.000114427370136, 0.000434882182162, 0.000725282356143, 0.000434618239524, 0.000176125089638, 0.000835089129396, -0.00186927907635, 0.00688254926354, -0.00192806019913, 0.00300907529891, -0.00156065600459, 0.00225030607544, 0.00121789891273], [0.000508980359882, 0.000170329265529, 0.000425389589509, 0.000260392931523, 0.00109996309038, -0.000116123039334, 0.00248519750312, -0.00192806019913, 0.0109023116529, -0.00218604528345, 0.00367025053129, -0.000820704794023, 0.00190607993864], [-4.90142629133e-005, 0.000696157454513, 3.29565773427e-005, 0.000855436432175, -0.000195709319087, 0.000888847338501, -0.00101024494506, 0.00300907529891, -0.00218604528345, 0.0102273365483, -0.00223555066623, 0.00246283458546, -0.00018277449999], [0.000381453544833, 0.000126229424495, 0.00135289761238, 0.000386718340451, -0.000238413675106, -0.000191699989955, 0.00179715966806, -0.00156065600459, 0.00367025053129, -0.00223555066623, 0.00972690526396, -0.00220277928747, 0.00258613843471], [0.000188093676115, 9.65615981841e-005, -0.000539779197425, 0.00103126396425, 0.000221600173973, -0.000185003096703, 0.000258836313151, 0.00225030607544, -0.000820704794023, 0.00246283458546, -0.00220277928747, 0.0115146161988, -0.00222007045522], [0.000511331541929, 0.000182621341082, 0.000630150665529, -0.000422049692133, 0.001071198727, 0.000429585081292, -0.000171914332896, 0.00121789891273, 0.00190607993864, -0.00018277449999, 0.00258613843471, -0.00222007045522, 0.0108955651522]]
    },
    "spectral_contrast_coeffs": {
        "mean": [-0.657660067081, -0.753927826881, -0.790048599243, -0.792611241341, -0.736266970634, -0.743412435055],
        "var": [0.00433106906712, 0.00448992894962, 0.0038755023852, 0.00315390946344, 0.00909186992794, 0.00350188603625]
    },
    "spectral_contrast_valleys": {
        "mean": [-6.51668167114, -7.1771736145, -7.9667057991, -8.65356731415, -8.92917442322, -12.2645893097],
        "var": [0.365807145834, 0.764333307743, 1.28308570385, 1.4920912981, 1.8196144104, 2.49136352539]
    }
},
"metadata": {
    "audio_properties": {
        "analysis_sample_rate": 44100,
        "bit_rate": 128074,
        "equal_loudness": 0,
        "length": 45.0612258911,
        "lossless": 0,
        "replay_gain": -4.9528465271,
        "sample_rate": 44100,
        "codec": "mp3",
        "downmix": "mix",
        "md5_encoded": "1f7bffd6f42dced0c32c639db98976e9"
    },
    "tags": {
        "file_name": "1861.mp3"
    },
    "version": {
        "essentia": "2.1-beta2",
        "essentia_git_sha": "v2.1_beta2",
        "extractor": "music 1.0"
    }
},
"rhythm": {
    "beats_count": 92,
    "beats_loudness": {
        "mean": 0.0443575158715,
        "var": 0.000201881543035
    },
    "bpm": 123.532012939,
    "bpm_histogram_first_peak_bpm": {
        "mean": 123,
        "var": 0
    },
    "bpm_histogram_first_peak_spread": {
        "mean": 0.373493939638,
        "var": 0
    },
    "bpm_histogram_first_peak_weight": {
        "mean": 0.571428596973,
        "var": 0
    },
    "bpm_histogram_second_peak_bpm": {
        "mean": 129,
        "var": 0
    },
    "bpm_histogram_second_peak_spread": {
        "mean": 0.199999988079,
        "var": 0
    },
    "bpm_histogram_second_peak_weight": {
        "mean": 0.0439560450613,
        "var": 0
    },
    "danceability": 1.71009087563,
    "onset_rate": 4.34767723083,
    "beats_loudness_band_ratio": {
        "mean": [0.538525223732, 0.182730570436, 0.17526884377, 0.0411073639989, 0.0343014709651, 0.0627941712737],
        "var": [0.0421895124018, 0.0141598088667, 0.0295050200075, 0.00140431942418, 0.00113875314128, 0.0142502011731]
    },
    "beats_position": [0.49922901392, 0.99845802784, 1.48607707024, 1.97369611263, 2.46131515503, 2.94893407822, 3.43655323982, 3.92417216301, 4.43501138687, 4.92263031006, 5.41024923325, 5.89786815643, 6.38548755646, 6.86149644852, 7.3491153717, 7.8251247406, 8.31274318695, 8.80036258698, 9.287981987, 9.77560043335, 10.2748298645, 10.774058342, 11.261677742, 11.7609071732, 12.2601356506, 12.7593650818, 13.2585935593, 13.7462129593, 14.2222223282, 14.6982307434, 15.1858501434, 15.6734695435, 16.1494789124, 16.6254863739, 17.1014957428, 17.5775051117, 18.0651245117, 18.5527439117, 19.0403633118, 19.5047607422, 19.9923801422, 20.4799995422, 20.9676189423, 21.43201828, 21.8964176178, 22.3724250793, 22.8484344482, 23.312833786, 23.7888431549, 24.2648525238, 24.7408618927, 25.2284793854, 25.7044887543, 26.1921081543, 26.6681175232, 27.1557369232, 27.6549663544, 28.142583847, 28.6302032471, 29.1410427094, 29.6170520782, 30.0930614471, 30.5458488464, 30.9870281219, 31.4630374908, 31.9506568909, 32.4382743835, 32.9258956909, 33.4019050598, 33.901134491, 34.3887519836, 34.8763694763, 35.3639907837, 35.8516082764, 36.3392295837, 36.8268470764, 37.3144645691, 37.790473938, 38.2664833069, 38.7541046143, 39.2417221069, 39.7293434143, 40.216960907, 40.7045783997, 41.192199707, 41.6798171997, 42.1674385071, 42.6550559998, 43.1426734924, 43.6302947998, 44.1179122925, 44.5939216614]
},
"tonal": {
    "chords_changes_rate": 0.133744850755,
    "chords_number_rate": 0.0102880662307,
    "chords_strength": {
        "mean": 0.440152019262,
        "var": 0.00654525822029
    },
    "hpcp_entropy": {
        "mean": 2.42463755608,
        "var": 0.457759052515
    },
    "key_strength": 0.60876584053,
    "tuning_diatonic_strength": 0.548887431622,
    "tuning_equal_tempered_deviation": 0.240729823709,
    "tuning_frequency": 434.193115234,
    "tuning_nontempered_energy_ratio": 0.879365622997,
    "hpcp": {
        "mean": [0.261118590832, 0.227895110846, 0.128461822867, 0.0779500156641, 0.0831819027662, 0.107844173908, 0.124567560852, 0.114210836589, 0.100723460317, 0.145023047924, 0.163091436028, 0.100328557193, 0.0623125657439, 0.0780541375279, 0.111071966588, 0.177125379443, 0.246083155274, 0.196689933538, 0.103635594249, 0.0853465348482, 0.131259232759, 0.188896089792, 0.156909540296, 0.122640088201, 0.127089962363, 0.0807562246919, 0.0495287589729, 0.057127147913, 0.0652156621218, 0.0910984128714, 0.163362473249, 0.178977072239, 0.109155014157, 0.0702994838357, 0.0887354314327, 0.175241872668],
        "var": [0.124082148075, 0.0814081951976, 0.0387429557741, 0.0230892449617, 0.0264851208776, 0.0379525385797, 0.0514150559902, 0.0490759462118, 0.042077422142, 0.0768884345889, 0.102627061307, 0.0396559461951, 0.023085443303, 0.032278239727, 0.0504382289946, 0.0726442411542, 0.129604518414, 0.0872095376253, 0.0406859517097, 0.0333434343338, 0.0515669882298, 0.0777158513665, 0.057705450803, 0.0412945635617, 0.0619893185794, 0.0232344530523, 0.0112890684977, 0.0178826730698, 0.0208204574883, 0.0277360808104, 0.0677751675248, 0.0843541547656, 0.0358104556799, 0.0259736552835, 0.0316837057471, 0.0781677439809]
    },
    "chords_histogram": [14.4032926559, 1.02880656719, 40.8436203003, 6.27572011948, 5.96707820892, 8.95061683655, 6.48148155212, 9.97942352295, 0.205761313438, 2.88065838814, 0.102880656719, 1.95473253727, 0, 0.823045253754, 0, 0, 0, 0, 0.102880656719, 0, 0, 0, 0, 0],
    "thpcp": [1, 0.872764766216, 0.491967350245, 0.298523426056, 0.318559855223, 0.413008421659, 0.477053582668, 0.437390685081, 0.385738372803, 0.555391490459, 0.624587595463, 0.384226024151, 0.238637030125, 0.298922181129, 0.425369828939, 0.678333103657, 0.942419111729, 0.753259003162, 0.39689090848, 0.32684969902, 0.502680540085, 0.723411083221, 0.600912928581, 0.469671994448, 0.486713558435, 0.309270292521, 0.189679175615, 0.218778550625, 0.249754950404, 0.348877549171, 0.625625610352, 0.68542444706, 0.418028503656, 0.269224345684, 0.339828073978, 0.671119868755],
    "chords_key": "A",
    "chords_scale": "minor",
    "key_key": "D",
    "key_scale": "minor"
}
}