{
"lowlevel": {
    "average_loudness": 0.945079147816,
    "barkbands_crest": {
        "mean": 11.3224153519,
        "var": 17.6125240326
    },
    "barkbands_flatness_db": {
        "mean": 0.17627209425,
        "var": 0.00230575352907
    },
    "barkbands_kurtosis": {
        "mean": 12.3396139145,
        "var": 268.462585449
    },
    "barkbands_skewness": {
        "mean": 2.5883705616,
        "var": 2.20096349716
    },
    "barkbands_spread": {
        "mean": 12.6733350754,
        "var": 157.101409912
    },
    "dissonance": {
        "mean": 0.448637872934,
        "var": 0.00094085308956
    },
    "dynamic_complexity": 2.09400463104,
    "erbbands_crest": {
        "mean": 10.0183391571,
        "var": 19.0362758636
    },
    "erbbands_flatness_db": {
        "mean": 0.149835526943,
        "var": 0.00175165128894
    },
    "erbbands_kurtosis": {
        "mean": 1.12801969051,
        "var": 5.13214921951
    },
    "erbbands_skewness": {
        "mean": 0.88245844841,
        "var": 0.578851759434
    },
    "erbbands_spread": {
        "mean": 39.6001548767,
        "var": 371.781066895
    },
    "hfc": {
        "mean": 18.2502288818,
        "var": 629.416931152
    },
    "melbands_crest": {
        "mean": 14.6815786362,
        "var": 20.8614711761
    },
    "melbands_flatness_db": {
        "mean": 0.268795609474,
        "var": 0.00381799624301
    },
    "melbands_kurtosis": {
        "mean": 25.9705181122,
        "var": 1159.02380371
    },
    "melbands_skewness": {
        "mean": 3.42069840431,
        "var": 3.54811382294
    },
    "melbands_spread": {
        "mean": 10.8282842636,
        "var": 166.556015015
    },
    "pitch_salience": {
        "mean": 0.520097017288,
        "var": 0.0127416690812
    },
    "silence_rate_20dB": {
        "mean": 0.998970150948,
        "var": 0.00102881609928
    },
    "silence_rate_30dB": {
        "mean": 0.895468592644,
        "var": 0.0936034470797
    },
    "silence_rate_60dB": {
        "mean": 0.00978372804821,
        "var": 0.00968773569912
    },
    "spectral_centroid": {
        "mean": 693.007446289,
        "var": 201894.734375
    },
    "spectral_complexity": {
        "mean": 14.00669384,
        "var": 24.9530448914
    },
    "spectral_decrease": {
        "mean": -1.39820697242e-008,
        "var": 3.45819067818e-016
    },
    "spectral_energy": {
        "mean": 0.0544268973172,
        "var": 0.00503391586244
    },
    "spectral_energyband_high": {
        "mean": 0.000763322343118,
        "var": 8.60421368998e-006
    },
    "spectral_energyband_low": {
        "mean": 0.0339554101229,
        "var": 0.0046052634716
    },
    "spectral_energyband_middle_high": {
        "mean": 0.00219196500257,
        "var": 4.00267254008e-006
    },
    "spectral_energyband_middle_low": {
        "mean": 0.0191850923002,
        "var": 0.000261455599684
    },
    "spectral_entropy": {
        "mean": 7.26712369919,
        "var": 0.238556444645
    },
    "spectral_flux": {
        "mean": 0.114451274276,
        "var": 0.0100203705952
    },
    "spectral_kurtosis": {
        "mean": 6.21696043015,
        "var": 34.1804046631
    },
    "spectral_rms": {
        "mean": 0.00649471580982,
        "var": 1.09181119115e-005
    },
    "spectral_rolloff": {
        "mean": 674.325256348,
        "var": 1449466.25
    },
    "spectral_skewness": {
        "mean": 1.97463428974,
        "var": 0.525872647762
    },
    "spectral_spread": {
        "mean": 4950220,
        "var": 3.72811628544e+012
    },
    "spectral_strongpeak": {
        "mean": 0.73822414875,
        "var": 0.573775589466
    },
    "zerocrossingrate": {
        "mean": 0.0366681106389,
        "var": 0.000936711090617
    },
    "barkbands": {
        "mean": [0.000487381883431, 0.022401900962, 0.00948681682348, 0.00306793069467, 0.00505208829418, 0.0053283860907, 0.00340504408814, 0.00130790984258, 0.000848366587888, 0.000415654329117, 0.000155159708811, 0.00016579660587, 0.000278711173451, 0.000375734816771, 0.000494507083204, 0.000170180472196, 7.32857297407e-005, 5.1827475545e-005, 5.41688132216e-005, 8.28457559692e-005, 0.000108136984636, 0.000158844399266, 0.00018531162641, 0.000141007927596, 9.33725459618e-005, 3.57359313057e-005, 8.01624707947e-007],
        "var": [1.0920313116e-006, 0.00271268351935, 0.00031482212944, 2.14221781789e-005, 3.09648348775e-005, 6.9592584623e-005, 2.66100905719e-005, 8.19022898213e-006, 1.68148528701e-006, 4.94377161431e-007, 3.14727550688e-008, 1.70681246914e-007, 4.20687712221e-007, 3.73263929987e-007, 8.28701331557e-007, 8.02460036198e-008, 8.49639292255e-009, 1.50699062118e-008, 1.14384208771e-008, 7.99024775233e-008, 3.54641045419e-008, 3.48820265117e-007, 1.0894556226e-006, 6.96895085639e-007, 2.75898202062e-007, 1.76225203319e-008, 9.84615514121e-012]
    },
    "erbbands": {
        "mean": [0.591054916382, 5.22731399536, 11.111664772, 11.0188646317, 12.222193718, 19.3805904388, 24.7794799805, 48.6642341614, 43.9070625305, 51.7790794373, 24.4355831146, 18.6785888672, 19.7196846008, 9.00995254517, 5.16051435471, 7.83158779144, 12.8511629105, 16.1600475311, 26.1346893311, 20.0133533478, 8.44181632996, 4.46529817581, 3.14541816711, 2.33003807068, 3.32370495796, 4.12339162827, 3.66535663605, 4.72682237625, 5.24337720871, 6.51779651642, 4.78371334076, 3.15048384666, 2.25895571709, 1.15566301346, 0.626507878304, 0.233706206083, 0.0517433956265, 0.00508723920211, 0.000155735411681, 6.74605325912e-005],
        "var": [2.10579037666, 146.500457764, 497.696960449, 268.456085205, 205.843475342, 649.333251953, 1520.24157715, 6692.23242188, 5308.64160156, 6866.12158203, 2985.4609375, 745.806152344, 1004.0390625, 148.255386353, 34.670173645, 354.473114014, 812.27935791, 750.926513672, 1600.40185547, 1973.32421875, 166.546737671, 28.4519023895, 47.7263145447, 26.6624526978, 66.4852752686, 200.198348999, 31.8054466248, 109.057044983, 381.539733887, 866.329345703, 759.066101074, 340.917236328, 192.93939209, 54.6452941895, 10.1016950607, 0.757552564144, 0.0396496169269, 0.000494017091114, 3.27554715795e-007, 7.16533232747e-009]
    },
    "gfcc": {
        "mean": [1.20930194855, 116.02381897, -82.9607772827, 33.4159393311, -59.0439300537, 18.9340267181, -43.6602478027, 3.07409691811, -12.7639188766, 14.455789566, -21.4279518127, -0.419949144125, -8.80406761169],
        "cov": [[3178.78491211, -636.595092773, 32.6341667175, 348.811645508, -143.707763672, 133.872512817, -7.79015445709, 138.428512573, 12.2250709534, 112.958992004, -78.3063278198, -13.5034675598, -63.3138847351], [-636.595092773, 1030.09033203, -97.2538223267, -277.753692627, 206.172683716, -157.919052124, 68.2608413696, -113.532096863, 101.299308777, -61.9125823975, 46.6271438599, -66.7217102051, 73.4914321899], [32.6341667175, -97.2538223267, 325.838470459, 63.4869766235, 70.1132278442, 76.0525741577, 59.722114563, 69.1367492676, 8.40207099915, 20.5304718018, -3.05431437492, 57.2912521362, -16.6960315704], [348.811645508, -277.753692627, 63.4869766235, 306.052215576, -5.21289968491, 45.7936859131, 40.0722961426, 42.0794525146, 1.98722684383, 0.148486465216, 6.18299913406, -0.63491076231, 6.61920070648], [-143.707763672, 206.172683716, 70.1132278442, -5.21289968491, 233.156494141, 8.63288211823, 44.1377487183, 31.1905193329, 53.9677848816, 13.8468580246, 3.97504663467, -3.08800315857, 15.9581575394], [133.872512817, -157.919052124, 76.0525741577, 45.7936859131, 8.63288211823, 148.211212158, 44.3474617004, 36.0485534668, 8.84581661224, 31.3687477112, -2.04533934593, 12.614616394, -15.9277935028], [-7.79015445709, 68.2608413696, 59.722114563, 40.0722961426, 44.1377487183, 44.3474617004, 140.788421631, 26.5598278046, -0.223545432091, 10.5665359497, 16.050031662, -3.18581867218, -0.909557640553], [138.428512573, -113.532096863, 69.1367492676, 42.0794525146, 31.1905193329, 36.0485534668, 26.5598278046, 85.6563186646, 6.84495306015, 19.0742549896, -3.51185035706, 15.1725921631, -9.82747840881], [12.2250709534, 101.299308777, 8.40207099915, 1.98722684383, 53.9677848816, 8.84581661224, -0.223545432091, 6.84495306015, 118.505592346, 23.4883804321, -15.0863904953, -5.0474691391, 23.6671504974], [112.958992004, -61.9125823975, 20.5304718018, 0.148486465216, 13.8468580246, 31.3687477112, 10.5665359497, 19.0742549896, 23.4883804321, 76.8617019653, 1.09524691105, 3.49403476715, -2.79904866219], [-78.3063278198, 46.6271438599, -3.05431437492, 6.18299913406, 3.97504663467, -2.04533934593, 16.050031662, -3.51185035706, -15.0863904953, 1.09524691105, 78.1815032959, 10.4713077545, 2.25656175613], [-13.5034675598, -66.7217102051, 57.2912521362, -0.63491076231, -3.08800315857, 12.614616394, -3.18581867218, 15.1725921631, -5.0474691391, 3.49403476715, 10.4713077545, 70.0068893433, 1.28709328175], [-63.3138847351, 73.4914321899, -16.6960315704, 6.61920070648, 15.9581575394, -15.9277935028, -0.909557640553, -9.82747840881, 23.6671504974, -2.79904866219, 2.25656175613, 1.28709328175, 52.1144866943]],
        "icov": [[0.000460271519842, -0.000313093914883, 0.000185241806321, -0.000760501890909, 0.000483354611788, -0.000310535047902, 0.000408919411711, -0.000816310173832, 0.000182931646123, -0.000826242554467, 0.000610093877185, -0.000143473924254, 0.000616601668298], [-0.000313093914883, 0.00607568118721, -0.000762578623835, 0.00542504992336, -0.00398901989684, 0.00426692236215, -0.00518885068595, 0.00568758277223, -0.00458618719131, 0.00495676416904, -0.0041511268355, 0.00410524522886, -0.00394670479], [0.000185241806321, -0.000762578623835, 0.00514372764155, -0.001416345709, -0.000633372808807, -0.00168849818874, -0.000397663738113, -0.00253165978938, 0.000596135272644, -0.000705714744981, 0.00155057804659, -0.00429790932685, 0.0020521520637], [-0.000760501890909, 0.00542504992336, -0.001416345709, 0.00922682601959, -0.00315706152469, 0.00313399615698, -0.00527372537181, 0.0038955823984, -0.00411407882348, 0.00581090105698, -0.00462964083999, 0.00468281051144, -0.00536756124347], [0.000483354611788, -0.00398901989684, -0.000633372808807, -0.00315706152469, 0.00855270959437, -0.00217019580305, 0.00219281157479, -0.00568954227492, 0.000648022512905, -0.0034084059298, 0.00218700594269, -0.0012565383222, 0.00155269715469], [-0.000310535047902, 0.00426692236215, -0.00168849818874, 0.00313399615698, -0.00217019580305, 0.0123867588118, -0.00577299064025, 0.00290799653158, -0.0039455620572, 0.000864970206749, -0.00247847079299, 0.00224945391528, -0.000545469054487], [0.000408919411711, -0.00518885068595, -0.000397663738113, -0.00527372537181, 0.00219281157479, -0.00577299064025, 0.0137305799872, -0.00607586139813, 0.00484980456531, -0.0044402340427, 0.00164132483769, -0.00123103591613, 0.00253288750537], [-0.000816310173832, 0.00568758277223, -0.00253165978938, 0.0038955823984, -0.00568954227492, 0.00290799653158, -0.00607586139813, 0.0225804243237, -0.00418502138928, 0.00272393855266, -0.00299074151553, 0.00146036676597, -0.00139482680243], [0.000182931646123, -0.00458618719131, 0.000596135272644, -0.00411407882348, 0.000648022512905, -0.0039455620572, 0.00484980456531, -0.00418502138928, 0.0149607770145, -0.00686491560191, 0.00530103454366, -0.00232768873684, -0.00204070238397], [-0.000826242554467, 0.00495676416904, -0.000705714744981, 0.00581090105698, -0.0034084059298, 0.000864970206749, -0.0044402340427, 0.00272393855266, -0.00686491560191, 0.0205016154796, -0.00502337934449, 0.00338217848912, -0.00286097684875], [0.000610093877185, -0.0041511268355, 0.00155057804659, -0.00462964083999, 0.00218700594269, -0.00247847079299, 0.00164132483769, -0.00299074151553, 0.00530103454366, -0.00502337934449, 0.0174714699388, -0.00590868573636, 0.00242956378497], [-0.000143473924254, 0.00410524522886, -0.00429790932685, 0.00468281051144, -0.0012565383222, 0.00224945391528, -0.00123103591613, 0.00146036676597, -0.00232768873684, 0.00338217848912, -0.00590868573636, 0.0215466618538, -0.00564657663926], [0.000616601668298, -0.00394670479, 0.0020521520637, -0.00536756124347, 0.00155269715469, -0.000545469054487, 0.00253288750537, -0.00139482680243, -0.00204070238397, -0.00286097684875, 0.00242956378497, -0.00564657663926, 0.0267888065428]]
    },
    "melbands": {
        "mean": [0.00590881146491, 0.00637117400765, 0.00199986970983, 0.00111674400978, 0.000902916537598, 0.00107673031744, 0.000696074683219, 0.000511021877173, 0.000169174105395, 0.000119486416224, 9.7448923043e-005, 3.68320615962e-005, 1.99475016416e-005, 1.46904994835e-005, 2.64011487161e-005, 2.91362375719e-005, 2.9082326364e-005, 4.28822822869e-005, 3.37470009981e-005, 1.71034171217e-005, 8.38766391098e-006, 4.36568598161e-006, 3.84874056181e-006, 2.09095787795e-006, 1.81302345936e-006, 2.10253210753e-006, 2.83516146737e-006, 2.64328878075e-006, 2.04840989682e-006, 2.58795012087e-006, 2.74002104561e-006, 2.76278296951e-006, 3.46438287124e-006, 3.6646283661e-006, 2.74051899396e-006, 2.59519129031e-006, 1.66897984855e-006, 1.63873335168e-006, 1.24152256831e-006, 9.31876456889e-007],
        "var": [0.000193979678443, 0.0001731475204, 7.24806750441e-006, 1.48451192672e-006, 1.55481200181e-006, 3.08772882818e-006, 1.17895410767e-006, 6.64735182454e-007, 1.72738495507e-007, 3.21218500687e-008, 2.54735930127e-008, 2.78421619093e-009, 5.78310732635e-010, 7.83270004412e-010, 7.0265007146e-009, 3.40253425435e-009, 2.58669752284e-009, 4.61223459425e-009, 4.37088232275e-009, 1.39308253821e-009, 1.82829015816e-010, 2.65725306342e-011, 4.5798354692e-011, 3.92066483446e-011, 1.74829907496e-011, 1.87462771001e-011, 1.29298780016e-010, 6.84427514663e-011, 1.08662601486e-011, 1.7926844037e-011, 5.2796267358e-011, 1.17457155113e-010, 1.88568397008e-010, 3.0714208954e-010, 2.47731002379e-010, 2.77372069757e-010, 9.99332491758e-011, 9.57371265597e-011, 7.3559040803e-011, 3.46550461938e-011]
    },
    "mfcc": {
        "mean": [-652.031311035, 146.983154297, 30.4476089478, 22.7893199921, 9.02217102051, 17.5070705414, -13.2770824432, -6.08619880676, 4.93741607666, 6.53115034103, 1.91562438011, -2.4462890625, 0.0865618810058],
        "cov": [[2718.26904297, -871.730773926, 145.822067261, 152.385635376, -44.5820274353, 23.6884880066, 9.98883628845, 0.894325852394, 59.8809165955, 123.774703979, 24.7427616119, 21.0052814484, 40.634563446], [-871.730773926, 1257.24121094, -253.718780518, -82.8663024902, 40.2714500427, -8.30530452728, -44.6375541687, -50.5507888794, 37.0926246643, -57.4178771973, 25.469121933, 33.2562637329, 5.47699642181], [145.822067261, -253.718780518, 266.685058594, 30.9534645081, -2.63950777054, 35.7806625366, 37.250579834, 67.4456939697, 8.31711673737, 5.96502923965, 14.2904205322, 21.2572154999, 6.48084115982], [152.385635376, -82.8663024902, 30.9534645081, 201.64201355, 32.7832603455, 5.36319208145, 41.9133148193, 28.0868301392, 31.2920322418, 17.1945018768, -8.27555561066, -2.2002120018, 23.4504146576], [-44.5820274353, 40.2714500427, -2.63950777054, 32.7832603455, 159.398727417, 16.7584190369, -12.6948776245, 23.5822277069, 29.1033935547, 36.7528266907, 5.66675710678, -20.3263339996, 19.506029129], [23.6884880066, -8.30530452728, 35.7806625366, 5.36319208145, 16.7584190369, 110.269165039, 23.7385368347, 19.2892246246, 40.6730155945, 21.6920795441, 30.9472503662, 19.1956195831, -2.64159488678], [9.98883628845, -44.6375541687, 37.250579834, 41.9133148193, -12.6948776245, 23.7385368347, 154.611221313, 40.211566925, -11.0334711075, 2.89479351044, 33.2385063171, 19.5217132568, -14.9498271942], [0.894325852394, -50.5507888794, 67.4456939697, 28.0868301392, 23.5822277069, 19.2892246246, 40.211566925, 99.4011306763, 12.316699028, 3.61416149139, 14.0100727081, 1.8758815527, 5.18497276306], [59.8809165955, 37.0926246643, 8.31711673737, 31.2920322418, 29.1033935547, 40.6730155945, -11.0334711075, 12.316699028, 112.144042969, 34.7521018982, 8.84683990479, 7.55722332001, 9.68736457825], [123.774703979, -57.4178771973, 5.96502923965, 17.1945018768, 36.7528266907, 21.6920795441, 2.89479351044, 3.61416149139, 34.7521018982, 91.6211166382, 14.2756052017, -2.69242811203, 5.1456451416], [24.7427616119, 25.469121933, 14.2904205322, -8.27555561066, 5.66675710678, 30.9472503662, 33.2385063171, 14.0100727081, 8.84683990479, 14.2756052017, 71.0536499023, 24.7992172241, -10.1866035461], [21.0052814484, 33.2562637329, 21.2572154999, -2.2002120018, -20.3263339996, 19.1956195831, 19.5217132568, 1.8758815527, 7.55722332001, -2.69242811203, 24.7992172241, 74.1088867188, 5.83902597427], [40.634563446, 5.47699642181, 6.48084115982, 23.4504146576, 19.506029129, -2.64159488678, -14.9498271942, 5.18497276306, 9.68736457825, 5.1456451416, -10.1866035461, 5.83902597427, 59.7959022522]],
        "icov": [[0.000537993910257, 0.000380297278753, 7.84030198702e-005, -0.000271679949947, 0.000257906125626, 0.000110493012471, 0.000153422239237, 0.000194467545953, -0.000255282444414, -0.000408277846873, -0.000422554760007, -0.000177666937816, -0.000338280602591], [0.000380297278753, 0.00144139991608, 0.00120365503244, 0.000211366030271, -0.000355457450496, 0.000167251870153, 0.000125682476209, 8.792195149e-005, -0.000892862677574, 0.000832279911265, -0.000812436861452, -0.000841935398057, -0.000439823808847], [7.84030198702e-005, 0.00120365503244, 0.00594693701714, -5.40186265425e-005, 0.000142048185808, -0.00104930938687, 0.000126569444546, -0.00320468912832, -0.000188578749658, 0.000662202422973, -0.000202343144338, -0.00176410074346, -0.000458695285488], [-0.000271679949947, 0.000211366030271, -5.40186265425e-005, 0.00660809595138, -0.00119124271441, 0.000685754232109, -0.0025094570592, -0.000461263232864, -0.00195486936718, 0.000270032731351, 0.00170399143826, 0.000160365787451, -0.00202083121985], [0.000257906125626, -0.000355457450496, 0.000142048185808, -0.00119124271441, 0.00858704652637, -0.000780744827352, 0.00125289801508, -0.00194077403285, -0.000247268064413, -0.00306816468947, -0.00133868539706, 0.00282543315552, -0.00224493676797], [0.000110493012471, 0.000167251870153, -0.00104930938687, 0.000685754232109, -0.000780744827352, 0.0126780075952, -0.00116110953968, -0.00017932348419, -0.00418063811958, -0.000706227961928, -0.00342765869573, -0.0014716173755, 0.000592249329202], [0.000153422239237, 0.000125682476209, 0.000126569444546, -0.0025094570592, 0.00125289801508, -0.00116110953968, 0.00949385669082, -0.00313168088906, 0.00227189203724, -0.000604208849836, -0.00319075305015, -0.00135600403883, 0.00231258454733], [0.000194467545953, 8.792195149e-005, -0.00320468912832, -0.000461263232864, -0.00194077403285, -0.00017932348419, -0.00313168088906, 0.0145467733964, -0.00138338562101, 0.00131570978556, -0.00151429779362, 0.00158243475016, -0.00133272714447], [-0.000255282444414, -0.000892862677574, -0.000188578749658, -0.00195486936718, -0.000247268064413, -0.00418063811958, 0.00227189203724, -0.00138338562101, 0.0130511755124, -0.00384814525023, 0.000698033021763, -0.00078665005276, 3.87747604691e-005], [-0.000408277846873, 0.000832279911265, 0.000662202422973, 0.000270032731351, -0.00306816468947, -0.000706227961928, -0.000604208849836, 0.00131570978556, -0.00384814525023, 0.0151830846444, -0.00263555371203, 0.000892232405022, -0.000491175684147], [-0.000422554760007, -0.000812436861452, -0.000202343144338, 0.00170399143826, -0.00133868539706, -0.00342765869573, -0.00319075305015, -0.00151429779362, 0.000698033021763, -0.00263555371203, 0.0210103355348, -0.00548590021208, 0.00356272258796], [-0.000177666937816, -0.000841935398057, -0.00176410074346, 0.000160365787451, 0.00282543315552, -0.0014716173755, -0.00135600403883, 0.00158243475016, -0.00078665005276, 0.000892232405022, -0.00548590021208, 0.0181531403214, -0.00379330827855], [-0.000338280602591, -0.000439823808847, -0.000458695285488, -0.00202083121985, -0.00224493676797, 0.000592249329202, 0.00231258454733, -0.00133272714447, 3.87747604691e-005, -0.000491175684147, 0.00356272258796, -0.00379330827855, 0.0203015096486]]
    },
    "spectral_contrast_coeffs": {
        "mean": [-0.636667847633, -0.683337926865, -0.760567545891, -0.775962054729, -0.814575910568, -0.75630491972],
        "var": [0.00429103849456, 0.00511665875092, 0.00287073501386, 0.00222941348329, 0.0014445357956, 0.00144682242535]
    },
    "spectral_contrast_valleys": {
        "mean": [-6.61543798447, -6.40310096741, -7.55684375763, -7.75493049622, -8.12309074402, -10.3708705902],
        "var": [0.6149751544, 0.447756022215, 0.427837461233, 0.4893052876, 0.730394005775, 1.15916228294]
    }
},
"metadata": {
    "audio_properties": {
        "analysis_sample_rate": 44100,
        "bit_rate": 128074,
        "equal_loudness": 0,
        "length": 45.0612258911,
        "lossless": 0,
        "replay_gain": -4.94505119324,
        "sample_rate": 44100,
        "codec": "mp3",
        "downmix": "mix",
        "md5_encoded": "16403c592d1d9b83d19fe9eb07adda12"
    },
    "tags": {
        "file_name": "1862.mp3"
    },
    "version": {
        "essentia": "2.1-beta2",
        "essentia_git_sha": "v2.1_beta2",
        "extractor": "music 1.0"
    }
},
"rhythm": {
    "beats_count": 79,
    "beats_loudness": {
        "mean": 0.0935283899307,
        "var": 0.0039422553964
    },
    "bpm": 105.392280579,
    "bpm_histogram_first_peak_bpm": {
        "mean": 105,
        "var": 0
    },
    "bpm_histogram_first_peak_spread": {
        "mean": 0.168831184506,
        "var": 0
    },
    "bpm_histogram_first_peak_weight": {
        "mean": 0.820512831211,
        "var": 0
    },
    "bpm_histogram_second_peak_bpm": {
        "mean": 112,
        "var": 0
    },
    "bpm_histogram_second_peak_spread": {
        "mean": 0,
        "var": 0
    },
    "bpm_histogram_second_peak_weight": {
        "mean": 0.0128205129877,
        "var": 0
    },
    "danceability": 1.31032681465,
    "onset_rate": 4.17022132874,
    "beats_loudness_band_ratio": {
        "mean": [0.669431567192, 0.195658057928, 0.118605531752, 0.0243154317141, 0.0223850347102, 0.0184803828597],
        "var": [0.0395137667656, 0.0192081406713, 0.0120283104479, 0.000378222524887, 0.000488970777951, 0.00144490692765]
    },
    "beats_position": [0.510838985443, 1.04489791393, 1.60217678547, 2.17106580734, 2.73995471001, 3.30884337425, 3.87773227692, 4.446621418, 5.01551008224, 5.58439922333, 6.15328788757, 6.72217655182, 7.2910656929, 7.85995435715, 8.42884349823, 8.99773216248, 9.56662082672, 10.1355104446, 10.7043991089, 11.2848978043, 11.8537864685, 12.4226751328, 12.9915647507, 13.5604534149, 14.1293420792, 14.6982307434, 15.2671203613, 15.8360090256, 16.4165077209, 16.9737873077, 17.5426750183, 18.1115646362, 18.6804523468, 19.2609519958, 19.8298416138, 20.3987293243, 20.9676189423, 21.5365066528, 22.1053962708, 22.6742858887, 23.2431735992, 23.8236732483, 24.40417099, 24.984670639, 25.553560257, 26.1224479675, 26.6913375854, 27.2602272034, 27.8175048828, 28.3863945007, 28.9552822113, 29.5241718292, 30.081451416, 30.6503391266, 31.2192287445, 31.7881164551, 32.357006073, 32.9258956909, 33.4947853088, 34.0636711121, 34.63256073, 35.2014503479, 35.7703399658, 36.3392295837, 36.8965072632, 37.4770050049, 38.0575065613, 38.6263923645, 39.1952819824, 39.7641716003, 40.3330612183, 40.9019508362, 41.4708366394, 42.0397262573, 42.6086158752, 43.1775054932, 43.7463951111, 44.3152809143, 44.8841705322]
},
"tonal": {
    "chords_changes_rate": 0.0679012313485,
    "chords_number_rate": 0.0123456791043,
    "chords_strength": {
        "mean": 0.496311992407,
        "var": 0.00868484191597
    },
    "hpcp_entropy": {
        "mean": 1.99188292027,
        "var": 0.490102887154
    },
    "key_strength": 0.678347349167,
    "tuning_diatonic_strength": 0.443450957537,
    "tuning_equal_tempered_deviation": 0.0501847714186,
    "tuning_frequency": 439.238189697,
    "tuning_nontempered_energy_ratio": 0.732663750648,
    "hpcp": {
        "mean": [0.169542118907, 0.122738368809, 0.129115492105, 0.124482683837, 0.129435762763, 0.187553271651, 0.218801945448, 0.184586212039, 0.173110604286, 0.1505638659, 0.0915170237422, 0.0786928236485, 0.0885046422482, 0.0866500884295, 0.109271362424, 0.138592526317, 0.118309766054, 0.0799158960581, 0.0558865852654, 0.0518327094615, 0.140859529376, 0.252648919821, 0.192799910903, 0.102603785694, 0.0801755264401, 0.0699871554971, 0.0969470962882, 0.115412302315, 0.118707999587, 0.160439938307, 0.179253026843, 0.11407263577, 0.065455570817, 0.0624323748052, 0.101614549756, 0.176103159785],
        "var": [0.0753196626902, 0.0518055893481, 0.0662865266204, 0.0605800747871, 0.0559310093522, 0.0869723558426, 0.094354942441, 0.0749787762761, 0.0954848527908, 0.0791504830122, 0.0434903167188, 0.0376856960356, 0.0416982360184, 0.0350694954395, 0.0498198904097, 0.065745651722, 0.0533306598663, 0.0392805077136, 0.0269024595618, 0.0198525860906, 0.0437285974622, 0.0960829406977, 0.061822604388, 0.035992436111, 0.0307276044041, 0.0279045086354, 0.0391385927796, 0.0425913073123, 0.0382323563099, 0.0590553544462, 0.0713074877858, 0.0405189543962, 0.02150301449, 0.0161755289882, 0.034698985517, 0.0918524339795]
    },
    "chords_histogram": [6.17283964157, 4.52674913406, 1.33744859695, 2.36625504494, 1.64609050751, 0, 3.39506173134, 44.7530860901, 1.64609050751, 1.64609050751, 0, 14.9176950455, 0, 0, 0, 0, 0, 0, 0.720164597034, 0, 0, 0, 9.67078208923, 7.20164632797],
    "thpcp": [1, 0.76311391592, 0.406112104654, 0.31733968854, 0.277013480663, 0.383722573519, 0.456809014082, 0.469853579998, 0.635031163692, 0.709494531155, 0.451506525278, 0.259077191353, 0.247111186385, 0.402196645737, 0.697027146816, 0.671058177948, 0.485806018114, 0.511047065258, 0.492710143328, 0.512314736843, 0.742347419262, 0.866031587124, 0.730603635311, 0.685182452202, 0.595941066742, 0.362230032682, 0.311471045017, 0.350306838751, 0.342966377735, 0.432502776384, 0.548557758331, 0.468277335167, 0.316312044859, 0.221202552319, 0.205157056451, 0.55753070116],
    "chords_key": "E",
    "chords_scale": "major",
    "key_key": "E",
    "key_scale": "minor"
}
}