{
"lowlevel": {
    "average_loudness": 0.731843411922,
    "barkbands_crest": {
        "mean": 10.5137853622,
        "var": 16.3463859558
    },
    "barkbands_flatness_db": {
        "mean": 0.158089458942,
        "var": 0.0037886351347
    },
    "barkbands_kurtosis": {
        "mean": 8.94206142426,
        "var": 263.748779297
    },
    "barkbands_skewness": {
        "mean": 2.06405067444,
        "var": 2.59039592743
    },
    "barkbands_spread": {
        "mean": 17.2536010742,
        "var": 138.515975952
    },
    "dissonance": {
        "mean": 0.451972007751,
        "var": 0.00153486360796
    },
    "dynamic_complexity": 3.83245396614,
    "erbbands_crest": {
        "mean": 11.012969017,
        "var": 33.6915740967
    },
    "erbbands_flatness_db": {
        "mean": 0.164197131991,
        "var": 0.0030246519018
    },
    "erbbands_kurtosis": {
        "mean": 0.789723932743,
        "var": 5.27252244949
    },
    "erbbands_skewness": {
        "mean": 0.384249746799,
        "var": 0.89705914259
    },
    "erbbands_spread": {
        "mean": 38.4747238159,
        "var": 339.623931885
    },
    "hfc": {
        "mean": 14.3780164719,
        "var": 273.865325928
    },
    "melbands_crest": {
        "mean": 14.6099910736,
        "var": 21.8074817657
    },
    "melbands_flatness_db": {
        "mean": 0.236168310046,
        "var": 0.00586322927848
    },
    "melbands_kurtosis": {
        "mean": 22.5787124634,
        "var": 1168.1015625
    },
    "melbands_skewness": {
        "mean": 3.17940473557,
        "var": 4.14566326141
    },
    "melbands_spread": {
        "mean": 18.2868270874,
        "var": 275.616119385
    },
    "pitch_salience": {
        "mean": 0.512788057327,
        "var": 0.0118717672303
    },
    "silence_rate_20dB": {
        "mean": 1,
        "var": 0
    },
    "silence_rate_30dB": {
        "mean": 0.971163749695,
        "var": 0.0280047729611
    },
    "silence_rate_60dB": {
        "mean": 0.142636463046,
        "var": 0.122290156782
    },
    "spectral_centroid": {
        "mean": 1027.58435059,
        "var": 348109.96875
    },
    "spectral_complexity": {
        "mean": 12.6452112198,
        "var": 66.5781784058
    },
    "spectral_decrease": {
        "mean": -7.04240132876e-009,
        "var": 7.14848492752e-017
    },
    "spectral_energy": {
        "mean": 0.0278837475926,
        "var": 0.0010815539863
    },
    "spectral_energyband_high": {
        "mean": 0.000299589417409,
        "var": 2.04065017329e-007
    },
    "spectral_energyband_low": {
        "mean": 0.0123348264024,
        "var": 0.000582981971093
    },
    "spectral_energyband_middle_high": {
        "mean": 0.00441992236301,
        "var": 4.34828471043e-005
    },
    "spectral_energyband_middle_low": {
        "mean": 0.0126949325204,
        "var": 0.000251373276114
    },
    "spectral_entropy": {
        "mean": 7.28350973129,
        "var": 0.296271443367
    },
    "spectral_flux": {
        "mean": 0.0807770639658,
        "var": 0.00449383025989
    },
    "spectral_kurtosis": {
        "mean": 5.69205904007,
        "var": 25.8854808807
    },
    "spectral_rms": {
        "mean": 0.00449000811204,
        "var": 7.04350350134e-006
    },
    "spectral_rolloff": {
        "mean": 1065.61682129,
        "var": 1179608.875
    },
    "spectral_skewness": {
        "mean": 1.75008249283,
        "var": 0.356642574072
    },
    "spectral_spread": {
        "mean": 4518719.5,
        "var": 3.02254968013e+012
    },
    "spectral_strongpeak": {
        "mean": 0.880010664463,
        "var": 1.96552193165
    },
    "zerocrossingrate": {
        "mean": 0.0476715378463,
        "var": 0.000845199101605
    },
    "barkbands": {
        "mean": [0.000275621598121, 0.00599418533966, 0.00461261067539, 0.00328515283763, 0.0042661386542, 0.00174443598371, 0.000992120942101, 0.000710054126102, 0.000931789400056, 0.00133450550493, 0.000224571369472, 0.000317497644573, 0.000405588827562, 0.000444978475571, 0.000465366116259, 0.000590303563513, 0.000489234924316, 0.000309319410007, 0.000143005396239, 8.80681254785e-005, 6.9964240538e-005, 5.26359108335e-005, 4.98601839354e-005, 4.11399523728e-005, 3.00749579765e-005, 1.46034853969e-005, 9.46630223098e-007],
        "var": [7.78409571467e-007, 0.000193162966752, 9.49589302763e-005, 4.49782637588e-005, 3.96177201765e-005, 1.79510770977e-005, 3.6044011722e-006, 1.89663478523e-006, 4.46861395176e-006, 1.72895342985e-005, 2.17118895307e-007, 8.92052412382e-007, 9.11990809982e-007, 7.84835549439e-007, 1.5186493556e-006, 3.79480889023e-006, 1.70273960975e-006, 7.98835117166e-007, 4.81956661247e-008, 1.53204329223e-008, 1.10627738081e-008, 7.82074760508e-009, 7.62392904363e-009, 5.63690116806e-009, 3.64197583202e-009, 1.24039123417e-009, 5.42116221705e-012]
    },
    "erbbands": {
        "mean": [0.131881996989, 1.4976965189, 5.15960931778, 8.45929145813, 17.1351680756, 10.7921199799, 7.54158401489, 15.8080530167, 15.9670619965, 13.7814941406, 17.6744709015, 23.7775192261, 41.0162010193, 25.1113643646, 11.9881105423, 13.3833456039, 20.3274841309, 23.9005527496, 21.6561698914, 35.3705329895, 27.7113018036, 25.2340583801, 17.1138362885, 9.04490756989, 6.80260562897, 4.42666816711, 3.05927062035, 2.47548913956, 1.88244044781, 1.63006293774, 1.44242787361, 0.944303333759, 0.650398313999, 0.364593595266, 0.204542919993, 0.0794905051589, 0.0235838592052, 0.00397751340643, 0.000116308234283, 3.5221419239e-005],
        "var": [0.0649540796876, 13.8797454834, 123.6198349, 256.129882813, 713.16418457, 325.776733398, 165.889984131, 1805.92980957, 1464.70422363, 791.508117676, 1220.77539063, 2940.95336914, 17796.8203125, 9351.56835938, 437.889373779, 1650.65563965, 1852.1842041, 1942.52294922, 2591.68383789, 13486.125, 7494.8671875, 4578.07568359, 1999.36645508, 294.959320068, 111.981460571, 39.428352356, 20.9102020264, 13.6782512665, 8.96189117432, 9.78264904022, 6.69028806686, 2.53375887871, 1.70407009125, 0.534468829632, 0.187422573566, 0.0353482961655, 0.00326128792949, 8.21952125989e-005, 6.07526047247e-008, 1.57396295997e-009]
    },
    "gfcc": {
        "mean": [-39.9692649841, 103.332077026, -108.337684631, 34.1620483398, -53.054523468, 14.0828638077, -38.7119674683, 5.00008296967, -25.8875293732, -2.55963802338, -19.334941864, -7.38630914688, -17.670665741],
        "cov": [[8461.38378906, -474.417236328, -400.267913818, 139.161026001, 340.686767578, 63.4300384521, -366.940338135, 224.952758789, -65.4960403442, 200.909790039, -109.4740448, 153.082168579, 23.4265537262], [-474.417236328, 1232.48803711, -8.07017993927, -119.202774048, 392.338134766, -115.431617737, 97.2577819824, -116.945960999, 139.509429932, -107.1016922, 118.192970276, -75.7985839844, 74.5305862427], [-400.267913818, -8.07017993927, 802.503234863, 213.547348022, -56.9029312134, 207.448547363, 92.5497894287, -16.3267116547, -55.4677124023, 77.8060913086, 55.2285385132, 34.7436523438, -12.5033683777], [139.161026001, -119.202774048, 213.547348022, 363.313690186, 94.3939743042, 81.537979126, 35.6374168396, 16.0496025085, 4.45458269119, 40.2390785217, 35.3306846619, 13.3099937439, -1.45918047428], [340.686767578, 392.338134766, -56.9029312134, 94.3939743042, 468.38684082, 35.3249816895, 37.8851928711, 9.75220394135, 51.6540260315, -29.7869873047, 22.9832191467, -19.8806915283, 30.0032329559], [63.4300384521, -115.431617737, 207.448547363, 81.537979126, 35.3249816895, 245.316467285, 111.557220459, 36.8987312317, -17.0650157928, 29.9475746155, 11.9733371735, 7.06528043747, 1.78470480442], [-366.940338135, 97.2577819824, 92.5497894287, 35.6374168396, 37.8851928711, 111.557220459, 193.642425537, 47.6413536072, 30.6646327972, -19.154914856, 21.913356781, -16.1738853455, 22.4180526733], [224.952758789, -116.945960999, -16.3267116547, 16.0496025085, 9.75220394135, 36.8987312317, 47.6413536072, 137.25227356, 54.6377067566, 16.5897369385, -17.9412555695, 22.4187984467, 9.49137306213], [-65.4960403442, 139.509429932, -55.4677124023, 4.45458269119, 51.6540260315, -17.0650157928, 30.6646327972, 54.6377067566, 130.427749634, 14.0874233246, 28.4791107178, -0.44354262948, 17.3579406738], [200.909790039, -107.1016922, 77.8060913086, 40.2390785217, -29.7869873047, 29.9475746155, -19.154914856, 16.5897369385, 14.0874233246, 122.526992798, 48.7824478149, 26.8590183258, -23.0189876556], [-109.4740448, 118.192970276, 55.2285385132, 35.3306846619, 22.9832191467, 11.9733371735, 21.913356781, -17.9412555695, 28.4791107178, 48.7824478149, 101.811470032, 22.8950901031, 0.827012300491], [153.082168579, -75.7985839844, 34.7436523438, 13.3099937439, -19.8806915283, 7.06528043747, -16.1738853455, 22.4187984467, -0.44354262948, 26.8590183258, 22.8950901031, 73.4519042969, 26.7115783691], [23.4265537262, 74.5305862427, -12.5033683777, -1.45918047428, 30.0032329559, 1.78470480442, 22.4180526733, 9.49137306213, 17.3579406738, -23.0189876556, 0.827012300491, 26.7115783691, 85.4052505493]],
        "icov": [[0.000188793317648, -0.00025041095796, 0.000241711983108, -0.000226955293329, 2.47753978329e-005, -0.000389706750866, 0.000577232800424, -0.000590194948018, 0.000487556797452, -0.000499040528666, 0.000426142476499, -0.000310569768772, -2.88268856821e-005], [-0.00025041095796, 0.00488078733906, -0.00226917350665, 0.00325451791286, -0.00366678298451, 0.00365726207383, -0.00254314555787, 0.0042030015029, -0.00451347324997, 0.00369024532847, -0.00554914819077, 0.00406688265502, -0.00236133113503], [0.000241711983108, -0.00226917350665, 0.00320373149589, -0.00248094880953, 0.00202215509489, -0.00306309433654, 0.000884410284925, -0.00134901877027, 0.00269295996986, -0.00253403536044, 0.00256534712389, -0.00276366015896, 0.00122118298896], [-0.000226955293329, 0.00325451791286, -0.00248094880953, 0.00586715340614, -0.00324995373376, 0.00228048162535, -0.00165112607647, 0.00235373177566, -0.00294956145808, 0.00208553136326, -0.00427912129089, 0.00284594343975, -0.00146202882752], [2.47753978329e-005, -0.00366678298451, 0.00202215509489, -0.00324995373376, 0.00561057403684, -0.00339587288909, 0.00197300920263, -0.00287046656013, 0.00235107960179, -0.00143110239878, 0.00293918233365, -0.00179065368138, 0.00100269599352], [-0.000389706750866, 0.00365726207383, -0.00306309433654, 0.00228048162535, -0.00339587288909, 0.0107715921476, -0.00674318568781, 0.00266397907399, -0.00154243106954, 0.000669038505293, -0.00280627259053, 0.00246288091876, -0.00130161840934], [0.000577232800424, -0.00254314555787, 0.000884410284925, -0.00165112607647, 0.00197300920263, -0.00674318568781, 0.0134251462296, -0.00777995027602, 0.00257169269025, 0.00158546620514, -0.00251812627539, 0.00360494432971, -0.00224777287804], [-0.000590194948018, 0.0042030015029, -0.00134901877027, 0.00235373177566, -0.00287046656013, 0.00266397907399, -0.00777995027602, 0.0191028509289, -0.0111468136311, 0.000616409408394, 0.00362534727901, -0.0046003353782, 0.00104405835737], [0.000487556797452, -0.00451347324997, 0.00269295996986, -0.00294956145808, 0.00235107960179, -0.00154243106954, 0.00257169269025, -0.0111468136311, 0.0176859423518, -0.00496211415157, -0.000281642394839, 0.000808517856058, -0.00126317841932], [-0.000499040528666, 0.00369024532847, -0.00253403536044, 0.00208553136326, -0.00143110239878, 0.000669038505293, 0.00158546620514, 0.000616409408394, -0.00496211415157, 0.0180814005435, -0.0118268160149, 0.00167445989791, 0.00205801101401], [0.000426142476499, -0.00554914819077, 0.00256534712389, -0.00427912129089, 0.00293918233365, -0.00280627259053, -0.00251812627539, 0.00362534727901, -0.000281642394839, -0.0118268160149, 0.0263827927411, -0.0134109901264, 0.00512090604752], [-0.000310569768772, 0.00406688265502, -0.00276366015896, 0.00284594343975, -0.00179065368138, 0.00246288091876, 0.00360494432971, -0.0046003353782, 0.000808517856058, 0.00167445989791, -0.0134109901264, 0.0287554264069, -0.0122540229931], [-2.88268856821e-005, -0.00236133113503, 0.00122118298896, -0.00146202882752, 0.00100269599352, -0.00130161840934, -0.00224777287804, 0.00104405835737, -0.00126317841932, 0.00205801101401, 0.00512090604752, -0.0122540229931, 0.0186746250838]]
    },
    "melbands": {
        "mean": [0.00143036665395, 0.00252462574281, 0.00177538744174, 0.0011017518118, 0.000273035955615, 0.000359280296834, 0.00023660446459, 0.000142978620715, 0.000147633560118, 0.00014745509543, 0.000200819849852, 0.000100973076769, 3.66502172255e-005, 3.56219607056e-005, 3.41068080161e-005, 4.93516927236e-005, 4.28687926615e-005, 3.16124787787e-005, 4.03703270422e-005, 4.30156869697e-005, 3.35281911248e-005, 2.70820892183e-005, 2.29879988183e-005, 1.14013992061e-005, 6.78983906255e-006, 5.15105239174e-006, 3.90113336834e-006, 2.65095354735e-006, 1.82942085303e-006, 1.86859267615e-006, 1.26333077333e-006, 1.04520688637e-006, 1.0340766039e-006, 8.28468671443e-007, 8.24418293632e-007, 7.54590701035e-007, 5.13370480348e-007, 4.72654477335e-007, 3.69531591105e-007, 2.881192529e-007],
        "var": [9.42280439631e-006, 3.19092687278e-005, 8.56046062836e-006, 2.58913792095e-006, 2.21810552148e-007, 8.95989558103e-007, 2.99627828326e-007, 7.61694352036e-008, 8.39749887405e-008, 1.14667152218e-007, 4.46015491207e-007, 1.76702229737e-007, 5.06404562728e-009, 6.89218637717e-009, 1.00515222812e-008, 1.40764839784e-008, 6.91518131646e-009, 6.00785332594e-009, 1.19245946451e-008, 2.38184068024e-008, 1.34616691128e-008, 6.16072348691e-009, 5.94240434637e-009, 9.02894425892e-010, 1.73599815079e-010, 7.93397778032e-011, 3.31313830537e-011, 1.57124261518e-011, 7.63163924417e-012, 9.40748607486e-012, 3.85066544623e-012, 2.80823086139e-012, 3.93854046599e-012, 2.62511063234e-012, 2.51719543647e-012, 1.57955332841e-012, 8.4685134339e-013, 9.47247705621e-013, 5.54787661124e-013, 3.49388622417e-013]
    },
    "mfcc": {
        "mean": [-686.419494629, 131.001098633, 7.01108169556, 25.0479755402, 8.49571895599, 8.08225440979, 0.922559201717, 2.94706845284, -3.85541772842, 3.77452969551, -1.18154489994, -0.969328582287, -6.29771232605],
        "cov": [[8009.92773438, -380.247772217, -729.237060547, 69.2277984619, 342.859985352, -77.5293426514, -157.594284058, -78.2465286255, 37.6800422668, -24.1759796143, -13.2089366913, -12.3891744614, 71.1522979736], [-380.247772217, 1245.19726563, -224.587356567, 40.2946777344, 196.848052979, 42.2281532288, 10.412686348, 17.5457363129, -2.82003307343, -3.9741165638, -8.34553050995, 4.843105793, 23.5464096069], [-729.237060547, -224.587356567, 795.342773438, 23.659154892, -85.135887146, 142.641677856, 140.392181396, 16.5435733795, -15.0225601196, 7.16560697556, 30.1843719482, 45.1105117798, 19.9361782074], [69.2277984619, 40.2946777344, 23.659154892, 269.41293335, 129.203964233, 50.6455307007, 25.6917858124, 14.7696342468, -5.74493360519, 10.8020191193, 12.5538101196, 22.0260620117, 22.3373184204], [342.859985352, 196.848052979, -85.135887146, 129.203964233, 263.39730835, 82.1834487915, 29.3456459045, 24.8715953827, 20.4595851898, 6.07763767242, -1.86697113514, 19.6613636017, 33.6259918213], [-77.5293426514, 42.2281532288, 142.641677856, 50.6455307007, 82.1834487915, 185.240158081, 125.84046936, 34.1411590576, 9.72040843964, 21.5078582764, -1.92797720432, 10.0233535767, 23.367893219], [-157.594284058, 10.412686348, 140.392181396, 25.6917858124, 29.3456459045, 125.84046936, 177.67098999, 61.1730575562, 23.2535095215, 27.5349884033, 9.05200767517, 1.53603303432, 12.6811876297], [-78.2465286255, 17.5457363129, 16.5435733795, 14.7696342468, 24.8715953827, 34.1411590576, 61.1730575562, 123.860832214, 73.446472168, 29.3000087738, 6.72953414917, -11.1457481384, -3.14107036591], [37.6800422668, -2.82003307343, -15.0225601196, -5.74493360519, 20.4595851898, 9.72040843964, 23.2535095215, 73.446472168, 123.974128723, 46.0576248169, -6.05583238602, -11.8622941971, 3.37672567368], [-24.1759796143, -3.9741165638, 7.16560697556, 10.8020191193, 6.07763767242, 21.5078582764, 27.5349884033, 29.3000087738, 46.0576248169, 78.6901931763, 32.6283798218, 2.85626077652, -3.38033747673], [-13.2089366913, -8.34553050995, 30.1843719482, 12.5538101196, -1.86697113514, -1.92797720432, 9.05200767517, 6.72953414917, -6.05583238602, 32.6283798218, 102.738265991, 52.1430435181, 6.994389534], [-12.3891744614, 4.843105793, 45.1105117798, 22.0260620117, 19.6613636017, 10.0233535767, 1.53603303432, -11.1457481384, -11.8622941971, 2.85626077652, 52.1430435181, 112.72718811, 55.5939826965], [71.1522979736, 23.5464096069, 19.9361782074, 22.3373184204, 33.6259918213, 23.367893219, 12.6811876297, -3.14107036591, 3.37672567368, -3.38033747673, 6.994389534, 55.5939826965, 119.757232666]],
        "icov": [[0.000157752831001, 0.000113577028969, 0.0001360909082, 5.3267191106e-005, -0.000279968138784, 4.85243481307e-006, 1.86249253602e-005, 0.000157675909577, -0.000103364793176, 8.86352790985e-005, -0.00011268396338, 0.000101613150036, -0.000103995051177], [0.000113577028969, 0.00103928241879, 0.000314942677505, 0.000266038288828, -0.000938041834161, -2.84891411866e-005, -7.48279271647e-005, -6.2832259573e-005, 0.000248515279964, 1.81211689778e-005, -4.71110797662e-005, 6.3223989855e-005, -0.000131744687678], [0.0001360909082, 0.000314942677505, 0.0020159969572, -0.000364773324691, 0.000991496839561, -0.00156978401355, -0.00065891147824, 0.000334581622155, -0.000278525083559, 0.000751035055146, -0.000442524033133, -0.000578674196731, 1.96421278815e-005], [5.3267191106e-005, 0.000266038288828, -0.000364773324691, 0.00523063028231, -0.00304465438239, 0.000345274776919, 8.03402217571e-005, -0.0007534159231, 0.00152779894415, -0.00118599564303, 6.333917554e-005, -0.000178473768756, -0.000237008949625], [-0.000279968138784, -0.000938041834161, 0.000991496839561, -0.00304465438239, 0.00807765126228, -0.0041951588355, 0.00125733565073, -0.000376807758585, -0.00157689477783, 0.00141290877946, -0.000137596842251, -0.000846238457598, -0.000353677372914], [4.85243481307e-006, -2.84891411866e-005, -0.00156978401355, 0.000345274776919, -0.0041951588355, 0.0142855290323, -0.00830929074436, 0.000630426686257, 0.00177339627407, -0.00294128013775, 0.00261090719141, -0.000457804067992, -0.000586496957112], [1.86249253602e-005, -7.48279271647e-005, -0.00065891147824, 8.03402217571e-005, 0.00125733565073, -0.00830929074436, 0.0136331981048, -0.00492956023663, 0.00121573754586, -0.00113225670066, -0.000854861573316, 0.000987493200228, -0.000680973636918], [0.000157675909577, -6.2832259573e-005, 0.000334581622155, -0.0007534159231, -0.000376807758585, 0.000630426686257, -0.00492956023663, 0.0158848427236, -0.00941715575755, 0.00241134269163, -0.00275134900585, 0.00155819486827, 0.000695861235727], [-0.000103364793176, 0.000248515279964, -0.000278525083559, 0.00152779894415, -0.00157689477783, 0.00177339627407, 0.00121573754586, -0.00941715575755, 0.0174713470042, -0.00979985389858, 0.00495802704245, -0.000615684140939, -0.00127805920783], [8.86352790985e-005, 1.81211689778e-005, 0.000751035055146, -0.00118599564303, 0.00141290877946, -0.00294128013775, -0.00113225670066, 0.00241134269163, -0.00979985389858, 0.0225163698196, -0.00921254605055, 0.00253703631461, 0.000672494235914], [-0.00011268396338, -4.71110797662e-005, -0.000442524033133, 6.333917554e-005, -0.000137596842251, 0.00261090719141, -0.000854861573316, -0.00275134900585, 0.00495802704245, -0.00921254605055, 0.0177353676409, -0.0089482376352, 0.00240390514955], [0.000101613150036, 6.3223989855e-005, -0.000578674196731, -0.000178473768756, -0.000846238457598, -0.000457804067992, 0.000987493200228, 0.00155819486827, -0.000615684140939, 0.00253703631461, -0.0089482376352, 0.0168928056955, -0.00691036414355], [-0.000103995051177, -0.000131744687678, 1.96421278815e-005, -0.000237008949625, -0.000353677372914, -0.000586496957112, -0.000680973636918, 0.000695861235727, -0.00127805920783, 0.000672494235914, 0.00240390514955, -0.00691036414355, 0.011905528605]]
    },
    "spectral_contrast_coeffs": {
        "mean": [-0.612470448017, -0.735499501228, -0.752429068089, -0.767917692661, -0.781768381596, -0.779387772083],
        "var": [0.00681966776028, 0.00581136532128, 0.00687902700156, 0.0047432356514, 0.00392226316035, 0.000853267323691]
    },
    "spectral_contrast_valleys": {
        "mean": [-7.45444011688, -7.11153793335, -7.83631801605, -8.22705554962, -8.212433815, -10.6215047836],
        "var": [1.42208456993, 1.05256927013, 1.01744568348, 1.16578054428, 1.09302258492, 1.30068993568]
    }
},
"metadata": {
    "audio_properties": {
        "analysis_sample_rate": 44100,
        "bit_rate": 128074,
        "equal_loudness": 0,
        "length": 45.0612258911,
        "lossless": 0,
        "replay_gain": -5.84250450134,
        "sample_rate": 44100,
        "codec": "mp3",
        "downmix": "mix",
        "md5_encoded": "30fec6dc6a04087d527a5e7f332608d2"
    },
    "tags": {
        "file_name": "1863.mp3"
    },
    "version": {
        "essentia": "2.1-beta2",
        "essentia_git_sha": "v2.1_beta2",
        "extractor": "music 1.0"
    }
},
"rhythm": {
    "beats_count": 78,
    "beats_loudness": {
        "mean": 0.0436110235751,
        "var": 0.000949802692048
    },
    "bpm": 105.445480347,
    "bpm_histogram_first_peak_bpm": {
        "mean": 105,
        "var": 0
    },
    "bpm_histogram_first_peak_spread": {
        "mean": 0.630769193172,
        "var": 0
    },
    "bpm_histogram_first_peak_weight": {
        "mean": 0.311688303947,
        "var": 0
    },
    "bpm_histogram_second_peak_bpm": {
        "mean": 99,
        "var": 0
    },
    "bpm_histogram_second_peak_spread": {
        "mean": 0,
        "var": 0
    },
    "bpm_histogram_second_peak_weight": {
        "mean": 0.0909090861678,
        "var": 0
    },
    "danceability": 1.24011743069,
    "onset_rate": 4.12585687637,
    "beats_loudness_band_ratio": {
        "mean": [0.54933488369, 0.253788888454, 0.166223019361, 0.0768377333879, 0.0622203275561, 0.0272441338748],
        "var": [0.055922228843, 0.0329891815782, 0.0186039116234, 0.00403432175517, 0.00641744118184, 0.000619427359197]
    },
    "beats_position": [0.580498874187, 1.19582760334, 1.79954648018, 2.39165520668, 2.97215414047, 3.55265307426, 4.1099319458, 4.66721057892, 5.23609972, 5.80498838425, 6.37387752533, 6.93115615845, 7.50004529953, 8.08054447174, 8.63782310486, 9.2067117691, 9.79882049561, 10.379319191, 10.9365987778, 11.5287075043, 12.0975961685, 12.6664848328, 13.235373497, 13.7926530838, 14.3383216858, 14.8839902878, 15.4064397812, 15.9404983521, 16.4977779388, 17.0434455872, 17.600725174, 18.2044448853, 18.7617225647, 19.3190021515, 19.8762817383, 20.45677948, 21.037279129, 21.6177768707, 22.221496582, 22.825214386, 23.4289340973, 24.0326519012, 24.6131515503, 25.1820411682, 25.7509288788, 26.3082084656, 26.865486145, 27.4343757629, 27.9916553497, 28.5605430603, 29.1294326782, 29.7099323273, 30.2788200378, 30.8593196869, 31.4398174286, 32.0203170776, 32.5892066956, 33.1580963135, 33.7269821167, 34.3074836731, 34.8879814148, 35.4568710327, 36.0257606506, 36.5946464539, 37.1635360718, 37.7324256897, 38.3129234314, 38.8934249878, 39.4507026672, 40.0079803467, 40.5652618408, 41.1225395203, 41.703037262, 42.2835350037, 42.8640365601, 43.432926178, 44.0018119812, 44.5823135376]
},
"tonal": {
    "chords_changes_rate": 0.0504115223885,
    "chords_number_rate": 0.00823045242578,
    "chords_strength": {
        "mean": 0.511590361595,
        "var": 0.00828774925321
    },
    "hpcp_entropy": {
        "mean": 1.95129203796,
        "var": 0.671313107014
    },
    "key_strength": 0.605304598808,
    "tuning_diatonic_strength": 0.564436137676,
    "tuning_equal_tempered_deviation": 0.0405148081481,
    "tuning_frequency": 442.804626465,
    "tuning_nontempered_energy_ratio": 0.719825446606,
    "hpcp": {
        "mean": [0.253559023142, 0.16823078692, 0.0622098483145, 0.0506497733295, 0.0538504235446, 0.092683441937, 0.149075090885, 0.119612321258, 0.0682728514075, 0.0632254481316, 0.0554479174316, 0.0662321075797, 0.0899081304669, 0.0778241679072, 0.0784829780459, 0.13698528707, 0.134317725897, 0.0794238820672, 0.0648457631469, 0.0686322301626, 0.163189828396, 0.274638682604, 0.212989106774, 0.118600577116, 0.08766746521, 0.068208552897, 0.108376562595, 0.155315905809, 0.16850733757, 0.278176009655, 0.352288931608, 0.223156392574, 0.114071026444, 0.109820909798, 0.108346179128, 0.173989474773],
        "var": [0.124146401882, 0.0564871579409, 0.0174543894827, 0.0171236712486, 0.0197662785649, 0.0298187844455, 0.0620977468789, 0.0431792736053, 0.0212265420705, 0.0246690567583, 0.0212241206318, 0.0209214519709, 0.0362554267049, 0.0258450508118, 0.0217086020857, 0.0505632534623, 0.0500428415835, 0.0266221016645, 0.0275946799666, 0.0288530234247, 0.0528687089682, 0.127296462655, 0.0733928754926, 0.0455122441053, 0.0351769514382, 0.0275560170412, 0.0448604933918, 0.0719606280327, 0.0621188431978, 0.104220360518, 0.15745767951, 0.0859766304493, 0.039909645915, 0.0400161407888, 0.0396557152271, 0.0680676102638]
    },
    "chords_histogram": [9.05349826813, 4.11522626877, 4.01234579086, 22.8395061493, 13.7860078812, 0.308641970158, 0.411522626877, 0, 0, 0, 0, 0, 0, 0, 0, 0, 0, 0, 0, 0.102880656719, 0, 8.23045253754, 9.97942352295, 27.1604938507],
    "thpcp": [1, 0.633447051048, 0.32379963994, 0.311735332012, 0.307549208403, 0.493882894516, 0.719747364521, 0.477536410093, 0.176587581635, 0.143773391843, 0.152858689427, 0.2630892694, 0.423161447048, 0.339529037476, 0.193797886372, 0.179470434785, 0.157393306494, 0.188005074859, 0.255211353302, 0.220910057425, 0.222780138254, 0.388843566179, 0.381271481514, 0.225450977683, 0.184069827199, 0.194818019867, 0.463227242231, 0.779583632946, 0.604586422443, 0.336657106876, 0.248851031065, 0.193615376949, 0.307635456324, 0.440876483917, 0.478321403265, 0.789624631405],
    "chords_key": "E",
    "chords_scale": "minor",
    "key_key": "G",
    "key_scale": "major"
}
}