{
"lowlevel": {
    "average_loudness": 0.958418607712,
    "barkbands_crest": {
        "mean": 8.32516288757,
        "var": 14.0260705948
    },
    "barkbands_flatness_db": {
        "mean": 0.0953092947602,
        "var": 0.00180016749073
    },
    "barkbands_kurtosis": {
        "mean": 4.45959186554,
        "var": 62.2327804565
    },
    "barkbands_skewness": {
        "mean": 1.78376531601,
        "var": 1.30310511589
    },
    "barkbands_spread": {
        "mean": 27.5412502289,
        "var": 144.417129517
    },
    "dissonance": {
        "mean": 0.477462619543,
        "var": 0.000196690671146
    },
    "dynamic_complexity": 1.52653622627,
    "erbbands_crest": {
        "mean": 6.78178501129,
        "var": 11.1598968506
    },
    "erbbands_flatness_db": {
        "mean": 0.112462282181,
        "var": 0.000475218461361
    },
    "erbbands_kurtosis": {
        "mean": -0.617010593414,
        "var": 0.486072033644
    },
    "erbbands_skewness": {
        "mean": 0.215006321669,
        "var": 0.194408550858
    },
    "erbbands_spread": {
        "mean": 54.2814979553,
        "var": 150.296615601
    },
    "hfc": {
        "mean": 24.425359726,
        "var": 149.365402222
    },
    "melbands_crest": {
        "mean": 12.5598211288,
        "var": 19.9272289276
    },
    "melbands_flatness_db": {
        "mean": 0.164983317256,
        "var": 0.00349518819712
    },
    "melbands_kurtosis": {
        "mean": 17.6150474548,
        "var": 368.514923096
    },
    "melbands_skewness": {
        "mean": 3.23178935051,
        "var": 2.18778204918
    },
    "melbands_spread": {
        "mean": 25.1898517609,
        "var": 272.804626465
    },
    "pitch_salience": {
        "mean": 0.616035103798,
        "var": 0.0119111761451
    },
    "silence_rate_20dB": {
        "mean": 1,
        "var": 0
    },
    "silence_rate_30dB": {
        "mean": 0.999485075474,
        "var": 0.000514646992087
    },
    "silence_rate_60dB": {
        "mean": 0.00360453152098,
        "var": 0.00359145365655
    },
    "spectral_centroid": {
        "mean": 1469.5144043,
        "var": 271213.03125
    },
    "spectral_complexity": {
        "mean": 24.2796077728,
        "var": 77.5401992798
    },
    "spectral_decrease": {
        "mean": -8.99939855969e-009,
        "var": 3.90183741919e-017
    },
    "spectral_energy": {
        "mean": 0.0361812822521,
        "var": 0.00057604664471
    },
    "spectral_energyband_high": {
        "mean": 0.00145757361315,
        "var": 7.48107936488e-007
    },
    "spectral_energyband_low": {
        "mean": 0.0157846100628,
        "var": 0.000374615512555
    },
    "spectral_energyband_middle_high": {
        "mean": 0.00440653413534,
        "var": 8.82696349436e-006
    },
    "spectral_energyband_middle_low": {
        "mean": 0.0162632521242,
        "var": 0.000184281700058
    },
    "spectral_entropy": {
        "mean": 7.89721488953,
        "var": 0.0579798035324
    },
    "spectral_flux": {
        "mean": 0.110423251987,
        "var": 0.00245759822428
    },
    "spectral_kurtosis": {
        "mean": 2.2848880291,
        "var": 3.26990890503
    },
    "spectral_rms": {
        "mean": 0.00565672107041,
        "var": 3.30035140905e-006
    },
    "spectral_rolloff": {
        "mean": 1460.02258301,
        "var": 1455219.625
    },
    "spectral_skewness": {
        "mean": 1.22022211552,
        "var": 0.0500325746834
    },
    "spectral_spread": {
        "mean": 5370542.5,
        "var": 1.53762411315e+012
    },
    "spectral_strongpeak": {
        "mean": 0.713610589504,
        "var": 1.16205704212
    },
    "zerocrossingrate": {
        "mean": 0.0713438764215,
        "var": 0.000882720516529
    },
    "barkbands": {
        "mean": [0.0007073059096, 0.00853780470788, 0.00495219044387, 0.00354196806438, 0.00564183294773, 0.00211266241968, 0.00207500183024, 0.00165813753847, 0.00102164328564, 0.000519106921274, 0.000221460693865, 0.000247372459853, 0.000364617531886, 0.00040570643614, 0.000644993619062, 0.00070884131128, 0.000470643281005, 0.000365953397704, 0.000399130076403, 0.000306428701151, 0.00035385217052, 0.000344489933923, 0.000270588265266, 0.000187484663911, 8.68799834279e-005, 3.28247551806e-005, 2.37558811023e-006],
        "var": [1.52560278366e-006, 0.000224794479436, 3.5575711081e-005, 1.77977162821e-005, 7.00392993167e-005, 5.07616459799e-006, 6.25074972049e-006, 3.14775206789e-006, 1.17363401841e-006, 4.40664194912e-007, 5.4006704886e-008, 6.03934608989e-008, 1.85073602665e-007, 3.47369393694e-007, 1.1722703448e-006, 1.40451038533e-006, 8.38038829443e-007, 1.48631045249e-007, 1.36613010682e-007, 9.68155688952e-008, 8.18174825667e-008, 7.04680616082e-008, 3.51694460221e-008, 1.55409569658e-008, 5.01067365377e-009, 1.16636289516e-009, 6.55307969347e-012]
    },
    "erbbands": {
        "mean": [0.231518685818, 1.95189845562, 5.45074748993, 9.57291793823, 17.579870224, 15.7452430725, 18.0586166382, 18.1426753998, 25.0403194427, 35.2921905518, 34.404510498, 27.0699291229, 18.9510917664, 11.9291582108, 9.41750907898, 11.2398929596, 17.8935565948, 19.5415744781, 28.8404560089, 45.2137145996, 27.4503288269, 26.0222949982, 20.2630996704, 18.3515300751, 18.8694057465, 15.7374582291, 14.6387376785, 13.0951805115, 12.2358493805, 10.182847023, 7.26512908936, 4.77049160004, 2.71606516838, 1.17096292973, 0.526629507542, 0.178580269217, 0.0522809028625, 0.010106892325, 0.000258671236224, 5.13825179951e-005],
        "var": [0.223607376218, 10.8498086929, 40.1844444275, 120.816375732, 750.813964844, 559.897277832, 499.184997559, 364.620391846, 881.046630859, 1511.21887207, 1561.06176758, 991.040588379, 507.07522583, 215.872650146, 104.19972229, 103.51398468, 481.66015625, 566.974853516, 1589.75415039, 4769.18896484, 961.363098145, 1910.98010254, 392.542907715, 263.765563965, 304.428924561, 355.313323975, 140.80229187, 95.2741394043, 106.648460388, 47.5957565308, 27.9385623932, 10.8921070099, 3.74244236946, 0.760898709297, 0.265010237694, 0.0337939672172, 0.00315779983066, 9.87976382021e-005, 5.29809618399e-008, 7.63808294391e-010]
    },
    "gfcc": {
        "mean": [50.7230415344, 77.5512161255, -105.277137756, 47.9647674561, -65.4303894043, 14.8485364914, -42.4620552063, 10.8304653168, -16.1440391541, 7.0901927948, -20.6643562317, -2.06199264526, -16.2522926331],
        "cov": [[2388.921875, -196.289535522, -124.461891174, 87.9696426392, -158.784194946, 10.9312429428, -129.926239014, -9.38457965851, -82.0643463135, 40.7600975037, -57.8334388733, 17.5936985016, -21.3468990326], [-196.289535522, 510.921478271, 161.054046631, 62.2754592896, 95.9593505859, -38.4539985657, 103.764503479, -64.7050170898, -16.4345645905, -60.0835113525, 39.708530426, -14.5951519012, 24.6206588745], [-124.461891174, 161.054046631, 334.856719971, 79.8437347412, 98.1998901367, 40.9895095825, 71.0849990845, 33.3972892761, -7.92561483383, 27.7238616943, 18.6608486176, 5.97517538071, -1.25101566315], [87.9696426392, 62.2754592896, 79.8437347412, 103.93069458, 49.5092544556, 27.4373874664, 25.5569572449, 0.845214366913, 6.34736156464, -8.01302719116, 9.7291431427, -3.9694545269, 2.92117738724], [-158.784194946, 95.9593505859, 98.1998901367, 49.5092544556, 129.018692017, 48.0367965698, 30.5624904633, 11.0286912918, 29.6801719666, -3.48224902153, 9.26709938049, -13.0329322815, 0.33572652936], [10.9312429428, -38.4539985657, 40.9895095825, 27.4373874664, 48.0367965698, 80.6954345703, 34.1589393616, 29.0505943298, 17.3768749237, 19.5204353333, -0.364850342274, -2.15227270126, -1.17922627926], [-129.926239014, 103.764503479, 71.0849990845, 25.5569572449, 30.5624904633, 34.1589393616, 115.738319397, 29.3487625122, -5.56171560287, 6.45918416977, 10.0207033157, 1.24088656902, 9.32046222687], [-9.38457965851, -64.7050170898, 33.3972892761, 0.845214366913, 11.0286912918, 29.0505943298, 29.3487625122, 81.6100692749, 40.9346504211, 29.5276432037, 2.02189731598, 4.09908819199, -9.30455207825], [-82.0643463135, -16.4345645905, -7.92561483383, 6.34736156464, 29.6801719666, 17.3768749237, -5.56171560287, 40.9346504211, 82.5732498169, 23.2227344513, 6.70918464661, -10.6844739914, -7.39363431931], [40.7600975037, -60.0835113525, 27.7238616943, -8.01302719116, -3.48224902153, 19.5204353333, 6.45918416977, 29.5276432037, 23.2227344513, 68.5718231201, 15.1678562164, 4.43404245377, -5.70112085342], [-57.8334388733, 39.708530426, 18.6608486176, 9.7291431427, 9.26709938049, -0.364850342274, 10.0207033157, 2.02189731598, 6.70918464661, 15.1678562164, 51.722328186, 18.9349956512, -2.49334144592], [17.5936985016, -14.5951519012, 5.97517538071, -3.9694545269, -13.0329322815, -2.15227270126, 1.24088656902, 4.09908819199, -10.6844739914, 4.43404245377, 18.9349956512, 45.0956993103, 19.4509830475], [-21.3468990326, 24.6206588745, -1.25101566315, 2.92117738724, 0.33572652936, -1.17922627926, 9.32046222687, -9.30455207825, -7.39363431931, -5.70112085342, -2.49334144592, 19.4509830475, 45.2068557739]],
        "icov": [[0.00092959869653, -0.00168027251493, 0.00129707274027, -0.00241911225021, 0.00153875630349, -0.00201809080318, 0.00311751756817, -0.0026088997256, 0.00272855814546, -0.00264192349277, 0.00253757811151, -0.00146167201456, 0.00118444615509], [-0.00168027251493, 0.0116811627522, -0.00617434363812, 0.00545043917373, -0.00581664219499, 0.0114127537236, -0.0150802405551, 0.0142861250788, -0.0106099490076, 0.0112074585631, -0.0108350543305, 0.00687587494031, -0.00516580138355], [0.00129707274027, -0.00617434363812, 0.00933624431491, -0.00705186650157, -0.00143237283919, -0.00361963687465, 0.00706077227369, -0.0104019111022, 0.0103932293132, -0.0104493563995, 0.00740228407085, -0.00563819333911, 0.00422497140244], [-0.00241911225021, 0.00545043917373, -0.00705186650157, 0.0208740066737, -0.00490404246375, 0.00204375130124, -0.00963733810931, 0.0101074203849, -0.0100633492693, 0.0121858157218, -0.0108633311465, 0.00667552137747, -0.00507821328938], [0.00153875630349, -0.00581664219499, -0.00143237283919, -0.00490404246375, 0.02126034908, -0.0151583729312, 0.00845715776086, -0.00380500266328, -0.00135731836781, 0.000224192554015, 0.00176189746708, 0.00159214471933, 0.000310052098939], [-0.00201809080318, 0.0114127537236, -0.00361963687465, 0.00204375130124, -0.0151583729312, 0.0338329076767, -0.019158218056, 0.00976436398923, -0.0085371574387, 0.00366295455024, -0.00502570858225, 0.00301611237228, -0.00295531470329], [0.00311751756817, -0.0150802405551, 0.00706077227369, -0.00963733810931, 0.00845715776086, -0.019158218056, 0.0345205701888, -0.0265381839126, 0.0208128411323, -0.0138846803457, 0.00951124727726, -0.00293095922098, 0.000799982401077], [-0.0026088997256, 0.0142861250788, -0.0104019111022, 0.0101074203849, -0.00380500266328, 0.00976436398923, -0.0265381839126, 0.0451220683753, -0.0290923509747, 0.0111807724461, -0.00639235554263, -0.00245820311829, 0.002445142949], [0.00272855814546, -0.0106099490076, 0.0103932293132, -0.0100633492693, -0.00135731836781, -0.0085371574387, 0.0208128411323, -0.0290923509747, 0.0373460277915, -0.0174458660185, 0.00616414379328, 0.00212001358159, 0.000848893483635], [-0.00264192349277, 0.0112074585631, -0.0104493563995, 0.0121858157218, 0.000224192554015, 0.00366295455024, -0.0138846803457, 0.0111807724461, -0.0174458660185, 0.0362300798297, -0.0204784180969, 0.010728999041, -0.00720020849258], [0.00253757811151, -0.0108350543305, 0.00740228407085, -0.0108633311465, 0.00176189746708, -0.00502570858225, 0.00951124727726, -0.00639235554263, 0.00616414379328, -0.0204784180969, 0.0445110313594, -0.0287545826286, 0.0178379155695], [-0.00146167201456, 0.00687587494031, -0.00563819333911, 0.00667552137747, 0.00159214471933, 0.00301611237228, -0.00293095922098, -0.00245820311829, 0.00212001358159, 0.010728999041, -0.0287545826286, 0.0500732883811, -0.0262881536037], [0.00118444615509, -0.00516580138355, 0.00422497140244, -0.00507821328938, 0.000310052098939, -0.00295531470329, 0.000799982401077, 0.002445142949, 0.000848893483635, -0.00720020849258, 0.0178379155695, -0.0262881536037, 0.0377227924764]]
    },
    "melbands": {
        "mean": [0.00224598310888, 0.00286024506204, 0.00192202394828, 0.00125900958665, 0.000644384825137, 0.000401256285841, 0.000396771851229, 0.000385120336432, 0.000261463486822, 0.000157184011186, 9.0414803708e-005, 4.87791039632e-005, 3.10271134367e-005, 2.72171891993e-005, 3.52011447831e-005, 3.5930705053e-005, 3.67043212464e-005, 4.19947027694e-005, 5.67120841879e-005, 5.97561920586e-005, 2.77234812529e-005, 2.87283401121e-005, 2.30372043006e-005, 1.44761688716e-005, 1.48915696627e-005, 1.48923500092e-005, 1.11291356006e-005, 1.02273079392e-005, 8.26700579637e-006, 9.52295067691e-006, 7.04927424522e-006, 6.9805359999e-006, 6.68133679937e-006, 5.23153585164e-006, 4.22149787482e-006, 3.51832909473e-006, 2.68045232588e-006, 2.04918546842e-006, 1.303394356e-006, 8.68134236498e-007],
        "var": [1.76694502443e-005, 1.2369482647e-005, 4.18781837652e-006, 4.23171877628e-006, 5.70223335217e-007, 1.71151611994e-007, 2.31110149684e-007, 1.57997121164e-007, 9.59974428838e-008, 3.45852875228e-008, 1.30491484285e-008, 3.79850995103e-009, 1.098566349e-009, 8.60390536594e-010, 1.25335786194e-009, 1.76948344865e-009, 2.79220579991e-009, 3.33847660627e-009, 9.1144647385e-009, 1.15021876468e-008, 1.35134226031e-009, 4.21819246199e-009, 9.74077041249e-010, 2.47339204673e-010, 2.22540805228e-010, 2.16755155491e-010, 1.07619683998e-010, 1.96959587528e-010, 4.85235601699e-011, 1.23717799894e-010, 2.44139240074e-011, 5.67389885076e-011, 3.1762995012e-011, 1.43667456404e-011, 1.07101263622e-011, 6.88541758331e-012, 4.32927565325e-012, 2.42672982403e-012, 9.60869296456e-013, 4.91980046112e-013]
    },
    "mfcc": {
        "mean": [-590.597167969, 100.163314819, 16.7167167664, 29.9100284576, 4.50528478622, 6.96402549744, -9.99115371704, 1.56885898113, 1.22582483292, 8.09452438354, 2.24116420746, 0.745046794415, -1.76025533676],
        "cov": [[1824.76477051, -213.228988647, -108.15952301, 3.27039122581, -84.2900238037, -17.5663833618, -73.2420120239, -73.9800186157, -56.2264442444, -28.7906723022, -37.3017196655, -33.4879875183, -42.250831604], [-213.228988647, 405.201843262, 106.630203247, 109.763519287, 22.9512062073, 44.1815032959, 68.2950897217, 25.0988502502, -1.95038449764, -34.1086120605, -10.7662906647, 5.23209476471, 6.18017053604], [-108.15952301, 106.630203247, 189.583435059, 81.6502532959, 42.8285942078, 33.3120689392, 58.0581283569, 20.2945747375, 20.1795883179, 2.12435460091, 25.6809616089, 16.9085464478, 4.20095157623], [3.27039122581, 109.763519287, 81.6502532959, 109.428718567, 23.116645813, 30.866519928, 39.2173843384, 14.798084259, 0.497238814831, -7.37997913361, 0.088902682066, 3.3285214901, -0.0500574335456], [-84.2900238037, 22.9512062073, 42.8285942078, 23.116645813, 131.726013184, 32.101890564, -5.51919031143, 19.8647842407, 5.36447763443, 34.8261985779, 13.5551204681, -1.42874372005, 10.806397438], [-17.5663833618, 44.1815032959, 33.3120689392, 30.866519928, 32.101890564, 75.1227645874, 42.8570175171, 10.9984779358, 12.6451969147, 6.62683820724, 0.00320122158155, -3.13748240471, 1.72883546352], [-73.2420120239, 68.2950897217, 58.0581283569, 39.2173843384, -5.51919031143, 42.8570175171, 96.7131729126, 27.1119766235, 19.9244594574, -9.41955280304, 9.91562461853, 13.8931465149, 1.07118904591], [-73.9800186157, 25.0988502502, 20.2945747375, 14.798084259, 19.8647842407, 10.9984779358, 27.1119766235, 62.5029067993, 20.5261192322, 10.7327013016, 6.60774278641, 4.56639575958, 9.01705169678], [-56.2264442444, -1.95038449764, 20.1795883179, 0.497238814831, 5.36447763443, 12.6451969147, 19.9244594574, 20.5261192322, 75.5730361938, 24.5459327698, 10.7296409607, 11.9569072723, 3.46436190605], [-28.7906723022, -34.1086120605, 2.12435460091, -7.37997913361, 34.8261985779, 6.62683820724, -9.41955280304, 10.7327013016, 24.5459327698, 73.0343093872, 29.758014679, 6.46040248871, 8.73103618622], [-37.3017196655, -10.7662906647, 25.6809616089, 0.088902682066, 13.5551204681, 0.00320122158155, 9.91562461853, 6.60774278641, 10.7296409607, 29.758014679, 64.321144104, 30.3641242981, 5.80238819122], [-33.4879875183, 5.23209476471, 16.9085464478, 3.3285214901, -1.42874372005, -3.13748240471, 13.8931465149, 4.56639575958, 11.9569072723, 6.46040248871, 30.3641242981, 52.4562759399, 14.1669960022], [-42.250831604, 6.18017053604, 4.20095157623, -0.0500574335456, 10.806397438, 1.72883546352, 1.07118904591, 9.01705169678, 3.46436190605, 8.73103618622, 5.80238819122, 14.1669960022, 39.9012832642]],
        "icov": [[0.000682873243932, 0.000445769546786, 0.000259746506345, -0.000834256003145, 0.000421150907641, -0.000415722897742, 0.000448893522844, 0.000332319963491, 0.000235425817664, 7.67188394093e-005, 7.12142209522e-005, -1.27149378386e-005, 0.000399379845476], [0.000445769546786, 0.00400529801846, -0.000424716708949, -0.00321989296935, 6.64017579766e-006, -0.000550556927919, -0.000610142480582, -0.000178001122549, 0.000360617152182, 0.00142838107422, 0.000583757122513, -0.000112543937576, -0.000417803501477], [0.000259746506345, -0.000424716708949, 0.0100740259513, -0.00575131736696, -0.00269277207553, 0.00136891729198, -0.00349824107252, 0.0014665737981, -0.00209398544393, 0.0016869060928, -0.003662051633, 0.000562894332688, -0.000149203682668], [-0.000834256003145, -0.00321989296935, -0.00575131736696, 0.0181780662388, -0.000768194615375, -0.00212524319068, -0.00150189246051, -0.00170084647834, 0.0020602971781, -0.00086651428137, 0.00229095038958, -0.00108031427953, 0.00102962227538], [0.000421150907641, 6.64017579766e-006, -0.00269277207553, -0.000768194615375, 0.0124478852376, -0.00653383554891, 0.00599814066663, -0.00365003780462, 0.00210845540278, -0.00438266992569, -0.000241554531385, 0.000332367111696, -0.00100380228832], [-0.000415722897742, -0.000550556927919, 0.00136891729198, -0.00212524319068, -0.00653383554891, 0.0237866267562, -0.0123207233846, 0.00378700508736, -0.00209237169474, -0.00200148904696, 0.00160681968555, 0.00379179790616, -0.0012481539743], [0.000448893522844, -0.000610142480582, -0.00349824107252, -0.00150189246051, 0.00599814066663, -0.0123207233846, 0.0231486987323, -0.00738410279155, -0.00158966123126, 0.00380073557608, -0.00243552890606, -0.00369068933651, 0.00186376832426], [0.000332319963491, -0.000178001122549, 0.0014665737981, -0.00170084647834, -0.00365003780462, 0.00378700508736, -0.00738410279155, 0.022141251713, -0.00437036389485, -0.00111789663788, -0.000320785067743, 0.0024043363519, -0.00394091708586], [0.000235425817664, 0.000360617152182, -0.00209398544393, 0.0020602971781, 0.00210845540278, -0.00209237169474, -0.00158966123126, -0.00437036389485, 0.0182396303862, -0.00726102013141, 0.00351702631451, -0.00445861974731, 0.00204321648926], [7.67188394093e-005, 0.00142838107422, 0.0016869060928, -0.00086651428137, -0.00438266992569, -0.00200148904696, 0.00380073557608, -0.00111789663788, -0.00726102013141, 0.0245232339948, -0.0120306871831, 0.00484012439847, -0.00359908211976], [7.12142209522e-005, 0.000583757122513, -0.003662051633, 0.00229095038958, -0.000241554531385, 0.00160681968555, -0.00243552890606, -0.000320785067743, 0.00351702631451, -0.0120306871831, 0.0296862255782, -0.0158371608704, 0.00414031464607], [-1.27149378386e-005, -0.000112543937576, 0.000562894332688, -0.00108031427953, 0.000332367111696, 0.00379179790616, -0.00369068933651, 0.0024043363519, -0.00445861974731, 0.00484012439847, -0.0158371608704, 0.0324171595275, -0.0106339324266], [0.000399379845476, -0.000417803501477, -0.000149203682668, 0.00102962227538, -0.00100380228832, -0.0012481539743, 0.00186376832426, -0.00394091708586, 0.00204321648926, -0.00359908211976, 0.00414031464607, -0.0106339324266, 0.030516596511]]
    },
    "spectral_contrast_coeffs": {
        "mean": [-0.644671320915, -0.767150878906, -0.796190083027, -0.800835549831, -0.803579986095, -0.738133072853],
        "var": [0.00575804524124, 0.00247885519639, 0.00204494176432, 0.00237045506947, 0.00115789426491, 0.000845753413159]
    },
    "spectral_contrast_valleys": {
        "mean": [-6.65764904022, -6.01669359207, -7.0090212822, -7.14376735687, -6.97450065613, -9.40835380554],
        "var": [0.618961274624, 0.444971501827, 0.411198467016, 0.417223542929, 0.454543292522, 0.49379336834]
    }
},
"metadata": {
    "audio_properties": {
        "analysis_sample_rate": 44100,
        "bit_rate": 128074,
        "equal_loudness": 0,
        "length": 45.0612258911,
        "lossless": 0,
        "replay_gain": -4.72015380859,
        "sample_rate": 44100,
        "codec": "mp3",
        "downmix": "mix",
        "md5_encoded": "62ef2bd52ba26964dc2eb4ee69a8fdc9"
    },
    "tags": {
        "file_name": "1864.mp3"
    },
    "version": {
        "essentia": "2.1-beta2",
        "essentia_git_sha": "v2.1_beta2",
        "extractor": "music 1.0"
    }
},
"rhythm": {
    "beats_count": 130,
    "beats_loudness": {
        "mean": 0.0386793799698,
        "var": 0.000312620948534
    },
    "bpm": 172.265640259,
    "bpm_histogram_first_peak_bpm": {
        "mean": 172,
        "var": 0
    },
    "bpm_histogram_first_peak_spread": {
        "mean": 0,
        "var": 0
    },
    "bpm_histogram_first_peak_weight": {
        "mean": 0.37209302187,
        "var": 0
    },
    "bpm_histogram_second_peak_bpm": {
        "mean": 178,
        "var": 0
    },
    "bpm_histogram_second_peak_spread": {
        "mean": 0,
        "var": 0
    },
    "bpm_histogram_second_peak_weight": {
        "mean": 0.271317839622,
        "var": 0
    },
    "danceability": 1.12310659885,
    "onset_rate": 2.61747932434,
    "beats_loudness_band_ratio": {
        "mean": [0.496532857418, 0.233594790101, 0.152309045196, 0.0511677674949, 0.0855107605457, 0.061181884259],
        "var": [0.0351610742509, 0.0163690671325, 0.00718390848488, 0.00126713281497, 0.00536115001887, 0.00146504677832]
    },
    "beats_position": [0.325079351664, 0.684988677502, 1.05650794506, 1.4164172411, 1.764716506, 2.10140585899, 2.43809509277, 2.79800438881, 3.15791368484, 3.52943301201, 3.87773227692, 4.21442174911, 4.55111122131, 4.88780021667, 5.23609972, 5.58439922333, 5.93269824982, 6.28099775314, 6.6176867485, 6.96598625183, 7.31428575516, 7.66258478165, 8.01088428497, 8.35918331146, 8.70748329163, 9.05578231812, 9.4040813446, 9.76399040222, 10.1239004135, 10.47219944, 10.8088884354, 11.1455783844, 11.4938774109, 11.8189563751, 12.1556463242, 12.4923353195, 12.8174142838, 13.1541042328, 13.4675731659, 13.7926530838, 14.1293420792, 14.4544210434, 14.7911109924, 15.1394100189, 15.4644899368, 15.7895689011, 16.114648819, 16.4397277832, 16.7880268097, 17.1247158051, 17.4614048004, 17.786485672, 18.1347846985, 18.483083725, 18.8081626892, 19.1564617157, 19.4931507111, 19.8298416138, 20.1781406403, 20.5264396667, 20.8747386932, 21.2230377197, 21.5597267151, 21.9196376801, 22.2795467377, 22.6510658264, 23.010974884, 23.3592739105, 23.6843528748, 23.9978218079, 24.3112926483, 24.6363716125, 24.9614505768, 25.2981395721, 25.6348285675, 25.9599094391, 26.2849884033, 26.6332874298, 26.9815864563, 27.3414955139, 27.7014045715, 28.0497055054, 28.3863945007, 28.7463035583, 29.0946025848, 29.4661216736, 29.8144207001, 30.1511096954, 30.4878005981, 30.8244895935, 31.1611785889, 31.5094776154, 31.8577766418, 32.2060775757, 32.5543746948, 32.9026756287, 33.2509727478, 33.5992736816, 33.9475746155, 34.2842636108, 34.6209526062, 34.9808616638, 35.3407707214, 35.6774597168, 36.0141487122, 36.362449646, 36.7107467651, 37.059047699, 37.3957366943, 37.7324256897, 38.0807266235, 38.4290237427, 38.7773246765, 39.1256217957, 39.4507026672, 39.7757797241, 40.1008605957, 40.4259414673, 40.7742385864, 41.099319458, 41.4360084534, 41.7726974487, 42.1093864441, 42.4460754395, 42.8059844971, 43.1658935547, 43.5374145508, 43.8857116699, 44.2456245422, 44.6055335999]
},
"tonal": {
    "chords_changes_rate": 0.0956790149212,
    "chords_number_rate": 0.0144032919779,
    "chords_strength": {
        "mean": 0.511069595814,
        "var": 0.00875433348119
    },
    "hpcp_entropy": {
        "mean": 2.4254052639,
        "var": 0.508480608463
    },
    "key_strength": 0.585320055485,
    "tuning_diatonic_strength": 0.456836253405,
    "tuning_equal_tempered_deviation": 0.316386938095,
    "tuning_frequency": 434.193115234,
    "tuning_nontempered_energy_ratio": 0.929311811924,
    "hpcp": {
        "mean": [0.226863622665, 0.230152308941, 0.172081574798, 0.129886344075, 0.115604139864, 0.113636851311, 0.153266981244, 0.20529602468, 0.200686976314, 0.175162449479, 0.162057861686, 0.144341826439, 0.176731184125, 0.24291215837, 0.21537335217, 0.153552159667, 0.155806288123, 0.150341972709, 0.113857723773, 0.0919192060828, 0.104962319136, 0.187901034951, 0.271375000477, 0.286529749632, 0.269069343805, 0.20035558939, 0.119381353259, 0.101929754019, 0.116970144212, 0.128812044859, 0.178690910339, 0.23366163671, 0.212074503303, 0.165478572249, 0.144043594599, 0.167027264833],
        "var": [0.0866790115833, 0.0795724987984, 0.0496457219124, 0.0395420826972, 0.0341073535383, 0.0316865928471, 0.0454759113491, 0.0676832944155, 0.0597566775978, 0.0577153712511, 0.0579245351255, 0.0423708744347, 0.0498552806675, 0.0790450125933, 0.0668308660388, 0.0409167893231, 0.0483062528074, 0.0489259213209, 0.0355588085949, 0.029503820464, 0.0323307923973, 0.0626325011253, 0.0979124605656, 0.0783736482263, 0.0783509090543, 0.0670152455568, 0.0385371781886, 0.029763136059, 0.0376514196396, 0.0403765290976, 0.0647193267941, 0.101022109389, 0.0798606425524, 0.0559951066971, 0.0416049100459, 0.0517966449261]
    },
    "chords_histogram": [29.3209877014, 3.80658435822, 4.62962961197, 0, 1.44032919407, 0, 0.205761313438, 2.26337456703, 3.18930029869, 3.18930029869, 0, 0, 0, 0.925925910473, 0, 4.52674913406, 5.65843629837, 3.90946507454, 12.3456792831, 16.6666660309, 4.01234579086, 0, 0, 3.90946507454],
    "thpcp": [1, 0.939062476158, 0.699248790741, 0.416645586491, 0.355738818645, 0.408230364323, 0.449559062719, 0.623638272285, 0.815488219261, 0.740148305893, 0.577526688576, 0.502717733383, 0.582931697369, 0.791762888432, 0.803240537643, 0.600571393967, 0.453308403492, 0.403462946415, 0.396597027779, 0.534907758236, 0.716491103172, 0.700405359268, 0.611323773861, 0.565588235855, 0.503758609295, 0.616798698902, 0.84777289629, 0.751661419868, 0.535903036594, 0.54377001524, 0.52469933033, 0.39736789465, 0.320801615715, 0.366322577, 0.655781924725, 0.947109341621],
    "chords_key": "A",
    "chords_scale": "major",
    "key_key": "A",
    "key_scale": "major"
}
}