{
"lowlevel": {
    "average_loudness": 0.959802925587,
    "barkbands_crest": {
        "mean": 11.3221206665,
        "var": 18.1665000916
    },
    "barkbands_flatness_db": {
        "mean": 0.189637422562,
        "var": 0.00172770849895
    },
    "barkbands_kurtosis": {
        "mean": 4.57352638245,
        "var": 54.1710395813
    },
    "barkbands_skewness": {
        "mean": 1.55030870438,
        "var": 1.49146533012
    },
    "barkbands_spread": {
        "mean": 14.4235191345,
        "var": 62.0037651062
    },
    "dissonance": {
        "mean": 0.443779826164,
        "var": 0.00172149366699
    },
    "dynamic_complexity": 3.76284337044,
    "erbbands_crest": {
        "mean": 10.8294429779,
        "var": 23.5644073486
    },
    "erbbands_flatness_db": {
        "mean": 0.203410044312,
        "var": 0.00234810239635
    },
    "erbbands_kurtosis": {
        "mean": 0.747863769531,
        "var": 5.05982637405
    },
    "erbbands_skewness": {
        "mean": 0.322374969721,
        "var": 0.526967823505
    },
    "erbbands_spread": {
        "mean": 29.0841464996,
        "var": 243.602584839
    },
    "hfc": {
        "mean": 11.7451467514,
        "var": 196.50970459
    },
    "melbands_crest": {
        "mean": 15.56021595,
        "var": 31.3042926788
    },
    "melbands_flatness_db": {
        "mean": 0.263745814562,
        "var": 0.00268436362967
    },
    "melbands_kurtosis": {
        "mean": 12.0697650909,
        "var": 279.84185791
    },
    "melbands_skewness": {
        "mean": 2.4204750061,
        "var": 2.8392970562
    },
    "melbands_spread": {
        "mean": 16.4349994659,
        "var": 134.93862915
    },
    "pitch_salience": {
        "mean": 0.487846165895,
        "var": 0.0133780343458
    },
    "silence_rate_20dB": {
        "mean": 1,
        "var": 0
    },
    "silence_rate_30dB": {
        "mean": 0.95571577549,
        "var": 0.0423228479922
    },
    "silence_rate_60dB": {
        "mean": 0.0911431536078,
        "var": 0.082836560905
    },
    "spectral_centroid": {
        "mean": 943.052246094,
        "var": 287799.375
    },
    "spectral_complexity": {
        "mean": 12.4979400635,
        "var": 40.1211204529
    },
    "spectral_decrease": {
        "mean": -6.9403101044e-009,
        "var": 9.79521671874e-017
    },
    "spectral_energy": {
        "mean": 0.0272596310824,
        "var": 0.0014717875747
    },
    "spectral_energyband_high": {
        "mean": 0.000183554846444,
        "var": 7.83079627809e-008
    },
    "spectral_energyband_low": {
        "mean": 0.0132209658623,
        "var": 0.000668092514388
    },
    "spectral_energyband_middle_high": {
        "mean": 0.00358522334136,
        "var": 2.27897289733e-005
    },
    "spectral_energyband_middle_low": {
        "mean": 0.0115154990926,
        "var": 0.000314668810461
    },
    "spectral_entropy": {
        "mean": 7.04866838455,
        "var": 0.157955512404
    },
    "spectral_flux": {
        "mean": 0.096625469625,
        "var": 0.00666193803772
    },
    "spectral_kurtosis": {
        "mean": 8.28959369659,
        "var": 59.1284828186
    },
    "spectral_rms": {
        "mean": 0.00435295328498,
        "var": 7.64654305385e-006
    },
    "spectral_rolloff": {
        "mean": 885.830932617,
        "var": 541111.8125
    },
    "spectral_skewness": {
        "mean": 1.98077321053,
        "var": 0.691335201263
    },
    "spectral_spread": {
        "mean": 3308320,
        "var": 1.78429834035e+012
    },
    "spectral_strongpeak": {
        "mean": 0.758366525173,
        "var": 1.01107406616
    },
    "zerocrossingrate": {
        "mean": 0.0351471975446,
        "var": 0.000347188557498
    },
    "barkbands": {
        "mean": [0.000144311037729, 0.00479876389727, 0.00721157621592, 0.00177111965604, 0.00283672777005, 0.00242676050402, 0.000598173006438, 0.00200303737074, 0.00150025589392, 0.000788343255408, 0.000638755387627, 0.000458039692603, 0.000506470387336, 0.000544351467397, 0.000238041611738, 0.000281957996776, 9.05556807993e-005, 5.94654229644e-005, 0.000137192648253, 0.000101924393675, 8.30686403788e-005, 1.56844998855e-005, 1.26253216877e-005, 7.45561328586e-006, 4.07283960158e-006, 8.8919495056e-007, 3.79749458546e-008],
        "var": [1.81822755962e-007, 0.000271209981292, 0.00013548762945, 1.61292118719e-005, 3.38166682923e-005, 2.93859411613e-005, 1.26063150674e-006, 3.95055612898e-005, 1.68377900991e-005, 3.3157202779e-006, 1.99841474569e-006, 1.54313408984e-006, 2.15576824303e-006, 1.70501471075e-006, 6.98668372934e-007, 8.1329750401e-007, 4.77982062819e-008, 1.12189164625e-008, 7.32944869242e-008, 3.671051374e-008, 2.39449331474e-008, 9.98025773136e-010, 1.24864163453e-009, 2.29176747024e-010, 6.79887049437e-011, 3.82779962241e-012, 8.3060982544e-015]
    },
    "erbbands": {
        "mean": [0.0956566035748, 1.32079672813, 6.86998605728, 8.13614845276, 6.23418140411, 10.5767030716, 14.7363405228, 21.9138278961, 11.6538724899, 15.499127388, 49.9442481995, 43.4591026306, 25.1630878448, 17.3445701599, 32.3550224304, 20.1394252777, 26.2228355408, 28.7396373749, 16.7088527679, 13.6856393814, 10.4050331116, 4.69520044327, 3.4293217659, 6.39247655869, 6.34251976013, 4.65501976013, 4.7800245285, 1.95918190479, 0.585509836674, 0.419552773237, 0.342826426029, 0.178767174482, 0.11758839339, 0.0597075931728, 0.0209980681539, 0.00531338760629, 0.0014088320313, 0.000237979373196, 1.87895657291e-005, 3.10134491883e-005],
        "var": [0.119655378163, 16.6777744293, 128.668045044, 197.326644897, 263.633514404, 550.40246582, 762.11126709, 3350.17602539, 461.076171875, 1244.39147949, 27118.2675781, 16032.1220703, 2949.97827148, 1730.24609375, 5126.64794922, 2565.84082031, 5292.03369141, 4880.01708984, 2526.33569336, 886.259216309, 867.066101074, 82.0825653076, 44.3978691101, 183.299194336, 194.855377197, 66.8160476685, 68.2495803833, 19.0762290955, 1.23871326447, 1.12916147709, 0.948823213577, 0.15516230464, 0.0532630495727, 0.0150270583108, 0.00188641820569, 0.000132448170916, 9.09702248464e-006, 2.72405998203e-007, 6.99864499687e-010, 1.83424631039e-009]
    },
    "gfcc": {
        "mean": [-64.2955322266, 142.414230347, -125.952224731, 26.8895187378, -50.0519790649, 11.3976678848, -27.8470592499, 1.12844288349, -25.1540164948, 0.0896834954619, -9.17948532104, -14.9122066498, -3.0038933754],
        "cov": [[6253.33251953, -435.093475342, -307.286376953, 297.464019775, -217.504684448, -3.6066467762, 33.0609817505, -52.3068389893, -214.989303589, 41.4167480469, -253.70010376, -7.39883947372, -165.125640869], [-435.093475342, 575.141052246, 33.1146736145, -273.832366943, 12.2252397537, -81.6193237305, 10.0438756943, -94.4473190308, 147.515777588, -33.1635246277, 78.2942810059, -26.9965744019, -19.7910423279], [-307.286376953, 33.1146736145, 654.442382813, 56.3629074097, -58.4028778076, 107.975456238, -162.786178589, -11.2322416306, 96.0020217896, -82.9478912354, -23.4101734161, 108.066894531, -115.847999573], [297.464019775, -273.832366943, 56.3629074097, 472.936859131, 113.185630798, 10.9526910782, 42.2867202759, 39.0126724243, -128.024200439, -46.4213142395, -73.3198852539, 10.8024940491, 57.5738296509], [-217.504684448, 12.2252397537, -58.4028778076, 113.185630798, 174.748519897, 37.8111610413, 41.2430496216, 8.06537246704, -21.6985855103, -14.2179222107, -9.06498622894, -12.2830095291, 41.6309890747], [-3.6066467762, -81.6193237305, 107.975456238, 10.9526910782, 37.8111610413, 180.672866821, 0.973098039627, 4.51405334473, -2.4239563942, -5.28202486038, -14.4904756546, 16.0496921539, -27.5149307251], [33.0609817505, 10.0438756943, -162.786178589, 42.2867202759, 41.2430496216, 0.973098039627, 191.738540649, 13.4521036148, -19.3454647064, 11.7571802139, -31.2038669586, -44.2722396851, 21.2674102783], [-52.3068389893, -94.4473190308, -11.2322416306, 39.0126724243, 8.06537246704, 4.51405334473, 13.4521036148, 124.421264648, 8.13952350616, -17.1842765808, -4.77737188339, -0.584148406982, 16.0282897949], [-214.989303589, 147.515777588, 96.0020217896, -128.024200439, -21.6985855103, -2.4239563942, -19.3454647064, 8.13952350616, 160.341583252, 2.22520232201, -2.47708797455, 28.919927597, -42.8102531433], [41.4167480469, -33.1635246277, -82.9478912354, -46.4213142395, -14.2179222107, -5.28202486038, 11.7571802139, -17.1842765808, 2.22520232201, 122.683013916, 42.4785499573, -14.7092638016, 11.867231369], [-253.70010376, 78.2942810059, -23.4101734161, -73.3198852539, -9.06498622894, -14.4904756546, -31.2038669586, -4.77737188339, -2.47708797455, 42.4785499573, 131.400909424, -3.41483330727, 19.583234787], [-7.39883947372, -26.9965744019, 108.066894531, 10.8024940491, -12.2830095291, 16.0496921539, -44.2722396851, -0.584148406982, 28.919927597, -14.7092638016, -3.41483330727, 113.793945313, -3.1462085247], [-165.125640869, -19.7910423279, -115.847999573, 57.5738296509, 41.6309890747, -27.5149307251, 21.2674102783, 16.0282897949, -42.8102531433, 11.867231369, 19.583234787, -3.1462085247, 112.852401733]],
        "icov": [[0.000281812885078, -0.000520767876878, 0.000619032187387, -0.00067772885086, 0.000853058008943, -0.00050998327788, 0.000490252743475, -0.000284187728539, 0.000457715825178, -0.000474550790386, 0.000712598790415, -0.000406885519624, 0.0008997177938], [-0.000520767876878, 0.00914813857526, -0.00349586643279, 0.00558049231768, -0.00586072308943, 0.00561067229137, -0.00449393317103, 0.00691649364308, -0.00612943805754, 0.00642288522795, -0.00605540815741, 0.00388434831984, -0.00404032040387], [0.000619032187387, -0.00349586643279, 0.00621572742239, -0.00495188869536, 0.00491647422314, -0.0048383907415, 0.00454705674201, -0.00155919708777, -0.000481832859805, -0.000581217871513, 0.00179874431342, -0.00300675141625, 0.00505329482257], [-0.00067772885086, 0.00558049231768, -0.00495188869536, 0.00908087007701, -0.00748640391976, 0.00553458416834, -0.00435921363533, 0.00235408404842, 0.000917878525797, 0.00314529216848, -0.00154162338004, 0.00184235698543, -0.00479450216517], [0.000853058008943, -0.00586072308943, 0.00491647422314, -0.00748640391976, 0.014167714864, -0.00739688565955, 0.00327801704407, -0.00279060611501, 0.000846398819704, -0.00224472070113, 0.00310184550472, -0.00182205426972, 0.00180347042624], [-0.00050998327788, 0.00561067229137, -0.0048383907415, 0.00553458416834, -0.00739688565955, 0.0115543473512, -0.00430601229891, 0.00288312253542, -0.000833395519294, 0.00228360760957, -0.00272136437707, 0.00165875779931, -0.00164266314823], [0.000490252743475, -0.00449393317103, 0.00454705674201, -0.00435921363533, 0.00327801704407, -0.00430601229891, 0.0103820227087, -0.00337641010992, 0.00144089828245, -0.00324456160888, 0.00468996725976, -0.000513555307407, 0.00314445281401], [-0.000284187728539, 0.00691649364308, -0.00155919708777, 0.00235408404842, -0.00279060611501, 0.00288312253542, -0.00337641010992, 0.0144845750183, -0.00730191683397, 0.00676524452865, -0.00540315872058, 0.00338607933372, -0.00414234353229], [0.000457715825178, -0.00612943805754, -0.000481832859805, 0.000917878525797, 0.000846398819704, -0.000833395519294, 0.00144089828245, -0.00730191683397, 0.0164645332843, -0.00651891250163, 0.00661824923009, -0.00502521917224, 0.00452474644408], [-0.000474550790386, 0.00642288522795, -0.000581217871513, 0.00314529216848, -0.00224472070113, 0.00228360760957, -0.00324456160888, 0.00676524452865, -0.00651891250163, 0.0155806643888, -0.00809447281063, 0.00328956125304, -0.00334882573225], [0.000712598790415, -0.00605540815741, 0.00179874431342, -0.00154162338004, 0.00310184550472, -0.00272136437707, 0.00468996725976, -0.00540315872058, 0.00661824923009, -0.00809447281063, 0.0153624070808, -0.0026675935369, 0.00131111021619], [-0.000406885519624, 0.00388434831984, -0.00300675141625, 0.00184235698543, -0.00182205426972, 0.00165875779931, -0.000513555307407, 0.00338607933372, -0.00502521917224, 0.00328956125304, -0.0026675935369, 0.013243585825, -0.00466829072684], [0.0008997177938, -0.00404032040387, 0.00505329482257, -0.00479450216517, 0.00180347042624, -0.00164266314823, 0.00314445281401, -0.00414234353229, 0.00452474644408, -0.00334882573225, 0.00131111021619, -0.00466829072684, 0.0177433714271]]
    },
    "melbands": {
        "mean": [0.00112916610669, 0.00305012660101, 0.00138821604196, 0.000586542068049, 0.000529827491846, 0.000479045906104, 0.000160457289894, 0.000211525344639, 0.000418200303102, 0.00023640737345, 0.000115859467769, 6.7378001404e-005, 9.32914263103e-005, 6.93141773809e-005, 5.9432197304e-005, 3.84450031561e-005, 5.97083308094e-005, 2.72211436823e-005, 1.50442483573e-005, 2.5739242119e-005, 8.37898733153e-006, 4.50189327239e-006, 4.38531378677e-006, 2.84041266241e-006, 5.51437233298e-006, 4.45497335022e-006, 3.88728267353e-006, 3.01681484416e-006, 3.26794770444e-006, 2.22546691475e-006, 8.02190641025e-007, 3.40690576195e-007, 2.18257767415e-007, 2.37454145235e-007, 2.10524092381e-007, 1.42664404734e-007, 9.78616583325e-008, 7.97215164994e-008, 7.78714621674e-008, 4.05449291918e-008],
        "var": [1.56577425514e-005, 3.13719428959e-005, 5.71363807467e-006, 1.73626551714e-006, 9.29001657823e-007, 1.40515214753e-006, 9.06571031578e-008, 2.68485649713e-007, 1.69214990819e-006, 5.23003734543e-007, 7.35033864885e-008, 3.33225287363e-008, 4.21814334572e-008, 3.18599298055e-008, 2.14422239964e-008, 9.14096709437e-009, 2.44605935507e-008, 5.83479264904e-009, 1.72294989387e-009, 6.93430823873e-009, 4.68025895817e-010, 7.13865772051e-011, 1.77899819875e-010, 2.92580473737e-011, 1.54865051338e-010, 1.12671254271e-010, 7.95944699039e-011, 3.46632618442e-011, 3.27624594121e-011, 2.09373542809e-011, 4.54917397155e-012, 5.07471885694e-013, 2.46528546275e-013, 4.08806804597e-013, 3.95766535863e-013, 1.334388329e-013, 5.22660257088e-014, 2.60584570144e-014, 2.89835226674e-014, 7.01427305995e-015]
    },
    "mfcc": {
        "mean": [-704.823791504, 166.340072632, -8.11454963684, 22.7095775604, 1.43946957588, 6.90465021133, 11.8271751404, -6.14752864838, 0.217986941338, 4.57805919647, -4.99974536896, 1.78921115398, -4.74208927155],
        "cov": [[5659.41210938, -554.857666016, -348.044219971, 294.853240967, -317.924255371, 127.111289978, 40.9647941589, -62.270690918, -40.0199165344, 22.6337738037, -71.6302032471, -133.537002563, -62.8492202759], [-554.857666016, 725.54309082, 28.8828296661, -259.53918457, -50.1436309814, -26.186580658, -165.177459717, -26.9040584564, -70.0235748291, -10.2555866241, 124.730583191, 26.0800495148, -0.3834810853], [-348.044219971, 28.8828296661, 631.721130371, -82.524597168, 140.851394653, 39.9462356567, -191.823425293, 147.06980896, -73.8417129517, -44.8537406921, 38.0887031555, 4.30145835876, 11.8013219833], [294.853240967, -259.53918457, -82.524597168, 385.642730713, 30.9609012604, 15.8001766205, 109.472869873, 20.9081745148, 71.5109863281, -4.56301927567, -120.578903198, -35.6132736206, 25.495349884], [-317.924255371, -50.1436309814, 140.851394653, 30.9609012604, 223.632949829, 5.13197565079, -12.5951786041, 60.1134757996, -9.29678916931, -7.07581615448, -42.5131225586, 2.00648069382, 9.25923919678], [127.111289978, -26.186580658, 39.9462356567, 15.8001766205, 5.13197565079, 199.176101685, 10.2117614746, 27.3073730469, 9.84267234802, 8.78249263763, 6.10247468948, -46.9694862366, 9.77458381653], [40.9647941589, -165.177459717, -191.823425293, 109.472869873, -12.5951786041, 10.2117614746, 254.574432373, -43.8938713074, 30.625995636, 41.7134132385, -51.7581558228, -4.35919237137, -29.0879039764], [-62.270690918, -26.9040584564, 147.06980896, 20.9081745148, 60.1134757996, 27.3073730469, -43.8938713074, 188.463867188, 36.4288139343, -29.4780750275, -14.9146356583, -12.1543922424, 40.3077735901], [-40.0199165344, -70.0235748291, -73.8417129517, 71.5109863281, -9.29678916931, 9.84267234802, 30.625995636, 36.4288139343, 144.489196777, 1.96244418621, -31.9332714081, -8.26389598846, 34.2043495178], [22.6337738037, -10.2555866241, -44.8537406921, -4.56301927567, -7.07581615448, 8.78249263763, 41.7134132385, -29.4780750275, 1.96244418621, 100.370758057, 18.4881305695, -7.23453235626, -20.2634849548], [-71.6302032471, 124.730583191, 38.0887031555, -120.578903198, -42.5131225586, 6.10247468948, -51.7581558228, -14.9146356583, -31.9332714081, 18.4881305695, 142.201522827, 35.6773262024, -36.426071167], [-133.537002563, 26.0800495148, 4.30145835876, -35.6132736206, 2.00648069382, -46.9694862366, -4.35919237137, -12.1543922424, -8.26389598846, -7.23453235626, 35.6773262024, 104.03288269, 23.5860843658], [-62.8492202759, -0.3834810853, 11.8013219833, 25.495349884, 9.25923919678, 9.77458381653, -29.0879039764, 40.3077735901, 34.2043495178, -20.2634849548, -36.426071167, 23.5860843658, 136.516983032]],
        "icov": [[0.000247014861088, 0.000236879335716, 0.000187094556168, -0.000139722615131, 0.00038084978587, -0.000160690848134, 0.000316612218739, -0.000131415741635, 0.000341138074873, -7.07598010194e-005, 6.38177443761e-005, 9.2942151241e-005, 0.00012123806664], [0.000236879335716, 0.00234427745454, 0.000617871526629, 0.000766618410125, 0.000331607734552, 1.55025882123e-005, 0.00129749684129, -7.79998299549e-005, 0.000800540088676, 7.86981763667e-005, -0.000915245851502, 0.000453829095932, -0.000316567631671], [0.000187094556168, 0.000617871526629, 0.0033026789315, 6.16325778537e-005, -0.00102099811193, -0.000697007519193, 0.00221105129458, -0.00197739899158, 0.00180724880192, 9.6898227639e-005, -0.000367710104911, -0.000295892124996, 0.000479550712043], [-0.000139722615131, 0.000766618410125, 6.16325778537e-005, 0.00443349126726, -0.000322520296322, -5.5202137446e-005, -0.000846772454679, -7.80300761107e-005, -0.00110816478264, 0.000254345650319, 0.00218585738912, 0.000301268300973, -0.00018044297758], [0.00038084978587, 0.000331607734552, -0.00102099811193, -0.000322520296322, 0.0066999560222, -0.000413678382756, 0.000339199643349, -0.00140835763887, 0.000979319913313, -0.00100670207758, 0.00282683083788, -0.00131128018256, 0.000974080874585], [-0.000160690848134, 1.55025882123e-005, -0.000697007519193, -5.5202137446e-005, -0.000413678382756, 0.00646607298404, -0.0013601455139, -7.39365495974e-005, -0.000381611491321, 1.73306907527e-005, -0.00241829198785, 0.0038985547144, -0.00192689069081], [0.000316612218739, 0.00129749684129, 0.00221105129458, -0.000846772454679, 0.000339199643349, -0.0013601455139, 0.00772897200659, -0.000407956016716, 0.000680504657794, -0.0022638393566, 0.00221751490608, -0.00205206032842, 0.00239776237868], [-0.000131415741635, -7.79998299549e-005, -0.00197739899158, -7.80300761107e-005, -0.00140835763887, -7.39365495974e-005, -0.000407956016716, 0.00840385071933, -0.00285900663584, 0.00163352093659, -0.00093493697932, 0.00150064134505, -0.00189256377053], [0.000341138074873, 0.000800540088676, 0.00180724880192, -0.00110816478264, 0.000979319913313, -0.000381611491321, 0.000680504657794, -0.00285900663584, 0.00995246320963, -0.000759415968787, 0.000195583168534, 0.000284316251054, -0.00144317699596], [-7.07598010194e-005, 7.86981763667e-005, 9.6898227639e-005, 0.000254345650319, -0.00100670207758, 1.73306907527e-005, -0.0022638393566, 0.00163352093659, -0.000759415968787, 0.0120936231688, -0.00316418008879, 0.0020048879087, -0.000191177925444], [6.38177443761e-005, -0.000915245851502, -0.000367710104911, 0.00218585738912, 0.00282683083788, -0.00241829198785, 0.00221751490608, -0.00093493697932, 0.000195583168534, -0.00316418008879, 0.014828350395, -0.0064977761358, 0.00494085252285], [9.2942151241e-005, 0.000453829095932, -0.000295892124996, 0.000301268300973, -0.00131128018256, 0.0038985547144, -0.00205206032842, 0.00150064134505, 0.000284316251054, 0.0020048879087, -0.0064977761358, 0.0151741905138, -0.00518619455397], [0.00012123806664, -0.000316567631671, 0.000479550712043, -0.00018044297758, 0.000974080874585, -0.00192689069081, 0.00239776237868, -0.00189256377053, -0.00144317699596, -0.000191177925444, 0.00494085252285, -0.00518619455397, 0.0110614262521]]
    },
    "spectral_contrast_coeffs": {
        "mean": [-0.630715548992, -0.728625655174, -0.738279402256, -0.734973847866, -0.788778245449, -0.767592728138],
        "var": [0.00738128367811, 0.00594149250537, 0.0061519718729, 0.0050142146647, 0.00341863883659, 0.00298493169248]
    },
    "spectral_contrast_valleys": {
        "mean": [-7.46500110626, -6.90920591354, -7.64490032196, -8.31563568115, -8.44300937653, -11.3676452637],
        "var": [0.944657444954, 0.961220920086, 0.910636365414, 0.967378437519, 0.972580373287, 0.875403106213]
    }
},
"metadata": {
    "audio_properties": {
        "analysis_sample_rate": 44100,
        "bit_rate": 128074,
        "equal_loudness": 0,
        "length": 45.0612258911,
        "lossless": 0,
        "replay_gain": -7.17883110046,
        "sample_rate": 44100,
        "codec": "mp3",
        "downmix": "mix",
        "md5_encoded": "1a62b5c1aab4dafe4f0165e33e5fcf0a"
    },
    "tags": {
        "file_name": "1865.mp3"
    },
    "version": {
        "essentia": "2.1-beta2",
        "essentia_git_sha": "v2.1_beta2",
        "extractor": "music 1.0"
    }
},
"rhythm": {
    "beats_count": 81,
    "beats_loudness": {
        "mean": 0.0445879846811,
        "var": 0.000772524683271
    },
    "bpm": 108.086143494,
    "bpm_histogram_first_peak_bpm": {
        "mean": 108,
        "var": 0
    },
    "bpm_histogram_first_peak_spread": {
        "mean": 0.499999970198,
        "var": 0
    },
    "bpm_histogram_first_peak_weight": {
        "mean": 0.425000011921,
        "var": 0
    },
    "bpm_histogram_second_peak_bpm": {
        "mean": 117,
        "var": 0
    },
    "bpm_histogram_second_peak_spread": {
        "mean": 0.333333343267,
        "var": 0
    },
    "bpm_histogram_second_peak_weight": {
        "mean": 0.0750000029802,
        "var": 0
    },
    "danceability": 1.79889559746,
    "onset_rate": 4.34767723083,
    "beats_loudness_band_ratio": {
        "mean": [0.641234099865, 0.165721356869, 0.10582164675, 0.0762816146016, 0.0292570833117, 0.0128671843559],
        "var": [0.029172886163, 0.00959364604205, 0.00771632324904, 0.00398028362542, 0.000736320274882, 0.000166256621014]
    },
    "beats_position": [0.592108845711, 1.20743763447, 1.78793644905, 2.38004541397, 2.94893407822, 3.50621318817, 4.06349182129, 4.60916090012, 5.15482997894, 5.71210861206, 6.25777769089, 6.80344676971, 7.36072540283, 7.91800451279, 8.47528362274, 9.03256225586, 9.58984088898, 10.1471195221, 10.7043991089, 11.2500677109, 11.807346344, 12.3530158997, 12.9102945328, 13.479183197, 14.0480718613, 14.6053514481, 15.1626300812, 15.7199087143, 16.2887973785, 16.8576869965, 17.4149665833, 17.9838542938, 18.5527439117, 19.1216316223, 19.6905212402, 20.2594108582, 20.8282985687, 21.3855781555, 21.942855835, 22.5001354218, 23.0574150085, 23.614692688, 24.1719722748, 24.7176418304, 25.2633094788, 25.8089790344, 26.3662586212, 26.9235363007, 27.4692058563, 28.0264854431, 28.5837631226, 29.1410427094, 29.686712265, 30.2323799133, 30.7896595001, 31.3469390869, 31.9042167664, 32.449886322, 32.9955558777, 33.5412254333, 34.0868911743, 34.6441726685, 35.1898422241, 35.7355079651, 36.2811775208, 36.8268470764, 37.3841247559, 37.94140625, 38.4986839294, 39.0211334229, 39.5668029785, 40.0776405334, 40.5884780884, 41.099319458, 41.6217689514, 42.1209983826, 42.6318359375, 43.1426734924, 43.6767349243, 44.1875724792, 44.7216300964]
},
"tonal": {
    "chords_changes_rate": 0.0576131679118,
    "chords_number_rate": 0.0102880662307,
    "chords_strength": {
        "mean": 0.527979493141,
        "var": 0.00570284202695
    },
    "hpcp_entropy": {
        "mean": 2.14060735703,
        "var": 0.363038241863
    },
    "key_strength": 0.514828681946,
    "tuning_diatonic_strength": 0.514009952545,
    "tuning_equal_tempered_deviation": 0.384668380022,
    "tuning_frequency": 452.892974854,
    "tuning_nontempered_energy_ratio": 0.959920287132,
    "hpcp": {
        "mean": [0.183450177312, 0.193910941482, 0.21887075901, 0.18832936883, 0.147319108248, 0.132674217224, 0.132630944252, 0.176382169127, 0.176770165563, 0.115326501429, 0.0894765928388, 0.117795966566, 0.16058447957, 0.194798216224, 0.200953558087, 0.146924436092, 0.0906172394753, 0.0844310522079, 0.129012718797, 0.243730962276, 0.282197713852, 0.16504496336, 0.0708811357617, 0.0493805743754, 0.0407141856849, 0.0334771759808, 0.0307273920625, 0.0539651587605, 0.142197757959, 0.169746637344, 0.0942534953356, 0.0524696931243, 0.0638552978635, 0.116355553269, 0.192134931684, 0.211904242635],
        "var": [0.0704674050212, 0.0825152471662, 0.104337513447, 0.0873578190804, 0.0623096898198, 0.0542154535651, 0.0525642223656, 0.069143563509, 0.0675268098712, 0.0351773127913, 0.0353161580861, 0.0389102101326, 0.0633683651686, 0.071952290833, 0.0870239138603, 0.0633467584848, 0.037521854043, 0.0356292240322, 0.045584872365, 0.087218657136, 0.108325771987, 0.0512965135276, 0.0213838052005, 0.0161431636661, 0.00875172391534, 0.00695442780852, 0.00634776800871, 0.00840459950268, 0.0468888990581, 0.064249150455, 0.019774666056, 0.0105367507786, 0.0172820016742, 0.0411280877888, 0.0745062381029, 0.0841084122658]
    },
    "chords_histogram": [6.79012346268, 0, 28.0864200592, 43.2098770142, 3.39506173134, 2.05761313438, 0, 0, 0, 0, 0, 0, 1.33744859695, 0, 0, 0, 3.08641982079, 0, 0, 3.49794244766, 0, 0, 6.89300394058, 1.64609050751],
    "thpcp": [1, 0.584855794907, 0.251175433397, 0.174985736609, 0.144275397062, 0.118630215526, 0.108886040747, 0.191231742501, 0.503894090652, 0.601516723633, 0.333998084068, 0.185932382941, 0.226278573275, 0.412319272757, 0.680852174759, 0.75090700388, 0.650076746941, 0.687145709991, 0.77559363842, 0.667366743088, 0.522042155266, 0.470146328211, 0.46999296546, 0.625030457973, 0.626405358315, 0.408672690392, 0.317070573568, 0.417423546314, 0.569049537182, 0.690289855003, 0.712101995945, 0.520643591881, 0.321112602949, 0.299191117287, 0.45717138052, 0.863688647747],
    "chords_key": "B",
    "chords_scale": "major",
    "key_key": "C#",
    "key_scale": "minor"
}
}