{
"lowlevel": {
    "average_loudness": 0.957604706287,
    "barkbands_crest": {
        "mean": 11.7039108276,
        "var": 15.4445810318
    },
    "barkbands_flatness_db": {
        "mean": 0.352264076471,
        "var": 0.00145532656461
    },
    "barkbands_kurtosis": {
        "mean": 6.42162275314,
        "var": 78.2259368896
    },
    "barkbands_skewness": {
        "mean": 1.91261279583,
        "var": 1.68031418324
    },
    "barkbands_spread": {
        "mean": 7.4014878273,
        "var": 17.0522232056
    },
    "dissonance": {
        "mean": 0.427417576313,
        "var": 0.00166058773175
    },
    "dynamic_complexity": 1.48939704895,
    "erbbands_crest": {
        "mean": 13.5471172333,
        "var": 28.8169574738
    },
    "erbbands_flatness_db": {
        "mean": 0.39134016633,
        "var": 0.000970197841525
    },
    "erbbands_kurtosis": {
        "mean": 1.58223676682,
        "var": 11.5056962967
    },
    "erbbands_skewness": {
        "mean": 0.995501577854,
        "var": 0.858021199703
    },
    "erbbands_spread": {
        "mean": 18.0996189117,
        "var": 77.9839630127
    },
    "hfc": {
        "mean": 15.9118080139,
        "var": 85.6417160034
    },
    "melbands_crest": {
        "mean": 14.922419548,
        "var": 23.0051059723
    },
    "melbands_flatness_db": {
        "mean": 0.410822600126,
        "var": 0.00176220701542
    },
    "melbands_kurtosis": {
        "mean": 12.2586803436,
        "var": 242.169921875
    },
    "melbands_skewness": {
        "mean": 2.4229195118,
        "var": 2.49783587456
    },
    "melbands_spread": {
        "mean": 9.97248744965,
        "var": 44.2246170044
    },
    "pitch_salience": {
        "mean": 0.529718339443,
        "var": 0.0104705803096
    },
    "silence_rate_20dB": {
        "mean": 1,
        "var": 0
    },
    "silence_rate_30dB": {
        "mean": 1,
        "var": 0
    },
    "silence_rate_60dB": {
        "mean": 0.00154479919001,
        "var": 0.00154241069686
    },
    "spectral_centroid": {
        "mean": 768.919128418,
        "var": 111916.820313
    },
    "spectral_complexity": {
        "mean": 14.3501548767,
        "var": 17.9669895172
    },
    "spectral_decrease": {
        "mean": -6.46606812538e-009,
        "var": 1.17904256562e-017
    },
    "spectral_energy": {
        "mean": 0.0258476752788,
        "var": 0.000186779012438
    },
    "spectral_energyband_high": {
        "mean": 1.20514499713e-007,
        "var": 1.49654003467e-015
    },
    "spectral_energyband_low": {
        "mean": 2.08168785321e-005,
        "var": 6.71394329022e-010
    },
    "spectral_energyband_middle_high": {
        "mean": 0.0051670530811,
        "var": 3.23845015373e-005
    },
    "spectral_energyband_middle_low": {
        "mean": 0.0216721184552,
        "var": 0.000166407087818
    },
    "spectral_entropy": {
        "mean": 6.38445806503,
        "var": 0.0806030854583
    },
    "spectral_flux": {
        "mean": 0.0616138875484,
        "var": 0.000691434950568
    },
    "spectral_kurtosis": {
        "mean": 27.7059783936,
        "var": 260.516906738
    },
    "spectral_rms": {
        "mean": 0.00487000169232,
        "var": 1.50030666646e-006
    },
    "spectral_rolloff": {
        "mean": 878.769775391,
        "var": 333222.3125
    },
    "spectral_skewness": {
        "mean": 2.71773862839,
        "var": 1.35794174671
    },
    "spectral_spread": {
        "mean": 1329801.5,
        "var": 1.03607841587e+012
    },
    "spectral_strongpeak": {
        "mean": 1.98004257679,
        "var": 1.70082604885
    },
    "zerocrossingrate": {
        "mean": 0.0342790037394,
        "var": 0.000217315784539
    },
    "barkbands": {
        "mean": [2.04689470706e-007, 6.27342842563e-007, 5.57690691494e-006, 9.54923161771e-005, 0.00278816954233, 0.00680334120989, 0.00474025355652, 0.00374559685588, 0.00218916637823, 0.00210194522515, 0.000713216839358, 0.000479081645608, 0.000398071890231, 0.000592721335124, 0.000219737776206, 0.000370840425603, 0.000217733308091, 0.000331253337208, 5.44040376553e-005, 1.54544039788e-007, 3.83602518639e-008, 2.11067767708e-008, 9.34972899103e-009, 1.72795253661e-008, 5.42647837776e-009, 1.12616937997e-009, 9.07136810113e-010],
        "var": [3.54659146018e-013, 6.57434122333e-013, 4.48104643669e-011, 1.9458004985e-008, 1.35890650199e-005, 5.25370342075e-005, 3.30746406689e-005, 2.41225679929e-005, 3.83759033866e-005, 2.13921084651e-005, 6.66851701681e-006, 1.20499328204e-006, 1.64424579907e-006, 2.85304145109e-006, 3.85975141626e-007, 5.57685325475e-007, 3.10286907279e-007, 2.53575592524e-007, 1.15395577538e-008, 1.41473263971e-014, 2.11807444134e-016, 5.29566818421e-017, 8.16859797332e-018, 2.4336146621e-017, 5.48210600888e-018, 1.57092610166e-018, 1.34004169132e-018]
    },
    "erbbands": {
        "mean": [3.06190559058e-005, 0.000322926120134, 0.00696118874475, 0.173442408442, 2.53866958618, 10.3742218018, 23.4613361359, 70.1606063843, 92.1063079834, 62.1434707642, 53.3503341675, 66.3831710815, 76.4908676147, 26.3887233734, 32.0859603882, 19.418138504, 24.209728241, 32.1948204041, 15.9561519623, 18.5671272278, 12.9240884781, 11.8438415527, 17.5416812897, 8.57565784454, 1.00944161415, 0.0430310331285, 0.00477186311036, 0.00174260814674, 0.000869223207701, 0.000459197675809, 0.000316025136271, 0.000577447935939, 0.000164286815561, 0.000100570745417, 4.48310092906e-005, 2.0909592422e-005, 1.04835216916e-005, 2.79915775536e-006, 1.29973086587e-005, 2.96241632896e-005],
        "var": [8.90304441281e-010, 7.03681948266e-008, 4.26585720561e-005, 0.0520840063691, 16.9860439301, 203.409729004, 849.338439941, 6141.86376953, 14361.1210938, 3718.10327148, 10458.7167969, 36754.0351563, 26645.5898438, 3527.24389648, 9631.16796875, 2091.5769043, 4998.21582031, 9394.98828125, 1325.58459473, 1554.64587402, 371.419616699, 481.104675293, 605.238220215, 259.34866333, 1.56720006466, 0.00238292082213, 1.16154096759e-005, 4.94387109029e-007, 7.80587896543e-008, 1.83503878759e-008, 6.64492327829e-009, 2.73917191151e-008, 1.55056600892e-009, 8.21974432963e-010, 2.87025681001e-010, 9.87747938996e-011, 2.87648412034e-011, 2.68533719566e-012, 4.57477805638e-011, 2.42323466848e-010]
    },
    "gfcc": {
        "mean": [-150.768936157, 203.851074219, -196.048858643, -63.845249176, -36.6389541626, -72.3916244507, -62.1759223938, -7.14184379578, -17.4872493744, -34.6493034363, 6.98205947876, -12.4158468246, -8.03820514679],
        "cov": [[1078.20153809, 232.44190979, -239.569335938, -102.206626892, 90.5478744507, -86.0688400269, -33.7947502136, -15.1587409973, -51.7591247559, -66.1087341309, -11.8132019043, -27.1378421783, -20.6812477112], [232.44190979, 130.013153076, 8.68455028534, -22.6216716766, 3.78649806976, 2.9404489994, 0.775882959366, -23.7638053894, -25.7029628754, -38.6573791504, -13.3265237808, -17.1790390015, -5.23610115051], [-239.569335938, 8.68455028534, 238.66204834, 96.4552383423, -66.4759140015, -66.0879592896, -32.7178001404, -0.00569217838347, 6.80740451813, 1.9593706131, 8.15257358551, 21.2809085846, 19.5246505737], [-102.206626892, -22.6216716766, 96.4552383423, 263.650848389, 53.3727798462, -76.8818969727, -93.1105575562, -8.79077529907, -7.78055238724, -19.0820960999, 8.31212902069, 13.7789258957, -5.52032804489], [90.5478744507, 3.78649806976, -66.4759140015, 53.3727798462, 134.707229614, 23.9405059814, -50.3071136475, -45.664604187, -11.3871650696, 8.84110927582, 2.98187160492, -9.50238323212, -23.2534236908], [-86.0688400269, 2.9404489994, -66.0879592896, -76.8818969727, 23.9405059814, 204.535552979, 59.3409461975, -46.9959945679, -22.8008384705, 6.32331895828, -21.4177856445, -34.8858566284, -25.6091957092], [-33.7947502136, 0.775882959366, -32.7178001404, -93.1105575562, -50.3071136475, 59.3409461975, 113.834159851, 46.870880127, -21.2328090668, -31.4361495972, -21.9254570007, -11.220369339, -3.27371263504], [-15.1587409973, -23.7638053894, -0.00569217838347, -8.79077529907, -45.664604187, -46.9959945679, 46.870880127, 88.3400802612, 19.8115997314, -27.353225708, -25.865278244, 1.99677455425, 9.44600582123], [-51.7591247559, -25.7029628754, 6.80740451813, -7.78055238724, -11.3871650696, -22.8008384705, -21.2328090668, 19.8115997314, 65.9716262817, 40.2467155457, -0.16361734271, -7.56660079956, 0.110241800547], [-66.1087341309, -38.6573791504, 1.9593706131, -19.0820960999, 8.84110927582, 6.32331895828, -31.4361495972, -27.353225708, 40.2467155457, 84.9042510986, 41.7026176453, -5.78142261505, -16.7167949677], [-11.8132019043, -13.3265237808, 8.15257358551, 8.31212902069, 2.98187160492, -21.4177856445, -21.9254570007, -25.865278244, -0.16361734271, 41.7026176453, 65.1412963867, 27.493598938, -7.79061746597], [-27.1378421783, -17.1790390015, 21.2809085846, 13.7789258957, -9.50238323212, -34.8858566284, -11.220369339, 1.99677455425, -7.56660079956, -5.78142261505, 27.493598938, 55.9972114563, 30.1317481995], [-20.6812477112, -5.23610115051, 19.5246505737, -5.52032804489, -23.2534236908, -25.6091957092, -3.27371263504, 9.44600582123, 0.110241800547, -16.7167949677, -7.79061746597, 30.1317481995, 58.4162406921]],
        "icov": [[0.00499708205462, -0.0104161109775, 0.00643250020221, 0.000954034214374, 0.000193256273633, 0.00311329006217, 0.00481470348313, -0.00491526536644, 0.00637339055538, -0.00519280973822, 0.00293030403554, -0.00214337487705, 0.00128042150754], [-0.0104161109775, 0.0378689132631, -0.0167720131576, 0.00383449788205, -0.0022022081539, -0.0047809118405, -0.00714447116479, 0.0177142731845, -0.0185896195471, 0.0322807580233, -0.0178928598762, 0.0177005957812, -0.00280616711825], [0.00643250020221, -0.0167720131576, 0.0174279678613, -0.00475788768381, 0.0073426226154, 0.006457939744, 0.00251197419129, -0.00119800283574, 0.00921249482781, -0.015578456223, 0.0128571167588, -0.00992754474282, 0.00294776516967], [0.000954034214374, 0.00383449788205, -0.00475788768381, 0.0124680455774, -0.00494489865378, -0.00178131379653, 0.0142774851993, -0.00852920673788, 0.00256058806553, 0.0134865334257, -0.0108788860962, 0.00807214248925, 0.00111996324267], [0.000193256273633, -0.0022022081539, 0.0073426226154, -0.00494489865378, 0.0173362549394, -0.000125030550407, 0.00404660729691, 0.00505377631634, 0.0041142012924, -0.00692070275545, 0.00998810119927, -0.00705281738192, 0.00618702312931], [0.00311329006217, -0.0047809118405, 0.006457939744, -0.00178131379653, -0.000125030550407, 0.017607729882, -0.0149644939229, 0.0177447497845, 1.6233396309e-005, -0.00815008860081, 0.0148208821192, -0.00529239187017, 0.00468233786523], [0.00481470348313, -0.00714447116479, 0.00251197419129, 0.0142774851993, 0.00404660729691, -0.0149644939229, 0.0546689666808, -0.0426958240569, 0.0248863622546, 0.00764802936465, -0.015611698851, 0.0107310013846, 0.00111644598655], [-0.00491526536644, 0.0177142731845, -0.00119800283574, -0.00852920673788, 0.00505377631634, 0.0177447497845, -0.0426958240569, 0.0655707642436, -0.034625377506, 0.0156430341303, 0.0150293530896, -0.00735703017563, 0.00657837325707], [0.00637339055538, -0.0185896195471, 0.00921249482781, 0.00256058806553, 0.0041142012924, 1.6233396309e-005, 0.0248863622546, -0.034625377506, 0.0572332218289, -0.0436918325722, 0.0216827336699, -0.007541409228, 0.00056192005286], [-0.00519280973822, 0.0322807580233, -0.015578456223, 0.0134865334257, -0.00692070275545, -0.00815008860081, 0.00764802936465, 0.0156430341303, -0.0436918325722, 0.0880652219057, -0.0621807053685, 0.0412025824189, -0.00515396893024], [0.00293030403554, -0.0178928598762, 0.0128571167588, -0.0108788860962, 0.00998810119927, 0.0148208821192, -0.015611698851, 0.0150293530896, 0.0216827336699, -0.0621807053685, 0.083529189229, -0.0561975762248, 0.0235685035586], [-0.00214337487705, 0.0177005957812, -0.00992754474282, 0.00807214248925, -0.00705281738192, -0.00529239187017, 0.0107310013846, -0.00735703017563, -0.007541409228, 0.0412025824189, -0.0561975762248, 0.068678304553, -0.0295426193625], [0.00128042150754, -0.00280616711825, 0.00294776516967, 0.00111996324267, 0.00618702312931, 0.00468233786523, 0.00111644598655, 0.00657837325707, 0.00056192005286, -0.00515396893024, 0.0235685035586, -0.0295426193625, 0.0368609130383]]
    },
    "melbands": {
        "mean": [1.78876703671e-007, 1.57119382038e-006, 7.78414032538e-005, 0.000422949844506, 0.000826273462735, 0.00166896369774, 0.0011822123779, 0.000747265701648, 0.0004120284284, 0.000380168901756, 0.000369085522834, 0.000102347999928, 0.000110761007818, 6.16451798123e-005, 4.13495763496e-005, 5.05955031258e-005, 5.98165897827e-005, 2.42534624704e-005, 1.90831106011e-005, 2.88913452096e-005, 1.34030387926e-005, 1.18152374853e-005, 1.56696860358e-005, 1.49212801261e-005, 6.31147077002e-006, 1.04565049242e-006, 6.27061282898e-008, 1.77131798118e-009, 1.44372414024e-009, 8.98177698883e-010, 7.21672444026e-010, 4.58531879133e-010, 2.83011780677e-010, 1.9599261103e-010, 1.48617909645e-010, 2.41394459977e-010, 3.26338150947e-010, 8.65547494788e-011, 7.71268673927e-011, 6.51601550494e-011],
        "var": [6.42864464461e-014, 3.10480417418e-012, 1.5677734666e-008, 3.28672598471e-007, 9.60752231549e-007, 3.06044512399e-006, 2.32946035794e-006, 6.7815329885e-007, 7.95673088305e-007, 1.30360626827e-006, 6.9972725214e-007, 5.54510641848e-008, 1.60519235237e-007, 1.39546711964e-008, 1.13239799759e-008, 1.92467481952e-008, 3.40931443077e-008, 3.19877480059e-009, 1.59982882497e-009, 4.61877291968e-009, 7.53340334558e-010, 9.37584565541e-010, 5.10206599191e-010, 5.53567303108e-010, 1.79967873937e-010, 1.55856870378e-012, 1.06290954296e-014, 2.44616766556e-018, 4.40929917991e-019, 1.4699365254e-019, 8.93607480891e-020, 2.98149884717e-020, 1.07270930567e-020, 4.96713920292e-021, 2.63540813486e-021, 5.0635659249e-021, 1.04436520265e-020, 8.11162167095e-022, 9.44198800351e-022, 7.61700916503e-022]
    },
    "mfcc": {
        "mean": [-773.463989258, 239.78692627, -80.1299591064, -28.3697528839, 13.9793510437, -67.2478561401, -41.7506980896, -3.76112699509, -37.3083152771, -23.9426555634, 0.149835333228, -20.7118816376, -15.0082855225],
        "cov": [[451.092102051, 237.392166138, -214.170715332, -78.7147750854, 63.8964080811, -28.5044612885, -2.32488918304, 40.8325881958, -30.9228668213, -22.9432086945, 6.11963415146, -43.7254829407, -36.8036956787], [237.392166138, 177.990615845, -45.8843231201, -67.1473693848, -16.4409770966, -16.1696796417, 2.15815186501, 14.8248567581, -10.3629703522, -10.8822393417, -8.71581077576, -25.4965744019, -13.3345470428], [-214.170715332, -45.8843231201, 233.04486084, 98.4586715698, -64.4376068115, -31.3935413361, -17.4116916656, -25.8464603424, 7.18955755234, -8.042345047, -25.6848983765, 14.653506279, 20.9280071259], [-78.7147750854, -67.1473693848, 98.4586715698, 234.003494263, 114.413841248, -71.3926467896, -69.6435089111, -12.0206699371, -36.9758605957, -47.7630500793, -7.54020738602, 5.58950424194, -6.31388902664], [63.8964080811, -16.4409770966, -64.4376068115, 114.413841248, 179.175247192, 32.2140846252, -47.0047454834, -30.0608711243, -44.3963851929, -35.3724136353, 8.90561389923, 5.60253190994, -13.3862609863], [-28.5044612885, -16.1696796417, -31.3935413361, -71.3926467896, 32.2140846252, 150.260681152, 64.059463501, -44.2122688293, -9.23480510712, 16.1978874207, 0.1600715518, 18.4430961609, 9.91474819183], [-2.32488918304, 2.15815186501, -17.4116916656, -69.6435089111, -47.0047454834, 64.059463501, 99.1274871826, 37.5139846802, 6.37171840668, 4.1010928154, -4.96647071838, 0.513659417629, -2.43045330048], [40.8325881958, 14.8248567581, -25.8464603424, -12.0206699371, -30.0608711243, -44.2122688293, 37.5139846802, 99.7498626709, 42.8439216614, -15.491566658, -13.3347434998, -14.4436359406, -16.5059814453], [-30.9228668213, -10.3629703522, 7.18955755234, -36.9758605957, -44.3963851929, -9.23480510712, 6.37171840668, 42.8439216614, 82.4515151978, 40.3015594482, -17.3347358704, -11.0402326584, 2.8774228096], [-22.9432086945, -10.8822393417, -8.042345047, -47.7630500793, -35.3724136353, 16.1978874207, 4.1010928154, -15.491566658, 40.3015594482, 73.7524871826, 26.6804790497, -6.54477262497, 2.19862556458], [6.11963415146, -8.71581077576, -25.6848983765, -7.54020738602, 8.90561389923, 0.1600715518, -4.96647071838, -13.3347434998, -17.3347358704, 26.6804790497, 64.1451721191, 31.9653244019, -5.59536218643], [-43.7254829407, -25.4965744019, 14.653506279, 5.58950424194, 5.60253190994, 18.4430961609, 0.513659417629, -14.4436359406, -11.0402326584, -6.54477262497, 31.9653244019, 68.9712753296, 32.4833908081], [-36.8036956787, -13.3345470428, 20.9280071259, -6.31388902664, -13.3862609863, 9.91474819183, -2.43045330048, -16.5059814453, 2.8774228096, 2.19862556458, -5.59536218643, 32.4833908081, 59.6725921631]],
        "icov": [[-1484.07348633, 2043.02880859, -1883.8001709, 1642.40930176, -1350.18005371, 1041.73120117, -749.519348145, 497.858184814, -301.239837646, 162.20930481, -74.8258590698, 27.3749046326, -6.47700309753], [2043.02880859, -2812.11010742, 2591.83666992, -2258.10400391, 1854.44177246, -1428.90222168, 1026.3729248, -680.383850098, 410.669433594, -220.479492188, 101.333099365, -36.9019203186, 8.67357826233], [-1883.8001709, 2591.83666992, -2385.61889648, 2073.82910156, -1697.68359375, 1302.66723633, -930.727478027, 612.991088867, -367.018798828, 195.118179321, -88.5559234619, 31.739736557, -7.28018856049], [1642.40930176, -2258.10400391, 2073.82910156, -1796.07226563, 1462.4074707, -1114.14746094, 788.72442627, -513.547241211, 303.046844482, -158.201797485, 70.1055755615, -24.3414230347, 5.30281829834], [-1350.18005371, 1854.44177246, -1697.68359375, 1462.4074707, -1181.35864258, 890.498291016, -621.57611084, 397.495635986, -229.067199707, 115.917793274, -49.1672325134, 16.0230731964, -3.098341465], [1041.73120117, -1428.90222168, 1302.66723633, -1114.14746094, 890.498291016, -661.416137695, 452.463378906, -281.65737915, 156.339172363, -75.0043563843, 29.2620296478, -8.2591381073, 1.08769762516], [-749.519348145, 1026.3729248, -930.727478027, 788.72442627, -621.57611084, 452.463378906, -300.696838379, 179.645187378, -93.6536331177, 40.5741043091, -12.9467802048, 2.07211780548, 0.462520211935], [497.858184814, -680.383850098, 612.991088867, -513.547241211, 397.495635986, -281.65737915, 179.645187378, -100.623023987, 46.8254966736, -15.9426040649, 1.89309811592, 1.85139584541, -1.35243952274], [-301.239837646, 410.669433594, -367.018798828, 303.046844482, -229.067199707, 156.339172363, -93.6536331177, 46.8254966736, -16.679807663, 1.25024139881, 4.02507257462, -3.63601136208, 1.65014064312], [162.20930481, -220.479492188, 195.118179321, -158.201797485, 115.917793274, -75.0043563843, 40.5741043091, -15.9426040649, 1.25024139881, 4.97199487686, -5.67964935303, 3.69466423988, -1.47302925587], [-74.8258590698, 101.333099365, -88.5559234619, 70.1055755615, -49.1672325134, 29.2620296478, -12.9467802048, 1.89309811592, 4.02507257462, -5.67964935303, 4.78231573105, -2.79178237915, 1.05813097954], [27.3749046326, -36.9019203186, 31.739736557, -24.3414230347, 16.0230731964, -8.2591381073, 2.07211780548, 1.85139584541, -3.63601136208, 3.69466423988, -2.79178237915, 1.57479095459, -0.586132228374], [-6.47700309753, 8.67357826233, -7.28018856049, 5.30281829834, -3.098341465, 1.08769762516, 0.462520211935, -1.35243952274, 1.65014064312, -1.47302925587, 1.05813097954, -0.586132228374, 0.236521348357]]
    },
    "spectral_contrast_coeffs": {
        "mean": [-0.423818558455, -0.626279354095, -0.719091415405, -0.772749483585, -0.559871554375, -0.841998934746],
        "var": [0.00582328345627, 0.00512557430193, 0.00500605208799, 0.00255600339733, 0.00346906017512, 0.000597720616497]
    },
    "spectral_contrast_valleys": {
        "mean": [-10.3188505173, -6.40791034698, -7.27022504807, -7.75952291489, -10.3330802917, -13.7929058075],
        "var": [0.308263301849, 0.434486329556, 0.426343977451, 0.344704598188, 0.261502802372, 0.232411146164]
    }
},
"metadata": {
    "audio_properties": {
        "analysis_sample_rate": 44100,
        "bit_rate": 64037,
        "equal_loudness": 0,
        "length": 45.0612258911,
        "lossless": 0,
        "replay_gain": -6.40711975098,
        "sample_rate": 44100,
        "codec": "mp3",
        "downmix": "mix",
        "md5_encoded": "55088b102d6913050475eb8716e34293"
    },
    "tags": {
        "file_name": "1867.mp3"
    },
    "version": {
        "essentia": "2.1-beta2",
        "essentia_git_sha": "v2.1_beta2",
        "extractor": "music 1.0"
    }
},
"rhythm": {
    "beats_count": 90,
    "beats_loudness": {
        "mean": 0.0298976041377,
        "var": 0.000200088426936
    },
    "bpm": 122.294937134,
    "bpm_histogram_first_peak_bpm": {
        "mean": 123,
        "var": 0
    },
    "bpm_histogram_first_peak_spread": {
        "mean": 0.426666647196,
        "var": 0
    },
    "bpm_histogram_first_peak_weight": {
        "mean": 0.483146071434,
        "var": 0
    },
    "bpm_histogram_second_peak_bpm": {
        "mean": 117,
        "var": 0
    },
    "bpm_histogram_second_peak_spread": {
        "mean": 0.428571403027,
        "var": 0
    },
    "bpm_histogram_second_peak_weight": {
        "mean": 0.0898876413703,
        "var": 0
    },
    "danceability": 1.13520789146,
    "onset_rate": 2.4400229454,
    "beats_loudness_band_ratio": {
        "mean": [0.0242860689759, 0.428919166327, 0.486467629671, 0.176186904311, 0.0544063672423, 0.0015624089865],
        "var": [0.00180539605208, 0.0517245978117, 0.0448033288121, 0.0304819960147, 0.00207439041696, 2.23376559916e-006]
    },
    "beats_position": [0.522448956966, 1.04489791393, 1.55573689938, 2.07818579674, 2.57741498947, 3.07664394379, 3.5758728981, 4.06349182129, 4.5627207756, 5.06195020676, 5.5727891922, 6.06040811539, 6.54802703857, 7.03564596176, 7.52326536179, 8.01088428497, 8.498503685, 8.98612213135, 9.47374153137, 9.96135997772, 10.4489793777, 10.9365987778, 11.4242172241, 11.9234466553, 12.4226751328, 12.9219045639, 13.3979139328, 13.8855323792, 14.361541748, 14.8375511169, 15.3367795944, 15.8360090256, 16.3352375031, 16.8344669342, 17.3336963654, 17.8329238892, 18.3205432892, 18.8197727203, 19.3190021515, 19.8182315826, 20.3058490753, 20.7818584442, 21.2810878754, 21.7803173065, 22.3027667999, 22.825214386, 23.3360538483, 23.8585033417, 24.369342804, 24.8801803589, 25.4026298523, 25.9134693146, 26.4243087769, 26.9351463318, 27.4227657318, 27.921995163, 28.3980045319, 28.8856239319, 29.3732414246, 29.8608608246, 30.3484802246, 30.8360996246, 31.3237190247, 31.8113365173, 32.2989578247, 32.7865753174, 33.2858047485, 33.7850341797, 34.2726516724, 34.7602729797, 35.2478904724, 35.7471199036, 36.2463493347, 36.7339668274, 37.2215881348, 37.7208137512, 38.2200431824, 38.7076644897, 39.1952819824, 39.6829032898, 40.1705207825, 40.6465301514, 41.134147644, 41.6217689514, 42.1093864441, 42.5970077515, 43.0846252441, 43.5722427368, 44.0598640442, 44.5474815369]
},
"tonal": {
    "chords_changes_rate": 0.0246913582087,
    "chords_number_rate": 0.00411522621289,
    "chords_strength": {
        "mean": 0.592003166676,
        "var": 0.00573927722871
    },
    "hpcp_entropy": {
        "mean": 1.56652522087,
        "var": 0.416238218546
    },
    "key_strength": 0.856415331364,
    "tuning_diatonic_strength": 0.664552688599,
    "tuning_equal_tempered_deviation": 0.017613619566,
    "tuning_frequency": 451.065460205,
    "tuning_nontempered_energy_ratio": 0.618826687336,
    "hpcp": {
        "mean": [0.0915712118149, 0.0682523995638, 0.0221235398203, 0.0170032195747, 0.0237085334957, 0.0976522266865, 0.164202839136, 0.120231792331, 0.257192760706, 0.385989427567, 0.194542735815, 0.0499088838696, 0.0447005145252, 0.0324792228639, 0.0461999252439, 0.0774343088269, 0.055033762008, 0.0212150271982, 0.0186076629907, 0.0377731211483, 0.180474668741, 0.329009503126, 0.215816512704, 0.0782646238804, 0.0943287014961, 0.0766099318862, 0.0489626899362, 0.0602479837835, 0.0545188263059, 0.300750553608, 0.583103597164, 0.327373206615, 0.0269253961742, 0.00940089579672, 0.0153801795095, 0.0477975271642],
        "var": [0.0275815520436, 0.0165581665933, 0.00548460800201, 0.00671157287434, 0.00685983756557, 0.0263935513794, 0.0670506805182, 0.0316322185099, 0.0798301994801, 0.168766438961, 0.0558930486441, 0.0206264927983, 0.0121312504634, 0.00731395930052, 0.0152991423383, 0.0379873216152, 0.0223230794072, 0.00598415452987, 0.00483453925699, 0.0124043403193, 0.0522933378816, 0.125847503543, 0.0740970149636, 0.0237963423133, 0.0333464704454, 0.0238107927144, 0.00838104169816, 0.023605812341, 0.0134782074019, 0.0484761036932, 0.138238132, 0.0607044734061, 0.00349286734127, 0.00092294003116, 0.00333331013098, 0.0103695075959]
    },
    "chords_histogram": [61.9341545105, 32.8189315796, 0.617283940315, 0, 0, 0, 0, 0, 0, 0, 0, 0, 0, 0, 0, 0, 0, 0, 0, 0, 0, 0, 2.36625504494, 2.26337456703],
    "thpcp": [1, 0.561432301998, 0.0461760088801, 0.0161221716553, 0.0263764094561, 0.0819709002972, 0.157041072845, 0.117050208151, 0.0379410125315, 0.0291598606855, 0.040659211576, 0.167469769716, 0.28160148859, 0.206192851067, 0.441075593233, 0.661956846714, 0.333633214235, 0.0855917930603, 0.0766596421599, 0.0557006038725, 0.0792310759425, 0.132796823978, 0.0943807587028, 0.0363829471171, 0.0319114178419, 0.0647794306278, 0.30950704217, 0.564238488674, 0.370116919279, 0.134220793843, 0.161770060658, 0.131383061409, 0.0839691087604, 0.103322952986, 0.0934976711869, 0.515775501728],
    "chords_key": "C",
    "chords_scale": "major",
    "key_key": "C",
    "key_scale": "major"
}
}