{
"lowlevel": {
    "average_loudness": 0.966711521149,
    "barkbands_crest": {
        "mean": 13.7329940796,
        "var": 19.1100845337
    },
    "barkbands_flatness_db": {
        "mean": 0.196399018168,
        "var": 0.00604664580896
    },
    "barkbands_kurtosis": {
        "mean": 16.4435081482,
        "var": 341.107177734
    },
    "barkbands_skewness": {
        "mean": 3.1252951622,
        "var": 2.39950013161
    },
    "barkbands_spread": {
        "mean": 14.241566658,
        "var": 201.260192871
    },
    "dissonance": {
        "mean": 0.444142520428,
        "var": 0.00177680468187
    },
    "dynamic_complexity": 2.05064940453,
    "erbbands_crest": {
        "mean": 9.99511814117,
        "var": 27.6589622498
    },
    "erbbands_flatness_db": {
        "mean": 0.142863094807,
        "var": 0.00508143752813
    },
    "erbbands_kurtosis": {
        "mean": 0.903217375278,
        "var": 9.84985542297
    },
    "erbbands_skewness": {
        "mean": 0.753617048264,
        "var": 0.752512276173
    },
    "erbbands_spread": {
        "mean": 51.6653289795,
        "var": 777.319946289
    },
    "hfc": {
        "mean": 20.5351791382,
        "var": 382.103820801
    },
    "melbands_crest": {
        "mean": 17.684381485,
        "var": 23.1566925049
    },
    "melbands_flatness_db": {
        "mean": 0.296184033155,
        "var": 0.00793395284563
    },
    "melbands_kurtosis": {
        "mean": 40.5906639099,
        "var": 1354.68395996
    },
    "melbands_skewness": {
        "mean": 4.56275463104,
        "var": 4.74777173996
    },
    "melbands_spread": {
        "mean": 9.31406879425,
        "var": 97.4915924072
    },
    "pitch_salience": {
        "mean": 0.475894153118,
        "var": 0.0115147111937
    },
    "silence_rate_20dB": {
        "mean": 1,
        "var": 0
    },
    "silence_rate_30dB": {
        "mean": 0.968074142933,
        "var": 0.0309061408043
    },
    "silence_rate_60dB": {
        "mean": 0.0159629248083,
        "var": 0.0157087985426
    },
    "spectral_centroid": {
        "mean": 759.367675781,
        "var": 292524.75
    },
    "spectral_complexity": {
        "mean": 13.2039136887,
        "var": 41.6648902893
    },
    "spectral_decrease": {
        "mean": -1.26933503708e-008,
        "var": 4.69265186329e-017
    },
    "spectral_energy": {
        "mean": 0.0497702695429,
        "var": 0.000714318652172
    },
    "spectral_energyband_high": {
        "mean": 0.00121793581638,
        "var": 4.78552829009e-006
    },
    "spectral_energyband_low": {
        "mean": 0.0297571644187,
        "var": 0.000465469056508
    },
    "spectral_energyband_middle_high": {
        "mean": 0.0023541811388,
        "var": 6.03920398135e-006
    },
    "spectral_energyband_middle_low": {
        "mean": 0.0181401968002,
        "var": 0.000229770012083
    },
    "spectral_entropy": {
        "mean": 7.21823453903,
        "var": 0.583120465279
    },
    "spectral_flux": {
        "mean": 0.0900226309896,
        "var": 0.00257249712013
    },
    "spectral_kurtosis": {
        "mean": 8.30346679688,
        "var": 254.095993042
    },
    "spectral_rms": {
        "mean": 0.00668708141893,
        "var": 3.83925407732e-006
    },
    "spectral_rolloff": {
        "mean": 640.870239258,
        "var": 1885877.375
    },
    "spectral_skewness": {
        "mean": 2.01265454292,
        "var": 1.50276100636
    },
    "spectral_spread": {
        "mean": 5779127,
        "var": 6.59936876954e+012
    },
    "spectral_strongpeak": {
        "mean": 0.687906205654,
        "var": 0.524926960468
    },
    "zerocrossingrate": {
        "mean": 0.0413296632469,
        "var": 0.00133457174525
    },
    "barkbands": {
        "mean": [0.00092750164913, 0.0199981294572, 0.00722591811791, 0.00321840471588, 0.0077765872702, 0.00176374427974, 0.00394117925316, 0.00062507588882, 0.000627649540547, 0.000567897339351, 0.000352903531166, 0.000299636332784, 0.000337601522915, 0.000168254235177, 0.000175539142219, 0.000146527963807, 0.000162682001246, 9.33983537834e-005, 8.88853901415e-005, 0.000157933740411, 0.000143347366247, 0.000293067365419, 0.000221271227929, 0.000155087123858, 0.000164857439813, 0.000125748512801, 1.14757913252e-005],
        "var": [2.62671778728e-006, 0.00027225073427, 0.000101187091786, 2.7302552553e-005, 7.22920231055e-005, 1.13102305477e-005, 4.7659563279e-005, 3.82593225368e-006, 5.45767079529e-006, 2.19003231905e-006, 4.21303610665e-007, 2.36858397784e-007, 4.71175013672e-007, 1.25711622445e-007, 1.16686635465e-007, 1.23920500528e-007, 6.47494786676e-008, 2.85792811638e-008, 3.15583754684e-008, 2.50631813969e-007, 8.20659096235e-008, 6.07723734447e-007, 4.35226979789e-007, 9.70259819155e-008, 8.47169872031e-008, 5.37169349002e-008, 8.54406934092e-010]
    },
    "erbbands": {
        "mean": [0.630355298519, 4.31129550934, 8.33596611023, 10.2318544388, 23.4559345245, 21.5478534698, 11.4999895096, 20.1140232086, 63.2995605469, 25.8478527069, 13.4254932404, 15.4024362564, 17.5682907104, 12.4371194839, 14.4156303406, 12.4967927933, 15.8493394852, 9.97909355164, 9.41099834442, 9.22463512421, 7.70935535431, 8.52555942535, 5.75812196732, 4.15325784683, 4.71801519394, 7.38275051117, 5.78167581558, 7.01539230347, 10.3950881958, 9.15585708618, 5.65232276917, 3.41183233261, 2.5674996376, 1.93573212624, 1.08390057087, 0.618559718132, 0.213508963585, 0.0436725914478, 0.00126366259065, 8.80716252141e-005],
        "var": [0.443805098534, 10.9549617767, 100.596664429, 131.06022644, 945.402038574, 462.707458496, 256.855712891, 1524.65039063, 12584.5927734, 5329.06005859, 885.651855469, 4123.17675781, 1955.70422363, 596.471191406, 547.710388184, 405.907562256, 888.484680176, 389.043518066, 236.141082764, 295.543151855, 176.79460144, 178.26461792, 76.0671386719, 92.8104324341, 75.3153991699, 472.952667236, 200.448760986, 261.074066162, 779.665405273, 708.238647461, 311.042510986, 82.3606719971, 21.1252803802, 12.5213756561, 3.67034268379, 1.31644690037, 0.16363966465, 0.00991330482066, 9.00938994164e-006, 6.39503738853e-009]
    },
    "gfcc": {
        "mean": [-1.41111898422, 100.324119568, -72.4869384766, 33.8654899597, -46.5870285034, 20.8439559937, -37.768913269, 1.56591713428, -24.6956424713, 5.10798597336, -17.6485004425, 8.85436153412, -12.589302063],
        "cov": [[7176.52490234, -2757.53637695, 624.148803711, 1017.13555908, -720.347351074, 693.901184082, -224.007904053, 601.609436035, -78.9003982544, 657.594299316, -110.283813477, 269.193023682, -202.469589233], [-2757.53637695, 2292.3515625, -525.368530273, -597.412902832, 450.349121094, -305.27444458, 203.292907715, -226.704925537, 186.194152832, -317.866149902, 153.673660278, -122.164894104, 227.211334229], [624.148803711, -525.368530273, 904.641906738, 329.608703613, 55.6180114746, 340.637237549, -17.618894577, 155.874694824, -5.45822906494, 118.481895447, 59.4325256348, 206.295013428, -25.5750083923], [1017.13555908, -597.412902832, 329.608703613, 640.323730469, -2.17485284805, 249.94694519, -32.7821540833, 69.3063812256, 37.268371582, 102.002433777, 75.3447113037, 86.4829940796, -1.70365965366], [-720.347351074, 450.349121094, 55.6180114746, -2.17485284805, 459.411468506, 86.8699035645, 56.357131958, -10.2368822098, 71.842880249, -67.5006713867, 67.5897903442, -6.9903421402, 67.6731033325], [693.901184082, -305.27444458, 340.637237549, 249.94694519, 86.8699035645, 377.304107666, 46.7154121399, 128.319564819, 36.9612541199, 85.1737060547, 61.6067771912, 99.7117843628, 10.3368272781], [-224.007904053, 203.292907715, -17.618894577, -32.7821540833, 56.357131958, 46.7154121399, 176.62612915, 24.4285755157, 30.3632946014, 2.58617329597, 34.3436164856, -7.15218114853, 23.651922226], [601.609436035, -226.704925537, 155.874694824, 69.3063812256, -10.2368822098, 128.319564819, 24.4285755157, 193.361984253, 35.6731643677, 95.6109924316, 21.4162921906, 48.9523658752, 9.55142688751], [-78.9003982544, 186.194152832, -5.45822906494, 37.268371582, 71.842880249, 36.9612541199, 30.3632946014, 35.6731643677, 151.440200806, 36.2158126831, 57.346572876, 11.3402032852, 50.8923912048], [657.594299316, -317.866149902, 118.481895447, 102.002433777, -67.5006713867, 85.1737060547, 2.58617329597, 95.6109924316, 36.2158126831, 184.859161377, 22.9330101013, 35.5552864075, -20.8305797577], [-110.283813477, 153.673660278, 59.4325256348, 75.3447113037, 67.5897903442, 61.6067771912, 34.3436164856, 21.4162921906, 57.346572876, 22.9330101013, 146.016418457, 49.4869995117, 42.1937103271], [269.193023682, -122.164894104, 206.295013428, 86.4829940796, -6.9903421402, 99.7117843628, -7.15218114853, 48.9523658752, 11.3402032852, 35.5552864075, 49.4869995117, 139.966186523, 17.8854064941], [-202.469589233, 227.211334229, -25.5750083923, -1.70365965366, 67.6731033325, 10.3368272781, 23.651922226, 9.55142688751, 50.8923912048, -20.8305797577, 42.1937103271, 17.8854064941, 103.547653198]],
        "icov": [[0.000483737007016, 2.98991380987e-005, 0.000408815074479, -0.000498548150063, 0.000406718230806, -0.000574145466089, 0.000457043206552, -0.000894074270036, 0.000336383003742, -0.000800687412266, 0.00058937742142, -0.000499132205732, 0.000262260320596], [2.98991380987e-005, 0.00193559378386, -6.88027503202e-005, 0.00133345974609, -0.000745217665099, 0.000610756163951, -0.00115309248213, 0.0010824194178, -0.00168464728631, 0.00166603794787, -0.00173906970304, 0.000560192274861, -0.00181918300223], [0.000408815074479, -6.88027503202e-005, 0.00277579203248, -0.000953456969, -0.000144252568134, -0.00149176851846, 0.000703921250533, -0.00140657834709, 0.00093546602875, -0.00103284337092, 0.000938590790611, -0.00307815219276, 0.00131406530272], [-0.000498548150063, 0.00133345974609, -0.000953456969, 0.00397386308759, -0.000579439336434, -0.000452276522992, -0.000436995673226, 0.00241747987457, -0.0018617027672, 0.0014699442545, -0.00274003879167, 0.00146089296322, -0.00169535039458], [0.000406718230806, -0.000745217665099, -0.000144252568134, -0.000579439336434, 0.00386531837285, -0.0018174671568, 0.000651262002066, -0.000753622851335, -0.000205636883038, 0.00015168475511, 0.000191061975784, 0.000850045704283, -0.000131756867631], [-0.000574145466089, 0.000610756163951, -0.00149176851846, -0.000452276522992, -0.0018174671568, 0.00697212060913, -0.00243796780705, -0.000671393761877, -0.000793521816377, 0.00115841964725, -0.00118917110376, -0.000574919453356, -0.000521188252605], [0.000457043206552, -0.00115309248213, 0.000703921250533, -0.000436995673226, 0.000651262002066, -0.00243796780705, 0.00801570899785, -0.00204758672044, 0.00101281015668, -0.00172289460897, 0.000131745895487, 0.000450132909464, 0.000790426682215], [-0.000894074270036, 0.0010824194178, -0.00140657834709, 0.00241747987457, -0.000753622851335, -0.000671393761877, -0.00204758672044, 0.0111345071346, -0.0024355945643, -0.000977560179308, -0.00135625642724, 0.00100051797926, -0.00305053358898], [0.000336383003742, -0.00168464728631, 0.00093546602875, -0.0018617027672, -0.000205636883038, -0.000793521816377, 0.00101281015668, -0.0024355945643, 0.0117693506181, -0.00455088168383, -7.86148302723e-005, -0.000422633485869, -0.00183329777792], [-0.000800687412266, 0.00166603794787, -0.00103284337092, 0.0014699442545, 0.00015168475511, 0.00115841964725, -0.00172289460897, -0.000977560179308, -0.00455088168383, 0.0121437106282, -0.00352645758539, 0.00148860900663, 0.000676161784213], [0.00058937742142, -0.00173906970304, 0.000938590790611, -0.00274003879167, 0.000191061975784, -0.00118917110376, 0.000131745895487, -0.00135625642724, -7.86148302723e-005, -0.00352645758539, 0.0128638911992, -0.00466760527343, 0.000137654860737], [-0.000499132205732, 0.000560192274861, -0.00307815219276, 0.00146089296322, 0.000850045704283, -0.000574919453356, 0.000450132909464, 0.00100051797926, -0.000422633485869, 0.00148860900663, -0.00466760527343, 0.01412760932, -0.00366573594511], [0.000262260320596, -0.00181918300223, 0.00131406530272, -0.00169535039458, -0.000131756867631, -0.000521188252605, 0.000790426682215, -0.00305053358898, -0.00183329777792, 0.000676161784213, 0.000137654860737, -0.00366573594511, 0.0163117572665]]
    },
    "melbands": {
        "mean": [0.005729730241, 0.00487457215786, 0.00211190967821, 0.00188104505651, 0.000482536037453, 0.000501105911098, 0.000872501113918, 0.000223727693083, 0.000106684485218, 9.41238104133e-005, 8.85209374246e-005, 5.31903060619e-005, 4.80584894831e-005, 3.35190670739e-005, 3.46698470821e-005, 3.44910076819e-005, 1.62144933711e-005, 1.5084819097e-005, 1.28929823404e-005, 1.23676973089e-005, 8.5629089881e-006, 9.13574058359e-006, 7.28887562218e-006, 3.88159060094e-006, 3.21256197822e-006, 3.48719640897e-006, 3.60437820746e-006, 5.45801822227e-006, 3.86296278521e-006, 3.52397114511e-006, 4.13900670537e-006, 5.82759003009e-006, 5.88517787037e-006, 4.90263664688e-006, 3.37297933584e-006, 2.58463478531e-006, 1.88181036265e-006, 1.74113188223e-006, 1.83188194569e-006, 1.56248393068e-006],
        "var": [2.6747755328e-005, 1.64860539371e-005, 5.30126453668e-006, 4.72672172691e-006, 3.63448378948e-007, 7.46656098727e-007, 2.24370273827e-006, 5.14064311119e-007, 7.30313018948e-008, 1.74709867906e-007, 5.14542115582e-008, 1.3869689397e-008, 8.27006463311e-009, 2.86476331546e-009, 4.13925693721e-009, 7.18516446341e-009, 1.52266743658e-009, 6.55640486347e-010, 7.97777954809e-010, 1.07706565888e-009, 1.88922655298e-010, 2.11687625762e-010, 1.2315623521e-010, 8.629960635e-011, 6.22593920863e-011, 5.16105908011e-011, 5.61027092838e-011, 3.65655006274e-010, 1.52426987698e-010, 5.47505721316e-011, 1.35719754879e-010, 2.62287802588e-010, 3.0358524028e-010, 2.2087986995e-010, 1.10912799778e-010, 9.08497027607e-011, 2.05157123928e-011, 1.00160357439e-011, 1.18882204428e-011, 8.6194471699e-012]
    },
    "mfcc": {
        "mean": [-661.087768555, 134.793777466, 33.4324493408, 24.9609069824, 15.9391946793, 19.5923614502, 1.43339943886, 4.76669454575, 0.10973585397, -9.30938816071, -0.822699666023, 1.82374048233, 2.62652087212],
        "cov": [[6357.57177734, -2509.34228516, 579.209472656, 325.248931885, -145.773605347, 150.45249939, 49.9713287354, -20.4286899567, 103.682258606, 440.062744141, 198.891357422, -0.623218953609, 234.625427246], [-2509.34228516, 2149.62109375, -526.269714355, -255.472610474, 75.9623718262, -85.6606140137, -11.2014837265, 61.016998291, 63.7249717712, -186.83833313, -79.2121887207, 55.8335762024, -34.3977851868], [579.209472656, -526.269714355, 635.281860352, 123.922554016, 84.4800186157, 146.493743896, 77.3957138062, 101.088279724, -6.96313905716, 41.0435562134, 45.0903053284, 18.1819133759, 102.511505127], [325.248931885, -255.472610474, 123.922554016, 277.468902588, 97.6731948853, 85.5791625977, 24.9862709045, 22.1721229553, -6.05186843872, 31.0359992981, 13.1573467255, 29.4596843719, 31.0246429443], [-145.773605347, 75.9623718262, 84.4800186157, 97.6731948853, 393.101043701, 144.392684937, 61.0616874695, 95.6576843262, 20.1888484955, 38.1811561584, 29.6904678345, 21.3046340942, 27.518409729], [150.45249939, -85.6606140137, 146.493743896, 85.5791625977, 144.392684937, 225.818252563, 75.684135437, 82.42578125, 17.9088401794, 43.4227790833, 49.7903709412, 31.2708320618, 39.5347099304], [49.9713287354, -11.2014837265, 77.3957138062, 24.9862709045, 61.0616874695, 75.684135437, 176.730682373, 75.2375717163, 7.34471321106, 38.906665802, 28.7558250427, 21.2574062347, 33.4392204285], [-20.4286899567, 61.016998291, 101.088279724, 22.1721229553, 95.6576843262, 82.42578125, 75.2375717163, 163.237564087, 23.851228714, 9.19367027283, 16.3856868744, 15.4333429337, 37.3820114136], [103.682258606, 63.7249717712, -6.96313905716, -6.05186843872, 20.1888484955, 17.9088401794, 7.34471321106, 23.851228714, 118.469947815, 49.1402740479, 15.1485271454, 1.66992890835, 22.4099025726], [440.062744141, -186.83833313, 41.0435562134, 31.0359992981, 38.1811561584, 43.4227790833, 38.906665802, 9.19367027283, 49.1402740479, 185.437866211, 57.0255737305, 0.886596620083, 39.1819915771], [198.891357422, -79.2121887207, 45.0903053284, 13.1573467255, 29.6904678345, 49.7903709412, 28.7558250427, 16.3856868744, 15.1485271454, 57.0255737305, 107.993217468, 18.4797267914, 27.5747814178], [-0.623218953609, 55.8335762024, 18.1819133759, 29.4596843719, 21.3046340942, 31.2708320618, 21.2574062347, 15.4333429337, 1.66992890835, 0.886596620083, 18.4797267914, 106.4034729, 43.4388885498], [234.625427246, -34.3977851868, 102.511505127, 31.0246429443, 27.518409729, 39.5347099304, 33.4392204285, 37.3820114136, 22.4099025726, 39.1819915771, 27.5747814178, 43.4388885498, 123.756996155]],
        "icov": [[0.000363387458492, 0.000419362389948, 0.000124296348076, -5.07444419782e-005, 0.000152773733134, -3.87651271012e-005, 6.63269383949e-005, -9.13451367524e-005, -0.000325987115502, -0.000260615546722, -0.000121908669826, -1.0918695807e-005, -0.000501986825839], [0.000419362389948, 0.00132043974008, 0.000832388701383, 0.000537906656973, -0.000190703591215, -1.50817186295e-005, -3.86506253562e-005, -0.000549464544747, -0.000916190736461, 0.000543182017282, 8.7627558969e-005, -0.00049782654969, -0.000879598723259], [0.000124296348076, 0.000832388701383, 0.00287164724432, -0.00015902328596, 4.46471312898e-006, -0.000930843583774, -0.000139434472658, -0.00114065594971, 9.41382459132e-005, 0.000661058991682, -7.74615036789e-005, 0.000413912290242, -0.00201886589639], [-5.07444419782e-005, 0.000537906656973, -0.00015902328596, 0.00500448374078, -0.00104299711529, -0.00105223082937, 0.000112209454528, 0.000358040939318, 0.000205305594136, 1.47442588059e-005, 0.000872438482475, -0.00125241768546, -0.000244183029281], [0.000152773733134, -0.000190703591215, 4.46471312898e-006, -0.00104299711529, 0.00387043855153, -0.00175389193464, 0.000154384339112, -0.00122917059343, 5.89263909205e-005, -0.000749839062337, -8.80083534867e-005, 0.000256402796367, 0.000100704019133], [-3.87651271012e-005, -1.50817186295e-005, -0.000930843583774, -0.00105223082937, -0.00175389193464, 0.00807495601475, -0.00126353278756, -0.00153409177437, -0.000392014044337, -0.000154098044732, -0.00194634753279, -0.000997828319669, 0.000623023661319], [6.63269383949e-005, -3.86506253562e-005, -0.000139434472658, 0.000112209454528, 0.000154384339112, -0.00126353278756, 0.00788146443665, -0.0028722579591, 0.000956070725806, -0.00149009248707, -0.000384892482543, -0.000597982259933, -0.000347495544702], [-9.13451367524e-005, -0.000549464544747, -0.00114065594971, 0.000358040939318, -0.00122917059343, -0.00153409177437, -0.0028722579591, 0.010081387125, -0.00138043740299, 0.00105672935024, 0.0002663754276, 0.000554129190277, -0.000968618085608], [-0.000325987115502, -0.000916190736461, 9.41382459132e-005, 0.000205305594136, 5.89263909205e-005, -0.000392014044337, 0.000956070725806, -0.00138043740299, 0.0108752837405, -0.00302125117742, 0.000136662682053, 0.000664351333398, -0.000771693885326], [-0.000260615546722, 0.000543182017282, 0.000661058991682, 1.47442588059e-005, -0.000749839062337, -0.000154098044732, -0.00149009248707, 0.00105672935024, -0.00302125117742, 0.00889609381557, -0.00293477298692, 0.00107185542583, -0.00159858469851], [-0.000121908669826, 8.7627558969e-005, -7.74615036789e-005, 0.000872438482475, -8.80083534867e-005, -0.00194634753279, -0.000384892482543, 0.0002663754276, 0.000136662682053, -0.00293477298692, 0.0123942093924, -0.00155459961388, -0.00054571632063], [-1.0918695807e-005, -0.00049782654969, 0.000413912290242, -0.00125241768546, 0.000256402796367, -0.000997828319669, -0.000597982259933, 0.000554129190277, 0.000664351333398, 0.00107185542583, -0.00155459961388, 0.0122196199372, -0.00429298589006], [-0.000501986825839, -0.000879598723259, -0.00201886589639, -0.000244183029281, 0.000100704019133, 0.000623023661319, -0.000347495544702, -0.000968618085608, -0.000771693885326, -0.00159858469851, -0.00054571632063, -0.00429298589006, 0.0129604125395]]
    },
    "spectral_contrast_coeffs": {
        "mean": [-0.633523583412, -0.679349243641, -0.756057858467, -0.764167010784, -0.777695834637, -0.773267507553],
        "var": [0.0105390390381, 0.00923381187022, 0.00473771896213, 0.00315200886689, 0.00243142922409, 0.00213161366992]
    },
    "spectral_contrast_valleys": {
        "mean": [-6.55309486389, -7.08994626999, -7.79572677612, -8.23418426514, -8.35753154755, -10.239115715],
        "var": [1.464225173, 0.640747189522, 0.789866805077, 0.957463026047, 1.62809622288, 2.48271012306]
    }
},
"metadata": {
    "audio_properties": {
        "analysis_sample_rate": 44100,
        "bit_rate": 128074,
        "equal_loudness": 0,
        "length": 45.0612258911,
        "lossless": 0,
        "replay_gain": -5.14394187927,
        "sample_rate": 44100,
        "codec": "mp3",
        "downmix": "mix",
        "md5_encoded": "0f4f80d32245180f8bb5035d2198b01a"
    },
    "tags": {
        "file_name": "1868.mp3"
    },
    "version": {
        "essentia": "2.1-beta2",
        "essentia_git_sha": "v2.1_beta2",
        "extractor": "music 1.0"
    }
},
"rhythm": {
    "beats_count": 120,
    "beats_loudness": {
        "mean": 0.0630852878094,
        "var": 0.000846033508424
    },
    "bpm": 162.510574341,
    "bpm_histogram_first_peak_bpm": {
        "mean": 161,
        "var": 0
    },
    "bpm_histogram_first_peak_spread": {
        "mean": 0.144329890609,
        "var": 0
    },
    "bpm_histogram_first_peak_weight": {
        "mean": 0.697479009628,
        "var": 0
    },
    "bpm_histogram_second_peak_bpm": {
        "mean": 167,
        "var": 0
    },
    "bpm_histogram_second_peak_spread": {
        "mean": 0,
        "var": 0
    },
    "bpm_histogram_second_peak_weight": {
        "mean": 0.168067231774,
        "var": 0
    },
    "danceability": 1.15429186821,
    "onset_rate": 3.54912447929,
    "beats_loudness_band_ratio": {
        "mean": [0.651812434196, 0.23136228323, 0.10994374007, 0.0407965891063, 0.0202791951597, 0.0449803210795],
        "var": [0.0444675758481, 0.0299957878888, 0.0172512829304, 0.0036486540921, 0.000637335062493, 0.00359211489558]
    },
    "beats_position": [0.406349211931, 0.801088392735, 1.19582760334, 1.57895684242, 1.95047616959, 2.32199549675, 2.69351458549, 3.07664394379, 3.45977306366, 3.83129239082, 4.20281171799, 4.58594083786, 4.96907043457, 5.35219955444, 5.72371864319, 6.08362817764, 6.44353723526, 6.80344676971, 7.16335582733, 7.52326536179, 7.89478445053, 8.26630401611, 8.63782310486, 9.0093421936, 9.38086128235, 9.75238037109, 10.1239004135, 10.4954195023, 10.866938591, 11.2384576797, 11.6099767685, 11.9814968109, 12.3530158997, 12.7245349884, 13.0960540771, 13.4675731659, 13.8274831772, 14.1873922348, 14.5589113235, 14.9304304123, 15.301949501, 15.6734695435, 16.0449886322, 16.4165077209, 16.7880268097, 17.1595458984, 17.5310649872, 17.9025840759, 18.2741031647, 18.6456241608, 19.0171432495, 19.4002723694, 19.760181427, 20.1317005157, 20.5032196045, 20.8747386932, 21.246257782, 21.6177768707, 21.9892959595, 22.3492050171, 22.7091159821, 23.0806350708, 23.4521541595, 23.8236732483, 24.195192337, 24.5667114258, 24.9266204834, 25.286529541, 25.6580486298, 26.0295696259, 26.4010887146, 26.7726078033, 27.1441268921, 27.5156459808, 27.8987751007, 28.2702941895, 28.6418132782, 29.0133323669, 29.3964614868, 29.7679805756, 30.1394996643, 30.4994106293, 30.8593196869, 31.2308387756, 31.6023578644, 31.9738769531, 32.3337860107, 32.6936950684, 33.0652160645, 33.4367332458, 33.8198623657, 34.2029914856, 34.5745124817, 34.9460296631, 35.3175506592, 35.6890678406, 36.0605888367, 36.4321098328, 36.8036270142, 37.1751480103, 37.5350570679, 37.8949661255, 38.2664833069, 38.638004303, 39.0095214844, 39.3810424805, 39.7409515381, 40.1124725342, 40.4839897156, 40.8438987732, 41.2154197693, 41.5869369507, 41.9584579468, 42.3299751282, 42.713104248, 43.0962333679, 43.467754364, 43.8392753601, 44.2107925415, 44.5939216614]
},
"tonal": {
    "chords_changes_rate": 0.047325104475,
    "chords_number_rate": 0.00925925932825,
    "chords_strength": {
        "mean": 0.557030081749,
        "var": 0.0104119675234
    },
    "hpcp_entropy": {
        "mean": 1.96575248241,
        "var": 0.641995310783
    },
    "key_strength": 0.688711941242,
    "tuning_diatonic_strength": 0.524134755135,
    "tuning_equal_tempered_deviation": 0.197245195508,
    "tuning_frequency": 434.193115234,
    "tuning_nontempered_energy_ratio": 0.916811048985,
    "hpcp": {
        "mean": [0.0689100027084, 0.0502695031464, 0.0528334192932, 0.089499309659, 0.106109820306, 0.067796997726, 0.0505770742893, 0.0563340112567, 0.128945603967, 0.314595609903, 0.288260042667, 0.127729639411, 0.133269160986, 0.10451284796, 0.0320893339813, 0.0189535412937, 0.0236784853041, 0.0442765839398, 0.0877095758915, 0.0843251347542, 0.0468735545874, 0.0402727872133, 0.0330387093127, 0.0734449476004, 0.162479326129, 0.128719091415, 0.0398321673274, 0.0198798328638, 0.0159195400774, 0.0211980175227, 0.0487826913595, 0.0809492990375, 0.152618542314, 0.324294447899, 0.349331319332, 0.174206495285],
        "var": [0.0259332284331, 0.0230201575905, 0.022866262123, 0.0502796694636, 0.06721355021, 0.028837012127, 0.0245647504926, 0.0283937696368, 0.0437029972672, 0.163456618786, 0.136942505836, 0.0416570343077, 0.0839512050152, 0.059345562011, 0.00728492438793, 0.00536353513598, 0.0072025549598, 0.0140357539058, 0.0476019494236, 0.0373658426106, 0.0143744051456, 0.0160824004561, 0.0137104094028, 0.0189168732613, 0.0858248844743, 0.0542608946562, 0.00982949882746, 0.00550828175619, 0.00548293208703, 0.00846747215837, 0.0170759148896, 0.0335537828505, 0.0553507171571, 0.130471199751, 0.158347561955, 0.0615876093507]
    },
    "chords_histogram": [9.15637874603, 25.4115219116, 40.4320983887, 4.11522626877, 4.21810722351, 0, 1.13168728352, 0, 0, 0, 6.48148155212, 0, 0, 0, 0, 0, 0, 6.58436203003, 0, 2.46913576126, 0, 0, 0, 0],
    "thpcp": [1, 0.498685598373, 0.197262600064, 0.143902078271, 0.151241570711, 0.256201803684, 0.30375123024, 0.194076493382, 0.144782543182, 0.161262407899, 0.369121223688, 0.9005651474, 0.825176656246, 0.36564040184, 0.381497889757, 0.2991797328, 0.0918593108654, 0.0542566329241, 0.0677823126316, 0.126746684313, 0.251078486443, 0.241390138865, 0.134180799127, 0.115285359323, 0.0945769995451, 0.210244387388, 0.465115249157, 0.36847281456, 0.114024035633, 0.0569082461298, 0.0455714650452, 0.0606816969812, 0.139645919204, 0.231726422906, 0.436887651682, 0.92832916975],
    "chords_key": "G#",
    "chords_scale": "major",
    "key_key": "C#",
    "key_scale": "major"
}
}