{
"lowlevel": {
    "average_loudness": 0.954916775227,
    "barkbands_crest": {
        "mean": 14.1364898682,
        "var": 18.2142391205
    },
    "barkbands_flatness_db": {
        "mean": 0.362275272608,
        "var": 0.00189535401296
    },
    "barkbands_kurtosis": {
        "mean": 17.0096893311,
        "var": 725.023254395
    },
    "barkbands_skewness": {
        "mean": 2.65498590469,
        "var": 4.22865247726
    },
    "barkbands_spread": {
        "mean": 3.81385684013,
        "var": 9.06695747375
    },
    "dissonance": {
        "mean": 0.389878898859,
        "var": 0.00318270316347
    },
    "dynamic_complexity": 2.0849468708,
    "erbbands_crest": {
        "mean": 14.8088998795,
        "var": 22.570930481
    },
    "erbbands_flatness_db": {
        "mean": 0.379227519035,
        "var": 0.00141472264659
    },
    "erbbands_kurtosis": {
        "mean": 5.35155963898,
        "var": 64.1074066162
    },
    "erbbands_skewness": {
        "mean": 1.53855848312,
        "var": 1.63387024403
    },
    "erbbands_spread": {
        "mean": 11.5980644226,
        "var": 53.1903762817
    },
    "hfc": {
        "mean": 11.3589773178,
        "var": 71.4519271851
    },
    "melbands_crest": {
        "mean": 16.2761173248,
        "var": 19.5457668304
    },
    "melbands_flatness_db": {
        "mean": 0.425773710012,
        "var": 0.0021894427482
    },
    "melbands_kurtosis": {
        "mean": 18.9485416412,
        "var": 688.029418945
    },
    "melbands_skewness": {
        "mean": 2.582644701,
        "var": 2.99691772461
    },
    "melbands_spread": {
        "mean": 5.47729969025,
        "var": 26.7957077026
    },
    "pitch_salience": {
        "mean": 0.518659055233,
        "var": 0.0154289742932
    },
    "silence_rate_20dB": {
        "mean": 1,
        "var": 0
    },
    "silence_rate_30dB": {
        "mean": 0.995365619659,
        "var": 0.00461298367009
    },
    "silence_rate_60dB": {
        "mean": 0.00360453152098,
        "var": 0.00359146133997
    },
    "spectral_centroid": {
        "mean": 505.142150879,
        "var": 78690.1484375
    },
    "spectral_complexity": {
        "mean": 9.07981491089,
        "var": 9.47100448608
    },
    "spectral_decrease": {
        "mean": -6.23464435634e-009,
        "var": 1.98875031122e-017
    },
    "spectral_energy": {
        "mean": 0.0245612505823,
        "var": 0.000306018802803
    },
    "spectral_energyband_high": {
        "mean": 4.43523902049e-007,
        "var": 3.85962854559e-013
    },
    "spectral_energyband_low": {
        "mean": 1.44124596773e-005,
        "var": 1.27883592604e-010
    },
    "spectral_energyband_middle_high": {
        "mean": 0.00163716333918,
        "var": 1.1098253708e-005
    },
    "spectral_energyband_middle_low": {
        "mean": 0.0229465086013,
        "var": 0.000290690397378
    },
    "spectral_entropy": {
        "mean": 5.94751167297,
        "var": 0.120988078415
    },
    "spectral_flux": {
        "mean": 0.0600330978632,
        "var": 0.00105654273648
    },
    "spectral_kurtosis": {
        "mean": 38.9263038635,
        "var": 421.598693848
    },
    "spectral_rms": {
        "mean": 0.00464276131243,
        "var": 2.40691292674e-006
    },
    "spectral_rolloff": {
        "mean": 630.457824707,
        "var": 247225.421875
    },
    "spectral_skewness": {
        "mean": 3.98768758774,
        "var": 1.81756293774
    },
    "spectral_spread": {
        "mean": 1418950.375,
        "var": 993666662400
    },
    "spectral_strongpeak": {
        "mean": 1.42197179794,
        "var": 1.00491023064
    },
    "zerocrossingrate": {
        "mean": 0.0240208227187,
        "var": 0.000179519163794
    },
    "barkbands": {
        "mean": [4.7887567689e-007, 1.02126819002e-006, 8.82893527887e-006, 2.71941607934e-005, 0.0074807330966, 0.00711453799158, 0.0018419965636, 0.00338424835354, 0.00303472299129, 0.000341783917975, 0.000217554028495, 0.00017397411284, 0.000318934587995, 0.000182312520337, 0.000209907826502, 6.92349640303e-005, 0.000101228230051, 3.78943987016e-005, 1.39192079587e-005, 4.7879319709e-007, 1.33743071729e-007, 5.83881991645e-008, 2.9000467805e-008, 5.25813454999e-008, 1.58920787641e-008, 5.9544702502e-009, 1.05063124867e-009],
        "var": [1.01938618137e-012, 2.2800587373e-012, 3.05586181359e-011, 2.71892908188e-009, 0.000152921129484, 3.32033414452e-005, 1.59442497534e-005, 7.88163815741e-005, 1.4947829186e-005, 2.94233200293e-006, 4.81100130401e-007, 4.4909575081e-007, 9.26616110064e-007, 3.79618512625e-007, 7.21015794625e-007, 5.47870513401e-008, 8.18453216311e-008, 5.93704641005e-009, 3.45282025194e-010, 8.46802757581e-014, 1.69149548833e-014, 1.00353388861e-014, 5.38993025898e-015, 6.64672937051e-015, 5.39969697238e-015, 8.07725790414e-015, 3.2815491535e-018]
    },
    "erbbands": {
        "mean": [5.18587658007e-005, 0.000498381035868, 0.00903352815658, 0.102107182145, 3.15616846085, 32.0777854919, 56.5280838013, 60.7789764404, 28.3780498505, 54.7184448242, 55.4821090698, 93.217628479, 13.9045200348, 11.2682676315, 8.39783859253, 9.08379268646, 13.7770090103, 10.5649194717, 10.7340230942, 8.0866651535, 3.56759858131, 5.42071390152, 2.89592576027, 1.27649915218, 0.320642799139, 0.0312331374735, 0.00854193419218, 0.00416010338813, 0.00230552069843, 0.00129904609639, 0.000890857540071, 0.00174670550041, 0.000404646008974, 0.000221813301323, 0.000112241265015, 4.95810018037e-005, 1.585179416e-005, 2.78238144347e-006, 1.18791604109e-005, 2.76215414488e-005],
        "var": [3.94128552017e-009, 1.66385902389e-007, 3.10595787596e-005, 0.0311858355999, 46.7400779724, 3766.63354492, 3173.24438477, 2744.74560547, 4015.38183594, 18835.0625, 15474.3164063, 13586.0615234, 496.766693115, 2684.75268555, 392.075317383, 1062.41760254, 1154.20458984, 1058.93017578, 1781.67956543, 923.65246582, 186.440475464, 235.083679199, 41.1632537842, 3.44667410851, 0.0457941144705, 0.000218885150389, 4.08714877267e-005, 2.1803412892e-005, 1.35728987516e-005, 6.92766161592e-006, 4.79673826703e-006, 3.30562465933e-006, 1.6096988702e-006, 7.61503486046e-007, 2.62409599827e-007, 1.20195025488e-007, 3.37344943091e-008, 5.42915545854e-010, 6.92514864897e-011, 3.83056059094e-010]
    },
    "gfcc": {
        "mean": [-166.440917969, 192.715438843, -160.866455078, -46.1280097961, -61.9041748047, -63.288772583, -61.3383026123, -16.7890701294, -18.581073761, -26.5549583435, 6.7549328804, -14.5291204453, -3.21612787247],
        "cov": [[1182.03820801, 350.818267822, -442.36932373, -435.971405029, 185.366027832, -10.6287384033, -24.0291843414, -35.8374176025, 38.0949516296, -84.3792572021, -44.3841133118, -49.5658454895, -28.9004383087], [350.818267822, 214.868270874, -71.2763748169, -199.378265381, 39.3188591003, -17.8220329285, 33.9630050659, -33.9089126587, -7.17408180237, -62.1129951477, -12.0612945557, -37.0897598267, -23.8011779785], [-442.36932373, -71.2763748169, 553.187194824, 369.023010254, -194.573852539, -101.030334473, -6.07404375076, -4.67761898041, -86.3447723389, 3.23313379288, 10.3249988556, 18.5293807983, 9.99153518677], [-435.971405029, -199.378265381, 369.023010254, 591.996276855, -56.6734886169, -69.1838226318, -135.019134521, 12.1578674316, -43.5717277527, 3.46342921257, -13.9415693283, 37.8885421753, 49.6821136475], [185.366027832, 39.3188591003, -194.573852539, -56.6734886169, 247.956497192, 1.8844537735, -92.0159378052, -31.2298526764, 47.2019119263, -41.757610321, -39.1063232422, 6.70761728287, 9.67455291748], [-10.6287384033, -17.8220329285, -101.030334473, -69.1838226318, 1.8844537735, 124.887145996, 57.4420051575, -11.6331634521, -22.1562767029, 26.0853672028, 10.7188148499, -8.47942638397, -10.6450204849], [-24.0291843414, 33.9630050659, -6.07404375076, -135.019134521, -92.0159378052, 57.4420051575, 128.421813965, 19.4800224304, -34.6681175232, 2.2125222683, 23.5379180908, -7.53007221222, -23.7781105042], [-35.8374176025, -33.9089126587, -4.67761898041, 12.1578674316, -31.2298526764, -11.6331634521, 19.4800224304, 63.784450531, 21.3320598602, -1.89693367481, -16.4648075104, 4.90240907669, 1.34039711952], [38.0949516296, -7.17408180237, -86.3447723389, -43.5717277527, 47.2019119263, -22.1562767029, -34.6681175232, 21.3320598602, 74.4119491577, 18.9241714478, -18.7547683716, -10.3973846436, 6.81524324417], [-84.3792572021, -62.1129951477, 3.23313379288, 3.46342921257, -41.757610321, 26.0853672028, 2.2125222683, -1.89693367481, 18.9241714478, 79.8390350342, 27.9522247314, -6.52381658554, -5.48736667633], [-44.3841133118, -12.0612945557, 10.3249988556, -13.9415693283, -39.1063232422, 10.7188148499, 23.5379180908, -16.4648075104, -18.7547683716, 27.9522247314, 61.6219825745, 20.0532550812, -7.07162332535], [-49.5658454895, -37.0897598267, 18.5293807983, 37.8885421753, 6.70761728287, -8.47942638397, -7.53007221222, 4.90240907669, -10.3973846436, -6.52381658554, 20.0532550812, 50.8333702087, 18.1435375214], [-28.9004383087, -23.8011779785, 9.99153518677, 49.6821136475, 9.67455291748, -10.6450204849, -23.7781105042, 1.34039711952, 6.81524324417, -5.48736667633, -7.07162332535, 18.1435375214, 44.6138038635]],
        "icov": [[0.00432519381866, -0.00963457860053, 0.0047584832646, -0.000565117690712, 0.00151212676428, 0.00211956677958, 0.00463369581848, -0.00346513232216, 0.00727620115504, -0.00710325175896, 0.0052544074133, -0.00471166195348, 0.000740855757613], [-0.00963457860053, 0.0390492044389, -0.0135867949575, 0.00847741402686, -0.00340378214605, -0.00381537154317, -0.0075646773912, 0.0130316447467, -0.0178600084037, 0.0329212769866, -0.0186434034258, 0.0239161252975, -0.0023057020735], [0.0047584832646, -0.0135867949575, 0.0164891649038, -0.00943621899933, 0.00450050039217, 0.0150923244655, -0.00882012117654, 0.00692827394232, 0.0122530022636, -0.0178073681891, 0.0177040137351, -0.0125721301883, 0.00422248989344], [-0.000565117690712, 0.00847741402686, -0.00943621899933, 0.0134183820337, 0.000704863283318, -0.0102512463927, 0.0203213747591, -0.0108377151191, 0.00300740497187, 0.0122021390125, -0.010762963444, 0.00939402449876, -0.00460026413202], [0.00151212676428, -0.00340378214605, 0.00450050039217, 0.000704863283318, 0.0156995784491, -0.00452304491773, 0.0121812568977, 0.00667261006311, -0.00474087242037, 0.00641615828499, 0.00727251591161, -0.00995950866491, 0.00589542463422], [0.00211956677958, -0.00381537154317, 0.0150923244655, -0.0102512463927, -0.00452304491773, 0.0348367877305, -0.0287847518921, 0.0146690513939, 0.0161338616163, -0.0248046182096, 0.0201659277081, -0.00605358788744, 0.0010268719634], [0.00463369581848, -0.0075646773912, -0.00882012117654, 0.0203213747591, 0.0121812568977, -0.0287847518921, 0.0661644041538, -0.03549759835, 0.0160117596388, 0.0145809222013, -0.0180734116584, 0.00653048558161, -0.0010409206152], [-0.00346513232216, 0.0130316447467, 0.00692827394232, -0.0108377151191, 0.00667261006311, 0.0146690513939, -0.03549759835, 0.0555944740772, -0.0266904626042, 0.00597379170358, 0.0216545574367, -0.0144670670852, 0.0108162378892], [0.00727620115504, -0.0178600084037, 0.0122530022636, 0.00300740497187, -0.00474087242037, 0.0161338616163, 0.0160117596388, -0.0266904626042, 0.060538418591, -0.0357317887247, 0.0148500809446, 0.000475273642223, -0.00817671790719], [-0.00710325175896, 0.0329212769866, -0.0178073681891, 0.0122021390125, 0.00641615828499, -0.0248046182096, 0.0145809222013, 0.00597379170358, -0.0357317887247, 0.0661316812038, -0.0382859110832, 0.0273571945727, 4.1762345063e-005], [0.0052544074133, -0.0186434034258, 0.0177040137351, -0.010762963444, 0.00727251591161, 0.0201659277081, -0.0180734116584, 0.0216545574367, 0.0148500809446, -0.0382859110832, 0.0612478852272, -0.0401198379695, 0.0134763075039], [-0.00471166195348, 0.0239161252975, -0.0125721301883, 0.00939402449876, -0.00995950866491, -0.00605358788744, 0.00653048558161, -0.0144670670852, 0.000475273642223, 0.0273571945727, -0.0401198379695, 0.0595627948642, -0.0205981563777], [0.000740855757613, -0.0023057020735, 0.00422248989344, -0.00460026413202, 0.00589542463422, 0.0010268719634, -0.0010409206152, 0.0108162378892, -0.00817671790719, 4.1762345063e-005, 0.0134763075039, -0.0205981563777, 0.0356956534088]]
    },
    "melbands": {
        "mean": [3.08903878476e-007, 2.62944263341e-006, 4.29656683991e-005, 0.0010924161179, 0.00211385637522, 0.00134092464577, 0.000373092334485, 0.000685403181706, 0.000445532758022, 0.000527862343006, 4.24174722866e-005, 4.69375299872e-005, 3.04081258946e-005, 1.92373645405e-005, 2.92461263598e-005, 2.69058600679e-005, 1.9778164642e-005, 1.73669504875e-005, 1.52500142576e-005, 6.23513415121e-006, 3.83801807402e-006, 5.34912214789e-006, 4.5757051339e-006, 1.75724608198e-006, 9.62191961662e-007, 3.60956676104e-007, 4.68424339317e-008, 1.0468779621e-008, 5.31741184417e-009, 3.13556736131e-009, 2.04951233762e-009, 1.35128386258e-009, 9.13189301954e-010, 6.21360185526e-010, 4.61220700521e-010, 7.50577822117e-010, 1.02338038044e-009, 2.32872415795e-010, 2.00297819997e-010, 1.63272700915e-010],
        "var": [2.38787695129e-013, 2.6333234638e-012, 1.34725146594e-008, 4.27794020652e-006, 5.46066348761e-006, 1.26916154386e-006, 7.45737452235e-007, 3.14665066981e-006, 6.97025768659e-007, 4.48985645107e-007, 1.65448668099e-008, 5.81738781591e-008, 6.79335609988e-009, 5.25259391537e-009, 8.9820426652e-009, 8.57884252525e-009, 4.51587656158e-009, 4.61079974201e-009, 3.74276076798e-009, 4.60102678179e-010, 2.8552485376e-010, 2.24450749653e-010, 1.9029712528e-010, 1.51352229361e-011, 2.27138186731e-012, 5.72359135998e-014, 6.35944184106e-016, 5.9891403447e-017, 2.03447404307e-017, 7.47060063857e-018, 7.89769466835e-018, 4.31251977203e-018, 3.52140837008e-018, 1.6808056723e-018, 1.68475814806e-018, 1.21520111173e-018, 1.21194905116e-018, 7.15145202437e-019, 7.98297792008e-019, 4.70963398467e-019]
    },
    "mfcc": {
        "mean": [-800.542175293, 228.742172241, -43.954662323, -10.5263175964, -2.22916793823, -56.5752220154, -34.020740509, -22.2713851929, -36.3521270752, -17.9331226349, -3.62014436722, -13.5531015396, -15.7861433029],
        "cov": [[746.805114746, 404.360046387, -519.874816895, -388.021484375, 85.7942504883, 2.313601017, -68.486946106, 44.8022232056, 24.067905426, 18.4012393951, 49.4944038391, -29.4771537781, -72.1687850952], [404.360046387, 331.12008667, -186.14352417, -271.022186279, -43.9769821167, -25.2939338684, -12.9285449982, 20.8488140106, -23.2288475037, 3.11815357208, 41.7217407227, -13.900800705, -42.0457763672], [-519.874816895, -186.14352417, 596.002746582, 361.09274292, -165.393493652, -44.3445587158, 87.0505371094, -37.6362190247, -45.9557571411, -30.7036991119, -55.423538208, 15.5941820145, 53.1245307922], [-388.021484375, -271.022186279, 361.09274292, 473.745635986, 85.6354675293, -37.2047538757, -20.2811698914, -21.4559116364, 14.5912876129, -47.7671394348, -103.073822021, -16.2387619019, 40.4108963013], [85.7942504883, -43.9769821167, -165.393493652, 85.6354675293, 238.428756714, 24.5624427795, -102.999000549, -0.278160959482, 34.0951538086, -23.0071868896, -42.4658737183, -35.3370018005, -13.4756278992], [2.313601017, -25.2939338684, -44.3445587158, -37.2047538757, 24.5624427795, 92.8021087646, 42.7820701599, -26.4853954315, -10.1941299438, 13.7500162125, 8.66545391083, 2.86551165581, -2.3453309536], [-68.486946106, -12.9285449982, 87.0505371094, -20.2811698914, -102.999000549, 42.7820701599, 115.798469543, 15.6531476974, -31.0769996643, -4.38438367844, 9.89321422577, 18.6976394653, 9.02930736542], [44.8022232056, 20.8488140106, -37.6362190247, -21.4559116364, -0.278160959482, -26.4853954315, 15.6531476974, 77.0869903564, 28.5803985596, -26.9403743744, -14.2451925278, -2.01092362404, -3.66155791283], [24.067905426, -23.2288475037, -45.9557571411, 14.5912876129, 34.0951538086, -10.1941299438, -31.0769996643, 28.5803985596, 69.6783370972, 23.7594203949, -18.4279689789, -13.4917812347, -2.62632656097], [18.4012393951, 3.11815357208, -30.7036991119, -47.7671394348, -23.0071868896, 13.7500162125, -4.38438367844, -26.9403743744, 23.7594203949, 71.262008667, 37.6432228088, -5.00314569473, -7.94177722931], [49.4944038391, 41.7217407227, -55.423538208, -103.073822021, -42.4658737183, 8.66545391083, 9.89321422577, -14.2451925278, -18.4279689789, 37.6432228088, 77.6403121948, 34.2634506226, -13.0013275146], [-29.4771537781, -13.900800705, 15.5941820145, -16.2387619019, -35.3370018005, 2.86551165581, 18.6976394653, -2.01092362404, -13.4917812347, -5.00314569473, 34.2634506226, 61.4354972839, 21.0882034302], [-72.1687850952, -42.0457763672, 53.1245307922, 40.4108963013, -13.4756278992, -2.3453309536, 9.02930736542, -3.66155791283, -2.62632656097, -7.94177722931, -13.0013275146, 21.0882034302, 48.0035476685]],
        "icov": [[0.0534794554114, -0.0750463083386, 0.0783497914672, -0.0825859308243, 0.0874616876245, -0.0913317874074, 0.087324090302, -0.0802232027054, 0.0650693178177, -0.0527309924364, 0.0366114452481, -0.0212216880172, 0.00910479575396], [-0.0750463083386, 0.114741556346, -0.115618169308, 0.130140811205, -0.13686516881, 0.147446572781, -0.139481335878, 0.127919450402, -0.101968228817, 0.0825912952423, -0.0539581999183, 0.03259723261, -0.0100014097989], [0.0783497914672, -0.115618169308, 0.138736084104, -0.155046910048, 0.176234945655, -0.179602950811, 0.179771527648, -0.162932410836, 0.140844330192, -0.104553453624, 0.0724148526788, -0.038089107722, 0.0147193642333], [-0.0825859308243, 0.130140811205, -0.155046910048, 0.188815355301, -0.219521895051, 0.237181559205, -0.241980984807, 0.222439676523, -0.189381852746, 0.139509543777, -0.0889618098736, 0.0481099113822, -0.0175984110683], [0.0874616876245, -0.13686516881, 0.176234945655, -0.219521895051, 0.28601744771, -0.313949286938, 0.337293982506, -0.302789658308, 0.262042820454, -0.187092080712, 0.131737872958, -0.0658697932959, 0.0277901366353], [-0.0913317874074, 0.147446572781, -0.179602950811, 0.237181559205, -0.313949286938, 0.383270174265, -0.409545719624, 0.381123661995, -0.32754856348, 0.242285236716, -0.167289689183, 0.0895443856716, -0.0348502621055], [0.087324090302, -0.139481335878, 0.179771527648, -0.241980984807, 0.337293982506, -0.409545719624, 0.468410849571, -0.43717238307, 0.391771376133, -0.294814825058, 0.211436286569, -0.115264095366, 0.0476561300457], [-0.0802232027054, 0.127919450402, -0.162932410836, 0.222439676523, -0.302789658308, 0.381123661995, -0.43717238307, 0.450151741505, -0.408685594797, 0.327153325081, -0.230336010456, 0.130018845201, -0.0530568435788], [0.0650693178177, -0.101968228817, 0.140844330192, -0.189381852746, 0.262042820454, -0.32754856348, 0.391771376133, -0.408685594797, 0.410843014717, -0.332552909851, 0.248628944159, -0.14088524878, 0.0614546872675], [-0.0527309924364, 0.0825912952423, -0.104553453624, 0.139509543777, -0.187092080712, 0.242285236716, -0.294814825058, 0.327153325081, -0.332552909851, 0.30773627758, -0.232635587454, 0.14111199975, -0.0612275078893], [0.0366114452481, -0.0539581999183, 0.0724148526788, -0.0889618098736, 0.131737872958, -0.167289689183, 0.211436286569, -0.230336010456, 0.248628944159, -0.232635587454, 0.213857918978, -0.130570843816, 0.0643969401717], [-0.0212216880172, 0.03259723261, -0.038089107722, 0.0481099113822, -0.0658697932959, 0.0895443856716, -0.115264095366, 0.130018845201, -0.14088524878, 0.14111199975, -0.130570843816, 0.103455230594, -0.0493937470019], [0.00910479575396, -0.0100014097989, 0.0147193642333, -0.0175984110683, 0.0277901366353, -0.0348502621055, 0.0476561300457, -0.0530568435788, 0.0614546872675, -0.0612275078893, 0.0643969401717, -0.0493937470019, 0.0497457124293]]
    },
    "spectral_contrast_coeffs": {
        "mean": [-0.393694400787, -0.639200270176, -0.688603758812, -0.776204943657, -0.722074568272, -0.821991682053],
        "var": [0.00615856377408, 0.00504495482892, 0.00725001562387, 0.00487280497327, 0.00351976440288, 0.000354290648829]
    },
    "spectral_contrast_valleys": {
        "mean": [-10.0843219757, -6.48265218735, -8.0972738266, -8.56746959686, -9.66864585876, -13.4455184937],
        "var": [0.280245155096, 0.505358994007, 0.441159546375, 0.382767945528, 0.219889640808, 0.168981969357]
    }
},
"metadata": {
    "audio_properties": {
        "analysis_sample_rate": 44100,
        "bit_rate": 64037,
        "equal_loudness": 0,
        "length": 45.0612258911,
        "lossless": 0,
        "replay_gain": -5.82229614258,
        "sample_rate": 44100,
        "codec": "mp3",
        "downmix": "mix",
        "md5_encoded": "71c428ecea36a5ea5d8f453176ed4d86"
    },
    "tags": {
        "file_name": "1869.mp3"
    },
    "version": {
        "essentia": "2.1-beta2",
        "essentia_git_sha": "v2.1_beta2",
        "extractor": "music 1.0"
    }
},
"rhythm": {
    "beats_count": 97,
    "beats_loudness": {
        "mean": 0.0266050007194,
        "var": 0.000352917501004
    },
    "bpm": 129.297912598,
    "bpm_histogram_first_peak_bpm": {
        "mean": 129,
        "var": 0
    },
    "bpm_histogram_first_peak_spread": {
        "mean": 0.587301552296,
        "var": 0
    },
    "bpm_histogram_first_peak_weight": {
        "mean": 0.270833343267,
        "var": 0
    },
    "bpm_histogram_second_peak_bpm": {
        "mean": 136,
        "var": 0
    },
    "bpm_histogram_second_peak_spread": {
        "mean": 0.166666686535,
        "var": 0
    },
    "bpm_histogram_second_peak_weight": {
        "mean": 0.208333328366,
        "var": 0
    },
    "danceability": 1.21486961842,
    "onset_rate": 3.23857593536,
    "beats_loudness_band_ratio": {
        "mean": [0.015032729134, 0.535214781761, 0.415182083845, 0.0514851808548, 0.024327930063, 0.00066681712633],
        "var": [0.0020004697144, 0.0374052450061, 0.0349322259426, 0.00490129739046, 0.00248163728975, 1.35675213642e-006]
    },
    "beats_position": [0.452789098024, 0.9287981987, 1.40480720997, 1.88081634045, 2.36843538284, 2.8444442749, 3.32045340538, 3.78485250473, 4.22603178024, 4.69043064117, 5.15482997894, 5.61922883987, 6.08362817764, 6.54802703857, 7.00081634521, 7.45360517502, 7.91800451279, 8.38240337372, 8.85841274261, 9.33442115784, 9.79882049561, 10.2632198334, 10.7392292023, 11.2036275864, 11.656416893, 12.1092061996, 12.5736055374, 13.0380039215, 13.5140132904, 13.9784126282, 14.4195919037, 14.8607711792, 15.3135595322, 15.7663488388, 16.2307472229, 16.7183666229, 17.1943759918, 17.6703853607, 18.1580047607, 18.6456241608, 19.1332416534, 19.5976409912, 20.0736503601, 20.549659729, 21.0256690979, 21.5132884979, 21.9892959595, 22.4653053284, 22.9413146973, 23.405714035, 23.8701133728, 24.3345127106, 24.7989120483, 25.2633094788, 25.7160987854, 26.168888092, 26.6216773987, 27.0744667053, 27.5388660431, 28.0032653809, 28.4908847809, 28.9785022736, 29.4545116425, 29.9073009491, 30.3484802246, 30.7896595001, 31.2308387756, 31.6720180511, 32.1131973267, 32.5543746948, 33.0071640015, 33.4599533081, 33.9243545532, 34.3771438599, 34.8299331665, 35.2711105347, 35.7238998413, 36.1650772095, 36.6062583923, 37.0474357605, 37.4770050049, 37.9297943115, 38.3825836182, 38.8469848633, 39.3113822937, 39.7525634766, 40.1821289063, 40.6000900269, 41.0296592712, 41.4708366394, 41.9120178223, 42.3531951904, 42.8059844971, 43.2355537415, 43.6767349243, 44.1179122925, 44.5590934753]
},
"tonal": {
    "chords_changes_rate": 0.037037037313,
    "chords_number_rate": 0.00925925932825,
    "chords_strength": {
        "mean": 0.556466698647,
        "var": 0.00509124528617
    },
    "hpcp_entropy": {
        "mean": 1.29687213898,
        "var": 0.730058908463
    },
    "key_strength": 0.609100222588,
    "tuning_diatonic_strength": 0.495836108923,
    "tuning_equal_tempered_deviation": 0.0985697954893,
    "tuning_frequency": 450.284484863,
    "tuning_nontempered_energy_ratio": 0.672248780727,
    "hpcp": {
        "mean": [0.060542717576, 0.0353001952171, 0.0220389999449, 0.0277684535831, 0.0414407588542, 0.108753308654, 0.173323616385, 0.152002573013, 0.188723802567, 0.233741894364, 0.133906602859, 0.0624717362225, 0.0701565220952, 0.0696143060923, 0.131003901362, 0.180553719401, 0.104726299644, 0.0369668714702, 0.0389370061457, 0.0860245078802, 0.426345765591, 0.579885542393, 0.234154611826, 0.0474190823734, 0.0476603135467, 0.0199891105294, 0.00776728894562, 0.00823276583105, 0.0117387287319, 0.0883796438575, 0.143693968654, 0.0802829861641, 0.0450601503253, 0.0626199692488, 0.0592541582882, 0.0604689121246],
        "var": [0.0248499978334, 0.00892668683082, 0.00536253722385, 0.0119333453476, 0.0161447357386, 0.0373352915049, 0.0776000395417, 0.0728764533997, 0.0629986748099, 0.0823452100158, 0.0358999706805, 0.0347201861441, 0.0447437353432, 0.0407147742808, 0.0509335622191, 0.0867269784212, 0.0352814234793, 0.0200091004372, 0.0182310100645, 0.032351449132, 0.112322822213, 0.185328900814, 0.042329788208, 0.0174736641347, 0.0281746331602, 0.00465669576079, 0.000350955582689, 0.000471161358291, 0.0012514651753, 0.0198780782521, 0.0484242588282, 0.0164316128939, 0.0140199642628, 0.0316729880869, 0.0328093469143, 0.0257883388549]
    },
    "chords_histogram": [8.43621444702, 46.5020561218, 10.4938268661, 14.3004112244, 0, 0, 0, 1.95473253727, 1.44032919407, 11.8312759399, 1.13168728352, 0, 0, 0, 0.411522626877, 0, 0.102880656719, 0, 0, 0, 0, 0, 0, 3.39506173134],
    "thpcp": [1, 0.403794527054, 0.0817731767893, 0.0821891725063, 0.0344707854092, 0.013394520618, 0.0141972256824, 0.0202431827784, 0.152408778667, 0.247797116637, 0.138446256518, 0.0777052491903, 0.107986778021, 0.102182507515, 0.104277320206, 0.104404598475, 0.0608744174242, 0.0380057767034, 0.0478860922158, 0.071463689208, 0.187542721629, 0.29889279604, 0.262125134468, 0.325450092554, 0.403082817793, 0.230919018388, 0.107731148601, 0.120983399451, 0.120048359036, 0.225913375616, 0.311360955238, 0.18059822917, 0.0637485682964, 0.0671460181475, 0.148347392678, 0.73522400856],
    "chords_key": "C",
    "chords_scale": "major",
    "key_key": "A",
    "key_scale": "minor"
}
}