{
"lowlevel": {
    "average_loudness": 0.710904359818,
    "barkbands_crest": {
        "mean": 10.8915348053,
        "var": 28.3731555939
    },
    "barkbands_flatness_db": {
        "mean": 0.149302303791,
        "var": 0.0118444245309
    },
    "barkbands_kurtosis": {
        "mean": 6.12412071228,
        "var": 221.112747192
    },
    "barkbands_skewness": {
        "mean": 1.64237105846,
        "var": 1.92990636826
    },
    "barkbands_spread": {
        "mean": 20.9673137665,
        "var": 219.757339478
    },
    "dissonance": {
        "mean": 0.439574301243,
        "var": 0.00332775013521
    },
    "dynamic_complexity": 5.32447957993,
    "erbbands_crest": {
        "mean": 11.2497873306,
        "var": 33.2682647705
    },
    "erbbands_flatness_db": {
        "mean": 0.174326390028,
        "var": 0.00788920652121
    },
    "erbbands_kurtosis": {
        "mean": 2.0805773735,
        "var": 33.3673286438
    },
    "erbbands_skewness": {
        "mean": 0.8216547966,
        "var": 0.960286140442
    },
    "erbbands_spread": {
        "mean": 35.6839828491,
        "var": 519.380187988
    },
    "hfc": {
        "mean": 24.4955272675,
        "var": 666.521850586
    },
    "melbands_crest": {
        "mean": 13.5189437866,
        "var": 32.6468963623
    },
    "melbands_flatness_db": {
        "mean": 0.212431013584,
        "var": 0.0155983259901
    },
    "melbands_kurtosis": {
        "mean": 12.5708322525,
        "var": 321.458221436
    },
    "melbands_skewness": {
        "mean": 2.37428665161,
        "var": 2.55029249191
    },
    "melbands_spread": {
        "mean": 20.9786758423,
        "var": 203.161468506
    },
    "pitch_salience": {
        "mean": 0.532963514328,
        "var": 0.0197944436222
    },
    "silence_rate_20dB": {
        "mean": 1,
        "var": 0
    },
    "silence_rate_30dB": {
        "mean": 1,
        "var": 0
    },
    "silence_rate_60dB": {
        "mean": 0.227085486054,
        "var": 0.175519242883
    },
    "spectral_centroid": {
        "mean": 1148.90039063,
        "var": 325664.40625
    },
    "spectral_complexity": {
        "mean": 17.0242023468,
        "var": 144.376296997
    },
    "spectral_decrease": {
        "mean": -5.51575851659e-009,
        "var": 3.00841816842e-017
    },
    "spectral_energy": {
        "mean": 0.0230395756662,
        "var": 0.0005070072948
    },
    "spectral_energyband_high": {
        "mean": 0.00126786460169,
        "var": 2.99669568449e-006
    },
    "spectral_energyband_low": {
        "mean": 0.00452172150835,
        "var": 0.000118492454931
    },
    "spectral_energyband_middle_high": {
        "mean": 0.00683915708214,
        "var": 9.04962071218e-005
    },
    "spectral_energyband_middle_low": {
        "mean": 0.0113434065133,
        "var": 0.000120731958305
    },
    "spectral_entropy": {
        "mean": 7.28831338882,
        "var": 0.918366074562
    },
    "spectral_flux": {
        "mean": 0.0721439644694,
        "var": 0.00337325269356
    },
    "spectral_kurtosis": {
        "mean": 14.0311088562,
        "var": 1360.8326416
    },
    "spectral_rms": {
        "mean": 0.00408632960171,
        "var": 5.7795164139e-006
    },
    "spectral_rolloff": {
        "mean": 1506.89135742,
        "var": 2309102.5
    },
    "spectral_skewness": {
        "mean": 2.23325943947,
        "var": 4.21325874329
    },
    "spectral_spread": {
        "mean": 5119758.5,
        "var": 4.96742223053e+012
    },
    "spectral_strongpeak": {
        "mean": 1.44773256779,
        "var": 3.70466256142
    },
    "zerocrossingrate": {
        "mean": 0.0681418851018,
        "var": 0.0016769815702
    },
    "barkbands": {
        "mean": [8.69904470164e-005, 0.00242594489828, 0.00126397178974, 0.00167594768573, 0.00163484795485, 0.00296285189688, 0.00216917879879, 0.00137390359305, 0.00114763050806, 0.000959232682362, 0.00177094619721, 0.000340436090482, 0.00130663102027, 0.00118658470456, 0.000386987288948, 0.000272729346761, 0.000308354035951, 0.0002051647607, 0.000196744964342, 0.000183727126569, 0.000286865222733, 0.000193954721908, 0.000173076143255, 0.000209930862184, 0.000177859154064, 0.000124545636936, 1.45274525494e-005],
        "var": [9.28548331558e-008, 6.88104773872e-005, 8.43172074383e-006, 7.31130103304e-006, 8.54268910189e-006, 1.91793533304e-005, 1.47719929373e-005, 4.76739751321e-006, 4.70865779789e-006, 7.10445920049e-006, 1.66835670825e-005, 1.90089610896e-006, 9.96628386929e-006, 1.16785959108e-005, 5.28138571099e-007, 2.20235747861e-007, 2.61965453774e-007, 1.03645838578e-007, 6.51267697549e-008, 7.06890759261e-008, 1.26737873529e-007, 6.81400820213e-008, 5.82723096443e-008, 1.78497884917e-007, 4.10094742165e-007, 5.05556982944e-008, 9.45018063803e-010]
    },
    "erbbands": {
        "mean": [0.0589116513729, 0.576743543148, 1.39822638035, 3.73965382576, 5.43296003342, 5.83130550385, 11.3867321014, 26.5352058411, 28.1275177002, 33.576084137, 36.7915420532, 30.0586280823, 26.4810638428, 43.0569534302, 54.2739105225, 23.0569343567, 55.8689880371, 76.319770813, 18.7839870453, 19.8666419983, 16.8982467651, 16.7359771729, 11.3412399292, 10.9436035156, 9.59579944611, 9.13894271851, 11.5280542374, 9.91070175171, 7.17288732529, 6.18496227264, 4.77571868896, 4.46706962585, 3.30996179581, 2.36490631104, 1.03675401211, 0.461182773113, 0.249805673957, 0.0563285201788, 0.00146105280146, 6.50347938063e-005],
        "var": [0.0369789563119, 4.16507101059, 14.7231369019, 22.2691364288, 120.255081177, 93.2630615234, 264.570648193, 1889.74804688, 2145.73168945, 4649.02832031, 3131.29907227, 3237.95800781, 6502.69824219, 7338.20507813, 14898.6123047, 5073.93310547, 16554.78125, 48081.1796875, 1359.3651123, 1095.23681641, 812.944702148, 830.829040527, 325.036010742, 198.935638428, 175.845306396, 138.638748169, 231.007583618, 164.430892944, 91.5110244751, 63.6311073303, 47.8980293274, 63.6187477112, 62.6886863708, 55.8759117126, 20.1683864594, 1.66585540771, 0.155488818884, 0.00993679463863, 7.34591503715e-006, 6.78753941941e-009]
    },
    "gfcc": {
        "mean": [-37.9271469116, 80.2697525024, -107.290428162, 8.36568069458, -68.7168045044, 4.72827339172, -42.1793174744, 0.638727426529, -25.2951068878, 7.7025718689, -15.9174013138, 4.30122900009, -12.9359674454],
        "cov": [[23440.7265625, -5502.66748047, 68.5643386841, 2097.44433594, 30.7039089203, 1807.25537109, -134.470809937, 1241.12414551, -545.116394043, 588.36114502, -1138.36315918, -107.89440155, -1285.69677734], [-5502.66748047, 2941.92602539, 623.877868652, -578.000183105, 492.012939453, -310.496398926, 441.697692871, -189.384384155, 356.303314209, -154.223297119, 372.133453369, -116.450302124, 288.08581543], [68.5643386841, 623.877868652, 895.95916748, 126.968055725, 234.986663818, 79.0360870361, 196.618606567, 165.567276001, 142.113800049, 6.71264028549, -32.9928474426, -65.4458084106, -59.1987457275], [2097.44433594, -578.000183105, 126.968055725, 701.711914063, 21.665348053, 143.993469238, -81.9265594482, 65.4949264526, -82.1061553955, -33.5814170837, -181.695632935, -42.4751586914, -115.965194702], [30.7039089203, 492.012939453, 234.986663818, 21.665348053, 330.699310303, 124.83732605, 154.499145508, 45.1601333618, 72.4064865112, 24.5453014374, 27.8714981079, -39.9774589539, -19.5637493134], [1807.25537109, -310.496398926, 79.0360870361, 143.993469238, 124.83732605, 353.039703369, 74.8770065308, 134.09211731, -46.4569168091, 76.8266067505, -66.102897644, -32.3189201355, -128.220352173], [-134.470809937, 441.697692871, 196.618606567, -81.9265594482, 154.499145508, 74.8770065308, 264.366119385, 72.5327072144, 69.3203811646, 30.4016189575, 38.2868537903, -18.2953300476, -25.6699562073], [1241.12414551, -189.384384155, 165.567276001, 65.4949264526, 45.1601333618, 134.09211731, 72.5327072144, 247.218048096, 62.8769073486, 47.7044219971, -58.4124717712, 11.403096199, -61.3336029053], [-545.116394043, 356.303314209, 142.113800049, -82.1061553955, 72.4064865112, -46.4569168091, 69.3203811646, 62.8769073486, 132.39944458, 8.05106830597, 46.3844718933, 0.795650362968, 39.1681404114], [588.36114502, -154.223297119, 6.71264028549, -33.5814170837, 24.5453014374, 76.8266067505, 30.4016189575, 47.7044219971, 8.05106830597, 118.825508118, 13.2298431396, 11.3131074905, -44.9108314514], [-1138.36315918, 372.133453369, -32.9928474426, -181.695632935, 27.8714981079, -66.102897644, 38.2868537903, -58.4124717712, 46.3844718933, 13.2298431396, 150.257492065, 24.9983634949, 82.3365859985], [-107.89440155, -116.450302124, -65.4458084106, -42.4751586914, -39.9774589539, -32.3189201355, -18.2953300476, 11.403096199, 0.795650362968, 11.3131074905, 24.9983634949, 85.0276794434, 40.0189208984], [-1285.69677734, 288.08581543, -59.1987457275, -115.965194702, -19.5637493134, -128.220352173, -25.6699562073, -61.3336029053, 39.1681404114, -44.9108314514, 82.3365859985, 40.0189208984, 148.478469849]],
        "icov": [[0.00019659352256, 0.000139191703056, 8.54512327351e-005, -0.000211659440538, -0.000139962328831, -0.000212469691178, 2.77273429674e-005, -0.000535326078534, 0.00020668428624, -0.000308425078401, 0.000265902344836, 1.80308707058e-005, 0.000582636683248], [0.000139191703056, 0.00325826741755, -0.00109033950139, 0.000839167914819, -0.00238589150831, 0.000759647868108, -0.00268872804008, 0.00193383800797, -0.00307415355928, 0.00324943615124, -0.00302525563166, 0.00387835665606, -0.00179416162428], [8.54512327351e-005, -0.00109033950139, 0.00233601266518, -0.000849273637868, 6.96878996678e-005, -9.88985220829e-007, 0.000325860106386, -0.0017472304171, -3.99855707656e-006, -0.00113981391769, 0.00144896598067, -0.000652202405035, 0.00149503233843], [-0.000211659440538, 0.000839167914819, -0.000849273637868, 0.00295319058932, -0.00108144339174, 3.68674518541e-005, 8.23512091301e-005, 0.00123663805425, -0.000520954374224, 0.00221928441897, 0.0006808640901, 0.00100084429141, -0.000917287077755], [-0.000139962328831, -0.00238589150831, 6.96878996678e-005, -0.00108144339174, 0.0080365948379, -0.00368240708485, -0.000142435455928, 0.00108772225212, -0.00157697335817, -0.00222448958084, 0.00182553601917, -0.00204270752147, 0.000185441385838], [-0.000212469691178, 0.000759647868108, -9.88985220829e-007, 3.68674518541e-005, -0.00368240708485, 0.00845698919147, -0.00119858526159, -0.00356611399911, 0.00509061245248, -0.00092583958758, -0.00257730484009, 0.00291426316835, 0.000873112818226], [2.77273429674e-005, -0.00268872804008, 0.000325860106386, 8.23512091301e-005, -0.000142435455928, -0.00119858526159, 0.0091036260128, -0.00315725221299, 0.00209055747837, -0.00226994627155, 0.000892567855772, -0.00337919988669, 0.00404476607218], [-0.000535326078534, 0.00193383800797, -0.0017472304171, 0.00123663805425, 0.00108772225212, -0.00356611399911, -0.00315725221299, 0.0140920849517, -0.0117282057181, 0.00273783504963, 0.00173877610359, -0.00184268911835, -0.00232487474568], [0.00020668428624, -0.00307415355928, -3.99855707656e-006, -0.000520954374224, -0.00157697335817, 0.00509061245248, 0.00209055747837, -0.0117282057181, 0.0242834892124, -0.00588005641475, -0.000533213780727, 0.000127308172523, -0.000872213684488], [-0.000308425078401, 0.00324943615124, -0.00113981391769, 0.00221928441897, -0.00222448958084, -0.00092583958758, -0.00226994627155, 0.00273783504963, -0.00588005641475, 0.0177558604628, -0.00781985372305, 0.000594200042542, 0.00304737640545], [0.000265902344836, -0.00302525563166, 0.00144896598067, 0.0006808640901, 0.00182553601917, -0.00257730484009, 0.000892567855772, 0.00173877610359, -0.000533213780727, -0.00781985372305, 0.0200836565346, -0.00564419152215, -0.00367131293751], [1.80308707058e-005, 0.00387835665606, -0.000652202405035, 0.00100084429141, -0.00204270752147, 0.00291426316835, -0.00337919988669, -0.00184268911835, 0.000127308172523, 0.000594200042542, -0.00564419152215, 0.022443048656, -0.00871806591749], [0.000582636683248, -0.00179416162428, 0.00149503233843, -0.000917287077755, 0.000185441385838, 0.000873112818226, 0.00404476607218, -0.00232487474568, -0.000872213684488, 0.00304737640545, -0.00367131293751, -0.00871806591749, 0.0211957078427]]
    },
    "melbands": {
        "mean": [0.000613450072706, 0.000772859784774, 0.000737476511858, 0.000377562246285, 0.000373749324353, 0.000598278013058, 0.000445848505478, 0.000329885107931, 0.000301916181343, 0.000164438373758, 0.000126953920699, 0.000162996380823, 0.000252798199654, 3.68513137801e-005, 9.52862246777e-005, 0.000150092804688, 0.000130408850964, 2.5625442504e-005, 2.68230269285e-005, 2.13355215237e-005, 1.973954204e-005, 1.87541518244e-005, 1.13448204502e-005, 1.07644837044e-005, 8.40011944092e-006, 7.80800473876e-006, 5.90617037233e-006, 5.63332650927e-006, 8.08570894151e-006, 5.15587362315e-006, 6.07871379543e-006, 4.12212193623e-006, 3.53311429535e-006, 3.40340329785e-006, 2.78664310827e-006, 2.54896599472e-006, 2.81594157059e-006, 2.46314198193e-006, 1.93216123989e-006, 2.05064247893e-006],
        "var": [4.12874078393e-006, 5.31333489562e-006, 1.07983680664e-006, 5.30684985733e-007, 2.46095169132e-007, 8.65271317707e-007, 5.1318994565e-007, 4.14483935174e-007, 2.03242507268e-007, 1.0285412344e-007, 1.655293147e-007, 1.2001532923e-007, 3.49901256413e-007, 1.948805739e-008, 4.95997980465e-008, 1.58739965173e-007, 1.3796537246e-007, 3.56907858823e-009, 2.82915890715e-009, 1.09971931561e-009, 1.22444210326e-009, 1.25830401654e-009, 4.12634482139e-010, 2.87945806088e-010, 1.30772156992e-010, 1.21448212598e-010, 8.55907913988e-011, 5.68942774837e-011, 1.36072597634e-010, 4.73482086871e-011, 6.2120759925e-011, 3.12047436501e-011, 2.57829035899e-011, 1.99524893135e-011, 1.56119353556e-011, 2.21839664694e-011, 3.04031591569e-011, 3.91799440114e-011, 2.19465817047e-011, 5.34694268028e-011]
    },
    "mfcc": {
        "mean": [-683.438049316, 113.915733337, 10.4777355194, 6.36445617676, -5.36298131943, -0.511734902859, -7.90885305405, -8.44617366791, -6.33579206467, -3.51735949516, -3.00287055969, -0.0789286270738, -3.18143391609],
        "cov": [[20473.6191406, -3337.18554688, -333.460449219, 483.16998291, 390.895477295, 494.524383545, 437.188995361, 540.553710938, 562.462341309, 649.560974121, 574.479431152, 427.087402344, -149.929275513], [-3337.18554688, 1873.61010742, 372.992370605, -89.4616851807, 69.1860198975, 56.2265167236, 156.416122437, 90.011505127, 98.3703231812, 85.9753036499, 58.3698120117, 71.145324707, 152.364120483], [-333.460449219, 372.992370605, 704.378723145, 219.811920166, 107.331031799, 16.2300415039, 52.2116851807, 118.883628845, 128.215530396, 69.4128570557, 62.0725326538, 31.3004779816, 43.8161468506], [483.16998291, -89.4616851807, 219.811920166, 406.477813721, 102.669212341, 50.3307189941, -0.600099563599, 58.2433547974, 65.2765884399, 4.76479768753, 3.84906029701, -27.1356105804, -32.8849945068], [390.895477295, 69.1860198975, 107.331031799, 102.669212341, 220.414352417, 63.0600471497, 26.1341934204, 56.6032829285, 62.5827102661, 42.4289169312, 8.71197128296, 12.3813333511, 10.7333641052], [494.524383545, 56.2265167236, 16.2300415039, 50.3307189941, 63.0600471497, 203.443115234, 114.16469574, 19.3117351532, 2.93515348434, 39.5968170166, 48.7951431274, 3.41375303268, -1.26328837872], [437.188995361, 156.416122437, 52.2116851807, -0.600099563599, 26.1341934204, 114.16469574, 170.36958313, 67.9629135132, 36.6819114685, 74.7736968994, 58.9918899536, 42.4151878357, 26.1866264343], [540.553710938, 90.011505127, 118.883628845, 58.2433547974, 56.6032829285, 19.3117351532, 67.9629135132, 149.731033325, 108.640716553, 56.6078186035, 37.5790100098, 54.6389007568, 35.4969673157], [562.462341309, 98.3703231812, 128.215530396, 65.2765884399, 62.5827102661, 2.93515348434, 36.6819114685, 108.640716553, 152.816482544, 77.5683898926, 41.4164199829, 52.0542488098, 36.0313835144], [649.560974121, 85.9753036499, 69.4128570557, 4.76479768753, 42.4289169312, 39.5968170166, 74.7736968994, 56.6078186035, 77.5683898926, 125.977813721, 73.7205429077, 47.7951126099, 18.2188205719], [574.479431152, 58.3698120117, 62.0725326538, 3.84906029701, 8.71197128296, 48.7951431274, 58.9918899536, 37.5790100098, 41.4164199829, 73.7205429077, 114.494132996, 56.7238197327, 9.86198234558], [427.087402344, 71.145324707, 31.3004779816, -27.1356105804, 12.3813333511, 3.41375303268, 42.4151878357, 54.6389007568, 52.0542488098, 47.7951126099, 56.7238197327, 99.6192703247, 47.3315315247], [-149.929275513, 152.364120483, 43.8161468506, -32.8849945068, 10.7333641052, -1.26328837872, 26.1866264343, 35.4969673157, 36.0313835144, 18.2188205719, 9.86198234558, 47.3315315247, 86.0517349243]],
        "icov": [[0.000153971341206, 0.000321190134855, 9.2649293947e-005, -4.1338000301e-005, -0.000108848529635, -0.000194932756131, -0.000122468059999, -0.000179520589882, -0.000289707299089, -0.000364742882084, -0.000263105903286, -0.000374765717424, 0.000193444808247], [0.000321190134855, 0.0014225221239, -0.000209530291613, 0.000259926571744, -0.000401982251788, -0.000275346654234, -0.000949100591242, -3.61112251994e-005, -0.000867112481501, -0.000561551656574, -0.000674083246849, -0.00035958935041, -0.000646272732411], [9.2649293947e-005, -0.000209530291613, 0.00241223280318, -0.00123049411923, -0.000438262941316, 0.000680300232489, -0.000261210196186, -0.000696936447639, -0.000584519992117, -0.000149561543367, -0.00152902805712, 0.000766451179516, -0.000704380508978], [-4.1338000301e-005, 0.000259926571744, -0.00123049411923, 0.0041210479103, -0.000883612723555, -0.00117239751853, 0.000612995936535, -0.000632506853435, -0.00153270689771, 0.00143814820331, 1.34523061206e-005, 0.00109360145871, 0.00157076923642], [-0.000108848529635, -0.000401982251788, -0.000438262941316, -0.000883612723555, 0.0068901963532, -0.0030908503104, 0.00265507097356, -0.00139809108805, -0.000288929528324, -0.00244471197948, 0.00301091047004, -0.000876181642525, 4.6974986617e-005], [-0.000194932756131, -0.000275346654234, 0.000680300232489, -0.00117239751853, -0.0030908503104, 0.0115993572399, -0.00857375189662, 0.00272985128686, 0.000578131293878, 0.00300784176216, -0.00439964281395, 0.00394716206938, -0.00115345802624], [-0.000122468059999, -0.000949100591242, -0.000261210196186, 0.000612995936535, 0.00265507097356, -0.00857375189662, 0.0174623634666, -0.00751018803567, 0.00525313289836, -0.00736283231527, 0.00199979241006, -0.0019486687379, -0.000636750541162], [-0.000179520589882, -3.61112251994e-005, -0.000696936447639, -0.000632506853435, -0.00139809108805, 0.00272985128686, -0.00751018803567, 0.0190360490233, -0.0110721215606, 0.00460068089887, 0.000325004308252, -0.00276485877112, -0.000342727056704], [-0.000289707299089, -0.000867112481501, -0.000584519992117, -0.00153270689771, -0.000288929528324, 0.000578131293878, 0.00525313289836, -0.0110721215606, 0.0211347639561, -0.00912330951542, 0.00188435753807, -0.000886230031028, -0.00289069977589], [-0.000364742882084, -0.000561551656574, -0.000149561543367, 0.00143814820331, -0.00244471197948, 0.00300784176216, -0.00736283231527, 0.00460068089887, -0.00912330951542, 0.0223122332245, -0.00873775500804, 0.00190963875502, 0.000723599630874], [-0.000263105903286, -0.000674083246849, -0.00152902805712, 1.34523061206e-005, 0.00301091047004, -0.00439964281395, 0.00199979241006, 0.000325004308252, 0.00188435753807, -0.00873775500804, 0.0214034486562, -0.0103398431093, 0.00463132280856], [-0.000374765717424, -0.00035958935041, 0.000766451179516, 0.00109360145871, -0.000876181642525, 0.00394716206938, -0.0019486687379, -0.00276485877112, -0.000886230031028, 0.00190963875502, -0.0103398431093, 0.0247166082263, -0.0105310901999], [0.000193444808247, -0.000646272732411, -0.000704380508978, 0.00157076923642, 4.6974986617e-005, -0.00115345802624, -0.000636750541162, -0.000342727056704, -0.00289069977589, 0.000723599630874, 0.00463132280856, -0.0105310901999, 0.0206924341619]]
    },
    "spectral_contrast_coeffs": {
        "mean": [-0.641976177692, -0.672578215599, -0.728590965271, -0.769105792046, -0.781187355518, -0.770535469055],
        "var": [0.0070169204846, 0.0087631130591, 0.00612343288958, 0.00474832253531, 0.00344104110263, 0.0019037212478]
    },
    "spectral_contrast_valleys": {
        "mean": [-8.15691947937, -7.08612680435, -7.9126200676, -8.28887176514, -8.44839286804, -10.5695610046],
        "var": [2.81549096107, 2.51955866814, 1.90942800045, 2.56719970703, 3.615670681, 4.37435293198]
    }
},
"metadata": {
    "audio_properties": {
        "analysis_sample_rate": 44100,
        "bit_rate": 128074,
        "equal_loudness": 0,
        "length": 45.0612258911,
        "lossless": 0,
        "replay_gain": -5.66839408875,
        "sample_rate": 44100,
        "codec": "mp3",
        "downmix": "mix",
        "md5_encoded": "504ead2ae6c0c1e44db01a5d8e083a0a"
    },
    "tags": {
        "file_name": "1870.mp3"
    },
    "version": {
        "essentia": "2.1-beta2",
        "essentia_git_sha": "v2.1_beta2",
        "extractor": "music 1.0"
    }
},
"rhythm": {
    "beats_count": 61,
    "beats_loudness": {
        "mean": 0.0378066711128,
        "var": 0.00049275229685
    },
    "bpm": 82.0999755859,
    "bpm_histogram_first_peak_bpm": {
        "mean": 82,
        "var": 0
    },
    "bpm_histogram_first_peak_spread": {
        "mean": 0.192982465029,
        "var": 0
    },
    "bpm_histogram_first_peak_weight": {
        "mean": 0.766666650772,
        "var": 0
    },
    "bpm_histogram_second_peak_bpm": {
        "mean": 77,
        "var": 0
    },
    "bpm_histogram_second_peak_spread": {
        "mean": 0,
        "var": 0
    },
    "bpm_histogram_second_peak_weight": {
        "mean": 0.0333333350718,
        "var": 0
    },
    "danceability": 1.00677776337,
    "onset_rate": 3.54912447929,
    "beats_loudness_band_ratio": {
        "mean": [0.391858279705, 0.247267991304, 0.149124696851, 0.119132198393, 0.0602351687849, 0.076896391809],
        "var": [0.0643087103963, 0.0334411710501, 0.0176562462002, 0.0146132446826, 0.00203257077374, 0.00260362471454]
    },
    "beats_position": [0.673378646374, 1.369977355, 2.04335594177, 2.73995471001, 3.43655323982, 4.13315200806, 4.85297060013, 5.5727891922, 6.29260778427, 7.02403593063, 7.75546455383, 8.47528362274, 9.2067117691, 9.93814086914, 10.6579589844, 11.3893871307, 12.1208162308, 12.840634346, 13.5604534149, 14.2918815613, 15.0233106613, 15.7547388077, 16.4861679077, 17.2059860229, 17.9374141693, 18.6688423157, 19.3886623383, 20.1084804535, 20.8399085999, 21.5713367462, 22.3143768311, 23.0806350708, 23.8585033417, 24.6363716125, 25.4026298523, 26.168888092, 26.9235363007, 27.6781845093, 28.4444446564, 29.199092865, 29.9305210114, 30.6735591888, 31.4049873352, 32.1364173889, 32.8562355042, 33.5760536194, 34.2958717346, 35.0273017883, 35.7587280273, 36.4785499573, 37.2099761963, 37.94140625, 38.672832489, 39.4042625427, 40.124080658, 40.8438987732, 41.5637168884, 42.2951469421, 43.0265769958, 43.7580032349, 44.4894332886]
},
"tonal": {
    "chords_changes_rate": 0.0504115223885,
    "chords_number_rate": 0.0102880662307,
    "chords_strength": {
        "mean": 0.489572167397,
        "var": 0.00547597324476
    },
    "hpcp_entropy": {
        "mean": 1.68812668324,
        "var": 0.907909989357
    },
    "key_strength": 0.72054630518,
    "tuning_diatonic_strength": 0.493129730225,
    "tuning_equal_tempered_deviation": 0.0564226843417,
    "tuning_frequency": 441.017791748,
    "tuning_nontempered_energy_ratio": 0.647861659527,
    "hpcp": {
        "mean": [0.147528931499, 0.0852631106973, 0.0475954636931, 0.0451026894152, 0.0562131404877, 0.230942562222, 0.351059228182, 0.188218280673, 0.0855855122209, 0.0836915522814, 0.0462232641876, 0.0363276600838, 0.0392302945256, 0.0446123443544, 0.171884387732, 0.260040313005, 0.144375860691, 0.0580725558102, 0.0507147088647, 0.0754252374172, 0.269311696291, 0.379918843508, 0.214625537395, 0.0970091596246, 0.0768625363708, 0.0631579309702, 0.182159468532, 0.27013900876, 0.153241291642, 0.149564698339, 0.216787368059, 0.122320391238, 0.0415023602545, 0.0418779030442, 0.055407371372, 0.118623562157],
        "var": [0.0678173750639, 0.0252574998885, 0.0192227624357, 0.0193024743348, 0.0184079390019, 0.0684533417225, 0.13989071548, 0.0433575771749, 0.0301094204187, 0.0359700620174, 0.00933262240142, 0.00518592400476, 0.00671788537875, 0.00647593708709, 0.0469468906522, 0.109036803246, 0.0402133055031, 0.0174623243511, 0.0152385951951, 0.0205665584654, 0.0841242447495, 0.149749830365, 0.0657582879066, 0.0435945615172, 0.0364622063935, 0.024815024808, 0.0602279677987, 0.114170320332, 0.0392443574965, 0.047613799572, 0.0983373299241, 0.0343411415815, 0.00959792174399, 0.011104634963, 0.0165187604725, 0.0438359417021]
    },
    "chords_histogram": [37.0370368958, 10.6995887756, 28.292181015, 8.95061683655, 1.02880656719, 1.02880656719, 0.411522626877, 2.16049385071, 0, 3.90946507454, 0, 0, 0, 0, 0, 0, 0, 0, 0, 0, 0, 0, 1.02880656719, 5.45267486572],
    "thpcp": [1, 0.564924716949, 0.255341798067, 0.202313035727, 0.166240587831, 0.479469418526, 0.7110440135, 0.403352707624, 0.393675386906, 0.570614933968, 0.321964532137, 0.109240069985, 0.110228545964, 0.145840018988, 0.312233954668, 0.388316959143, 0.224424540997, 0.125277981162, 0.118716642261, 0.147960916162, 0.607873380184, 0.924037396908, 0.495417058468, 0.225273147225, 0.220287978649, 0.121666155756, 0.0956195294857, 0.103259667754, 0.117425985634, 0.45242395997, 0.684462785721, 0.380017638206, 0.152855157852, 0.13348826766, 0.198529869318, 0.708866357803],
    "chords_key": "E",
    "chords_scale": "minor",
    "key_key": "E",
    "key_scale": "minor"
}
}