{
"lowlevel": {
    "average_loudness": 0.891331791878,
    "barkbands_crest": {
        "mean": 9.15177822113,
        "var": 14.2738637924
    },
    "barkbands_flatness_db": {
        "mean": 0.114269457757,
        "var": 0.00396710541099
    },
    "barkbands_kurtosis": {
        "mean": 3.25618267059,
        "var": 29.9688930511
    },
    "barkbands_skewness": {
        "mean": 1.34784090519,
        "var": 0.869415402412
    },
    "barkbands_spread": {
        "mean": 22.3747653961,
        "var": 162.935684204
    },
    "dissonance": {
        "mean": 0.448370993137,
        "var": 0.00161545188166
    },
    "dynamic_complexity": 2.91544127464,
    "erbbands_crest": {
        "mean": 10.7557916641,
        "var": 27.1025733948
    },
    "erbbands_flatness_db": {
        "mean": 0.148078784347,
        "var": 0.00320591707714
    },
    "erbbands_kurtosis": {
        "mean": 1.43688642979,
        "var": 8.49598407745
    },
    "erbbands_skewness": {
        "mean": 0.712256133556,
        "var": 0.462179005146
    },
    "erbbands_spread": {
        "mean": 36.8486289978,
        "var": 480.530578613
    },
    "hfc": {
        "mean": 28.6946334839,
        "var": 534.688354492
    },
    "melbands_crest": {
        "mean": 11.6203689575,
        "var": 19.8688316345
    },
    "melbands_flatness_db": {
        "mean": 0.180141150951,
        "var": 0.00581289455295
    },
    "melbands_kurtosis": {
        "mean": 8.46131706238,
        "var": 85.0966186523
    },
    "melbands_skewness": {
        "mean": 2.0046107769,
        "var": 1.68632793427
    },
    "melbands_spread": {
        "mean": 22.8365001678,
        "var": 148.498245239
    },
    "pitch_salience": {
        "mean": 0.567508339882,
        "var": 0.0115781743079
    },
    "silence_rate_20dB": {
        "mean": 1,
        "var": 0
    },
    "silence_rate_30dB": {
        "mean": 1,
        "var": 0
    },
    "silence_rate_60dB": {
        "mean": 0.0468589067459,
        "var": 0.0446632169187
    },
    "spectral_centroid": {
        "mean": 1200.56469727,
        "var": 247001.421875
    },
    "spectral_complexity": {
        "mean": 20.0437698364,
        "var": 94.6217956543
    },
    "spectral_decrease": {
        "mean": -6.8698700062e-009,
        "var": 2.71479469356e-017
    },
    "spectral_energy": {
        "mean": 0.0285312049091,
        "var": 0.000450281659141
    },
    "spectral_energyband_high": {
        "mean": 0.00134859129321,
        "var": 2.36409823628e-006
    },
    "spectral_energyband_low": {
        "mean": 0.0057260170579,
        "var": 0.000138027317007
    },
    "spectral_energyband_middle_high": {
        "mean": 0.00862773135304,
        "var": 9.77414820227e-005
    },
    "spectral_energyband_middle_low": {
        "mean": 0.0140913398936,
        "var": 0.000106998275442
    },
    "spectral_entropy": {
        "mean": 7.5305814743,
        "var": 0.366567015648
    },
    "spectral_flux": {
        "mean": 0.0878842845559,
        "var": 0.00297532812692
    },
    "spectral_kurtosis": {
        "mean": 6.28736495972,
        "var": 149.263320923
    },
    "spectral_rms": {
        "mean": 0.00489623052999,
        "var": 3.86225337934e-006
    },
    "spectral_rolloff": {
        "mean": 1509.18408203,
        "var": 2038139.5
    },
    "spectral_skewness": {
        "mean": 1.82950508595,
        "var": 0.878285944462
    },
    "spectral_spread": {
        "mean": 5485279.5,
        "var": 3.75526601523e+012
    },
    "spectral_strongpeak": {
        "mean": 1.78648114204,
        "var": 4.24707174301
    },
    "zerocrossingrate": {
        "mean": 0.0727365538478,
        "var": 0.0012988577364
    },
    "barkbands": {
        "mean": [0.00010235991067, 0.002968973713, 0.00164245942142, 0.00216617411934, 0.00217456370592, 0.0034433491528, 0.00244150613435, 0.00199251319282, 0.00136624951847, 0.00130315625574, 0.00211436371319, 0.000510699930601, 0.0017494779313, 0.00155607901979, 0.000448925682576, 0.000315621815389, 0.000335106335115, 0.000221964204684, 0.00021548771474, 0.000208209443372, 0.000305069930619, 0.000208258410566, 0.000177452238859, 0.000223109265789, 0.000179074282642, 0.000142362958286, 1.86129345821e-005],
        "var": [1.08451203573e-007, 8.19838242023e-005, 9.75681723503e-006, 9.06636068976e-006, 1.14961103463e-005, 1.93018422578e-005, 1.48228946273e-005, 5.86474607189e-006, 4.66274468636e-006, 8.8793303803e-006, 1.78163572855e-005, 2.67827135758e-006, 1.23621257444e-005, 1.4608800484e-005, 5.45227464954e-007, 2.26650641366e-007, 2.57316713714e-007, 9.54973629064e-008, 5.87950985675e-008, 6.77142182326e-008, 1.1741910555e-007, 6.32164329772e-008, 4.34571205687e-008, 1.30077694394e-007, 3.41798539694e-007, 4.81160924437e-008, 1.08743125615e-009]
    },
    "erbbands": {
        "mean": [0.0706533715129, 0.712125301361, 1.769572258, 4.96664905548, 6.90307807922, 7.57228279114, 14.8159761429, 30.4083194733, 32.0703926086, 38.9951057434, 53.0148735046, 36.3460159302, 35.0937194824, 55.6385650635, 65.4000701904, 33.2387886047, 77.0503311157, 99.3209457397, 23.1801376343, 22.5291004181, 19.3312969208, 18.0547485352, 12.3132076263, 12.1113824844, 10.5709381104, 10.2524433136, 12.4224281311, 10.4171276093, 7.70173168182, 6.56011104584, 4.85401821136, 4.71124219894, 3.51459360123, 2.40387678146, 1.03809762001, 0.492103219032, 0.289993405342, 0.0703731328249, 0.00181548262481, 7.89078258094e-005],
        "var": [0.0419985689223, 5.03879356384, 17.2337265015, 27.1818218231, 156.524581909, 122.240509033, 279.433319092, 2026.99609375, 2089.22924805, 4550.46533203, 3798.04980469, 3170.17333984, 8050.44042969, 9054.75976563, 15765.6591797, 6747.51074219, 22320.4003906, 58066.8242188, 1631.46325684, 1075.49865723, 836.297058105, 814.536376953, 298.193206787, 191.798614502, 172.046920776, 130.15284729, 213.840438843, 148.977340698, 85.9749832153, 55.9359512329, 35.1169128418, 45.7560768127, 41.2254295349, 42.8613891602, 17.9190120697, 1.7253690958, 0.144357696176, 0.0104927532375, 8.02348222351e-006, 6.28866558827e-009]
    },
    "gfcc": {
        "mean": [22.7928314209, 75.3901138306, -102.909446716, 10.754737854, -64.9204101563, 10.5529413223, -40.2450065613, 5.3111333847, -25.9119186401, 9.48872470856, -19.1593532562, 1.87804758549, -17.1279754639],
        "cov": [[8916.15429688, -2479.65478516, 11.4336910248, 670.494018555, -314.683959961, 638.35748291, -21.3065032959, 392.794006348, -193.332519531, 223.111099243, -332.180541992, 91.9916763306, -435.243804932], [-2479.65478516, 1504.21789551, 94.3780975342, -283.916625977, 297.269165039, -169.086212158, 179.749755859, -83.9529418945, 125.073982239, -58.6996765137, 135.961685181, -116.137023926, 133.499526978], [11.4336910248, 94.3780975342, 451.369415283, 76.8078308105, 67.7992782593, -34.493221283, 62.9189109802, 73.5972824097, 68.9555511475, 29.0495414734, -58.8553695679, -16.171880722, -30.2550907135], [670.494018555, -283.916625977, 76.8078308105, 462.416046143, -33.5282173157, -25.1710548401, -87.140083313, 4.74279117584, -3.1403632164, -33.4476509094, -89.2997283936, 12.1816892624, -8.04894161224], [-314.683959961, 297.269165039, 67.7992782593, -33.5282173157, 220.340423584, 8.6233215332, 76.7875900269, 20.7921733856, 54.087272644, 19.378288269, 13.0805206299, -11.8587217331, 13.8588600159], [638.35748291, -169.086212158, -34.493221283, -25.1710548401, 8.6233215332, 209.985397339, 41.35754776, 31.9092082977, -41.3857269287, 36.4002304077, 20.9481487274, -14.1965370178, -46.1432342529], [-21.3065032959, 179.749755859, 62.9189109802, -87.140083313, 76.7875900269, 41.35754776, 198.65007019, 32.5108566284, 4.36331748962, 44.7749900818, 16.473608017, -15.8179626465, -43.663318634], [392.794006348, -83.9529418945, 73.5972824097, 4.74279117584, 20.7921733856, 31.9092082977, 32.5108566284, 165.644378662, 61.407081604, 15.8540582657, -28.105009079, 17.4583950043, -3.70433235168], [-193.332519531, 125.073982239, 68.9555511475, -3.1403632164, 54.087272644, -41.3857269287, 4.36331748962, 61.407081604, 93.2151107788, 5.60012578964, -10.7785367966, 6.17940092087, 20.5538158417], [223.111099243, -58.6996765137, 29.0495414734, -33.4476509094, 19.378288269, 36.4002304077, 44.7749900818, 15.8540582657, 5.60012578964, 95.6802139282, 17.5063667297, -0.679293990135, -38.1988372803], [-332.180541992, 135.961685181, -58.8553695679, -89.2997283936, 13.0805206299, 20.9481487274, 16.473608017, -28.105009079, -10.7785367966, 17.5063667297, 105.15838623, 5.95154047012, 20.8645000458], [91.9916763306, -116.137023926, -16.171880722, 12.1816892624, -11.8587217331, -14.1965370178, -15.8179626465, 17.4583950043, 6.17940092087, -0.679293990135, 5.95154047012, 76.6017837524, 20.8823986053], [-435.243804932, 133.499526978, -30.2550907135, -8.04894161224, 13.8588600159, -46.1432342529, -43.663318634, -3.70433235168, 20.5538158417, -38.1988372803, 20.8645000458, 20.8823986053, 93.5957336426]],
        "icov": [[0.000330545590259, 0.000201604081667, 0.000109790023998, -0.000291061092867, 2.29082525038e-005, -0.000546531926375, 6.00362291152e-005, -0.000629600835964, 0.000419665215304, -0.000341586448485, 0.000500430585817, -0.000229850542382, 0.000698433606885], [0.000201604081667, 0.00365020125173, -0.000381448218832, 0.000664854422212, -0.00223923404701, 0.00157456344459, -0.00320785748772, 0.00199123099446, -0.00349979312159, 0.00265926681459, -0.00318687874824, 0.00538277532905, -0.00328157097101], [0.000109790023998, -0.000381448218832, 0.00315026892349, -0.00072614417877, -6.92457542755e-005, 0.000180336268386, -0.000387878157198, -0.00106192170642, -0.000795406871475, -0.00113417918328, 0.0015990230022, -0.000163658492966, 0.00127853977028], [-0.000291061092867, 0.000664854422212, -0.00072614417877, 0.00337584968656, -0.000776478787884, 0.000829032156616, 0.000472910469398, 0.00122795591597, -0.000668233900797, 0.00137748999987, 0.000739255454391, 0.00082534737885, -0.00109333032742], [2.29082525038e-005, -0.00223923404701, -6.92457542755e-005, -0.000776478787884, 0.00845586042851, -0.0027681349311, -0.000893500400707, 0.000404832244385, -0.00268967612647, -0.00228242529556, 0.00228582834825, -0.00276428367943, -3.99701384595e-005], [-0.000546531926375, 0.00157456344459, 0.000180336268386, 0.000829032156616, -0.0027681349311, 0.00956400390714, -0.00143126910552, -0.00168684672099, 0.00288368854672, 0.000870378687978, -0.00475373584777, 0.00467093801126, -0.000527737138327], [6.00362291152e-005, -0.00320785748772, -0.000387878157198, 0.000472910469398, -0.000893500400707, -0.00143126910552, 0.0113130938262, -0.00437119184062, 0.00618203636259, -0.00362471723929, 0.00208297767676, -0.00478317029774, 0.00706723192707], [-0.000629600835964, 0.00199123099446, -0.00106192170642, 0.00122795591597, 0.000404832244385, -0.00168684672099, -0.00437119184062, 0.0142189972103, -0.0124796470627, 0.00251365918666, -0.000150795531226, 0.00133078871295, -0.00487051578239], [0.000419665215304, -0.00349979312159, -0.000795406871475, -0.000668233900797, -0.00268967612647, 0.00288368854672, 0.00618203636259, -0.0124796470627, 0.0282417219132, -0.00594207923859, 0.00397608848289, -0.00493415305391, 0.00242632813752], [-0.000341586448485, 0.00265926681459, -0.00113417918328, 0.00137748999987, -0.00228242529556, 0.000870378687978, -0.00362471723929, 0.00251365918666, -0.00594207923859, 0.0180270615965, -0.00702557060868, 0.00279627088457, 0.00315039930865], [0.000500430585817, -0.00318687874824, 0.0015990230022, 0.000739255454391, 0.00228582834825, -0.00475373584777, 0.00208297767676, -0.000150795531226, 0.00397608848289, -0.00702557060868, 0.0191427730024, -0.00694918446243, -0.000720511889085], [-0.000229850542382, 0.00538277532905, -0.000163658492966, 0.00082534737885, -0.00276428367943, 0.00467093801126, -0.00478317029774, 0.00133078871295, -0.00493415305391, 0.00279627088457, -0.00694918446243, 0.0241065975279, -0.00979966763407], [0.000698433606885, -0.00328157097101, 0.00127853977028, -0.00109333032742, -3.99701384595e-005, -0.000527737138327, 0.00706723192707, -0.00487051578239, 0.00242632813752, 0.00315039930865, -0.000720511889085, -0.00979966763407, 0.024881940335]]
    },
    "melbands": {
        "mean": [0.000746220466681, 0.000971921079326, 0.00095918844454, 0.000484306365252, 0.000480899674585, 0.000684293510858, 0.000508120050654, 0.000395521463361, 0.000426366605097, 0.00019688528846, 0.000169048915268, 0.000212351034861, 0.000300708052237, 5.54583566554e-005, 0.000133820707561, 0.000200380425667, 0.000169118735357, 3.16310361086e-005, 3.08974449581e-005, 2.45183200605e-005, 2.24523209909e-005, 2.02166957024e-005, 1.21887442219e-005, 1.16927431009e-005, 9.36376090976e-006, 8.45003160066e-006, 6.79813365423e-006, 6.28956377113e-006, 8.69753512234e-006, 5.45407237951e-006, 6.39128620605e-006, 4.41291422248e-006, 3.83086489819e-006, 3.58213719664e-006, 2.81720394923e-006, 2.61063360085e-006, 3.00035208056e-006, 2.61869445239e-006, 2.03515833164e-006, 2.05698984246e-006],
        "var": [4.83135772811e-006, 6.32157389191e-006, 1.32223476612e-006, 7.05930517597e-007, 2.60898275428e-007, 9.09361006052e-007, 4.99602151649e-007, 4.04345001925e-007, 2.35345467559e-007, 1.01156423682e-007, 2.04692057082e-007, 1.50776770624e-007, 3.70996389165e-007, 2.85402528277e-008, 7.23125452851e-008, 1.91158648022e-007, 1.67420608932e-007, 4.74987116306e-009, 2.79038969708e-009, 1.08479547567e-009, 1.24969190551e-009, 1.24567900439e-009, 3.64169722156e-010, 2.81717232875e-010, 1.28992691528e-010, 1.13906356569e-010, 9.19907414132e-011, 5.35192896944e-011, 1.25608634605e-010, 4.4791097914e-011, 5.62055159359e-011, 2.97216071199e-011, 2.35377099755e-011, 1.75515244699e-011, 1.22984079517e-011, 1.27366788991e-011, 2.45921876613e-011, 2.5014866914e-011, 1.6635236591e-011, 4.12072528877e-011]
    },
    "mfcc": {
        "mean": [-628.340026855, 116.568626404, 11.4065856934, 6.44567108154, -2.74035930634, 1.07984280586, -4.68015813828, -6.48360824585, -2.89146447182, 0.872135341167, -0.313673347235, 1.90649116039, -3.55405569077],
        "cov": [[7958.9140625, -2109.3515625, -3.89711809158, 132.176345825, -78.6441040039, 119.287727356, 122.606163025, 227.092926025, 77.5409240723, 98.5869750977, 177.30859375, 117.527023315, -47.0991287231], [-2109.3515625, 1387.49743652, -16.0112323761, -90.9544830322, 31.0739612579, 9.74367046356, 107.243339539, -22.1347389221, 71.6965255737, 120.771606445, 32.4908866882, 43.2943382263, 35.0226325989], [-3.89711809158, -16.0112323761, 335.519805908, 103.921485901, 22.6848220825, -7.69868278503, -12.644370079, 13.6614313126, 41.7896308899, 7.93246173859, 25.3260765076, 1.81269478798, -9.31863594055], [132.176345825, -90.9544830322, 103.921485901, 349.097503662, 61.6767807007, 10.6179590225, -71.721572876, 10.5484333038, 63.0378990173, -17.9940872192, -2.74995994568, -36.4353942871, -22.6123180389], [-78.6441040039, 31.0739612579, 22.6848220825, 61.6767807007, 183.447814941, -6.83161258698, -48.30519104, 18.4890842438, 43.8079872131, 4.92080402374, -25.1294441223, -7.5830078125, 2.47823691368], [119.287727356, 9.74367046356, -7.69868278503, 10.6179590225, -6.83161258698, 134.905197144, 67.2153549194, -15.220076561, -27.9051151276, 6.47078275681, 29.0154018402, -9.21295166016, 2.34593153], [122.606163025, 107.243339539, -12.644370079, -71.721572876, -48.30519104, 67.2153549194, 155.676300049, 14.0711641312, -23.5836238861, 48.5536880493, 33.9067649841, 26.5747566223, 19.3439884186], [227.092926025, -22.1347389221, 13.6614313126, 10.5484333038, 18.4890842438, -15.220076561, 14.0711641312, 93.7589874268, 55.8785552979, 12.7302074432, 3.08386921883, 27.4554252625, 16.5887145996], [77.5409240723, 71.6965255737, 41.7896308899, 63.0378990173, 43.8079872131, -27.9051151276, -23.5836238861, 55.8785552979, 128.510925293, 39.5589256287, 5.15705251694, 21.6462993622, 10.3235044479], [98.5869750977, 120.771606445, 7.93246173859, -17.9940872192, 4.92080402374, 6.47078275681, 48.5536880493, 12.7302074432, 39.5589256287, 99.9482192993, 38.9450263977, 24.4664287567, -0.795469403267], [177.30859375, 32.4908866882, 25.3260765076, -2.74995994568, -25.1294441223, 29.0154018402, 33.9067649841, 3.08386921883, 5.15705251694, 38.9450263977, 90.5907745361, 33.0821800232, -2.59686732292], [117.527023315, 43.2943382263, 1.81269478798, -36.4353942871, -7.5830078125, -9.21295166016, 26.5747566223, 27.4554252625, 21.6462993622, 24.4664287567, 33.0821800232, 82.367729187, 28.0779781342], [-47.0991287231, 35.0226325989, -9.31863594055, -22.6123180389, 2.47823691368, 2.34593153, 19.3439884186, 16.5887145996, 10.3235044479, -0.795469403267, -2.59686732292, 28.0779781342, 69.7929992676]],
        "icov": [[0.000317724596243, 0.000572777236812, 0.000126506740344, -5.98800033913e-005, -6.53426468489e-006, -0.000155260277097, -0.000374304305296, -0.000316828372888, -0.000294982193736, -0.000471408304293, -0.000322617706843, -0.000317844882375, 0.000263104768237], [0.000572777236812, 0.00194382725749, 0.000279867352219, 8.09891789686e-005, -0.000309632858261, -2.39969031099e-005, -0.00146048411261, 0.000487611221615, -0.0014242590405, -0.00132380169816, -0.00056653568754, -0.000602310057729, 0.000192222840269], [0.000126506740344, 0.000279867352219, 0.00352190504782, -0.000951432390139, -0.000300605111988, 0.000654112431221, -0.000844934955239, 0.000150403415319, -0.000990311033092, 0.000405664555728, -0.00146646297071, 4.35513320554e-005, 0.000373059418052], [-5.98800033913e-005, 8.09891789686e-005, -0.000951432390139, 0.00428397534415, -0.000559779349715, -0.00133529026061, 0.00141714850906, 0.000206345619517, -0.00232243142091, 0.000982763478532, -0.000663225655444, 0.00165791762993, 0.000465882971184], [-6.53426468489e-006, -0.000309632858261, -0.000300605111988, -0.000559779349715, 0.00719411764294, -0.00197367300279, 0.00330834463239, -0.00155416422058, -0.000398176955059, -0.00214325753041, 0.00268166163005, -0.000328111404087, -0.000540943234228], [-0.000155260277097, -2.39969031099e-005, 0.000654112431221, -0.00133529026061, -0.00197367300279, 0.0125732487068, -0.00713477283716, 0.00271200528368, 0.00017847341951, 0.00314789637923, -0.00455626100302, 0.00344132003374, -0.00100217736326], [-0.000374304305296, -0.00146048411261, -0.000844934955239, 0.00141714850906, 0.00330834463239, -0.00713477283716, 0.0161266326904, -0.00543584721163, 0.00582037121058, -0.00719479843974, 0.00203780177981, -0.00126666657161, -0.00258623971604], [-0.000316828372888, 0.000487611221615, 0.000150403415319, 0.000206345619517, -0.00155416422058, 0.00271200528368, -0.00543584721163, 0.0188372321427, -0.00902047939599, 0.00401707179844, 0.000247753050644, -0.00269488431513, -0.000904799206182], [-0.000294982193736, -0.0014242590405, -0.000990311033092, -0.00232243142091, -0.000398176955059, 0.00017847341951, 0.00582037121058, -0.00902047939599, 0.018010456115, -0.00756511976942, 0.0018980455352, -0.00129410612863, -0.00198906706646], [-0.000471408304293, -0.00132380169816, 0.000405664555728, 0.000982763478532, -0.00214325753041, 0.00314789637923, -0.00719479843974, 0.00401707179844, -0.00756511976942, 0.0204110424966, -0.00614993087947, 0.000411083368817, 0.0026857946068], [-0.000322617706843, -0.00056653568754, -0.00146646297071, -0.000663225655444, 0.00268166163005, -0.00455626100302, 0.00203780177981, 0.000247753050644, 0.0018980455352, -0.00614993087947, 0.0191288795322, -0.0077342921868, 0.00256257364526], [-0.000317844882375, -0.000602310057729, 4.35513320554e-005, 0.00165791762993, -0.000328111404087, 0.00344132003374, -0.00126666657161, -0.00269488431513, -0.00129410612863, 0.000411083368817, -0.0077342921868, 0.0210265014321, -0.00703241489828], [0.000263104768237, 0.000192222840269, 0.000373059418052, 0.000465882971184, -0.000540943234228, -0.00100217736326, -0.00258623971604, -0.000904799206182, -0.00198906706646, 0.0026857946068, 0.00256257364526, -0.00703241489828, 0.0188440307975]]
    },
    "spectral_contrast_coeffs": {
        "mean": [-0.634100019932, -0.695553958416, -0.719985187054, -0.755243182182, -0.775754332542, -0.772542774677],
        "var": [0.00452981470153, 0.00472090113908, 0.00543626351282, 0.00509676989168, 0.00227702176198, 0.00128177565057]
    },
    "spectral_contrast_valleys": {
        "mean": [-7.42340993881, -6.4103269577, -7.38528585434, -7.73263168335, -7.83352231979, -9.84719848633],
        "var": [1.0507825613, 0.974615991116, 0.79807716608, 1.0630543232, 1.51842856407, 1.86522018909]
    }
},
"metadata": {
    "audio_properties": {
        "analysis_sample_rate": 44100,
        "bit_rate": 128074,
        "equal_loudness": 0,
        "length": 45.0612258911,
        "lossless": 0,
        "replay_gain": -5.56427955627,
        "sample_rate": 44100,
        "codec": "mp3",
        "downmix": "mix",
        "md5_encoded": "96bf5af71a72990f7cf0bbc7a6b5f313"
    },
    "tags": {
        "file_name": "1871.mp3"
    },
    "version": {
        "essentia": "2.1-beta2",
        "essentia_git_sha": "v2.1_beta2",
        "extractor": "music 1.0"
    }
},
"rhythm": {
    "beats_count": 61,
    "beats_loudness": {
        "mean": 0.0443461835384,
        "var": 0.000390694418456
    },
    "bpm": 82.8715133667,
    "bpm_histogram_first_peak_bpm": {
        "mean": 83,
        "var": 0
    },
    "bpm_histogram_first_peak_spread": {
        "mean": 0.153846144676,
        "var": 0
    },
    "bpm_histogram_first_peak_weight": {
        "mean": 0.733333349228,
        "var": 0
    },
    "bpm_histogram_second_peak_bpm": {
        "mean": 78,
        "var": 0
    },
    "bpm_histogram_second_peak_spread": {
        "mean": 0,
        "var": 0
    },
    "bpm_histogram_second_peak_weight": {
        "mean": 0.0666666701436,
        "var": 0
    },
    "danceability": 1.04255592823,
    "onset_rate": 4.25894927979,
    "beats_loudness_band_ratio": {
        "mean": [0.3294916749, 0.290705561638, 0.152886673808, 0.140623658895, 0.0611673407257, 0.082316018641],
        "var": [0.0289710033685, 0.0384883210063, 0.0117112612352, 0.0213909819722, 0.00088246766245, 0.00166081113275]
    },
    "beats_position": [0.66176867485, 1.34675729275, 2.03174591064, 2.70512461662, 3.39011335373, 4.08671188354, 4.80653047562, 5.52634906769, 6.25777769089, 6.98920631409, 7.70902490616, 8.44045352936, 9.17188167572, 9.89170074463, 10.623128891, 11.354557991, 12.0743761063, 12.7941951752, 13.5256233215, 14.2570514679, 14.9768705368, 15.7199087143, 16.4397277832, 17.1595458984, 17.9025840759, 18.6224040985, 19.3422222137, 20.0852603912, 20.8050785065, 21.5248966217, 22.2447166443, 22.9645347595, 23.707572937, 24.4506111145, 25.1704311371, 25.8902492523, 26.6216773987, 27.353105545, 28.0729255676, 28.7927436829, 29.5357818604, 30.2555999756, 30.9870281219, 31.7184581757, 32.4382743835, 33.1580963135, 33.8895225525, 34.6209526062, 35.3523788452, 36.0838088989, 36.8036270142, 37.5234451294, 38.2548751831, 38.9863014221, 39.7061233521, 40.4259414673, 41.192199707, 41.9584579468, 42.7247161865, 43.4909744263, 44.2340126038]
},
"tonal": {
    "chords_changes_rate": 0.0339506156743,
    "chords_number_rate": 0.00617283955216,
    "chords_strength": {
        "mean": 0.503208816051,
        "var": 0.00583421252668
    },
    "hpcp_entropy": {
        "mean": 1.75896573067,
        "var": 0.627162337303
    },
    "key_strength": 0.643653512001,
    "tuning_diatonic_strength": 0.537035107613,
    "tuning_equal_tempered_deviation": 0.0290373302996,
    "tuning_frequency": 440.763122559,
    "tuning_nontempered_energy_ratio": 0.632797777653,
    "hpcp": {
        "mean": [0.14710482955, 0.0978122353554, 0.0614542141557, 0.0598387606442, 0.0664862170815, 0.254212111235, 0.396891981363, 0.218524053693, 0.0966034606099, 0.0950398892164, 0.0537867695093, 0.0421400330961, 0.0457172729075, 0.0559371337295, 0.256254136562, 0.404300957918, 0.221347823739, 0.0681689307094, 0.0536036603153, 0.076731801033, 0.246447741985, 0.348923683167, 0.212465971708, 0.109286375344, 0.0840881317854, 0.0666853487492, 0.188004165888, 0.294329226017, 0.174592748284, 0.128597706556, 0.186912849545, 0.117339245975, 0.0461805351079, 0.0402088686824, 0.0535323135555, 0.113398239017],
        "var": [0.0528010167181, 0.0291313100606, 0.0225820299238, 0.0285277608782, 0.0221986733377, 0.0650269240141, 0.135346397758, 0.0445280298591, 0.0279161073267, 0.0377766266465, 0.0126834018156, 0.00848274212331, 0.00854364968836, 0.00829848088324, 0.0590718947351, 0.135417923331, 0.0501539967954, 0.0215165410191, 0.0168390013278, 0.0244988463819, 0.0758182927966, 0.13430082798, 0.0674357563257, 0.0478451028466, 0.0407940484583, 0.027882033959, 0.0532081648707, 0.106206782162, 0.0423792935908, 0.0348159745336, 0.0723411440849, 0.0345316380262, 0.0131886443123, 0.0100302724168, 0.0159671828151, 0.0329733863473]
    },
    "chords_histogram": [16.563785553, 44.7530860901, 4.73251008987, 1.13168728352, 2.36625504494, 0, 0, 0, 0, 0, 0, 0, 0, 0, 0, 0, 0, 0.308641970158, 0, 0, 0, 0.102880656719, 0.411522626877, 29.6296291351],
    "thpcp": [1, 0.547482788563, 0.168609365821, 0.132583558559, 0.189788818359, 0.609565079212, 0.86302959919, 0.525514364243, 0.270309478045, 0.207984000444, 0.164939880371, 0.465010434389, 0.72799539566, 0.431838572025, 0.318074196577, 0.462311178446, 0.290227472782, 0.1142231673, 0.0994528159499, 0.132407084107, 0.280479758978, 0.363849818707, 0.241929262877, 0.152001157403, 0.148005485535, 0.164447337389, 0.628769516945, 0.981674611568, 0.540498495102, 0.238939478993, 0.235072135925, 0.133036464453, 0.104229368269, 0.113077327609, 0.138355180621, 0.633820235729],
    "chords_key": "B",
    "chords_scale": "minor",
    "key_key": "G",
    "key_scale": "major"
}
}