{
"lowlevel": {
    "average_loudness": 0.957301259041,
    "barkbands_crest": {
        "mean": 10.9749240875,
        "var": 15.6743364334
    },
    "barkbands_flatness_db": {
        "mean": 0.165385514498,
        "var": 0.00498302374035
    },
    "barkbands_kurtosis": {
        "mean": 4.80322551727,
        "var": 39.9434623718
    },
    "barkbands_skewness": {
        "mean": 1.65989732742,
        "var": 0.814573824406
    },
    "barkbands_spread": {
        "mean": 14.451543808,
        "var": 86.4115066528
    },
    "dissonance": {
        "mean": 0.446242839098,
        "var": 0.00155346351676
    },
    "dynamic_complexity": 1.57188284397,
    "erbbands_crest": {
        "mean": 9.77947044373,
        "var": 16.7548141479
    },
    "erbbands_flatness_db": {
        "mean": 0.186460226774,
        "var": 0.00417128857225
    },
    "erbbands_kurtosis": {
        "mean": 1.20029401779,
        "var": 8.87199401855
    },
    "erbbands_skewness": {
        "mean": 0.740260839462,
        "var": 0.526353299618
    },
    "erbbands_spread": {
        "mean": 26.5509204865,
        "var": 141.949874878
    },
    "hfc": {
        "mean": 24.1873493195,
        "var": 205.508804321
    },
    "melbands_crest": {
        "mean": 14.7914896011,
        "var": 24.7096309662
    },
    "melbands_flatness_db": {
        "mean": 0.245032534003,
        "var": 0.00575368758291
    },
    "melbands_kurtosis": {
        "mean": 8.82056331635,
        "var": 74.6313934326
    },
    "melbands_skewness": {
        "mean": 2.14101481438,
        "var": 0.933198273182
    },
    "melbands_spread": {
        "mean": 15.0380334854,
        "var": 92.7466278076
    },
    "pitch_salience": {
        "mean": 0.543050765991,
        "var": 0.00907489843667
    },
    "silence_rate_20dB": {
        "mean": 1,
        "var": 0
    },
    "silence_rate_30dB": {
        "mean": 0.99330586195,
        "var": 0.0066493251361
    },
    "silence_rate_60dB": {
        "mean": 0.00308959838003,
        "var": 0.00308004394174
    },
    "spectral_centroid": {
        "mean": 849.983886719,
        "var": 128323.8125
    },
    "spectral_complexity": {
        "mean": 19.1153450012,
        "var": 44.0444488525
    },
    "spectral_decrease": {
        "mean": -1.0744323653e-008,
        "var": 2.84732970721e-017
    },
    "spectral_energy": {
        "mean": 0.0427454374731,
        "var": 0.000424988946179
    },
    "spectral_energyband_high": {
        "mean": 0.000460733281216,
        "var": 5.46257979295e-007
    },
    "spectral_energyband_low": {
        "mean": 0.0137561997399,
        "var": 0.000279822619632
    },
    "spectral_energyband_middle_high": {
        "mean": 0.00689704483375,
        "var": 3.18231941492e-005
    },
    "spectral_energyband_middle_low": {
        "mean": 0.0229803584516,
        "var": 0.000144046149217
    },
    "spectral_entropy": {
        "mean": 7.10759544373,
        "var": 0.293565511703
    },
    "spectral_flux": {
        "mean": 0.0876549631357,
        "var": 0.00119618792087
    },
    "spectral_kurtosis": {
        "mean": 9.9764509201,
        "var": 57.7476844788
    },
    "spectral_rms": {
        "mean": 0.00622666813433,
        "var": 2.93148741548e-006
    },
    "spectral_rolloff": {
        "mean": 960.081726074,
        "var": 528649.9375
    },
    "spectral_skewness": {
        "mean": 2.39900946617,
        "var": 0.435225695372
    },
    "spectral_spread": {
        "mean": 3997030.75,
        "var": 4.17479104922e+012
    },
    "spectral_strongpeak": {
        "mean": 1.16896307468,
        "var": 1.62479555607
    },
    "zerocrossingrate": {
        "mean": 0.0440574511886,
        "var": 0.000711162632797
    },
    "barkbands": {
        "mean": [0.000378366414225, 0.0100768171251, 0.00212199660018, 0.00328416470438, 0.00248941127211, 0.0077405506745, 0.00577610963956, 0.00174996536225, 0.00159685174003, 0.00109908473678, 0.00118786841631, 0.000725664373022, 0.000995624228381, 0.000878340448253, 0.000470621598652, 0.000782387796789, 0.000457910471596, 0.000230037214351, 0.000195378772332, 7.70582046243e-005, 6.38977726339e-005, 5.30698380317e-005, 4.27135310019e-005, 6.19851416559e-005, 9.1368885478e-005, 0.000102563688415, 1.56552941917e-005],
        "var": [4.07211530273e-007, 0.000192436084035, 2.56827333942e-005, 4.24873687734e-005, 1.07892101369e-005, 5.2651266742e-005, 3.36365192197e-005, 5.03450019096e-006, 7.51549532652e-006, 2.05538185583e-006, 4.5503606998e-006, 8.37408379084e-007, 1.68670271705e-006, 2.20807623919e-006, 5.62883087696e-007, 4.03988224207e-006, 7.95970890977e-007, 1.86572151506e-007, 1.01049622003e-007, 7.7327246828e-009, 7.31855953617e-009, 5.43647526996e-009, 5.98461324941e-009, 1.08543058985e-008, 2.93237931714e-008, 6.82727829826e-008, 2.5470776599e-009]
    },
    "erbbands": {
        "mean": [0.368408232927, 1.94047307968, 2.77671718597, 6.24972438812, 9.79317378998, 7.70561647415, 38.5292282104, 64.8219223022, 84.2656173706, 61.6113967896, 38.9674377441, 35.9126701355, 27.4255847931, 34.8749885559, 49.1624412537, 36.7812919617, 50.419631958, 49.1064949036, 32.3509140015, 31.3723392487, 32.2709579468, 19.3373336792, 13.6255302429, 14.0609149933, 5.92768335342, 4.07008647919, 2.59474396706, 2.32154679298, 1.82248735428, 1.6176211834, 1.34575617313, 1.20722842216, 1.06116831303, 0.975278019905, 0.665438890457, 0.386348932981, 0.191289022565, 0.0536330789328, 0.00154852948617, 8.246692596e-005],
        "var": [0.323422938585, 7.35680675507, 31.006231308, 131.922348022, 261.203765869, 154.31552124, 1762.32971191, 3911.74121094, 7999.16015625, 3128.48901367, 2855.23974609, 2702.29931641, 1150.93664551, 2796.8894043, 6026.86083984, 1730.18554688, 4065.18139648, 6403.19824219, 2011.4888916, 4049.09130859, 3872.90063477, 957.305297852, 545.320129395, 661.060424805, 50.8468933105, 21.5397968292, 10.2564706802, 10.1620388031, 6.18489217758, 6.97480487823, 6.14411115646, 4.79395961761, 3.41078186035, 3.04426193237, 1.75958812237, 0.874346137047, 0.248975321651, 0.0233410969377, 2.21153823077e-005, 9.79530767609e-009]
    },
    "gfcc": {
        "mean": [9.53677368164, 111.972038269, -113.998207092, 1.72448825836, -58.1178703308, 2.74318599701, -43.239692688, 5.80154848099, -23.6788520813, 11.2537240982, -4.59604644775, 6.39190721512, -11.2223014832],
        "cov": [[6474.96923828, -2160.47143555, 853.387878418, 340.193603516, 573.247924805, 1004.58135986, -423.380889893, 892.061645508, -157.374206543, 559.330810547, -430.607879639, 567.849975586, 132.826400757], [-2160.47143555, 1625.48925781, -178.842697144, 110.011413574, -5.88724040985, -286.795379639, 337.017974854, -322.142059326, 114.301994324, -261.039276123, 215.292907715, -320.853271484, -27.2750511169], [853.387878418, -178.842697144, 930.794921875, 286.761108398, 345.536468506, 324.194000244, 101.0496521, 224.136779785, 56.6698722839, 174.974014282, -45.9146499634, 86.3734741211, 3.41135501862], [340.193603516, 110.011413574, 286.761108398, 334.589355469, 247.559463501, 168.817871094, 93.3587036133, 91.9317932129, 50.7380867004, 40.2303085327, 13.5691356659, 34.6575889587, 23.8270835876], [573.247924805, -5.88724040985, 345.536468506, 247.559463501, 335.530212402, 235.678359985, 69.0609817505, 161.257568359, 44.1446723938, 77.9942169189, -27.4681053162, 50.2185974121, 33.0459136963], [1004.58135986, -286.795379639, 324.194000244, 168.817871094, 235.678359985, 321.859741211, 9.9169511795, 211.922393799, 12.6149635315, 135.665786743, -64.0804290771, 96.4248275757, 39.4780693054], [-423.380889893, 337.017974854, 101.0496521, 93.3587036133, 69.0609817505, 9.9169511795, 204.629364014, 11.0390787125, 59.8080253601, -16.8095912933, 69.8816757202, -58.9413414001, -16.2589492798], [892.061645508, -322.142059326, 224.136779785, 91.9317932129, 161.257568359, 211.922393799, 11.0390787125, 306.845855713, 29.2965984344, 118.306922913, -41.9615745544, 106.513839722, 28.4486351013], [-157.374206543, 114.301994324, 56.6698722839, 50.7380867004, 44.1446723938, 12.6149635315, 59.8080253601, 29.2965984344, 153.2134552, 55.6565361023, 7.85453510284, -6.29445314407, 26.5224819183], [559.330810547, -261.039276123, 174.974014282, 40.2303085327, 77.9942169189, 135.665786743, -16.8095912933, 118.306922913, 55.6565361023, 222.915603638, 5.85062932968, 71.0962142944, 43.4153137207], [-430.607879639, 215.292907715, -45.9146499634, 13.5691356659, -27.4681053162, -64.0804290771, 69.8816757202, -41.9615745544, 7.85453510284, 5.85062932968, 156.907653809, 18.2794151306, 19.3359355927], [567.849975586, -320.853271484, 86.3734741211, 34.6575889587, 50.2185974121, 96.4248275757, -58.9413414001, 106.513839722, -6.29445314407, 71.0962142944, 18.2794151306, 183.72076416, 74.7173156738], [132.826400757, -27.2750511169, 3.41135501862, 23.8270835876, 33.0459136963, 39.4780693054, -16.2589492798, 28.4486351013, 26.5224819183, 43.4153137207, 19.3359355927, 74.7173156738, 98.1658554077]],
        "icov": [[0.0006523685297, -9.32857583393e-005, 0.000122686251416, -0.000432545668446, 0.000201959875994, -0.000837021158077, 0.000609630602412, -0.000730770232622, 0.000868577626534, -0.000888251757715, 0.00127265544143, -0.00112301041372, 0.000535728759132], [-9.32857583393e-005, 0.0036740670912, -0.000251726276474, -0.00033681714558, -0.00133701541927, 0.000463516335003, -0.00158286571968, 0.00112155429088, -0.00194640946575, 0.00360217108391, -0.00466212863103, 0.00657951366156, -0.00424277596176], [0.000122686251416, -0.000251726276474, 0.00227996660396, -0.000525141193066, -0.00107885245234, -0.000648729270324, -0.000960969598964, 0.000158130424097, 0.000456600275356, -0.00162381096743, 0.00142352574039, -0.00184778450057, 0.00195217237342], [-0.000432545668446, -0.00033681714558, -0.000525141193066, 0.00805493816733, -0.00473899161443, -0.00105152511969, -0.00104779284447, 0.00158756226301, -0.00171830598265, 0.00160272256471, -0.00191066041589, -0.000653404800687, 0.000568478135392], [0.000201959875994, -0.00133701541927, -0.00107885245234, -0.00473899161443, 0.0117507763207, -0.00476097129285, 0.00067727471469, -0.0020974020008, 0.000389079243178, -0.00022985090618, 0.00187901372556, -0.000657959782984, -0.0006508276565], [-0.000837021158077, 0.000463516335003, -0.000648729270324, -0.00105152511969, -0.00476097129285, 0.0143789136782, -0.00299862772226, -0.00189569313079, 0.00245214998722, -0.00311926752329, 0.00314296851866, -0.000314671458909, -0.00225058849901], [0.000609630602412, -0.00158286571968, -0.000960969598964, -0.00104779284447, 0.00067727471469, -0.00299862772226, 0.0130045982078, -0.00305948709138, -0.00248622405343, 0.00132525491063, -0.00453323591501, 0.00224998523481, 0.00230752793141], [-0.000730770232622, 0.00112155429088, 0.000158130424097, 0.00158756226301, -0.0020974020008, -0.00189569313079, -0.00305948709138, 0.00865310244262, -0.00220099254511, 0.000581232598051, -0.000973829592112, -0.00108098727651, 0.000715780770406], [0.000868577626534, -0.00194640946575, 0.000456600275356, -0.00171830598265, 0.000389079243178, 0.00245214998722, -0.00248622405343, -0.00220099254511, 0.0124710910022, -0.00698424503207, 0.00713544152677, -0.00418045790866, -0.000710069318302], [-0.000888251757715, 0.00360217108391, -0.00162381096743, 0.00160272256471, -0.00022985090618, -0.00311926752329, 0.00132525491063, 0.000581232598051, -0.00698424503207, 0.0139614790678, -0.0102408491075, 0.00907054543495, -0.00592139456421], [0.00127265544143, -0.00466212863103, 0.00142352574039, -0.00191066041589, 0.00187901372556, 0.00314296851866, -0.00453323591501, -0.000973829592112, 0.00713544152677, -0.0102408491075, 0.0214025899768, -0.0154713671654, 0.00519318738952], [-0.00112301041372, 0.00657951366156, -0.00184778450057, -0.000653404800687, -0.000657959782984, -0.000314671458909, 0.00224998523481, -0.00108098727651, -0.00418045790866, 0.00907054543495, -0.0154713671654, 0.0275707729161, -0.0162153188139], [0.000535728759132, -0.00424277596176, 0.00195217237342, 0.000568478135392, -0.0006508276565, -0.00225058849901, 0.00230752793141, 0.000715780770406, -0.000710069318302, -0.00592139456421, 0.00519318738952, -0.0162153188139, 0.0235060080886]]
    },
    "melbands": {
        "mean": [0.0030125582125, 0.00181419833098, 0.00132172054145, 0.000540206558071, 0.00116696534678, 0.00144513079431, 0.00127213273663, 0.00059526914265, 0.000335829536198, 0.00020074803615, 0.000134467132739, 0.000139704250614, 0.000168755388586, 0.000102948004496, 0.000110234614112, 7.68951940699e-005, 9.99906624202e-005, 5.02425464219e-005, 2.57875108218e-005, 7.37065493013e-005, 2.99854691548e-005, 2.09059053304e-005, 1.73726493813e-005, 1.08939439087e-005, 1.17426552606e-005, 5.29826002094e-006, 3.11937105835e-006, 2.45827118306e-006, 1.51419499161e-006, 1.51346216626e-006, 1.39403368848e-006, 1.03641673377e-006, 9.5550694823e-007, 8.12916141513e-007, 8.24533060495e-007, 7.33354397653e-007, 6.87527801801e-007, 7.1413802516e-007, 7.86769533079e-007, 8.39987819745e-007],
        "var": [1.86981051229e-005, 7.38127118893e-006, 5.5628120208e-006, 5.22110212842e-007, 1.45294598042e-006, 1.86322859008e-006, 1.80869835731e-006, 3.18859264326e-007, 2.75979544995e-007, 8.15729990222e-008, 2.95361761715e-008, 4.74423522689e-008, 9.15807802926e-008, 1.59681547984e-008, 1.57270214629e-008, 9.26064380735e-009, 3.24930411466e-008, 4.72523176143e-009, 1.66493929754e-009, 3.83122049641e-008, 2.86403079031e-009, 1.48198775474e-009, 1.18787057968e-009, 4.32581165333e-010, 5.2793952543e-010, 7.96218854737e-011, 1.45617910091e-011, 8.2636571197e-012, 3.41375625684e-012, 5.75068334965e-012, 4.42907993267e-012, 2.00128997575e-012, 2.61259460246e-012, 1.8049816199e-012, 3.06587654569e-012, 1.86624283735e-012, 1.74556484718e-012, 1.67138557768e-012, 1.90710012886e-012, 2.38581376877e-012]
    },
    "mfcc": {
        "mean": [-640.496704102, 156.306808472, -4.21385145187, 5.63074922562, -0.35676535964, -5.86910104752, -3.60292220116, -7.67600774765, -10.6088056564, -6.05465602875, 4.48095607758, 3.12783241272, 3.58401870728],
        "cov": [[5084.97949219, -1575.72570801, 262.935668945, -247.973449707, 875.637451172, 173.989227295, 256.396942139, 211.101379395, 555.430358887, 72.0394363403, 43.634475708, 90.2193832397, 53.6439399719], [-1575.72570801, 1058.6328125, -20.6984462738, 214.071853638, -192.662765503, 22.7478580475, 43.0760421753, -13.5792236328, -114.75050354, 32.8115653992, 23.2004680634, -13.9181480408, -24.5774383545], [262.935668945, -20.6984462738, 521.45703125, 157.963546753, 231.000366211, 166.291641235, 134.137619019, 81.9819946289, 126.234069824, 111.08896637, 60.0915565491, 52.2559890747, 40.5341377258], [-247.973449707, 214.071853638, 157.963546753, 277.114379883, 108.457901001, 120.394538879, 91.3455200195, 71.6734542847, 31.5381908417, 59.2037086487, 46.1814193726, 21.966758728, 25.1072921753], [875.637451172, -192.662765503, 231.000366211, 108.457901001, 407.860076904, 149.729400635, 140.711120605, 118.040298462, 191.409042358, 70.3162765503, 34.39478302, 40.2166442871, 23.2941207886], [173.989227295, 22.7478580475, 166.291641235, 120.394538879, 149.729400635, 207.377929688, 75.9952087402, 29.3446712494, 79.4231643677, 69.6218643188, 14.5013885498, 25.546339035, 22.7080307007], [256.396942139, 43.0760421753, 134.137619019, 91.3455200195, 140.711120605, 75.9952087402, 219.791748047, 83.7608947754, 51.595287323, 51.7034225464, 49.3657531738, 42.6133041382, 10.5187482834], [211.101379395, -13.5792236328, 81.9819946289, 71.6734542847, 118.040298462, 29.3446712494, 83.7608947754, 180.65612793, 71.4712524414, 16.2727890015, 31.3491477966, 12.6055679321, 7.05550289154], [555.430358887, -114.75050354, 126.234069824, 31.5381908417, 191.409042358, 79.4231643677, 51.595287323, 71.4712524414, 224.232528687, 97.7385940552, 43.4142532349, 38.1914291382, 21.8320407867], [72.0394363403, 32.8115653992, 111.08896637, 59.2037086487, 70.3162765503, 69.6218643188, 51.7034225464, 16.2727890015, 97.7385940552, 147.48677063, 67.0152816772, 40.263092041, 5.74317359924], [43.634475708, 23.2004680634, 60.0915565491, 46.1814193726, 34.39478302, 14.5013885498, 49.3657531738, 31.3491477966, 43.4142532349, 67.0152816772, 117.803596497, 41.2068099976, 22.7437591553], [90.2193832397, -13.9181480408, 52.2559890747, 21.966758728, 40.2166442871, 25.546339035, 42.6133041382, 12.6055679321, 38.1914291382, 40.263092041, 41.2068099976, 87.4330291748, 18.8798484802], [53.6439399719, -24.5774383545, 40.5341377258, 25.1072921753, 23.2941207886, 22.7080307007, 10.5187482834, 7.05550289154, 21.8320407867, 5.74317359924, 22.7437591553, 18.8798484802, 99.7078399658]],
        "icov": [[0.000698801944964, 0.000701027689502, 0.000196428911295, 0.000576401303988, -0.000886679627001, -0.000132649933221, -0.000630848691799, 0.000124413447338, -0.000822546950076, 0.000419510120992, -0.000201549526537, 0.000115386363177, 4.70141640108e-005], [0.000701027689502, 0.00224756868556, 0.000321960513247, -0.00100351800211, 0.000350664719008, -0.000170673258253, -0.00119988259394, 0.000231440761127, -0.000785987998825, 6.28180277999e-005, -8.7166299636e-005, 0.000385702034691, 0.000481143943034], [0.000196428911295, 0.000321960513247, 0.00329765561037, -0.000516272266395, -0.00109380797949, -0.00104074424598, -0.00062954495661, -0.000160249692271, -4.76903587696e-005, -0.00105385028291, -7.06903883838e-005, -0.000199091198738, -0.000541625078768], [0.000576401303988, -0.00100351800211, -0.000516272266395, 0.00818776804954, -0.00234122155234, -0.00285309087485, -0.00025272986386, -0.00190076953731, 0.0014308776008, -0.000534678634722, -0.00145207112655, 0.0003406816395, -0.00106722803321], [-0.000886679627001, 0.000350664719008, -0.00109380797949, -0.00234122155234, 0.00855654478073, -0.00182066950947, -0.00161972723436, -0.000926471722778, -0.00358288967982, 0.00161073892377, 0.000603471009526, 0.000101348749013, 0.000784642237704], [-0.000132649933221, -0.000170673258253, -0.00104074424598, -0.00285309087485, -0.00182066950947, 0.0096919760108, -0.000626229448244, 0.00156590878032, -0.000263919850113, -0.00261342269368, 0.00278288405389, -0.000235060753766, -0.00103783002123], [-0.000630848691799, -0.00119988259394, -0.00062954495661, -0.00025272986386, -0.00161972723436, -0.000626229448244, 0.00847135204822, -0.00243858061731, 0.00290593202226, -0.00134798162617, -0.00106088072062, -0.00215297425166, 0.000254122947808], [0.000124413447338, 0.000231440761127, -0.000160249692271, -0.00190076953731, -0.000926471722778, 0.00156590878032, -0.00243858061731, 0.00879483111203, -0.00295618246309, 0.00266520422883, -0.00139139930252, 0.000948084809352, 0.000660260673612], [-0.000822546950076, -0.000785987998825, -4.76903587696e-005, 0.0014308776008, -0.00358288967982, -0.000263919850113, 0.00290593202226, -0.00295618246309, 0.0126829519868, -0.00717104785144, 0.000661555561237, -0.00107555277646, -0.00160359975416], [0.000419510120992, 6.28180277999e-005, -0.00105385028291, -0.000534678634722, 0.00161073892377, -0.00261342269368, -0.00134798162617, 0.00266520422883, -0.00717104785144, 0.0160741116852, -0.00632141949609, -0.00126964249648, 0.0028519956395], [-0.000201549526537, -8.7166299636e-005, -7.06903883838e-005, -0.00145207112655, 0.000603471009526, 0.00278288405389, -0.00106088072062, -0.00139139930252, 0.000661555561237, -0.00632141949609, 0.0145290922374, -0.00345222977921, -0.00252426625229], [0.000115386363177, 0.000385702034691, -0.000199091198738, 0.0003406816395, 0.000101348749013, -0.000235060753766, -0.00215297425166, 0.000948084809352, -0.00107555277646, -0.00126964249648, -0.00345222977921, 0.0153740979731, -0.00159696734045], [4.70141640108e-005, 0.000481143943034, -0.000541625078768, -0.00106722803321, 0.000784642237704, -0.00103783002123, 0.000254122947808, 0.000660260673612, -0.00160359975416, 0.0028519956395, -0.00252426625229, -0.00159696734045, 0.0116560840979]]
    },
    "spectral_contrast_coeffs": {
        "mean": [-0.618779242039, -0.670560121536, -0.770402014256, -0.735002398491, -0.769964039326, -0.771848201752],
        "var": [0.00879674870521, 0.00543121946976, 0.00219044252299, 0.00252115167677, 0.00235493690707, 0.00172150402796]
    },
    "spectral_contrast_valleys": {
        "mean": [-7.50097131729, -6.0176243782, -6.84086084366, -7.6981215477, -7.97915124893, -10.6836519241],
        "var": [1.61755800247, 0.589379668236, 0.621493339539, 0.784358561039, 0.68849915266, 1.63925278187]
    }
},
"metadata": {
    "audio_properties": {
        "analysis_sample_rate": 44100,
        "bit_rate": 128074,
        "equal_loudness": 0,
        "length": 45.0612258911,
        "lossless": 0,
        "replay_gain": -5.44213676453,
        "sample_rate": 44100,
        "codec": "mp3",
        "downmix": "mix",
        "md5_encoded": "88453eb94bdf467dc35f4a7719120b09"
    },
    "tags": {
        "file_name": "1872.mp3"
    },
    "version": {
        "essentia": "2.1-beta2",
        "essentia_git_sha": "v2.1_beta2",
        "extractor": "music 1.0"
    }
},
"rhythm": {
    "beats_count": 118,
    "beats_loudness": {
        "mean": 0.0435032881796,
        "var": 0.00035701689194
    },
    "bpm": 156.605102539,
    "bpm_histogram_first_peak_bpm": {
        "mean": 157,
        "var": 0
    },
    "bpm_histogram_first_peak_spread": {
        "mean": 0.486956506968,
        "var": 0
    },
    "bpm_histogram_first_peak_weight": {
        "mean": 0.504273533821,
        "var": 0
    },
    "bpm_histogram_second_peak_bpm": {
        "mean": 148,
        "var": 0
    },
    "bpm_histogram_second_peak_spread": {
        "mean": 0,
        "var": 0
    },
    "bpm_histogram_second_peak_weight": {
        "mean": 0.0170940179378,
        "var": 0
    },
    "danceability": 0.876168131828,
    "onset_rate": 2.83929944038,
    "beats_loudness_band_ratio": {
        "mean": [0.349920243025, 0.240361437201, 0.268974751234, 0.107255011797, 0.0448336042464, 0.0225466117263],
        "var": [0.0737488493323, 0.0251394361258, 0.0476671084762, 0.00784211233258, 0.00221248180605, 0.000745832163375]
    },
    "beats_position": [0.359909296036, 0.743038535118, 1.11455774307, 1.49768710136, 1.88081634045, 2.2523355484, 2.63546490669, 3.00698399544, 3.3785033226, 3.76163268089, 4.14476203918, 4.52789115906, 4.8994102478, 5.27092981339, 5.64244890213, 6.025578022, 6.40870714188, 6.78022670746, 7.1517457962, 7.52326536179, 7.90639448166, 8.28952407837, 8.66104316711, 9.03256225586, 9.41569137573, 9.79882049561, 10.1703395844, 10.5418596268, 10.9249887466, 11.3081178665, 11.6796369553, 12.051156044, 12.4342851639, 12.8174142838, 13.2005443573, 13.572063446, 13.9435825348, 14.3267116547, 14.7098407745, 15.0929698944, 15.4644899368, 15.8360090256, 16.2191371918, 16.602268219, 16.9737873077, 17.3453063965, 17.7168254852, 18.088344574, 18.4714736938, 18.8546028137, 19.2261219025, 19.5976409912, 19.9807701111, 20.363899231, 20.7470283508, 21.1301574707, 21.5016784668, 21.8731975555, 22.2563266754, 22.6278457642, 23.010974884, 23.3824939728, 23.7540130615, 24.1255321503, 24.497051239, 24.8685703278, 25.2400894165, 25.6116104126, 25.9947395325, 26.3778686523, 26.7493877411, 27.1209068298, 27.4924259186, 27.8755550385, 28.2586841583, 28.6418132782, 29.0249423981, 29.3964614868, 29.7679805756, 30.1394996643, 30.5110206604, 30.8825397491, 31.2540588379, 31.6371879578, 32.0203170776, 32.4034461975, 32.7865753174, 33.1697044373, 33.5528335571, 33.935962677, 34.3190917969, 34.690612793, 35.0737419128, 35.4452590942, 35.8167800903, 36.1999092102, 36.5830383301, 36.96616745, 37.3376846313, 37.7092056274, 38.0923347473, 38.4754638672, 38.8469848633, 39.2185020447, 39.6016311646, 39.9847602844, 40.3562812805, 40.7394104004, 41.1225395203, 41.4940567017, 41.8771858215, 42.2487068176, 42.6318359375, 43.0033569336, 43.3864860535, 43.7696151733, 44.1759643555, 44.5823135376]
},
"tonal": {
    "chords_changes_rate": 0.0236625522375,
    "chords_number_rate": 0.00514403311536,
    "chords_strength": {
        "mean": 0.600743174553,
        "var": 0.00846010353416
    },
    "hpcp_entropy": {
        "mean": 1.95910799503,
        "var": 0.366580873728
    },
    "key_strength": 0.83091956377,
    "tuning_diatonic_strength": 0.598193407059,
    "tuning_equal_tempered_deviation": 0.0381162203848,
    "tuning_frequency": 440,
    "tuning_nontempered_energy_ratio": 0.642606854439,
    "hpcp": {
        "mean": [0.460345208645, 0.271110504866, 0.0711400285363, 0.0491732098162, 0.0374826751649, 0.10975844413, 0.18943066895, 0.131017044187, 0.127181187272, 0.179766342044, 0.104102641344, 0.0383832231164, 0.0377857089043, 0.0481609255075, 0.093562990427, 0.116682328284, 0.08303707093, 0.0837147086859, 0.11199324578, 0.121863417327, 0.202245518565, 0.34234854579, 0.356864571571, 0.261358469725, 0.145468592644, 0.0466775223613, 0.023245183751, 0.0310137812048, 0.0439710468054, 0.13301999867, 0.206718504429, 0.129389181733, 0.0702142193913, 0.104217067361, 0.127244532108, 0.294379413128],
        "var": [0.166718661785, 0.0741702914238, 0.0301646962762, 0.0193713251501, 0.00694028567523, 0.027276257053, 0.0839001908898, 0.0480557344854, 0.0314537063241, 0.0674036890268, 0.0265434980392, 0.00760657107458, 0.00828370731324, 0.014548513107, 0.0265043526888, 0.0405047945678, 0.0239606183022, 0.030591737479, 0.0510814897716, 0.0445974394679, 0.0529882721603, 0.0983719155192, 0.108084589243, 0.0803233385086, 0.0381388776004, 0.00713204592466, 0.00282149226405, 0.00618155673146, 0.0101923821494, 0.0394548252225, 0.0850666761398, 0.0410675108433, 0.0192855056375, 0.0462119579315, 0.0622288174927, 0.0806718021631]
    },
    "chords_histogram": [50.7201652527, 10.6995887756, 26.9547328949, 3.39506173134, 0, 0, 0, 0, 0, 0.617283940315, 0, 0, 0, 0, 0, 0, 0, 0, 0, 0, 0, 0, 0, 7.61316871643],
    "thpcp": [1, 0.588928699493, 0.154536262155, 0.106818117201, 0.0814229696989, 0.23842638731, 0.41149699688, 0.284606069326, 0.276273518801, 0.39050334692, 0.226140379906, 0.0833792164922, 0.0820812508464, 0.104619152844, 0.203245282173, 0.253467023373, 0.180380001664, 0.181852027774, 0.243281006813, 0.264721810818, 0.439334481955, 0.743677854538, 0.775210797787, 0.567744493484, 0.31599894166, 0.101396784186, 0.0504951141775, 0.0673707053065, 0.0955175533891, 0.288957059383, 0.449051052332, 0.281069904566, 0.152525141835, 0.226388946176, 0.276411116123, 0.639475345612],
    "chords_key": "A",
    "chords_scale": "minor",
    "key_key": "A",
    "key_scale": "minor"
}
}