{
"lowlevel": {
    "average_loudness": 0.968330740929,
    "barkbands_crest": {
        "mean": 11.3056383133,
        "var": 14.1028051376
    },
    "barkbands_flatness_db": {
        "mean": 0.235525786877,
        "var": 0.00414485810325
    },
    "barkbands_kurtosis": {
        "mean": 5.24309825897,
        "var": 50.4907875061
    },
    "barkbands_skewness": {
        "mean": 1.41274368763,
        "var": 1.22933602333
    },
    "barkbands_spread": {
        "mean": 10.4803905487,
        "var": 90.7405471802
    },
    "dissonance": {
        "mean": 0.403916090727,
        "var": 0.00293092546053
    },
    "dynamic_complexity": 1.48686540127,
    "erbbands_crest": {
        "mean": 11.7501802444,
        "var": 18.5196056366
    },
    "erbbands_flatness_db": {
        "mean": 0.245195791125,
        "var": 0.00436960719526
    },
    "erbbands_kurtosis": {
        "mean": 2.55555796623,
        "var": 10.4913740158
    },
    "erbbands_skewness": {
        "mean": 0.893779277802,
        "var": 0.776541531086
    },
    "erbbands_spread": {
        "mean": 22.1564674377,
        "var": 353.887237549
    },
    "hfc": {
        "mean": 18.3151988983,
        "var": 150.371887207
    },
    "melbands_crest": {
        "mean": 14.7243309021,
        "var": 35.8800125122
    },
    "melbands_flatness_db": {
        "mean": 0.30546978116,
        "var": 0.00664409296587
    },
    "melbands_kurtosis": {
        "mean": 8.06475067139,
        "var": 110.693305969
    },
    "melbands_skewness": {
        "mean": 1.75438582897,
        "var": 1.55604600906
    },
    "melbands_spread": {
        "mean": 12.5369100571,
        "var": 78.8161773682
    },
    "pitch_salience": {
        "mean": 0.543525099754,
        "var": 0.0113421129063
    },
    "silence_rate_20dB": {
        "mean": 1,
        "var": 0
    },
    "silence_rate_30dB": {
        "mean": 1,
        "var": 0
    },
    "silence_rate_60dB": {
        "mean": 0.00154479919001,
        "var": 0.00154241069686
    },
    "spectral_centroid": {
        "mean": 693.846923828,
        "var": 163450.84375
    },
    "spectral_complexity": {
        "mean": 12.5880537033,
        "var": 24.5164375305
    },
    "spectral_decrease": {
        "mean": -9.73659286529e-009,
        "var": 1.88256993363e-017
    },
    "spectral_energy": {
        "mean": 0.0384094119072,
        "var": 0.000279832340311
    },
    "spectral_energyband_high": {
        "mean": 0.000378221011488,
        "var": 1.56788007644e-006
    },
    "spectral_energyband_low": {
        "mean": 0.00994443707168,
        "var": 0.000188802470802
    },
    "spectral_energyband_middle_high": {
        "mean": 0.00448755454272,
        "var": 4.31707194366e-005
    },
    "spectral_energyband_middle_low": {
        "mean": 0.0239611994475,
        "var": 0.000171885520103
    },
    "spectral_entropy": {
        "mean": 6.70822620392,
        "var": 0.395856201649
    },
    "spectral_flux": {
        "mean": 0.0854994282126,
        "var": 0.000854418729432
    },
    "spectral_kurtosis": {
        "mean": 16.3640403748,
        "var": 335.695068359
    },
    "spectral_rms": {
        "mean": 0.00596462888643,
        "var": 1.89580271126e-006
    },
    "spectral_rolloff": {
        "mean": 846.889526367,
        "var": 1031453.6875
    },
    "spectral_skewness": {
        "mean": 2.70350790024,
        "var": 1.77699661255
    },
    "spectral_spread": {
        "mean": 3226209.75,
        "var": 4.41655230464e+012
    },
    "spectral_strongpeak": {
        "mean": 1.36957025528,
        "var": 1.58670973778
    },
    "zerocrossingrate": {
        "mean": 0.0333773680031,
        "var": 0.000625305809081
    },
    "barkbands": {
        "mean": [0.00138434232213, 0.00717527372763, 0.00110135530122, 0.00141305697616, 0.00770138949156, 0.00343627249822, 0.00639322167262, 0.00101316580549, 0.0038271357771, 0.00112663360778, 0.00121435860638, 0.000720085809007, 0.000423922785558, 0.000286760914605, 0.000274567340966, 0.000189132013475, 0.000159384973813, 0.000113408743346, 5.40142027603e-005, 5.7113920775e-005, 6.27730769338e-005, 0.000103434467746, 8.66776535986e-005, 5.34872051503e-005, 3.35699805873e-005, 4.83839812659e-006, 3.62534926523e-008],
        "var": [7.02666284269e-006, 0.00012575557048, 2.3322306788e-006, 4.83061694467e-006, 6.6240238084e-005, 1.09240554593e-005, 6.61723097437e-005, 5.5769651226e-006, 1.99748119485e-005, 7.6246565186e-006, 1.11789468065e-005, 2.9224543141e-006, 9.45436113398e-007, 4.01790515525e-007, 5.29681074113e-007, 1.91357926838e-007, 1.81456798032e-007, 5.85426320754e-008, 9.28183485627e-009, 1.67330185263e-008, 3.06738741074e-008, 2.05356656124e-007, 1.78787601612e-007, 8.73388614764e-008, 3.69246642151e-008, 7.19658332926e-010, 5.0196270209e-014]
    },
    "erbbands": {
        "mean": [0.391013532877, 0.861931085587, 1.25955617428, 2.88696455956, 15.5956783295, 29.8880519867, 25.4531269073, 29.5750637054, 74.5205993652, 66.849822998, 28.3128566742, 69.3038482666, 69.3175506592, 68.2699050903, 29.0276355743, 23.6119861603, 17.5373535156, 14.5679740906, 14.8185424805, 12.1777505875, 10.39752388, 9.75023651123, 6.61221933365, 4.04744195938, 2.31563305855, 2.73299312592, 2.29524993896, 2.8749063015, 3.51253557205, 3.79505252838, 2.17469573021, 1.1826287508, 0.86599868536, 0.421926796436, 0.208028465509, 0.0468654707074, 0.00443879095837, 0.000369848537957, 3.05253488477e-005, 4.48140963272e-005],
        "var": [0.490385264158, 1.25479018688, 2.21760559082, 12.5059108734, 454.26272583, 1382.6895752, 587.758361816, 798.262084961, 6319.64404297, 10752.9453125, 2673.65576172, 11267.1777344, 7599.65673828, 28109.7617188, 4743.84375, 3258.90454102, 1742.86413574, 786.504455566, 935.520324707, 695.080444336, 544.063964844, 683.318237305, 194.999404907, 64.2002563477, 14.0939598083, 41.1166038513, 22.4331054688, 100.461982727, 240.63973999, 289.11529541, 135.939468384, 39.5643882751, 25.3427009583, 5.7945599556, 1.55085647106, 0.0627710968256, 0.000651252572425, 3.68543169316e-006, 3.64001762065e-009, 3.89279442015e-010]
    },
    "gfcc": {
        "mean": [-43.8618278503, 158.166763306, -112.622161865, 13.7062034607, -69.6369171143, -2.83651900291, -35.5693778992, 3.5325088501, -13.438586235, -4.74956274033, -11.1993789673, -8.56116580963, 4.7418718338],
        "cov": [[4370.68896484, -2075.30859375, -193.330215454, 856.324890137, -873.627197266, 558.164245605, -387.887756348, 251.527877808, -647.635314941, 124.405380249, -22.2435112, 272.552642822, -128.235168457], [-2075.30859375, 1941.69543457, -146.807266235, -688.709655762, 799.865661621, -338.867584229, 412.97354126, -152.847518921, 387.427703857, -71.4805526733, 103.497901917, -222.983154297, 186.39956665], [-193.330215454, -146.807266235, 816.935974121, 282.988677979, -130.098571777, 58.7622413635, 67.5152130127, 85.6967544556, 13.9625806808, 57.0276832581, 21.8560523987, 177.825546265, 13.3331851959], [856.324890137, -688.709655762, 282.988677979, 602.058227539, -240.078430176, 74.7804794312, -91.0905838013, 146.086486816, -63.0455513, 70.1605453491, -1.96822571754, 130.461929321, -37.825756073], [-873.627197266, 799.865661621, -130.098571777, -240.078430176, 588.488220215, -127.514556885, 145.838775635, 52.2140541077, 252.447357178, 45.7182121277, 25.780872345, -124.944160461, 81.4273376465], [558.164245605, -338.867584229, 58.7622413635, 74.7804794312, -127.514556885, 392.165802002, 103.491928101, -25.2603435516, -109.552490234, 62.0097999573, 49.8003692627, 132.017364502, -0.00775464670733], [-387.887756348, 412.97354126, 67.5152130127, -91.0905838013, 145.838775635, 103.491928101, 394.278686523, -11.7690153122, -10.6250677109, 14.8926362991, 117.530670166, 89.8906555176, 85.941444397], [251.527877808, -152.847518921, 85.6967544556, 146.086486816, 52.2140541077, -25.2603435516, -11.7690153122, 273.283782959, 22.4088821411, 49.6250076294, 20.4648170471, 23.6904468536, 30.9005012512], [-647.635314941, 387.427703857, 13.9625806808, -63.0455513, 252.447357178, -109.552490234, -10.6250677109, 22.4088821411, 397.786071777, 60.4742012024, -42.7554702759, -106.243392944, -11.150229454], [124.405380249, -71.4805526733, 57.0276832581, 70.1605453491, 45.7182121277, 62.0097999573, 14.8926362991, 49.6250076294, 60.4742012024, 144.456939697, 38.0492401123, 9.75145339966, -10.0667543411], [-22.2435112, 103.497901917, 21.8560523987, -1.96822571754, 25.780872345, 49.8003692627, 117.530670166, 20.4648170471, -42.7554702759, 38.0492401123, 180.168289185, 76.8275604248, 47.2428207397], [272.552642822, -222.983154297, 177.825546265, 130.461929321, -124.944160461, 132.017364502, 89.8906555176, 23.6904468536, -106.243392944, 9.75145339966, 76.8275604248, 198.084503174, 39.6296768188], [-128.235168457, 186.39956665, 13.3331851959, -37.825756073, 81.4273376465, -0.00775464670733, 85.941444397, 30.9005012512, -11.150229454, -10.0667543411, 47.2428207397, 39.6296768188, 126.455001831]],
        "icov": [[0.00103095476516, -0.00102730025537, 0.00113755289931, -0.00139098835643, 0.00121997564565, -0.00148417148739, 0.00138138211332, -0.00137429626193, 0.00138035742566, -0.00129982596263, 0.000948473752942, -0.00107458757702, 0.00063573155785], [-0.00102730025537, 0.00779784936458, -0.00292074610479, 0.00434371456504, -0.00559540325776, 0.00473249284551, -0.00593282422051, 0.00500915339217, -0.00382031966001, 0.00449432618916, -0.00451503368095, 0.00576709816232, -0.00461712479591], [0.00113755289931, -0.00292074610479, 0.00359461945482, -0.00275728479028, 0.00281961169094, -0.00201301975176, 0.00227083032951, -0.00261303409934, 0.00163390650414, -0.00283894920722, 0.00264130556025, -0.00422858726233, 0.00179104635026], [-0.00139098835643, 0.00434371456504, -0.00275728479028, 0.00631673028693, -0.00263124448247, 0.00360186398029, -0.00335992476903, 0.00202104588971, -0.00302238017321, 0.00192014034837, -0.00234533008188, 0.0019340927247, -0.00199257582426], [0.00121997564565, -0.00559540325776, 0.00281961169094, -0.00263124448247, 0.00853413622826, -0.0032406009268, 0.0030325835105, -0.00495735323057, 0.00140008155722, -0.00477033574134, 0.0033442073036, -0.0026004423853, 0.00136474298779], [-0.00148417148739, 0.00473249284551, -0.00201301975176, 0.00360186398029, -0.0032406009268, 0.00801366474479, -0.00524888979271, 0.00425414834172, -0.00259528378956, 0.000723405566532, -0.00207014940679, 0.00113400339615, -0.00232962751761], [0.00138138211332, -0.00593282422051, 0.00227083032951, -0.00335992476903, 0.0030325835105, -0.00524888979271, 0.00953035056591, -0.00379513413645, 0.00368258054368, -0.00323576759547, 0.00192541419528, -0.00600292347372, 0.00262790638953], [-0.00137429626193, 0.00500915339217, -0.00261303409934, 0.00202104588971, -0.00495735323057, 0.00425414834172, -0.00379513413645, 0.00886125676334, -0.00280720298178, 0.00230432022363, -0.0033459092956, 0.00378163484856, -0.00429013557732], [0.00138035742566, -0.00382031966001, 0.00163390650414, -0.00302238017321, 0.00140008155722, -0.00259528378956, 0.00368258054368, -0.00280720298178, 0.00713214604184, -0.00452679907903, 0.00340913003311, -0.00226079719141, 0.00293964333832], [-0.00129982596263, 0.00449432618916, -0.00283894920722, 0.00192014034837, -0.00477033574134, 0.000723405566532, -0.00323576759547, 0.00230432022363, -0.00452679907903, 0.014278489165, -0.00612536678091, 0.00527614634484, -0.000989022082649], [0.000948473752942, -0.00451503368095, 0.00264130556025, -0.00234533008188, 0.0033442073036, -0.00207014940679, 0.00192541419528, -0.0033459092956, 0.00340913003311, -0.00612536678091, 0.0117870336398, -0.00695672538131, 0.0015822123969], [-0.00107458757702, 0.00576709816232, -0.00422858726233, 0.0019340927247, -0.0026004423853, 0.00113400339615, -0.00600292347372, 0.00378163484856, -0.00226079719141, 0.00527614634484, -0.00695672538131, 0.0179517567158, -0.00654229428619], [0.00063573155785, -0.00461712479591, 0.00179104635026, -0.00199257582426, 0.00136474298779, -0.00232962751761, 0.00262790638953, -0.00429013557732, 0.00293964333832, -0.000989022082649, 0.0015822123969, -0.00654229428619, 0.0145966568962]]
    },
    "melbands": {
        "mean": [0.00259974831715, 0.000790684425738, 0.000826973875519, 0.00175091915298, 0.000953407259658, 0.000688683299813, 0.00123263476416, 0.000619291269686, 0.000210880476516, 0.000523959693965, 0.000339944846928, 0.000264752219664, 0.000109543107101, 9.01891398826e-005, 4.03064550483e-005, 4.15793292632e-005, 2.54118167504e-005, 2.39325618168e-005, 2.53920261457e-005, 1.1992011423e-005, 1.15547636597e-005, 1.01904361145e-005, 7.28043005438e-006, 5.0070098041e-006, 3.13083478432e-006, 1.79639584985e-006, 1.56094233716e-006, 1.90244202258e-006, 1.40249653668e-006, 1.51431095219e-006, 1.69304371411e-006, 1.91607955458e-006, 2.15382260649e-006, 2.10090524888e-006, 1.3572808939e-006, 7.66566472521e-007, 7.17834950592e-007, 6.76376203046e-007, 4.26401157938e-007, 3.32282155568e-007],
        "var": [1.92476309167e-005, 6.53703864373e-007, 1.1835713849e-006, 4.41022666564e-006, 7.0430650112e-007, 4.01324939503e-007, 1.8584623831e-006, 9.0258953378e-007, 1.91268057392e-007, 5.3686397905e-007, 2.05854604474e-007, 4.17146878817e-007, 6.59854038076e-008, 4.94749627933e-008, 1.17183516224e-008, 1.05200763656e-008, 2.71099054316e-009, 2.78202882953e-009, 4.84611195617e-009, 9.51219880641e-010, 7.56915641276e-010, 8.21685774977e-010, 3.17792375748e-010, 1.12246885398e-010, 4.15111660323e-011, 9.32032142437e-012, 1.00200559655e-011, 2.28411890096e-011, 7.92908100289e-012, 1.34688831269e-011, 5.36286327846e-011, 7.6629334822e-011, 9.90622722741e-011, 9.77387962231e-011, 6.00254568273e-011, 1.567141035e-011, 1.66730414197e-011, 1.79117276566e-011, 4.22426763708e-012, 5.00898931707e-012]
    },
    "mfcc": {
        "mean": [-687.600280762, 183.354034424, 10.388130188, 16.80427742, -7.39362287521, -7.17714881897, -9.82577228546, -4.79858493805, 3.01843285561, -0.47936847806, -2.51735115051, -4.68061113358, -4.94491672516],
        "cov": [[4499.15673828, -2493.28125, 104.797767639, 37.2348670959, -328.694824219, 77.156036377, 188.891113281, 141.018585205, -279.970855713, -433.839813232, -56.9646911621, 134.584793091, -60.119594574], [-2493.28125, 2366.02514648, -584.294677734, -154.373886108, 202.626708984, -15.7143316269, 135.141143799, -110.10508728, 240.860671997, 243.474746704, 65.3612670898, -79.5920028687, 19.6819496155], [104.797767639, -584.294677734, 867.416748047, 185.514038086, -105.653114319, 91.7206726074, -65.2856826782, 150.645324707, -84.4630050659, -42.5315246582, -45.3222389221, 8.58365821838, 48.2574005127], [37.2348670959, -154.373886108, 185.514038086, 468.02520752, 61.8878211975, -117.484443665, -4.83309221268, 44.3346939087, 62.7682762146, -6.10945129395, 36.5825233459, 71.4514007568, 17.5648517609], [-328.694824219, 202.626708984, -105.653114319, 61.8878211975, 362.598907471, -113.840530396, -156.337646484, -94.5028076172, 133.639358521, 163.337646484, 87.4633407593, 21.783290863, 5.10643482208], [77.156036377, -15.7143316269, 91.7206726074, -117.484443665, -113.840530396, 363.170135498, 74.3431930542, 64.8305969238, -41.8753433228, 5.38938379288, 28.571472168, -23.0145187378, 7.99895381927], [188.891113281, 135.141143799, -65.2856826782, -4.83309221268, -156.337646484, 74.3431930542, 405.028076172, 123.659324646, -36.8866195679, -126.880050659, -20.2429676056, 39.2704544067, 15.5239553452], [141.018585205, -110.10508728, 150.645324707, 44.3346939087, -94.5028076172, 64.8305969238, 123.659324646, 208.006057739, 1.77040231228, -76.2047958374, -27.3262634277, 30.8721027374, 35.7115364075], [-279.970855713, 240.860671997, -84.4630050659, 62.7682762146, 133.639358521, -41.8753433228, -36.8866195679, 1.77040231228, 207.972900391, 108.862464905, 57.1127853394, -6.85518074036, 12.6490602493], [-433.839813232, 243.474746704, -42.5315246582, -6.10945129395, 163.337646484, 5.38938379288, -126.880050659, -76.2047958374, 108.862464905, 237.940551758, 99.5597229004, -2.30660533905, 2.63191723824], [-56.9646911621, 65.3612670898, -45.3222389221, 36.5825233459, 87.4633407593, 28.571472168, -20.2429676056, -27.3262634277, 57.1127853394, 99.5597229004, 180.042098999, 54.7262039185, -6.88570547104], [134.584793091, -79.5920028687, 8.58365821838, 71.4514007568, 21.783290863, -23.0145187378, 39.2704544067, 30.8721027374, -6.85518074036, -2.30660533905, 54.7262039185, 120.519760132, 39.1333808899], [-60.119594574, 19.6819496155, 48.2574005127, 17.5648517609, 5.10643482208, 7.99895381927, 15.5239553452, 35.7115364075, 12.6490602493, 2.63191723824, -6.88570547104, 39.1333808899, 98.8618545532]],
        "icov": [[0.000826757983305, 0.000996762653813, 0.00050469773123, 7.98688924988e-005, -3.4317796235e-005, -0.00021763278346, -0.000484661897644, 0.000114328257041, -0.000244950380875, 0.000534033111762, -9.74503345788e-005, -0.000286433438305, 0.000221682072151], [0.000996762653813, 0.00188067718409, 0.00094113801606, 0.000135312016937, -0.000159205243108, -0.000228445060202, -0.00113117555156, 0.000244345399551, -0.000580570136663, -7.15000860509e-005, -8.99333281268e-006, 0.000300662155496, -0.00017909212329], [0.00050469773123, 0.00094113801606, 0.00241670641117, -0.000954626593739, 0.000175392313395, -0.000529561890289, 0.000333030387992, -0.00153774826322, 0.00105884531513, -0.000571202253923, 0.000108676831587, 0.000867127848323, -0.000809482706245], [7.98688924988e-005, 0.000135312016937, -0.000954626593739, 0.00329466210678, -0.000212726110476, 0.000970330031123, -0.000277014507446, 0.000174171538674, -0.00156093167607, 0.000807847362012, -0.000392652262235, -0.00172096153256, 0.000647394161206], [-3.4317796235e-005, -0.000159205243108, 0.000175392313395, -0.000212726110476, 0.00570874847472, 0.00104373833165, 0.00119152048137, 0.000924559135456, -0.00192337715998, -0.00177522480953, -0.000571992597543, -0.00123053381685, -0.000196783163119], [-0.00021763278346, -0.000228445060202, -0.000529561890289, 0.000970330031123, 0.00104373833165, 0.00427846098319, -0.000456865207525, -0.0012327224249, 0.000874909572303, -0.00126580707729, -0.00189473677892, 0.00179473857861, -0.000804460723884], [-0.000484661897644, -0.00113117555156, 0.000333030387992, -0.000277014507446, 0.00119152048137, -0.000456865207525, 0.0048733134754, -0.00197880365886, 0.00012840256386, 0.00156202295329, -0.000362813472748, -0.00130379805341, 0.000174912347575], [0.000114328257041, 0.000244345399551, -0.00153774826322, 0.000174171538674, 0.000924559135456, -0.0012327224249, -0.00197880365886, 0.00941298622638, -0.00356990098953, 0.00217684265226, 0.00115062762052, -0.00255034281872, -0.000808485725429], [-0.000244950380875, -0.000580570136663, 0.00105884531513, -0.00156093167607, -0.00192337715998, 0.000874909572303, 0.00012840256386, -0.00356990098953, 0.00992228556424, -0.0032787900418, -0.00162462051958, 0.00396409723908, -0.0018394945655], [0.000534033111762, -7.15000860509e-005, -0.000571202253923, 0.000807847362012, -0.00177522480953, -0.00126580707729, 0.00156202295329, 0.00217684265226, -0.0032787900418, 0.0108699081466, -0.00340464292094, -0.000400541786803, -0.000311674637487], [-9.74503345788e-005, -8.99333281268e-006, 0.000108676831587, -0.000392652262235, -0.000571992597543, -0.00189473677892, -0.000362813472748, 0.00115062762052, -0.00162462051958, -0.00340464292094, 0.0107610747218, -0.00622054096311, 0.00329376966693], [-0.000286433438305, 0.000300662155496, 0.000867127848323, -0.00172096153256, -0.00123053381685, 0.00179473857861, -0.00130379805341, -0.00255034281872, 0.00396409723908, -0.000400541786803, -0.00622054096311, 0.0166810639203, -0.00684002507478], [0.000221682072151, -0.00017909212329, -0.000809482706245, 0.000647394161206, -0.000196783163119, -0.000804460723884, 0.000174912347575, -0.000808485725429, -0.0018394945655, -0.000311674637487, 0.00329376966693, -0.00684002507478, 0.0140861459076]]
    },
    "spectral_contrast_coeffs": {
        "mean": [-0.596966028214, -0.645946860313, -0.651644289494, -0.769040644169, -0.80026614666, -0.762250363827],
        "var": [0.0123049616814, 0.00572083005682, 0.00489271851256, 0.00511995935813, 0.00282223452814, 0.00148596789222]
    },
    "spectral_contrast_valleys": {
        "mean": [-7.16061449051, -6.50542926788, -7.65815544128, -8.21810245514, -8.42056751251, -11.3092441559],
        "var": [0.820845842361, 0.554535448551, 0.671144843102, 0.582991182804, 0.986374139786, 1.88778746128]
    }
},
"metadata": {
    "audio_properties": {
        "analysis_sample_rate": 44100,
        "bit_rate": 128074,
        "equal_loudness": 0,
        "length": 45.0612258911,
        "lossless": 0,
        "replay_gain": -4.75158882141,
        "sample_rate": 44100,
        "codec": "mp3",
        "downmix": "mix",
        "md5_encoded": "8d5aaf28e0cda59a6ddb0e7c74d6afa7"
    },
    "tags": {
        "file_name": "1873.mp3"
    },
    "version": {
        "essentia": "2.1-beta2",
        "essentia_git_sha": "v2.1_beta2",
        "extractor": "music 1.0"
    }
},
"rhythm": {
    "beats_count": 73,
    "beats_loudness": {
        "mean": 0.0387981720269,
        "var": 0.00021408322209
    },
    "bpm": 99.213180542,
    "bpm_histogram_first_peak_bpm": {
        "mean": 99,
        "var": 0
    },
    "bpm_histogram_first_peak_spread": {
        "mean": 0.283582150936,
        "var": 0
    },
    "bpm_histogram_first_peak_weight": {
        "mean": 0.66666662693,
        "var": 0
    },
    "bpm_histogram_second_peak_bpm": {
        "mean": 94,
        "var": 0
    },
    "bpm_histogram_second_peak_spread": {
        "mean": 0.200000032783,
        "var": 0
    },
    "bpm_histogram_second_peak_weight": {
        "mean": 0.0555555559695,
        "var": 0
    },
    "danceability": 1.10840475559,
    "onset_rate": 4.03712892532,
    "beats_loudness_band_ratio": {
        "mean": [0.280548363924, 0.267587929964, 0.327239364386, 0.12593793869, 0.0300470739603, 0.0246618464589],
        "var": [0.0561337471008, 0.0254843924195, 0.0463129840791, 0.0287616159767, 0.000921658764128, 0.003347706981]
    },
    "beats_position": [0.615328788757, 1.25387752056, 1.8575963974, 2.47292518616, 3.08825397491, 3.70358276367, 4.31891155243, 4.93424034119, 5.54956912994, 6.1648979187, 6.78022670746, 7.4303855896, 8.06893444061, 8.70748329163, 9.34603118896, 9.96135997772, 10.5882987976, 11.1920175552, 11.7957363129, 12.387845993, 12.9799547195, 13.5836734772, 14.1873922348, 14.7795009613, 15.3716096878, 15.9753284454, 16.5790481567, 17.1595458984, 17.7632656097, 18.3669834137, 18.970703125, 19.574420929, 20.1665306091, 20.758638382, 21.3623580933, 21.9660758972, 22.5697956085, 23.1735134125, 23.7656230927, 24.3577327728, 24.9614505768, 25.5651702881, 26.168888092, 26.7726078033, 27.3763256073, 27.9684352875, 28.5721530914, 29.1758728027, 29.7795906067, 30.383310318, 30.9754180908, 31.5791378021, 32.1828575134, 32.7865753174, 33.3902931213, 33.99401474, 34.5977325439, 35.1898422241, 35.7819480896, 36.362449646, 36.96616745, 37.5698852539, 38.1736030579, 38.7773246765, 39.3810424805, 39.9963722229, 40.6116981506, 41.2270278931, 41.8423576355, 42.4692955017, 43.0962333679, 43.7231750488, 44.350112915]
},
"tonal": {
    "chords_changes_rate": 0.0679012313485,
    "chords_number_rate": 0.00617283955216,
    "chords_strength": {
        "mean": 0.51452934742,
        "var": 0.00745267886668
    },
    "hpcp_entropy": {
        "mean": 1.72401154041,
        "var": 0.352288395166
    },
    "key_strength": 0.648615181446,
    "tuning_diatonic_strength": 0.587284743786,
    "tuning_equal_tempered_deviation": 0.209288701415,
    "tuning_frequency": 434.193115234,
    "tuning_nontempered_energy_ratio": 0.876161873341,
    "hpcp": {
        "mean": [0.0431384146214, 0.0318130552769, 0.0912495777011, 0.29660692811, 0.433714687824, 0.248759999871, 0.0661102980375, 0.0470541715622, 0.0313510075212, 0.0269363392144, 0.0340170748532, 0.0578143075109, 0.143409892917, 0.201670750976, 0.113963074982, 0.026906048879, 0.0168074071407, 0.0203339271247, 0.0923924520612, 0.166164860129, 0.102012217045, 0.0209460891783, 0.0106062330306, 0.155133917928, 0.315764158964, 0.195836111903, 0.119278557599, 0.323990017176, 0.372790783644, 0.167822137475, 0.0464623235166, 0.0323539339006, 0.0497413128614, 0.143748104572, 0.226113766432, 0.145032197237],
        "var": [0.0169303901494, 0.0113534778357, 0.0324981436133, 0.0911529064178, 0.138082996011, 0.0689702779055, 0.0139084756374, 0.0117509523407, 0.00657826801762, 0.00633330503479, 0.00850580632687, 0.0158930253237, 0.0428032241762, 0.0698073431849, 0.025146542117, 0.00449537811801, 0.0038136865478, 0.00360686099157, 0.024521978572, 0.0633533447981, 0.0252008307725, 0.0027999219019, 0.00125829770695, 0.0462620221078, 0.176746323705, 0.0558565147221, 0.0275490190834, 0.0938310325146, 0.112512737513, 0.0366249009967, 0.01160789188, 0.014242136851, 0.017242455855, 0.0566026084125, 0.105057924986, 0.0556296892464]
    },
    "chords_histogram": [55.0411529541, 10.2880659103, 4.01234579086, 0, 0, 0, 0, 0, 2.46913576126, 0, 0, 0, 0, 0, 0, 0, 0, 1.44032919407, 0, 0, 0, 0, 0, 26.7489719391],
    "thpcp": [1, 0.573556780815, 0.152428075671, 0.108491070569, 0.0722848623991, 0.0621061250567, 0.0784319192171, 0.133300319314, 0.330654919147, 0.464984834194, 0.262760460377, 0.0620362870395, 0.038752220571, 0.0468831881881, 0.21302588284, 0.383120208979, 0.235205814242, 0.0482946261764, 0.024454401806, 0.357686579227, 0.72804582119, 0.451532125473, 0.275016188622, 0.747011840343, 0.859529972076, 0.386941313744, 0.10712646693, 0.0745972767472, 0.114686712623, 0.331434726715, 0.521342217922, 0.33439540863, 0.0994626581669, 0.0733501911163, 0.210390791297, 0.68387567997],
    "chords_key": "F#",
    "chords_scale": "major",
    "key_key": "F#",
    "key_scale": "major"
}
}