{
"lowlevel": {
    "average_loudness": 0.981573522091,
    "barkbands_crest": {
        "mean": 9.17688179016,
        "var": 10.4873971939
    },
    "barkbands_flatness_db": {
        "mean": 0.168241724372,
        "var": 0.00136250199284
    },
    "barkbands_kurtosis": {
        "mean": 1.60008132458,
        "var": 18.8713245392
    },
    "barkbands_skewness": {
        "mean": 1.38133001328,
        "var": 0.806974828243
    },
    "barkbands_spread": {
        "mean": 26.9567146301,
        "var": 72.4385681152
    },
    "dissonance": {
        "mean": 0.482610791922,
        "var": 0.000108107073174
    },
    "dynamic_complexity": 0.91343331337,
    "erbbands_crest": {
        "mean": 6.79903459549,
        "var": 9.45553302765
    },
    "erbbands_flatness_db": {
        "mean": 0.200769230723,
        "var": 0.000495573214721
    },
    "erbbands_kurtosis": {
        "mean": -0.500171899796,
        "var": 0.547234416008
    },
    "erbbands_skewness": {
        "mean": -0.531067550182,
        "var": 0.17806814611
    },
    "erbbands_spread": {
        "mean": 45.5223846436,
        "var": 141.233520508
    },
    "hfc": {
        "mean": 26.0469932556,
        "var": 105.94216156
    },
    "melbands_crest": {
        "mean": 16.4226360321,
        "var": 27.127456665
    },
    "melbands_flatness_db": {
        "mean": 0.207845106721,
        "var": 0.00280332146212
    },
    "melbands_kurtosis": {
        "mean": 10.87134552,
        "var": 158.726486206
    },
    "melbands_skewness": {
        "mean": 2.89631700516,
        "var": 1.67814612389
    },
    "melbands_spread": {
        "mean": 27.2759304047,
        "var": 185.204406738
    },
    "pitch_salience": {
        "mean": 0.516123950481,
        "var": 0.0116833886132
    },
    "silence_rate_20dB": {
        "mean": 1,
        "var": 0
    },
    "silence_rate_30dB": {
        "mean": 1,
        "var": 0
    },
    "silence_rate_60dB": {
        "mean": 0.00257466523908,
        "var": 0.00256805913523
    },
    "spectral_centroid": {
        "mean": 1750.35913086,
        "var": 297973.90625
    },
    "spectral_complexity": {
        "mean": 32.6441802979,
        "var": 95.480430603
    },
    "spectral_decrease": {
        "mean": -8.81877593173e-009,
        "var": 9.80943065951e-018
    },
    "spectral_energy": {
        "mean": 0.0356465689838,
        "var": 0.000147030325024
    },
    "spectral_energyband_high": {
        "mean": 0.00131254340522,
        "var": 9.26132315726e-007
    },
    "spectral_energyband_low": {
        "mean": 0.0160393491387,
        "var": 0.000134409870952
    },
    "spectral_energyband_middle_high": {
        "mean": 0.00724148098379,
        "var": 1.23559166241e-005
    },
    "spectral_energyband_middle_low": {
        "mean": 0.0176508575678,
        "var": 7.08292063791e-005
    },
    "spectral_entropy": {
        "mean": 7.52940750122,
        "var": 0.0567267760634
    },
    "spectral_flux": {
        "mean": 0.089276380837,
        "var": 0.000830589735415
    },
    "spectral_kurtosis": {
        "mean": 2.84697937965,
        "var": 4.4425983429
    },
    "spectral_rms": {
        "mean": 0.0057910787873,
        "var": 1.2405431562e-006
    },
    "spectral_rolloff": {
        "mean": 1742.09118652,
        "var": 992227.75
    },
    "spectral_skewness": {
        "mean": 0.729242146015,
        "var": 0.0876221954823
    },
    "spectral_spread": {
        "mean": 2963945.75,
        "var": 959787892736
    },
    "spectral_strongpeak": {
        "mean": 0.709608733654,
        "var": 0.35046967864
    },
    "zerocrossingrate": {
        "mean": 0.0572355128825,
        "var": 0.000438907096395
    },
    "barkbands": {
        "mean": [2.08715355257e-005, 0.00233881291933, 0.00715247727931, 0.00977329537272, 0.00260043679737, 0.00283283391036, 0.000962649937719, 0.000750806939323, 0.000637933670077, 0.00061832612846, 0.000404126592912, 0.000703648955096, 0.00042585079791, 0.000890119408723, 0.000615857774392, 0.00138621206861, 0.000724980491214, 0.000549970543943, 0.000560215790756, 0.00116326264106, 0.00043027382344, 6.9066103606e-005, 2.4108992875e-005, 8.50477044878e-006, 1.8199183387e-006, 1.6766514932e-007, 1.90080950979e-009],
        "var": [1.01917485562e-009, 1.2256631635e-005, 4.87837096443e-005, 5.27465235791e-005, 5.06580863657e-006, 1.21219236462e-005, 1.02053263618e-006, 1.09328323106e-006, 4.10143741192e-007, 3.85632404232e-007, 3.47439367943e-007, 4.29552159176e-007, 1.50255345943e-007, 8.09192499673e-007, 4.75359144048e-007, 1.5267615936e-006, 3.06127077465e-007, 1.98495939685e-007, 2.45214636152e-007, 9.7508404906e-007, 1.46174258475e-007, 6.96830593228e-009, 1.18147480688e-009, 1.25256513495e-010, 1.13133374197e-011, 1.66497295551e-013, 6.93200224863e-018]
    },
    "erbbands": {
        "mean": [0.0381951145828, 0.693861603737, 5.5473151207, 26.6737804413, 17.0250549316, 7.20414113998, 14.1585044861, 23.8524627686, 17.2095775604, 12.6916332245, 17.3111400604, 12.1278448105, 19.5088157654, 18.5751132965, 17.6245937347, 26.9393196106, 20.3235359192, 28.079662323, 48.7663879395, 43.4557228088, 74.4393615723, 40.5895309448, 31.3410072327, 31.4769001007, 29.9234962463, 59.7567253113, 29.5342063904, 10.4102106094, 2.93671941757, 1.32841944695, 0.601943850517, 0.262412279844, 0.100253894925, 0.0314182639122, 0.00849286280572, 0.00159890798386, 0.000198652473046, 1.87627774721e-005, 2.06585482374e-005, 4.2539460992e-005],
        "var": [0.00259773526341, 0.906710445881, 23.3955898285, 388.142791748, 159.353393555, 44.4438247681, 435.920013428, 878.214172363, 305.468780518, 145.3777771, 423.526092529, 120.708465576, 237.889877319, 520.367248535, 229.040054321, 524.873352051, 266.627807617, 576.753845215, 2455.83618164, 2685.20288086, 2946.20141602, 814.374694824, 547.113464355, 611.102294922, 723.620361328, 2983.54614258, 435.587127686, 105.52570343, 11.9267101288, 3.19121170044, 0.679191589355, 0.12120513618, 0.0167150627822, 0.00268516154028, 0.000338198646205, 1.28441051856e-005, 2.06358890864e-007, 7.97483856729e-010, 4.14632356227e-011, 1.87512672056e-010]
    },
    "gfcc": {
        "mean": [-1.90983462334, 145.455566406, -169.424179077, 66.2365570068, -46.3162612915, -8.6834192276, -22.0447998047, -12.4435062408, -17.8199157715, -11.8351268768, -10.0758724213, -24.0675697327, 1.76131343842],
        "cov": [[1959.94665527, -271.444671631, -161.94241333, 147.507202148, -198.795806885, 194.540054321, -127.481163025, 24.2389640808, -75.3704299927, -65.0171356201, -41.4192352295, 83.4666900635, -78.908821106], [-271.444671631, 524.628356934, 54.9086303711, -41.4513473511, 168.906051636, -148.063201904, 115.703033447, -74.9428405762, 70.3008728027, -20.7899475098, 51.6470451355, -109.963661194, 51.8570327759], [-161.94241333, 54.9086303711, 272.077514648, 83.497543335, 64.7520217896, 54.2787475586, 32.0082702637, 23.4922599792, 0.834977030754, 6.74333906174, -6.86009550095, -23.9083957672, -8.19876194], [147.507202148, -41.4513473511, 83.497543335, 130.697967529, 38.0250511169, 42.5983963013, 1.12256801128, 8.15840053558, -5.53873109818, -9.08170604706, -9.12412166595, -3.53961610794, 2.59743285179], [-198.795806885, 168.906051636, 64.7520217896, 38.0250511169, 183.674880981, -5.76701879501, 70.1167984009, 0.455156862736, 20.096572876, 0.360880494118, 8.1001958847, -46.8577613831, 14.5535030365], [194.540054321, -148.063201904, 54.2787475586, 42.5983963013, -5.76701879501, 169.76385498, 9.84268569946, 39.4555282593, -20.3727588654, -4.52848386765, -13.9506244659, 41.0342407227, -53.7926063538], [-127.481163025, 115.703033447, 32.0082702637, 1.12256801128, 70.1167984009, 9.84268569946, 99.5808029175, 12.9374198914, 8.50755882263, -1.52468919754, 13.0192375183, -27.1122341156, -3.13443636894], [24.2389640808, -74.9428405762, 23.4922599792, 8.15840053558, 0.455156862736, 39.4555282593, 12.9374198914, 75.3881072998, 4.39996910095, 23.5190219879, -6.41950082779, 18.1078300476, -8.00699520111], [-75.3704299927, 70.3008728027, 0.834977030754, -5.53873109818, 20.096572876, -20.3727588654, 8.50755882263, 4.39996910095, 58.9356155396, 14.7316350937, 7.99649190903, -14.9643945694, 10.9188661575], [-65.0171356201, -20.7899475098, 6.74333906174, -9.08170604706, 0.360880494118, -4.52848386765, -1.52468919754, 23.5190219879, 14.7316350937, 62.5993118286, 20.3969364166, 10.6799020767, 11.1521778107], [-41.4192352295, 51.6470451355, -6.86009550095, -9.12412166595, 8.1001958847, -13.9506244659, 13.0192375183, -6.41950082779, 7.99649190903, 20.3969364166, 51.9317893982, 16.3994121552, 8.97399616241], [83.4666900635, -109.963661194, -23.9083957672, -3.53961610794, -46.8577613831, 41.0342407227, -27.1122341156, 18.1078300476, -14.9643945694, 10.6799020767, 16.3994121552, 76.7838363647, -2.35657215118], [-78.908821106, 51.8570327759, -8.19876194, 2.59743285179, 14.5535030365, -53.7926063538, -3.13443636894, -8.00699520111, 10.9188661575, 11.1521778107, 8.97399616241, -2.35657215118, 65.1194610596]],
        "icov": [[0.00192478322424, -0.00492093805224, 0.0036141066812, -0.00534088769928, 0.00372379762121, -0.00422981986776, 0.00452688895166, -0.00387624325231, 0.00427820393816, -0.00154889491387, 0.00253456272185, -0.000660856370814, 0.00150882988237], [-0.00492093805224, 0.0254035778344, -0.0130661725998, 0.0192090347409, -0.014823930338, 0.016313964501, -0.0192283689976, 0.0170890334994, -0.0198721662164, 0.0119285834953, -0.0168417338282, 0.0078208623454, -0.00674587534741], [0.0036141066812, -0.0130661725998, 0.0131835741922, -0.01435896568, 0.00792284216732, -0.0110007282346, 0.010442700237, -0.0102431150153, 0.0111422482878, -0.006374923978, 0.00744552118704, -0.000803518923931, 0.00357066350989], [-0.00534088769928, 0.0192090347409, -0.01435896568, 0.0285623520613, -0.0147166093811, 0.0107526397333, -0.0129903620109, 0.0132434591651, -0.0150483511388, 0.0101944068447, -0.0121108479798, 0.00568684702739, -0.00888923741877], [0.00372379762121, -0.014823930338, 0.00792284216732, -0.0147166093811, 0.0188079942018, -0.011150711216, 0.00681584654376, -0.010033717379, 0.0106723625213, -0.00642516557127, 0.00783812254667, 7.59247122915e-005, 0.00181494804565], [-0.00422981986776, 0.016313964501, -0.0110007282346, 0.0107526397333, -0.011150711216, 0.0254145842046, -0.0163873322308, 0.00973415188491, -0.0127932876348, 0.00620441837236, -0.00494812894613, -0.00556654948741, 0.00552632519975], [0.00452688895166, -0.0192283689976, 0.010442700237, -0.0129903620109, 0.00681584654376, -0.0163873322308, 0.0332609340549, -0.0191932804883, 0.0164252314717, -0.00400797231123, 0.00311268377118, 0.00261133094318, 0.00440930807963], [-0.00387624325231, 0.0170890334994, -0.0102431150153, 0.0132434591651, -0.010033717379, 0.00973415188491, -0.0191932804883, 0.03330751881, -0.0161348171532, -0.0022991320584, -0.00121711497195, -0.00252090767026, -0.00349290599115], [0.00427820393816, -0.0198721662164, 0.0111422482878, -0.0150483511388, 0.0106723625213, -0.0127932876348, 0.0164252314717, -0.0161348171532, 0.0363215282559, -0.0122714117169, 0.00957252830267, -0.000530009332579, 0.00353868748061], [-0.00154889491387, 0.0119285834953, -0.006374923978, 0.0101944068447, -0.00642516557127, 0.00620441837236, -0.00400797231123, -0.0022991320584, -0.0122714117169, 0.0312637761235, -0.0200167093426, 0.00646838126704, -0.00680373841897], [0.00253456272185, -0.0168417338282, 0.00744552118704, -0.0121108479798, 0.00783812254667, -0.00494812894613, 0.00311268377118, -0.00121711497195, 0.00957252830267, -0.0200167093426, 0.0452633276582, -0.0211070217192, 0.00688587781042], [-0.000660856370814, 0.0078208623454, -0.000803518923931, 0.00568684702739, 7.59247122915e-005, -0.00556654948741, 0.00261133094318, -0.00252090767026, -0.000530009332579, 0.00646838126704, -0.0211070217192, 0.0327183268964, -0.00908252596855], [0.00150882988237, -0.00674587534741, 0.00357066350989, -0.00888923741877, 0.00181494804565, 0.00552632519975, 0.00440930807963, -0.00349290599115, 0.00353868748061, -0.00680373841897, 0.00688587781042, -0.00908252596855, 0.0265972781926]]
    },
    "melbands": {
        "mean": [0.000506332493387, 0.00231852545403, 0.00427641998976, 0.000761759816669, 0.000434182904428, 0.00054059230024, 0.00024783090339, 0.000149785351823, 0.000132224697154, 7.89792102296e-005, 0.000102507794509, 8.0579869973e-005, 5.32740741619e-005, 7.9546647612e-005, 6.8100001954e-005, 3.42189996445e-005, 5.46889896214e-005, 8.8068198238e-005, 4.9662154197e-005, 7.22060067346e-005, 9.06739369384e-005, 3.92850888602e-005, 3.34452233801e-005, 2.76598930213e-005, 2.5117484256e-005, 2.13735129364e-005, 2.39952078118e-005, 4.6127661335e-005, 1.93143605429e-005, 1.28515212054e-005, 3.59057230526e-006, 1.67738141954e-006, 1.02058118046e-006, 6.16140539478e-007, 3.6497038991e-007, 2.23951346356e-007, 1.31406181936e-007, 7.64776757478e-008, 3.94294126238e-008, 2.1726691557e-008],
        "var": [5.32930869213e-007, 4.26455835623e-006, 8.0364261521e-006, 3.51945800503e-007, 3.16131803402e-007, 4.07443877748e-007, 5.83598875892e-008, 2.57463259601e-008, 2.26218901389e-008, 5.64208413323e-009, 6.94755986075e-009, 8.97513263709e-009, 3.08034109331e-009, 7.75287567478e-009, 7.07229785846e-009, 6.86176671039e-010, 2.73944533724e-009, 9.37712485438e-009, 2.95507818215e-009, 1.01759560778e-008, 5.54068080305e-009, 8.35688018785e-010, 7.83322018361e-010, 6.97740920597e-010, 4.53733661754e-010, 4.15808915077e-010, 7.23758331045e-010, 2.09937156548e-009, 1.99612146257e-010, 1.48138751266e-010, 1.653345863e-011, 4.34566315224e-012, 1.8653089056e-012, 8.39825008581e-013, 2.69255050114e-013, 9.30005719787e-014, 3.06056551359e-014, 1.00396130144e-014, 2.97684393005e-015, 1.72300509279e-015]
    },
    "mfcc": {
        "mean": [-618.194152832, 145.87979126, -44.5210990906, 60.5462913513, -4.53461313248, 10.9519615173, 2.25681090355, -5.61191177368, 1.38853490353, 4.19257926941, -15.601225853, 2.62526583672, -5.3998966217],
        "cov": [[1579.54077148, -467.64276123, 9.32775497437, -119.076469421, -63.7722511292, 74.6661605835, -97.4044494629, 136.043212891, -97.0790328979, -98.4296035767, 40.8101043701, -82.2733612061, 13.7503728867], [-467.64276123, 612.160888672, -80.3496932983, 109.518127441, 30.1660404205, -32.4397163391, 61.6096038818, -85.3765945435, 49.7494926453, 57.5852508545, -34.3766593933, 65.5119857788, -21.6014614105], [9.32775497437, -80.3496932983, 233.376556396, 14.0058269501, 35.1851539612, 42.4165306091, 15.1444416046, 31.8873767853, 5.04746770859, 3.17230057716, 15.146900177, -5.788626194, 14.1765003204], [-119.076469421, 109.518127441, 14.0058269501, 136.766418457, 57.580165863, 0.822000205517, 35.8093147278, -26.6039485931, 31.9297714233, 19.9460754395, -33.5601806641, 21.8170261383, -14.8621072769], [-63.7722511292, 30.1660404205, 35.1851539612, 57.580165863, 105.668487549, 30.6220741272, 29.7846317291, 4.86273431778, 28.2310619354, 18.5051765442, -6.79187297821, 11.3483343124, -7.0664358139], [74.6661605835, -32.4397163391, 42.4165306091, 0.822000205517, 30.6220741272, 96.3716049194, 29.3359489441, 46.4549026489, -5.81670618057, 0.214819669724, 28.1576080322, -12.36124897, 6.88817739487], [-97.4044494629, 61.6096038818, 15.1444416046, 35.8093147278, 29.7846317291, 29.3359489441, 98.9072723389, 26.1057662964, 17.6389904022, 23.6928462982, 1.75921487808, 15.1211204529, 12.920176506], [136.043212891, -85.3765945435, 31.8873767853, -26.6039485931, 4.86273431778, 46.4549026489, 26.1057662964, 100.384635925, -2.85365104675, -8.39762210846, 37.2071800232, -15.6572341919, 19.3636398315], [-97.0790328979, 49.7494926453, 5.04746770859, 31.9297714233, 28.2310619354, -5.81670618057, 17.6389904022, -2.85365104675, 68.6533508301, 31.2174282074, -13.1229791641, 13.4820165634, -7.96567583084], [-98.4296035767, 57.5852508545, 3.17230057716, 19.9460754395, 18.5051765442, 0.214819669724, 23.6928462982, -8.39762210846, 31.2174282074, 68.4481277466, 10.6068000793, 10.6495866776, 2.23252820969], [40.8101043701, -34.3766593933, 15.146900177, -33.5601806641, -6.79187297821, 28.1576080322, 1.75921487808, 37.2071800232, -13.1229791641, 10.6068000793, 73.0400009155, -0.681562066078, 14.6796350479], [-82.2733612061, 65.5119857788, -5.788626194, 21.8170261383, 11.3483343124, -12.36124897, 15.1211204529, -15.6572341919, 13.4820165634, 10.6495866776, -0.681562066078, 56.9426002502, 16.9230270386], [13.7503728867, -21.6014614105, 14.1765003204, -14.8621072769, -7.0664358139, 6.88817739487, 12.920176506, 19.3636398315, -7.96567583084, 2.23252820969, 14.6796350479, 16.9230270386, 54.3173599243]],
        "icov": [[0.00100433477201, 0.000482991075842, 0.000258988002315, -0.000201491551707, 0.000281156768324, -0.000623444619123, 0.000968857028056, -0.00123770581558, 0.000734593602829, 0.000111424305942, 0.000485518685309, -1.39841804412e-005, 0.000117812334793], [0.000482991075842, 0.00282996147871, 0.000843342859298, -0.00122233130969, 0.000656363845337, -0.000514398037922, -0.000959062715992, 0.00107846257742, -4.71284001833e-005, -0.000795649364591, -6.53141905786e-005, -0.00185204634909, 0.0010633720085], [0.000258988002315, 0.000843342859298, 0.00520666548982, -0.000929893110879, -0.000996330403723, -0.00155171949882, 0.000314566801535, -0.000432781875134, -0.000288218609057, -3.39838807122e-005, -0.000323350424878, 0.000398172531277, -0.00127443275414], [-0.000201491551707, -0.00122233130969, -0.000929893110879, 0.0132308779284, -0.00497591635212, -8.57996269588e-007, -0.00278365472332, 0.00167706294451, -0.000989471096545, -0.000458262395114, 0.00396033609286, -0.00218128040433, 0.00232783472165], [0.000281156768324, 0.000656363845337, -0.000996330403723, -0.00497591635212, 0.0155403604731, -0.00503088254482, -0.000323400046909, -0.000491625745781, -0.00296330102719, -0.00126108922996, 0.00091234606225, -0.0024700241629, 0.00214054971002], [-0.000623444619123, -0.000514398037922, -0.00155171949882, -8.57996269588e-007, -0.00503088254482, 0.0179227720946, -0.00402307510376, -0.0035752535332, 0.0018826428568, 0.00116659270134, -0.00483053224161, 0.003785622539, 1.63392251125e-005], [0.000968857028056, -0.000959062715992, 0.000314566801535, -0.00278365472332, -0.000323400046909, -0.00402307510376, 0.0173085760325, -0.00729783019051, 0.00141060736496, -0.00455765612423, 0.00385320349596, -0.00254014483653, -0.00237356568687], [-0.00123770581558, 0.00107846257742, -0.000432781875134, 0.00167706294451, -0.000491625745781, -0.0035752535332, -0.00729783019051, 0.0220208242536, -0.00654411781579, 0.00585506064817, -0.00862610526383, 0.00542763015255, -0.00497096311301], [0.000734593602829, -4.71284001833e-005, -0.000288218609057, -0.000989471096545, -0.00296330102719, 0.0018826428568, 0.00141060736496, -0.00654411781579, 0.0244269128889, -0.0106319859624, 0.0063991243951, -0.00484613049775, 0.00477257138118], [0.000111424305942, -0.000795649364591, -3.39838807122e-005, -0.000458262395114, -0.00126108922996, 0.00116659270134, -0.00455765612423, 0.00585506064817, -0.0106319859624, 0.0239978004247, -0.00884351879358, 0.00338406162336, -0.00298616546206], [0.000485518685309, -6.53141905786e-005, -0.000323350424878, 0.00396033609286, 0.00091234606225, -0.00483053224161, 0.00385320349596, -0.00862610526383, 0.0063991243951, -0.00884351879358, 0.023840483278, -0.00507902726531, 0.000350255868398], [-1.39841804412e-005, -0.00185204634909, 0.000398172531277, -0.00218128040433, -0.0024700241629, 0.003785622539, -0.00254014483653, 0.00542763015255, -0.00484613049775, 0.00338406162336, -0.00507902726531, 0.0279779545963, -0.011759753339], [0.000117812334793, 0.0010633720085, -0.00127443275414, 0.00232783472165, 0.00214054971002, 1.63392251125e-005, -0.00237356568687, -0.00497096311301, 0.00477257138118, -0.00298616546206, 0.000350255868398, -0.011759753339, 0.0267778616399]]
    },
    "spectral_contrast_coeffs": {
        "mean": [-0.564185321331, -0.726724386215, -0.786380410194, -0.773338973522, -0.773542106152, -0.649469971657],
        "var": [0.00470575550571, 0.00381514453329, 0.00197028322145, 0.00206145877019, 0.00115528935567, 0.000788645585999]
    },
    "spectral_contrast_valleys": {
        "mean": [-7.08040475845, -6.49329090118, -6.96265745163, -7.02666854858, -6.67670679092, -11.1840229034],
        "var": [0.500353336334, 0.44681546092, 0.448036164045, 0.427532702684, 0.4415358603, 0.562073051929]
    }
},
"metadata": {
    "audio_properties": {
        "analysis_sample_rate": 44100,
        "bit_rate": 128074,
        "equal_loudness": 0,
        "length": 45.0612258911,
        "lossless": 0,
        "replay_gain": -5.57522010803,
        "sample_rate": 44100,
        "codec": "mp3",
        "downmix": "mix",
        "md5_encoded": "7de6748af217e965070d77c2111e0d9d"
    },
    "tags": {
        "file_name": "1874.mp3"
    },
    "version": {
        "essentia": "2.1-beta2",
        "essentia_git_sha": "v2.1_beta2",
        "extractor": "music 1.0"
    }
},
"rhythm": {
    "beats_count": 95,
    "beats_loudness": {
        "mean": 0.0394439697266,
        "var": 9.76939627435e-005
    },
    "bpm": 128.339614868,
    "bpm_histogram_first_peak_bpm": {
        "mean": 129,
        "var": 0
    },
    "bpm_histogram_first_peak_spread": {
        "mean": 0.472222179174,
        "var": 0
    },
    "bpm_histogram_first_peak_weight": {
        "mean": 0.404255330563,
        "var": 0
    },
    "bpm_histogram_second_peak_bpm": {
        "mean": 123,
        "var": 0
    },
    "bpm_histogram_second_peak_spread": {
        "mean": 0.0526315718889,
        "var": 0
    },
    "bpm_histogram_second_peak_weight": {
        "mean": 0.191489368677,
        "var": 0
    },
    "danceability": 1.39408266544,
    "onset_rate": 2.30693078041,
    "beats_loudness_band_ratio": {
        "mean": [0.548896431923, 0.166033014655, 0.0725948512554, 0.0700072720647, 0.118256777525, 0.0671202242374],
        "var": [0.0267747733742, 0.0125679755583, 0.00206245225854, 0.00122820935212, 0.00331903202459, 0.00126478192396]
    },
    "beats_position": [0.522448956966, 1.04489791393, 1.53251695633, 2.00852608681, 2.48453521729, 2.94893407822, 3.42494320869, 3.90095233917, 4.3653512001, 4.82975053787, 5.31736946106, 5.79337835312, 6.26938772202, 6.7570066452, 7.23301553726, 7.70902490616, 8.17342376709, 8.63782310486, 9.12544155121, 9.61306095123, 10.0890703201, 10.5650787354, 11.0294780731, 11.505487442, 11.9814968109, 12.445895195, 12.9219045639, 13.3863039017, 13.8623123169, 14.3499317169, 14.8143310547, 15.2787294388, 15.7431287766, 16.2075271606, 16.6719264984, 17.1363258362, 17.600725174, 18.0651245117, 18.5295238495, 18.9939231873, 19.458322525, 19.9227199554, 20.3871192932, 20.851518631, 21.3159179688, 21.7803173065, 22.2447166443, 22.6975059509, 23.1502952576, 23.614692688, 24.102312088, 24.5667114258, 25.0078907013, 25.4722900391, 25.9250793457, 26.3894786835, 26.8538761139, 27.3066654205, 27.7594547272, 28.2006340027, 28.6534233093, 29.1178226471, 29.593832016, 30.0698413849, 30.5458488464, 31.0218582153, 31.4862575531, 31.9390468597, 32.4034461975, 32.8678436279, 33.3438529968, 33.8198623657, 34.2958717346, 34.7718811035, 35.2478904724, 35.7355079651, 36.2231292725, 36.6875267029, 37.1751480103, 37.6627655029, 38.1503829956, 38.6147842407, 39.0791816711, 39.5668029785, 40.0428123474, 40.5072097778, 40.9832191467, 41.4708366394, 41.9584579468, 42.4460754395, 42.9336967468, 43.4097061157, 43.8857116699, 44.3733329773, 44.8725624084]
},
"tonal": {
    "chords_changes_rate": 0.0493827164173,
    "chords_number_rate": 0.00925925932825,
    "chords_strength": {
        "mean": 0.526147186756,
        "var": 0.00846916809678
    },
    "hpcp_entropy": {
        "mean": 2.11308908463,
        "var": 0.679718971252
    },
    "key_strength": 0.594319701195,
    "tuning_diatonic_strength": 0.594022154808,
    "tuning_equal_tempered_deviation": 0.0934510007501,
    "tuning_frequency": 441.527557373,
    "tuning_nontempered_energy_ratio": 0.76262575388,
    "hpcp": {
        "mean": [0.0501757077873, 0.0582285635173, 0.0764079242945, 0.0962086990476, 0.0955346673727, 0.115874119103, 0.158337771893, 0.163156181574, 0.138583153486, 0.111754782498, 0.0985599085689, 0.224440410733, 0.412948727608, 0.315868556499, 0.12124530226, 0.0787898823619, 0.0880007743835, 0.195810720325, 0.303076982498, 0.249282032251, 0.224906533957, 0.214736044407, 0.127753511071, 0.0943476483226, 0.0977067276835, 0.111570470035, 0.157018214464, 0.184153720737, 0.123728066683, 0.0578246936202, 0.0486484356225, 0.0702183693647, 0.131309136748, 0.18305413425, 0.138397008181, 0.0670194029808],
        "var": [0.00962931197137, 0.0150911156088, 0.0196532998234, 0.0227241721004, 0.0255413297564, 0.0347808077931, 0.056802842766, 0.0662727057934, 0.0416228510439, 0.0242746416479, 0.0207079425454, 0.0545901097357, 0.163056790829, 0.103085055947, 0.0280964914709, 0.0218045953661, 0.0293768234551, 0.0726460888982, 0.139963760972, 0.0880064144731, 0.0951266288757, 0.102524936199, 0.0429748110473, 0.0301463790238, 0.0292107779533, 0.032592933625, 0.0495630465448, 0.0661216303706, 0.0392322540283, 0.00766856735572, 0.00613502878696, 0.0125984298065, 0.0326377637684, 0.0458627305925, 0.0345308035612, 0.0111639201641]
    },
    "chords_histogram": [38.4773674011, 2.88065838814, 18.41563797, 0.823045253754, 0, 19.4444446564, 0, 6.17283964157, 0, 8.64197540283, 1.13168728352, 0, 0, 0, 0, 0, 1.64609050751, 0, 0, 1.54320991039, 0, 0, 0.617283940315, 0.205761313438],
    "thpcp": [1, 0.764909863472, 0.293608605862, 0.190798223019, 0.213103398681, 0.474176824093, 0.73393368721, 0.603663384914, 0.544635474682, 0.520006537437, 0.309368938208, 0.228473037481, 0.236607402563, 0.270179957151, 0.380236595869, 0.445948153734, 0.299620896578, 0.140028744936, 0.11780744791, 0.170041367412, 0.31797927618, 0.443285375834, 0.335143327713, 0.162294730544, 0.121505901217, 0.14100676775, 0.185030058026, 0.232979774475, 0.23134753108, 0.280601710081, 0.383432030678, 0.395100325346, 0.335594087839, 0.270626276731, 0.238673478365, 0.543506741524],
    "chords_key": "C#",
    "chords_scale": "minor",
    "key_key": "C#",
    "key_scale": "minor"
}
}