{
"lowlevel": {
    "average_loudness": 0.839492857456,
    "barkbands_crest": {
        "mean": 12.4604558945,
        "var": 44.2935829163
    },
    "barkbands_flatness_db": {
        "mean": 0.222174212337,
        "var": 0.0181809123605
    },
    "barkbands_kurtosis": {
        "mean": 124.154792786,
        "var": 144047.421875
    },
    "barkbands_skewness": {
        "mean": 3.99958372116,
        "var": 40.5701026917
    },
    "barkbands_spread": {
        "mean": 22.4582996368,
        "var": 407.490814209
    },
    "dissonance": {
        "mean": 0.450483828783,
        "var": 0.0015654717572
    },
    "dynamic_complexity": 5.53991985321,
    "erbbands_crest": {
        "mean": 10.2064266205,
        "var": 30.6378993988
    },
    "erbbands_flatness_db": {
        "mean": 0.181245535612,
        "var": 0.0075895562768
    },
    "erbbands_kurtosis": {
        "mean": 7.06879281998,
        "var": 545.766845703
    },
    "erbbands_skewness": {
        "mean": 1.00825405121,
        "var": 5.70100402832
    },
    "erbbands_spread": {
        "mean": 45.3030357361,
        "var": 1240.25292969
    },
    "hfc": {
        "mean": 20.0833454132,
        "var": 972.34173584
    },
    "melbands_crest": {
        "mean": 16.2179546356,
        "var": 44.7143096924
    },
    "melbands_flatness_db": {
        "mean": 0.304885327816,
        "var": 0.0279519017786
    },
    "melbands_kurtosis": {
        "mean": 57.5794639587,
        "var": 12763.1337891
    },
    "melbands_skewness": {
        "mean": 3.85864567757,
        "var": 13.5787649155
    },
    "melbands_spread": {
        "mean": 23.2814102173,
        "var": 1068.61804199
    },
    "pitch_salience": {
        "mean": 0.475879341364,
        "var": 0.0428696647286
    },
    "silence_rate_20dB": {
        "mean": 1,
        "var": 0
    },
    "silence_rate_30dB": {
        "mean": 0.992790937424,
        "var": 0.00715678650886
    },
    "silence_rate_60dB": {
        "mean": 0.248712673783,
        "var": 0.186854988337
    },
    "spectral_centroid": {
        "mean": 1113.44091797,
        "var": 884068.6875
    },
    "spectral_complexity": {
        "mean": 9.63954639435,
        "var": 100.674095154
    },
    "spectral_decrease": {
        "mean": -5.46754952424e-009,
        "var": 4.68864301517e-017
    },
    "spectral_energy": {
        "mean": 0.0224574096501,
        "var": 0.000769938866142
    },
    "spectral_energyband_high": {
        "mean": 0.000933813105803,
        "var": 5.0074399951e-006
    },
    "spectral_energyband_low": {
        "mean": 0.00994689390063,
        "var": 0.00027922206209
    },
    "spectral_energyband_middle_high": {
        "mean": 0.00432705692947,
        "var": 7.66063967603e-005
    },
    "spectral_energyband_middle_low": {
        "mean": 0.00776493642479,
        "var": 0.00015502939641
    },
    "spectral_entropy": {
        "mean": 7.11355161667,
        "var": 1.02596974373
    },
    "spectral_flux": {
        "mean": 0.0801161080599,
        "var": 0.00483465567231
    },
    "spectral_kurtosis": {
        "mean": 10.7630987167,
        "var": 163.315536499
    },
    "spectral_rms": {
        "mean": 0.00377111625858,
        "var": 7.68835434428e-006
    },
    "spectral_rolloff": {
        "mean": 2007.88964844,
        "var": 9536517
    },
    "spectral_skewness": {
        "mean": 2.20814561844,
        "var": 1.13371384144
    },
    "spectral_spread": {
        "mean": 6049808.5,
        "var": 1.31390179901e+013
    },
    "spectral_strongpeak": {
        "mean": 0.717245638371,
        "var": 2.48849487305
    },
    "zerocrossingrate": {
        "mean": 0.0740696489811,
        "var": 0.00609516398981
    },
    "barkbands": {
        "mean": [0.000114596135973, 0.00626597926021, 0.0030904437881, 0.00112058536615, 0.00210209959187, 0.00174505764153, 0.00103326363023, 0.000889712187927, 0.000787757104263, 0.000535270781256, 0.000324963650201, 0.000262376037426, 0.000218506233068, 0.000413155765273, 0.00108525506221, 0.000811443373095, 0.000441955897259, 0.000165142744663, 7.71000486566e-005, 7.55794899305e-005, 7.93924409663e-005, 0.000102496058389, 9.79763863143e-005, 0.000156265756232, 0.000235346320551, 0.000225301031605, 3.88152159303e-007],
        "var": [2.73217910518e-008, 9.72343914327e-005, 4.63692558696e-005, 7.41464600651e-006, 2.98386039503e-005, 9.90211992757e-006, 4.33385275755e-006, 2.58271506937e-006, 2.98479699268e-006, 2.29558713727e-006, 1.35679056257e-006, 5.99448867433e-007, 2.35528034409e-007, 3.03581214212e-006, 9.1375231932e-006, 6.92688263371e-006, 1.2309177464e-006, 1.47480960777e-007, 3.65240993006e-008, 4.02519937381e-008, 4.52788704308e-008, 8.31201418805e-008, 7.65735492791e-008, 1.91872160826e-007, 3.07777838771e-007, 2.57658228975e-007, 1.34832650687e-012]
    },
    "erbbands": {
        "mean": [0.0984105095267, 1.68131756783, 4.09474420547, 3.32156610489, 5.02308368683, 6.40315723419, 12.8476381302, 14.7063531876, 16.3395404816, 15.1228990555, 19.1953258514, 19.7936534882, 12.0960845947, 21.1447143555, 11.0291280746, 12.3491563797, 10.6221570969, 22.2259311676, 48.1033859253, 49.6072769165, 39.83203125, 23.2357139587, 12.8072357178, 4.73418188095, 4.06047964096, 3.54631567001, 3.01355624199, 3.31537938118, 3.98019123077, 3.07987904549, 2.74706268311, 2.84734678268, 2.70512342453, 2.29619455338, 1.92473185062, 0.97835111618, 0.432181149721, 0.0418557375669, 0.000774962536525, 6.11864670645e-005],
        "var": [0.0174533296376, 7.59379959106, 74.3864898682, 57.2019042969, 193.246810913, 304.597869873, 727.103027344, 704.36895752, 1059.3527832, 952.17779541, 1274.26452637, 1906.88476563, 953.293762207, 3479.32836914, 916.524291992, 1289.2746582, 552.125305176, 6919.42431641, 20296.7089844, 21387.0449219, 14852.6464844, 3234.93286133, 888.251403809, 114.25868988, 87.5370407104, 91.5838928223, 64.2362136841, 85.5191040039, 142.208145142, 68.127494812, 60.880191803, 77.045211792, 50.9249305725, 29.7125225067, 20.7142944336, 4.5619559288, 1.04285109043, 0.00946745835245, 3.10106793222e-006, 9.95446658436e-009]
    },
    "gfcc": {
        "mean": [-122.245422363, 87.4249038696, -79.499382019, 18.7664966583, -36.6549911499, 14.8180961609, -44.2202568054, 20.4404277802, -15.4472255707, 8.62671852112, -15.7337589264, 6.06683921814, -9.77538776398],
        "cov": [[29778.1992188, -2594.08300781, -2900.27416992, -1946.87304688, -2302.4362793, -595.415771484, -1632.39257813, 594.120361328, -562.27355957, 712.873840332, -544.302978516, 457.618774414, -399.869506836], [-2594.08300781, 4663.82177734, -1307.81970215, -1074.24572754, 1539.32568359, -536.839050293, -183.238891602, -262.725585938, 829.36138916, -491.159545898, 436.109954834, -153.625961304, 335.33114624], [-2900.27416992, -1307.81970215, 3383.81787109, 1853.62683105, -45.4403762817, 723.887573242, 702.482849121, -20.8294277191, -428.111480713, 97.9731445313, -240.521255493, -95.5095748901, -150.146652222], [-1946.87304688, -1074.24572754, 1853.62683105, 1468.87438965, 64.7022018433, 546.313415527, 610.260620117, 85.6347961426, -193.65562439, 75.6551055908, -66.6098632813, -67.1176071167, -96.6957092285], [-2302.4362793, 1539.32568359, -45.4403762817, 64.7022018433, 1185.44335938, 27.8127498627, 178.444046021, 35.2846221924, 402.806610107, -176.162857056, 202.249755859, -91.2824783325, 109.655654907], [-595.415771484, -536.839050293, 723.887573242, 546.313415527, 27.8127498627, 388.513183594, 274.337890625, 59.7496109009, -62.1048583984, 73.4617004395, -43.7193374634, 3.41270446777, -27.1860523224], [-1632.39257813, -183.238891602, 702.482849121, 610.260620117, 178.444046021, 274.337890625, 471.754180908, 83.0568084717, 41.632900238, 8.58583068848, 67.6108703613, -36.4769248962, 16.8962020874], [594.120361328, -262.725585938, -20.8294277191, 85.6347961426, 35.2846221924, 59.7496109009, 83.0568084717, 182.328598022, 63.3131713867, 72.8907623291, 21.0556201935, 29.8840179443, -16.7467842102], [-562.27355957, 829.36138916, -428.111480713, -193.65562439, 402.806610107, -62.1048583984, 41.632900238, 63.3131713867, 371.806793213, -8.25454521179, 167.138824463, -19.3093338013, 77.6004257202], [712.873840332, -491.159545898, 97.9731445313, 75.6551055908, -176.162857056, 73.4617004395, 8.58583068848, 72.8907623291, -8.25454521179, 164.298294067, -4.67131900787, 30.613740921, -49.9390678406], [-544.302978516, 436.109954834, -240.521255493, -66.6098632813, 202.249755859, -43.7193374634, 67.6108703613, 21.0556201935, 167.138824463, -4.67131900787, 176.707397461, 10.4005203247, 42.097869873], [457.618774414, -153.625961304, -95.5095748901, -67.1176071167, -91.2824783325, 3.41270446777, -36.4769248962, 29.8840179443, -19.3093338013, 30.613740921, 10.4005203247, 84.8194503784, 24.4839496613], [-399.869506836, 335.33114624, -150.146652222, -96.6957092285, 109.655654907, -27.1860523224, 16.8962020874, -16.7467842102, 77.6004257202, -49.9390678406, 42.097869873, 24.4839496613, 109.274360657]],
        "icov": [[6.67181011522e-005, -8.73389290064e-005, 6.98660660419e-005, -6.29394271527e-005, 9.78942771326e-005, -4.15416470787e-005, 0.000175372435478, -0.000345805950928, 0.000160844254424, -0.00022818990692, 0.000167448350112, -0.000117465671792, 0.000107083949842], [-8.73389290064e-005, 0.00141209876165, -0.00059350131778, 0.00101969693787, -0.000739060342312, 0.000209625941352, 0.000179064489203, 0.00139348616358, -0.00188770599198, 0.00238675810397, -0.00153756840155, 0.00107924325857, -0.000804592855275], [6.98660660419e-005, -0.00059350131778, 0.00158305966761, -0.00178078562021, -8.16847677925e-005, 0.000113495218102, -0.000681824283674, 0.000625902262982, 0.00116702308878, -0.00206664740108, 0.00223471224308, -0.00112176511902, 0.000605073524639], [-6.29394271527e-005, 0.00101969693787, -0.00178078562021, 0.00483805453405, -0.000607825350016, -0.00136126426514, -0.0019658531528, -7.56553708925e-005, -0.000220324931433, 0.00195775809698, -0.00216082320549, 0.00196025124751, 0.000482878327603], [9.78942771326e-005, -0.000739060342312, -8.16847677925e-005, -0.000607825350016, 0.00289810798131, -0.00143007875886, 0.00143095594831, -0.00237393844873, -0.00115325534716, 0.00210149097256, -0.00108856661245, 0.00129043566994, 3.6617871956e-005], [-4.15416470787e-005, 0.000209625941352, 0.000113495218102, -0.00136126426514, -0.00143007875886, 0.00829113088548, -0.00407901080325, 0.0024352686014, -0.000637590361293, -0.00360423442908, 0.00455629080534, -0.0044360277243, 0.00070204702206], [0.000175372435478, 0.000179064489203, -0.000681824283674, -0.0019658531528, 0.00143095594831, -0.00407901080325, 0.0106605617329, -0.00527392420918, -7.78095782152e-005, 0.00350416265428, -0.00676626013592, 0.0060735414736, -0.00458898441866], [-0.000345805950928, 0.00139348616358, 0.000625902262982, -7.56553708925e-005, -0.00237393844873, 0.0024352686014, -0.00527392420918, 0.0142668252811, -0.00471480144188, -0.00212700036354, 0.00389227224514, -0.00674338173121, 0.00362900574692], [0.000160844254424, -0.00188770599198, 0.00116702308878, -0.000220324931433, -0.00115325534716, -0.000637590361293, -7.78095782152e-005, -0.00471480144188, 0.0125283617526, -0.00722870230675, -0.00293832295574, 0.00422293134034, -0.00393660506234], [-0.00022818990692, 0.00238675810397, -0.00206664740108, 0.00195775809698, 0.00210149097256, -0.00360423442908, 0.00350416265428, -0.00212700036354, -0.00722870230675, 0.0195041429251, -0.00651733065024, 0.000605609326158, 0.00328220194206], [0.000167448350112, -0.00153756840155, 0.00223471224308, -0.00216082320549, -0.00108856661245, 0.00455629080534, -0.00676626013592, 0.00389227224514, -0.00293832295574, -0.00651733065024, 0.0188324656337, -0.0104583613575, 0.00455447658896], [-0.000117465671792, 0.00107924325857, -0.00112176511902, 0.00196025124751, 0.00129043566994, -0.0044360277243, 0.0060735414736, -0.00674338173121, 0.00422293134034, 0.000605609326158, -0.0104583613575, 0.026894742623, -0.0126386471093], [0.000107083949842, -0.000804592855275, 0.000605073524639, 0.000482878327603, 3.6617871956e-005, 0.00070204702206, -0.00458898441866, 0.00362900574692, -0.00393660506234, 0.00328220194206, 0.00455447658896, -0.0126386471093, 0.0200472492725]]
    },
    "melbands": {
        "mean": [0.00137336261105, 0.002278924454, 0.000664886378217, 0.000384612969356, 0.000435025634943, 0.000331159564666, 0.000239941306063, 0.000167668695212, 0.000152631939272, 0.00012054261606, 5.82157008466e-005, 8.78879000084e-005, 4.24892823503e-005, 2.73818113783e-005, 2.68978856184e-005, 2.43505637627e-005, 4.18854979216e-005, 6.87803039909e-005, 6.9941750553e-005, 6.76731797284e-005, 3.98942138418e-005, 2.626332207e-005, 1.51643580466e-005, 7.54429811423e-006, 3.38198856298e-006, 2.7951730317e-006, 2.8328913686e-006, 2.24951827477e-006, 1.72121735886e-006, 2.03866784432e-006, 1.87235229987e-006, 2.36608411797e-006, 1.82476458122e-006, 1.68277733792e-006, 1.5462741203e-006, 1.49483059886e-006, 1.89706008769e-006, 1.74631941263e-006, 2.07437187782e-006, 1.87879732039e-006],
        "var": [3.86420788345e-006, 1.86116831173e-005, 2.22304765884e-006, 1.1436064824e-006, 9.14279496556e-007, 3.67327032791e-007, 2.28985527428e-007, 1.13539869062e-007, 8.50174686207e-008, 6.98612794281e-008, 2.37476598386e-008, 6.33732355482e-008, 2.04910399759e-008, 5.82607917465e-009, 5.80568926267e-009, 3.19260173853e-009, 3.41493020528e-008, 4.42283401014e-008, 4.40012257741e-008, 4.96243082182e-008, 1.71366014712e-008, 4.71051375683e-009, 2.23383711528e-009, 3.08442077435e-010, 7.58138551937e-011, 4.50069183311e-011, 4.6852403901e-011, 4.2115571447e-011, 2.18432355537e-011, 3.31175850632e-011, 2.67280572674e-011, 5.55833191973e-011, 2.32550246421e-011, 2.13312770225e-011, 1.92913168079e-011, 1.97635397631e-011, 3.62570910795e-011, 2.37294541655e-011, 2.42561318253e-011, 2.08053053952e-011]
    },
    "mfcc": {
        "mean": [-776.935058594, 125.966438293, 20.7949237823, 16.1837997437, 26.8378047943, 1.10343182087, -3.28881216049, 5.21507072449, 6.8744020462, 4.60592508316, 5.13288736343, 1.709400177, 4.19365406036],
        "cov": [[26846.2753906, 291.478729248, -2949.91308594, -2163.28027344, -1394.2142334, -1776.15319824, -1407.47229004, -836.860351563, -503.345825195, -285.903137207, -271.690368652, -247.118972778, 211.41418457], [291.478729248, 4254.85498047, -1913.22155762, -619.735290527, 914.650512695, -336.23147583, -739.743530273, 24.8780822754, -40.0777931213, 20.5416145325, 13.7122840881, 84.6289291382, 16.1544437408], [-2949.91308594, -1913.22155762, 2975.86987305, 1210.171875, -186.53692627, 782.597900391, 866.401245117, 139.777038574, 179.837753296, -0.44377464056, 32.7187995911, -47.2026138306, -100.548660278], [-2163.28027344, -619.735290527, 1210.171875, 909.441101074, 239.545455933, 453.410552979, 532.790344238, 247.883544922, 159.191467285, 112.235816956, 104.405426025, 10.0928735733, -11.769068718], [-1394.2142334, 914.650512695, -186.53692627, 239.545455933, 659.311096191, 191.951828003, 47.5290527344, 172.364654541, 122.104568481, 82.8855667114, 99.8119812012, 61.003162384, 3.87775015831], [-1776.15319824, -336.23147583, 782.597900391, 453.410552979, 191.951828003, 455.185577393, 352.105804443, 152.410110474, 134.127822876, 65.4845581055, 59.4346084595, 41.556224823, -16.8844394684], [-1407.47229004, -739.743530273, 866.401245117, 532.790344238, 47.5290527344, 352.105804443, 486.308959961, 199.58303833, 116.959609985, 65.3387908936, 57.270450592, 3.71382641792, -10.4525880814], [-836.860351563, 24.8780822754, 139.777038574, 247.883544922, 172.364654541, 152.410110474, 199.58303833, 229.18637085, 118.833488464, 74.8505172729, 50.5977668762, 31.7170276642, 20.0986423492], [-503.345825195, -40.0777931213, 179.837753296, 159.191467285, 122.104568481, 134.127822876, 116.959609985, 118.833488464, 155.542861938, 77.8394012451, 28.5267734528, 18.6682624817, 19.5186405182], [-285.903137207, 20.5416145325, -0.44377464056, 112.235816956, 82.8855667114, 65.4845581055, 65.3387908936, 74.8505172729, 77.8394012451, 138.220901489, 82.6374359131, 49.9678421021, 54.0850791931], [-271.690368652, 13.7122840881, 32.7187995911, 104.405426025, 99.8119812012, 59.4346084595, 57.270450592, 50.5977668762, 28.5267734528, 82.6374359131, 129.177627563, 85.6366271973, 44.9019851685], [-247.118972778, 84.6289291382, -47.2026138306, 10.0928735733, 61.003162384, 41.556224823, 3.71382641792, 31.7170276642, 18.6682624817, 49.9678421021, 85.6366271973, 118.681884766, 64.6194076538], [211.41418457, 16.1544437408, -100.548660278, -11.769068718, 3.87775015831, -16.8844394684, -10.4525880814, 20.0986423492, 19.5186405182, 54.0850791931, 44.9019851685, 64.6194076538, 97.6485671997]],
        "icov": [[5.72055214434e-005, -9.28250210563e-006, 2.64032150881e-005, 2.77670860669e-005, 9.89572363324e-005, 8.76296035131e-005, -3.08434687213e-006, 8.32740552141e-005, -0.000129976775497, 0.000154835986905, -0.000229502649745, 0.000280582928099, -0.000237954533077], [-9.28250210563e-006, 0.000715000205673, -0.000172136860783, 0.000377912481781, -0.00123097118922, 0.00012068268552, 0.00117624993436, -0.000988539773971, 0.0009508766816, -0.000798487279098, 0.000882677151822, -0.00042316672625, 0.000295580859529], [2.64032150881e-005, -0.000172136860783, 0.0022706668824, -0.00269728736021, 0.00211325031705, -0.00186577404384, -0.000842177658342, 0.0026231999509, -0.00248141377233, 0.00277929357253, -0.00113403087016, 1.4382718291e-005, 0.000416290276917], [2.77670860669e-005, 0.000377912481781, -0.00269728736021, 0.00727509474382, -0.00360937090591, 0.00136712298263, -0.00218021729961, -0.00311745377257, 0.00334283197299, -0.00376194296405, -0.000246491690632, 0.00226799561642, -0.00120725738816], [9.89572363324e-005, -0.00123097118922, 0.00211325031705, -0.00360937090591, 0.00689095677808, -0.00361787970178, 0.00121682032477, 0.000782523013186, -0.00414452515543, 0.0045816116035, -0.00529176974669, 0.00222001085058, 5.53831050638e-005], [8.76296035131e-005, 0.00012068268552, -0.00186577404384, 0.00136712298263, -0.00361787970178, 0.0105675570667, -0.00541032478213, 0.00165326707065, -0.00133487081621, -0.00307736871764, 0.00467265117913, -0.00648204609752, 0.00319757312536], [-3.08434687213e-006, 0.00117624993436, -0.000842177658342, -0.00218021729961, 0.00121682032477, -0.00541032478213, 0.0147042023018, -0.00885093118995, 0.00295519595966, 0.000248284544796, -0.00297822989523, 0.00439939415082, -0.00117601722013], [8.32740552141e-005, -0.000988539773971, 0.0026231999509, -0.00311745377257, 0.000782523013186, 0.00165326707065, -0.00885093118995, 0.0167045891285, -0.00896799843758, 0.00242876843549, 0.000583504908718, -0.0033139497973, 0.000549798132852], [-0.000129976775497, 0.0009508766816, -0.00248141377233, 0.00334283197299, -0.00414452515543, -0.00133487081621, 0.00295519595966, -0.00896799843758, 0.0191363375634, -0.0110825849697, 0.00680873403326, -0.000260687462287, -0.000577262195293], [0.000154835986905, -0.000798487279098, 0.00277929357253, -0.00376194296405, 0.0045816116035, -0.00307736871764, 0.000248284544796, 0.00242876843549, -0.0110825849697, 0.0239048805088, -0.0155773777515, 0.00758210103959, -0.00786163657904], [-0.000229502649745, 0.000882677151822, -0.00113403087016, -0.000246491690632, -0.00529176974669, 0.00467265117913, -0.00297822989523, 0.000583504908718, 0.00680873403326, -0.0155773777515, 0.0305507499725, -0.0206901319325, 0.0066431411542], [0.000280582928099, -0.00042316672625, 1.4382718291e-005, 0.00226799561642, 0.00222001085058, -0.00648204609752, 0.00439939415082, -0.0033139497973, -0.000260687462287, 0.00758210103959, -0.0206901319325, 0.0313018858433, -0.0156528651714], [-0.000237954533077, 0.000295580859529, 0.000416290276917, -0.00120725738816, 5.53831050638e-005, 0.00319757312536, -0.00117601722013, 0.000549798132852, -0.000577262195293, -0.00786163657904, 0.0066431411542, -0.0156528651714, 0.0230752620846]]
    },
    "spectral_contrast_coeffs": {
        "mean": [-0.677089214325, -0.745265781879, -0.78775459528, -0.78091186285, -0.782826185226, -0.838331520557],
        "var": [0.00642201630399, 0.0111666116863, 0.00932525191456, 0.0123506085947, 0.0104381861165, 0.000957238662522]
    },
    "spectral_contrast_valleys": {
        "mean": [-8.18001747131, -7.8584318161, -8.75173377991, -9.13871097565, -9.32395553589, -11.1498422623],
        "var": [2.45765209198, 3.56136512756, 3.3950176239, 3.21830010414, 3.23888278008, 4.11111879349]
    }
},
"metadata": {
    "audio_properties": {
        "analysis_sample_rate": 44100,
        "bit_rate": 128074,
        "equal_loudness": 0,
        "length": 45.0612258911,
        "lossless": 0,
        "replay_gain": -5.89285469055,
        "sample_rate": 44100,
        "codec": "mp3",
        "downmix": "mix",
        "md5_encoded": "a51f5d8c36e0f736e9e9835928869eaa"
    },
    "tags": {
        "file_name": "1875.mp3"
    },
    "version": {
        "essentia": "2.1-beta2",
        "essentia_git_sha": "v2.1_beta2",
        "extractor": "music 1.0"
    }
},
"rhythm": {
    "beats_count": 79,
    "beats_loudness": {
        "mean": 0.0452829673886,
        "var": 0.000526527292095
    },
    "bpm": 106.10710144,
    "bpm_histogram_first_peak_bpm": {
        "mean": 105,
        "var": 0
    },
    "bpm_histogram_first_peak_spread": {
        "mean": 0.342105269432,
        "var": 0
    },
    "bpm_histogram_first_peak_weight": {
        "mean": 0.641025662422,
        "var": 0
    },
    "bpm_histogram_second_peak_bpm": {
        "mean": 115,
        "var": 0
    },
    "bpm_histogram_second_peak_spread": {
        "mean": 0,
        "var": 0
    },
    "bpm_histogram_second_peak_weight": {
        "mean": 0.0128205129877,
        "var": 0
    },
    "danceability": 1.73309147358,
    "onset_rate": 4.21458530426,
    "beats_loudness_band_ratio": {
        "mean": [0.465240091085, 0.201643913984, 0.127886429429, 0.0651794970036, 0.0604849569499, 0.110597066581],
        "var": [0.0927093923092, 0.0132948737592, 0.00982429366559, 0.00478971889243, 0.0100325560197, 0.0088924979791]
    },
    "beats_position": [0.487619042397, 0.986848056316, 1.50929701328, 2.06657600403, 2.62385487556, 3.1811337471, 3.73841261864, 4.3073015213, 4.87619018555, 5.4334692955, 5.99074840546, 6.54802703857, 7.11691617966, 7.6858048439, 8.25469398499, 8.82358264923, 9.38086128235, 9.94974994659, 10.5186395645, 11.0759181976, 11.6448068619, 12.2136955261, 12.782585144, 13.3514738083, 13.9087524414, 14.4776411057, 15.0465307236, 15.6038093567, 16.1843090057, 16.7415866852, 17.3104763031, 17.8793640137, 18.4366436005, 19.0055332184, 19.574420929, 20.1317005157, 20.7005901337, 21.2694778442, 21.8383674622, 22.4072551727, 22.9645347595, 23.5334243774, 24.102312088, 24.6712017059, 25.2400894165, 25.7973690033, 26.3662586212, 26.9351463318, 27.4924259186, 28.0613155365, 28.6302032471, 29.1874828339, 29.7563705444, 30.3252601624, 30.8941497803, 31.4630374908, 32.0203170776, 32.5892066956, 33.1580963135, 33.7153739929, 34.2842636108, 34.8531494141, 35.422039032, 35.9909286499, 36.5482063293, 37.1170959473, 37.6859855652, 38.2548751831, 38.823764801, 39.3810424805, 39.9499320984, 40.5188217163, 41.0877075195, 41.6565971375, 42.2138786316, 42.771156311, 43.340045929, 43.9089317322, 44.4894332886]
},
"tonal": {
    "chords_changes_rate": 0.0709876567125,
    "chords_number_rate": 0.0102880662307,
    "chords_strength": {
        "mean": 0.450112730265,
        "var": 0.00828075036407
    },
    "hpcp_entropy": {
        "mean": 2.1853749752,
        "var": 0.770401477814
    },
    "key_strength": 0.450058579445,
    "tuning_diatonic_strength": 0.319897055626,
    "tuning_equal_tempered_deviation": 0.0991897135973,
    "tuning_frequency": 441.527557373,
    "tuning_nontempered_energy_ratio": 0.818890213966,
    "hpcp": {
        "mean": [0.182327032089, 0.103844828904, 0.0799364224076, 0.108479440212, 0.107199773192, 0.101578533649, 0.103471696377, 0.0843548849225, 0.112829692662, 0.165028989315, 0.275236606598, 0.388015687466, 0.258743196726, 0.106866136193, 0.183221071959, 0.209521949291, 0.115304686129, 0.116453014314, 0.150353938341, 0.114523768425, 0.102317847311, 0.126939296722, 0.134643927217, 0.164867073298, 0.173104912043, 0.114097110927, 0.101126857102, 0.140138566494, 0.153526082635, 0.174248233438, 0.176722571254, 0.115544877946, 0.0719860345125, 0.0701153576374, 0.0800184756517, 0.157453104854],
        "var": [0.0800726637244, 0.0253503229469, 0.0239318367094, 0.0454172156751, 0.0430311113596, 0.0367730744183, 0.041447609663, 0.0198250021785, 0.0291068758816, 0.063105545938, 0.0699908733368, 0.167769148946, 0.0799254924059, 0.0323543436825, 0.0759936496615, 0.0964767113328, 0.0232462100685, 0.0423173867166, 0.0761104151607, 0.0433211661875, 0.038534887135, 0.0594536662102, 0.0635571926832, 0.07119897753, 0.0741951093078, 0.0315382219851, 0.0321991592646, 0.0590910390019, 0.0713150650263, 0.0853325128555, 0.0847751572728, 0.0399866104126, 0.020591488108, 0.0228238217533, 0.0208995267749, 0.0569365173578]
    },
    "chords_histogram": [3.60082316399, 2.26337456703, 11.3168725967, 0, 2.46913576126, 0, 38.1687240601, 8.02469158173, 12.448559761, 13.0658435822, 0, 0.308641970158, 3.60082316399, 4.73251008987, 0, 0, 0, 0, 0, 0, 0, 0, 0, 0],
    "thpcp": [1, 0.666836977005, 0.27541705966, 0.472200155258, 0.539983212948, 0.297165006399, 0.300124496222, 0.387494474649, 0.295152425766, 0.263695120811, 0.327149897814, 0.34700641036, 0.424897968769, 0.446128636599, 0.294052839279, 0.260625690222, 0.361167281866, 0.395669788122, 0.449075222015, 0.455452144146, 0.297784030437, 0.185523509979, 0.180702373385, 0.20622484386, 0.405790567398, 0.469896018505, 0.26763048768, 0.206013381481, 0.279574871063, 0.276276916265, 0.261789768934, 0.266668856144, 0.217400714755, 0.290786415339, 0.425315260887, 0.709344029427],
    "chords_key": "D",
    "chords_scale": "minor",
    "key_key": "F",
    "key_scale": "minor"
}
}