{
"lowlevel": {
    "average_loudness": 0.576926648617,
    "barkbands_crest": {
        "mean": 10.6185941696,
        "var": 14.5827608109
    },
    "barkbands_flatness_db": {
        "mean": 0.155834004283,
        "var": 0.00285072112456
    },
    "barkbands_kurtosis": {
        "mean": 8.1435585022,
        "var": 105.418296814
    },
    "barkbands_skewness": {
        "mean": 2.07933950424,
        "var": 2.23850798607
    },
    "barkbands_spread": {
        "mean": 17.4739570618,
        "var": 164.623626709
    },
    "dissonance": {
        "mean": 0.454192191362,
        "var": 0.00187297421508
    },
    "dynamic_complexity": 4.29751205444,
    "erbbands_crest": {
        "mean": 8.64647102356,
        "var": 19.0379199982
    },
    "erbbands_flatness_db": {
        "mean": 0.15637947619,
        "var": 0.00281919818372
    },
    "erbbands_kurtosis": {
        "mean": 0.992225587368,
        "var": 17.1386032104
    },
    "erbbands_skewness": {
        "mean": 0.428261131048,
        "var": 0.803037405014
    },
    "erbbands_spread": {
        "mean": 43.9129371643,
        "var": 457.907073975
    },
    "hfc": {
        "mean": 12.2574768066,
        "var": 493.383972168
    },
    "melbands_crest": {
        "mean": 15.205370903,
        "var": 22.4596862793
    },
    "melbands_flatness_db": {
        "mean": 0.229838311672,
        "var": 0.00446251500398
    },
    "melbands_kurtosis": {
        "mean": 23.0964889526,
        "var": 715.441894531
    },
    "melbands_skewness": {
        "mean": 3.36618733406,
        "var": 4.02993106842
    },
    "melbands_spread": {
        "mean": 17.7846603394,
        "var": 432.992004395
    },
    "pitch_salience": {
        "mean": 0.558207929134,
        "var": 0.0124699939042
    },
    "silence_rate_20dB": {
        "mean": 0.998970150948,
        "var": 0.00102881470229
    },
    "silence_rate_30dB": {
        "mean": 0.968589067459,
        "var": 0.0304252486676
    },
    "silence_rate_60dB": {
        "mean": 0.144181251526,
        "var": 0.123388819396
    },
    "spectral_centroid": {
        "mean": 1091.05944824,
        "var": 455095
    },
    "spectral_complexity": {
        "mean": 14.0036048889,
        "var": 91.9335708618
    },
    "spectral_decrease": {
        "mean": -6.54116982801e-009,
        "var": 9.03670467017e-017
    },
    "spectral_energy": {
        "mean": 0.0257996544242,
        "var": 0.0014047534205
    },
    "spectral_energyband_high": {
        "mean": 0.00036015373189,
        "var": 6.58446879243e-007
    },
    "spectral_energyband_low": {
        "mean": 0.0116658825427,
        "var": 0.000386646832339
    },
    "spectral_energyband_middle_high": {
        "mean": 0.00372618017718,
        "var": 0.000188925419934
    },
    "spectral_energyband_middle_low": {
        "mean": 0.0123510891572,
        "var": 0.000485499185743
    },
    "spectral_entropy": {
        "mean": 7.43299722672,
        "var": 0.220458731055
    },
    "spectral_flux": {
        "mean": 0.0921484529972,
        "var": 0.00566167151555
    },
    "spectral_kurtosis": {
        "mean": 4.68639183044,
        "var": 21.6699256897
    },
    "spectral_rms": {
        "mean": 0.00416667340323,
        "var": 7.80923801358e-006
    },
    "spectral_rolloff": {
        "mean": 1072.68762207,
        "var": 1925440.375
    },
    "spectral_skewness": {
        "mean": 1.56530988216,
        "var": 0.330288290977
    },
    "spectral_spread": {
        "mean": 4629436.5,
        "var": 3.31143525171e+012
    },
    "spectral_strongpeak": {
        "mean": 0.595841288567,
        "var": 1.07396388054
    },
    "zerocrossingrate": {
        "mean": 0.0488872118294,
        "var": 0.0013150551822
    },
    "barkbands": {
        "mean": [0.000118617470434, 0.0056329080835, 0.00377392792143, 0.00417014304549, 0.00455605052412, 0.00105452095158, 0.000524510105606, 0.000412074878113, 0.00132527831011, 0.00121814699378, 0.000769826991018, 0.000240444947849, 0.000202203867957, 0.000251162680797, 0.000323414773447, 0.000250474986387, 0.000168959420989, 0.000213009872823, 0.000167652367963, 0.000146936974488, 9.2238180514e-005, 7.25701247575e-005, 5.47846502741e-005, 3.41898630722e-005, 1.85462813533e-005, 6.72532360113e-006, 3.70130351257e-007],
        "var": [1.00504358613e-007, 0.000147492377437, 2.93715220323e-005, 0.000115879032819, 8.86627967702e-005, 4.4368662202e-006, 1.42391479585e-006, 2.48187006946e-006, 4.32383858424e-005, 9.88865140243e-005, 3.7453679397e-005, 5.43891701454e-007, 3.4623906231e-007, 6.72675980695e-007, 8.64213518526e-007, 3.93501380813e-007, 8.69549197091e-008, 1.74210654791e-007, 1.11738835074e-007, 1.63539880305e-007, 1.01391172791e-007, 1.66918603384e-008, 1.12239497696e-008, 5.0563770948e-009, 1.40589795361e-009, 1.97223085086e-010, 8.26179673719e-013]
    },
    "erbbands": {
        "mean": [0.0775963068008, 1.53822863102, 4.52131509781, 9.86927986145, 13.1022806168, 18.1139545441, 10.6471290588, 9.21740436554, 8.31890583038, 6.92598247528, 11.6053743362, 29.0448169708, 35.366897583, 38.8978729248, 27.6229515076, 9.09655761719, 9.64501094818, 11.4149084091, 14.82305336, 17.8393650055, 13.3985309601, 9.59400939941, 10.7695741653, 10.2944545746, 8.80292129517, 6.87722635269, 5.72380876541, 2.3683257103, 2.43858265877, 2.2494354248, 1.43688607216, 0.874639570713, 0.4896915555, 0.247360259295, 0.111582994461, 0.0337440297008, 0.0132875731215, 0.00166466773953, 5.67086935916e-005, 3.10697541863e-005],
        "var": [0.0367102771997, 10.4170885086, 45.830783844, 476.585418701, 779.226623535, 1700.1204834, 494.392913818, 414.510559082, 268.672668457, 347.995880127, 2381.64892578, 22491.2753906, 83018.1015625, 85783.6484375, 32452.2773438, 667.616638184, 725.613952637, 1898.86047363, 2664.51879883, 1684.13659668, 828.341125488, 305.118103027, 406.438659668, 492.477966309, 236.285110474, 460.181488037, 467.830444336, 28.5592346191, 20.2368030548, 17.346036911, 7.83570575714, 3.34269952774, 1.07151663303, 0.243710443377, 0.0627336129546, 0.00492061767727, 0.00085329200374, 1.3626126929e-005, 1.1394966748e-008, 1.93833016304e-009]
    },
    "gfcc": {
        "mean": [-48.469543457, 105.503738403, -107.384437561, 39.2064819336, -59.7126731873, 13.4358644485, -35.3491592407, 8.45484161377, -23.1811599731, -7.29088687897, -23.3125247955, -4.44354009628, -10.9079217911],
        "cov": [[8339.54394531, 112.692474365, -863.567626953, 201.89225769, 604.788269043, -46.3961524963, -399.848144531, -89.815322876, -244.071334839, -20.1812286377, 129.410140991, -12.2472791672, -199.210784912], [112.692474365, 1222.76818848, -100.859169006, -88.8053131104, 319.019226074, -175.011871338, 187.122528076, 45.7838020325, 91.1170501709, -148.697357178, 91.846496582, -96.0472946167, 39.9094848633], [-863.567626953, -100.859169006, 1002.75671387, 259.407531738, -170.458816528, 193.117828369, 54.6385879517, -34.3729476929, 91.038192749, 69.1894607544, -74.8719940186, 86.6972427368, -50.8632164001], [201.89225769, -88.8053131104, 259.407531738, 340.008636475, 104.109390259, 33.5822868347, -83.6708450317, -8.71139717102, 46.546962738, 31.019317627, 2.73482179642, 15.7785291672, -52.9090118408], [604.788269043, 319.019226074, -170.458816528, 104.109390259, 398.217651367, -11.7667255402, -6.23469352722, 69.232208252, 52.3189125061, -24.8175640106, 65.2138748169, -23.3759803772, -48.7337341309], [-46.3961524963, -175.011871338, 193.117828369, 33.5822868347, -11.7667255402, 222.524749756, 45.6862106323, -17.1234302521, 11.0320510864, 50.4422569275, -6.44315433502, 34.988861084, -28.3611946106], [-399.848144531, 187.122528076, 54.6385879517, -83.6708450317, -6.23469352722, 45.6862106323, 291.058135986, 41.8640327454, -3.96684789658, -32.6236381531, -40.3383483887, -24.9078464508, 40.1602783203], [-89.815322876, 45.7838020325, -34.3729476929, -8.71139717102, 69.232208252, -17.1234302521, 41.8640327454, 157.511108398, 64.8165359497, -7.86212921143, -1.36346256733, -14.8424024582, -6.87121248245], [-244.071334839, 91.1170501709, 91.038192749, 46.546962738, 52.3189125061, 11.0320510864, -3.96684789658, 64.8165359497, 119.009925842, 21.7809181213, 10.8597383499, 0.523698210716, -13.6320047379], [-20.1812286377, -148.697357178, 69.1894607544, 31.019317627, -24.8175640106, 50.4422569275, -32.6236381531, -7.86212921143, 21.7809181213, 100.023475647, 28.56599617, 26.5475025177, -9.50800609589], [129.410140991, 91.846496582, -74.8719940186, 2.73482179642, 65.2138748169, -6.44315433502, -40.3383483887, -1.36346256733, 10.8597383499, 28.56599617, 105.911621094, 7.68260097504, 4.09471607208], [-12.2472791672, -96.0472946167, 86.6972427368, 15.7785291672, -23.3759803772, 34.988861084, -24.9078464508, -14.8424024582, 0.523698210716, 26.5475025177, 7.68260097504, 73.1179046631, -1.42221820354], [-199.210784912, 39.9094848633, -50.8632164001, -52.9090118408, -48.7337341309, -28.3611946106, 40.1602783203, -6.87121248245, -13.6320047379, -9.50800609589, 4.09471607208, -1.42221820354, 78.5990600586]],
        "icov": [[0.000192533800146, -0.000227481665206, 0.000253023201367, -0.000264252448687, -2.94653273158e-005, -0.000264521804638, 0.000295309175272, -0.000187927173101, 0.000705261016265, -0.000317671889206, 0.000276260077953, -0.000241423185798, 0.000373436516384], [-0.000227481665206, 0.0039273807779, -0.00207865727134, 0.0027759084478, -0.00335522647947, 0.0034215960186, -0.00240325299092, 0.00301663926803, -0.0041311183013, 0.00447659520432, -0.00421456666663, 0.00289193168283, -0.0013043867657], [0.000253023201367, -0.00207865727134, 0.00379841937684, -0.00372753851116, 0.00341569562443, -0.002881370252, 0.000104314327473, -0.000911548791919, 0.000301473919535, -0.00191154773347, 0.00268592964858, -0.00361369876191, 0.00220648176037], [-0.000264252448687, 0.0027759084478, -0.00372753851116, 0.00789234042168, -0.0049822088331, 0.0030446073506, 0.000206016469747, 0.00258841412142, -0.00269888178445, 0.00184797984548, -0.00198322092183, 0.00339950365014, -0.00112789857667], [-2.94653273158e-005, -0.00335522647947, 0.00341569562443, -0.0049822088331, 0.00853632763028, -0.00352500495501, 0.000393027527025, -0.00335393776186, 0.000901198305655, -0.00117893447168, 0.000420045660576, -0.00306403893046, 0.00394874019548], [-0.000264521804638, 0.0034215960186, -0.002881370252, 0.0030446073506, -0.00352500495501, 0.00992770120502, -0.00379276135936, 0.00352003611624, -0.00327425869182, 0.00079443899449, -0.00336970854551, 0.000865886278916, 0.00113881845027], [0.000295309175272, -0.00240325299092, 0.000104314327473, 0.000206016469747, 0.000393027527025, -0.00379276135936, 0.00739447958767, -0.00355140818283, 0.00432334048674, -0.00211498211138, 0.00427260901779, 0.000697479932569, -0.00275460979901], [-0.000187927173101, 0.00301663926803, -0.000911548791919, 0.00258841412142, -0.00335393776186, 0.00352003611624, -0.00355140818283, 0.0121896630153, -0.0090539008379, 0.00356605672278, -0.00219894968905, 0.00196690042503, 0.000226555217523], [0.000705261016265, -0.0041311183013, 0.000301473919535, -0.00269888178445, 0.000901198305655, -0.00327425869182, 0.00432334048674, -0.0090539008379, 0.0200112089515, -0.00783917400986, 0.0038988427259, -0.00128226168454, 0.000936319876928], [-0.000317671889206, 0.00447659520432, -0.00191154773347, 0.00184797984548, -0.00117893447168, 0.00079443899449, -0.00211498211138, 0.00356605672278, -0.00783917400986, 0.0204959698021, -0.00962407328188, 0.00055749079911, -0.000491905666422], [0.000276260077953, -0.00421456666663, 0.00268592964858, -0.00198322092183, 0.000420045660576, -0.00336970854551, 0.00427260901779, -0.00219894968905, 0.0038988427259, -0.00962407328188, 0.0183918457478, -0.00398817984387, -0.00160581327509], [-0.000241423185798, 0.00289193168283, -0.00361369876191, 0.00339950365014, -0.00306403893046, 0.000865886278916, 0.000697479932569, 0.00196690042503, -0.00128226168454, 0.00055749079911, -0.00398817984387, 0.0203872099519, -0.00348049588501], [0.000373436516384, -0.0013043867657, 0.00220648176037, -0.00112789857667, 0.00394874019548, 0.00113881845027, -0.00275460979901, 0.000226555217523, 0.000936319876928, -0.000491905666422, -0.00160581327509, -0.00348049588501, 0.019410315901]]
    },
    "melbands": {
        "mean": [0.00116065959446, 0.00237045902759, 0.00182993232738, 0.00112155731767, 0.000481001625303, 0.000200677808607, 0.000123368285131, 8.01418063929e-005, 0.000108198844828, 0.000189463389688, 0.000177852722118, 0.000160836469149, 0.000102525802504, 3.88926710002e-005, 1.54332210514e-005, 2.1081072191e-005, 2.13748116948e-005, 2.38254579017e-005, 2.34059989452e-005, 1.87973364518e-005, 1.53134060383e-005, 9.10390008357e-006, 9.52505160967e-006, 1.12347079266e-005, 7.90185731603e-006, 6.39190920992e-006, 5.45777493244e-006, 4.43649969384e-006, 4.0359796003e-006, 2.06780487133e-006, 1.17840045277e-006, 1.39496410156e-006, 1.39960729939e-006, 1.18910304536e-006, 8.85594545252e-007, 6.63840353354e-007, 4.62289335701e-007, 3.50335795929e-007, 2.6539342457e-007, 1.93015779359e-007],
        "var": [6.83164535076e-006, 1.52293850988e-005, 1.6635247448e-005, 4.89480680699e-006, 1.12335339963e-006, 1.82471879384e-007, 6.30681142866e-008, 4.87951403727e-008, 2.64712610942e-007, 9.83241761787e-007, 2.16103285311e-006, 1.55820669079e-006, 5.18393335369e-007, 2.25100347251e-008, 1.69326264121e-009, 3.90607191036e-009, 8.09426214943e-009, 7.49426831703e-009, 3.49017104107e-009, 2.46727527298e-009, 1.15619536167e-009, 2.81327516838e-010, 3.09150538502e-010, 5.15515796717e-010, 3.47914891341e-010, 1.28496574492e-010, 1.05480714441e-010, 2.79377548873e-010, 2.59245902523e-010, 4.49692089122e-011, 6.21831145603e-012, 7.15229871856e-012, 6.35154125475e-012, 5.33298015123e-012, 2.99370033971e-012, 1.86055359487e-012, 1.1304329868e-012, 5.79743013578e-013, 3.08448877334e-013, 1.51577359063e-013]
    },
    "mfcc": {
        "mean": [-690.955200195, 129.422210693, 11.3282690048, 28.0235462189, 3.63186836243, 5.50757074356, -2.85252785683, 10.2517213821, 2.21549868584, 4.45803403854, -4.27935028076, -9.5512304306, -5.06562519073],
        "cov": [[8186.43945313, 161.931030273, -1358.1796875, 191.217315674, 500.255157471, 25.5781002045, 107.538528442, -85.4702377319, -462.318572998, -62.1164360046, -0.188558727503, -72.3280715942, -3.76840853691], [161.931030273, 1157.50415039, -281.383453369, 120.450744629, 72.7490005493, -109.342750549, 87.2256317139, 126.145988464, 34.8871154785, 62.0273475647, 45.1247596741, -30.3353843689, 5.78423070908], [-1358.1796875, -281.383453369, 1127.03808594, 41.8633842468, -114.067398071, 212.128692627, -81.1585617065, 21.490568161, 117.127067566, -32.5978851318, 27.9485874176, 66.103553772, 1.169708848], [191.217315674, 120.450744629, 41.8633842468, 306.920043945, 144.597717285, -2.79035925865, -19.1562042236, 34.9586868286, 5.08112001419, 14.5904817581, 21.4126968384, 25.2115421295, 26.8594455719], [500.255157471, 72.7490005493, -114.067398071, 144.597717285, 337.821136475, 19.3856887817, -40.2686271667, 40.2467460632, -62.0026931763, 27.3878097534, 67.5509872437, 48.5505027771, 74.8225631714], [25.5781002045, -109.342750549, 212.128692627, -2.79035925865, 19.3856887817, 242.890487671, 39.1101646423, -3.41936802864, -12.0343770981, -24.8847026825, 25.5930404663, 18.1703224182, 20.8024253845], [107.538528442, 87.2256317139, -81.1585617065, -19.1562042236, -40.2686271667, 39.1101646423, 152.048751831, 37.2813835144, 16.6132030487, 25.0537338257, 0.432924807072, -17.4144229889, -18.9399318695], [-85.4702377319, 126.145988464, 21.490568161, 34.9586868286, 40.2467460632, -3.41936802864, 37.2813835144, 139.540771484, 71.1455459595, 39.5792770386, 40.861656189, -7.92752361298, -0.878445088863], [-462.318572998, 34.8871154785, 117.127067566, 5.08112001419, -62.0026931763, -12.0343770981, 16.6132030487, 71.1455459595, 149.866653442, 50.3979873657, 0.207458376884, -4.7633638382, -16.8594264984], [-62.1164360046, 62.0273475647, -32.5978851318, 14.5904817581, 27.3878097534, -24.8847026825, 25.0537338257, 39.5792770386, 50.3979873657, 94.7912750244, 39.9479408264, 0.374754726887, 3.70041012764], [-0.188558727503, 45.1247596741, 27.9485874176, 21.4126968384, 67.5509872437, 25.5930404663, 0.432924807072, 40.861656189, 0.207458376884, 39.9479408264, 94.306854248, 32.112865448, 16.3608283997], [-72.3280715942, -30.3353843689, 66.103553772, 25.2115421295, 48.5505027771, 18.1703224182, -17.4144229889, -7.92752361298, -4.7633638382, 0.374754726887, 32.112865448, 73.5210113525, 37.7840309143], [-3.76840853691, 5.78423070908, 1.169708848, 26.8594455719, 74.8225631714, 20.8024253845, -18.9399318695, -0.878445088863, -16.8594264984, 3.70041012764, 16.3608283997, 37.7840309143, 83.4971313477]],
        "icov": [[0.000195296190213, 2.3660779334e-005, 0.000219744557398, -0.000121470387967, -0.000139591371408, -0.000220766800339, 7.52709752305e-007, -0.000136376998853, 0.000481286348077, -8.8978005806e-005, 0.00015993512352, -1.30174330479e-005, 0.000297673221212], [2.3660779334e-005, 0.0011440818198, 0.000206898184842, -0.000469216291094, 8.67517010192e-005, 0.000485397584271, -0.000586125941481, -0.000639918784145, 6.80755692883e-006, 0.000209338104469, -0.000627484347206, 0.000570001662709, -0.000411391403759], [0.000219744557398, 0.000206898184842, 0.00195878162049, -0.000698196177837, 0.000941596168559, -0.00195246795192, 0.00158534443472, -0.000817462103441, -0.000439294264652, 0.000136262184242, 1.3938910115e-006, -0.00149694550782, 0.000768796482589], [-0.000121470387967, -0.000469216291094, -0.000698196177837, 0.00467283837497, -0.00240925024264, 0.000584133609664, -0.000211639111512, 0.000191141793039, -0.00094519846607, 0.000216092856135, 0.000873770972248, -0.000496650522109, 0.000354170217179], [-0.000139591371408, 8.67517010192e-005, 0.000941596168559, -0.00240925024264, 0.00743879750371, -0.00158335873857, 0.003025153419, -0.00393065344542, 0.00401021726429, -0.0030323327519, -0.00038075496559, -0.00250927358866, -0.0027229222469], [-0.000220766800339, 0.000485397584271, -0.00195246795192, 0.000584133609664, -0.00158335873857, 0.00775548163801, -0.00459925225005, 0.00239828205667, -0.00153333658818, 0.00408247765154, -0.0040042810142, 0.00287445634604, -0.00274216756225], [7.52709752305e-007, -0.000586125941481, 0.00158534443472, -0.000211639111512, 0.003025153419, -0.00459925225005, 0.0114395376295, -0.00492196902633, 0.00281620956957, -0.00529584428295, 0.00385727034882, -0.00302686053328, 0.00248181959614], [-0.000136376998853, -0.000639918784145, -0.000817462103441, 0.000191141793039, -0.00393065344542, 0.00239828205667, -0.00492196902633, 0.0170826651156, -0.0103993332013, 0.00534580508247, -0.00906867720187, 0.00714377081022, -0.00181625632104], [0.000481286348077, 6.80755692883e-006, -0.000439294264652, -0.00094519846607, 0.00401021726429, -0.00153333658818, 0.00281620956957, -0.0103993332013, 0.0185584910214, -0.0111504346132, 0.00840755924582, -0.00529842078686, 0.00264092162251], [-8.8978005806e-005, 0.000209338104469, 0.000136262184242, 0.000216092856135, -0.0030323327519, 0.00408247765154, -0.00529584428295, 0.00534580508247, -0.0111504346132, 0.0228818114847, -0.0127398176119, 0.00651445658877, -0.00325191579759], [0.00015993512352, -0.000627484347206, 1.3938910115e-006, 0.000873770972248, -0.00038075496559, -0.0040042810142, 0.00385727034882, -0.00906867720187, 0.00840755924582, -0.0127398176119, 0.0245401132852, -0.0117225255817, 0.00464634317905], [-1.30174330479e-005, 0.000570001662709, -0.00149694550782, -0.000496650522109, -0.00250927358866, 0.00287445634604, -0.00302686053328, 0.00714377081022, -0.00529842078686, 0.00651445658877, -0.0117225255817, 0.0261335745454, -0.009825845249], [0.000297673221212, -0.000411391403759, 0.000768796482589, 0.000354170217179, -0.0027229222469, -0.00274216756225, 0.00248181959614, -0.00181625632104, 0.00264092162251, -0.00325191579759, 0.00464634317905, -0.009825845249, 0.0197740793228]]
    },
    "spectral_contrast_coeffs": {
        "mean": [-0.6333989501, -0.755627810955, -0.749115884304, -0.793386459351, -0.79216003418, -0.776308238506],
        "var": [0.00752981845289, 0.00500510958955, 0.00673692673445, 0.00379278790206, 0.00290472409688, 0.00112268084195]
    },
    "spectral_contrast_valleys": {
        "mean": [-7.35540962219, -7.13094234467, -7.78511285782, -8.27876377106, -8.15077114105, -10.5871648788],
        "var": [1.37887489796, 1.12980353832, 1.30449354649, 1.31179451942, 1.19156348705, 1.04273319244]
    }
},
"metadata": {
    "audio_properties": {
        "analysis_sample_rate": 44100,
        "bit_rate": 128074,
        "equal_loudness": 0,
        "length": 45.0612258911,
        "lossless": 0,
        "replay_gain": -6.83657836914,
        "sample_rate": 44100,
        "codec": "mp3",
        "downmix": "mix",
        "md5_encoded": "a1bed3c5f10e9af718b4cc1ab9dcb07d"
    },
    "tags": {
        "file_name": "1878.mp3"
    },
    "version": {
        "essentia": "2.1-beta2",
        "essentia_git_sha": "v2.1_beta2",
        "extractor": "music 1.0"
    }
},
"rhythm": {
    "beats_count": 87,
    "beats_loudness": {
        "mean": 0.067109271884,
        "var": 0.00229416950606
    },
    "bpm": 117.036590576,
    "bpm_histogram_first_peak_bpm": {
        "mean": 117,
        "var": 0
    },
    "bpm_histogram_first_peak_spread": {
        "mean": 0.367088615894,
        "var": 0
    },
    "bpm_histogram_first_peak_weight": {
        "mean": 0.581395328045,
        "var": 0
    },
    "bpm_histogram_second_peak_bpm": {
        "mean": 123,
        "var": 0
    },
    "bpm_histogram_second_peak_spread": {
        "mean": 0,
        "var": 0
    },
    "bpm_histogram_second_peak_weight": {
        "mean": 0.0348837226629,
        "var": 0
    },
    "danceability": 1.20488917828,
    "onset_rate": 6.07787561417,
    "beats_loudness_band_ratio": {
        "mean": [0.771329343319, 0.0906555354595, 0.0559263937175, 0.0394691079855, 0.0283020529896, 0.0327760241926],
        "var": [0.0392164885998, 0.00676969485357, 0.00509214540944, 0.00509741110727, 0.0021815309301, 0.0059457551688]
    },
    "beats_position": [0.545668900013, 1.11455774307, 1.68344664574, 2.22911548615, 2.77478456497, 3.29723358154, 3.80807256699, 4.31891155243, 4.82975053787, 5.34058952332, 5.85142850876, 6.35065746307, 6.84988641739, 7.3491153717, 7.84834432602, 8.34757328033, 8.83519268036, 9.33442115784, 9.84526062012, 10.3328800201, 10.8204984665, 11.3313379288, 11.8421764374, 12.3530158997, 12.8638544083, 13.3746938705, 13.8971424103, 14.4195919037, 14.9304304123, 15.4412698746, 15.9521083832, 16.4629478455, 16.9737873077, 17.4846248627, 17.995464325, 18.5063037872, 19.0171432495, 19.5279808044, 20.0388202667, 20.5612697601, 21.0837192535, 21.6061668396, 22.1170063019, 22.6394557953, 23.1502952576, 23.6611328125, 24.1719722748, 24.6944217682, 25.2168693542, 25.7277088165, 26.2385482788, 26.7493877411, 27.2486171722, 27.7594547272, 28.2586841583, 28.7695236206, 29.2803630829, 29.7912006378, 30.3020401001, 30.8128795624, 31.3237190247, 31.8345565796, 32.3453979492, 32.8562355042, 33.3670730591, 33.8895225525, 34.4119720459, 34.9228096008, 35.4336509705, 35.9444885254, 36.455329895, 36.9777755737, 37.5002250671, 38.0110664368, 38.5335159302, 39.0559616089, 39.5668029785, 40.0776405334, 40.6000900269, 41.1225395203, 41.6333770752, 42.1442184448, 42.6666641235, 43.1891136169, 43.7115631104, 44.2340126038, 44.7448501587]
},
"tonal": {
    "chords_changes_rate": 0.0709876567125,
    "chords_number_rate": 0.0102880662307,
    "chords_strength": {
        "mean": 0.520788550377,
        "var": 0.00875486712903
    },
    "hpcp_entropy": {
        "mean": 2.09348297119,
        "var": 0.604392230511
    },
    "key_strength": 0.679496109486,
    "tuning_diatonic_strength": 0.569503366947,
    "tuning_equal_tempered_deviation": 0.0748733431101,
    "tuning_frequency": 440.508636475,
    "tuning_nontempered_energy_ratio": 0.72175359726,
    "hpcp": {
        "mean": [0.219537720084, 0.171594068408, 0.123574376106, 0.134386301041, 0.154266178608, 0.158443793654, 0.146158143878, 0.116866782308, 0.0944590568542, 0.091966509819, 0.102756090462, 0.141744941473, 0.17773117125, 0.143135175109, 0.100350655615, 0.10563364625, 0.111683227122, 0.104012347758, 0.0925396978855, 0.0991109982133, 0.190745413303, 0.268441408873, 0.215120822191, 0.151465207338, 0.130421698093, 0.132143259048, 0.196819990873, 0.247164845467, 0.178330615163, 0.10647983104, 0.0781979113817, 0.0525287389755, 0.064479611814, 0.0990423336625, 0.128515511751, 0.181527808309],
        "var": [0.0880140140653, 0.0612577497959, 0.0465016290545, 0.0546636655927, 0.0706490799785, 0.0608770921826, 0.0472904033959, 0.039188593626, 0.0360371731222, 0.0374570563436, 0.0425148308277, 0.0534566454589, 0.0620434656739, 0.0446157120168, 0.0314807444811, 0.0430069305003, 0.0499039366841, 0.0458523631096, 0.0402276031673, 0.0408366322517, 0.0659912824631, 0.109206959605, 0.0748041421175, 0.0631804913282, 0.0537583939731, 0.0576449595392, 0.0793156176805, 0.110740214586, 0.0689268633723, 0.045606918633, 0.0308394581079, 0.0159481931478, 0.0198125373572, 0.0308287423104, 0.0407368056476, 0.0661195740104]
    },
    "chords_histogram": [37.5514411926, 6.06995868683, 0, 0, 0, 0, 14.5061731339, 3.49794244766, 2.67489719391, 0.205761313438, 0, 0, 0, 0, 0, 0, 1.44032919407, 8.53909492493, 0.514403283596, 1.74897122383, 0, 5.14403295517, 0, 18.1069965363],
    "thpcp": [1, 0.801369726658, 0.564239382744, 0.485847920179, 0.492261081934, 0.733195364475, 0.920740365982, 0.664318561554, 0.396659493446, 0.29130345583, 0.195680469275, 0.240199938416, 0.368953257799, 0.478746980429, 0.676228761673, 0.817823588848, 0.639223515987, 0.460340201855, 0.500616908073, 0.57467353344, 0.590236067772, 0.544469416142, 0.435353040695, 0.35187959671, 0.342594355345, 0.382787764072, 0.528029322624, 0.662085533142, 0.533208250999, 0.373827040195, 0.393507272005, 0.416043221951, 0.387467592955, 0.344729602337, 0.369209051132, 0.710566282272],
    "chords_key": "A",
    "chords_scale": "major",
    "key_key": "A",
    "key_scale": "major"
}
}