{
"lowlevel": {
    "average_loudness": 0.899425029755,
    "barkbands_crest": {
        "mean": 13.1498441696,
        "var": 23.8197021484
    },
    "barkbands_flatness_db": {
        "mean": 0.191278025508,
        "var": 0.00222960487008
    },
    "barkbands_kurtosis": {
        "mean": 7.55122470856,
        "var": 464.679748535
    },
    "barkbands_skewness": {
        "mean": 1.87628209591,
        "var": 2.28440904617
    },
    "barkbands_spread": {
        "mean": 11.2948799133,
        "var": 48.4714050293
    },
    "dissonance": {
        "mean": 0.424101382494,
        "var": 0.00156102259643
    },
    "dynamic_complexity": 2.41581606865,
    "erbbands_crest": {
        "mean": 12.6605157852,
        "var": 27.1183166504
    },
    "erbbands_flatness_db": {
        "mean": 0.211298942566,
        "var": 0.00219518435188
    },
    "erbbands_kurtosis": {
        "mean": 1.14315509796,
        "var": 9.24729633331
    },
    "erbbands_skewness": {
        "mean": 0.826457083225,
        "var": 0.650277495384
    },
    "erbbands_spread": {
        "mean": 25.1122150421,
        "var": 125.910835266
    },
    "hfc": {
        "mean": 14.3223438263,
        "var": 99.6357269287
    },
    "melbands_crest": {
        "mean": 16.5652751923,
        "var": 29.0333480835
    },
    "melbands_flatness_db": {
        "mean": 0.255100697279,
        "var": 0.00326731940731
    },
    "melbands_kurtosis": {
        "mean": 13.1363773346,
        "var": 819.76348877
    },
    "melbands_skewness": {
        "mean": 2.34764742851,
        "var": 2.50658726692
    },
    "melbands_spread": {
        "mean": 13.9516191483,
        "var": 102.680603027
    },
    "pitch_salience": {
        "mean": 0.455576747656,
        "var": 0.0126478541642
    },
    "silence_rate_20dB": {
        "mean": 1,
        "var": 0
    },
    "silence_rate_30dB": {
        "mean": 0.997941315174,
        "var": 0.00205446686596
    },
    "silence_rate_60dB": {
        "mean": 0.0138960368931,
        "var": 0.0137028573081
    },
    "spectral_centroid": {
        "mean": 900.233215332,
        "var": 245234.453125
    },
    "spectral_complexity": {
        "mean": 12.8919200897,
        "var": 17.3367996216
    },
    "spectral_decrease": {
        "mean": -6.5737624233e-009,
        "var": 1.89969191057e-017
    },
    "spectral_energy": {
        "mean": 0.0261100009084,
        "var": 0.000291782838758
    },
    "spectral_energyband_high": {
        "mean": 9.27369401325e-005,
        "var": 7.93860088777e-009
    },
    "spectral_energyband_low": {
        "mean": 0.00513698160648,
        "var": 0.000126182727399
    },
    "spectral_energyband_middle_high": {
        "mean": 0.00392536213621,
        "var": 1.09773181975e-005
    },
    "spectral_energyband_middle_low": {
        "mean": 0.01725910604,
        "var": 0.000228384786169
    },
    "spectral_entropy": {
        "mean": 6.91664981842,
        "var": 0.147594124079
    },
    "spectral_flux": {
        "mean": 0.0592162534595,
        "var": 0.000895493314601
    },
    "spectral_kurtosis": {
        "mean": 8.07384777069,
        "var": 9.71542739868
    },
    "spectral_rms": {
        "mean": 0.00479791592807,
        "var": 2.45322439696e-006
    },
    "spectral_rolloff": {
        "mean": 961.213928223,
        "var": 973374.5625
    },
    "spectral_skewness": {
        "mean": 2.0540573597,
        "var": 0.133192241192
    },
    "spectral_spread": {
        "mean": 3529005.5,
        "var": 2.26623933645e+012
    },
    "spectral_strongpeak": {
        "mean": 1.47922503948,
        "var": 1.51443588734
    },
    "zerocrossingrate": {
        "mean": 0.0376147441566,
        "var": 0.000674743496347
    },
    "barkbands": {
        "mean": [2.35176412389e-005, 0.00462968414649, 0.000402064470109, 0.000249231787166, 0.00376857165247, 0.00284362817183, 0.00389472255483, 0.00486727058887, 0.00125128228683, 0.000817078456748, 0.000654495495837, 0.000591685413383, 0.000306136178551, 0.000278448715108, 0.000566963164601, 0.000228287608479, 0.000344073632732, 0.000157598682563, 0.000101679914223, 7.16685026418e-005, 2.3618209525e-005, 1.50606056195e-005, 7.83381256042e-006, 5.38824406249e-006, 5.18886099599e-006, 4.55213103123e-006, 2.99476994314e-007],
        "var": [2.04873096266e-009, 0.00010761438898, 1.37777101372e-006, 3.75192854563e-007, 2.07288740057e-005, 2.41688812821e-005, 7.2034628829e-005, 0.000113591398986, 6.36536015008e-006, 1.81483551387e-006, 1.09590916963e-006, 1.10782718821e-006, 3.47937913148e-007, 2.0640138132e-007, 1.95628945221e-006, 1.27487027157e-007, 4.27366870781e-007, 4.18882457609e-008, 1.67347522506e-008, 9.91469839562e-009, 7.01306124284e-010, 2.37954239646e-010, 4.99487846917e-011, 4.08355085857e-011, 7.56839313443e-011, 7.44527287044e-011, 2.25511840105e-012]
    },
    "erbbands": {
        "mean": [0.0907962322235, 1.15763247013, 0.994958639145, 0.60816848278, 3.57844114304, 14.7300367355, 30.7296772003, 16.3559989929, 34.4540481567, 112.562568665, 73.0449295044, 28.0819282532, 24.5019416809, 26.5904026031, 21.1802310944, 27.956533432, 15.4666109085, 15.3535041809, 18.9253883362, 26.1661891937, 14.2044277191, 17.2404670715, 9.66336631775, 6.44171667099, 4.75060129166, 2.92316627502, 1.44009780884, 0.805270791054, 0.565026044846, 0.359735429287, 0.203513801098, 0.123265326023, 0.0866075605154, 0.0585089400411, 0.0376242026687, 0.0209167636931, 0.00826904829592, 0.00134191976395, 4.5936263632e-005, 3.07630944008e-005],
        "var": [0.0354490838945, 7.09788227081, 6.049451828, 2.00709581375, 28.400686264, 427.06942749, 3496.11694336, 575.362060547, 3980.71923828, 49324.0703125, 13142.6923828, 2253.34765625, 1732.4810791, 1890.52416992, 1506.53845215, 2451.89013672, 647.51550293, 448.119262695, 1004.35461426, 3005.36669922, 266.274047852, 1269.96508789, 135.303833008, 88.8347854614, 41.8656272888, 12.0293388367, 3.34035873413, 0.534257769585, 0.32798820734, 0.120773658156, 0.0347247347236, 0.0219912808388, 0.0104146124795, 0.00709243537858, 0.00468263449147, 0.00148943299428, 0.000274374440778, 1.46378179124e-005, 1.62781450541e-008, 3.72674335836e-010]
    },
    "gfcc": {
        "mean": [-35.4727859497, 106.218307495, -136.382354736, 3.5332005024, -60.051990509, -8.23433685303, -42.8860206604, 8.24053001404, -21.2166423798, 5.50941896439, -15.5027675629, 5.58661699295, -7.22627067566],
        "cov": [[3259.07421875, 336.856903076, -589.886474609, -94.9030380249, -90.4779129028, -64.9402084351, -106.280395508, 21.7040081024, -9.29612636566, 72.652053833, 12.9673070908, -37.4743537903, -65.1585388184], [336.856903076, 580.029663086, 247.26776123, 114.603439331, 170.611831665, 74.4422149658, 116.762886047, 17.1552944183, 54.6198501587, -23.0316982269, 26.0761871338, -47.3037338257, -19.6149768829], [-589.886474609, 247.26776123, 1147.01391602, 548.282043457, 357.634674072, 419.710632324, 290.364837646, 180.701446533, 97.588760376, 87.6303939819, -8.06327724457, 30.2711582184, -53.7738990784], [-94.9030380249, 114.603439331, 548.282043457, 485.657409668, 324.020294189, 323.566101074, 220.653823853, 161.330703735, 110.625938416, 93.2725753784, 25.7692527771, 14.1787309647, -31.0938339233], [-90.4779129028, 170.611831665, 357.634674072, 324.020294189, 352.924346924, 295.867553711, 203.22958374, 132.364273071, 102.923233032, 71.8677978516, 34.6375045776, 10.2311067581, -26.2060585022], [-64.9402084351, 74.4422149658, 419.710632324, 323.566101074, 295.867553711, 395.457397461, 242.851486206, 165.498413086, 83.8480224609, 70.4131469727, -1.38442730904, 13.9352397919, -41.3831825256], [-106.280395508, 116.762886047, 290.364837646, 220.653823853, 203.22958374, 242.851486206, 246.189666748, 163.962249756, 109.52407074, 54.5023155212, 15.6715698242, -13.8177509308, -36.387172699], [21.7040081024, 17.1552944183, 180.701446533, 161.330703735, 132.364273071, 165.498413086, 163.962249756, 196.090255737, 120.423522949, 59.7635383606, -3.40961265564, -12.6428833008, -40.6555213928], [-9.29612636566, 54.6198501587, 97.588760376, 110.625938416, 102.923233032, 83.8480224609, 109.52407074, 120.423522949, 168.276321411, 97.1629714966, 37.3133239746, -25.9930458069, -28.4654388428], [72.652053833, -23.0316982269, 87.6303939819, 93.2725753784, 71.8677978516, 70.4131469727, 54.5023155212, 59.7635383606, 97.1629714966, 137.490219116, 65.563835144, 1.69195699692, -30.3239364624], [12.9673070908, 26.0761871338, -8.06327724457, 25.7692527771, 34.6375045776, -1.38442730904, 15.6715698242, -3.40961265564, 37.3133239746, 65.563835144, 108.32194519, 43.5714988708, 14.1673545837], [-37.4743537903, -47.3037338257, 30.2711582184, 14.1787309647, 10.2311067581, 13.9352397919, -13.8177509308, -12.6428833008, -25.9930458069, 1.69195699692, 43.5714988708, 108.09488678, 69.712387085], [-65.1585388184, -19.6149768829, -53.7738990784, -31.0938339233, -26.2060585022, -41.3831825256, -36.387172699, -40.6555213928, -28.4654388428, -30.3239364624, 14.1673545837, 69.712387085, 128.026184082]],
        "icov": [[0.000756154651754, -0.00152653711848, 0.00118143192958, -0.00106407690328, 0.00131544773467, -0.00087390182307, 0.00109978427645, -0.0013227427844, 0.00131494156085, -0.00217460864224, 0.00122136052232, -0.00109012040775, 0.000503796618432], [-0.00152653711848, 0.00633064145222, -0.00338679645211, 0.00317200412974, -0.00504581304267, 0.00296857859939, -0.00346634583548, 0.00406954018399, -0.00400869827718, 0.0073826299049, -0.00484961969778, 0.00465897470713, -0.00136821088381], [0.00118143192958, -0.00338679645211, 0.00438694749027, -0.00432784529403, 0.00328053650446, -0.00178672443144, 0.000426899816375, -0.00115953653585, 0.00236846716143, -0.00482141645625, 0.00443562213331, -0.00429860921577, 0.00195541675203], [-0.00106407690328, 0.00317200412974, -0.00432784529403, 0.0104877129197, -0.00701169902459, 0.00032315205317, -0.000609641021583, 1.15018556244e-005, -0.00150278012734, 0.00263682333753, -0.00344546628185, 0.00383308762684, -0.00224209786393], [0.00131544773467, -0.00504581304267, 0.00328053650446, -0.00701169902459, 0.0158072523773, -0.00855165813118, 0.00239628111012, -0.00137306097895, -0.000281276443275, -0.0026942580007, 0.000115519978863, -0.00276887044311, 0.00108203559648], [-0.00087390182307, 0.00296857859939, -0.00178672443144, 0.00032315205317, -0.00855165813118, 0.0158627144992, -0.0108128096908, 0.00188467372209, 0.00279539544135, -0.00251901475713, 0.00548035278916, -0.00342248706147, 0.00152240612078], [0.00109978427645, -0.00346634583548, 0.000426899816375, -0.000609641021583, 0.00239628111012, -0.0108128096908, 0.0232008211315, -0.0123065738007, -0.000458716385765, 0.00267968513072, -0.00719761941582, 0.00551285641268, -0.00193134963047], [-0.0013227427844, 0.00406954018399, -0.00115953653585, 1.15018556244e-005, -0.00137306097895, 0.00188467372209, -0.0123065738007, 0.0228712614626, -0.0130876302719, 0.00433284090832, 0.00559514109045, -0.00542089482769, 0.00400834018365], [0.00131494156085, -0.00400869827718, 0.00236846716143, -0.00150278012734, -0.000281276443275, 0.00279539544135, -0.000458716385765, -0.0130876302719, 0.0243171621114, -0.0157828330994, 0.00104675826151, 0.00425483006984, -0.0035197804682], [-0.00217460864224, 0.0073826299049, -0.00482141645625, 0.00263682333753, -0.0026942580007, -0.00251901475713, 0.00267968513072, 0.00433284090832, -0.0157828330994, 0.0306679196656, -0.0180659070611, 0.00706789037213, 0.00131677056197], [0.00122136052232, -0.00484961969778, 0.00443562213331, -0.00344546628185, 0.000115519978863, 0.00548035278916, -0.00719761941582, 0.00559514109045, 0.00104675826151, -0.0180659070611, 0.0298987925053, -0.0182080809027, 0.00499076023698], [-0.00109012040775, 0.00465897470713, -0.00429860921577, 0.00383308762684, -0.00276887044311, -0.00342248706147, 0.00551285641268, -0.00542089482769, 0.00425483006984, 0.00706789037213, -0.0182080809027, 0.0297302342951, -0.014096823521], [0.000503796618432, -0.00136821088381, 0.00195541675203, -0.00224209786393, 0.00108203559648, 0.00152240612078, -0.00193134963047, 0.00400834018365, -0.0035197804682, 0.00131677056197, 0.00499076023698, -0.014096823521, 0.016224976629]]
    },
    "melbands": {
        "mean": [0.00112562451977, 0.000942269223742, 0.00016376520216, 0.000599389721174, 0.00101886782795, 0.000414775771787, 0.000605849549174, 0.00125449406914, 0.000542105175555, 0.000153679575305, 0.000118753676361, 0.000104197046312, 7.27964652469e-005, 6.08339505561e-005, 6.10991264693e-005, 3.01103355014e-005, 2.89528306894e-005, 2.2586538762e-005, 5.24469651282e-005, 2.25593939831e-005, 1.555585186e-005, 2.13952498598e-005, 1.01997229649e-005, 6.59532634018e-006, 5.12308861289e-006, 3.2452439882e-006, 3.08116113956e-006, 1.74029275968e-006, 1.0620908597e-006, 5.83544760957e-007, 4.18629070964e-007, 3.37022584063e-007, 2.47750193694e-007, 1.78894040914e-007, 1.22431075056e-007, 8.90431053335e-008, 6.9112672918e-008, 6.29289971243e-008, 5.16220026725e-008, 4.8100726957e-008],
        "var": [5.95719666308e-006, 4.90391312269e-006, 9.26050702788e-008, 7.27466158423e-007, 2.7797570965e-006, 3.54167127625e-007, 1.55058296514e-006, 6.73292697684e-006, 7.91026991465e-007, 8.47805523563e-008, 4.41271978957e-008, 3.16420383228e-008, 1.35302098414e-008, 1.05743680479e-008, 1.88712636628e-008, 4.66069316474e-009, 2.2206394501e-009, 1.18842113928e-009, 2.27227907601e-008, 1.05968989139e-009, 4.58320742469e-010, 2.6057467295e-009, 2.15787984703e-010, 8.07085578924e-011, 7.49702591674e-011, 2.51342505836e-011, 2.88198371418e-011, 5.34126952736e-012, 3.05472292426e-012, 3.49371790179e-013, 1.7309187395e-013, 1.35149324457e-013, 7.37827632108e-014, 3.00176922978e-014, 1.35184789727e-014, 8.6592440778e-015, 8.61643503265e-015, 5.39147567059e-015, 5.54291203255e-015, 5.23198571937e-015]
    },
    "mfcc": {
        "mean": [-680.172912598, 145.680389404, -24.3684806824, 13.8145780563, -6.66415405273, -11.0615472794, -13.1598300934, -3.88725471497, -2.84955382347, -3.11693835258, -3.82078123093, -0.913938879967, 1.4509562254],
        "cov": [[1484.40563965, 186.424072266, -508.249816895, -131.389022827, -110.700958252, -143.931259155, -99.1882705688, -125.514305115, -80.7389984131, -10.6776447296, -19.8424358368, 16.12641716, 93.3937988281], [186.424072266, 557.509155273, 111.693214417, 67.259147644, 63.9887657166, 61.2312278748, 57.2395935059, 40.429397583, 4.42075014114, 15.6587982178, 13.3105249405, 11.6072149277, -21.2477474213], [-508.249816895, 111.693214417, 751.014892578, 304.866973877, 259.243041992, 292.238250732, 230.816390991, 190.602554321, 162.777664185, 118.643188477, 122.831031799, 88.889289856, 16.0354976654], [-131.389022827, 67.259147644, 304.866973877, 292.40637207, 199.97277832, 170.568450928, 134.564529419, 108.473236084, 97.3200759888, 98.6141357422, 84.6733779907, 78.4240951538, 64.9515609741], [-110.700958252, 63.9887657166, 259.243041992, 199.97277832, 256.916870117, 219.507461548, 162.770339966, 132.398239136, 106.029586792, 85.4332275391, 79.1189804077, 71.0722732544, 48.7883148193], [-143.931259155, 61.2312278748, 292.238250732, 170.568450928, 219.507461548, 296.677886963, 213.229980469, 147.68397522, 113.728157043, 93.4693374634, 86.0558547974, 84.0281066895, 48.8625144958], [-99.1882705688, 57.2395935059, 230.816390991, 134.564529419, 162.770339966, 213.229980469, 233.519729614, 166.593215942, 108.709457397, 78.8016967773, 77.5446243286, 64.9719238281, 36.2036094666], [-125.514305115, 40.429397583, 190.602554321, 108.473236084, 132.398239136, 147.68397522, 166.593215942, 216.351928711, 149.004608154, 79.6489105225, 68.3259811401, 47.9001617432, 11.0142936707], [-80.7389984131, 4.42075014114, 162.777664185, 97.3200759888, 106.029586792, 113.728157043, 108.709457397, 149.004608154, 193.82321167, 123.307495117, 77.4343032837, 51.6376342773, 29.6225948334], [-10.6776447296, 15.6587982178, 118.643188477, 98.6141357422, 85.4332275391, 93.4693374634, 78.8016967773, 79.6489105225, 123.307495117, 164.008361816, 111.720428467, 66.6715545654, 50.1044082642], [-19.8424358368, 13.3105249405, 122.831031799, 84.6733779907, 79.1189804077, 86.0558547974, 77.5446243286, 68.3259811401, 77.4343032837, 111.720428467, 159.977813721, 111.748886108, 51.2702903748], [16.12641716, 11.6072149277, 88.889289856, 78.4240951538, 71.0722732544, 84.0281066895, 64.9719238281, 47.9001617432, 51.6376342773, 66.6715545654, 111.748886108, 167.529449463, 102.155792236], [93.3937988281, -21.2477474213, 16.0354976654, 64.9515609741, 48.7883148193, 48.8625144958, 36.2036094666, 11.0142936707, 29.6225948334, 50.1044082642, 51.2702903748, 102.155792236, 153.555038452]],
        "icov": [[0.00111368659418, -0.000575048499741, 0.0009449859499, -6.11536597717e-005, -0.000128948959173, 0.000184621269, -0.00045246060472, 0.000555520004127, -0.000287693081191, -5.71221316932e-005, -0.000271077617072, 0.000179173555807, -0.000735241977964], [-0.000575048499741, 0.00224479660392, -0.000616271863692, -0.000176759393071, -0.000232104561292, 8.32044461276e-005, -6.62694073981e-005, -0.000569447467569, 0.00097706890665, -0.000606304442044, 0.000704016070813, -0.00065250264015, 0.00111160497181], [0.0009449859499, -0.000616271863692, 0.00390297942795, -0.00261861970648, 0.000516869593412, -0.00166432396509, -0.000607142050285, 0.000748926831875, -0.00149027304724, 0.00117420440074, -0.00124389352277, 0.000115467577416, 0.000737694674172], [-6.11536597717e-005, -0.000176759393071, -0.00261861970648, 0.0101574938744, -0.00630418257788, 0.00235530268401, -0.000412101537222, -0.000315165845677, 0.00150369945914, -0.00302025047131, 0.0011088878382, -0.000329506467097, -0.00209261034615], [-0.000128948959173, -0.000232104561292, 0.000516869593412, -0.00630418257788, 0.0158547330648, -0.0088830050081, 0.00175625632983, -0.00208794977516, -0.000983735895716, 0.00196317699738, -0.00178254209459, 0.00144933082629, -0.000636024808045], [0.000184621269, 8.32044461276e-005, -0.00166432396509, 0.00235530268401, -0.0088830050081, 0.0172008313239, -0.0105547942221, 0.00294776936062, -6.29604328424e-005, -0.00255626952276, 0.00280961859971, -0.0030988806393, 0.000672476948239], [-0.00045246060472, -6.62694073981e-005, -0.000607142050285, -0.000412101537222, 0.00175625632983, -0.0105547942221, 0.0198121536523, -0.0107152713463, 0.00346623244695, -1.36923035825e-005, -0.00196343893185, 0.00186591176316, -0.00184813409578], [0.000555520004127, -0.000569447467569, 0.000748926831875, -0.000315165845677, -0.00208794977516, 0.00294776936062, -0.0107152713463, 0.019184211269, -0.012085952796, 0.00466432375833, -0.00147328770254, -0.000742819684092, 0.00230976426974], [-0.000287693081191, 0.00097706890665, -0.00149027304724, 0.00150369945914, -0.000983735895716, -6.29604328424e-005, 0.00346623244695, -0.012085952796, 0.0201904401183, -0.0127653060481, 0.00440273946151, -0.00146478624083, -1.32217255668e-005], [-5.71221316932e-005, -0.000606304442044, 0.00117420440074, -0.00302025047131, 0.00196317699738, -0.00255626952276, -1.36923035825e-005, 0.00466432375833, -0.0127653060481, 0.022860897705, -0.0137850344181, 0.00613072467968, -0.00350868469104], [-0.000271077617072, 0.000704016070813, -0.00124389352277, 0.0011088878382, -0.00178254209459, 0.00280961859971, -0.00196343893185, -0.00147328770254, 0.00440273946151, -0.0137850344181, 0.0228343009949, -0.0136799002066, 0.00528944842517], [0.000179173555807, -0.00065250264015, 0.000115467577416, -0.000329506467097, 0.00144933082629, -0.0030988806393, 0.00186591176316, -0.000742819684092, -0.00146478624083, 0.00613072467968, -0.0136799002066, 0.0199827421457, -0.0103772291914], [-0.000735241977964, 0.00111160497181, 0.000737694674172, -0.00209261034615, -0.000636024808045, 0.000672476948239, -0.00184813409578, 0.00230976426974, -1.32217255668e-005, -0.00350868469104, 0.00528944842517, -0.0103772291914, 0.0144645879045]]
    },
    "spectral_contrast_coeffs": {
        "mean": [-0.563862204552, -0.593467175961, -0.684957385063, -0.708730399609, -0.742095530033, -0.755923330784],
        "var": [0.0149554582313, 0.00961289089173, 0.00505646876991, 0.00413268012926, 0.0032672919333, 0.000844573194627]
    },
    "spectral_contrast_valleys": {
        "mean": [-8.37763118744, -7.24858617783, -8.01214790344, -8.36476802826, -8.38139724731, -11.1775789261],
        "var": [1.70689618587, 0.930469870567, 0.860593795776, 0.762867152691, 0.645341217518, 0.507008373737]
    }
},
"metadata": {
    "audio_properties": {
        "analysis_sample_rate": 44100,
        "bit_rate": 107685,
        "equal_loudness": 0,
        "length": 45.0873451233,
        "lossless": 0,
        "replay_gain": -10.6637058258,
        "sample_rate": 44100,
        "codec": "mp3",
        "downmix": "mix",
        "md5_encoded": "1130e697f3e3cf0e5e08e4c72c46586c"
    },
    "tags": {
        "file_name": "188.mp3"
    },
    "version": {
        "essentia": "2.1-beta2",
        "essentia_git_sha": "v2.1_beta2",
        "extractor": "music 1.0"
    }
},
"rhythm": {
    "beats_count": 88,
    "beats_loudness": {
        "mean": 0.0295987483114,
        "var": 0.000353265437298
    },
    "bpm": 117.796569824,
    "bpm_histogram_first_peak_bpm": {
        "mean": 117,
        "var": 0
    },
    "bpm_histogram_first_peak_spread": {
        "mean": 0.470588207245,
        "var": 0
    },
    "bpm_histogram_first_peak_weight": {
        "mean": 0.413793116808,
        "var": 0
    },
    "bpm_histogram_second_peak_bpm": {
        "mean": 123,
        "var": 0
    },
    "bpm_histogram_second_peak_spread": {
        "mean": 0,
        "var": 0
    },
    "bpm_histogram_second_peak_weight": {
        "mean": 0.206896558404,
        "var": 0
    },
    "danceability": 1.03805530071,
    "onset_rate": 1.59628379345,
    "beats_loudness_band_ratio": {
        "mean": [0.366833299398, 0.235318407416, 0.275926142931, 0.0967151150107, 0.0581905506551, 0.0106295840815],
        "var": [0.127924069762, 0.0492233410478, 0.0615909136832, 0.00943756755441, 0.00550960795954, 0.000126333572553]
    },
    "beats_position": [0.53405892849, 1.06811785698, 1.59056687355, 2.11301589012, 2.63546490669, 3.15791368484, 3.68036270142, 4.20281171799, 4.71365070343, 5.22448968887, 5.73532867432, 6.24616765976, 6.7570066452, 7.27945566177, 7.77868461609, 8.28952407837, 8.80036258698, 9.31120204926, 9.83365058899, 10.3560991287, 10.8785486221, 11.4009971619, 11.9118366241, 12.4226751328, 12.933514595, 13.4443531036, 13.9435825348, 14.4428119659, 14.9304304123, 15.4296598434, 15.9288883209, 16.4397277832, 16.9389572144, 17.4497947693, 17.9490242004, 18.4598636627, 18.9474830627, 19.4351024628, 19.9343299866, 20.4451694489, 20.9676189423, 21.4784584045, 21.9892959595, 22.4885253906, 22.9993648529, 23.4985942841, 23.9862117767, 24.4738311768, 24.9614505768, 25.4490699768, 25.948299408, 26.4475269318, 26.9351463318, 27.4227657318, 27.9103851318, 28.3980045319, 28.9088420868, 29.4196815491, 29.9305210114, 30.4413604736, 30.9521980286, 31.4630374908, 31.9738769531, 32.4847145081, 32.9955558777, 33.4831733704, 33.9707946777, 34.4700202942, 34.9692497253, 35.4684791565, 35.9793205261, 36.4901580811, 37.000995636, 37.5002250671, 37.9994544983, 38.4870758057, 38.9979133606, 39.5087509155, 40.0195922852, 40.5188217163, 41.0296592712, 41.5404968262, 42.0281181335, 42.5157356262, 43.0033569336, 43.4909744263, 43.9902038574, 44.4894332886]
},
"tonal": {
    "chords_changes_rate": 0.0689300447702,
    "chords_number_rate": 0.0144032919779,
    "chords_strength": {
        "mean": 0.448293566704,
        "var": 0.0065088160336
    },
    "hpcp_entropy": {
        "mean": 1.32794427872,
        "var": 0.494641840458
    },
    "key_strength": 0.658237099648,
    "tuning_diatonic_strength": 0.484742224216,
    "tuning_equal_tempered_deviation": 0.00787954311818,
    "tuning_frequency": 442.804626465,
    "tuning_nontempered_energy_ratio": 0.635732471943,
    "hpcp": {
        "mean": [0.0504227392375, 0.0455143749714, 0.106372341514, 0.192376300693, 0.120155476034, 0.0736703947186, 0.122788675129, 0.113738819957, 0.20688906312, 0.280520617962, 0.138880267739, 0.041217662394, 0.0338041782379, 0.0257129129022, 0.142049059272, 0.265377283096, 0.185363769531, 0.172232612967, 0.22156432271, 0.111376799643, 0.0269539188594, 0.0235961228609, 0.0249623544514, 0.0623744875193, 0.105148367584, 0.0656415298581, 0.0176742058247, 0.0203464422375, 0.0260932631791, 0.102936215699, 0.165627196431, 0.0956966802478, 0.0735370591283, 0.0994290113449, 0.051378197968, 0.02790607512],
        "var": [0.0187731105834, 0.0168937388808, 0.0362922996283, 0.10861030966, 0.0444196648896, 0.026743112132, 0.0807998105884, 0.0523448288441, 0.085427083075, 0.151150465012, 0.0490420460701, 0.0200294815004, 0.0227589458227, 0.00746491039172, 0.0489889681339, 0.136996999383, 0.0667939186096, 0.0715754553676, 0.124109774828, 0.0396708250046, 0.0114476457238, 0.00987363886088, 0.00638364534825, 0.0167865157127, 0.0526997633278, 0.0247262883931, 0.00190559483599, 0.00566638866439, 0.00487203756347, 0.0338607393205, 0.0896632000804, 0.0304388683289, 0.0295044854283, 0.0582026913762, 0.0160482469946, 0.00424471637234]
    },
    "chords_histogram": [14.1975307465, 7.30452680588, 10.3909463882, 10.0823049545, 1.23456788063, 1.64609050751, 0.617283940315, 0.617283940315, 0.205761313438, 13.4773664474, 7.81893014908, 0.102880656719, 0, 0, 0, 0, 1.02880656719, 1.85185182095, 0, 0, 2.57201647758, 2.57201647758, 5.14403295517, 19.1358032227],
    "thpcp": [1, 0.495080441236, 0.146932736039, 0.120505146682, 0.091661401093, 0.506376564503, 0.946017026901, 0.660784840584, 0.613974869251, 0.78983259201, 0.39703604579, 0.0960853397846, 0.0841154679656, 0.0889858081937, 0.222352594137, 0.374832928181, 0.233998954296, 0.063005015254, 0.0725310072303, 0.0930172726512, 0.366947054863, 0.590427875519, 0.341139554977, 0.26214492321, 0.354444563389, 0.183153018355, 0.099479585886, 0.179747000337, 0.162249654531, 0.379196166992, 0.685783088207, 0.428330272436, 0.26262024045, 0.437717109919, 0.405456185341, 0.737518191338],
    "chords_key": "G#",
    "chords_scale": "major",
    "key_key": "C",
    "key_scale": "minor"
}
}