{
"lowlevel": {
    "average_loudness": 0.965927600861,
    "barkbands_crest": {
        "mean": 10.6157531738,
        "var": 13.2963438034
    },
    "barkbands_flatness_db": {
        "mean": 0.180082544684,
        "var": 0.00191152398475
    },
    "barkbands_kurtosis": {
        "mean": 1.23417246342,
        "var": 22.6157875061
    },
    "barkbands_skewness": {
        "mean": 0.907680273056,
        "var": 1.12723278999
    },
    "barkbands_spread": {
        "mean": 18.4333553314,
        "var": 73.9636230469
    },
    "dissonance": {
        "mean": 0.462463140488,
        "var": 0.00102920818608
    },
    "dynamic_complexity": 3.1297390461,
    "erbbands_crest": {
        "mean": 10.3354701996,
        "var": 17.292427063
    },
    "erbbands_flatness_db": {
        "mean": 0.217154577374,
        "var": 0.00137211265974
    },
    "erbbands_kurtosis": {
        "mean": 1.59797394276,
        "var": 7.0700507164
    },
    "erbbands_skewness": {
        "mean": -0.402015805244,
        "var": 0.446003854275
    },
    "erbbands_spread": {
        "mean": 23.5795536041,
        "var": 159.062576294
    },
    "hfc": {
        "mean": 10.1169281006,
        "var": 164.251174927
    },
    "melbands_crest": {
        "mean": 15.8339004517,
        "var": 31.974187851
    },
    "melbands_flatness_db": {
        "mean": 0.25462949276,
        "var": 0.00418205652386
    },
    "melbands_kurtosis": {
        "mean": 5.42683744431,
        "var": 104.689888
    },
    "melbands_skewness": {
        "mean": 1.80739831924,
        "var": 1.93486499786
    },
    "melbands_spread": {
        "mean": 23.2665996552,
        "var": 148.776535034
    },
    "pitch_salience": {
        "mean": 0.495837777853,
        "var": 0.0108031975105
    },
    "silence_rate_20dB": {
        "mean": 1,
        "var": 0
    },
    "silence_rate_30dB": {
        "mean": 0.973223507404,
        "var": 0.026059679687
    },
    "silence_rate_60dB": {
        "mean": 0.123069003224,
        "var": 0.107927925885
    },
    "spectral_centroid": {
        "mean": 1187.81298828,
        "var": 320274.6875
    },
    "spectral_complexity": {
        "mean": 14.8491249084,
        "var": 71.7832107544
    },
    "spectral_decrease": {
        "mean": -4.86974149894e-009,
        "var": 6.29814391956e-017
    },
    "spectral_energy": {
        "mean": 0.019297150895,
        "var": 0.000948128523305
    },
    "spectral_energyband_high": {
        "mean": 0.000202340030228,
        "var": 3.8222927401e-007
    },
    "spectral_energyband_low": {
        "mean": 0.00963455997407,
        "var": 0.000386979343602
    },
    "spectral_energyband_middle_high": {
        "mean": 0.00441716099158,
        "var": 2.16335374716e-005
    },
    "spectral_energyband_middle_low": {
        "mean": 0.00645486684516,
        "var": 0.000255665654549
    },
    "spectral_entropy": {
        "mean": 7.17554330826,
        "var": 0.128538683057
    },
    "spectral_flux": {
        "mean": 0.0642911121249,
        "var": 0.0045843613334
    },
    "spectral_kurtosis": {
        "mean": 9.73249340057,
        "var": 40.7592658997
    },
    "spectral_rms": {
        "mean": 0.00370150059462,
        "var": 5.12539463671e-006
    },
    "spectral_rolloff": {
        "mean": 1233.57592773,
        "var": 688336.5625
    },
    "spectral_skewness": {
        "mean": 1.91512560844,
        "var": 0.681209504604
    },
    "spectral_spread": {
        "mean": 2661031,
        "var": 1.60322302771e+012
    },
    "spectral_strongpeak": {
        "mean": 0.646860122681,
        "var": 0.454278439283
    },
    "zerocrossingrate": {
        "mean": 0.0422619730234,
        "var": 0.000452148116892
    },
    "barkbands": {
        "mean": [0.000137866154546, 0.00346657400951, 0.00465464917943, 0.00268385233358, 0.00202475022525, 0.000477588822832, 0.000431714812294, 0.000461182731669, 0.000316555728205, 0.000613051524851, 0.000492910097819, 0.00182529597078, 0.000354737159796, 0.000140386619023, 0.000152031963808, 0.00010286023462, 7.52006817493e-005, 0.000422916229581, 0.00020384399977, 0.000129031948745, 8.23176451377e-005, 2.27718046517e-005, 8.72574401001e-006, 1.22951050798e-005, 3.23723179463e-006, 7.5695771784e-007, 7.37512024784e-008],
        "var": [1.19517153507e-007, 0.000111281406134, 7.43337659515e-005, 6.69896035106e-005, 3.60415360774e-005, 2.02394539883e-006, 1.21196035252e-006, 6.33844308595e-007, 6.94025970915e-007, 1.64817788573e-006, 1.17829711144e-006, 5.23773996974e-006, 1.77926906986e-007, 1.08278420896e-007, 5.09791782122e-008, 8.24502706109e-008, 3.16575423653e-008, 8.34431602925e-007, 3.25514832866e-007, 1.12876143987e-007, 8.38321554397e-008, 7.56566365112e-009, 1.25586896438e-009, 2.11241912851e-009, 1.52464943448e-010, 6.15208405053e-012, 8.6199764774e-015]
    },
    "erbbands": {
        "mean": [0.121439382434, 0.75252366066, 4.15023612976, 8.14667510986, 8.47109794617, 5.93039608002, 5.08880853653, 3.83703947067, 5.16891479492, 8.28218460083, 9.88666820526, 8.58542156219, 13.4566650391, 17.4655227661, 54.0281028748, 47.2096862793, 18.0340976715, 8.9219417572, 8.21861171722, 6.80139780045, 5.78734254837, 5.17906904221, 21.5511341095, 14.69926548, 9.12644958496, 5.9772439003, 4.81488466263, 2.2281036377, 0.941526949406, 0.473148941994, 0.208624958992, 0.186725571752, 0.22162514925, 0.0770023241639, 0.00750783877447, 0.0036845379509, 0.00128576450516, 0.000264195172349, 1.75057830347e-005, 2.24026607611e-005],
        "var": [0.11532458663, 6.02301168442, 73.0456619263, 331.014129639, 1014.60650635, 236.78767395, 93.913520813, 163.245773315, 236.446807861, 408.401367188, 355.959259033, 508.096130371, 807.45300293, 1213.46862793, 4332.79931641, 4944.87792969, 407.673858643, 282.780303955, 221.952316284, 227.095703125, 157.298187256, 132.773468018, 2188.21386719, 1176.70568848, 735.352600098, 241.664794922, 223.742950439, 71.5755691528, 12.8375148773, 3.75185084343, 0.614415645599, 0.432831823826, 0.751077651978, 0.0922184064984, 0.000486300734337, 0.000180001326953, 1.58673828992e-005, 2.19702641857e-007, 5.16410636475e-010, 1.19878873495e-009]
    },
    "gfcc": {
        "mean": [-76.18800354, 139.955535889, -139.643051147, 13.5705919266, -34.3884468079, 7.024559021, -20.2815513611, 0.0401936993003, -37.6246376038, -12.2778682709, -8.64172458649, -5.67391443253, -16.7447910309],
        "cov": [[3882.12353516, -207.645645142, -138.904632568, 902.878479004, -256.796203613, -8.26630496979, 98.6970443726, 79.9416275024, -35.4458045959, -29.0765171051, 46.0341567993, -198.608520508, 55.32006073], [-207.645645142, 829.465637207, 250.453857422, -241.834228516, 376.442108154, -24.4329166412, 175.829437256, 89.5210113525, 150.09262085, 3.88544440269, 112.440071106, 20.7260990143, -25.7629947662], [-138.904632568, 250.453857422, 451.77444458, -11.2397937775, 106.488082886, 173.948028564, 35.7927780151, 53.2435836792, 82.9582977295, 32.6803588867, 72.1125793457, 13.265630722, 44.0283584595], [902.878479004, -241.834228516, -11.2397937775, 551.779602051, -26.2585048676, -43.6652336121, 65.3889465332, 23.6147975922, -8.9138917923, 34.1390304565, 10.0222682953, -49.2598686218, 35.5069351196], [-256.796203613, 376.442108154, 106.488082886, -26.2585048676, 338.386169434, -5.62960577011, 132.235809326, 72.9571609497, 77.0355834961, 22.8209018707, 69.9922332764, 25.4223270416, -8.5593290329], [-8.26630496979, -24.4329166412, 173.948028564, -43.6652336121, -5.62960577011, 269.389770508, 8.62376022339, 0.938990473747, 26.0490379333, 3.02773451805, 10.5981149673, 8.89717292786, 55.0389289856], [98.6970443726, 175.829437256, 35.7927780151, 65.3889465332, 132.235809326, 8.62376022339, 208.091995239, 90.6545028687, 40.7322540283, 25.7991485596, 39.0095825195, -10.0730438232, 17.9239253998], [79.9416275024, 89.5210113525, 53.2435836792, 23.6147975922, 72.9571609497, 0.938990473747, 90.6545028687, 138.29486084, 50.7998199463, 25.6701545715, 47.7635765076, -7.53610181808, 5.05873298645], [-35.4458045959, 150.09262085, 82.9582977295, -8.9138917923, 77.0355834961, 26.0490379333, 40.7322540283, 50.7998199463, 121.159645081, 37.5857276917, 30.7245292664, 20.481256485, 12.0667266846], [-29.0765171051, 3.88544440269, 32.6803588867, 34.1390304565, 22.8209018707, 3.02773451805, 25.7991485596, 25.6701545715, 37.5857276917, 84.838973999, 35.6424827576, 8.93609809875, 21.2404098511], [46.0341567993, 112.440071106, 72.1125793457, 10.0222682953, 69.9922332764, 10.5981149673, 39.0095825195, 47.7635765076, 30.7245292664, 35.6424827576, 91.147026062, 22.1822528839, 12.011092186], [-198.608520508, 20.7260990143, 13.265630722, -49.2598686218, 25.4223270416, 8.89717292786, -10.0730438232, -7.53610181808, 20.481256485, 8.93609809875, 22.1822528839, 67.6594543457, 17.3654289246], [55.32006073, -25.7629947662, 44.0283584595, 35.5069351196, -8.5593290329, 55.0389289856, 17.9239253998, 5.05873298645, 12.0667266846, 21.2404098511, 12.011092186, 17.3654289246, 65.5366973877]],
        "icov": [[0.000993829220533, -0.00225300062448, 0.00157701061107, -0.00259282742627, 0.00217587593943, -0.00163707172032, 0.0012041189475, -0.00134671630803, 0.000904495653231, 0.000197599147214, -0.00050888909027, 0.000778702786192, -0.000289262388833], [-0.00225300062448, 0.0133587541059, -0.0070414505899, 0.0102091152221, -0.00978525076061, 0.00840835645795, -0.00745723349974, 0.00811209622771, -0.00909313838929, 0.00542571069673, -0.00545942923054, 0.0045171524398, -0.000854145619087], [0.00157701061107, -0.0070414505899, 0.00783692393452, -0.00601119361818, 0.00456660287455, -0.00678424350917, 0.00483734952286, -0.00451563112438, 0.00291413068771, -0.00185385090299, -0.000210227037314, -0.000135092908749, -0.000649251975119], [-0.00259282742627, 0.0102091152221, -0.00601119361818, 0.0113539826125, -0.00789461005479, 0.00755554856732, -0.00630609085783, 0.00651462655514, -0.00602902751416, 0.00214202073403, -0.00267247273587, 0.00341433705762, -0.0020647358615], [0.00217587593943, -0.00978525076061, 0.00456660287455, -0.00789461005479, 0.0130180753767, -0.00564965186641, 0.00207578251138, -0.00523300468922, 0.00435017840937, -0.00220728176646, 0.000674080511089, -0.00358072854578, 0.00254674162716], [-0.00163707172032, 0.00840835645795, -0.00678424350917, 0.00755554856732, -0.00564965186641, 0.0116101633757, -0.00524068390951, 0.00585079425946, -0.00599562656134, 0.00421888986602, -0.00261961179785, 0.00332198524848, -0.00501866498962], [0.0012041189475, -0.00745723349974, 0.00483734952286, -0.00630609085783, 0.00207578251138, -0.00524068390951, 0.013406811282, -0.00895561557263, 0.00540788145736, -0.00347084435634, 0.00340149574913, -0.00047747589997, -0.00245191273279], [-0.00134671630803, 0.00811209622771, -0.00451563112438, 0.00651462655514, -0.00523300468922, 0.00585079425946, -0.00895561557263, 0.0180347207934, -0.00943272188306, 0.0039714067243, -0.00861225742847, 0.00630764663219, -0.000353334820829], [0.000904495653231, -0.00909313838929, 0.00291413068771, -0.00602902751416, 0.00435017840937, -0.00599562656134, 0.00540788145736, -0.00943272188306, 0.0202324017882, -0.00958425551653, 0.00784725882113, -0.00856583192945, 0.00203564041294], [0.000197599147214, 0.00542571069673, -0.00185385090299, 0.00214202073403, -0.00220728176646, 0.00421888986602, -0.00347084435634, 0.0039714067243, -0.00958425551653, 0.0213814005256, -0.0108043411747, 0.00619116518646, -0.00596303818747], [-0.00050888909027, -0.00545942923054, -0.000210227037314, -0.00267247273587, 0.000674080511089, -0.00261961179785, 0.00340149574913, -0.00861225742847, 0.00784725882113, -0.0108043411747, 0.0254450812936, -0.0120125738904, 0.00247151963413], [0.000778702786192, 0.0045171524398, -0.000135092908749, 0.00341433705762, -0.00358072854578, 0.00332198524848, -0.00047747589997, 0.00630764663219, -0.00856583192945, 0.00619116518646, -0.0120125738904, 0.0279885083437, -0.00989849213511], [-0.000289262388833, -0.000854145619087, -0.000649251975119, -0.0020647358615, 0.00254674162716, -0.00501866498962, -0.00245191273279, -0.000353334820829, 0.00203564041294, -0.00596303818747, 0.00247151963413, -0.00989849213511, 0.0256947651505]]
    },
    "melbands": {
        "mean": [0.000995018635876, 0.00178991246503, 0.00148897885811, 0.00050306704361, 0.000197023808141, 8.65562396939e-005, 7.99393965281e-005, 9.65074868873e-005, 7.37426598789e-005, 4.96630382258e-005, 7.2489354352e-005, 7.46167643229e-005, 0.000126721643028, 0.000246416020673, 3.19439823215e-005, 3.8767047954e-005, 1.29729669425e-005, 1.29658792503e-005, 1.01864470707e-005, 7.19394938642e-006, 6.8372505666e-006, 4.30889258496e-006, 1.05112112578e-005, 2.40518456849e-005, 1.05069984784e-005, 7.45850184103e-006, 4.73149611935e-006, 3.84742952519e-006, 3.43641409017e-006, 2.16315970647e-006, 9.36398009799e-007, 5.37402456757e-007, 3.65508384448e-007, 2.2470608485e-007, 1.13449360128e-007, 1.15634165354e-007, 1.1184601334e-007, 1.28049677528e-007, 1.86750924058e-007, 2.74628657593e-008],
        "var": [8.39954736875e-006, 1.58809034474e-005, 1.36875742101e-005, 2.72022975878e-006, 1.41112693086e-007, 8.06435096479e-008, 5.25214716163e-008, 4.08174116728e-008, 2.21101199571e-008, 1.84834796357e-008, 2.35754544775e-008, 2.40860007494e-008, 3.3008134892e-008, 1.01301758093e-007, 3.06662384375e-009, 2.06670613956e-009, 9.2837276755e-010, 7.18542225719e-010, 3.00130642561e-010, 5.06183928106e-010, 2.39863878759e-010, 1.00943392534e-010, 6.41228792286e-010, 2.78593659253e-009, 6.72401911928e-010, 5.33460331464e-010, 1.93342813981e-010, 1.16425050156e-010, 1.17968149138e-010, 6.89629048312e-011, 1.27894717386e-011, 4.01820113641e-012, 2.21673374101e-012, 9.10647208682e-013, 1.74939761028e-013, 2.4959017058e-013, 1.52026733758e-013, 2.28255701016e-013, 6.35958354121e-013, 9.41590792695e-015]
    },
    "mfcc": {
        "mean": [-717.182006836, 174.122375488, -34.1957244873, 18.6974582672, 0.0334171094, 3.91135907173, 21.7297954559, 8.14734745026, -8.34554576874, -8.89229774475, -4.72104740143, -0.543162465096, -3.66446113586],
        "cov": [[3829.54272461, -966.592651367, 159.730667114, 650.644104004, -147.75440979, 5.99362754822, 117.760253906, -57.7307090759, 61.4399414063, 30.9223098755, 20.0940933228, 5.83552026749, -113.379150391], [-966.592651367, 1279.7590332, -69.1774673462, -139.552032471, 192.110855103, -18.5123176575, 74.0179901123, 170.595794678, 8.83605003357, 109.574707031, 131.262084961, 31.9902572632, 48.7579650879], [159.730667114, -69.1774673462, 448.057800293, -87.5686264038, 86.5233917236, 88.8788146973, 27.4282588959, 4.77480649948, 60.0137786865, 0.428184628487, -28.5477466583, 72.2417449951, 54.8989295959], [650.644104004, -139.552032471, -87.5686264038, 515.398010254, -10.1665391922, -17.8042964935, 77.1513061523, 0.66437292099, 11.093462944, 58.7462043762, 70.5105819702, -1.68567538261, -25.0579891205], [-147.75440979, 192.110855103, 86.5233917236, -10.1665391922, 192.895950317, 54.518611908, 16.8703365326, 49.0141334534, 6.70565891266, 26.6672115326, 23.4939174652, 33.4235420227, 40.7863616943], [5.99362754822, -18.5123176575, 88.8788146973, -17.8042964935, 54.518611908, 158.317520142, 21.2102451324, 15.9877710342, 41.180267334, 5.04727554321, -26.3516921997, 21.9575004578, 36.793598175], [117.760253906, 74.0179901123, 27.4282588959, 77.1513061523, 16.8703365326, 21.2102451324, 184.465881348, 46.9239196777, 45.7324523926, 53.3262901306, 23.2126502991, 22.0783042908, 20.9773960114], [-57.7307090759, 170.595794678, 4.77480649948, 0.66437292099, 49.0141334534, 15.9877710342, 46.9239196777, 124.193183899, 34.2996902466, 37.3993721008, 39.3464736938, 1.94486010075, 5.60084247589], [61.4399414063, 8.83605003357, 60.0137786865, 11.093462944, 6.70565891266, 41.180267334, 45.7324523926, 34.2996902466, 102.635757446, 47.031791687, 8.86846733093, 24.4334907532, 18.9541454315], [30.9223098755, 109.574707031, 0.428184628487, 58.7462043762, 26.6672115326, 5.04727554321, 53.3262901306, 37.3993721008, 47.031791687, 109.064071655, 57.1901359558, 8.29925632477, 6.85076856613], [20.0940933228, 131.262084961, -28.5477466583, 70.5105819702, 23.4939174652, -26.3516921997, 23.2126502991, 39.3464736938, 8.86846733093, 57.1901359558, 114.912109375, 14.5854110718, -4.49960708618], [5.83552026749, 31.9902572632, 72.2417449951, -1.68567538261, 33.4235420227, 21.9575004578, 22.0783042908, 1.94486010075, 24.4334907532, 8.29925632477, 14.5854110718, 63.4047851563, 40.5313186646], [-113.379150391, 48.7579650879, 54.8989295959, -25.0579891205, 40.7863616943, 36.793598175, 20.9773960114, 5.60084247589, 18.9541454315, 6.85076856613, -4.49960708618, 40.5313186646, 79.8950195313]],
        "icov": [[0.000448116101325, 0.000270123506198, -0.000254492479144, -0.000471238279715, 0.000152179316501, -2.19847297558e-005, -0.000148416176671, -0.000154333960381, 1.53120545292e-005, -6.90940723871e-005, -1.49486340888e-005, -0.000322198000504, 0.000645274762064], [0.000270123506198, 0.00151732529048, 0.00032320083119, 0.000357331184205, -0.000927468005102, 0.000352579139872, -0.000379333185265, -0.00116827047896, 0.000509374367539, -0.000783759052865, -0.000750796403736, -0.000550205586478, 2.31338053709e-005], [-0.000254492479144, 0.00032320083119, 0.00362695544027, 0.000940180092584, -0.00151434587315, -0.000579712854233, -0.000213843930396, 0.000193629210116, -0.00112878577784, 5.44822942175e-005, 0.000595526304096, -0.00297287059948, 0.000131697859615], [-0.000471238279715, 0.000357331184205, 0.000940180092584, 0.00322932284325, -0.000738339498639, -6.39283462078e-005, -0.00104907364585, 0.000608533388004, 0.000143708180985, -0.000713717425242, -0.00158814084716, 4.090920811e-006, 5.47320814803e-005], [0.000152179316501, -0.000927468005102, -0.00151434587315, -0.000738339498639, 0.00885692983866, -0.00240733847022, 0.000971121364273, -0.00250806682743, 0.00323365349323, -0.00160783273168, 0.000165208984981, -0.00207020528615, -0.00147075811401], [-2.19847297558e-005, 0.000352579139872, -0.000579712854233, -6.39283462078e-005, -0.00240733847022, 0.00915849767625, -0.000172696207301, -0.000489047786687, -0.00307020172477, 0.000398162723286, 0.00213340995833, 0.000814600614831, -0.00237608863972], [-0.000148416176671, -0.000379333185265, -0.000213843930396, -0.00104907364585, 0.000971121364273, -0.000172696207301, 0.00767710618675, -0.00225145369768, -0.000668339838739, -0.0025272956118, 0.00150974991266, -0.00167517235968, -0.00112519843969], [-0.000154333960381, -0.00116827047896, 0.000193629210116, 0.000608533388004, -0.00250806682743, -0.000489047786687, -0.00225145369768, 0.0133685460314, -0.0046397568658, 0.00163579313084, -0.00372350006364, 0.00461904704571, 0.000118804833619], [1.53120545292e-005, 0.000509374367539, -0.00112878577784, 0.000143708180985, 0.00323365349323, -0.00307020172477, -0.000668339838739, -0.0046397568658, 0.0180687569082, -0.00818465463817, 0.00287379347719, -0.00607939064503, 0.000456618552562], [-6.90940723871e-005, -0.000783759052865, 5.44822942175e-005, -0.000713717425242, -0.00160783273168, 0.000398162723286, -0.0025272956118, 0.00163579313084, -0.00818465463817, 0.0186348557472, -0.00763744069263, 0.00525786541402, -0.00144835375249], [-1.49486340888e-005, -0.000750796403736, 0.000595526304096, -0.00158814084716, 0.000165208984981, 0.00213340995833, 0.00150974991266, -0.00372350006364, 0.00287379347719, -0.00763744069263, 0.0167588535696, -0.00748531194404, 0.00304177845828], [-0.000322198000504, -0.000550205586478, -0.00297287059948, 4.090920811e-006, -0.00207020528615, 0.000814600614831, -0.00167517235968, 0.00461904704571, -0.00607939064503, 0.00525786541402, -0.00748531194404, 0.0325441546738, -0.0132197057828], [0.000645274762064, 2.31338053709e-005, 0.000131697859615, 5.47320814803e-005, -0.00147075811401, -0.00237608863972, -0.00112519843969, 0.000118804833619, 0.000456618552562, -0.00144835375249, 0.00304177845828, -0.0132197057828, 0.0223704893142]]
    },
    "spectral_contrast_coeffs": {
        "mean": [-0.588191390038, -0.766623497009, -0.734084486961, -0.77362382412, -0.773767590523, -0.771675407887],
        "var": [0.00711250957102, 0.00246319756843, 0.00355016603135, 0.00153488421347, 0.00206089299172, 0.00279502454214]
    },
    "spectral_contrast_valleys": {
        "mean": [-7.98000907898, -7.21492290497, -7.29902696609, -8.128074646, -8.25947761536, -11.772769928],
        "var": [1.09487867355, 0.644160509109, 0.805111706257, 0.663444936275, 1.04855644703, 0.768677711487]
    }
},
"metadata": {
    "audio_properties": {
        "analysis_sample_rate": 44100,
        "bit_rate": 128074,
        "equal_loudness": 0,
        "length": 45.0612258911,
        "lossless": 0,
        "replay_gain": -6.04330062866,
        "sample_rate": 44100,
        "codec": "mp3",
        "downmix": "mix",
        "md5_encoded": "3784cce07e416e580435624e1b878635"
    },
    "tags": {
        "file_name": "1880.mp3"
    },
    "version": {
        "essentia": "2.1-beta2",
        "essentia_git_sha": "v2.1_beta2",
        "extractor": "music 1.0"
    }
},
"rhythm": {
    "beats_count": 65,
    "beats_loudness": {
        "mean": 0.0528215616941,
        "var": 0.00100563792512
    },
    "bpm": 87.460647583,
    "bpm_histogram_first_peak_bpm": {
        "mean": 88,
        "var": 0
    },
    "bpm_histogram_first_peak_spread": {
        "mean": 0.327868849039,
        "var": 0
    },
    "bpm_histogram_first_peak_weight": {
        "mean": 0.640625,
        "var": 0
    },
    "bpm_histogram_second_peak_bpm": {
        "mean": 81,
        "var": 0
    },
    "bpm_histogram_second_peak_spread": {
        "mean": 0,
        "var": 0
    },
    "bpm_histogram_second_peak_weight": {
        "mean": 0.046875,
        "var": 0
    },
    "danceability": 1.57421553135,
    "onset_rate": 4.28113126755,
    "beats_loudness_band_ratio": {
        "mean": [0.609080851078, 0.0887727513909, 0.0791387781501, 0.160873070359, 0.0636952593923, 0.0311180893332],
        "var": [0.0437802784145, 0.00408353051171, 0.00501843355596, 0.0203310307115, 0.00207872479223, 0.000874823075719]
    },
    "beats_position": [0.731428563595, 1.46285712719, 2.20589566231, 2.94893407822, 3.64553284645, 4.34213161469, 5.0387301445, 5.71210861206, 6.39709758759, 7.08208608627, 7.77868461609, 8.46367359161, 9.13705158234, 9.82204055786, 10.5186395645, 11.2152376175, 11.9118366241, 12.5852155685, 13.2702035904, 13.9551925659, 14.6401815414, 15.3251695633, 16.0217685699, 16.6951465607, 17.391746521, 18.0651245117, 18.7617225647, 19.4351024628, 20.1200904846, 20.8050785065, 21.4900684357, 22.1750564575, 22.8716545105, 23.5450344086, 24.2300224304, 24.9150104523, 25.6000003815, 26.2849884033, 26.9815864563, 27.6549663544, 28.3515644073, 29.0249423981, 29.7215423584, 30.4181404114, 31.0915184021, 31.776506424, 32.4614944458, 33.146484375, 33.8314743042, 34.5048522949, 35.2014503479, 35.8864402771, 36.5714263916, 37.2680282593, 37.94140625, 38.638004303, 39.3229942322, 40.0079803467, 40.7045783997, 41.3779602051, 42.0513381958, 42.7363243103, 43.4213142395, 44.1179122925, 44.8029022217]
},
"tonal": {
    "chords_changes_rate": 0.0596707835793,
    "chords_number_rate": 0.00514403311536,
    "chords_strength": {
        "mean": 0.475919306278,
        "var": 0.00493016839027
    },
    "hpcp_entropy": {
        "mean": 1.70274400711,
        "var": 0.603760182858
    },
    "key_strength": 0.611185610294,
    "tuning_diatonic_strength": 0.525207400322,
    "tuning_equal_tempered_deviation": 0.0474741458893,
    "tuning_frequency": 440.763122559,
    "tuning_nontempered_energy_ratio": 0.669662714005,
    "hpcp": {
        "mean": [0.28221821785, 0.145551398396, 0.0451028943062, 0.0348195545375, 0.050387147814, 0.16837516427, 0.289888471365, 0.196985080838, 0.0689105093479, 0.0562846288085, 0.0941956490278, 0.332302004099, 0.531251728535, 0.308186978102, 0.0908455774188, 0.0715301632881, 0.0421951152384, 0.0288438946009, 0.0273970719427, 0.030566226691, 0.0554623305798, 0.0836465805769, 0.0720814615488, 0.114614628255, 0.158310845494, 0.102482840419, 0.0585909336805, 0.0459568500519, 0.0367028750479, 0.0466441661119, 0.0797861143947, 0.0901909023523, 0.10152156651, 0.157432600856, 0.149245262146, 0.219680592418],
        "var": [0.127292066813, 0.0282172225416, 0.00918447691947, 0.0111730545759, 0.0165978651494, 0.0619382150471, 0.157464623451, 0.0844143405557, 0.0214613042772, 0.0158497951925, 0.0272523406893, 0.0658590421081, 0.154641002417, 0.0651848912239, 0.0188431367278, 0.0131584806368, 0.00815771054476, 0.00598761951551, 0.00655524339527, 0.007787915878, 0.0104347448796, 0.0165911596268, 0.0129330428317, 0.0306575056165, 0.0596715509892, 0.0315404757857, 0.0174396988004, 0.00838192086667, 0.00596029311419, 0.00828204583377, 0.0330055244267, 0.0427577495575, 0.0313928946853, 0.052565459162, 0.0409815870225, 0.0973841995001]
    },
    "chords_histogram": [22.4279842377, 27.8806591034, 3.39506173134, 0, 0, 0, 0, 0.720164597034, 4.01234579086, 40.6378593445, 0.925925910473, 0, 0, 0, 0, 0, 0, 0, 0, 0, 0, 0, 0, 0],
    "thpcp": [1, 0.580114781857, 0.171002879739, 0.134644567966, 0.0794258415699, 0.0542942136526, 0.0515707917511, 0.0575362406671, 0.104399338365, 0.157451868057, 0.135682314634, 0.215744480491, 0.29799592495, 0.192908242345, 0.110288456082, 0.0865067318082, 0.0690875425935, 0.0878004953265, 0.150185137987, 0.169770553708, 0.191098794341, 0.296342760324, 0.280931353569, 0.41351506114, 0.531232535839, 0.273978203535, 0.0848992913961, 0.0655424743891, 0.0948460847139, 0.316940456629, 0.545670628548, 0.37079423666, 0.129713475704, 0.105947189033, 0.177308887243, 0.625507593155],
    "chords_key": "C#",
    "chords_scale": "major",
    "key_key": "F#",
    "key_scale": "minor"
}
}