{
"lowlevel": {
    "average_loudness": 0.985126316547,
    "barkbands_crest": {
        "mean": 9.52832603455,
        "var": 16.4327259064
    },
    "barkbands_flatness_db": {
        "mean": 0.165647998452,
        "var": 0.00404365407303
    },
    "barkbands_kurtosis": {
        "mean": 1.93447637558,
        "var": 32.4206962585
    },
    "barkbands_skewness": {
        "mean": 0.7733476758,
        "var": 1.20075070858
    },
    "barkbands_spread": {
        "mean": 28.0708694458,
        "var": 360.767089844
    },
    "dissonance": {
        "mean": 0.457198679447,
        "var": 0.0020518747624
    },
    "dynamic_complexity": 1.02834367752,
    "erbbands_crest": {
        "mean": 9.98435878754,
        "var": 22.4521865845
    },
    "erbbands_flatness_db": {
        "mean": 0.213354066014,
        "var": 0.00322570558637
    },
    "erbbands_kurtosis": {
        "mean": 2.04524111748,
        "var": 38.3637542725
    },
    "erbbands_skewness": {
        "mean": 0.203005284071,
        "var": 1.60146391392
    },
    "erbbands_spread": {
        "mean": 36.1678123474,
        "var": 429.033782959
    },
    "hfc": {
        "mean": 37.3469352722,
        "var": 1289.2668457
    },
    "melbands_crest": {
        "mean": 13.0263252258,
        "var": 31.6970214844
    },
    "melbands_flatness_db": {
        "mean": 0.18566635251,
        "var": 0.00687784422189
    },
    "melbands_kurtosis": {
        "mean": 7.02224349976,
        "var": 164.779266357
    },
    "melbands_skewness": {
        "mean": 1.79250884056,
        "var": 2.08682990074
    },
    "melbands_spread": {
        "mean": 40.1310577393,
        "var": 1351.67956543
    },
    "pitch_salience": {
        "mean": 0.562815368176,
        "var": 0.0131071349606
    },
    "silence_rate_20dB": {
        "mean": 1,
        "var": 0
    },
    "silence_rate_30dB": {
        "mean": 1,
        "var": 0
    },
    "silence_rate_60dB": {
        "mean": 0.00308959838003,
        "var": 0.00308004394174
    },
    "spectral_centroid": {
        "mean": 1942.21765137,
        "var": 1114650.375
    },
    "spectral_complexity": {
        "mean": 22.2914524078,
        "var": 108.065452576
    },
    "spectral_decrease": {
        "mean": -5.84784620727e-009,
        "var": 4.31699440555e-018
    },
    "spectral_energy": {
        "mean": 0.0254586283118,
        "var": 8.19817505544e-005
    },
    "spectral_energyband_high": {
        "mean": 0.00383546738885,
        "var": 3.60873636964e-005
    },
    "spectral_energyband_low": {
        "mean": 0.00579010881484,
        "var": 4.57082023786e-005
    },
    "spectral_energyband_middle_high": {
        "mean": 0.00608211243525,
        "var": 1.94843578356e-005
    },
    "spectral_energyband_middle_low": {
        "mean": 0.0110184317455,
        "var": 5.89926967223e-005
    },
    "spectral_entropy": {
        "mean": 7.51696681976,
        "var": 0.356215178967
    },
    "spectral_flux": {
        "mean": 0.0984340384603,
        "var": 0.00141497922596
    },
    "spectral_kurtosis": {
        "mean": 3.61146426201,
        "var": 44.8104057312
    },
    "spectral_rms": {
        "mean": 0.00490425154567,
        "var": 7.85987253948e-007
    },
    "spectral_rolloff": {
        "mean": 2582.00048828,
        "var": 4497296.5
    },
    "spectral_skewness": {
        "mean": 1.03957438469,
        "var": 0.862803757191
    },
    "spectral_spread": {
        "mean": 3863034.75,
        "var": 2.15039239782e+012
    },
    "spectral_strongpeak": {
        "mean": 1.39321100712,
        "var": 2.47206449509
    },
    "zerocrossingrate": {
        "mean": 0.0826633498073,
        "var": 0.00275615300052
    },
    "barkbands": {
        "mean": [6.02221480221e-005, 0.0021372679621, 0.0024565635249, 0.00207853200845, 0.00115901837125, 0.00108999700751, 0.00199672230519, 0.00139090744779, 0.00311200320721, 0.00178200914524, 0.000565493653994, 0.000708828272764, 0.000658959441353, 0.000392981542973, 0.000229818891967, 0.000210694546695, 0.00035102647962, 0.000430654239608, 0.000468401645776, 0.000706115097273, 0.00104516674764, 0.00163300719578, 0.000623584201094, 0.000139316922287, 2.6609903216e-005, 4.32846854892e-006, 3.93626493178e-007],
        "var": [7.5414314793e-009, 1.13806545414e-005, 1.62567066582e-005, 2.1426962121e-005, 4.33382683696e-006, 3.55096040039e-006, 9.77250783762e-006, 8.31016131997e-006, 1.47143409777e-005, 6.61838839733e-006, 1.18087177725e-006, 2.4359831059e-006, 1.13077180686e-006, 4.60841562244e-007, 2.77629993661e-007, 1.40058133979e-007, 6.3128192096e-007, 2.72821324643e-007, 5.30552995315e-007, 1.24509983834e-006, 2.87374655272e-006, 8.25738061394e-006, 1.59902094765e-006, 1.07081028489e-007, 5.59878943207e-009, 2.41607400753e-010, 4.43100113892e-012]
    },
    "erbbands": {
        "mean": [0.0593330971897, 0.513778626919, 2.43379759789, 5.41884565353, 5.04971885681, 3.67393112183, 6.21175765991, 9.81817340851, 22.321062088, 34.2328300476, 39.1393623352, 71.8389816284, 40.603477478, 55.1302566528, 28.7915821075, 24.164056778, 30.5513458252, 20.9569377899, 15.047337532, 11.8431177139, 12.2735824585, 20.2672786713, 22.745141983, 23.3930549622, 26.867816925, 35.029094696, 35.8810310364, 49.0427436829, 58.6981925964, 38.5263290405, 15.1233329773, 4.33531999588, 1.78090786934, 0.501380503178, 0.104958727956, 0.0258804950863, 0.0069156428799, 0.00145746953785, 6.48031564197e-005, 3.78269069188e-005],
        "var": [0.00786023680121, 0.743507564068, 15.6944799423, 85.9276428223, 117.279670715, 42.0143280029, 117.081558228, 286.177215576, 1947.44274902, 2264.09912109, 2888.16796875, 9280.31640625, 1801.86010742, 6512.09570313, 2456.14208984, 2023.17211914, 2251.19555664, 1238.01953125, 1009.56848145, 360.28793335, 386.983886719, 1915.40466309, 993.80065918, 886.372558594, 1745.80712891, 3132.82348633, 3027.38989258, 7348.21337891, 10971.5693359, 4797.86914063, 1093.33349609, 110.704437256, 14.2282657623, 1.84736049175, 0.0635777339339, 0.00419894466177, 0.00107493659016, 4.77529902128e-005, 3.99608346413e-008, 4.32654495564e-010]
    },
    "gfcc": {
        "mean": [-9.92307758331, 105.355743408, -151.997344971, 49.1994438171, -87.7558441162, 10.7042713165, -11.1849317551, -2.18303322792, -6.4752664566, -10.8690748215, -9.14317321777, -10.7379617691, -10.0728311539],
        "cov": [[4378.98730469, -2133.11157227, -162.037063599, 890.519348145, -154.182052612, 415.63949585, -482.310058594, 157.587081909, -474.169799805, 189.659683228, -432.498260498, 189.798446655, -187.496017456], [-2133.11157227, 2526.48120117, 98.9420852661, -578.727844238, 287.043548584, -303.133331299, 471.664215088, -78.39453125, 408.365600586, -190.478164673, 418.680389404, -207.864151001, 136.361206055], [-162.037063599, 98.9420852661, 1060.27160645, 386.746643066, 107.615684509, 125.39125061, 41.2698631287, 80.7480545044, -27.025642395, 27.0078849792, -121.249282837, 31.6617889404, -70.6400985718], [890.519348145, -578.727844238, 386.746643066, 780.182678223, 148.107070923, 193.052871704, -85.1797332764, 99.6149749756, -61.5552787781, 58.2026481628, -127.611549377, -18.0752029419, -66.0829849243], [-154.182052612, 287.043548584, 107.615684509, 148.107070923, 379.592163086, 104.255210876, 39.9592857361, 24.2281455994, -27.5406532288, -45.6741828918, -7.65636062622, -30.2216281891, -26.8261108398], [415.63949585, -303.133331299, 125.39125061, 193.052871704, 104.255210876, 491.209259033, 49.5535583496, 90.2389602661, -46.9004478455, -38.1789245605, -5.39354038239, 16.8628158569, -6.27542448044], [-482.310058594, 471.664215088, 41.2698631287, -85.1797332764, 39.9592857361, 49.5535583496, 328.497711182, 15.3420553207, 112.301818848, -64.0523986816, 52.7244148254, -63.8293037415, 30.4870491028], [157.587081909, -78.39453125, 80.7480545044, 99.6149749756, 24.2281455994, 90.2389602661, 15.3420553207, 246.300308228, 16.5205020905, -0.0861279070377, 22.7504062653, -8.65830516815, 13.3908462524], [-474.169799805, 408.365600586, -27.025642395, -61.5552787781, -27.5406532288, -46.9004478455, 112.301818848, 16.5205020905, 318.44354248, 29.4092350006, 109.778091431, -50.5560035706, 50.0305671692], [189.659683228, -190.478164673, 27.0078849792, 58.2026481628, -45.6741828918, -38.1789245605, -64.0523986816, -0.0861279070377, 29.4092350006, 160.463821411, -0.0350931473076, 39.6150817871, -0.490705579519], [-432.498260498, 418.680389404, -121.249282837, -127.611549377, -7.65636062622, -5.39354038239, 52.7244148254, 22.7504062653, 109.778091431, -0.0350931473076, 258.606842041, -7.06659698486, 57.9027862549], [189.798446655, -207.864151001, 31.6617889404, -18.0752029419, -30.2216281891, 16.8628158569, -63.8293037415, -8.65830516815, -50.5560035706, 39.6150817871, -7.06659698486, 138.467590332, 16.8569374084], [-187.496017456, 136.361206055, -70.6400985718, -66.0829849243, -26.8261108398, -6.27542448044, 30.4870491028, 13.3908462524, 50.0305671692, -0.490705579519, 57.9027862549, 16.8569374084, 108.050521851]],
        "icov": [[0.000953402312007, -0.000992801040411, 0.00132222485263, -0.00169103010558, 0.00168491015211, -0.00125901098363, 0.000826287141535, -0.000847036368214, 0.00102729117498, -0.00112582172733, 0.00205716048367, -0.00187163066585, 0.00166337855626], [-0.000992801040411, 0.00411722017452, -0.00301942764781, 0.00369693315588, -0.00469879293814, 0.00332624581642, -0.00247437879443, 0.00189084024169, -0.0024430854246, 0.00297525874339, -0.00565630244091, 0.0046795271337, -0.00369550962932], [0.00132222485263, -0.00301942764781, 0.00400888500735, -0.00394943729043, 0.00379904219881, -0.00278447847813, 0.00149789324496, -0.00196159048937, 0.00200166879222, -0.00253884214908, 0.00507348449901, -0.00481277704239, 0.00400601699948], [-0.00169103010558, 0.00369693315588, -0.00394943729043, 0.00641470355913, -0.00540885934606, 0.0028148337733, -0.00176047207788, 0.00166036759038, -0.00269835186191, 0.00215177587233, -0.00517070805654, 0.00600590882823, -0.00405411235988], [0.00168491015211, -0.00469879293814, 0.00379904219881, -0.00540885934606, 0.00896079558879, -0.00447973795235, 0.00267581781372, -0.00235966546461, 0.00338219874538, -0.002917828504, 0.00659841531888, -0.00558807421476, 0.00528785400093], [-0.00125901098363, 0.00332624581642, -0.00278447847813, 0.0028148337733, -0.00447973795235, 0.00565329194069, -0.00279431324452, 0.0011013620533, -0.00187542638741, 0.00334675400518, -0.00529732974246, 0.00334052671678, -0.00341209443286], [0.000826287141535, -0.00247437879443, 0.00149789324496, -0.00176047207788, 0.00267581781372, -0.00279431324452, 0.00608186749741, -0.00120184896514, 0.000266987015493, -0.000681211997289, 0.00360329588875, -0.0014812303707, 0.00156748073641], [-0.000847036368214, 0.00189084024169, -0.00196159048937, 0.00166036759038, -0.00235966546461, 0.0011013620533, -0.00120184896514, 0.00576772866771, -0.00143823912367, 0.00159683753736, -0.00354042230174, 0.0030151901301, -0.00292056193575], [0.00102729117498, -0.0024430854246, 0.00200166879222, -0.00269835186191, 0.00338219874538, -0.00187542638741, 0.000266987015493, -0.00143823912367, 0.00655584223568, -0.00368165178224, 0.0022972500883, -0.00148060347419, 0.00130551785696], [-0.00112582172733, 0.00297525874339, -0.00253884214908, 0.00215177587233, -0.002917828504, 0.00334675400518, -0.000681211997289, 0.00159683753736, -0.00368165178224, 0.0107939159498, -0.0046840980649, 0.00124765804503, -0.00251872371882], [0.00205716048367, -0.00565630244091, 0.00507348449901, -0.00517070805654, 0.00659841531888, -0.00529732974246, 0.00360329588875, -0.00354042230174, 0.0022972500883, -0.0046840980649, 0.0138276200742, -0.00725411809981, 0.00425190664828], [-0.00187163066585, 0.0046795271337, -0.00481277704239, 0.00600590882823, -0.00558807421476, 0.00334052671678, -0.0014812303707, 0.0030151901301, -0.00148060347419, 0.00124765804503, -0.00725411809981, 0.0162494871765, -0.00773223349825], [0.00166337855626, -0.00369550962932, 0.00400601699948, -0.00405411235988, 0.00528785400093, -0.00341209443286, 0.00156748073641, -0.00292056193575, 0.00130551785696, -0.00251872371882, 0.00425190664828, -0.00773223349825, 0.0162908285856]]
    },
    "melbands": {
        "mean": [0.000557006394956, 0.00107163423672, 0.000955982075538, 0.00030181920738, 0.000209097706829, 0.00021889245545, 0.000356214120984, 0.000374712428311, 0.000389715860365, 0.000417400500737, 0.000204142343136, 0.000243595917709, 8.98518410395e-005, 7.86004093243e-005, 7.60436378187e-005, 5.24341485288e-005, 3.77833239327e-005, 2.58586387645e-005, 1.62341366376e-005, 1.48177477968e-005, 1.35964783112e-005, 1.92903735297e-005, 2.28902208619e-005, 2.07021803362e-005, 1.85670905921e-005, 1.74617143784e-005, 2.2563353923e-005, 2.27330383495e-005, 2.03367690119e-005, 2.59295393334e-005, 2.93806915579e-005, 3.44201689586e-005, 2.96165726468e-005, 1.80478091352e-005, 9.80562617769e-006, 3.98238944399e-006, 2.06348590837e-006, 1.36779965487e-006, 7.35142293706e-007, 3.070796879e-007],
        "var": [7.05802733592e-007, 2.80714311884e-006, 2.84707243736e-006, 2.9018275427e-007, 1.29539216687e-007, 1.38942780836e-007, 4.33097397945e-007, 3.08122139359e-007, 2.37558452909e-007, 2.83866171458e-007, 5.33005035663e-008, 1.33653429657e-007, 2.29844996369e-008, 3.29070175553e-008, 2.17562838856e-008, 6.57812648797e-009, 4.75862105276e-009, 2.82933521056e-009, 1.08219666561e-009, 7.75157327215e-010, 4.94386531713e-010, 2.05935246633e-009, 2.63139399159e-009, 6.41634356757e-010, 6.79527378811e-010, 8.91168361328e-010, 1.63378122142e-009, 1.40695455286e-009, 1.17522436227e-009, 1.74748704396e-009, 2.92921642497e-009, 4.03097155655e-009, 2.96977198389e-009, 1.12793463458e-009, 5.1980258986e-010, 9.72054658988e-011, 2.88387768527e-011, 9.18018785989e-012, 2.91387834001e-012, 1.01124935249e-012]
    },
    "mfcc": {
        "mean": [-629.816040039, 109.434570313, -6.48750495911, 28.0238304138, -35.4185295105, 11.1026563644, -7.59365749359, 12.9623765945, -0.947441935539, 6.48932027817, 5.76311731339, -1.32444453239, -5.69617652893],
        "cov": [[3973.58520508, -2342.01928711, -282.604705811, 227.943664551, 198.320373535, 290.442871094, -17.3114261627, 25.0649604797, -33.9511451721, -189.587646484, -109.814094543, -35.8155975342, -86.1866531372], [-2342.01928711, 2562.75512695, -77.0665588379, -201.834014893, -143.235626221, -250.945098877, 92.712387085, 28.4246997833, 2.78462982178, 128.672317505, 104.566650391, 63.3305282593, 79.2728347778], [-282.604705811, -77.0665588379, 886.010742188, 245.480117798, 120.800041199, 126.030708313, 52.2740631104, 91.6870346069, 93.4641799927, 63.9863204956, 7.98954153061, 25.8773803711, 23.6483192444], [227.943664551, -201.834014893, 245.480117798, 578.936462402, 176.333267212, 52.3374290466, -9.46738529205, -32.958065033, 54.8789901733, 67.7399749756, -27.9988231659, -0.948057174683, 28.3753948212], [198.320373535, -143.235626221, 120.800041199, 176.333267212, 426.884429932, 114.066772461, 104.930961609, 75.9323425293, 11.221121788, -1.31964600086, 2.33882761002, 4.51630973816, 7.85850381851], [290.442871094, -250.945098877, 126.030708313, 52.3374290466, 114.066772461, 346.323120117, 82.6899261475, 73.9707565308, 35.2579841614, 16.322725296, -26.8528881073, 28.9234485626, -50.0822372437], [-17.3114261627, 92.712387085, 52.2740631104, -9.46738529205, 104.930961609, 82.6899261475, 309.651550293, 141.61857605, 10.9443674088, 9.88964748383, 11.6088247299, -50.7848968506, -22.9890880585], [25.0649604797, 28.4246997833, 91.6870346069, -32.958065033, 75.9323425293, 73.9707565308, 141.61857605, 249.370315552, 58.194644928, 49.2850227356, 12.9032649994, 19.2189979553, -32.9591598511], [-33.9511451721, 2.78462982178, 93.4641799927, 54.8789901733, 11.221121788, 35.2579841614, 10.9443674088, 58.194644928, 185.900756836, 60.3345031738, -6.2627196312, 4.06482410431, 29.2875270844], [-189.587646484, 128.672317505, 63.9863204956, 67.7399749756, -1.31964600086, 16.322725296, 9.88964748383, 49.2850227356, 60.3345031738, 207.047683716, 52.3463821411, 25.6916732788, 8.10294437408], [-109.814094543, 104.566650391, 7.98954153061, -27.9988231659, 2.33882761002, -26.8528881073, 11.6088247299, 12.9032649994, -6.2627196312, 52.3463821411, 113.827972412, 44.6364784241, 13.4988117218], [-35.8155975342, 63.3305282593, 25.8773803711, -0.948057174683, 4.51630973816, 28.9234485626, -50.7848968506, 19.2189979553, 4.06482410431, 25.6916732788, 44.6364784241, 138.744232178, 36.3269500732], [-86.1866531372, 79.2728347778, 23.6483192444, 28.3753948212, 7.85850381851, -50.0822372437, -22.9890880585, -32.9591598511, 29.2875270844, 8.10294437408, 13.4988117218, 36.3269500732, 122.373260498]],
        "icov": [[0.000651733251289, 0.000565937021747, 0.000365206826245, -0.000259306834778, 7.50824028728e-006, -0.000181024239282, -6.4388361352e-005, -0.000277189392364, 3.09989336529e-005, 0.000329324888298, -7.7473509009e-005, -0.000128401938127, -6.19311467744e-005], [0.000565937021747, 0.00098125974182, 0.000290735799354, -4.92962899443e-005, 6.8086439569e-005, 0.000270418328, -0.000461657560663, -8.44145470182e-005, 9.83678000921e-006, -7.3469025665e-005, -1.53485289047e-005, -0.000520970788784, -0.000126131853904], [0.000365206826245, 0.000290735799354, 0.00163636985235, -0.000744056771509, 3.81169156753e-005, -0.000545340357348, 8.73207754921e-005, -0.000702505814843, -0.000267419003649, 0.00028246518923, -0.000400573539082, 8.44461246743e-005, -0.000408840394812], [-0.000259306834778, -4.92962899443e-005, -0.000744056771509, 0.00276643619873, -0.00113091955427, 0.000401414436055, -0.00015453195374, 0.00132332800422, -0.00041405056254, -0.00138491170947, 0.00124426081311, -0.000322272797348, 6.5127540438e-005], [7.50824028728e-006, 6.8086439569e-005, 3.81169156753e-005, -0.00113091955427, 0.00336611783132, -0.000861086067744, -0.00055192457512, -0.000985715887509, 0.000491399259772, 0.000719009956811, -0.000751323008444, 0.000287518225377, -0.000889380928129], [-0.000181024239282, 0.000270418328, -0.000545340357348, 0.000401414436055, -0.000861086067744, 0.00478160055354, -0.00168200500775, 0.000867645198014, -0.000914442236535, -0.000805620045867, 0.00210291403346, -0.00293916463852, 0.0025522755459], [-6.4388361352e-005, -0.000461657560663, 8.73207754921e-005, -0.00015453195374, -0.00055192457512, -0.00168200500775, 0.00626336783171, -0.00367234298028, 0.000969851855189, 0.000725176185369, -0.00205397093669, 0.00423869257793, -0.00150453881361], [-0.000277189392364, -8.44145470182e-005, -0.000702505814843, 0.00132332800422, -0.000985715887509, 0.000867645198014, -0.00367234298028, 0.00807669386268, -0.00234455964528, -0.00162181060296, 0.00145747722127, -0.00342028075829, 0.00311525515281], [3.09989336529e-005, 9.83678000921e-006, -0.000267419003649, -0.00041405056254, 0.000491399259772, -0.000914442236535, 0.000969851855189, -0.00234455964528, 0.00743423216045, -0.00160958233755, 0.000787076598499, 0.00148961448576, -0.00289359432645], [0.000329324888298, -7.3469025665e-005, 0.00028246518923, -0.00138491170947, 0.000719009956811, -0.000805620045867, 0.000725176185369, -0.00162181060296, -0.00160958233755, 0.00730618229136, -0.00375100970268, 0.000589472008869, 9.84424332273e-006], [-7.7473509009e-005, -1.53485289047e-005, -0.000400573539082, 0.00124426081311, -0.000751323008444, 0.00210291403346, -0.00205397093669, 0.00145747722127, 0.000787076598499, -0.00375100970268, 0.0132930306718, -0.0051037305966, 0.000768573139794], [-0.000128401938127, -0.000520970788784, 8.44461246743e-005, -0.000322272797348, 0.000287518225377, -0.00293916463852, 0.00423869257793, -0.00342028075829, 0.00148961448576, 0.000589472008869, -0.0051037305966, 0.0127301150933, -0.00465233111754], [-6.19311467744e-005, -0.000126131853904, -0.000408840394812, 6.5127540438e-005, -0.000889380928129, 0.0025522755459, -0.00150453881361, 0.00311525515281, -0.00289359432645, 9.84424332273e-006, 0.000768573139794, -0.00465233111754, 0.0119199184701]]
    },
    "spectral_contrast_coeffs": {
        "mean": [-0.646740555763, -0.713471412659, -0.722057700157, -0.771195054054, -0.760562419891, -0.643849790096],
        "var": [0.00865580979735, 0.00610756920651, 0.00568655319512, 0.00318539980799, 0.00283379410394, 0.00344740692526]
    },
    "spectral_contrast_valleys": {
        "mean": [-7.68239545822, -6.59163856506, -7.13029909134, -7.81451511383, -7.46460819244, -10.6030511856],
        "var": [1.08450424671, 0.571635305882, 0.720352768898, 0.8134521842, 1.22764825821, 1.76424145699]
    }
},
"metadata": {
    "audio_properties": {
        "analysis_sample_rate": 44100,
        "bit_rate": 128068,
        "equal_loudness": 0,
        "length": 45.0479812622,
        "lossless": 0,
        "replay_gain": -5.61648368835,
        "sample_rate": 48000,
        "codec": "mp3",
        "downmix": "mix",
        "md5_encoded": "ba92e8d5c024cd79d62bd6928194f260"
    },
    "tags": {
        "file_name": "1884.mp3"
    },
    "version": {
        "essentia": "2.1-beta2",
        "essentia_git_sha": "v2.1_beta2",
        "extractor": "music 1.0"
    }
},
"rhythm": {
    "beats_count": 83,
    "beats_loudness": {
        "mean": 0.0309593137354,
        "var": 8.17161562736e-005
    },
    "bpm": 112.062713623,
    "bpm_histogram_first_peak_bpm": {
        "mean": 112,
        "var": 0
    },
    "bpm_histogram_first_peak_spread": {
        "mean": 0.506493508816,
        "var": 0
    },
    "bpm_histogram_first_peak_weight": {
        "mean": 0.463414639235,
        "var": 0
    },
    "bpm_histogram_second_peak_bpm": {
        "mean": 101,
        "var": 0
    },
    "bpm_histogram_second_peak_spread": {
        "mean": 0.25,
        "var": 0
    },
    "bpm_histogram_second_peak_weight": {
        "mean": 0.0365853644907,
        "var": 0
    },
    "danceability": 1.81567430496,
    "onset_rate": 4.50411128998,
    "beats_loudness_band_ratio": {
        "mean": [0.431421667337, 0.0388925783336, 0.136295393109, 0.0784871056676, 0.049426484853, 0.277232527733],
        "var": [0.0699444189668, 0.00179856480099, 0.0245339088142, 0.00680391257629, 0.00212690420449, 0.0327207222581]
    },
    "beats_position": [0.603718817234, 1.19582760334, 1.78793644905, 2.38004541397, 2.93732428551, 3.48299312592, 4.01705217361, 4.55111122131, 5.08516979218, 5.61922883987, 6.15328788757, 6.6989569664, 7.24462556839, 7.80190467834, 8.34757328033, 8.893242836, 9.42730140686, 9.96135997772, 10.4954195023, 11.0294780731, 11.5635375977, 12.0975961685, 12.6316547394, 13.177324295, 13.6997728348, 14.2338323593, 14.7678909302, 15.301949501, 15.8243989944, 16.3700675964, 16.9157371521, 17.4614048004, 17.995464325, 18.5295238495, 19.0635814667, 19.5976409912, 20.1317005157, 20.6657600403, 21.2114276886, 21.7570972443, 22.2911567688, 22.825214386, 23.3592739105, 23.8933334351, 24.4157810211, 24.9382305145, 25.4606800079, 25.9831295013, 26.5055770874, 27.0512466431, 27.5853061676, 28.1309738159, 28.6766433716, 29.2339229584, 29.7679805756, 30.3136501312, 30.8477096558, 31.3817672729, 31.9042167664, 32.4266662598, 32.9491157532, 33.4831733704, 34.0056228638, 34.5280723572, 35.0737419128, 35.6194114685, 36.1650772095, 36.7339668274, 37.2680282593, 37.8136940002, 38.3593635559, 38.8934249878, 39.427482605, 39.9615402222, 40.4839897156, 40.9948310852, 41.5172767639, 42.0513381958, 42.585395813, 43.1194534302, 43.6419029236, 44.1759643555, 44.6984100342]
},
"tonal": {
    "chords_changes_rate": 0.0576131679118,
    "chords_number_rate": 0.00411522621289,
    "chords_strength": {
        "mean": 0.612125277519,
        "var": 0.00727914040908
    },
    "hpcp_entropy": {
        "mean": 2.07881426811,
        "var": 0.576874017715
    },
    "key_strength": 0.847190618515,
    "tuning_diatonic_strength": 0.748515725136,
    "tuning_equal_tempered_deviation": 0.114109449089,
    "tuning_frequency": 440,
    "tuning_nontempered_energy_ratio": 0.796356678009,
    "hpcp": {
        "mean": [0.406403958797, 0.194381162524, 0.0828938260674, 0.0825345143676, 0.127988934517, 0.217989176512, 0.229347229004, 0.138144224882, 0.077304340899, 0.0748504698277, 0.113524138927, 0.194588497281, 0.212861046195, 0.127488002181, 0.0693163797259, 0.0734402909875, 0.0888882353902, 0.112734973431, 0.128295511007, 0.196049839258, 0.403743326664, 0.423214226961, 0.191412866116, 0.0727799087763, 0.0661531835794, 0.0716558396816, 0.125782757998, 0.160662144423, 0.122611902654, 0.0846875011921, 0.0644017383456, 0.0668176859617, 0.10518053174, 0.134276822209, 0.17250430584, 0.36231815815],
        "var": [0.140155509114, 0.0420415773988, 0.0221448354423, 0.0283336304128, 0.0391544401646, 0.0697931498289, 0.0730819180608, 0.0419707000256, 0.0253821890801, 0.0214058272541, 0.0317060276866, 0.0557933263481, 0.0802550986409, 0.031720943749, 0.0126346321777, 0.0143801290542, 0.021306719631, 0.0428596101701, 0.0535575412214, 0.0587475858629, 0.103079102933, 0.117826811969, 0.0413075536489, 0.0167717933655, 0.0149708501995, 0.0169839933515, 0.0371197462082, 0.0611171126366, 0.0315164290369, 0.0246062856168, 0.0171468891203, 0.0164956711233, 0.023124685511, 0.0299596861005, 0.041407648474, 0.118161387742]
    },
    "chords_histogram": [63.2716064453, 0, 5.65843629837, 1.33744859695, 0.205761313438, 0, 0, 0, 0, 0, 28.0864200592, 0, 0.411522626877, 0, 0, 0, 0, 0.925925910473, 0, 0, 0, 0, 0.102880656719, 0],
    "thpcp": [1, 0.452283620834, 0.171969428658, 0.156311348081, 0.169313400984, 0.297208249569, 0.379623681307, 0.289715915918, 0.200105518103, 0.152172908187, 0.157881468534, 0.248527869582, 0.317278623581, 0.407605171204, 0.85611051321, 0.960279524326, 0.459297329187, 0.195867300034, 0.195018291473, 0.302421152592, 0.515079975128, 0.541917562485, 0.326416790485, 0.182660073042, 0.176861897111, 0.268242716789, 0.459787219763, 0.502962887287, 0.301237523556, 0.163785561919, 0.173529818654, 0.210031300783, 0.266378045082, 0.303145557642, 0.463240176439, 0.953992784023],
    "chords_key": "A",
    "chords_scale": "major",
    "key_key": "A",
    "key_scale": "major"
}
}