{
"lowlevel": {
    "average_loudness": 0.791720449924,
    "barkbands_crest": {
        "mean": 14.171880722,
        "var": 19.2204551697
    },
    "barkbands_flatness_db": {
        "mean": 0.352026849985,
        "var": 0.00490846624598
    },
    "barkbands_kurtosis": {
        "mean": 32.3867149353,
        "var": 1943.08129883
    },
    "barkbands_skewness": {
        "mean": 2.96718358994,
        "var": 4.50637626648
    },
    "barkbands_spread": {
        "mean": 4.29092168808,
        "var": 45.8852844238
    },
    "dissonance": {
        "mean": 0.379696756601,
        "var": 0.00521194236353
    },
    "dynamic_complexity": 3.21208930016,
    "erbbands_crest": {
        "mean": 13.9074811935,
        "var": 27.0521621704
    },
    "erbbands_flatness_db": {
        "mean": 0.262746423483,
        "var": 0.0021732961759
    },
    "erbbands_kurtosis": {
        "mean": 14.7186660767,
        "var": 381.828308105
    },
    "erbbands_skewness": {
        "mean": 2.35878205299,
        "var": 3.73909950256
    },
    "erbbands_spread": {
        "mean": 18.708814621,
        "var": 278.022521973
    },
    "hfc": {
        "mean": 7.57110834122,
        "var": 169.865768433
    },
    "melbands_crest": {
        "mean": 19.7281494141,
        "var": 25.000082016
    },
    "melbands_flatness_db": {
        "mean": 0.47603777051,
        "var": 0.00683547975495
    },
    "melbands_kurtosis": {
        "mean": 38.533241272,
        "var": 2218.15136719
    },
    "melbands_skewness": {
        "mean": 3.25290727615,
        "var": 3.82455229759
    },
    "melbands_spread": {
        "mean": 4.0611448288,
        "var": 54.6950874329
    },
    "pitch_salience": {
        "mean": 0.426145344973,
        "var": 0.0157474074513
    },
    "silence_rate_20dB": {
        "mean": 1,
        "var": 0
    },
    "silence_rate_30dB": {
        "mean": 0.974768280983,
        "var": 0.0245952960104
    },
    "silence_rate_60dB": {
        "mean": 0.0133882593364,
        "var": 0.0132090561092
    },
    "spectral_centroid": {
        "mean": 372.042724609,
        "var": 186010.8125
    },
    "spectral_complexity": {
        "mean": 5.8043255806,
        "var": 12.9595880508
    },
    "spectral_decrease": {
        "mean": -7.80582176674e-009,
        "var": 4.27583853048e-017
    },
    "spectral_energy": {
        "mean": 0.0301476102322,
        "var": 0.000648043991532
    },
    "spectral_energyband_high": {
        "mean": 2.04060033866e-005,
        "var": 1.48281680268e-008
    },
    "spectral_energyband_low": {
        "mean": 0.0184983219951,
        "var": 0.000251839199336
    },
    "spectral_energyband_middle_high": {
        "mean": 0.00113966385834,
        "var": 1.59143837664e-005
    },
    "spectral_energyband_middle_low": {
        "mean": 0.0136189321056,
        "var": 0.000213961175177
    },
    "spectral_entropy": {
        "mean": 5.51079750061,
        "var": 0.32000169158
    },
    "spectral_flux": {
        "mean": 0.0430331714451,
        "var": 0.00118750298861
    },
    "spectral_kurtosis": {
        "mean": 27.6862640381,
        "var": 485.170013428
    },
    "spectral_rms": {
        "mean": 0.00504063488916,
        "var": 4.00429507863e-006
    },
    "spectral_rolloff": {
        "mean": 327.864349365,
        "var": 338706.125
    },
    "spectral_skewness": {
        "mean": 4.04153776169,
        "var": 2.77973628044
    },
    "spectral_spread": {
        "mean": 2548810.5,
        "var": 1.63075024486e+012
    },
    "spectral_strongpeak": {
        "mean": 0.668159246445,
        "var": 0.431989789009
    },
    "zerocrossingrate": {
        "mean": 0.0136409485713,
        "var": 0.000234283535974
    },
    "barkbands": {
        "mean": [3.56435739377e-005, 0.0051993727684, 0.0101428264752, 0.00410551065579, 0.00643161917105, 0.00197009020485, 0.000287087343168, 0.000574219448026, 0.000231855708989, 6.99939919286e-005, 6.23363594059e-005, 7.58032692829e-005, 6.16264660493e-005, 6.42158265691e-005, 9.08626971068e-005, 0.000300332176266, 7.45450815884e-005, 0.000175954235601, 0.000153058164869, 2.35565203184e-005, 1.45919648276e-005, 1.07883226974e-006, 4.61174920474e-007, 3.64612674275e-007, 3.51839560153e-007, 3.01858591456e-007, 4.02968112212e-008],
        "var": [4.29060964535e-009, 3.68884684576e-005, 0.000151208383613, 2.66555161943e-005, 0.000110165805381, 2.45557312155e-005, 3.89545391499e-007, 7.01824183125e-006, 8.68965685186e-007, 5.69200970801e-008, 7.42227754813e-008, 1.19532927556e-007, 1.659911959e-007, 9.31336430199e-008, 2.02863958521e-007, 2.6065140446e-006, 1.64633874533e-007, 7.07155209057e-007, 7.29155431145e-007, 3.11487085014e-008, 1.05474597945e-008, 2.63931532879e-011, 2.18542436752e-012, 1.95172372187e-012, 1.1146798545e-012, 4.86433674373e-014, 4.4229731165e-016]
    },
    "erbbands": {
        "mean": [0.110780641437, 1.45265328884, 9.30439186096, 16.0235671997, 14.020195961, 24.7011547089, 21.4269638062, 12.5576839447, 5.41119909286, 5.43765115738, 13.4436540604, 6.68701457977, 2.27631783485, 2.46392536163, 3.7595705986, 2.76114082336, 2.86833715439, 3.20601391792, 4.97192525864, 11.213142395, 10.3118038177, 4.63756370544, 6.25573253632, 7.98774051666, 8.40639400482, 1.2752802372, 0.907062888145, 0.206669136882, 0.0425187386572, 0.0319334678352, 0.0113462042063, 0.00792992115021, 0.00600594468415, 0.00432921992615, 0.00230991910212, 0.00121307116933, 0.000569744850509, 0.00014721028856, 1.77027213795e-005, 3.33409370796e-005],
        "var": [0.0274560023099, 2.26705789566, 109.582138062, 332.102081299, 738.78326416, 1760.33898926, 3125.70898438, 772.600708008, 125.572242737, 453.545318604, 4350.73583984, 802.31640625, 42.2887077332, 102.079559326, 413.406219482, 123.164161682, 266.949584961, 256.725738525, 500.429626465, 4152.14794922, 2550.81005859, 493.762451172, 738.077087402, 1530.53479004, 2839.54199219, 69.7364883423, 39.4309577942, 1.66126680374, 0.038667537272, 0.0248278975487, 0.0010116918711, 0.000584043737035, 0.000661466096062, 0.000227767581237, 3.94233247789e-005, 2.25083090299e-006, 1.1931203403e-007, 3.88462639833e-009, 1.53159498972e-010, 8.11389233579e-010]
    },
    "gfcc": {
        "mean": [-152.426651001, 161.841918945, -39.8563804626, 31.7666683197, -28.5174808502, -5.79757356644, -38.6508522034, -2.22499895096, -21.8167285919, -8.67768287659, -19.912355423, -7.3301782608, -11.3014287949],
        "cov": [[4163.02832031, 796.264465332, -2346.42089844, -125.826553345, 627.743774414, -546.179382324, 151.877990723, 264.163024902, 75.0877227783, 15.8762645721, 212.794448853, -31.7383975983, 138.963821411], [796.264465332, 579.635498047, -149.208755493, -310.632232666, 116.401580811, -33.0625457764, 46.4419288635, 19.7357845306, 97.5370407104, 33.2050132751, 93.6996765137, 4.35433864594, 69.3161087036], [-2346.42089844, -149.208755493, 2163.3515625, 36.5539550781, -564.010009766, 435.512969971, -32.2771148682, -255.689651489, 27.6932239532, 12.7240724564, -121.99533844, -1.7794560194, -38.1055908203], [-125.826553345, -310.632232666, 36.5539550781, 446.613952637, 100.161247253, -54.5109367371, 67.8415374756, 55.6968460083, -32.9840240479, -13.5070362091, -42.2431526184, -42.2321662903, -14.0694913864], [627.743774414, 116.401580811, -564.010009766, 100.161247253, 518.857177734, -0.02157965675, 8.79433631897, 143.711029053, 71.9312133789, 0.0761733353138, 50.4935646057, -19.7210426331, 7.59556102753], [-546.179382324, -33.0625457764, 435.512969971, -54.5109367371, -0.02157965675, 374.207702637, -7.08289527893, -76.7832717896, 98.2339553833, 85.6736831665, -17.5664577484, 15.6418180466, -15.8362064362], [151.877990723, 46.4419288635, -32.2771148682, 67.8415374756, 8.79433631897, -7.08289527893, 171.242935181, 50.2094116211, -8.12997722626, 22.5147190094, 14.8832578659, -23.9169979095, 21.4390239716], [264.163024902, 19.7357845306, -255.689651489, 55.6968460083, 143.711029053, -76.7832717896, 50.2094116211, 176.773071289, 15.8567476273, -45.374042511, 17.668050766, 14.8790750504, 7.68082666397], [75.0877227783, 97.5370407104, 27.6932239532, -32.9840240479, 71.9312133789, 98.2339553833, -8.12997722626, 15.8567476273, 158.667861938, 78.8118057251, -8.90164279938, 5.83326673508, 45.0809936523], [15.8762645721, 33.2050132751, 12.7240724564, -13.5070362091, 0.0761733353138, 85.6736831665, 22.5147190094, -45.374042511, 78.8118057251, 168.297515869, 41.3337135315, -14.4456958771, 27.9042377472], [212.794448853, 93.6996765137, -121.99533844, -42.2431526184, 50.4935646057, -17.5664577484, 14.8832578659, 17.668050766, -8.90164279938, 41.3337135315, 106.085014343, 30.3366394043, -8.92624950409], [-31.7383975983, 4.35433864594, -1.7794560194, -42.2321662903, -19.7210426331, 15.6418180466, -23.9169979095, 14.8790750504, 5.83326673508, -14.4456958771, 30.3366394043, 93.9122467041, 18.9777317047], [138.963821411, 69.3161087036, -38.1055908203, -14.0694913864, 7.59556102753, -15.8362064362, 21.4390239716, 7.68082666397, 45.0809936523, 27.9042377472, -8.92624950409, 18.9777317047, 110.101394653]],
        "icov": [[0.00281556788832, -0.00761789642274, 0.00432649021968, -0.00634237425402, 0.00421917252243, -0.00310873612761, 0.00272532692179, -0.000542958499864, 0.000954504299443, 0.00107210804708, 0.000142863267683, 0.000796115025878, -8.99606893654e-005], [-0.00761789642274, 0.0310460049659, -0.0135963754728, 0.0258851181716, -0.0165292713791, 0.0140889491886, -0.014356860891, 0.00605038087815, -0.0109749678522, 0.00184189039283, -0.00845739338547, 0.00116848340258, -0.00264843250625], [0.00432649021968, -0.0135963754728, 0.00824634358287, -0.0121707748622, 0.00912030879408, -0.00758387660608, 0.00581341609359, -0.00128251966089, 0.00208564056084, 0.00248878845014, 0.000458810478449, 0.00176637934055, -0.000116586496006], [-0.00634237425402, 0.0258851181716, -0.0121707748622, 0.0252379439771, -0.0159386750311, 0.0134983835742, -0.0134548842907, 0.00438247621059, -0.00708602461964, -0.00125384062994, -0.00314394803718, -0.000501854869071, -0.000872530392371], [0.00421917252243, -0.0165292713791, 0.00912030879408, -0.0159386750311, 0.0147602902725, -0.010846812278, 0.00960363075137, -0.00527589581907, 0.00261862273328, 0.00328144035302, -0.00135207059793, 0.00429215095937, -0.000632839335594], [-0.00310873612761, 0.0140889491886, -0.00758387660608, 0.0134983835742, -0.010846812278, 0.0138512095436, -0.00917848199606, 0.0054186033085, -0.00691987806931, -0.00277244159952, 0.000184652541066, -0.00413323380053, 0.00256708916277], [0.00272532692179, -0.014356860891, 0.00581341609359, -0.0134548842907, 0.00960363075137, -0.00917848199606, 0.0165791492909, -0.00815194565803, 0.00854275003076, -0.00253658741713, 0.00199785968289, 0.00355493673123, -0.00205655489117], [-0.000542958499864, 0.00605038087815, -0.00128251966089, 0.00438247621059, -0.00527589581907, 0.0054186033085, -0.00815194565803, 0.0145497340709, -0.00872942525893, 0.00646573118865, -0.00446519581601, -0.00205866852775, 0.000636425393168], [0.000954504299443, -0.0109749678522, 0.00208564056084, -0.00708602461964, 0.00261862273328, -0.00691987806931, 0.00854275003076, -0.00872942525893, 0.0226715132594, -0.012754204683, 0.0133147323504, -0.00454438244924, -0.000896996236406], [0.00107210804708, 0.00184189039283, 0.00248878845014, -0.00125384062994, 0.00328144035302, -0.00277244159952, -0.00253658741713, 0.00646573118865, -0.012754204683, 0.0203555263579, -0.0163214877248, 0.00950584001839, -0.00529232854024], [0.000142863267683, -0.00845739338547, 0.000458810478449, -0.00314394803718, -0.00135207059793, 0.000184652541066, 0.00199785968289, -0.00446519581601, 0.0133147323504, -0.0163214877248, 0.0293987840414, -0.0146216684952, 0.00853206962347], [0.000796115025878, 0.00116848340258, 0.00176637934055, -0.000501854869071, 0.00429215095937, -0.00413323380053, 0.00355493673123, -0.00205866852775, -0.00454438244924, 0.00950584001839, -0.0146216684952, 0.0215944163501, -0.00808848626912], [-8.99606893654e-005, -0.00264843250625, -0.000116586496006, -0.000872530392371, -0.000632839335594, 0.00256708916277, -0.00205655489117, 0.000636425393168, -0.000896996236406, -0.00529232854024, 0.00853206962347, -0.00808848626912, 0.0152750108391]]
    },
    "melbands": {
        "mean": [0.0012329822639, 0.00392598612234, 0.00259024836123, 0.0014667151263, 0.000823378039058, 0.000296176905977, 7.49021128286e-005, 6.35767792119e-005, 0.000111191620817, 3.41356062563e-005, 9.73586429609e-006, 9.51687707129e-006, 1.08546091724e-005, 8.55947291711e-006, 6.03636999585e-006, 7.30627607481e-006, 5.49996184418e-006, 6.9905095188e-006, 9.21849823499e-006, 2.44547009061e-005, 8.47653154779e-006, 4.87159741169e-006, 3.5934308471e-006, 9.01850489754e-006, 5.93721324549e-006, 6.91037257639e-006, 3.50554455508e-006, 2.6361772143e-007, 5.0749821412e-007, 3.9607343183e-007, 5.07037754005e-008, 1.97977332306e-008, 2.30839916071e-008, 1.45750380653e-008, 6.18075990388e-009, 5.40412514738e-009, 4.42460423855e-009, 3.883335431e-009, 4.39560876586e-009, 3.37074368417e-009],
        "var": [2.74849367088e-006, 1.59779119713e-005, 7.27781662135e-006, 7.1649419624e-006, 2.76853688774e-006, 4.17847758172e-007, 2.57487116073e-008, 8.23898318458e-008, 2.95775890891e-007, 2.37111486001e-008, 9.36213773173e-010, 1.76713543798e-009, 2.82283885156e-009, 1.97827643156e-009, 8.74422312336e-010, 2.9166893345e-009, 8.0262885227e-010, 1.07675457439e-009, 1.74065573066e-009, 1.95437550587e-008, 1.5877881232e-009, 7.52479911714e-010, 4.31880919916e-010, 2.25457030822e-009, 8.92199147895e-010, 1.71221470335e-009, 6.19397810819e-010, 4.92103189795e-012, 1.20336900167e-011, 7.74661151198e-012, 7.44336707613e-014, 8.44786785285e-015, 1.75473479876e-014, 5.03161626405e-015, 3.36788055474e-016, 2.29568745656e-016, 2.01832665033e-016, 2.00060447114e-016, 5.46179020488e-016, 9.40874403992e-017]
    },
    "mfcc": {
        "mean": [-829.507385254, 201.836990356, 48.6824226379, 49.0056724548, 28.4164352417, 6.54549026489, -1.53124499321, 1.57146000862, -1.04780054092, -1.82118940353, -1.93011724949, -9.38043403625, -7.28199958801],
        "cov": [[4670.42919922, 566.462097168, -2743.55957031, 323.931976318, 28.1977462769, -468.839782715, 114.731895447, -3.74666309357, -7.07029008865, 156.587341309, 30.2548885345, 34.8225479126, 191.50402832], [566.462097168, 829.839416504, -101.285202026, -259.816345215, 24.551525116, -40.3334312439, -21.6034049988, -13.6772575378, 2.47906970978, 33.8061180115, 39.0937271118, 33.8000068665, 17.0887794495], [-2743.55957031, -101.285202026, 2185.5925293, -240.902832031, -197.754653931, 359.099945068, -105.532318115, -45.1276016235, 17.4506664276, -76.9021453857, -14.1992578506, -32.5851898193, -125.647277832], [323.931976318, -259.816345215, -240.902832031, 482.564300537, 25.5535087585, -128.427215576, 109.226715088, 45.7358551025, 29.7919826508, 52.3855743408, -42.080871582, -57.1851654053, 43.4842529297], [28.1977462769, 24.551525116, -197.754653931, 25.5535087585, 352.752441406, 74.517616272, -1.76705610752, 78.499710083, 48.024848938, 42.2938575745, 56.3434448242, 21.4485054016, -1.53795301914], [-468.839782715, -40.3334312439, 359.099945068, -128.427215576, 74.517616272, 323.538421631, -9.13936424255, -56.6764411926, 62.6659736633, 57.5622406006, 72.3849945068, 48.4183616638, -38.2432670593], [114.731895447, -21.6034049988, -105.532318115, 109.226715088, -1.76705610752, -9.13936424255, 171.188858032, 51.93151474, -13.7162914276, 30.572101593, 13.3025512695, 12.2738361359, 27.6270275116], [-3.74666309357, -13.6772575378, -45.1276016235, 45.7358551025, 78.499710083, -56.6764411926, 51.93151474, 182.789642334, 35.3008155823, -41.0686378479, 1.68861567974, 6.49888086319, 14.8559494019], [-7.07029008865, 2.47906970978, 17.4506664276, 29.7919826508, 48.024848938, 62.6659736633, -13.7162914276, 35.3008155823, 159.264221191, 75.6524200439, -18.9386119843, -11.6979951859, 19.4967041016], [156.587341309, 33.8061180115, -76.9021453857, 52.3855743408, 42.2938575745, 57.5622406006, 30.572101593, -41.0686378479, 75.6524200439, 172.756500244, 38.0161437988, -35.5731887817, 14.4274110794], [30.2548885345, 39.0937271118, -14.1992578506, -42.080871582, 56.3434448242, 72.3849945068, 13.3025512695, 1.68861567974, -18.9386119843, 38.0161437988, 149.588531494, 68.8270874023, -56.9265480042], [34.8225479126, 33.8000068665, -32.5851898193, -57.1851654053, 21.4485054016, 48.4183616638, 12.2738361359, 6.49888086319, -11.6979951859, -35.5731887817, 68.8270874023, 145.101470947, -0.520010054111], [191.50402832, 17.0887794495, -125.647277832, 43.4842529297, -1.53795301914, -38.2432670593, 27.6270275116, 14.8559494019, 19.4967041016, 14.4274110794, -56.9265480042, -0.520010054111, 133.13218689]],
        "icov": [[0.00164714141283, -0.00137339904904, 0.00228079175577, -0.00143729476258, 0.001918203081, -0.00155913562048, 0.00157528195996, -0.00118064833805, 0.000861762324348, -0.000615468306933, -9.91312699625e-005, -8.72130476637e-006, -0.000293814809993], [-0.00137339904904, 0.00296657299623, -0.00201260461472, 0.00275140558369, -0.00214217300527, 0.00285472115502, -0.00219015893526, 0.00180178205483, -0.00159227533732, 0.000154410707182, -0.000598126498517, -6.7925589974e-005, -0.000194192514755], [0.00228079175577, -0.00201260461472, 0.00397303514183, -0.00217850808986, 0.00349634536542, -0.00373290129937, 0.00290959398262, -0.00262216827832, 0.00180573458783, -0.000831095501781, 0.000437216251157, 0.00029006585828, 0.000109357075416], [-0.00143729476258, 0.00275140558369, -0.00217850808986, 0.00578664988279, -0.00291731348261, 0.00454996386543, -0.00470950407907, 0.00290874415077, -0.00315139605664, 0.000513104663696, -0.000752741529141, 0.000904400134459, -0.000218185887206], [0.001918203081, -0.00214217300527, 0.00349634536542, -0.00291731348261, 0.00729061476886, -0.00525280227885, 0.00475195329636, -0.00583213986829, 0.00313576543704, -0.00266734627075, 0.000361068232451, -0.000363965664292, -8.81973573996e-006], [-0.00155913562048, 0.00285472115502, -0.00373290129937, 0.00454996386543, -0.00525280227885, 0.0114167053252, -0.00612229900435, 0.00763027090579, -0.00719533255324, 0.00222659180872, -0.00410831719637, -0.000280013424344, -0.000440319534391], [0.00157528195996, -0.00219015893526, 0.00290959398262, -0.00470950407907, 0.00475195329636, -0.00612229900435, 0.0138056324795, -0.0092817414552, 0.00854667369276, -0.00726024340838, 0.00364248547703, -0.00330129312351, -0.000153755565407], [-0.00118064833805, 0.00180178205483, -0.00262216827832, 0.00290874415077, -0.00583213986829, 0.00763027090579, -0.0092817414552, 0.0164968296885, -0.0114921759814, 0.010859801434, -0.0075508961454, 0.0040921382606, -0.00245465966873], [0.000861762324348, -0.00159227533732, 0.00180573458783, -0.00315139605664, 0.00313576543704, -0.00719533255324, 0.00854667369276, -0.0114921759814, 0.0186541844159, -0.0130700515583, 0.0102589856833, -0.00550176063552, 0.00222619390115], [-0.000615468306933, 0.000154410707182, -0.000831095501781, 0.000513104663696, -0.00266734627075, 0.00222659180872, -0.00726024340838, 0.010859801434, -0.0130700515583, 0.0205184370279, -0.0126651190221, 0.00987305492163, -0.00486934930086], [-9.91312699625e-005, -0.000598126498517, 0.000437216251157, -0.000752741529141, 0.000361068232451, -0.00410831719637, 0.00364248547703, -0.0075508961454, 0.0102589856833, -0.0126651190221, 0.0211714860052, -0.0109770391136, 0.00866865646094], [-8.72130476637e-006, -6.7925589974e-005, 0.00029006585828, 0.000904400134459, -0.000363965664292, -0.000280013424344, -0.00330129312351, 0.0040921382606, -0.00550176063552, 0.00987305492163, -0.0109770391136, 0.0147411301732, -0.0047569423914], [-0.000293814809993, -0.000194192514755, 0.000109357075416, -0.000218185887206, -8.81973573996e-006, -0.000440319534391, -0.000153755565407, -0.00245465966873, 0.00222619390115, -0.00486934930086, 0.00866865646094, -0.0047569423914, 0.0122023550794]]
    },
    "spectral_contrast_coeffs": {
        "mean": [-0.557099223137, -0.687641739845, -0.767989456654, -0.774552464485, -0.798168718815, -0.832761704922],
        "var": [0.0115643562749, 0.00861077476293, 0.00741437124088, 0.011994516477, 0.0106710102409, 0.00184814853128]
    },
    "spectral_contrast_valleys": {
        "mean": [-7.24057865143, -7.88292312622, -9.33418941498, -10.0384645462, -10.136551857, -12.2456388474],
        "var": [0.981583178043, 0.524386763573, 0.444299578667, 0.466992974281, 0.526926457882, 0.197117984295]
    }
},
"metadata": {
    "audio_properties": {
        "analysis_sample_rate": 44100,
        "bit_rate": 128074,
        "equal_loudness": 0,
        "length": 45.0612258911,
        "lossless": 0,
        "replay_gain": -5.92112541199,
        "sample_rate": 44100,
        "codec": "mp3",
        "downmix": "mix",
        "md5_encoded": "dd2a292046be0888274d16f091ba5339"
    },
    "tags": {
        "file_name": "1886.mp3"
    },
    "version": {
        "essentia": "2.1-beta2",
        "essentia_git_sha": "v2.1_beta2",
        "extractor": "music 1.0"
    }
},
"rhythm": {
    "beats_count": 51,
    "beats_loudness": {
        "mean": 0.0557725764811,
        "var": 0.00146760663483
    },
    "bpm": 68.8598098755,
    "bpm_histogram_first_peak_bpm": {
        "mean": 70,
        "var": 0
    },
    "bpm_histogram_first_peak_spread": {
        "mean": 0.375000029802,
        "var": 0
    },
    "bpm_histogram_first_peak_weight": {
        "mean": 0.599999964237,
        "var": 0
    },
    "bpm_histogram_second_peak_bpm": {
        "mean": 75,
        "var": 0
    },
    "bpm_histogram_second_peak_spread": {
        "mean": 0.5,
        "var": 0
    },
    "bpm_histogram_second_peak_weight": {
        "mean": 0.019999999553,
        "var": 0
    },
    "danceability": 0.938091695309,
    "onset_rate": 3.4160323143,
    "beats_loudness_band_ratio": {
        "mean": [0.674115180969, 0.218280792236, 0.0613082572818, 0.02101328969, 0.0524275265634, 0.0145952664316],
        "var": [0.0778838247061, 0.0357482768595, 0.00659471051767, 0.00146109052002, 0.00853716302663, 0.000724577461369]
    },
    "beats_position": [0.882358253002, 1.764716506, 2.6470746994, 3.52943301201, 4.40018129349, 5.2941493988, 6.1648979187, 7.02403593063, 7.91800451279, 8.77714252472, 9.64789104462, 10.5186395645, 11.3893871307, 12.2485256195, 13.1192741394, 13.9900226593, 14.8607711792, 15.7199087143, 16.5906581879, 17.4614048004, 18.3205432892, 19.179681778, 20.062040329, 20.9211788177, 21.8035373688, 22.6626758575, 23.5450344086, 24.4157810211, 25.286529541, 26.1456680298, 27.0048065186, 27.8639450073, 28.7230834961, 29.5706119537, 30.4297504425, 31.2888889313, 32.1596374512, 33.0419960022, 33.901134491, 34.783493042, 35.6658477783, 36.5249862671, 37.4073448181, 38.3013153076, 39.1952819824, 40.0892524719, 40.9716110229, 41.7843093872, 42.585395813, 43.3980941772, 44.1759643555]
},
"tonal": {
    "chords_changes_rate": 0.0524691343307,
    "chords_number_rate": 0.0144032919779,
    "chords_strength": {
        "mean": 0.468673974276,
        "var": 0.0062493737787
    },
    "hpcp_entropy": {
        "mean": 1.72573316097,
        "var": 0.433001190424
    },
    "key_strength": 0.708141088486,
    "tuning_diatonic_strength": 0.61305129528,
    "tuning_equal_tempered_deviation": 0.155160948634,
    "tuning_frequency": 438.984558105,
    "tuning_nontempered_energy_ratio": 0.791954398155,
    "hpcp": {
        "mean": [0.259284049273, 0.139475286007, 0.0329266749322, 0.0219455156475, 0.0245492756367, 0.0364202223718, 0.0833970159292, 0.0870113521814, 0.173856750131, 0.286953926086, 0.158896684647, 0.0216034203768, 0.00745265558362, 0.00775672262534, 0.0396580062807, 0.183449149132, 0.207685664296, 0.0660325288773, 0.013374553062, 0.0178536418825, 0.0417011231184, 0.062379758805, 0.0505152530968, 0.0267819259316, 0.0163881443441, 0.0182111617178, 0.0185130704194, 0.0161721836776, 0.0174334328622, 0.133146971464, 0.219087556005, 0.10559874773, 0.0163334924728, 0.0180597547442, 0.0381315983832, 0.170333072543],
        "var": [0.172871932387, 0.0533872060478, 0.0128321964294, 0.013038595207, 0.0152756366879, 0.0162199307233, 0.0579530149698, 0.0516892038286, 0.0634383112192, 0.187774389982, 0.0640720427036, 0.00778854964301, 0.00262464862317, 0.00366096850485, 0.00994937308133, 0.102199688554, 0.118506796658, 0.0199823789299, 0.00513789476827, 0.00632640114054, 0.0216607097536, 0.0279250182211, 0.0165659766644, 0.00825294852257, 0.00586683023721, 0.00928643997759, 0.00864533614367, 0.00833771750331, 0.00265471939929, 0.0504103600979, 0.136859148741, 0.0319757200778, 0.0069449422881, 0.00916799996048, 0.0190741866827, 0.0809296667576]
    },
    "chords_histogram": [7.71604919434, 7.09876537323, 11.5226335526, 4.01234579086, 3.29218101501, 0, 5.55555534363, 0, 3.18930029869, 3.70370364189, 0.411522626877, 0, 0, 0, 0, 8.74485588074, 2.46913576126, 4.62962961197, 0, 10.8024692535, 0.617283940315, 4.21810722351, 0.823045253754, 21.1934146881],
    "thpcp": [1, 0.553735852242, 0.0752853304148, 0.0259716100991, 0.0270312484354, 0.138203397393, 0.639298260212, 0.723759591579, 0.230115443468, 0.0466087125242, 0.062217798084, 0.14532341063, 0.217385977507, 0.176039591432, 0.0933317989111, 0.0571107156575, 0.0634637102485, 0.0645158290863, 0.0563581213355, 0.0607534199953, 0.464001208544, 0.763493835926, 0.367998957634, 0.056920260191, 0.0629360750318, 0.132884040475, 0.593590319157, 0.903573811054, 0.486054629087, 0.114745512605, 0.0764774903655, 0.085551276803, 0.126920104027, 0.290628582239, 0.303224116564, 0.605869889259],
    "chords_key": "A",
    "chords_scale": "minor",
    "key_key": "C",
    "key_scale": "major"
}
}