{
"lowlevel": {
    "average_loudness": 0.959901034832,
    "barkbands_crest": {
        "mean": 10.5560436249,
        "var": 17.5112228394
    },
    "barkbands_flatness_db": {
        "mean": 0.168078184128,
        "var": 0.00790666136891
    },
    "barkbands_kurtosis": {
        "mean": 11.4063568115,
        "var": 371.988555908
    },
    "barkbands_skewness": {
        "mean": 2.47135567665,
        "var": 2.47860956192
    },
    "barkbands_spread": {
        "mean": 19.5274448395,
        "var": 171.982147217
    },
    "dissonance": {
        "mean": 0.470970481634,
        "var": 0.000480045506265
    },
    "dynamic_complexity": 2.14027142525,
    "erbbands_crest": {
        "mean": 7.00992202759,
        "var": 10.5045032501
    },
    "erbbands_flatness_db": {
        "mean": 0.145700886846,
        "var": 0.00281187123619
    },
    "erbbands_kurtosis": {
        "mean": 0.687418878078,
        "var": 23.7427997589
    },
    "erbbands_skewness": {
        "mean": 0.283915370703,
        "var": 1.15393209457
    },
    "erbbands_spread": {
        "mean": 49.2295608521,
        "var": 385.844421387
    },
    "hfc": {
        "mean": 18.9373168945,
        "var": 235.979705811
    },
    "melbands_crest": {
        "mean": 16.8572025299,
        "var": 32.5613822937
    },
    "melbands_flatness_db": {
        "mean": 0.251418143511,
        "var": 0.0114761376753
    },
    "melbands_kurtosis": {
        "mean": 33.1817550659,
        "var": 2310.55664063
    },
    "melbands_skewness": {
        "mean": 4.12543916702,
        "var": 4.50675153732
    },
    "melbands_spread": {
        "mean": 15.5962266922,
        "var": 156.988433838
    },
    "pitch_salience": {
        "mean": 0.531680166721,
        "var": 0.0183425974101
    },
    "silence_rate_20dB": {
        "mean": 1,
        "var": 0
    },
    "silence_rate_30dB": {
        "mean": 0.994335711002,
        "var": 0.00563222309574
    },
    "silence_rate_60dB": {
        "mean": 0.00205973233096,
        "var": 0.00205551530235
    },
    "spectral_centroid": {
        "mean": 1235.39331055,
        "var": 463175.5
    },
    "spectral_complexity": {
        "mean": 22.3630275726,
        "var": 184.052978516
    },
    "spectral_decrease": {
        "mean": -9.3378851318e-009,
        "var": 4.26767988266e-017
    },
    "spectral_energy": {
        "mean": 0.0369609668851,
        "var": 0.000641364313196
    },
    "spectral_energyband_high": {
        "mean": 0.000891605042852,
        "var": 1.1270755067e-006
    },
    "spectral_energyband_low": {
        "mean": 0.0217437781394,
        "var": 0.000502403185237
    },
    "spectral_energyband_middle_high": {
        "mean": 0.0038173829671,
        "var": 1.44455361806e-005
    },
    "spectral_energyband_middle_low": {
        "mean": 0.012417351827,
        "var": 0.000133277775603
    },
    "spectral_entropy": {
        "mean": 7.43481683731,
        "var": 0.461063802242
    },
    "spectral_flux": {
        "mean": 0.0897020474076,
        "var": 0.00370343169197
    },
    "spectral_kurtosis": {
        "mean": 5.69411754608,
        "var": 56.0350646973
    },
    "spectral_rms": {
        "mean": 0.00573218846694,
        "var": 3.20146841659e-006
    },
    "spectral_rolloff": {
        "mean": 935.650512695,
        "var": 996373.625
    },
    "spectral_skewness": {
        "mean": 1.55537545681,
        "var": 0.722972333431
    },
    "spectral_spread": {
        "mean": 4328032,
        "var": 3.2095165481e+012
    },
    "spectral_strongpeak": {
        "mean": 0.512321233749,
        "var": 0.137298539281
    },
    "zerocrossingrate": {
        "mean": 0.0442181155086,
        "var": 0.000796713749878
    },
    "barkbands": {
        "mean": [0.00074329727795, 0.0119251152501, 0.00727267935872, 0.00330626079813, 0.00466639176011, 0.0015251544537, 0.00112982979044, 0.000947469321545, 0.000587547314353, 0.000420496566221, 0.000169069913682, 0.000397234456614, 0.000276101200143, 0.000526534451637, 0.000295979058137, 0.000412487890571, 0.000345086766174, 0.000378457421903, 0.000599856371991, 0.000328505440848, 0.000236760490225, 0.000160443232744, 0.000132300687255, 9.47680455283e-005, 5.72518692934e-005, 2.41246762016e-005, 1.80817892215e-006],
        "var": [2.11382348425e-006, 0.00038493736065, 3.65278283425e-005, 1.27733119371e-005, 3.97423864342e-005, 4.69309179607e-006, 2.87596412818e-006, 1.78746256552e-006, 8.38254663904e-007, 1.14310967092e-006, 8.43370813186e-008, 1.94510434426e-007, 1.13019552828e-007, 5.77675280056e-007, 2.59360405153e-007, 1.90216823626e-007, 2.34676917898e-007, 1.82147047667e-007, 5.08236723817e-007, 2.03345251748e-007, 8.03312545372e-008, 5.12233668815e-008, 3.51897817552e-008, 2.62204427059e-008, 7.45608108588e-009, 1.39885913963e-009, 1.07687574136e-011]
    },
    "erbbands": {
        "mean": [0.347703367472, 2.63773798943, 8.06034660339, 10.6181201935, 14.7700834274, 12.003408432, 16.8934593201, 10.3403367996, 11.6733646393, 20.7431297302, 23.2502269745, 12.0362482071, 20.2150058746, 8.77990245819, 7.97104549408, 17.1406326294, 12.1576137543, 28.9201221466, 17.7486095428, 19.5806922913, 22.1283569336, 18.4608955383, 19.5830802917, 24.8545265198, 28.1920013428, 16.0450077057, 12.2413625717, 7.89889812469, 6.22963237762, 4.78218126297, 3.52668046951, 2.29768061638, 1.36679649353, 0.745891571045, 0.348030596972, 0.130614101887, 0.0403190851212, 0.00750332791358, 0.000210212921957, 4.87887627969e-005],
        "var": [0.543929874897, 15.9161930084, 54.5663070679, 60.3927345276, 581.333190918, 188.529541016, 672.557800293, 280.003356934, 390.853729248, 1041.38818359, 1271.57873535, 234.484619141, 2143.49633789, 189.409973145, 95.9174575806, 382.397033691, 228.84588623, 1734.49633789, 801.89251709, 558.358642578, 614.789794922, 658.483581543, 512.052062988, 728.632995605, 1278.3182373, 464.908050537, 215.919204712, 101.286216736, 77.5246047974, 43.2489891052, 27.6280937195, 17.1088027954, 4.69629144669, 1.28714239597, 0.276903420687, 0.0393922291696, 0.00413630949333, 0.000158341106726, 1.15432271741e-007, 1.048656606e-009]
    },
    "gfcc": {
        "mean": [-2.56849241257, 111.133674622, -103.866142273, 50.6520423889, -44.15599823, 9.57082176208, -32.656452179, 5.50578308105, -22.8943748474, 1.58197498322, -16.2458877563, -8.09467220306, -16.2375926971],
        "cov": [[7523.56982422, -2834.09155273, -1223.06799316, 203.375671387, -849.294250488, 345.641387939, -591.353210449, 609.742797852, -279.237304688, 431.647583008, -284.362182617, 300.732696533, -229.975845337], [-2834.09155273, 2131.99194336, -193.825592041, -165.45715332, 520.33215332, -401.45324707, 456.824951172, -303.630737305, 180.570587158, -266.27053833, 251.967025757, -314.900909424, 226.926528931], [-1223.06799316, -193.825592041, 1227.72497559, 50.6507987976, -15.5537176132, 248.379653931, -71.9931640625, -75.1764526367, 28.0438499451, 4.90436220169, -54.4950256348, 179.786132813, -52.6868286133], [203.375671387, -165.45715332, 50.6507987976, 194.097930908, -21.5995635986, 17.4224681854, 7.30592060089, 22.7069282532, 17.6853027344, 41.405380249, 28.7791690826, 33.8223953247, 6.5068693161], [-849.294250488, 520.33215332, -15.5537176132, -21.5995635986, 341.064331055, -70.1055908203, 162.848526001, -40.8553657532, 57.0206489563, -39.9240226746, 60.4410934448, -59.2936859131, 37.7111587524], [345.641387939, -401.45324707, 248.379653931, 17.4224681854, -70.1055908203, 226.424285889, -67.5986328125, 66.3380050659, -4.75175189972, 48.7076568604, -42.2347984314, 101.741531372, -48.0917358398], [-591.353210449, 456.824951172, -71.9931640625, 7.30592060089, 162.848526001, -67.5986328125, 219.710388184, -11.4124603271, 70.9281082153, -28.3193473816, 79.8551635742, -55.6614112854, 62.5725479126], [609.742797852, -303.630737305, -75.1764526367, 22.7069282532, -40.8553657532, 66.3380050659, -11.4124603271, 138.461395264, 13.5974884033, 66.0693130493, -20.4150238037, 50.0668563843, -23.3953037262], [-279.237304688, 180.570587158, 28.0438499451, 17.6853027344, 57.0206489563, -4.75175189972, 70.9281082153, 13.5974884033, 97.6052398682, 17.6514148712, 44.246421814, -6.79971694946, 27.9224376678], [431.647583008, -266.27053833, 4.90436220169, 41.405380249, -39.9240226746, 48.7076568604, -28.3193473816, 66.0693130493, 17.6514148712, 104.599769592, 2.75135064125, 48.2799568176, -24.7499866486], [-284.362182617, 251.967025757, -54.4950256348, 28.7791690826, 60.4410934448, -42.2347984314, 79.8551635742, -20.4150238037, 44.246421814, 2.75135064125, 98.6762161255, -17.3143787384, 44.747795105], [300.732696533, -314.900909424, 179.786132813, 33.8223953247, -59.2936859131, 101.741531372, -55.6614112854, 50.0668563843, -6.79971694946, 48.2799568176, -17.3143787384, 120.567108154, -12.1322288513], [-229.975845337, 226.926528931, -52.6868286133, 6.5068693161, 37.7111587524, -48.0917358398, 62.5725479126, -23.3953037262, 27.9224376678, -24.7499866486, 44.747795105, -12.1322288513, 83.0419464111]],
        "icov": [[0.000715904519893, -0.000250558572588, 0.00103540206328, -0.000742420612369, 0.000790353980847, -0.000718567811418, 0.00059170316672, -0.00118234800175, 0.00116760679521, -0.00144259771332, 0.00120103021618, -0.00118187547196, 0.00018598997849], [-0.000250558572588, 0.00778119824827, -0.00143612048123, 0.00506916828454, -0.00354149844497, 0.0037486795336, -0.00377506623045, 0.00546277454123, -0.00720190769061, 0.00832558702677, -0.00857680011541, 0.00732589839026, -0.00450800079852], [0.00103540206328, -0.00143612048123, 0.00354246958159, -0.00213280343451, 0.00143888720777, -0.00287427636795, 0.000809187011328, 0.000739123381209, 0.00078689242946, -0.00259337085299, 0.00426190765575, -0.00589232658967, 0.0022921289783], [-0.000742420612369, 0.00506916828454, -0.00213280343451, 0.00995367206633, -0.00229891878553, 0.00343357329257, -0.00318124354817, 0.00387012748979, -0.00514399306849, 0.0044788857922, -0.00843665841967, 0.00475710723549, -0.00321598164737], [0.000790353980847, -0.00354149844497, 0.00143888720777, -0.00229891878553, 0.00716151529923, -0.00179507769644, -0.00127131352201, -0.00267205480486, 0.00336803169921, -0.00445903325453, 0.0044388207607, -0.00420686136931, 0.00340501544997], [-0.000718567811418, 0.0037486795336, -0.00287427636795, 0.00343357329257, -0.00179507769644, 0.0118557680398, -0.00205782800913, 0.00015467616322, -0.00477199815214, 0.00557820033282, -0.00473545724526, -0.000102750629594, 0.000752579770051], [0.00059170316672, -0.00377506623045, 0.000809187011328, -0.00318124354817, -0.00127131352201, -0.00205782800913, 0.0139537062496, -0.00735157448798, 0.00151584274136, -0.00255171209574, -2.97609149129e-005, -0.000117350944493, -0.00175372103695], [-0.00118234800175, 0.00546277454123, 0.000739123381209, 0.00387012748979, -0.00267205480486, 0.00015467616322, -0.00735157448798, 0.0230283662677, -0.0105422278866, 0.00172909616958, -0.00103055662476, -0.000828490301501, -0.000212055063457], [0.00116760679521, -0.00720190769061, 0.00078689242946, -0.00514399306849, 0.00336803169921, -0.00477199815214, 0.00151584274136, -0.0105422278866, 0.0261281263083, -0.0137409809977, 0.00444187037647, -0.00311013800092, -0.000317746278597], [-0.00144259771332, 0.00832558702677, -0.00259337085299, 0.0044788857922, -0.00445903325453, 0.00557820033282, -0.00255171209574, 0.00172909616958, -0.0137409809977, 0.029982926324, -0.0150918615982, 0.00433447072282, 0.00124484486878], [0.00120103021618, -0.00857680011541, 0.00426190765575, -0.00843665841967, 0.0044388207607, -0.00473545724526, -2.97609149129e-005, -0.00103055662476, 0.00444187037647, -0.0150918615982, 0.0315425768495, -0.0119311865419, 0.00037105215597], [-0.00118187547196, 0.00732589839026, -0.00589232658967, 0.00475710723549, -0.00420686136931, -0.000102750629594, -0.000117350944493, -0.000828490301501, -0.00311013800092, 0.00433447072282, -0.0119311865419, 0.0312672294676, -0.0123627269641], [0.00018598997849, -0.00450800079852, 0.0022921289783, -0.00321598164737, 0.00340501544997, 0.000752579770051, -0.00175372103695, -0.000212055063457, -0.000317746278597, 0.00124484486878, 0.00037105215597, -0.0123627269641, 0.0252053290606]]
    },
    "melbands": {
        "mean": [0.00316939339973, 0.0040841922164, 0.00199494836852, 0.000979479285888, 0.000576192396693, 0.000245329458266, 0.000198286317755, 0.000210775993764, 0.000171948093339, 7.91344209574e-005, 9.95855516521e-005, 3.35669101332e-005, 2.44474376814e-005, 4.50627412647e-005, 2.84995021502e-005, 3.5992856283e-005, 5.46517658222e-005, 2.88321443804e-005, 1.98636789719e-005, 2.92566310236e-005, 2.60690558207e-005, 1.98339257622e-005, 1.51026533786e-005, 2.06160075322e-005, 1.88545000128e-005, 2.68217481789e-005, 1.14949789349e-005, 1.0529287465e-005, 8.41890414449e-006, 5.84106828683e-006, 4.03134936278e-006, 3.5898524402e-006, 2.85912869913e-006, 2.65740050054e-006, 2.13034718399e-006, 1.59067974437e-006, 1.31490946842e-006, 9.90000216916e-007, 7.56978352001e-007, 5.89715284605e-007],
        "var": [3.46395754605e-005, 1.61664938787e-005, 2.93607354251e-006, 1.90292928437e-006, 7.33005435904e-007, 1.5560817701e-007, 9.33507635636e-008, 8.78897239431e-008, 7.46379740235e-008, 1.27030999053e-008, 5.21746095217e-008, 2.88580848107e-009, 1.30094568451e-009, 2.58667953723e-009, 1.2444046904e-009, 2.0527977096e-009, 6.51608544899e-009, 1.89377002968e-009, 9.98586102696e-010, 1.13681020153e-009, 1.00705432882e-009, 8.5695084362e-010, 4.49290576965e-010, 5.51222123502e-010, 4.94428276099e-010, 1.23577836852e-009, 2.43654707521e-010, 2.17908829869e-010, 1.09114654812e-010, 5.88016649261e-011, 2.86729789217e-011, 2.74783685389e-011, 1.77427204873e-011, 1.38490859405e-011, 1.01842544814e-011, 7.43977362355e-012, 6.17514763282e-012, 2.64515948208e-012, 1.38014382908e-012, 8.45425238063e-013]
    },
    "mfcc": {
        "mean": [-646.372009277, 133.91847229, 6.4309630394, 43.2820739746, 12.011305809, 11.1545505524, 4.5199303627, 2.30878996849, -1.66079044342, 5.62526941299, 3.59984993935, 0.440508067608, -3.67525720596],
        "cov": [[7957.86572266, -2823.73535156, -1026.84558105, -394.495513916, -412.60559082, -405.492462158, -240.694869995, -103.827293396, -21.6508789063, 156.674072266, -18.8891162872, -54.6037521362, 78.7687072754], [-2823.73535156, 1905.98510742, -274.22857666, 226.537353516, 52.1033782959, 37.4753990173, 191.787216187, -20.7226581573, 43.0505599976, 2.61426877975, -23.2056331635, 52.8494796753, -43.5689048767], [-1026.84558105, -274.22857666, 1063.02062988, -86.6896743774, 131.426696777, 191.07270813, -93.4784164429, 97.9848251343, -28.0918235779, -98.7104949951, 19.3117237091, -12.9604063034, -4.56714582443], [-394.495513916, 226.537353516, -86.6896743774, 234.851882935, 6.91489028931, 5.16480493546, 54.5484237671, -18.8023643494, 15.4064674377, 15.1087846756, 6.90349149704, 33.4765663147, 15.9451446533], [-412.60559082, 52.1033782959, 131.426696777, 6.91489028931, 151.563735962, 70.2926864624, 6.25783252716, 30.6526374817, 1.96714007854, -11.8352584839, 27.2002906799, -8.85915279388, 9.46136474609], [-405.492462158, 37.4753990173, 191.07270813, 5.16480493546, 70.2926864624, 119.802276611, 20.099363327, 37.940574646, 5.73790693283, -14.7864561081, 20.7291183472, 10.4596147537, 15.7460327148], [-240.694869995, 191.787216187, -93.4784164429, 54.5484237671, 6.25783252716, 20.099363327, 106.206680298, 21.5529079437, 17.8814697266, 17.0222530365, 7.46152544022, 16.13098526, 8.94300746918], [-103.827293396, -20.7226581573, 97.9848251343, -18.8023643494, 30.6526374817, 37.940574646, 21.5529079437, 93.0697555542, 31.3157329559, -4.48188066483, 18.7520046234, 4.7066950798, 9.42726802826], [-21.6508789063, 43.0505599976, -28.0918235779, 15.4064674377, 1.96714007854, 5.73790693283, 17.8814697266, 31.3157329559, 69.6156005859, 26.4627094269, 14.808836937, 10.1951789856, 10.5292482376], [156.674072266, 2.61426877975, -98.7104949951, 15.1087846756, -11.8352584839, -14.7864561081, 17.0222530365, -4.48188066483, 26.4627094269, 71.4714279175, 23.5928630829, 14.3902130127, 19.4360198975], [-18.8891162872, -23.2056331635, 19.3117237091, 6.90349149704, 27.2002906799, 20.7291183472, 7.46152544022, 18.7520046234, 14.808836937, 23.5928630829, 68.6555404663, 22.9077205658, 18.1255607605], [-54.6037521362, 52.8494796753, -12.9604063034, 33.4765663147, -8.85915279388, 10.4596147537, 16.13098526, 4.7066950798, 10.1951789856, 14.3902130127, 22.9077205658, 65.5821304321, 32.2354545593], [78.7687072754, -43.5689048767, -4.56714582443, 15.9451446533, 9.46136474609, 15.7460327148, 8.94300746918, 9.42726802826, 10.5292482376, 19.4360198975, 18.1255607605, 32.2354545593, 65.1701049805]],
        "icov": [[0.000671265646815, 0.00102571188472, 0.000824188580737, 0.000418299110606, 0.000574106757995, 0.000260904314928, 0.000229122510063, -0.000163232747582, -7.10298845661e-005, -0.000330567185301, 0.000222527392907, -0.000244950235356, -0.00015507156786], [0.00102571188472, 0.00235933391377, 0.00138895621058, 0.000305392808514, 0.000343641091604, 0.000197815592401, -0.000769898761064, 0.000249566073762, -0.000634605297819, -0.000224118019105, 0.000902846746612, -0.00136470480356, 0.000925349770114], [0.000824188580737, 0.00138895621058, 0.00295622646809, 0.000465864315629, 0.000540300272405, -0.00254042004235, 0.00234341924079, -0.00168222375214, 0.000515320571139, 0.000751490297262, 0.000305896217469, -0.000608295726124, 0.000391155161196], [0.000418299110606, 0.000305392808514, 0.000465864315629, 0.00596153596416, -0.000330553593813, 0.000502083508763, -0.00222756108269, 0.00228607258759, -0.0013965923572, 0.000244545255555, 0.00020025052072, -0.00217543402687, -0.000652649847325], [0.000574106757995, 0.000343641091604, 0.000540300272405, -0.000330553593813, 0.011212834157, -0.00472057471052, 0.00134639278986, -0.00145353761036, 0.000886172405444, 0.000698526098859, -0.00400955695659, 0.00482011027634, -0.00242776656523], [0.000260904314928, 0.000197815592401, -0.00254042004235, 0.000502083508763, -0.00472057471052, 0.0178768709302, -0.00483670458198, -0.000604291679338, -0.000706206425093, 0.00151261151768, -0.00121810426936, -0.00145194248762, -0.00264686462469], [0.000229122510063, -0.000769898761064, 0.00234341924079, -0.00222756108269, 0.00134639278986, -0.00483670458198, 0.0167253091931, -0.00600297329947, 0.00165925780311, -0.00270604086109, 0.00078592140926, -0.000199631598662, -0.000116904346214], [-0.000163232747582, 0.000249566073762, -0.00168222375214, 0.00228607258759, -0.00145353761036, -0.000604291679338, -0.00600297329947, 0.01892275922, -0.0092055676505, 0.00435542874038, -0.00276431953534, 9.45199062699e-005, -0.000959150725976], [-7.10298845661e-005, -0.000634605297819, 0.000515320571139, -0.0013965923572, 0.000886172405444, -0.000706206425093, 0.00165925780311, -0.0092055676505, 0.0220200251788, -0.00791873876005, -0.000100341865618, 0.000122683792142, -4.34730245615e-005], [-0.000330567185301, -0.000224118019105, 0.000751490297262, 0.000244545255555, 0.000698526098859, 0.00151261151768, -0.00270604086109, 0.00435542874038, -0.00791873876005, 0.0235257409513, -0.00755315972492, 0.0011456181528, -0.00468577304855], [0.000222527392907, 0.000902846746612, 0.000305896217469, 0.00020025052072, -0.00400955695659, -0.00121810426936, 0.00078592140926, -0.00276431953534, -0.000100341865618, -0.00755315972492, 0.0222806558013, -0.00770342536271, 0.00135788484477], [-0.000244950235356, -0.00136470480356, -0.000608295726124, -0.00217543402687, 0.00482011027634, -0.00145194248762, -0.000199631598662, 9.45199062699e-005, 0.000122683792142, 0.0011456181528, -0.00770342536271, 0.0262013301253, -0.0116409817711], [-0.00015507156786, 0.000925349770114, 0.000391155161196, -0.000652649847325, -0.00242776656523, -0.00264686462469, -0.000116904346214, -0.000959150725976, -4.34730245615e-005, -0.00468577304855, 0.00135788484477, -0.0116409817711, 0.0242692567408]]
    },
    "spectral_contrast_coeffs": {
        "mean": [-0.614219844341, -0.748057603836, -0.783843815327, -0.791152596474, -0.792887985706, -0.749366462231],
        "var": [0.00555274775252, 0.00343057163991, 0.0030396473594, 0.00186348403804, 0.0016252300702, 0.00184972689021]
    },
    "spectral_contrast_valleys": {
        "mean": [-6.72531032562, -6.67336177826, -7.51216840744, -7.71206712723, -7.48884057999, -10.4080867767],
        "var": [0.473960131407, 0.654029548168, 0.944984436035, 1.13261806965, 1.46335422993, 2.04257965088]
    }
},
"metadata": {
    "audio_properties": {
        "analysis_sample_rate": 44100,
        "bit_rate": 128074,
        "equal_loudness": 0,
        "length": 45.0612258911,
        "lossless": 0,
        "replay_gain": -4.38220977783,
        "sample_rate": 44100,
        "codec": "mp3",
        "downmix": "mix",
        "md5_encoded": "bc5bdad8117a3a67eded58cb8de7951e"
    },
    "tags": {
        "file_name": "1887.mp3"
    },
    "version": {
        "essentia": "2.1-beta2",
        "essentia_git_sha": "v2.1_beta2",
        "extractor": "music 1.0"
    }
},
"rhythm": {
    "beats_count": 96,
    "beats_loudness": {
        "mean": 0.0547004155815,
        "var": 0.000105429266114
    },
    "bpm": 128.991104126,
    "bpm_histogram_first_peak_bpm": {
        "mean": 129,
        "var": 0
    },
    "bpm_histogram_first_peak_spread": {
        "mean": 0.183908030391,
        "var": 0
    },
    "bpm_histogram_first_peak_weight": {
        "mean": 0.747368395329,
        "var": 0
    },
    "bpm_histogram_second_peak_bpm": {
        "mean": 123,
        "var": 0
    },
    "bpm_histogram_second_peak_spread": {
        "mean": 0.33333337307,
        "var": 0
    },
    "bpm_histogram_second_peak_weight": {
        "mean": 0.0421052649617,
        "var": 0
    },
    "danceability": 1.30083060265,
    "onset_rate": 3.43821430206,
    "beats_loudness_band_ratio": {
        "mean": [0.780596494675, 0.105614729226, 0.0541435778141, 0.0270710345358, 0.0304837301373, 0.0318506546319],
        "var": [0.0415829494596, 0.0114559577778, 0.00451364042237, 0.00126448075753, 0.00098005880136, 0.00110105460044]
    },
    "beats_position": [0.46439909935, 0.952018141747, 1.43963718414, 1.92725622654, 2.42648530006, 2.92571425438, 3.43655323982, 3.88934230804, 4.3653512001, 4.82975053787, 5.2941493988, 5.75854873657, 6.2229475975, 6.71056699753, 7.17496585846, 7.63936471939, 8.11537361145, 8.59138298035, 9.05578231812, 9.52018165588, 9.98458003998, 10.4373693466, 10.9017686844, 11.3661680222, 11.8421764374, 12.3065757751, 12.7709751129, 13.235373497, 13.6997728348, 14.1641721725, 14.6285715103, 15.0929698944, 15.5573692322, 16.0217685699, 16.4861679077, 16.9505672455, 17.4149665833, 17.8793640137, 18.3437633514, 18.8081626892, 19.272562027, 19.7369613647, 20.2129707336, 20.6773700714, 21.1417675018, 21.5945568085, 22.0589561462, 22.523355484, 22.9877548218, 23.4521541595, 23.9165534973, 24.3809528351, 24.8453502655, 25.3097496033, 25.7857589722, 26.2501583099, 26.7261676788, 27.1905670166, 27.6549663544, 28.1193637848, 28.5837631226, 29.0481624603, 29.5125617981, 29.9653511047, 30.4297504425, 30.8941497803, 31.358549118, 31.8113365173, 32.2873458862, 32.7517471313, 33.2277526855, 33.6921539307, 34.1565513611, 34.6209526062, 35.0853500366, 35.5497512817, 36.0141487122, 36.4785499573, 36.9429473877, 37.3841247559, 37.848526001, 38.3245353699, 38.8005447388, 39.2649421692, 39.7293434143, 40.1937408447, 40.6581382751, 41.1225395203, 41.5869369507, 42.0513381958, 42.5157356262, 42.9801368713, 43.4445343018, 43.9089317322, 44.3733329773, 44.8377304077]
},
"tonal": {
    "chords_changes_rate": 0.0514403283596,
    "chords_number_rate": 0.00925925932825,
    "chords_strength": {
        "mean": 0.509311079979,
        "var": 0.00662345997989
    },
    "hpcp_entropy": {
        "mean": 2.29319787025,
        "var": 0.485222190619
    },
    "key_strength": 0.707840144634,
    "tuning_diatonic_strength": 0.562082767487,
    "tuning_equal_tempered_deviation": 0.230427980423,
    "tuning_frequency": 434.193115234,
    "tuning_nontempered_energy_ratio": 0.944395303726,
    "hpcp": {
        "mean": [0.152623578906, 0.133849844337, 0.0613590851426, 0.0367408655584, 0.0466211140156, 0.0960642546415, 0.204825818539, 0.207479149103, 0.104048497975, 0.085028976202, 0.0819853320718, 0.0625912845135, 0.120664648712, 0.155032932758, 0.11010723561, 0.18549028039, 0.236624822021, 0.121228814125, 0.0407854355872, 0.0282567888498, 0.0477755330503, 0.0915063768625, 0.0990517437458, 0.124206706882, 0.157250136137, 0.0937158241868, 0.0487903505564, 0.134617984295, 0.172667592764, 0.157387569547, 0.255023181438, 0.227110356092, 0.0900074318051, 0.0743831843138, 0.0932055488229, 0.108725719154],
        "var": [0.0605526119471, 0.0468015670776, 0.0195565335453, 0.0156868789345, 0.0187335181981, 0.0319518707693, 0.0979677140713, 0.0909140408039, 0.0322537571192, 0.0374699234962, 0.0430240221322, 0.0195732545108, 0.0506058484316, 0.0814172923565, 0.0308768246323, 0.0636277794838, 0.104667164385, 0.0375704690814, 0.0140072908252, 0.00584566313773, 0.0110154012218, 0.0365135259926, 0.0483860298991, 0.0460083968937, 0.0835858881474, 0.0345450714231, 0.0135475993156, 0.0436850748956, 0.0661315396428, 0.0454111769795, 0.138514846563, 0.1173652336, 0.0291093606502, 0.0301907230169, 0.0372112952173, 0.0479547977448]
    },
    "chords_histogram": [16.2551441193, 48.8683128357, 6.48148155212, 8.12757205963, 0, 3.08641982079, 0, 0, 0, 0, 4.11522626877, 0, 0.411522626877, 0, 0, 1.13168728352, 0, 0.823045253754, 1.13168728352, 0, 0, 0, 9.36213970184, 0.205761313438],
    "thpcp": [1, 0.89054787159, 0.352938234806, 0.291672259569, 0.365478724241, 0.426336616278, 0.598469436169, 0.524853646755, 0.240601986647, 0.144068732858, 0.182811275125, 0.376688331366, 0.803165495396, 0.813569784164, 0.407996237278, 0.333416640759, 0.321481883526, 0.245433703065, 0.473151683807, 0.607917010784, 0.431753844023, 0.727346718311, 0.927856147289, 0.475363910198, 0.159928351641, 0.110800862312, 0.187337994576, 0.358815908432, 0.38840290904, 0.48704084754, 0.616611123085, 0.367479622364, 0.19131731987, 0.52786564827, 0.677066266537, 0.617150068283],
    "chords_key": "B",
    "chords_scale": "minor",
    "key_key": "G",
    "key_scale": "major"
}
}