{
"lowlevel": {
    "average_loudness": 0.749068021774,
    "barkbands_crest": {
        "mean": 16.7314796448,
        "var": 26.7996044159
    },
    "barkbands_flatness_db": {
        "mean": 0.374713897705,
        "var": 0.00791690312326
    },
    "barkbands_kurtosis": {
        "mean": 40.8904495239,
        "var": 12307.6728516
    },
    "barkbands_skewness": {
        "mean": 3.2074971199,
        "var": 9.0973033905
    },
    "barkbands_spread": {
        "mean": 6.59180450439,
        "var": 75.4903945923
    },
    "dissonance": {
        "mean": 0.330730944872,
        "var": 0.0116699067876
    },
    "dynamic_complexity": 4.93016386032,
    "erbbands_crest": {
        "mean": 16.8465652466,
        "var": 36.4142799377
    },
    "erbbands_flatness_db": {
        "mean": 0.355396986008,
        "var": 0.00334898103029
    },
    "erbbands_kurtosis": {
        "mean": 11.8654909134,
        "var": 563.110351563
    },
    "erbbands_skewness": {
        "mean": 1.52452456951,
        "var": 3.92382097244
    },
    "erbbands_spread": {
        "mean": 17.9076824188,
        "var": 266.467529297
    },
    "hfc": {
        "mean": 8.77408027649,
        "var": 196.456100464
    },
    "melbands_crest": {
        "mean": 21.0911750793,
        "var": 31.0404052734
    },
    "melbands_flatness_db": {
        "mean": 0.452166289091,
        "var": 0.0094396257773
    },
    "melbands_kurtosis": {
        "mean": 21.422498703,
        "var": 706.287536621
    },
    "melbands_skewness": {
        "mean": 2.73146820068,
        "var": 3.67047667503
    },
    "melbands_spread": {
        "mean": 9.50786018372,
        "var": 242.813217163
    },
    "pitch_salience": {
        "mean": 0.41969114542,
        "var": 0.0153392199427
    },
    "silence_rate_20dB": {
        "mean": 1,
        "var": 0
    },
    "silence_rate_30dB": {
        "mean": 1,
        "var": 0
    },
    "silence_rate_60dB": {
        "mean": 0.229660138488,
        "var": 0.176916718483
    },
    "spectral_centroid": {
        "mean": 695.850524902,
        "var": 395288.59375
    },
    "spectral_complexity": {
        "mean": 6.43769311905,
        "var": 42.2033653259
    },
    "spectral_decrease": {
        "mean": -4.02066735461e-009,
        "var": 1.31246952812e-017
    },
    "spectral_energy": {
        "mean": 0.0159707032144,
        "var": 0.00021309175645
    },
    "spectral_energyband_high": {
        "mean": 2.21643986151e-005,
        "var": 1.56324588829e-008
    },
    "spectral_energyband_low": {
        "mean": 9.84376165434e-005,
        "var": 9.55320658136e-008
    },
    "spectral_energyband_middle_high": {
        "mean": 0.0015135986032,
        "var": 1.65058263519e-005
    },
    "spectral_energyband_middle_low": {
        "mean": 0.0143540790305,
        "var": 0.000159213697771
    },
    "spectral_entropy": {
        "mean": 5.33191728592,
        "var": 0.821501016617
    },
    "spectral_flux": {
        "mean": 0.0213867351413,
        "var": 0.000818321132101
    },
    "spectral_kurtosis": {
        "mean": 31.9858436584,
        "var": 589.030578613
    },
    "spectral_rms": {
        "mean": 0.00346210761927,
        "var": 3.59498972102e-006
    },
    "spectral_rolloff": {
        "mean": 777.734863281,
        "var": 781683.6875
    },
    "spectral_skewness": {
        "mean": 3.73871922493,
        "var": 4.171022892
    },
    "spectral_spread": {
        "mean": 2052467,
        "var": 1.65193370829e+012
    },
    "spectral_strongpeak": {
        "mean": 1.07942569256,
        "var": 0.817514836788
    },
    "zerocrossingrate": {
        "mean": 0.0280382055789,
        "var": 0.000590553740039
    },
    "barkbands": {
        "mean": [3.37482447321e-007, 3.57296084985e-005, 5.04930649186e-005, 8.50257638376e-005, 0.00626993784681, 0.00550388451666, 0.000410943903262, 0.000846094510052, 0.00123171217274, 2.4554794436e-005, 8.42280860525e-005, 3.91547546315e-005, 7.45687211747e-005, 3.13081982313e-005, 2.38027041632e-006, 0.000197844274226, 0.000225640033023, 0.000572938937694, 0.000173993204953, 0.00010489338456, 4.52814492746e-006, 4.20381013555e-007, 3.11801784392e-008, 2.81396044244e-008, 3.53854048285e-008, 4.40349445796e-008, 7.97769139638e-009],
        "var": [1.3286174461e-012, 2.17823679094e-008, 3.59400154082e-008, 6.19159052917e-008, 8.19848210085e-005, 6.42773447908e-005, 1.09663926651e-006, 5.27454540133e-006, 2.75911179415e-006, 6.56378684738e-009, 6.94760586839e-008, 1.43436800215e-008, 6.43663184974e-008, 8.94108964644e-009, 7.31098029338e-011, 4.41408047891e-007, 5.06003402734e-007, 2.90573234452e-006, 8.37746028992e-007, 2.51705245091e-007, 7.55580764622e-010, 6.75740192968e-012, 2.66117486764e-015, 1.18129385346e-016, 1.59559712325e-016, 2.42691430061e-016, 1.91564839002e-017]
    },
    "erbbands": {
        "mean": [0.000463393284008, 0.0108665684238, 0.0581596195698, 0.365594625473, 11.0606393814, 27.226600647, 21.0901622772, 53.1039085388, 12.8461561203, 7.72142267227, 29.8579120636, 23.87225914, 2.83898043633, 1.49420762062, 3.1478331089, 2.00605082512, 2.98906588554, 2.4344098568, 0.732658982277, 2.40423488617, 14.8032846451, 12.5629043579, 21.0102386475, 26.4974327087, 7.58425760269, 4.90825605392, 0.566489100456, 0.0734768882394, 0.0190226454288, 0.00285063567571, 0.000920811959077, 0.000624408014119, 0.000500161433592, 0.000386993197026, 0.000279025320197, 0.000176146786544, 8.85741756065e-005, 2.525362288e-005, 8.84090786712e-006, 1.83173997357e-005],
        "var": [2.38007532971e-006, 0.00182749563828, 0.0419176071882, 0.519853949547, 392.764801025, 1920.953125, 690.482116699, 8754.71679688, 991.740661621, 1755.4005127, 3351.15771484, 1060.05688477, 34.4792861938, 30.7980251312, 85.834312439, 33.4547233582, 63.1576080322, 72.8395080566, 4.19692325592, 54.5734939575, 2107.24145508, 1350.27148438, 3919.37817383, 11347.7724609, 803.560913086, 668.37298584, 9.64924240112, 0.176353648305, 0.0122446371242, 0.000159758055815, 1.89626223346e-006, 9.52919165798e-008, 3.17811554851e-008, 1.76164647314e-008, 8.2652000799e-009, 2.98943469978e-009, 7.19755255396e-010, 7.63650739866e-011, 6.20508644467e-011, 2.98219476891e-010]
    },
    "gfcc": {
        "mean": [-207.426544189, 157.415802002, -105.914070129, -5.49561500549, -49.9750938416, -67.0620727539, -53.9238128662, 2.70885896683, -35.1081848145, -20.3104667664, -7.34764575958, -2.74597454071, -9.3934879303],
        "cov": [[6774.13916016, 1767.36071777, -3661.30712891, -153.759414673, 1442.83410645, -995.737609863, 527.608886719, -180.354309082, -155.351989746, -257.176330566, 140.617141724, -516.012878418, -0.0875447168946], [1767.36071777, 915.212890625, -633.077819824, -466.753265381, 214.659103394, -266.706726074, 96.4884109497, -174.332046509, -81.2512359619, -204.356384277, 0.558358132839, -242.791549683, -3.58530116081], [-3661.30712891, -633.077819824, 2708.5378418, -117.940109253, -1177.71887207, 461.550354004, -307.863708496, -65.6324539185, 38.4041862488, 26.9870452881, -110.91053009, 279.999755859, 81.5290527344], [-153.759414673, -466.753265381, -117.940109253, 689.654724121, 231.112045288, 14.98878479, 39.7861328125, 17.2470531464, -32.7364654541, 163.512527466, 58.4994277954, 130.694396973, 29.0122776031], [1442.83410645, 214.659103394, -1177.71887207, 231.112045288, 836.948791504, -42.5018730164, -2.4122300148, -95.1193618774, -68.7575836182, 44.5946044922, 56.6382064819, -193.424468994, -135.317108154], [-995.737609863, -266.706726074, 461.550354004, 14.98878479, -42.5018730164, 458.470733643, -51.2452583313, -32.9830513, 26.8909759521, 149.418945313, -43.7901649475, -27.1429405212, -119.035522461], [527.608886719, 96.4884109497, -307.863708496, 39.7861328125, -2.4122300148, -51.2452583313, 252.723510742, 44.3369255066, -12.2393846512, 17.9057235718, 14.4774780273, -10.221657753, 52.5990104675], [-180.354309082, -174.332046509, -65.6324539185, 17.2470531464, -95.1193618774, -32.9830513, 44.3369255066, 296.842956543, 138.848358154, -4.3911690712, -38.1971588135, 73.2780151367, -5.03439283371], [-155.351989746, -81.2512359619, 38.4041862488, -32.7364654541, -68.7575836182, 26.8909759521, -12.2393846512, 138.848358154, 208.034439087, 64.8846054077, -72.759475708, -30.8220176697, -35.7832794189], [-257.176330566, -204.356384277, 26.9870452881, 163.512527466, 44.5946044922, 149.418945313, 17.9057235718, -4.3911690712, 64.8846054077, 198.042388916, 39.910949707, 6.16229724884, -33.2100791931], [140.617141724, 0.558358132839, -110.91053009, 58.4994277954, 56.6382064819, -43.7901649475, 14.4774780273, -38.1971588135, -72.759475708, 39.910949707, 163.204284668, 114.368270874, 33.0073471069], [-516.012878418, -242.791549683, 279.999755859, 130.694396973, -193.424468994, -27.1429405212, -10.221657753, 73.2780151367, -30.8220176697, 6.16229724884, 114.368270874, 279.185424805, 112.333335876], [-0.0875447168946, -3.58530116081, 81.5290527344, 29.0122776031, -135.317108154, -119.035522461, 52.5990104675, -5.03439283371, -35.7832794189, -33.2100791931, 33.0073471069, 112.333335876, 144.317108154]],
        "icov": [[0.00270942063071, -0.00513717858121, 0.00399789446965, -0.0035106500145, 0.00333948549815, -0.000374834809918, 0.00132985506207, 0.00087700469885, -0.000585938221775, 0.000290878349915, 9.60890974966e-005, -0.000112934038043, 0.000676781579386], [-0.00513717858121, 0.0172316040844, -0.00978452712297, 0.0127910310403, -0.0122983939946, 0.00562624260783, -0.00916276313365, 0.00228170887567, -0.00104274437763, 0.00178029877134, -0.00119027891196, 0.000883776869159, -0.000355070020305], [0.00399789446965, -0.00978452712297, 0.0119538577273, -0.0117348739877, 0.0161299183965, -0.00880945567042, 0.010281923227, 0.00198005139828, -0.00290407426655, 0.00679919309914, -0.00577476713806, 0.00548492092639, -0.00255923788063], [-0.0035106500145, 0.0127910310403, -0.0117348739877, 0.0190927479416, -0.0200170017779, 0.0141471000388, -0.0138936461881, 0.00123373593669, 0.00601462321356, -0.0137938987464, 0.0146396728233, -0.0135574592277, 0.00663534225896], [0.00333948549815, -0.0122983939946, 0.0161299183965, -0.0200170017779, 0.0286536533386, -0.0171094406396, 0.0188185460865, 0.000333340256475, -0.00451201293617, 0.0139710986987, -0.0159632507712, 0.0155404461548, -0.00583339482546], [-0.000374834809918, 0.00562624260783, -0.00880945567042, 0.0141471000388, -0.0171094406396, 0.0205731745809, -0.0139105692506, 0.00223785056733, 0.00805965904146, -0.0191301461309, 0.0198934730142, -0.0173783097416, 0.0149201489985], [0.00132985506207, -0.00916276313365, 0.010281923227, -0.0138936461881, 0.0188185460865, -0.0139105692506, 0.0205300804228, -0.00474192621186, -0.00014374316379, 0.00667000794783, -0.0110082942992, 0.0130928382277, -0.0108932275325], [0.00087700469885, 0.00228170887567, 0.00198005139828, 0.00123373593669, 0.000333340256475, 0.00223785056733, -0.00474192621186, 0.0124569991603, -0.00760275823995, 0.00440169498324, 0.0028885747306, -0.00679624732584, 0.00676902802661], [-0.000585938221775, -0.00104274437763, -0.00290407426655, 0.00601462321356, -0.00451201293617, 0.00805965904146, -0.00014374316379, -0.00760275823995, 0.0201879497617, -0.0204842202365, 0.0175696909428, -0.00919043272734, 0.00603649020195], [0.000290878349915, 0.00178029877134, 0.00679919309914, -0.0137938987464, 0.0139710986987, -0.0191301461309, 0.00667000794783, 0.00440169498324, -0.0204842202365, 0.0388886034489, -0.0334294624627, 0.0247227232903, -0.0137080922723], [9.60890974966e-005, -0.00119027891196, -0.00577476713806, 0.0146396728233, -0.0159632507712, 0.0198934730142, -0.0110082942992, 0.0028885747306, 0.0175696909428, -0.0334294624627, 0.0473242141306, -0.0372277460992, 0.0206607170403], [-0.000112934038043, 0.000883776869159, 0.00548492092639, -0.0135574592277, 0.0155404461548, -0.0173783097416, 0.0130928382277, -0.00679624732584, -0.00919043272734, 0.0247227232903, -0.0372277460992, 0.0397210754454, -0.024116018787], [0.000676781579386, -0.000355070020305, -0.00255923788063, 0.00663534225896, -0.00583339482546, 0.0149201489985, -0.0108932275325, 0.00676902802661, 0.00603649020195, -0.0137080922723, 0.0206607170403, -0.024116018787, 0.030464084819]]
    },
    "melbands": {
        "mean": [7.05398906575e-006, 2.36013347603e-005, 0.00020919990493, 0.00163261662237, 0.000775616965257, 0.0011205089977, 0.000161786694662, 7.85522861406e-005, 0.000295205245493, 0.000135243841214, 8.87436362973e-006, 4.87888746648e-006, 1.1536936654e-005, 5.06620972374e-006, 4.03644480684e-006, 8.67763810675e-006, 3.90598370359e-006, 1.44449859363e-006, 2.09334942269e-007, 9.47396983975e-006, 1.83314950846e-005, 1.28199326355e-005, 1.65451965586e-005, 2.16919524973e-005, 2.18552213482e-005, 5.57273051527e-006, 4.90770162287e-006, 2.55283976003e-006, 3.28033706865e-007, 7.4621837598e-008, 2.62037591625e-008, 1.1705839853e-008, 3.08663805626e-009, 7.33275939968e-010, 4.65907534775e-010, 3.74152486771e-010, 3.46072004387e-010, 3.3235147967e-010, 3.18580023473e-010, 3.09590714176e-010],
        "var": [7.92805598948e-010, 7.43009653803e-009, 2.43597497729e-007, 5.8196756072e-006, 6.8191735636e-007, 3.44681325259e-006, 1.95945005999e-007, 2.4073062832e-007, 3.28152196971e-007, 3.57507339288e-008, 6.19611528752e-010, 4.18975132366e-010, 1.35176214666e-009, 2.22411394857e-010, 8.1164699961e-011, 7.78344166896e-010, 2.03473529692e-010, 2.0633486239e-011, 4.57421264494e-013, 1.0278629059e-009, 3.38814243328e-009, 1.33376265588e-009, 3.25286042546e-009, 5.46910960963e-009, 8.45022452012e-009, 4.19177748068e-010, 4.90074536508e-010, 2.2009075118e-010, 4.08595770066e-012, 1.83369609102e-013, 2.74940135356e-014, 5.21872457155e-015, 3.00032331277e-016, 4.75572479859e-018, 2.90052949743e-019, 3.83696451303e-020, 2.36083599145e-020, 1.88143878224e-020, 1.6950066509e-020, 1.62404360163e-020]
    },
    "mfcc": {
        "mean": [-867.644348145, 186.849563599, -0.586842179298, 41.2964286804, 5.9667301178, -54.0493621826, -16.3578205109, -5.88542222977, -29.6538467407, -23.5421676636, -8.36884212494, -4.04649925232, -11.8218421936],
        "cov": [[8325.2734375, 1888.17895508, -4556.05810547, 623.212402344, 55.862903595, -621.275512695, 664.877685547, -14.2430515289, -80.9310913086, -68.443649292, -160.6353302, 185.662063599, 279.417541504], [1888.17895508, 1024.21557617, -648.9296875, -264.287872314, -116.009681702, -216.587600708, 32.4300765991, -36.4508743286, -142.29850769, -87.3313980103, -80.3841934204, -40.8148269653, -56.3873519897], [-4556.05810547, -648.9296875, 3030.13574219, -434.967102051, -351.537139893, 263.806549072, -437.862609863, -57.0806732178, 13.1447906494, -49.6070365906, 4.87547492981, -209.824661255, -223.678710938], [623.212402344, -264.287872314, -434.967102051, 548.124328613, 75.4572372437, -87.6242904663, 99.510925293, 24.803106308, 70.1728973389, -35.7643737793, -52.2814941406, 44.1367759705, 119.256797791], [55.862903595, -116.009681702, -351.537139893, 75.4572372437, 460.368011475, 139.311737061, -9.09568309784, -5.78747320175, -50.2414741516, 42.9349899292, 74.4772415161, 68.2074584961, 14.2455635071], [-621.275512695, -216.587600708, 263.806549072, -87.6242904663, 139.311737061, 464.328125, 85.918762207, -182.374053955, -14.5784406662, 147.724182129, 101.647232056, -41.6692237854, -46.0292053223], [664.877685547, 32.4300765991, -437.862609863, 99.510925293, -9.09568309784, 85.918762207, 247.652618408, -21.914434433, -37.7273864746, 36.2725715637, -24.8894863129, -8.0726556778, 53.280834198], [-14.2430515289, -36.4508743286, -57.0806732178, 24.803106308, -5.78747320175, -182.374053955, -21.914434433, 206.780822754, 80.7757568359, -49.5260162354, 3.10125207901, 63.9938049316, 26.890329361], [-80.9310913086, -142.29850769, 13.1447906494, 70.1728973389, -50.2414741516, -14.5784406662, -37.7273864746, 80.7757568359, 219.298950195, 111.974906921, 58.3348999023, 45.9351387024, 0.425507009029], [-68.443649292, -87.3313980103, -49.6070365906, -35.7643737793, 42.9349899292, 147.724182129, 36.2725715637, -49.5260162354, 111.974906921, 230.510421753, 130.934036255, 7.20311498642, -33.7983627319], [-160.6353302, -80.3841934204, 4.87547492981, -52.2814941406, 74.4772415161, 101.647232056, -24.8894863129, 3.10125207901, 58.3348999023, 130.934036255, 185.708557129, 68.6980438232, -39.6800765991], [185.662063599, -40.8148269653, -209.824661255, 44.1367759705, 68.2074584961, -41.6692237854, -8.0726556778, 63.9938049316, 45.9351387024, 7.20311498642, 68.6980438232, 132.548599243, 80.7963104248], [279.417541504, -56.3873519897, -223.678710938, 119.256797791, 14.2455635071, -46.0292053223, 53.280834198, 26.890329361, 0.425507009029, -33.7983627319, -39.6800765991, 80.7963104248, 191.522079468]],
        "icov": [[6.56028747559, -9.14070701599, 8.74596309662, -8.15556907654, 7.3382806778, -6.39525032043, 5.31836891174, -4.26373910904, 3.24518752098, -2.257563591, 1.45998048782, -0.785948693752, 0.295236319304], [-9.14070701599, 12.7389192581, -12.1860809326, 11.3674955368, -10.2274904251, 8.91672420502, -7.41577005386, 5.94844341278, -4.52784204483, 3.1519036293, -2.0390484333, 1.09884130955, -0.412367552519], [8.74596309662, -12.1860809326, 11.663813591, -10.8790864944, 9.79476261139, -8.54189968109, 7.10981464386, -5.70443534851, 4.34706878662, -3.02667307854, 1.96127903461, -1.05645656586, 0.398592799902], [-8.15556907654, 11.3674955368, -10.8790864944, 10.1609020233, -9.15028190613, 7.99033880234, -6.65783882141, 5.35302066803, -4.08909463882, 2.85446310043, -1.85491406918, 1.00538039207, -0.3815330863], [7.3382806778, -10.2274904251, 9.79476261139, -9.15028190613, 8.25310707092, -7.21347618103, 6.01922607422, -4.84653568268, 3.71128153801, -2.5945584774, 1.69253230095, -0.920611143112, 0.351151883602], [-6.39525032043, 8.91672420502, -8.54189968109, 7.99033880234, -7.21347618103, 6.32341527939, -5.28473567963, 4.2691283226, -3.27648282051, 2.2974293232, -1.50898420811, 0.823390781879, -0.316250503063], [5.31836891174, -7.41577005386, 7.10981464386, -6.65783882141, 6.01922607422, -5.28473567963, 4.43387508392, -3.58614397049, 2.76534104347, -1.94646239281, 1.2832583189, -0.701441764832, 0.271132409573], [-4.26373910904, 5.94844341278, -5.70443534851, 5.35302066803, -4.84653568268, 4.2691283226, -3.58614397049, 2.92398047447, -2.26113510132, 1.59895658493, -1.06045603752, 0.582780539989, -0.228346690536], [3.24518752098, -4.52784204483, 4.34706878662, -4.08909463882, 3.71128153801, -3.27648282051, 2.76534104347, -2.26113510132, 1.77073550224, -1.25919914246, 0.841635763645, -0.472327679396, 0.187705144286], [-2.257563591, 3.1519036293, -3.02667307854, 2.85446310043, -2.5945584774, 2.2974293232, -1.94646239281, 1.59895658493, -1.25919914246, 0.909842789173, -0.614478707314, 0.348232507706, -0.139384075999], [1.45998048782, -2.0390484333, 1.96127903461, -1.85491406918, 1.69253230095, -1.50898420811, 1.2832583189, -1.06045603752, 0.841635763645, -0.614478707314, 0.433298528194, -0.252232968807, 0.104466289282], [-0.785948693752, 1.09884130955, -1.05645656586, 1.00538039207, -0.920611143112, 0.823390781879, -0.701441764832, 0.582780539989, -0.472327679396, 0.348232507706, -0.252232968807, 0.166243329644, -0.0699116066098], [0.295236319304, -0.412367552519, 0.398592799902, -0.3815330863, 0.351151883602, -0.316250503063, 0.271132409573, -0.228346690536, 0.187705144286, -0.139384075999, 0.104466289282, -0.0699116066098, 0.0368033833802]]
    },
    "spectral_contrast_coeffs": {
        "mean": [-0.475641191006, -0.527110636234, -0.738281428814, -0.73503613472, -0.737262785435, -0.840914547443],
        "var": [0.0154051994905, 0.0160041637719, 0.0098313242197, 0.00905171316117, 0.00870930682868, 0.00303088361397]
    },
    "spectral_contrast_valleys": {
        "mean": [-9.65147686005, -8.71346473694, -9.96224212646, -10.7027349472, -10.0643539429, -13.3094911575],
        "var": [0.596608161926, 1.61800730228, 1.62326228619, 1.44454658031, 1.53870391846, 0.146042868495]
    }
},
"metadata": {
    "audio_properties": {
        "analysis_sample_rate": 44100,
        "bit_rate": 128074,
        "equal_loudness": 0,
        "length": 45.0612258911,
        "lossless": 0,
        "replay_gain": -6.5812664032,
        "sample_rate": 44100,
        "codec": "mp3",
        "downmix": "mix",
        "md5_encoded": "5ba738504eb7b3a1c2c8152a2f14326a"
    },
    "tags": {
        "file_name": "1888.mp3"
    },
    "version": {
        "essentia": "2.1-beta2",
        "essentia_git_sha": "v2.1_beta2",
        "extractor": "music 1.0"
    }
},
"rhythm": {
    "beats_count": 93,
    "beats_loudness": {
        "mean": 0.0186959747225,
        "var": 0.000251256191405
    },
    "bpm": 126.093086243,
    "bpm_histogram_first_peak_bpm": {
        "mean": 126,
        "var": 0
    },
    "bpm_histogram_first_peak_spread": {
        "mean": 0.600000023842,
        "var": 0
    },
    "bpm_histogram_first_peak_weight": {
        "mean": 0.130434781313,
        "var": 0
    },
    "bpm_histogram_second_peak_bpm": {
        "mean": 112,
        "var": 0
    },
    "bpm_histogram_second_peak_spread": {
        "mean": 0.523809552193,
        "var": 0
    },
    "bpm_histogram_second_peak_weight": {
        "mean": 0.108695648611,
        "var": 0
    },
    "danceability": 0.823570549488,
    "onset_rate": 1.55274188519,
    "beats_loudness_band_ratio": {
        "mean": [0.0997963994741, 0.708238482475, 0.184632211924, 0.0212495122105, 0.0700923502445, 0.00955194234848],
        "var": [0.0224677752703, 0.0703885257244, 0.0469752028584, 0.00389094161801, 0.0165983755141, 0.000542546040379]
    },
    "beats_position": [0.510838985443, 1.02167797089, 1.53251695633, 2.04335594177, 2.56580495834, 3.08825397491, 3.62231278419, 4.15637159348, 4.67882061005, 5.20126962662, 5.73532867432, 6.26938772202, 6.80344676971, 7.33750534058, 7.8251247406, 8.31274318695, 8.80036258698, 9.27637195587, 9.75238037109, 10.22838974, 10.7043991089, 11.1571884155, 11.6215867996, 12.0859861374, 12.5619955063, 13.0380039215, 13.479183197, 13.9087524414, 14.3499317169, 14.7795009613, 15.2090702057, 15.6386394501, 16.0682086945, 16.50938797, 16.9505672455, 17.3685264587, 17.786485672, 18.2044448853, 18.6340141296, 19.0635814667, 19.5047607422, 19.9459400177, 20.3755092621, 20.8399085999, 21.3043079376, 21.7803173065, 22.2563266754, 22.6626758575, 23.0690250397, 23.4753742218, 23.8701133728, 24.2880725861, 24.6828117371, 25.0891609192, 25.5419502258, 26.0063495636, 26.4591369629, 26.9119262695, 27.3763256073, 27.8407249451, 28.3051242828, 28.7695236206, 29.2223129272, 29.7215423584, 30.1975498199, 30.68516922, 31.2308387756, 31.7648983002, 32.2873458862, 32.8097953796, 33.3438529968, 33.8663024902, 34.4003639221, 34.9344215393, 35.480091095, 35.9677085876, 36.4437179565, 36.9197273254, 37.4073448181, 37.9065742493, 38.3941955566, 38.8702049255, 39.3578224182, 39.8454399109, 40.344669342, 40.8671188354, 41.3895683289, 41.9004058838, 42.3996353149, 42.9104766846, 43.4213142395, 43.9205436707, 44.4313812256]
},
"tonal": {
    "chords_changes_rate": 0.0483539104462,
    "chords_number_rate": 0.0102880662307,
    "chords_strength": {
        "mean": 0.478449106216,
        "var": 0.00632292497903
    },
    "hpcp_entropy": {
        "mean": 1.0560554266,
        "var": 0.68607968092
    },
    "key_strength": 0.663760125637,
    "tuning_diatonic_strength": 0.505085468292,
    "tuning_equal_tempered_deviation": 0.134873062372,
    "tuning_frequency": 434.444000244,
    "tuning_nontempered_energy_ratio": 0.784543037415,
    "hpcp": {
        "mean": [0.0305310245603, 0.0295318532735, 0.0549946427345, 0.240563780069, 0.278208225965, 0.0958912298083, 0.0292548779398, 0.0210069976747, 0.019751643762, 0.0306845083833, 0.0293970257044, 0.0237114261836, 0.0200865715742, 0.0116932205856, 0.0144921718165, 0.0185815952718, 0.0123058622703, 0.124298393726, 0.348618626595, 0.2689409554, 0.0463514849544, 0.0092643937096, 0.0172223094851, 0.179083392024, 0.332833200693, 0.182385385036, 0.033174354583, 0.0327812805772, 0.0285068992525, 0.0455942489207, 0.0705890357494, 0.0454400032759, 0.0487047955394, 0.176332056522, 0.16933517158, 0.0485731512308],
        "var": [0.0168535076082, 0.0162930395454, 0.0174439065158, 0.121047139168, 0.154263436794, 0.0264622941613, 0.0143943494186, 0.00873776804656, 0.00619211280718, 0.0168712455779, 0.0140144899487, 0.0063105635345, 0.00373347871937, 0.00152785202954, 0.00295929773711, 0.00389194791205, 0.00141776027158, 0.036966253072, 0.189128175378, 0.110546208918, 0.00731143075973, 0.00153719994705, 0.00593696068972, 0.0535240918398, 0.167076334357, 0.0497452244163, 0.0146536976099, 0.0149462698027, 0.0120503008366, 0.0192436464131, 0.0468497909606, 0.019114965573, 0.0104834791273, 0.106337226927, 0.0987234339118, 0.0121281761676]
    },
    "chords_histogram": [5.14403295517, 0, 18.0041160583, 2.98353910446, 2.36625504494, 23.3539085388, 1.02880656719, 2.26337456703, 0, 24.0740737915, 0, 2.57201647758, 0, 0, 0, 0, 0, 0, 0, 0, 0, 0, 18.1069965363, 0.102880656719],
    "thpcp": [1, 0.771447479725, 0.132957562804, 0.0265745799989, 0.0494015775621, 0.513694286346, 0.954720079899, 0.523165941238, 0.0951594412327, 0.0940319225192, 0.0817710161209, 0.13078546524, 0.202482119203, 0.130343019962, 0.139707952738, 0.505802154541, 0.485731840134, 0.139330342412, 0.087577149272, 0.0847110599279, 0.157750159502, 0.690048575401, 0.79803031683, 0.275060534477, 0.083916567266, 0.0602578185499, 0.0566568784416, 0.08801741153, 0.0843243151903, 0.0680153742433, 0.0576176084578, 0.0335415825248, 0.0415702722967, 0.0533006377518, 0.0352989248931, 0.356545478106],
    "chords_key": "A#",
    "chords_scale": "major",
    "key_key": "D#",
    "key_scale": "minor"
}
}