{
"lowlevel": {
    "average_loudness": 0.980570673943,
    "barkbands_crest": {
        "mean": 6.98205900192,
        "var": 9.47796344757
    },
    "barkbands_flatness_db": {
        "mean": 0.125382006168,
        "var": 0.0031317602843
    },
    "barkbands_kurtosis": {
        "mean": 0.49926891923,
        "var": 12.3154535294
    },
    "barkbands_skewness": {
        "mean": 0.92303621769,
        "var": 0.712870419025
    },
    "barkbands_spread": {
        "mean": 31.736207962,
        "var": 98.69581604
    },
    "dissonance": {
        "mean": 0.482260227203,
        "var": 0.00019210728351
    },
    "dynamic_complexity": 0.802495658398,
    "erbbands_crest": {
        "mean": 6.98272180557,
        "var": 7.00873947144
    },
    "erbbands_flatness_db": {
        "mean": 0.172851666808,
        "var": 0.000860363477841
    },
    "erbbands_kurtosis": {
        "mean": -0.115751773119,
        "var": 0.603568613529
    },
    "erbbands_skewness": {
        "mean": -0.478138685226,
        "var": 0.177565008402
    },
    "erbbands_spread": {
        "mean": 35.6316680908,
        "var": 87.6241149902
    },
    "hfc": {
        "mean": 33.9355545044,
        "var": 165.157745361
    },
    "melbands_crest": {
        "mean": 13.6319599152,
        "var": 24.5883255005
    },
    "melbands_flatness_db": {
        "mean": 0.173254534602,
        "var": 0.00432910770178
    },
    "melbands_kurtosis": {
        "mean": 6.33311128616,
        "var": 74.25440979
    },
    "melbands_skewness": {
        "mean": 2.19942760468,
        "var": 1.12371122837
    },
    "melbands_spread": {
        "mean": 35.6563186646,
        "var": 242.778457642
    },
    "pitch_salience": {
        "mean": 0.570883393288,
        "var": 0.0106945708394
    },
    "silence_rate_20dB": {
        "mean": 1,
        "var": 0
    },
    "silence_rate_30dB": {
        "mean": 1,
        "var": 0
    },
    "silence_rate_60dB": {
        "mean": 0.00154479919001,
        "var": 0.00154241069686
    },
    "spectral_centroid": {
        "mean": 1942.97253418,
        "var": 327292.9375
    },
    "spectral_complexity": {
        "mean": 37.4366645813,
        "var": 179.235015869
    },
    "spectral_decrease": {
        "mean": -8.8668237197e-009,
        "var": 3.94164217745e-018
    },
    "spectral_energy": {
        "mean": 0.0365434251726,
        "var": 6.03199478064e-005
    },
    "spectral_energyband_high": {
        "mean": 0.00118993769865,
        "var": 5.55180065476e-007
    },
    "spectral_energyband_low": {
        "mean": 0.0133786061779,
        "var": 6.88729051035e-005
    },
    "spectral_energyband_middle_high": {
        "mean": 0.0110374186188,
        "var": 2.45655191975e-005
    },
    "spectral_energyband_middle_low": {
        "mean": 0.012598647736,
        "var": 2.75824368146e-005
    },
    "spectral_entropy": {
        "mean": 7.5838060379,
        "var": 0.17606793344
    },
    "spectral_flux": {
        "mean": 0.0923143476248,
        "var": 0.000655410403851
    },
    "spectral_kurtosis": {
        "mean": 4.04271793365,
        "var": 4.47432231903
    },
    "spectral_rms": {
        "mean": 0.00593225145712,
        "var": 4.60515479972e-007
    },
    "spectral_rolloff": {
        "mean": 2049.95068359,
        "var": 933337.3125
    },
    "spectral_skewness": {
        "mean": 1.09823787212,
        "var": 0.11277757585
    },
    "spectral_spread": {
        "mean": 3194073.5,
        "var": 1.07676729344e+012
    },
    "spectral_strongpeak": {
        "mean": 0.560933947563,
        "var": 0.532850980759
    },
    "zerocrossingrate": {
        "mean": 0.0628477334976,
        "var": 0.000447355967481
    },
    "barkbands": {
        "mean": [0.000125834238133, 0.005587360356, 0.00615961523727, 0.00306793581694, 0.00271149538457, 0.003412472317, 0.00120806402992, 0.000767125806306, 0.00110522529576, 0.000704900070559, 0.000407138781156, 0.000793293060269, 0.00164473254699, 0.00169934378937, 0.000844263704494, 0.00118975644, 0.00103396829218, 0.00104136473965, 0.00155649322551, 0.000816596264485, 0.000423491175752, 0.000110706372652, 5.81249478273e-005, 5.3822845075e-005, 1.59630108101e-005, 4.24281597589e-006, 1.28878625105e-007],
        "var": [1.08943638111e-007, 2.97231745208e-005, 2.23667739192e-005, 7.83160521678e-006, 6.94445407134e-006, 1.06737688839e-005, 1.0829353414e-006, 7.22021468391e-007, 8.93795288448e-007, 5.05221635194e-007, 1.52268796683e-007, 9.38723133004e-007, 1.88853607597e-006, 2.90637240141e-006, 4.95784206578e-007, 6.51884761282e-007, 7.53142103349e-007, 4.12002407302e-007, 1.01126579466e-006, 3.09994049985e-007, 8.32186586308e-008, 9.46479072894e-009, 2.8804174601e-009, 2.11889816804e-009, 3.16955295343e-010, 3.15208970036e-011, 9.25793797635e-014]
    },
    "erbbands": {
        "mean": [0.0795224308968, 1.57063674927, 7.03039503098, 8.56092166901, 9.92396354675, 8.45845508575, 16.9652481079, 29.5768661499, 18.647611618, 19.6846237183, 15.7823419571, 30.163526535, 21.3957061768, 17.5303554535, 21.0285301208, 41.237159729, 79.5508728027, 90.7740325928, 49.2061157227, 57.8706626892, 73.2337722778, 47.5814628601, 57.4592247009, 80.0808639526, 55.5752983093, 38.7940826416, 29.0466957092, 11.1991634369, 4.86443185806, 2.01084065437, 1.67785131931, 1.14899528027, 0.822166442871, 0.270117014647, 0.0811097249389, 0.0258046220988, 0.00668775336817, 0.000805178482551, 4.09969870816e-005, 4.5738685003e-005],
        "var": [0.0225391481072, 1.9598596096, 32.7724494934, 32.7946891785, 115.36869812, 71.4230041504, 233.384094238, 943.854064941, 241.95664978, 411.819732666, 183.295593262, 700.530334473, 576.012512207, 239.188552856, 285.541900635, 2144.72802734, 4454.52685547, 8068.52734375, 1769.04187012, 1547.65161133, 2656.37182617, 1211.42578125, 1192.83740234, 2240.21899414, 1492.11315918, 676.909118652, 379.83972168, 66.6791915894, 16.441865921, 3.17890310287, 2.34551429749, 1.076395154, 0.474733710289, 0.0638116598129, 0.0131921898574, 0.00134119938593, 7.27907681721e-005, 1.67801181306e-006, 9.97593008201e-010, 8.96244745086e-011]
    },
    "gfcc": {
        "mean": [35.9743347168, 117.063339233, -151.195419312, 55.8804740906, -44.4311103821, 4.71517133713, -34.3575553894, 3.93882131577, -24.0728759766, 0.592609763145, -5.32856035233, -12.6534891129, -8.34851837158],
        "cov": [[2864.76049805, -1101.45800781, -211.806610107, -118.20690155, -376.380706787, 398.55090332, -129.157699585, 262.516357422, -137.037582397, 315.145568848, -316.403747559, 125.072875977, -282.782562256], [-1101.45800781, 969.910217285, -47.8619422913, 123.982063293, 270.916473389, -322.193603516, 121.502372742, -212.895095825, 109.936027527, -222.066589355, 241.728485107, -113.43674469, 219.351150513], [-211.806610107, -47.8619422913, 277.814575195, -19.1411323547, 15.8655071259, 51.8537559509, -73.94921875, 34.2283172607, -35.0934104919, -7.93947792053, -7.40641689301, 40.3282814026, -10.2319116592], [-118.20690155, 123.982063293, -19.1411323547, 112.514274597, 50.2133293152, -40.8668670654, 42.9014625549, -24.3618602753, 25.0436840057, -41.6171302795, 44.4392967224, -23.8489551544, 39.5063972473], [-376.380706787, 270.916473389, 15.8655071259, 50.2133293152, 152.210205078, -75.7809448242, 46.1540336609, -46.3082199097, 32.1162567139, -59.0261726379, 70.2896728516, -21.5618858337, 59.3656959534], [398.55090332, -322.193603516, 51.8537559509, -40.8668670654, -75.7809448242, 181.241485596, -30.6676120758, 82.7800445557, -28.0227355957, 69.609336853, -70.9581451416, 38.3226242065, -78.1222229004], [-129.157699585, 121.502372742, -73.94921875, 42.9014625549, 46.1540336609, -30.6676120758, 106.846633911, -9.62327289581, 39.5081481934, -19.068731308, 26.9361896515, -21.3122882843, 22.441192627], [262.516357422, -212.895095825, 34.2283172607, -24.3618602753, -46.3082199097, 82.7800445557, -9.62327289581, 96.8445129395, -7.87220811844, 55.2788467407, -52.5849227905, 31.573102951, -45.1034393311], [-137.037582397, 109.936027527, -35.0934104919, 25.0436840057, 32.1162567139, -28.0227355957, 39.5081481934, -7.87220811844, 66.454208374, -9.34283733368, 35.5948791504, -12.3105993271, 26.2766094208], [315.145568848, -222.066589355, -7.93947792053, -41.6171302795, -59.0261726379, 69.609336853, -19.068731308, 55.2788467407, -9.34283733368, 103.325576782, -40.1945419312, 36.8615570068, -50.9428939819], [-316.403747559, 241.728485107, -7.40641689301, 44.4392967224, 70.2896728516, -70.9581451416, 26.9361896515, -52.5849227905, 35.5948791504, -40.1945419312, 107.862487793, -12.1471977234, 63.4474868774], [125.072875977, -113.43674469, 40.3282814026, -23.8489551544, -21.5618858337, 38.3226242065, -21.3122882843, 31.573102951, -12.3105993271, 36.8615570068, -12.1471977234, 60.1567192078, -10.7073335648], [-282.782562256, 219.351150513, -10.2319116592, 39.5063972473, 59.3656959534, -78.1222229004, 22.441192627, -45.1034393311, 26.2766094208, -50.9428939819, 63.4474868774, -10.7073335648, 90.3265228271]],
        "icov": [[0.00185010721907, -0.00421916600317, 0.00372648937628, -0.00372090027668, 0.00230960850604, -0.00392338680103, 0.00389766553417, -0.00352125801146, 0.00334221194498, -0.00389080448076, 0.00487742666155, -0.00457684695721, 0.00331446388736], [-0.00421916600317, 0.0264828223735, -0.0119000086561, 0.0153620000929, -0.0124270450324, 0.0181981883943, -0.0154524184763, 0.0156135270372, -0.0141295241192, 0.0183114148676, -0.0238408576697, 0.0212265495211, -0.0163445789367], [0.00372648937628, -0.0119000086561, 0.0145135326311, -0.0089355437085, 0.0033301776275, -0.0112231103703, 0.0137639474124, -0.0117069920525, 0.00935101136565, -0.00633054366335, 0.0111396731809, -0.0144284898415, 0.00913040246814], [-0.00372090027668, 0.0153620000929, -0.0089355437085, 0.0235082041472, -0.00822171568871, 0.0109513886273, -0.0137558113784, 0.00857141148299, -0.00934224948287, 0.0141923064366, -0.0179625358433, 0.0162749104202, -0.0124069890007], [0.00230960850604, -0.0124270450324, 0.0033301776275, -0.00822171568871, 0.0188187938184, -0.00704515585676, 0.00304782041349, -0.00653642788529, 0.00591451395303, -0.00692057376727, 0.00790093839169, -0.00976834259927, 0.00656780507416], [-0.00392338680103, 0.0181981883943, -0.0112231103703, 0.0109513886273, -0.00704515585676, 0.0259044449776, -0.012423674576, 0.00662833824754, -0.010264178738, 0.0121631417423, -0.0166708286852, 0.0134510388598, -0.0059555680491], [0.00389766553417, -0.0154524184763, 0.0137639474124, -0.0137558113784, 0.00304782041349, -0.012423674576, 0.0282400082797, -0.0138830104843, 0.0043141557835, -0.0101209897548, 0.0153667302802, -0.0134334182367, 0.0112568177283], [-0.00352125801146, 0.0156135270372, -0.0117069920525, 0.00857141148299, -0.00653642788529, 0.00662833824754, -0.0138830104843, 0.0346277691424, -0.0139636546373, 0.00534165138379, -0.00714130233973, 0.00898275710642, -0.0100905848667], [0.00334221194498, -0.0141295241192, 0.00935101136565, -0.00934224948287, 0.00591451395303, -0.010264178738, 0.0043141557835, -0.0139636546373, 0.0326102040708, -0.0131508074701, 0.00724112102762, -0.00877282954752, 0.0060824919492], [-0.00389080448076, 0.0183114148676, -0.00633054366335, 0.0141923064366, -0.00692057376727, 0.0121631417423, -0.0101209897548, 0.00534165138379, -0.0131508074701, 0.0357700847089, -0.0200714804232, 0.00641395431012, -0.00446469383314], [0.00487742666155, -0.0238408576697, 0.0111396731809, -0.0179625358433, 0.00790093839169, -0.0166708286852, 0.0153667302802, -0.00714130233973, 0.00724112102762, -0.0200714804232, 0.0447583273053, -0.022850273177, 0.0077141658403], [-0.00457684695721, 0.0212265495211, -0.0144284898415, 0.0162749104202, -0.00976834259927, 0.0134510388598, -0.0134334182367, 0.00898275710642, -0.00877282954752, 0.00641395431012, -0.022850273177, 0.0466692745686, -0.0209994632751], [0.00331446388736, -0.0163445789367, 0.00913040246814, -0.0124069890007, 0.00656780507416, -0.0059555680491, 0.0112568177283, -0.0100905848667, 0.0060824919492, -0.00446469383314, 0.0077141658403, -0.0209994632751, 0.0381016172469]]
    },
    "melbands": {
        "mean": [0.00111762236338, 0.00321226473898, 0.00160639791284, 0.000648719142191, 0.000563470413908, 0.000659205892589, 0.000271452096058, 0.00020687727374, 0.00013935440802, 0.000176593384822, 0.000100888777524, 6.98285584804e-005, 6.39388745185e-005, 9.15564232855e-005, 0.000142610166222, 0.000152168722707, 0.000180638933671, 8.16390602267e-005, 5.84984591114e-005, 8.42214867589e-005, 9.19261947274e-005, 5.23304224771e-005, 4.46328995167e-005, 5.51448865735e-005, 6.72645110171e-005, 5.53449935978e-005, 2.16783064388e-005, 2.73282275884e-005, 2.21712180064e-005, 1.01191617432e-005, 4.94604910273e-006, 2.91597643809e-006, 1.46092543218e-006, 1.02587625861e-006, 1.05824585717e-006, 7.67701294535e-007, 6.41444387384e-007, 6.27257747965e-007, 3.98131135171e-007, 1.73467711306e-007],
        "var": [1.72774934981e-006, 6.09147082287e-006, 1.04690025182e-006, 3.93929070697e-007, 2.1897993463e-007, 4.28235495065e-007, 5.1822858893e-008, 4.84764868247e-008, 1.28438637503e-008, 2.37927046953e-008, 1.41076155202e-008, 4.35277813793e-009, 3.39255845638e-009, 1.16343361611e-008, 1.62032325335e-008, 1.30252049146e-008, 3.9187227685e-008, 5.61336443994e-009, 1.90990556703e-009, 3.51333073745e-009, 5.42741052101e-009, 1.77336656471e-009, 1.1397232047e-009, 1.33482291886e-009, 1.93648053148e-009, 1.77977887983e-009, 2.22858481669e-010, 3.76793540813e-010, 2.50845177963e-010, 5.11624284605e-011, 1.71190769893e-011, 7.00005851895e-012, 1.69099445817e-012, 1.04615469933e-012, 1.07060118149e-012, 5.20628028536e-013, 3.41671542404e-013, 3.03207871137e-013, 1.30317563923e-013, 3.50477364686e-014]
    },
    "mfcc": {
        "mean": [-589.70489502, 128.572494507, -30.9438095093, 45.2828598022, 9.56514263153, 5.131275177, 7.63353395462, -3.87755441666, -5.47516822815, 5.13257169724, -1.54754817486, 5.516664505, -5.46552705765],
        "cov": [[2470.18798828, -994.28717041, -104.599235535, -441.924865723, -262.643798828, 77.4286193848, -49.897819519, 9.4407491684, 134.846115112, 102.609580994, 105.972198486, 39.8771209717, 36.8861656189], [-994.28717041, 759.163696289, -89.1203384399, 288.147247314, 112.407936096, -48.0654182434, 30.8649311066, -33.2406959534, -73.1644897461, -58.3763198853, -70.444480896, -11.7794322968, -16.3337726593], [-104.599235535, -89.1203384399, 234.382995605, -61.1085548401, 62.2621307373, -1.92850887775, -4.82062768936, 31.1410980225, -20.7646522522, -10.6793851852, 9.76932430267, -22.0618877411, 1.88024961948], [-441.924865723, 288.147247314, -61.1085548401, 235.993835449, 39.0973701477, -18.6972122192, 27.6952724457, -4.30774927139, -19.2581882477, -20.4854240417, -31.7866592407, 1.43129181862, -13.4823455811], [-262.643798828, 112.407936096, 62.2621307373, 39.0973701477, 111.239883423, -2.70958375931, 8.84730529785, 7.54864311218, -25.0023365021, -15.2714071274, -10.8612289429, -7.21255064011, 1.59667909145], [77.4286193848, -48.0654182434, -1.92850887775, -18.6972122192, -2.70958375931, 52.0864486694, 12.3687515259, 11.8814182281, 8.00978088379, 7.8966255188, 14.9308347702, 9.99250602722, 2.93398404121], [-49.897819519, 30.8649311066, -4.82062768936, 27.6952724457, 8.84730529785, 12.3687515259, 53.0606575012, 16.6667346954, 2.1071665287, 1.24983429909, 0.353814899921, 6.57971382141, 1.54089975357], [9.4407491684, -33.2406959534, 31.1410980225, -4.30774927139, 7.54864311218, 11.8814182281, 16.6667346954, 64.2440414429, 19.9554347992, 6.61706495285, 10.8004302979, -2.87157821655, 4.94515609741], [134.846115112, -73.1644897461, -20.7646522522, -19.2581882477, -25.0023365021, 8.00978088379, 2.1071665287, 19.9554347992, 57.5577812195, 24.868391037, 8.94985866547, 1.86682724953, 3.11446976662], [102.609580994, -58.3763198853, -10.6793851852, -20.4854240417, -15.2714071274, 7.8966255188, 1.24983429909, 6.61706495285, 24.868391037, 45.9319076538, 20.456697464, 7.59628009796, 2.69880247116], [105.972198486, -70.444480896, 9.76932430267, -31.7866592407, -10.8612289429, 14.9308347702, 0.353814899921, 10.8004302979, 8.94985866547, 20.456697464, 51.14087677, 19.1675739288, 4.01996278763], [39.8771209717, -11.7794322968, -22.0618877411, 1.43129181862, -7.21255064011, 9.99250602722, 6.57971382141, -2.87157821655, 1.86682724953, 7.59628009796, 19.1675739288, 48.8341789246, 15.4214029312], [36.8861656189, -16.3337726593, 1.88024961948, -13.4823455811, 1.59667909145, 2.93398404121, 1.54089975357, 4.94515609741, 3.11446976662, 2.69880247116, 4.01996278763, 15.4214029312, 40.8079185486]],
        "icov": [[0.00117495504674, 0.00118959287647, 0.000996491056867, 0.000799733854365, 0.000637572200503, -0.000198378649657, -1.92960123968e-005, 0.000162752796314, -0.000297239312204, -8.08711320133e-006, -0.000303451553918, 0.000160764408065, -0.00040490317042], [0.00118959287647, 0.00458636088297, 0.00240214611404, -0.00205411785282, -0.00180671911221, 0.00112272938713, -0.000497161410749, 0.000384382758057, 0.00179196090903, 0.000694272282999, 0.000531386991497, 0.000662613601889, -0.000552130164579], [0.000996491056867, 0.00240214611404, 0.00843224022537, 0.00192878954113, -0.00434696907178, 0.00157440896146, 0.000207161981962, -0.00331370811909, 0.00321142212488, 0.00105275586247, -0.00190077861771, 0.00294259982184, -0.000479385867948], [0.000799733854365, -0.00205411785282, 0.00192878954113, 0.00943532120436, -0.000268559611868, 0.00112588633783, -0.0024153268896, -0.00134389812592, -0.00069869752042, 0.000110836983367, 0.00153061863966, -0.00188718142454, 0.00227536680177], [0.000637572200503, -0.00180671911221, -0.00434696907178, -0.000268559611868, 0.0153792956844, -0.00218120124191, -0.000417560484493, -0.000843970803544, 0.00208429526538, -0.000696607981808, 0.000988253508694, -2.76689161183e-006, -0.00172408460639], [-0.000198378649657, 0.00112272938713, 0.00157440896146, 0.00112588633783, -0.00218120124191, 0.0242201704532, -0.00551849650219, -0.0024356150534, 8.77090769791e-006, 0.000459368340671, -0.00399263203144, -0.00240151933394, 0.00104543776251], [-1.92960123968e-005, -0.000497161410749, 0.000207161981962, -0.0024153268896, -0.000417560484493, -0.00551849650219, 0.0241372920573, -0.00639838445932, 0.00101668026764, -0.00153190689161, 0.00214735534973, -0.00324745033868, 0.000327364017721], [0.000162752796314, 0.000384382758057, -0.00331370811909, -0.00134389812592, -0.000843970803544, -0.0024356150534, -0.00639838445932, 0.0235159676522, -0.00986364111304, 0.00278865010478, -0.00505745084956, 0.00404250156134, -0.00314563303255], [-0.000297239312204, 0.00179196090903, 0.00321142212488, -0.00069869752042, 0.00208429526538, 8.77090769791e-006, 0.00101668026764, -0.00986364111304, 0.0305641461164, -0.0130374887958, 0.00401065917686, 0.0012249291176, -0.000646595784929], [-8.08711320133e-006, 0.000694272282999, 0.00105275586247, 0.000110836983367, -0.000696607981808, 0.000459368340671, -0.00153190689161, 0.00278865010478, -0.0130374887958, 0.034504275769, -0.0117698432878, 0.000698348507285, -0.0004039061605], [-0.000303451553918, 0.000531386991497, -0.00190077861771, 0.00153061863966, 0.000988253508694, -0.00399263203144, 0.00214735534973, -0.00505745084956, 0.00401065917686, -0.0117698432878, 0.0331176556647, -0.012693958357, 0.00386740430258], [0.000160764408065, 0.000662613601889, 0.00294259982184, -0.00188718142454, -2.76689161183e-006, -0.00240151933394, -0.00324745033868, 0.00404250156134, 0.0012249291176, 0.000698348507285, -0.012693958357, 0.0315630845726, -0.0116506144404], [-0.00040490317042, -0.000552130164579, -0.000479385867948, 0.00227536680177, -0.00172408460639, 0.00104543776251, 0.000327364017721, -0.00314563303255, -0.000646595784929, -0.0004039061605, 0.00386740430258, -0.0116506144404, 0.0298828817904]]
    },
    "spectral_contrast_coeffs": {
        "mean": [-0.63221180439, -0.727370142937, -0.779445707798, -0.749361395836, -0.754177153111, -0.709328174591],
        "var": [0.00341767095961, 0.00622991332784, 0.00180308427662, 0.00227920594625, 0.00220350408927, 0.00123592675664]
    },
    "spectral_contrast_valleys": {
        "mean": [-6.76092100143, -6.31151628494, -6.87776374817, -6.94206619263, -6.69354867935, -10.3422212601],
        "var": [0.381802231073, 0.583502352238, 0.668014109135, 0.829365313053, 1.00904536247, 1.05142736435]
    }
},
"metadata": {
    "audio_properties": {
        "analysis_sample_rate": 44100,
        "bit_rate": 128074,
        "equal_loudness": 0,
        "length": 45.0612258911,
        "lossless": 0,
        "replay_gain": -5.15977478027,
        "sample_rate": 44100,
        "codec": "mp3",
        "downmix": "mix",
        "md5_encoded": "bf7b0c6487a28b27c873d5ceda106fb1"
    },
    "tags": {
        "file_name": "1889.mp3"
    },
    "version": {
        "essentia": "2.1-beta2",
        "essentia_git_sha": "v2.1_beta2",
        "extractor": "music 1.0"
    }
},
"rhythm": {
    "beats_count": 87,
    "beats_loudness": {
        "mean": 0.0368564911187,
        "var": 5.47548770555e-005
    },
    "bpm": 117.891136169,
    "bpm_histogram_first_peak_bpm": {
        "mean": 117,
        "var": 0
    },
    "bpm_histogram_first_peak_spread": {
        "mean": 0.435897439718,
        "var": 0
    },
    "bpm_histogram_first_peak_weight": {
        "mean": 0.511627912521,
        "var": 0
    },
    "bpm_histogram_second_peak_bpm": {
        "mean": 110,
        "var": 0
    },
    "bpm_histogram_second_peak_spread": {
        "mean": 0.428571432829,
        "var": 0
    },
    "bpm_histogram_second_peak_weight": {
        "mean": 0.0465116277337,
        "var": 0
    },
    "danceability": 0.999158501625,
    "onset_rate": 0.732006907463,
    "beats_loudness_band_ratio": {
        "mean": [0.432624697685, 0.14567565918, 0.0914165005088, 0.129044830799, 0.153789997101, 0.0813272595406],
        "var": [0.0273533929139, 0.012752642855, 0.00240731867962, 0.00424258410931, 0.00447143288329, 0.00230217119679]
    },
    "beats_position": [0.53405892849, 1.07972788811, 1.62539684772, 2.17106580734, 2.71673464775, 3.25079369545, 3.78485250473, 4.28408145905, 4.78331041336, 5.28253936768, 5.78176879883, 6.29260778427, 6.80344676971, 7.31428575516, 7.83673477173, 8.35918331146, 8.87002277374, 9.39247131348, 9.91492080688, 10.4257593155, 10.9365987778, 11.4358272552, 11.9466667175, 12.445895195, 12.9567346573, 13.4675731659, 13.9784126282, 14.512471199, 15.0000905991, 15.4993190765, 15.9985485077, 16.50938797, 17.0086174011, 17.5194549561, 18.0186843872, 18.5179138184, 19.0171432495, 19.5395908356, 20.0504302979, 20.5728797913, 21.0953292847, 21.6177768707, 22.128616333, 22.6394557953, 23.1502952576, 23.6611328125, 24.1719722748, 24.6944217682, 25.2052612305, 25.7044887543, 26.2037181854, 26.7029476166, 27.2137870789, 27.7246246338, 28.2354640961, 28.7463035583, 29.2571430206, 29.7563705444, 30.2672100067, 30.778049469, 31.3004989624, 31.8113365173, 32.322177887, 32.8214035034, 33.332244873, 33.8546943665, 34.3655319214, 34.8763694763, 35.3872108459, 35.8980484009, 36.4088897705, 36.9197273254, 37.4189567566, 37.9181861877, 38.4174156189, 38.91664505, 39.427482605, 39.9383201599, 40.4375495911, 40.9483909607, 41.4476165771, 41.9584579468, 42.4692955017, 42.9801368713, 43.4909744263, 44.0018119812, 44.5126533508]
},
"tonal": {
    "chords_changes_rate": 0.0277777779847,
    "chords_number_rate": 0.00617283955216,
    "chords_strength": {
        "mean": 0.520348489285,
        "var": 0.00898595899343
    },
    "hpcp_entropy": {
        "mean": 2.03361153603,
        "var": 0.447975546122
    },
    "key_strength": 0.64735776186,
    "tuning_diatonic_strength": 0.480338096619,
    "tuning_equal_tempered_deviation": 0.0332634113729,
    "tuning_frequency": 440.763122559,
    "tuning_nontempered_energy_ratio": 0.655840754509,
    "hpcp": {
        "mean": [0.275543451309, 0.134603217244, 0.0518219061196, 0.0540348030627, 0.0867506489158, 0.181969583035, 0.243065685034, 0.187000796199, 0.151337742805, 0.159160733223, 0.116089455783, 0.074074678123, 0.0712865963578, 0.078975841403, 0.150145560503, 0.196208700538, 0.126288071275, 0.0715536996722, 0.0669650807977, 0.0886420682073, 0.328216582537, 0.557996034622, 0.391635477543, 0.219543471932, 0.186897844076, 0.106981933117, 0.0785389468074, 0.0896476879716, 0.114111155272, 0.293541610241, 0.377889662981, 0.204177290201, 0.109476037323, 0.114823073149, 0.128206297755, 0.241331160069],
        "var": [0.0899061262608, 0.0222569331527, 0.0107858916745, 0.0152122108266, 0.0249391905963, 0.0545069910586, 0.0660120546818, 0.053537927568, 0.0405945815146, 0.033668808639, 0.0174994114786, 0.00683844601735, 0.00842635054141, 0.0113326171413, 0.0220953449607, 0.0439497902989, 0.0312081221491, 0.0216104723513, 0.023951869458, 0.026836225763, 0.070285178721, 0.146794781089, 0.0887925997376, 0.0754757896066, 0.069395005703, 0.0262544248253, 0.0153672937304, 0.0169404707849, 0.0191304646432, 0.0778403356671, 0.115116730332, 0.0400296859443, 0.0227198451757, 0.0258419606835, 0.0326447188854, 0.0777751207352]
    },
    "chords_histogram": [29.9382724762, 12.9629631042, 35.6995887756, 11.728395462, 0, 0, 0, 5.76131677628, 0, 0.205761313438, 0, 0, 0, 0, 0, 0, 0, 0, 0, 0, 0, 0, 0, 3.70370364189],
    "thpcp": [1, 0.701860666275, 0.393449872732, 0.334944754839, 0.191725254059, 0.140751793981, 0.160660088062, 0.204501733184, 0.526063978672, 0.677226424217, 0.365911722183, 0.196195006371, 0.205777585506, 0.229762017727, 0.432496190071, 0.493808984756, 0.241226121783, 0.0928714573383, 0.0968372523785, 0.155468210578, 0.326112687588, 0.435604691505, 0.335129261017, 0.271216511726, 0.28523632884, 0.208047091961, 0.132751256227, 0.127754658461, 0.141534775496, 0.269079983234, 0.351630985737, 0.226324319839, 0.128233343363, 0.120009958744, 0.158857882023, 0.588205933571],
    "chords_key": "E",
    "chords_scale": "minor",
    "key_key": "A",
    "key_scale": "minor"
}
}