{
"lowlevel": {
    "average_loudness": 0.955535113811,
    "barkbands_crest": {
        "mean": 8.15696334839,
        "var": 12.7883415222
    },
    "barkbands_flatness_db": {
        "mean": 0.1811953336,
        "var": 0.00178783223964
    },
    "barkbands_kurtosis": {
        "mean": 1.49140167236,
        "var": 4.32836723328
    },
    "barkbands_skewness": {
        "mean": 0.722131311893,
        "var": 0.525458335876
    },
    "barkbands_spread": {
        "mean": 8.76675605774,
        "var": 11.6100311279
    },
    "dissonance": {
        "mean": 0.467875510454,
        "var": 0.00097332149744
    },
    "dynamic_complexity": 2.20982694626,
    "erbbands_crest": {
        "mean": 9.82201957703,
        "var": 16.7593135834
    },
    "erbbands_flatness_db": {
        "mean": 0.282535463572,
        "var": 0.00133904139511
    },
    "erbbands_kurtosis": {
        "mean": 1.00872349739,
        "var": 2.37802314758
    },
    "erbbands_skewness": {
        "mean": 0.567854106426,
        "var": 0.287839233875
    },
    "erbbands_spread": {
        "mean": 13.7324304581,
        "var": 27.240398407
    },
    "hfc": {
        "mean": 29.8909816742,
        "var": 397.79989624
    },
    "melbands_crest": {
        "mean": 10.340013504,
        "var": 28.9611129761
    },
    "melbands_flatness_db": {
        "mean": 0.196986436844,
        "var": 0.00393504230306
    },
    "melbands_kurtosis": {
        "mean": 2.84887647629,
        "var": 13.6147975922
    },
    "melbands_skewness": {
        "mean": 0.982905209064,
        "var": 0.764227628708
    },
    "melbands_spread": {
        "mean": 15.8564195633,
        "var": 66.9824752808
    },
    "pitch_salience": {
        "mean": 0.681794464588,
        "var": 0.0125189227983
    },
    "silence_rate_20dB": {
        "mean": 1,
        "var": 0
    },
    "silence_rate_30dB": {
        "mean": 1,
        "var": 0
    },
    "silence_rate_60dB": {
        "mean": 0.047373842448,
        "var": 0.0451291687787
    },
    "spectral_centroid": {
        "mean": 1462.03210449,
        "var": 334602.0625
    },
    "spectral_complexity": {
        "mean": 24.9289398193,
        "var": 109.498550415
    },
    "spectral_decrease": {
        "mean": -5.70712677117e-009,
        "var": 8.81726556506e-018
    },
    "spectral_energy": {
        "mean": 0.0242512281984,
        "var": 0.000160169409355
    },
    "spectral_energyband_high": {
        "mean": 0.000294371042401,
        "var": 1.88091092923e-007
    },
    "spectral_energyband_low": {
        "mean": 2.52560548688e-005,
        "var": 8.25992885201e-010
    },
    "spectral_energyband_middle_high": {
        "mean": 0.0149214072153,
        "var": 0.000122388169984
    },
    "spectral_energyband_middle_low": {
        "mean": 0.00942488852888,
        "var": 8.13820151961e-005
    },
    "spectral_entropy": {
        "mean": 7.38298797607,
        "var": 0.129296973348
    },
    "spectral_flux": {
        "mean": 0.094040773809,
        "var": 0.00101402646396
    },
    "spectral_kurtosis": {
        "mean": 9.28214740753,
        "var": 24.8746261597
    },
    "spectral_rms": {
        "mean": 0.00464495271444,
        "var": 2.08412143365e-006
    },
    "spectral_rolloff": {
        "mean": 1735.30822754,
        "var": 897655.375
    },
    "spectral_skewness": {
        "mean": 1.93689131737,
        "var": 0.172202706337
    },
    "spectral_spread": {
        "mean": 2365185.5,
        "var": 1.8083446784e+012
    },
    "spectral_strongpeak": {
        "mean": 1.76639389992,
        "var": 1.24425554276
    },
    "zerocrossingrate": {
        "mean": 0.0619584135711,
        "var": 0.000744478602428
    },
    "barkbands": {
        "mean": [5.1295328376e-006, 7.95906635176e-006, 7.305170584e-006, 1.84208001883e-005, 0.000176814981387, 0.000499443267472, 0.00113315938506, 0.00419055810198, 0.00259724981152, 0.00216614361852, 0.00221317261457, 0.00216691149399, 0.00191010755952, 0.00219038198702, 0.00166371988598, 0.00124416395556, 0.000819645007141, 0.000560894666705, 0.000306556146825, 0.000150777268573, 9.33200280997e-005, 5.74211589992e-005, 3.88571133954e-005, 2.13903094846e-005, 1.02545191112e-005, 1.39529402077e-006, 8.77350174733e-008],
        "var": [2.74492806956e-011, 5.46177894578e-011, 2.3565924212e-010, 9.53176204632e-010, 5.21121066299e-008, 3.44108173067e-007, 2.99578368868e-006, 4.56722664239e-005, 1.37867027661e-005, 6.20620903646e-006, 8.02229715191e-006, 5.17093258168e-006, 4.7864791668e-006, 7.42437532608e-006, 4.35011270383e-006, 2.92878098662e-006, 9.78155412668e-007, 4.66511039576e-007, 2.97013542649e-007, 2.9706546556e-008, 2.2484462292e-008, 9.16964104647e-009, 4.23179935538e-009, 1.43844391953e-009, 4.09472816765e-010, 8.72527137347e-012, 3.44961198143e-015]
    },
    "erbbands": {
        "mean": [0.000300230749417, 0.00158511381596, 0.00744061358273, 0.0376080647111, 0.210537478328, 0.610595166683, 1.84492087364, 4.55543279648, 10.3528051376, 39.067199707, 104.846038818, 62.6110534668, 67.2249298096, 73.9837722778, 93.9125595093, 89.8372955322, 86.3401794434, 118.694778442, 92.3733825684, 81.175201416, 63.3563575745, 45.1836013794, 32.3941955566, 21.1678752899, 12.562707901, 7.27759504318, 4.63576984406, 3.17814517021, 2.15887212753, 1.46738398075, 1.08590972424, 0.566430747509, 0.299815177917, 0.148138999939, 0.0556442588568, 0.0141143780202, 0.00088148098439, 0.000165353645571, 2.07263692573e-005, 3.0580231396e-005],
        "var": [6.72594637763e-008, 3.19080231748e-006, 0.000173273670953, 0.00344388093799, 0.0949239581823, 0.682489156723, 6.88559913635, 31.0424995422, 151.284011841, 3256.59277344, 33199.9648438, 7280.4921875, 6773.64208984, 7914.33740234, 14801.6494141, 7435.65478516, 8605.96679688, 20158.4921875, 12166.2666016, 10530.5576172, 7137.88818359, 2921.66137695, 1527.05847168, 897.885437012, 496.74609375, 69.6040725708, 46.3841362, 27.1962394714, 13.1704549789, 6.1247420311, 3.37679100037, 1.02196884155, 0.290035426617, 0.0830761790276, 0.0129017625004, 0.000867681228556, 3.59658315574e-006, 1.00957455729e-008, 1.1889138285e-010, 2.67142558075e-010]
    },
    "gfcc": {
        "mean": [-49.2839164734, 89.9069442749, -212.541748047, -20.4280395508, -73.683013916, -5.87566900253, -34.1897964478, 3.97837114334, -13.1061468124, -5.8764667511, -1.26683926582, -8.51754665375, -5.72450876236],
        "cov": [[5096.83691406, -1341.51452637, -1113.03942871, 439.289398193, -184.907073975, 844.268310547, -264.345703125, 208.973266602, -68.9535064697, 185.130340576, -257.781616211, 92.993309021, 166.115432739], [-1341.51452637, 1588.91650391, 391.626586914, -558.835327148, -68.6115493774, -863.597412109, 240.412384033, -155.770614624, 23.387594223, -242.090988159, 277.36050415, -160.7212677, -158.099685669], [-1113.03942871, 391.626586914, 401.486816406, -71.8556594849, -5.8016500473, -216.862197876, 35.5924301147, -50.963104248, -25.8232078552, -64.4865646362, 37.6388282776, -22.1699314117, -59.4255905151], [439.289398193, -558.835327148, -71.8556594849, 327.811706543, 64.640007019, 307.891418457, -149.70072937, 39.3520317078, -3.88759565353, 87.2631072998, -142.066177368, 41.1906089783, 69.6109771729], [-184.907073975, -68.6115493774, -5.8016500473, 64.640007019, 122.901329041, 55.8756980896, -34.2243080139, -13.0066747665, 18.0017623901, 22.0710678101, -29.20129776, -2.55326986313, 10.2211370468], [844.268310547, -863.597412109, -216.862197876, 307.891418457, 55.8756980896, 584.921264648, -90.8106842041, 59.4139671326, -60.243686676, 127.849555969, -154.390457153, 101.235023499, 81.4110488892], [-264.345703125, 240.412384033, 35.5924301147, -149.70072937, -34.2243080139, -90.8106842041, 204.046905518, 6.14560699463, -11.239449501, -46.8996200562, 78.0990982056, -5.09033823013, -36.2543563843], [208.973266602, -155.770614624, -50.963104248, 39.3520317078, -13.0066747665, 59.4139671326, 6.14560699463, 87.2209625244, 33.3946266174, 19.1597385406, -24.244638443, 8.3412322998, 9.09417247772], [-68.9535064697, 23.387594223, -25.8232078552, -3.88759565353, 18.0017623901, -60.243686676, -11.239449501, 33.3946266174, 111.146469116, 30.6808433533, -3.83928728104, -30.0462627411, 4.18356704712], [185.130340576, -242.090988159, -64.4865646362, 87.2631072998, 22.0710678101, 127.849555969, -46.8996200562, 19.1597385406, 30.6808433533, 91.6980056763, -31.7276706696, 21.2970638275, 26.7598705292], [-257.781616211, 277.36050415, 37.6388282776, -142.066177368, -29.20129776, -154.390457153, 78.0990982056, -24.244638443, -3.83928728104, -31.7276706696, 118.516395569, -3.89403533936, -36.2994689941], [92.993309021, -160.7212677, -22.1699314117, 41.1906089783, -2.55326986313, 101.235023499, -5.09033823013, 8.3412322998, -30.0462627411, 21.2970638275, -3.89403533936, 72.3421936035, 27.8980884552], [166.115432739, -158.099685669, -59.4255905151, 69.6109771729, 10.2211370468, 81.4110488892, -36.2543563843, 9.09417247772, 4.18356704712, 26.7598705292, -36.2994689941, 27.8980884552, 67.7461013794]],
        "icov": [[0.00175497459713, -0.00322651304305, 0.00559338275343, -0.00243729888462, 0.00407643709332, -0.00224637310021, 0.00200136122294, -0.00339958188124, 0.00251295021735, -0.00201553385705, 0.00282379845157, -0.00146362034138, 0.00194636906963], [-0.00322651304305, 0.0136413406581, -0.0120318178087, 0.007291439455, -0.00885617919266, 0.0102772368118, -0.0060508097522, 0.0116135012358, -0.00495744822547, 0.00791539810598, -0.00784157309681, 0.00687323743477, -0.0039634895511], [0.00559338275343, -0.0120318178087, 0.0225773472339, -0.0103752138093, 0.0129387360066, -0.00529517419636, 0.00567673053592, -0.0107148485258, 0.00963892880827, -0.00790650118142, 0.012068268843, -0.00848713610321, 0.0100479824468], [-0.00243729888462, 0.007291439455, -0.0103752138093, 0.0168320350349, -0.00830450747162, 0.00125692214351, 0.00100345141254, 0.00377414911054, -0.00308845262043, 0.0025454829447, -0.000484780233819, 0.00464657973498, -0.00661902921274], [0.00407643709332, -0.00885617919266, 0.0129387360066, -0.00830450747162, 0.020362092182, -0.0078440560028, 0.0048395046033, -0.00427329028025, 0.00155231019016, -0.00413496186957, 0.00672348635271, -0.0035241167061, 0.00532834976912], [-0.00224637310021, 0.0102772368118, -0.00529517419636, 0.00125692214351, -0.0078440560028, 0.0175921879709, -0.00757756410167, 0.00692676752806, 0.00352241238579, -0.00179143575951, 0.00129704782739, -0.000840884749778, 0.000145070196595], [0.00200136122294, -0.0060508097522, 0.00567673053592, 0.00100345141254, 0.0048395046033, -0.00757756410167, 0.0125021766871, -0.00867553800344, 0.00240433542058, -0.000380146753741, -0.000341917562764, -0.0017526911106, 0.00169146864209], [-0.00339958188124, 0.0116135012358, -0.0107148485258, 0.00377414911054, -0.00427329028025, 0.00692676752806, -0.00867553800344, 0.0296233315021, -0.0147457169369, 0.0101855648682, -0.00474171480164, 0.001675866195, -0.000480583548779], [0.00251295021735, -0.00495744822547, 0.00963892880827, -0.00308845262043, 0.00155231019016, 0.00352241238579, 0.00240433542058, -0.0147457169369, 0.0256934072822, -0.0162842329592, 0.00728354044259, 0.00328518706374, 9.19402082218e-005], [-0.00201553385705, 0.00791539810598, -0.00790650118142, 0.0025454829447, -0.00413496186957, -0.00179143575951, -0.000380146753741, 0.0101855648682, -0.0162842329592, 0.0309505835176, -0.0115253226832, 0.00221756938845, -0.00323929986916], [0.00282379845157, -0.00784157309681, 0.012068268843, -0.000484780233819, 0.00672348635271, 0.00129704782739, -0.000341917562764, -0.00474171480164, 0.00728354044259, -0.0115253226832, 0.0309239216149, -0.0139696570113, 0.0101657100022], [-0.00146362034138, 0.00687323743477, -0.00848713610321, 0.00464657973498, -0.0035241167061, -0.000840884749778, -0.0017526911106, 0.001675866195, 0.00328518706374, 0.00221756938845, -0.0139696570113, 0.0317673236132, -0.0138568766415], [0.00194636906963, -0.0039634895511, 0.0100479824468, -0.00661902921274, 0.00532834976912, 0.000145070196595, 0.00169146864209, -0.000480583548779, 9.19402082218e-005, -0.00323929986916, 0.0101657100022, -0.0138568766415, 0.0287725236267]]
    },
    "melbands": {
        "mean": [2.70770033239e-006, 3.25839278048e-006, 1.06085490188e-005, 2.65404833044e-005, 5.67623501411e-005, 0.000106210856757, 0.000174037370016, 0.000491321145091, 0.000843868416268, 0.00035878320341, 0.000329186703311, 0.000287608418148, 0.00032092485344, 0.00024654448498, 0.000202596202143, 0.000201974107767, 0.000220634727157, 0.000147533181007, 0.000122469762573, 9.50955800363e-005, 6.98570875102e-005, 4.86811331939e-005, 3.4791908547e-005, 2.53326670645e-005, 1.62684882525e-005, 1.096214055e-005, 6.21628578301e-006, 4.45744217359e-006, 3.0530359254e-006, 2.24165296459e-006, 1.69797681338e-006, 1.27359169255e-006, 9.57797055889e-007, 7.52594701225e-007, 6.69769463002e-007, 4.45918090008e-007, 3.1006379686e-007, 2.23070443894e-007, 1.53119401602e-007, 1.15788530763e-007],
        "var": [4.80622182678e-012, 2.71453554079e-011, 2.60659022144e-010, 1.10380238283e-009, 6.26200113985e-009, 1.63134430409e-008, 4.72077736902e-008, 4.65823490003e-007, 2.11126757677e-006, 2.57615369037e-007, 1.71282309225e-007, 1.32983558387e-007, 1.78185672439e-007, 7.34672056524e-008, 4.35970477497e-008, 5.46921228306e-008, 7.6346246658e-008, 3.47585356053e-008, 2.44506530578e-008, 1.66612768027e-008, 9.06573838222e-009, 3.66491104131e-009, 1.99267335965e-009, 9.28687404755e-010, 6.38236130612e-010, 6.08469719054e-010, 5.41303044055e-011, 2.87303063284e-011, 2.0341124618e-011, 1.37116420648e-011, 8.48976357964e-012, 4.76196165833e-012, 2.83468474388e-012, 1.63527004438e-012, 1.35067922558e-012, 6.07709032836e-013, 3.37836394059e-013, 1.69580251534e-013, 7.76250401848e-014, 5.7301914407e-014]
    },
    "mfcc": {
        "mean": [-662.530944824, 127.614738464, -82.6234588623, -21.4360561371, -27.7208995819, -19.9329185486, -13.2973184586, -1.91332387924, -11.4754066467, 3.97283124924, -1.13423871994, 1.88235342503, -1.10750758648],
        "cov": [[3976.57397461, -1973.1776123, -555.109130859, -355.049621582, 236.095657349, 605.613647461, 19.9181518555, 114.951202393, 413.440490723, -30.2535037994, 35.5234680176, -27.6532497406, -18.3151168823], [-1973.1776123, 2040.49035645, 209.179550171, 219.105392456, -411.898712158, -661.963562012, -1.10851085186, -61.6950416565, -419.848693848, 41.6409034729, -1.42488706112, 29.6032524109, -2.78268361092], [-555.109130859, 209.179550171, 262.58682251, 71.1213684082, -40.1938514709, -71.228263855, 7.21652078629, -11.0098733902, -53.5148925781, -33.280254364, -29.6195735931, -9.32064628601, -1.08210325241], [-355.049621582, 219.105392456, 71.1213684082, 139.891983032, 17.209022522, -99.9848556519, -50.9700927734, -35.721912384, -23.6140708923, 21.4428939819, -22.2963218689, -14.087225914, 2.28172183037], [236.095657349, -411.898712158, -40.1938514709, 17.209022522, 269.01763916, 153.466888428, -73.2127304077, -44.1064796448, 91.1621398926, 17.4197978973, -29.7569675446, -32.7453041077, -14.5700454712], [605.613647461, -661.963562012, -71.228263855, -99.9848556519, 153.466888428, 337.628173828, 49.1516189575, 12.7105884552, 134.382522583, -32.7802886963, -14.585477829, -8.93167304993, -10.8192176819], [19.9181518555, -1.10851085186, 7.21652078629, -50.9700927734, -73.2127304077, 49.1516189575, 134.805709839, 55.3601951599, -26.9227771759, -41.9346504211, 0.575638175011, 12.659157753, -1.97474944592], [114.951202393, -61.6950416565, -11.0098733902, -35.721912384, -44.1064796448, 12.7105884552, 55.3601951599, 86.2014389038, 17.3196563721, -22.8995361328, 11.8155651093, 6.84948539734, 8.20451164246], [413.440490723, -419.848693848, -53.5148925781, -23.6140708923, 91.1621398926, 134.382522583, -26.9227771759, 17.3196563721, 171.6146698, 20.5338153839, -4.65352010727, -7.48305177689, 4.41552782059], [-30.2535037994, 41.6409034729, -33.280254364, 21.4428939819, 17.4197978973, -32.7802886963, -41.9346504211, -22.8995361328, 20.5338153839, 71.9464035034, 19.8382644653, 0.679160535336, -1.3470531702], [35.5234680176, -1.42488706112, -29.6195735931, -22.2963218689, -29.7569675446, -14.585477829, 0.575638175011, 11.8155651093, -4.65352010727, 19.8382644653, 73.4854125977, 26.0792217255, 2.03762698174], [-27.6532497406, 29.6032524109, -9.32064628601, -14.087225914, -32.7453041077, -8.93167304993, 12.659157753, 6.84948539734, -7.48305177689, 0.679160535336, 26.0792217255, 55.6493263245, 15.7285137177], [-18.3151168823, -2.78268361092, -1.08210325241, 2.28172183037, -14.5700454712, -10.8192176819, -1.97474944592, 8.20451164246, 4.41552782059, -1.3470531702, 2.03762698174, 15.7285137177, 47.6970176697]],
        "icov": [[0.000759196875151, 0.000771195453126, 0.00113814836368, 0.000305530644255, 0.000764846918173, 0.000155110028572, 0.000438169809058, -0.000135440612212, -2.12009272218e-005, 0.000323869928252, 0.00034748451435, 0.000300361338304, 0.000555199396331], [0.000771195453126, 0.00324302865192, 0.00107761623804, -0.00109481159598, 0.00237605627626, 0.00257288524881, -0.000223711176659, 0.000601009407546, 0.0030480872374, -0.00143035710789, 0.00190141936764, -0.000548485782929, 0.0015360058751], [0.00113814836368, 0.00107761623804, 0.00701547693461, -0.00241527426988, 0.00179314264096, 0.000357651442755, 0.000292330718366, 0.000430431420682, 0.00012529848027, 0.00354219903238, 0.00106310250703, 0.000698121322785, 0.00115436094347], [0.000305530644255, -0.00109481159598, -0.00241527426988, 0.0149345910177, -0.00368845346384, 0.00407217489555, 0.000225057490752, 0.00227261171676, -0.00328450324014, -0.000834133883473, 0.00190821115393, 0.00137641991023, -0.00155530346092], [0.000764846918173, 0.00237605627626, 0.00179314264096, -0.00368845346384, 0.0111051732674, -0.0043737096712, 0.00582745904103, 0.000150230960571, 0.0027552107349, -0.0019486641977, 0.00302258646116, 0.00126846809871, 0.00240756664425], [0.000155110028572, 0.00257288524881, 0.000357651442755, 0.00407217489555, -0.0043737096712, 0.0141221862286, -0.00827465672046, 0.00599835067987, -0.00448059430346, 0.00327945803292, 0.000487583281938, -0.000571427633986, 0.00119092909154], [0.000438169809058, -0.000223711176659, 0.000292330718366, 0.000225057490752, 0.00582745904103, -0.00827465672046, 0.0195150375366, -0.0103965736926, 0.0058379881084, 0.000847115239594, 0.00297967204824, -0.0019904281944, 0.00266307871789], [-0.000135440612212, 0.000601009407546, 0.000430431420682, 0.00227261171676, 0.000150230960571, 0.00599835067987, -0.0103965736926, 0.0228211227804, -0.00713241146877, 0.00618692161515, -0.00440518464893, 0.00272900168784, -0.00294206850231], [-2.12009272218e-005, 0.0030480872374, 0.00012529848027, -0.00328450324014, 0.0027552107349, -0.00448059430346, 0.0058379881084, -0.00713241146877, 0.0176758896559, -0.00856887828559, 0.0044569238089, -0.00162322085816, 9.00516824913e-005], [0.000323869928252, -0.00143035710789, 0.00354219903238, -0.000834133883473, -0.0019486641977, 0.00327945803292, 0.000847115239594, 0.00618692161515, -0.00856887828559, 0.0259438958019, -0.00844871066511, 0.00208421936259, 0.000480251386762], [0.00034748451435, 0.00190141936764, 0.00106310250703, 0.00190821115393, 0.00302258646116, 0.000487583281938, 0.00297967204824, -0.00440518464893, 0.0044569238089, -0.00844871066511, 0.0222037751228, -0.00915168598294, 0.00351031380706], [0.000300361338304, -0.000548485782929, 0.000698121322785, 0.00137641991023, 0.00126846809871, -0.000571427633986, -0.0019904281944, 0.00272900168784, -0.00162322085816, 0.00208421936259, -0.00915168598294, 0.0260220840573, -0.0082415593788], [0.000555199396331, 0.0015360058751, 0.00115436094347, -0.00155530346092, 0.00240756664425, 0.00119092909154, 0.00266307871789, -0.00294206850231, 9.00516824913e-005, 0.000480251386762, 0.00351031380706, -0.0082415593788, 0.0255639702082]]
    },
    "spectral_contrast_coeffs": {
        "mean": [-0.638370037079, -0.733190536499, -0.766004502773, -0.766368567944, -0.770551741123, -0.749234318733],
        "var": [0.00592006277293, 0.00703775696456, 0.00330270221457, 0.0022426226642, 0.000929325120524, 0.00114418170415]
    },
    "spectral_contrast_valleys": {
        "mean": [-9.6728887558, -6.49574708939, -6.38654708862, -6.85597324371, -7.37515974045, -11.1828804016],
        "var": [0.669596493244, 0.901025831699, 1.09990859032, 1.50897336006, 1.11985945702, 1.52762615681]
    }
},
"metadata": {
    "audio_properties": {
        "analysis_sample_rate": 44100,
        "bit_rate": 108690,
        "equal_loudness": 0,
        "length": 45.0612258911,
        "lossless": 0,
        "replay_gain": -13.0407562256,
        "sample_rate": 44100,
        "codec": "mp3",
        "downmix": "mix",
        "md5_encoded": "45811dfb36712fadfa49e9c609321e1f"
    },
    "tags": {
        "file_name": "189.mp3"
    },
    "version": {
        "essentia": "2.1-beta2",
        "essentia_git_sha": "v2.1_beta2",
        "extractor": "music 1.0"
    }
},
"rhythm": {
    "beats_count": 72,
    "beats_loudness": {
        "mean": 0.0289017092437,
        "var": 0.000144923687913
    },
    "bpm": 89.8746795654,
    "bpm_histogram_first_peak_bpm": {
        "mean": 89,
        "var": 0
    },
    "bpm_histogram_first_peak_spread": {
        "mean": 0.382352977991,
        "var": 0
    },
    "bpm_histogram_first_peak_weight": {
        "mean": 0.295774638653,
        "var": 0
    },
    "bpm_histogram_second_peak_bpm": {
        "mean": 110,
        "var": 0
    },
    "bpm_histogram_second_peak_spread": {
        "mean": 0.444444477558,
        "var": 0
    },
    "bpm_histogram_second_peak_weight": {
        "mean": 0.14084507525,
        "var": 0
    },
    "danceability": 0.943886995316,
    "onset_rate": 1.68583405018,
    "beats_loudness_band_ratio": {
        "mean": [0.00408680271357, 0.0361588597298, 0.378645539284, 0.388761490583, 0.203094303608, 0.024537621066],
        "var": [3.99521850341e-005, 0.00210026488639, 0.0699224695563, 0.0287552252412, 0.0309980735183, 0.000613393494859]
    },
    "beats_position": [0.66176867485, 1.33514738083, 2.02013611794, 2.70512461662, 3.39011335373, 4.07510185242, 4.76009082794, 5.4334692955, 6.08362817764, 6.73378658295, 7.39555549622, 8.05732440948, 8.70748329163, 9.36925125122, 10.0310201645, 10.7043991089, 11.3777770996, 12.0395460129, 12.7013149261, 13.3514738083, 13.9435825348, 14.5356912613, 15.1858501434, 15.8360090256, 16.4861679077, 17.1131057739, 17.786485672, 18.4598636627, 19.1332416534, 19.8182315826, 20.5032196045, 21.1882076263, 21.8731975555, 22.5465755463, 23.219953537, 23.8933334351, 24.5667114258, 25.2400894165, 25.8554191589, 26.470746994, 27.0976867676, 27.7246246338, 28.3515644073, 28.9785022736, 29.6054420471, 30.2439899445, 30.8825397491, 31.4514274597, 32.0203170776, 32.5892066956, 33.1580963135, 33.7269821167, 34.2958717346, 34.8531494141, 35.4104309082, 35.9561004639, 36.5017662048, 37.0474357605, 37.5698852539, 38.1039466858, 38.638004303, 39.1720619202, 39.7061233521, 40.251789093, 40.7858505249, 41.3315200806, 41.8771858215, 42.4228553772, 42.9569168091, 43.50258255, 44.0482521057, 44.5939216614]
},
"tonal": {
    "chords_changes_rate": 0.0802469104528,
    "chords_number_rate": 0.0113168722019,
    "chords_strength": {
        "mean": 0.621452689171,
        "var": 0.0291867107153
    },
    "hpcp_entropy": {
        "mean": 2.58893418312,
        "var": 0.862369775772
    },
    "key_strength": 0.825314760208,
    "tuning_diatonic_strength": 0.724715352058,
    "tuning_equal_tempered_deviation": 0.172210097313,
    "tuning_frequency": 445.627075195,
    "tuning_nontempered_energy_ratio": 0.870808422565,
    "hpcp": {
        "mean": [0.266078084707, 0.234868332744, 0.215174540877, 0.223541364074, 0.270926296711, 0.353736102581, 0.362611085176, 0.300605595112, 0.282640576363, 0.294044226408, 0.277556926012, 0.244536504149, 0.235810980201, 0.304744750261, 0.455156296492, 0.461146920919, 0.313516914845, 0.231533586979, 0.219455420971, 0.235669836402, 0.256004780531, 0.260377913713, 0.239457666874, 0.218561604619, 0.21873575449, 0.242133840919, 0.289887309074, 0.308424979448, 0.311531245708, 0.35376277566, 0.358164012432, 0.279174804688, 0.21009761095, 0.200355872512, 0.218630611897, 0.254216969013],
        "var": [0.0650403052568, 0.0573659949005, 0.0599411539733, 0.0616001822054, 0.0650794580579, 0.0877384394407, 0.0897803157568, 0.068361453712, 0.0737824216485, 0.09154728055, 0.0801994279027, 0.0628859624267, 0.0573327951133, 0.0643987134099, 0.0937502458692, 0.0906643569469, 0.0583714395761, 0.0552269667387, 0.056380789727, 0.0626960396767, 0.069026760757, 0.072540871799, 0.0666838660836, 0.0599385984242, 0.0616489872336, 0.0622074455023, 0.0688552856445, 0.0738305076957, 0.0675994902849, 0.0730756670237, 0.0843055695295, 0.0626078024507, 0.0506987683475, 0.0579895600677, 0.0632242113352, 0.0644958391786]
    },
    "chords_histogram": [15.6378602982, 0, 12.0370368958, 2.36625504494, 0, 0, 2.46913576126, 0, 4.83539104462, 7.51028823853, 29.0123462677, 0, 0.411522626877, 0.308641970158, 0, 0, 8.33333301544, 6.17283964157, 0.102880656719, 1.95473253727, 0, 0, 8.02469158173, 0.823045253754],
    "thpcp": [1, 0.679863393307, 0.502082049847, 0.47589045763, 0.511051535606, 0.555148005486, 0.564631164074, 0.519265472889, 0.473952203989, 0.474329859018, 0.525068759918, 0.628622472286, 0.668821513653, 0.675557494164, 0.76713681221, 0.776680886745, 0.605392336845, 0.455597996712, 0.434472978115, 0.474101871252, 0.551271080971, 0.576991975307, 0.509313464165, 0.46660733223, 0.48475086689, 0.587505400181, 0.7670789361, 0.786324441433, 0.651865124702, 0.612907886505, 0.637636780739, 0.601883947849, 0.530278921127, 0.511357605457, 0.660840928555, 0.98700928688],
    "chords_key": "F#",
    "chords_scale": "major",
    "key_key": "G",
    "key_scale": "major"
}
}