{
"lowlevel": {
    "average_loudness": 0.951138913631,
    "barkbands_crest": {
        "mean": 15.7972202301,
        "var": 20.6636295319
    },
    "barkbands_flatness_db": {
        "mean": 0.353363394737,
        "var": 0.0195659156889
    },
    "barkbands_kurtosis": {
        "mean": 33.4518280029,
        "var": 2648.62451172
    },
    "barkbands_skewness": {
        "mean": 3.2743601799,
        "var": 6.79076099396
    },
    "barkbands_spread": {
        "mean": 5.35855674744,
        "var": 81.2372055054
    },
    "dissonance": {
        "mean": 0.359307825565,
        "var": 0.00896108616143
    },
    "dynamic_complexity": 3.69206786156,
    "erbbands_crest": {
        "mean": 16.8643703461,
        "var": 40.6703186035
    },
    "erbbands_flatness_db": {
        "mean": 0.272994965315,
        "var": 0.0113584278151
    },
    "erbbands_kurtosis": {
        "mean": 10.1162090302,
        "var": 292.52456665
    },
    "erbbands_skewness": {
        "mean": 1.83266019821,
        "var": 2.94781637192
    },
    "erbbands_spread": {
        "mean": 22.7601566315,
        "var": 527.188415527
    },
    "hfc": {
        "mean": 8.61332035065,
        "var": 74.2854919434
    },
    "melbands_crest": {
        "mean": 23.3300685883,
        "var": 34.9638900757
    },
    "melbands_flatness_db": {
        "mean": 0.464987844229,
        "var": 0.025011209771
    },
    "melbands_kurtosis": {
        "mean": 54.6391029358,
        "var": 7976.91650391
    },
    "melbands_skewness": {
        "mean": 4.12494707108,
        "var": 9.85564994812
    },
    "melbands_spread": {
        "mean": 5.15777921677,
        "var": 130.176376343
    },
    "pitch_salience": {
        "mean": 0.322285205126,
        "var": 0.0263405963778
    },
    "silence_rate_20dB": {
        "mean": 1,
        "var": 0
    },
    "silence_rate_30dB": {
        "mean": 0.882080316544,
        "var": 0.104014113545
    },
    "silence_rate_60dB": {
        "mean": 0.0937178134918,
        "var": 0.0849354341626
    },
    "spectral_centroid": {
        "mean": 414.665740967,
        "var": 213227.109375
    },
    "spectral_complexity": {
        "mean": 5.92996931076,
        "var": 19.9426498413
    },
    "spectral_decrease": {
        "mean": -1.09680593496e-008,
        "var": 1.23039185355e-016
    },
    "spectral_energy": {
        "mean": 0.0421772152185,
        "var": 0.00180370686576
    },
    "spectral_energyband_high": {
        "mean": 0.000112747096864,
        "var": 1.10378259421e-007
    },
    "spectral_energyband_low": {
        "mean": 0.0326259322464,
        "var": 0.00141093903221
    },
    "spectral_energyband_middle_high": {
        "mean": 0.000483155687107,
        "var": 1.86376416877e-006
    },
    "spectral_energyband_middle_low": {
        "mean": 0.0169080030173,
        "var": 0.000347493070876
    },
    "spectral_entropy": {
        "mean": 5.74880504608,
        "var": 1.63660609722
    },
    "spectral_flux": {
        "mean": 0.0632555410266,
        "var": 0.00274541717954
    },
    "spectral_kurtosis": {
        "mean": 42.8868331909,
        "var": 2900.29394531
    },
    "spectral_rms": {
        "mean": 0.00560757424682,
        "var": 9.70364362729e-006
    },
    "spectral_rolloff": {
        "mean": 418.332580566,
        "var": 918636.1875
    },
    "spectral_skewness": {
        "mean": 4.40776252747,
        "var": 9.60388565063
    },
    "spectral_spread": {
        "mean": 3131723.75,
        "var": 5.69689348506e+012
    },
    "spectral_strongpeak": {
        "mean": 0.89968162775,
        "var": 0.465572834015
    },
    "zerocrossingrate": {
        "mean": 0.0179748851806,
        "var": 0.000695613445714
    },
    "barkbands": {
        "mean": [9.32667389861e-005, 0.0041561271064, 0.0204276051372, 0.00992271583527, 0.0017289139796, 0.0034468609374, 0.000607411726378, 0.000692945555784, 0.000488897494506, 4.24838908657e-005, 2.15291784116e-005, 7.20473472029e-005, 0.00013765435142, 4.32628585258e-005, 2.71432345471e-005, 5.27219635842e-005, 3.18753809552e-005, 1.25145179481e-005, 4.77090798086e-005, 2.01784205274e-005, 3.2198644476e-005, 1.96742457774e-005, 1.04820392153e-005, 1.15646716949e-005, 1.12473589979e-005, 1.64471348398e-005, 1.81652148967e-006],
        "var": [1.30818818889e-007, 9.74286085693e-005, 0.000743704498746, 0.000191538521904, 9.23577499634e-006, 0.000161722506164, 5.61695060242e-006, 5.26310077476e-006, 3.01159525407e-006, 1.44652734235e-008, 2.18241691385e-009, 5.45395550944e-008, 3.00206920656e-007, 2.81598744323e-008, 6.17623374666e-009, 3.61683447636e-008, 9.01328256475e-009, 1.03559472109e-009, 2.29105232563e-008, 3.18942894317e-009, 1.07653184145e-008, 3.85423248872e-009, 1.54361512461e-009, 2.30448260474e-009, 1.33483135656e-009, 5.40762190582e-009, 8.99035290658e-011]
    },
    "erbbands": {
        "mean": [0.0579989179969, 1.46540796757, 17.9268016815, 36.7502098083, 12.3027019501, 5.30211162567, 10.5547113419, 34.078792572, 15.346072197, 7.76952981949, 16.0876579285, 8.43384552002, 5.85125303268, 1.15924668312, 1.59972810745, 2.91385197639, 5.87514209747, 3.47009038925, 1.65593159199, 1.17386901379, 3.4886879921, 1.78756904602, 0.874259412289, 1.35819029808, 2.47111868858, 1.03502225876, 1.35667407513, 0.959874093533, 0.714450061321, 0.518463850021, 0.288688570261, 0.24272736907, 0.183481678367, 0.110393568873, 0.0896916240454, 0.0625516623259, 0.0311530400068, 0.00718894833699, 0.000212077284232, 5.07659897266e-005],
        "var": [0.0358175002038, 8.58581066132, 649.838623047, 2280.48144531, 235.824050903, 102.427978516, 1225.45507813, 17016.484375, 2854.46386719, 405.063323975, 2405.46142578, 707.840881348, 775.486755371, 6.55280256271, 21.5802288055, 78.6505126953, 486.779418945, 198.799133301, 27.0993556976, 10.8570241928, 160.126586914, 29.6545677185, 4.23720169067, 15.1715192795, 57.835609436, 8.38068580627, 16.8332614899, 10.5591239929, 4.87478971481, 3.50810742378, 1.23109591007, 1.17070710659, 0.400378674269, 0.138568937778, 0.0866683721542, 0.0570989698172, 0.0243774410337, 0.00131696672179, 9.71686631601e-007, 2.62337174206e-009]
    },
    "gfcc": {
        "mean": [-153.433364868, 160.231536865, -54.7916870117, 32.3146781921, -40.6897773743, -9.5650806427, -24.5822887421, -5.18248748779, -20.1540527344, -6.90092372894, -17.6461219788, -17.2478427887, -16.8947086334],
        "cov": [[13098.7041016, -4573.62402344, -2404.59838867, 943.592163086, -496.265045166, 1138.48168945, -700.527709961, 818.320251465, -476.9246521, 964.842224121, -220.827590942, 840.893188477, -484.354949951], [-4573.62402344, 3484.63037109, 615.233886719, -608.452514648, 559.002502441, -765.688842773, 447.668060303, -497.893463135, 478.095001221, -530.006408691, 334.696166992, -402.04977417, 344.976409912], [-2404.59838867, 615.233886719, 1858.2890625, -19.9056663513, 87.2917327881, -148.884002686, 103.472373962, -158.815429688, 34.7768592834, -165.63104248, -18.6563110352, -93.3034973145, 57.3245811462], [943.592163086, -608.452514648, -19.9056663513, 391.385253906, 6.01264381409, 162.162475586, -86.3154373169, 19.4622955322, -79.0846099854, 87.737487793, -14.8715763092, 75.2540435791, -31.4516296387], [-496.265045166, 559.002502441, 87.2917327881, 6.01264381409, 329.853363037, -80.712562561, 67.6392822266, -111.777900696, 77.6296920776, -50.4833755493, 105.084114075, -9.70240497589, 82.884475708], [1138.48168945, -765.688842773, -148.884002686, 162.162475586, -80.712562561, 301.971252441, -62.9654922485, 124.610137939, -103.847648621, 132.883743286, -65.0685195923, 110.340202332, -72.8614501953], [-700.527709961, 447.668060303, 103.472373962, -86.3154373169, 67.6392822266, -62.9654922485, 152.070281982, -20.6185188293, 74.1012115479, -89.9848175049, 22.7427864075, -82.5847930908, 22.6765556335], [818.320251465, -497.893463135, -158.815429688, 19.4622955322, -111.777900696, 124.610137939, -20.6185188293, 197.723953247, -27.048002243, 93.5300369263, -50.8609580994, 82.7090911865, -56.2290611267], [-476.9246521, 478.095001221, 34.7768592834, -79.0846099854, 77.6296920776, -103.847648621, 74.1012115479, -27.048002243, 145.507629395, -50.1204528809, 57.7239532471, -37.3279342651, 55.7857093811], [964.842224121, -530.006408691, -165.63104248, 87.737487793, -50.4833755493, 132.883743286, -89.9848175049, 93.5300369263, -50.1204528809, 180.546463013, 15.5991859436, 128.596298218, -21.0763034821], [-220.827590942, 334.696166992, -18.6563110352, -14.8715763092, 105.084114075, -65.0685195923, 22.7427864075, -50.8609580994, 57.7239532471, 15.5991859436, 139.460037231, 43.0571060181, 69.6675262451], [840.893188477, -402.04977417, -93.3034973145, 75.2540435791, -9.70240497589, 110.340202332, -82.5847930908, 82.7090911865, -37.3279342651, 128.596298218, 43.0571060181, 193.144470215, 33.864692688], [-484.354949951, 344.976409912, 57.3245811462, -31.4516296387, 82.884475708, -72.8614501953, 22.6765556335, -56.2290611267, 55.7857093811, -21.0763034821, 69.6675262451, 33.864692688, 141.182312012]],
        "icov": [[0.000254834303632, -0.000103088706965, 0.000236018706346, -0.000367044092854, -3.08863163809e-005, -3.00235733448e-005, 0.000201383867534, -0.00013111300359, -0.00011864805856, -0.000427315448178, 0.000552561308723, -0.000910244882107, 0.000795391621068], [-0.000103088706965, 0.00437772786245, -0.000378239230486, 0.00307747139595, -0.00170690286905, 0.00111766194459, -0.00185567198787, 0.00222647143528, -0.00369031564333, 0.00450592441484, -0.00601099757478, 0.0039120297879, -0.00328908627853], [0.000236018706346, -0.000378239230486, 0.000883740780409, -0.000705795246176, 0.000139735857374, 0.000265413458692, -0.000456736452179, 0.000433292763773, 0.000189370475709, -0.000521870795637, 0.00160708080512, -0.00178830442019, 0.00100193184335], [-0.000367044092854, 0.00307747139595, -0.000705795246176, 0.00638676714152, -0.00184738158714, -0.00156368501484, 0.000499610207044, 0.00203927676193, -0.00202375208028, 0.00354045350105, -0.00539511023089, 0.00431419583037, -0.00310446647927], [-3.08863163809e-005, -0.00170690286905, 0.000139735857374, -0.00184738158714, 0.00597418891266, -0.000684923899826, -0.00156352354679, 0.00198469287716, 0.000242092239205, -0.00132998975459, 0.000480273854919, -0.00279378541745, 0.000916284567211], [-3.00235733448e-005, 0.00111766194459, 0.000265413458692, -0.00156368501484, -0.000684923899826, 0.0102471169084, -0.00557469669729, 0.000693906098604, 0.00178647297435, -0.00326850009151, 0.00369007675909, -0.00393904978409, 0.00150221632794], [0.000201383867534, -0.00185567198787, -0.000456736452179, 0.000499610207044, -0.00156352354679, -0.00557469669729, 0.0194891840219, -0.00848925113678, -0.00161483895499, 0.00516619253904, -0.00460061943159, 0.00737571809441, -0.00103817670606], [-0.00013111300359, 0.00222647143528, 0.000433292763773, 0.00203927676193, 0.00198469287716, 0.000693906098604, -0.00848925113678, 0.0165706388652, -0.00545862829313, -0.00248400960118, 0.00428516836837, -0.00727792363614, 0.00296155619435], [-0.00011864805856, -0.00369031564333, 0.000189370475709, -0.00202375208028, 0.000242092239205, 0.00178647297435, -0.00161483895499, -0.00545862829313, 0.0169934239239, -0.00382525334135, 0.00126180972438, 7.47901285649e-005, -0.000978659139946], [-0.000427315448178, 0.00450592441484, -0.000521870795637, 0.00354045350105, -0.00132998975459, -0.00326850009151, 0.00516619253904, -0.00248400960118, -0.00382525334135, 0.0228503961116, -0.0135728586465, 0.00230337074026, -0.00313280872069], [0.000552561308723, -0.00601099757478, 0.00160708080512, -0.00539511023089, 0.000480273854919, 0.00369007675909, -0.00460061943159, 0.00428516836837, 0.00126180972438, -0.0135728586465, 0.0287901684642, -0.0161026250571, 0.00592798227444], [-0.000910244882107, 0.0039120297879, -0.00178830442019, 0.00431419583037, -0.00279378541745, -0.00393904978409, 0.00737571809441, -0.00727792363614, 7.47901285649e-005, 0.00230337074026, -0.0161026250571, 0.0276153199375, -0.0138342222199], [0.000795391621068, -0.00328908627853, 0.00100193184335, -0.00310446647927, 0.000916284567211, 0.00150221632794, -0.00103817670606, 0.00296155619435, -0.000978659139946, -0.00313280872069, 0.00592798227444, -0.0138342222199, 0.0186459608376]]
    },
    "melbands": {
        "mean": [0.00077716744272, 0.00692549301311, 0.00551171554253, 0.000521389185451, 0.000333412957843, 0.000724513549358, 0.000217729102587, 0.000104645616375, 0.000125742633827, 5.47154704691e-005, 2.84065536107e-005, 4.03119747716e-006, 4.37620656157e-006, 7.01708268025e-006, 1.19195128718e-005, 1.2248647181e-005, 5.53997597308e-006, 2.50765606324e-006, 1.70249438725e-006, 1.83047438895e-006, 4.56006182503e-006, 1.80759946034e-006, 1.18466073218e-006, 5.76095601446e-007, 1.0316504131e-006, 2.29759757531e-006, 1.01029434063e-006, 5.9052558754e-007, 7.06461037225e-007, 9.85206042969e-007, 4.1191341893e-007, 3.83687847716e-007, 4.01626152779e-007, 2.40646301108e-007, 1.71652274616e-007, 1.35593197115e-007, 1.57770287501e-007, 1.42237823297e-007, 9.31906214419e-008, 9.39590947269e-008],
        "var": [4.03115745939e-006, 9.50331013883e-005, 4.37849848822e-005, 7.25729876194e-007, 1.10376197426e-006, 7.48003412809e-006, 6.18331284841e-007, 1.00883589482e-007, 1.52666260078e-007, 3.81082685408e-008, 1.97643927891e-008, 9.69562624631e-011, 1.12460304957e-010, 5.64722657526e-010, 1.69011116213e-009, 2.49995135704e-009, 5.1436060966e-010, 6.26470819665e-011, 2.02995207449e-011, 3.48310824627e-011, 2.86501933289e-010, 3.77296249798e-011, 7.9457855226e-012, 2.38490954416e-012, 9.25654865258e-012, 5.76482819814e-011, 8.04059683418e-012, 3.40126971726e-012, 4.22278401482e-012, 1.28810616687e-011, 2.04176757966e-012, 1.49160545027e-012, 1.76445370901e-012, 8.395500007e-013, 5.24903850854e-013, 2.67386725825e-013, 5.54882311973e-013, 3.01259370098e-013, 8.43012454548e-014, 1.12239244862e-013]
    },
    "mfcc": {
        "mean": [-809.703125, 180.222229004, 49.4448432922, 44.5332946777, 11.3221254349, 4.98696804047, 1.76640760899, -2.08370256424, -0.0512705147266, 1.06364071369, 0.672948300838, -0.576970338821, -3.07759189606],
        "cov": [[11038.0703125, -2629.19506836, -2703.29516602, -74.9673995972, -244.900756836, 387.494049072, 81.0259552002, -58.9415054321, -71.717628479, -10.2906589508, 256.828887939, 377.726196289, 240.265960693], [-2629.19506836, 2413.74414063, 261.921478271, 27.2757511139, 170.94178772, -168.481567383, -62.6607894897, 16.9018936157, 18.3010139465, -24.8809299469, -34.9838027954, -41.7544746399, 45.9152984619], [-2703.29516602, 261.921478271, 1531.53417969, 181.917510986, 83.4122924805, -18.7833156586, -6.59305000305, 57.0822181702, 29.0190620422, -29.4761543274, -110.342521667, -49.4929199219, -80.8901901245], [-74.9673995972, 27.2757511139, 181.917510986, 237.898880005, 103.697731018, 74.7330780029, 13.2530908585, -2.33645415306, -13.4839525223, -25.3199176788, -27.9448814392, -5.00848722458, 19.1706485748], [-244.900756836, 170.94178772, 83.4122924805, 103.697731018, 202.200393677, 87.3820495605, 22.0643634796, -12.8118581772, -21.2511367798, -38.9899520874, -36.6870040894, 0.496009975672, 48.7549934387], [387.494049072, -168.481567383, -18.7833156586, 74.7330780029, 87.3820495605, 180.556243896, 60.8750686646, -5.12734174728, -10.467171669, -32.8881263733, -3.10438513756, 23.8165130615, 24.2916221619], [81.0259552002, -62.6607894897, -6.59305000305, 13.2530908585, 22.0643634796, 60.8750686646, 91.7324676514, 26.7496604919, 2.73177075386, 1.90473866463, 5.78663730621, 7.03413248062, 9.17612552643], [-58.9415054321, 16.9018936157, 57.0822181702, -2.33645415306, -12.8118581772, -5.12734174728, 26.7496604919, 93.7513504028, 45.6148948669, 6.44864559174, 15.6524610519, 30.7478656769, -2.77736449242], [-71.717628479, 18.3010139465, 29.0190620422, -13.4839525223, -21.2511367798, -10.467171669, 2.73177075386, 45.6148948669, 77.2934265137, 32.8308372498, 10.3771152496, 8.09203052521, -13.1652421951], [-10.2906589508, -24.8809299469, -29.4761543274, -25.3199176788, -38.9899520874, -32.8881263733, 1.90473866463, 6.44864559174, 32.8308372498, 75.8157730103, 30.6766853333, -26.5572566986, -25.1097545624], [256.828887939, -34.9838027954, -110.342521667, -27.9448814392, -36.6870040894, -3.10438513756, 5.78663730621, 15.6524610519, 10.3771152496, 30.6766853333, 78.9548416138, 43.9849586487, -3.94413018227], [377.726196289, -41.7544746399, -49.4929199219, -5.00848722458, 0.496009975672, 23.8165130615, 7.03413248062, 30.7478656769, 8.09203052521, -26.5572566986, 43.9849586487, 131.973678589, 58.2942047119], [240.265960693, 45.9152984619, -80.8901901245, 19.1706485748, 48.7549934387, 24.2916221619, 9.17612552643, -2.77736449242, -13.1652421951, -25.1097545624, -3.94413018227, 58.2942047119, 110.525390625]],
        "icov": [[0.000305654859403, 0.000223198367166, 0.000508571276441, -0.000331590388669, 0.000343639287166, -0.000455341039924, 0.000269799405942, -0.000149921615957, 0.000232322097872, -0.000291963748168, 0.00029475078918, -0.000657722877804, -8.63629538799e-005], [0.000223198367166, 0.000735231675208, 0.000293558463454, -0.000182125528227, -0.000624579319265, 0.000694481306709, 0.000123591438751, -3.71493515559e-005, -0.000445473182481, 0.000640135142021, -0.000596135912929, 0.000118007388664, -0.000423661753302], [0.000508571276441, 0.000293558463454, 0.00178570160642, -0.00122315983754, 0.000379805103876, -0.000477834808407, 0.000426326208981, -0.000850721378811, 0.000561476626899, -0.000996391871013, 0.00231328583322, -0.00199105823413, 0.00114545982797], [-0.000331590388669, -0.000182125528227, -0.00122315983754, 0.00663151452318, -0.00249914871529, -0.00154405925423, 0.000909297144972, -0.000696936156601, 0.000698475865647, -0.000152689332026, -0.000355399446562, 0.00139670853969, -0.000601000036113], [0.000343639287166, -0.000624579319265, 0.000379805103876, -0.00249914871529, 0.0104491133243, -0.0050722649321, 0.000705101992935, -0.000283974048216, 0.00144787598401, -0.000356783391908, 0.00259908707812, 0.000178136324394, -0.0032460980583], [-0.000455341039924, 0.000694481306709, -0.000477834808407, -0.00154405925423, -0.0050722649321, 0.0137426415458, -0.00808721873909, 0.00459970813245, -0.00498586893082, 0.00703853322193, -0.00401271181181, 0.000765124859754, 0.00108194467612], [0.000269799405942, 0.000123591438751, 0.000426326208981, 0.000909297144972, 0.000705101992935, -0.00808721873909, 0.0182909853756, -0.00846527516842, 0.00547958351672, -0.00557368947193, 0.00138325185981, 0.000751831219532, -0.00170917541254], [-0.000149921615957, -3.71493515559e-005, -0.000850721378811, -0.000696936156601, -0.000283974048216, 0.00459970813245, -0.00846527516842, 0.0212730113417, -0.0135464873165, 0.00677161337808, -0.00407208688557, -0.00221494003199, 0.00113903870806], [0.000232322097872, -0.000445473182481, 0.000561476626899, 0.000698475865647, 0.00144787598401, -0.00498586893082, 0.00547958351672, -0.0135464873165, 0.0279573723674, -0.0174582730979, 0.00970430020243, -0.0064943311736, 0.00276706507429], [-0.000291963748168, 0.000640135142021, -0.000996391871013, -0.000152689332026, -0.000356783391908, 0.00703853322193, -0.00557368947193, 0.00677161337808, -0.0174582730979, 0.0354354903102, -0.0210532713681, 0.0149973323569, -0.00378107582219], [0.00029475078918, -0.000596135912929, 0.00231328583322, -0.000355399446562, 0.00259908707812, -0.00401271181181, 0.00138325185981, -0.00407208688557, 0.00970430020243, -0.0210532713681, 0.0337803661823, -0.0182494875044, 0.00808351207525], [-0.000657722877804, 0.000118007388664, -0.00199105823413, 0.00139670853969, 0.000178136324394, 0.000765124859754, 0.000751831219532, -0.00221494003199, -0.0064943311736, 0.0149973323569, -0.0182494875044, 0.0235523656011, -0.0111233210191], [-8.63629538799e-005, -0.000423661753302, 0.00114545982797, -0.000601000036113, -0.0032460980583, 0.00108194467612, -0.00170917541254, 0.00113903870806, 0.00276706507429, -0.00378107582219, 0.00808351207525, -0.0111233210191, 0.0173444654793]]
    },
    "spectral_contrast_coeffs": {
        "mean": [-0.511646330357, -0.683094799519, -0.768693685532, -0.828405022621, -0.826128721237, -0.794106066227],
        "var": [0.00908061303198, 0.0090543506667, 0.00408550351858, 0.00219263113104, 0.00211199023761, 0.00175211566966]
    },
    "spectral_contrast_valleys": {
        "mean": [-7.82462310791, -7.78595542908, -9.15414905548, -9.56538963318, -9.66717433929, -12.3993558884],
        "var": [1.01673638821, 1.14866638184, 1.36946332455, 1.9226102829, 2.26277184486, 2.87060022354]
    }
},
"metadata": {
    "audio_properties": {
        "analysis_sample_rate": 44100,
        "bit_rate": 128074,
        "equal_loudness": 0,
        "length": 45.0612258911,
        "lossless": 0,
        "replay_gain": -5.7972984314,
        "sample_rate": 44100,
        "codec": "mp3",
        "downmix": "mix",
        "md5_encoded": "6e6d03481001096edc088ed14d20eaaa"
    },
    "tags": {
        "file_name": "1891.mp3"
    },
    "version": {
        "essentia": "2.1-beta2",
        "essentia_git_sha": "v2.1_beta2",
        "extractor": "music 1.0"
    }
},
"rhythm": {
    "beats_count": 105,
    "beats_loudness": {
        "mean": 0.055893085897,
        "var": 0.00241870316677
    },
    "bpm": 140.166992188,
    "bpm_histogram_first_peak_bpm": {
        "mean": 140,
        "var": 0
    },
    "bpm_histogram_first_peak_spread": {
        "mean": 0.379999965429,
        "var": 0
    },
    "bpm_histogram_first_peak_weight": {
        "mean": 0.596153855324,
        "var": 0
    },
    "bpm_histogram_second_peak_bpm": {
        "mean": 148,
        "var": 0
    },
    "bpm_histogram_second_peak_spread": {
        "mean": 0,
        "var": 0
    },
    "bpm_histogram_second_peak_weight": {
        "mean": 0.0384615398943,
        "var": 0
    },
    "danceability": 1.17288792133,
    "onset_rate": 4.72477197647,
    "beats_loudness_band_ratio": {
        "mean": [0.761852324009, 0.157819613814, 0.0711779296398, 0.0177301000804, 0.00984862167388, 0.00591930001974],
        "var": [0.0461999624968, 0.0356775149703, 0.0103900805116, 0.000685108068865, 0.000223153125262, 0.000184136806638]
    },
    "beats_position": [0.394739210606, 0.801088392735, 1.20743763447, 1.6137868166, 2.02013611794, 2.43809509277, 2.85605430603, 3.28562355042, 3.7151927948, 4.14476203918, 4.57433080673, 4.99229001999, 5.42185926437, 5.85142850876, 6.29260778427, 6.71056699753, 7.14013576508, 7.56970500946, 7.99927425385, 8.42884349823, 8.85841274261, 9.287981987, 9.71755123138, 10.1471195221, 10.5766887665, 11.0062580109, 11.4242172241, 11.8537864685, 12.2833557129, 12.7129249573, 13.1424942017, 13.572063446, 14.0016326904, 14.4312019348, 14.8607711792, 15.2787294388, 15.7082986832, 16.1378688812, 16.5790481567, 16.99700737, 17.426574707, 17.8561439514, 18.2973232269, 18.7152824402, 19.1448516846, 19.574420929, 20.0156002045, 20.4335594177, 20.8631286621, 21.2926979065, 21.7106571198, 22.1518363953, 22.5697956085, 22.9993648529, 23.4289340973, 23.8585033417, 24.2880725861, 24.7060317993, 25.1472110748, 25.5651702881, 25.9947395325, 26.4243087769, 26.865486145, 27.2834453583, 27.7246246338, 28.142583847, 28.5721530914, 29.0017223358, 29.4312915802, 29.8608608246, 30.3020401001, 30.7199993134, 31.1379585266, 31.5791378021, 32.0087051392, 32.4382743835, 32.8678436279, 33.2974128723, 33.7269821167, 34.1449432373, 34.5745124817, 35.0040817261, 35.4336509705, 35.8516082764, 36.2811775208, 36.7107467651, 37.151927948, 37.5698852539, 37.9994544983, 38.4290237427, 38.8702049255, 39.2881622314, 39.7177314758, 40.1473007202, 40.5768699646, 41.006439209, 41.4243965149, 41.8539657593, 42.2835350037, 42.7247161865, 43.1542854309, 43.5722427368, 44.0018119812, 44.4197731018, 44.8377304077]
},
"tonal": {
    "chords_changes_rate": 0.0432098768651,
    "chords_number_rate": 0.00411522621289,
    "chords_strength": {
        "mean": 0.573284208775,
        "var": 0.0111068924889
    },
    "hpcp_entropy": {
        "mean": 1.29475426674,
        "var": 0.711985170841
    },
    "key_strength": 0.608666658401,
    "tuning_diatonic_strength": 0.440768450499,
    "tuning_equal_tempered_deviation": 0.0495035648346,
    "tuning_frequency": 440,
    "tuning_nontempered_energy_ratio": 0.693810939789,
    "hpcp": {
        "mean": [0.26162853837, 0.0926509127021, 0.0217274278402, 0.0212508980185, 0.0432077646255, 0.0765425264835, 0.0762860327959, 0.0451082065701, 0.020792670548, 0.0128895966336, 0.0248378515244, 0.173738196492, 0.264272660017, 0.122690789402, 0.0444138273597, 0.0912626385689, 0.0837523341179, 0.0863240212202, 0.127763092518, 0.0799023136497, 0.0445728078485, 0.0560072995722, 0.0407743901014, 0.0323224253953, 0.0278209559619, 0.0347982607782, 0.11595018208, 0.176434203982, 0.100707694888, 0.0243954584002, 0.015728270635, 0.0106857568026, 0.0113881947473, 0.0162240788341, 0.0636919811368, 0.236089155078],
        "var": [0.153874456882, 0.0295881982893, 0.0112663749605, 0.00941687822342, 0.0241263136268, 0.0516487322748, 0.046328689903, 0.0267281699926, 0.00953810568899, 0.00613380922005, 0.00731465686113, 0.0832014530897, 0.170868545771, 0.0402338318527, 0.015675181523, 0.0559851229191, 0.0476537756622, 0.0367921292782, 0.0995092242956, 0.0406020991504, 0.0168266389519, 0.0290289986879, 0.0153899230063, 0.0154614597559, 0.00938455481082, 0.0153776723891, 0.0585259236395, 0.120950937271, 0.0471440255642, 0.00892655085772, 0.00653594965115, 0.00331217725761, 0.00316509557888, 0.00547391548753, 0.0171188786626, 0.13264401257]
    },
    "chords_histogram": [34.7736625671, 39.9176940918, 0, 0, 0.514403283596, 18.7242794037, 0, 0.514403283596, 0, 0, 0, 0.720164597034, 0, 0, 0, 0, 0, 0, 0.823045253754, 0, 0, 0, 0, 4.01234579086],
    "thpcp": [1, 0.464258342981, 0.168060615659, 0.345335155725, 0.316916376352, 0.32664757967, 0.483451783657, 0.302348017693, 0.168662205338, 0.21192997694, 0.154289096594, 0.122307106853, 0.105273678899, 0.131675601006, 0.43875208497, 0.667621850967, 0.381074965, 0.0923117026687, 0.0595153160393, 0.0404345914721, 0.0430925935507, 0.0613914392889, 0.241008594632, 0.893354415894, 0.989994704723, 0.350588351488, 0.082215949893, 0.0804127752781, 0.163496911526, 0.289634674788, 0.288664102554, 0.170688137412, 0.0786788538098, 0.0487738549709, 0.0939856991172, 0.657420217991],
    "chords_key": "A",
    "chords_scale": "major",
    "key_key": "F#",
    "key_scale": "minor"
}
}