{
"lowlevel": {
    "average_loudness": 0.931798040867,
    "barkbands_crest": {
        "mean": 8.6059589386,
        "var": 11.3556318283
    },
    "barkbands_flatness_db": {
        "mean": 0.0971166789532,
        "var": 0.00098566559609
    },
    "barkbands_kurtosis": {
        "mean": 2.48649430275,
        "var": 7.61293411255
    },
    "barkbands_skewness": {
        "mean": 1.41380703449,
        "var": 0.33917927742
    },
    "barkbands_spread": {
        "mean": 23.2512378693,
        "var": 112.120681763
    },
    "dissonance": {
        "mean": 0.465839654207,
        "var": 0.00059035216691
    },
    "dynamic_complexity": 2.14780282974,
    "erbbands_crest": {
        "mean": 7.83435153961,
        "var": 18.4230270386
    },
    "erbbands_flatness_db": {
        "mean": 0.131296098232,
        "var": 0.00133490073495
    },
    "erbbands_kurtosis": {
        "mean": 0.518077611923,
        "var": 6.09590578079
    },
    "erbbands_skewness": {
        "mean": 0.561040580273,
        "var": 0.411407798529
    },
    "erbbands_spread": {
        "mean": 38.6301116943,
        "var": 207.654266357
    },
    "hfc": {
        "mean": 21.2894897461,
        "var": 353.950805664
    },
    "melbands_crest": {
        "mean": 12.6161804199,
        "var": 20.3069801331
    },
    "melbands_flatness_db": {
        "mean": 0.16391967237,
        "var": 0.00120451906696
    },
    "melbands_kurtosis": {
        "mean": 8.14229869843,
        "var": 40.16639328
    },
    "melbands_skewness": {
        "mean": 2.18720245361,
        "var": 0.870528817177
    },
    "melbands_spread": {
        "mean": 21.5372695923,
        "var": 84.446685791
    },
    "pitch_salience": {
        "mean": 0.609845280647,
        "var": 0.0085612591356
    },
    "silence_rate_20dB": {
        "mean": 1,
        "var": 0
    },
    "silence_rate_30dB": {
        "mean": 0.993820786476,
        "var": 0.00614098832011
    },
    "silence_rate_60dB": {
        "mean": 0.019052522257,
        "var": 0.0186894666404
    },
    "spectral_centroid": {
        "mean": 1250.89196777,
        "var": 183022.703125
    },
    "spectral_complexity": {
        "mean": 23.2806377411,
        "var": 64.536529541
    },
    "spectral_decrease": {
        "mean": -6.20706464005e-009,
        "var": 2.66393069595e-017
    },
    "spectral_energy": {
        "mean": 0.0253579393029,
        "var": 0.000444207980763
    },
    "spectral_energyband_high": {
        "mean": 0.000853014818858,
        "var": 7.13444592293e-007
    },
    "spectral_energyband_low": {
        "mean": 0.00496100401506,
        "var": 3.39036960213e-005
    },
    "spectral_energyband_middle_high": {
        "mean": 0.00528653152287,
        "var": 9.25744170672e-005
    },
    "spectral_energyband_middle_low": {
        "mean": 0.014849296771,
        "var": 0.000219353212742
    },
    "spectral_entropy": {
        "mean": 7.75150966644,
        "var": 0.0798216611147
    },
    "spectral_flux": {
        "mean": 0.0888054296374,
        "var": 0.00252403272316
    },
    "spectral_kurtosis": {
        "mean": 4.32298755646,
        "var": 4.20416784286
    },
    "spectral_rms": {
        "mean": 0.00466346787289,
        "var": 2.99153407468e-006
    },
    "spectral_rolloff": {
        "mean": 1366.21520996,
        "var": 882280.125
    },
    "spectral_skewness": {
        "mean": 1.65756893158,
        "var": 0.127269268036
    },
    "spectral_spread": {
        "mean": 5189183.5,
        "var": 3.14807733453e+012
    },
    "spectral_strongpeak": {
        "mean": 0.941518306732,
        "var": 1.11563777924
    },
    "zerocrossingrate": {
        "mean": 0.0653927251697,
        "var": 0.000700681761373
    },
    "barkbands": {
        "mean": [1.62017568073e-005, 0.00195522396825, 0.00253907172009, 0.00141966203228, 0.00359154166654, 0.0021310786251, 0.0025372733362, 0.00185349211097, 0.00305488379672, 0.000943808758166, 0.00106217991561, 0.000580510357395, 0.000660963589326, 0.000611447670963, 0.000318523467286, 0.000298778439173, 0.000279051047983, 0.000224228817387, 0.000282804132439, 0.000298309780192, 0.000166871031979, 0.00013088643027, 9.15423079277e-005, 8.46625844133e-005, 0.000111112312879, 0.000109578533738, 4.25648295277e-006],
        "var": [1.00797903357e-009, 3.93533673559e-006, 1.59968913067e-005, 8.28966494737e-006, 2.98009854305e-005, 7.64360174799e-006, 1.91201343114e-005, 2.22518774535e-005, 8.57510167407e-005, 2.0169039999e-005, 2.25115618377e-005, 9.73909664026e-007, 2.18803279495e-006, 5.02575403516e-006, 4.14550328287e-007, 8.73304841775e-008, 7.57090745651e-008, 6.38137791498e-008, 1.0942081019e-007, 1.452873164e-007, 3.97253288043e-008, 3.15282093766e-008, 1.41914648921e-008, 9.8718260233e-009, 2.06062829022e-008, 2.15176800822e-008, 3.40294875611e-011]
    },
    "erbbands": {
        "mean": [0.0192109458148, 0.586098074913, 2.91225790977, 3.39769077301, 8.07481384277, 12.4309663773, 13.1095647812, 23.6167221069, 43.2728347778, 34.3643569946, 34.4117088318, 74.8208236694, 40.0038261414, 26.1672325134, 47.6636390686, 23.6210670471, 31.2830848694, 30.8394489288, 24.8244247437, 16.2153205872, 14.3334341049, 16.0805683136, 13.1251811981, 13.8055477142, 14.4859485626, 13.8059711456, 8.16658401489, 6.08424139023, 4.49112558365, 3.89111924171, 2.62286615372, 1.72509348392, 1.47219467163, 0.994416356087, 0.94837385416, 0.575738787651, 0.186454713345, 0.0205881372094, 0.000581843894906, 4.87909019284e-005],
        "var": [0.000457096990431, 0.37143149972, 18.1383228302, 24.8868408203, 327.022277832, 321.225158691, 250.484359741, 951.653564453, 6239.41064453, 4250.25, 10239.5830078, 55466.890625, 10363.3056641, 40796.4257813, 40998.5625, 1033.57067871, 4328.58154297, 3654.60351563, 12655.8408203, 285.870941162, 191.558761597, 252.221954346, 208.666687012, 193.255096436, 378.694122314, 348.404449463, 103.234428406, 51.4653701782, 34.8417053223, 27.9596843719, 13.2370948792, 4.2852025032, 3.01582932472, 1.3465899229, 1.85879278183, 0.729054808617, 0.0514462925494, 0.000572192715481, 5.4507876257e-007, 1.49717427345e-009]
    },
    "gfcc": {
        "mean": [31.0920696259, 78.6562728882, -111.828041077, 17.5440387726, -62.8505249023, 11.0670251846, -41.3335189819, 10.9771823883, -31.0310268402, 9.67674541473, -19.724439621, 3.68522906303, -17.1754322052],
        "cov": [[2890.22753906, -494.557281494, 26.2316360474, 74.2995147705, -31.4522209167, -24.7462749481, -52.227481842, 102.85584259, -116.455436707, 84.8255081177, -101.401901245, 2.68998765945, -93.5644073486], [-494.557281494, 571.383300781, -204.017807007, -3.21436786652, 6.35082387924, -30.2111663818, 45.2849998474, -72.3849945068, 74.5225753784, -66.5611953735, 61.8397026062, -60.1378936768, 59.2756080627], [26.2316360474, -204.017807007, 401.615722656, 39.7986831665, 68.6077041626, 33.2608337402, -47.5466842651, 50.8406448364, -54.1430664063, 27.5404644012, -58.8317222595, 35.6991424561, -44.2373695374], [74.2995147705, -3.21436786652, 39.7986831665, 300.088134766, 79.100769043, -12.9269266129, 26.5362300873, -2.99317073822, 13.2555875778, -23.116941452, -7.54047393799, 3.28170752525, -11.4950313568], [-31.4522209167, 6.35082387924, 68.6077041626, 79.100769043, 167.119262695, 53.6038703918, 1.524512887, 31.5081291199, -4.93796730042, -5.39000654221, -26.078294754, 5.26841974258, -11.5521507263], [-24.7462749481, -30.2111663818, 33.2608337402, -12.9269266129, 53.6038703918, 94.1669692993, 24.9128837585, 4.85463666916, -9.07547855377, -1.37483394146, -16.6626262665, -1.78363609314, -13.7148132324], [-52.227481842, 45.2849998474, -47.5466842651, 26.5362300873, 1.524512887, 24.9128837585, 88.8528213501, 20.474817276, 4.18790245056, 1.62448406219, 14.9703245163, -26.3222484589, -4.01103019714], [102.85584259, -72.3849945068, 50.8406448364, -2.99317073822, 31.5081291199, 4.85463666916, 20.474817276, 84.0847396851, 14.022354126, 32.1418647766, -3.95190000534, 8.49780464172, -19.0223674774], [-116.455436707, 74.5225753784, -54.1430664063, 13.2555875778, -4.93796730042, -9.07547855377, 4.18790245056, 14.022354126, 91.1824951172, 24.5361785889, 27.4167842865, 12.1020727158, 5.29344654083], [84.8255081177, -66.5611953735, 27.5404644012, -23.116941452, -5.39000654221, -1.37483394146, 1.62448406219, 32.1418647766, 24.5361785889, 77.152305603, 23.9245147705, 17.6162033081, -9.38871097565], [-101.401901245, 61.8397026062, -58.8317222595, -7.54047393799, -26.078294754, -16.6626262665, 14.9703245163, -3.95190000534, 27.4167842865, 23.9245147705, 69.113067627, 22.9751987457, 17.9760112762], [2.68998765945, -60.1378936768, 35.6991424561, 3.28170752525, 5.26841974258, -1.78363609314, -26.3222484589, 8.49780464172, 12.1020727158, 17.6162033081, 22.9751987457, 83.6099014282, 20.3852729797], [-93.5644073486, 59.2756080627, -44.2373695374, -11.4950313568, -11.5521507263, -13.7148132324, -4.01103019714, -19.0223674774, 5.29344654083, -9.38871097565, 17.9760112762, 20.3852729797, 51.109752655]],
        "icov": [[0.000570633099414, -0.000123119985801, 0.000754636712372, -0.00068054307485, 0.000760487397201, -0.000469764345326, 0.00107947620563, -0.00130329548847, 0.00153510051314, -0.00131973670796, 0.0011930820765, -0.000426312966738, 0.000682000303641], [-0.000123119985801, 0.00553089194, -0.00103015149944, 0.0022948984988, -0.00429137097672, 0.00362859736197, -0.00378122669645, 0.00517070991918, -0.00646993983537, 0.00581356370822, -0.00556126935408, 0.00511281890795, -0.00372924935073], [0.000754636712372, -0.00103015149944, 0.00577625166625, -0.00237877946347, 0.00183666043449, -0.00275970320217, 0.00480295578018, -0.00496119307354, 0.00599415367469, -0.00468911929056, 0.00486487243325, -0.00333797256462, 0.00338392797858], [-0.00068054307485, 0.0022948984988, -0.00237877946347, 0.0073907719925, -0.0067429584451, 0.00716134859249, -0.00811904948205, 0.00774317746982, -0.00645859492943, 0.00530376657844, -0.00234443717636, -0.000113193455036, 0.000851180928294], [0.000760487397201, -0.00429137097672, 0.00183666043449, -0.0067429584451, 0.0158775486052, -0.0121792051941, 0.00990137178451, -0.0125549566001, 0.0076675019227, -0.00488553848118, 0.00527319358662, -0.00206220080145, 0.000143452212797], [-0.000469764345326, 0.00362859736197, -0.00275970320217, 0.00716134859249, -0.0121792051941, 0.0242041498423, -0.0160486344248, 0.0135642867535, -0.0071904794313, 0.0039792470634, 0.00139018287882, -0.0027205972001, 0.00375667330809], [0.00107947620563, -0.00378122669645, 0.00480295578018, -0.00811904948205, 0.00990137178451, -0.0160486344248, 0.0296420585364, -0.0188623499125, 0.010636838153, -0.00482446607202, -0.0038767629303, 0.00666863936931, -0.00135416653939], [-0.00130329548847, 0.00517070991918, -0.00496119307354, 0.00774317746982, -0.0125549566001, 0.0135642867535, -0.0188623499125, 0.0321099683642, -0.0134967919439, 0.00163768138736, -0.000977861811407, -0.0013835018035, 0.0029318346642], [0.00153510051314, -0.00646993983537, 0.00599415367469, -0.00645859492943, 0.0076675019227, -0.0071904794313, 0.010636838153, -0.0134967919439, 0.026565041393, -0.0135598219931, 0.00556904589757, -0.00669508706778, 0.00513385562226], [-0.00131973670796, 0.00581356370822, -0.00468911929056, 0.00530376657844, -0.00488553848118, 0.0039792470634, -0.00482446607202, 0.00163768138736, -0.0135598219931, 0.0300197936594, -0.0167633425444, 0.00523869693279, -0.0011043184204], [0.0011930820765, -0.00556126935408, 0.00486487243325, -0.00234443717636, 0.00527319358662, 0.00139018287882, -0.0038767629303, -0.000977861811407, 0.00556904589757, -0.0167633425444, 0.0361172445118, -0.0153744034469, 0.00298711936921], [-0.000426312966738, 0.00511281890795, -0.00333797256462, -0.000113193455036, -0.00206220080145, -0.0027205972001, 0.00666863936931, -0.0013835018035, -0.00669508706778, 0.00523869693279, -0.0153744034469, 0.0270254258066, -0.0145284933969], [0.000682000303641, -0.00372924935073, 0.00338392797858, 0.000851180928294, 0.000143452212797, 0.00375667330809, -0.00135416653939, 0.0029318346642, 0.00513385562226, -0.0011043184204, 0.00298711936921, -0.0145284933969, 0.0342946276069]]
    },
    "melbands": {
        "mean": [0.000349487934727, 0.00129765085876, 0.000779597554356, 0.000725494232029, 0.000531712837983, 0.000537416723091, 0.000581150699873, 0.000388040934922, 0.000286328722723, 0.000484641059302, 0.000191844606888, 0.000104593331343, 0.000146768885315, 7.90064659668e-005, 6.71419329592e-005, 6.80898665451e-005, 5.72326098336e-005, 4.40178337158e-005, 2.23730421567e-005, 2.40765784838e-005, 1.4337569155e-005, 1.75269269675e-005, 1.25783899421e-005, 1.10304417831e-005, 1.11341141746e-005, 1.03031625258e-005, 1.04022992673e-005, 9.09487880563e-006, 5.53024074179e-006, 3.97908161176e-006, 3.32276704285e-006, 2.42486476054e-006, 2.65807443611e-006, 1.90048194781e-006, 1.58898319569e-006, 1.20764138956e-006, 9.83460495263e-007, 1.03031038634e-006, 9.28394626953e-007, 7.94654567926e-007],
        "var": [1.24023756598e-007, 2.84901079795e-006, 1.72091074546e-006, 1.46318518546e-006, 4.75704837299e-007, 4.94666039685e-007, 1.07222695078e-006, 6.69630878747e-007, 7.21325363884e-007, 2.47856110036e-006, 2.52327936323e-007, 7.21745720966e-007, 4.69552986715e-007, 4.07612041897e-008, 9.6735774946e-009, 2.68750195431e-008, 1.53737698128e-008, 5.72863676496e-008, 9.22346032883e-010, 5.94291005296e-010, 2.39165132143e-010, 3.18243570385e-010, 2.1131249528e-010, 1.55318646833e-010, 1.36025524178e-010, 1.82761555889e-010, 2.28246990752e-010, 1.54492876825e-010, 5.25056109701e-011, 2.51891008052e-011, 1.6713967016e-011, 9.35809329333e-012, 1.75364583965e-011, 5.84420446065e-012, 4.928545419e-012, 2.60517562384e-012, 1.3761122233e-012, 1.50013031511e-012, 1.30102298292e-012, 8.94318202393e-013]
    },
    "mfcc": {
        "mean": [-615.413024902, 118.870765686, 0.741528689861, 13.0014162064, -2.554002285, 0.575354516506, -0.26454642415, -1.99395668507, -3.98073720932, 0.63091057539, -1.28911137581, -0.76017343998, -0.520588636398],
        "cov": [[2228.52807617, -376.982330322, -59.496055603, 110.443145752, -29.3738765717, -49.6467704773, 26.6104640961, -31.2906932831, 17.1173400879, 10.6565666199, 12.7420215607, -14.8741884232, 23.0527820587], [-376.982330322, 430.813720703, -87.2157287598, -79.6869125366, -10.5272464752, -4.72130441666, -14.0813341141, -10.6343135834, -7.4670791626, 22.6632480621, -6.21412038803, 3.92803359032, -29.3441829681], [-59.496055603, -87.2157287598, 237.166824341, 35.0229568481, 31.1754360199, 3.32874846458, 3.19937372208, 0.153673306108, -0.0946128889918, -18.2684650421, 7.80493545532, -7.18535518646, 5.59445571899], [110.443145752, -79.6869125366, 35.0229568481, 252.27696228, 65.3271026611, 22.9199714661, 16.8366107941, 30.6897640228, 18.2537593842, 2.42743611336, -6.70027017593, 7.86336517334, 30.5869350433], [-29.3738765717, -10.5272464752, 31.1754360199, 65.3271026611, 163.434494019, 43.5075187683, 6.32222509384, 34.0699157715, 25.8271160126, -10.448346138, -1.69064867496, -2.10862851143, 5.26974773407], [-49.6467704773, -4.72130441666, 3.32874846458, 22.9199714661, 43.5075187683, 94.0847473145, 23.5584945679, 19.1868419647, 10.3290815353, -1.79567611217, -2.9968996048, -5.63787508011, -1.10642015934], [26.6104640961, -14.0813341141, 3.19937372208, 16.8366107941, 6.32222509384, 23.5584945679, 101.85647583, 20.8384456635, 3.4327981472, 19.6477470398, 4.13500785828, -10.8892192841, -9.48706531525], [-31.2906932831, -10.6343135834, 0.153673306108, 30.6897640228, 34.0699157715, 19.1868419647, 20.8384456635, 67.385269165, 23.2993297577, -5.95927286148, 2.40491104126, 4.84037017822, 6.53427839279], [17.1173400879, -7.4670791626, -0.0946128889918, 18.2537593842, 25.8271160126, 10.3290815353, 3.4327981472, 23.2993297577, 52.0617980957, 18.9753437042, 6.79592466354, 9.36665153503, 5.77126169205], [10.6565666199, 22.6632480621, -18.2684650421, 2.42743611336, -10.448346138, -1.79567611217, 19.6477470398, -5.95927286148, 18.9753437042, 62.0973854065, 24.5042209625, 5.64013242722, -1.42470729351], [12.7420215607, -6.21412038803, 7.80493545532, -6.70027017593, -1.69064867496, -2.9968996048, 4.13500785828, 2.40491104126, 6.79592466354, 24.5042209625, 53.9282608032, 26.9178524017, 6.12803411484], [-14.8741884232, 3.92803359032, -7.18535518646, 7.86336517334, -2.10862851143, -5.63787508011, -10.8892192841, 4.84037017822, 9.36665153503, 5.64013242722, 26.9178524017, 57.9792480469, 32.1965065002], [23.0527820587, -29.3441829681, 5.59445571899, 30.5869350433, 5.26974773407, -1.10642015934, -9.48706531525, 6.53427839279, 5.77126169205, -1.42470729351, 6.12803411484, 32.1965065002, 66.5718002319]],
        "icov": [[0.000590390642174, 0.000529912183993, 0.000420840195147, -0.00022626844293, 3.60059639206e-005, 0.000373051705537, -0.000247722520726, 0.000600137922447, -0.000491924583912, 0.000265143287834, -0.000428808561992, 0.000464226730401, -0.00012985059584], [0.000529912183993, 0.00337267108262, 0.00106653792318, 0.00063519802643, -0.000538236636203, 0.000242835478275, 0.0004439757613, -2.34629551414e-005, 0.000898674305063, -0.00194774288684, 0.00145523261745, -0.0013969760621, 0.0014559593983], [0.000420840195147, 0.00106653792318, 0.00528231356293, -0.000614727905486, -0.000733493885491, 0.000604570726864, -0.00064504268812, 0.00166492967401, -0.00112668855581, 0.00265441369265, -0.00291311298497, 0.0021885165479, -0.000660115503706], [-0.00022626844293, 0.00063519802643, -0.000614727905486, 0.00530536379665, -0.0017733075656, -0.000287174334517, -0.000143099867273, -0.00175714935176, 0.000884107546881, -0.00220752507448, 0.00250699883327, -0.00109136546962, -0.00156674929895], [3.60059639206e-005, -0.000538236636203, -0.000733493885491, -0.0017733075656, 0.00878152064979, -0.00292346137576, 0.000505835399963, -0.00157165178098, -0.00362876732834, 0.0027179562021, -0.00160187587608, 0.00160310964566, -0.000145803525811], [0.000373051705537, 0.000242835478275, 0.000604570726864, -0.000287174334517, -0.00292346137576, 0.0133068375289, -0.00287518580444, -0.000577058352064, -0.00131456309464, 0.00116272235755, -0.000251284858678, 0.00126725109294, -0.000292436743621], [-0.000247722520726, 0.0004439757613, -0.00064504268812, -0.000143099867273, 0.000505835399963, -0.00287518580444, 0.0132202515379, -0.00584753975272, 0.00422667199746, -0.00684542162344, 0.00112300214823, 0.00112193811219, 0.00161266874056], [0.000600137922447, -2.34629551414e-005, 0.00166492967401, -0.00175714935176, -0.00157165178098, -0.000577058352064, -0.00584753975272, 0.0239103492349, -0.0120063312352, 0.00970283243805, -0.0047734756954, 0.0015311462339, -0.00166874262504], [-0.000491924583912, 0.000898674305063, -0.00112668855581, 0.000884107546881, -0.00362876732834, -0.00131456309464, 0.00422667199746, -0.0120063312352, 0.0321431793272, -0.0155513565987, 0.0066648744978, -0.00668477034196, 0.00180125294719], [0.000265143287834, -0.00194774288684, 0.00265441369265, -0.00220752507448, 0.0027179562021, 0.00116272235755, -0.00684542162344, 0.00970283243805, -0.0155513565987, 0.0318079553545, -0.0165971033275, 0.00732919154689, -0.00227085663937], [-0.000428808561992, 0.00145523261745, -0.00291311298497, 0.00250699883327, -0.00160187587608, -0.000251284858678, 0.00112300214823, -0.0047734756954, 0.0066648744978, -0.0165971033275, 0.0354007929564, -0.0195574294776, 0.00590107636526], [0.000464226730401, -0.0013969760621, 0.0021885165479, -0.00109136546962, 0.00160310964566, 0.00126725109294, 0.00112193811219, 0.0015311462339, -0.00668477034196, 0.00732919154689, -0.0195574294776, 0.0362186543643, -0.0155352242291], [-0.00012985059584, 0.0014559593983, -0.000660115503706, -0.00156674929895, -0.000145803525811, -0.000292436743621, 0.00161266874056, -0.00166874262504, 0.00180125294719, -0.00227085663937, 0.00590107636526, -0.0155352242291, 0.0236491709948]]
    },
    "spectral_contrast_coeffs": {
        "mean": [-0.633105933666, -0.726249754429, -0.763822674751, -0.79400831461, -0.792925000191, -0.773397147655],
        "var": [0.00556786451489, 0.00492248730734, 0.00438981829211, 0.00191718398128, 0.00101567199454, 0.00100561301224]
    },
    "spectral_contrast_valleys": {
        "mean": [-7.21813440323, -6.32994174957, -6.88396787643, -7.22812223434, -7.34474229813, -9.76463603973],
        "var": [0.500307917595, 0.397204369307, 0.370022147894, 0.447078347206, 0.619766235352, 0.593352496624]
    }
},
"metadata": {
    "audio_properties": {
        "analysis_sample_rate": 44100,
        "bit_rate": 128074,
        "equal_loudness": 0,
        "length": 45.0612258911,
        "lossless": 0,
        "replay_gain": -6.84754562378,
        "sample_rate": 44100,
        "codec": "mp3",
        "downmix": "mix",
        "md5_encoded": "b3cede90fbf42ae793cad1caefc16bf6"
    },
    "tags": {
        "file_name": "1892.mp3"
    },
    "version": {
        "essentia": "2.1-beta2",
        "essentia_git_sha": "v2.1_beta2",
        "extractor": "music 1.0"
    }
},
"rhythm": {
    "beats_count": 91,
    "beats_loudness": {
        "mean": 0.031806871295,
        "var": 0.00065261538839
    },
    "bpm": 122.116012573,
    "bpm_histogram_first_peak_bpm": {
        "mean": 123,
        "var": 0
    },
    "bpm_histogram_first_peak_spread": {
        "mean": 0.348314642906,
        "var": 0
    },
    "bpm_histogram_first_peak_weight": {
        "mean": 0.644444465637,
        "var": 0
    },
    "bpm_histogram_second_peak_bpm": {
        "mean": 129,
        "var": 0
    },
    "bpm_histogram_second_peak_spread": {
        "mean": 0,
        "var": 0
    },
    "bpm_histogram_second_peak_weight": {
        "mean": 0.0111111113802,
        "var": 0
    },
    "danceability": 1.04039120674,
    "onset_rate": 7.25352287292,
    "beats_loudness_band_ratio": {
        "mean": [0.356156080961, 0.221643224359, 0.23756326735, 0.134720176458, 0.0685675293207, 0.049858994782],
        "var": [0.0361011438072, 0.0160612035543, 0.0289485324174, 0.0103683331981, 0.00193965807557, 0.000739473558497]
    },
    "beats_position": [0.452789098024, 0.917188167572, 1.39319729805, 1.88081634045, 2.36843538284, 2.85605430603, 3.34367346764, 3.83129239082, 4.31891155243, 4.81814050674, 5.31736946106, 5.80498838425, 6.29260778427, 6.78022670746, 7.27945566177, 7.77868461609, 8.26630401611, 8.75392246246, 9.24154186249, 9.74077033997, 10.2399997711, 10.7276191711, 11.2152376175, 11.7028570175, 12.1904764175, 12.6780948639, 13.177324295, 13.6765527725, 14.1641721725, 14.6517915726, 15.1394100189, 15.6386394501, 16.1378688812, 16.6254863739, 17.1131057739, 17.6123352051, 18.1115646362, 18.5991840363, 19.0868015289, 19.574420929, 20.062040329, 20.549659729, 21.0488891602, 21.548116684, 22.035736084, 22.523355484, 23.010974884, 23.5102043152, 24.009431839, 24.497051239, 24.984670639, 25.4722900391, 25.9599094391, 26.4591369629, 26.958366394, 27.4459857941, 27.9336051941, 28.4212245941, 28.9088420868, 29.4080715179, 29.9073009491, 30.3949203491, 30.8825397491, 31.3701572418, 31.8577766418, 32.357006073, 32.8562355042, 33.3438529968, 33.8314743042, 34.3190917969, 34.818321228, 35.3059387207, 35.8051681519, 36.2927894592, 36.7804069519, 37.2680282593, 37.7672538757, 38.2664833069, 38.7541046143, 39.2533340454, 39.7525634766, 40.2401809692, 40.7277984619, 41.2154197693, 41.703037262, 42.1906585693, 42.6898841858, 43.1775054932, 43.6767349243, 44.164352417, 44.6519737244]
},
"tonal": {
    "chords_changes_rate": 0.0133744860068,
    "chords_number_rate": 0.00514403311536,
    "chords_strength": {
        "mean": 0.675448179245,
        "var": 0.00332280457951
    },
    "hpcp_entropy": {
        "mean": 1.86953389645,
        "var": 0.722189486027
    },
    "key_strength": 0.719977617264,
    "tuning_diatonic_strength": 0.583964645863,
    "tuning_equal_tempered_deviation": 0.0190267320722,
    "tuning_frequency": 441.272583008,
    "tuning_nontempered_energy_ratio": 0.668455958366,
    "hpcp": {
        "mean": [0.0756293311715, 0.0756887868047, 0.134230405092, 0.189596518874, 0.136544629931, 0.0699431300163, 0.0510905124247, 0.061581403017, 0.243417218328, 0.384811222553, 0.225277513266, 0.0922642052174, 0.0937434881926, 0.0797489285469, 0.0687610581517, 0.061130464077, 0.048971503973, 0.09627340734, 0.142389342189, 0.0980029329658, 0.0552456080914, 0.049697458744, 0.0825857520103, 0.31087577343, 0.528665781021, 0.364492088556, 0.131878003478, 0.0680924504995, 0.0495722293854, 0.0766418203712, 0.103834994137, 0.0953684002161, 0.22758372128, 0.3828561306, 0.266420423985, 0.108776442707],
        "var": [0.0178144462407, 0.0208516549319, 0.0455840006471, 0.0920111462474, 0.0503760389984, 0.0151480548084, 0.00863989908248, 0.0066543421708, 0.0553465373814, 0.122480936348, 0.0398964434862, 0.0227785855532, 0.0329084023833, 0.0265530012548, 0.0225008446723, 0.017815221101, 0.00896344240755, 0.0146178901196, 0.0385202430189, 0.0217875428498, 0.0160994883627, 0.0115339355543, 0.019605755806, 0.065473459661, 0.13324213028, 0.0845006555319, 0.0440898016095, 0.0217682961375, 0.0146631142125, 0.015994541347, 0.0256609804928, 0.0180273558944, 0.056221511215, 0.136218845844, 0.0836886838078, 0.0353159569204]
    },
    "chords_histogram": [68.724281311, 0.205761313438, 0, 0, 0, 2.05761313438, 0, 2.16049385071, 0, 0, 0, 0, 0, 0, 0, 0, 0, 0, 0, 0, 0, 0, 25.1028804779, 1.74897122383],
    "thpcp": [1, 0.689456582069, 0.249454393983, 0.128800556064, 0.0937685593963, 0.144972160459, 0.196409523487, 0.180394500494, 0.430486947298, 0.724193155766, 0.503948688507, 0.205756545067, 0.143056988716, 0.14316944778, 0.253904104233, 0.358632087708, 0.258281588554, 0.132301226258, 0.0966404750943, 0.116484567523, 0.460436880589, 0.727891325951, 0.426124632359, 0.174522742629, 0.177320897579, 0.150849416852, 0.130065277219, 0.115631587803, 0.0926322564483, 0.182106375694, 0.269337177277, 0.18537786603, 0.104500062764, 0.0940054357052, 0.156215429306, 0.588038384914],
    "chords_key": "F",
    "chords_scale": "minor",
    "key_key": "F",
    "key_scale": "minor"
}
}