{
"lowlevel": {
    "average_loudness": 0.949560642242,
    "barkbands_crest": {
        "mean": 11.4059991837,
        "var": 17.9803161621
    },
    "barkbands_flatness_db": {
        "mean": 0.207518041134,
        "var": 0.0075841601938
    },
    "barkbands_kurtosis": {
        "mean": 21.5869026184,
        "var": 2087.62988281
    },
    "barkbands_skewness": {
        "mean": 2.74951028824,
        "var": 6.54129171371
    },
    "barkbands_spread": {
        "mean": 19.7667808533,
        "var": 421.257720947
    },
    "dissonance": {
        "mean": 0.444321990013,
        "var": 0.00257063331082
    },
    "dynamic_complexity": 4.54058933258,
    "erbbands_crest": {
        "mean": 10.5649843216,
        "var": 24.43034935
    },
    "erbbands_flatness_db": {
        "mean": 0.169913500547,
        "var": 0.00239888112992
    },
    "erbbands_kurtosis": {
        "mean": 3.51591897011,
        "var": 135.559799194
    },
    "erbbands_skewness": {
        "mean": 0.736680924892,
        "var": 2.55640292168
    },
    "erbbands_spread": {
        "mean": 48.9968948364,
        "var": 1179.62158203
    },
    "hfc": {
        "mean": 11.5041456223,
        "var": 351.271240234
    },
    "melbands_crest": {
        "mean": 16.3563652039,
        "var": 22.5741710663
    },
    "melbands_flatness_db": {
        "mean": 0.282056808472,
        "var": 0.0146761070937
    },
    "melbands_kurtosis": {
        "mean": 51.7029838562,
        "var": 7359.44482422
    },
    "melbands_skewness": {
        "mean": 4.29826831818,
        "var": 10.4593887329
    },
    "melbands_spread": {
        "mean": 19.148311615,
        "var": 733.7578125
    },
    "pitch_salience": {
        "mean": 0.519518792629,
        "var": 0.0160925686359
    },
    "silence_rate_20dB": {
        "mean": 1,
        "var": 0
    },
    "silence_rate_30dB": {
        "mean": 0.988156557083,
        "var": 0.0117033217102
    },
    "silence_rate_60dB": {
        "mean": 0.211637482047,
        "var": 0.1668484658
    },
    "spectral_centroid": {
        "mean": 1057.45776367,
        "var": 787926.8125
    },
    "spectral_complexity": {
        "mean": 8.26004123688,
        "var": 53.6868400574
    },
    "spectral_decrease": {
        "mean": -5.44138334391e-009,
        "var": 5.43650594053e-017
    },
    "spectral_energy": {
        "mean": 0.0215805210173,
        "var": 0.000848747440614
    },
    "spectral_energyband_high": {
        "mean": 0.000811467121821,
        "var": 3.85805242331e-006
    },
    "spectral_energyband_low": {
        "mean": 0.0104484604672,
        "var": 0.000265796086751
    },
    "spectral_energyband_middle_high": {
        "mean": 0.00156741414685,
        "var": 1.02101103039e-005
    },
    "spectral_energyband_middle_low": {
        "mean": 0.0104020079598,
        "var": 0.000412802386563
    },
    "spectral_entropy": {
        "mean": 7.20335197449,
        "var": 0.671668171883
    },
    "spectral_flux": {
        "mean": 0.0784755200148,
        "var": 0.00468656374142
    },
    "spectral_kurtosis": {
        "mean": 5.75621318817,
        "var": 66.637878418
    },
    "spectral_rms": {
        "mean": 0.00381426955573,
        "var": 6.50547781333e-006
    },
    "spectral_rolloff": {
        "mean": 1344.7376709,
        "var": 4048461.75
    },
    "spectral_skewness": {
        "mean": 1.69590449333,
        "var": 1.14091742039
    },
    "spectral_spread": {
        "mean": 5279366.5,
        "var": 4.89980638003e+012
    },
    "spectral_strongpeak": {
        "mean": 0.573846340179,
        "var": 0.537081003189
    },
    "zerocrossingrate": {
        "mean": 0.0545474514365,
        "var": 0.00261347694322
    },
    "barkbands": {
        "mean": [0.000170947983861, 0.00388233107515, 0.00480513833463, 0.00341301807202, 0.00459788227454, 0.000477872788906, 0.000341448176187, 0.000630394206382, 0.000790715392213, 0.000415251648519, 0.000341351231327, 0.000118156131066, 0.000169244027347, 9.94521615212e-005, 0.000127789491671, 8.74743491295e-005, 8.82328095031e-005, 7.95441810624e-005, 9.99128242256e-005, 9.4058283139e-005, 0.000136165501317, 0.000218970832066, 0.00023411391885, 8.47164992592e-005, 6.30315989838e-005, 1.32442164613e-005, 4.82689976877e-008],
        "var": [1.36233168746e-007, 4.34552239312e-005, 9.05513443286e-005, 3.17018129863e-005, 0.000211398350075, 2.30575096793e-006, 6.40730434043e-007, 5.9237881942e-006, 5.5071946008e-006, 3.95486085836e-006, 1.72889963324e-006, 1.8613727093e-007, 4.84939675971e-007, 6.83522358713e-008, 1.24990251038e-007, 4.86847078207e-008, 5.58059483069e-008, 1.93423748129e-008, 3.80212874518e-008, 3.83754859001e-008, 9.61756683182e-008, 3.22234541272e-007, 3.98821640601e-007, 4.56131843407e-008, 2.46556304262e-008, 1.19768206464e-009, 3.77029679179e-014]
    },
    "erbbands": {
        "mean": [0.0739351660013, 1.0371992588, 4.72065639496, 9.44971752167, 19.6197338104, 10.2338027954, 4.4001455307, 3.81457638741, 3.79404187202, 7.49866914749, 16.9433555603, 18.158208847, 14.6667871475, 16.9553012848, 8.07965183258, 5.26121282578, 7.63334131241, 5.73899745941, 6.55661821365, 5.51339244843, 5.28735113144, 4.34468221664, 4.34036588669, 5.34076118469, 4.15177869797, 4.45439052582, 5.26918172836, 5.61113882065, 6.75631046295, 9.74960708618, 5.89948701859, 2.3709564209, 1.22445344925, 0.845892310143, 0.35068166256, 0.10512842983, 0.0144467158243, 0.000720318115782, 3.47824425262e-005, 2.76391110674e-005],
        "var": [0.0149620901793, 3.24513053894, 82.3051834106, 208.554351807, 3588.00585938, 885.611083984, 99.5958786011, 197.9740448, 64.8285751343, 365.578308105, 4195.97705078, 2930.30664063, 3797.32885742, 3945.93994141, 638.771972656, 277.226348877, 1008.11706543, 190.375411987, 378.388977051, 181.734130859, 158.042694092, 89.3042907715, 59.0214004517, 104.461349487, 62.8290100098, 86.2399978638, 120.453170776, 175.497406006, 298.063354492, 741.2890625, 244.647476196, 37.647151947, 9.25025081635, 4.56558799744, 0.758533835411, 0.0773565545678, 0.00157050497364, 2.79147343463e-006, 3.87278875635e-009, 1.47022816144e-009]
    },
    "gfcc": {
        "mean": [-90.6736297607, 93.6411361694, -81.3685150146, 53.3093948364, -57.6759376526, 20.4542102814, -35.9627914429, 9.54053497314, -25.3696308136, -1.63906610012, -21.8418560028, -7.54179620743, -14.3602018356],
        "cov": [[9956.9921875, -367.542022705, -2121.78051758, 385.172790527, -795.62890625, 143.034240723, -284.708099365, -136.06690979, -78.5770797729, -293.693695068, -116.461708069, -262.738372803, -50.2414131165], [-367.542022705, 2273.65307617, 136.771789551, -823.911315918, 589.244262695, -159.965515137, 456.295776367, 126.765579224, 176.13571167, -186.276062012, 187.384506226, -137.862823486, 89.7035751343], [-2121.78051758, 136.771789551, 1868.92578125, 421.429534912, 358.880157471, 36.1841964722, 91.064414978, -59.4193840027, -44.9663925171, 68.8580322266, -54.7392158508, 62.4885139465, -80.5082397461], [385.172790527, -823.911315918, 421.429534912, 1066.72436523, -6.14173221588, 16.7122459412, -131.583770752, -77.8767623901, -32.1315956116, -9.09294700623, -97.7959747314, -38.7776069641, -30.2233791351], [-795.62890625, 589.244262695, 358.880157471, -6.14173221588, 647.352661133, 45.1910324097, 163.947555542, 49.8572463989, 56.0895805359, -20.5902252197, 7.04139518738, -26.7620868683, 11.7576932907], [143.034240723, -159.965515137, 36.1841964722, 16.7122459412, 45.1910324097, 292.254302979, 79.3189163208, -64.4283065796, -63.7223548889, 25.0632324219, -0.847636163235, -15.3724279404, -31.1600723267], [-284.708099365, 456.295776367, 91.064414978, -131.583770752, 163.947555542, 79.3189163208, 355.478302002, 78.6198883057, -4.79599285126, -63.7116508484, 54.0856742859, -55.2788734436, -2.65657877922], [-136.06690979, 126.765579224, -59.4193840027, -77.8767623901, 49.8572463989, -64.4283065796, 78.6198883057, 179.410934448, 71.53074646, -22.8599014282, -2.72023749352, 6.96811151505, 27.091337204], [-78.5770797729, 176.13571167, -44.9663925171, -32.1315956116, 56.0895805359, -63.7223548889, -4.79599285126, 71.53074646, 152.878799438, 3.89901733398, -4.00590801239, -16.7081394196, 34.0543937683], [-293.693695068, -186.276062012, 68.8580322266, -9.09294700623, -20.5902252197, 25.0632324219, -63.7116508484, -22.8599014282, 3.89901733398, 149.178634644, 22.9543628693, 19.3598155975, -22.3237571716], [-116.461708069, 187.384506226, -54.7392158508, -97.7959747314, 7.04139518738, -0.847636163235, 54.0856742859, -2.72023749352, -4.00590801239, 22.9543628693, 127.914039612, 10.6893539429, 1.27945673466], [-262.738372803, -137.862823486, 62.4885139465, -38.7776069641, -26.7620868683, -15.3724279404, -55.2788734436, 6.96811151505, -16.7081394196, 19.3598155975, 10.6893539429, 134.994857788, 12.9561405182], [-50.2414131165, 89.7035751343, -80.5082397461, -30.2233791351, 11.7576932907, -31.1600723267, -2.65657877922, 27.091337204, 34.0543937683, -22.3237571716, 1.27945673466, 12.9561405182, 91.479057312]],
        "icov": [[0.000228538396186, -0.000445069890702, 0.000355911965016, -0.000466676807264, 0.000394399045035, -0.000466203317046, 0.000358237855835, -0.000212303290027, 0.000296272162814, -3.56655073119e-005, 0.00049984396901, -0.000169914084836, 0.000482855975861], [-0.000445069890702, 0.00380808650516, -0.00141549215186, 0.00313834124245, -0.00249246577732, 0.00270944437943, -0.00195261184126, 0.00203299056739, -0.0026999861002, 0.0033618635498, -0.00410016160458, 0.00320642022416, -0.00217426847667], [0.000355911965016, -0.00141549215186, 0.00156418781262, -0.00161950010806, 0.000601932872087, -0.000808607263025, 0.000199850968784, -0.000193993211724, 0.00100720359478, -0.00149013102055, 0.00213564094156, -0.00180956162512, 0.00162331969477], [-0.000466676807264, 0.00313834124245, -0.00161950010806, 0.00387240434065, -0.00204425863922, 0.00213024159893, -0.000998779316433, 0.00166560884099, -0.00206009089015, 0.00298018287867, -0.00302138831466, 0.00324383447878, -0.00193654547911], [0.000394399045035, -0.00249246577732, 0.000601932872087, -0.00204425863922, 0.00377941899933, -0.0022201561369, 0.000696825620253, -0.00142021756619, 0.000860133615788, -0.0017910823226, 0.00264003477059, -0.00174630258698, 0.00116700166836], [-0.000466203317046, 0.00270944437943, -0.000808607263025, 0.00213024159893, -0.0022201561369, 0.0069787572138, -0.00365966116078, 0.0035867348779, -0.000816048821434, 0.000337174133165, -0.00152677914593, 0.00160791981034, -0.00124702951871], [0.000358237855835, -0.00195261184126, 0.000199850968784, -0.000998779316433, 0.000696825620253, -0.00365966116078, 0.0073767551221, -0.00462566502392, 0.0026828025002, 0.00138372916263, -0.00106580543797, 0.00139186449815, 0.00136207230389], [-0.000212303290027, 0.00203299056739, -0.000193993211724, 0.00166560884099, -0.00142021756619, 0.0035867348779, -0.00462566502392, 0.0107874264941, -0.00515589118004, 0.00122766452841, 2.83019062408e-006, -0.000780033878982, -0.001325921854], [0.000296272162814, -0.0026999861002, 0.00100720359478, -0.00206009089015, 0.000860133615788, -0.000816048821434, 0.0026828025002, -0.00515589118004, 0.0119493938982, -0.00370320957154, 0.00282618915662, 0.0001024908197, -0.00117369194049], [-3.56655073119e-005, 0.0033618635498, -0.00149013102055, 0.00298018287867, -0.0017910823226, 0.000337174133165, 0.00138372916263, 0.00122766452841, -0.00370320957154, 0.0129310982302, -0.00648778723553, 0.00324499281123, 0.000543972535525], [0.00049984396901, -0.00410016160458, 0.00213564094156, -0.00302138831466, 0.00264003477059, -0.00152677914593, -0.00106580543797, 2.83019062408e-006, 0.00282618915662, -0.00648778723553, 0.0148491999134, -0.00526353670284, 0.0021877035033], [-0.000169914084836, 0.00320642022416, -0.00180956162512, 0.00324383447878, -0.00174630258698, 0.00160791981034, 0.00139186449815, -0.000780033878982, 0.0001024908197, 0.00324499281123, -0.00526353670284, 0.0128885256127, -0.00371281499974], [0.000482855975861, -0.00217426847667, 0.00162331969477, -0.00193654547911, 0.00116700166836, -0.00124702951871, 0.00136207230389, -0.001325921854, -0.00117369194049, 0.000543972535525, 0.0021877035033, -0.00371281499974, 0.0150399329141]]
    },
    "melbands": {
        "mean": [0.000882841704879, 0.00217387615703, 0.00199287082069, 0.00118026253767, 0.000172683343408, 8.46444891067e-005, 6.24740714557e-005, 8.86358466232e-005, 0.00014243874466, 0.000114478250907, 7.05874845153e-005, 6.69941873639e-005, 3.4410488297e-005, 1.39466537803e-005, 1.55759535119e-005, 1.62324704434e-005, 9.67166579358e-006, 1.00467268567e-005, 9.15472628549e-006, 6.30138811175e-006, 6.48860122965e-006, 4.91420132676e-006, 3.65392725143e-006, 3.84282384402e-006, 4.48406353826e-006, 3.31954993271e-006, 2.48638434641e-006, 3.13652981276e-006, 3.31380942953e-006, 3.2008015296e-006, 3.31705928147e-006, 3.28947544403e-006, 5.25898667547e-006, 5.4215779528e-006, 3.72770477952e-006, 2.07894140658e-006, 1.16997341593e-006, 8.38427524741e-007, 8.19967851839e-007, 6.77946900396e-007],
        "var": [2.05007950171e-006, 1.5097350115e-005, 1.16298060675e-005, 1.36790677061e-005, 1.31832635475e-007, 8.76648087456e-008, 1.86704376404e-008, 6.34023749058e-008, 2.75029123031e-007, 1.27421046159e-007, 9.75033316308e-008, 6.85685677126e-008, 1.34980204791e-008, 2.96348123818e-009, 5.09122033421e-009, 2.62477106716e-009, 6.57434440221e-010, 1.06135966682e-009, 5.99049199135e-010, 3.14855724826e-010, 3.16964204883e-010, 1.52608217729e-010, 4.70010523557e-011, 4.71220840126e-011, 8.3954947161e-011, 4.51221074393e-011, 2.20450550176e-011, 4.8849094908e-011, 4.95621182983e-011, 5.33188944385e-011, 6.57240720181e-011, 6.6185945613e-011, 2.14885720329e-010, 2.33963154406e-010, 9.59111748355e-011, 3.16424803026e-011, 9.06226916425e-012, 4.44057898091e-012, 4.35169391841e-012, 3.01292324423e-012]
    },
    "mfcc": {
        "mean": [-742.01953125, 115.914344788, 34.4636497498, 37.5340957642, 10.8729543686, 12.8324565887, 3.36854720116, 7.64063930511, 1.61563467979, 5.10284042358, -0.270022332668, -3.61609625816, -3.65993475914],
        "cov": [[11500.5546875, -1526.5435791, -1487.78967285, -301.769775391, -625.982116699, -97.9688415527, -440.968780518, -16.4016990662, -262.434967041, -2.72271418571, -58.6236877441, -276.515167236, -217.246658325], [-1526.5435791, 3026.38720703, -270.221405029, -403.157318115, 91.8382034302, -190.195831299, 343.169128418, 223.555221558, 122.795272827, 172.055938721, 36.9108505249, 53.3483009338, 99.3754653931], [-1487.78967285, -270.221405029, 1245.44934082, 433.338256836, 167.202484131, 214.942459106, 61.2478256226, -37.7829933167, 6.28656005859, -84.2851104736, 14.207244873, 41.3965644836, 31.0571346283], [-301.769775391, -403.157318115, 433.338256836, 735.216369629, 271.898986816, 70.9449539185, 1.03164458275, 32.9886169434, 74.6687011719, -19.07147789, -15.7727851868, 27.3342609406, 5.89318132401], [-625.982116699, 91.8382034302, 167.202484131, 271.898986816, 410.373291016, 123.728630066, 13.3299980164, 2.35026812553, 75.9049072266, 10.9252700806, 1.19243693352, 12.0896015167, 18.2983264923], [-97.9688415527, -190.195831299, 214.942459106, 70.9449539185, 123.728630066, 333.604675293, 125.694946289, -18.0470104218, -16.0517024994, 7.62133169174, 25.1762142181, -13.7895536423, -37.4622383118], [-440.968780518, 343.169128418, 61.2478256226, 1.03164458275, 13.3299980164, 125.694946289, 327.036407471, 99.0381698608, 12.9120006561, 55.714881897, 21.2419490814, 24.8926372528, -4.23056364059], [-16.4016990662, 223.555221558, -37.7829933167, 32.9886169434, 2.35026812553, -18.0470104218, 99.0381698608, 200.275360107, 73.8398513794, 2.60578966141, -5.18480443954, 3.92189908028, 8.99001693726], [-262.434967041, 122.795272827, 6.28656005859, 74.6687011719, 75.9049072266, -16.0517024994, 12.9120006561, 73.8398513794, 174.971862793, 38.3014717102, -20.841501236, 14.2151012421, 8.38597297668], [-2.72271418571, 172.055938721, -84.2851104736, -19.07147789, 10.9252700806, 7.62133169174, 55.714881897, 2.60578966141, 38.3014717102, 151.238494873, 29.3587150574, -5.35092496872, -4.09418773651], [-58.6236877441, 36.9108505249, 14.207244873, -15.7727851868, 1.19243693352, 25.1762142181, 21.2419490814, -5.18480443954, -20.841501236, 29.3587150574, 82.805480957, 28.1327781677, -5.89178323746], [-276.515167236, 53.3483009338, 41.3965644836, 27.3342609406, 12.0896015167, -13.7895536423, 24.8926372528, 3.92189908028, 14.2151012421, -5.35092496872, 28.1327781677, 102.128074646, 37.1543045044], [-217.246658325, 99.3754653931, 31.0571346283, 5.89318132401, 18.2983264923, -37.4622383118, -4.23056364059, 8.99001693726, 8.38597297668, -4.09418773651, -5.89178323746, 37.1543045044, 99.046836853]],
        "icov": [[0.000141105701914, 3.11008370772e-005, 0.000190965249203, -0.000119513017125, 0.000224169110879, -0.000199166956008, 0.000235244078794, -0.000175017179572, 0.000181834126124, -7.85308366176e-005, 4.25414509664e-005, 0.000152915716171, 6.12418734818e-005], [3.11008370772e-005, 0.00060773716541, -6.42823943053e-005, 0.000538088963367, -0.000597631034907, 0.000734307221137, -0.00067221414065, -0.000358374469215, -7.15683427188e-006, -0.000377879274311, -0.000112766487291, 8.70591247804e-005, -0.000215816646232], [0.000190965249203, -6.42823943053e-005, 0.00153966539074, -0.00101592880674, 0.000693109235726, -0.00110289792065, 0.000173719454324, 0.00039045579615, -0.000110536755528, 0.000856249593198, -0.000474723434309, 0.000325978006003, -0.000617957906798], [-0.000119513017125, 0.000538088963367, -0.00101592880674, 0.00295967818238, -0.00218226201832, 0.00126377306879, -0.000554840895347, -0.000833400292322, -7.5732525147e-005, -0.00061795610236, 0.000669898989145, -0.000813211256173, 0.000599312770646], [0.000224169110879, -0.000597631034907, 0.000693109235726, -0.00218226201832, 0.00514739798382, -0.00280372914858, 0.00140723120421, 0.000694942253176, -0.00137515179813, 0.000460364157334, -0.00044772887486, 0.00061559653841, -0.00113265356049], [-0.000199166956008, 0.000734307221137, -0.00110289792065, 0.00126377306879, -0.00280372914858, 0.00653111655265, -0.00355844362639, 0.00102192081977, -3.95214265154e-005, 0.000228879143833, -0.00138951232657, 0.00113938096911, 0.00134326447733], [0.000235244078794, -0.00067221414065, 0.000173719454324, -0.000554840895347, 0.00140723120421, -0.00355844362639, 0.00682369014248, -0.00345384888351, 0.00194133573677, -0.00244167819619, 0.00160814099945, -0.00226049474441, 0.000846350681968], [-0.000175017179572, -0.000358374469215, 0.00039045579615, -0.000833400292322, 0.000694942253176, 0.00102192081977, -0.00345384888351, 0.00893613696098, -0.00443794438615, 0.00310688558966, -0.00209511537105, 0.00213339389302, -0.00121837307233], [0.000181834126124, -7.15683427188e-006, -0.000110536755528, -7.5732525147e-005, -0.00137515179813, -3.95214265154e-005, 0.00194133573677, -0.00443794438615, 0.00993080995977, -0.0040367115289, 0.00443787546828, -0.00295937154442, 0.00153644185048], [-7.85308366176e-005, -0.000377879274311, 0.000856249593198, -0.00061795610236, 0.000460364157334, 0.000228879143833, -0.00244167819619, 0.00310688558966, -0.0040367115289, 0.0103723322973, -0.00528532359749, 0.00324207590893, -0.00116963637993], [4.25414509664e-005, -0.000112766487291, -0.000474723434309, 0.000669898989145, -0.00044772887486, -0.00138951232657, 0.00160814099945, -0.00209511537105, 0.00443787546828, -0.00528532359749, 0.0179686136544, -0.00732315191999, 0.00335315708071], [0.000152915716171, 8.70591247804e-005, 0.000325978006003, -0.000813211256173, 0.00061559653841, 0.00113938096911, -0.00226049474441, 0.00213339389302, -0.00295937154442, 0.00324207590893, -0.00732315191999, 0.0154399042949, -0.00562158413231], [6.12418734818e-005, -0.000215816646232, -0.000617957906798, 0.000599312770646, -0.00113265356049, 0.00134326447733, 0.000846350681968, -0.00121837307233, 0.00153644185048, -0.00116963637993, 0.00335315708071, -0.00562158413231, 0.0135990362614]]
    },
    "spectral_contrast_coeffs": {
        "mean": [-0.629901707172, -0.744434773922, -0.772126734257, -0.792741835117, -0.804869174957, -0.78643488884],
        "var": [0.00706479325891, 0.00817105639726, 0.00990327540785, 0.00554169947281, 0.00296786613762, 0.00203195330687]
    },
    "spectral_contrast_valleys": {
        "mean": [-7.54430150986, -7.84440517426, -8.76452255249, -9.04591560364, -8.6802406311, -10.7268009186],
        "var": [1.3843126297, 1.35262918472, 1.44399404526, 1.54008436203, 1.73977136612, 1.75471019745]
    }
},
"metadata": {
    "audio_properties": {
        "analysis_sample_rate": 44100,
        "bit_rate": 128074,
        "equal_loudness": 0,
        "length": 45.0612258911,
        "lossless": 0,
        "replay_gain": -5.89867401123,
        "sample_rate": 44100,
        "codec": "mp3",
        "downmix": "mix",
        "md5_encoded": "a13967249608ef7e73aadca386658b06"
    },
    "tags": {
        "file_name": "1893.mp3"
    },
    "version": {
        "essentia": "2.1-beta2",
        "essentia_git_sha": "v2.1_beta2",
        "extractor": "music 1.0"
    }
},
"rhythm": {
    "beats_count": 85,
    "beats_loudness": {
        "mean": 0.0459753125906,
        "var": 0.000621350598522
    },
    "bpm": 103.071166992,
    "bpm_histogram_first_peak_bpm": {
        "mean": 103,
        "var": 0
    },
    "bpm_histogram_first_peak_spread": {
        "mean": 0.43137255311,
        "var": 0
    },
    "bpm_histogram_first_peak_weight": {
        "mean": 0.345238089561,
        "var": 0
    },
    "bpm_histogram_second_peak_bpm": {
        "mean": 148,
        "var": 0
    },
    "bpm_histogram_second_peak_spread": {
        "mean": 0.518518567085,
        "var": 0
    },
    "bpm_histogram_second_peak_weight": {
        "mean": 0.154761910439,
        "var": 0
    },
    "danceability": 1.62960660458,
    "onset_rate": 3.54912447929,
    "beats_loudness_band_ratio": {
        "mean": [0.670947551727, 0.189632594585, 0.087935231626, 0.0559627152979, 0.0250960607082, 0.080071978271],
        "var": [0.0393612198532, 0.0184569042176, 0.0140855005011, 0.00822371058166, 0.00177280372009, 0.00535815441981]
    },
    "beats_position": [0.394739210606, 0.812698423862, 1.21904754639, 1.62539684772, 2.03174591064, 2.43809509277, 2.85605430603, 3.27401351929, 3.68036270142, 4.08671188354, 4.53950119019, 4.99229001999, 5.45668935776, 6.09523820877, 6.71056699753, 7.31428575516, 7.89478445053, 8.48689365387, 9.07900238037, 9.65950107574, 10.2399997711, 10.8204984665, 11.4009971619, 11.9814968109, 12.5619955063, 13.1424942017, 13.722992897, 14.3034915924, 14.8839902878, 15.4760990143, 16.0682086945, 16.6603164673, 17.2524261475, 17.8329238892, 18.4134235382, 18.9939231873, 19.574420929, 20.1433105469, 20.7121982574, 21.2926979065, 21.8615875244, 22.4420852661, 23.010974884, 23.5914726257, 24.1719722748, 24.764081955, 25.3561897278, 25.9366893768, 26.5171871185, 27.1092967987, 27.6897945404, 28.2702941895, 28.8507938385, 29.4196815491, 30.0001811981, 30.5806789398, 31.1495685577, 31.7184581757, 32.2757377625, 32.8562355042, 33.4367332458, 34.0056228638, 34.5861206055, 35.1782302856, 35.7819480896, 36.3856697083, 36.9893875122, 37.3957366943, 37.790473938, 38.1852149963, 38.57995224, 38.9863014221, 39.4042625427, 39.8222198486, 40.2401809692, 40.6581382751, 41.0644874573, 41.4708366394, 41.8771858215, 42.2835350037, 42.7014961243, 43.1194534302, 43.5374145508, 43.9437637329, 44.3617210388]
},
"tonal": {
    "chords_changes_rate": 0.151234567165,
    "chords_number_rate": 0.0195473246276,
    "chords_strength": {
        "mean": 0.450924903154,
        "var": 0.00677188159898
    },
    "hpcp_entropy": {
        "mean": 2.14131951332,
        "var": 0.764508783817
    },
    "key_strength": 0.803553462029,
    "tuning_diatonic_strength": 0.5319237113,
    "tuning_equal_tempered_deviation": 0.228472679853,
    "tuning_frequency": 445.112548828,
    "tuning_nontempered_energy_ratio": 0.869691729546,
    "hpcp": {
        "mean": [0.128531068563, 0.108930274844, 0.140067696571, 0.150213107467, 0.10184507072, 0.0739388465881, 0.0776010602713, 0.110151745379, 0.165916517377, 0.143387794495, 0.0791228115559, 0.0650400295854, 0.0712369158864, 0.0832246914506, 0.131547853351, 0.17553883791, 0.159345179796, 0.135212481022, 0.099692709744, 0.0691452696919, 0.0839323997498, 0.110725998878, 0.162093505263, 0.194057747722, 0.149100378156, 0.100805751979, 0.0891221016645, 0.0915124490857, 0.114112518728, 0.147901043296, 0.12908385694, 0.0890505313873, 0.0837368369102, 0.0881757363677, 0.102153450251, 0.131229430437],
        "var": [0.0589588917792, 0.0428199730814, 0.06635004282, 0.0778192281723, 0.0385487936437, 0.0286294184625, 0.0299519840628, 0.0438330881298, 0.0895507931709, 0.070075340569, 0.0263084508479, 0.0246394574642, 0.0323939062655, 0.0344348587096, 0.0512562580407, 0.0888556465507, 0.06508538872, 0.072664603591, 0.0520075336099, 0.0261197909713, 0.0335705094039, 0.0448403172195, 0.0672078207135, 0.0902825891972, 0.0656040534377, 0.0466979071498, 0.0428972691298, 0.0452636033297, 0.0544520020485, 0.0739747434855, 0.060101300478, 0.0376853495836, 0.0390693731606, 0.0416566245258, 0.0447102971375, 0.063509106636]
    },
    "chords_histogram": [1.54320991039, 5.55555534363, 5.45267486572, 0.102880656719, 0, 1.54320991039, 0, 1.95473253727, 2.57201647758, 1.23456788063, 0, 1.02880656719, 0.205761313438, 5.65843629837, 12.6543207169, 4.83539104462, 5.34979438782, 3.29218101501, 1.44032919407, 7.20164632797, 7.20164632797, 21.0905342102, 6.58436203003, 3.49794244766],
    "thpcp": [1, 0.768329918385, 0.519462645054, 0.459255576134, 0.471573293209, 0.588033795357, 0.762149631977, 0.665182709694, 0.458886772394, 0.43150472641, 0.454378843307, 0.52640748024, 0.676239073277, 0.662334144115, 0.561329185963, 0.721783578396, 0.774063944817, 0.524818360806, 0.3810146451, 0.39988642931, 0.56762355566, 0.854985296726, 0.738892376423, 0.407728165388, 0.335158109665, 0.367091327906, 0.428865581751, 0.677879929543, 0.904570102692, 0.821122467518, 0.696764171124, 0.513727009296, 0.356312841177, 0.432512491941, 0.570582747459, 0.835284888744],
    "chords_key": "B",
    "chords_scale": "minor",
    "key_key": "A",
    "key_scale": "major"
}
}