{
"lowlevel": {
    "average_loudness": 0.824861645699,
    "barkbands_crest": {
        "mean": 10.3154506683,
        "var": 22.8808822632
    },
    "barkbands_flatness_db": {
        "mean": 0.172539651394,
        "var": 0.00549021083862
    },
    "barkbands_kurtosis": {
        "mean": 8.03228282928,
        "var": 391.740447998
    },
    "barkbands_skewness": {
        "mean": 1.74525630474,
        "var": 2.92075920105
    },
    "barkbands_spread": {
        "mean": 20.3009414673,
        "var": 232.802505493
    },
    "dissonance": {
        "mean": 0.456628859043,
        "var": 0.00156790576875
    },
    "dynamic_complexity": 3.75008630753,
    "erbbands_crest": {
        "mean": 9.72245502472,
        "var": 27.121006012
    },
    "erbbands_flatness_db": {
        "mean": 0.189114525914,
        "var": 0.00223953113891
    },
    "erbbands_kurtosis": {
        "mean": 1.75047075748,
        "var": 46.359790802
    },
    "erbbands_skewness": {
        "mean": 0.35624024272,
        "var": 1.63325226307
    },
    "erbbands_spread": {
        "mean": 36.6445922852,
        "var": 336.74041748
    },
    "hfc": {
        "mean": 12.1225500107,
        "var": 163.566116333
    },
    "melbands_crest": {
        "mean": 14.7004346848,
        "var": 32.9080924988
    },
    "melbands_flatness_db": {
        "mean": 0.234711766243,
        "var": 0.0092485640198
    },
    "melbands_kurtosis": {
        "mean": 18.4737262726,
        "var": 916.78314209
    },
    "melbands_skewness": {
        "mean": 2.88324856758,
        "var": 3.53641414642
    },
    "melbands_spread": {
        "mean": 24.7452144623,
        "var": 883.153747559
    },
    "pitch_salience": {
        "mean": 0.542942941189,
        "var": 0.0162156466395
    },
    "silence_rate_20dB": {
        "mean": 1,
        "var": 0
    },
    "silence_rate_30dB": {
        "mean": 0.987641632557,
        "var": 0.0122055672109
    },
    "silence_rate_60dB": {
        "mean": 0.0952626168728,
        "var": 0.086187005043
    },
    "spectral_centroid": {
        "mean": 1280.26367188,
        "var": 855637.4375
    },
    "spectral_complexity": {
        "mean": 15.5623073578,
        "var": 126.197799683
    },
    "spectral_decrease": {
        "mean": -4.82054618445e-009,
        "var": 3.61393389827e-017
    },
    "spectral_energy": {
        "mean": 0.0192934107035,
        "var": 0.000554996309802
    },
    "spectral_energyband_high": {
        "mean": 0.00053722813027,
        "var": 7.06134983375e-007
    },
    "spectral_energyband_low": {
        "mean": 0.0050195096992,
        "var": 0.000102409925603
    },
    "spectral_energyband_middle_high": {
        "mean": 0.00266078766435,
        "var": 8.77432648849e-006
    },
    "spectral_energyband_middle_low": {
        "mean": 0.0119205377996,
        "var": 0.00034168511047
    },
    "spectral_entropy": {
        "mean": 7.23439407349,
        "var": 0.436234533787
    },
    "spectral_flux": {
        "mean": 0.0632879212499,
        "var": 0.00270006689243
    },
    "spectral_kurtosis": {
        "mean": 6.18101215363,
        "var": 61.7066001892
    },
    "spectral_rms": {
        "mean": 0.00379955419339,
        "var": 4.38623646914e-006
    },
    "spectral_rolloff": {
        "mean": 1524.61853027,
        "var": 2842193.75
    },
    "spectral_skewness": {
        "mean": 1.56284248829,
        "var": 0.94479238987
    },
    "spectral_spread": {
        "mean": 3739234.25,
        "var": 2.83361017856e+012
    },
    "spectral_strongpeak": {
        "mean": 0.771473050117,
        "var": 1.0722424984
    },
    "zerocrossingrate": {
        "mean": 0.0528965480626,
        "var": 0.00221096375026
    },
    "barkbands": {
        "mean": [0.00011248307419, 0.00230408273637, 0.00184569542762, 0.00204932596534, 0.00439626956359, 0.00277601741254, 0.000750298262574, 0.000997600611299, 0.00070390390465, 0.000504898896907, 0.000208869445487, 0.000279631116427, 0.000185607103049, 0.000276942650089, 0.000305442081299, 0.000380677578505, 0.000290756026516, 0.000173464868567, 0.000143861878314, 0.000171090869117, 0.000262995803496, 6.72494716127e-005, 2.40525350819e-005, 6.08866284892e-005, 1.83322263183e-005, 2.91223432214e-006, 9.0487866089e-008],
        "var": [2.85259403654e-007, 5.67489187233e-005, 9.22253639146e-006, 1.74860615516e-005, 5.20966932527e-005, 0.000113234047603, 3.7861968849e-006, 1.62784908753e-005, 8.34100774227e-006, 2.38624807025e-006, 3.10057941988e-007, 3.06686814611e-007, 1.13485057796e-007, 2.56218100958e-007, 2.11825167185e-007, 3.38177642334e-007, 1.59404578426e-007, 6.66769395252e-008, 3.77885562841e-008, 7.02595599478e-008, 1.78184038191e-007, 2.02317860243e-008, 5.8496891775e-009, 1.27484057089e-007, 9.32250010521e-009, 5.02477469355e-011, 5.94564477405e-014]
    },
    "erbbands": {
        "mean": [0.0439070388675, 0.59628868103, 2.08251190186, 4.42500209808, 9.44572639465, 14.5019044876, 23.725725174, 21.3303813934, 13.9477052689, 17.6745357513, 20.113866806, 12.811621666, 23.803237915, 11.2618646622, 8.91552066803, 10.8657150269, 8.87040519714, 13.3393030167, 14.107129097, 18.1071014404, 23.3264560699, 14.9581594467, 11.1133975983, 6.93036365509, 6.86406564713, 7.98984479904, 11.2114009857, 8.5774269104, 2.87531042099, 1.11459589005, 0.654990077019, 1.00338983536, 1.09090292454, 0.355199843645, 0.0627856478095, 0.0192274823785, 0.00386240682565, 0.000447069032816, 2.28157605306e-005, 2.3420638172e-005],
        "var": [0.0484892763197, 2.77789449692, 10.7497720718, 54.5250244141, 335.374572754, 556.477905273, 4400.32910156, 9624.68457031, 5224.73193359, 5496.16650391, 5323.6015625, 1730.30834961, 9163.45800781, 463.704101563, 376.551208496, 341.088928223, 221.763504028, 624.67376709, 439.721221924, 692.833618164, 1141.87011719, 360.694396973, 266.689758301, 86.5634078979, 81.3291778564, 151.413116455, 324.682281494, 213.259078979, 29.0949268341, 14.7777462006, 4.07734489441, 29.6096725464, 44.5599212646, 4.17943572998, 0.0657104551792, 0.00227763433941, 8.83029642864e-005, 1.18161779028e-006, 1.15105780463e-009, 7.25759896625e-010]
    },
    "gfcc": {
        "mean": [-64.1388015747, 122.633850098, -127.219329834, 45.9287605286, -55.4144020081, 1.92549657822, -38.3127555847, -3.48320412636, -22.1128959656, -6.28527641296, -18.7646999359, -11.0029602051, -2.99287891388],
        "cov": [[8093.85351563, -995.265991211, -1715.62219238, 223.729888916, -364.158477783, -49.6859207153, -84.7303237915, 46.3457717896, -247.592086792, 280.284484863, -191.44392395, 66.9195480347, 54.2625694275], [-995.265991211, 1691.55895996, 51.1588439941, -281.896514893, 315.180725098, -252.597640991, 196.82093811, -170.385269165, 204.184005737, -252.585006714, 153.483123779, -152.205215454, 140.022003174], [-1715.62219238, 51.1588439941, 1419.74829102, -62.4210853577, -29.9808731079, 153.231414795, -135.652084351, 143.601211548, 45.2488365173, -66.2045669556, 56.060749054, 41.1545066833, -117.834533691], [223.729888916, -281.896514893, -62.4210853577, 437.833984375, 27.5068473816, 35.8541679382, 75.9641876221, -60.1425971985, 1.12895548344, 75.7483596802, -34.4637985229, 3.79202842712, 16.8552513123], [-364.158477783, 315.180725098, -29.9808731079, 27.5068473816, 278.455383301, -12.8116760254, 93.2697143555, -27.7668571472, 33.6025543213, -0.758974134922, -20.7803668976, 1.28205740452, 24.3885402679], [-49.6859207153, -252.597640991, 153.231414795, 35.8541679382, -12.8116760254, 223.798065186, 24.3578739166, 75.0090179443, -14.3229398727, 29.3230381012, -22.6481819153, 13.2354192734, -55.4114608765], [-84.7303237915, 196.82093811, -135.652084351, 75.9641876221, 93.2697143555, 24.3578739166, 240.458740234, -13.9377393723, 24.4062995911, 29.5827407837, 2.44902658463, -12.3135652542, 23.9315814972], [46.3457717896, -170.385269165, 143.601211548, -60.1425971985, -27.7668571472, 75.0090179443, -13.9377393723, 176.310256958, 15.122220993, 25.2434234619, -6.37182378769, 29.0001907349, -45.5942611694], [-247.592086792, 204.184005737, 45.2488365173, 1.12895548344, 33.6025543213, -14.3229398727, 24.4062995911, 15.122220993, 119.973594666, -5.68961954117, 25.3467159271, -34.1497840881, 19.6413345337], [280.284484863, -252.585006714, -66.2045669556, 75.7483596802, -0.758974134922, 29.3230381012, 29.5827407837, 25.2434234619, -5.68961954117, 169.493118286, -30.0571079254, 40.0638389587, -32.0620574951], [-191.44392395, 153.483123779, 56.060749054, -34.4637985229, -20.7803668976, -22.6481819153, 2.44902658463, -6.37182378769, 25.3467159271, -30.0571079254, 113.130867004, -14.0466976166, 27.0359268188], [66.9195480347, -152.205215454, 41.1545066833, 3.79202842712, 1.28205740452, 13.2354192734, -12.3135652542, 29.0001907349, -34.1497840881, 40.0638389587, -14.0466976166, 99.3265075684, -7.64998626709], [54.2625694275, 140.022003174, -117.834533691, 16.8552513123, 24.3885402679, -55.4114608765, 23.9315814972, -45.5942611694, 19.6413345337, -32.0620574951, 27.0359268188, -7.64998626709, 111.490478516]],
        "icov": [[0.000254838989349, -0.000430209649494, 0.000395206472604, -0.000416252471041, 0.000587860413361, -0.000309009745251, 0.000560165499337, -0.000670757784974, 0.000759895134252, -0.000568349321838, 0.000392452668166, -0.000147963000927, -0.000182459698408], [-0.000430209649494, 0.00493782805279, -0.0013979455689, 0.00354379951023, -0.0041441381909, 0.00344734732062, -0.00447586830705, 0.00426270393655, -0.00552209233865, 0.00436821999028, -0.00282423337922, 0.00206393515691, 0.000374054157874], [0.000395206472604, -0.0013979455689, 0.0017794680316, -0.00130040186923, 0.00126814597752, -0.0015418092953, 0.0020684201736, -0.00190360739361, 0.00123476004228, -0.000727237784304, 0.000239090950345, -0.00128135399427, 0.000801932823379], [-0.000416252471041, 0.00354379951023, -0.00130040186923, 0.00556188076735, -0.00289837969467, 0.00175228225999, -0.00396418757737, 0.00465537281707, -0.00434095598757, 0.00183248834219, -0.0012346720323, 0.00154534052126, -0.00050652702339], [0.000587860413361, -0.0041441381909, 0.00126814597752, -0.00289837969467, 0.00831527262926, -0.00266660260968, 0.00208644056693, -0.00302570359781, 0.0034929018002, -0.00347786420025, 0.00406548054889, -0.0026630773209, -0.000916558201425], [-0.000309009745251, 0.00344734732062, -0.0015418092953, 0.00175228225999, -0.00266660260968, 0.0088177639991, -0.00433265557513, 0.000653196126223, -0.00264140521176, 0.00292629306205, -0.00131424830761, 0.00206297799014, 0.00185644614976], [0.000560165499337, -0.00447586830705, 0.0020684201736, -0.00396418757737, 0.00208644056693, -0.00433265557513, 0.00996529404074, -0.00428049871698, 0.00470518227667, -0.00483400793746, 0.00161286606453, -0.00119201175403, -0.00105723098386], [-0.000670757784974, 0.00426270393655, -0.00190360739361, 0.00465537281707, -0.00302570359781, 0.000653196126223, -0.00428049871698, 0.0128438668326, -0.00778497103602, 0.0033261985518, -0.00217626453377, -0.000889470044058, 0.00220973300748], [0.000759895134252, -0.00552209233865, 0.00123476004228, -0.00434095598757, 0.0034929018002, -0.00264140521176, 0.00470518227667, -0.00778497103602, 0.0182327684015, -0.00657901726663, 0.00165744754486, 0.0027644673828, -0.00306010642089], [-0.000568349321838, 0.00436821999028, -0.000727237784304, 0.00183248834219, -0.00347786420025, 0.00292629306205, -0.00483400793746, 0.0033261985518, -0.00657901726663, 0.0126282507554, -0.0019813477993, -0.00197420059703, 0.00349354511127], [0.000392452668166, -0.00282423337922, 0.000239090950345, -0.0012346720323, 0.00406548054889, -0.00131424830761, 0.00161286606453, -0.00217626453377, 0.00165744754486, -0.0019813477993, 0.0129013154656, -0.000725440215319, -0.00302344327793], [-0.000147963000927, 0.00206393515691, -0.00128135399427, 0.00154534052126, -0.0026630773209, 0.00206297799014, -0.00119201175403, -0.000889470044058, 0.0027644673828, -0.00197420059703, -0.000725440215319, 0.0151290986687, -0.0024487611372], [-0.000182459698408, 0.000374054157874, 0.000801932823379, -0.00050652702339, -0.000916558201425, 0.00185644614976, -0.00105723098386, 0.00220973300748, -0.00306010642089, 0.00349354511127, -0.00302344327793, -0.0024487611372, 0.0138752264902]]
    },
    "melbands": {
        "mean": [0.000521304958966, 0.00101998227183, 0.000975162140094, 0.000782414048444, 0.000842165143695, 0.000486917677335, 0.00021100018057, 0.000201881193789, 0.000144020683365, 9.11546449061e-005, 0.000118640055007, 4.4788037485e-005, 2.97944006888e-005, 3.31018491124e-005, 2.0252473405e-005, 2.2140215151e-005, 2.3872948077e-005, 2.20891888603e-005, 2.22851194849e-005, 2.4751847377e-005, 2.86762151518e-005, 1.64787361427e-005, 1.20295762827e-005, 7.23141874914e-006, 5.36384686711e-006, 5.60832950214e-006, 4.56667339677e-006, 5.31721434527e-006, 7.35550702302e-006, 6.18329522695e-006, 4.42988266514e-006, 1.80815584372e-006, 7.51841980673e-007, 5.1946642543e-007, 3.34049417461e-007, 4.26040031698e-007, 7.05008574187e-007, 8.56645783642e-007, 5.2989850019e-007, 2.26216997135e-007],
        "var": [4.2670781113e-006, 3.31887531502e-006, 2.78368906947e-006, 1.28225167373e-006, 4.3162158363e-006, 4.86220051243e-006, 1.08182291569e-006, 7.44067278902e-007, 2.73609316537e-007, 1.20732678965e-007, 2.22318135457e-007, 8.65642579839e-009, 5.08972952673e-009, 5.26033661075e-009, 1.62408331228e-009, 1.21860288527e-009, 2.18264384344e-009, 1.39996136905e-009, 1.45791723138e-009, 1.37380606891e-009, 1.86334370156e-009, 4.95738894379e-010, 2.82294798648e-010, 1.30474367421e-010, 5.98237778759e-011, 5.81728068494e-011, 4.25763729828e-011, 7.61440285824e-011, 1.59115901011e-010, 1.03879856106e-010, 5.97399837932e-011, 1.06017321658e-011, 7.80680901868e-012, 3.65801616428e-012, 8.8980033194e-013, 4.06439291945e-012, 1.76310875621e-011, 2.99652733182e-011, 1.0214318974e-011, 1.74748442713e-012]
    },
    "mfcc": {
        "mean": [-699.053771973, 138.750823975, -6.29064369202, 38.8031387329, 4.93479824066, 6.32591485977, -3.84840297699, -4.91613817215, 3.50847578049, -3.28782343864, -8.67635345459, -1.25617873669, -7.39517116547],
        "cov": [[8529.65136719, -1224.64782715, -1756.42504883, 137.691390991, -641.988952637, 21.1225223541, -72.2856063843, -301.49105835, 115.398353577, -147.82182312, -164.118453979, 164.928894043, -101.791976929], [-1224.64782715, 1745.08947754, -33.2167320251, -74.8412857056, 129.557037354, -80.1036911011, -0.676491379738, 97.4749069214, -11.1531686783, 28.0353393555, -12.7813615799, -49.8554801941, 1.68644320965], [-1756.42504883, -33.2167320251, 1226.61364746, -112.299621582, 231.980911255, -53.6943664551, -6.56913328171, 138.695083618, -115.572723389, 107.424423218, 73.6873626709, -58.9123954773, 14.4241847992], [137.691390991, -74.8412857056, -112.299621582, 380.178009033, -24.9262752533, 117.993927002, 27.1325645447, -62.3245620728, 82.5756072998, -50.5611572266, 12.5119123459, 44.686050415, 10.1276626587], [-641.988952637, 129.557037354, 231.980911255, -24.9262752533, 235.967575073, -20.6036319733, -21.2957820892, 55.2221412659, -11.7036037445, 27.4474716187, 1.2488720417, -19.3296585083, 6.59449625015], [21.1225223541, -80.1036911011, -53.6943664551, 117.993927002, -20.6036319733, 212.671173096, 60.2377433777, -10.5565710068, 56.7696304321, -8.5157995224, 19.20586586, 25.5108184814, -3.67278027534], [-72.2856063843, -0.676491379738, -6.56913328171, 27.1325645447, -21.2957820892, 60.2377433777, 144.747055054, 32.4162559509, 24.3379077911, 8.21661758423, 19.4094676971, 4.36188411713, 9.29632472992], [-301.49105835, 97.4749069214, 138.695083618, -62.3245620728, 55.2221412659, -10.5565710068, 32.4162559509, 149.059631348, -0.144440308213, 38.4676132202, 11.8344097137, -12.8798666, 4.94006490707], [115.398353577, -11.1531686783, -115.572723389, 82.5756072998, -11.7036037445, 56.7696304321, 24.3379077911, -0.144440308213, 141.930831909, 7.94336652756, 9.62375640869, 28.9273967743, 9.54128360748], [-147.82182312, 28.0353393555, 107.424423218, -50.5611572266, 27.4474716187, -8.5157995224, 8.21661758423, 38.4676132202, 7.94336652756, 116.922485352, 49.6820487976, -6.74141979218, -0.207937166095], [-164.118453979, -12.7813615799, 73.6873626709, 12.5119123459, 1.2488720417, 19.20586586, 19.4094676971, 11.8344097137, 9.62375640869, 49.6820487976, 89.7827911377, 20.4860649109, 5.58266353607], [164.928894043, -49.8554801941, -58.9123954773, 44.686050415, -19.3296585083, 25.5108184814, 4.36188411713, -12.8798666, 28.9273967743, -6.74141979218, 20.4860649109, 81.8240737915, 29.4940910339], [-101.791976929, 1.68644320965, 14.4241847992, 10.1276626587, 6.59449625015, -3.67278027534, 9.29632472992, 4.94006490707, 9.54128360748, -0.207937166095, 5.58266353607, 29.4940910339, 74.4482879639]],
        "icov": [[0.000228095348575, 0.000143634257256, 0.000261443230556, -2.01725124498e-005, 0.000287460541585, 0.000109333414002, 7.03535697539e-005, -1.2889444406e-005, 6.64349645376e-005, -0.000247431860771, 0.000386923056794, -0.000415074493503, 0.000358928926289], [0.000143634257256, 0.000734838075005, 0.000333111296641, -3.0434321161e-005, -0.000200627750019, 0.000271949160378, 4.73170075566e-006, -0.000378992670448, 7.52583655412e-005, -0.000188922509551, 0.000158186245244, 9.99079129542e-005, 0.000113473295642], [0.000261443230556, 0.000333111296641, 0.0016269905027, -0.000112981426355, -0.000714674417395, 0.000109410284495, 0.00017012002354, -0.000760508235544, 0.00109284243081, -0.000711743137799, -0.000529373413883, 0.000289866962703, -6.91978784744e-005], [-2.01725124498e-005, -3.0434321161e-005, -0.000112981426355, 0.00399639876559, -0.000302094966173, -0.00148420978803, -0.000144162928336, 0.00134835706558, -0.00171941076405, 0.0018723938847, -0.00104660307989, -0.000554844620638, -0.000142705597682], [0.000287460541585, -0.000200627750019, -0.000714674417395, -0.000302094966173, 0.00627527153119, 1.628883183e-005, 0.00129482860211, -0.00126890512183, -0.000395223381929, -0.000795549887698, 0.00143219635356, -0.000100118770206, -7.46895602788e-005], [0.000109333414002, 0.000271949160378, 0.000109410284495, -0.00148420978803, 1.628883183e-005, 0.00688099069521, -0.00235905405134, 0.000157012342243, -0.00131333025638, 0.000135989335831, -0.000396879389882, -0.00115969160106, 0.00160410290118], [7.03535697539e-005, 4.73170075566e-006, 0.00017012002354, -0.000144162928336, 0.00129482860211, -0.00235905405134, 0.00900919362903, -0.00248678680509, -0.000414755020756, 0.000292039185297, -0.0014442326501, 0.00128937035333, -0.00145683682058], [-1.2889444406e-005, -0.000378992670448, -0.000760508235544, 0.00134835706558, -0.00126890512183, 0.000157012342243, -0.00248678680509, 0.00956081412733, -0.00109574233647, -0.00147332448978, 0.000567359325942, -2.35675870499e-005, -0.000145756595884], [6.64349645376e-005, 7.52583655412e-005, 0.00109284243081, -0.00171941076405, -0.000395223381929, -0.00131333025638, -0.000414755020756, -0.00109574233647, 0.009960453026, -0.00239299796522, 0.000723110046238, -0.00196942244656, -0.000351201015292], [-0.000247431860771, -0.000188922509551, -0.000711743137799, 0.0018723938847, -0.000795549887698, 0.000135989335831, 0.000292039185297, -0.00147332448978, -0.00239299796522, 0.0142110725865, -0.0082154693082, 0.002578408923, -0.000371423462639], [0.000386923056794, 0.000158186245244, -0.000529373413883, -0.00104660307989, 0.00143219635356, -0.000396879389882, -0.0014442326501, 0.000567359325942, 0.000723110046238, -0.0082154693082, 0.0184904318303, -0.00602136412635, 0.00164995610248], [-0.000415074493503, 9.99079129542e-005, 0.000289866962703, -0.000554844620638, -0.000100118770206, -0.00115969160106, 0.00128937035333, -2.35675870499e-005, -0.00196942244656, 0.002578408923, -0.00602136412635, 0.0190495904535, -0.00759397866204], [0.000358928926289, 0.000113473295642, -6.91978784744e-005, -0.000142705597682, -7.46895602788e-005, 0.00160410290118, -0.00145683682058, -0.000145756595884, -0.000351201015292, -0.000371423462639, 0.00164995610248, -0.00759397866204, 0.0171592328697]]
    },
    "spectral_contrast_coeffs": {
        "mean": [-0.608891367912, -0.733564913273, -0.770422697067, -0.782992303371, -0.78948956728, -0.728678822517],
        "var": [0.00791485887021, 0.00723583856598, 0.00547955511138, 0.00443693995476, 0.00322728510946, 0.00540874013677]
    },
    "spectral_contrast_valleys": {
        "mean": [-7.54369401932, -7.18245792389, -7.95079660416, -8.20100307465, -8.09664726257, -11.1867761612],
        "var": [0.954936444759, 0.981479883194, 1.19274806976, 1.42426419258, 1.57207167149, 1.30912911892]
    }
},
"metadata": {
    "audio_properties": {
        "analysis_sample_rate": 44100,
        "bit_rate": 128074,
        "equal_loudness": 0,
        "length": 45.0612258911,
        "lossless": 0,
        "replay_gain": -6.97503662109,
        "sample_rate": 44100,
        "codec": "mp3",
        "downmix": "mix",
        "md5_encoded": "24bfed1579bc71badbb98319d57a579c"
    },
    "tags": {
        "file_name": "1894.mp3"
    },
    "version": {
        "essentia": "2.1-beta2",
        "essentia_git_sha": "v2.1_beta2",
        "extractor": "music 1.0"
    }
},
"rhythm": {
    "beats_count": 101,
    "beats_loudness": {
        "mean": 0.0263179484755,
        "var": 0.000381679303246
    },
    "bpm": 128.843704224,
    "bpm_histogram_first_peak_bpm": {
        "mean": 129,
        "var": 0
    },
    "bpm_histogram_first_peak_spread": {
        "mean": 0.399999976158,
        "var": 0
    },
    "bpm_histogram_first_peak_weight": {
        "mean": 0.300000011921,
        "var": 0
    },
    "bpm_histogram_second_peak_bpm": {
        "mean": 148,
        "var": 0
    },
    "bpm_histogram_second_peak_spread": {
        "mean": 0.37142854929,
        "var": 0
    },
    "bpm_histogram_second_peak_weight": {
        "mean": 0.219999998808,
        "var": 0
    },
    "danceability": 1.18743002415,
    "onset_rate": 3.46039628983,
    "beats_loudness_band_ratio": {
        "mean": [0.440188467503, 0.266074925661, 0.148259490728, 0.0605799071491, 0.0808939486742, 0.0570834986866],
        "var": [0.0536649636924, 0.0362645015121, 0.0146284587681, 0.00261722248979, 0.00378520204686, 0.0110686440021]
    },
    "beats_position": [0.46439909935, 0.940408170223, 1.4164172411, 1.89242625237, 2.35682535172, 2.80961441994, 3.27401351929, 3.73841261864, 4.20281171799, 4.66721057892, 5.14321994781, 5.59600877762, 6.06040811539, 6.52480697632, 6.98920631409, 7.45360517502, 7.91800451279, 8.38240337372, 8.84680271149, 9.31120204926, 9.77560043335, 10.2399997711, 10.7043991089, 11.1687984467, 11.6331968307, 12.0975961685, 12.5619955063, 13.0380039215, 13.4907932281, 13.9435825348, 14.3963718414, 14.8375511169, 15.2787294388, 15.7199087143, 16.1610889435, 16.602268219, 17.0666656494, 17.5310649872, 17.995464325, 18.4598636627, 18.9242630005, 19.3886623383, 19.8646717072, 20.3290691376, 20.8050785065, 21.2810878754, 21.7570972443, 22.221496582, 22.6975059509, 23.1735134125, 23.6379127502, 24.102312088, 24.5783214569, 25.0543308258, 25.5071201324, 25.948299408, 26.4010887146, 26.8422679901, 27.2834453583, 27.7246246338, 28.1541938782, 28.5837631226, 29.0017223358, 29.4196815491, 29.8376407623, 30.2439899445, 30.6503391266, 31.0682983398, 31.4514274597, 31.8461666107, 32.264125824, 32.6704750061, 33.0768241882, 33.4831733704, 33.8895225525, 34.2958717346, 34.7370529175, 35.1666221619, 35.60779953, 36.0141487122, 36.4321098328, 36.8384590149, 37.244808197, 37.6511573792, 38.0575065613, 38.4638557434, 38.8702049255, 39.2649421692, 39.6712913513, 40.0776405334, 40.4723815918, 40.8787307739, 41.2850799561, 41.6798171997, 42.0745582581, 42.4692955017, 42.8640365601, 43.2703857422, 43.6767349243, 44.0830841064, 44.4894332886]
},
"tonal": {
    "chords_changes_rate": 0.0699588507414,
    "chords_number_rate": 0.00925925932825,
    "chords_strength": {
        "mean": 0.521586179733,
        "var": 0.00711049465463
    },
    "hpcp_entropy": {
        "mean": 2.01170372963,
        "var": 0.758912086487
    },
    "key_strength": 0.762824356556,
    "tuning_diatonic_strength": 0.626379847527,
    "tuning_equal_tempered_deviation": 0.115708015859,
    "tuning_frequency": 440,
    "tuning_nontempered_energy_ratio": 0.759520232677,
    "hpcp": {
        "mean": [0.12982532382, 0.103781744838, 0.0903108939528, 0.106324121356, 0.105586081743, 0.1817574054, 0.29170691967, 0.219697773457, 0.111309558153, 0.090914927423, 0.0822856426239, 0.108594760299, 0.169814988971, 0.161014229059, 0.132996529341, 0.159146264195, 0.123778514564, 0.0761387199163, 0.0634771883488, 0.0547042600811, 0.138442128897, 0.262874215841, 0.223897129297, 0.122395582497, 0.0880261659622, 0.0775104835629, 0.16192124784, 0.28651073575, 0.234665468335, 0.15339897573, 0.155984193087, 0.100303605199, 0.058387927711, 0.0629380494356, 0.0751259997487, 0.109536334872],
        "var": [0.0572336390615, 0.0414519421756, 0.0315414965153, 0.0446820110083, 0.0407311059535, 0.0616332478821, 0.127969101071, 0.0764684826136, 0.0432230308652, 0.0378221385181, 0.0298923514783, 0.032934255898, 0.0602796114981, 0.0544159188867, 0.0360492244363, 0.0617033727467, 0.044513206929, 0.0218159966171, 0.0183349885046, 0.0124320350587, 0.0462011247873, 0.139023005962, 0.0983683988452, 0.0469966642559, 0.0333241336048, 0.0292348489165, 0.0496356673539, 0.120252050459, 0.0834071412683, 0.0542604438961, 0.0780287012458, 0.0336607135832, 0.0115594556555, 0.0145748127252, 0.0217879749835, 0.0426306016743]
    },
    "chords_histogram": [37.6543197632, 4.21810722351, 2.57201647758, 7.20164632797, 4.32098770142, 0.823045253754, 0, 0.514403283596, 0, 17.1810703278, 0.308641970158, 0.205761313438, 0, 0, 0, 0, 0.102880656719, 0, 2.57201647758, 0, 0.514403283596, 0, 16.9753093719, 4.83539104462],
    "thpcp": [1, 0.753145575523, 0.381580114365, 0.311665296555, 0.282083272934, 0.372273504734, 0.582142472267, 0.55197262764, 0.455925166607, 0.545569062233, 0.424324929714, 0.261011004448, 0.217606037855, 0.187531575561, 0.474593222141, 0.901158630848, 0.767541348934, 0.419584095478, 0.301762342453, 0.265713572502, 0.555081963539, 0.982186973095, 0.804456293583, 0.525866746902, 0.534729123116, 0.34385061264, 0.200159549713, 0.21575781703, 0.257539302111, 0.375501334667, 0.445053964853, 0.355774015188, 0.309594631195, 0.364489555359, 0.361959457397, 0.623082280159],
    "chords_key": "B",
    "chords_scale": "minor",
    "key_key": "B",
    "key_scale": "minor"
}
}