{
"lowlevel": {
    "average_loudness": 0.960030019283,
    "barkbands_crest": {
        "mean": 11.6704597473,
        "var": 10.6377487183
    },
    "barkbands_flatness_db": {
        "mean": 0.317027002573,
        "var": 0.00138170283753
    },
    "barkbands_kurtosis": {
        "mean": 1.7393553257,
        "var": 6.62353897095
    },
    "barkbands_skewness": {
        "mean": 0.4306640625,
        "var": 0.419376134872
    },
    "barkbands_spread": {
        "mean": 4.66107416153,
        "var": 6.37968444824
    },
    "dissonance": {
        "mean": 0.397271484137,
        "var": 0.00272516510449
    },
    "dynamic_complexity": 1.56711959839,
    "erbbands_crest": {
        "mean": 15.172036171,
        "var": 22.1294822693
    },
    "erbbands_flatness_db": {
        "mean": 0.349878102541,
        "var": 0.001246752101
    },
    "erbbands_kurtosis": {
        "mean": 3.64382481575,
        "var": 12.4736652374
    },
    "erbbands_skewness": {
        "mean": 0.427112013102,
        "var": 0.594214856625
    },
    "erbbands_spread": {
        "mean": 7.75466489792,
        "var": 20.1033782959
    },
    "hfc": {
        "mean": 17.5178642273,
        "var": 91.8157043457
    },
    "melbands_crest": {
        "mean": 14.264298439,
        "var": 19.8689651489
    },
    "melbands_flatness_db": {
        "mean": 0.409142702818,
        "var": 0.00216847658157
    },
    "melbands_kurtosis": {
        "mean": 1.49264347553,
        "var": 6.50763654709
    },
    "melbands_skewness": {
        "mean": 0.53096818924,
        "var": 0.437163501978
    },
    "melbands_spread": {
        "mean": 8.01377010345,
        "var": 22.3808555603
    },
    "pitch_salience": {
        "mean": 0.525347411633,
        "var": 0.00901349261403
    },
    "silence_rate_20dB": {
        "mean": 1,
        "var": 0
    },
    "silence_rate_30dB": {
        "mean": 1,
        "var": 0
    },
    "silence_rate_60dB": {
        "mean": 0.00154479919001,
        "var": 0.00154241069686
    },
    "spectral_centroid": {
        "mean": 522.138305664,
        "var": 36463.4375
    },
    "spectral_complexity": {
        "mean": 11.2924823761,
        "var": 7.50163984299
    },
    "spectral_decrease": {
        "mean": -8.98617802392e-009,
        "var": 1.45451422368e-017
    },
    "spectral_energy": {
        "mean": 0.0355047211051,
        "var": 0.000229107768973
    },
    "spectral_energyband_high": {
        "mean": 6.74789725963e-006,
        "var": 7.58516027766e-010
    },
    "spectral_energyband_low": {
        "mean": 0.00485044158995,
        "var": 2.58044638031e-005
    },
    "spectral_energyband_middle_high": {
        "mean": 0.00453059747815,
        "var": 3.89099732274e-005
    },
    "spectral_energyband_middle_low": {
        "mean": 0.0305635333061,
        "var": 0.000180019473191
    },
    "spectral_entropy": {
        "mean": 5.8432636261,
        "var": 0.117050543427
    },
    "spectral_flux": {
        "mean": 0.0618179477751,
        "var": 0.000458690425148
    },
    "spectral_kurtosis": {
        "mean": 65.7284469604,
        "var": 758.935546875
    },
    "spectral_rms": {
        "mean": 0.00574376760051,
        "var": 1.64787627455e-006
    },
    "spectral_rolloff": {
        "mean": 692.084411621,
        "var": 206773.171875
    },
    "spectral_skewness": {
        "mean": 5.94223403931,
        "var": 2.44212293625
    },
    "spectral_spread": {
        "mean": 1197405.75,
        "var": 1.23432927232e+012
    },
    "spectral_strongpeak": {
        "mean": 2.07397770882,
        "var": 1.95779895782
    },
    "zerocrossingrate": {
        "mean": 0.0252928175032,
        "var": 0.000159184448421
    },
    "barkbands": {
        "mean": [8.35957871459e-006, 4.65463854198e-005, 0.000833491038065, 0.00637873262167, 0.00289041223004, 0.00440085260198, 0.00396830029786, 0.00717788981274, 0.00473496038467, 0.00226637884043, 0.00152346957475, 0.000413975212723, 0.000447678990895, 0.000194753753021, 8.31115030451e-005, 5.60333719477e-005, 4.04131205869e-005, 2.16428197746e-005, 8.07813557913e-006, 5.54094003746e-006, 2.03047784453e-006, 1.32812181164e-006, 3.92910862956e-007, 2.89504697548e-007, 1.53048304696e-007, 5.83369761387e-008, 4.73143968449e-009],
        "var": [2.87416535016e-010, 7.83153986106e-009, 7.61228818646e-007, 4.65847151645e-005, 2.38251941482e-005, 1.30641492433e-005, 2.16976113734e-005, 5.06596552441e-005, 7.69074831624e-005, 2.32602596952e-005, 1.59293886099e-005, 1.38691780194e-006, 1.15635930342e-006, 4.36443372109e-007, 1.26005744505e-007, 5.50419336776e-008, 5.43725242608e-008, 3.53360967154e-008, 8.17014789156e-010, 6.83266554447e-010, 1.86299739524e-010, 7.73549488353e-011, 5.47207418267e-012, 1.61473156894e-013, 6.91034279495e-014, 1.02927166234e-014, 5.58101075395e-017]
    },
    "erbbands": {
        "mean": [0.00138915074058, 0.0211839657277, 0.740419864655, 13.6126747131, 12.6247663498, 10.0437831879, 14.5423641205, 42.9529876709, 67.958480835, 85.6895599365, 142.726821899, 117.929595947, 85.405960083, 53.287612915, 44.8265838623, 17.312128067, 23.1928462982, 12.284245491, 6.13605546951, 4.22223758698, 2.65445256233, 2.63691878319, 1.46972930431, 0.606092572212, 0.308038473129, 0.242027848959, 0.0904437154531, 0.0912462770939, 0.055818606168, 0.0270950123668, 0.00860752444714, 0.00572641985491, 0.00505106383935, 0.00261386344209, 0.000644217943773, 0.000287884322461, 0.000118751690025, 2.05334144994e-005, 1.76215507963e-005, 4.00571298087e-005],
        "var": [6.26893097433e-006, 0.000553676509298, 0.543081760406, 203.356536865, 284.419586182, 324.195526123, 208.310333252, 1496.50549316, 4626.61035156, 5570.33984375, 19040.9609375, 55649.2890625, 22866.7109375, 16319.2421875, 15869.8837891, 1855.07873535, 2591.06274414, 1093.99584961, 267.31817627, 187.972061157, 65.283454895, 246.356323242, 161.499298096, 4.28666782379, 1.5480453968, 1.24193608761, 0.174007728696, 0.51005667448, 0.17206287384, 0.0266244933009, 0.00169432244729, 0.000160379408044, 2.78494026134e-005, 1.39026969919e-005, 2.59610715148e-006, 2.3785707981e-007, 5.2109363935e-008, 7.87799325774e-010, 5.55185133977e-011, 2.9525953904e-010]
    },
    "gfcc": {
        "mean": [-114.166114807, 202.893234253, -112.075828552, -46.3173561096, -57.6766777039, -23.0188446045, -45.6378250122, 0.201967075467, -18.4691123962, -19.2901191711, -9.52534198761, -24.5385456085, -11.9419260025],
        "cov": [[1620.88110352, 46.6294784546, -609.213928223, 132.448471069, 31.6438159943, 57.2158813477, 173.308120728, -172.721939087, -37.8028182983, -47.8695449829, -80.4487762451, -46.9078598022, 3.08021402359], [46.6294784546, 232.720932007, 145.554489136, -127.61807251, 74.5672302246, 12.1258087158, -10.4729557037, 15.3084697723, -7.10224819183, -41.7580947876, -11.8661136627, -63.731426239, -15.1607904434], [-609.213928223, 145.554489136, 580.079772949, -22.070646286, -19.8948135376, -65.0801391602, -118.372421265, 125.036201477, 31.3000240326, -12.9167795181, 9.87870788574, -11.7832460403, -57.8166046143], [132.448471069, -127.61807251, -22.070646286, 308.925872803, -22.4779472351, -55.9419288635, 26.0950775146, -14.6888313293, 11.9319067001, 2.0756483078, -32.5952339172, 30.6272888184, -31.5091915131], [31.6438159943, 74.5672302246, -19.8948135376, -22.4779472351, 116.601173401, 45.1985359192, 7.38518381119, -22.30286026, -21.5346298218, -20.6875858307, -28.1634311676, -34.4046325684, -5.18660974503], [57.2158813477, 12.1258087158, -65.0801391602, -55.9419288635, 45.1985359192, 126.769622803, 45.6553611755, -39.995716095, -12.3167409897, -8.3564414978, -15.791841507, -6.73434495926, 9.39120864868], [173.308120728, -10.4729557037, -118.372421265, 26.0950775146, 7.38518381119, 45.6553611755, 117.822975159, -15.8977394104, -8.43559455872, -11.1449594498, -23.2858905792, -15.3155851364, -4.34683656693], [-172.721939087, 15.3084697723, 125.036201477, -14.6888313293, -22.30286026, -39.995716095, -15.8977394104, 106.013259888, 17.3844146729, -5.0539355278, 17.1489562988, 0.935496926308, -10.6396427155], [-37.8028182983, -7.10224819183, 31.3000240326, 11.9319067001, -21.5346298218, -12.3167409897, -8.43559455872, 17.3844146729, 60.9530525208, 19.8965644836, -1.9672306776, -4.94823169708, -24.7342147827], [-47.8695449829, -41.7580947876, -12.9167795181, 2.0756483078, -20.6875858307, -8.3564414978, -11.1449594498, -5.0539355278, 19.8965644836, 71.1363067627, 30.8573932648, 11.0349359512, -2.6133441925], [-80.4487762451, -11.8661136627, 9.87870788574, -32.5952339172, -28.1634311676, -15.791841507, -23.2858905792, 17.1489562988, -1.9672306776, 30.8573932648, 81.0580673218, 42.5776443481, 19.9515972137], [-46.9078598022, -63.731426239, -11.7832460403, 30.6272888184, -34.4046325684, -6.73434495926, -15.3155851364, 0.935496926308, -4.94823169708, 11.0349359512, 42.5776443481, 107.10193634, 43.0873298645], [3.08021402359, -15.1607904434, -57.8166046143, -31.5091915131, -5.18660974503, 9.39120864868, -4.34683656693, -10.6396427155, -24.7342147827, -2.6133441925, 19.9515972137, 43.0873298645, 97.6604156494]],
        "icov": [[0.00297819054686, -0.00803785491735, 0.00557918427512, -0.0039462344721, 0.00555055448785, -0.00235405797139, 0.00223747035488, -0.00118490797468, 0.00210956553929, -0.00151049811393, 0.00276826997288, -0.00129378261045, 0.00167881033849], [-0.00803785491735, 0.03700260818, -0.0204758364707, 0.0167029481381, -0.0245585404336, 0.0121621843427, -0.0123312268406, 0.00917241536081, -0.0100439786911, 0.0118909040466, -0.012615497224, 0.00826202705503, -0.00605207262561], [0.00557918427512, -0.0204758364707, 0.0156100038439, -0.00965274404734, 0.0141238626093, -0.0072783222422, 0.00977598689497, -0.0078486353159, 0.00579419685528, -0.00499915331602, 0.00759580219164, -0.00412874156609, 0.00540593545884], [-0.0039462344721, 0.0167029481381, -0.00965274404734, 0.0127312503755, -0.0115323420614, 0.00901037175208, -0.00769643066451, 0.0053644804284, -0.00457410980016, 0.00414346624166, -0.00214496161789, -0.000324313499732, -0.000592899799813], [0.00555055448785, -0.0245585404336, 0.0141238626093, -0.0115323420614, 0.0289087872952, -0.0126193137839, 0.0107278591022, -0.00593479210511, 0.0105364331976, -0.00645608827472, 0.0100934589282, -0.00193039525766, 0.00451837107539], [-0.00235405797139, 0.0121621843427, -0.0072783222422, 0.00901037175208, -0.0126193137839, 0.0185277182609, -0.0106486845762, 0.00813258532435, -0.00466290442273, 0.00375106674619, -0.00239288411103, -0.000572961405851, -0.00181823561434], [0.00223747035488, -0.0123312268406, 0.00977598689497, -0.00769643066451, 0.0107278591022, -0.0106486845762, 0.0193272456527, -0.00768378097564, 0.00546815386042, -0.00321846455336, 0.00577586237341, -0.000504410243593, 0.003277720185], [-0.00118490797468, 0.00917241536081, -0.0078486353159, 0.0053644804284, -0.00593479210511, 0.00813258532435, -0.00768378097564, 0.0192057136446, -0.00675924960524, 0.00689613074064, -0.00706302328035, 0.00245751719922, -0.00196995539591], [0.00210956553929, -0.0100439786911, 0.00579419685528, -0.00457410980016, 0.0105364331976, -0.00466290442273, 0.00546815386042, -0.00675924960524, 0.0261890329421, -0.0106630846858, 0.00839793775231, -0.00292712822556, 0.00676694093272], [-0.00151049811393, 0.0118909040466, -0.00499915331602, 0.00414346624166, -0.00645608827472, 0.00375106674619, -0.00321846455336, 0.00689613074064, -0.0106630846858, 0.0256620980799, -0.0138180134818, 0.00520524010062, -0.00131216167938], [0.00276826997288, -0.012615497224, 0.00759580219164, -0.00214496161789, 0.0100934589282, -0.00239288411103, 0.00577586237341, -0.00706302328035, 0.00839793775231, -0.0138180134818, 0.0284431707114, -0.011599346064, 0.00307672913186], [-0.00129378261045, 0.00826202705503, -0.00412874156609, -0.000324313499732, -0.00193039525766, -0.000572961405851, -0.000504410243593, 0.00245751719922, -0.00292712822556, 0.00520524010062, -0.011599346064, 0.0197170358151, -0.00795908551663], [0.00167881033849, -0.00605207262561, 0.00540593545884, -0.000592899799813, 0.00451837107539, -0.00181823561434, 0.003277720185, -0.00196995539591, 0.00676694093272, -0.00131216167938, 0.00307672913186, -0.00795908551663, 0.0171639677137]]
    },
    "melbands": {
        "mean": [1.17326371765e-005, 0.00019864270871, 0.00228124461137, 0.000747280311771, 0.000501032045577, 0.00100918218959, 0.000961030251347, 0.00120288284961, 0.0010678039398, 0.000737024529371, 0.000410003092838, 0.000216979387915, 0.000151369691594, 6.08755617577e-005, 4.9897331337e-005, 5.33975071448e-005, 1.90760310943e-005, 1.02385265563e-005, 8.00437283033e-006, 4.62927073386e-006, 2.3760737804e-006, 3.04250647787e-006, 1.51417771121e-006, 8.33908984532e-007, 4.75746134043e-007, 2.52608401752e-007, 1.93682453187e-007, 1.54944970632e-007, 6.34156975821e-008, 5.23314369616e-008, 4.21507984072e-008, 4.01329778299e-008, 1.43895144689e-008, 1.37862503635e-008, 4.85854112497e-009, 3.33916605477e-009, 3.6519780533e-009, 3.66838426302e-009, 3.01972513661e-009, 1.87356508086e-009],
        "var": [5.41468980764e-010, 3.91389427534e-008, 5.47296258446e-006, 1.357273959e-006, 3.46523449934e-007, 7.63272623772e-007, 9.53584731178e-007, 1.20622917166e-006, 1.28499186758e-006, 2.52405811807e-006, 6.01171393555e-007, 2.57901803025e-007, 1.53608795017e-007, 1.99678211743e-008, 3.23157784976e-008, 2.14649293895e-008, 4.9828257076e-009, 1.08750342065e-009, 1.41598699432e-009, 4.96427565722e-010, 4.56104945479e-011, 4.23988122389e-010, 1.17861664872e-010, 4.09101294507e-011, 3.13565905012e-012, 1.11871547182e-012, 1.10662011239e-012, 7.41730624403e-013, 1.23196198794e-013, 1.61156868015e-013, 1.05151611973e-013, 1.25659451919e-013, 8.43586963115e-015, 8.09196578424e-015, 6.48371480932e-016, 3.53678739475e-016, 5.83084047477e-017, 1.65746695743e-017, 1.41990730295e-017, 9.96783409245e-018]
    },
    "mfcc": {
        "mean": [-771.580505371, 254.609054565, -7.24581003189, -17.2299118042, -4.01393508911, -34.4092254639, -15.1779870987, -10.0893859863, -9.32536697388, -5.11361551285, -6.46980905533, -1.42241644859, -7.67299842834],
        "cov": [[1390.71826172, -177.672317505, -568.257507324, 107.601112366, -172.269332886, 239.574798584, 85.8837280273, 22.5578975677, 10.6130971909, 43.825630188, -22.9157619476, -128.509017944, -43.4442977905], [-177.672317505, 405.767150879, 95.0537796021, -149.339157104, 87.3800582886, -50.6853561401, 24.76420784, 5.16812229156, 9.65228176117, 11.9336509705, -4.12543153763, -12.231180191, -27.8973426819], [-568.257507324, 95.0537796021, 413.028717041, 41.9935874939, 65.5564651489, -118.990135193, -64.9889907837, 8.04960918427, 2.89924645424, -24.4255542755, 19.3730583191, 70.5216064453, 26.7485599518], [107.601112366, -149.339157104, 41.9935874939, 241.288848877, -7.53429269791, -16.7015171051, -32.3832206726, 6.65962076187, 2.82058048248, -11.7893018723, 13.5599775314, 16.750005722, 13.9742708206], [-172.269332886, 87.3800582886, 65.5564651489, -7.53429269791, 114.854896545, -10.3592948914, -14.5231018066, -6.21245288849, -0.0232199709862, -7.81979465485, -15.6810626984, 8.78478431702, 7.2340555191], [239.574798584, -50.6853561401, -118.990135193, -16.7015171051, -10.3592948914, 160.53263855, 37.4290122986, -0.209600746632, 11.6936588287, 2.52697253227, -11.882651329, -28.3923416138, -16.5252838135], [85.8837280273, 24.76420784, -64.9889907837, -32.3832206726, -14.5231018066, 37.4290122986, 90.2356033325, 23.6448974609, 5.14432477951, 11.3778419495, -24.7045059204, -24.8167057037, 4.29169750214], [22.5578975677, 5.16812229156, 8.04960918427, 6.65962076187, -6.21245288849, -0.209600746632, 23.6448974609, 84.9052276611, 14.5175418854, 2.83090949059, 2.36345815659, -30.8631134033, -7.80821990967], [10.6130971909, 9.65228176117, 2.89924645424, 2.82058048248, -0.0232199709862, 11.6936588287, 5.14432477951, 14.5175418854, 68.2817993164, 5.88111305237, -4.72516727448, 8.44154167175, -14.7583246231], [43.825630188, 11.9336509705, -24.4255542755, -11.7893018723, -7.81979465485, 2.52697253227, 11.3778419495, 2.83090949059, 5.88111305237, 96.7101898193, 23.1729011536, -45.580291748, -27.6102027893], [-22.9157619476, -4.12543153763, 19.3730583191, 13.5599775314, -15.6810626984, -11.882651329, -24.7045059204, 2.36345815659, -4.72516727448, 23.1729011536, 136.850280762, 29.6050167084, -59.4899864197], [-128.509017944, -12.231180191, 70.5216064453, 16.750005722, 8.78478431702, -28.3923416138, -24.8167057037, -30.8631134033, 8.44154167175, -45.580291748, 29.6050167084, 138.229827881, 40.0357894897], [-43.4442977905, -27.8973426819, 26.7485599518, 13.9742708206, 7.2340555191, -16.5252838135, 4.29169750214, -7.80821990967, -14.7583246231, -27.6102027893, -59.4899864197, 40.0357894897, 134.732315063]],
        "icov": [[0.00343150063418, -0.0021228750702, 0.00423179054633, -0.00348042161204, 0.00405238429084, -0.0031249304302, 0.00166620290838, -0.00114161591046, 0.000402324658353, -0.000639522913843, 0.000720581272617, 0.000117532639706, -0.000336070894264], [-0.0021228750702, 0.0061754854396, -0.00352298025973, 0.00496289785951, -0.00578541914001, 0.00368336262181, -0.00334221008234, 0.00125106435735, -0.00124665291514, 0.000696446397342, -0.00100750208367, 0.000790790363681, 0.00104653357994], [0.00423179054633, -0.00352298025973, 0.00923585426062, -0.00504867592826, 0.00381618388928, -0.00207280996256, 0.00401952210814, -0.00289926328696, 0.000501788337715, -0.000933515606448, 0.00100807088893, -0.00142378581222, -0.000698230811395], [-0.00348042161204, 0.00496289785951, -0.00504867592826, 0.00968364626169, -0.00540913036093, 0.00403947895393, -0.00130163284484, 0.000732694694307, -0.00135095906444, 0.0011451280443, -0.00151945790276, 0.000481399416458, 4.58275571873e-005], [0.00405238429084, -0.00578541914001, 0.00381618388928, -0.00540913036093, 0.0170872118324, -0.00563019467518, 0.00467935670167, -0.00131476903334, 0.0014372166479, -0.00106470182072, 0.00302370591089, -0.000690349959768, -0.00044161034748], [-0.0031249304302, 0.00368336262181, -0.00207280996256, 0.00403947895393, -0.00563019467518, 0.0120888985693, -0.00478347809985, 0.00241593993269, -0.00255594868213, 0.00202968507074, -0.00131045945454, 0.00133041117806, 0.000987007515505], [0.00166620290838, -0.00334221008234, 0.00401952210814, -0.00130163284484, 0.00467935670167, -0.00478347809985, 0.0180983263999, -0.00614776322618, 0.0013803599868, -0.00294113066047, 0.00373986200429, -0.00163669139147, -0.000902354775462], [-0.00114161591046, 0.00125106435735, -0.00289926328696, 0.000732694694307, -0.00131476903334, 0.00241593993269, -0.00614776322618, 0.0169905237854, -0.00525788171217, 0.00373544031754, -0.00413311645389, 0.00663036620244, -0.00166767742485], [0.000402324658353, -0.00124665291514, 0.000501788337715, -0.00135095906444, 0.0014372166479, -0.00255594868213, 0.0013803599868, -0.00525788171217, 0.0186154022813, -0.00380830443464, 0.0048921960406, -0.00608574878424, 0.00439992453903], [-0.000639522913843, 0.000696446397342, -0.000933515606448, 0.0011451280443, -0.00106470182072, 0.00202968507074, -0.00294113066047, 0.00373544031754, -0.00380830443464, 0.0152011914179, -0.00547461211681, 0.00738737173378, -0.00129363173619], [0.000720581272617, -0.00100750208367, 0.00100807088893, -0.00151945790276, 0.00302370591089, -0.00131045945454, 0.00373986200429, -0.00413311645389, 0.0048921960406, -0.00547461211681, 0.0143654346466, -0.00777657190338, 0.00736721232533], [0.000117532639706, 0.000790790363681, -0.00142378581222, 0.000481399416458, -0.000690349959768, 0.00133041117806, -0.00163669139147, 0.00663036620244, -0.00608574878424, 0.00738737173378, -0.00777657190338, 0.0158625300974, -0.00622899271548], [-0.000336070894264, 0.00104653357994, -0.000698230811395, 4.58275571873e-005, -0.00044161034748, 0.000987007515505, -0.000902354775462, -0.00166767742485, 0.00439992453903, -0.00129363173619, 0.00736721232533, -0.00622899271548, 0.0130619276315]]
    },
    "spectral_contrast_coeffs": {
        "mean": [-0.458628475666, -0.688126683235, -0.688386201859, -0.764292657375, -0.780082285404, -0.850638449192],
        "var": [0.00659865606576, 0.0032986367587, 0.00714830169454, 0.00331976334564, 0.00121061585378, 0.00148321699817]
    },
    "spectral_contrast_valleys": {
        "mean": [-8.73112869263, -5.80634403229, -7.47139453888, -8.59251976013, -9.79450511932, -12.7086791992],
        "var": [0.458689779043, 0.371355473995, 0.42425134778, 0.472230911255, 0.48612973094, 0.198606044054]
    }
},
"metadata": {
    "audio_properties": {
        "analysis_sample_rate": 44100,
        "bit_rate": 128074,
        "equal_loudness": 0,
        "length": 45.0612258911,
        "lossless": 0,
        "replay_gain": -5.39616203308,
        "sample_rate": 44100,
        "codec": "mp3",
        "downmix": "mix",
        "md5_encoded": "87c4cc815b3c7000464af486422fe3ff"
    },
    "tags": {
        "file_name": "1896.mp3"
    },
    "version": {
        "essentia": "2.1-beta2",
        "essentia_git_sha": "v2.1_beta2",
        "extractor": "music 1.0"
    }
},
"rhythm": {
    "beats_count": 104,
    "beats_loudness": {
        "mean": 0.0364699400961,
        "var": 0.00021906963957
    },
    "bpm": 172.265609741,
    "bpm_histogram_first_peak_bpm": {
        "mean": 172,
        "var": 0
    },
    "bpm_histogram_first_peak_spread": {
        "mean": 0,
        "var": 0
    },
    "bpm_histogram_first_peak_weight": {
        "mean": 0.116504855454,
        "var": 0
    },
    "bpm_histogram_second_peak_bpm": {
        "mean": 115,
        "var": 0
    },
    "bpm_histogram_second_peak_spread": {
        "mean": 0.375000029802,
        "var": 0
    },
    "bpm_histogram_second_peak_weight": {
        "mean": 0.0970873758197,
        "var": 0
    },
    "danceability": 0.894832372665,
    "onset_rate": 1.3531036377,
    "beats_loudness_band_ratio": {
        "mean": [0.224728912115, 0.246296674013, 0.491446554661, 0.104266606271, 0.0117052327842, 0.00046328312601],
        "var": [0.0281130634248, 0.0237303376198, 0.0343572832644, 0.0150061137974, 0.000763112097047, 1.57487636443e-006]
    },
    "beats_position": [0.359909296036, 0.743038535118, 1.11455774307, 1.49768710136, 1.88081634045, 2.27555561066, 2.67029476166, 3.06503391266, 3.47138309479, 3.87773227692, 4.27247142792, 4.66721057892, 5.07355976105, 5.46829938889, 5.87464857101, 6.30421733856, 6.74539661407, 7.17496585846, 7.61614513397, 8.05732440948, 8.498503685, 9.0093421936, 9.50857162476, 9.99619007111, 10.4838094711, 10.9830379486, 11.4822673798, 12.0047159195, 12.5155553818, 13.0263938904, 13.5256233215, 14.0248527527, 14.512471199, 14.9536504745, 15.3948297501, 15.8360090256, 16.2887973785, 16.7415866852, 17.1827659607, 17.6239452362, 18.0302944183, 18.4366436005, 18.8662128448, 19.2957820892, 19.7137413025, 20.154920578, 20.6077098846, 21.1069393158, 21.5945568085, 22.0821762085, 22.6278457642, 23.1851234436, 23.7307929993, 24.2880725861, 24.8337402344, 25.3561897278, 25.8786392212, 26.4010887146, 26.9119262695, 27.4227657318, 27.9452152252, 28.4676647186, 28.9901123047, 29.5125617981, 30.0350112915, 30.5458488464, 31.0682983398, 31.474647522, 31.8809967041, 32.2989578247, 32.6936950684, 33.0652160645, 33.4599533081, 33.843082428, 34.2262115479, 34.6093406677, 34.9924697876, 35.3639907837, 35.7238998413, 36.0838088989, 36.455329895, 36.8152389526, 37.1635360718, 37.5118370056, 37.8717460632, 38.2200431824, 38.5683441162, 38.91664505, 39.2649421692, 39.613243103, 39.9615402222, 40.2982292175, 40.6349182129, 40.9832191467, 41.3431282043, 41.6914291382, 42.0281181335, 42.3764152527, 42.7247161865, 43.0614051819, 43.3864860535, 43.6999549866, 44.0598640442, 44.4197731018]
},
"tonal": {
    "chords_changes_rate": 0.0689300447702,
    "chords_number_rate": 0.00720164598897,
    "chords_strength": {
        "mean": 0.401707947254,
        "var": 0.0101111968979
    },
    "hpcp_entropy": {
        "mean": 1.55494344234,
        "var": 0.45032864809
    },
    "key_strength": 0.737471044064,
    "tuning_diatonic_strength": 0.532212555408,
    "tuning_equal_tempered_deviation": 0.0249414071441,
    "tuning_frequency": 440.254241943,
    "tuning_nontempered_energy_ratio": 0.651538968086,
    "hpcp": {
        "mean": [0.00299960165285, 0.00498981587589, 0.0922064632177, 0.168958246708, 0.0828883573413, 0.00457109604031, 0.00314922863618, 0.00721517810598, 0.0995672270656, 0.207874342799, 0.130201309919, 0.204998508096, 0.365252256393, 0.180531963706, 0.00625215750188, 0.00659572053701, 0.0886405557394, 0.410655707121, 0.495988875628, 0.183506190777, 0.0176708139479, 0.00825985800475, 0.0189344976097, 0.159473925829, 0.264155656099, 0.122907027602, 0.00499942712486, 0.00258862855844, 0.0197414886206, 0.169389307499, 0.279098421335, 0.147481277585, 0.113459862769, 0.185145109892, 0.0951668396592, 0.0052313124761],
        "var": [0.000749235332478, 0.00087419745978, 0.03043150343, 0.0985362753272, 0.021382311359, 0.000404858554248, 0.000547346251551, 0.00149490474723, 0.0237994808704, 0.0822219699621, 0.028893366456, 0.0462938919663, 0.143859252334, 0.0371767170727, 0.000521064503118, 0.000688530562911, 0.0151557177305, 0.115104317665, 0.127354726195, 0.0265616625547, 0.00224420614541, 0.00149826786947, 0.00429167132825, 0.0488798394799, 0.113641165197, 0.0241295788437, 0.000239978151512, 0.0001298761199, 0.00349647458643, 0.051571842283, 0.112819693983, 0.0345193110406, 0.0310647059232, 0.0744355395436, 0.0179893411696, 0.000165052886587]
    },
    "chords_histogram": [11.3168725967, 31.0699596405, 19.6502056122, 0, 2.88065838814, 0, 0, 0, 0.823045253754, 0, 0, 0, 0, 0, 0, 0, 0, 0, 0, 0, 0.205761313438, 5.65843629837, 23.7654323578, 4.62962961197],
    "thpcp": [1, 0.369980454445, 0.0356274396181, 0.0166533123702, 0.0381752476096, 0.321527212858, 0.532583832741, 0.247801989317, 0.0100797163323, 0.00521912612021, 0.0398022793233, 0.341518372297, 0.562711060047, 0.297347962856, 0.228754848242, 0.373284816742, 0.191872924566, 0.0105472374707, 0.00604771962389, 0.0100603383034, 0.185904294252, 0.340649276972, 0.167117372155, 0.00921612605453, 0.00634939363226, 0.0145470565185, 0.200744882226, 0.419110894203, 0.262508541346, 0.413312703371, 0.736412167549, 0.363983899355, 0.0126054389402, 0.0132981222123, 0.178714811802, 0.827953457832],
    "chords_key": "C",
    "chords_scale": "minor",
    "key_key": "G#",
    "key_scale": "major"
}
}