{
"lowlevel": {
    "average_loudness": 0.980739891529,
    "barkbands_crest": {
        "mean": 9.65096282959,
        "var": 20.4022293091
    },
    "barkbands_flatness_db": {
        "mean": 0.163617894053,
        "var": 0.00310293026268
    },
    "barkbands_kurtosis": {
        "mean": 5.8018116951,
        "var": 81.2482376099
    },
    "barkbands_skewness": {
        "mean": 1.91570222378,
        "var": 1.23503673077
    },
    "barkbands_spread": {
        "mean": 16.0302562714,
        "var": 126.834983826
    },
    "dissonance": {
        "mean": 0.459998935461,
        "var": 0.000720370793715
    },
    "dynamic_complexity": 1.83072888851,
    "erbbands_crest": {
        "mean": 7.11280822754,
        "var": 6.855073452
    },
    "erbbands_flatness_db": {
        "mean": 0.16511875391,
        "var": 0.00144671252929
    },
    "erbbands_kurtosis": {
        "mean": 0.430472016335,
        "var": 3.0667014122
    },
    "erbbands_skewness": {
        "mean": 0.492758721113,
        "var": 0.272091984749
    },
    "erbbands_spread": {
        "mean": 33.7242927551,
        "var": 160.972457886
    },
    "hfc": {
        "mean": 20.6201038361,
        "var": 346.154907227
    },
    "melbands_crest": {
        "mean": 14.4420137405,
        "var": 26.2024497986
    },
    "melbands_flatness_db": {
        "mean": 0.253616720438,
        "var": 0.00516911782324
    },
    "melbands_kurtosis": {
        "mean": 13.0489645004,
        "var": 275.781433105
    },
    "melbands_skewness": {
        "mean": 2.70638799667,
        "var": 1.86143875122
    },
    "melbands_spread": {
        "mean": 15.1423606873,
        "var": 105.925987244
    },
    "pitch_salience": {
        "mean": 0.557634353638,
        "var": 0.0148153724149
    },
    "silence_rate_20dB": {
        "mean": 1,
        "var": 0
    },
    "silence_rate_30dB": {
        "mean": 0.899588048458,
        "var": 0.0903310999274
    },
    "silence_rate_60dB": {
        "mean": 0.00205973233096,
        "var": 0.00205553858541
    },
    "spectral_centroid": {
        "mean": 887.232788086,
        "var": 313354.90625
    },
    "spectral_complexity": {
        "mean": 21.5128726959,
        "var": 64.4196243286
    },
    "spectral_decrease": {
        "mean": -1.14155298547e-008,
        "var": 1.01353745624e-016
    },
    "spectral_energy": {
        "mean": 0.0449550114572,
        "var": 0.00148680969141
    },
    "spectral_energyband_high": {
        "mean": 0.00065499584889,
        "var": 1.62961293881e-006
    },
    "spectral_energyband_low": {
        "mean": 0.0247457362711,
        "var": 0.00124969379976
    },
    "spectral_energyband_middle_high": {
        "mean": 0.00516160856932,
        "var": 2.36382838921e-005
    },
    "spectral_energyband_middle_low": {
        "mean": 0.0178614277393,
        "var": 0.000224377537961
    },
    "spectral_entropy": {
        "mean": 7.28129577637,
        "var": 0.178836494684
    },
    "spectral_flux": {
        "mean": 0.106028109789,
        "var": 0.00617286516353
    },
    "spectral_kurtosis": {
        "mean": 8.30507659912,
        "var": 27.8206672668
    },
    "spectral_rms": {
        "mean": 0.00618699332699,
        "var": 5.57967678105e-006
    },
    "spectral_rolloff": {
        "mean": 966.523925781,
        "var": 2124792
    },
    "spectral_skewness": {
        "mean": 2.05835914612,
        "var": 0.335006922483
    },
    "spectral_spread": {
        "mean": 3838789.25,
        "var": 5.85023514214e+012
    },
    "spectral_strongpeak": {
        "mean": 0.600176692009,
        "var": 0.362197399139
    },
    "zerocrossingrate": {
        "mean": 0.0436423383653,
        "var": 0.00145657337271
    },
    "barkbands": {
        "mean": [0.000464718497824, 0.0137017387897, 0.00730417203158, 0.00580163206905, 0.00393491936848, 0.00257054110989, 0.00190272391774, 0.00117703189608, 0.0021068546921, 0.00127483578399, 0.000969187123701, 0.000555903068744, 0.000507803575601, 0.000465379271191, 0.000373262184439, 0.000480910588522, 0.00027789559681, 0.00015877019905, 0.000156074413098, 0.00018924853066, 9.81023185886e-005, 5.78593717364e-005, 0.000104635873868, 0.000110281253001, 0.000115171606012, 9.36176875257e-005, 1.84238285783e-006],
        "var": [1.66900156273e-006, 0.00100842618849, 9.8031872767e-005, 0.000105096907646, 2.06747390621e-005, 5.39853681403e-006, 3.06848846776e-006, 2.56616181105e-006, 8.5183455667e-006, 3.26774102177e-006, 2.0050731564e-006, 3.53574506562e-007, 6.10673396295e-007, 4.05402062142e-007, 6.01361875852e-007, 6.94694790582e-007, 2.65548095513e-007, 6.86206576006e-008, 5.68396743006e-008, 7.84578801927e-008, 4.83345488078e-008, 2.63930068911e-008, 7.81272078143e-008, 6.46666862281e-008, 1.27745678924e-007, 1.85278551612e-007, 8.7333612564e-011]
    },
    "erbbands": {
        "mean": [0.41360911727, 3.03900098801, 7.64639854431, 15.7686071396, 14.7139348984, 14.1288871765, 16.9512310028, 22.606760025, 23.1765537262, 29.4298934937, 30.9436206818, 52.547290802, 38.2111625671, 40.733833313, 29.3268070221, 23.5254707336, 24.8819522858, 19.8410320282, 26.0780677795, 20.8268203735, 24.6950836182, 15.199549675, 9.74145030975, 8.30554103851, 8.84295749664, 7.63773202896, 5.06719589233, 3.03142142296, 2.07094287872, 2.39335942268, 3.20041823387, 2.77938389778, 1.51082611084, 0.860576331615, 1.04957211018, 0.547829866409, 0.144529893994, 0.0154070472345, 0.0003634163877, 6.52644812362e-005],
        "var": [1.06273770332, 45.704624176, 78.7603988647, 722.635375977, 407.703491211, 294.426696777, 209.554443359, 582.023742676, 534.535949707, 1289.17980957, 877.746032715, 6937.66308594, 2681.64404297, 2479.25024414, 2188.31176758, 616.944824219, 1388.86279297, 512.245544434, 1946.74987793, 1661.59521484, 1424.69140625, 644.365234375, 224.105941772, 174.025177002, 155.514221191, 147.153457642, 98.3630828857, 56.0524482727, 34.3169822693, 46.2417907715, 71.2940826416, 42.7911758423, 13.3731460571, 5.93317890167, 14.4337348938, 7.40845012665, 0.396452665329, 0.00377026246861, 1.86194540674e-006, 4.79223061234e-009]
    },
    "gfcc": {
        "mean": [5.50310993195, 134.328140259, -111.006401062, 17.8249835968, -42.4191436768, 7.38430595398, -33.777053833, 13.3003835678, -26.8884143829, 2.35536170006, -16.819185257, -7.02912187576, -9.75686454773],
        "cov": [[5598.13964844, -1749.34594727, 131.602462769, 192.847290039, -672.483337402, 667.315368652, -438.687225342, 307.312866211, -100.363426208, 2.65939927101, -333.096618652, 199.768997192, -244.498245239], [-1749.34594727, 1901.17919922, -457.694000244, -17.2836170197, 509.204864502, -521.649780273, 401.048065186, -289.999847412, 63.9648551941, -21.3059482574, 239.580673218, -217.455596924, 207.627334595], [131.602462769, -457.694000244, 555.778259277, -112.380363464, -97.1550369263, 230.569458008, -173.852600098, 197.203323364, 7.42464113235, -7.9599852562, -7.66356706619, 56.8502883911, -62.2093009949], [192.847290039, -17.2836170197, -112.380363464, 271.114227295, 2.65939164162, 3.46924328804, 71.7488098145, -75.8470840454, 53.6366233826, 2.02823734283, 33.8699874878, 2.62563610077, 45.7825775146], [-672.483337402, 509.204864502, -97.1550369263, 2.65939164162, 278.543334961, -144.914535522, 171.895706177, -69.9496994019, 41.8560371399, 42.0079154968, 77.3797607422, -44.0566253662, 69.9913787842], [667.315368652, -521.649780273, 230.569458008, 3.46924328804, -144.914535522, 293.793060303, -112.34980011, 147.548690796, 24.329120636, -14.4227428436, -40.4295120239, 57.8813400269, -52.3216667175], [-438.687225342, 401.048065186, -173.852600098, 71.7488098145, 171.895706177, -112.34980011, 266.496154785, -87.0952911377, 48.1009101868, 32.4044570923, 56.1786422729, -13.4051303864, 64.6237335205], [307.312866211, -289.999847412, 197.203323364, -75.8470840454, -69.9496994019, 147.548690796, -87.0952911377, 186.476348877, 10.2962989807, 11.2221956253, -20.4568939209, 35.3708152771, -34.7755050659], [-100.363426208, 63.9648551941, 7.42464113235, 53.6366233826, 41.8560371399, 24.329120636, 48.1009101868, 10.2962989807, 114.527549744, 8.87506580353, 37.911605835, 6.86759614944, 19.1011390686], [2.65939927101, -21.3059482574, -7.9599852562, 2.02823734283, 42.0079154968, -14.4227428436, 32.4044570923, 11.2221956253, 8.87506580353, 95.7344284058, 21.9203052521, 21.2924461365, 11.2445716858], [-333.096618652, 239.580673218, -7.66356706619, 33.8699874878, 77.3797607422, -40.4295120239, 56.1786422729, -20.4568939209, 37.911605835, 21.9203052521, 112.357131958, -9.75385475159, 50.1041183472], [199.768997192, -217.455596924, 56.8502883911, 2.62563610077, -44.0566253662, 57.8813400269, -13.4051303864, 35.3708152771, 6.86759614944, 21.2924461365, -9.75385475159, 93.2911529541, -8.39415073395], [-244.498245239, 207.627334595, -62.2093009949, 45.7825775146, 69.9913787842, -52.3216667175, 64.6237335205, -34.7755050659, 19.1011390686, 11.2445716858, 50.1041183472, -8.39415073395, 79.2294769287]],
        "icov": [[0.000428158818977, -0.000357898010407, 0.00038179155672, -0.000718725204933, 0.000415582733694, -0.000992034911178, 0.000455850036815, -0.000431107939221, 0.000456979527371, -0.000677003292367, 0.000925001455471, -0.00064005429158, 0.000724116864149], [-0.000357898010407, 0.0039013212081, 0.000304676737869, 0.00274841533974, -0.00220268615521, 0.00332541833632, -0.00206657033414, 0.00096338201547, -0.00136966467835, 0.00350460386835, -0.00469929911196, 0.0043566939421, -0.00316057540476], [0.00038179155672, 0.000304676737869, 0.00438814563677, 0.000435670663137, -0.00121357641183, -0.00239002122544, 0.00180393073242, -0.0021188724786, 0.000378146272851, 0.000626119959634, -0.0016283839941, -0.00103588367347, 0.00140583782922], [-0.000718725204933, 0.00274841533974, 0.000435670663137, 0.00864206347615, -5.41097979294e-005, 0.000939180376008, -0.00263762311079, 0.00438065407798, -0.00368489860557, 0.00225422880612, -0.00448872707784, 0.00357717019506, -0.00554387364537], [0.000415582733694, -0.00220268615521, -0.00121357641183, -5.41097979294e-005, 0.0108854556456, 0.000129655716592, -0.00311046931893, -9.72359048319e-005, -0.00106784387026, -0.00459719821811, 0.00170895562042, 0.0005824121763, -0.00101216381881], [-0.000992034911178, 0.00332541833632, -0.00239002122544, 0.000939180376008, 0.000129655716592, 0.0132986651734, -0.00251282914542, -0.00331958872266, -0.0034728392493, 0.00455734971911, -0.00365821295418, 0.00265297456644, -0.00215003173798], [0.000455850036815, -0.00206657033414, 0.00180393073242, -0.00263762311079, -0.00311046931893, -0.00251282914542, 0.009691612795, -0.000101627010736, -0.000375639036065, -0.00230659497902, 0.00274924375117, -0.0043546743691, 0.00111962528899], [-0.000431107939221, 0.00096338201547, -0.0021188724786, 0.00438065407798, -9.72359048319e-005, -0.00331958872266, -0.000101627010736, 0.0135166952386, -0.00246470677666, -0.00160924834199, -0.00101869250648, 0.00142617546953, -0.00252277124673], [0.000456979527371, -0.00136966467835, 0.000378146272851, -0.00368489860557, -0.00106784387026, -0.0034728392493, -0.000375639036065, -0.00246470677666, 0.0132256792858, -0.00057575548999, -0.00110040442087, -0.00248796958476, 0.00262574991211], [-0.000677003292367, 0.00350460386835, 0.000626119959634, 0.00225422880612, -0.00459719821811, 0.00455734971911, -0.00230659497902, -0.00160924834199, -0.00057575548999, 0.0167765878141, -0.006721124053, -0.000202132039703, -0.00185170373879], [0.000925001455471, -0.00469929911196, -0.0016283839941, -0.00448872707784, 0.00170895562042, -0.00365821295418, 0.00274924375117, -0.00101869250648, -0.00110040442087, -0.006721124053, 0.0214717332274, -0.00436352798715, -0.00295211002231], [-0.00064005429158, 0.0043566939421, -0.00103588367347, 0.00357717019506, 0.0005824121763, 0.00265297456644, -0.0043546743691, 0.00142617546953, -0.00248796958476, -0.000202132039703, -0.00436352798715, 0.0195251572877, -0.00540070747957], [0.000724116864149, -0.00316057540476, 0.00140583782922, -0.00554387364537, -0.00101216381881, -0.00215003173798, 0.00111962528899, -0.00252277124673, 0.00262574991211, -0.00185170373879, -0.00295211002231, -0.00540070747957, 0.0258243028075]]
    },
    "melbands": {
        "mean": [0.00381336407736, 0.00406469870359, 0.00274741067551, 0.00101015181281, 0.000588524504565, 0.000501627800986, 0.000359602388926, 0.000307141832309, 0.000274849415291, 0.00031857661088, 0.000186331541045, 0.000168116530403, 0.000110231536382, 6.33130184724e-005, 5.70207848796e-005, 5.34684077138e-005, 3.50598966179e-005, 4.50217521575e-005, 2.89648996841e-005, 3.19198479701e-005, 2.72945890174e-005, 1.64609464264e-005, 1.12043608169e-005, 6.51516847938e-006, 6.81158144289e-006, 6.16434181211e-006, 7.343708603e-006, 4.44882243755e-006, 3.55542329089e-006, 2.2365870791e-006, 1.52087329752e-006, 1.11799477054e-006, 1.16603177958e-006, 1.39109442898e-006, 1.8904602257e-006, 1.79058088179e-006, 1.66063148299e-006, 1.15448642646e-006, 7.42311442536e-007, 6.84322174038e-007],
        "var": [8.38172927615e-005, 2.77282542811e-005, 1.85778244486e-005, 1.36050982746e-006, 2.7843634598e-007, 2.38201437242e-007, 1.0926027727e-007, 1.5444814494e-007, 7.87741285535e-008, 2.6044838819e-007, 6.90985686447e-008, 4.26858086655e-008, 3.03762028864e-008, 5.68658364841e-009, 5.09178210706e-009, 8.61749072101e-009, 1.9431944942e-009, 5.7195426173e-009, 3.37079675283e-009, 4.14102041546e-009, 1.88942261836e-009, 8.66198224259e-010, 3.48214568291e-010, 1.30130586862e-010, 1.24766572074e-010, 9.06933278477e-011, 1.23672502794e-010, 5.64390860436e-011, 4.49251608137e-011, 3.08112563241e-011, 1.71707387892e-011, 1.09376153967e-011, 1.14830506215e-011, 1.69253864396e-011, 2.8379109826e-011, 1.9391061673e-011, 1.65372004285e-011, 8.3762970518e-012, 4.76930387544e-012, 4.66642046185e-012]
    },
    "mfcc": {
        "mean": [-644.705383301, 173.698486328, -8.4083776474, 21.1620044708, 8.46893882751, -1.58047640324, 6.33752584457, 1.66811263561, 1.63054215908, 7.51160907745, -7.17222833633, 0.472192913294, -1.35630404949],
        "cov": [[3510.49145508, -1870.25317383, 498.407958984, -327.718444824, -33.2623023987, 174.937393188, -226.960891724, 261.116516113, 6.34747886658, 81.6989822388, -97.7597961426, 8.46354484558, -56.0401153564], [-1870.25317383, 1793.69055176, -537.588623047, 340.731903076, -29.8828334808, -69.5470275879, 217.113449097, -189.412506104, 27.2377948761, -30.7615642548, 48.5743751526, 11.9280347824, 31.3465003967], [498.407958984, -537.588623047, 587.367004395, -291.279174805, 163.185577393, -56.1089859009, -83.7656173706, 143.916793823, -37.7446899414, 57.2109146118, 4.39329242706, -16.6681365967, -15.6356887817], [-327.718444824, 340.731903076, -291.279174805, 358.104370117, -86.6320724487, 87.3593597412, 79.4866943359, -102.570274353, 34.0828590393, -48.2943840027, 19.8627567291, 28.9512062073, 24.3063831329], [-33.2623023987, -29.8828334808, 163.185577393, -86.6320724487, 170.960174561, -43.4737548828, -8.13966274261, 17.7210617065, 5.95080184937, 24.4298229218, 20.2269649506, 7.7015080452, 7.15784502029], [174.937393188, -69.5470275879, -56.1089859009, 87.3593597412, -43.4737548828, 141.124176025, 14.2156820297, 19.4067668915, 22.9677371979, 1.84123563766, 12.4416399002, 12.5647163391, 10.5241689682], [-226.960891724, 217.113449097, -83.7656173706, 79.4866943359, -8.13966274261, 14.2156820297, 127.306755066, -38.1945838928, 23.5550899506, -3.1067006588, 16.0646800995, 17.3102684021, 19.015045166], [261.116516113, -189.412506104, 143.916793823, -102.570274353, 17.7210617065, 19.4067668915, -38.1945838928, 167.701293945, 1.18882131577, 56.0336418152, -12.5734157562, -7.23190450668, 3.17419362068], [6.34747886658, 27.2377948761, -37.7446899414, 34.0828590393, 5.95080184937, 22.9677371979, 23.5550899506, 1.18882131577, 75.7094345093, 11.5339899063, 24.3614349365, 8.67889118195, 9.80945682526], [81.6989822388, -30.7615642548, 57.2109146118, -48.2943840027, 24.4298229218, 1.84123563766, -3.1067006588, 56.0336418152, 11.5339899063, 100.178009033, 0.626405656338, 15.0539541245, 5.96136236191], [-97.7597961426, 48.5743751526, 4.39329242706, 19.8627567291, 20.2269649506, 12.4416399002, 16.0646800995, -12.5734157562, 24.3614349365, 0.626405656338, 77.4393157959, 12.5099487305, 16.7037639618], [8.46354484558, 11.9280347824, -16.6681365967, 28.9512062073, 7.7015080452, 12.5647163391, 17.3102684021, -7.23190450668, 8.67889118195, 15.0539541245, 12.5099487305, 67.9186096191, 12.8195476532], [-56.0401153564, 31.3465003967, -15.6356887817, 24.3063831329, 7.15784502029, 10.5241689682, 19.015045166, 3.17419362068, 9.80945682526, 5.96136236191, 16.7037639618, 12.8195476532, 64.4294815063]],
        "icov": [[0.000729533145204, 0.000673585571349, -1.21956099974e-005, 0.000123787554912, 0.000182044270332, -0.00057245028438, 9.49310924625e-005, -0.000118074203783, -0.000392737158109, -0.000220213783905, 0.000580132822506, -0.000279764964944, 0.000293679477181], [0.000673585571349, 0.00178226316348, 0.00105117296334, -0.000549902033526, -0.000612553732935, 0.000679805700202, -0.00120272533968, -0.000339924619766, 0.000365661486285, -0.000703104014974, -0.000217801905819, 0.000363663799362, 0.00050352269318], [-1.21956099974e-005, 0.00105117296334, 0.00503299804404, 0.00134274677839, -0.00347975152545, 0.000679612858221, -0.000717101036571, -0.00222102948464, 0.0022604665719, -0.000227622920647, -0.00169516517781, 0.000621020270046, 0.000782271032222], [0.000123787554912, -0.000549902033526, 0.00134274677839, 0.00675141392276, 0.000819886219688, -0.00368285132572, -0.000608287635259, 0.0018629655242, -0.000961780839134, 0.00143036199734, 0.000258652988123, -0.00158111029305, -0.000986090512015], [0.000182044270332, -0.000612553732935, -0.00347975152545, 0.000819886219688, 0.0100592300296, 0.0011317783501, 0.000508047756739, 0.00158413371537, -0.0025314129889, -0.000689025444444, -0.00072391575668, -0.00157887581736, -0.00127680704463], [-0.00057245028438, 0.000679805700202, 0.000679612858221, -0.00368285132572, 0.0011317783501, 0.0119035430253, -0.00115701183677, -0.0030505657196, -0.00064629438566, -0.00020675380074, -0.00247240625322, -7.29492967366e-005, -7.9668192484e-005], [9.49310924625e-005, -0.00120272533968, -0.000717101036571, -0.000608287635259, 0.000508047756739, -0.00115701183677, 0.0115573015064, 0.00156791228801, -0.00264090579003, -0.000282592052827, 0.000514846411534, -0.00165515777189, -0.00200834055431], [-0.000118074203783, -0.000339924619766, -0.00222102948464, 0.0018629655242, 0.00158413371537, -0.0030505657196, 0.00156791228801, 0.0109740439802, -0.00155749788973, -0.00412801653147, 0.00203125691041, 0.000999897369184, -0.00196670461446], [-0.000392737158109, 0.000365661486285, 0.0022604665719, -0.000961780839134, -0.0025314129889, -0.00064629438566, -0.00264090579003, -0.00155749788973, 0.0177988540381, -0.00208489922807, -0.00535435089841, 0.000978457042947, 0.000311320472974], [-0.000220213783905, -0.000703104014974, -0.000227622920647, 0.00143036199734, -0.000689025444444, -0.00020675380074, -0.000282592052827, -0.00412801653147, -0.00208489922807, 0.0140489935875, 0.000643061823212, -0.00364272529259, -0.000471605861094], [0.000580132822506, -0.000217801905819, -0.00169516517781, 0.000258652988123, -0.00072391575668, -0.00247240625322, 0.000514846411534, 0.00203125691041, -0.00535435089841, 0.000643061823212, 0.0172699932009, -0.00201115640812, -0.00298763415776], [-0.000279764964944, 0.000363663799362, 0.000621020270046, -0.00158111029305, -0.00157887581736, -7.29492967366e-005, -0.00165515777189, 0.000999897369184, 0.000978457042947, -0.00364272529259, -0.00201115640812, 0.0176432412118, -0.00184753024951], [0.000293679477181, 0.00050352269318, 0.000782271032222, -0.000986090512015, -0.00127680704463, -7.9668192484e-005, -0.00200834055431, -0.00196670461446, 0.000311320472974, -0.000471605861094, -0.00298763415776, -0.00184753024951, 0.0180760361254]]
    },
    "spectral_contrast_coeffs": {
        "mean": [-0.627893984318, -0.731525540352, -0.761274755001, -0.783665776253, -0.773767054081, -0.7497164011],
        "var": [0.00620345911011, 0.00267134979367, 0.00278655788861, 0.00176872545853, 0.000969192420598, 0.00239925878122]
    },
    "spectral_contrast_valleys": {
        "mean": [-6.65506649017, -6.18076467514, -6.84934997559, -7.37942934036, -7.85089015961, -11.1514253616],
        "var": [0.996875822544, 0.932394742966, 0.920477807522, 0.968546032906, 1.21796929836, 1.69747543335]
    }
},
"metadata": {
    "audio_properties": {
        "analysis_sample_rate": 44100,
        "bit_rate": 110183,
        "equal_loudness": 0,
        "length": 45.0612258911,
        "lossless": 0,
        "replay_gain": -11.8777198792,
        "sample_rate": 44100,
        "codec": "mp3",
        "downmix": "mix",
        "md5_encoded": "78ecbeace40a7c48de1c08b64a7c38f2"
    },
    "tags": {
        "file_name": "19.mp3"
    },
    "version": {
        "essentia": "2.1-beta2",
        "essentia_git_sha": "v2.1_beta2",
        "extractor": "music 1.0"
    }
},
"rhythm": {
    "beats_count": 93,
    "beats_loudness": {
        "mean": 0.0894064456224,
        "var": 0.000904674234334
    },
    "bpm": 125.075843811,
    "bpm_histogram_first_peak_bpm": {
        "mean": 126,
        "var": 0
    },
    "bpm_histogram_first_peak_spread": {
        "mean": 0.413043498993,
        "var": 0
    },
    "bpm_histogram_first_peak_weight": {
        "mean": 0.586956501007,
        "var": 0
    },
    "bpm_histogram_second_peak_bpm": {
        "mean": 0,
        "var": 0
    },
    "bpm_histogram_second_peak_spread": {
        "mean": 0,
        "var": 0
    },
    "bpm_histogram_second_peak_weight": {
        "mean": 0,
        "var": 0
    },
    "danceability": 1.68067872524,
    "onset_rate": 2.46220493317,
    "beats_loudness_band_ratio": {
        "mean": [0.779354631901, 0.0721215307713, 0.0696634799242, 0.0494334176183, 0.0285982396454, 0.0200894568115],
        "var": [0.0175282508135, 0.0018214705633, 0.00282805762254, 0.00254377909005, 0.00133448839188, 0.00109000445809]
    },
    "beats_position": [0.441179126501, 0.905578196049, 1.369977355, 1.84598636627, 2.32199549675, 2.80961441994, 3.29723358154, 3.7732424736, 4.2492518425, 4.71365070343, 5.17804956436, 5.66566896439, 6.15328788757, 6.62929677963, 7.10530614853, 7.59292507172, 8.08054447174, 8.55655288696, 9.03256225586, 9.52018165588, 9.99619007111, 10.47219944, 10.95981884, 11.4358272552, 11.9234466553, 12.4110651016, 12.8986845016, 13.3863039017, 13.8623123169, 14.3383216858, 14.8143310547, 15.301949501, 15.7895689011, 16.2771873474, 16.7648067474, 17.2408161163, 17.7168254852, 18.1928348541, 18.6688423157, 19.1448516846, 19.6208610535, 20.1084804535, 20.5844898224, 21.0604991913, 21.5365066528, 22.0241260529, 22.5001354218, 22.9761447906, 23.4521541595, 23.9397735596, 24.4273910522, 24.9034004211, 25.37940979, 25.8670291901, 26.3546485901, 26.830657959, 27.3066654205, 27.7942848206, 28.2819042206, 28.7695236206, 29.2455329895, 29.7215423584, 30.1975498199, 30.6735591888, 31.1495685577, 31.6255779266, 32.1015853882, 32.5775947571, 33.053604126, 33.5296134949, 34.0172348022, 34.5048522949, 34.9924697876, 35.4684791565, 35.9444885254, 36.4321098328, 36.9197273254, 37.3957366943, 37.8717460632, 38.3477554321, 38.823764801, 39.2997741699, 39.7757797241, 40.251789093, 40.7277984619, 41.2038078308, 41.6798171997, 42.1558265686, 42.6434440613, 43.1194534302, 43.6070747375, 44.0946922302, 44.5823135376]
},
"tonal": {
    "chords_changes_rate": 0.031893003732,
    "chords_number_rate": 0.00925925932825,
    "chords_strength": {
        "mean": 0.576039791107,
        "var": 0.00735426973552
    },
    "hpcp_entropy": {
        "mean": 1.85113346577,
        "var": 0.496784716845
    },
    "key_strength": 0.665026307106,
    "tuning_diatonic_strength": 0.544904887676,
    "tuning_equal_tempered_deviation": 0.264829903841,
    "tuning_frequency": 434.193115234,
    "tuning_nontempered_energy_ratio": 0.974880278111,
    "hpcp": {
        "mean": [0.0691549405456, 0.0587264001369, 0.0721592307091, 0.258067697287, 0.420272409916, 0.256626039743, 0.0856559127569, 0.0866496413946, 0.110495895147, 0.129197701812, 0.116251811385, 0.0829636752605, 0.102502718568, 0.132997259498, 0.125898525119, 0.135550752282, 0.121359661222, 0.08373875916, 0.162349820137, 0.25315207243, 0.189001426101, 0.101460106671, 0.0839591547847, 0.123186998069, 0.219515293837, 0.201100260019, 0.0809868872166, 0.0336748696864, 0.028042120859, 0.0287376623601, 0.048366393894, 0.0524876527488, 0.0614976137877, 0.200256019831, 0.291503161192, 0.170399367809],
        "var": [0.0195011999458, 0.0200258027762, 0.0197869874537, 0.0651657059789, 0.160026744008, 0.0762992203236, 0.0274753365666, 0.0302645862103, 0.0471302829683, 0.0393255092204, 0.0350504741073, 0.0280968192965, 0.0470911674201, 0.074279896915, 0.0470562577248, 0.0368026979268, 0.0363085232675, 0.0370123684406, 0.0475817918777, 0.112873531878, 0.0733567997813, 0.0448848195374, 0.038156863302, 0.0491396673024, 0.0826417133212, 0.0644753649831, 0.0178584922105, 0.00876618456095, 0.00891621224582, 0.00714584765956, 0.014352383092, 0.0169856827706, 0.0120689179748, 0.0665872618556, 0.136855557561, 0.0521967671812]
    },
    "chords_histogram": [6.27572011948, 0, 34.6707801819, 0, 0, 0, 0, 0, 0, 0, 0, 0, 0, 3.08641982079, 3.70370364189, 0, 0, 2.77777767181, 0, 9.97942352295, 4.73251008987, 1.33744859695, 33.436214447, 0],
    "thpcp": [1, 0.61061835289, 0.203810453415, 0.206174939871, 0.262914925814, 0.30741417408, 0.276610612869, 0.197404518723, 0.24389590323, 0.31645488739, 0.299564093351, 0.322530686855, 0.288764297962, 0.199248760939, 0.386296629906, 0.602352321148, 0.449711710215, 0.24141509831, 0.199773177505, 0.293112277985, 0.52231669426, 0.478499799967, 0.19270093739, 0.0801262930036, 0.0667236745358, 0.0683786571026, 0.115083441138, 0.124889597297, 0.146327987313, 0.476491004229, 0.693605303764, 0.405449807644, 0.164547890425, 0.139734134078, 0.171696335077, 0.614048600197],
    "chords_key": "A#",
    "chords_scale": "major",
    "key_key": "D#",
    "key_scale": "major"
}
}