{
"lowlevel": {
    "average_loudness": 0.973750829697,
    "barkbands_crest": {
        "mean": 8.28298568726,
        "var": 9.63781356812
    },
    "barkbands_flatness_db": {
        "mean": 0.112143337727,
        "var": 0.00153412623331
    },
    "barkbands_kurtosis": {
        "mean": 2.12253475189,
        "var": 16.5668182373
    },
    "barkbands_skewness": {
        "mean": 1.30813264847,
        "var": 0.78814971447
    },
    "barkbands_spread": {
        "mean": 24.7486381531,
        "var": 118.936576843
    },
    "dissonance": {
        "mean": 0.468630254269,
        "var": 0.000575401238166
    },
    "dynamic_complexity": 1.33448529243,
    "erbbands_crest": {
        "mean": 7.8801779747,
        "var": 10.0222587585
    },
    "erbbands_flatness_db": {
        "mean": 0.140368133783,
        "var": 0.00185796164442
    },
    "erbbands_kurtosis": {
        "mean": 0.195732325315,
        "var": 1.41058242321
    },
    "erbbands_skewness": {
        "mean": 0.207428529859,
        "var": 0.223628282547
    },
    "erbbands_spread": {
        "mean": 38.6203765869,
        "var": 333.840606689
    },
    "hfc": {
        "mean": 30.1000652313,
        "var": 240.4193573
    },
    "melbands_crest": {
        "mean": 13.5134353638,
        "var": 19.2402057648
    },
    "melbands_flatness_db": {
        "mean": 0.18287679553,
        "var": 0.00248505035415
    },
    "melbands_kurtosis": {
        "mean": 9.1917924881,
        "var": 152.66267395
    },
    "melbands_skewness": {
        "mean": 2.35231494904,
        "var": 1.76077699661
    },
    "melbands_spread": {
        "mean": 24.4906673431,
        "var": 148.848526001
    },
    "pitch_salience": {
        "mean": 0.568427205086,
        "var": 0.00820887926966
    },
    "silence_rate_20dB": {
        "mean": 1,
        "var": 0
    },
    "silence_rate_30dB": {
        "mean": 1,
        "var": 0
    },
    "silence_rate_60dB": {
        "mean": 0.00720906304196,
        "var": 0.00715706357732
    },
    "spectral_centroid": {
        "mean": 1304.10461426,
        "var": 192128.421875
    },
    "spectral_complexity": {
        "mean": 26.3728122711,
        "var": 71.8353271484
    },
    "spectral_decrease": {
        "mean": -9.83646586405e-009,
        "var": 2.61201204306e-017
    },
    "spectral_energy": {
        "mean": 0.0398552492261,
        "var": 0.000396732793888
    },
    "spectral_energyband_high": {
        "mean": 0.00116135471035,
        "var": 1.70537055055e-006
    },
    "spectral_energyband_low": {
        "mean": 0.0150277065113,
        "var": 0.000217305292608
    },
    "spectral_energyband_middle_high": {
        "mean": 0.00916006602347,
        "var": 4.79654299852e-005
    },
    "spectral_energyband_middle_low": {
        "mean": 0.017594460398,
        "var": 0.000148442399222
    },
    "spectral_entropy": {
        "mean": 7.68191957474,
        "var": 0.12519775331
    },
    "spectral_flux": {
        "mean": 0.110593102872,
        "var": 0.00264413235709
    },
    "spectral_kurtosis": {
        "mean": 4.54844284058,
        "var": 8.09088897705
    },
    "spectral_rms": {
        "mean": 0.00605754833668,
        "var": 2.18935406338e-006
    },
    "spectral_rolloff": {
        "mean": 1403.46069336,
        "var": 1132714.75
    },
    "spectral_skewness": {
        "mean": 1.59869539738,
        "var": 0.140620425344
    },
    "spectral_spread": {
        "mean": 4822441,
        "var": 3.31944899379e+012
    },
    "spectral_strongpeak": {
        "mean": 0.765645384789,
        "var": 0.988275527954
    },
    "zerocrossingrate": {
        "mean": 0.0634277835488,
        "var": 0.000944444502238
    },
    "barkbands": {
        "mean": [0.000127277438878, 0.0065483157523, 0.0056868577376, 0.00452923215926, 0.00492429081351, 0.00189598207362, 0.00159655371681, 0.000854054407682, 0.00291438447312, 0.00253984355368, 0.00067035498796, 0.00146325340029, 0.00114441500045, 0.000801321351901, 0.000803177244961, 0.000652684771921, 0.0005850068992, 0.000382751401048, 0.000415739807067, 0.000284236681182, 0.00024452857906, 0.000210306883673, 0.000179723167093, 0.00013603871048, 0.000151045169332, 0.000106969120679, 6.92210915076e-006],
        "var": [6.72623059472e-008, 0.000101735837234, 3.47515233443e-005, 4.42365708295e-005, 2.20744568651e-005, 4.93601919516e-006, 5.55167616767e-006, 2.77429376183e-006, 7.18069622963e-006, 6.92627963872e-006, 2.27437180911e-006, 3.4762138057e-006, 3.62807281817e-006, 1.73106730017e-006, 1.96402174879e-006, 9.33115757107e-007, 7.43629925637e-007, 1.697915053e-007, 1.27834667296e-007, 1.12369193062e-007, 7.85015146221e-008, 5.94887836769e-008, 6.41128679035e-008, 5.68440405857e-008, 5.2942880302e-008, 3.57556366737e-008, 1.96369240313e-010]
    },
    "erbbands": {
        "mean": [0.107817128301, 1.77098155022, 6.3356180191, 12.275302887, 16.039680481, 14.3649845123, 19.6714630127, 12.505613327, 20.4474945068, 21.6582565308, 26.4375782013, 61.3793716431, 84.2088165283, 58.0268554688, 34.5915184021, 61.8964538574, 55.2205162048, 46.0573120117, 44.7120437622, 41.5892105103, 35.2567100525, 28.1158561707, 22.8046131134, 20.1757011414, 20.3241615295, 13.9125146866, 11.0620126724, 8.36244678497, 7.56819391251, 6.34685659409, 4.8196387291, 3.11827540398, 2.18052196503, 1.56851041317, 1.15392708778, 0.534994959831, 0.182483002543, 0.0320342816412, 0.000821718946099, 7.07771396264e-005],
        "var": [0.0370050519705, 6.78200054169, 44.128490448, 202.629547119, 467.001434326, 173.316818237, 494.368438721, 258.592834473, 827.115722656, 1872.90856934, 1528.93823242, 3708.24389648, 6482.17675781, 4233.36035156, 3227.32226563, 6254.29833984, 7384.01318359, 5988.21289063, 7119.45263672, 3533.37255859, 3260.87402344, 1240.36779785, 635.754333496, 228.105331421, 489.139129639, 234.5677948, 150.400192261, 90.6914901733, 81.1630096436, 64.4299087524, 49.1521110535, 28.1897449493, 14.9606456757, 5.62253427505, 3.44054412842, 0.859096765518, 0.107074789703, 0.00342144980095, 2.2927029022e-006, 2.34023334045e-009]
    },
    "gfcc": {
        "mean": [48.9685935974, 92.3586959839, -116.714622498, 27.3980102539, -54.0153045654, 17.3445549011, -34.060585022, 10.7834091187, -32.297794342, -1.11273300648, -24.6516094208, -3.49297428131, -14.0114240646],
        "cov": [[3220.58618164, -971.711608887, 232.116271973, 93.6554794312, -216.865875244, 259.244171143, -175.569564819, 104.54258728, -97.658454895, 90.7368545532, -132.1040802, 166.055862427, -111.941566467], [-971.711608887, 1342.87023926, -618.052062988, -67.2878799438, 229.257644653, -119.551025391, 210.430801392, -47.4325141907, 145.287979126, -115.801635742, 202.559387207, -166.733673096, 133.650878906], [232.116271973, -618.052062988, 721.186828613, 42.039730072, -79.7683334351, 29.6663646698, -64.9143829346, 29.627746582, -100.319206238, 103.293106079, -135.865188599, 107.767105103, -85.9740753174], [93.6554794312, -67.2878799438, 42.039730072, 227.960968018, -5.51823329926, 28.6110744476, -6.41355752945, 6.90702962875, 25.8611621857, -13.7336750031, 15.0054941177, 15.8982925415, 30.5499324799], [-216.865875244, 229.257644653, -79.7683334351, -5.51823329926, 196.073699951, 16.1352157593, 42.0148162842, 19.6985378265, 25.1844444275, -5.82975959778, 37.588558197, -14.050075531, 23.1179389954], [259.244171143, -119.551025391, 29.6663646698, 28.6110744476, 16.1352157593, 188.640319824, 46.6484832764, 70.0517959595, 17.4507770538, 26.7045288086, 27.5021762848, 47.3246002197, 11.4529762268], [-175.569564819, 210.430801392, -64.9143829346, -6.41355752945, 42.0148162842, 46.6484832764, 136.257614136, 36.5708885193, 39.8495140076, -1.70791482925, 57.2029190063, -3.26428461075, 18.8411960602], [104.54258728, -47.4325141907, 29.627746582, 6.90702962875, 19.6985378265, 70.0517959595, 36.5708885193, 97.7244110107, 35.2411422729, 26.7914505005, 21.6709976196, 30.819393158, 5.00225543976], [-97.658454895, 145.287979126, -100.319206238, 25.8611621857, 25.1844444275, 17.4507770538, 39.8495140076, 35.2411422729, 97.8777542114, 14.1674203873, 47.0481033325, -7.98615264893, 25.9550113678], [90.7368545532, -115.801635742, 103.293106079, -13.7336750031, -5.82975959778, 26.7045288086, -1.70791482925, 26.7914505005, 14.1674203873, 89.5961761475, 9.24179935455, 30.7100734711, -19.3112373352], [-132.1040802, 202.559387207, -135.865188599, 15.0054941177, 37.588558197, 27.5021762848, 57.2029190063, 21.6709976196, 47.0481033325, 9.24179935455, 105.266792297, 3.11432123184, 30.7368946075], [166.055862427, -166.733673096, 107.767105103, 15.8982925415, -14.050075531, 47.3246002197, -3.26428461075, 30.819393158, -7.98615264893, 30.7100734711, 3.11432123184, 85.9410629272, -1.53686702251], [-111.941566467, 133.650878906, -85.9740753174, 30.5499324799, 23.1179389954, 11.4529762268, 18.8411960602, 5.00225543976, 25.9550113678, -19.3112373352, 30.7368946075, -1.53686702251, 68.3360748291]],
        "icov": [[0.000558942556381, -0.000181576120667, 0.000527305528522, -0.000487945333589, 0.00051464169519, -0.000822141650133, 0.000705726677552, -0.000655256386381, 0.000706723309122, -0.000685565115418, 0.00105989165604, -0.000914273841772, 0.00100989907514], [-0.000181576120667, 0.0043693673797, -9.52390764724e-005, 0.00185770343523, -0.00268324837089, 0.0028193811886, -0.00408155145124, 0.00241105840541, -0.00285604177043, 0.00298977596685, -0.004987035878, 0.00436568213627, -0.00413829367608], [0.000527305528522, -9.52390764724e-005, 0.00447208248079, -0.00217046099715, 0.000534988124855, -2.38517368416e-005, -0.000792292237747, -0.00178712420166, 0.00368266901933, -0.00497181899846, 0.00575784267858, -0.00374651746824, 0.00234119035304], [-0.000487945333589, 0.00185770343523, -0.00217046099715, 0.00694306613877, -0.00116937572602, 0.000539752130862, -0.000468386599096, 0.00253578647971, -0.00469967676327, 0.00489539979026, -0.00505146756768, 0.00248480914161, -0.00452213454992], [0.00051464169519, -0.00268324837089, 0.000534988124855, -0.00116937572602, 0.00778962904587, -0.00230048364028, 0.00203991285525, -0.00289047718979, 0.0023514344357, -0.00220580911264, 0.00260596582666, -0.00205316767097, 0.00195147795603], [-0.000822141650133, 0.0028193811886, -2.38517368416e-005, 0.000539752130862, -0.00230048364028, 0.0111407339573, -0.0054396125488, -0.00255594053306, -0.000555728678592, 0.00104447291233, -0.00378129142337, 0.000822658941615, -0.00430869031698], [0.000705726677552, -0.00408155145124, -0.000792292237747, -0.000468386599096, 0.00203991285525, -0.0054396125488, 0.0160960555077, -0.00447032041848, 0.000548022217117, 0.000120054348372, -0.000881582906004, -0.00253595178947, 0.0046274792403], [-0.000655256386381, 0.00241105840541, -0.00178712420166, 0.00253578647971, -0.00289047718979, -0.00255594053306, -0.00447032041848, 0.0202204752713, -0.00891102757305, 0.00201108469628, -0.00364206056111, -0.000228615273954, -0.00242646504194], [0.000706723309122, -0.00285604177043, 0.00368266901933, -0.00469967676327, 0.0023514344357, -0.000555728678592, 0.000548022217117, -0.00891102757305, 0.0221213009208, -0.0096534145996, 0.00348911480978, -0.00135969615076, 0.000546638329979], [-0.000685565115418, 0.00298977596685, -0.00497181899846, 0.00489539979026, -0.00220580911264, 0.00104447291233, 0.000120054348372, 0.00201108469628, -0.0096534145996, 0.0232927240431, -0.0116291670129, 0.00201151706278, 0.000501640606672], [0.00105989165604, -0.004987035878, 0.00575784267858, -0.00505146756768, 0.00260596582666, -0.00378129142337, -0.000881582906004, -0.00364206056111, 0.00348911480978, -0.0116291670129, 0.028611253947, -0.0107219163328, 0.00353214610368], [-0.000914273841772, 0.00436568213627, -0.00374651746824, 0.00248480914161, -0.00205316767097, 0.000822658941615, -0.00253595178947, -0.000228615273954, -0.00135969615076, 0.00201151706278, -0.0107219163328, 0.0247057080269, -0.00812463928014], [0.00100989907514, -0.00413829367608, 0.00234119035304, -0.00452213454992, 0.00195147795603, -0.00430869031698, 0.0046274792403, -0.00242646504194, 0.000546638329979, 0.000501640606672, 0.00353214610368, -0.00812463928014, 0.0264750085771]]
    },
    "melbands": {
        "mean": [0.00142075167969, 0.00307968375273, 0.00223617278971, 0.00109438679647, 0.000666369800456, 0.000295979931252, 0.00031954961014, 0.000217002540012, 0.00025122979423, 0.000404311169405, 0.000424647645559, 0.000247856572969, 0.000107309715531, 0.000154856534209, 0.000145559504745, 0.000109960543341, 7.86002274253e-005, 7.22743061488e-005, 5.24534480064e-005, 4.62587377115e-005, 4.38077113358e-005, 3.09155257128e-005, 2.30440691666e-005, 1.94578005903e-005, 1.56793194037e-005, 1.60067484103e-005, 1.20474878713e-005, 8.27508847578e-006, 6.66694495521e-006, 6.58784392726e-006, 4.24143490818e-006, 4.3301547521e-006, 4.01089982915e-006, 3.35048525812e-006, 2.81172356154e-006, 2.34551384892e-006, 1.76687763087e-006, 1.48865308347e-006, 1.42813144066e-006, 1.28798865262e-006],
        "var": [5.2822847465e-006, 1.14303893497e-005, 6.5045142037e-006, 1.38931557103e-006, 4.67518475489e-007, 1.31950628202e-007, 1.98283288455e-007, 1.825541176e-007, 1.08856148984e-007, 1.42586713991e-007, 1.69942595107e-007, 8.46154648571e-008, 5.38048894327e-008, 4.01247142179e-008, 4.21746655377e-008, 3.28276890116e-008, 1.85045401224e-008, 2.04965679984e-008, 5.1220268027e-009, 4.61847671218e-009, 6.43485043028e-009, 1.88872228968e-009, 1.15136600254e-009, 5.52347889649e-010, 1.43549297449e-010, 2.84548939966e-010, 2.71054234613e-010, 8.25552681771e-011, 6.24029578011e-011, 6.38737188141e-011, 2.59614586773e-011, 2.83553684005e-011, 2.58942502857e-011, 2.03369508733e-011, 1.76433104238e-011, 1.41729284558e-011, 1.12317958753e-011, 7.04682623018e-012, 6.14519980041e-012, 4.00983760085e-012]
    },
    "mfcc": {
        "mean": [-595.23425293, 125.963920593, -3.780356884, 18.468082428, 1.15024518967, 6.36981916428, 6.42630434036, 6.58040332794, 1.47360241413, 2.67290472984, -2.87740397453, -6.86721754074, -5.76953554153],
        "cov": [[2517.35766602, -722.330810547, 101.447380066, -131.480804443, 11.3589982986, 73.7169570923, -49.5270347595, 90.818977356, 17.6605815887, -68.9526367188, 24.2405796051, 50.2552185059, 15.4719009399], [-722.330810547, 1087.21081543, -499.265136719, 22.3676128387, -19.7961769104, -34.2049560547, 86.6230621338, 11.933549881, 0.997346222401, 58.2111816406, 29.3378162384, 34.3151359558, 7.30454683304], [101.447380066, -499.265136719, 580.671875, 36.9643173218, -15.0641508102, 29.9381866455, -24.7728633881, -27.9962406158, 20.8717861176, -34.0967826843, -3.13430261612, -32.4604682922, 10.0504283905], [-131.480804443, 22.3676128387, 36.9643173218, 187.644393921, 27.9049091339, -0.00681752292439, -20.5959625244, -11.4662475586, -6.02096223831, -0.238885596395, -15.7733602524, -21.3511257172, 7.81473779678], [11.3589982986, -19.7961769104, -15.0641508102, 27.9049091339, 130.877929688, 23.4257488251, 11.443022728, 16.4597187042, 15.2270889282, 11.024315834, -8.22233963013, 1.31181848049, 15.6123466492], [73.7169570923, -34.2049560547, 29.9381866455, -0.00681752292439, 23.4257488251, 83.028175354, 34.9758262634, 22.8159275055, 13.9786176682, 2.02503323555, 15.3197727203, 6.73151493073, 10.8072443008], [-49.5270347595, 86.6230621338, -24.7728633881, -20.5959625244, 11.443022728, 34.9758262634, 107.409492493, 50.1872634888, 8.70374488831, 16.6232566833, 18.8054218292, 25.6208438873, 15.2130222321], [90.818977356, 11.933549881, -27.9962406158, -11.4662475586, 16.4597187042, 22.8159275055, 50.1872634888, 111.060287476, 33.4004707336, 5.49714851379, 16.8023986816, 35.8799133301, 24.3864250183], [17.6605815887, 0.997346222401, 20.8717861176, -6.02096223831, 15.2270889282, 13.9786176682, 8.70374488831, 33.4004707336, 62.4516372681, 22.1273727417, 10.1975679398, 9.50249767303, 11.5826416016], [-68.9526367188, 58.2111816406, -34.0967826843, -0.238885596395, 11.024315834, 2.02503323555, 16.6232566833, 5.49714851379, 22.1273727417, 75.6400375366, 18.7251224518, 0.583399116993, 8.62555980682], [24.2405796051, 29.3378162384, -3.13430261612, -15.7733602524, -8.22233963013, 15.3197727203, 18.8054218292, 16.8023986816, 10.1975679398, 18.7251224518, 77.09034729, 46.0110321045, 15.7689085007], [50.2552185059, 34.3151359558, -32.4604682922, -21.3511257172, 1.31181848049, 6.73151493073, 25.6208438873, 35.8799133301, 9.50249767303, 0.583399116993, 46.0110321045, 91.9186248779, 37.5422210693], [15.4719009399, 7.30454683304, 10.0504283905, 7.81473779678, 15.6123466492, 10.8072443008, 15.2130222321, 24.3864250183, 11.5826416016, 8.62555980682, 15.7689085007, 37.5422210693, 60.751991272]],
        "icov": [[0.000589444651268, 0.000503391027451, 0.000352728617145, 0.000258299376583, 8.89604416443e-005, -0.000435676105553, 0.00034507206874, -0.000415821239585, -7.66726807342e-005, 0.000351377937477, -0.000218418266741, -7.27002116037e-005, -0.000100726261735], [0.000503391027451, 0.00237537990324, 0.0020676702261, -0.000646335538477, 0.000784469419159, 0.000532208185177, -0.00183408998419, 0.000971895584371, -0.00146506645251, 0.00049562822096, -0.000913678959478, 0.00038886119728, -0.000694040791132], [0.000352728617145, 0.0020676702261, 0.00389684783295, -0.000953301147092, 0.00115789694246, -0.000173156906385, -0.00167311681435, 0.00184149725828, -0.0028940688353, 0.00197683437727, -0.00152784539387, 0.00174364843406, -0.00185730203521], [0.000258299376583, -0.000646335538477, -0.000953301147092, 0.00650015985593, -0.00154326146003, -0.000664385152049, 0.0022624025587, -0.00105087028351, 0.00177457509562, -0.000322248059092, 0.000458517984953, 0.00134002265986, -0.00153608969413], [8.89604416443e-005, 0.000784469419159, 0.00115789694246, -0.00154326146003, 0.00931353401393, -0.00229322304949, -0.000700871984009, 0.000182793388376, -0.00197409954853, -0.000828918127809, 0.00188969518058, -7.47869053157e-005, -0.00194359640591], [-0.000435676105553, 0.000532208185177, -0.000173156906385, -0.000664385152049, -0.00229322304949, 0.0170047357678, -0.00630110502243, 0.000604277011007, -0.00293153920211, 0.00238159671426, -0.0041790092364, 0.00315960473381, -0.00158630788792], [0.00034507206874, -0.00183408998419, -0.00167311681435, 0.0022624025587, -0.000700871984009, -0.00630110502243, 0.0170907620341, -0.00763163156807, 0.00537509704009, -0.00387619202957, 0.00109058315866, -0.00231831893325, 0.000878221355379], [-0.000415821239585, 0.000971895584371, 0.00184149725828, -0.00105087028351, 0.000182793388376, 0.000604277011007, -0.00763163156807, 0.0167015045881, -0.00893881637603, 0.00301741459407, 6.08640511928e-005, -0.00229266099632, -0.00245120306499], [-7.66726807342e-005, -0.00146506645251, -0.0028940688353, 0.00177457509562, -0.00197409954853, -0.00293153920211, 0.00537509704009, -0.00893881637603, 0.0251260884106, -0.00803909543902, 0.000971422356088, -0.000996109913103, 0.000431530410424], [0.000351377937477, 0.00049562822096, 0.00197683437727, -0.000322248059092, -0.000828918127809, 0.00238159671426, -0.00387619202957, 0.00301741459407, -0.00803909543902, 0.0191423110664, -0.00671472772956, 0.00560570461676, -0.00379222026095], [-0.000218418266741, -0.000913678959478, -0.00152784539387, 0.000458517984953, 0.00188969518058, -0.0041790092364, 0.00109058315866, 6.08640511928e-005, 0.000971422356088, -0.00671472772956, 0.0225897207856, -0.0126216094941, 0.00302386819385], [-7.27002116037e-005, 0.00038886119728, 0.00174364843406, 0.00134002265986, -7.47869053157e-005, 0.00315960473381, -0.00231831893325, -0.00229266099632, -0.000996109913103, 0.00560570461676, -0.0126216094941, 0.0242303870618, -0.0118343587965], [-0.000100726261735, -0.000694040791132, -0.00185730203521, -0.00153608969413, -0.00194359640591, -0.00158630788792, 0.000878221355379, -0.00245120306499, 0.000431530410424, -0.00379222026095, 0.00302386819385, -0.0118343587965, 0.0256044138223]]
    },
    "spectral_contrast_coeffs": {
        "mean": [-0.602369368076, -0.737214148045, -0.735256671906, -0.760105133057, -0.776243925095, -0.760029315948],
        "var": [0.00793770235032, 0.00373901217245, 0.00307965441607, 0.002140666591, 0.00128878618125, 0.000971486268099]
    },
    "spectral_contrast_valleys": {
        "mean": [-6.87071275711, -6.38876056671, -6.65345573425, -7.22630739212, -7.17394018173, -9.74182319641],
        "var": [0.607715904713, 0.40284705162, 0.588929474354, 0.594830393791, 0.581079363823, 1.05230820179]
    }
},
"metadata": {
    "audio_properties": {
        "analysis_sample_rate": 44100,
        "bit_rate": 128068,
        "equal_loudness": 0,
        "length": 45.0479812622,
        "lossless": 0,
        "replay_gain": -4.3276309967,
        "sample_rate": 48000,
        "codec": "mp3",
        "downmix": "mix",
        "md5_encoded": "e3d2d77a57b9844f78b6168b5be1816a"
    },
    "tags": {
        "file_name": "1900.mp3"
    },
    "version": {
        "essentia": "2.1-beta2",
        "essentia_git_sha": "v2.1_beta2",
        "extractor": "music 1.0"
    }
},
"rhythm": {
    "beats_count": 120,
    "beats_loudness": {
        "mean": 0.0365724898875,
        "var": 0.000186633653357
    },
    "bpm": 162.252182007,
    "bpm_histogram_first_peak_bpm": {
        "mean": 161,
        "var": 0
    },
    "bpm_histogram_first_peak_spread": {
        "mean": 0.260416656733,
        "var": 0
    },
    "bpm_histogram_first_peak_weight": {
        "mean": 0.596638679504,
        "var": 0
    },
    "bpm_histogram_second_peak_bpm": {
        "mean": 167,
        "var": 0
    },
    "bpm_histogram_second_peak_spread": {
        "mean": 0,
        "var": 0
    },
    "bpm_histogram_second_peak_weight": {
        "mean": 0.100840337574,
        "var": 0
    },
    "danceability": 1.38525629044,
    "onset_rate": 3.66097736359,
    "beats_loudness_band_ratio": {
        "mean": [0.468880593777, 0.16866992414, 0.141005918384, 0.142476052046, 0.0627117305994, 0.0671916007996],
        "var": [0.0176116358489, 0.00824056845158, 0.00544544495642, 0.011537511833, 0.00270446715876, 0.00203727534972]
    },
    "beats_position": [0.394739210606, 0.777868449688, 1.16099774837, 1.55573689938, 1.92725622654, 2.29877543449, 2.67029476166, 3.04181408882, 3.41333317757, 3.78485250473, 4.14476203918, 4.5046710968, 4.86458063126, 5.22448968887, 5.5727891922, 5.92108821869, 6.29260778427, 6.65251684189, 7.01242637634, 7.38394546509, 7.75546455383, 8.12698364258, 8.48689365387, 8.84680271149, 9.21832180023, 9.58984088898, 9.94974994659, 10.321269989, 10.6927890778, 11.0643081665, 11.4358272552, 11.8189563751, 12.202085495, 12.5736055374, 12.933514595, 13.3050336838, 13.6765527725, 14.0480718613, 14.4195919037, 14.7911109924, 15.1626300812, 15.5341491699, 15.9056682587, 16.2771873474, 16.6487064362, 17.0202255249, 17.391746521, 17.7748756409, 18.1580047607, 18.5295238495, 18.9010429382, 19.272562027, 19.6440811157, 20.0156002045, 20.3871192932, 20.7702484131, 21.1417675018, 21.5248966217, 21.8964176178, 22.2679367065, 22.6394557953, 23.010974884, 23.3941040039, 23.7772331238, 24.1487522125, 24.5202713013, 24.89179039, 25.286529541, 25.6580486298, 26.0411777496, 26.4243087769, 26.8190479279, 27.1905670166, 27.5620861053, 27.9336051941, 28.3051242828, 28.6766433716, 29.0713825226, 29.4429016113, 29.8260307312, 30.1975498199, 30.5806789398, 30.9638080597, 31.3469390869, 31.7184581757, 32.1131973267, 32.4963264465, 32.8794555664, 33.2509727478, 33.6224937439, 33.99401474, 34.3655319214, 34.7370529175, 35.1085700989, 35.480091095, 35.8632202148, 36.2347373962, 36.6178665161, 36.9893875122, 37.3841247559, 37.755645752, 38.1271629333, 38.5219039917, 38.91664505, 39.2997741699, 39.6829032898, 40.0660324097, 40.4491615295, 40.8090705872, 41.1805877686, 41.5404968262, 41.9352378845, 42.3067550659, 42.678276062, 43.0497932434, 43.4213142395, 43.7928352356, 44.164352417, 44.5358734131, 44.919002533]
},
"tonal": {
    "chords_changes_rate": 0.0483539104462,
    "chords_number_rate": 0.00720164598897,
    "chords_strength": {
        "mean": 0.539436578751,
        "var": 0.00993891991675
    },
    "hpcp_entropy": {
        "mean": 2.00460553169,
        "var": 0.566165447235
    },
    "key_strength": 0.857382178307,
    "tuning_diatonic_strength": 0.628621578217,
    "tuning_equal_tempered_deviation": 0.0538218170404,
    "tuning_frequency": 440,
    "tuning_nontempered_energy_ratio": 0.702848553658,
    "hpcp": {
        "mean": [0.287941128016, 0.171067550778, 0.0651862025261, 0.0534737445414, 0.0648061931133, 0.114531859756, 0.171931281686, 0.132473006845, 0.0632749050856, 0.0442164316773, 0.0502622723579, 0.0883248671889, 0.141450330615, 0.148760527372, 0.21057780087, 0.294072002172, 0.215413182974, 0.122892431915, 0.100180990994, 0.0950007140636, 0.153452888131, 0.224017620087, 0.184154599905, 0.11793435365, 0.0945176035166, 0.087760284543, 0.148420006037, 0.186027958989, 0.140576094389, 0.189238086343, 0.243561759591, 0.141052916646, 0.0756804123521, 0.0988776087761, 0.119751572609, 0.221417680383],
        "var": [0.11016151309, 0.0422407090664, 0.0156247774139, 0.0134373195469, 0.0228755194694, 0.0406135730445, 0.0613470971584, 0.034549407661, 0.0165457334369, 0.0115663018078, 0.0179577525705, 0.0258138533682, 0.0489526316524, 0.0481224954128, 0.0718781203032, 0.131894752383, 0.0621185787022, 0.0361467264593, 0.030460042879, 0.0289509575814, 0.0514363311231, 0.0868167281151, 0.0603187270463, 0.0416021421552, 0.0340770967305, 0.0334676876664, 0.0458115190268, 0.0626147165895, 0.0406585708261, 0.0709754750133, 0.116569846869, 0.0400596112013, 0.0153372120112, 0.0321527533233, 0.0347342677414, 0.078938819468]
    },
    "chords_histogram": [22.6337451935, 0.720164597034, 27.8806591034, 0.308641970158, 3.08641982079, 0, 2.36625504494, 0, 0, 0, 0, 0, 0, 0, 0, 0.411522626877, 0, 0, 0, 0, 0.925925910473, 3.60082316399, 30.3497943878, 7.71604919434],
    "thpcp": [1, 0.732518494129, 0.417899131775, 0.340668231249, 0.323052555323, 0.521820783615, 0.761778116226, 0.626222848892, 0.401039034128, 0.321409732103, 0.298431277275, 0.504706323147, 0.632593214512, 0.478032916784, 0.64350938797, 0.828238546848, 0.479654341936, 0.257353335619, 0.336236059666, 0.407218545675, 0.752936959267, 0.979151785374, 0.58171993494, 0.221667483449, 0.181838944554, 0.22037525475, 0.389468759298, 0.584657073021, 0.450478136539, 0.215168073773, 0.150359198451, 0.170918256044, 0.300351172686, 0.481005758047, 0.505864322186, 0.716075658798],
    "chords_key": "G",
    "chords_scale": "major",
    "key_key": "D",
    "key_scale": "major"
}
}