{
"lowlevel": {
    "average_loudness": 0.979916334152,
    "barkbands_crest": {
        "mean": 7.85680484772,
        "var": 14.5979948044
    },
    "barkbands_flatness_db": {
        "mean": 0.115742363036,
        "var": 0.00177221465856
    },
    "barkbands_kurtosis": {
        "mean": 0.135436981916,
        "var": 16.2847156525
    },
    "barkbands_skewness": {
        "mean": 0.450163811445,
        "var": 0.860382378101
    },
    "barkbands_spread": {
        "mean": 29.3901481628,
        "var": 92.2370529175
    },
    "dissonance": {
        "mean": 0.483500927687,
        "var": 0.000274089950835
    },
    "dynamic_complexity": 1.87147212029,
    "erbbands_crest": {
        "mean": 9.59754943848,
        "var": 14.6495695114
    },
    "erbbands_flatness_db": {
        "mean": 0.187839835882,
        "var": 0.00151612854097
    },
    "erbbands_kurtosis": {
        "mean": 1.5757111311,
        "var": 8.72480010986
    },
    "erbbands_skewness": {
        "mean": -0.844166576862,
        "var": 1.0925270319
    },
    "erbbands_spread": {
        "mean": 28.1963596344,
        "var": 132.632553101
    },
    "hfc": {
        "mean": 21.6124229431,
        "var": 159.707443237
    },
    "melbands_crest": {
        "mean": 11.6859378815,
        "var": 22.0914440155
    },
    "melbands_flatness_db": {
        "mean": 0.164322525263,
        "var": 0.00257314718328
    },
    "melbands_kurtosis": {
        "mean": 3.36254072189,
        "var": 61.3516464233
    },
    "melbands_skewness": {
        "mean": 1.53158521652,
        "var": 1.14086222649
    },
    "melbands_spread": {
        "mean": 43.4339141846,
        "var": 402.087463379
    },
    "pitch_salience": {
        "mean": 0.633532583714,
        "var": 0.00912555400282
    },
    "silence_rate_20dB": {
        "mean": 1,
        "var": 0
    },
    "silence_rate_30dB": {
        "mean": 1,
        "var": 0
    },
    "silence_rate_60dB": {
        "mean": 0.0221421215683,
        "var": 0.0216521024704
    },
    "spectral_centroid": {
        "mean": 1858.40820313,
        "var": 282147.09375
    },
    "spectral_complexity": {
        "mean": 27.5015449524,
        "var": 101.647666931
    },
    "spectral_decrease": {
        "mean": -4.74411443463e-009,
        "var": 1.01811424657e-017
    },
    "spectral_energy": {
        "mean": 0.019865674898,
        "var": 0.000167703663465
    },
    "spectral_energyband_high": {
        "mean": 0.000301302119624,
        "var": 7.94683003846e-008
    },
    "spectral_energyband_low": {
        "mean": 0.00313122943044,
        "var": 9.59724911809e-006
    },
    "spectral_energyband_middle_high": {
        "mean": 0.0074078864418,
        "var": 1.99198439077e-005
    },
    "spectral_energyband_middle_low": {
        "mean": 0.00973680056632,
        "var": 7.95567248133e-005
    },
    "spectral_entropy": {
        "mean": 7.55411958694,
        "var": 0.0719432011247
    },
    "spectral_flux": {
        "mean": 0.0871451050043,
        "var": 0.00127803697251
    },
    "spectral_kurtosis": {
        "mean": 6.52731704712,
        "var": 5.92764043808
    },
    "spectral_rms": {
        "mean": 0.00417403830215,
        "var": 1.95851907847e-006
    },
    "spectral_rolloff": {
        "mean": 2261.4621582,
        "var": 629596.9375
    },
    "spectral_skewness": {
        "mean": 1.51580560207,
        "var": 0.0861794278026
    },
    "spectral_spread": {
        "mean": 2953611,
        "var": 1.07040283034e+012
    },
    "spectral_strongpeak": {
        "mean": 1.03383564949,
        "var": 1.95696520805
    },
    "zerocrossingrate": {
        "mean": 0.0718892291188,
        "var": 0.000474997970741
    },
    "barkbands": {
        "mean": [0.000125030172057, 0.00105914229061, 0.00132497109007, 0.00156644219533, 0.00380710395984, 0.00135202752426, 0.000828260788694, 0.000783046125434, 0.00124081224203, 0.000473562104162, 0.000398629345, 0.000318375998177, 0.000302188011119, 0.000311496492941, 0.000442816643044, 0.00145537126809, 0.00206518289633, 0.000970022636466, 0.000653153983876, 0.000158634094987, 9.25618805923e-005, 5.12666338182e-005, 3.57518729288e-005, 2.84464567812e-005, 1.4450447452e-005, 6.41433598503e-006, 5.11323207775e-007],
        "var": [1.62736071729e-007, 2.27158898269e-006, 2.56914677266e-006, 3.45748594555e-006, 3.25668879668e-005, 3.19066634802e-006, 1.39644498631e-006, 2.37446170104e-006, 6.87570900482e-006, 4.68993306413e-007, 2.88375559876e-007, 2.15590674202e-007, 1.21861035041e-007, 1.00944888004e-007, 2.23571063884e-007, 1.74761396465e-006, 3.36770335707e-006, 7.36085951303e-007, 2.12539205791e-007, 1.34441791033e-008, 8.89033024976e-009, 3.45358830423e-009, 1.70903835528e-009, 9.17371512088e-010, 4.40636971355e-010, 1.19685525379e-010, 9.20874813036e-013]
    },
    "erbbands": {
        "mean": [0.0221748575568, 0.278582632542, 1.36798739433, 3.62292075157, 11.6385030746, 12.1656427383, 7.81514263153, 10.457493782, 9.65890026093, 18.2370300293, 17.5692424774, 27.6747112274, 19.7756729126, 15.0145959854, 14.2811832428, 14.2993631363, 13.3771333694, 14.7747125626, 19.5082836151, 39.7703552246, 109.812316895, 96.1404418945, 62.0336265564, 42.5663337708, 19.462802887, 7.6490983963, 5.09578418732, 2.65621471405, 1.90920591354, 1.3835221529, 1.0119613409, 0.624262094498, 0.450825244188, 0.173613741994, 0.106497973204, 0.0382782779634, 0.00915266014636, 0.00206233561039, 6.26426990493e-005, 2.62441208179e-005],
        "var": [0.00105212442577, 0.15469519794, 2.73828864098, 12.783829689, 308.218841553, 309.250549316, 99.1339569092, 210.19859314, 192.829803467, 1029.71875, 1609.17614746, 3730.27001953, 1106.34057617, 368.244232178, 299.592407227, 384.943206787, 232.299194336, 200.058456421, 340.106628418, 1640.18811035, 8974.51660156, 5503.04101563, 2444.25512695, 974.881408691, 175.41734314, 30.7738399506, 23.7239513397, 8.70552635193, 4.88977813721, 2.44113183022, 1.37216460705, 0.504942893982, 0.2332457304, 0.0552607551217, 0.0260177515447, 0.00371480244212, 0.000280210340861, 1.42511553349e-005, 9.35351351927e-009, 2.81012213499e-010]
    },
    "gfcc": {
        "mean": [-4.9458026886, 97.9786224365, -147.591156006, 40.9975662231, -43.3203926086, -2.16682910919, -46.807964325, 14.5111713409, -23.7703933716, -13.6415166855, -21.4921131134, -2.54263496399, -11.9169378281],
        "cov": [[4323.51806641, -436.020904541, 71.291015625, 298.476257324, -45.7783432007, 108.728439331, -371.522064209, 19.8986644745, -77.0829849243, 149.274108887, 24.8930587769, 343.562652588, 79.3917160034], [-436.020904541, 447.952911377, -2.21360683441, -23.968706131, -19.7709522247, -75.3948745728, 108.589454651, -53.6793632507, 65.4482879639, -38.3536224365, 4.57916498184, -107.12071991, -1.58852350712], [71.291015625, -2.21360683441, 317.567749023, 79.1138916016, 44.3328018188, 28.8545055389, -98.402885437, -2.08479142189, -17.1340751648, 17.3465976715, -11.3630447388, 61.2615509033, 9.05513572693], [298.476257324, -23.968706131, 79.1138916016, 179.649032593, 96.115020752, -3.72742772102, -100.648254395, 4.72704696655, -17.0335521698, -32.4324417114, -9.47103786469, 37.4260864258, 32.3643341064], [-45.7783432007, -19.7709522247, 44.3328018188, 96.115020752, 141.005340576, 27.4363937378, -60.6416778564, 10.7142419815, -19.7221164703, -35.3111457825, -9.41160011292, 22.928604126, 20.2923431396], [108.728439331, -75.3948745728, 28.8545055389, -3.72742772102, 27.4363937378, 122.970031738, 41.1384277344, 24.2383422852, -11.7751092911, 20.3931865692, 2.510658741, 11.328707695, -0.632211744785], [-371.522064209, 108.589454651, -98.402885437, -100.648254395, -60.6416778564, 41.1384277344, 218.687225342, 24.7197971344, 43.8899230957, 14.447728157, 2.90682053566, -94.3861999512, -34.0829315186], [19.8986644745, -53.6793632507, -2.08479142189, 4.72704696655, 10.7142419815, 24.2383422852, 24.7197971344, 69.1663360596, 17.4074516296, -2.61646986008, -0.762336373329, 1.10881638527, -2.67875170708], [-77.0829849243, 65.4482879639, -17.1340751648, -17.0335521698, -19.7221164703, -11.7751092911, 43.8899230957, 17.4074516296, 67.8390731812, 25.1381759644, 9.90161132813, -25.1582736969, -8.04300880432], [149.274108887, -38.3536224365, 17.3465976715, -32.4324417114, -35.3111457825, 20.3931865692, 14.447728157, -2.61646986008, 25.1381759644, 84.295173645, 30.8890209198, 20.9898300171, -14.1659784317], [24.8930587769, 4.57916498184, -11.3630447388, -9.47103786469, -9.41160011292, 2.510658741, 2.90682053566, -0.762336373329, 9.90161132813, 30.8890209198, 45.643787384, 19.8651657104, -2.15970516205], [343.562652588, -107.12071991, 61.2615509033, 37.4260864258, 22.928604126, 11.328707695, -94.3861999512, 1.10881638527, -25.1582736969, 20.9898300171, 19.8651657104, 111.276878357, 35.1735610962], [79.3917160034, -1.58852350712, 9.05513572693, 32.3643341064, 20.2923431396, -0.632211744785, -34.0829315186, -2.67875170708, -8.04300880432, -14.1659784317, -2.15970516205, 35.1735610962, 49.1602706909]],
        "icov": [[0.000698112125974, -0.0011298765894, 0.00139740412124, -0.00213084928691, 0.0021444412414, -0.00176355615258, 0.00152117642574, -0.00137711514253, 0.00108324899338, -0.00218325527385, 0.00246586999856, -0.00251438934356, 0.00150868599303], [-0.0011298765894, 0.00966820120811, -0.0057138632983, 0.00400482676923, -0.00500785186887, 0.0066317259334, -0.00726399663836, 0.0105898482725, -0.00916226301342, 0.0103117963299, -0.0108822351322, 0.00885221082717, -0.00709295133129], [0.00139740412124, -0.0057138632983, 0.00876298639923, -0.00601681927219, 0.00516185956076, -0.00660761538893, 0.00647909846157, -0.00593669526279, 0.00467483652756, -0.00866836681962, 0.0106973033398, -0.00886164605618, 0.00693576410413], [-0.00213084928691, 0.00400482676923, -0.00601681927219, 0.0181630458683, -0.0122589077801, 0.00622792821378, -0.00141323718708, 0.00340691208839, -0.0047144619748, 0.00822294689715, -0.00907314475626, 0.0101410215721, -0.00898862909526], [0.0021444412414, -0.00500785186887, 0.00516185956076, -0.0122589077801, 0.0207711085677, -0.0112811531872, 0.00816756021231, -0.00621237047017, 0.0034581227228, -0.00262037874199, 0.00726445717737, -0.00826450251043, 0.00614286819473], [-0.00176355615258, 0.0066317259334, -0.00660761538893, 0.00622792821378, -0.0112811531872, 0.0207682065666, -0.0122912190855, 0.00323111540638, 0.000949538487475, 0.00180631945841, -0.00742895016447, 0.00677011860535, -0.00773685891181], [0.00152117642574, -0.00726399663836, 0.00647909846157, -0.00141323718708, 0.00816756021231, -0.0122912190855, 0.0200419127941, -0.0109023656696, 0.00344946235418, -0.00847518444061, 0.00646428624168, 0.00189881375991, 0.00386474700645], [-0.00137711514253, 0.0105898482725, -0.00593669526279, 0.00340691208839, -0.00621237047017, 0.00323111540638, -0.0109023656696, 0.0315286070108, -0.0188305545598, 0.0175588782877, -0.0105698844418, 0.00306452088989, -0.00249603320844], [0.00108324899338, -0.00916226301342, 0.00467483652756, -0.0047144619748, 0.0034581227228, 0.000949538487475, 0.00344946235418, -0.0188305545598, 0.0357530191541, -0.0224931295961, 0.00805071461946, 0.000106027116999, -0.000206905737286], [-0.00218325527385, 0.0103117963299, -0.00866836681962, 0.00822294689715, -0.00262037874199, 0.00180631945841, -0.00847518444061, 0.0175588782877, -0.0224931295961, 0.0408771932125, -0.0240186341107, 0.0027446183376, 0.00130817282479], [0.00246586999856, -0.0108822351322, 0.0106973033398, -0.00907314475626, 0.00726445717737, -0.00742895016447, 0.00646428624168, -0.0105698844418, 0.00805071461946, -0.0240186341107, 0.0487184338272, -0.0225916262716, 0.0131808165461], [-0.00251438934356, 0.00885221082717, -0.00886164605618, 0.0101410215721, -0.00826450251043, 0.00677011860535, 0.00189881375991, 0.00306452088989, 0.000106027116999, 0.0027446183376, -0.0225916262716, 0.0408043302596, -0.0250946488231], [0.00150868599303, -0.00709295133129, 0.00693576410413, -0.00898862909526, 0.00614286819473, -0.00773685891181, 0.00386474700645, -0.00249603320844, -0.000206905737286, 0.00130817282479, 0.0131808165461, -0.0250946488231, 0.0411013923585]]
    },
    "melbands": {
        "mean": [0.000249159667874, 0.000602899177466, 0.000823089038022, 0.00101802765857, 0.000280803098576, 0.00024393494823, 0.000150583742652, 0.000195357206394, 0.000151488886331, 0.000175112261786, 9.5954957942e-005, 5.99513114139e-005, 5.46434457647e-005, 3.59316436516e-005, 3.50161681126e-005, 2.7198189855e-005, 2.76325408777e-005, 3.01688523905e-005, 3.64034458471e-005, 6.97274081176e-005, 0.00015196595632, 0.000110743465484, 7.47899684939e-005, 3.96014474973e-005, 3.50348818756e-005, 1.94944514078e-005, 7.44818726162e-006, 4.38055849372e-006, 3.41025543094e-006, 2.14129045162e-006, 1.33484036269e-006, 1.10035034595e-006, 9.1730225904e-007, 7.00694840816e-007, 6.29529097296e-007, 4.25470290111e-007, 3.57834352371e-007, 3.34896071763e-007, 2.20352077918e-007, 1.22321509366e-007],
        "var": [1.16031948494e-007, 5.32187414137e-007, 7.85262329828e-007, 2.29719853451e-006, 1.10826888999e-007, 1.0877785428e-007, 4.49947172854e-008, 1.18645587577e-007, 1.35887148645e-007, 1.48145886669e-007, 2.75902714009e-008, 6.8151599919e-009, 5.11675546377e-009, 2.41563702374e-009, 3.59654084292e-009, 9.45264200247e-010, 7.6844258734e-010, 9.18288500795e-010, 1.78442660648e-009, 4.80183715013e-009, 2.00464800315e-008, 8.89098306089e-009, 4.38859126817e-009, 1.15477039042e-009, 7.22767790062e-010, 1.98153632391e-010, 3.10583052332e-011, 1.28195553131e-011, 1.11129239491e-011, 5.15285253702e-012, 2.64752933118e-012, 1.79556131248e-012, 1.15151486436e-012, 6.36044765034e-013, 5.09644735268e-013, 3.31907000798e-013, 1.49061549237e-013, 1.25706777344e-013, 7.79747767006e-014, 3.09963304481e-014]
    },
    "mfcc": {
        "mean": [-636.874267578, 122.024284363, -35.4413337708, 36.7676086426, 16.1830654144, -9.66503810883, -7.96894884109, 12.3236885071, -0.572869718075, -2.81056642532, -7.99856424332, -2.40037560463, -5.61201095581],
        "cov": [[3894.08300781, -458.85736084, 33.5141563416, 85.5231170654, 200.656738281, 67.1532287598, -149.084518433, -56.5645332336, -99.2037582397, -204.714202881, -115.151329041, 41.6153030396, 96.3130340576], [-458.85736084, 371.680603027, 28.7088851929, 25.3917369843, -89.3055496216, 2.1061809063, -2.21839261055, -12.7740631104, 27.1393871307, 32.2995643616, 36.6827964783, 3.08490514755, -13.0436992645], [33.5141563416, 28.7088851929, 242.059692383, 18.2746772766, 52.8684959412, 23.5983657837, -18.5167770386, -19.7890052795, -1.97634625435, -16.5192871094, -2.78694605827, -0.230761781335, 11.1972312927], [85.5231170654, 25.3917369843, 18.2746772766, 144.224761963, 96.8327865601, -19.6244792938, -35.569442749, 5.482401371, -3.54776144028, -19.1222953796, -33.6677627563, -29.2442798615, -12.8318738937], [200.656738281, -89.3055496216, 52.8684959412, 96.8327865601, 260.613342285, 1.28047907352, -32.8528137207, 22.5885906219, -27.7755966187, -60.0300636292, -91.1388473511, -47.6686401367, 6.72652101517], [67.1532287598, 2.1061809063, 23.5983657837, -19.6244792938, 1.28047907352, 81.2592315674, 34.042224884, -3.58601570129, 9.29421424866, 7.06251811981, 13.7079868317, 5.63419055939, 3.5761525631], [-149.084518433, -2.21839261055, -18.5167770386, -35.569442749, -32.8528137207, 34.042224884, 88.0015258789, 34.9289894104, 17.4469451904, 35.1990470886, 18.0957622528, 1.44959354401, -11.4907989502], [-56.5645332336, -12.7740631104, -19.7890052795, 5.482401371, 22.5885906219, -3.58601570129, 34.9289894104, 67.3315734863, 25.8931045532, 13.7564506531, -9.97932720184, -4.17421865463, -11.0883808136], [-99.2037582397, 27.1393871307, -1.97634625435, -3.54776144028, -27.7755966187, 9.29421424866, 17.4469451904, 25.8931045532, 58.3159294128, 35.7055892944, 16.3447475433, 8.96521091461, -8.86773872375], [-204.714202881, 32.2995643616, -16.5192871094, -19.1222953796, -60.0300636292, 7.06251811981, 35.1990470886, 13.7564506531, 35.7055892944, 89.6145935059, 56.7016792297, 10.2446928024, -18.437166214], [-115.151329041, 36.6827964783, -2.78694605827, -33.6677627563, -91.1388473511, 13.7079868317, 18.0957622528, -9.97932720184, 16.3447475433, 56.7016792297, 95.2056350708, 41.4546470642, -2.68721866608], [41.6153030396, 3.08490514755, -0.230761781335, -29.2442798615, -47.6686401367, 5.63419055939, 1.44959354401, -4.17421865463, 8.96521091461, 10.2446928024, 41.4546470642, 68.8156204224, 27.4613380432], [96.3130340576, -13.0436992645, 11.1972312927, -12.8318738937, 6.72652101517, 3.5761525631, -11.4907989502, -11.0883808136, -8.86773872375, -18.437166214, -2.68721866608, 27.4613380432, 69.260635376]],
        "icov": [[0.000393297203118, 0.000497475790326, 1.12436573545e-005, -0.000394359900383, 0.000286157912342, -0.000884445384145, 0.000831671233755, -0.000322216481436, 0.00034944555955, 0.000334362674039, 0.000266940129222, -0.00040224683471, -0.000120243887068], [0.000497475790326, 0.00404353858903, -0.000621482380666, -0.00223038555123, 0.00227784528397, -0.00149827380665, 0.0013676842209, -0.000254180864431, -0.000421706645284, 0.000197823348572, 0.000178901274921, 0.000261156994384, -0.00029860669747], [1.12436573545e-005, -0.000621482380666, 0.00490366481245, 0.000341052567819, -0.0018249724526, -0.00103416945785, 0.000276156730251, 0.00179755804129, -0.00141240097582, 0.00107202399522, -0.00138003355823, 7.18656956451e-005, -0.000275522004813], [-0.000394359900383, -0.00223038555123, 0.000341052567819, 0.0120772169903, -0.00522753363475, 0.00266508106142, 0.00215949653648, 0.000154193738126, -0.00205855281092, -7.4998519267e-005, -0.00156326650176, 0.00205796468072, 0.00190364569426], [0.000286157912342, 0.00227784528397, -0.0018249724526, -0.00522753363475, 0.0104918889701, -0.00484266411513, 0.00443486496806, -0.00645742285997, 0.00501408800483, -0.00133074610494, 0.00616710633039, 0.00116175925359, -0.00164298689924], [-0.000884445384145, -0.00149827380665, -0.00103416945785, 0.00266508106142, -0.00484266411513, 0.0217398516834, -0.0138882985339, 0.00986773334444, -0.00804800540209, 0.00429601594806, -0.00543945236132, 0.00133037753403, -0.00039322473458], [0.000831671233755, 0.0013676842209, 0.000276156730251, 0.00215949653648, 0.00443486496806, -0.0138882985339, 0.0284426547587, -0.0170444492251, 0.0081329671666, -0.00783927924931, 0.00317223812453, 0.000954610470217, 0.000432028493378], [-0.000322216481436, -0.000254180864431, 0.00179755804129, 0.000154193738126, -0.00645742285997, 0.00986773334444, -0.0170444492251, 0.0324219167233, -0.0153622012585, 0.00244236248545, 0.00133789004758, -0.00283436640166, 0.00247762282379], [0.00034944555955, -0.000421706645284, -0.00141240097582, -0.00205855281092, 0.00501408800483, -0.00804800540209, 0.0081329671666, -0.0153622012585, 0.0330351516604, -0.0135694881901, 0.00729293935001, -0.00513320788741, 0.00103573489469], [0.000334362674039, 0.000197823348572, 0.00107202399522, -7.4998519267e-005, -0.00133074610494, 0.00429601594806, -0.00783927924931, 0.00244236248545, -0.0135694881901, 0.0298701059073, -0.0180495362729, 0.00646189088002, 0.00133460143115], [0.000266940129222, 0.000178901274921, -0.00138003355823, -0.00156326650176, 0.00616710633039, -0.00543945236132, 0.00317223812453, 0.00133789004758, 0.00729293935001, -0.0180495362729, 0.0327451117337, -0.0155208464712, 0.00357170286588], [-0.00040224683471, 0.000261156994384, 7.18656956451e-005, 0.00205796468072, 0.00116175925359, 0.00133037753403, 0.000954610470217, -0.00283436640166, -0.00513320788741, 0.00646189088002, -0.0155208464712, 0.0294785536826, -0.0107260067016], [-0.000120243887068, -0.00029860669747, -0.000275522004813, 0.00190364569426, -0.00164298689924, -0.00039322473458, 0.000432028493378, 0.00247762282379, 0.00103573489469, 0.00133460143115, 0.00357170286588, -0.0107260067016, 0.0204738639295]]
    },
    "spectral_contrast_coeffs": {
        "mean": [-0.61466729641, -0.756590664387, -0.778684139252, -0.780808508396, -0.743390977383, -0.759654641151],
        "var": [0.00471487594768, 0.00587983475998, 0.0043109068647, 0.00164938857779, 0.00104268954601, 0.000888425623998]
    },
    "spectral_contrast_valleys": {
        "mean": [-7.50508356094, -6.73002052307, -7.20126819611, -7.25449991226, -7.00456905365, -10.4712848663],
        "var": [0.752707362175, 0.751731812954, 0.678929328918, 0.682514846325, 0.675275087357, 0.762473881245]
    }
},
"metadata": {
    "audio_properties": {
        "analysis_sample_rate": 44100,
        "bit_rate": 128074,
        "equal_loudness": 0,
        "length": 45.0612258911,
        "lossless": 0,
        "replay_gain": -5.13413047791,
        "sample_rate": 44100,
        "codec": "mp3",
        "downmix": "mix",
        "md5_encoded": "4dcfbbcf0b0792333fc6ede39f77bc4a"
    },
    "tags": {
        "file_name": "1901.mp3"
    },
    "version": {
        "essentia": "2.1-beta2",
        "essentia_git_sha": "v2.1_beta2",
        "extractor": "music 1.0"
    }
},
"rhythm": {
    "beats_count": 95,
    "beats_loudness": {
        "mean": 0.0316273383796,
        "var": 0.000119700125651
    },
    "bpm": 128.985778809,
    "bpm_histogram_first_peak_bpm": {
        "mean": 129,
        "var": 0
    },
    "bpm_histogram_first_peak_spread": {
        "mean": 0.435897439718,
        "var": 0
    },
    "bpm_histogram_first_peak_weight": {
        "mean": 0.468085110188,
        "var": 0
    },
    "bpm_histogram_second_peak_bpm": {
        "mean": 123,
        "var": 0
    },
    "bpm_histogram_second_peak_spread": {
        "mean": 0.307692289352,
        "var": 0
    },
    "bpm_histogram_second_peak_weight": {
        "mean": 0.0957446843386,
        "var": 0
    },
    "danceability": 1.60958957672,
    "onset_rate": 3.72658061981,
    "beats_loudness_band_ratio": {
        "mean": [0.246890157461, 0.234986618161, 0.16898162663, 0.082302287221, 0.289174199104, 0.0495348535478],
        "var": [0.014187653549, 0.0123429559171, 0.0215108562261, 0.00181597750634, 0.0117320837453, 0.000433578941738]
    },
    "beats_position": [0.487619042397, 0.99845802784, 1.50929701328, 2.02013611794, 2.50775504112, 2.97215414047, 3.44816327095, 3.90095233917, 4.3653512001, 4.82975053787, 5.2941493988, 5.75854873657, 6.2229475975, 6.6989569664, 7.17496585846, 7.63936471939, 8.12698364258, 8.62621307373, 9.12544155121, 9.61306095123, 10.1006803513, 10.5766887665, 11.0643081665, 11.5635375977, 12.0279359818, 12.4923353195, 12.9567346573, 13.4327430725, 13.9087524414, 14.3731517792, 14.8491611481, 15.3135595322, 15.7779588699, 16.2307472229, 16.6951465607, 17.1595458984, 17.6355552673, 18.0999546051, 18.5527439117, 19.0171432495, 19.4815406799, 19.9459400177, 20.4103393555, 20.8747386932, 21.3275279999, 21.7803173065, 22.2331066132, 22.6858959198, 23.1502952576, 23.614692688, 24.0790920258, 24.5434913635, 25.0078907013, 25.4955101013, 25.9947395325, 26.470746994, 26.958366394, 27.4227657318, 27.8871650696, 28.3631744385, 28.8391838074, 29.3035831451, 29.7795906067, 30.2672100067, 30.7548294067, 31.2308387756, 31.6952381134, 32.1596374512, 32.6240348816, 33.0768241882, 33.5412254333, 33.99401474, 34.4584121704, 34.9344215393, 35.3988189697, 35.8748283386, 36.3276176453, 36.7920188904, 37.2564163208, 37.7092056274, 38.1852149963, 38.6612243652, 39.1256217957, 39.6016311646, 40.0776405334, 40.5420417786, 41.006439209, 41.4708366394, 41.9352378845, 42.3996353149, 42.8524246216, 43.3052139282, 43.7696151733, 44.22240448, 44.6984100342]
},
"tonal": {
    "chords_changes_rate": 0.0823045298457,
    "chords_number_rate": 0.00720164598897,
    "chords_strength": {
        "mean": 0.447748541832,
        "var": 0.00746412342414
    },
    "hpcp_entropy": {
        "mean": 2.59609389305,
        "var": 0.635550916195
    },
    "key_strength": 0.67413008213,
    "tuning_diatonic_strength": 0.610786676407,
    "tuning_equal_tempered_deviation": 0.184256136417,
    "tuning_frequency": 433.942382813,
    "tuning_nontempered_energy_ratio": 0.862352311611,
    "hpcp": {
        "mean": [0.328280180693, 0.32897785306, 0.21017126739, 0.11729093641, 0.0935649350286, 0.107743933797, 0.165667831898, 0.228086009622, 0.22410286963, 0.186055168509, 0.139060348272, 0.128666013479, 0.152349427342, 0.15573553741, 0.204877778888, 0.334261059761, 0.367514431477, 0.251329094172, 0.176018998027, 0.186109498143, 0.320457518101, 0.437323689461, 0.331949084997, 0.221272826195, 0.207113817334, 0.182206049562, 0.16464240849, 0.166890367866, 0.157463848591, 0.155129045248, 0.191570535302, 0.21222063899, 0.224678620696, 0.236846268177, 0.211309611797, 0.234649926424],
        "var": [0.105645142496, 0.105146981776, 0.0590422712266, 0.0279323644936, 0.0186568275094, 0.0206175111234, 0.0335064157844, 0.0585142597556, 0.0534635297954, 0.0434846282005, 0.0293887965381, 0.0226457063109, 0.0274053514004, 0.0216559413821, 0.0319498293102, 0.0757360905409, 0.0925126075745, 0.0474738664925, 0.0329613387585, 0.0348735563457, 0.0668069273233, 0.107872538269, 0.0781629011035, 0.0471755489707, 0.0504544973373, 0.0452151186764, 0.0372891835868, 0.0379103012383, 0.0362173654139, 0.0381352491677, 0.056629601866, 0.0539664998651, 0.0542502813041, 0.0654199793935, 0.0587530098855, 0.0679200068116]
    },
    "chords_histogram": [11.8312759399, 0.205761313438, 7.51028823853, 27.6748962402, 0, 10.0823049545, 0, 8.02469158173, 0.823045253754, 2.26337456703, 0.823045253754, 0, 0, 0, 0, 0, 0, 0, 0, 0, 0, 0, 30.7613162994, 0],
    "thpcp": [1, 0.759046673775, 0.505970358849, 0.473593860865, 0.416638880968, 0.376477211714, 0.381617486477, 0.360062479973, 0.354723632336, 0.438052028418, 0.485271304846, 0.513758182526, 0.54158115387, 0.483188122511, 0.536558926105, 0.750657200813, 0.752252519131, 0.480585128069, 0.268201649189, 0.21394893527, 0.246371135116, 0.378821998835, 0.521549642086, 0.512441635132, 0.425440400839, 0.317980378866, 0.294212311506, 0.348367661238, 0.356110453606, 0.468480855227, 0.764333307743, 0.840371668339, 0.574698090553, 0.4024913311, 0.425564646721, 0.732769608498],
    "chords_key": "D",
    "chords_scale": "minor",
    "key_key": "A",
    "key_scale": "minor"
}
}