{
"lowlevel": {
    "average_loudness": 0.973486185074,
    "barkbands_crest": {
        "mean": 7.52177143097,
        "var": 7.14431285858
    },
    "barkbands_flatness_db": {
        "mean": 0.11229185015,
        "var": 0.00040409193025
    },
    "barkbands_kurtosis": {
        "mean": 1.15482664108,
        "var": 4.28656816483
    },
    "barkbands_skewness": {
        "mean": 1.29002630711,
        "var": 0.319891393185
    },
    "barkbands_spread": {
        "mean": 26.463224411,
        "var": 47.869644165
    },
    "dissonance": {
        "mean": 0.47814655304,
        "var": 0.000182858420885
    },
    "dynamic_complexity": 0.817308783531,
    "erbbands_crest": {
        "mean": 6.06212329865,
        "var": 9.18773651123
    },
    "erbbands_flatness_db": {
        "mean": 0.151378720999,
        "var": 0.000262559682596
    },
    "erbbands_kurtosis": {
        "mean": -0.63536554575,
        "var": 0.484013080597
    },
    "erbbands_skewness": {
        "mean": -0.0663362517953,
        "var": 0.201460108161
    },
    "erbbands_spread": {
        "mean": 44.2864303589,
        "var": 89.3477783203
    },
    "hfc": {
        "mean": 29.3007183075,
        "var": 42.8816070557
    },
    "melbands_crest": {
        "mean": 13.0542526245,
        "var": 18.5063800812
    },
    "melbands_flatness_db": {
        "mean": 0.165505349636,
        "var": 0.000832036312204
    },
    "melbands_kurtosis": {
        "mean": 8.18556690216,
        "var": 37.7066726685
    },
    "melbands_skewness": {
        "mean": 2.50959897041,
        "var": 0.701603353024
    },
    "melbands_spread": {
        "mean": 26.0166816711,
        "var": 94.4104614258
    },
    "pitch_salience": {
        "mean": 0.610710322857,
        "var": 0.00773806078359
    },
    "silence_rate_20dB": {
        "mean": 1,
        "var": 0
    },
    "silence_rate_30dB": {
        "mean": 1,
        "var": 0
    },
    "silence_rate_60dB": {
        "mean": 0.00154479919001,
        "var": 0.00154241069686
    },
    "spectral_centroid": {
        "mean": 1638.58081055,
        "var": 153144.640625
    },
    "spectral_complexity": {
        "mean": 37.9691047668,
        "var": 29.8044338226
    },
    "spectral_decrease": {
        "mean": -1.00738937192e-008,
        "var": 1.38969899786e-017
    },
    "spectral_energy": {
        "mean": 0.0406788028777,
        "var": 0.00020536298689
    },
    "spectral_energyband_high": {
        "mean": 0.00134039355908,
        "var": 2.28259082746e-007
    },
    "spectral_energyband_low": {
        "mean": 0.014270327054,
        "var": 0.00013145605044
    },
    "spectral_energyband_middle_high": {
        "mean": 0.00798867363483,
        "var": 1.07874584501e-005
    },
    "spectral_energyband_middle_low": {
        "mean": 0.0198438838124,
        "var": 0.000111241468403
    },
    "spectral_entropy": {
        "mean": 7.78308725357,
        "var": 0.0121098281816
    },
    "spectral_flux": {
        "mean": 0.113331191242,
        "var": 0.0013062984217
    },
    "spectral_kurtosis": {
        "mean": 2.56286668777,
        "var": 1.10914051533
    },
    "spectral_rms": {
        "mean": 0.00620965054259,
        "var": 1.12693589926e-006
    },
    "spectral_rolloff": {
        "mean": 1521.54931641,
        "var": 596813.25
    },
    "spectral_skewness": {
        "mean": 0.975235879421,
        "var": 0.0543819777668
    },
    "spectral_spread": {
        "mean": 3721001.75,
        "var": 1.36836402381e+012
    },
    "spectral_strongpeak": {
        "mean": 0.714769542217,
        "var": 0.603061497211
    },
    "zerocrossingrate": {
        "mean": 0.0593817383051,
        "var": 0.000256354862358
    },
    "barkbands": {
        "mean": [0.000111209861643, 0.00466807885095, 0.00682519190013, 0.00511202448979, 0.00470743514597, 0.00416409457102, 0.00201961840503, 0.00115244521294, 0.00252778269351, 0.000814864877611, 0.000747319369111, 0.00147273833863, 0.000618868274614, 0.000621979706921, 0.00064183777431, 0.00101490900852, 0.000660938268993, 0.000529734184965, 0.000627510540653, 0.000786217162386, 0.000513469451107, 0.000193410291104, 6.35810210952e-005, 5.88445072935e-005, 2.06470340345e-005, 3.9870819819e-006, 1.64173997064e-007],
        "var": [1.69820992824e-008, 2.93451303151e-005, 4.90949496452e-005, 2.44507773459e-005, 2.31915346376e-005, 2.87653674604e-005, 3.42787052432e-006, 4.24478912464e-006, 1.57461490744e-005, 1.23534357499e-006, 1.28964688884e-006, 2.37443828155e-006, 1.42645444612e-006, 3.3231975749e-007, 2.06167968031e-007, 6.33022125385e-007, 1.79188873517e-007, 5.53198091779e-008, 7.74997488406e-008, 1.5339104209e-007, 4.2829910285e-008, 9.56804413477e-009, 1.86006243741e-009, 6.97325175381e-009, 8.61138382824e-010, 3.04043838717e-011, 1.16978963408e-013]
    },
    "erbbands": {
        "mean": [0.0891628190875, 1.28497803211, 7.19704675674, 13.1707792282, 16.2985343933, 13.868188858, 27.5810527802, 34.7918434143, 31.3051700592, 22.8274116516, 31.7562122345, 62.0827560425, 31.479757309, 27.531288147, 40.1992034912, 51.5437812805, 32.0121955872, 28.030582428, 36.0401115417, 40.2804222107, 56.9421005249, 39.631072998, 28.6231174469, 33.3725852966, 31.8947105408, 36.1324462891, 26.9106655121, 16.9486351013, 7.95149803162, 3.09573411942, 1.74590110779, 1.42776191235, 0.813839197159, 0.342602282763, 0.0868703648448, 0.0244025941938, 0.00628316076472, 0.000881508458406, 4.42392120021e-005, 4.94640225952e-005],
        "var": [0.00580036547035, 2.46567463875, 60.7031974792, 103.776237488, 305.658721924, 201.025405884, 825.946838379, 2769.86572266, 978.424804688, 854.612670898, 2361.98071289, 11771.7177734, 1583.64343262, 1207.21264648, 2467.16650391, 2735.67456055, 3290.21655273, 858.978942871, 556.530212402, 824.022277832, 2277.44946289, 689.091064453, 142.171127319, 210.252624512, 205.663375854, 333.351318359, 145.955688477, 49.6126098633, 15.3357496262, 3.51865148544, 1.52101671696, 2.59482479095, 2.14277362823, 0.28405418992, 0.010872378014, 0.000957506068517, 8.66150730872e-005, 2.3168329335e-006, 1.46231671216e-009, 2.57817905913e-010]
    },
    "gfcc": {
        "mean": [48.94348526, 113.639701843, -142.134979248, 55.3417320251, -60.6451301575, 6.91003894806, -31.0274085999, 2.65289020538, -23.4159202576, -0.946123361588, -15.0250663757, -7.61704444885, -4.74962806702],
        "cov": [[1216.61999512, 4.02623987198, 16.490442276, -26.1576118469, -62.0211257935, 59.5224494934, -41.9827232361, 28.9015750885, -51.1035423279, 27.8132648468, -31.2408485413, -9.48296546936, -20.5905838013], [4.02623987198, 180.355789185, -65.9759368896, 65.0748291016, 34.2308502197, -34.1977005005, 53.3154907227, -29.5798091888, 45.4829101563, -25.8657112122, 28.3150424957, -14.1343955994, 19.1753959656], [16.490442276, -65.9759368896, 218.20098877, -58.9002227783, 4.054210186, 6.41096544266, -51.7421150208, 30.6685466766, -40.5654449463, 40.2853507996, -29.9058551788, 19.7147922516, -22.335351944], [-26.1576118469, 65.0748291016, -58.9002227783, 139.004852295, 47.4262504578, -18.5032634735, 16.8419818878, -17.3658237457, 59.84897995, -17.6596221924, 26.4450798035, -7.27206754684, 15.5777463913], [-62.0211257935, 34.2308502197, 4.054210186, 47.4262504578, 93.2818450928, -0.282371193171, 22.5340080261, 7.50504636765, 14.9275960922, 10.9923906326, -2.40976643562, 4.92784452438, -1.76232647896], [59.5224494934, -34.1977005005, 6.41096544266, -18.5032634735, -0.282371193171, 88.2898864746, 35.7986831665, 17.7428951263, -8.23739337921, -3.91026377678, 15.6748514175, -2.61020064354, -4.34599351883], [-41.9827232361, 53.3154907227, -51.7421150208, 16.8419818878, 22.5340080261, 35.7986831665, 94.514503479, 14.2205600739, 20.3441772461, -11.9993019104, 16.3265399933, -11.0046749115, 2.38769006729], [28.9015750885, -29.5798091888, 30.6685466766, -17.3658237457, 7.50504636765, 17.7428951263, 14.2205600739, 56.9491767883, 14.4350757599, 21.0055809021, -8.61136054993, 1.43425059319, -7.96229696274], [-51.1035423279, 45.4829101563, -40.5654449463, 59.84897995, 14.9275960922, -8.23739337921, 20.3441772461, 14.4350757599, 87.328742981, 13.0636034012, 21.5056667328, -8.91269683838, 6.47876501083], [27.8132648468, -25.8657112122, 40.2853507996, -17.6596221924, 10.9923906326, -3.91026377678, -11.9993019104, 21.0055809021, 13.0636034012, 62.0757141113, 6.53214597702, 14.2090606689, -7.52901935577], [-31.2408485413, 28.3150424957, -29.9058551788, 26.4450798035, -2.40976643562, 15.6748514175, 16.3265399933, -8.61136054993, 21.5056667328, 6.53214597702, 65.101890564, 19.2004871368, 11.7726211548], [-9.48296546936, -14.1343955994, 19.7147922516, -7.27206754684, 4.92784452438, -2.61020064354, -11.0046749115, 1.43425059319, -8.91269683838, 14.2090606689, 19.2004871368, 46.6991081238, 12.5735902786], [-20.5905838013, 19.1753959656, -22.335351944, 15.5777463913, -1.76232647896, -4.34599351883, 2.38769006729, -7.96229696274, 6.47876501083, -7.52901935577, 11.7726211548, 12.5735902786, 37.9220237732]],
        "icov": [[0.00173861708026, -0.00405821111053, 0.00156130990945, -0.00303574325517, 0.0035635442473, -0.00473606120795, 0.00363264395855, -0.00329463649541, 0.00395400868729, -0.00407661823556, 0.00376382865943, -0.00172320846468, 0.0017830504803], [-0.00405821111053, 0.0249804630876, -0.00629947846755, 0.0100370394066, -0.0138687659055, 0.0214381795377, -0.0186317730695, 0.0154138095677, -0.0155807891861, 0.0157723538578, -0.0165824498981, 0.0101945074275, -0.0088853277266], [0.00156130990945, -0.00629947846755, 0.00983015820384, -0.00299422675744, 0.00313060358167, -0.00774312671274, 0.00905234925449, -0.00767076155171, 0.00731399422511, -0.00779034616426, 0.00686931470409, -0.00496341148391, 0.00484731141478], [-0.00303574325517, 0.0100370394066, -0.00299422675744, 0.0245873462409, -0.0172977484763, 0.012614345178, -0.00562663702294, 0.0111644733697, -0.0193922463804, 0.0165799912065, -0.0141673097387, 0.00724437180907, -0.00664600310847], [0.0035635442473, -0.0138687659055, 0.00313060358167, -0.0172977484763, 0.0273873284459, -0.0140460664406, 0.00488231424242, -0.00963264796883, 0.0136807514355, -0.0170519854873, 0.0171428509057, -0.0110833700746, 0.00786049291492], [-0.00473606120795, 0.0214381795377, -0.00774312671274, 0.012614345178, -0.0140460664406, 0.0370959751308, -0.0221258327365, 0.00862803030759, -0.0116781471297, 0.0183810200542, -0.0233848467469, 0.0126909976825, -0.00765460589901], [0.00363264395855, -0.0186317730695, 0.00905234925449, -0.00562663702294, 0.00488231424242, -0.0221258327365, 0.0331564173102, -0.0174935422838, 0.0104685667902, -0.00833312328905, 0.00851146597415, -0.00360280135646, 0.0060764523223], [-0.00329463649541, 0.0154138095677, -0.00767076155171, 0.0111644733697, -0.00963264796883, 0.00862803030759, -0.0174935422838, 0.0402119979262, -0.021031036973, 0.00519390497357, -0.00241900002584, 0.00151913485024, -0.00372984400019], [0.00395400868729, -0.0155807891861, 0.00731399422511, -0.0193922463804, 0.0136807514355, -0.0116781471297, 0.0104685667902, -0.021031036973, 0.0374534726143, -0.0208595041186, 0.00665385322645, 0.00076966569759, 0.00366073381156], [-0.00407661823556, 0.0157723538578, -0.00779034616426, 0.0165799912065, -0.0170519854873, 0.0183810200542, -0.00833312328905, 0.00519390497357, -0.0208595041186, 0.0406682193279, -0.0189822725952, 0.00249617849477, -0.00195544259623], [0.00376382865943, -0.0165824498981, 0.00686931470409, -0.0141673097387, 0.0171428509057, -0.0233848467469, 0.00851146597415, -0.00241900002584, 0.00665385322645, -0.0189822725952, 0.0422220155597, -0.0225501637906, 0.00683089205995], [-0.00172320846468, 0.0101945074275, -0.00496341148391, 0.00724437180907, -0.0110833700746, 0.0126909976825, -0.00360280135646, 0.00151913485024, 0.00076966569759, 0.00249617849477, -0.0225501637906, 0.0415716618299, -0.0169236399233], [0.0017830504803, -0.0088853277266, 0.00484731141478, -0.00664600310847, 0.00786049291492, -0.00765460589901, 0.0060764523223, -0.00372984400019, 0.00366073381156, -0.00195544259623, 0.00683089205995, -0.0169236399233, 0.0382153317332]]
    },
    "melbands": {
        "mean": [0.00102976942435, 0.00306416884996, 0.00244824960828, 0.00107013853267, 0.000900862505659, 0.000790587102529, 0.000441055279225, 0.000243020316702, 0.000282897235593, 0.00038266016054, 0.000149261424667, 0.000111915534944, 0.000119187483506, 0.000172627100255, 9.62883714237e-005, 5.73112884013e-005, 5.18332017236e-005, 6.0582828155e-005, 4.5159336878e-005, 6.19524944341e-005, 6.43182283966e-005, 4.119123696e-005, 2.94268011203e-005, 2.46487725235e-005, 2.72367142315e-005, 2.35424904531e-005, 2.2347578124e-005, 2.50894136116e-005, 1.98041961994e-005, 1.11373446998e-005, 9.15111468203e-006, 5.084960776e-006, 2.35518996305e-006, 1.41533917031e-006, 1.00673116776e-006, 9.09584855435e-007, 8.42973122417e-007, 5.83052951697e-007, 4.5032777507e-007, 2.33879191569e-007],
        "var": [1.05159028863e-006, 1.10906339614e-005, 3.35500681103e-006, 1.27852547394e-006, 8.04088983841e-007, 1.20536674331e-006, 1.84418141203e-007, 1.21945433307e-007, 2.07371968486e-007, 4.3706288011e-007, 3.9016590847e-008, 2.06770280897e-008, 2.6413754739e-008, 4.25654604896e-008, 1.87897803983e-008, 1.28985044867e-008, 3.19472981403e-009, 1.97110994193e-009, 1.1912731912e-009, 1.90468640859e-009, 3.07112468789e-009, 1.05958963825e-009, 2.61749427688e-010, 1.36291006259e-010, 1.82184767272e-010, 1.27228616531e-010, 1.67743610668e-010, 2.07283842868e-010, 1.07423361873e-010, 2.77283977029e-011, 1.82342058119e-011, 7.34943703118e-012, 2.60960307183e-012, 8.72134179111e-013, 5.031677657e-013, 7.91962036315e-013, 1.17305048054e-012, 1.29739415825e-012, 6.47142983732e-013, 1.24069496539e-013]
    },
    "mfcc": {
        "mean": [-577.077941895, 123.436820984, -15.9383602142, 41.9401741028, -4.90003347397, 7.66868209839, 1.23541998863, -0.963148474693, 2.55394101143, 0.111288629472, -7.35136842728, 1.69754910469, -2.35928940773],
        "cov": [[568.400634766, 18.9981822968, 27.4922618866, -43.1361045837, -3.21234035492, 8.82468795776, 24.1469631195, -1.91048872471, 0.956126272678, 18.2775096893, -3.01916456223, 4.83522224426, -7.82871961594], [18.9981822968, 143.395477295, -22.5563735962, 38.8403167725, -10.8136320114, 3.44967055321, 8.87882232666, 0.134124934673, 10.5327501297, -4.75206279755, 12.3573713303, -4.04267120361, -4.71591854095], [27.4922618866, -22.5563735962, 154.352554321, -55.1683540344, 21.081533432, -24.624250412, 1.02967298031, -22.8475780487, -10.6655950546, -12.1581106186, 19.2578754425, -13.2329483032, -22.4093036652], [-43.1361045837, 38.8403167725, -55.1683540344, 150.587615967, 32.5820045471, 15.9792842865, -37.3233451843, 6.11947441101, 12.9628896713, 7.31934833527, -4.05367326736, 10.8083467484, 24.0110607147], [-3.21234035492, -10.8136320114, 21.081533432, 32.5820045471, 74.2302474976, 4.96837997437, -11.9159507751, -9.3927898407, 5.03434514999, -1.04915750027, 2.62110352516, 4.68139123917, 9.80816555023], [8.82468795776, 3.44967055321, -24.624250412, 15.9792842865, 4.96837997437, 55.5099220276, 20.3927402496, 19.3155574799, -1.27116560936, 9.44749259949, -2.39500403404, 8.85741901398, 7.74868297577], [24.1469631195, 8.87882232666, 1.02967298031, -37.3233451843, -11.9159507751, 20.3927402496, 81.4638900757, 23.6182022095, 2.6605887413, -5.91476678848, 1.46490216255, 2.86755442619, -0.384699434042], [-1.91048872471, 0.134124934673, -22.8475780487, 6.11947441101, -9.3927898407, 19.3155574799, 23.6182022095, 63.3264427185, 11.4368743896, 13.2577581406, -5.90790224075, 6.95866298676, 8.36586475372], [0.956126272678, 10.5327501297, -10.6655950546, 12.9628896713, 5.03434514999, -1.27116560936, 2.6605887413, 11.4368743896, 53.1712799072, 20.582818985, 10.4043321609, -0.991246163845, 0.307395815849], [18.2775096893, -4.75206279755, -12.1581106186, 7.31934833527, -1.04915750027, 9.44749259949, -5.91476678848, 13.2577581406, 20.582818985, 56.4679641724, 15.785984993, 10.1722745895, 0.816732168198], [-3.01916456223, 12.3573713303, 19.2578754425, -4.05367326736, 2.62110352516, -2.39500403404, 1.46490216255, -5.90790224075, 10.4043321609, 15.785984993, 52.2773132324, 14.8293409348, -1.03350377083], [4.83522224426, -4.04267120361, -13.2329483032, 10.8083467484, 4.68139123917, 8.85741901398, 2.86755442619, 6.95866298676, -0.991246163845, 10.1722745895, 14.8293409348, 45.1433792114, 24.0166988373], [-7.82871961594, -4.71591854095, -22.4093036652, 24.0110607147, 9.80816555023, 7.74868297577, -0.384699434042, 8.36586475372, 0.307395815849, 0.816732168198, -1.03350377083, 24.0166988373, 50.6147460938]],
        "icov": [[0.00191667571198, -0.000614409043919, -0.000424980709795, 0.000628311303444, -0.000166511876159, -0.000321858387906, -0.000353792973328, 0.000436871196143, -6.46362059342e-006, -0.00110586674418, 0.00103488843888, -0.000646848406177, 0.000105578430521], [-0.000614409043919, 0.00910869240761, 0.00083208095748, -0.00383582036011, 0.00239893444814, 0.000337066856446, -0.00231233052909, 0.000752799154725, -0.00111137423664, 0.0023204118479, -0.0036789085716, 0.00168889435008, 0.00137605331838], [-0.000424980709795, 0.00083208095748, 0.0104247760028, 0.00330685265362, -0.0048879259266, 0.00296051218174, 6.17298019279e-006, 7.3055321991e-005, 0.00202467222698, 0.00159805931617, -0.00493837241083, 0.00240168906748, 0.00226196134463], [0.000628311303444, -0.00383582036011, 0.00330685265362, 0.0128685738891, -0.00558772915974, -0.00306470855139, 0.00661263940856, -0.00173294520937, -0.00154798082076, 0.000505788368173, 0.000684421102051, -0.000365212850738, -0.00282365898602], [-0.000166511876159, 0.00239893444814, -0.0048879259266, -0.00558772915974, 0.0189538132399, -0.00338253518566, 0.000147092549014, 0.00335919181816, -0.00330788036808, 0.00132552161813, 0.000503832823597, -0.000834347563796, -0.00261984486133], [-0.000321858387906, 0.000337066856446, 0.00296051218174, -0.00306470855139, -0.00338253518566, 0.0258338879794, -0.00767805194482, -0.00398648995906, 0.00523620564491, -0.00491836061701, 0.00050856557209, -0.00126994180027, 0.000707839499228], [-0.000353792973328, -0.00231233052909, 6.17298019279e-006, 0.00661263940856, 0.000147092549014, -0.00767805194482, 0.019993564114, -0.00631064595655, -0.00288350298069, 0.00557509995997, -0.00141844642349, -0.00105816614814, -0.000661750847939], [0.000436871196143, 0.000752799154725, 7.3055321991e-005, -0.00173294520937, 0.00335919181816, -0.00398648995906, -0.00631064595655, 0.0226034224033, -0.00382973090746, -0.00464182207361, 0.00471773510799, -0.00184205698315, -0.0017639285652], [-6.46362059342e-006, -0.00111137423664, 0.00202467222698, -0.00154798082076, -0.00330788036808, 0.00523620564491, -0.00288350298069, -0.00382973090746, 0.0256197080016, -0.00882483180612, -0.00451178569347, 0.00534006720409, -0.000662513019051], [-0.00110586674418, 0.0023204118479, 0.00159805931617, 0.000505788368173, 0.00132552161813, -0.00491836061701, 0.00557509995997, -0.00464182207361, -0.00882483180612, 0.0269570201635, -0.00745828868821, -0.00353019637987, 0.00295983417891], [0.00103488843888, -0.0036789085716, -0.00493837241083, 0.000684421102051, 0.000503832823597, 0.00050856557209, -0.00141844642349, 0.00471773510799, -0.00451178569347, -0.00745828868821, 0.0292455852032, -0.0124613279477, 0.00299795973115], [-0.000646848406177, 0.00168889435008, 0.00240168906748, -0.000365212850738, -0.000834347563796, -0.00126994180027, -0.00105816614814, -0.00184205698315, 0.00534006720409, -0.00353019637987, -0.0124613279477, 0.0373795032501, -0.0160200800747], [0.000105578430521, 0.00137605331838, 0.00226196134463, -0.00282365898602, -0.00261984486133, 0.000707839499228, -0.000661750847939, -0.0017639285652, -0.000662513019051, 0.00295983417891, 0.00299795973115, -0.0160200800747, 0.0305474475026]]
    },
    "spectral_contrast_coeffs": {
        "mean": [-0.613589465618, -0.72523868084, -0.769493877888, -0.785702288151, -0.798277795315, -0.687123835087],
        "var": [0.00380566809326, 0.00338234612718, 0.0025763490703, 0.00120352592785, 0.000392189336708, 0.00112442369573]
    },
    "spectral_contrast_valleys": {
        "mean": [-6.64469671249, -6.09583425522, -6.58210134506, -6.8617272377, -6.46684598923, -10.0287275314],
        "var": [0.362971574068, 0.373560518026, 0.351506620646, 0.294986099005, 0.29247289896, 0.3544010818]
    }
},
"metadata": {
    "audio_properties": {
        "analysis_sample_rate": 44100,
        "bit_rate": 128074,
        "equal_loudness": 0,
        "length": 45.0612258911,
        "lossless": 0,
        "replay_gain": -6.25058555603,
        "sample_rate": 44100,
        "codec": "mp3",
        "downmix": "mix",
        "md5_encoded": "515f5c2c2b96f8c7cab57de50c134651"
    },
    "tags": {
        "file_name": "1902.mp3"
    },
    "version": {
        "essentia": "2.1-beta2",
        "essentia_git_sha": "v2.1_beta2",
        "extractor": "music 1.0"
    }
},
"rhythm": {
    "beats_count": 104,
    "beats_loudness": {
        "mean": 0.0387055240571,
        "var": 0.000114865215437
    },
    "bpm": 166.491592407,
    "bpm_histogram_first_peak_bpm": {
        "mean": 167,
        "var": 0
    },
    "bpm_histogram_first_peak_spread": {
        "mean": 0,
        "var": 0
    },
    "bpm_histogram_first_peak_weight": {
        "mean": 0.22330096364,
        "var": 0
    },
    "bpm_histogram_second_peak_bpm": {
        "mean": 172,
        "var": 0
    },
    "bpm_histogram_second_peak_spread": {
        "mean": 0,
        "var": 0
    },
    "bpm_histogram_second_peak_weight": {
        "mean": 0.213592231274,
        "var": 0
    },
    "danceability": 1.30518364906,
    "onset_rate": 1.15346539021,
    "beats_loudness_band_ratio": {
        "mean": [0.434266775846, 0.197322398424, 0.149648070335, 0.10491488874, 0.0963848009706, 0.063026919961],
        "var": [0.0193962138146, 0.0103172697127, 0.00612444523722, 0.00419521797448, 0.00153528084047, 0.000642292900011]
    },
    "beats_position": [0.348299324512, 0.708208620548, 1.06811785698, 1.42802715302, 1.79954648018, 2.15945577621, 2.51936507225, 2.87927436829, 3.23918366432, 3.58748292923, 3.94739222527, 4.3073015213, 4.66721057892, 5.02712011337, 5.38702917099, 5.74693870544, 6.10684776306, 6.45514726639, 6.81505680084, 7.17496585846, 7.53487491608, 7.8831744194, 8.23147392273, 8.59138298035, 8.95129203796, 9.31120204926, 9.67111110687, 10.0310201645, 10.3909292221, 10.7276191711, 11.0759181976, 11.4242172241, 11.7725172043, 12.1208162308, 12.4691152573, 12.8174142838, 13.1657142639, 13.5140132904, 13.8623123169, 14.2106122971, 14.5589113235, 14.8956003189, 15.2439002991, 15.5921993256, 15.9288883209, 16.2771873474, 16.6254863739, 16.9737873077, 17.3220863342, 17.6703853607, 18.0070743561, 18.3437633514, 18.6804523468, 19.0171432495, 19.3538322449, 19.6905212402, 20.0272102356, 20.363899231, 20.8282985687, 21.2926979065, 21.7570972443, 22.2098865509, 22.6626758575, 23.1386852264, 23.614692688, 24.0907020569, 24.5667114258, 25.0195007324, 25.4722900391, 25.9134693146, 26.3546485901, 26.7958278656, 27.2486171722, 27.6897945404, 28.2702941895, 28.8391838074, 29.4196815491, 30.0001811981, 30.5806789398, 31.1611785889, 31.7416782379, 32.322177887, 32.9026756287, 33.4831733704, 34.0636711121, 34.63256073, 35.2014503479, 35.7703399658, 36.3392295837, 36.8965072632, 37.4537849426, 38.0226745605, 38.5915641785, 39.1604537964, 39.7293434143, 40.2982292175, 40.8787307739, 41.4476165771, 42.0165061951, 42.585395813, 43.1542854309, 43.7231750488, 44.2920608521, 44.86095047]
},
"tonal": {
    "chords_changes_rate": 0.0452674888074,
    "chords_number_rate": 0.00617283955216,
    "chords_strength": {
        "mean": 0.564424335957,
        "var": 0.00859281700104
    },
    "hpcp_entropy": {
        "mean": 2.15727782249,
        "var": 0.779187202454
    },
    "key_strength": 0.829673945904,
    "tuning_diatonic_strength": 0.636032998562,
    "tuning_equal_tempered_deviation": 0.102614440024,
    "tuning_frequency": 443.828887939,
    "tuning_nontempered_energy_ratio": 0.736915707588,
    "hpcp": {
        "mean": [0.202721104026, 0.12965258956, 0.0969626307487, 0.0945493280888, 0.0808252245188, 0.114432871342, 0.147314280272, 0.110367849469, 0.0804335176945, 0.0815702676773, 0.107152931392, 0.231173619628, 0.298834562302, 0.200868114829, 0.118859015405, 0.0911193192005, 0.0943952202797, 0.166083276272, 0.224991843104, 0.212722733617, 0.259515434504, 0.293833464384, 0.215366944671, 0.15177282691, 0.123333588243, 0.111444830894, 0.120460957289, 0.113319143653, 0.0973298549652, 0.0918223038316, 0.0843624472618, 0.0983944535255, 0.221411377192, 0.341087579727, 0.304556638002, 0.244613111019],
        "var": [0.0867690816522, 0.0437029339373, 0.0269676856697, 0.0258537195623, 0.0203319899738, 0.0256127920002, 0.0366539657116, 0.0219888743013, 0.0119996769354, 0.0117937708274, 0.0188535042107, 0.0729413554072, 0.129561424255, 0.0585588738322, 0.0265989620239, 0.0179726649076, 0.0223269015551, 0.0425711423159, 0.0787107497454, 0.0625735446811, 0.0862171426415, 0.108902044594, 0.0689864456654, 0.0532887764275, 0.0395998582244, 0.0388324223459, 0.0377547368407, 0.0330998301506, 0.0321344397962, 0.0332026742399, 0.02495537512, 0.0237712152302, 0.0536386445165, 0.11530058831, 0.0962083861232, 0.0869831368327]
    },
    "chords_histogram": [35.1851844788, 6.89300394058, 19.6502056122, 0.102880656719, 0, 0, 0, 1.85185182095, 0, 8.95061683655, 0, 0, 0, 0, 0, 0, 0, 0, 0, 0, 0, 0, 0, 27.3662548065],
    "thpcp": [1, 0.892898619175, 0.717156291008, 0.594337403774, 0.380115240812, 0.284274876118, 0.277199566364, 0.236963257194, 0.335494101048, 0.431895762682, 0.323576271534, 0.235814854503, 0.239147573709, 0.314150780439, 0.677754461765, 0.876122653484, 0.588904798031, 0.348470658064, 0.267143458128, 0.276747763157, 0.486922681332, 0.659630715847, 0.62366014719, 0.760846912861, 0.861460447311, 0.631412446499, 0.444967329502, 0.361589223146, 0.326733767986, 0.353167235851, 0.3322288692, 0.285351514816, 0.269204467535, 0.247333675623, 0.288472682238, 0.649133503437],
    "chords_key": "C#",
    "chords_scale": "minor",
    "key_key": "C#",
    "key_scale": "minor"
}
}