{
"lowlevel": {
    "average_loudness": 0.970148980618,
    "barkbands_crest": {
        "mean": 7.8862080574,
        "var": 8.90857505798
    },
    "barkbands_flatness_db": {
        "mean": 0.118320077658,
        "var": 0.00134786649141
    },
    "barkbands_kurtosis": {
        "mean": 2.21887254715,
        "var": 14.6448135376
    },
    "barkbands_skewness": {
        "mean": 1.51556563377,
        "var": 0.59911864996
    },
    "barkbands_spread": {
        "mean": 25.3453941345,
        "var": 61.1809234619
    },
    "dissonance": {
        "mean": 0.478600025177,
        "var": 0.000155660804012
    },
    "dynamic_complexity": 1.59435606003,
    "erbbands_crest": {
        "mean": 6.25278806686,
        "var": 9.73620223999
    },
    "erbbands_flatness_db": {
        "mean": 0.150520548224,
        "var": 0.000669646309689
    },
    "erbbands_kurtosis": {
        "mean": -0.717006504536,
        "var": 0.609556794167
    },
    "erbbands_skewness": {
        "mean": 0.044190980494,
        "var": 0.181611940265
    },
    "erbbands_spread": {
        "mean": 49.4648170471,
        "var": 189.996704102
    },
    "hfc": {
        "mean": 27.9878463745,
        "var": 133.463851929
    },
    "melbands_crest": {
        "mean": 13.8840723038,
        "var": 24.0658168793
    },
    "melbands_flatness_db": {
        "mean": 0.175035893917,
        "var": 0.00187694793567
    },
    "melbands_kurtosis": {
        "mean": 11.765868187,
        "var": 149.967025757
    },
    "melbands_skewness": {
        "mean": 2.85449981689,
        "var": 1.4717053175
    },
    "melbands_spread": {
        "mean": 24.1264381409,
        "var": 117.583129883
    },
    "pitch_salience": {
        "mean": 0.604303538799,
        "var": 0.0112223727629
    },
    "silence_rate_20dB": {
        "mean": 1,
        "var": 0
    },
    "silence_rate_30dB": {
        "mean": 1,
        "var": 0
    },
    "silence_rate_60dB": {
        "mean": 0.0185375902802,
        "var": 0.0181937459856
    },
    "spectral_centroid": {
        "mean": 1574.52172852,
        "var": 207389.140625
    },
    "spectral_complexity": {
        "mean": 34.5587005615,
        "var": 124.846725464
    },
    "spectral_decrease": {
        "mean": -9.5478140949e-009,
        "var": 1.53745330759e-017
    },
    "spectral_energy": {
        "mean": 0.0385741852224,
        "var": 0.000237690008362
    },
    "spectral_energyband_high": {
        "mean": 0.00139241327997,
        "var": 5.13766678978e-007
    },
    "spectral_energyband_low": {
        "mean": 0.0136564709246,
        "var": 0.000122969126096
    },
    "spectral_energyband_middle_high": {
        "mean": 0.00741516938433,
        "var": 2.68165422312e-005
    },
    "spectral_energyband_middle_low": {
        "mean": 0.0193090587854,
        "var": 9.42431361182e-005
    },
    "spectral_entropy": {
        "mean": 7.773686409,
        "var": 0.0323750674725
    },
    "spectral_flux": {
        "mean": 0.10083629936,
        "var": 0.0018079407746
    },
    "spectral_kurtosis": {
        "mean": 2.30809664726,
        "var": 1.2995647192
    },
    "spectral_rms": {
        "mean": 0.00597260706127,
        "var": 1.96130304175e-006
    },
    "spectral_rolloff": {
        "mean": 1380.45678711,
        "var": 803779.75
    },
    "spectral_skewness": {
        "mean": 0.959467291832,
        "var": 0.0889791920781
    },
    "spectral_spread": {
        "mean": 3955380.25,
        "var": 1.06394694451e+012
    },
    "spectral_strongpeak": {
        "mean": 0.680043578148,
        "var": 0.48097294569
    },
    "zerocrossingrate": {
        "mean": 0.0585618168116,
        "var": 0.0003251991875
    },
    "barkbands": {
        "mean": [8.45947288326e-005, 0.00435483641922, 0.00616850564256, 0.00522887194529, 0.00528157362714, 0.00346042658202, 0.00180680525955, 0.00148495379835, 0.00175497808959, 0.00114392582327, 0.000892720476259, 0.00119395845104, 0.000470707484055, 0.000586572510656, 0.000579529209062, 0.000707229250111, 0.00051845877897, 0.000628057110589, 0.00055303593399, 0.000589488714468, 0.000643490988296, 0.000266317103524, 6.99124284438e-005, 6.55924741295e-005, 3.30704497173e-005, 6.10537244938e-006, 4.96582572396e-007],
        "var": [1.66527893697e-008, 2.73510158877e-005, 3.98074553232e-005, 2.32607508224e-005, 2.72684228548e-005, 1.67035850609e-005, 4.94566938869e-006, 4.46632748208e-006, 3.61222555512e-006, 3.62252694686e-006, 2.62049047706e-006, 3.39961979989e-006, 6.92355683896e-007, 7.10903975687e-007, 5.71549378492e-007, 4.74741824519e-007, 2.34564566881e-007, 1.84731064223e-007, 1.91781083458e-007, 1.41122868058e-007, 1.12108772043e-007, 2.73744653612e-008, 5.77869796459e-009, 6.55914433878e-009, 1.94834925971e-009, 8.42983668981e-011, 1.14865788322e-012]
    },
    "erbbands": {
        "mean": [0.0511833876371, 1.27814006805, 6.90641641617, 13.45616436, 17.3766078949, 14.0227527618, 30.7011508942, 23.5587520599, 27.6964473724, 21.1710472107, 40.4330482483, 39.6989440918, 38.049621582, 40.8314857483, 40.2200927734, 43.9184761047, 23.7047557831, 28.0444335938, 30.4215564728, 34.5185012817, 37.5955581665, 29.5346240997, 32.642993927, 31.0777950287, 29.3468875885, 27.1645469666, 25.5964698792, 24.1759567261, 10.9459095001, 3.56223320961, 1.91999709606, 1.52614545822, 1.01216602325, 0.512100577354, 0.147376567125, 0.03474374488, 0.0101235872135, 0.00205394183286, 7.17012953828e-005, 4.79442351207e-005],
        "var": [0.00337325804867, 2.33168148994, 52.2565345764, 127.058769226, 318.790557861, 238.729370117, 1532.17687988, 1033.32849121, 1006.02374268, 728.089660645, 3174.39233398, 1807.1607666, 2283.26245117, 4965.70751953, 4624.46923828, 4147.2109375, 1578.85449219, 1833.8984375, 1015.85858154, 2078.53027344, 1094.35742188, 739.774597168, 530.049133301, 449.830230713, 476.10848999, 284.366241455, 211.920181274, 159.906921387, 42.1581382751, 10.2241153717, 4.43123912811, 3.36573457718, 1.79497921467, 0.449611335993, 0.0445290021598, 0.00241023022681, 0.000246119103394, 1.53241871885e-005, 9.1663885371e-009, 3.37894628943e-010]
    },
    "gfcc": {
        "mean": [37.1383285522, 109.896011353, -136.700637817, 54.6271057129, -63.5819740295, 2.26048970222, -28.5598526001, 1.26892113686, -25.4547691345, -2.3854637146, -21.3430271149, -7.66357564926, -6.65954399109],
        "cov": [[3727.10180664, -426.434844971, 146.273956299, -225.789596558, -172.047119141, 471.725372314, -276.670471191, 385.505859375, -95.6700897217, 121.537284851, 106.880561829, 80.670249939, 99.4887542725], [-426.434844971, 428.715881348, -160.682144165, 126.630081177, 74.7632522583, -146.695465088, 173.82333374, -153.679977417, 76.4829101563, -67.4559783936, -10.1148862839, -41.8202476501, 4.1153960228], [146.273956299, -160.682144165, 340.481048584, -58.111076355, 6.36511898041, 64.8357772827, -84.988609314, 121.764961243, -48.0504837036, 74.915397644, -6.95677709579, 47.0311431885, 0.166162669659], [-225.789596558, 126.630081177, -58.111076355, 190.168579102, 33.9917297363, -79.7904434204, 72.0364456177, -60.0017051697, 78.6096115112, -24.7781219482, 2.96686983109, -25.5365314484, -0.160151347518], [-172.047119141, 74.7632522583, 6.36511898041, 33.9917297363, 116.670150757, -6.87833213806, 47.792388916, -15.0810165405, 8.35723495483, 1.75858855247, -20.0624408722, -1.09016156197, -2.49852561951], [471.725372314, -146.695465088, 64.8357772827, -79.7904434204, -6.87833213806, 209.088104248, -36.9485969543, 106.761192322, -46.8546829224, 16.058013916, 57.2733573914, 23.1923694611, 21.998210907], [-276.670471191, 173.82333374, -84.988609314, 72.0364456177, 47.792388916, -36.9485969543, 164.707839966, -53.3325195313, 32.2824630737, -39.3853492737, -9.90146160126, -17.9313602448, -12.6850309372], [385.505859375, -153.679977417, 121.764961243, -60.0017051697, -15.0810165405, 106.761192322, -53.3325195313, 151.906494141, -3.39117217064, 50.7801971436, 13.1363983154, 26.2214431763, 16.8054084778], [-95.6700897217, 76.4829101563, -48.0504837036, 78.6096115112, 8.35723495483, -46.8546829224, 32.2824630737, -3.39117217064, 107.071296692, 15.0954818726, -0.991066813469, -19.7707939148, 2.71115660667], [121.537284851, -67.4559783936, 74.915397644, -24.7781219482, 1.75858855247, 16.058013916, -39.3853492737, 50.7801971436, 15.0954818726, 82.8210754395, 16.7398471832, 21.717300415, -1.53839838505], [106.880561829, -10.1148862839, -6.95677709579, 2.96686983109, -20.0624408722, 57.2733573914, -9.90146160126, 13.1363983154, -0.991066813469, 16.7398471832, 82.6137161255, 24.5152549744, 15.8463335037], [80.670249939, -41.8202476501, 47.0311431885, -25.5365314484, -1.09016156197, 23.1923694611, -17.9313602448, 26.2214431763, -19.7707939148, 21.717300415, 24.5152549744, 58.5740814209, 25.8838863373], [99.4887542725, 4.1153960228, 0.166162669659, -0.160151347518, -2.49852561951, 21.998210907, -12.6850309372, 16.8054084778, 2.71115660667, -1.53839838505, 15.8463335037, 25.8838863373, 55.8089981079]],
        "icov": [[0.000633114832453, -0.00124942022376, 0.000842183828354, -0.00106407294516, 0.00132900418248, -0.0019364306936, 0.00144135998562, -0.00150970125105, 0.00119555555284, -0.00136259256396, 0.00171766383573, -0.00100208946969, 0.000444352248451], [-0.00124942022376, 0.0124381240457, -0.00342478347011, 0.00581324985251, -0.00706190243363, 0.00947950687259, -0.0101982336491, 0.00783290807158, -0.00704782316461, 0.00651916256174, -0.0105233034119, 0.00842229742557, -0.00778853520751], [0.000842183828354, -0.00342478347011, 0.00756274629384, -0.00436058361083, 0.00197170162573, -0.00334209576249, 0.0046134381555, -0.00709521397948, 0.00635982863605, -0.00589632242918, 0.00593263842165, -0.00539434794337, 0.00365282129496], [-0.00106407294516, 0.00581324985251, -0.00436058361083, 0.0151432855055, -0.00663728127256, 0.00871414411813, -0.00694618560374, 0.00596789969131, -0.0114378947765, 0.00866127200425, -0.0113423289731, 0.00718887150288, -0.00490248063579], [0.00132900418248, -0.00706190243363, 0.00197170162573, -0.00663728127256, 0.0168555099517, -0.0103122368455, 0.00286596897058, -0.00195450056344, 0.00524950958788, -0.00897185876966, 0.013054240495, -0.00698718335479, 0.00321768573485], [-0.0019364306936, 0.00947950687259, -0.00334209576249, 0.00871414411813, -0.0103122368455, 0.0241321194917, -0.00921340752393, -0.00372740044259, -0.00151385017671, 0.0106881018728, -0.0211821272969, 0.0128227937967, -0.00772216869518], [0.00144135998562, -0.0101982336491, 0.0046134381555, -0.00694618560374, 0.00286596897058, -0.00921340752393, 0.0186707172543, -0.00657962448895, 0.00392925087363, -0.00187275907956, 0.0093659190461, -0.00987083185464, 0.00981004629284], [-0.00150970125105, 0.00783290807158, -0.00709521397948, 0.00596789969131, -0.00195450056344, -0.00372740044259, -0.00657962448895, 0.0266433972865, -0.0125453015789, -0.000256602826994, -0.000377122167265, 0.00228687631898, -0.00633599236608], [0.00119555555284, -0.00704782316461, 0.00635982863605, -0.0114378947765, 0.00524950958788, -0.00151385017671, 0.00392925087363, -0.0125453015789, 0.0265198405832, -0.0136294057593, 0.00575341656804, 0.00264362548478, -0.000684539263602], [-0.00136259256396, 0.00651916256174, -0.00589632242918, 0.00866127200425, -0.00897185876966, 0.0106881018728, -0.00187275907956, -0.000256602826994, -0.0136294057593, 0.0304506290704, -0.0146715221927, -0.000951792811975, 0.00313648185693], [0.00171766383573, -0.0105233034119, 0.00593263842165, -0.0113423289731, 0.013054240495, -0.0211821272969, 0.0093659190461, -0.000377122167265, 0.00575341656804, -0.0146715221927, 0.0357890687883, -0.0184041634202, 0.00652983691543], [-0.00100208946969, 0.00842229742557, -0.00539434794337, 0.00718887150288, -0.00698718335479, 0.0128227937967, -0.00987083185464, 0.00228687631898, 0.00264362548478, -0.000951792811975, -0.0184041634202, 0.0409055389464, -0.0209981203079], [0.000444352248451, -0.00778853520751, 0.00365282129496, -0.00490248063579, 0.00321768573485, -0.00772216869518, 0.00981004629284, -0.00633599236608, -0.000684539263602, 0.00313648185693, 0.00652983691543, -0.0209981203079, 0.0330055356026]]
    },
    "melbands": {
        "mean": [0.000801392830908, 0.00299099064432, 0.00247542117722, 0.00106716901064, 0.00097102439031, 0.00056189938914, 0.000419474672526, 0.000232902748394, 0.000326224660967, 0.00025030420511, 0.000188107282156, 0.000165188655956, 0.000126200553495, 0.000148217746755, 6.78918149788e-005, 4.72087158414e-005, 5.3040261264e-005, 4.92994695378e-005, 4.26670339948e-005, 4.98261069879e-005, 4.1845436499e-005, 2.94069268421e-005, 2.99412331515e-005, 2.98598297377e-005, 2.4489387215e-005, 2.11698061321e-005, 2.0925728677e-005, 1.72239288077e-005, 1.58725215442e-005, 1.56961341418e-005, 1.3420644791e-005, 7.02615989212e-006, 3.01644945466e-006, 1.48776518927e-006, 1.03951060737e-006, 1.07827452211e-006, 8.75307648585e-007, 7.29879104711e-007, 6.01538886258e-007, 3.76649467171e-007],
        "var": [9.01545035958e-007, 9.8644868558e-006, 3.37220808433e-006, 1.1340958963e-006, 1.39727558235e-006, 5.20546223015e-007, 2.37174376139e-007, 7.88285632325e-008, 2.01978707537e-007, 7.11566272571e-008, 6.14002075849e-008, 8.70881606829e-008, 4.82398121449e-008, 5.49462626509e-008, 1.28059776117e-008, 7.11005698761e-009, 7.65757324217e-009, 3.0784583771e-009, 3.39646599734e-009, 3.36402705692e-009, 1.42475875542e-009, 9.25473753188e-010, 6.39424957427e-010, 4.70290029142e-010, 3.32494309863e-010, 3.22614462922e-010, 2.68399497072e-010, 1.27315394338e-010, 1.01085889659e-010, 8.39409861064e-011, 5.36643333937e-011, 1.8776922725e-011, 6.33394248509e-012, 2.50134873751e-012, 1.35580359873e-012, 1.8499075969e-012, 1.19862485822e-012, 1.02616710702e-012, 6.67318088808e-013, 2.61446083966e-013]
    },
    "mfcc": {
        "mean": [-591.28314209, 122.118721008, -11.8099031448, 45.2521629333, -9.91084480286, 6.60299634933, 0.35034519434, -1.56539475918, 6.4298286438, -4.48618268967, -4.28576612473, -1.82775819302, -6.0139131546],
        "cov": [[3008.12597656, -327.910736084, 233.940826416, -537.95880127, 213.159301758, -122.142990112, 144.26210022, 85.7553482056, 10.1845779419, 132.200180054, -39.0946159363, 74.9747695923, 3.61510038376], [-327.910736084, 328.107116699, -120.488731384, 161.69871521, -82.0395355225, 70.1340942383, -4.97695589066, -2.00706315041, 31.9403572083, -52.0513801575, 19.5343971252, -18.6383247375, 3.51106619835], [233.940826416, -120.488731384, 274.061584473, -112.515350342, 92.0370635986, -70.4096908569, 35.3638076782, 1.17380583286, -2.50188708305, 30.6646747589, -13.866897583, 33.9226150513, 16.0648860931], [-537.95880127, 161.69871521, -112.515350342, 355.699371338, -86.9413146973, 69.9459838867, -88.2588500977, -12.5873317719, 37.0093994141, -25.8395023346, 35.9780426025, -24.9321136475, 10.5286188126], [213.159301758, -82.0395355225, 92.0370635986, -86.9413146973, 141.829391479, -29.3958091736, 22.696767807, -3.23758292198, 7.72565126419, 29.3522834778, -7.24853754044, 15.9448957443, 0.859859526157], [-122.142990112, 70.1340942383, -70.4096908569, 69.9459838867, -29.3958091736, 88.6124801636, 20.7191371918, 19.001745224, -4.66351795197, -10.8136129379, 9.3183889389, -0.640789985657, 1.61509168148], [144.26210022, -4.97695589066, 35.3638076782, -88.2588500977, 22.696767807, 20.7191371918, 122.132881165, 42.371055603, -10.5179204941, -5.08477115631, -8.65055370331, 9.40978050232, 2.13093686104], [85.7553482056, -2.00706315041, 1.17380583286, -12.5873317719, -3.23758292198, 19.001745224, 42.371055603, 74.1584091187, 19.3494586945, 9.88136768341, -8.11474990845, 5.83519792557, 5.6499581337], [10.1845779419, 31.9403572083, -2.50188708305, 37.0093994141, 7.72565126419, -4.66351795197, -10.5179204941, 19.3494586945, 80.1544952393, 23.3793239594, 8.4392118454, -6.11180400848, 1.44369053841], [132.200180054, -52.0513801575, 30.6646747589, -25.8395023346, 29.3522834778, -10.8136129379, -5.08477115631, 9.88136768341, 23.3793239594, 71.4110107422, 20.1609477997, 14.0525312424, -3.32005786896], [-39.0946159363, 19.5343971252, -13.866897583, 35.9780426025, -7.24853754044, 9.3183889389, -8.65055370331, -8.11474990845, 8.4392118454, 20.1609477997, 60.4170417786, 17.3792247772, 2.15280127525], [74.9747695923, -18.6383247375, 33.9226150513, -24.9321136475, 15.9448957443, -0.640789985657, 9.40978050232, 5.83519792557, -6.11180400848, 14.0525312424, 17.3792247772, 53.1965446472, 23.1296596527], [3.61510038376, 3.51106619835, 16.0648860931, 10.5286188126, 0.859859526157, 1.61509168148, 2.13093686104, 5.6499581337, 1.44369053841, -3.32005786896, 2.15280127525, 23.1296596527, 47.834815979]],
        "icov": [[0.000505412870552, 5.13474624313e-005, 4.92905710416e-005, 0.000606764107943, -0.000227225027629, 0.00015465587785, -2.82275450445e-005, -0.000384236249374, -0.000127999534016, -0.000479191687191, 9.43198101595e-005, -0.000208746234421, -7.9271652794e-005], [5.13474624313e-005, 0.00566832581535, 0.000746551784687, -0.00114719069097, 0.0013052202994, -0.00213841092773, -0.0015492370585, 0.00174738513306, -0.00359784881584, 0.00367110967636, -0.00101249327417, -0.000562858243939, 0.000174319924554], [4.92905710416e-005, 0.000746551784687, 0.00664181262255, -0.000864263798576, -0.0022975851316, 0.00486046960577, -0.00283137406223, 0.000599251536187, 0.000270958378678, -0.00134561641607, 0.00181329494808, -0.00310254748911, -0.000849341857247], [0.000606764107943, -0.00114719069097, -0.000864263798576, 0.00748917832971, 0.000922934734263, -0.00506013911217, 0.00545235956088, -0.00127055228222, -0.00226015271619, 0.0015025914181, -0.00340255559422, 0.00316794589162, -0.00246452214196], [-0.000227225027629, 0.0013052202994, -0.0022975851316, 0.000922934734263, 0.0110123734921, -0.00114485586528, -0.00147077732254, 0.00330194178969, -0.00285461056046, -0.00175487808883, 0.00142528908327, -0.00130502309185, 0.000537295883987], [0.00015465587785, -0.00213841092773, 0.00486046960577, -0.00506013911217, -0.00114485586528, 0.022857664153, -0.00708115287125, -0.003669020487, 0.00523785827681, -0.00310987699777, 0.00101965630893, -0.00345503189601, 0.000875108642504], [-2.82275450445e-005, -0.0015492370585, -0.00283137406223, 0.00545235956088, -0.00147077732254, -0.00708115287125, 0.017240094021, -0.0086031826213, 0.0014722031774, 0.00403390824795, -0.00345054641366, 0.00253636832349, -0.000455248809885], [-0.000384236249374, 0.00174738513306, 0.000599251536187, -0.00127055228222, 0.00330194178969, -0.003669020487, -0.0086031826213, 0.0230472646654, -0.00722554326057, -0.00313773215748, 0.00597992027178, -0.00342394900508, -0.000908487592824], [-0.000127999534016, -0.00359784881584, 0.000270958378678, -0.00226015271619, -0.00285461056046, 0.00523785827681, 0.0014722031774, -0.00722554326057, 0.0202051177621, -0.00759716751054, -0.000976776820607, 0.00465658446774, -0.00200220709667], [-0.000479191687191, 0.00367110967636, -0.00134561641607, 0.0015025914181, -0.00175487808883, -0.00310987699777, 0.00403390824795, -0.00313773215748, -0.00759716751054, 0.0254159606993, -0.00906253419816, -0.0026851920411, 0.00391495926306], [9.43198101595e-005, -0.00101249327417, 0.00181329494808, -0.00340255559422, 0.00142528908327, 0.00101965630893, -0.00345054641366, 0.00597992027178, -0.000976776820607, -0.00906253419816, 0.0260149743408, -0.0113584240898, 0.00331631768495], [-0.000208746234421, -0.000562858243939, -0.00310254748911, 0.00316794589162, -0.00130502309185, -0.00345503189601, 0.00253636832349, -0.00342394900508, 0.00465658446774, -0.0026851920411, -0.0113584240898, 0.0343743227422, -0.0156034911051], [-7.9271652794e-005, 0.000174319924554, -0.000849341857247, -0.00246452214196, 0.000537295883987, 0.000875108642504, -0.000455248809885, -0.000908487592824, -0.00200220709667, 0.00391495926306, 0.00331631768495, -0.0156034911051, 0.0295422337949]]
    },
    "spectral_contrast_coeffs": {
        "mean": [-0.589588940144, -0.735785603523, -0.77920114994, -0.795723199844, -0.798988461494, -0.670991659164],
        "var": [0.00466917548329, 0.00332072842866, 0.00229088589549, 0.00129611836746, 0.000475396489492, 0.00317908381112]
    },
    "spectral_contrast_valleys": {
        "mean": [-6.87124681473, -6.18467140198, -6.64007139206, -7.06820249557, -6.65132331848, -10.1412477493],
        "var": [0.727090597153, 0.639370203018, 0.632237792015, 0.544560313225, 0.481526136398, 1.1313970089]
    }
},
"metadata": {
    "audio_properties": {
        "analysis_sample_rate": 44100,
        "bit_rate": 128074,
        "equal_loudness": 0,
        "length": 45.0612258911,
        "lossless": 0,
        "replay_gain": -5.22289466858,
        "sample_rate": 44100,
        "codec": "mp3",
        "downmix": "mix",
        "md5_encoded": "0081a08ed8d17c53207fcb09474b08e8"
    },
    "tags": {
        "file_name": "1903.mp3"
    },
    "version": {
        "essentia": "2.1-beta2",
        "essentia_git_sha": "v2.1_beta2",
        "extractor": "music 1.0"
    }
},
"rhythm": {
    "beats_count": 84,
    "beats_loudness": {
        "mean": 0.0384044423699,
        "var": 0.000223351424211
    },
    "bpm": 106.236755371,
    "bpm_histogram_first_peak_bpm": {
        "mean": 105,
        "var": 0
    },
    "bpm_histogram_first_peak_spread": {
        "mean": 0.634146332741,
        "var": 0
    },
    "bpm_histogram_first_peak_weight": {
        "mean": 0.180722892284,
        "var": 0
    },
    "bpm_histogram_second_peak_bpm": {
        "mean": 157,
        "var": 0
    },
    "bpm_histogram_second_peak_spread": {
        "mean": 0,
        "var": 0
    },
    "bpm_histogram_second_peak_weight": {
        "mean": 0.168674692512,
        "var": 0
    },
    "danceability": 0.939350008965,
    "onset_rate": 1.48619580269,
    "beats_loudness_band_ratio": {
        "mean": [0.46172118187, 0.207029432058, 0.153321161866, 0.0983554050326, 0.0724033042789, 0.0608358308673],
        "var": [0.0348295383155, 0.016327155754, 0.00762528274208, 0.0101141538471, 0.00227861665189, 0.000941159843933]
    },
    "beats_position": [0.557278871536, 1.13777780533, 1.71827661991, 2.29877543449, 2.87927436829, 3.45977306366, 4.04027223587, 4.60916090012, 5.18965959549, 5.7701587677, 6.33904743195, 6.91954612732, 7.47682523727, 8.03410434723, 8.60299301147, 9.18349170685, 9.75238037109, 10.3096599579, 10.866938591, 11.4358272552, 12.0047159195, 12.5619955063, 13.1308841705, 13.6997728348, 14.2802715302, 14.8491611481, 15.4296598434, 15.9985485077, 16.5558280945, 17.1131057739, 17.6819953918, 18.2508831024, 18.8081626892, 19.365442276, 19.9227199554, 20.4799995422, 21.037279129, 21.5945568085, 22.1634464264, 22.7091159821, 23.2547836304, 23.8236732483, 24.3809528351, 24.9498405457, 25.4955101013, 26.0411777496, 26.5868473053, 27.132516861, 27.6781845093, 28.2819042206, 28.8856239319, 29.4893417358, 30.0930614471, 30.6967792511, 31.3004989624, 31.9158267975, 32.5311546326, 33.1348762512, 33.7385940552, 34.2494316101, 34.7602729797, 35.2594985962, 35.7587280273, 36.2579574585, 36.7571868896, 37.2564163208, 37.7440338135, 38.2432632446, 38.638004303, 39.0211334229, 39.4042625427, 39.7989997864, 40.1821289063, 40.5652618408, 40.9483909607, 41.3315200806, 41.7146492004, 42.0977783203, 42.4809074402, 42.8640365601, 43.2471656799, 43.6302947998, 44.0134239197, 44.3965530396]
},
"tonal": {
    "chords_changes_rate": 0.0524691343307,
    "chords_number_rate": 0.0102880662307,
    "chords_strength": {
        "mean": 0.528609931469,
        "var": 0.00847441051155
    },
    "hpcp_entropy": {
        "mean": 2.25349712372,
        "var": 0.584198474884
    },
    "key_strength": 0.665328800678,
    "tuning_diatonic_strength": 0.536398231983,
    "tuning_equal_tempered_deviation": 0.0624647885561,
    "tuning_frequency": 440,
    "tuning_nontempered_energy_ratio": 0.75863546133,
    "hpcp": {
        "mean": [0.125906437635, 0.106350302696, 0.103526934981, 0.139961227775, 0.112426161766, 0.0809469893575, 0.0924048647285, 0.0846445858479, 0.0728395655751, 0.0693077966571, 0.0694371461868, 0.115823298693, 0.206276297569, 0.226499974728, 0.235691741109, 0.285877496004, 0.229237303138, 0.20082230866, 0.232692673802, 0.156554311514, 0.101850613952, 0.113865599036, 0.105345346034, 0.110810875893, 0.104916088283, 0.0908108577132, 0.167776226997, 0.283137977123, 0.283745884895, 0.257244825363, 0.257784366608, 0.177855864167, 0.145482629538, 0.212988242507, 0.182257607579, 0.11609531939],
        "var": [0.0368673093617, 0.026865568012, 0.0185669623315, 0.0383663028479, 0.0237211566418, 0.0164180081338, 0.0201301407069, 0.0188423935324, 0.0136543344706, 0.012368218042, 0.010316031985, 0.0234487764537, 0.0726566910744, 0.0774985700846, 0.0593486912549, 0.106269538403, 0.0794406086206, 0.0553248636425, 0.110986158252, 0.0478556714952, 0.0292661376297, 0.0385876372457, 0.0292719323188, 0.030673449859, 0.0298973545432, 0.0250845234841, 0.0498715676367, 0.117306984961, 0.113278344274, 0.0850721374154, 0.112365819514, 0.063678689301, 0.0374394617975, 0.0880564376712, 0.0631828084588, 0.0251964218915]
    },
    "chords_histogram": [17.2839508057, 0, 0, 0, 5.34979438782, 0, 7.51028823853, 22.9423866272, 0, 0.514403283596, 0, 9.87654304504, 1.13168728352, 1.13168728352, 8.23045253754, 0.411522626877, 0, 0, 0, 0, 0, 10.0823049545, 0.205761313438, 15.3292179108],
    "thpcp": [1, 0.801872491837, 0.702476799488, 0.813959419727, 0.547627270222, 0.356273621321, 0.398302078247, 0.368498206139, 0.387616634369, 0.36699667573, 0.317656546831, 0.586881518364, 0.990417182446, 0.992543637753, 0.899842858315, 0.901730179787, 0.622140109539, 0.508898496628, 0.74503326416, 0.637537419796, 0.406101644039, 0.44042095542, 0.372013539076, 0.362137407064, 0.489584624767, 0.393266916275, 0.283152729273, 0.323232382536, 0.296086907387, 0.254792928696, 0.242438793182, 0.242891266942, 0.40515011549, 0.721554875374, 0.792297303677, 0.824450135231],
    "chords_key": "F#",
    "chords_scale": "major",
    "key_key": "F#",
    "key_scale": "minor"
}
}