{
"lowlevel": {
    "average_loudness": 0.985962688923,
    "barkbands_crest": {
        "mean": 8.57059955597,
        "var": 11.7527189255
    },
    "barkbands_flatness_db": {
        "mean": 0.128590896726,
        "var": 0.000507104792632
    },
    "barkbands_kurtosis": {
        "mean": 0.398852497339,
        "var": 2.20381855965
    },
    "barkbands_skewness": {
        "mean": 0.721603214741,
        "var": 0.214740172029
    },
    "barkbands_spread": {
        "mean": 20.7047481537,
        "var": 39.0100898743
    },
    "dissonance": {
        "mean": 0.471728563309,
        "var": 0.000461922347313
    },
    "dynamic_complexity": 0.599062800407,
    "erbbands_crest": {
        "mean": 11.1920366287,
        "var": 28.0178375244
    },
    "erbbands_flatness_db": {
        "mean": 0.184051558375,
        "var": 0.00045676541049
    },
    "erbbands_kurtosis": {
        "mean": 0.985871911049,
        "var": 2.43369102478
    },
    "erbbands_skewness": {
        "mean": 0.209780067205,
        "var": 0.528523504734
    },
    "erbbands_spread": {
        "mean": 24.5507907867,
        "var": 50.3923110962
    },
    "hfc": {
        "mean": 34.4548377991,
        "var": 70.3674926758
    },
    "melbands_crest": {
        "mean": 12.2365894318,
        "var": 14.0724697113
    },
    "melbands_flatness_db": {
        "mean": 0.181840345263,
        "var": 0.000733324908651
    },
    "melbands_kurtosis": {
        "mean": 2.45695137978,
        "var": 6.69247865677
    },
    "melbands_skewness": {
        "mean": 1.36083912849,
        "var": 0.398945629597
    },
    "melbands_spread": {
        "mean": 27.1007423401,
        "var": 88.5434188843
    },
    "pitch_salience": {
        "mean": 0.558701872826,
        "var": 0.00693030934781
    },
    "silence_rate_20dB": {
        "mean": 1,
        "var": 0
    },
    "silence_rate_30dB": {
        "mean": 1,
        "var": 0
    },
    "silence_rate_60dB": {
        "mean": 0.00154479919001,
        "var": 0.00154241069686
    },
    "spectral_centroid": {
        "mean": 1327.22302246,
        "var": 108483.359375
    },
    "spectral_complexity": {
        "mean": 31.0360450745,
        "var": 28.4519195557
    },
    "spectral_decrease": {
        "mean": -1.10651185992e-008,
        "var": 5.19140951262e-018
    },
    "spectral_energy": {
        "mean": 0.0448874682188,
        "var": 7.78388493927e-005
    },
    "spectral_energyband_high": {
        "mean": 0.000459848641185,
        "var": 3.58396334832e-008
    },
    "spectral_energyband_low": {
        "mean": 0.011219275184,
        "var": 5.56311824766e-005
    },
    "spectral_energyband_middle_high": {
        "mean": 0.0142829390243,
        "var": 3.8227703044e-005
    },
    "spectral_energyband_middle_low": {
        "mean": 0.0206834953278,
        "var": 9.75085640675e-005
    },
    "spectral_entropy": {
        "mean": 7.58275604248,
        "var": 0.0181669574231
    },
    "spectral_flux": {
        "mean": 0.0948422849178,
        "var": 0.000688154541422
    },
    "spectral_kurtosis": {
        "mean": 4.78814458847,
        "var": 2.04315495491
    },
    "spectral_rms": {
        "mean": 0.00658183777705,
        "var": 4.72089908499e-007
    },
    "spectral_rolloff": {
        "mean": 1371.48486328,
        "var": 401897.09375
    },
    "spectral_skewness": {
        "mean": 1.50813984871,
        "var": 0.0413074046373
    },
    "spectral_spread": {
        "mean": 3404769,
        "var": 1.15242119987e+012
    },
    "spectral_strongpeak": {
        "mean": 1.77994418144,
        "var": 3.16538095474
    },
    "zerocrossingrate": {
        "mean": 0.0502625443041,
        "var": 0.000241427653236
    },
    "barkbands": {
        "mean": [3.30911461788e-005, 0.00248285802081, 0.00756277283654, 0.00234890240245, 0.00569586502388, 0.00251998892054, 0.00143221439794, 0.000832277233712, 0.00642969738692, 0.00243866629899, 0.00258886325173, 0.00363283511251, 0.000925035972614, 0.0011574170785, 0.00109052448533, 0.000764955882914, 0.00113763089757, 0.000561623775866, 0.000597056467086, 0.000302776810713, 0.000142739154398, 0.000116786955914, 3.85330931749e-005, 3.01020882034e-005, 1.76344583451e-005, 6.3445950218e-006, 2.62387260364e-007],
        "var": [2.78833200973e-009, 8.19523938844e-006, 3.90233253711e-005, 4.59341754322e-006, 1.83157608262e-005, 6.16297347733e-006, 2.59389844359e-006, 1.01376519979e-006, 9.04815533431e-005, 3.01579275401e-005, 5.28562804902e-006, 5.86667465541e-006, 4.25041775998e-007, 3.4399888591e-006, 3.40161273016e-006, 1.25336896417e-006, 2.12971235669e-006, 2.33916836123e-007, 1.51817687311e-007, 8.97757317375e-008, 5.12118125684e-009, 1.8664367829e-009, 2.61140997715e-010, 4.32594404742e-010, 1.92975357916e-010, 1.47841322518e-010, 5.27114051192e-013]
    },
    "erbbands": {
        "mean": [0.0173224639148, 0.852467417717, 7.48690319061, 8.63219642639, 13.9784345627, 19.8017520905, 19.2047691345, 21.5577983856, 18.7455997467, 24.2615413666, 38.0475463867, 150.01411438, 108.395423889, 66.3591003418, 139.937774658, 130.077636719, 50.4408988953, 39.318271637, 91.2682647705, 27.5366401672, 65.863494873, 53.5678710938, 31.9638748169, 30.0815238953, 27.3724899292, 16.3873252869, 7.16192388535, 4.87326812744, 4.56851577759, 1.88749921322, 1.02985596657, 0.648749113083, 0.526435673237, 0.236945748329, 0.0937494859099, 0.040564019233, 0.00929425377399, 0.0013145012781, 5.74428631808e-005, 5.42779125681e-005],
        "var": [0.000285505695501, 0.714565992355, 32.0293960571, 44.1901512146, 134.02545166, 475.627990723, 377.907897949, 669.446044922, 387.267913818, 968.953857422, 2229.48291016, 61110.0585938, 46254.2304688, 6769.05712891, 10925.5166016, 7211.44238281, 980.764465332, 969.483520508, 16484.4921875, 856.346618652, 7074.63476563, 2487.51538086, 848.236694336, 405.924621582, 512.868652344, 226.995178223, 16.7578926086, 3.71460056305, 2.97854280472, 0.521470248699, 0.242710247636, 0.206107184291, 0.110767237842, 0.0257877893746, 0.00981391593814, 0.00376695417799, 0.000490528938826, 1.01397035905e-005, 7.19601711552e-009, 9.8259470005e-011]
    },
    "gfcc": {
        "mean": [45.0608711243, 113.923736572, -146.26739502, 30.7095489502, -55.0614776611, 13.2344312668, -32.7979354858, 2.48132371902, -34.82006073, -10.2940855026, -16.0520572662, -3.40465354919, -12.4604225159],
        "cov": [[1195.25598145, 2.87531399727, -97.4006652832, 19.9810600281, -9.07591438293, -1.8958376646, -73.388053894, 0.276192754507, -44.0070800781, 37.7688598633, -7.00257587433, 22.3521022797, -17.4044704437], [2.87531399727, 212.571884155, 10.7932434082, 37.9992866516, -12.1121416092, -11.0490159988, 56.0429000854, -20.536157608, 50.8283157349, -48.7187347412, 11.9184780121, -28.9597034454, 15.4554615021], [-97.4006652832, 10.7932434082, 138.489395142, -9.08912467957, -10.8782224655, 6.15820217133, 36.5333976746, 44.4152641296, -1.21199536324, 18.4839000702, -1.46086061001, 9.7138299942, -16.2418022156], [19.9810600281, 37.9992866516, -9.08912467957, 112.882583618, 70.0818786621, 22.1307830811, -16.4967021942, -49.351776123, -5.05269813538, 2.32864642143, 43.4382820129, 8.28503417969, 5.0110912323], [-9.07591438293, -12.1121416092, -10.8782224655, 70.0818786621, 130.291046143, 37.2840080261, -22.072385788, -40.0383033752, 1.88290977478, 17.499628067, 8.03439712524, 20.9334526062, -0.338468879461], [-1.8958376646, -11.0490159988, 6.15820217133, 22.1307830811, 37.2840080261, 62.0325126648, 31.3432865143, 17.826675415, 2.02384400368, -1.78695011139, -1.40221881866, 0.951612591743, 9.71702098846], [-73.388053894, 56.0429000854, 36.5333976746, -16.4967021942, -22.072385788, 31.3432865143, 118.035423279, 67.40965271, 26.6336135864, -37.1687545776, -18.3348808289, -13.7793283463, 7.63020992279], [0.276192754507, -20.536157608, 44.4152641296, -49.351776123, -40.0383033752, 17.826675415, 67.40965271, 116.07989502, 31.9573631287, 1.21071493626, -34.882434845, -13.1174926758, 1.08614981174], [-44.0070800781, 50.8283157349, -1.21199536324, -5.05269813538, 1.88290977478, 2.02384400368, 26.6336135864, 31.9573631287, 74.2232818604, 11.135925293, -8.9444475174, -23.0288028717, -0.19662617147], [37.7688598633, -48.7187347412, 18.4839000702, 2.32864642143, 17.499628067, -1.78695011139, -37.1687545776, 1.21071493626, 11.135925293, 76.2983474731, 26.0358390808, 9.1601190567, -22.660736084], [-7.00257587433, 11.9184780121, -1.46086061001, 43.4382820129, 8.03439712524, -1.40221881866, -18.3348808289, -34.882434845, -8.9444475174, 26.0358390808, 67.6910324097, 28.3848953247, -0.941254734993], [22.3521022797, -28.9597034454, 9.7138299942, 8.28503417969, 20.9334526062, 0.951612591743, -13.7793283463, -13.1174926758, -23.0288028717, 9.1601190567, 28.3848953247, 66.5694580078, 18.2516536713], [-17.4044704437, 15.4554615021, -16.2418022156, 5.0110912323, -0.338468879461, 9.71702098846, 7.63020992279, 1.08614981174, -0.19662617147, -22.660736084, -0.941254734993, 18.2516536713, 52.2459602356]],
        "icov": [[0.00168693938758, -0.00340957962908, 0.00323599856347, -0.00226422771811, 0.00214418047108, -0.00191870867275, 0.001750946627, -0.00279407738708, 0.00383937777951, -0.00437392387539, 0.00491493847221, -0.0039396006614, 0.00254900474101], [-0.00340957962908, 0.0216753408313, -0.0113642700016, 0.00143286481034, -0.00312963617034, 0.0091831414029, -0.010028520599, 0.0145108159631, -0.0202473346144, 0.0179780665785, -0.0152447642758, 0.0131624704227, -0.00893475860357], [0.00323599856347, -0.0113642700016, 0.0183416623622, -0.00687066279352, 0.00571449520066, -0.00384976295754, 0.000462739961222, -0.0103491684422, 0.0140308421105, -0.0169883705676, 0.0153331160545, -0.0134501205757, 0.00936060026288], [-0.00226422771811, 0.00143286481034, -0.00687066279352, 0.0326555632055, -0.0208467859775, 0.000592156487983, 0.00346360285766, 0.000188441059436, -0.00154254049994, 0.0160201471299, -0.0323855914176, 0.0187176913023, -0.00738075794652], [0.00214418047108, -0.00312963617034, 0.00571449520066, -0.0208467859775, 0.0297508668154, -0.0148799102753, 0.000488033139845, 0.00781444460154, -0.00282061286271, -0.0148810213432, 0.0292832329869, -0.021943314001, 0.00987079367042], [-0.00191870867275, 0.0091831414029, -0.00384976295754, 0.000592156487983, -0.0148799102753, 0.0359616838396, -0.0144989918917, -0.000581444299314, -0.000126375540276, 0.00328263058327, -0.0113571863621, 0.0140781747177, -0.012963895686], [0.001750946627, -0.010028520599, 0.000462739961222, 0.00346360285766, 0.000488033139845, -0.0144989918917, 0.0303676035255, -0.0181163363159, 0.00206061033532, 0.0110893351957, -0.0039087170735, -0.00406596250832, 0.00817051064223], [-0.00279407738708, 0.0145108159631, -0.0103491684422, 0.000188441059436, 0.00781444460154, -0.000581444299314, -0.0181163363159, 0.0359467975795, -0.0196377765387, 0.000568926974665, 0.00564035307616, 0.00223950645886, -0.00690936204046], [0.00383937777951, -0.0202473346144, 0.0140308421105, -0.00154254049994, -0.00282061286271, -0.000126375540276, 0.00206061033532, -0.0196377765387, 0.0422478541732, -0.0258479062468, 0.0124781280756, -0.00215377565473, 0.00181602069642], [-0.00437392387539, 0.0179780665785, -0.0169883705676, 0.0160201471299, -0.0148810213432, 0.00328263058327, 0.0110893351957, 0.000568926974665, -0.0258479062468, 0.0552979037166, -0.0411439612508, 0.017506275326, 0.0010988805443], [0.00491493847221, -0.0152447642758, 0.0153331160545, -0.0323855914176, 0.0292832329869, -0.0113571863621, -0.0039087170735, 0.00564035307616, 0.0124781280756, -0.0411439612508, 0.0714932829142, -0.039604999125, 0.0141006140038], [-0.0039396006614, 0.0131624704227, -0.0134501205757, 0.0187176913023, -0.021943314001, 0.0140781747177, -0.00406596250832, 0.00223950645886, -0.00215377565473, 0.017506275326, -0.039604999125, 0.0481352768838, -0.0233401302248], [0.00254900474101, -0.00893475860357, 0.00936060026288, -0.00738075794652, 0.00987079367042, -0.012963895686, 0.00817051064223, -0.00690936204046, 0.00181602069642, 0.0010988805443, 0.0141006140038, -0.0233401302248, 0.0365669168532]]
    },
    "melbands": {
        "mean": [0.000388078595279, 0.00300800683908, 0.00170406117104, 0.00123422534671, 0.000730975181796, 0.00047291291412, 0.000294045108603, 0.000245329429163, 0.000466833211249, 0.000921598053537, 0.000514674175065, 0.000239708926529, 0.000423297926318, 0.000455247354694, 0.000198310910491, 7.69323087297e-005, 7.12797700544e-005, 0.000162234515301, 5.43209862371e-005, 3.01288837363e-005, 9.14338597795e-005, 6.32872324786e-005, 3.48314315488e-005, 2.35473435168e-005, 2.4009257686e-005, 2.3918093575e-005, 1.4084122995e-005, 9.57212159847e-006, 4.38040569861e-006, 3.02008743347e-006, 2.87163584289e-006, 2.9446496228e-006, 1.64166419836e-006, 8.1462229673e-007, 5.58079875645e-007, 5.16280863394e-007, 3.59688726803e-007, 3.82291659662e-007, 3.15126300166e-007, 1.57000073386e-007],
        "var": [1.9273795715e-007, 4.86181534143e-006, 1.33066816943e-006, 1.0264939192e-006, 4.23589597176e-007, 2.79546583215e-007, 9.08938915245e-008, 9.25868377522e-008, 5.89008095631e-007, 1.92548054656e-006, 1.15692864711e-006, 1.30961637979e-007, 1.08293299661e-007, 9.4971063902e-008, 2.21854161708e-008, 2.45134712529e-009, 5.16283016339e-009, 5.40120872472e-008, 6.87194923188e-009, 1.33707511729e-009, 1.51261669856e-008, 5.30485078087e-009, 1.75444869743e-009, 2.70243272205e-010, 3.25350579811e-010, 3.76538827895e-010, 2.7892871346e-010, 8.02647115439e-011, 8.09333502994e-012, 2.25148762481e-012, 1.49224155168e-012, 1.45615973706e-012, 5.09327443502e-013, 1.33271445637e-013, 7.44149547213e-014, 9.9681900104e-014, 8.12250047495e-014, 6.48586612477e-014, 4.00323254635e-014, 1.39687879455e-014]
    },
    "mfcc": {
        "mean": [-586.258117676, 136.184585571, -24.7048854828, 20.5932407379, -2.43168830872, 6.55831193924, 8.8064365387, 7.73104000092, -6.36706590652, -10.1967000961, -4.98137712479, -3.23110532761, -1.60575771332],
        "cov": [[606.278808594, 10.8415355682, -73.4753799438, 14.9468927383, 35.5804748535, 2.06960606575, -13.3093252182, -39.8128814697, -28.8596324921, -8.84276771545, -25.5281791687, 2.20196580887, 26.3841495514], [10.8415355682, 152.685028076, 35.7793617249, 18.1127700806, -30.4202289581, -3.62765073776, -15.1432762146, 33.4933624268, 28.8029308319, 15.2140893936, 24.3063602448, -12.6108093262, -22.64793396], [-73.4753799438, 35.7793617249, 115.678634644, 2.41596460342, -38.3158378601, -26.5431919098, 21.261724472, 19.5139808655, 10.1299858093, 12.9579591751, 29.5908279419, 21.479593277, -18.0007610321], [14.9468927383, 18.1127700806, 2.41596460342, 72.6034851074, 42.1120147705, 36.0107269287, 7.84335613251, -8.42809772491, -25.6430664063, -16.060464859, -2.07627391815, 11.9246616364, 25.3365650177], [35.5804748535, -30.4202289581, -38.3158378601, 42.1120147705, 102.547927856, 59.8909568787, -2.77624416351, -29.8372383118, -19.3669700623, -14.2773103714, -12.9508419037, 6.98301839828, 37.4159660339], [2.06960606575, -3.62765073776, -26.5431919098, 36.0107269287, 59.8909568787, 84.1177062988, 20.6635093689, -5.48785448074, -20.3944778442, -18.1953754425, -8.47877025604, -1.83054900169, 21.6335906982], [-13.3093252182, -15.1432762146, 21.261724472, 7.84335613251, -2.77624416351, 20.6635093689, 67.3206710815, 37.3369789124, 5.53314638138, -2.75359654427, -1.57884824276, -1.18968689442, -0.840025901794], [-39.8128814697, 33.4933624268, 19.5139808655, -8.42809772491, -29.8372383118, -5.48785448074, 37.3369789124, 94.3405532837, 61.4156646729, 15.9605073929, 1.03294467926, -9.84020709991, -18.5970230103], [-28.8596324921, 28.8029308319, 10.1299858093, -25.6430664063, -19.3669700623, -20.3944778442, 5.53314638138, 61.4156646729, 100.180519104, 56.9921607971, 7.32520532608, -7.3209862709, -17.5294399261], [-8.84276771545, 15.2140893936, 12.9579591751, -16.060464859, -14.2773103714, -18.1953754425, -2.75359654427, 15.9605073929, 56.9921607971, 81.2151641846, 33.9904060364, 5.63043928146, -11.7708759308], [-25.5281791687, 24.3063602448, 29.5908279419, -2.07627391815, -12.9508419037, -8.47877025604, -1.57884824276, 1.03294467926, 7.32520532608, 33.9904060364, 66.1836547852, 27.397567749, -4.71411514282], [2.20196580887, -12.6108093262, 21.479593277, 11.9246616364, 6.98301839828, -1.83054900169, -1.18968689442, -9.84020709991, -7.3209862709, 5.63043928146, 27.397567749, 55.1559753418, 25.7214775085], [26.3841495514, -22.64793396, -18.0007610321, 25.3365650177, 37.4159660339, 21.6335906982, -0.840025901794, -18.5970230103, -17.5294399261, -11.7708759308, -4.71411514282, 25.7214775085, 59.7743415833]],
        "icov": [[0.00209723878652, -0.00172246794682, 0.00200719153509, 0.000449017243227, -0.00119377265219, 0.0018250150606, -0.0019038526807, 0.000939419143833, 0.00102295249235, -0.000973179587163, 0.00155923620332, -0.00160969374701, 0.000112031164463], [-0.00172246794682, 0.0148703437299, -0.00550780491903, -0.00838663149625, 0.00737674813718, -0.00671950215474, 0.0110836038366, -0.00447872746736, -0.00494111888111, 0.00339732202701, -0.00784662738442, 0.0087414951995, -0.00029292126419], [0.00200719153509, -0.00550780491903, 0.0173254366964, -0.00218190834858, 0.000469548220281, 0.00694568222389, -0.0104938121513, 0.00411794055253, -0.000575851649046, 0.000470771745313, -0.000189847196452, -0.00953364279121, 0.00550677534193], [0.000449017243227, -0.00838663149625, -0.00218190834858, 0.0288007985801, -0.011788344942, -0.00101930252276, -0.00314663001336, -0.00485200202093, 0.011937986128, -0.00489929644391, 0.0057668578811, -0.00535054411739, -0.00475324271247], [-0.00119377265219, 0.00737674813718, 0.000469548220281, -0.011788344942, 0.029671292752, -0.0171248391271, 0.00591894378886, 0.00760122016072, -0.0111245382577, 0.00409195898101, -0.00276454235427, 0.00333932670765, -0.00557846063748], [0.0018250150606, -0.00671950215474, 0.00694568222389, -0.00101930252276, -0.0171248391271, 0.0309724938124, -0.0139797562733, 0.000212346843909, 0.00510176923126, 7.21667092876e-005, 9.37966160564e-006, -0.000657322991174, 0.000345514039509], [-0.0019038526807, 0.0110836038366, -0.0104938121513, -0.00314663001336, 0.00591894378886, -0.0139797562733, 0.0353028513491, -0.0193739961833, 0.00665322830901, -0.00306160235777, -0.00190827599727, 0.00688461307436, -0.00272829760797], [0.000939419143833, -0.00447872746736, 0.00411794055253, -0.00485200202093, 0.00760122016072, 0.000212346843909, -0.0193739961833, 0.0376392193139, -0.0279378648847, 0.0139408549294, -0.0029141867999, -0.00117897137534, 0.00261800270528], [0.00102295249235, -0.00494111888111, -0.000575851649046, 0.011937986128, -0.0111245382577, 0.00510176923126, 0.00665322830901, -0.0279378648847, 0.0455860756338, -0.0290222447366, 0.0134979970753, -0.00425296742469, -0.000490693200845], [-0.000973179587163, 0.00339732202701, 0.000470771745313, -0.00489929644391, 0.00409195898101, 7.21667092876e-005, -0.00306160235777, 0.0139408549294, -0.0290222447366, 0.0365141443908, -0.0191570501775, 0.00528257060796, 0.00053736945847], [0.00155923620332, -0.00784662738442, -0.000189847196452, 0.0057668578811, -0.00276454235427, 9.37966160564e-006, -0.00190827599727, -0.0029141867999, 0.0134979970753, -0.0191570501775, 0.0353589206934, -0.0199414286762, 0.00618633721024], [-0.00160969374701, 0.0087414951995, -0.00953364279121, -0.00535054411739, 0.00333932670765, -0.000657322991174, 0.00688461307436, -0.00117897137534, -0.00425296742469, 0.00528257060796, -0.0199414286762, 0.0420141704381, -0.018561668694], [0.000112031164463, -0.00029292126419, 0.00550677534193, -0.00475324271247, -0.00557846063748, 0.000345514039509, -0.00272829760797, 0.00261800270528, -0.000490693200845, 0.00053736945847, 0.00618633721024, -0.018561668694, 0.0328222997487]]
    },
    "spectral_contrast_coeffs": {
        "mean": [-0.562207639217, -0.726585507393, -0.72376203537, -0.769913971424, -0.771255970001, -0.731001913548],
        "var": [0.00411252677441, 0.00394450873137, 0.00293892016634, 0.0018607864622, 0.000619539816398, 0.000349364039721]
    },
    "spectral_contrast_valleys": {
        "mean": [-7.12515068054, -6.27289009094, -6.25748109818, -6.92604589462, -6.8361082077, -10.1031894684],
        "var": [0.43865659833, 0.361204892397, 0.352913141251, 0.325093865395, 0.291931182146, 0.245917782187]
    }
},
"metadata": {
    "audio_properties": {
        "analysis_sample_rate": 44100,
        "bit_rate": 128074,
        "equal_loudness": 0,
        "length": 45.0612258911,
        "lossless": 0,
        "replay_gain": -5.44370651245,
        "sample_rate": 44100,
        "codec": "mp3",
        "downmix": "mix",
        "md5_encoded": "e8aeb0023e153f66f20fd4efb5d0cb06"
    },
    "tags": {
        "file_name": "1907.mp3"
    },
    "version": {
        "essentia": "2.1-beta2",
        "essentia_git_sha": "v2.1_beta2",
        "extractor": "music 1.0"
    }
},
"rhythm": {
    "beats_count": 118,
    "beats_loudness": {
        "mean": 0.0415591038764,
        "var": 6.74858310958e-005
    },
    "bpm": 155.325698853,
    "bpm_histogram_first_peak_bpm": {
        "mean": 157,
        "var": 0
    },
    "bpm_histogram_first_peak_spread": {
        "mean": 0.409090906382,
        "var": 0
    },
    "bpm_histogram_first_peak_weight": {
        "mean": 0.444444447756,
        "var": 0
    },
    "bpm_histogram_second_peak_bpm": {
        "mean": 152,
        "var": 0
    },
    "bpm_histogram_second_peak_spread": {
        "mean": 0,
        "var": 0
    },
    "bpm_histogram_second_peak_weight": {
        "mean": 0.170940175653,
        "var": 0
    },
    "danceability": 1.1699937582,
    "onset_rate": 1.68583405018,
    "beats_loudness_band_ratio": {
        "mean": [0.281750500202, 0.176283851266, 0.231044083834, 0.211972802877, 0.114325597882, 0.0298819206655],
        "var": [0.0190780442208, 0.0110126305372, 0.0338111743331, 0.00950085744262, 0.00789363123477, 0.000237464555539]
    },
    "beats_position": [0.371519267559, 0.754648506641, 1.13777780533, 1.53251695633, 1.92725622654, 2.32199549675, 2.70512461662, 3.08825397491, 3.47138309479, 3.85451245308, 4.22603178024, 4.62077093124, 5.01551008224, 5.38702917099, 5.78176879883, 6.15328788757, 6.52480697632, 6.88471651077, 7.24462556839, 7.63936471939, 8.03410434723, 8.4172334671, 8.8119726181, 9.18349170685, 9.56662082672, 9.94974994659, 10.3328800201, 10.7043991089, 11.0991382599, 11.4706573486, 11.8421764374, 12.2136955261, 12.5852155685, 12.9683446884, 13.3514738083, 13.7462129593, 14.1409521103, 14.512471199, 14.8956003189, 15.2671203613, 15.6502494812, 16.0333786011, 16.4165077209, 16.8112468719, 17.2059860229, 17.600725174, 17.9838542938, 18.3785934448, 18.7617225647, 19.1332416534, 19.5163707733, 19.8994998932, 20.2826309204, 20.6657600403, 21.037279129, 21.4204082489, 21.8035373688, 22.1750564575, 22.5465755463, 22.918094635, 23.2896137238, 23.6495227814, 24.0326519012, 24.4157810211, 24.7756919861, 25.158821106, 25.5419502258, 25.9134693146, 26.2849884033, 26.6681175232, 27.0512466431, 27.4227657318, 27.7942848206, 28.1658039093, 28.5489330292, 28.932062149, 29.3151912689, 29.6983222961, 30.081451416, 30.476190567, 30.8593196869, 31.2308387756, 31.5907478333, 31.9506568909, 32.322177887, 32.7053070068, 33.0884361267, 33.4831733704, 33.8779144287, 34.2610435486, 34.63256073, 35.0040817261, 35.3639907837, 35.7355079651, 36.118637085, 36.5017662048, 36.8732872009, 37.2331962585, 37.6047172546, 37.976234436, 38.3593635559, 38.730884552, 39.1024017334, 39.4739227295, 39.8454399109, 40.1937408447, 40.5652618408, 40.9483909607, 41.3315200806, 41.7146492004, 42.1093864441, 42.492515564, 42.8756446838, 43.2587738037, 43.6419029236, 44.0250320435, 44.4081611633, 44.7912902832]
},
"tonal": {
    "chords_changes_rate": 0.0699588507414,
    "chords_number_rate": 0.0102880662307,
    "chords_strength": {
        "mean": 0.471242874861,
        "var": 0.00530433747917
    },
    "hpcp_entropy": {
        "mean": 1.79045522213,
        "var": 0.463165730238
    },
    "key_strength": 0.6366340518,
    "tuning_diatonic_strength": 0.522771239281,
    "tuning_equal_tempered_deviation": 0.0395269356668,
    "tuning_frequency": 439.238189697,
    "tuning_nontempered_energy_ratio": 0.673053622246,
    "hpcp": {
        "mean": [0.286616355181, 0.150273948908, 0.0542333647609, 0.0511713959277, 0.0758631750941, 0.233042016625, 0.312665760517, 0.171197772026, 0.0815831124783, 0.0741495266557, 0.066976711154, 0.148890003562, 0.249766781926, 0.183082610369, 0.130605608225, 0.157016724348, 0.104279644787, 0.0643054321408, 0.0574534349144, 0.0597088299692, 0.164357081056, 0.250002145767, 0.153680965304, 0.0575134269893, 0.0484280735254, 0.0606321878731, 0.194181099534, 0.313475847244, 0.220008805394, 0.205410689116, 0.246776029468, 0.128919810057, 0.0602645464242, 0.0933327674866, 0.110490582883, 0.216105878353],
        "var": [0.128571212292, 0.0388730689883, 0.00952405761927, 0.00935234874487, 0.0184024684131, 0.0920724272728, 0.138229116797, 0.0407632812858, 0.0137101542205, 0.0124856252223, 0.00890329107642, 0.0305279325694, 0.0984934940934, 0.0520540997386, 0.0211676433682, 0.0401693359017, 0.0165729019791, 0.00593891739845, 0.00543822115287, 0.00836269371212, 0.0534683279693, 0.119029730558, 0.0514193214476, 0.0109731573611, 0.00889015011489, 0.013750561513, 0.0562141425908, 0.12356993556, 0.0604660920799, 0.0783750787377, 0.139287695289, 0.0432893186808, 0.0123262163252, 0.0306058302522, 0.0290520638227, 0.0784989446402]
    },
    "chords_histogram": [9.05349826813, 23.148147583, 12.0370368958, 0, 0.925925910473, 0, 8.33333301544, 0.617283940315, 2.88065838814, 0.617283940315, 0, 0, 0, 0.720164597034, 0, 0.411522626877, 0, 1.13168728352, 0, 2.98353910446, 7.30452680588, 0.205761313438, 11.0082302094, 18.6213989258],
    "thpcp": [1, 0.701836526394, 0.655268013477, 0.787225008011, 0.411259144545, 0.192246213555, 0.297735124826, 0.352469205856, 0.689386069775, 0.914317190647, 0.479379683733, 0.173006519675, 0.163238719106, 0.242006450891, 0.743412971497, 0.997415781021, 0.54612749815, 0.260253250599, 0.236539840698, 0.213658288121, 0.474964827299, 0.796765625477, 0.58404058218, 0.416636914015, 0.500889360905, 0.332656085491, 0.205136805773, 0.183278664947, 0.190473467112, 0.524305403233, 0.797516465187, 0.490248173475, 0.18347004056, 0.154487416148, 0.193419009447, 0.61944514513],
    "chords_key": "F#",
    "chords_scale": "minor",
    "key_key": "D",
    "key_scale": "major"
}
}