{
"lowlevel": {
    "average_loudness": 0.881541311741,
    "barkbands_crest": {
        "mean": 10.2826471329,
        "var": 18.543176651
    },
    "barkbands_flatness_db": {
        "mean": 0.207537919283,
        "var": 0.00536916637793
    },
    "barkbands_kurtosis": {
        "mean": 7.77441215515,
        "var": 283.890838623
    },
    "barkbands_skewness": {
        "mean": 1.84616160393,
        "var": 1.72717523575
    },
    "barkbands_spread": {
        "mean": 15.2576446533,
        "var": 78.2185134888
    },
    "dissonance": {
        "mean": 0.451010853052,
        "var": 0.00134112976957
    },
    "dynamic_complexity": 2.65757226944,
    "erbbands_crest": {
        "mean": 9.55177879333,
        "var": 23.3876190186
    },
    "erbbands_flatness_db": {
        "mean": 0.222389385104,
        "var": 0.00209667091258
    },
    "erbbands_kurtosis": {
        "mean": 1.35103142262,
        "var": 59.0016441345
    },
    "erbbands_skewness": {
        "mean": 0.650140106678,
        "var": 1.09008300304
    },
    "erbbands_spread": {
        "mean": 36.0974159241,
        "var": 222.889785767
    },
    "hfc": {
        "mean": 14.7318525314,
        "var": 139.788513184
    },
    "melbands_crest": {
        "mean": 13.9625349045,
        "var": 23.5281429291
    },
    "melbands_flatness_db": {
        "mean": 0.268021017313,
        "var": 0.00892564002424
    },
    "melbands_kurtosis": {
        "mean": 16.4295787811,
        "var": 832.916625977
    },
    "melbands_skewness": {
        "mean": 2.73510742188,
        "var": 2.46866846085
    },
    "melbands_spread": {
        "mean": 16.5787448883,
        "var": 127.70274353
    },
    "pitch_salience": {
        "mean": 0.580152571201,
        "var": 0.0159103963524
    },
    "silence_rate_20dB": {
        "mean": 1,
        "var": 0
    },
    "silence_rate_30dB": {
        "mean": 1,
        "var": 0
    },
    "silence_rate_60dB": {
        "mean": 0.0432543754578,
        "var": 0.0413826704025
    },
    "spectral_centroid": {
        "mean": 1055.34362793,
        "var": 321142.40625
    },
    "spectral_complexity": {
        "mean": 19.351184845,
        "var": 103.624183655
    },
    "spectral_decrease": {
        "mean": -5.95857230223e-009,
        "var": 1.35515221316e-017
    },
    "spectral_energy": {
        "mean": 0.0238252431154,
        "var": 0.00021768984152
    },
    "spectral_energyband_high": {
        "mean": 0.000285071320832,
        "var": 1.59740608296e-007
    },
    "spectral_energyband_low": {
        "mean": 0.00556723587215,
        "var": 1.89570964721e-005
    },
    "spectral_energyband_middle_high": {
        "mean": 0.00398718286306,
        "var": 1.65782639669e-005
    },
    "spectral_energyband_middle_low": {
        "mean": 0.0159051660448,
        "var": 0.000148694743984
    },
    "spectral_entropy": {
        "mean": 7.05754089355,
        "var": 0.354974627495
    },
    "spectral_flux": {
        "mean": 0.0626065060496,
        "var": 0.000988714396954
    },
    "spectral_kurtosis": {
        "mean": 7.81127214432,
        "var": 456.05569458
    },
    "spectral_rms": {
        "mean": 0.00456908671185,
        "var": 2.36759888139e-006
    },
    "spectral_rolloff": {
        "mean": 1009.41009521,
        "var": 740883
    },
    "spectral_skewness": {
        "mean": 1.49295675755,
        "var": 1.8832859993
    },
    "spectral_spread": {
        "mean": 2945659.75,
        "var": 1.73295691366e+012
    },
    "spectral_strongpeak": {
        "mean": 0.890303432941,
        "var": 0.803197801113
    },
    "zerocrossingrate": {
        "mean": 0.0390079393983,
        "var": 0.000404001330025
    },
    "barkbands": {
        "mean": [3.26548024532e-006, 0.00114720885176, 0.00258203269914, 0.00262724701315, 0.00618318468332, 0.0020651021041, 0.00100294686854, 0.00135175243486, 0.00248759030364, 0.000796047446784, 0.000546672206838, 0.000205549236853, 0.000304973276798, 0.000301953172311, 0.000337884353939, 0.00030663824873, 0.000345780834323, 0.000448899314506, 0.000433183449786, 0.000132621047669, 0.000158653245308, 4.17853079853e-005, 8.46604234539e-006, 3.93970776713e-006, 1.53663427227e-006, 3.31238794615e-007, 1.41867575465e-008],
        "var": [9.92141022116e-011, 1.49248717207e-006, 6.68140364724e-006, 9.61070418271e-006, 5.64260481042e-005, 4.80999915453e-006, 3.56714645022e-006, 6.70332246955e-006, 3.26067056449e-005, 3.47961713487e-006, 7.92656294379e-007, 1.70798600152e-007, 3.69238961184e-007, 4.97387134146e-007, 6.26276005278e-007, 1.83801205367e-007, 1.69088821167e-007, 3.12845259032e-007, 4.99650809616e-007, 3.90807173289e-008, 5.70360789709e-008, 4.05576816576e-009, 2.30928623446e-010, 8.51697740112e-011, 1.66309483546e-011, 8.57768500326e-013, 1.0759879646e-015]
    },
    "erbbands": {
        "mean": [0.0101309958845, 0.362171500921, 2.48813533783, 7.3973941803, 8.55321788788, 29.0779495239, 25.3984718323, 12.3247480392, 16.1579017639, 15.2936286926, 38.9199562073, 54.2812957764, 32.1725387573, 27.5068244934, 12.550737381, 8.47086715698, 12.9684143066, 13.9849071503, 19.2057952881, 16.2287483215, 17.1167201996, 20.007068634, 23.7809810638, 24.4767990112, 16.7413330078, 6.47459745407, 7.33174657822, 4.66315603256, 1.78670227528, 0.634102344513, 0.222244367003, 0.0900876298547, 0.0670473575592, 0.0271119661629, 0.00588144687936, 0.00198789406568, 0.000523643568158, 7.36245783628e-005, 1.43142160596e-005, 2.77542367257e-005],
        "var": [8.81319647306e-005, 0.133935213089, 5.19875860214, 60.366104126, 68.1247329712, 1954.40795898, 587.605651855, 152.954910278, 954.591003418, 600.434387207, 5139.25048828, 17890.4140625, 2916.30541992, 2500.2434082, 596.966186523, 234.537994385, 569.538024902, 786.411437988, 2287.40478516, 615.825378418, 471.870635986, 524.456420898, 806.381347656, 1210.13769531, 763.351013184, 89.5277557373, 137.068603516, 49.6946754456, 7.56181097031, 0.907436668873, 0.183891236782, 0.0479659251869, 0.0222247391939, 0.00471884105355, 0.000325374916429, 4.62164389319e-005, 1.29416378059e-006, 2.20123617112e-008, 8.94593288336e-011, 2.97937646776e-010]
    },
    "gfcc": {
        "mean": [-59.5478363037, 159.930664063, -142.220062256, 43.5044059753, -53.3521347046, -24.4141254425, -18.2363071442, -7.08324813843, -19.9059123993, -15.3749933243, -21.4655227661, -10.012055397, -3.93387460709],
        "cov": [[8099.83056641, -1161.78918457, -2639.63867188, 300.539825439, -386.151763916, 482.530181885, -274.732574463, 34.0848808289, 107.399559021, 114.588920593, 98.6927261353, -69.0581130981, -160.355209351], [-1161.78918457, 1218.26367188, -76.8046188354, -154.991409302, 412.515167236, -509.156646729, 386.943206787, -243.646133423, 68.4146194458, -91.6866378784, 70.0859832764, 65.1847610474, 46.9164657593], [-2639.63867188, -76.8046188354, 1734.18408203, -70.2873916626, -133.097686768, 159.235214233, -199.603561401, 165.127563477, -141.877960205, -12.4510526657, -88.5849990845, -47.8693199158, 51.7454414368], [300.539825439, -154.991409302, -70.2873916626, 245.081298828, -30.7762832642, -34.0094680786, -24.3812351227, -15.0568408966, 14.5309314728, -17.0929145813, -10.3933391571, 14.5739717484, 23.534330368], [-386.151763916, 412.515167236, -133.097686768, -30.7762832642, 261.587280273, -146.793701172, 155.711608887, -95.0514526367, 30.0966854095, -11.8377819061, 14.0180587769, 21.1907272339, 3.71719789505], [482.530181885, -509.156646729, 159.235214233, -34.0094680786, -146.793701172, 452.209503174, -134.606658936, 123.999008179, -27.7503089905, 76.4129180908, -18.1939220428, -67.5001678467, -54.2729263306], [-274.732574463, 386.943206787, -199.603561401, -24.3812351227, 155.711608887, -134.606658936, 312.561462402, -78.4696578979, 35.1252212524, -0.392943710089, 24.8242111206, 36.6613616943, -27.5813903809], [34.0848808289, -243.646133423, 165.127563477, -15.0568408966, -95.0514526367, 123.999008179, -78.4696578979, 185.789855957, 0.178283184767, 19.623916626, -12.6798353195, -22.4233608246, -21.6926212311], [107.399559021, 68.4146194458, -141.877960205, 14.5309314728, 30.0966854095, -27.7503089905, 35.1252212524, 0.178283184767, 102.260009766, 7.09207820892, 6.23400831223, 2.89492964745, -8.07655906677], [114.588920593, -91.6866378784, -12.4510526657, -17.0929145813, -11.8377819061, 76.4129180908, -0.392943710089, 19.623916626, 7.09207820892, 88.0663223267, 9.2792634964, -11.2971735001, -31.1373786926], [98.6927261353, 70.0859832764, -88.5849990845, -10.3933391571, 14.0180587769, -18.1939220428, 24.8242111206, -12.6798353195, 6.23400831223, 9.2792634964, 80.3404083252, 22.9439964294, -13.4767246246], [-69.0581130981, 65.1847610474, -47.8693199158, 14.5739717484, 21.1907272339, -67.5001678467, 36.6613616943, -22.4233608246, 2.89492964745, -11.2971735001, 22.9439964294, 88.6666717529, 17.2991867065], [-160.355209351, 46.9164657593, 51.7454414368, 23.534330368, 3.71719789505, -54.2729263306, -27.5813903809, -21.6926212311, -8.07655906677, -31.1373786926, -13.4767246246, 17.2991867065, 86.2902603149]],
        "icov": [[0.000721765158232, -0.00151341408491, 0.00163396645803, -0.00142322585452, 0.00177166471258, -0.00158704724163, 0.00153575174045, -0.000864077708684, 0.00130798376631, -0.000683502934407, 0.000958473538049, -0.000236872278037, 0.000844570691697], [-0.00151341408491, 0.0123329330236, -0.0052822176367, 0.00835959520191, -0.00990562792867, 0.00890868343413, -0.00835907831788, 0.00605429010466, -0.00732320779935, 0.00559011520818, -0.00820659473538, 0.00360324699432, -0.00442256545648], [0.00163396645803, -0.0052822176367, 0.00486001977697, -0.00410753209144, 0.0052026938647, -0.00474571296945, 0.00469764973968, -0.00344818131998, 0.00482645444572, -0.00238056434318, 0.00399490166456, -0.00109594711103, 0.00197635754012], [-0.00142322585452, 0.00835959520191, -0.00410753209144, 0.010519281961, -0.00622605951503, 0.00667885737494, -0.00573736475781, 0.0046449820511, -0.00603861873969, 0.00412729848176, -0.0047441823408, 0.00163763924502, -0.00393815524876], [0.00177166471258, -0.00990562792867, 0.0052026938647, -0.00622605951503, 0.0151628805324, -0.00662840902805, 0.00491619901732, -0.00309528969228, 0.00518688093871, -0.00475426949561, 0.00657983869314, -0.00214278581552, 0.00345446891151], [-0.00158704724163, 0.00890868343413, -0.00474571296945, 0.00667885737494, -0.00662840902805, 0.010831781663, -0.00576682109386, 0.00334165408276, -0.00501798838377, 0.00160881783813, -0.00553490640596, 0.00384421437047, -0.00219784607179], [0.00153575174045, -0.00835907831788, 0.00469764973968, -0.00573736475781, 0.00491619901732, -0.00576682109386, 0.0115483691916, -0.0036113851238, 0.00483237719163, -0.00407254509628, 0.00564240152016, -0.00368013768457, 0.00569282425568], [-0.000864077708684, 0.00605429010466, -0.00344818131998, 0.0046449820511, -0.00309528969228, 0.00334165408276, -0.0036113851238, 0.011146097444, -0.00560922920704, 0.00284619233571, -0.0036528869532, 0.00144949206151, -0.000572836725041], [0.00130798376631, -0.00732320779935, 0.00482645444572, -0.00603861873969, 0.00518688093871, -0.00501798838377, 0.00483237719163, -0.00560922920704, 0.0165989845991, -0.00451527070254, 0.00504673691466, -0.00146983854938, 0.00292711541988], [-0.000683502934407, 0.00559011520818, -0.00238056434318, 0.00412729848176, -0.00475426949561, 0.00160881783813, -0.00407254509628, 0.00284619233571, -0.00451527070254, 0.0174327865243, -0.00511054694653, 0.00158169737551, 0.0013754630927], [0.000958473538049, -0.00820659473538, 0.00399490166456, -0.0047441823408, 0.00657983869314, -0.00553490640596, 0.00564240152016, -0.0036528869532, 0.00504673691466, -0.00511054694653, 0.020452497527, -0.00648556603119, 0.00538465473801], [-0.000236872278037, 0.00360324699432, -0.00109594711103, 0.00163763924502, -0.00214278581552, 0.00384421437047, -0.00368013768457, 0.00144949206151, -0.00146983854938, 0.00158169737551, -0.00648556603119, 0.0156597923487, -0.00420964183286], [0.000844570691697, -0.00442256545648, 0.00197635754012, -0.00393815524876, 0.00345446891151, -0.00219784607179, 0.00569282425568, -0.000572836725041, 0.00292711541988, 0.0013754630927, 0.00538465473801, -0.00420964183286, 0.0180514249951]]
    },
    "melbands": {
        "mean": [0.000199166650418, 0.00103779055644, 0.00118655932602, 0.00135653151665, 0.00098170817364, 0.00031434421544, 0.000224061368499, 0.000198004650883, 0.000359150522854, 0.000331266142894, 0.000156488560606, 0.000114589864097, 5.29241842742e-005, 2.30155510508e-005, 2.67772502411e-005, 3.00822848658e-005, 2.51718884101e-005, 3.15807046718e-005, 2.48133856076e-005, 2.07303073694e-005, 1.91386370716e-005, 1.92865700228e-005, 2.12862523767e-005, 2.21767295443e-005, 1.94088624994e-005, 1.74519664142e-005, 5.64839092476e-006, 3.79082052859e-006, 4.6958934945e-006, 4.21139657192e-006, 2.0281261186e-006, 9.91148795038e-007, 6.9280383741e-007, 2.2562552715e-007, 1.3125328735e-007, 8.19358945137e-008, 4.31799414002e-008, 4.56479583022e-008, 4.33373230635e-008, 1.58464885658e-008],
        "var": [4.03354363243e-008, 8.65032689035e-007, 1.32759828375e-006, 3.85472094422e-006, 7.91997877059e-007, 1.0129505057e-007, 1.82983995956e-007, 1.17702967373e-007, 5.25239840954e-007, 6.18309286438e-007, 7.97288493004e-008, 5.29542596439e-008, 8.52589909783e-009, 2.31811503326e-009, 6.58774235163e-009, 2.93112178973e-009, 3.53799323172e-009, 6.83682133129e-009, 2.23105511843e-009, 1.07307362995e-009, 6.20304807519e-010, 5.1094667386e-010, 7.06602332201e-010, 8.37762414996e-010, 8.39496971938e-010, 9.56559498277e-010, 7.49704603953e-011, 3.59074124601e-011, 7.10833059081e-011, 4.57605793536e-011, 9.01542816095e-012, 2.3391466715e-012, 1.45318609576e-012, 1.23060117868e-013, 7.387596394e-014, 3.51788808858e-014, 1.85459540927e-014, 1.07104715789e-014, 1.12932531165e-014, 1.88400795073e-015]
    },
    "mfcc": {
        "mean": [-687.459472656, 170.451278687, -22.2257194519, 55.0943145752, -13.9052991867, -4.17631673813, -3.9227449894, 1.64811265469, 6.00236606598, -8.47074508667, -2.45235157013, -10.1170797348, -13.8117990494],
        "cov": [[8247.24316406, -704.822021484, -2793.85375977, 5.65514802933, -509.979736328, 206.72996521, -224.893417358, -28.2064723969, -146.413864136, 58.3351478577, 183.556716919, 16.8688907623, 145.065750122], [-704.822021484, 975.937561035, -233.521240234, 139.955368042, -32.0735969543, -60.0049934387, 118.415031433, -18.0977973938, 9.33187198639, -116.527687073, 90.1968154907, -40.6823654175, 43.1192474365], [-2793.85375977, -233.521240234, 1732.72668457, -201.783828735, 295.245178223, -72.2652282715, 19.178030014, 25.9317474365, 21.4051952362, 84.4333190918, -157.241592407, 30.8459796906, -138.401947021], [5.65514802933, 139.955368042, -201.783828735, 357.424499512, -63.1196098328, -42.5565261841, -12.3164663315, -17.6121063232, 13.9761009216, -90.4335632324, 3.80272436142, -54.8526268005, 45.7094726563], [-509.979736328, -32.0735969543, 295.245178223, -63.1196098328, 209.132522583, -20.7384281158, -17.082485199, -12.5546607971, 8.89478397369, 25.8757286072, -50.6700325012, -3.8151986599, -38.571762085], [206.72996521, -60.0049934387, -72.2652282715, -42.5565261841, -20.7384281158, 203.614318848, 32.1623573303, -7.093354702, -4.26343679428, 38.4621772766, 31.1561203003, -1.08616995811, -15.1118783951], [-224.893417358, 118.415031433, 19.178030014, -12.3164663315, -17.082485199, 32.1623573303, 149.497695923, 15.7556066513, 6.99422931671, -3.04651975632, 41.3296165466, 0.0806698873639, 4.57272481918], [-28.2064723969, -18.0977973938, 25.9317474365, -17.6121063232, -12.5546607971, -7.093354702, 15.7556066513, 97.7198791504, 18.9205646515, 11.8483543396, 5.66915559769, 29.1636371613, 25.1120910645], [-146.413864136, 9.33187198639, 21.4051952362, 13.9761009216, 8.89478397369, -4.26343679428, 6.99422931671, 18.9205646515, 106.077934265, 11.2778015137, -1.29541695118, -4.0040564537, -1.4394659996], [58.3351478577, -116.527687073, 84.4333190918, -90.4335632324, 25.8757286072, 38.4621772766, -3.04651975632, 11.8483543396, 11.2778015137, 130.10836792, 28.4158096313, 4.43908786774, -24.0023078918], [183.556716919, 90.1968154907, -157.241592407, 3.80272436142, -50.6700325012, 31.1561203003, 41.3296165466, 5.66915559769, -1.29541695118, 28.4158096313, 126.521156311, 15.6851053238, 12.3034906387], [16.8688907623, -40.6823654175, 30.8459796906, -54.8526268005, -3.8151986599, -1.08616995811, 0.0806698873639, 29.1636371613, -4.0040564537, 4.43908786774, 15.6851053238, 109.484809875, 24.3232898712], [145.065750122, 43.1192474365, -138.401947021, 45.7094726563, -38.571762085, -15.1118783951, 4.57272481918, 25.1120910645, -1.4394659996, -24.0023078918, 12.3034906387, 24.3232898712, 95.5250244141]],
        "icov": [[0.000450219755294, 0.000412720488384, 0.000811862235423, 0.000208087512874, 0.000174080647412, 3.553193892e-005, 0.000227450407692, -8.18904227344e-005, 0.000409941741964, -0.00025676106452, 9.10481248866e-005, -5.26227013324e-005, 0.000236576612224], [0.000412720488384, 0.00190559285693, 0.00082506868057, 9.84074213193e-005, -0.000295226956951, 0.000531282450538, -0.000785457377788, 0.000142676653923, 0.00017795842723, 0.00115191040095, -0.00125524587929, 0.000573156634346, -6.58344142721e-005], [0.000811862235423, 0.00082506868057, 0.00244978163391, 0.000387925800169, -0.000607111200225, 0.00045481842244, -0.000253583682934, -0.000504158670083, 0.000789341225754, -0.00094105117023, 0.00116773752961, -0.000633643532638, 0.00151627976447], [0.000208087512874, 9.84074213193e-005, 0.000387925800169, 0.00441317679361, 0.000719431845937, 0.000373111630324, 0.000871578697115, 0.000347216875525, -0.000743796059396, 0.00241158530116, -0.000816302141175, 0.00238980050199, -0.00160221988335], [0.000174080647412, -0.000295226956951, -0.000607111200225, 0.000719431845937, 0.00715771038085, 0.000322856823914, 0.000709388987161, 0.00105883285869, -0.000358305958798, -0.00130396941677, 0.00191380514298, -2.50847369898e-005, 0.000700835662428], [3.553193892e-005, 0.000531282450538, 0.00045481842244, 0.000373111630324, 0.000322856823914, 0.00597304431722, -0.00163050123956, 0.000682211189996, 0.000200992246391, -0.00124399596825, -0.000531145953573, 7.45365614421e-005, 0.000900536135305], [0.000227450407692, -0.000785457377788, -0.000253583682934, 0.000871578697115, 0.000709388987161, -0.00163050123956, 0.00913714058697, -0.00147854175884, -0.000267885596259, 0.00115393812303, -0.00268935156055, 0.000998295610771, -0.000417425471824], [-8.18904227344e-005, 0.000142676653923, -0.000504158670083, 0.000347216875525, 0.00105883285869, 0.000682211189996, -0.00147854175884, 0.0130554269999, -0.0023487850558, -0.00136107136495, 0.000449385028332, -0.00237001106143, -0.00349426968023], [0.000409941741964, 0.00017795842723, 0.000789341225754, -0.000743796059396, -0.000358305958798, 0.000200992246391, -0.000267885596259, -0.0023487850558, 0.0106029640883, -0.00173918204382, 0.000669896719046, 0.00018487557827, 0.00090350228129], [-0.00025676106452, 0.00115191040095, -0.00094105117023, 0.00241158530116, -0.00130396941677, -0.00124399596825, 0.00115393812303, -0.00136107136495, -0.00173918204382, 0.0132415639237, -0.00554065173492, 0.00236147432588, 0.000345086940797], [9.10481248866e-005, -0.00125524587929, 0.00116773752961, -0.000816302141175, 0.00191380514298, -0.000531145953573, -0.00268935156055, 0.000449385028332, 0.000669896719046, -0.00554065173492, 0.0134527441114, -0.00315237068571, 0.000898070982657], [-5.26227013324e-005, 0.000573156634346, -0.000633643532638, 0.00238980050199, -2.50847369898e-005, 7.45365614421e-005, 0.000998295610771, -0.00237001106143, 0.00018487557827, 0.00236147432588, -0.00315237068571, 0.0125823430717, -0.00386512745172], [0.000236576612224, -6.58344142721e-005, 0.00151627976447, -0.00160221988335, 0.000700835662428, 0.000900536135305, -0.000417425471824, -0.00349426968023, 0.00090350228129, 0.000345086940797, 0.000898070982657, -0.00386512745172, 0.0154352998361]]
    },
    "spectral_contrast_coeffs": {
        "mean": [-0.569639325142, -0.703042209148, -0.719591617584, -0.760141432285, -0.764476001263, -0.649302601814],
        "var": [0.00449306238443, 0.00457111047581, 0.0037429376971, 0.00435401732102, 0.00186124979518, 0.00584819307551]
    },
    "spectral_contrast_valleys": {
        "mean": [-7.35034894943, -6.78377771378, -7.67797088623, -8.34718132019, -7.87855100632, -12.3220310211],
        "var": [0.586025357246, 0.932098925114, 1.52523064613, 1.74674642086, 1.76486742496, 1.51541054249]
    }
},
"metadata": {
    "audio_properties": {
        "analysis_sample_rate": 44100,
        "bit_rate": 128074,
        "equal_loudness": 0,
        "length": 45.0612258911,
        "lossless": 0,
        "replay_gain": -6.15293502808,
        "sample_rate": 44100,
        "codec": "mp3",
        "downmix": "mix",
        "md5_encoded": "fc7a5c1cd44e3d5f64ef9fd52426f77d"
    },
    "tags": {
        "file_name": "1908.mp3"
    },
    "version": {
        "essentia": "2.1-beta2",
        "essentia_git_sha": "v2.1_beta2",
        "extractor": "music 1.0"
    }
},
"rhythm": {
    "beats_count": 105,
    "beats_loudness": {
        "mean": 0.0276335179806,
        "var": 0.000226297968766
    },
    "bpm": 146.889648438,
    "bpm_histogram_first_peak_bpm": {
        "mean": 148,
        "var": 0
    },
    "bpm_histogram_first_peak_spread": {
        "mean": 0.419354826212,
        "var": 0
    },
    "bpm_histogram_first_peak_weight": {
        "mean": 0.346153855324,
        "var": 0
    },
    "bpm_histogram_second_peak_bpm": {
        "mean": 136,
        "var": 0
    },
    "bpm_histogram_second_peak_spread": {
        "mean": 0.363636374474,
        "var": 0
    },
    "bpm_histogram_second_peak_weight": {
        "mean": 0.134615391493,
        "var": 0
    },
    "danceability": 1.01051270962,
    "onset_rate": 3.30512213707,
    "beats_loudness_band_ratio": {
        "mean": [0.28172403574, 0.329717904329, 0.199771270156, 0.0882058218122, 0.088243894279, 0.0456024929881],
        "var": [0.0356352999806, 0.04507451877, 0.0191493555903, 0.00661785528064, 0.00439126370475, 0.00285269599408]
    },
    "beats_position": [0.394739210606, 0.812698423862, 1.25387752056, 1.69505667686, 2.13623571396, 2.58902478218, 3.04181408882, 3.45977306366, 3.87773227692, 4.29569149017, 4.71365070343, 5.13160991669, 5.54956912994, 5.97913837433, 6.38548755646, 6.80344676971, 7.22140598297, 7.61614513397, 8.0224943161, 8.44045352936, 8.84680271149, 9.25315189362, 9.65950107574, 10.0658502579, 10.47219944, 10.866938591, 11.261677742, 11.6680269241, 12.0743761063, 12.4923353195, 12.8986845016, 13.3050336838, 13.7113828659, 14.117732048, 14.5240812302, 14.9304304123, 15.3367795944, 15.7431287766, 16.1378688812, 16.5558280945, 16.9853973389, 17.426574707, 17.8909740448, 18.3553733826, 18.8197727203, 19.2841720581, 19.7137413025, 20.154920578, 20.5960998535, 21.037279129, 21.4784584045, 21.9196376801, 22.3259868622, 22.7323360443, 23.1386852264, 23.5450344086, 23.9397735596, 24.3461227417, 24.7524719238, 25.2633094788, 25.7509288788, 26.2385482788, 26.7261676788, 27.2137870789, 27.7130146027, 28.2238540649, 28.6998634338, 29.1642627716, 29.6286621094, 30.1046714783, 30.5690689087, 31.0450782776, 31.474647522, 31.9274368286, 32.3686180115, 32.8097953796, 33.2509727478, 33.6921539307, 34.1333312988, 34.5164604187, 34.8995895386, 35.2711105347, 35.6658477783, 36.0722007751, 36.4785499573, 36.8965072632, 37.3028564453, 37.7092056274, 38.1155548096, 38.545124054, 38.9398651123, 39.3462142944, 39.7525634766, 40.1705207825, 40.5768699646, 40.9832191467, 41.3895683289, 41.8075294495, 42.2254867554, 42.6318359375, 43.0497932434, 43.467754364, 43.8857116699, 44.2920608521, 44.6984100342]
},
"tonal": {
    "chords_changes_rate": 0.0462962947786,
    "chords_number_rate": 0.00617283955216,
    "chords_strength": {
        "mean": 0.581842958927,
        "var": 0.00778303295374
    },
    "hpcp_entropy": {
        "mean": 1.96072494984,
        "var": 0.431435644627
    },
    "key_strength": 0.692083179951,
    "tuning_diatonic_strength": 0.623586654663,
    "tuning_equal_tempered_deviation": 0.0667330026627,
    "tuning_frequency": 440.763122559,
    "tuning_nontempered_energy_ratio": 0.695998966694,
    "hpcp": {
        "mean": [0.0497920028865, 0.0474594980478, 0.201945930719, 0.377979159355, 0.24275675416, 0.0554613396525, 0.0261563863605, 0.0231077317148, 0.0532373972237, 0.0748910233378, 0.085225880146, 0.277372181416, 0.389076411724, 0.194845601916, 0.057248365134, 0.0481156669557, 0.0940130054951, 0.278158575296, 0.353550255299, 0.204806745052, 0.0922421813011, 0.0583719946444, 0.051331654191, 0.0710249617696, 0.0837114304304, 0.0724772810936, 0.105222828686, 0.145974650979, 0.111734688282, 0.0730891376734, 0.0662747994065, 0.0733418762684, 0.204976081848, 0.312818855047, 0.20028270781, 0.0794824659824],
        "var": [0.0159157253802, 0.012020252645, 0.0529435947537, 0.160677880049, 0.0750298798084, 0.0149838076904, 0.00582956383005, 0.0021999978926, 0.00903963856399, 0.0199805404991, 0.0190832931548, 0.0958921536803, 0.173357576132, 0.0582347884774, 0.017483972013, 0.0117389047518, 0.0219396390021, 0.0948055833578, 0.125610038638, 0.0609121508896, 0.0350365713239, 0.0187090747058, 0.0156892761588, 0.016370838508, 0.0212173685431, 0.0185279268771, 0.0283870324492, 0.0686709433794, 0.0458456985652, 0.0184881221503, 0.0172088053077, 0.0186208803207, 0.0554707422853, 0.113065719604, 0.0595883280039, 0.0281703416258]
    },
    "chords_histogram": [19.3415641785, 0, 21.3991775513, 0.617283940315, 15.0205764771, 0, 0, 0, 0, 0, 0, 0, 0, 0, 0, 0, 0, 7.71604919434, 0, 0, 0, 14.3004112244, 21.6049385071, 0],
    "thpcp": [1, 0.500790059566, 0.147139132023, 0.123666368425, 0.24163120985, 0.714920163155, 0.908691048622, 0.526392102242, 0.23707985878, 0.150027066469, 0.131932064891, 0.182547584176, 0.215154215693, 0.186280325055, 0.270442575216, 0.37518247962, 0.287179291248, 0.187852919102, 0.170338779688, 0.188502505422, 0.526827335358, 0.80400365591, 0.514764428139, 0.204284980893, 0.127974867821, 0.121979892254, 0.519039273262, 0.971477985382, 0.623930811882, 0.142546132207, 0.0672268643975, 0.0593912415206, 0.136830180883, 0.192484095693, 0.219046637416, 0.71289896965],
    "chords_key": "F#",
    "chords_scale": "major",
    "key_key": "C#",
    "key_scale": "major"
}
}