{
"lowlevel": {
    "average_loudness": 0.979635179043,
    "barkbands_crest": {
        "mean": 10.8298721313,
        "var": 14.0565767288
    },
    "barkbands_flatness_db": {
        "mean": 0.14058855176,
        "var": 0.00158944027498
    },
    "barkbands_kurtosis": {
        "mean": 5.64291667938,
        "var": 29.24269104
    },
    "barkbands_skewness": {
        "mean": 1.98170626163,
        "var": 0.759703457355
    },
    "barkbands_spread": {
        "mean": 15.7387933731,
        "var": 49.4935722351
    },
    "dissonance": {
        "mean": 0.457545101643,
        "var": 0.000642102153506
    },
    "dynamic_complexity": 1.17579877377,
    "erbbands_crest": {
        "mean": 8.65297031403,
        "var": 17.2420902252
    },
    "erbbands_flatness_db": {
        "mean": 0.159353390336,
        "var": 0.00134364096448
    },
    "erbbands_kurtosis": {
        "mean": 0.202754437923,
        "var": 2.46408891678
    },
    "erbbands_skewness": {
        "mean": 0.688784241676,
        "var": 0.287101209164
    },
    "erbbands_spread": {
        "mean": 40.5010299683,
        "var": 228.872772217
    },
    "hfc": {
        "mean": 23.6842765808,
        "var": 154.23374939
    },
    "melbands_crest": {
        "mean": 15.2322292328,
        "var": 26.7586288452
    },
    "melbands_flatness_db": {
        "mean": 0.210903853178,
        "var": 0.00243668677285
    },
    "melbands_kurtosis": {
        "mean": 14.5698432922,
        "var": 146.11781311
    },
    "melbands_skewness": {
        "mean": 2.8441195488,
        "var": 1.6142770052
    },
    "melbands_spread": {
        "mean": 15.6108779907,
        "var": 69.5414733887
    },
    "pitch_salience": {
        "mean": 0.566940307617,
        "var": 0.0104313762859
    },
    "silence_rate_20dB": {
        "mean": 1,
        "var": 0
    },
    "silence_rate_30dB": {
        "mean": 1,
        "var": 0
    },
    "silence_rate_60dB": {
        "mean": 0.00154479919001,
        "var": 0.00154241069686
    },
    "spectral_centroid": {
        "mean": 1018.73858643,
        "var": 177783.90625
    },
    "spectral_complexity": {
        "mean": 22.6838302612,
        "var": 48.2367897034
    },
    "spectral_decrease": {
        "mean": -1.02044088734e-008,
        "var": 1.43191763458e-017
    },
    "spectral_energy": {
        "mean": 0.0406619906425,
        "var": 0.000220957299462
    },
    "spectral_energyband_high": {
        "mean": 0.000793992425315,
        "var": 6.05663785791e-007
    },
    "spectral_energyband_low": {
        "mean": 0.0113818235695,
        "var": 0.000123501275084
    },
    "spectral_energyband_middle_high": {
        "mean": 0.0060009798035,
        "var": 3.78355725843e-005
    },
    "spectral_energyband_middle_low": {
        "mean": 0.0234457571059,
        "var": 0.0001760526211
    },
    "spectral_entropy": {
        "mean": 7.3912987709,
        "var": 0.107658304274
    },
    "spectral_flux": {
        "mean": 0.0901491567492,
        "var": 0.00108827278018
    },
    "spectral_kurtosis": {
        "mean": 4.18499708176,
        "var": 5.56437301636
    },
    "spectral_rms": {
        "mean": 0.00618506874889,
        "var": 1.41528596487e-006
    },
    "spectral_rolloff": {
        "mean": 855.02935791,
        "var": 464748.6875
    },
    "spectral_skewness": {
        "mean": 1.53979122639,
        "var": 0.12557592988
    },
    "spectral_spread": {
        "mean": 4309756,
        "var": 2.3646544855e+012
    },
    "spectral_strongpeak": {
        "mean": 1.16688835621,
        "var": 1.44079780579
    },
    "zerocrossingrate": {
        "mean": 0.0449605956674,
        "var": 0.000403536221711
    },
    "barkbands": {
        "mean": [0.000302885629935, 0.00212152348831, 0.00821034610271, 0.00198415038176, 0.00969788338989, 0.00291360123083, 0.0033902071882, 0.00238296878524, 0.0026285063941, 0.00179737096187, 0.00059742142912, 0.000843964458909, 0.000493730127346, 0.000743068114389, 0.0004128414148, 0.000287681061309, 0.000268765696092, 0.000386590691051, 0.000182773015695, 0.00043727067532, 0.00022368869395, 5.70216616325e-005, 0.000117468713142, 0.000112643327157, 4.73506588605e-005, 1.73440421349e-005, 3.00811416309e-006],
        "var": [3.05233857034e-006, 5.25636096427e-006, 8.17663531052e-005, 7.27204724171e-006, 9.15546042961e-005, 6.30182785244e-006, 1.49298166434e-005, 1.61495045177e-005, 3.74766459572e-005, 2.22440939979e-005, 1.25056942579e-006, 1.64108473655e-006, 6.96961649282e-007, 2.38180950873e-006, 3.94041279606e-007, 8.91582914164e-008, 1.02723895168e-007, 2.02721267328e-007, 3.02236173866e-008, 1.91606815747e-007, 9.41362543472e-008, 5.40398303883e-009, 4.11578575665e-008, 3.42674297826e-008, 8.18478973486e-009, 3.14257797562e-009, 7.67631028187e-011]
    },
    "erbbands": {
        "mean": [0.0293694678694, 0.761816561222, 8.54855918884, 7.67649364471, 26.4772701263, 28.5439834595, 19.4424419403, 24.2511882782, 34.7441139221, 62.5556640625, 54.0581550598, 53.7444000244, 68.067565918, 37.0621528625, 30.1104183197, 31.2882976532, 23.8314552307, 35.3340301514, 27.1978054047, 18.7829189301, 17.7634410858, 16.3564567566, 20.3351192474, 12.9179296494, 13.702466011, 20.3312320709, 13.2137022018, 5.37914419174, 2.45581889153, 1.61800813675, 3.85837960243, 2.96626377106, 1.55843114853, 0.701318979263, 0.25864470005, 0.106727235019, 0.0267788469791, 0.0072303712368, 0.000283766421489, 5.32913727511e-005],
        "var": [0.000732592365239, 0.701689898968, 90.1444778442, 42.8548622131, 920.427429199, 766.87487793, 208.621429443, 524.18737793, 1491.7980957, 7434.14501953, 7564.72460938, 11379.2441406, 34924.1640625, 4560.6640625, 1783.96411133, 2377.00268555, 1129.65991211, 6084.06396484, 1890.48059082, 1143.90466309, 293.664123535, 294.350341797, 586.47265625, 183.671264648, 145.913986206, 486.758148193, 258.100280762, 65.9454193115, 9.12332725525, 6.55126810074, 47.794506073, 32.7310943604, 5.84880971909, 2.12768888474, 0.189711987972, 0.0855085030198, 0.00954268313944, 0.000412635214161, 6.72190878959e-007, 6.22567108977e-010]
    },
    "gfcc": {
        "mean": [28.4120349884, 113.018188477, -119.407791138, 33.1845016479, -65.8007888794, 5.28193092346, -40.0670852661, 5.38114786148, -26.7087593079, -5.70519542694, -11.2658462524, -14.313498497, -9.66051673889],
        "cov": [[2296.56860352, -777.314941406, -21.5943412781, -66.2087936401, -194.257720947, 185.020858765, -105.701576233, 140.535964966, -174.412857056, 85.2380218506, -219.929428101, 78.9181900024, -110.889602661], [-777.314941406, 924.029418945, -171.813156128, 112.162185669, 211.280410767, -189.993530273, 122.567153931, -108.576034546, 148.789825439, -85.6707839966, 190.664764404, -129.821228027, 88.4361953735], [-21.5943412781, -171.813156128, 467.70135498, 18.0712852478, 35.387260437, 46.7004776001, -113.91545105, 14.9141302109, 2.67667198181, 41.0601806641, -62.6814002991, 95.5370407104, -52.1680450439], [-66.2087936401, 112.162185669, 18.0712852478, 165.878982544, 61.1483726501, -16.9616584778, -3.87399601936, -10.6443624496, 33.2458877563, -18.0663852692, 19.4625358582, -22.3689899445, 18.9248218536], [-194.257720947, 211.280410767, 35.387260437, 61.1483726501, 201.188720703, -36.2656822205, 4.05827713013, -12.6596746445, 66.5136032104, -0.102580495179, 15.3016281128, -22.9837417603, -3.33017683029], [185.020858765, -189.993530273, 46.7004776001, -16.9616584778, -36.2656822205, 164.634033203, 2.64698171616, 30.5061798096, -21.0390491486, 16.8200588226, -36.2874488831, 27.0427646637, -5.72763299942], [-105.701576233, 122.567153931, -113.91545105, -3.87399601936, 4.05827713013, 2.64698171616, 203.079666138, 22.3715991974, -8.43252468109, -20.8950138092, 19.6803569794, -35.7919273376, 19.9416732788], [140.535964966, -108.576034546, 14.9141302109, -10.6443624496, -12.6596746445, 30.5061798096, 22.3715991974, 110.802536011, -20.617307663, 29.8722267151, -35.8662834167, -3.57586312294, -4.59746551514], [-174.412857056, 148.789825439, 2.67667198181, 33.2458877563, 66.5136032104, -21.0390491486, -8.43252468109, -20.617307663, 134.800811768, 12.3997154236, 44.1290893555, -27.4942722321, -7.26222419739], [85.2380218506, -85.6707839966, 41.0601806641, -18.0663852692, -0.102580495179, 16.8200588226, -20.8950138092, 29.8722267151, 12.3997154236, 89.2955169678, -2.45717525482, 15.1972885132, -29.5616931915], [-219.929428101, 190.664764404, -62.6814002991, 19.4625358582, 15.3016281128, -36.2874488831, 19.6803569794, -35.8662834167, 44.1290893555, -2.45717525482, 110.193626404, -22.6141490936, 15.0796890259], [78.9181900024, -129.821228027, 95.5370407104, -22.3689899445, -22.9837417603, 27.0427646637, -35.7919273376, -3.57586312294, -27.4942722321, 15.1972885132, -22.6141490936, 95.8672180176, -9.92381000519], [-110.889602661, 88.4361953735, -52.1680450439, 18.9248218536, -3.33017683029, -5.72763299942, 19.9416732788, -4.59746551514, -7.26222419739, -29.5616931915, 15.0796890259, -9.92381000519, 67.4351882935]],
        "icov": [[0.000771401682869, 4.87873003294e-005, 0.000573478755541, -0.000404701189836, 0.000356801698217, -0.000457001908217, 0.000447756407084, -0.000453842862044, 0.000435644760728, -0.000257903739111, 0.00100619078148, -0.000339055433869, 0.0012361361878], [4.87873003294e-005, 0.00499296886846, -0.00054393731989, 0.00019293098012, -0.0034018305596, 0.00281667802483, -0.0019881601911, 0.00181094976142, -0.00145196099766, 0.00166323117446, -0.00478804949671, 0.00278885453008, -0.00410612672567], [0.000573478755541, -0.00054393731989, 0.00404132343829, -0.00113060767762, -0.000110480606963, -0.00111261219718, 0.00178868044168, -0.00106523907743, 7.58450332796e-005, -0.000461943418486, 0.00235528498888, -0.00360817275941, 0.00314650312066], [-0.000404701189836, 0.00019293098012, -0.00113060767762, 0.00777937052771, -0.00211390876211, 0.000302248459775, 7.23415359971e-005, 0.000157458460308, -0.000918674108107, 0.00136780715548, -0.0015505363699, 0.0018257413758, -0.00294962129556], [0.000356801698217, -0.0034018305596, -0.000110480606963, -0.00211390876211, 0.00938252639025, -0.000956551870331, 0.000842146866489, -0.00109499390237, -0.00160114024766, -0.00148263550363, 0.00464746821672, -0.00124918355141, 0.00356868468225], [-0.000457001908217, 0.00281667802483, -0.00111261219718, 0.000302248459775, -0.000956551870331, 0.00915772095323, -0.00211660051718, 0.000302995205857, -0.00151249708142, 0.000263901049038, -0.00162864127196, 0.000544094946235, -0.00361668062396], [0.000447756407084, -0.0019881601911, 0.00178868044168, 7.23415359971e-005, 0.000842146866489, -0.00211660051718, 0.0074000004679, -0.0029826881364, 0.00154330942314, 0.00064806867158, 0.00121065531857, -0.00051447696751, 0.00228106346913], [-0.000453842862044, 0.00181094976142, -0.00106523907743, 0.000157458460308, -0.00109499390237, 0.000302995205857, -0.0029826881364, 0.013734024018, 0.00033240072662, -0.00463005760685, 0.00167058082297, 0.00378323369659, -0.0040101762861], [0.000435644760728, -0.00145196099766, 7.58450332796e-005, -0.000918674108107, -0.00160114024766, -0.00151249708142, 0.00154330942314, 0.00033240072662, 0.011816448532, -0.00243772892281, -0.00172058586031, 0.00171071547084, 0.00313614844345], [-0.000257903739111, 0.00166323117446, -0.000461943418486, 0.00136780715548, -0.00148263550363, 0.000263901049038, 0.00064806867158, -0.00463005760685, -0.00243772892281, 0.0169603452086, -0.00468128873035, -0.00117988907732, 0.00414097867906], [0.00100619078148, -0.00478804949671, 0.00235528498888, -0.0015505363699, 0.00464746821672, -0.00162864127196, 0.00121065531857, 0.00167058082297, -0.00172058586031, -0.00468128873035, 0.0197456274182, -0.00271774153225, 0.00298513914458], [-0.000339055433869, 0.00278885453008, -0.00360817275941, 0.0018257413758, -0.00124918355141, 0.000544094946235, -0.00051447696751, 0.00378323369659, 0.00171071547084, -0.00117988907732, -0.00271774153225, 0.017600312829, -0.00425917748362], [0.0012361361878, -0.00410612672567, 0.00314650312066, -0.00294962129556, 0.00356868468225, -0.00361668062396, 0.00228106346913, -0.0040101762861, 0.00313614844345, 0.00414097867906, 0.00298513914458, -0.00425917748362, 0.0252883527428]]
    },
    "melbands": {
        "mean": [0.000399331212975, 0.00320006720722, 0.00177513982635, 0.00240689446218, 0.000702392426319, 0.000540745269973, 0.00058477424318, 0.000652885704767, 0.00042277915054, 0.000348912581103, 0.000348785135429, 0.000165977049619, 9.26485445234e-005, 9.7540068964e-005, 6.64500257699e-005, 5.22102563991e-005, 6.62130842102e-005, 4.72398423881e-005, 2.89509553113e-005, 1.8612594431e-005, 2.0684366973e-005, 1.58417933562e-005, 1.87330660992e-005, 1.83165502676e-005, 9.43681698118e-006, 7.39954612072e-006, 1.36512662721e-005, 1.34844167405e-005, 9.09915888769e-006, 5.32376179763e-006, 2.33344485423e-006, 1.42250667068e-006, 8.88268800736e-007, 9.02726469576e-007, 2.12109080167e-006, 2.53980874731e-006, 1.49048889853e-006, 9.68026824921e-007, 1.04829746306e-006, 4.37724679614e-007],
        "var": [1.59251527521e-007, 1.24475909615e-005, 1.97281906367e-006, 6.38512665319e-006, 2.44370710334e-007, 2.44994197374e-007, 3.8868930119e-007, 7.70476049183e-007, 4.60482993958e-007, 6.51639254556e-007, 9.16891679026e-007, 1.28170157154e-007, 2.01042009706e-008, 2.53638656744e-008, 1.33265380953e-008, 7.72442465546e-009, 2.32428671865e-008, 8.18553402837e-009, 1.88841742244e-009, 8.99700647317e-010, 4.1378406257e-010, 3.00275110332e-010, 6.0391330825e-010, 4.86619022855e-010, 1.14823983655e-010, 4.79743536563e-011, 1.81116899256e-010, 2.70128724944e-010, 1.27915136816e-010, 8.94109647431e-011, 1.21214115134e-011, 3.42043299066e-012, 1.75890595491e-012, 2.49502068311e-012, 1.62065829507e-011, 2.3909589586e-011, 9.60145851714e-012, 2.11371697055e-012, 4.04181245764e-012, 9.67665292513e-013]
    },
    "mfcc": {
        "mean": [-610.638671875, 136.267166138, 3.30297493935, 24.0545902252, 0.220264017582, -5.20709323883, 1.92237377167, -3.20291924477, -6.60308361053, 6.0431098938, -11.3202800751, 4.38922452927, -7.74468803406],
        "cov": [[1699.47497559, -639.594543457, -34.6298713684, -195.475830078, -102.83846283, -14.8003416061, 47.3590621948, 9.04410648346, 56.2325935364, -0.236085742712, -26.3858356476, -18.6831512451, -84.4714889526], [-639.594543457, 718.188110352, -173.460861206, 199.051589966, 66.3113937378, -5.95220994949, 5.46569013596, -10.7974004745, -34.2116966248, 42.7099151611, 8.38594341278, 47.4830322266, 43.7715415955], [-34.6298713684, -173.460861206, 363.670715332, -49.7293434143, 66.0227050781, 29.6241760254, -52.6256370544, 12.5764503479, 13.1260251999, -71.9958648682, 25.6284713745, -35.8719062805, 77.9610214233], [-195.475830078, 199.051589966, -49.7293434143, 223.981643677, 54.411491394, -7.86828184128, -5.24982404709, 4.47694778442, -0.813236296177, 25.9622879028, -4.90090036392, 3.00457119942, 27.8472499847], [-102.83846283, 66.3113937378, 66.0227050781, 54.411491394, 227.283248901, 25.3186092377, -82.9992294312, -11.5239648819, -3.36529278755, 17.465927124, 25.4157505035, -16.8077030182, 26.0453147888], [-14.8003416061, -5.95220994949, 29.6241760254, -7.86828184128, 25.3186092377, 107.666564941, -5.09606456757, 18.1644363403, 5.73299646378, -7.63523197174, 11.9842357635, 2.0860118866, -1.31416320801], [47.3590621948, 5.46569013596, -52.6256370544, -5.24982404709, -82.9992294312, -5.09606456757, 152.645812988, 31.0192871094, 32.5429573059, 10.5600614548, -19.3840255737, 13.9604520798, -33.5694618225], [9.04410648346, -10.7974004745, 12.5764503479, 4.47694778442, -11.5239648819, 18.1644363403, 31.0192871094, 75.0557250977, 29.3567848206, -5.83440256119, -3.86735653877, -11.2556009293, -3.38813591003], [56.2325935364, -34.2116966248, 13.1260251999, -0.813236296177, -3.36529278755, 5.73299646378, 32.5429573059, 29.3567848206, 94.9505386353, 16.6235637665, -0.174945026636, -10.2205371857, -13.8897104263], [-0.236085742712, 42.7099151611, -71.9958648682, 25.9622879028, 17.465927124, -7.63523197174, 10.5600614548, -5.83440256119, 16.6235637665, 121.668312073, 19.6732940674, 19.1447124481, -30.7609806061], [-26.3858356476, 8.38594341278, 25.6284713745, -4.90090036392, 25.4157505035, 11.9842357635, -19.3840255737, -3.86735653877, -0.174945026636, 19.6732940674, 66.939163208, 12.9700956345, 17.2212181091], [-18.6831512451, 47.4830322266, -35.8719062805, 3.00457119942, -16.8077030182, 2.0860118866, 13.9604520798, -11.2556009293, -10.2205371857, 19.1447124481, 12.9700956345, 70.6306533813, 2.84985017776], [-84.4714889526, 43.7715415955, 77.9610214233, 27.8472499847, 26.0453147888, -1.31416320801, -33.5694618225, -3.38813591003, -13.8897104263, -30.7609806061, 17.2212181091, 2.84985017776, 113.736877441]],
        "icov": [[0.00100064580329, 0.00101611879654, 0.000630723661743, 0.000162210242706, -0.000135188049171, 6.01061510679e-005, -0.000142893215525, 3.8499776565e-005, -0.000333337811753, 3.33827301802e-005, 0.000106497209345, -0.000174424130819, -0.000172735744854], [0.00101611879654, 0.00332665955648, 0.00178987614345, -0.00133476417977, -0.000837734609377, -6.90531232976e-005, -0.000578540551942, -1.5706566046e-005, 0.000185015975148, 0.000181351933861, -0.000160410141689, -0.00102839421015, -0.00128415343352], [0.000630723661743, 0.00178987614345, 0.0053694518283, 0.000616356148385, -0.00149356445763, -0.000549797026906, 3.06632978209e-006, -0.000337930367095, -0.00109360483475, 0.00199987902306, -0.00130253657699, 0.000936463475227, -0.00314420927316], [0.000162210242706, -0.00133476417977, 0.000616356148385, 0.00664652185515, -0.00130287779029, 0.000438187271357, -0.000202299605007, -0.000793921761215, -0.000357306067599, -0.0011255806312, 0.00146180007141, 0.000617809593678, -0.00178046966903], [-0.000135188049171, -0.000837734609377, -0.00149356445763, -0.00130287779029, 0.00692727416754, -0.00132454140112, 0.00320599554107, 0.000543625734281, -0.000465634162538, -0.00152361730579, -0.000882031512447, 0.00145005166996, 0.000553859339561], [6.01061510679e-005, -6.90531232976e-005, -0.000549797026906, 0.000438187271357, -0.00132454140112, 0.0105968089774, 0.00017199863214, -0.00295116938651, 2.65185262833e-005, 0.00112189294305, -0.00163359614089, -0.00142149813473, 0.00131902389694], [-0.000142893215525, -0.000578540551942, 3.06632978209e-006, -0.000202299605007, 0.00320599554107, 0.00017199863214, 0.0103246215731, -0.00306495931, -0.00249993964098, -0.000392438028939, 0.00160857173614, -0.0020327300299, 0.0017837327905], [3.8499776565e-005, -1.5706566046e-005, -0.000337930367095, -0.000793921761215, 0.000543625734281, -0.00295116938651, -0.00306495931, 0.0175298694521, -0.0040782969445, 0.00087680038996, -0.000159918898134, 0.00271584838629, -0.000385099381674], [-0.000333337811753, 0.000185015975148, -0.00109360483475, -0.000357306067599, -0.000465634162538, 2.65185262833e-005, -0.00249993964098, -0.0040782969445, 0.0137642659247, -0.00243455148302, -0.00032423864468, 0.00165891367942, 0.000795908621512], [3.33827301802e-005, 0.000181351933861, 0.00199987902306, -0.0011255806312, -0.00152361730579, 0.00112189294305, -0.000392438028939, 0.00087680038996, -0.00243455148302, 0.0120354872197, -0.00439271936193, -0.00214915187098, 0.0028086642269], [0.000106497209345, -0.000160410141689, -0.00130253657699, 0.00146180007141, -0.000882031512447, -0.00163359614089, 0.00160857173614, -0.000159918898134, -0.00032423864468, -0.00439271936193, 0.0193433426321, -0.00339044095017, -0.00274265697226], [-0.000174424130819, -0.00102839421015, 0.000936463475227, 0.000617809593678, 0.00145005166996, -0.00142149813473, -0.0020327300299, 0.00271584838629, 0.00165891367942, -0.00214915187098, -0.00339044095017, 0.0179885290563, -0.00171050766949], [-0.000172735744854, -0.00128415343352, -0.00314420927316, -0.00178046966903, 0.000553859339561, 0.00131902389694, 0.0017837327905, -0.000385099381674, 0.000795908621512, 0.0028086642269, -0.00274265697226, -0.00171050766949, 0.0134676285088]]
    },
    "spectral_contrast_coeffs": {
        "mean": [-0.551717102528, -0.704872310162, -0.738320410252, -0.762512981892, -0.766079127789, -0.758725404739],
        "var": [0.00431784475222, 0.0041190921329, 0.00523760402575, 0.00270605622791, 0.00188735232223, 0.00135072879493]
    },
    "spectral_contrast_valleys": {
        "mean": [-7.08536720276, -6.15040969849, -7.03872871399, -7.56099319458, -7.38547515869, -10.1655473709],
        "var": [0.473768115044, 0.442075192928, 0.461342871189, 0.447337180376, 0.497521936893, 0.837213456631]
    }
},
"metadata": {
    "audio_properties": {
        "analysis_sample_rate": 44100,
        "bit_rate": 128074,
        "equal_loudness": 0,
        "length": 45.0612258911,
        "lossless": 0,
        "replay_gain": -6.46793174744,
        "sample_rate": 44100,
        "codec": "mp3",
        "downmix": "mix",
        "md5_encoded": "dd3f4cbfebc6ce4482fd288c2c975a41"
    },
    "tags": {
        "file_name": "1909.mp3"
    },
    "version": {
        "essentia": "2.1-beta2",
        "essentia_git_sha": "v2.1_beta2",
        "extractor": "music 1.0"
    }
},
"rhythm": {
    "beats_count": 100,
    "beats_loudness": {
        "mean": 0.0442042052746,
        "var": 0.00013628268789
    },
    "bpm": 133.743240356,
    "bpm_histogram_first_peak_bpm": {
        "mean": 133,
        "var": 0
    },
    "bpm_histogram_first_peak_spread": {
        "mean": 0.453608244658,
        "var": 0
    },
    "bpm_histogram_first_peak_weight": {
        "mean": 0.535353541374,
        "var": 0
    },
    "bpm_histogram_second_peak_bpm": {
        "mean": 140,
        "var": 0
    },
    "bpm_histogram_second_peak_spread": {
        "mean": 0,
        "var": 0
    },
    "bpm_histogram_second_peak_weight": {
        "mean": 0.0202020201832,
        "var": 0
    },
    "danceability": 1.31952238083,
    "onset_rate": 3.61567044258,
    "beats_loudness_band_ratio": {
        "mean": [0.384802669287, 0.336451232433, 0.229317858815, 0.0872873514891, 0.0500974319875, 0.0379532463849],
        "var": [0.026004081592, 0.0309677701443, 0.0171758215874, 0.00595680763945, 0.000814282451756, 0.000596058322117]
    },
    "beats_position": [0.417959183455, 0.859138309956, 1.30031740665, 1.74149656296, 2.18267560005, 2.6470746994, 3.08825397491, 3.52943301201, 3.97061228752, 4.42340135574, 4.87619018555, 5.31736946106, 5.75854873657, 6.21133756638, 6.66412687302, 7.11691617966, 7.56970500946, 8.0224943161, 8.47528362274, 8.91646194458, 9.35764122009, 9.82204055786, 10.2632198334, 10.7043991089, 11.1571884155, 11.6099767685, 12.0627660751, 12.5039453506, 12.9567346573, 13.3979139328, 13.8390922546, 14.2918815613, 14.7330608368, 15.1858501434, 15.6270294189, 16.0682086945, 16.5209980011, 16.9737873077, 17.4149665833, 17.8561439514, 18.3089332581, 18.7617225647, 19.2029018402, 19.6440811157, 20.0968704224, 20.549659729, 20.9908390045, 21.43201828, 21.8848075867, 22.3375968933, 22.7903842926, 23.2431735992, 23.6959629059, 24.1487522125, 24.6015415192, 25.0543308258, 25.5071201324, 25.9599094391, 26.4126987457, 26.865486145, 27.3182754517, 27.7710647583, 28.2122440338, 28.6650333405, 29.1178226471, 29.5822219849, 30.0234012604, 30.4645805359, 30.8941497803, 31.3237190247, 31.776506424, 32.2292976379, 32.6820869446, 33.1348762512, 33.5760536194, 34.0404510498, 34.4816322327, 34.9344215393, 35.3872108459, 35.8516082764, 36.2927894592, 36.7455787659, 37.1983680725, 37.6395454407, 38.0807266235, 38.5335159302, 38.9746932983, 39.427482605, 39.8686599731, 40.3214492798, 40.7742385864, 41.2154197693, 41.6565971375, 42.0977783203, 42.5389556885, 42.9917449951, 43.4445343018, 43.8973236084, 44.350112915, 44.8029022217]
},
"tonal": {
    "chords_changes_rate": 0.047325104475,
    "chords_number_rate": 0.00823045242578,
    "chords_strength": {
        "mean": 0.509713768959,
        "var": 0.00726461177692
    },
    "hpcp_entropy": {
        "mean": 2.05548477173,
        "var": 0.438302308321
    },
    "key_strength": 0.667251288891,
    "tuning_diatonic_strength": 0.604434132576,
    "tuning_equal_tempered_deviation": 0.0843206569552,
    "tuning_frequency": 436.960693359,
    "tuning_nontempered_energy_ratio": 0.717322945595,
    "hpcp": {
        "mean": [0.544925034046, 0.314331054688, 0.0786970257759, 0.0666828304529, 0.0794755667448, 0.113761588931, 0.187165260315, 0.158176451921, 0.0698667019606, 0.0479642674327, 0.0354418568313, 0.0455707423389, 0.0928132012486, 0.0999867990613, 0.101647406816, 0.13165192306, 0.106423325837, 0.0706909447908, 0.0625995919108, 0.0637414976954, 0.118541873991, 0.175287440419, 0.114705272019, 0.0463248118758, 0.042401317507, 0.0442997552454, 0.0538985356688, 0.107639692724, 0.127534613013, 0.0983026623726, 0.0954869613051, 0.0891493409872, 0.212871968746, 0.338840007782, 0.264032423496, 0.376126617193],
        "var": [0.180042549968, 0.0900479406118, 0.0197523348033, 0.0238704755902, 0.0273863393813, 0.0364128351212, 0.0641384348273, 0.0502361282706, 0.015659449622, 0.0152426855639, 0.00798800960183, 0.00656162761152, 0.0234475061297, 0.0287216175348, 0.0251948572695, 0.0473010987043, 0.0289080161601, 0.0190967880189, 0.0154973799363, 0.0169755611569, 0.0261944215745, 0.0478273816407, 0.0252453275025, 0.00937613751739, 0.0113017931581, 0.017318746075, 0.018951240927, 0.0318770520389, 0.0431858040392, 0.0302492491901, 0.0450773946941, 0.0312140155584, 0.0721679329872, 0.159366607666, 0.0661595612764, 0.108584389091]
    },
    "chords_histogram": [29.6296291351, 3.18930029869, 28.3950614929, 0.102880656719, 0, 0, 0, 0, 0.617283940315, 0, 1.13168728352, 0, 0, 0, 0, 5.65843629837, 0, 2.05761313438, 0, 0, 0, 0, 25.7201652527, 3.49794244766],
    "thpcp": [1, 0.576833546162, 0.144418075681, 0.122370652854, 0.145846784115, 0.20876558125, 0.34346973896, 0.290271937847, 0.12821342051, 0.0880199372768, 0.0650398731232, 0.0836275443435, 0.170322880149, 0.183487251401, 0.186534658074, 0.241596400738, 0.195299014449, 0.12972599268, 0.114877440035, 0.116972967982, 0.21753795445, 0.321672588587, 0.210497349501, 0.0850113481283, 0.0778112858534, 0.0812951400876, 0.0989100039005, 0.197531193495, 0.234040662646, 0.180396676064, 0.175229534507, 0.163599282503, 0.390644490719, 0.621810317039, 0.484529823065, 0.690235555172],
    "chords_key": "A",
    "chords_scale": "major",
    "key_key": "A",
    "key_scale": "major"
}
}