{
"lowlevel": {
    "average_loudness": 0.591077208519,
    "barkbands_crest": {
        "mean": 13.8245458603,
        "var": 23.8941307068
    },
    "barkbands_flatness_db": {
        "mean": 0.338180482388,
        "var": 0.00235955440439
    },
    "barkbands_kurtosis": {
        "mean": 7.32413911819,
        "var": 73.4007034302
    },
    "barkbands_skewness": {
        "mean": 1.57953023911,
        "var": 1.94762170315
    },
    "barkbands_spread": {
        "mean": 4.9014081955,
        "var": 8.74617195129
    },
    "dissonance": {
        "mean": 0.396605938673,
        "var": 0.0032028297428
    },
    "dynamic_complexity": 3.37811231613,
    "erbbands_crest": {
        "mean": 15.5590620041,
        "var": 39.5747795105
    },
    "erbbands_flatness_db": {
        "mean": 0.379365473986,
        "var": 0.00243044877425
    },
    "erbbands_kurtosis": {
        "mean": 3.46333909035,
        "var": 27.7971343994
    },
    "erbbands_skewness": {
        "mean": 1.12329101563,
        "var": 1.09028995037
    },
    "erbbands_spread": {
        "mean": 11.2328577042,
        "var": 36.8390960693
    },
    "hfc": {
        "mean": 10.0150156021,
        "var": 108.245986938
    },
    "melbands_crest": {
        "mean": 17.0399608612,
        "var": 32.5586509705
    },
    "melbands_flatness_db": {
        "mean": 0.421062707901,
        "var": 0.00295520597138
    },
    "melbands_kurtosis": {
        "mean": 8.76690101624,
        "var": 96.7448806763
    },
    "melbands_skewness": {
        "mean": 1.64423656464,
        "var": 1.99194025993
    },
    "melbands_spread": {
        "mean": 7.4269194603,
        "var": 48.8485832214
    },
    "pitch_salience": {
        "mean": 0.503512263298,
        "var": 0.0145301492885
    },
    "silence_rate_20dB": {
        "mean": 1,
        "var": 0
    },
    "silence_rate_30dB": {
        "mean": 0.989191949368,
        "var": 0.0106910187751
    },
    "silence_rate_60dB": {
        "mean": 0.0993309319019,
        "var": 0.0894657075405
    },
    "spectral_centroid": {
        "mean": 564.968017578,
        "var": 139618.359375
    },
    "spectral_complexity": {
        "mean": 10.1188879013,
        "var": 18.626537323
    },
    "spectral_decrease": {
        "mean": -5.26229371189e-009,
        "var": 3.78020183361e-017
    },
    "spectral_energy": {
        "mean": 0.0207694359124,
        "var": 0.00058222503867
    },
    "spectral_energyband_high": {
        "mean": 2.22278049478e-006,
        "var": 1.87598582502e-011
    },
    "spectral_energyband_low": {
        "mean": 0.00106117548421,
        "var": 5.62253353564e-006
    },
    "spectral_energyband_middle_high": {
        "mean": 0.0021244911477,
        "var": 8.43439556775e-006
    },
    "spectral_energyband_middle_low": {
        "mean": 0.0182741396129,
        "var": 0.000545132264961
    },
    "spectral_entropy": {
        "mean": 5.91363239288,
        "var": 0.183004036546
    },
    "spectral_flux": {
        "mean": 0.0511864647269,
        "var": 0.00132959685288
    },
    "spectral_kurtosis": {
        "mean": 57.0690002441,
        "var": 964.285400391
    },
    "spectral_rms": {
        "mean": 0.00402409490198,
        "var": 4.06953176935e-006
    },
    "spectral_rolloff": {
        "mean": 707.346984863,
        "var": 700199.25
    },
    "spectral_skewness": {
        "mean": 4.86846256256,
        "var": 3.13433241844
    },
    "spectral_spread": {
        "mean": 1199153,
        "var": 1.86555931034e+012
    },
    "spectral_strongpeak": {
        "mean": 1.39967811108,
        "var": 1.22478473186
    },
    "zerocrossingrate": {
        "mean": 0.0273063052446,
        "var": 0.000495501677506
    },
    "barkbands": {
        "mean": [9.21807622944e-006, 7.26225771359e-005, 0.000569104915485, 0.000837768951897, 0.0023991165217, 0.00758549803868, 0.00229656882584, 0.00368675752543, 0.000954438117333, 0.0011375201866, 0.000319113518344, 0.000284857756924, 0.000203024581424, 0.000157861664775, 0.000132507571834, 6.27178669674e-005, 2.83920235233e-005, 1.93862069864e-005, 9.60819761531e-006, 2.37510016632e-006, 8.24344340344e-007, 1.63958276289e-007, 3.17871915456e-008, 5.01691133081e-009, 1.88564630577e-009, 4.64437377445e-009, 8.28927704255e-010],
        "var": [5.71882596834e-010, 4.0074695562e-008, 2.73679779639e-006, 2.87422562906e-006, 1.69982631633e-005, 0.000377400196157, 1.08631411422e-005, 2.93164121103e-005, 2.37946437665e-006, 5.54923781237e-006, 1.77501226517e-006, 1.73135020987e-007, 1.82243184099e-007, 3.69997934513e-008, 6.44482796019e-008, 8.63439897358e-009, 1.31081934196e-009, 1.21513821227e-009, 4.96346241885e-010, 2.48935750485e-011, 6.10251953137e-012, 3.7487669761e-013, 1.21082512777e-014, 1.32653049011e-016, 2.87870268261e-017, 7.07224018321e-016, 2.6846119897e-018]
    },
    "erbbands": {
        "mean": [0.00157169392332, 0.0261896252632, 0.423705458641, 2.05113887787, 4.18697690964, 8.48171138763, 18.6937618256, 76.5187454224, 52.8152656555, 42.6441764832, 82.9710693359, 26.0031700134, 36.7336578369, 27.9512996674, 13.1996774673, 13.570230484, 11.4262714386, 8.73448562622, 7.9096531868, 4.21808004379, 2.94502139091, 1.56168413162, 1.18101501465, 0.700789749622, 0.407938212156, 0.135087758303, 0.0440817624331, 0.0256873778999, 0.00790729280561, 0.00238118018024, 0.000812977086753, 0.000187626996194, 7.57653397159e-005, 4.12361550843e-005, 2.11850128835e-005, 2.00323866011e-005, 1.96418041014e-005, 2.13125122173e-006, 1.00691104308e-005, 2.33975879382e-005],
        "var": [8.98999769561e-006, 0.00396423041821, 1.33116471767, 15.9216432571, 67.7583770752, 272.028411865, 828.196350098, 48375.0429688, 10849.3144531, 4656.38769531, 18015.6777344, 1029.88134766, 3530.70043945, 6189.02099609, 2175.61547852, 373.827941895, 494.599945068, 111.699127197, 214.114303589, 29.2438774109, 21.5508537292, 4.04314947128, 4.33466959, 2.24283599854, 0.767349481583, 0.0599267780781, 0.00911359861493, 0.00786364357919, 0.000755615881644, 5.36557017767e-005, 1.02456060631e-005, 2.17675363956e-007, 2.25847784918e-008, 8.99298502333e-009, 7.99318333744e-010, 2.27397300989e-009, 6.76655620424e-009, 1.27101662528e-011, 1.31530855652e-010, 7.28293481078e-010]
    },
    "gfcc": {
        "mean": [-184.608093262, 225.745895386, -164.782058716, -43.3942260742, -32.0926513672, -47.9256515503, -21.437833786, -15.86967659, -8.72982978821, -8.90295124054, -2.8993897438, -11.4222574234, -1.54728674889],
        "cov": [[6593.49560547, 658.94708252, -659.961486816, 338.253356934, -210.828842163, -494.936309814, 3.68912291527, -369.721130371, -159.83883667, -185.88432312, -197.890304565, -181.391433716, -249.539764404], [658.94708252, 510.116607666, 95.6827697754, -7.99821901321, 149.460632324, -7.49783849716, -34.9856452942, -72.6977996826, -99.4393920898, -141.36505127, -86.4669265747, -83.2005844116, -20.7731513977], [-659.961486816, 95.6827697754, 446.119262695, 93.5930938721, 76.508934021, 144.313140869, -42.2809791565, 14.3085393906, -42.7466773987, -76.6709899902, -77.0665054321, -13.1705293655, 12.6426095963], [338.253356934, -7.99821901321, 93.5930938721, 452.3621521, 5.16664361954, 125.949645996, 67.1778411865, -69.6400985718, -18.0261116028, -75.4239578247, -115.246658325, -110.404876709, -87.9226455688], [-210.828842163, 149.460632324, 76.508934021, 5.16664361954, 173.247177124, 67.4463729858, 3.99968266487, 13.7649621964, -44.8134994507, -47.5757713318, -31.6499176025, -32.3713569641, -11.2480421066], [-494.936309814, -7.49783849716, 144.313140869, 125.949645996, 67.4463729858, 270.279693604, 103.666213989, 25.5622577667, -10.8798837662, -76.5104598999, -89.4766693115, -46.9270820618, -0.33776897192], [3.68912291527, -34.9856452942, -42.2809791565, 67.1778411865, 3.99968266487, 103.666213989, 225.895095825, 91.7622299194, 57.225353241, -4.36806917191, -84.1614608765, -72.7989578247, -51.124332428], [-369.721130371, -72.6977996826, 14.3085393906, -69.6400985718, 13.7649621964, 25.5622577667, 91.7622299194, 175.825820923, 96.3348388672, 61.97864151, 7.716817379, -19.2818183899, -25.0578250885], [-159.83883667, -99.4393920898, -42.7466773987, -18.0261116028, -44.8134994507, -10.8798837662, 57.225353241, 96.3348388672, 136.068023682, 93.4360275269, 33.2747612, 4.68172359467, -15.6900987625], [-185.88432312, -141.36505127, -76.6709899902, -75.4239578247, -47.5757713318, -76.5104598999, -4.36806917191, 61.97864151, 93.4360275269, 170.028945923, 112.911026001, 52.3699111938, 7.19022941589], [-197.890304565, -86.4669265747, -77.0665054321, -115.246658325, -31.6499176025, -89.4766693115, -84.1614608765, 7.716817379, 33.2747612, 112.911026001, 181.521774292, 111.264549255, 56.9232826233], [-181.391433716, -83.2005844116, -13.1705293655, -110.404876709, -32.3713569641, -46.9270820618, -72.7989578247, -19.2818183899, 4.68172359467, 52.3699111938, 111.264549255, 173.963973999, 102.451408386], [-249.539764404, -20.7731513977, 12.6426095963, -87.9226455688, -11.2480421066, -0.33776897192, -51.124332428, -25.0578250885, -15.6900987625, 7.19022941589, 56.9232826233, 102.451408386, 136.976837158]],
        "icov": [[0.000443787313998, -0.00097374629695, 0.000762412440963, -0.000570428441279, 0.00097929360345, 0.000464104843559, 2.78313859781e-006, -0.000124125683215, 0.000526105053723, -0.000272595207207, 0.000752647116315, -0.000809619843494, 0.000651529233437], [-0.00097374629695, 0.0067267883569, -0.00294630229473, 0.00239878194407, -0.0060695563443, 0.00149291881826, -0.00140525982715, 0.00348594854586, -0.00328173092566, 0.00439067697152, -0.00288182031363, 0.00435373466462, -0.00198879558593], [0.000762412440963, -0.00294630229473, 0.0057201157324, -0.00220999168232, 0.00237777037546, -0.00200320128351, 0.003806065768, -0.00399442622438, 0.00269072852097, -0.00208480888978, 0.00435941293836, -0.00334297050722, 0.000982139143161], [-0.000570428441279, 0.00239878194407, -0.00220999168232, 0.00512133864686, -0.0018218185287, -0.00131329579744, -0.00143340299837, 0.00474375393242, -0.00303647108376, 0.00147468200885, -0.00138539623003, 0.00275052315556, 0.00108908046968], [0.00097929360345, -0.0060695563443, 0.00237777037546, -0.0018218185287, 0.0135987186804, -0.0029835915193, 0.00202235835604, -0.00563887646422, 0.00688573671505, -0.00341736664996, 0.00186538440175, -0.00277956039645, 0.00257918867283], [0.000464104843559, 0.00149291881826, -0.00200320128351, -0.00131329579744, -0.0029835915193, 0.00975599046797, -0.0049112001434, 0.00183339114301, -0.00157166679855, 0.00420743785799, -0.000787632830907, 0.000944566738326, -0.00208482285962], [2.78313859781e-006, -0.00140525982715, 0.003806065768, -0.00143340299837, 0.00202235835604, -0.0049112001434, 0.0121991299093, -0.00690179411322, 0.000725713034626, -0.00316014862619, 0.00645479094237, -0.00146554119419, 0.000627846107818], [-0.000124125683215, 0.00348594854586, -0.00399442622438, 0.00474375393242, -0.00563887646422, 0.00183339114301, -0.00690179411322, 0.0189057011157, -0.0112860640511, 0.0025469022803, -0.00360865332186, 0.0040431744419, 0.00118923408445], [0.000526105053723, -0.00328173092566, 0.00269072852097, -0.00303647108376, 0.00688573671505, -0.00157166679855, 0.000725713034626, -0.0112860640511, 0.0226637627929, -0.0109402611852, 0.0037112981081, -0.00310043268837, 0.000978132360615], [-0.000272595207207, 0.00439067697152, -0.00208480888978, 0.00147468200885, -0.00341736664996, 0.00420743785799, -0.00316014862619, 0.0025469022803, -0.0109402611852, 0.0217908136547, -0.0118233393878, 0.00299572991207, 0.000600202416535], [0.000752647116315, -0.00288182031363, 0.00435941293836, -0.00138539623003, 0.00186538440175, -0.000787632830907, 0.00645479094237, -0.00360865332186, 0.0037112981081, -0.0118233393878, 0.0210576876998, -0.00909070018679, 0.000636911310721], [-0.000809619843494, 0.00435373466462, -0.00334297050722, 0.00275052315556, -0.00277956039645, 0.000944566738326, -0.00146554119419, 0.0040431744419, -0.00310043268837, 0.00299572991207, -0.00909070018679, 0.0185910519212, -0.00941359624267], [0.000651529233437, -0.00198879558593, 0.000982139143161, 0.00108908046968, 0.00257918867283, -0.00208482285962, 0.000627846107818, 0.00118923408445, 0.000978132360615, 0.000600202416535, 0.000636911310721, -0.00941359624267, 0.0163095016032]]
    },
    "melbands": {
        "mean": [1.76656722033e-005, 0.000161802658113, 0.000413288536947, 0.000424254947575, 0.000592892465647, 0.00164542789571, 0.00078451767331, 0.000485229829792, 0.000625976012088, 0.00013745202159, 0.000180663890205, 0.000113198082545, 4.782110409e-005, 3.36142438755e-005, 2.93438770314e-005, 1.88888843695e-005, 1.59088558576e-005, 1.16286146294e-005, 8.08699860499e-006, 4.40359553977e-006, 3.29775525643e-006, 1.50769506035e-006, 1.36397727601e-006, 9.39339486195e-007, 5.36828508757e-007, 2.78084172578e-007, 1.84829886507e-007, 7.49255590904e-008, 2.44056472809e-008, 2.40990836176e-008, 1.19087824046e-008, 4.89941864856e-009, 1.99227323527e-009, 9.78293557274e-010, 5.46653333711e-010, 1.35901415121e-010, 8.36752819811e-011, 4.30960545028e-011, 3.34831884441e-011, 1.94007518384e-011],
        "var": [1.79930570443e-009, 1.97297836735e-007, 5.43847136214e-007, 5.09518770286e-007, 9.05196259282e-007, 2.05099022423e-005, 2.28297631111e-006, 5.82086954637e-007, 1.06660513666e-006, 4.07610336595e-008, 8.86650894927e-008, 1.16178867415e-007, 4.35014158029e-008, 2.40011766017e-009, 1.818603379e-009, 1.02892139253e-009, 4.24401819243e-010, 4.36925051694e-010, 1.75496436827e-010, 4.95008617429e-011, 3.27834218106e-011, 3.95957745758e-012, 5.58909212314e-012, 2.7103471377e-012, 1.70029994858e-012, 3.20140534091e-013, 1.46380859365e-013, 2.19833374594e-014, 2.79536458e-015, 7.14517437865e-015, 2.16469624649e-015, 2.89747048427e-016, 6.37223481789e-017, 9.47875032039e-018, 6.68561533625e-018, 1.40770397975e-019, 5.80986394474e-020, 1.03389110893e-020, 1.03272174696e-020, 4.94520760758e-021]
    },
    "mfcc": {
        "mean": [-796.455749512, 234.277786255, -37.0321769714, -15.7619991302, -3.08162140846, -26.8547401428, -14.6161279678, -12.9940710068, -10.9411258698, -2.48611569405, -2.07005548477, -4.24055242538, -2.62887072563],
        "cov": [[3564.04370117, 1224.09460449, -983.076538086, 615.771179199, -150.051834106, -208.358978271, 94.0843429565, -242.787399292, -139.000305176, -126.022789001, -82.3015136719, -59.1833610535, -111.289466858], [1224.09460449, 715.442993164, -193.684280396, 104.959518433, 67.2607116699, -66.8083953857, 17.8103542328, -39.3757972717, -63.8197441101, -85.4975738525, -91.7217788696, -61.0950164795, -94.7086334229], [-983.076538086, -193.684280396, 510.850860596, -83.4870223999, 101.050514221, 163.858322144, 5.64224720001, 114.313850403, 101.389732361, 4.68158769608, -38.976146698, -26.0071735382, -23.4036407471], [615.771179199, 104.959518433, -83.4870223999, 344.222351074, 5.80106592178, 32.2661323547, 69.2423095703, -52.1906356812, 20.1540298462, -2.53579068184, -22.0452289581, -3.71368741989, -9.0239906311], [-150.051834106, 67.2607116699, 101.050514221, 5.80106592178, 176.568115234, 62.2622642517, 3.20164370537, 26.6660137177, -27.7614593506, -36.5500984192, -41.6110649109, -28.2469863892, -31.0747928619], [-208.358978271, -66.8083953857, 163.858322144, 32.2661323547, 62.2622642517, 210.091659546, 92.5102081299, 57.8096466064, 75.3464660645, -18.865190506, -52.2634544373, -52.5557174683, -63.6100883484], [94.0843429565, 17.8103542328, 5.64224720001, 69.2423095703, 3.20164370537, 92.5102081299, 151.82383728, 58.1534385681, 63.3213882446, 53.5574493408, -31.0232639313, -38.5823249817, -27.7582473755], [-242.787399292, -39.3757972717, 114.313850403, -52.1906356812, 26.6660137177, 57.8096466064, 58.1534385681, 139.234054565, 105.422424316, 33.8492507935, -12.2680530548, -28.6567173004, -22.2339076996], [-139.000305176, -63.8197441101, 101.389732361, 20.1540298462, -27.7614593506, 75.3464660645, 63.3213882446, 105.422424316, 192.908203125, 91.5935821533, -5.38121652603, 2.14018130302, -27.2569732666], [-126.022789001, -85.4975738525, 4.68158769608, -2.53579068184, -36.5500984192, -18.865190506, 53.5574493408, 33.8492507935, 91.5935821533, 197.541503906, 87.7563552856, 19.8434963226, 47.6658172607], [-82.3015136719, -91.7217788696, -38.976146698, -22.0452289581, -41.6110649109, -52.2634544373, -31.0232639313, -12.2680530548, -5.38121652603, 87.7563552856, 134.16734314, 60.0685310364, 49.3533248901], [-59.1833610535, -61.0950164795, -26.0071735382, -3.71368741989, -28.2469863892, -52.5557174683, -38.5823249817, -28.6567173004, 2.14018130302, 19.8434963226, 60.0685310364, 112.817718506, 72.6072006226], [-111.289466858, -94.7086334229, -23.4036407471, -9.0239906311, -31.0747928619, -63.6100883484, -27.7582473755, -22.2339076996, -27.2569732666, 47.6658172607, 49.3533248901, 72.6072006226, 160.970230103]],
        "icov": [[1.15228760242, -1.60953450203, 1.55903244019, -1.46614217758, 1.35831129551, -1.21641266346, 1.04645574093, -0.870058298111, 0.687641322613, -0.48367831111, 0.332958310843, -0.206838428974, 0.0868275985122], [-1.60953450203, 2.25053787231, -2.17715096474, 2.04787158966, -1.89920175076, 1.70160198212, -1.46348977089, 1.21679115295, -0.962182700634, 0.677245616913, -0.465160578489, 0.290093928576, -0.120603844523], [1.55903244019, -2.17715096474, 2.11398720741, -1.98451328278, 1.83845567703, -1.65177071095, 1.42259991169, -1.18383932114, 0.935016512871, -0.659881174564, 0.455707281828, -0.283256709576, 0.118772409856], [-1.46614217758, 2.04787158966, -1.98451328278, 1.87258672714, -1.73423421383, 1.55465221405, -1.34336328506, 1.12192893028, -0.889741897583, 0.627321004868, -0.433487385511, 0.271131366491, -0.115245826542], [1.35831129551, -1.89920175076, 1.83845567703, -1.73423421383, 1.61930882931, -1.44963502884, 1.25228214264, -1.0492310524, 0.837593197823, -0.591324687004, 0.41086384654, -0.258943408728, 0.110284879804], [-1.21641266346, 1.70160198212, -1.65177071095, 1.55465221405, -1.44963502884, 1.31538939476, -1.13624966145, 0.949694991112, -0.761015057564, 0.542320311069, -0.376298099756, 0.239956617355, -0.0999555811286], [1.04645574093, -1.46348977089, 1.42259991169, -1.34336328506, 1.25228214264, -1.13624966145, 0.997911691666, -0.833726644516, 0.668276250362, -0.482067197561, 0.337949216366, -0.213204368949, 0.092074252665], [-0.870058298111, 1.21679115295, -1.18383932114, 1.12192893028, -1.0492310524, 0.949694991112, -0.833726644516, 0.719931483269, -0.578778684139, 0.41209089756, -0.291644781828, 0.191448092461, -0.0834017544985], [0.687641322613, -0.962182700634, 0.935016512871, -0.889741897583, 0.837593197823, -0.761015057564, 0.668276250362, -0.578778684139, 0.481287240982, -0.344542652369, 0.245315492153, -0.164078682661, 0.0739450976253], [-0.48367831111, 0.677245616913, -0.659881174564, 0.627321004868, -0.591324687004, 0.542320311069, -0.482067197561, 0.41209089756, -0.344542652369, 0.259197384119, -0.185520768166, 0.121601030231, -0.0558256320655], [0.332958310843, -0.465160578489, 0.455707281828, -0.433487385511, 0.41086384654, -0.376298099756, 0.337949216366, -0.291644781828, 0.245315492153, -0.185520768166, 0.144878879189, -0.092978656292, 0.0410716049373], [-0.206838428974, 0.290093928576, -0.283256709576, 0.271131366491, -0.258943408728, 0.239956617355, -0.213204368949, 0.191448092461, -0.164078682661, 0.121601030231, -0.092978656292, 0.0766270980239, -0.0336394906044], [0.0868275985122, -0.120603844523, 0.118772409856, -0.115245826542, 0.110284879804, -0.0999555811286, 0.092074252665, -0.0834017544985, 0.0739450976253, -0.0558256320655, 0.0410716049373, -0.0336394906044, 0.0238728206605]]
    },
    "spectral_contrast_coeffs": {
        "mean": [-0.570668935776, -0.643931746483, -0.698066532612, -0.71795463562, -0.712877869606, -0.78973531723],
        "var": [0.0149807473645, 0.00893668923527, 0.00516159227118, 0.00335790449753, 0.00223029195331, 0.00420737732202]
    },
    "spectral_contrast_valleys": {
        "mean": [-8.99026012421, -6.81374740601, -7.90404748917, -9.04541969299, -10.5204648972, -14.4052829742],
        "var": [1.06628251076, 1.18642008305, 1.03683137894, 0.988653242588, 0.995904147625, 0.95311909914]
    }
},
"metadata": {
    "audio_properties": {
        "analysis_sample_rate": 44100,
        "bit_rate": 87820,
        "equal_loudness": 0,
        "length": 45.0873451233,
        "lossless": 0,
        "replay_gain": -4.99187088013,
        "sample_rate": 44100,
        "codec": "mp3",
        "downmix": "mix",
        "md5_encoded": "48732e9ecfe40f0f417e7d8777f164ae"
    },
    "tags": {
        "file_name": "191.mp3"
    },
    "version": {
        "essentia": "2.1-beta2",
        "essentia_git_sha": "v2.1_beta2",
        "extractor": "music 1.0"
    }
},
"rhythm": {
    "beats_count": 129,
    "beats_loudness": {
        "mean": 0.0304967109114,
        "var": 0.00109098537359
    },
    "bpm": 178.205932617,
    "bpm_histogram_first_peak_bpm": {
        "mean": 178,
        "var": 0
    },
    "bpm_histogram_first_peak_spread": {
        "mean": 0,
        "var": 0
    },
    "bpm_histogram_first_peak_weight": {
        "mean": 0.296875,
        "var": 0
    },
    "bpm_histogram_second_peak_bpm": {
        "mean": 185,
        "var": 0
    },
    "bpm_histogram_second_peak_spread": {
        "mean": 0,
        "var": 0
    },
    "bpm_histogram_second_peak_weight": {
        "mean": 0.2109375,
        "var": 0
    },
    "danceability": 1.03819298744,
    "onset_rate": 4.25675678253,
    "beats_loudness_band_ratio": {
        "mean": [0.119823738933, 0.402131468058, 0.454683423042, 0.123397536576, 0.0175307188183, 0.000661097641569],
        "var": [0.0257034748793, 0.0832450762391, 0.0673906803131, 0.0273881461471, 0.000379892153433, 7.70642600401e-007]
    },
    "beats_position": [0.336689323187, 0.684988677502, 1.04489791393, 1.39319729805, 1.75310659409, 2.11301589012, 2.46131515503, 2.80961441994, 3.14630389214, 3.48299312592, 3.8196823597, 4.15637159348, 4.49306106567, 4.82975053787, 5.15482997894, 5.4915189743, 5.8282084465, 6.1648979187, 6.5015873909, 6.84988641739, 7.18657588959, 7.52326536179, 7.87156438828, 8.20825386047, 8.54494285583, 8.88163280487, 9.21832180023, 9.54340076447, 9.8800907135, 10.2167797089, 10.5418596268, 10.866938591, 11.2036275864, 11.5403175354, 11.8770065308, 12.2253055573, 12.5852155685, 12.9451246262, 13.3050336838, 13.6649427414, 14.0248527527, 14.3963718414, 14.756280899, 15.1161899567, 15.4760990143, 15.8360090256, 16.2075271606, 16.5790481567, 16.9505672455, 17.3220863342, 17.693605423, 18.0651245117, 18.4366436005, 18.8081626892, 19.1912918091, 19.5279808044, 19.853061676, 20.1897506714, 20.5264396667, 20.8863487244, 21.246257782, 21.6177768707, 21.9660758972, 22.3375968933, 22.7091159821, 23.0922451019, 23.4753742218, 23.8585033417, 24.2300224304, 24.6131515503, 24.9730606079, 25.3329696655, 25.7044887543, 26.076007843, 26.4475269318, 26.7609977722, 27.0860767365, 27.4111557007, 27.747844696, 28.0845336914, 28.4444446564, 28.804353714, 29.1758728027, 29.5357818604, 29.895690918, 30.2555999756, 30.6271190643, 30.9986381531, 31.358549118, 31.6952381134, 32.0435371399, 32.391834259, 32.7401351929, 33.0768241882, 33.4135131836, 33.7385940552, 34.0752830505, 34.4119720459, 34.7370529175, 35.0621299744, 35.3872108459, 35.7122879028, 36.0373687744, 36.3508377075, 36.6759185791, 37.000995636, 37.3376846313, 37.6627655029, 37.9878463745, 38.3245353699, 38.6612243652, 38.9863014221, 39.3113822937, 39.6364631653, 39.9615402222, 40.2866210938, 40.6349182129, 40.9599990845, 41.2850799561, 41.6333770752, 41.9584579468, 42.2835350037, 42.6086158752, 42.9453048706, 43.281993866, 43.6302947998, 43.9669837952, 44.3036727905, 44.6519737244]
},
"tonal": {
    "chords_changes_rate": 0.0493827164173,
    "chords_number_rate": 0.00823045242578,
    "chords_strength": {
        "mean": 0.529717862606,
        "var": 0.00884560123086
    },
    "hpcp_entropy": {
        "mean": 1.35344040394,
        "var": 0.462799817324
    },
    "key_strength": 0.880633294582,
    "tuning_diatonic_strength": 0.626671493053,
    "tuning_equal_tempered_deviation": 0.0107093695551,
    "tuning_frequency": 443.060424805,
    "tuning_nontempered_energy_ratio": 0.599879860878,
    "hpcp": {
        "mean": [0.214955583215, 0.112810559571, 0.0201100334525, 0.0135146752, 0.0177670139819, 0.119423933327, 0.210343420506, 0.122926130891, 0.0795382261276, 0.112021170557, 0.0620117671788, 0.0445212312043, 0.072876162827, 0.0597739703953, 0.218443647027, 0.386224836111, 0.20210942626, 0.0167363621294, 0.00624618493021, 0.00971826538444, 0.0902781486511, 0.17947678268, 0.112365655601, 0.0278334952891, 0.022523175925, 0.029084995389, 0.154509112239, 0.256627947092, 0.155230075121, 0.175094857812, 0.245993748307, 0.114114165306, 0.0173520892859, 0.0175148416311, 0.0236063729972, 0.128841936588],
        "var": [0.104040682316, 0.0301687903702, 0.00260179000907, 0.00356456590816, 0.00550179649144, 0.0427987650037, 0.117219179869, 0.0412013940513, 0.0312081556767, 0.0761916190386, 0.0230493061244, 0.0141735561192, 0.0391791462898, 0.0201498307288, 0.0545241348445, 0.166680529714, 0.0543824955821, 0.00154641736299, 0.000249777338468, 0.000784659117926, 0.0263396240771, 0.0879920646548, 0.037367336452, 0.00752992741764, 0.00953958649188, 0.00760259618983, 0.0571305900812, 0.137451663613, 0.0495551750064, 0.0614224411547, 0.122063294053, 0.0312769934535, 0.00265808077529, 0.00370729691349, 0.00709430733696, 0.0421819202602]
    },
    "chords_histogram": [32.5102882385, 6.58436203003, 34.8765449524, 3.29218101501, 4.52674913406, 0.102880656719, 0, 0, 0, 0, 0, 0, 0, 0, 0, 0, 0, 0, 0, 2.26337456703, 0, 0.925925910473, 8.53909492493, 6.37860059738],
    "thpcp": [1, 0.523294746876, 0.0433332100511, 0.0161724053323, 0.0251621976495, 0.233745068312, 0.464695096016, 0.290933281183, 0.0720655247569, 0.0583162270486, 0.0753058642149, 0.40004965663, 0.664452195168, 0.401916354895, 0.453349560499, 0.636918485165, 0.29546046257, 0.0449274294078, 0.0453488230705, 0.0611208043993, 0.333593100309, 0.556555569172, 0.292085200548, 0.0520682036877, 0.0349917300045, 0.0460017398, 0.309208333492, 0.5446138978, 0.318276077509, 0.205937623978, 0.290041357279, 0.160558730364, 0.115272834897, 0.188688442111, 0.154764696956, 0.565586745739],
    "chords_key": "D",
    "chords_scale": "major",
    "key_key": "G",
    "key_scale": "major"
}
}