{
"lowlevel": {
    "average_loudness": 0.938175082207,
    "barkbands_crest": {
        "mean": 8.36984825134,
        "var": 13.1625785828
    },
    "barkbands_flatness_db": {
        "mean": 0.118486821651,
        "var": 0.00144486408681
    },
    "barkbands_kurtosis": {
        "mean": 0.924246191978,
        "var": 6.93107223511
    },
    "barkbands_skewness": {
        "mean": 0.832627475262,
        "var": 0.524930417538
    },
    "barkbands_spread": {
        "mean": 22.1960716248,
        "var": 66.4752655029
    },
    "dissonance": {
        "mean": 0.473220229149,
        "var": 0.000363508617738
    },
    "dynamic_complexity": 2.74550104141,
    "erbbands_crest": {
        "mean": 9.63734722137,
        "var": 16.7219829559
    },
    "erbbands_flatness_db": {
        "mean": 0.178742319345,
        "var": 0.0011918063974
    },
    "erbbands_kurtosis": {
        "mean": 0.565242469311,
        "var": 3.93277287483
    },
    "erbbands_skewness": {
        "mean": 0.32194852829,
        "var": 0.329361438751
    },
    "erbbands_spread": {
        "mean": 29.2818145752,
        "var": 126.024185181
    },
    "hfc": {
        "mean": 23.9431915283,
        "var": 355.516387939
    },
    "melbands_crest": {
        "mean": 12.0444450378,
        "var": 22.4240112305
    },
    "melbands_flatness_db": {
        "mean": 0.17402972281,
        "var": 0.00261562131345
    },
    "melbands_kurtosis": {
        "mean": 4.47187662125,
        "var": 69.013961792
    },
    "melbands_skewness": {
        "mean": 1.55467784405,
        "var": 1.14315259457
    },
    "melbands_spread": {
        "mean": 28.4155139923,
        "var": 148.984542847
    },
    "pitch_salience": {
        "mean": 0.582995176315,
        "var": 0.0106614753604
    },
    "silence_rate_20dB": {
        "mean": 1,
        "var": 0
    },
    "silence_rate_30dB": {
        "mean": 1,
        "var": 0
    },
    "silence_rate_60dB": {
        "mean": 0.00205973233096,
        "var": 0.00205553835258
    },
    "spectral_centroid": {
        "mean": 1517.73999023,
        "var": 229763.40625
    },
    "spectral_complexity": {
        "mean": 23.6323375702,
        "var": 70.0616226196
    },
    "spectral_decrease": {
        "mean": -6.01202376771e-009,
        "var": 1.24715352715e-017
    },
    "spectral_energy": {
        "mean": 0.0248624682426,
        "var": 0.000212602739339
    },
    "spectral_energyband_high": {
        "mean": 0.000910390575882,
        "var": 1.79711298642e-006
    },
    "spectral_energyband_low": {
        "mean": 0.00626598577946,
        "var": 7.05378552084e-005
    },
    "spectral_energyband_middle_high": {
        "mean": 0.00978828314692,
        "var": 8.30724311527e-005
    },
    "spectral_energyband_middle_low": {
        "mean": 0.00886890199035,
        "var": 4.47599268227e-005
    },
    "spectral_entropy": {
        "mean": 7.58668470383,
        "var": 0.0721372291446
    },
    "spectral_flux": {
        "mean": 0.077751211822,
        "var": 0.00110432086512
    },
    "spectral_kurtosis": {
        "mean": 4.92339897156,
        "var": 7.62290668488
    },
    "spectral_rms": {
        "mean": 0.00466338964179,
        "var": 2.50888433584e-006
    },
    "spectral_rolloff": {
        "mean": 1648.04077148,
        "var": 1022153.375
    },
    "spectral_skewness": {
        "mean": 1.519141078,
        "var": 0.106135852635
    },
    "spectral_spread": {
        "mean": 3775087.75,
        "var": 2.40939748557e+012
    },
    "spectral_strongpeak": {
        "mean": 1.42634296417,
        "var": 2.27009773254
    },
    "zerocrossingrate": {
        "mean": 0.0600729249418,
        "var": 0.000628359965049
    },
    "barkbands": {
        "mean": [0.000185862139915, 0.00298590795137, 0.00231899204664, 0.00132762838621, 0.00100907578599, 0.000698971620295, 0.00213218806311, 0.00191030825954, 0.00144265731797, 0.00139815255534, 0.00144437712152, 0.00319641944952, 0.0011061137775, 0.000696177303325, 0.00048772097216, 0.000272209726973, 0.00037510736729, 0.000427023565862, 0.00038147426676, 0.000424214202212, 0.000269108713837, 9.69670218183e-005, 0.000114562208182, 9.92327186395e-005, 4.24748395744e-005, 1.82327803486e-005, 1.33269963953e-006],
        "var": [3.71054710513e-007, 3.66378226317e-005, 7.94379775471e-006, 3.23346580444e-006, 1.21302480238e-006, 9.26781012822e-007, 1.32669483719e-005, 1.30465477923e-005, 1.04589153125e-005, 7.53800759412e-006, 4.06773051509e-006, 2.59497537627e-005, 2.94214601126e-006, 1.25156816466e-006, 9.31798297188e-007, 6.69095996386e-008, 1.65405651842e-007, 5.2511990134e-007, 1.56626100534e-007, 4.70540271635e-007, 2.94216363272e-007, 2.74626827945e-008, 6.22299154429e-008, 3.13146095721e-008, 5.11532904923e-009, 1.27662191929e-009, 1.07137857613e-011]
    },
    "erbbands": {
        "mean": [0.0296910703182, 0.850542962551, 2.82297325134, 4.02677106857, 3.14077711105, 3.68999695778, 4.43048858643, 5.95377874374, 21.7217617035, 38.9409370422, 43.4370536804, 37.3481445313, 31.4417285919, 50.9497375488, 98.0799026489, 112.061203003, 55.3248634338, 42.4806060791, 31.658033371, 16.1001281738, 16.609621048, 22.7311439514, 23.3254680634, 18.774274826, 20.0458698273, 22.7362060547, 16.0411148071, 6.53299713135, 3.76935577393, 2.33328843117, 3.69709730148, 2.8891890049, 1.24411225319, 0.58216714859, 0.234682306647, 0.102214820683, 0.0296352561563, 0.00501603027806, 0.000157057933393, 3.48468784068e-005],
        "var": [0.00227598566562, 2.93001389503, 16.6963024139, 21.8765697479, 16.8804969788, 17.5313243866, 18.9807529449, 75.5741424561, 1071.13781738, 4096.34716797, 6618.44042969, 7835.31347656, 5922.6171875, 6470.80126953, 18253.7988281, 31141.5878906, 6208.46435547, 4130.1484375, 3731.95263672, 323.872375488, 188.849700928, 485.193878174, 1466.77038574, 805.155395508, 362.795135498, 1322.47399902, 948.116455078, 183.425628662, 42.1291809082, 14.1481113434, 70.7465057373, 35.7003517151, 3.56766295433, 1.08946597576, 0.163472384214, 0.0362883508205, 0.00381205836311, 0.000111905137601, 1.0913756654e-007, 5.29341181998e-010]
    },
    "gfcc": {
        "mean": [5.77112007141, 102.054145813, -142.047836304, 25.7766799927, -57.8802223206, 14.8067646027, -29.4871463776, 11.0781936646, -25.5239238739, -0.740184247494, -11.9895591736, -7.36216878891, -15.1709070206],
        "cov": [[4243.71923828, -1770.98803711, 160.883789063, -146.498352051, -621.832458496, 597.076965332, 87.5992584229, 208.192398071, -539.046386719, 425.545501709, 207.411376953, 17.5113811493, -448.817871094], [-1770.98803711, 1485.98974609, -171.221008301, 112.335136414, 422.38848877, -383.964233398, 19.3672504425, -142.719207764, 336.93637085, -220.266815186, -44.1495475769, -50.1385536194, 258.472442627], [160.883789063, -171.221008301, 379.746246338, 54.0090255737, 16.1550064087, 143.543869019, -31.3617153168, 55.3249053955, -34.8630905151, 49.1916809082, 16.5067462921, 60.7687568665, -30.1776428223], [-146.498352051, 112.335136414, 54.0090255737, 186.254150391, 58.2592697144, -19.2320785522, 0.943854153156, 23.4672412872, 67.9491043091, -14.6006546021, -5.73308563232, -12.138876915, 58.7711181641], [-621.832458496, 422.38848877, 16.1550064087, 58.2592697144, 249.434326172, -65.2220687866, 22.9999332428, -20.6085681915, 92.9085617065, -65.7331314087, -35.5977516174, 10.0845146179, 75.6976242065], [597.076965332, -383.964233398, 143.543869019, -19.2320785522, -65.2220687866, 333.643005371, 81.905708313, 26.527677536, -164.58682251, 75.0384674072, 87.2357406616, 40.121383667, -84.9270477295], [87.5992584229, 19.3672504425, -31.3617153168, 0.943854153156, 22.9999332428, 81.905708313, 173.804031372, 9.61925506592, -43.3274230957, 27.5404090881, 28.1543865204, -3.49308657646, -12.4265136719], [208.192398071, -142.719207764, 55.3249053955, 23.4672412872, -20.6085681915, 26.527677536, 9.61925506592, 96.7024002075, 9.7059431076, 43.461151123, -8.79820537567, -4.27071475983, -16.1869659424], [-539.046386719, 336.93637085, -34.8630905151, 67.9491043091, 92.9085617065, -164.58682251, -43.3274230957, 9.7059431076, 233.193496704, -54.0033569336, -47.746635437, -12.4883966446, 80.7494277954], [425.545501709, -220.266815186, 49.1916809082, -14.6006546021, -65.7331314087, 75.0384674072, 27.5404090881, 43.461151123, -54.0033569336, 124.960357666, 61.1139297485, 3.52996897697, -57.0043563843], [207.411376953, -44.1495475769, 16.5067462921, -5.73308563232, -35.5977516174, 87.2357406616, 28.1543865204, -8.79820537567, -47.746635437, 61.1139297485, 130.845077515, 18.3849697113, -31.3741073608], [17.5113811493, -50.1385536194, 60.7687568665, -12.138876915, 10.0845146179, 40.121383667, -3.49308657646, -4.27071475983, -12.4883966446, 3.52996897697, 18.3849697113, 74.1650161743, 8.61977672577], [-448.817871094, 258.472442627, -30.1776428223, 58.7711181641, 75.6976242065, -84.9270477295, -12.4265136719, -16.1869659424, 80.7494277954, -57.0043563843, -31.3741073608, 8.61977672577, 116.00907135]],
        "icov": [[0.000777433800977, -0.000216135988012, 0.000502047303598, -0.000672933936585, 0.00113901158329, -0.000621534243692, 0.000318805075949, -0.000974448688794, 0.000775231223088, -0.00118012318853, 0.000570457312278, -0.000870207848493, 0.00176021363586], [-0.000216135988012, 0.00491991499439, -0.00150062108878, 0.0018666817341, -0.00521896220744, 0.00336546101607, -0.00249624298885, 0.00395531067625, -0.00274704466574, 0.00347542972304, -0.00517099909484, 0.00516294874251, -0.00514249270782], [0.000502047303598, -0.00150062108878, 0.00563957355917, -0.0027230209671, 0.000860970350914, -0.00346351950429, 0.00308610801585, -0.00309914513491, 0.00118856062181, -0.00304829026572, 0.00306438980624, -0.00533604295924, 0.00383316143416], [-0.000672933936585, 0.0018666817341, -0.0027230209671, 0.00956700183451, -0.00312342029065, 0.00100708578248, -0.0014509226894, 0.000441341253463, -0.00290511711501, 0.00248411414213, -0.00370822683908, 0.00628052605316, -0.00786280818284], [0.00113901158329, -0.00521896220744, 0.000860970350914, -0.00312342029065, 0.0129433106631, -0.00360904936679, 0.00064269680297, -0.00388259696774, 0.00208540819585, -0.00299336155877, 0.00613651238382, -0.00668313028291, 0.00551401171833], [-0.000621534243692, 0.00336546101607, -0.00346351950429, 0.00100708578248, -0.00360904936679, 0.010324199684, -0.00462898379192, 0.00186971877702, 0.00125342549291, 0.00449657579884, -0.0066209435463, 0.0021194324363, -0.00224710046314], [0.000318805075949, -0.00249624298885, 0.00308610801585, -0.0014509226894, 0.00064269680297, -0.00462898379192, 0.00958879757673, -0.00324812717736, 0.00229838094674, -0.00388104165904, 0.00274582765996, -0.00224729184993, 0.00250144675374], [-0.000974448688794, 0.00395531067625, -0.00309914513491, 0.000441341253463, -0.00388259696774, 0.00186971877702, -0.00324812717736, 0.0203285720199, -0.00571107119322, -0.00310073816217, 0.00039117273991, 0.00573021452874, -0.00508989533409], [0.000775231223088, -0.00274704466574, 0.00118856062181, -0.00290511711501, 0.00208540819585, 0.00125342549291, 0.00229838094674, -0.00571107119322, 0.0108331609517, -0.00167583499569, 0.00224198191427, -0.00360452989116, 0.00241698487662], [-0.00118012318853, 0.00347542972304, -0.00304829026572, 0.00248411414213, -0.00299336155877, 0.00449657579884, -0.00388104165904, -0.00310073816217, -0.00167583499569, 0.0210943613201, -0.0112346019596, 0.00485720299184, -0.00183128856588], [0.000570457312278, -0.00517099909484, 0.00306438980624, -0.00370822683908, 0.00613651238382, -0.0066209435463, 0.00274582765996, 0.00039117273991, 0.00224198191427, -0.0112346019596, 0.0187640506774, -0.00834556110203, 0.00651520956308], [-0.000870207848493, 0.00516294874251, -0.00533604295924, 0.00628052605316, -0.00668313028291, 0.0021194324363, -0.00224729184993, 0.00573021452874, -0.00360452989116, 0.00485720299184, -0.00834556110203, 0.025214727968, -0.0122033469379], [0.00176021363586, -0.00514249270782, 0.00383316143416, -0.00786280818284, 0.00551401171833, -0.00224710046314, 0.00250144675374, -0.00508989533409, 0.00241698487662, -0.00183128856588, 0.00651520956308, -0.0122033469379, 0.0262693632394]]
    },
    "melbands": {
        "mean": [0.000553079647943, 0.0014398524072, 0.000660101417452, 0.000242816298851, 0.000155544825247, 0.000134287911351, 0.000372522423277, 0.000430239248089, 0.000347860885086, 0.000211724880501, 0.00015211974096, 0.000200811729883, 0.000264374801191, 0.000401332275942, 0.000164713157574, 9.94069268927e-005, 7.66550438129e-005, 5.19874520251e-005, 2.78925290331e-005, 1.70161893038e-005, 1.93822434085e-005, 2.33764112636e-005, 2.12824543269e-005, 2.16490552702e-005, 1.39530229717e-005, 1.45314434121e-005, 1.32633085741e-005, 1.55520046974e-005, 1.09377124318e-005, 6.15253156866e-006, 2.98885538541e-006, 2.35975198848e-006, 1.37415531754e-006, 1.19621677186e-006, 1.89676995888e-006, 2.48844798989e-006, 1.49203901856e-006, 8.60781256051e-007, 6.92003368385e-007, 4.16744597942e-007],
        "var": [1.09484369659e-006, 5.36816196473e-006, 5.25418329289e-007, 8.79635706497e-008, 1.97294305337e-008, 4.24145376599e-008, 3.47539099721e-007, 4.5250467906e-007, 3.91975646608e-007, 2.77102003565e-007, 1.52720687652e-007, 1.18250461867e-007, 1.21818146681e-007, 4.06118147112e-007, 5.80947876472e-008, 2.45799167686e-008, 1.71909793067e-008, 1.07614317457e-008, 2.0263684064e-009, 3.67676250557e-010, 2.94942903434e-010, 4.60399413038e-010, 1.10546249932e-009, 2.00283678531e-009, 5.27114574211e-010, 1.88967938519e-010, 2.61319910155e-010, 7.48144490803e-010, 5.02682839798e-010, 2.03288066936e-010, 3.82072880278e-011, 2.0828712019e-011, 4.88570902485e-012, 4.35668341681e-012, 1.83083530975e-011, 3.43159944904e-011, 9.83258613418e-012, 1.64185971676e-012, 1.43065127887e-012, 6.54827103999e-013]
    },
    "mfcc": {
        "mean": [-628.41418457, 129.426727295, -21.392578125, 14.3838415146, -4.1569275856, 1.7188270092, 7.88108158112, 4.67030096054, -2.3684489727, 5.83685731888, -2.5864918232, 4.91679382324, -0.0379789173603],
        "cov": [[3593.62060547, -1578.33654785, 375.765563965, -539.021606445, -460.740203857, 91.6568908691, 562.855529785, -74.4262313843, -392.876281738, 77.521697998, 155.781890869, 415.655487061, -6.83167791367], [-1578.33654785, 1259.61010742, -306.586791992, 335.425598145, 224.814193726, -42.3646392822, -239.516296387, 15.7024068832, 184.748748779, -43.6425247192, -35.3259277344, -175.851760864, 27.3409061432], [375.765563965, -306.586791992, 356.958435059, -80.6143798828, 29.2796535492, 71.3226547241, 82.5038604736, 33.6920967102, -66.8963088989, 24.6530208588, -1.66585063934, 64.8050842285, 32.7404518127], [-539.021606445, 335.425598145, -80.6143798828, 300.432800293, 108.133483887, -63.5962867737, -146.371551514, 3.45091104507, 125.614578247, 41.917137146, -35.3108329773, -49.2113304138, -21.3547267914], [-460.740203857, 224.814193726, 29.2796535492, 108.133483887, 208.15725708, 1.91274285316, -103.929992676, 33.735118866, 50.1336784363, 9.84854221344, -28.4868717194, -63.8481750488, 26.0186405182], [91.6568908691, -42.3646392822, 71.3226547241, -63.5962867737, 1.91274285316, 153.658218384, 138.158920288, 37.3254241943, -27.2417240143, -34.4377212524, 32.8521080017, 13.2389307022, 39.4217605591], [562.855529785, -239.516296387, 82.5038604736, -146.371551514, -103.929992676, 138.158920288, 332.539031982, 11.6234359741, -87.9361801147, -37.8619270325, 70.5291671753, 76.5326461792, 47.1414909363], [-74.4262313843, 15.7024068832, 33.6920967102, 3.45091104507, 33.735118866, 37.3254241943, 11.6234359741, 83.7913284302, 29.2023410797, -2.34357070923, -2.13698840141, -13.5106859207, 3.97696447372], [-392.876281738, 184.748748779, -66.8963088989, 125.614578247, 50.1336784363, -27.2417240143, -87.9361801147, 29.2023410797, 160.904602051, 26.6711082458, -16.9159355164, -57.2399406433, -29.2940177917], [77.521697998, -43.6425247192, 24.6530208588, 41.917137146, 9.84854221344, -34.4377212524, -37.8619270325, -2.34357070923, 26.6711082458, 94.9473342896, 7.42661809921, 28.6094169617, -17.7466335297], [155.781890869, -35.3259277344, -1.66585063934, -35.3108329773, -28.4868717194, 32.8521080017, 70.5291671753, -2.13698840141, -16.9159355164, 7.42661809921, 85.7257156372, 39.62317276, 15.3489189148], [415.655487061, -175.851760864, 64.8050842285, -49.2113304138, -63.8481750488, 13.2389307022, 76.5326461792, -13.5106859207, -57.2399406433, 28.6094169617, 39.62317276, 142.821212769, 7.64359951019], [-6.83167791367, 27.3409061432, 32.7404518127, -21.3547267914, 26.0186405182, 39.4217605591, 47.1414909363, 3.97696447372, -29.2940177917, -17.7466335297, 15.3489189148, 7.64359951019, 87.4941482544]],
        "icov": [[0.0010112975724, 0.000731252308469, -2.19620742428e-005, 0.000103723432403, 0.000496373744681, 0.00041768522351, -0.00078417127952, 2.01755428861e-005, 0.000840052205604, -0.000651768234093, -0.000265148672042, -0.000863913039211, 0.000240823705099], [0.000731252308469, 0.00239284732379, 0.00123835867271, -0.00121277058497, -0.000664864608552, -0.000339311460266, 8.47400315251e-006, 8.16909014247e-005, 0.000262046814896, 0.000565025315154, -0.000680113327689, -0.000202658469789, -0.000768362544477], [-2.19620742428e-005, 0.00123835867271, 0.00520867761225, 0.000103336838947, -0.00222900696099, -0.00187443580944, -4.13466841565e-005, -0.00111496658064, 0.000915669137612, -0.00143720954657, 0.00181361148134, -0.00144482194446, -0.000909070309717], [0.000103723432403, -0.00121277058497, 0.000103336838947, 0.00755811017007, -0.00206152093597, 0.0010707420297, -0.000106194878754, 0.00131383934058, -0.00368324224837, -0.00190038187429, 0.00154052302241, -0.0016310501378, 0.000574813922867], [0.000496373744681, -0.000664864608552, -0.00222900696099, -0.00206152093597, 0.0104399397969, -0.00152711360715, 0.00241321627982, -0.00232951529324, 0.00146697182208, -0.00166765705217, -0.000222494301852, 0.00248043960892, -0.00305816391483], [0.00041768522351, -0.000339311460266, -0.00187443580944, 0.0010707420297, -0.00152711360715, 0.0148845780641, -0.00577034242451, -0.00379539141431, -0.000494754116517, 0.00273027247749, -0.00228488771245, 0.000204197611311, -0.0010982536478], [-0.00078417127952, 8.47400315251e-006, -4.13466841565e-005, -0.000106194878754, 0.00241321627982, -0.00577034242451, 0.00849153660238, -0.000271133234492, 0.000179638242116, 0.00155535934027, -0.00225184950978, -0.000197002940695, -0.00196705618873], [2.01755428861e-005, 8.16909014247e-005, -0.00111496658064, 0.00131383934058, -0.00232951529324, -0.00379539141431, -0.000271133234492, 0.0165037419647, -0.00440803030506, 0.00027282271185, 0.000802285736427, -7.77484892751e-005, 0.000958201359026], [0.000840052205604, 0.000262046814896, 0.000915669137612, -0.00368324224837, 0.00146697182208, -0.000494754116517, 0.000179638242116, -0.00440803030506, 0.0134394718334, -0.00359415169805, -0.00120703992434, 0.00269542029127, 0.00237929099239], [-0.000651768234093, 0.000565025315154, -0.00143720954657, -0.00190038187429, -0.00166765705217, 0.00273027247749, 0.00155535934027, 0.00027282271185, -0.00359415169805, 0.0167952142656, -0.00318148476072, -0.00320831825957, 0.00130351178814], [-0.000265148672042, -0.000680113327689, 0.00181361148134, 0.00154052302241, -0.000222494301852, -0.00228488771245, -0.00225184950978, 0.000802285736427, -0.00120703992434, -0.00318148476072, 0.0171415302902, -0.00347985932603, -0.00159089872614], [-0.000863913039211, -0.000202658469789, -0.00144482194446, -0.0016310501378, 0.00248043960892, 0.000204197611311, -0.000197002940695, -7.77484892751e-005, 0.00269542029127, -0.00320831825957, -0.00347985932603, 0.0132837044075, -0.000879822182469], [0.000240823705099, -0.000768362544477, -0.000909070309717, 0.000574813922867, -0.00305816391483, -0.0010982536478, -0.00196705618873, 0.000958201359026, 0.00237929099239, 0.00130351178814, -0.00159089872614, -0.000879822182469, 0.0160062182695]]
    },
    "spectral_contrast_coeffs": {
        "mean": [-0.640268027782, -0.732619047165, -0.741592466831, -0.774163961411, -0.762382507324, -0.751399457455],
        "var": [0.00391875999048, 0.00527477776632, 0.00367582100444, 0.00175728532486, 0.00173348176759, 0.00135339109693]
    },
    "spectral_contrast_valleys": {
        "mean": [-7.47782373428, -6.51802778244, -6.80955457687, -7.285197258, -7.38549089432, -10.4329414368],
        "var": [0.513724625111, 0.455609202385, 0.561222910881, 0.461704224348, 0.718040168285, 1.56553411484]
    }
},
"metadata": {
    "audio_properties": {
        "analysis_sample_rate": 44100,
        "bit_rate": 128074,
        "equal_loudness": 0,
        "length": 45.0612258911,
        "lossless": 0,
        "replay_gain": -6.26664924622,
        "sample_rate": 44100,
        "codec": "mp3",
        "downmix": "mix",
        "md5_encoded": "20eaf70f7fe7edce7dbbe41cb2283e72"
    },
    "tags": {
        "file_name": "1911.mp3"
    },
    "version": {
        "essentia": "2.1-beta2",
        "essentia_git_sha": "v2.1_beta2",
        "extractor": "music 1.0"
    }
},
"rhythm": {
    "beats_count": 69,
    "beats_loudness": {
        "mean": 0.0259083099663,
        "var": 9.20786187635e-005
    },
    "bpm": 93.1656341553,
    "bpm_histogram_first_peak_bpm": {
        "mean": 92,
        "var": 0
    },
    "bpm_histogram_first_peak_spread": {
        "mean": 0.5,
        "var": 0
    },
    "bpm_histogram_first_peak_weight": {
        "mean": 0.5,
        "var": 0
    },
    "bpm_histogram_second_peak_bpm": {
        "mean": 0,
        "var": 0
    },
    "bpm_histogram_second_peak_spread": {
        "mean": 0,
        "var": 0
    },
    "bpm_histogram_second_peak_weight": {
        "mean": 0,
        "var": 0
    },
    "danceability": 1.12733197212,
    "onset_rate": 2.83929944038,
    "beats_loudness_band_ratio": {
        "mean": [0.332623034716, 0.113128565252, 0.234768629074, 0.216633245349, 0.0804653093219, 0.0603602528572],
        "var": [0.0473842546344, 0.00667424779385, 0.0171838402748, 0.0299492329359, 0.0033088515047, 0.00234420155175]
    },
    "beats_position": [0.650158703327, 1.31192743778, 1.97369611263, 2.60063481331, 3.25079369545, 3.88934230804, 4.52789115906, 5.17804956436, 5.8282084465, 6.47836732864, 7.12852573395, 7.75546455383, 8.39401340485, 9.03256225586, 9.67111110687, 10.3096599579, 10.95981884, 11.6099767685, 12.2601356506, 12.8986845016, 13.5372333527, 14.1757822037, 14.8259410858, 15.4760990143, 16.1378688812, 16.7880268097, 17.4381847382, 18.088344574, 18.7385025024, 19.3770523071, 20.0272102356, 20.6889801025, 21.339138031, 21.9776859283, 22.616235733, 23.2663936615, 23.9165534973, 24.5434913635, 25.1704311371, 25.8089790344, 26.435918808, 27.0744667053, 27.7246246338, 28.3747844696, 29.0249423981, 29.6751022339, 30.3484802246, 31.0102481842, 31.6720180511, 32.322177887, 32.9723358154, 33.6224937439, 34.2726516724, 34.9112014771, 35.5381393433, 36.1650772095, 36.8036270142, 37.4421768188, 38.0807266235, 38.730884552, 39.369430542, 40.0195922852, 40.6465301514, 41.2734680176, 41.9120178223, 42.5389556885, 43.1775054932, 43.8160552979, 44.4546012878]
},
"tonal": {
    "chords_changes_rate": 0.0751028805971,
    "chords_number_rate": 0.0144032919779,
    "chords_strength": {
        "mean": 0.525298416615,
        "var": 0.00795914791524
    },
    "hpcp_entropy": {
        "mean": 2.07043814659,
        "var": 0.509402871132
    },
    "key_strength": 0.722188234329,
    "tuning_diatonic_strength": 0.610778033733,
    "tuning_equal_tempered_deviation": 0.104262940586,
    "tuning_frequency": 441.272583008,
    "tuning_nontempered_energy_ratio": 0.757480621338,
    "hpcp": {
        "mean": [0.308862507343, 0.195700839162, 0.114774085581, 0.113041326404, 0.114936687052, 0.193266198039, 0.238796427846, 0.17472282052, 0.139354154468, 0.135237231851, 0.13699182868, 0.211330920458, 0.224306285381, 0.180337056518, 0.282556295395, 0.340144217014, 0.232632875443, 0.147554770112, 0.13254751265, 0.144757255912, 0.226078227162, 0.26622954011, 0.197536036372, 0.175719410181, 0.171526789665, 0.113996259868, 0.0985207334161, 0.10344786942, 0.0978945493698, 0.129207879305, 0.138394504786, 0.109834089875, 0.0953206345439, 0.0896124094725, 0.107354268432, 0.23424372077],
        "var": [0.10753338784, 0.0550953522325, 0.0381957665086, 0.0440402813256, 0.0330613031983, 0.0633285567164, 0.090521954, 0.0436921678483, 0.0361444354057, 0.0423839949071, 0.0369725301862, 0.0737128779292, 0.0759553015232, 0.0404606573284, 0.0831007957458, 0.119712337852, 0.0648927465081, 0.0400526337326, 0.035215113312, 0.0471396557987, 0.0703031048179, 0.0784825012088, 0.0571002289653, 0.0695695281029, 0.0856252536178, 0.0391382984817, 0.0214622505009, 0.0227498281747, 0.0222023800015, 0.0380084998906, 0.0473760850728, 0.0290337279439, 0.0242941528559, 0.0217685643584, 0.0266356319189, 0.0655852034688]
    },
    "chords_histogram": [9.77366256714, 0.102880656719, 5.14403295517, 1.13168728352, 1.64609050751, 0, 1.85185182095, 9.25925922394, 1.23456788063, 0, 1.33744859695, 0.720164597034, 0, 0, 0, 0, 0, 32.4074058533, 15.5349798203, 1.95473253727, 0, 8.84773635864, 4.52674913406, 4.52674913406],
    "thpcp": [1, 0.683924257755, 0.43380060792, 0.389680325985, 0.425576120615, 0.664654016495, 0.782696068287, 0.580742001534, 0.516602694988, 0.504276633263, 0.33514097333, 0.289644002914, 0.304129451513, 0.287803053856, 0.379862040281, 0.40687006712, 0.322904467583, 0.280235946178, 0.263454169035, 0.315613985062, 0.688660025597, 0.908033967018, 0.575346648693, 0.337427705526, 0.332333534956, 0.33790576458, 0.568188965321, 0.702044665813, 0.51367276907, 0.409691393375, 0.397587925196, 0.402746319771, 0.621298015118, 0.659444630146, 0.530178248882, 0.830695569515],
    "chords_key": "D",
    "chords_scale": "minor",
    "key_key": "D",
    "key_scale": "major"
}
}