{
"lowlevel": {
    "average_loudness": 0.973725914955,
    "barkbands_crest": {
        "mean": 9.13302230835,
        "var": 18.3217182159
    },
    "barkbands_flatness_db": {
        "mean": 0.0902053043246,
        "var": 0.00129124138039
    },
    "barkbands_kurtosis": {
        "mean": -0.0281167235225,
        "var": 11.7999296188
    },
    "barkbands_skewness": {
        "mean": 0.776023685932,
        "var": 0.868742287159
    },
    "barkbands_spread": {
        "mean": 51.8051986694,
        "var": 224.695053101
    },
    "dissonance": {
        "mean": 0.490234255791,
        "var": 5.1984370657e-005
    },
    "dynamic_complexity": 1.30140066147,
    "erbbands_crest": {
        "mean": 6.59719419479,
        "var": 14.0270519257
    },
    "erbbands_flatness_db": {
        "mean": 0.127847477794,
        "var": 0.000958118063863
    },
    "erbbands_kurtosis": {
        "mean": 0.89008808136,
        "var": 2.33661031723
    },
    "erbbands_skewness": {
        "mean": -0.841331243515,
        "var": 0.169548809528
    },
    "erbbands_spread": {
        "mean": 42.1159172058,
        "var": 219.273895264
    },
    "hfc": {
        "mean": 47.3713645935,
        "var": 678.042236328
    },
    "melbands_crest": {
        "mean": 15.2722597122,
        "var": 20.2665557861
    },
    "melbands_flatness_db": {
        "mean": 0.137036010623,
        "var": 0.00257194251753
    },
    "melbands_kurtosis": {
        "mean": 9.98791408539,
        "var": 241.891021729
    },
    "melbands_skewness": {
        "mean": 2.75594234467,
        "var": 2.34537959099
    },
    "melbands_spread": {
        "mean": 51.4104537964,
        "var": 693.033996582
    },
    "pitch_salience": {
        "mean": 0.553202211857,
        "var": 0.0140060912818
    },
    "silence_rate_20dB": {
        "mean": 1,
        "var": 0
    },
    "silence_rate_30dB": {
        "mean": 0.99794024229,
        "var": 0.00205550272949
    },
    "silence_rate_60dB": {
        "mean": 0.00205973233096,
        "var": 0.00205553835258
    },
    "spectral_centroid": {
        "mean": 2644.65380859,
        "var": 242648.890625
    },
    "spectral_complexity": {
        "mean": 36.4098854065,
        "var": 85.5643692017
    },
    "spectral_decrease": {
        "mean": -7.98577204364e-009,
        "var": 3.04310052801e-017
    },
    "spectral_energy": {
        "mean": 0.0344368815422,
        "var": 0.000462600233732
    },
    "spectral_energyband_high": {
        "mean": 0.0043257297948,
        "var": 9.7808542705e-006
    },
    "spectral_energyband_low": {
        "mean": 0.0184791591018,
        "var": 0.000407679879572
    },
    "spectral_energyband_middle_high": {
        "mean": 0.00689526367933,
        "var": 9.03981072042e-006
    },
    "spectral_energyband_middle_low": {
        "mean": 0.00645058043301,
        "var": 2.25483290706e-005
    },
    "spectral_entropy": {
        "mean": 8.12307357788,
        "var": 0.0400110855699
    },
    "spectral_flux": {
        "mean": 0.114045567811,
        "var": 0.00243506021798
    },
    "spectral_kurtosis": {
        "mean": 2.04245638847,
        "var": 1.11074090004
    },
    "spectral_rms": {
        "mean": 0.00555744860321,
        "var": 2.71172734756e-006
    },
    "spectral_rolloff": {
        "mean": 3550.01318359,
        "var": 3189803.25
    },
    "spectral_skewness": {
        "mean": 0.908428549767,
        "var": 0.043956425041
    },
    "spectral_spread": {
        "mean": 4910356.5,
        "var": 1.98245338317e+012
    },
    "spectral_strongpeak": {
        "mean": 0.500029444695,
        "var": 0.709839820862
    },
    "zerocrossingrate": {
        "mean": 0.109035819769,
        "var": 0.00140836194623
    },
    "barkbands": {
        "mean": [9.05591514311e-005, 0.0114511596039, 0.00534435547888, 0.00261460081674, 0.00157833809499, 0.000444268167485, 0.00046046092757, 0.00041483642417, 0.000749750062823, 0.000411436456488, 0.000470954313641, 0.000234805760556, 0.000315963145113, 0.000420101598138, 0.000843539717607, 0.000651983835269, 0.0010177945951, 0.000962012156378, 0.0012814613292, 0.000772649771534, 0.00106039748061, 0.00105729477946, 0.000846801151056, 0.00060166529147, 0.000262382352958, 7.21993565094e-005, 5.13588429385e-006],
        "var": [2.25607958981e-008, 0.000243250557105, 5.78615145059e-005, 8.95668836165e-006, 4.05332730224e-006, 5.66138226077e-007, 9.6624478374e-007, 3.48037815456e-007, 7.82123947829e-007, 2.87734337689e-007, 5.36111429028e-007, 7.53903250938e-008, 9.90321780137e-008, 1.95428384586e-007, 1.47828598074e-006, 2.91218867687e-007, 7.63636364809e-007, 5.55963083571e-007, 1.24556515857e-006, 2.93600947998e-007, 4.86254236876e-007, 7.05123284206e-007, 6.29049338841e-007, 4.92240872063e-007, 8.54843591469e-008, 6.88530299442e-009, 9.39638575281e-011]
    },
    "erbbands": {
        "mean": [0.221760466695, 2.93106484413, 6.43745756149, 8.29303646088, 6.49768209457, 5.59027481079, 2.93599939346, 3.79593920708, 5.00512266159, 8.71566581726, 11.8735456467, 17.6336975098, 14.4623355865, 13.783372879, 16.1836833954, 10.9659395218, 15.0859861374, 19.4397678375, 24.3581047058, 52.6954536438, 46.7967796326, 51.5775108337, 56.5321922302, 60.3197059631, 56.3532028198, 37.6178512573, 45.405708313, 38.6196289063, 37.2208976746, 32.0741157532, 22.8117542267, 13.6542825699, 9.64168930054, 3.83179044724, 1.44049036503, 0.458804816008, 0.102518975735, 0.0192756447941, 0.000585637462791, 6.66564883431e-005],
        "var": [0.0826231688261, 16.7940044403, 84.7373580933, 78.918510437, 48.6654624939, 65.7036514282, 16.015045166, 42.6373176575, 82.7922668457, 510.596496582, 208.436309814, 459.146942139, 390.940887451, 312.763885498, 421.437316895, 149.325469971, 213.463546753, 438.049957275, 428.611053467, 6891.58544922, 1323.20776367, 1400.91723633, 1892.97875977, 2230.5234375, 2573.50488281, 693.795776367, 961.500366211, 679.825866699, 834.748535156, 825.32220459, 475.66973877, 264.20513916, 116.893928528, 19.735168457, 2.47949433327, 0.26830291748, 0.0148171978071, 0.000730471743736, 9.46747718444e-007, 1.64177094142e-009]
    },
    "gfcc": {
        "mean": [58.1952400208, 48.9525375366, -119.51385498, 70.0436019897, -51.7967529297, 26.7374610901, -30.5963363647, 18.9308357239, -20.8776302338, 1.59488987923, -24.9889373779, -2.66844010353, -15.185669899],
        "cov": [[2662.44287109, -842.220336914, 506.378875732, -7.23368167877, -335.040313721, 325.088684082, -187.051467896, 208.575485229, -93.2196884155, -122.370933533, 15.9742040634, 29.0322494507, -198.330200195], [-842.220336914, 839.667175293, -311.860198975, 1.64870607853, 190.553359985, -225.204483032, 132.314819336, -109.098480225, 33.6600799561, 47.2254905701, 29.4455051422, -2.60201454163, 131.509216309], [506.378875732, -311.860198975, 407.065673828, 42.1024093628, -104.647438049, 133.311553955, -74.3739471436, 76.8935470581, -40.1236228943, -46.7473106384, 39.5811500549, 25.8311748505, -58.1765213013], [-7.23368167877, 1.64870607853, 42.1024093628, 165.706665039, 26.6034870148, 27.8966388702, -10.204044342, -21.2382698059, 14.8020563126, -8.287940979, 14.8077020645, 1.00685429573, 23.9350776672], [-335.040313721, 190.553359985, -104.647438049, 26.6034870148, 203.906143188, -33.7914543152, 81.7640533447, -23.7161598206, 46.0926361084, 49.6867408752, -28.0850849152, -0.37682145834, 49.7646446228], [325.088684082, -225.204483032, 133.311553955, 27.8966388702, -33.7914543152, 194.657516479, -2.59388279915, 55.721282959, 7.47556447983, -34.1747207642, 16.3011665344, 13.2301998138, -16.7493972778], [-187.051467896, 132.314819336, -74.3739471436, -10.204044342, 81.7640533447, -2.59388279915, 117.612434387, 22.0673027039, 34.1435585022, 31.5631408691, 1.6543828249, 6.96267032623, 20.1166477203], [208.575485229, -109.098480225, 76.8935470581, -21.2382698059, -23.7161598206, 55.721282959, 22.0673027039, 107.92489624, 25.5600566864, -5.87354469299, 22.7412872314, 11.8275384903, -25.0171051025], [-93.2196884155, 33.6600799561, -40.1236228943, 14.8020563126, 46.0926361084, 7.47556447983, 34.1435585022, 25.5600566864, 81.0661239624, 38.3359451294, -3.59406924248, -4.61698961258, 17.4502296448], [-122.370933533, 47.2254905701, -46.7473106384, -8.287940979, 49.6867408752, -34.1747207642, 31.5631408691, -5.87354469299, 38.3359451294, 83.9238052368, 5.91315507889, -3.34532928467, 4.30833292007], [15.9742040634, 29.4455051422, 39.5811500549, 14.8077020645, -28.0850849152, 16.3011665344, 1.6543828249, 22.7412872314, -3.59406924248, 5.91315507889, 84.0000152588, 29.3686523438, 2.55541205406], [29.0322494507, -2.60201454163, 25.8311748505, 1.00685429573, -0.37682145834, 13.2301998138, 6.96267032623, 11.8275384903, -4.61698961258, -3.34532928467, 29.3686523438, 56.7275276184, 27.3466682434], [-198.330200195, 131.509216309, -58.1765213013, 23.9350776672, 49.7646446228, -16.7493972778, 20.1166477203, -25.0171051025, 17.4502296448, 4.30833292007, 2.55541205406, 27.3466682434, 78.8815078735]],
        "icov": [[0.000817672640551, -0.000285324378638, 2.16447497223e-005, -0.00044794351561, 0.000633849937003, -0.00112395535689, 0.00113679631613, -0.00147304718848, 0.000823517562822, -0.000654369941913, 0.00135734747164, -0.00144418620039, 0.00159806420561], [-0.000285324378638, 0.00515023153275, -6.23184751021e-005, 0.00150311540347, -0.00217542052269, 0.00510900886729, -0.00504549918696, 0.00397340441123, -0.00169882958289, 0.00415911665186, -0.00684963539243, 0.00571280345321, -0.00641160365194], [2.16447497223e-005, -6.23184751021e-005, 0.00520516280085, -0.00190922315232, 9.25719286897e-005, -0.00227040122263, 0.00298272119835, -0.00354721955955, 0.00285907136276, -0.0011343510123, 0.000327677233145, -0.00264980411157, 0.00248787621967], [-0.00044794351561, 0.00150311540347, -0.00190922315232, 0.00911561213434, -0.00264627370052, 0.00107550248504, -0.00121553801, 0.00560156488791, -0.00455199740827, 0.00409351289272, -0.00573217310011, 0.00472151953727, -0.00448963651434], [0.000633849937003, -0.00217542052269, 9.25719286897e-005, -0.00264627370052, 0.0112450523302, -0.00234139245003, -0.00286606606096, -0.00133276323322, 0.000370595633285, -0.00548245804384, 0.0071955085732, -0.00312818586826, -0.000122642610222], [-0.00112395535689, 0.00510900886729, -0.00227040122263, 0.00107550248504, -0.00234139245003, 0.0139057254419, -0.007407032419, 0.00399201083928, -0.00507283071056, 0.00790554471314, -0.00779818929732, 0.00606916192919, -0.00692049972713], [0.00113679631613, -0.00504549918696, 0.00298272119835, -0.00121553801, -0.00286606606096, -0.007407032419, 0.0216497126967, -0.0108320610598, 0.00318665523082, -0.00678183929995, 0.00648481352255, -0.00785526074469, 0.00729603692889], [-0.00147304718848, 0.00397340441123, -0.00354721955955, 0.00560156488791, -0.00133276323322, 0.00399201083928, -0.0108320610598, 0.0254247207195, -0.0141141749918, 0.0097409458831, -0.0104417353868, 0.00238565239124, -2.80206313619e-005], [0.000823517562822, -0.00169882958289, 0.00285907136276, -0.00455199740827, 0.000370595633285, -0.00507283071056, 0.00318665523082, -0.0141141749918, 0.0275591816753, -0.0138638019562, 0.00619982928038, 0.00244815647602, -0.00459629762918], [-0.000654369941913, 0.00415911665186, -0.0011343510123, 0.00409351289272, -0.00548245804384, 0.00790554471314, -0.00678183929995, 0.0097409458831, -0.0138638019562, 0.0253801923245, -0.0112007427961, 0.00409550964832, -7.79223846621e-005], [0.00135734747164, -0.00684963539243, 0.000327677233145, -0.00573217310011, 0.0071955085732, -0.00779818929732, 0.00648481352255, -0.0104417353868, 0.00619982928038, -0.0112007427961, 0.0283898450434, -0.0175029095262, 0.0100410263985], [-0.00144418620039, 0.00571280345321, -0.00264980411157, 0.00472151953727, -0.00312818586826, 0.00606916192919, -0.00785526074469, 0.00238565239124, 0.00244815647602, 0.00409550964832, -0.0175029095262, 0.040164321661, -0.0246426034719], [0.00159806420561, -0.00641160365194, 0.00248787621967, -0.00448963651434, -0.000122642610222, -0.00692049972713, 0.00729603692889, -2.80206313619e-005, -0.00459629762918, -7.79223846621e-005, 0.0100410263985, -0.0246426034719, 0.036558855325]]
    },
    "melbands": {
        "mean": [0.00269724614918, 0.00372931733727, 0.001402236172, 0.000435125955846, 0.000127329010866, 8.69350988069e-005, 8.21023058961e-005, 9.10238013603e-005, 0.000109076601802, 0.000105290630017, 6.94222690072e-005, 5.3165222198e-005, 6.58134667901e-005, 2.57681131188e-005, 3.35959848599e-005, 2.95556310448e-005, 3.76677198801e-005, 3.6197805457e-005, 6.13411393715e-005, 5.38900785614e-005, 5.94730736339e-005, 5.21539077454e-005, 5.6590524764e-005, 4.68575017294e-005, 4.86504941364e-005, 4.86034732603e-005, 2.88034607365e-005, 2.35490169871e-005, 2.89617983071e-005, 2.46731433435e-005, 2.2047528546e-005, 2.1653215299e-005, 1.91625149455e-005, 1.74393862835e-005, 1.3877361198e-005, 9.98603718472e-006, 7.63857769925e-006, 7.62432455303e-006, 4.41608153778e-006, 2.83015265268e-006],
        "var": [1.26762315631e-005, 2.43023296207e-005, 2.01557213586e-006, 2.74166779946e-007, 2.88299233375e-008, 2.31077113e-008, 2.20699032383e-008, 4.64409382062e-008, 1.6559134508e-008, 1.60375126512e-008, 9.84355086331e-009, 5.06507857878e-009, 9.80348335844e-009, 9.03033814392e-010, 1.09597209086e-009, 8.06776867535e-010, 1.99419192271e-009, 1.24190080442e-009, 7.65263585834e-009, 4.55410376077e-009, 2.6659550123e-009, 1.54930501761e-009, 3.05383363042e-009, 1.30543753585e-009, 1.73951664184e-009, 2.36424169131e-009, 5.56596824186e-010, 3.1449504112e-010, 4.62566540627e-010, 2.70773153899e-010, 2.69690908494e-010, 2.96598828831e-010, 2.93727486778e-010, 2.71704186927e-010, 1.77276957003e-010, 1.31080146737e-010, 9.44808953296e-011, 7.07549158152e-011, 3.16455923965e-011, 1.05522673932e-011]
    },
    "mfcc": {
        "mean": [-575.851257324, 65.1327133179, 0.753772258759, 42.9219970703, 10.7325878143, 14.8604736328, 4.7794752121, 14.5455608368, 11.0678873062, 6.62543869019, 3.56760883331, 1.08593046665, -4.37287092209],
        "cov": [[1802.88842773, -732.741271973, 614.037780762, -320.632080078, 67.2328643799, -94.1673736572, 18.6899394989, 213.117034912, -166.751754761, 119.630088806, -24.6773376465, -44.1486282349, 18.0790042877], [-732.741271973, 787.4140625, -425.362457275, 208.243286133, -77.7004470825, 13.161822319, 17.2883605957, -116.130249023, 97.2033996582, -91.419342041, 27.3247413635, 32.59034729, -12.2548666], [614.037780762, -425.362457275, 550.928466797, -148.625228882, 68.3612136841, -50.5074920654, 22.9326133728, 116.674705505, -134.691604614, 46.1864700317, -32.0984840393, -21.7564296722, 21.9384479523], [-320.632080078, 208.243286133, -148.625228882, 213.054046631, 7.33518791199, 37.8868865967, -6.96000909805, -64.712600708, 46.8374977112, -39.439250946, 9.58703041077, 15.8839426041, 2.55953669548], [67.2328643799, -77.7004470825, 68.3612136841, 7.33518791199, 100.558158875, 33.7491645813, 4.46872091293, 25.918806076, 6.68830156326, 17.9947090149, -14.351770401, -5.65487384796, 7.70406103134], [-94.1673736572, 13.161822319, -50.5074920654, 37.8868865967, 33.7491645813, 118.607421875, 12.7643766403, -8.2655582428, 43.167930603, 2.30247974396, 0.479691684246, -3.07889437675, -5.52182769775], [18.6899394989, 17.2883605957, 22.9326133728, -6.96000909805, 4.46872091293, 12.7643766403, 75.0195541382, 38.6753768921, -6.00994539261, 2.32061433792, 10.4917621613, 12.6111469269, 7.01969909668], [213.117034912, -116.130249023, 116.674705505, -64.712600708, 25.918806076, -8.2655582428, 38.6753768921, 123.536712646, -3.88732433319, 27.2553691864, -6.0245256424, -0.932306349277, 11.6230840683], [-166.751754761, 97.2033996582, -134.691604614, 46.8374977112, 6.68830156326, 43.167930603, -6.00994539261, -3.88732433319, 115.314109802, 15.4952363968, 13.7044553757, 7.4382109642, -8.76599979401], [119.630088806, -91.419342041, 46.1864700317, -39.439250946, 17.9947090149, 2.30247974396, 2.32061433792, 27.2553691864, 15.4952363968, 81.2495956421, 31.4622802734, 3.92735719681, 8.18947124481], [-24.6773376465, 27.3247413635, -32.0984840393, 9.58703041077, -14.351770401, 0.479691684246, 10.4917621613, -6.0245256424, 13.7044553757, 31.4622802734, 64.8231506348, 32.1594848633, -0.700177490711], [-44.1486282349, 32.59034729, -21.7564296722, 15.8839426041, -5.65487384796, -3.07889437675, 12.6111469269, -0.932306349277, 7.4382109642, 3.92735719681, 32.1594848633, 54.9148864746, 15.7642431259], [18.0790042877, -12.2548666, 21.9384479523, 2.55953669548, 7.70406103134, -5.52182769775, 7.01969909668, 11.6230840683, -8.76599979401, 8.18947124481, -0.700177490711, 15.7642431259, 47.2620773315]],
        "icov": [[0.00118952034973, 0.000458438938949, -0.000467889563879, 0.000470626429887, -1.6874450921e-006, 0.000290613970719, 0.00019191474712, -0.000858699437231, 0.000550427415874, -0.00053125678096, -0.000185779368621, 0.000350241927663, 0.000147022816236], [0.000458438938949, 0.0031421915628, 0.00124892464373, -0.0011249674717, 0.000538190244697, 0.00127195881214, -0.001899758121, 0.000523519702256, -0.000857317761984, 0.00182227790356, -0.000832261459436, 0.000456457783002, -0.000304475252051], [-0.000467889563879, 0.00124892464373, 0.00513386772946, -0.000138826100738, -0.00185834546573, 0.000685494334903, -0.000519187422469, -0.00193756038789, 0.004118073266, -0.00105800980236, 0.00113498431165, -0.000292652111966, 0.000125455218949], [0.000470626429887, -0.0011249674717, -0.000138826100738, 0.00862591806799, -0.00281680258922, -0.00088242784841, 0.00035190032213, 0.00238904496655, -0.00182382762432, 0.00380925438367, -0.0028444067575, 0.00042876182124, -0.00234166090377], [-1.6874450921e-006, 0.000538190244697, -0.00185834546573, -0.00281680258922, 0.015144621022, -0.00410556280985, 0.000400648132199, -0.00158023182303, -0.000835560727865, -0.00434593949467, 0.00565468380228, -0.00187425781041, -0.000156863883603], [0.000290613970719, 0.00127195881214, 0.000685494334903, -0.00088242784841, -0.00410556280985, 0.0124869858846, -0.00435172440484, 0.00221566623077, -0.00423513306305, 0.00103983038571, -0.0006766699953, 0.00206843134947, 0.000512189406436], [0.00019191474712, -0.001899758121, -0.000519187422469, 0.00035190032213, 0.000400648132199, -0.00435172440484, 0.0201866794378, -0.00840323138982, 0.00388206052594, 0.00114246841986, -0.00358032737859, -0.00234615127556, -0.00059790245723], [-0.000858699437231, 0.000523519702256, -0.00193756038789, 0.00238904496655, -0.00158023182303, 0.00221566623077, -0.00840323138982, 0.0164482556283, -0.00588374771178, -0.000374036026187, 0.00213840953074, -0.000145783444168, -0.00199247663841], [0.000550427415874, -0.000857317761984, 0.004118073266, -0.00182382762432, -0.000835560727865, -0.00423513306305, 0.00388206052594, -0.00588374771178, 0.018588103354, -0.00780739216134, 0.0029988817405, -0.00311112380587, 0.00414879014716], [-0.00053125678096, 0.00182227790356, -0.00105800980236, 0.00380925438367, -0.00434593949467, 0.00103983038571, 0.00114246841986, -0.000374036026187, -0.00780739216134, 0.0282282456756, -0.020052112639, 0.00940853077918, -0.00806194078177], [-0.000185779368621, -0.000832261459436, 0.00113498431165, -0.0028444067575, 0.00565468380228, -0.0006766699953, -0.00358032737859, 0.00213840953074, 0.0029988817405, -0.020052112639, 0.0386028066278, -0.0215052776039, 0.0102633042261], [0.000350241927663, 0.000456457783002, -0.000292652111966, 0.00042876182124, -0.00187425781041, 0.00206843134947, -0.00234615127556, -0.000145783444168, -0.00311112380587, 0.00940853077918, -0.0215052776039, 0.0345174856484, -0.0130107104778], [0.000147022816236, -0.000304475252051, 0.000125455218949, -0.00234166090377, -0.000156863883603, 0.000512189406436, -0.00059790245723, -0.00199247663841, 0.00414879014716, -0.00806194078177, 0.0102633042261, -0.0130107104778, 0.0284144505858]]
    },
    "spectral_contrast_coeffs": {
        "mean": [-0.661378860474, -0.787000894547, -0.794001996517, -0.795738399029, -0.789364099503, -0.713687717915],
        "var": [0.00395603151992, 0.00284954137169, 0.00207890593447, 0.00175873783883, 0.000664318911731, 0.00265474570915]
    },
    "spectral_contrast_valleys": {
        "mean": [-6.8217625618, -6.78197145462, -7.12788438797, -7.07583904266, -6.35194683075, -8.97370052338],
        "var": [0.487945765257, 0.400847584009, 0.399946838617, 0.318401604891, 0.358869403601, 1.19442558289]
    }
},
"metadata": {
    "audio_properties": {
        "analysis_sample_rate": 44100,
        "bit_rate": 128074,
        "equal_loudness": 0,
        "length": 45.0612258911,
        "lossless": 0,
        "replay_gain": -5.32084465027,
        "sample_rate": 44100,
        "codec": "mp3",
        "downmix": "mix",
        "md5_encoded": "f33a3372406a3bdcadc2d2daf985ce4b"
    },
    "tags": {
        "file_name": "1914.mp3"
    },
    "version": {
        "essentia": "2.1-beta2",
        "essentia_git_sha": "v2.1_beta2",
        "extractor": "music 1.0"
    }
},
"rhythm": {
    "beats_count": 80,
    "beats_loudness": {
        "mean": 0.0365483462811,
        "var": 0.000304377113935
    },
    "bpm": 108.083602905,
    "bpm_histogram_first_peak_bpm": {
        "mean": 108,
        "var": 0
    },
    "bpm_histogram_first_peak_spread": {
        "mean": 0.337662309408,
        "var": 0
    },
    "bpm_histogram_first_peak_weight": {
        "mean": 0.645569622517,
        "var": 0
    },
    "bpm_histogram_second_peak_bpm": {
        "mean": 103,
        "var": 0
    },
    "bpm_histogram_second_peak_spread": {
        "mean": 0,
        "var": 0
    },
    "bpm_histogram_second_peak_weight": {
        "mean": 0.0253164563328,
        "var": 0
    },
    "danceability": 1.18128871918,
    "onset_rate": 2.17383861542,
    "beats_loudness_band_ratio": {
        "mean": [0.563789248466, 0.0412810519338, 0.0576031580567, 0.0518004968762, 0.127561405301, 0.175226569176],
        "var": [0.0358208529651, 0.00153736316133, 0.00208308594301, 0.00192114873789, 0.0115667944774, 0.00890449341387]
    },
    "beats_position": [0.557278871536, 1.1261677742, 1.70666658878, 2.28716540337, 2.85605430603, 3.42494320869, 3.99383211136, 4.55111122131, 5.10838985443, 5.66566896439, 6.2229475975, 6.78022670746, 7.33750534058, 7.89478445053, 8.45206356049, 9.0093421936, 9.56662082672, 10.1122903824, 10.6695690155, 11.2152376175, 11.7725172043, 12.3297958374, 12.8870744705, 13.4327430725, 13.9784126282, 14.5356912613, 15.0929698944, 15.6502494812, 16.2075271606, 16.7531967163, 17.298866272, 17.8445339203, 18.390203476, 18.9474830627, 19.5047607422, 20.062040329, 20.6077098846, 21.153377533, 21.7106571198, 22.2679367065, 22.8136043549, 23.3708839417, 23.9165534973, 24.4738311768, 25.0311107635, 25.5883903503, 26.1340579987, 26.6797275543, 27.2370071411, 27.7942848206, 28.3515644073, 28.9088420868, 29.4545116425, 30.0001811981, 30.5574588776, 31.1147384644, 31.66040802, 32.2060775757, 32.7517471313, 33.2974128723, 33.8546943665, 34.4119720459, 34.9692497253, 35.5265312195, 36.0838088989, 36.6410865784, 37.1983680725, 37.755645752, 38.3129234314, 38.8702049255, 39.427482605, 39.9847602844, 40.5420417786, 41.099319458, 41.6449890137, 42.1906585693, 42.7479362488, 43.3052139282, 43.8624954224, 44.4197731018]
},
"tonal": {
    "chords_changes_rate": 0.0967078208923,
    "chords_number_rate": 0.0144032919779,
    "chords_strength": {
        "mean": 0.484047859907,
        "var": 0.00990798138082
    },
    "hpcp_entropy": {
        "mean": 2.69860196114,
        "var": 0.72163516283
    },
    "key_strength": 0.664594829082,
    "tuning_diatonic_strength": 0.528938651085,
    "tuning_equal_tempered_deviation": 0.203834444284,
    "tuning_frequency": 444.341888428,
    "tuning_nontempered_energy_ratio": 0.908176362514,
    "hpcp": {
        "mean": [0.116985864937, 0.0941591858864, 0.0819246992469, 0.0912645757198, 0.168473988771, 0.28972530365, 0.275942653418, 0.201597288251, 0.212831839919, 0.212283238769, 0.181550756097, 0.16982345283, 0.153529241681, 0.13584920764, 0.151388049126, 0.156878247857, 0.13470107317, 0.122342854738, 0.137669816613, 0.234832584858, 0.323570668697, 0.238485425711, 0.119608305395, 0.0905356258154, 0.0842662602663, 0.0877954512835, 0.106422431767, 0.110335990787, 0.114598013461, 0.127743154764, 0.111321538687, 0.0910403802991, 0.0867940634489, 0.087149053812, 0.107457622886, 0.127195507288],
        "var": [0.029188182205, 0.0241474080831, 0.0213873703033, 0.0258336365223, 0.0463413186371, 0.105074994266, 0.0892647132277, 0.0738852769136, 0.0904977321625, 0.0912217050791, 0.0721216797829, 0.0650997012854, 0.0539335981011, 0.0361926220357, 0.0441869348288, 0.0499469935894, 0.0454943589866, 0.037685059011, 0.0476831682026, 0.0796465873718, 0.125394687057, 0.0705630928278, 0.0324724838138, 0.0276844911277, 0.0284370332956, 0.0262838918716, 0.0314565896988, 0.0330538228154, 0.0395401604474, 0.0430236235261, 0.0278836190701, 0.0173237733543, 0.0150537742302, 0.0169603563845, 0.0249991510063, 0.0337940119207]
    },
    "chords_histogram": [6.17283964157, 8.64197540283, 3.60082316399, 0.308641970158, 0, 5.96707820892, 1.54320991039, 0.205761313438, 4.01234579086, 9.25925922394, 17.6954727173, 3.29218101501, 0.205761313438, 3.49794244766, 0, 7.92181062698, 6.68724298477, 19.1358032227, 0, 0, 0, 0, 1.44032919407, 0.411522626877],
    "thpcp": [1, 0.737042784691, 0.369651257992, 0.279801696539, 0.260426133871, 0.271333158016, 0.328900128603, 0.340995043516, 0.354166865349, 0.39479213953, 0.344040870667, 0.281361669302, 0.26823836565, 0.269335448742, 0.332099407911, 0.393099635839, 0.361546576023, 0.291000366211, 0.253189504147, 0.282054543495, 0.520671367645, 0.89540040493, 0.852804899216, 0.623039424419, 0.657759964466, 0.656064510345, 0.561085343361, 0.52484190464, 0.474484413862, 0.419844001532, 0.467867046595, 0.484834581614, 0.416295677423, 0.378102421761, 0.425470620394, 0.725753605366],
    "chords_key": "D#",
    "chords_scale": "major",
    "key_key": "E",
    "key_scale": "minor"
}
}