{
"lowlevel": {
    "average_loudness": 0.957780480385,
    "barkbands_crest": {
        "mean": 10.6439237595,
        "var": 20.118719101
    },
    "barkbands_flatness_db": {
        "mean": 0.1407533288,
        "var": 0.00235965219326
    },
    "barkbands_kurtosis": {
        "mean": 4.97929668427,
        "var": 35.7720146179
    },
    "barkbands_skewness": {
        "mean": 1.87081587315,
        "var": 0.811069190502
    },
    "barkbands_spread": {
        "mean": 17.1865711212,
        "var": 71.9805221558
    },
    "dissonance": {
        "mean": 0.457403987646,
        "var": 0.000860758940689
    },
    "dynamic_complexity": 1.69157004356,
    "erbbands_crest": {
        "mean": 8.69163608551,
        "var": 27.0914955139
    },
    "erbbands_flatness_db": {
        "mean": 0.15904571116,
        "var": 0.00283888261765
    },
    "erbbands_kurtosis": {
        "mean": 0.432875692844,
        "var": 6.64006233215
    },
    "erbbands_skewness": {
        "mean": 0.608640491962,
        "var": 0.55287861824
    },
    "erbbands_spread": {
        "mean": 37.8590126038,
        "var": 223.923950195
    },
    "hfc": {
        "mean": 20.3811626434,
        "var": 108.599510193
    },
    "melbands_crest": {
        "mean": 15.0136947632,
        "var": 26.6317901611
    },
    "melbands_flatness_db": {
        "mean": 0.211991280317,
        "var": 0.00272901868448
    },
    "melbands_kurtosis": {
        "mean": 12.993970871,
        "var": 114.881156921
    },
    "melbands_skewness": {
        "mean": 2.74712848663,
        "var": 1.37895059586
    },
    "melbands_spread": {
        "mean": 16.1638526917,
        "var": 71.6645736694
    },
    "pitch_salience": {
        "mean": 0.545387923717,
        "var": 0.0125938570127
    },
    "silence_rate_20dB": {
        "mean": 1,
        "var": 0
    },
    "silence_rate_30dB": {
        "mean": 1,
        "var": 0
    },
    "silence_rate_60dB": {
        "mean": 0.00205973233096,
        "var": 0.00205551972613
    },
    "spectral_centroid": {
        "mean": 1154.62536621,
        "var": 185102.125
    },
    "spectral_complexity": {
        "mean": 21.2064876556,
        "var": 41.08253479
    },
    "spectral_decrease": {
        "mean": -9.86554216098e-009,
        "var": 2.46582342079e-017
    },
    "spectral_energy": {
        "mean": 0.0390835478902,
        "var": 0.00037109295954
    },
    "spectral_energyband_high": {
        "mean": 0.000601032574195,
        "var": 4.00639692089e-007
    },
    "spectral_energyband_low": {
        "mean": 0.0164516456425,
        "var": 0.000271629629424
    },
    "spectral_energyband_middle_high": {
        "mean": 0.00475453212857,
        "var": 5.98286806053e-006
    },
    "spectral_energyband_middle_low": {
        "mean": 0.0196469500661,
        "var": 0.000213420731598
    },
    "spectral_entropy": {
        "mean": 7.49723339081,
        "var": 0.127743914723
    },
    "spectral_flux": {
        "mean": 0.0972434654832,
        "var": 0.0016817948781
    },
    "spectral_kurtosis": {
        "mean": 4.64626407623,
        "var": 7.79187822342
    },
    "spectral_rms": {
        "mean": 0.00596550200135,
        "var": 2.54298493019e-006
    },
    "spectral_rolloff": {
        "mean": 892.886352539,
        "var": 554458.0625
    },
    "spectral_skewness": {
        "mean": 1.54641020298,
        "var": 0.130086392164
    },
    "spectral_spread": {
        "mean": 4180835.25,
        "var": 2.47962927104e+012
    },
    "spectral_strongpeak": {
        "mean": 1.08932602406,
        "var": 1.74416613579
    },
    "zerocrossingrate": {
        "mean": 0.0443951264024,
        "var": 0.000438804971054
    },
    "barkbands": {
        "mean": [0.00171071244404, 0.00883999932557, 0.00360130774789, 0.00441755820066, 0.00287554971874, 0.00205249874853, 0.0041016289033, 0.00333543866873, 0.00272878445685, 0.000784142815974, 0.000736757181585, 0.000841040571686, 0.000493107829243, 0.000389687949792, 0.000250580633292, 0.000337356701493, 0.0003148605756, 0.000159686620464, 0.000256028579315, 0.000375295843696, 0.000153405402671, 0.000127729872474, 8.32750301925e-005, 4.92373401357e-005, 4.06117032981e-005, 2.561324618e-005, 1.59604701366e-006],
        "var": [6.01910460318e-006, 0.000119222640933, 2.55747199844e-005, 3.60694248229e-005, 7.25523068468e-006, 4.56116413261e-006, 8.35699902382e-005, 6.90537781338e-005, 5.56547565793e-005, 1.07261121229e-006, 6.82294341914e-007, 7.92836829078e-007, 5.0058196166e-007, 1.6809195813e-007, 8.05094515499e-008, 6.46298232709e-008, 7.47913659893e-008, 1.78125745265e-008, 7.168639371e-008, 2.99361772704e-007, 3.19271720173e-008, 2.44102142943e-008, 1.1332119243e-008, 5.15559328562e-009, 6.31972829623e-009, 2.92975554927e-009, 1.6041272477e-011]
    },
    "erbbands": {
        "mean": [0.314201116562, 1.70904111862, 4.40697908401, 10.3727865219, 9.82946586609, 11.0960969925, 15.5355348587, 16.1824569702, 38.1455535889, 70.1944046021, 82.2157745361, 60.7942619324, 28.8737812042, 33.554359436, 22.1617336273, 30.3730621338, 23.5032730103, 16.9020195007, 17.2242832184, 16.3808841705, 21.2088909149, 16.8810577393, 9.61887931824, 8.93329143524, 17.7988185883, 18.3922405243, 7.17864847183, 5.992603302, 4.67158794403, 3.19574403763, 2.32234454155, 1.19704771042, 0.769749343395, 0.524399697781, 0.250544309616, 0.126032724977, 0.0422793701291, 0.00730833550915, 0.000191540355445, 5.03112714796e-005],
        "var": [0.2356030792, 4.77077674866, 36.1686058044, 147.037307739, 170.58984375, 127.020248413, 228.551361084, 374.312225342, 5498.48242188, 17758.3691406, 31829.5585938, 25220.6933594, 1376.43859863, 868.422302246, 270.40737915, 981.420166016, 1032.67907715, 258.419189453, 379.846954346, 209.890319824, 261.112823486, 165.197418213, 60.5254478455, 57.013092041, 421.354522705, 777.342529297, 63.7911758423, 62.1212921143, 32.1718292236, 18.4962463379, 9.00068473816, 2.52794885635, 1.59594345093, 1.01484596729, 0.259467214346, 0.0763672292233, 0.0082164267078, 0.000264504808001, 1.50092887452e-007, 6.5413813255e-010]
    },
    "gfcc": {
        "mean": [20.3409729004, 107.118339539, -124.960525513, 28.5565929413, -62.6207389832, 6.97957372665, -33.3803253174, 9.00015354156, -23.298122406, 3.02906990051, -15.2860116959, -2.52058887482, -9.44746685028],
        "cov": [[2659.32739258, -674.703979492, 626.702880859, 404.052185059, -1.18408679962, 394.439971924, 18.1817913055, 120.776931763, -73.0736312866, 173.958450317, -218.280532837, 47.2095909119, -276.526733398], [-674.703979492, 1072.36938477, -29.2658443451, 133.336791992, 353.37600708, -58.1654243469, 184.282485962, -0.125180661678, 164.655410767, -24.4501209259, 228.497390747, -67.3007965088, 141.875930786], [626.702880859, -29.2658443451, 829.42565918, 384.589111328, 335.688415527, 319.270080566, 97.2805862427, 147.38180542, 28.3265018463, 169.4740448, -11.1010913849, 95.6610717773, -88.8911209106], [404.052185059, 133.336791992, 384.589111328, 446.020690918, 234.609283447, 239.418884277, 129.073516846, 68.1088943481, 41.838973999, 86.7572860718, 28.9636707306, 15.6035299301, 1.30839025974], [-1.18408679962, 353.37600708, 335.688415527, 234.609283447, 432.784545898, 161.200622559, 149.773864746, 102.461380005, 73.0681610107, 72.809173584, 58.0779800415, 38.8269538879, 18.1499023438], [394.439971924, -58.1654243469, 319.270080566, 239.418884277, 161.200622559, 278.31439209, 99.6275405884, 93.9558792114, 18.2927284241, 74.9975814819, -9.58740615845, 35.1828727722, -27.4068603516], [18.1817913055, 184.282485962, 97.2805862427, 129.073516846, 149.773864746, 99.6275405884, 175.364486694, 63.9342956543, 65.9102478027, 43.0313873291, 40.60572052, -10.3154163361, 15.1730766296], [120.776931763, -0.125180661678, 147.38180542, 68.1088943481, 102.461380005, 93.9558792114, 63.9342956543, 122.192840576, 42.2370223999, 54.4151687622, 4.48310565948, 12.647441864, -2.04015922546], [-73.0736312866, 164.655410767, 28.3265018463, 41.838973999, 73.0681610107, 18.2927284241, 65.9102478027, 42.2370223999, 108.529922485, 40.2202911377, 46.9623680115, -18.8062133789, 11.0514917374], [173.958450317, -24.4501209259, 169.4740448, 86.7572860718, 72.809173584, 74.9975814819, 43.0313873291, 54.4151687622, 40.2202911377, 113.742507935, 31.1404724121, 21.4557628632, -18.031162262], [-218.280532837, 228.497390747, -11.1010913849, 28.9636707306, 58.0779800415, -9.58740615845, 40.60572052, 4.48310565948, 46.9623680115, 31.1404724121, 126.280342102, 11.0211076736, 44.6293334961], [47.2095909119, -67.3007965088, 95.6610717773, 15.6035299301, 38.8269538879, 35.1828727722, -10.3154163361, 12.647441864, -18.8062133789, 21.4557628632, 11.0211076736, 89.1249923706, 6.82485723495], [-276.526733398, 141.875930786, -88.8911209106, 1.30839025974, 18.1499023438, -27.4068603516, 15.1730766296, -2.04015922546, 11.0514917374, -18.031162262, 44.6293334961, 6.82485723495, 106.284362793]],
        "icov": [[0.000896959623788, -0.000400919088861, 0.000259983731667, -0.000876818434335, 0.000784397183452, -0.000579747545999, 0.000230822042795, -0.00064636481693, 0.000648639688734, -0.0012676740298, 0.00151195086073, -0.000788358156569, 0.00190151960123], [-0.000400919088861, 0.00563873676583, -0.00132666761056, 0.000409024243709, -0.00445277895778, 0.002586675575, -0.00180667848326, 0.00284609082155, -0.0036582951434, 0.0057492130436, -0.00756973493844, 0.0051952037029, -0.00374401430599], [0.000259983731667, -0.00132666761056, 0.00493522174656, -0.00239347503521, -0.000718841794878, -0.00180878303945, 0.00210933713242, -0.00228343834169, 0.00150093284901, -0.00419129570946, 0.0027741570957, -0.0037554721348, 0.00412491615862], [-0.000876818434335, 0.000409024243709, -0.00239347503521, 0.00722520193085, -0.00144647411071, -0.00307759619318, -0.0015488989884, 0.0036915584933, -0.000733862747438, 0.000717164657544, -0.00199008360505, 0.00347191235051, -0.0043619312346], [0.000784397183452, -0.00445277895778, -0.000718841794878, -0.00144647411071, 0.00900096911937, -0.00169374526013, -0.00110943254549, -0.00362911378033, 0.00197141943499, -0.00319841783494, 0.00541648594663, -0.00532012619078, 0.00283580785617], [-0.000579747545999, 0.002586675575, -0.00180878303945, -0.00307759619318, -0.00169374526013, 0.0118177328259, -0.00373389595188, -0.00243565090932, -6.82721365592e-005, 0.0027998611331, -0.00248011783697, 0.000430611544289, -0.00111738464329], [0.000230822042795, -0.00180667848326, 0.00210933713242, -0.0015488989884, -0.00110943254549, -0.00373389595188, 0.0126352794468, -0.00306359911337, -0.00194122665562, -0.00232434202917, 0.00124993082136, 0.000261305744061, 0.00142534519546], [-0.00064636481693, 0.00284609082155, -0.00228343834169, 0.0036915584933, -0.00362911378033, -0.00243565090932, -0.00306359911337, 0.0178094618022, -0.00585771538317, -0.000308058748487, -0.00150901125744, 0.00341754639521, -0.00569415604696], [0.000648639688734, -0.0036582951434, 0.00150093284901, -0.000733862747438, 0.00197141943499, -6.82721365592e-005, -0.00194122665562, -0.00585771538317, 0.0193190071732, -0.00788901001215, 0.00135859125294, 0.000711779983249, 0.00368237472139], [-0.0012676740298, 0.0057492130436, -0.00419129570946, 0.000717164657544, -0.00319841783494, 0.0027998611331, -0.00232434202917, -0.000308058748487, -0.00788901001215, 0.0241036657244, -0.0130573417991, 0.00380632397719, -0.00274487631395], [0.00151195086073, -0.00756973493844, 0.0027741570957, -0.00199008360505, 0.00541648594663, -0.00248011783697, 0.00124993082136, -0.00150901125744, 0.00135859125294, -0.0130573417991, 0.0245770178735, -0.00997429993004, 0.00257515464909], [-0.000788358156569, 0.0051952037029, -0.0037554721348, 0.00347191235051, -0.00532012619078, 0.000430611544289, 0.000261305744061, 0.00341754639521, 0.000711779983249, 0.00380632397719, -0.00997429993004, 0.0217381864786, -0.00775773217902], [0.00190151960123, -0.00374401430599, 0.00412491615862, -0.0043619312346, 0.00283580785617, -0.00111738464329, 0.00142534519546, -0.00569415604696, 0.00368237472139, -0.00274487631395, 0.00257515464909, -0.00775773217902, 0.0203404668719]]
    },
    "melbands": {
        "mean": [0.00264293863438, 0.00233720825054, 0.00180390605237, 0.000701668963302, 0.000532891659532, 0.0003657542984, 0.000700761622284, 0.000812639482319, 0.000648913206533, 0.00036492588697, 0.000139728726936, 0.000138653049362, 7.83173745731e-005, 0.000104036036646, 4.84193078591e-005, 5.2671868616e-005, 2.93728044198e-005, 3.16196164931e-005, 1.97535555344e-005, 2.14080264413e-005, 2.59740227193e-005, 1.89834081539e-005, 1.02006169982e-005, 7.17285865903e-006, 6.69383325658e-006, 1.09291586341e-005, 1.62094984262e-005, 1.08091935545e-005, 4.55453482573e-006, 3.42631665262e-006, 3.48629828295e-006, 2.85319470095e-006, 2.00398471861e-006, 1.66973541127e-006, 1.42498015521e-006, 9.70221208263e-007, 6.33933041172e-007, 5.4264165783e-007, 5.02359171151e-007, 4.18261748791e-007],
        "var": [1.18562884381e-005, 9.22941217141e-006, 4.64004233436e-006, 4.76347224776e-007, 2.39464725382e-007, 1.78159325515e-007, 2.10203620554e-006, 2.21038840209e-006, 2.20891502067e-006, 1.00160957572e-006, 3.2281725737e-008, 1.51138248583e-008, 4.40718439521e-009, 1.56971751153e-008, 3.05699043857e-009, 6.88323842368e-009, 1.05966035946e-009, 1.55742174712e-009, 4.44912301445e-010, 2.63089133812e-010, 4.69670580205e-010, 2.39267189395e-010, 7.55942600184e-011, 3.96786076218e-011, 3.89944777857e-011, 1.30932098497e-010, 5.72291825041e-010, 2.88331775122e-010, 3.21686358107e-011, 1.71890366524e-011, 2.51075410462e-011, 1.28351287931e-011, 7.80082769214e-012, 5.30508189461e-012, 3.56056872354e-012, 1.65376176295e-012, 8.27424337813e-013, 8.31591306233e-013, 8.9787004871e-013, 6.91999571794e-013]
    },
    "mfcc": {
        "mean": [-619.023254395, 134.6043396, -6.71799993515, 22.6374492645, -6.07620239258, 0.512541055679, -1.17541611195, 1.01021194458, -0.455723911524, 2.92849445343, -4.28574609756, 0.0154447359964, 6.0831990242],
        "cov": [[1804.45800781, -696.929992676, 493.989593506, 81.8848114014, 51.4024925232, 242.713851929, 64.2624588013, 60.1225738525, 58.606174469, 83.3720703125, 105.170036316, -0.401697099209, -81.21509552], [-696.929992676, 923.756530762, -166.492019653, 191.847625732, 165.363052368, 6.89341926575, 95.2989730835, 45.7714538574, 25.3422622681, 53.9040184021, 26.5781040192, 75.7942428589, 97.6979675293], [493.989593506, -166.492019653, 546.494140625, 166.789001465, 206.156463623, 215.403518677, 129.429962158, 75.6159362793, 67.3595123291, 75.8857727051, 71.0398406982, 58.7578735352, 36.781463623], [81.8848114014, 191.847625732, 166.789001465, 280.017456055, 176.730010986, 155.654083252, 121.774368286, 63.4983253479, 70.2542648315, 80.9440994263, 41.0183753967, 50.0483169556, 49.5983200073], [51.4024925232, 165.363052368, 206.156463623, 176.730010986, 293.884735107, 148.160095215, 130.100158691, 81.8661193848, 75.3199539185, 61.2115020752, 44.5479850769, 57.2706642151, 52.6237030029], [242.713851929, 6.89341926575, 215.403518677, 155.654083252, 148.160095215, 221.265151978, 123.1224823, 77.2172775269, 62.8654670715, 66.2174377441, 54.4849815369, 39.3186721802, 17.3684558868], [64.2624588013, 95.2989730835, 129.429962158, 121.774368286, 130.100158691, 123.1224823, 166.255905151, 78.0413208008, 66.8552398682, 67.3700180054, 34.2331962585, 43.4505081177, 36.4084205627], [60.1225738525, 45.7714538574, 75.6159362793, 63.4983253479, 81.8661193848, 77.2172775269, 78.0413208008, 107.829086304, 58.1745681763, 31.8269233704, 22.2287578583, 25.14153862, 13.2801799774], [58.606174469, 25.3422622681, 67.3595123291, 70.2542648315, 75.3199539185, 62.8654670715, 66.8552398682, 58.1745681763, 114.471763611, 70.8326873779, 29.2590847015, 19.5954799652, 3.33960604668], [83.3720703125, 53.9040184021, 75.8857727051, 80.9440994263, 61.2115020752, 66.2174377441, 67.3700180054, 31.8269233704, 70.8326873779, 123.015670776, 56.6272888184, 31.9424781799, 11.1612300873], [105.170036316, 26.5781040192, 71.0398406982, 41.0183753967, 44.5479850769, 54.4849815369, 34.2331962585, 22.2287578583, 29.2590847015, 56.6272888184, 96.0712890625, 51.0633544922, 8.26500511169], [-0.401697099209, 75.7942428589, 58.7578735352, 50.0483169556, 57.2706642151, 39.3186721802, 43.4505081177, 25.14153862, 19.5954799652, 31.9424781799, 51.0633544922, 89.3776855469, 47.0545501709], [-81.21509552, 97.6979675293, 36.781463623, 49.5983200073, 52.6237030029, 17.3684558868, 36.4084205627, 13.2801799774, 3.33960604668, 11.1612300873, 8.26500511169, 47.0545501709, 89.3465194702]],
        "icov": [[0.00116497464478, 0.000813177495729, -0.000489257799927, -0.00046903846669, 0.0001804993517, -0.000469411636004, 0.000124887184938, -0.000335080549121, 0.000381594232749, -0.000304763118038, -0.000813812250271, 0.000191444676602, 0.00061366969021], [0.000813177495729, 0.00270749931224, 0.00118796085007, -0.00189546542242, -0.00116557069123, 0.000694890273735, -0.000496808206663, -0.000687609950546, 0.00122230721172, -0.000693271344062, -0.000961664423812, -0.000349634501617, -0.000488156423671], [-0.000489257799927, 0.00118796085007, 0.00450849952176, -0.000691700319294, -0.00209895591252, -0.00164643093012, -0.000311342824716, 0.000153108412633, 0.000603467109613, -0.000350480491761, -0.000445231213234, -0.00051939667901, -0.00121940136887], [-0.00046903846669, -0.00189546542242, -0.000691700319294, 0.00922622345388, -0.00143773970194, -0.0040484322235, -0.000249108066782, 0.00130074331537, -0.00125885242596, -0.00183863739949, 0.00198084185831, -3.97621261072e-005, -0.00153423717711], [0.0001804993517, -0.00116557069123, -0.00209895591252, -0.00143773970194, 0.00830121710896, -0.00136155076325, -0.00136593496427, -0.000747921061702, -0.0021597626619, 0.0016728999326, -0.000286152702756, -0.000177383888513, -0.000864392670337], [-0.000469411636004, 0.000694890273735, -0.00164643093012, -0.0040484322235, -0.00136155076325, 0.0137795396149, -0.00452298112214, -0.0026007508859, 0.00112994958181, 0.000395154260332, -0.0028373633977, 0.000747104524635, 0.00186897721142], [0.000124887184938, -0.000496808206663, -0.000311342824716, -0.000249108066782, -0.00136593496427, -0.00452298112214, 0.0155112585053, -0.00481212232262, -0.000864903675392, -0.00376436579973, 0.00253253034316, -0.00142598396633, -0.00197924789973], [-0.000335080549121, -0.000687609950546, 0.000153108412633, 0.00130074331537, -0.000747921061702, -0.0026007508859, -0.00481212232262, 0.0176716092974, -0.00688882637769, 0.00373103399761, -0.000172795349499, -0.00117380172014, 0.00036813042243], [0.000381594232749, 0.00122230721172, 0.000603467109613, -0.00125885242596, -0.0021597626619, 0.00112994958181, -0.000864903675392, -0.00688882637769, 0.018828175962, -0.00915319100022, 0.00119553250261, -0.000261915847659, 0.00235648965463], [-0.000304763118038, -0.000693271344062, -0.000350480491761, -0.00183863739949, 0.0016728999326, 0.000395154260332, -0.00376436579973, 0.00373103399761, -0.00915319100022, 0.0186966452748, -0.00793847627938, 0.00149621523451, -0.000483834708575], [-0.000813812250271, -0.000961664423812, -0.000445231213234, 0.00198084185831, -0.000286152702756, -0.0028373633977, 0.00253253034316, -0.000172795349499, 0.00119553250261, -0.00793847627938, 0.022424980998, -0.0123558938503, 0.00448910566047], [0.000191444676602, -0.000349634501617, -0.00051939667901, -3.97621261072e-005, -0.000177383888513, 0.000747104524635, -0.00142598396633, -0.00117380172014, -0.000261915847659, 0.00149621523451, -0.0123558938503, 0.0248195733875, -0.0105983922258], [0.00061366969021, -0.000488156423671, -0.00121940136887, -0.00153423717711, -0.000864392670337, 0.00186897721142, -0.00197924789973, 0.00036813042243, 0.00235648965463, -0.000483834708575, 0.00448910566047, -0.0105983922258, 0.0196740441024]]
    },
    "spectral_contrast_coeffs": {
        "mean": [-0.613930463791, -0.69984382391, -0.740792691708, -0.779535055161, -0.775213181973, -0.748382270336],
        "var": [0.0105709955096, 0.008340456523, 0.00424566445872, 0.00232953578234, 0.00170885038096, 0.00117400370073]
    },
    "spectral_contrast_valleys": {
        "mean": [-7.15724182129, -6.29318380356, -7.01149892807, -7.44906616211, -7.38254451752, -10.2745094299],
        "var": [1.70914888382, 0.455823600292, 0.375387042761, 0.420171618462, 0.460931748152, 0.885292291641]
    }
},
"metadata": {
    "audio_properties": {
        "analysis_sample_rate": 44100,
        "bit_rate": 128074,
        "equal_loudness": 0,
        "length": 45.0612258911,
        "lossless": 0,
        "replay_gain": -5.48090553284,
        "sample_rate": 44100,
        "codec": "mp3",
        "downmix": "mix",
        "md5_encoded": "3b56f9a51e6c832450eebf2c31ddc3f0"
    },
    "tags": {
        "file_name": "1915.mp3"
    },
    "version": {
        "essentia": "2.1-beta2",
        "essentia_git_sha": "v2.1_beta2",
        "extractor": "music 1.0"
    }
},
"rhythm": {
    "beats_count": 124,
    "beats_loudness": {
        "mean": 0.0478357113898,
        "var": 0.000201180155273
    },
    "bpm": 164.814331055,
    "bpm_histogram_first_peak_bpm": {
        "mean": 167,
        "var": 0
    },
    "bpm_histogram_first_peak_spread": {
        "mean": 0,
        "var": 0
    },
    "bpm_histogram_first_peak_weight": {
        "mean": 0.512195110321,
        "var": 0
    },
    "bpm_histogram_second_peak_bpm": {
        "mean": 161,
        "var": 0
    },
    "bpm_histogram_second_peak_spread": {
        "mean": 0,
        "var": 0
    },
    "bpm_histogram_second_peak_weight": {
        "mean": 0.292682915926,
        "var": 0
    },
    "danceability": 1.21948540211,
    "onset_rate": 4.28113126755,
    "beats_loudness_band_ratio": {
        "mean": [0.541117310524, 0.119315296412, 0.196538463235, 0.0738965347409, 0.0413975901902, 0.0429988205433],
        "var": [0.0608631819487, 0.00885743368417, 0.035173881799, 0.00408258335665, 0.000719305011444, 0.00132588378619]
    },
    "beats_position": [0.325079351664, 0.673378646374, 1.02167797089, 1.35836732388, 1.71827661991, 2.08979582787, 2.46131515503, 2.82122445107, 3.1811337471, 3.54104304314, 3.9125623703, 4.27247142792, 4.6439909935, 5.00390005112, 5.3754196167, 5.73532867432, 6.09523820877, 6.45514726639, 6.80344676971, 7.1517457962, 7.52326536179, 7.8831744194, 8.24308395386, 8.6146030426, 8.98612213135, 9.33442115784, 9.70594120026, 10.077460289, 10.4373693466, 10.7856683731, 11.1455783844, 11.505487442, 11.8653964996, 12.2136955261, 12.5852155685, 12.9567346573, 13.3050336838, 13.6533327103, 14.0132427216, 14.3731517792, 14.7330608368, 15.0929698944, 15.4644899368, 15.8243989944, 16.1726989746, 16.5326080322, 16.8925170898, 17.2524261475, 17.6239452362, 17.9838542938, 18.3437633514, 18.7036724091, 19.0635814667, 19.4234924316, 19.7834014893, 20.1433105469, 20.5032196045, 20.8747386932, 21.2346477509, 21.5945568085, 21.9544658661, 22.3027667999, 22.6626758575, 23.010974884, 23.3708839417, 23.7191829681, 24.0790920258, 24.4390010834, 24.7989120483, 25.1704311371, 25.5419502258, 25.9134693146, 26.2849884033, 26.6448974609, 27.0048065186, 27.3647155762, 27.7246246338, 28.0729255676, 28.4444446564, 28.804353714, 29.1642627716, 29.5241718292, 29.8840808868, 30.2439899445, 30.6038990021, 30.9754180908, 31.3353290558, 31.6952381134, 32.0667572021, 32.4266662598, 32.7865753174, 33.146484375, 33.5063934326, 33.8779144287, 34.2262115479, 34.5745124817, 34.9228096008, 35.2711105347, 35.6194114685, 35.9677085876, 36.3276176453, 36.6991386414, 37.0706558228, 37.4305648804, 37.8020858765, 38.1736030579, 38.5219039917, 38.8934249878, 39.2533340454, 39.6248512268, 39.9963722229, 40.3562812805, 40.7277984619, 41.099319458, 41.4476165771, 41.795917511, 42.1558265686, 42.5157356262, 42.8872566223, 43.2587738037, 43.6186828613, 43.9785919189, 44.350112915, 44.7216300964]
},
"tonal": {
    "chords_changes_rate": 0.0565843619406,
    "chords_number_rate": 0.00720164598897,
    "chords_strength": {
        "mean": 0.521513223648,
        "var": 0.00446569686756
    },
    "hpcp_entropy": {
        "mean": 1.92715752125,
        "var": 0.505442619324
    },
    "key_strength": 0.541793048382,
    "tuning_diatonic_strength": 0.442910581827,
    "tuning_equal_tempered_deviation": 0.258327841759,
    "tuning_frequency": 434.193115234,
    "tuning_nontempered_energy_ratio": 0.944357395172,
    "hpcp": {
        "mean": [0.0629724189639, 0.0595941096544, 0.102989196777, 0.247975319624, 0.293639332056, 0.157686144114, 0.0697647556663, 0.0538067482412, 0.0443303063512, 0.0432204455137, 0.0410794168711, 0.0679314434528, 0.19148875773, 0.261790245771, 0.152256146073, 0.0720721632242, 0.0766277313232, 0.10702111572, 0.222147718072, 0.262613534927, 0.168028846383, 0.134716331959, 0.127687647939, 0.175429016352, 0.276075541973, 0.210356593132, 0.0954421535134, 0.115246377885, 0.139082938433, 0.0913276672363, 0.0700627490878, 0.0689741075039, 0.0506887622178, 0.0787400752306, 0.119734421372, 0.0955970361829],
        "var": [0.0225396659225, 0.0223123077303, 0.0291880685836, 0.0880539193749, 0.110292904079, 0.0416297130287, 0.0139848096296, 0.0130183333531, 0.0131083754823, 0.014546263963, 0.00960709434003, 0.0189430564642, 0.0699797049165, 0.116928130388, 0.0447003766894, 0.0171117298305, 0.0220116768032, 0.0324141457677, 0.0978978723288, 0.120893076062, 0.0560824461281, 0.0651653185487, 0.0669341906905, 0.0558068156242, 0.1177765131, 0.0658075064421, 0.0328390747309, 0.0563508495688, 0.0818022191525, 0.0362406820059, 0.0252303406596, 0.0284546762705, 0.0176860857755, 0.0206367317587, 0.0404843427241, 0.0303390305489]
    },
    "chords_histogram": [8.84773635864, 13.0658435822, 45.1646080017, 5.34979438782, 0, 0, 0, 20.4732513428, 0, 1.23456788063, 0, 0, 0, 0, 0, 0, 0, 0, 0, 0, 5.86419773102, 0, 0, 0],
    "thpcp": [1, 0.53700619936, 0.237586542964, 0.183240950108, 0.150968551636, 0.147188887, 0.139897525311, 0.231343135238, 0.652122318745, 0.891536712646, 0.518514156342, 0.245444521308, 0.26095867157, 0.364464521408, 0.756532549858, 0.894340455532, 0.57222867012, 0.458781629801, 0.434845179319, 0.597430229187, 0.940185844898, 0.716377437115, 0.325031906366, 0.392475962639, 0.473652273417, 0.311019867659, 0.238601371646, 0.234893962741, 0.172622516751, 0.268152356148, 0.407760173082, 0.32555937767, 0.214454993606, 0.202950030565, 0.350733667612, 0.844489455223],
    "chords_key": "A#",
    "chords_scale": "minor",
    "key_key": "D#",
    "key_scale": "minor"
}
}