{
"lowlevel": {
    "average_loudness": 0.974798381329,
    "barkbands_crest": {
        "mean": 8.95552062988,
        "var": 12.1642494202
    },
    "barkbands_flatness_db": {
        "mean": 0.108902044594,
        "var": 0.00211924430914
    },
    "barkbands_kurtosis": {
        "mean": 3.29706740379,
        "var": 77.6508560181
    },
    "barkbands_skewness": {
        "mean": 1.6274728775,
        "var": 0.918408274651
    },
    "barkbands_spread": {
        "mean": 27.5589160919,
        "var": 159.196136475
    },
    "dissonance": {
        "mean": 0.478457927704,
        "var": 0.000289402349154
    },
    "dynamic_complexity": 1.58542716503,
    "erbbands_crest": {
        "mean": 6.86249446869,
        "var": 13.090801239
    },
    "erbbands_flatness_db": {
        "mean": 0.127902850509,
        "var": 0.00112714502029
    },
    "erbbands_kurtosis": {
        "mean": -0.322771757841,
        "var": 0.874991118908
    },
    "erbbands_skewness": {
        "mean": -0.0413030162454,
        "var": 0.316371500492
    },
    "erbbands_spread": {
        "mean": 44.4971313477,
        "var": 235.311035156
    },
    "hfc": {
        "mean": 27.5790348053,
        "var": 202.531280518
    },
    "melbands_crest": {
        "mean": 15.8708600998,
        "var": 29.1864681244
    },
    "melbands_flatness_db": {
        "mean": 0.189344972372,
        "var": 0.00314569287002
    },
    "melbands_kurtosis": {
        "mean": 14.5165939331,
        "var": 2088.41723633
    },
    "melbands_skewness": {
        "mean": 2.98068451881,
        "var": 2.67051243782
    },
    "melbands_spread": {
        "mean": 24.2726535797,
        "var": 227.750015259
    },
    "pitch_salience": {
        "mean": 0.561665475368,
        "var": 0.0101079856977
    },
    "silence_rate_20dB": {
        "mean": 1,
        "var": 0
    },
    "silence_rate_30dB": {
        "mean": 0.995880544186,
        "var": 0.00410258769989
    },
    "silence_rate_60dB": {
        "mean": 0.00154479919001,
        "var": 0.00154241069686
    },
    "spectral_centroid": {
        "mean": 1595.76794434,
        "var": 312622.5625
    },
    "spectral_complexity": {
        "mean": 28.7698249817,
        "var": 105.998130798
    },
    "spectral_decrease": {
        "mean": -1.12451479239e-008,
        "var": 3.65840544411e-017
    },
    "spectral_energy": {
        "mean": 0.0449433326721,
        "var": 0.000541115179658
    },
    "spectral_energyband_high": {
        "mean": 0.00120500451885,
        "var": 1.25090900838e-006
    },
    "spectral_energyband_low": {
        "mean": 0.0239116009325,
        "var": 0.000435826019384
    },
    "spectral_energyband_middle_high": {
        "mean": 0.00716905388981,
        "var": 1.59768405865e-005
    },
    "spectral_energyband_middle_low": {
        "mean": 0.0153236500919,
        "var": 9.51690890361e-005
    },
    "spectral_entropy": {
        "mean": 7.77574443817,
        "var": 0.0677534639835
    },
    "spectral_flux": {
        "mean": 0.11261408776,
        "var": 0.00305848196149
    },
    "spectral_kurtosis": {
        "mean": 3.9294295311,
        "var": 3.42496347427
    },
    "spectral_rms": {
        "mean": 0.00639652367681,
        "var": 2.93162611342e-006
    },
    "spectral_rolloff": {
        "mean": 1323.37158203,
        "var": 1333818.75
    },
    "spectral_skewness": {
        "mean": 1.36251950264,
        "var": 0.0919992700219
    },
    "spectral_spread": {
        "mean": 4502179,
        "var": 2.62433747763e+012
    },
    "spectral_strongpeak": {
        "mean": 0.583915233612,
        "var": 0.684533655643
    },
    "zerocrossingrate": {
        "mean": 0.0594463571906,
        "var": 0.000885970599484
    },
    "barkbands": {
        "mean": [0.00387017801404, 0.0120615325868, 0.00542044173926, 0.0050485865213, 0.00310852122493, 0.00197718548588, 0.00186888023745, 0.00176370807458, 0.00136878946796, 0.000806125754025, 0.00107498443685, 0.000963536149357, 0.000551543140318, 0.000607176974881, 0.00067886360921, 0.000665245519485, 0.000506375508849, 0.000320977676893, 0.000639782985672, 0.000697254261468, 0.00028477635351, 0.000233405837207, 0.000160135081387, 9.71203917288e-005, 7.57870002417e-005, 8.3847422502e-005, 8.56715450936e-006],
        "var": [9.06380682864e-006, 0.000234954044572, 4.58730646642e-005, 2.89024555968e-005, 1.49425613927e-005, 6.35323794995e-006, 1.25217957248e-005, 1.22833989735e-005, 5.56598888579e-006, 1.41746420468e-006, 1.23072493352e-006, 1.14431929887e-006, 5.04744662067e-007, 4.58283238913e-007, 1.47335629208e-006, 3.11208737003e-007, 1.46321752936e-007, 5.14850064803e-008, 4.73279698099e-007, 8.29775501643e-007, 8.30107254046e-008, 6.8891758076e-008, 3.85608593945e-008, 1.40848737118e-008, 8.59734861081e-009, 1.77647656585e-008, 2.73383676808e-010]
    },
    "erbbands": {
        "mean": [0.503696858883, 2.11765170097, 5.75129985809, 13.7081756592, 11.0660533905, 10.6096038818, 16.5810203552, 13.8574647903, 18.544921875, 39.2830924988, 39.5443992615, 28.4735088348, 26.1664466858, 41.0480575562, 31.3231010437, 36.363067627, 28.3879985809, 25.968006134, 26.9345798492, 47.8105735779, 37.2821006775, 28.5562381744, 18.6744937897, 19.8134708405, 42.2269248962, 33.1372833252, 15.1104097366, 10.1494264603, 8.79772281647, 5.92624855042, 4.49585771561, 2.38245344162, 1.45293867588, 0.855270922184, 0.550640761852, 0.329878777266, 0.155225634575, 0.0358692370355, 0.000904892862309, 7.49884638935e-005],
        "var": [0.353694140911, 11.0039873123, 59.189994812, 165.014480591, 135.467605591, 202.553146362, 515.032592773, 277.330627441, 670.778686523, 6879.01855469, 6362.953125, 2108.09765625, 1309.23046875, 1468.76489258, 787.882751465, 1536.17260742, 965.235656738, 1009.44421387, 559.202636719, 8365.77148438, 810.546813965, 471.77432251, 168.005279541, 220.86100769, 2445.88061523, 1781.61376953, 275.028533936, 107.31678772, 108.723571777, 50.8985671997, 31.6310558319, 9.81679916382, 3.05907344818, 1.15711331367, 0.482380270958, 0.244805335999, 0.0654788836837, 0.00397475576028, 2.66789652414e-006, 1.97629157483e-009]
    },
    "gfcc": {
        "mean": [48.2401657104, 87.118270874, -113.973114014, 39.0827789307, -47.4490318298, 12.9507226944, -28.0519599915, 12.8574504852, -23.6897201538, 8.10269546509, -17.3022117615, 3.21543598175, -11.0100727081],
        "cov": [[3213.85839844, -496.77911377, 87.0196914673, -92.5199050903, -251.046966553, 143.402130127, -145.742782593, 58.9977073669, -174.30039978, 9.76651477814, -201.835662842, 42.1356048584, -169.83215332], [-496.77911377, 1344.18847656, -425.284698486, 71.0619354248, 381.769348145, -46.6899261475, 200.351699829, -69.1729507446, 106.235778809, -132.140701294, 121.194221497, -136.939224243, 75.5288543701], [87.0196914673, -425.284698486, 521.626586914, 59.8565940857, -85.0674209595, 52.1521148682, -112.487846375, 16.5725650787, -35.3807182312, 22.5541477203, -68.1922988892, 55.9690437317, -83.537361145], [-92.5199050903, 71.0619354248, 59.8565940857, 330.764465332, 45.207660675, 42.1380882263, 11.9486141205, -19.7024898529, 28.2600402832, -24.6924819946, 0.123601861298, -67.1257171631, 12.825756073], [-251.046966553, 381.769348145, -85.0674209595, 45.207660675, 266.6277771, -0.504831671715, 74.4081344604, -18.9512557983, 31.3921546936, -38.5373878479, 22.3603382111, -31.2222290039, 15.7746400833], [143.402130127, -46.6899261475, 52.1521148682, 42.1380882263, -0.504831671715, 118.922309875, 10.9276008606, 30.9509925842, -6.49487257004, -10.9750595093, -5.14398145676, -5.956594944, -19.6918811798], [-145.742782593, 200.351699829, -112.487846375, 11.9486141205, 74.4081344604, 10.9276008606, 137.90296936, 26.3414783478, 42.3878517151, 2.76855897903, 36.3913116455, -21.4000740051, 18.3363437653], [58.9977073669, -69.1729507446, 16.5725650787, -19.7024898529, -18.9512557983, 30.9509925842, 26.3414783478, 82.8815536499, 31.7574920654, 23.6529884338, 7.462018013, 11.651219368, -4.85303068161], [-174.30039978, 106.235778809, -35.3807182312, 28.2600402832, 31.3921546936, -6.49487257004, 42.3878517151, 31.7574920654, 90.5655593872, 29.1976070404, 30.0900936127, -13.2631015778, 17.8508472443], [9.76651477814, -132.140701294, 22.5541477203, -24.6924819946, -38.5373878479, -10.9750595093, 2.76855897903, 23.6529884338, 29.1976070404, 79.0799102783, 20.2557754517, 17.2977790833, -3.33142995834], [-201.835662842, 121.194221497, -68.1922988892, 0.123601861298, 22.3603382111, -5.14398145676, 36.3913116455, 7.462018013, 30.0900936127, 20.2557754517, 85.8378829956, 11.7834215164, 28.8293323517], [42.1356048584, -136.939224243, 55.9690437317, -67.1257171631, -31.2222290039, -5.956594944, -21.4000740051, 11.651219368, -13.2631015778, 17.2977790833, 11.7834215164, 84.2312011719, 18.6208839417], [-169.83215332, 75.5288543701, -83.537361145, 12.825756073, 15.7746400833, -19.6918811798, 18.3363437653, -4.85303068161, 17.8508472443, -3.33142995834, 28.8293323517, 18.6208839417, 82.0523834229]],
        "icov": [[0.000609736889601, -0.000542123103514, 0.000638227618765, -0.000498979003169, 0.000622640363872, -0.000714820344001, 0.000546348921489, -0.000840941385832, 0.00127563881688, -0.00144839449786, 0.00200867769308, -0.00165595684666, 0.00135946494993], [-0.000542123103514, 0.00384606048465, -0.00013576989295, 0.00148486718535, -0.00294950953685, 0.00125372700859, -0.00174522271845, 0.00285392603837, -0.00444532744586, 0.00690350588411, -0.00573863554746, 0.00496453093365, -0.00146893353667], [0.000638227618765, -0.00013576989295, 0.00489653740078, -0.00233941245824, 0.000342372659361, -0.00144110084511, 0.00241563376039, -0.000990356667899, 0.000280040578218, -0.00168364541605, 0.00369062903337, -0.00628815079108, 0.00578777072951], [-0.000498979003169, 0.00148486718535, -0.00233941245824, 0.00589818926528, -0.00137424550485, -0.00100899592508, -0.00099309545476, 0.00305855250917, -0.00345459138043, 0.00366364512593, -0.00380257074721, 0.00797037221491, -0.00485086580738], [0.000622640363872, -0.00294950953685, 0.000342372659361, -0.00137424550485, 0.00769784022123, -0.00120264478028, -0.00112142541911, -0.000242514142883, 0.00140129670035, -0.0024327149149, 0.00428627524525, -0.00425390014425, 0.00209060567431], [-0.000714820344001, 0.00125372700859, -0.00144110084511, -0.00100899592508, -0.00120264478028, 0.0126362666488, -0.00203172140755, -0.00448803324252, 0.000854016456287, 0.00506798224524, -0.00427943235263, 0.00270129344426, 0.000419874326326], [0.000546348921489, -0.00174522271845, 0.00241563376039, -0.00099309545476, -0.00112142541911, -0.00203172140755, 0.0133870691061, -0.00521907629445, 0.00049984047655, -0.00376229081303, 0.00103907624725, -0.00157115457114, 0.00150955526624], [-0.000840941385832, 0.00285392603837, -0.000990356667899, 0.00305855250917, -0.000242514142883, -0.00448803324252, -0.00521907629445, 0.0228130295873, -0.0118014551699, 0.00364675931633, -0.00342657533474, 0.00130405393429, -0.000745324767195], [0.00127563881688, -0.00444532744586, 0.000280040578218, -0.00345459138043, 0.00140129670035, 0.000854016456287, 0.00049984047655, -0.0118014551699, 0.0266573894769, -0.0152070876211, 0.00482375640422, -0.00158301787451, -0.00106926960871], [-0.00144839449786, 0.00690350588411, -0.00168364541605, 0.00366364512593, -0.0024327149149, 0.00506798224524, -0.00376229081303, 0.00364675931633, -0.0152070876211, 0.0325266383588, -0.0154522247612, 0.00717375287786, -0.000468737765914], [0.00200867769308, -0.00573863554746, 0.00369062903337, -0.00380257074721, 0.00428627524525, -0.00427943235263, 0.00103907624725, -0.00342657533474, 0.00482375640422, -0.0154522247612, 0.0288439802825, -0.0145580545068, 0.00299839209765], [-0.00165595684666, 0.00496453093365, -0.00628815079108, 0.00797037221491, -0.00425390014425, 0.00270129344426, -0.00157115457114, 0.00130405393429, -0.00158301787451, 0.00717375287786, -0.0145580545068, 0.0330784916878, -0.0155069371685], [0.00135946494993, -0.00146893353667, 0.00578777072951, -0.00485086580738, 0.00209060567431, 0.000419874326326, 0.00150955526624, -0.000745324767195, -0.00106926960871, -0.000468737765914, 0.00299839209765, -0.0155069371685, 0.0250007193536]]
    },
    "melbands": {
        "mean": [0.00407258840278, 0.0029810979031, 0.00228281249292, 0.000734570785426, 0.000556348939426, 0.000332619732944, 0.000309447932523, 0.00043382163858, 0.000314075296046, 0.000172610103618, 0.000129565756652, 0.000162698779604, 0.000118974050565, 0.0001013254805, 9.02795727598e-005, 4.87453507958e-005, 5.00360838487e-005, 4.48622267868e-005, 5.33207639819e-005, 5.74107361899e-005, 4.14224959968e-005, 3.23046842823e-005, 1.76137946255e-005, 1.52751617861e-005, 1.46324900925e-005, 2.82744731521e-005, 3.16462319461e-005, 1.93892501557e-005, 9.81593893812e-006, 6.60488058202e-006, 5.51510174773e-006, 5.51368520973e-006, 3.61141951544e-006, 3.16627460961e-006, 2.7693984066e-006, 1.9259509827e-006, 1.25614064928e-006, 1.07058883714e-006, 8.32575153709e-007, 6.77082027778e-007],
        "var": [2.04942225537e-005, 1.6589410734e-005, 4.04341017202e-006, 8.82946324055e-007, 4.73473193097e-007, 1.55282080527e-007, 2.15060666164e-007, 7.03175885519e-007, 4.46196395387e-007, 7.03362132981e-008, 3.54179512385e-008, 2.35875656784e-008, 1.28164590052e-008, 1.27454775622e-008, 1.7144067499e-008, 4.53912685217e-009, 4.56810367311e-009, 2.11668393924e-009, 6.96291468927e-009, 7.54373452594e-009, 1.07081210565e-009, 7.0628114468e-010, 1.68810201928e-010, 1.34995278844e-010, 1.49122061921e-010, 9.39897826235e-010, 1.8370190924e-009, 7.096448984e-010, 1.38915476344e-010, 5.38316821674e-011, 3.26339788526e-011, 5.20579343521e-011, 2.0779090254e-011, 1.69029148317e-011, 1.29316106434e-011, 7.32925265617e-012, 2.83360097539e-012, 1.72915100207e-012, 1.16579272277e-012, 7.51568945967e-013]
    },
    "mfcc": {
        "mean": [-595.688964844, 118.748298645, -5.2386007309, 32.6053733826, 3.23163986206, 9.29576396942, 5.9303560257, 5.69274568558, 3.54581737518, 6.52401304245, -2.56606388092, 0.221725851297, 6.78227567673],
        "cov": [[2569.5949707, -301.289093018, 67.9057006836, -194.862365723, -98.1995391846, -24.8004989624, -13.2792577744, 10.7266731262, -17.6631736755, -7.98563337326, -65.7686767578, -93.3710327148, -0.776966869831], [-301.289093018, 1079.53442383, -477.278961182, 81.7363052368, 83.0653839111, 33.7178039551, 94.6516799927, 60.4864578247, 46.0203895569, -50.0094985962, 20.9264011383, 56.6422080994, 15.1925907135], [67.9057006836, -477.278961182, 534.504394531, -13.6677055359, 22.5159549713, 4.52721452713, -69.253616333, -3.67552518845, -42.4434165955, 4.74626779556, -11.0409317017, -18.5159015656, -6.28918075562], [-194.862365723, 81.7363052368, -13.6677055359, 239.444351196, 66.9889526367, 62.3832206726, 18.1139812469, -5.00683927536, 32.0148239136, 12.0107288361, 4.03085803986, 7.08279800415, -0.317289382219], [-98.1995391846, 83.0653839111, 22.5159549713, 66.9889526367, 147.594940186, 43.1250305176, 11.5313749313, 18.2117710114, 9.78612995148, -15.6509027481, -7.01384782791, 6.95244216919, -10.7082910538], [-24.8004989624, 33.7178039551, 4.52721452713, 62.3832206726, 43.1250305176, 85.5234603882, 32.1805839539, 10.7596130371, 12.9658155441, -0.167836025357, 6.78219223022, 3.36965322495, -8.77579212189], [-13.2792577744, 94.6516799927, -69.253616333, 18.1139812469, 11.5313749313, 32.1805839539, 86.6855621338, 33.5133476257, 9.4998216629, 0.292447388172, 11.3878574371, 10.5416574478, 0.538590371609], [10.7266731262, 60.4864578247, -3.67552518845, -5.00683927536, 18.2117710114, 10.7596130371, 33.5133476257, 77.6056976318, 21.9906845093, -1.89910292625, 6.92179918289, 7.73982334137, 4.89357376099], [-17.6631736755, 46.0203895569, -42.4434165955, 32.0148239136, 9.78612995148, 12.9658155441, 9.4998216629, 21.9906845093, 69.8529129028, 23.0170021057, 6.3466668129, 5.14760971069, 1.29931926727], [-7.98563337326, -50.0094985962, 4.74626779556, 12.0107288361, -15.6509027481, -0.167836025357, 0.292447388172, -1.89910292625, 23.0170021057, 81.5924606323, 31.0639801025, 7.24510002136, 12.2658128738], [-65.7686767578, 20.9264011383, -11.0409317017, 4.03085803986, -7.01384782791, 6.78219223022, 11.3878574371, 6.92179918289, 6.3466668129, 31.0639801025, 67.870765686, 32.0069084167, 4.65783643723], [-93.3710327148, 56.6422080994, -18.5159015656, 7.08279800415, 6.95244216919, 3.36965322495, 10.5416574478, 7.73982334137, 5.14760971069, 7.24510002136, 32.0069084167, 59.1713104248, 16.0645217896], [-0.776966869831, 15.1925907135, -6.28918075562, -0.317289382219, -10.7082910538, -8.77579212189, 0.538590371609, 4.89357376099, 1.29931926727, 12.2658128738, 4.65783643723, 16.0645217896, 52.8316497803]],
        "icov": [[0.000455557368696, 0.000101452118543, 5.02375696669e-005, 0.000353186158463, 0.00014840681979, -0.000265082227997, -2.72789748124e-005, -0.000149809435243, -5.76856109546e-005, -1.04214195744e-005, 0.000219176115934, 0.000559259089641, -0.0001997101499], [0.000101452118543, 0.00199088593945, 0.00174716196489, -0.000304192944895, -0.000932525959797, -1.53662967932e-005, -9.3729801165e-007, -0.00114355131518, 0.000102916470496, 0.00122320267837, -0.000388126616599, -0.000719773292076, -0.0004839313915], [5.02375696669e-005, 0.00174716196489, 0.00396235659719, -0.000247217220021, -0.00114628486335, -0.00115140539128, 0.00267466506921, -0.00248641800135, 0.00219300971366, 6.37361226836e-005, -7.00494492776e-005, -0.000381513935281, -0.000198588357307], [0.000353186158463, -0.000304192944895, -0.000247217220021, 0.00632595643401, -0.00165007368196, -0.00350394402631, -0.000320375780575, 0.00221837172285, -0.00234931381419, -0.000729082501493, 0.000404869118938, 0.000515768537298, -0.000982941128314], [0.00014840681979, -0.000932525959797, -0.00114628486335, -0.00165007368196, 0.00982895772904, -0.00335482601076, 0.00104753870983, -0.00190140027553, 0.000105177758087, 0.000629362184554, 0.00206368719228, -0.00165344413836, 0.00189647218212], [-0.000265082227997, -1.53662967932e-005, -0.00115140539128, -0.00350394402631, -0.00335482601076, 0.0190376210958, -0.0070181209594, 0.00152916833758, -0.00197084085084, 0.00103602872696, -0.00222288863733, 0.000708149163984, 0.00204323860817], [-2.72789748124e-005, -9.3729801165e-007, 0.00267466506921, -0.000320375780575, 0.00104753870983, -0.0070181209594, 0.0192694105208, -0.00831602886319, 0.00334972608835, -0.000917086552363, -0.000461790827103, -0.00130152073689, 0.000503734219819], [-0.000149809435243, -0.00114355131518, -0.00248641800135, 0.00221837172285, -0.00190140027553, 0.00152916833758, -0.00831602886319, 0.0201193019748, -0.0076747960411, 0.00243234052323, -0.00198388821445, 0.000877530081198, -0.00233407597989], [-5.76856109546e-005, 0.000102916470496, 0.00219300971366, -0.00234931381419, 0.000105177758087, -0.00197084085084, 0.00334972608835, -0.0076747960411, 0.0211178399622, -0.00705580320209, 0.00276917614974, -0.00172553025186, 0.00198649615049], [-1.04214195744e-005, 0.00122320267837, 6.37361226836e-005, -0.000729082501493, 0.000629362184554, 0.00103602872696, -0.000917086552363, 0.00243234052323, -0.00705580320209, 0.0195479243994, -0.0101448511705, 0.0036559428554, -0.00484711537138], [0.000219176115934, -0.000388126616599, -7.00494492776e-005, 0.000404869118938, 0.00206368719228, -0.00222288863733, -0.000461790827103, -0.00198388821445, 0.00276917614974, -0.0101448511705, 0.0261900071055, -0.0134946880862, 0.0044279624708], [0.000559259089641, -0.000719773292076, -0.000381513935281, 0.000515768537298, -0.00165344413836, 0.000708149163984, -0.00130152073689, 0.000877530081198, -0.00172553025186, 0.0036559428554, -0.0134946880862, 0.0277836080641, -0.00817740336061], [-0.0001997101499, -0.0004839313915, -0.000198588357307, -0.000982941128314, 0.00189647218212, 0.00204323860817, 0.000503734219819, -0.00233407597989, 0.00198649615049, -0.00484711537138, 0.0044279624708, -0.00817740336061, 0.0231421869248]]
    },
    "spectral_contrast_coeffs": {
        "mean": [-0.652000188828, -0.743452906609, -0.786738038063, -0.785692214966, -0.780902862549, -0.736732065678],
        "var": [0.00598772801459, 0.00524713750929, 0.0028412383981, 0.00197541690432, 0.00168064271566, 0.00134587613866]
    },
    "spectral_contrast_valleys": {
        "mean": [-6.65373182297, -6.30109977722, -6.75636434555, -7.09364461899, -6.91813516617, -9.88456821442],
        "var": [0.676369249821, 0.591227293015, 0.671418964863, 0.559859395027, 0.503225386143, 0.905550122261]
    }
},
"metadata": {
    "audio_properties": {
        "analysis_sample_rate": 44100,
        "bit_rate": 128074,
        "equal_loudness": 0,
        "length": 45.0612258911,
        "lossless": 0,
        "replay_gain": -4.71552276611,
        "sample_rate": 44100,
        "codec": "mp3",
        "downmix": "mix",
        "md5_encoded": "7c28c28cd0b76592fab8cf66c6ed1ef5"
    },
    "tags": {
        "file_name": "1916.mp3"
    },
    "version": {
        "essentia": "2.1-beta2",
        "essentia_git_sha": "v2.1_beta2",
        "extractor": "music 1.0"
    }
},
"rhythm": {
    "beats_count": 115,
    "beats_loudness": {
        "mean": 0.0503619611263,
        "var": 0.000358521472663
    },
    "bpm": 153.286270142,
    "bpm_histogram_first_peak_bpm": {
        "mean": 152,
        "var": 0
    },
    "bpm_histogram_first_peak_spread": {
        "mean": 0.085714250803,
        "var": 0
    },
    "bpm_histogram_first_peak_weight": {
        "mean": 0.561403512955,
        "var": 0
    },
    "bpm_histogram_second_peak_bpm": {
        "mean": 157,
        "var": 0
    },
    "bpm_histogram_second_peak_spread": {
        "mean": 0.204545453191,
        "var": 0
    },
    "bpm_histogram_second_peak_weight": {
        "mean": 0.307017534971,
        "var": 0
    },
    "danceability": 1.11906909943,
    "onset_rate": 2.95020961761,
    "beats_loudness_band_ratio": {
        "mean": [0.557273983955, 0.114786103368, 0.12529091537, 0.084596991539, 0.0685729086399, 0.0756452083588],
        "var": [0.0387188866735, 0.0106512010098, 0.0159880090505, 0.00340433837846, 0.00166248169262, 0.00414913566783]
    },
    "beats_position": [0.348299324512, 0.719818592072, 1.11455774307, 1.50929701328, 1.90403628349, 2.29877543449, 2.69351458549, 3.08825397491, 3.48299312592, 3.87773227692, 4.27247142792, 4.6439909935, 5.01551008224, 5.41024923325, 5.79337835312, 6.18811798096, 6.57124710083, 6.94276618958, 7.31428575516, 7.6858048439, 8.08054447174, 8.47528362274, 8.87002277374, 9.25315189362, 9.63628101349, 10.0194101334, 10.4025392532, 10.7972784042, 11.1920175552, 11.5867567062, 11.9814968109, 12.3646259308, 12.7593650818, 13.1424942017, 13.5372333527, 13.9319725037, 14.3267116547, 14.7098407745, 15.1045799255, 15.4877090454, 15.8824491501, 16.2655773163, 16.6719264984, 17.0666656494, 17.4614048004, 17.8445339203, 18.2392749786, 18.6224040985, 19.0171432495, 19.4118824005, 19.8066215515, 20.2013607025, 20.5960998535, 20.9792289734, 21.3623580933, 21.7454872131, 22.128616333, 22.523355484, 22.918094635, 23.312833786, 23.7191829681, 24.1255321503, 24.5202713013, 24.9150104523, 25.3097496033, 25.7044887543, 26.0992279053, 26.4939670563, 26.8887062073, 27.2834453583, 27.6781845093, 28.0729255676, 28.4560546875, 28.8391838074, 29.2455329895, 29.6402721405, 30.0234012604, 30.4181404114, 30.8128795624, 31.2076187134, 31.5907478333, 31.9738769531, 32.3686180115, 32.7633552551, 33.1580963135, 33.5528335571, 33.9475746155, 34.3423118591, 34.7486610413, 35.1434020996, 35.5497512817, 35.9328804016, 36.3160095215, 36.6991386414, 37.0822677612, 37.4770050049, 37.8601341248, 38.2432632446, 38.6147842407, 38.9979133606, 39.3926506042, 39.7757797241, 40.1705207825, 40.5652618408, 40.9599990845, 41.3547401428, 41.7494773865, 42.1326065063, 42.5157356262, 42.8988647461, 43.281993866, 43.6767349243, 44.0482521057, 44.4197731018, 44.8029022217]
},
"tonal": {
    "chords_changes_rate": 0.0668724253774,
    "chords_number_rate": 0.0102880662307,
    "chords_strength": {
        "mean": 0.446907877922,
        "var": 0.00682048918679
    },
    "hpcp_entropy": {
        "mean": 2.16991281509,
        "var": 0.742428898811
    },
    "key_strength": 0.437130570412,
    "tuning_diatonic_strength": 0.392429709435,
    "tuning_equal_tempered_deviation": 0.261165350676,
    "tuning_frequency": 434.193115234,
    "tuning_nontempered_energy_ratio": 0.9236728549,
    "hpcp": {
        "mean": [0.0917399525642, 0.0715884715319, 0.0710732266307, 0.140774741769, 0.196076184511, 0.149138391018, 0.148347511888, 0.167510315776, 0.122646048665, 0.111477442086, 0.108177535236, 0.096243172884, 0.179439455271, 0.23860527575, 0.155515983701, 0.0938255414367, 0.0913715064526, 0.110913202167, 0.223722368479, 0.269628196955, 0.170337587595, 0.137548953295, 0.140173047781, 0.220427781343, 0.326486885548, 0.203552737832, 0.0653207227588, 0.0700980275869, 0.0869650840759, 0.0729456841946, 0.0693785697222, 0.0837893933058, 0.0841158106923, 0.136303156614, 0.186915516853, 0.143432274461],
        "var": [0.0294910445809, 0.0215787105262, 0.0190192367882, 0.0403961278498, 0.0726354494691, 0.0402984842658, 0.0466984771192, 0.0765221938491, 0.0375008545816, 0.0438171438873, 0.0417559295893, 0.0260406509042, 0.0634111166, 0.10895011574, 0.045636292547, 0.0298344939947, 0.0296294111758, 0.0373410098255, 0.088918350637, 0.109861820936, 0.0482676438987, 0.0591802187264, 0.0803620219231, 0.063634544611, 0.137544602156, 0.0478585623205, 0.0151536511257, 0.0182178355753, 0.026770055294, 0.0206361804157, 0.0176037177444, 0.0269945356995, 0.0253326091915, 0.0423652455211, 0.070261105895, 0.0510816238821]
    },
    "chords_histogram": [5.76131677628, 7.40740728378, 1.33744859695, 0, 36.6255149841, 12.9629631042, 0.102880656719, 9.87654304504, 0, 4.52674913406, 0, 1.74897122383, 0.823045253754, 0, 0, 0, 0, 0, 0, 0, 0, 0.925925910473, 8.33333301544, 9.56790161133],
    "thpcp": [1, 0.623463749886, 0.200071498752, 0.214703962207, 0.266366243362, 0.22342607379, 0.212500318885, 0.256639391184, 0.257639169693, 0.41748431325, 0.572505414486, 0.43932017684, 0.280991226435, 0.219269052148, 0.217690914869, 0.431180387735, 0.600563764572, 0.456797480583, 0.454375088215, 0.513069033623, 0.375653833151, 0.34144538641, 0.331338077784, 0.294784188271, 0.549606919289, 0.730826497078, 0.476331472397, 0.287379205227, 0.279862701893, 0.339717179537, 0.685241520405, 0.825846970081, 0.521728754044, 0.421300083399, 0.429337441921, 0.675150513649],
    "chords_key": "A#",
    "chords_scale": "minor",
    "key_key": "G#",
    "key_scale": "minor"
}
}