{
"lowlevel": {
    "average_loudness": 0.506631314754,
    "barkbands_crest": {
        "mean": 9.15213775635,
        "var": 21.8884525299
    },
    "barkbands_flatness_db": {
        "mean": 0.168577477336,
        "var": 0.00391751853749
    },
    "barkbands_kurtosis": {
        "mean": 0.738319516182,
        "var": 7.39635372162
    },
    "barkbands_skewness": {
        "mean": -0.185715317726,
        "var": 1.19253766537
    },
    "barkbands_spread": {
        "mean": 24.2071552277,
        "var": 197.867630005
    },
    "dissonance": {
        "mean": 0.471799314022,
        "var": 0.000851977791172
    },
    "dynamic_complexity": 5.2293586731,
    "erbbands_crest": {
        "mean": 12.0196247101,
        "var": 29.0305671692
    },
    "erbbands_flatness_db": {
        "mean": 0.257271409035,
        "var": 0.00294951954857
    },
    "erbbands_kurtosis": {
        "mean": 2.31676077843,
        "var": 7.23511362076
    },
    "erbbands_skewness": {
        "mean": -0.454820334911,
        "var": 1.23348200321
    },
    "erbbands_spread": {
        "mean": 17.8637657166,
        "var": 43.4265632629
    },
    "hfc": {
        "mean": 19.219373703,
        "var": 477.012878418
    },
    "melbands_crest": {
        "mean": 11.4612770081,
        "var": 33.8193130493
    },
    "melbands_flatness_db": {
        "mean": 0.149495661259,
        "var": 0.00354011612944
    },
    "melbands_kurtosis": {
        "mean": 1.32632124424,
        "var": 24.5548915863
    },
    "melbands_skewness": {
        "mean": 0.698559880257,
        "var": 1.16388118267
    },
    "melbands_spread": {
        "mean": 53.5431938171,
        "var": 853.505187988
    },
    "pitch_salience": {
        "mean": 0.551335275173,
        "var": 0.0102864988148
    },
    "silence_rate_20dB": {
        "mean": 1,
        "var": 0
    },
    "silence_rate_30dB": {
        "mean": 0.995365619659,
        "var": 0.00461307214573
    },
    "silence_rate_60dB": {
        "mean": 0.337281167507,
        "var": 0.223526895046
    },
    "spectral_centroid": {
        "mean": 2513.32055664,
        "var": 337305.6875
    },
    "spectral_complexity": {
        "mean": 14.5509786606,
        "var": 29.2032432556
    },
    "spectral_decrease": {
        "mean": -3.08905478974e-009,
        "var": 1.78164000227e-017
    },
    "spectral_energy": {
        "mean": 0.0134020419791,
        "var": 0.00031899093301
    },
    "spectral_energyband_high": {
        "mean": 0.000449766637757,
        "var": 1.32669313757e-007
    },
    "spectral_energyband_low": {
        "mean": 0.00041799939936,
        "var": 3.6393007008e-007
    },
    "spectral_energyband_middle_high": {
        "mean": 0.00817023124546,
        "var": 0.000175044377102
    },
    "spectral_energyband_middle_low": {
        "mean": 0.00446895230561,
        "var": 6.69434011797e-005
    },
    "spectral_entropy": {
        "mean": 7.27202892303,
        "var": 0.115177698433
    },
    "spectral_flux": {
        "mean": 0.046369638294,
        "var": 0.000899350212421
    },
    "spectral_kurtosis": {
        "mean": 4.82487344742,
        "var": 5.57147026062
    },
    "spectral_rms": {
        "mean": 0.00307080266066,
        "var": 3.64535958397e-006
    },
    "spectral_rolloff": {
        "mean": 2902.64355469,
        "var": 990897.625
    },
    "spectral_skewness": {
        "mean": 1.0193811655,
        "var": 0.105447873473
    },
    "spectral_spread": {
        "mean": 2628420,
        "var": 971904188416
    },
    "spectral_strongpeak": {
        "mean": 2.51649165154,
        "var": 5.80000543594
    },
    "zerocrossingrate": {
        "mean": 0.0952553227544,
        "var": 0.000828538206406
    },
    "barkbands": {
        "mean": [7.67330129747e-006, 0.000206819022424, 0.000122940749861, 0.000136163187562, 0.000125384802232, 0.000134471963975, 0.000103632803075, 6.10787901678e-005, 0.00388621981256, 0.00037030747626, 0.000604341330472, 0.000222345392103, 0.00402892706916, 0.000529511540662, 0.000312448537443, 0.000224322182476, 0.000524324248545, 0.00050660391571, 0.000729250779841, 0.000326571112964, 0.000118951487821, 6.39256613795e-005, 4.8245437938e-005, 5.53114523427e-006, 1.85983333267e-006, 2.12160983892e-007, 3.01057023755e-009],
        "var": [4.53829307467e-010, 1.22589057128e-007, 4.87733409216e-008, 9.30308843294e-008, 5.15602671669e-008, 3.81445381947e-008, 1.06553557089e-007, 2.28940955083e-008, 6.90497181495e-005, 3.90232435166e-006, 1.64846301232e-006, 1.06340587536e-006, 0.000142211676575, 1.98996713152e-006, 6.41978658678e-007, 1.37856048354e-007, 2.55008757222e-007, 6.01018882662e-007, 3.63682460147e-007, 1.07746998879e-007, 9.52378531593e-009, 1.7802830321e-009, 3.48230533298e-009, 2.37171653844e-011, 1.40238740759e-011, 1.22794922017e-013, 6.1785250003e-017]
    },
    "erbbands": {
        "mean": [0.00389887252823, 0.0533489733934, 0.15475256741, 0.3296456635, 0.371431410313, 0.380730330944, 1.00776958466, 1.01794719696, 1.63605284691, 1.01589429379, 14.5069627762, 115.473022461, 15.0370187759, 13.3438930511, 25.7319564819, 27.6380786896, 211.462020874, 36.2675819397, 27.9867630005, 11.9791917801, 15.6940631866, 26.5705375671, 32.242893219, 30.8350028992, 29.7582435608, 16.9462509155, 8.28472614288, 2.95604395866, 2.3727042675, 2.15023756027, 1.30164170265, 0.285950779915, 0.0587532036006, 0.0299409143627, 0.00800764933228, 0.00177945126779, 0.000221855560085, 2.37547192228e-005, 9.63690308708e-006, 1.74321521627e-005],
        "var": [6.51809677947e-005, 0.00784158520401, 0.0723743662238, 0.415260374546, 0.438599348068, 0.646575987339, 2.39795541763, 2.38017821312, 24.8781909943, 3.64622735977, 994.954956055, 64078.8984375, 1805.6920166, 1812.32226563, 2521.24414063, 5891.54980469, 408216.84375, 7013.70703125, 3302.85253906, 629.994140625, 260.418884277, 613.460571289, 2855.86523438, 528.327148438, 773.593444824, 291.576446533, 56.4738388062, 5.72532606125, 2.60791158676, 2.56694436073, 3.00663137436, 0.0417461432517, 0.00934528466314, 0.00431268801913, 0.000169248174643, 7.74897216615e-006, 1.42263104408e-007, 2.10476680529e-009, 1.22899565524e-010, 4.86118978404e-010]
    },
    "gfcc": {
        "mean": [-78.3375015259, 67.6644744873, -205.375839233, 49.1292686462, -63.4435768127, 6.12402296066, -21.2379665375, 1.20929467678, -15.5679140091, -10.4222860336, -3.22806358337, -5.46559762955, -8.33737659454],
        "cov": [[2841.75170898, 381.496002197, -203.851242065, -441.562042236, -107.531814575, 232.886276245, 236.338256836, 106.059959412, 10.9948453903, 91.7161331177, 75.9788894653, -259.065887451, -180.886993408], [381.496002197, 1244.67590332, 805.138183594, 786.592712402, 490.357147217, 24.8030738831, -92.79322052, -32.3833808899, 80.658493042, -74.8188247681, -65.506439209, 20.9380149841, -5.47400760651], [-203.851242065, 805.138183594, 806.228881836, 897.60144043, 420.218658447, -35.1866722107, -196.153671265, -46.2796325684, 53.1194763184, -67.0423202515, -81.7907333374, 102.235809326, 51.8074455261], [-441.562042236, 786.592712402, 897.60144043, 1436.15917969, 568.906555176, -141.373794556, -380.276672363, -131.196182251, 80.5603637695, -121.7473526, -132.048782349, 233.395507813, 147.905990601], [-107.531814575, 490.357147217, 420.218658447, 568.906555176, 361.547973633, 17.7872009277, -103.380050659, -42.705078125, 33.7404060364, -44.6097450256, -48.7840805054, 67.9750595093, 28.1187057495], [232.886276245, 24.8030738831, -35.1866722107, -141.373794556, 17.7872009277, 157.42515564, 123.840713501, 35.6522789001, -32.133228302, 9.27021789551, 26.0517272949, -59.823135376, -57.2862281799], [236.338256836, -92.79322052, -196.153671265, -380.276672363, -103.380050659, 123.840713501, 238.231613159, 80.4783782959, -26.1944236755, 23.0713005066, 53.8506660461, -78.4042358398, -66.8810424805], [106.059959412, -32.3833808899, -46.2796325684, -131.196182251, -42.705078125, 35.6522789001, 80.4783782959, 91.539642334, 29.4275627136, 22.8498458862, 13.0695991516, -33.4145812988, -18.967042923], [10.9948453903, 80.658493042, 53.1194763184, 80.5603637695, 33.7404060364, -32.133228302, -26.1944236755, 29.4275627136, 85.6577224731, 26.8255672455, -4.98391771317, 0.927905678749, 14.6608934402], [91.7161331177, -74.8188247681, -67.0423202515, -121.7473526, -44.6097450256, 9.27021789551, 23.0713005066, 22.8498458862, 26.8255672455, 75.3364105225, 33.9728393555, -22.614824295, -6.53645944595], [75.9788894653, -65.506439209, -81.7907333374, -132.048782349, -48.7840805054, 26.0517272949, 53.8506660461, 13.0695991516, -4.98391771317, 33.9728393555, 68.5985641479, 2.57656502724, -7.4577870369], [-259.065887451, 20.9380149841, 102.235809326, 233.395507813, 67.9750595093, -59.823135376, -78.4042358398, -33.4145812988, 0.927905678749, -22.614824295, 2.57656502724, 127.14238739, 73.4956436157], [-180.886993408, -5.47400760651, 51.8074455261, 147.905990601, 28.1187057495, -57.2862281799, -66.8810424805, -18.967042923, 14.6608934402, -6.53645944595, -7.4577870369, 73.4956436157, 83.7763824463]],
        "icov": [[0.000747126119677, -0.0013163255062, 0.00162251351867, -0.000883653992787, 0.0012513869442, -0.00113884557504, 0.000743569398765, -0.00107425369788, 0.000945584208239, -0.0012934342958, -0.000159807284945, 0.000491365382914, 0.000523827504367], [-0.0013163255062, 0.00655311066657, -0.00738173071295, 0.00292437593453, -0.00542396726087, 0.00366493780166, -0.00360590289347, 0.0045731626451, -0.00500927260146, 0.00565087934956, -0.00215351884253, 0.00233083101921, -0.00144777703099], [0.00162251351867, -0.00738173071295, 0.0137770976871, -0.00667424453422, 0.00396178057417, -0.00366930966265, 0.00435384130105, -0.00810786988586, 0.00751344999298, -0.0072167776525, 0.00153181154747, -0.000648953951895, 0.00291356164962], [-0.000883653992787, 0.00292437593453, -0.00667424453422, 0.0077397627756, -0.00584582937881, 0.00159975513816, 0.00120704027358, 0.00384712801315, -0.00511409947649, 0.00552319176495, 0.00106340704951, -0.00331585109234, -0.00203382759355], [0.0012513869442, -0.00542396726087, 0.00396178057417, -0.00584582937881, 0.0164085887372, -0.00926625169814, 0.0018010669155, -5.03246919834e-005, -9.74151625996e-005, -0.0049782814458, 0.00362256378867, -0.00377692002803, 0.00306565430947], [-0.00113884557504, 0.00366493780166, -0.00366930966265, 0.00159975513816, -0.00926625169814, 0.0204074792564, -0.00869462266564, -0.000739018491004, 0.00566147826612, 0.000870789168403, -0.004062931519, 0.00583749450743, 0.000775904103648], [0.000743569398765, -0.00360590289347, 0.00435384130105, 0.00120704027358, 0.0018010669155, -0.00869462266564, 0.0178536009043, -0.0106060281396, 0.0033963075839, 0.00188991299365, -0.00458086747676, -0.00123684015125, 0.00207874435], [-0.00107425369788, 0.0045731626451, -0.00810786988586, 0.00384712801315, -5.03246919834e-005, -0.000739018491004, -0.0106060281396, 0.0278288926929, -0.0163394473493, 0.00338785280474, 0.00354374921881, -0.00129717809614, -0.00187666597776], [0.000945584208239, -0.00500927260146, 0.00751344999298, -0.00511409947649, -9.74151625996e-005, 0.00566147826612, 0.0033963075839, -0.0163394473493, 0.0298236925155, -0.0139935947955, 0.000276927254163, 0.00471844337881, -0.00141271832399], [-0.0012934342958, 0.00565087934956, -0.0072167776525, 0.00552319176495, -0.0049782814458, 0.000870789168403, 0.00188991299365, 0.00338785280474, -0.0139935947955, 0.0310824587941, -0.0142880128697, 0.00587453041226, -0.00472114467993], [-0.000159807284945, -0.00215351884253, 0.00153181154747, 0.00106340704951, 0.00362256378867, -0.004062931519, -0.00458086747676, 0.00354374921881, 0.000276927254163, -0.0142880128697, 0.0317175500095, -0.0145472390577, 0.00426300195977], [0.000491365382914, 0.00233083101921, -0.000648953951895, -0.00331585109234, -0.00377692002803, 0.00583749450743, -0.00123684015125, -0.00129717809614, 0.00471844337881, 0.00587453041226, -0.0145472390577, 0.0292218755931, -0.0158513393253], [0.000523827504367, -0.00144777703099, 0.00291356164962, -0.00203382759355, 0.00306565430947, 0.000775904103648, 0.00207874435, -0.00187666597776, -0.00141271832399, -0.00472114467993, 0.00426300195977, -0.0158513393253, 0.029662642628]]
    },
    "melbands": {
        "mean": [4.72021456517e-005, 7.92886567069e-005, 5.6971966842e-005, 2.76945720543e-005, 3.07171831082e-005, 2.34525778069e-005, 2.36991691054e-005, 8.39407402964e-006, 0.000216243235627, 0.000667142565362, 4.1941213567e-005, 5.11673351866e-005, 9.84655052889e-005, 2.77711678791e-005, 0.000285363639705, 0.000345645181369, 4.2937881517e-005, 5.06109972775e-005, 1.58248676598e-005, 1.48437611642e-005, 1.96027485799e-005, 2.69933480013e-005, 2.98282084259e-005, 2.70208347501e-005, 2.41071174969e-005, 3.06998153974e-005, 1.15128968901e-005, 1.16668297778e-005, 6.24682297712e-006, 2.37666495195e-006, 1.2931608353e-006, 1.11034967176e-006, 1.58371244652e-006, 1.02847286598e-006, 8.73964665971e-007, 3.88321439004e-007, 8.19567702592e-008, 3.78934004175e-008, 3.07143395162e-008, 2.31775310056e-008],
        "var": [7.07381353493e-009, 1.65342903813e-008, 1.14997984468e-008, 3.92345178568e-009, 1.97598515328e-009, 1.22309118389e-009, 5.52602763548e-009, 3.49900886043e-010, 2.37620952248e-007, 2.19832600123e-006, 4.71464858265e-008, 4.38625917809e-008, 4.36221263556e-008, 6.54552101409e-009, 8.19990248146e-007, 9.87593352875e-007, 2.40866988577e-008, 1.08939843813e-008, 1.50440915281e-009, 9.04900654408e-010, 5.58894930336e-010, 6.03873451244e-010, 2.43787834364e-009, 1.73162939543e-009, 3.94995924857e-010, 8.2108947419e-010, 2.25529123155e-010, 2.03476763216e-010, 4.68009034305e-011, 5.07937615579e-012, 1.17255977063e-012, 6.47334941727e-013, 1.31746946252e-012, 1.10612127097e-012, 1.862791605e-012, 1.20575885431e-013, 3.38749736134e-015, 4.72097413042e-015, 6.15994800605e-015, 2.51984869094e-015]
    },
    "mfcc": {
        "mean": [-689.802001953, 75.6360092163, -70.1228942871, 32.4756622314, -18.7632637024, 8.31264972687, -2.83384752274, 16.0734138489, -13.0711650848, 6.17364168167, 0.766391515732, -1.08836102486, -2.18262434006],
        "cov": [[1920.29162598, 425.248138428, -91.9915390015, -360.621612549, -167.376571655, 15.2275381088, 207.421325684, -11.3645734787, -9.84834194183, 184.602767944, 233.702148438, -12.7340631485, -68.8857727051], [425.248138428, 882.538330078, 397.329498291, 374.466491699, 335.745819092, 160.377716064, 58.6394767761, 75.6229324341, 76.0178833008, 11.049369812, 23.7071056366, -16.753238678, -1.90414941311], [-91.9915390015, 397.329498291, 517.893798828, 594.045959473, 405.03427124, 139.053695679, -75.1397476196, 24.5120735168, 83.868888855, -93.3640975952, -86.2049942017, 8.64806938171, 15.7852687836], [-360.621612549, 374.466491699, 594.045959473, 1124.12683105, 670.898132324, 237.469818115, -251.214584351, 32.3311920166, 122.321060181, -201.833938599, -236.528625488, 13.0169372559, 57.1019744873], [-167.376571655, 335.745819092, 405.03427124, 670.898132324, 526.596923828, 180.906005859, -130.053451538, 11.6156415939, 95.2300109863, -115.080871582, -111.567588806, 6.23775815964, 15.248875618], [15.2275381088, 160.377716064, 139.053695679, 237.469818115, 180.906005859, 151.25213623, 16.9089221954, 26.6854839325, 22.7532844543, -33.4838943481, -30.6973991394, 7.64955091476, 1.8295904398], [207.421325684, 58.6394767761, -75.1397476196, -251.214584351, -130.053451538, 16.9089221954, 208.534378052, 61.5001029968, -27.6740627289, 64.9828796387, 83.0474395752, 2.24422740936, -14.8574228287], [-11.3645734787, 75.6229324341, 24.5120735168, 32.3311920166, 11.6156415939, 26.6854839325, 61.5001029968, 102.002632141, 12.8271341324, 3.94795060158, -1.58424031734, -6.01103401184, 4.57050228119], [-9.84834194183, 76.0178833008, 83.868888855, 122.321060181, 95.2300109863, 22.7532844543, -27.6740627289, 12.8271341324, 77.4441986084, 2.29124808311, -9.55511379242, -1.14355278015, -5.84612035751], [184.602767944, 11.049369812, -93.3640975952, -201.833938599, -115.080871582, -33.4838943481, 64.9828796387, 3.94795060158, 2.29124808311, 135.496139526, 83.9945755005, -7.32188940048, -16.7818489075], [233.702148438, 23.7071056366, -86.2049942017, -236.528625488, -111.567588806, -30.6973991394, 83.0474395752, -1.58424031734, -9.55511379242, 83.9945755005, 128.534118652, 10.4120445251, -26.0569648743], [-12.7340631485, -16.753238678, 8.64806938171, 13.0169372559, 6.23775815964, 7.64955091476, 2.24422740936, -6.01103401184, -1.14355278015, -7.32188940048, 10.4120445251, 55.0916633606, 24.3815326691], [-68.8857727051, -1.90414941311, 15.7852687836, 57.1019744873, 15.248875618, 1.8295904398, -14.8574228287, 4.57050228119, -5.84612035751, -16.7818489075, -26.0569648743, 24.3815326691, 72.1125946045]],
        "icov": [[0.000846389622893, -0.000580493768211, 0.000365170039004, -0.000375585572328, 0.000544788141269, -0.000197163913981, -0.000417651841417, 0.000798506778665, -0.000121832905279, -0.000117727453471, -0.00106180517469, 0.000177717636689, 0.000282771157799], [-0.000580493768211, 0.00285813864321, -0.00190561602358, 0.000463780219434, -0.00138510484248, -0.000477852008771, -0.000270965771051, -0.00130270025693, 0.000252230587648, -0.000643695995677, -0.000973627378698, 0.00161854247563, -0.00112579506822], [0.000365170039004, -0.00190561602358, 0.00802395585924, -0.00426193140447, -0.00119560479652, 0.00293186958879, -0.00375390308909, 0.00251401215792, -0.00129854411352, 0.00114795088302, -0.00121104391292, -0.00074102031067, 0.00113737536594], [-0.000375585572328, 0.000463780219434, -0.00426193140447, 0.00957948621362, -0.00478622643277, -0.0045928847976, 0.00669963099062, -0.00459357257932, -6.9034686021e-005, -0.000290948344627, 0.00568930571899, -0.00149235210847, -0.00171195867006], [0.000544788141269, -0.00138510484248, -0.00119560479652, -0.00478622643277, 0.012418561615, -0.00499893166125, 0.00115917087533, 0.00245661847293, -0.00389024219476, 0.00229096389376, -0.00316772144288, 0.000972202571575, 0.000863879860844], [-0.000197163913981, -0.000477852008771, 0.00293186958879, -0.0045928847976, -0.00499893166125, 0.0181997139007, -0.00907750893384, 0.00188326719217, 0.00206665811129, -0.00042096877587, 0.00100253208075, -0.00231059081852, 0.00261287111789], [-0.000417651841417, -0.000270965771051, -0.00375390308909, 0.00669963099062, 0.00115917087533, -0.00907750893384, 0.0173109211028, -0.00961442757398, 0.00251925992779, -0.000752210733481, -0.00119889515918, -0.00131428823806, -0.000687983934768], [0.000798506778665, -0.00130270025693, 0.00251401215792, -0.00459357257932, 0.00245661847293, 0.00188326719217, -0.00961442757398, 0.0174162853509, -0.00406307913363, 0.000783930358011, -0.000202698414796, 0.00272198859602, -0.000977021525614], [-0.000121832905279, 0.000252230587648, -0.00129854411352, -6.9034686021e-005, -0.00389024219476, 0.00206665811129, 0.00251925992779, -0.00406307913363, 0.0202377121896, -0.00477698538452, -5.96178142587e-005, -0.00157321221195, 0.00281528686173], [-0.000117727453471, -0.000643695995677, 0.00114795088302, -0.000290948344627, 0.00229096389376, -0.00042096877587, -0.000752210733481, 0.000783930358011, -0.00477698538452, 0.015136889182, -0.00798639189452, 0.00383262243122, -0.00187503884081], [-0.00106180517469, -0.000973627378698, -0.00121104391292, 0.00568930571899, -0.00316772144288, 0.00100253208075, -0.00119889515918, -0.000202698414796, -5.96178142587e-005, -0.00798639189452, 0.0249330028892, -0.00968012399971, 0.00554899545386], [0.000177717636689, 0.00161854247563, -0.00074102031067, -0.00149235210847, 0.000972202571575, -0.00231059081852, -0.00131428823806, 0.00272198859602, -0.00157321221195, 0.00383262243122, -0.00968012399971, 0.0268159080297, -0.0108338082209], [0.000282771157799, -0.00112579506822, 0.00113737536594, -0.00171195867006, 0.000863879860844, 0.00261287111789, -0.000687983934768, -0.000977021525614, 0.00281528686173, -0.00187503884081, 0.00554899545386, -0.0108338082209, 0.0203453302383]]
    },
    "spectral_contrast_coeffs": {
        "mean": [-0.705951929092, -0.706327736378, -0.71096944809, -0.70699930191, -0.700179994106, -0.659800469875],
        "var": [0.00336116971448, 0.00792837236077, 0.0108202472329, 0.00786782428622, 0.00265360320918, 0.00113536429126]
    },
    "spectral_contrast_valleys": {
        "mean": [-9.17442035675, -8.3562002182, -8.16780662537, -8.22475624084, -7.69181871414, -11.6707811356],
        "var": [1.60311543941, 0.839874923229, 0.641936659813, 0.52488720417, 0.464207470417, 0.460399478674]
    }
},
"metadata": {
    "audio_properties": {
        "analysis_sample_rate": 44100,
        "bit_rate": 128074,
        "equal_loudness": 0,
        "length": 45.0612258911,
        "lossless": 0,
        "replay_gain": -6.25771141052,
        "sample_rate": 44100,
        "codec": "mp3",
        "downmix": "mix",
        "md5_encoded": "fed442e724a9f690d6679b3e651e0824"
    },
    "tags": {
        "file_name": "1918.mp3"
    },
    "version": {
        "essentia": "2.1-beta2",
        "essentia_git_sha": "v2.1_beta2",
        "extractor": "music 1.0"
    }
},
"rhythm": {
    "beats_count": 101,
    "beats_loudness": {
        "mean": 0.0162970069796,
        "var": 0.000362777354894
    },
    "bpm": 164.563522339,
    "bpm_histogram_first_peak_bpm": {
        "mean": 167,
        "var": 0
    },
    "bpm_histogram_first_peak_spread": {
        "mean": 0,
        "var": 0
    },
    "bpm_histogram_first_peak_weight": {
        "mean": 0.20000000298,
        "var": 0
    },
    "bpm_histogram_second_peak_bpm": {
        "mean": 117,
        "var": 0
    },
    "bpm_histogram_second_peak_spread": {
        "mean": 0.5,
        "var": 0
    },
    "bpm_histogram_second_peak_weight": {
        "mean": 0.189999997616,
        "var": 0
    },
    "danceability": 0.880051612854,
    "onset_rate": 1.24219357967,
    "beats_loudness_band_ratio": {
        "mean": [0.0850817337632, 0.0618462860584, 0.186187654734, 0.247939988971, 0.260836154222, 0.171268418431],
        "var": [0.0114501360804, 0.00565636670217, 0.0472627580166, 0.0459747612476, 0.0366373211145, 0.014480558224]
    },
    "beats_position": [0.510838985443, 1.02167797089, 1.54412698746, 2.06657600403, 2.58902478218, 3.13469386101, 3.68036270142, 4.21442174911, 4.74848079681, 5.2941493988, 5.83981847763, 6.3622674942, 6.8963265419, 7.41877555847, 7.94122457504, 8.46367359161, 8.96290206909, 9.46213150024, 9.96135997772, 10.4605894089, 10.95981884, 11.4706573486, 11.9814968109, 12.4923353195, 13.0031747818, 13.5024032593, 14.0132427216, 14.512471199, 15.0233106613, 15.5341491699, 16.0333786011, 16.5326080322, 17.0434455872, 17.5542850494, 18.0651245117, 18.575963974, 19.0868015289, 19.6092510223, 20.1317005157, 20.6541500092, 21.1998176575, 21.733877182, 22.2679367065, 22.8136043549, 23.3592739105, 23.8701133728, 24.3809528351, 24.89179039, 25.4026298523, 25.9134693146, 26.4243087769, 26.7958278656, 27.1673469543, 27.5388660431, 27.9103851318, 28.2702941895, 28.6302032471, 28.9901123047, 29.3500213623, 29.7099323273, 30.0466213226, 30.3949203491, 30.7432193756, 31.0915184021, 31.4398174286, 31.7881164551, 32.1364173889, 32.4847145081, 32.8562355042, 33.2277526855, 33.5876655579, 33.9475746155, 34.3190917969, 34.690612793, 35.0505218506, 35.4104309082, 35.7703399658, 36.1302490234, 36.4901580811, 36.8616790771, 37.2215881348, 37.5931053162, 37.9646263123, 38.3361434937, 38.7192726135, 39.1024017334, 39.4739227295, 39.8454399109, 40.2053489685, 40.5652618408, 40.9251708984, 41.2850799561, 41.6333770752, 41.981678009, 42.3299751282, 42.6898841858, 43.0497932434, 43.3980941772, 43.7463951111, 44.0830841064, 44.4429931641]
},
"tonal": {
    "chords_changes_rate": 0.0380658432841,
    "chords_number_rate": 0.00925925932825,
    "chords_strength": {
        "mean": 0.508851051331,
        "var": 0.00498765008524
    },
    "hpcp_entropy": {
        "mean": 1.80424904823,
        "var": 0.751468062401
    },
    "key_strength": 0.653861165047,
    "tuning_diatonic_strength": 0.576658904552,
    "tuning_equal_tempered_deviation": 0.375594943762,
    "tuning_frequency": 446.142181396,
    "tuning_nontempered_energy_ratio": 0.953171908855,
    "hpcp": {
        "mean": [0.166150018573, 0.094251178205, 0.0835028812289, 0.0647819265723, 0.0767856240273, 0.105617903173, 0.127587586641, 0.13627782464, 0.103259198368, 0.0777582079172, 0.124170847237, 0.153948321939, 0.122942849994, 0.179568827152, 0.251573711634, 0.181143775582, 0.163892120123, 0.204244866967, 0.186620339751, 0.254901498556, 0.390973806381, 0.418250858784, 0.308511942625, 0.164995282888, 0.119573168457, 0.177651375532, 0.174405708909, 0.118274450302, 0.110243618488, 0.0993211939931, 0.0985738709569, 0.201113536954, 0.29110366106, 0.220424756408, 0.221331238747, 0.268675833941],
        "var": [0.0422799661756, 0.0193262696266, 0.0168132912368, 0.00891346018761, 0.0110749350861, 0.0195426717401, 0.0169391464442, 0.0233100578189, 0.02176784724, 0.0147747583687, 0.0283502340317, 0.0386712104082, 0.0292471013963, 0.0646186694503, 0.137255653739, 0.0610478594899, 0.0478433147073, 0.0832628905773, 0.0556120164692, 0.0778164193034, 0.11338929832, 0.117830306292, 0.105651013553, 0.0511647947133, 0.0273093022406, 0.0511048138142, 0.051053956151, 0.0282412301749, 0.0321170426905, 0.0290937479585, 0.0215060040355, 0.053868804127, 0.107331044972, 0.0613020770252, 0.0581979751587, 0.0915702804923]
    },
    "chords_histogram": [18.2098770142, 8.53909492493, 3.70370364189, 0.308641970158, 0, 0, 0, 0, 5.76131677628, 0, 4.62962961197, 0, 0, 0, 20.0617275238, 19.4444446564, 0, 4.52674913406, 0, 0, 0, 0, 14.8148145676, 0],
    "thpcp": [1, 0.737624168396, 0.394488811493, 0.285888642073, 0.424748390913, 0.416988283396, 0.282783508301, 0.263582527637, 0.237468004227, 0.235681220889, 0.480844289064, 0.696002542973, 0.527015686035, 0.529182970524, 0.642379641533, 0.397249668837, 0.225346043706, 0.199647843838, 0.154887735844, 0.183587491512, 0.252522855997, 0.305050373077, 0.3258279562, 0.246883407235, 0.185912847519, 0.296881258488, 0.368076533079, 0.293945252895, 0.429332822561, 0.601490020752, 0.4330984056, 0.391851246357, 0.488331019878, 0.446192353964, 0.609446465969, 0.934783041477],
    "chords_key": "A",
    "chords_scale": "major",
    "key_key": "G#",
    "key_scale": "major"
}
}