{
"lowlevel": {
    "average_loudness": 0.977520167828,
    "barkbands_crest": {
        "mean": 7.44596815109,
        "var": 11.1257219315
    },
    "barkbands_flatness_db": {
        "mean": 0.100000359118,
        "var": 0.00381022691727
    },
    "barkbands_kurtosis": {
        "mean": 0.783539652824,
        "var": 25.0224056244
    },
    "barkbands_skewness": {
        "mean": 0.871114730835,
        "var": 0.87551432848
    },
    "barkbands_spread": {
        "mean": 34.9097747803,
        "var": 166.03604126
    },
    "dissonance": {
        "mean": 0.48088696599,
        "var": 0.000230089877732
    },
    "dynamic_complexity": 1.28848934174,
    "erbbands_crest": {
        "mean": 7.61999416351,
        "var": 10.9407453537
    },
    "erbbands_flatness_db": {
        "mean": 0.150951638818,
        "var": 0.00202229362912
    },
    "erbbands_kurtosis": {
        "mean": -0.160331562161,
        "var": 2.6989095211
    },
    "erbbands_skewness": {
        "mean": -0.205538481474,
        "var": 0.467561453581
    },
    "erbbands_spread": {
        "mean": 42.5815353394,
        "var": 169.34928894
    },
    "hfc": {
        "mean": 37.6472091675,
        "var": 303.999420166
    },
    "melbands_crest": {
        "mean": 11.1665315628,
        "var": 12.7773485184
    },
    "melbands_flatness_db": {
        "mean": 0.140879437327,
        "var": 0.00477945804596
    },
    "melbands_kurtosis": {
        "mean": 6.59273004532,
        "var": 158.562271118
    },
    "melbands_skewness": {
        "mean": 2.09094953537,
        "var": 1.35916948318
    },
    "melbands_spread": {
        "mean": 40.9108047485,
        "var": 351.199981689
    },
    "pitch_salience": {
        "mean": 0.593900680542,
        "var": 0.00635391287506
    },
    "silence_rate_20dB": {
        "mean": 1,
        "var": 0
    },
    "silence_rate_30dB": {
        "mean": 1,
        "var": 0
    },
    "silence_rate_60dB": {
        "mean": 0.00205973233096,
        "var": 0.00205550855026
    },
    "spectral_centroid": {
        "mean": 2023.84765625,
        "var": 342581.34375
    },
    "spectral_complexity": {
        "mean": 34.843460083,
        "var": 117.723274231
    },
    "spectral_decrease": {
        "mean": -6.48475939613e-009,
        "var": 5.21540891732e-018
    },
    "spectral_energy": {
        "mean": 0.0278896577656,
        "var": 9.16253193282e-005
    },
    "spectral_energyband_high": {
        "mean": 0.00219694920816,
        "var": 2.41173461291e-006
    },
    "spectral_energyband_low": {
        "mean": 0.00591178936884,
        "var": 2.73077403108e-005
    },
    "spectral_energyband_middle_high": {
        "mean": 0.00871005281806,
        "var": 3.30818547809e-005
    },
    "spectral_energyband_middle_low": {
        "mean": 0.0124657806009,
        "var": 3.36665216309e-005
    },
    "spectral_entropy": {
        "mean": 7.83272075653,
        "var": 0.143931344151
    },
    "spectral_flux": {
        "mean": 0.0902480706573,
        "var": 0.00120654515922
    },
    "spectral_kurtosis": {
        "mean": 3.39459872246,
        "var": 5.6419005394
    },
    "spectral_rms": {
        "mean": 0.00512709654868,
        "var": 9.22335061659e-007
    },
    "spectral_rolloff": {
        "mean": 2729.82617188,
        "var": 1826320.625
    },
    "spectral_skewness": {
        "mean": 1.19092786312,
        "var": 0.125605076551
    },
    "spectral_spread": {
        "mean": 4459035.5,
        "var": 2.71607844045e+012
    },
    "spectral_strongpeak": {
        "mean": 1.17734849453,
        "var": 1.87677705288
    },
    "zerocrossingrate": {
        "mean": 0.0899699702859,
        "var": 0.00117010681424
    },
    "barkbands": {
        "mean": [7.40401228541e-005, 0.00143777718768, 0.00328853866085, 0.00182760809548, 0.00294323964044, 0.00229726149701, 0.00139771075919, 0.00178523175418, 0.00169283163268, 0.00103954831138, 0.000399881973863, 0.00056342309108, 0.000657369906548, 0.000946075597312, 0.00077199190855, 0.00112785864621, 0.00107456673868, 0.000736166140996, 0.0013978749048, 0.000489246391226, 0.000804692972451, 0.000343143969076, 0.000274049321888, 0.000269754265901, 0.000170811385033, 7.52925843699e-005, 3.70473458133e-006],
        "var": [4.31685336366e-008, 4.51455889561e-006, 9.65657091001e-006, 2.59390640167e-006, 8.57786926645e-006, 1.04821401692e-005, 5.88047487327e-006, 6.15852741248e-006, 7.52173673391e-006, 7.01932003722e-006, 8.65190656896e-007, 9.7638690022e-007, 1.56352882641e-006, 2.94027518066e-006, 1.21543291698e-006, 1.32358468363e-006, 2.10053462979e-006, 5.35817605396e-007, 1.23608776903e-006, 1.18564784657e-007, 2.70252428436e-007, 1.55330894813e-007, 9.58741850354e-008, 1.13167558879e-007, 4.61695748299e-008, 1.63886788584e-008, 7.95246299368e-011]
    },
    "erbbands": {
        "mean": [0.025442359969, 0.415213912725, 3.01007270813, 5.9949131012, 8.00766944885, 9.04096794128, 11.9576234818, 21.3251838684, 21.7876987457, 25.5541210175, 38.8516616821, 41.9648628235, 40.5581970215, 19.0811862946, 19.0776901245, 25.013917923, 31.3063926697, 40.0700073242, 50.8642196655, 48.1403846741, 62.4442100525, 55.3944816589, 41.5043334961, 76.3792114258, 46.8100204468, 24.6339645386, 33.5284233093, 25.0098419189, 12.9248275757, 10.6555805206, 7.36895799637, 5.80967569351, 4.32101345062, 2.2192940712, 1.08786654472, 0.439538121223, 0.112496346235, 0.0178449433297, 0.00044885132229, 5.22164191352e-005],
        "var": [0.00319951842539, 0.287378937006, 9.09242534637, 23.5360565186, 51.4625587463, 110.539466858, 242.601150513, 1057.75708008, 1251.08703613, 1044.41564941, 3739.87109375, 5159.10498047, 6214.50048828, 2315.18139648, 1478.51159668, 1951.83276367, 3094.23657227, 3702.20703125, 7166.12939453, 3317.92041016, 3780.41381836, 5297.96826172, 1785.39892578, 4900.89257813, 866.265808105, 293.080841064, 556.32244873, 304.960906982, 248.677871704, 121.688270569, 72.0143280029, 49.3891181946, 30.6512584686, 8.03328990936, 1.99918758869, 0.493680775166, 0.0400527641177, 0.00132893410046, 8.00529335265e-007, 9.81674963541e-010]
    },
    "gfcc": {
        "mean": [44.57239151, 72.3606414795, -134.204391479, 44.3491096497, -62.2770652771, 1.79119944572, -45.2636070251, 10.2823181152, -27.3122959137, 1.993242383, -23.4101219177, -8.5609588623, -14.1344451904],
        "cov": [[4906.99072266, -2278.60449219, 471.09185791, -129.327758789, -459.600036621, 1010.02178955, -179.861068726, 713.061767578, -187.195556641, 442.606719971, -279.141967773, 358.946166992, -505.163238525], [-2278.60449219, 1938.16259766, -354.478424072, 324.016326904, 424.16015625, -714.204406738, 143.555496216, -433.800842285, 104.13483429, -316.067718506, 186.745910645, -312.267913818, 327.007537842], [471.09185791, -354.478424072, 428.209503174, 20.4286956787, 5.57243537903, 171.671859741, -2.80673670769, 109.31098175, -52.0600280762, 62.4611244202, -69.2742919922, 83.6622238159, -112.108055115], [-129.327758789, 324.016326904, 20.4286956787, 399.215881348, 100.588623047, -122.024673462, 20.4596652985, 1.26282835007, 23.4624061584, -50.9393882751, 27.5737743378, -113.7289505, 57.8214683533], [-459.600036621, 424.16015625, 5.57243537903, 100.588623047, 274.020111084, -127.687828064, 48.7736473083, -58.5267715454, 14.60820961, -39.4940834045, 11.5223016739, -63.6091957092, 42.5143508911], [1010.02178955, -714.204406738, 171.671859741, -122.024673462, -127.687828064, 428.71774292, 15.9501581192, 205.037521362, -42.5319900513, 118.020767212, -95.0825271606, 113.449241638, -160.97618103], [-179.861068726, 143.555496216, -2.80673670769, 20.4596652985, 48.7736473083, 15.9501581192, 131.208023071, 21.2600345612, 10.4464244843, -27.5374145508, -4.91980600357, -29.6974868774, -2.78584456444], [713.061767578, -433.800842285, 109.31098175, 1.26282835007, -58.5267715454, 205.037521362, 21.2600345612, 237.80380249, -6.51299095154, 108.035003662, -59.5726089478, 51.1025695801, -102.886405945], [-187.195556641, 104.13483429, -52.0600280762, 23.4624061584, 14.60820961, -42.5319900513, 10.4464244843, -6.51299095154, 74.7968063354, 6.25515556335, 18.0572929382, -23.2901363373, 21.6929779053], [442.606719971, -316.067718506, 62.4611244202, -50.9393882751, -39.4940834045, 118.020767212, -27.5374145508, 108.035003662, 6.25515556335, 129.573760986, -8.04859542847, 59.7201042175, -65.1671981812], [-279.141967773, 186.745910645, -69.2742919922, 27.5737743378, 11.5223016739, -95.0825271606, -4.91980600357, -59.5726089478, 18.0572929382, -8.04859542847, 79.907699585, -1.35562539101, 52.9747581482], [358.946166992, -312.267913818, 83.6622238159, -113.7289505, -63.6091957092, 113.449241638, -29.6974868774, 51.1025695801, -23.2901363373, 59.7201042175, -1.35562539101, 131.933578491, -36.9022827148], [-505.163238525, 327.007537842, -112.108055115, 57.8214683533, 42.5143508911, -160.97618103, -2.78584456444, -102.886405945, 21.6929779053, -65.1671981812, 52.9747581482, -36.9022827148, 121.540061951]],
        "icov": [[0.000861270935275, -0.000305292662233, 0.00068177311914, -0.00100397726055, 0.000645867432468, -0.000704538833816, 0.0010353422258, -0.000731494976208, 0.00127770355903, -0.00104139850009, 0.00169756100513, -0.0017405746039, 0.0016982764937], [-0.000305292662233, 0.00492419209331, -0.000502518727444, 0.000659022887703, -0.00371445436031, 0.00261595426127, -0.00325922225602, 0.00167953874916, -0.00199816795066, 0.00411153677851, -0.00590155739337, 0.00496180169284, -0.0025435872376], [0.00068177311914, -0.000502518727444, 0.00508147943765, -0.00282749929465, 2.25344028877e-005, -0.000296987971524, 0.000413221190684, 0.000381385587389, 0.00234518339857, -0.00168537604623, 0.0048142480664, -0.00588369509205, 0.00494209863245], [-0.00100397726055, 0.000659022887703, -0.00282749929465, 0.0064267013222, -0.00187224743422, 0.00052214047173, 0.000284062145511, -0.00270039378665, -0.00185008195695, 0.00375380646437, -0.00663899071515, 0.00791675038636, -0.00490417378023], [0.000645867432468, -0.00371445436031, 2.25344028877e-005, -0.00187224743422, 0.00839239079505, -0.000487942335894, 0.00020989710174, 3.2739724702e-005, 0.00229439488612, -0.0057005379349, 0.00722163636237, -0.00399804953486, 0.00221287179738], [-0.000704538833816, 0.00261595426127, -0.000296987971524, 0.00052214047173, -0.000487942335894, 0.0095453383401, -0.00476531498134, 7.16754875612e-005, -0.000686507846694, 0.00068241963163, 0.00095693586627, -0.000612660311162, 0.00216099875979], [0.0010353422258, -0.00325922225602, 0.000413221190684, 0.000284062145511, 0.00020989710174, -0.00476531498134, 0.0145114921033, -0.00608754903078, 0.000383309583412, 0.00319888349622, 0.000150809282786, -0.00116979167797, 0.00333859096281], [-0.000731494976208, 0.00167953874916, 0.000381385587389, -0.00270039378665, 3.2739724702e-005, 7.16754875612e-005, -0.00608754903078, 0.0145467948169, -0.00173368817195, -0.00722368713468, 0.00456377817318, -0.000464810756966, 0.000641346152406], [0.00127770355903, -0.00199816795066, 0.00234518339857, -0.00185008195695, 0.00229439488612, -0.000686507846694, 0.000383309583412, -0.00173368817195, 0.0195787027478, -0.00783303938806, 0.00360588729382, -0.00156546838116, 0.000818035681732], [-0.00104139850009, 0.00411153677851, -0.00168537604623, 0.00375380646437, -0.0057005379349, 0.00068241963163, 0.00319888349622, -0.00722368713468, -0.00783303938806, 0.0264737606049, -0.0164759904146, 0.00411783717573, 0.00214939564466], [0.00169756100513, -0.00590155739337, 0.0048142480664, -0.00663899071515, 0.00722163636237, 0.00095693586627, 0.000150809282786, 0.00456377817318, 0.00360588729382, -0.0164759904146, 0.0383548811078, -0.0174912866205, 0.00163532432634], [-0.0017405746039, 0.00496180169284, -0.00588369509205, 0.00791675038636, -0.00399804953486, -0.000612660311162, -0.00116979167797, -0.000464810756966, -0.00156546838116, 0.00411783717573, -0.0174912866205, 0.0277092661709, -0.011086714454], [0.0016982764937, -0.0025435872376, 0.00494209863245, -0.00490417378023, 0.00221287179738, 0.00216099875979, 0.00333859096281, 0.000641346152406, 0.000818035681732, 0.00214939564466, 0.00163532432634, -0.011086714454, 0.028656726703]]
    },
    "melbands": {
        "mean": [0.000307190552121, 0.00125997536816, 0.0010861371411, 0.000627017987426, 0.0004357896687, 0.000473736436106, 0.000322218198562, 0.000295101723168, 0.000320069200825, 0.000258332060184, 0.000198578214622, 7.77197128627e-005, 5.91274583712e-005, 5.83156870562e-005, 6.8160945375e-005, 6.69176442898e-005, 7.60244292906e-005, 8.84726832737e-005, 5.49036703887e-005, 7.46275909478e-005, 7.33660344849e-005, 5.85037560086e-005, 4.81298920931e-005, 3.43260981026e-005, 6.79477016092e-005, 4.17971787101e-005, 2.03774852707e-005, 1.4949713659e-005, 1.90614719031e-005, 2.2990790967e-005, 1.10203754957e-005, 6.66107416691e-006, 6.94098389431e-006, 5.6014605434e-006, 4.24485097028e-006, 3.8357725316e-006, 3.39916596204e-006, 3.12979750561e-006, 2.43385443355e-006, 1.7122324607e-006],
        "var": [2.85280918888e-007, 1.48881144924e-006, 5.83630423989e-007, 3.81868460408e-007, 2.86446493192e-007, 4.71419298265e-007, 2.92895947496e-007, 1.43976393474e-007, 2.73121855798e-007, 2.0811540935e-007, 1.69101696201e-007, 5.39846816139e-008, 1.63786264551e-008, 1.0295723385e-008, 1.9037505794e-008, 1.45438656673e-008, 1.62077586907e-008, 2.75626970136e-008, 6.23108453723e-009, 7.08461378451e-009, 5.98171912003e-009, 7.4168493569e-009, 5.73544589599e-009, 9.58063961498e-010, 4.79503148298e-009, 8.27469925913e-010, 2.00351082946e-010, 1.28865931814e-010, 2.00862285138e-010, 2.61983296168e-010, 8.85766113234e-011, 8.76366340608e-011, 6.13551084938e-011, 3.85090986876e-011, 2.5414684246e-011, 2.26697272065e-011, 1.8301580737e-011, 1.72090640349e-011, 1.03971015825e-011, 5.00504238748e-012]
    },
    "mfcc": {
        "mean": [-589.431091309, 95.8082275391, -13.3416929245, 33.698928833, 2.70874214172, -4.96976327896, -5.50916576385, -4.72637653351, 0.623845994473, 2.10097885132, -4.11801433563, -1.40965044498, -7.71443080902],
        "cov": [[3819.02539063, -1722.56921387, 541.523620605, -628.341125488, -74.4639816284, 192.591781616, 87.0328369141, 386.904205322, 87.5062942505, 244.051528931, 382.085083008, 87.2840805054, 78.4805831909], [-1722.56921387, 1314.63427734, -399.989990234, 495.497558594, 115.391357422, -110.34425354, 7.88007831573, -215.693969727, -39.7441329956, -117.696273804, -220.430435181, -21.3940620422, -50.8041343689], [541.523620605, -399.989990234, 389.066101074, -104.566925049, 0.411199331284, 59.4988822937, 30.4162769318, 99.951171875, 12.8458375931, 23.3714694977, 82.1949691772, -15.6093635559, 32.5988464355], [-628.341125488, 495.497558594, -104.566925049, 566.654968262, 132.617645264, -85.4707565308, 26.7143764496, -106.208206177, 13.3150959015, -1.55551862717, -113.741905212, 2.03969955444, -14.0945177078], [-74.4639816284, 115.391357422, 0.411199331284, 132.617645264, 148.188308716, 11.0605707169, 13.9140768051, -23.3778266907, 11.6354923248, 13.3174753189, -18.4056129456, -3.26953864098, -4.60399246216], [192.591781616, -110.34425354, 59.4988822937, -85.4707565308, 11.0605707169, 111.507278442, 31.9347915649, 53.7414741516, 6.85645484924, 13.5868177414, 44.921295166, -9.26116466522, -8.1919298172], [87.0328369141, 7.88007831573, 30.4162769318, 26.7143764496, 13.9140768051, 31.9347915649, 111.059738159, 53.9388198853, 30.6315689087, 23.153678894, 22.0497817993, 13.298075676, -2.73460841179], [386.904205322, -215.693969727, 99.951171875, -106.208206177, -23.3778266907, 53.7414741516, 53.9388198853, 138.305114746, 45.5412712097, 34.3209648132, 61.8972702026, 11.9739675522, 8.2066450119], [87.5062942505, -39.7441329956, 12.8458375931, 13.3150959015, 11.6354923248, 6.85645484924, 30.6315689087, 45.5412712097, 74.2064361572, 55.2294616699, 27.6741847992, 4.01551580429, -0.0177952349186], [244.051528931, -117.696273804, 23.3714694977, -1.55551862717, 13.3174753189, 13.5868177414, 23.153678894, 34.3209648132, 55.2294616699, 99.7911834717, 58.2096138, 12.0453367233, -1.10266280174], [382.085083008, -220.430435181, 82.1949691772, -113.741905212, -18.4056129456, 44.921295166, 22.0497817993, 61.8972702026, 27.6741847992, 58.2096138, 106.876983643, 29.8044967651, 14.5810012817], [87.2840805054, -21.3940620422, -15.6093635559, 2.03969955444, -3.26953864098, -9.26116466522, 13.298075676, 11.9739675522, 4.01551580429, 12.0453367233, 29.8044967651, 76.6598052979, 39.6681213379], [78.4805831909, -50.8041343689, 32.5988464355, -14.0945177078, -4.60399246216, -8.1919298172, -2.73460841179, 8.2066450119, -0.0177952349186, -1.10266280174, 14.5810012817, 39.6681213379, 69.8907546997]],
        "icov": [[0.000794909894466, 0.000852195604239, 0.000128710118588, 9.29381803871e-006, -0.000494564184919, 0.000222646209295, -0.000269738695351, -0.000926312000956, 0.00102841225453, -0.000782308634371, -0.000556385552045, -0.000125276070321, -6.4468018536e-005], [0.000852195604239, 0.00306120049208, 0.00157943100203, -0.00105695077218, -0.000928462832235, 5.08288831043e-005, -0.00149722932838, 0.000539139145985, -0.000137397131766, 0.00154897128232, -0.000115670867672, 0.000122207813547, 0.000120520613564], [0.000128710118588, 0.00157943100203, 0.00542391324416, -0.00118676689453, -0.00120029342361, 0.000404757825891, -0.00109522684943, -0.00207009143196, 0.0013650667388, 0.0023417735938, -0.00410962058231, 0.00490299006924, -0.00348515762016], [9.29381803871e-006, -0.00105695077218, -0.00118676689453, 0.00429492164403, -0.00205937959254, 0.00149604445323, -0.00122608500533, 0.00128085701726, -0.000556209881324, -0.00270952936262, 0.00387180689722, -0.00200446415693, 0.00076928420458], [-0.000494564184919, -0.000928462832235, -0.00120029342361, -0.00205937959254, 0.0102041047066, -0.00389464735053, 0.000457304035081, 0.00245967390947, -0.00191963801626, -0.00139176391531, 0.0019440818578, -0.000826694711577, 1.09304255602e-005], [0.000222646209295, 5.08288831043e-005, 0.000404757825891, 0.00149604445323, -0.00389464735053, 0.0155414287001, -0.00309484521858, -0.00424030143768, 0.00377791398205, 0.00117994274478, -0.00648804334924, 0.00451580248773, 0.000651819980703], [-0.000269738695351, -0.00149722932838, -0.00109522684943, -0.00122608500533, 0.000457304035081, -0.00309484521858, 0.0143747655675, -0.0052497680299, -0.001981214853, -0.000775159976911, 0.000456131034298, -0.00338783650659, 0.00213932641782], [-0.000926312000956, 0.000539139145985, -0.00207009143196, 0.00128085701726, 0.00245967390947, -0.00424030143768, -0.0052497680299, 0.0202525686473, -0.0124212559313, 0.00518345832825, -8.84924229467e-005, -0.00276692560874, 0.00140495900996], [0.00102841225453, -0.000137397131766, 0.0013650667388, -0.000556209881324, -0.00191963801626, 0.00377791398205, -0.001981214853, -0.0124212559313, 0.0332417301834, -0.017668703571, 0.000336046010489, 0.00422022305429, -0.00304188625887], [-0.000782308634371, 0.00154897128232, 0.0023417735938, -0.00270952936262, -0.00139176391531, 0.00117994274478, -0.000775159976911, 0.00518345832825, -0.017668703571, 0.0297635626048, -0.0148059977219, 0.00221353746019, 0.00207102485001], [-0.000556385552045, -0.000115670867672, -0.00410962058231, 0.00387180689722, 0.0019440818578, -0.00648804334924, 0.000456131034298, -8.84924229467e-005, 0.000336046010489, -0.0148059977219, 0.0326070040464, -0.0130189834163, 0.00298722391017], [-0.000125276070321, 0.000122207813547, 0.00490299006924, -0.00200446415693, -0.000826694711577, 0.00451580248773, -0.00338783650659, -0.00276692560874, 0.00422022305429, 0.00221353746019, -0.0130189834163, 0.028033817187, -0.0149535760283], [-6.4468018536e-005, 0.000120520613564, -0.00348515762016, 0.00076928420458, 1.09304255602e-005, 0.000651819980703, 0.00213932641782, 0.00140495900996, -0.00304188625887, 0.00207102485001, 0.00298722391017, -0.0149535760283, 0.0241405386478]]
    },
    "spectral_contrast_coeffs": {
        "mean": [-0.590460538864, -0.731634914875, -0.766999721527, -0.770240306854, -0.778359949589, -0.719850122929],
        "var": [0.0068543003872, 0.00422336207703, 0.00342995719984, 0.00188186205924, 0.0010710261995, 0.00152943306603]
    },
    "spectral_contrast_valleys": {
        "mean": [-7.4628033638, -6.35841083527, -7.09980964661, -7.0692191124, -6.6178021431, -9.57576560974],
        "var": [0.780775725842, 0.478633761406, 0.561104774475, 0.512188255787, 0.579257667065, 1.79084420204]
    }
},
"metadata": {
    "audio_properties": {
        "analysis_sample_rate": 44100,
        "bit_rate": 128074,
        "equal_loudness": 0,
        "length": 45.0612258911,
        "lossless": 0,
        "replay_gain": -4.44828796387,
        "sample_rate": 44100,
        "codec": "mp3",
        "downmix": "mix",
        "md5_encoded": "76189124dbf1f4778bb4c0f914c2c4d9"
    },
    "tags": {
        "file_name": "1920.mp3"
    },
    "version": {
        "essentia": "2.1-beta2",
        "essentia_git_sha": "v2.1_beta2",
        "extractor": "music 1.0"
    }
},
"rhythm": {
    "beats_count": 101,
    "beats_loudness": {
        "mean": 0.0303102415055,
        "var": 7.341253513e-005
    },
    "bpm": 140.062561035,
    "bpm_histogram_first_peak_bpm": {
        "mean": 140,
        "var": 0
    },
    "bpm_histogram_first_peak_spread": {
        "mean": 0.579710125923,
        "var": 0
    },
    "bpm_histogram_first_peak_weight": {
        "mean": 0.289999991655,
        "var": 0
    },
    "bpm_histogram_second_peak_bpm": {
        "mean": 133,
        "var": 0
    },
    "bpm_histogram_second_peak_spread": {
        "mean": 0.30769225955,
        "var": 0
    },
    "bpm_histogram_second_peak_weight": {
        "mean": 0.0900000035763,
        "var": 0
    },
    "danceability": 1.13817000389,
    "onset_rate": 2.46220493317,
    "beats_loudness_band_ratio": {
        "mean": [0.25312641263, 0.228307396173, 0.170420140028, 0.110765807331, 0.160359427333, 0.155783504248],
        "var": [0.0223017558455, 0.0285692289472, 0.00897104572505, 0.0145393228158, 0.00838175136596, 0.00705327978358]
    },
    "beats_position": [0.46439909935, 0.940408170223, 1.40480720997, 1.84598636627, 2.27555561066, 2.70512461662, 3.13469386101, 3.55265307426, 3.98222208023, 4.41179132462, 4.841360569, 5.27092981339, 5.70049858093, 6.13006782532, 6.5596370697, 6.97759628296, 7.39555549622, 7.8251247406, 8.24308395386, 8.66104316711, 9.07900238037, 9.49696159363, 9.91492080688, 10.3560991287, 10.7856683731, 11.2152376175, 11.656416893, 12.0975961685, 12.5503854752, 13.0031747818, 13.4559631348, 13.9087524414, 14.3731517792, 14.8259410858, 15.2555103302, 15.6850786209, 16.1030387878, 16.5326080322, 16.9505672455, 17.3685264587, 17.7748756409, 18.181224823, 18.5875740051, 19.0171432495, 19.4351024628, 19.853061676, 20.2710208893, 20.6889801025, 21.0953292847, 21.5016784668, 21.9196376801, 22.3608150482, 22.8136043549, 23.2663936615, 23.7191829681, 24.1719722748, 24.6363716125, 25.1007709503, 25.5419502258, 25.9831295013, 26.4126987457, 26.8422679901, 27.2718353271, 27.7014045715, 28.142583847, 28.5837631226, 29.0017223358, 29.4312915802, 29.8608608246, 30.2788200378, 30.6967792511, 31.1147384644, 31.5443077087, 31.9738769531, 32.4150543213, 32.8446235657, 33.2741928101, 33.7153739929, 34.1449432373, 34.5745124817, 35.0156898499, 35.4568710327, 35.8748283386, 36.2927894592, 36.6991386414, 37.1054878235, 37.5118370056, 37.9181861877, 38.3361434937, 38.7773246765, 39.2185020447, 39.6596832275, 40.1008605957, 40.6349182129, 41.1689796448, 41.7146492004, 42.2603149414, 42.8059844971, 43.3516540527, 43.8973236084, 44.4429931641]
},
"tonal": {
    "chords_changes_rate": 0.0699588507414,
    "chords_number_rate": 0.0123456791043,
    "chords_strength": {
        "mean": 0.534157812595,
        "var": 0.00634741364047
    },
    "hpcp_entropy": {
        "mean": 2.07716751099,
        "var": 0.656094372272
    },
    "key_strength": 0.874956429005,
    "tuning_diatonic_strength": 0.735799789429,
    "tuning_equal_tempered_deviation": 0.0589091144502,
    "tuning_frequency": 443.572570801,
    "tuning_nontempered_energy_ratio": 0.736799657345,
    "hpcp": {
        "mean": [0.253863930702, 0.174974501133, 0.0971983969212, 0.0697317793965, 0.0692022666335, 0.105805307627, 0.130063980818, 0.149579137564, 0.317801564932, 0.411769807339, 0.246638923883, 0.129562690854, 0.11483900249, 0.10672775656, 0.150020241737, 0.22675922513, 0.21195243299, 0.129764735699, 0.0823983550072, 0.0786647498608, 0.156221836805, 0.234027251601, 0.221754148602, 0.201217934489, 0.185435786843, 0.138612881303, 0.104810573161, 0.0992204174399, 0.126830995083, 0.273687928915, 0.392341792583, 0.274687618017, 0.145957693458, 0.138368442655, 0.156990870833, 0.221160039306],
        "var": [0.0988505110145, 0.0501165427268, 0.0243803523481, 0.0158960502595, 0.0131232822314, 0.0232410058379, 0.032039500773, 0.0284933838993, 0.0912178754807, 0.148139432073, 0.0652938708663, 0.03125115484, 0.0267987735569, 0.0176393631846, 0.0314571522176, 0.0777834504843, 0.0711216852069, 0.0298576764762, 0.0148834744468, 0.0162549354136, 0.0421441011131, 0.08402851969, 0.0730736330152, 0.0756518021226, 0.078598625958, 0.0521532073617, 0.0298842228949, 0.0252974461764, 0.0299155376852, 0.0578757971525, 0.112495034933, 0.0596173591912, 0.033749319613, 0.03464448452, 0.040983159095, 0.070880331099]
    },
    "chords_histogram": [29.3209877014, 4.21810722351, 7.81893014908, 4.93827152252, 3.08641982079, 0, 2.98353910446, 0.823045253754, 2.16049385071, 0, 0, 0, 0, 0, 0, 4.52674913406, 0.205761313438, 9.97942352295, 0, 0, 0, 2.77777767181, 14.0946502686, 13.0658435822],
    "thpcp": [1, 0.598972797394, 0.314648360014, 0.278891265392, 0.259192764759, 0.364330351353, 0.550694167614, 0.514735221863, 0.31513902545, 0.200107812881, 0.191040590405, 0.37939119339, 0.568344831467, 0.538539111614, 0.488666057587, 0.450338482857, 0.33662712574, 0.254536807537, 0.240960881114, 0.308014303446, 0.66466242075, 0.952818274498, 0.667090237141, 0.354464292526, 0.33603349328, 0.381258815527, 0.537096321583, 0.616519033909, 0.424932807684, 0.236050322652, 0.169346511364, 0.168060570955, 0.256952553988, 0.315865755081, 0.363259106874, 0.771794259548],
    "chords_key": "C",
    "chords_scale": "major",
    "key_key": "C",
    "key_scale": "major"
}
}