{
"lowlevel": {
    "average_loudness": 0.95210981369,
    "barkbands_crest": {
        "mean": 13.6204786301,
        "var": 23.6003112793
    },
    "barkbands_flatness_db": {
        "mean": 0.144927129149,
        "var": 0.00275448337197
    },
    "barkbands_kurtosis": {
        "mean": 11.5596017838,
        "var": 1535.80078125
    },
    "barkbands_skewness": {
        "mean": 2.64519882202,
        "var": 3.01540589333
    },
    "barkbands_spread": {
        "mean": 18.8782958984,
        "var": 102.078964233
    },
    "dissonance": {
        "mean": 0.48065045476,
        "var": 0.000508328201249
    },
    "dynamic_complexity": 2.90336155891,
    "erbbands_crest": {
        "mean": 6.31852912903,
        "var": 9.44468212128
    },
    "erbbands_flatness_db": {
        "mean": 0.121039681137,
        "var": 0.000913090305403
    },
    "erbbands_kurtosis": {
        "mean": -0.416967988014,
        "var": 2.90418791771
    },
    "erbbands_skewness": {
        "mean": -0.0803351700306,
        "var": 0.417028129101
    },
    "erbbands_spread": {
        "mean": 50.1626625061,
        "var": 179.990844727
    },
    "hfc": {
        "mean": 21.1825771332,
        "var": 162.762557983
    },
    "melbands_crest": {
        "mean": 16.7795162201,
        "var": 26.0948944092
    },
    "melbands_flatness_db": {
        "mean": 0.231147021055,
        "var": 0.00437693111598
    },
    "melbands_kurtosis": {
        "mean": 31.1973590851,
        "var": 1697.56860352
    },
    "melbands_skewness": {
        "mean": 4.34658145905,
        "var": 3.96762418747
    },
    "melbands_spread": {
        "mean": 14.8969192505,
        "var": 154.456848145
    },
    "pitch_salience": {
        "mean": 0.472267061472,
        "var": 0.0174098350108
    },
    "silence_rate_20dB": {
        "mean": 1,
        "var": 0
    },
    "silence_rate_30dB": {
        "mean": 0.839855790138,
        "var": 0.134497702122
    },
    "silence_rate_60dB": {
        "mean": 0.0550978370011,
        "var": 0.0520627163351
    },
    "spectral_centroid": {
        "mean": 1371.43945313,
        "var": 262690.59375
    },
    "spectral_complexity": {
        "mean": 24.4634399414,
        "var": 113.282585144
    },
    "spectral_decrease": {
        "mean": -1.55750701225e-008,
        "var": 1.13141062736e-016
    },
    "spectral_energy": {
        "mean": 0.06070522964,
        "var": 0.00166149425786
    },
    "spectral_energyband_high": {
        "mean": 0.000633415125776,
        "var": 2.79226668454e-007
    },
    "spectral_energyband_low": {
        "mean": 0.0440662018955,
        "var": 0.00140621268656
    },
    "spectral_energyband_middle_high": {
        "mean": 0.00504161324352,
        "var": 1.62614196597e-005
    },
    "spectral_energyband_middle_low": {
        "mean": 0.0132507504895,
        "var": 8.45519753057e-005
    },
    "spectral_entropy": {
        "mean": 7.65021944046,
        "var": 0.0974138900638
    },
    "spectral_flux": {
        "mean": 0.113626182079,
        "var": 0.00477416906506
    },
    "spectral_kurtosis": {
        "mean": 4.29021072388,
        "var": 5.53336668015
    },
    "spectral_rms": {
        "mean": 0.00714480737224,
        "var": 8.17638647277e-006
    },
    "spectral_rolloff": {
        "mean": 741.032043457,
        "var": 890923.875
    },
    "spectral_skewness": {
        "mean": 1.4929163456,
        "var": 0.106370955706
    },
    "spectral_spread": {
        "mean": 4454324.5,
        "var": 1.81481190195e+012
    },
    "spectral_strongpeak": {
        "mean": 0.553417623043,
        "var": 0.185388490558
    },
    "zerocrossingrate": {
        "mean": 0.0393036231399,
        "var": 0.000677377684042
    },
    "barkbands": {
        "mean": [0.00181431905366, 0.0316891781986, 0.00833571050316, 0.00367792206816, 0.0035532086622, 0.0031003463082, 0.00126320926938, 0.000681889650878, 0.000840991269797, 0.000461867864942, 0.000400484976126, 0.000482340663439, 0.000390006694943, 0.000432294007624, 0.000692984904163, 0.000488715129904, 0.000681049947161, 0.00050413783174, 0.000329875561874, 0.0004001542693, 0.000198604422621, 0.000100586097687, 6.3184852479e-005, 5.29544522578e-005, 5.05819880345e-005, 1.74312917807e-005, 1.22940639358e-006],
        "var": [1.45923613672e-005, 0.00101098651066, 0.00017741121701, 2.56028397416e-005, 1.32669601953e-005, 9.57967313298e-006, 2.9000232189e-006, 2.59590024143e-006, 1.82328494702e-006, 4.45266124416e-007, 5.20190951647e-007, 4.56937812032e-007, 4.64187962734e-007, 3.38866811944e-007, 6.45504201202e-007, 2.89837061018e-007, 9.10536016363e-007, 2.52684088764e-007, 1.57593419203e-007, 1.45863225498e-007, 4.42729266581e-008, 1.54844759237e-008, 3.99649779936e-009, 2.37741937248e-009, 2.16865281288e-009, 2.21143256485e-010, 2.4338712469e-012]
    },
    "erbbands": {
        "mean": [0.701651155949, 7.68230819702, 11.4199695587, 13.0299520493, 7.90715408325, 13.0430793762, 25.4126682281, 22.5530319214, 18.6762104034, 17.212020874, 16.9407997131, 17.9574947357, 15.1879749298, 14.8324337006, 17.0134181976, 17.4395942688, 18.5648975372, 20.7933998108, 24.1982269287, 32.55676651, 33.4431686401, 41.4971427917, 30.2065887451, 21.5853347778, 19.1653957367, 15.9147424698, 9.86504364014, 6.23780965805, 4.03896427155, 2.26799869537, 1.78073859215, 1.23022961617, 0.844152927399, 0.570404648781, 0.348132759333, 0.0974610894918, 0.0285391807556, 0.00527213281021, 0.000158196955454, 7.25302379578e-005],
        "var": [0.753809213638, 59.3458213806, 207.700820923, 311.869873047, 63.1001625061, 181.678436279, 760.606445313, 535.508544922, 510.615631104, 1144.80993652, 734.552368164, 864.476501465, 500.030426025, 376.483154297, 778.092529297, 609.016845703, 898.748901367, 779.255737305, 650.724121094, 1119.38623047, 1031.34973145, 4177.8828125, 994.696289063, 455.194854736, 367.997680664, 176.558273315, 97.6998138428, 48.9043884277, 37.2998123169, 4.94000244141, 3.26072502136, 1.46644663811, 0.576634764671, 0.286502242088, 0.147276908159, 0.00687118107453, 0.000671466579661, 2.68882049568e-005, 2.19455564832e-008, 2.06183026208e-009]
    },
    "gfcc": {
        "mean": [21.3586483002, 94.7032546997, -104.596664429, 49.3617668152, -41.0142822266, 12.7284183502, -37.485168457, 15.4352312088, -22.4674854279, 8.7064704895, -13.313662529, 4.88921165466, -6.79747819901],
        "cov": [[10372.4833984, 801.220947266, -63.7807998657, 613.054931641, 567.680969238, 185.838485718, -16.3816375732, 179.991851807, -12.2402029037, -197.233215332, -113.750312805, -182.556945801, -15.0188112259], [801.220947266, 513.905456543, 127.578590393, 63.5912666321, 146.936462402, 16.0808925629, 76.1440658569, -23.4955978394, 49.4545021057, -47.0144844055, 48.7136077881, -29.5567836761, 44.908744812], [-63.7807998657, 127.578590393, 390.281799316, 151.553024292, 137.024169922, 85.2889633179, 70.3816070557, 41.9258728027, 42.9352340698, 2.98133730888, 29.0789775848, 10.0561285019, 20.809551239], [613.054931641, 63.5912666321, 151.553024292, 291.253997803, 197.148620605, 63.7383079529, 44.0390777588, 43.2378578186, 37.7277832031, 14.4724340439, 0.0751208737493, 3.83183073997, 28.0495357513], [567.680969238, 146.936462402, 137.024169922, 197.148620605, 245.555847168, 82.2506790161, 59.694229126, 28.8666629791, 37.8405075073, 5.48145961761, 5.04489707947, -2.17050766945, 33.1250038147], [185.838485718, 16.0808925629, 85.2889633179, 63.7383079529, 82.2506790161, 131.610641479, 64.8865661621, 25.6466560364, 11.4110746384, -2.78594279289, -6.1606502533, -5.3097281456, -2.7779815197], [-16.3816375732, 76.1440658569, 70.3816070557, 44.0390777588, 59.694229126, 64.8865661621, 108.664321899, 42.786277771, 30.0064334869, -2.00583910942, 12.1604032516, 0.979080319405, 12.3164024353], [179.991851807, -23.4955978394, 41.9258728027, 43.2378578186, 28.8666629791, 25.6466560364, 42.786277771, 86.6920547485, 27.14087677, 13.423119545, -1.65209686756, 1.73760855198, -2.49097084999], [-12.2402029037, 49.4545021057, 42.9352340698, 37.7277832031, 37.8405075073, 11.4110746384, 30.0064334869, 27.14087677, 63.2963142395, 24.367931366, 11.9954891205, -3.43946409225, 5.22770595551], [-197.233215332, -47.0144844055, 2.98133730888, 14.4724340439, 5.48145961761, -2.78594279289, -2.00583910942, 13.423119545, 24.367931366, 60.2266654968, 19.6027565002, 12.9129343033, 2.80119943619], [-113.750312805, 48.7136077881, 29.0789775848, 0.0751208737493, 5.04489707947, -6.1606502533, 12.1604032516, -1.65209686756, 11.9954891205, 19.6027565002, 57.4651184082, 21.098236084, 11.4746208191], [-182.556945801, -29.5567836761, 10.0561285019, 3.83183073997, -2.17050766945, -5.3097281456, 0.979080319405, 1.73760855198, -3.43946409225, 12.9129343033, 21.098236084, 51.1763381958, 27.68683815], [-15.0188112259, 44.908744812, 20.809551239, 28.0495357513, 33.1250038147, -2.7779815197, 12.3164024353, -2.49097084999, 5.22770595551, 2.80119943619, 11.4746208191, 27.68683815, 62.1220817566]],
        "icov": [[0.000211821781704, -0.00056234980002, 0.000393760768929, -0.00048352315207, -1.5369943867e-005, -0.000523081747815, 0.000946904940065, -0.00103765074164, 0.000449856859632, 0.000328708527377, 0.000113615715236, 0.00017138516705, 0.000149573868839], [-0.00056234980002, 0.00676825921983, -0.00164081098046, 0.00259927008301, -0.00330538209528, 0.00351040507667, -0.00475978013128, 0.00530024431646, -0.00472474703565, 0.00499652558938, -0.0060424678959, 0.00497564021498, -0.00350626162253], [0.000393760768929, -0.00164081098046, 0.00468338979408, -0.00230263615958, -1.24913613035e-005, -0.00274361739866, 0.00196803780273, -0.00271953037009, -0.000117304713058, 0.00147781148553, -0.0013354482362, -0.000696340808645, 0.000637208053377], [-0.00048352315207, 0.00259927008301, -0.00230263615958, 0.00987191777676, -0.00705140409991, 0.00218452000991, -0.00154073932208, 0.00103337329347, -0.00203226762824, -0.000498399313074, 1.93005598703e-005, 0.000117830175441, -0.00134001590777], [-1.5369943867e-005, -0.00330538209528, -1.24913613035e-005, -0.00705140409991, 0.0135398125276, -0.00489462353289, 0.000635348376818, -0.000334322685376, 0.000262670539087, -0.00302140344866, 0.0025023012422, -0.000457001879113, -0.00214855768718], [-0.000523081747815, 0.00351040507667, -0.00274361739866, 0.00218452000991, -0.00489462353289, 0.0163855068386, -0.0112041486427, 0.00451630121097, 0.000784210511483, -0.000508115568664, 0.00145454553422, 0.000276758160908, 0.00257852533832], [0.000946904940065, -0.00475978013128, 0.00196803780273, -0.00154073932208, 0.000635348376818, -0.0112041486427, 0.0245315358043, -0.0125698298216, -0.00217936211266, 0.00450354395434, -0.00259358179756, 9.28752560867e-005, -0.00208324170671], [-0.00103765074164, 0.00530024431646, -0.00271953037009, 0.00103337329347, -0.000334322685376, 0.00451630121097, -0.0125698298216, 0.0236794333905, -0.00763846421614, -0.00186018040404, 0.00121738063172, -0.00159348011948, 0.00139575637877], [0.000449856859632, -0.00472474703565, -0.000117304713058, -0.00203226762824, 0.000262670539087, 0.000784210511483, -0.00217936211266, -0.00763846421614, 0.0298927873373, -0.0137189514935, 0.0022329709027, 0.00370090571232, 0.000543223985005], [0.000328708527377, 0.00499652558938, 0.00147781148553, -0.000498399313074, -0.00302140344866, -0.000508115568664, 0.00450354395434, -0.00186018040404, -0.0137189514935, 0.0322102643549, -0.0132566550747, 0.000757694942877, -0.00136866117828], [0.000113615715236, -0.0060424678959, -0.0013354482362, 1.93005598703e-005, 0.0025023012422, 0.00145454553422, -0.00259358179756, 0.00121738063172, 0.0022329709027, -0.0132566550747, 0.0325831770897, -0.015411010012, 0.00538788270205], [0.00017138516705, 0.00497564021498, -0.000696340808645, 0.000117830175441, -0.000457001879113, 0.000276758160908, 9.28752560867e-005, -0.00159348011948, 0.00370090571232, 0.000757694942877, -0.015411010012, 0.0395385585725, -0.0183224435896], [0.000149573868839, -0.00350626162253, 0.000637208053377, -0.00134001590777, -0.00214855768718, 0.00257852533832, -0.00208324170671, 0.00139575637877, 0.000543223985005, -0.00136866117828, 0.00538788270205, -0.0183224435896, 0.0279766004533]]
    },
    "melbands": {
        "mean": [0.00797964539379, 0.00794904865324, 0.00205656397156, 0.000687406572979, 0.000836014572997, 0.000525770301465, 0.000283410045085, 0.00017928527086, 0.000146332691656, 0.000110098881123, 7.50861290726e-005, 6.03516273259e-005, 5.58518622711e-005, 5.27852062078e-005, 4.54248511232e-005, 4.23511992267e-005, 3.69567133021e-005, 3.04049008264e-005, 6.64009421598e-005, 2.75203219644e-005, 3.88183616451e-005, 4.44657816843e-005, 2.98812628898e-005, 2.33414157265e-005, 1.71362808032e-005, 1.22470855786e-005, 1.66745157912e-005, 9.22279014048e-006, 6.09223843639e-006, 5.19786544828e-006, 3.03933643409e-006, 2.57208193943e-006, 1.44690568504e-006, 1.16093508495e-006, 1.06880895601e-006, 8.6961318857e-007, 6.99063946286e-007, 5.96686902554e-007, 5.65695472687e-007, 4.32020954122e-007],
        "var": [6.99093798175e-005, 6.05167115282e-005, 6.85242275722e-006, 4.73571788007e-007, 7.74014893068e-007, 2.70177110906e-007, 1.10609768456e-007, 1.48224103214e-007, 6.10799588685e-008, 3.1558318625e-008, 1.28162520596e-008, 6.25533269627e-009, 1.06307060932e-008, 5.97773164301e-009, 8.73758043696e-009, 3.46551698449e-009, 2.44436249019e-009, 1.60304591823e-009, 6.79613254562e-009, 1.14641773852e-009, 1.50900836271e-009, 5.90251936217e-009, 8.40084168896e-010, 6.23029738911e-010, 3.2869382216e-010, 2.38139147291e-010, 3.7066621994e-010, 6.68629110412e-011, 4.00761923647e-011, 3.52249479585e-011, 1.24287637474e-011, 2.09333106405e-011, 2.318418027e-012, 1.40678462802e-012, 1.2425709333e-012, 8.34242993696e-013, 4.91246203872e-013, 3.49038967217e-013, 3.84795087504e-013, 1.79515839585e-013]
    },
    "mfcc": {
        "mean": [-623.73034668, 121.432189941, 3.07958698273, 40.7220344543, 17.7189750671, 6.79041385651, 5.07420444489, 4.12507009506, 3.3026740551, 2.81716251373, -0.491861104965, 3.67449808121, 2.38625478745],
        "cov": [[9431.03417969, 738.453186035, -464.948394775, 621.756652832, 388.054351807, 168.640686035, 159.484512329, 184.025222778, 183.899169922, 68.8180770874, -115.794975281, -27.2942733765, -47.184753418], [738.453186035, 498.478149414, 38.0140800476, 72.3682556152, 56.6628684998, 47.4554367065, 45.8244667053, 35.3596496582, 12.6659860611, -1.18427181244, -8.1804857254, 6.60343647003, -0.879555404186], [-464.948394775, 38.0140800476, 261.646118164, 52.8805084229, 56.8801269531, 52.989692688, 39.8812026978, 47.3854522705, 18.5307235718, 25.5324306488, 24.5043106079, 10.7329025269, 25.669090271], [621.756652832, 72.3682556152, 52.8805084229, 263.242370605, 156.427093506, 67.1388931274, 49.4004516602, 32.7819862366, 63.0620193481, 20.5198554993, 1.73794984818, 23.7356510162, 18.2437171936], [388.054351807, 56.6628684998, 56.8801269531, 156.427093506, 173.265853882, 92.8989868164, 50.1541976929, 33.4850349426, 46.1154136658, 20.0038738251, 1.37924909592, 13.8270540237, 13.5463123322], [168.640686035, 47.4554367065, 52.989692688, 67.1388931274, 92.8989868164, 130.380645752, 63.4552574158, 38.058971405, 39.136882782, 11.4977493286, 6.93319320679, 8.20555019379, 1.10484588146], [159.484512329, 45.8244667053, 39.8812026978, 49.4004516602, 50.1541976929, 63.4552574158, 93.7506637573, 55.5516357422, 33.5859718323, 15.5075807571, 10.6977558136, 5.62172603607, 6.35504484177], [184.025222778, 35.3596496582, 47.3854522705, 32.7819862366, 33.4850349426, 38.058971405, 55.5516357422, 87.0369491577, 43.0873260498, 21.1833286285, 13.5198841095, 3.96162176132, 6.82092952728], [183.899169922, 12.6659860611, 18.5307235718, 63.0620193481, 46.1154136658, 39.136882782, 33.5859718323, 43.0873260498, 86.6058502197, 27.9250946045, 7.31790542603, 8.97935581207, 2.36676454544], [68.8180770874, -1.18427181244, 25.5324306488, 20.5198554993, 20.0038738251, 11.4977493286, 15.5075807571, 21.1833286285, 27.9250946045, 57.273815155, 26.1257228851, 12.286110878, 9.41754055023], [-115.794975281, -8.1804857254, 24.5043106079, 1.73794984818, 1.37924909592, 6.93319320679, 10.6977558136, 13.5198841095, 7.31790542603, 26.1257228851, 58.8197288513, 23.5432510376, 5.00092554092], [-27.2942733765, 6.60343647003, 10.7329025269, 23.7356510162, 13.8270540237, 8.20555019379, 5.62172603607, 3.96162176132, 8.97935581207, 12.286110878, 23.5432510376, 47.3474578857, 20.1358375549], [-47.184753418, -0.879555404186, 25.669090271, 18.2437171936, 13.5463123322, 1.10484588146, 6.35504484177, 6.82092952728, 2.36676454544, 9.41754055023, 5.00092554092, 20.1358375549, 44.378692627]],
        "icov": [[0.000199976770091, -0.000233087979723, 0.000569713243749, -0.00046662078239, -5.49616815988e-005, -8.18921835162e-005, 0.000132238827064, -0.000559278065339, 0.000214056723053, -0.000443882599939, 0.000348261382896, 0.000161579999258, 0.000126358354464], [-0.000233087979723, 0.00248757749796, -0.000794141553342, 6.41128062853e-005, 3.41605664289e-005, -0.000141866388731, -0.000696960021742, -3.81138088414e-005, 0.00044021816575, 0.00060807709815, 0.000347508845152, -0.000876220001373, 0.000539115688298], [0.000569713243749, -0.000794141553342, 0.00655356515199, -0.00174071709625, -0.000465892953798, -0.00169695646036, 0.00092265906278, -0.00367025774904, 0.0018125778297, -0.00197981810197, -0.000722113589291, 0.00198934832588, -0.00236639403738], [-0.00046662078239, 6.41128062853e-005, -0.00174071709625, 0.0107398163527, -0.00876015238464, 0.00350414705463, -0.00212229322642, 0.00289549259469, -0.00442947074771, 0.00232270243578, -0.00034855256672, -0.0027058084961, -0.000447125174105], [-5.49616815988e-005, 3.41605664289e-005, -0.000465892953798, -0.00876015238464, 0.0187025368214, -0.00937169138342, 0.00136347045191, -0.00042123554158, 0.00123621255625, -0.00272101722658, 0.00171099579893, 0.000922271690797, -0.00189284887165], [-8.18921835162e-005, -0.000141866388731, -0.00169695646036, 0.00350414705463, -0.00937169138342, 0.0178368128836, -0.00838239118457, 0.00198752386495, -0.00349423126318, 0.00269360281527, -0.000598845304921, -0.00211022561416, 0.00340229296125], [0.000132238827064, -0.000696960021742, 0.00092265906278, -0.00212229322642, 0.00136347045191, -0.00838239118457, 0.0230948831886, -0.0114812841639, 0.00121656269766, -0.000787272991147, -0.00103060319088, 0.0015373446513, -0.00176369072869], [-0.000559278065339, -3.81138088414e-005, -0.00367025774904, 0.00289549259469, -0.00042123554158, 0.00198752386495, -0.0114812841639, 0.0250703785568, -0.00891253259033, 0.000637409742922, -0.00345285097137, 0.00223235436715, -0.0020765834488], [0.000214056723053, 0.00044021816575, 0.0018125778297, -0.00442947074771, 0.00123621255625, -0.00349423126318, 0.00121656269766, -0.00891253259033, 0.0212863814086, -0.00837006792426, 0.00383458123542, -0.00242501730099, 0.00322325876914], [-0.000443882599939, 0.00060807709815, -0.00197981810197, 0.00232270243578, -0.00272101722658, 0.00269360281527, -0.000787272991147, 0.000637409742922, -0.00837006792426, 0.0284471847117, -0.0120591241866, 0.00135911640245, -0.00433941977099], [0.000348261382896, 0.000347508845152, -0.000722113589291, -0.00034855256672, 0.00171099579893, -0.000598845304921, -0.00103060319088, -0.00345285097137, 0.00383458123542, -0.0120591241866, 0.0291480235755, -0.0144499959424, 0.00673534302041], [0.000161579999258, -0.000876220001373, 0.00198934832588, -0.0027058084961, 0.000922271690797, -0.00211022561416, 0.0015373446513, 0.00223235436715, -0.00242501730099, 0.00135911640245, -0.0144499959424, 0.0358389690518, -0.0154680144042], [0.000126358354464, 0.000539115688298, -0.00236639403738, -0.000447125174105, -0.00189284887165, 0.00340229296125, -0.00176369072869, -0.0020765834488, 0.00322325876914, -0.00433941977099, 0.00673534302041, -0.0154680144042, 0.0323039703071]]
    },
    "spectral_contrast_coeffs": {
        "mean": [-0.661736667156, -0.723106920719, -0.798365116119, -0.782520711422, -0.780050337315, -0.758198559284],
        "var": [0.00556366611272, 0.00539732864127, 0.00270302477293, 0.00251255021431, 0.00150209292769, 0.00113505753689]
    },
    "spectral_contrast_valleys": {
        "mean": [-6.62659072876, -6.6168346405, -7.27264642715, -7.51520299911, -7.25013017654, -10.0684213638],
        "var": [1.92998981476, 1.09345901012, 1.10497510433, 1.08490717411, 1.12348639965, 0.889296472073]
    }
},
"metadata": {
    "audio_properties": {
        "analysis_sample_rate": 44100,
        "bit_rate": 128074,
        "equal_loudness": 0,
        "length": 45.0612258911,
        "lossless": 0,
        "replay_gain": -5.26565551758,
        "sample_rate": 44100,
        "codec": "mp3",
        "downmix": "mix",
        "md5_encoded": "88d259d74382714d2817e96381a9e529"
    },
    "tags": {
        "file_name": "1923.mp3"
    },
    "version": {
        "essentia": "2.1-beta2",
        "essentia_git_sha": "v2.1_beta2",
        "extractor": "music 1.0"
    }
},
"rhythm": {
    "beats_count": 61,
    "beats_loudness": {
        "mean": 0.0826546996832,
        "var": 0.00151842588093
    },
    "bpm": 82.7432632446,
    "bpm_histogram_first_peak_bpm": {
        "mean": 83,
        "var": 0
    },
    "bpm_histogram_first_peak_spread": {
        "mean": 0.149999976158,
        "var": 0
    },
    "bpm_histogram_first_peak_weight": {
        "mean": 0.850000023842,
        "var": 0
    },
    "bpm_histogram_second_peak_bpm": {
        "mean": 0,
        "var": 0
    },
    "bpm_histogram_second_peak_spread": {
        "mean": 0,
        "var": 0
    },
    "bpm_histogram_second_peak_weight": {
        "mean": 0,
        "var": 0
    },
    "danceability": 1.25282907486,
    "onset_rate": 2.7727534771,
    "beats_loudness_band_ratio": {
        "mean": [0.695405125618, 0.126266375184, 0.0653668418527, 0.0473150536418, 0.0524608828127, 0.0265707056969],
        "var": [0.0263172313571, 0.0101284021512, 0.00316202780232, 0.00283521553501, 0.00115357106552, 0.000291027507046]
    },
    "beats_position": [0.743038535118, 1.48607707024, 2.20589566231, 2.92571425438, 3.64553284645, 4.3653512001, 5.08516979218, 5.80498838425, 6.52480697632, 7.24462556839, 7.96444416046, 8.6958732605, 9.42730140686, 10.1471195221, 10.866938591, 11.5983667374, 12.3297958374, 13.0612239838, 13.7926530838, 14.512471199, 15.2322902679, 15.9637184143, 16.6951465607, 17.4149665833, 18.1347846985, 18.8662128448, 19.5976409912, 20.3174591064, 21.037279129, 21.7570972443, 22.4769153595, 23.2083435059, 23.9397735596, 24.6595916748, 25.37940979, 26.1108379364, 26.830657959, 27.5388660431, 28.2470741272, 28.9785022736, 29.7215423584, 30.4645805359, 31.2076187134, 31.9506568909, 32.6820869446, 33.4135131836, 34.1449432373, 34.8531494141, 35.572971344, 36.2927894592, 37.0242156982, 37.7440338135, 38.4754638672, 39.1952819824, 39.9267120361, 40.6581382751, 41.3895683289, 42.0977783203, 42.8175964355, 43.5374145508, 44.257232666]
},
"tonal": {
    "chords_changes_rate": 0.0792181044817,
    "chords_number_rate": 0.0102880662307,
    "chords_strength": {
        "mean": 0.42876675725,
        "var": 0.00486481329426
    },
    "hpcp_entropy": {
        "mean": 2.21455311775,
        "var": 0.644860804081
    },
    "key_strength": 0.472629457712,
    "tuning_diatonic_strength": 0.439858138561,
    "tuning_equal_tempered_deviation": 0.113051310182,
    "tuning_frequency": 437.718536377,
    "tuning_nontempered_energy_ratio": 0.768957018852,
    "hpcp": {
        "mean": [0.0285495296121, 0.0256764143705, 0.0502142831683, 0.109349668026, 0.104355841875, 0.0758987292647, 0.132544219494, 0.153926685452, 0.117160491645, 0.102015249431, 0.0915141403675, 0.131623148918, 0.220555230975, 0.179579123855, 0.0876691862941, 0.0877633541822, 0.110726870596, 0.239127069712, 0.380629330873, 0.252810031176, 0.0785901099443, 0.0531931370497, 0.0543795377016, 0.111719973385, 0.127901703119, 0.0652805790305, 0.0511560030282, 0.0748029574752, 0.0668293833733, 0.0541911982, 0.0583393722773, 0.0504782758653, 0.0495103634894, 0.071654766798, 0.0654460042715, 0.0369813963771],
        "var": [0.010175568983, 0.00782680790871, 0.0107673248276, 0.0382471345365, 0.032766263932, 0.0232344977558, 0.0775067657232, 0.095820069313, 0.0563595145941, 0.0519481226802, 0.043376263231, 0.051728695631, 0.11411704123, 0.0771747976542, 0.0338177904487, 0.0427216626704, 0.0575465261936, 0.0839079990983, 0.171760439873, 0.0814795941114, 0.0295779835433, 0.02400380373, 0.0229371339083, 0.0496305264533, 0.0497964918613, 0.0158546883613, 0.0158299040049, 0.0240125115961, 0.0183326527476, 0.0191245749593, 0.0239559933543, 0.0239525679499, 0.0162222180516, 0.0195264611393, 0.0185789074749, 0.00996643956751]
    },
    "chords_histogram": [10.9053497314, 0.823045253754, 10.0823049545, 0, 4.01234579086, 0, 0, 0, 0, 0.925925910473, 0, 1.85185182095, 0, 0, 0, 0, 0, 7.61316871643, 15.9465017319, 27.7777786255, 2.57201647758, 6.27572011948, 11.2139921188, 0],
    "thpcp": [1, 0.664189577103, 0.206474125385, 0.139750495553, 0.142867445946, 0.293513834476, 0.336026936769, 0.17150695622, 0.134398475289, 0.19652441144, 0.175576016307, 0.142372623086, 0.153270825744, 0.132617935538, 0.130075007677, 0.18825340271, 0.171941563487, 0.0971585586667, 0.0750061199069, 0.0674577951431, 0.131924360991, 0.287286490202, 0.274166584015, 0.199403256178, 0.348223865032, 0.404400497675, 0.307807326317, 0.268017321825, 0.240428507328, 0.345804005861, 0.579448878765, 0.471795290709, 0.230326935649, 0.230574339628, 0.290904730558, 0.628241300583],
    "chords_key": "D#",
    "chords_scale": "minor",
    "key_key": "G#",
    "key_scale": "major"
}
}