{
"lowlevel": {
    "average_loudness": 0.97958958149,
    "barkbands_crest": {
        "mean": 8.14257049561,
        "var": 8.47329425812
    },
    "barkbands_flatness_db": {
        "mean": 0.0876792147756,
        "var": 0.000845429720357
    },
    "barkbands_kurtosis": {
        "mean": 0.203991010785,
        "var": 7.00908088684
    },
    "barkbands_skewness": {
        "mean": 0.722529411316,
        "var": 0.910115003586
    },
    "barkbands_spread": {
        "mean": 40.6431884766,
        "var": 165.370925903
    },
    "dissonance": {
        "mean": 0.486606568098,
        "var": 0.000153090397362
    },
    "dynamic_complexity": 1.32594621181,
    "erbbands_crest": {
        "mean": 7.82837486267,
        "var": 9.20847320557
    },
    "erbbands_flatness_db": {
        "mean": 0.132045611739,
        "var": 0.000578469829634
    },
    "erbbands_kurtosis": {
        "mean": 0.86230558157,
        "var": 1.85156667233
    },
    "erbbands_skewness": {
        "mean": -0.684087753296,
        "var": 0.291196763515
    },
    "erbbands_spread": {
        "mean": 38.1339569092,
        "var": 161.29914856
    },
    "hfc": {
        "mean": 40.5798339844,
        "var": 405.105224609
    },
    "melbands_crest": {
        "mean": 13.3817691803,
        "var": 19.1119174957
    },
    "melbands_flatness_db": {
        "mean": 0.138439819217,
        "var": 0.00292009674013
    },
    "melbands_kurtosis": {
        "mean": 6.98253965378,
        "var": 97.5532226563
    },
    "melbands_skewness": {
        "mean": 2.2807803154,
        "var": 1.79587221146
    },
    "melbands_spread": {
        "mean": 49.6607170105,
        "var": 994.147583008
    },
    "pitch_salience": {
        "mean": 0.563545167446,
        "var": 0.00677651492879
    },
    "silence_rate_20dB": {
        "mean": 1,
        "var": 0
    },
    "silence_rate_30dB": {
        "mean": 1,
        "var": 0
    },
    "silence_rate_60dB": {
        "mean": 0.00154479919001,
        "var": 0.00154241069686
    },
    "spectral_centroid": {
        "mean": 2213.71044922,
        "var": 328710.46875
    },
    "spectral_complexity": {
        "mean": 31.3470649719,
        "var": 41.3244895935
    },
    "spectral_decrease": {
        "mean": -7.95583865454e-009,
        "var": 2.4294236688e-017
    },
    "spectral_energy": {
        "mean": 0.0337078869343,
        "var": 0.000353899755282
    },
    "spectral_energyband_high": {
        "mean": 0.00256877322681,
        "var": 5.33641150469e-006
    },
    "spectral_energyband_low": {
        "mean": 0.0144288120791,
        "var": 0.000231720434385
    },
    "spectral_energyband_middle_high": {
        "mean": 0.00844024866819,
        "var": 1.64728680829e-005
    },
    "spectral_energyband_middle_low": {
        "mean": 0.0100421411917,
        "var": 6.84926635586e-005
    },
    "spectral_entropy": {
        "mean": 7.89539861679,
        "var": 0.0561272576451
    },
    "spectral_flux": {
        "mean": 0.104458019137,
        "var": 0.00157068134286
    },
    "spectral_kurtosis": {
        "mean": 3.00451612473,
        "var": 2.16697454453
    },
    "spectral_rms": {
        "mean": 0.00552908470854,
        "var": 2.31504213843e-006
    },
    "spectral_rolloff": {
        "mean": 3017.71679688,
        "var": 3727694
    },
    "spectral_skewness": {
        "mean": 1.24348545074,
        "var": 0.0658099725842
    },
    "spectral_spread": {
        "mean": 4926008,
        "var": 2.14686354637e+012
    },
    "spectral_strongpeak": {
        "mean": 1.38831794262,
        "var": 4.83411741257
    },
    "zerocrossingrate": {
        "mean": 0.100132860243,
        "var": 0.00221112859435
    },
    "barkbands": {
        "mean": [0.000237113854382, 0.00725467968732, 0.00521906046197, 0.00314384233207, 0.00310743367299, 0.0011104507139, 0.000451326719485, 0.00108002789784, 0.00109858287033, 0.00021026689501, 0.000284375535557, 0.000558067462407, 0.000494801672176, 0.00107784371357, 0.000586743408348, 0.000970707042143, 0.00216379016638, 0.00085018039681, 0.000783142400905, 0.00076953828102, 0.000434800400399, 0.000607514928561, 0.000490488950163, 0.000426661194069, 0.000227699114475, 6.50821384625e-005, 3.70752286472e-006],
        "var": [2.09201203916e-007, 8.51703152875e-005, 4.43598437414e-005, 1.62304022524e-005, 1.54143526743e-005, 3.63754224963e-006, 2.4836563739e-007, 6.15030148765e-006, 1.11645786092e-005, 9.15030184956e-008, 3.94580354168e-007, 2.77402205029e-006, 1.75915511136e-006, 2.32791990129e-006, 3.00992610391e-007, 8.49271714287e-007, 3.43100623468e-006, 7.27280905721e-007, 3.85271107461e-007, 4.83739938772e-007, 1.73102051804e-007, 4.74969226616e-007, 4.62166667603e-007, 3.01376530842e-007, 6.91723087698e-008, 6.58199583725e-009, 3.01488278787e-011]
    },
    "erbbands": {
        "mean": [0.161207854748, 1.81825137138, 5.44987535477, 9.4703130722, 10.7464580536, 9.28279781342, 10.9532117844, 7.5973944664, 6.33615779877, 9.19748878479, 28.5417938232, 24.8859825134, 11.7511405945, 9.37929439545, 16.2782669067, 22.0456123352, 22.310333252, 47.8303985596, 42.3566131592, 32.2589263916, 64.799911499, 99.6328735352, 75.6770324707, 40.401096344, 45.5429649353, 32.5134468079, 16.3386993408, 21.0440788269, 20.0483894348, 17.8071899414, 13.1916275024, 11.5309123993, 5.63222694397, 3.49867606163, 1.0863199234, 0.366968661547, 0.100656338036, 0.017207512632, 0.000443908502348, 5.97491343797e-005],
        "var": [0.0556027702987, 5.16137123108, 43.9653320313, 119.480705261, 208.630996704, 132.374023438, 570.173095703, 82.4820098877, 41.4645690918, 124.400146484, 4801.22607422, 5739.56347656, 1386.77856445, 235.904342651, 2245.13037109, 4328.44335938, 1503.84643555, 7062.90869141, 1013.51037598, 595.354064941, 2662.34716797, 5049.99072266, 4663.19287109, 1163.70153809, 1530.60986328, 557.036071777, 215.731063843, 428.757720947, 488.143554688, 537.674560547, 324.817687988, 299.319519043, 40.6528625488, 17.2045059204, 1.88085949421, 0.219126030803, 0.0159407444298, 0.000483905838337, 2.97714905173e-007, 7.82249931497e-010]
    },
    "gfcc": {
        "mean": [57.7319450378, 55.7481536865, -119.277908325, 58.8651008606, -46.1576957703, 20.0266857147, -46.6370544434, 14.6252031326, -22.7894763947, 2.26150631905, -20.0969581604, -0.365597546101, -17.5082969666],
        "cov": [[1698.33276367, -208.840026855, 45.1339874268, 10.5025844574, -192.534072876, 72.5254592896, 7.89636325836, 88.7806396484, -16.8187675476, -1.30804002285, -60.7754554749, -29.2366027832, -66.8587799072], [-208.840026855, 899.557983398, 10.519109726, 52.4564247131, 331.711883545, -48.0167350769, 105.230773926, -81.8022613525, -22.2275981903, 14.0771532059, 36.9921150208, -78.3904342651, 75.0098876953], [45.1339874268, 10.519109726, 255.31602478, -7.12941980362, 35.4854164124, 29.5390987396, -2.53584933281, 28.5595188141, 5.60108661652, 17.9717941284, -9.04658699036, 27.983921051, -17.7987823486], [10.5025844574, 52.4564247131, -7.12941980362, 240.016113281, 40.3432807922, 11.0577259064, -21.2819099426, -40.0897369385, 2.05213713646, -68.1449050903, 23.4891471863, -11.4738531113, 32.1715774536], [-192.534072876, 331.711883545, 35.4854164124, 40.3432807922, 254.135009766, -3.45332670212, 45.4537734985, -33.4943199158, -17.0408401489, 52.9767875671, 18.7419605255, -30.6158351898, 35.0826835632], [72.5254592896, -48.0167350769, 29.5390987396, 11.0577259064, -3.45332670212, 84.348526001, 28.6463489532, 20.9252262115, 12.4367218018, -9.1615228653, 0.432345360518, 1.82263994217, -13.0301980972], [7.89636325836, 105.230773926, -2.53584933281, -21.2819099426, 45.4537734985, 28.6463489532, 119.297416687, 34.5759048462, -1.82702314854, 22.8073997498, -1.25239133835, -17.1184997559, -2.39829683304], [88.7806396484, -81.8022613525, 28.5595188141, -40.0897369385, -33.4943199158, 20.9252262115, 34.5759048462, 80.2689437866, 32.0030174255, 10.2955598831, -12.0091085434, 3.6247215271, -25.8076648712], [-16.8187675476, -22.2275981903, 5.60108661652, 2.05213713646, -17.0408401489, 12.4367218018, -1.82702314854, 32.0030174255, 63.289188385, 13.4583654404, 3.10667657852, 1.17689311504, -12.6847963333], [-1.30804002285, 14.0771532059, 17.9717941284, -68.1449050903, 52.9767875671, -9.1615228653, 22.8073997498, 10.2955598831, 13.4583654404, 137.968414307, 17.5326538086, -8.78496360779, -3.22113704681], [-60.7754554749, 36.9921150208, -9.04658699036, 23.4891471863, 18.7419605255, 0.432345360518, -1.25239133835, -12.0091085434, 3.10667657852, 17.5326538086, 52.764213562, 21.9671707153, 14.8196334839], [-29.2366027832, -78.3904342651, 27.983921051, -11.4738531113, -30.6158351898, 1.82263994217, -17.1184997559, 3.6247215271, 1.17689311504, -8.78496360779, 21.9671707153, 71.0394515991, 16.7940044403], [-66.8587799072, 75.0098876953, -17.7987823486, 32.1715774536, 35.0826835632, -13.0301980972, -2.39829683304, -25.8076648712, -12.6847963333, -3.22113704681, 14.8196334839, 16.7940044403, 55.0913505554]],
        "icov": [[0.000935372023378, -0.000827779818792, 0.000286534195766, -0.00112654501572, 0.00160789128859, -0.00137881306, 0.00108417333104, -0.00207417341881, 0.00222715735435, -0.00168644299265, 0.00166728440672, -0.000706193910446, 0.000919155019801], [-0.000827779818792, 0.00527004664764, -0.00206779455766, 0.00351405306719, -0.00567591749132, 0.00467201089486, -0.00527380732819, 0.00634801201522, -0.00617867708206, 0.00606531556696, -0.00633315602317, 0.00664809392765, -0.00482752826065], [0.000286534195766, -0.00206779455766, 0.00631379429251, -0.00233371695504, 0.000182571733603, -0.00341116334312, 0.00350388023071, -0.00462847901508, 0.00367097905837, -0.00368888466619, 0.00549469003454, -0.00717092258856, 0.00496451556683], [-0.00112654501572, 0.00351405306719, -0.00233371695504, 0.0100012775511, -0.00493885669857, 0.00241983192973, -0.00289760460146, 0.00696032680571, -0.0076869726181, 0.00923684984446, -0.00955444108695, 0.0086270859465, -0.00718383491039], [0.00160789128859, -0.00567591749132, 0.000182571733603, -0.00493885669857, 0.013566580601, -0.00524658011273, 0.00314407981932, -0.00504963938147, 0.00785851012915, -0.00920166261494, 0.0056389006786, -0.00274763791822, 0.00110576616134], [-0.00137881306, 0.00467201089486, -0.00341116334312, 0.00241983192973, -0.00524658011273, 0.0198705475777, -0.00928799808025, 0.00626296875998, -0.0088001806289, 0.00759711489081, -0.00724124442786, 0.00455526681617, -0.00100205140188], [0.00108417333104, -0.00527380732819, 0.00350388023071, -0.00289760460146, 0.00314407981932, -0.00928799808025, 0.0192256085575, -0.015654636547, 0.0111697334796, -0.00707354210317, 0.0051174829714, -0.00341776339337, 0.00244849850424], [-0.00207417341881, 0.00634801201522, -0.00462847901508, 0.00696032680571, -0.00504963938147, 0.00626296875998, -0.015654636547, 0.0356479734182, -0.0209474898875, 0.00850718654692, -0.00441097700968, 0.00402116961777, -0.000370503461454], [0.00222715735435, -0.00617867708206, 0.00367097905837, -0.0076869726181, 0.00785851012915, -0.0088001806289, 0.0111697334796, -0.0209474898875, 0.0327554494143, -0.0118001680821, 0.00650549726561, -0.00703189801425, 0.00762362172827], [-0.00168644299265, 0.00606531556696, -0.00368888466619, 0.00923684984446, -0.00920166261494, 0.00759711489081, -0.00707354210317, 0.00850718654692, -0.0118001680821, 0.0198261141777, -0.0147507665679, 0.0114201810211, -0.00662801833823], [0.00166728440672, -0.00633315602317, 0.00549469003454, -0.00955444108695, 0.0056389006786, -0.00724124442786, 0.0051174829714, -0.00441097700968, 0.00650549726561, -0.0147507665679, 0.0391268916428, -0.02176293917, 0.00759834609926], [-0.000706193910446, 0.00664809392765, -0.00717092258856, 0.0086270859465, -0.00274763791822, 0.00455526681617, -0.00341776339337, 0.00402116961777, -0.00703189801425, 0.0114201810211, -0.02176293917, 0.035684030503, -0.0186764206737], [0.000919155019801, -0.00482752826065, 0.00496451556683, -0.00718383491039, 0.00110576616134, -0.00100205140188, 0.00244849850424, -0.000370503461454, 0.00762362172827, -0.00662801833823, 0.00759834609926, -0.0186764206737, 0.0356481596828]]
    },
    "melbands": {
        "mean": [0.00178417796269, 0.0028047261294, 0.0016912111314, 0.000753464119043, 0.000371627422282, 0.000174117492861, 9.61887781159e-005, 0.000120265154692, 0.000230064440984, 0.000159080620506, 5.59880645596e-005, 3.54721014446e-005, 4.52108033642e-005, 5.80286141485e-005, 5.2219023928e-005, 5.17472326464e-005, 9.99131880235e-005, 7.69028847571e-005, 4.19846219302e-005, 5.62495515624e-005, 7.992394967e-005, 9.28524241317e-005, 0.000125254693558, 3.51559974661e-005, 3.2424894016e-005, 2.70822420134e-005, 3.40318802046e-005, 1.95679567696e-005, 8.92653770279e-006, 1.20803988466e-005, 1.22912742881e-005, 1.16360151878e-005, 1.12185498438e-005, 9.27085329749e-006, 6.48275545245e-006, 9.77653508016e-006, 5.54989219381e-006, 4.13088127971e-006, 3.10933000947e-006, 2.92526169687e-006],
        "var": [5.57017983738e-006, 1.03791981019e-005, 3.44477348335e-006, 1.02725789475e-006, 4.55648944353e-007, 4.91439777761e-008, 1.01986668e-008, 3.61621381728e-008, 3.33211573889e-007, 2.85558911628e-007, 3.45769741728e-008, 3.77541331531e-009, 1.38806575123e-008, 2.34502923746e-008, 2.51346889968e-008, 2.40667699103e-008, 2.64518256188e-008, 4.16885015397e-009, 2.13228701362e-009, 3.99866140199e-009, 4.57290738609e-009, 3.7361460592e-009, 1.79211951945e-008, 1.03327235657e-009, 1.04357633646e-009, 4.42033742942e-010, 1.3590372161e-009, 2.78214423721e-010, 8.04279629008e-011, 1.51911525026e-010, 1.70394406918e-010, 1.73353553734e-010, 2.07787800854e-010, 1.70745209638e-010, 7.26214782754e-011, 2.52421972213e-010, 6.26180149399e-011, 2.36495840272e-011, 1.28218165252e-011, 1.32356590965e-011]
    },
    "mfcc": {
        "mean": [-580.047851563, 77.811088562, -3.71804904938, 36.0373344421, 22.9557876587, 9.05797100067, -1.87928426266, 7.0659365654, 1.58527398109, 1.76305294037, 2.37264585495, 2.05774831772, -2.37264442444],
        "cov": [[1097.42834473, -289.4480896, 152.46321106, -58.2812423706, -114.770355225, -48.9543418884, -14.9673032761, 55.3145637512, 25.6331539154, 21.8238544464, 15.9613189697, 6.64070129395, -15.0523529053], [-289.4480896, 885.282592773, -167.27355957, 154.962905884, 125.231803894, 106.995231628, 140.39276123, -75.6963500977, 29.5336608887, 73.7429275513, -16.7934398651, -1.47553551197, 10.0621576309], [152.46321106, -167.27355957, 238.141281128, -40.2920608521, -2.31006860733, -24.1256065369, -38.1067810059, 62.0150680542, -5.54425954819, -29.6660461426, 21.2093257904, 2.37024998665, -5.49951124191], [-58.2812423706, 154.962905884, -40.2920608521, 183.9921875, 75.7238006592, 52.3123474121, 43.8570556641, -19.0269412994, -1.79660904408, 8.89241600037, -43.2048988342, -3.91354131699, -6.75389003754], [-114.770355225, 125.231803894, -2.31006860733, 75.7238006592, 143.610977173, 50.098033905, 8.84495258331, -13.4367113113, -10.5470600128, 4.77471876144, -13.9985647202, -13.9987421036, 7.32834625244], [-48.9543418884, 106.995231628, -24.1256065369, 52.3123474121, 50.098033905, 88.7526016235, 48.3845558167, -14.6327362061, 4.27903747559, 13.1544246674, -7.71169471741, -0.408897399902, 3.81158828735], [-14.9673032761, 140.39276123, -38.1067810059, 43.8570556641, 8.84495258331, 48.3845558167, 107.084503174, -0.993074536324, 18.0161151886, 23.4287147522, -5.25672054291, 7.76378726959, 6.45876932144], [55.3145637512, -75.6963500977, 62.0150680542, -19.0269412994, -13.4367113113, -14.6327362061, -0.993074536324, 117.699676514, 11.0503025055, -16.285402298, -9.7370262146, 0.87453943491, -15.1988286972], [25.6331539154, 29.5336608887, -5.54425954819, -1.79660904408, -10.5470600128, 4.27903747559, 18.0161151886, 11.0503025055, 60.1699829102, 32.4290733337, 13.5216245651, 8.32066345215, 0.0674153417349], [21.8238544464, 73.7429275513, -29.6660461426, 8.89241600037, 4.77471876144, 13.1544246674, 23.4287147522, -16.285402298, 32.4290733337, 77.2224884033, 28.7707748413, 6.1691660881, 8.65111732483], [15.9613189697, -16.7934398651, 21.2093257904, -43.2048988342, -13.9985647202, -7.71169471741, -5.25672054291, -9.7370262146, 13.5216245651, 28.7707748413, 72.2741012573, 22.1672382355, 15.7124195099], [6.64070129395, -1.47553551197, 2.37024998665, -3.91354131699, -13.9987421036, -0.408897399902, 7.76378726959, 0.87453943491, 8.32066345215, 6.1691660881, 22.1672382355, 56.8700180054, 21.0751037598], [-15.0523529053, 10.0621576309, -5.49951124191, -6.75389003754, 7.32834625244, 3.81158828735, 6.45876932144, -15.1988286972, 0.0674153417349, 8.65111732483, 15.7124195099, 21.0751037598, 58.8481178284]],
        "icov": [[0.00119096972048, 0.000279775733361, -0.000803475733846, -0.000170457919012, 0.000858808169141, 6.013908569e-005, -0.000260975910351, 3.3982196328e-005, -5.88776347286e-005, -0.00104066845961, 0.000488219870022, 3.08960734401e-005, 0.00010035384912], [0.000279775733361, 0.00198908662423, 0.000569850555621, -0.00043647387065, -0.00114429439418, 7.69142061472e-005, -0.00188929447904, 0.00060713570565, -0.000344229541952, -0.000861853477545, 5.43666501471e-005, -8.53263045428e-005, 0.000379432749469], [-0.000803475733846, 0.000569850555621, 0.00662369234487, -3.43959027305e-006, -0.00178219366353, 6.13845913904e-005, 0.000789809098933, -0.0028105834499, -0.00014878922957, 0.00283240154386, -0.0035368045792, 0.000380774901714, 0.000112781541247], [-0.000170457919012, -0.00043647387065, -3.43959027305e-006, 0.00984976999462, -0.00402124365792, -0.00119962543249, -0.00186406227294, 0.00128692947328, 0.000273075100267, -0.00174882065039, 0.00610166275874, -0.00304505159147, 0.00199472950771], [0.000858808169141, -0.00114429439418, -0.00178219366353, -0.00402124365792, 0.0130338938907, -0.0057580312714, 0.00398264266551, -0.00082653190475, 0.0017760390183, -0.00104814360384, -0.000575221376494, 0.00351850641891, -0.00306791276671], [6.013908569e-005, 7.69142061472e-005, 6.13845913904e-005, -0.00119962543249, -0.0057580312714, 0.0197889041156, -0.00796786136925, 0.00165481003933, -0.000299331237329, -9.7398959042e-005, -5.73734678255e-006, -0.000550496624783, 0.000820840417873], [-0.000260975910351, -0.00188929447904, 0.000789809098933, -0.00186406227294, 0.00398264266551, -0.00796786136925, 0.0168355684727, -0.00246878317557, -0.00155742501374, -0.00139816221781, 0.000566294882447, -0.000586364010815, -0.00208297581412], [3.3982196328e-005, 0.00060713570565, -0.0028105834499, 0.00128692947328, -0.00082653190475, 0.00165481003933, -0.00246878317557, 0.0117615303025, -0.00337367807515, 0.00123083405197, 0.00323430006392, -0.00170597538818, 0.00266462354921], [-5.88776347286e-005, -0.000344229541952, -0.00014878922957, 0.000273075100267, 0.0017760390183, -0.000299331237329, -0.00155742501374, -0.00337367807515, 0.0239671878517, -0.00999154243618, -0.000283764442429, -0.00212191022001, 0.00143611128442], [-0.00104066845961, -0.000861853477545, 0.00283240154386, -0.00174882065039, -0.00104814360384, -9.7398959042e-005, -0.00139816221781, 0.00123083405197, -0.00999154243618, 0.024087511003, -0.010397920385, 0.00317081925459, -0.001335574314], [0.000488219870022, 5.43666501471e-005, -0.0035368045792, 0.00610166275874, -0.000575221376494, -5.73734678255e-006, 0.000566294882447, 0.00323430006392, -0.000283764442429, -0.010397920385, 0.025738177821, -0.0082244258374, -0.00106727774255], [3.08960734401e-005, -8.53263045428e-005, 0.000380774901714, -0.00304505159147, 0.00351850641891, -0.000550496624783, -0.000586364010815, -0.00170597538818, -0.00212191022001, 0.00317081925459, -0.0082244258374, 0.0244995430112, -0.00811188761145], [0.00010035384912, 0.000379432749469, 0.000112781541247, 0.00199472950771, -0.00306791276671, 0.000820840417873, -0.00208297581412, 0.00266462354921, 0.00143611128442, -0.001335574314, -0.00106727774255, -0.00811188761145, 0.0218235943466]]
    },
    "spectral_contrast_coeffs": {
        "mean": [-0.647338032722, -0.766212999821, -0.806188106537, -0.770344018936, -0.734683632851, -0.744479179382],
        "var": [0.00446531595662, 0.00457695499063, 0.00344603927806, 0.00194255658425, 0.00133380410261, 0.000841529050376]
    },
    "spectral_contrast_valleys": {
        "mean": [-6.84875202179, -6.62388372421, -7.20520925522, -7.06911563873, -6.8494052887, -9.17129325867],
        "var": [0.666938066483, 0.404841840267, 0.355634182692, 0.311399161816, 0.391850471497, 0.616733849049]
    }
},
"metadata": {
    "audio_properties": {
        "analysis_sample_rate": 44100,
        "bit_rate": 128074,
        "equal_loudness": 0,
        "length": 45.0612258911,
        "lossless": 0,
        "replay_gain": -4.95055580139,
        "sample_rate": 44100,
        "codec": "mp3",
        "downmix": "mix",
        "md5_encoded": "2a78e160c0f891b28c26a5a63529d0e3"
    },
    "tags": {
        "file_name": "1924.mp3"
    },
    "version": {
        "essentia": "2.1-beta2",
        "essentia_git_sha": "v2.1_beta2",
        "extractor": "music 1.0"
    }
},
"rhythm": {
    "beats_count": 112,
    "beats_loudness": {
        "mean": 0.0523519814014,
        "var": 0.00020150236378
    },
    "bpm": 151.531295776,
    "bpm_histogram_first_peak_bpm": {
        "mean": 152,
        "var": 0
    },
    "bpm_histogram_first_peak_spread": {
        "mean": 0.391891866922,
        "var": 0
    },
    "bpm_histogram_first_peak_weight": {
        "mean": 0.405405402184,
        "var": 0
    },
    "bpm_histogram_second_peak_bpm": {
        "mean": 157,
        "var": 0
    },
    "bpm_histogram_second_peak_spread": {
        "mean": 0.100000023842,
        "var": 0
    },
    "bpm_histogram_second_peak_weight": {
        "mean": 0.162162154913,
        "var": 0
    },
    "danceability": 1.65310192108,
    "onset_rate": 2.97239160538,
    "beats_loudness_band_ratio": {
        "mean": [0.609346747398, 0.138942569494, 0.0572664961219, 0.0461786724627, 0.122123375535, 0.0798543468118],
        "var": [0.0299510210752, 0.0111624356359, 0.00565234478563, 0.0018037998816, 0.00679285218939, 0.0043237390928]
    },
    "beats_position": [0.348299324512, 0.708208620548, 1.07972788811, 1.46285712719, 1.84598636627, 2.22911548615, 2.62385487556, 3.01859402657, 3.41333317757, 3.80807256699, 4.20281171799, 4.58594083786, 4.98067998886, 5.36380958557, 5.75854873657, 6.15328788757, 6.54802703857, 6.93115615845, 7.31428575516, 7.70902490616, 8.10376358032, 8.498503685, 8.893242836, 9.287981987, 9.682721138, 10.077460289, 10.47219944, 10.866938591, 11.261677742, 11.656416893, 12.0743761063, 12.4807252884, 12.8870744705, 13.2818136215, 13.6997728348, 14.117732048, 14.5356912613, 14.9420404434, 15.3483896255, 15.7431287766, 16.1610889435, 16.5674381256, 16.9737873077, 17.391746521, 17.8097057343, 18.2276649475, 18.6456241608, 19.0519733429, 19.458322525, 19.8646717072, 20.2710208893, 20.6773700714, 21.0837192535, 21.5016784668, 21.9196376801, 22.3259868622, 22.7323360443, 23.1386852264, 23.5334243774, 23.9165534973, 24.3345127106, 24.7292518616, 25.1123809814, 25.4955101013, 25.8902492523, 26.2733783722, 26.6565074921, 27.0512466431, 27.4459857941, 27.8407249451, 28.2354640961, 28.6302032471, 29.0249423981, 29.4196815491, 29.8028106689, 30.1859397888, 30.5806789398, 30.9754180908, 31.3701572418, 31.7648983002, 32.1596374512, 32.542766571, 32.9258956909, 33.2974128723, 33.7153739929, 34.1101112366, 34.5048522949, 34.8995895386, 35.2827186584, 35.6658477783, 36.0605888367, 36.455329895, 36.8732872009, 37.2796363831, 37.6859855652, 38.0807266235, 38.4870758057, 38.8934249878, 39.2997741699, 39.7061233521, 40.124080658, 40.5188217163, 40.91355896, 41.3199081421, 41.7262573242, 42.1326065063, 42.550567627, 42.9569168091, 43.3632659912, 43.7696151733, 44.1759643555, 44.5823135376]
},
"tonal": {
    "chords_changes_rate": 0.0905349776149,
    "chords_number_rate": 0.00823045242578,
    "chords_strength": {
        "mean": 0.456955075264,
        "var": 0.00672433152795
    },
    "hpcp_entropy": {
        "mean": 2.28981876373,
        "var": 0.507754921913
    },
    "key_strength": 0.619670510292,
    "tuning_diatonic_strength": 0.451977491379,
    "tuning_equal_tempered_deviation": 0.104677721858,
    "tuning_frequency": 441.272583008,
    "tuning_nontempered_energy_ratio": 0.75332903862,
    "hpcp": {
        "mean": [0.199297294021, 0.131005302072, 0.105501510203, 0.108943171799, 0.113726660609, 0.127909481525, 0.124637275934, 0.139680787921, 0.210346803069, 0.247407749295, 0.173203587532, 0.113163143396, 0.125506535172, 0.152377411723, 0.204532653093, 0.243121400476, 0.212267205119, 0.16180755198, 0.128335550427, 0.127364590764, 0.225943416357, 0.276290684938, 0.196280434728, 0.22489644587, 0.260072231293, 0.154603675008, 0.0784842818975, 0.0598195008934, 0.0511304475367, 0.0770609378815, 0.12835611403, 0.132833316922, 0.115994371474, 0.114620216191, 0.128491401672, 0.189202457666],
        "var": [0.0663967430592, 0.026444427669, 0.0253982599825, 0.0299230013043, 0.0317192859948, 0.0423278212547, 0.0395299084485, 0.0462705418468, 0.0788573697209, 0.0901599302888, 0.0537922233343, 0.0334867238998, 0.0369510389864, 0.0489676333964, 0.0757026895881, 0.0992427617311, 0.0729662626982, 0.054285492748, 0.0427045635879, 0.0388687998056, 0.0804722905159, 0.108445040882, 0.0512127839029, 0.0875832140446, 0.111727975309, 0.0475669912994, 0.027382729575, 0.0171127114445, 0.00908130127937, 0.0130067393184, 0.0287094265223, 0.029068198055, 0.0239004567266, 0.0297961235046, 0.0400157310069, 0.0764992460608]
    },
    "chords_histogram": [2.98353910446, 25.9259262085, 21.2962970734, 0, 6.79012346268, 0, 2.98353910446, 0, 0.823045253754, 9.67078208923, 0.102880656719, 0, 0, 0, 0, 0, 0.823045253754, 7.81893014908, 0, 0, 0, 0.308641970158, 0, 20.4732513428],
    "thpcp": [1, 0.710412800312, 0.813984930515, 0.941299319267, 0.559568881989, 0.284064173698, 0.21650929749, 0.185060337186, 0.27891254425, 0.464569091797, 0.48077377677, 0.419827282429, 0.414853721857, 0.465058743954, 0.684794902802, 0.721331954002, 0.474157512188, 0.381849676371, 0.394306361675, 0.411619603634, 0.462952554226, 0.451109230518, 0.505557358265, 0.761324286461, 0.895461797714, 0.626888990402, 0.409580022097, 0.454255402088, 0.551511228085, 0.740280687809, 0.879947900772, 0.768274903297, 0.585642457008, 0.464494675398, 0.460980415344, 0.817774295807],
    "chords_key": "A",
    "chords_scale": "minor",
    "key_key": "F",
    "key_scale": "major"
}
}