{
"lowlevel": {
    "average_loudness": 0.956500589848,
    "barkbands_crest": {
        "mean": 10.8026437759,
        "var": 21.8296604156
    },
    "barkbands_flatness_db": {
        "mean": 0.205179065466,
        "var": 0.00552365044132
    },
    "barkbands_kurtosis": {
        "mean": 6.23815488815,
        "var": 228.88067627
    },
    "barkbands_skewness": {
        "mean": 1.70675075054,
        "var": 1.33376598358
    },
    "barkbands_spread": {
        "mean": 12.3474006653,
        "var": 49.2425537109
    },
    "dissonance": {
        "mean": 0.443005502224,
        "var": 0.00228841346689
    },
    "dynamic_complexity": 1.76507019997,
    "erbbands_crest": {
        "mean": 9.21612071991,
        "var": 15.7954769135
    },
    "erbbands_flatness_db": {
        "mean": 0.221197500825,
        "var": 0.00345338718034
    },
    "erbbands_kurtosis": {
        "mean": 1.61320114136,
        "var": 112.88735199
    },
    "erbbands_skewness": {
        "mean": 0.408496618271,
        "var": 1.19914340973
    },
    "erbbands_spread": {
        "mean": 28.6288814545,
        "var": 142.275100708
    },
    "hfc": {
        "mean": 16.0725955963,
        "var": 105.185401917
    },
    "melbands_crest": {
        "mean": 15.819975853,
        "var": 32.837223053
    },
    "melbands_flatness_db": {
        "mean": 0.272410452366,
        "var": 0.00655736541376
    },
    "melbands_kurtosis": {
        "mean": 10.8850688934,
        "var": 356.726806641
    },
    "melbands_skewness": {
        "mean": 2.43258476257,
        "var": 1.34801530838
    },
    "melbands_spread": {
        "mean": 14.2165212631,
        "var": 85.2751693726
    },
    "pitch_salience": {
        "mean": 0.530458331108,
        "var": 0.00932850688696
    },
    "silence_rate_20dB": {
        "mean": 1,
        "var": 0
    },
    "silence_rate_30dB": {
        "mean": 0.9866117239,
        "var": 0.0132090346888
    },
    "silence_rate_60dB": {
        "mean": 0.00257466523908,
        "var": 0.00256805913523
    },
    "spectral_centroid": {
        "mean": 766.391113281,
        "var": 156686.96875
    },
    "spectral_complexity": {
        "mean": 18.3007202148,
        "var": 39.3955154419
    },
    "spectral_decrease": {
        "mean": -8.53390424993e-009,
        "var": 3.29237041299e-017
    },
    "spectral_energy": {
        "mean": 0.0336666703224,
        "var": 0.00050134875346
    },
    "spectral_energyband_high": {
        "mean": 0.000126950704725,
        "var": 7.3070609119e-008
    },
    "spectral_energyband_low": {
        "mean": 0.00947247631848,
        "var": 0.000170539031387
    },
    "spectral_energyband_middle_high": {
        "mean": 0.0048180683516,
        "var": 1.94685271708e-005
    },
    "spectral_energyband_middle_low": {
        "mean": 0.0233833771199,
        "var": 0.00031666320865
    },
    "spectral_entropy": {
        "mean": 6.87156152725,
        "var": 0.445584595203
    },
    "spectral_flux": {
        "mean": 0.0657269954681,
        "var": 0.00171153270639
    },
    "spectral_kurtosis": {
        "mean": 13.9368066788,
        "var": 291.870178223
    },
    "spectral_rms": {
        "mean": 0.00550077203661,
        "var": 2.58712270806e-006
    },
    "spectral_rolloff": {
        "mean": 855.425598145,
        "var": 416553.25
    },
    "spectral_skewness": {
        "mean": 2.4300661087,
        "var": 1.60275030136
    },
    "spectral_spread": {
        "mean": 2670794.5,
        "var": 1.82879505613e+012
    },
    "spectral_strongpeak": {
        "mean": 0.98415106535,
        "var": 0.496198564768
    },
    "zerocrossingrate": {
        "mean": 0.0330927446485,
        "var": 0.000276172271697
    },
    "barkbands": {
        "mean": [7.45183497202e-005, 0.00183304655366, 0.003593073925, 0.00529076578096, 0.00791273172945, 0.00511512113735, 0.00217243470252, 0.00131406937726, 0.00117851339746, 0.000835807411931, 0.000469029211672, 0.000837988685817, 0.000560934946407, 0.000768677098677, 0.000574861769564, 0.000271849392448, 0.000373244401999, 0.000213491002796, 0.000109362976218, 6.7811437475e-005, 3.74981209461e-005, 2.14739648072e-005, 2.00042668439e-005, 1.18043471957e-005, 6.49210642223e-006, 2.0604634301e-006, 8.29943900271e-008],
        "var": [1.65311718092e-007, 1.19492251542e-005, 2.87518632831e-005, 0.000114415233838, 5.15937099408e-005, 6.70948284096e-005, 1.07224523163e-005, 2.91854189527e-006, 3.88594389733e-006, 3.06725974042e-006, 6.58510714402e-007, 2.88362002721e-006, 4.04920882602e-007, 8.675619938e-007, 7.62831405154e-007, 2.09114759286e-007, 2.00046088139e-007, 1.42375853329e-007, 3.53210758419e-008, 3.94793246983e-008, 7.1630266163e-009, 2.75721778742e-009, 2.33804908767e-009, 6.9951794357e-010, 3.16695503155e-010, 3.11919413909e-011, 1.03168802711e-013]
    },
    "erbbands": {
        "mean": [0.0392378233373, 0.491632014513, 3.09628152847, 14.8613538742, 17.0065822601, 28.9824829102, 38.2540512085, 38.6488761902, 36.0923271179, 18.5043716431, 36.166469574, 25.8406143188, 32.9199180603, 22.4792175293, 26.3143100739, 32.2045249939, 23.4363365173, 45.3286132813, 27.0817317963, 25.9606876373, 15.7065658569, 21.6822338104, 13.5961256027, 8.26810455322, 4.68392372131, 3.21511983871, 1.80167710781, 1.25596868992, 0.733231008053, 0.727938234806, 0.552831232548, 0.302089303732, 0.185379624367, 0.0987103059888, 0.0313535556197, 0.0111338142306, 0.00325731257908, 0.000447712664027, 2.76037171716e-005, 3.86195642932e-005],
        "var": [0.0157477632165, 0.60315912962, 22.5734500885, 650.494018555, 412.760192871, 842.473754883, 3175.3918457, 3869.70092773, 2612.73950195, 737.929504395, 2251.4675293, 1437.19677734, 3253.13427734, 1757.53967285, 2480.64453125, 3052.24389648, 706.137756348, 2872.45776367, 1016.37628174, 2826.99975586, 575.80291748, 614.97833252, 543.900146484, 143.757385254, 89.155960083, 99.2389144897, 15.2130765915, 9.30977153778, 3.64910340309, 2.72816300392, 1.73408079147, 0.547620236874, 0.160695910454, 0.0763193592429, 0.00677537079901, 0.000867637922056, 8.7124761194e-005, 1.92330685422e-006, 1.76459857837e-009, 6.56203980043e-010]
    },
    "gfcc": {
        "mean": [-33.8451957703, 155.239364624, -131.22883606, 18.3786640167, -47.6803779602, -0.973815262318, -47.6653747559, -5.78323984146, -19.5361309052, -13.6782035828, -10.1756277084, -11.949924469, -8.93237113953],
        "cov": [[5333.22363281, -1289.15222168, -834.339782715, 432.672546387, -158.247451782, 686.386962891, 2.05340671539, 424.512512207, -59.4441375732, 325.427001953, -316.160491943, 48.1082992554, -402.454803467], [-1289.15222168, 919.143249512, -78.6510925293, -296.804840088, 147.513702393, -339.578704834, -14.9565267563, -228.523178101, 64.647026062, -190.716003418, 214.328552246, -41.3525543213, 208.125213623], [-834.339782715, -78.6510925293, 1035.91491699, 87.2495803833, -157.472412109, 92.6751480103, -12.4784660339, 52.3602409363, -75.1708526611, -1.14275026321, 8.43020153046, -4.83493947983, -52.2089614868], [432.672546387, -296.804840088, 87.2495803833, 327.725921631, 40.7651023865, 93.1677246094, 60.1740646362, 102.206214905, 23.5152492523, 85.639831543, -138.142349243, -36.7694282532, -107.072288513], [-158.247451782, 147.513702393, -157.472412109, 40.7651023865, 221.22883606, -33.4995117188, 31.8949279785, -13.6581287384, 51.6056098938, -3.9623978138, -40.6047821045, -20.1443347931, 17.2978343964], [686.386962891, -339.578704834, 92.6751480103, 93.1677246094, -33.4995117188, 331.360992432, 81.6812438965, 132.64112854, -56.2319946289, 71.6682052612, -61.6883163452, 12.0525846481, -105.515434265], [2.05340671539, -14.9565267563, -12.4784660339, 60.1740646362, 31.8949279785, 81.6812438965, 142.137374878, 36.4666137695, -29.9072208405, 7.56707906723, -15.2525577545, -18.9992313385, -17.3395748138], [424.512512207, -228.523178101, 52.3602409363, 102.206214905, -13.6581287384, 132.64112854, 36.4666137695, 150.187744141, 10.4691505432, 69.9441070557, -58.5317382813, -6.60008955002, -79.1821899414], [-59.4441375732, 64.647026062, -75.1708526611, 23.5152492523, 51.6056098938, -56.2319946289, -29.9072208405, 10.4691505432, 110.129020691, 20.0625419617, -14.616733551, -8.70861530304, -6.35614347458], [325.427001953, -190.716003418, -1.14275026321, 85.639831543, -3.9623978138, 71.6682052612, 7.56707906723, 69.9441070557, 20.0625419617, 98.1313705444, -37.9616355896, 10.3109359741, -54.0584373474], [-316.160491943, 214.328552246, 8.43020153046, -138.142349243, -40.6047821045, -61.6883163452, -15.2525577545, -58.5317382813, -14.616733551, -37.9616355896, 154.701309204, 26.5590572357, 73.5212936401], [48.1082992554, -41.3525543213, -4.83493947983, -36.7694282532, -20.1443347931, 12.0525846481, -18.9992313385, -6.60008955002, -8.70861530304, 10.3109359741, 26.5590572357, 69.7255477905, 29.7464351654], [-402.454803467, 208.125213623, -52.2089614868, -107.072288513, 17.2978343964, -105.515434265, -17.3395748138, -79.1821899414, -6.35614347458, -54.0584373474, 73.5212936401, 29.7464351654, 137.400863647]],
        "icov": [[0.000805437099189, -0.00132370344363, 0.00131986616179, -0.00144102878403, 0.00162131281104, -0.00163127819542, 0.00199920358136, -0.00129082018975, 0.0018101161113, -0.00109954213258, 0.00122585811187, -0.00137865962461, 0.00108803657349], [-0.00132370344363, 0.0128079233691, -0.00380551163107, 0.00667681917548, -0.00934837479144, 0.00623549101874, -0.00775588303804, 0.00576193165034, -0.010004684329, 0.00938697438687, -0.0112033383921, 0.00980337057263, -0.00411084480584], [0.00131986616179, -0.00380551163107, 0.0036425483413, -0.00380588578992, 0.00435450673103, -0.00342270056717, 0.00451017916203, -0.00304120755754, 0.00461776042357, -0.0021877756808, 0.00284757185727, -0.00326465489343, 0.0022244406864], [-0.00144102878403, 0.00667681917548, -0.00380588578992, 0.0114752799273, -0.00617997627705, 0.0053428504616, -0.00790263712406, 0.00320833548903, -0.00654980586842, 0.00107681157533, -0.00151290127542, 0.00645278254524, -0.00157240452245], [0.00162131281104, -0.00934837479144, 0.00435450673103, -0.00617997627705, 0.014293063432, -0.00588896963745, 0.0048428629525, -0.00355069315992, 0.0047277524136, -0.00651459023356, 0.0102710556239, -0.00651353551075, 0.00156096403953], [-0.00163127819542, 0.00623549101874, -0.00342270056717, 0.0053428504616, -0.00588896963745, 0.011791203171, -0.00814692117274, -0.000221959096962, -0.00250898767263, 0.0035707463976, -0.00479116290808, 0.00211951276287, 0.000673677946907], [0.00199920358136, -0.00775588303804, 0.00451017916203, -0.00790263712406, 0.0048428629525, -0.00814692117274, 0.0179450940341, -0.00642873998731, 0.0107141844928, -0.00448714802042, 0.00445198360831, -0.00325209437869, 0.00190522219054], [-0.00129082018975, 0.00576193165034, -0.00304120755754, 0.00320833548903, -0.00355069315992, -0.000221959096962, -0.00642873998731, 0.0187595747411, -0.0087426174432, -0.000971737783402, -0.00376405729912, 0.00569187430665, -0.000892842188478], [0.0018101161113, -0.010004684329, 0.00461776042357, -0.00654980586842, 0.0047277524136, -0.00250898767263, 0.0107141844928, -0.0087426174432, 0.0233815722167, -0.0103224180639, 0.00785597320646, -0.00722263101488, 0.00527925882488], [-0.00109954213258, 0.00938697438687, -0.0021877756808, 0.00107681157533, -0.00651459023356, 0.0035707463976, -0.00448714802042, -0.000971737783402, -0.0103224180639, 0.0277274921536, -0.00984940305352, 0.00108945113607, 0.000470363942441], [0.00122585811187, -0.0112033383921, 0.00284757185727, -0.00151290127542, 0.0102710556239, -0.00479116290808, 0.00445198360831, -0.00376405729912, 0.00785597320646, -0.00984940305352, 0.0226007886231, -0.00977818667889, 0.000395823764848], [-0.00137865962461, 0.00980337057263, -0.00326465489343, 0.00645278254524, -0.00651353551075, 0.00211951276287, -0.00325209437869, 0.00569187430665, -0.00722263101488, 0.00108945113607, -0.00977818667889, 0.0289216954261, -0.010716939345], [0.00108803657349, -0.00411084480584, 0.0022244406864, -0.00157240452245, 0.00156096403953, 0.000673677946907, 0.00190522219054, -0.000892842188478, 0.00527925882488, 0.000470363942441, 0.000395823764848, -0.010716939345, 0.018895978108]]
    },
    "melbands": {
        "mean": [0.000435806054156, 0.00130309152883, 0.00235030357726, 0.00180983485188, 0.00128655508161, 0.000873438606504, 0.000540507317055, 0.000188332749531, 0.000283774425043, 0.000164715835126, 0.000163344433531, 8.81813539308e-005, 7.62634008424e-005, 0.000111922956421, 4.68418402306e-005, 6.5401167376e-005, 8.40501161292e-005, 4.15807589889e-005, 3.8017918996e-005, 2.64271347987e-005, 1.58413477038e-005, 2.23232254939e-005, 1.66074569279e-005, 1.00637334981e-005, 6.35474862065e-006, 3.74209071197e-006, 2.86884778689e-006, 1.89480431345e-006, 1.14050430966e-006, 9.69844791143e-007, 6.216738484e-007, 3.78587458272e-007, 4.49188689799e-007, 3.75856814117e-007, 3.33055282908e-007, 2.57848341789e-007, 1.52445252866e-007, 1.30592411551e-007, 1.09129899784e-007, 7.70330501609e-008],
        "var": [9.78929278972e-007, 3.57003796125e-006, 1.58667007781e-005, 4.0795557652e-006, 2.68091798716e-006, 2.01333659788e-006, 5.96198333369e-007, 6.39809059066e-008, 1.50565554691e-007, 6.54142766621e-008, 8.38226128508e-008, 3.63325476371e-008, 1.65913878192e-008, 5.54617649584e-008, 4.09862810358e-009, 5.15469933404e-009, 1.01310506651e-008, 2.57209942234e-009, 4.60519178347e-009, 2.92486634912e-009, 6.67768562668e-010, 7.53050954927e-010, 5.66746038988e-010, 3.35172778421e-010, 9.48612507989e-011, 4.49167265881e-011, 6.63474206131e-011, 4.11882854212e-011, 6.68165479542e-012, 5.09522979364e-012, 2.62740371994e-012, 1.25953446891e-012, 1.02823153637e-012, 8.04793731657e-013, 6.42457224573e-013, 4.53114352679e-013, 1.44096553808e-013, 7.52691569554e-014, 7.70556375326e-014, 5.44023647745e-014]
    },
    "mfcc": {
        "mean": [-671.31439209, 180.253585815, -16.5856189728, 17.5901660919, 13.7997140884, -1.42307555676, -10.0580711365, -1.89592897892, -10.5119161606, -2.4419631958, -4.21406936646, -3.08094763756, -11.3515014648],
        "cov": [[4986.01904297, -1161.63317871, -952.091003418, -65.5014953613, -92.1444168091, 290.943206787, 58.1123085022, 242.599227905, 152.566680908, 283.98425293, 317.816314697, 72.3871841431, -88.0285644531], [-1161.63317871, 959.80267334, -142.434814453, -122.459671021, 52.9727973938, -173.56741333, -58.7339515686, -101.09941864, -133.27545166, -146.323440552, -141.752990723, -23.0126953125, 6.11990833282], [-952.091003418, -142.434814453, 1040.13183594, 39.4647750854, -13.2460107803, 10.5492534637, 86.0931396484, 34.8354415894, -65.1741256714, 55.8431243896, -39.2594795227, -26.4602546692, 112.763191223], [-65.5014953613, -122.459671021, 39.4647750854, 253.987579346, 45.0703926086, 25.6975421906, -19.8235549927, -23.019651413, 104.098571777, 1.81698775291, 57.5580024719, 26.30768013, -9.17578697205], [-92.1444168091, 52.9727973938, -13.2460107803, 45.0703926086, 147.80696106, 8.39513778687, -46.3298454285, -15.335392952, 55.7358131409, -18.9807071686, 29.1718921661, 32.9521598816, -6.9145359993], [290.943206787, -173.56741333, 10.5492534637, 25.6975421906, 8.39513778687, 150.036453247, 72.3930969238, 63.3408622742, 43.1191062927, 50.3007125854, 42.1452674866, 4.4440202713, -18.9955978394], [58.1123085022, -58.7339515686, 86.0931396484, -19.8235549927, -46.3298454285, 72.3930969238, 181.465240479, 72.6778717041, -16.7770004272, 63.9786338806, -6.16970252991, -24.8427181244, 5.24253368378], [242.599227905, -101.09941864, 34.8354415894, -23.019651413, -15.335392952, 63.3408622742, 72.6778717041, 110.873718262, 11.2982378006, 65.5046844482, 29.0655384064, -11.604716301, -0.499609172344], [152.566680908, -133.27545166, -65.1741256714, 104.098571777, 55.7358131409, 43.1191062927, -16.7770004272, 11.2982378006, 156.133926392, 17.8343982697, 59.0207290649, 31.3621177673, -32.6760597229], [283.98425293, -146.323440552, 55.8431243896, 1.81698775291, -18.9807071686, 50.3007125854, 63.9786338806, 65.5046844482, 17.8343982697, 130.93762207, 57.1641769409, 0.405152618885, 2.86505913734], [317.816314697, -141.752990723, -39.2594795227, 57.5580024719, 29.1718921661, 42.1452674866, -6.16970252991, 29.0655384064, 59.0207290649, 57.1641769409, 123.218414307, 42.2245979309, -11.6087741852], [72.3871841431, -23.0126953125, -26.4602546692, 26.30768013, 32.9521598816, 4.4440202713, -24.8427181244, -11.604716301, 31.3621177673, 0.405152618885, 42.2245979309, 72.6410675049, 3.98883056641], [-88.0285644531, 6.11990833282, 112.763191223, -9.17578697205, -6.9145359993, -18.9955978394, 5.24253368378, -0.499609172344, -32.6760597229, 2.86505913734, -11.6087741852, 3.98883056641, 83.1761016846]],
        "icov": [[0.000535145169124, 0.000642713333946, 0.000620980164967, 0.000287175003905, -4.75892966278e-006, -0.000167790785781, 0.000167028003489, -0.000466083438369, 0.000354092451744, -0.000376245385269, -0.000371775560779, -0.000134064248414, -0.000236551379203], [0.000642713333946, 0.0026951378677, 0.00105262815487, 0.000557501916774, -0.00158596388064, 0.0015205956297, -0.000618330843281, -0.000428830768215, 0.00167491997126, 0.000376010604668, 0.000591574585997, -0.000333915784722, 0.000111794346594], [0.000620980164967, 0.00105262815487, 0.00204074406065, -0.000236354549997, -0.000587676011492, 8.99065253179e-006, -0.000221866197535, -0.000687868508976, 0.00113437604159, -0.000964952341747, 0.000399232987547, 1.65006542829e-006, -0.0017154107336], [0.000287175003905, 0.000557501916774, -0.000236354549997, 0.00662090303376, -0.000112424502731, -0.00037627844722, -0.000593099743128, 0.00262351962738, -0.00383729557507, 0.000827549956739, -0.00269860541448, 0.000955282419454, -0.00068685261067], [-4.75892966278e-006, -0.00158596388064, -0.000587676011492, -0.000112424502731, 0.0103665161878, -0.00232720770873, 0.00238809129223, -6.4120911702e-005, -0.00352766690776, 0.000944803527091, -0.00159375870135, -0.00195467704907, -0.000471733364975], [-0.000167790785781, 0.0015205956297, 8.99065253179e-006, -0.00037627844722, -0.00232720770873, 0.0128532685339, -0.00437150290236, -0.00353881227784, -0.000461659976281, 0.00102428393438, -0.000722747121472, -0.000518421118613, 0.00236039864831], [0.000167028003489, -0.000618330843281, -0.000221866197535, -0.000593099743128, 0.00238809129223, -0.00437150290236, 0.0105523923412, -0.00378975714557, 0.000691090710461, -0.00339068146423, 0.00255923415534, 0.000208280500374, -0.000294585712254], [-0.000466083438369, -0.000428830768215, -0.000687868508976, 0.00262351962738, -6.4120911702e-005, -0.00353881227784, -0.00378975714557, 0.0184007342905, -0.00220641354099, -0.00381051609293, -0.00250526121818, 0.00349966133945, -0.000956901989412], [0.000354092451744, 0.00167491997126, 0.00113437604159, -0.00383729557507, -0.00352766690776, -0.000461659976281, 0.000691090710461, -0.00220641354099, 0.0134822996333, -0.000637982913759, -0.000357952492777, -0.00229263561778, 0.00321333366446], [-0.000376245385269, 0.000376010604668, -0.000964952341747, 0.000827549956739, 0.000944803527091, 0.00102428393438, -0.00339068146423, -0.00381051609293, -0.000637982913759, 0.0155731765553, -0.00665274308994, 0.00165640166961, -0.000318088306813], [-0.000371775560779, 0.000591574585997, 0.000399232987547, -0.00269860541448, -0.00159375870135, -0.000722747121472, 0.00255923415534, -0.00250526121818, -0.000357952492777, -0.00665274308994, 0.0185102783144, -0.00771606620401, 0.00129217701033], [-0.000134064248414, -0.000333915784722, 1.65006542829e-006, 0.000955282419454, -0.00195467704907, -0.000518421118613, 0.000208280500374, 0.00349966133945, -0.00229263561778, 0.00165640166961, -0.00771606620401, 0.0206451173872, -0.0033118808642], [-0.000236551379203, 0.000111794346594, -0.0017154107336, -0.00068685261067, -0.000471733364975, 0.00236039864831, -0.000294585712254, -0.000956901989412, 0.00321333366446, -0.000318088306813, 0.00129217701033, -0.0033118808642, 0.0161391142756]]
    },
    "spectral_contrast_coeffs": {
        "mean": [-0.538012087345, -0.683014750481, -0.72133910656, -0.752167522907, -0.751972198486, -0.770963788033],
        "var": [0.00572092365474, 0.00564069161192, 0.00404844339937, 0.00185357837472, 0.0016794425901, 0.00185058929492]
    },
    "spectral_contrast_valleys": {
        "mean": [-7.30268859863, -6.56119298935, -7.50432682037, -7.69312143326, -8.25295639038, -11.3952102661],
        "var": [0.64884018898, 0.714809596539, 0.726175069809, 0.946268975735, 1.03732466698, 1.20356583595]
    }
},
"metadata": {
    "audio_properties": {
        "analysis_sample_rate": 44100,
        "bit_rate": 128074,
        "equal_loudness": 0,
        "length": 45.0612258911,
        "lossless": 0,
        "replay_gain": -5.1035194397,
        "sample_rate": 44100,
        "codec": "mp3",
        "downmix": "mix",
        "md5_encoded": "7b5bde4649875446d354a8c0b9dd24eb"
    },
    "tags": {
        "file_name": "1927.mp3"
    },
    "version": {
        "essentia": "2.1-beta2",
        "essentia_git_sha": "v2.1_beta2",
        "extractor": "music 1.0"
    }
},
"rhythm": {
    "beats_count": 90,
    "beats_loudness": {
        "mean": 0.0507863461971,
        "var": 0.00142798875459
    },
    "bpm": 120.879562378,
    "bpm_histogram_first_peak_bpm": {
        "mean": 120,
        "var": 0
    },
    "bpm_histogram_first_peak_spread": {
        "mean": 0.46250000596,
        "var": 0
    },
    "bpm_histogram_first_peak_weight": {
        "mean": 0.483146071434,
        "var": 0
    },
    "bpm_histogram_second_peak_bpm": {
        "mean": 126,
        "var": 0
    },
    "bpm_histogram_second_peak_spread": {
        "mean": 0,
        "var": 0
    },
    "bpm_histogram_second_peak_weight": {
        "mean": 0.101123593748,
        "var": 0
    },
    "danceability": 1.05109274387,
    "onset_rate": 3.26075792313,
    "beats_loudness_band_ratio": {
        "mean": [0.36681997776, 0.368006855249, 0.149603426456, 0.098134920001, 0.064036898315, 0.0103002069518],
        "var": [0.0588490366936, 0.0600781328976, 0.0098204119131, 0.00975971855223, 0.00361411483027, 0.000201446193387]
    },
    "beats_position": [0.452789098024, 0.9287981987, 1.4164172411, 1.89242625237, 2.36843538284, 2.85605430603, 3.34367346764, 3.83129239082, 4.3073015213, 4.80653047562, 5.2941493988, 5.7701587677, 6.25777769089, 6.74539661407, 7.23301553726, 7.73224496841, 8.23147392273, 8.73070240021, 9.21832180023, 9.70594120026, 10.1935596466, 10.6811790466, 11.1687984467, 11.656416893, 12.144036293, 12.6316547394, 13.1192741394, 13.6185035706, 14.117732048, 14.6053514481, 15.0929698944, 15.5689792633, 16.0449886322, 16.5326080322, 17.0086174011, 17.4846248627, 17.9722442627, 18.4714736938, 18.970703125, 19.458322525, 19.9459400177, 20.4451694489, 20.94439888, 21.4436283112, 21.942855835, 22.430475235, 22.9297046661, 23.4405441284, 23.9397735596, 24.4273910522, 24.9266204834, 25.4258499146, 25.9134693146, 26.4126987457, 26.9119262695, 27.4111557007, 27.9103851318, 28.409614563, 28.9088420868, 29.4080715179, 29.9073009491, 30.4065303802, 30.9057598114, 31.4049873352, 31.9042167664, 32.391834259, 32.8910636902, 33.3902931213, 33.901134491, 34.3887519836, 34.8879814148, 35.3872108459, 35.8980484009, 36.397277832, 36.8965072632, 37.3957366943, 37.8949661255, 38.3941955566, 38.8934249878, 39.4042625427, 39.9034919739, 40.402721405, 40.91355896, 41.4127883911, 41.9120178223, 42.4228553772, 42.9220848083, 43.432926178, 43.9437637329, 44.4546012878]
},
"tonal": {
    "chords_changes_rate": 0.0298353917897,
    "chords_number_rate": 0.00823045242578,
    "chords_strength": {
        "mean": 0.513771593571,
        "var": 0.00947598088533
    },
    "hpcp_entropy": {
        "mean": 1.69119608402,
        "var": 0.452340215445
    },
    "key_strength": 0.769832849503,
    "tuning_diatonic_strength": 0.596005737782,
    "tuning_equal_tempered_deviation": 0.0131429880857,
    "tuning_frequency": 439.238189697,
    "tuning_nontempered_energy_ratio": 0.614934504032,
    "hpcp": {
        "mean": [0.400778502226, 0.228093877435, 0.0521537102759, 0.0352880433202, 0.0290581546724, 0.0496644899249, 0.0701359584928, 0.0560022033751, 0.121572189033, 0.155451282859, 0.0723360255361, 0.044726960361, 0.0651312619448, 0.0859247297049, 0.300057053566, 0.574677169323, 0.380073696375, 0.0714251622558, 0.0317445322871, 0.0369231775403, 0.0881306901574, 0.138597637415, 0.0875849872828, 0.0279220212251, 0.023814490065, 0.0375140570104, 0.115269631147, 0.171004772186, 0.111712984741, 0.12789028883, 0.186807543039, 0.11615036428, 0.0431017465889, 0.0282172542065, 0.0417561158538, 0.235746353865],
        "var": [0.146298035979, 0.0526758395135, 0.0103049129248, 0.0111722806469, 0.00609769998118, 0.0102489199489, 0.0182413812727, 0.00950496084988, 0.0601888000965, 0.0973556563258, 0.0238865725696, 0.0135025931522, 0.0226530134678, 0.0360351875424, 0.0583611316979, 0.134987056255, 0.0788015350699, 0.0190651081502, 0.00967605598271, 0.010840261355, 0.0383437462151, 0.0642689019442, 0.0322100780904, 0.00781764928252, 0.00664197281003, 0.00889759883285, 0.029951704666, 0.0629388019443, 0.0339629203081, 0.040018312633, 0.0868680849671, 0.0345858260989, 0.0111904228106, 0.0102797020227, 0.0103412717581, 0.0754575878382]
    },
    "chords_histogram": [50.7201652527, 0, 0, 0, 0, 0, 0, 0, 0, 0, 0, 0.308641970158, 0, 0, 0, 1.54320991039, 1.64609050751, 2.46913576126, 1.54320991039, 0, 3.08641982079, 0.925925910473, 32.6131706238, 5.14403295517],
    "thpcp": [1, 0.661369025707, 0.124287456274, 0.0552388951182, 0.0642502978444, 0.153356865048, 0.241174772382, 0.152407288551, 0.0485873147845, 0.0414397716522, 0.0652784854174, 0.200581535697, 0.2975666821, 0.194392591715, 0.222542837262, 0.32506519556, 0.202114105225, 0.0750016719103, 0.0491010546684, 0.072660125792, 0.410223990679, 0.697397649288, 0.396907836199, 0.090753056109, 0.0614049844444, 0.0505643114448, 0.0864215493202, 0.122044101357, 0.0974498465657, 0.211548671126, 0.270501941442, 0.125872448087, 0.0778297185898, 0.113335393369, 0.149518251419, 0.522131502628],
    "chords_key": "D",
    "chords_scale": "major",
    "key_key": "D",
    "key_scale": "major"
}
}