{
"lowlevel": {
    "average_loudness": 0.969123780727,
    "barkbands_crest": {
        "mean": 9.22700119019,
        "var": 8.89054775238
    },
    "barkbands_flatness_db": {
        "mean": 0.136228695512,
        "var": 0.00114011811092
    },
    "barkbands_kurtosis": {
        "mean": 3.48715138435,
        "var": 16.9225673676
    },
    "barkbands_skewness": {
        "mean": 1.81377458572,
        "var": 0.623478651047
    },
    "barkbands_spread": {
        "mean": 24.0821151733,
        "var": 115.748771667
    },
    "dissonance": {
        "mean": 0.475763291121,
        "var": 0.000269547424978
    },
    "dynamic_complexity": 1.92231404781,
    "erbbands_crest": {
        "mean": 7.03646802902,
        "var": 10.7036819458
    },
    "erbbands_flatness_db": {
        "mean": 0.146395608783,
        "var": 0.000735504145268
    },
    "erbbands_kurtosis": {
        "mean": -0.733758091927,
        "var": 0.971740007401
    },
    "erbbands_skewness": {
        "mean": -0.0253989938647,
        "var": 0.379434049129
    },
    "erbbands_spread": {
        "mean": 54.3882408142,
        "var": 204.681335449
    },
    "hfc": {
        "mean": 14.8640317917,
        "var": 89.652305603
    },
    "melbands_crest": {
        "mean": 14.0391664505,
        "var": 16.4670810699
    },
    "melbands_flatness_db": {
        "mean": 0.18984760344,
        "var": 0.00196201563813
    },
    "melbands_kurtosis": {
        "mean": 16.2684497833,
        "var": 132.794326782
    },
    "melbands_skewness": {
        "mean": 3.41531252861,
        "var": 1.43912696838
    },
    "melbands_spread": {
        "mean": 20.4418182373,
        "var": 132.579284668
    },
    "pitch_salience": {
        "mean": 0.613456726074,
        "var": 0.00729168951511
    },
    "silence_rate_20dB": {
        "mean": 1,
        "var": 0
    },
    "silence_rate_30dB": {
        "mean": 0.99330586195,
        "var": 0.00664932467043
    },
    "silence_rate_60dB": {
        "mean": 0.00205973233096,
        "var": 0.00205553835258
    },
    "spectral_centroid": {
        "mean": 1467.6373291,
        "var": 252248.453125
    },
    "spectral_complexity": {
        "mean": 19.8954677582,
        "var": 35.6188621521
    },
    "spectral_decrease": {
        "mean": -6.49763309823e-009,
        "var": 3.32541694021e-017
    },
    "spectral_energy": {
        "mean": 0.0258718002588,
        "var": 0.000504280324094
    },
    "spectral_energyband_high": {
        "mean": 0.000524173548911,
        "var": 1.38563777341e-007
    },
    "spectral_energyband_low": {
        "mean": 0.00864501390606,
        "var": 8.93552714842e-005
    },
    "spectral_energyband_middle_high": {
        "mean": 0.00309520121664,
        "var": 1.2110975149e-005
    },
    "spectral_energyband_middle_low": {
        "mean": 0.0150559339672,
        "var": 0.000287708622636
    },
    "spectral_entropy": {
        "mean": 7.62210845947,
        "var": 0.045711454004
    },
    "spectral_flux": {
        "mean": 0.0900820046663,
        "var": 0.00274004926905
    },
    "spectral_kurtosis": {
        "mean": 2.96394133568,
        "var": 1.68879640102
    },
    "spectral_rms": {
        "mean": 0.00471478607506,
        "var": 3.01154273075e-006
    },
    "spectral_rolloff": {
        "mean": 1277.83203125,
        "var": 1173117.5
    },
    "spectral_skewness": {
        "mean": 1.1490585804,
        "var": 0.0522087179124
    },
    "spectral_spread": {
        "mean": 4126649.5,
        "var": 1.65250859008e+012
    },
    "spectral_strongpeak": {
        "mean": 0.59944576025,
        "var": 0.466110289097
    },
    "zerocrossingrate": {
        "mean": 0.0572875589132,
        "var": 0.000517456850503
    },
    "barkbands": {
        "mean": [0.00032219212153, 0.00321743357927, 0.00377352465875, 0.00302719976753, 0.00550928479061, 0.00326117035002, 0.00128872855566, 0.000705356476828, 0.00102549919393, 0.000586840091273, 0.000184934178833, 0.00021241127979, 0.000205328833545, 0.000222010989091, 0.000283370667603, 0.000237612286583, 0.000283520057565, 0.000371153408196, 0.000516429019626, 0.000236081003095, 0.000154941953951, 5.33474594704e-005, 0.000102420155599, 6.61227677483e-005, 1.9160888769e-005, 5.67809911445e-006, 7.39333927413e-008],
        "var": [5.30123031695e-007, 1.93026062334e-005, 2.04780881177e-005, 2.33394057432e-005, 2.65255548584e-005, 6.77803327562e-005, 8.01003534434e-006, 2.91472861136e-006, 1.16125138447e-005, 8.30445787869e-006, 2.36960033817e-007, 4.95793187838e-007, 2.49552641662e-007, 2.18488168002e-007, 9.31483441491e-008, 3.16722896798e-008, 3.25686215774e-008, 7.75540272002e-008, 1.40438956464e-007, 2.15401527726e-008, 1.54339634406e-008, 1.93275373483e-009, 1.0371409509e-008, 4.90574825207e-009, 5.3358983898e-010, 8.8876968285e-011, 7.35756805958e-014]
    },
    "erbbands": {
        "mean": [0.0781228989363, 0.810454785824, 4.07417154312, 7.38542318344, 16.1323795319, 17.7902584076, 18.9127559662, 28.88945961, 20.1251525879, 17.7549743652, 16.0964031219, 24.074174881, 23.0045127869, 11.7767848969, 8.32963180542, 9.06277751923, 9.80760097504, 10.1367359161, 17.1100139618, 12.0318098068, 13.4012174606, 16.6910133362, 19.9372634888, 25.4124183655, 20.4127807617, 11.6708250046, 8.56181335449, 4.96689748764, 2.03289175034, 2.2680118084, 2.83211302757, 1.88952505589, 0.825310647488, 0.322310715914, 0.0842367485166, 0.0338275656104, 0.00862835533917, 0.00067220244091, 3.04070854327e-005, 3.12603915518e-005],
        "var": [0.0209290850908, 0.941869020462, 20.2302055359, 111.387191772, 267.756835938, 311.74432373, 1982.48828125, 5360.11523438, 3171.30224609, 1192.63720703, 1832.9473877, 6737.90722656, 10628.6455078, 1336.09130859, 556.733520508, 887.839660645, 485.055541992, 458.942901611, 509.363952637, 94.6968841553, 85.615486145, 111.359657288, 164.342269897, 248.439437866, 278.701049805, 52.0309371948, 38.6342849731, 19.3135967255, 2.82690548897, 4.2351937294, 8.92957782745, 3.91962623596, 0.888805508614, 0.144660800695, 0.0113768009469, 0.00274657062255, 0.000226531279623, 2.47702928391e-006, 1.50066647997e-009, 6.43389119759e-010]
    },
    "gfcc": {
        "mean": [3.57678580284, 105.079185486, -124.396369934, 63.9099655151, -61.5606384277, 3.19737505913, -45.8667488098, 7.80861091614, -24.3877086639, -7.35020160675, -12.24725914, -10.8621282578, -9.82262420654],
        "cov": [[2132.63208008, -259.086914063, 177.932830811, -128.746032715, -154.453857422, 156.209671021, -87.4885635376, 88.1756286621, -89.2379608154, 115.745796204, -36.718296051, 114.980476379, -94.6596603394], [-259.086914063, 703.271179199, -132.787155151, -38.374370575, 96.6718139648, -126.113899231, 170.062667847, -100.890716553, 121.259796143, -79.1566848755, 96.6513519287, -104.524108887, 65.691619873], [177.932830811, -132.787155151, 282.489105225, 43.8701324463, 35.3640289307, 47.2712554932, -45.765335083, 33.8807678223, -30.9769668579, 61.8154716492, -6.77518749237, 61.4388389587, -16.6582565308], [-128.746032715, -38.374370575, 43.8701324463, 198.097640991, 70.265838623, -6.25552654266, -34.6376571655, -4.81212282181, 15.6069059372, -2.7713394165, 11.8181838989, -16.8082046509, 19.567024231], [-154.453857422, 96.6718139648, 35.3640289307, 70.265838623, 135.381637573, 11.0307922363, 34.6874084473, -8.10726928711, 15.7981290817, -9.236079216, 6.96698951721, -16.1466407776, 18.1585102081], [156.209671021, -126.113899231, 47.2712554932, -6.25552654266, 11.0307922363, 118.858955383, 24.4087810516, 40.9076881409, -23.0866241455, 21.5686073303, -17.4112606049, 25.7105331421, -17.7203445435], [-87.4885635376, 170.062667847, -45.765335083, -34.6376571655, 34.6874084473, 24.4087810516, 132.442306519, 11.8156824112, 29.6354427338, -26.4406890869, 14.0655412674, -26.0784111023, 8.15337276459], [88.1756286621, -100.890716553, 33.8807678223, -4.81212282181, -8.10726928711, 40.9076881409, 11.8156824112, 77.0206222534, 2.15930652618, 25.2877998352, -17.0971660614, 18.715965271, -15.2749223709], [-89.2379608154, 121.259796143, -30.9769668579, 15.6069059372, 15.7981290817, -23.0866241455, 29.6354427338, 2.15930652618, 86.8924179077, 16.9521789551, 31.7650794983, -25.115442276, 7.6981048584], [115.745796204, -79.1566848755, 61.8154716492, -2.7713394165, -9.236079216, 21.5686073303, -26.4406890869, 25.2877998352, 16.9521789551, 81.8850402832, 19.618314743, 31.2944450378, -13.0673694611], [-36.718296051, 96.6513519287, -6.77518749237, 11.8181838989, 6.96698951721, -17.4112606049, 14.0655412674, -17.0971660614, 31.7650794983, 19.618314743, 68.1543731689, 9.50870704651, 12.8597593307], [114.980476379, -104.524108887, 61.4388389587, -16.8082046509, -16.1466407776, 25.7105331421, -26.0784111023, 18.715965271, -25.115442276, 31.2944450378, 9.50870704651, 76.8598632813, 4.30036687851], [-94.6596603394, 65.691619873, -16.6582565308, 19.567024231, 18.1585102081, -17.7203445435, 8.15337276459, -15.2749223709, 7.6981048584, -13.0673694611, 12.8597593307, 4.30036687851, 49.0663757324]],
        "icov": [[0.000862527696881, -0.00167179456912, 0.00012856425019, -0.000584115856327, 0.00143838266376, -0.0018764694687, 0.00160539383069, -0.00101820193231, 0.00127722776961, -0.00127240340225, 0.00140044197906, -0.0013992539607, 0.00160143058747], [-0.00167179456912, 0.0134429521859, -0.00265531847253, 0.00637265527621, -0.00716874189675, 0.00992833636701, -0.0111027425155, 0.00781746208668, -0.00865302421153, 0.00765786599368, -0.0117383347824, 0.00978480651975, -0.0085327392444], [0.00012856425019, -0.00265531847253, 0.00658975914121, -0.00260087708011, -0.000963010825217, -0.00168556929566, 0.00237022060901, -0.00184792187065, 0.00336069404148, -0.00503784744069, 0.00364704872482, -0.00552250817418, 0.00351522630081], [-0.000584115856327, 0.00637265527621, -0.00260087708011, 0.0118955960497, -0.00751924561337, 0.00289380317554, 0.000682010722812, 0.000834573816974, -0.00533638382331, 0.00655865529552, -0.00940336007625, 0.00884408503771, -0.00703798327595], [0.00143838266376, -0.00716874189675, -0.000963010825217, -0.00751924561337, 0.0164621863514, -0.0068647172302, 0.00130861171056, -0.00125936942641, 0.00392372487113, -0.00474322447553, 0.00780813302845, -0.00415133638307, 0.00230187783018], [-0.0018764694687, 0.00992833636701, -0.00168556929566, 0.00289380317554, -0.0068647172302, 0.022217636928, -0.0141861662269, 0.00273585575633, -0.00211131037213, 0.00138991046697, -0.00507817789912, 0.00348348729312, -0.00313828908838], [0.00160539383069, -0.0111027425155, 0.00237022060901, 0.000682010722812, 0.00130861171056, -0.0141861662269, 0.025927985087, -0.0123984729871, 0.00299155968241, 0.00195420114323, 0.00209128344432, -0.00273579009809, 0.00446146633476], [-0.00101820193231, 0.00781746208668, -0.00184792187065, 0.000834573816974, -0.00125936942641, 0.00273585575633, -0.0123984729871, 0.0270738620311, -0.00936883315444, -0.00149113836233, 0.00336754438467, -0.000970441731624, -0.00117278145626], [0.00127722776961, -0.00865302421153, 0.00336069404148, -0.00533638382331, 0.00392372487113, -0.00211131037213, 0.00299155968241, -0.00936883315444, 0.0277988668531, -0.0141088617966, 0.000537657528184, 0.00187452521641, 0.00326562370174], [-0.00127240340225, 0.00765786599368, -0.00503784744069, 0.00655865529552, -0.00474322447553, 0.00138991046697, 0.00195420114323, -0.00149113836233, -0.0141088617966, 0.0313847102225, -0.0156509242952, 0.00195042113774, -0.00106187013444], [0.00140044197906, -0.0117383347824, 0.00364704872482, -0.00940336007625, 0.00780813302845, -0.00507817789912, 0.00209128344432, 0.00336754438467, 0.000537657528184, -0.0156509242952, 0.0379123389721, -0.0183240864426, 0.00679983012378], [-0.0013992539607, 0.00978480651975, -0.00552250817418, 0.00884408503771, -0.00415133638307, 0.00348348729312, -0.00273579009809, -0.000970441731624, 0.00187452521641, 0.00195042113774, -0.0183240864426, 0.0350270196795, -0.016296627], [0.00160143058747, -0.0085327392444, 0.00351522630081, -0.00703798327595, 0.00230187783018, -0.00313828908838, 0.00446146633476, -0.00117278145626, 0.00326562370174, -0.00106187013444, 0.00679983012378, -0.016296627, 0.0346533097327]]
    },
    "melbands": {
        "mean": [0.000797466898803, 0.00177058181725, 0.00153579411563, 0.00134903541766, 0.000649708788842, 0.000634168216493, 0.000298930419376, 0.000180012561032, 0.000129043692141, 0.00015666600666, 0.000113922775199, 4.96688080602e-005, 2.64560858341e-005, 2.34429899137e-005, 2.22177422984e-005, 2.14352239709e-005, 1.78718764801e-005, 2.8269176255e-005, 1.66736863321e-005, 1.67451871675e-005, 1.50463692989e-005, 1.76406847459e-005, 1.47247938003e-005, 2.10381003853e-005, 2.05624382943e-005, 1.8708382413e-005, 9.24508185562e-006, 7.19414902051e-006, 6.51149684927e-006, 3.08692938233e-006, 2.66980941888e-006, 1.23250504203e-006, 7.03571970462e-007, 1.60233162205e-006, 1.80460028787e-006, 1.34108699967e-006, 1.06762411178e-006, 6.05562661349e-007, 3.81559459584e-007, 2.34956345935e-007],
        "var": [1.54684050813e-006, 3.57891462954e-006, 3.60642025043e-006, 1.41770385653e-006, 1.7413282194e-006, 2.64257027993e-006, 6.12623466623e-007, 1.21058562286e-007, 1.32795364038e-007, 3.10129621539e-007, 2.74860809668e-007, 2.93995032763e-008, 4.96292429375e-009, 4.97029084556e-009, 5.53910872725e-009, 2.63920330035e-009, 1.67107983007e-009, 1.82010551075e-009, 3.38022027035e-010, 1.76820363906e-010, 1.26180343951e-010, 1.56771345905e-010, 8.85713516419e-011, 3.13718689915e-010, 1.88168369775e-010, 3.22114196427e-010, 4.40102364274e-011, 2.06048633017e-011, 2.6507226969e-011, 6.5990901979e-012, 6.15095648027e-012, 1.12469452154e-012, 5.58011807334e-013, 2.31097432857e-012, 3.73115817756e-012, 2.37813631634e-012, 1.26087063967e-012, 4.69151193588e-013, 2.65337854769e-013, 7.77732099642e-014]
    },
    "mfcc": {
        "mean": [-627.403442383, 113.589538574, 1.66137444973, 48.0820045471, 10.4856281281, -2.84442782402, -3.46889281273, 2.18922185898, -8.48679924011, 7.00198984146, -7.55941963196, -2.72677516937, -8.4761505127],
        "cov": [[1321.78161621, -120.306137085, 171.987487793, -198.147293091, -52.4495773315, -0.989613294601, 4.95950603485, 3.83829593658, -35.7496795654, 1.19488942623, 29.0954608917, 57.0356178284, 17.1961555481], [-120.306137085, 608.975524902, -127.265213013, 44.0287666321, -84.4326553345, 18.8154220581, 10.2710447311, 6.97953414917, 15.6606998444, -3.25132513046, 51.2996673584, 0.29377758503, 11.6511678696], [171.987487793, -127.265213013, 198.998535156, -3.6997821331, 48.4217414856, 6.29052639008, 6.06910419464, -11.3557291031, -13.4652786255, -1.77012765408, -2.68761205673, 21.5296859741, 16.4494476318], [-198.147293091, 44.0287666321, -3.6997821331, 176.73374939, 76.8847808838, 13.7817897797, -7.4279718399, -13.150434494, 5.61679363251, 13.1165552139, -10.1977071762, -10.5520982742, 5.9547123909], [-52.4495773315, -84.4326553345, 48.4217414856, 76.8847808838, 126.869407654, 28.4502410889, 5.11169481277, -10.8294763565, 3.50888991356, 10.4543628693, -15.0688915253, -4.69176864624, 7.22920656204], [-0.989613294601, 18.8154220581, 6.29052639008, 13.7817897797, 28.4502410889, 72.3015670776, 32.6006126404, 13.517285347, 6.32911634445, 10.4614124298, 5.01608991623, -0.62609899044, 3.65100288391], [4.95950603485, 10.2710447311, 6.06910419464, -7.4279718399, 5.11169481277, 32.6006126404, 83.0476226807, 37.2411460876, 17.1411590576, -0.476767748594, 0.766254723072, -3.12556767464, -0.92189180851], [3.83829593658, 6.97953414917, -11.3557291031, -13.150434494, -10.8294763565, 13.517285347, 37.2411460876, 67.8681335449, 25.8920936584, 3.82797908783, 3.80525255203, -1.85459589958, -5.02216815948], [-35.7496795654, 15.6606998444, -13.4652786255, 5.61679363251, 3.50888991356, 6.32911634445, 17.1411590576, 25.8920936584, 59.8836097717, 21.3659553528, 6.32500696182, -3.26037788391, -1.42080199718], [1.19488942623, -3.25132513046, -1.77012765408, 13.1165552139, 10.4543628693, 10.4614124298, -0.476767748594, 3.82797908783, 21.3659553528, 62.9233131409, 21.3553562164, 4.94304990768, 1.30423331261], [29.0954608917, 51.2996673584, -2.68761205673, -10.1977071762, -15.0688915253, 5.01608991623, 0.766254723072, 3.80525255203, 6.32500696182, 21.3553562164, 56.7444839478, 26.0250473022, 8.96171188354], [57.0356178284, 0.29377758503, 21.5296859741, -10.5520982742, -4.69176864624, -0.62609899044, -3.12556767464, -1.85459589958, -3.26037788391, 4.94304990768, 26.0250473022, 55.701499939, 26.1488513947], [17.1961555481, 11.6511678696, 16.4494476318, 5.9547123909, 7.22920656204, 3.65100288391, -0.92189180851, -5.02216815948, -1.42080199718, 1.30423331261, 8.96171188354, 26.1488513947, 55.5814666748]],
        "icov": [[0.00107978179585, -6.78444121149e-005, -0.000892318668775, 0.00117608741857, 4.07487350458e-005, -0.000146899663378, 0.000128220854094, -0.000201301110792, 0.000533662852831, -0.000417654198827, 3.56991695298e-005, -0.000514886516612, 6.64422695991e-005], [-6.78444121149e-005, 0.00262041250244, 0.00110593053978, -0.00175100076012, 0.00239376397803, -0.00127664580941, -0.000303669046843, 0.000681281613652, -0.000707547180355, 0.0013809450902, -0.00264029321261, 0.000996932853013, -0.000932780676521], [-0.000892318668775, 0.00110593053978, 0.00747091323137, -0.000237744010519, -0.0023962862324, 0.000331990682753, -0.00128865614533, 0.00104235694744, 0.000585948873777, 0.000674491981044, -0.000347910332493, -0.00168711738661, -0.000929675239604], [0.00117608741857, -0.00175100076012, -0.000237744010519, 0.0106282308698, -0.00686593307182, 0.000857766252011, 0.00100548251066, 4.40516632807e-005, 0.0006876962143, -0.00215485598892, 0.00176074949559, 9.15251894185e-006, -0.000427834980655], [4.07487350458e-005, 0.00239376397803, -0.0023962862324, -0.00686593307182, 0.0164084397256, -0.00574340764433, -0.000217103617615, 0.00249575427733, -0.0018884135643, -0.000274567515589, 0.00128442270216, 0.000865098380018, -0.00126053520944], [-0.000146899663378, -0.00127664580941, 0.000331990682753, 0.000857766252011, -0.00574340764433, 0.020068038255, -0.00719178235158, -0.00128357275389, 0.002292198129, -0.00305968429893, -0.00103450927418, 0.000715209636837, -0.00072283949703], [0.000128220854094, -0.000303669046843, -0.00128865614533, 0.00100548251066, -0.000217103617615, -0.00719178235158, 0.019414819777, -0.00859724730253, -0.0020536610391, 0.00218856940046, 0.00022513368458, 0.000959844328463, -0.000248228345299], [-0.000201301110792, 0.000681281613652, 0.00104235694744, 4.40516632807e-005, 0.00249575427733, -0.00128357275389, -0.00859724730253, 0.0233972035348, -0.00816246960312, 0.00138938985765, -0.000660477438942, -0.000714513997082, 0.00153885316104], [0.000533662852831, -0.000707547180355, 0.000585948873777, 0.0006876962143, -0.0018884135643, 0.002292198129, -0.0020536610391, -0.00816246960312, 0.0241772048175, -0.00816386565566, 0.000348870991729, 0.00116184307262, -0.000733682420105], [-0.000417654198827, 0.0013809450902, 0.000674491981044, -0.00215485598892, -0.000274567515589, -0.00305968429893, 0.00218856940046, 0.00138938985765, -0.00816386565566, 0.0229151193053, -0.00992759969085, 0.00187700940296, 0.000240743829636], [3.56991695298e-005, -0.00264029321261, -0.000347910332493, 0.00176074949559, 0.00128442270216, -0.00103450927418, 0.00022513368458, -0.000660477438942, 0.000348870991729, -0.00992759969085, 0.0304519366473, -0.0137895746157, 0.00212107691914], [-0.000514886516612, 0.000996932853013, -0.00168711738661, 9.15251894185e-006, 0.000865098380018, 0.000715209636837, 0.000959844328463, -0.000714513997082, 0.00116184307262, 0.00187700940296, -0.0137895746157, 0.031359963119, -0.0123040750623], [6.64422695991e-005, -0.000932780676521, -0.000929675239604, -0.000427834980655, -0.00126053520944, -0.00072283949703, -0.000248228345299, 0.00153885316104, -0.000733682420105, 0.000240743829636, 0.00212107691914, -0.0123040750623, 0.0242560990155]]
    },
    "spectral_contrast_coeffs": {
        "mean": [-0.604003489017, -0.739897787571, -0.783554494381, -0.794162631035, -0.776224136353, -0.749221920967],
        "var": [0.00463310396299, 0.00447687972337, 0.00377880851738, 0.00148469710257, 0.000837214756757, 0.000608737464063]
    },
    "spectral_contrast_valleys": {
        "mean": [-6.98399591446, -6.53789806366, -7.46953296661, -7.59044933319, -7.11306715012, -10.1496105194],
        "var": [0.574902415276, 0.531186878681, 0.430442750454, 0.344017118216, 0.319193601608, 0.586093246937]
    }
},
"metadata": {
    "audio_properties": {
        "analysis_sample_rate": 44100,
        "bit_rate": 128074,
        "equal_loudness": 0,
        "length": 45.0612258911,
        "lossless": 0,
        "replay_gain": -5.089427948,
        "sample_rate": 44100,
        "codec": "mp3",
        "downmix": "mix",
        "md5_encoded": "daa777b29f7eaa312a42ca3873c75eff"
    },
    "tags": {
        "file_name": "1928.mp3"
    },
    "version": {
        "essentia": "2.1-beta2",
        "essentia_git_sha": "v2.1_beta2",
        "extractor": "music 1.0"
    }
},
"rhythm": {
    "beats_count": 67,
    "beats_loudness": {
        "mean": 0.0516846589744,
        "var": 0.000576930935495
    },
    "bpm": 89.8211212158,
    "bpm_histogram_first_peak_bpm": {
        "mean": 89,
        "var": 0
    },
    "bpm_histogram_first_peak_spread": {
        "mean": 0.621212124825,
        "var": 0
    },
    "bpm_histogram_first_peak_weight": {
        "mean": 0.378787875175,
        "var": 0
    },
    "bpm_histogram_second_peak_bpm": {
        "mean": 0,
        "var": 0
    },
    "bpm_histogram_second_peak_spread": {
        "mean": 0,
        "var": 0
    },
    "bpm_histogram_second_peak_weight": {
        "mean": 0,
        "var": 0
    },
    "danceability": 1.53849387169,
    "onset_rate": 3.23857593536,
    "beats_loudness_band_ratio": {
        "mean": [0.54539501667, 0.286385983229, 0.123951725662, 0.0340471528471, 0.0382570885122, 0.0325151346624],
        "var": [0.0235557891428, 0.0139368064702, 0.00492672994733, 0.00119344342966, 0.000344011670677, 0.000509029487148]
    },
    "beats_position": [0.696598649025, 1.40480720997, 2.06657600403, 2.73995471001, 3.41333317757, 4.08671188354, 4.73687076569, 5.38702917099, 6.03718805313, 6.6989569664, 7.36072540283, 8.0224943161, 8.68426322937, 9.34603118896, 10.0194101334, 10.6811790466, 11.354557991, 12.0163259506, 12.6780948639, 13.3398637772, 14.0016326904, 14.66340065, 15.3251695633, 15.9753284454, 16.6487064362, 17.3336963654, 18.0186843872, 18.7152824402, 19.4118824005, 20.1084804535, 20.8050785065, 21.5016784668, 22.1866664886, 22.8716545105, 23.5682544708, 24.2648525238, 24.9730606079, 25.6464385986, 26.3198184967, 27.0048065186, 27.6781845093, 28.3283443451, 29.0017223358, 29.6518821716, 30.3252601624, 30.9986381531, 31.66040802, 32.322177887, 32.9955558777, 33.6689338684, 34.3190917969, 34.9692497253, 35.6426315308, 36.3160095215, 36.96616745, 37.6163253784, 38.2897033691, 38.9630813599, 39.613243103, 40.2634010315, 40.9367790222, 41.5985488892, 42.2487068176, 42.9104766846, 43.560634613, 44.2340126038, 44.8841705322]
},
"tonal": {
    "chords_changes_rate": 0.0771604925394,
    "chords_number_rate": 0.0133744860068,
    "chords_strength": {
        "mean": 0.53090429306,
        "var": 0.0119927925989
    },
    "hpcp_entropy": {
        "mean": 2.55273628235,
        "var": 0.557947933674
    },
    "key_strength": 0.699860930443,
    "tuning_diatonic_strength": 0.511836588383,
    "tuning_equal_tempered_deviation": 0.124413512647,
    "tuning_frequency": 440,
    "tuning_nontempered_energy_ratio": 0.808524549007,
    "hpcp": {
        "mean": [0.400589823723, 0.287030279636, 0.131246522069, 0.110235460103, 0.105846077204, 0.101471014321, 0.115398839116, 0.103449039161, 0.0825917720795, 0.0825580582023, 0.0866036489606, 0.0916112810373, 0.0991071388125, 0.102849051356, 0.119866676629, 0.150478333235, 0.142802372575, 0.104107171297, 0.0796018615365, 0.089073330164, 0.14869479835, 0.215641304851, 0.218941792846, 0.25779941678, 0.276117563248, 0.164810344577, 0.0896428599954, 0.096791446209, 0.106600187719, 0.171375438571, 0.242195501924, 0.200225502253, 0.140254721045, 0.115987874568, 0.132729381323, 0.273337543011],
        "var": [0.159645617008, 0.0959662869573, 0.0353954620659, 0.0453487411141, 0.0399412959814, 0.0304479338229, 0.0324961729348, 0.0266549196094, 0.0182634051889, 0.0176588203758, 0.0214603524655, 0.0227566342801, 0.0292312521487, 0.0352541916072, 0.0324169918895, 0.0434518978, 0.0454564392567, 0.0357324406505, 0.0238705221564, 0.0287177469581, 0.0504568070173, 0.0891696587205, 0.0746835917234, 0.0812840610743, 0.101364903152, 0.0523452013731, 0.0302964206785, 0.0293936897069, 0.0307423267514, 0.0713263079524, 0.121815189719, 0.0731470286846, 0.0472921356559, 0.0370302535594, 0.0411847196519, 0.0893955305219]
    },
    "chords_histogram": [26.3374481201, 15.5349798203, 6.37860059738, 7.51028823853, 0.925925910473, 5.45267486572, 1.64609050751, 5.04115247726, 1.23456788063, 11.9341564178, 3.18930029869, 8.33333301544, 0, 0, 0, 0, 0, 0, 0, 0, 1.54320991039, 0, 0.823045253754, 4.11522626877],
    "thpcp": [1, 0.71651917696, 0.327633202076, 0.275182873011, 0.264225572348, 0.253304034472, 0.288072317839, 0.258241802454, 0.206175416708, 0.20609125495, 0.216190338135, 0.228690981865, 0.247403040528, 0.25674405694, 0.299225479364, 0.375641912222, 0.356480270624, 0.25988471508, 0.198711648583, 0.22235545516, 0.371189653873, 0.538309514523, 0.546548545361, 0.643549561501, 0.689277529716, 0.411419212818, 0.22377717495, 0.241622328758, 0.266108065844, 0.42780777812, 0.604597210884, 0.499826729298, 0.350120514631, 0.289542734623, 0.331334888935, 0.682337701321],
    "chords_key": "D",
    "chords_scale": "minor",
    "key_key": "D",
    "key_scale": "minor"
}
}