{
"lowlevel": {
    "average_loudness": 0.907776296139,
    "barkbands_crest": {
        "mean": 8.54084873199,
        "var": 7.45128917694
    },
    "barkbands_flatness_db": {
        "mean": 0.122358679771,
        "var": 0.00050190940965
    },
    "barkbands_kurtosis": {
        "mean": 1.48206818104,
        "var": 2.67271661758
    },
    "barkbands_skewness": {
        "mean": 0.989487051964,
        "var": 0.231085553765
    },
    "barkbands_spread": {
        "mean": 15.7808628082,
        "var": 22.6685256958
    },
    "dissonance": {
        "mean": 0.463679522276,
        "var": 0.000443962984718
    },
    "dynamic_complexity": 1.36954188347,
    "erbbands_crest": {
        "mean": 10.4186697006,
        "var": 12.4073934555
    },
    "erbbands_flatness_db": {
        "mean": 0.176497936249,
        "var": 0.000421772216214
    },
    "erbbands_kurtosis": {
        "mean": 0.779237866402,
        "var": 1.34823429585
    },
    "erbbands_skewness": {
        "mean": 0.580358088017,
        "var": 0.167343825102
    },
    "erbbands_spread": {
        "mean": 24.5252628326,
        "var": 52.0681495667
    },
    "hfc": {
        "mean": 25.8581371307,
        "var": 150.147705078
    },
    "melbands_crest": {
        "mean": 10.1155099869,
        "var": 8.94829559326
    },
    "melbands_flatness_db": {
        "mean": 0.160082533956,
        "var": 0.0006928157527
    },
    "melbands_kurtosis": {
        "mean": 3.30317163467,
        "var": 7.35826921463
    },
    "melbands_skewness": {
        "mean": 1.33337879181,
        "var": 0.35497674346
    },
    "melbands_spread": {
        "mean": 22.4317245483,
        "var": 75.3992767334
    },
    "pitch_salience": {
        "mean": 0.570689380169,
        "var": 0.00463268067688
    },
    "silence_rate_20dB": {
        "mean": 1,
        "var": 0
    },
    "silence_rate_30dB": {
        "mean": 1,
        "var": 0
    },
    "silence_rate_60dB": {
        "mean": 0.00257334019989,
        "var": 0.0025667718146
    },
    "spectral_centroid": {
        "mean": 1260.79577637,
        "var": 229865.875
    },
    "spectral_complexity": {
        "mean": 21.2367477417,
        "var": 9.37989330292
    },
    "spectral_decrease": {
        "mean": -7.20851422997e-009,
        "var": 1.06587871571e-017
    },
    "spectral_energy": {
        "mean": 0.029551949352,
        "var": 0.000169324106537
    },
    "spectral_energyband_high": {
        "mean": 0.000458327966044,
        "var": 1.0489958413e-006
    },
    "spectral_energyband_low": {
        "mean": 0.00135731464252,
        "var": 1.30581167923e-006
    },
    "spectral_energyband_middle_high": {
        "mean": 0.0107519794255,
        "var": 2.54278984357e-005
    },
    "spectral_energyband_middle_low": {
        "mean": 0.0179548934102,
        "var": 0.000126723112771
    },
    "spectral_entropy": {
        "mean": 7.48358345032,
        "var": 0.047061406076
    },
    "spectral_flux": {
        "mean": 0.060934420675,
        "var": 0.000320397521136
    },
    "spectral_kurtosis": {
        "mean": 4.9109826088,
        "var": 1.89292633533
    },
    "spectral_rms": {
        "mean": 0.00524640548974,
        "var": 1.30644957608e-006
    },
    "spectral_rolloff": {
        "mean": 1443.33032227,
        "var": 946103.5625
    },
    "spectral_skewness": {
        "mean": 1.72813737392,
        "var": 0.0482089184225
    },
    "spectral_spread": {
        "mean": 4241375,
        "var": 2.47291759821e+012
    },
    "spectral_strongpeak": {
        "mean": 1.9636516571,
        "var": 1.41313445568
    },
    "zerocrossingrate": {
        "mean": 0.0597384348512,
        "var": 0.000642388418783
    },
    "barkbands": {
        "mean": [9.05214278646e-007, 0.000238992419327, 0.000277934246697, 0.00215649185702, 0.00157619046513, 0.00697181932628, 0.0015899137361, 0.0010142037645, 0.00437146425247, 0.00107471703086, 0.00446351012215, 0.000532413250767, 0.0020145745948, 0.000487360288389, 0.000375095318304, 0.000519808614627, 0.000767295889091, 0.00024162720365, 0.0002525189484, 0.000240927023697, 0.000103479069367, 7.86627133493e-005, 6.27316112514e-005, 6.434682291e-005, 4.95617750857e-005, 2.40219251282e-005, 1.43669092267e-006],
        "var": [1.15843131528e-012, 6.92148063308e-008, 2.22352554147e-007, 4.74783246318e-006, 2.66890970124e-006, 4.72655774502e-005, 2.878461828e-006, 2.66146980721e-006, 1.97665412998e-005, 1.65929156992e-006, 1.55772067956e-005, 3.94351530986e-007, 3.5445816593e-006, 2.79616244825e-007, 1.65833398569e-007, 2.85351632101e-007, 5.59001875899e-007, 8.55369890473e-008, 2.85861876392e-008, 2.60271004748e-008, 9.3290406511e-009, 1.83466575265e-008, 1.40300731033e-008, 9.19433063018e-008, 8.83199220425e-008, 1.67431455367e-008, 5.83671479204e-012]
    },
    "erbbands": {
        "mean": [0.00230004405603, 0.0714784264565, 0.351456493139, 3.61711716652, 5.17827272415, 6.35287714005, 33.224067688, 56.5781211853, 24.5254478455, 21.6308765411, 40.0907707214, 125.002830505, 25.5711536407, 66.0037078857, 176.11541748, 36.0793876648, 103.122550964, 20.3750495911, 21.0305118561, 28.6387939453, 38.4957466125, 28.598443985, 16.1908016205, 14.1857643127, 12.9145498276, 12.9790430069, 5.40179872513, 3.6694624424, 2.81337332726, 2.27402877808, 1.79639196396, 1.35112166405, 1.01030743122, 0.669890701771, 0.300481557846, 0.136235654354, 0.0373164974153, 0.00610461644828, 0.000171606079675, 4.0386326873e-005],
        "var": [5.96224617766e-006, 0.00556443026289, 0.173792645335, 12.1147317886, 21.0792160034, 33.857460022, 1472.43444824, 3054.79272461, 683.752258301, 719.823059082, 2218.00585938, 16161.9619141, 353.878295898, 3834.7824707, 21881.0703125, 539.637634277, 9108.20117188, 348.263793945, 419.429840088, 890.285766602, 1267.7286377, 680.484924316, 288.667816162, 96.9790725708, 87.7042617798, 77.5368881226, 14.8142557144, 13.1820497513, 20.9257278442, 24.2078437805, 8.85735225677, 23.1170425415, 28.2287254333, 17.1488666534, 3.53501939774, 1.01231658459, 0.028381800279, 0.000255421211477, 1.2997688259e-007, 6.02036809294e-010]
    },
    "gfcc": {
        "mean": [32.8211250305, 83.1436309814, -142.016067505, 2.6425113678, -74.7370376587, 2.82244515419, -46.5722770691, 3.0413479805, -38.9698677063, -4.20427656174, -19.7544384003, 3.10078930855, -12.4512147903],
        "cov": [[3224.23950195, 245.469970703, -267.275604248, -2.24128866196, -185.943572998, -0.592234432697, -137.154083252, 0.188227519393, -83.073600769, -9.87334156036, -50.1316070557, 9.35387134552, -34.0471992493], [245.469970703, 288.000823975, 5.97850847244, 41.7689170837, 4.2989730835, -41.2289619446, -17.1880912781, -15.8127727509, 23.4656677246, -17.0429153442, 22.6139678955, -15.9333381653, 6.41639328003], [-267.275604248, 5.97850847244, 212.933547974, 33.8854789734, 44.4083747864, 10.0746879578, 15.5922174454, 9.57597064972, 10.4956903458, 12.5493650436, 2.03932929039, 9.83853816986, -8.39237213135], [-2.24128866196, 41.7689170837, 33.8854789734, 107.545524597, 39.676525116, 5.68741416931, -8.10087203979, 7.42483949661, 5.66799449921, -12.9518642426, -5.31792116165, -6.45230674744, -0.167121723294], [-185.943572998, 4.2989730835, 44.4083747864, 39.676525116, 112.753585815, 35.70835495, 24.7136707306, 13.8942594528, 8.79384040833, -2.61476540565, -4.96915769577, 17.2935237885, -3.98217272758], [-0.592234432697, -41.2289619446, 10.0746879578, 5.68741416931, 35.70835495, 83.6155166626, 33.3896598816, 9.78030204773, -7.63733482361, 7.156001091, -7.39822149277, 4.21380901337, -2.98148298264], [-137.154083252, -17.1880912781, 15.5922174454, -8.10087203979, 24.7136707306, 33.3896598816, 73.8186569214, 32.6492195129, 1.90981221199, 2.34721803665, 1.38550209999, 2.19749140739, -6.93292951584], [0.188227519393, -15.8127727509, 9.57597064972, 7.42483949661, 13.8942594528, 9.78030204773, 32.6492195129, 60.9990196228, 19.3327541351, -2.39015030861, -14.7464504242, -0.720009863377, -3.06573677063], [-83.073600769, 23.4656677246, 10.4956903458, 5.66799449921, 8.79384040833, -7.63733482361, 1.90981221199, 19.3327541351, 52.9082717896, 15.189119339, -3.95784568787, -6.71969842911, 5.94087219238], [-9.87334156036, -17.0429153442, 12.5493650436, -12.9518642426, -2.61476540565, 7.156001091, 2.34721803665, -2.39015030861, 15.189119339, 52.9704055786, 24.6281852722, 5.94760560989, -0.492993205786], [-50.1316070557, 22.6139678955, 2.03932929039, -5.31792116165, -4.96915769577, -7.39822149277, 1.38550209999, -14.7464504242, -3.95784568787, 24.6281852722, 60.4405632019, 20.213727951, 3.82698845863], [9.35387134552, -15.9333381653, 9.83853816986, -6.45230674744, 17.2935237885, 4.21380901337, 2.19749140739, -0.720009863377, -6.71969842911, 5.94760560989, 20.213727951, 48.7055473328, 17.1230773926], [-34.0471992493, 6.41639328003, -8.39237213135, -0.167121723294, -3.98217272758, -2.98148298264, -6.93292951584, -3.06573677063, 5.94087219238, -0.492993205786, 3.82698845863, 17.1230773926, 44.2167167664]],
        "icov": [[0.000778308487497, -0.00145575113129, 0.000894552562386, -0.00033628064557, 0.0016573012108, -0.00133830821142, 0.00192200450692, -0.00180098088458, 0.00204600067809, -0.00184911827091, 0.00221571722068, -0.00243573542684, 0.00167053437326], [-0.00145575113129, 0.00763326045126, -0.00176354427822, -0.000725120131392, -0.00367852277122, 0.00415737600997, -0.00402789749205, 0.00513811269775, -0.00701174326241, 0.00695847067982, -0.00793556310236, 0.00710093788803, -0.00393571518362], [0.000894552562386, -0.00176354427822, 0.00655733747408, -0.00207435130142, 0.000644569692668, -0.000763541029301, 0.000898640428204, -0.0015130097745, 0.00193620449863, -0.00416727131233, 0.003687039949, -0.00450295908377, 0.00334209925495], [-0.00033628064557, -0.000725120131392, -0.00207435130142, 0.0136630656198, -0.00589233543724, -0.00098795699887, 0.00455830898136, -0.0033479607664, 0.000271214608802, 0.00397186214104, -0.00369813363068, 0.00597949000075, -0.00259813969024], [0.0016573012108, -0.00367852277122, 0.000644569692668, -0.00589233543724, 0.0188779458404, -0.00767387636006, 0.000355777185177, -0.00147744314745, -0.000439885392552, -0.00233414396644, 0.00763875152916, -0.0142445694655, 0.00793426018208], [-0.00133830821142, 0.00415737600997, -0.000763541029301, -0.00098795699887, -0.00767387636006, 0.0213539581746, -0.0114231156185, 0.00527166295797, 0.00112540228292, -0.0026984855067, 0.000609031703789, 0.00496593397111, -0.00461634062231], [0.00192200450692, -0.00402789749205, 0.000898640428204, 0.00455830898136, 0.000355777185177, -0.0114231156185, 0.0303230006248, -0.0190226826817, 0.00800040178001, -0.00197833264247, -0.00164368236437, -0.00165391049813, 0.00463535822928], [-0.00180098088458, 0.00513811269775, -0.0015130097745, -0.0033479607664, -0.00147744314745, 0.00527166295797, -0.0190226826817, 0.0341436564922, -0.0169118959457, 0.00636861706153, 0.0021279391367, -0.000508867495228, -0.000468972080853], [0.00204600067809, -0.00701174326241, 0.00193620449863, 0.000271214608802, -0.000439885392552, 0.00112540228292, 0.00800040178001, -0.0169118959457, 0.0377588570118, -0.0193241834641, 0.0103355888277, 0.000899203063454, -0.00345187797211], [-0.00184911827091, 0.00695847067982, -0.00416727131233, 0.00397186214104, -0.00233414396644, -0.0026984855067, -0.00197833264247, 0.00636861706153, -0.0193241834641, 0.0381799377501, -0.0218014195561, 0.00747689045966, -0.00145680923015], [0.00221571722068, -0.00793556310236, 0.003687039949, -0.00369813363068, 0.00763875152916, 0.000609031703789, -0.00164368236437, 0.0021279391367, 0.0103355888277, -0.0218014195561, 0.0384048782289, -0.021400751546, 0.00749412877485], [-0.00243573542684, 0.00710093788803, -0.00450295908377, 0.00597949000075, -0.0142445694655, 0.00496593397111, -0.00165391049813, -0.000508867495228, 0.000899203063454, 0.00747689045966, -0.021400751546, 0.0450595542789, -0.0206153336912], [0.00167053437326, -0.00393571518362, 0.00334209925495, -0.00259813969024, 0.00793426018208, -0.00461634062231, 0.00463535822928, -0.000468972080853, -0.00345187797211, -0.00145680923015, 0.00749412877485, -0.0206153336912, 0.0339776910841]]
    },
    "melbands": {
        "mean": [4.41286465502e-005, 0.000138369287015, 0.00074168870924, 0.000342350307619, 0.00103427714203, 0.00129348994233, 0.00034104520455, 0.000216044136323, 0.000474167900393, 0.000674781040289, 9.59890603554e-005, 0.000231755562709, 0.000648289627861, 0.00014236359857, 0.000188209058251, 0.000137548704515, 3.50134541804e-005, 3.92951187678e-005, 2.8433452826e-005, 3.39973339578e-005, 5.51562334294e-005, 3.20549297612e-005, 2.54526785284e-005, 1.10862283691e-005, 1.14139747893e-005, 7.77075001679e-006, 1.0970115909e-005, 7.62731178838e-006, 3.28508804159e-006, 2.85234818875e-006, 1.87539728813e-006, 1.69007830664e-006, 1.34756612624e-006, 1.19822323086e-006, 1.09431948658e-006, 8.76793535554e-007, 7.89851355876e-007, 6.72667397339e-007, 6.97683162798e-007, 5.35496894827e-007],
        "var": [2.36981390067e-009, 2.68520050639e-008, 4.98973747654e-007, 7.60403722211e-008, 1.24203427276e-006, 1.57585316174e-006, 1.41770371442e-007, 6.71613662462e-008, 2.11752620771e-007, 4.74325588584e-007, 7.70937891303e-009, 6.03507501751e-008, 3.41698921602e-007, 2.46102214163e-008, 2.83567604953e-008, 1.56479860181e-008, 1.82422366102e-009, 1.90617432949e-009, 1.18865117749e-009, 1.99130667511e-009, 3.26482885171e-009, 1.13211473529e-009, 1.17657272813e-009, 2.17718884588e-010, 7.93113352771e-011, 2.77871736037e-011, 6.69127739328e-011, 2.66988948311e-011, 6.43332479303e-012, 9.29334213751e-012, 3.73608696064e-012, 5.24543169317e-012, 1.23357426704e-011, 7.70759671365e-012, 2.88614705052e-012, 4.0194731224e-012, 1.06445425391e-011, 1.00983978124e-011, 1.83950060045e-011, 1.22577044001e-011]
    },
    "mfcc": {
        "mean": [-603.76763916, 121.509346008, -20.032453537, -0.766974389553, -14.0778007507, -9.92124271393, -4.97065448761, -3.7093808651, -11.3498811722, -11.1110687256, -13.0951299667, -2.82107686996, -0.639435589314],
        "cov": [[934.879333496, 183.253219604, 5.07776784897, -9.07605934143, -8.67957115173, -20.0405578613, -32.0085906982, -17.7910270691, -18.5391960144, -13.6961727142, -23.5494842529, 2.88487267494, 9.74897670746], [183.253219604, 243.20501709, 23.2502670288, 41.469165802, 11.738448143, -9.45320129395, -17.5909481049, -2.87562012672, -11.8056716919, -2.17158722878, 7.77969264984, 20.3916149139, 14.6748571396], [5.07776784897, 23.2502670288, 142.399078369, 33.0098304749, 15.4883718491, 2.80943250656, 0.856312394142, -4.15441989899, 0.668623745441, 9.89643669128, 14.8871650696, -3.36115717888, -0.716694056988], [-9.07605934143, 41.469165802, 33.0098304749, 108.650367737, 45.6938858032, -3.17429947853, -5.55509138107, 16.9781742096, 6.05370044708, 6.46539402008, 6.3803191185, 5.28206777573, -5.39689922333], [-8.67957115173, 11.738448143, 15.4883718491, 45.6938858032, 89.3357391357, 33.1592063904, 1.96377336979, 17.7406768799, 17.5740184784, -0.551239848137, 1.76445388794, 4.87740850449, 3.50074195862], [-20.0405578613, -9.45320129395, 2.80943250656, -3.17429947853, 33.1592063904, 73.3040542603, 31.9168319702, 7.6228723526, 5.7746720314, 0.274574518204, 4.37170791626, 10.0999488831, 10.4531288147], [-32.0085906982, -17.5909481049, 0.856312394142, -5.55509138107, 1.96377336979, 31.9168319702, 80.9979553223, 33.1285247803, -1.00184059143, -0.538714289665, 8.57619094849, 14.0553398132, 15.616435051], [-17.7910270691, -2.87562012672, -4.15441989899, 16.9781742096, 17.7406768799, 7.6228723526, 33.1285247803, 69.017074585, 34.3271789551, 0.844565868378, 2.81802678108, 4.35228633881, -0.398518323898], [-18.5391960144, -11.8056716919, 0.668623745441, 6.05370044708, 17.5740184784, 5.7746720314, -1.00184059143, 34.3271789551, 74.0624389648, 24.2821102142, -0.43744301796, -8.22141933441, -6.6273560524], [-13.6961727142, -2.17158722878, 9.89643669128, 6.46539402008, -0.551239848137, 0.274574518204, -0.538714289665, 0.844565868378, 24.2821102142, 58.9112281799, 23.2626838684, -3.61733460426, -11.3963193893], [-23.5494842529, 7.77969264984, 14.8871650696, 6.3803191185, 1.76445388794, 4.37170791626, 8.57619094849, 2.81802678108, -0.43744301796, 23.2626838684, 60.9207115173, 23.663105011, -11.3781366348], [2.88487267494, 20.3916149139, -3.36115717888, 5.28206777573, 4.87740850449, 10.0999488831, 14.0553398132, 4.35228633881, -8.22141933441, -3.61733460426, 23.663105011, 64.983757019, 23.1261768341], [9.74897670746, 14.6748571396, -0.716694056988, -5.39689922333, 3.50074195862, 10.4531288147, 15.616435051, -0.398518323898, -6.6273560524, -11.3963193893, -11.3781366348, 23.1261768341, 56.8411941528]],
        "icov": [[0.00131220545154, -0.00107244600076, -7.04149570083e-005, 0.000589769158978, -0.000128499581479, 0.000155884583364, 0.000195782864466, -5.06342767039e-005, 0.000200934533495, -0.000116034105304, 0.000716910464689, -0.000153720247908, 0.000238241176703], [-0.00107244600076, 0.00564613053575, -0.000385211227695, -0.00215018051676, 0.000431057298556, -9.77943564067e-005, 0.00156728259753, -0.000723387231119, 0.0008394162287, -4.53293541796e-005, -0.000993074150756, -0.000803029921371, -0.00171026494354], [-7.04149570083e-005, -0.000385211227695, 0.00810255575925, -0.00252762390301, -0.000305626628688, -1.83276206371e-005, -0.00102638208773, 0.0019740422722, -0.000726531085093, 0.000144567136886, -0.00278774066828, 0.00223334436305, -0.00123068701942], [0.000589769158978, -0.00215018051676, -0.00252762390301, 0.0152600333095, -0.00845236238092, 0.00416054297239, 0.000690323417075, -0.00386482407339, 0.00300836167298, -0.00286095449701, 0.00183742120862, -0.00190160819329, 0.00232831179164], [-0.000128499581479, 0.000431057298556, -0.000305626628688, -0.00845236238092, 0.0207443926483, -0.0111085772514, 0.00494004134089, -0.00310114980675, -0.00275507080369, 0.00256517552771, -0.00111127935816, 0.000697955489159, -0.00182266125921], [0.000155884583364, -9.77943564067e-005, -1.83276206371e-005, 0.00416054297239, -0.0111085772514, 0.0233591031283, -0.0108007406816, 0.00583655107766, -0.00255348160863, 0.000124829486595, 0.000128598956508, -0.00159874372184, 0.000193516170839], [0.000195782864466, 0.00156728259753, -0.00102638208773, 0.000690323417075, 0.00494004134089, -0.0108007406816, 0.0249596703798, -0.0161683000624, 0.00819935835898, -0.00295347627252, -0.00195658626035, -3.26689337271e-006, -0.00570080336183], [-5.06342767039e-005, -0.000723387231119, 0.0019740422722, -0.00386482407339, -0.00310114980675, 0.00583655107766, -0.0161683000624, 0.031839940697, -0.0168075244874, 0.00749372504652, -0.00151714170352, -0.00098738365341, 0.00327712460421], [0.000200934533495, 0.0008394162287, -0.000726531085093, 0.00300836167298, -0.00275507080369, -0.00255348160863, 0.00819935835898, -0.0168075244874, 0.0263313930482, -0.0124432248995, 0.00429940922186, 0.000667251239065, -0.000541498942766], [-0.000116034105304, -4.53293541796e-005, 0.000144567136886, -0.00286095449701, 0.00256517552771, 0.000124829486595, -0.00295347627252, 0.00749372504652, -0.0124432248995, 0.0272962134331, -0.0119448937476, 0.00437377113849, 0.00029618415283], [0.000716910464689, -0.000993074150756, -0.00278774066828, 0.00183742120862, -0.00111127935816, 0.000128598956508, -0.00195658626035, -0.00151714170352, 0.00429940922186, -0.0119448937476, 0.029776327312, -0.0141918743029, 0.010685342364], [-0.000153720247908, -0.000803029921371, 0.00223334436305, -0.00190160819329, 0.000697955489159, -0.00159874372184, -3.26689337271e-006, -0.00098738365341, 0.000667251239065, 0.00437377113849, -0.0141918743029, 0.025994906202, -0.0121360225603], [0.000238241176703, -0.00171026494354, -0.00123068701942, 0.00232831179164, -0.00182266125921, 0.000193516170839, -0.00570080336183, 0.00327712460421, -0.000541498942766, 0.00029618415283, 0.010685342364, -0.0121360225603, 0.0269377660006]]
    },
    "spectral_contrast_coeffs": {
        "mean": [-0.577787876129, -0.701153099537, -0.698670446873, -0.739668369293, -0.76109200716, -0.761949241161],
        "var": [0.00475893355906, 0.00312328035943, 0.00238693598658, 0.00158964341972, 0.00101068103686, 0.000537949439604]
    },
    "spectral_contrast_valleys": {
        "mean": [-8.04007816315, -6.13307189941, -6.69589281082, -7.46127462387, -7.38887548447, -9.9490814209],
        "var": [1.03272902966, 1.0287771225, 0.883295714855, 0.769925057888, 0.745222091675, 0.632304787636]
    }
},
"metadata": {
    "audio_properties": {
        "analysis_sample_rate": 44100,
        "bit_rate": 105978,
        "equal_loudness": 0,
        "length": 45.0873451233,
        "lossless": 0,
        "replay_gain": -10.0293712616,
        "sample_rate": 44100,
        "codec": "mp3",
        "downmix": "mix",
        "md5_encoded": "419327b2930162ce9de88304f0d1fe4e"
    },
    "tags": {
        "file_name": "193.mp3"
    },
    "version": {
        "essentia": "2.1-beta2",
        "essentia_git_sha": "v2.1_beta2",
        "extractor": "music 1.0"
    }
},
"rhythm": {
    "beats_count": 131,
    "beats_loudness": {
        "mean": 0.0353827551007,
        "var": 0.000246251001954
    },
    "bpm": 178.205841064,
    "bpm_histogram_first_peak_bpm": {
        "mean": 178,
        "var": 0
    },
    "bpm_histogram_first_peak_spread": {
        "mean": 0,
        "var": 0
    },
    "bpm_histogram_first_peak_weight": {
        "mean": 0.492307692766,
        "var": 0
    },
    "bpm_histogram_second_peak_bpm": {
        "mean": 172,
        "var": 0
    },
    "bpm_histogram_second_peak_spread": {
        "mean": 0,
        "var": 0
    },
    "bpm_histogram_second_peak_weight": {
        "mean": 0.469230771065,
        "var": 0
    },
    "danceability": 0.966358780861,
    "onset_rate": 0.886824309826,
    "beats_loudness_band_ratio": {
        "mean": [0.0937797948718, 0.279719382524, 0.240981221199, 0.299631416798, 0.0853830203414, 0.0277380570769],
        "var": [0.00522998999804, 0.0240395311266, 0.0135421231389, 0.0195436030626, 0.00293376203626, 0.000475148204714]
    },
    "beats_position": [0.325079351664, 0.673378646374, 1.02167797089, 1.369977355, 1.70666658878, 2.0549659729, 2.39165520668, 2.73995471001, 3.07664394379, 3.42494320869, 3.76163268089, 4.1099319458, 4.45823097229, 4.79492044449, 5.13160991669, 5.46829938889, 5.80498838425, 6.15328788757, 6.5015873909, 6.84988641739, 7.18657588959, 7.52326536179, 7.85995435715, 8.19664382935, 8.54494285583, 8.88163280487, 9.21832180023, 9.55501079559, 9.89170074463, 10.2399997711, 10.5882987976, 10.9249887466, 11.2732877731, 11.6215867996, 11.9582767487, 12.294965744, 12.6316547394, 12.9799547195, 13.3166437149, 13.6533327103, 13.9900226593, 14.3383216858, 14.6750106812, 15.0233106613, 15.3716096878, 15.7199087143, 16.0682086945, 16.4165077209, 16.7648067474, 17.1131057739, 17.4497947693, 17.786485672, 18.1347846985, 18.483083725, 18.8313827515, 19.179681778, 19.5279808044, 19.8762817383, 20.2245807648, 20.5728797913, 20.9211788177, 21.2694778442, 21.6061668396, 21.942855835, 22.2795467377, 22.616235733, 22.9529247284, 23.2896137238, 23.6379127502, 23.9862117767, 24.3229026794, 24.6595916748, 24.9962806702, 25.3213596344, 25.6580486298, 25.9947395325, 26.3314285278, 26.6681175232, 27.0048065186, 27.3414955139, 27.6665763855, 28.0032653809, 28.3515644073, 28.6998634338, 29.0365524292, 29.3848514557, 29.7215423584, 30.0466213226, 30.3949203491, 30.7432193756, 31.0915184021, 31.4398174286, 31.7881164551, 32.1364173889, 32.4847145081, 32.8330154419, 33.1813163757, 33.5296134949, 33.8779144287, 34.2262115479, 34.5745124817, 34.9228096008, 35.2594985962, 35.5961914063, 35.9444885254, 36.2811775208, 36.6178665161, 36.96616745, 37.3144645691, 37.6627655029, 38.0110664368, 38.3477554321, 38.6844444275, 39.0211334229, 39.3578224182, 39.7061233521, 40.0428123474, 40.3795013428, 40.7161903381, 41.0528793335, 41.3895683289, 41.7262573242, 42.0513381958, 42.3764152527, 42.713104248, 43.0497932434, 43.3864860535, 43.7231750488, 44.0598640442, 44.3965530396, 44.7448501587]
},
"tonal": {
    "chords_changes_rate": 0.037037037313,
    "chords_number_rate": 0.00411522621289,
    "chords_strength": {
        "mean": 0.456379145384,
        "var": 0.00246766465716
    },
    "hpcp_entropy": {
        "mean": 0.924247860909,
        "var": 0.419701218605
    },
    "key_strength": 0.676277339458,
    "tuning_diatonic_strength": 0.465124815702,
    "tuning_equal_tempered_deviation": 0.0130360387266,
    "tuning_frequency": 442.03793335,
    "tuning_nontempered_energy_ratio": 0.613151490688,
    "hpcp": {
        "mean": [0.111334189773, 0.0625901296735, 0.0267280563712, 0.0227194558829, 0.0290040727705, 0.196177214384, 0.335735082626, 0.169747903943, 0.102839484811, 0.189958766103, 0.107479535043, 0.014037120156, 0.0104188024998, 0.0375300981104, 0.13192422688, 0.138699069619, 0.0440167188644, 0.0119444448501, 0.0136235263199, 0.0284200794995, 0.508206367493, 0.941854834557, 0.471963018179, 0.0206345859915, 0.00824797060341, 0.00943053886294, 0.0142564028502, 0.0172426942736, 0.0200507994741, 0.0672753304243, 0.0848704352975, 0.0415484532714, 0.0440675057471, 0.0476749874651, 0.0299576669931, 0.0772380828857],
        "var": [0.0195391718298, 0.00646973215044, 0.00490135839209, 0.00364045239985, 0.00544597022235, 0.0308832526207, 0.0802217796445, 0.0193193983287, 0.0155096948147, 0.0605227649212, 0.0204369928688, 0.000770116457716, 0.000403518439271, 0.00138619134668, 0.0263752862811, 0.0461104661226, 0.00579864298925, 0.00103538483381, 0.00167337292805, 0.00208299094811, 0.0149261718616, 0.0259043909609, 0.0130063910037, 0.0012337716762, 0.000154196444782, 0.000272738310741, 0.000670614419505, 0.000821790716145, 0.00109784700908, 0.0123553713784, 0.0221393853426, 0.00351077108644, 0.00240553915501, 0.00238512922078, 0.00212200637907, 0.0103512769565]
    },
    "chords_histogram": [41.3580245972, 6.27572011948, 25.9259262085, 0, 0, 0, 0, 0, 0, 26.440328598, 0, 0, 0, 0, 0, 0, 0, 0, 0, 0, 0, 0, 0, 0],
    "thpcp": [1, 0.501099526882, 0.0219084564596, 0.00875715725124, 0.0100127309561, 0.0151365185156, 0.0183071680367, 0.0212886296213, 0.0714285522699, 0.0901098921895, 0.0441134348512, 0.0467880032957, 0.0506181903183, 0.0318070948124, 0.0820063576102, 0.118207380176, 0.0664541125298, 0.0283781066537, 0.0241220351309, 0.0307946316898, 0.208288162947, 0.35646161437, 0.180227249861, 0.109188251197, 0.20168581605, 0.114114753902, 0.0149036981165, 0.0110620046034, 0.039847008884, 0.140068531036, 0.147261619568, 0.0467340797186, 0.0126818325371, 0.0144645711407, 0.0301745850593, 0.539580345154],
    "chords_key": "A",
    "chords_scale": "minor",
    "key_key": "A",
    "key_scale": "minor"
}
}