{
"lowlevel": {
    "average_loudness": 0.969402551651,
    "barkbands_crest": {
        "mean": 12.6883888245,
        "var": 22.5242919922
    },
    "barkbands_flatness_db": {
        "mean": 0.215621307492,
        "var": 0.00787010509521
    },
    "barkbands_kurtosis": {
        "mean": 21.3664608002,
        "var": 1027.09020996
    },
    "barkbands_skewness": {
        "mean": 3.28761863708,
        "var": 4.74312543869
    },
    "barkbands_spread": {
        "mean": 15.7606878281,
        "var": 199.311080933
    },
    "dissonance": {
        "mean": 0.461938977242,
        "var": 0.000854016339872
    },
    "dynamic_complexity": 2.60269427299,
    "erbbands_crest": {
        "mean": 8.88751316071,
        "var": 14.5410909653
    },
    "erbbands_flatness_db": {
        "mean": 0.173393726349,
        "var": 0.00212927279063
    },
    "erbbands_kurtosis": {
        "mean": 0.406890392303,
        "var": 20.8383579254
    },
    "erbbands_skewness": {
        "mean": 0.512604773045,
        "var": 1.02273178101
    },
    "erbbands_spread": {
        "mean": 49.4100074768,
        "var": 383.381988525
    },
    "hfc": {
        "mean": 18.8841648102,
        "var": 393.681182861
    },
    "melbands_crest": {
        "mean": 19.1398086548,
        "var": 44.0324325562
    },
    "melbands_flatness_db": {
        "mean": 0.285481274128,
        "var": 0.0119630284607
    },
    "melbands_kurtosis": {
        "mean": 54.3772201538,
        "var": 4188.76269531
    },
    "melbands_skewness": {
        "mean": 5.17923736572,
        "var": 8.50399589539
    },
    "melbands_spread": {
        "mean": 12.6100120544,
        "var": 143.366119385
    },
    "pitch_salience": {
        "mean": 0.423079073429,
        "var": 0.0150272585452
    },
    "silence_rate_20dB": {
        "mean": 1,
        "var": 0
    },
    "silence_rate_30dB": {
        "mean": 0.9866117239,
        "var": 0.0132090523839
    },
    "silence_rate_60dB": {
        "mean": 0.00154479919001,
        "var": 0.00154241069686
    },
    "spectral_centroid": {
        "mean": 1015.05328369,
        "var": 457427.125
    },
    "spectral_complexity": {
        "mean": 16.1359424591,
        "var": 149.909515381
    },
    "spectral_decrease": {
        "mean": -9.23210130566e-009,
        "var": 3.40499072252e-017
    },
    "spectral_energy": {
        "mean": 0.0365568995476,
        "var": 0.000540143053513
    },
    "spectral_energyband_high": {
        "mean": 0.000945817446336,
        "var": 3.43662236446e-006
    },
    "spectral_energyband_low": {
        "mean": 0.0206216275692,
        "var": 0.000319226790452
    },
    "spectral_energyband_middle_high": {
        "mean": 0.00344497268088,
        "var": 1.28037809191e-005
    },
    "spectral_energyband_middle_low": {
        "mean": 0.014275371097,
        "var": 0.000141202122904
    },
    "spectral_entropy": {
        "mean": 7.08248806,
        "var": 0.458684355021
    },
    "spectral_flux": {
        "mean": 0.066264487803,
        "var": 0.00226678955369
    },
    "spectral_kurtosis": {
        "mean": 6.13061904907,
        "var": 87.4412765503
    },
    "spectral_rms": {
        "mean": 0.00571686262265,
        "var": 2.98282452604e-006
    },
    "spectral_rolloff": {
        "mean": 764.804321289,
        "var": 1107987
    },
    "spectral_skewness": {
        "mean": 1.5559425354,
        "var": 0.818388342857
    },
    "spectral_spread": {
        "mean": 3921636.5,
        "var": 2.02213045043e+012
    },
    "spectral_strongpeak": {
        "mean": 0.700314640999,
        "var": 0.288880109787
    },
    "zerocrossingrate": {
        "mean": 0.034632012248,
        "var": 0.000702336372342
    },
    "barkbands": {
        "mean": [5.91497446294e-005, 0.0077057890594, 0.0101958941668, 0.00518911285326, 0.00413456140086, 0.000631293514743, 0.00215483317152, 0.000674544484355, 0.00133969588205, 0.000350165559212, 0.000303361739498, 0.000314409902785, 0.000430903601227, 0.00042214259156, 0.000305891240714, 0.000197521978407, 0.000281451822957, 0.000341284350725, 0.000356673874194, 0.000353820883902, 0.000241460700636, 0.00027397935628, 0.000129848791403, 9.60868492257e-005, 5.37805135536e-005, 1.8691562218e-005, 5.9290715626e-007],
        "var": [3.66491867965e-008, 0.000156482215971, 6.95952112437e-005, 2.79940832115e-005, 2.61262139247e-005, 2.21140430767e-006, 1.22873270811e-005, 4.26019596489e-006, 6.36141703581e-006, 4.42949925628e-007, 4.92203184876e-007, 3.00749462667e-007, 7.62229944939e-007, 5.02359398524e-007, 5.60392891202e-007, 1.49060198851e-007, 1.73793594627e-007, 2.32069936601e-007, 2.36984604385e-007, 2.77278019212e-007, 2.64029210939e-007, 2.73578933729e-007, 8.24328694193e-008, 5.84046304652e-008, 3.12128811686e-008, 6.15747808297e-009, 7.40884870815e-012]
    },
    "erbbands": {
        "mean": [0.0868911147118, 2.32558870316, 11.4073190689, 14.3891515732, 15.1135425568, 16.1233959198, 4.78775310516, 6.98113584518, 22.194360733, 34.4594154358, 11.9117097855, 26.9707164764, 24.0642967224, 9.89881896973, 12.5723466873, 12.3608760834, 20.0801944733, 25.6443252563, 15.3995285034, 13.8966665268, 11.1652460098, 16.6320648193, 18.3506336212, 15.8225870132, 21.3941326141, 16.2113952637, 9.86250400543, 9.55338764191, 9.89580821991, 6.75773000717, 3.52515149117, 2.47823596001, 1.29821383953, 0.686211526394, 0.351138800383, 0.125400081277, 0.0254468042403, 0.00308878021315, 9.94902438833e-005, 4.60381888843e-005],
        "var": [0.0227364934981, 11.710354805, 90.4033813477, 137.498428345, 253.358078003, 548.239013672, 43.9676322937, 291.515319824, 1629.52880859, 4529.63330078, 787.55065918, 2368.1262207, 2852.9140625, 158.718948364, 601.996765137, 461.928009033, 1652.74121094, 2118.64428711, 756.465698242, 902.633544922, 383.558380127, 507.650604248, 513.352050781, 501.407684326, 819.079101563, 657.072570801, 424.402374268, 376.671051025, 358.509490967, 191.922851563, 60.6217651367, 30.8989429474, 14.1819200516, 4.09843587875, 1.81145358086, 0.278598368168, 0.0108680911362, 0.000167252088431, 1.17207576977e-007, 1.19804932641e-009]
    },
    "gfcc": {
        "mean": [-32.0610237122, 127.606681824, -113.936355591, 60.3514633179, -46.2487411499, 15.4596509933, -25.73686409, 0.69515311718, -21.0167312622, -12.3238182068, -13.2331638336, -15.4356966019, -13.587846756],
        "cov": [[8949.31054688, -2848.45849609, -1008.83477783, 441.705627441, -1863.38562012, 423.071960449, -598.76776123, 677.695068359, -132.138198853, 683.393188477, -33.2592811584, 371.326324463, -510.243499756], [-2848.45849609, 1756.9831543, 58.3052215576, -326.143280029, 638.294189453, -300.055480957, 259.261474609, -297.575042725, 116.418174744, -327.251861572, 136.359924316, -196.799758911, 173.724227905], [-1008.83477783, 58.3052215576, 560.142028809, -14.9906311035, 262.781219482, 17.6390247345, 10.7507543564, -48.0295028687, -41.5863342285, -1.94008457661, -62.1107940674, 29.1006164551, 62.0293121338], [441.705627441, -326.143280029, -14.9906311035, 322.198486328, -34.9834289551, 29.152639389, -52.4186782837, 20.7792015076, 23.0511817932, 32.0116615295, -25.4480934143, -3.45720982552, 32.4677810669], [-1863.38562012, 638.294189453, 262.781219482, -34.9834289551, 685.40423584, -74.0663909912, 95.4343719482, -178.922210693, 38.3606796265, -141.708190918, -80.4784011841, -52.9790992737, 201.939331055], [423.071960449, -300.055480957, 17.6390247345, 29.152639389, -74.0663909912, 170.856201172, 12.3807640076, 46.575050354, -29.3167133331, 43.3910636902, -28.2329959869, 30.5921077728, -31.2758712769], [-598.76776123, 259.261474609, 10.7507543564, -52.4186782837, 95.4343719482, 12.3807640076, 205.417800903, -42.6345558167, -11.7661170959, -64.5856323242, 21.1048679352, -33.3111305237, 8.24333763123], [677.695068359, -297.575042725, -48.0295028687, 20.7792015076, -178.922210693, 46.575050354, -42.6345558167, 127.806434631, 3.97786045074, 68.1703491211, -2.97076153755, 27.7845191956, -54.6322517395], [-132.138198853, 116.418174744, -41.5863342285, 23.0511817932, 38.3606796265, -29.3167133331, -11.7661170959, 3.97786045074, 96.9675216675, -11.3611621857, 12.3083314896, -33.0708732605, 16.5892562866], [683.393188477, -327.251861572, -1.94008457661, 32.0116615295, -141.708190918, 43.3910636902, -64.5856323242, 68.1703491211, -11.3611621857, 132.870239258, -2.66037583351, 45.3693962097, -46.1304855347], [-33.2592811584, 136.359924316, -62.1107940674, -25.4480934143, -80.4784011841, -28.2329959869, 21.1048679352, -2.97076153755, 12.3083314896, -2.66037583351, 105.68586731, -20.6151924133, -39.4626655579], [371.326324463, -196.799758911, 29.1006164551, -3.45720982552, -52.9790992737, 30.5921077728, -33.3111305237, 27.7845191956, -33.0708732605, 45.3693962097, -20.6151924133, 96.8032836914, -11.4217815399], [-510.243499756, 173.724227905, 62.0293121338, 32.4677810669, 201.939331055, -31.2758712769, 8.24333763123, -54.6322517395, 16.5892562866, -46.1304855347, -39.4626655579, -11.4217815399, 121.51789856]],
        "icov": [[0.000833507743664, -0.00097172067035, 0.00113897537813, -0.0013481718488, 0.00128825078718, -0.00123886985239, 0.00131242373027, -0.00138296792284, 0.00118960568216, -0.00214790808968, 0.00208754744381, -0.00163738790434, 0.00104360398836], [-0.00097172067035, 0.00806738901883, -0.00145451282151, 0.00672447355464, -0.00396116031334, 0.00618071248755, -0.00436741253361, 0.00566124729812, -0.00577875226736, 0.00785989779979, -0.0101537071168, 0.00518311979249, -0.00469031464309], [0.00113897537813, -0.00145451282151, 0.00411557033658, -0.00197684182785, 0.000257573148701, -0.0019989691209, 0.0020870892331, -0.00226972368546, 0.0030304256361, -0.00380985811353, 0.00315417489037, -0.00275223329663, 0.00209032441489], [-0.0013481718488, 0.00672447355464, -0.00197684182785, 0.00980337802321, -0.00305467657745, 0.00466159824282, -0.00366800534539, 0.00554547877982, -0.00608523469418, 0.00662036286667, -0.00856884848326, 0.00598567444831, -0.00674263434485], [0.00128825078718, -0.00396116031334, 0.000257573148701, -0.00305467657745, 0.00826107058674, -0.00345407659188, 0.00177638919558, 0.000140121075674, 0.00102763727773, -0.00441767880693, 0.00823553558439, -0.00309944944456, -0.00235210126266], [-0.00123886985239, 0.00618071248755, -0.0019989691209, 0.00466159824282, -0.00345407659188, 0.013200968504, -0.00581742404029, 0.00306059629656, -0.00344407162629, 0.00551023893058, -0.00584923056886, 0.00386279006489, -0.00232933228835], [0.00131242373027, -0.00436741253361, 0.0020870892331, -0.00366800534539, 0.00177638919558, -0.00581742404029, 0.0101981563494, -0.00387170934118, 0.005224482622, -0.00299258972518, 0.00438319053501, -0.00263416464441, 0.0041139870882], [-0.00138296792284, 0.00566124729812, -0.00226972368546, 0.00554547877982, 0.000140121075674, 0.00306059629656, -0.00387170934118, 0.0208264347166, -0.00871795788407, 0.00319324620068, -0.00469244644046, 0.00368739524856, -0.00281767430715], [0.00118960568216, -0.00577875226736, 0.0030304256361, -0.00608523469418, 0.00102763727773, -0.00344407162629, 0.005224482622, -0.00871795788407, 0.0190577059984, -0.00670060375705, 0.00540592381731, -0.000326943263644, 0.0030469072517], [-0.00214790808968, 0.00785989779979, -0.00380985811353, 0.00662036286667, -0.00441767880693, 0.00551023893058, -0.00299258972518, 0.00319324620068, -0.00670060375705, 0.0235965661705, -0.0119294738397, 0.0032067510765, -0.00338168698363], [0.00208754744381, -0.0101537071168, 0.00315417489037, -0.00856884848326, 0.00823553558439, -0.00584923056886, 0.00438319053501, -0.00469244644046, 0.00540592381731, -0.0119294738397, 0.0282055623829, -0.006106487941, 0.00968153961003], [-0.00163738790434, 0.00518311979249, -0.00275223329663, 0.00598567444831, -0.00309944944456, 0.00386279006489, -0.00263416464441, 0.00368739524856, -0.000326943263644, 0.0032067510765, -0.006106487941, 0.0197598710656, -0.00536198494956], [0.00104360398836, -0.00469031464309, 0.00209032441489, -0.00674263434485, -0.00235210126266, -0.00232933228835, 0.0041139870882, -0.00281767430715, 0.0030469072517, -0.00338168698363, 0.00968153961003, -0.00536198494956, 0.0227548573166]]
    },
    "melbands": {
        "mean": [0.00149834365584, 0.00503766164184, 0.00261616590433, 0.00117064616643, 0.000264311209321, 0.000142247823533, 0.000373642571503, 0.00033557516872, 9.12905961741e-005, 0.000185676588444, 0.000117716328532, 3.73273978767e-005, 4.70161467092e-005, 2.84488814941e-005, 4.0648450522e-005, 4.93165061926e-005, 4.51376618003e-005, 2.24945597438e-005, 2.30364839808e-005, 1.46535912791e-005, 1.24075504573e-005, 1.58262682817e-005, 1.98335346795e-005, 1.51046806423e-005, 1.21160528579e-005, 1.42007475006e-005, 1.63688055181e-005, 9.28306781134e-006, 5.84674853599e-006, 6.22330162514e-006, 5.15786905453e-006, 5.40086011824e-006, 5.55056612939e-006, 3.01665795632e-006, 2.00762860914e-006, 1.79149390078e-006, 1.397839128e-006, 9.47817625274e-007, 6.95096389336e-007, 5.4173102626e-007],
        "var": [6.41055657979e-006, 2.10318994505e-005, 4.0889808588e-006, 1.82522342129e-006, 1.66968433746e-007, 1.22289023352e-007, 4.04901015827e-007, 4.44116551535e-007, 4.04431723666e-008, 1.18392676995e-007, 7.26577482624e-008, 2.54486232087e-009, 1.08300159951e-008, 2.81404410885e-009, 6.29335383806e-009, 9.4044194654e-009, 6.50745413111e-009, 1.64147262449e-009, 4.75896877461e-009, 8.81222761429e-010, 5.35603561502e-010, 6.00303307063e-010, 6.53563703157e-010, 6.49077958048e-010, 3.28208182854e-010, 4.0187761452e-010, 5.42991707153e-010, 2.66653032988e-010, 1.55437301919e-010, 2.0338458695e-010, 1.09312885133e-010, 1.14785826677e-010, 1.16051786236e-010, 4.55386145459e-011, 2.09924837929e-011, 1.63624998967e-011, 1.04970060422e-011, 7.8405719417e-012, 4.94127438619e-012, 2.62245889067e-012]
    },
    "mfcc": {
        "mean": [-669.407836914, 138.142211914, 5.79051065445, 45.2444801331, 10.5219068527, 17.471408844, 8.32480621338, 12.3394966125, -2.5716714859, 4.47938108444, 1.2564586401, -3.04344344139, -5.21632480621],
        "cov": [[9187.00390625, -3158.1965332, -85.3038864136, -349.962799072, -1043.82836914, -378.08895874, -538.63848877, -14.1749248505, -407.744903564, 180.066299438, 631.226806641, 30.9687385559, 39.5347251892], [-3158.1965332, 1838.26843262, -191.591400146, 31.8701133728, 291.124450684, 35.3983688354, 142.886505127, 20.8701572418, 40.6189651489, -79.5248260498, -153.685745239, -47.6673049927, -7.28854846954], [-85.3038864136, -191.591400146, 344.366333008, -21.7117557526, -3.74848127365, 9.41730308533, 31.291595459, -7.41841173172, -8.64939117432, 0.952840209007, 16.1377029419, 46.7524261475, 5.65434455872], [-349.962799072, 31.8701133728, -21.7117557526, 262.388793945, 109.185173035, 37.4582633972, -8.80116939545, -32.5170440674, 69.2465591431, 4.03335237503, -101.744384766, 7.98572015762, 21.9668426514], [-1043.82836914, 291.124450684, -3.74848127365, 109.185173035, 403.13458252, 81.1558761597, 3.2270128727, -56.9456520081, 152.988830566, -22.363199234, -151.457977295, -46.9600944519, 26.6123085022], [-378.08895874, 35.3983688354, 9.41730308533, 37.4582633972, 81.1558761597, 151.473632813, 77.8341140747, 7.05805492401, 71.7022018433, -27.3828773499, -60.6573257446, -4.56361198425, -18.774646759], [-538.63848877, 142.886505127, 31.291595459, -8.80116939545, 3.2270128727, 77.8341140747, 167.800842285, 26.0960388184, 32.0117835999, -27.2098045349, -37.097820282, 31.32746315, -28.0003051758], [-14.1749248505, 20.8701572418, -7.41841173172, -32.5170440674, -56.9456520081, 7.05805492401, 26.0960388184, 102.379325867, -24.4678039551, -1.49516892433, 29.9507045746, -16.3974151611, -12.8838148117], [-407.744903564, 40.6189651489, -8.64939117432, 69.2465591431, 152.988830566, 71.7022018433, 32.0117835999, -24.4678039551, 180.18081665, -0.0896927565336, -107.302566528, -2.59439611435, -4.99157953262], [180.066299438, -79.5248260498, 0.952840209007, 4.03335237503, -22.363199234, -27.3828773499, -27.2098045349, -1.49516892433, -0.0896927565336, 77.1071014404, 28.5034809113, 11.150021553, 4.54944658279], [631.226806641, -153.685745239, 16.1377029419, -101.744384766, -151.457977295, -60.6573257446, -37.097820282, 29.9507045746, -107.302566528, 28.5034809113, 177.1746521, 5.76160669327, 0.925065219402], [30.9687385559, -47.6673049927, 46.7524261475, 7.98572015762, -46.9600944519, -4.56361198425, 31.32746315, -16.3974151611, -2.59439611435, 11.150021553, 5.76160669327, 105.021202087, 2.87071156502], [39.5347251892, -7.28854846954, 5.65434455872, 21.9668426514, 26.6123085022, -18.774646759, -28.0003051758, -12.8838148117, -4.99157953262, 4.54944658279, 0.925065219402, 2.87071156502, 61.5038719177]],
        "icov": [[0.000567063863855, 0.000829872849863, 0.000580806576181, 0.000294370023767, 0.000647571519949, 0.0001771904208, 0.000743553566281, 0.000333332340233, -6.99864131093e-006, 0.000223139300942, -0.000511713617016, 6.71919988235e-005, -0.000254985381616], [0.000829872849863, 0.00205816281959, 0.00138281180989, 0.000543561647646, 4.24464742537e-005, 0.000942624465097, 6.36375843897e-005, 0.00015557842562, 0.000658419274259, 0.000645759748295, -0.000345140491845, 7.18650408089e-005, -0.000272359611699], [0.000580806576181, 0.00138281180989, 0.00412703352049, 0.000673657516018, -0.000294030003715, 0.000363772182027, -0.00031027130899, 0.000283757573925, 0.000686858606059, 0.000417691800976, -0.000701783166733, -0.00138411996886, -0.000573030381929], [0.000294370023767, 0.000543561647646, 0.000673657516018, 0.00565372314304, 2.45646151598e-006, -0.000936050957534, 0.00133724394254, 0.000331582821673, 0.000228415883612, -0.00110726652201, 0.00286978110671, -0.000943997816648, -0.00171323993709], [0.000647571519949, 4.24464742537e-005, -0.000294030003715, 2.45646151598e-006, 0.006912979763, -0.00161713955458, 0.0023016454652, 0.00239869486541, -0.00323284231126, 0.00019031658303, 0.00113208347466, 0.00258036376908, -0.00273351278156], [0.0001771904208, 0.000942624465097, 0.000363772182027, -0.000936050957534, -0.00161713955458, 0.0121356062591, -0.00491466838866, -0.00093430763809, -0.00225624255836, 0.00253884238191, -0.000301813997794, 0.00104980403557, 0.00185437465552], [0.000743553566281, 6.36375843897e-005, -0.00031027130899, 0.00133724394254, 0.0023016454652, -0.00491466838866, 0.0125499889255, -0.00183850235771, -0.000924235617276, 0.00173990114126, 0.000695654482115, -0.00366581859998, 0.00186966010369], [0.000333332340233, 0.00015557842562, 0.000283757573925, 0.000331582821673, 0.00239869486541, -0.00093430763809, -0.00183850235771, 0.0128625407815, 4.6528675739e-005, -0.00056127330754, -0.001714574988, 0.00356156541966, 9.88379033515e-005], [-6.99864131093e-006, 0.000658419274259, 0.000686858606059, 0.000228415883612, -0.00323284231126, -0.00225624255836, -0.000924235617276, 4.6528675739e-005, 0.0119570223615, -0.00305087771267, 0.0046834484674, -0.000958990305662, 0.00140727485996], [0.000223139300942, 0.000645759748295, 0.000417691800976, -0.00110726652201, 0.00019031658303, 0.00253884238191, 0.00173990114126, -0.00056127330754, -0.00305087771267, 0.0163983739913, -0.00384349422529, -0.00190056103747, 0.000343279651133], [-0.000511713617016, -0.000345140491845, -0.000701783166733, 0.00286978110671, 0.00113208347466, -0.000301813997794, 0.000695654482115, -0.001714574988, 0.0046834484674, -0.00384349422529, 0.0136419609189, -9.55645009526e-005, -0.000833188998513], [6.71919988235e-005, 7.18650408089e-005, -0.00138411996886, -0.000943997816648, 0.00258036376908, 0.00104980403557, -0.00366581859998, 0.00356156541966, -0.000958990305662, -0.00190056103747, -9.55645009526e-005, 0.0133054442704, -0.0018459809944], [-0.000254985381616, -0.000272359611699, -0.000573030381929, -0.00171323993709, -0.00273351278156, 0.00185437465552, 0.00186966010369, 9.88379033515e-005, 0.00140727485996, 0.000343279651133, -0.000833188998513, -0.0018459809944, 0.0198635924608]]
    },
    "spectral_contrast_coeffs": {
        "mean": [-0.56544137001, -0.708592355251, -0.74382174015, -0.759669959545, -0.744994282722, -0.725233256817],
        "var": [0.0039922571741, 0.00883628521115, 0.00809720158577, 0.00471992930397, 0.00496115861461, 0.00229686335661]
    },
    "spectral_contrast_valleys": {
        "mean": [-7.04551792145, -7.37153196335, -7.92930650711, -8.20608329773, -8.13214874268, -11.0356826782],
        "var": [0.590920448303, 0.693364679813, 0.644150137901, 0.886636197567, 1.39037621021, 2.17810630798]
    }
},
"metadata": {
    "audio_properties": {
        "analysis_sample_rate": 44100,
        "bit_rate": 128068,
        "equal_loudness": 0,
        "length": 45.0479812622,
        "lossless": 0,
        "replay_gain": -6.579662323,
        "sample_rate": 48000,
        "codec": "mp3",
        "downmix": "mix",
        "md5_encoded": "49c811217446b31cdc3357b24492bf8d"
    },
    "tags": {
        "file_name": "1930.mp3"
    },
    "version": {
        "essentia": "2.1-beta2",
        "essentia_git_sha": "v2.1_beta2",
        "extractor": "music 1.0"
    }
},
"rhythm": {
    "beats_count": 93,
    "beats_loudness": {
        "mean": 0.0433991849422,
        "var": 0.000667165440973
    },
    "bpm": 124.145217896,
    "bpm_histogram_first_peak_bpm": {
        "mean": 123,
        "var": 0
    },
    "bpm_histogram_first_peak_spread": {
        "mean": 0.512500047684,
        "var": 0
    },
    "bpm_histogram_first_peak_weight": {
        "mean": 0.423913031816,
        "var": 0
    },
    "bpm_histogram_second_peak_bpm": {
        "mean": 129,
        "var": 0
    },
    "bpm_histogram_second_peak_spread": {
        "mean": 0,
        "var": 0
    },
    "bpm_histogram_second_peak_weight": {
        "mean": 0.130434781313,
        "var": 0
    },
    "danceability": 1.22000575066,
    "onset_rate": 1.73064386845,
    "beats_loudness_band_ratio": {
        "mean": [0.670818388462, 0.108960457146, 0.109938450158, 0.045826908201, 0.0401290506124, 0.0504524409771],
        "var": [0.0492363013327, 0.0134060354903, 0.0156326889992, 0.00261576124467, 0.00157113710884, 0.00266483053565]
    },
    "beats_position": [0.452789098024, 0.9287981987, 1.40480720997, 1.88081634045, 2.35682535172, 2.83283448219, 3.32045340538, 3.80807256699, 4.29569149017, 4.79492044449, 5.2941493988, 5.78176879883, 6.26938772202, 6.7570066452, 7.24462556839, 7.74385452271, 8.24308395386, 8.73070240021, 9.2067117691, 9.682721138, 10.1471195221, 10.623128891, 11.0875282288, 11.5635375977, 12.0395460129, 12.5271654129, 13.0147848129, 13.4907932281, 13.9551925659, 14.4312019348, 14.90721035, 15.3832197189, 15.8476190567, 16.3120174408, 16.7880268097, 17.2756462097, 17.7632656097, 18.2508831024, 18.7385025024, 19.2261219025, 19.7021312714, 20.1781406403, 20.6657600403, 21.153377533, 21.640996933, 22.128616333, 22.5930156708, 23.0574150085, 23.5218143463, 23.9978218079, 24.4738311768, 24.9614505768, 25.4374599457, 25.9134693146, 26.4010887146, 26.8770961761, 27.353105545, 27.8291149139, 28.3051242828, 28.7927436829, 29.2571430206, 29.7215423584, 30.1859397888, 30.6619491577, 31.1263484955, 31.6139678955, 32.1015853882, 32.5775947571, 33.053604126, 33.5296134949, 34.0172348022, 34.5048522949, 34.9808616638, 35.4568710327, 35.9444885254, 36.4321098328, 36.908115387, 37.3957366943, 37.883354187, 38.3825836182, 38.8702049255, 39.3578224182, 39.8454399109, 40.3330612183, 40.8090705872, 41.2850799561, 41.7726974487, 42.2603149414, 42.7479362488, 43.2471656799, 43.7347831726, 44.2107925415, 44.6984100342]
},
"tonal": {
    "chords_changes_rate": 0.0617283955216,
    "chords_number_rate": 0.00925925932825,
    "chords_strength": {
        "mean": 0.466887801886,
        "var": 0.0143166864291
    },
    "hpcp_entropy": {
        "mean": 2.20937609673,
        "var": 0.574265003204
    },
    "key_strength": 0.71392428875,
    "tuning_diatonic_strength": 0.623019576073,
    "tuning_equal_tempered_deviation": 0.0820485651493,
    "tuning_frequency": 438.984558105,
    "tuning_nontempered_energy_ratio": 0.72949975729,
    "hpcp": {
        "mean": [0.58247834444, 0.348259538412, 0.0769750997424, 0.0383736565709, 0.0379889644682, 0.0739038214087, 0.11734328419, 0.0817473977804, 0.0300611369312, 0.0234610047191, 0.0307304989547, 0.0418603345752, 0.0517075844109, 0.0477033182979, 0.0633407831192, 0.123539030552, 0.117011934519, 0.0677814036608, 0.0569455213845, 0.0609544105828, 0.149318322539, 0.26913651824, 0.204576686025, 0.0766578987241, 0.038057282567, 0.0326414853334, 0.077152594924, 0.111041121185, 0.0778492987156, 0.0390626080334, 0.0263924691826, 0.0223204921931, 0.0237852986902, 0.0252232030034, 0.0458556525409, 0.323903650045],
        "var": [0.203692227602, 0.0889209359884, 0.027159050107, 0.0136932013556, 0.0157656110823, 0.0304385386407, 0.0695834755898, 0.0355355292559, 0.0107737127692, 0.00796765089035, 0.0125879338011, 0.0170647986233, 0.0232133697718, 0.0190203823149, 0.0218832194805, 0.0738403871655, 0.0624899715185, 0.0300251170993, 0.0280097164214, 0.0279698520899, 0.036459993571, 0.0897467881441, 0.0638700798154, 0.0282433107495, 0.0171741992235, 0.0110730240121, 0.0373037792742, 0.0557502880692, 0.0316781923175, 0.00940641202033, 0.00633263774216, 0.00665187044069, 0.00732958083972, 0.00706417160109, 0.0123191764578, 0.09061319381]
    },
    "chords_histogram": [31.8930034637, 0, 2.98353910446, 0, 5.24691343307, 0, 0, 0, 0, 0, 0, 0, 0, 0, 0, 5.96707820892, 0, 19.5473251343, 0, 5.04115247726, 0, 2.36625504494, 20.6790122986, 6.27572011948],
    "thpcp": [1, 0.597892701626, 0.132151007652, 0.065879970789, 0.0652195289731, 0.126878231764, 0.201455190778, 0.14034409821, 0.0516090206802, 0.0402779020369, 0.0527581833303, 0.0718659088016, 0.0887716859579, 0.0818971544504, 0.108743585646, 0.21209205687, 0.200886324048, 0.116367250681, 0.0977641865611, 0.104646652937, 0.256350010633, 0.462054133415, 0.351217657328, 0.131606429815, 0.0653368160129, 0.0560389682651, 0.132455736399, 0.190635621548, 0.133651837707, 0.0670627653599, 0.0453106462955, 0.0383198671043, 0.0408346503973, 0.0433032475412, 0.0787250772119, 0.55607843399],
    "chords_key": "A",
    "chords_scale": "major",
    "key_key": "A",
    "key_scale": "major"
}
}