{
"lowlevel": {
    "average_loudness": 0.93727439642,
    "barkbands_crest": {
        "mean": 12.5326766968,
        "var": 23.7003879547
    },
    "barkbands_flatness_db": {
        "mean": 0.203517317772,
        "var": 0.00908114295453
    },
    "barkbands_kurtosis": {
        "mean": 18.6814861298,
        "var": 1366.47802734
    },
    "barkbands_skewness": {
        "mean": 2.78194236755,
        "var": 5.88895606995
    },
    "barkbands_spread": {
        "mean": 20.1603069305,
        "var": 231.202224731
    },
    "dissonance": {
        "mean": 0.45632237196,
        "var": 0.0015380323166
    },
    "dynamic_complexity": 3.11775112152,
    "erbbands_crest": {
        "mean": 9.89556312561,
        "var": 24.949054718
    },
    "erbbands_flatness_db": {
        "mean": 0.171571925282,
        "var": 0.00334591045976
    },
    "erbbands_kurtosis": {
        "mean": 1.6622749567,
        "var": 113.697860718
    },
    "erbbands_skewness": {
        "mean": 0.447200298309,
        "var": 1.59925591946
    },
    "erbbands_spread": {
        "mean": 51.4621047974,
        "var": 735.156860352
    },
    "hfc": {
        "mean": 22.7998638153,
        "var": 393.88067627
    },
    "melbands_crest": {
        "mean": 18.7351207733,
        "var": 42.2055625916
    },
    "melbands_flatness_db": {
        "mean": 0.267023950815,
        "var": 0.0129974316806
    },
    "melbands_kurtosis": {
        "mean": 50.3622055054,
        "var": 5198.98193359
    },
    "melbands_skewness": {
        "mean": 4.75469350815,
        "var": 10.8183012009
    },
    "melbands_spread": {
        "mean": 16.9904174805,
        "var": 233.197097778
    },
    "pitch_salience": {
        "mean": 0.424172371626,
        "var": 0.019128035754
    },
    "silence_rate_20dB": {
        "mean": 1,
        "var": 0
    },
    "silence_rate_30dB": {
        "mean": 0.990731179714,
        "var": 0.00918285362422
    },
    "silence_rate_60dB": {
        "mean": 0.00823892932385,
        "var": 0.00817095767707
    },
    "spectral_centroid": {
        "mean": 1237.00317383,
        "var": 501081.09375
    },
    "spectral_complexity": {
        "mean": 15.9979400635,
        "var": 99.4667053223
    },
    "spectral_decrease": {
        "mean": -8.81346462478e-009,
        "var": 3.05951675445e-017
    },
    "spectral_energy": {
        "mean": 0.0353320986032,
        "var": 0.000489112106152
    },
    "spectral_energyband_high": {
        "mean": 0.00122009718325,
        "var": 2.72508668786e-006
    },
    "spectral_energyband_low": {
        "mean": 0.0174871329218,
        "var": 0.000210105630686
    },
    "spectral_energyband_middle_high": {
        "mean": 0.00610081059858,
        "var": 7.08779189154e-005
    },
    "spectral_energyband_middle_low": {
        "mean": 0.0125041967258,
        "var": 0.000148098202772
    },
    "spectral_entropy": {
        "mean": 7.21745920181,
        "var": 0.552463948727
    },
    "spectral_flux": {
        "mean": 0.0818696469069,
        "var": 0.00231929076836
    },
    "spectral_kurtosis": {
        "mean": 4.72924184799,
        "var": 109.531181335
    },
    "spectral_rms": {
        "mean": 0.00556981936097,
        "var": 3.44736713487e-006
    },
    "spectral_rolloff": {
        "mean": 985.184631348,
        "var": 1485998.5
    },
    "spectral_skewness": {
        "mean": 1.36580228806,
        "var": 0.894875526428
    },
    "spectral_spread": {
        "mean": 4453267,
        "var": 2.88494321664e+012
    },
    "spectral_strongpeak": {
        "mean": 0.857658982277,
        "var": 1.31740915775
    },
    "zerocrossingrate": {
        "mean": 0.0455808788538,
        "var": 0.000948202738073
    },
    "barkbands": {
        "mean": [3.67471111531e-005, 0.00611123722047, 0.00956956390291, 0.00384509190917, 0.00423582177609, 0.00066435028566, 0.00128300045617, 0.00106665841304, 0.0010974726174, 0.00129546050448, 0.000791025348008, 0.00113066087943, 0.000549882068299, 0.000394811620936, 0.000471986335469, 0.0002421803365, 0.000330014823703, 0.000399343436584, 0.000345849228324, 0.000453585875221, 0.000296327518299, 0.000348389643477, 0.00015868441551, 0.000128226645757, 6.99557713233e-005, 1.51575059135e-005, 5.90549973367e-007],
        "var": [2.50649936362e-008, 7.97948814579e-005, 6.74233015161e-005, 2.11533624679e-005, 5.27851989318e-005, 2.10315829463e-006, 1.05081526272e-005, 9.5779014373e-006, 7.11506527296e-006, 1.40376132549e-005, 8.20700279291e-006, 1.21897464851e-005, 2.215896302e-006, 7.69797679823e-007, 1.27854139009e-006, 3.76703297889e-007, 3.15445447541e-007, 6.84693759467e-007, 1.95864998886e-007, 3.84292349054e-007, 2.1019187102e-007, 2.62682533503e-007, 6.86807268835e-008, 7.67500480947e-008, 2.95486799473e-008, 3.25707172344e-009, 1.16492787638e-011]
    },
    "erbbands": {
        "mean": [0.0783316344023, 1.87261235714, 10.4926509857, 11.1546325684, 13.8890132904, 15.2520875931, 7.40482234955, 5.95700311661, 15.2647171021, 23.3240394592, 21.4935359955, 24.9290084839, 35.2577285767, 34.2309150696, 47.8718605042, 33.7410240173, 26.179227829, 22.137928009, 23.0424613953, 20.6640701294, 12.9567670822, 19.6164131165, 22.4386806488, 19.5287132263, 19.2511863708, 20.9754104614, 11.0002126694, 12.9847736359, 13.8695297241, 6.27438640594, 4.437104702, 3.57511043549, 1.69697642326, 0.835061967373, 0.462336719036, 0.118566952646, 0.0210066847503, 0.00286746094935, 9.60797769949e-005, 4.55707522633e-005],
        "var": [0.0146096553653, 6.04701900482, 80.8678665161, 88.7053070068, 349.410705566, 1030.35876465, 279.854736328, 173.429611206, 1624.67687988, 3066.53710938, 2590.12744141, 3379.02294922, 8016.43359375, 10945.5810547, 16202.6435547, 8691.73632813, 4612.72412109, 2431.40991211, 2803.80322266, 2237.43383789, 904.046875, 867.761108398, 1502.81176758, 1261.69348145, 538.952941895, 946.026855469, 249.781646729, 415.925170898, 452.726043701, 86.8617782593, 55.2705230713, 63.461139679, 11.5941696167, 4.22417020798, 1.36972618103, 0.145005896688, 0.00702292006463, 0.000180466522579, 1.25270048557e-007, 9.6760466306e-010]
    },
    "gfcc": {
        "mean": [-25.0691738129, 110.816070557, -110.456329346, 64.4557418823, -53.3373947144, 18.3791179657, -23.9547328949, 4.71580600739, -21.3648052216, -10.3524913788, -16.4912185669, -12.3170547485, -12.6769952774],
        "cov": [[10850.8193359, -2687.19824219, -1619.09985352, 76.5003509521, -1795.10705566, 596.896240234, -583.586669922, 606.692687988, -500.815093994, 381.934783936, -238.95489502, 292.706695557, -303.735321045], [-2687.19824219, 1733.67431641, -108.203971863, -338.269805908, 501.810852051, -343.343139648, 373.183807373, -329.072021484, 211.229644775, -283.877349854, 206.965148926, -131.9637146, 87.7241592407], [-1619.09985352, -108.203971863, 1189.58251953, 121.403945923, 184.354324341, -48.9457550049, -174.453216553, 44.9266662598, -35.5734710693, 99.8915023804, -32.3376579285, 15.9779577255, -7.43727302551], [76.5003509521, -338.269805908, 121.403945923, 418.807983398, 15.9175453186, -29.3958816528, -128.542663574, 52.1586303711, 56.256187439, 43.1446876526, -41.0593719482, -12.7769374847, 53.3602752686], [-1795.10705566, 501.810852051, 184.354324341, 15.9175453186, 551.087463379, -60.8743133545, 72.5832290649, -131.5703125, 103.892120361, -45.3164367676, 6.29597473145, -68.1441650391, 99.4116744995], [596.896240234, -343.343139648, -48.9457550049, -29.3958816528, -60.8743133545, 299.91619873, 40.5579681396, 31.4599990845, -90.6045150757, 48.1963500977, -38.9079322815, 28.8678894043, -6.68494701385], [-583.586669922, 373.183807373, -174.453216553, -128.542663574, 72.5832290649, 40.5579681396, 393.343505859, -67.5877685547, -20.6487312317, -111.088737488, 61.5698242188, -1.91417741776, -13.6888332367], [606.692687988, -329.072021484, 44.9266662598, 52.1586303711, -131.5703125, 31.4599990845, -67.5877685547, 205.526275635, -2.27988648415, 61.5820388794, -35.3501167297, -8.51786231995, -24.3102645874], [-500.815093994, 211.229644775, -35.5734710693, 56.256187439, 103.892120361, -90.6045150757, -20.6487312317, -2.27988648415, 187.216827393, -15.7392644882, -2.84439873695, -58.4560546875, 44.3103599548], [381.934783936, -283.877349854, 99.8915023804, 43.1446876526, -45.3164367676, 48.1963500977, -111.088737488, 61.5820388794, -15.7392644882, 136.158569336, -23.4752197266, 11.354306221, -11.6756315231], [-238.95489502, 206.965148926, -32.3376579285, -41.0593719482, 6.29597473145, -38.9079322815, 61.5698242188, -35.3501167297, -2.84439873695, -23.4752197266, 103.647689819, 3.20877408981, -11.3598842621], [292.706695557, -131.9637146, 15.9779577255, -12.7769374847, -68.1441650391, 28.8678894043, -1.91417741776, -8.51786231995, -58.4560546875, 11.354306221, 3.20877408981, 108.691978455, -11.3453760147], [-303.735321045, 87.7241592407, -7.43727302551, 53.3602752686, 99.4116744995, -6.68494701385, -13.6888332367, -24.3102645874, 44.3103599548, -11.6756315231, -11.3598842621, -11.3453760147, 96.7845840454]],
        "icov": [[0.000609501788858, -0.000558834406547, 0.000980253331363, -0.000587490620092, 0.00115294149145, -0.000766282028053, 0.000981022138149, -0.000986834871583, 0.00116440618876, -0.00101015472319, 0.00124184438027, -0.000881904736161, 0.000859663938172], [-0.000558834406547, 0.00702949473634, -0.00156865862664, 0.00509857526049, -0.00286270701326, 0.00488580018282, -0.00327581050806, 0.00492930738255, -0.0046998350881, 0.0055216262117, -0.00768166454509, 0.00475508021191, -0.0045304573141], [0.000980253331363, -0.00156865862664, 0.00278844032437, -0.00164391892031, 0.00123321881983, -0.0013530801516, 0.00221106107347, -0.0024088639766, 0.00286431377754, -0.00257339677773, 0.00272042537108, -0.00218449463136, 0.0024076695554], [-0.000587490620092, 0.00509857526049, -0.00164391892031, 0.00679507385939, -0.00217679259367, 0.00384856690653, -0.00209443410859, 0.00327116460539, -0.00422033341601, 0.00391308311373, -0.00532040605322, 0.00359050254337, -0.00510986289009], [0.00115294149145, -0.00286270701326, 0.00123321881983, -0.00217679259367, 0.00624210340902, -0.00250291568227, 0.00156586710364, -0.000973632209934, 0.00213184324093, -0.00361684919335, 0.00457801390439, -0.00110988540109, -0.000104754370113], [-0.000766282028053, 0.00488580018282, -0.0013530801516, 0.00384856690653, -0.00250291568227, 0.0086135994643, -0.0040757781826, 0.00355790415779, -0.00148839945905, 0.00178478646558, -0.00366247748025, 0.0036292236764, -0.00468372507021], [0.000981022138149, -0.00327581050806, 0.00221106107347, -0.00209443410859, 0.00156586710364, -0.0040757781826, 0.00685991207138, -0.00340704922564, 0.00336448824964, -3.22218984365e-005, 0.00241768592969, -0.003116291482, 0.00397129356861], [-0.000986834871583, 0.00492930738255, -0.0024088639766, 0.00327116460539, -0.000973632209934, 0.00355790415779, -0.00340704922564, 0.0114682046697, -0.00500953663141, 0.00214619119652, -0.0044201943092, 0.00553960818797, -0.00322594377212], [0.00116440618876, -0.0046998350881, 0.00286431377754, -0.00422033341601, 0.00213184324093, -0.00148839945905, 0.00336448824964, -0.00500953663141, 0.0130491862074, -0.0047767944634, 0.00636108964682, -0.000876815058291, 0.00147938053124], [-0.00101015472319, 0.0055216262117, -0.00257339677773, 0.00391308311373, -0.00361684919335, 0.00178478646558, -3.22218984365e-005, 0.00214619119652, -0.0047767944634, 0.0171662531793, -0.0075749293901, 0.00329915201291, -0.00240174797364], [0.00124184438027, -0.00768166454509, 0.00272042537108, -0.00532040605322, 0.00457801390439, -0.00366247748025, 0.00241768592969, -0.0044201943092, 0.00636108964682, -0.0075749293901, 0.0213228333741, -0.00592043995857, 0.00626121647656], [-0.000881904736161, 0.00475508021191, -0.00218449463136, 0.00359050254337, -0.00110988540109, 0.0036292236764, -0.003116291482, 0.00553960818797, -0.000876815058291, 0.00329915201291, -0.00592043995857, 0.0156536530703, -0.00494414987043], [0.000859663938172, -0.0045304573141, 0.0024076695554, -0.00510986289009, -0.000104754370113, -0.00468372507021, 0.00397129356861, -0.00322594377212, 0.00147938053124, -0.00240174797364, 0.00626121647656, -0.00494414987043, 0.0188624337316]]
    },
    "melbands": {
        "mean": [0.00123727321625, 0.00445107603446, 0.00212676497176, 0.00110804662108, 0.000335979770171, 0.000133198162075, 0.000244179274887, 0.000262808141997, 0.00017415297043, 0.000153386718011, 0.000181565177627, 0.000145327154314, 0.000142829594552, 0.000142021337524, 5.35784747626e-005, 5.60819862585e-005, 3.85023085983e-005, 3.56362761522e-005, 3.43241845258e-005, 2.07738503377e-005, 1.30955822897e-005, 1.87287241715e-005, 2.04413572646e-005, 2.08773835766e-005, 1.50680834849e-005, 1.31017040985e-005, 1.65049241332e-005, 1.34473639264e-005, 6.16363695372e-006, 8.23353184387e-006, 7.06560058461e-006, 7.94260449766e-006, 6.3515385591e-006, 2.50015204983e-006, 2.33926380133e-006, 2.91384299089e-006, 1.96472433345e-006, 1.32974923872e-006, 8.50559729315e-007, 6.32663898159e-007],
        "var": [3.53639711648e-006, 1.53209675773e-005, 3.15200509249e-006, 3.39928010362e-006, 5.19711306879e-007, 8.78818013916e-008, 3.95192216729e-007, 4.11839721437e-007, 1.54348754222e-007, 1.38062233646e-007, 2.24322604936e-007, 2.14687517541e-007, 1.92494141515e-007, 2.0770904996e-007, 1.93815630212e-008, 2.57961279004e-008, 7.91892151852e-009, 7.41210337551e-009, 7.32194793684e-009, 2.55719312392e-009, 1.04258035538e-009, 8.39872393854e-010, 1.08635467289e-009, 2.25739560378e-009, 8.58234094903e-010, 2.69920252816e-010, 5.57440815729e-010, 4.61979982047e-010, 8.2279544289e-011, 2.0984027016e-010, 1.34116204253e-010, 1.54367491012e-010, 1.06541102329e-010, 1.6697549593e-011, 1.58611977719e-011, 3.44101275251e-011, 2.12066267324e-011, 7.02955358853e-012, 3.72654164471e-012, 3.0848628773e-012]
    },
    "mfcc": {
        "mean": [-662.109619141, 119.787940979, 13.1594295502, 45.5554275513, 5.75358343124, 17.1387786865, 8.26666259766, 14.1846857071, 2.0095448494, 4.75467443466, 0.286893606186, -3.66629719734, -5.44127559662],
        "cov": [[10915.0859375, -2532.26098633, -932.631896973, -700.420776367, -1197.22619629, -308.179229736, -303.469177246, 58.7994270325, -277.559906006, -5.56822395325, 92.0614242554, -30.9442806244, -128.14881897], [-2532.26098633, 1616.87854004, -222.212814331, -42.8759994507, 66.8974761963, 38.6859931946, 92.1270675659, 80.7995986938, -70.9668960571, -54.2880210876, 62.0084953308, -112.512794495, 70.8605117798], [-932.631896973, -222.212814331, 836.604797363, 139.646774292, 190.814849854, -75.3207702637, -14.6865530014, -102.98084259, 14.1420240402, -3.52041292191, -38.4421539307, 115.00188446, 7.16480064392], [-700.420776367, -42.8759994507, 139.646774292, 383.491821289, 161.534469604, -50.0224647522, -74.0780792236, -41.980846405, 51.2015800476, 19.3991947174, -48.5744132996, 39.738155365, 26.9408187866], [-1197.22619629, 66.8974761963, 190.814849854, 161.534469604, 513.113098145, 28.8905944824, -88.5788726807, -149.518310547, 106.065338135, 67.7138137817, -81.0246353149, 20.8926277161, 0.184256196022], [-308.179229736, 38.6859931946, -75.3207702637, -50.0224647522, 28.8905944824, 254.033294678, 97.717628479, 24.8118400574, 24.7808361053, -45.3650741577, -10.0720424652, -12.8630104065, -18.8218746185], [-303.469177246, 92.1270675659, -14.6865530014, -74.0780792236, -88.5788726807, 97.717628479, 261.89944458, 72.8873748779, -8.02949428558, -29.9152755737, 6.80520439148, 25.87059021, -23.8269004822], [58.7994270325, 80.7995986938, -102.98084259, -41.980846405, -149.518310547, 24.8118400574, 72.8873748779, 165.463562012, -4.0675907135, -35.0620498657, 28.648557663, -18.9157390594, 6.14488077164], [-277.559906006, -70.9668960571, 14.1420240402, 51.2015800476, 106.065338135, 24.7808361053, -8.02949428558, -4.0675907135, 168.787597656, 54.2843856812, -33.9814376831, 14.4633522034, -6.7262096405], [-5.56822395325, -54.2880210876, -3.52041292191, 19.3991947174, 67.7138137817, -45.3650741577, -29.9152755737, -35.0620498657, 54.2843856812, 146.412155151, 1.15642046928, 6.35068941116, -20.0248699188], [92.0614242554, 62.0084953308, -38.4421539307, -48.5744132996, -81.0246353149, -10.0720424652, 6.80520439148, 28.648557663, -33.9814376831, 1.15642046928, 98.5560379028, -2.32918071747, -0.729402244091], [-30.9442806244, -112.512794495, 115.00188446, 39.738155365, 20.8926277161, -12.8630104065, 25.87059021, -18.9157390594, 14.4633522034, 6.35068941116, -2.32918071747, 111.824203491, 5.76356554031], [-128.14881897, 70.8605117798, 7.16480064392, 26.9408187866, 0.184256196022, -18.8218746185, -23.8269004822, 6.14488077164, -6.7262096405, -20.0248699188, -0.729402244091, 5.76356554031, 77.2140579224]],
        "icov": [[0.000434193643741, 0.000686649000272, 0.000521871144883, 0.000560094893444, 0.00063709099777, 0.000386967731174, 0.000492360210046, 0.000240676090471, 0.000404670776334, 6.53409515508e-005, 0.000238044434809, -0.000130546322907, 0.000136393966386], [0.000686649000272, 0.00195787195116, 0.00102182792034, 0.000882369931787, 0.000349237961927, 0.000831167155411, 0.00015665635874, 2.91759752145e-005, 0.00101917807478, 0.00029436670593, -0.000328295631334, 0.000675289717037, -0.000700443051755], [0.000521871144883, 0.00102182792034, 0.00232189241797, 0.000459235481685, 8.95973862498e-005, 0.00113280385267, 0.000163727614563, 0.000701858487446, 0.000673830625601, 0.000734396511689, 0.000169556587934, -0.00131834181957, 0.000172451254912], [0.000560094893444, 0.000882369931787, 0.000459235481685, 0.00421771313995, -5.20671892446e-005, 0.00102322630119, 0.00131176249124, -0.000328784954036, 0.000167647493072, 0.000234324135818, 0.00127037777565, -0.0011405996047, -0.000541403598618], [0.00063709099777, 0.000349237961927, 8.95973862498e-005, -5.20671892446e-005, 0.00533746555448, -0.000792196777184, 0.0016890183324, 0.0032019126229, -0.00110465055332, -0.000966159102973, 0.00208197138272, -0.000268102565315, 0.000500131398439], [0.000386967731174, 0.000831167155411, 0.00113280385267, 0.00102322630119, -0.000792196777184, 0.00622641528025, -0.00183847313747, 0.000173575754161, -0.000796141568571, 0.00256827194244, -0.000159532093676, 0.000640918151475, 0.0009032121161], [0.000492360210046, 0.00015665635874, 0.000163727614563, 0.00131176249124, 0.0016890183324, -0.00183847313747, 0.00691086193547, -0.00180160650052, 0.000719149771612, -0.000309023249429, 0.00159804022405, -0.00292894965969, 0.00224049552344], [0.000240676090471, 2.91759752145e-005, 0.000701858487446, -0.000328784954036, 0.0032019126229, 0.000173575754161, -0.00180160650052, 0.0106234326959, -0.00230472581461, 0.00151634623762, -0.00123178598005, 0.00135745014995, -0.000864933652338], [0.000404670776334, 0.00101917807478, 0.000673830625601, 0.000167647493072, -0.00110465055332, -0.000796141568571, 0.000719149771612, -0.00230472581461, 0.00923575181514, -0.00316276215017, 0.00215370580554, -0.00102198694367, -8.98912985576e-005], [6.53409515508e-005, 0.00029436670593, 0.000734396511689, 0.000234324135818, -0.000966159102973, 0.00256827194244, -0.000309023249429, 0.00151634623762, -0.00316276215017, 0.00998939108104, -0.00198654341511, -4.36845111835e-005, 0.00240036915056], [0.000238044434809, -0.000328295631334, 0.000169556587934, 0.00127037777565, 0.00208197138272, -0.000159532093676, 0.00159804022405, -0.00123178598005, 0.00215370580554, -0.00198654341511, 0.0134947346523, -0.00179737561848, 0.000718729919754], [-0.000130546322907, 0.000675289717037, -0.00131834181957, -0.0011405996047, -0.000268102565315, 0.000640918151475, -0.00292894965969, 0.00135745014995, -0.00102198694367, -4.36845111835e-005, -0.00179737561848, 0.0125901829451, -0.00222818367183], [0.000136393966386, -0.000700443051755, 0.000172451254912, -0.000541403598618, 0.000500131398439, 0.0009032121161, 0.00224049552344, -0.000864933652338, -8.98912985576e-005, 0.00240036915056, 0.000718729919754, -0.00222818367183, 0.0157600659877]]
    },
    "spectral_contrast_coeffs": {
        "mean": [-0.573916733265, -0.710054636002, -0.732355356216, -0.756634891033, -0.744499266148, -0.71941536665],
        "var": [0.00477144215256, 0.00953783001751, 0.00969211850315, 0.00575881358236, 0.00355674955063, 0.0032687485218]
    },
    "spectral_contrast_valleys": {
        "mean": [-7.16461753845, -7.46340608597, -7.98151493073, -8.34003829956, -8.02456760406, -10.6780767441],
        "var": [0.696017980576, 1.17696869373, 1.18492364883, 1.22289478779, 1.61328363419, 2.44816994667]
    }
},
"metadata": {
    "audio_properties": {
        "analysis_sample_rate": 44100,
        "bit_rate": 128068,
        "equal_loudness": 0,
        "length": 45.0479812622,
        "lossless": 0,
        "replay_gain": -6.07304763794,
        "sample_rate": 48000,
        "codec": "mp3",
        "downmix": "mix",
        "md5_encoded": "77e12217a3ae1246fbfd92e482dc448c"
    },
    "tags": {
        "file_name": "1931.mp3"
    },
    "version": {
        "essentia": "2.1-beta2",
        "essentia_git_sha": "v2.1_beta2",
        "extractor": "music 1.0"
    }
},
"rhythm": {
    "beats_count": 83,
    "beats_loudness": {
        "mean": 0.042886197567,
        "var": 0.000679828051943
    },
    "bpm": 117.477333069,
    "bpm_histogram_first_peak_bpm": {
        "mean": 117,
        "var": 0
    },
    "bpm_histogram_first_peak_spread": {
        "mean": 0.387096762657,
        "var": 0
    },
    "bpm_histogram_first_peak_weight": {
        "mean": 0.231707319617,
        "var": 0
    },
    "bpm_histogram_second_peak_bpm": {
        "mean": 112,
        "var": 0
    },
    "bpm_histogram_second_peak_spread": {
        "mean": 0.439999997616,
        "var": 0
    },
    "bpm_histogram_second_peak_weight": {
        "mean": 0.170731708407,
        "var": 0
    },
    "danceability": 1.02405846119,
    "onset_rate": 3.35034894943,
    "beats_loudness_band_ratio": {
        "mean": [0.582865655422, 0.109881676733, 0.122095063329, 0.112030074, 0.0521410703659, 0.0495765395463],
        "var": [0.0700626820326, 0.0210099965334, 0.018704758957, 0.024803172797, 0.00385290919803, 0.00176671915688]
    },
    "beats_position": [0.650158703327, 1.30031740665, 1.95047616959, 2.58902478218, 3.25079369545, 3.90095233917, 4.55111122131, 5.20126962662, 5.85142850876, 6.54802703857, 7.24462556839, 7.89478445053, 8.54494285583, 9.11383247375, 9.69433116913, 10.2748298645, 10.7856683731, 11.2965078354, 11.8189563751, 12.3181858063, 12.8174142838, 13.3166437149, 13.8274831772, 14.3267116547, 14.8259410858, 15.2322902679, 15.6386394501, 16.0449886322, 16.4397277832, 16.8344669342, 17.2408161163, 17.6471652985, 18.0419044495, 18.4366436005, 18.8546028137, 19.4118824005, 19.96916008, 20.5264396667, 21.0837192535, 21.640996933, 22.1866664886, 22.7555541992, 23.312833786, 23.8468933105, 24.3809528351, 24.9266204834, 25.4722900391, 26.0063495636, 26.5404071808, 27.0744667053, 27.6085262299, 28.142583847, 28.6534233093, 29.1758728027, 29.686712265, 30.1975498199, 30.7083892822, 31.2308387756, 31.7416782379, 32.2525177002, 32.7865753174, 33.3090248108, 33.843082428, 34.3887519836, 34.9228096008, 35.4568710327, 35.9561004639, 36.4669380188, 36.9777755737, 37.4886169434, 37.9994544983, 38.5219039917, 39.0559616089, 39.5900230408, 40.124080658, 40.6349182129, 41.1457595825, 41.6565971375, 42.1674385071, 42.678276062, 43.1891136169, 43.7115631104, 44.257232666]
},
"tonal": {
    "chords_changes_rate": 0.0586419738829,
    "chords_number_rate": 0.00823045242578,
    "chords_strength": {
        "mean": 0.500623583794,
        "var": 0.0067717297934
    },
    "hpcp_entropy": {
        "mean": 2.19993877411,
        "var": 0.615224182606
    },
    "key_strength": 0.742113053799,
    "tuning_diatonic_strength": 0.580653548241,
    "tuning_equal_tempered_deviation": 0.135365396738,
    "tuning_frequency": 437.718536377,
    "tuning_nontempered_energy_ratio": 0.759387433529,
    "hpcp": {
        "mean": [0.575313568115, 0.369249880314, 0.129944369197, 0.0804004147649, 0.0669847503304, 0.0596443712711, 0.0598618835211, 0.0544074252248, 0.0480027608573, 0.051996871829, 0.0656539052725, 0.0781368464231, 0.0687247440219, 0.0529383160174, 0.0830294713378, 0.168160617352, 0.163869082928, 0.0914608687162, 0.0622882805765, 0.0574191883206, 0.13132622838, 0.243705540895, 0.200633615255, 0.0869391039014, 0.0512574836612, 0.0414161756635, 0.0459575466812, 0.0520431734622, 0.044740922749, 0.039168279618, 0.043259896338, 0.0475470423698, 0.0558637678623, 0.0632589608431, 0.0919898897409, 0.35080909729],
        "var": [0.177186354995, 0.0959570407867, 0.0590716488659, 0.0370937436819, 0.0322607755661, 0.0209261327982, 0.0209130011499, 0.0165526904166, 0.015082878992, 0.0139119727537, 0.0234189890325, 0.0334902815521, 0.0289392340928, 0.0192658733577, 0.0280152540654, 0.089846111834, 0.0786868557334, 0.0383575335145, 0.0266179908067, 0.0184982698411, 0.0393992550671, 0.0971609950066, 0.0718840435147, 0.026135450229, 0.0214989949018, 0.0158280655742, 0.0189517475665, 0.0239759180695, 0.016873229295, 0.012399780564, 0.0129568409175, 0.0150071131065, 0.0229089912027, 0.025893451646, 0.0331008657813, 0.0961932614446]
    },
    "chords_histogram": [7.09876537323, 3.49794244766, 43.8271598816, 0, 0.925925910473, 0.205761313438, 1.85185182095, 14.6090536118, 3.18930029869, 16.7695465088, 0, 7.92181062698, 0, 0, 0, 0, 0, 0, 0, 0, 0, 0, 0.102880656719, 0],
    "thpcp": [1, 0.641823709011, 0.225867033005, 0.139750599861, 0.116431720555, 0.103672802448, 0.104050882161, 0.0945700332522, 0.0834375619888, 0.0903800576925, 0.114118471742, 0.13581609726, 0.119456149638, 0.0920164585114, 0.144320383668, 0.292293846607, 0.284834384918, 0.158975690603, 0.108268402517, 0.0998050272465, 0.228268951178, 0.423604726791, 0.348737835884, 0.151116028428, 0.0890948623419, 0.0719888731837, 0.079882606864, 0.0904605388641, 0.077767893672, 0.0680816173553, 0.0751935988665, 0.0826454386115, 0.0971014276147, 0.109955623746, 0.159895226359, 0.6097702384],
    "chords_key": "A",
    "chords_scale": "minor",
    "key_key": "D",
    "key_scale": "minor"
}
}