{
"lowlevel": {
    "average_loudness": 0.964575111866,
    "barkbands_crest": {
        "mean": 9.12693691254,
        "var": 15.5993051529
    },
    "barkbands_flatness_db": {
        "mean": 0.122361749411,
        "var": 0.00373217253946
    },
    "barkbands_kurtosis": {
        "mean": 3.94842839241,
        "var": 66.0702514648
    },
    "barkbands_skewness": {
        "mean": 1.61219453812,
        "var": 1.76299345493
    },
    "barkbands_spread": {
        "mean": 28.8635139465,
        "var": 222.393432617
    },
    "dissonance": {
        "mean": 0.48541790247,
        "var": 0.000180318209459
    },
    "dynamic_complexity": 1.74379336834,
    "erbbands_crest": {
        "mean": 7.86259698868,
        "var": 21.5497665405
    },
    "erbbands_flatness_db": {
        "mean": 0.145080655813,
        "var": 0.00159117055591
    },
    "erbbands_kurtosis": {
        "mean": -0.0231419093907,
        "var": 2.94631481171
    },
    "erbbands_skewness": {
        "mean": -0.297948867083,
        "var": 0.52315813303
    },
    "erbbands_spread": {
        "mean": 45.9075965881,
        "var": 248.895874023
    },
    "hfc": {
        "mean": 24.271522522,
        "var": 390.374755859
    },
    "melbands_crest": {
        "mean": 13.6592550278,
        "var": 31.4095783234
    },
    "melbands_flatness_db": {
        "mean": 0.188021764159,
        "var": 0.00536150485277
    },
    "melbands_kurtosis": {
        "mean": 16.0317459106,
        "var": 388.14364624
    },
    "melbands_skewness": {
        "mean": 3.16296768188,
        "var": 2.90954232216
    },
    "melbands_spread": {
        "mean": 28.8283233643,
        "var": 402.831329346
    },
    "pitch_salience": {
        "mean": 0.578642368317,
        "var": 0.0150171881542
    },
    "silence_rate_20dB": {
        "mean": 1,
        "var": 0
    },
    "silence_rate_30dB": {
        "mean": 0.990802228451,
        "var": 0.00911295413971
    },
    "silence_rate_60dB": {
        "mean": 0.0143076134846,
        "var": 0.0141028240323
    },
    "spectral_centroid": {
        "mean": 1603.44445801,
        "var": 432456.84375
    },
    "spectral_complexity": {
        "mean": 25.705160141,
        "var": 140.852935791
    },
    "spectral_decrease": {
        "mean": -7.67363861343e-009,
        "var": 4.56546357969e-017
    },
    "spectral_energy": {
        "mean": 0.0311635732651,
        "var": 0.000691500375979
    },
    "spectral_energyband_high": {
        "mean": 0.0012385614682,
        "var": 3.68266159967e-006
    },
    "spectral_energyband_low": {
        "mean": 0.0138986036181,
        "var": 0.000437231647084
    },
    "spectral_energyband_middle_high": {
        "mean": 0.00564763648435,
        "var": 2.80243439192e-005
    },
    "spectral_energyband_middle_low": {
        "mean": 0.0117591377348,
        "var": 0.000145222089486
    },
    "spectral_entropy": {
        "mean": 7.67259263992,
        "var": 0.118776276708
    },
    "spectral_flux": {
        "mean": 0.0915120020509,
        "var": 0.00383964111097
    },
    "spectral_kurtosis": {
        "mean": 3.90721511841,
        "var": 5.7096414566
    },
    "spectral_rms": {
        "mean": 0.00520160142332,
        "var": 3.34682044922e-006
    },
    "spectral_rolloff": {
        "mean": 1709.12475586,
        "var": 1966406.875
    },
    "spectral_skewness": {
        "mean": 1.31547427177,
        "var": 0.0908446013927
    },
    "spectral_spread": {
        "mean": 4240656,
        "var": 2.44856206131e+012
    },
    "spectral_strongpeak": {
        "mean": 0.849252462387,
        "var": 2.34982514381
    },
    "zerocrossingrate": {
        "mean": 0.0629705637693,
        "var": 0.00107483880129
    },
    "barkbands": {
        "mean": [0.000695989117958, 0.00695373397321, 0.00495421839878, 0.00228245602921, 0.00496431114152, 0.0020490786992, 0.00111059774645, 0.000645347463433, 0.000573278695811, 0.000415299349697, 0.000149339874042, 0.000258230371401, 0.000286783702904, 0.000965144776274, 0.000822981237434, 0.000586704118177, 0.000885638874024, 0.000720864103641, 0.000475115346489, 0.00032643871964, 0.000351822032826, 0.000269677781034, 0.000166609912412, 0.000121982055134, 8.55440885061e-005, 4.44245852123e-005, 1.95965435523e-006],
        "var": [2.17678939407e-006, 0.000207400633371, 4.28177481808e-005, 6.74886041452e-006, 4.08121413784e-005, 1.69701397681e-005, 1.30649061703e-006, 6.76880915762e-007, 8.94195295587e-007, 3.63707295037e-006, 3.48539153094e-008, 2.041460192e-007, 2.1248416715e-007, 5.24422193848e-006, 3.46367573911e-006, 8.44367662012e-007, 1.28650117404e-006, 4.86334840843e-007, 2.68281752369e-007, 1.88485969943e-007, 2.24318810638e-007, 2.99760301914e-007, 1.34873076263e-007, 6.6468906823e-008, 1.77649415178e-008, 1.08037436775e-008, 3.78953153579e-011]
    },
    "erbbands": {
        "mean": [0.244090259075, 1.43411242962, 4.51119565964, 8.39111709595, 11.4890403748, 15.3533668518, 20.8012466431, 15.7627773285, 15.1702461243, 16.8929252625, 14.4611959457, 13.0284891129, 13.8151226044, 8.94703865051, 6.38415002823, 11.1892356873, 14.2404985428, 28.2133102417, 55.217376709, 40.8334732056, 39.5697822571, 50.9013366699, 37.7022132874, 33.9982299805, 18.5545864105, 15.2100992203, 16.1727409363, 12.6293706894, 9.3104724884, 7.99451494217, 4.24462795258, 2.87568378448, 1.84672522545, 1.01115012169, 0.570454478264, 0.260401517153, 0.063199236989, 0.00879836920649, 0.000241704212385, 4.57483329228e-005],
        "var": [0.25158265233, 9.10058403015, 50.0140151978, 80.2541046143, 314.56427002, 397.187957764, 1192.42785645, 727.85546875, 256.827056885, 341.960693359, 297.892303467, 528.133728027, 2436.4128418, 1193.34643555, 69.2062072754, 330.587432861, 494.579345703, 2227.05932617, 15324.1181641, 7806.51025391, 3402.03051758, 4356.59521484, 1417.25158691, 893.93762207, 646.424560547, 418.607849121, 359.04699707, 436.046478271, 321.983917236, 344.490234375, 83.1569061279, 42.5953941345, 13.3491849899, 2.94067597389, 0.667311668396, 0.279683351517, 0.0296736508608, 0.000579361629207, 4.16301929818e-007, 1.80514114767e-009]
    },
    "gfcc": {
        "mean": [18.7328414917, 95.9574050903, -120.67427063, 56.4876976013, -48.29737854, 5.14296627045, -46.5145454407, 9.25638771057, -20.3615188599, 4.99228715897, -16.7738742828, -2.38607597351, -9.6099615097],
        "cov": [[5192.578125, -1653.18554688, 258.556213379, -74.5873336792, -354.92590332, 490.987701416, -291.319244385, 394.999176025, -268.319519043, 400.971343994, -418.142120361, 228.082122803, -347.862976074], [-1653.18554688, 1749.57800293, -292.867126465, 1.93449604511, 462.880706787, -336.932342529, 282.379760742, -203.044723511, 242.019241333, -299.15246582, 267.443389893, -209.575546265, 211.487350464], [258.556213379, -292.867126465, 350.55279541, 26.1838512421, -83.2163543701, 83.0538024902, 26.7770404816, 64.6965942383, -48.1162452698, 57.5390701294, -50.9994926453, 59.8420562744, -54.4435958862], [-74.5873336792, 1.93449604511, 26.1838512421, 159.537017822, 3.99443221092, 9.2225522995, 24.109161377, -8.61969661713, 29.0356426239, -23.0653877258, 30.5913467407, -17.091753006, 5.18063402176], [-354.92590332, 462.880706787, -83.2163543701, 3.99443221092, 314.673858643, -49.3743743896, 111.793106079, -18.0028266907, 94.0467147827, -39.8824958801, 65.5369033813, -60.168346405, 35.8109817505], [490.987701416, -336.932342529, 83.0538024902, 9.2225522995, -49.3743743896, 165.653533936, -8.10325527191, 98.3987884521, -39.311126709, 86.9859161377, -51.205329895, 36.8760643005, -64.3727493286], [-291.319244385, 282.379760742, 26.7770404816, 24.109161377, 111.793106079, -8.10325527191, 165.150100708, 12.0879564285, 51.2501449585, -45.9143981934, 55.3935165405, -26.92420578, 17.8453979492], [394.999176025, -203.044723511, 64.6965942383, -8.61969661713, -18.0028266907, 98.3987884521, 12.0879564285, 149.268341064, -1.81721198559, 68.714050293, -53.8021469116, 18.395198822, -53.3808479309], [-268.319519043, 242.019241333, -48.1162452698, 29.0356426239, 94.0467147827, -39.311126709, 51.2501449585, -1.81721198559, 89.7717132568, -22.2790336609, 42.7255249023, -41.2012825012, 24.0168972015], [400.971343994, -299.15246582, 57.5390701294, -23.0653877258, -39.8824958801, 86.9859161377, -45.9143981934, 68.714050293, -22.2790336609, 121.321998596, -44.911529541, 35.6011199951, -48.2177619934], [-418.142120361, 267.443389893, -50.9994926453, 30.5913467407, 65.5369033813, -51.205329895, 55.3935165405, -53.8021469116, 42.7255249023, -44.911529541, 101.354606628, -13.9288606644, 46.1372871399], [228.082122803, -209.575546265, 59.8420562744, -17.091753006, -60.168346405, 36.8760643005, -26.92420578, 18.395198822, -41.2012825012, 35.6011199951, -13.9288606644, 82.5010375977, -2.75480532646], [-347.862976074, 211.487350464, -54.4435958862, 5.18063402176, 35.8109817505, -64.3727493286, 17.8453979492, -53.3808479309, 24.0168972015, -48.2177619934, 46.1372871399, -2.75480532646, 84.3578033447]],
        "icov": [[0.00046742966515, -0.000480002403492, 0.000351055234205, -0.000594689801801, 0.000104118116724, -0.000468455575174, 0.000266983377514, -0.000189500846318, 0.000597618345637, -0.00076545891352, 0.00162013282534, -0.00152995088138, 0.00127220118884], [-0.000480002403492, 0.00509869866073, -0.000751580228098, 0.00347996526398, -0.0023890149314, 0.00254342774861, -0.00197319732979, -0.000349063746398, -0.00311647146009, 0.00508878333494, -0.00642482144758, 0.00710372254252, -0.00476733641699], [0.000351055234205, -0.000751580228098, 0.00498119881377, -0.00226579396985, 0.00106681569014, 0.000258800253505, -0.00293834460899, 0.000169196762727, 0.00180473818909, -0.00260319490917, 0.00391882564873, -0.00451458524913, 0.0028665990103], [-0.000594689801801, 0.00347996526398, -0.00226579396985, 0.0110145462677, -0.000596404192038, -0.00183943519369, 9.09613008844e-005, 0.000853322446346, -0.00653359247372, 0.00675616366789, -0.00784320291132, 0.00700994534418, -0.00370474904776], [0.000104118116724, -0.0023890149314, 0.00106681569014, -0.000596404192038, 0.00696400599554, -0.00134016911034, -0.00223265285604, 0.00117915007286, -0.00243992405012, -0.0034073991701, 0.00264650513418, -0.00181471731048, 0.00162362144329], [-0.000468455575174, 0.00254342774861, 0.000258800253505, -0.00183943519369, -0.00134016911034, 0.0184093657881, -0.00433095544577, -0.0062479423359, 0.00540454033762, -0.00483977422118, -0.00339431059547, 0.00221473141573, 0.00117501616478], [0.000266983377514, -0.00197319732979, -0.00293834460899, 9.09613008844e-005, -0.00223265285604, -0.00433095544577, 0.0147781288251, -0.00380845111795, -0.00125356798526, 0.00498760305345, -0.00424209749326, -0.00105704774614, 0.00174586626235], [-0.000189500846318, -0.000349063746398, 0.000169196762727, 0.000853322446346, 0.00117915007286, -0.0062479423359, -0.00380845111795, 0.0162447672337, -0.00717691937461, -0.00293120741844, 0.00703015038744, -0.00257312390022, 0.0024062122684], [0.000597618345637, -0.00311647146009, 0.00180473818909, -0.00653359247372, -0.00243992405012, 0.00540454033762, -0.00125356798526, -0.00717691937461, 0.0297961011529, -0.00877574644983, -0.00126572640147, 0.00321882893331, 2.53379403148e-005], [-0.00076545891352, 0.00508878333494, -0.00260319490917, 0.00675616366789, -0.0034073991701, -0.00483977422118, 0.00498760305345, -0.00293120741844, -0.00877574644983, 0.0254410542548, -0.00835099630058, 0.00347130908631, -0.00144489295781], [0.00162013282534, -0.00642482144758, 0.00391882564873, -0.00784320291132, 0.00264650513418, -0.00339431059547, -0.00424209749326, 0.00703015038744, -0.00126572640147, -0.00835099630058, 0.0330910049379, -0.0160667207092, 0.00439538713545], [-0.00152995088138, 0.00710372254252, -0.00451458524913, 0.00700994534418, -0.00181471731048, 0.00221473141573, -0.00105704774614, -0.00257312390022, 0.00321882893331, 0.00347130908631, -0.0160667207092, 0.0339196994901, -0.015443908982], [0.00127220118884, -0.00476733641699, 0.0028665990103, -0.00370474904776, 0.00162362144329, 0.00117501616478, 0.00174586626235, 0.0024062122684, 2.53379403148e-005, -0.00144489295781, 0.00439538713545, -0.015443908982, 0.0287491511554]]
    },
    "melbands": {
        "mean": [0.00207903212868, 0.002261322923, 0.00151543586981, 0.000976132461801, 0.000739433337003, 0.000357653392712, 0.000230800258578, 0.000179525828571, 0.000110726461571, 7.924863894e-005, 6.91474415362e-005, 3.88139997085e-005, 2.06171043828e-005, 2.46108520514e-005, 3.25238870573e-005, 3.01886047964e-005, 5.71363416384e-005, 0.000100943856523, 6.08457557973e-005, 3.7569723645e-005, 5.03814480908e-005, 5.65773007111e-005, 3.53594077751e-005, 3.39899779647e-005, 2.74127396551e-005, 1.71049287019e-005, 9.58338569035e-006, 9.8869413705e-006, 1.17067829706e-005, 6.80758284943e-006, 7.59059685151e-006, 5.08436232849e-006, 5.21715446666e-006, 4.15113936469e-006, 2.48341893894e-006, 1.93882033273e-006, 1.655899041e-006, 1.33181958972e-006, 1.0985568224e-006, 7.79760796377e-007],
        "var": [1.73379357875e-005, 1.41893024193e-005, 2.08120354728e-006, 2.22724474952e-006, 1.14260001283e-006, 4.14308175323e-007, 5.39308864234e-008, 3.61051277764e-008, 1.79546528756e-008, 1.9698115139e-008, 6.92363997246e-008, 2.91684170151e-008, 6.88119283776e-010, 1.46421896829e-009, 3.74111053247e-009, 2.50781151401e-009, 1.17237499708e-008, 6.61737615815e-008, 2.34743477989e-008, 4.03359434742e-009, 6.52870646434e-009, 6.15844841789e-009, 1.49974777042e-009, 1.20668064429e-009, 6.4678717937e-010, 4.96416963092e-010, 2.31830180053e-010, 1.88549606484e-010, 1.84421172778e-010, 1.02161175353e-010, 1.86954896009e-010, 9.71802499583e-011, 1.335961064e-010, 9.88852610906e-011, 2.87104975211e-011, 2.07930703905e-011, 1.41361826758e-011, 7.34196817925e-012, 5.0557323085e-012, 1.6092833446e-012]
    },
    "mfcc": {
        "mean": [-618.311828613, 114.959899902, -5.47847890854, 45.6275520325, 15.92973423, 3.71962332726, -6.45878982544, -0.93005245924, 0.25227817893, -0.418838381767, 2.66801595688, 1.47220373154, -5.74518585205],
        "cov": [[3802.90991211, -1275.55578613, 278.790008545, -362.015930176, -78.8859405518, 57.6259231567, -22.8995666504, 28.2739048004, 98.3773040771, 54.5399284363, 127.108963013, -50.5780410767, 21.9889221191], [-1275.55578613, 1437.52880859, -405.216247559, 226.676101685, 146.149459839, -32.0815505981, 64.9194793701, 49.9544219971, 17.3305912018, 7.24586582184, -40.0397949219, 70.4786148071, -29.5272445679], [278.790008545, -405.216247559, 383.753417969, -38.6592216492, -93.0184020996, 8.02297210693, 18.293674469, 13.4266605377, 1.81307947636, 0.0859843194485, 15.1490869522, -28.2365665436, 22.7066059113], [-362.015930176, 226.676101685, -38.6592216492, 164.403671265, 47.6239089966, 9.38116359711, 12.149187088, 22.3931064606, -5.78687238693, 13.0634222031, -25.490114212, 17.7123012543, 8.39415454865], [-78.8859405518, 146.149459839, -93.0184020996, 47.6239089966, 126.580917358, 17.9240169525, 8.07455158234, 1.62054717541, 22.3070659637, 17.4877567291, 13.8377714157, 29.1012878418, -0.652606129646], [57.6259231567, -32.0815505981, 8.02297210693, 9.38116359711, 17.9240169525, 68.092086792, 25.7406024933, 3.3929002285, -4.68882799149, 7.43121910095, 5.36930179596, 4.87034320831, 10.7981500626], [-22.8995666504, 64.9194793701, 18.293674469, 12.149187088, 8.07455158234, 25.7406024933, 96.4514541626, 48.6291923523, 20.1226730347, 20.7198085785, 21.0325546265, 19.4940795898, 12.4484739304], [28.2739048004, 49.9544219971, 13.4266605377, 22.3931064606, 1.62054717541, 3.3929002285, 48.6291923523, 82.1414337158, 26.119052887, 16.5448684692, 9.66042900085, 14.4822883606, 15.1959009171], [98.3773040771, 17.3305912018, 1.81307947636, -5.78687238693, 22.3070659637, -4.68882799149, 20.1226730347, 26.119052887, 76.5863876343, 31.5033111572, 22.296875, 13.6474905014, 6.5060544014], [54.5399284363, 7.24586582184, 0.0859843194485, 13.0634222031, 17.4877567291, 7.43121910095, 20.7198085785, 16.5448684692, 31.5033111572, 66.7262039185, 32.730014801, 11.2611341476, 1.95544111729], [127.108963013, -40.0397949219, 15.1490869522, -25.490114212, 13.8377714157, 5.36930179596, 21.0325546265, 9.66042900085, 22.296875, 32.730014801, 69.7066268921, 25.2841148376, -1.46373724937], [-50.5780410767, 70.4786148071, -28.2365665436, 17.7123012543, 29.1012878418, 4.87034320831, 19.4940795898, 14.4822883606, 13.6474905014, 11.2611341476, 25.2841148376, 56.9453582764, 17.066734314], [21.9889221191, -29.5272445679, 22.7066059113, 8.39415454865, -0.652606129646, 10.7981500626, 12.4484739304, 15.1959009171, 6.5060544014, 1.95544111729, -1.46373724937, 17.066734314, 43.0673408508]],
        "icov": [[0.000462204887299, 0.000333462405251, 8.62528031575e-005, 0.000621427840088, -0.000167793899891, -0.000384411454434, 0.00032063855906, -0.00057383539388, -0.000396369607188, -0.00010818811279, -0.000316172721796, 0.000265279551968, -2.14085303014e-005], [0.000333462405251, 0.00174362189136, 0.00134582212195, -0.00116851541679, -0.000229524841416, 0.000844455033075, -0.00126775028184, -0.000384285056498, -0.000613571202848, 0.000409687956562, 0.000378982018447, -0.000716452428605, 0.00120108027477], [8.62528031575e-005, 0.00134582212195, 0.00480621680617, -0.00175479787868, 0.00254261982627, 0.000275093712844, -0.00166463805363, 6.77638818161e-005, -0.00105945800897, 0.00114660081454, -0.0020653065294, 0.0020065002609, -0.00164385372773], [0.000621427840088, -0.00116851541679, -0.00175479787868, 0.0119575625286, -0.00380426296033, -0.00156036671251, 0.00207972573116, -0.00363843119703, 0.00299805775285, -0.0052707795985, 0.0061312392354, -0.00254802429117, -0.000503103539813], [-0.000167793899891, -0.000229524841416, 0.00254261982627, -0.00380426296033, 0.013490091078, -0.0038237106055, 0.000664307211991, 0.00212792446837, -0.00430029258132, 0.000796630454715, -0.00246002781205, -0.00319424876943, 0.00134519080166], [-0.000384411454434, 0.000844455033075, 0.000275093712844, -0.00156036671251, -0.0038237106055, 0.0202854145318, -0.00761932181194, 0.00322214188054, 0.00397102115676, -0.00131448893808, 0.000219208173803, 0.00176582741551, -0.00437680399045], [0.00032063855906, -0.00126775028184, -0.00166463805363, 0.00207972573116, 0.000664307211991, -0.00761932181194, 0.0197388119996, -0.00983439851552, -0.00063713704003, -0.00160715763923, -0.00268815131858, -0.00188286846969, -5.16110558237e-005], [-0.00057383539388, -0.000384285056498, 6.77638818161e-005, -0.00363843119703, 0.00212792446837, 0.00322214188054, -0.00983439851552, 0.0213229823858, -0.00430244673043, 0.000217736247578, 4.69027836516e-005, -0.000100310062408, -0.00407228153199], [-0.000396369607188, -0.000613571202848, -0.00105945800897, 0.00299805775285, -0.00430029258132, 0.00397102115676, -0.00063713704003, -0.00430244673043, 0.0205516014248, -0.00797777622938, 0.000466766592581, -0.000836499209981, -0.00199771253392], [-0.00010818811279, 0.000409687956562, 0.00114660081454, -0.0052707795985, 0.000796630454715, -0.00131448893808, -0.00160715763923, 0.000217736247578, -0.00797777622938, 0.0255723986775, -0.0123900184408, 0.00434399116784, -0.000610180082731], [-0.000316172721796, 0.000378982018447, -0.0020653065294, 0.0061312392354, -0.00246002781205, 0.000219208173803, -0.00268815131858, 4.69027836516e-005, 0.000466766592581, -0.0123900184408, 0.0305104888976, -0.0153146879748, 0.00858127046376], [0.000265279551968, -0.000716452428605, 0.0020065002609, -0.00254802429117, -0.00319424876943, 0.00176582741551, -0.00188286846969, -0.000100310062408, -0.000836499209981, 0.00434399116784, -0.0153146879748, 0.0332147330046, -0.0148531412706], [-2.14085303014e-005, 0.00120108027477, -0.00164385372773, -0.000503103539813, 0.00134519080166, -0.00437680399045, -5.16110558237e-005, -0.00407228153199, -0.00199771253392, -0.000610180082731, 0.00858127046376, -0.0148531412706, 0.0340953096747]]
    },
    "spectral_contrast_coeffs": {
        "mean": [-0.633281886578, -0.764787971973, -0.821688175201, -0.783634841442, -0.770124495029, -0.73644977808],
        "var": [0.00611228775233, 0.00291045359336, 0.00155834690668, 0.00383862736635, 0.00166345317848, 0.000475749984616]
    },
    "spectral_contrast_valleys": {
        "mean": [-6.78283548355, -6.38526010513, -7.27065086365, -7.3887181282, -7.07076120377, -10.141327858],
        "var": [0.671057999134, 0.539866626263, 0.552698493004, 0.63703340292, 0.643412828445, 1.44134628773]
    }
},
"metadata": {
    "audio_properties": {
        "analysis_sample_rate": 44100,
        "bit_rate": 128073,
        "equal_loudness": 0,
        "length": 45.4008178711,
        "lossless": 0,
        "replay_gain": -6.30842208862,
        "sample_rate": 44100,
        "codec": "mp3",
        "downmix": "mix",
        "md5_encoded": "10b43ae1fcea642d5abefcaf6908a45b"
    },
    "tags": {
        "file_name": "1932.mp3",
        "album": ["Ice Machine"],
        "artist": ["Six Star General"],
        "date": ["2006", "2006"],
        "genre": ["Rock"],
        "title": ["Cold"],
        "tracknumber": ["02"]
    },
    "version": {
        "essentia": "2.1-beta2",
        "essentia_git_sha": "v2.1_beta2",
        "extractor": "music 1.0"
    }
},
"rhythm": {
    "beats_count": 108,
    "beats_loudness": {
        "mean": 0.041098523885,
        "var": 0.000326867011609
    },
    "bpm": 145.293334961,
    "bpm_histogram_first_peak_bpm": {
        "mean": 144,
        "var": 0
    },
    "bpm_histogram_first_peak_spread": {
        "mean": 0.526315808296,
        "var": 0
    },
    "bpm_histogram_first_peak_weight": {
        "mean": 0.336448609829,
        "var": 0
    },
    "bpm_histogram_second_peak_bpm": {
        "mean": 152,
        "var": 0
    },
    "bpm_histogram_second_peak_spread": {
        "mean": 0,
        "var": 0
    },
    "bpm_histogram_second_peak_weight": {
        "mean": 0.196261689067,
        "var": 0
    },
    "danceability": 1.33700299263,
    "onset_rate": 2.66412830353,
    "beats_loudness_band_ratio": {
        "mean": [0.507032155991, 0.220561116934, 0.0869091451168, 0.044841453433, 0.106320142746, 0.0770741477609],
        "var": [0.0562561042607, 0.0397373624146, 0.00498476065695, 0.001444111811, 0.00671275751665, 0.00555385835469]
    },
    "beats_position": [0.429569154978, 0.870748281479, 1.3235373497, 1.75310659409, 2.15945577621, 2.57741498947, 2.99537420273, 3.41333317757, 3.83129239082, 4.2492518425, 4.65560102463, 5.07355976105, 5.47990942001, 5.89786815643, 6.31582736969, 6.73378658295, 7.12852573395, 7.5464849472, 7.94122457504, 8.35918331146, 8.75392246246, 9.17188167572, 9.58984088898, 9.98458003998, 10.3909292221, 10.7972784042, 11.2036275864, 11.6099767685, 12.0047159195, 12.4226751328, 12.8174142838, 13.235373497, 13.6301136017, 14.0364627838, 14.4312019348, 14.8375511169, 15.2322902679, 15.6502494812, 16.0565986633, 16.4629478455, 16.8692970276, 17.2756462097, 17.6819953918, 18.088344574, 18.4946937561, 18.9010429382, 19.2957820892, 19.7137413025, 20.1200904846, 20.5380496979, 20.94439888, 21.3623580933, 21.7570972443, 22.1634464264, 22.5814056396, 22.9877548218, 23.3941040039, 23.800453186, 24.2068023682, 24.6131515503, 25.0195007324, 25.4258499146, 25.8205890656, 26.2153282166, 26.6100673676, 27.0048065186, 27.4111557007, 27.8175048828, 28.2122440338, 28.6302032471, 29.0481624603, 29.4661216736, 29.8840808868, 30.3020401001, 30.7199993134, 31.1379585266, 31.5443077087, 31.962266922, 32.3686180115, 32.7865753174, 33.1813163757, 33.5760536194, 33.9824028015, 34.3771438599, 34.7602729797, 35.1550102234, 35.572971344, 35.9909286499, 36.3856697083, 36.7920188904, 37.2099761963, 37.6163253784, 38.0226745605, 38.4290237427, 38.8469848633, 39.2649421692, 39.6829032898, 40.1008605957, 40.5304298401, 40.9599990845, 41.3895683289, 41.9004058838, 42.3996353149, 42.8988647461, 43.3980941772, 43.8973236084, 44.4081611633, 44.9073905945]
},
"tonal": {
    "chords_changes_rate": 0.045965269208,
    "chords_number_rate": 0.0102145047858,
    "chords_strength": {
        "mean": 0.530540108681,
        "var": 0.00933381076902
    },
    "hpcp_entropy": {
        "mean": 2.56180810928,
        "var": 0.759618580341
    },
    "key_strength": 0.569472491741,
    "tuning_diatonic_strength": 0.531179249287,
    "tuning_equal_tempered_deviation": 0.309268295765,
    "tuning_frequency": 434.193115234,
    "tuning_nontempered_energy_ratio": 0.951753556728,
    "hpcp": {
        "mean": [0.152290374041, 0.131509959698, 0.0915412604809, 0.0775894373655, 0.0911426916718, 0.160240054131, 0.299459248781, 0.373632282019, 0.264040231705, 0.116467982531, 0.0722841471434, 0.0928917303681, 0.238129720092, 0.381585776806, 0.268810391426, 0.105576232076, 0.0726800113916, 0.0686196535826, 0.0843124389648, 0.11003112793, 0.0995065718889, 0.0796330720186, 0.0820749476552, 0.108608216047, 0.139667645097, 0.101181954145, 0.0585180558264, 0.112792849541, 0.193803548813, 0.17652143538, 0.116425514221, 0.0999568924308, 0.107418306172, 0.157783135772, 0.218545854092, 0.196029305458],
        "var": [0.0570452697575, 0.0547254532576, 0.034621335566, 0.028592960909, 0.0368042811751, 0.0528405979276, 0.11495578289, 0.148442715406, 0.100224733353, 0.0388634763658, 0.0213028863072, 0.0245808493346, 0.0770705640316, 0.157049059868, 0.0864197164774, 0.0249728001654, 0.0156920589507, 0.016124676913, 0.0155524667352, 0.0293088406324, 0.0298641528934, 0.0207507237792, 0.0270782802254, 0.0301138535142, 0.0517380833626, 0.020421102643, 0.00942526105791, 0.0253974143416, 0.0668742284179, 0.0544384382665, 0.0359546989202, 0.030333828181, 0.0364878922701, 0.0493944175541, 0.0725792571902, 0.0628533139825]
    },
    "chords_histogram": [18.4882526398, 0, 1.63432073593, 0, 27.2727279663, 0, 0, 0, 0, 0, 0, 0, 0, 0, 0, 0, 6.63942813873, 14.5045967102, 0, 4.29009199142, 6.02655792236, 13.6874361038, 4.80081701279, 2.65577125549],
    "thpcp": [1, 0.704456031322, 0.276677578688, 0.190468341112, 0.179827600718, 0.220952779055, 0.288352280855, 0.26077118516, 0.208689838648, 0.21508911252, 0.284623324871, 0.366019010544, 0.265161752701, 0.153354912996, 0.295589774847, 0.507889866829, 0.462599605322, 0.305109679699, 0.261951297522, 0.281505018473, 0.41349324584, 0.572730600834, 0.513722777367, 0.399098664522, 0.344640612602, 0.239896938205, 0.203334197402, 0.238852441311, 0.419931948185, 0.784775733948, 0.979156732559, 0.691955089569, 0.305220961571, 0.18943092227, 0.243436038494, 0.624052941799],
    "chords_key": "C#",
    "chords_scale": "major",
    "key_key": "B",
    "key_scale": "major"
}
}