{
"lowlevel": {
    "average_loudness": 0.982867896557,
    "barkbands_crest": {
        "mean": 6.21258544922,
        "var": 5.70711278915
    },
    "barkbands_flatness_db": {
        "mean": 0.0968991592526,
        "var": 0.00038610881893
    },
    "barkbands_kurtosis": {
        "mean": -0.620464205742,
        "var": 1.01380693913
    },
    "barkbands_skewness": {
        "mean": 0.682488501072,
        "var": 0.242163732648
    },
    "barkbands_spread": {
        "mean": 31.5358524323,
        "var": 35.2053184509
    },
    "dissonance": {
        "mean": 0.487773865461,
        "var": 7.05235288478e-005
    },
    "dynamic_complexity": 0.57594794035,
    "erbbands_crest": {
        "mean": 5.67955970764,
        "var": 3.12910914421
    },
    "erbbands_flatness_db": {
        "mean": 0.159287109971,
        "var": 0.000403055775678
    },
    "erbbands_kurtosis": {
        "mean": -0.414078980684,
        "var": 0.655439198017
    },
    "erbbands_skewness": {
        "mean": -0.572953879833,
        "var": 0.142138823867
    },
    "erbbands_spread": {
        "mean": 37.0499229431,
        "var": 53.2167434692
    },
    "hfc": {
        "mean": 32.0412025452,
        "var": 68.8658218384
    },
    "melbands_crest": {
        "mean": 10.5256185532,
        "var": 12.1893119812
    },
    "melbands_flatness_db": {
        "mean": 0.143197074533,
        "var": 0.000617755868006
    },
    "melbands_kurtosis": {
        "mean": 3.16628956795,
        "var": 9.42508220673
    },
    "melbands_skewness": {
        "mean": 1.81287550926,
        "var": 0.357349485159
    },
    "melbands_spread": {
        "mean": 38.5147819519,
        "var": 146.057418823
    },
    "pitch_salience": {
        "mean": 0.689165472984,
        "var": 0.00425500562415
    },
    "silence_rate_20dB": {
        "mean": 1,
        "var": 0
    },
    "silence_rate_30dB": {
        "mean": 1,
        "var": 0
    },
    "silence_rate_60dB": {
        "mean": 0.00154479919001,
        "var": 0.00154241069686
    },
    "spectral_centroid": {
        "mean": 1958.46520996,
        "var": 116993.046875
    },
    "spectral_complexity": {
        "mean": 41.5932044983,
        "var": 22.2959003448
    },
    "spectral_decrease": {
        "mean": -7.40121253173e-009,
        "var": 4.67906500814e-018
    },
    "spectral_energy": {
        "mean": 0.0308400671929,
        "var": 7.08882216713e-005
    },
    "spectral_energyband_high": {
        "mean": 0.000788061530329,
        "var": 1.02704341032e-007
    },
    "spectral_energyband_low": {
        "mean": 0.00642165960744,
        "var": 2.93694411084e-005
    },
    "spectral_energyband_middle_high": {
        "mean": 0.0103526748717,
        "var": 1.16126057037e-005
    },
    "spectral_energyband_middle_low": {
        "mean": 0.0150007605553,
        "var": 5.42805682926e-005
    },
    "spectral_entropy": {
        "mean": 7.74634504318,
        "var": 0.00941609404981
    },
    "spectral_flux": {
        "mean": 0.106343314052,
        "var": 0.000602155458182
    },
    "spectral_kurtosis": {
        "mean": 4.71635866165,
        "var": 2.3667113781
    },
    "spectral_rms": {
        "mean": 0.00543701788411,
        "var": 5.267682468e-007
    },
    "spectral_rolloff": {
        "mean": 2414.51220703,
        "var": 447160.03125
    },
    "spectral_skewness": {
        "mean": 1.20473182201,
        "var": 0.0548566840589
    },
    "spectral_spread": {
        "mean": 3101192.25,
        "var": 1.41958250496e+012
    },
    "spectral_strongpeak": {
        "mean": 0.559948444366,
        "var": 0.620232224464
    },
    "zerocrossingrate": {
        "mean": 0.0716388076544,
        "var": 0.000236248946749
    },
    "barkbands": {
        "mean": [7.05047059455e-005, 0.00213306443766, 0.00264486903325, 0.00291757145897, 0.00453979289159, 0.00257870042697, 0.00243735709228, 0.00114827300422, 0.00111233186908, 0.000795176427346, 0.000649346096907, 0.00101418758277, 0.000549338932615, 0.000503971939906, 0.000788641395047, 0.00151073548477, 0.00144924619235, 0.00158863561228, 0.00138267397415, 0.000492014572956, 0.000323077663779, 9.37920121942e-005, 4.5374599722e-005, 3.47745990439e-005, 2.41547732003e-005, 1.18290572573e-005, 7.10205995347e-007],
        "var": [1.51373260593e-008, 1.64697994478e-005, 4.65360062663e-006, 1.20304885058e-005, 1.38176637847e-005, 3.73915668206e-006, 4.29614601671e-006, 8.82388235368e-007, 7.08751485945e-007, 3.63906110579e-007, 1.97819119307e-007, 5.93708307406e-007, 4.22422033353e-007, 1.33631303356e-007, 2.26045770546e-007, 1.50254493292e-006, 7.90127330674e-007, 7.28747522771e-007, 7.72318287545e-007, 6.07414634146e-008, 2.11841104658e-008, 4.34223146328e-009, 1.21502641282e-009, 6.89417134492e-010, 4.45778719493e-010, 2.41314690452e-010, 2.30038622699e-012]
    },
    "erbbands": {
        "mean": [0.0454836003482, 0.561403274536, 2.60273361206, 7.31463861465, 11.9769363403, 17.0940303802, 15.6764669418, 22.9001579285, 31.1385307312, 34.7564430237, 22.6142101288, 26.551322937, 26.4641513824, 23.7848873138, 31.1318416595, 40.1638832092, 26.032043457, 25.1953163147, 33.0744590759, 59.5209617615, 89.2972717285, 76.6944046021, 78.3263549805, 93.7828216553, 46.3372459412, 24.7148189545, 15.6560955048, 10.4708032608, 3.93579006195, 1.96388804913, 1.23163127899, 0.814537465572, 0.509115874767, 0.3135625422, 0.148097068071, 0.0624985583127, 0.0196102950722, 0.0034630226437, 9.77562158369e-005, 4.08162595704e-005],
        "var": [0.0113743450493, 0.871002972126, 4.196788311, 51.1171875, 142.987838745, 295.952941895, 159.792327881, 341.211212158, 670.103271484, 746.738464355, 328.213012695, 416.372619629, 387.267791748, 229.921661377, 409.75894165, 992.926757813, 738.795288086, 329.30645752, 372.521179199, 2448.12304688, 3351.20385742, 1731.95263672, 1796.6809082, 3401.99658203, 567.946411133, 162.827728271, 47.9276123047, 26.208656311, 7.0896487236, 2.23644065857, 0.992094099522, 0.360206276178, 0.177368223667, 0.0682518258691, 0.0203490443528, 0.00549423741177, 0.000793752551544, 3.16274890793e-005, 1.73325016561e-008, 1.08968410684e-010]
    },
    "gfcc": {
        "mean": [47.5845489502, 100.16305542, -149.294326782, 41.4232940674, -53.0254440308, -6.50618314743, -42.764793396, 10.2714996338, -30.7347450256, -2.7085814476, -18.0311813354, -2.13945102692, -12.0892038345],
        "cov": [[1278.38427734, -95.9221038818, 33.9819335938, -5.76721477509, -23.5574188232, 42.7734222412, -38.5809059143, 42.518737793, -47.8697166443, 32.9176483154, -61.28125, 35.135433197, -62.381778717], [-95.9221038818, 344.84262085, -117.52557373, 75.9631729126, 5.51379537582, -37.649772644, 48.6011199951, -41.8758926392, 51.8772354126, -47.6398086548, 62.0266418457, -61.5057563782, 69.6822891235], [33.9819335938, -117.52557373, 217.589736938, -16.0743503571, 35.9464759827, 41.8791046143, -0.298699021339, 39.2482299805, -11.621257782, 48.9527931213, -31.7598781586, 48.0555648804, -36.2540397644], [-5.76721477509, 75.9631729126, -16.0743503571, 95.0852813721, 32.457698822, 16.3429260254, 30.2064476013, 8.15543365479, 26.216506958, -4.81950139999, 25.4037342072, -11.094045639, 27.4649505615], [-23.5574188232, 5.51379537582, 35.9464759827, 32.457698822, 96.7105178833, 36.0525627136, 38.2064666748, 36.9395332336, 15.6601638794, 24.4727210999, 9.2289648056, 16.59141922, 6.92858219147], [42.7734222412, -37.649772644, 41.8791046143, 16.3429260254, 36.0525627136, 71.0736312866, 30.6461391449, 34.2015304565, 11.1559047699, 22.3098220825, 2.98968505859, 14.6356258392, -4.64152097702], [-38.5809059143, 48.6011199951, -0.298699021339, 30.2064476013, 38.2064666748, 30.6461391449, 65.2322921753, 31.9112033844, 28.2303848267, 13.4871416092, 17.373758316, -0.0129193207249, 11.2591266632], [42.518737793, -41.8758926392, 39.2482299805, 8.15543365479, 36.9395332336, 34.2015304565, 31.9112033844, 74.3546905518, 27.1550559998, 36.8890953064, 5.40685606003, 19.6971340179, -4.64634990692], [-47.8697166443, 51.8772354126, -11.621257782, 26.216506958, 15.6601638794, 11.1559047699, 28.2303848267, 27.1550559998, 60.2803115845, 20.7881698608, 23.309551239, -5.34969997406, 11.7617235184], [32.9176483154, -47.6398086548, 48.9527931213, -4.81950139999, 24.4727210999, 22.3098220825, 13.4871416092, 36.8890953064, 20.7881698608, 61.4968147278, 12.9182510376, 25.6491775513, -10.106584549], [-61.28125, 62.0266418457, -31.7598781586, 25.4037342072, 9.2289648056, 2.98968505859, 17.373758316, 5.40685606003, 23.309551239, 12.9182510376, 57.5390625, 6.42818021774, 23.207201004], [35.135433197, -61.5057563782, 48.0555648804, -11.094045639, 16.59141922, 14.6356258392, -0.0129193207249, 19.6971340179, -5.34969997406, 25.6491775513, 6.42818021774, 52.4225578308, 1.36097824574], [-62.381778717, 69.6822891235, -36.2540397644, 27.4649505615, 6.92858219147, -4.64152097702, 11.2591266632, -4.64634990692, 11.7617235184, -10.106584549, 23.207201004, 1.36097824574, 52.6080436707]],
        "icov": [[0.001310210675, -0.00185927539133, 0.00130824092776, -0.00144184997771, 0.00122932821978, -0.00184604339302, 0.00224779872224, -0.0021498685237, 0.00230271089822, -0.00217884592712, 0.00305069680326, -0.00276640732773, 0.00246730912477], [-0.00185927539133, 0.0134690618142, -0.00369384605438, 0.00174027564935, -0.00360670010559, 0.00810860656202, -0.0108288675547, 0.00904763955623, -0.00911626406014, 0.00843713339418, -0.012141556479, 0.012982243672, -0.0105130150914], [0.00130824092776, -0.00369384605438, 0.0104566663504, -0.00313067948446, 0.00057450926397, -0.00495789106935, 0.0044957366772, -0.00324065471068, 0.00426028901711, -0.0077393501997, 0.00999714247882, -0.0102222878486, 0.00693807099015], [-0.00144184997771, 0.00174027564935, -0.00313067948446, 0.0192153844982, -0.00585819641128, -0.000623776228167, -0.00388292805292, 0.00310195027851, -0.00639860797673, 0.00689657917246, -0.00833083130419, 0.00801238883287, -0.00815932266414], [0.00122932821978, -0.00360670010559, 0.00057450926397, -0.00585819641128, 0.0187939722091, -0.00492159230635, -0.00270734843798, -0.00599165260792, 0.00561775360256, -0.00593736115843, 0.00564581016079, -0.00641423556954, 0.00210886471905], [-0.00184604339302, 0.00810860656202, -0.00495789106935, -0.000623776228167, -0.00492159230635, 0.0283152852207, -0.0143643980846, 0.00169608835131, -0.0041692648083, 0.00456292973831, -0.0079241162166, 0.00660625705495, -0.00451644835994], [0.00224779872224, -0.0108288675547, 0.0044957366772, -0.00388292805292, -0.00270734843798, -0.0143643980846, 0.0389195047319, -0.0145776188001, 0.00233460427262, -0.00514599587768, 0.00720131071284, -0.00711192237213, 0.0071030491963], [-0.0021498685237, 0.00904763955623, -0.00324065471068, 0.00310195027851, -0.00599165260792, 0.00169608835131, -0.0145776188001, 0.034786876291, -0.0152175668627, -0.00144710799213, -0.00465076277032, 0.00391768291593, -0.00618054624647], [0.00230271089822, -0.00911626406014, 0.00426028901711, -0.00639860797673, 0.00561775360256, -0.0041692648083, 0.00233460427262, -0.0152175668627, 0.0382875688374, -0.0170258544385, 0.00407055858523, -0.000773288775235, 0.00452398648486], [-0.00217884592712, 0.00843713339418, -0.0077393501997, 0.00689657917246, -0.00593736115843, 0.00456292973831, -0.00514599587768, -0.00144710799213, -0.0170258544385, 0.0428157225251, -0.0190808288753, 0.00071740092244, -0.000104424419987], [0.00305069680326, -0.012141556479, 0.00999714247882, -0.00833083130419, 0.00564581016079, -0.0079241162166, 0.00720131071284, -0.00465076277032, 0.00407055858523, -0.0190808288753, 0.0439851544797, -0.0207915455103, 0.00410243030638], [-0.00276640732773, 0.012982243672, -0.0102222878486, 0.00801238883287, -0.00641423556954, 0.00660625705495, -0.00711192237213, 0.00391768291593, -0.000773288775235, 0.00071740092244, -0.0207915455103, 0.048583406955, -0.0201821811497], [0.00246730912477, -0.0105130150914, 0.00693807099015, -0.00815932266414, 0.00210886471905, -0.00451644835994, 0.0071030491963, -0.00618054624647, 0.00452398648486, -0.000104424419987, 0.00410243030638, -0.0201821811497, 0.0398388728499]]
    },
    "melbands": {
        "mean": [0.000510585436132, 0.00116428069305, 0.00137733505107, 0.00109700474422, 0.000577628728934, 0.000512812053785, 0.000491865735967, 0.000357520533726, 0.000171782681718, 0.000168615893926, 0.000130200991407, 9.54967035796e-005, 9.4641938631e-005, 0.000115852642921, 7.88991310401e-005, 5.23076923855e-005, 4.58937283838e-005, 4.90811180498e-005, 6.70906592859e-005, 9.55305076786e-005, 0.000108917214675, 8.60771542648e-005, 6.09293820162e-005, 7.97156244516e-005, 7.79605907155e-005, 4.40376388724e-005, 1.93456835405e-005, 1.56684709509e-005, 1.02058729681e-005, 7.78869889473e-006, 5.29286489837e-006, 2.24909535973e-006, 1.41749069371e-006, 9.61727437243e-007, 7.4417715723e-007, 5.18096783253e-007, 4.88637112994e-007, 3.7754278992e-007, 2.91607108238e-007, 2.51867078305e-007],
        "var": [1.15731143069e-006, 1.00127215319e-006, 1.73030571204e-006, 9.70021233115e-007, 1.76528800466e-007, 1.53171995976e-007, 1.6198373487e-007, 7.44812354014e-008, 2.26686829308e-008, 1.73281371474e-008, 1.02047206241e-008, 4.127074682e-009, 3.83478448995e-009, 7.35415328634e-009, 4.22473922512e-009, 6.70040201101e-009, 1.0763374636e-009, 1.12927622808e-009, 2.24925256198e-009, 8.5133970984e-009, 5.41627054318e-009, 2.71183919764e-009, 1.42582967655e-009, 2.07618033876e-009, 2.89411161702e-009, 7.18631987251e-010, 9.9717803459e-011, 8.2136707158e-011, 2.41583298505e-011, 1.66223441261e-011, 7.95325177244e-012, 2.76267984184e-012, 1.62668001898e-012, 6.52015442505e-013, 4.40341583726e-013, 1.67061053576e-013, 1.45812073353e-013, 1.27787523944e-013, 5.73949254009e-014, 5.12352069408e-014]
    },
    "mfcc": {
        "mean": [-581.944519043, 123.372596741, -34.0868682861, 39.325428009, 2.64557480812, -9.26025104523, -2.13531327248, -0.270877152681, -3.03024768829, -6.18534708023, -5.98023509979, -0.411646842957, -2.64344787598],
        "cov": [[585.05291748, -12.9209079742, 3.88290524483, -12.5657138824, -2.87847471237, 5.71853208542, -2.28138947487, 11.2039861679, 0.896866619587, 1.94120359421, 8.0699338913, -5.29210758209, -5.7300491333], [-12.9209079742, 198.401733398, -40.4017372131, 46.4302940369, -10.3700485229, -0.70898848772, 5.98324966431, -6.48621320724, 6.22319078445, 6.5591173172, -5.8357963562, 13.3065595627, -9.267370224], [3.88290524483, -40.4017372131, 129.18321228, -11.4955968857, 9.44849014282, 14.1427078247, -5.23293209076, 5.59300851822, 0.804372906685, 5.05668640137, 8.80168151855, -1.89897203445, 6.96873807907], [-12.5657138824, 46.4302940369, -11.4955968857, 79.3452224731, 17.0377044678, 9.49385547638, 13.2186670303, 7.89864253998, 14.0203886032, 8.16554260254, 5.53624010086, 8.12573719025, 2.87610507011], [-2.87847471237, -10.3700485229, 9.44849014282, 17.0377044678, 59.4357681274, 16.3704662323, 21.300743103, 14.3294401169, 15.7684955597, 11.9094076157, 10.2338218689, 8.35406398773, 12.663476944], [5.71853208542, -0.70898848772, 14.1427078247, 9.49385547638, 16.3704662323, 50.8776321411, 19.5660839081, 12.9968109131, 8.97267818451, 9.42453861237, 9.31273269653, 2.92961144447, 2.49026942253], [-2.28138947487, 5.98324966431, -5.23293209076, 13.2186670303, 21.300743103, 19.5660839081, 58.7500953674, 21.4688472748, 16.8016166687, 11.1532897949, 11.9331359863, 11.0295705795, 7.37348127365], [11.2039861679, -6.48621320724, 5.59300851822, 7.89864253998, 14.3294401169, 12.9968109131, 21.4688472748, 47.0885696411, 21.8371372223, 13.5501499176, 11.9124221802, 4.83523225784, 10.1503829956], [0.896866619587, 6.22319078445, 0.804372906685, 14.0203886032, 15.7684955597, 8.97267818451, 16.8016166687, 21.8371372223, 52.6810836792, 23.9203300476, 16.1956195831, 8.69029045105, 7.09188985825], [1.94120359421, 6.5591173172, 5.05668640137, 8.16554260254, 11.9094076157, 9.42453861237, 11.1532897949, 13.5501499176, 23.9203300476, 48.4204978943, 25.1066246033, 13.9258327484, 7.65885734558], [8.0699338913, -5.8357963562, 8.80168151855, 5.53624010086, 10.2338218689, 9.31273269653, 11.9331359863, 11.9124221802, 16.1956195831, 25.1066246033, 50.60338974, 20.619348526, 13.8863220215], [-5.29210758209, 13.3065595627, -1.89897203445, 8.12573719025, 8.35406398773, 2.92961144447, 11.0295705795, 4.83523225784, 8.69029045105, 13.9258327484, 20.619348526, 44.1372146606, 15.77987957], [-5.7300491333, -9.267370224, 6.96873807907, 2.87610507011, 12.663476944, 2.49026942253, 7.37348127365, 10.1503829956, 7.09188985825, 7.65885734558, 13.8863220215, 15.77987957, 43.027053833]],
        "icov": [[0.00174056936521, 1.48756089402e-005, 4.14253408962e-005, 0.000277064740658, 4.20788492193e-005, -0.000192330684513, 0.000234022882069, -0.000581590051297, 0.00010207050218, 8.66010450409e-005, -0.00046040356392, 0.000209261022974, 0.000345220149029], [1.48756089402e-005, 0.00674750516191, 0.00138498563319, -0.0039222445339, 0.00220197346061, -0.000312732357997, -0.000494623440318, 0.00114792643581, -0.000434075569501, -0.00133780029137, 0.00188279827125, -0.0024819674436, 0.00128941773437], [4.14253408962e-005, 0.00138498563319, 0.00886173732579, 0.000745196302887, -0.0009885574691, -0.00272941356525, 0.0021501283627, -0.000576165504754, 0.000366957508959, -0.000486096425448, -0.00102623272687, 0.000579328101594, -0.00082010118058], [0.000277064740658, -0.0039222445339, 0.000745196302887, 0.0166438873857, -0.00434527453035, -0.00131125608459, -0.000357116601663, -0.000664964900352, -0.00214837770909, 0.000692801666446, -0.000655886717141, -0.000258691172348, 6.90385277267e-005], [4.20788492193e-005, 0.00220197346061, -0.0009885574691, -0.00434527453035, 0.0232865866274, -0.00358928274363, -0.00496204802766, -0.000311376643367, -0.00265158852562, -0.00171221990604, 0.00127003388479, -0.000843842106406, -0.00415019318461], [-0.000192330684513, -0.000312732357997, -0.00272941356525, -0.00131125608459, -0.00358928274363, 0.0251497067511, -0.00619142968208, -0.00259865471162, 0.00107379152905, -0.00157771166414, -0.00192472047638, 0.00155546085443, 0.00186615507118], [0.000234022882069, -0.000494623440318, 0.0021501283627, -0.000357116601663, -0.00496204802766, -0.00619142968208, 0.0250733420253, -0.00744818244129, -0.00189522840083, 0.00103401811793, -0.00113369163591, -0.00341082201339, 0.000624403532129], [-0.000581590051297, 0.00114792643581, -0.000576165504754, -0.000664964900352, -0.000311376643367, -0.00259865471162, -0.00744818244129, 0.0314327292144, -0.00885638315231, -0.00167233217508, -0.000869633455295, 0.00262209004723, -0.00451276544482], [0.00010207050218, -0.000434075569501, 0.000366957508959, -0.00214837770909, -0.00265158852562, 0.00107379152905, -0.00189522840083, -0.00885638315231, 0.0294809378684, -0.0101259602234, -0.00175822107121, 0.000470816652523, 0.000474626809591], [8.66010450409e-005, -0.00133780029137, -0.000486096425448, 0.000692801666446, -0.00171221990604, -0.00157771166414, 0.00103401811793, -0.00167233217508, -0.0101259602234, 0.0335436649621, -0.0119493417442, -0.00279960781336, 0.00114977138583], [-0.00046040356392, 0.00188279827125, -0.00102623272687, -0.000655886717141, 0.00127003388479, -0.00192472047638, -0.00113369163591, -0.000869633455295, -0.00175822107121, -0.0119493417442, 0.0324537195265, -0.0100033758208, -0.00369717436843], [0.000209261022974, -0.0024819674436, 0.000579328101594, -0.000258691172348, -0.000843842106406, 0.00155546085443, -0.00341082201339, 0.00262209004723, 0.000470816652523, -0.00279960781336, -0.0100033758208, 0.0327401868999, -0.00881705246866], [0.000345220149029, 0.00128941773437, -0.00082010118058, 6.90385277267e-005, -0.00415019318461, 0.00186615507118, 0.000624403532129, -0.00451276544482, 0.000474626809591, 0.00114977138583, -0.00369717436843, -0.00881705246866, 0.0299080517143]]
    },
    "spectral_contrast_coeffs": {
        "mean": [-0.590857028961, -0.767159104347, -0.813848316669, -0.794933199883, -0.767902076244, -0.692364215851],
        "var": [0.00610241526738, 0.00256180064753, 0.00118298328016, 0.00102721550502, 0.000616738630924, 0.00103042263072]
    },
    "spectral_contrast_valleys": {
        "mean": [-7.12055015564, -5.90289354324, -6.38653278351, -6.67347955704, -6.36239624023, -10.3655042648],
        "var": [0.481019258499, 0.363763958216, 0.314505577087, 0.287943720818, 0.291715532541, 0.362116426229]
    }
},
"metadata": {
    "audio_properties": {
        "analysis_sample_rate": 44100,
        "bit_rate": 128074,
        "equal_loudness": 0,
        "length": 45.0612258911,
        "lossless": 0,
        "replay_gain": -5.47676467896,
        "sample_rate": 44100,
        "codec": "mp3",
        "downmix": "mix",
        "md5_encoded": "43bc577c5a788aaf16681d562e77217e"
    },
    "tags": {
        "file_name": "1933.mp3"
    },
    "version": {
        "essentia": "2.1-beta2",
        "essentia_git_sha": "v2.1_beta2",
        "extractor": "music 1.0"
    }
},
"rhythm": {
    "beats_count": 117,
    "beats_loudness": {
        "mean": 0.0318669080734,
        "var": 5.84826884733e-005
    },
    "bpm": 155.223312378,
    "bpm_histogram_first_peak_bpm": {
        "mean": 157,
        "var": 0
    },
    "bpm_histogram_first_peak_spread": {
        "mean": 0.377777814865,
        "var": 0
    },
    "bpm_histogram_first_peak_weight": {
        "mean": 0.482758611441,
        "var": 0
    },
    "bpm_histogram_second_peak_bpm": {
        "mean": 152,
        "var": 0
    },
    "bpm_histogram_second_peak_spread": {
        "mean": 0.0400000177324,
        "var": 0
    },
    "bpm_histogram_second_peak_weight": {
        "mean": 0.206896558404,
        "var": 0
    },
    "danceability": 1.49160420895,
    "onset_rate": 1.59710597992,
    "beats_loudness_band_ratio": {
        "mean": [0.350215643644, 0.208786562085, 0.159464374185, 0.0951311737299, 0.174849122763, 0.0706600546837],
        "var": [0.0191066637635, 0.00918471440673, 0.00446700491011, 0.00233309646137, 0.00454260176048, 0.000676663592458]
    },
    "beats_position": [0.348299324512, 0.708208620548, 1.07972788811, 1.45124709606, 1.82276642323, 2.20589566231, 2.57741498947, 2.94893407822, 3.32045340538, 3.72680258751, 4.12154197693, 4.5046710968, 4.8994102478, 5.2941493988, 5.67727899551, 6.06040811539, 6.45514726639, 6.84988641739, 7.24462556839, 7.63936471939, 8.0224943161, 8.40562343597, 8.80036258698, 9.19510173798, 9.57823085785, 9.96135997772, 10.3560991287, 10.7508392334, 11.1455783844, 11.5403175354, 11.9350566864, 12.3181858063, 12.7013149261, 13.0960540771, 13.4907932281, 13.8855323792, 14.2802715302, 14.6750106812, 15.0465307236, 15.4180498123, 15.8011789322, 16.1843090057, 16.5558280945, 16.9505672455, 17.3336963654, 17.7168254852, 18.0999546051, 18.483083725, 18.8546028137, 19.2261219025, 19.6092510223, 19.9923801422, 20.3755092621, 20.758638382, 21.1417675018, 21.5248966217, 21.9080276489, 22.2911567688, 22.6626758575, 23.0341949463, 23.4173240662, 23.800453186, 24.1835823059, 24.5667114258, 24.9382305145, 25.3097496033, 25.681268692, 26.0527877808, 26.435918808, 26.8190479279, 27.1905670166, 27.5620861053, 27.9452152252, 28.3283443451, 28.6998634338, 29.0713825226, 29.4429016113, 29.8144207001, 30.1975498199, 30.5806789398, 30.9638080597, 31.3469390869, 31.7184581757, 32.0899772644, 32.4731063843, 32.8562355042, 33.2277526855, 33.5992736816, 33.9824028015, 34.3655319214, 34.7370529175, 35.1085700989, 35.4916992188, 35.8748283386, 36.2463493347, 36.6294784546, 37.0126075745, 37.3957366943, 37.7788658142, 38.1736030579, 38.5567321777, 38.9398651123, 39.3113822937, 39.6829032898, 40.0544204712, 40.4375495911, 40.8206787109, 41.192199707, 41.5869369507, 41.9700660706, 42.3531951904, 42.7363243103, 43.1194534302, 43.5141944885, 43.8973236084, 44.2804527283, 44.6751937866]
},
"tonal": {
    "chords_changes_rate": 0.0452674888074,
    "chords_number_rate": 0.0102880662307,
    "chords_strength": {
        "mean": 0.593571424484,
        "var": 0.00591546529904
    },
    "hpcp_entropy": {
        "mean": 2.98149514198,
        "var": 0.602968633175
    },
    "key_strength": 0.792125046253,
    "tuning_diatonic_strength": 0.555367290974,
    "tuning_equal_tempered_deviation": 0.0566791817546,
    "tuning_frequency": 439.491973877,
    "tuning_nontempered_energy_ratio": 0.776272296906,
    "hpcp": {
        "mean": [0.155923902988, 0.145894348621, 0.275237381458, 0.429567843676, 0.313817054033, 0.139743819833, 0.113918446004, 0.134539470077, 0.205979555845, 0.248889401555, 0.205885127187, 0.198018953204, 0.221827462316, 0.207908913493, 0.222948327661, 0.248814806342, 0.248799681664, 0.27308434248, 0.282202929258, 0.227212652564, 0.160480096936, 0.128777042031, 0.144055873156, 0.246237635612, 0.300936609507, 0.206900134683, 0.138344749808, 0.145650103688, 0.155748561025, 0.198286682367, 0.225096866488, 0.196652650833, 0.239003181458, 0.30533388257, 0.265352874994, 0.194046244025],
        "var": [0.0300462525338, 0.024046625942, 0.0617263391614, 0.145384922624, 0.0736185461283, 0.0213988348842, 0.0147982528433, 0.0203476306051, 0.0433176085353, 0.0641171038151, 0.0360283255577, 0.0421496219933, 0.0725761801004, 0.0472527444363, 0.043854739517, 0.0481407120824, 0.0511216297746, 0.0654807761312, 0.0720056667924, 0.055037137121, 0.0419791415334, 0.0296154264361, 0.0295678246766, 0.0571932569146, 0.0816507264972, 0.0392683558166, 0.0193272400647, 0.0203224215657, 0.0212313514203, 0.0351462140679, 0.0459060892463, 0.0290379021317, 0.0465595349669, 0.103112734854, 0.0795333981514, 0.0429203286767]
    },
    "chords_histogram": [19.4444446564, 3.39506173134, 19.2386837006, 0.411522626877, 6.17283964157, 0, 2.36625504494, 0, 0.411522626877, 0, 0, 0, 0, 0, 0.308641970158, 0, 0, 0, 0, 4.32098770142, 11.1111106873, 7.71604919434, 23.4567909241, 1.64609050751],
    "thpcp": [1, 0.730541288853, 0.325312584639, 0.265193134546, 0.313197255135, 0.479504138231, 0.579394876957, 0.479284316301, 0.460972487926, 0.516396820545, 0.483995527029, 0.519006073475, 0.579221189022, 0.579186022282, 0.635718762875, 0.656946122646, 0.528933107853, 0.373584985733, 0.299782782793, 0.335350692272, 0.573221743107, 0.700556635857, 0.48164716363, 0.322055637836, 0.339061945677, 0.362570345402, 0.461595743895, 0.524007737637, 0.45779183507, 0.55638051033, 0.71079313755, 0.617720544338, 0.45172432065, 0.362978518009, 0.339630514383, 0.640730857849],
    "chords_key": "G#",
    "chords_scale": "major",
    "key_key": "D#",
    "key_scale": "major"
}
}