{
"lowlevel": {
    "average_loudness": 0.541546583176,
    "barkbands_crest": {
        "mean": 9.14470291138,
        "var": 20.5418014526
    },
    "barkbands_flatness_db": {
        "mean": 0.119044475257,
        "var": 0.00173903023824
    },
    "barkbands_kurtosis": {
        "mean": 0.845209896564,
        "var": 15.3054895401
    },
    "barkbands_skewness": {
        "mean": 0.622613608837,
        "var": 1.08174598217
    },
    "barkbands_spread": {
        "mean": 28.5871162415,
        "var": 150.944122314
    },
    "dissonance": {
        "mean": 0.46600663662,
        "var": 0.000698196876328
    },
    "dynamic_complexity": 4.49454116821,
    "erbbands_crest": {
        "mean": 11.4813432693,
        "var": 21.6769447327
    },
    "erbbands_flatness_db": {
        "mean": 0.179354086518,
        "var": 0.00130738469306
    },
    "erbbands_kurtosis": {
        "mean": 0.056954793632,
        "var": 3.0283601284
    },
    "erbbands_skewness": {
        "mean": 0.0974567681551,
        "var": 0.74150800705
    },
    "erbbands_spread": {
        "mean": 34.5008354187,
        "var": 125.268951416
    },
    "hfc": {
        "mean": 22.3932857513,
        "var": 844.525512695
    },
    "melbands_crest": {
        "mean": 11.4973640442,
        "var": 34.1157913208
    },
    "melbands_flatness_db": {
        "mean": 0.151543930173,
        "var": 0.00298407394439
    },
    "melbands_kurtosis": {
        "mean": 4.31740188599,
        "var": 73.4482192993
    },
    "melbands_skewness": {
        "mean": 1.5178040266,
        "var": 1.31641745567
    },
    "melbands_spread": {
        "mean": 43.0511932373,
        "var": 612.555847168
    },
    "pitch_salience": {
        "mean": 0.461385250092,
        "var": 0.0118016125634
    },
    "silence_rate_20dB": {
        "mean": 1,
        "var": 0
    },
    "silence_rate_30dB": {
        "mean": 1,
        "var": 0
    },
    "silence_rate_60dB": {
        "mean": 0.252832144499,
        "var": 0.188914388418
    },
    "spectral_centroid": {
        "mean": 2202.0402832,
        "var": 553016.25
    },
    "spectral_complexity": {
        "mean": 12.1091661453,
        "var": 20.2743167877
    },
    "spectral_decrease": {
        "mean": -2.82519785344e-009,
        "var": 1.34209996484e-017
    },
    "spectral_energy": {
        "mean": 0.0126940961927,
        "var": 0.000230564342928
    },
    "spectral_energyband_high": {
        "mean": 0.0012206339743,
        "var": 5.44910062672e-006
    },
    "spectral_energyband_low": {
        "mean": 0.000254828832112,
        "var": 1.15090031727e-007
    },
    "spectral_energyband_middle_high": {
        "mean": 0.00404303893447,
        "var": 1.47458813444e-005
    },
    "spectral_energyband_middle_low": {
        "mean": 0.00719889393076,
        "var": 0.000160197450896
    },
    "spectral_entropy": {
        "mean": 7.279920578,
        "var": 0.150246918201
    },
    "spectral_flux": {
        "mean": 0.0565796680748,
        "var": 0.0012679429492
    },
    "spectral_kurtosis": {
        "mean": 5.21748161316,
        "var": 3.46642374992
    },
    "spectral_rms": {
        "mean": 0.0030537864659,
        "var": 3.05885805574e-006
    },
    "spectral_rolloff": {
        "mean": 3736.8203125,
        "var": 9886964
    },
    "spectral_skewness": {
        "mean": 1.53945088387,
        "var": 0.072064705193
    },
    "spectral_spread": {
        "mean": 4232993.5,
        "var": 1.64120847974e+012
    },
    "spectral_strongpeak": {
        "mean": 2.56696009636,
        "var": 10.2818584442
    },
    "zerocrossingrate": {
        "mean": 0.117240048945,
        "var": 0.00310917152092
    },
    "barkbands": {
        "mean": [2.52947720583e-005, 0.000178004615009, 4.22700868512e-005, 3.05375579046e-005, 0.00038380533806, 0.000265287002549, 0.00361155159771, 0.00243009580299, 0.000449877319625, 0.000161500851391, 0.00107065821066, 0.000423755729571, 5.90693416598e-005, 8.50166688906e-005, 0.000171726933331, 0.000184686054126, 0.000688987260219, 0.000425203121267, 0.000329721864546, 0.000562977336813, 0.000359641417162, 0.000147712082253, 4.55393092125e-005, 5.67761744605e-005, 0.000216485961573, 0.000248956348514, 3.89676933992e-005],
        "var": [2.77784684144e-009, 7.30900922008e-008, 5.90755400154e-009, 7.88024401288e-009, 4.46017656941e-006, 5.10373695306e-007, 9.65057697613e-005, 3.15295037581e-005, 3.16517628107e-007, 3.86348268933e-008, 5.01994054503e-006, 1.52049483404e-006, 1.35116415834e-008, 2.73283724539e-008, 6.50711911021e-008, 1.26262307276e-007, 1.35959646741e-006, 4.16643786139e-007, 6.8149404342e-007, 1.11040492357e-006, 3.8540227365e-007, 9.78701066856e-008, 1.39927918141e-008, 3.34733805119e-008, 3.69373793774e-007, 8.76743513345e-007, 1.01367866989e-007]
    },
    "erbbands": {
        "mean": [0.00703587196767, 0.0322615839541, 0.0511710196733, 0.0830895230174, 0.421092480421, 1.92094242573, 1.37186992168, 2.82595515251, 20.3454704285, 84.7217254639, 42.5762901306, 9.49286460876, 8.86426639557, 26.4570713043, 31.3443565369, 13.1226444244, 3.13604068756, 4.15641212463, 3.70983719826, 12.1771020889, 15.7053022385, 46.1983795166, 21.8332195282, 15.3191585541, 25.8187503815, 24.5493068695, 15.6491346359, 12.4446382523, 5.35330486298, 3.26845622063, 1.41954731941, 0.727172613144, 1.02400004864, 0.905450642109, 2.17432355881, 0.954352676868, 0.751229822636, 0.109521985054, 0.00355953536928, 9.73645510385e-005],
        "var": [0.000169214225025, 0.00197502365336, 0.00653472589329, 0.042353503406, 3.42404818535, 140.679718018, 37.5415115356, 28.3916149139, 3046.78149414, 43571.4375, 11367.5126953, 106.190467834, 114.648384094, 1240.6887207, 5492.92480469, 1177.7923584, 35.5348358154, 76.2408294678, 31.3414745331, 345.771392822, 614.946533203, 6211.76367188, 816.892211914, 656.759338379, 1943.24353027, 2859.32421875, 772.67199707, 761.757751465, 168.683303833, 47.0942001343, 14.2013721466, 2.97534108162, 12.3714199066, 7.62623405457, 46.2605133057, 18.4837779999, 11.5694437027, 0.286860436201, 0.000470835861051, 1.2742755473e-007]
    },
    "gfcc": {
        "mean": [-32.5482330322, 43.9521560669, -135.737426758, 11.5463962555, -67.3330993652, -10.2372636795, -28.6102428436, 31.2840175629, -23.8674888611, 17.3839588165, -20.783115387, 17.3542022705, -8.31330871582],
        "cov": [[3598.34985352, -1007.37426758, -47.7220077515, -151.716217041, -190.731491089, -150.456329346, 161.281967163, 95.6552047729, -23.3208332062, -4.08269357681, 40.3273468018, 115.393699646, -167.492004395], [-1007.37426758, 1139.56005859, -188.823425293, 23.5918312073, 52.4310798645, 43.5328559875, -65.2862014771, -9.74398326874, 22.0451335907, -6.90461492538, 39.6309814453, -82.1513061523, 69.7185974121], [-47.7220077515, -188.823425293, 282.902404785, 69.779045105, 36.5381088257, 0.469764053822, -6.30870819092, -41.8857421875, -17.665063858, -8.26445388794, -35.8006057739, 8.29361724854, -13.8385839462], [-151.716217041, 23.5918312073, 69.779045105, 244.223342896, 26.5310192108, 80.5591812134, -61.4519882202, -15.7030410767, -40.7677001953, -30.6602420807, -59.1065559387, -6.18572807312, 54.6595573425], [-190.731491089, 52.4310798645, 36.5381088257, 26.5310192108, 162.075088501, -17.988697052, 27.7029533386, -57.209941864, -30.0911808014, -27.6573619843, -17.5777015686, 8.26203346252, -24.8155021667], [-150.456329346, 43.5328559875, 0.469764053822, 80.5591812134, -17.988697052, 227.116439819, -95.6430435181, 54.586566925, 17.9007816315, -21.0123004913, -77.8524780273, -22.342086792, 137.2603302], [161.281967163, -65.2862014771, -6.30870819092, -61.4519882202, 27.7029533386, -95.6430435181, 219.126876831, -34.4723091125, -1.57587146759, 46.0539398193, 91.2609405518, 30.97772789, -118.350524902], [95.6552047729, -9.74398326874, -41.8857421875, -15.7030410767, -57.209941864, 54.586566925, -34.4723091125, 172.931625366, 68.2497024536, 24.4096183777, 16.2593765259, -1.21120321751, 53.6214561462], [-23.3208332062, 22.0451335907, -17.665063858, -40.7677001953, -30.0911808014, 17.9007816315, -1.57587146759, 68.2497024536, 151.629547119, 57.6854515076, -3.49075388908, 23.9297828674, 20.5757102966], [-4.08269357681, -6.90461492538, -8.26445388794, -30.6602420807, -27.6573619843, -21.0123004913, 46.0539398193, 24.4096183777, 57.6854515076, 131.001968384, 66.7595367432, -6.02179288864, -25.9757804871], [40.3273468018, 39.6309814453, -35.8006057739, -59.1065559387, -17.5777015686, -77.8524780273, 91.2609405518, 16.2593765259, -3.49075388908, 66.7595367432, 191.744659424, -25.0292568207, -70.4397735596], [115.393699646, -82.1513061523, 8.29361724854, -6.18572807312, 8.26203346252, -22.342086792, 30.97772789, -1.21120321751, 23.9297828674, -6.02179288864, -25.0292568207, 132.562988281, -31.0110626221], [-167.492004395, 69.7185974121, -13.8385839462, 54.6595573425, -24.8155021667, 137.2603302, -118.350524902, 53.6214561462, 20.5757102966, -25.9757804871, -70.4397735596, -31.0110626221, 188.655319214]],
        "icov": [[0.000441535696154, 0.000373572198441, 0.000258888874669, 3.7296606024e-005, 0.000394710921682, 0.000122884754092, -0.000183199081221, -0.000261574634351, 0.000138709932799, 0.000210245285416, 8.33945377963e-005, -8.00095731393e-005, 0.000215870939428], [0.000373572198441, 0.00149733526632, 0.00111064768862, -0.000269971176749, -0.000312072021188, 5.67121642234e-005, 0.000263578025624, 0.000277409882983, -0.000532119593117, 0.000410951848608, -0.00052910746308, 0.000491394603159, -5.99641170993e-005], [0.000258888874669, 0.00111064768862, 0.00487729813904, -0.00131730840076, -0.000722989498172, 0.000131782726385, 0.000348425935954, 0.000789699784946, -0.000496832595672, -0.000121713674162, 0.000257505394984, 0.000351606955519, 0.000553350255359], [3.7296606024e-005, -0.000269971176749, -0.00131730840076, 0.00569361913949, -0.000482202245621, -0.00159237883054, 0.000615848577581, -1.721065928e-005, 0.0018778120866, -0.000562983099371, 0.000639425241388, -0.000538501655683, -0.000259086547885], [0.000394710921682, -0.000312072021188, -0.000722989498172, -0.000482202245621, 0.00823253486305, 0.000196800901904, -0.00160764704924, 0.0012937693391, 0.000355107913492, 0.0014328485122, 0.000852476630826, -0.000318315520417, 0.000540411681868], [0.000122884754092, 5.67121642234e-005, 0.000131782726385, -0.00159237883054, 0.000196800901904, 0.00893215090036, -0.00032368619577, -0.0016027855454, 7.44759890949e-005, -0.00038777248119, 0.00182033225428, 0.000553969468456, -0.00495200650766], [-0.000183199081221, 0.000263578025624, 0.000348425935954, 0.000615848577581, -0.00160764704924, -0.00032368619577, 0.0085724927485, 0.00107750692405, -0.000338397949236, -0.00129926262889, -0.00273137865588, -0.00136030744761, 0.00329726422206], [-0.000261574634351, 0.000277409882983, 0.000789699784946, -1.721065928e-005, 0.0012937693391, -0.0016027855454, 0.00107750692405, 0.00937593448907, -0.00382096855901, 0.000628055480774, -0.00254136603326, -0.000259560416453, -0.00141281820834], [0.000138709932799, -0.000532119593117, -0.000496832595672, 0.0018778120866, 0.000355107913492, 7.44759890949e-005, -0.000338397949236, -0.00382096855901, 0.0114804133773, -0.00533565506339, 0.00258820340969, -0.00230915448628, -0.000794416060671], [0.000210245285416, 0.000410951848608, -0.000121713674162, -0.000562983099371, 0.0014328485122, -0.00038777248119, -0.00129926262889, 0.000628055480774, -0.00533565506339, 0.0126143340021, -0.00384634663351, 0.00119183782954, 0.000744558346923], [8.33945377963e-005, -0.00052910746308, 0.000257505394984, 0.000639425241388, 0.000852476630826, 0.00182033225428, -0.00273137865588, -0.00254136603326, 0.00258820340969, -0.00384634663351, 0.00994363054633, 0.00198094756342, 0.00112622661982], [-8.00095731393e-005, 0.000491394603159, 0.000351606955519, -0.000538501655683, -0.000318315520417, 0.000553969468456, -0.00136030744761, -0.000259560416453, -0.00230915448628, 0.00119183782954, 0.00198094756342, 0.00947604887187, 0.00141792267095], [0.000215870939428, -5.99641170993e-005, 0.000553350255359, -0.000259086547885, 0.000540411681868, -0.00495200650766, 0.00329726422206, -0.00141281820834, -0.000794416060671, 0.000744558346923, 0.00112622661982, 0.00141792267095, 0.0126169780269]]
    },
    "melbands": {
        "mean": [5.63109824725e-005, 3.24247121171e-005, 1.83838164958e-005, 8.68950010045e-005, 5.76008496864e-005, 5.73442302993e-005, 0.000444390927441, 0.000885629735421, 0.000263519934379, 5.59127402084e-005, 4.12869594584e-005, 9.45559586398e-005, 0.000131166685605, 6.10210918239e-005, 6.93616902936e-006, 7.46285741116e-006, 7.55464998292e-006, 5.18081969858e-006, 1.25235310406e-005, 1.37332999657e-005, 1.48524850374e-005, 5.74656842218e-005, 8.95349148777e-006, 3.24791690218e-005, 7.67534857005e-006, 2.07242737815e-005, 2.11177830352e-005, 1.31482820507e-005, 1.13542773761e-005, 7.97899338068e-006, 5.61483648198e-006, 3.65033361049e-006, 1.60093588875e-006, 1.60383365255e-006, 7.71586826431e-007, 5.99745987984e-007, 4.06523355423e-007, 5.0160565479e-007, 9.45786439388e-007, 6.63749801788e-007],
        "var": [8.29702173633e-009, 1.84402348946e-009, 2.79339218423e-009, 2.46251829594e-007, 7.59788676419e-008, 1.54105421757e-008, 1.56412556862e-006, 3.97780104322e-006, 4.93529057621e-007, 4.58665194714e-009, 2.89040280599e-009, 1.48499283981e-008, 1.06532191069e-007, 3.15647135096e-008, 2.70710981409e-010, 1.82268367066e-010, 3.21799142888e-010, 8.77314054737e-011, 2.94780172494e-010, 3.53768347949e-010, 8.8757762251e-010, 1.03076178704e-008, 1.93628710288e-010, 2.57838927986e-009, 1.84905826761e-010, 2.68283950611e-009, 1.47024870056e-009, 9.87161130617e-010, 5.76140302133e-010, 2.86342366485e-010, 1.56422333419e-010, 1.05984374055e-010, 1.26713535498e-011, 1.28746830905e-011, 5.03986912967e-012, 2.78701757853e-012, 1.0488279082e-012, 1.86780452216e-012, 2.04898424616e-011, 8.48324882563e-012]
    },
    "mfcc": {
        "mean": [-684.687683105, 98.5431365967, -26.3815059662, 22.7003917694, -24.7709598541, -20.1082553864, -6.06557655334, 4.16449308395, 7.73611736298, 0.235301479697, 0.733983814716, 4.66758823395, 9.18040943146],
        "cov": [[2729.44116211, -724.407531738, -43.4585990906, -83.2440490723, -218.433273315, -176.405563354, -10.3314170837, 106.216651917, -31.5473480225, -39.6865730286, 1.17376589775, 110.098274231, 138.788604736], [-724.407531738, 823.120544434, -140.98815918, 17.5381984711, 16.9236221313, 9.52203083038, 17.0452613831, -54.5389060974, -28.8023262024, 6.04398441315, 44.1667556763, 5.0366601944, 13.2889270782], [-43.4585990906, -140.98815918, 229.506835938, 21.6678314209, 58.7549362183, 25.8341903687, -25.529417038, 4.46410655975, 48.3736076355, -15.5014162064, -1.32703578472, -49.9695549011, -32.1757125854], [-83.2440490723, 17.5381984711, 21.6678314209, 191.76713562, -19.6683502197, 34.522605896, 52.7595024109, -5.08179140091, -95.7073059082, -18.6682701111, 26.5612392426, 13.2604637146, -47.3687973022], [-218.433273315, 16.9236221313, 58.7549362183, -19.6683502197, 224.254501343, 38.2378501892, -48.3143844604, 7.97322416306, 114.482688904, -15.1432113647, -55.6429748535, -111.170188904, -55.9112243652], [-176.405563354, 9.52203083038, 25.8341903687, 34.522605896, 38.2378501892, 165.105484009, 3.27761363983, -1.00195884705, 11.288599968, -27.540895462, -16.3003482819, -26.4962825775, -71.9698257446], [-10.3314170837, 17.0452613831, -25.529417038, 52.7595024109, -48.3143844604, 3.27761363983, 190.755554199, -38.6045532227, -115.715286255, 28.725774765, 21.1141910553, 16.3890132904, 9.41199398041], [106.216651917, -54.5389060974, 4.46410655975, -5.08179140091, 7.97322416306, -1.00195884705, -38.6045532227, 138.481079102, 43.6129341125, -42.548789978, -22.7959270477, 4.64046669006, -6.10227251053], [-31.5473480225, -28.8023262024, 48.3736076355, -95.7073059082, 114.482688904, 11.288599968, -115.715286255, 43.6129341125, 258.36807251, -15.2929601669, -19.4879932404, -82.622543335, -15.214015007], [-39.6865730286, 6.04398441315, -15.5014162064, -18.6682701111, -15.1432113647, -27.540895462, 28.725774765, -42.548789978, -15.2929601669, 150.422851563, -19.844039917, 38.828704834, 47.4290466309], [1.17376589775, 44.1667556763, -1.32703578472, 26.5612392426, -55.6429748535, -16.3003482819, 21.1141910553, -22.7959270477, -19.4879932404, -19.844039917, 197.05368042, 23.0309524536, 29.3713932037], [110.098274231, 5.0366601944, -49.9695549011, 13.2604637146, -111.170188904, -26.4962825775, 16.3890132904, 4.64046669006, -82.622543335, 38.828704834, 23.0309524536, 197.046157837, 44.7927093506], [138.788604736, 13.2889270782, -32.1757125854, -47.3687973022, -55.9112243652, -71.9698257446, 9.41199398041, -6.10227251053, -15.214015007, 47.4290466309, 29.3713932037, 44.7927093506, 165.272140503]],
        "icov": [[0.000603576481808, 0.000553726393264, 0.000293103279546, 6.92799512763e-005, 0.000395564973587, 0.000403437152272, -2.31908852584e-005, -0.000143832497997, -7.77282912168e-005, 0.000354218936991, 7.06604041625e-005, -4.65167213406e-005, -0.000277709681541], [0.000553726393264, 0.00197844114155, 0.00132219132502, -0.00020001923258, -0.000164838318597, 0.000191753497347, 0.000100546327303, 0.000412962777773, -3.59080622729e-005, 0.000404421414714, -0.000295401085168, -5.7134013332e-005, -0.000438118411694], [0.000293103279546, 0.00132219132502, 0.00587316649035, -0.00114273838699, -0.000830686942209, -0.000175872250111, 0.000447954400443, 0.000390197295928, -0.000670812733006, 0.000140544827445, -0.000465402990812, 0.000594924669713, -8.58851271914e-005], [6.92799512763e-005, -0.00020001923258, -0.00114273838699, 0.00795152131468, -0.000366730877431, -0.000744670571294, -0.000624423788395, -0.00107501319144, 0.00325507111847, 6.71828602208e-005, -0.00123122741934, -6.53023453197e-005, 0.0020788225811], [0.000395564973587, -0.000164838318597, -0.000830686942209, -0.000366730877431, 0.00849541276693, -0.000147512808326, 0.000237258544075, 0.000149386236444, -0.00252342526801, -0.000290988245979, 0.00169088703115, 0.00292747234926, 0.000973296351731], [0.000403437152272, 0.000191753497347, -0.000175872250111, -0.000744670571294, -0.000147512808326, 0.00801915954798, -0.00058983854251, 0.000314193952363, -0.000619464786723, 0.000899790262338, 0.000453196553281, -0.000260053289821, 0.0025601524394], [-2.31908852584e-005, 0.000100546327303, 0.000447954400443, -0.000624423788395, 0.000237258544075, -0.00058983854251, 0.00785354711115, 0.000512351223733, 0.00333312456496, -0.00151986419223, -0.000653653114568, 0.0013738903217, -0.000198486653971], [-0.000143832497997, 0.000412962777773, 0.000390197295928, -0.00107501319144, 0.000149386236444, 0.000314193952363, 0.000512351223733, 0.00943521782756, -0.00207757088356, 0.00303291575983, 0.00151271326467, -0.00140945392195, -0.00058647262631], [-7.77282912168e-005, -3.59080622729e-005, -0.000670812733006, 0.00325507111847, -0.00252342526801, -0.000619464786723, 0.00333312456496, -0.00207757088356, 0.00861640274525, -0.00115758413449, -0.00132649065927, 0.00183786184061, 0.0003435628023], [0.000354218936991, 0.000404421414714, 0.000140544827445, 6.71828602208e-005, -0.000290988245979, 0.000899790262338, -0.00151986419223, 0.00303291575983, -0.00115758413449, 0.0094656990841, 0.00185072328895, -0.00219865352847, -0.00234743603505], [7.06604041625e-005, -0.000295401085168, -0.000465402990812, -0.00123122741934, 0.00169088703115, 0.000453196553281, -0.000653653114568, 0.00151271326467, -0.00132649065927, 0.00185072328895, 0.00635810242966, -0.000404185178922, -0.00129023310728], [-4.65167213406e-005, -5.7134013332e-005, 0.000594924669713, -6.53023453197e-005, 0.00292747234926, -0.000260053289821, 0.0013738903217, -0.00140945392195, 0.00183786184061, -0.00219865352847, -0.000404185178922, 0.00814627297223, -0.000448267615866], [-0.000277709681541, -0.000438118411694, -8.58851271914e-005, 0.0020788225811, 0.000973296351731, 0.0025601524394, -0.000198486653971, -0.00058647262631, 0.0003435628023, -0.00234743603505, -0.00129023310728, -0.000448267615866, 0.00938798859715]]
    },
    "spectral_contrast_coeffs": {
        "mean": [-0.738750815392, -0.745869576931, -0.73355871439, -0.78819668293, -0.720680117607, -0.685751736164],
        "var": [0.00510842306539, 0.0106435297057, 0.00364177767187, 0.00189780746587, 0.0035276140552, 0.00266650808044]
    },
    "spectral_contrast_valleys": {
        "mean": [-8.5157327652, -6.79369688034, -7.6624379158, -8.35675811768, -8.04772377014, -11.4092235565],
        "var": [0.415225535631, 0.429929167032, 0.472117185593, 0.386979669333, 0.542521238327, 0.811924099922]
    }
},
"metadata": {
    "audio_properties": {
        "analysis_sample_rate": 44100,
        "bit_rate": 128074,
        "equal_loudness": 0,
        "length": 45.0612258911,
        "lossless": 0,
        "replay_gain": -3.82095909119,
        "sample_rate": 44100,
        "codec": "mp3",
        "downmix": "mix",
        "md5_encoded": "a7054dc6650b2f6d15bd7cc72e958a27"
    },
    "tags": {
        "file_name": "1934.mp3"
    },
    "version": {
        "essentia": "2.1-beta2",
        "essentia_git_sha": "v2.1_beta2",
        "extractor": "music 1.0"
    }
},
"rhythm": {
    "beats_count": 100,
    "beats_loudness": {
        "mean": 0.0148827517405,
        "var": 0.000187186058611
    },
    "bpm": 135.008087158,
    "bpm_histogram_first_peak_bpm": {
        "mean": 136,
        "var": 0
    },
    "bpm_histogram_first_peak_spread": {
        "mean": 0.284210503101,
        "var": 0
    },
    "bpm_histogram_first_peak_weight": {
        "mean": 0.686868667603,
        "var": 0
    },
    "bpm_histogram_second_peak_bpm": {
        "mean": 126,
        "var": 0
    },
    "bpm_histogram_second_peak_spread": {
        "mean": 0.5,
        "var": 0
    },
    "bpm_histogram_second_peak_weight": {
        "mean": 0.0202020201832,
        "var": 0
    },
    "danceability": 1.14618897438,
    "onset_rate": 3.57130646706,
    "beats_loudness_band_ratio": {
        "mean": [0.0419449061155, 0.0589063391089, 0.290769070387, 0.111266314983, 0.190309107304, 0.319159060717],
        "var": [0.00352254603058, 0.004879926797, 0.0486235804856, 0.00602591270581, 0.01103592664, 0.038725335151]
    },
    "beats_position": [0.452789098024, 0.9287981987, 1.40480720997, 1.86920630932, 2.32199549675, 2.77478456497, 3.22757363319, 3.66875267029, 4.1099319458, 4.5627207756, 5.01551008224, 5.45668935776, 5.89786815643, 6.33904743195, 6.78022670746, 7.22140598297, 7.67419481277, 8.12698364258, 8.56816291809, 9.0093421936, 9.45052146912, 9.89170074463, 10.3328800201, 10.774058342, 11.2152376175, 11.656416893, 12.0975961685, 12.538775444, 12.9799547195, 13.4211339951, 13.873922348, 14.3267116547, 14.7678909302, 15.2206802368, 15.6734695435, 16.114648819, 16.5558280945, 16.99700737, 17.4381847382, 17.8909740448, 18.3437633514, 18.784942627, 19.2261219025, 19.667301178, 20.1084804535, 20.5612697601, 21.0024490356, 21.4436283112, 21.8848075867, 22.3375968933, 22.7787742615, 23.219953537, 23.6611328125, 24.102312088, 24.5551013947, 24.9962806702, 25.4490699768, 25.8902492523, 26.3314285278, 26.7726078033, 27.2137870789, 27.6549663544, 28.0961437225, 28.5489330292, 29.0017223358, 29.4661216736, 29.9073009491, 30.3484802246, 30.7896595001, 31.2308387756, 31.6720180511, 32.1131973267, 32.5543746948, 33.0071640015, 33.4599533081, 33.901134491, 34.3423118591, 34.783493042, 35.2246704102, 35.6658477783, 36.118637085, 36.5714263916, 37.0126075745, 37.4537849426, 37.8949661255, 38.3361434937, 38.7773246765, 39.2185020447, 39.6712913513, 40.124080658, 40.5652618408, 41.006439209, 41.4476165771, 41.9004058838, 42.3415870667, 42.7827644348, 43.2239456177, 43.6767349243, 44.1179122925, 44.5590934753]
},
"tonal": {
    "chords_changes_rate": 0.0452674888074,
    "chords_number_rate": 0.00617283955216,
    "chords_strength": {
        "mean": 0.515440225601,
        "var": 0.00383058795705
    },
    "hpcp_entropy": {
        "mean": 2.25158238411,
        "var": 0.454834491014
    },
    "key_strength": 0.721631348133,
    "tuning_diatonic_strength": 0.54888677597,
    "tuning_equal_tempered_deviation": 0.107131071389,
    "tuning_frequency": 440,
    "tuning_nontempered_energy_ratio": 0.669689297676,
    "hpcp": {
        "mean": [0.100093781948, 0.104378350079, 0.275604069233, 0.425515204668, 0.286144524813, 0.251574605703, 0.379929929972, 0.278363227844, 0.122918225825, 0.0897570550442, 0.101689912379, 0.20818939805, 0.313276797533, 0.261297106743, 0.147359952331, 0.0880772694945, 0.0655757710338, 0.226938009262, 0.40730753541, 0.236053273082, 0.0552861839533, 0.0646123364568, 0.0779293179512, 0.100101865828, 0.0995415374637, 0.0711869746447, 0.211275190115, 0.363781750202, 0.215350463986, 0.0648056566715, 0.0660127624869, 0.0674869194627, 0.0855766758323, 0.113087832928, 0.161004424095, 0.156669974327],
        "var": [0.0206821300089, 0.0328218229115, 0.0624854154885, 0.126742884517, 0.0657918527722, 0.0541327036917, 0.121489010751, 0.0823374092579, 0.0367748402059, 0.0200498048216, 0.0199908576906, 0.0478328168392, 0.104349389672, 0.0920729935169, 0.0413271076977, 0.0157946888357, 0.0113980630413, 0.0389179289341, 0.132408201694, 0.0476732738316, 0.00713019492105, 0.0120489159599, 0.0168339218944, 0.0253389086574, 0.0256758388132, 0.016277667135, 0.0344388671219, 0.0892165675759, 0.0344101637602, 0.0156544856727, 0.0134512558579, 0.0151653643698, 0.0187931098044, 0.0249048247933, 0.0444388240576, 0.0526671819389]
    },
    "chords_histogram": [29.5267486572, 36.4197540283, 26.3374481201, 0, 0, 0, 0, 0, 0, 0, 0, 0, 0, 0, 0, 1.54320991039, 0, 0.514403283596, 0, 0.411522626877, 0, 0, 1.23456788063, 4.01234579086],
    "thpcp": [1, 0.672466039658, 0.591223537922, 0.892870426178, 0.654179275036, 0.288869172335, 0.21093736589, 0.238980680704, 0.489264309406, 0.736229360104, 0.614072322845, 0.346309483051, 0.206989705563, 0.154109120369, 0.533325254917, 0.957210302353, 0.554746985435, 0.129927635193, 0.15184494853, 0.183141082525, 0.235248625278, 0.233931794763, 0.167295962572, 0.49651619792, 0.854920685291, 0.50609344244, 0.152299270034, 0.155136078596, 0.158600494266, 0.201113089919, 0.265766829252, 0.378375262022, 0.368188887835, 0.235229626298, 0.245298758149, 0.64769500494],
    "chords_key": "D#",
    "chords_scale": "minor",
    "key_key": "B",
    "key_scale": "major"
}
}