{
"lowlevel": {
    "average_loudness": 0.761398792267,
    "barkbands_crest": {
        "mean": 9.3804359436,
        "var": 12.0472869873
    },
    "barkbands_flatness_db": {
        "mean": 0.203004211187,
        "var": 0.0011832023738
    },
    "barkbands_kurtosis": {
        "mean": 6.01360702515,
        "var": 29.1638126373
    },
    "barkbands_skewness": {
        "mean": 1.1613959074,
        "var": 0.662167310715
    },
    "barkbands_spread": {
        "mean": 5.70391368866,
        "var": 10.079875946
    },
    "dissonance": {
        "mean": 0.43336340785,
        "var": 0.00139395450242
    },
    "dynamic_complexity": 2.3485417366,
    "erbbands_crest": {
        "mean": 10.9078063965,
        "var": 21.7387695313
    },
    "erbbands_flatness_db": {
        "mean": 0.255047112703,
        "var": 0.00127817224711
    },
    "erbbands_kurtosis": {
        "mean": 3.97487211227,
        "var": 17.919260025
    },
    "erbbands_skewness": {
        "mean": 1.16864264011,
        "var": 0.504573464394
    },
    "erbbands_spread": {
        "mean": 10.8391752243,
        "var": 29.1651229858
    },
    "hfc": {
        "mean": 12.8887834549,
        "var": 93.6256103516
    },
    "melbands_crest": {
        "mean": 11.5896854401,
        "var": 16.9376907349
    },
    "melbands_flatness_db": {
        "mean": 0.28315654397,
        "var": 0.00125356263015
    },
    "melbands_kurtosis": {
        "mean": 5.35592699051,
        "var": 26.014509201
    },
    "melbands_skewness": {
        "mean": 1.06899118423,
        "var": 0.545729219913
    },
    "melbands_spread": {
        "mean": 8.44840335846,
        "var": 21.8104133606
    },
    "pitch_salience": {
        "mean": 0.646139681339,
        "var": 0.00830702949315
    },
    "silence_rate_20dB": {
        "mean": 1,
        "var": 0
    },
    "silence_rate_30dB": {
        "mean": 0.996910393238,
        "var": 0.00308004533872
    },
    "silence_rate_60dB": {
        "mean": 0.00154479919001,
        "var": 0.00154241069686
    },
    "spectral_centroid": {
        "mean": 642.026855469,
        "var": 30783.5917969
    },
    "spectral_complexity": {
        "mean": 12.5025749207,
        "var": 5.88643550873
    },
    "spectral_decrease": {
        "mean": -5.73462388687e-009,
        "var": 1.82468383437e-017
    },
    "spectral_energy": {
        "mean": 0.0228128321469,
        "var": 0.000287936563836
    },
    "spectral_energyband_high": {
        "mean": 3.1115127058e-005,
        "var": 3.75994035906e-009
    },
    "spectral_energyband_low": {
        "mean": 0.00123223266564,
        "var": 1.17029476314e-005
    },
    "spectral_energyband_middle_high": {
        "mean": 0.00334316911176,
        "var": 1.00138968264e-005
    },
    "spectral_energyband_middle_low": {
        "mean": 0.018788812682,
        "var": 0.000250756565947
    },
    "spectral_entropy": {
        "mean": 6.59277248383,
        "var": 0.0903045088053
    },
    "spectral_flux": {
        "mean": 0.0532157793641,
        "var": 0.000669024011586
    },
    "spectral_kurtosis": {
        "mean": 17.7384605408,
        "var": 42.5458526611
    },
    "spectral_rms": {
        "mean": 0.00446727219969,
        "var": 2.29993133871e-006
    },
    "spectral_rolloff": {
        "mean": 794.366882324,
        "var": 209709.96875
    },
    "spectral_skewness": {
        "mean": 3.33081269264,
        "var": 0.408598005772
    },
    "spectral_spread": {
        "mean": 2617810.25,
        "var": 1.51198800282e+012
    },
    "spectral_strongpeak": {
        "mean": 1.43595981598,
        "var": 1.42697846889
    },
    "zerocrossingrate": {
        "mean": 0.0316708981991,
        "var": 0.000140501666465
    },
    "barkbands": {
        "mean": [0.000116052229714, 0.000939493358601, 0.000151300031575, 8.28530246508e-005, 0.00151667359751, 0.00306546525098, 0.00496872980148, 0.00487145734951, 0.00335536408238, 0.00213608704507, 0.000658178993035, 0.000353227427695, 0.000219639303396, 8.92342213774e-005, 8.95739794942e-005, 5.99881423113e-005, 6.49217035971e-005, 2.83729114017e-005, 1.14686317829e-005, 9.50847334025e-006, 1.17316694741e-005, 4.77291996503e-006, 3.18180946124e-006, 1.8205065544e-006, 1.53998746555e-006, 1.95909638023e-006, 2.65620684559e-007],
        "var": [1.07163366181e-007, 7.98517248768e-006, 2.18765279669e-007, 1.71512724023e-008, 4.45833074991e-006, 2.36458345171e-006, 6.5982923843e-005, 5.30815632374e-005, 4.28627208748e-005, 9.20933689486e-006, 9.71010877038e-007, 1.8191848028e-007, 6.78915199614e-008, 1.61021258549e-008, 2.48283011928e-008, 4.80488271393e-009, 1.70279843559e-008, 3.45406370172e-009, 3.9547123909e-010, 5.61464985616e-010, 2.32527508359e-009, 1.20213894395e-010, 8.98080707024e-011, 1.62609953714e-012, 9.31481522232e-014, 9.21896023062e-014, 8.79780765654e-015]
    },
    "erbbands": {
        "mean": [0.0358667932451, 0.175564706326, 0.199525892735, 0.260582655668, 0.885168731213, 6.04048681259, 14.3291835785, 33.3185958862, 67.2156295776, 81.8779373169, 85.9711608887, 93.2177352905, 65.604675293, 58.3990440369, 29.9950313568, 12.4865541458, 10.2427997589, 6.19611930847, 5.98514318466, 2.28256344795, 3.356361866, 3.7871901989, 2.43246626854, 0.658751904964, 0.566340088844, 0.495971590281, 0.642220795155, 0.267955720425, 0.18822337687, 0.113675668836, 0.0876528546214, 0.0458060055971, 0.0275571439415, 0.0167090930045, 0.0114135732874, 0.0073329275474, 0.00365444878116, 0.00100407400168, 3.4730637708e-005, 2.65195285465e-005],
        "var": [0.0107156857848, 0.31567671895, 0.34019652009, 0.247068613768, 2.61850619316, 85.1239242554, 185.244415283, 288.879089355, 10389.3701172, 16466.328125, 17528.5742188, 29736.875, 9835.71484375, 9537.1875, 1067.71325684, 296.232513428, 119.10332489, 46.0469665527, 62.9505500793, 12.5872650146, 15.049990654, 50.2204246521, 30.4014396667, 1.13247764111, 0.667260825634, 1.97701144218, 9.35934257507, 0.29306319356, 0.226700231433, 0.096810631454, 0.0662212669849, 0.00186271290295, 0.000285193353193, 1.82576950465e-005, 5.66189373785e-006, 2.06250592782e-006, 4.30113431094e-007, 4.54715838316e-008, 1.09850926966e-010, 3.70644709369e-010]
    },
    "gfcc": {
        "mean": [-59.8653869629, 129.450424194, -121.349342346, -33.2909469604, -75.9177932739, -7.70391082764, -32.3863296509, 14.7296638489, -10.1970300674, 12.6399755478, -8.10447978973, 14.4316091537, -4.15581130981],
        "cov": [[1308.04931641, 212.424972534, -152.715423584, 27.6625728607, -30.9888210297, -23.426700592, 37.4492874146, -31.8450317383, 31.720582962, 2.11585140228, 2.99380326271, -32.6691589355, -8.15660953522], [212.424972534, 204.731521606, 126.514595032, 13.1452569962, 81.0857620239, 31.6249790192, -20.4626960754, -20.3296508789, -23.4316558838, -42.6718902588, -14.3680152893, -20.5664634705, -0.867688179016], [-152.715423584, 126.514595032, 228.34312439, 60.688533783, 71.9991378784, 30.8688564301, -36.944858551, -11.1276416779, -41.2615966797, -43.9616699219, -20.1616954803, -4.82038831711, 2.3236386776], [27.6625728607, 13.1452569962, 60.688533783, 227.126037598, 91.3963699341, 11.7314519882, -3.24624633789, -2.063341856, -16.2392139435, -23.1566772461, -29.6005382538, 15.1847772598, -1.31054401398], [-30.9888210297, 81.0857620239, 71.9991378784, 91.3963699341, 158.934280396, 71.4804916382, -1.05465221405, 34.2276039124, 13.4650707245, -4.44631528854, -5.11708498001, 14.3662443161, -7.84822845459], [-23.426700592, 31.6249790192, 30.8688564301, 11.7314519882, 71.4804916382, 106.678291321, 64.6269302368, 42.6161956787, 21.4771213531, 21.3113651276, 17.3543243408, 13.7085018158, 1.26022613049], [37.4492874146, -20.4626960754, -36.944858551, -3.24624633789, -1.05465221405, 64.6269302368, 138.275741577, 64.8676528931, 35.9812469482, 46.5529327393, 37.5488777161, 9.53709411621, 11.9883031845], [-31.8450317383, -20.3296508789, -11.1276416779, -2.063341856, 34.2276039124, 42.6161956787, 64.8676528931, 86.4988021851, 45.8610458374, 30.9260902405, 26.0026435852, 25.0700321198, 8.39706039429], [31.720582962, -23.4316558838, -41.2615966797, -16.2392139435, 13.4650707245, 21.4771213531, 35.9812469482, 45.8610458374, 86.876739502, 58.4651985168, 24.8676300049, -2.77779197693, -9.55689334869], [2.11585140228, -42.6718902588, -43.9616699219, -23.1566772461, -4.44631528854, 21.3113651276, 46.5529327393, 30.9260902405, 58.4651985168, 95.3028564453, 46.9521903992, -12.587647438, -13.1853199005], [2.99380326271, -14.3680152893, -20.1616954803, -29.6005382538, -5.11708498001, 17.3543243408, 37.5488777161, 26.0026435852, 24.8676300049, 46.9521903992, 63.5901756287, 21.6342277527, -5.68447875977], [-32.6691589355, -20.5664634705, -4.82038831711, 15.1847772598, 14.3662443161, 13.7085018158, 9.53709411621, 25.0700321198, -2.77779197693, -12.587647438, 21.6342277527, 77.5646438599, 30.5881919861], [-8.15660953522, -0.867688179016, 2.3236386776, -1.31054401398, -7.84822845459, 1.26022613049, 11.9883031845, 8.39706039429, -9.55689334869, -13.1853199005, -5.68447875977, 30.5881919861, 56.9461174011]],
        "icov": [[0.00404680520296, -0.0135610466823, 0.00893603265285, -0.00571579672396, 0.00952396728098, -0.00308648496866, 0.00338909239508, -0.00441091926768, 0.000314930832246, -0.00365186994895, 0.00181332789361, -0.00221213139594, 0.00177120708395], [-0.0135610466823, 0.0591832697392, -0.0356142856181, 0.0232731867582, -0.0424556322396, 0.0136338025331, -0.0167614407837, 0.0234310273081, -0.00543870124966, 0.0216780137271, -0.0127393398434, 0.0138738164678, -0.00974842533469], [0.00893603265285, -0.0356142856181, 0.0289968345314, -0.0159996952862, 0.0246625989676, -0.0120491366833, 0.0136860432103, -0.0155316172168, 0.00500785885379, -0.00883456133306, 0.00266940495931, -0.00300256139599, 0.00293468940072], [-0.00571579672396, 0.0232731867582, -0.0159996952862, 0.01788075082, -0.0239893868566, 0.0120293917134, -0.0129051785916, 0.0131982611492, -0.000713768822607, 0.0043902839534, 0.00318315066397, -0.00114808545914, -0.000370309484424], [0.00952396728098, -0.0424556322396, 0.0246625989676, -0.0239893868566, 0.0502639710903, -0.0254923291504, 0.0237162932754, -0.0261133182794, 0.00243980251253, -0.0130706820637, 0.00593562424183, -0.00680066971108, 0.00713660707697], [-0.00308648496866, 0.0136338025331, -0.0120491366833, 0.0120293917134, -0.0254923291504, 0.0325070731342, -0.0216961856931, 0.0116568412632, -0.00115098024253, 4.21045333496e-005, 0.00443997560069, -0.00501457275823, 0.00210339040495], [0.00338909239508, -0.0167614407837, 0.0136860432103, -0.0129051785916, 0.0237162932754, -0.0216961856931, 0.0306257326156, -0.022778371349, 0.00444735120982, -0.0048671872355, -0.0073856478557, 0.00666745565832, -0.00466444762424], [-0.00441091926768, 0.0234310273081, -0.0155316172168, 0.0131982611492, -0.0261133182794, 0.0116568412632, -0.022778371349, 0.042147167027, -0.0147989252582, 0.0094662392512, -0.00224013649859, -0.00454939389601, -0.00268543371931], [0.000314930832246, -0.00543870124966, 0.00500785885379, -0.000713768822607, 0.00243980251253, -0.00115098024253, 0.00444735120982, -0.0147989252582, 0.0285841431469, -0.0183004420251, 0.00747976126149, -0.00247442815453, 0.00398469530046], [-0.00365186994895, 0.0216780137271, -0.00883456133306, 0.0043902839534, -0.0130706820637, 4.21045333496e-005, -0.0048671872355, 0.0094662392512, -0.0183004420251, 0.0443400107324, -0.031651712954, 0.0219265110791, -0.00964671745896], [0.00181332789361, -0.0127393398434, 0.00266940495931, 0.00318315066397, 0.00593562424183, 0.00443997560069, -0.0073856478557, -0.00224013649859, 0.00747976126149, -0.031651712954, 0.0517057329416, -0.0295533724129, 0.0175972692668], [-0.00221213139594, 0.0138738164678, -0.00300256139599, -0.00114808545914, -0.00680066971108, -0.00501457275823, 0.00666745565832, -0.00454939389601, -0.00247442815453, 0.0219265110791, -0.0295533724129, 0.0382280871272, -0.0203908570111], [0.00177120708395, -0.00974842533469, 0.00293468940072, -0.000370309484424, 0.00713660707697, 0.00210339040495, -0.00466444762424, -0.00268543371931, 0.00398469530046, -0.00964671745896, 0.0175972692668, -0.0203908570111, 0.0309968199581]]
    },
    "melbands": {
        "mean": [0.000295446778182, 0.000148965555127, 4.75599408674e-005, 0.000220767993596, 0.000487161043566, 0.000658459903207, 0.00107059022412, 0.000946946500335, 0.000661962025333, 0.000582785112783, 0.000311376614263, 0.000234066726989, 9.6727781056e-005, 4.91967330163e-005, 1.97249701159e-005, 2.40433764702e-005, 1.01415362224e-005, 9.51842957875e-006, 5.57557405045e-006, 2.90322623187e-006, 4.17539422415e-006, 3.69914437215e-006, 3.37671735906e-006, 1.23591166812e-006, 4.57171609014e-007, 4.0979821847e-007, 3.17846826192e-007, 3.30707791818e-007, 4.42989602334e-007, 2.30416645763e-007, 1.34833157972e-007, 1.14180139121e-007, 7.39722736398e-008, 5.98443605782e-008, 5.49014735896e-008, 3.65182337703e-008, 2.43867734895e-008, 2.00502743297e-008, 1.55261119517e-008, 1.35204532015e-008],
        "var": [7.53961614919e-007, 1.9842153165e-007, 6.86113033055e-009, 1.56840542331e-007, 2.21632319608e-007, 1.14352125991e-007, 2.81388452095e-006, 2.17065894503e-006, 1.09407994842e-006, 1.27316968701e-006, 2.46294064254e-007, 1.66687087244e-007, 1.67800546791e-008, 3.09863867898e-009, 8.48518866281e-010, 8.98547070083e-010, 1.58844576381e-010, 1.46421388902e-010, 1.12718112621e-010, 1.1943424548e-011, 3.45477882413e-011, 3.64435114031e-011, 7.17020331997e-011, 7.17111396306e-012, 8.51206258257e-013, 4.63683128352e-013, 2.51701356155e-013, 1.54245670056e-012, 5.36623480027e-012, 4.28675026249e-013, 1.026596817e-013, 9.9534435056e-014, 3.17216142676e-014, 3.86824531011e-014, 4.59438497175e-014, 2.1820782096e-015, 3.69788909085e-016, 1.98914993872e-016, 3.66771784344e-017, 1.40515056626e-017]
    },
    "mfcc": {
        "mean": [-711.831726074, 185.002471924, -8.89747428894, -15.5039386749, -26.3444156647, -20.0994319916, -18.5658245087, -3.21034646034, 0.266938954592, 0.081526979804, 1.45847892761, 7.79707098007, 3.59021782875],
        "cov": [[765.321472168, 101.051856995, -125.686340332, 32.971496582, -73.0906448364, 45.5299987793, -16.9271430969, -7.59092235565, 8.12485027313, 32.0058937073, 37.1293487549, 30.2644615173, -14.5458078384], [101.051856995, 257.546936035, 70.9769821167, -39.2545013428, 77.7340316772, 14.1029071808, 19.6083126068, 8.06558895111, -3.34634494781, 1.27860641479, -0.112752132118, -28.6583328247, -14.1653547287], [-125.686340332, 70.9769821167, 161.657470703, 50.0453491211, 49.6160240173, 10.7051343918, 13.9907207489, 9.75368595123, -16.0886974335, -17.6848278046, -24.581445694, -44.9496231079, -42.4184837341], [32.971496582, -39.2545013428, 50.0453491211, 170.969970703, 76.1525650024, 30.0207557678, 7.04165267944, 19.3229618073, 3.59070134163, -27.4032039642, -12.7926454544, -4.03025865555, -48.3276481628], [-73.0906448364, 77.7340316772, 49.6160240173, 76.1525650024, 184.762191772, 48.1286697388, 3.08746099472, 31.4073982239, 11.329334259, -25.2932739258, -4.63534164429, -3.4905769825, -24.0827026367], [45.5299987793, 14.1029071808, 10.7051343918, 30.0207557678, 48.1286697388, 79.3830795288, 34.9888420105, 16.8323516846, 18.6337337494, 11.3321800232, 4.52387142181, 11.5777263641, 18.995262146], [-16.9271430969, 19.6083126068, 13.9907207489, 7.04165267944, 3.08746099472, 34.9888420105, 95.2178573608, 41.2340354919, 21.2179393768, 24.1212425232, -5.31469011307, 3.25406742096, 46.9364585876], [-7.59092235565, 8.06558895111, 9.75368595123, 19.3229618073, 31.4073982239, 16.8323516846, 41.2340354919, 89.9696426392, 42.6372680664, -15.4857559204, -13.6036224365, 7.74853181839, 23.1162586212], [8.12485027313, -3.34634494781, -16.0886974335, 3.59070134163, 11.329334259, 18.6337337494, 21.2179393768, 42.6372680664, 77.5700454712, 21.383430481, -2.57453680038, 28.4076061249, 27.6180076599], [32.0058937073, 1.27860641479, -17.6848278046, -27.4032039642, -25.2932739258, 11.3321800232, 24.1212425232, -15.4857559204, 21.383430481, 95.7392578125, 43.7804450989, 6.4137711525, 31.3744258881], [37.1293487549, -0.112752132118, -24.581445694, -12.7926454544, -4.63534164429, 4.52387142181, -5.31469011307, -13.6036224365, -2.57453680038, 43.7804450989, 72.3299789429, 26.4547233582, 11.310751915], [30.2644615173, -28.6583328247, -44.9496231079, -4.03025865555, -3.4905769825, 11.5777263641, 3.25406742096, 7.74853181839, 28.4076061249, 6.4137711525, 26.4547233582, 101.785614014, 74.1104431152], [-14.5458078384, -14.1653547287, -42.4184837341, -48.3276481628, -24.0827026367, 18.995262146, 46.9364585876, 23.1162586212, 27.6180076599, 31.3744258881, 11.310751915, 74.1104431152, 158.143417358]],
        "icov": [[0.00549809541553, -0.00812430959195, 0.00793364830315, -0.00773407705128, 0.00876575801522, -0.00739711290225, 0.00613440247253, -0.00481347646564, 0.00371601944789, -0.0035857129842, 0.00176663161255, -0.00168301735539, 0.00137361162342], [-0.00812430959195, 0.0186660792679, -0.0144899580628, 0.0156656987965, -0.0168458279222, 0.0115663409233, -0.0114951822907, 0.00828169099987, -0.00623344210908, 0.00597254419699, -0.00376266404055, 0.00288307736628, -0.00110629620031], [0.00793364830315, -0.0144899580628, 0.0210787840188, -0.014328927733, 0.0125894891098, -0.0106906956062, 0.00828612875193, -0.00786743965, 0.00751503324136, -0.00607139710337, 0.00485880021006, -0.000385530409403, 0.00232415529899], [-0.00773407705128, 0.0156656987965, -0.014328927733, 0.0225222744048, -0.016957771033, 0.00897886231542, -0.0116187976673, 0.00659508863464, -0.0049151214771, 0.00566203612834, -0.00180720270146, -0.00111665355507, 0.00294223311357], [0.00876575801522, -0.0168458279222, 0.0125894891098, -0.016957771033, 0.0248779822141, -0.0170985274017, 0.0137433502823, -0.0107559813187, 0.00592759391293, -0.0043961503543, 0.00187410763465, -0.00232910597697, 0.00162195495795], [-0.00739711290225, 0.0115663409233, -0.0106906956062, 0.00897886231542, -0.0170985274017, 0.0299544055015, -0.0158408749849, 0.0100707272068, -0.00854491069913, 0.00513279763982, -0.00420396029949, 0.00215828581713, -0.00297711836174], [0.00613440247253, -0.0114951822907, 0.00828612875193, -0.0116187976673, 0.0137433502823, -0.0158408749849, 0.0294181052595, -0.0164267234504, 0.00877950619906, -0.0120658837259, 0.00673497980461, 1.68719561771e-005, -0.00375701207668], [-0.00481347646564, 0.00828169099987, -0.00786743965, 0.00659508863464, -0.0107559813187, 0.0100707272068, -0.0164267234504, 0.0304215345532, -0.0199712757021, 0.0163932982832, -0.00845972821116, 0.00756670860574, -0.00492022512481], [0.00371601944789, -0.00623344210908, 0.00751503324136, -0.0049151214771, 0.00592759391293, -0.00854491069913, 0.00877950619906, -0.0199712757021, 0.0319543816149, -0.0183703545481, 0.0135900545865, -0.0126682100818, 0.00556847173721], [-0.0035857129842, 0.00597254419699, -0.00607139710337, 0.00566203612834, -0.0043961503543, 0.00513279763982, -0.0120658837259, 0.0163932982832, -0.0183703545481, 0.0308638066053, -0.020342938602, 0.0122597496957, -0.00699944095686], [0.00176663161255, -0.00376266404055, 0.00485880021006, -0.00180720270146, 0.00187410763465, -0.00420396029949, 0.00673497980461, -0.00845972821116, 0.0135900545865, -0.020342938602, 0.0303083322942, -0.0136614525691, 0.00650142040104], [-0.00168301735539, 0.00288307736628, -0.000385530409403, -0.00111665355507, -0.00232910597697, 0.00215828581713, 1.68719561771e-005, 0.00756670860574, -0.0126682100818, 0.0122597496957, -0.0136614525691, 0.0262407977134, -0.0136061422527], [0.00137361162342, -0.00110629620031, 0.00232415529899, 0.00294223311357, 0.00162195495795, -0.00297711836174, -0.00375701207668, -0.00492022512481, 0.00556847173721, -0.00699944095686, 0.00650142040104, -0.0136061422527, 0.0166394058615]]
    },
    "spectral_contrast_coeffs": {
        "mean": [-0.670841634274, -0.690571725368, -0.678035736084, -0.75790899992, -0.799919009209, -0.805319964886],
        "var": [0.0139334127307, 0.00426493259147, 0.00330536486581, 0.00190642592497, 0.00177002395503, 0.000853027799167]
    },
    "spectral_contrast_valleys": {
        "mean": [-8.21679973602, -6.03707361221, -7.20245075226, -8.43474674225, -8.80560588837, -11.3127794266],
        "var": [0.501313328743, 0.521910667419, 0.368431061506, 0.373498857021, 0.360664993525, 0.167421936989]
    }
},
"metadata": {
    "audio_properties": {
        "analysis_sample_rate": 44100,
        "bit_rate": 128074,
        "equal_loudness": 0,
        "length": 45.0612258911,
        "lossless": 0,
        "replay_gain": -5.73101615906,
        "sample_rate": 44100,
        "codec": "mp3",
        "downmix": "mix",
        "md5_encoded": "6f1893a6dc5f9d78d1875b20eb49c825"
    },
    "tags": {
        "file_name": "1937.mp3"
    },
    "version": {
        "essentia": "2.1-beta2",
        "essentia_git_sha": "v2.1_beta2",
        "extractor": "music 1.0"
    }
},
"rhythm": {
    "beats_count": 51,
    "beats_loudness": {
        "mean": 0.0305089112371,
        "var": 0.000254679645877
    },
    "bpm": 68.5629882813,
    "bpm_histogram_first_peak_bpm": {
        "mean": 69,
        "var": 0
    },
    "bpm_histogram_first_peak_spread": {
        "mean": 0.0799999833107,
        "var": 0
    },
    "bpm_histogram_first_peak_weight": {
        "mean": 0.920000016689,
        "var": 0
    },
    "bpm_histogram_second_peak_bpm": {
        "mean": 0,
        "var": 0
    },
    "bpm_histogram_second_peak_spread": {
        "mean": 0,
        "var": 0
    },
    "bpm_histogram_second_peak_weight": {
        "mean": 0,
        "var": 0
    },
    "danceability": 1.01980662346,
    "onset_rate": 1.70801615715,
    "beats_loudness_band_ratio": {
        "mean": [0.207223400474, 0.224968925118, 0.443522125483, 0.140819564462, 0.0126660522074, 0.00139079894871],
        "var": [0.0225303787738, 0.0190369188786, 0.0340944379568, 0.0150455068797, 5.65948321309e-005, 1.72847910562e-006]
    },
    "beats_position": [0.905578196049, 1.83437633514, 2.76317453384, 3.69197273254, 4.59755086899, 5.46829938889, 6.33904743195, 7.22140598297, 8.08054447174, 8.93968200684, 9.82204055786, 10.6811790466, 11.5635375977, 12.4226751328, 13.3050336838, 14.1757822037, 15.0465307236, 15.9172782898, 16.7880268097, 17.6587753296, 18.5295238495, 19.4002723694, 20.2710208893, 21.1301574707, 22.0125160217, 22.8832645416, 23.7540130615, 24.6363716125, 25.5187301636, 26.3894786835, 27.2486171722, 28.1077537537, 28.9785022736, 29.8492507935, 30.7316093445, 31.6023578644, 32.4847145081, 33.3438529968, 34.2146034241, 35.0737419128, 35.9444885254, 36.8152389526, 37.6859855652, 38.5567321777, 39.427482605, 40.2982292175, 41.1689796448, 42.0397262573, 42.9220848083, 43.7928352356, 44.6751937866]
},
"tonal": {
    "chords_changes_rate": 0.0133744860068,
    "chords_number_rate": 0.00205761310644,
    "chords_strength": {
        "mean": 0.572246968746,
        "var": 0.000836014631204
    },
    "hpcp_entropy": {
        "mean": 1.83496296406,
        "var": 0.207251936197
    },
    "key_strength": 0.770336747169,
    "tuning_diatonic_strength": 0.550617992878,
    "tuning_equal_tempered_deviation": 0.0139158619568,
    "tuning_frequency": 446.399932861,
    "tuning_nontempered_energy_ratio": 0.56588190794,
    "hpcp": {
        "mean": [0.691482067108, 0.40432497859, 0.0510288290679, 0.0313307382166, 0.0604073479772, 0.0872541293502, 0.0606363974512, 0.030081178993, 0.309827268124, 0.594043791294, 0.312329083681, 0.0189388338476, 0.0143321435899, 0.0200410392135, 0.173291251063, 0.349362134933, 0.200368240476, 0.0207278523594, 0.0165762417018, 0.0223711188883, 0.110633611679, 0.181342199445, 0.104378372431, 0.315997451544, 0.601284623146, 0.313876837492, 0.0119760707021, 0.00797817669809, 0.031253695488, 0.180597439408, 0.232029020786, 0.0936273410916, 0.028376493603, 0.0238167736679, 0.0279923006892, 0.342492073774],
        "var": [0.0856408700347, 0.0567641183734, 0.0095144007355, 0.00962174963206, 0.0159416999668, 0.0330831557512, 0.0226686242968, 0.0072680413723, 0.0342126190662, 0.0969673991203, 0.0323639027774, 0.00188496382907, 0.00168297288474, 0.00227356585674, 0.0359929651022, 0.129661232233, 0.0410588495433, 0.00180184352212, 0.00157004164066, 0.00262493197806, 0.0371454432607, 0.098861053586, 0.0269289445132, 0.0429488122463, 0.136523962021, 0.0409172177315, 0.000630874419585, 0.000523915281519, 0.002460378455, 0.0457118414342, 0.075767211616, 0.013973438181, 0.00195277750026, 0.00265089329332, 0.00382499187253, 0.0298481117934]
    },
    "chords_histogram": [77.2633743286, 0, 0, 0, 0, 0, 0, 0, 0, 0, 0, 0, 0, 0, 0, 0, 0, 0, 0, 0, 0, 0, 0, 22.7366256714],
    "thpcp": [1, 0.584722280502, 0.0737963169813, 0.0453095473349, 0.0873592421412, 0.126184225082, 0.087690487504, 0.0435024723411, 0.448062628508, 0.859087765217, 0.451680660248, 0.0273887570947, 0.0207267031074, 0.028982732445, 0.250608444214, 0.505236744881, 0.28976637125, 0.0299759805202, 0.0239720493555, 0.0323524214327, 0.159994915128, 0.262251496315, 0.150948777795, 0.456985741854, 0.86955922842, 0.453918993473, 0.0173194240779, 0.0115377930924, 0.0451981276274, 0.261174440384, 0.335553199053, 0.13540096581, 0.041037209332, 0.0344430804253, 0.0404816009104, 0.495301455259],
    "chords_key": "F",
    "chords_scale": "major",
    "key_key": "F",
    "key_scale": "major"
}
}