{
"lowlevel": {
    "average_loudness": 0.981803536415,
    "barkbands_crest": {
        "mean": 9.84422969818,
        "var": 10.2367935181
    },
    "barkbands_flatness_db": {
        "mean": 0.124095581472,
        "var": 0.000838796200696
    },
    "barkbands_kurtosis": {
        "mean": 1.51481044292,
        "var": 7.955037117
    },
    "barkbands_skewness": {
        "mean": 1.51870703697,
        "var": 0.544617235661
    },
    "barkbands_spread": {
        "mean": 30.9841117859,
        "var": 83.6437072754
    },
    "dissonance": {
        "mean": 0.488124758005,
        "var": 7.0385322033e-005
    },
    "dynamic_complexity": 0.786807000637,
    "erbbands_crest": {
        "mean": 6.97410678864,
        "var": 8.70334434509
    },
    "erbbands_flatness_db": {
        "mean": 0.145550191402,
        "var": 0.000388801126974
    },
    "erbbands_kurtosis": {
        "mean": 0.406191647053,
        "var": 1.51126635075
    },
    "erbbands_skewness": {
        "mean": -0.844287157059,
        "var": 0.151855275035
    },
    "erbbands_spread": {
        "mean": 45.0140762329,
        "var": 185.184249878
    },
    "hfc": {
        "mean": 29.2250213623,
        "var": 82.1238250732
    },
    "melbands_crest": {
        "mean": 17.3891830444,
        "var": 22.5146007538
    },
    "melbands_flatness_db": {
        "mean": 0.1899779737,
        "var": 0.00135699566454
    },
    "melbands_kurtosis": {
        "mean": 13.6468191147,
        "var": 117.182159424
    },
    "melbands_skewness": {
        "mean": 3.42217350006,
        "var": 1.48437666893
    },
    "melbands_spread": {
        "mean": 25.7845821381,
        "var": 162.470230103
    },
    "pitch_salience": {
        "mean": 0.55716919899,
        "var": 0.00828546006233
    },
    "silence_rate_20dB": {
        "mean": 1,
        "var": 0
    },
    "silence_rate_30dB": {
        "mean": 0.998970150948,
        "var": 0.00102881598286
    },
    "silence_rate_60dB": {
        "mean": 0.00154479919001,
        "var": 0.00154241069686
    },
    "spectral_centroid": {
        "mean": 1827.34338379,
        "var": 196911.796875
    },
    "spectral_complexity": {
        "mean": 35.0092697144,
        "var": 34.89087677
    },
    "spectral_decrease": {
        "mean": -1.09485185362e-008,
        "var": 2.31006134098e-017
    },
    "spectral_energy": {
        "mean": 0.0439730845392,
        "var": 0.000343306805007
    },
    "spectral_energyband_high": {
        "mean": 0.00116728327703,
        "var": 4.74443851317e-007
    },
    "spectral_energyband_low": {
        "mean": 0.0237880479544,
        "var": 0.000190425635083
    },
    "spectral_energyband_middle_high": {
        "mean": 0.00829211063683,
        "var": 8.15867224446e-006
    },
    "spectral_energyband_middle_low": {
        "mean": 0.0162923038006,
        "var": 0.000207503631827
    },
    "spectral_entropy": {
        "mean": 7.79722213745,
        "var": 0.019272595644
    },
    "spectral_flux": {
        "mean": 0.114493586123,
        "var": 0.00119811459444
    },
    "spectral_kurtosis": {
        "mean": 3.37766957283,
        "var": 1.14253938198
    },
    "spectral_rms": {
        "mean": 0.00641069933772,
        "var": 1.80349240964e-006
    },
    "spectral_rolloff": {
        "mean": 1602.70812988,
        "var": 890300.875
    },
    "spectral_skewness": {
        "mean": 1.10042858124,
        "var": 0.0435963720083
    },
    "spectral_spread": {
        "mean": 3909801,
        "var": 1.39121603379e+012
    },
    "spectral_strongpeak": {
        "mean": 0.60522210598,
        "var": 0.303343266249
    },
    "zerocrossingrate": {
        "mean": 0.0586792379618,
        "var": 0.000343250721926
    },
    "barkbands": {
        "mean": [0.000325693486957, 0.00601574545726, 0.0119121130556, 0.010672765784, 0.00441560801119, 0.000564749410842, 0.000298347935313, 9.83419668046e-005, 0.000212290644413, 0.000404188584071, 0.000942887272686, 0.000350079208147, 0.000764234282542, 0.000631286064163, 0.000912299437914, 0.0010761290323, 0.000868619477842, 0.00101044902112, 0.00101188686676, 0.000566983013414, 0.000470812025014, 0.000169588034623, 0.000109451881144, 8.66361369845e-005, 6.94018453942e-005, 1.21560797197e-005, 3.44246075201e-007],
        "var": [1.57049655058e-007, 2.13138955587e-005, 9.03744221432e-005, 0.000158750161063, 1.18781235869e-005, 2.27527266361e-007, 1.16795767724e-007, 7.37231209413e-009, 7.68477548263e-008, 3.50930690729e-007, 1.97242138711e-006, 3.68556726471e-007, 4.59559771571e-007, 6.09776918736e-007, 1.08685310352e-006, 1.52455834268e-006, 3.05752138274e-007, 3.19326915132e-007, 3.91981473058e-007, 1.23829565268e-007, 1.04504351839e-007, 1.1454568849e-008, 7.76224773347e-009, 1.17695364565e-008, 6.97691415752e-009, 2.06651723511e-010, 3.14089764397e-013]
    },
    "erbbands": {
        "mean": [0.168695613742, 1.56012284756, 11.6293792725, 26.4774150848, 23.7644462585, 15.2258148193, 8.43235778809, 4.35194826126, 4.66951036453, 3.2015683651, 2.33961367607, 5.39829683304, 5.14289808273, 23.6465530396, 39.0138435364, 17.0688591003, 36.8671684265, 24.7381305695, 54.8590087891, 39.9833335876, 63.1520309448, 49.8377799988, 55.691116333, 55.5291252136, 44.6129608154, 25.8857250214, 20.8321456909, 15.3310995102, 6.59497880936, 4.23211097717, 2.88980460167, 2.09778738022, 1.30100846291, 1.00127148628, 0.361312419176, 0.0844155550003, 0.0171067696065, 0.00207445630804, 7.52791602281e-005, 5.4900701798e-005],
        "var": [0.0247792229056, 1.30090999603, 92.9720153809, 610.80847168, 719.251281738, 151.613800049, 57.7535705566, 12.7017993927, 21.4680805206, 14.7301445007, 4.0595202446, 51.9854812622, 32.9767875671, 876.180786133, 3360.73510742, 441.779541016, 1107.64770508, 297.414581299, 2948.75073242, 1231.50292969, 6090.64648438, 730.561218262, 840.157897949, 1321.08728027, 684.857666016, 201.501113892, 171.256469727, 131.496734619, 17.9798812866, 9.53918838501, 5.94088888168, 6.48962593079, 2.49022531509, 1.66477775574, 0.157392308116, 0.00829224847257, 0.000493515341077, 9.01553994481e-006, 5.35480637609e-009, 4.69121796964e-010]
    },
    "gfcc": {
        "mean": [43.1414527893, 86.3958740234, -129.510070801, 73.3480682373, -32.3820304871, 23.6219768524, -38.6283912659, 3.51801133156, -37.1338615417, -6.44878196716, -17.742225647, -4.5776553154, -8.5541305542],
        "cov": [[1506.82287598, -214.616348267, 89.9124603271, -22.2167816162, -70.2998886108, 95.3148193359, -114.659805298, 44.308921814, -99.3990097046, 54.2716712952, -89.0761032104, 24.2720146179, -64.2885360718], [-214.616348267, 319.224365234, -116.750480652, 47.6924362183, 60.3244667053, -41.0955581665, 80.6902160645, -51.0162734985, 53.9189453125, -55.0023460388, 57.6502380371, -32.1731185913, 47.8386573792], [89.9124603271, -116.750480652, 168.893554688, -6.32448863983, -18.4385547638, 17.1212234497, -35.2533721924, 21.8765201569, -29.290895462, 24.6056652069, -31.3528308868, 6.83973503113, -31.2298679352], [-22.2167816162, 47.6924362183, -6.32448863983, 126.27104187, 45.9739570618, -11.2506055832, 40.9821052551, -0.964320719242, 42.1819648743, -18.0912284851, 22.4705696106, -26.395904541, 6.5160150528], [-70.2998886108, 60.3244667053, -18.4385547638, 45.9739570618, 82.1311569214, 20.2155056, 40.6489753723, -7.20320892334, 18.0977802277, -22.0163879395, 9.39700603485, -7.87154388428, 13.9781112671], [95.3148193359, -41.0955581665, 17.1212234497, -11.2506055832, 20.2155056, 77.9571685791, 28.0490131378, 8.15005970001, -21.3784160614, -1.72166371346, -7.88296175003, 7.82249879837, 1.79042768478], [-114.659805298, 80.6902160645, -35.2533721924, 40.9821052551, 40.6489753723, 28.0490131378, 95.1155929565, 3.00902891159, 18.7458667755, -30.7711524963, 16.8625202179, -13.6746912003, 14.9590234756], [44.308921814, -51.0162734985, 21.8765201569, -0.964320719242, -7.20320892334, 8.15005970001, 3.00902891159, 58.6670379639, 16.2084331512, 15.8286733627, -8.39010810852, 10.1503295898, -2.2291996479], [-99.3990097046, 53.9189453125, -29.290895462, 42.1819648743, 18.0977802277, -21.3784160614, 18.7458667755, 16.2084331512, 67.7755661011, 9.21019744873, 20.1487941742, -14.1154060364, 6.78670072556], [54.2716712952, -55.0023460388, 24.6056652069, -18.0912284851, -22.0163879395, -1.72166371346, -30.7711524963, 15.8286733627, 9.21019744873, 61.700920105, 9.0781993866, 13.0501232147, -10.2487230301], [-89.0761032104, 57.6502380371, -31.3528308868, 22.4705696106, 9.39700603485, -7.88296175003, 16.8625202179, -8.39010810852, 20.1487941742, 9.0781993866, 52.9850158691, 10.7079248428, 12.5382862091], [24.2720146179, -32.1731185913, 6.83973503113, -26.395904541, -7.87154388428, 7.82249879837, -13.6746912003, 10.1503295898, -14.1154060364, 13.0501232147, 10.7079248428, 49.1254882813, 15.1261262894], [-64.2885360718, 47.8386573792, -31.2298679352, 6.5160150528, 13.9781112671, 1.79042768478, 14.9590234756, -2.2291996479, 6.78670072556, -10.2487230301, 12.5382862091, 15.1261262894, 42.942440033]],
        "icov": [[0.00174506474286, -0.00306316954084, 0.00160251371562, -0.00451113795862, 0.00247704726644, -0.00498219206929, 0.00421118643135, -0.00272919377312, 0.00352575117722, -0.00254132016562, 0.00493364827707, -0.00327459140681, 0.00421685539186], [-0.00306316954084, 0.0179531928152, -0.0030207131058, 0.0143485255539, -0.00902105215937, 0.0162816122174, -0.0140262208879, 0.0113222431391, -0.0115022258833, 0.0101190162823, -0.0185969918966, 0.0142914913595, -0.0165999419987], [0.00160251371562, -0.0030207131058, 0.0112062236294, -0.00799334794283, 0.00237898458727, -0.00607568863779, 0.00582442851737, -0.00528423907235, 0.00771109433845, -0.00577986147255, 0.00903125759214, -0.00556015409529, 0.00902600772679], [-0.00451113795862, 0.0143485255539, -0.00799334794283, 0.0304234232754, -0.0143729168922, 0.0194048453122, -0.0162050947547, 0.00940701831132, -0.0169412549585, 0.012920406647, -0.0244047604501, 0.0195419806987, -0.0171616077423], [0.00247704726644, -0.00902105215937, 0.00237898458727, -0.0143729168922, 0.0263203009963, -0.0168439690024, 0.00585540756583, -0.00131098029669, 0.000595831312239, -0.00168069987558, 0.0127577511594, -0.0107891019434, 0.00727612897754], [-0.00498219206929, 0.0162816122174, -0.00607568863779, 0.0194048453122, -0.0168439690024, 0.0408319123089, -0.0255856439471, 0.00827030744404, -0.00330088869669, 0.00446384726092, -0.0174033362418, 0.0135488482192, -0.0179413072765], [0.00421118643135, -0.0140262208879, 0.00582442851737, -0.0162050947547, 0.00585540756583, -0.0255856439471, 0.0363794267178, -0.0153321595863, 0.00868567451835, 0.00103709613904, 0.00851585716009, -0.00606828695163, 0.0128426617011], [-0.00272919377312, 0.0113222431391, -0.00528423907235, 0.00940701831132, -0.00131098029669, 0.00827030744404, -0.0153321595863, 0.0358028560877, -0.0221023950726, 0.00281612714753, -0.0013861535117, -0.00260218186304, -0.00920140277594], [0.00352575117722, -0.0115022258833, 0.00771109433845, -0.0169412549585, 0.000595831312239, -0.00330088869669, 0.00868567451835, -0.0221023950726, 0.0444635264575, -0.0180034786463, 0.00727454246953, 0.00166126945987, 0.00800820160657], [-0.00254132016562, 0.0101190162823, -0.00577986147255, 0.012920406647, -0.00168069987558, 0.00446384726092, 0.00103709613904, 0.00281612714753, -0.0180034786463, 0.0368342846632, -0.0225835833699, 0.00583631172776, -0.0049210046418], [0.00493364827707, -0.0185969918966, 0.00903125759214, -0.0244047604501, 0.0127577511594, -0.0174033362418, 0.00851585716009, -0.0013861535117, 0.00727454246953, -0.0225835833699, 0.0582617372274, -0.0321899354458, 0.0196969192475], [-0.00327459140681, 0.0142914913595, -0.00556015409529, 0.0195419806987, -0.0107891019434, 0.0135488482192, -0.00606828695163, -0.00260218186304, 0.00166126945987, 0.00583631172776, -0.0321899354458, 0.0530819036067, -0.0310749001801], [0.00421685539186, -0.0165999419987, 0.00902600772679, -0.0171616077423, 0.00727612897754, -0.0179413072765, 0.0128426617011, -0.00920140277594, 0.00800820160657, -0.0049210046418, 0.0196969192475, -0.0310749001801, 0.0534437559545]]
    },
    "melbands": {
        "mean": [0.00155767053366, 0.00461420603096, 0.0047470619902, 0.00126782245934, 0.000394180911826, 9.84365688055e-005, 6.94689442753e-005, 3.18331003655e-005, 2.06629920285e-005, 3.30884358846e-005, 2.42175283347e-005, 8.72343734954e-005, 0.000142072414747, 5.07574586663e-005, 5.94459743297e-005, 7.12131732143e-005, 4.16841285187e-005, 8.89697112143e-005, 6.49496432743e-005, 5.41153131053e-005, 7.66182274674e-005, 4.47912498203e-005, 6.36471595499e-005, 4.23930905527e-005, 4.56429115729e-005, 3.71873284166e-005, 2.51668207056e-005, 1.49908873937e-005, 1.34507099574e-005, 1.10220044007e-005, 8.06640764495e-006, 3.86458850699e-006, 2.61036120719e-006, 2.2102924504e-006, 1.64854395734e-006, 1.5225309653e-006, 1.18847526664e-006, 9.13032863537e-007, 7.9894624605e-007, 9.02125691482e-007],
        "var": [1.6317378595e-006, 1.27294269987e-005, 1.93140676856e-005, 1.12763484594e-006, 1.123667559e-007, 6.4634164687e-009, 5.12222886329e-009, 1.29947741456e-009, 4.4622483486e-010, 2.03086925055e-009, 9.38910393877e-010, 1.47655461191e-008, 4.89163731743e-008, 6.57361542977e-009, 2.10667860934e-009, 5.23779331019e-009, 1.18125575987e-009, 9.93773685565e-009, 7.82025910695e-009, 3.14232173615e-009, 1.0551823415e-008, 1.01994246382e-009, 1.5047521007e-009, 6.20713924704e-010, 1.16364828884e-009, 6.07640548989e-010, 3.01217023546e-010, 7.42025885181e-011, 8.00739682894e-011, 5.68548784441e-011, 5.1723837019e-011, 7.04028415427e-012, 3.00061082752e-012, 3.44927992418e-012, 1.837263848e-012, 2.91791135525e-012, 2.46151428233e-012, 1.39257453225e-012, 8.67179808864e-013, 1.71969979489e-012]
    },
    "mfcc": {
        "mean": [-588.952331543, 97.9007263184, -16.4757003784, 50.7189292908, 25.925617218, 21.1343345642, 15.4982728958, 6.93109607697, -2.00263738632, -5.12140893936, -6.72461509705, -4.95641946793, -5.90429592133],
        "cov": [[772.521911621, -118.773490906, 105.182617188, -71.9075393677, 22.2927761078, 3.7817325592, 11.8538236618, -26.0939884186, 1.33283078671, -8.06705379486, -9.48416423798, -5.23864221573, -12.7319803238], [-118.773490906, 221.273284912, -82.2870941162, 32.535282135, -15.5539150238, 19.6456699371, 3.21137070656, 14.2588405609, -9.1388463974, -0.606055319309, -7.68046045303, -8.81898212433, 3.75922060013], [105.182617188, -82.2870941162, 135.909790039, -21.7651157379, 9.50692653656, -16.8209781647, 0.0761829465628, -21.853269577, 2.77409672737, -12.0724000931, 6.70544815063, 11.6156101227, -5.53168201447], [-71.9075393677, 32.535282135, -21.7651157379, 126.351539612, 17.6472530365, 11.3983125687, -1.98540019989, 20.5896263123, 6.94360876083, 22.3248462677, 15.1668624878, 11.114153862, -4.1699886322], [22.2927761078, -15.5539150238, 9.50692653656, 17.6472530365, 53.0418243408, 9.40568256378, -0.932002902031, 2.66243505478, 7.86266279221, -1.0985738039, 1.68706333637, 0.429637819529, 6.99988889694], [3.7817325592, 19.6456699371, -16.8209781647, 11.3983125687, 9.40568256378, 65.9043884277, 34.8332557678, 17.9275989532, -1.69659078121, 4.70909643173, -7.56829357147, -6.76048898697, -0.0551132895052], [11.8538236618, 3.21137070656, 0.0761829465628, -1.98540019989, -0.932002902031, 34.8332557678, 61.5246658325, 30.2264060974, 5.26476097107, -3.74903726578, -8.7101316452, -6.2584400177, 3.76252436638], [-26.0939884186, 14.2588405609, -21.853269577, 20.5896263123, 2.66243505478, 17.9275989532, 30.2264060974, 63.260509491, 19.1744155884, 7.91385221481, -9.26894855499, -0.274569928646, -0.306230902672], [1.33283078671, -9.1388463974, 2.77409672737, 6.94360876083, 7.86266279221, -1.69659078121, 5.26476097107, 19.1744155884, 47.7130851746, 11.0967655182, 3.06364870071, -0.617870390415, 2.69268536568], [-8.06705379486, -0.606055319309, -12.0724000931, 22.3248462677, -1.0985738039, 4.70909643173, -3.74903726578, 7.91385221481, 11.0967655182, 51.0104370117, 16.9461154938, 4.47731399536, -12.6627588272], [-9.48416423798, -7.68046045303, 6.70544815063, 15.1668624878, 1.68706333637, -7.56829357147, -8.7101316452, -9.26894855499, 3.06364870071, 16.9461154938, 44.2968673706, 16.8957862854, 0.668353617191], [-5.23864221573, -8.81898212433, 11.6156101227, 11.114153862, 0.429637819529, -6.76048898697, -6.2584400177, -0.274569928646, -0.617870390415, 4.47731399536, 16.8957862854, 41.7865829468, 11.3853902817], [-12.7319803238, 3.75922060013, -5.53168201447, -4.1699886322, 6.99988889694, -0.0551132895052, 3.76252436638, -0.306230902672, 2.69268536568, -12.6627588272, 0.668353617191, 11.3853902817, 43.8753738403]],
        "icov": [[0.00158619089052, 0.000397190364311, -0.000821168068796, 0.000739792594686, -0.000693900510669, -0.000318217033055, -0.000336849450832, 0.000439953641035, -3.18538513966e-005, -0.000364943320164, 0.000423416175181, -2.82229593722e-005, 0.000432804343291], [0.000397190364311, 0.00638806540519, 0.00306895677932, -0.00136957340874, 0.00186425598804, -0.00146326457616, 0.000540759821888, 1.49866791617e-005, 0.000502347480506, 0.00136959319934, 0.000203187184525, 0.000598654325586, -0.000314836099278], [-0.000821168068796, 0.00306895677932, 0.01190094091, 8.38841006043e-005, -0.00174372887705, 0.00254140468314, -0.00402148999274, 0.00448516849428, -0.00209703948349, 0.00334250694141, -0.000415013753809, -0.00420103827491, 0.00385456136428], [0.000739792594686, -0.00136957340874, 8.38841006043e-005, 0.0109769925475, -0.00425330596045, -0.00114196632057, 0.00165376125369, -0.00343167548999, 0.000639442354441, -0.00272579398006, -0.00245657912455, -0.00221930560656, 0.00168462784495], [-0.000693900510669, 0.00186425598804, -0.00174372887705, -0.00425330596045, 0.0238999985158, -0.00619133375585, 0.00523317838088, -0.0011443895055, -0.0033902938012, 0.002596414648, -0.00108711177018, 0.00293884403072, -0.00505136139691], [-0.000318217033055, -0.00146326457616, 0.00254140468314, -0.00114196632057, -0.00619133375585, 0.0259821712971, -0.0158004742116, 0.00184688321315, 0.00348122883588, -0.00446591107175, 0.00301918224432, 0.000188484671526, 0.00103572558146], [-0.000336849450832, 0.000540759821888, -0.00402148999274, 0.00165376125369, 0.00523317838088, -0.0158004742116, 0.0332578681409, -0.0148828905076, 0.000593067321461, 0.00383758242242, -0.00273791258223, 0.00494712032378, -0.00447545433417], [0.000439953641035, 1.49866791617e-005, 0.00448516849428, -0.00343167548999, -0.0011443895055, 0.00184688321315, -0.0148828905076, 0.0298406071961, -0.0101018473506, -0.00241723610088, 0.00817868113518, -0.00612807227299, 0.00342310080305], [-3.18538513966e-005, 0.000502347480506, -0.00209703948349, 0.000639442354441, -0.0033902938012, 0.00348122883588, 0.000593067321461, -0.0101018473506, 0.027682594955, -0.00634640175849, -0.00215762201697, 0.00430899905041, -0.00444782804698], [-0.000364943320164, 0.00136959319934, 0.00334250694141, -0.00272579398006, 0.002596414648, -0.00446591107175, 0.00383758242242, -0.00241723610088, -0.00634640175849, 0.0298655070364, -0.0105484221131, -0.00156362610869, 0.00874862726778], [0.000423416175181, 0.000203187184525, -0.000415013753809, -0.00245657912455, -0.00108711177018, 0.00301918224432, -0.00273791258223, 0.00817868113518, -0.00215762201697, -0.0105484221131, 0.0339382104576, -0.01157914754, -0.000135437730933], [-2.82229593722e-005, 0.000598654325586, -0.00420103827491, -0.00221930560656, 0.00293884403072, 0.000188484671526, 0.00494712032378, -0.00612807227299, 0.00430899905041, -0.00156362610869, -0.01157914754, 0.0344840474427, -0.0112234381959], [0.000432804343291, -0.000314836099278, 0.00385456136428, 0.00168462784495, -0.00505136139691, 0.00103572558146, -0.00447545433417, 0.00342310080305, -0.00444782804698, 0.00874862726778, -0.000135437730933, -0.0112234381959, 0.0305177234113]]
    },
    "spectral_contrast_coeffs": {
        "mean": [-0.599590718746, -0.779604196548, -0.781016886234, -0.787393689156, -0.785284519196, -0.726222157478],
        "var": [0.00449802819639, 0.00233488855883, 0.00341580016539, 0.00142688420601, 0.000606469868217, 0.000656686548609]
    },
    "spectral_contrast_valleys": {
        "mean": [-6.48162746429, -7.01627969742, -7.17936611176, -6.86538124084, -6.42753124237, -9.63971805573],
        "var": [0.359334141016, 0.377545654774, 0.336888372898, 0.318190306425, 0.304541379213, 0.425985991955]
    }
},
"metadata": {
    "audio_properties": {
        "analysis_sample_rate": 44100,
        "bit_rate": 128074,
        "equal_loudness": 0,
        "length": 45.0612258911,
        "lossless": 0,
        "replay_gain": -6.32895851135,
        "sample_rate": 44100,
        "codec": "mp3",
        "downmix": "mix",
        "md5_encoded": "54779a0f28764e374824966a0d0472cb"
    },
    "tags": {
        "file_name": "1938.mp3"
    },
    "version": {
        "essentia": "2.1-beta2",
        "essentia_git_sha": "v2.1_beta2",
        "extractor": "music 1.0"
    }
},
"rhythm": {
    "beats_count": 104,
    "beats_loudness": {
        "mean": 0.0456138178706,
        "var": 0.00022109177371
    },
    "bpm": 139.612335205,
    "bpm_histogram_first_peak_bpm": {
        "mean": 140,
        "var": 0
    },
    "bpm_histogram_first_peak_spread": {
        "mean": 0.520408153534,
        "var": 0
    },
    "bpm_histogram_first_peak_weight": {
        "mean": 0.456310689449,
        "var": 0
    },
    "bpm_histogram_second_peak_bpm": {
        "mean": 129,
        "var": 0
    },
    "bpm_histogram_second_peak_spread": {
        "mean": 0.400000035763,
        "var": 0
    },
    "bpm_histogram_second_peak_weight": {
        "mean": 0.0291262138635,
        "var": 0
    },
    "danceability": 1.41273128986,
    "onset_rate": 2.28474879265,
    "beats_loudness_band_ratio": {
        "mean": [0.678161859512, 0.0915962979198, 0.0186935141683, 0.0656938999891, 0.109718576074, 0.061078235507],
        "var": [0.014580372721, 0.00374011485837, 0.000195614222321, 0.00189330161083, 0.00407412089407, 0.000729046121705]
    },
    "beats_position": [0.452789098024, 0.917188167572, 1.38158726692, 1.83437633514, 2.29877543449, 2.73995471001, 3.1811337471, 3.62231278419, 4.06349182129, 4.5046710968, 4.94585037231, 5.38702917099, 5.8282084465, 6.25777769089, 6.68734693527, 7.10530614853, 7.52326536179, 7.95283412933, 8.38240337372, 8.8119726181, 9.25315189362, 9.682721138, 10.1239004135, 10.5418596268, 10.9830379486, 11.4242172241, 11.8653964996, 12.3065757751, 12.7477550507, 13.177324295, 13.6068935394, 14.0480718613, 14.4892511368, 14.9304304123, 15.3832197189, 15.8127889633, 16.2539672852, 16.6719264984, 17.1131057739, 17.5310649872, 17.9490242004, 18.3669834137, 18.7965526581, 19.2377319336, 19.667301178, 20.0852603912, 20.5032196045, 20.9211788177, 21.3507480621, 21.7803173065, 22.2098865509, 22.6394557953, 23.0690250397, 23.4869842529, 23.9165534973, 24.3345127106, 24.7756919861, 25.2168693542, 25.6580486298, 26.0876178741, 26.5171871185, 26.9351463318, 27.3647155762, 27.7942848206, 28.2238540649, 28.6418132782, 29.0713825226, 29.4893417358, 29.9189109802, 30.3484802246, 30.7664394379, 31.1843986511, 31.6023578644, 32.0319252014, 32.4614944458, 32.8910636902, 33.3206329346, 33.7385940552, 34.1797714233, 34.6093406677, 35.0389099121, 35.4684791565, 35.8980484009, 36.3392295837, 36.7687988281, 37.1983680725, 37.6395454407, 38.0575065613, 38.4754638672, 38.9050331116, 39.334602356, 39.7525634766, 40.1705207825, 40.6000900269, 41.0296592712, 41.4592285156, 41.88879776, 42.3183670044, 42.7479362488, 43.1775054932, 43.6070747375, 44.0366439819, 44.4662132263, 44.8841705322]
},
"tonal": {
    "chords_changes_rate": 0.0339506156743,
    "chords_number_rate": 0.00411522621289,
    "chords_strength": {
        "mean": 0.683486402035,
        "var": 0.00571442535147
    },
    "hpcp_entropy": {
        "mean": 2.5487985611,
        "var": 0.578931152821
    },
    "key_strength": 0.759079635143,
    "tuning_diatonic_strength": 0.7148630023,
    "tuning_equal_tempered_deviation": 0.200857639313,
    "tuning_frequency": 436.456176758,
    "tuning_nontempered_energy_ratio": 0.861967802048,
    "hpcp": {
        "mean": [0.415833443403, 0.328821748495, 0.151841521263, 0.103023611009, 0.0935209318995, 0.119615748525, 0.168136373162, 0.171058624983, 0.124779894948, 0.0839807316661, 0.0731380432844, 0.0986394584179, 0.165825888515, 0.182764530182, 0.137044161558, 0.115434318781, 0.105155400932, 0.0968317091465, 0.0946653112769, 0.107129566371, 0.147634893656, 0.203990533948, 0.215457692742, 0.228815197945, 0.201460704207, 0.0999713391066, 0.0558486953378, 0.0547355525196, 0.0496080815792, 0.05202293396, 0.0585393197834, 0.0567364320159, 0.0569404549897, 0.0731360167265, 0.115351118147, 0.254074066877],
        "var": [0.16197898984, 0.108728952706, 0.0434916578233, 0.032668273896, 0.0273244399577, 0.039828505367, 0.060397580266, 0.0581516623497, 0.0387758724391, 0.0227394942194, 0.0200097281486, 0.0318029820919, 0.079936645925, 0.0897090286016, 0.056524567306, 0.0517841242254, 0.0446486063302, 0.0407881103456, 0.0390166714787, 0.0466373115778, 0.0572850257158, 0.0698832497001, 0.0594530552626, 0.0785461738706, 0.0753953903913, 0.0279802046716, 0.0138576049358, 0.0116683170199, 0.00969547778368, 0.0104491515085, 0.00995911471546, 0.0102257579565, 0.0108292596415, 0.015273402445, 0.0295066982508, 0.0807312354445]
    },
    "chords_histogram": [69.444442749, 0, 13.8888893127, 0, 0, 0, 0, 0, 0, 0, 0, 0, 0, 0, 0, 1.64609050751, 0.720164597034, 14.3004112244, 0, 0, 0, 0, 0, 0],
    "thpcp": [1, 0.790753483772, 0.365149855614, 0.247752100229, 0.224899977446, 0.287653028965, 0.404335856438, 0.411363303661, 0.300071805716, 0.20195761323, 0.175883024931, 0.237209051847, 0.398779600859, 0.439513772726, 0.329565018415, 0.277597486973, 0.252878665924, 0.232861757278, 0.2276519835, 0.257626146078, 0.3550337255, 0.49055826664, 0.518134593964, 0.550256848335, 0.484474509954, 0.240411967039, 0.13430544734, 0.131628543139, 0.11929795891, 0.125105217099, 0.140775889158, 0.1364402771, 0.136930912733, 0.175878152251, 0.27739739418, 0.610999584198],
    "chords_key": "A",
    "chords_scale": "major",
    "key_key": "A",
    "key_scale": "major"
}
}