{
"lowlevel": {
    "average_loudness": 0.969310939312,
    "barkbands_crest": {
        "mean": 14.6918907166,
        "var": 12.5141944885
    },
    "barkbands_flatness_db": {
        "mean": 0.406851291656,
        "var": 0.00670095812529
    },
    "barkbands_kurtosis": {
        "mean": 22.3484706879,
        "var": 901.707214355
    },
    "barkbands_skewness": {
        "mean": 2.43081617355,
        "var": 3.09382748604
    },
    "barkbands_spread": {
        "mean": 2.02593493462,
        "var": 5.22375011444
    },
    "dissonance": {
        "mean": 0.372689753771,
        "var": 0.00401296373457
    },
    "dynamic_complexity": 1.3319671154,
    "erbbands_crest": {
        "mean": 17.3545017242,
        "var": 41.048664093
    },
    "erbbands_flatness_db": {
        "mean": 0.305674523115,
        "var": 0.00270567811094
    },
    "erbbands_kurtosis": {
        "mean": 22.0105705261,
        "var": 912.16595459
    },
    "erbbands_skewness": {
        "mean": 2.87226963043,
        "var": 4.24253797531
    },
    "erbbands_spread": {
        "mean": 13.3642702103,
        "var": 148.105300903
    },
    "hfc": {
        "mean": 10.1811647415,
        "var": 27.9456710815
    },
    "melbands_crest": {
        "mean": 21.6708583832,
        "var": 19.3365917206
    },
    "melbands_flatness_db": {
        "mean": 0.523192882538,
        "var": 0.00909919850528
    },
    "melbands_kurtosis": {
        "mean": 35.0294647217,
        "var": 2012.65722656
    },
    "melbands_skewness": {
        "mean": 3.03392887115,
        "var": 3.79551005363
    },
    "melbands_spread": {
        "mean": 1.91636288166,
        "var": 13.5917272568
    },
    "pitch_salience": {
        "mean": 0.415389657021,
        "var": 0.0236524902284
    },
    "silence_rate_20dB": {
        "mean": 1,
        "var": 0
    },
    "silence_rate_30dB": {
        "mean": 0.84963953495,
        "var": 0.127754166722
    },
    "silence_rate_60dB": {
        "mean": 0.00102986616548,
        "var": 0.00102881784551
    },
    "spectral_centroid": {
        "mean": 217.359176636,
        "var": 9993.82910156
    },
    "spectral_complexity": {
        "mean": 5.96601438522,
        "var": 7.83821153641
    },
    "spectral_decrease": {
        "mean": -1.69180314202e-008,
        "var": 8.78376938246e-017
    },
    "spectral_energy": {
        "mean": 0.0647758841515,
        "var": 0.00128144526388
    },
    "spectral_energyband_high": {
        "mean": 1.29736909003e-005,
        "var": 4.68578398305e-010
    },
    "spectral_energyband_low": {
        "mean": 0.0482992827892,
        "var": 0.00152531196363
    },
    "spectral_energyband_middle_high": {
        "mean": 0.000849231262691,
        "var": 2.4485650556e-006
    },
    "spectral_energyband_middle_low": {
        "mean": 0.0270455162972,
        "var": 0.000298452447169
    },
    "spectral_entropy": {
        "mean": 5.24232530594,
        "var": 0.572677016258
    },
    "spectral_flux": {
        "mean": 0.0894839093089,
        "var": 0.00398095976561
    },
    "spectral_kurtosis": {
        "mean": 39.2428359985,
        "var": 649.584777832
    },
    "spectral_rms": {
        "mean": 0.00764775695279,
        "var": 4.70786881124e-006
    },
    "spectral_rolloff": {
        "mean": 211.296829224,
        "var": 204525.265625
    },
    "spectral_skewness": {
        "mean": 4.77063751221,
        "var": 3.61893153191
    },
    "spectral_spread": {
        "mean": 2076602.625,
        "var": 1.89700610458e+012
    },
    "spectral_strongpeak": {
        "mean": 1.07128274441,
        "var": 0.230475470424
    },
    "zerocrossingrate": {
        "mean": 0.00893363635987,
        "var": 0.000154613153427
    },
    "barkbands": {
        "mean": [9.5383846201e-005, 0.00910209584981, 0.027712084353, 0.0175703205168, 0.00839116517454, 0.000539865635801, 0.000237671498326, 0.00014969840413, 9.06925197341e-005, 0.000271199678537, 0.000178710091859, 0.000216798638576, 7.10213353159e-005, 5.78762774239e-005, 3.47371169482e-005, 1.70571565832e-005, 9.45485044213e-006, 8.24198195915e-006, 7.20018579159e-006, 5.91064917899e-006, 6.44169767838e-006, 1.14259705697e-006, 4.56377364344e-007, 4.07971583627e-007, 3.5119307995e-007, 7.06425424823e-008, 7.12700565231e-009],
        "var": [3.68063233225e-008, 0.000202316063223, 0.00063930178294, 0.000324999768054, 4.64373806608e-005, 1.01912678474e-006, 9.53161816142e-008, 9.94004167865e-008, 5.30828572209e-008, 4.84162342218e-007, 2.02385948e-007, 3.24500490478e-007, 4.90782987583e-008, 2.95843882725e-008, 1.36942697182e-008, 2.73456590705e-009, 8.58227156009e-010, 3.69636793396e-010, 4.72699490661e-010, 1.43199480052e-010, 1.73242961643e-010, 6.05399627998e-012, 9.89455045675e-013, 1.61979566045e-012, 6.74915158483e-012, 6.66395270129e-013, 2.7810872044e-015]
    },
    "erbbands": {
        "mean": [0.129345417023, 2.86082053185, 23.7818622589, 56.5890808105, 39.9142112732, 28.2542057037, 9.43646144867, 4.61721801758, 3.63704752922, 3.04175019264, 3.11533045769, 2.2819674015, 6.49502372742, 8.74773788452, 7.75814199448, 7.14344167709, 3.50958180428, 2.48852658272, 2.83176803589, 1.4823076725, 0.844072937965, 0.513775706291, 0.442178487778, 0.473677098751, 0.26794308424, 0.271001935005, 0.357591360807, 0.163319155574, 0.0485678687692, 0.020609702915, 0.0117998430505, 0.00929420720786, 0.00645158300176, 0.00502586737275, 0.00191800505854, 0.000444002682343, 0.000130553205963, 2.12479426409e-005, 2.98483319057e-005, 7.05429411028e-005],
        "var": [0.0817044749856, 13.4686403275, 400.845245361, 3951.74414063, 1119.45678711, 1179.20532227, 88.6710968018, 86.2364196777, 26.0469913483, 20.2094573975, 49.3110084534, 28.6292095184, 272.895172119, 461.336303711, 317.323822021, 356.754394531, 126.749671936, 47.9382362366, 65.7620010376, 17.0448703766, 4.74198532104, 1.83646726608, 1.28713750839, 1.37958037853, 0.690636575222, 0.315879762173, 0.538062751293, 0.0979891717434, 0.0098765688017, 0.00211190991104, 0.000720997049939, 0.000627065252047, 0.000594177632593, 0.00153549294919, 0.00018442174769, 1.18375792226e-005, 3.30635293722e-006, 5.92580207126e-008, 3.19923226799e-010, 1.51027257367e-009]
    },
    "gfcc": {
        "mean": [-148.070358276, 190.071273804, -47.3249588013, 39.3787765503, -33.8218917847, 2.03052711487, -14.4799442291, -20.0332698822, -22.1790332794, -24.1669063568, -11.5325870514, -19.7394351959, -3.89053916931],
        "cov": [[3811.47607422, 251.993362427, -2305.1887207, -292.166564941, 184.067993164, 68.1958618164, 221.979003906, -86.5705947876, -227.04725647, 130.572113037, -93.0077590942, -83.2031021118, 243.348342896], [251.993362427, 333.229492188, -99.5238265991, -192.486572266, 34.0926475525, -6.88221073151, 57.0942840576, -39.7904968262, 30.3014221191, -21.5459041595, 62.6625976563, 10.9289731979, 12.3655424118], [-2305.1887207, -99.5238265991, 2062.45458984, 255.318466187, -219.218475342, -32.3822479248, -162.325073242, 86.6210174561, 205.290969849, -83.8013381958, 92.3896026611, 86.5866622925, -189.806121826], [-292.166564941, -192.486572266, 255.318466187, 296.41796875, 15.1759004593, -90.7027435303, -22.4376983643, 71.2800369263, 38.5324859619, 3.51138758659, -32.5456771851, -4.21707439423, 6.16594266891], [184.067993164, 34.0926475525, -219.218475342, 15.1759004593, 187.257537842, 15.0190954208, 27.7099514008, -0.797590970993, 14.7249526978, 0.569781184196, 4.11071252823, -15.1139469147, 21.6709480286], [68.1958618164, -6.88221073151, -32.3822479248, -90.7027435303, 15.0190954208, 167.715698242, 36.0624046326, -45.0411605835, -43.0685768127, 19.3319854736, 31.8950443268, 10.5010271072, -4.63997125626], [221.979003906, 57.0942840576, -162.325073242, -22.4376983643, 27.7099514008, 36.0624046326, 157.777511597, -0.575770974159, -37.0221710205, 26.6793003082, 12.1927804947, -29.3311195374, 16.493221283], [-86.5705947876, -39.7904968262, 86.6210174561, 71.2800369263, -0.797590970993, -45.0411605835, -0.575770974159, 97.6042633057, 42.0337562561, -8.18287086487, -10.9885568619, 17.8110733032, 4.2072930336], [-227.04725647, 30.3014221191, 205.290969849, 38.5324859619, 14.7249526978, -43.0685768127, -37.0221710205, 42.0337562561, 102.462738037, -3.46993207932, -5.8074464798, 11.724442482, -11.0562314987], [130.572113037, -21.5459041595, -83.8013381958, 3.51138758659, 0.569781184196, 19.3319854736, 26.6793003082, -8.18287086487, -3.46993207932, 64.0685195923, -7.78242015839, -26.436964035, 13.3781833649], [-93.0077590942, 62.6625976563, 92.3896026611, -32.5456771851, 4.11071252823, 31.8950443268, 12.1927804947, -10.9885568619, -5.8074464798, -7.78242015839, 81.1099090576, 41.0838546753, -22.7646961212], [-83.2031021118, 10.9289731979, 86.5866622925, -4.21707439423, -15.1139469147, 10.5010271072, -29.3311195374, 17.8110733032, 11.724442482, -26.436964035, 41.0838546753, 83.8089294434, 2.51626801491], [243.348342896, 12.3655424118, -189.806121826, 6.16594266891, 21.6709480286, -4.63997125626, 16.493221283, 4.2072930336, -11.0562314987, 13.3781833649, -22.7646961212, 2.51626801491, 69.7540512085]],
        "icov": [[0.00118689669762, -0.0027868647594, 0.00150826084428, -0.00219146884046, 0.000887307163794, -0.00179884664249, 0.000961258250754, -0.00105116073973, 0.00147575652227, -0.00161311251577, 0.00212047016248, -0.000977247487754, 0.00136252969969], [-0.0027868647594, 0.0244100950658, -0.00440592551604, 0.0184907037765, -0.00366759300232, 0.013677415438, -0.0101271318272, 0.00879285577685, -0.0160272456706, 0.0118471132591, -0.0209785271436, 0.00849629566073, -0.0162802580744], [0.00150826084428, -0.00440592551604, 0.00359211117029, -0.00537030817941, 0.00354781467468, -0.00443093897775, 0.00191248569172, -0.00120359379798, -0.00112808845006, -0.000207486649742, 0.00135837146081, -0.000492420105729, 0.00431385450065], [-0.00219146884046, 0.0184907037765, -0.00537030817941, 0.0210914481431, -0.00645967759192, 0.0143948188052, -0.00750974658877, 0.00335413170978, -0.00714976899326, 0.00466690119356, -0.0122147547081, 0.00458612199873, -0.0137523999438], [0.000887307163794, -0.00366759300232, 0.00354781467468, -0.00645967759192, 0.0108327222988, -0.00618970766664, 0.0011801662622, -0.000227849144721, -0.0056410129182, 0.00398232508451, -0.00286034750752, 0.00397670408711, 0.00100218469743], [-0.00179884664249, 0.013677415438, -0.00443093897775, 0.0143948188052, -0.00618970766664, 0.0189832150936, -0.00724727567285, 0.00651070987806, -0.00234335195273, 0.000130098167574, -0.00920775160193, -0.000548746844288, -0.00835338514298], [0.000961258250754, -0.0101271318272, 0.00191248569172, -0.00750974658877, 0.0011801662622, -0.00724727567285, 0.0138765536249, -0.0074249622412, 0.00912437960505, -0.00593809550628, 0.00343147525564, 0.00251740240492, 0.00424182834104], [-0.00105116073973, 0.00879285577685, -0.00120359379798, 0.00335413170978, -0.000227849144721, 0.00651070987806, -0.0074249622412, 0.020537128672, -0.0123364878818, 0.0057139932178, -0.00412368169054, -0.00290602887981, -0.00473460601643], [0.00147575652227, -0.0160272456706, -0.00112808845006, -0.00714976899326, -0.0056410129182, -0.00234335195273, 0.00912437960505, -0.0123364878818, 0.0338464938104, -0.0164644811302, 0.0198801904917, -0.0105469394475, 0.0108294840902], [-0.00161311251577, 0.0118471132591, -0.000207486649742, 0.00466690119356, 0.00398232508451, 0.000130098167574, -0.00593809550628, 0.0057139932178, -0.0164644811302, 0.0316013246775, -0.0170843787491, 0.0157320722938, -0.012432471849], [0.00212047016248, -0.0209785271436, 0.00135837146081, -0.0122147547081, -0.00286034750752, -0.00920775160193, 0.00343147525564, -0.00412368169054, 0.0198801904917, -0.0170843787491, 0.0469379164279, -0.0263474639505, 0.023507444188], [-0.000977247487754, 0.00849629566073, -0.000492420105729, 0.00458612199873, 0.00397670408711, -0.000548746844288, 0.00251740240492, -0.00290602887981, -0.0105469394475, 0.0157320722938, -0.0263474639505, 0.0327120348811, -0.0160018056631], [0.00136252969969, -0.0162802580744, 0.00431385450065, -0.0137523999438, 0.00100218469743, -0.00835338514298, 0.00424182834104, -0.00473460601643, 0.0108294840902, -0.012432471849, 0.023507444188, -0.0160018056631, 0.0361882932484]]
    },
    "melbands": {
        "mean": [0.00184708880261, 0.009809743613, 0.00937788747251, 0.00231546699069, 0.000491889775731, 9.75261791609e-005, 5.4250624089e-005, 3.36077464453e-005, 2.24390551011e-005, 1.4012275642e-005, 3.39141843142e-005, 3.68011715182e-005, 2.45567753154e-005, 2.9433194868e-005, 6.88857289788e-006, 7.78073172114e-006, 4.38612823928e-006, 5.28251757714e-006, 2.56568591794e-006, 1.36396784001e-006, 9.09456616682e-007, 5.44595479823e-007, 3.9241047034e-007, 4.09657644695e-007, 3.91293752955e-007, 2.36402712517e-007, 1.3792995901e-007, 1.90773363329e-007, 2.54481648199e-007, 1.51919820723e-007, 7.40350216688e-008, 2.8841345312e-008, 1.42015386118e-008, 9.96348958893e-009, 6.52160281334e-009, 6.33613961298e-009, 5.36930189199e-009, 4.68433292156e-009, 3.76395536961e-009, 4.52050841204e-009],
        "var": [1.13402084025e-005, 6.02009095019e-005, 6.75216069794e-005, 3.42111411555e-006, 2.32755539287e-007, 3.97494339666e-008, 5.60312951592e-009, 2.62082022751e-009, 2.57849630536e-009, 1.30242139296e-009, 7.52569739859e-009, 8.6078522088e-009, 3.22781246176e-009, 5.99446936533e-009, 3.4501160262e-010, 6.2500377096e-010, 1.80653755844e-010, 2.4476007332e-010, 7.37764294101e-011, 1.8214971198e-011, 7.00577009599e-012, 2.30998510251e-012, 1.19936385042e-012, 1.07486925176e-012, 1.0569530277e-012, 6.33978817794e-013, 1.67725154512e-013, 1.52978771686e-013, 2.96725372138e-013, 1.01914895793e-013, 2.15853912164e-014, 3.88109395289e-015, 1.31844489888e-015, 5.01525031696e-016, 2.25011920158e-016, 2.8274724756e-016, 2.25140086831e-016, 2.75153570718e-016, 5.59173141174e-016, 1.70769899567e-015]
    },
    "mfcc": {
        "mean": [-813.098388672, 215.550109863, 50.9741859436, 49.2661628723, 12.9057188034, 22.2017154694, 14.658873558, 5.71875047684, 0.318471640348, -6.118475914, -11.3101520538, -3.19708585739, -8.10805511475],
        "cov": [[4731.77734375, 62.2668266296, -2613.52026367, -349.385528564, -473.982788086, 190.556152344, 263.708587646, -248.693710327, 117.129875183, 38.2002754211, -181.455078125, -111.672218323, -208.362823486], [62.2668266296, 461.194458008, -19.4775066376, -175.702011108, -28.0476207733, 5.42225170135, 4.24669981003, 27.183549881, -57.8753852844, 2.17049503326, 2.91173887253, 3.41932940483, 56.1498184204], [-2613.52026367, -19.4775066376, 1828.27111816, 204.436737061, 215.305099487, -122.909042358, -177.180969238, 151.000564575, -61.7166900635, -67.7693634033, 121.778816223, 113.756599426, 155.553970337], [-349.385528564, -175.702011108, 204.436737061, 344.858001709, 79.6353302002, -101.536811829, -43.4981079102, 12.0510597229, 84.5591201782, 14.5686445236, 26.0947780609, 46.6344871521, -43.9384460449], [-473.982788086, -28.0476207733, 215.305099487, 79.6353302002, 206.120544434, -25.5313339233, -82.7445144653, 48.2988166809, 2.52572631836, -4.95005941391, 6.42518234253, 17.8090362549, 52.7874832153], [190.556152344, 5.42225170135, -122.909042358, -101.536811829, -25.5313339233, 154.631881714, 84.7708892822, -33.8337745667, -25.4345722198, 33.347694397, -3.11572885513, -46.0778961182, 2.09114837646], [263.708587646, 4.24669981003, -177.180969238, -43.4981079102, -82.7445144653, 84.7708892822, 171.009185791, -2.54185724258, -26.8525924683, 29.2584953308, 2.22955179214, -20.1358585358, -26.8935031891], [-248.693710327, 27.183549881, 151.000564575, 12.0510597229, 48.2988166809, -33.8337745667, -2.54185724258, 106.391975403, -9.75763130188, -34.1089401245, 11.8691701889, 39.9400978088, 45.2920074463], [117.129875183, -57.8753852844, -61.7166900635, 84.5591201782, 2.52572631836, -25.4345722198, -26.8525924683, -9.75763130188, 119.553779602, 30.2356796265, -1.36335790157, 6.52777433395, -36.8134613037], [38.2002754211, 2.17049503326, -67.7693634033, 14.5686445236, -4.95005941391, 33.347694397, 29.2584953308, -34.1089401245, 30.2356796265, 91.4177017212, 20.3810157776, -40.5337524414, -24.3476276398], [-181.455078125, 2.91173887253, 121.778816223, 26.0947780609, 6.42518234253, -3.11572885513, 2.22955179214, 11.8691701889, -1.36335790157, 20.3810157776, 66.8803405762, 20.1087036133, -4.28658342361], [-111.672218323, 3.41932940483, 113.756599426, 46.6344871521, 17.8090362549, -46.0778961182, -20.1358585358, 39.9400978088, 6.52777433395, -40.5337524414, 20.1087036133, 89.536605835, 26.060585022], [-208.362823486, 56.1498184204, 155.553970337, -43.9384460449, 52.7874832153, 2.09114837646, -26.8935031891, 45.2920074463, -36.8134613037, -24.3476276398, -4.28658342361, 26.060585022, 103.592430115]],
        "icov": [[0.00141480471939, -0.000109889500891, 0.00192739907652, -0.00011624940089, 0.00146017840598, -0.000581582600717, 0.000215620035306, 0.000704554840922, -0.000997781171463, 0.00124264624901, -0.000229052384384, -0.000506738433614, -0.00096712220693], [-0.000109889500891, 0.00311540346593, -0.00013919986668, 0.00183867232408, 0.000171687672264, 0.00121585396118, 0.00017669906083, -0.000756178167649, 0.000883214641362, -0.0021118959412, 0.000182484000106, -0.000957855663728, -0.00059029692784], [0.00192739907652, -0.00013919986668, 0.00359781016596, -0.000923331768718, 0.00205129920505, -0.00101079337765, 0.00113834766671, 0.000332323659677, -0.000740990217309, 0.00216452637687, -0.00204471754842, -0.000285202084342, -0.00248401728459], [-0.00011624940089, 0.00183867232408, -0.000923331768718, 0.00747621525079, -0.0034033281263, 0.00476579926908, -0.00290476926602, 0.0016879994655, -0.00272457604297, -0.00184059480671, 0.0002082183928, -0.00269722775556, 0.00275928992778], [0.00146017840598, 0.000171687672264, 0.00205129920505, -0.0034033281263, 0.0114508904517, -0.00462136045098, 0.00677972473204, -0.00477109150961, 0.00158094905782, -0.00213768822141, 0.00146045349538, -0.000460830400698, -0.0033397465013], [-0.000581582600717, 0.00121585396118, -0.00101079337765, 0.00476579926908, -0.00462136045098, 0.0160898510367, -0.00947987474501, 0.00627478258684, -0.00220656907186, 0.000311720505124, -0.00287904404104, 0.0042242766358, -0.0033566779457], [0.000215620035306, 0.00017669906083, 0.00113834766671, -0.00290476926602, 0.00677972473204, -0.00947987474501, 0.0161104556173, -0.00872938986868, 0.00644194055349, -0.00686267577112, 0.00317340251058, -0.00380459427834, 0.00389691302553], [0.000704554840922, -0.000756178167649, 0.000332323659677, 0.0016879994655, -0.00477109150961, 0.00627478258684, -0.00872938986868, 0.020237788558, -0.00536065967754, 0.00871764216572, -0.00516943028197, 0.000303903245367, -0.00691242609173], [-0.000997781171463, 0.000883214641362, -0.000740990217309, -0.00272457604297, 0.00158094905782, -0.00220656907186, 0.00644194055349, -0.00536065967754, 0.0166360810399, -0.0105673065409, 0.00572918960825, -0.00549155054614, 0.00577333103865], [0.00124264624901, -0.0021118959412, 0.00216452637687, -0.00184059480671, -0.00213768822141, 0.000311720505124, -0.00686267577112, 0.00871764216572, -0.0105673065409, 0.0288045536727, -0.0143687007949, 0.0137583836913, -0.00593788549304], [-0.000229052384384, 0.000182484000106, -0.00204471754842, 0.0002082183928, 0.00146045349538, -0.00287904404104, 0.00317340251058, -0.00516943028197, 0.00572918960825, -0.0143687007949, 0.0270433183759, -0.0118060465902, 0.00774485478178], [-0.000506738433614, -0.000957855663728, -0.000285202084342, -0.00269722775556, -0.000460830400698, 0.0042242766358, -0.00380459427834, 0.000303903245367, -0.00549155054614, 0.0137583836913, -0.0118060465902, 0.0251415316015, -0.00771803595126], [-0.00096712220693, -0.00059029692784, -0.00248401728459, 0.00275928992778, -0.0033397465013, -0.0033566779457, 0.00389691302553, -0.00691242609173, 0.00577333103865, -0.00593788549304, 0.00774485478178, -0.00771803595126, 0.0216498859227]]
    },
    "spectral_contrast_coeffs": {
        "mean": [-0.503514945507, -0.746583521366, -0.794214904308, -0.814553439617, -0.838812589645, -0.788505494595],
        "var": [0.00560645153746, 0.00242950487882, 0.00677808141336, 0.00492499023676, 0.00271024764515, 0.00221787719056]
    },
    "spectral_contrast_valleys": {
        "mean": [-6.84201049805, -7.60659217834, -8.50660324097, -9.68166065216, -9.78345775604, -12.5425653458],
        "var": [0.520815610886, 0.648580610752, 0.949894726276, 1.02479565144, 0.71589499712, 0.2785564363]
    }
},
"metadata": {
    "audio_properties": {
        "analysis_sample_rate": 44100,
        "bit_rate": 128074,
        "equal_loudness": 0,
        "length": 45.0612258911,
        "lossless": 0,
        "replay_gain": -5.86752319336,
        "sample_rate": 44100,
        "codec": "mp3",
        "downmix": "mix",
        "md5_encoded": "c6d0b55eb17e819a3259a1b63a79a1ec"
    },
    "tags": {
        "file_name": "1939.mp3"
    },
    "version": {
        "essentia": "2.1-beta2",
        "essentia_git_sha": "v2.1_beta2",
        "extractor": "music 1.0"
    }
},
"rhythm": {
    "beats_count": 73,
    "beats_loudness": {
        "mean": 0.0738768056035,
        "var": 0.00123764586169
    },
    "bpm": 97.4481582642,
    "bpm_histogram_first_peak_bpm": {
        "mean": 98,
        "var": 0
    },
    "bpm_histogram_first_peak_spread": {
        "mean": 0.239436611533,
        "var": 0
    },
    "bpm_histogram_first_peak_weight": {
        "mean": 0.75,
        "var": 0
    },
    "bpm_histogram_second_peak_bpm": {
        "mean": 103,
        "var": 0
    },
    "bpm_histogram_second_peak_spread": {
        "mean": 0,
        "var": 0
    },
    "bpm_histogram_second_peak_weight": {
        "mean": 0.0138888889924,
        "var": 0
    },
    "danceability": 1.1982845068,
    "onset_rate": 4.1924033165,
    "beats_loudness_band_ratio": {
        "mean": [0.885069310665, 0.134008139372, 0.0103160124272, 0.0111059900373, 0.00167741754558, 0.000314867531415],
        "var": [0.0161384064704, 0.0167238544673, 0.000195044660359, 0.000386781903217, 1.09062002593e-005, 1.88089998687e-007]
    },
    "beats_position": [0.53405892849, 1.11455774307, 1.71827661991, 2.34521532059, 2.97215414047, 3.5758728981, 4.19120168686, 4.80653047562, 5.42185926437, 6.03718805313, 6.66412687302, 7.26784563065, 7.8831744194, 8.498503685, 9.11383247375, 9.72916126251, 10.3560991287, 10.9714279175, 11.5867567062, 12.1904764175, 12.7941951752, 13.4211339951, 14.0480718613, 14.6750106812, 15.2903394699, 15.9056682587, 16.5209980011, 17.1247158051, 17.7400455475, 18.3553733826, 18.970703125, 19.5976409912, 20.2013607025, 20.8166885376, 21.43201828, 22.0473461151, 22.6626758575, 23.2663936615, 23.8701133728, 24.497051239, 25.1239910126, 25.7393188477, 26.3662586212, 26.9815864563, 27.5853061676, 28.2122440338, 28.8159637451, 29.4312915802, 30.0466213226, 30.6735591888, 31.2888889313, 31.9042167664, 32.5079345703, 33.111656189, 33.7269821167, 34.3655319214, 34.9808616638, 35.5961914063, 36.1999092102, 36.8268470764, 37.4421768188, 38.0575065613, 38.672832489, 39.2881622314, 39.9151000977, 40.5188217163, 41.134147644, 41.7494773865, 42.3648071289, 42.9801368713, 43.6070747375, 44.22240448, 44.8377304077]
},
"tonal": {
    "chords_changes_rate": 0.0555555559695,
    "chords_number_rate": 0.00720164598897,
    "chords_strength": {
        "mean": 0.563295125961,
        "var": 0.00828516762704
    },
    "hpcp_entropy": {
        "mean": 1.70631158352,
        "var": 0.499717742205
    },
    "key_strength": 0.744437396526,
    "tuning_diatonic_strength": 0.531720221043,
    "tuning_equal_tempered_deviation": 0.142027765512,
    "tuning_frequency": 440.508636475,
    "tuning_nontempered_energy_ratio": 0.764600336552,
    "hpcp": {
        "mean": [0.0376179926097, 0.0545109957457, 0.184616923332, 0.256901353598, 0.140195697546, 0.0438314639032, 0.0234767198563, 0.0244402587414, 0.0296287965029, 0.0382223278284, 0.0543437041342, 0.146849229932, 0.251885592937, 0.164187893271, 0.0410996377468, 0.0230795089155, 0.0198366753757, 0.0204495545477, 0.0167164783925, 0.0158289857209, 0.0208159480244, 0.0218894798309, 0.0386181361973, 0.156386807561, 0.207578748465, 0.105679184198, 0.0976739749312, 0.144568860531, 0.0980514809489, 0.0374643914402, 0.0247366148978, 0.0254146251827, 0.024439226836, 0.0308354049921, 0.0448266752064, 0.0456188693643],
        "var": [0.021276736632, 0.0229789093137, 0.100245401263, 0.162014082074, 0.0596843883395, 0.0223044455051, 0.0124639933929, 0.0153054958209, 0.0148318903521, 0.0183563027531, 0.0285145584494, 0.059864487499, 0.165292873979, 0.076273649931, 0.0160015188158, 0.00806144718081, 0.00937471259385, 0.0122645711526, 0.00887837074697, 0.00673887133598, 0.0108778411523, 0.0103935152292, 0.010580197908, 0.0830075144768, 0.143227115273, 0.0399146974087, 0.0497830063105, 0.105513177812, 0.0552002862096, 0.0177875570953, 0.0127184092999, 0.014082506299, 0.0117334434763, 0.0149834277108, 0.0295680407435, 0.0267875827849]
    },
    "chords_histogram": [47.3251037598, 16.3580245972, 0.514403283596, 0.617283940315, 0, 0, 1.23456788063, 2.26337456703, 0, 5.76131677628, 0, 0, 0, 0, 0, 0, 5.65843629837, 0.514403283596, 0, 0, 0, 0, 0, 19.7530860901],
    "thpcp": [1, 0.54571801424, 0.170615926385, 0.0913841798902, 0.0951348021626, 0.115331411362, 0.148782119155, 0.211535289884, 0.571617186069, 0.980475902557, 0.639108717442, 0.159982174635, 0.0898380205035, 0.0772151425481, 0.0796008035541, 0.0650696381927, 0.0616150349379, 0.0810270085931, 0.0852057784796, 0.150322824717, 0.608742654324, 0.808009564877, 0.411360949278, 0.380200326443, 0.56274074316, 0.38166975975, 0.145831823349, 0.0962883755565, 0.098927564919, 0.0951307862997, 0.120028190315, 0.174489840865, 0.177573487163, 0.146429717541, 0.212186485529, 0.718629598618],
    "chords_key": "A#",
    "chords_scale": "minor",
    "key_key": "A#",
    "key_scale": "minor"
}
}