{
"lowlevel": {
    "average_loudness": 0.783012807369,
    "barkbands_crest": {
        "mean": 14.0903720856,
        "var": 19.2004261017
    },
    "barkbands_flatness_db": {
        "mean": 0.398809880018,
        "var": 0.00161086965818
    },
    "barkbands_kurtosis": {
        "mean": 4.90249967575,
        "var": 29.0996875763
    },
    "barkbands_skewness": {
        "mean": 0.996567368507,
        "var": 1.0329233408
    },
    "barkbands_spread": {
        "mean": 3.35333275795,
        "var": 4.38453912735
    },
    "dissonance": {
        "mean": 0.371771782637,
        "var": 0.00435823202133
    },
    "dynamic_complexity": 4.20021009445,
    "erbbands_crest": {
        "mean": 16.842502594,
        "var": 44.5951423645
    },
    "erbbands_flatness_db": {
        "mean": 0.423846781254,
        "var": 0.0014090128243
    },
    "erbbands_kurtosis": {
        "mean": 3.69417977333,
        "var": 27.3111877441
    },
    "erbbands_skewness": {
        "mean": 0.933042407036,
        "var": 0.622041106224
    },
    "erbbands_spread": {
        "mean": 7.15975570679,
        "var": 14.6743526459
    },
    "hfc": {
        "mean": 10.3755130768,
        "var": 128.758880615
    },
    "melbands_crest": {
        "mean": 16.1715888977,
        "var": 28.334148407
    },
    "melbands_flatness_db": {
        "mean": 0.483565092087,
        "var": 0.00206456985325
    },
    "melbands_kurtosis": {
        "mean": 4.73442459106,
        "var": 23.8404712677
    },
    "melbands_skewness": {
        "mean": 0.927336752415,
        "var": 1.05926144123
    },
    "melbands_spread": {
        "mean": 5.68695878983,
        "var": 37.6532669067
    },
    "pitch_salience": {
        "mean": 0.526034414768,
        "var": 0.0160092953593
    },
    "silence_rate_20dB": {
        "mean": 1,
        "var": 0
    },
    "silence_rate_30dB": {
        "mean": 0.996912002563,
        "var": 0.00307847326621
    },
    "silence_rate_60dB": {
        "mean": 0.14462171495,
        "var": 0.123708538711
    },
    "spectral_centroid": {
        "mean": 528.02154541,
        "var": 185593.703125
    },
    "spectral_complexity": {
        "mean": 9.25115776062,
        "var": 9.78043556213
    },
    "spectral_decrease": {
        "mean": -4.82468598406e-009,
        "var": 2.1600961429e-017
    },
    "spectral_energy": {
        "mean": 0.0191505458206,
        "var": 0.000343864201568
    },
    "spectral_energyband_high": {
        "mean": 6.95323421951e-007,
        "var": 6.11806699052e-012
    },
    "spectral_energyband_low": {
        "mean": 0.000216617947444,
        "var": 1.36343174972e-007
    },
    "spectral_energyband_middle_high": {
        "mean": 0.00147414254025,
        "var": 7.49792479837e-006
    },
    "spectral_energyband_middle_low": {
        "mean": 0.0180145893246,
        "var": 0.000318109872751
    },
    "spectral_entropy": {
        "mean": 5.47268390656,
        "var": 0.126078501344
    },
    "spectral_flux": {
        "mean": 0.0362458303571,
        "var": 0.000894978118595
    },
    "spectral_kurtosis": {
        "mean": 131.621459961,
        "var": 3430.44262695
    },
    "spectral_rms": {
        "mean": 0.00384904444218,
        "var": 3.86834017263e-006
    },
    "spectral_rolloff": {
        "mean": 662.423156738,
        "var": 694728.5
    },
    "spectral_skewness": {
        "mean": 8.19635105133,
        "var": 6.44054079056
    },
    "spectral_spread": {
        "mean": 865177.9375,
        "var": 2.42455360307e+012
    },
    "spectral_strongpeak": {
        "mean": 1.68359529972,
        "var": 2.06878471375
    },
    "zerocrossingrate": {
        "mean": 0.0256602726877,
        "var": 0.00049015507102
    },
    "barkbands": {
        "mean": [1.15695307557e-007, 4.89361445943e-005, 8.1610342022e-005, 0.000183538315468, 0.00231082155369, 0.00381867354736, 0.00170779600739, 0.00419687572867, 0.00488763861358, 0.0011196793057, 0.000267449097009, 0.000115224378533, 0.000241789777647, 0.000100123645097, 3.1163021049e-005, 1.59939827427e-005, 1.26117420223e-005, 8.16003739601e-006, 1.34095341764e-006, 8.34000047689e-007, 1.73680177795e-007, 2.18885514158e-008, 4.51169057669e-009, 2.5906090606e-009, 1.34058797396e-009, 9.85482917493e-010, 8.1063561419e-010],
        "var": [6.5932421198e-014, 1.00326493779e-008, 2.47950495691e-008, 1.0472849965e-007, 7.381173873e-006, 2.66535262199e-005, 1.033591343e-005, 6.56696065562e-005, 0.000136404691148, 1.78377467819e-005, 1.49521014237e-007, 4.34076170563e-008, 2.12698566315e-007, 3.78925619771e-008, 4.40228076215e-009, 1.01905650585e-009, 1.26487564867e-009, 5.81601711236e-010, 7.31145352595e-012, 5.84962894096e-012, 6.44164138263e-013, 9.44897439914e-015, 1.56868979819e-016, 8.05717839917e-018, 5.20866077789e-018, 4.14204942831e-018, 2.60469352123e-018]
    },
    "erbbands": {
        "mean": [0.000507762830239, 0.0147699946538, 0.0815068930387, 0.396473139524, 1.47493970394, 10.1336679459, 17.7095489502, 36.0079307556, 30.0523700714, 36.075592041, 107.75643158, 144.960662842, 57.1539840698, 12.1268405914, 10.9825029373, 5.90961122513, 11.5270252228, 6.94507265091, 2.60363960266, 1.17874193192, 0.747679173946, 0.490920871496, 0.527997612953, 0.149729803205, 0.0669031590223, 0.0302624572068, 0.0173743795604, 0.00709543377161, 0.00138288887683, 0.000274460675428, 0.000121718097944, 7.75233784225e-005, 5.16902691743e-005, 2.93780249194e-005, 2.05520063901e-005, 1.39488984132e-005, 7.67781421018e-006, 1.82977510121e-006, 9.37854747463e-006, 2.16943299165e-005],
        "var": [2.01993316296e-006, 0.000772091618273, 0.0185793917626, 0.511892020702, 5.34953451157, 170.874801636, 548.953857422, 2695.23999023, 3114.73730469, 2305.9675293, 48845.609375, 108801.421875, 27988.6933594, 773.524353027, 254.975952148, 67.1683731079, 454.798156738, 117.927581787, 18.6008033752, 4.13916349411, 1.97248852253, 1.42463457584, 2.44362998009, 0.14514093101, 0.0199729092419, 0.00658634351566, 0.00378490774892, 0.00149651314132, 4.20979158662e-005, 6.05672425991e-007, 4.35351168449e-008, 6.75236222492e-009, 2.56101295726e-009, 1.00194141872e-009, 5.12652531537e-010, 2.07399653007e-010, 6.0122726242e-011, 4.7080100235e-012, 8.39954009124e-011, 4.4631429108e-010]
    },
    "gfcc": {
        "mean": [-222.971679688, 237.928955078, -133.964935303, -72.5927124023, -45.296710968, -41.9057006836, -33.9779548645, -19.7602405548, -14.3301086426, -13.2830190659, -2.24797296524, -18.237953186, -2.3633646965],
        "cov": [[5991.43994141, 349.327941895, -1646.64733887, 107.443740845, 352.945526123, -804.312011719, 413.204467773, 150.391372681, -72.004486084, -18.5256767273, -251.191558838, -235.93397522, -144.275344849], [349.327941895, 571.395324707, 255.798858643, -18.3650474548, 187.385437012, 174.3565979, -26.4238796234, -33.7123413086, -12.0401391983, -50.1452140808, 51.5861663818, -0.0773253366351, 25.6508655548], [-1646.64733887, 255.798858643, 880.736938477, -63.0285949707, -56.0640144348, 401.872161865, -151.78918457, -63.7383041382, 21.2968463898, -22.4544715881, 101.273979187, 106.407737732, 55.8630256653], [107.443740845, -18.3650474548, -63.0285949707, 356.046691895, 142.045532227, 15.033741951, 182.429992676, 88.2897872925, -1.86892211437, 53.6594467163, 4.46910238266, -70.2189025879, -26.6635398865], [352.945526123, 187.385437012, -56.0640144348, 142.045532227, 269.951904297, 54.6837234497, 79.7762145996, 42.4348373413, 0.837440788746, -13.2862815857, -8.31531620026, -46.1059570313, -6.29462909698], [-804.312011719, 174.3565979, 401.872161865, 15.033741951, 54.6837234497, 346.36340332, -12.4750347137, -14.4232492447, 32.1491279602, -20.7641201019, 12.8747224808, 19.6297702789, 38.4866256714], [413.204467773, -26.4238796234, -151.78918457, 182.429992676, 79.7762145996, -12.4750347137, 243.22505188, 115.317276001, 16.1324195862, 36.3214645386, -42.012638092, -89.42212677, -46.5667533875], [150.391372681, -33.7123413086, -63.7383041382, 88.2897872925, 42.4348373413, -14.4232492447, 115.317276001, 114.161811829, 35.8700561523, 17.2778606415, -12.5736351013, -47.3129081726, -42.1714248657], [-72.004486084, -12.0401391983, 21.2968463898, -1.86892211437, 0.837440788746, 32.1491279602, 16.1324195862, 35.8700561523, 70.3579330444, 12.0200862885, -15.3609523773, -2.73744654655, -11.6605730057], [-18.5256767273, -50.1452140808, -22.4544715881, 53.6594467163, -13.2862815857, -20.7641201019, 36.3214645386, 17.2778606415, 12.0200862885, 73.2574996948, 32.4196624756, -16.2290935516, -7.08145189285], [-251.191558838, 51.5861663818, 101.273979187, 4.46910238266, -8.31531620026, 12.8747224808, -42.012638092, -12.5736351013, -15.3609523773, 32.4196624756, 105.602981567, 45.7646331787, 14.1114044189], [-235.93397522, -0.0773253366351, 106.407737732, -70.2189025879, -46.1059570313, 19.6297702789, -89.42212677, -47.3129081726, -2.73744654655, -16.2290935516, 45.7646331787, 115.299461365, 59.0701026917], [-144.275344849, 25.6508655548, 55.8630256653, -26.6635398865, -6.29462909698, 38.4866256714, -46.5667533875, -42.1714248657, -11.6605730057, -7.08145189285, 14.1114044189, 59.0701026917, 97.583984375]],
        "icov": [[0.00126999581698, -0.00311529356986, 0.0022458229214, 2.58413692791e-005, 0.000502347014844, 0.00125144247431, -0.000309126888169, -0.00153891718946, 0.00194926862605, -0.0029994926881, 0.00436543207616, -0.00320429634303, 0.00146785459947], [-0.00311529356986, 0.0119533706456, -0.00696454197168, 0.00170122855343, -0.00476199155673, -0.00246415869333, -0.00168303051032, 0.00713545875624, -0.00673803919926, 0.0114923361689, -0.0152769517154, 0.0112910075113, -0.00494774337858], [0.0022458229214, -0.00696454197168, 0.00838676467538, -0.001223328989, 0.00355940661393, -0.00273136468604, 0.00231744418852, -0.00490744644776, 0.00472388509661, -0.00617072731256, 0.00718569103628, -0.00799530465156, 0.0042249946855], [2.58413692791e-005, 0.00170122855343, -0.001223328989, 0.00690369354561, -0.00395095581189, 0.000626486144029, -0.00441520474851, 0.000368743698345, 0.00138503499329, -0.0020401449874, -0.00157181848772, 0.00117614632472, -0.000739033042919], [0.000502347014844, -0.00476199155673, 0.00355940661393, -0.00395095581189, 0.00933710671961, -0.00210646376945, 0.00217504939064, -0.003521312261, 0.00120649952441, 0.00013712249347, 0.00243825977668, -0.00153846968897, 0.000559314677957], [0.00125144247431, -0.00246415869333, -0.00273136468604, 0.000626486144029, -0.00210646376945, 0.0108544882387, -0.00401397701353, 0.00254484754987, -0.00318059395067, 0.000195758970222, 0.00362644298002, 0.000265566719463, -0.00205080676824], [-0.000309126888169, -0.00168303051032, 0.00231744418852, -0.00441520474851, 0.00217504939064, -0.00401397701353, 0.0163662787527, -0.0133433677256, 0.00631831865758, -0.0072188009508, 0.00699602998793, -0.000809147430118, 0.000928501191083], [-0.00153891718946, 0.00713545875624, -0.00490744644776, 0.000368743698345, -0.003521312261, 0.00254484754987, -0.0133433677256, 0.0308753661811, -0.0184283740819, 0.0146585432813, -0.0163321755826, 0.0105279497802, -0.00064547045622], [0.00194926862605, -0.00673803919926, 0.00472388509661, 0.00138503499329, 0.00120649952441, -0.00318059395067, 0.00631831865758, -0.0184283740819, 0.0315202847123, -0.0199898499995, 0.0204081535339, -0.0150017365813, 0.00715628452599], [-0.0029994926881, 0.0114923361689, -0.00617072731256, -0.0020401449874, 0.00013712249347, 0.000195758970222, -0.0072188009508, 0.0146585432813, -0.0199898499995, 0.0417456142604, -0.0317068807781, 0.0216259229928, -0.0095237866044], [0.00436543207616, -0.0152769517154, 0.00718569103628, -0.00157181848772, 0.00243825977668, 0.00362644298002, 0.00699602998793, -0.0163321755826, 0.0204081535339, -0.0317068807781, 0.0438134521246, -0.0264636073261, 0.0107554011047], [-0.00320429634303, 0.0112910075113, -0.00799530465156, 0.00117614632472, -0.00153846968897, 0.000265566719463, -0.000809147430118, 0.0105279497802, -0.0150017365813, 0.0216259229928, -0.0264636073261, 0.0347973778844, -0.0163075979799], [0.00146785459947, -0.00494774337858, 0.0042249946855, -0.000739033042919, 0.000559314677957, -0.00205080676824, 0.000928501191083, -0.00064547045622, 0.00715628452599, -0.0095237866044, 0.0107554011047, -0.0163075979799, 0.0205868910998]]
    },
    "melbands": {
        "mean": [9.10733979254e-006, 3.47956338373e-005, 7.99272311269e-005, 0.000375014467863, 0.000645538850222, 0.000790362479165, 0.000438567716628, 0.000454716209788, 0.00089682469843, 0.000847432238515, 0.000250708370004, 4.1780040192e-005, 3.36843513651e-005, 1.99212699954e-005, 1.59323681146e-005, 2.5336008548e-005, 1.20124432215e-005, 4.38770530309e-006, 1.8188343347e-006, 1.55793850354e-006, 7.90681440321e-007, 5.61811475563e-007, 5.45024647636e-007, 3.88709736399e-007, 9.37410646884e-008, 4.38713954054e-008, 3.80764895169e-008, 1.8472489316e-008, 1.56248667338e-008, 5.23432674981e-009, 2.88404589099e-009, 7.82121423182e-010, 1.98358801606e-010, 1.15290409164e-010, 6.58880103255e-011, 4.65483450396e-011, 3.69156302749e-011, 3.11265180297e-011, 1.63565515299e-011, 1.33579180703e-011],
        "var": [4.51000459201e-010, 3.21619175736e-009, 1.63936988429e-008, 2.8166419952e-007, 5.56537997909e-007, 1.24864027384e-006, 6.70455335694e-007, 3.72330816845e-007, 3.15127454087e-006, 3.91583762394e-006, 6.76542299516e-007, 1.231651936e-008, 2.29743601921e-009, 8.89716245123e-010, 8.8785245822e-010, 2.53810461537e-009, 5.15598730377e-010, 4.99714158941e-011, 1.0926500156e-011, 9.42715783908e-012, 3.6690646181e-012, 3.15088580227e-012, 2.66983505616e-012, 1.65522489378e-012, 5.78723741563e-014, 1.1500657604e-014, 7.68541199241e-015, 4.11462517161e-015, 3.94120576358e-015, 7.28205236183e-016, 4.1590061511e-016, 1.81954092163e-017, 5.14655543711e-019, 1.61198476232e-019, 2.05039042235e-020, 4.41526635099e-021, 1.76713970837e-021, 1.05484995925e-021, 5.4586448338e-022, 4.56008051348e-022]
    },
    "mfcc": {
        "mean": [-836.352050781, 244.317214966, -1.37556111813, -36.1226081848, -14.3629570007, -22.5270309448, -21.8332557678, -20.7727012634, -15.2745103836, -6.58078718185, -5.17865467072, -4.43432712555, -6.93673944473],
        "cov": [[2970.03149414, 1015.93286133, -1422.78564453, 199.73815918, 190.591506958, -398.257202148, 56.4894866943, 59.911693573, 51.476890564, 139.749771118, 81.093711853, -5.55691576004, -205.051589966], [1015.93286133, 671.231079102, -224.675582886, -70.1368179321, 161.102996826, 36.1740608215, 18.4728336334, 61.7879066467, 35.8344459534, 12.8007497787, -7.08310127258, -29.9173641205, -54.9839019775], [-1422.78564453, -224.675582886, 1008.91430664, -83.4130783081, -36.5242385864, 370.57333374, 59.5651321411, 25.7559356689, 24.9414672852, -63.31772995, -41.9116859436, 18.8197803497, 134.394592285], [199.73815918, -70.1368179321, -83.4130783081, 264.27154541, 23.1605167389, -48.1494789124, 117.686027527, 30.1953907013, 26.6612014771, 75.3190841675, 52.9522895813, 59.9506835938, 37.4245414734], [190.591506958, 161.102996826, -36.5242385864, 23.1605167389, 195.181243896, 105.423332214, 22.01612854, 49.2475891113, 30.7134895325, 16.6858406067, -9.25643348694, -14.0848999023, 14.4504108429], [-398.257202148, 36.1740608215, 370.57333374, -48.1494789124, 105.423332214, 307.997436523, 90.016166687, 45.8029060364, 78.7230072021, 6.93462324142, -31.4518852234, -13.8262023926, 29.9695587158], [56.4894866943, 18.4728336334, 59.5651321411, 117.686027527, 22.01612854, 90.016166687, 172.354797363, 71.3110275269, 55.6821708679, 80.8082580566, 31.2815685272, 20.294965744, 19.5907382965], [59.911693573, 61.7879066467, 25.7559356689, 30.1953907013, 49.2475891113, 45.8029060364, 71.3110275269, 100.966445923, 70.0389175415, 38.180065155, 27.4328365326, 3.78087806702, -11.6468200684], [51.476890564, 35.8344459534, 24.9414672852, 26.6612014771, 30.7134895325, 78.7230072021, 55.6821708679, 70.0389175415, 133.027679443, 80.799331665, 21.898065567, 0.69417911768, -33.3443908691], [139.749771118, 12.8007497787, -63.31772995, 75.3190841675, 16.6858406067, 6.93462324142, 80.8082580566, 38.180065155, 80.799331665, 151.410690308, 75.9402923584, 2.59254288673, -22.4806976318], [81.093711853, -7.08310127258, -41.9116859436, 52.9522895813, -9.25643348694, -31.4518852234, 31.2815685272, 27.4328365326, 21.898065567, 75.9402923584, 121.214622498, 58.1588401794, -32.7481689453], [-5.55691576004, -29.9173641205, 18.8197803497, 59.9506835938, -14.0848999023, -13.8262023926, 20.294965744, 3.78087806702, 0.69417911768, 2.59254288673, 58.1588401794, 116.139305115, 60.2639694214], [-205.051589966, -54.9839019775, 134.394592285, 37.4245414734, 14.4504108429, 29.9695587158, 19.5907382965, -11.6468200684, -33.3443908691, -22.4806976318, -32.7481689453, 60.2639694214, 162.707229614]],
        "icov": [[176.687545776, -245.638641357, 233.134796143, -213.843307495, 188.4115448, -159.309127808, 128.588623047, -98.3378677368, 70.5088577271, -46.212688446, 27.5163593292, -13.3136320114, 4.90314245224], [-245.638641357, 341.501647949, -324.120056152, 297.309997559, -261.961486816, 221.507415771, -178.803710938, 136.746841431, -98.0564727783, 64.272857666, -38.2730712891, 18.519952774, -6.82124614716], [233.134796143, -324.120056152, 307.641967773, -282.211608887, 248.683944702, -210.310958862, 169.787628174, -129.875747681, 93.1488876343, -61.0667037964, 36.3724250793, -17.6060409546, 6.4855465889], [-213.843307495, 297.309997559, -282.211608887, 258.932647705, -228.205413818, 193.038635254, -155.895965576, 119.286140442, -85.591796875, 56.1369743347, -33.4568901062, 16.2049732208, -5.97886800766], [188.4115448, -261.961486816, 248.683944702, -228.205413818, 201.182266235, -170.228607178, 137.520324707, -105.273452759, 75.5759124756, -49.5932312012, 29.5746364594, -14.3369960785, 5.29216957092], [-159.309127808, 221.507415771, -210.310958862, 193.038635254, -170.228607178, 144.106231689, -116.471954346, 89.2095794678, -64.094039917, 42.0873069763, -25.1211147308, 12.1948928833, -4.50951004028], [128.588623047, -178.803710938, 169.787628174, -155.895965576, 137.520324707, -116.471954346, 94.2086334229, -72.2049026489, 51.9205665588, -34.1307868958, 20.3990135193, -9.91916847229, 3.67751955986], [-98.3378677368, 136.746841431, -129.875747681, 119.286140442, -105.273452759, 89.2095794678, -72.2049026489, 55.4049873352, -39.8798713684, 26.2410202026, -15.7121324539, 7.65692186356, -2.84813809395], [70.5088577271, -98.0564727783, 93.1488876343, -85.591796875, 75.5759124756, -64.094039917, 51.9205665588, -39.8798713684, 28.7614421844, -18.9524936676, 11.3720331192, -5.56047391891, 2.08080291748], [-46.212688446, 64.272857666, -61.0667037964, 56.1369743347, -49.5932312012, 42.0873069763, -34.1307868958, 26.2410202026, -18.9524936676, 12.5236167908, -7.53529548645, 3.69833350182, -1.39124345779], [27.5163593292, -38.2730712891, 36.3724250793, -33.4568901062, 29.5746364594, -25.1211147308, 20.3990135193, -15.7121324539, 11.3720331192, -7.53529548645, 4.56897115707, -2.2577521801, 0.860923171043], [-13.3136320114, 18.519952774, -17.6060409546, 16.2049732208, -14.3369960785, 12.1948928833, -9.91916847229, 7.65692186356, -5.56047391891, 3.69833350182, -2.2577521801, 1.13676917553, -0.439436435699], [4.90314245224, -6.82124614716, 6.4855465889, -5.97886800766, 5.29216957092, -4.50951004028, 3.67751955986, -2.84813809395, 2.08080291748, -1.39124345779, 0.860923171043, -0.439436435699, 0.182611107826]]
    },
    "spectral_contrast_coeffs": {
        "mean": [-0.507028222084, -0.654492557049, -0.665755450726, -0.712983489037, -0.747726976871, -0.85758793354],
        "var": [0.00771291321144, 0.00552381295711, 0.00766457151622, 0.00212465273216, 0.00247567286715, 0.002359805163]
    },
    "spectral_contrast_valleys": {
        "mean": [-9.3382396698, -6.76846122742, -8.23141098022, -9.69204330444, -11.616063118, -14.4161462784],
        "var": [1.43611037731, 1.1507512331, 1.1271686554, 1.27559423447, 1.20315527916, 0.804044365883]
    }
},
"metadata": {
    "audio_properties": {
        "analysis_sample_rate": 44100,
        "bit_rate": 91077,
        "equal_loudness": 0,
        "length": 45.0873451233,
        "lossless": 0,
        "replay_gain": -4.76818656921,
        "sample_rate": 44100,
        "codec": "mp3",
        "downmix": "mix",
        "md5_encoded": "b42474b5dca0f279db9d156dbf1b7edf"
    },
    "tags": {
        "file_name": "194.mp3"
    },
    "version": {
        "essentia": "2.1-beta2",
        "essentia_git_sha": "v2.1_beta2",
        "extractor": "music 1.0"
    }
},
"rhythm": {
    "beats_count": 69,
    "beats_loudness": {
        "mean": 0.0292538627982,
        "var": 0.000718534109183
    },
    "bpm": 90.708404541,
    "bpm_histogram_first_peak_bpm": {
        "mean": 92,
        "var": 0
    },
    "bpm_histogram_first_peak_spread": {
        "mean": 0.352941244841,
        "var": 0
    },
    "bpm_histogram_first_peak_weight": {
        "mean": 0.485294103622,
        "var": 0
    },
    "bpm_histogram_second_peak_bpm": {
        "mean": 103,
        "var": 0
    },
    "bpm_histogram_second_peak_spread": {
        "mean": 0.416666686535,
        "var": 0
    },
    "bpm_histogram_second_peak_weight": {
        "mean": 0.102941177785,
        "var": 0
    },
    "danceability": 0.982883512974,
    "onset_rate": 2.6383023262,
    "beats_loudness_band_ratio": {
        "mean": [0.040625937283, 0.378153413534, 0.561788082123, 0.0927802324295, 0.00523678725585, 0.000144125748193],
        "var": [0.00369161204435, 0.0733610913157, 0.0677688345313, 0.0105860661715, 5.84972003708e-005, 8.30846289546e-008]
    },
    "beats_position": [0.568888902664, 1.16099774837, 1.75310659409, 2.35682535172, 2.93732428551, 3.50621318817, 4.06349182129, 4.6439909935, 5.22448968887, 5.80498838425, 6.37387752533, 6.91954612732, 7.58131504059, 8.24308395386, 8.893242836, 9.56662082672, 10.2632198334, 10.9365987778, 11.5867567062, 12.2485256195, 12.9102945328, 13.5836734772, 14.2454423904, 14.8956003189, 15.5573692322, 16.2191371918, 16.8692970276, 17.5194549561, 18.2044448853, 18.877822876, 19.5512008667, 20.247800827, 20.94439888, 21.6177768707, 22.2911567688, 22.9413146973, 23.6030826569, 24.2532424927, 24.9150104523, 25.5651702881, 26.2153282166, 26.865486145, 27.5156459808, 28.1658039093, 28.7927436829, 29.4429016113, 30.0930614471, 30.7548294067, 31.3353290558, 31.9158267975, 32.4963264465, 33.146484375, 33.8082542419, 34.4816322327, 35.1550102234, 35.8051681519, 36.455329895, 37.0822677612, 37.7324256897, 38.3941955566, 39.0327415466, 39.6712913513, 40.3330612183, 41.006439209, 41.6914291382, 42.3764152527, 43.0381851196, 43.6767349243, 44.3268928528]
},
"tonal": {
    "chords_changes_rate": 0.0380658432841,
    "chords_number_rate": 0.00925925932825,
    "chords_strength": {
        "mean": 0.470868945122,
        "var": 0.00730435270816
    },
    "hpcp_entropy": {
        "mean": 1.38512468338,
        "var": 0.285576939583
    },
    "key_strength": 0.861786484718,
    "tuning_diatonic_strength": 0.617553114891,
    "tuning_equal_tempered_deviation": 0.00714197335765,
    "tuning_frequency": 440.508636475,
    "tuning_nontempered_energy_ratio": 0.581788063049,
    "hpcp": {
        "mean": [0.103231735528, 0.0548512898386, 0.0621664561331, 0.11537951231, 0.0635454133153, 0.0155996410176, 0.022341798991, 0.0245795045048, 0.248465046287, 0.420944929123, 0.190331995487, 0.0108050219715, 0.0105129554868, 0.0103487093002, 0.147609353065, 0.288085788488, 0.152418240905, 0.0239902958274, 0.031011717394, 0.0180190522224, 0.107231006026, 0.214787483215, 0.145077317953, 0.218951940536, 0.357509076595, 0.178782626987, 0.00874775741249, 0.00279543362558, 0.00384371378459, 0.131246298552, 0.258243590593, 0.133891880512, 0.00639914302155, 0.00329925608821, 0.00509752519429, 0.0574247427285],
        "var": [0.062447026372, 0.0169587824494, 0.0184824224561, 0.0619344376028, 0.018714806065, 0.00269650341943, 0.00931435823441, 0.00393053051084, 0.0616380535066, 0.172265723348, 0.0383975245059, 0.00187966949306, 0.00294316909276, 0.00153184891678, 0.0393994189799, 0.153475746512, 0.0446465983987, 0.00628285249695, 0.0213138200343, 0.00550612667575, 0.029900001362, 0.104924045503, 0.0482849031687, 0.0490621887147, 0.137535870075, 0.0401876308024, 0.000734804081731, 7.26775833755e-005, 0.00011096840899, 0.0323105752468, 0.118896134198, 0.031579952687, 0.000423080840847, 0.000118465257401, 0.000242749869358, 0.0187889635563]
    },
    "chords_histogram": [38.0658454895, 2.46913576126, 19.7530860901, 0, 4.93827152252, 0, 0, 0, 0.411522626877, 0, 0, 0, 0, 0, 0, 0, 0, 5.96707820892, 0, 0.617283940315, 2.88065838814, 2.36625504494, 18.8271598816, 3.70370364189],
    "thpcp": [1, 0.452154159546, 0.0256684925407, 0.0249746572226, 0.0245844740421, 0.35066190362, 0.684378802776, 0.362085938454, 0.056991532445, 0.0736716762185, 0.0428061969578, 0.254738807678, 0.510250806808, 0.344646781683, 0.520143926144, 0.849301278591, 0.424717366695, 0.0207812394947, 0.0066408533603, 0.00913115590811, 0.311789721251, 0.613485455513, 0.318074584007, 0.0152018535882, 0.00783773791045, 0.0121097201481, 0.136418655515, 0.245238095522, 0.130305141211, 0.147683113813, 0.27409645915, 0.150958970189, 0.0370586253703, 0.0530753470957, 0.0583912581205, 0.590255439281],
    "chords_key": "F",
    "chords_scale": "major",
    "key_key": "F",
    "key_scale": "major"
}
}