{
"lowlevel": {
    "average_loudness": 0.955761492252,
    "barkbands_crest": {
        "mean": 7.45870256424,
        "var": 7.43190097809
    },
    "barkbands_flatness_db": {
        "mean": 0.150069892406,
        "var": 0.000809211516753
    },
    "barkbands_kurtosis": {
        "mean": -0.268088072538,
        "var": 2.07920503616
    },
    "barkbands_skewness": {
        "mean": 0.453525304794,
        "var": 0.415382504463
    },
    "barkbands_spread": {
        "mean": 21.7625751495,
        "var": 33.7213439941
    },
    "dissonance": {
        "mean": 0.469292342663,
        "var": 0.000437123555457
    },
    "dynamic_complexity": 1.11831974983,
    "erbbands_crest": {
        "mean": 10.19389534,
        "var": 19.54296875
    },
    "erbbands_flatness_db": {
        "mean": 0.21618758142,
        "var": 0.0013255989179
    },
    "erbbands_kurtosis": {
        "mean": 0.62834084034,
        "var": 2.05290937424
    },
    "erbbands_skewness": {
        "mean": -0.33578684926,
        "var": 0.258429884911
    },
    "erbbands_spread": {
        "mean": 21.0142211914,
        "var": 56.2340278625
    },
    "hfc": {
        "mean": 30.3838806152,
        "var": 185.317764282
    },
    "melbands_crest": {
        "mean": 9.97124195099,
        "var": 11.7079792023
    },
    "melbands_flatness_db": {
        "mean": 0.20535646379,
        "var": 0.00120257970411
    },
    "melbands_kurtosis": {
        "mean": 1.59583926201,
        "var": 12.6704273224
    },
    "melbands_skewness": {
        "mean": 1.19874107838,
        "var": 0.677758336067
    },
    "melbands_spread": {
        "mean": 30.1783828735,
        "var": 79.8575820923
    },
    "pitch_salience": {
        "mean": 0.559635043144,
        "var": 0.0059828357771
    },
    "silence_rate_20dB": {
        "mean": 1,
        "var": 0
    },
    "silence_rate_30dB": {
        "mean": 1,
        "var": 0
    },
    "silence_rate_60dB": {
        "mean": 0.00154479919001,
        "var": 0.00154241069686
    },
    "spectral_centroid": {
        "mean": 1289.57312012,
        "var": 66382.6953125
    },
    "spectral_complexity": {
        "mean": 25.2780647278,
        "var": 19.7301139832
    },
    "spectral_decrease": {
        "mean": -9.46711242733e-009,
        "var": 1.50452109674e-017
    },
    "spectral_energy": {
        "mean": 0.038486931473,
        "var": 0.000235439380049
    },
    "spectral_energyband_high": {
        "mean": 0.000204713709536,
        "var": 4.86986415638e-008
    },
    "spectral_energyband_low": {
        "mean": 0.0104729654267,
        "var": 0.000124234968098
    },
    "spectral_energyband_middle_high": {
        "mean": 0.0148803284392,
        "var": 7.43967757444e-005
    },
    "spectral_energyband_middle_low": {
        "mean": 0.014629249461,
        "var": 6.29967689747e-005
    },
    "spectral_entropy": {
        "mean": 7.31350231171,
        "var": 0.0481407530606
    },
    "spectral_flux": {
        "mean": 0.0925709232688,
        "var": 0.00133895222098
    },
    "spectral_kurtosis": {
        "mean": 8.14052295685,
        "var": 13.4061555862
    },
    "spectral_rms": {
        "mean": 0.00602068286389,
        "var": 1.29965587803e-006
    },
    "spectral_rolloff": {
        "mean": 1533.57214355,
        "var": 320627.3125
    },
    "spectral_skewness": {
        "mean": 1.84211337566,
        "var": 0.121738769114
    },
    "spectral_spread": {
        "mean": 2660091.25,
        "var": 1.6922411008e+012
    },
    "spectral_strongpeak": {
        "mean": 1.88949227333,
        "var": 6.5871515274
    },
    "zerocrossingrate": {
        "mean": 0.0510560646653,
        "var": 0.000212569299038
    },
    "barkbands": {
        "mean": [0.000354120362317, 0.00639146147296, 0.00212929002009, 0.0026910698507, 0.00421092985198, 0.00158595328685, 0.000826039584354, 0.00244589010254, 0.00265568541363, 0.00261204899289, 0.0010694519151, 0.00194784358609, 0.00227259052917, 0.00230659078807, 0.0014323189389, 0.0019533764571, 0.00069365062518, 0.000422856915975, 0.000208641038626, 0.000126128114061, 6.45703985356e-005, 3.50138907379e-005, 2.5193201509e-005, 1.44670248119e-005, 8.5663923528e-006, 3.10088444166e-006, 1.41293014622e-007],
        "var": [1.21162406685e-006, 4.26949627581e-005, 1.59034188982e-005, 6.54305631542e-006, 3.46665874531e-005, 2.098846835e-006, 9.41809162214e-007, 1.44821369759e-005, 5.19661853104e-006, 5.45213970327e-006, 3.63137087334e-006, 7.16637669029e-006, 1.36885564643e-005, 2.56219009316e-005, 2.16331977754e-006, 5.62929972148e-006, 4.80547669213e-007, 1.5682755361e-007, 5.31629780198e-008, 1.69901532843e-008, 4.58158089245e-009, 2.47123743691e-009, 1.26076493689e-009, 7.22022941435e-010, 2.86070084288e-010, 7.74154906846e-011, 3.90687157105e-013]
    },
    "erbbands": {
        "mean": [0.14913597703, 1.53463768959, 2.49153184891, 7.24465322495, 12.0009222031, 12.1338024139, 19.1859931946, 7.94086122513, 12.2102708817, 14.5715761185, 66.9216766357, 64.7043228149, 45.1484031677, 97.7354125977, 65.5151367188, 86.998878479, 105.782806396, 145.473129272, 91.524307251, 52.2886276245, 108.154548645, 37.6201133728, 26.5490665436, 12.9973087311, 9.66647911072, 6.18814277649, 2.83699560165, 2.28466963768, 1.21844613552, 1.15299832821, 0.623938560486, 0.375189065933, 0.210208132863, 0.116512782872, 0.0490595176816, 0.0186867527664, 0.00449887942523, 0.000711784698069, 3.77850374207e-005, 4.60407754872e-005],
        "var": [0.0618659593165, 1.91756844521, 14.7002487183, 58.0243492126, 343.122680664, 319.850708008, 372.585540771, 71.7673721313, 195.920303345, 292.78894043, 10697.1914063, 3506.25073242, 1162.32165527, 7918.48535156, 8125.52587891, 13158.2724609, 22486.890625, 95105.4296875, 7263.19433594, 2902.68920898, 15284.1845703, 787.339782715, 558.075134277, 80.1257171631, 175.846939087, 29.409614563, 12.7397480011, 4.56634283066, 3.12855029106, 2.37243819237, 0.847806155682, 0.456787139177, 0.149694249034, 0.0481854081154, 0.011467997916, 0.0021014183294, 0.000199843852897, 7.11884695193e-006, 4.80147921422e-009, 3.16463633077e-010]
    },
    "gfcc": {
        "mean": [12.5007839203, 143.828079224, -158.98916626, 24.0212249756, -39.3429145813, 16.1054210663, -28.1106796265, 2.5750617981, -14.8399534225, -8.9667596817, -15.9444465637, -7.22278404236, -3.62053489685],
        "cov": [[1653.35766602, -349.484405518, 125.139190674, 40.5336761475, -145.972793579, 138.788452148, -168.561264038, 53.4859199524, -116.63924408, 51.2381629944, -49.0247306824, 5.61483860016, -127.858589172], [-349.484405518, 746.681213379, -118.557952881, 121.977615356, 271.933410645, -63.6484642029, 256.812042236, -35.3196601868, 162.427658081, -95.1388244629, 82.4117507935, -32.9565544128, 93.087059021], [125.139190674, -118.557952881, 360.644287109, 85.5171508789, 25.1121387482, 69.1273727417, -49.7255401611, 62.7273902893, -48.0884017944, 40.683265686, -89.065032959, 39.6612281799, -3.81329059601], [40.5336761475, 121.977615356, 85.5171508789, 180.945144653, 98.5425033569, 25.8605632782, 44.8662567139, 17.9893474579, 38.9422912598, -16.0765628815, 1.72294402122, -9.6455373764, 15.5368852615], [-145.972793579, 271.933410645, 25.1121387482, 98.5425033569, 209.699752808, 23.757188797, 122.506690979, 26.1338748932, 70.9597320557, -26.4494094849, 6.11169862747, -3.24116849899, 32.6902885437], [138.788452148, -63.6484642029, 69.1273727417, 25.8605632782, 23.757188797, 111.908569336, 25.0798110962, 25.5701961517, 4.24306249619, 12.8726959229, -6.04664897919, -12.0222196579, -38.4305496216], [-168.561264038, 256.812042236, -49.7255401611, 44.8662567139, 122.506690979, 25.0798110962, 181.850418091, 31.4103775024, 58.8152198792, -39.7525482178, 44.9330291748, -18.0847225189, 10.4226617813], [53.4859199524, -35.3196601868, 62.7273902893, 17.9893474579, 26.1338748932, 25.5701961517, 31.4103775024, 85.2323760986, 5.79251480103, 5.1829123497, -22.0695762634, 12.8772220612, -6.89370679855], [-116.63924408, 162.427658081, -48.0884017944, 38.9422912598, 70.9597320557, 4.24306249619, 58.8152198792, 5.79251480103, 111.322525024, -3.43058466911, 22.0708580017, -25.4313583374, 11.3717794418], [51.2381629944, -95.1388244629, 40.683265686, -16.0765628815, -26.4494094849, 12.8726959229, -39.7525482178, 5.1829123497, -3.43058466911, 67.8933792114, 0.293315500021, -5.92667770386, -21.5879859924], [-49.0247306824, 82.4117507935, -89.065032959, 1.72294402122, 6.11169862747, -6.04664897919, 44.9330291748, -22.0695762634, 22.0708580017, 0.293315500021, 106.213783264, -12.1756916046, -26.04621315], [5.61483860016, -32.9565544128, 39.6612281799, -9.6455373764, -3.24116849899, -12.0222196579, -18.0847225189, 12.8772220612, -25.4313583374, -5.92667770386, -12.1756916046, 65.2611846924, 34.5866928101], [-127.858589172, 93.087059021, -3.81329059601, 15.5368852615, 32.6902885437, -38.4305496216, 10.4226617813, -6.89370679855, 11.3717794418, -21.5879859924, -26.04621315, 34.5866928101, 94.0804672241]],
        "icov": [[0.00131287158001, -0.00218568462878, 0.00155731826089, -0.00146486237645, 0.00174286146648, -0.00328422989696, 0.00316419941373, -0.00260530575179, 0.00234345090576, -0.0013308004709, 0.00131960201543, -0.00159567582887, 0.00212659500539], [-0.00218568462878, 0.0137501498684, -0.00591377401724, 0.00334003660828, -0.00905235484242, 0.013079944998, -0.0140305999666, 0.0118365269154, -0.0103411115706, 0.00782731175423, -0.00598760182038, 0.00646542571485, -0.00744507648051], [0.00155731826089, -0.00591377401724, 0.00991590041667, -0.0059395856224, 0.00339847221039, -0.00864963792264, 0.00709761958569, -0.00706139113754, 0.00742515316233, -0.00771598704159, 0.00753270927817, -0.00738765392452, 0.00546604255214], [-0.00146486237645, 0.00334003660828, -0.0059395856224, 0.0121001461521, -0.00639008963481, 0.00370361912064, -0.00177019205876, 0.00238990294747, -0.00479485606775, 0.00638169748709, -0.00622789282352, 0.00721730524674, -0.00576365832239], [0.00174286146648, -0.00905235484242, 0.00339847221039, -0.00639008963481, 0.0180369615555, -0.00905442330986, 0.00206077028997, -0.00621712300926, 0.00318843545392, -0.00616742903367, 0.00671568559483, -0.00719302007928, 0.00457163015381], [-0.00328422989696, 0.013079944998, -0.00864963792264, 0.00370361912064, -0.00905442330986, 0.0276439525187, -0.0179155971855, 0.012465076521, -0.0114813325927, 0.00611904077232, -0.00403854716569, 0.00608310941607, -0.00159349490423], [0.00316419941373, -0.0140305999666, 0.00709761958569, -0.00177019205876, 0.00206077028997, -0.0179155971855, 0.0317170359194, -0.0203775409609, 0.010963874869, -0.000626765366178, -0.00183442793787, -0.00053635716904, 0.00394174596295], [-0.00260530575179, 0.0118365269154, -0.00706139113754, 0.00238990294747, -0.00621712300926, 0.012465076521, -0.0203775409609, 0.0299522019923, -0.0118666496128, 0.00330089125782, 0.00157086469699, -0.00236677099019, -0.000732026761398], [0.00234345090576, -0.0103411115706, 0.00742515316233, -0.00479485606775, 0.00318843545392, -0.0114813325927, 0.010963874869, -0.0118666496128, 0.0235782824457, -0.00911497417837, 0.00323888752609, 0.000464367243694, 0.00241199368611], [-0.0013308004709, 0.00782731175423, -0.00771598704159, 0.00638169748709, -0.00616742903367, 0.00611904077232, -0.000626765366178, 0.00330089125782, -0.00911497417837, 0.0275563877076, -0.00987419020385, 0.00928946677595, -0.00468988390639], [0.00131960201543, -0.00598760182038, 0.00753270927817, -0.00622789282352, 0.00671568559483, -0.00403854716569, -0.00183442793787, 0.00157086469699, 0.00323888752609, -0.00987419020385, 0.022842746228, -0.0124635789543, 0.0136354528368], [-0.00159567582887, 0.00646542571485, -0.00738765392452, 0.00721730524674, -0.00719302007928, 0.00608310941607, -0.00053635716904, -0.00236677099019, 0.000464367243694, 0.00928946677595, -0.0124635789543, 0.0342046171427, -0.0191365331411], [0.00212659500539, -0.00744507648051, 0.00546604255214, -0.00576365832239, 0.00457163015381, -0.00159349490423, 0.00394174596295, -0.000732026761398, 0.00241199368611, -0.00468988390639, 0.0136354528368, -0.0191365331411, 0.0287718325853]]
    },
    "melbands": {
        "mean": [0.00164321658667, 0.00164225581102, 0.00131596683059, 0.000935545889661, 0.000596082245465, 0.000198063571588, 0.000182478834176, 0.000192563951714, 0.000565196329262, 0.000389206892578, 0.000222914284677, 0.000410835287767, 0.000185401222552, 0.00022374940454, 0.0001903684024, 0.000299098523101, 0.000247094256338, 0.000133434063173, 7.8056298662e-005, 0.000116014794912, 0.000116014954983, 3.80403143936e-005, 3.12440279231e-005, 1.83011889021e-005, 9.31368595047e-006, 7.61752562539e-006, 5.65860273127e-006, 3.79248967874e-006, 1.67315693034e-006, 1.72243676388e-006, 1.11945621484e-006, 6.54159293845e-007, 7.01559770278e-007, 6.04624176503e-007, 3.52358966893e-007, 3.01478564779e-007, 1.99552445679e-007, 1.47607963186e-007, 1.28757179141e-007, 8.77212968931e-008],
        "var": [3.95680854126e-006, 3.61136699212e-006, 1.67784310179e-006, 2.09475024349e-006, 3.37490547508e-007, 3.63952779026e-008, 4.52627517689e-008, 4.82885411657e-008, 6.69589496738e-007, 1.26793139543e-007, 2.99554088201e-008, 1.50292933654e-007, 9.22111098589e-008, 8.2646330668e-008, 4.7906304701e-008, 3.0101386983e-007, 2.75215228385e-007, 1.66120379674e-008, 6.43162589853e-009, 3.19269659599e-008, 1.85102422279e-008, 1.2851956166e-009, 1.76500014604e-009, 2.84596624045e-010, 5.16399978334e-011, 1.24615456842e-010, 5.85957740662e-011, 1.36658436303e-011, 7.08900429677e-012, 2.92101325766e-012, 1.3727550997e-012, 1.26650079313e-012, 8.32707058689e-013, 7.10076962507e-013, 2.89075865025e-013, 2.52296284992e-013, 1.4985176999e-013, 7.76137577059e-014, 6.16761212957e-014, 2.83721935784e-014]
    },
    "mfcc": {
        "mean": [-617.030212402, 167.277542114, -43.1501541138, 15.5820484161, 5.50757598877, 13.6384534836, -1.19052040577, 10.3143749237, 5.18248701096, 4.32194948196, -3.0152900219, -1.87054038048, -3.57325696945],
        "cov": [[1043.44335938, -346.522766113, 162.495819092, -107.686279297, 33.3304100037, -10.1213674545, 11.8312072754, -30.3677005768, -106.91608429, 1.45876455307, 52.4835128784, -4.4058470726, -16.9295730591], [-346.522766113, 611.711486816, -196.274475098, 184.813919067, 17.5585575104, 77.9497375488, 44.7714805603, 112.537002563, 88.9776611328, 30.2448959351, -7.13779020309, 23.4088191986, 38.1067314148], [162.495819092, -196.274475098, 302.709320068, -6.87601327896, 62.11195755, 4.39001369476, 0.682193636894, -32.9065818787, 30.1019172668, -22.6984653473, -19.1995391846, -1.70332038403, -17.6756591797], [-107.686279297, 184.813919067, -6.87601327896, 203.39982605, 64.4296951294, 39.7278747559, 23.5969963074, 60.9222145081, 54.3479003906, 23.0060043335, -25.5029125214, 0.484481662512, 15.4174356461], [33.3304100037, 17.5585575104, 62.11195755, 64.4296951294, 105.393074036, 44.4689292908, 3.52409362793, 18.0785865784, 43.6857872009, 13.5486049652, 1.96576392651, 6.16025590897, 0.182699337602], [-10.1213674545, 77.9497375488, 4.39001369476, 39.7278747559, 44.4689292908, 98.4497756958, 26.6939525604, 26.689031601, 28.2210903168, 20.0126819611, 24.1217536926, 17.4092140198, 0.617832124233], [11.8312072754, 44.7714805603, 0.682193636894, 23.5969963074, 3.52409362793, 26.6939525604, 100.718307495, 56.1936378479, -0.8164255023, 19.1519489288, 19.4643478394, 6.89265203476, 13.6617889404], [-30.3677005768, 112.537002563, -32.9065818787, 60.9222145081, 18.0785865784, 26.689031601, 56.1936378479, 126.122283936, 40.8199043274, 18.2629699707, 2.34415912628, 7.8996348381, 24.7943325043], [-106.91608429, 88.9776611328, 30.1019172668, 54.3479003906, 43.6857872009, 28.2210903168, -0.8164255023, 40.8199043274, 133.283432007, 13.176733017, -28.179441452, 0.571591556072, 0.423072308302], [1.45876455307, 30.2448959351, -22.6984653473, 23.0060043335, 13.5486049652, 20.0126819611, 19.1519489288, 18.2629699707, 13.176733017, 68.9586257935, 40.871799469, 10.2913484573, -0.538644492626], [52.4835128784, -7.13779020309, -19.1995391846, -25.5029125214, 1.96576392651, 24.1217536926, 19.4643478394, 2.34415912628, -28.179441452, 40.871799469, 108.410140991, 40.6213302612, -8.10060501099], [-4.4058470726, 23.4088191986, -1.70332038403, 0.484481662512, 6.16025590897, 17.4092140198, 6.89265203476, 7.8996348381, 0.571591556072, 10.2913484573, 40.6213302612, 66.6953048706, 11.8855495453], [-16.9295730591, 38.1067314148, -17.6756591797, 15.4174356461, 0.182699337602, 0.617832124233, 13.6617889404, 24.7943325043, 0.423072308302, -0.538644492626, -8.10060501099, 11.8855495453, 61.8908233643]],
        "icov": [[0.00137758697383, 0.000485946249682, -0.00047926051775, 0.000427809427492, -0.000787157565355, -0.000138136223541, 6.06023313594e-005, -0.000668807246257, 0.00118245847989, -0.000305424502585, -0.000252851168625, 0.000278683874058, -4.9170685088e-006], [0.000485946249682, 0.00406403839588, 0.00224992167205, -0.00278206635267, 0.00103460496757, -0.00187223020475, -0.000469233171316, -0.000588711642195, -0.0016567556886, 0.0011463474948, -0.000405317725381, -0.000615556549747, -0.000592218537349], [-0.00047926051775, 0.00224992167205, 0.00626575946808, -0.00109653326217, -0.00261878571473, -2.33912523981e-005, -0.0022930088453, 0.00190443790052, -0.00273520546034, 0.00252569047734, 0.000472733110655, -0.00115911185276, 0.000622552877758], [0.000427809427492, -0.00278206635267, -0.00109653326217, 0.0103243589401, -0.00551916984841, 0.000567437033169, -3.6507666664e-005, -0.00216322182678, 0.00177156180143, -0.0036709154956, 0.00387345836498, -0.000348720932379, 0.000360125297448], [-0.000787157565355, 0.00103460496757, -0.00261878571473, -0.00551916984841, 0.0185216609389, -0.00612082332373, 0.00252887490205, -0.000235969491769, -0.0035260419827, -0.000292928685667, -0.00183770491276, 0.000587098533288, -0.00101436686236], [-0.000138136223541, -0.00187223020475, -2.33912523981e-005, 0.000567437033169, -0.00612082332373, 0.0161040946841, -0.00322492932901, 0.000556644459721, -0.00117005733773, -0.000211818769458, -0.00242256955244, -0.00143720279448, 0.0012781865662], [6.06023313594e-005, -0.000469233171316, -0.0022930088453, -3.6507666664e-005, 0.00252887490205, -0.00322492932901, 0.0158594548702, -0.00729835266247, 0.00304669048637, -0.00256726681255, -0.00135511823464, 0.0013851954136, -0.00137910398189], [-0.000668807246257, -0.000588711642195, 0.00190443790052, -0.00216322182678, -0.000235969491769, 0.000556644459721, -0.00729835266247, 0.0150173483416, -0.00462844781578, 0.000894112512469, -0.000823151960503, 5.69455660298e-005, -0.003226935165], [0.00118245847989, -0.0016567556886, -0.00273520546034, 0.00177156180143, -0.0035260419827, -0.00117005733773, 0.00304669048637, -0.00462844781578, 0.0139198899269, -0.00497082481161, 0.00537441624328, -0.00157497299369, 0.00219232030213], [-0.000305424502585, 0.0011463474948, 0.00252569047734, -0.0036709154956, -0.000292928685667, -0.000211818769458, -0.00256726681255, 0.000894112512469, -0.00497082481161, 0.023773573339, -0.0112402411178, 0.00327336019836, -0.000801021989901], [-0.000252851168625, -0.000405317725381, 0.000472733110655, 0.00387345836498, -0.00183770491276, -0.00242256955244, -0.00135511823464, -0.000823151960503, 0.00537441624328, -0.0112402411178, 0.0212401915342, -0.0109467078, 0.00475668022409], [0.000278683874058, -0.000615556549747, -0.00115911185276, -0.000348720932379, 0.000587098533288, -0.00143720279448, 0.0013851954136, 5.69455660298e-005, -0.00157497299369, 0.00327336019836, -0.0109467078, 0.0225875992328, -0.00583614502102], [-4.9170685088e-006, -0.000592218537349, 0.000622552877758, 0.000360125297448, -0.00101436686236, 0.0012781865662, -0.00137910398189, -0.003226935165, 0.00219232030213, -0.000801021989901, 0.00475668022409, -0.00583614502102, 0.0199176743627]]
    },
    "spectral_contrast_coeffs": {
        "mean": [-0.645910203457, -0.721237123013, -0.724660456181, -0.72184753418, -0.736973404884, -0.722121059895],
        "var": [0.00468615209684, 0.00411273678765, 0.00219206372276, 0.00231835991144, 0.00126452429686, 0.000985812395811]
    },
    "spectral_contrast_valleys": {
        "mean": [-6.81199645996, -6.41295957565, -6.54259872437, -6.94309425354, -7.58928060532, -11.0781288147],
        "var": [0.626416087151, 0.376577466726, 0.347402900457, 0.322144269943, 0.382973909378, 0.751591861248]
    }
},
"metadata": {
    "audio_properties": {
        "analysis_sample_rate": 44100,
        "bit_rate": 128074,
        "equal_loudness": 0,
        "length": 45.0612258911,
        "lossless": 0,
        "replay_gain": -4.84321975708,
        "sample_rate": 44100,
        "codec": "mp3",
        "downmix": "mix",
        "md5_encoded": "14ce6fc7382d5bb0834e2a555c0d49eb"
    },
    "tags": {
        "file_name": "1940.mp3"
    },
    "version": {
        "essentia": "2.1-beta2",
        "essentia_git_sha": "v2.1_beta2",
        "extractor": "music 1.0"
    }
},
"rhythm": {
    "beats_count": 75,
    "beats_loudness": {
        "mean": 0.0500675030053,
        "var": 0.000147870916408
    },
    "bpm": 101.334686279,
    "bpm_histogram_first_peak_bpm": {
        "mean": 101,
        "var": 0
    },
    "bpm_histogram_first_peak_spread": {
        "mean": 0.662162184715,
        "var": 0
    },
    "bpm_histogram_first_peak_weight": {
        "mean": 0.337837845087,
        "var": 0
    },
    "bpm_histogram_second_peak_bpm": {
        "mean": 0,
        "var": 0
    },
    "bpm_histogram_second_peak_spread": {
        "mean": 0,
        "var": 0
    },
    "bpm_histogram_second_peak_weight": {
        "mean": 0,
        "var": 0
    },
    "danceability": 1.04281151295,
    "onset_rate": 3.01675581932,
    "beats_loudness_band_ratio": {
        "mean": [0.469999134541, 0.231297150254, 0.131602928042, 0.175943568349, 0.0961717516184, 0.0147215826437],
        "var": [0.028382346034, 0.0295426398516, 0.00468044448644, 0.0124958893284, 0.00324331619777, 7.94770166976e-005]
    },
    "beats_position": [0.557278871536, 1.13777780533, 1.71827661991, 2.29877543449, 2.89088439941, 3.49460315704, 4.08671188354, 4.69043064117, 5.2941493988, 5.88625860214, 6.46675729752, 7.05886602402, 7.63936471939, 8.24308395386, 8.84680271149, 9.45052146912, 10.0310201645, 10.6347389221, 11.2152376175, 11.7957363129, 12.3994560242, 13.0031747818, 13.5952835083, 14.1873922348, 14.7911109924, 15.3832197189, 15.9753284454, 16.5558280945, 17.1479358673, 17.7400455475, 18.3437633514, 18.9474830627, 19.5279808044, 20.1084804535, 20.6889801025, 21.2926979065, 21.8848075867, 22.4769153595, 23.0806350708, 23.6843528748, 24.2764625549, 24.8569602966, 25.4374599457, 26.0295696259, 26.6332874298, 27.2370071411, 27.8175048828, 28.4212245941, 29.0017223358, 29.593832016, 30.1743297577, 30.7664394379, 31.3469390869, 31.9506568909, 32.5543746948, 33.1348762512, 33.7269821167, 34.3190917969, 34.8995895386, 35.480091095, 36.0605888367, 36.6759185791, 37.2680282593, 37.8717460632, 38.4638557434, 39.0559616089, 39.6364631653, 40.216960907, 40.8090705872, 41.4243965149, 42.0165061951, 42.6086158752, 43.1891136169, 43.7928352356, 44.3849411011]
},
"tonal": {
    "chords_changes_rate": 0.0298353917897,
    "chords_number_rate": 0.00411522621289,
    "chords_strength": {
        "mean": 0.513772726059,
        "var": 0.00417628372088
    },
    "hpcp_entropy": {
        "mean": 1.82125246525,
        "var": 0.483168542385
    },
    "key_strength": 0.680300652981,
    "tuning_diatonic_strength": 0.545990765095,
    "tuning_equal_tempered_deviation": 0.0502269938588,
    "tuning_frequency": 441.272583008,
    "tuning_nontempered_energy_ratio": 0.63841432333,
    "hpcp": {
        "mean": [0.384129524231, 0.235134243965, 0.0503388866782, 0.0385563671589, 0.0401362553239, 0.0489656068385, 0.0701055899262, 0.097509868443, 0.163873657584, 0.168955907226, 0.103799588978, 0.137725919485, 0.14781627059, 0.104382120073, 0.365318238735, 0.696662127972, 0.448554039001, 0.0923135876656, 0.0437405519187, 0.0342524908483, 0.105995967984, 0.180906116962, 0.151490777731, 0.15090110898, 0.155625551939, 0.105857372284, 0.156418770552, 0.201743274927, 0.110104106367, 0.0610793270171, 0.102486997843, 0.142740443349, 0.119772598147, 0.0605033226311, 0.0465862117708, 0.208104804158],
        "var": [0.0669059380889, 0.0322527401149, 0.0104931294918, 0.0118437306955, 0.0140448594466, 0.0134281087667, 0.0232478938997, 0.0309774074703, 0.0531850717962, 0.0628603175282, 0.0235472675413, 0.0321657918394, 0.0395881347358, 0.0272962935269, 0.0573909953237, 0.127689242363, 0.0690977796912, 0.0184329785407, 0.0126350726932, 0.00816857628524, 0.0153398681432, 0.0337906368077, 0.0310096628964, 0.0709558054805, 0.0633188858628, 0.0269276145846, 0.0293744746596, 0.0658810138702, 0.0267860945314, 0.00936488807201, 0.0338819734752, 0.0653239041567, 0.0476193651557, 0.0167257897556, 0.0108501780778, 0.025843212381]
    },
    "chords_histogram": [36.2139930725, 0, 0, 0, 0, 0, 0, 0, 0, 0, 0, 0, 0, 0, 0, 0, 0, 59.5679016113, 0, 1.13168728352, 0, 0, 0, 3.08641982079],
    "thpcp": [1, 0.643861651421, 0.132508412004, 0.0627858936787, 0.0491665750742, 0.15214830637, 0.259675532579, 0.217452287674, 0.216605871916, 0.223387420177, 0.151949375868, 0.224526017904, 0.289585530758, 0.158045202494, 0.0876742452383, 0.147111475468, 0.20489192009, 0.17192350328, 0.0868474394083, 0.0668705925345, 0.298716962337, 0.551385700703, 0.337515473366, 0.0722572430968, 0.0553444288671, 0.0576122254133, 0.0702860206366, 0.100630685687, 0.139967232943, 0.235226884484, 0.242522016168, 0.14899559319, 0.197693988681, 0.212177842855, 0.149831771851, 0.524383664131],
    "chords_key": "D",
    "chords_scale": "minor",
    "key_key": "D",
    "key_scale": "major"
}
}