{
"lowlevel": {
    "average_loudness": 0.97656416893,
    "barkbands_crest": {
        "mean": 8.87682723999,
        "var": 9.2657251358
    },
    "barkbands_flatness_db": {
        "mean": 0.127261072397,
        "var": 0.000844348454848
    },
    "barkbands_kurtosis": {
        "mean": 0.882042169571,
        "var": 3.15450572968
    },
    "barkbands_skewness": {
        "mean": 1.1059461832,
        "var": 0.280817836523
    },
    "barkbands_spread": {
        "mean": 23.4569129944,
        "var": 32.0031814575
    },
    "dissonance": {
        "mean": 0.474622428417,
        "var": 0.000250418845098
    },
    "dynamic_complexity": 0.929644167423,
    "erbbands_crest": {
        "mean": 8.27006149292,
        "var": 12.5834646225
    },
    "erbbands_flatness_db": {
        "mean": 0.162705674767,
        "var": 0.000960467325058
    },
    "erbbands_kurtosis": {
        "mean": -0.322073161602,
        "var": 0.466800540686
    },
    "erbbands_skewness": {
        "mean": 0.0539927594364,
        "var": 0.219202429056
    },
    "erbbands_spread": {
        "mean": 32.6843490601,
        "var": 62.7318115234
    },
    "hfc": {
        "mean": 30.0305366516,
        "var": 100.288566589
    },
    "melbands_crest": {
        "mean": 11.9611587524,
        "var": 11.7440328598
    },
    "melbands_flatness_db": {
        "mean": 0.19784270227,
        "var": 0.00126103858929
    },
    "melbands_kurtosis": {
        "mean": 5.43699598312,
        "var": 25.9259319305
    },
    "melbands_skewness": {
        "mean": 2.02166938782,
        "var": 0.619538724422
    },
    "melbands_spread": {
        "mean": 24.6625518799,
        "var": 71.3049545288
    },
    "pitch_salience": {
        "mean": 0.537224590778,
        "var": 0.00603040680289
    },
    "silence_rate_20dB": {
        "mean": 1,
        "var": 0
    },
    "silence_rate_30dB": {
        "mean": 0.999485075474,
        "var": 0.000514652987476
    },
    "silence_rate_60dB": {
        "mean": 0.00154479919001,
        "var": 0.00154241069686
    },
    "spectral_centroid": {
        "mean": 1405.77526855,
        "var": 99562.5
    },
    "spectral_complexity": {
        "mean": 28.7049427032,
        "var": 37.3345947266
    },
    "spectral_decrease": {
        "mean": -1.17826743917e-008,
        "var": 9.57532365691e-018
    },
    "spectral_energy": {
        "mean": 0.0471942946315,
        "var": 0.000147839440615
    },
    "spectral_energyband_high": {
        "mean": 0.000514742219821,
        "var": 1.34671068963e-007
    },
    "spectral_energyband_low": {
        "mean": 0.0184488780797,
        "var": 7.6780510426e-005
    },
    "spectral_energyband_middle_high": {
        "mean": 0.0113529749215,
        "var": 3.19654027408e-005
    },
    "spectral_energyband_middle_low": {
        "mean": 0.0185614209622,
        "var": 7.931318396e-005
    },
    "spectral_entropy": {
        "mean": 7.5613656044,
        "var": 0.0444022268057
    },
    "spectral_flux": {
        "mean": 0.0948466286063,
        "var": 0.000528057629708
    },
    "spectral_kurtosis": {
        "mean": 4.72374916077,
        "var": 3.08777618408
    },
    "spectral_rms": {
        "mean": 0.00672621326521,
        "var": 8.0140728187e-007
    },
    "spectral_rolloff": {
        "mean": 1242.85864258,
        "var": 448603.03125
    },
    "spectral_skewness": {
        "mean": 1.41765522957,
        "var": 0.056586496532
    },
    "spectral_spread": {
        "mean": 3469614.25,
        "var": 1.4882055127e+012
    },
    "spectral_strongpeak": {
        "mean": 0.790700137615,
        "var": 1.18649828434
    },
    "zerocrossingrate": {
        "mean": 0.0493262112141,
        "var": 0.000248944328632
    },
    "barkbands": {
        "mean": [0.000489566999022, 0.0137349292636, 0.00271201715805, 0.00347874755971, 0.00440881121904, 0.00168027961627, 0.0030715323519, 0.00359836313874, 0.00208169221878, 0.00305823259987, 0.00107412878424, 0.00111487251706, 0.000783729949035, 0.000616388977505, 0.00107801624108, 0.00180102046579, 0.000532558886334, 0.000584502762649, 0.000555492122658, 0.000337047415087, 0.000191144587006, 6.83884354657e-005, 4.61200688733e-005, 5.03777409904e-005, 3.47611603502e-005, 1.09344518933e-005, 7.44690225929e-007],
        "var": [5.18483886935e-007, 6.01931897108e-005, 5.43178248336e-006, 1.04946466308e-005, 1.19905653264e-005, 2.36085315919e-006, 1.96316486836e-005, 2.22543330892e-005, 4.79837581224e-006, 1.70020157384e-005, 1.55166162585e-006, 8.67878270583e-007, 7.96531082869e-007, 8.86541613454e-007, 1.22509118228e-006, 3.57298335985e-006, 2.05924251873e-007, 2.16437413769e-007, 1.26330945704e-007, 3.65191965557e-008, 1.56033195253e-008, 4.26616830751e-009, 3.687967709e-009, 7.28387394844e-009, 4.37302949408e-009, 4.63006355478e-010, 5.53255097985e-012]
    },
    "erbbands": {
        "mean": [0.357302904129, 3.14941191673, 3.98547911644, 7.66996717453, 14.9942178726, 15.1347589493, 11.895357132, 13.8793592453, 19.3725833893, 84.7722015381, 68.8240203857, 39.3918800354, 92.0156478882, 70.6957397461, 33.2217979431, 39.4968986511, 40.7909469604, 29.3844203949, 38.8218994141, 75.1376190186, 95.2171478271, 37.0347747803, 33.9793815613, 28.4444274902, 26.6584625244, 15.856637001, 9.73859024048, 5.38207054138, 2.76096844673, 1.58556139469, 1.32701766491, 1.02219629288, 0.842994689941, 0.444058150053, 0.223874807358, 0.0605543479323, 0.018495619297, 0.00329476222396, 0.000107009967905, 5.77220198466e-005],
        "var": [0.0626499280334, 3.29277586937, 7.10072660446, 39.744430542, 204.389602661, 174.74067688, 94.4291000366, 233.666473389, 313.556732178, 15004.7802734, 7290.53076172, 1740.11791992, 8968.70410156, 4901.24804688, 1314.10375977, 1063.30700684, 1580.75231934, 1361.56555176, 1623.23010254, 4942.62353516, 12036.9775391, 780.204040527, 656.739685059, 295.114227295, 285.693206787, 79.9689407349, 39.7111549377, 11.6108865738, 6.61690378189, 2.69927692413, 3.97461152077, 2.1810233593, 2.57588219643, 0.618501901627, 0.247725218534, 0.0108559709042, 0.00146003416739, 7.6138683653e-005, 5.7489831562e-008, 2.42669273565e-010]
    },
    "gfcc": {
        "mean": [45.9461555481, 121.719673157, -134.112747192, 39.0714988708, -43.8186073303, 9.88893985748, -26.9310379028, 18.6274089813, -18.4850997925, 2.35631585121, -16.8252086639, -4.47533845901, -5.39890050888],
        "cov": [[1629.46972656, -318.292114258, 48.7988891602, -62.6046066284, -167.912857056, 145.34513855, -141.284210205, 70.2363052368, -107.483604431, 4.96645832062, -55.875869751, 45.544303894, -44.3480911255], [-318.292114258, 529.507751465, -233.174591064, 33.4813156128, 97.7521286011, -149.492401123, 157.464752197, -46.4429359436, 121.891349792, -27.6550750732, 47.4743156433, -80.8416976929, 57.7686882019], [48.7988891602, -233.174591064, 273.154449463, 1.79903483391, -25.3467292786, 66.6860961914, -79.4546508789, 19.0842075348, -73.1228637695, 16.3991909027, -22.5633850098, 57.2900009155, -34.4934043884], [-62.6046066284, 33.4813156128, 1.79903483391, 84.1629104614, 30.5272750854, -13.1218242645, 2.55550837517, -22.2648124695, 6.94326496124, -1.19650864601, 14.2289924622, -5.88572311401, 0.458042830229], [-167.912857056, 97.7521286011, -25.3467292786, 30.5272750854, 115.461914063, -19.3336658478, 44.8158302307, -20.5196323395, 13.2921628952, -2.56849336624, -5.8845243454, -8.0569229126, 10.7358217239], [145.34513855, -149.492401123, 66.6860961914, -13.1218242645, -19.3336658478, 129.276000977, -23.6846160889, 15.1724872589, -51.1401748657, -10.8189048767, 4.1985001564, 22.2262783051, -1.05648005009], [-141.284210205, 157.464752197, -79.4546508789, 2.55550837517, 44.8158302307, -23.6846160889, 119.242835999, 10.2936601639, 36.7126235962, -15.5408821106, 7.18765687943, -20.1193618774, 19.5159397125], [70.2363052368, -46.4429359436, 19.0842075348, -22.2648124695, -20.5196323395, 15.1724872589, 10.2936601639, 55.6724586487, 9.19417381287, 0.535194337368, -14.7142953873, 2.98638820648, -3.00233316422], [-107.483604431, 121.891349792, -73.1228637695, 6.94326496124, 13.2921628952, -51.1401748657, 36.7126235962, 9.19417381287, 89.4159545898, 17.436958313, 9.04382991791, -29.8132381439, 7.2233710289], [4.96645832062, -27.6550750732, 16.3991909027, -1.19650864601, -2.56849336624, -10.8189048767, -15.5408821106, 0.535194337368, 17.436958313, 52.9203872681, 16.6277866364, 5.36633062363, -17.1575908661], [-55.875869751, 47.4743156433, -22.5633850098, 14.2289924622, -5.8845243454, 4.1985001564, 7.18765687943, -14.7142953873, 9.04382991791, 16.6277866364, 77.2306213379, 6.89394760132, 6.77759218216], [45.544303894, -80.8416976929, 57.2900009155, -5.88572311401, -8.0569229126, 22.2262783051, -20.1193618774, 2.98638820648, -29.8132381439, 5.36633062363, 6.89394760132, 60.2396202087, 10.6705532074], [-44.3480911255, 57.7686882019, -34.4934043884, 0.458042830229, 10.7358217239, -1.05648005009, 19.5159397125, -3.00233316422, 7.2233710289, -17.1575908661, 6.77759218216, 10.6705532074, 56.7084999084]],
        "icov": [[0.00113247288391, -0.00139585509896, 0.00118695746642, -0.000724331883248, 0.00146020646207, -0.00190386653412, 0.0018395910738, -0.00219830987044, 0.00190819846466, -0.00161396036856, 0.001939635491, -0.00167666585185, 0.00132632651366], [-0.00139585509896, 0.0140073150396, -0.00160201417748, 0.00333316624165, -0.00527956848964, 0.0107935871929, -0.01048064325, 0.010132625699, -0.00882971938699, 0.00924101099372, -0.0099759856239, 0.0103506632149, -0.00785294733942], [0.00118695746642, -0.00160201417748, 0.0087699489668, -0.0028927847743, 0.00102393049747, -0.00354114267975, 0.00454740598798, -0.00560304848477, 0.00518702995032, -0.00376677676104, 0.00411266321316, -0.00684743095189, 0.00479307770729], [-0.000724331883248, 0.00333316624165, -0.0028927847743, 0.0165481958538, -0.00547032384202, 0.00378636620007, -0.00170262961183, 0.00734601542354, -0.00509030558169, 0.00583339529112, -0.00645054178312, 0.00427344534546, -0.00139396404848], [0.00146020646207, -0.00527956848964, 0.00102393049747, -0.00547032384202, 0.0161025654525, -0.00521150184795, -0.00148613296915, 0.000902300642338, 0.0041070706211, -0.00710039492697, 0.00874984078109, -0.00481521477923, 0.00178973819129], [-0.00190386653412, 0.0107935871929, -0.00354114267975, 0.00378636620007, -0.00521150184795, 0.0206657964736, -0.00796379894018, 0.00419735116884, -0.00158049585298, 0.00932807102799, -0.0117248352617, 0.0095665063709, -0.00770940864459], [0.0018395910738, -0.01048064325, 0.00454740598798, -0.00170262961183, -0.00148613296915, -0.00796379894018, 0.0234177615494, -0.0148014845327, 0.00487742107362, -0.00226529547945, 0.0048282709904, -0.00760460365564, 0.00573240825906], [-0.00219830987044, 0.010132625699, -0.00560304848477, 0.00734601542354, 0.000902300642338, 0.00419735116884, -0.0148014845327, 0.0373809337616, -0.0160223711282, 0.00734940124676, -0.00223575741984, 0.00564955594018, -0.00505968742073], [0.00190819846466, -0.00882971938699, 0.00518702995032, -0.00509030558169, 0.0041070706211, -0.00158049585298, 0.00487742107362, -0.0160223711282, 0.0314671322703, -0.0174207556993, 0.00609937822446, 0.00124135415535, 0.000107914318505], [-0.00161396036856, 0.00924101099372, -0.00376677676104, 0.00583339529112, -0.00710039492697, 0.00932807102799, -0.00226529547945, 0.00734940124676, -0.0174207556993, 0.0380019247532, -0.015138794668, 0.00110304751433, 0.00499100983143], [0.001939635491, -0.0099759856239, 0.00411266321316, -0.00645054178312, 0.00874984078109, -0.0117248352617, 0.0048282709904, -0.00223575741984, 0.00609937822446, -0.015138794668, 0.0265110433102, -0.0115927038714, 0.00423366529867], [-0.00167666585185, 0.0103506632149, -0.00684743095189, 0.00427344534546, -0.00481521477923, 0.0095665063709, -0.00760460365564, 0.00564955594018, 0.00124135415535, 0.00110304751433, -0.0115927038714, 0.0366156212986, -0.0173775423318], [0.00132632651366, -0.00785294733942, 0.00479307770729, -0.00139396404848, 0.00178973819129, -0.00770940864459, 0.00573240825906, -0.00505968742073, 0.000107914318505, 0.00499100983143, 0.00423366529867, -0.0173775423318, 0.0311347916722]]
    },
    "melbands": {
        "mean": [0.0036498545669, 0.00293158832937, 0.00160463887732, 0.00108191848267, 0.000458596565295, 0.000309148250381, 0.00038643242442, 0.000969649350736, 0.000464344222564, 0.000269331649179, 0.000494547712151, 0.000332769210218, 0.000128974279505, 7.91590719018e-005, 0.000127178820549, 9.09635273274e-005, 4.67720456072e-005, 5.40875189472e-005, 9.99618714559e-005, 0.000111632354674, 0.000102720463474, 3.40006226907e-005, 3.07328991767e-005, 2.80143049167e-005, 2.21839327423e-005, 2.1694409952e-005, 1.60106719704e-005, 8.73239332577e-006, 6.33308309261e-006, 4.37112976215e-006, 2.61230843535e-006, 1.67921439242e-006, 1.0254159406e-006, 8.12370956282e-007, 7.47937235701e-007, 6.93088509252e-007, 6.10397535183e-007, 6.1800989215e-007, 4.85263058181e-007, 3.37944101148e-007],
        "var": [4.6019858928e-006, 2.54212318396e-006, 1.59420676482e-006, 7.33726494673e-007, 1.17964830793e-007, 1.01775867734e-007, 1.65339230307e-007, 1.56607245572e-006, 3.14303179039e-007, 9.95324285213e-008, 2.82100899085e-007, 1.30555363853e-007, 2.44398385973e-008, 4.79511053086e-009, 1.65266644814e-008, 1.49088688062e-008, 4.20544354895e-009, 6.39732311569e-009, 1.25003909446e-008, 1.39800828691e-008, 1.80926615911e-008, 1.16560139318e-009, 5.16212517176e-010, 7.26206539348e-010, 2.23359344909e-010, 2.77746686761e-010, 9.09784192427e-011, 3.17415989326e-011, 1.97307292032e-011, 1.39364709009e-011, 3.452404378e-012, 2.99972785327e-012, 1.08857844613e-012, 8.24786473928e-013, 1.31267609629e-012, 1.06065503602e-012, 8.96968480393e-013, 1.53765227547e-012, 8.14579469415e-013, 4.1676295119e-013]
    },
    "mfcc": {
        "mean": [-590.380004883, 145.63671875, -21.1529541016, 34.348487854, 4.38833379745, 1.47019565105, 5.80757427216, 8.01411914825, 9.54576206207, 8.38469409943, -1.91092038155, 1.71753442287, 2.03141617775],
        "cov": [[975.540161133, -227.593383789, 101.58455658, -194.327926636, 4.27877855301, -37.9523506165, 3.75682091713, 5.18500709534, -25.1395683289, -11.8004703522, -6.00323677063, -32.6101379395, -35.4533576965], [-227.593383789, 420.685760498, -213.552322388, 139.968917847, -72.1979217529, 0.86754155159, -14.158162117, 3.32585287094, 53.6004714966, 42.3870391846, 5.42294454575, 21.2303218842, 37.2640304565], [101.58455658, -213.552322388, 252.169418335, -79.5739440918, 52.9155387878, -7.54330825806, 12.8728303909, 1.13717567921, -43.4885444641, -34.3752784729, -10.62129879, -11.4135341644, -16.1647548676], [-194.327926636, 139.968917847, -79.5739440918, 165.765579224, -8.38423347473, 9.276512146, -24.3159618378, -10.5198059082, 13.331738472, 7.07622241974, 5.46978807449, 18.1236858368, 27.7682418823], [4.27877855301, -72.1979217529, 52.9155387878, -8.38423347473, 84.7144165039, 23.720664978, 11.0193777084, -9.38943386078, -18.9225215912, -15.3442192078, -9.15917396545, -4.8100361824, -9.31781578064], [-37.9523506165, 0.86754155159, -7.54330825806, 9.276512146, 23.720664978, 62.7683868408, 25.9886245728, 4.63328456879, -5.37700414658, -6.30075550079, -2.07853198051, -0.658378124237, -9.23167610168], [3.75682091713, -14.158162117, 12.8728303909, -24.3159618378, 11.0193777084, 25.9886245728, 81.6325759888, 27.5846977234, -8.60836410522, -10.1626853943, -1.6276153326, -10.2778215408, -27.9287071228], [5.18500709534, 3.32585287094, 1.13717567921, -10.5198059082, -9.38943386078, 4.63328456879, 27.5846977234, 57.5812492371, 23.6762809753, -0.488572478294, -7.98493146896, -10.9407892227, -15.6977348328], [-25.1395683289, 53.6004714966, -43.4885444641, 13.331738472, -18.9225215912, -5.37700414658, -8.60836410522, 23.6762809753, 69.3572616577, 24.6206150055, -5.34695768356, -9.43814086914, -0.307892590761], [-11.8004703522, 42.3870391846, -34.3752784729, 7.07622241974, -15.3442192078, -6.30075550079, -10.1626853943, -0.488572478294, 24.6206150055, 51.8855552673, 20.3778419495, 0.240601450205, 1.87823605537], [-6.00323677063, 5.42294454575, -10.62129879, 5.46978807449, -9.15917396545, -2.07853198051, -1.6276153326, -7.98493146896, -5.34695768356, 20.3778419495, 54.359577179, 19.8135509491, -3.89579987526], [-32.6101379395, 21.2303218842, -11.4135341644, 18.1236858368, -4.8100361824, -0.658378124237, -10.2778215408, -10.9407892227, -9.43814086914, 0.240601450205, 19.8135509491, 53.1151924133, 27.8151531219], [-35.4533576965, 37.2640304565, -16.1647548676, 27.7682418823, -9.31781578064, -9.23167610168, -27.9287071228, -15.6977348328, -0.307892590761, 1.87823605537, -3.89579987526, 27.8151531219, 77.8136901855]],
        "icov": [[0.00140885368455, 0.000404688355047, 0.000251334829954, 0.00137526541948, 0.000137744340464, 0.000530415272806, 0.000324329856085, -0.000124131009215, 0.000297134974971, 1.54019489855e-005, -5.91905372858e-005, 0.00040071317926, 3.49300935341e-005], [0.000404688355047, 0.00580759160221, 0.00302729848772, -0.00276206247509, 0.00242865388282, 0.000286747206701, -0.00149759242777, 0.000345395150362, -0.000777697772719, -0.00209929188713, 0.00175567064434, -0.000910814676899, -0.000664186838549], [0.000251334829954, 0.00302729848772, 0.00781621411443, 0.000963273108937, -0.00232475996017, 0.00213863980025, 7.5439252214e-006, -0.00170874723699, 0.00228984490968, 0.00101213564631, 0.000275462894933, 0.000346901622834, -0.000547501374967], [0.00137526541948, -0.00276206247509, 0.000963273108937, 0.0110147483647, -0.00193815247621, -0.00120593584143, 0.00316258356906, -0.000266674847808, 1.22177589219e-005, 0.00235372944735, -0.00181296630763, 8.80607040017e-005, -0.00125410733745], [0.000137744340464, 0.00242865388282, -0.00232475996017, -0.00193815247621, 0.0179636497051, -0.00626657158136, -0.00120573095046, 0.00415891455486, 0.000247525109444, -0.000301250984194, 0.00322658126242, -0.000347067980329, 0.00121610891074], [0.000530415272806, 0.000286747206701, 0.00213863980025, -0.00120593584143, -0.00626657158136, 0.0219751056284, -0.00649668788537, -8.30252538435e-005, 0.000432851025835, 0.000629574293271, 0.000378631200874, -0.000999485724606, 0.000849883363117], [0.000324329856085, -0.00149759242777, 7.5439252214e-006, 0.00316258356906, -0.00120573095046, -0.00649668788537, 0.0207230262458, -0.0101490141824, 0.0053055989556, 0.0016932048602, -0.00168549909722, 0.00106046907604, 0.00372990919277], [-0.000124131009215, 0.000345395150362, -0.00170874723699, -0.000266674847808, 0.00415891455486, -8.30252538435e-005, -0.0101490141824, 0.0288002025336, -0.012190845795, 0.00290074129589, 0.00228979671374, -0.000389175111195, 0.00230923830532], [0.000297134974971, -0.000777697772719, 0.00228984490968, 1.22177589219e-005, 0.000247525109444, 0.000432851025835, 0.0053055989556, -0.012190845795, 0.0260898414999, -0.0110662681982, 0.00491999089718, 0.00219955877401, 0.000335499615176], [1.54019489855e-005, -0.00209929188713, 0.00101213564631, 0.00235372944735, -0.000301250984194, 0.000629574293271, 0.0016932048602, 0.00290074129589, -0.0110662681982, 0.0328845605254, -0.0150207309052, 0.00571293570101, -0.00201752292924], [-5.91905372858e-005, 0.00175567064434, 0.000275462894933, -0.00181296630763, 0.00322658126242, 0.000378631200874, -0.00168549909722, 0.00228979671374, 0.00491999089718, -0.0150207309052, 0.0309861674905, -0.0139173641801, 0.00703297229484], [0.00040071317926, -0.000910814676899, 0.000346901622834, 8.80607040017e-005, -0.000347067980329, -0.000999485724606, 0.00106046907604, -0.000389175111195, 0.00219955877401, 0.00571293570101, -0.0139173641801, 0.0309202820063, -0.0110773257911], [3.49300935341e-005, -0.000664186838549, -0.000547501374967, -0.00125410733745, 0.00121610891074, 0.000849883363117, 0.00372990919277, 0.00230923830532, 0.000335499615176, -0.00201752292924, 0.00703297229484, -0.0110773257911, 0.0199318490922]]
    },
    "spectral_contrast_coeffs": {
        "mean": [-0.676180660725, -0.716701745987, -0.715262949467, -0.725595235825, -0.77206414938, -0.729596197605],
        "var": [0.00303501612507, 0.00472882809117, 0.0030389376916, 0.00196025706828, 0.000703783531208, 0.00138026289642]
    },
    "spectral_contrast_valleys": {
        "mean": [-6.31703853607, -6.14612674713, -6.83531332016, -7.16304159164, -6.86879587173, -10.3551969528],
        "var": [0.335037082434, 0.435348957777, 0.436846464872, 0.355011761189, 0.31118157506, 0.716695666313]
    }
},
"metadata": {
    "audio_properties": {
        "analysis_sample_rate": 44100,
        "bit_rate": 128074,
        "equal_loudness": 0,
        "length": 45.0612258911,
        "lossless": 0,
        "replay_gain": -5.2931842804,
        "sample_rate": 44100,
        "codec": "mp3",
        "downmix": "mix",
        "md5_encoded": "6801e886d79b50ea81b9c37789c7589f"
    },
    "tags": {
        "file_name": "1941.mp3"
    },
    "version": {
        "essentia": "2.1-beta2",
        "essentia_git_sha": "v2.1_beta2",
        "extractor": "music 1.0"
    }
},
"rhythm": {
    "beats_count": 82,
    "beats_loudness": {
        "mean": 0.0494417920709,
        "var": 0.000148285093019
    },
    "bpm": 110.277786255,
    "bpm_histogram_first_peak_bpm": {
        "mean": 110,
        "var": 0
    },
    "bpm_histogram_first_peak_spread": {
        "mean": 0.421052604914,
        "var": 0
    },
    "bpm_histogram_first_peak_weight": {
        "mean": 0.543209850788,
        "var": 0
    },
    "bpm_histogram_second_peak_bpm": {
        "mean": 115,
        "var": 0
    },
    "bpm_histogram_second_peak_spread": {
        "mean": 0,
        "var": 0
    },
    "bpm_histogram_second_peak_weight": {
        "mean": 0.037037037313,
        "var": 0
    },
    "danceability": 1.33391749859,
    "onset_rate": 1.70801615715,
    "beats_loudness_band_ratio": {
        "mean": [0.493579179049, 0.145920261741, 0.155425444245, 0.121594823897, 0.0969694852829, 0.031284365803],
        "var": [0.0201289020479, 0.0058409278281, 0.0115674389526, 0.00541804777458, 0.00248120352626, 0.000256025436101]
    },
    "beats_position": [0.49922901392, 1.02167797089, 1.54412698746, 2.06657600403, 2.60063481331, 3.13469386101, 3.66875267029, 4.20281171799, 4.74848079681, 5.2941493988, 5.85142850876, 6.40870714188, 6.97759628296, 7.5464849472, 8.09215450287, 8.63782310486, 9.17188167572, 9.71755123138, 10.2632198334, 10.7972784042, 11.3313379288, 11.8653964996, 12.4110651016, 12.9567346573, 13.4907932281, 14.0248527527, 14.5821313858, 15.1394100189, 15.696688652, 16.242357254, 16.7880268097, 17.3220863342, 17.8677539825, 18.4134235382, 18.9590930939, 19.5047607422, 20.0504302979, 20.5960998535, 21.153377533, 21.6990470886, 22.2447166443, 22.8019943237, 23.3476638794, 23.8933334351, 24.4390010834, 24.984670639, 25.5303401947, 26.076007843, 26.6100673676, 27.1441268921, 27.6781845093, 28.2238540649, 28.7695236206, 29.3151912689, 29.8608608246, 30.4181404114, 30.9638080597, 31.5094776154, 32.0551452637, 32.6008148193, 33.146484375, 33.6921539307, 34.2494316101, 34.7951011658, 35.3407707214, 35.8748283386, 36.4088897705, 36.9429473877, 37.4886169434, 38.0226745605, 38.5683441162, 39.1256217957, 39.6829032898, 40.2401809692, 40.7858505249, 41.3315200806, 41.8655776978, 42.3996353149, 42.9453048706, 43.4909744263, 44.0366439819, 44.5823135376]
},
"tonal": {
    "chords_changes_rate": 0.0339506156743,
    "chords_number_rate": 0.0102880662307,
    "chords_strength": {
        "mean": 0.478769183159,
        "var": 0.00810757465661
    },
    "hpcp_entropy": {
        "mean": 2.00152897835,
        "var": 0.41223013401
    },
    "key_strength": 0.688829541206,
    "tuning_diatonic_strength": 0.520035207272,
    "tuning_equal_tempered_deviation": 0.0198859423399,
    "tuning_frequency": 440.763122559,
    "tuning_nontempered_energy_ratio": 0.655468940735,
    "hpcp": {
        "mean": [0.035051099956, 0.0365129485726, 0.126142174006, 0.243018627167, 0.185572758317, 0.199107855558, 0.370272159576, 0.310578376055, 0.132055729628, 0.0792031809688, 0.0779131427407, 0.177921116352, 0.284316211939, 0.181143030524, 0.0646742060781, 0.0595143996179, 0.101842410862, 0.325054526329, 0.420295208693, 0.196084484458, 0.0417735986412, 0.0218332763761, 0.0487673059106, 0.144430577755, 0.160465404391, 0.0959755256772, 0.172452911735, 0.271815001965, 0.180086702108, 0.0610492490232, 0.0318718366325, 0.0341387726367, 0.134462371469, 0.220195606351, 0.130962952971, 0.041402425617],
        "var": [0.00869984086603, 0.00832880381495, 0.0209971163422, 0.0703352764249, 0.0442483313382, 0.0520452409983, 0.172385841608, 0.135452628136, 0.0413339212537, 0.0211572628468, 0.0253600180149, 0.0526836551726, 0.0901660621166, 0.0481136925519, 0.0231049731374, 0.0270392913371, 0.0328711085021, 0.104461655021, 0.139890879393, 0.0416853316128, 0.0072365696542, 0.00388249801472, 0.0080079883337, 0.048014935106, 0.0415383204818, 0.015285381116, 0.0276051163673, 0.0699857696891, 0.0492339469492, 0.0140571054071, 0.00443438114598, 0.0050692865625, 0.0283435508609, 0.071092158556, 0.0325454175472, 0.00598874175921]
    },
    "chords_histogram": [26.1316871643, 27.1604938507, 2.36625504494, 6.37860059738, 8.64197540283, 0, 1.33744859695, 0, 2.98353910446, 0, 0, 0, 0, 0, 0, 0, 0, 5.34979438782, 0, 0, 0, 0, 3.29218101501, 16.3580245972],
    "thpcp": [1, 0.466539889574, 0.0993910878897, 0.051947478205, 0.116031080484, 0.343640804291, 0.381792128086, 0.228352651, 0.410313785076, 0.646723985672, 0.428476691246, 0.145253255963, 0.0758320242167, 0.0812257006764, 0.319923639297, 0.523907005787, 0.311597526073, 0.0985079631209, 0.0833963826299, 0.0868745297194, 0.300127565861, 0.578209340572, 0.44152957201, 0.473733335733, 0.880981147289, 0.738952934742, 0.314197570086, 0.188446551561, 0.185377180576, 0.423324167728, 0.676467895508, 0.4309900105, 0.153878048062, 0.14160142839, 0.242311611772, 0.773395717144],
    "chords_key": "D#",
    "chords_scale": "minor",
    "key_key": "B",
    "key_scale": "major"
}
}