{
"lowlevel": {
    "average_loudness": 0.938560664654,
    "barkbands_crest": {
        "mean": 9.45330715179,
        "var": 17.7790336609
    },
    "barkbands_flatness_db": {
        "mean": 0.115450002253,
        "var": 0.00203460897319
    },
    "barkbands_kurtosis": {
        "mean": 1.76210772991,
        "var": 32.8585014343
    },
    "barkbands_skewness": {
        "mean": 1.060095191,
        "var": 1.29957973957
    },
    "barkbands_spread": {
        "mean": 31.6996917725,
        "var": 201.145370483
    },
    "dissonance": {
        "mean": 0.477229148149,
        "var": 0.000297982041957
    },
    "dynamic_complexity": 1.80038678646,
    "erbbands_crest": {
        "mean": 9.16899204254,
        "var": 15.9079236984
    },
    "erbbands_flatness_db": {
        "mean": 0.147652059793,
        "var": 0.00154952949379
    },
    "erbbands_kurtosis": {
        "mean": 0.182652786374,
        "var": 4.20571231842
    },
    "erbbands_skewness": {
        "mean": -0.206517577171,
        "var": 0.46454179287
    },
    "erbbands_spread": {
        "mean": 40.7404937744,
        "var": 299.426879883
    },
    "hfc": {
        "mean": 31.1117649078,
        "var": 1044.79455566
    },
    "melbands_crest": {
        "mean": 13.3633584976,
        "var": 26.0476741791
    },
    "melbands_flatness_db": {
        "mean": 0.168703719974,
        "var": 0.00404588645324
    },
    "melbands_kurtosis": {
        "mean": 9.90201950073,
        "var": 262.978820801
    },
    "melbands_skewness": {
        "mean": 2.3950881958,
        "var": 2.48109507561
    },
    "melbands_spread": {
        "mean": 36.6104736328,
        "var": 649.048828125
    },
    "pitch_salience": {
        "mean": 0.536215305328,
        "var": 0.0137339299545
    },
    "silence_rate_20dB": {
        "mean": 1,
        "var": 0
    },
    "silence_rate_30dB": {
        "mean": 0.999485075474,
        "var": 0.000514650542755
    },
    "silence_rate_60dB": {
        "mean": 0.00978372804821,
        "var": 0.00968787167221
    },
    "spectral_centroid": {
        "mean": 1801.97485352,
        "var": 398119.59375
    },
    "spectral_complexity": {
        "mean": 22.2548923492,
        "var": 76.396194458
    },
    "spectral_decrease": {
        "mean": -7.06368252779e-009,
        "var": 2.438970822e-017
    },
    "spectral_energy": {
        "mean": 0.0294818803668,
        "var": 0.0003878325806
    },
    "spectral_energyband_high": {
        "mean": 0.00181458797306,
        "var": 1.20390268421e-005
    },
    "spectral_energyband_low": {
        "mean": 0.0121763311327,
        "var": 0.000244978407864
    },
    "spectral_energyband_middle_high": {
        "mean": 0.00683656428009,
        "var": 3.12730953738e-005
    },
    "spectral_energyband_middle_low": {
        "mean": 0.0100793996826,
        "var": 7.95505548012e-005
    },
    "spectral_entropy": {
        "mean": 7.73161506653,
        "var": 0.133925408125
    },
    "spectral_flux": {
        "mean": 0.0962456613779,
        "var": 0.00243428396061
    },
    "spectral_kurtosis": {
        "mean": 3.28467965126,
        "var": 3.92763113976
    },
    "spectral_rms": {
        "mean": 0.00509806536138,
        "var": 2.77254298453e-006
    },
    "spectral_rolloff": {
        "mean": 2246.10424805,
        "var": 3183947.25
    },
    "spectral_skewness": {
        "mean": 1.3097974062,
        "var": 0.084272056818
    },
    "spectral_spread": {
        "mean": 4878433,
        "var": 3.33402288947e+012
    },
    "spectral_strongpeak": {
        "mean": 1.10853850842,
        "var": 2.39197945595
    },
    "zerocrossingrate": {
        "mean": 0.0813493654132,
        "var": 0.0019851771649
    },
    "barkbands": {
        "mean": [0.000428399653174, 0.00763777131215, 0.00277226814069, 0.00269950833172, 0.0028563903179, 0.000826507341117, 0.000688312400598, 0.000895427016076, 0.00191007694229, 0.00140526925679, 0.000374632625608, 0.000227078286116, 0.000368794368114, 0.000389459513826, 0.000423357938416, 0.00133282749448, 0.00129237328656, 0.000376381998649, 0.00068226858275, 0.000132588800625, 0.000363769446267, 0.000354502088157, 0.000432768429164, 0.00032125148573, 0.000187913115951, 9.52314439928e-005, 6.80172934153e-006],
        "var": [1.2043640254e-006, 0.000133578199893, 3.03270244331e-005, 1.25835958897e-005, 2.12440227187e-005, 1.36397443384e-006, 1.41689167776e-006, 4.8753477131e-006, 1.35442796818e-005, 6.26553355687e-006, 8.07777439604e-007, 1.24103152643e-007, 8.31968691273e-007, 1.6782602188e-006, 4.07472697361e-007, 2.37632343669e-006, 1.76868218205e-006, 6.73644137805e-007, 1.04471166651e-006, 3.24668896212e-008, 4.20789007194e-007, 5.0453189715e-007, 1.07948585537e-006, 6.9427693461e-007, 2.53664040883e-007, 1.49025822793e-007, 1.25786958627e-009]
    },
    "erbbands": {
        "mean": [0.190547630191, 1.78413391113, 3.48866009712, 6.55639123917, 8.04893493652, 12.1935815811, 6.76437044144, 7.05307245255, 8.11128044128, 12.7605895996, 25.3175086975, 36.0311164856, 53.9692268372, 28.2786178589, 14.2199716568, 9.89314842224, 17.3579654694, 16.8341655731, 21.1861305237, 40.2316894531, 77.5329818726, 66.1236038208, 25.7606487274, 33.909942627, 24.6197052002, 6.46588659286, 10.6689558029, 14.6125183105, 12.4326019287, 15.8415241241, 10.9729909897, 8.15857887268, 4.26804447174, 2.32186985016, 1.19628477097, 0.374283790588, 0.216086149216, 0.0295976474881, 0.000852835481055, 6.17677360424e-005],
        "var": [0.123508773744, 7.15245771408, 35.4374809265, 74.4850921631, 134.752578735, 456.335083008, 72.5082168579, 131.163009644, 186.292831421, 505.904663086, 3741.62109375, 6200.66601563, 5210.91845703, 1803.47924805, 1143.55944824, 178.659500122, 1919.71484375, 4879.96630859, 1431.54699707, 1788.5847168, 9435.26464844, 3575.82519531, 1966.32263184, 2543.39111328, 1362.88122559, 49.6656494141, 313.498657227, 755.050048828, 457.742584229, 1570.9901123, 639.123901367, 408.55569458, 134.010375977, 43.379119873, 10.8746461868, 1.08238184452, 1.40777790546, 0.0223118811846, 2.00854356081e-005, 1.45165897081e-008]
    },
    "gfcc": {
        "mean": [27.0137004852, 75.4745330811, -122.065795898, 47.670665741, -56.5453910828, 18.3663139343, -38.2986221313, 18.8220081329, -15.6358289719, -7.49925756454, -28.7627220154, 1.98545897007, -9.7246761322],
        "cov": [[3564.03662109, -711.041564941, 453.24899292, -93.8302154541, -274.71762085, 137.801361084, -335.918548584, 39.4493026733, -148.145385742, 130.235580444, -82.5110778809, 74.7451324463, -189.573150635], [-711.041564941, 1252.83447266, -138.551239014, 171.220672607, 238.571334839, -164.108718872, 221.003433228, 9.60505580902, 159.943511963, -69.0966339111, 47.333984375, -110.600608826, 120.6040802], [453.24899292, -138.551239014, 796.795166016, 129.098754883, 42.8234405518, 150.567749023, -26.3895454407, 65.671295166, 0.239061325788, 93.7373809814, 8.98416423798, 55.2736625671, -29.0987472534], [-93.8302154541, 171.220672607, 129.098754883, 246.694473267, 111.970664978, 63.6125602722, 93.2191696167, 28.3369636536, 48.6109657288, 7.3189034462, 37.8717155457, -16.767080307, 22.5020141602], [-274.71762085, 238.571334839, 42.8234405518, 111.970664978, 240.310134888, 16.56665802, 99.4861297607, 50.2316818237, 70.0170516968, 8.45869731903, 19.3954029083, -0.873824417591, 19.8207416534], [137.801361084, -164.108718872, 150.567749023, 63.6125602722, 16.56665802, 199.593399048, 67.5189285278, 31.6580600739, -18.9893913269, 22.029384613, 28.6834087372, 25.2633953094, -17.1339950562], [-335.918548584, 221.003433228, -26.3895454407, 93.2191696167, 99.4861297607, 67.5189285278, 212.795272827, 57.7401542664, 47.4912605286, -9.98625659943, 45.7439575195, -19.8195819855, 29.3189125061], [39.4493026733, 9.60505580902, 65.671295166, 28.3369636536, 50.2316818237, 31.6580600739, 57.7401542664, 136.635162354, 64.1952285767, 18.3875370026, 4.75947380066, -5.53367948532, 8.13450145721], [-148.145385742, 159.943511963, 0.239061325788, 48.6109657288, 70.0170516968, -18.9893913269, 47.4912605286, 64.1952285767, 125.499519348, 17.0286617279, 11.7448854446, -11.0983257294, 32.0956993103], [130.235580444, -69.0966339111, 93.7373809814, 7.3189034462, 8.45869731903, 22.029384613, -9.98625659943, 18.3875370026, 17.0286617279, 90.5368652344, 25.047826767, 17.3431415558, -17.1518211365], [-82.5110778809, 47.333984375, 8.98416423798, 37.8717155457, 19.3954029083, 28.6834087372, 45.7439575195, 4.75947380066, 11.7448854446, 25.047826767, 93.4179382324, 16.2486248016, -18.8477649689], [74.7451324463, -110.600608826, 55.2736625671, -16.767080307, -0.873824417591, 25.2633953094, -19.8195819855, -5.53367948532, -11.0983257294, 17.3431415558, 16.2486248016, 85.4824752808, 7.08958530426], [-189.573150635, 120.6040802, -29.0987472534, 22.5020141602, 19.8207416534, -17.1339950562, 29.3189125061, 8.13450145721, 32.0956993103, -17.1518211365, -18.8477649689, 7.08958530426, 91.5095825195]],
        "icov": [[0.000480262824567, -0.000226948613999, 5.35983008376e-006, -0.000283552828478, 0.000540566979907, -0.000486043223646, 0.000755291548558, -0.000673808041029, 0.000365600339137, -0.000549014890566, 0.000741980446037, -0.000552107288968, 0.000939736433793], [-0.000226948613999, 0.00233906880021, -0.000481249357108, 9.9465061794e-005, -0.0015049057547, 0.00243734638207, -0.00206759944558, 0.00173627329059, -0.00138147838879, 0.00146335770842, -0.00201671174727, 0.00255015934817, -0.00229409802705], [5.35983008376e-006, -0.000481249357108, 0.00211296579801, -0.00125722330995, 0.000206628174055, -0.00152472220361, 0.00131604308262, -0.00123734597582, 0.000701279495843, -0.00175847846549, 0.00117952411529, -0.00140190753154, 0.000760496652219], [-0.000283552828478, 9.9465061794e-005, -0.00125722330995, 0.00745969684795, -0.00262978044339, -0.00132011133246, -0.001122257323, 0.00181987276301, -0.00155754806474, 0.00129484012723, -0.0030083716847, 0.00318870809861, -0.00251006428152], [0.000540566979907, -0.0015049057547, 0.000206628174055, -0.00262978044339, 0.00803545303643, -0.000645076273941, -0.000815052830148, -0.00182469573338, -0.00106764398515, -0.00154842576012, 0.00321218534373, -0.00382216181606, 0.00341963465326], [-0.000486043223646, 0.00243734638207, -0.00152472220361, -0.00132011133246, -0.000645076273941, 0.0110640777275, -0.00592404417694, 0.000640755926725, 0.0010834824061, 0.000977830495685, -0.00198172824457, 9.38527955441e-005, -0.00093919178471], [0.000755291548558, -0.00206759944558, 0.00131604308262, -0.001122257323, -0.000815052830148, -0.00592404417694, 0.012508444488, -0.00470584724098, 0.00162030057982, 8.0459194578e-006, -0.00229542446323, 0.000628298323136, -0.000626102206297], [-0.000673808041029, 0.00173627329059, -0.00123734597582, 0.00181987276301, -0.00182469573338, 0.000640755926725, -0.00470584724098, 0.0136353261769, -0.00733045581728, 0.000886945403181, -0.000323351763655, 0.00260936026461, -0.00124576257076], [0.000365600339137, -0.00138147838879, 0.000701279495843, -0.00155754806474, -0.00106764398515, 0.0010834824061, 0.00162030057982, -0.00733045581728, 0.0159116182476, -0.00404652254656, -0.000375113479095, -0.000117585637781, -0.00265668239444], [-0.000549014890566, 0.00146335770842, -0.00175847846549, 0.00129484012723, -0.00154842576012, 0.000977830495685, 8.0459194578e-006, 0.000886945403181, -0.00404652254656, 0.0165538303554, -0.00571242766455, 0.00073893123772, -0.000218315937673], [0.000741980446037, -0.00201671174727, 0.00117952411529, -0.0030083716847, 0.00321218534373, -0.00198172824457, -0.00229542446323, -0.000323351763655, -0.000375113479095, -0.00571242766455, 0.0192501433194, -0.00781071325764, 0.00863805785775], [-0.000552107288968, 0.00255015934817, -0.00140190753154, 0.00318870809861, -0.00382216181606, 9.38527955441e-005, 0.000628298323136, 0.00260936026461, -0.000117585637781, 0.00073893123772, -0.00781071325764, 0.0192634761333, -0.00824381038547], [0.000939736433793, -0.00229409802705, 0.000760496652219, -0.00251006428152, 0.00341963465326, -0.00093919178471, -0.000626102206297, -0.00124576257076, -0.00265668239444, -0.000218315937673, 0.00863805785775, -0.00824381038547, 0.0194606147707]]
    },
    "melbands": {
        "mean": [0.00197198521346, 0.00209845276549, 0.00119262095541, 0.00073834171053, 0.000306774920318, 0.000159452087246, 0.000126406768686, 0.000142428019899, 0.000218891989789, 0.000243987073191, 0.000281672633719, 0.000133224079036, 5.07548902533e-005, 2.65533872152e-005, 3.55275078618e-005, 3.44116269844e-005, 3.08289381792e-005, 3.42629282386e-005, 3.3454503864e-005, 7.53343629185e-005, 9.91305132629e-005, 7.5681033195e-005, 3.49238616764e-005, 1.99550922844e-005, 2.85554815491e-005, 2.52293611993e-005, 8.45710019348e-006, 3.07033337776e-006, 5.5276132116e-006, 8.22057427285e-006, 8.89743478183e-006, 6.39250765744e-006, 7.88833403931e-006, 9.43352097238e-006, 6.96579536452e-006, 4.63772903458e-006, 5.22803247804e-006, 3.24163238474e-006, 2.2098502086e-006, 1.84119437563e-006],
        "var": [9.61083151196e-006, 9.85747919913e-006, 2.17333445107e-006, 1.44222542531e-006, 1.52373573314e-007, 5.98047193989e-008, 4.83663704642e-008, 6.34085068896e-008, 2.70250097856e-007, 2.89976441081e-007, 1.49412400674e-007, 4.79837964917e-008, 1.48007863743e-008, 2.45589282244e-009, 3.18481796491e-009, 1.0762249758e-008, 2.09928217032e-008, 4.97608887429e-009, 2.5994331132e-009, 8.65596927468e-009, 2.12953796819e-008, 6.03763394835e-009, 1.76910053273e-009, 2.12195105931e-009, 1.90861215721e-009, 1.7254764284e-009, 1.47800785499e-010, 1.52012204907e-011, 7.71312735903e-011, 3.82948034394e-010, 2.29333510515e-010, 1.23211274516e-010, 2.66433097806e-010, 6.25563656431e-010, 2.8115429429e-010, 1.12217360404e-010, 2.02423980356e-010, 8.679613972e-011, 3.91685295309e-011, 2.90210754733e-011]
    },
    "mfcc": {
        "mean": [-611.813781738, 98.7374420166, -1.41217839718, 29.2435684204, 9.19180297852, 4.55542802811, -10.2118148804, 19.2219657898, 10.8215837479, 2.29838562012, -0.516037940979, -5.69803142548, -5.99739789963],
        "cov": [[2818.62280273, -541.346862793, 334.384124756, -272.669555664, -3.55085158348, -71.5235443115, -87.2092971802, -111.26473999, -150.126571655, -12.7644672394, -84.9344940186, -29.6461429596, 74.0431213379], [-541.346862793, 953.342102051, -171.364608765, 295.43359375, 33.2127189636, -12.2676029205, -8.58763122559, 39.7597312927, 106.718589783, 53.6896629333, 50.4385223389, -9.57847499847, -6.06698226929], [334.384124756, -171.364608765, 644.563964844, 2.90670895576, 111.350624084, 82.3596496582, 77.9306869507, 7.43102407455, 5.99350166321, 11.009721756, 32.2350387573, 29.1930809021, 29.8821086884], [-272.669555664, 295.43359375, 2.90670895576, 278.207855225, 80.2467727661, 34.1052589417, 28.3878231049, 43.7095756531, 75.895904541, 54.4667358398, 41.1349868774, 12.3904275894, 7.69171476364], [-3.55085158348, 33.2127189636, 111.350624084, 80.2467727661, 160.367965698, 36.763130188, 14.2420082092, 31.9309997559, 38.6904525757, 27.4203853607, 19.0174427032, 18.0737228394, 32.4042854309], [-71.5235443115, -12.2676029205, 82.3596496582, 34.1052589417, 36.763130188, 153.654174805, 89.3767852783, 26.8129119873, 8.77234268188, -14.9375181198, 29.3837509155, 28.6353988647, -4.69791984558], [-87.2092971802, -8.58763122559, 77.9306869507, 28.3878231049, 14.2420082092, 89.3767852783, 163.842941284, 57.6277275085, 2.78068470955, 18.6364326477, 53.1551399231, 31.5319499969, -14.2903118134], [-111.26473999, 39.7597312927, 7.43102407455, 43.7095756531, 31.9309997559, 26.8129119873, 57.6277275085, 122.433959961, 45.9448242188, 32.5037193298, 28.2361049652, 19.5767059326, -3.7057826519], [-150.126571655, 106.718589783, 5.99350166321, 75.895904541, 38.6904525757, 8.77234268188, 2.78068470955, 45.9448242188, 138.125228882, 44.422580719, 8.83257961273, -6.1673784256, 7.93858242035], [-12.7644672394, 53.6896629333, 11.009721756, 54.4667358398, 27.4203853607, -14.9375181198, 18.6364326477, 32.5037193298, 44.422580719, 136.402572632, 38.1080741882, -3.84844040871, -0.357251495123], [-84.9344940186, 50.4385223389, 32.2350387573, 41.1349868774, 19.0174427032, 29.3837509155, 53.1551399231, 28.2361049652, 8.83257961273, 38.1080741882, 102.341667175, 41.8709793091, -8.5402803421], [-29.6461429596, -9.57847499847, 29.1930809021, 12.3904275894, 18.0737228394, 28.6353988647, 31.5319499969, 19.5767059326, -6.1673784256, -3.84844040871, 41.8709793091, 109.692436218, 28.8745117188], [74.0431213379, -6.06698226929, 29.8821086884, 7.69171476364, 32.4042854309, -4.69791984558, -14.2903118134, -3.7057826519, 7.93858242035, -0.357251495123, -8.5402803421, 28.8745117188, 97.0299835205]],
        "icov": [[0.000473136693472, 0.00011351791909, -0.000241793561145, 0.000242001871811, -3.5285956983e-005, 8.2601691247e-005, 0.000173449603608, 9.50625617406e-005, 0.000373834453057, -0.000277692161035, 0.000181245166459, 0.000114166199637, -0.000303339678794], [0.00011351791909, 0.00179833115544, 0.000327806221321, -0.00181340367999, 0.000325164874084, 0.00032826414099, 0.000184461663594, 9.19898375287e-005, -0.000449712038971, 0.000265336362645, -0.000662164704408, 0.000365682150004, -0.00012273422908], [-0.000241793561145, 0.000327806221321, 0.00218602246605, -2.26520514843e-005, -0.00138990487903, -0.000386872445233, -0.000934189360123, 0.000624248699751, -0.000379783421522, 0.000136732458486, -0.000411979475757, 5.27187548869e-005, -0.000155094268848], [0.000242001871811, -0.00181340367999, -2.26520514843e-005, 0.00720225367695, -0.00244315387681, -0.000868206901941, -0.000223155599087, 4.44168399554e-005, -0.00114484352525, -0.00125943857711, -0.000339624210028, -0.000193250132725, -2.65601534011e-006], [-3.5285956983e-005, 0.000325164874084, -0.00138990487903, -0.00244315387681, 0.00978301279247, -0.0018846122548, 0.00190046115313, -0.00180320860818, -0.000526567630004, -0.000749547558371, -0.00046242546523, 0.000101346267911, -0.00250893342309], [8.2601691247e-005, 0.00032826414099, -0.000386872445233, -0.000868206901941, -0.0018846122548, 0.0112678166479, -0.00590922823176, 0.000979506527074, -0.00104943662882, 0.00281631783582, -0.000201478353119, -0.000962801568676, 0.000852529308759], [0.000173449603608, 0.000184461663594, -0.000934189360123, -0.000223155599087, 0.00190046115313, -0.00590922823176, 0.0124970618635, -0.00445365253836, 0.00186436797958, -0.00132960092742, -0.0030348431319, -0.000161439573276, 0.000557708903216], [9.50625617406e-005, 9.19898375287e-005, 0.000624248699751, 4.44168399554e-005, -0.00180320860818, 0.000979506527074, -0.00445365253836, 0.0122874137014, -0.00341172073968, -0.00091301969951, 0.000136567541631, -0.00153331307229, 0.000944508356042], [0.000373834453057, -0.000449712038971, -0.000379783421522, -0.00114484352525, -0.000526567630004, -0.00104943662882, 0.00186436797958, -0.00341172073968, 0.010803216137, -0.00249859504402, 0.00092771591153, 0.00115222809836, -0.00099065725226], [-0.000277692161035, 0.000265336362645, 0.000136732458486, -0.00125943857711, -0.000749547558371, 0.00281631783582, -0.00132960092742, -0.00091301969951, -0.00249859504402, 0.0105674518272, -0.00412025069818, 0.00185040698852, -0.000227756958338], [0.000181245166459, -0.000662164704408, -0.000411979475757, -0.000339624210028, -0.00046242546523, -0.000201478353119, -0.0030348431319, 0.000136567541631, 0.00092771591153, -0.00412025069818, 0.0163124930114, -0.00593712786213, 0.00278851226903], [0.000114166199637, 0.000365682150004, 5.27187548869e-005, -0.000193250132725, 0.000101346267911, -0.000962801568676, -0.000161439573276, -0.00153331307229, 0.00115222809836, 0.00185040698852, -0.00593712786213, 0.0134085882455, -0.00482816807926], [-0.000303339678794, -0.00012273422908, -0.000155094268848, -2.65601534011e-006, -0.00250893342309, 0.000852529308759, 0.000557708903216, 0.000944508356042, -0.00099065725226, -0.000227756958338, 0.00278851226903, -0.00482816807926, 0.0133376773447]]
    },
    "spectral_contrast_coeffs": {
        "mean": [-0.649475157261, -0.760029554367, -0.731256902218, -0.762336194515, -0.732192456722, -0.733565568924],
        "var": [0.00573198404163, 0.00355179375038, 0.00579231977463, 0.00283031794243, 0.00205106241629, 0.00148272013757]
    },
    "spectral_contrast_valleys": {
        "mean": [-7.04910326004, -6.75953149796, -7.3207616806, -7.49711561203, -7.41691207886, -9.75582695007],
        "var": [0.914783656597, 0.706142902374, 0.638244092464, 0.524452805519, 0.519081830978, 1.26412689686]
    }
},
"metadata": {
    "audio_properties": {
        "analysis_sample_rate": 44100,
        "bit_rate": 128074,
        "equal_loudness": 0,
        "length": 45.0612258911,
        "lossless": 0,
        "replay_gain": -6.29273414612,
        "sample_rate": 44100,
        "codec": "mp3",
        "downmix": "mix",
        "md5_encoded": "148a3360c06dd31f781e0e00e7230fb4"
    },
    "tags": {
        "file_name": "1942.mp3"
    },
    "version": {
        "essentia": "2.1-beta2",
        "essentia_git_sha": "v2.1_beta2",
        "extractor": "music 1.0"
    }
},
"rhythm": {
    "beats_count": 108,
    "beats_loudness": {
        "mean": 0.0417720526457,
        "var": 0.000209455087315
    },
    "bpm": 144.084823608,
    "bpm_histogram_first_peak_bpm": {
        "mean": 144,
        "var": 0
    },
    "bpm_histogram_first_peak_spread": {
        "mean": 0.148514851928,
        "var": 0
    },
    "bpm_histogram_first_peak_weight": {
        "mean": 0.803738296032,
        "var": 0
    },
    "bpm_histogram_second_peak_bpm": {
        "mean": 152,
        "var": 0
    },
    "bpm_histogram_second_peak_spread": {
        "mean": 0,
        "var": 0
    },
    "bpm_histogram_second_peak_weight": {
        "mean": 0.0467289723456,
        "var": 0
    },
    "danceability": 1.60576307774,
    "onset_rate": 4.25894927979,
    "beats_loudness_band_ratio": {
        "mean": [0.587266385555, 0.165955230594, 0.102863416076, 0.0531815588474, 0.061445299536, 0.0580373592675],
        "var": [0.0504425987601, 0.0268447492272, 0.00607022456825, 0.00319759245031, 0.00302427099086, 0.00412266654894]
    },
    "beats_position": [0.383129239082, 0.777868449688, 1.17260766029, 1.5673469305, 1.97369611263, 2.38004541397, 2.79800438881, 3.21596360207, 3.62231278419, 4.04027223587, 4.45823097229, 4.87619018555, 5.2941493988, 5.71210861206, 6.13006782532, 6.54802703857, 6.96598625183, 7.38394546509, 7.80190467834, 8.2198638916, 8.63782310486, 9.05578231812, 9.47374153137, 9.8800907135, 10.2864398956, 10.7043991089, 11.1223583221, 11.5403175354, 11.9582767487, 12.3762359619, 12.7941951752, 13.2121543884, 13.6301136017, 14.0480718613, 14.4660310745, 14.8839902878, 15.301949501, 15.7199087143, 16.1378688812, 16.5558280945, 16.9737873077, 17.391746521, 17.8097057343, 18.2276649475, 18.6456241608, 19.0519733429, 19.458322525, 19.8762817383, 20.2942390442, 20.7121982574, 21.1301574707, 21.548116684, 21.9660758972, 22.3840351105, 22.8019943237, 23.219953537, 23.6379127502, 24.0558719635, 24.4738311768, 24.89179039, 25.3097496033, 25.7277088165, 26.1340579987, 26.5404071808, 26.958366394, 27.3763256073, 27.7942848206, 28.2122440338, 28.6302032471, 29.0481624603, 29.4661216736, 29.8840808868, 30.3020401001, 30.7199993134, 31.1379585266, 31.5559177399, 31.9738769531, 32.391834259, 32.8097953796, 33.2277526855, 33.6457138062, 34.0520629883, 34.4584121704, 34.8763694763, 35.2943305969, 35.7122879028, 36.1302490234, 36.5482063293, 36.96616745, 37.3841247559, 37.8020858765, 38.2084350586, 38.638004303, 39.0559616089, 39.4739227295, 39.8918800354, 40.309841156, 40.7277984619, 41.1225395203, 41.5172767639, 41.9584579468, 42.3764152527, 42.7943763733, 43.2007255554, 43.6070747375, 44.0250320435, 44.4429931641, 44.86095047]
},
"tonal": {
    "chords_changes_rate": 0.0627572014928,
    "chords_number_rate": 0.0133744860068,
    "chords_strength": {
        "mean": 0.508100390434,
        "var": 0.0147292958573
    },
    "hpcp_entropy": {
        "mean": 2.10148000717,
        "var": 0.433592110872
    },
    "key_strength": 0.676999747753,
    "tuning_diatonic_strength": 0.551180720329,
    "tuning_equal_tempered_deviation": 0.237892299891,
    "tuning_frequency": 434.193115234,
    "tuning_nontempered_energy_ratio": 0.922862231731,
    "hpcp": {
        "mean": [0.11845728755, 0.148681476712, 0.138599708676, 0.0929678529501, 0.0647790059447, 0.0663963109255, 0.148216173053, 0.220410823822, 0.163628786802, 0.146389842033, 0.162799492478, 0.139356151223, 0.136771768332, 0.146123558283, 0.192545309663, 0.235628053546, 0.197983562946, 0.140030816197, 0.13671669364, 0.159931600094, 0.191162094474, 0.331368535757, 0.362759679556, 0.22676999867, 0.150637581944, 0.0889477133751, 0.0622300617397, 0.13087695837, 0.175515025854, 0.108829334378, 0.0530199371278, 0.0534788444638, 0.0675114244223, 0.167537510395, 0.224741891026, 0.144350722432],
        "var": [0.0490064583719, 0.0640054494143, 0.0574884451926, 0.0296592786908, 0.0180764123797, 0.0163088180125, 0.0341326929629, 0.0674350038171, 0.0478448010981, 0.0503454916179, 0.058386772871, 0.0561614967883, 0.0568117238581, 0.0516647361219, 0.0578298605978, 0.0870746225119, 0.0772004947066, 0.0513775087893, 0.0378986224532, 0.0497440397739, 0.0545119568706, 0.111210912466, 0.127800703049, 0.0678227543831, 0.0658360570669, 0.0290609095246, 0.0197545848787, 0.0469570271671, 0.0704203695059, 0.0278552994132, 0.0109795676544, 0.0166471414268, 0.0139215309173, 0.0518036000431, 0.0939723104239, 0.0349582582712]
    },
    "chords_histogram": [8.95061683655, 8.74485588074, 32.0987663269, 0, 10.1851854324, 0, 1.54320991039, 0, 0, 0, 1.02880656719, 0, 0, 0, 0.617283940315, 10.6995887756, 0, 1.02880656719, 2.77777767181, 3.08641982079, 0.411522626877, 9.36213970184, 8.43621444702, 1.02880656719],
    "thpcp": [1, 0.625124573708, 0.415254473686, 0.245197355747, 0.171546250582, 0.360781431198, 0.483832776546, 0.300003945827, 0.146157190204, 0.147422239184, 0.186105087399, 0.461841613054, 0.619533836842, 0.397923827171, 0.32654479146, 0.409862190485, 0.382070332766, 0.256279468536, 0.178572788835, 0.183031126857, 0.408579498529, 0.607594609261, 0.451066643, 0.403544962406, 0.448780566454, 0.384155571461, 0.377031326294, 0.402810901403, 0.530779242516, 0.649543106556, 0.545770585537, 0.386015385389, 0.376879513264, 0.440874785185, 0.52696621418, 0.913465738297],
    "chords_key": "E",
    "chords_scale": "major",
    "key_key": "A",
    "key_scale": "major"
}
}