{
"lowlevel": {
    "average_loudness": 0.961112201214,
    "barkbands_crest": {
        "mean": 11.2836704254,
        "var": 15.8703613281
    },
    "barkbands_flatness_db": {
        "mean": 0.15366487205,
        "var": 0.00346886040643
    },
    "barkbands_kurtosis": {
        "mean": 5.03441667557,
        "var": 57.4956741333
    },
    "barkbands_skewness": {
        "mean": 1.64073812962,
        "var": 1.33335542679
    },
    "barkbands_spread": {
        "mean": 15.9289989471,
        "var": 80.9375839233
    },
    "dissonance": {
        "mean": 0.449261903763,
        "var": 0.00188016274478
    },
    "dynamic_complexity": 3.23518562317,
    "erbbands_crest": {
        "mean": 10.0986795425,
        "var": 32.813243866
    },
    "erbbands_flatness_db": {
        "mean": 0.16820730269,
        "var": 0.00256036478095
    },
    "erbbands_kurtosis": {
        "mean": 1.38949501514,
        "var": 11.9466543198
    },
    "erbbands_skewness": {
        "mean": 0.584654390812,
        "var": 0.799691140652
    },
    "erbbands_spread": {
        "mean": 32.4093666077,
        "var": 277.728942871
    },
    "hfc": {
        "mean": 16.7587566376,
        "var": 182.856704712
    },
    "melbands_crest": {
        "mean": 14.6742658615,
        "var": 21.9243488312
    },
    "melbands_flatness_db": {
        "mean": 0.227641031146,
        "var": 0.00453765224665
    },
    "melbands_kurtosis": {
        "mean": 12.3854656219,
        "var": 260.085571289
    },
    "melbands_skewness": {
        "mean": 2.46528029442,
        "var": 2.65570616722
    },
    "melbands_spread": {
        "mean": 16.4725494385,
        "var": 105.051200867
    },
    "pitch_salience": {
        "mean": 0.534247756004,
        "var": 0.0106969764456
    },
    "silence_rate_20dB": {
        "mean": 1,
        "var": 0
    },
    "silence_rate_30dB": {
        "mean": 1,
        "var": 0
    },
    "silence_rate_60dB": {
        "mean": 0.0628218352795,
        "var": 0.0588743537664
    },
    "spectral_centroid": {
        "mean": 1031.19799805,
        "var": 190132.484375
    },
    "spectral_complexity": {
        "mean": 17.7075176239,
        "var": 55.3500709534
    },
    "spectral_decrease": {
        "mean": -7.92518939363e-009,
        "var": 3.48426539632e-017
    },
    "spectral_energy": {
        "mean": 0.0314316116273,
        "var": 0.000538234889973
    },
    "spectral_energyband_high": {
        "mean": 0.000285811634967,
        "var": 1.90535516253e-007
    },
    "spectral_energyband_low": {
        "mean": 0.0105291325599,
        "var": 0.000211757884244
    },
    "spectral_energyband_middle_high": {
        "mean": 0.00506401667371,
        "var": 4.2199233576e-005
    },
    "spectral_energyband_middle_low": {
        "mean": 0.0162504669279,
        "var": 0.000270331220236
    },
    "spectral_entropy": {
        "mean": 7.39472389221,
        "var": 0.216292455792
    },
    "spectral_flux": {
        "mean": 0.0992086604238,
        "var": 0.00345072569326
    },
    "spectral_kurtosis": {
        "mean": 6.52703809738,
        "var": 45.8983726501
    },
    "spectral_rms": {
        "mean": 0.00512961298227,
        "var": 4.35205629401e-006
    },
    "spectral_rolloff": {
        "mean": 904.625732422,
        "var": 762118.9375
    },
    "spectral_skewness": {
        "mean": 1.8251966238,
        "var": 0.456131666899
    },
    "spectral_spread": {
        "mean": 3880802.5,
        "var": 1.83261108634e+012
    },
    "spectral_strongpeak": {
        "mean": 1.12272727489,
        "var": 1.8424924612
    },
    "zerocrossingrate": {
        "mean": 0.0424601025879,
        "var": 0.000497645291034
    },
    "barkbands": {
        "mean": [0.000278337829513, 0.00617043953389, 0.0035164875444, 0.00125073397066, 0.00450548995286, 0.00131053035147, 0.00251560192555, 0.00297615025192, 0.00343940593302, 0.00129535468295, 0.000922734499909, 0.000580926949624, 0.000634598254692, 0.000429969688412, 0.000409072265029, 0.000275049329503, 0.000213765437366, 0.000201050163014, 0.000160718365805, 0.000120128657727, 8.82810418261e-005, 4.41002703155e-005, 3.6901281419e-005, 2.87419697997e-005, 1.55509187607e-005, 1.06880970634e-005, 7.81686082973e-007],
        "var": [3.35862665679e-007, 9.1404253908e-005, 3.01112995658e-005, 4.25669941251e-006, 5.60507323826e-005, 6.21550225333e-006, 4.01265060646e-005, 6.28906127531e-005, 6.33894451312e-005, 1.46203765325e-005, 7.65590266383e-006, 2.41941802415e-006, 2.09252675631e-006, 7.27903511688e-007, 5.44040801742e-007, 4.36684530314e-007, 6.56359162576e-008, 4.29980673289e-008, 2.04300611983e-008, 1.86355553211e-008, 7.81457174526e-008, 3.71312847136e-009, 2.16840190248e-009, 4.10366229886e-009, 9.90858173289e-010, 4.21034873632e-010, 2.44928578287e-012]
    },
    "erbbands": {
        "mean": [0.153747305274, 1.46724140644, 4.20721149445, 4.09168291092, 11.8022480011, 13.7704086304, 11.9250106812, 10.2050018311, 28.461971283, 49.1662139893, 77.7975616455, 75.7886886597, 37.0780830383, 42.3726348877, 32.0551605225, 22.1293888092, 27.347328186, 23.3529891968, 22.2179260254, 18.9360466003, 15.5478029251, 12.4265489578, 11.2197904587, 8.83967018127, 7.79886007309, 5.80169343948, 4.91524028778, 2.37270593643, 1.50350260735, 1.52198779583, 0.975430727005, 0.676572442055, 0.414996117353, 0.204541146755, 0.098869048059, 0.050507158041, 0.0190542414784, 0.003463184461, 0.000100145436591, 3.8460289943e-005],
        "var": [0.0645177811384, 5.39950084686, 43.0293769836, 29.7799911499, 599.183166504, 417.628967285, 260.80557251, 337.821685791, 5687.07324219, 15797.9433594, 27185.7480469, 29324.6191406, 10507.8916016, 9066.48242188, 5759.07519531, 3238.79663086, 3621.19433594, 2639.74902344, 1219.48205566, 1337.05432129, 1206.12780762, 248.656188965, 135.178375244, 63.4882507324, 45.8282661438, 47.5131988525, 208.16305542, 29.6030044556, 4.91122436523, 4.10372209549, 1.36163532734, 1.51932477951, 1.0772138834, 0.204372420907, 0.0399346426129, 0.00894801877439, 0.00146590475924, 3.99430427933e-005, 2.6430809541e-008, 7.32303828688e-010]
    },
    "gfcc": {
        "mean": [-11.4475831985, 112.474433899, -117.019744873, 27.421792984, -53.52110672, 11.2988872528, -35.1788330078, 9.97445774078, -20.3570098877, -0.381325602531, -16.7479934692, -4.31064748764, -14.0004196167],
        "cov": [[7004.46484375, -753.474304199, -537.905029297, 246.546691895, -45.3276596069, 326.421783447, 84.8927841187, 447.725921631, -128.901779175, 187.347457886, -233.329452515, 19.8122367859, -140.839279175], [-753.474304199, 890.429931641, 80.5828018188, 52.8629417419, 156.103179932, 8.80576515198, 243.026184082, -87.8308563232, 121.028411865, -76.3126296997, 193.151123047, -40.6585617065, 66.4810943604], [-537.905029297, 80.5828018188, 413.557861328, 71.2862472534, 138.316040039, 16.9698238373, 17.673707962, -6.5833106041, -1.99990165234, 36.8871688843, 31.3710708618, 47.0719070435, -0.976433336735], [246.546691895, 52.8629417419, 71.2862472534, 539.839294434, 252.273498535, 47.8586883545, 22.7028446198, 14.3839673996, -17.8821086884, 25.6289710999, 75.2205581665, -13.6685304642, 66.1411972046], [-45.3276596069, 156.103179932, 138.316040039, 252.273498535, 377.061798096, 135.74911499, 115.690696716, 48.8973007202, 1.22510075569, 33.1868133545, 48.4250717163, 13.8736162186, 38.6010742188], [326.421783447, 8.80576515198, 16.9698238373, 47.8586883545, 135.74911499, 244.942184448, 151.21824646, 70.1806564331, -14.5355157852, 14.1141214371, 17.0169487, 22.8364505768, 16.587223053], [84.8927841187, 243.026184082, 17.673707962, 22.7028446198, 115.690696716, 151.21824646, 288.249908447, 60.0871315002, 45.7945175171, 3.89404177666, 60.8626060486, 10.9906435013, 9.31380653381], [447.725921631, -87.8308563232, -6.5833106041, 14.3839673996, 48.8973007202, 70.1806564331, 60.0871315002, 152.620010376, 38.1844863892, 34.9640464783, -22.3834075928, 6.55683231354, -7.30553865433], [-128.901779175, 121.028411865, -1.99990165234, -17.8821086884, 1.22510075569, -14.5355157852, 45.7945175171, 38.1844863892, 134.281097412, 20.0089302063, 20.2633399963, -17.8157424927, 4.46025705338], [187.347457886, -76.3126296997, 36.8871688843, 25.6289710999, 33.1868133545, 14.1141214371, 3.89404177666, 34.9640464783, 20.0089302063, 85.3506774902, 2.45742034912, 9.80732917786, -23.7256565094], [-233.329452515, 193.151123047, 31.3710708618, 75.2205581665, 48.4250717163, 17.0169487, 60.8626060486, -22.3834075928, 20.2633399963, 2.45742034912, 126.136772156, 17.1101741791, 17.9135856628], [19.8122367859, -40.6585617065, 47.0719070435, -13.6685304642, 13.8736162186, 22.8364505768, 10.9906435013, 6.55683231354, -17.8157424927, 9.80732917786, 17.1101741791, 74.1135864258, 17.9929485321], [-140.839279175, 66.4810943604, -0.976433336735, 66.1411972046, 38.6010742188, 16.587223053, 9.31380653381, -7.30553865433, 4.46025705338, -23.7256565094, 17.9135856628, 17.9929485321, 92.4213409424]],
        "icov": [[0.000308562564896, -0.000399719923735, 0.00049027602654, -0.000509097997565, 0.000474957574625, -0.000434209388914, 0.000208677869523, -0.000874836114235, 0.000573638593778, -0.000746925128624, 0.000914598698728, -0.000751898332965, 0.000666313630063], [-0.000399719923735, 0.00527178589255, -0.0013565038098, 0.00203831517138, -0.00281146564521, 0.00251724012196, -0.00364178069867, 0.00365114049055, -0.00333354412578, 0.00449250917882, -0.00635883817449, 0.00498526496813, -0.00292011979036], [0.00049027602654, -0.0013565038098, 0.00407055206597, -0.000962896563578, -0.000352664967068, -0.000525910174474, 0.000957371958066, -0.00107660866342, 0.000971500878222, -0.00236208247952, 0.00221305643208, -0.0039565032348, 0.00220315647312], [-0.000509097997565, 0.00203831517138, -0.000962896563578, 0.00476698949933, -0.00359609024599, 0.00182376266457, -0.000667029293254, 0.00146759336349, -0.000300265412079, 0.00101221271325, -0.00499794818461, 0.00474067777395, -0.00398568157107], [0.000474957574625, -0.00281146564521, -0.000352664967068, -0.00359609024599, 0.00753021519631, -0.00350089394487, 0.000859750434756, -0.00278867315501, 0.00210454361513, -0.00354984612204, 0.00399494962767, -0.00255895988084, 0.00120310834609], [-0.000434209388914, 0.00251724012196, -0.000525910174474, 0.00182376266457, -0.00350089394487, 0.00963175389916, -0.00526020675898, -3.81434692827e-005, 0.00101785443258, 0.00170095055364, -0.00310089509003, 0.00208769855089, -0.00294037396088], [0.000208677869523, -0.00364178069867, 0.000957371958066, -0.000667029293254, 0.000859750434756, -0.00526020675898, 0.00931400619447, -0.00334395561367, 6.26036271569e-005, -0.0013536993647, 0.00147176906466, -0.00323592289351, 0.00280131958425], [-0.000874836114235, 0.00365114049055, -0.00107660866342, 0.00146759336349, -0.00278867315501, -3.81434692827e-005, -0.00334395561367, 0.0141208209097, -0.00645272387192, 0.00150011235382, -0.00163731176872, 0.00203175470233, -0.00177809852175], [0.000573638593778, -0.00333354412578, 0.000971500878222, -0.000300265412079, 0.00210454361513, 0.00101785443258, 6.26036271569e-005, -0.00645272387192, 0.0137804644182, -0.00663072150201, 0.00188288872596, 0.00120935880113, -0.00104845443275], [-0.000746925128624, 0.00449250917882, -0.00236208247952, 0.00101221271325, -0.00354984612204, 0.00170095055364, -0.0013536993647, 0.00150011235382, -0.00663072150201, 0.021126896143, -0.00612162798643, 0.000835349143017, 0.0030806355644], [0.000914598698728, -0.00635883817449, 0.00221305643208, -0.00499794818461, 0.00399494962767, -0.00310089509003, 0.00147176906466, -0.00163731176872, 0.00188288872596, -0.00612162798643, 0.0202496331185, -0.0104617634788, 0.00462770182639], [-0.000751898332965, 0.00498526496813, -0.0039565032348, 0.00474067777395, -0.00255895988084, 0.00208769855089, -0.00323592289351, 0.00203175470233, 0.00120935880113, 0.000835349143017, -0.0104617634788, 0.0248893033713, -0.00964720733464], [0.000666313630063, -0.00292011979036, 0.00220315647312, -0.00398568157107, 0.00120310834609, -0.00294037396088, 0.00280131958425, -0.00177809852175, -0.00104845443275, 0.0030806355644, 0.00462770182639, -0.00964720733464, 0.0182365328074]]
    },
    "melbands": {
        "mean": [0.00155521789566, 0.00216847611591, 0.000895216770004, 0.00107093225233, 0.000429345032899, 0.000237291460508, 0.000453498360002, 0.000577191414777, 0.000705943501089, 0.000422943296144, 0.000182093062904, 0.00018112717953, 0.000125678954646, 6.45293694106e-005, 6.32787341601e-005, 5.54679536435e-005, 4.21852200816e-005, 3.73017464881e-005, 2.78483639704e-005, 1.97920599021e-005, 1.79040071089e-005, 1.25063752421e-005, 1.10257824417e-005, 1.01713631011e-005, 6.70550161885e-006, 6.07647370998e-006, 4.70795384899e-006, 3.6292826735e-006, 3.30343232235e-006, 2.15411773752e-006, 1.12921577511e-006, 8.17104819362e-007, 8.52351661251e-007, 8.36502522361e-007, 5.83966311751e-007, 4.56118158354e-007, 3.87279015968e-007, 3.02402611396e-007, 2.20851973154e-007, 1.57178135396e-007],
        "var": [5.81888980378e-006, 1.09145012175e-005, 1.45016531405e-006, 3.76675893676e-006, 2.80352907112e-007, 1.87460912571e-007, 1.32489185489e-006, 2.12201734939e-006, 2.04710295293e-006, 9.21762079997e-007, 2.93593217293e-007, 1.8666699475e-007, 1.2417675066e-007, 2.60424819487e-008, 3.88347736191e-008, 1.63084834526e-008, 9.15604747576e-009, 3.53410634091e-009, 3.41676309468e-009, 2.19308526894e-009, 2.21603246864e-009, 2.68471522791e-010, 1.5581889945e-010, 1.20418106042e-010, 4.14602518983e-011, 2.97797481119e-011, 2.03801316101e-011, 2.41964295822e-011, 8.3608835133e-011, 5.79379703936e-011, 4.36325368197e-012, 1.65195721685e-012, 1.42062880557e-012, 1.44185358097e-012, 5.44645979792e-013, 3.29743475363e-013, 7.52112835987e-013, 6.09284161752e-013, 3.19624182806e-013, 1.0753555571e-013]
    },
    "mfcc": {
        "mean": [-652.912963867, 140.348144531, -3.05015587807, 21.0715293884, 4.42092895508, 2.87896776199, -1.25234019756, 5.90092563629, -1.60207867622, 7.33655071259, -0.415819525719, -1.47305142879, -3.4444899559],
        "cov": [[5940.37207031, -301.621704102, -682.891235352, 181.312820435, -71.5519790649, 70.534034729, 222.001068115, 212.02734375, 190.677658081, 207.122360229, 125.09375, 5.1552772522, -45.9454574585], [-301.621704102, 579.564147949, 44.7085800171, -55.1600418091, -55.5056800842, 44.9505882263, 61.7527122498, 82.0609283447, -11.9839553833, 37.6729125977, 67.8377761841, 25.8393611908, 47.9753761292], [-682.891235352, 44.7085800171, 353.340209961, 33.767791748, 42.9617195129, 27.9658794403, 10.3778209686, -20.5380840302, -24.1259803772, -35.3761405945, -3.31733608246, 11.3583517075, 29.9041957855], [181.312820435, -55.1600418091, 33.767791748, 414.429962158, 194.506820679, 75.2575378418, 86.1121520996, -12.4152736664, 10.0087966919, 17.6277999878, 6.00407981873, 24.7215671539, 22.4381332397], [-71.5519790649, -55.5056800842, 42.9617195129, 194.506820679, 291.42956543, 82.9476776123, 81.8723907471, 3.49787354469, 31.3410434723, 29.5647792816, 1.47541463375, -20.6160697937, -0.00264457101002], [70.534034729, 44.9505882263, 27.9658794403, 75.2575378418, 82.9476776123, 196.111801147, 158.98500061, 66.4942321777, 28.6214733124, 31.7922515869, 37.5654716492, 1.72388458252, 4.55446004868], [222.001068115, 61.7527122498, 10.3778209686, 86.1121520996, 81.8723907471, 158.98500061, 268.18572998, 117.792366028, 37.8331832886, 46.2633628845, 49.4911308289, 2.43213772774, 14.4306201935], [212.02734375, 82.0609283447, -20.5380840302, -12.4152736664, 3.49787354469, 66.4942321777, 117.792366028, 156.379486084, 58.1821174622, 61.9408988953, 37.134552002, 3.00413489342, 20.0622463226], [190.677658081, -11.9839553833, -24.1259803772, 10.0087966919, 31.3410434723, 28.6214733124, 37.8331832886, 58.1821174622, 122.476547241, 66.937286377, 8.84848308563, -8.98098659515, -9.61269855499], [207.122360229, 37.6729125977, -35.3761405945, 17.6277999878, 29.5647792816, 31.7922515869, 46.2633628845, 61.9408988953, 66.937286377, 126.948059082, 61.5973091125, 7.20925617218, 0.886570096016], [125.09375, 67.8377761841, -3.31733608246, 6.00407981873, 1.47541463375, 37.5654716492, 49.4911308289, 37.134552002, 8.84848308563, 61.5973091125, 96.6694107056, 30.6944465637, 10.5579891205], [5.1552772522, 25.8393611908, 11.3583517075, 24.7215671539, -20.6160697937, 1.72388458252, 2.43213772774, 3.00413489342, -8.98098659515, 7.20925617218, 30.6944465637, 78.1008911133, 34.5214653015], [-45.9454574585, 47.9753761292, 29.9041957855, 22.4381332397, -0.00264457101002, 4.55446004868, 14.4306201935, 20.0622463226, -9.61269855499, 0.886570096016, 10.5579891205, 34.5214653015, 71.3211212158]],
        "icov": [[0.00026209326461, 0.000169923558133, 0.000449896208011, -0.000221658221562, 0.000236687774304, 5.22836526216e-005, -0.000140211224789, -0.000169613442267, -0.000209131409065, 1.3041796592e-005, -0.000342054205248, 0.000126006489154, -3.03147044178e-005], [0.000169923558133, 0.00227370276116, 1.81411305675e-005, 3.55936426786e-005, 0.000539459404536, -0.000272825505817, 1.68151218531e-005, -0.000994362519123, 0.000486242090119, -0.000167080535903, -0.00131827883888, 0.000493842526339, -0.00112130539492], [0.000449896208011, 1.81411305675e-005, 0.00398723827675, -0.00028866782668, -0.00015963750775, -0.000451848260127, -0.000138511604746, 0.000301334250253, -0.000519312801771, 0.00119570735842, -0.000950594956521, 0.000259018852375, -0.00140076561365], [-0.000221658221562, 3.55936426786e-005, -0.00028866782668, 0.00421453174204, -0.00262577645481, -0.000250053592026, -0.000939980091061, 0.00142201501876, 0.00033324767719, -0.000599687395152, 0.00114098039921, -0.0020526102744, -0.000688580330461], [0.000236687774304, 0.000539459404536, -0.00015963750775, -0.00262577645481, 0.00633917795494, -0.00128235225566, -0.000718288123608, 0.00099524797406, -0.000860305619426, -0.00129304453731, -1.52585434989e-005, 0.00271869613789, -0.000783426105045], [5.22836526216e-005, -0.000272825505817, -0.000451848260127, -0.000250053592026, -0.00128235225566, 0.0106507446617, -0.00554148759693, -0.000116403643915, -0.000844139780384, 0.000858779007103, -0.00164355617017, -0.000218490153202, 0.00118371739518], [-0.000140211224789, 1.68151218531e-005, -0.000138511604746, -0.000939980091061, -0.000718288123608, -0.00554148759693, 0.0100686252117, -0.00551777752116, 0.000708689156454, 0.00137099530548, -0.0018480628496, 0.000795068743173, 8.81310406839e-005], [-0.000169613442267, -0.000994362519123, 0.000301334250253, 0.00142201501876, 0.00099524797406, -0.000116403643915, -0.00551777752116, 0.0145375579596, -0.00394355179742, -0.00300984433852, 0.000461407384137, 0.00118663872126, -0.0041163219139], [-0.000209131409065, 0.000486242090119, -0.000519312801771, 0.00033324767719, -0.000860305619426, -0.000844139780384, 0.000708689156454, -0.00394355179742, 0.0147022325546, -0.00820711348206, 0.00531038129702, -0.000972862180788, 0.0024392476771], [1.3041796592e-005, -0.000167080535903, 0.00119570735842, -0.000599687395152, -0.00129304453731, 0.000858779007103, 0.00137099530548, -0.00300984433852, -0.00820711348206, 0.0193231329322, -0.0117815546691, 0.00173991976772, -0.000121976161608], [-0.000342054205248, -0.00131827883888, -0.000950594956521, 0.00114098039921, -1.52585434989e-005, -0.00164355617017, -0.0018480628496, 0.000461407384137, 0.00531038129702, -0.0117815546691, 0.0222521852702, -0.00779938930646, 0.00239833560772], [0.000126006489154, 0.000493842526339, 0.000259018852375, -0.0020526102744, 0.00271869613789, -0.000218490153202, 0.000795068743173, 0.00118663872126, -0.000972862180788, 0.00173991976772, -0.00779938930646, 0.0207775346935, -0.00924956053495], [-3.03147044178e-005, -0.00112130539492, -0.00140076561365, -0.000688580330461, -0.000783426105045, 0.00118371739518, 8.81310406839e-005, -0.0041163219139, 0.0024392476771, -0.000121976161608, 0.00239833560772, -0.00924956053495, 0.0210765302181]]
    },
    "spectral_contrast_coeffs": {
        "mean": [-0.638316094875, -0.705462932587, -0.75512611866, -0.78084564209, -0.798587739468, -0.770134329796],
        "var": [0.00936236791313, 0.00925808865577, 0.00605327775702, 0.00231147534214, 0.000893421878573, 0.00106088549364]
    },
    "spectral_contrast_valleys": {
        "mean": [-7.14404630661, -6.68234729767, -7.31633663177, -7.63258600235, -7.67165088654, -10.578081131],
        "var": [1.54305565357, 0.800197184086, 0.92449349165, 0.937665760517, 1.09814536572, 1.18725287914]
    }
},
"metadata": {
    "audio_properties": {
        "analysis_sample_rate": 44100,
        "bit_rate": 128074,
        "equal_loudness": 0,
        "length": 45.0612258911,
        "lossless": 0,
        "replay_gain": -5.30766677856,
        "sample_rate": 44100,
        "codec": "mp3",
        "downmix": "mix",
        "md5_encoded": "b0c060438b29f42ada1b147043f30b23"
    },
    "tags": {
        "file_name": "1945.mp3"
    },
    "version": {
        "essentia": "2.1-beta2",
        "essentia_git_sha": "v2.1_beta2",
        "extractor": "music 1.0"
    }
},
"rhythm": {
    "beats_count": 85,
    "beats_loudness": {
        "mean": 0.03458879143,
        "var": 0.000384383136407
    },
    "bpm": 114.721961975,
    "bpm_histogram_first_peak_bpm": {
        "mean": 115,
        "var": 0
    },
    "bpm_histogram_first_peak_spread": {
        "mean": 0.407407402992,
        "var": 0
    },
    "bpm_histogram_first_peak_weight": {
        "mean": 0.571428596973,
        "var": 0
    },
    "bpm_histogram_second_peak_bpm": {
        "mean": 110,
        "var": 0
    },
    "bpm_histogram_second_peak_spread": {
        "mean": 0,
        "var": 0
    },
    "bpm_histogram_second_peak_weight": {
        "mean": 0.0357142873108,
        "var": 0
    },
    "danceability": 1.10694825649,
    "onset_rate": 4.32549524307,
    "beats_loudness_band_ratio": {
        "mean": [0.417041927576, 0.145826160908, 0.296182662249, 0.118920497596, 0.048943862319, 0.0161953531206],
        "var": [0.0508446916938, 0.0169135518372, 0.0540571957827, 0.0210313238204, 0.00238470197655, 0.000138290779432]
    },
    "beats_position": [0.487619042397, 1.02167797089, 1.54412698746, 2.06657600403, 2.57741498947, 3.11147379875, 3.63392281532, 4.15637159348, 4.69043064117, 5.20126962662, 5.71210861206, 6.2229475975, 6.74539661407, 7.26784563065, 7.79029464722, 8.31274318695, 8.84680271149, 9.35764122009, 9.8800907135, 10.3909292221, 10.9133787155, 11.4242172241, 11.9466667175, 12.4691152573, 13.0031747818, 13.5140132904, 14.0248527527, 14.5589113235, 15.0929698944, 15.6154193878, 16.1494789124, 16.6719264984, 17.2059860229, 17.7284355164, 18.2508831024, 18.7733325958, 19.2957820892, 19.8182315826, 20.3406791687, 20.8631286621, 21.3855781555, 21.9080276489, 22.430475235, 22.9413146973, 23.4521541595, 23.9629936218, 24.4738311768, 24.9962806702, 25.5187301636, 26.0527877808, 26.5752372742, 27.0976867676, 27.620136261, 28.142583847, 28.6650333405, 29.1874828339, 29.6983222961, 30.2091598511, 30.7199993134, 31.2540588379, 31.776506424, 32.2989578247, 32.8330154419, 33.3554649353, 33.8895225525, 34.4119720459, 34.9344215393, 35.4568710327, 35.9677085876, 36.4901580811, 37.0126075745, 37.5350570679, 38.0575065613, 38.57995224, 39.1024017334, 39.6248512268, 40.1473007202, 40.6813583374, 41.2038078308, 41.7262573242, 42.2719268799, 42.8059844971, 43.340045929, 43.8857116699, 44.4313812256]
},
"tonal": {
    "chords_changes_rate": 0.0514403283596,
    "chords_number_rate": 0.00720164598897,
    "chords_strength": {
        "mean": 0.596174538136,
        "var": 0.0090454434976
    },
    "hpcp_entropy": {
        "mean": 2.07163357735,
        "var": 0.48629835248
    },
    "key_strength": 0.89219224453,
    "tuning_diatonic_strength": 0.79312068224,
    "tuning_equal_tempered_deviation": 0.111744701862,
    "tuning_frequency": 434.695007324,
    "tuning_nontempered_energy_ratio": 0.764857769012,
    "hpcp": {
        "mean": [0.345333844423, 0.221238046885, 0.0797057300806, 0.0575142167509, 0.0756278783083, 0.119786396623, 0.150214552879, 0.10832542181, 0.0586232841015, 0.0524170063436, 0.0679041147232, 0.131366044283, 0.172263488173, 0.125515088439, 0.0947002694011, 0.111487418413, 0.102510623634, 0.069659024477, 0.0687636137009, 0.112634301186, 0.190282359719, 0.238184213638, 0.183900117874, 0.115175776184, 0.0836490318179, 0.0543270111084, 0.0709333792329, 0.121659860015, 0.121794730425, 0.0877364203334, 0.0806086882949, 0.0900491178036, 0.133514285088, 0.195938467979, 0.214201003313, 0.281516939402],
        "var": [0.139261066914, 0.070518553257, 0.0199082437903, 0.0154791800305, 0.0218131020665, 0.0427403226495, 0.0680372714996, 0.0361329168081, 0.0201904028654, 0.0212823227048, 0.0265128482133, 0.0548466481268, 0.0713543146849, 0.03898736462, 0.0348312929273, 0.0512074828148, 0.0478212051094, 0.022905414924, 0.0198710169643, 0.0433015786111, 0.0766661241651, 0.0906762182713, 0.0667058899999, 0.0416348464787, 0.0319444127381, 0.0142019037157, 0.0239851586521, 0.0537409372628, 0.0590389072895, 0.0339261032641, 0.0372114181519, 0.0444664768875, 0.0566577836871, 0.0892937108874, 0.0848514512181, 0.0897187739611]
    },
    "chords_histogram": [49.6913566589, 9.36213970184, 15.3292179108, 5.04115247726, 0, 0, 0, 0, 0, 0, 1.74897122383, 0, 0, 0, 0, 0, 0, 0.925925910473, 0, 0, 0, 0, 14.4032926559, 3.49794244766],
    "thpcp": [1, 0.640649795532, 0.230807751417, 0.166546717286, 0.218999326229, 0.346871286631, 0.434983581305, 0.313683182001, 0.169758290052, 0.151786476374, 0.196633249521, 0.38040304184, 0.498831748962, 0.363460153341, 0.274228185415, 0.322839528322, 0.296844989061, 0.201715022326, 0.199122145772, 0.326160609722, 0.551009893417, 0.68972158432, 0.53252851963, 0.33352008462, 0.242226570845, 0.157317370176, 0.205405235291, 0.352296382189, 0.352686911821, 0.254062622786, 0.233422502875, 0.260759621859, 0.386623799801, 0.567388534546, 0.620272278786, 0.81520229578],
    "chords_key": "A",
    "chords_scale": "major",
    "key_key": "A",
    "key_scale": "major"
}
}