{
"lowlevel": {
    "average_loudness": 0.979360342026,
    "barkbands_crest": {
        "mean": 10.5971450806,
        "var": 10.3486671448
    },
    "barkbands_flatness_db": {
        "mean": 0.145022317767,
        "var": 0.00198899349198
    },
    "barkbands_kurtosis": {
        "mean": 10.3048028946,
        "var": 86.2923583984
    },
    "barkbands_skewness": {
        "mean": 2.95858073235,
        "var": 1.32153916359
    },
    "barkbands_spread": {
        "mean": 19.9946289063,
        "var": 113.922210693
    },
    "dissonance": {
        "mean": 0.481789290905,
        "var": 0.000106341067294
    },
    "dynamic_complexity": 1.04252898693,
    "erbbands_crest": {
        "mean": 6.43051481247,
        "var": 7.13341426849
    },
    "erbbands_flatness_db": {
        "mean": 0.113753892481,
        "var": 0.000548936135601
    },
    "erbbands_kurtosis": {
        "mean": -1.24054694176,
        "var": 0.162215143442
    },
    "erbbands_skewness": {
        "mean": -0.0333948135376,
        "var": 0.191912069917
    },
    "erbbands_spread": {
        "mean": 75.5855026245,
        "var": 193.761810303
    },
    "hfc": {
        "mean": 26.8405361176,
        "var": 123.483299255
    },
    "melbands_crest": {
        "mean": 19.2960662842,
        "var": 25.374961853
    },
    "melbands_flatness_db": {
        "mean": 0.235995933414,
        "var": 0.00262971082702
    },
    "melbands_kurtosis": {
        "mean": 45.0488166809,
        "var": 1034.91577148
    },
    "melbands_skewness": {
        "mean": 5.61862039566,
        "var": 3.63508319855
    },
    "melbands_spread": {
        "mean": 12.1423244476,
        "var": 74.4033660889
    },
    "pitch_salience": {
        "mean": 0.525739729404,
        "var": 0.0133488187566
    },
    "silence_rate_20dB": {
        "mean": 1,
        "var": 0
    },
    "silence_rate_30dB": {
        "mean": 0.829042196274,
        "var": 0.14172975719
    },
    "silence_rate_60dB": {
        "mean": 0.00154479919001,
        "var": 0.00154241069686
    },
    "spectral_centroid": {
        "mean": 1466.07019043,
        "var": 230408.46875
    },
    "spectral_complexity": {
        "mean": 29.780122757,
        "var": 60.1137695313
    },
    "spectral_decrease": {
        "mean": -1.78855117383e-008,
        "var": 1.46206462905e-016
    },
    "spectral_energy": {
        "mean": 0.0699386075139,
        "var": 0.00211767340079
    },
    "spectral_energyband_high": {
        "mean": 0.00191276089754,
        "var": 1.03743855107e-006
    },
    "spectral_energyband_low": {
        "mean": 0.049972243607,
        "var": 0.00198770873249
    },
    "spectral_energyband_middle_high": {
        "mean": 0.0029860062059,
        "var": 2.52180893767e-006
    },
    "spectral_energyband_middle_low": {
        "mean": 0.0202229954302,
        "var": 0.000124200072605
    },
    "spectral_entropy": {
        "mean": 7.76012897491,
        "var": 0.0408093892038
    },
    "spectral_flux": {
        "mean": 0.140802711248,
        "var": 0.00458970014006
    },
    "spectral_kurtosis": {
        "mean": 2.48543643951,
        "var": 0.695693969727
    },
    "spectral_rms": {
        "mean": 0.00789081212133,
        "var": 5.96797735852e-006
    },
    "spectral_rolloff": {
        "mean": 620.215576172,
        "var": 838848.4375
    },
    "spectral_skewness": {
        "mean": 1.00954258442,
        "var": 0.0682700201869
    },
    "spectral_spread": {
        "mean": 4930212,
        "var": 1.9338929111e+012
    },
    "spectral_strongpeak": {
        "mean": 0.64408570528,
        "var": 0.158289462328
    },
    "zerocrossingrate": {
        "mean": 0.049064218998,
        "var": 0.000639003585093
    },
    "barkbands": {
        "mean": [0.00279028527439, 0.0221281945705, 0.0199657250196, 0.00786131899804, 0.00575517397374, 0.00384551030584, 0.00132103951182, 0.000515165214892, 0.000844604684971, 0.000264655100182, 0.000164397075423, 0.000179048758582, 0.00018803247076, 0.00034095760202, 0.000358574819984, 0.000231342055486, 0.000304400105961, 0.000335502059897, 0.000386977015296, 0.000694905698765, 0.000921127735637, 0.000165036020917, 7.79345427873e-005, 6.09883209108e-005, 0.000115236260172, 0.000114893962746, 7.57880388846e-006],
        "var": [5.68306095374e-005, 0.000712445587851, 0.000425594393164, 7.79408801463e-005, 1.9566001356e-005, 1.27851008074e-005, 3.80456231142e-006, 4.02387570375e-007, 2.68344638243e-006, 1.25558614172e-007, 1.04101800957e-007, 3.02806064667e-008, 5.2231261094e-008, 8.91867841801e-008, 1.18122855497e-007, 3.00683709042e-008, 4.06767028949e-008, 3.83898033363e-008, 3.99660180506e-008, 1.19635899409e-007, 2.16647393358e-007, 1.34575488531e-008, 5.71417224648e-009, 5.45333822544e-009, 3.77784417083e-008, 5.40862430398e-008, 3.00362235084e-010]
    },
    "erbbands": {
        "mean": [0.637540757656, 5.00182294846, 23.188533783, 25.7208976746, 17.0018634796, 17.3429698944, 43.8118858337, 19.4906864166, 22.1414451599, 11.0312128067, 16.8881435394, 19.8954200745, 8.83842468262, 7.67024421692, 7.81824159622, 6.72316789627, 8.89912128448, 14.7423467636, 18.1056194305, 18.1723175049, 12.931684494, 17.1354694366, 17.7248535156, 21.6467399597, 19.3350524902, 33.8487129211, 47.6462860107, 21.9390029907, 6.7530913353, 3.00430727005, 2.07558083534, 1.4500926733, 0.991636753082, 0.926983118057, 1.01517367363, 0.580105245113, 0.192704021931, 0.0338928103447, 0.000805482675787, 0.000102415215224],
        "var": [1.9803262949, 23.195848465, 548.46673584, 609.932495117, 219.33354187, 289.172637939, 2703.62109375, 324.497009277, 863.775756836, 305.698791504, 695.43548584, 1202.29858398, 124.094085693, 68.4723968506, 160.948455811, 38.0497665405, 105.831535339, 189.53288269, 178.18560791, 348.071502686, 76.462020874, 128.101043701, 106.087081909, 125.771942139, 86.1419067383, 283.311157227, 615.458068848, 113.522216797, 19.597574234, 6.86247301102, 4.54766130447, 2.83382630348, 1.64434659481, 2.02360367775, 3.30440402031, 1.32056176662, 0.159221753478, 0.00521499058232, 2.66332222054e-006, 4.84832396452e-009]
    },
    "gfcc": {
        "mean": [50.4705467224, 87.7541885376, -92.8763275146, 62.9069099426, -45.4528274536, 1.58079600334, -30.4132556915, 7.30366134644, -31.257232666, 15.4460134506, -25.1559524536, -3.45181274414, -9.86104774475],
        "cov": [[1716.19165039, -297.57824707, 131.438690186, -153.614837646, -48.5529556274, 110.328964233, -87.9894790649, 109.139648438, -30.0106258392, 65.5291442871, -40.1261940002, 65.9745864868, -67.8200531006], [-297.57824707, 610.358947754, -239.448348999, 220.78352356, 35.9002418518, -76.7417907715, 134.295455933, -109.739860535, 98.8342132568, -63.1928634644, 73.8618469238, -79.3051986694, 77.3209457397], [131.438690186, -239.448348999, 301.476104736, -46.0506706238, 61.4494857788, 57.3249931335, -41.1469497681, 49.0010108948, -43.2462463379, 32.7656517029, -26.6449375153, 39.3194618225, -36.4328842163], [-153.614837646, 220.78352356, -46.0506706238, 171.639358521, 59.2163391113, -17.6364383698, 75.3123245239, -46.1240615845, 33.2764701843, -21.2187271118, 29.6888618469, -36.4325256348, 32.187953949], [-48.5529556274, 35.9002418518, 61.4494857788, 59.2163391113, 84.0142593384, 25.3996677399, 41.5841903687, 4.23075580597, 15.0045433044, 9.77120018005, 8.55030155182, -0.979824841022, 5.10636425018], [110.328964233, -76.7417907715, 57.3249931335, -17.6364383698, 25.3996677399, 79.9492492676, 29.7281265259, 33.4292068481, -0.0321494787931, 6.22821378708, -1.71179318428, 10.9947853088, -15.3086471558], [-87.9894790649, 134.295455933, -41.1469497681, 75.3123245239, 41.5841903687, 29.7281265259, 128.708053589, 1.18018043041, 30.3050632477, -14.507891655, 14.7825164795, -22.3609390259, 12.0344181061], [109.139648438, -109.739860535, 49.0010108948, -46.1240615845, 4.23075580597, 33.4292068481, 1.18018043041, 68.9116744995, 13.4766693115, 30.1474723816, -8.69079399109, 19.215461731, -13.9477443695], [-30.0106258392, 98.8342132568, -43.2462463379, 33.2764701843, 15.0045433044, -0.0321494787931, 30.3050632477, 13.4766693115, 76.9602584839, 18.2713909149, 31.9010658264, -3.70761656761, 16.852930069], [65.5291442871, -63.1928634644, 32.7656517029, -21.2187271118, 9.77120018005, 6.22821378708, -14.507891655, 30.1474723816, 18.2713909149, 54.6830215454, 11.3539180756, 22.7380714417, -4.40539121628], [-40.1261940002, 73.8618469238, -26.6449375153, 29.6888618469, 8.55030155182, -1.71179318428, 14.7825164795, -8.69079399109, 31.9010658264, 11.3539180756, 49.8834037781, 16.3291625977, 22.1360492706], [65.9745864868, -79.3051986694, 39.3194618225, -36.4325256348, -0.979824841022, 10.9947853088, -22.3609390259, 19.215461731, -3.70761656761, 22.7380714417, 16.3291625977, 55.9451255798, 14.3812904358], [-67.8200531006, 77.3209457397, -36.4328842163, 32.187953949, 5.10636425018, -15.3086471558, 12.0344181061, -13.9477443695, 16.852930069, -4.40539121628, 22.1360492706, 14.3812904358, 46.0284309387]],
        "icov": [[0.000847308023367, -0.000804115668871, -2.1385252694e-005, -0.000485818774905, 0.00109018676449, -0.0017865432892, 0.000984707265161, -0.000894199241884, 0.000407022627769, -0.000978936557658, 0.00139496044721, -0.00168368569575, 0.00129097362515], [-0.000804115668871, 0.0106239002198, 0.00170034193434, -0.00104307895526, -0.00325052882545, 0.00681431870908, -0.00559977861121, 0.00723967794329, -0.00720421550795, 0.0058861291036, -0.00798288360238, 0.00914075039327, -0.00648690480739], [-2.1385252694e-005, 0.00170034193434, 0.00809712707996, -0.000890130817425, -0.00774350343272, -0.00109043775592, 0.00272349012084, -0.00177494937088, 0.00220342399552, 0.000813865219243, 0.000423720688559, -0.00326009769924, 0.00347617361695], [-0.000485818774905, -0.00104307895526, -0.000890130817425, 0.0193817373365, -0.0107835652307, 0.00432542897761, -0.00494378060102, 0.00533271208405, 0.000511103717145, 0.000521439360455, -0.00712300045416, 0.0114437351003, -0.00796563923359], [0.00109018676449, -0.00325052882545, -0.00774350343272, -0.0107835652307, 0.0317482091486, -0.00924404431134, -0.00264596333727, 0.000979058211669, -0.00190694094636, -0.00923882424831, 0.00801558047533, -0.00533309718594, 0.000495785090607], [-0.0017865432892, 0.00681431870908, -0.00109043775592, 0.00432542897761, -0.00924404431134, 0.0304359123111, -0.011325427331, -0.00332233589143, -0.00293517182581, 0.0113044390455, -0.0121348006651, 0.0040986710228, 0.00184719555546], [0.000984707265161, -0.00559977861121, 0.00272349012084, -0.00494378060102, -0.00264596333727, -0.011325427331, 0.0197819769382, -0.00960490945727, 0.00338275893591, 0.000622154853772, 0.00322333839722, -0.00258677825332, 0.00299383280799], [-0.000894199241884, 0.00723967794329, -0.00177494937088, 0.00533271208405, 0.000979058211669, -0.00332233589143, -0.00960490945727, 0.0424760244787, -0.0182415544987, -0.00873612333089, 0.00981788802892, -0.00151187297888, -0.00285070808604], [0.000407022627769, -0.00720421550795, 0.00220342399552, 0.000511103717145, -0.00190694094636, -0.00293517182581, 0.00338275893591, -0.0182415544987, 0.0343831442297, -0.0103295836598, -0.0128684416413, 0.00718563608825, -0.00272249383852], [-0.000978936557658, 0.0058861291036, 0.000813865219243, 0.000521439360455, -0.00923882424831, 0.0113044390455, 0.000622154853772, -0.00873612333089, -0.0103295836598, 0.0398181788623, -0.012776308693, -0.00457281805575, 0.00609034858644], [0.00139496044721, -0.00798288360238, 0.000423720688559, -0.00712300045416, 0.00801558047533, -0.0121348006651, 0.00322333839722, 0.00981788802892, -0.0128684416413, -0.012776308693, 0.055646918714, -0.0304454509169, 0.00422867713496], [-0.00168368569575, 0.00914075039327, -0.00326009769924, 0.0114437351003, -0.00533309718594, 0.0040986710228, -0.00258677825332, -0.00151187297888, 0.00718563608825, -0.00457281805575, -0.0304454509169, 0.0610435381532, -0.0337454527617], [0.00129097362515, -0.00648690480739, 0.00347617361695, -0.00796563923359, 0.000495785090607, 0.00184719555546, 0.00299383280799, -0.00285070808604, -0.00272249383852, 0.00609034858644, 0.00422867713496, -0.0337454527617, 0.0518492124975]]
    },
    "melbands": {
        "mean": [0.00570656964555, 0.0103072505444, 0.00421060109511, 0.0011085413862, 0.00133851531427, 0.000510483863764, 0.000320743769407, 0.000104691382148, 0.000156081994646, 0.000114932066936, 4.08598061767e-005, 3.12105403282e-005, 2.5291376005e-005, 2.10368998523e-005, 1.59343671839e-005, 2.01298062166e-005, 2.91811338684e-005, 2.91555898002e-005, 2.79223204416e-005, 1.89823840628e-005, 1.44338209793e-005, 1.74062133738e-005, 1.72679465322e-005, 1.60128238349e-005, 1.78735353984e-005, 1.37712795549e-005, 1.57973317982e-005, 2.37523054238e-005, 3.00780484395e-005, 2.42856021941e-005, 9.3215603556e-006, 4.09260792367e-006, 2.00372983272e-006, 1.49443951614e-006, 1.16029252695e-006, 1.13637327104e-006, 7.74043940055e-007, 6.83648579525e-007, 6.65885863782e-007, 8.02516581189e-007],
        "var": [8.89621805982e-005, 9.74643771769e-005, 1.38509567478e-005, 1.12777195227e-006, 2.1717889922e-006, 2.06247662504e-007, 1.88157613934e-007, 2.62033132969e-008, 8.02106825404e-008, 3.70214223722e-008, 2.96143509715e-009, 1.2274514738e-009, 2.54745757822e-009, 4.3799674998e-010, 2.25160501355e-010, 6.94759305642e-010, 8.43260017369e-010, 5.2231335923e-010, 7.7025563705e-010, 2.98444546853e-010, 1.14620243852e-010, 1.5774669071e-010, 1.77685435809e-010, 8.26430937573e-011, 9.94859888914e-011, 5.8789771662e-011, 7.75742317605e-011, 1.66314906291e-010, 2.7750604592e-010, 1.82487566724e-010, 2.43818090717e-011, 8.28429685962e-012, 3.9496366247e-012, 1.87958264404e-012, 1.47024601695e-012, 1.84777974171e-012, 8.5074888757e-013, 7.65753400359e-013, 9.38003906319e-013, 1.60912754475e-012]
    },
    "mfcc": {
        "mean": [-598.340637207, 113.987594604, 10.4566993713, 62.6430969238, 5.34339237213, 12.6298036575, 7.51865434647, -8.73893070221, 7.79436159134, 3.8135535717, -2.23733377457, 2.28471755981, -6.89002084732],
        "cov": [[921.729614258, -66.1321716309, 46.9867935181, -155.232391357, -0.126896753907, -31.1986293793, -12.7129669189, 30.8411884308, 0.286338508129, 29.0919628143, 22.3101291656, 6.79836797714, 21.8829784393], [-66.1321716309, 271.330841064, -82.2584915161, 137.83972168, -34.8494567871, 48.7697677612, -2.35960149765, 2.15265822411, 15.6529455185, 0.21118158102, 5.84658956528, 14.1097431183, -0.624455630779], [46.9867935181, -82.2584915161, 147.003723145, -36.8303642273, 59.7653846741, -1.24944663048, 18.4928302765, 9.31844043732, -7.22529649734, -0.558647453785, -0.268753111362, -1.20566809177, 4.73318958282], [-155.232391357, 137.83972168, -36.8303642273, 185.774200439, 2.7728369236, 54.3428649902, 21.7828960419, -7.66577196121, 20.159734726, -5.51982545853, -3.91048932076, 14.9437742233, 2.70279502869], [-0.126896753907, -34.8494567871, 59.7653846741, 2.7728369236, 79.9439697266, 7.13369560242, -1.97933626175, -3.10926151276, -3.6882352829, 5.7582192421, 2.33844900131, 1.56274914742, 12.2625102997], [-31.1986293793, 48.7697677612, -1.24944663048, 54.3428649902, 7.13369560242, 69.8380737305, 38.4589881897, 21.4337882996, 12.2618637085, 2.82143330574, 7.46808195114, 11.1575841904, 5.23471927643], [-12.7129669189, -2.35960149765, 18.4928302765, 21.7828960419, -1.97933626175, 38.4589881897, 72.239074707, 29.5371513367, 18.9378376007, -3.97876143456, 1.98572254181, 11.2307195663, -2.12495923042], [30.8411884308, 2.15265822411, 9.31844043732, -7.66577196121, -3.10926151276, 21.4337882996, 29.5371513367, 51.5976066589, 21.5456485748, 8.76522922516, 8.76256370544, 6.25649166107, 7.85028266907], [0.286338508129, 15.6529455185, -7.22529649734, 20.159734726, -3.6882352829, 12.2618637085, 18.9378376007, 21.5456485748, 47.9070549011, 17.3093185425, 11.8597536087, 12.83527565, 6.20755767822], [29.0919628143, 0.21118158102, -0.558647453785, -5.51982545853, 5.7582192421, 2.82143330574, -3.97876143456, 8.76522922516, 17.3093185425, 40.2760009766, 22.0649299622, 5.46115493774, 3.46799230576], [22.3101291656, 5.84658956528, -0.268753111362, -3.91048932076, 2.33844900131, 7.46808195114, 1.98572254181, 8.76256370544, 11.8597536087, 22.0649299622, 41.4990081787, 18.2919807434, 10.0054130554], [6.79836797714, 14.1097431183, -1.20566809177, 14.9437742233, 1.56274914742, 11.1575841904, 11.2307195663, 6.25649166107, 12.83527565, 5.46115493774, 18.2919807434, 41.5481796265, 18.63306427], [21.8829784393, -0.624455630779, 4.73318958282, 2.70279502869, 12.2625102997, 5.23471927643, -2.12495923042, 7.85028266907, 6.20755767822, 3.46799230576, 10.0054130554, 18.63306427, 45.3724784851]],
        "icov": [[0.00135004695039, -0.000458624126622, -0.000372900074581, 0.00138472800609, 0.000165053876117, 1.15281691251e-005, -1.16909259305e-005, -0.000295159465168, 3.10483192152e-005, -0.000773792620748, 0.000175324035808, -0.000264447327936, -0.000571604177821], [-0.000458624126622, 0.00797561276704, 0.00173985457513, -0.00568564608693, 0.00248273368925, -0.003144627437, 0.00432563992217, -0.00248926086351, 0.000541449931916, 0.00076328846626, -0.0011173246894, -0.000947287189774, 0.00131622643676], [-0.000372900074581, 0.00173985457513, 0.0124971298501, 0.000717349234037, -0.00906226877123, 0.00171268207487, -0.00420634262264, -0.00195838697255, 0.00208468805067, 0.000946843065321, -0.000342798797647, -0.000201526025194, 0.00105159031227], [0.00138472800609, -0.00568564608693, 0.000717349234037, 0.0140710901469, -0.00299932807684, -0.00588214723393, -0.00261799548753, 0.0070190099068, -0.00541502470151, 0.000874094141182, 0.00319368392229, -0.00141146208625, -0.000957501702942], [0.000165053876117, 0.00248273368925, -0.00906226877123, -0.00299932807684, 0.0221597254276, -0.00504441093653, 0.00490874191746, 0.00251343008131, 0.000626871886197, -0.00396600924432, 0.000814283383079, 0.000915313255973, -0.00487143639475], [1.15281691251e-005, -0.003144627437, 0.00171268207487, -0.00588214723393, -0.00504441093653, 0.0312238819897, -0.0143161062151, -0.00755691947415, 0.00632733898237, -0.00283729354851, -0.00336207658984, 0.000691358116455, -0.00167046708521], [-1.16909259305e-005, 0.00432563992217, -0.00420634262264, -0.00261799548753, 0.00490874191746, -0.0143161062151, 0.0312516801059, -0.0103733856231, -0.0068926489912, 0.00788086280227, 0.00101715419441, -0.00635260203853, 0.00696852663532], [-0.000295159465168, -0.00248926086351, -0.00195838697255, 0.0070190099068, 0.00251343008131, -0.00755691947415, -0.0103733856231, 0.0362061858177, -0.0119963223115, -0.00206970213912, -0.000802618276794, 0.00494260154665, -0.006716651842], [3.10483192152e-005, 0.000541449931916, 0.00208468805067, -0.00541502470151, 0.000626871886197, 0.00632733898237, -0.0068926489912, -0.0119963223115, 0.0365585722029, -0.0149313230067, 0.00133922754321, -0.00578260328621, -0.00083009415539], [-0.000773792620748, 0.00076328846626, 0.000946843065321, 0.000874094141182, -0.00396600924432, -0.00283729354851, 0.00788086280227, -0.00206970213912, -0.0149313230067, 0.0446726046503, -0.0214764885604, 0.00527349999174, 0.00355783593841], [0.000175324035808, -0.0011173246894, -0.000342798797647, 0.00319368392229, 0.000814283383079, -0.00336207658984, 0.00101715419441, -0.000802618276794, 0.00133922754321, -0.0214764885604, 0.0436915010214, -0.01629518345, -0.00138459412847], [-0.000264447327936, -0.000947287189774, -0.000201526025194, -0.00141146208625, 0.000915313255973, 0.000691358116455, -0.00635260203853, 0.00494260154665, -0.00578260328621, 0.00527349999174, -0.01629518345, 0.0401248522103, -0.0137568050995], [-0.000571604177821, 0.00131622643676, 0.00105159031227, -0.000957501702942, -0.00487143639475, -0.00167046708521, 0.00696852663532, -0.006716651842, -0.00083009415539, 0.00355783593841, -0.00138459412847, -0.0137568050995, 0.031075136736]]
    },
    "spectral_contrast_coeffs": {
        "mean": [-0.610688149929, -0.725002527237, -0.812355697155, -0.815371692181, -0.802650570869, -0.694559633732],
        "var": [0.00443006167188, 0.00446921261027, 0.00169764994644, 0.00099974044133, 0.000342073617503, 0.00156759715173]
    },
    "spectral_contrast_valleys": {
        "mean": [-6.28511047363, -6.36111497879, -7.1911649704, -7.24747037888, -6.63728809357, -9.78419017792],
        "var": [0.479300647974, 0.391109079123, 0.353479087353, 0.311956316233, 0.295414745808, 0.479648381472]
    }
},
"metadata": {
    "audio_properties": {
        "analysis_sample_rate": 44100,
        "bit_rate": 128074,
        "equal_loudness": 0,
        "length": 45.0612258911,
        "lossless": 0,
        "replay_gain": -5.66439628601,
        "sample_rate": 44100,
        "codec": "mp3",
        "downmix": "mix",
        "md5_encoded": "d69a601972fee0811927e187489e96af"
    },
    "tags": {
        "file_name": "1946.mp3"
    },
    "version": {
        "essentia": "2.1-beta2",
        "essentia_git_sha": "v2.1_beta2",
        "extractor": "music 1.0"
    }
},
"rhythm": {
    "beats_count": 138,
    "beats_loudness": {
        "mean": 0.0775043293834,
        "var": 0.00160084734671
    },
    "bpm": 184.57019043,
    "bpm_histogram_first_peak_bpm": {
        "mean": 185,
        "var": 0
    },
    "bpm_histogram_first_peak_spread": {
        "mean": 0,
        "var": 0
    },
    "bpm_histogram_first_peak_weight": {
        "mean": 0.459854006767,
        "var": 0
    },
    "bpm_histogram_second_peak_bpm": {
        "mean": 191,
        "var": 0
    },
    "bpm_histogram_second_peak_spread": {
        "mean": 0,
        "var": 0
    },
    "bpm_histogram_second_peak_weight": {
        "mean": 0.306569337845,
        "var": 0
    },
    "danceability": 1.37982463837,
    "onset_rate": 3.37166810036,
    "beats_loudness_band_ratio": {
        "mean": [0.71127730608, 0.150995075703, 0.0573876611888, 0.0236725285649, 0.0313582494855, 0.0553080923855],
        "var": [0.035507503897, 0.0109413340688, 0.00234436569735, 0.000727500009816, 0.000720241048839, 0.00188657490071]
    },
    "beats_position": [0.348299324512, 0.684988677502, 0.99845802784, 1.3235373497, 1.63700675964, 1.95047616959, 2.27555561066, 2.60063481331, 2.91410422325, 3.22757363319, 3.55265307426, 3.87773227692, 4.21442174911, 4.55111122131, 4.88780021667, 5.22448968887, 5.53795909882, 5.86303853989, 6.17650794983, 6.5015873909, 6.83827638626, 7.17496585846, 7.50004529953, 7.81351470947, 8.12698364258, 8.44045352936, 8.75392246246, 9.07900238037, 9.39247131348, 9.71755123138, 10.0426301956, 10.3560991287, 10.6811790466, 10.9946479797, 11.3081178665, 11.6331968307, 11.9466667175, 12.2601356506, 12.5852155685, 12.9102945328, 13.235373497, 13.5372333527, 13.8507022858, 14.1641721725, 14.4892511368, 14.8143310547, 15.15102005, 15.4877090454, 15.8127889633, 16.1494789124, 16.4861679077, 16.8112468719, 17.1363258362, 17.4614048004, 17.786485672, 18.1115646362, 18.4250335693, 18.7385025024, 19.0635814667, 19.3886623383, 19.7137413025, 20.0388202667, 20.3755092621, 20.7121982574, 21.037279129, 21.3623580933, 21.6874370575, 22.0125160217, 22.3375968933, 22.6626758575, 22.9877548218, 23.312833786, 23.6263027191, 23.9513835907, 24.2648525238, 24.589931488, 24.9150104523, 25.2400894165, 25.5767803192, 25.9134693146, 26.2385482788, 26.563627243, 26.8887062073, 27.22539711, 27.5620861053, 27.8987751007, 28.2354640961, 28.5605430603, 28.8856239319, 29.2107028961, 29.5357818604, 29.8608608246, 30.1859397888, 30.5110206604, 30.8593196869, 31.1843986511, 31.4978675842, 31.8113365173, 32.1480255127, 32.4847145081, 32.8097953796, 33.1348762512, 33.4715652466, 33.7966423035, 34.1101112366, 34.4235839844, 34.7370529175, 35.0621299744, 35.3872108459, 35.7122879028, 36.0489807129, 36.3856697083, 36.7107467651, 37.059047699, 37.3841247559, 37.7092056274, 38.0575065613, 38.4058036804, 38.7424926758, 39.0791816711, 39.4042625427, 39.7177314758, 40.0312004089, 40.344669342, 40.6581382751, 40.9832191467, 41.3083000183, 41.6217689514, 41.9352378845, 42.2487068176, 42.5621757507, 42.8756446838, 43.1891136169, 43.4909744263, 43.8044433594, 44.1179122925, 44.4313812256, 44.7448501587]
},
"tonal": {
    "chords_changes_rate": 0.0401234552264,
    "chords_number_rate": 0.00617283955216,
    "chords_strength": {
        "mean": 0.543885052204,
        "var": 0.0115338666365
    },
    "hpcp_entropy": {
        "mean": 2.66613507271,
        "var": 0.588906943798
    },
    "key_strength": 0.674776315689,
    "tuning_diatonic_strength": 0.644661784172,
    "tuning_equal_tempered_deviation": 0.313789635897,
    "tuning_frequency": 434.193115234,
    "tuning_nontempered_energy_ratio": 0.924997806549,
    "hpcp": {
        "mean": [0.0689513832331, 0.063383936882, 0.0593282133341, 0.0611853972077, 0.0655595213175, 0.057632509619, 0.0530071444809, 0.0510185435414, 0.0405204668641, 0.0352308601141, 0.0322452448308, 0.0303651783615, 0.0348999500275, 0.0425082296133, 0.0851287916303, 0.203421786427, 0.304614126682, 0.243915140629, 0.127929180861, 0.101876728237, 0.0852634385228, 0.0457810871303, 0.0308183114976, 0.114972501993, 0.201696172357, 0.117914363742, 0.0351380035281, 0.0457042939961, 0.0753570273519, 0.166561201215, 0.346041232347, 0.425327777863, 0.292094260454, 0.161490023136, 0.122095957398, 0.0923985168338],
        "var": [0.0289064068347, 0.0237127691507, 0.0207073912024, 0.0258830804378, 0.0268376711756, 0.0220220386982, 0.0168213397264, 0.00966556370258, 0.005822672043, 0.00808489602059, 0.00705052120611, 0.00560114579275, 0.00717452727258, 0.0093194693327, 0.0189186818898, 0.071044370532, 0.0939271375537, 0.0873589590192, 0.034840002656, 0.0533331148326, 0.040923718363, 0.0146257197484, 0.00898134894669, 0.0350202731788, 0.114078626037, 0.0353592149913, 0.0114762596786, 0.0165640152991, 0.0333021730185, 0.0710710957646, 0.128949165344, 0.154062896967, 0.106228001416, 0.0676427036524, 0.0613533817232, 0.0442065931857]
    },
    "chords_histogram": [22.4279842377, 0, 1.02880656719, 0, 0, 4.42386817932, 0, 60.4938278198, 0, 0, 0, 0, 0, 0, 0, 0, 0, 0, 0, 0, 0, 5.04115247726, 6.58436203003, 0],
    "thpcp": [1, 0.686750948429, 0.379683703184, 0.287063211203, 0.217240735888, 0.162113517523, 0.149023741484, 0.139488220215, 0.143854692578, 0.154138818383, 0.135501399636, 0.1246265769, 0.119951121509, 0.0952688008547, 0.0828322544694, 0.0758126974106, 0.071392416954, 0.0820542424917, 0.0999422818422, 0.200148671865, 0.47827064991, 0.716186761856, 0.573475718498, 0.300777852535, 0.239525213838, 0.200465247035, 0.107637189329, 0.0724577903748, 0.270315051079, 0.474213480949, 0.277231752872, 0.0826139375567, 0.107456639409, 0.177174001932, 0.391606688499, 0.813587188721],
    "chords_key": "G",
    "chords_scale": "major",
    "key_key": "G",
    "key_scale": "minor"
}
}