{
"lowlevel": {
    "average_loudness": 0.969067931175,
    "barkbands_crest": {
        "mean": 11.0888710022,
        "var": 14.2113370895
    },
    "barkbands_flatness_db": {
        "mean": 0.147398412228,
        "var": 0.00257482589222
    },
    "barkbands_kurtosis": {
        "mean": 15.0628108978,
        "var": 259.233886719
    },
    "barkbands_skewness": {
        "mean": 3.23073387146,
        "var": 2.45659852028
    },
    "barkbands_spread": {
        "mean": 15.936249733,
        "var": 107.695861816
    },
    "dissonance": {
        "mean": 0.478296846151,
        "var": 0.00025605323026
    },
    "dynamic_complexity": 1.29858243465,
    "erbbands_crest": {
        "mean": 6.74388122559,
        "var": 11.56498909
    },
    "erbbands_flatness_db": {
        "mean": 0.107449106872,
        "var": 0.000823955168016
    },
    "erbbands_kurtosis": {
        "mean": -0.747448801994,
        "var": 0.581500589848
    },
    "erbbands_skewness": {
        "mean": 0.336975932121,
        "var": 0.166528478265
    },
    "erbbands_spread": {
        "mean": 62.9228439331,
        "var": 272.231567383
    },
    "hfc": {
        "mean": 22.8819618225,
        "var": 206.21522522
    },
    "melbands_crest": {
        "mean": 17.3329544067,
        "var": 34.2880516052
    },
    "melbands_flatness_db": {
        "mean": 0.24278844893,
        "var": 0.003708811244
    },
    "melbands_kurtosis": {
        "mean": 46.5703430176,
        "var": 1898.81445313
    },
    "melbands_skewness": {
        "mean": 5.19327306747,
        "var": 5.35125350952
    },
    "melbands_spread": {
        "mean": 10.7860765457,
        "var": 62.8809242249
    },
    "pitch_salience": {
        "mean": 0.547261059284,
        "var": 0.012852258049
    },
    "silence_rate_20dB": {
        "mean": 1,
        "var": 0
    },
    "silence_rate_30dB": {
        "mean": 0.808444917202,
        "var": 0.154861107469
    },
    "silence_rate_60dB": {
        "mean": 0.00102986616548,
        "var": 0.00102881784551
    },
    "spectral_centroid": {
        "mean": 1059.20727539,
        "var": 147239.40625
    },
    "spectral_complexity": {
        "mean": 21.1235847473,
        "var": 59.3699073792
    },
    "spectral_decrease": {
        "mean": -1.88014315228e-008,
        "var": 3.09513303405e-016
    },
    "spectral_energy": {
        "mean": 0.0730363801122,
        "var": 0.00447606062517
    },
    "spectral_energyband_high": {
        "mean": 0.00101115973666,
        "var": 8.29971213534e-007
    },
    "spectral_energyband_low": {
        "mean": 0.0525980852544,
        "var": 0.00425181956962
    },
    "spectral_energyband_middle_high": {
        "mean": 0.00353037216701,
        "var": 1.37395663842e-005
    },
    "spectral_energyband_middle_low": {
        "mean": 0.0186011120677,
        "var": 0.000141105178045
    },
    "spectral_entropy": {
        "mean": 7.7311425209,
        "var": 0.0627926811576
    },
    "spectral_flux": {
        "mean": 0.143939882517,
        "var": 0.00859493762255
    },
    "spectral_kurtosis": {
        "mean": 3.14849472046,
        "var": 1.01112353802
    },
    "spectral_rms": {
        "mean": 0.00784592330456,
        "var": 9.69654684013e-006
    },
    "spectral_rolloff": {
        "mean": 562.14654541,
        "var": 546028.8125
    },
    "spectral_skewness": {
        "mean": 1.35661673546,
        "var": 0.0469942875206
    },
    "spectral_spread": {
        "mean": 5315139.5,
        "var": 2.85226696704e+012
    },
    "spectral_strongpeak": {
        "mean": 0.58000099659,
        "var": 0.25196403265
    },
    "zerocrossingrate": {
        "mean": 0.0440700240433,
        "var": 0.000747099053115
    },
    "barkbands": {
        "mean": [0.00584386568516, 0.0281990449876, 0.0159373655915, 0.00606286432594, 0.0063978661783, 0.00229911645874, 0.000735887850169, 0.00145378161687, 0.00152066454757, 0.000442318705609, 0.00045236418373, 0.000436778354924, 0.000327929563355, 0.000423255580245, 0.000332037132466, 0.000182751318789, 0.000267073046416, 0.000291850941721, 0.000315685581882, 0.000238486129092, 0.000296288577374, 0.000123929101392, 8.35921528051e-005, 9.00242957869e-005, 0.000145361569594, 0.000129462059704, 6.81296251059e-006],
        "var": [0.000208918223507, 0.00210844748653, 0.000256366300164, 2.84464422293e-005, 3.71381793229e-005, 4.80821972815e-006, 1.48643459852e-006, 8.27490748634e-006, 8.3284385255e-006, 8.44818487167e-007, 1.0078433661e-006, 4.51101925592e-007, 7.03445039107e-007, 5.01878901105e-007, 3.44332278246e-007, 4.92957035192e-008, 9.92350521756e-008, 4.10410621043e-008, 1.56735026735e-007, 1.9507904625e-008, 2.65814605882e-008, 1.50180969882e-008, 9.4157952546e-009, 1.34904141191e-008, 6.04398522341e-008, 6.2105833365e-008, 1.68366931508e-010]
    },
    "erbbands": {
        "mean": [1.32239842415, 4.53281545639, 16.2191352844, 20.8574008942, 16.6691608429, 24.7817211151, 24.2136383057, 15.867972374, 12.0906858444, 11.2718448639, 46.0386886597, 34.6977272034, 14.4896364212, 15.0227947235, 17.6805591583, 18.6176795959, 15.9099168777, 18.3347206116, 22.4866352081, 12.6949234009, 10.9813766479, 14.81914711, 16.3800754547, 14.9213476181, 15.1837358475, 11.7209854126, 12.859462738, 9.54940986633, 5.01350021362, 2.9462647438, 2.38780760765, 1.89342272282, 1.49787652493, 1.34095919132, 1.19590938091, 0.663992881775, 0.21343614161, 0.033984683454, 0.000812227255665, 0.000106112558569],
        "var": [6.89748191833, 32.9578781128, 261.042572021, 302.019348145, 149.594314575, 891.282714844, 638.730773926, 313.498260498, 452.920837402, 210.453872681, 8707.74707031, 3771.98632813, 858.749084473, 632.763122559, 1328.1529541, 1034.94067383, 1379.87072754, 788.813781738, 1561.1541748, 279.710510254, 197.306289673, 285.826599121, 147.459182739, 73.5239868164, 510.943817139, 45.6621780396, 48.1072616577, 32.8487930298, 22.6881427765, 11.1090888977, 7.79590892792, 6.00338315964, 4.04939174652, 4.11702203751, 4.95004940033, 1.69558656216, 0.177759543061, 0.00372374779545, 1.93897358258e-006, 8.22357115737e-009]
    },
    "gfcc": {
        "mean": [44.9757270813, 92.4806747437, -87.9851531982, 50.0757522583, -44.4299697876, 12.4295921326, -30.939414978, 12.2166614532, -30.8951129913, 8.78157520294, -22.0763969421, -0.854568600655, -12.4271259308],
        "cov": [[2212.6015625, -536.886230469, 165.181640625, -331.018615723, -152.347091675, 216.918197632, -130.854644775, 171.65586853, -22.230424881, 119.183517456, -104.496368408, 105.85484314, -109.606918335], [-536.886230469, 732.565185547, -279.636047363, 205.72845459, 57.5580978394, -139.838867188, 134.077072144, -120.781944275, 76.8385238647, -96.1221008301, 72.9418334961, -117.407516479, 98.5062713623], [165.181640625, -279.636047363, 411.284057617, -1.9063719511, 103.262832642, 91.9081115723, 15.1109380722, 100.132095337, -7.88248300552, 66.3491134644, -28.5598926544, 73.3644332886, -23.2204303741], [-331.018615723, 205.72845459, -1.9063719511, 214.407775879, 100.182182312, -33.950668335, 66.2434463501, -40.0272216797, 30.0911846161, -28.4465484619, 50.8626480103, -28.46484375, 45.2684822083], [-152.347091675, 57.5580978394, 103.262832642, 100.182182312, 141.64453125, 6.92574596405, 61.9987335205, 5.64803981781, 25.3723716736, 20.5677852631, 17.7823600769, 10.99223423, 23.9125270844], [216.918197632, -139.838867188, 91.9081115723, -33.950668335, 6.92574596405, 107.80116272, 3.39877843857, 53.1810951233, 6.53542613983, 23.8504962921, -7.60259723663, 24.7569465637, -10.920343399], [-130.854644775, 134.077072144, 15.1109380722, 66.2434463501, 61.9987335205, 3.39877843857, 114.920700073, 15.6276311874, 29.8008594513, -8.77544212341, 27.2927055359, -0.528705656528, 26.0157279968], [171.65586853, -120.781944275, 100.132095337, -40.0272216797, 5.64803981781, 53.1810951233, 15.6276311874, 95.2651596069, 25.9345474243, 37.7699661255, -19.4676914215, 17.9826526642, -9.6213092804], [-22.230424881, 76.8385238647, -7.88248300552, 30.0911846161, 25.3723716736, 6.53542613983, 29.8008594513, 25.9345474243, 80.5866317749, 22.8566055298, 7.91838598251, -20.3572864532, 16.9664344788], [119.183517456, -96.1221008301, 66.3491134644, -28.4465484619, 20.5677852631, 23.8504962921, -8.77544212341, 37.7699661255, 22.8566055298, 62.9749145508, -0.671879649162, 25.2054843903, -6.48841714859], [-104.496368408, 72.9418334961, -28.5598926544, 50.8626480103, 17.7823600769, -7.60259723663, 27.2927055359, -19.4676914215, 7.91838598251, -0.671879649162, 56.3219451904, 11.5479125977, 22.4353065491], [105.85484314, -117.407516479, 73.3644332886, -28.46484375, 10.99223423, 24.7569465637, -0.528705656528, 17.9826526642, -20.3572864532, 25.2054843903, 11.5479125977, 71.5137329102, 6.98072910309], [-109.606918335, 98.5062713623, -23.2204303741, 45.2684822083, 23.9125270844, -10.920343399, 26.0157279968, -9.6213092804, 16.9664344788, -6.48841714859, 22.4353065491, 6.98072910309, 59.5017051697]],
        "icov": [[0.000863233697601, -0.000729666033294, 0.000207266028156, 8.75790647115e-006, 0.000713110726792, -0.00162982183974, 0.000782430928666, -0.00079780066153, 0.000283864530502, -0.00119558954611, 0.00134875008371, -0.00186776404735, 0.00131479592528], [-0.000729666033294, 0.00823002215475, 0.000739904702641, 0.000823409587611, -0.00161578168627, 0.00536430021748, -0.00674188416451, 0.0053237346001, -0.00428228313103, 0.00472903251648, -0.00433324091136, 0.00972231011838, -0.00763435708359], [0.000207266028156, 0.000739904702641, 0.00670885154977, -0.00186174013652, -0.00434307334945, -0.00173020991497, 0.000688692147378, -0.00454751541838, 0.0018691602163, -0.00102749583311, 0.00347985001281, -0.00417461805046, 0.00211545475759], [8.75790647115e-006, 0.000823409587611, -0.00186174013652, 0.0145603083074, -0.00878394953907, 0.00237468443811, 0.000329788977979, 0.00167557864916, -0.00302777648903, 0.00834621302783, -0.0110544515774, 0.0075253569521, -0.00399958901107], [0.000713110726792, -0.00161578168627, -0.00434307334945, -0.00878394953907, 0.0220227185637, -0.00269167427905, -0.00732350349426, 0.00608586054295, 0.000823524780571, -0.0130300829187, 0.00807005167007, -0.00321385380812, -0.000503414252307], [-0.00162982183974, 0.00536430021748, -0.00173020991497, 0.00237468443811, -0.00269167427905, 0.0194934885949, -0.00368721131235, -0.00240468955599, -0.0039360797964, 0.00697682471946, -0.0073884120211, 0.00623955065385, -0.00454520666972], [0.000782430928666, -0.00674188416451, 0.000688692147378, 0.000329788977979, -0.00732350349426, -0.00368721131235, 0.0231552422047, -0.0128406621516, -0.000583760149311, 0.0070284716785, -0.00395883014426, -0.00961291510612, 0.00623989710584], [-0.00079780066153, 0.0053237346001, -0.00454751541838, 0.00167557864916, 0.00608586054295, -0.00240468955599, -0.0128406621516, 0.0314341783524, -0.00909390393645, -0.00649695750326, 0.00499319890514, 0.00666109425947, -0.00630217511207], [0.000283864530502, -0.00428228313103, 0.0018691602163, -0.00302777648903, 0.000823524780571, -0.0039360797964, -0.000583760149311, -0.00909390393645, 0.0281958784908, -0.0171575713903, 0.00168388488237, 0.0070391879417, -0.00299486517906], [-0.00119558954611, 0.00472903251648, -0.00102749583311, 0.00834621302783, -0.0130300829187, 0.00697682471946, 0.0070284716785, -0.00649695750326, -0.0171575713903, 0.044118270278, -0.01376686804, -0.00311284628697, 0.000870602962095], [0.00134875008371, -0.00433324091136, 0.00347985001281, -0.0110544515774, 0.00807005167007, -0.0073884120211, -0.00395883014426, 0.00499319890514, 0.00168388488237, -0.01376686804, 0.040132433176, -0.0184326320887, 0.00241462537088], [-0.00186776404735, 0.00972231011838, -0.00417461805046, 0.0075253569521, -0.00321385380812, 0.00623955065385, -0.00961291510612, 0.00666109425947, 0.0070391879417, -0.00311284628697, -0.0184326320887, 0.0445857346058, -0.0198009107262], [0.00131479592528, -0.00763435708359, 0.00211545475759, -0.00399958901107, -0.000503414252307, -0.00454520666972, 0.00623989710584, -0.00630217511207, -0.00299486517906, 0.000870602962095, 0.00241462537088, -0.0198009107262, 0.0337177701294]]
    },
    "melbands": {
        "mean": [0.00960615184158, 0.00747471721843, 0.00355170248076, 0.00147775711957, 0.000918693083804, 0.000368468376109, 0.000178238813533, 0.000134697766043, 0.000420649041189, 0.000187476325664, 6.70411463943e-005, 5.90889358136e-005, 6.42122176941e-005, 4.87095348944e-005, 3.68668734154e-005, 3.53018403985e-005, 3.46991837432e-005, 3.92591646232e-005, 2.30741734413e-005, 1.28313022287e-005, 1.26854647533e-005, 1.46841312016e-005, 1.71487663465e-005, 1.3231909179e-005, 1.1295922377e-005, 1.39486692206e-005, 7.32738135412e-006, 7.73573719925e-006, 7.77729019319e-006, 7.99756617198e-006, 4.51067580798e-006, 2.89767103823e-006, 2.04060256692e-006, 1.51020958583e-006, 1.38521545523e-006, 1.28027124902e-006, 1.09554105165e-006, 1.04927323719e-006, 1.00705722161e-006, 1.16118576443e-006],
        "var": [0.000310470059048, 4.95041640534e-005, 7.15304167898e-006, 1.83615725291e-006, 9.42540850701e-007, 1.50517905695e-007, 1.00836111017e-007, 4.1137838025e-008, 7.53081735638e-007, 1.111920227e-007, 2.18566764687e-008, 1.04649862109e-008, 2.2450960202e-008, 5.24533394497e-009, 4.08446032552e-009, 9.72981162306e-009, 2.70290123616e-009, 5.49584688869e-009, 1.5805465825e-009, 1.83712656199e-010, 2.87056434178e-010, 3.95557891997e-010, 2.35263419857e-010, 8.24826040802e-011, 4.59738982994e-011, 7.30984328623e-010, 2.60053853451e-011, 2.2519829751e-011, 2.08366553178e-011, 2.12376782827e-011, 9.68848785921e-012, 8.70609227072e-012, 5.01596117072e-012, 3.29548888178e-012, 2.54211170343e-012, 3.1598814277e-012, 2.07182838594e-012, 2.0488723565e-012, 2.05107350375e-012, 3.34547190298e-012]
    },
    "mfcc": {
        "mean": [-606.918273926, 122.614356995, 15.3470239639, 45.2421798706, 10.1607666016, 10.9754285812, 10.3290472031, 0.970789015293, 5.37268590927, 1.67004108429, 1.31723940372, 1.10741877556, -7.14702177048],
        "cov": [[1401.30566406, -209.346923828, 76.913230896, -398.070648193, -41.7028388977, -51.7823600769, -81.8986053467, 23.53855896, 4.03726911545, 34.8228340149, 50.8751869202, -4.63712930679, 24.290802002], [-209.346923828, 385.716888428, -129.736358643, 165.310089111, -49.0212898254, 22.4133739471, 12.1003398895, -8.1482963562, 26.7705574036, 1.23601484299, -14.1965055466, 13.8412971497, -26.9402770996], [76.913230896, -129.736358643, 210.12298584, -36.0419082642, 65.6731567383, 10.624423027, 35.0070953369, 40.4594993591, 25.5490951538, 13.573759079, 17.2133617401, 4.74633073807, 27.9969997406], [-398.070648193, 165.310089111, -36.0419082642, 264.604797363, 38.9374694824, 51.4423484802, 44.1958694458, 4.20824670792, 17.2722702026, -1.82636606693, -10.5890188217, 17.3367500305, 0.220345944166], [-41.7028388977, -49.0212898254, 65.6731567383, 38.9374694824, 93.8619384766, 31.5444717407, 18.2793807983, 5.12702941895, 19.5858631134, 17.3324737549, 10.9056529999, 6.16476535797, 6.73518562317], [-51.7823600769, 22.4133739471, 10.624423027, 51.4423484802, 31.5444717407, 64.1588592529, 28.967880249, 15.3925161362, 7.04844141006, 1.00357580185, 5.50072860718, 6.68675136566, 11.4815702438], [-81.8986053467, 12.1003398895, 35.0070953369, 44.1958694458, 18.2793807983, 28.967880249, 73.7128829956, 32.8381195068, 15.9536113739, -7.00548553467, -0.520649969578, 9.18992805481, 16.1580104828], [23.53855896, -8.1482963562, 40.4594993591, 4.20824670792, 5.12702941895, 15.3925161362, 32.8381195068, 57.4595985413, 27.6843643188, 7.99714422226, 7.73846149445, 8.72144985199, 14.9604005814], [4.03726911545, 26.7705574036, 25.5490951538, 17.2722702026, 19.5858631134, 7.04844141006, 15.9536113739, 27.6843643188, 70.9620132446, 32.6157646179, 15.244348526, 14.3111047745, 2.1541261673], [34.8228340149, 1.23601484299, 13.573759079, -1.82636606693, 17.3324737549, 1.00357580185, -7.00548553467, 7.99714422226, 32.6157646179, 57.2758178711, 27.0296020508, 8.84905815125, -3.20836830139], [50.8751869202, -14.1965055466, 17.2133617401, -10.5890188217, 10.9056529999, 5.50072860718, -0.520649969578, 7.73846149445, 15.244348526, 27.0296020508, 42.634098053, 16.2525463104, 5.96582841873], [-4.63712930679, 13.8412971497, 4.74633073807, 17.3367500305, 6.16476535797, 6.68675136566, 9.18992805481, 8.72144985199, 14.3111047745, 8.84905815125, 16.2525463104, 41.2303161621, 15.8719205856], [24.290802002, -26.9402770996, 27.9969997406, 0.220345944166, 6.73518562317, 11.4815702438, 16.1580104828, 14.9604005814, 2.1541261673, -3.20836830139, 5.96582841873, 15.8719205856, 44.7864379883]],
        "icov": [[0.00140495563392, -0.000398020754801, -7.900660421e-005, 0.00228693871759, -0.000332859257469, -0.000467461795779, 0.00112927565351, -0.000916206336115, -1.31598824282e-006, -8.57146806084e-005, -0.00072421785444, 2.40433764702e-005, -0.000812890124507], [-0.000398020754801, 0.00582153536379, 0.0014993220102, -0.00391251826659, 0.00462082028389, -0.00192554935347, -0.0006401448627, 0.00162837759126, -0.00320745399222, -0.000368282926502, 0.00113691051956, -0.00142830691766, 0.00276805157773], [-7.900660421e-005, 0.0014993220102, 0.00937410257757, 0.00095564807998, -0.00613470189273, 0.00272533879615, -0.00237508164719, -0.00432980339974, -0.000762209296227, 0.000606766319834, -0.00133400282357, 0.00163209345192, -0.00271341204643], [0.00228693871759, -0.00391251826659, 0.00095564807998, 0.011297675781, -0.00537504581735, -0.00237790169194, -0.000873971090186, -0.00123137736227, 0.000953569484409, -0.000294184632367, 0.000995634589344, -0.00164369994309, -0.0017193184467], [-0.000332859257469, 0.00462082028389, -0.00613470189273, -0.00537504581735, 0.02407698147, -0.0100949937478, -0.000726236088667, 0.00875322893262, -0.00525891594589, -0.00421624304727, 0.00120819965377, -0.00132425792981, 0.00338600482792], [-0.000467461795779, -0.00192554935347, 0.00272533879615, -0.00237790169194, -0.0100949937478, 0.0266246926039, -0.00562392733991, -0.00550522981212, 0.00371697195806, 0.00157995894551, -0.0044436166063, 0.00273624388501, -0.00447957450524], [0.00112927565351, -0.0006401448627, -0.00237508164719, -0.000873971090186, -0.000726236088667, -0.00562392733991, 0.0254958085716, -0.0108726751059, -0.00192638183944, 0.0058726221323, 8.9635126642e-005, -0.000976123439614, -0.00267667300068], [-0.000916206336115, 0.00162837759126, -0.00432980339974, -0.00123137736227, 0.00875322893262, -0.00550522981212, -0.0108726751059, 0.0341617055237, -0.010888941586, -0.00123790942598, 0.000214167448576, 0.000215075589949, -0.00287425494753], [-1.31598824282e-006, -0.00320745399222, -0.000762209296227, 0.000953569484409, -0.00525891594589, 0.00371697195806, -0.00192638183944, -0.010888941586, 0.0273473430425, -0.0126141505316, 0.00201479974203, -0.00461641326547, 0.00186206318904], [-8.57146806084e-005, -0.000368282926502, 0.000606766319834, -0.000294184632367, -0.00421624304727, 0.00157995894551, 0.0058726221323, -0.00123790942598, -0.0126141505316, 0.0350321643054, -0.018193397671, 0.00251825153828, 0.00261824508198], [-0.00072421785444, 0.00113691051956, -0.00133400282357, 0.000995634589344, 0.00120819965377, -0.0044436166063, 8.9635126642e-005, 0.000214167448576, 0.00201479974203, -0.018193397671, 0.0416647978127, -0.0137319145724, 0.000675531977322], [2.40433764702e-005, -0.00142830691766, 0.00163209345192, -0.00164369994309, -0.00132425792981, 0.00273624388501, -0.000976123439614, 0.000215075589949, -0.00461641326547, 0.00251825153828, -0.0137319145724, 0.036583326757, -0.0128395743668], [-0.000812890124507, 0.00276805157773, -0.00271341204643, -0.0017193184467, 0.00338600482792, -0.00447957450524, -0.00267667300068, -0.00287425494753, 0.00186206318904, 0.00261824508198, 0.000675531977322, -0.0128395743668, 0.0332620479167]]
    },
    "spectral_contrast_coeffs": {
        "mean": [-0.634808659554, -0.747147917747, -0.801214694977, -0.818849146366, -0.817463040352, -0.7383685112],
        "var": [0.0046621975489, 0.00368722039275, 0.00203146808781, 0.00106242171023, 0.0004768135841, 0.00104835559614]
    },
    "spectral_contrast_valleys": {
        "mean": [-6.16146802902, -6.33652114868, -7.04611825943, -7.30273246765, -6.93491363525, -9.76798820496],
        "var": [0.46345898509, 0.424122899771, 0.399564415216, 0.360941708088, 0.301129341125, 0.610223114491]
    }
},
"metadata": {
    "audio_properties": {
        "analysis_sample_rate": 44100,
        "bit_rate": 128074,
        "equal_loudness": 0,
        "length": 45.0612258911,
        "lossless": 0,
        "replay_gain": -5.85423660278,
        "sample_rate": 44100,
        "codec": "mp3",
        "downmix": "mix",
        "md5_encoded": "3b08af5b2d2b2d0b7acebef033fd1138"
    },
    "tags": {
        "file_name": "1947.mp3"
    },
    "version": {
        "essentia": "2.1-beta2",
        "essentia_git_sha": "v2.1_beta2",
        "extractor": "music 1.0"
    }
},
"rhythm": {
    "beats_count": 114,
    "beats_loudness": {
        "mean": 0.0787788331509,
        "var": 0.00220682565123
    },
    "bpm": 153.011062622,
    "bpm_histogram_first_peak_bpm": {
        "mean": 152,
        "var": 0
    },
    "bpm_histogram_first_peak_spread": {
        "mean": 0.274193555117,
        "var": 0
    },
    "bpm_histogram_first_peak_weight": {
        "mean": 0.398230075836,
        "var": 0
    },
    "bpm_histogram_second_peak_bpm": {
        "mean": 157,
        "var": 0
    },
    "bpm_histogram_second_peak_spread": {
        "mean": 0.173913046718,
        "var": 0
    },
    "bpm_histogram_second_peak_weight": {
        "mean": 0.336283177137,
        "var": 0
    },
    "danceability": 1.60466122627,
    "onset_rate": 4.39204120636,
    "beats_loudness_band_ratio": {
        "mean": [0.675089359283, 0.154813766479, 0.0784699842334, 0.0452188290656, 0.030484540388, 0.0379096344113],
        "var": [0.0553774572909, 0.015257707797, 0.00520948553458, 0.00287300045602, 0.00075997877866, 0.000846373208333]
    },
    "beats_position": [0.325079351664, 0.696598649025, 1.06811785698, 1.45124709606, 1.83437633514, 2.20589566231, 2.57741498947, 2.96054410934, 3.36689329147, 3.75002264977, 4.13315200806, 4.52789115906, 4.91102027893, 5.2941493988, 5.67727899551, 6.06040811539, 6.45514726639, 6.84988641739, 7.24462556839, 7.65097475052, 8.03410434723, 8.4172334671, 8.80036258698, 9.17188167572, 9.55501079559, 9.93814086914, 10.3328800201, 10.7276191711, 11.1223583221, 11.505487442, 11.8886165619, 12.2601356506, 12.6432647705, 13.0263938904, 13.4211339951, 13.8042631149, 14.1873922348, 14.5821313858, 14.9768705368, 15.3599996567, 15.7431287766, 16.1378688812, 16.5326080322, 16.9273471832, 17.3104763031, 17.693605423, 18.088344574, 18.4598636627, 18.8546028137, 19.2493419647, 19.6440811157, 20.0388202667, 20.4335594177, 20.8282985687, 21.2230377197, 21.6177768707, 22.0125160217, 22.4072551727, 22.8019943237, 23.1967334747, 23.5798625946, 23.9629936218, 24.3345127106, 24.7176418304, 25.1007709503, 25.4955101013, 25.8902492523, 26.2733783722, 26.6565074921, 27.0396366119, 27.4227657318, 27.8291149139, 28.2354640961, 28.6418132782, 29.0481624603, 29.4429016113, 29.8492507935, 30.2439899445, 30.6271190643, 31.0334682465, 31.4398174286, 31.8345565796, 32.2409057617, 32.6472549438, 33.0419960022, 33.4367332458, 33.8314743042, 34.2146034241, 34.5977325439, 34.9924697876, 35.3988189697, 35.8051681519, 36.1999092102, 36.5946464539, 36.9893875122, 37.3841247559, 37.7788658142, 38.1736030579, 38.5567321777, 38.9398651123, 39.334602356, 39.7293434143, 40.1124725342, 40.5072097778, 40.91355896, 41.3083000183, 41.7262573242, 42.1442184448, 42.5621757507, 42.9801368713, 43.3864860535, 43.7928352356, 44.1991844177, 44.6171417236]
},
"tonal": {
    "chords_changes_rate": 0.0751028805971,
    "chords_number_rate": 0.00925925932825,
    "chords_strength": {
        "mean": 0.484514862299,
        "var": 0.00548964366317
    },
    "hpcp_entropy": {
        "mean": 2.42135882378,
        "var": 0.585273206234
    },
    "key_strength": 0.673605978489,
    "tuning_diatonic_strength": 0.525199711323,
    "tuning_equal_tempered_deviation": 0.234035670757,
    "tuning_frequency": 434.193115234,
    "tuning_nontempered_energy_ratio": 0.87940955162,
    "hpcp": {
        "mean": [0.269451469183, 0.299697041512, 0.188130766153, 0.100742161274, 0.0893953442574, 0.0839203670621, 0.0894607827067, 0.118331059813, 0.125767230988, 0.127600759268, 0.123427264392, 0.0864392444491, 0.063752643764, 0.0614516437054, 0.0646395385265, 0.0995016843081, 0.14913906157, 0.139785721898, 0.0885039791465, 0.0626754239202, 0.0681149512529, 0.107154160738, 0.147862613201, 0.214367866516, 0.253376126289, 0.133905097842, 0.0300415214151, 0.0278806760907, 0.0346843674779, 0.0678028836846, 0.14530223608, 0.168486043811, 0.125835031271, 0.108531303704, 0.121097363532, 0.169709458947],
        "var": [0.112075068057, 0.132763162255, 0.0706327781081, 0.0423263423145, 0.0436482205987, 0.0423571392894, 0.0363895818591, 0.0605645701289, 0.0579080805182, 0.0677641928196, 0.0709840729833, 0.0421478711069, 0.0194993391633, 0.0162866227329, 0.0162333007902, 0.0335614830256, 0.0745905265212, 0.0601824782789, 0.0303949862719, 0.0193885415792, 0.0213404297829, 0.0325294919312, 0.0557580813766, 0.0539174675941, 0.124589964747, 0.036198630929, 0.0081482687965, 0.00620952388272, 0.0100096771494, 0.0207480676472, 0.0690480098128, 0.0797745585442, 0.0487873367965, 0.0455405414104, 0.0535392910242, 0.0746939852834]
    },
    "chords_histogram": [23.8683128357, 5.76131677628, 0.308641970158, 12.448559761, 0, 2.05761313438, 0, 16.0493831635, 0, 2.88065838814, 1.95473253727, 0.205761313438, 0, 0, 0, 0, 0, 0, 0.308641970158, 0, 5.55555534363, 0, 28.1893005371, 0.411522626877],
    "thpcp": [1, 0.627736508846, 0.336146652699, 0.298285722733, 0.280017346144, 0.298504054546, 0.394835591316, 0.41964790225, 0.425765842199, 0.411840111017, 0.288422077894, 0.212723627687, 0.205045878887, 0.215682938695, 0.332007557154, 0.497632741928, 0.466423422098, 0.295311480761, 0.209129273891, 0.227279365063, 0.357541590929, 0.493373602629, 0.715281903744, 0.845440864563, 0.446801543236, 0.100239634514, 0.0930295363069, 0.115731433034, 0.22623808682, 0.484830409288, 0.562187850475, 0.41987413168, 0.362136721611, 0.404065936804, 0.566270053387, 0.899079501629],
    "chords_key": "D",
    "chords_scale": "minor",
    "key_key": "A",
    "key_scale": "minor"
}
}