{
"lowlevel": {
    "average_loudness": 0.869090437889,
    "barkbands_crest": {
        "mean": 9.97786998749,
        "var": 15.2294311523
    },
    "barkbands_flatness_db": {
        "mean": 0.179697781801,
        "var": 0.00316766486503
    },
    "barkbands_kurtosis": {
        "mean": 3.44531106949,
        "var": 20.7061309814
    },
    "barkbands_skewness": {
        "mean": 1.26231920719,
        "var": 0.513869166374
    },
    "barkbands_spread": {
        "mean": 10.4920768738,
        "var": 29.8763561249
    },
    "dissonance": {
        "mean": 0.452700644732,
        "var": 0.00148001231719
    },
    "dynamic_complexity": 7.92339992523,
    "erbbands_crest": {
        "mean": 9.82126426697,
        "var": 13.6592855453
    },
    "erbbands_flatness_db": {
        "mean": 0.209010049701,
        "var": 0.00147006090265
    },
    "erbbands_kurtosis": {
        "mean": 1.38233006001,
        "var": 3.59596967697
    },
    "erbbands_skewness": {
        "mean": 0.812591254711,
        "var": 0.243672698736
    },
    "erbbands_spread": {
        "mean": 20.3598899841,
        "var": 59.1214828491
    },
    "hfc": {
        "mean": 7.40244340897,
        "var": 121.355773926
    },
    "melbands_crest": {
        "mean": 12.6053628922,
        "var": 21.1470241547
    },
    "melbands_flatness_db": {
        "mean": 0.252646327019,
        "var": 0.00486196018755
    },
    "melbands_kurtosis": {
        "mean": 5.28130578995,
        "var": 36.3727912903
    },
    "melbands_skewness": {
        "mean": 1.55153310299,
        "var": 0.643493771553
    },
    "melbands_spread": {
        "mean": 13.9017648697,
        "var": 63.0124855042
    },
    "pitch_salience": {
        "mean": 0.594645440578,
        "var": 0.0125536136329
    },
    "silence_rate_20dB": {
        "mean": 1,
        "var": 0
    },
    "silence_rate_30dB": {
        "mean": 1,
        "var": 0
    },
    "silence_rate_60dB": {
        "mean": 0.448506683111,
        "var": 0.247349485755
    },
    "spectral_centroid": {
        "mean": 772.122558594,
        "var": 144331.546875
    },
    "spectral_complexity": {
        "mean": 9.59526252747,
        "var": 69.4890975952
    },
    "spectral_decrease": {
        "mean": -3.9797494189e-009,
        "var": 2.45286811803e-017
    },
    "spectral_energy": {
        "mean": 0.0156919173896,
        "var": 0.000383488251828
    },
    "spectral_energyband_high": {
        "mean": 6.29860442132e-005,
        "var": 1.70477036932e-007
    },
    "spectral_energyband_low": {
        "mean": 0.00286646769382,
        "var": 2.37295280385e-005
    },
    "spectral_energyband_middle_high": {
        "mean": 0.00154426624067,
        "var": 6.53132519801e-006
    },
    "spectral_energyband_middle_low": {
        "mean": 0.0116945067421,
        "var": 0.000260642671492
    },
    "spectral_entropy": {
        "mean": 7.0146856308,
        "var": 0.18367831409
    },
    "spectral_flux": {
        "mean": 0.0500342398882,
        "var": 0.00196219771169
    },
    "spectral_kurtosis": {
        "mean": 11.8963880539,
        "var": 52.537815094
    },
    "spectral_rms": {
        "mean": 0.00305249309167,
        "var": 5.99145960223e-006
    },
    "spectral_rolloff": {
        "mean": 866.152832031,
        "var": 380052.5625
    },
    "spectral_skewness": {
        "mean": 2.43570375443,
        "var": 0.516436040401
    },
    "spectral_spread": {
        "mean": 2688861.25,
        "var": 1.42727983923e+012
    },
    "spectral_strongpeak": {
        "mean": 0.529050469398,
        "var": 0.459649562836
    },
    "zerocrossingrate": {
        "mean": 0.0344429351389,
        "var": 0.000392897112761
    },
    "barkbands": {
        "mean": [2.68542389676e-005, 0.0014128749026, 0.00110471213702, 0.0007282429724, 0.00329368258826, 0.00152584945317, 0.00274657388218, 0.00118576188106, 0.00191141327377, 0.000659240351524, 0.000233670274611, 0.000236357780523, 0.000141092255944, 8.45487302286e-005, 0.000101976598671, 9.62195699685e-005, 5.47944255231e-005, 5.25381728949e-005, 2.46022627834e-005, 1.96007131308e-005, 1.43962224683e-005, 9.16430599318e-006, 9.00370014278e-006, 1.29106292661e-005, 4.79893560623e-006, 9.88292072179e-007, 6.00082472602e-008],
        "var": [3.25432569781e-009, 1.04863120214e-005, 3.91018375012e-006, 2.05725018532e-006, 2.89684412564e-005, 7.03516525391e-006, 3.37312667398e-005, 7.84479470894e-006, 1.16629462354e-005, 1.60666115789e-006, 1.87028831533e-007, 2.14465174508e-007, 5.47652625471e-008, 3.14954178293e-008, 1.66878038499e-007, 4.36032259188e-008, 1.35433406712e-008, 1.43956802034e-008, 4.8569348543e-009, 6.93255763906e-009, 4.51198056695e-009, 4.28920055029e-009, 4.94255125716e-009, 1.44853951056e-008, 1.81593373672e-009, 7.21222595534e-011, 2.28004925053e-013]
    },
    "erbbands": {
        "mean": [0.0197569672018, 0.39004534483, 1.204870224, 2.02309942245, 5.54790830612, 14.0205698013, 12.2022418976, 12.0902042389, 36.4876823425, 34.2075309753, 24.1943016052, 46.66979599, 28.9407234192, 15.5291929245, 9.80141067505, 8.24470901489, 6.03879594803, 5.22280073166, 4.57446861267, 5.50530099869, 5.1347079277, 3.09590768814, 3.1023068428, 1.77213323116, 1.041857481, 0.909502923489, 0.815945386887, 0.427202820778, 0.305940032005, 0.323680728674, 0.256994724274, 0.208786815405, 0.237935870886, 0.0863364115357, 0.0208469554782, 0.00562950735912, 0.00155805808026, 0.000283132074401, 1.43914949149e-005, 1.80249171535e-005],
        "var": [0.00222821021453, 0.759435474873, 4.43978214264, 12.2927322388, 79.4081802368, 680.048339844, 663.571838379, 380.995147705, 6225.23828125, 5131.2421875, 2215.8125, 7747.31884766, 2697.33081055, 892.473205566, 297.420288086, 249.00112915, 111.0884552, 87.0552902222, 113.09539032, 424.585723877, 120.173156738, 40.3961830139, 51.0863609314, 21.6582260132, 8.99012470245, 13.4112462997, 14.6177988052, 5.2965130806, 4.43854761124, 6.18234682083, 3.99894571304, 3.28162336349, 5.23741960526, 0.590674817562, 0.0352483801544, 0.00235683377832, 0.000177758367499, 5.46573937754e-006, 3.31858585056e-009, 5.17194287397e-010]
    },
    "gfcc": {
        "mean": [-122.739234924, 143.457260132, -124.416099548, 8.79979991913, -60.7776565552, -0.527094364166, -37.8184432983, 9.28705310822, -18.1313362122, -10.18288517, -13.3489704132, -10.6894445419, -9.51746749878],
        "cov": [[7431.24316406, 1504.63464355, 86.7430038452, -403.689910889, -235.044128418, -443.332763672, 41.010181427, -408.565734863, 166.610366821, -104.305236816, 94.087852478, 84.7994613647, 294.270172119], [1504.63464355, 1137.80163574, 441.249053955, -90.8389816284, 161.153121948, -135.808990479, 150.380584717, -152.649307251, 115.059677124, -83.2013244629, 139.564163208, 31.7419471741, 146.820053101], [86.7430038452, 441.249053955, 394.564849854, 74.9636764526, 117.306007385, 18.765586853, 83.5126419067, -27.6684513092, 58.0568695068, -24.082244873, 86.7125778198, 33.8652687073, 61.4368858337], [-403.689910889, -90.8389816284, 74.9636764526, 184.698272705, 82.8495254517, 84.0420227051, 35.6937484741, 63.6715011597, 7.90854740143, 31.9996814728, 13.0488576889, 26.6488437653, -4.95194768906], [-235.044128418, 161.153121948, 117.306007385, 82.8495254517, 155.917922974, 63.9365196228, 85.9743881226, 27.9314537048, 22.8350162506, 21.3034591675, 31.8252067566, 16.1280937195, 15.0603151321], [-443.332763672, -135.808990479, 18.765586853, 84.0420227051, 63.9365196228, 180.391815186, 76.3460617065, 74.8113174438, -9.6336183548, 41.4595603943, 1.3970874548, 14.1991949081, -14.8542060852], [41.010181427, 150.380584717, 83.5126419067, 35.6937484741, 85.9743881226, 76.3460617065, 133.916397095, 35.0365104675, 23.1540431976, 23.3962478638, 23.3597183228, 24.0454120636, 17.4800338745], [-408.565734863, -152.649307251, -27.6684513092, 63.6715011597, 27.9314537048, 74.8113174438, 35.0365104675, 95.0581283569, 10.3227100372, 32.6597747803, -6.07849931717, 7.37081289291, -23.1911811829], [166.610366821, 115.059677124, 58.0568695068, 7.90854740143, 22.8350162506, -9.6336183548, 23.1540431976, 10.3227100372, 63.9016571045, 12.8604030609, 24.6106052399, 5.27010011673, 8.33500003815], [-104.305236816, -83.2013244629, -24.082244873, 31.9996814728, 21.3034591675, 41.4595603943, 23.3962478638, 32.6597747803, 12.8604030609, 74.4585418701, 12.8975915909, 11.6842346191, -14.8015956879], [94.087852478, 139.564163208, 86.7125778198, 13.0488576889, 31.8252067566, 1.3970874548, 23.3597183228, -6.07849931717, 24.6106052399, 12.8975915909, 60.0421028137, 25.129781723, 20.2415943146], [84.7994613647, 31.7419471741, 33.8652687073, 26.6488437653, 16.1280937195, 14.1991949081, 24.0454120636, 7.37081289291, 5.27010011673, 11.6842346191, 25.129781723, 49.4472846985, 18.1469116211], [294.270172119, 146.820053101, 61.4368858337, -4.95194768906, 15.0603151321, -14.8542060852, 17.4800338745, -23.1911811829, 8.33500003815, -14.8015956879, 20.2415943146, 18.1469116211, 65.1637802124]],
        "icov": [[0.000406295846915, -0.00111970223952, 0.000822258705739, -0.000599355029408, 0.00156514300033, -0.000378606433515, 7.50322433305e-005, 0.000747671118006, -0.000600374303758, -0.000803758390248, 0.00110147951636, -0.000875982106663, -0.000538807769772], [-0.00111970223952, 0.0110921822488, -0.00509612541646, 0.00516868941486, -0.0093777095899, 0.00573724973947, -0.00831524189562, 0.00536619080231, -0.00438655214384, 0.00782292056829, -0.0101485969499, 0.00505105452612, -0.00303858658299], [0.000822258705739, -0.00509612541646, 0.00919059757143, -0.00538020348176, 0.00364083168097, -0.00332945445552, 0.0010046918178, 0.00255258288234, -0.00247824424878, 0.000931279966608, -0.00189158169087, -0.00134387018625, -0.000776102708187], [-0.000599355029408, 0.00516868941486, -0.00538020348176, 0.0142187159508, -0.00966629013419, 0.000658008968458, 0.00145683984738, -0.0039799218066, -0.000558092840947, 0.00132780207787, -0.000809328688774, -0.00298614054918, -0.000753150437959], [0.00156514300033, -0.0093777095899, 0.00364083168097, -0.00966629013419, 0.0235533956438, -0.00455414038152, -0.00190037721768, -0.000612335279584, 0.00175039866008, -0.00739992363378, 0.00554770836607, -0.000660199439153, 0.00025975544122], [-0.000378606433515, 0.00573724973947, -0.00332945445552, 0.000658008968458, -0.00455414038152, 0.0154762044549, -0.00997129734606, -0.00259496923536, 0.0031992807053, 0.000950034591369, -0.00498736044392, 0.0036345270928, -0.00135253963526], [7.50322433305e-005, -0.00831524189562, 0.0010046918178, 0.00145683984738, -0.00190037721768, -0.00997129734606, 0.0256094262004, -0.0107006439939, 0.00306978402659, -0.00744538381696, 0.0108523685485, -0.00843518041074, 0.00194213539362], [0.000747671118006, 0.00536619080231, 0.00255258288234, -0.0039799218066, -0.000612335279584, -0.00259496923536, -0.0107006439939, 0.0319275259972, -0.0142357805744, 0.00349778635427, -0.00322204828262, -0.000365147512639, -0.000674893963151], [-0.000600374303758, -0.00438655214384, -0.00247824424878, -0.000558092840947, 0.00175039866008, 0.0031992807053, 0.00306978402659, -0.0142357805744, 0.0301517471671, -0.00806314311922, -0.00199161865748, 0.00348171871156, 0.0032843966037], [-0.000803758390248, 0.00782292056829, 0.000931279966608, 0.00132780207787, -0.00739992363378, 0.000950034591369, -0.00744538381696, 0.00349778635427, -0.00806314311922, 0.0273288078606, -0.0153473429382, 0.00174103118479, 0.00191698467825], [0.00110147951636, -0.0101485969499, -0.00189158169087, -0.000809328688774, 0.00554770836607, -0.00498736044392, 0.0108523685485, -0.00322204828262, -0.00199161865748, -0.0153473429382, 0.0456019714475, -0.0184788927436, 0.000886182184331], [-0.000875982106663, 0.00505105452612, -0.00134387018625, -0.00298614054918, -0.000660199439153, 0.0036345270928, -0.00843518041074, -0.000365147512639, 0.00348171871156, 0.00174103118479, -0.0184788927436, 0.0357116796076, -0.00752564286813], [-0.000538807769772, -0.00303858658299, -0.000776102708187, -0.000753150437959, 0.00025975544122, -0.00135253963526, 0.00194213539362, -0.000674893963151, 0.0032843966037, 0.00191698467825, 0.000886182184331, -0.00752564286813, 0.026006128639]]
    },
    "melbands": {
        "mean": [0.000297206832329, 0.000627959670965, 0.000410297245253, 0.000767281162553, 0.000458603404695, 0.000286182621494, 0.000567937269807, 0.000354471674655, 0.000202115610591, 0.000294692930765, 0.000138245915878, 6.27511690254e-005, 3.12556294375e-005, 2.988038068e-005, 1.42718899951e-005, 1.32758259497e-005, 9.20004731597e-006, 6.72494525134e-006, 8.56801398186e-006, 6.68285929351e-006, 5.55484439246e-006, 3.17817034556e-006, 2.9592545161e-006, 2.41328893935e-006, 1.34522701956e-006, 8.25565166451e-007, 6.14891462192e-007, 6.14040459368e-007, 5.68233986087e-007, 3.4863526821e-007, 2.15944893966e-007, 1.70314962133e-007, 1.69848263454e-007, 1.8318326056e-007, 1.48195496763e-007, 1.29246600977e-007, 1.2340345279e-007, 1.74610036652e-007, 1.31836458195e-007, 5.48586207572e-008],
        "var": [4.83828159759e-007, 1.24302368931e-006, 4.39138659658e-007, 1.75003106051e-006, 7.20825823919e-007, 2.2279969869e-007, 1.49473555666e-006, 5.77379580591e-007, 1.51398651838e-007, 2.97507597224e-007, 6.63837909087e-008, 1.57164059544e-008, 3.08567371654e-009, 3.46383188798e-009, 7.91481769014e-010, 4.78706185802e-010, 2.99969021844e-010, 2.11288070373e-010, 1.75631098553e-009, 2.48506604184e-010, 1.44218081921e-010, 4.53895220021e-011, 4.33047139814e-011, 3.25040827587e-011, 1.39546117717e-011, 5.04035745433e-012, 4.98688590422e-012, 7.11370459067e-012, 7.5755643078e-012, 2.65493941935e-012, 1.78067803558e-012, 1.38396824383e-012, 1.65266281563e-012, 2.12469733647e-012, 1.38177609545e-012, 1.03444130432e-012, 1.26952398247e-012, 2.87632764828e-012, 1.56571674029e-012, 2.32288960202e-013]
    },
    "mfcc": {
        "mean": [-764.497314453, 175.120254517, -7.52607345581, 11.1184501648, -0.522066056728, -13.5850334167, -5.11614751816, 2.85042858124, -1.31401181221, 3.68414735794, -5.17673587799, 1.52642500401, -8.81779289246],
        "cov": [[6993.55371094, 1337.99621582, 26.105638504, -85.4066848755, -410.713195801, 9.23396968842, -365.269256592, -169.566009521, -51.6124076843, -237.486038208, -94.3446121216, -161.953475952, 216.161392212], [1337.99621582, 1183.61242676, 252.319839478, 110.216918945, 3.02919650078, 75.5581665039, -2.41285061836, 19.5212020874, -11.5082464218, -56.8097572327, -21.0763263702, -20.4415740967, 105.593017578], [26.105638504, 252.319839478, 264.487854004, 72.3139877319, 58.9545402527, 47.5545959473, 30.9807415009, 40.8400382996, 2.76190495491, -8.49725055695, 9.28908061981, 4.91679048538, 42.1891784668], [-85.4066848755, 110.216918945, 72.3139877319, 149.768707275, 65.0746383667, 32.1034240723, 30.6231060028, 29.2633018494, 14.804693222, 8.48570728302, 7.35641670227, 25.1124076843, 34.8549880981], [-410.713195801, 3.02919650078, 58.9545402527, 65.0746383667, 108.543190002, 31.4128799438, 44.773563385, 28.4857025146, 15.512169838, 24.6863155365, 8.61318778992, 25.2190914154, 3.40296912193], [9.23396968842, 75.5581665039, 47.5545959473, 32.1034240723, 31.4128799438, 112.275794983, 77.2247619629, 38.7718276978, 29.8779678345, 22.5386886597, 17.905790329, 16.4744205475, 23.9818191528], [-365.269256592, -2.41285061836, 30.9807415009, 30.6231060028, 44.773563385, 77.2247619629, 135.33744812, 59.6355552673, 44.224319458, 29.6585197449, 17.8849983215, 26.2697257996, 16.820274353], [-169.566009521, 19.5212020874, 40.8400382996, 29.2633018494, 28.4857025146, 38.7718276978, 59.6355552673, 83.4476852417, 33.0112304688, 15.5603208542, 13.2648363113, 18.1995449066, 20.7822856903], [-51.6124076843, -11.5082464218, 2.76190495491, 14.804693222, 15.512169838, 29.8779678345, 44.224319458, 33.0112304688, 62.4075088501, 24.1957931519, 14.463889122, 7.04022407532, 17.7776222229], [-237.486038208, -56.8097572327, -8.49725055695, 8.48570728302, 24.6863155365, 22.5386886597, 29.6585197449, 15.5603208542, 24.1957931519, 67.4904174805, 20.5355949402, 20.0023612976, -10.5456962585], [-94.3446121216, -21.0763263702, 9.28908061981, 7.35641670227, 8.61318778992, 17.905790329, 17.8849983215, 13.2648363113, 14.463889122, 20.5355949402, 59.9519348145, 22.2761917114, 13.6323404312], [-161.953475952, -20.4415740967, 4.91679048538, 25.1124076843, 25.2190914154, 16.4744205475, 26.2697257996, 18.1995449066, 7.04022407532, 20.0023612976, 22.2761917114, 55.9101753235, 16.9111423492], [216.161392212, 105.593017578, 42.1891784668, 34.8549880981, 3.40296912193, 23.9818191528, 16.820274353, 20.7822856903, 17.7776222229, -10.5456962585, 13.6323404312, 16.9111423492, 75.8273925781]],
        "icov": [[0.00035942424438, -0.000305720663164, 0.000136285481858, -6.25802886134e-006, 0.000981391407549, -0.000849238713272, 0.00109890534077, 0.000245235743932, -0.000545438437257, 0.000375154486392, 0.000261686072918, 0.000161836695042, -0.000661350728478], [-0.000305720663164, 0.00155799090862, -0.00110108463559, -0.000589571951423, -0.000170455343323, -0.000131938431878, -0.000573403725866, -1.46591100929e-005, 0.000811231788248, -7.79237088864e-005, 0.000366373016732, 0.000393390364479, -0.000588463793974], [0.000136285481858, -0.00110108463559, 0.00633015763015, -0.000570012198295, -0.00273867882788, -0.00118626654148, 0.000731097359676, -0.00210674363188, 0.00185608339962, 0.000768542988226, -0.00117985741235, 0.00212189345621, -0.00179125752766], [-6.25802886134e-006, -0.000589571951423, -0.000570012198295, 0.0109995212406, -0.00583131657913, -0.000235324259847, 0.000747074082028, -0.000662202422973, -0.000396341318265, 9.4373427828e-007, 0.000878152204677, -0.00189521501306, -0.00319032580592], [0.000981391407549, -0.000170455343323, -0.00273867882788, -0.00583131657913, 0.0195082481951, -0.00252652773634, 0.000461320538307, 0.000647779670544, -0.00210697902367, -0.00150933500845, 0.00217377603985, -0.00349597702734, 0.0019605490379], [-0.000849238713272, -0.000131938431878, -0.00118626654148, -0.000235324259847, -0.00252652773634, 0.0188964437693, -0.0110404063016, -0.000495465530548, 0.00100299133919, -0.00362023129128, -0.00225789053366, 0.000817755120806, -0.000420390453655], [0.00109890534077, -0.000573403725866, 0.000731097359676, 0.000747074082028, 0.000461320538307, -0.0110404063016, 0.0206446312368, -0.00524769537151, -0.00657591922209, 0.00150393822696, 0.00174618558958, -0.00255245203152, -0.000748313148506], [0.000245235743932, -1.46591100929e-005, -0.00210674363188, -0.000662202422973, 0.000647779670544, -0.000495465530548, -0.00524769537151, 0.0207414254546, -0.00641071563587, 0.000794901512563, 0.000326840818161, -0.00239632488228, -0.0015059132129], [-0.000545438437257, 0.000811231788248, 0.00185608339962, -0.000396341318265, -0.00210697902367, 0.00100299133919, -0.00657591922209, -0.00641071563587, 0.028929989785, -0.00888922251761, -0.00250017037615, 0.00708718365058, -0.00658223871142], [0.000375154486392, -7.79237088864e-005, 0.000768542988226, 9.4373427828e-007, -0.00150933500845, -0.00362023129128, 0.00150393822696, 0.000794901512563, -0.00888922251761, 0.0245490893722, -0.00441083498299, -0.00623708451167, 0.0069544701837], [0.000261686072918, 0.000366373016732, -0.00117985741235, 0.000878152204677, 0.00217377603985, -0.00225789053366, 0.00174618558958, 0.000326840818161, -0.00250017037615, -0.00441083498299, 0.0224296916276, -0.00664348807186, -0.00344182853587], [0.000161836695042, 0.000393390364479, 0.00212189345621, -0.00189521501306, -0.00349597702734, 0.000817755120806, -0.00255245203152, -0.00239632488228, 0.00708718365058, -0.00623708451167, -0.00664348807186, 0.0288755223155, -0.00797185953707], [-0.000661350728478, -0.000588463793974, -0.00179125752766, -0.00319032580592, 0.0019605490379, -0.000420390453655, -0.000748313148506, -0.0015059132129, -0.00658223871142, 0.0069544701837, -0.00344182853587, -0.00797185953707, 0.0238864794374]]
    },
    "spectral_contrast_coeffs": {
        "mean": [-0.632753789425, -0.771280050278, -0.762169659138, -0.809812963009, -0.814285814762, -0.776412129402],
        "var": [0.00987227447331, 0.00660596042871, 0.00266043632291, 0.00127374764998, 0.000562680186704, 0.000568084884435]
    },
    "spectral_contrast_valleys": {
        "mean": [-8.16348171234, -7.01426362991, -7.70286846161, -8.53238105774, -8.90214252472, -12.3555240631],
        "var": [1.74217438698, 1.64422130585, 1.3503510952, 1.0672494173, 0.787747383118, 1.0457354784]
    }
},
"metadata": {
    "audio_properties": {
        "analysis_sample_rate": 44100,
        "bit_rate": 128074,
        "equal_loudness": 0,
        "length": 45.0612258911,
        "lossless": 0,
        "replay_gain": -4.2542552948,
        "sample_rate": 44100,
        "codec": "mp3",
        "downmix": "mix",
        "md5_encoded": "643497714d8ab7ae6c8bc2bcb6348c22"
    },
    "tags": {
        "file_name": "1949.mp3"
    },
    "version": {
        "essentia": "2.1-beta2",
        "essentia_git_sha": "v2.1_beta2",
        "extractor": "music 1.0"
    }
},
"rhythm": {
    "beats_count": 53,
    "beats_loudness": {
        "mean": 0.0318085737526,
        "var": 0.000812653743196
    },
    "bpm": 71.0493087769,
    "bpm_histogram_first_peak_bpm": {
        "mean": 71,
        "var": 0
    },
    "bpm_histogram_first_peak_spread": {
        "mean": 0.115384578705,
        "var": 0
    },
    "bpm_histogram_first_peak_weight": {
        "mean": 0.884615421295,
        "var": 0
    },
    "bpm_histogram_second_peak_bpm": {
        "mean": 0,
        "var": 0
    },
    "bpm_histogram_second_peak_spread": {
        "mean": 0,
        "var": 0
    },
    "bpm_histogram_second_peak_weight": {
        "mean": 0,
        "var": 0
    },
    "danceability": 1.0173330307,
    "onset_rate": 1.26437556744,
    "beats_loudness_band_ratio": {
        "mean": [0.200003132224, 0.271045148373, 0.433647334576, 0.0948939174414, 0.0407741889358, 0.0074177053757],
        "var": [0.0208774823695, 0.0170189123601, 0.028346626088, 0.00272462330759, 0.0014097065432, 4.08421583415e-005]
    },
    "beats_position": [0.801088392735, 1.6137868166, 2.43809509277, 3.26240348816, 4.08671188354, 4.92263031006, 5.74693870544, 6.59446716309, 7.44199514389, 8.28952407837, 9.11383247375, 9.94974994659, 10.7856683731, 11.6331968307, 12.4691152573, 13.3050336838, 14.1409521103, 14.9884805679, 15.8360090256, 16.6835365295, 17.5310649872, 18.3785934448, 19.2261219025, 20.062040329, 20.9095687866, 21.7570972443, 22.616235733, 23.4753742218, 24.3345127106, 25.1936511993, 26.0527877808, 26.9003162384, 27.747844696, 28.5953731537, 29.4429016113, 30.2788200378, 31.1147384644, 31.962266922, 32.8214035034, 33.6689338684, 34.5048522949, 35.3523788452, 36.1999092102, 37.0474357605, 37.8949661255, 38.7541046143, 39.613243103, 40.4723815918, 41.3315200806, 42.1790466309, 43.0265769958, 43.8741035461, 44.7216300964]
},
"tonal": {
    "chords_changes_rate": 0.0545267499983,
    "chords_number_rate": 0.00925925932825,
    "chords_strength": {
        "mean": 0.458346813917,
        "var": 0.00995519012213
    },
    "hpcp_entropy": {
        "mean": 2.19983005524,
        "var": 0.429980278015
    },
    "key_strength": 0.481119126081,
    "tuning_diatonic_strength": 0.405189275742,
    "tuning_equal_tempered_deviation": 0.192489653826,
    "tuning_frequency": 451.065460205,
    "tuning_nontempered_energy_ratio": 0.838503360748,
    "hpcp": {
        "mean": [0.272643983364, 0.22296449542, 0.186460867524, 0.287344306707, 0.324912935495, 0.213419109583, 0.138372167945, 0.117233760655, 0.102064304054, 0.108676694334, 0.0921518206596, 0.0688836351037, 0.0765397250652, 0.102754898369, 0.102681577206, 0.0812636166811, 0.0729216188192, 0.0877341777086, 0.122657798231, 0.269527792931, 0.409057736397, 0.310768663883, 0.161195114255, 0.207695037127, 0.298712879419, 0.202680334449, 0.147239983082, 0.150349900126, 0.104902938008, 0.127822220325, 0.124285072088, 0.0728783160448, 0.0582369528711, 0.0893565863371, 0.131612971425, 0.205297499895],
        "var": [0.0809665247798, 0.0634578615427, 0.0618794970214, 0.0848971009254, 0.109298825264, 0.0559614449739, 0.0330725498497, 0.0337088145316, 0.0314336083829, 0.0247290469706, 0.0145805208012, 0.0131377317011, 0.0143821462989, 0.0260133538395, 0.0312711931765, 0.0371282808483, 0.0229553226382, 0.0332127176225, 0.0411292538047, 0.0846902281046, 0.149914801121, 0.0964104011655, 0.0301390644163, 0.0642374530435, 0.126210287213, 0.0545585118234, 0.0418440997601, 0.0442450530827, 0.0169075075537, 0.0311254858971, 0.0446182377636, 0.0183250568807, 0.0172988399863, 0.0332220718265, 0.0566852912307, 0.0732714757323]
    },
    "chords_histogram": [11.728395462, 0, 25.1028804779, 0, 21.8106994629, 0, 0, 2.36625504494, 0, 0, 0, 15.4320983887, 6.99588489532, 5.76131677628, 4.73251008987, 0, 0, 0, 0, 0, 0, 5.65843629837, 0, 0.411522626877],
    "thpcp": [1, 0.759718358517, 0.394064456224, 0.507740139961, 0.730246245861, 0.495480984449, 0.359949141741, 0.367551773787, 0.256450206041, 0.312479645014, 0.30383259058, 0.17816144228, 0.142368540168, 0.218444928527, 0.32174667716, 0.501879036427, 0.666517138481, 0.545068502426, 0.455830186605, 0.702454149723, 0.79429602623, 0.521733462811, 0.338270515203, 0.28659465909, 0.249510750175, 0.26567569375, 0.225278273225, 0.168395876884, 0.187112271786, 0.251199007034, 0.251019775867, 0.198660507798, 0.178267300129, 0.214478716254, 0.299854487181, 0.658899128437],
    "chords_key": "D#",
    "chords_scale": "minor",
    "key_key": "G#",
    "key_scale": "minor"
}
}