{
"lowlevel": {
    "average_loudness": 0.0114766219631,
    "barkbands_crest": {
        "mean": 14.1961231232,
        "var": 23.4045333862
    },
    "barkbands_flatness_db": {
        "mean": 0.272745519876,
        "var": 0.00282487296499
    },
    "barkbands_kurtosis": {
        "mean": 6.13300848007,
        "var": 157.054992676
    },
    "barkbands_skewness": {
        "mean": 1.24829041958,
        "var": 1.96313333511
    },
    "barkbands_spread": {
        "mean": 9.01628780365,
        "var": 44.062171936
    },
    "dissonance": {
        "mean": 0.379693776369,
        "var": 0.00286900019273
    },
    "dynamic_complexity": 6.1138420105,
    "erbbands_crest": {
        "mean": 15.9680786133,
        "var": 38.776763916
    },
    "erbbands_flatness_db": {
        "mean": 0.292091339827,
        "var": 0.00283123296686
    },
    "erbbands_kurtosis": {
        "mean": 2.50734162331,
        "var": 35.2502632141
    },
    "erbbands_skewness": {
        "mean": 0.725933670998,
        "var": 1.12746703625
    },
    "erbbands_spread": {
        "mean": 16.6195831299,
        "var": 68.0127334595
    },
    "hfc": {
        "mean": 5.95803356171,
        "var": 179.126281738
    },
    "melbands_crest": {
        "mean": 18.2720108032,
        "var": 39.7952156067
    },
    "melbands_flatness_db": {
        "mean": 0.338100939989,
        "var": 0.0032336646691
    },
    "melbands_kurtosis": {
        "mean": 7.67168855667,
        "var": 201.046813965
    },
    "melbands_skewness": {
        "mean": 1.53154301643,
        "var": 1.89005661011
    },
    "melbands_spread": {
        "mean": 13.5021457672,
        "var": 131.663085938
    },
    "pitch_salience": {
        "mean": 0.464716523886,
        "var": 0.0150932706892
    },
    "silence_rate_20dB": {
        "mean": 1,
        "var": 0
    },
    "silence_rate_30dB": {
        "mean": 0.982501268387,
        "var": 0.0171915981919
    },
    "silence_rate_60dB": {
        "mean": 0.536798775196,
        "var": 0.248648926616
    },
    "spectral_centroid": {
        "mean": 768.516540527,
        "var": 291619.625
    },
    "spectral_complexity": {
        "mean": 5.4791560173,
        "var": 6.18982791901
    },
    "spectral_decrease": {
        "mean": -2.581844738e-009,
        "var": 3.28456513673e-017
    },
    "spectral_energy": {
        "mean": 0.0102848615497,
        "var": 0.000519762048498
    },
    "spectral_energyband_high": {
        "mean": 3.74244245904e-006,
        "var": 7.0771805083e-011
    },
    "spectral_energyband_low": {
        "mean": 0.00026801333297,
        "var": 1.80457774945e-007
    },
    "spectral_energyband_middle_high": {
        "mean": 0.00277295499109,
        "var": 5.48606803932e-005
    },
    "spectral_energyband_middle_low": {
        "mean": 0.00801866874099,
        "var": 0.000394040864194
    },
    "spectral_entropy": {
        "mean": 6.02262067795,
        "var": 0.204734504223
    },
    "spectral_flux": {
        "mean": 0.0229447521269,
        "var": 0.000453830958577
    },
    "spectral_kurtosis": {
        "mean": 24.1262626648,
        "var": 172.983535767
    },
    "spectral_rms": {
        "mean": 0.00238459114917,
        "var": 4.34777984992e-006
    },
    "spectral_rolloff": {
        "mean": 980.852600098,
        "var": 963212.3125
    },
    "spectral_skewness": {
        "mean": 3.43470835686,
        "var": 0.936006247997
    },
    "spectral_spread": {
        "mean": 2209016.5,
        "var": 2.84043116544e+012
    },
    "spectral_strongpeak": {
        "mean": 1.01220333576,
        "var": 1.39801645279
    },
    "zerocrossingrate": {
        "mean": 0.0331948325038,
        "var": 0.000647705630399
    },
    "barkbands": {
        "mean": [1.38978239193e-005, 0.000223801631364, 2.47957468673e-005, 1.57657705131e-005, 0.00309497234412, 0.00164120702539, 0.000755612796638, 0.00122180988546, 0.000107446576294, 0.00193995516747, 0.000582238833886, 4.12708213844e-005, 2.5359013307e-005, 1.35610507641e-005, 0.000183497992111, 0.000252939964412, 0.00012293830514, 1.7225584088e-005, 2.6276798053e-006, 5.84108136081e-007, 1.42806322856e-006, 8.60766249389e-007, 3.61128144277e-007, 3.9695646592e-007, 2.58194290836e-007, 8.69538183679e-008, 4.76384443004e-009],
        "var": [5.90989834848e-008, 1.4653080882e-007, 8.30491286852e-010, 1.35148725544e-009, 8.06678217486e-005, 4.27500017395e-005, 2.31657827499e-006, 1.7740389012e-005, 4.29747650799e-008, 4.44118013547e-005, 1.24244543258e-005, 4.95995209349e-008, 3.36167760295e-009, 5.19227549844e-009, 8.10169694887e-007, 5.34948867426e-007, 1.37560888902e-007, 9.03789310058e-009, 5.5113129338e-011, 1.44063721456e-012, 7.92908707442e-012, 6.0290938908e-012, 3.21619662326e-012, 4.24332921231e-012, 2.11944806323e-012, 1.0512526586e-013, 1.28295713007e-016]
    },
    "erbbands": {
        "mean": [0.00607990752906, 0.051378801465, 0.0427288077772, 0.0748258680105, 1.44766545296, 11.4829645157, 26.4494113922, 7.07284498215, 11.1698331833, 13.2869977951, 24.0341072083, 6.4840669632, 54.6039581299, 30.8977813721, 24.3753204346, 2.11494779587, 1.33738589287, 0.869547903538, 5.86388969421, 10.8673048019, 12.652015686, 4.39407157898, 1.79732787609, 0.36214196682, 0.0942663550377, 0.0332242287695, 0.0540047176182, 0.0609759800136, 0.0288994405419, 0.00931681133807, 0.0109355337918, 0.00657887989655, 0.00785744655877, 0.00396686419845, 0.00126982992515, 0.000457434478449, 0.000168114536791, 2.38837346842e-005, 5.65604796066e-006, 1.17584277177e-005],
        "var": [0.000143101031426, 0.00718977535143, 0.00175001868047, 0.0191558171064, 17.4496631622, 1050.23657227, 10950.3447266, 376.777801514, 510.72644043, 1933.47937012, 8047.40332031, 251.808868408, 59179.5039063, 4289.19238281, 16524.5429688, 62.9042663574, 8.62082767487, 12.2223434448, 618.316955566, 1543.15917969, 837.767150879, 118.55431366, 36.0097732544, 2.31487131119, 0.044967148453, 0.00382631039247, 0.00919285323471, 0.0202105157077, 0.00805313885212, 0.0020974711515, 0.00295409816317, 0.0008437668439, 0.00185504241381, 0.000482126110001, 7.0642112405e-005, 3.83192036679e-006, 4.78475556065e-007, 4.78775508128e-009, 1.2854012299e-010, 6.74286515512e-010]
    },
    "gfcc": {
        "mean": [-186.472610474, 158.761657715, -126.26864624, -9.58519744873, -48.6682090759, -14.6622915268, -40.1681594849, 8.86162948608, -8.00651454926, -6.72976779938, -21.1720600128, 12.2506847382, 19.6482906342],
        "cov": [[4463.07324219, 568.255126953, -1098.02575684, -259.255981445, -90.6644363403, -315.530700684, -163.064544678, -176.855331421, 188.886322021, -341.642028809, -57.3141212463, 8.05374622345, 200.860427856], [568.255126953, 526.673400879, -36.8674736023, -111.47744751, 58.2353668213, -102.516845703, 44.7109985352, -78.0885314941, 34.8109855652, -81.3570709229, -34.9690437317, -49.1358642578, 76.8867263794], [-1098.02575684, -36.8674736023, 1110.24328613, 138.561782837, -151.393966675, 138.951187134, -41.9326324463, -19.5265903473, -226.773788452, 83.8011627197, -43.0419998169, -78.7442169189, -34.7732849121], [-259.255981445, -111.47744751, 138.561782837, 315.284240723, 59.9268760681, 102.824501038, 3.45187544823, 48.1076812744, -7.98267459869, 81.8207931519, 27.6842212677, -30.5773487091, -57.7840690613], [-90.6644363403, 58.2353668213, -151.393966675, 59.9268760681, 201.368545532, 34.7060432434, 48.8193588257, 24.5718727112, 56.2890472412, 33.6385650635, 12.3684797287, 19.6731300354, -25.5846538544], [-315.530700684, -102.516845703, 138.951187134, 102.824501038, 34.7060432434, 229.357330322, 66.962059021, 48.7027740479, -55.8823814392, 44.6419792175, 59.5925216675, 7.37182044983, -17.5387477875], [-163.064544678, 44.7109985352, -41.9326324463, 3.45187544823, 48.8193588257, 66.962059021, 202.427352905, 71.9890289307, -5.30214548111, -8.19476509094, 10.5217790604, 32.4336280823, 25.7180576324], [-176.855331421, -78.0885314941, -19.5265903473, 48.1076812744, 24.5718727112, 48.7027740479, 71.9890289307, 161.454818726, 48.3230476379, 33.9463882446, -2.56737732887, 23.4283618927, -34.2129020691], [188.886322021, 34.8109855652, -226.773788452, -7.98267459869, 56.2890472412, -55.8823814392, -5.30214548111, 48.3230476379, 170.858978271, 30.0092372894, -3.0493915081, -5.56244802475, -10.7425088882], [-341.642028809, -81.3570709229, 83.8011627197, 81.8207931519, 33.6385650635, 44.6419792175, -8.19476509094, 33.9463882446, 30.0092372894, 174.131652832, 41.6034927368, 7.87153339386, -58.7404747009], [-57.3141212463, -34.9690437317, -43.0419998169, 27.6842212677, 12.3684797287, 59.5925216675, 10.5217790604, -2.56737732887, -3.0493915081, 41.6034927368, 150.606704712, 62.0029067993, -3.41466236115], [8.05374622345, -49.1358642578, -78.7442169189, -30.5773487091, 19.6731300354, 7.37182044983, 32.4336280823, 23.4283618927, -5.56244802475, 7.87153339386, 62.0029067993, 130.3465271, 27.4550418854], [200.860427856, 76.8867263794, -34.7732849121, -57.7840690613, -25.5846538544, -17.5387477875, 25.7180576324, -34.2129020691, -10.7425088882, -58.7404747009, -3.41466236115, 27.4550418854, 147.499084473]],
        "icov": [[0.000543305359315, -0.000841296161525, 0.000729084014893, -0.000443427648861, 0.00103448983282, -0.000457633257611, 0.00074007170042, 8.57044069562e-005, -5.25911491422e-005, 0.000379892619094, 0.000486569362693, -0.00059704965679, -1.74312608578e-005], [-0.000841296161525, 0.00486128637567, -0.00195285060909, 0.00172561721411, -0.00384908961132, 0.00255990889855, -0.00274737132713, 0.00111872178968, -0.000982938450761, 0.000578079605475, -0.0020842468366, 0.00321356090717, -0.00128526496701], [0.000729084014893, -0.00195285060909, 0.00294493860565, -0.00123305164743, 0.00287653598934, -0.00156581262127, 0.00166969723068, -0.000482041185023, 0.00237578037195, -0.00108787650242, 0.00176799844485, -0.000649788300507, 4.78276779177e-005], [-0.000443427648861, 0.00172561721411, -0.00123305164743, 0.00544246053323, -0.00313535286114, -0.000125709659187, -0.000260560424067, -0.00115648913197, 0.000296133686788, -0.0010123817483, -0.00172787543852, 0.00289996596985, -0.000197238798137], [0.00103448983282, -0.00384908961132, 0.00287653598934, -0.00313535286114, 0.0111459540203, -0.00373579584993, 0.000440132658696, 0.00173683569301, -0.00187166314572, -0.000710381485987, 0.00358831346966, -0.00465313810855, 0.00239273672923], [-0.000457633257611, 0.00255990889855, -0.00156581262127, -0.000125709659187, -0.00373579584993, 0.00945300329477, -0.00286709214561, -0.00209658569656, 0.0027312238235, -0.000292835989967, -0.00473928125575, 0.00381610984914, -0.00137770443689], [0.00074007170042, -0.00274737132713, 0.00166969723068, -0.000260560424067, 0.000440132658696, -0.00286709214561, 0.00939751975238, -0.0044266693294, 0.00221401103772, 0.000330367329298, 0.00116494251415, -0.00172921468038, -0.00157239148393], [8.57044069562e-005, 0.00111872178968, -0.000482041185023, -0.00115648913197, 0.00173683569301, -0.00209658569656, -0.0044266693294, 0.0123039176688, -0.00587013643235, 0.00054593506502, 0.00288414256647, -0.00367689621635, 0.00295222736895], [-5.25911491422e-005, -0.000982938450761, 0.00237578037195, 0.000296133686788, -0.00187166314572, 0.0027312238235, 0.00221401103772, -0.00587013643235, 0.0131529709324, -0.00368262338452, -0.000935643620323, 0.00334385386668, -0.0016401312314], [0.000379892619094, 0.000578079605475, -0.00108787650242, -0.0010123817483, -0.000710381485987, -0.000292835989967, 0.000330367329298, 0.00054593506502, -0.00368262338452, 0.00978113524616, -0.00199064984918, -0.00102336565033, 0.00221070670523], [0.000486569362693, -0.0020842468366, 0.00176799844485, -0.00172787543852, 0.00358831346966, -0.00473928125575, 0.00116494251415, 0.00288414256647, -0.000935643620323, -0.00199064984918, 0.0122854672372, -0.00730858882889, 0.00147240783554], [-0.00059704965679, 0.00321356090717, -0.000649788300507, 0.00289996596985, -0.00465313810855, 0.00381610984914, -0.00172921468038, -0.00367689621635, 0.00334385386668, -0.00102336565033, -0.00730858882889, 0.0153017640114, -0.00396533263847], [-1.74312608578e-005, -0.00128526496701, 4.78276779177e-005, -0.000197238798137, 0.00239273672923, -0.00137770443689, -0.00157239148393, 0.00295222736895, -0.0016401312314, 0.00221070670523, 0.00147240783554, -0.00396533263847, 0.0101507017389]]
    },
    "melbands": {
        "mean": [6.26023975201e-005, 3.90337736462e-005, 1.85949538718e-005, 0.000405631551985, 0.00088844075799, 0.000179358976311, 0.00016776942357, 0.000167402147781, 0.000175687193405, 2.89921572403e-005, 0.000278016232187, 0.000124330923427, 8.99940932868e-005, 1.35844147735e-005, 2.30289379033e-006, 1.88435080872e-006, 1.46665831835e-006, 5.94600805925e-006, 1.70999956026e-005, 1.96767032321e-005, 1.29747650135e-005, 5.15391548106e-006, 2.76334003502e-006, 1.13899852749e-006, 1.41370065876e-007, 8.82172983552e-008, 2.22674927386e-008, 1.94057658831e-008, 3.85047762563e-008, 2.58745629367e-008, 4.01552426865e-008, 1.99799892187e-008, 7.0079884118e-009, 4.32817337526e-009, 5.91345550305e-009, 6.10055828076e-009, 3.37519301397e-009, 5.67113511707e-009, 5.53059154029e-009, 2.59250043655e-009],
        "var": [1.3617009742e-008, 2.58709609291e-009, 2.00371075287e-009, 1.11351050691e-006, 1.00874831332e-005, 3.22583474599e-007, 1.22122628454e-007, 3.56962829073e-007, 4.51251622735e-007, 5.17454834537e-009, 1.51478752741e-006, 7.05232992004e-008, 3.08500716528e-007, 4.99709429391e-009, 2.63564326614e-011, 1.66215773784e-011, 5.79977489645e-011, 5.01381935969e-010, 8.00153987512e-009, 5.28699972691e-009, 7.86720855128e-010, 2.71241473726e-010, 3.85517555379e-011, 5.37288720459e-011, 2.37334295012e-013, 5.62810127008e-014, 1.77031876504e-015, 1.85243839751e-015, 4.29744113965e-015, 3.93097106447e-015, 8.88603037317e-015, 3.44367046882e-015, 1.28109868684e-015, 6.54586532243e-016, 9.72080633016e-016, 8.8613188222e-016, 2.50097542045e-016, 1.02778384897e-015, 1.10384571357e-015, 2.42622290997e-016]
    },
    "mfcc": {
        "mean": [-837.866638184, 194.994277954, -12.2755365372, 8.03748703003, 4.5380449295, -17.1075210571, -25.1284446716, 0.695240437984, 22.7816047668, -9.93954086304, -19.4872837067, -4.26471710205, 0.643806159496],
        "cov": [[2912.33422852, 407.350799561, -1057.34899902, -2.07339715958, -154.797073364, -164.465545654, -360.627624512, 116.008117676, 94.0628051758, -280.346466064, 30.4773712158, -77.0219497681, -148.071426392], [407.350799561, 581.937255859, -56.6209716797, -29.9403266907, -40.821105957, -48.4158401489, -75.7531280518, -6.86484003067, 63.0517997742, -47.0106201172, -58.1008071899, -82.9196777344, -32.4896316528], [-1057.34899902, -56.6209716797, 981.645507813, 10.6020259857, 84.6767730713, 84.1650466919, 211.566177368, -98.6784057617, -135.904785156, 149.456115723, -124.287757874, -37.6186447144, -8.16258144379], [-2.07339715958, -29.9403266907, 10.6020259857, 187.29296875, 34.7481765747, 29.436416626, 12.6243171692, 13.4653120041, 26.1159973145, 12.0377645493, 52.3202476501, 7.01066970825, -6.69337129593], [-154.797073364, -40.821105957, 84.6767730713, 34.7481765747, 150.689910889, 54.4590301514, 16.9123954773, -31.8509807587, -21.6790809631, 38.3181114197, 12.0044775009, 47.6979217529, 29.1763858795], [-164.465545654, -48.4158401489, 84.1650466919, 29.436416626, 54.4590301514, 135.376449585, 97.3969268799, -18.4706897736, -9.99383544922, 26.6972236633, -1.16335725784, 22.3823680878, 39.4560890198], [-360.627624512, -75.7531280518, 211.566177368, 12.6243171692, 16.9123954773, 97.3969268799, 225.860809326, 50.9176902771, -40.5327835083, 33.7606391907, -21.7640781403, 20.8795681, 15.1655855179], [116.008117676, -6.86484003067, -98.6784057617, 13.4653120041, -31.8509807587, -18.4706897736, 50.9176902771, 158.473556519, 57.5422286987, -29.8577194214, 32.2869682312, 7.08993721008, -31.4127388], [94.0628051758, 63.0517997742, -135.904785156, 26.1159973145, -21.6790809631, -9.99383544922, -40.5327835083, 57.5422286987, 150.057022095, 33.6846923828, 15.2894935608, -18.726896286, -6.40330076218], [-280.346466064, -47.0106201172, 149.456115723, 12.0377645493, 38.3181114197, 26.6972236633, 33.7606391907, -29.8577194214, 33.6846923828, 152.258453369, 39.979549408, -3.48812484741, -0.0721595436335], [30.4773712158, -58.1008071899, -124.287757874, 52.3202476501, 12.0044775009, -1.16335725784, -21.7640781403, 32.2869682312, 15.2894935608, 39.979549408, 181.359725952, 80.6513290405, -17.5853404999], [-77.0219497681, -82.9196777344, -37.6186447144, 7.01066970825, 47.6979217529, 22.3823680878, 20.8795681, 7.08993721008, -18.726896286, -3.48812484741, 80.6513290405, 155.750396729, 73.8204650879], [-148.071426392, -32.4896316528, -8.16258144379, -6.69337129593, 29.1763858795, 39.4560890198, 15.1655855179, -31.4127388, -6.40330076218, -0.0721595436335, -17.5853404999, 73.8204650879, 173.090835571]],
        "icov": [[0.000890410505235, -0.000565949187148, 0.000986061641015, -0.000596040801611, 0.000650701811537, -0.00104059756268, 0.00156683160458, -0.00127548433375, 0.00158876879141, -0.000761273840908, 0.00136070267763, -0.000788368168287, 0.000970618217252], [-0.000565949187148, 0.00256983214058, -0.000983956851996, 0.00101715209894, -0.000928978202865, 0.0014667698415, -0.00142663461156, 0.00199686759152, -0.0031620322261, 0.00252170208842, -0.00173907738645, 0.00194500281941, -0.00082133844262], [0.000986061641015, -0.000983956851996, 0.00361276301555, -0.00174499838613, 0.000828945951071, -0.0010018274188, 0.000672684342135, -0.00149561685976, 0.00458073383197, -0.00462578004226, 0.00454538036138, -0.00209101685323, 0.00204111379571], [-0.000596040801611, 0.00101715209894, -0.00174499838613, 0.00796679779887, -0.00315484870225, 0.00102039240301, -0.002789063612, 0.00271773012355, -0.00524651026353, 0.00496320379898, -0.00626545213163, 0.00401900801808, -0.00159901683219], [0.000650701811537, -0.000928978202865, 0.000828945951071, -0.00315484870225, 0.012050434947, -0.00697448616847, 0.00618572952226, -0.0039243013598, 0.00587975792587, -0.00658718403429, 0.00582701386884, -0.00670274393633, 0.00226919399574], [-0.00104059756268, 0.0014667698415, -0.0010018274188, 0.00102039240301, -0.00697448616847, 0.0195918604732, -0.0139568662271, 0.0102681107819, -0.00880945753306, 0.0066821067594, -0.00666202092543, 0.00514923362061, -0.00402268581092], [0.00156683160458, -0.00142663461156, 0.000672684342135, -0.002789063612, 0.00618572952226, -0.0139568662271, 0.019661070779, -0.0144216408953, 0.012026257813, -0.00952908955514, 0.00924698542804, -0.0065219188109, 0.00295722554438], [-0.00127548433375, 0.00199686759152, -0.00149561685976, 0.00271773012355, -0.0039243013598, 0.0102681107819, -0.0144216408953, 0.0202385280281, -0.0145530700684, 0.0116476276889, -0.00933992024511, 0.00440726755187, -0.000786433287431], [0.00158876879141, -0.0031620322261, 0.00458073383197, -0.00524651026353, 0.00587975792587, -0.00880945753306, 0.012026257813, -0.0145530700684, 0.0229416806251, -0.0157445967197, 0.0112463664263, -0.00563762709498, 0.00249002920464], [-0.000761273840908, 0.00252170208842, -0.00462578004226, 0.00496320379898, -0.00658718403429, 0.0066821067594, -0.00952908955514, 0.0116476276889, -0.0157445967197, 0.0224875789136, -0.0145353106782, 0.00931653287262, -0.00369139574468], [0.00136070267763, -0.00173907738645, 0.00454538036138, -0.00626545213163, 0.00582701386884, -0.00666202092543, 0.00924698542804, -0.00933992024511, 0.0112463664263, -0.0145353106782, 0.0211508944631, -0.0139170037583, 0.00733506353572], [-0.000788368168287, 0.00194500281941, -0.00209101685323, 0.00401900801808, -0.00670274393633, 0.00514923362061, -0.0065219188109, 0.00440726755187, -0.00563762709498, 0.00931653287262, -0.0139170037583, 0.0192536208779, -0.00875515583903], [0.000970618217252, -0.00082133844262, 0.00204111379571, -0.00159901683219, 0.00226919399574, -0.00402268581092, 0.00295722554438, -0.000786433287431, 0.00249002920464, -0.00369139574468, 0.00733506353572, -0.00875515583903, 0.0111902607605]]
    },
    "spectral_contrast_coeffs": {
        "mean": [-0.637477278709, -0.633456647396, -0.655650019646, -0.717229604721, -0.742463231087, -0.784705400467],
        "var": [0.0140128126368, 0.00956732686609, 0.00811429321766, 0.00643273955211, 0.00406710151583, 0.00129603606183]
    },
    "spectral_contrast_valleys": {
        "mean": [-8.93079948425, -8.23810577393, -9.17098045349, -9.95262336731, -10.4648551941, -13.3539438248],
        "var": [0.956003010273, 0.915784299374, 0.870212435722, 0.661303758621, 0.590564668179, 0.548816263676]
    }
},
"metadata": {
    "audio_properties": {
        "analysis_sample_rate": 44100,
        "bit_rate": 102859,
        "equal_loudness": 0,
        "length": 45.0873451233,
        "lossless": 0,
        "replay_gain": -5.17884635925,
        "sample_rate": 44100,
        "codec": "mp3",
        "downmix": "mix",
        "md5_encoded": "63e951b9cacbcf86848a4bbad0c15172"
    },
    "tags": {
        "file_name": "195.mp3"
    },
    "version": {
        "essentia": "2.1-beta2",
        "essentia_git_sha": "v2.1_beta2",
        "extractor": "music 1.0"
    }
},
"rhythm": {
    "beats_count": 86,
    "beats_loudness": {
        "mean": 0.0131445080042,
        "var": 0.000802927243058
    },
    "bpm": 110.945007324,
    "bpm_histogram_first_peak_bpm": {
        "mean": 110,
        "var": 0
    },
    "bpm_histogram_first_peak_spread": {
        "mean": 0.375,
        "var": 0
    },
    "bpm_histogram_first_peak_weight": {
        "mean": 0.176470592618,
        "var": 0
    },
    "bpm_histogram_second_peak_bpm": {
        "mean": 115,
        "var": 0
    },
    "bpm_histogram_second_peak_spread": {
        "mean": 0.363636374474,
        "var": 0
    },
    "bpm_histogram_second_peak_weight": {
        "mean": 0.164705887437,
        "var": 0
    },
    "danceability": 0.885803818703,
    "onset_rate": 2.03969597816,
    "beats_loudness_band_ratio": {
        "mean": [0.117187276483, 0.359663575888, 0.318938702345, 0.18320146203, 0.0608098506927, 0.00108641840052],
        "var": [0.0262157507241, 0.0750614628196, 0.0593285560608, 0.0381961427629, 0.00804930273443, 3.50422874362e-006]
    },
    "beats_position": [0.557278871536, 1.11455774307, 1.69505667686, 2.27555561066, 2.85605430603, 3.43655323982, 4.00544214249, 4.51628112793, 5.0387301445, 5.56117916107, 6.08362817764, 6.60607719421, 7.12852573395, 7.63936471939, 8.17342376709, 8.71909236908, 9.14866161346, 9.56662082672, 9.99619007111, 10.47219944, 10.9365987778, 11.4009971619, 11.8653964996, 12.3181858063, 12.782585144, 13.235373497, 13.7462129593, 14.268661499, 14.7911109924, 15.301949501, 15.8243989944, 16.3468475342, 16.8576869965, 17.3801364899, 17.8677539825, 18.3437633514, 18.8197727203, 19.2957820892, 19.760181427, 20.2361907959, 20.7005901337, 21.2230377197, 21.733877182, 22.2679367065, 22.7903842926, 23.312833786, 23.8352832794, 24.3461227417, 24.8569602966, 25.3910198212, 25.9250793457, 26.4591369629, 27.0280265808, 27.5969161987, 28.1541938782, 28.6998634338, 29.2455329895, 29.7912006378, 30.3368701935, 30.8825397491, 31.4282073975, 31.9738769531, 32.5079345703, 33.053604126, 33.5992736816, 34.1797714233, 34.7370529175, 35.3059387207, 35.8748283386, 36.4437179565, 37.0126075745, 37.5582771301, 38.1039466858, 38.6496124268, 39.1952819824, 39.7409515381, 40.216960907, 40.6929702759, 41.1689796448, 41.6565971375, 42.1209983826, 42.585395813, 43.0497932434, 43.5141944885, 43.9785919189, 44.4429931641]
},
"tonal": {
    "chords_changes_rate": 0.0504115223885,
    "chords_number_rate": 0.0102880662307,
    "chords_strength": {
        "mean": 0.498294055462,
        "var": 0.00575337605551
    },
    "hpcp_entropy": {
        "mean": 1.07821750641,
        "var": 0.556157529354
    },
    "key_strength": 0.700699567795,
    "tuning_diatonic_strength": 0.521428763866,
    "tuning_equal_tempered_deviation": 0.0334844328463,
    "tuning_frequency": 440.508636475,
    "tuning_nontempered_energy_ratio": 0.644588291645,
    "hpcp": {
        "mean": [0.553422152996, 0.305508643389, 0.0562913157046, 0.0458091497421, 0.0316441729665, 0.0341075360775, 0.0642334446311, 0.0725223571062, 0.124088257551, 0.15964910388, 0.0876977518201, 0.0552097558975, 0.052423119545, 0.0332978926599, 0.110896319151, 0.199820920825, 0.136963486671, 0.0373773835599, 0.0116900969297, 0.0194549057633, 0.0976766198874, 0.2027913481, 0.140518203378, 0.0415199026465, 0.0324679389596, 0.0150518668815, 0.00681926729158, 0.00626451848075, 0.00941727217287, 0.0456445626915, 0.0990394130349, 0.0764839276671, 0.0182793624699, 0.00677179545164, 0.0273608341813, 0.303642958403],
        "var": [0.185994029045, 0.06767424196, 0.0215044487268, 0.0300582163036, 0.0164526160806, 0.00885890331119, 0.0354059785604, 0.0330170877278, 0.0597506761551, 0.0921617895365, 0.036117631942, 0.0173290800303, 0.0163699910045, 0.00792152341455, 0.0471716634929, 0.119238346815, 0.070364266634, 0.01487275213, 0.00497027719393, 0.00992885045707, 0.0326420739293, 0.0855407938361, 0.0433229058981, 0.0156153766438, 0.017859749496, 0.00623763632029, 0.00073245970998, 0.000753844971769, 0.0014888549922, 0.0132725015283, 0.0549677051604, 0.045190539211, 0.00416540075094, 0.00163929339033, 0.00656772358343, 0.0714005678892]
    },
    "chords_histogram": [7.92181062698, 7.81893014908, 33.2304534912, 5.76131677628, 1.85185182095, 4.01234579086, 0, 12.3456792831, 0, 22.6337451935, 0, 2.36625504494, 0, 0, 0, 0, 0, 0, 0, 0, 1.33744859695, 0, 0.720164597034, 0],
    "thpcp": [1, 0.552035450935, 0.101714968681, 0.0827743336558, 0.0571790859103, 0.0616302341223, 0.116065904498, 0.131043463945, 0.22421990335, 0.288476169109, 0.158464476466, 0.0997606515884, 0.0947253704071, 0.0601672567427, 0.200382873416, 0.361064195633, 0.247484654188, 0.0675386488438, 0.021123290062, 0.035153824836, 0.176495686173, 0.366431564093, 0.253907799721, 0.0750239267945, 0.0586675815284, 0.0271978024393, 0.0123219992965, 0.0113196019083, 0.017016435042, 0.0824769362807, 0.178958162665, 0.138201788068, 0.0330296903849, 0.0122362207621, 0.049439355731, 0.548664271832],
    "chords_key": "A",
    "chords_scale": "minor",
    "key_key": "D",
    "key_scale": "minor"
}
}