{
"lowlevel": {
    "average_loudness": 0.936227917671,
    "barkbands_crest": {
        "mean": 8.9465637207,
        "var": 11.1111650467
    },
    "barkbands_flatness_db": {
        "mean": 0.152808979154,
        "var": 0.00238856929354
    },
    "barkbands_kurtosis": {
        "mean": 2.25014400482,
        "var": 30.0417118073
    },
    "barkbands_skewness": {
        "mean": 1.2427200079,
        "var": 0.884901940823
    },
    "barkbands_spread": {
        "mean": 17.5617733002,
        "var": 67.821434021
    },
    "dissonance": {
        "mean": 0.454096019268,
        "var": 0.000564956106246
    },
    "dynamic_complexity": 2.28245234489,
    "erbbands_crest": {
        "mean": 8.48519039154,
        "var": 10.7658605576
    },
    "erbbands_flatness_db": {
        "mean": 0.198679417372,
        "var": 0.00245891162194
    },
    "erbbands_kurtosis": {
        "mean": -0.310058653355,
        "var": 1.13268887997
    },
    "erbbands_skewness": {
        "mean": 0.146256372333,
        "var": 0.34662309289
    },
    "erbbands_spread": {
        "mean": 31.7280712128,
        "var": 190.056259155
    },
    "hfc": {
        "mean": 21.3811817169,
        "var": 202.786056519
    },
    "melbands_crest": {
        "mean": 11.936044693,
        "var": 20.2100028992
    },
    "melbands_flatness_db": {
        "mean": 0.223425298929,
        "var": 0.00403802562505
    },
    "melbands_kurtosis": {
        "mean": 7.80040502548,
        "var": 289.255310059
    },
    "melbands_skewness": {
        "mean": 2.03987598419,
        "var": 1.80420005322
    },
    "melbands_spread": {
        "mean": 21.5725841522,
        "var": 157.749206543
    },
    "pitch_salience": {
        "mean": 0.580834507942,
        "var": 0.0103109283373
    },
    "silence_rate_20dB": {
        "mean": 1,
        "var": 0
    },
    "silence_rate_30dB": {
        "mean": 1,
        "var": 0
    },
    "silence_rate_60dB": {
        "mean": 0.00978372804821,
        "var": 0.00968771893531
    },
    "spectral_centroid": {
        "mean": 1131.62670898,
        "var": 277456.09375
    },
    "spectral_complexity": {
        "mean": 20.8980426788,
        "var": 47.1852149963
    },
    "spectral_decrease": {
        "mean": -7.61871810084e-009,
        "var": 2.6131136822e-017
    },
    "spectral_energy": {
        "mean": 0.0306941308081,
        "var": 0.000401705765398
    },
    "spectral_energyband_high": {
        "mean": 0.000472095707664,
        "var": 7.24011727016e-007
    },
    "spectral_energyband_low": {
        "mean": 0.00694868527353,
        "var": 0.000228618038818
    },
    "spectral_energyband_middle_high": {
        "mean": 0.00623142253608,
        "var": 2.25800686167e-005
    },
    "spectral_energyband_middle_low": {
        "mean": 0.0176590811461,
        "var": 0.000137670227559
    },
    "spectral_entropy": {
        "mean": 7.19164896011,
        "var": 0.17941622436
    },
    "spectral_flux": {
        "mean": 0.0775343030691,
        "var": 0.00238290079869
    },
    "spectral_kurtosis": {
        "mean": 8.85954380035,
        "var": 35.9555854797
    },
    "spectral_rms": {
        "mean": 0.00518544530496,
        "var": 3.05667458633e-006
    },
    "spectral_rolloff": {
        "mean": 1357.6060791,
        "var": 774204.25
    },
    "spectral_skewness": {
        "mean": 1.88756537437,
        "var": 0.352514952421
    },
    "spectral_spread": {
        "mean": 3196340,
        "var": 2.62336230195e+012
    },
    "spectral_strongpeak": {
        "mean": 1.31426799297,
        "var": 1.69796729088
    },
    "zerocrossingrate": {
        "mean": 0.0502303615212,
        "var": 0.000600430590566
    },
    "barkbands": {
        "mean": [0.000162813114002, 0.00353693636134, 0.00290788919665, 0.00081006338587, 0.00564390560612, 0.00255929469131, 0.0033814474009, 0.00184651580639, 0.00286423973739, 0.00107558420859, 0.000304921995848, 0.00043543841457, 0.00102758326102, 0.000861090840772, 0.000793173967395, 0.000825337599963, 0.000638163473923, 0.000274049991276, 0.000197179164388, 0.0001850839908, 0.00015313156473, 8.7312037067e-005, 4.19271273131e-005, 3.5772787669e-005, 2.22604157898e-005, 2.13113198697e-005, 1.75372008471e-006],
        "var": [2.97851045161e-007, 0.000112064619316, 2.66339866357e-005, 1.11701251626e-006, 2.24673767661e-005, 6.39130121272e-006, 1.97275476239e-005, 5.54132157049e-006, 3.34716824e-005, 2.96423991131e-006, 3.12028959115e-007, 5.43495900729e-007, 2.23741312766e-006, 1.30141711452e-006, 8.70318160651e-007, 1.49824700202e-006, 8.79361550687e-007, 1.16593632526e-007, 9.19557194834e-008, 6.41606447971e-008, 6.66485959755e-008, 7.25293247683e-008, 1.69045684117e-008, 7.52142614857e-009, 2.70292921378e-009, 2.49082132697e-009, 2.17725715929e-011]
    },
    "erbbands": {
        "mean": [0.0768146067858, 0.898404300213, 3.46461749077, 2.84450745583, 10.4073858261, 18.1465206146, 24.2211284637, 16.8104095459, 36.6249008179, 62.2547111511, 40.8477210999, 63.5950050354, 56.2234725952, 23.2671813965, 15.4054918289, 21.5728588104, 51.769859314, 47.7400588989, 32.1676559448, 50.0792350769, 47.6457023621, 28.2886447906, 18.6339130402, 11.8891954422, 7.82989120483, 8.89195823669, 7.71044540405, 5.2784819603, 3.40838074684, 1.81356036663, 1.17694807053, 0.8963996768, 0.476541876793, 0.216946646571, 0.185642108321, 0.103552408516, 0.0365000739694, 0.00702834269032, 0.000200134731131, 4.09163149016e-005],
        "var": [0.0864672139287, 6.24261951447, 43.5349655151, 10.6982030869, 244.936599731, 250.284225464, 581.804199219, 275.378082275, 2407.73486328, 7417.11572266, 2899.74804688, 14418.015625, 13688.5849609, 2066.36035156, 570.608947754, 869.035888672, 5859.97460938, 4026.23852539, 1532.88757324, 2976.1809082, 6000.58544922, 1244.92260742, 573.736816406, 278.599395752, 101.964439392, 147.279312134, 124.164886475, 125.852096558, 107.506515503, 38.2027053833, 12.8164081573, 5.56640577316, 1.13293945789, 0.280273795128, 0.186611130834, 0.0599285066128, 0.00716044055298, 0.000287672824925, 2.20890569835e-007, 7.94504573243e-010]
    },
    "gfcc": {
        "mean": [-7.97215604782, 126.840385437, -139.177932739, 13.7970027924, -42.6269683838, -9.00486564636, -42.6124153137, 0.648583114147, -22.6810016632, 3.80349969864, -22.2074871063, -6.42838668823, -9.98149967194],
        "cov": [[4549.54541016, -1602.46350098, 471.319274902, 220.715011597, -850.082580566, 447.334747314, -156.310211182, 344.683624268, -35.6623306274, 413.583679199, -12.0387859344, 144.681045532, -215.974258423], [-1602.46350098, 1692.84753418, -353.759033203, -178.737335205, 554.619262695, -404.990814209, 143.2681427, -112.995796204, 93.8356552124, -245.55406189, 159.185348511, -205.995239258, 141.9556427], [471.319274902, -353.759033203, 888.312683105, 98.0955429077, -77.8483123779, 333.961334229, -95.5047302246, 152.387313843, 41.946975708, 131.69329834, 20.2390136719, 144.188171387, -119.41418457], [220.715011597, -178.737335205, 98.0955429077, 380.218536377, 19.8394203186, 73.6087646484, 40.0133171082, -27.2729206085, 26.057094574, 20.8729610443, 3.2596039772, -4.52133798599, 18.9199924469], [-850.082580566, 554.619262695, -77.8483123779, 19.8394203186, 437.534820557, -103.983833313, 83.5741653442, -45.6741485596, 16.61302948, -101.40196991, 9.44903945923, -44.6808280945, 60.6607666016], [447.334747314, -404.990814209, 333.961334229, 73.6087646484, -103.983833313, 297.901123047, -13.5667362213, 69.6607971191, 4.247631073, 70.3806152344, -14.1114044189, 92.9118118286, -58.9412727356], [-156.310211182, 143.2681427, -95.5047302246, 40.0133171082, 83.5741653442, -13.5667362213, 155.104782104, -15.9806585312, -1.61768138409, -22.1121139526, -5.09239673615, -35.6269569397, 20.7875061035], [344.683624268, -112.995796204, 152.387313843, -27.2729206085, -45.6741485596, 69.6607971191, -15.9806585312, 134.556442261, 29.8207969666, 57.7160148621, 14.6607809067, 18.2743778229, -31.1806507111], [-35.6623306274, 93.8356552124, 41.946975708, 26.057094574, 16.61302948, 4.247631073, -1.61768138409, 29.8207969666, 101.239143372, 16.5720558167, 19.513004303, -4.29675960541, 5.79937362671], [413.583679199, -245.55406189, 131.69329834, 20.8729610443, -101.40196991, 70.3806152344, -22.1121139526, 57.7160148621, 16.5720558167, 133.315353394, 13.9269161224, 27.8948535919, -36.1138877869], [-12.0387859344, 159.185348511, 20.2390136719, 3.2596039772, 9.44903945923, -14.1114044189, -5.09239673615, 14.6607809067, 19.513004303, 13.9269161224, 101.253326416, -3.16584205627, 4.71867084503], [144.681045532, -205.995239258, 144.188171387, -4.52133798599, -44.6808280945, 92.9118118286, -35.6269569397, 18.2743778229, -4.29675960541, 27.8948535919, -3.16584205627, 112.716621399, -15.4435033798], [-215.974258423, 141.9556427, -119.41418457, 18.9199924469, 60.6607666016, -58.9412727356, 20.7875061035, -31.1806507111, 5.79937362671, -36.1138877869, 4.71867084503, -15.4435033798, 76.0495147705]],
        "icov": [[0.000565500406083, -0.000273185083643, 0.000404016347602, -0.000714514695574, 0.000870818796102, -0.000353163253749, 0.000309205934172, -0.00136637419928, 0.000749430095311, -0.000907789974008, 0.000455240951851, -0.000452209904324, 0.000706687162165], [-0.000273185083643, 0.00529354996979, -0.00223806709982, 0.00363200902939, -0.00362073862925, 0.00321427825838, -0.00277874921449, 0.00328737311065, -0.00458880374208, 0.00524800131097, -0.00737367011607, 0.00541992345825, -0.00318784685805], [0.000404016347602, -0.00223806709982, 0.00404407735914, -0.00245958962478, 0.000954579794779, -0.0035028855782, 0.00267739733681, -0.00344267231412, 0.00181648368016, -0.00307383900508, 0.00265598017722, -0.00373793323524, 0.00414526648819], [-0.000714514695574, 0.00363200902939, -0.00245958962478, 0.00645468663424, -0.00311746355146, 0.00122276565526, -0.00285830022767, 0.00531201297417, -0.00446860259399, 0.00329949660227, -0.0051787616685, 0.00518906023353, -0.00460040429607], [0.000870818796102, -0.00362073862925, 0.000954579794779, -0.00311746355146, 0.00688620936126, -0.00117091066204, 0.000295225530863, -0.00351921701804, 0.0032088495791, -0.00219383346848, 0.00493289716542, -0.00375020690262, 0.00122808211017], [-0.000353163253749, 0.00321427825838, -0.0035028855782, 0.00122276565526, -0.00117091066204, 0.0101386010647, -0.00383559730835, 0.00103857368231, -0.00251240469515, 0.00355916842818, -0.0032502184622, -0.000488735851832, -0.000557098363061], [0.000309205934172, -0.00277874921449, 0.00267739733681, -0.00285830022767, 0.000295225530863, -0.00383559730835, 0.0102278869599, -0.00259934738278, 0.0029921552632, -0.00338670122437, 0.00407802965492, -0.000787572411355, 0.00166111951694], [-0.00136637419928, 0.00328737311065, -0.00344267231412, 0.00531201297417, -0.00351921701804, 0.00103857368231, -0.00259934738278, 0.0166541095823, -0.00666410475969, 0.0014644927578, -0.0054925987497, 0.0054315617308, -0.00294571975246], [0.000749430095311, -0.00458880374208, 0.00181648368016, -0.00446860259399, 0.0032088495791, -0.00251240469515, 0.0029921552632, -0.00666410475969, 0.0161427985877, -0.00604609074071, 0.00508075486869, -0.00404092622921, 0.00136294600088], [-0.000907789974008, 0.00524800131097, -0.00307383900508, 0.00329949660227, -0.00219383346848, 0.00355916842818, -0.00338670122437, 0.0014644927578, -0.00604609074071, 0.018055697903, -0.00863821711391, 0.00456382753327, -0.0014889674494], [0.000455240951851, -0.00737367011607, 0.00265598017722, -0.0051787616685, 0.00493289716542, -0.0032502184622, 0.00407802965492, -0.0054925987497, 0.00508075486869, -0.00863821711391, 0.0210637208074, -0.00746484100819, 0.00338275916874], [-0.000452209904324, 0.00541992345825, -0.00373793323524, 0.00518906023353, -0.00375020690262, -0.000488735851832, -0.000787572411355, 0.0054315617308, -0.00404092622921, 0.00456382753327, -0.00746484100819, 0.0197421088815, -0.00655907904729], [0.000706687162165, -0.00318784685805, 0.00414526648819, -0.00460040429607, 0.00122808211017, -0.000557098363061, 0.00166111951694, -0.00294571975246, 0.00136294600088, -0.0014889674494, 0.00338275916874, -0.00655907904729, 0.0233342181891]]
    },
    "melbands": {
        "mean": [0.000830715696793, 0.00162062142044, 0.000688053143676, 0.0010533563327, 0.000873494311236, 0.000437250477262, 0.000598852522671, 0.000603880325798, 0.000331865070621, 0.000412668567151, 0.000272534991382, 9.10682647373e-005, 4.89814410685e-005, 4.95338499604e-005, 9.23499828787e-005, 9.65595318121e-005, 8.8002278062e-005, 4.73797008453e-005, 5.68264258618e-005, 6.50563306408e-005, 5.71113632759e-005, 3.09296301566e-005, 2.37675976678e-005, 1.27785351651e-005, 9.36293326959e-006, 6.64797880745e-006, 4.99299994772e-006, 6.04514480074e-006, 5.18533852301e-006, 3.7564914237e-006, 2.86568797492e-006, 2.07119842344e-006, 1.31566741857e-006, 8.61523062667e-007, 6.69671408104e-007, 6.13147619788e-007, 5.23362587046e-007, 3.60169792657e-007, 2.20356000113e-007, 1.70165321833e-007],
        "var": [7.82686220191e-006, 1.12128282126e-005, 6.48443176487e-007, 1.26289000946e-006, 5.77702962801e-007, 1.8865517859e-007, 6.29269322872e-007, 6.73565637044e-007, 2.32609593809e-007, 6.54702432712e-007, 3.42214605098e-007, 3.93667178855e-008, 7.24079773917e-009, 8.41960279274e-009, 1.71283094375e-008, 1.48865586524e-008, 1.51318939601e-008, 3.9101779592e-009, 5.73553426975e-009, 4.83529793982e-009, 1.07227515755e-008, 1.82673509652e-009, 1.9378381122e-009, 2.87526225051e-010, 2.06258871094e-010, 1.13501728849e-010, 4.18910496569e-011, 7.71208513717e-011, 6.24925874937e-011, 4.61492406789e-011, 4.79792455765e-011, 4.05330803643e-011, 2.02635668661e-011, 9.20330305021e-012, 4.75515503709e-012, 2.84953245895e-012, 1.90768277911e-012, 6.68677461492e-013, 2.75696701796e-013, 1.90886816445e-013]
    },
    "mfcc": {
        "mean": [-649.294494629, 164.567199707, -34.9296722412, 25.0354404449, 6.46058320999, -2.2480931282, -9.06763744354, -10.7930450439, 0.743235349655, 0.284461408854, -7.70065832138, 6.16679906845, -10.1862545013],
        "cov": [[3741.14575195, -1464.35620117, 566.232421875, -116.067810059, -484.179321289, -2.27698969841, -117.273551941, -35.9029006958, -101.503883362, 217.868286133, 150.498916626, 58.3544692993, 87.2576980591], [-1464.35620117, 1616.36535645, -518.948364258, 105.794517517, 250.836486816, -216.882171631, 111.590789795, -23.7499294281, 6.00574207306, -3.56702542305, -79.7420883179, 51.2635574341, -23.7911167145], [566.232421875, -518.948364258, 905.235534668, -135.071487427, 49.7508850098, 146.285049438, -55.5417022705, 109.84526825, -25.7957572937, 25.3779067993, 91.6323928833, 114.286598206, 157.622039795], [-116.067810059, 105.794517517, -135.071487427, 319.975524902, 72.8660736084, 31.3704128265, 58.503490448, -35.8422279358, 37.8315315247, 0.42468264699, -17.0935173035, 10.9159803391, -16.6392688751], [-484.179321289, 250.836486816, 49.7508850098, 72.8660736084, 276.515014648, 40.1691551208, 30.9160575867, 52.2911109924, 30.975605011, -26.7050361633, -2.99994254112, 17.4666671753, 27.4469623566], [-2.27698969841, -216.882171631, 146.285049438, 31.3704128265, 40.1691551208, 193.096954346, 38.1835594177, 47.3643264771, 35.4475440979, -31.3753681183, 31.8797206879, -16.9583187103, 17.1067485809], [-117.273551941, 111.590789795, -55.5417022705, 58.503490448, 30.9160575867, 38.1835594177, 144.264251709, 26.8946495056, 9.95754432678, 9.52104282379, 7.9613866806, -21.2312831879, -8.44708442688], [-35.9029006958, -23.7499294281, 109.84526825, -35.8422279358, 52.2911109924, 47.3643264771, 26.8946495056, 116.585845947, 22.3479576111, -19.5080451965, 17.5827484131, -6.79983282089, 21.8068256378], [-101.503883362, 6.00574207306, -25.7957572937, 37.8315315247, 30.975605011, 35.4475440979, 9.95754432678, 22.3479576111, 98.2925033569, 7.49033355713, 3.19146490097, -21.5537242889, 1.1206433773], [217.868286133, -3.56702542305, 25.3779067993, 0.42468264699, -26.7050361633, -31.3753681183, 9.52104282379, -19.5080451965, 7.49033355713, 110.230667114, 25.3487548828, 19.8768844604, 13.1406803131], [150.498916626, -79.7420883179, 91.6323928833, -17.0935173035, -2.99994254112, 31.8797206879, 7.9613866806, 17.5827484131, 3.19146490097, 25.3487548828, 87.5294113159, 14.4833583832, 25.5606079102], [58.3544692993, 51.2635574341, 114.286598206, 10.9159803391, 17.4666671753, -16.9583187103, -21.2312831879, -6.79983282089, -21.5537242889, 19.8768844604, 14.4833583832, 113.617134094, 38.8789672852], [87.2576980591, -23.7911167145, 157.622039795, -16.6392688751, 27.4469623566, 17.1067485809, -8.44708442688, 21.8068256378, 1.1206433773, 13.1406803131, 25.5606079102, 38.8789672852, 94.6651535034]],
        "icov": [[0.000635161821265, 0.00050465966342, -7.97593602329e-005, -0.00028985447716, 0.000628934823908, 0.000469205173431, 2.88859719149e-005, -0.000331562827341, 0.000484994787257, -0.000895738194231, -0.000341793347616, -8.55217876961e-005, -0.000318950711517], [0.00050465966342, 0.00179869681597, 0.000779767520726, 0.000128249826957, -0.000893783813808, 0.00173445127439, -0.0011783502996, -0.000251129124081, 0.000150798106915, -0.00047391440603, 5.93113545619e-005, -0.00132992945146, -0.000796329404693], [-7.97593602329e-005, 0.000779767520726, 0.00302239274606, 0.000907175126486, -0.000988103332929, -0.00133801740594, 0.000474910193589, -0.00149914657231, 0.00100013636984, -0.000768256897572, -9.82881319942e-005, -0.00224562943913, -0.00264386972412], [-0.00028985447716, 0.000128249826957, 0.000907175126486, 0.00483849784359, -0.00177033769432, -0.00108209636528, -0.00196804944426, 0.00241512432694, -0.00183634553105, 0.000480151647935, 0.000848545867484, -0.00199474277906, 0.000161465373822], [0.000628934823908, -0.000893783813808, -0.000988103332929, -0.00177033769432, 0.00669773574919, -0.000811266247183, 0.000765041564591, -0.0022422329057, -0.000163890377735, -4.3308493332e-005, -0.000111462999485, 0.000364092818927, -0.000792303413618], [0.000469205173431, 0.00173445127439, -0.00133801740594, -0.00108209636528, -0.000811266247183, 0.0107457460836, -0.00341515475884, -0.000314698729198, -0.00276195490733, 0.00318145751953, -0.00257121492177, 0.000712674634997, 9.48334054556e-005], [2.88859719149e-005, -0.0011783502996, 0.000474910193589, -0.00196804944426, 0.000765041564591, -0.00341515475884, 0.0106684658676, -0.00348060438409, 0.00245021493174, -0.00298617547378, -0.000707670405973, 0.00236227200367, 0.000296041631373], [-0.000331562827341, -0.000251129124081, -0.00149914657231, 0.00241512432694, -0.0022422329057, -0.000314698729198, -0.00348060438409, 0.0140646705404, -0.0036961552687, 0.00348968501203, -0.00105550338048, 0.000948691682424, -0.000225629191846], [0.000484994787257, 0.000150798106915, 0.00100013636984, -0.00183634553105, -0.000163890377735, -0.00276195490733, 0.00245021493174, -0.0036961552687, 0.0141762299463, -0.00414998596534, 0.000100600162114, 0.00260866223834, -0.00147078686859], [-0.000895738194231, -0.00047391440603, -0.000768256897572, 0.000480151647935, -4.3308493332e-005, 0.00318145751953, -0.00298617547378, 0.00348968501203, -0.00414998596534, 0.0140434680507, -0.00327161815949, -0.00127509154845, -5.57937200938e-005], [-0.000341793347616, 5.93113545619e-005, -9.82881319942e-005, 0.000848545867484, -0.000111462999485, -0.00257121492177, -0.000707670405973, -0.00105550338048, 0.000100600162114, -0.00327161815949, 0.0152204437181, -0.00109952222556, -0.00188544904813], [-8.55217876961e-005, -0.00132992945146, -0.00224562943913, -0.00199474277906, 0.000364092818927, 0.000712674634997, 0.00236227200367, 0.000948691682424, 0.00260866223834, -0.00127509154845, -0.00109952222556, 0.0141505403444, -0.00247766566463], [-0.000318950711517, -0.000796329404693, -0.00264386972412, 0.000161465373822, -0.000792303413618, 9.48334054556e-005, 0.000296041631373, -0.000225629191846, -0.00147078686859, -5.57937200938e-005, -0.00188544904813, -0.00247766566463, 0.0169307589531]]
    },
    "spectral_contrast_coeffs": {
        "mean": [-0.569922268391, -0.693796634674, -0.731831014156, -0.7266741395, -0.740576267242, -0.735559642315],
        "var": [0.00531343370676, 0.00403364980593, 0.00440965639427, 0.00252399314195, 0.00382548198104, 0.00213522743434]
    },
    "spectral_contrast_valleys": {
        "mean": [-7.48913955688, -6.52495574951, -7.31967735291, -7.46928691864, -7.90590906143, -11.2418870926],
        "var": [0.884084939957, 0.793830394745, 0.551897883415, 0.485673308372, 0.900589168072, 1.79797530174]
    }
},
"metadata": {
    "audio_properties": {
        "analysis_sample_rate": 44100,
        "bit_rate": 128074,
        "equal_loudness": 0,
        "length": 45.0612258911,
        "lossless": 0,
        "replay_gain": -5.67867279053,
        "sample_rate": 44100,
        "codec": "mp3",
        "downmix": "mix",
        "md5_encoded": "8eb4e29c6afcb9d963c6a2b3c9d192c9"
    },
    "tags": {
        "file_name": "1953.mp3"
    },
    "version": {
        "essentia": "2.1-beta2",
        "essentia_git_sha": "v2.1_beta2",
        "extractor": "music 1.0"
    }
},
"rhythm": {
    "beats_count": 115,
    "beats_loudness": {
        "mean": 0.0356261692941,
        "var": 0.000238048873143
    },
    "bpm": 154.325378418,
    "bpm_histogram_first_peak_bpm": {
        "mean": 157,
        "var": 0
    },
    "bpm_histogram_first_peak_spread": {
        "mean": 0.0740740448236,
        "var": 0
    },
    "bpm_histogram_first_peak_weight": {
        "mean": 0.438596487045,
        "var": 0
    },
    "bpm_histogram_second_peak_bpm": {
        "mean": 152,
        "var": 0
    },
    "bpm_histogram_second_peak_spread": {
        "mean": 0.169491514564,
        "var": 0
    },
    "bpm_histogram_second_peak_weight": {
        "mean": 0.429824560881,
        "var": 0
    },
    "danceability": 1.04700374603,
    "onset_rate": 2.97239160538,
    "beats_loudness_band_ratio": {
        "mean": [0.314609795809, 0.243338644505, 0.256576389074, 0.112158380449, 0.0886853337288, 0.0517634376884],
        "var": [0.0677461028099, 0.0194675568491, 0.0311419963837, 0.00700688688084, 0.0056585399434, 0.003822614206]
    },
    "beats_position": [0.406349211931, 0.835918366909, 1.23065757751, 1.62539684772, 2.03174591064, 2.41487526894, 2.79800438881, 3.1811337471, 3.5758728981, 3.95900225639, 4.35374164581, 4.73687076569, 5.14321994781, 5.52634906769, 5.90947818756, 6.29260778427, 6.68734693527, 7.08208608627, 7.46521520615, 7.84834432602, 8.25469398499, 8.64943313599, 9.03256225586, 9.4040813446, 9.81043052673, 10.1935596466, 10.5882987976, 10.9830379486, 11.3777770996, 11.7609071732, 12.144036293, 12.5155553818, 12.9219045639, 13.3050336838, 13.6997728348, 14.0945119858, 14.4892511368, 14.8723802567, 15.2555103302, 15.6386394501, 16.0333786011, 16.4281177521, 16.8228569031, 17.2059860229, 17.600725174, 17.995464325, 18.3785934448, 18.7617225647, 19.1564617157, 19.5395908356, 19.9343299866, 20.3174591064, 20.7121982574, 21.1069393158, 21.4900684357, 21.8731975555, 22.2679367065, 22.6510658264, 23.0458049774, 23.4289340973, 23.8236732483, 24.2184123993, 24.6015415192, 24.984670639, 25.3677997589, 25.7625389099, 26.1572780609, 26.5404071808, 26.9467563629, 27.3298854828, 27.7130146027, 28.0961437225, 28.4908847809, 28.8856239319, 29.2803630829, 29.6751022339, 30.0698413849, 30.4529705048, 30.8360996246, 31.2192287445, 31.6139678955, 32.0087051392, 32.4034461975, 32.7865753174, 33.1813163757, 33.5760536194, 33.9591827393, 34.3423118591, 34.7370529175, 35.1201820374, 35.514919281, 35.8980484009, 36.2927894592, 36.6875267029, 37.0706558228, 37.4537849426, 37.848526001, 38.2432632446, 38.638004303, 39.0095214844, 39.4158706665, 39.7989997864, 40.1821289063, 40.5652618408, 40.9599990845, 41.3547401428, 41.7378692627, 42.1209983826, 42.5273475647, 42.9220848083, 43.3052139282, 43.6767349243, 44.0830841064, 44.4894332886, 44.8841705322]
},
"tonal": {
    "chords_changes_rate": 0.0432098768651,
    "chords_number_rate": 0.00823045242578,
    "chords_strength": {
        "mean": 0.514500677586,
        "var": 0.00750181218609
    },
    "hpcp_entropy": {
        "mean": 1.91180789471,
        "var": 0.407343924046
    },
    "key_strength": 0.872696220875,
    "tuning_diatonic_strength": 0.618633031845,
    "tuning_equal_tempered_deviation": 0.0226394031197,
    "tuning_frequency": 443.060424805,
    "tuning_nontempered_energy_ratio": 0.620619535446,
    "hpcp": {
        "mean": [0.190612524748, 0.146047949791, 0.0733738392591, 0.0511515103281, 0.0547966323793, 0.195637375116, 0.281478762627, 0.169147834182, 0.253734409809, 0.373495191336, 0.203368470073, 0.0664984956384, 0.0719880759716, 0.0742577984929, 0.194504022598, 0.321982592344, 0.197984814644, 0.0543463714421, 0.035781595856, 0.0442731678486, 0.137846663594, 0.228981971741, 0.160731852055, 0.0693206116557, 0.0486905649304, 0.0568615272641, 0.0988829359412, 0.129925891757, 0.118464924395, 0.288674741983, 0.46114051342, 0.287421047688, 0.112102590501, 0.0899053290486, 0.0972930938005, 0.144845977426],
        "var": [0.0701982006431, 0.0524065829813, 0.0195367373526, 0.0146313067526, 0.0157697200775, 0.0485641881824, 0.0920480340719, 0.0358584411442, 0.0719710811973, 0.166635662317, 0.053106687963, 0.010721379891, 0.027088528499, 0.0204962138087, 0.0483146980405, 0.0979034826159, 0.0504431314766, 0.0126159526408, 0.00982444733381, 0.0112875830382, 0.0305272322148, 0.0786046907306, 0.0457918047905, 0.0248674359173, 0.0132459783927, 0.0269030164927, 0.0377503298223, 0.0560455434024, 0.0356424152851, 0.0668980404735, 0.133906438947, 0.0740863978863, 0.0405263192952, 0.0264328792691, 0.0300356708467, 0.046432543546]
    },
    "chords_histogram": [39.711933136, 9.56790161133, 33.7448577881, 3.90946507454, 2.16049385071, 0, 0, 0, 0, 0, 0, 0, 0, 0, 0, 0, 0, 2.16049385071, 0, 0.925925910473, 0, 2.46913576126, 0.205761313438, 5.14403295517],
    "thpcp": [1, 0.623283028603, 0.243098556995, 0.194962978363, 0.210983619094, 0.314103782177, 0.413350194693, 0.316710293293, 0.159113839269, 0.110923916101, 0.118828490376, 0.424246788025, 0.610396921635, 0.366803228855, 0.550232291222, 0.809937953949, 0.441011935472, 0.14420440793, 0.156108766794, 0.161030739546, 0.421789050102, 0.698230981827, 0.42933729291, 0.117852084339, 0.0775936916471, 0.0960079804063, 0.29892551899, 0.496555745602, 0.348552882671, 0.150324270129, 0.105587266386, 0.123306289315, 0.214431241155, 0.281749039888, 0.256895512342, 0.62600171566],
    "chords_key": "C",
    "chords_scale": "major",
    "key_key": "C",
    "key_scale": "major"
}
}