{
"lowlevel": {
    "average_loudness": 0.975474238396,
    "barkbands_crest": {
        "mean": 14.0232028961,
        "var": 23.917755127
    },
    "barkbands_flatness_db": {
        "mean": 0.142091587186,
        "var": 0.00774470018223
    },
    "barkbands_kurtosis": {
        "mean": 7.23002338409,
        "var": 215.60043335
    },
    "barkbands_skewness": {
        "mean": 1.98781836033,
        "var": 2.44349718094
    },
    "barkbands_spread": {
        "mean": 28.3241291046,
        "var": 371.311248779
    },
    "dissonance": {
        "mean": 0.47863560915,
        "var": 0.000302512518829
    },
    "dynamic_complexity": 1.99400746822,
    "erbbands_crest": {
        "mean": 6.44287729263,
        "var": 9.69835472107
    },
    "erbbands_flatness_db": {
        "mean": 0.130276963115,
        "var": 0.00207853782922
    },
    "erbbands_kurtosis": {
        "mean": 0.108250759542,
        "var": 4.13983154297
    },
    "erbbands_skewness": {
        "mean": -0.0925509333611,
        "var": 0.460143387318
    },
    "erbbands_spread": {
        "mean": 43.4931907654,
        "var": 337.148498535
    },
    "hfc": {
        "mean": 35.2388687134,
        "var": 1089.93835449
    },
    "melbands_crest": {
        "mean": 18.6629734039,
        "var": 26.9029350281
    },
    "melbands_flatness_db": {
        "mean": 0.224962592125,
        "var": 0.0116560878232
    },
    "melbands_kurtosis": {
        "mean": 23.1086845398,
        "var": 945.088378906
    },
    "melbands_skewness": {
        "mean": 3.63570356369,
        "var": 3.8972234726
    },
    "melbands_spread": {
        "mean": 22.2336730957,
        "var": 278.452911377
    },
    "pitch_salience": {
        "mean": 0.443159401417,
        "var": 0.0102099878713
    },
    "silence_rate_20dB": {
        "mean": 1,
        "var": 0
    },
    "silence_rate_30dB": {
        "mean": 0.905767261982,
        "var": 0.0853536128998
    },
    "silence_rate_60dB": {
        "mean": 0.00154479919001,
        "var": 0.00154241069686
    },
    "spectral_centroid": {
        "mean": 1624.80419922,
        "var": 406760.9375
    },
    "spectral_complexity": {
        "mean": 29.028837204,
        "var": 141.023864746
    },
    "spectral_decrease": {
        "mean": -1.3216776118e-008,
        "var": 8.73864436394e-017
    },
    "spectral_energy": {
        "mean": 0.0530793443322,
        "var": 0.00130687444471
    },
    "spectral_energyband_high": {
        "mean": 0.0017323232023,
        "var": 9.80163713393e-006
    },
    "spectral_energyband_low": {
        "mean": 0.0354073606431,
        "var": 0.00104761996772
    },
    "spectral_energyband_middle_high": {
        "mean": 0.00808133557439,
        "var": 4.45456862508e-005
    },
    "spectral_energyband_middle_low": {
        "mean": 0.00911493878812,
        "var": 4.82237446704e-005
    },
    "spectral_entropy": {
        "mean": 7.73221683502,
        "var": 0.318606197834
    },
    "spectral_flux": {
        "mean": 0.100808911026,
        "var": 0.0038493219763
    },
    "spectral_kurtosis": {
        "mean": 5.78234672546,
        "var": 108.866889954
    },
    "spectral_rms": {
        "mean": 0.00687542697415,
        "var": 4.51328696727e-006
    },
    "spectral_rolloff": {
        "mean": 1587.8248291,
        "var": 4450583.5
    },
    "spectral_skewness": {
        "mean": 1.57415604591,
        "var": 0.74687486887
    },
    "spectral_spread": {
        "mean": 4749045,
        "var": 6.58312370586e+012
    },
    "spectral_strongpeak": {
        "mean": 0.622475445271,
        "var": 0.915667533875
    },
    "zerocrossingrate": {
        "mean": 0.0587689988315,
        "var": 0.0020791660063
    },
    "barkbands": {
        "mean": [0.000650827598292, 0.0282383915037, 0.00542235421017, 0.00174835394137, 0.00184298364911, 0.00152374512982, 0.00150383787695, 0.001322799013, 0.000916036078706, 0.00113722891547, 0.000947429158259, 0.000745229423046, 0.000718205410521, 0.000657794531435, 0.000713549321517, 0.000951038440689, 0.000725403660908, 0.000520980218425, 0.00083974970039, 0.000365568674169, 0.000246893643634, 0.000167804915691, 0.000209370919038, 0.000364006293239, 0.000378148659365, 0.000205725737032, 1.59355895448e-005],
        "var": [1.51364588419e-006, 0.000837535364553, 4.62082862214e-005, 8.2661590568e-006, 4.82580890093e-006, 2.49792924478e-006, 4.53516986454e-006, 5.16589761901e-006, 1.28271153699e-006, 2.326875574e-006, 1.49025827341e-005, 1.09040797724e-006, 7.88465570167e-007, 3.31576984536e-007, 1.48452124904e-006, 1.62669903148e-006, 6.49283038001e-007, 2.03713199198e-007, 1.40915221891e-006, 1.83280604915e-007, 9.87568640198e-008, 5.70068294792e-008, 1.67623511516e-007, 1.1071224435e-006, 1.26489464947e-006, 3.57373551196e-007, 2.40062658641e-009]
    },
    "erbbands": {
        "mean": [0.796568155289, 6.26917695999, 8.07871341705, 6.1363286972, 5.01389503479, 6.22365045547, 10.6712169647, 12.6060762405, 22.1882019043, 23.5326061249, 27.7593631744, 19.1638641357, 28.9653682709, 41.3368797302, 27.0232696533, 30.9499359131, 29.9707813263, 26.694026947, 36.5675048828, 45.5654563904, 50.656867981, 43.8491783142, 30.596862793, 40.9085960388, 33.0868339539, 15.448592186, 11.9536790848, 8.00666904449, 5.96458864212, 6.1666727066, 6.08910894394, 5.92811059952, 7.01627969742, 4.7201423645, 2.4014673233, 1.05153012276, 0.341554373503, 0.0616364181042, 0.00178166432306, 0.00011092787463],
        "var": [1.08359360695, 36.9752235413, 69.4322433472, 58.4501304626, 54.7071380615, 56.4966392517, 178.730865479, 148.649108887, 1009.23858643, 1721.10888672, 1398.17919922, 478.588500977, 1792.6229248, 18041.4511719, 2497.52148438, 1440.06518555, 1269.6640625, 410.751983643, 1191.62780762, 3445.27075195, 3655.69848633, 2324.16992188, 619.290222168, 2740.71899414, 1678.55529785, 316.477996826, 193.194885254, 132.215957642, 74.3107910156, 91.7046051025, 157.915664673, 213.942764282, 497.118713379, 221.993774414, 47.7482070923, 9.45312213898, 0.980692446232, 0.0313408225775, 2.79561172647e-005, 2.19880700314e-008]
    },
    "gfcc": {
        "mean": [36.9209671021, 94.3555603027, -108.608078003, 43.3904457092, -37.497631073, 19.8963508606, -30.5458641052, 20.8809566498, -16.5622997284, 7.40554714203, -10.8794145584, 3.37253189087, -8.98764705658],
        "cov": [[7905.06835938, -2768.08496094, -1062.88769531, -319.163482666, -989.050964355, 770.78515625, -476.865570068, 591.476318359, -306.843811035, 309.116973877, -290.748840332, 212.46472168, -438.696258545], [-2768.08496094, 1752.61499023, 62.9694099426, 220.29486084, 407.996246338, -408.954284668, 259.278594971, -301.496643066, 179.256118774, -140.182159424, 167.174163818, -121.726890564, 227.271743774], [-1062.88769531, 62.9694099426, 922.136047363, -68.2145996094, 213.287780762, -33.4218177795, -26.7516803741, -14.7794408798, 40.4976959229, -4.39940977097, -26.3206996918, 14.1787462234, 53.9674301147], [-319.163482666, 220.29486084, -68.2145996094, 251.302658081, 36.3903846741, -66.617401123, 87.2827453613, -64.4269332886, 43.6647529602, -28.1241703033, 43.9239578247, -8.51500606537, 66.80103302], [-989.050964355, 407.996246338, 213.287780762, 36.3903846741, 245.461410522, -81.8485488892, 79.3137359619, -74.3818969727, 49.3945121765, -32.6296691895, 45.5891990662, -16.2445831299, 72.180267334], [770.78515625, -408.954284668, -33.4218177795, -66.617401123, -81.8485488892, 185.891830444, -58.0114593506, 77.4853286743, -36.0242576599, 25.306230545, -29.837310791, 29.1282138824, -48.388420105], [-476.865570068, 259.278594971, -26.7516803741, 87.2827453613, 79.3137359619, -58.0114593506, 130.612930298, -40.2727851868, 27.8842735291, -23.9844036102, 31.2736053467, -15.5597028732, 51.5815124512], [591.476318359, -301.496643066, -14.7794408798, -64.4269332886, -74.3818969727, 77.4853286743, -40.2727851868, 116.917747498, -11.9832258224, 36.8433570862, -30.6319332123, 16.7847957611, -44.7703590393], [-306.843811035, 179.256118774, 40.4976959229, 43.6647529602, 49.3945121765, -36.0242576599, 27.8842735291, -11.9832258224, 77.463180542, -0.174369454384, 17.4232177734, -11.2633123398, 30.9543228149], [309.116973877, -140.182159424, -4.39940977097, -28.1241703033, -32.6296691895, 25.306230545, -23.9844036102, 36.8433570862, -0.174369454384, 71.3239135742, 3.8724167347, 18.4294261932, -23.2098827362], [-290.748840332, 167.174163818, -26.3206996918, 43.9239578247, 45.5891990662, -29.837310791, 31.2736053467, -30.6319332123, 17.4232177734, 3.8724167347, 90.0735931396, 7.61385297775, 21.5826873779], [212.46472168, -121.726890564, 14.1787462234, -8.51500606537, -16.2445831299, 29.1282138824, -15.5597028732, 16.7847957611, -11.2633123398, 18.4294261932, 7.61385297775, 56.1864433289, 10.3254384995], [-438.696258545, 227.271743774, 53.9674301147, 66.80103302, 72.180267334, -48.388420105, 51.5815124512, -44.7703590393, 30.9543228149, -23.2098827362, 21.5826873779, 10.3254384995, 97.523399353]],
        "icov": [[0.000663364771754, -0.000182780859177, 0.000494606792927, -0.000649220310152, 0.000700412783772, -0.00126201100647, 0.000755409884732, -0.00126994680613, 0.000854449870531, -0.00123972259462, 0.00130329967942, -0.00141874316614, 0.000749423634261], [-0.000182780859177, 0.00435480056331, 0.00056336785201, 0.00214849226177, -0.0020861546509, 0.00440013455227, -0.00160378322471, 0.00403630081564, -0.0045056855306, 0.00263996259309, -0.00384701299481, 0.00525722559541, -0.0039725555107], [0.000494606792927, 0.00056336785201, 0.00218082685024, 7.66446555645e-006, -0.00187382381409, -0.00010641105473, 0.00162186578382, -0.000765758217312, -0.000336274242727, -0.000785336480476, 0.00157303572632, -0.000937958073337, -0.000504315190483], [-0.000649220310152, 0.00214849226177, 7.66446555645e-006, 0.00831391569227, 0.000542630499694, 0.00317291519605, -0.00452788639814, 0.00516561046243, -0.00532571319491, 0.00304848211817, -0.00430042017251, 0.00345899444073, -0.00468605011702], [0.000700412783772, -0.0020861546509, -0.00187382381409, 0.000542630499694, 0.011551479809, -0.00296460767277, -0.00283791963011, 0.000130954285851, 0.000268042756943, -0.00109533697832, -0.000344426400261, -0.00213382416405, 0.000174539673026], [-0.00126201100647, 0.00440013455227, -0.00010641105473, 0.00317291519605, -0.00296460767277, 0.0150242354721, -0.00152678135782, 0.00171334657352, -0.00405997876078, 0.0053687770851, -0.0051698340103, 0.00400394899771, -0.00351620255969], [0.000755409884732, -0.00160378322471, 0.00162186578382, -0.00452788639814, -0.00283791963011, -0.00152678135782, 0.0156613253057, -0.00490947486833, 0.00329638272524, -0.00157484377269, 0.00177484075539, -0.000416432711063, -0.00162459549028], [-0.00126994680613, 0.00403630081564, -0.000765758217312, 0.00516561046243, 0.000130954285851, 0.00171334657352, -0.00490947486833, 0.0225071497262, -0.00906399730593, 0.000103120350104, -0.00273357098922, 0.00438621547073, -0.00150921219029], [0.000854449870531, -0.0045056855306, -0.000336274242727, -0.00532571319491, 0.000268042756943, -0.00405997876078, 0.00329638272524, -0.00906399730593, 0.0242522303015, -0.00716306176037, 0.00363396387547, -0.0011894190684, -2.02905976039e-005], [-0.00123972259462, 0.00263996259309, -0.000785336480476, 0.00304848211817, -0.00109533697832, 0.0053687770851, -0.00157484377269, 0.000103120350104, -0.00716306176037, 0.0235043205321, -0.00739795574918, -0.000744473130908, 0.000555797130801], [0.00130329967942, -0.00384701299481, 0.00157303572632, -0.00430042017251, -0.000344426400261, -0.0051698340103, 0.00177484075539, -0.00273357098922, 0.00363396387547, -0.00739795574918, 0.0210439525545, -0.0112250931561, 0.00601645372808], [-0.00141874316614, 0.00525722559541, -0.000937958073337, 0.00345899444073, -0.00213382416405, 0.00400394899771, -0.000416432711063, 0.00438621547073, -0.0011894190684, -0.000744473130908, -0.0112250931561, 0.0356201529503, -0.0157708954066], [0.000749423634261, -0.0039725555107, -0.000504315190483, -0.00468605011702, 0.000174539673026, -0.00351620255969, -0.00162459549028, -0.00150921219029, -2.02905976039e-005, 0.000555797130801, 0.00601645372808, -0.0157708954066, 0.0251414142549]]
    },
    "melbands": {
        "mean": [0.00766152981669, 0.00582495843992, 0.00102685869206, 0.000402609497542, 0.000353864248609, 0.000301473017316, 0.000314969453029, 0.000272427074378, 0.000226368225412, 0.000111619847303, 0.000151858010213, 0.000173649052158, 9.83386053122e-005, 8.32517762319e-005, 9.14433549042e-005, 5.70408628846e-005, 4.82206269226e-005, 5.87026188441e-005, 6.5304178861e-005, 6.67790664011e-005, 5.44715258002e-005, 4.75846900372e-005, 2.72596298601e-005, 2.61907534878e-005, 3.42592866218e-005, 3.30451912305e-005, 1.6214849893e-005, 8.50027845445e-006, 7.61307501307e-006, 5.95938854531e-006, 4.11861128669e-006, 3.34453670803e-006, 3.21435140904e-006, 3.49166816704e-006, 3.61152478945e-006, 3.08740595756e-006, 3.86591773349e-006, 5.0173098316e-006, 4.71818975711e-006, 3.7185329802e-006],
        "var": [7.44031567592e-005, 2.47908446909e-005, 1.64599089203e-006, 2.50525459933e-007, 1.87171707466e-007, 8.08185731671e-008, 1.93710917529e-007, 2.42090095526e-007, 8.51252153211e-008, 1.67753935187e-008, 4.93391567602e-008, 2.52158827152e-007, 8.65236913228e-008, 1.84021970995e-008, 2.35323476261e-008, 3.56685769809e-009, 1.60233704083e-009, 3.34717165096e-009, 1.68381344423e-008, 9.05381813965e-009, 4.02673450139e-009, 3.09779846219e-009, 5.97979221695e-010, 4.9095272292e-010, 2.34948749345e-009, 2.96832824986e-009, 4.5750420119e-010, 1.40737144161e-010, 7.91539125911e-011, 6.2072687268e-011, 3.88237740567e-011, 2.67111402441e-011, 2.26368455231e-011, 3.41881419008e-011, 5.610053741e-011, 4.69782442114e-011, 1.10550485433e-010, 2.74194028593e-010, 2.33078334411e-010, 1.38630107394e-010]
    },
    "mfcc": {
        "mean": [-606.163574219, 122.097885132, -0.969730556011, 31.1846008301, 18.6014957428, 7.85798215866, 7.79629278183, 11.306101799, 6.05188941956, 8.72848320007, 3.38861346245, 3.40296602249, 4.86167430878],
        "cov": [[7401.97509766, -2061.55102539, -899.258850098, -900.021118164, -505.377105713, -247.84854126, -37.8616943359, 54.2387809753, -44.7489089966, 124.539321899, 129.893829346, 59.0198554993, 32.9435844421], [-2061.55102539, 1078.81567383, 55.7238616943, 341.33895874, 102.325302124, 74.9888153076, -10.2176895142, -42.7664375305, 12.0276041031, -40.6387062073, -31.0374393463, 8.85104370117, -12.3846998215], [-899.258850098, 55.7238616943, 583.422790527, 13.3198385239, 190.917251587, 17.3082084656, -3.79553771019, -6.84005594254, 44.6441879272, -17.372833252, -22.417016983, -7.08501625061, -5.91631174088], [-900.021118164, 341.33895874, 13.3198385239, 365.268890381, 0.37194621563, 60.2254142761, 1.19049334526, -13.8629341125, 19.2518939972, -17.0411548615, -27.9994411469, 1.48176884651, -5.88052654266], [-505.377105713, 102.325302124, 190.917251587, 0.37194621563, 166.268676758, 22.3905525208, 4.29668092728, 4.27318286896, 12.4113311768, -12.0095272064, -5.21271705627, 10.7177715302, 5.83536195755], [-247.84854126, 74.9888153076, 17.3082084656, 60.2254142761, 22.3905525208, 90.1128692627, 16.7801361084, 5.00614356995, 0.974964976311, -7.63168334961, -15.8637857437, -0.644193172455, -2.22038769722], [-37.8616943359, -10.2176895142, -3.79553771019, 1.19049334526, 4.29668092728, 16.7801361084, 71.1320037842, 17.5031013489, -2.37563419342, -1.59901428223, -0.636152267456, -4.50669765472, 2.74174952507], [54.2387809753, -42.7664375305, -6.84005594254, -13.8629341125, 4.27318286896, 5.00614356995, 17.5031013489, 54.8824081421, 11.1710958481, 3.79028964043, -5.68452739716, -5.54606580734, 1.77615833282], [-44.7489089966, 12.0276041031, 44.6441879272, 19.2518939972, 12.4113311768, 0.974964976311, -2.37563419342, 11.1710958481, 84.0671081543, 9.6932554245, -10.15782547, -4.24673891068, -8.83793258667], [124.539321899, -40.6387062073, -17.372833252, -17.0411548615, -12.0095272064, -7.63168334961, -1.59901428223, 3.79028964043, 9.6932554245, 43.4627952576, 18.2350063324, 1.12688016891, 0.605076253414], [129.893829346, -31.0374393463, -22.417016983, -27.9994411469, -5.21271705627, -15.8637857437, -0.636152267456, -5.68452739716, -10.15782547, 18.2350063324, 55.9268836975, 23.8579120636, 9.60667037964], [59.0198554993, 8.85104370117, -7.08501625061, 1.48176884651, 10.7177715302, -0.644193172455, -4.50669765472, -5.54606580734, -4.24673891068, 1.12688016891, 23.8579120636, 53.6075019836, 17.5448570251], [32.9435844421, -12.3846998215, -5.91631174088, -5.88052654266, 5.83536195755, -2.22038769722, 2.74174952507, 1.77615833282, -8.83793258667, 0.605076253414, 9.60667037964, 17.5448570251, 45.8079452515]],
        "icov": [[0.000538528722245, 0.000770106853452, 0.000590373936575, 0.000593479024246, 0.00052344420692, 0.000162250013091, 0.000233755170484, 0.000170746745425, -0.000362827675417, -0.000150333115016, 0.00015314600023, -0.000857564271428, 0.000122245532111], [0.000770106853452, 0.00264075328596, 0.00120990828145, -0.000512488244567, -0.000598056649324, 9.60760735325e-005, 0.000485502008814, 0.00117560010403, -0.000575508049224, 0.000396811054088, 0.000155782370712, -0.00112638960127, 0.000539268192369], [0.000590373936575, 0.00120990828145, 0.00368235842325, 0.000297669437714, -0.00315015506931, 0.000486272765556, 0.000377975025913, 0.00129873410333, -0.00151841947809, 0.000271325116046, 0.000493023893796, -4.05271566706e-005, 0.000383810111089], [0.000593479024246, -0.000512488244567, 0.000297669437714, 0.00515983905643, 0.00224650651217, -0.00184554047883, 0.000214149680687, 0.000503261515405, -0.00126585748512, 6.55049552734e-006, 0.0012988219969, -0.00170752464328, -0.000135201000376], [0.00052344420692, -0.000598056649324, -0.00315015506931, 0.00224650651217, 0.0122357876971, -0.00186758732889, -9.03708314581e-006, -0.00188080593944, -0.000415376474848, 0.00100770697463, -8.53752717376e-005, -0.00329370610416, -0.00104637304321], [0.000162250013091, 9.60760735325e-005, 0.000486272765556, -0.00184554047883, -0.00186758732889, 0.0142575912178, -0.00303508923389, -0.000633463205304, 0.000878885912243, -0.000676765921526, 0.00366766750813, -0.00170945993159, 0.00093447038671], [0.000233755170484, 0.000485502008814, 0.000377975025913, 0.000214149680687, -9.03708314581e-006, -0.00303508923389, 0.0163734424859, -0.00488654198125, 0.000537839252502, 0.00123837473802, -0.00209473143332, 0.00184397725388, -0.00107658607885], [0.000170746745425, 0.00117560010403, 0.00129873410333, 0.000503261515405, -0.00188080593944, -0.000633463205304, -0.00488654198125, 0.022249378264, -0.00326431333087, -0.00182070583105, 0.00266012502834, 0.00113202875946, -0.00153114995919], [-0.000362827675417, -0.000575508049224, -0.00151841947809, -0.00126585748512, -0.000415376474848, 0.000878885912243, 0.000537839252502, -0.00326431333087, 0.0145728643984, -0.00494386721402, 0.00339866173454, -0.000928198627662, 0.00245628482662], [-0.000150333115016, 0.000396811054088, 0.000271325116046, 6.55049552734e-006, 0.00100770697463, -0.000676765921526, 0.00123837473802, -0.00182070583105, -0.00494386721402, 0.0303944572806, -0.0121907107532, 0.00436198944226, -0.000382830476156], [0.00015314600023, 0.000155782370712, 0.000493023893796, 0.0012988219969, -8.53752717376e-005, 0.00366766750813, -0.00209473143332, 0.00266012502834, 0.00339866173454, -0.0121907107532, 0.029765676707, -0.012659881264, -0.000203474381124], [-0.000857564271428, -0.00112638960127, -4.05271566706e-005, -0.00170752464328, -0.00329370610416, -0.00170945993159, 0.00184397725388, 0.00113202875946, -0.000928198627662, 0.00436198944226, -0.012659881264, 0.0289548709989, -0.0084014730528], [0.000122245532111, 0.000539268192369, 0.000383810111089, -0.000135201000376, -0.00104637304321, 0.00093447038671, -0.00107658607885, -0.00153114995919, 0.00245628482662, -0.000382830476156, -0.000203474381124, -0.0084014730528, 0.0259622372687]]
    },
    "spectral_contrast_coeffs": {
        "mean": [-0.686858475208, -0.747330784798, -0.790339887142, -0.786875486374, -0.780348360538, -0.768164038658],
        "var": [0.00365691026673, 0.00308916787617, 0.00253166095354, 0.00172292126808, 0.00131723145023, 0.0014243213227]
    },
    "spectral_contrast_valleys": {
        "mean": [-6.54600667953, -6.40615367889, -6.96110868454, -7.12327623367, -7.10399532318, -9.82690906525],
        "var": [0.502386331558, 0.770228028297, 0.94141805172, 0.990995466709, 1.14312684536, 1.99278008938]
    }
},
"metadata": {
    "audio_properties": {
        "analysis_sample_rate": 44100,
        "bit_rate": 128074,
        "equal_loudness": 0,
        "length": 45.0612258911,
        "lossless": 0,
        "replay_gain": -5.24306678772,
        "sample_rate": 44100,
        "codec": "mp3",
        "downmix": "mix",
        "md5_encoded": "26bc1a2b9ac41591e29f8005d7b2da9e"
    },
    "tags": {
        "file_name": "1954.mp3"
    },
    "version": {
        "essentia": "2.1-beta2",
        "essentia_git_sha": "v2.1_beta2",
        "extractor": "music 1.0"
    }
},
"rhythm": {
    "beats_count": 90,
    "beats_loudness": {
        "mean": 0.0864587724209,
        "var": 0.00184586097021
    },
    "bpm": 121.24911499,
    "bpm_histogram_first_peak_bpm": {
        "mean": 120,
        "var": 0
    },
    "bpm_histogram_first_peak_spread": {
        "mean": 0.488095253706,
        "var": 0
    },
    "bpm_histogram_first_peak_weight": {
        "mean": 0.483146071434,
        "var": 0
    },
    "bpm_histogram_second_peak_bpm": {
        "mean": 112,
        "var": 0
    },
    "bpm_histogram_second_peak_spread": {
        "mean": 0.5,
        "var": 0
    },
    "bpm_histogram_second_peak_weight": {
        "mean": 0.0112359551713,
        "var": 0
    },
    "danceability": 1.25021147728,
    "onset_rate": 3.23857593536,
    "beats_loudness_band_ratio": {
        "mean": [0.730871081352, 0.0463969968259, 0.0625348687172, 0.0519637390971, 0.0657430589199, 0.0558745227754],
        "var": [0.034158334136, 0.00115170772187, 0.00500796688721, 0.00222889054567, 0.00284638628364, 0.00346481380984]
    },
    "beats_position": [0.441179126501, 0.893968224525, 1.369977355, 1.83437633514, 2.32199549675, 2.80961441994, 3.32045340538, 3.8196823597, 4.31891155243, 4.80653047562, 5.2941493988, 5.79337835312, 6.29260778427, 6.79183673859, 7.2910656929, 7.77868461609, 8.26630401611, 8.75392246246, 9.25315189362, 9.75238037109, 10.2399997711, 10.7392292023, 11.2384576797, 11.7260770798, 12.2136955261, 12.7129249573, 13.2121543884, 13.6997728348, 14.1873922348, 14.6866207123, 15.1858501434, 15.6734695435, 16.1726989746, 16.6719264984, 17.1595458984, 17.6471652985, 18.1463947296, 18.6456241608, 19.1332416534, 19.6324710846, 20.1317005157, 20.6193199158, 21.1301574707, 21.6177768707, 22.1053962708, 22.6046257019, 23.1038551331, 23.5914726257, 24.0790920258, 24.5667114258, 25.0659408569, 25.5651702881, 26.0527877808, 26.5520172119, 27.0512466431, 27.5388660431, 28.0380954742, 28.5257129669, 29.0249423981, 29.5125617981, 30.0001811981, 30.4994106293, 30.9986381531, 31.4862575531, 31.9854869843, 32.4847145081, 32.9723358154, 33.4715652466, 33.9707946777, 34.4584121704, 34.9460296631, 35.4452590942, 35.9444885254, 36.4321098328, 36.9429473877, 37.4305648804, 37.9181861877, 38.4174156189, 38.91664505, 39.4042625427, 39.8918800354, 40.3911094666, 40.8903388977, 41.3895683289, 41.9004058838, 42.3996353149, 42.8988647461, 43.4097061157, 43.9321517944, 44.4662132263]
},
"tonal": {
    "chords_changes_rate": 0.0349794253707,
    "chords_number_rate": 0.00411522621289,
    "chords_strength": {
        "mean": 0.508236944675,
        "var": 0.00325904111378
    },
    "hpcp_entropy": {
        "mean": 1.85638475418,
        "var": 0.620007157326
    },
    "key_strength": 0.793807327747,
    "tuning_diatonic_strength": 0.629351556301,
    "tuning_equal_tempered_deviation": 0.122048810124,
    "tuning_frequency": 447.174194336,
    "tuning_nontempered_energy_ratio": 0.707312464714,
    "hpcp": {
        "mean": [0.0558162145317, 0.0567022301257, 0.10240612179, 0.120276324451, 0.0710812583566, 0.0353822484612, 0.0284547377378, 0.0547266677022, 0.113382056355, 0.11378262192, 0.0891210287809, 0.182667642832, 0.232036754489, 0.1261498034, 0.0470623336732, 0.0364670716226, 0.0782063603401, 0.221011057496, 0.228828981519, 0.0811428129673, 0.0224635209888, 0.0209919661283, 0.0325343795121, 0.0713320448995, 0.0753877609968, 0.0327256955206, 0.0159525498748, 0.014176607132, 0.0211074091494, 0.0526150092483, 0.0647016614676, 0.0622617304325, 0.217862352729, 0.350428342819, 0.208200290799, 0.0717661008239],
        "var": [0.0299752652645, 0.0243705846369, 0.0457278527319, 0.0533191338181, 0.0290657952428, 0.0165324099362, 0.0107104713097, 0.0208153333515, 0.0557942613959, 0.0514236353338, 0.0320768356323, 0.0896796509624, 0.134704038501, 0.0538705773652, 0.0170568656176, 0.014474902302, 0.0267391167581, 0.113940492272, 0.10208337754, 0.016653707251, 0.00522786425427, 0.00630287826061, 0.0128803690895, 0.0308761820197, 0.0285066720098, 0.00395302195102, 0.00399320106953, 0.00389801571146, 0.00323938322254, 0.0179281365126, 0.025136211887, 0.0177941992879, 0.0608952902257, 0.15690305829, 0.0688371956348, 0.0380830653012]
    },
    "chords_histogram": [28.1893005371, 0, 64.6090545654, 0, 4.83539104462, 0, 0, 0, 0, 0, 0, 0, 0, 0, 0, 0, 0, 0, 0, 2.26337456703, 0, 0, 0, 0.102880656719],
    "thpcp": [1, 0.59413087368, 0.204795360565, 0.159279972315, 0.161808341742, 0.29223126173, 0.343226581812, 0.202841058373, 0.100968569517, 0.0811998769641, 0.156170785427, 0.323552757502, 0.324695825577, 0.254320263863, 0.521269619465, 0.662151813507, 0.359987437725, 0.134299457073, 0.104064278305, 0.223173618317, 0.630688309669, 0.652997910976, 0.231553226709, 0.0641030371189, 0.0599037334323, 0.0928417444229, 0.203556716442, 0.215130314231, 0.0933876931667, 0.0455230027437, 0.0404550805688, 0.060233168304, 0.150144845247, 0.184635922313, 0.177673220634, 0.621703028679],
    "chords_key": "G#",
    "chords_scale": "major",
    "key_key": "C#",
    "key_scale": "major"
}
}