{
"lowlevel": {
    "average_loudness": 0.942423164845,
    "barkbands_crest": {
        "mean": 6.29322576523,
        "var": 6.09663534164
    },
    "barkbands_flatness_db": {
        "mean": 0.106628619134,
        "var": 0.00135748030152
    },
    "barkbands_kurtosis": {
        "mean": -0.540807306767,
        "var": 0.864071905613
    },
    "barkbands_skewness": {
        "mean": 0.531880021095,
        "var": 0.20789270103
    },
    "barkbands_spread": {
        "mean": 29.2133407593,
        "var": 106.115066528
    },
    "dissonance": {
        "mean": 0.48154848814,
        "var": 0.000240807217779
    },
    "dynamic_complexity": 2.27849340439,
    "erbbands_crest": {
        "mean": 8.0620059967,
        "var": 10.7291088104
    },
    "erbbands_flatness_db": {
        "mean": 0.177617877722,
        "var": 0.00174357625656
    },
    "erbbands_kurtosis": {
        "mean": -0.123043052852,
        "var": 0.853652894497
    },
    "erbbands_skewness": {
        "mean": -0.338188916445,
        "var": 0.26909083128
    },
    "erbbands_spread": {
        "mean": 32.7191696167,
        "var": 109.047271729
    },
    "hfc": {
        "mean": 28.8128604889,
        "var": 234.832092285
    },
    "melbands_crest": {
        "mean": 10.2203960419,
        "var": 10.4492530823
    },
    "melbands_flatness_db": {
        "mean": 0.147686183453,
        "var": 0.00184206280392
    },
    "melbands_kurtosis": {
        "mean": 2.27775335312,
        "var": 6.36712932587
    },
    "melbands_skewness": {
        "mean": 1.47722506523,
        "var": 0.459678262472
    },
    "melbands_spread": {
        "mean": 38.3247680664,
        "var": 210.417251587
    },
    "pitch_salience": {
        "mean": 0.645939290524,
        "var": 0.00616878923029
    },
    "silence_rate_20dB": {
        "mean": 1,
        "var": 0
    },
    "silence_rate_30dB": {
        "mean": 1,
        "var": 0
    },
    "silence_rate_60dB": {
        "mean": 0.0499485060573,
        "var": 0.0474536009133
    },
    "spectral_centroid": {
        "mean": 1835.39050293,
        "var": 231133.515625
    },
    "spectral_complexity": {
        "mean": 32.1380004883,
        "var": 107.195014954
    },
    "spectral_decrease": {
        "mean": -6.26485574529e-009,
        "var": 1.09519920786e-017
    },
    "spectral_energy": {
        "mean": 0.0262584090233,
        "var": 0.000185870070709
    },
    "spectral_energyband_high": {
        "mean": 0.000806144671515,
        "var": 8.0549472159e-007
    },
    "spectral_energyband_low": {
        "mean": 0.00383225595579,
        "var": 6.87770034347e-006
    },
    "spectral_energyband_middle_high": {
        "mean": 0.0106794452295,
        "var": 6.41234582872e-005
    },
    "spectral_energyband_middle_low": {
        "mean": 0.0122640840709,
        "var": 6.25889151706e-005
    },
    "spectral_entropy": {
        "mean": 7.73131561279,
        "var": 0.0632093325257
    },
    "spectral_flux": {
        "mean": 0.0860382169485,
        "var": 0.000944508705288
    },
    "spectral_kurtosis": {
        "mean": 4.15626096725,
        "var": 4.58129262924
    },
    "spectral_rms": {
        "mean": 0.0048440983519,
        "var": 2.15266436498e-006
    },
    "spectral_rolloff": {
        "mean": 2323.77563477,
        "var": 760034.9375
    },
    "spectral_skewness": {
        "mean": 1.20132887363,
        "var": 0.0645935088396
    },
    "spectral_spread": {
        "mean": 3323120.75,
        "var": 1.53125886362e+012
    },
    "spectral_strongpeak": {
        "mean": 1.17626690865,
        "var": 2.46691346169
    },
    "zerocrossingrate": {
        "mean": 0.0741634368896,
        "var": 0.000660433724988
    },
    "barkbands": {
        "mean": [1.52339071064e-005, 0.00069000327494, 0.00220576114953, 0.00213904050179, 0.0023179880809, 0.00194399303291, 0.00180613074917, 0.00151408009697, 0.00190450053196, 0.00176014320459, 0.00113125261851, 0.0012480354635, 0.000961335608736, 0.00091534369858, 0.000616137927864, 0.00100326573011, 0.00193684303667, 0.00049748463789, 0.000423441611929, 0.000618483813014, 0.000255147984717, 0.000152104039444, 8.53375750012e-005, 8.07958058431e-005, 2.68889652943e-005, 9.1659512691e-006, 4.99741815929e-007],
        "var": [5.80831605035e-010, 6.42860641165e-007, 3.91768571717e-006, 4.41604333901e-006, 4.78274796478e-006, 3.49011111211e-006, 2.60652768702e-006, 4.6641625886e-006, 2.19694575208e-005, 1.7062342522e-005, 5.1502001952e-006, 4.70611348646e-006, 3.34911055688e-006, 2.17131514546e-006, 1.26770009956e-006, 5.96460779434e-007, 2.07801735996e-006, 1.40246157798e-007, 9.46846867578e-008, 2.16740374981e-007, 6.06251262525e-008, 4.83500990356e-008, 1.92762126261e-008, 3.14524584155e-008, 2.07150696596e-009, 2.76946354738e-010, 1.12781431329e-012]
    },
    "erbbands": {
        "mean": [0.00707011856139, 0.228915780783, 2.04429602623, 5.1138548851, 7.89099693298, 7.77245950699, 10.0436258316, 18.7213249207, 26.3920650482, 27.3502120972, 33.7295379639, 47.2731208801, 53.367275238, 51.192527771, 42.6180305481, 49.879447937, 47.8150978088, 48.6660308838, 44.9773864746, 23.5293483734, 84.0829925537, 98.9587554932, 37.1168632507, 18.575088501, 29.1226787567, 26.7837486267, 11.3488826752, 9.83387947083, 5.79804325104, 3.62848591805, 2.21842503548, 2.06564021111, 1.02841293812, 0.41180062294, 0.147345066071, 0.0516470298171, 0.0145453605801, 0.00238519976847, 7.27163933334e-005, 3.49585789081e-005],
        "var": [4.86994649691e-005, 0.0519246570766, 2.61655974388, 17.2045917511, 65.592628479, 82.6770401001, 94.4223632813, 388.707824707, 601.694885254, 949.584960938, 2738.32568359, 16761.3496094, 18516.828125, 8077.97607422, 4724.75097656, 7170.37646484, 8116.06787109, 5487.90917969, 5475.93164063, 498.263641357, 3852.58862305, 5141.34375, 639.86315918, 171.794464111, 473.752960205, 366.532623291, 95.2830657959, 109.212501526, 63.1326789856, 34.8858451843, 12.767162323, 21.8457050323, 4.43972015381, 0.530839264393, 0.0613087974489, 0.00839455146343, 0.00074016751023, 2.11026635952e-005, 1.24845618288e-008, 3.04209019086e-010]
    },
    "gfcc": {
        "mean": [19.3770122528, 104.22933197, -156.590179443, 36.4529914856, -59.438293457, -3.12163591385, -38.9568328857, 3.42734313011, -25.0913314819, -5.28710031509, -18.8952770233, -6.1221165657, -11.9909944534],
        "cov": [[3290.46679688, -475.474914551, 121.660598755, -4.82565736771, -182.122238159, 235.833831787, -159.975784302, 68.8610153198, -83.6950302124, 41.200756073, -84.9082489014, 66.2196884155, -64.9521408081], [-475.474914551, 1264.49853516, -458.216247559, -231.079193115, 255.640106201, -251.436798096, 312.2137146, -148.497833252, 83.8220596313, -101.570205688, 127.683265686, -130.543014526, 152.832077026], [121.660598755, -458.216247559, 370.20993042, 207.0962677, -66.2564849854, 107.352920532, -121.732528687, 89.2305755615, -22.7331008911, 44.1112709045, -43.7059249878, 76.7158737183, -76.812461853], [-4.82565736771, -231.079193115, 207.0962677, 259.458465576, 12.5243549347, 35.0753250122, -83.7421951294, 61.6496238708, 4.32967853546, 23.2172908783, -19.4042835236, 36.4975318909, -43.6047935486], [-182.122238159, 255.640106201, -66.2564849854, 12.5243549347, 121.589248657, -38.0984420776, 71.5012588501, -20.1833820343, 21.2677459717, -11.6727485657, 27.7480545044, -25.7149448395, 22.060131073], [235.833831787, -251.436798096, 107.352920532, 35.0753250122, -38.0984420776, 130.903533936, -38.9975471497, 36.2659568787, -23.4284954071, 19.3351268768, -23.8450870514, 20.6116333008, -36.1240234375], [-159.975784302, 312.2137146, -121.732528687, -83.7421951294, 71.5012588501, -38.9975471497, 144.877426147, -19.5613594055, 20.1622390747, -23.0527133942, 40.2491950989, -29.3899803162, 31.7633476257], [68.8610153198, -148.497833252, 89.2305755615, 61.6496238708, -20.1833820343, 36.2659568787, -19.5613594055, 71.6081771851, 9.98755455017, 16.8625965118, -10.8054475784, 21.3980865479, -21.1276302338], [-83.6950302124, 83.8220596313, -22.7331008911, 4.32967853546, 21.2677459717, -23.4284954071, 20.1622390747, 9.98755455017, 47.3231048584, 6.13207817078, 10.3272266388, -13.2583017349, 8.33544158936], [41.200756073, -101.570205688, 44.1112709045, 23.2172908783, -11.6727485657, 19.3351268768, -23.0527133942, 16.8625965118, 6.13207817078, 47.4901351929, 6.73904705048, 16.3068695068, -17.1015453339], [-84.9082489014, 127.683265686, -43.7059249878, -19.4042835236, 27.7480545044, -23.8450870514, 40.2491950989, -10.8054475784, 10.3272266388, 6.73904705048, 51.8322296143, 5.1822180748, 16.6403923035], [66.2196884155, -130.543014526, 76.7158737183, 36.4975318909, -25.7149448395, 20.6116333008, -29.3899803162, 21.3980865479, -13.2583017349, 16.3068695068, 5.1822180748, 58.1059570313, -5.83895349503], [-64.9521408081, 152.832077026, -76.812461853, -43.6047935486, 22.060131073, -36.1240234375, 31.7633476257, -21.1276302338, 8.33544158936, -17.1015453339, 16.6403923035, -5.83895349503, 51.8807983398]],
        "icov": [[0.000448771810625, -0.000737047521397, 0.000560148735531, -0.000160535812029, 0.000818998145405, -0.00119449058548, 0.000773245701566, -0.000740018906072, 0.000713493849616, -0.000739236245863, 0.00106420426164, -0.00101467838977, 0.000658893724903], [-0.000737047521397, 0.00857952330261, -0.0022393304389, 0.00185855722521, -0.00707897450775, 0.00678998604417, -0.006637301296, 0.00583091750741, -0.00524426577613, 0.00711945304647, -0.00868201907724, 0.00774180330336, -0.00692860316485], [0.000560148735531, -0.0022393304389, 0.0112433815375, -0.00552815990523, 0.00340611906722, -0.00494213635102, 0.00228375592269, -0.00405868003145, 0.00187236280181, -0.00274321157485, 0.00577048491687, -0.0097244028002, 0.00720727210864], [-0.000160535812029, 0.00185855722521, -0.00552815990523, 0.0115306824446, -0.00879703275859, 0.00329771544784, 0.0049217408523, -0.00342868012376, -0.00237140967511, 0.004220796749, -0.00398081960157, 0.0018043781165, 0.000709968036972], [0.000818998145405, -0.00707897450775, 0.00340611906722, -0.00879703275859, 0.0239475797862, -0.00599484378472, -0.0036841602996, 0.00041936271009, 0.00279084057547, -0.00769705930725, 0.00561904814094, -0.00255273119546, 0.002522387309], [-0.00119449058548, 0.00678998604417, -0.00494213635102, 0.00329771544784, -0.00599484378472, 0.019039850682, -0.00595696549863, 0.000622893916443, 0.00127775187138, 0.00298056006432, -0.00540331238881, 0.00806392077357, -0.00291818520054], [0.000773245701566, -0.006637301296, 0.00228375592269, 0.0049217408523, -0.0036841602996, -0.00595696549863, 0.0238092951477, -0.0109337642789, 0.00261433189735, 0.00154907733668, -0.00266045844182, -0.00425593554974, 0.00689245061949], [-0.000740018906072, 0.00583091750741, -0.00405868003145, -0.00342868012376, 0.00041936271009, 0.000622893916443, -0.0109337642789, 0.0318451523781, -0.0147174960002, 0.00274023297243, -0.00141345243901, -0.000177717694896, -0.00337511277758], [0.000713493849616, -0.00524426577613, 0.00187236280181, -0.00237140967511, 0.00279084057547, 0.00127775187138, 0.00261433189735, -0.0147174960002, 0.0371479988098, -0.0135174235329, 0.00303775840439, 0.00579287903383, -0.0015166021185], [-0.000739236245863, 0.00711945304647, -0.00274321157485, 0.004220796749, -0.00769705930725, 0.00298056006432, 0.00154907733668, 0.00274023297243, -0.0135174235329, 0.0397372432053, -0.0186260603368, 0.000991816283204, 0.0044597457163], [0.00106420426164, -0.00868201907724, 0.00577048491687, -0.00398081960157, 0.00561904814094, -0.00540331238881, -0.00266045844182, -0.00141345243901, 0.00303775840439, -0.0186260603368, 0.0446629971266, -0.0199381131679, 0.00381043832749], [-0.00101467838977, 0.00774180330336, -0.0097244028002, 0.0018043781165, -0.00255273119546, 0.00806392077357, -0.00425593554974, -0.000177717694896, 0.00579287903383, 0.000991816283204, -0.0199381131679, 0.0424856208265, -0.0171510353684], [0.000658893724903, -0.00692860316485, 0.00720727210864, 0.000709968036972, 0.002522387309, -0.00291818520054, 0.00689245061949, -0.00337511277758, -0.0015166021185, 0.0044597457163, 0.00381043832749, -0.0171510353684, 0.041640419513]]
    },
    "melbands": {
        "mean": [0.000122188925161, 0.000818797154352, 0.00102498044726, 0.000552165554836, 0.000353722512955, 0.000419332383899, 0.000387367617805, 0.000301878433675, 0.000277784391074, 0.000296018959489, 0.000262968882453, 0.000208820201806, 0.000138761606649, 0.000116226787213, 0.000142048796988, 9.65753788478e-005, 8.93880423973e-005, 7.57988818805e-005, 3.67424254364e-005, 3.66933272744e-005, 0.000117862517072, 0.000117610034067, 5.15758656547e-005, 2.05473934329e-005, 1.36234093588e-005, 1.72793352249e-005, 2.79963715002e-005, 1.49038532982e-005, 6.94565369486e-006, 6.03839771429e-006, 5.56512122785e-006, 3.58847296411e-006, 2.21967115976e-006, 1.90451157778e-006, 1.27865757804e-006, 1.18866012144e-006, 1.26389682009e-006, 7.17524471838e-007, 5.23470419012e-007, 2.94568991421e-007],
        "var": [1.92081035522e-008, 3.72486795186e-007, 6.72982253036e-007, 2.87878009431e-007, 1.0937250039e-007, 1.70763627239e-007, 1.18453357345e-007, 1.47431705955e-007, 2.42182267129e-007, 7.05921991084e-007, 4.8606460723e-007, 1.39181295822e-007, 5.77344358987e-008, 3.05655767363e-008, 7.94218735223e-008, 4.291366551e-008, 2.30832597481e-008, 1.5939026099e-008, 3.0633355852e-009, 1.05971553754e-009, 8.98692142925e-009, 7.87796228252e-009, 1.53989176965e-009, 2.83518569733e-010, 1.08296753509e-010, 1.67710706434e-010, 5.21718779289e-010, 1.22568594163e-010, 3.72916489355e-011, 3.62570806711e-011, 4.34752546463e-011, 2.57191264813e-011, 1.1827694206e-011, 1.05627485925e-011, 4.28880065143e-012, 4.85446448664e-012, 9.43806144349e-012, 2.07180800293e-012, 1.12308025293e-012, 2.50585793435e-013]
    },
    "mfcc": {
        "mean": [-606.896362305, 124.893638611, -34.3294830322, 31.246257782, -5.12117290497, -3.30225944519, -6.37650251389, -0.731946647167, -1.55538570881, -4.88241386414, -9.36229038239, 4.46544075012, -1.96205508709],
        "cov": [[2510.60400391, -341.907318115, 195.847213745, -193.701782227, 31.6773338318, 45.0629463196, -10.7320775986, 31.4448299408, -15.5741481781, 25.3927707672, 12.1141986847, -65.2867431641, -17.9008846283], [-341.907318115, 1244.33154297, -580.274780273, 58.476398468, -178.290512085, -9.07965660095, 103.167984009, -33.4535980225, 40.5673675537, -4.79593276978, -22.7324180603, 39.8648834229, -11.9727725983], [195.847213745, -580.274780273, 426.609924316, 32.2867431641, 120.409576416, 13.0450906754, -42.1346626282, 47.5194778442, -16.3279705048, 1.60126638412, 18.3753566742, -4.4432425499, 26.1379737854], [-193.701782227, 58.476398468, 32.2867431641, 204.021270752, 66.0149765015, -4.83326148987, 1.64737391472, 18.0444087982, 11.8210124969, 1.25720572472, -2.89693188667, 36.0801506042, 33.6757965088], [31.6773338318, -178.290512085, 120.409576416, 66.0149765015, 109.437927246, 20.2373828888, -16.2329540253, 14.5956773758, -2.07871675491, 15.481549263, 2.36250853539, 1.8253954649, 8.63242340088], [45.0629463196, -9.07965660095, 13.0450906754, -4.83326148987, 20.2373828888, 55.7285614014, 21.5335235596, 4.98366308212, -2.43801927567, 5.5923409462, 6.89358282089, -2.89213085175, -5.50546121597], [-10.7320775986, 103.167984009, -42.1346626282, 1.64737391472, -16.2329540253, 21.5335235596, 69.9297637939, 22.4431838989, 4.59073972702, -0.183097600937, 5.01724386215, 18.7976856232, 5.95153188705], [31.4448299408, -33.4535980225, 47.5194778442, 18.0444087982, 14.5956773758, 4.98366308212, 22.4431838989, 56.421749115, 13.2557477951, 4.3252415657, 2.56979584694, 10.5273113251, 10.5546865463], [-15.5741481781, 40.5673675537, -16.3279705048, 11.8210124969, -2.07871675491, -2.43801927567, 4.59073972702, 13.2557477951, 36.8989601135, 14.5290107727, 2.73655128479, 5.15185689926, -1.83269035816], [25.3927707672, -4.79593276978, 1.60126638412, 1.25720572472, 15.481549263, 5.5923409462, -0.183097600937, 4.3252415657, 14.5290107727, 50.0910339355, 11.9281902313, -4.82158660889, -9.51840305328], [12.1141986847, -22.7324180603, 18.3753566742, -2.89693188667, 2.36250853539, 6.89358282089, 5.01724386215, 2.56979584694, 2.73655128479, 11.9281902313, 38.9529571533, 14.406373024, 4.760638237], [-65.2867431641, 39.8648834229, -4.4432425499, 36.0801506042, 1.8253954649, -2.89213085175, 18.7976856232, 10.5273113251, 5.15185689926, -4.82158660889, 14.406373024, 55.0690536499, 24.0476055145], [-17.9008846283, -11.9727725983, 26.1379737854, 33.6757965088, 8.63242340088, -5.50546121597, 5.95153188705, 10.5546865463, -1.83269035816, -9.51840305328, 4.760638237, 24.0476055145, 50.3888664246]],
        "icov": [[0.000469061924377, -5.26343683305e-005, -0.000210236132261, 0.00055825948948, -0.000221404348849, -0.000178298374522, 1.95320899365e-005, -0.000248063006438, 5.2663112001e-005, -0.000159470393555, -2.93180801236e-005, 0.000338993384503, -0.000229027064051], [-5.26343683305e-005, 0.00293559255078, 0.00339702074416, -0.00209034397267, 0.00234489631839, -0.000848349474836, -0.00127534428611, -0.000252014084253, -0.000626888941042, -0.000290664233034, 0.000387617968954, -0.000266335351625, 3.55057127308e-005], [-0.000210236132261, 0.00339702074416, 0.00875782500952, -0.00145668291952, -0.00210209307261, -0.000773734296672, 0.00165962253232, -0.00499385874718, 0.00144901347812, 0.00127689074725, -0.00234828772955, 0.000609484093729, -0.00148641027045], [0.00055825948948, -0.00209034397267, -0.00145668291952, 0.0102538214996, -0.00833264924586, 0.00242109899409, 0.000640182523057, -0.000438998540631, -0.00182221538853, 0.000914419943001, 0.00147493346594, -0.00311518926173, -0.00323336548172], [-0.000221404348849, 0.00234489631839, -0.00210209307261, -0.00833264924586, 0.0237971637398, -0.00944348983467, 0.00405190000311, -0.00107540469617, 0.00245160912164, -0.00724224699661, 0.00405301479623, -0.0013972040033, 0.000780829461291], [-0.000178298374522, -0.000848349474836, -0.000773734296672, 0.00242109899409, -0.00944348983467, 0.0270737074316, -0.0117815434933, 0.00286504696123, 0.000770593062043, 0.0015036505647, -0.00518310349435, 0.0042084925808, 0.00267896382138], [1.95320899365e-005, -0.00127534428611, 0.00165962253232, 0.000640182523057, 0.00405190000311, -0.0117815434933, 0.0275467056781, -0.0126772709191, 0.00386935379356, -0.00103167514317, 0.000485177588416, -0.00731281377375, -0.000774402811658], [-0.000248063006438, -0.000252014084253, -0.00499385874718, -0.000438998540631, -0.00107540469617, 0.00286504696123, -0.0126772709191, 0.0300938878208, -0.0112182311714, -0.000161371935974, 0.00262404978275, -0.000165220801136, -0.00218074047007], [5.2663112001e-005, -0.000626888941042, 0.00144901347812, -0.00182221538853, 0.00245160912164, 0.000770593062043, 0.00386935379356, -0.0112182311714, 0.0375177711248, -0.010658223182, 0.00018465044559, -0.00305340951309, 0.00268393009901], [-0.000159470393555, -0.000290664233034, 0.00127689074725, 0.000914419943001, -0.00724224699661, 0.0015036505647, -0.00103167514317, -0.000161371935974, -0.010658223182, 0.0288869533688, -0.0107040442526, 0.00483600655571, 0.0039338846691], [-2.93180801236e-005, 0.000387617968954, -0.00234828772955, 0.00147493346594, 0.00405301479623, -0.00518310349435, 0.000485177588416, 0.00262404978275, 0.00018465044559, -0.0107040442526, 0.0355151444674, -0.012338004075, -0.00103599519935], [0.000338993384503, -0.000266335351625, 0.000609484093729, -0.00311518926173, -0.0013972040033, 0.0042084925808, -0.00731281377375, -0.000165220801136, -0.00305340951309, 0.00483600655571, -0.012338004075, 0.0318630151451, -0.00981773901731], [-0.000229027064051, 3.55057127308e-005, -0.00148641027045, -0.00323336548172, 0.000780829461291, 0.00267896382138, -0.000774402811658, -0.00218074047007, 0.00268393009901, 0.0039338846691, -0.00103599519935, -0.00981773901731, 0.0290358960629]]
    },
    "spectral_contrast_coeffs": {
        "mean": [-0.587263345718, -0.76503008604, -0.790252447128, -0.785573482513, -0.775230705738, -0.7149117589],
        "var": [0.00379568547942, 0.00270834681578, 0.00437779864296, 0.00226563657634, 0.000679066055454, 0.000836709630676]
    },
    "spectral_contrast_valleys": {
        "mean": [-7.6301445961, -6.09718132019, -6.67531108856, -7.02909803391, -6.69530534744, -10.3301553726],
        "var": [0.747775912285, 0.525718033314, 0.506911635399, 0.467702001333, 0.432323396206, 1.04497563839]
    }
},
"metadata": {
    "audio_properties": {
        "analysis_sample_rate": 44100,
        "bit_rate": 128074,
        "equal_loudness": 0,
        "length": 45.0612258911,
        "lossless": 0,
        "replay_gain": -4.34780883789,
        "sample_rate": 44100,
        "codec": "mp3",
        "downmix": "mix",
        "md5_encoded": "58022f83b5e67792728e7cd073e687c6"
    },
    "tags": {
        "file_name": "1956.mp3"
    },
    "version": {
        "essentia": "2.1-beta2",
        "essentia_git_sha": "v2.1_beta2",
        "extractor": "music 1.0"
    }
},
"rhythm": {
    "beats_count": 106,
    "beats_loudness": {
        "mean": 0.0298529099673,
        "var": 0.000209522782825
    },
    "bpm": 143.613510132,
    "bpm_histogram_first_peak_bpm": {
        "mean": 144,
        "var": 0
    },
    "bpm_histogram_first_peak_spread": {
        "mean": 0.530612230301,
        "var": 0
    },
    "bpm_histogram_first_peak_weight": {
        "mean": 0.438095241785,
        "var": 0
    },
    "bpm_histogram_second_peak_bpm": {
        "mean": 136,
        "var": 0
    },
    "bpm_histogram_second_peak_spread": {
        "mean": 0.166666656733,
        "var": 0
    },
    "bpm_histogram_second_peak_weight": {
        "mean": 0.047619048506,
        "var": 0
    },
    "danceability": 1.00380289555,
    "onset_rate": 2.83929944038,
    "beats_loudness_band_ratio": {
        "mean": [0.226203590631, 0.170239031315, 0.203389585018, 0.168889582157, 0.199932307005, 0.0780260041356],
        "var": [0.0158798992634, 0.00754500273615, 0.0125008262694, 0.0178112778813, 0.00662819109857, 0.00233536702581]
    },
    "beats_position": [0.441179126501, 0.905578196049, 1.35836732388, 1.79954648018, 2.22911548615, 2.67029476166, 3.09986400604, 3.52943301201, 3.97061228752, 4.41179132462, 4.82975053787, 5.25931978226, 5.6888885498, 6.11845779419, 6.54802703857, 6.97759628296, 7.40716552734, 7.8251247406, 8.25469398499, 8.68426322937, 9.10222244263, 9.52018165588, 9.94974994659, 10.379319191, 10.8088884354, 11.2384576797, 11.656416893, 12.0743761063, 12.4923353195, 12.9102945328, 13.328253746, 13.7462129593, 14.1641721725, 14.5937414169, 15.0233106613, 15.4412698746, 15.8592290878, 16.2887973785, 16.7183666229, 17.1363258362, 17.5542850494, 17.9722442627, 18.4018135071, 18.8197727203, 19.2493419647, 19.667301178, 20.0852603912, 20.5032196045, 20.9211788177, 21.339138031, 21.7570972443, 22.1750564575, 22.5930156708, 23.010974884, 23.4173240662, 23.8236732483, 24.2416324615, 24.6595916748, 25.0775508881, 25.4955101013, 25.9018592834, 26.3082084656, 26.7145576477, 27.1209068298, 27.527256012, 27.9452152252, 28.3515644073, 28.7695236206, 29.1874828339, 29.6054420471, 30.0234012604, 30.4413604736, 30.8593196869, 31.2772789001, 31.6952381134, 32.1015853882, 32.5079345703, 32.9258956909, 33.332244873, 33.7385940552, 34.1449432373, 34.5512924194, 34.9576416016, 35.3639907837, 35.7819480896, 36.1999092102, 36.6178665161, 37.0242156982, 37.4305648804, 37.848526001, 38.2548751831, 38.6612243652, 39.0791816711, 39.4855308533, 39.8918800354, 40.2982292175, 40.7045783997, 41.1109275818, 41.5172767639, 41.9352378845, 42.3648071289, 42.7943763733, 43.2239456177, 43.6535148621, 44.0830841064, 44.5242614746]
},
"tonal": {
    "chords_changes_rate": 0.0390946492553,
    "chords_number_rate": 0.00617283955216,
    "chords_strength": {
        "mean": 0.542745292187,
        "var": 0.0135961212218
    },
    "hpcp_entropy": {
        "mean": 2.41039609909,
        "var": 0.611156523228
    },
    "key_strength": 0.61129128933,
    "tuning_diatonic_strength": 0.500103116035,
    "tuning_equal_tempered_deviation": 0.0647410303354,
    "tuning_frequency": 440.254241943,
    "tuning_nontempered_energy_ratio": 0.73991394043,
    "hpcp": {
        "mean": [0.177877262235, 0.128309249878, 0.174531444907, 0.283180117607, 0.249330922961, 0.147900894284, 0.101967401803, 0.101430654526, 0.216513112187, 0.309489011765, 0.227392941713, 0.158775240183, 0.17608499527, 0.173167988658, 0.204328492284, 0.254459649324, 0.233660459518, 0.2378218472, 0.277787327766, 0.210440248251, 0.138844192028, 0.130958884954, 0.145132824779, 0.306691735983, 0.394301682711, 0.253827393055, 0.150371283293, 0.112566404045, 0.0827053338289, 0.114987127483, 0.160860881209, 0.170516654849, 0.205538764596, 0.278747707605, 0.238013744354, 0.181972384453],
        "var": [0.0510106496513, 0.0245660729706, 0.0363473184407, 0.0787543877959, 0.0608958862722, 0.0353486426175, 0.0210508126765, 0.0203570146114, 0.0663733035326, 0.0897261500359, 0.0504284650087, 0.0410833284259, 0.0588186681271, 0.0397437959909, 0.0376875028014, 0.0610026717186, 0.0468391180038, 0.0516249351203, 0.077066488564, 0.049761287868, 0.0256901457906, 0.022681131959, 0.0214272234589, 0.0915111228824, 0.137142762542, 0.0641317144036, 0.0366184599698, 0.0230575036258, 0.014191230759, 0.0246543791145, 0.0388830415905, 0.0434423536062, 0.0498203113675, 0.0923048406839, 0.0714476928115, 0.0365773774683]
    },
    "chords_histogram": [27.9835395813, 0, 1.54320991039, 0, 0, 0, 0, 0, 0, 0, 0, 0, 0, 2.05761313438, 0, 0, 0, 0, 8.64197540283, 20.1646099091, 39.1975326538, 0, 0, 0.411522626877],
    "thpcp": [1, 0.643739044666, 0.38136100769, 0.285482943058, 0.209751412272, 0.29162222147, 0.407963961363, 0.432452261448, 0.521272838116, 0.706940174103, 0.603633582592, 0.46150547266, 0.451119720936, 0.32540884614, 0.442634284496, 0.718181371689, 0.632335424423, 0.375095784664, 0.258602499962, 0.257241249084, 0.549105226994, 0.784904122353, 0.57669788599, 0.402674525976, 0.446574300528, 0.439176380634, 0.518203437328, 0.64534252882, 0.59259313345, 0.603146910667, 0.704504549503, 0.533703625202, 0.352126806974, 0.33212864399, 0.368075579405, 0.777809858322],
    "chords_key": "G#",
    "chords_scale": "major",
    "key_key": "A#",
    "key_scale": "major"
}
}