{
"lowlevel": {
    "average_loudness": 0.877162456512,
    "barkbands_crest": {
        "mean": 8.4222536087,
        "var": 10.0448932648
    },
    "barkbands_flatness_db": {
        "mean": 0.141764968634,
        "var": 0.00192230101675
    },
    "barkbands_kurtosis": {
        "mean": 1.66844046116,
        "var": 5.6690120697
    },
    "barkbands_skewness": {
        "mean": 1.32721269131,
        "var": 0.540262758732
    },
    "barkbands_spread": {
        "mean": 21.2938022614,
        "var": 71.4479446411
    },
    "dissonance": {
        "mean": 0.473553210497,
        "var": 0.000300324783893
    },
    "dynamic_complexity": 2.31710505486,
    "erbbands_crest": {
        "mean": 7.65677165985,
        "var": 11.957862854
    },
    "erbbands_flatness_db": {
        "mean": 0.175628527999,
        "var": 0.0017617251724
    },
    "erbbands_kurtosis": {
        "mean": -0.397346138954,
        "var": 1.50574624538
    },
    "erbbands_skewness": {
        "mean": -0.0601339675486,
        "var": 0.170454874635
    },
    "erbbands_spread": {
        "mean": 37.3695869446,
        "var": 135.28302002
    },
    "hfc": {
        "mean": 17.6256103516,
        "var": 377.181243896
    },
    "melbands_crest": {
        "mean": 12.9861888885,
        "var": 17.1874580383
    },
    "melbands_flatness_db": {
        "mean": 0.204701930285,
        "var": 0.00217243563384
    },
    "melbands_kurtosis": {
        "mean": 7.78711605072,
        "var": 44.9994010925
    },
    "melbands_skewness": {
        "mean": 2.37907361984,
        "var": 1.07489407063
    },
    "melbands_spread": {
        "mean": 22.8904075623,
        "var": 148.450973511
    },
    "pitch_salience": {
        "mean": 0.607995271683,
        "var": 0.00587868737057
    },
    "silence_rate_20dB": {
        "mean": 1,
        "var": 0
    },
    "silence_rate_30dB": {
        "mean": 0.995365619659,
        "var": 0.0046130316332
    },
    "silence_rate_60dB": {
        "mean": 0.00566426385194,
        "var": 0.00563233811408
    },
    "spectral_centroid": {
        "mean": 1278.39489746,
        "var": 161312.796875
    },
    "spectral_complexity": {
        "mean": 23.2863025665,
        "var": 62.5223960876
    },
    "spectral_decrease": {
        "mean": -6.34448849013e-009,
        "var": 2.4040965565e-017
    },
    "spectral_energy": {
        "mean": 0.0255442690104,
        "var": 0.000393637921661
    },
    "spectral_energyband_high": {
        "mean": 0.000425666687079,
        "var": 6.20606328994e-007
    },
    "spectral_energyband_low": {
        "mean": 0.00917002744973,
        "var": 0.000101178040495
    },
    "spectral_energyband_middle_high": {
        "mean": 0.00680543435737,
        "var": 0.000124167636386
    },
    "spectral_energyband_middle_low": {
        "mean": 0.0112741552293,
        "var": 9.08610818442e-005
    },
    "spectral_entropy": {
        "mean": 7.54923677444,
        "var": 0.0638097599149
    },
    "spectral_flux": {
        "mean": 0.0804291442037,
        "var": 0.00181427074131
    },
    "spectral_kurtosis": {
        "mean": 5.04688596725,
        "var": 5.55286836624
    },
    "spectral_rms": {
        "mean": 0.00469076680019,
        "var": 2.9179318517e-006
    },
    "spectral_rolloff": {
        "mean": 1272.70092773,
        "var": 910325.0625
    },
    "spectral_skewness": {
        "mean": 1.41730690002,
        "var": 0.0773979350924
    },
    "spectral_spread": {
        "mean": 3315119.75,
        "var": 2.40059967078e+012
    },
    "spectral_strongpeak": {
        "mean": 0.720432639122,
        "var": 1.42725980282
    },
    "zerocrossingrate": {
        "mean": 0.0499319136143,
        "var": 0.000602188287303
    },
    "barkbands": {
        "mean": [0.000176964196726, 0.00354818045162, 0.00344473589212, 0.0032813642174, 0.00363962957636, 0.00141710531898, 0.00137022847775, 0.000674839597195, 0.000667637272272, 0.00110092223622, 0.00115313881543, 0.000957076379564, 0.00053508928977, 0.000943816150539, 0.000368632376194, 0.000519036955666, 0.000491394952405, 0.000444175675511, 0.00030626921216, 0.000149010127643, 0.000120584438264, 8.41812579893e-005, 5.69033145439e-005, 4.32938795711e-005, 3.50220980181e-005, 1.38766845339e-005, 1.17899548968e-006],
        "var": [1.08697491896e-007, 1.96406108444e-005, 2.01492912311e-005, 2.99399980577e-005, 1.11482731882e-005, 2.70902819466e-006, 2.3807767775e-006, 1.96736141334e-006, 2.81350071418e-006, 9.20982529351e-006, 6.21722711003e-006, 1.31366941787e-005, 2.00132672035e-006, 1.78886311915e-005, 8.01798648808e-007, 3.62220617944e-007, 2.1521073279e-007, 2.61079975417e-007, 1.88254873024e-007, 9.5884786333e-008, 2.96187003812e-008, 3.79256839267e-008, 4.05619076105e-008, 2.17215028187e-008, 2.22541771677e-008, 1.02560915316e-009, 8.50134025676e-012]
    },
    "erbbands": {
        "mean": [0.117870755494, 0.773198306561, 3.51751160622, 8.63576221466, 10.6078681946, 14.1046161652, 9.2184419632, 11.6027097702, 20.7727851868, 13.232213974, 17.8644657135, 16.1777439117, 20.3264694214, 45.5352058411, 47.4232559204, 44.8352775574, 28.9014511108, 51.5336341858, 21.8352336884, 24.7678394318, 25.033121109, 28.8581829071, 23.0189304352, 24.0600719452, 9.76795768738, 7.03778266907, 5.04174089432, 4.51020383835, 3.01757025719, 2.49399447441, 1.42275774479, 0.958602488041, 0.709290504456, 0.521063864231, 0.169484600425, 0.070651859045, 0.0213284082711, 0.00505863595754, 0.000125107078929, 3.35051263392e-005],
        "var": [0.0212523154914, 1.00350344181, 18.2679481506, 185.140838623, 131.660125732, 209.866455078, 110.988502502, 178.219818115, 572.118591309, 265.800048828, 2176.14355469, 1233.33789063, 3570.95336914, 20077.375, 7194.05810547, 27473.5566406, 4493.86376953, 57358.0195313, 3517.71386719, 1036.74023438, 580.693359375, 626.929504395, 570.411437988, 653.327575684, 501.223571777, 178.350204468, 48.9681816101, 53.6195755005, 49.6910629272, 51.9615135193, 26.4773426056, 12.0126218796, 6.53181314468, 7.32651185989, 0.268976330757, 0.0409240536392, 0.00174214178696, 9.65059734881e-005, 5.09678876881e-008, 7.17674086825e-010]
    },
    "gfcc": {
        "mean": [-9.91850280762, 131.216201782, -141.977096558, 39.211807251, -44.3163986206, 2.27277994156, -33.0660972595, 2.93103504181, -24.0711116791, -7.82214927673, -13.5850944519, 0.0320542119443, -5.7348074913],
        "cov": [[4468.19091797, -1693.46984863, 1063.6036377, -16.6300392151, -125.630249023, 756.876403809, -113.525619507, 496.156066895, -173.139953613, 390.286804199, -236.28427124, 287.011047363, -405.327880859], [-1693.46984863, 1527.01733398, -605.173095703, 144.523529053, 210.278030396, -429.002563477, 180.706359863, -236.826599121, 211.565765381, -196.789840698, 194.362350464, -217.050323486, 252.67048645], [1063.6036377, -605.173095703, 656.385620117, 47.5571517944, 29.0039863586, 261.584472656, -34.452205658, 225.020462036, -22.2560405731, 152.889434814, -104.999290466, 145.034439087, -145.653305054], [-16.6300392151, 144.523529053, 47.5571517944, 159.808654785, 60.6814880371, -24.961315155, 3.9186270237, 13.8097667694, 58.5434303284, 5.58413028717, 24.2890472412, -12.2560834885, 14.4552774429], [-125.630249023, 210.278030396, 29.0039863586, 60.6814880371, 165.666000366, 1.33337914944, 70.7671813965, 16.484249115, 55.176109314, 18.6873626709, 19.9330463409, -6.71105051041, 15.2860555649], [756.876403809, -429.002563477, 261.584472656, -24.961315155, 1.33337914944, 254.500823975, 4.76468706131, 124.989402771, -35.1826667786, 95.0972366333, -48.1253128052, 74.2684402466, -86.8943023682], [-113.525619507, 180.706359863, -34.452205658, 3.9186270237, 70.7671813965, 4.76468706131, 109.665176392, 20.9110412598, 38.3983612061, 0.93412309885, 24.8115062714, -12.2906570435, 22.3418483734], [496.156066895, -236.826599121, 225.020462036, 13.8097667694, 16.484249115, 124.989402771, 20.9110412598, 151.777938843, 15.9596271515, 74.7264862061, -36.8604049683, 55.33543396, -58.7876472473], [-173.139953613, 211.565765381, -22.2560405731, 58.5434303284, 55.176109314, -35.1826667786, 38.3983612061, 15.9596271515, 97.5742034912, 18.3498497009, 31.3255786896, -23.433795929, 21.9013710022], [390.286804199, -196.789840698, 152.889434814, 5.58413028717, 18.6873626709, 95.0972366333, 0.93412309885, 74.7264862061, 18.3498497009, 102.217132568, -9.55983352661, 41.9360351563, -51.497959137], [-236.28427124, 194.362350464, -104.999290466, 24.2890472412, 19.9330463409, -48.1253128052, 24.8115062714, -36.8604049683, 31.3255786896, -9.55983352661, 69.4744033813, -17.4086990356, 35.717502594], [287.011047363, -217.050323486, 145.034439087, -12.2560834885, -6.71105051041, 74.2684402466, -12.2906570435, 55.33543396, -23.433795929, 41.9360351563, -17.4086990356, 78.6859436035, -29.7376918793], [-405.327880859, 252.67048645, -145.653305054, 14.4552774429, 15.2860555649, -86.8943023682, 22.3418483734, -58.7876472473, 21.9013710022, -51.497959137, 35.717502594, -29.7376918793, 84.0887756348]],
        "icov": [[0.000791944388766, -0.000866852351464, 0.000326468813, -0.000935885764193, 0.001087235054, -0.00150057300925, 0.000450212159194, -0.00107453658711, 0.00206079776399, -0.00212281639688, 0.00151582760736, -0.000966797815636, 0.00170675746631], [-0.000866852351464, 0.00829953234643, -0.00183094409294, 0.00160699465778, -0.00551789347082, 0.0058160815388, -0.00488404091448, 0.0035056064371, -0.00957947131246, 0.00896583404392, -0.00903314445168, 0.0081847300753, -0.00708561670035], [0.000326468813, -0.00183094409294, 0.00708959670737, -0.00346506689675, 4.27622617281e-005, -0.00253083300777, 0.00220329849981, -0.00415227701887, 0.00251615117304, -0.00385098415427, 0.00720128929242, -0.00792020279914, 0.00496619846672], [-0.000935885764193, 0.00160699465778, -0.00346506689675, 0.012482162565, -0.00495255319402, 0.00250108889304, 0.00377982086502, -0.000109441985842, -0.00770888151601, 0.00626488309354, -0.00779402628541, 0.00515062920749, -0.00410689925775], [0.001087235054, -0.00551789347082, 4.27622617281e-005, -0.00495255319402, 0.0153000690043, -0.00457504717633, -0.00447734026238, 0.000783478084486, 0.00482845725492, -0.00896290130913, 0.00807731971145, -0.00587902544066, 0.00471800053492], [-0.00150057300925, 0.0058160815388, -0.00253083300777, 0.00250108889304, -0.00457504717633, 0.0156618710607, -0.00570035679266, -0.000364234118024, -0.00297721847892, 0.00293796369806, -0.00703516090289, 0.00531771173701, -0.00380347366445], [0.000450212159194, -0.00488404091448, 0.00220329849981, 0.00377982086502, -0.00447734026238, -0.00570035679266, 0.0219330321997, -0.00941860117018, 0.00285711651668, -0.00135284662247, -0.000491493730806, -0.00189011113252, 0.00049126840895], [-0.00107453658711, 0.0035056064371, -0.00415227701887, -0.000109441985842, 0.000783478084486, -0.000364234118024, -0.00941860117018, 0.0242144111544, -0.0125935319811, 0.00250611244701, 0.00192622328177, -0.00174863601569, -0.000596128636971], [0.00206079776399, -0.00957947131246, 0.00251615117304, -0.00770888151601, 0.00482845725492, -0.00297721847892, 0.00285711651668, -0.0125935319811, 0.0378365777433, -0.0221525859088, 0.00657010311261, -0.00110991159454, 0.00427904631943], [-0.00212281639688, 0.00896583404392, -0.00385098415427, 0.00626488309354, -0.00896290130913, 0.00293796369806, -0.00135284662247, 0.00250611244701, -0.0221525859088, 0.0382948406041, -0.0176096986979, 0.00414390349761, 2.41236939473e-005], [0.00151582760736, -0.00903314445168, 0.00720128929242, -0.00779402628541, 0.00807731971145, -0.00703516090289, -0.000491493730806, 0.00192622328177, 0.00657010311261, -0.0176096986979, 0.0399734079838, -0.0167301055044, 0.00561053678393], [-0.000966797815636, 0.0081847300753, -0.00792020279914, 0.00515062920749, -0.00587902544066, 0.00531771173701, -0.00189011113252, -0.00174863601569, -0.00110991159454, 0.00414390349761, -0.0167301055044, 0.0378298647702, -0.0147029059008], [0.00170675746631, -0.00708561670035, 0.00496619846672, -0.00410689925775, 0.00471800053492, -0.00380347366445, 0.00049126840895, -0.000596128636971, 0.00427904631943, 2.41236939473e-005, 0.00561053678393, -0.0147029059008, 0.0367004051805]]
    },
    "melbands": {
        "mean": [0.000992782181129, 0.00153354275972, 0.0014950435143, 0.000968693988398, 0.000351105292793, 0.000270629418083, 0.000309284921968, 0.000132331711939, 0.000152501699631, 9.44420753513e-005, 9.96693270281e-005, 0.000182060932275, 0.000144538920722, 0.000123078309116, 9.45146166487e-005, 5.89856790612e-005, 9.93788853521e-005, 3.21196093864e-005, 2.95733370876e-005, 4.2087303882e-005, 2.53508551395e-005, 3.03308934235e-005, 2.54197530012e-005, 1.89216443687e-005, 2.04807292903e-005, 7.15551823305e-006, 5.86824535276e-006, 4.36551226812e-006, 2.98254985864e-006, 3.44969794241e-006, 2.22975995712e-006, 1.71746592059e-006, 1.53906330524e-006, 1.30680973598e-006, 8.21161165732e-007, 6.75280546147e-007, 5.59749764761e-007, 4.90351339977e-007, 5.06578658133e-007, 4.1651261995e-007],
        "var": [1.55201917096e-006, 3.29682961819e-006, 4.65163293484e-006, 9.04331102447e-007, 1.0652148319e-007, 9.58700923093e-008, 1.22319363527e-007, 2.76778884256e-008, 1.99016184865e-007, 4.24740669303e-008, 9.72367715235e-008, 3.29903002694e-007, 7.47354320652e-008, 1.89371590409e-007, 7.26980289301e-008, 2.60035175614e-008, 2.28719343909e-007, 9.41880085037e-009, 5.44906608724e-009, 2.87938073384e-009, 6.21847406901e-010, 7.66349816939e-010, 7.96013921445e-010, 4.61244681338e-010, 4.62587967931e-010, 2.71896449799e-010, 2.86003470906e-010, 5.90796231381e-011, 2.28367411786e-011, 2.05064212139e-011, 2.01514881171e-011, 1.67684373331e-011, 1.59467508642e-011, 1.68030849651e-011, 8.78059864401e-012, 8.81038297873e-012, 3.74580488155e-012, 3.51346404227e-012, 5.87906936675e-012, 5.18569518923e-012]
    },
    "mfcc": {
        "mean": [-642.920593262, 151.536270142, -28.5671310425, 35.7189712524, 5.18023252487, 4.42051649094, -0.293920189142, 5.76938486099, 0.52241307497, -12.2838983536, -3.18413519859, 1.43426311016, -3.00555157661],
        "cov": [[3133.19213867, -1182.56494141, 825.4765625, -362.669586182, 188.7603302, 138.77684021, 204.730331421, 183.481781006, 40.5495681763, 263.589202881, 129.218917847, 75.927192688, 79.816986084], [-1182.56494141, 1051.67358398, -476.643493652, 316.160705566, -57.6289901733, -27.8683261871, -52.4609489441, -52.7672233582, 45.231338501, -72.7666320801, 9.86292934418, 24.3008098602, -67.9172668457], [825.4765625, -476.643493652, 484.982727051, -95.6296615601, 113.501327515, 32.2490463257, 44.4395446777, 90.6650924683, 38.3046646118, 78.7205200195, 34.6864356995, 38.7092247009, 43.2764091492], [-362.669586182, 316.160705566, -95.6296615601, 249.826675415, 40.9433135986, -13.0884437561, -41.9499435425, -8.95829105377, 26.8759536743, -9.16948127747, 17.9768333435, 26.238740921, -9.53979587555], [188.7603302, -57.6289901733, 113.501327515, 40.9433135986, 118.303108215, 40.8032913208, 16.4144916534, 32.4665756226, 32.4970207214, 35.1616325378, 32.1158905029, 35.8747901917, 13.7612371445], [138.77684021, -27.8683261871, 32.2490463257, -13.0884437561, 40.8032913208, 76.8269882202, 37.4395828247, 15.2256603241, 12.6329364777, 18.9885005951, 26.1950130463, 18.3748188019, -0.163050547242], [204.730331421, -52.4609489441, 44.4395446777, -41.9499435425, 16.4144916534, 37.4395828247, 89.7392120361, 41.0231628418, 22.3836517334, 20.3890666962, 18.0208415985, 15.4166603088, 7.13996076584], [183.481781006, -52.7672233582, 90.6650924683, -8.95829105377, 32.4665756226, 15.2256603241, 41.0231628418, 80.8022613525, 39.0301055908, 27.2310428619, 16.975818634, 22.1099090576, 11.701540947], [40.5495681763, 45.231338501, 38.3046646118, 26.8759536743, 32.4970207214, 12.6329364777, 22.3836517334, 39.0301055908, 74.1509475708, 35.5446052551, 24.4702377319, 26.1700248718, -1.30439305305], [263.589202881, -72.7666320801, 78.7205200195, -9.16948127747, 35.1616325378, 18.9885005951, 20.3890666962, 27.2310428619, 35.5446052551, 81.3772888184, 45.5319824219, 23.1114215851, 3.27756428719], [129.218917847, 9.86292934418, 34.6864356995, 17.9768333435, 32.1158905029, 26.1950130463, 18.0208415985, 16.975818634, 24.4702377319, 45.5319824219, 71.5503540039, 41.0236549377, 2.00029158592], [75.927192688, 24.3008098602, 38.7092247009, 26.238740921, 35.8747901917, 18.3748188019, 15.4166603088, 22.1099090576, 26.1700248718, 23.1114215851, 41.0236549377, 67.0362701416, 14.7893075943], [79.816986084, -67.9172668457, 43.2764091492, -9.53979587555, 13.7612371445, -0.163050547242, 7.13996076584, 11.701540947, -1.30439305305, 3.27756428719, 2.00029158592, 14.7893075943, 45.2654037476]],
        "icov": [[0.000946429558098, 0.000441503303591, -0.000758718990255, 0.000191748869838, 1.84824257303e-005, -0.000299301202176, -0.000992426415905, -0.00024723217939, 0.00101722532418, -0.0018700256478, -6.04313208896e-005, -0.000251570803812, 0.000222721733735], [0.000441503303591, 0.00365364132449, 0.00217608595267, -0.00283573777415, 0.00098134460859, -0.000245034781983, -0.000591849558987, -0.00046564792865, -0.00215852842666, 0.0011293621501, -0.000789110315964, -0.00173198292032, 0.00239667762071], [-0.000758718990255, 0.00217608595267, 0.00668223993853, -0.000183283671504, -0.00323713826947, 0.00127926957794, 0.00160048704129, -0.00316865905188, -0.00188804534264, 0.000835145532619, 2.92815402645e-005, -0.00123007153161, 1.67976504599e-005], [0.000191748869838, -0.00283573777415, -0.000183283671504, 0.00930395908654, -0.00531267700717, 0.00218078563921, 0.00292032375, -0.000387439184124, 3.40294645866e-005, -3.59108162229e-005, -0.00119166541845, -4.75118940813e-005, -0.00112260109745], [1.84824257303e-005, 0.00098134460859, -0.00323713826947, -0.00531267700717, 0.0186662450433, -0.00852170586586, 0.00140537042171, -0.000439524912508, -0.0025240087416, -0.00128917349502, 0.000599091523327, -0.00287324073724, -0.00146554363891], [-0.000299301202176, -0.000245034781983, 0.00127926957794, 0.00218078563921, -0.00852170586586, 0.0222565922886, -0.00757164414972, 0.00203228439204, 0.000946086773183, 0.00171220651828, -0.00481858104467, -0.000295090168947, 0.00294911279343], [-0.000992426415905, -0.000591849558987, 0.00160048704129, 0.00292032375, 0.00140537042171, -0.00757164414972, 0.0208789780736, -0.0080808987841, -0.00304591516033, 0.00211351667531, -0.00108917837497, 5.79499737796e-006, -0.00190622336231], [-0.00024723217939, -0.00046564792865, -0.00316865905188, -0.000387439184124, -0.000439524912508, 0.00203228439204, -0.0080808987841, 0.0244264788926, -0.00864143110812, 0.000490056234412, 0.00119145470671, -0.00113307486754, -0.00218079052866], [0.00101722532418, -0.00215852842666, -0.00188804534264, 3.40294645866e-005, -0.0025240087416, 0.000946086773183, -0.00304591516033, -0.00864143110812, 0.0276694633067, -0.0117231635377, 0.00320769939572, -0.00405658828095, 0.00309476605617], [-0.0018700256478, 0.0011293621501, 0.000835145532619, -3.59108162229e-005, -0.00128917349502, 0.00171220651828, 0.00211351667531, 0.000490056234412, -0.0117231635377, 0.0308009311557, -0.015993911773, 0.00437481049448, 0.000833345053252], [-6.04313208896e-005, -0.000789110315964, 2.92815402645e-005, -0.00119166541845, 0.000599091523327, -0.00481858104467, -0.00108917837497, 0.00119145470671, 0.00320769939572, -0.015993911773, 0.0338265299797, -0.0154644688591, 0.003116060514], [-0.000251570803812, -0.00173198292032, -0.00123007153161, -4.75118940813e-005, -0.00287324073724, -0.000295090168947, 5.79499737796e-006, -0.00113307486754, -0.00405658828095, 0.00437481049448, -0.0154644688591, 0.030169794336, -0.00943216029555], [0.000222721733735, 0.00239667762071, 1.67976504599e-005, -0.00112260109745, -0.00146554363891, 0.00294911279343, -0.00190622336231, -0.00218079052866, 0.00309476605617, 0.000833345053252, 0.003116060514, -0.00943216029555, 0.0293360371143]]
    },
    "spectral_contrast_coeffs": {
        "mean": [-0.614102125168, -0.75463527441, -0.777032971382, -0.79129087925, -0.769746899605, -0.717719018459],
        "var": [0.00612762337551, 0.00335201341659, 0.00268368353136, 0.0020333272405, 0.000768785306718, 0.00124092283659]
    },
    "spectral_contrast_valleys": {
        "mean": [-7.096139431, -6.47089910507, -6.94893598557, -7.23256969452, -7.38019657135, -10.945602417],
        "var": [0.998977422714, 0.511165499687, 0.416482180357, 0.374544292688, 0.472837686539, 1.5588105917]
    }
},
"metadata": {
    "audio_properties": {
        "analysis_sample_rate": 44100,
        "bit_rate": 128074,
        "equal_loudness": 0,
        "length": 45.0612258911,
        "lossless": 0,
        "replay_gain": -4.98022651672,
        "sample_rate": 44100,
        "codec": "mp3",
        "downmix": "mix",
        "md5_encoded": "cbf833312c89fdba64d89220c4c352a4"
    },
    "tags": {
        "file_name": "1959.mp3"
    },
    "version": {
        "essentia": "2.1-beta2",
        "essentia_git_sha": "v2.1_beta2",
        "extractor": "music 1.0"
    }
},
"rhythm": {
    "beats_count": 100,
    "beats_loudness": {
        "mean": 0.0340313762426,
        "var": 0.00052532798145
    },
    "bpm": 132.430603027,
    "bpm_histogram_first_peak_bpm": {
        "mean": 133,
        "var": 0
    },
    "bpm_histogram_first_peak_spread": {
        "mean": 0.626666665077,
        "var": 0
    },
    "bpm_histogram_first_peak_weight": {
        "mean": 0.282828271389,
        "var": 0
    },
    "bpm_histogram_second_peak_bpm": {
        "mean": 140,
        "var": 0
    },
    "bpm_histogram_second_peak_spread": {
        "mean": 0.222222208977,
        "var": 0
    },
    "bpm_histogram_second_peak_weight": {
        "mean": 0.0707070678473,
        "var": 0
    },
    "danceability": 0.940795004368,
    "onset_rate": 2.32911276817,
    "beats_loudness_band_ratio": {
        "mean": [0.417577892542, 0.258123010397, 0.110015012324, 0.141504749656, 0.0936295315623, 0.0275170393288],
        "var": [0.0535841658711, 0.0252398997545, 0.00675307447091, 0.0221602562815, 0.00355450692587, 0.00040763974539]
    },
    "beats_position": [0.476009070873, 0.96362811327, 1.45124709606, 1.93886613846, 2.42648530006, 2.91410422325, 3.39011335373, 3.85451245308, 4.31891155243, 4.77170038223, 5.22448968887, 5.6888885498, 6.14167785645, 6.58285713196, 7.03564596176, 7.47682523727, 7.91800451279, 8.35918331146, 8.80036258698, 9.24154186249, 9.682721138, 10.1239004135, 10.5650787354, 11.0062580109, 11.4474372864, 11.8886165619, 12.3181858063, 12.7477550507, 13.1889343262, 13.6417226791, 14.0945119858, 14.5356912613, 14.9652605057, 15.4064397812, 15.8592290878, 16.3004074097, 16.7415866852, 17.1827659607, 17.6355552673, 18.0767345428, 18.5179138184, 18.9590930939, 19.3886623383, 19.8182315826, 20.247800827, 20.6773700714, 21.0604991913, 21.4436283112, 21.826757431, 22.2098865509, 22.616235733, 23.0225849152, 23.4289340973, 23.8468933105, 24.2648525238, 24.6712017059, 25.0775508881, 25.5419502258, 26.0063495636, 26.470746994, 26.9351463318, 27.3995456696, 27.8639450073, 28.3283443451, 28.7811336517, 29.2339229584, 29.6751022339, 30.1394996643, 30.6038990021, 31.0682983398, 31.5210876465, 31.9738769531, 32.4382743835, 32.9026756287, 33.3554649353, 33.8082542419, 34.2726516724, 34.7370529175, 35.2014503479, 35.6658477783, 36.118637085, 36.5830383301, 37.0474357605, 37.5002250671, 37.9646263123, 38.4290237427, 38.8818130493, 39.3462142944, 39.8106117249, 40.2634010315, 40.7161903381, 41.1689796448, 41.6217689514, 42.0745582581, 42.5273475647, 42.9801368713, 43.432926178, 43.8857116699, 44.3385009766, 44.7912902832]
},
"tonal": {
    "chords_changes_rate": 0.047325104475,
    "chords_number_rate": 0.0113168722019,
    "chords_strength": {
        "mean": 0.529867529869,
        "var": 0.0128921801224
    },
    "hpcp_entropy": {
        "mean": 2.16230773926,
        "var": 0.534190118313
    },
    "key_strength": 0.690565407276,
    "tuning_diatonic_strength": 0.486089587212,
    "tuning_equal_tempered_deviation": 0.0817050263286,
    "tuning_frequency": 443.316436768,
    "tuning_nontempered_energy_ratio": 0.754186093807,
    "hpcp": {
        "mean": [0.303651630878, 0.238438248634, 0.246219694614, 0.266720890999, 0.147170767188, 0.0833805799484, 0.0839158073068, 0.0795421078801, 0.176122814417, 0.208992868662, 0.10199739784, 0.0576521903276, 0.0591474026442, 0.0647142007947, 0.136589750648, 0.271328777075, 0.261071652174, 0.141027718782, 0.0913153737783, 0.0866284519434, 0.102584376931, 0.11577450484, 0.11282467097, 0.112322404981, 0.0852633267641, 0.0471044890583, 0.0441905930638, 0.0585286132991, 0.101084262133, 0.228869304061, 0.308518022299, 0.228815764189, 0.149284884334, 0.145458653569, 0.183379739523, 0.259033173323],
        "var": [0.135163515806, 0.0741551592946, 0.0888944789767, 0.143782138824, 0.0482847392559, 0.0212489012629, 0.0200648959726, 0.0166710410267, 0.0587994344532, 0.084404245019, 0.0208501983434, 0.0112749086693, 0.0135247847065, 0.0189113542438, 0.0344862118363, 0.108112804592, 0.100220344961, 0.0399642884731, 0.0205301064998, 0.0211747735739, 0.0265301596373, 0.0335535407066, 0.0252171978354, 0.0226283315569, 0.0133733926341, 0.00450859870762, 0.00743887666613, 0.0128299649805, 0.0271146036685, 0.0744688510895, 0.124774232507, 0.0820214450359, 0.0443767905235, 0.0511094518006, 0.0699693486094, 0.107384577394]
    },
    "chords_histogram": [3.49794244766, 13.3744859695, 1.85185182095, 8.74485588074, 9.97942352295, 3.80658435822, 0, 20.267490387, 1.33744859695, 0.308641970158, 0, 17.0781898499, 0.925925910473, 0, 0.925925910473, 0, 0, 0, 0, 0, 0, 1.64609050751, 16.2551441193, 0],
    "thpcp": [1, 0.741660952568, 0.483877360821, 0.47147539258, 0.594389081001, 0.83960467577, 0.984226584435, 0.772850334644, 0.798072338104, 0.864522874355, 0.47702485323, 0.270261615515, 0.271996438503, 0.257819980383, 0.570867180824, 0.67740893364, 0.330604344606, 0.186868146062, 0.191714584827, 0.209758251905, 0.442728608847, 0.879458427429, 0.846211969852, 0.457113385201, 0.29598069191, 0.280788958073, 0.332506924868, 0.37526011467, 0.365698814392, 0.364070802927, 0.276364177465, 0.152679860592, 0.143235042691, 0.189708888531, 0.327644586563, 0.741834461689],
    "chords_key": "G",
    "chords_scale": "major",
    "key_key": "G",
    "key_scale": "minor"
}
}