{
"lowlevel": {
    "average_loudness": 0.608292877674,
    "barkbands_crest": {
        "mean": 12.2449188232,
        "var": 18.7104511261
    },
    "barkbands_flatness_db": {
        "mean": 0.23853687942,
        "var": 0.00243795081042
    },
    "barkbands_kurtosis": {
        "mean": 4.14691925049,
        "var": 21.5566616058
    },
    "barkbands_skewness": {
        "mean": 0.732552528381,
        "var": 0.705780446529
    },
    "barkbands_spread": {
        "mean": 7.59402751923,
        "var": 23.7791805267
    },
    "dissonance": {
        "mean": 0.395983368158,
        "var": 0.00245334091596
    },
    "dynamic_complexity": 4.42231464386,
    "erbbands_crest": {
        "mean": 13.5246124268,
        "var": 25.3157367706
    },
    "erbbands_flatness_db": {
        "mean": 0.293555796146,
        "var": 0.00267474958673
    },
    "erbbands_kurtosis": {
        "mean": 3.50738453865,
        "var": 23.9454345703
    },
    "erbbands_skewness": {
        "mean": 1.01086521149,
        "var": 0.548385798931
    },
    "erbbands_spread": {
        "mean": 13.011007309,
        "var": 60.7652931213
    },
    "hfc": {
        "mean": 11.651471138,
        "var": 162.477157593
    },
    "melbands_crest": {
        "mean": 12.349852562,
        "var": 17.0337123871
    },
    "melbands_flatness_db": {
        "mean": 0.281418055296,
        "var": 0.00322607113048
    },
    "melbands_kurtosis": {
        "mean": 4.12043190002,
        "var": 20.2977294922
    },
    "melbands_skewness": {
        "mean": 0.828045964241,
        "var": 0.7154494524
    },
    "melbands_spread": {
        "mean": 11.7936868668,
        "var": 75.6476745605
    },
    "pitch_salience": {
        "mean": 0.530653238297,
        "var": 0.00910258758813
    },
    "silence_rate_20dB": {
        "mean": 1,
        "var": 0
    },
    "silence_rate_30dB": {
        "mean": 0.996397316456,
        "var": 0.00358965992928
    },
    "silence_rate_60dB": {
        "mean": 0.169840455055,
        "var": 0.140990570188
    },
    "spectral_centroid": {
        "mean": 872.690551758,
        "var": 183743.390625
    },
    "spectral_complexity": {
        "mean": 10.6793613434,
        "var": 10.5791692734
    },
    "spectral_decrease": {
        "mean": -4.06598932301e-009,
        "var": 2.13923200087e-017
    },
    "spectral_energy": {
        "mean": 0.0164027959108,
        "var": 0.000345931533957
    },
    "spectral_energyband_high": {
        "mean": 2.97225305985e-005,
        "var": 2.70349520548e-009
    },
    "spectral_energyband_low": {
        "mean": 0.00023842153314,
        "var": 1.01583403023e-007
    },
    "spectral_energyband_middle_high": {
        "mean": 0.00369050423615,
        "var": 2.47258194577e-005
    },
    "spectral_energyband_middle_low": {
        "mean": 0.0124772395939,
        "var": 0.000274516467471
    },
    "spectral_entropy": {
        "mean": 6.38364839554,
        "var": 0.149306684732
    },
    "spectral_flux": {
        "mean": 0.0345896109939,
        "var": 0.000490170088597
    },
    "spectral_kurtosis": {
        "mean": 19.5642223358,
        "var": 202.499023438
    },
    "spectral_rms": {
        "mean": 0.00349982315674,
        "var": 3.75394529328e-006
    },
    "spectral_rolloff": {
        "mean": 1000.21899414,
        "var": 754110.375
    },
    "spectral_skewness": {
        "mean": 2.97088074684,
        "var": 1.21197021008
    },
    "spectral_spread": {
        "mean": 2187200,
        "var": 1.94913946829e+012
    },
    "spectral_strongpeak": {
        "mean": 1.93463766575,
        "var": 2.18616127968
    },
    "zerocrossingrate": {
        "mean": 0.0396676361561,
        "var": 0.000545372138731
    },
    "barkbands": {
        "mean": [7.74534637458e-005, 0.000112186011393, 5.44930699107e-005, 0.000103561760625, 0.000411922199419, 0.00181908975355, 0.000768575933762, 0.00206143176183, 0.00719086453319, 0.00158156477846, 0.000710089923814, 0.0007205135189, 0.000235573999817, 0.000211725186091, 8.68928182172e-005, 0.000105199986137, 4.37108283222e-005, 2.75959482678e-005, 4.04793427151e-005, 1.68561637111e-005, 1.21430794024e-005, 4.99343423144e-006, 2.63208949036e-006, 7.86823477483e-007, 4.2488684926e-007, 2.03767058338e-006, 2.51999132672e-008],
        "var": [4.49254997648e-008, 7.11723231461e-008, 1.12576410416e-008, 3.88467604751e-008, 2.48199057751e-007, 7.50087701817e-006, 1.29968884721e-006, 1.69698359969e-005, 0.000159701216035, 1.39799740282e-005, 5.78680101171e-006, 1.82471228527e-006, 2.60104343397e-007, 1.30268261955e-007, 1.58727644362e-008, 3.40445645008e-008, 5.7716884605e-009, 1.72986880376e-009, 6.01716543258e-009, 5.56092505377e-010, 5.88254889244e-010, 8.92976734224e-011, 3.46297920895e-011, 3.52382424455e-012, 7.96105716072e-012, 4.58726362451e-010, 1.00407868326e-013]
    },
    "erbbands": {
        "mean": [0.00223341397941, 0.0293278787285, 0.0607103183866, 0.23417109251, 0.494879812002, 1.55722177029, 6.58288621902, 17.4354572296, 13.3938875198, 26.4305706024, 59.1144943237, 135.438720703, 102.973419189, 37.0692710876, 36.9831848145, 21.918888092, 12.88966465, 10.4881019592, 6.15534448624, 4.48944139481, 6.30407714844, 2.64022135735, 1.84550070763, 2.05809187889, 1.4660179615, 0.757131516933, 0.690990507603, 0.241035506129, 0.206486284733, 0.107993885875, 0.0557021424174, 0.0295793488622, 0.00873023085296, 0.00405234284699, 0.00642290944234, 0.0130660533905, 0.00151777046267, 0.000198519104742, 1.31759788928e-005, 1.91633207578e-005],
        "var": [2.47097650572e-005, 0.00470167165622, 0.0108498195186, 0.149652272463, 0.296092629433, 3.64111423492, 97.4914703369, 715.309448242, 304.833679199, 3877.71606445, 10396.2578125, 75066.4765625, 32380.7675781, 4088.01953125, 12170.8144531, 1516.5814209, 760.137817383, 426.385162354, 76.6751708984, 27.988494873, 145.699066162, 11.5990476608, 7.47181749344, 13.0081911087, 4.91996622086, 1.02421987057, 2.06546115875, 0.121205158532, 0.178620934486, 0.0321405492723, 0.01482081227, 0.0077766510658, 0.000307631999021, 8.55829857755e-005, 0.0036655254662, 0.0179933700711, 0.000298631231999, 5.72367707719e-006, 3.10931391745e-009, 4.60778859512e-010]
    },
    "gfcc": {
        "mean": [-120.087478638, 146.424041748, -169.813766479, -15.0447778702, -79.9271697998, -18.0955467224, -29.0793628693, -4.41148328781, -14.9452877045, -9.55780601501, -9.26903533936, -9.01272392273, -0.278313457966],
        "cov": [[4910.72509766, -621.291687012, -775.872802734, -448.977539063, -496.43939209, 8.63296222687, -115.718315125, 117.393623352, -107.313354492, 9.95870876312, -123.171035767, 106.02457428, -38.307220459], [-621.291687012, 1007.9944458, 290.967376709, 114.223861694, 204.543685913, -50.5482940674, 161.530426025, -16.5725574493, 216.565292358, -49.4501495361, 91.9651565552, -155.986618042, 98.7596969604], [-775.872802734, 290.967376709, 534.054992676, 183.648696899, 176.137283325, 47.1987342834, 67.6160202026, 95.9357452393, 72.3630447388, 35.3491821289, -5.54383420944, 22.122674942, -7.9608373642], [-448.977539063, 114.223861694, 183.648696899, 826.184814453, 170.065841675, 188.587631226, 61.9715194702, 63.8195457458, 103.169258118, 29.0760707855, 76.893409729, 15.6401233673, 72.0564651489], [-496.43939209, 204.543685913, 176.137283325, 170.065841675, 231.513305664, 66.5844192505, 35.7343025208, 42.4913101196, 53.6204566956, 28.3387756348, -3.99114489555, -8.01751804352, 0.491080075502], [8.63296222687, -50.5482940674, 47.1987342834, 188.587631226, 66.5844192505, 196.53843689, 54.7585029602, 53.5592765808, 29.1883029938, 15.4053201675, 10.7592916489, 20.1195983887, 22.518781662], [-115.718315125, 161.530426025, 67.6160202026, 61.9715194702, 35.7343025208, 54.7585029602, 168.901107788, 60.1876945496, 87.774597168, -2.38118052483, 34.068572998, -29.0157985687, 41.9899749756], [117.393623352, -16.5725574493, 95.9357452393, 63.8195457458, 42.4913101196, 53.5592765808, 60.1876945496, 151.351074219, 58.5775985718, 21.9851551056, 0.72902816534, 29.8398284912, 11.0102415085], [-107.313354492, 216.565292358, 72.3630447388, 103.169258118, 53.6204566956, 29.1883029938, 87.774597168, 58.5775985718, 191.733108521, 25.9155502319, 39.1833953857, -45.5858726501, 60.1770401001], [9.95870876312, -49.4501495361, 35.3491821289, 29.0760707855, 28.3387756348, 15.4053201675, -2.38118052483, 21.9851551056, 25.9155502319, 94.0659561157, 13.5744609833, 21.4050445557, -10.2420101166], [-123.171035767, 91.9651565552, -5.54383420944, 76.893409729, -3.99114489555, 10.7592916489, 34.068572998, 0.72902816534, 39.1833953857, 13.5744609833, 109.442420959, 3.82745981216, 29.164478302], [106.02457428, -155.986618042, 22.122674942, 15.6401233673, -8.01751804352, 20.1195983887, -29.0157985687, 29.8398284912, -45.5858726501, 21.4050445557, 3.82745981216, 130.282531738, 6.34210395813], [-38.307220459, 98.7596969604, -7.9608373642, 72.0564651489, 0.491080075502, 22.518781662, 41.9899749756, 11.0102415085, 60.1770401001, -10.2420101166, 29.164478302, 6.34210395813, 130.912155151]],
        "icov": [[0.000500642869156, -0.000725305464584, 0.000982019468211, -5.47538293176e-005, 0.00140811584424, -0.000658126955386, 0.00043433078099, -0.00126120285131, 0.000199768284801, -0.000806957308669, 0.00117726856843, -0.000717387534678, 0.000475727982121], [-0.000725305464584, 0.00466952333227, -0.00301941111684, 0.000533472746611, -0.00485939113423, 0.00278501911089, -0.0018957417924, 0.00372668216005, -0.00227406062186, 0.003816944547, -0.00433758134022, 0.00343822711147, -0.0022346561309], [0.000982019468211, -0.00301941111684, 0.00550999399275, -0.000666468404233, 0.00221915007569, -0.0013439321192, 0.00061233190354, -0.00416220910847, 0.000884399749339, -0.0028366073966, 0.00398054951802, -0.00328892935067, 0.00228768750094], [-5.47538293176e-005, 0.000533472746611, -0.000666468404233, 0.0020190961659, -0.00129816262051, -0.00125899922568, 0.000470185826998, 0.000431181280874, -0.000638401543256, 0.000648854125757, -0.00167864689138, 0.000434733810835, -0.000838861044031], [0.00140811584424, -0.00485939113423, 0.00221915007569, -0.00129816262051, 0.0130807915702, -0.00450202869251, 0.00227435608394, -0.00486011896282, 0.00137178064324, -0.00543776992708, 0.00642889738083, -0.00302615715191, 0.00299041043036], [-0.000658126955386, 0.00278501911089, -0.0013439321192, -0.00125899922568, -0.00450202869251, 0.00962083693594, -0.00351131265052, 0.00123914377764, -0.000368261884432, 0.00178666983265, -0.00199266755953, 0.00113483215682, -0.00160032941494], [0.00043433078099, -0.0018957417924, 0.00061233190354, 0.000470185826998, 0.00227435608394, -0.00351131265052, 0.010992099531, -0.0045281550847, -0.00133668619674, -1.1546377209e-005, -0.000597697275225, 0.000960547011346, -0.000513576960657], [-0.00126120285131, 0.00372668216005, -0.00416220910847, 0.000431181280874, -0.00486011896282, 0.00123914377764, -0.0045281550847, 0.0147789940238, -0.00471184076741, 0.00298443925567, -0.00253430730663, -0.000773267354816, -0.000654916628264], [0.000199768284801, -0.00227406062186, 0.000884399749339, -0.000638401543256, 0.00137178064324, -0.000368261884432, -0.00133668619674, -0.00471184076741, 0.0119487801567, -0.00499299168587, 0.000199071335373, 0.00310612097383, -0.0030156171415], [-0.000806957308669, 0.003816944547, -0.0028366073966, 0.000648854125757, -0.00543776992708, 0.00178666983265, -1.1546377209e-005, 0.00298443925567, -0.00499299168587, 0.0164765790105, -0.00553139904514, 1.1229748452e-005, 0.000636454264168], [0.00117726856843, -0.00433758134022, 0.00398054951802, -0.00167864689138, 0.00642889738083, -0.00199266755953, -0.000597697275225, -0.00253430730663, 0.000199071335373, -0.00553139904514, 0.0164996813983, -0.00505692651495, 0.00155121367425], [-0.000717387534678, 0.00343822711147, -0.00328892935067, 0.000434733810835, -0.00302615715191, 0.00113483215682, 0.000960547011346, -0.000773267354816, 0.00310612097383, 1.1229748452e-005, -0.00505692651495, 0.0143725723028, -0.00466654682532], [0.000475727982121, -0.0022346561309, 0.00228768750094, -0.000838861044031, 0.00299041043036, -0.00160032941494, -0.000513576960657, -0.000654916628264, -0.0030156171415, 0.000636454264168, 0.00155121367425, -0.00466654682532, 0.0118649387732]]
    },
    "melbands": {
        "mean": [3.01871677948e-005, 3.55169358954e-005, 4.56555935671e-005, 6.46602347842e-005, 0.000203259551199, 0.000381128571462, 0.000190176637261, 0.000344128464349, 0.000620049715508, 0.000887273519766, 0.000518802437, 0.000164921511896, 0.000105050872662, 9.71980625764e-005, 4.39738250861e-005, 2.09926402022e-005, 1.87062669283e-005, 1.0528267012e-005, 7.45498709875e-006, 5.76959109821e-006, 6.99285010342e-006, 2.32519892052e-006, 2.37217727772e-006, 1.2256316495e-006, 1.75589411811e-006, 1.44216983244e-006, 7.63124489822e-007, 4.21703788334e-007, 6.22930997451e-007, 1.02430711024e-007, 1.36320252864e-007, 1.35608516416e-007, 6.75019578011e-008, 6.32171790471e-008, 3.08347303246e-008, 3.25004840818e-008, 1.13748201969e-008, 6.19474915808e-009, 4.01255206839e-009, 2.89374901818e-009],
        "var": [3.95365473693e-009, 4.01050037624e-009, 4.59659954544e-009, 5.79017855884e-009, 8.43494376568e-008, 3.22769324157e-007, 6.17583850726e-008, 6.28407804015e-007, 1.35209631935e-006, 2.71090402748e-006, 8.7689306838e-007, 1.06027485458e-007, 9.9422123867e-008, 3.89732193184e-008, 1.69819571738e-008, 1.67256908323e-009, 1.28017196843e-009, 3.41782629976e-010, 1.48554987756e-010, 6.46259226689e-011, 2.09682549102e-010, 1.58238405018e-011, 2.17971248689e-011, 3.7501698795e-012, 1.15174432491e-011, 8.21460607869e-012, 1.42022830128e-012, 6.96098506527e-013, 1.93990678556e-012, 2.55792599829e-014, 3.64616987319e-014, 1.27383577319e-013, 9.33444707434e-015, 1.82907718648e-014, 3.10998882727e-015, 1.65729788833e-014, 7.24647750744e-016, 1.4991808187e-016, 9.12911265599e-017, 3.60102193978e-017]
    },
    "mfcc": {
        "mean": [-750.69329834, 179.298843384, -36.173248291, -2.87252926826, -33.9417572021, -17.3061351776, -17.2802371979, -4.7140250206, -7.08113336563, 0.910059571266, -3.7557682991, -6.90624046326, -2.92028069496],
        "cov": [[2765.47827148, -187.465881348, -663.797912598, -227.839828491, -410.060760498, -58.3480186462, -179.68522644, 76.2962036133, -44.4771575928, 61.057975769, -61.0452651978, -20.3074493408, -31.6826152802], [-187.465881348, 789.501953125, 90.3411865234, -108.460548401, 44.167388916, -103.852935791, 23.8874702454, -38.0043716431, 80.1337356567, 62.9168167114, 72.3372344971, -14.2528152466, -28.126373291], [-663.797912598, 90.3411865234, 493.450592041, 206.336334229, 160.453094482, 53.8738098145, 81.6578445435, 59.3722801208, 86.5239334106, 27.2295761108, 32.1017417908, 51.0121307373, 46.1090240479], [-227.839828491, -108.460548401, 206.336334229, 389.632080078, 175.367218018, 91.5685348511, 68.6167144775, 60.3421287537, 66.0092315674, 30.8776874542, 30.417547226, 41.3345832825, 50.0347557068], [-410.060760498, 44.167388916, 160.453094482, 175.367218018, 262.717590332, 82.1192092896, 50.9792327881, 27.2370529175, 55.0786476135, 27.0535030365, 31.7938957214, 17.0686264038, 30.0261268616], [-58.3480186462, -103.852935791, 53.8738098145, 91.5685348511, 82.1192092896, 168.362609863, 43.7033996582, 28.9580173492, 29.5743408203, 13.8617668152, 20.9251689911, 12.6666679382, -2.27772402763], [-179.68522644, 23.8874702454, 81.6578445435, 68.6167144775, 50.9792327881, 43.7033996582, 123.25831604, 43.3090019226, 21.3171825409, 11.9438772202, 14.2698955536, 19.6557655334, 13.338057518], [76.2962036133, -38.0043716431, 59.3722801208, 60.3421287537, 27.2370529175, 28.9580173492, 43.3090019226, 143.617660522, 59.6747055054, 24.6171474457, 7.71041822433, 15.9596300125, 5.77687597275], [-44.4771575928, 80.1337356567, 86.5239334106, 66.0092315674, 55.0786476135, 29.5743408203, 21.3171825409, 59.6747055054, 154.826751709, 68.7793502808, 24.3164768219, 6.39742517471, -7.4127612114], [61.057975769, 62.9168167114, 27.2295761108, 30.8776874542, 27.0535030365, 13.8617668152, 11.9438772202, 24.6171474457, 68.7793502808, 130.776092529, 61.7304992676, 6.38120317459, -14.782998085], [-61.0452651978, 72.3372344971, 32.1017417908, 30.417547226, 31.7938957214, 20.9251689911, 14.2698955536, 7.71041822433, 24.3164768219, 61.7304992676, 117.338890076, 32.5322494507, -13.9360818863], [-20.3074493408, -14.2528152466, 51.0121307373, 41.3345832825, 17.0686264038, 12.6666679382, 19.6557655334, 15.9596300125, 6.39742517471, 6.38120317459, 32.5322494507, 95.0887832642, 46.7769508362], [-31.6826152802, -28.126373291, 46.1090240479, 50.0347557068, 30.0261268616, -2.27772402763, 13.338057518, 5.77687597275, -7.4127612114, -14.782998085, -13.9360818863, 46.7769508362, 130.825714111]],
        "icov": [[0.000851499906275, -0.000248315482168, 0.00106966227759, -0.000471422332339, 0.00114375841804, -0.000608193920925, 0.00103112088982, -0.00110118906014, 0.000279477477307, -0.000931007380132, 0.000705987447873, -0.000466041063191, -0.000220999398152], [-0.000248315482168, 0.0021640737541, -0.000741457741242, 0.00122592679691, -0.00117467425298, 0.00189334189054, -0.0013335874537, 0.00130008091219, -0.00150393671356, 0.000380739104003, -0.00159632903524, 0.000720551295672, 0.000108832413389], [0.00106966227759, -0.000741457741242, 0.0045371199958, -0.00166609010193, 0.000610350340139, -0.000659647746943, 0.000495662970934, -0.00162462855224, -0.000476267538033, -0.000705447688233, 0.00103296514135, -0.00149411195889, -0.000455056142528], [-0.000471422332339, 0.00122592679691, -0.00166609010193, 0.00525138294324, -0.00287568918429, 0.000257919804426, -0.00147721054964, 0.000460816692794, -0.00111129216384, 0.00038248769124, -0.00112252274994, 0.000170281680766, -0.000677258591168], [0.00114375841804, -0.00117467425298, 0.000610350340139, -0.00287568918429, 0.00839260499924, -0.00321271410212, 0.00129197794013, -0.00114636158105, 5.99484810664e-005, -0.00111281417776, 0.000393354624975, 0.000462311814772, -0.00139984383713], [-0.000608193920925, 0.00189334189054, -0.000659647746943, 0.000257919804426, -0.00321271410212, 0.00963382516056, -0.00321467616595, 0.00117983983364, -0.00176605058368, 0.00121808901895, -0.00210308446549, 0.000278330728179, 0.00128837220836], [0.00103112088982, -0.0013335874537, 0.000495662970934, -0.00147721054964, 0.00129197794013, -0.00321467616595, 0.0124166598544, -0.00425005704165, 0.00190486316569, -0.00146849337034, 0.00134856032673, -0.00153321889229, -0.000443611905212], [-0.00110118906014, 0.00130008091219, -0.00162462855224, 0.000460816692794, -0.00114636158105, 0.00117983983364, -0.00425005704165, 0.0112054403871, -0.00419018883258, 0.00116549141239, -0.000844461028464, -5.37991072633e-005, 0.000454888271634], [0.000279477477307, -0.00150393671356, -0.000476267538033, -0.00111129216384, 5.99484810664e-005, -0.00176605058368, 0.00190486316569, -0.00419018883258, 0.0118703935295, -0.005595353432, 0.00257947971113, -0.000598550483119, 0.000812658981886], [-0.000931007380132, 0.000380739104003, -0.000705447688233, 0.00038248769124, -0.00111281417776, 0.00121808901895, -0.00146849337034, 0.00116549141239, -0.005595353432, 0.0143037987873, -0.00737904151902, 0.00211183726788, 9.17218785617e-005], [0.000705987447873, -0.00159632903524, 0.00103296514135, -0.00112252274994, 0.000393354624975, -0.00210308446549, 0.00134856032673, -0.000844461028464, 0.00257947971113, -0.00737904151902, 0.0155584746972, -0.00654786406085, 0.00297682080418], [-0.000466041063191, 0.000720551295672, -0.00149411195889, 0.000170281680766, 0.000462311814772, 0.000278330728179, -0.00153321889229, -5.37991072633e-005, -0.000598550483119, 0.00211183726788, -0.00654786406085, 0.0164584703743, -0.00581659097224], [-0.000220999398152, 0.000108832413389, -0.000455056142528, -0.000677258591168, -0.00139984383713, 0.00128837220836, -0.000443611905212, 0.000454888271634, 0.000812658981886, 9.17218785617e-005, 0.00297682080418, -0.00581659097224, 0.0108551364392]]
    },
    "spectral_contrast_coeffs": {
        "mean": [-0.566961705685, -0.681284368038, -0.611974000931, -0.709970533848, -0.709528744221, -0.717152833939],
        "var": [0.0102953240275, 0.00486087286845, 0.00565555877984, 0.00312534836121, 0.00298915803432, 0.00178569031414]
    },
    "spectral_contrast_valleys": {
        "mean": [-9.76954936981, -6.91799783707, -8.2458486557, -9.05323886871, -9.7889213562, -13.2764129639],
        "var": [1.77687811852, 1.06213068962, 1.23966085911, 1.49935233593, 1.13678812981, 0.850593447685]
    }
},
"metadata": {
    "audio_properties": {
        "analysis_sample_rate": 44100,
        "bit_rate": 100554,
        "equal_loudness": 0,
        "length": 45.0873451233,
        "lossless": 0,
        "replay_gain": -11.938709259,
        "sample_rate": 44100,
        "codec": "mp3",
        "downmix": "mix",
        "md5_encoded": "9042a3ecaaad21d2580f72558a96c7ad"
    },
    "tags": {
        "file_name": "196.mp3"
    },
    "version": {
        "essentia": "2.1-beta2",
        "essentia_git_sha": "v2.1_beta2",
        "extractor": "music 1.0"
    }
},
"rhythm": {
    "beats_count": 62,
    "beats_loudness": {
        "mean": 0.0257734861225,
        "var": 0.000711008324288
    },
    "bpm": 83.0112304688,
    "bpm_histogram_first_peak_bpm": {
        "mean": 83,
        "var": 0
    },
    "bpm_histogram_first_peak_spread": {
        "mean": 0.50819671154,
        "var": 0
    },
    "bpm_histogram_first_peak_weight": {
        "mean": 0.49180328846,
        "var": 0
    },
    "bpm_histogram_second_peak_bpm": {
        "mean": 0,
        "var": 0
    },
    "bpm_histogram_second_peak_spread": {
        "mean": 0,
        "var": 0
    },
    "bpm_histogram_second_peak_weight": {
        "mean": 0,
        "var": 0
    },
    "danceability": 1.00079929829,
    "onset_rate": 1.9066722393,
    "beats_loudness_band_ratio": {
        "mean": [0.0548912100494, 0.184021800756, 0.536004364491, 0.201735079288, 0.0339876189828, 0.00895934086293],
        "var": [0.00492846034467, 0.0252352487296, 0.0481476448476, 0.0324985273182, 0.00174779584631, 0.000242178764893]
    },
    "beats_position": [0.731428563595, 1.47446703911, 2.22911548615, 2.97215414047, 3.7151927948, 4.45823097229, 5.20126962662, 5.94430828094, 6.6989569664, 7.44199514389, 8.18503379822, 8.91646194458, 9.64789104462, 10.379319191, 11.0875282288, 11.7957363129, 12.5155553818, 13.235373497, 13.9551925659, 14.6750106812, 15.3832197189, 16.1030387878, 16.8112468719, 17.5310649872, 18.2392749786, 18.9474830627, 19.667301178, 20.3871192932, 21.1185474396, 21.8499774933, 22.5814056396, 23.3244438171, 24.0674819946, 24.8221302032, 25.5419502258, 26.2617683411, 26.9699764252, 27.6897945404, 28.409614563, 29.1178226471, 29.8260307312, 30.5342407227, 31.2540588379, 31.9738769531, 32.6820869446, 33.3902931213, 34.0985031128, 34.818321228, 35.5265312195, 36.2463493347, 36.96616745, 37.6859855652, 38.4058036804, 39.1256217957, 39.8338317871, 40.5420417786, 41.2618598938, 41.981678009, 42.6898841858, 43.3980941772, 44.1179122925, 44.8377304077]
},
"tonal": {
    "chords_changes_rate": 0.0452674888074,
    "chords_number_rate": 0.00925925932825,
    "chords_strength": {
        "mean": 0.482241004705,
        "var": 0.00942768063396
    },
    "hpcp_entropy": {
        "mean": 1.09950184822,
        "var": 0.411550432444
    },
    "key_strength": 0.579250633717,
    "tuning_diatonic_strength": 0.374243706465,
    "tuning_equal_tempered_deviation": 0.000938174722251,
    "tuning_frequency": 440.508636475,
    "tuning_nontempered_energy_ratio": 0.581939280033,
    "hpcp": {
        "mean": [0.109504312277, 0.0581999830902, 0.0434384904802, 0.0814019814134, 0.0465039275587, 0.0358301401138, 0.0624362379313, 0.0360512398183, 0.0831248015165, 0.1462752074, 0.0772911831737, 0.167907595634, 0.318302929401, 0.166072010994, 0.00835445057601, 0.00248898286372, 0.00397011358291, 0.102837629616, 0.198504760861, 0.109726406634, 0.168483659625, 0.292455375195, 0.141052335501, 0.0117272567004, 0.00839164387435, 0.00934362132102, 0.235509350896, 0.429822802544, 0.205309942365, 0.0101404003799, 0.00994004216045, 0.00865209288895, 0.118711732328, 0.234221577644, 0.131529077888, 0.067205324769],
        "var": [0.0626158490777, 0.016513818875, 0.00879315938801, 0.0357092097402, 0.0116482907906, 0.00833556428552, 0.0297779068351, 0.00796932633966, 0.0230860542506, 0.073195040226, 0.0185396093875, 0.0390622206032, 0.139452233911, 0.0407267957926, 0.000277917773928, 6.45034524496e-005, 0.00015327159781, 0.0270975101739, 0.0960313528776, 0.0253722816706, 0.0499845258892, 0.154096186161, 0.036146979779, 0.000835232553072, 0.000486215838464, 0.000353731418727, 0.0558860041201, 0.181855306029, 0.0434477366507, 0.00086689525051, 0.000818694767077, 0.000230122997891, 0.0331646092236, 0.127962008119, 0.047419141978, 0.0189531799406]
    },
    "chords_histogram": [8.43621444702, 5.34979438782, 0.925925910473, 6.58436203003, 11.728395462, 12.551440239, 0, 0, 0, 17.0781898499, 0, 0, 0, 0, 0, 0, 1.44032919407, 0, 0, 0, 0, 0, 16.563785553, 19.3415641785],
    "thpcp": [1, 0.477661818266, 0.023592049256, 0.0231259074062, 0.020129442215, 0.276187598705, 0.544925928116, 0.306007683277, 0.156355887651, 0.25476616621, 0.135404601693, 0.10106138885, 0.18938498199, 0.108193255961, 0.0833602622151, 0.145260408521, 0.0838746577501, 0.193393185735, 0.340315133333, 0.179821044207, 0.390643745661, 0.740544557571, 0.386373192072, 0.0194369647652, 0.00579071836546, 0.00923662818968, 0.239255875349, 0.461829304695, 0.255282878876, 0.391983985901, 0.680409193039, 0.328163921833, 0.0272839330137, 0.0195234958082, 0.0217383094132, 0.547921955585],
    "chords_key": "A",
    "chords_scale": "major",
    "key_key": "C#",
    "key_scale": "minor"
}
}