{
"lowlevel": {
    "average_loudness": 0.978749573231,
    "barkbands_crest": {
        "mean": 7.94297933578,
        "var": 8.7972984314
    },
    "barkbands_flatness_db": {
        "mean": 0.121873676777,
        "var": 0.00353758176789
    },
    "barkbands_kurtosis": {
        "mean": 0.352658569813,
        "var": 12.8683452606
    },
    "barkbands_skewness": {
        "mean": 0.685070872307,
        "var": 0.786246597767
    },
    "barkbands_spread": {
        "mean": 35.8251724243,
        "var": 199.970993042
    },
    "dissonance": {
        "mean": 0.46811106801,
        "var": 0.00138205825351
    },
    "dynamic_complexity": 1.25053238869,
    "erbbands_crest": {
        "mean": 10.1179857254,
        "var": 17.0018558502
    },
    "erbbands_flatness_db": {
        "mean": 0.163744702935,
        "var": 0.00170380459167
    },
    "erbbands_kurtosis": {
        "mean": 0.873111248016,
        "var": 4.23611450195
    },
    "erbbands_skewness": {
        "mean": -0.474281787872,
        "var": 0.650348484516
    },
    "erbbands_spread": {
        "mean": 35.6040649414,
        "var": 175.819915771
    },
    "hfc": {
        "mean": 30.8622016907,
        "var": 247.166885376
    },
    "melbands_crest": {
        "mean": 12.3669862747,
        "var": 15.2171020508
    },
    "melbands_flatness_db": {
        "mean": 0.171604171395,
        "var": 0.00598726700991
    },
    "melbands_kurtosis": {
        "mean": 4.94974470139,
        "var": 66.5288619995
    },
    "melbands_skewness": {
        "mean": 1.89658153057,
        "var": 1.02390110493
    },
    "melbands_spread": {
        "mean": 44.8110656738,
        "var": 575.40411377
    },
    "pitch_salience": {
        "mean": 0.484232664108,
        "var": 0.00772266276181
    },
    "silence_rate_20dB": {
        "mean": 1,
        "var": 0
    },
    "silence_rate_30dB": {
        "mean": 1,
        "var": 0
    },
    "silence_rate_60dB": {
        "mean": 0.00154479919001,
        "var": 0.00154241069686
    },
    "spectral_centroid": {
        "mean": 2120.99853516,
        "var": 550334.6875
    },
    "spectral_complexity": {
        "mean": 20.1925849915,
        "var": 86.8538894653
    },
    "spectral_decrease": {
        "mean": -5.45975042954e-009,
        "var": 4.68596493522e-018
    },
    "spectral_energy": {
        "mean": 0.0234056618065,
        "var": 7.57672605687e-005
    },
    "spectral_energyband_high": {
        "mean": 0.00140001263935,
        "var": 1.09125755898e-006
    },
    "spectral_energyband_low": {
        "mean": 0.00650893431157,
        "var": 4.2828527512e-005
    },
    "spectral_energyband_middle_high": {
        "mean": 0.00787932239473,
        "var": 2.24622981477e-005
    },
    "spectral_energyband_middle_low": {
        "mean": 0.00845873728395,
        "var": 2.34453927987e-005
    },
    "spectral_entropy": {
        "mean": 7.37594938278,
        "var": 0.280559718609
    },
    "spectral_flux": {
        "mean": 0.0710669457912,
        "var": 0.000903363688849
    },
    "spectral_kurtosis": {
        "mean": 4.4507060051,
        "var": 32.4735336304
    },
    "spectral_rms": {
        "mean": 0.00468501169235,
        "var": 8.85394968009e-007
    },
    "spectral_rolloff": {
        "mean": 2613.74951172,
        "var": 1590377.875
    },
    "spectral_skewness": {
        "mean": 1.37306070328,
        "var": 0.345083773136
    },
    "spectral_spread": {
        "mean": 4565894,
        "var": 3.0356364329e+012
    },
    "spectral_strongpeak": {
        "mean": 1.74803483486,
        "var": 5.59857654572
    },
    "zerocrossingrate": {
        "mean": 0.0864773243666,
        "var": 0.00135304720607
    },
    "barkbands": {
        "mean": [8.48937197588e-005, 0.00249942229129, 0.00321927643381, 0.0012058892753, 0.00233213813044, 0.00212644971907, 0.00192075537052, 0.000338508107234, 0.000321031548083, 0.000343048246577, 0.000222092377953, 0.00024647769169, 0.000190261605894, 0.00183677172754, 0.000778738409281, 0.000323467655107, 0.00100756471511, 0.00113189825788, 0.00115092948545, 0.0010444362415, 0.000413912988734, 0.000171158651938, 0.000145210069604, 0.00013245230366, 0.000120025208162, 9.09605587367e-005, 7.88998113421e-006],
        "var": [5.010376114e-008, 1.81477807928e-005, 1.22997007566e-005, 3.06947140416e-006, 4.08577079725e-006, 7.06646187609e-006, 6.60413115838e-006, 1.9682539687e-007, 1.02677427094e-006, 2.01141142497e-006, 5.1911044352e-008, 1.77684185587e-007, 2.03838311563e-007, 8.04120099929e-006, 1.52013569732e-006, 2.0265429157e-007, 1.2526215869e-006, 1.64516347922e-006, 1.34769334181e-006, 1.63126912867e-006, 1.96590775658e-007, 2.28692265125e-008, 2.10035828729e-008, 2.92940978142e-008, 2.07310453249e-008, 1.67578608767e-008, 1.55650298206e-010]
    },
    "erbbands": {
        "mean": [0.051422547549, 0.666749060154, 3.17873048782, 4.38537693024, 4.56048774719, 10.2551374435, 9.03579521179, 21.6547641754, 27.1499423981, 18.5664539337, 5.73832178116, 8.39424324036, 12.5142793655, 5.39805269241, 10.5897111893, 11.2395009995, 11.6584072113, 96.5208969116, 49.6506690979, 26.5537586212, 35.4381980896, 43.4491882324, 51.0130615234, 77.6600341797, 57.1852264404, 46.3849754333, 25.8441963196, 9.76284122467, 6.52298212051, 4.01286506653, 4.61345481873, 3.04401540756, 2.01242566109, 1.4040210247, 0.824964940548, 0.414176940918, 0.157780468464, 0.0326546579599, 0.000819338078145, 5.24445094925e-005],
        "var": [0.0139357512817, 0.98626434803, 11.4630880356, 21.9057369232, 25.966211319, 101.648506165, 113.945487976, 659.688720703, 1370.01208496, 544.052062988, 75.9040374756, 721.955810547, 2693.14282227, 89.1827850342, 108.785903931, 354.113433838, 284.913848877, 22365.7460938, 3712.47753906, 1345.11730957, 1728.4486084, 1447.3112793, 2943.9609375, 6941.02197266, 4672.81933594, 2547.52758789, 674.510742188, 73.7672195435, 35.2639541626, 14.3105249405, 21.0526504517, 20.3202896118, 5.27396965027, 2.82915878296, 1.02202498913, 0.321785926819, 0.0521620549262, 0.00218696310185, 1.42461908581e-006, 1.16438192421e-009]
    },
    "gfcc": {
        "mean": [22.2587680817, 71.1342544556, -120.147209167, 53.9101829529, -47.9952735901, 0.351164221764, -45.9010353088, 4.84504938126, -29.9656887054, 7.15930747986, -10.3842067719, -1.5288387537, -16.1530361176],
        "cov": [[4562.23193359, -2276.26489258, -539.16229248, 268.840332031, 205.577804565, 294.670654297, -628.578552246, 116.699516296, -279.183776855, 365.889373779, -339.512634277, 7.14544963837, -106.790306091], [-2276.26489258, 2498.45507813, -90.0771484375, -19.17719841, -239.629974365, -312.312957764, 555.151550293, -116.878013611, 375.22265625, -307.501953125, 392.37310791, -70.6735305786, 106.616333008], [-539.16229248, -90.0771484375, 612.196594238, -180.820892334, 51.1096534729, 109.358581543, 49.2312774658, 81.794128418, -53.0615272522, 16.0043010712, -80.6740875244, 65.0232009888, 1.7714959383], [268.840332031, -19.17719841, -180.820892334, 306.713012695, 13.5129566193, -1.09159910679, 31.6314315796, -3.87930679321, 32.3834114075, 9.50686836243, 50.4552955627, -21.2356910706, -16.976682663], [205.577804565, -239.629974365, 51.1096534729, 13.5129566193, 255.897109985, 33.1304626465, -54.7764968872, -14.5321321487, -45.2770690918, 59.7504119873, -57.3619537354, 7.44574308395, -25.9986610413], [294.670654297, -312.312957764, 109.358581543, -1.09159910679, 33.1304626465, 184.816055298, -9.90090274811, 51.9521446228, -43.7866287231, 62.3640289307, -39.5580978394, 7.55168819427, -14.9441051483], [-628.578552246, 555.151550293, 49.2312774658, 31.6314315796, -54.7764968872, -9.90090274811, 244.966766357, 22.108373642, 75.4801177979, -71.6721725464, 107.51499176, -1.55151081085, 23.9395236969], [116.699516296, -116.878013611, 81.794128418, -3.87930679321, -14.5321321487, 51.9521446228, 22.108373642, 124.853271484, 9.96178245544, 0.236881539226, -21.7174987793, 28.2796287537, 5.24424648285], [-279.183776855, 375.22265625, -53.0615272522, 32.3834114075, -45.2770690918, -43.7866287231, 75.4801177979, 9.96178245544, 136.539703369, -22.7151165009, 57.459438324, -8.16379928589, 21.0460472107], [365.889373779, -307.501953125, 16.0043010712, 9.50686836243, 59.7504119873, 62.3640289307, -71.6721725464, 0.236881539226, -22.7151165009, 130.086959839, -19.7205238342, -1.08697926998, -12.9007492065], [-339.512634277, 392.37310791, -80.6740875244, 50.4552955627, -57.3619537354, -39.5580978394, 107.51499176, -21.7174987793, 57.459438324, -19.7205238342, 147.126205444, -3.75954246521, 22.0613269806], [7.14544963837, -70.6735305786, 65.0232009888, -21.2356910706, 7.44574308395, 7.55168819427, -1.55151081085, 28.2796287537, -8.16379928589, -1.08697926998, -3.75954246521, 64.8458480835, 18.8773155212], [-106.790306091, 106.616333008, 1.7714959383, -16.976682663, -25.9986610413, -14.9441051483, 23.9395236969, 5.24424648285, 21.0460472107, -12.9007492065, 22.0613269806, 18.8773155212, 59.1533279419]],
        "icov": [[0.000822742294986, -0.000343219726346, 0.00121534906793, -0.000590906362049, 0.000163642398547, -0.000882998167071, 0.00116106437054, -0.00132940965705, 0.0013937902404, -0.00173653347883, 0.00162609515246, -0.00101373426151, 0.000237193889916], [-0.000343219726346, 0.0041774106212, -0.0015906871995, 0.00183435669169, -0.000637651595753, 0.00246009696275, -0.00430163973942, 0.00365456123836, -0.00679015507922, 0.00549153611064, -0.00562566984445, 0.00420908210799, -0.00144826120231], [0.00121534906793, -0.0015906871995, 0.00512972241268, 0.000257019652054, 0.000134775094921, -0.00266969343647, 0.000619888189249, -0.00330031779595, 0.00428298488259, -0.00457979505882, 0.00555645115674, -0.00478285551071, 0.00133913895115], [-0.000590906362049, 0.00183435669169, 0.000257019652054, 0.00558468373492, -0.00100320531055, 0.000851183373015, -0.00317273940891, 0.00150066788774, -0.00382636650465, 0.00271091191098, -0.0038799289614, 0.00199498655275, 0.000910175323952], [0.000163642398547, -0.000637651595753, 0.000134775094921, -0.00100320531055, 0.00528943678364, -8.8053959189e-005, -2.07820994547e-005, 0.000627094937954, 0.00179592217319, -0.0033783998806, 0.00320613221265, -0.00213419576176, 0.00151768815704], [-0.000882998167071, 0.00246009696275, -0.00266969343647, 0.000851183373015, -8.8053959189e-005, 0.0112132066861, -0.0052601271309, -4.43271601398e-005, -0.00196676980704, -0.000426830898505, -0.00264981691726, 0.0040629254654, -0.000478678790387], [0.00116106437054, -0.00430163973942, 0.000619888189249, -0.00317273940891, -2.07820994547e-005, -0.0052601271309, 0.0156431868672, -0.00616795336828, 0.00504352664575, -0.00126318179537, -0.000487443845486, -0.00240977364592, 0.000678977870848], [-0.00132940965705, 0.00365456123836, -0.00330031779595, 0.00150066788774, 0.000627094937954, -4.43271601398e-005, -0.00616795336828, 0.0163552910089, -0.00935253407806, 0.00674557127059, -0.00328727858141, -0.000380429177312, -0.00100067444146], [0.0013937902404, -0.00679015507922, 0.00428298488259, -0.00382636650465, 0.00179592217319, -0.00196676980704, 0.00504352664575, -0.00935253407806, 0.0229842998087, -0.0119050778449, 0.00934881623834, -0.00569130200893, 0.000164350771229], [-0.00173653347883, 0.00549153611064, -0.00457979505882, 0.00271091191098, -0.0033783998806, -0.000426830898505, -0.00126318179537, 0.00674557127059, -0.0119050778449, 0.0227121543139, -0.0133954286575, 0.00784318335354, -0.00211524195038], [0.00162609515246, -0.00562566984445, 0.00555645115674, -0.0038799289614, 0.00320613221265, -0.00264981691726, -0.000487443845486, -0.00328727858141, 0.00934881623834, -0.0133954286575, 0.0245422832668, -0.00961636006832, 0.000691786408424], [-0.00101373426151, 0.00420908210799, -0.00478285551071, 0.00199498655275, -0.00213419576176, 0.0040629254654, -0.00240977364592, -0.000380429177312, -0.00569130200893, 0.00784318335354, -0.00961636006832, 0.0268868133426, -0.00886166933924], [0.000237193889916, -0.00144826120231, 0.00133913895115, 0.000910175323952, 0.00151768815704, -0.000478678790387, 0.000678977870848, -0.00100067444146, 0.000164350771229, -0.00211524195038, 0.000691786408424, -0.00886166933924, 0.0225750822574]]
    },
    "melbands": {
        "mean": [0.000586550042499, 0.00143523316365, 0.000755080895033, 0.000552024634089, 0.000367106782505, 0.0004676443059, 0.000417452130932, 0.000173850174178, 4.36961163359e-005, 5.10280879098e-005, 6.15574244875e-005, 2.0445755581e-005, 3.03703363898e-005, 3.08043418045e-005, 2.41840189119e-005, 2.27135315072e-005, 0.000213396342588, 7.61887713452e-005, 5.3358508012e-005, 2.29916367971e-005, 5.11836078658e-005, 5.23083945154e-005, 3.31803421432e-005, 6.17356636212e-005, 6.44493702566e-005, 3.09771821776e-005, 4.87162033096e-005, 2.57342453551e-005, 1.61389671121e-005, 1.18355756058e-005, 3.98107613364e-006, 4.3324548642e-006, 2.19108596866e-006, 2.12547229239e-006, 2.90349680654e-006, 2.10904818232e-006, 1.73532748704e-006, 1.44256398471e-006, 1.24565428905e-006, 1.14558667974e-006],
        "var": [1.30428259126e-006, 2.14188980863e-006, 6.00930320616e-007, 2.53582385312e-007, 1.28756951767e-007, 3.05812392298e-007, 3.0259221262e-007, 4.59764386562e-008, 9.08622421747e-009, 2.73494311642e-008, 6.91573305289e-008, 1.8550510017e-009, 9.71894009716e-010, 1.83325010727e-009, 2.11387751747e-009, 2.47673126452e-009, 1.17562144908e-007, 9.06459352024e-009, 8.82521433709e-009, 1.0209733059e-009, 4.96409668926e-009, 3.11319614532e-009, 1.29596156029e-009, 5.73616310007e-009, 5.84971626694e-009, 1.25863197642e-009, 4.38803393621e-009, 8.62650006983e-010, 3.04071129387e-010, 2.02642222447e-010, 1.53191868912e-011, 1.9577348423e-011, 4.29629378948e-012, 4.92002315625e-012, 9.360281647e-012, 6.13003744987e-012, 8.91969397648e-012, 2.80143876846e-012, 2.34349952638e-012, 1.93094173463e-012]
    },
    "mfcc": {
        "mean": [-622.230834961, 95.5932159424, -4.63011217117, 48.4949913025, 12.7862958908, 1.40635108948, 0.324274092913, -4.94511365891, -11.3679590225, 1.54756546021, -3.64844584465, 1.21739590168, -2.94272351265],
        "cov": [[4289.96240234, -1804.89672852, -816.813293457, -94.9391555786, 290.476318359, 110.612037659, -89.8050460815, -255.036300659, -87.2112884521, 187.777297974, -7.47623062134, -196.227813721, -259.652130127], [-1804.89672852, 1705.37365723, 180.091842651, 114.016326904, -303.303405762, -65.7740631104, -22.8297595978, 175.852981567, -4.08395862579, -71.3603820801, 22.7028484344, 216.231948853, 167.756484985], [-816.813293457, 180.091842651, 477.672546387, -82.5243606567, -34.6676101685, -17.2771587372, 66.6533050537, 70.2545471191, 83.9692230225, -24.4356384277, 15.2138442993, 35.6756134033, 54.7938728333], [-94.9391555786, 114.016326904, -82.5243606567, 270.204986572, -32.0687255859, 23.1638336182, 0.185303643346, 35.7131614685, -24.0112895966, -0.826752305031, 14.7130622864, 45.8363227844, 38.8385734558], [290.476318359, -303.303405762, -34.6676101685, -32.0687255859, 228.45880127, 47.8629989624, 15.6716136932, -56.1911010742, 31.7114715576, 10.3277187347, -6.37798166275, -70.2035827637, -13.5649986267], [110.612037659, -65.7740631104, -17.2771587372, 23.1638336182, 47.8629989624, 108.574562073, 29.1030578613, -17.4473075867, 3.72352266312, 25.1089992523, 13.505610466, 5.14742708206, 7.90528917313], [-89.8050460815, -22.8297595978, 66.6533050537, 0.185303643346, 15.6716136932, 29.1030578613, 144.773269653, 39.0564575195, 0.689291417599, 23.0460071564, 7.22911405563, 0.0503894127905, 23.9876842499], [-255.036300659, 175.852981567, 70.2545471191, 35.7131614685, -56.1911010742, -17.4473075867, 39.0564575195, 142.732223511, 32.6017570496, -9.1014995575, 17.599697113, 33.8133773804, 30.8393154144], [-87.2112884521, -4.08395862579, 83.9692230225, -24.0112895966, 31.7114715576, 3.72352266312, 0.689291417599, 32.6017570496, 100.273521423, 10.8462409973, -2.81165552139, -2.33500361443, 13.6975908279], [187.777297974, -71.3603820801, -24.4356384277, -0.826752305031, 10.3277187347, 25.1089992523, 23.0460071564, -9.1014995575, 10.8462409973, 82.7895431519, 16.807144165, 2.1841199398, 0.432681292295], [-7.47623062134, 22.7028484344, 15.2138442993, 14.7130622864, -6.37798166275, 13.505610466, 7.22911405563, 17.599697113, -2.81165552139, 16.807144165, 68.268119812, 19.5781593323, -5.93869447708], [-196.227813721, 216.231948853, 35.6756134033, 45.8363227844, -70.2035827637, 5.14742708206, 0.0503894127905, 33.8133773804, -2.33500361443, 2.1841199398, 19.5781593323, 109.900588989, 41.5966644287], [-259.652130127, 167.756484985, 54.7938728333, 38.8385734558, -13.5649986267, 7.90528917313, 23.9876842499, 30.8393154144, 13.6975908279, 0.432681292295, -5.93869447708, 41.5966644287, 132.114501953]],
        "icov": [[0.000760648807045, 0.000695942959283, 0.00106521812268, 0.000392891757656, 5.63868889003e-005, -0.000185561046237, 0.000266028713668, -0.000168638114701, -1.87962396012e-005, -0.000825428694952, -5.4037434893e-005, -0.000480188202346, 0.000215323540033], [0.000695942959283, 0.00167553359643, 0.000877018785104, 0.000352377595846, 0.000847364077345, -9.94030051515e-005, 0.000529637909494, -0.000679599586874, 3.41037157341e-005, -0.000103643353214, -0.000140040487167, -0.00146901968401, -0.000618655700237], [0.00106521812268, 0.000877018785104, 0.00495819933712, 0.00168583285995, 0.000861850392539, 0.000139068448334, -0.00159914337564, 0.000143138153362, -0.00318626430817, 0.000890175288077, -0.00150664965622, -0.00122994161211, -0.000588002963923], [0.000392891757656, 0.000352377595846, 0.00168583285995, 0.0050331838429, 0.000150916792336, -0.0012168311514, 0.000339403370162, -0.00149263441563, 0.000717054062989, 0.000125662307255, -0.000603605178185, -0.00148398848251, -0.00111364352051], [5.63868889003e-005, 0.000847364077345, 0.000861850392539, 0.000150916792336, 0.00817475374788, -0.00246186787263, -0.0012972173281, 0.00260050059296, -0.00390967912972, 0.00197124062106, -0.00151227868628, 0.00333206309006, -0.00146998907439], [-0.000185561046237, -9.94030051515e-005, 0.000139068448334, -0.0012168311514, -0.00246186787263, 0.0125046223402, -0.00261739804409, 0.00216269330122, -0.000823561917059, -0.00162249431014, -0.00181837857235, -0.0020365093369, -0.000318878272083], [0.000266028713668, 0.000529637909494, -0.00159914337564, 0.000339403370162, -0.0012972173281, -0.00261739804409, 0.0104828067124, -0.00452681258321, 0.00420274538919, -0.00392883364111, 0.00141402182635, 0.000793372688349, -0.00101855304092], [-0.000168638114701, -0.000679599586874, 0.000143138153362, -0.00149263441563, 0.00260050059296, 0.00216269330122, -0.00452681258321, 0.0124634979293, -0.00591101963073, 0.00294997706078, -0.00343928067014, -9.91230990621e-006, -0.000587160408031], [-1.87962396012e-005, 3.41037157341e-005, -0.00318626430817, 0.000717054062989, -0.00390967912972, -0.000823561917059, 0.00420274538919, -0.00591101963073, 0.0165990721434, -0.00477969273925, 0.00327145773917, -4.88852492708e-005, -0.000247871357715], [-0.000825428694952, -0.000103643353214, 0.000890175288077, 0.000125662307255, 0.00197124062106, -0.00162249431014, -0.00392883364111, 0.00294997706078, -0.00477969273925, 0.0173657275736, -0.00460208253935, -0.00034200612572, -0.00123307632748], [-5.4037434893e-005, -0.000140040487167, -0.00150664965622, -0.000603605178185, -0.00151227868628, -0.00181837857235, 0.00141402182635, -0.00343928067014, 0.00327145773917, -0.00460208253935, 0.0185240469873, -0.00312752416357, 0.00286683253944], [-0.000480188202346, -0.00146901968401, -0.00122994161211, -0.00148398848251, 0.00333206309006, -0.0020365093369, 0.000793372688349, -9.91230990621e-006, -4.88852492708e-005, -0.00034200612572, -0.00312752416357, 0.0160776022822, -0.00300627364777], [0.000215323540033, -0.000618655700237, -0.000588002963923, -0.00111364352051, -0.00146998907439, -0.000318878272083, -0.00101855304092, -0.000587160408031, -0.000247871357715, -0.00123307632748, 0.00286683253944, -0.00300627364777, 0.0106444768608]]
    },
    "spectral_contrast_coeffs": {
        "mean": [-0.614791095257, -0.665980219841, -0.767116367817, -0.726717352867, -0.717536270618, -0.741061747074],
        "var": [0.00450468761846, 0.00536661129445, 0.00271447841078, 0.00347098847851, 0.00346886808984, 0.00244889524765]
    },
    "spectral_contrast_valleys": {
        "mean": [-7.33880805969, -7.13744735718, -7.78134489059, -7.95806264877, -7.40309715271, -10.0670862198],
        "var": [0.576144516468, 0.57809317112, 0.609095931053, 0.807496011257, 0.946237444878, 1.77021956444]
    }
},
"metadata": {
    "audio_properties": {
        "analysis_sample_rate": 44100,
        "bit_rate": 128074,
        "equal_loudness": 0,
        "length": 45.0612258911,
        "lossless": 0,
        "replay_gain": -5.6396522522,
        "sample_rate": 44100,
        "codec": "mp3",
        "downmix": "mix",
        "md5_encoded": "15475af7a0ae52ad4fe35d151fc3d9d4"
    },
    "tags": {
        "file_name": "1960.mp3"
    },
    "version": {
        "essentia": "2.1-beta2",
        "essentia_git_sha": "v2.1_beta2",
        "extractor": "music 1.0"
    }
},
"rhythm": {
    "beats_count": 72,
    "beats_loudness": {
        "mean": 0.0252013914287,
        "var": 6.83349717292e-005
    },
    "bpm": 96.7194213867,
    "bpm_histogram_first_peak_bpm": {
        "mean": 98,
        "var": 0
    },
    "bpm_histogram_first_peak_spread": {
        "mean": 0.378787875175,
        "var": 0
    },
    "bpm_histogram_first_peak_weight": {
        "mean": 0.57746475935,
        "var": 0
    },
    "bpm_histogram_second_peak_bpm": {
        "mean": 92,
        "var": 0
    },
    "bpm_histogram_second_peak_spread": {
        "mean": 0,
        "var": 0
    },
    "bpm_histogram_second_peak_weight": {
        "mean": 0.0704225301743,
        "var": 0
    },
    "danceability": 0.985903024673,
    "onset_rate": 2.88366365433,
    "beats_loudness_band_ratio": {
        "mean": [0.305511951447, 0.211704090238, 0.133613318205, 0.089630022645, 0.169978410006, 0.123824171722],
        "var": [0.0270269345492, 0.0137310512364, 0.0176442917436, 0.00631087552756, 0.0114894071594, 0.00717405648902]
    },
    "beats_position": [0.626938760281, 1.26548755169, 1.90403628349, 2.55419492722, 3.21596360207, 3.87773227692, 4.5046710968, 5.13160991669, 5.75854873657, 6.38548755646, 7.02403593063, 7.67419481277, 8.32435321808, 8.96290206909, 9.58984088898, 10.2167797089, 10.8437185287, 11.4590473175, 12.0743761063, 12.7013149261, 13.3166437149, 13.9319725037, 14.5589113235, 15.1858501434, 15.8011789322, 16.4165077209, 17.031835556, 17.6471652985, 18.2741031647, 18.8894329071, 19.5047607422, 20.1317005157, 20.758638382, 21.3739681244, 21.9892959595, 22.616235733, 23.2315635681, 23.8468933105, 24.4622211456, 25.0775508881, 25.7044887543, 26.3198184967, 26.9351463318, 27.5504760742, 28.1658039093, 28.7811336517, 29.4080715179, 30.0234012604, 30.6387290955, 31.2540588379, 31.8809967041, 32.4963264465, 33.111656189, 33.7385940552, 34.3539237976, 34.9692497253, 35.5961914063, 36.211517334, 36.8268470764, 37.4421768188, 38.0575065613, 38.672832489, 39.2997741699, 39.9267120361, 40.5420417786, 41.1573677063, 41.7726974487, 42.3880271912, 43.0033569336, 43.6186828613, 44.2340126038, 44.8493423462]
},
"tonal": {
    "chords_changes_rate": 0.0349794253707,
    "chords_number_rate": 0.0113168722019,
    "chords_strength": {
        "mean": 0.4904769063,
        "var": 0.00726129068062
    },
    "hpcp_entropy": {
        "mean": 1.9043803215,
        "var": 0.442198008299
    },
    "key_strength": 0.670677304268,
    "tuning_diatonic_strength": 0.51863360405,
    "tuning_equal_tempered_deviation": 0.00867700856179,
    "tuning_frequency": 440.763122559,
    "tuning_nontempered_energy_ratio": 0.647980451584,
    "hpcp": {
        "mean": [0.241954103112, 0.178756847978, 0.221049204469, 0.319204002619, 0.197789058089, 0.101272784173, 0.106974005699, 0.113994061947, 0.242997288704, 0.317293792963, 0.181324765086, 0.073849953711, 0.0536970570683, 0.044621437788, 0.0954507216811, 0.150434583426, 0.1000893116, 0.0494039095938, 0.0510482378304, 0.0483227670193, 0.10256844759, 0.167192921042, 0.132365718484, 0.160911202431, 0.221357539296, 0.139485046268, 0.080894164741, 0.0865818634629, 0.0886285305023, 0.230127960443, 0.371789813042, 0.229799762368, 0.105107285082, 0.127292349935, 0.101520195603, 0.158061221242],
        "var": [0.114353455603, 0.0513292662799, 0.0718827396631, 0.144808426499, 0.0666669234633, 0.0240337755531, 0.0329547524452, 0.0306992642581, 0.0804416686296, 0.113895110786, 0.0454968176782, 0.021248832345, 0.00912327691913, 0.00659936619923, 0.0193550698459, 0.0548042319715, 0.0241759084165, 0.00933838542551, 0.00999241508543, 0.009412471205, 0.0272301249206, 0.068775318563, 0.0386285968125, 0.0453598387539, 0.0863668397069, 0.0398078411818, 0.0242933724076, 0.0282105822116, 0.0250997189432, 0.0625802502036, 0.14669893682, 0.0640335306525, 0.0367078892887, 0.0658759996295, 0.0368613339961, 0.0591450706124]
    },
    "chords_histogram": [9.56790161133, 5.86419773102, 34.0534973145, 0, 0, 0, 2.98353910446, 0, 0, 0, 2.05761313438, 0.823045253754, 0, 0, 0, 1.74897122383, 0, 0.823045253754, 2.16049385071, 0, 17.0781898499, 9.67078208923, 2.36625504494, 10.8024692535],
    "thpcp": [1, 0.618090510368, 0.282706201077, 0.342377185822, 0.273058027029, 0.425135970116, 0.650781989098, 0.480800837278, 0.594554245472, 0.85856038332, 0.53199160099, 0.272392570972, 0.287727117538, 0.306608885527, 0.653587818146, 0.853422522545, 0.487707734108, 0.198633611202, 0.144428536296, 0.120017915964, 0.256733030081, 0.404622673988, 0.269209384918, 0.13288128376, 0.137304022908, 0.129973351955, 0.275877505541, 0.449697434902, 0.356022983789, 0.432801544666, 0.595383524895, 0.375171780586, 0.217580363154, 0.232878521085, 0.238383427262, 0.618973255157],
    "chords_key": "C",
    "chords_scale": "major",
    "key_key": "F",
    "key_scale": "major"
}
}