{
"lowlevel": {
    "average_loudness": 0.979704320431,
    "barkbands_crest": {
        "mean": 6.54385948181,
        "var": 5.53520774841
    },
    "barkbands_flatness_db": {
        "mean": 0.102622233331,
        "var": 0.000552652752958
    },
    "barkbands_kurtosis": {
        "mean": -0.90670144558,
        "var": 0.853587150574
    },
    "barkbands_skewness": {
        "mean": -0.40043130517,
        "var": 0.358199954033
    },
    "barkbands_spread": {
        "mean": 38.5547637939,
        "var": 80.3240966797
    },
    "dissonance": {
        "mean": 0.488220244646,
        "var": 7.68447716837e-005
    },
    "dynamic_complexity": 1.05786979198,
    "erbbands_crest": {
        "mean": 9.96057987213,
        "var": 12.7287912369
    },
    "erbbands_flatness_db": {
        "mean": 0.193518266082,
        "var": 0.00101380830165
    },
    "erbbands_kurtosis": {
        "mean": 3.53880357742,
        "var": 11.316660881
    },
    "erbbands_skewness": {
        "mean": -1.33898484707,
        "var": 0.352741479874
    },
    "erbbands_spread": {
        "mean": 20.4772205353,
        "var": 61.7216339111
    },
    "hfc": {
        "mean": 33.2472305298,
        "var": 142.727600098
    },
    "melbands_crest": {
        "mean": 9.94033527374,
        "var": 14.2648925781
    },
    "melbands_flatness_db": {
        "mean": 0.126296937466,
        "var": 0.000679202901665
    },
    "melbands_kurtosis": {
        "mean": -0.2614775002,
        "var": 3.61445236206
    },
    "melbands_skewness": {
        "mean": 0.810345590115,
        "var": 0.482858538628
    },
    "melbands_spread": {
        "mean": 72.6731033325,
        "var": 294.925292969
    },
    "pitch_salience": {
        "mean": 0.578594684601,
        "var": 0.00607723463327
    },
    "silence_rate_20dB": {
        "mean": 1,
        "var": 0
    },
    "silence_rate_30dB": {
        "mean": 1,
        "var": 0
    },
    "silence_rate_60dB": {
        "mean": 0.00154479919001,
        "var": 0.00154241069686
    },
    "spectral_centroid": {
        "mean": 2694.01318359,
        "var": 100501.835938
    },
    "spectral_complexity": {
        "mean": 29.4665298462,
        "var": 51.9626121521
    },
    "spectral_decrease": {
        "mean": -4.11097378361e-009,
        "var": 1.84243024995e-018
    },
    "spectral_energy": {
        "mean": 0.0185313876718,
        "var": 3.55810625479e-005
    },
    "spectral_energyband_high": {
        "mean": 0.0012253022287,
        "var": 7.19736362953e-007
    },
    "spectral_energyband_low": {
        "mean": 0.00326697505079,
        "var": 7.01956560079e-006
    },
    "spectral_energyband_middle_high": {
        "mean": 0.0106567423791,
        "var": 1.92377447092e-005
    },
    "spectral_energyband_middle_low": {
        "mean": 0.00388463982381,
        "var": 6.45442833047e-006
    },
    "spectral_entropy": {
        "mean": 7.58554935455,
        "var": 0.0457972846925
    },
    "spectral_flux": {
        "mean": 0.0809828937054,
        "var": 0.000558486033697
    },
    "spectral_kurtosis": {
        "mean": 5.5750374794,
        "var": 5.09799814224
    },
    "spectral_rms": {
        "mean": 0.00419079093263,
        "var": 5.16685872753e-007
    },
    "spectral_rolloff": {
        "mean": 3241.74536133,
        "var": 406292.28125
    },
    "spectral_skewness": {
        "mean": 1.15682768822,
        "var": 0.0902848467231
    },
    "spectral_spread": {
        "mean": 2942212.5,
        "var": 1.3627073495e+012
    },
    "spectral_strongpeak": {
        "mean": 2.48987317085,
        "var": 6.909512043
    },
    "zerocrossingrate": {
        "mean": 0.104409463704,
        "var": 0.000320624152664
    },
    "barkbands": {
        "mean": [5.64460424357e-005, 0.00144652579911, 0.00139371759724, 0.000629371090326, 0.00140988349449, 0.000305634719552, 0.000482468632981, 0.000534343183972, 0.000348758097971, 0.000365018466255, 0.000351157941623, 0.00027860343107, 0.00027003584546, 0.0007616164512, 0.00108912202995, 0.00203089951538, 0.00209339917637, 0.00126305816229, 0.00167778844479, 0.00111368729267, 0.000316527206451, 0.000208013370866, 3.74620030925e-005, 3.13827695209e-005, 1.91015260498e-005, 1.65973488038e-005, 8.00625741704e-007],
        "var": [6.57626708644e-009, 1.78265815975e-006, 1.74860406332e-006, 3.78470303986e-007, 1.96026144295e-006, 2.46151728334e-007, 5.38601057087e-007, 5.67271115415e-007, 2.9469981655e-007, 5.55541873837e-007, 3.59429037644e-007, 9.24090031162e-008, 1.70094395457e-007, 1.85907924788e-006, 1.91303229258e-006, 5.51994526177e-006, 2.98924942399e-006, 1.93712639884e-006, 2.32527668231e-006, 7.29469149974e-007, 7.37544070262e-008, 2.6461544067e-008, 1.23776056071e-009, 9.14521736117e-010, 6.1306426602e-010, 1.60198043719e-009, 5.2409673823e-012]
    },
    "erbbands": {
        "mean": [0.0289281588048, 0.375414788723, 1.56048214436, 2.00381207466, 3.38168144226, 5.12790632248, 2.79041242599, 2.61056470871, 5.50402069092, 10.9762821198, 9.71612262726, 6.98025274277, 13.5204639435, 10.6922521591, 14.3975505829, 12.0369386673, 13.0801124573, 37.7510261536, 52.6880836487, 61.5555305481, 137.14704895, 105.918190002, 80.5303039551, 58.7629165649, 87.256942749, 60.5544815063, 19.0096588135, 10.5215015411, 7.99557781219, 3.25951552391, 0.96214568615, 0.815827250481, 0.41299033165, 0.211382135749, 0.144625335932, 0.0884925276041, 0.0256605055183, 0.00377096165903, 0.000108394822746, 2.86829308607e-005],
        "var": [0.00120886228979, 0.117638349533, 2.02469825745, 3.77335357666, 10.7534942627, 35.1364135742, 8.21021270752, 21.4564590454, 95.0380249023, 256.964813232, 178.959579468, 80.4237060547, 598.890380859, 505.054412842, 489.256561279, 128.222045898, 228.842071533, 4750.30175781, 4178.80224609, 7707.58642578, 15777.1123047, 5299.78271484, 7784.17333984, 2677.06689453, 5567.12451172, 2252.16992188, 251.581832886, 84.964302063, 42.8402442932, 7.09757184982, 0.829550385475, 0.773363113403, 0.145898297429, 0.0499042831361, 0.0510990321636, 0.0384865067899, 0.00461821816862, 9.38395824051e-005, 6.7429930084e-008, 1.42091186039e-010]
    },
    "gfcc": {
        "mean": [14.3380994797, 75.7613525391, -156.868240356, 63.1926078796, -37.9960365295, 2.69816732407, -36.239490509, 14.1454324722, -23.6557769775, 1.77537488937, -21.8360157013, -5.94336700439, -11.5789604187],
        "cov": [[1733.96203613, -168.354782104, 52.9775810242, -140.433944702, -130.784301758, -38.0326499939, -7.75907707214, 14.598074913, -86.3366546631, 58.7898216248, -101.59299469, 94.2096557617, -60.2478904724], [-168.354782104, 406.412384033, -154.854614258, 23.0263652802, 16.2077999115, -32.0422096252, 20.2142333984, -6.47898197174, 56.0393218994, -58.5364456177, 74.5525131226, -97.7729415894, 61.3552703857], [52.9775810242, -154.854614258, 281.539672852, -33.2426605225, 18.5685558319, 22.1281414032, -17.6653556824, 28.6424560547, -39.2112197876, 56.2807312012, -50.8414306641, 82.3680038452, -65.2024078369], [-140.433944702, 23.0263652802, -33.2426605225, 212.850860596, 44.6540374756, 14.0469179153, 5.00053548813, -9.5669336319, 51.350353241, -18.7794837952, 35.1639213562, -20.0194149017, 13.6099157333], [-130.784301758, 16.2077999115, 18.5685558319, 44.6540374756, 127.942123413, 27.2251472473, -19.8281326294, 1.47558414936, 17.4547805786, 12.4964456558, 2.01854705811, -5.03646945953, 2.13958024979], [-38.0326499939, -32.0422096252, 22.1281414032, 14.0469179153, 27.2251472473, 113.04839325, 38.3032684326, -13.2720975876, -11.181180954, 11.9212942123, -5.06451559067, 0.508391737938, -4.30921268463], [-7.75907707214, 20.2142333984, -17.6653556824, 5.00053548813, -19.8281326294, 38.3032684326, 107.973922729, 30.6205654144, -19.3745365143, -9.26087379456, 10.295416832, -6.69453048706, -5.19676208496], [14.598074913, -6.47898197174, 28.6424560547, -9.5669336319, 1.47558414936, -13.2720975876, 30.6205654144, 85.0694198608, 15.0663757324, -6.8278169632, 1.94535124302, 7.0683054924, -14.7229537964], [-86.3366546631, 56.0393218994, -39.2112197876, 51.350353241, 17.4547805786, -11.181180954, -19.3745365143, 15.0663757324, 97.1418533325, 12.5769138336, 12.7150583267, -24.2397499084, 16.0801429749], [58.7898216248, -58.5364456177, 56.2807312012, -18.7794837952, 12.4964456558, 11.9212942123, -9.26087379456, -6.8278169632, 12.5769138336, 82.8602142334, -9.69327545166, 1.21867799759, -22.2018260956], [-101.59299469, 74.5525131226, -50.8414306641, 35.1639213562, 2.01854705811, -5.06451559067, 10.295416832, 1.94535124302, 12.7150583267, -9.69327545166, 72.7000808716, -7.83177566528, 6.07895803452], [94.2096557617, -97.7729415894, 82.3680038452, -20.0194149017, -5.03646945953, 0.508391737938, -6.69453048706, 7.0683054924, -24.2397499084, 1.21867799759, -7.83177566528, 98.7444610596, -14.6958551407], [-60.2478904724, 61.3552703857, -65.2024078369, 13.6099157333, 2.13958024979, -4.30921268463, -5.19676208496, -14.7229537964, 16.0801429749, -22.2018260956, 6.07895803452, -14.6958551407, 67.389213562]],
        "icov": [[0.000923658430111, -0.000737139140256, 0.00127164064907, -0.000564102781937, 0.00113742100075, -0.000315789598972, 0.000949520093855, -0.00128498498816, 0.00155180611182, -0.0019857219886, 0.00224083755165, -0.00184594804887, 0.000948205881286], [-0.000737139140256, 0.00720325112343, -0.00315726129338, 0.00345239439048, -0.00316878897138, 0.00287981075235, -0.00438959198073, 0.00476934714243, -0.00596707779914, 0.00731867691502, -0.00836359430104, 0.00757888052613, -0.00373887713067], [0.00127164064907, -0.00315726129338, 0.0114906178787, -0.0032972979825, 0.00211792439222, -0.00316838594154, 0.00567186344415, -0.00766737526283, 0.00739774340764, -0.00971461180598, 0.00958535075188, -0.00990173406899, 0.00629777507856], [-0.000564102781937, 0.00345239439048, -0.0032972979825, 0.00886788591743, -0.00403321767226, 0.00156032340601, -0.00451472448185, 0.00594749627635, -0.00803102459759, 0.00738312536851, -0.00720716640353, 0.00471339840442, -0.00142303563189], [0.00113742100075, -0.00316878897138, 0.00211792439222, -0.00403321767226, 0.0123831229284, -0.00496656214818, 0.00651881704107, -0.00581961357966, 0.00431703170761, -0.00606824923307, 0.00477250711992, -0.00362411048263, 0.00103602395393], [-0.000315789598972, 0.00287981075235, -0.00316838594154, 0.00156032340601, -0.00496656214818, 0.0143925501034, -0.00931295473129, 0.00754611752927, -0.0034534400329, 0.0027644445654, -0.00264835450798, 0.00328503618948, -0.00158638833091], [0.000949520093855, -0.00438959198073, 0.00567186344415, -0.00451472448185, 0.00651881704107, -0.00931295473129, 0.0202507525682, -0.013527343981, 0.010642436333, -0.00740381143987, 0.00507306447253, -0.00468533812091, 0.00259074335918], [-0.00128498498816, 0.00476934714243, -0.00766737526283, 0.00594749627635, -0.00581961357966, 0.00754611752927, -0.013527343981, 0.0248956959695, -0.0137630095705, 0.0123100401834, -0.00828776415437, 0.00639182468876, 0.000433622626588], [0.00155180611182, -0.00596707779914, 0.00739774340764, -0.00803102459759, 0.00431703170761, -0.0034534400329, 0.010642436333, -0.0137630095705, 0.0245959199965, -0.0148282339796, 0.00887824781239, -0.00629945239052, 0.000126825209009], [-0.0019857219886, 0.00731867691502, -0.00971461180598, 0.00738312536851, -0.00606824923307, 0.0027644445654, -0.00740381143987, 0.0123100401834, -0.0148282339796, 0.028225954622, -0.0118835698813, 0.0120587907732, -0.000302014668705], [0.00224083755165, -0.00836359430104, 0.00958535075188, -0.00720716640353, 0.00477250711992, -0.00264835450798, 0.00507306447253, -0.00828776415437, 0.00887824781239, -0.0118835698813, 0.0297157913446, -0.0129466345534, 0.0070701148361], [-0.00184594804887, 0.00757888052613, -0.00990173406899, 0.00471339840442, -0.00362411048263, 0.00328503618948, -0.00468533812091, 0.00639182468876, -0.00629945239052, 0.0120587907732, -0.0129466345534, 0.0240401942283, -0.0058362474665], [0.000948205881286, -0.00373887713067, 0.00629777507856, -0.00142303563189, 0.00103602395393, -0.00158638833091, 0.00259074335918, 0.000433622626588, 0.000126825209009, -0.000302014668705, 0.0070701148361, -0.0058362474665, 0.0235917195678]]
    },
    "melbands": {
        "mean": [0.000326678535203, 0.000723785662558, 0.000377902702894, 0.00032554497011, 0.000127882580273, 6.07915353612e-005, 8.82660679054e-005, 0.000122224490042, 6.97418799973e-005, 4.81431015942e-005, 6.71045927447e-005, 4.06546932936e-005, 5.04410199937e-005, 2.94943347399e-005, 3.38101817761e-005, 3.032566201e-005, 7.34239292797e-005, 8.03891234682e-005, 7.39456154406e-005, 9.29623420234e-005, 0.000183550553629, 0.000112457397336, 9.52713089646e-005, 5.39494139957e-005, 4.22104749305e-005, 7.97853426775e-005, 4.06606704928e-005, 4.0795555833e-005, 1.12804145829e-005, 9.87384828477e-006, 4.45153546025e-006, 4.74860826216e-006, 3.631085292e-006, 1.08691585865e-006, 4.76027253171e-007, 5.8136873804e-007, 4.60656622181e-007, 2.95356784363e-007, 2.3333952015e-007, 1.54906715011e-007],
        "var": [1.06567220826e-007, 3.94143143012e-007, 9.38753714763e-008, 1.2373598679e-007, 1.75803176461e-008, 1.1753235718e-008, 2.19510756239e-008, 3.08122487525e-008, 1.00513304346e-008, 4.99446750624e-009, 1.49405838812e-008, 9.05426933429e-009, 7.10056724529e-009, 1.27833255092e-009, 1.20537979598e-009, 2.87044632508e-009, 2.13470237043e-008, 1.24383330302e-008, 8.93403573343e-009, 2.13221351686e-008, 2.7057035723e-008, 6.73855282685e-009, 1.24257883982e-008, 3.2848190834e-009, 2.07399253327e-009, 6.4411427303e-009, 7.86531284547e-010, 1.42016454152e-009, 1.54795620766e-010, 8.52586196087e-011, 1.64645623524e-011, 1.56394359269e-011, 1.05486149329e-011, 8.8499921367e-013, 2.39772475963e-013, 3.7046272083e-013, 3.19000251561e-013, 7.59761516395e-014, 5.22853211193e-014, 3.07394694009e-014]
    },
    "mfcc": {
        "mean": [-613.283935547, 93.4434127808, -43.3822059631, 53.5825500488, 12.2447738647, 3.38960075378, 0.508097648621, 4.59708309174, 5.68087816238, 4.16975688934, -1.94242477417, -0.698580563068, 1.40166866779],
        "cov": [[992.711303711, -42.2765960693, 3.24349284172, -54.7745437622, -129.139099121, -22.0461063385, -8.04625988007, -17.7673435211, 3.57002472878, -20.6641864777, -10.0568799973, -42.9266242981, -33.6981735229], [-42.2765960693, 317.178985596, -69.4055404663, -30.4549255371, 7.84228086472, -48.4826698303, 10.3505659103, -15.1966648102, -6.22796726227, 40.2217597961, -23.9289455414, -8.17508125305, 10.0267829895], [3.24349284172, -69.4055404663, 171.79989624, -3.38189101219, -17.9273147583, 16.1043663025, -0.503196775913, 15.2835521698, -5.4734416008, -22.9883556366, 16.2836112976, 5.34110355377, 9.91663265228], [-54.7745437622, -30.4549255371, -3.38189101219, 148.934768677, 49.2833366394, -5.32904815674, -16.7114086151, 15.3718757629, 6.26190853119, -1.73147165775, 17.6693668365, 11.846531868, 15.0127077103], [-129.139099121, 7.84228086472, -17.9273147583, 49.2833366394, 146.408950806, 25.4380817413, -37.8243904114, -7.99528026581, 5.39199447632, 9.72562980652, 0.0197946354747, 9.9606256485, 12.0041284561], [-22.0461063385, -48.4826698303, 16.1043663025, -5.32904815674, 25.4380817413, 126.954780579, 25.9088954926, -19.5131568909, 9.62692451477, -11.1947336197, 9.32436752319, 12.1326665878, -0.460598737001], [-8.04625988007, 10.3505659103, -0.503196775913, -16.7114086151, -37.8243904114, 25.9088954926, 115.831436157, 28.3864536285, -12.4408149719, 2.64285087585, 0.991532504559, 15.2574224472, -8.56044483185], [-17.7673435211, -15.1966648102, 15.2835521698, 15.3718757629, -7.99528026581, -19.5131568909, 28.3864536285, 101.167602539, 4.79615068436, -25.5934200287, 11.2119846344, -3.57296133041, 8.97370815277], [3.57002472878, -6.22796726227, -5.4734416008, 6.26190853119, 5.39199447632, 9.62692451477, -12.4408149719, 4.79615068436, 71.6494445801, 27.2370090485, -8.67197990417, -3.137165308, -1.31634366512], [-20.6641864777, 40.2217597961, -22.9883556366, -1.73147165775, 9.72562980652, -11.1947336197, 2.64285087585, -25.5934200287, 27.2370090485, 84.6329040527, 5.94197511673, 4.43201875687, -3.3318169117], [-10.0568799973, -23.9289455414, 16.2836112976, 17.6693668365, 0.0197946354747, 9.32436752319, 0.991532504559, 11.2119846344, -8.67197990417, 5.94197511673, 73.0452346802, 23.4294815063, -3.4888355732], [-42.9266242981, -8.17508125305, 5.34110355377, 11.846531868, 9.9606256485, 12.1326665878, 15.2574224472, -3.57296133041, -3.137165308, 4.43201875687, 23.4294815063, 68.5533676147, 8.20325469971], [-33.6981735229, 10.0267829895, 9.91663265228, 15.0127077103, 12.0041284561, -0.460598737001, -8.56044483185, 8.97370815277, -1.31634366512, -3.3318169117, -3.4888355732, 8.20325469971, 64.5269927979]],
        "icov": [[0.00119978934526, 0.000133443681989, 0.00012088342919, 7.31449617888e-005, 0.00105676276144, 1.63448967214e-005, 0.000287010712782, 0.000282512017293, -0.000180217102752, 0.000270420627203, -7.46142468415e-005, 0.000501619186252, 0.000315033190418], [0.000133443681989, 0.00414435612038, 0.00125126994681, 0.00101708783768, -0.00066561246058, 0.00164872047026, -0.00097126129549, 0.000514756655321, 0.000579699757509, -0.00138914829586, 0.000569854921196, 0.000411573942984, -0.00114948803093], [0.00012088342919, 0.00125126994681, 0.00686097843572, 0.000518922402989, 0.000963547034189, -0.000608337577432, 0.000539553700946, -0.000651183305308, 0.000235279163462, 0.000860235246364, -0.00113748083822, -8.26527611935e-005, -0.00132967438549], [7.31449617888e-005, 0.00101708783768, 0.000518922402989, 0.00854797940701, -0.00305628590286, 0.00167417211924, -0.000349138834281, -0.000381202145945, -0.00127917400096, 0.000834769103676, -0.0021895263344, -0.000310066068778, -0.00166309077758], [0.00105676276144, -0.00066561246058, 0.000963547034189, -0.00305628590286, 0.0111849457026, -0.00445915013552, 0.00545349810272, -0.00227466598153, 0.00236321752891, -0.00278176530264, 0.00236421497539, -0.00170001317747, 0.000394044996938], [1.63448967214e-005, 0.00164872047026, -0.000608337577432, 0.00167417211924, -0.00445915013552, 0.0129734249786, -0.00675869546831, 0.0063513754867, -0.00554210878909, 0.00538206007332, -0.00376459630206, 0.00102502270602, -0.00157045444939], [0.000287010712782, -0.00097126129549, 0.000539553700946, -0.000349138834281, 0.00545349810272, -0.00675869546831, 0.0155542492867, -0.00803176220506, 0.00627532973886, -0.00573060801253, 0.00440513482317, -0.00461005605757, 0.00307318172418], [0.000282512017293, 0.000514756655321, -0.000651183305308, -0.000381202145945, -0.00227466598153, 0.0063513754867, -0.00803176220506, 0.0169893372804, -0.00700797745958, 0.00846739299595, -0.00572540704161, 0.00370470504276, -0.00318969669752], [-0.000180217102752, 0.000579699757509, 0.000235279163462, -0.00127917400096, 0.00236321752891, -0.00554210878909, 0.00627532973886, -0.00700797745958, 0.0210135560483, -0.0106353675947, 0.00608352199197, -0.0016130018048, 0.00181867333595], [0.000270420627203, -0.00138914829586, 0.000860235246364, 0.000834769103676, -0.00278176530264, 0.00538206007332, -0.00573060801253, 0.00846739299595, -0.0106353675947, 0.0203040204942, -0.00612486014143, 0.00137749908026, -0.00102607242297], [-7.46142468415e-005, 0.000569854921196, -0.00113748083822, -0.0021895263344, 0.00236421497539, -0.00376459630206, 0.00440513482317, -0.00572540704161, 0.00608352199197, -0.00612486014143, 0.0195186845958, -0.00684782257304, 0.00320438412018], [0.000501619186252, 0.000411573942984, -8.26527611935e-005, -0.000310066068778, -0.00170001317747, 0.00102502270602, -0.00461005605757, 0.00370470504276, -0.0016130018048, 0.00137749908026, -0.00684782257304, 0.0188615340739, -0.00325025059283], [0.000315033190418, -0.00114948803093, -0.00132967438549, -0.00166309077758, 0.000394044996938, -0.00157045444939, 0.00307318172418, -0.00318969669752, 0.00181867333595, -0.00102607242297, 0.00320438412018, -0.00325025059283, 0.0177691578865]]
    },
    "spectral_contrast_coeffs": {
        "mean": [-0.669163644314, -0.774620294571, -0.777943968773, -0.736888587475, -0.715707600117, -0.703160524368],
        "var": [0.00308523001149, 0.00381123833358, 0.00410972582176, 0.0035445112735, 0.00156004703604, 0.00106117280666]
    },
    "spectral_contrast_valleys": {
        "mean": [-7.29373311996, -7.00468254089, -7.5289940834, -7.37234973907, -6.70621442795, -10.2382669449],
        "var": [0.375618427992, 0.441440224648, 0.444294095039, 0.371166825294, 0.383512288332, 0.357856929302]
    }
},
"metadata": {
    "audio_properties": {
        "analysis_sample_rate": 44100,
        "bit_rate": 128074,
        "equal_loudness": 0,
        "length": 45.0612258911,
        "lossless": 0,
        "replay_gain": -6.58665275574,
        "sample_rate": 44100,
        "codec": "mp3",
        "downmix": "mix",
        "md5_encoded": "72b6015ddca665477e1ed53b1f2e087e"
    },
    "tags": {
        "file_name": "1961.mp3"
    },
    "version": {
        "essentia": "2.1-beta2",
        "essentia_git_sha": "v2.1_beta2",
        "extractor": "music 1.0"
    }
},
"rhythm": {
    "beats_count": 85,
    "beats_loudness": {
        "mean": 0.0211723037064,
        "var": 2.12463583011e-005
    },
    "bpm": 113.382392883,
    "bpm_histogram_first_peak_bpm": {
        "mean": 112,
        "var": 0
    },
    "bpm_histogram_first_peak_spread": {
        "mean": 0.414634138346,
        "var": 0
    },
    "bpm_histogram_first_peak_weight": {
        "mean": 0.571428596973,
        "var": 0
    },
    "bpm_histogram_second_peak_bpm": {
        "mean": 117,
        "var": 0
    },
    "bpm_histogram_second_peak_spread": {
        "mean": 0,
        "var": 0
    },
    "bpm_histogram_second_peak_weight": {
        "mean": 0.023809524253,
        "var": 0
    },
    "danceability": 1.36963129044,
    "onset_rate": 5.07968425751,
    "beats_loudness_band_ratio": {
        "mean": [0.215483367443, 0.104562588036, 0.0846809968352, 0.101335063577, 0.342568308115, 0.187361672521],
        "var": [0.0137937515974, 0.00500952405855, 0.00383695424534, 0.00732043851167, 0.0169079508632, 0.00573386019096]
    },
    "beats_position": [0.53405892849, 1.06811785698, 1.60217678547, 2.11301589012, 2.6470746994, 3.1811337471, 3.7151927948, 4.23764181137, 4.76009082794, 5.2941493988, 5.8282084465, 6.35065746307, 6.88471651077, 7.40716552734, 7.94122457504, 8.47528362274, 9.0093421936, 9.54340076447, 10.0658502579, 10.5882987976, 11.1223583221, 11.6448068619, 12.1672563553, 12.7013149261, 13.235373497, 13.7694330215, 14.3034915924, 14.8375511169, 15.3716096878, 15.9056682587, 16.4281177521, 16.9505672455, 17.4846248627, 18.0186843872, 18.5411338806, 19.0635814667, 19.5976409912, 20.1317005157, 20.6657600403, 21.1882076263, 21.7106571198, 22.2447166443, 22.7787742615, 23.3012237549, 23.8236732483, 24.3577327728, 24.8685703278, 25.4026298523, 25.9366893768, 26.470746994, 27.0048065186, 27.5388660431, 28.0729255676, 28.5953731537, 29.1178226471, 29.6518821716, 30.1859397888, 30.7083892822, 31.2308387756, 31.7648983002, 32.2989578247, 32.8330154419, 33.3670730591, 33.8895225525, 34.4119720459, 34.9344215393, 35.4568710327, 35.9909286499, 36.5249862671, 37.0474357605, 37.5698852539, 38.1039466858, 38.6263923645, 39.1488418579, 39.6712913513, 40.1937408447, 40.7277984619, 41.2502479553, 41.7726974487, 42.3067550659, 42.8408164978, 43.3632659912, 43.8857116699, 44.4197731018, 44.953830719]
},
"tonal": {
    "chords_changes_rate": 0.037037037313,
    "chords_number_rate": 0.00823045242578,
    "chords_strength": {
        "mean": 0.53531229496,
        "var": 0.00689833238721
    },
    "hpcp_entropy": {
        "mean": 2.4011092186,
        "var": 0.527018725872
    },
    "key_strength": 0.821866750717,
    "tuning_diatonic_strength": 0.729162752628,
    "tuning_equal_tempered_deviation": 0.115634590387,
    "tuning_frequency": 441.272583008,
    "tuning_nontempered_energy_ratio": 0.786843061447,
    "hpcp": {
        "mean": [0.333049237728, 0.240526884794, 0.151183858514, 0.1290563941, 0.140051230788, 0.218491151929, 0.292829304934, 0.272802740335, 0.27300927043, 0.264651209116, 0.193364262581, 0.192303806543, 0.236065611243, 0.257110208273, 0.3025778234, 0.373671382666, 0.297518610954, 0.158044457436, 0.118239976466, 0.123787909746, 0.164945855737, 0.179972916842, 0.164374187589, 0.162999302149, 0.140574485064, 0.113629475236, 0.150552526116, 0.188843637705, 0.191304311156, 0.331793069839, 0.425068378448, 0.279628306627, 0.175340130925, 0.178193703294, 0.222484022379, 0.307025671005],
        "var": [0.0827349945903, 0.0488176010549, 0.0313574969769, 0.0229433476925, 0.0270330570638, 0.0544114783406, 0.0793346762657, 0.0648477748036, 0.0767228156328, 0.0905791074038, 0.0497928000987, 0.0454054474831, 0.055001553148, 0.0501403585076, 0.0613599866629, 0.0746887996793, 0.0522151850164, 0.0201150923967, 0.0127957426012, 0.0176447406411, 0.0368746221066, 0.0445788763463, 0.0368096008897, 0.0444802157581, 0.0391060113907, 0.0260810684413, 0.03170042485, 0.046745352447, 0.0466830953956, 0.0903775542974, 0.124560333788, 0.062104601413, 0.0424454286695, 0.0410785451531, 0.056491702795, 0.0743829905987]
    },
    "chords_histogram": [67.9012374878, 2.57201647758, 5.04115247726, 0.205761313438, 7.61316871643, 2.05761313438, 0, 0, 0, 0, 2.46913576126, 0, 0, 0, 0, 0, 0, 0, 0, 3.08641982079, 0.308641970158, 0, 8.74485588074, 0],
    "thpcp": [1, 0.657843112946, 0.412498652935, 0.419211864471, 0.523407578468, 0.722297132015, 0.783519208431, 0.565854549408, 0.355669498444, 0.303613245487, 0.329479306936, 0.51401412487, 0.688899278641, 0.641785562038, 0.642271399498, 0.622608542442, 0.45490154624, 0.45240676403, 0.555359125137, 0.604867875576, 0.711833298206, 0.879085361958, 0.699931204319, 0.371809482574, 0.278166949749, 0.291218817234, 0.388045459986, 0.423397570848, 0.386700570583, 0.38346606493, 0.330710291862, 0.267320454121, 0.354184240103, 0.444266498089, 0.450055390596, 0.780564010143],
    "chords_key": "G",
    "chords_scale": "major",
    "key_key": "G",
    "key_scale": "major"
}
}