{
"lowlevel": {
    "average_loudness": 0.915278494358,
    "barkbands_crest": {
        "mean": 8.61504173279,
        "var": 10.0739507675
    },
    "barkbands_flatness_db": {
        "mean": 0.101157613099,
        "var": 0.000674757407978
    },
    "barkbands_kurtosis": {
        "mean": 0.129606500268,
        "var": 3.39986491203
    },
    "barkbands_skewness": {
        "mean": 0.791564226151,
        "var": 0.531223118305
    },
    "barkbands_spread": {
        "mean": 32.1900177002,
        "var": 158.135147095
    },
    "dissonance": {
        "mean": 0.482622116804,
        "var": 0.000152998007252
    },
    "dynamic_complexity": 2.50352811813,
    "erbbands_crest": {
        "mean": 7.60007572174,
        "var": 12.6512804031
    },
    "erbbands_flatness_db": {
        "mean": 0.15525020659,
        "var": 0.00103370065335
    },
    "erbbands_kurtosis": {
        "mean": -0.173167183995,
        "var": 1.95860528946
    },
    "erbbands_skewness": {
        "mean": -0.291074186563,
        "var": 0.300723522902
    },
    "erbbands_spread": {
        "mean": 41.2008934021,
        "var": 276.724395752
    },
    "hfc": {
        "mean": 23.1750202179,
        "var": 312.327911377
    },
    "melbands_crest": {
        "mean": 12.7261533737,
        "var": 28.6124000549
    },
    "melbands_flatness_db": {
        "mean": 0.146692752838,
        "var": 0.00113784649875
    },
    "melbands_kurtosis": {
        "mean": 5.63848781586,
        "var": 67.2024002075
    },
    "melbands_skewness": {
        "mean": 1.99054169655,
        "var": 1.51978051662
    },
    "melbands_spread": {
        "mean": 36.715927124,
        "var": 211.507385254
    },
    "pitch_salience": {
        "mean": 0.611419796944,
        "var": 0.0101906480268
    },
    "silence_rate_20dB": {
        "mean": 1,
        "var": 0
    },
    "silence_rate_30dB": {
        "mean": 1,
        "var": 0
    },
    "silence_rate_60dB": {
        "mean": 0.00360453152098,
        "var": 0.00359151139855
    },
    "spectral_centroid": {
        "mean": 2051.49267578,
        "var": 191570.890625
    },
    "spectral_complexity": {
        "mean": 26.4176101685,
        "var": 72.4039840698
    },
    "spectral_decrease": {
        "mean": -4.70081484849e-009,
        "var": 1.1549867472e-017
    },
    "spectral_energy": {
        "mean": 0.0198439955711,
        "var": 0.00019675513613
    },
    "spectral_energyband_high": {
        "mean": 0.000825499126222,
        "var": 7.60967111546e-007
    },
    "spectral_energyband_low": {
        "mean": 0.00391113618389,
        "var": 4.93195329909e-005
    },
    "spectral_energyband_middle_high": {
        "mean": 0.00778608769178,
        "var": 6.31614893791e-005
    },
    "spectral_energyband_middle_low": {
        "mean": 0.00771929137409,
        "var": 4.70339691674e-005
    },
    "spectral_entropy": {
        "mean": 7.74537849426,
        "var": 0.0455594919622
    },
    "spectral_flux": {
        "mean": 0.0717352479696,
        "var": 0.00171834020875
    },
    "spectral_kurtosis": {
        "mean": 4.21307134628,
        "var": 2.70002818108
    },
    "spectral_rms": {
        "mean": 0.00417824322358,
        "var": 1.90228570318e-006
    },
    "spectral_rolloff": {
        "mean": 2502.43066406,
        "var": 2191939
    },
    "spectral_skewness": {
        "mean": 1.27907276154,
        "var": 0.0851853117347
    },
    "spectral_spread": {
        "mean": 4030673.5,
        "var": 2.6016677888e+012
    },
    "spectral_strongpeak": {
        "mean": 1.11912858486,
        "var": 2.58594965935
    },
    "zerocrossingrate": {
        "mean": 0.0820631831884,
        "var": 0.00123127154075
    },
    "barkbands": {
        "mean": [0.000671992776915, 0.00238666054793, 0.000585236761253, 0.00088358449284, 0.00309216487221, 0.00138381379656, 0.000641670078039, 0.00044717657147, 0.00101567583624, 0.00076160824392, 0.000973558984697, 0.000729311315808, 0.000867363705765, 0.00088697776664, 0.000750446284655, 0.000504914205521, 0.00059548887657, 0.000815056904685, 0.000689918349963, 0.000522921443917, 0.000245544099016, 7.52859486965e-005, 8.03847360658e-005, 0.000104859951534, 8.18507833173e-005, 4.95783460792e-005, 9.55233758759e-007],
        "var": [1.49686684381e-006, 2.97651040455e-005, 1.79651556209e-006, 1.60787772074e-006, 1.52245193021e-005, 2.80728477264e-006, 1.53513099121e-006, 1.15800116873e-006, 5.09765004608e-006, 3.15942088491e-006, 4.73951104141e-006, 2.3973293537e-006, 4.62268053525e-006, 5.52749770577e-006, 3.60780131814e-006, 9.01608188997e-007, 8.75481475759e-007, 7.13397184882e-007, 3.39602650001e-007, 2.16415386944e-007, 9.7718945824e-008, 9.85970505241e-009, 1.05781250426e-008, 1.81458865711e-008, 2.76702625257e-008, 4.27774082823e-008, 7.79645965843e-012]
    },
    "erbbands": {
        "mean": [0.110762305558, 0.36517137289, 0.74381095171, 1.80510866642, 6.18500900269, 11.1786375046, 14.2947692871, 9.26063632965, 9.26189517975, 10.0018491745, 10.8234853745, 20.1180725098, 26.9419021606, 32.8166465759, 36.2476654053, 29.4638080597, 35.188949585, 55.3207550049, 32.065864563, 38.5314025879, 28.3731842041, 34.876033783, 41.1953048706, 41.6008682251, 35.1603279114, 23.2537651062, 13.9292106628, 6.15896654129, 2.95385098457, 2.39836287498, 2.27622723579, 2.4206264019, 1.48199212551, 0.770657002926, 0.650094330311, 0.338973224163, 0.0640433430672, 0.00638651661575, 0.000168962651514, 3.22414161928e-005],
        "var": [0.0613413378596, 0.990637123585, 2.67293286324, 5.83709049225, 126.839370728, 193.923553467, 270.756591797, 204.875244141, 227.69303894, 686.828735352, 722.468566895, 1919.46130371, 2953.27856445, 6451.41748047, 4939.48779297, 3002.09692383, 6563.34814453, 18154.8398438, 5255.5, 7279.77246094, 1778.28283691, 2919.5546875, 1635.4152832, 1304.17700195, 800.146972656, 512.745300293, 314.455780029, 58.5615615845, 13.935713768, 10.5143156052, 8.36598682404, 8.52886962891, 4.49897241592, 1.35190725327, 2.94964170456, 2.15279126167, 0.0509220287204, 0.000199244750547, 1.45430860243e-007, 7.46513462158e-010]
    },
    "gfcc": {
        "mean": [14.362783432, 76.0330581665, -136.419143677, 40.3031730652, -57.6843833923, 2.19928050041, -42.9851608276, 14.7610177994, -39.1387786865, -3.34989452362, -12.4009819031, 0.776296019554, -8.36957645416],
        "cov": [[2496.76269531, -571.899658203, -2.8361825943, -175.542327881, 43.1305389404, 434.832305908, -21.4718456268, 47.9474754333, 9.18608379364, 227.723709106, -115.798187256, 58.5408782959, -55.8363189697], [-571.899658203, 788.916687012, -182.692474365, 151.981231689, 24.2798748016, -242.620849609, 127.092376709, -37.4450263977, 20.0678157806, -201.059753418, 86.909324646, -73.61769104, 42.0508422852], [-2.8361825943, -182.692474365, 517.350341797, 190.895843506, 6.07195854187, 80.3435821533, 24.7221336365, 114.245552063, 91.1680831909, 82.1571578979, 17.7639026642, 88.4211654663, -17.0999889374], [-175.542327881, 151.981231689, 190.895843506, 280.915252686, 28.6548519135, -65.9393692017, 58.9308319092, 67.1076278687, 87.3536300659, -33.9746208191, 37.1967926025, 14.0011110306, 17.5639743805], [43.1305389404, 24.2798748016, 6.07195854187, 28.6548519135, 164.468063354, 113.840820313, 55.7830505371, 21.3253135681, 0.828938782215, 39.2849197388, 20.8612232208, -5.57181358337, 2.60081839561], [434.832305908, -242.620849609, 80.3435821533, -65.9393692017, 113.840820313, 303.352783203, 57.0602340698, 35.1240653992, 9.3155632019, 120.622802734, -6.47199487686, 28.1158714294, -16.4438648224], [-21.4718456268, 127.092376709, 24.7221336365, 58.9308319092, 55.7830505371, 57.0602340698, 134.491744995, 47.8639411926, 31.172624588, -15.2907428741, 27.9812755585, 3.93110251427, 10.6753721237], [47.9474754333, -37.4450263977, 114.245552063, 67.1076278687, 21.3253135681, 35.1240653992, 47.8639411926, 101.171905518, 52.3480186462, 20.2402420044, 3.65798521042, 24.8849258423, 9.51931095123], [9.18608379364, 20.0678157806, 91.1680831909, 87.3536300659, 0.828938782215, 9.3155632019, 31.172624588, 52.3480186462, 113.700798035, 31.8787498474, 9.5940322876, 15.7397289276, 18.2702941895], [227.723709106, -201.059753418, 82.1571578979, -33.9746208191, 39.2849197388, 120.622802734, -15.2907428741, 20.2402420044, 31.8787498474, 149.113708496, 14.5300445557, 34.1206359863, -7.56429624557], [-115.798187256, 86.909324646, 17.7639026642, 37.1967926025, 20.8612232208, -6.47199487686, 27.9812755585, 3.65798521042, 9.5940322876, 14.5300445557, 64.3753509521, 20.8187465668, 12.6852912903], [58.5408782959, -73.61769104, 88.4211654663, 14.0011110306, -5.57181358337, 28.1158714294, 3.93110251427, 24.8849258423, 15.7397289276, 34.1206359863, 20.8187465668, 64.5457611084, 13.5420503616], [-55.8363189697, 42.0508422852, -17.0999889374, 17.5639743805, 2.60081839561, -16.4438648224, 10.6753721237, 9.51931095123, 18.2702941895, -7.56429624557, 12.6852912903, 13.5420503616, 49.8058242798]],
        "icov": [[0.000756897032261, -0.000428405037383, 0.000743777665775, -0.000715377158485, 0.000816576357465, -0.00146028678864, 0.000511380610988, -0.000568050716538, 0.000430588086601, -0.00112969009206, 0.00206895009615, -0.00147401145659, 0.000736379006412], [-0.000428405037383, 0.00634261127561, -0.000247236195719, 0.000913321739063, -0.00305318506435, 0.00470437621698, -0.00517727434635, 0.00352449738421, -0.00363053707406, 0.00591461127624, -0.00852271914482, 0.0051435069181, -0.00109132169746], [0.000743777665775, -0.000247236195719, 0.00608645007014, -0.00484494492412, 0.00221092579886, -0.00291629345156, 0.00161818903871, -0.00310921738856, 0.000606424873695, -0.00225712312385, 0.00289772730321, -0.00651070103049, 0.00447688857093], [-0.000715377158485, 0.000913321739063, -0.00484494492412, 0.0111954528838, -0.00498433457687, 0.00515364157036, -0.00196424499154, 0.000375296454877, -0.00617378065363, 0.00533004710451, -0.00602913089097, 0.00412187725306, -0.00138441764284], [0.000816576357465, -0.00305318506435, 0.00221092579886, -0.00498433457687, 0.013974477537, -0.00832904409617, 0.00129327608738, -0.00344328279607, 0.00578558957204, -0.00581472553313, 0.00245249294676, 0.000992049579509, -0.000988515443169], [-0.00146028678864, 0.00470437621698, -0.00291629345156, 0.00515364157036, -0.00832904409617, 0.0152267422527, -0.00959069654346, 0.00421103881672, -0.00282836495899, -0.000151915068273, -0.00343345967121, 0.00319941178896, -0.00069562898716], [0.000511380610988, -0.00517727434635, 0.00161818903871, -0.00196424499154, 0.00129327608738, -0.00959069654346, 0.0201609190553, -0.00907270051539, 2.07230950764e-005, 0.00247942889109, -0.000988598563708, -0.00297487759963, 0.00180110009387], [-0.000568050716538, 0.00352449738421, -0.00310921738856, 0.000375296454877, -0.00344328279607, 0.00421103881672, -0.00907270051539, 0.0213533174247, -0.0062290597707, 0.00233860500157, 0.000159961593454, -0.000301476218738, -0.00269744428806], [0.000430588086601, -0.00363053707406, 0.000606424873695, -0.00617378065363, 0.00578558957204, -0.00282836495899, 2.07230950764e-005, -0.0062290597707, 0.0199536774307, -0.0108464779332, 0.00788138993084, -0.000527269090526, -0.00494738854468], [-0.00112969009206, 0.00591461127624, -0.00225712312385, 0.00533004710451, -0.00581472553313, -0.000151915068273, 0.00247942889109, 0.00233860500157, -0.0108464779332, 0.0236817486584, -0.0169424954802, 0.00353833544068, 0.00128894206136], [0.00206895009615, -0.00852271914482, 0.00289772730321, -0.00602913089097, 0.00245249294676, -0.00343345967121, -0.000988598563708, 0.000159961593454, 0.00788138993084, -0.0169424954802, 0.0413838736713, -0.0190182290971, 0.000722319993656], [-0.00147401145659, 0.0051435069181, -0.00651070103049, 0.00412187725306, 0.000992049579509, 0.00319941178896, -0.00297487759963, -0.000301476218738, -0.000527269090526, 0.00353833544068, -0.0190182290971, 0.0367020256817, -0.0123887881637], [0.000736379006412, -0.00109132169746, 0.00447688857093, -0.00138441764284, -0.000988515443169, -0.00069562898716, 0.00180110009387, -0.00269744428806, -0.00494738854468, 0.00128894206136, 0.000722319993656, -0.0123887881637, 0.0289967656136]]
    },
    "melbands": {
        "mean": [0.000827120093163, 0.000419797230279, 0.000439450494014, 0.000622960389592, 0.000512952450663, 0.000215566891711, 0.000141962853377, 0.000105134000478, 9.33381961659e-005, 0.000138795337989, 0.00013271420903, 0.00012602849165, 0.000132139510242, 9.15470300242e-005, 5.870160021e-005, 0.000101016099507, 9.97061579255e-005, 4.49554572697e-005, 6.32272713119e-005, 3.6852525227e-005, 3.24839675159e-005, 3.70996422134e-005, 3.17005979014e-005, 4.19084717578e-005, 3.2652507798e-005, 2.47715433943e-005, 2.51922519965e-005, 1.28125029732e-005, 9.17842316994e-006, 6.17543582848e-006, 2.61919831246e-006, 1.76554397058e-006, 1.17778847653e-006, 1.43874456171e-006, 1.28560043322e-006, 1.47287130403e-006, 1.42012731885e-006, 1.14919316729e-006, 7.21009030258e-007, 6.00645876148e-007],
        "var": [3.24221787196e-006, 9.55151790549e-007, 3.53908092166e-007, 9.14086115245e-007, 2.86755266643e-007, 9.26934973222e-008, 5.60727571042e-008, 7.71465948901e-008, 6.75330440458e-008, 9.66043529615e-008, 7.62204379612e-008, 1.03233972482e-007, 7.66211059045e-008, 4.08570706156e-008, 1.54396246899e-008, 5.82663091109e-008, 6.65428387947e-008, 1.16325002963e-008, 2.83632228815e-008, 7.18257631149e-009, 2.69308109146e-009, 3.6847100926e-009, 1.72975223034e-009, 2.18750995096e-009, 8.95509000287e-010, 6.49367004613e-010, 4.06269795583e-010, 2.48026682526e-010, 1.68462868655e-010, 5.58914720061e-011, 1.38594162188e-011, 5.21707850532e-012, 3.19087746677e-012, 3.73799949327e-012, 3.05446596835e-012, 3.21843636811e-012, 3.21242837019e-012, 2.73442401534e-012, 1.3313937626e-012, 7.94312044524e-013]
    },
    "mfcc": {
        "mean": [-620.824462891, 103.442077637, -18.7371330261, 33.0525169373, 3.30459737778, -10.4431934357, 7.72356843948, 3.45035767555, -10.4630594254, -0.784601569176, -10.6941480637, -1.1811248064, -6.0972867012],
        "cov": [[1770.19750977, -335.2215271, -89.1485137939, -342.96673584, 40.4778938293, 239.626541138, 41.712852478, -40.0991973877, 131.270431519, 52.477897644, 62.9116210938, 4.59793663025, -2.57265043259], [-335.2215271, 529.58190918, -172.612915039, 153.817276001, -71.3736724854, -73.2078552246, 36.8739280701, 57.6081466675, -72.6217041016, -10.8589010239, -36.8101882935, -8.54163742065, -24.7412014008], [-89.1485137939, -172.612915039, 452.39364624, 132.085083008, 59.5895118713, -4.11532831192, -31.1883563995, 68.0506591797, 63.1005821228, 14.9132699966, 73.6965789795, 51.3266983032, 56.9429130554], [-342.96673584, 153.817276001, 132.085083008, 335.582763672, 17.693901062, -108.330284119, -26.0514812469, 70.9679336548, 3.88925480843, -2.37552785873, 7.34952306747, 21.3653259277, 29.8608856201], [40.4778938293, -71.3736724854, 59.5895118713, 17.693901062, 119.294700623, 63.6649589539, 30.688167572, 10.4551897049, 33.0721359253, 34.9442825317, 30.4067134857, 18.577167511, 14.2994480133], [239.626541138, -73.2078552246, -4.11532831192, -108.330284119, 63.6649589539, 176.550949097, 77.4336166382, -4.78350782394, 29.5518093109, 40.5831642151, 51.4983329773, 15.4286804199, 8.80293464661], [41.712852478, 36.8739280701, -31.1883563995, -26.0514812469, 30.688167572, 77.4336166382, 136.951843262, 46.8070716858, 9.99911403656, 19.5942935944, 18.0414733887, 11.4551801682, 9.43595981598], [-40.0991973877, 57.6081466675, 68.0506591797, 70.9679336548, 10.4551897049, -4.78350782394, 46.8070716858, 113.572547913, 40.6003494263, 11.1675014496, 14.2146186829, 9.68977355957, 11.4413747787], [131.270431519, -72.6217041016, 63.1005821228, 3.88925480843, 33.0721359253, 29.5518093109, 9.99911403656, 40.6003494263, 92.470703125, 42.2468681335, 29.7071247101, 11.0525808334, 10.2405881882], [52.477897644, -10.8589010239, 14.9132699966, -2.37552785873, 34.9442825317, 40.5831642151, 19.5942935944, 11.1675014496, 42.2468681335, 72.7097854614, 35.710483551, 6.5655670166, -1.60505902767], [62.9116210938, -36.8101882935, 73.6965789795, 7.34952306747, 30.4067134857, 51.4983329773, 18.0414733887, 14.2146186829, 29.7071247101, 35.710483551, 77.3220062256, 34.3561706543, 16.6061458588], [4.59793663025, -8.54163742065, 51.3266983032, 21.3653259277, 18.577167511, 15.4286804199, 11.4551801682, 9.68977355957, 11.0525808334, 6.5655670166, 34.3561706543, 55.1439590454, 31.3229427338], [-2.57265043259, -24.7412014008, 56.9429130554, 29.8608856201, 14.2994480133, 8.80293464661, 9.43595981598, 11.4413747787, 10.2405881882, -1.60505902767, 16.6061458588, 31.3229427338, 66.2672348022]],
        "icov": [[0.000922760576941, 0.000293614517432, 0.000377153482987, 0.000400313962018, 0.00034376300755, -0.000971769390162, 0.000361185782822, -5.94671364524e-005, -0.00131080008578, 0.000497289991472, -0.000262065790594, -5.79544503125e-005, -3.76027128368e-005], [0.000293614517432, 0.00465011363849, 0.00225289864466, -0.0025656206999, 0.00249487441033, -0.0011906165164, 2.78409315797e-005, -0.00345806055702, 0.00376575370319, -0.00245371810161, 0.000818419270217, -0.00201630801894, 0.00128723843955], [0.000377153482987, 0.00225289864466, 0.00497535290197, -0.0017115744995, -0.000156449881615, -0.000687289226335, 0.00209252932109, -0.00342108611949, 0.000304046378005, 0.000753274362069, -0.00297713489272, -0.000922876293771, -0.00107695243787], [0.000400313962018, -0.0025656206999, -0.0017115744995, 0.00741228833795, -0.00368100847118, 0.0045847678557, 0.00056414998835, -0.00120934844017, -0.000856473983731, 0.000494462496135, -0.00198686867952, 0.00102228927426, -0.00233892793767], [0.00034376300755, 0.00249487441033, -0.000156449881615, -0.00368100847118, 0.0149083556607, -0.00625890307128, -0.0010046226671, 0.000362308812328, -0.000389175402233, -0.00451239524409, 0.00333801587112, -0.00328614818864, 0.00110054621473], [-0.000971769390162, -0.0011906165164, -0.000687289226335, 0.0045847678557, -0.00625890307128, 0.0169805176556, -0.00691570946947, 0.00308398366906, -0.000511452497449, -0.000357019016519, -0.00802461523563, 0.00320401811041, -0.00184361520223], [0.000361185782822, 2.78409315797e-005, 0.00209252932109, 0.00056414998835, -0.0010046226671, -0.00691570946947, 0.014984508045, -0.00884298142046, 0.00359067204408, -0.00162404333241, 0.00139228778426, -0.00202863733284, -0.00148355215788], [-5.94671364524e-005, -0.00345806055702, -0.00342108611949, -0.00120934844017, 0.000362308812328, 0.00308398366906, -0.00884298142046, 0.0206407885998, -0.0115338210016, 0.00447006337345, -0.000989654799923, 0.00255637336522, 0.000329158181557], [-0.00131080008578, 0.00376575370319, 0.000304046378005, -0.000856473983731, -0.000389175402233, -0.000511452497449, 0.00359067204408, -0.0115338210016, 0.0262894053012, -0.0130927711725, 0.00134671584237, -0.00183322676457, -0.000738946138881], [0.000497289991472, -0.00245371810161, 0.000753274362069, 0.000494462496135, -0.00451239524409, -0.000357019016519, -0.00162404333241, 0.00447006337345, -0.0130927711725, 0.0276891943067, -0.0111965304241, 0.00515041686594, 0.00177895580418], [-0.000262065790594, 0.000818419270217, -0.00297713489272, -0.00198686867952, 0.00333801587112, -0.00802461523563, 0.00139228778426, -0.000989654799923, 0.00134671584237, -0.0111965304241, 0.0313364118338, -0.01550623402, 0.00306465593167], [-5.79544503125e-005, -0.00201630801894, -0.000922876293771, 0.00102228927426, -0.00328614818864, 0.00320401811041, -0.00202863733284, 0.00255637336522, -0.00183322676457, 0.00515041686594, -0.01550623402, 0.0350157059729, -0.0125489952043], [-3.76027128368e-005, 0.00128723843955, -0.00107695243787, -0.00233892793767, 0.00110054621473, -0.00184361520223, -0.00148355215788, 0.000329158181557, -0.000738946138881, 0.00177895580418, 0.00306465593167, -0.0125489952043, 0.0230316687375]]
    },
    "spectral_contrast_coeffs": {
        "mean": [-0.613152801991, -0.763327658176, -0.774519741535, -0.785123109818, -0.768698990345, -0.762867927551],
        "var": [0.00687814876437, 0.00356789375655, 0.00417504273355, 0.00376851647161, 0.00106898148078, 0.000520249712281]
    },
    "spectral_contrast_valleys": {
        "mean": [-7.5622177124, -6.66464185715, -7.0383234024, -7.43918800354, -6.83362388611, -9.93565654755],
        "var": [0.779360413551, 0.429067254066, 0.469758868217, 0.454609811306, 0.391980230808, 0.600604236126]
    }
},
"metadata": {
    "audio_properties": {
        "analysis_sample_rate": 44100,
        "bit_rate": 128074,
        "equal_loudness": 0,
        "length": 45.0612258911,
        "lossless": 0,
        "replay_gain": -4.91075134277,
        "sample_rate": 44100,
        "codec": "mp3",
        "downmix": "mix",
        "md5_encoded": "0b7cc9d09f5d6bece4ea19bd60eab886"
    },
    "tags": {
        "file_name": "1963.mp3"
    },
    "version": {
        "essentia": "2.1-beta2",
        "essentia_git_sha": "v2.1_beta2",
        "extractor": "music 1.0"
    }
},
"rhythm": {
    "beats_count": 94,
    "beats_loudness": {
        "mean": 0.0279191583395,
        "var": 0.000291171949357
    },
    "bpm": 153.191696167,
    "bpm_histogram_first_peak_bpm": {
        "mean": 152,
        "var": 0
    },
    "bpm_histogram_first_peak_spread": {
        "mean": 0.263157904148,
        "var": 0
    },
    "bpm_histogram_first_peak_weight": {
        "mean": 0.150537639856,
        "var": 0
    },
    "bpm_histogram_second_peak_bpm": {
        "mean": 105,
        "var": 0
    },
    "bpm_histogram_second_peak_spread": {
        "mean": 0.479999959469,
        "var": 0
    },
    "bpm_histogram_second_peak_weight": {
        "mean": 0.139784947038,
        "var": 0
    },
    "danceability": 1.05083072186,
    "onset_rate": 1.3531036377,
    "beats_loudness_band_ratio": {
        "mean": [0.329345166683, 0.264374196529, 0.122046910226, 0.139667361975, 0.137657061219, 0.0837000384927],
        "var": [0.0504591874778, 0.0391951873899, 0.00585761293769, 0.0234771240503, 0.00704961176962, 0.00154078938067]
    },
    "beats_position": [0.626938760281, 1.20743763447, 1.78793644905, 2.38004541397, 2.96054410934, 3.52943301201, 4.09832191467, 4.66721057892, 5.23609972, 5.80498838425, 6.35065746307, 6.8963265419, 7.45360517502, 8.0224943161, 8.59138298035, 9.14866161346, 9.70594120026, 10.2748298645, 10.8437185287, 11.4242172241, 12.0047159195, 12.5736055374, 13.1541042328, 13.722992897, 14.3034915924, 14.8607711792, 15.4296598434, 15.9985485077, 16.5326080322, 17.0782756805, 17.6239452362, 18.1696147919, 18.7152824402, 19.2609519958, 19.7950115204, 20.3290691376, 20.8631286621, 21.3971881866, 21.942855835, 22.4653053284, 22.9877548218, 23.5102043152, 24.0326519012, 24.5667114258, 25.1007709503, 25.5651702881, 26.0295696259, 26.4939670563, 26.9351463318, 27.3647155762, 27.7942848206, 28.2238540649, 28.6534233093, 29.0713825226, 29.4893417358, 29.895690918, 30.3020401001, 30.7083892822, 31.1147384644, 31.4978675842, 31.9042167664, 32.2989578247, 32.6704750061, 33.0652160645, 33.4599533081, 33.8546943665, 34.2494316101, 34.6441726685, 35.0389099121, 35.4568710327, 35.8516082764, 36.2463493347, 36.6294784546, 37.0126075745, 37.3841247559, 37.7672538757, 38.1503829956, 38.5335159302, 38.91664505, 39.3113822937, 39.7061233521, 40.0892524719, 40.4723815918, 40.8671188354, 41.2618598938, 41.6565971375, 42.0397262573, 42.4228553772, 42.7943763733, 43.1775054932, 43.560634613, 43.9321517944, 44.3036727905, 44.6751937866]
},
"tonal": {
    "chords_changes_rate": 0.0679012313485,
    "chords_number_rate": 0.0102880662307,
    "chords_strength": {
        "mean": 0.480607271194,
        "var": 0.00534888682887
    },
    "hpcp_entropy": {
        "mean": 2.49955368042,
        "var": 0.451906710863
    },
    "key_strength": 0.585770487785,
    "tuning_diatonic_strength": 0.543916165829,
    "tuning_equal_tempered_deviation": 0.229486942291,
    "tuning_frequency": 434.193115234,
    "tuning_nontempered_energy_ratio": 0.920945107937,
    "hpcp": {
        "mean": [0.140883788466, 0.159080371261, 0.144651889801, 0.123900465667, 0.118713974953, 0.133778899908, 0.261164337397, 0.36112165451, 0.235658228397, 0.104060105979, 0.0812080949545, 0.100039556623, 0.109322488308, 0.10805041343, 0.136817932129, 0.248290613294, 0.273759692907, 0.16135853529, 0.117937877774, 0.114462092519, 0.107818216085, 0.185541823506, 0.248781859875, 0.261992812157, 0.269236177206, 0.175816208124, 0.120898239315, 0.185842528939, 0.216374263167, 0.193941608071, 0.294060230255, 0.307120501995, 0.148968443274, 0.0957513302565, 0.10472856462, 0.11083432287],
        "var": [0.0330985598266, 0.0373412780464, 0.0372554287314, 0.0299906358123, 0.0258887410164, 0.027702126652, 0.0659904256463, 0.139205560088, 0.0644868016243, 0.0268275551498, 0.0165144577622, 0.0233822446316, 0.0252623874694, 0.0238918252289, 0.0251134075224, 0.0706475749612, 0.101907968521, 0.0420338511467, 0.0314828529954, 0.031564168632, 0.0256571192294, 0.0481375418603, 0.0811400264502, 0.0536389388144, 0.110179409385, 0.038583651185, 0.0283224601299, 0.051927305758, 0.0556363165379, 0.0378388427198, 0.101840831339, 0.117924824357, 0.0283334851265, 0.0185324624181, 0.0293068792671, 0.0398263968527]
    },
    "chords_histogram": [18.5185184479, 16.6666660309, 0, 0, 0, 0, 10.1851854324, 0, 1.33744859695, 0, 0, 0, 0, 0, 0, 0.102880656719, 1.54320991039, 16.0493831635, 4.52674913406, 5.96707820892, 0.823045253754, 0, 3.70370364189, 20.5761318207],
    "thpcp": [1, 0.652572989464, 0.288158029318, 0.224877387285, 0.277024537325, 0.302730351686, 0.299207806587, 0.378869354725, 0.687553942204, 0.758081614971, 0.44682598114, 0.326587677002, 0.316962689161, 0.298564791679, 0.513793110847, 0.688914239407, 0.725497364998, 0.745555341244, 0.486861437559, 0.334785342216, 0.51462584734, 0.599172770977, 0.537053406239, 0.814296841621, 0.850462734699, 0.412515938282, 0.26514980197, 0.290009081364, 0.306916862726, 0.390128344297, 0.440517395735, 0.400562763214, 0.343098968267, 0.328736782074, 0.370453834534, 0.72320318222],
    "chords_key": "E",
    "chords_scale": "minor",
    "key_key": "G",
    "key_scale": "major"
}
}