{
"lowlevel": {
    "average_loudness": 0.972878277302,
    "barkbands_crest": {
        "mean": 9.07679748535,
        "var": 11.563832283
    },
    "barkbands_flatness_db": {
        "mean": 0.106928490102,
        "var": 0.00140512129292
    },
    "barkbands_kurtosis": {
        "mean": 2.08751916885,
        "var": 18.0948905945
    },
    "barkbands_skewness": {
        "mean": 1.45890045166,
        "var": 0.844892680645
    },
    "barkbands_spread": {
        "mean": 34.3227157593,
        "var": 212.058410645
    },
    "dissonance": {
        "mean": 0.481238096952,
        "var": 0.000255656486843
    },
    "dynamic_complexity": 1.59944689274,
    "erbbands_crest": {
        "mean": 6.22129392624,
        "var": 10.8474588394
    },
    "erbbands_flatness_db": {
        "mean": 0.129258364439,
        "var": 0.00108002033085
    },
    "erbbands_kurtosis": {
        "mean": -0.422231376171,
        "var": 1.74691176414
    },
    "erbbands_skewness": {
        "mean": -0.262288033962,
        "var": 0.419479101896
    },
    "erbbands_spread": {
        "mean": 57.0350570679,
        "var": 323.717987061
    },
    "hfc": {
        "mean": 25.4987430573,
        "var": 188.329544067
    },
    "melbands_crest": {
        "mean": 15.3411712646,
        "var": 21.6636447906
    },
    "melbands_flatness_db": {
        "mean": 0.163691923022,
        "var": 0.0022209205199
    },
    "melbands_kurtosis": {
        "mean": 14.7150268555,
        "var": 168.309082031
    },
    "melbands_skewness": {
        "mean": 3.25753521919,
        "var": 1.87010443211
    },
    "melbands_spread": {
        "mean": 29.8301639557,
        "var": 322.683441162
    },
    "pitch_salience": {
        "mean": 0.578130245209,
        "var": 0.0106115778908
    },
    "silence_rate_20dB": {
        "mean": 1,
        "var": 0
    },
    "silence_rate_30dB": {
        "mean": 1,
        "var": 0
    },
    "silence_rate_60dB": {
        "mean": 0.00154479919001,
        "var": 0.00154241069686
    },
    "spectral_centroid": {
        "mean": 1886.91992188,
        "var": 388015.5625
    },
    "spectral_complexity": {
        "mean": 26.9794025421,
        "var": 79.803024292
    },
    "spectral_decrease": {
        "mean": -6.79727918396e-009,
        "var": 1.99355027488e-017
    },
    "spectral_energy": {
        "mean": 0.0279673393816,
        "var": 0.000303795561194
    },
    "spectral_energyband_high": {
        "mean": 0.00185172038618,
        "var": 1.56722751399e-006
    },
    "spectral_energyband_low": {
        "mean": 0.010345174931,
        "var": 8.76798148965e-005
    },
    "spectral_energyband_middle_high": {
        "mean": 0.00494819600135,
        "var": 2.78032312053e-005
    },
    "spectral_energyband_middle_low": {
        "mean": 0.0135207856074,
        "var": 0.000187777070096
    },
    "spectral_entropy": {
        "mean": 7.89805698395,
        "var": 0.0461130514741
    },
    "spectral_flux": {
        "mean": 0.0983256325126,
        "var": 0.00230176676996
    },
    "spectral_kurtosis": {
        "mean": 1.95960533619,
        "var": 1.41360151768
    },
    "spectral_rms": {
        "mean": 0.00504145491868,
        "var": 1.8689057697e-006
    },
    "spectral_rolloff": {
        "mean": 2085.30688477,
        "var": 2387728.5
    },
    "spectral_skewness": {
        "mean": 0.919288635254,
        "var": 0.0673905089498
    },
    "spectral_spread": {
        "mean": 4757078,
        "var": 1.84122671104e+012
    },
    "spectral_strongpeak": {
        "mean": 0.563301920891,
        "var": 0.59920245409
    },
    "zerocrossingrate": {
        "mean": 0.0793907120824,
        "var": 0.000906419300009
    },
    "barkbands": {
        "mean": [2.71530825557e-005, 0.00277224881575, 0.0050458535552, 0.00522934598848, 0.00360366120003, 0.00140838662628, 0.000928463472519, 0.000795802508947, 0.0011339118937, 0.00103238993324, 0.000409666914493, 0.000402557401685, 0.000251415272942, 0.00048172211973, 0.000300336367218, 0.000470558559755, 0.0004308828793, 0.000612393720075, 0.000596818863414, 0.000402853562264, 0.000735477020498, 0.000442173128249, 0.000177754671313, 0.000151588348672, 8.20005661808e-005, 3.89143497159e-005, 3.02194780488e-006],
        "var": [3.27895333108e-009, 1.52324073497e-005, 3.06745932903e-005, 2.96733651339e-005, 4.59454022348e-005, 2.43107456299e-006, 3.07990421788e-006, 3.13084888148e-006, 1.37626957439e-005, 8.99771748664e-006, 1.97492704501e-006, 6.24548192718e-007, 2.18260794327e-007, 7.7636491369e-007, 2.58962074895e-007, 7.93678964328e-007, 4.94148991947e-007, 1.09947859528e-006, 3.48606050693e-007, 1.32386034579e-007, 2.37310644025e-007, 1.2429678975e-007, 3.52416869021e-008, 4.32186197941e-008, 2.15467164111e-008, 6.69200472814e-009, 7.32102226064e-011]
    },
    "erbbands": {
        "mean": [0.0371634848416, 0.840747594833, 5.14685964584, 12.2026643753, 15.6459360123, 11.3899211884, 10.6389169693, 11.7977600098, 12.8858470917, 13.0737257004, 21.6935710907, 26.2094650269, 33.5776634216, 23.5345058441, 15.9897251129, 15.7999782562, 11.7213096619, 25.9129981995, 15.2428512573, 19.3708877563, 27.2441158295, 25.0849266052, 31.6297073364, 34.0518226624, 24.8954620361, 18.544670105, 31.5186691284, 23.4494571686, 17.0648136139, 9.60804176331, 4.6335811615, 3.68224692345, 2.17081046104, 1.0865291357, 0.463926434517, 0.198126703501, 0.0634348392487, 0.0129575897008, 0.000360311882105, 4.46728881798e-005],
        "var": [0.00273081869818, 1.18214774132, 28.6565132141, 124.486541748, 672.823913574, 364.912872314, 230.705535889, 194.691604614, 279.644073486, 816.910400391, 2554.66333008, 10068.8349609, 8466.9765625, 4838.03417969, 1187.54345703, 997.885437012, 423.525543213, 2033.05737305, 430.438842773, 1053.4407959, 3172.27832031, 1484.96777344, 2524.29760742, 1687.60375977, 540.124511719, 251.759033203, 869.389343262, 167.807830811, 173.047103882, 88.3701705933, 25.8839607239, 21.602973938, 11.1546821594, 4.141497612, 0.673857927322, 0.133225426078, 0.0217796619982, 0.00114205246791, 8.79475123838e-007, 9.19893217155e-010]
    },
    "gfcc": {
        "mean": [34.685710907, 80.5564727783, -119.324150085, 57.6846008301, -65.1436767578, 9.12127399445, -31.9179573059, 3.81182742119, -27.350933075, -0.841557502747, -26.0377635956, -4.93727016449, -14.7125349045],
        "cov": [[2297.26074219, -761.711120605, 150.233016968, -190.825942993, -104.585922241, 188.360519409, -266.049041748, 121.856002808, -199.312088013, 24.5668201447, -77.2079315186, 72.1882247925, -171.809188843], [-761.711120605, 1126.47058105, -412.501586914, 101.719215393, 56.1644706726, -210.605545044, 276.617553711, -138.734039307, 178.025024414, -132.813293457, 83.2878494263, -100.482948303, 174.008972168], [150.233016968, -412.501586914, 484.91595459, -9.74751377106, -22.2912578583, 69.7475509644, -125.987686157, 21.6094512939, -67.8414459229, 112.073532104, -45.1270675659, 55.8939170837, -70.3481140137], [-190.825942993, 101.719215393, -9.74751377106, 204.600357056, 44.608745575, -7.40539121628, 32.7912788391, -17.1481590271, 47.6375350952, 9.84994125366, 41.3719024658, -14.6605434418, 32.8124160767], [-104.585922241, 56.1644706726, -22.2912578583, 44.608745575, 142.967987061, 9.55776119232, 46.4973258972, 8.45250511169, 25.6139431, 11.8411102295, 10.930850029, 19.616394043, 10.1185903549], [188.360519409, -210.605545044, 69.7475509644, -7.40539121628, 9.55776119232, 144.743911743, -25.1766719818, 41.667755127, -35.6655387878, 27.516746521, 19.5494174957, 15.0052251816, -28.9824790955], [-266.049041748, 276.617553711, -125.987686157, 32.7912788391, 46.4973258972, -25.1766719818, 169.00440979, -7.91253042221, 57.3472366333, -24.6566009521, 22.7929935455, -24.8372650146, 37.7141304016], [121.856002808, -138.734039307, 21.6094512939, -17.1481590271, 8.45250511169, 41.667755127, -7.91253042221, 107.106498718, 19.9273948669, 5.87767744064, -9.2930765152, 17.5089321136, -16.9928874969], [-199.312088013, 178.025024414, -67.8414459229, 47.6375350952, 25.6139431, -35.6655387878, 57.3472366333, 19.9273948669, 103.088577271, -7.3676815033, 17.5539569855, -13.8236646652, 34.4026298523], [24.5668201447, -132.813293457, 112.073532104, 9.84994125366, 11.8411102295, 27.516746521, -24.6566009521, 5.87767744064, -7.3676815033, 88.627204895, 4.55085372925, 22.3652000427, -19.0941925049], [-77.2079315186, 83.2878494263, -45.1270675659, 41.3719024658, 10.930850029, 19.5494174957, 22.7929935455, -9.2930765152, 17.5539569855, 4.55085372925, 79.7075042725, 1.7333946228, 6.56910991669], [72.1882247925, -100.482948303, 55.8939170837, -14.6605434418, 19.616394043, 15.0052251816, -24.8372650146, 17.5089321136, -13.8236646652, 22.3652000427, 1.7333946228, 68.397277832, -0.10870565474], [-171.809188843, 174.008972168, -70.3481140137, 32.8124160767, 10.1185903549, -28.9824790955, 37.7141304016, -16.9928874969, 34.4026298523, -19.0941925049, 6.56910991669, -0.10870565474, 79.8899154663]],
        "icov": [[0.000758658628911, -0.000308544083964, 0.000441377953393, -7.54797438276e-005, 0.000377904187189, -0.000827269628644, 0.000934154551942, -0.000742493080907, 0.000869552721269, -0.000199835470994, 0.000875609810464, -0.000807531469036, 0.0012810411863], [-0.000308544083964, 0.00599092757329, -0.000378646072932, 0.00160651758779, -0.00140965019818, 0.00435322150588, -0.00475530140102, 0.00501243723556, -0.00456515466794, 0.00405794288963, -0.0053370189853, 0.0040958202444, -0.00625669397414], [0.000441377953393, -0.000378646072932, 0.00453670416027, -0.00120213953778, 0.00113646639511, -0.00168742414098, 0.00191381911281, -0.00010715994722, 0.000892441428732, -0.00416844943538, 0.00357629149221, -0.00276311463676, 0.00290175806731], [-7.54797438276e-005, 0.00160651758779, -0.00120213953778, 0.00752916932106, -0.0025356861297, 0.00128918292467, -0.00070366327418, 0.00210423092358, -0.00330872577615, 0.00080692145275, -0.00491636013612, 0.00387157150544, -0.00421662023291], [0.000377904187189, -0.00140965019818, 0.00113646639511, -0.0025356861297, 0.00993110239506, -0.00262747285888, -0.00128027179744, -0.000843060843181, -4.34784815297e-005, -0.00215980713256, 0.00333198183216, -0.00584457442164, 0.00335988379084], [-0.000827269628644, 0.00435322150588, -0.00168742414098, 0.00128918292467, -0.00262747285888, 0.0150068551302, -0.00420123152435, -0.00191594369244, 0.00209308881313, 0.00143211311661, -0.00951085425913, 0.00553664937615, -0.00569299515337], [0.000934154551942, -0.00475530140102, 0.00191381911281, -0.00070366327418, -0.00128027179744, -0.00420123152435, 0.013856779784, -0.00381579808891, 0.00109937449452, -0.00303881638683, 0.00374071067199, -0.00126166269183, 0.00411670375615], [-0.000742493080907, 0.00501243723556, -0.00010715994722, 0.00210423092358, -0.000843060843181, -0.00191594369244, -0.00381579808891, 0.0194978434592, -0.0124266538769, 0.00492225354537, -0.000552274519578, -0.00113820680417, -0.00154116272461], [0.000869552721269, -0.00456515466794, 0.000892441428732, -0.00330872577615, -4.34784815297e-005, 0.00209308881313, 0.00109937449452, -0.0124266538769, 0.0234473217279, -0.00558411562815, 0.000700164644513, 0.000617847079411, 7.25258578314e-005], [-0.000199835470994, 0.00405794288963, -0.00416844943538, 0.00080692145275, -0.00215980713256, 0.00143211311661, -0.00303881638683, 0.00492225354537, -0.00558411562815, 0.0206331945956, -0.00559080997482, -4.36666014139e-005, -0.00219999346882], [0.000875609810464, -0.0053370189853, 0.00357629149221, -0.00491636013612, 0.00333198183216, -0.00951085425913, 0.00374071067199, -0.000552274519578, 0.000700164644513, -0.00559080997482, 0.023876812309, -0.00873113051057, 0.00930738914758], [-0.000807531469036, 0.0040958202444, -0.00276311463676, 0.00387157150544, -0.00584457442164, 0.00553664937615, -0.00126166269183, -0.00113820680417, 0.000617847079411, -4.36666014139e-005, -0.00873113051057, 0.0252153817564, -0.0111029418185], [0.0012810411863, -0.00625669397414, 0.00290175806731, -0.00421662023291, 0.00335988379084, -0.00569299515337, 0.00411670375615, -0.00154116272461, 7.25258578314e-005, -0.00219999346882, 0.00930738914758, -0.0111029418185, 0.027087457478]]
    },
    "melbands": {
        "mean": [0.000559212756343, 0.00215386599302, 0.002336605452, 0.000944252067711, 0.000395556766307, 0.00026363399229, 0.000197845700313, 0.000143295837916, 0.000186584962648, 0.000161592353834, 0.000166985686519, 9.85722872429e-005, 5.50599215785e-005, 4.49443396064e-005, 3.40514598065e-005, 2.72091983788e-005, 5.122100265e-005, 2.36271771428e-005, 2.33897426369e-005, 2.79253217741e-005, 3.19074606523e-005, 2.39055098064e-005, 2.81088905467e-005, 3.06278379867e-005, 2.73976802418e-005, 2.18519126065e-005, 1.37752849696e-005, 1.10861501526e-005, 2.06918139156e-005, 1.80083807209e-005, 1.16759019875e-005, 9.63730963122e-006, 8.14583563624e-006, 4.25969346907e-006, 2.62522439698e-006, 2.49289678322e-006, 2.0297870833e-006, 1.44620537412e-006, 1.38756251999e-006, 7.75169439748e-007],
        "var": [6.3809426365e-007, 4.99683756061e-006, 5.06841433889e-006, 2.59947364611e-006, 3.34999157303e-007, 9.05762647108e-008, 8.36821953953e-008, 8.11377276477e-008, 2.0868685624e-007, 3.59242335435e-007, 2.16952329879e-007, 9.86249091284e-008, 2.7596026797e-008, 6.28941920766e-009, 1.00908641443e-008, 1.35296440718e-009, 9.42663547221e-009, 1.37222400109e-009, 2.09374162452e-009, 1.77647707655e-009, 5.32173016765e-009, 1.47110845727e-009, 2.03618277794e-009, 3.59788066007e-009, 1.04411945756e-009, 5.22751730792e-010, 2.18256218654e-010, 1.06074635187e-010, 7.16110670762e-010, 1.17949899847e-010, 5.18262585625e-011, 4.88432870538e-011, 8.22405477052e-011, 2.00678067913e-011, 9.46980948519e-012, 8.47525261777e-012, 8.26775193447e-012, 5.85663548908e-012, 5.13148421324e-012, 2.96130307775e-012]
    },
    "mfcc": {
        "mean": [-600.423461914, 98.0897598267, 3.60197067261, 43.1914138794, -6.14161348343, 10.3582859039, -1.0527472496, 2.87445497513, 3.62745833397, -2.26657819748, -1.55757319927, -3.01752662659, -9.4263420105],
        "cov": [[1504.71264648, -435.731994629, 51.1935997009, -291.910400391, 99.7487258911, -83.6198348999, 13.3685092926, 50.620880127, -127.583045959, 26.0557117462, -19.5850505829, -66.4623031616, -12.3753166199], [-435.731994629, 763.983642578, -271.871276855, 175.811584473, -172.83605957, 26.6467552185, -17.1240272522, 14.7367782593, 92.8968505859, -41.5296669006, -0.221297875047, 25.8353939056, -32.6302871704], [51.1935997009, -271.871276855, 389.999664307, -57.2687950134, 74.0174026489, 10.2572278976, -15.2462902069, -61.5747184753, -46.8406524658, 16.0157661438, -9.952085495, -0.0666250959039, 32.3698272705], [-291.910400391, 175.811584473, -57.2687950134, 234.033355713, -10.7036361694, 37.7013969421, -14.2895412445, -9.29028224945, 54.933303833, -17.4206600189, 18.4993209839, 30.4120864868, 6.91702795029], [99.7487258911, -172.83605957, 74.0174026489, -10.7036361694, 145.959243774, 12.9742231369, 3.13585209846, 4.68032217026, -21.4559841156, 17.2720127106, 5.11961364746, 1.59596431255, 22.5060577393], [-83.6198348999, 26.6467552185, 10.2572278976, 37.7013969421, 12.9742231369, 97.0238571167, 39.8152809143, -16.4909610748, 0.684646070004, -6.22967624664, 12.6254701614, 14.9295253754, 5.35986185074], [13.3685092926, -17.1240272522, -15.2462902069, -14.2895412445, 3.13585209846, 39.8152809143, 89.4360351563, 19.7868270874, -11.1506195068, 9.06768989563, 15.2266464233, 6.31097650528, -0.962723851204], [50.620880127, 14.7367782593, -61.5747184753, -9.29028224945, 4.68032217026, -16.4909610748, 19.7868270874, 97.1354522705, 21.6749172211, 15.1904754639, 12.0791139603, 3.35437059402, 6.60506391525], [-127.583045959, 92.8968505859, -46.8406524658, 54.933303833, -21.4559841156, 0.684646070004, -11.1506195068, 21.6749172211, 102.707420349, 13.7044868469, -2.75191831589, 9.91287231445, -3.1779088974], [26.0557117462, -41.5296669006, 16.0157661438, -17.4206600189, 17.2720127106, -6.22967624664, 9.06768989563, 15.1904754639, 13.7044868469, 61.0831604004, 24.517950058, 2.54894828796, 2.14329957962], [-19.5850505829, -0.221297875047, -9.952085495, 18.4993209839, 5.11961364746, 12.6254701614, 15.2266464233, 12.0791139603, -2.75191831589, 24.517950058, 57.072429657, 21.1168746948, 2.77405190468], [-66.4623031616, 25.8353939056, -0.0666250959039, 30.4120864868, 1.59596431255, 14.9295253754, 6.31097650528, 3.35437059402, 9.91287231445, 2.54894828796, 21.1168746948, 50.0220222473, 18.7097606659], [-12.3753166199, -32.6302871704, 32.3698272705, 6.91702795029, 22.5060577393, 5.35986185074, -0.962723851204, 6.60506391525, -3.1779088974, 2.14329957962, 2.77405190468, 18.7097606659, 52.0081443787]],
        "icov": [[0.00104639865458, 0.000344581872923, 0.000268877134658, 0.000806565454695, -0.000335421907948, 0.000271317840088, 0.000142473130836, -0.000510593468789, 0.000708716514055, -4.07826955779e-005, 7.84783187555e-005, 0.0003942574549, 0.000274201709544], [0.000344581872923, 0.00289532658644, 0.00129469681997, -0.00101688341238, 0.00237556430511, -0.000994511065073, 0.000901865772903, -0.0004290076904, -0.000281236076262, 0.000186065633898, 0.000696371193044, -0.000746271398384, 0.000580107618589], [0.000268877134658, 0.00129469681997, 0.00425336835906, 0.000419568823418, -0.000306546746287, -0.000790591991972, 0.000945093284827, 0.00214905454777, 0.000683086400386, -0.00141531403642, 0.00110042188317, -0.000488769088406, -0.00165091454983], [0.000806565454695, -0.00101688341238, 0.000419568823418, 0.00770443771034, -0.00188608199824, -0.00142269756179, 0.00142583402339, 0.000960056961048, -0.00289253215306, 0.00306018278934, -0.00340322428383, -0.000720356532838, -0.000726816419046], [-0.000335421907948, 0.00237556430511, -0.000306546746287, -0.00188608199824, 0.0110344849527, -0.00290060648695, 0.00167536386289, -0.00186734739691, 0.00154321454465, -0.00273871212266, 0.00142527720891, -4.00974422519e-005, -0.00221013836563], [0.000271317840088, -0.000994511065073, -0.000790591991972, -0.00142269756179, -0.00290060648695, 0.0171055756509, -0.00910986866802, 0.00452576996759, -0.00150253786705, 0.00333291431889, -0.0028151567094, -0.00076333922334, -0.000933585339226], [0.000142473130836, 0.000901865772903, 0.000945093284827, 0.00142583402339, 0.00167536386289, -0.00910986866802, 0.0176191236824, -0.00496716843918, 0.00291752163321, -0.002581481589, -0.000379136734409, -0.00131534354296, 0.00177077797707], [-0.000510593468789, -0.0004290076904, 0.00214905454777, 0.000960056961048, -0.00186734739691, 0.00452576996759, -0.00496716843918, 0.0155772054568, -0.00431348849088, -0.000144666104461, -0.00323357293382, 0.000985692022368, -0.00402424950153], [0.000708716514055, -0.000281236076262, 0.000683086400386, -0.00289253215306, 0.00154321454465, -0.00150253786705, 0.00291752163321, -0.00431348849088, 0.0158749464899, -0.00767338927835, 0.00678891502321, -0.00325261591934, 0.00213485490531], [-4.07826955779e-005, 0.000186065633898, -0.00141531403642, 0.00306018278934, -0.00273871212266, 0.00333291431889, -0.002581481589, -0.000144666104461, -0.00767338927835, 0.0265852063894, -0.0142129864544, 0.00388453505002, -0.000810639350675], [7.84783187555e-005, 0.000696371193044, 0.00110042188317, -0.00340322428383, 0.00142527720891, -0.0028151567094, -0.000379136734409, -0.00323357293382, 0.00678891502321, -0.0142129864544, 0.0309230703861, -0.0123294247314, 0.00408693216741], [0.0003942574549, -0.000746271398384, -0.000488769088406, -0.000720356532838, -4.00974422519e-005, -0.00076333922334, -0.00131534354296, 0.000985692022368, -0.00325261591934, 0.00388453505002, -0.0123294247314, 0.0314485058188, -0.011042593047], [0.000274201709544, 0.000580107618589, -0.00165091454983, -0.000726816419046, -0.00221013836563, -0.000933585339226, 0.00177077797707, -0.00402424950153, 0.00213485490531, -0.000810639350675, 0.00408693216741, -0.011042593047, 0.0262960530818]]
    },
    "spectral_contrast_coeffs": {
        "mean": [-0.594212055206, -0.775891423225, -0.795162141323, -0.799824118614, -0.791088402271, -0.685730755329],
        "var": [0.0048552067019, 0.00253077456728, 0.00282140844502, 0.00135221227538, 0.00116681330837, 0.00244984938763]
    },
    "spectral_contrast_valleys": {
        "mean": [-7.04975557327, -6.34988880157, -6.99199724197, -7.34700250626, -6.82875967026, -9.74187088013],
        "var": [0.468144446611, 0.432302683592, 0.460155129433, 0.397445887327, 0.370125383139, 0.85962998867]
    }
},
"metadata": {
    "audio_properties": {
        "analysis_sample_rate": 44100,
        "bit_rate": 128074,
        "equal_loudness": 0,
        "length": 45.0612258911,
        "lossless": 0,
        "replay_gain": -5.83497428894,
        "sample_rate": 44100,
        "codec": "mp3",
        "downmix": "mix",
        "md5_encoded": "4c70155107fce8a6aa567fee6d575acc"
    },
    "tags": {
        "file_name": "1964.mp3"
    },
    "version": {
        "essentia": "2.1-beta2",
        "essentia_git_sha": "v2.1_beta2",
        "extractor": "music 1.0"
    }
},
"rhythm": {
    "beats_count": 115,
    "beats_loudness": {
        "mean": 0.032276224345,
        "var": 0.000170743398485
    },
    "bpm": 155.127670288,
    "bpm_histogram_first_peak_bpm": {
        "mean": 157,
        "var": 0
    },
    "bpm_histogram_first_peak_spread": {
        "mean": 0.307692319155,
        "var": 0
    },
    "bpm_histogram_first_peak_weight": {
        "mean": 0.315789461136,
        "var": 0
    },
    "bpm_histogram_second_peak_bpm": {
        "mean": 148,
        "var": 0
    },
    "bpm_histogram_second_peak_spread": {
        "mean": 0.488888859749,
        "var": 0
    },
    "bpm_histogram_second_peak_weight": {
        "mean": 0.201754391193,
        "var": 0
    },
    "danceability": 1.46408045292,
    "onset_rate": 2.88366365433,
    "beats_loudness_band_ratio": {
        "mean": [0.483249098063, 0.207632496953, 0.112262152135, 0.082232542336, 0.068582393229, 0.10166388005],
        "var": [0.0309239383787, 0.0178223531693, 0.00957786943763, 0.0093635013327, 0.00379463122226, 0.00362886791117]
    },
    "beats_position": [0.359909296036, 0.731428563595, 1.11455774307, 1.49768710136, 1.89242625237, 2.27555561066, 2.68190479279, 3.07664394379, 3.48299312592, 3.88934230804, 4.29569149017, 4.71365070343, 5.11999988556, 5.52634906769, 5.93269824982, 6.33904743195, 6.73378658295, 7.1517457962, 7.56970500946, 7.96444416046, 8.37079334259, 8.78875255585, 9.19510173798, 9.6014509201, 9.99619007111, 10.379319191, 10.7856683731, 11.1920175552, 11.5983667374, 12.0047159195, 12.4110651016, 12.8174142838, 13.2005443573, 13.5952835083, 13.9900226593, 14.3963718414, 14.7911109924, 15.1858501434, 15.5805892944, 15.9753284454, 16.3700675964, 16.7880268097, 17.2175960541, 17.6471652985, 18.088344574, 18.4598636627, 18.8662128448, 19.272562027, 19.7021312714, 20.1084804535, 20.5148296356, 20.9211788177, 21.3159179688, 21.6990470886, 22.0937862396, 22.4769153595, 22.8600444794, 23.219953537, 23.5914726257, 23.9629936218, 24.3345127106, 24.7176418304, 25.1007709503, 25.4722900391, 25.8438091278, 26.2269382477, 26.6100673676, 26.9815864563, 27.353105545, 27.7362346649, 28.1193637848, 28.5024929047, 28.8856239319, 29.2803630829, 29.6751022339, 30.0582313538, 30.4413604736, 30.8244895935, 31.2076187134, 31.5907478333, 31.9738769531, 32.357006073, 32.7401351929, 33.111656189, 33.4831733704, 33.8546943665, 34.2378234863, 34.6209526062, 35.0040817261, 35.3755989075, 35.7587280273, 36.1418571472, 36.5249862671, 36.8965072632, 37.2796363831, 37.6511573792, 38.034286499, 38.4290237427, 38.8121528625, 39.1952819824, 39.5784111023, 39.9615402222, 40.3214492798, 40.6813583374, 41.041267395, 41.4127883911, 41.7726974487, 42.1326065063, 42.492515564, 42.8524246216, 43.2123336792, 43.560634613, 43.9205436707, 44.2804527283, 44.6403617859]
},
"tonal": {
    "chords_changes_rate": 0.0853909477592,
    "chords_number_rate": 0.0133744860068,
    "chords_strength": {
        "mean": 0.514694035053,
        "var": 0.0098019791767
    },
    "hpcp_entropy": {
        "mean": 2.7208366394,
        "var": 0.529994249344
    },
    "key_strength": 0.454950064421,
    "tuning_diatonic_strength": 0.358745962381,
    "tuning_equal_tempered_deviation": 0.189295992255,
    "tuning_frequency": 446.91595459,
    "tuning_nontempered_energy_ratio": 0.88385528326,
    "hpcp": {
        "mean": [0.202315419912, 0.172248199582, 0.19281360507, 0.191384032369, 0.129516795278, 0.0873698070645, 0.0773435384035, 0.0849485471845, 0.0914579108357, 0.0916231423616, 0.102348461747, 0.113816618919, 0.107398606837, 0.109397307038, 0.152450174093, 0.193915307522, 0.203977271914, 0.23160380125, 0.23727811873, 0.180868938565, 0.20614041388, 0.261026263237, 0.202755570412, 0.131706565619, 0.105273574591, 0.100771717727, 0.110692299902, 0.113698132336, 0.124260298908, 0.132237538695, 0.110044628382, 0.100401304662, 0.145881280303, 0.167061030865, 0.151280328631, 0.189149871469],
        "var": [0.0753235295415, 0.0524010360241, 0.0757505372167, 0.0880987942219, 0.0454707331955, 0.0241316594183, 0.0199091751128, 0.0285030249506, 0.028044288978, 0.0273824669421, 0.0266980491579, 0.0228977873921, 0.0210541449487, 0.0241831429303, 0.0507846921682, 0.0830112099648, 0.0745806545019, 0.0896356031299, 0.111599393189, 0.0697512924671, 0.0720777213573, 0.120512850583, 0.07170278579, 0.0499070249498, 0.0357990264893, 0.0265100020915, 0.0302120782435, 0.0350081324577, 0.0417092181742, 0.0399117916822, 0.032650064677, 0.0241975020617, 0.0515300557017, 0.0651653334498, 0.0415238700807, 0.0684325322509]
    },
    "chords_histogram": [9.46502017975, 3.08641982079, 3.39506173134, 0.308641970158, 0, 16.872428894, 3.70370364189, 13.4773664474, 3.49794244766, 16.2551441193, 0, 0, 1.64609050751, 0, 0.205761313438, 0.411522626877, 0, 0, 0.205761313438, 9.97942352295, 2.05761313438, 0, 10.6995887756, 4.73251008987],
    "thpcp": [1, 0.776763081551, 0.504572093487, 0.40330645442, 0.386059701443, 0.424065768719, 0.435581207275, 0.476045191288, 0.506606280804, 0.421584516764, 0.38464063406, 0.558875858784, 0.640016198158, 0.579559803009, 0.724639236927, 0.77507686615, 0.659888386726, 0.738675117493, 0.733198404312, 0.496183007956, 0.334716528654, 0.296305567026, 0.325440615416, 0.350378185511, 0.35101121664, 0.392100244761, 0.436035126448, 0.411447525024, 0.419104605913, 0.584041535854, 0.742895781994, 0.781443476677, 0.887281596661, 0.909020066261, 0.69291472435, 0.789730548859],
    "chords_key": "G",
    "chords_scale": "major",
    "key_key": "D",
    "key_scale": "minor"
}
}