{
"lowlevel": {
    "average_loudness": 0.394598066807,
    "barkbands_crest": {
        "mean": 13.1000699997,
        "var": 24.476606369
    },
    "barkbands_flatness_db": {
        "mean": 0.252587556839,
        "var": 0.00491951452568
    },
    "barkbands_kurtosis": {
        "mean": 4.83175468445,
        "var": 82.8502044678
    },
    "barkbands_skewness": {
        "mean": 1.43759953976,
        "var": 1.89205133915
    },
    "barkbands_spread": {
        "mean": 9.30564308167,
        "var": 27.1977539063
    },
    "dissonance": {
        "mean": 0.410553872585,
        "var": 0.00255820341408
    },
    "dynamic_complexity": 5.55631256104,
    "erbbands_crest": {
        "mean": 11.8820495605,
        "var": 15.8759069443
    },
    "erbbands_flatness_db": {
        "mean": 0.294289797544,
        "var": 0.00239952025004
    },
    "erbbands_kurtosis": {
        "mean": 1.15867733955,
        "var": 9.67401599884
    },
    "erbbands_skewness": {
        "mean": 0.607116043568,
        "var": 0.880470752716
    },
    "erbbands_spread": {
        "mean": 18.9596061707,
        "var": 62.6074676514
    },
    "hfc": {
        "mean": 6.1525220871,
        "var": 81.1606063843
    },
    "melbands_crest": {
        "mean": 15.8497972488,
        "var": 32.8984603882
    },
    "melbands_flatness_db": {
        "mean": 0.32620421052,
        "var": 0.00656668934971
    },
    "melbands_kurtosis": {
        "mean": 8.15626525879,
        "var": 165.142684937
    },
    "melbands_skewness": {
        "mean": 1.85879743099,
        "var": 2.07193517685
    },
    "melbands_spread": {
        "mean": 13.8312063217,
        "var": 92.9002914429
    },
    "pitch_salience": {
        "mean": 0.456959068775,
        "var": 0.0104870721698
    },
    "silence_rate_20dB": {
        "mean": 1,
        "var": 0
    },
    "silence_rate_30dB": {
        "mean": 0.994335711002,
        "var": 0.00563214765862
    },
    "silence_rate_60dB": {
        "mean": 0.374356329441,
        "var": 0.234209477901
    },
    "spectral_centroid": {
        "mean": 827.685119629,
        "var": 170876.4375
    },
    "spectral_complexity": {
        "mean": 6.58547878265,
        "var": 12.1994781494
    },
    "spectral_decrease": {
        "mean": -3.26058757771e-009,
        "var": 3.4659641907e-017
    },
    "spectral_energy": {
        "mean": 0.0128642180935,
        "var": 0.000528723350726
    },
    "spectral_energyband_high": {
        "mean": 3.3043475014e-006,
        "var": 5.7433674483e-010
    },
    "spectral_energyband_low": {
        "mean": 5.96520330873e-005,
        "var": 1.29120865111e-008
    },
    "spectral_energyband_middle_high": {
        "mean": 0.00171313190367,
        "var": 9.37361073738e-006
    },
    "spectral_energyband_middle_low": {
        "mean": 0.0111440494657,
        "var": 0.000502137409057
    },
    "spectral_entropy": {
        "mean": 6.35557508469,
        "var": 0.289308875799
    },
    "spectral_flux": {
        "mean": 0.0580089725554,
        "var": 0.00204385467805
    },
    "spectral_kurtosis": {
        "mean": 25.6323661804,
        "var": 214.580673218
    },
    "spectral_rms": {
        "mean": 0.00275336648338,
        "var": 4.96944312545e-006
    },
    "spectral_rolloff": {
        "mean": 1054.16442871,
        "var": 497205.84375
    },
    "spectral_skewness": {
        "mean": 3.29178380966,
        "var": 1.12374317646
    },
    "spectral_spread": {
        "mean": 1955931.875,
        "var": 1.28306184192e+012
    },
    "spectral_strongpeak": {
        "mean": 1.00552511215,
        "var": 0.843340873718
    },
    "zerocrossingrate": {
        "mean": 0.0383773483336,
        "var": 0.000359723577276
    },
    "barkbands": {
        "mean": [3.94251287616e-007, 4.22471021011e-006, 1.63595359481e-005, 0.000169311548234, 0.00675340835005, 0.00104157032911, 0.000747906626202, 0.00235955207609, 4.87514516863e-005, 0.000229364988627, 0.000259971275227, 0.000683445483446, 3.74881710741e-005, 4.04793427151e-005, 0.000157199217938, 0.000213726219954, 6.04675296927e-005, 1.72334512172e-005, 1.68768383446e-005, 3.63923163604e-006, 1.40671409099e-006, 6.73509418903e-007, 3.55616208481e-007, 2.8875720659e-007, 8.23324555199e-008, 8.46140224553e-008, 7.90789744798e-009],
        "var": [4.23815686322e-013, 1.50130227694e-010, 1.23517596151e-009, 2.37114292645e-007, 0.00024866007152, 4.28971770816e-006, 3.32865192831e-006, 3.86752726627e-005, 1.46667442635e-008, 6.15350131739e-007, 2.30392672051e-007, 5.84050349062e-006, 6.70950361936e-009, 8.59150528498e-009, 2.14019223677e-007, 2.87205438099e-007, 1.01578194744e-008, 5.86816906178e-009, 6.54305554182e-010, 3.24052625011e-011, 1.13792981982e-010, 4.07541708713e-011, 8.430371852e-012, 7.68168081228e-012, 1.16999061806e-013, 1.58627841087e-015, 2.28915087684e-017]
    },
    "erbbands": {
        "mean": [0.000158240451128, 0.00115280039608, 0.0155523633584, 0.297922939062, 2.6846818924, 22.6990337372, 36.3784866333, 8.35853385925, 12.7844362259, 38.3309860229, 24.5014476776, 2.02660799026, 3.1202237606, 14.0738258362, 18.0540218353, 17.2532596588, 2.62334918976, 2.37744784355, 5.97357606888, 6.51457881927, 12.1448316574, 3.17672586441, 1.19606721401, 0.872070729733, 0.607434034348, 0.140706032515, 0.0599286444485, 0.0496175736189, 0.0233502890915, 0.0181148517877, 0.0097909104079, 0.00854255072773, 0.00342649244703, 0.00119049695786, 0.00049841258442, 0.000267932598945, 0.000175268825842, 4.1604944272e-005, 7.06280297891e-006, 1.45355843415e-005],
        "var": [3.0747173696e-008, 1.16318597065e-005, 0.000761971517932, 0.523817181587, 84.8044433594, 2866.52099609, 8610.203125, 323.748382568, 1506.58947754, 9498.796875, 3340.90136719, 15.0736484528, 32.4261436462, 1345.24902344, 2792.65380859, 2991.52661133, 21.3769626617, 28.7885971069, 456.689544678, 95.9463729858, 1027.32641602, 29.3542423248, 14.5255098343, 1.7652336359, 1.14164674282, 0.0692327842116, 0.068185351789, 0.30242985487, 0.0516212955117, 0.0268657393754, 0.00662719830871, 0.00716134579852, 0.000982145196758, 5.462399713e-005, 1.46080355989e-006, 3.26025926256e-008, 6.34869845584e-009, 3.22833565436e-010, 1.17204954075e-010, 6.54845122572e-010]
    },
    "gfcc": {
        "mean": [-172.959259033, 149.262283325, -151.993621826, -31.2693405151, -42.4680404663, -34.981716156, -57.0519828796, -3.26958274841, -28.3225440979, -10.6985235214, -11.8854284286, 2.43880867958, -5.46161174774],
        "cov": [[2973.63208008, 890.502319336, -341.940246582, -211.247955322, -54.6512527466, -654.761901855, -132.000854492, -451.72567749, -121.178878784, -273.441772461, 67.5808181763, -228.896072388, 82.4209976196], [890.502319336, 639.488037109, 112.235168457, -187.069137573, 71.4738769531, -400.33416748, -125.801353455, -203.316101074, -104.495651245, -143.68460083, 27.9946498871, -128.675216675, 16.8016796112], [-341.940246582, 112.235168457, 426.958770752, 15.9643831253, -92.3810043335, -91.1656799316, -78.3588256836, 0.178147569299, 19.7583656311, 11.5964221954, -40.5150947571, -78.0706558228, -34.5846939087], [-211.247955322, -187.069137573, 15.9643831253, 208.688537598, -19.9740352631, 115.965423584, 46.4086341858, 64.7606506348, 12.3141441345, 40.0595970154, -24.1008491516, 3.52429938316, -24.6289577484], [-54.6512527466, 71.4738769531, -92.3810043335, -19.9740352631, 203.236083984, 17.6818447113, -15.1791315079, -3.03329133987, -56.0079727173, -21.2544574738, 22.5495891571, 46.8090705872, 24.4055976868], [-654.761901855, -400.33416748, -91.1656799316, 115.965423584, 17.6818447113, 403.809783936, 126.913116455, 150.612030029, 57.011932373, 98.933883667, -9.70401382446, 125.933784485, -34.5624847412], [-132.000854492, -125.801353455, -78.3588256836, 46.4086341858, -15.1791315079, 126.913116455, 132.206893921, 78.7327880859, 3.60277366638, 18.2550621033, 8.01768016815, 34.9935684204, -21.7274951935], [-451.72567749, -203.316101074, 0.178147569299, 64.7606506348, -3.03329133987, 150.612030029, 78.7327880859, 214.656036377, 72.570892334, 48.484249115, -46.3342628479, 38.8844642639, -27.7558040619], [-121.178878784, -104.495651245, 19.7583656311, 12.3141441345, -56.0079727173, 57.011932373, 3.60277366638, 72.570892334, 132.305130005, 60.0699424744, -41.5490264893, -11.0801668167, -5.87651395798], [-273.441772461, -143.68460083, 11.5964221954, 40.0595970154, -21.2544574738, 98.933883667, 18.2550621033, 48.484249115, 60.0699424744, 114.987480164, 15.6473817825, 7.99916219711, -23.9905166626], [67.5808181763, 27.9946498871, -40.5150947571, -24.1008491516, 22.5495891571, -9.70401382446, 8.01768016815, -46.3342628479, -41.5490264893, 15.6473817825, 95.7240982056, 39.4785232544, 2.46460747719], [-228.896072388, -128.675216675, -78.0706558228, 3.52429938316, 46.8090705872, 125.933784485, 34.9935684204, 38.8844642639, -11.0801668167, 7.99916219711, 39.4785232544, 136.20765686, 37.8419723511], [82.4209976196, 16.8016796112, -34.5846939087, -24.6289577484, 24.4055976868, -34.5624847412, -21.7274951935, -27.7558040619, -5.87651395798, -23.9905166626, 2.46460747719, 37.8419723511, 92.268951416]],
        "icov": [[0.00242821732536, -0.00464242743328, 0.00419690413401, -0.00240229349583, 0.00382119393907, -0.000750750419684, 0.00116722902749, 0.00101544673089, -0.00168227311224, 0.00181630253792, -0.00136691017542, 0.00146880350076, -0.0013042204082], [-0.00464242743328, 0.0180355906487, -0.0106445113197, 0.0080657415092, -0.0127682294697, 0.00689817871898, -0.00531752128154, 0.00155074032955, 0.00125234609004, 0.00187115452718, 0.000352615606971, 0.000483153067762, 0.00456010270864], [0.00419690413401, -0.0106445113197, 0.0115099931136, -0.00541499536484, 0.00991903245449, -0.00257623987272, 0.00580768287182, -0.000545642455108, -0.000955143361352, 0.00084115343634, -0.00106015428901, 0.00210858508945, -0.00200561853126], [-0.00240229349583, 0.0080657415092, -0.00541499536484, 0.0103063033894, -0.00516708707437, 0.000777199107688, -0.00268739135936, -0.000695976545103, 0.00335866003297, -0.00141403556336, 0.00181278330274, 0.00161431077868, 0.0013499269262], [0.00382119393907, -0.0127682294697, 0.00991903245449, -0.00516708707437, 0.016844175756, -0.00564540550113, 0.00772611377761, -0.00300266919658, 0.00298416684382, -0.000378248660127, -0.0013932994334, 0.000381443969673, -0.00443111779168], [-0.000750750419684, 0.00689817871898, -0.00257623987272, 0.000777199107688, -0.00564540550113, 0.0138439973816, -0.00797038432211, 0.00342526636086, -0.00141266488936, -0.00430731242523, 0.00662212492898, -0.00979015603662, 0.00711721973494], [0.00116722902749, -0.00531752128154, 0.00580768287182, -0.00268739135936, 0.00772611377761, -0.00797038432211, 0.0193342231214, -0.0075332634151, 0.00345276040025, 0.0031624850817, -0.00629853876308, 0.00473485793918, -0.00208877376281], [0.00101544673089, 0.00155074032955, -0.000545642455108, -0.000695976545103, -0.00300266919658, 0.00342526636086, -0.0075332634151, 0.0133009552956, -0.00614648172632, 0.000348326429958, 0.00552024692297, -0.00437099533156, 0.00406902469695], [-0.00168227311224, 0.00125234609004, -0.000955143361352, 0.00335866003297, 0.00298416684382, -0.00141266488936, 0.00345276040025, -0.00614648172632, 0.0193903725594, -0.0113088209182, 0.00767648173496, -0.000488051096909, -0.00225150049664], [0.00181630253792, 0.00187115452718, 0.00084115343634, -0.00141403556336, -0.000378248660127, -0.00430731242523, 0.0031624850817, 0.000348326429958, -0.0113088209182, 0.0259108506143, -0.0158963426948, 0.0109050739557, -0.000720364798326], [-0.00136691017542, 0.000352615606971, -0.00106015428901, 0.00181278330274, -0.0013932994334, 0.00662212492898, -0.00629853876308, 0.00552024692297, 0.00767648173496, -0.0158963426948, 0.0281558614224, -0.016689248383, 0.00671817176044], [0.00146880350076, 0.000483153067762, 0.00210858508945, 0.00161431077868, 0.000381443969673, -0.00979015603662, 0.00473485793918, -0.00437099533156, -0.000488051096909, 0.0109050739557, -0.016689248383, 0.0279796123505, -0.0123718846589], [-0.0013042204082, 0.00456010270864, -0.00200561853126, 0.0013499269262, -0.00443111779168, 0.00711721973494, -0.00208877376281, 0.00406902469695, -0.00225150049664, -0.000720364798326, 0.00671817176044, -0.0123718846589, 0.0199152082205]]
    },
    "melbands": {
        "mean": [1.20301649531e-006, 4.55790404885e-006, 0.000107412663056, 0.000683993333951, 0.00149535969831, 0.000184226970305, 0.00017884389672, 0.000497133063618, 0.000157702816068, 6.31314969723e-006, 1.50490723172e-005, 5.55548322154e-005, 4.41004121967e-005, 9.54324132181e-005, 6.87101146468e-006, 4.12608096667e-006, 3.96041787099e-006, 6.69013979859e-006, 1.3056388525e-005, 1.01181713035e-005, 1.53388937179e-005, 2.80811423181e-006, 2.23907500185e-006, 4.36236035739e-007, 7.50150547901e-007, 4.53756229035e-007, 3.95662311803e-007, 2.67087294503e-008, 3.86219518589e-008, 2.78164229428e-008, 2.7216158216e-008, 1.2008006145e-008, 1.38534996807e-008, 7.77555264619e-009, 4.60259785839e-009, 7.33081995108e-009, 4.46176118274e-009, 2.70062106011e-009, 1.27143973128e-009, 8.88393247855e-010],
        "var": [5.69962913671e-012, 8.78120354209e-011, 1.39960619094e-007, 2.00690374186e-006, 1.43907336678e-005, 2.14920518715e-007, 2.68805706582e-007, 1.71505598701e-006, 1.29087297296e-007, 2.36797553788e-010, 8.49484316223e-010, 2.31062351475e-008, 9.96538851439e-009, 1.10703780365e-007, 1.85636284122e-010, 6.94740445728e-011, 9.06770977749e-011, 7.49718898074e-010, 1.04082353847e-009, 5.30368082785e-010, 2.25118323982e-009, 1.84545486531e-011, 7.49474510231e-011, 6.45471848713e-013, 1.52268486448e-012, 4.36369880117e-013, 7.03186857701e-013, 1.16811281378e-014, 2.72418026993e-014, 3.79891769626e-014, 1.06123965139e-013, 1.15249123924e-014, 2.56240646377e-014, 3.5167895292e-015, 1.06765856023e-015, 6.3572228265e-015, 1.82846778862e-015, 7.2228108775e-016, 7.08636234002e-017, 3.06428396176e-017]
    },
    "mfcc": {
        "mean": [-820.984802246, 198.76348877, -48.3970603943, -3.11817789078, 6.66344881058, -33.757232666, -19.5263748169, -10.5488672256, -16.9771251678, -15.8894386292, -20.2093791962, -8.64402580261, 9.21425247192],
        "cov": [[2391.44262695, 728.486083984, -460.210754395, 179.255355835, -181.728408813, -168.770050049, -141.160003662, -259.908752441, -237.069885254, -170.735610962, -208.702713013, -101.306800842, -89.3673248291], [728.486083984, 824.89263916, -75.3051528931, 71.7174453735, 60.8524665833, -223.512680054, -114.393737793, -214.589920044, -193.458740234, -132.838088989, -117.412246704, -125.159797668, -56.3830413818], [-460.210754395, -75.3051528931, 397.885955811, 28.7576885223, -27.5350170135, 4.11470651627, -55.1553535461, -13.6373949051, 22.4780387878, 59.6627044678, 72.637878418, 11.0775527954, -48.3768005371], [179.255355835, 71.7174453735, 28.7576885223, 136.419021606, 13.9755744934, -53.3498039246, -11.6524429321, -37.7579154968, -33.344833374, 1.73621380329, -23.412569046, -44.9651756287, -26.1201477051], [-181.728408813, 60.8524665833, -27.5350170135, 13.9755744934, 157.164489746, 9.84060764313, 12.2757844925, 0.655670464039, -15.1117544174, -15.0909442902, -12.0631151199, -26.7919387817, 24.4138412476], [-168.770050049, -223.512680054, 4.11470651627, -53.3498039246, 9.84060764313, 171.255432129, 64.2401504517, 40.09400177, 35.7938537598, 19.0757884979, 31.3830432892, 54.3355255127, 36.0914955139], [-141.160003662, -114.393737793, -55.1553535461, -11.6524429321, 12.2757844925, 64.2401504517, 143.080154419, 90.0719146729, 7.76558732986, -3.37802910805, 1.04056453705, 17.8682670593, 56.3440093994], [-259.908752441, -214.589920044, -13.6373949051, -37.7579154968, 0.655670464039, 40.09400177, 90.0719146729, 184.372634888, 103.822479248, 16.1448612213, 20.0848770142, 43.4589347839, 45.7861366272], [-237.069885254, -193.458740234, 22.4780387878, -33.344833374, -15.1117544174, 35.7938537598, 7.76558732986, 103.822479248, 158.572906494, 69.1667175293, 26.5711231232, 46.241558075, 6.15227603912], [-170.735610962, -132.838088989, 59.6627044678, 1.73621380329, -15.0909442902, 19.0757884979, -3.37802910805, 16.1448612213, 69.1667175293, 117.781188965, 73.4523544312, 10.3501787186, -15.6431026459], [-208.702713013, -117.412246704, 72.637878418, -23.412569046, -12.0631151199, 31.3830432892, 1.04056453705, 20.0848770142, 26.5711231232, 73.4523544312, 124.996315002, 54.0465888977, -24.8533477783], [-101.306800842, -125.159797668, 11.0775527954, -44.9651756287, -26.7919387817, 54.3355255127, 17.8682670593, 43.4589347839, 46.241558075, 10.3501787186, 54.0465888977, 122.719078064, 45.2938079834], [-89.3673248291, -56.3830413818, -48.3768005371, -26.1201477051, 24.4138412476, 36.0914955139, 56.3440093994, 45.7861366272, 6.15227603912, -15.6431026459, -24.8533477783, 45.2938079834, 130.151367188]],
        "icov": [[0.00284049543552, -0.00305322278291, 0.00393278012052, -0.00479945773259, 0.00517638539895, -0.0048278295435, 0.00526791857556, -0.00442213239148, 0.00489656440914, -0.00378265790641, 0.00371498381719, -0.00260521564633, 0.0016991563607], [-0.00305322278291, 0.00708317058161, -0.0041842632927, 0.00614799885079, -0.00701568555087, 0.0096442932263, -0.00707473466173, 0.0088786361739, -0.00562948314473, 0.00699538271874, -0.00396513706073, 0.00327012408525, -0.00155679206364], [0.00393278012052, -0.0041842632927, 0.00867999345064, -0.00785056781024, 0.00767895067111, -0.00749661866575, 0.00920746475458, -0.00686507998034, 0.00701679009944, -0.0055006169714, 0.00330835999921, -0.00308793247677, 0.00231957947835], [-0.00479945773259, 0.00614799885079, -0.00785056781024, 0.0189243145287, -0.010764259845, 0.0123798837885, -0.0115813966841, 0.0089516248554, -0.00540296779945, 0.00235918513499, -0.00115671160165, 0.00299099343829, -2.42564838118e-005], [0.00517638539895, -0.00701568555087, 0.00767895067111, -0.010764259845, 0.0180131010711, -0.0118717914447, 0.0106598129496, -0.00855359248817, 0.00636844616383, -0.00347055518068, 0.00175460323226, 0.000673351052683, -0.00110092887189], [-0.0048278295435, 0.0096442932263, -0.00749661866575, 0.0123798837885, -0.0118717914447, 0.0233170576394, -0.0170596726239, 0.0162298791111, -0.0117991529405, 0.0100216846913, -0.00658649252728, 0.00222397060134, -0.0022715467494], [0.00526791857556, -0.00707473466173, 0.00920746475458, -0.0115813966841, 0.0106598129496, -0.0170596726239, 0.029442070052, -0.0234979074448, 0.0203166659921, -0.0141795640811, 0.00992488116026, -0.00520520331338, 0.000944168656133], [-0.00442213239148, 0.0088786361739, -0.00686507998034, 0.0089516248554, -0.00855359248817, 0.0162298791111, -0.0234979074448, 0.0346420630813, -0.0296444650739, 0.0246068127453, -0.018410442397, 0.0115751130506, -0.00804072339088], [0.00489656440914, -0.00562948314473, 0.00701679009944, -0.00540296779945, 0.00636844616383, -0.0117991529405, 0.0203166659921, -0.0296444650739, 0.0418690145016, -0.0341988578439, 0.0283661540598, -0.0201561748981, 0.0124996062368], [-0.00378265790641, 0.00699538271874, -0.0055006169714, 0.00235918513499, -0.00347055518068, 0.0100216846913, -0.0141795640811, 0.0246068127453, -0.0341988578439, 0.045995760709, -0.0351068079472, 0.0229117497802, -0.0133164590225], [0.00371498381719, -0.00396513706073, 0.00330835999921, -0.00115671160165, 0.00175460323226, -0.00658649252728, 0.00992488116026, -0.018410442397, 0.0283661540598, -0.0351068079472, 0.0422486178577, -0.0259517524391, 0.0170467570424], [-0.00260521564633, 0.00327012408525, -0.00308793247677, 0.00299099343829, 0.000673351052683, 0.00222397060134, -0.00520520331338, 0.0115751130506, -0.0201561748981, 0.0229117497802, -0.0259517524391, 0.0291053168476, -0.0148593541235], [0.0016991563607, -0.00155679206364, 0.00231957947835, -2.42564838118e-005, -0.00110092887189, -0.0022715467494, 0.000944168656133, -0.00804072339088, 0.0124996062368, -0.0133164590225, 0.0170467570424, -0.0148593541235, 0.0185243040323]]
    },
    "spectral_contrast_coeffs": {
        "mean": [-0.496148794889, -0.691186308861, -0.746145427227, -0.741692662239, -0.724245369434, -0.829531490803],
        "var": [0.0197878051549, 0.00666788732633, 0.00508283032104, 0.00234733591788, 0.00266272458248, 0.000726250756998]
    },
    "spectral_contrast_valleys": {
        "mean": [-9.87585067749, -7.46251583099, -8.27612018585, -9.03302383423, -9.97080993652, -13.0349655151],
        "var": [0.34068697691, 0.698576927185, 0.492992669344, 0.453223466873, 0.407302170992, 0.219157099724]
    }
},
"metadata": {
    "audio_properties": {
        "analysis_sample_rate": 44100,
        "bit_rate": 128074,
        "equal_loudness": 0,
        "length": 45.0612258911,
        "lossless": 0,
        "replay_gain": -6.65291023254,
        "sample_rate": 44100,
        "codec": "mp3",
        "downmix": "mix",
        "md5_encoded": "06f2ece771767ede7d1b4ae54801400c"
    },
    "tags": {
        "file_name": "1965.mp3"
    },
    "version": {
        "essentia": "2.1-beta2",
        "essentia_git_sha": "v2.1_beta2",
        "extractor": "music 1.0"
    }
},
"rhythm": {
    "beats_count": 89,
    "beats_loudness": {
        "mean": 0.00907160155475,
        "var": 0.000133419278427
    },
    "bpm": 95.2916641235,
    "bpm_histogram_first_peak_bpm": {
        "mean": 96,
        "var": 0
    },
    "bpm_histogram_first_peak_spread": {
        "mean": 0.638888895512,
        "var": 0
    },
    "bpm_histogram_first_peak_weight": {
        "mean": 0.147727265954,
        "var": 0
    },
    "bpm_histogram_second_peak_bpm": {
        "mean": 152,
        "var": 0
    },
    "bpm_histogram_second_peak_spread": {
        "mean": 0.25,
        "var": 0
    },
    "bpm_histogram_second_peak_weight": {
        "mean": 0.136363640428,
        "var": 0
    },
    "danceability": 0.872564852238,
    "onset_rate": 4.28113126755,
    "beats_loudness_band_ratio": {
        "mean": [0.062053874135, 0.450753033161, 0.207631543279, 0.224940285087, 0.0988476872444, 0.00632206024602],
        "var": [0.0125063834712, 0.0863625854254, 0.0267659705132, 0.047197304666, 0.0114411944523, 8.63397071953e-005]
    },
    "beats_position": [0.348299324512, 0.708208620548, 1.06811785698, 1.4164172411, 1.764716506, 2.11301589012, 2.46131515503, 2.80961441994, 3.15791368484, 3.49460315704, 3.83129239082, 4.15637159348, 4.49306106567, 4.841360569, 5.17804956436, 5.51473903656, 5.85142850876, 6.25777769089, 6.67573690414, 7.08208608627, 7.47682523727, 7.87156438828, 8.26630401611, 8.66104316711, 9.05578231812, 9.45052146912, 9.83365058899, 10.2167797089, 10.6115188599, 11.0062580109, 11.4009971619, 11.7841272354, 12.1672563553, 12.5619955063, 12.9567346573, 13.3514738083, 13.7578229904, 14.1641721725, 14.5821313858, 15.0697498322, 15.545759201, 16.0333786011, 16.5209980011, 17.0202255249, 17.5078449249, 18.0651245117, 18.6340141296, 19.2029018402, 19.8414516449, 20.4799995422, 21.1301574707, 21.7919273376, 22.430475235, 23.0574150085, 23.6843528748, 24.3112926483, 24.9382305145, 25.5651702881, 26.1921081543, 26.8190479279, 27.4575958252, 28.0961437225, 28.7463035583, 29.3848514557, 30.0234012604, 30.6619491577, 31.3004989624, 31.9506568909, 32.5892066956, 33.2277526855, 33.8546943665, 34.4816322327, 35.1201820374, 35.7355079651, 36.3508377075, 36.96616745, 37.5582771301, 38.1503829956, 38.765712738, 39.369430542, 39.9847602844, 40.5652618408, 41.1457595825, 41.761089325, 42.3764152527, 43.0033569336, 43.6302947998, 44.257232666, 44.8841705322]
},
"tonal": {
    "chords_changes_rate": 0.0257201641798,
    "chords_number_rate": 0.00823045242578,
    "chords_strength": {
        "mean": 0.557752370834,
        "var": 0.0127309653908
    },
    "hpcp_entropy": {
        "mean": 1.51666939259,
        "var": 0.462241947651
    },
    "key_strength": 0.544339954853,
    "tuning_diatonic_strength": 0.483472883701,
    "tuning_equal_tempered_deviation": 0.294292956591,
    "tuning_frequency": 452.892974854,
    "tuning_nontempered_energy_ratio": 0.894536197186,
    "hpcp": {
        "mean": [0.0578269846737, 0.148922175169, 0.161010473967, 0.0553406365216, 0.0120153408498, 0.011353909038, 0.0393199250102, 0.26473942399, 0.579776763916, 0.520336210728, 0.261481314898, 0.151453375816, 0.0860498398542, 0.0579410046339, 0.0686555057764, 0.0534630231559, 0.0416039042175, 0.0337347202003, 0.0194090735167, 0.0186339616776, 0.0172162503004, 0.0109514351934, 0.00708963163197, 0.00752696581185, 0.020030669868, 0.0779471173882, 0.15098464489, 0.136482775211, 0.105011112988, 0.131930530071, 0.130021065474, 0.125635534525, 0.101153425872, 0.0432628467679, 0.0278276037425, 0.0368276238441],
        "var": [0.0116342296824, 0.0595335811377, 0.0738913267851, 0.00898390263319, 0.000564037880395, 0.00090500008082, 0.00574136711657, 0.0927586853504, 0.167935848236, 0.155964866281, 0.0732211098075, 0.0682800635695, 0.0220447387546, 0.00986435916275, 0.0165387000889, 0.00939033087343, 0.00912441127002, 0.00807421281934, 0.00381174986251, 0.00281450385228, 0.000878551683854, 0.000652468181215, 0.000445955985924, 0.000320922059473, 0.00302328099497, 0.0255336929113, 0.0689215585589, 0.0570813752711, 0.0448648221791, 0.0794029086828, 0.0604597255588, 0.0539608001709, 0.0437539219856, 0.0120240198448, 0.00469128787518, 0.00916570331901]
    },
    "chords_histogram": [17.3868312836, 14.1975307465, 1.13168728352, 0, 14.9176950455, 0, 0, 9.36213970184, 2.98353910446, 0, 0, 0, 0, 0, 0.823045253754, 0, 0, 0, 0, 0, 0, 37.6543197632, 0, 1.54320991039],
    "thpcp": [1, 0.89747685194, 0.451003432274, 0.261227041483, 0.148418918252, 0.0999367460608, 0.118417136371, 0.0922131165862, 0.0717584863305, 0.0581857040524, 0.0334768034518, 0.0321398898959, 0.0296946186572, 0.018889054656, 0.0122282095253, 0.0129825240001, 0.0345489345491, 0.134443327785, 0.260418593884, 0.235405728221, 0.181123360991, 0.227554008365, 0.224260568619, 0.21669639647, 0.174469605088, 0.0746198371053, 0.0479971021414, 0.0635203495622, 0.099740087986, 0.256861239672, 0.27771115303, 0.095451630652, 0.020724080503, 0.0195832420141, 0.0678190737963, 0.456623017788],
    "chords_key": "F",
    "chords_scale": "major",
    "key_key": "E",
    "key_scale": "minor"
}
}