{
"lowlevel": {
    "average_loudness": 0.815647780895,
    "barkbands_crest": {
        "mean": 10.2579126358,
        "var": 15.5145730972
    },
    "barkbands_flatness_db": {
        "mean": 0.155854061246,
        "var": 0.00279838196002
    },
    "barkbands_kurtosis": {
        "mean": 5.16670799255,
        "var": 459.364807129
    },
    "barkbands_skewness": {
        "mean": 1.07241594791,
        "var": 1.98784554005
    },
    "barkbands_spread": {
        "mean": 14.9513578415,
        "var": 131.917785645
    },
    "dissonance": {
        "mean": 0.423123717308,
        "var": 0.00299549615011
    },
    "dynamic_complexity": 2.92363190651,
    "erbbands_crest": {
        "mean": 11.8921041489,
        "var": 28.4974269867
    },
    "erbbands_flatness_db": {
        "mean": 0.204452216625,
        "var": 0.00268564745784
    },
    "erbbands_kurtosis": {
        "mean": 3.89573955536,
        "var": 46.0642127991
    },
    "erbbands_skewness": {
        "mean": 0.687763035297,
        "var": 1.31609261036
    },
    "erbbands_spread": {
        "mean": 23.5531768799,
        "var": 242.43397522
    },
    "hfc": {
        "mean": 18.1966629028,
        "var": 1004.30395508
    },
    "melbands_crest": {
        "mean": 14.9990949631,
        "var": 32.6911315918
    },
    "melbands_flatness_db": {
        "mean": 0.219150215387,
        "var": 0.00436199083924
    },
    "melbands_kurtosis": {
        "mean": 8.73548603058,
        "var": 668.04486084
    },
    "melbands_skewness": {
        "mean": 1.56076335907,
        "var": 2.50037145615
    },
    "melbands_spread": {
        "mean": 19.7056560516,
        "var": 233.913513184
    },
    "pitch_salience": {
        "mean": 0.572812378407,
        "var": 0.0119890142232
    },
    "silence_rate_20dB": {
        "mean": 0.999485075474,
        "var": 0.000514643674251
    },
    "silence_rate_30dB": {
        "mean": 0.985581874847,
        "var": 0.0142102548853
    },
    "silence_rate_60dB": {
        "mean": 0.0303810499609,
        "var": 0.0294581986964
    },
    "spectral_centroid": {
        "mean": 1001.87493896,
        "var": 311674.5
    },
    "spectral_complexity": {
        "mean": 13.6529350281,
        "var": 52.7415313721
    },
    "spectral_decrease": {
        "mean": -5.15966691594e-009,
        "var": 4.60669555538e-017
    },
    "spectral_energy": {
        "mean": 0.0211242511868,
        "var": 0.000771784340031
    },
    "spectral_energyband_high": {
        "mean": 0.000551263568923,
        "var": 2.47257094088e-006
    },
    "spectral_energyband_low": {
        "mean": 0.00297672278248,
        "var": 5.8052213717e-005
    },
    "spectral_energyband_middle_high": {
        "mean": 0.0068081044592,
        "var": 0.000321103638271
    },
    "spectral_energyband_middle_low": {
        "mean": 0.0126881450415,
        "var": 0.000368466804503
    },
    "spectral_entropy": {
        "mean": 7.06695985794,
        "var": 0.268350541592
    },
    "spectral_flux": {
        "mean": 0.0809793695807,
        "var": 0.00328018004075
    },
    "spectral_kurtosis": {
        "mean": 7.69312858582,
        "var": 32.8426895142
    },
    "spectral_rms": {
        "mean": 0.00412272103131,
        "var": 3.6122239635e-006
    },
    "spectral_rolloff": {
        "mean": 1248.9197998,
        "var": 1444551.875
    },
    "spectral_skewness": {
        "mean": 2.10043978691,
        "var": 0.541619837284
    },
    "spectral_spread": {
        "mean": 3800147.25,
        "var": 2.34415639757e+012
    },
    "spectral_strongpeak": {
        "mean": 1.17489719391,
        "var": 3.08352923393
    },
    "zerocrossingrate": {
        "mean": 0.046376157552,
        "var": 0.000917564786505
    },
    "barkbands": {
        "mean": [0.000183786192792, 0.000808688404504, 0.000431492022472, 0.00400402396917, 0.00106469378807, 0.00175229541492, 0.00179155077785, 0.00107916083653, 0.00247141113505, 0.00150105229113, 0.000893343356438, 0.00154035107698, 0.000908304064069, 0.00022498673934, 0.00113482004963, 0.000145180238178, 0.000324581837049, 0.000100075274531, 0.000131641689222, 0.000115206094051, 0.000148975334014, 0.000115177354019, 0.000118328935059, 6.36342301732e-005, 4.77282410429e-005, 2.32467155001e-005, 5.51338644073e-007],
        "var": [1.39674810384e-007, 3.49710790033e-005, 2.14203760152e-006, 6.19219354121e-005, 5.09941783093e-005, 3.03807810269e-005, 1.98101570277e-005, 1.36832804856e-005, 4.79275950056e-005, 2.32019738178e-005, 4.62284560854e-006, 8.71293304954e-005, 1.39990470416e-005, 4.80551875626e-007, 8.66310438141e-005, 7.02153272414e-007, 1.2393174984e-006, 2.76378511188e-008, 8.18659486868e-008, 7.58049338856e-008, 2.41597092554e-007, 1.21530703723e-007, 2.44913024972e-007, 3.79142690576e-008, 2.58359929006e-008, 6.72149402803e-009, 5.82297014426e-012]
    },
    "erbbands": {
        "mean": [0.0305564440787, 0.159138813615, 0.476106673479, 6.93405103683, 8.78564167023, 2.95087170601, 9.01230049133, 14.5361680984, 10.5867538452, 45.023563385, 34.1167755127, 56.1312179565, 46.7234153748, 39.8671455383, 29.7174396515, 67.2931900024, 48.6372528076, 13.0681304932, 22.235824585, 56.7010803223, 9.20022773743, 21.8512763977, 6.30534648895, 6.80847120285, 7.41989135742, 4.379134655, 4.69576072693, 6.16729259491, 3.85436296463, 3.77931404114, 3.58248448372, 1.72704672813, 1.11396825314, 0.619509637356, 0.298368811607, 0.12227037549, 0.0373435951769, 0.00503203831613, 0.000113457834232, 2.96692687698e-005],
        "var": [0.0566151738167, 1.32413065434, 2.79041719437, 156.999160767, 1446.34997559, 201.07421875, 1132.17590332, 2454.22192383, 2256.83056641, 14617.8808594, 11737.8330078, 22395.4140625, 19312.0273438, 10866.5683594, 9947.76855469, 149315.015625, 38222.390625, 1534.77331543, 15201.9794922, 209387, 1343.25524902, 5867.06445313, 112.164299011, 224.420211792, 240.019943237, 95.883026123, 142.923416138, 567.83190918, 128.179290771, 127.559898376, 278.821868896, 35.5902442932, 13.3276395798, 4.12954092026, 1.04873538017, 0.184608861804, 0.0183184314519, 0.00032974925125, 1.36432163345e-007, 1.59087132356e-009]
    },
    "gfcc": {
        "mean": [-38.7184410095, 112.204605103, -129.257446289, 15.2857580185, -77.6233673096, 12.3552312851, -34.9030075073, 3.54689192772, -24.1384048462, -10.1043653488, -20.0107593536, -9.6299571991, -11.969417572],
        "cov": [[4240.95068359, -1446.55627441, -496.711853027, 100.352554321, 34.2595024109, 107.172988892, -227.01612854, 111.056007385, -117.985832214, 233.943649292, -232.760238647, 91.2343597412, -244.385787964], [-1446.55627441, 1325.78686523, 130.104141235, -180.053207397, 42.0330734253, -110.261993408, 190.628250122, -156.227722168, 69.3173217773, -184.955276489, 169.991165161, -121.352676392, 115.519256592], [-496.711853027, 130.104141235, 443.109344482, 83.3145141602, -42.1694869995, -53.7541503906, 0.119778469205, 39.7435798645, 35.3900375366, 8.24044132233, 0.407069116831, 10.3339109421, -6.63099622726], [100.352554321, -180.053207397, 83.3145141602, 385.087036133, 33.7449798584, -14.6420593262, -18.3430976868, 33.8419532776, 6.67287921906, -0.874111294746, -10.725944519, -5.20183897018, 9.89151382446], [34.2595024109, 42.0330734253, -42.1694869995, 33.7449798584, 344.842926025, 75.5336761475, -2.75943136215, -42.1208724976, -13.8344697952, 9.73201847076, -35.106803894, 1.63637900352, -25.2665576935], [107.172988892, -110.261993408, -53.7541503906, -14.6420593262, 75.5336761475, 223.235092163, 39.5658454895, -27.2557315826, -74.3322219849, -30.1108608246, -20.9294643402, 19.7205467224, 4.36129808426], [-227.01612854, 190.628250122, 0.119778469205, -18.3430976868, -2.75943136215, 39.5658454895, 170.768692017, 3.63238191605, -30.5220489502, -65.2708587646, 15.1487817764, -28.0777606964, 24.7648410797], [111.056007385, -156.227722168, 39.7435798645, 33.8419532776, -42.1208724976, -27.2557315826, 3.63238191605, 136.959274292, 32.1461410522, 33.3487663269, -31.8708019257, 3.43184185028, -12.7544116974], [-117.985832214, 69.3173217773, 35.3900375366, 6.67287921906, -13.8344697952, -74.3322219849, -30.5220489502, 32.1461410522, 150.351470947, 58.8644180298, 11.6579713821, -17.7061882019, -3.20545101166], [233.943649292, -184.955276489, 8.24044132233, -0.874111294746, 9.73201847076, -30.1108608246, -65.2708587646, 33.3487663269, 58.8644180298, 149.841690063, 17.5634117126, 34.1399459839, -32.9667663574], [-232.760238647, 169.991165161, 0.407069116831, -10.725944519, -35.106803894, -20.9294643402, 15.1487817764, -31.8708019257, 11.6579713821, 17.5634117126, 124.177909851, 22.6930198669, 23.0041046143], [91.2343597412, -121.352676392, 10.3339109421, -5.20183897018, 1.63637900352, 19.7205467224, -28.0777606964, 3.43184185028, -17.7061882019, 34.1399459839, 22.6930198669, 104.852409363, 20.4967823029], [-244.385787964, 115.519256592, -6.63099622726, 9.89151382446, -25.2665576935, 4.36129808426, 24.7648410797, -12.7544116974, -3.20545101166, -32.9667663574, 23.0041046143, 20.4967823029, 105.390884399]],
        "icov": [[0.000497188244481, 0.000132973334985, 0.000580552732572, -0.000221079317271, 0.00019759873976, 8.97461450222e-006, 8.06300304248e-005, 9.13248095458e-006, 0.000380917364964, -0.000584477384109, 0.000743657990824, -0.000400495919166, 0.00083791668294], [0.000132973334985, 0.00420633656904, -0.00167966354638, 0.00227603921667, -0.00211331271566, 0.00211362401024, -0.0021626567468, 0.00242206454277, -0.00252669700421, 0.00429117726162, -0.00522579764947, 0.0038543168921, -0.00275783892721], [0.000580552732572, -0.00167966354638, 0.00401262799278, -0.00183847313747, 0.00143294571899, -0.000477783527458, 0.0007227655733, -0.0013383027399, 0.0010412618285, -0.00229346333072, 0.0033608705271, -0.00298407138325, 0.0028048530221], [-0.000221079317271, 0.00227603921667, -0.00183847313747, 0.00430831545964, -0.00186343165115, 0.0012595722219, -0.000583640299737, 0.000341664417647, -0.00131789920852, 0.00299014011398, -0.00364340445958, 0.00297337723896, -0.00273559405468], [0.00019759873976, -0.00211331271566, 0.00143294571899, -0.00186343165115, 0.00481881992891, -0.00212658010423, 0.000689938489813, 0.000435414549429, 0.000992420129478, -0.00326134939678, 0.004473795183, -0.00262627191842, 0.00271777785383], [8.97461450222e-006, 0.00211362401024, -0.000477783527458, 0.0012595722219, -0.00212658010423, 0.00731483893469, -0.00257813488133, 0.00186754832976, 0.000945704930928, 0.00203548115678, -0.0015394827351, 0.00058453012025, -0.00153710797895], [8.06300304248e-005, -0.0021626567468, 0.0007227655733, -0.000583640299737, 0.000689938489813, -0.00257813488133, 0.00970966741443, -0.00380307529122, 0.00227739405818, 0.00069756351877, 0.000180392802577, 0.000580597145017, 0.000323153566569], [9.13248095458e-006, 0.00242206454277, -0.0013383027399, 0.000341664417647, 0.000435414549429, 0.00186754832976, -0.00380307529122, 0.0118799377233, -0.00312961754389, -0.000135723239509, 0.00104552647099, 0.000640659825876, -0.000881912244949], [0.000380917364964, -0.00252669700421, 0.0010412618285, -0.00131789920852, 0.000992420129478, 0.000945704930928, 0.00227739405818, -0.00312961754389, 0.0123246815056, -0.00725656934083, 0.00306260562502, 0.000796453619841, 0.000408495310694], [-0.000584477384109, 0.00429117726162, -0.00229346333072, 0.00299014011398, -0.00326134939678, 0.00203548115678, 0.00069756351877, -0.000135723239509, -0.00725656934083, 0.0176582429558, -0.0093026086688, 0.000816676008981, -0.00035571877379], [0.000743657990824, -0.00522579764947, 0.0033608705271, -0.00364340445958, 0.004473795183, -0.0015394827351, 0.000180392802577, 0.00104552647099, 0.00306260562502, -0.0093026086688, 0.0193783771247, -0.00836547184736, 0.00380665529519], [-0.000400495919166, 0.0038543168921, -0.00298407138325, 0.00297337723896, -0.00262627191842, 0.00058453012025, 0.000580597145017, 0.000640659825876, 0.000796453619841, 0.000816676008981, -0.00836547184736, 0.0180452372879, -0.00773679977283], [0.00083791668294, -0.00275783892721, 0.0028048530221, -0.00273559405468, 0.00271777785383, -0.00153710797895, 0.000323153566569, -0.000881912244949, 0.000408495310694, -0.00035571877379, 0.00380665529519, -0.00773679977283, 0.0159950405359]]
    },
    "melbands": {
        "mean": [0.000253688252997, 0.000199347239686, 0.00138581800275, 0.000354395247996, 0.000287945003947, 0.000327406625729, 0.000209351419471, 0.000433666747995, 0.00034819584107, 0.000316611811286, 0.000230271674809, 0.00016600258823, 0.000104986065708, 0.000145492158481, 0.00019663234707, 5.37620217074e-005, 2.02234496101e-005, 1.84349646588e-005, 0.000111274712253, 2.69167685474e-005, 6.20940954832e-006, 2.6551546398e-005, 7.40789073461e-006, 4.28868861491e-006, 5.68847372051e-006, 4.6765476327e-006, 6.0409975049e-006, 2.03016770683e-006, 2.8123690754e-006, 3.5865780319e-006, 3.15159809361e-006, 2.08747087527e-006, 2.26991755881e-006, 1.80787731097e-006, 1.96984706236e-006, 1.83626207217e-006, 8.70351186677e-007, 9.00175962215e-007, 5.71174382458e-007, 4.66365520424e-007],
        "var": [3.3477897432e-006, 1.1073288988e-006, 9.58154760156e-006, 3.82019970857e-006, 9.5613791018e-007, 1.18039940844e-006, 5.30697036538e-007, 1.52590348534e-006, 1.36516530347e-006, 7.20759430806e-007, 5.26557300873e-007, 2.07123434848e-007, 6.36894483819e-008, 1.05887841073e-006, 7.12430676231e-007, 5.10853546132e-008, 4.78492534484e-009, 4.25662793901e-009, 9.46239481436e-007, 2.81261947066e-008, 5.92565607693e-010, 9.20740816923e-009, 2.21009668899e-010, 6.31009758334e-011, 1.77755102304e-010, 1.08855403858e-010, 1.94563129496e-010, 2.41603334561e-011, 5.62088431355e-011, 1.73328504327e-010, 1.65364749671e-010, 4.11998837824e-011, 4.92595617074e-011, 2.84541175344e-011, 8.1624214332e-011, 8.11993597361e-011, 6.85799377356e-012, 9.70690802043e-012, 3.31768640338e-012, 2.36031810416e-012]
    },
    "mfcc": {
        "mean": [-676.406311035, 139.339309692, 1.59552109241, 3.12975025177, -16.6543006897, -1.99470508099, -6.1784529686, 3.72629499435, -2.88009572029, -2.26013469696, -6.01674127579, -5.32891798019, -7.49414157867],
        "cov": [[3652.4987793, -1336.21813965, -478.894836426, -65.5021972656, 41.0171585083, 52.6025428772, -36.295589447, -70.3821716309, -12.5216999054, 51.8983078003, 39.9992256165, -5.88415575027, 25.7295646667], [-1336.21813965, 1281.50317383, 28.0463886261, -90.2340774536, -64.7162246704, 3.91581273079, 49.9919815063, 18.3572654724, -36.1857681274, -47.3062171936, -11.1699829102, 13.0501928329, -4.44273090363], [-478.894836426, 28.0463886261, 435.433197021, 90.2506790161, -61.7223892212, -86.3611602783, -58.7954406738, 8.23993015289, 14.1768035889, 13.4254217148, 15.8338651657, 10.0228796005, 3.78262114525], [-65.5021972656, -90.2340774536, 90.2506790161, 357.865234375, 79.7238616943, -36.353477478, -37.0079727173, 0.239502549171, 26.3501739502, 56.1370582581, 17.9628105164, 14.4454345703, 11.9250822067], [41.0171585083, -64.7162246704, -61.7223892212, 79.7238616943, 239.411529541, 90.0045318604, -2.82349467278, -3.97270464897, 14.4113512039, 12.2649002075, 10.0944061279, 21.590927124, 8.21752929688], [52.6025428772, 3.91581273079, -86.3611602783, -36.353477478, 90.0045318604, 209.778045654, 90.6574554443, 30.1741428375, -12.7329387665, -28.0557594299, -27.6043949127, -7.54428386688, -3.12463998795], [-36.295589447, 49.9919815063, -58.7954406738, -37.0079727173, -2.82349467278, 90.6574554443, 200.068771362, 72.4593887329, -8.7524061203, -33.8089752197, -37.4447059631, -40.63904953, -25.9268989563], [-70.3821716309, 18.3572654724, 8.23993015289, 0.239502549171, -3.97270464897, 30.1741428375, 72.4593887329, 117.568214417, 25.1159954071, -12.8265771866, -25.6693706512, -40.5719299316, -22.8227272034], [-12.5216999054, -36.1857681274, 14.1768035889, 26.3501739502, 14.4113512039, -12.7329387665, -8.7524061203, 25.1159954071, 113.577819824, 34.7639312744, -3.86999034882, -14.5066833496, -11.5143442154], [51.8983078003, -47.3062171936, 13.4254217148, 56.1370582581, 12.2649002075, -28.0557594299, -33.8089752197, -12.8265771866, 34.7639312744, 101.946784973, 40.1171989441, 5.95922517776, -6.91251850128], [39.9992256165, -11.1699829102, 15.8338651657, 17.9628105164, 10.0944061279, -27.6043949127, -37.4447059631, -25.6693706512, -3.86999034882, 40.1171989441, 108.995353699, 47.3618125916, 6.45426368713], [-5.88415575027, 13.0501928329, 10.0228796005, 14.4454345703, 21.590927124, -7.54428386688, -40.63904953, -40.5719299316, -14.5066833496, 5.95922517776, 47.3618125916, 120.106903076, 45.4871635437], [25.7295646667, -4.44273090363, 3.78262114525, 11.9250822067, 8.21752929688, -3.12463998795, -25.9268989563, -22.8227272034, -11.5143442154, -6.91251850128, 6.45426368713, 45.4871635437, 85.4100799561]],
        "icov": [[0.000586046546232, 0.000605345703661, 0.00062685937155, 7.31320615159e-005, 0.000239885674091, -8.41577348183e-005, 0.000102480305941, 8.54660465848e-005, 0.000135285328724, -0.000122809389723, -0.000225844414672, 9.72620618995e-005, -0.000181676368811], [0.000605345703661, 0.00144749553874, 0.000560448213946, 0.000225012714509, 0.000377763732104, -4.56812449556e-005, -7.54754801164e-005, -1.42187980146e-006, 0.00029112023185, 6.88028012519e-005, -0.000208790166653, -0.00015288782015, -8.25938332127e-005], [0.00062685937155, 0.000560448213946, 0.00346969859675, -0.000736274116207, 0.00106882397085, 0.000362675607903, 0.000872642442118, -0.000683441234287, -8.51131881063e-006, 0.000245515984716, -0.000449136947282, -0.000137386552524, -9.20144593692e-005], [7.31320615159e-005, 0.000225012714509, -0.000736274116207, 0.00379006308503, -0.00171005993616, 0.00103295047302, -0.000200742579182, -0.000440220261225, 0.000219716966967, -0.00186073896475, 0.000505482312292, -0.000121264398331, -0.000577734899707], [0.000239885674091, 0.000377763732104, 0.00106882397085, -0.00171005993616, 0.00652961013839, -0.00344690028578, 0.00127103331033, 0.000179477108759, -0.000912642397452, 0.000216485292185, -0.000740327814128, -0.000693802547175, 0.000138200121], [-8.41577348183e-005, -4.56812449556e-005, 0.000362675607903, 0.00103295047302, -0.00344690028578, 0.00824650656432, -0.0031643549446, -0.000466962985229, 0.000778724905103, 0.000258632091573, 0.00119332235772, -0.000531310914084, -0.000270627177088], [0.000102480305941, -7.54754801164e-005, 0.000872642442118, -0.000200742579182, 0.00127103331033, -0.0031643549446, 0.00871060881764, -0.00410612253472, 0.000934844429139, 0.00083417625865, 0.000364498206181, 0.000606239074841, 0.00110662076622], [8.54660465848e-005, -1.42187980146e-006, -0.000683441234287, -0.000440220261225, 0.000179477108759, -0.000466962985229, -0.00410612253472, 0.01303054858, -0.00313575658947, 0.001408338896, -3.51205635525e-005, 0.00236459844746, 0.000701626937371], [0.000135285328724, 0.00029112023185, -8.51131881063e-006, 0.000219716966967, -0.000912642397452, 0.000778724905103, 0.000934844429139, -0.00313575658947, 0.0112728215754, -0.00430500786752, 0.00170399749186, 0.000143660887261, 0.000472268788144], [-0.000122809389723, 6.88028012519e-005, 0.000245515984716, -0.00186073896475, 0.000216485292185, 0.000258632091573, 0.00083417625865, 0.001408338896, -0.00430500786752, 0.0149596426636, -0.00530145922676, 0.00127675267868, 0.00125870143529], [-0.000225844414672, -0.000208790166653, -0.000449136947282, 0.000505482312292, -0.000740327814128, 0.00119332235772, 0.000364498206181, -3.51205635525e-005, 0.00170399749186, -0.00530145922676, 0.0139702977613, -0.00543810520321, 0.00186377752107], [9.72620618995e-005, -0.00015288782015, -0.000137386552524, -0.000121264398331, -0.000693802547175, -0.000531310914084, 0.000606239074841, 0.00236459844746, 0.000143660887261, 0.00127675267868, -0.00543810520321, 0.0138335600495, -0.00598478550091], [-0.000181676368811, -8.25938332127e-005, -9.20144593692e-005, -0.000577734899707, 0.000138200121, -0.000270627177088, 0.00110662076622, 0.000701626937371, 0.000472268788144, 0.00125870143529, 0.00186377752107, -0.00598478550091, 0.0155556388199]]
    },
    "spectral_contrast_coeffs": {
        "mean": [-0.560852527618, -0.697891235352, -0.731198906898, -0.753661394119, -0.753595232964, -0.742749631405],
        "var": [0.00553795741871, 0.00466851238161, 0.00404817890376, 0.00532238185406, 0.00457005249336, 0.00230278540403]
    },
    "spectral_contrast_valleys": {
        "mean": [-8.34183311462, -6.80936098099, -7.18991088867, -8.2040605545, -8.63303375244, -11.060382843],
        "var": [0.587785840034, 0.607895314693, 0.708229362965, 0.806885659695, 1.05417180061, 1.0976433754]
    }
},
"metadata": {
    "audio_properties": {
        "analysis_sample_rate": 44100,
        "bit_rate": 128074,
        "equal_loudness": 0,
        "length": 45.0612258911,
        "lossless": 0,
        "replay_gain": -5.50017356873,
        "sample_rate": 44100,
        "codec": "mp3",
        "downmix": "mix",
        "md5_encoded": "3d2514867128160055d771a0673ea1cb"
    },
    "tags": {
        "file_name": "1966.mp3"
    },
    "version": {
        "essentia": "2.1-beta2",
        "essentia_git_sha": "v2.1_beta2",
        "extractor": "music 1.0"
    }
},
"rhythm": {
    "beats_count": 78,
    "beats_loudness": {
        "mean": 0.0225194394588,
        "var": 0.000363847648259
    },
    "bpm": 99.6028747559,
    "bpm_histogram_first_peak_bpm": {
        "mean": 99,
        "var": 0
    },
    "bpm_histogram_first_peak_spread": {
        "mean": 0.390243917704,
        "var": 0
    },
    "bpm_histogram_first_peak_weight": {
        "mean": 0.324675321579,
        "var": 0
    },
    "bpm_histogram_second_peak_bpm": {
        "mean": 117,
        "var": 0
    },
    "bpm_histogram_second_peak_spread": {
        "mean": 0.555555522442,
        "var": 0
    },
    "bpm_histogram_second_peak_weight": {
        "mean": 0.103896103799,
        "var": 0
    },
    "danceability": 1.09217369556,
    "onset_rate": 2.68402528763,
    "beats_loudness_band_ratio": {
        "mean": [0.263853371143, 0.111120678484, 0.336509436369, 0.177993357182, 0.0788781493902, 0.0525886230171],
        "var": [0.0533304475248, 0.0124438647181, 0.0537588335574, 0.0305141843855, 0.0159243531525, 0.00962084811181]
    },
    "beats_position": [0.580498874187, 1.17260766029, 1.77632653713, 2.36843538284, 2.97215414047, 3.5758728981, 4.17959165573, 4.78331041336, 5.38702917099, 5.99074840546, 6.59446716309, 7.18657588959, 7.77868461609, 8.38240337372, 8.96290206909, 9.54340076447, 10.1122903824, 10.5882987976, 11.0643081665, 11.5403175354, 12.051156044, 12.5619955063, 13.0728340149, 13.572063446, 14.0945119858, 14.6053514481, 15.1161899567, 15.6502494812, 16.1726989746, 16.6719264984, 17.1711559296, 17.6703853607, 18.181224823, 18.6920623779, 19.179681778, 19.667301178, 20.154920578, 20.642539978, 21.1417675018, 21.640996933, 22.128616333, 22.6278457642, 23.1270751953, 23.6379127502, 24.195192337, 24.7524719238, 25.3677997589, 25.9831295013, 26.5868473053, 27.1905670166, 27.8058948517, 28.4212245941, 29.0249423981, 29.6286621094, 30.2555999756, 30.870929718, 31.4630374908, 32.0551452637, 32.6472549438, 33.239364624, 33.8314743042, 34.4235839844, 35.0156898499, 35.60779953, 36.2463493347, 36.8848991394, 37.4886169434, 38.1039466858, 38.7192726135, 39.334602356, 39.9383201599, 40.5420417786, 41.1457595825, 41.7843093872, 42.4228553772, 43.0497932434, 43.6883430481, 44.3268928528]
},
"tonal": {
    "chords_changes_rate": 0.0637860074639,
    "chords_number_rate": 0.00514403311536,
    "chords_strength": {
        "mean": 0.546003580093,
        "var": 0.00530300522223
    },
    "hpcp_entropy": {
        "mean": 1.68948733807,
        "var": 0.421103000641
    },
    "key_strength": 0.68014383316,
    "tuning_diatonic_strength": 0.561628460884,
    "tuning_equal_tempered_deviation": 0.122158393264,
    "tuning_frequency": 441.527557373,
    "tuning_nontempered_energy_ratio": 0.752018809319,
    "hpcp": {
        "mean": [0.026769798249, 0.0449624843895, 0.106399618089, 0.125741973519, 0.120883792639, 0.224377393723, 0.30063611269, 0.196878820658, 0.0857082754374, 0.0619449466467, 0.0543218962848, 0.0485070124269, 0.0409247130156, 0.0520708635449, 0.0572425164282, 0.0371370315552, 0.0306932907552, 0.102078638971, 0.178821012378, 0.232769295573, 0.616613805294, 0.76918810606, 0.339857161045, 0.0760478377342, 0.0361952334642, 0.0204102806747, 0.0286972094327, 0.0380700267851, 0.0370428562164, 0.0446250624955, 0.071538105607, 0.0896376892924, 0.106121055782, 0.0938727483153, 0.0517296902835, 0.0318763367832],
        "var": [0.00646028760821, 0.00735948840156, 0.0367466211319, 0.0370918251574, 0.0340869277716, 0.0527722239494, 0.0954395905137, 0.0521219410002, 0.027857856825, 0.0205127596855, 0.0166794322431, 0.0175236221403, 0.00945792160928, 0.0102498950437, 0.00933082494885, 0.00574428355321, 0.00619629630819, 0.0296414159238, 0.0903959870338, 0.0617183707654, 0.0925373584032, 0.0908176898956, 0.0673588588834, 0.0268451925367, 0.0131071386859, 0.00355459772982, 0.0037664542906, 0.00673443451524, 0.00703361444175, 0.00582570396364, 0.00960167404264, 0.0124582219869, 0.0189736243337, 0.0179099794477, 0.0123082669452, 0.00896429270506]
    },
    "chords_histogram": [60.288066864, 0, 6.99588489532, 0.617283940315, 0, 0, 0, 0, 0, 0.205761313438, 2.26337456703, 0, 0, 0, 0, 0, 1.23456788063, 27.4691352844, 0, 0, 0, 0, 0, 0.925925910473],
    "thpcp": [1, 0.441838800907, 0.0988676697016, 0.047056414187, 0.0265348367393, 0.0373084396124, 0.049493778497, 0.0481583848596, 0.0580157972872, 0.0930046960711, 0.116535462439, 0.137965023518, 0.122041344643, 0.067252330482, 0.0414415374398, 0.0348026677966, 0.0584544725716, 0.138327181339, 0.163473635912, 0.157157644629, 0.291706800461, 0.390848636627, 0.25595664978, 0.1114269346, 0.0805328935385, 0.0706223845482, 0.0630626156926, 0.0532050766051, 0.0676958784461, 0.0744194015861, 0.0482808202505, 0.0399034917355, 0.132709592581, 0.232480213046, 0.302616864443, 0.801642417908],
    "chords_key": "E",
    "chords_scale": "major",
    "key_key": "E",
    "key_scale": "major"
}
}