{
"lowlevel": {
    "average_loudness": 0.973175168037,
    "barkbands_crest": {
        "mean": 7.69817399979,
        "var": 8.39099502563
    },
    "barkbands_flatness_db": {
        "mean": 0.117140799761,
        "var": 0.00107150780968
    },
    "barkbands_kurtosis": {
        "mean": -0.0311899427325,
        "var": 1.6643601656
    },
    "barkbands_skewness": {
        "mean": 0.76109701395,
        "var": 0.368268072605
    },
    "barkbands_spread": {
        "mean": 27.7741622925,
        "var": 56.2280464172
    },
    "dissonance": {
        "mean": 0.479984641075,
        "var": 0.000194698077394
    },
    "dynamic_complexity": 1.53833687305,
    "erbbands_crest": {
        "mean": 8.0118932724,
        "var": 12.0927667618
    },
    "erbbands_flatness_db": {
        "mean": 0.175368458033,
        "var": 0.000855722930282
    },
    "erbbands_kurtosis": {
        "mean": -0.232336878777,
        "var": 0.868066191673
    },
    "erbbands_skewness": {
        "mean": -0.197384938598,
        "var": 0.248657405376
    },
    "erbbands_spread": {
        "mean": 34.8057975769,
        "var": 123.572166443
    },
    "hfc": {
        "mean": 30.7901306152,
        "var": 224.514907837
    },
    "melbands_crest": {
        "mean": 12.2576761246,
        "var": 18.4278011322
    },
    "melbands_flatness_db": {
        "mean": 0.160228431225,
        "var": 0.00158510578331
    },
    "melbands_kurtosis": {
        "mean": 4.0710849762,
        "var": 19.8820476532
    },
    "melbands_skewness": {
        "mean": 1.77874302864,
        "var": 0.832930147648
    },
    "melbands_spread": {
        "mean": 33.873626709,
        "var": 146.320541382
    },
    "pitch_salience": {
        "mean": 0.576405644417,
        "var": 0.00765572907403
    },
    "silence_rate_20dB": {
        "mean": 1,
        "var": 0
    },
    "silence_rate_30dB": {
        "mean": 1,
        "var": 0
    },
    "silence_rate_60dB": {
        "mean": 0.00154479919001,
        "var": 0.00154241069686
    },
    "spectral_centroid": {
        "mean": 1763.12988281,
        "var": 126767.476563
    },
    "spectral_complexity": {
        "mean": 32.495880127,
        "var": 64.896697998
    },
    "spectral_decrease": {
        "mean": -7.41687955497e-009,
        "var": 6.78941285464e-018
    },
    "spectral_energy": {
        "mean": 0.0307857561857,
        "var": 0.000117610950838
    },
    "spectral_energyband_high": {
        "mean": 0.00103423302062,
        "var": 6.96104564213e-007
    },
    "spectral_energyband_low": {
        "mean": 0.00811463687569,
        "var": 3.21354382322e-005
    },
    "spectral_energyband_middle_high": {
        "mean": 0.0106442719698,
        "var": 6.31451330264e-005
    },
    "spectral_energyband_middle_low": {
        "mean": 0.0127501282841,
        "var": 4.85067539557e-005
    },
    "spectral_entropy": {
        "mean": 7.72046422958,
        "var": 0.0339662469923
    },
    "spectral_flux": {
        "mean": 0.0975634679198,
        "var": 0.000816738582216
    },
    "spectral_kurtosis": {
        "mean": 3.40730381012,
        "var": 2.91866183281
    },
    "spectral_rms": {
        "mean": 0.00538125494495,
        "var": 1.07696030227e-006
    },
    "spectral_rolloff": {
        "mean": 1997.33911133,
        "var": 693285.1875
    },
    "spectral_skewness": {
        "mean": 1.08391308784,
        "var": 0.0720518454909
    },
    "spectral_spread": {
        "mean": 3398944.25,
        "var": 1.4449812439e+012
    },
    "spectral_strongpeak": {
        "mean": 1.17529582977,
        "var": 2.1401412487
    },
    "zerocrossingrate": {
        "mean": 0.0655257329345,
        "var": 0.00035598714021
    },
    "barkbands": {
        "mean": [1.9552089725e-005, 0.00112878531218, 0.00544161722064, 0.0026517030783, 0.00238363095559, 0.00176338281017, 0.0012123741908, 0.000983680831268, 0.00321741448715, 0.00157489359844, 0.00104258023202, 0.00101993291173, 0.00101393833756, 0.00113494228572, 0.000938734505326, 0.000891827279702, 0.0018200261984, 0.000724748184439, 0.000556668208446, 0.000515500491019, 0.000406088220188, 0.000192241903278, 8.46993207233e-005, 4.01699580834e-005, 2.00551658054e-005, 6.05923560215e-006, 5.04026843373e-007],
        "var": [1.61563318279e-009, 1.7733959794e-006, 2.20098354475e-005, 6.21465005679e-006, 3.65453274753e-006, 4.70817349196e-006, 3.67627262676e-006, 4.82321547679e-006, 2.18088571273e-005, 7.49934724809e-006, 4.92551953357e-006, 2.22148059947e-006, 4.02186242354e-006, 3.45972534888e-006, 2.13179669117e-006, 7.10944448201e-007, 2.81361576526e-006, 6.10295217029e-007, 3.18260163112e-007, 1.28584062509e-007, 8.8794664066e-008, 4.8963155308e-008, 1.17863505622e-008, 5.21838927625e-009, 1.6359191779e-009, 2.65912375452e-010, 1.93219897547e-012]
    },
    "erbbands": {
        "mean": [0.0131064178422, 0.413626432419, 4.90952110291, 8.65146541595, 7.87836647034, 8.47666835785, 9.77051448822, 15.3381814957, 17.0081672668, 17.7203559875, 34.7257080078, 73.6136627197, 54.6030082703, 47.5580291748, 39.3956031799, 45.5910758972, 48.5973930359, 55.0574569702, 57.8449516296, 38.6317100525, 76.0288085938, 86.9851608276, 45.7148132324, 35.7422828674, 22.8726272583, 25.0910930634, 17.7326908112, 14.4156570435, 7.46349191666, 4.16279220581, 2.21914148331, 1.12213873863, 0.583168983459, 0.302261680365, 0.0976066142321, 0.0325462669134, 0.0100067527965, 0.00203344575129, 7.22283584764e-005, 3.96667383029e-005],
        "var": [0.00020980485715, 0.172587737441, 17.0622081757, 43.5366897583, 40.4843063354, 60.0146255493, 85.2192459106, 496.800018311, 765.647216797, 776.411865234, 4799.21142578, 14058.5449219, 5982.76025391, 9304.4296875, 5509.56884766, 4101.44042969, 7718.89746094, 8098.16894531, 6456.54980469, 3271.0222168, 3934.54907227, 6718.06738281, 1979.50805664, 1435.48535156, 324.410736084, 350.1378479, 126.30771637, 151.352752686, 77.4995880127, 22.0645313263, 8.05788612366, 3.62600827217, 1.08858001232, 0.335741996765, 0.0478177443147, 0.0112568605691, 0.000545745773707, 2.39078381128e-005, 2.14108695218e-008, 2.18069104441e-010]
    },
    "gfcc": {
        "mean": [29.7864704132, 108.934768677, -154.860580444, 45.5831222534, -55.9844589233, 1.46416199207, -30.635723114, 2.57885432243, -21.064748764, -7.75155305862, -24.7204113007, -9.93334674835, -11.6665306091],
        "cov": [[2464.9753418, -847.738708496, 130.712661743, -169.536773682, -241.240707397, 425.868774414, -245.023117065, 107.976325989, -213.089691162, 96.5813751221, -33.4478797913, 157.714035034, -161.951828003], [-847.738708496, 845.016357422, -222.886962891, 112.597221375, 170.742370605, -302.230163574, 183.147613525, -105.224472046, 137.396774292, -84.2531509399, 43.5949935913, -127.756286621, 110.142456055], [130.712661743, -222.886962891, 271.278411865, 51.2862892151, -64.067741394, 68.3233108521, -79.4411239624, 56.6217155457, -22.8302268982, 31.6510448456, -17.9643363953, 20.1920642853, -39.5392532349], [-169.536773682, 112.597221375, 51.2862892151, 170.308944702, 13.7028551102, -57.0212020874, 12.0625667572, -23.2953052521, 50.9403648376, -18.0863513947, 3.00122261047, -37.9510726929, 16.6495056152], [-241.240707397, 170.742370605, -64.067741394, 13.7028551102, 156.966796875, -46.1496887207, 55.9048881531, -21.3992805481, 26.3113937378, -2.40386891365, -8.43774414063, -19.4478111267, 17.7505283356], [425.868774414, -302.230163574, 68.3233108521, -57.0212020874, -46.1496887207, 202.845855713, -38.8214073181, 30.5894508362, -76.6414794922, 15.3855113983, -7.84127044678, 47.9892730713, -38.6141891479], [-245.023117065, 183.147613525, -79.4411239624, 12.0625667572, 55.9048881531, -38.8214073181, 125.452507019, -18.3582324982, 25.0002632141, -26.3731594086, 6.01363229752, -25.2142028809, 23.2349586487], [107.976325989, -105.224472046, 56.6217155457, -23.2953052521, -21.3992805481, 30.5894508362, -18.3582324982, 94.2978591919, 7.64971446991, 14.4762449265, -15.8346910477, 5.50345945358, -14.9155473709], [-213.089691162, 137.396774292, -22.8302268982, 50.9403648376, 26.3113937378, -76.6414794922, 25.0002632141, 7.64971446991, 86.6669311523, 10.788769722, 1.89010810852, -37.1528701782, 14.9602766037], [96.5813751221, -84.2531509399, 31.6510448456, -18.0863513947, -2.40386891365, 15.3855113983, -26.3731594086, 14.4762449265, 10.788769722, 70.5383987427, 13.8111839294, 15.3806762695, -24.4378261566], [-33.4478797913, 43.5949935913, -17.9643363953, 3.00122261047, -8.43774414063, -7.84127044678, 6.01363229752, -15.8346910477, 1.89010810852, 13.8111839294, 54.1176528931, 15.3206272125, 3.35595607758], [157.714035034, -127.756286621, 20.1920642853, -37.9510726929, -19.4478111267, 47.9892730713, -25.2142028809, 5.50345945358, -37.1528701782, 15.3806762695, 15.3206272125, 72.7043762207, -2.5870513916], [-161.951828003, 110.142456055, -39.5392532349, 16.6495056152, 17.7505283356, -38.6141891479, 23.2349586487, -14.9155473709, 14.9602766037, -24.4378261566, 3.35595607758, -2.5870513916, 59.8406829834]],
        "icov": [[0.00118676025886, -0.00129439809825, 0.00148480781354, -0.00123900931794, 0.00168903102167, -0.00237881392241, 0.00173510238528, -0.00141577748582, 0.00201600417495, -0.00222840136848, 0.00261945510283, -0.0021491011139, 0.00220361934043], [-0.00129439809825, 0.0103982556611, -0.00222755689174, 0.00317928590812, -0.00642725033686, 0.00932494178414, -0.00585884554312, 0.00481175398454, -0.00569409551099, 0.00900085363537, -0.0123303569853, 0.0106104081497, -0.00735102826729], [0.00148480781354, -0.00222755689174, 0.00961297284812, -0.0068573509343, 0.00377987092361, -0.00387724861503, 0.00440997490659, -0.00612603453919, 0.00645829318091, -0.00656789168715, 0.00641119480133, -0.00431605568156, 0.00467278296128], [-0.00123900931794, 0.00317928590812, -0.0068573509343, 0.0134431757033, -0.0035876899492, 0.00367371505126, -0.0024339382071, 0.0071264244616, -0.0108618671075, 0.00898315105587, -0.00748313358054, 0.00640305737033, -0.00423958618194], [0.00168903102167, -0.00642725033686, 0.00377987092361, -0.0035876899492, 0.0134827429429, -0.00597418611869, 0.00118723965716, -0.0027108208742, 0.00483263004571, -0.00966000836343, 0.0121374633163, -0.00758939469233, 0.00474383449182], [-0.00237881392241, 0.00932494178414, -0.00387724861503, 0.00367371505126, -0.00597418611869, 0.0191489234567, -0.00733398459852, 0.00294622965157, 0.000595643767156, 0.00767572689801, -0.0109480405226, 0.00832791160792, -0.00551509018987], [0.00173510238528, -0.00585884554312, 0.00440997490659, -0.0024339382071, 0.00118723965716, -0.00733398459852, 0.0166794881225, -0.00389595236629, 0.00213713967241, -0.00193947681691, 0.0049759154208, -0.00469426717609, 0.00473026139662], [-0.00141577748582, 0.00481175398454, -0.00612603453919, 0.0071264244616, -0.0027108208742, 0.00294622965157, -0.00389595236629, 0.0193300601095, -0.0122829368338, 0.00642027985305, -0.00331765366718, 0.00439912080765, -0.00361363682896], [0.00201600417495, -0.00569409551099, 0.00645829318091, -0.0108618671075, 0.00483263004571, 0.000595643767156, 0.00213713967241, -0.0122829368338, 0.035525303334, -0.0188342891634, 0.00877402443439, 0.00106257316656, 0.00126635865308], [-0.00222840136848, 0.00900085363537, -0.00656789168715, 0.00898315105587, -0.00966000836343, 0.00767572689801, -0.00193947681691, 0.00642027985305, -0.0188342891634, 0.0350737497211, -0.0195136293769, 0.00546108558774, 0.00109742919449], [0.00261945510283, -0.0123303569853, 0.00641119480133, -0.00748313358054, 0.0121374633163, -0.0109480405226, 0.0049759154208, -0.00331765366718, 0.00877402443439, -0.0195136293769, 0.0412049815059, -0.0203253291547, 0.0093266395852], [-0.0021491011139, 0.0106104081497, -0.00431605568156, 0.00640305737033, -0.00758939469233, 0.00832791160792, -0.00469426717609, 0.00439912080765, 0.00106257316656, 0.00546108558774, -0.0203253291547, 0.03525782004, -0.0148060740903], [0.00220361934043, -0.00735102826729, 0.00467278296128, -0.00423958618194, 0.00474383449182, -0.00551509018987, 0.00473026139662, -0.00361363682896, 0.00126635865308, 0.00109742919449, 0.0093266395852, -0.0148060740903, 0.0317373163998]]
    },
    "melbands": {
        "mean": [0.000203731295187, 0.00189215049613, 0.00150963570923, 0.000588187424, 0.000344582367688, 0.000341025704984, 0.000262465095147, 0.000183641604963, 0.000347949389834, 0.000456598208984, 0.000264007830992, 0.000192677849554, 0.000137589580845, 0.000109440108645, 0.000119717617054, 9.88631654764e-005, 0.000103862446849, 9.51459951466e-005, 6.51876252959e-005, 4.54669061583e-005, 0.000105048966361, 0.000102427060483, 5.41999652341e-005, 3.30183756887e-005, 2.91426131298e-005, 1.78792051884e-005, 1.59752253239e-005, 1.69306003954e-005, 1.05896187961e-005, 1.11693452709e-005, 7.10382710167e-006, 4.33304330727e-006, 3.17691615237e-006, 1.93462756215e-006, 1.27796192828e-006, 9.98035602606e-007, 5.70284271362e-007, 4.29275019087e-007, 3.17794558669e-007, 2.32484040907e-007],
        "var": [5.41697566803e-008, 2.43615022555e-006, 1.0998230664e-006, 2.23224361662e-007, 8.93331559837e-008, 2.29422980169e-007, 1.72254416952e-007, 9.37000876888e-008, 4.59559885257e-007, 5.40008784355e-007, 1.58861709565e-007, 1.64157015092e-007, 7.9827387367e-008, 2.79912448775e-008, 3.89194880768e-008, 4.25579074204e-008, 3.31429603762e-008, 2.13358042345e-008, 1.33601316676e-008, 3.16542903001e-009, 9.45627576243e-009, 9.88798731782e-009, 3.73757602645e-009, 1.52987855717e-009, 1.21706567047e-009, 3.36427996572e-010, 1.4794293568e-010, 1.9762642911e-010, 4.85214785018e-011, 7.14616213426e-011, 4.77696146528e-011, 2.89310780194e-011, 1.50451994613e-011, 5.39232200558e-012, 2.68222488491e-012, 2.52234149366e-012, 1.18388697283e-012, 6.15705837009e-013, 3.59729227743e-013, 2.10114057772e-013]
    },
    "mfcc": {
        "mean": [-595.808288574, 124.563781738, -31.9788265228, 38.2245254517, -5.9470705986, 4.68350505829, -5.41042089462, 4.02470445633, 5.80590486526, -0.839590489864, -4.98573732376, 0.0209213420749, -8.13775444031],
        "cov": [[1725.11779785, -659.854125977, 242.39692688, -455.343902588, 44.5391807556, 79.1591720581, 48.6722869873, 53.2621841431, -142.896942139, -34.1896057129, 10.4047813416, -26.1064300537, 14.1030511856], [-659.854125977, 667.048950195, -296.920410156, 263.67388916, -47.8631973267, -35.2572975159, -6.88691234589, -31.4828357697, 67.1416320801, 16.264125824, -4.79039621353, 21.2856140137, -14.6742191315], [242.39692688, -296.920410156, 342.91583252, -54.9170646667, 37.2604827881, -15.9192590714, -16.4835758209, 9.05020713806, -29.2294235229, 8.08990097046, 3.11260700226, -0.436749249697, 21.0476779938], [-455.343902588, 263.67388916, -54.9170646667, 285.563537598, 3.79885482788, -24.548822403, -47.074005127, -29.5405845642, 53.6627731323, 22.342414856, 9.73227500916, 12.9500360489, 3.40619564056], [44.5391807556, -47.8631973267, 37.2604827881, 3.79885482788, 93.1634521484, 5.36853265762, -7.09307861328, -3.80895757675, 5.58145141602, 12.5069351196, 4.09824800491, -0.483041465282, -1.72082483768], [79.1591720581, -35.2572975159, -15.9192590714, -24.548822403, 5.36853265762, 94.4779891968, 32.579624176, 2.34744739532, -14.5109357834, -14.2091197968, -4.40260982513, -5.33612108231, -0.30272975564], [48.6722869873, -6.88691234589, -16.4835758209, -47.074005127, -7.09307861328, 32.579624176, 81.0425415039, 29.9680900574, -1.83811461926, -14.6311016083, -4.70728540421, -0.611707687378, -6.73252820969], [53.2621841431, -31.4828357697, 9.05020713806, -29.5405845642, -3.80895757675, 2.34744739532, 29.9680900574, 62.2933387756, 13.3282938004, -7.86442518234, -8.31398582458, -4.64342975616, -8.60769081116], [-142.896942139, 67.1416320801, -29.2294235229, 53.6627731323, 5.58145141602, -14.5109357834, -1.83811461926, 13.3282938004, 76.548828125, 27.8072967529, -1.03988194466, -1.56363677979, -7.55362939835], [-34.1896057129, 16.264125824, 8.08990097046, 22.342414856, 12.5069351196, -14.2091197968, -14.6311016083, -7.86442518234, 27.8072967529, 63.325138092, 24.5126171112, -3.72895240784, -1.54373025894], [10.4047813416, -4.79039621353, 3.11260700226, 9.73227500916, 4.09824800491, -4.40260982513, -4.70728540421, -8.31398582458, -1.03988194466, 24.5126171112, 55.2025489807, 20.8039627075, 1.08258008957], [-26.1064300537, 21.2856140137, -0.436749249697, 12.9500360489, -0.483041465282, -5.33612108231, -0.611707687378, -4.64342975616, -1.56363677979, -3.72895240784, 20.8039627075, 53.2846565247, 17.7211532593], [14.1030511856, -14.6742191315, 21.0476779938, 3.40619564056, -1.72082483768, -0.30272975564, -6.73252820969, -8.60769081116, -7.55362939835, -1.54373025894, 1.08258008957, 17.7211532593, 48.6607780457]],
        "icov": [[0.00126918149181, 0.000471464067232, -9.69406682998e-005, 0.00134059274569, -0.00036640180042, -0.000536631967407, 0.000434471236076, -0.000755656685214, 0.00108840072062, -0.000202441529837, -0.000523153750692, 0.000313192402245, -0.000307314476231], [0.000471464067232, 0.00508318189532, 0.00339918769896, -0.00345355481841, 0.00103683467023, 0.00172903994098, -0.00225753523409, 0.000958518648986, 0.000946496846154, -0.00192882632837, 0.00239955983125, -0.0020151885692, 0.000838583451696], [-9.69406682998e-005, 0.00339918769896, 0.00595358852297, -0.00236073322594, -0.00062368332874, 0.00206174841151, -0.000819181324914, -0.000581171538215, 0.00201452081092, -0.0022641280666, 0.00195719883777, -0.00118900870439, -0.000951768481173], [0.00134059274569, -0.00345355481841, -0.00236073322594, 0.00948096904904, -0.00134809094016, -0.00211753230542, 0.00463459407911, 0.000145691723446, -0.00314380927011, 0.00211012270302, -0.00319797638804, 0.00128567719366, -0.00128453236539], [-0.00036640180042, 0.00103683467023, -0.00062368332874, -0.00134809094016, 0.0122338915244, -0.00111224502325, 0.000212147409911, 0.00121943606064, -0.00120298855472, -0.00231826817617, 0.0011195326224, -0.00134970655199, 0.00166010961402], [-0.000536631967407, 0.00172903994098, 0.00206174841151, -0.00211753230542, -0.00111224502325, 0.0143750300631, -0.00699492311105, 0.00267694075592, 0.00150296336506, 0.00106246653013, 0.000635968579445, 0.00127014901955, -0.000720483716577], [0.000434471236076, -0.00225753523409, -0.000819181324914, 0.00463459407911, 0.000212147409911, -0.00699492311105, 0.0208126083016, -0.00858874153346, -0.00109014834743, 0.00275297695771, -0.00224193977192, -0.000411818531575, 0.000665434985422], [-0.000755656685214, 0.000958518648986, -0.000581171538215, 0.000145691723446, 0.00121943606064, 0.00267694075592, -0.00858874153346, 0.0240890923887, -0.00755187403411, 0.00355007639155, 0.00147361995187, 1.16506362247e-005, 0.00278519000858], [0.00108840072062, 0.000946496846154, 0.00201452081092, -0.00314380927011, -0.00120298855472, 0.00150296336506, -0.00109014834743, -0.00755187403411, 0.0235965829343, -0.0123208779842, 0.00625221664086, -0.00286273192614, 0.00197428208776], [-0.000202441529837, -0.00192882632837, -0.0022641280666, 0.00211012270302, -0.00231826817617, 0.00106246653013, 0.00275297695771, 0.00355007639155, -0.0123208779842, 0.0297328084707, -0.0163529571146, 0.00962409097701, -0.00286825606599], [-0.000523153750692, 0.00239955983125, 0.00195719883777, -0.00319797638804, 0.0011195326224, 0.000635968579445, -0.00224193977192, 0.00147361995187, 0.00625221664086, -0.0163529571146, 0.0320173799992, -0.0155901573598, 0.00566358258948], [0.000313192402245, -0.0020151885692, -0.00118900870439, 0.00128567719366, -0.00134970655199, 0.00127014901955, -0.000411818531575, 1.16506362247e-005, -0.00286273192614, 0.00962409097701, -0.0155901573598, 0.0298612825572, -0.0110359489918], [-0.000307314476231, 0.000838583451696, -0.000951768481173, -0.00128453236539, 0.00166010961402, -0.000720483716577, 0.000665434985422, 0.00278519000858, 0.00197428208776, -0.00286825606599, 0.00566358258948, -0.0110359489918, 0.0261414628476]]
    },
    "spectral_contrast_coeffs": {
        "mean": [-0.591651976109, -0.750923454762, -0.749351501465, -0.773626148701, -0.776352822781, -0.680271446705],
        "var": [0.00329556432553, 0.00351109355688, 0.00321041839197, 0.00158869894221, 0.000825338938739, 0.00130154157523]
    },
    "spectral_contrast_valleys": {
        "mean": [-7.24524879456, -6.26742935181, -6.74063396454, -6.99160337448, -6.64921379089, -10.3660535812],
        "var": [0.39046856761, 0.397864222527, 0.460171699524, 0.431741774082, 0.345902770758, 0.951226115227]
    }
},
"metadata": {
    "audio_properties": {
        "analysis_sample_rate": 44100,
        "bit_rate": 128074,
        "equal_loudness": 0,
        "length": 45.0612258911,
        "lossless": 0,
        "replay_gain": -6.09519958496,
        "sample_rate": 44100,
        "codec": "mp3",
        "downmix": "mix",
        "md5_encoded": "6ea656c97c97466a04005e50c9230e35"
    },
    "tags": {
        "file_name": "1967.mp3"
    },
    "version": {
        "essentia": "2.1-beta2",
        "essentia_git_sha": "v2.1_beta2",
        "extractor": "music 1.0"
    }
},
"rhythm": {
    "beats_count": 127,
    "beats_loudness": {
        "mean": 0.0332334563136,
        "var": 8.72049931786e-005
    },
    "bpm": 166.301757813,
    "bpm_histogram_first_peak_bpm": {
        "mean": 167,
        "var": 0
    },
    "bpm_histogram_first_peak_spread": {
        "mean": 0,
        "var": 0
    },
    "bpm_histogram_first_peak_weight": {
        "mean": 0.468253970146,
        "var": 0
    },
    "bpm_histogram_second_peak_bpm": {
        "mean": 172,
        "var": 0
    },
    "bpm_histogram_second_peak_spread": {
        "mean": 0,
        "var": 0
    },
    "bpm_histogram_second_peak_weight": {
        "mean": 0.380952388048,
        "var": 0
    },
    "danceability": 1.04479110241,
    "onset_rate": 2.30693078041,
    "beats_loudness_band_ratio": {
        "mean": [0.344142019749, 0.128252893686, 0.192406341434, 0.151572450995, 0.155021727085, 0.0646893084049],
        "var": [0.0258345492184, 0.00705278292298, 0.0206361487508, 0.0176740121096, 0.00641583371907, 0.00134456134401]
    },
    "beats_position": [0.325079351664, 0.673378646374, 1.02167797089, 1.38158726692, 1.74149656296, 2.10140585899, 2.46131515503, 2.82122445107, 3.1811337471, 3.52943301201, 3.87773227692, 4.22603178024, 4.57433080673, 4.93424034119, 5.2941493988, 5.64244890213, 5.99074840546, 6.33904743195, 6.68734693527, 7.03564596176, 7.38394546509, 7.72063493729, 8.05732440948, 8.4172334671, 8.77714252472, 9.13705158234, 9.4853515625, 9.84526062012, 10.2051696777, 10.5650787354, 10.9249887466, 11.2848978043, 11.6331968307, 11.9814968109, 12.3297958374, 12.6780948639, 13.0031747818, 13.3398637772, 13.6765527725, 14.0248527527, 14.3731517792, 14.7214508057, 15.0697498322, 15.4180498123, 15.7663488388, 16.114648819, 16.4745578766, 16.8344669342, 17.2059860229, 17.5658950806, 17.9258041382, 18.2857131958, 18.6456241608, 19.0055332184, 19.365442276, 19.7369613647, 20.1084804535, 20.4799995422, 20.8399085999, 21.1998176575, 21.5597267151, 21.9196376801, 22.2795467377, 22.6394557953, 22.9993648529, 23.3592739105, 23.707572937, 24.0558719635, 24.40417099, 24.764081955, 25.1239910126, 25.4955101013, 25.8554191589, 26.2153282166, 26.5752372742, 26.9351463318, 27.2950553894, 27.6549663544, 28.0032653809, 28.3631744385, 28.7230834961, 29.0713825226, 29.4312915802, 29.7912006378, 30.1394996643, 30.4878005981, 30.8477096558, 31.2076187134, 31.567527771, 31.9274368286, 32.2873458862, 32.6472549438, 33.0071640015, 33.3670730591, 33.7269821167, 34.0868911743, 34.4468002319, 34.7951011658, 35.1550102234, 35.514919281, 35.8516082764, 36.1999092102, 36.5482063293, 36.908115387, 37.2680282593, 37.6163253784, 37.9646263123, 38.3129234314, 38.6612243652, 39.0095214844, 39.3578224182, 39.6945114136, 40.0312004089, 40.3678894043, 40.7161903381, 41.0644874573, 41.4011802673, 41.7494773865, 42.0861663818, 42.4228553772, 42.771156311, 43.1194534302, 43.4561424255, 43.7928352356, 44.1411323547, 44.4894332886, 44.8377304077]
},
"tonal": {
    "chords_changes_rate": 0.0864197537303,
    "chords_number_rate": 0.0144032919779,
    "chords_strength": {
        "mean": 0.483722358942,
        "var": 0.00872248597443
    },
    "hpcp_entropy": {
        "mean": 2.29273080826,
        "var": 0.484375357628
    },
    "key_strength": 0.657258629799,
    "tuning_diatonic_strength": 0.499097079039,
    "tuning_equal_tempered_deviation": 0.127958759665,
    "tuning_frequency": 440.508636475,
    "tuning_nontempered_energy_ratio": 0.782969117165,
    "hpcp": {
        "mean": [0.322163134813, 0.208645552397, 0.138221397996, 0.126513928175, 0.159292161465, 0.267044126987, 0.28584176302, 0.178406953812, 0.140264242887, 0.136649742723, 0.10073556751, 0.0926641598344, 0.0987233072519, 0.108014285564, 0.195829302073, 0.248222514987, 0.191772848368, 0.172324612737, 0.176794156432, 0.169959530234, 0.260597884655, 0.312980026007, 0.211953356862, 0.136471554637, 0.120412036777, 0.117545679212, 0.160661235452, 0.174089714885, 0.143857747316, 0.170920938253, 0.171933680773, 0.119178049266, 0.106327772141, 0.122653126717, 0.159712210298, 0.28280928731],
        "var": [0.111264161766, 0.0563158392906, 0.044083841145, 0.0417544879019, 0.0496435090899, 0.108100838959, 0.112071633339, 0.0536460317671, 0.052110504359, 0.0615261010826, 0.027604425326, 0.015779254958, 0.0175248328596, 0.0201810281724, 0.0515584126115, 0.0806061699986, 0.0419934801757, 0.0345017649233, 0.0455538369715, 0.0389258265495, 0.0673152804375, 0.0899840071797, 0.0533331148326, 0.040751978755, 0.0411684177816, 0.0325890034437, 0.042845018208, 0.0534278526902, 0.0356186777353, 0.0498707816005, 0.0525135584176, 0.0294446051121, 0.0274774972349, 0.0401293821633, 0.0475575439632, 0.0972946211696]
    },
    "chords_histogram": [10.5967073441, 0.720164597034, 7.40740728378, 4.83539104462, 14.8148145676, 4.11522626877, 0, 0, 0, 0, 0, 0.925925910473, 1.13168728352, 0.617283940315, 0, 4.42386817932, 1.23456788063, 16.1522636414, 10.0823049545, 3.39506173134, 2.26337456703, 4.83539104462, 12.448559761, 0],
    "thpcp": [1, 0.647639453411, 0.429041624069, 0.39270144701, 0.49444565177, 0.828909635544, 0.887257814407, 0.553778290749, 0.435382664204, 0.424163192511, 0.312684953213, 0.287631183863, 0.306438863277, 0.335278242826, 0.607857584953, 0.770487010479, 0.595266282558, 0.534898638725, 0.548772156239, 0.527557373047, 0.808900415897, 0.971495449543, 0.65790694952, 0.423610091209, 0.373761057854, 0.364863842726, 0.498695284128, 0.540377497673, 0.446536958218, 0.530541598797, 0.533685147762, 0.369930744171, 0.330043256283, 0.380717456341, 0.495749503374, 0.8778449893],
    "chords_key": "A",
    "chords_scale": "minor",
    "key_key": "A",
    "key_scale": "major"
}
}