{
"lowlevel": {
    "average_loudness": 0.903376758099,
    "barkbands_crest": {
        "mean": 15.314991951,
        "var": 17.0090713501
    },
    "barkbands_flatness_db": {
        "mean": 0.508510351181,
        "var": 0.0021281093359
    },
    "barkbands_kurtosis": {
        "mean": 2.48354268074,
        "var": 17.6614456177
    },
    "barkbands_skewness": {
        "mean": 0.0883865058422,
        "var": 0.903510808945
    },
    "barkbands_spread": {
        "mean": 2.11488103867,
        "var": 3.94231700897
    },
    "dissonance": {
        "mean": 0.280227780342,
        "var": 0.00667350692675
    },
    "dynamic_complexity": 3.24890756607,
    "erbbands_crest": {
        "mean": 17.9051494598,
        "var": 26.9973106384
    },
    "erbbands_flatness_db": {
        "mean": 0.51053750515,
        "var": 0.00160398392472
    },
    "erbbands_kurtosis": {
        "mean": 2.73205399513,
        "var": 17.0875720978
    },
    "erbbands_skewness": {
        "mean": -0.0337495245039,
        "var": 0.617959439754
    },
    "erbbands_spread": {
        "mean": 4.11059141159,
        "var": 8.77139282227
    },
    "hfc": {
        "mean": 8.24942970276,
        "var": 70.8934402466
    },
    "melbands_crest": {
        "mean": 16.0525054932,
        "var": 20.0052032471
    },
    "melbands_flatness_db": {
        "mean": 0.636503279209,
        "var": 0.00269036460668
    },
    "melbands_kurtosis": {
        "mean": 1.21069896221,
        "var": 5.8542265892
    },
    "melbands_skewness": {
        "mean": 0.163647338748,
        "var": 0.810001969337
    },
    "melbands_spread": {
        "mean": 4.2637720108,
        "var": 40.116558075
    },
    "pitch_salience": {
        "mean": 0.51000982523,
        "var": 0.0112667055801
    },
    "silence_rate_20dB": {
        "mean": 1,
        "var": 0
    },
    "silence_rate_30dB": {
        "mean": 0.996910393238,
        "var": 0.00308004533872
    },
    "silence_rate_60dB": {
        "mean": 0.0329557172954,
        "var": 0.0318700931966
    },
    "spectral_centroid": {
        "mean": 447.696868896,
        "var": 135923.0625
    },
    "spectral_complexity": {
        "mean": 6.59217309952,
        "var": 2.69463920593
    },
    "spectral_decrease": {
        "mean": -4.96010432727e-009,
        "var": 2.32855130921e-017
    },
    "spectral_energy": {
        "mean": 0.0194688420743,
        "var": 0.000359012308763
    },
    "spectral_energyband_high": {
        "mean": 1.14750813296e-008,
        "var": 8.12193804507e-015
    },
    "spectral_energyband_low": {
        "mean": 0.000509421515744,
        "var": 1.08515519059e-006
    },
    "spectral_energyband_middle_high": {
        "mean": 0.000589609029703,
        "var": 4.72233477922e-006
    },
    "spectral_energyband_middle_low": {
        "mean": 0.0186257902533,
        "var": 0.000334892596584
    },
    "spectral_entropy": {
        "mean": 4.72966861725,
        "var": 0.127859964967
    },
    "spectral_flux": {
        "mean": 0.0306436065584,
        "var": 0.000976960174739
    },
    "spectral_kurtosis": {
        "mean": 383.551086426,
        "var": 24502.3613281
    },
    "spectral_rms": {
        "mean": 0.00395045336336,
        "var": 3.38791301147e-006
    },
    "spectral_rolloff": {
        "mean": 595.258911133,
        "var": 702069.9375
    },
    "spectral_skewness": {
        "mean": 15.9941387177,
        "var": 9.48450565338
    },
    "spectral_spread": {
        "mean": 635327.625,
        "var": 1.89088687718e+012
    },
    "spectral_strongpeak": {
        "mean": 1.57826244831,
        "var": 1.09191524982
    },
    "zerocrossingrate": {
        "mean": 0.0216324683279,
        "var": 0.000491695245728
    },
    "barkbands": {
        "mean": [2.71537578556e-006, 0.000140059302794, 0.00011675607675, 0.000706871389411, 0.00357268075459, 0.00362802902237, 0.00645675277337, 0.00210460834205, 0.00214000046253, 0.000240851615672, 0.000325823668391, 1.69190461747e-005, 5.69428721064e-006, 9.28697409108e-006, 9.24530979773e-007, 6.9254230084e-007, 9.31240720092e-008, 6.62486527858e-008, 1.10166089584e-008, 4.51407045077e-009, 2.54429832758e-009, 1.52484647131e-009, 1.16217402368e-009, 1.11202558273e-009, 1.1125227406e-009, 1.16924525617e-009, 9.80132530692e-010],
        "var": [3.42324814329e-011, 1.32370558958e-007, 8.82345290165e-008, 2.2016317871e-006, 3.43723986589e-005, 6.09697817708e-005, 0.000107014340756, 3.18583552144e-005, 3.47121349478e-005, 1.52496227201e-006, 3.00315105051e-006, 2.27681340448e-009, 1.16619533475e-010, 1.30266686327e-009, 2.18356305259e-011, 1.17312878162e-011, 3.11106582119e-013, 1.23389281648e-013, 1.91084936604e-015, 5.90899607246e-016, 2.83106230711e-016, 1.94439986462e-016, 1.35173832297e-016, 1.26500281091e-016, 1.09551138582e-016, 1.09734316074e-016, 4.77528555213e-017]
    },
    "erbbands": {
        "mean": [0.00121957319789, 0.0412217453122, 0.170613661408, 1.24977278709, 6.71870756149, 14.54596138, 24.8860988617, 26.6256694794, 69.1594085693, 78.7242660522, 57.7898597717, 41.5663871765, 15.2742996216, 9.47309589386, 8.64269065857, 0.816583514214, 0.328921198845, 0.448108673096, 0.159845411777, 0.0693870782852, 0.031039558351, 0.00822111777961, 0.0043876497075, 0.00132015673444, 0.000460900715552, 0.000234495877521, 0.000144637131598, 8.16448737169e-005, 6.33088056929e-005, 5.02395087096e-005, 4.20426113124e-005, 3.51024100382e-005, 2.91836804536e-005, 2.38716493186e-005, 1.89266611414e-005, 1.37682154673e-005, 7.82757979323e-006, 1.73708758666e-006, 9.31665817916e-006, 2.17709002754e-005],
        "var": [9.35769003263e-006, 0.0111699905246, 0.156353160739, 6.36020278931, 167.958724976, 692.058410645, 3880.08300781, 2089.11474609, 12430.9414063, 20784.9492188, 17975.3808594, 14730.5449219, 1180.44750977, 1244.05395508, 2600.93579102, 5.69588184357, 0.366700619459, 3.52138733864, 0.451878935099, 0.184544026852, 0.0131909456104, 0.00161319551989, 0.000355420488631, 5.62112691114e-005, 2.886143875e-006, 1.32518266582e-006, 6.87444412506e-007, 3.33101354499e-007, 2.66350753009e-007, 1.60114211667e-007, 1.05249064575e-007, 6.34458814375e-008, 3.18240687136e-008, 1.39968161506e-008, 5.5913922381e-009, 1.84347037635e-009, 4.05586231267e-010, 4.65796290428e-011, 8.26737636683e-011, 4.49233095168e-010]
    },
    "gfcc": {
        "mean": [-292.046081543, 267.075073242, -50.6683158875, -97.0784988403, -61.3735809326, -32.5107765198, -33.2248001099, -16.9695949554, -6.65032815933, -14.0789899826, -9.02881908417, -16.5366230011, -3.60846996307],
        "cov": [[3637.09228516, 482.654327393, -309.375946045, 105.66003418, 176.365951538, -60.4779815674, 46.9651451111, 34.7791213989, -23.5746002197, -41.3735275269, -3.02734231949, -68.2598419189, -7.19499254227], [482.654327393, 394.027313232, 29.5053310394, -61.9144668579, 124.455322266, 37.1272850037, 4.54046010971, -2.12446117401, -27.8566150665, -42.8328208923, -10.3494129181, -30.7610092163, -17.25756073], [-309.375946045, 29.5053310394, 373.136657715, 23.6324214935, -129.633453369, 16.4574451447, 10.7212467194, -36.0281982422, -9.63723087311, 30.1675262451, 41.0825309753, -7.0308508873, -40.6587333679], [105.66003418, -61.9144668579, 23.6324214935, 230.707183838, 94.4360427856, 37.1037826538, 39.3038139343, 10.9500436783, -11.9295482635, 6.71984624863, -1.0009816885, -4.48157453537, -19.3107910156], [176.365951538, 124.455322266, -129.633453369, 94.4360427856, 283.057281494, 68.4752349854, 19.5430088043, 32.8814811707, -18.6386375427, -40.2009239197, -18.7701644897, -7.85317707062, -2.21442008018], [-60.4779815674, 37.1272850037, 16.4574451447, 37.1037826538, 68.4752349854, 102.284332275, 55.1578559875, -9.20816612244, -36.3727912903, -22.6046352386, -8.84544277191, 5.2321600914, 1.67745864391], [46.9651451111, 4.54046010971, 10.7212467194, 39.3038139343, 19.5430088043, 55.1578559875, 82.1010360718, 29.9189758301, -20.8192958832, -19.4001922607, -8.66215133667, -1.68475604057, -0.15899926424], [34.7791213989, -2.12446117401, -36.0281982422, 10.9500436783, 32.8814811707, -9.20816612244, 29.9189758301, 81.3098831177, 46.1041641235, -4.22438192368, -13.0276489258, -5.59255981445, -9.10256767273], [-23.5746002197, -27.8566150665, -9.63723087311, -11.9295482635, -18.6386375427, -36.3727912903, -20.8192958832, 46.1041641235, 85.6347885132, 50.5440063477, 7.60909032822, -8.49948978424, -15.6751375198], [-41.3735275269, -42.8328208923, 30.1675262451, 6.71984624863, -40.2009239197, -22.6046352386, -19.4001922607, -4.22438192368, 50.5440063477, 82.4552536011, 48.0699653625, -1.89083385468, -21.0906620026], [-3.02734231949, -10.3494129181, 41.0825309753, -1.0009816885, -18.7701644897, -8.84544277191, -8.66215133667, -13.0276489258, 7.60909032822, 48.0699653625, 68.5946121216, 29.0407428741, -10.0335502625], [-68.2598419189, -30.7610092163, -7.0308508873, -4.48157453537, -7.85317707062, 5.2321600914, -1.68475604057, -5.59255981445, -8.49948978424, -1.89083385468, 29.0407428741, 57.783782959, 36.9927253723], [-7.19499254227, -17.25756073, -40.6587333679, -19.3107910156, -2.21442008018, 1.67745864391, -0.15899926424, -9.10256767273, -15.6751375198, -21.0906620026, -10.0335502625, 36.9927253723, 73.4012985229]],
        "icov": [[0.000589703093283, -0.00113590352703, 0.0011779848719, -0.00136306835338, 0.00103349518031, 0.000504951458424, -0.00105235178489, 0.00141727761365, -0.00235210335813, 0.00319873332046, -0.00366569752805, 0.00266901869327, -0.00115163961891], [-0.00113590352703, 0.00704751815647, -0.0038808172103, 0.00539908464998, -0.00592783419415, 0.000129706968437, -0.000591519463342, 0.00111509079579, 0.000397480762331, -0.000139558236697, 0.00232022954151, -0.000307263835566, 0.00128836056683], [0.0011779848719, -0.0038808172103, 0.00806517247111, -0.00636400282383, 0.0082070492208, -0.00503989588469, 0.0016554055037, 0.00243309116922, -0.00851613841951, 0.0143880033866, -0.0181198772043, 0.012388237752, -0.00374045083299], [-0.00136306835338, 0.00539908464998, -0.00636400282383, 0.013448051177, -0.0111691914499, 0.00693555781618, -0.00699953222647, 8.01755159046e-005, 0.0114316726103, -0.02086757496, 0.0240556821227, -0.0179300196469, 0.00941786728799], [0.00103349518031, -0.00592783419415, 0.0082070492208, -0.0111691914499, 0.0187486689538, -0.0178093239665, 0.0179065205157, -0.013845494017, -0.00111025152728, 0.0163419693708, -0.0250240508467, 0.0207773204893, -0.00982383731753], [0.000504951458424, 0.000129706968437, -0.00503989588469, 0.00693555781618, -0.0178093239665, 0.0450116693974, -0.0439072698355, 0.0340613424778, -0.00924536399543, -0.0112828165293, 0.0290537979454, -0.0302591249347, 0.0156809836626], [-0.00105235178489, -0.000591519463342, 0.0016554055037, -0.00699953222647, 0.0179065205157, -0.0439072698355, 0.0739488601685, -0.0687016397715, 0.0511399656534, -0.0206121876836, -0.00695692375302, 0.0190150756389, -0.0135182728991], [0.00141727761365, 0.00111509079579, 0.00243309116922, 8.01755159046e-005, -0.013845494017, 0.0340613424778, -0.0687016397715, 0.101669304073, -0.0952622666955, 0.0683705583215, -0.0275820102543, 0.0030197002925, 0.00704246992245], [-0.00235210335813, 0.000397480762331, -0.00851613841951, 0.0114316726103, -0.00111025152728, -0.00924536399543, 0.0511399656534, -0.0952622666955, 0.137126863003, -0.128287866712, 0.0901661291718, -0.0495766997337, 0.0163615029305], [0.00319873332046, -0.000139558236697, 0.0143880033866, -0.02086757496, 0.0163419693708, -0.0112828165293, -0.0206121876836, 0.0683705583215, -0.128287866712, 0.171075448394, -0.146561935544, 0.0955627411604, -0.0344909206033], [-0.00366569752805, 0.00232022954151, -0.0181198772043, 0.0240556821227, -0.0250240508467, 0.0290537979454, -0.00695692375302, -0.0275820102543, 0.0901661291718, -0.146561935544, 0.17013373971, -0.124409593642, 0.0547227375209], [0.00266901869327, -0.000307263835566, 0.012388237752, -0.0179300196469, 0.0207773204893, -0.0302591249347, 0.0190150756389, 0.0030197002925, -0.0495766997337, 0.0955627411604, -0.124409593642, 0.122039392591, -0.0575719103217], [-0.00115163961891, 0.00128836056683, -0.00374045083299, 0.00941786728799, -0.00982383731753, 0.0156809836626, -0.0135182728991, 0.00704246992245, 0.0163615029305, -0.0344909206033, 0.0547227375209, -0.0575719103217, 0.0444878637791]]
    },
    "melbands": {
        "mean": [2.45043884206e-005, 7.29779276298e-005, 0.000333351839799, 0.00082311272854, 0.000783394440077, 0.000668345717713, 0.00114991201553, 0.000792843988165, 0.000481953757117, 0.000242372974753, 7.20950047253e-005, 3.85084931622e-005, 4.1717379645e-005, 2.269798415e-006, 9.07074024781e-007, 8.71493909926e-007, 7.51153493184e-007, 3.08757023504e-007, 9.29177588205e-008, 5.44743130604e-008, 3.31396847741e-008, 6.82183021183e-009, 3.93978805135e-009, 3.23135873614e-009, 8.45054637377e-010, 4.06217698368e-010, 2.09433873022e-010, 1.27905658287e-010, 8.51164694282e-011, 5.60047321019e-011, 4.00693193903e-011, 3.25742557927e-011, 2.60810106151e-011, 2.18693535503e-011, 1.90963373586e-011, 1.63019008015e-011, 1.4452337764e-011, 1.26377961915e-011, 1.13375489552e-011, 1.00482270074e-011],
        "var": [4.04542310761e-009, 3.24734124035e-008, 3.50284494743e-007, 2.16532180275e-006, 2.7979197057e-006, 1.25206747725e-006, 3.16200089401e-006, 2.05442756851e-006, 1.50905634655e-006, 4.44802168431e-007, 3.4373179858e-008, 2.18318980671e-008, 5.97850586814e-008, 5.2370403153e-011, 5.16625587796e-012, 6.21631695771e-012, 1.04419797461e-011, 2.33480986281e-012, 2.18628297432e-013, 1.90147675166e-013, 1.94298143384e-014, 2.24533653592e-015, 2.52127165335e-016, 4.26585671042e-016, 2.15468737431e-017, 3.92811570648e-018, 1.27067701349e-018, 5.38615709033e-019, 2.77457909996e-019, 1.51175813094e-019, 1.02717627643e-019, 9.19593941446e-020, 6.02076656661e-020, 4.54764319866e-020, 3.59096035262e-020, 2.72561181715e-020, 2.25116088951e-020, 1.55453264207e-020, 1.27926438256e-020, 8.78919628957e-021]
    },
    "mfcc": {
        "mean": [-895.701782227, 251.647384644, 75.5504684448, -29.3503990173, -37.6516571045, -21.1511898041, -18.7996616364, -17.9600448608, -9.65996551514, -3.0443277359, -3.76139140129, -6.75243902206, -6.66405296326],
        "cov": [[875.635742188, 632.682495117, -170.152694702, -108.931884766, 211.508041382, 135.293899536, -8.71279335022, 37.1171646118, 76.826751709, 34.5312614441, -3.71006989479, -20.2080097198, -16.3716583252], [632.682495117, 532.983825684, -10.2557106018, -59.7252731323, 114.312599182, 97.4461746216, 12.2389268875, 15.9191970825, 37.9198989868, 26.7370319366, 4.6987118721, -16.2705554962, -17.3487930298], [-170.152694702, -10.2557106018, 232.930007935, 92.7576599121, -84.0277175903, -26.8745098114, 39.1262130737, -15.14108181, -46.1426010132, -4.93529462814, 22.5683746338, 9.07683467865, -7.25379705429], [-108.931884766, -59.7252731323, 92.7576599121, 109.130233765, 30.3959655762, 4.08239841461, 25.1645908356, 12.1924991608, -17.3156547546, -6.87018346786, 20.1530647278, 17.1848640442, -1.00635612011], [211.508041382, 114.312599182, -84.0277175903, 30.3959655762, 169.047790527, 105.611709595, 23.060798645, 28.4775772095, 28.8344211578, 2.86462163925, -6.35281705856, -4.09262609482, 2.72917747498], [135.293899536, 97.4461746216, -26.8745098114, 4.08239841461, 105.611709595, 123.257240295, 69.016242981, 25.2627677917, 9.1556968689, -4.85487937927, -23.9913520813, -26.1555786133, 2.92172527313], [-8.71279335022, 12.2389268875, 39.1262130737, 25.1645908356, 23.060798645, 69.016242981, 96.1027526855, 55.6144371033, 1.65744566917, -17.2637004852, -23.0281143188, -25.8870029449, -3.39036226273], [37.1171646118, 15.9191970825, -15.14108181, 12.1924991608, 28.4775772095, 25.2627677917, 55.6144371033, 81.9585266113, 48.6546936035, -3.19356656075, -23.0341720581, -20.1939182281, -8.2979221344], [76.826751709, 37.9198989868, -46.1426010132, -17.3156547546, 28.8344211578, 9.1556968689, 1.65744566917, 48.6546936035, 72.6566009521, 35.1967201233, -8.44428348541, -17.6034355164, -8.64954853058], [34.5312614441, 26.7370319366, -4.93529462814, -6.87018346786, 2.86462163925, -4.85487937927, -17.2637004852, -3.19356656075, 35.1967201233, 59.3516693115, 45.3960990906, 11.8490486145, -11.7155179977], [-3.71006989479, 4.6987118721, 22.5683746338, 20.1530647278, -6.35281705856, -23.9913520813, -23.0281143188, -23.0341720581, -8.44428348541, 45.3960990906, 92.9324035645, 68.8634719849, -1.46682476997], [-20.2080097198, -16.2705554962, 9.07683467865, 17.1848640442, -4.09262609482, -26.1555786133, -25.8870029449, -20.1939182281, -17.6034355164, 11.8490486145, 68.8634719849, 89.5849227905, 40.6812133789], [-16.3716583252, -17.3487930298, -7.25379705429, -1.00635612011, 2.72917747498, 2.92172527313, -3.39036226273, -8.2979221344, -8.64954853058, -11.7155179977, -1.46682476997, 40.6812133789, 76.4996490479]],
        "icov": [[1.08719027042, -1.7905228138, 2.47327470779, -3.32350540161, 4.04763317108, -4.39184045792, 4.21667051315, -3.58321833611, 2.66233587265, -1.69337415695, 0.881632208824, -0.347591370344, 0.0823847055435], [-1.7905228138, 2.99372386932, -4.20992708206, 5.69027805328, -6.8773355484, 7.31628274918, -6.82480096817, 5.58052349091, -3.95491433144, 2.37664413452, -1.15854096413, 0.422429233789, -0.0898730605841], [2.47327470779, -4.20992708206, 6.07376527786, -8.28362083435, 9.96376609802, -10.408575058, 9.41380786896, -7.35320138931, 4.88825273514, -2.68405151367, 1.14681780338, -0.342264175415, 0.0488382689655], [-3.32350540161, 5.69027805328, -8.28362083435, 11.4373016357, -13.9166879654, 14.7441368103, -13.5586290359, 10.784734726, -7.31988191605, 4.12208795547, -1.81857931614, 0.563956916332, -0.084651350975], [4.04763317108, -6.8773355484, 9.96376609802, -13.9166879654, 17.4295864105, -19.2532272339, 18.6945781708, -15.9221935272, 11.7369966507, -7.31108856201, 3.66771531105, -1.36403620243, 0.286335140467], [-4.39184045792, 7.31628274918, -10.408575058, 14.7441368103, -19.2532272339, 22.6650009155, -23.7534389496, 22.0506000519, -17.8370342255, 12.263833046, -6.84683561325, 2.86610889435, -0.707401037216], [4.21667051315, -6.82480096817, 9.41380786896, -13.5586290359, 18.6945781708, -23.7534389496, 27.0608081818, -27.2642250061, 23.815946579, -17.5801181793, 10.4954309464, -4.67344903946, 1.23812484741], [-3.58321833611, 5.58052349091, -7.35320138931, 10.784734726, -15.9221935272, 22.0506000519, -27.2642250061, 29.5643291473, -27.4758491516, 21.3947925568, -13.3994512558, 6.23771095276, -1.73638081551], [2.66233587265, -3.95491433144, 4.88825273514, -7.31988191605, 11.7369966507, -17.8370342255, 23.815946579, -27.4758491516, 26.8504371643, -21.7823505402, 14.1480150223, -6.80356740952, 1.96711111069], [-1.69337415695, 2.37664413452, -2.68405151367, 4.12208795547, -7.31108856201, 12.263833046, -17.5801181793, 21.3947925568, -21.7823505402, 18.309961319, -12.2680854797, 6.07162857056, -1.81248939037], [0.881632208824, -1.15854096413, 1.14681780338, -1.81857931614, 3.66771531105, -6.84683561325, 10.4954309464, -13.3994512558, 14.1480150223, -12.2680854797, 8.49355220795, -4.33325433731, 1.34119749069], [-0.347591370344, 0.422429233789, -0.342264175415, 0.563956916332, -1.36403620243, 2.86610889435, -4.67344903946, 6.23771095276, -6.80356740952, 6.07162857056, -4.33325433731, 2.29122042656, -0.735877692699], [0.0823847055435, -0.0898730605841, 0.0488382689655, -0.084651350975, 0.286335140467, -0.707401037216, 1.23812484741, -1.73638081551, 1.96711111069, -1.81248939037, 1.34119749069, -0.735877692699, 0.259052664042]]
    },
    "spectral_contrast_coeffs": {
        "mean": [-0.528684139252, -0.604017674923, -0.646467208862, -0.729140222073, -0.815732896328, -0.936893284321],
        "var": [0.00537263182923, 0.00654526473954, 0.00574725633487, 0.00153052434325, 0.00220722076483, 0.000870716234203]
    },
    "spectral_contrast_valleys": {
        "mean": [-8.78806591034, -6.95370578766, -9.19968223572, -11.5495300293, -13.2449827194, -14.4738721848],
        "var": [1.06941974163, 0.863843679428, 0.853573918343, 0.678352475166, 0.555069804192, 1.14912652969]
    }
},
"metadata": {
    "audio_properties": {
        "analysis_sample_rate": 44100,
        "bit_rate": 80957,
        "equal_loudness": 0,
        "length": 45.0612258911,
        "lossless": 0,
        "replay_gain": -5.93643188477,
        "sample_rate": 44100,
        "codec": "mp3",
        "downmix": "mix",
        "md5_encoded": "7d5c4f62c679c42c790e585f7bcaea36"
    },
    "tags": {
        "file_name": "197.mp3"
    },
    "version": {
        "essentia": "2.1-beta2",
        "essentia_git_sha": "v2.1_beta2",
        "extractor": "music 1.0"
    }
},
"rhythm": {
    "beats_count": 62,
    "beats_loudness": {
        "mean": 0.0508292764425,
        "var": 0.000369486107957
    },
    "bpm": 83.5168457031,
    "bpm_histogram_first_peak_bpm": {
        "mean": 83,
        "var": 0
    },
    "bpm_histogram_first_peak_spread": {
        "mean": 0.350877165794,
        "var": 0
    },
    "bpm_histogram_first_peak_weight": {
        "mean": 0.606557369232,
        "var": 0
    },
    "bpm_histogram_second_peak_bpm": {
        "mean": 89,
        "var": 0
    },
    "bpm_histogram_second_peak_spread": {
        "mean": 0,
        "var": 0
    },
    "bpm_histogram_second_peak_weight": {
        "mean": 0.0655737668276,
        "var": 0
    },
    "danceability": 1.27144265175,
    "onset_rate": 1.48619580269,
    "beats_loudness_band_ratio": {
        "mean": [0.140367135406, 0.443795800209, 0.479285895824, 0.0311637092382, 0.000301661115373, 2.7076898732e-006],
        "var": [0.0181093867868, 0.0364676900208, 0.0425629727542, 0.00633889157325, 5.50296078927e-007, 2.6282251115e-012]
    },
    "beats_position": [0.650158703327, 1.3235373497, 1.99691605568, 2.67029476166, 3.35528349876, 4.06349182129, 4.79492044449, 5.50312900543, 6.2229475975, 6.91954612732, 7.66258478165, 8.37079334259, 9.10222244263, 9.82204055786, 10.5418596268, 11.2500677109, 11.9582767487, 12.6780948639, 13.3979139328, 14.117732048, 14.8375511169, 15.5689792633, 16.2771873474, 16.99700737, 17.7284355164, 18.4482536316, 19.1564617157, 19.8762817383, 20.5960998535, 21.3275279999, 22.0241260529, 22.7439460754, 23.4753742218, 24.1719722748, 24.9150104523, 25.6348285675, 26.3662586212, 27.0860767365, 27.8058948517, 28.5257129669, 29.2687530518, 29.988571167, 30.6967792511, 31.4165973663, 32.1364173889, 32.8562355042, 33.5760536194, 34.2842636108, 34.9924697876, 35.7238998413, 36.455329895, 37.186756134, 37.9181861877, 38.638004303, 39.3578224182, 40.0776405334, 40.7742385864, 41.4824485779, 42.1906585693, 42.9220848083, 43.6302947998, 44.350112915]
},
"tonal": {
    "chords_changes_rate": 0.0401234552264,
    "chords_number_rate": 0.00720164598897,
    "chords_strength": {
        "mean": 0.5249812603,
        "var": 0.00642259884626
    },
    "hpcp_entropy": {
        "mean": 1.12074291706,
        "var": 0.325498044491
    },
    "key_strength": 0.583908438683,
    "tuning_diatonic_strength": 0.405117601156,
    "tuning_equal_tempered_deviation": 0.000634611293208,
    "tuning_frequency": 440.254241943,
    "tuning_nontempered_energy_ratio": 0.577583491802,
    "hpcp": {
        "mean": [0.00242835306562, 0.00909235328436, 0.208295434713, 0.370189130306, 0.174082577229, 0.0602223947644, 0.114458493888, 0.0595236867666, 0.00180634472053, 0.00110764452256, 0.00206842296757, 0.0870675966144, 0.173652589321, 0.0905915275216, 0.00292479875498, 0.000794017920271, 0.0017667504726, 0.0911227613688, 0.181474179029, 0.10047736764, 0.0890526920557, 0.142956525087, 0.0656145140529, 0.0222755502909, 0.0410632900894, 0.0258269384503, 0.0789273753762, 0.142252191901, 0.0697036758065, 0.00360683444887, 0.00240382645279, 0.00778608163819, 0.15389367938, 0.281178206205, 0.138894885778, 0.00644130539149],
        "var": [0.000279196567135, 0.00161123776343, 0.0625358521938, 0.185773059726, 0.0405419841409, 0.0213878750801, 0.0785283669829, 0.0203672088683, 1.81433624675e-005, 7.26538200979e-006, 4.80079215777e-005, 0.0307119693607, 0.119343400002, 0.032826796174, 0.000139753174153, 5.26377471033e-006, 4.52180647699e-005, 0.0240329839289, 0.0883631408215, 0.0242254529148, 0.0327149555087, 0.0839372128248, 0.0196360759437, 0.005764471367, 0.0193572714925, 0.00602102652192, 0.0257247444242, 0.0831682011485, 0.0195403583348, 0.000244711351115, 0.000140003234264, 0.000568382849451, 0.0539174452424, 0.172317191958, 0.0442737862468, 0.00182492902968]
    },
    "chords_histogram": [23.9711933136, 1.13168728352, 27.2633743286, 19.6502056122, 4.01234579086, 0, 0, 0.617283940315, 0, 0, 0, 0.514403283596, 0, 0, 0, 0, 0, 0, 0, 0, 0, 0, 15.4320983887, 7.40740728378],
    "thpcp": [1, 0.47025308013, 0.162680074573, 0.309189230204, 0.160792633891, 0.00487951841205, 0.00299210450612, 0.00558747630566, 0.235197603703, 0.469091534615, 0.244716882706, 0.00790082290769, 0.00214489805512, 0.00477256160229, 0.246151909232, 0.490220159292, 0.271421700716, 0.240559980273, 0.386171579361, 0.177245929837, 0.060173433274, 0.110925167799, 0.0697668716311, 0.213208243251, 0.384268969297, 0.188292071223, 0.00974322110415, 0.00649350881577, 0.0210327133536, 0.415716350079, 0.759552836418, 0.375199794769, 0.0174000393599, 0.00655976310372, 0.0245613735169, 0.562673032284],
    "chords_key": "D#",
    "chords_scale": "minor",
    "key_key": "G#",
    "key_scale": "minor"
}
}