{
"lowlevel": {
    "average_loudness": 0.948927640915,
    "barkbands_crest": {
        "mean": 7.82501506805,
        "var": 12.8370294571
    },
    "barkbands_flatness_db": {
        "mean": 0.0902546942234,
        "var": 0.00149029563181
    },
    "barkbands_kurtosis": {
        "mean": 0.733508527279,
        "var": 33.0377807617
    },
    "barkbands_skewness": {
        "mean": 0.768764734268,
        "var": 1.17259001732
    },
    "barkbands_spread": {
        "mean": 38.9484214783,
        "var": 139.894088745
    },
    "dissonance": {
        "mean": 0.485968828201,
        "var": 0.000116074348625
    },
    "dynamic_complexity": 1.90250694752,
    "erbbands_crest": {
        "mean": 7.58204317093,
        "var": 12.4029512405
    },
    "erbbands_flatness_db": {
        "mean": 0.14163634181,
        "var": 0.00115122657735
    },
    "erbbands_kurtosis": {
        "mean": 0.108668856323,
        "var": 1.12031316757
    },
    "erbbands_skewness": {
        "mean": -0.290911495686,
        "var": 0.251722991467
    },
    "erbbands_spread": {
        "mean": 39.2932624817,
        "var": 299.017211914
    },
    "hfc": {
        "mean": 32.5413589478,
        "var": 408.482116699
    },
    "melbands_crest": {
        "mean": 13.0985717773,
        "var": 24.9649410248
    },
    "melbands_flatness_db": {
        "mean": 0.140840634704,
        "var": 0.0029045951087
    },
    "melbands_kurtosis": {
        "mean": 8.93449497223,
        "var": 435.883117676
    },
    "melbands_skewness": {
        "mean": 2.21408247948,
        "var": 3.06592440605
    },
    "melbands_spread": {
        "mean": 45.6967201233,
        "var": 458.180877686
    },
    "pitch_salience": {
        "mean": 0.562405824661,
        "var": 0.0115554155782
    },
    "silence_rate_20dB": {
        "mean": 1,
        "var": 0
    },
    "silence_rate_30dB": {
        "mean": 1,
        "var": 0
    },
    "silence_rate_60dB": {
        "mean": 0.00154479919001,
        "var": 0.00154241069686
    },
    "spectral_centroid": {
        "mean": 2275.37158203,
        "var": 353530.75
    },
    "spectral_complexity": {
        "mean": 28.9716777802,
        "var": 117.847480774
    },
    "spectral_decrease": {
        "mean": -6.1649880756e-009,
        "var": 1.28726343234e-017
    },
    "spectral_energy": {
        "mean": 0.0262196753174,
        "var": 0.000216063126572
    },
    "spectral_energyband_high": {
        "mean": 0.00224437448196,
        "var": 2.28434259952e-006
    },
    "spectral_energyband_low": {
        "mean": 0.0102229425684,
        "var": 9.50753092184e-005
    },
    "spectral_energyband_middle_high": {
        "mean": 0.0087569206953,
        "var": 6.64981271257e-005
    },
    "spectral_energyband_middle_low": {
        "mean": 0.00696268398315,
        "var": 3.38461541105e-005
    },
    "spectral_entropy": {
        "mean": 7.89071750641,
        "var": 0.0731311962008
    },
    "spectral_flux": {
        "mean": 0.0883484259248,
        "var": 0.00126833550166
    },
    "spectral_kurtosis": {
        "mean": 2.60860586166,
        "var": 0.94114112854
    },
    "spectral_rms": {
        "mean": 0.0048710256815,
        "var": 1.85326325663e-006
    },
    "spectral_rolloff": {
        "mean": 2691.98632813,
        "var": 1970687
    },
    "spectral_skewness": {
        "mean": 1.03929114342,
        "var": 0.0690729245543
    },
    "spectral_spread": {
        "mean": 4570459.5,
        "var": 2.54973732454e+012
    },
    "spectral_strongpeak": {
        "mean": 0.962477385998,
        "var": 2.99157047272
    },
    "zerocrossingrate": {
        "mean": 0.0916505381465,
        "var": 0.000912035873625
    },
    "barkbands": {
        "mean": [0.00032830107375, 0.00468559842557, 0.00343341752887, 0.00302301184274, 0.000989043619484, 0.000439115421614, 0.00043059559539, 0.000358646007953, 0.00136631156784, 0.00093655049568, 0.000759598740842, 0.000932637718506, 0.000822277914267, 0.00106643128674, 0.000985081889667, 0.00127326126676, 0.000740194809623, 0.000314442644594, 0.000693261856213, 0.000709828746039, 0.000973656482529, 0.000532358593773, 0.000162146126968, 0.00010046409443, 9.12322138902e-005, 6.45906402497e-005, 7.64400647313e-006],
        "var": [3.26289324448e-007, 3.17212507071e-005, 2.08129586099e-005, 1.96473920369e-005, 1.10735186354e-006, 3.90227569369e-007, 9.99703729576e-007, 3.78645722776e-007, 4.59455804958e-006, 6.42390887151e-006, 2.36334426518e-006, 1.97019403458e-006, 3.47765649167e-006, 7.04891590431e-006, 2.0587247036e-006, 1.88238038845e-006, 1.16228920888e-006, 1.00179448737e-007, 7.60433863434e-007, 5.32230046701e-007, 6.88613909006e-007, 2.96240841635e-007, 6.24950970973e-008, 2.29513350547e-008, 1.97178842143e-008, 2.79056759922e-008, 8.24395440802e-010]
    },
    "erbbands": {
        "mean": [0.120760858059, 1.10321557522, 3.43827795982, 8.38082885742, 5.96027565002, 2.96936869621, 2.99001312256, 3.7019867897, 6.04786062241, 7.21151638031, 10.9376544952, 30.9138851166, 31.8160018921, 25.9470500946, 35.8360671997, 38.5697441101, 39.8568077087, 56.4879264832, 40.4899215698, 72.6239929199, 68.4242401123, 33.3435592651, 21.3044490814, 26.379699707, 36.5527496338, 36.2988853455, 38.9359283447, 34.5447235107, 21.2595672607, 7.94921302795, 4.91262722015, 2.55366063118, 1.41840553284, 0.986165761948, 0.667244613171, 0.340419799089, 0.103457316756, 0.0231387186795, 0.000730800267775, 5.13104532729e-005],
        "var": [0.0333647318184, 1.67583394051, 16.2447757721, 121.185874939, 58.1530990601, 10.9814128876, 23.367067337, 29.1212673187, 164.307678223, 157.556655884, 221.860443115, 2800.53271484, 3463.84619141, 6341.71533203, 3322.12988281, 3442.10400391, 6897.13574219, 12853.9951172, 8515.03613281, 10511.0517578, 6411.23291016, 1342.07507324, 440.886444092, 1141.44897461, 1983.79626465, 1604.54553223, 976.270202637, 1217.92883301, 443.040527344, 56.6465415955, 70.4368286133, 22.6729030609, 2.91789221764, 1.62252104282, 1.52396702766, 0.769786953926, 0.075470238924, 0.00484237121418, 6.58867475067e-006, 2.69323985336e-009]
    },
    "gfcc": {
        "mean": [39.2818260193, 64.6864624023, -132.060791016, 53.263381958, -49.1613311768, 26.2266159058, -24.4166622162, 8.70320129395, -24.6019802094, 7.1528468132, -28.8797340393, -4.42941474915, -10.6485977173],
        "cov": [[2140.85961914, -244.458190918, -275.470275879, -173.845916748, -105.847640991, 86.7635726929, 51.7106208801, 141.497955322, 24.2324771881, 121.719917297, 1.18716740608, 107.172790527, -36.0311660767], [-244.458190918, 591.801635742, -218.9324646, 262.457580566, 16.0790157318, -41.9518241882, 39.9445343018, -86.5409317017, 49.5150947571, -78.6563415527, 63.242313385, -101.733726501, 91.8837890625], [-275.470275879, -218.9324646, 685.289855957, -116.824478149, 93.4685668945, 37.2201576233, -48.1575927734, 35.4993286133, -76.4801483154, 2.41009497643, -76.7448120117, 24.5401973724, -109.173400879], [-173.845916748, 262.457580566, -116.824478149, 341.091552734, 32.5557022095, -10.8077640533, 45.8697509766, -57.3950881958, 23.1762332916, -69.5169372559, 22.3982505798, -80.9002151489, 80.9177703857], [-105.847640991, 16.0790157318, 93.4685668945, 32.5557022095, 151.159057617, 34.9463386536, 39.5226249695, -10.0983533859, -0.872897684574, 4.20396518707, -18.1515731812, -1.9578012228, -21.7795181274], [86.7635726929, -41.9518241882, 37.2201576233, -10.8077640533, 34.9463386536, 100.167709351, 48.9330444336, 19.0952472687, -2.8443133831, 5.23140573502, 7.45022106171, 12.5989131927, -5.25948905945], [51.7106208801, 39.9445343018, -48.1575927734, 45.8697509766, 39.5226249695, 48.9330444336, 126.481002808, 23.6254749298, 13.6598939896, -3.83190798759, 5.76520586014, 2.18078994751, 12.6556873322], [141.497955322, -86.5409317017, 35.4993286133, -57.3950881958, -10.0983533859, 19.0952472687, 23.6254749298, 91.0056762695, 26.0977020264, 27.4917011261, -6.28668212891, 16.8260498047, -15.0613946915], [24.2324771881, 49.5150947571, -76.4801483154, 23.1762332916, -0.872897684574, -2.8443133831, 13.6598939896, 26.0977020264, 70.607170105, 26.7445106506, 17.7241287231, -6.99792814255, 15.7182273865], [121.719917297, -78.6563415527, 2.41009497643, -69.5169372559, 4.20396518707, 5.23140573502, -3.83190798759, 27.4917011261, 26.7445106506, 84.7201538086, 22.8320827484, 37.7716026306, -15.6839904785], [1.18716740608, 63.242313385, -76.7448120117, 22.3982505798, -18.1515731812, 7.45022106171, 5.76520586014, -6.28668212891, 17.7241287231, 22.8320827484, 76.8746948242, 24.0192298889, 29.6152973175], [107.172790527, -101.733726501, 24.5401973724, -80.9002151489, -1.9578012228, 12.5989131927, 2.18078994751, 16.8260498047, -6.99792814255, 37.7716026306, 24.0192298889, 89.1473922729, 8.86746692657], [-36.0311660767, 91.8837890625, -109.173400879, 80.9177703857, -21.7795181274, -5.25948905945, 12.6556873322, -15.0613946915, 15.7182273865, -15.6839904785, 29.6152973175, 8.86746692657, 91.8374786377]],
        "icov": [[0.000763711170293, -0.000284940528218, 0.000641901395284, -0.000428738450864, 0.000641392427497, -0.00102126097772, 0.000332965835696, -0.00119660026394, 0.000901462801266, -0.00118145043962, 0.00131122779567, -0.00130684266333, 0.000924330553971], [-0.000284940528218, 0.00474303541705, -0.000353852432454, 0.000128626896185, -0.00146795378532, 0.00254680379294, -0.00180139858276, 0.00314242765307, -0.0033951997757, 0.00365138263442, -0.00541901029646, 0.00490853004158, -0.00235164654441], [0.000641901395284, -0.000353852432454, 0.00313691468909, -0.000856303027831, -0.000935738848057, -0.00171829143073, 0.00215088203549, -0.00298719364218, 0.00322444806807, -0.000944302184507, 0.00242943083867, -0.00235388567671, 0.00271350773983], [-0.000428738450864, 0.000128626896185, -0.000856303027831, 0.00770734995604, -0.00240669376217, 0.00189966789912, -0.00250393012539, 0.00295455101877, -0.00220398209058, 0.00343079608865, -0.00385872088373, 0.00710595212877, -0.00621678493917], [0.000641392427497, -0.00146795378532, -0.000935738848057, -0.00240669376217, 0.011299229227, -0.00382270524278, -0.00238655880094, 0.00251006893814, -0.00114044325892, -0.00394988246262, 0.00561355100945, -0.00433185696602, 0.00405841041356], [-0.00102126097772, 0.00254680379294, -0.00171829143073, 0.00189966789912, -0.00382270524278, 0.0167004261166, -0.0064089554362, 0.000888872367796, -0.000853154400829, 0.00380590651184, -0.00759087363258, 0.00451801298186, -0.00277876597829], [0.000332965835696, -0.00180139858276, 0.00215088203549, -0.00250393012539, -0.00238655880094, -0.0064089554362, 0.0140036921948, -0.00644653802738, 0.00221643224359, -0.000317416561302, 0.00307755358517, -0.0042890724726, 0.0017641565064], [-0.00119660026394, 0.00314242765307, -0.00298719364218, 0.00295455101877, 0.00251006893814, 0.000888872367796, -0.00644653802738, 0.0227214116603, -0.0127963740379, 0.00206393632106, -0.00148446124513, 0.00302464421839, -0.0017776763998], [0.000901462801266, -0.0033951997757, 0.00322444806807, -0.00220398209058, -0.00114044325892, -0.000853154400829, 0.00221643224359, -0.0127963740379, 0.0296276304871, -0.013103120029, 0.00221217470244, 0.00203286367469, -0.00141598994378], [-0.00118145043962, 0.00365138263442, -0.000944302184507, 0.00343079608865, -0.00394988246262, 0.00380590651184, -0.000317416561302, 0.00206393632106, -0.013103120029, 0.027460668236, -0.0114435162395, -0.00184521288611, 0.00220207148232], [0.00131122779567, -0.00541901029646, 0.00242943083867, -0.00385872088373, 0.00561355100945, -0.00759087363258, 0.00307755358517, -0.00148446124513, 0.00221217470244, -0.0114435162395, 0.0290255602449, -0.0135337710381, 0.0020669172518], [-0.00130684266333, 0.00490853004158, -0.00235388567671, 0.00710595212877, -0.00433185696602, 0.00451801298186, -0.0042890724726, 0.00302464421839, 0.00203286367469, -0.00184521288611, -0.0135337710381, 0.0302056428045, -0.0133797433227], [0.000924330553971, -0.00235164654441, 0.00271350773983, -0.00621678493917, 0.00405841041356, -0.00277876597829, 0.0017641565064, -0.0017776763998, -0.00141598994378, 0.00220207148232, 0.0020669172518, -0.0133797433227, 0.0238200649619]]
    },
    "melbands": {
        "mean": [0.00121430237778, 0.00175251089968, 0.00140509253833, 0.000284621259198, 0.000109345834062, 8.44433525344e-005, 9.22915787669e-005, 8.01960923127e-005, 0.000115520255349, 0.000192809020518, 0.000156975307618, 0.000102994446934, 0.000117576564662, 0.000113310277811, 8.2562895841e-005, 8.6942629423e-005, 0.000108931504656, 6.30691283732e-005, 7.28313898435e-005, 9.9516051705e-005, 7.94591906015e-005, 3.47947061528e-005, 2.62981484411e-005, 1.59069277288e-005, 2.086083623e-005, 2.9056232961e-005, 2.3859402063e-005, 2.28644967137e-005, 2.29141387535e-005, 2.43984723056e-005, 1.88997291843e-005, 1.35643076646e-005, 7.27225915398e-006, 3.164319196e-006, 3.04538434648e-006, 1.93709502128e-006, 1.37722747695e-006, 1.01118666862e-006, 8.57214274674e-007, 8.24891174034e-007],
        "var": [2.34236131291e-006, 3.52107440449e-006, 2.97311476061e-006, 9.53789580649e-008, 2.31809913487e-008, 1.43916443207e-008, 4.13146956646e-008, 1.90559656943e-008, 3.2094114033e-008, 9.54619281401e-008, 9.54152667987e-008, 1.19650195529e-007, 4.62581546401e-008, 2.96088291662e-008, 2.18586304612e-008, 3.88783369942e-008, 5.61225697027e-008, 3.37345760215e-008, 1.03231103665e-008, 1.38719471465e-008, 1.21879049075e-008, 2.06600581087e-009, 1.93798133097e-009, 2.94368890374e-010, 9.93445881114e-010, 1.74633696393e-009, 8.82784678691e-010, 6.70876465492e-010, 3.40930089715e-010, 7.13198056168e-010, 3.98331478912e-010, 2.66153793449e-010, 5.7065480813e-011, 1.28878479069e-011, 2.74987446008e-011, 1.5510669138e-011, 6.40987480108e-012, 1.73307527183e-012, 1.05278112617e-012, 1.24380247855e-012]
    },
    "mfcc": {
        "mean": [-596.075500488, 87.357711792, -14.2279005051, 32.8771934509, 0.188706889749, 23.4211807251, 7.39762306213, 4.37805128098, 14.7102193832, 5.34836149216, -1.93263506889, -0.783137321472, -0.815234661102],
        "cov": [[1735.7154541, -121.321357727, -366.491943359, -160.939804077, -199.909744263, -38.271484375, -9.71065330505, 30.1494693756, 44.8939590454, 30.173833847, 93.2707901001, 55.8410682678, 64.2241134644], [-121.321357727, 282.318359375, -7.67985773087, 67.3972396851, 27.8325119019, 26.9147548676, 3.7736017704, -8.95881557465, -6.65641450882, -10.2738351822, 4.55705547333, 11.9166440964, -9.2684469223], [-366.491943359, -7.67985773087, 385.376831055, 10.7017917633, 87.9286422729, -7.08339500427, 26.2965965271, 24.1618404388, -22.8995494843, 17.1830596924, -34.3423500061, -33.1725082397, -6.45538520813], [-160.939804077, 67.3972396851, 10.7017917633, 253.293426514, 33.9098358154, 51.3399276733, 16.1566429138, -9.83207798004, 26.8853816986, -6.70806407928, -24.8043804169, -17.4647483826, -11.5334892273], [-199.909744263, 27.8325119019, 87.9286422729, 33.9098358154, 116.367507935, 26.3670139313, 3.71670198441, -3.81673884392, -8.14634609222, 8.54752826691, -6.38348770142, -3.7716884613, -16.6740093231], [-38.271484375, 26.9147548676, -7.08339500427, 51.3399276733, 26.3670139313, 106.458717346, 50.6306343079, 15.6725473404, 11.3370399475, -0.721073269844, -1.91891288757, -5.62113237381, 8.73717403412], [-9.71065330505, 3.7736017704, 26.2965965271, 16.1566429138, 3.71670198441, 50.6306343079, 91.6513977051, 43.0207214355, 15.402012825, 5.03796720505, -1.18183028698, -7.54764652252, 12.164431572], [30.1494693756, -8.95881557465, 24.1618404388, -9.83207798004, -3.81673884392, 15.6725473404, 43.0207214355, 72.6862716675, 26.5029125214, 8.830742836, 5.93806791306, -8.2836151123, 5.15163135529], [44.8939590454, -6.65641450882, -22.8995494843, 26.8853816986, -8.14634609222, 11.3370399475, 15.402012825, 26.5029125214, 69.8951263428, 24.1069946289, 7.51983547211, -1.79775905609, 1.35286009312], [30.173833847, -10.2738351822, 17.1830596924, -6.70806407928, 8.54752826691, -0.721073269844, 5.03796720505, 8.830742836, 24.1069946289, 57.9957580566, 24.4002552032, 1.89836621284, -0.826689004898], [93.2707901001, 4.55705547333, -34.3423500061, -24.8043804169, -6.38348770142, -1.91891288757, -1.18183028698, 5.93806791306, 7.51983547211, 24.4002552032, 75.1659927368, 33.6530532837, -7.07597017288], [55.8410682678, 11.9166440964, -33.1725082397, -17.4647483826, -3.7716884613, -5.62113237381, -7.54764652252, -8.2836151123, -1.79775905609, 1.89836621284, 33.6530532837, 63.7756271362, 16.008020401], [64.2241134644, -9.2684469223, -6.45538520813, -11.5334892273, -16.6740093231, 8.73717403412, 12.164431572, 5.15163135529, 1.35286009312, -0.826689004898, -7.07597017288, 16.008020401, 70.9700698853]],
        "icov": [[0.000920391466934, 0.000222711707465, 0.000660204677843, 0.000263847323367, 0.000847327173688, 3.72151152987e-005, 8.20813365863e-005, -0.000402572011808, -2.27599821301e-006, -0.000433223496657, -0.000594713550527, 4.77726607642e-005, -0.000566316826735], [0.000222711707465, 0.00405027298257, 0.000316386227496, -0.000954362214543, -0.000435136724263, -0.000504287600052, 3.81753488909e-005, -0.000152500506374, 0.000663868326228, 0.000436380767496, -0.000477865571156, -0.00095809600316, 0.000326360866893], [0.000660204677843, 0.000316386227496, 0.00442888773978, -4.76423047076e-005, -0.00241100275889, 0.0018438573461, -0.00125916977413, -0.00194832240231, 0.00220995862037, -0.00226336997002, 0.00114171067253, 0.000993249821477, -0.000775920576416], [0.000263847323367, -0.000954362214543, -4.76423047076e-005, 0.00549971032888, -0.000500695721712, -0.00201613293029, -0.000263734429609, 0.00214105052873, -0.00333718420006, 0.00103902444243, 0.00100768439006, 0.000667880754918, 0.00057193194516], [0.000847327173688, -0.000435136724263, -0.00241100275889, -0.000500695721712, 0.0137902535498, -0.0044690282084, 0.00213322369382, -2.9114037261e-006, 0.00150770810433, -0.00308102951385, 0.00105614995118, -0.00253212545067, 0.00291223148815], [3.72151152987e-005, -0.000504287600052, 0.0018438573461, -0.00201613293029, -0.0044690282084, 0.0161761734635, -0.00897100474685, 0.00119488709606, -0.000503104005475, 0.0013556717895, -0.00162354612257, 0.00214585126378, -0.00247049285099], [8.20813365863e-005, 3.81753488909e-005, -0.00125916977413, -0.000263734429609, 0.00213322369382, -0.00897100474685, 0.021093480289, -0.01024426613, 0.000890446011908, -0.000982160214335, 0.000485957600176, -0.000145595608046, -0.00144004565664], [-0.000402572011808, -0.000152500506374, -0.00194832240231, 0.00214105052873, -2.9114037261e-006, 0.00119488709606, -0.01024426613, 0.0242999363691, -0.00903001893312, 0.003368598409, -0.0036456163507, 0.00373102910817, -0.000634360942058], [-2.27599821301e-006, 0.000663868326228, 0.00220995862037, -0.00333718420006, 0.00150770810433, -0.000503104005475, 0.000890446011908, -0.00903001893312, 0.0231584068388, -0.0104757966474, 0.00250371545553, -0.00143540848512, 0.000676379771903], [-0.000433223496657, 0.000436380767496, -0.00226336997002, 0.00103902444243, -0.00308102951385, 0.0013556717895, -0.000982160214335, 0.003368598409, -0.0104757966474, 0.0270865596831, -0.0107944319025, 0.00481051346287, -0.00220102677122], [-0.000594713550527, -0.000477865571156, 0.00114171067253, 0.00100768439006, 0.00105614995118, -0.00162354612257, 0.000485957600176, -0.0036456163507, 0.00250371545553, -0.0107944319025, 0.0252860393375, -0.013675971888, 0.00680513354018], [4.77726607642e-005, -0.00095809600316, 0.000993249821477, 0.000667880754918, -0.00253212545067, 0.00214585126378, -0.000145595608046, 0.00373102910817, -0.00143540848512, 0.00481051346287, -0.013675971888, 0.0261265411973, -0.0082476856187], [-0.000566316826735, 0.000326360866893, -0.000775920576416, 0.00057193194516, 0.00291223148815, -0.00247049285099, -0.00144004565664, -0.000634360942058, 0.000676379771903, -0.00220102677122, 0.00680513354018, -0.0082476856187, 0.0184494685382]]
    },
    "spectral_contrast_coeffs": {
        "mean": [-0.658825099468, -0.776329934597, -0.771431267262, -0.770251452923, -0.778422772884, -0.687538385391],
        "var": [0.00485977111384, 0.00323967100121, 0.00281697046012, 0.00229482678697, 0.00173449411523, 0.00208449549973]
    },
    "spectral_contrast_valleys": {
        "mean": [-7.07716464996, -6.91038894653, -6.92735290527, -7.03440093994, -6.86574697495, -9.72184944153],
        "var": [0.448754787445, 0.469840407372, 0.566575407982, 0.523057162762, 0.46157476306, 0.483323216438]
    }
},
"metadata": {
    "audio_properties": {
        "analysis_sample_rate": 44100,
        "bit_rate": 128074,
        "equal_loudness": 0,
        "length": 45.0612258911,
        "lossless": 0,
        "replay_gain": -5.92789077759,
        "sample_rate": 44100,
        "codec": "mp3",
        "downmix": "mix",
        "md5_encoded": "696bb013c096fad503eb23e2a6368c06"
    },
    "tags": {
        "file_name": "1970.mp3"
    },
    "version": {
        "essentia": "2.1-beta2",
        "essentia_git_sha": "v2.1_beta2",
        "extractor": "music 1.0"
    }
},
"rhythm": {
    "beats_count": 119,
    "beats_loudness": {
        "mean": 0.0288553554565,
        "var": 0.000192610401427
    },
    "bpm": 162.253005981,
    "bpm_histogram_first_peak_bpm": {
        "mean": 161,
        "var": 0
    },
    "bpm_histogram_first_peak_spread": {
        "mean": 0.368932068348,
        "var": 0
    },
    "bpm_histogram_first_peak_weight": {
        "mean": 0.55084747076,
        "var": 0
    },
    "bpm_histogram_second_peak_bpm": {
        "mean": 167,
        "var": 0
    },
    "bpm_histogram_second_peak_spread": {
        "mean": 0,
        "var": 0
    },
    "bpm_histogram_second_peak_weight": {
        "mean": 0.0932203382254,
        "var": 0
    },
    "danceability": 1.12153625488,
    "onset_rate": 2.90584564209,
    "beats_loudness_band_ratio": {
        "mean": [0.368471354246, 0.0509505830705, 0.129334852099, 0.175638139248, 0.156071543694, 0.146148726344],
        "var": [0.0310551710427, 0.00174950901419, 0.00589355127886, 0.0145494621247, 0.00589476618916, 0.00361639959738]
    },
    "beats_position": [0.394739210606, 0.801088392735, 1.18421769142, 1.57895684242, 1.97369611263, 2.36843538284, 2.73995471001, 3.11147379875, 3.48299312592, 3.85451245308, 4.21442174911, 4.57433080673, 4.93424034119, 5.2941493988, 5.67727899551, 6.04879808426, 6.420317173, 6.79183673859, 7.16335582733, 7.53487491608, 7.91800451279, 8.28952407837, 8.67265319824, 9.05578231812, 9.43891143799, 9.82204055786, 10.1935596466, 10.5650787354, 10.9249887466, 11.2965078354, 11.6796369553, 12.0395460129, 12.3994560242, 12.7709751129, 13.1424942017, 13.5256233215, 13.9087524414, 14.2802715302, 14.6517915726, 15.0233106613, 15.3948297501, 15.7663488388, 16.1378688812, 16.50938797, 16.8925170898, 17.2756462097, 17.6471652985, 18.0186843872, 18.390203476, 18.7617225647, 19.1332416534, 19.5047607422, 19.8878898621, 20.2710208893, 20.642539978, 21.0140590668, 21.3855781555, 21.7570972443, 22.128616333, 22.5117454529, 22.8948745728, 23.2780036926, 23.6611328125, 24.0326519012, 24.4157810211, 24.7989120483, 25.1704311371, 25.5419502258, 25.9250793457, 26.3082084656, 26.6797275543, 27.0512466431, 27.4343757629, 27.8175048828, 28.2006340027, 28.5837631226, 28.9552822113, 29.3384113312, 29.7215423584, 30.0930614471, 30.476190567, 30.8593196869, 31.2308387756, 31.6023578644, 31.9738769531, 32.3453979492, 32.7285270691, 33.111656189, 33.4947853088, 33.8663024902, 34.2378234863, 34.6209526062, 34.9924697876, 35.3755989075, 35.7587280273, 36.1418571472, 36.5249862671, 36.8965072632, 37.2680282593, 37.6279373169, 37.9878463745, 38.3477554321, 38.7192726135, 39.0791816711, 39.4507026672, 39.8222198486, 40.1937408447, 40.5652618408, 40.9367790222, 41.3083000183, 41.6798171997, 42.0513381958, 42.4228553772, 42.7943763733, 43.1658935547, 43.5374145508, 43.9089317322, 44.2804527283, 44.6519737244]
},
"tonal": {
    "chords_changes_rate": 0.0874485597014,
    "chords_number_rate": 0.0133744860068,
    "chords_strength": {
        "mean": 0.452253133059,
        "var": 0.00965226627886
    },
    "hpcp_entropy": {
        "mean": 2.30228734016,
        "var": 0.675860524178
    },
    "key_strength": 0.599389612675,
    "tuning_diatonic_strength": 0.484577894211,
    "tuning_equal_tempered_deviation": 0.257527858019,
    "tuning_frequency": 434.193115234,
    "tuning_nontempered_energy_ratio": 0.918732821941,
    "hpcp": {
        "mean": [0.162073850632, 0.170002534986, 0.121460407972, 0.0953694954515, 0.096841596067, 0.105826832354, 0.190411567688, 0.256374627352, 0.236738160253, 0.262069553137, 0.241492331028, 0.156279712915, 0.15889005363, 0.19136287272, 0.195775359869, 0.240209132433, 0.246853992343, 0.173231214285, 0.135946884751, 0.120713196695, 0.140835493803, 0.287548482418, 0.355584293604, 0.267299711704, 0.195415824652, 0.121206074953, 0.0798779129982, 0.123122371733, 0.151692867279, 0.129413515329, 0.159956365824, 0.186052381992, 0.136613637209, 0.104663528502, 0.10421333462, 0.119928605855],
        "var": [0.048745431006, 0.055653013289, 0.030704157427, 0.0225080717355, 0.0246963184327, 0.029629599303, 0.0502388328314, 0.0798037797213, 0.0629904866219, 0.0947830975056, 0.089829094708, 0.0355809442699, 0.0326403416693, 0.0499364212155, 0.0516974180937, 0.0809594765306, 0.0870677381754, 0.0566050447524, 0.0409405082464, 0.0369657538831, 0.0440701059997, 0.106197334826, 0.139207407832, 0.0818142965436, 0.0696405619383, 0.0297868400812, 0.0176222864538, 0.0270544309169, 0.0384187959135, 0.0258039087057, 0.0460834652185, 0.0684057995677, 0.0335772335529, 0.0241858549416, 0.0256610065699, 0.0340069942176]
    },
    "chords_histogram": [1.02880656719, 0, 0, 0, 0.617283940315, 0, 0, 1.95473253727, 0, 6.48148155212, 0, 0, 0, 3.29218101501, 1.33744859695, 2.77777767181, 16.1522636414, 23.2510280609, 8.64197540283, 3.90946507454, 1.02880656719, 0.720164597034, 15.5349798203, 13.271604538],
    "thpcp": [1, 0.751719653606, 0.549562573433, 0.340864539146, 0.224638476968, 0.346253693104, 0.426601707935, 0.36394611001, 0.449840933084, 0.523230016232, 0.384194791317, 0.294342368841, 0.293076306581, 0.33727195859, 0.45579585433, 0.478093475103, 0.341579794884, 0.268205016851, 0.272344976664, 0.297613918781, 0.53548926115, 0.720995366573, 0.665772259235, 0.73701107502, 0.679142296314, 0.439501166344, 0.446842163801, 0.538164556026, 0.550573706627, 0.675533592701, 0.694220721722, 0.48717340827, 0.382319718599, 0.339478433132, 0.39606782794, 0.808664739132],
    "chords_key": "E",
    "chords_scale": "minor",
    "key_key": "E",
    "key_scale": "major"
}
}