{
"lowlevel": {
    "average_loudness": 0.980708479881,
    "barkbands_crest": {
        "mean": 7.91621589661,
        "var": 8.4256811142
    },
    "barkbands_flatness_db": {
        "mean": 0.10859566927,
        "var": 0.000712056469638
    },
    "barkbands_kurtosis": {
        "mean": 1.84793531895,
        "var": 5.21458721161
    },
    "barkbands_skewness": {
        "mean": 1.30141925812,
        "var": 0.344194740057
    },
    "barkbands_spread": {
        "mean": 26.6054344177,
        "var": 63.5586051941
    },
    "dissonance": {
        "mean": 0.471232712269,
        "var": 0.000384554790799
    },
    "dynamic_complexity": 1.18661439419,
    "erbbands_crest": {
        "mean": 8.0372838974,
        "var": 13.8184747696
    },
    "erbbands_flatness_db": {
        "mean": 0.137983545661,
        "var": 0.000559874577448
    },
    "erbbands_kurtosis": {
        "mean": -0.00856549851596,
        "var": 1.90422260761
    },
    "erbbands_skewness": {
        "mean": 0.438305497169,
        "var": 0.263558298349
    },
    "erbbands_spread": {
        "mean": 42.4585380554,
        "var": 153.886398315
    },
    "hfc": {
        "mean": 29.5286808014,
        "var": 119.763130188
    },
    "melbands_crest": {
        "mean": 10.9545669556,
        "var": 12.3981552124
    },
    "melbands_flatness_db": {
        "mean": 0.160670980811,
        "var": 0.00103067234159
    },
    "melbands_kurtosis": {
        "mean": 8.13184928894,
        "var": 39.5439033508
    },
    "melbands_skewness": {
        "mean": 2.21541547775,
        "var": 0.718260884285
    },
    "melbands_spread": {
        "mean": 26.1472854614,
        "var": 88.5709838867
    },
    "pitch_salience": {
        "mean": 0.603705525398,
        "var": 0.00848228298128
    },
    "silence_rate_20dB": {
        "mean": 1,
        "var": 0
    },
    "silence_rate_30dB": {
        "mean": 1,
        "var": 0
    },
    "silence_rate_60dB": {
        "mean": 0.00154479919001,
        "var": 0.00154241069686
    },
    "spectral_centroid": {
        "mean": 1490.0847168,
        "var": 150387.265625
    },
    "spectral_complexity": {
        "mean": 28.8388252258,
        "var": 78.2236938477
    },
    "spectral_decrease": {
        "mean": -8.40597991214e-009,
        "var": 7.18335968932e-018
    },
    "spectral_energy": {
        "mean": 0.0344044975936,
        "var": 0.000116787086881
    },
    "spectral_energyband_high": {
        "mean": 0.00102611200418,
        "var": 2.14270912124e-007
    },
    "spectral_energyband_low": {
        "mean": 0.00769522925839,
        "var": 2.08440560527e-005
    },
    "spectral_energyband_middle_high": {
        "mean": 0.00862956419587,
        "var": 3.92483125324e-005
    },
    "spectral_energyband_middle_low": {
        "mean": 0.0177950263023,
        "var": 7.90484482422e-005
    },
    "spectral_entropy": {
        "mean": 7.72229099274,
        "var": 0.0414623878896
    },
    "spectral_flux": {
        "mean": 0.0991864874959,
        "var": 0.000581824453548
    },
    "spectral_kurtosis": {
        "mean": 3.7289853096,
        "var": 0.939128220081
    },
    "spectral_rms": {
        "mean": 0.00572075508535,
        "var": 8.38297637529e-007
    },
    "spectral_rolloff": {
        "mean": 1436.86901855,
        "var": 669484.1875
    },
    "spectral_skewness": {
        "mean": 1.54716968536,
        "var": 0.0433738939464
    },
    "spectral_spread": {
        "mean": 4979112,
        "var": 1.63238536806e+012
    },
    "spectral_strongpeak": {
        "mean": 1.25340807438,
        "var": 1.95199799538
    },
    "zerocrossingrate": {
        "mean": 0.0739396587014,
        "var": 0.000342897430528
    },
    "barkbands": {
        "mean": [0.000517117383424, 0.00472560571507, 0.00177808164153, 0.00145489524584, 0.00525596830994, 0.00379164074548, 0.00316209346056, 0.00214645708911, 0.00185081281234, 0.00116803683341, 0.00211665895768, 0.000827775686048, 0.000779059308115, 0.000764733587857, 0.000428855622886, 0.00043690361781, 0.000486570905196, 0.000713925284799, 0.000751800951548, 0.000369026412955, 0.000206519485801, 0.000117417148431, 0.000100029610621, 6.51841182844e-005, 0.000370035995729, 1.9226283257e-005, 4.85665054839e-008],
        "var": [4.03207366162e-007, 1.29467871375e-005, 3.3713324683e-006, 3.00398073705e-006, 1.53946057253e-005, 1.82864296221e-005, 2.61139703071e-005, 8.36902108858e-006, 7.74588625063e-006, 5.16357386005e-006, 1.64942121046e-005, 2.66218921752e-006, 3.56326654583e-006, 1.78107598003e-006, 2.54736676197e-007, 2.29063786605e-007, 2.02898490897e-007, 3.201816412e-007, 2.05206845294e-007, 6.95803947792e-008, 2.60126853391e-008, 8.33328872574e-009, 4.65989868914e-009, 4.74578376597e-009, 2.27997780655e-008, 1.60958457673e-009, 3.7682662844e-014]
    },
    "erbbands": {
        "mean": [0.162474945188, 0.953553855419, 1.86676108837, 4.0408782959, 7.36410045624, 17.4942817688, 40.222240448, 25.356754303, 38.7002372742, 44.306968689, 50.8944320679, 46.703742981, 28.3085098267, 68.8450546265, 67.3047103882, 27.5342578888, 33.3561019897, 34.3675804138, 36.2781219482, 21.0842494965, 25.744304657, 27.4661254883, 35.1236076355, 40.9415969849, 32.4358558655, 17.5068950653, 9.65381622314, 7.62882041931, 4.65556430817, 3.38505148888, 2.64706110954, 1.27721142769, 1.6648722887, 6.42468118668, 1.12149858475, 0.116215437651, 0.0377407670021, 0.00333938887343, 9.87735693343e-005, 4.84589581902e-005],
        "var": [0.018761601299, 0.613260924816, 2.70714211464, 15.6348590851, 44.9694747925, 210.303253174, 1818.7800293, 1059.52331543, 3451.48730469, 4271.16845703, 3788.40307617, 5276.68261719, 1380.78881836, 13080.40625, 10601.8632813, 1658.07971191, 6676.73925781, 4239.24267578, 3043.76513672, 471.44708252, 707.731689453, 578.444763184, 718.51361084, 650.814331055, 368.292480469, 149.688049316, 64.7249221802, 33.1805686951, 13.1700744629, 5.74469280243, 3.38104057312, 1.69700264931, 1.53908538818, 6.93423032761, 0.349377095699, 0.0300058275461, 0.00700505916029, 6.34815223748e-005, 2.13314645947e-008, 2.35186953246e-010]
    },
    "gfcc": {
        "mean": [53.9932365417, 89.8223114014, -118.391998291, 36.8347473145, -66.5921325684, 13.3859786987, -45.334651947, 25.7182846069, -33.9912872314, 6.60876750946, -8.99062156677, 0.201820939779, -2.19135165215],
        "cov": [[1486.59814453, -30.7460441589, -196.088317871, -36.5965652466, -10.9171962738, 10.7494363785, -55.4774284363, -21.4579906464, 19.8077869415, 41.60754776, -70.1301422119, 2.70541477203, -35.9649085999], [-30.7460441589, 168.77180481, 19.6892471313, -7.04048585892, -8.52913951874, -2.69576907158, 9.46033096313, 7.04915809631, -1.97841072083, -29.9952545166, 27.6949043274, -8.75506687164, 28.9906902313], [-196.088317871, 19.6892471313, 193.881332397, 46.8493728638, -6.86857843399, -17.5098972321, 16.2138442993, 37.0979690552, -17.1195392609, -10.2059164047, -7.57393980026, -2.06371760368, -6.44359540939], [-36.5965652466, -7.04048585892, 46.8493728638, 153.384338379, 10.6581735611, -10.0126447678, 3.21908855438, -2.1034052372, 18.3438186646, -3.55050492287, -8.70259475708, -14.0113935471, 12.3471460342], [-10.9171962738, -8.52913951874, -6.86857843399, 10.6581735611, 100.078338623, 38.3633155823, -10.2138719559, -8.3192949295, -10.9904384613, 8.33148002625, -2.54386878014, 1.90196526051, -1.72815740108], [10.7494363785, -2.69576907158, -17.5098972321, -10.0126447678, 38.3633155823, 89.0984191895, 28.6341552734, -7.59962129593, -8.8270406723, -5.54914665222, 11.3401880264, -0.0976120755076, -1.48176801205], [-55.4774284363, 9.46033096313, 16.2138442993, 3.21908855438, -10.2138719559, 28.6341552734, 84.0346450806, 37.3650054932, -5.5574259758, -11.7105741501, -0.37837216258, 6.8807682991, -2.38690662384], [-21.4579906464, 7.04915809631, 37.0979690552, -2.1034052372, -8.3192949295, -7.59962129593, 37.3650054932, 80.9276885986, 9.25644874573, -7.45160245895, -2.19622564316, -0.110776498914, 1.73501908779], [19.8077869415, -1.97841072083, -17.1195392609, 18.3438186646, -10.9904384613, -8.8270406723, -5.5574259758, 9.25644874573, 71.2252349854, 24.810333252, -2.61188483238, -3.8457274437, -4.67562580109], [41.60754776, -29.9952545166, -10.2059164047, -3.55050492287, 8.33148002625, -5.54914665222, -11.7105741501, -7.45160245895, 24.810333252, 59.5810394287, 13.6330356598, 1.3870215416, -7.00617456436], [-70.1301422119, 27.6949043274, -7.57393980026, -8.70259475708, -2.54386878014, 11.3401880264, -0.37837216258, -2.19622564316, -2.61188483238, 13.6330356598, 69.6640777588, 22.3735141754, 12.3760051727], [2.70541477203, -8.75506687164, -2.06371760368, -14.0113935471, 1.90196526051, -0.0976120755076, 6.8807682991, -0.110776498914, -3.8457274437, 1.3870215416, 22.3735141754, 50.5022468567, 13.0223112106], [-35.9649085999, 28.9906902313, -6.44359540939, 12.3471460342, -1.72815740108, -1.48176801205, -2.38690662384, 1.73501908779, -4.67562580109, -7.00617456436, 12.3760051727, 13.0223112106, 56.154510498]],
        "icov": [[0.0012593154097, -0.0017020375235, 0.00203807000071, -0.00132769148331, 0.00190428190399, -0.00224568834528, 0.00269783334807, -0.00222720834427, 0.0021398672834, -0.00310576637276, 0.00366468238644, -0.00300619518384, 0.0020740327891], [-0.0017020375235, 0.0129969520494, -0.00520749250427, 0.00529762730002, -0.00578034296632, 0.00734578026459, -0.00802657566965, 0.00673303147778, -0.00821414403617, 0.0129943843931, -0.0131571218371, 0.0121270231903, -0.00907085835934], [0.00203807000071, -0.00520749250427, 0.0108423447236, -0.00589209701866, 0.00479610497132, -0.00437334086746, 0.00626477552578, -0.00853442866355, 0.00826314371079, -0.00783079210669, 0.00838584266603, -0.00788586586714, 0.00678719300777], [-0.00132769148331, 0.00529762730002, -0.00589209701866, 0.0117152975872, -0.00627511786297, 0.00675610546023, -0.00761437835172, 0.00746220164001, -0.00882382132113, 0.00848750490695, -0.0074972435832, 0.00969870667905, -0.00767898838967], [0.00190428190399, -0.00578034296632, 0.00479610497132, -0.00627511786297, 0.019595073536, -0.0145544363186, 0.0124283181503, -0.00855193473399, 0.00997075717896, -0.0124244624749, 0.0120486486703, -0.0109940953553, 0.00631958991289], [-0.00224568834528, 0.00734578026459, -0.00437334086746, 0.00675610546023, -0.0145544363186, 0.0266114193946, -0.018150690943, 0.0123432064429, -0.008933538571, 0.0135568492115, -0.0155815556645, 0.0138294622302, -0.00694203097373], [0.00269783334807, -0.00802657566965, 0.00626477552578, -0.00761437835172, 0.0124283181503, -0.018150690943, 0.0302638374269, -0.0182451233268, 0.0112549457699, -0.0115663101897, 0.0146719692275, -0.0159575995058, 0.00997952185571], [-0.00222720834427, 0.00673303147778, -0.00853442866355, 0.00746220164001, -0.00855193473399, 0.0123432064429, -0.0182451233268, 0.0264735296369, -0.0125688221306, 0.0126160504296, -0.011761829257, 0.0120560666546, -0.0087296096608], [0.0021398672834, -0.00821414403617, 0.00826314371079, -0.00882382132113, 0.00997075717896, -0.008933538571, 0.0112549457699, -0.0125688221306, 0.0277535486966, -0.0196936521679, 0.0136363785714, -0.0112854195759, 0.00890291575342], [-0.00310576637276, 0.0129943843931, -0.00783079210669, 0.00848750490695, -0.0124244624749, 0.0135568492115, -0.0115663101897, 0.0126160504296, -0.0196936521679, 0.0390169732273, -0.0225172769278, 0.0159892495722, -0.00788562186062], [0.00366468238644, -0.0131571218371, 0.00838584266603, -0.0074972435832, 0.0120486486703, -0.0155815556645, 0.0146719692275, -0.011761829257, 0.0136363785714, -0.0225172769278, 0.0369443409145, -0.023586826399, 0.00835071224719], [-0.00300619518384, 0.0121270231903, -0.00788586586714, 0.00969870667905, -0.0109940953553, 0.0138294622302, -0.0159575995058, 0.0120560666546, -0.0112854195759, 0.0159892495722, -0.023586826399, 0.0401732511818, -0.0153104010969], [0.0020740327891, -0.00907085835934, 0.00678719300777, -0.00767898838967, 0.00631958991289, -0.00694203097373, 0.00997952185571, -0.0087296096608, 0.00890291575342, -0.00788562186062, 0.00835071224719, -0.0153104010969, 0.0284593049437]]
    },
    "melbands": {
        "mean": [0.00140434212517, 0.00110661366489, 0.000752316555008, 0.000863836903591, 0.00130702962633, 0.000595187360886, 0.000619079452008, 0.000482324918266, 0.000408997468185, 0.000271048076684, 0.000136454342282, 0.000274211663054, 0.00027904502349, 0.000105123326648, 5.4517393437e-005, 8.30888093333e-005, 5.9805206547e-005, 6.64154285914e-005, 2.92755903502e-005, 2.81528919004e-005, 2.98743580061e-005, 2.73092300631e-005, 3.01213349303e-005, 3.42406165146e-005, 3.29181166308e-005, 3.08378403133e-005, 1.61846874107e-005, 1.01248597275e-005, 6.22115794613e-006, 5.0875105444e-006, 4.08262258134e-006, 2.72444799521e-006, 1.90364221453e-006, 2.01236412067e-006, 1.88982903637e-006, 7.33353033411e-007, 7.92922151049e-007, 8.25230529244e-007, 2.28169687944e-006, 6.97489122103e-006],
        "var": [1.15753732643e-006, 6.59645422729e-007, 4.86115936837e-007, 5.44049612472e-007, 1.56488817993e-006, 5.40582277608e-007, 9.35136142743e-007, 4.28906645311e-007, 2.4631958695e-007, 1.87410734043e-007, 3.94829164918e-008, 2.16397808117e-007, 2.3414838779e-007, 4.4262616683e-008, 1.9252929917e-008, 3.83497571477e-008, 1.26883756835e-008, 1.35766189402e-008, 1.18981247077e-009, 1.20691723282e-009, 9.76015934739e-010, 6.85085654872e-010, 6.79879652576e-010, 7.6755152234e-010, 4.70481653636e-010, 4.11637363085e-010, 1.28580007752e-010, 6.17839460149e-011, 3.16258581823e-011, 2.01371957304e-011, 1.03443564478e-011, 5.42326513558e-012, 2.87631377049e-012, 2.3457841572e-012, 1.89272902906e-012, 6.31040684117e-013, 8.62448404793e-013, 9.59351196574e-013, 2.14382786697e-012, 8.5701194405e-012]
    },
    "mfcc": {
        "mean": [-585.81048584, 114.934616089, 3.36891484261, 23.3157463074, 5.6984796524, -14.5958194733, 9.82703495026, -2.36294388771, 2.43061804771, -6.20078277588, 8.90852642059, -10.4216861725, 7.40885210037],
        "cov": [[1007.73895264, -57.5347251892, -169.858474731, -68.6364517212, -2.25371575356, 59.7035560608, -93.4962310791, -35.8145370483, 10.1822977066, 50.7471504211, -47.3514938354, 65.2000579834, -82.4978485107], [-57.5347251892, 188.771636963, 15.1086044312, -23.4239387512, -1.84392273426, -37.1649932861, 22.0790500641, 8.99225330353, 1.43891477585, -28.8214454651, 20.0284881592, -36.3531265259, 33.5882530212], [-169.858474731, 15.1086044312, 166.384078979, 52.3540916443, -18.3759174347, -26.9177188873, 17.6956748962, 19.3620319366, 6.37367391586, 0.255605399609, 1.91428291798, -2.65570950508, 15.8894863129], [-68.6364517212, -23.4239387512, 52.3540916443, 132.241287231, 9.3659954071, -9.47391319275, -0.0628791451454, 1.22148263454, 17.3296890259, -3.37034249306, 7.92991924286, -9.43698310852, 8.86200523376], [-2.25371575356, -1.84392273426, -18.3759174347, 9.3659954071, 99.31199646, 26.0743293762, 0.0967773869634, -12.1923027039, -12.173871994, 9.14339733124, -4.64019346237, -10.1847372055, -7.97821617126], [59.7035560608, -37.1649932861, -26.9177188873, -9.47391319275, 26.0743293762, 93.0024490356, 3.91633582115, -9.82981204987, -8.940076828, 13.7572984695, -7.47260093689, 2.27106976509, -8.38267803192], [-93.4962310791, 22.0790500641, 17.6956748962, -0.0628791451454, 0.0967773869634, 3.91633582115, 92.7311019897, 27.7720298767, 5.8818321228, -14.0159358978, 2.67115473747, -15.1375627518, 22.708322525], [-35.8145370483, 8.99225330353, 19.3620319366, 1.22148263454, -12.1923027039, -9.82981204987, 27.7720298767, 77.4600372314, 19.823846817, 1.24388492107, -6.5137424469, -2.69854521751, 7.85558366776], [10.1822977066, 1.43891477585, 6.37367391586, 17.3296890259, -12.173871994, -8.940076828, 5.8818321228, 19.823846817, 63.9164619446, 13.662774086, -1.13340568542, -3.73745179176, -4.97269201279], [50.7471504211, -28.8214454651, 0.255605399609, -3.37034249306, 9.14339733124, 13.7572984695, -14.0159358978, 1.24388492107, 13.662774086, 68.1773071289, 6.2946228981, 7.7199640274, -17.4316711426], [-47.3514938354, 20.0284881592, 1.91428291798, 7.92991924286, -4.64019346237, -7.47260093689, 2.67115473747, -6.5137424469, -1.13340568542, 6.2946228981, 58.972568512, 1.46125841141, 15.1438760757], [65.2000579834, -36.3531265259, -2.65570950508, -9.43698310852, -10.1847372055, 2.27106976509, -15.1375627518, -2.69854521751, -3.73745179176, 7.7199640274, 1.46125841141, 78.8585357666, 0.192750766873], [-82.4978485107, 33.5882530212, 15.8894863129, 8.86200523376, -7.97821617126, -8.38267803192, 22.708322525, 7.85558366776, -4.97269201279, -17.4316711426, 15.1438760757, 0.192750766873, 77.9281845093]],
        "icov": [[0.00157922063954, -0.000551325443666, 0.00144015718251, -0.000150021573063, 0.000564888585359, -0.000689515320119, 0.000849968462717, 0.000185844444786, -0.000257045845501, -0.000884645676706, 0.00125777930953, -0.00121804513037, 0.000894414610229], [-0.000551325443666, 0.00824181642383, -0.00150459050201, 0.00297031458467, -0.00157184386626, 0.00278686359525, -0.000346620305208, -0.00023405867978, -0.00124328024685, 0.00303064309992, -0.00312197534367, 0.00391107331961, -0.00270793912932], [0.00144015718251, -0.00150459050201, 0.00922162365168, -0.0037707509473, 0.00210084533319, 0.000886413268745, -0.000626393652055, -0.000927241984755, 0.00132773863152, -0.00271260878071, 0.00234883069061, -0.00164704094641, 0.000333641510224], [-0.000150021573063, 0.00297031458467, -0.0037707509473, 0.0107232630253, -0.00254843267612, 0.000859041465446, 0.00110361666884, 0.000641360937152, -0.00385038577951, 0.00264368928038, -0.00251392344944, 0.00213874992914, -0.00161550589837], [0.000564888585359, -0.00157184386626, 0.00210084533319, -0.00254843267612, 0.012496240437, -0.00302749616094, -0.000581802276429, 0.00112058455124, 0.0028854648117, -0.00292939296924, 0.00203691469505, 0.000584554567467, 0.00127878505737], [-0.000689515320119, 0.00278686359525, 0.000886413268745, 0.000859041465446, -0.00302749616094, 0.0140905864537, -0.00249222200364, 0.00116896047257, 0.00139582529664, -0.0019011272816, 0.000566685223021, 0.000996086630039, -0.000844179419801], [0.000849968462717, -0.000346620305208, -0.000626393652055, 0.00110361666884, -0.000581802276429, -0.00249222200364, 0.0146574033424, -0.00449906708673, -0.00141433684621, 0.00245502591133, -0.000528184813447, 0.00161333789583, -0.0025363068562], [0.000185844444786, -0.00023405867978, -0.000927241984755, 0.000641360937152, 0.00112058455124, 0.00116896047257, -0.00449906708673, 0.0165749248117, -0.00420670909807, -0.00137355574407, 0.00273007550277, -0.000514923944138, -0.000810539000668], [-0.000257045845501, -0.00124328024685, 0.00132773863152, -0.00385038577951, 0.0028854648117, 0.00139582529664, -0.00141433684621, -0.00420670909807, 0.0200984310359, -0.0052100433968, 0.00121296476573, 0.000576567370445, 0.00159258604981], [-0.000884645676706, 0.00303064309992, -0.00271260878071, 0.00264368928038, -0.00292939296924, -0.0019011272816, 0.00245502591133, -0.00137355574407, -0.0052100433968, 0.0201307050884, -0.00555780390278, 0.000334228912834, 0.00217812159099], [0.00125777930953, -0.00312197534367, 0.00234883069061, -0.00251392344944, 0.00203691469505, 0.000566685223021, -0.000528184813447, 0.00273007550277, 0.00121296476573, -0.00555780390278, 0.0211986880749, -0.00224685412832, -0.00264751096256], [-0.00121804513037, 0.00391107331961, -0.00164704094641, 0.00213874992914, 0.000584554567467, 0.000996086630039, 0.00161333789583, -0.000514923944138, 0.000576567370445, 0.000334228912834, -0.00224685412832, 0.0160730015486, -0.00262538576499], [0.000894414610229, -0.00270793912932, 0.000333641510224, -0.00161550589837, 0.00127878505737, -0.000844179419801, -0.0025363068562, -0.000810539000668, 0.00159258604981, 0.00217812159099, -0.00264751096256, -0.00262538576499, 0.0170327760279]]
    },
    "spectral_contrast_coeffs": {
        "mean": [-0.649107277393, -0.724983036518, -0.742048382759, -0.786947965622, -0.765430092812, -0.739897251129],
        "var": [0.00397035758942, 0.00453285267577, 0.00447773328051, 0.00239548459649, 0.000953057256993, 0.00100670801476]
    },
    "spectral_contrast_valleys": {
        "mean": [-6.66834354401, -6.01834392548, -6.80273199081, -7.26584815979, -6.89286518097, -9.73129081726],
        "var": [0.338176697493, 0.42577111721, 0.433220893145, 0.464358210564, 0.4022372365, 0.421882629395]
    }
},
"metadata": {
    "audio_properties": {
        "analysis_sample_rate": 44100,
        "bit_rate": 128074,
        "equal_loudness": 0,
        "length": 45.0612258911,
        "lossless": 0,
        "replay_gain": -4.65533828735,
        "sample_rate": 44100,
        "codec": "mp3",
        "downmix": "mix",
        "md5_encoded": "c4874a075ff8d99106319e7bcfcc089f"
    },
    "tags": {
        "file_name": "1973.mp3"
    },
    "version": {
        "essentia": "2.1-beta2",
        "essentia_git_sha": "v2.1_beta2",
        "extractor": "music 1.0"
    }
},
"rhythm": {
    "beats_count": 89,
    "beats_loudness": {
        "mean": 0.0398954451084,
        "var": 0.00014171654766
    },
    "bpm": 122.916664124,
    "bpm_histogram_first_peak_bpm": {
        "mean": 123,
        "var": 0
    },
    "bpm_histogram_first_peak_spread": {
        "mean": 0.557692289352,
        "var": 0
    },
    "bpm_histogram_first_peak_weight": {
        "mean": 0.261363625526,
        "var": 0
    },
    "bpm_histogram_second_peak_bpm": {
        "mean": 117,
        "var": 0
    },
    "bpm_histogram_second_peak_spread": {
        "mean": 0.210526317358,
        "var": 0
    },
    "bpm_histogram_second_peak_weight": {
        "mean": 0.170454546809,
        "var": 0
    },
    "danceability": 1.14322388172,
    "onset_rate": 1.81892621517,
    "beats_loudness_band_ratio": {
        "mean": [0.260650545359, 0.240491658449, 0.235003188252, 0.153729781508, 0.0852417126298, 0.0603197552264],
        "var": [0.0154959475622, 0.014253036119, 0.016008913517, 0.0151925906539, 0.00292204832658, 0.00104797934182]
    },
    "beats_position": [0.49922901392, 1.01006805897, 1.50929701328, 2.02013611794, 2.50775504112, 2.99537420273, 3.48299312592, 3.94739222527, 4.41179132462, 4.88780021667, 5.3754196167, 5.85142850876, 6.33904743195, 6.83827638626, 7.33750534058, 7.83673477173, 8.32435321808, 8.82358264923, 9.31120204926, 9.79882049561, 10.2864398956, 10.774058342, 11.261677742, 11.749297142, 12.2253055573, 12.7013149261, 13.2121543884, 13.722992897, 14.2338323593, 14.7446708679, 15.2322902679, 15.7082986832, 16.1959171295, 16.6719264984, 17.1595458984, 17.6471652985, 18.1347846985, 18.6107940674, 19.0868015289, 19.5512008667, 20.0272102356, 20.5032196045, 21.0024490356, 21.5016784668, 22.0009059906, 22.5465755463, 23.0922451019, 23.6379127502, 24.2416324615, 24.8453502655, 25.3910198212, 25.9366893768, 26.4823570251, 27.0048065186, 27.5388660431, 28.0729255676, 28.6069831848, 29.1294326782, 29.6518821716, 30.1627197266, 30.6735591888, 31.1843986511, 31.6952381134, 32.2060775757, 32.7285270691, 33.2625846863, 33.8082542419, 34.3190917969, 34.8299331665, 35.3175506592, 35.8167800903, 36.3160095215, 36.8036270142, 37.3028564453, 37.8020858765, 38.3129234314, 38.8121528625, 39.3113822937, 39.7989997864, 40.2982292175, 40.8090705872, 41.3083000183, 41.795917511, 42.2835350037, 42.771156311, 43.2471656799, 43.7231750488, 44.1875724792, 44.6635818481]
},
"tonal": {
    "chords_changes_rate": 0.0462962947786,
    "chords_number_rate": 0.00925925932825,
    "chords_strength": {
        "mean": 0.534985184669,
        "var": 0.00939220469445
    },
    "hpcp_entropy": {
        "mean": 2.16454434395,
        "var": 0.579788923264
    },
    "key_strength": 0.700470328331,
    "tuning_diatonic_strength": 0.567801654339,
    "tuning_equal_tempered_deviation": 0.221482247114,
    "tuning_frequency": 434.193115234,
    "tuning_nontempered_energy_ratio": 0.930762469769,
    "hpcp": {
        "mean": [0.318661987782, 0.309489458799, 0.206782072783, 0.152190774679, 0.168157249689, 0.227139204741, 0.258009195328, 0.229266822338, 0.187776401639, 0.150969147682, 0.11872407794, 0.143060579896, 0.2944419384, 0.337411820889, 0.203652799129, 0.202738553286, 0.257017999887, 0.186998471618, 0.117569960654, 0.111705467105, 0.136161521077, 0.221125110984, 0.258024871349, 0.22579318285, 0.208529531956, 0.144900515676, 0.0846113339067, 0.0927594155073, 0.108537986875, 0.100794129074, 0.0924555063248, 0.0824910774827, 0.0834000408649, 0.146336734295, 0.213545873761, 0.250888854265],
        "var": [0.0857491716743, 0.0812565982342, 0.0554301738739, 0.0474324114621, 0.0537184365094, 0.0804321393371, 0.0777916833758, 0.0593657456338, 0.0510629341006, 0.0454141683877, 0.0350730568171, 0.0403577387333, 0.0978052839637, 0.119533345103, 0.0516095459461, 0.0721629187465, 0.106716558337, 0.0641553625464, 0.034505944699, 0.0347859859467, 0.0406777821481, 0.0579955019057, 0.0703152567148, 0.0605720207095, 0.0723588392138, 0.0382262133062, 0.0170698035508, 0.0205831881613, 0.0294711329043, 0.0213144235313, 0.0226741861552, 0.0211143791676, 0.0171200949699, 0.0328869000077, 0.0560958050191, 0.0613959468901]
    },
    "chords_histogram": [51.4403305054, 6.79012346268, 18.0041160583, 0.720164597034, 0, 0, 0, 0, 1.23456788063, 0, 0, 0, 0, 0.617283940315, 5.45267486572, 2.88065838814, 0, 0, 0, 0, 1.33744859695, 1.44032919407, 10.0823049545, 0],
    "thpcp": [1, 0.603573381901, 0.600863814354, 0.761733829975, 0.55421435833, 0.34844648838, 0.331065654755, 0.403546988964, 0.655356764793, 0.764717936516, 0.669191658497, 0.618026733398, 0.429447054863, 0.250765770674, 0.2749145329, 0.321678072214, 0.298727333546, 0.274013847113, 0.244481876493, 0.247175812721, 0.433703631163, 0.63289386034, 0.743568658829, 0.944430410862, 0.917245447636, 0.612847745419, 0.451053470373, 0.498373925686, 0.673180937767, 0.764671504498, 0.679486632347, 0.556519925594, 0.447432905436, 0.351866990328, 0.423993974924, 0.872648537159],
    "chords_key": "A",
    "chords_scale": "major",
    "key_key": "A",
    "key_scale": "major"
}
}